testData/tiles/oneDegree/grid29.0-42.0-30.0-43.0.asc
ncols   200
nrows   200
xllcorner   29.0
yllcorner   42.0
cellsize   0.005
NODATA_value   -9999.0
[rows 129 to 171 of 200, columns 95 to 189 of 200]
275 275 275 275 275 276 276 276 276 276 276 276 276 276 276 276 276 276 276 278 278 278 278 278 278 278 278 278 278 278 278 278 278 278 278 278 278 278 279 279 279 279 278 278 278 278 278 278 278 278 278 278 278 278 278 278 278 278 278 278 278 278 278 278 278 278 278 278 278 278 278 278 278 278 277 277 277 277 277 277 277 277 75 75 75 75 75 75 75 76 76 76 76 76 76
275 275 276 276 276 276 276 276 276 276 276 276 276 276 276 277 277 277 277 277 278 278 278 278 278 278 278 278 278 278 278 278 279 279 279 279 279 279 279 279 279 279 279 279 279 279 279 278 278 278 278 278 278 278 278 278 278 278 278 278 278 278 278 278 278 278 278 278 278 278 278 278 278 278 278 278 278 278 277 277 277 277 75 75 75 75 75 75 75 75 75 76 76 76 76
277 277 277 277 277 277 277 276 276 276 276 277 277 277 277 277 277 277 277 277 277 278 278 278 278 278 278 279 279 279 279 279 279 279 279 279 279 279 279 279 279 279 279 279 279 279 279 279 279 279 279 279 279 279 279 279 279 279 279 279 279 279 279 279 279 279 279 279 279 279 279 279 279 279 279 279 279 279 279 279 279 77 76 76 76 75 75 75 75 75 75 75 76 76 76
277 277 277 277 277 277 277 277 278 278 278 278 278 278 278 278 277 277 277 277 277 277 279 279 279 279 279 279 279 279 279 279 279 279 279 279 279 279 279 279 279 279 280 280 280 280 280 280 280 280 280 280 280 280 280 280 280 279 279 279 279 279 279 279 279 279 279 279 279 279 279 279 279 279 279 279 279 279 279 279 279 77 77 77 77 76 76 76 76 76 76 76 76 76 77
277 277 277 277 277 278 278 278 278 278 278 278 278 278 278 278 278 278 279 279 279 279 279 279 279 279 279 279 279 279 279 279 279 279 279 279 280 280 280 280 280 280 280 280 280 280 280 280 280 280 280 280 280 280 280 280 280 280 280 280 280 279 279 279 279 279 279 279 279 279 279 279 279 279 279 279 279 279 279 279 279 77 77 77 77 77 77 77 77 76 76 76 76 76 76
277 277 278 278 278 278 278 278 278 278 278 278 278 278 279 279 279 279 279 279 279 279 279 279 280 280 280 280 280 280 280 280 280 280 280 280 280 280 280 280 280 280 280 280 280 280 280 280 280 280 280 280 280 280 280 280 280 280 280 280 280 280 280 280 281 281 280 280 280 280 280 280 280 279 279 279 279 279 279 279 279 77 77 77 77 77 77 77 77 77 77 77 76 76 76
278 278 278 278 278 278 278 278 278 278 278 279 279 279 279 279 279 279 279 279 279 279 279 279 279 281 281 281 281 281 281 281 281 281 281 281 280 280 280 280 280 280 280 280 280 280 280 280 281 281 281 281 281 281 281 281 281 281 281 281 281 281 281 281 281 281 281 281 281 281 280 280 280 280 280 280 280 280 280 280 78 78 78 78 78 78 78 78 78 77 77 77 77 77 77
278 278 278 278 278 278 278 279 279 279 279 279 279 279 279 279 279 279 279 279 279 280 280 280 280 280 281 281 281 281 281 281 281 281 281 281 281 281 281 281 282 282 281 281 281 281 281 281 281 281 281 281 281 281 281 281 281 281 281 281 281 281 281 281 281 281 281 281 281 281 281 281 281 281 280 280 280 280 280 280 78 78 78 78 78 78 78 78 78 78 78 78 78 78 78
278 278 278 278 279 279 279 279 279 279 279 279 279 279 279 279 279 280 280 280 280 280 280 280 280 280 280 281 281 281 281 281 281 281 282 282 282 282 282 282 282 282 282 282 282 282 282 281 281 281 281 281 281 281 281 281 281 281 281 281 281 281 281 281 281 281 281 281 281 281 281 281 281 281 281 281 281 280 280 280 78 78 78 78 78 78 78 78 78 78 78 78 78 78 78
279 280 280 280 280 280 280 280 279 279 279 279 279 280 280 280 280 280 280 280 280 280 280 280 280 280 280 280 281 282 282 282 282 282 282 282 282 282 282 282 282 282 282 282 282 282 282 282 282 282 282 282 281 281 281 281 282 282 282 282 282 282 282 282 282 282 282 282 282 282 282 282 282 282 282 282 282 282 282 80 80 78 78 78 78 78 78 78 78 78 78 78 78 78 78
280 280 280 280 280 280 280 280 280 280 281 281 281 281 281 281 280 280 280 280 280 280 280 280 281 281 281 281 281 282 282 282 282 282 282 282 282 282 282 282 282 282 282 282 282 283 283 283 283 283 283 283 283 283 283 283 282 282 282 282 282 282 282 282 282 282 282 282 282 282 282 282 282 282 282 282 282 282 282 80 80 80 80 80 80 79 79 79 79 79 79 79 78 78 78
280 280 280 280 280 280 280 281 281 281 281 281 281 281 281 281 281 281 281 281 282 282 282 281 281 281 281 281 281 281 282 282 282 282 282 282 282 282 283 283 283 283 283 283 283 283 283 283 283 283 283 283 283 283 283 283 283 283 283 283 283 282 282 282 282 282 282 282 282 282 282 282 282 282 282 282 282 282 282 80 80 80 80 80 80 80 80 80 79 79 79 79 79 79 79
280 280 280 280 281 281 281 281 281 281 281 281 281 281 281 281 282 282 282 282 282 282 282 282 282 282 282 282 282 282 281 282 283 283 283 283 283 283 283 283 283 283 283 283 283 283 283 283 283 283 283 283 283 283 283 283 283 283 283 283 283 283 283 283 283 282 282 282 282 282 282 282 282 282 282 282 282 282 282 80 80 80 80 80 80 80 80 80 80 80 80 79 79 79 79
280 281 281 281 281 281 281 281 281 281 281 281 281 282 282 282 282 282 282 282 282 282 282 282 282 282 282 283 283 283 283 283 283 284 284 284 283 283 283 283 283 283 283 283 283 283 283 283 283 283 283 283 284 284 284 284 284 284 284 284 284 284 284 284 284 284 284 284 284 283 283 283 283 283 283 283 283 283 81 81 81 81 81 81 81 80 80 80 80 80 80 80 80 80 80
281 281 281 281 281 281 281 281 281 282 282 282 282 282 282 282 282 282 282 282 282 282 282 283 283 283 283 283 283 283 283 283 283 283 284 284 284 284 284 284 284 283 283 284 284 284 284 284 284 284 284 284 284 284 284 284 284 284 284 284 284 284 284 284 284 284 284 284 284 284 284 284 284 283 283 283 283 283 81 81 81 81 81 81 81 81 81 81 81 81 81 81 81 81 80
281 281 281 281 281 281 282 282 282 282 282 282 282 282 282 282 282 282 282 283 283 283 283 283 283 283 283 283 283 283 283 283 283 283 283 284 285 285 285 285 285 285 285 285 285 285 285 284 284 284 284 284 284 284 284 284 284 284 284 284 284 284 284 284 284 284 284 284 284 284 284 284 284 284 284 284 284 283 81 81 81 81 81 81 81 81 81 81 81 81 81 81 81 81 81
282 282 282 283 283 283 283 283 282 282 282 282 282 282 282 282 283 283 283 283 283 283 283 283 283 283 283 283 283 283 283 284 284 284 284 284 285 285 285 285 285 285 285 285 285 285 285 285 285 285 285 284 284 284 284 284 284 284 284 284 284 284 285 285 285 285 285 285 285 285 285 285 285 285 285 284 284 82 82 82 81 81 81 81 81 81 81 81 81 81 81 81 81 81 81
282 283 283 283 283 283 283 283 283 283 283 283 284 284 284 284 283 283 283 283 283 283 283 283 283 283 284 284 284 284 284 284 284 284 284 284 284 285 285 285 285 285 285 285 285 285 285 285 286 286 286 286 286 286 286 286 285 285 285 285 285 285 285 285 285 285 285 285 285 285 285 285 285 285 285 285 285 83 83 83 83 83 83 83 82 82 82 82 82 81 81 81 81 81 81
283 283 283 283 283 283 283 283 283 284 284 284 284 284 284 284 284 284 284 284 284 284 285 284 284 284 284 284 284 284 284 284 284 284 284 284 284 284 285 285 285 286 286 286 286 286 286 286 286 286 286 286 286 286 286 286 286 286 286 286 285 285 285 285 285 285 285 285 285 285 285 285 285 285 285 285 285 83 83 83 83 83 83 83 83 83 83 82 82 82 82 82 82 82 82
283 283 283 283 283 283 284 284 284 284 284 284 284 284 284 284 284 284 285 285 285 285 285 285 285 285 285 285 285 285 284 284 284 284 284 285 285 285 285 285 286 286 286 286 286 286 286 286 286 286 286 286 286 286 286 286 286 286 286 286 286 286 286 286 285 285 285 285 285 285 285 285 285 285 285 285 285 83 83 83 83 83 83 83 83 83 83 83 83 83 83 82 82 82 82
283 283 283 284 284 284 284 284 284 284 284 284 284 284 284 285 285 285 285 285 285 285 285 285 285 285 285 285 285 285 286 286 286 286 286 286 285 285 285 285 285 286 286 286 286 286 286 286 286 286 286 286 286 286 286 286 287 287 287 287 287 287 287 287 287 287 287 287 286 286 286 286 286 286 286 286 84 84 84 84 84 83 83 83 83 83 83 83 83 83 83 83 83 83 82
284 284 284 284 284 284 284 284 284 284 284 284 285 285 285 285 285 285 285 285 285 285 285 285 285 286 286 286 286 286 286 286 286 286 286 286 286 286 286 286 286 285 286 286 286 287 287 287 287 287 287 287 287 287 287 287 287 287 287 287 287 287 287 287 287 287 287 287 287 287 287 287 286 286 286 286 84 84 84 84 84 84 84 84 84 84 84 84 84 84 84 84 83 83 83
284 284 284 284 284 284 284 284 285 285 285 285 285 285 285 285 285 285 285 285 285 286 286 286 286 286 286 286 286 286 286 286 286 286 286 286 286 286 286 287 287 287 287 288 288 288 287 287 287 287 287 287 287 287 287 287 287 287 287 287 287 287 287 287 287 287 287 287 287 287 287 287 287 287 287 287 84 84 84 84 84 84 84 84 84 84 84 84 84 84 84 84 84 84 84
285 285 285 285 285 285 286 286 285 285 285 285 285 285 285 285 285 285 286 286 286 286 286 286 286 286 286 286 286 286 286 286 286 287 287 287 287 287 287 287 287 287 287 287 287 288 288 288 288 288 288 287 287 287 287 287 287 287 287 287 287 287 287 287 287 287 287 287 287 287 287 287 287 287 287 85 85 85 85 85 84 84 84 84 84 84 84 84 84 84 84 84 84 84 84
285 285 285 286 286 286 286 286 286 286 286 286 286 286 287 287 286 286 286 286 286 286 286 286 286 286 286 286 287 287 287 287 287 287 287 287 287 287 287 287 287 287 287 287 287 287 288 288 288 288 288 288 289 289 289 288 288 288 288 288 288 288 288 288 288 288 288 288 288 288 288 288 288 288 288 86 86 86 86 86 86 86 86 85 85 84 84 84 84 84 84 84 84 84 84
286 286 286 286 286 286 286 286 286 286 286 287 287 287 287 287 287 287 287 287 287 287 287 286 287 287 287 287 287 287 287 287 287 287 287 287 287 287 287 287 287 287 287 288 288 288 288 289 289 289 289 289 289 289 289 289 289 289 289 289 288 288 288 288 288 288 288 288 288 288 288 288 288 288 288 86 86 86 86 86 86 86 86 86 86 86 85 85 85 85 85 85 85 85 84
286 286 286 286 286 286 286 286 287 287 287 287 287 287 287 287 287 287 287 287 288 288 288 288 288 288 288 288 288 288 287 287 287 287 287 287 287 288 288 288 288 288 288 288 288 288 288 288 288 289 289 289 289 289 289 289 289 289 289 289 289 289 289 289 288 288 288 288 288 288 288 288 288 288 86 86 86 86 86 86 86 86 86 86 86 86 86 86 86 86 85 85 85 85 85
286 286 286 286 286 287 287 287 287 287 287 287 287 287 287 287 287 288 288 288 288 288 288 288 288 288 288 288 288 288 288 288 289 289 289 288 288 288 288 288 288 288 288 288 288 288 288 288 288 288 289 289 289 289 289 289 289 289 289 289 289 290 290 290 290 290 290 290 289 289 289 289 289 289 87 87 86 86 86 86 86 86 86 86 86 86 86 86 86 86 86 86 86 85 85
286 286 287 287 287 287 287 287 287 287 287 287 287 287 288 288 288 288 288 288 288 288 288 288 288 288 288 289 289 289 289 289 289 289 289 289 289 289 289 289 289 288 288 288 288 288 288 288 289 289 289 290 290 290 290 290 290 290 290 290 290 290 290 290 290 290 290 290 290 290 290 290 289 289 87 87 87 87 87 87 87 87 87 87 87 87 87 87 87 86 86 86 86 86 86
287 287 287 287 287 287 287 287 287 287 287 288 288 288 288 288 288 288 288 288 288 288 288 289 289 289 289 289 289 289 289 289 289 289 289 289 289 289 289 289 289 290 290 290 290 290 289 289 289 289 289 289 289 290 290 290 290 290 290 290 290 290 290 290 290 290 290 290 290 290 290 290 290 88 88 87 87 87 87 87 87 87 87 87 87 87 87 87 87 87 87 87 87 87 87
288 288 288 288 288 288 288 288 288 288 288 288 288 288 288 288 288 288 288 288 289 289 289 289 289 289 289 289 289 289 289 289 289 289 289 290 290 290 290 290 290 290 290 290 290 290 290 290 290 290 290 289 289 289 290 290 290 290 290 290 290 290 290 290 290 290 290 290 290 290 290 290 290 88 88 88 88 88 88 87 87 87 87 87 87 87 87 87 87 87 87 87 87 87 87
288 288 288 288 288 289 289 289 289 289 289 289 289 289 289 289 289 289 289 289 289 289 289 289 289 289 289 289 289 289 289 290 290 290 290 290 290 290 290 290 290 290 290 290 290 290 290 290 290 290 290 290 290 290 290 290 291 291 291 291 291 291 291 291 291 291 291 291 291 291 291 291 291 89 89 89 89 89 89 89 89 89 87 87 87 87 87 87 87 87 87 87 87 87 87
288 288 289 289 289 289 289 289 289 289 289 289 289 290 290 290 290 290 290 290 290 290 290 289 289 289 290 290 290 290 290 290 290 290 290 290 290 290 290 290 290 290 290 290 290 290 291 291 291 291 291 291 291 291 291 291 291 292 292 291 291 291 291 291 291 291 291 291 291 291 291 291 89 89 89 89 89 89 89 89 89 89 89 89 89 89 88 88 88 88 88 87 87 87 87
289 289 289 289 289 289 289 289 289 289 290 290 290 290 290 290 290 290 290 290 290 290 291 291 291 291 291 291 291 291 290 290 290 290 290 290 290 290 290 291 291 291 291 291 291 291 291 291 291 291 291 291 291 291 291 291 291 291 291 292 292 292 292 291 291 291 291 291 291 291 291 291 89 89 89 89 89 89 89 89 89 89 89 89 89 89 89 89 89 88 88 88 88 88 88
289 289 289 289 289 289 289 290 290 290 290 290 290 290 290 290 290 290 290 291 291 291 291 291 291 291 291 291 291 291 291 291 291 291 292 291 291 291 291 291 291 291 291 291 291 291 291 291 291 291 291 291 291 291 291 291 291 291 291 291 292 292 292 292 292 292 292 291 291 291 291 291 89 89 89 89 89 89 89 89 89 89 89 89 89 89 89 89 89 89 89 89 88 88 88
289 289 289 289 289 290 290 290 290 290 290 290 290 290 290 290 291 291 291 291 291 291 291 291 291 291 291 291 291 292 292 292 292 292 292 292 292 292 292 292 292 291 291 291 291 291 291 291 291 291 291 291 292 292 292 292 292 292 292 292 292 292 293 293 293 293 293 293 293 293 293 90 90 90 90 90 90 90 90 90 90 90 90 90 90 89 89 89 89 89 89 89 89 89 89
289 289 290 290 290 290 290 290 290 290 290 290 290 291 291 291 291 291 291 291 291 291 291 291 291 292 292 292 292 292 292 292 292 292 292 292 292 292 292 292 292 292 292 292 293 292 292 292 292 292 292 292 292 292 292 292 292 292 292 292 292 292 292 292 293 293 293 293 293 293 293 91 91 91 91 90 90 90 90 90 90 90 90 90 90 90 90 90 90 90 90 90 90 89 89
291 291 291 291 291 291 291 291 291 290 291 291 291 291 291 291 291 291 291 291 291 291 292 292 292 292 292 292 292 292 292 292 292 292 292 292 292 292 293 293 293 293 293 293 293 293 293 293 293 293 292 292 292 292 292 292 292 292 292 292 292 292 292 292 292 293 293 293 293 293 293 91 91 91 91 91 91 91 90 90 90 90 90 90 90 90 90 90 90 90 90 90 90 90 90
291 291 291 291 291 291 291 292 292 292 292 292 292 292 292 292 291 291 292 292 292 292 292 292 292 292 292 292 292 292 292 292 292 293 293 293 293 293 293 293 293 293 293 293 293 293 293 293 293 293 293 293 293 293 293 292 292 292 292 292 293 293 293 293 293 293 293 294 294 294 92 92 92 92 92 92 92 91 91 91 91 91 90 90 90 90 90 90 90 90 90 90 90 90 90
291 291 291 291 292 292 292 292 292 292 292 292 292 292 292 293 293 293 293 293 293 293 293 292 292 292 292 292 293 293 293 293 293 293 293 293 293 293 293 293 293 293 293 293 293 293 293 293 293 294 294 294 294 294 294 294 294 294 294 293 293 293 293 293 293 293 293 293 293 294 92 92 92 92 92 92 92 92 92 92 92 92 92 92 92 91 91 91 90 90 90 90 90 90 90
291 291 292 292 292 292 292 292 292 292 292 292 293 293 293 293 293 293 293 293 293 293 293 293 293 294 294 294 294 293 293 293 293 293 293 293 293 293 293 293 293 293 294 294 294 294 294 294 294 294 294 294 294 294 294 294 294 294 294 294 294 294 294 293 293 293 293 293 293 293 92 92 92 92 92 92 92 92 92 92 92 92 92 92 92 92 92 92 91 91 91 91 91 91 91
292 292 292 292 292 292 292 292 292 293 293 293 293 293 293 293 293 293 293 293 293 294 294 294 294 294 294 294 294 294 294 294 294 294 294 293 294 294 294 294 294 294 294 294 294 294 294 294 294 294 294 294 294 294 294 294 294 294 294 294 294 294 294 294 294 294 294 293 293 91 91 91 92 92 92 92 92 92 92 92 92 92 92 92 92 92 92 92 92 92 92 91 91 91 91
292 292 292 292 292 292 292 293 293 293 293 293 293 293 293 293 293 293 294 294 294 294 294 294 294 294 294 294 294 294 294 294 295 295 295 295 295 295 295 295 294 294 294 294 294 294 294 294 294 294 294 294 294 294 294 295 295 295 295 295 295 295 295 295 295 295 295 295 295 93 92 92 92 92 93 93 93 93 93 93 93 93 92 92 92 92 92 92 92 92 92 92 92 92 91
