testData/tiles/oneDegree/grid48.0-14.0-49.0-15.0.asc
ncols   200
nrows   200
xllcorner   48.0
yllcorner   14.0
cellsize   0.005
NODATA_value   -9999.0
[rows 0 to 41 of 200, columns 94 to 187 of 200]
268 269 269 269 269 270 270 270 270 270 271 271 271 271 271 271 272 272 272 272 272 272 273 273 273 273 273 273 273 274 274 274 274 274 274 274 274 274 274 274 274 275 276 276 276 276 276 276 276 276 276 276 276 276 537 537 537 537 537 537 537 537 536 536 536 536 536 536 536 536 536 536 537 537 536 536 536 536 536 536 536 535 535 535 535 535 535 534 534 534 534 534 534 533
269 269 269 269 270 270 270 270 271 271 271 271 271 272 272 272 272 272 272 273 273 273 273 273 273 273 274 274 274 274 274 274 274 274 274 275 275 275 275 275 275 275 275 275 275 275 276 276 276 276 276 276 276 276 536 536 536 536 536 536 537 537 537 537 537 537 537 537 536 536 536 536 536 536 536 536 536 535 535 535 535 535 535 535 534 534 534 534 534 534 533 533 533 533
269 269 270 270 270 270 271 271 271 271 271 272 272 272 272 272 273 273 273 273 273 273 273 274 274 274 274 274 274 274 275 275 275 275 275 275 275 275 275 275 275 275 275 276 276 276 276 276 276 276 276 277 277 277 537 537 537 537 537 537 536 536 536 536 536 536 536 536 537 537 537 537 537 536 536 536 536 536 536 536 535 535 535 535 535 535 535 534 534 534 534 534 533 533
270 270 270 270 270 271 271 271 271 272 272 272 272 272 273 273 273 273 273 273 274 274 274 274 274 274 274 275 275 275 275 275 275 275 275 275 276 276 276 276 276 276 276 276 276 276 276 276 276 276 276 276 276 276 536 536 536 536 537 537 537 537 537 537 537 537 537 536 536 536 536 536 536 536 536 536 535 535 535 535 535 535 536 535 535 535 535 535 535 534 534 534 534 534
270 270 270 271 271 271 271 272 272 272 272 272 273 273 273 273 273 274 274 274 274 274 274 274 275 275 275 275 275 275 275 276 276 276 276 276 276 276 276 276 276 276 276 276 276 277 277 277 277 277 277 277 277 277 537 537 537 537 536 536 536 536 536 536 536 537 537 537 537 537 537 537 536 536 536 536 536 536 536 535 535 535 535 535 535 535 534 534 534 534 534 533 533 533
270 271 271 271 271 271 272 272 272 272 273 273 273 273 273 274 274 274 274 274 274 275 275 275 275 275 275 275 276 276 276 276 276 276 276 276 276 277 277 277 277 277 277 277 277 277 277 277 277 277 277 277 277 277 537 537 537 537 537 537 537 537 537 537 537 537 536 536 536 536 536 536 536 536 536 535 536 536 536 536 536 536 535 535 535 535 535 535 534 534 534 534 534 533
271 271 271 271 272 272 272 272 273 273 273 273 273 274 274 274 274 274 275 275 275 275 275 275 275 276 276 276 276 276 276 276 276 277 277 277 277 277 277 277 277 277 277 277 277 277 277 277 277 277 278 278 278 277 537 537 537 537 537 537 537 537 537 537 537 537 537 537 537 537 536 536 536 536 536 536 536 536 535 535 535 535 535 535 535 534 534 534 534 534 533 533 533 533
271 271 272 272 272 272 272 273 273 273 273 274 274 274 274 274 275 275 275 275 275 275 276 276 276 276 276 276 276 277 277 277 277 277 277 277 277 277 277 278 278 278 278 278 278 278 278 278 278 278 278 278 278 278 538 538 538 538 538 538 538 538 538 538 537 537 537 537 537 537 537 537 537 537 536 536 536 536 536 536 536 535 535 535 535 535 535 534 534 534 534 534 533 533
271 272 272 272 272 273 273 273 273 274 274 274 274 274 275 275 275 275 275 276 276 276 276 276 276 276 277 277 277 277 277 277 277 277 278 278 278 278 278 278 278 278 278 278 278 278 278 278 278 278 278 278 278 278 538 538 538 538 538 538 538 538 538 538 538 538 538 538 538 537 537 537 537 537 537 537 537 536 536 536 536 536 536 536 535 535 535 535 535 534 534 534 534 534
272 272 272 273 273 273 273 273 274 274 274 274 275 275 275 275 275 276 276 276 276 276 276 277 277 277 277 277 277 277 278 278 278 278 278 278 278 278 278 278 278 279 279 279 279 279 279 279 279 279 279 279 279 279 539 539 539 539 539 539 539 539 538 538 538 538 538 538 538 538 538 538 538 537 537 537 537 537 537 537 536 536 536 536 536 536 535 535 535 535 535 534 534 534
272 272 273 273 273 273 274 274 274 274 275 275 275 275 275 276 276 276 276 276 277 277 277 277 277 277 277 278 278 278 278 278 278 278 278 279 279 279 279 279 279 279 279 279 279 279 279 279 279 279 279 279 279 279 539 539 539 539 539 539 539 539 539 539 539 539 539 539 538 538 538 538 538 538 538 538 537 537 537 537 537 537 537 536 536 536 536 536 535 535 535 535 535 534
273 273 273 273 274 274 274 274 274 275 275 275 275 276 276 276 276 276 277 277 277 277 277 277 278 278 278 278 278 278 278 279 279 279 279 279 279 279 279 279 279 279 280 280 280 280 280 280 280 280 280 280 280 280 540 540 540 540 540 540 540 539 539 539 539 539 539 539 539 539 539 539 538 538 538 538 538 538 538 537 537 537 537 537 537 536 536 536 536 536 535 535 535 535
273 273 273 274 274 274 274 275 275 275 275 276 276 276 276 276 277 277 277 277 277 278 278 278 278 278 278 278 279 279 279 279 279 279 279 279 280 280 280 280 280 280 280 280 280 280 280 280 280 280 280 280 280 280 540 540 540 540 540 540 540 540 540 540 540 540 540 539 539 539 539 539 539 539 539 538 538 538 538 538 538 538 537 537 537 537 537 536 536 536 536 536 535 535
273 274 274 274 274 275 275 275 275 275 276 276 276 276 277 277 277 277 277 278 278 278 278 278 278 279 279 279 279 279 279 279 280 280 280 280 280 280 280 280 280 280 280 280 280 281 281 281 281 281 281 281 281 281 541 541 541 541 540 540 540 540 540 540 540 540 540 540 540 540 540 539 539 539 539 539 539 539 538 538 538 538 538 538 537 537 537 537 537 536 536 536 536 535
274 274 274 274 275 275 275 275 276 276 276 276 277 277 277 277 277 278 278 278 278 278 279 279 279 279 279 279 279 280 280 280 280 280 280 280 280 280 281 281 281 281 281 281 281 281 281 281 281 281 281 281 281 281 541 541 541 541 541 541 541 541 541 541 541 540 540 540 540 540 540 540 540 540 539 539 539 539 539 539 539 538 538 538 538 538 537 537 537 537 537 536 536 536
274 274 275 275 275 275 276 276 276 276 276 277 277 277 277 278 278 278 278 278 279 279 279 279 279 279 280 280 280 280 280 280 280 281 281 281 281 281 281 281 281 281 281 281 281 281 281 281 282 282 282 282 282 282 542 541 541 541 541 541 541 541 541 541 541 541 541 541 541 541 540 540 540 540 540 540 540 539 539 539 539 539 539 538 538 538 538 538 537 537 537 537 536 536
274 275 275 275 275 276 276 276 276 277 277 277 277 278 278 278 278 278 279 279 279 279 279 280 280 280 280 280 280 280 281 281 281 281 281 281 281 281 281 282 282 282 282 282 282 282 282 282 282 282 282 282 282 282 542 542 542 542 542 542 542 542 542 542 541 541 541 541 541 541 541 541 541 540 540 540 540 540 540 540 539 539 539 539 539 538 538 538 538 538 537 537 537 537
275 275 275 276 276 276 276 277 277 277 277 277 278 278 278 278 279 279 279 279 279 280 280 280 280 280 280 281 281 281 281 281 281 281 281 282 282 282 282 282 282 282 282 282 282 282 282 282 282 282 282 282 282 282 282 542 542 542 542 542 542 542 542 542 542 542 542 542 541 541 541 541 541 541 541 541 540 540 540 540 540 540 539 539 539 539 539 538 538 538 538 537 537 537
275 275 276 276 276 276 277 277 277 277 278 278 278 278 279 279 279 279 279 280 280 280 280 280 281 281 281 281 281 281 281 282 282 282 282 282 282 282 282 282 282 283 283 283 283 283 283 283 283 283 283 283 283 283 283 543 543 543 543 543 543 543 542 542 542 542 542 542 542 542 542 542 541 541 541 541 541 541 541 540 540 540 540 540 539 539 539 539 539 538 538 538 538 537
275 276 276 276 277 277 277 277 278 278 278 278 278 279 279 279 279 280 280 280 280 280 281 281 281 281 281 281 282 282 282 282 282 282 282 282 283 283 283 283 283 283 283 283 283 283 283 283 283 283 283 283 283 283 283 543 543 543 543 543 543 543 543 543 543 543 543 542 542 542 542 542 542 542 542 541 541 541 541 541 541 540 540 540 540 540 539 539 539 539 538 538 538 538
276 276 276 277 277 277 277 278 278 278 278 279 279 279 279 280 280 280 280 280 281 281 281 281 281 282 282 282 282 282 282 282 283 283 283 283 283 283 283 283 283 283 284 284 284 284 284 284 284 284 284 284 284 284 284 544 544 544 544 544 544 543 543 543 543 543 543 543 543 543 543 542 542 542 542 542 542 542 541 541 541 541 541 540 540 540 540 540 539 539 539 539 538 538
276 276 277 277 277 278 278 278 278 279 279 279 279 279 280 280 280 280 281 281 281 281 281 282 282 282 282 282 282 283 283 283 283 283 283 283 283 284 284 284 284 284 284 284 284 284 284 284 284 284 284 284 284 284 284 544 544 544 544 544 544 544 544 544 544 544 543 543 543 543 543 543 543 543 542 542 542 542 542 542 541 541 541 541 541 540 540 540 540 539 539 539 539 539
276 277 277 277 278 278 278 278 279 279 279 279 280 280 280 280 281 281 281 281 281 282 282 282 282 282 283 283 283 283 283 283 283 284 284 284 284 284 284 284 284 284 284 284 285 285 285 285 285 285 285 285 285 285 285 545 545 545 545 544 544 544 544 544 544 544 544 544 544 544 543 543 543 543 543 543 543 542 542 542 542 542 541 541 541 541 541 540 540 540 540 539 539 539
277 277 277 278 278 278 278 279 279 279 280 280 280 280 280 281 281 281 281 282 282 282 282 282 283 283 283 283 283 283 284 284 284 284 284 284 284 284 285 285 285 285 285 285 285 285 285 285 285 285 285 285 285 285 285 545 545 545 545 545 545 545 545 545 545 544 544 544 544 544 544 544 544 543 543 543 543 543 543 542 542 542 542 542 541 541 541 541 540 540 540 540 540 539
277 277 278 278 278 279 279 279 279 280 280 280 280 281 281 281 281 282 282 282 282 282 283 283 283 283 283 284 284 284 284 284 284 284 285 285 285 285 285 285 285 285 285 285 285 285 285 286 286 286 286 286 286 286 286 546 545 545 545 545 545 545 545 545 545 545 545 545 545 544 544 544 544 544 544 544 543 543 543 543 543 542 542 542 542 542 541 541 541 541 540 540 540 540
278 278 278 278 279 279 279 279 280 280 280 281 281 281 281 281 282 282 282 282 283 283 283 283 283 284 284 284 284 284 284 285 285 285 285 285 285 285 285 285 286 286 286 286 286 286 286 286 286 286 286 286 286 286 286 546 546 546 546 546 546 546 546 545 545 545 545 545 545 545 545 545 544 544 544 544 544 544 543 543 543 543 543 542 542 542 542 541 541 541 541 541 540 540
278 278 278 279 279 279 280 280 280 280 281 281 281 281 282 282 282 282 283 283 283 283 283 284 284 284 284 284 285 285 285 285 285 285 285 286 286 286 286 286 286 286 286 286 286 286 286 286 286 286 286 286 286 286 286 546 546 546 546 546 546 546 546 546 546 546 546 546 545 545 545 545 545 545 545 544 544 544 544 544 543 543 543 543 543 542 542 542 542 541 541 541 541 540
278 278 279 279 279 280 280 280 280 281 281 281 282 282 282 282 282 283 283 283 283 284 284 284 284 284 285 285 285 285 285 285 286 286 286 286 286 286 286 286 286 287 287 287 287 287 287 287 287 287 287 287 287 287 287 547 547 547 547 547 547 547 546 546 546 546 546 546 546 546 546 545 545 545 545 545 545 544 544 544 544 544 543 543 543 543 542 542 542 542 542 541 541 541
279 279 279 279 280 280 280 281 281 281 281 282 282 282 282 283 283 283 283 284 284 284 284 284 285 285 285 285 285 286 286 286 286 286 286 286 286 287 287 287 287 287 287 287 287 287 287 287 287 287 287 287 287 287 287 547 547 547 547 547 547 547 547 547 547 547 546 546 546 546 546 546 546 546 545 545 545 545 545 544 544 544 544 544 543 543 543 543 542 542 542 542 541 541
279 279 279 280 280 280 281 281 281 281 282 282 282 283 283 283 283 283 284 284 284 284 285 285 285 285 285 286 286 286 286 286 286 287 287 287 287 287 287 287 287 287 287 288 288 288 288 288 288 288 288 288 288 288 288 548 548 548 548 548 547 547 547 547 547 547 547 547 547 547 546 546 546 546 546 546 545 545 545 545 545 544 544 544 544 543 543 543 543 543 542 542 542 541
279 279 280 280 280 281 281 281 282 282 282 282 283 283 283 283 284 284 284 284 285 285 285 285 285 286 286 286 286 286 287 287 287 287 287 287 287 287 288 288 288 288 288 288 288 288 288 288 288 288 288 288 288 288 288 548 548 548 548 548 548 548 548 548 548 547 547 547 547 547 547 547 547 546 546 546 546 546 545 545 545 545 545 544 544 544 544 543 543 543 543 542 542 542
280 280 280 280 281 281 281 282 282 282 282 283 283 283 284 284 284 284 284 285 285 285 285 286 286 286 286 286 287 287 287 287 287 287 288 288 288 288 288 288 288 288 288 288 289 289 289 289 289 289 289 289 289 289 289 549 549 549 549 548 548 548 548 548 548 548 548 548 548 547 547 547 547 547 547 546 546 546 546 546 545 545 545 545 544 544 544 544 544 543 543 543 542 542
280 280 280 281 281 281 282 282 282 283 283 283 283 284 284 284 284 285 285 285 285 286 286 286 286 286 287 287 287 287 287 288 288 288 288 288 288 288 288 289 289 289 289 289 289 289 289 289 289 289 289 289 289 289 289 549 549 549 549 549 549 549 549 549 548 548 548 548 548 548 548 548 547 547 547 547 547 546 546 546 546 546 545 545 545 545 544 544 544 544 543 543 543 543
280 280 281 281 281 282 282 282 283 283 283 283 284 284 284 284 285 285 285 285 286 286 286 286 287 287 287 287 287 288 288 288 288 288 288 289 289 289 289 289 289 289 289 289 289 289 290 290 290 290 290 290 290 290 290 550 550 549 549 549 549 549 549 549 549 549 549 549 548 548 548 548 548 548 547 547 547 547 547 546 546 546 546 545 545 545 545 544 544 544 544 543 543 543
280 281 281 281 282 282 282 283 283 283 283 284 284 284 285 285 285 285 286 286 286 286 287 287 287 287 287 288 288 288 288 288 289 289 289 289 289 289 289 289 290 290 290 290 290 290 290 290 290 290 290 290 290 290 290 290 550 550 550 550 550 550 550 549 549 549 549 549 549 549 549 548 548 548 548 548 547 547 547 547 547 546 546 546 546 545 545 545 545 544 544 544 543 543
281 281 281 282 282 282 283 283 283 284 284 284 284 285 285 285 285 286 286 286 286 287 287 287 287 288 288 288 288 288 289 289 289 289 289 289 290 290 290 290 290 290 290 290 290 290 290 290 290 290 291 291 291 290 290 290 550 550 550 550 550 550 550 550 550 550 550 549 549 549 549 549 549 548 548 548 548 548 547 547 547 547 546 546 546 546 545 545 545 545 544 544 544 544
281 281 282 282 282 283 283 283 284 284 284 284 285 285 285 286 286 286 286 287 287 287 287 288 288 288 288 288 289 289 289 289 289 290 290 290 290 290 290 290 290 291 291 291 291 291 291 291 291 291 291 291 291 291 291 291 551 551 551 551 551 551 550 550 550 550 550 550 550 550 549 549 549 549 549 548 548 548 548 548 547 547 547 547 546 546 546 546 545 545 545 544 544 544
281 282 282 282 283 283 283 284 284 284 285 285 285 285 286 286 286 286 287 287 287 287 288 288 288 288 289 289 289 289 289 290 290 290 290 290 290 290 291 291 291 291 291 291 291 291 291 291 291 291 291 291 291 291 291 291 551 551 551 551 551 551 551 551 551 550 550 550 550 550 550 550 549 549 549 549 549 548 548 548 548 547 547 547 547 546 546 546 546 545 545 545 545 544
282 282 282 283 283 283 284 284 284 285 285 285 285 286 286 286 287 287 287 287 288 288 288 288 289 289 289 289 289 290 290 290 290 290 290 291 291 291 291 291 291 291 291 292 292 292 292 292 292 292 292 292 292 292 292 292 552 552 552 552 551 551 551 551 551 551 551 551 550 550 550 550 550 550 549 549 549 549 549 548 548 548 548 547 547 547 547 546 546 546 545 545 545 545
282 282 283 283 283 284 284 284 285 285 285 285 286 286 286 287 287 287 287 288 288 288 288 289 289 289 289 290 290 290 290 290 291 291 291 291 291 291 291 292 292 292 292 292 292 292 292 292 292 292 292 292 292 292 292 292 552 552 552 552 552 552 552 552 551 551 551 551 551 551 551 550 550 550 550 550 549 549 549 549 548 548 548 548 547 547 547 547 546 546 546 545 545 545
282 283 283 283 284 284 284 285 285 285 286 286 286 286 287 287 287 288 288 288 288 289 289 289 289 290 290 290 290 290 291 291 291 291 291 291 292 292 292 292 292 292 292 292 293 293 293 293 293 293 293 293 293 293 293 293 553 553 553 552 552 552 552 552 552 552 552 551 551 551 551 551 551 550 550 550 550 550 549 549 549 549 548 548 548 548 547 547 547 546 546 546 546 545
283 283 283 284 284 284 285 285 285 286 286 286 286 287 287 287 288 288 288 288 289 289 289 289 290 290 290 290 291 291 291 291 291 292 292 292 292 292 292 292 293 293 293 293 293 293 293 293 293 293 293 293 293 293 293 293 553 553 553 553 553 553 553 552 552 552 552 552 552 552 551 551 551 551 551 550 550 550 550 549 549 549 549 548 548 548 548 547 547 547 546 546 546 546
