testData/tiles/oneDegree/grid22.0-26.0-23.0-27.0.asc
ncols   200
nrows   200
xllcorner   22.0
yllcorner   26.0
cellsize   0.005
NODATA_value   -9999.0
[rows 42 to 83 of 200, columns 94 to 187 of 200]
212 212 212 212 212 212 212 212 212 212 211 211 211 211 211 211 211 430 430 430 430 430 430 431 431 430 431 431 431 431 432 431 431 431 432 432 432 431 432 432 432 432 433 432 432 432 433 433 432 432 433 433 433 433 433 433 433 433 434 433 433 433 434 434 433 433 434 434 434 433 434 434 434 433 434 434 434 434 434 434 434 434 433 434 434 434 434 434 434 434 434 434 434 434
213 213 213 213 212 212 212 212 212 212 212 212 211 211 211 211 211 431 431 431 430 430 431 431 431 432 432 431 431 432 432 432 432 432 432 432 432 433 433 432 432 433 433 433 433 433 433 433 433 434 433 433 433 434 434 433 433 434 434 434 433 434 434 434 434 434 434 434 434 435 434 434 434 435 434 434 434 435 435 434 434 435 435 434 434 434 435 435 434 434 435 435 434 434
213 213 213 213 213 213 213 212 212 212 212 212 212 212 212 211 431 431 431 431 431 432 431 431 431 432 432 432 433 432 432 432 433 433 433 432 433 433 433 433 434 433 433 433 434 434 433 433 434 434 434 434 434 434 434 434 435 434 434 434 435 435 434 434 435 435 435 434 435 435 435 434 435 435 435 435 435 435 435 435 435 435 435 435 435 435 435 435 435 435 435 435 435 435
214 213 213 213 213 213 213 213 213 213 212 212 212 212 212 212 432 431 431 431 432 432 432 432 432 432 432 433 433 433 433 433 433 433 433 434 434 433 433 434 434 434 434 434 434 434 434 435 434 434 434 435 435 434 435 435 435 435 435 435 435 435 435 435 435 435 435 436 435 435 435 436 435 435 435 436 436 435 435 436 436 435 435 436 436 436 435 435 436 436 435 435 436 436
214 214 214 214 213 213 213 213 213 213 213 213 212 212 212 212 432 432 432 433 432 432 432 433 433 433 434 433 433 433 434 434 434 433 434 434 434 434 435 434 434 434 435 435 434 434 435 435 435 435 435 435 435 436 436 435 435 436 436 436 435 436 436 436 436 435 436 436 436 435 436 436 436 436 436 436 436 436 436 436 436 436 437 436 436 436 437 436 436 436 436 436 436 436
214 214 214 214 214 214 214 213 213 213 213 213 213 213 213 212 432 432 433 433 433 433 433 433 433 433 434 434 434 434 434 434 434 435 435 434 434 435 435 435 434 435 435 435 435 436 435 435 435 436 436 435 436 436 436 436 436 436 436 436 437 436 436 436 437 437 436 436 436 437 437 436 436 437 437 436 436 437 437 436 436 437 437 437 436 437 437 473 436 436 437 437 436 436
215 214 214 214 214 214 214 214 214 214 213 213 213 213 213 213 433 433 433 433 433 434 434 434 433 434 434 434 435 435 435 434 435 435 435 435 436 435 435 435 436 436 435 435 436 436 436 436 436 436 436 437 437 436 436 437 437 437 436 437 437 437 437 437 437 437 437 437 437 437 437 437 437 437 437 437 437 437 473 473 474 473 473 473 474 473 473 473 474 473 473 473 473 473
215 215 215 215 214 214 214 214 214 214 214 214 213 213 213 213 434 434 434 434 434 434 434 434 435 435 434 435 435 435 435 436 435 435 435 436 436 436 435 436 436 436 436 437 436 436 436 437 437 436 437 437 437 437 437 437 437 437 438 437 437 437 438 438 437 437 438 438 438 437 438 438 438 437 473 474 474 473 473 474 474 474 473 474 474 474 473 474 474 474 473 473 474 474
215 215 215 215 215 215 215 214 214 214 214 214 214 214 214 433 434 434 434 435 435 435 434 435 435 435 435 436 435 435 436 436 436 436 436 436 436 436 437 437 436 436 437 437 437 436 437 437 437 438 438 437 437 438 438 438 437 438 438 438 438 438 438 438 438 438 438 438 438 439 438 474 474 474 474 474 474 474 475 474 474 474 475 474 474 474 475 474 474 474 475 474 474 474
216 215 215 215 215 215 215 215 215 215 214 214 214 214 214 435 435 434 435 435 435 435 436 436 435 435 436 436 436 437 436 436 436 437 437 437 436 437 437 437 437 438 437 437 437 438 438 437 437 438 438 438 438 438 438 438 439 438 438 438 439 439 438 438 439 439 439 438 475 475 475 474 475 475 475 474 474 475 475 475 474 475 475 475 474 475 475 475 474 475 475 475 474 474
216 216 216 216 215 215 215 215 215 215 215 215 214 214 215 435 435 436 436 435 435 436 436 436 436 437 436 436 436 437 437 437 437 437 437 437 438 438 437 437 438 438 438 437 438 438 438 438 439 438 438 439 439 439 438 439 439 439 439 439 439 439 439 439 439 439 475 476 475 475 475 476 475 475 475 476 476 475 475 475 476 475 475 475 476 475 475 475 476 475 475 475 476 475
216 216 216 216 216 216 216 215 215 215 215 215 215 216 216 435 435 436 436 436 437 437 436 436 437 437 437 437 437 437 437 438 438 438 437 438 438 438 438 439 438 438 438 439 439 438 438 439 439 439 439 439 439 439 440 439 439 439 440 440 439 439 440 440 476 475 476 476 476 475 476 476 476 476 476 476 476 476 476 476 476 476 475 476 476 476 475 476 476 476 475 476 476 476
217 216 216 216 216 216 216 216 216 216 215 215 216 216 216 436 437 436 436 437 437 437 437 438 437 437 437 438 438 438 437 438 438 438 439 439 438 438 439 439 439 438 439 439 439 439 440 439 439 440 440 440 439 440 440 440 440 440 440 440 440 440 476 476 476 477 476 476 476 477 476 476 476 477 477 476 476 477 477 476 476 476 477 476 476 476 477 476 476 476 477 476 476 476
217 217 217 217 216 216 216 216 216 216 216 217 216 216 436 437 437 437 437 437 437 437 438 438 438 438 438 438 438 438 439 439 438 439 439 439 439 440 439 439 439 440 440 439 439 440 440 440 439 440 440 440 441 440 440 440 441 441 440 440 441 477 477 476 477 477 477 476 477 477 477 477 477 477 477 477 477 477 477 477 477 477 477 477 476 477 477 477 476 477 477 477 476 477
217 217 217 217 217 217 217 216 216 216 217 217 217 217 438 437 437 437 438 438 438 438 438 438 438 439 439 439 438 439 439 439 440 440 439 439 440 440 440 439 440 440 440 440 441 440 440 440 441 441 440 441 441 441 440 441 441 441 441 477 477 477 477 478 477 477 477 478 477 477 477 478 478 477 477 478 478 477 477 478 478 477 477 478 478 477 477 477 478 477 477 477 478 477
218 218 217 217 217 217 217 217 217 217 217 217 217 218 438 438 438 438 438 438 438 439 439 439 439 439 439 439 440 440 439 439 440 440 440 440 440 440 440 441 441 440 440 441 441 441 440 441 441 441 442 441 441 441 442 442 441 441 478 478 478 477 478 478 478 477 478 478 478 478 478 478 478 478 478 478 478 478 478 478 478 478 478 478 478 478 477 478 478 478 477 478 478 478
218 218 218 218 217 217 217 217 217 218 218 218 218 218 438 438 439 439 439 438 439 439 439 440 440 440 439 440 440 440 440 440 440 440 441 441 441 440 441 441 441 441 441 441 441 441 442 442 441 441 442 442 441 442 442 442 442 478 478 478 478 479 478 478 478 479 478 478 478 479 479 478 478 479 479 478 478 479 479 478 478 479 479 478 478 479 479 478 478 478 479 478 478 478
218 218 218 218 218 218 218 217 218 218 218 218 219 219 439 439 439 439 439 440 440 439 440 440 440 440 441 440 440 440 441 441 441 440 441 441 441 442 442 441 441 442 442 442 441 442 442 442 442 442 442 442 443 443 442 478 479 479 479 478 479 479 479 478 479 479 479 479 479 479 479 479 479 479 479 479 479 479 479 479 479 479 479 479 479 479 479 479 480 479 479 479 478 479
219 219 218 218 218 218 218 219 219 219 218 219 219 219 440 440 440 439 440 440 440 440 441 440 440 441 441 441 441 441 441 441 441 442 442 441 442 442 442 442 442 442 442 442 443 443 442 442 443 443 442 443 443 443 479 479 479 479 479 480 479 479 479 480 479 479 479 480 480 479 479 480 480 479 479 480 480 479 479 480 480 479 479 480 480 480 479 480 480 480 479 479 480 479
120 120 219 219 218 218 219 219 219 219 220 220 219 219 440 440 440 441 441 440 440 441 441 441 442 441 441 441 442 442 442 441 442 442 442 443 443 442 442 443 443 443 442 443 443 443 443 443 443 443 443 444 443 479 480 480 480 479 480 480 480 479 480 480 480 480 480 480 480 480 480 480 480 480 480 480 480 480 480 480 481 481 483 482 482 482 484 483 483 482 483 482 482 481
120 120 120 120 219 219 220 219 219 220 220 220 220 441 440 440 441 441 441 441 442 441 441 441 442 442 442 442 442 442 442 443 443 442 442 443 443 443 443 443 443 443 444 443 443 443 444 444 443 443 444 444 480 480 480 480 480 481 480 480 480 481 480 480 480 481 481 480 480 481 481 480 480 481 481 480 481 482 483 484 483 485 485 486 485 486 486 486 485 486 486 486 484 484
121 121 120 120 120 220 220 220 221 221 220 220 221 441 441 441 442 441 441 442 442 442 442 442 442 442 443 443 443 442 443 443 443 443 444 443 443 444 444 444 443 444 444 444 444 444 444 444 444 445 444 480 481 481 481 480 481 481 481 480 481 481 481 481 481 481 481 481 481 481 481 481 481 481 482 483 484 485 486 487 488 488 488 489 490 489 489 489 490 489 489 489 488 488
121 121 121 121 122 121 121 220 221 221 221 222 221 441 441 442 442 442 443 442 442 442 443 443 443 442 443 443 443 444 444 443 443 444 444 444 443 444 444 444 445 444 444 444 445 445 444 444 445 445 481 480 481 481 481 482 481 481 481 482 481 481 481 482 482 481 481 482 482 481 481 482 484 484 485 487 488 489 489 490 491 491 491 492 493 493 492 493 493 493 492 492 492 490
121 121 121 122 122 122 122 122 122 122 222 222 222 442 442 442 442 442 443 443 443 443 443 443 443 444 444 443 444 444 444 444 444 444 444 444 445 445 444 445 445 445 445 445 445 445 445 446 445 445 481 482 482 481 482 482 482 481 482 482 482 482 482 482 482 482 482 482 482 482 484 485 486 487 490 490 491 491 493 493 494 494 496 495 495 496 497 496 496 496 496 495 495 494
122 122 121 122 122 122 123 123 123 123 123 123 222 443 443 443 442 443 443 443 444 444 444 443 444 444 444 444 445 444 444 445 445 445 444 445 445 445 445 445 445 445 446 446 445 445 446 446 446 481 482 482 482 483 482 482 482 483 482 482 482 483 483 482 482 483 483 482 483 486 487 487 489 491 492 493 493 495 496 497 496 498 498 499 498 499 500 500 499 499 499 498 497 498
122 122 123 123 123 123 123 123 123 124 124 124 124 344 443 443 444 444 444 443 444 444 444 445 445 444 444 445 445 445 445 445 445 445 446 446 445 445 446 446 446 446 446 446 446 447 446 446 482 483 483 482 482 483 483 482 483 483 483 483 483 483 483 483 483 483 483 485 487 488 490 491 493 493 495 496 498 498 499 499 501 501 501 502 503 502 502 502 503 502 502 502 501 501
122 123 123 123 123 124 124 123 124 124 124 124 125 345 344 345 444 444 444 445 445 444 445 445 445 445 445 445 445 446 446 446 445 446 446 446 446 446 446 446 447 447 446 446 447 447 447 482 483 483 483 483 483 483 483 484 483 483 483 484 484 483 483 484 484 484 486 488 490 490 492 494 496 497 497 499 500 501 501 503 504 504 504 505 506 506 505 506 506 506 505 505 505 503
124 124 123 123 124 124 124 125 125 124 124 125 345 345 346 346 345 345 445 445 445 446 445 445 445 446 446 446 445 446 446 446 447 447 446 446 447 447 447 446 447 447 447 448 447 447 447 484 484 483 483 484 484 483 483 484 484 484 484 484 484 484 484 484 485 487 489 491 492 494 496 497 498 499 502 502 503 504 506 506 507 507 509 508 509 509 510 509 509 509 509 508 508 507
124 124 124 125 125 124 124 125 125 125 126 126 345 345 346 346 346 347 346 346 346 446 446 446 446 446 446 446 447 447 446 447 447 447 447 447 447 447 447 448 447 447 448 448 448 447 484 484 484 484 484 484 484 484 485 484 484 485 485 484 484 485 485 486 487 490 492 494 494 497 499 500 501 503 504 505 506 508 509 509 509 511 511 512 511 513 513 513 512 513 512 511 510 511
124 124 125 125 125 125 126 125 125 126 126 126 346 347 346 346 347 347 347 347 347 347 347 447 447 447 446 447 447 447 447 448 447 447 448 448 448 447 448 448 448 448 448 448 448 485 485 484 484 485 485 484 484 485 485 485 485 485 485 485 485 485 487 489 491 492 494 496 499 499 501 503 505 505 507 508 510 510 511 512 514 514 514 515 516 515 516 516 517 515 515 515 514 514
125 125 125 125 125 126 126 126 126 126 126 126 347 347 347 347 347 347 347 348 348 348 347 348 348 348 448 448 447 447 448 448 448 448 448 448 448 449 448 448 448 449 449 448 449 485 485 485 485 485 485 485 486 485 485 485 486 485 485 486 486 487 489 492 494 495 496 499 501 503 503 506 507 509 509 511 513 514 514 516 517 517 517 518 519 519 518 519 519 518 518 518 518 516
125 126 126 126 127 126 126 126 127 127 127 128 347 347 347 348 348 348 348 348 348 348 349 349 348 349 349 349 349 448 448 448 448 449 449 448 449 449 449 449 449 449 449 449 486 485 485 486 486 485 485 486 486 486 485 486 486 486 486 486 487 489 492 494 496 498 500 501 503 505 508 508 510 511 514 514 515 516 518 518 519 520 522 521 522 522 523 522 522 522 522 521 521 520
126 126 126 126 127 127 127 127 127 127 127 128 348 348 348 348 348 348 349 349 348 349 349 349 349 350 349 349 350 350 350 349 449 449 449 450 449 449 449 450 450 449 449 450 486 486 486 486 486 486 487 486 486 486 487 486 486 487 487 487 489 492 494 496 498 501 502 504 505 508 510 511 512 515 516 517 518 520 521 522 522 524 524 525 524 526 526 525 525 526 525 524 523 524
127 127 126 127 127 127 128 128 128 127 128 128 348 349 349 349 348 349 349 349 350 350 349 349 350 350 350 350 350 350 350 351 351 350 350 450 450 450 450 450 450 450 451 486 486 487 487 486 486 487 487 487 486 487 487 487 486 487 487 490 493 494 496 498 501 502 504 506 509 510 512 514 516 517 518 520 522 522 524 525 527 526 527 528 529 529 529 529 529 529 528 528 527 526
127 127 128 128 127 127 128 128 128 129 129 128 348 349 349 349 350 350 349 349 350 350 350 351 350 350 350 351 351 350 351 351 351 351 351 351 351 352 451 450 450 451 451 487 486 487 487 487 488 487 487 487 488 487 487 487 488 487 489 492 495 497 498 501 503 505 506 509 511 513 514 517 519 520 521 523 525 526 526 528 529 530 530 531 532 532 532 533 533 531 531 531 531 529
127 128 128 128 128 129 129 128 129 129 129 349 350 350 349 350 350 350 350 351 350 350 351 351 351 350 351 351 351 352 352 351 351 352 352 352 351 352 352 352 353 352 487 487 488 487 487 488 488 488 487 488 488 488 487 488 488 489 492 494 496 498 502 503 505 507 510 511 513 515 518 519 521 523 525 526 527 528 531 531 532 533 535 534 535 535 535 535 535 535 535 534 534 533
128 129 128 128 129 129 129 129 130 129 129 350 350 350 350 350 350 350 351 351 351 351 351 351 351 352 352 351 351 352 352 352 352 352 352 352 353 352 352 353 353 353 388 389 389 488 488 488 488 488 489 488 488 488 489 488 488 491 494 496 498 501 503 506 507 510 512 514 515 518 520 522 523 526 527 529 530 532 533 534 535 536 537 538 537 539 539 538 539 539 538 537 536 536
129 129 129 130 129 129 129 130 130 130 131 350 350 350 351 351 351 351 351 351 351 352 352 351 352 352 352 352 353 352 352 353 353 353 352 353 353 353 354 353 353 353 390 389 389 389 390 390 389 390 489 489 488 489 489 489 491 493 496 498 501 503 505 507 511 512 514 516 519 520 522 524 527 528 530 531 534 534 536 537 539 539 540 541 541 542 542 543 542 542 541 542 540 539
129 129 129 130 130 130 131 130 130 130 131 351 351 351 351 351 352 352 352 351 352 352 352 353 353 352 352 353 353 353 352 353 353 353 354 353 353 353 354 354 353 390 390 390 390 390 390 390 390 390 390 390 391 390 489 489 493 495 497 499 503 505 507 510 512 514 516 519 521 523 524 527 529 531 532 535 536 538 538 540 542 543 543 544 545 544 546 546 546 544 545 544 544 542
130 130 130 130 130 131 131 131 131 131 131 351 352 352 352 351 352 352 352 353 353 352 352 353 353 353 353 353 353 353 354 354 353 354 354 354 354 354 354 354 355 390 390 390 391 391 390 390 391 391 390 391 391 391 391 393 395 398 400 502 504 507 510 511 514 516 519 521 523 525 528 529 531 533 536 537 538 540 543 543 544 545 546 547 548 549 548 549 548 549 548 547 546 546
130 131 131 131 130 131 131 131 132 132 132 351 352 352 352 353 353 352 353 353 353 353 354 353 353 354 354 354 353 354 354 354 354 354 354 354 355 355 354 354 355 391 391 391 391 391 391 391 391 391 392 391 391 391 392 395 396 399 402 405 406 409 412 415 416 420 521 523 525 528 530 532 533 536 538 540 541 543 545 546 547 549 550 550 551 552 552 551 552 552 551 550 550 549
130 131 131 131 132 132 132 132 132 132 132 353 353 352 353 353 353 353 354 353 353 354 354 354 353 354 354 354 355 355 354 354 355 355 355 355 355 355 355 355 391 391 392 392 391 391 392 392 391 391 392 392 392 392 393 396 399 401 404 406 409 411 414 416 420 421 423 426 429 430 433 435 438 439 540 542 545 546 547 549 551 551 553 554 554 555 555 556 555 555 554 554 553 551
