testData/tiles/oneDegree/grid18.0-32.0-19.0-33.0.asc
ncols   200
nrows   200
xllcorner   18.0
yllcorner   32.0
cellsize   0.005
NODATA_value   -9999.0
[rows 126 to 167 of 200, columns 94 to 187 of 200]
710 711 711 711 711 712 712 712 712 713 713 713 715 716 716 717 718 719 720 719 720 722 722 723 724 725 726 726 727 728 729 730 730 731 732 733 734 734 734 734 735 737 737 738 738 739 739 741 741 741 741 742 743 744 745 745 746 746 747 747 748 749 750 750 751 773 773 774 775 776 776 775 776 777 777 777 777 777 777 778 778 778 779 584 584 584 584 585 584 584 583 583 582 584
708 708 708 708 709 709 709 709 710 710 710 711 712 712 713 715 715 716 716 718 719 719 720 721 722 723 723 724 726 726 727 726 727 729 729 730 730 731 731 733 733 734 735 735 736 736 737 737 738 738 739 740 740 742 741 742 742 744 745 745 746 746 746 747 747 771 771 773 773 772 772 773 774 774 775 774 774 775 775 775 775 775 582 581 581 580 581 582 582 582 581 581 580 581
706 706 706 706 707 707 707 708 708 708 708 709 709 710 711 712 713 713 714 716 716 717 717 718 719 719 720 721 722 723 723 724 726 726 727 727 728 728 730 729 730 730 731 733 733 734 734 735 735 736 736 736 737 738 739 740 740 742 741 742 742 742 744 745 745 769 768 769 769 769 770 771 771 771 771 771 772 773 772 772 772 772 580 579 579 579 579 579 578 578 578 578 578 577
702 703 703 703 704 704 704 704 705 705 705 706 706 707 707 709 709 710 711 712 713 714 714 716 716 717 718 718 720 720 721 721 723 723 723 724 724 726 726 727 727 728 728 730 730 730 730 731 731 733 733 734 734 736 736 736 737 738 739 739 739 740 742 741 765 765 765 766 767 766 767 767 768 768 769 769 768 769 769 769 770 575 576 576 576 576 575 576 576 575 575 574 574 575
700 700 701 701 701 702 702 702 702 703 703 703 704 704 705 705 707 708 708 709 710 711 712 712 713 714 714 715 715 717 717 718 719 720 721 721 722 722 724 724 724 724 725 726 727 727 728 728 729 730 731 730 731 732 732 733 734 736 736 735 736 736 737 739 739 762 761 763 763 763 763 764 766 765 765 765 765 766 766 765 765 572 573 573 572 572 572 573 573 572 572 571 571 572
697 697 697 697 698 698 698 699 699 699 700 700 700 700 701 702 703 703 705 705 706 707 708 709 709 710 712 712 713 713 715 716 716 717 716 718 718 719 719 720 721 722 722 723 723 725 724 725 725 726 726 728 728 729 730 730 730 732 732 733 733 733 735 734 734 758 759 760 760 760 760 760 761 762 762 762 761 762 762 763 763 569 569 570 569 569 569 569 569 569 569 569 568 568
694 694 694 695 695 695 696 696 696 697 697 697 697 698 698 699 700 701 701 702 704 704 705 705 707 708 707 708 709 710 710 711 712 713 714 714 715 715 717 717 718 717 718 719 720 720 721 721 723 723 724 724 723 725 726 727 727 728 729 729 728 730 731 731 731 755 755 755 756 757 757 757 758 758 757 758 758 760 760 759 565 565 566 566 566 565 565 565 565 566 565 565 565 566
690 690 690 691 691 691 692 692 692 693 693 693 693 694 694 694 696 696 697 698 699 700 700 701 703 703 704 704 706 706 707 708 709 710 710 710 711 712 712 713 713 715 715 716 716 717 718 718 718 718 719 719 721 722 723 723 722 724 725 725 726 726 727 728 727 751 751 752 753 753 753 752 753 755 755 755 755 755 755 755 561 561 562 562 562 562 562 562 562 562 561 561 560 561
687 687 687 688 688 688 688 689 689 689 690 690 690 691 691 691 691 693 694 694 696 696 697 698 699 700 700 700 701 702 702 703 705 705 706 706 708 708 709 709 710 711 711 711 712 712 714 714 714 715 715 716 716 718 718 718 719 720 721 722 722 721 723 723 724 747 748 749 748 748 748 749 751 751 750 750 750 751 751 557 556 557 558 558 558 557 557 557 558 558 557 557 556 557
683 683 684 684 684 685 685 685 686 686 686 686 686 686 687 687 687 688 689 690 690 692 692 693 694 695 696 696 697 698 699 700 700 702 702 703 702 704 704 705 705 706 707 708 708 709 709 710 710 710 711 711 712 714 714 715 715 715 717 717 717 718 719 719 719 743 743 744 744 744 745 744 745 746 746 746 746 746 747 553 553 553 555 554 554 553 553 553 553 553 553 553 553 552
682 682 682 682 682 682 682 682 682 682 682 682 682 682 683 683 683 684 685 685 687 687 688 689 690 691 691 693 692 693 693 695 696 696 697 698 699 699 700 700 702 702 702 702 703 704 704 705 705 707 707 707 708 708 709 710 710 712 712 712 713 713 714 714 715 738 738 739 740 740 740 740 741 741 741 742 742 743 549 549 549 548 549 549 549 550 549 549 549 549 549 548 548 549
683 683 683 683 683 683 683 683 683 683 683 683 683 682 682 682 682 682 682 683 683 684 685 685 686 686 687 687 688 688 689 691 691 692 692 694 693 694 694 696 696 697 697 698 699 699 700 700 701 701 701 702 702 705 705 705 706 706 706 708 708 708 709 710 710 733 733 735 735 735 735 735 736 737 737 737 737 738 543 543 543 544 545 545 544 544 544 544 545 544 543 543 544 545
683 683 683 683 683 683 683 683 683 683 683 683 683 683 683 683 683 683 683 683 684 684 685 686 686 687 687 688 687 688 688 689 690 690 691 691 692 692 693 693 693 694 694 694 694 695 695 696 696 696 697 697 698 699 699 700 700 700 702 703 703 703 704 704 704 729 729 730 730 729 729 731 732 732 732 731 731 732 538 539 539 538 539 539 539 539 538 538 539 539 540 539 538 539
684 684 684 684 684 684 684 684 684 684 684 684 684 684 683 683 683 683 683 683 683 684 685 685 686 686 687 687 688 688 689 689 690 690 691 691 691 691 692 692 693 693 694 694 695 695 696 696 695 696 696 697 697 698 699 699 699 700 700 700 701 701 702 702 703 725 725 726 726 727 727 727 727 727 727 727 727 535 534 534 534 534 534 535 534 534 533 533 534 533 533 533 534 535
684 684 684 684 684 684 684 684 684 684 684 684 684 684 684 684 684 684 684 684 684 685 685 686 686 687 687 688 687 688 688 689 689 690 690 691 691 692 692 693 693 694 694 694 694 695 695 695 696 696 697 697 697 698 698 698 699 699 700 701 701 701 701 702 702 725 725 727 727 726 726 726 727 727 728 727 727 534 534 534 534 533 533 534 534 534 534 533 534 533 533 533 532 532
685 685 685 685 685 685 685 685 685 685 685 685 685 685 684 684 684 684 684 684 684 684 685 685 686 686 687 687 688 688 689 689 690 690 691 691 692 691 692 692 693 693 694 694 694 695 695 696 696 696 696 696 697 698 698 699 699 699 700 700 700 700 702 702 702 725 725 726 726 726 726 726 727 727 727 727 533 534 534 533 533 533 533 534 533 533 533 533 534 533 533 532 532 532
685 685 685 685 685 685 685 685 685 685 685 685 685 685 685 685 685 685 685 685 685 685 685 686 686 687 687 688 687 688 688 689 689 690 690 691 691 692 692 693 693 694 694 693 694 694 695 695 695 696 696 697 697 698 698 698 698 699 700 700 700 701 700 701 701 725 725 726 726 725 726 726 727 727 727 727 532 533 533 533 533 533 532 533 533 533 533 532 533 533 533 533 532 531
686 686 686 686 686 686 686 686 686 686 686 686 686 686 685 685 685 685 685 685 685 685 685 685 686 686 687 687 688 688 689 689 690 690 691 691 692 691 692 692 693 693 693 694 694 695 695 695 696 695 696 696 696 698 698 698 699 699 699 700 700 700 700 702 702 725 724 725 726 726 726 726 727 726 726 532 532 533 534 533 533 533 533 534 534 533 532 532 533 533 532 532 532 532
686 686 686 686 686 686 686 686 686 686 686 686 686 686 686 686 686 686 686 686 686 686 686 686 686 687 687 688 687 688 688 689 689 690 690 691 691 692 692 693 693 693 694 693 694 694 694 695 695 696 696 696 697 698 697 698 698 698 700 700 700 700 700 701 701 724 724 725 726 725 725 725 725 726 727 533 532 532 533 533 533 533 532 533 533 533 533 532 533 532 532 532 531 531
687 687 687 687 687 687 687 687 687 687 687 687 686 686 686 686 686 686 686 686 686 686 686 686 686 686 687 687 688 688 689 689 690 690 691 691 691 691 691 692 692 693 693 694 694 694 695 695 696 695 695 696 696 697 698 698 698 699 699 699 699 700 700 701 701 725 724 724 725 725 725 726 726 726 532 532 532 532 533 532 532 532 532 533 533 532 532 532 533 533 532 532 531 584
687 687 687 687 687 687 687 687 687 687 687 687 687 687 687 687 687 687 687 687 687 687 687 687 687 687 687 688 687 688 688 689 689 690 690 691 691 691 692 692 693 693 694 693 693 694 694 695 695 695 696 696 696 696 697 697 698 698 699 699 700 700 699 700 701 724 724 724 725 725 725 725 725 726 532 532 531 531 532 532 532 532 531 532 532 532 532 531 531 532 532 585 585 584
554 687 688 688 688 688 688 688 688 687 687 687 687 687 687 687 687 687 687 687 687 687 687 687 687 687 687 687 688 688 689 689 690 690 690 691 690 691 691 692 692 693 693 693 694 694 695 695 694 695 695 695 696 696 697 698 698 698 698 699 699 699 699 701 701 724 723 723 725 725 725 725 725 531 531 531 532 532 533 532 532 532 532 533 533 532 532 531 531 532 584 584 584 584
555 555 555 555 555 555 555 555 555 555 555 555 555 555 555 555 555 555 555 555 555 555 688 688 688 688 688 687 687 688 688 688 689 689 690 690 691 691 692 692 693 693 692 693 693 694 694 694 695 695 695 696 696 695 697 697 697 698 699 699 699 700 699 700 700 723 724 724 725 724 724 724 724 532 532 532 531 531 532 532 532 532 531 532 532 532 532 531 531 585 584 584 584 583
555 555 555 555 555 555 555 555 555 555 555 555 555 555 555 555 555 555 555 555 555 555 555 555 555 555 555 555 555 555 555 556 556 557 557 557 557 558 558 558 559 559 560 560 561 561 561 562 561 561 695 695 695 696 697 697 698 698 698 698 699 699 699 700 700 724 723 723 724 724 724 725 531 531 531 531 531 531 532 531 531 531 531 532 532 531 531 584 584 585 584 584 583 583
556 556 556 556 556 556 556 556 556 556 556 556 556 556 556 556 556 556 556 556 556 556 556 556 556 556 555 555 555 555 555 555 556 556 557 557 558 558 558 559 559 560 559 559 560 560 561 561 561 562 562 562 563 562 563 564 564 564 564 566 566 566 565 567 567 590 590 590 591 591 591 591 397 398 398 398 397 397 398 398 398 398 397 397 398 398 451 450 450 451 451 451 451 450
556 556 556 556 556 556 556 556 556 556 556 556 556 556 556 556 556 556 556 556 556 556 556 556 556 556 556 556 556 556 556 556 556 557 556 557 557 557 558 558 559 559 559 560 560 561 561 560 561 561 561 562 562 562 564 564 564 563 564 565 565 565 566 567 567 589 589 590 591 591 591 397 397 397 397 397 398 398 399 398 398 398 398 398 452 451 451 450 450 451 450 450 450 450
557 557 557 557 557 557 557 557 557 557 557 557 557 557 557 557 557 557 557 557 557 557 557 557 556 556 556 556 556 556 556 556 556 556 557 557 557 558 558 559 559 558 559 559 560 560 560 561 561 561 562 562 561 562 563 563 563 564 564 565 565 565 565 565 566 590 590 590 591 590 590 396 396 398 398 398 397 397 397 398 398 398 397 450 451 451 451 450 450 451 450 450 450 449
557 557 557 557 557 557 557 557 557 557 557 557 557 557 557 557 557 557 557 557 557 557 557 557 557 557 557 557 557 557 557 557 557 556 556 556 557 557 558 558 558 559 559 560 560 560 561 560 560 561 561 561 562 562 563 564 564 563 563 565 565 565 565 565 567 566 589 589 589 590 397 397 396 396 397 397 397 397 397 397 397 397 450 450 451 450 450 450 450 451 450 450 450 449
558 558 558 558 558 558 558 558 558 558 558 558 558 558 558 558 558 558 558 558 558 558 557 557 557 557 557 557 557 557 557 557 557 557 557 557 557 558 558 558 558 558 559 559 559 560 560 560 561 561 561 562 561 561 563 563 563 563 564 565 565 564 564 565 566 566 589 589 590 590 396 396 396 396 397 396 396 396 396 397 397 450 449 449 450 450 450 449 449 449 450 450 450 449
558 558 558 558 558 558 558 558 558 558 558 558 558 558 558 558 558 558 558 558 558 558 558 558 558 558 558 558 558 558 558 558 557 557 557 557 557 557 557 558 558 559 559 559 560 560 559 560 560 560 561 561 561 562 562 563 562 563 563 564 564 565 565 565 566 565 589 589 589 396 396 396 395 395 396 397 397 397 396 450 450 450 450 450 450 450 450 450 449 449 449 449 449 449
559 559 559 559 559 559 559 559 559 559 559 559 559 559 559 559 559 559 559 558 558 558 558 558 558 558 558 558 558 558 558 558 558 558 558 558 558 558 558 557 558 558 558 559 559 559 560 560 560 561 561 560 561 561 561 562 563 563 563 564 564 564 564 564 565 566 589 589 588 395 395 395 396 396 397 396 396 396 449 450 450 449 449 449 450 450 450 449 449 449 450 449 448 448
559 559 559 559 559 559 559 559 559 559 559 559 559 559 559 559 559 559 559 559 559 559 559 559 559 559 559 559 559 559 558 558 558 558 558 558 558 558 558 558 558 558 559 559 559 559 559 559 560 560 560 561 561 561 561 562 562 562 562 564 564 564 564 565 565 565 588 588 394 395 396 395 395 395 396 396 396 449 448 449 449 449 449 449 448 449 449 449 449 449 449 449 449 448
560 560 560 560 560 560 560 560 560 560 560 560 560 560 560 559 559 559 559 559 559 559 559 559 559 559 559 559 559 559 559 559 559 559 559 559 559 559 558 558 558 558 558 558 559 559 559 560 560 560 560 560 560 561 561 562 562 563 563 563 563 563 564 564 565 565 588 588 394 395 395 395 395 395 396 448 448 448 448 449 450 449 449 448 448 449 449 448 448 448 449 449 448 448
560 560 560 560 560 560 560 560 560 560 560 560 560 560 560 560 560 560 560 560 560 560 560 560 560 560 560 560 559 559 559 559 559 559 559 559 559 559 559 559 559 559 559 559 558 558 559 559 559 560 560 560 561 561 561 561 562 562 562 562 564 564 564 563 563 564 588 394 394 395 395 394 394 394 449 449 449 449 448 448 449 449 449 449 448 449 449 449 449 447 448 448 448 448
560 560 560 560 560 560 560 560 560 560 560 560 560 560 560 560 560 560 560 560 560 560 560 560 560 560 560 560 560 560 560 560 560 560 560 560 559 559 559 559 559 559 559 559 559 559 559 559 560 559 559 560 560 560 560 562 562 562 562 562 563 563 563 563 564 565 588 393 393 393 394 395 395 448 447 448 448 448 448 448 449 448 448 448 448 449 448 448 448 448 448 449 447 447
561 561 561 561 561 561 561 561 561 561 561 561 561 561 561 561 561 561 561 561 561 561 561 561 561 561 560 560 560 560 560 560 560 560 560 560 560 560 560 560 560 560 559 559 559 559 559 559 559 559 560 560 560 560 560 561 561 561 562 562 563 563 563 563 563 564 393 393 393 394 394 394 447 447 447 448 448 447 447 447 448 448 448 447 447 448 448 448 448 447 447 448 448 448
561 561 561 561 561 561 561 561 561 561 561 561 561 561 561 561 561 561 561 561 561 561 561 561 561 561 561 561 561 561 561 561 561 561 560 560 560 560 560 560 560 560 560 560 560 560 560 560 559 559 559 559 559 560 560 560 561 562 561 561 562 563 563 563 563 564 369 393 393 393 447 447 447 446 446 447 447 447 447 448 448 448 448 448 447 448 447 447 447 447 447 447 447 447
562 562 562 562 562 562 562 562 562 562 562 562 562 562 562 562 562 562 562 562 562 562 561 561 561 561 561 561 561 561 561 561 561 561 561 561 561 561 561 561 561 560 560 560 560 560 560 560 560 560 560 560 560 559 559 560 561 561 561 561 563 563 562 562 562 370 370 393 393 446 446 446 446 446 447 448 447 447 447 447 448 448 448 447 447 447 448 448 448 446 446 447 447 447
562 562 562 562 562 562 562 562 562 562 562 562 562 562 562 562 562 562 562 562 562 562 562 562 562 562 562 562 562 562 562 562 561 561 561 561 561 561 561 561 561 561 561 561 561 561 560 560 560 560 560 560 560 560 560 560 561 560 561 561 561 562 562 562 369 369 369 392 445 445 446 447 447 446 446 447 447 447 447 446 446 447 447 447 447 446 447 447 447 447 447 447 446 446
563 563 563 563 563 563 563 563 563 563 563 563 563 563 563 563 563 563 562 562 562 562 562 562 562 562 562 562 562 562 562 562 562 562 562 562 562 562 562 561 561 561 561 561 561 561 561 561 561 561 561 560 560 560 560 560 561 561 561 561 561 561 562 562 368 368 369 445 445 445 446 446 446 446 446 446 446 446 446 446 446 447 446 446 446 446 447 447 446 446 446 446 447 446
563 563 563 563 563 563 563 563 563 563 563 563 563 563 563 563 563 563 563 563 563 563 563 563 563 563 563 563 563 562 562 562 562 562 562 562 562 562 562 562 562 562 562 562 562 561 561 561 561 561 561 561 561 561 561 561 561 561 561 561 561 562 562 368 367 420 422 445 445 445 445 446 445 445 445 445 446 446 447 446 446 447 447 447 447 445 446 446 446 446 446 445 446 446
563 563 564 564 564 564 564 564 564 563 563 563 563 563 563 563 563 563 563 563 563 563 563 563 563 563 563 563 563 563 563 563 563 563 563 563 563 562 562 562 562 562 562 562 562 562 562 562 562 562 561 561 561 561 561 561 561 562 562 562 561 562 562 368 421 421 422 445 444 444 444 445 445 446 446 445 446 446 446 446 446 446 446 446 446 446 447 446 446 446 445 445 446 445
