testData/tiles/oneDegree/grid48.0-19.0-49.0-20.0.asc
ncols   200
nrows   200
xllcorner   48.0
yllcorner   19.0
cellsize   0.005
NODATA_value   -9999.0
[rows 17 to 33 of 200, columns 148 to 184 of 200]
4.350000000000000000e+02 4.350000000000000000e+02 4.360000000000000000e+02 4.360000000000000000e+02 4.370000000000000000e+02 4.380000000000000000e+02 4.380000000000000000e+02 4.390000000000000000e+02 4.390000000000000000e+02 4.400000000000000000e+02 4.410000000000000000e+02 4.410000000000000000e+02 4.420000000000000000e+02 4.420000000000000000e+02 4.430000000000000000e+02 4.430000000000000000e+02 4.440000000000000000e+02 4.440000000000000000e+02 4.440000000000000000e+02 4.450000000000000000e+02 4.450000000000000000e+02 4.460000000000000000e+02 4.460000000000000000e+02 4.460000000000000000e+02 4.470000000000000000e+02 4.470000000000000000e+02 4.470000000000000000e+02 4.480000000000000000e+02 4.480000000000000000e+02 4.480000000000000000e+02 4.490000000000000000e+02 4.490000000000000000e+02 4.490000000000000000e+02 4.490000000000000000e+02 4.490000000000000000e+02 4.500000000000000000e+02 4.500000000000000000e+02
4.330000000000000000e+02 4.340000000000000000e+02 4.350000000000000000e+02 4.350000000000000000e+02 4.360000000000000000e+02 4.370000000000000000e+02 4.370000000000000000e+02 4.380000000000000000e+02 4.380000000000000000e+02 4.390000000000000000e+02 4.390000000000000000e+02 4.400000000000000000e+02 4.400000000000000000e+02 4.410000000000000000e+02 4.410000000000000000e+02 4.420000000000000000e+02 4.420000000000000000e+02 4.430000000000000000e+02 4.430000000000000000e+02 4.440000000000000000e+02 4.440000000000000000e+02 4.440000000000000000e+02 4.450000000000000000e+02 4.450000000000000000e+02 4.460000000000000000e+02 4.460000000000000000e+02 4.460000000000000000e+02 4.470000000000000000e+02 4.470000000000000000e+02 4.470000000000000000e+02 4.470000000000000000e+02 4.480000000000000000e+02 4.480000000000000000e+02 4.480000000000000000e+02 4.480000000000000000e+02 4.480000000000000000e+02 4.490000000000000000e+02
4.320000000000000000e+02 4.330000000000000000e+02 4.340000000000000000e+02 4.340000000000000000e+02 4.350000000000000000e+02 4.350000000000000000e+02 4.360000000000000000e+02 4.370000000000000000e+02 4.370000000000000000e+02 4.380000000000000000e+02 4.380000000000000000e+02 4.390000000000000000e+02 4.390000000000000000e+02 4.400000000000000000e+02 4.400000000000000000e+02 4.410000000000000000e+02 4.410000000000000000e+02 4.420000000000000000e+02 4.420000000000000000e+02 4.430000000000000000e+02 4.430000000000000000e+02 4.430000000000000000e+02 4.440000000000000000e+02 4.440000000000000000e+02 4.440000000000000000e+02 4.450000000000000000e+02 4.450000000000000000e+02 4.450000000000000000e+02 4.460000000000000000e+02 4.460000000000000000e+02 4.460000000000000000e+02 4.460000000000000000e+02 4.470000000000000000e+02 4.470000000000000000e+02 4.470000000000000000e+02 4.470000000000000000e+02 4.470000000000000000e+02
4.310000000000000000e+02 4.320000000000000000e+02 4.330000000000000000e+02 4.330000000000000000e+02 4.340000000000000000e+02 4.340000000000000000e+02 4.350000000000000000e+02 4.360000000000000000e+02 4.360000000000000000e+02 4.370000000000000000e+02 4.370000000000000000e+02 4.380000000000000000e+02 4.380000000000000000e+02 4.390000000000000000e+02 4.390000000000000000e+02 4.400000000000000000e+02 4.400000000000000000e+02 4.410000000000000000e+02 4.410000000000000000e+02 4.410000000000000000e+02 4.420000000000000000e+02 4.420000000000000000e+02 4.430000000000000000e+02 4.430000000000000000e+02 4.430000000000000000e+02 4.440000000000000000e+02 4.440000000000000000e+02 4.440000000000000000e+02 4.440000000000000000e+02 4.450000000000000000e+02 4.450000000000000000e+02 4.450000000000000000e+02 4.450000000000000000e+02 4.460000000000000000e+02 4.460000000000000000e+02 4.460000000000000000e+02 4.460000000000000000e+02
4.300000000000000000e+02 4.310000000000000000e+02 4.320000000000000000e+02 4.320000000000000000e+02 4.330000000000000000e+02 4.330000000000000000e+02 4.340000000000000000e+02 4.340000000000000000e+02 4.350000000000000000e+02 4.360000000000000000e+02 4.360000000000000000e+02 4.370000000000000000e+02 4.370000000000000000e+02 4.380000000000000000e+02 4.380000000000000000e+02 4.380000000000000000e+02 4.390000000000000000e+02 4.390000000000000000e+02 4.400000000000000000e+02 4.400000000000000000e+02 4.410000000000000000e+02 4.410000000000000000e+02 4.410000000000000000e+02 4.420000000000000000e+02 4.420000000000000000e+02 4.420000000000000000e+02 4.430000000000000000e+02 4.430000000000000000e+02 4.430000000000000000e+02 4.430000000000000000e+02 4.440000000000000000e+02 4.440000000000000000e+02 4.440000000000000000e+02 4.440000000000000000e+02 4.450000000000000000e+02 4.450000000000000000e+02 4.450000000000000000e+02
4.290000000000000000e+02 4.300000000000000000e+02 4.300000000000000000e+02 4.310000000000000000e+02 4.320000000000000000e+02 4.320000000000000000e+02 4.330000000000000000e+02 4.330000000000000000e+02 4.340000000000000000e+02 4.340000000000000000e+02 4.350000000000000000e+02 4.350000000000000000e+02 4.360000000000000000e+02 4.360000000000000000e+02 4.370000000000000000e+02 4.370000000000000000e+02 4.380000000000000000e+02 4.380000000000000000e+02 4.390000000000000000e+02 4.390000000000000000e+02 4.390000000000000000e+02 4.400000000000000000e+02 4.400000000000000000e+02 4.400000000000000000e+02 4.410000000000000000e+02 4.410000000000000000e+02 4.410000000000000000e+02 4.420000000000000000e+02 4.420000000000000000e+02 4.420000000000000000e+02 4.430000000000000000e+02 4.430000000000000000e+02 4.430000000000000000e+02 4.430000000000000000e+02 4.430000000000000000e+02 4.430000000000000000e+02 4.440000000000000000e+02
4.280000000000000000e+02 4.290000000000000000e+02 4.290000000000000000e+02 4.300000000000000000e+02 4.310000000000000000e+02 4.310000000000000000e+02 4.320000000000000000e+02 4.320000000000000000e+02 4.330000000000000000e+02 4.330000000000000000e+02 4.340000000000000000e+02 4.340000000000000000e+02 4.350000000000000000e+02 4.350000000000000000e+02 4.360000000000000000e+02 4.360000000000000000e+02 4.370000000000000000e+02 4.370000000000000000e+02 4.370000000000000000e+02 4.380000000000000000e+02 4.380000000000000000e+02 4.390000000000000000e+02 4.390000000000000000e+02 4.390000000000000000e+02 4.400000000000000000e+02 4.400000000000000000e+02 4.400000000000000000e+02 4.410000000000000000e+02 4.410000000000000000e+02 4.410000000000000000e+02 4.410000000000000000e+02 4.420000000000000000e+02 4.420000000000000000e+02 4.420000000000000000e+02 4.420000000000000000e+02 4.420000000000000000e+02 4.420000000000000000e+02
4.270000000000000000e+02 4.280000000000000000e+02 4.280000000000000000e+02 4.290000000000000000e+02 4.290000000000000000e+02 4.300000000000000000e+02 4.310000000000000000e+02 4.310000000000000000e+02 4.320000000000000000e+02 4.320000000000000000e+02 4.330000000000000000e+02 4.330000000000000000e+02 4.340000000000000000e+02 4.340000000000000000e+02 4.350000000000000000e+02 4.350000000000000000e+02 4.350000000000000000e+02 4.360000000000000000e+02 4.360000000000000000e+02 4.370000000000000000e+02 4.370000000000000000e+02 4.370000000000000000e+02 4.380000000000000000e+02 4.380000000000000000e+02 4.380000000000000000e+02 4.390000000000000000e+02 4.390000000000000000e+02 4.390000000000000000e+02 4.400000000000000000e+02 4.400000000000000000e+02 4.400000000000000000e+02 4.400000000000000000e+02 4.410000000000000000e+02 4.410000000000000000e+02 4.410000000000000000e+02 4.410000000000000000e+02 4.410000000000000000e+02
4.260000000000000000e+02 4.270000000000000000e+02 4.270000000000000000e+02 4.280000000000000000e+02 4.280000000000000000e+02 4.290000000000000000e+02 4.290000000000000000e+02 4.300000000000000000e+02 4.310000000000000000e+02 4.310000000000000000e+02 4.320000000000000000e+02 4.320000000000000000e+02 4.320000000000000000e+02 4.330000000000000000e+02 4.330000000000000000e+02 4.340000000000000000e+02 4.340000000000000000e+02 4.350000000000000000e+02 4.350000000000000000e+02 4.350000000000000000e+02 4.360000000000000000e+02 4.360000000000000000e+02 4.370000000000000000e+02 4.370000000000000000e+02 4.370000000000000000e+02 4.380000000000000000e+02 4.380000000000000000e+02 4.380000000000000000e+02 4.380000000000000000e+02 4.390000000000000000e+02 4.390000000000000000e+02 4.390000000000000000e+02 4.390000000000000000e+02 4.390000000000000000e+02 4.400000000000000000e+02 4.400000000000000000e+02 4.400000000000000000e+02
4.250000000000000000e+02 4.260000000000000000e+02 4.260000000000000000e+02 4.270000000000000000e+02 4.270000000000000000e+02 4.280000000000000000e+02 4.280000000000000000e+02 4.290000000000000000e+02 4.290000000000000000e+02 4.300000000000000000e+02 4.300000000000000000e+02 4.310000000000000000e+02 4.310000000000000000e+02 4.320000000000000000e+02 4.320000000000000000e+02 4.330000000000000000e+02 4.330000000000000000e+02 4.340000000000000000e+02 4.340000000000000000e+02 4.340000000000000000e+02 4.350000000000000000e+02 4.350000000000000000e+02 4.350000000000000000e+02 4.360000000000000000e+02 4.360000000000000000e+02 4.360000000000000000e+02 4.370000000000000000e+02 4.370000000000000000e+02 4.370000000000000000e+02 4.370000000000000000e+02 4.380000000000000000e+02 4.380000000000000000e+02 4.380000000000000000e+02 4.380000000000000000e+02 4.380000000000000000e+02 2.500000000000000000e+02 2.500000000000000000e+02
4.240000000000000000e+02 4.240000000000000000e+02 4.250000000000000000e+02 4.260000000000000000e+02 4.260000000000000000e+02 4.270000000000000000e+02 4.270000000000000000e+02 4.280000000000000000e+02 4.280000000000000000e+02 4.290000000000000000e+02 4.290000000000000000e+02 4.300000000000000000e+02 4.300000000000000000e+02 4.310000000000000000e+02 4.310000000000000000e+02 4.320000000000000000e+02 4.320000000000000000e+02 4.320000000000000000e+02 4.330000000000000000e+02 4.330000000000000000e+02 4.340000000000000000e+02 4.340000000000000000e+02 4.340000000000000000e+02 4.350000000000000000e+02 4.350000000000000000e+02 4.350000000000000000e+02 4.350000000000000000e+02 4.360000000000000000e+02 4.360000000000000000e+02 4.360000000000000000e+02 2.470000000000000000e+02 2.480000000000000000e+02 2.480000000000000000e+02 2.480000000000000000e+02 2.480000000000000000e+02 2.480000000000000000e+02 2.490000000000000000e+02
4.230000000000000000e+02 4.230000000000000000e+02 4.240000000000000000e+02 4.240000000000000000e+02 4.250000000000000000e+02 4.260000000000000000e+02 4.260000000000000000e+02 4.270000000000000000e+02 4.270000000000000000e+02 4.280000000000000000e+02 4.280000000000000000e+02 4.290000000000000000e+02 4.290000000000000000e+02 4.300000000000000000e+02 4.300000000000000000e+02 4.300000000000000000e+02 4.310000000000000000e+02 4.310000000000000000e+02 4.320000000000000000e+02 4.320000000000000000e+02 4.320000000000000000e+02 4.330000000000000000e+02 4.330000000000000000e+02 2.440000000000000000e+02 2.450000000000000000e+02 2.450000000000000000e+02 2.450000000000000000e+02 2.450000000000000000e+02 2.460000000000000000e+02 2.460000000000000000e+02 2.460000000000000000e+02 2.460000000000000000e+02 2.470000000000000000e+02 2.470000000000000000e+02 2.470000000000000000e+02 2.470000000000000000e+02 2.470000000000000000e+02
4.220000000000000000e+02 4.220000000000000000e+02 4.230000000000000000e+02 4.230000000000000000e+02 4.240000000000000000e+02 4.240000000000000000e+02 4.250000000000000000e+02 4.260000000000000000e+02 4.260000000000000000e+02 4.270000000000000000e+02 4.270000000000000000e+02 4.270000000000000000e+02 4.280000000000000000e+02 4.280000000000000000e+02 4.290000000000000000e+02 2.400000000000000000e+02 2.410000000000000000e+02 2.410000000000000000e+02 2.410000000000000000e+02 2.420000000000000000e+02 2.420000000000000000e+02 2.420000000000000000e+02 2.430000000000000000e+02 2.430000000000000000e+02 2.430000000000000000e+02 2.440000000000000000e+02 2.440000000000000000e+02 2.440000000000000000e+02 2.450000000000000000e+02 2.450000000000000000e+02 2.450000000000000000e+02 2.450000000000000000e+02 2.450000000000000000e+02 2.460000000000000000e+02 2.460000000000000000e+02 2.460000000000000000e+02 2.460000000000000000e+02
2.320000000000000000e+02 2.320000000000000000e+02 2.330000000000000000e+02 2.330000000000000000e+02 2.340000000000000000e+02 2.340000000000000000e+02 2.350000000000000000e+02 2.350000000000000000e+02 2.360000000000000000e+02 2.360000000000000000e+02 2.370000000000000000e+02 2.370000000000000000e+02 2.380000000000000000e+02 2.380000000000000000e+02 2.390000000000000000e+02 2.390000000000000000e+02 2.390000000000000000e+02 2.400000000000000000e+02 2.400000000000000000e+02 2.410000000000000000e+02 2.410000000000000000e+02 2.410000000000000000e+02 2.420000000000000000e+02 2.420000000000000000e+02 2.420000000000000000e+02 2.430000000000000000e+02 2.430000000000000000e+02 2.430000000000000000e+02 2.430000000000000000e+02 2.440000000000000000e+02 2.440000000000000000e+02 2.440000000000000000e+02 2.440000000000000000e+02 2.440000000000000000e+02 2.450000000000000000e+02 2.450000000000000000e+02 2.450000000000000000e+02
2.300000000000000000e+02 2.310000000000000000e+02 2.320000000000000000e+02 2.320000000000000000e+02 2.330000000000000000e+02 2.330000000000000000e+02 2.340000000000000000e+02 2.340000000000000000e+02 2.350000000000000000e+02 2.350000000000000000e+02 2.360000000000000000e+02 2.360000000000000000e+02 2.370000000000000000e+02 2.370000000000000000e+02 2.370000000000000000e+02 2.380000000000000000e+02 2.380000000000000000e+02 2.390000000000000000e+02 2.390000000000000000e+02 2.390000000000000000e+02 2.400000000000000000e+02 2.400000000000000000e+02 2.400000000000000000e+02 2.410000000000000000e+02 2.410000000000000000e+02 2.410000000000000000e+02 2.420000000000000000e+02 2.420000000000000000e+02 2.420000000000000000e+02 2.420000000000000000e+02 2.430000000000000000e+02 2.430000000000000000e+02 2.430000000000000000e+02 2.430000000000000000e+02 2.430000000000000000e+02 2.430000000000000000e+02 2.440000000000000000e+02
2.290000000000000000e+02 2.300000000000000000e+02 2.310000000000000000e+02 2.310000000000000000e+02 2.320000000000000000e+02 2.320000000000000000e+02 2.330000000000000000e+02 2.330000000000000000e+02 2.340000000000000000e+02 2.340000000000000000e+02 2.350000000000000000e+02 2.350000000000000000e+02 2.350000000000000000e+02 2.360000000000000000e+02 2.360000000000000000e+02 2.370000000000000000e+02 2.370000000000000000e+02 2.370000000000000000e+02 2.380000000000000000e+02 2.380000000000000000e+02 2.390000000000000000e+02 2.390000000000000000e+02 2.390000000000000000e+02 2.400000000000000000e+02 2.400000000000000000e+02 2.400000000000000000e+02 2.400000000000000000e+02 2.410000000000000000e+02 2.410000000000000000e+02 2.410000000000000000e+02 2.410000000000000000e+02 2.420000000000000000e+02 2.420000000000000000e+02 2.420000000000000000e+02 2.420000000000000000e+02 2.420000000000000000e+02 2.420000000000000000e+02
2.290000000000000000e+02 2.290000000000000000e+02 2.290000000000000000e+02 2.300000000000000000e+02 2.300000000000000000e+02 2.310000000000000000e+02 2.310000000000000000e+02 2.320000000000000000e+02 2.320000000000000000e+02 2.330000000000000000e+02 2.330000000000000000e+02 2.340000000000000000e+02 2.340000000000000000e+02 2.350000000000000000e+02 2.350000000000000000e+02 2.360000000000000000e+02 2.360000000000000000e+02 2.360000000000000000e+02 2.370000000000000000e+02 2.370000000000000000e+02 2.370000000000000000e+02 2.380000000000000000e+02 2.380000000000000000e+02 2.380000000000000000e+02 2.390000000000000000e+02 2.390000000000000000e+02 2.390000000000000000e+02 2.390000000000000000e+02 2.400000000000000000e+02 2.400000000000000000e+02 2.400000000000000000e+02 2.400000000000000000e+02 2.410000000000000000e+02 2.410000000000000000e+02 2.410000000000000000e+02 2.410000000000000000e+02 2.410000000000000000e+02
