testData/tiles/oneDegree/grid18.0-48.0-19.0-49.0.asc
ncols   200
nrows   200
xllcorner   18.0
yllcorner   48.0
cellsize   0.005
NODATA_value   -9999.0
[rows 42 to 83 of 200, columns 0 to 93 of 200]
588 588 589 589 589 588 589 589 589 590 590 590 591 591 590 590 591 591 591 592 592 592 591 592 592 592 593 593 593 592 593 593 593 593 594 593 593 593 594 594 593 593 594 594 594 594 593 594 594 594 593 593 594 594 594 593 593 593 594 593 593 593 593 593 592 593 593 593 592 592 592 591 591 591 591 591 591 591 591 590 590 590 589 589 589 588 510 510 509 509 509 508 508 508
588 588 588 589 588 588 589 589 589 589 590 590 590 590 590 590 590 591 591 591 592 591 591 591 592 592 592 593 592 592 592 593 593 593 592 593 593 593 593 594 593 593 593 593 594 593 593 593 593 594 593 593 593 593 593 593 593 593 593 592 593 593 593 592 592 592 592 591 592 592 592 591 591 591 591 590 590 590 589 589 589 588 588 588 588 587 587 509 508 508 508 507 507 507
587 588 588 587 588 588 588 589 589 589 589 590 589 589 590 590 590 591 591 591 590 591 591 591 591 592 592 591 592 592 592 592 593 592 592 592 593 593 593 592 592 593 593 593 592 593 593 593 593 592 593 593 593 593 592 592 593 593 592 592 592 592 591 592 592 592 591 591 591 591 590 590 591 591 590 590 590 590 589 589 589 588 588 588 587 587 587 586 508 508 508 507 507 507
587 587 587 587 587 588 588 588 589 589 589 589 589 589 589 590 590 590 591 590 590 590 591 591 591 591 591 591 591 591 592 592 591 591 592 592 592 592 592 592 592 592 593 592 592 592 592 593 592 592 592 592 593 592 592 592 592 592 592 592 592 592 591 591 591 591 591 591 591 591 590 590 590 589 589 589 589 588 589 589 588 588 588 588 587 587 587 586 508 508 507 507 507 505
586 586 587 587 587 587 588 588 588 589 588 588 589 589 589 589 590 590 589 590 590 590 590 591 591 590 590 591 591 591 591 592 591 591 591 592 592 591 591 592 592 592 592 591 592 592 592 592 591 592 592 592 592 591 592 592 592 591 591 591 591 591 591 591 591 590 590 590 590 590 590 590 590 589 589 589 589 588 588 588 587 587 587 586 586 586 586 585 585 507 506 506 506 505
586 586 586 587 587 587 588 588 587 587 588 588 588 589 589 589 589 589 589 589 590 590 590 590 590 590 590 590 591 591 591 590 591 591 591 591 592 591 591 591 591 592 591 591 591 592 592 591 591 591 592 592 591 591 591 591 591 591 591 591 591 590 590 590 591 590 590 590 590 589 589 589 588 588 589 589 588 588 588 587 587 587 587 586 586 586 585 585 585 584 506 506 505 505
585 586 586 586 587 587 587 587 587 587 587 588 588 588 589 589 588 588 589 589 589 590 590 589 589 590 590 590 590 591 590 590 590 591 591 591 590 591 591 591 591 590 591 591 591 591 590 591 591 591 591 590 591 591 591 591 590 590 590 591 590 590 590 590 589 589 589 590 589 589 589 589 588 588 588 587 587 587 587 586 586 586 585 585 585 585 584 584 584 583 505 505 504 504
585 586 586 586 586 587 586 586 587 587 587 587 588 588 588 588 588 588 588 589 589 589 589 589 589 589 590 590 590 589 590 590 590 590 591 590 590 590 590 591 590 590 590 590 591 591 590 590 590 591 590 590 590 590 590 590 590 590 590 589 589 590 590 590 589 589 589 588 588 588 588 588 588 588 588 587 587 587 586 586 586 586 585 585 585 584 584 584 583 583 583 504 504 504
585 585 586 586 585 585 586 586 586 587 587 587 588 587 587 587 588 588 588 588 589 588 588 588 589 589 589 590 589 589 589 589 590 590 589 589 590 590 590 590 590 590 590 590 590 590 590 590 590 590 589 590 590 590 589 589 589 590 590 589 589 589 589 588 589 589 589 588 588 588 588 587 587 587 586 586 586 587 586 586 586 585 585 585 585 584 584 584 583 583 583 582 504 504
585 585 585 585 585 585 586 586 586 586 587 587 586 587 587 587 587 588 588 588 587 588 588 588 588 589 589 588 588 589 589 589 589 589 589 589 589 590 590 589 589 589 590 590 589 589 589 590 590 589 589 589 589 590 589 589 589 589 588 589 589 589 588 588 588 588 587 587 588 588 587 587 587 587 586 586 586 585 585 585 585 584 584 584 583 583 583 582 582 582 581 581 503 502
585 584 584 584 585 585 585 586 586 586 586 586 586 586 587 587 587 587 588 587 587 587 588 588 588 588 588 588 588 588 589 589 588 588 589 589 589 589 588 589 589 589 589 588 589 589 589 589 588 589 589 589 589 588 588 589 589 588 588 588 588 588 588 588 588 588 587 587 587 586 586 586 586 586 586 586 586 585 585 585 584 584 584 583 583 583 583 582 582 582 581 581 581 502
583 584 584 584 584 585 585 585 586 585 585 585 586 586 586 587 587 587 586 587 587 587 587 588 588 587 587 588 588 588 588 588 588 588 588 588 589 588 588 588 589 589 588 588 588 589 589 588 588 588 588 589 588 588 588 588 588 588 588 588 588 587 587 587 587 586 587 587 587 586 586 586 586 585 585 585 584 584 584 584 583 584 584 583 583 583 582 582 582 581 580 580 579 579
583 583 584 584 584 584 585 585 584 585 585 585 585 586 586 586 586 586 586 586 587 587 587 587 587 587 587 587 588 588 587 587 587 588 588 588 587 588 588 588 588 588 588 588 588 588 588 588 588 588 588 587 587 588 588 588 587 587 587 587 587 587 587 587 586 586 586 586 585 585 586 586 585 585 585 585 584 584 584 583 583 583 582 582 582 582 581 581 581 580 580 580 579 579
583 583 583 584 584 584 584 584 584 584 585 585 585 585 586 585 585 585 586 586 586 587 587 586 586 587 587 587 587 586 587 587 587 587 588 587 587 587 587 588 588 587 587 587 588 588 587 587 587 588 588 587 587 587 587 587 587 587 587 587 586 586 586 587 586 586 586 586 585 585 585 584 584 584 584 584 584 584 583 583 583 583 582 582 582 581 581 581 580 580 580 579 579 579
582 583 583 583 584 583 583 583 584 584 584 585 585 585 584 585 585 585 585 586 586 586 585 586 586 586 586 587 586 586 586 587 587 587 586 587 587 587 587 587 587 587 587 587 587 587 587 587 587 587 586 587 587 587 586 586 586 586 587 586 586 586 586 585 585 585 585 585 585 585 585 584 584 584 583 583 583 583 582 582 582 581 581 581 580 580 580 580 579 579 579 578 578 578
582 583 583 582 582 583 583 583 584 584 584 584 585 584 584 584 585 585 585 585 585 585 585 585 586 586 586 585 586 586 586 586 587 586 586 586 586 587 587 586 586 586 587 587 586 586 586 587 587 586 586 586 586 586 586 586 586 586 585 585 585 586 585 585 585 585 584 584 584 584 583 584 584 584 583 583 583 582 582 582 582 581 581 581 580 580 580 579 579 579 578 578 578 577
582 582 582 582 582 582 583 583 583 584 584 583 583 584 584 584 584 585 585 584 584 585 585 585 585 586 585 585 585 586 586 586 585 585 586 586 586 586 585 586 586 586 586 585 586 586 586 586 585 586 586 586 586 585 585 585 586 585 585 585 585 585 584 584 585 585 584 584 584 583 583 583 583 582 582 582 582 581 581 582 581 581 581 580 580 580 579 579 579 579 578 578 577 576
581 581 581 582 582 582 582 583 583 583 582 583 583 583 584 584 584 584 584 584 584 584 585 585 585 584 585 585 585 585 585 585 585 585 585 586 586 585 585 585 586 586 585 585 585 585 586 585 585 585 585 585 585 585 585 585 585 584 584 585 585 584 584 584 584 583 583 583 584 583 583 583 582 582 582 582 581 581 581 580 580 580 580 579 579 579 578 578 578 577 577 577 576 576
597 598 598 581 582 582 582 582 582 582 582 582 583 583 583 584 584 583 583 584 584 584 584 585 584 584 584 584 585 585 584 584 585 585 585 585 584 585 585 585 585 585 585 585 585 585 585 584 585 585 585 584 584 584 585 585 584 584 584 584 583 583 584 584 583 583 583 583 582 582 582 582 581 581 582 581 581 581 581 580 580 580 579 579 579 578 578 578 577 577 577 576 576 576
597 597 598 598 598 599 599 598 598 599 599 582 582 583 583 582 582 583 583 583 583 584 584 583 583 584 584 584 584 584 584 584 584 584 585 584 584 584 584 585 585 584 584 584 585 585 584 584 584 584 584 584 584 584 584 583 583 584 584 583 583 583 583 582 582 582 583 582 582 582 582 581 581 581 581 580 580 580 579 579 579 578 578 578 578 577 577 577 576 576 576 575 575 575
597 597 597 598 598 597 598 598 598 598 599 599 599 599 599 599 599 599 600 583 583 582 583 583 583 583 584 584 583 583 583 584 584 584 583 584 584 584 584 584 584 584 584 584 584 583 584 584 584 584 583 583 584 584 583 583 583 583 582 582 583 583 583 582 582 582 582 581 581 581 581 581 581 581 580 580 580 579 579 579 579 578 578 578 577 577 577 576 576 576 575 575 575 574
597 597 597 596 597 597 597 598 598 598 598 599 598 598 598 599 599 599 599 600 599 599 599 600 600 583 583 583 583 583 583 583 584 583 583 583 583 584 584 583 583 583 584 584 583 583 583 583 584 583 583 583 583 582 582 583 583 583 582 582 582 582 581 582 582 582 581 581 581 581 580 580 580 579 579 579 579 579 579 579 578 578 578 577 577 577 577 576 576 576 575 575 575 574
596 596 596 596 596 597 597 597 598 598 598 597 598 598 598 598 599 599 599 598 599 599 599 599 600 600 599 599 599 600 600 583 582 582 583 583 583 583 582 583 583 583 583 582 583 583 583 583 582 582 583 583 582 582 582 582 582 581 582 582 582 581 581 581 581 580 580 581 581 580 580 580 580 579 579 579 578 578 578 578 577 577 577 576 576 576 575 575 575 574 574 574 573 573
595 595 596 596 596 596 597 597 597 597 597 597 597 598 598 598 598 598 598 598 598 599 599 599 598 598 599 599 599 599 600 599 599 599 599 600 600 582 582 582 583 583 582 582 582 582 583 582 582 582 582 582 581 582 582 582 581 581 581 581 580 581 581 581 580 580 580 580 579 579 579 579 579 579 579 578 578 578 578 577 577 577 576 576 576 575 575 575 574 574 574 573 573 573
595 595 595 596 596 596 596 596 596 596 596 597 597 597 598 598 597 597 597 598 598 598 598 598 598 598 598 599 599 599 598 598 599 599 599 599 598 599 599 599 599 598 582 582 582 582 581 581 582 582 582 581 581 581 581 581 581 581 581 580 580 580 580 580 580 580 580 579 579 579 579 578 578 578 578 577 577 577 576 576 576 575 575 575 576 575 575 574 573 573 573 572 572 572
595 595 595 595 596 596 595 595 596 596 596 596 597 597 596 596 597 597 597 597 598 598 597 597 598 598 598 598 597 598 598 598 598 598 598 598 598 598 598 599 598 598 598 598 599 598 598 598 581 581 580 581 581 581 580 580 580 580 581 580 580 580 580 579 579 579 579 578 578 579 578 578 578 578 577 577 577 576 576 576 576 575 575 575 574 574 574 573 573 573 572 572 572 571
594 595 595 595 594 595 595 595 595 596 596 596 596 596 596 596 596 597 597 597 596 597 597 597 597 597 598 597 597 597 598 598 598 597 597 598 598 598 598 597 597 598 598 598 597 597 597 598 598 597 597 597 580 580 580 580 580 580 579 579 579 579 579 579 579 579 578 578 578 578 577 577 577 576 576 577 577 576 576 576 575 575 575 574 574 574 574 573 573 573 572 572 572 571
594 594 594 594 594 594 595 595 595 595 596 595 595 595 596 596 596 596 597 596 596 596 596 597 597 597 596 597 597 597 597 597 597 597 597 597 597 598 597 597 597 597 597 597 597 597 597 597 596 597 597 597 597 596 596 596 597 579 579 579 579 578 578 578 578 577 578 578 578 577 577 577 577 576 576 576 575 575 575 574 574 574 574 573 573 573 572 572 572 571 571 571 570 570
593 593 593 594 594 594 594 595 595 595 594 595 595 595 595 596 596 596 595 595 596 596 596 596 597 596 596 596 596 597 597 596 596 596 597 597 597 596 596 597 597 597 596 596 596 597 597 596 596 596 596 597 596 596 596 596 595 595 595 596 595 578 578 578 577 577 577 577 576 576 576 577 576 576 576 575 575 575 575 574 574 574 573 573 573 572 572 572 571 571 571 570 570 570
592 593 593 593 594 594 594 594 594 594 594 594 595 595 595 595 594 595 595 595 595 596 596 595 595 596 596 596 596 596 596 596 596 596 596 597 596 596 596 596 596 596 596 596 596 596 595 596 596 596 596 595 595 595 596 595 595 595 595 594 594 594 594 594 594 577 577 576 576 576 576 575 575 575 575 574 574 574 573 573 574 573 573 573 573 572 572 572 571 571 571 569 569 569
592 592 593 593 593 593 593 593 593 593 594 594 594 594 595 594 594 594 595 595 595 595 595 595 595 595 595 596 595 595 595 595 596 596 595 595 595 596 596 596 595 595 595 596 596 595 595 595 595 596 595 595 595 595 594 594 594 595 595 594 594 594 594 593 593 593 592 592 593 576 575 575 575 575 574 574 574 573 573 573 573 572 572 572 571 571 571 570 570 570 569 569 569 568
592 592 592 593 592 592 592 593 593 593 593 594 594 593 593 594 594 594 594 595 595 594 594 594 595 595 595 594 594 595 595 595 595 594 595 595 595 595 595 595 595 595 595 595 594 595 595 595 595 594 594 594 595 594 594 594 594 594 593 593 593 594 593 593 593 593 592 592 592 591 591 591 591 573 574 574 574 573 573 573 572 572 572 571 571 571 570 570 570 569 569 569 568 568
592 592 591 591 592 592 592 592 593 593 593 592 593 593 593 593 594 594 594 593 593 594 594 594 594 595 594 594 594 594 595 595 594 594 594 595 595 595 594 594 594 595 595 594 594 594 594 595 594 594 594 594 593 593 593 594 594 593 593 593 593 592 592 592 592 592 592 592 592 591 591 591 590 590 590 590 589 572 572 571 571 571 570 570 570 570 569 569 569 568 568 568 567 567
590 591 591 591 591 592 592 592 592 592 592 592 592 593 593 593 593 592 593 593 593 593 594 594 593 593 593 594 594 594 594 593 594 594 594 594 594 594 594 594 594 594 593 594 594 594 594 593 593 593 594 593 593 593 593 593 592 592 593 593 592 592 592 592 591 591 591 591 590 590 591 590 590 590 590 589 589 589 588 588 588 571 570 570 570 569 569 569 568 568 568 567 567 567
590 590 591 591 591 591 592 592 591 591 592 592 592 592 592 593 592 592 592 593 593 593 593 592 593 593 593 593 593 593 593 593 593 593 594 593 593 593 593 594 594 593 593 593 593 593 593 593 593 593 592 592 592 593 593 592 592 592 592 591 591 591 592 591 591 591 591 590 590 590 590 589 589 589 588 588 588 588 588 588 588 587 587 587 569 569 569 568 568 568 567 567 567 565
590 590 590 590 591 591 590 590 591 591 591 591 592 592 591 591 592 592 592 592 592 593 592 592 592 593 593 593 592 592 593 593 593 593 592 592 593 593 593 593 592 593 593 593 593 592 592 592 593 592 592 592 592 592 591 591 592 592 591 591 591 591 590 590 590 590 590 590 590 590 589 589 589 588 588 588 588 587 587 587 586 586 586 585 585 585 584 584 567 566 566 566 565 565
589 590 590 589 589 590 590 590 590 591 591 591 590 591 591 591 591 592 592 592 591 591 592 592 592 592 592 592 592 592 592 592 593 592 592 592 592 592 592 592 592 592 592 592 592 592 592 592 591 591 591 592 592 591 591 591 591 590 590 591 591 590 590 590 590 589 589 589 589 588 588 588 589 588 588 588 587 587 587 586 586 586 586 585 585 585 584 584 584 583 583 566 565 565
589 588 589 589 589 589 590 590 590 590 591 590 590 590 591 591 591 591 590 591 591 591 591 591 592 591 591 591 591 592 592 592 591 591 592 592 592 591 591 591 592 592 591 591 591 591 592 591 591 591 591 591 590 590 591 591 590 590 590 590 589 589 589 590 589 589 589 589 588 588 588 588 587 587 587 586 586 586 586 585 585 585 584 584 584 583 583 583 582 582 582 581 581 581
588 588 588 589 589 589 589 590 590 589 589 590 590 590 590 590 591 590 590 590 591 591 591 591 590 591 591 591 591 591 591 591 591 591 591 591 591 591 591 591 591 590 591 591 591 591 590 590 590 591 591 590 590 590 590 589 589 590 590 589 589 589 589 588 588 588 588 587 588 588 588 587 587 587 586 586 586 586 585 585 585 584 584 584 583 583 583 582 582 582 581 581 581 580
588 588 588 588 589 589 589 588 589 589 589 589 589 590 590 589 589 590 590 590 590 590 590 590 590 590 590 591 591 590 590 590 591 591 591 590 590 590 591 591 590 590 590 590 591 590 590 590 590 590 589 590 590 590 589 589 589 589 588 588 588 589 588 588 588 588 587 587 587 587 586 586 586 586 585 585 586 585 585 585 584 584 584 583 583 583 583 582 582 582 581 581 580 580
587 588 588 588 588 587 588 588 588 588 589 589 589 588 589 589 589 589 589 590 590 589 589 589 590 590 590 589 589 590 590 590 590 589 590 590 590 590 590 589 590 590 590 590 589 589 589 590 590 589 589 589 589 588 588 589 589 588 588 588 588 588 587 587 587 587 587 587 587 586 586 586 586 585 585 585 584 584 584 583 583 583 583 582 582 582 581 581 581 580 580 580 579 579
587 587 586 587 587 587 587 588 588 588 588 588 588 588 588 588 589 589 589 588 589 589 589 589 589 590 589 589 589 589 590 590 589 589 589 589 590 590 589 589 589 589 590 589 589 589 589 589 588 589 589 589 588 588 588 588 587 587 588 588 588 587 587 587 586 586 586 586 585 585 585 586 585 585 585 584 584 584 584 583 583 583 582 582 582 581 581 581 580 580 580 579 579 579
