testData/tiles/oneDegree/grid24.0-20.0-25.0-21.0.asc
ncols   200
nrows   200
xllcorner   24.0
yllcorner   20.0
cellsize   0.005
NODATA_value   -9999.0
[rows 82 to 122 of 200, columns 0 to 92 of 200]
718 718 718 718 718 718 718 718 718 718 718 718 718 718 718 718 718 718 718 718 718 718 718 718 718 717 717 717 717 717 717 717 717 717 717 717 717 717 717 716 716 716 716 716 716 716 716 716 716 715 715 715 715 715 715 715 714 714 714 714 714 714 714 713 713 713 713 713 713 863 863 863 863 863 862 862 862 862 862 861 861 861 861 860 860 860 860 860 859 859 859 859 858
718 718 718 718 718 718 718 718 718 718 718 718 718 718 718 718 718 718 718 718 718 718 718 718 718 718 718 718 718 718 718 717 717 717 717 717 717 717 718 717 717 717 717 716 716 716 716 716 716 716 716 716 715 715 715 715 715 715 715 714 714 714 714 714 714 713 713 713 864 864 864 863 863 863 863 863 862 862 862 862 862 861 861 861 861 860 860 860 860 859 859 859 859
719 719 719 719 719 719 719 719 719 719 719 719 719 719 719 719 719 719 719 719 718 718 718 718 718 718 718 718 718 718 718 718 719 720 720 720 720 720 720 720 720 719 719 719 718 717 717 716 716 716 716 716 716 716 716 715 715 715 715 715 715 714 714 714 714 714 714 713 864 864 864 864 864 863 863 863 863 863 862 862 862 862 861 861 861 861 861 860 880 880 880 879 879
719 719 719 719 719 719 719 719 719 719 719 719 719 719 719 719 719 719 719 719 719 719 719 719 719 719 719 718 718 719 720 721 721 722 722 723 723 723 723 723 722 722 721 721 720 720 719 718 717 717 716 716 716 716 716 716 716 715 715 715 715 715 715 715 714 714 714 865 865 865 864 864 864 864 864 863 863 863 863 863 862 862 882 882 881 881 881 881 880 880 880 880 879
719 719 719 719 719 719 719 719 719 719 719 719 719 719 719 719 719 719 719 719 719 719 719 719 719 719 719 720 721 722 723 724 724 724 725 725 725 725 725 725 725 725 725 724 722 722 721 720 719 718 717 717 717 716 716 716 716 716 716 716 715 715 715 715 715 715 714 865 865 865 865 865 864 864 864 864 884 883 883 883 883 882 882 882 882 882 882 883 884 885 885 886 886
720 720 720 720 720 720 720 720 720 720 720 720 720 720 720 720 720 720 720 720 720 720 719 719 719 719 721 722 723 724 725 726 727 727 728 728 729 729 728 728 728 727 727 726 726 725 724 722 721 720 719 717 717 717 717 716 716 716 716 716 716 716 715 715 715 715 715 866 865 865 885 885 885 885 884 884 884 884 884 884 885 886 887 886 887 888 889 890 889 890 891 891 891
720 720 720 720 720 720 720 720 720 720 720 720 720 720 720 720 720 720 720 720 720 720 720 720 721 722 724 725 726 726 727 728 729 729 730 730 731 731 731 731 731 729 729 728 728 727 726 725 724 723 721 719 718 717 717 717 717 717 716 716 716 716 716 716 715 735 886 886 886 886 885 885 885 885 886 886 888 888 889 890 890 891 892 892 893 893 894 894 895 894 895 896 896
720 721 721 721 721 721 721 721 721 721 721 721 720 720 720 720 720 720 720 720 720 720 720 721 723 724 726 727 728 729 730 731 732 733 732 733 733 733 733 733 733 733 732 732 731 729 728 727 726 725 724 722 721 718 717 717 717 717 717 717 736 736 736 736 736 736 887 886 887 888 889 890 890 891 892 893 894 893 894 895 896 896 896 897 897 898 898 898 899 899 900 899 900
721 721 721 721 721 721 721 721 721 721 721 721 721 721 721 721 721 721 721 721 721 721 722 723 725 726 727 729 730 731 732 733 734 735 736 736 736 737 736 736 735 735 735 734 733 732 731 730 728 727 725 724 723 721 719 718 737 737 737 737 737 737 737 737 738 739 891 892 893 893 894 895 896 897 897 897 898 899 899 899 900 900 901 902 901 902 902 903 902 903 903 904 903
721 721 721 721 721 721 721 721 721 721 721 721 721 721 721 721 721 721 721 721 721 722 724 726 727 729 730 732 733 734 734 735 736 737 738 738 739 739 739 739 739 738 737 736 735 734 733 732 731 730 728 746 744 743 741 739 738 738 737 739 740 741 742 743 744 895 896 897 898 899 900 899 900 901 902 902 902 903 903 904 904 904 904 905 905 905 905 906 906 907 906 907 907
722 722 722 722 722 722 722 722 722 722 722 722 722 722 721 721 721 721 721 721 722 724 726 727 729 731 732 734 735 736 737 738 739 740 740 741 741 741 741 741 741 741 740 739 738 736 735 754 753 752 750 749 747 745 744 744 743 743 744 745 746 746 747 748 749 901 902 901 902 903 904 904 905 905 905 906 906 907 906 907 908 908 908 908 909 909 910 909 909 910 910 910 910
722 722 722 722 722 722 722 722 722 722 722 722 722 722 722 722 722 722 722 722 724 726 728 730 731 732 734 735 737 738 739 741 742 742 743 744 744 744 745 743 743 743 742 761 761 760 758 757 755 753 754 753 753 753 752 751 749 748 749 750 751 751 752 752 753 905 905 906 907 906 907 908 908 909 908 909 910 910 911 910 911 911 912 912 911 912 912 913 912 913 913 913 913
722 722 722 722 722 722 722 722 722 722 722 722 722 722 722 722 722 722 722 724 726 728 729 731 733 735 736 738 740 741 741 743 744 745 745 746 746 747 747 767 766 766 764 764 763 762 762 762 763 762 761 760 759 758 757 757 756 755 754 754 754 755 756 757 908 908 909 909 910 911 911 911 911 912 912 913 912 913 913 914 914 914 914 915 915 916 915 915 916 916 916 916 916
723 723 723 723 723 723 723 723 723 723 723 723 723 723 722 722 722 722 723 725 727 729 731 733 735 736 738 740 741 743 744 745 747 748 748 768 769 769 769 769 769 768 770 770 771 769 769 769 768 769 768 767 766 765 763 762 761 760 758 758 759 759 759 760 912 912 913 912 913 914 914 915 915 915 915 916 916 917 916 917 917 918 918 917 918 918 919 918 918 919 919 918 919
723 723 723 723 723 723 723 723 723 723 723 723 723 723 723 723 723 723 725 727 729 731 733 734 736 738 740 741 743 745 746 747 769 770 771 771 772 772 773 774 776 776 777 777 778 777 777 777 775 774 773 772 771 770 769 768 765 764 763 761 762 763 763 763 915 915 916 916 917 916 917 917 918 918 918 918 919 919 920 919 920 920 920 921 920 921 921 921 922 921 921 922 922
723 723 723 723 723 723 723 723 723 723 723 723 723 723 723 723 723 724 726 728 730 732 734 736 738 740 742 744 766 766 768 769 771 772 774 777 778 781 782 783 783 785 784 784 784 783 783 781 781 780 779 777 776 774 773 772 770 769 768 765 765 766 766 918 918 918 918 919 920 920 921 920 921 921 921 922 921 922 922 923 923 922 923 923 924 924 923 924 924 924 924 924 924
723 723 724 724 724 724 724 724 724 724 724 723 723 723 723 723 723 725 727 729 731 733 735 737 739 761 763 765 767 769 770 774 777 780 782 784 786 787 788 790 791 791 791 790 789 788 787 787 786 784 783 782 781 779 777 776 774 773 772 770 769 768 769 920 921 922 922 922 922 923 923 923 924 923 924 924 925 925 925 925 925 926 926 925 926 926 927 926 926 927 927 926 926
724 724 724 724 724 724 724 724 724 724 724 724 724 724 724 724 724 727 729 731 733 755 756 758 760 763 765 767 771 775 778 781 784 787 789 791 793 794 794 795 796 796 796 796 795 794 793 792 790 788 788 787 785 783 782 780 778 777 775 774 771 772 772 923 924 924 925 925 925 925 925 926 926 927 926 927 927 927 928 927 928 928 928 929 928 928 929 929 929 929 929 929 930
724 724 724 724 724 724 724 724 724 724 724 724 724 724 724 724 725 727 749 752 754 756 758 760 764 769 772 776 778 781 784 787 790 793 795 797 799 800 802 802 803 801 801 801 800 799 797 797 796 794 793 791 788 787 785 784 783 781 778 776 775 774 775 926 927 926 927 927 928 928 929 928 929 929 929 930 929 930 930 930 931 930 930 931 931 931 931 931 931 932 931 931 931
724 724 724 724 724 724 724 724 724 724 724 724 724 724 724 744 746 748 750 752 755 759 763 767 770 774 778 781 784 787 790 794 797 798 800 802 804 806 807 808 808 807 807 806 805 803 802 801 799 798 797 794 793 790 789 788 785 784 782 781 778 777 928 929 929 930 930 930 930 930 931 931 931 931 931 932 932 933 932 932 933 933 932 933 933 933 934 933 933 934 934 933 933
725 725 725 725 725 725 725 725 725 725 725 725 745 745 745 745 747 750 755 758 761 764 769 772 775 779 782 786 789 792 795 798 801 804 806 809 810 811 812 813 812 812 811 811 809 808 807 804 803 801 799 798 796 795 793 790 788 787 785 783 781 780 930 931 931 932 932 933 933 932 933 933 934 934 933 934 934 935 935 934 935 935 935 936 935 935 936 936 935 935 936 936 936
725 725 725 725 725 725 725 725 725 745 745 745 745 745 746 748 752 756 760 763 767 771 774 777 781 784 787 789 792 796 799 802 805 808 811 813 815 817 819 818 817 817 816 814 813 811 810 809 806 805 802 801 800 797 796 794 792 790 788 786 784 782 934 934 933 934 934 935 935 936 935 935 936 936 936 937 936 937 937 937 938 937 937 937 938 937 937 938 938 938 938 938 938
725 725 725 725 725 725 745 745 745 745 745 746 748 750 751 753 757 761 764 768 771 775 778 782 785 788 791 795 798 800 804 806 809 812 814 817 820 822 823 823 823 821 820 818 816 815 813 811 810 808 806 804 802 800 798 796 795 793 791 789 787 935 936 936 936 937 936 937 937 937 938 938 938 938 938 939 939 938 939 939 939 940 939 939 940 940 940 939 940 940 940 940 940
726 726 726 746 746 746 746 746 747 749 751 752 754 755 757 758 761 765 768 772 775 778 782 785 788 791 795 798 800 804 807 810 813 816 819 821 823 826 828 827 826 825 823 822 820 818 816 814 812 810 809 806 805 803 802 798 797 795 793 791 790 938 938 938 938 939 939 940 939 939 940 940 940 941 940 941 941 941 942 941 941 941 942 942 941 942 942 942 941 942 942 942 942
726 746 746 746 746 747 749 751 752 754 755 757 758 759 761 763 766 769 772 776 779 782 786 789 791 795 797 800 803 807 810 812 816 819 822 825 828 831 834 831 829 828 826 824 823 820 819 817 815 812 811 809 807 805 804 801 800 797 795 793 792 941 940 941 940 941 941 941 942 942 942 942 942 943 943 942 943 943 943 944 943 943 943 944 944 943 944 944 944 943 944 980 980
746 746 746 748 750 752 754 755 757 758 759 761 762 763 764 765 769 772 775 779 782 785 789 792 795 797 801 804 807 809 812 815 818 821 824 827 829 832 833 833 832 830 828 826 824 822 821 819 817 815 814 810 809 807 806 803 802 800 798 795 944 942 942 943 943 942 943 943 944 944 944 944 944 944 945 945 945 945 945 945 946 946 945 945 946 946 945 946 946 982 982 982 982
748 750 752 753 755 756 758 759 760 762 763 764 765 766 767 768 772 775 778 782 785 788 790 794 797 800 803 806 809 812 815 818 821 822 825 828 830 832 834 833 833 831 830 828 827 824 823 820 819 817 815 813 812 809 807 805 804 802 799 798 947 944 944 944 945 945 946 945 945 946 946 946 947 946 946 947 947 947 947 947 947 948 948 947 947 948 948 948 983 984 984 984 983
754 756 757 759 760 761 763 764 765 766 767 768 769 770 771 772 775 779 782 785 786 790 793 796 800 802 805 808 810 814 817 819 822 825 827 830 831 832 834 833 833 832 831 829 828 826 825 822 820 818 817 815 814 811 810 808 804 803 801 800 948 946 947 946 947 947 947 948 948 947 948 948 948 949 948 948 949 949 949 950 949 949 949 950 949 949 985 986 986 985 985 986 986
758 760 761 762 763 765 766 767 768 769 770 771 772 773 774 775 778 780 784 787 790 793 796 799 802 805 806 810 813 815 818 820 823 826 827 830 831 833 834 834 833 832 831 830 829 827 826 824 823 821 818 816 814 813 811 809 807 806 803 951 950 948 949 949 948 949 949 949 950 950 949 950 950 950 951 951 950 951 951 951 951 951 951 951 951 988 987 987 988 988 987 987 987
762 763 764 766 767 768 769 770 771 772 773 774 775 776 776 777 780 783 786 788 791 795 798 800 803 806 809 812 815 817 820 822 824 826 828 830 831 833 834 834 834 833 833 830 830 828 827 825 823 822 820 818 815 814 812 810 808 806 805 954 951 950 950 951 951 951 951 951 951 952 952 952 952 952 952 952 953 952 952 953 953 953 952 989 989 989 990 989 989 989 989 989 989
765 766 769 770 771 772 773 774 775 776 776 776 777 778 779 780 781 784 787 791 793 796 799 802 804 808 810 813 816 818 820 823 825 828 828 830 831 832 833 833 833 833 832 832 830 829 826 826 824 823 821 819 817 815 813 811 810 808 805 955 953 951 952 952 952 953 953 954 953 953 953 954 954 953 954 954 954 955 955 954 954 955 991 991 990 991 991 991 990 991 991 991 990
769 770 771 772 773 774 775 776 777 778 779 780 781 781 782 783 784 787 790 793 796 797 800 803 805 809 811 813 816 818 821 823 825 828 829 831 832 833 832 833 833 833 832 832 830 830 828 826 824 822 822 820 818 816 814 813 810 809 807 956 954 954 954 954 954 954 955 955 955 955 955 955 956 956 956 955 956 956 956 957 992 992 992 993 993 992 992 993 993 992 992 993 993
772 773 774 775 776 777 778 779 780 780 781 782 783 784 784 785 786 789 791 794 797 799 802 805 807 810 812 814 817 819 821 823 825 827 829 830 832 832 833 833 834 832 832 831 830 829 828 827 825 824 821 820 818 817 815 813 812 810 958 957 955 956 956 956 957 956 956 957 957 957 957 957 957 957 958 958 957 958 958 994 994 994 994 994 994 995 994 994 994 995 994 994 994
775 776 777 778 779 779 780 781 782 783 784 784 785 786 787 787 788 790 792 795 798 800 803 805 808 811 813 816 818 820 823 823 826 827 829 830 831 832 833 833 833 833 832 831 830 829 828 827 826 825 823 821 819 817 815 814 812 811 960 958 957 957 957 958 958 958 958 958 958 959 959 959 959 959 959 959 960 996 995 995 996 996 996 995 996 996 996 995 996 996 996 996 996
777 779 780 781 782 783 784 784 785 786 787 787 787 788 789 789 790 791 793 796 799 801 804 806 809 811 814 816 818 821 822 824 826 828 829 829 830 831 831 832 832 832 832 832 831 829 828 827 826 824 823 822 820 819 816 814 813 811 960 959 959 959 959 959 959 960 960 960 960 960 960 961 961 961 960 961 997 997 998 997 997 997 998 998 997 997 998 998 997 997 997 998 998
781 782 782 783 784 785 786 787 787 788 789 789 790 791 792 792 793 793 795 798 800 802 805 807 810 811 814 816 818 820 822 823 826 827 829 829 831 831 831 831 832 831 832 831 831 829 828 828 825 825 823 821 821 819 817 816 813 812 961 960 961 961 961 961 961 961 962 962 962 961 962 962 962 963 963 998 998 999 999 999 998 999 999 999 999 999 999 999 999 1000 999 999 999
783 784 785 785 786 787 788 789 789 790 791 791 792 793 793 794 795 795 796 799 801 804 805 808 810 813 814 816 819 820 822 824 826 827 828 829 830 831 831 832 831 831 830 831 830 829 828 827 827 825 822 822 820 819 817 816 815 964 961 962 962 962 963 963 963 963 963 963 964 964 964 963 964 1000 1000 1000 1000 1000 1000 1001 1001 1000 1000 1000 1001 1001 1000 1000 1001 1001 1001 1000 1000
785 786 787 788 788 789 790 791 791 792 793 793 794 795 795 796 796 797 798 798 801 803 806 809 884 813 815 817 819 821 822 824 825 826 827 829 829 830 831 830 831 831 831 829 830 829 827 827 826 824 824 822 821 819 817 816 814 963 964 964 963 964 964 964 965 965 964 965 965 965 965 966 1001 1001 1002 1002 1002 1002 1002 1002 1002 1002 1003 1002 1002 1002 1002 1002 1002 1002 1002 1003 1002
787 788 789 863 863 864 865 865 866 867 867 868 869 869 870 871 871 872 872 873 875 877 880 881 884 886 888 890 892 893 895 896 898 899 900 901 902 902 902 903 903 904 903 903 902 900 827 826 826 825 823 823 821 819 818 816 814 965 965 965 966 965 965 966 966 966 967 967 966 966 1003 1003 1003 1004 1003 1003 1003 1004 1004 1003 1003 1004 1004 1004 1003 1003 1004 1004 1003 1003 1004 1004 1004
863 864 865 865 866 867 868 868 869 870 870 871 872 872 873 873 874 875 875 875 875 877 879 882 883 886 887 890 891 893 894 896 897 899 900 901 902 902 902 902 903 902 903 902 901 901 900 900 898 897 896 895 893 893 891 816 966 966 966 967 967 967 968 967 967 968 968 968 968 1004 1004 1004 1005 1005 1005 1004 1005 1005 1005 1005 1005 1005 1005 1005 1006 1005 1005 1005 1005 1005 1005 1005 1005
865 866 867 867 868 869 869 870 871 871 872 873 873 874 874 875 876 876 877 877 878 878 880 882 885 885 887 889 891 892 894 895 897 898 900 900 901 902 902 903 901 902 902 901 901 900 900 899 898 898 895 894 894 892 890 890 1041 1041 1041 1041 1041 1042 969 969 970 969 969 969 1006 1006 1006 1006 1006 1006 1006 1007 1006 1006 1006 1007 1007 1006 1006 1007 1007 1007 1006 1006 1007 1007 1007 1006 1006
