testData/tiles/oneDegree/grid34.0-47.0-35.0-48.0.asc
ncols   200
nrows   200
xllcorner   34.0
yllcorner   47.0
cellsize   0.005
NODATA_value   -9999.0
[rows 0 to 41 of 200, columns 94 to 187 of 200]
186 186 186 186 186 186 186 187 187 187 187 187 187 187 187 187 187 187 187 187 188 189 190 190 175 175 176 176 176 177 177 178 178 179 179 180 180 180 181 181 182 183 184 184 184 185 185 186 186 187 187 188 188 192 193 193 194 194 195 195 195 196 196 197 197 197 198 198 199 199 200 200 200 201 201 202 202 202 203 203 204 204 204 205 205 206 206 206 207 207 208 208 208 209
186 186 186 186 186 186 187 187 187 187 187 187 187 187 187 187 187 187 187 187 189 189 190 190 174 175 175 176 176 177 177 178 178 178 179 179 180 180 181 181 182 183 183 184 184 185 185 186 186 186 187 187 188 192 193 193 193 194 194 195 195 196 196 196 197 197 198 198 198 199 199 200 200 201 201 201 202 202 203 203 203 204 204 205 205 205 206 206 207 207 207 208 208 209
186 186 186 186 186 186 187 187 187 187 187 187 187 187 187 187 187 187 187 187 188 189 189 190 174 175 175 176 176 176 177 177 178 178 179 179 179 180 180 182 182 183 183 184 184 184 185 185 186 186 187 187 191 192 192 193 193 194 194 194 195 195 196 196 197 197 197 198 198 199 199 199 200 200 201 201 201 202 202 203 203 204 204 204 205 205 206 206 206 207 207 207 208 208
186 186 186 186 186 187 187 187 187 187 187 187 187 187 187 187 187 187 187 188 188 189 189 190 174 174 175 175 176 176 177 177 178 178 178 179 179 180 181 182 182 182 183 183 184 184 185 185 185 186 186 187 191 192 192 192 193 193 194 194 195 195 195 196 196 197 197 198 198 198 199 199 200 200 200 201 201 202 202 202 203 203 204 204 204 205 205 206 206 206 207 207 208 208
186 186 186 186 187 187 187 187 187 187 187 187 187 187 187 187 187 187 188 188 188 188 189 189 174 174 175 175 176 176 176 177 177 178 178 179 179 180 181 181 182 182 183 183 184 184 184 185 185 186 186 187 191 191 192 192 193 193 193 194 194 195 195 196 196 196 197 197 198 198 198 199 199 200 200 201 201 201 202 202 203 203 203 204 204 205 205 205 206 206 206 207 207 208
186 186 186 186 187 187 187 187 187 187 187 187 187 187 187 187 187 187 188 188 188 188 189 189 174 174 174 175 175 176 176 177 177 177 178 178 180 180 181 181 182 182 182 183 183 184 184 185 185 185 186 186 191 191 192 192 192 193 193 194 194 194 195 195 196 196 197 197 197 198 198 199 199 199 200 200 201 201 201 202 202 203 203 203 204 204 205 205 205 206 206 207 207 207
186 186 186 187 187 187 187 187 187 187 187 187 187 187 187 187 187 188 188 188 188 188 188 189 173 174 174 175 175 176 176 176 177 177 178 179 180 180 180 181 181 182 182 183 183 183 184 184 185 185 186 190 190 191 191 192 192 193 193 193 194 194 195 195 195 196 196 197 197 198 198 198 199 199 200 200 200 201 201 202 202 202 203 203 204 204 204 205 205 205 206 206 207 207
186 186 186 187 187 187 187 187 187 187 187 187 187 187 187 187 187 188 188 188 188 188 188 189 173 174 174 174 175 175 176 176 177 177 177 179 179 180 180 181 181 181 182 182 183 183 184 184 184 185 185 190 190 191 191 191 192 192 193 193 194 194 194 195 195 196 196 196 197 197 198 198 198 199 199 200 200 200 201 201 202 202 202 203 203 204 204 204 205 205 206 206 206 207
186 186 187 187 187 187 187 187 187 187 187 187 187 187 187 187 188 188 188 188 188 188 188 188 173 173 174 174 175 175 175 176 176 177 178 179 179 180 180 180 181 181 182 182 183 183 183 184 184 185 185 189 190 190 191 191 192 192 192 193 193 194 194 194 195 195 196 196 197 197 197 198 198 200 200 200 201 201 202 202 202 203 202 203 203 203 204 204 204 205 205 206 206 206
186 186 187 187 187 187 187 187 187 187 187 187 187 187 187 188 188 188 188 188 188 188 188 188 173 173 173 174 174 175 175 176 176 178 178 178 179 179 180 180 181 181 181 182 182 183 183 184 184 184 189 189 190 190 190 191 191 192 192 193 193 193 194 194 195 195 195 196 197 198 198 198 199 199 200 200 200 201 201 202 202 202 203 203 204 204 204 204 204 205 205 205 206 206
186 186 187 187 187 187 187 187 187 187 187 187 187 187 187 188 188 188 188 188 188 188 188 188 172 173 173 174 174 175 175 175 177 177 178 178 179 179 179 180 180 181 181 182 182 182 183 183 184 184 189 189 189 190 190 191 191 191 192 192 193 193 194 194 194 196 196 197 197 197 198 198 199 199 199 200 200 201 201 201 202 202 203 203 203 204 204 204 205 205 205 205 205 206
186 187 187 187 187 187 187 187 187 187 187 187 187 187 188 188 188 188 188 188 188 188 188 188 172 173 173 173 174 174 175 175 177 177 177 178 178 179 179 180 180 180 181 181 182 182 183 414 183 184 188 189 189 190 190 190 191 191 192 192 192 193 193 195 195 195 196 196 197 197 197 198 198 199 199 199 200 200 201 201 201 202 202 203 203 203 204 204 204 205 205 206 205 205
186 187 187 187 187 187 187 187 187 187 187 187 187 187 188 188 188 188 419 419 419 419 419 419 403 403 404 404 405 405 406 407 407 408 408 409 409 410 410 410 411 411 412 412 413 413 413 414 414 415 419 419 420 420 421 421 422 422 422 423 423 425 425 425 426 426 427 427 427 428 428 429 429 429 430 430 431 200 200 201 201 202 202 202 203 203 203 204 204 205 205 205 206 206
187 187 187 187 187 187 418 418 418 418 418 418 418 419 419 419 419 419 419 419 419 419 419 419 403 403 404 404 404 405 406 407 407 408 408 408 409 409 410 410 411 411 411 412 412 413 413 414 414 418 419 419 420 420 420 421 421 422 422 423 424 424 425 425 425 426 426 427 427 427 428 428 429 429 429 430 430 431 431 431 432 432 433 433 433 434 434 434 435 204 205 205 205 206
418 418 418 418 418 418 418 418 418 418 418 418 418 419 419 419 419 419 419 419 419 419 419 419 403 403 403 404 404 406 406 406 407 407 408 408 409 409 409 410 410 411 411 412 412 412 413 413 414 418 418 419 419 420 420 421 421 422 423 423 424 424 424 425 425 426 426 426 427 427 428 428 428 429 429 430 430 430 431 431 431 432 432 433 433 433 434 434 435 435 435 436 436 436
418 418 418 418 418 418 418 418 418 418 418 418 419 419 419 419 419 419 419 419 419 419 419 419 403 403 403 403 404 405 406 406 407 407 407 408 408 409 409 410 410 410 411 411 412 412 413 413 413 418 418 419 419 419 420 420 422 422 422 423 423 424 424 425 425 425 426 426 427 427 427 428 428 428 429 429 430 430 430 431 431 432 432 432 433 433 433 434 434 435 435 435 436 436
418 418 418 418 418 418 418 418 418 418 418 418 419 419 419 419 419 419 419 419 419 419 419 419 403 403 403 403 405 405 406 406 406 407 407 408 408 409 409 409 410 410 411 411 411 412 412 413 413 418 418 418 419 419 421 421 421 422 422 423 423 423 424 424 425 425 425 426 426 427 427 427 428 428 429 429 429 430 430 430 431 431 432 432 432 433 433 433 434 434 435 435 435 436
418 418 418 418 418 418 418 418 418 418 418 418 419 419 419 419 419 419 419 419 419 419 419 419 403 403 403 403 404 405 405 406 406 407 407 407 408 408 409 409 410 410 410 411 411 412 412 412 417 417 418 418 418 420 420 421 421 422 422 422 423 423 424 424 424 425 425 426 426 426 427 427 427 428 428 429 429 429 430 430 431 431 431 432 432 432 433 433 434 434 434 435 435 435
418 418 418 418 418 418 418 418 418 418 418 419 419 419 419 419 419 419 419 419 419 419 419 419 403 403 403 404 404 405 405 405 406 406 407 407 408 408 408 409 409 410 410 410 411 411 412 412 417 417 417 418 419 420 420 420 421 421 422 422 422 423 423 424 424 424 425 425 426 426 426 427 427 428 428 428 429 429 429 430 430 431 431 431 432 432 432 433 433 434 434 434 435 435
418 418 418 418 418 418 418 418 418 418 418 419 419 419 419 419 419 419 419 419 419 419 419 419 403 403 403 404 404 404 405 405 406 406 406 407 407 408 408 409 409 409 410 410 411 411 411 412 416 417 417 419 419 419 420 420 421 421 421 422 422 423 423 423 424 424 425 425 425 426 426 426 427 427 428 428 428 429 429 430 430 430 431 431 431 432 432 432 433 433 434 434 434 435
418 418 418 418 418 418 418 418 418 418 419 419 419 419 419 419 419 419 419 419 419 419 419 419 403 403 404 404 404 404 405 405 405 406 406 407 407 407 408 408 409 409 410 410 410 411 411 412 416 416 418 418 419 419 419 420 420 421 421 421 422 422 423 423 423 424 424 425 425 425 426 426 427 427 427 428 428 428 429 429 430 430 430 431 431 431 432 432 433 433 433 434 434 434
418 418 418 418 418 418 418 418 418 418 419 419 419 419 419 419 419 419 419 419 419 419 419 419 403 404 404 404 404 404 404 405 405 406 406 406 407 407 408 408 408 409 409 410 410 410 411 415 416 417 418 418 418 419 419 420 420 420 421 421 422 422 422 423 423 424 424 424 425 425 425 426 426 427 427 427 428 428 428 429 429 430 430 430 431 431 431 432 432 433 433 433 434 434
418 418 418 418 418 418 418 418 418 419 419 419 419 419 419 419 419 419 419 419 419 419 419 419 403 404 404 404 404 404 404 404 405 405 406 406 407 407 407 408 408 409 409 409 410 410 411 415 416 417 417 418 418 418 419 419 420 420 420 421 421 422 422 422 423 423 424 424 424 425 425 426 426 426 427 427 427 428 428 429 429 429 430 430 430 431 431 431 432 432 433 433 433 434
418 418 418 418 418 418 418 418 418 419 419 419 419 419 419 419 419 419 419 419 419 419 419 419 404 404 404 404 404 404 404 404 405 405 405 406 406 407 407 407 408 408 409 409 410 410 410 416 416 417 417 417 418 418 419 419 419 420 420 421 421 421 422 422 423 423 423 424 424 424 425 425 426 426 426 427 427 427 428 428 429 429 429 430 430 430 431 431 431 432 432 433 433 433
418 418 418 418 418 418 418 418 418 419 419 419 419 419 419 419 419 419 419 419 419 419 419 419 404 404 404 404 404 404 404 404 404 405 405 406 406 406 407 407 408 408 408 409 409 410 411 415 416 416 417 417 417 418 418 419 419 419 420 420 421 421 421 422 422 423 423 423 424 424 425 425 425 426 426 426 427 427 428 428 428 429 429 429 430 430 430 431 431 431 432 432 433 433
418 418 418 418 418 418 418 418 419 419 419 419 419 419 419 419 419 419 419 419 419 419 419 419 404 404 404 404 404 404 404 404 404 404 405 405 406 406 407 407 407 408 408 409 409 409 415 415 416 416 416 417 417 418 418 418 419 419 420 420 420 421 421 422 422 422 423 423 423 424 424 425 425 425 426 426 426 427 427 428 428 428 429 429 429 430 430 430 431 431 432 432 432 433
418 418 418 418 418 418 418 418 419 419 419 419 419 419 419 419 419 419 419 419 419 419 419 420 404 404 404 404 404 404 404 404 404 404 405 405 405 406 406 407 407 407 408 408 409 410 414 415 415 416 416 416 417 417 418 418 418 419 419 420 420 420 421 421 422 422 422 423 423 423 424 424 425 425 425 426 426 426 427 427 428 428 428 429 429 429 430 430 430 431 431 431 432 432
418 418 418 418 418 418 418 418 419 419 419 419 419 419 419 419 419 419 419 419 419 419 419 420 404 404 404 404 404 404 404 404 404 404 404 405 405 406 406 406 407 407 408 408 409 410 414 415 415 415 416 416 417 417 417 418 418 419 419 419 420 420 421 421 421 422 422 422 423 423 424 424 424 425 425 425 426 426 427 427 427 428 428 428 429 429 429 430 430 430 431 431 431 432
418 418 418 418 418 418 418 419 419 419 419 419 419 419 419 419 419 419 419 419 419 419 420 420 404 404 404 404 404 404 404 404 404 404 404 404 405 405 406 406 406 407 407 409 409 410 414 414 415 415 416 416 416 417 417 417 418 418 419 419 419 420 420 421 421 421 422 422 422 423 423 424 424 424 425 425 425 426 426 427 427 427 428 428 428 429 429 429 430 430 430 431 431 431
418 418 418 418 418 418 418 419 419 419 419 419 419 419 419 419 419 419 419 419 419 419 420 420 404 404 404 404 404 404 404 404 404 404 404 404 405 405 405 406 406 407 407 408 409 413 414 414 414 415 415 416 416 416 417 417 418 418 418 419 419 419 420 420 421 421 421 422 422 423 423 423 424 424 424 425 425 425 426 426 427 427 427 428 428 428 429 429 429 430 430 430 431 431
418 418 418 418 418 418 418 419 419 419 419 419 419 419 419 419 419 419 419 419 419 419 420 420 404 404 404 404 404 404 404 404 404 404 404 404 404 405 405 406 406 406 408 408 409 413 413 414 414 415 415 415 416 416 416 417 417 418 418 418 419 419 420 420 420 421 421 421 422 422 423 423 423 424 424 424 425 425 426 426 426 427 427 427 428 428 428 429 429 429 430 430 430 431
418 418 418 418 418 418 419 419 419 419 419 419 419 419 419 419 419 419 419 419 419 420 420 420 404 404 404 404 404 404 404 404 404 404 404 404 404 404 405 405 406 406 407 408 408 413 413 413 414 414 415 415 415 416 416 417 417 417 418 418 418 419 419 420 420 420 421 421 422 422 422 423 423 423 424 424 424 425 425 426 426 426 427 427 427 428 428 428 429 429 429 430 430 430
418 418 418 418 418 418 419 419 419 419 419 419 419 419 419 419 419 419 419 419 419 420 420 420 404 404 404 404 404 404 404 404 404 404 404 404 404 404 405 405 405 407 407 408 408 412 413 413 414 414 414 415 415 415 416 416 417 417 417 418 418 419 419 419 420 420 420 421 421 422 422 422 423 423 423 424 424 424 425 425 426 426 426 427 427 427 428 428 428 429 429 429 430 430
418 418 418 418 418 418 419 419 419 419 419 419 419 419 419 419 419 419 419 419 420 420 420 420 404 404 404 404 404 404 404 404 404 404 404 404 404 404 404 405 405 406 407 407 412 412 412 413 413 414 414 414 415 415 416 416 416 417 417 417 418 418 419 419 419 420 420 420 421 421 422 422 422 423 423 423 424 424 424 425 425 426 426 426 427 427 427 428 428 428 429 429 429 430
418 418 418 418 418 418 419 419 419 419 419 419 419 419 419 419 419 419 419 419 420 420 420 420 404 404 404 404 404 404 404 404 404 404 404 404 404 404 404 404 406 406 407 407 411 412 412 413 413 413 414 414 414 415 415 416 416 416 417 417 418 418 418 419 419 419 420 420 421 421 421 422 422 422 423 423 423 424 424 424 425 425 426 426 426 427 427 427 428 428 428 429 429 429
418 418 418 418 418 419 419 419 419 419 419 419 419 419 419 419 419 419 419 419 420 420 420 420 404 404 404 404 404 404 404 404 404 404 404 404 404 404 404 404 405 406 406 407 411 411 412 412 413 413 413 414 414 415 415 415 416 416 416 417 417 418 418 418 419 419 419 420 420 421 421 421 422 422 422 423 423 423 424 424 424 425 425 426 426 426 427 427 427 428 428 428 429 429
418 418 418 418 418 419 419 419 419 419 419 419 419 419 419 419 419 419 419 419 420 420 420 420 404 404 404 404 404 404 404 404 404 404 404 404 404 404 404 405 405 406 406 406 411 411 412 412 412 413 413 413 414 414 415 415 415 416 416 417 417 417 418 418 418 419 419 419 420 420 421 421 421 422 422 422 423 423 423 424 424 424 425 425 426 426 426 427 427 427 428 428 428 429
418 418 418 418 418 419 419 419 419 419 419 419 419 419 419 419 419 419 419 420 420 420 420 420 404 404 404 404 404 404 404 404 404 404 404 404 404 404 404 405 405 405 406 406 410 411 411 412 412 412 413 413 414 414 414 415 415 415 416 416 417 417 417 418 418 418 419 419 420 420 420 421 421 421 422 422 422 423 423 423 424 424 424 425 425 426 426 426 427 427 427 428 428 428
418 418 418 418 418 419 419 419 419 419 419 419 419 419 419 419 419 419 419 420 420 420 420 420 404 404 404 404 404 404 404 404 404 404 404 404 404 404 405 405 405 405 405 410 410 411 411 411 412 412 412 413 413 414 414 414 415 415 415 416 416 417 417 417 418 418 418 419 419 420 420 420 421 421 421 422 422 422 423 423 423 424 424 424 425 425 425 426 426 426 427 427 427 428
418 418 418 418 418 419 419 419 419 419 419 419 419 419 419 419 419 419 419 420 420 420 420 420 404 404 404 404 404 404 404 404 404 404 404 404 404 404 405 405 405 405 405 409 410 410 411 411 411 412 412 413 413 413 414 414 414 415 415 416 416 416 417 417 417 418 418 418 419 419 420 420 420 421 421 421 422 422 422 423 423 423 424 424 424 425 425 425 426 426 426 427 427 427
418 418 418 418 419 419 419 419 419 419 419 419 419 419 419 419 419 419 420 420 420 420 420 420 404 404 404 404 404 404 404 404 404 404 404 404 404 404 405 405 405 405 405 409 410 410 410 411 411 411 412 412 413 413 413 414 414 414 415 415 416 416 416 417 417 417 418 418 419 419 419 420 420 420 421 421 421 422 422 422 423 423 423 424 424 424 425 425 425 426 426 426 427 427
418 418 418 418 419 419 419 419 419 419 419 419 419 419 419 419 419 419 420 420 420 420 420 420 404 404 404 404 404 404 404 404 404 404 404 404 404 405 405 405 405 405 405 409 409 410 410 410 411 411 412 412 412 413 413 413 414 414 415 415 415 416 416 416 417 417 417 418 418 419 419 419 420 420 420 421 421 421 422 422 422 423 423 423 424 424 424 425 425 425 426 426 426 427
