testData/tiles/oneDegree/grid31.0-27.0-32.0-28.0.asc
ncols   200
nrows   200
xllcorner   31.0
yllcorner   27.0
cellsize   0.005
NODATA_value   -9999.0
[rows 84 to 125 of 200, columns 94 to 187 of 200]
781 782 782 782 782 782 782 782 782 782 782 782 782 782 782 782 782 782 782 782 782 782 782 782 738 738 738 738 738 738 738 738 738 738 738 738 738 738 737 737 737 737 737 737 737 737 736 736 736 736 736 736 735 735 735 735 735 734 734 734 734 734 733 733 733 733 732 732 732 731 731 731 731 730 730 730 729 729 729 728 728 728 728 728 728 728 728 728 728 728 728 728 728 728
781 781 782 782 782 782 782 782 782 782 782 782 782 782 782 782 782 782 782 782 782 782 782 738 738 738 738 738 738 738 738 738 738 738 738 738 738 737 737 737 737 737 737 737 737 736 736 736 736 736 736 735 735 735 735 735 735 734 734 734 734 733 733 733 733 732 732 732 732 731 731 731 731 730 730 730 729 729 729 728 728 728 728 728 728 728 728 728 728 728 728 728 728 728
781 781 781 782 782 782 782 782 782 782 782 782 782 782 782 782 782 782 782 782 782 782 738 738 738 738 738 738 738 738 738 738 738 738 738 738 737 737 737 737 737 737 737 737 736 736 736 736 736 736 736 735 735 735 735 735 734 734 734 734 734 733 733 733 733 732 732 732 732 731 731 731 730 730 730 729 729 729 729 728 728 728 728 728 728 728 728 728 728 728 728 728 728 728
781 781 781 781 781 782 782 782 782 782 782 782 782 782 782 782 782 782 782 782 782 782 738 738 738 738 738 738 738 738 738 738 738 738 737 737 737 737 737 737 737 737 737 737 736 736 736 736 736 736 735 735 735 735 735 735 734 734 734 734 733 733 733 733 733 732 732 732 731 731 731 731 730 730 730 729 729 729 728 728 728 728 728 728 728 728 728 728 728 728 728 728 728 728
781 781 781 781 781 781 782 782 782 782 782 782 782 782 782 782 782 782 782 782 782 738 738 738 738 738 738 738 738 738 738 738 738 737 737 737 737 737 737 737 737 737 737 736 736 736 736 736 736 736 735 735 735 735 735 734 734 734 734 734 733 733 733 733 732 732 732 732 731 731 731 730 730 730 730 729 729 729 728 728 728 728 728 728 728 728 728 728 728 728 728 728 728 728
781 781 781 781 781 781 781 781 782 782 782 782 782 782 782 782 782 782 782 782 738 738 738 738 738 738 738 738 738 738 738 737 737 737 737 737 737 737 737 737 737 737 736 736 736 736 736 736 736 735 735 735 735 735 735 734 734 734 734 733 733 733 733 733 732 732 732 732 731 731 731 730 730 730 729 729 729 729 728 728 728 728 728 728 728 728 728 728 728 728 728 728 728 728
781 781 781 781 781 781 781 781 781 782 782 782 782 782 782 782 782 782 782 782 738 738 738 738 738 738 738 738 738 738 737 737 737 737 737 737 737 737 737 737 737 736 736 736 736 736 736 736 735 735 735 735 735 735 734 734 734 734 734 733 733 733 733 732 732 732 732 731 731 731 731 730 730 730 729 729 729 728 728 728 728 728 728 728 728 728 728 728 728 728 728 728 729 729
781 781 781 781 781 781 781 781 781 781 781 781 782 782 782 782 782 782 782 738 738 738 738 738 738 738 738 737 737 737 737 737 737 737 737 737 737 737 737 737 736 736 736 736 736 736 736 736 735 735 735 735 735 734 734 734 734 734 733 733 733 733 733 732 732 732 732 731 731 731 730 730 730 730 729 729 729 728 728 728 728 728 728 728 729 729 729 729 729 729 729 729 729 730
781 781 781 781 781 781 781 781 781 781 781 781 781 781 781 781 782 782 738 738 738 738 738 737 737 737 737 737 737 737 737 737 737 737 737 737 737 737 737 736 736 736 736 736 736 736 736 735 735 735 735 735 735 734 734 734 734 734 733 733 733 733 732 732 732 732 731 731 731 731 730 730 730 729 729 729 728 728 728 729 729 729 729 729 730 730 730 730 730 730 730 730 730 731
780 781 781 781 781 781 781 781 781 781 781 781 781 781 781 781 781 737 737 737 737 737 737 737 737 737 737 737 737 737 737 737 737 737 737 737 737 737 736 736 736 736 736 736 736 736 735 735 735 735 735 735 734 734 734 734 734 733 733 733 733 733 732 732 732 732 731 731 731 730 730 730 730 729 729 729 729 729 729 729 730 730 730 730 730 731 731 731 731 731 731 731 731 835
780 780 780 781 781 781 781 781 781 781 781 781 781 781 781 781 781 737 737 737 737 737 737 737 737 737 737 737 737 737 737 737 737 737 737 737 736 736 736 736 736 736 736 736 736 735 735 735 735 735 735 734 734 734 734 734 734 733 733 733 733 732 732 732 732 731 731 731 731 730 730 730 729 730 730 730 730 730 730 730 731 731 731 731 731 732 732 732 732 732 732 732 836 836
780 780 780 780 781 781 781 781 781 781 781 781 781 781 781 781 737 737 737 737 737 737 737 737 737 737 737 737 737 737 737 737 737 737 737 736 736 736 736 736 736 736 736 736 735 735 735 735 735 735 735 734 734 734 734 734 733 733 733 733 732 732 732 732 732 731 731 731 730 730 731 731 730 731 731 730 731 731 731 731 732 732 732 732 732 733 733 733 733 733 733 837 837 837
780 780 780 780 780 780 781 781 781 781 781 781 781 781 781 737 737 737 737 737 737 737 737 737 737 737 737 737 737 737 737 737 737 736 736 736 736 736 736 736 736 736 736 735 735 735 735 735 735 735 734 734 734 734 734 733 733 733 733 733 732 732 732 732 731 731 731 731 731 731 731 731 731 732 732 731 731 732 732 732 733 733 733 733 733 734 734 734 734 734 838 838 838 838
780 780 780 780 780 780 780 780 781 781 781 781 781 781 737 737 737 737 737 737 737 737 737 737 737 737 737 737 737 737 737 736 736 736 736 736 736 736 736 736 736 736 735 735 735 735 735 735 735 734 734 734 734 734 733 733 733 733 733 732 732 732 732 732 731 731 732 731 732 732 732 732 732 732 732 732 732 733 733 733 733 734 734 734 734 734 735 735 839 839 839 839 839 839
780 780 780 780 780 780 780 780 780 780 781 781 781 781 737 737 737 737 737 737 737 737 737 737 737 737 737 737 737 736 736 736 736 736 736 736 736 736 736 736 736 735 735 735 735 735 735 735 734 734 734 734 734 734 733 733 733 733 733 732 732 732 732 731 732 732 733 732 732 733 732 733 733 733 733 733 733 734 734 734 734 735 735 735 735 735 736 840 840 840 840 840 840 840
780 780 780 780 780 780 780 780 780 780 780 780 780 736 737 737 737 737 737 737 737 737 737 737 737 736 736 736 736 736 736 736 736 736 736 736 736 736 736 735 735 735 735 735 735 735 735 734 734 734 734 734 734 733 733 733 733 733 732 732 732 732 732 732 733 733 732 733 733 734 733 734 734 733 734 734 734 735 735 735 735 736 736 736 736 736 841 841 841 841 841 841 841 841
779 780 780 780 780 780 780 780 780 780 780 780 736 736 736 736 736 736 736 736 736 736 736 736 736 736 736 736 736 736 736 736 736 736 736 736 736 736 735 735 735 735 735 735 735 735 734 734 734 734 734 734 733 733 733 733 733 732 732 732 733 733 733 733 733 734 733 734 734 734 734 734 735 734 734 735 735 735 736 736 736 737 737 737 737 841 842 842 842 842 842 842 842 842
779 779 779 780 780 780 780 780 780 780 780 736 736 736 736 736 736 736 736 736 736 736 736 736 736 736 736 736 736 736 736 736 736 736 736 736 735 735 735 735 735 735 735 735 735 734 734 734 734 734 734 733 733 733 733 733 732 732 732 733 733 733 733 734 734 734 734 735 735 735 735 735 735 735 735 736 736 736 737 737 737 737 738 738 842 842 842 843 843 843 843 843 843 843
779 779 779 779 779 780 780 780 780 780 736 736 736 736 736 736 736 736 736 736 736 736 736 736 736 736 736 736 736 736 736 736 736 736 735 735 735 735 735 735 735 735 735 735 734 734 734 734 734 734 733 733 733 733 733 733 732 733 733 734 733 734 734 735 734 735 735 736 735 735 736 736 736 736 736 737 737 737 738 738 738 738 739 843 843 843 843 844 844 844 844 844 844 844
779 779 779 779 779 779 779 780 780 780 736 736 736 736 736 736 736 736 736 736 736 736 736 736 736 736 736 736 736 736 736 736 735 735 735 735 735 735 735 735 735 735 734 734 734 734 734 734 734 733 733 733 733 733 733 732 733 733 734 734 734 735 735 736 735 735 736 736 736 736 737 736 736 737 737 738 738 738 738 739 739 739 844 844 844 844 844 845 845 845 845 845 845 845
779 779 779 779 779 779 779 779 779 736 736 736 736 736 736 736 736 736 736 736 736 736 736 736 736 736 736 736 736 736 735 735 735 735 735 735 735 735 735 735 735 734 734 734 734 734 734 734 733 733 733 733 733 733 732 733 734 734 735 734 735 735 736 735 736 736 737 736 737 737 738 737 737 738 738 738 739 739 739 740 844 844 845 845 845 845 845 845 846 846 846 846 846 846
779 779 779 779 779 779 779 779 735 735 735 735 735 736 736 736 736 736 736 736 736 736 736 736 736 736 735 735 735 735 735 735 735 735 735 735 735 735 735 735 734 734 734 734 734 734 734 733 733 733 733 733 733 733 733 734 734 735 735 735 736 736 736 736 737 737 737 737 738 738 737 738 738 739 739 739 740 740 740 845 845 845 845 846 846 846 846 846 847 847 847 847 847 847
778 779 779 779 779 779 779 735 735 735 735 735 735 735 735 735 735 735 735 735 735 735 735 735 735 735 735 735 735 735 735 735 735 735 735 735 735 735 734 734 734 734 734 734 734 734 733 733 733 733 733 733 733 733 734 735 735 735 735 736 736 737 736 737 738 738 737 738 738 738 738 739 739 740 740 740 741 741 845 846 846 846 846 847 847 847 847 847 848 848 848 848 848 848
778 778 778 779 779 779 735 735 735 735 735 735 735 735 735 735 735 735 735 735 735 735 735 735 735 735 735 735 735 735 735 735 735 735 735 735 734 734 734 734 734 734 734 734 734 733 733 733 733 733 733 733 733 734 735 735 735 736 736 737 737 737 737 738 738 738 738 739 739 739 739 740 740 740 741 741 742 846 846 846 847 847 847 848 848 848 848 848 849 849 849 849 849 849
778 778 778 778 778 735 735 735 735 735 735 735 735 735 735 735 735 735 735 735 735 735 735 735 735 735 735 735 735 735 735 735 735 735 734 734 734 734 734 734 734 734 734 733 733 733 733 733 733 733 733 734 734 735 735 735 736 736 737 737 737 738 738 739 738 739 739 740 739 740 740 740 741 741 742 742 846 847 847 847 848 848 848 848 849 849 849 849 849 850 850 850 850 850
778 778 778 778 778 734 734 734 735 735 735 735 735 735 735 735 735 735 735 735 735 735 735 735 735 735 735 735 735 735 735 734 734 734 734 734 734 734 734 734 734 734 733 733 733 733 733 733 733 733 734 734 735 736 735 736 736 737 738 737 738 738 739 738 739 739 740 739 740 740 741 741 742 742 743 847 847 848 848 848 849 849 849 849 850 850 850 850 850 851 851 851 851 851
778 778 778 778 734 734 734 734 734 734 734 735 735 735 735 735 735 735 735 735 735 735 735 735 735 735 735 735 734 734 734 734 734 734 734 734 734 734 734 734 733 733 733 733 733 733 733 733 733 734 734 735 736 735 736 737 737 738 737 738 739 739 740 739 740 740 741 740 741 741 742 742 743 743 847 848 848 849 849 849 850 850 850 850 851 851 851 851 851 852 852 852 852 852
777 778 778 734 734 734 734 734 734 734 734 734 734 734 734 734 734 734 734 735 734 734 734 734 734 734 734 734 734 734 734 734 734 734 734 734 734 734 733 733 733 733 733 733 733 733 732 733 734 734 735 736 735 736 737 737 738 738 738 739 739 740 739 740 741 741 741 741 742 742 743 743 743 848 848 849 849 849 850 850 850 851 851 851 852 852 852 852 852 852 853 853 853 853
777 777 733 734 734 734 734 734 734 734 734 734 734 734 734 734 734 734 734 734 734 734 734 734 734 734 734 734 734 734 734 734 734 734 734 734 733 733 733 733 733 733 733 733 733 732 733 734 734 735 736 735 736 737 737 738 738 738 739 740 740 740 740 741 741 741 741 742 742 743 743 744 848 849 849 850 850 850 851 851 851 852 852 852 852 853 853 853 853 853 854 854 854 854
777 733 733 733 733 734 734 734 734 734 734 734 734 734 734 734 734 734 734 734 734 734 734 734 734 734 734 734 734 734 734 734 734 734 733 733 733 733 733 733 733 733 733 732 732 733 734 734 735 736 735 736 737 737 738 738 738 739 740 740 740 740 741 742 741 742 742 743 743 744 744 849 849 850 850 850 851 851 852 852 852 853 853 853 853 854 854 854 854 854 855 855 855 855
733 733 733 733 733 733 733 733 734 734 734 734 734 734 734 734 734 734 734 734 734 734 734 734 734 734 734 734 734 734 734 733 733 733 733 733 733 733 733 733 733 733 732 732 733 734 734 735 736 735 736 737 738 738 738 739 739 740 740 740 741 741 742 741 742 743 743 744 744 745 849 850 850 851 851 851 852 852 853 853 853 854 854 854 854 855 855 855 855 855 856 856 856 856
733 733 733 733 733 733 733 733 733 733 733 734 734 734 734 734 734 734 734 734 734 734 734 734 734 734 734 734 733 733 733 733 733 733 733 733 733 733 733 733 732 732 732 733 733 734 735 735 735 736 737 738 738 738 739 739 740 741 740 741 741 742 742 742 743 743 744 744 745 849 850 850 851 851 852 852 853 853 853 854 854 854 855 855 855 856 856 856 856 856 856 857 857 857
732 733 733 733 733 733 733 733 733 733 733 733 733 733 999 733 733 733 733 733 733 733 733 733 733 733 733 733 733 733 733 733 733 733 733 733 733 733 732 732 732 732 733 733 734 735 735 735 736 737 737 738 738 739 739 740 741 740 741 742 742 743 742 743 744 744 745 745 850 850 851 851 852 852 853 853 854 854 854 855 855 855 856 856 856 856 857 857 857 857 857 858 858 858
998 998 998 999 999 999 999 999 999 999 999 999 999 999 999 999 999 999 999 999 999 999 999 999 999 999 999 999 999 999 999 999 999 999 999 999 998 998 998 998 998 998 733 734 734 734 735 736 737 737 738 738 739 739 740 741 740 741 742 742 743 743 743 744 744 745 745 850 851 851 852 852 853 853 854 854 854 855 855 856 856 856 857 857 857 857 858 858 858 858 858 859 859 859
998 998 998 998 998 998 999 999 999 999 999 999 999 999 999 999 999 999 999 999 999 999 999 999 999 999 999 999 999 999 999 999 999 998 998 998 998 998 998 998 998 999 1000 1000 1000 1001 1002 1003 1003 1003 1004 1005 1005 1006 741 740 741 742 742 743 743 743 744 744 745 746 850 851 851 852 852 853 853 854 854 855 855 856 856 856 857 857 858 858 858 858 859 859 859 859 859 859 860 860
998 998 998 998 998 998 998 998 998 999 999 999 999 999 999 999 999 999 999 999 999 999 999 999 999 999 999 999 999 999 998 998 998 998 998 998 998 998 998 998 999 999 999 1000 1001 1002 1002 1003 1003 1004 1004 1005 1006 1007 1006 1007 1008 1008 1009 1009 1009 1010 745 745 746 746 851 852 852 853 853 854 854 855 855 856 856 857 857 857 858 858 858 859 859 859 860 860 860 860 860 860 861 861
998 998 998 998 998 998 998 998 998 998 998 998 998 998 998 999 999 999 999 999 999 999 999 999 998 998 998 998 998 998 998 998 998 998 998 998 998 998 998 998 998 999 1000 1001 1002 1002 1003 1003 1004 1004 1005 1006 1006 1006 1007 1008 1008 1008 1009 1009 1010 1011 1011 1012 1013 1117 1118 1118 1119 1120 854 855 855 856 856 857 857 857 858 858 859 859 859 860 860 860 860 861 861 861 861 861 862 862
997 997 998 998 998 998 998 998 998 998 998 998 998 998 998 998 998 998 998 998 998 998 998 998 998 998 998 998 998 998 998 998 998 998 998 998 998 997 997 998 999 1000 1001 1001 1002 1002 1003 1003 1004 1005 1006 1005 1006 1007 1008 1008 1008 1009 1009 1010 1011 1011 1012 1013 1117 1118 1119 1119 1120 1120 1121 1121 1122 1122 1123 1123 858 858 859 859 860 860 860 861 861 861 861 862 862 862 862 862 862 863
997 997 997 997 997 998 998 998 998 998 998 998 998 998 998 998 998 998 998 998 998 998 998 998 998 998 998 998 998 998 998 998 998 998 997 997 997 997 998 999 999 1000 1001 1001 1002 1002 1003 1004 1005 1006 1005 1006 1007 1008 1008 1008 1009 1009 1010 1011 1011 1012 1013 1117 1118 1119 1119 1120 1121 1121 1122 1122 1123 1123 1124 1124 1125 1125 1126 1126 1126 1127 861 861 862 862 862 863 863 863 863 863 863 864
997 997 997 997 997 997 997 997 997 998 998 998 998 998 998 998 998 998 998 998 998 998 998 998 998 998 998 998 998 998 997 997 997 997 997 997 997 998 998 999 1000 1000 1001 1001 1002 1003 1004 1005 1004 1005 1006 1007 1007 1008 1008 1009 1009 1010 1011 1011 1012 1013 1118 1118 1119 1119 1120 1121 1121 1122 1122 1123 1124 1124 1125 1125 1126 1126 1126 1127 1127 1128 1128 1128 1129 1129 1129 864 864 864 864 864 864 864
997 997 997 997 997 997 997 997 997 997 997 997 997 997 998 998 998 998 998 998 998 998 998 998 998 997 997 997 997 997 997 997 997 997 997 997 997 998 999 999 1000 1000 1001 1002 1003 1004 1004 1004 1005 1006 1006 1007 1008 1008 1009 1009 1010 1011 1011 1012 1013 1118 1118 1119 1120 1120 1121 1121 1122 1123 1123 1124 1124 1125 1125 1126 1126 1127 1127 1128 1128 1129 1129 1129 1130 1130 1130 1130 1131 1131 1131 1131 865 865
996 996 997 997 997 997 997 997 997 997 997 997 997 997 997 997 997 997 997 997 997 997 997 997 997 997 997 997 997 997 997 997 997 997 997 997 998 998 998 999 1000 1001 1002 1002 1003 1003 1004 1005 1005 1006 1007 1007 1008 1008 1009 1010 1011 1011 1012 1013 1118 1118 1119 1120 1120 1121 1122 1122 1123 1123 1124 1125 1125 1126 1126 1127 1127 1128 1128 1129 1129 1129 1130 1130 1131 1131 1131 1131 1132 1132 1132 1132 1132 1132
