testData/tiles/oneDegree/grid47.0-47.0-48.0-48.0.asc
ncols   200
nrows   200
xllcorner   47.0
yllcorner   47.0
cellsize   0.005
NODATA_value   -9999.0
[rows 84 to 125 of 200, columns 0 to 93 of 200]
801 800 800 799 798 797 797 796 795 794 793 792 791 790 789 788 788 787 786 785 783 783 781 780 779 778 778 777 776 773 772 771 770 770 769 767 766 764 763 762 761 759 758 757 756 753 752 751 750 749 746 745 744 742 740 739 738 736 734 732 731 728 727 726 724 722 720 718 716 714 713 710 708 706 703 702 700 697 694 693 690 688 685 682 680 677 674 671 668 665 661 659 655 679
802 801 801 800 799 799 798 797 796 795 794 793 793 792 790 790 789 788 787 785 785 784 783 781 781 780 779 778 776 775 773 773 772 771 770 769 767 765 764 763 762 760 759 758 757 755 753 752 751 750 749 747 745 744 742 740 739 738 736 733 732 731 729 727 726 723 721 720 718 716 715 712 709 708 706 704 702 698 697 695 692 690 687 684 682 679 677 674 670 668 664 662 685 682
804 802 802 801 800 800 799 797 797 796 795 795 794 793 792 792 790 789 787 787 786 785 784 784 782 781 780 778 777 777 776 774 773 772 771 770 768 766 766 765 764 763 761 760 758 757 756 754 753 752 750 747 746 745 744 742 741 739 737 735 734 733 731 729 727 725 723 722 720 718 716 714 711 710 708 706 703 701 699 697 695 692 689 686 685 682 679 676 673 671 667 693 689 685
805 804 804 803 803 801 799 799 798 797 796 796 795 794 794 793 791 789 789 788 787 786 786 785 784 783 780 780 779 778 777 776 774 773 773 771 770 769 767 766 765 764 763 760 759 758 757 756 754 753 751 750 748 747 745 744 742 740 739 738 735 734 733 731 728 727 726 723 722 721 717 716 714 712 710 709 705 703 701 699 697 693 692 690 687 685 681 679 677 673 671 695 692 688
806 806 805 804 804 802 801 800 799 798 798 797 796 795 795 793 792 792 791 789 788 788 787 786 785 783 783 781 780 779 778 777 777 775 773 772 771 770 769 767 766 765 763 762 760 759 758 757 756 754 752 751 750 748 747 746 744 742 740 739 737 736 734 732 730 729 727 725 724 721 719 717 716 713 712 709 707 705 704 701 698 697 694 692 689 687 684 681 679 676 701 697 695 692
807 807 806 804 804 803 802 802 801 800 799 798 797 797 795 794 793 793 792 791 789 789 788 787 785 785 784 783 781 780 779 779 778 776 774 773 772 771 770 770 768 766 765 764 763 761 760 759 758 755 754 753 752 749 748 747 745 743 742 741 739 737 735 734 732 730 729 728 724 723 722 719 718 716 713 711 710 707 706 703 700 699 696 694 692 688 686 683 681 706 703 701 698 695
808 808 806 805 805 804 803 803 802 801 801 800 798 797 796 795 795 794 793 792 792 791 789 787 787 786 785 784 783 781 781 780 778 777 776 774 773 773 772 771 769 767 766 765 764 763 761 760 758 757 755 754 753 752 750 748 747 745 743 742 741 739 737 735 734 732 731 729 726 725 723 721 719 717 715 713 712 709 707 705 702 701 698 696 693 690 689 686 684 709 706 703 700 698
809 808 807 806 806 805 805 804 803 803 802 801 799 799 797 796 796 795 794 793 793 792 790 788 788 787 786 785 784 784 782 780 779 778 777 777 775 774 773 771 770 769 767 766 765 764 762 760 759 758 757 755 754 753 751 749 748 747 746 744 742 740 738 737 736 734 732 730 729 726 725 724 721 719 717 715 713 712 708 707 704 702 701 697 695 693 691 689 713 711 708 706 704 699
810 809 808 808 807 806 806 805 804 804 803 801 801 800 799 797 797 796 795 795 794 792 791 791 789 788 787 786 786 785 783 781 780 780 779 778 777 775 773 772 771 770 769 768 767 766 764 762 761 760 759 757 756 754 753 750 749 748 747 745 743 742 741 738 737 736 733 731 730 728 726 725 722 720 719 717 715 714 710 709 707 704 703 699 697 696 693 719 715 713 711 708 706 702
811 811 810 810 808 807 807 806 805 805 803 802 802 801 800 800 799 797 796 796 794 793 792 792 791 789 788 788 787 785 784 783 782 781 780 779 778 776 774 774 773 772 771 769 768 766 765 764 762 761 760 759 756 755 754 753 751 750 749 746 744 743 742 740 739 736 735 733 732 730 728 726 724 722 721 719 717 714 713 710 709 706 704 702 699 698 695 720 718 715 713 710 707 704
812 812 811 811 810 809 809 807 805 805 804 803 803 802 801 801 800 799 798 796 795 794 794 793 792 791 791 789 787 786 785 785 784 782 781 780 778 777 777 775 774 773 772 771 768 767 766 765 764 762 761 759 758 756 755 754 753 751 749 748 746 745 743 742 740 738 737 734 733 732 729 727 726 724 722 721 717 716 715 712 711 708 705 704 701 699 725 722 720 717 715 713 710 707
813 813 812 812 811 810 810 808 807 806 805 804 804 803 802 802 801 800 799 798 796 795 795 794 793 792 792 790 788 787 786 786 785 784 782 780 780 779 778 777 775 774 773 771 770 768 768 767 766 764 763 761 760 758 757 756 754 751 750 749 748 746 745 744 742 739 738 737 735 733 731 729 728 726 724 721 720 718 716 715 712 710 707 706 704 701 727 724 722 720 717 715 712 710
814 814 813 813 812 811 810 809 808 808 807 805 805 804 803 803 801 800 800 799 798 796 796 795 794 793 792 791 790 788 788 787 786 785 783 781 781 780 779 778 777 775 773 773 772 771 769 768 767 766 763 762 761 760 758 757 755 754 752 751 749 748 746 744 743 741 740 738 736 734 733 730 729 728 725 723 722 719 718 716 713 711 710 707 706 730 729 727 724 722 719 717 714 712
816 816 815 815 814 812 812 811 810 810 809 808 808 806 805 804 803 802 802 801 800 800 799 797 796 794 793 792 791 790 789 788 787 785 784 784 782 781 780 779 778 775 775 774 773 772 770 769 768 766 765 763 762 761 760 758 756 755 754 752 751 750 747 745 744 743 741 740 738 735 734 733 731 729 727 725 723 722 719 717 715 713 712 709 735 733 730 729 726 723 720 719 717 714
818 818 817 816 815 814 814 813 811 811 810 809 809 808 806 805 804 803 803 802 801 801 800 799 796 796 795 794 793 793 792 790 788 787 787 786 785 783 782 781 780 779 777 776 775 774 773 770 768 767 766 764 763 762 761 758 757 756 755 753 752 750 749 747 746 745 742 740 739 737 736 734 732 730 728 726 725 723 720 719 717 715 713 711 736 735 732 730 728 725 723 721 719 715
820 820 818 817 816 815 815 814 813 813 812 811 811 809 808 808 806 805 805 804 803 803 801 800 799 798 797 796 795 795 794 792 790 789 789 788 787 785 783 782 781 780 779 777 776 775 774 772 770 770 769 768 766 765 763 762 760 759 758 757 753 752 751 748 747 746 744 742 740 739 737 736 734 731 730 729 726 725 723 720 719 716 715 740 738 736 735 732 730 727 725 723 720 718
821 821 820 819 819 818 817 816 815 815 814 812 812 811 810 810 809 808 807 806 805 804 802 801 800 800 798 797 796 796 794 793 792 791 790 789 788 787 785 784 783 782 781 780 778 777 775 775 773 772 771 770 769 766 765 763 762 760 759 757 755 754 753 751 749 747 746 744 743 742 739 737 736 734 732 731 728 726 724 722 720 719 744 742 740 738 737 733 731 729 727 724 722 720
822 822 821 820 820 819 819 818 816 816 814 813 813 812 811 811 810 809 809 807 805 805 804 803 802 802 801 799 799 797 796 795 794 794 792 791 790 788 788 786 785 784 783 781 779 778 777 776 775 773 772 771 769 767 766 765 764 762 760 759 758 756 755 754 752 750 748 747 744 743 741 739 737 736 734 733 730 728 727 725 723 721 746 745 743 741 738 735 733 731 729 726 723 722
824 824 823 822 822 821 821 820 819 818 816 815 815 814 813 813 812 811 811 809 808 807 806 805 805 804 803 802 799 798 797 796 796 795 794 792 790 790 789 788 786 785 784 783 782 780 779 778 777 776 774 772 771 770 768 767 766 765 761 760 759 758 756 755 753 751 750 749 746 745 743 741 740 739 736 734 733 730 729 728 723 750 749 746 745 741 740 738 736 734 731 729 726 725
825 825 824 823 823 822 822 820 819 819 818 817 816 815 814 814 813 811 811 810 809 809 807 806 806 805 804 802 802 800 799 798 798 797 796 794 792 792 791 790 789 787 786 785 784 783 780 779 778 777 774 773 772 771 770 769 768 766 764 763 761 760 758 756 755 754 752 751 750 747 744 743 741 740 738 735 734 733 731 728 726 753 751 749 746 745 742 741 738 735 733 731 729 726
827 826 826 825 825 824 822 822 821 821 820 819 819 818 816 816 814 813 813 812 811 811 810 808 808 806 805 804 804 802 800 799 799 798 796 795 793 793 792 791 790 789 786 786 785 784 783 781 780 778 777 775 775 774 773 771 769 768 767 764 763 762 760 758 756 755 753 752 750 748 747 746 743 741 740 738 737 735 733 731 756 754 753 751 748 746 744 743 740 737 736 733 732 728
828 827 827 826 825 824 823 823 822 822 821 820 820 819 818 816 815 814 814 813 812 812 811 810 808 807 806 805 805 804 803 801 801 799 798 797 796 795 794 793 792 790 790 788 787 785 784 782 780 779 779 778 776 775 774 772 770 769 768 767 765 763 762 760 759 758 757 753 752 751 748 747 745 743 741 740 738 737 734 760 759 756 755 753 750 749 748 744 743 739 738 735 732 731
831 830 830 827 826 826 825 825 824 823 823 822 822 820 819 819 818 816 816 815 814 814 813 811 810 808 807 806 806 805 804 803 801 800 799 798 798 797 795 793 792 791 791 789 788 787 786 784 782 782 781 780 778 777 775 774 772 770 769 768 765 764 763 762 760 759 757 755 754 752 750 749 747 745 744 742 740 738 737 762 760 759 756 754 752 750 749 746 744 742 740 738 735 733
832 830 830 829 828 828 826 826 825 824 824 823 821 821 820 820 819 818 817 816 815 815 813 812 811 811 809 808 808 807 805 804 804 802 801 800 800 799 797 795 794 793 792 791 789 788 786 785 785 783 782 781 780 777 776 775 774 772 771 769 768 766 765 764 762 760 759 757 755 754 753 749 748 747 745 744 742 739 766 765 763 760 758 757 755 753 751 747 746 744 741 739 737 735
833 832 831 831 830 830 829 828 827 826 826 824 823 823 822 820 820 819 819 817 815 814 814 813 812 812 811 809 809 807 806 805 805 804 802 801 801 799 798 797 795 795 794 793 792 789 788 787 787 785 784 782 780 779 777 776 775 774 771 770 769 767 766 765 763 761 760 759 757 756 754 752 751 749 747 745 743 741 767 766 763 762 760 758 757 753 752 751 748 747 743 742 739 738
833 833 832 832 831 831 830 829 829 827 826 825 824 824 823 822 822 821 820 819 818 816 816 815 814 814 813 812 810 809 808 807 806 805 804 802 801 800 799 798 796 796 795 793 792 790 789 789 788 787 784 783 782 781 779 778 777 775 773 773 772 771 768 766 765 762 761 760 759 756 755 754 752 751 749 746 745 772 770 768 765 764 763 759 757 756 753 752 750 747 746 743 742 738
834 834 833 833 832 831 831 829 829 828 827 827 825 825 824 823 823 822 820 820 819 818 817 816 815 815 814 812 811 810 809 808 808 807 806 804 803 802 801 800 799 798 796 794 793 792 790 790 789 787 786 784 783 782 781 779 777 777 776 774 773 772 769 768 767 766 764 763 760 757 756 755 753 751 750 748 774 773 770 769 768 765 764 761 760 758 756 754 752 749 747 745 742 740
836 836 835 834 834 833 832 831 831 830 829 829 828 827 825 824 823 822 821 821 820 819 819 817 816 815 814 813 812 812 810 809 809 807 806 805 804 803 802 801 800 799 797 796 795 794 793 792 790 789 788 786 784 783 782 780 779 778 777 775 774 772 771 769 768 767 765 763 762 761 758 757 755 753 752 751 776 774 771 770 769 767 764 763 761 760 757 755 753 751 750 746 745 743
837 836 836 835 834 833 833 832 831 831 830 830 829 828 828 825 824 824 823 822 822 821 821 820 817 816 816 815 813 813 812 810 808 808 807 806 805 804 803 802 800 800 799 797 796 795 794 792 791 790 789 788 786 785 783 783 781 780 779 778 774 773 772 770 769 768 766 764 763 762 760 758 756 754 753 780 777 776 775 772 771 769 766 764 762 761 759 756 755 753 750 749 746 745
839 838 838 835 835 834 833 833 832 832 831 830 830 828 828 827 825 825 824 823 823 822 820 820 819 817 817 816 815 815 814 812 810 810 809 808 807 807 804 802 801 801 800 798 797 796 794 794 792 791 790 789 787 785 785 784 782 781 780 778 776 775 774 773 771 769 767 765 764 763 760 759 758 757 754 780 778 777 776 774 771 770 768 767 766 762 761 758 756 755 752 750 748 746
840 838 838 837 836 835 834 834 833 833 832 831 830 829 828 828 827 827 825 824 824 822 821 821 820 819 818 817 816 815 814 813 812 811 810 809 808 807 806 804 803 802 802 801 799 797 795 795 794 792 791 789 788 786 786 785 784 782 780 779 778 776 775 774 771 770 769 768 766 764 763 760 759 758 784 782 780 778 777 775 773 772 769 768 766 764 762 761 759 756 754 752 749 747
841 840 839 839 838 838 837 836 835 834 833 832 831 830 829 829 828 827 827 825 823 823 822 822 821 820 819 818 816 815 815 814 813 813 811 810 808 808 807 806 804 803 803 802 800 798 797 797 796 794 792 791 789 788 787 786 785 783 781 780 779 777 776 774 773 771 770 769 766 765 764 762 761 788 785 784 782 779 778 776 774 773 772 768 767 765 764 762 759 758 755 754 751 749
841 841 840 840 839 839 838 837 836 834 834 833 832 832 831 831 830 829 828 827 825 825 823 822 822 821 820 819 817 816 816 815 814 813 813 810 809 808 808 807 805 804 803 802 801 799 798 798 797 795 793 792 791 790 789 788 786 784 782 781 780 779 776 775 774 772 771 769 768 766 765 764 762 788 787 785 784 783 779 778 776 774 772 770 768 767 765 763 760 759 758 754 753 750
842 842 841 840 840 839 839 837 837 836 835 834 833 833 832 831 831 829 829 828 827 826 825 824 824 822 821 821 820 818 816 816 815 814 813 811 810 809 809 808 807 804 804 803 802 801 799 799 797 796 795 793 792 791 790 788 787 786 785 783 781 779 777 776 775 774 771 770 769 767 766 764 790 789 788 786 785 783 781 780 778 775 774 772 770 768 765 764 763 760 758 756 754 752
843 842 842 841 841 839 839 838 837 837 836 836 835 833 833 831 831 830 829 829 828 827 827 825 823 823 822 821 821 820 818 818 816 815 814 813 811 810 810 809 807 806 804 804 803 802 801 798 798 797 796 794 793 791 791 789 788 787 786 783 782 781 780 778 776 774 772 771 770 769 766 765 792 790 789 788 785 784 783 781 779 776 775 774 772 769 767 765 764 761 759 757 756 753
844 843 843 841 841 840 839 839 838 838 837 836 836 834 833 832 831 831 830 830 829 828 827 826 824 824 823 822 822 821 820 818 817 816 815 815 814 812 810 809 808 807 805 805 804 802 801 799 799 798 797 796 793 792 792 791 789 788 786 785 783 782 781 779 777 776 775 773 772 770 767 794 793 791 789 788 786 785 784 781 780 779 776 775 772 771 770 766 764 762 760 759 756 754
846 843 842 842 841 841 840 840 839 838 838 837 836 835 834 834 832 832 831 830 830 828 827 827 826 824 824 823 822 821 820 819 818 817 816 816 815 813 811 811 810 809 807 806 804 803 802 801 800 799 798 796 794 793 793 792 790 788 787 786 784 783 782 780 778 777 777 775 773 771 769 796 795 792 790 789 787 786 784 782 781 780 778 775 774 772 771 768 766 764 762 760 757 756
845 845 844 844 842 842 841 840 840 839 838 837 837 836 835 835 834 832 832 830 830 829 828 828 827 826 825 824 822 822 821 820 820 818 817 816 815 814 812 811 811 810 809 807 805 804 803 802 800 800 798 797 796 794 793 793 791 789 788 787 786 784 782 781 779 779 778 776 774 773 799 797 795 794 791 790 789 786 785 784 782 781 778 777 775 773 771 770 767 766 763 761 758 757
846 846 845 844 844 843 842 841 840 839 838 838 837 837 836 836 835 834 832 831 830 830 829 828 828 827 826 824 823 822 822 821 820 819 817 816 816 815 814 812 812 811 809 808 807 805 804 803 801 800 799 798 797 795 794 793 792 790 789 788 787 784 783 782 781 780 778 777 775 774 801 797 796 795 793 791 789 787 786 785 783 781 780 778 776 773 772 771 769 767 764 762 761 758
847 846 846 845 845 844 843 842 840 840 839 839 838 838 837 836 835 834 833 832 831 831 830 829 829 827 826 825 824 823 823 822 821 820 818 817 816 816 815 814 811 811 810 809 808 806 805 803 802 801 800 799 798 796 794 793 793 792 790 788 787 786 784 783 782 780 779 778 777 803 801 799 797 796 795 792 791 789 787 786 784 782 781 779 777 775 773 772 770 768 766 763 762 759
848 847 847 846 845 844 843 843 842 842 840 839 839 838 837 836 835 835 834 834 832 831 831 829 828 828 827 826 825 824 823 822 821 820 820 818 817 817 816 814 813 812 811 810 809 808 805 804 803 802 801 800 798 797 795 794 794 793 790 789 788 787 785 784 782 781 780 779 806 803 802 800 798 797 795 793 792 790 788 786 785 783 782 780 778 777 774 773 771 769 768 764 762 760
848 848 847 846 845 845 844 844 843 842 842 840 840 838 837 837 836 836 835 834 834 833 831 830 829 829 828 827 827 825 823 823 822 821 821 820 818 816 816 815 814 812 812 811 808 807 806 805 804 803 802 800 799 798 797 795 794 793 792 790 789 788 787 784 783 782 781 780 806 804 802 801 800 797 796 795 793 792 788 787 786 784 782 781 779 778 777 773 772 770 768 764 763 762
