testData/tiles/oneDegree/grid37.0-14.0-38.0-15.0.asc
ncols   200
nrows   200
xllcorner   37.0
yllcorner   14.0
cellsize   0.005
NODATA_value   -9999.0
[rows 0 to 41 of 200, columns 0 to 93 of 200]
513 512 512 512 512 512 511 512 512 511 510 510 510 511 510 510 510 510 508 508 508 509 508 508 508 508 506 506 506 506 506 506 506 504 504 504 504 503 503 502 501 501 501 501 501 500 500 499 499 499 497 497 497 497 497 496 496 496 496 496 495 495 495 495 494 494 494 494 493 493 493 493 491 491 491 491 490 490 490 490 489 489 489 488 488 487 487 486 486 486 485 485 486 485
512 512 513 513 512 512 512 512 513 512 512 511 511 510 510 511 511 510 510 510 509 508 508 509 509 508 508 508 507 506 506 506 506 506 506 505 504 504 504 503 503 502 502 501 501 501 499 499 500 521 499 498 498 498 498 498 497 497 497 497 497 496 496 496 496 495 495 494 494 493 493 493 493 492 492 492 492 491 491 491 491 490 490 489 488 488 488 488 487 487 487 486 486 486
514 514 513 513 513 513 513 513 512 513 513 513 512 511 511 511 511 511 511 511 510 510 531 531 530 531 531 531 530 529 529 529 528 528 528 528 527 527 527 526 526 526 524 524 524 523 523 522 522 521 521 521 520 520 520 520 520 519 519 519 519 519 518 518 518 518 517 517 517 517 516 516 516 516 515 515 515 493 492 492 491 491 490 490 490 489 489 489 488 488 487 487 486 487
515 515 514 513 514 514 513 513 513 513 513 535 535 535 534 533 533 533 534 533 533 533 533 531 531 531 531 531 531 531 530 529 529 529 528 528 527 527 527 527 527 526 525 525 525 524 524 524 522 522 522 522 522 521 521 521 521 521 520 520 520 520 519 519 519 519 519 518 518 518 518 517 517 517 517 516 516 515 515 514 514 514 513 513 513 513 512 512 489 488 488 488 487 487
515 515 537 537 536 536 536 536 536 536 535 535 536 536 535 534 534 534 533 533 534 534 533 532 532 532 531 531 531 532 530 530 530 530 529 529 529 527 527 527 527 526 527 526 525 525 525 525 523 523 523 523 523 523 522 522 522 522 521 521 521 521 521 520 520 520 520 519 519 519 519 518 518 517 517 516 516 516 516 515 515 515 515 514 514 514 512 512 512 512 511 511 511 510
538 538 538 538 536 536 536 537 536 536 536 536 536 535 536 535 535 534 534 534 534 533 534 533 533 532 532 532 532 531 531 531 531 530 530 530 529 528 528 528 527 527 527 525 525 525 525 525 525 524 524 524 524 524 523 523 523 523 523 522 522 522 522 521 521 521 521 520 519 519 519 519 518 518 518 518 517 517 517 516 516 516 516 515 514 514 514 513 513 513 512 512 512 510
538 539 538 538 537 537 537 536 537 537 537 537 536 536 535 536 535 535 535 535 534 534 534 533 533 533 533 533 532 532 531 531 530 530 531 531 530 529 529 528 528 528 528 526 526 526 525 525 525 524 524 524 524 524 523 523 523 523 523 522 522 522 522 521 521 521 521 520 520 520 520 520 519 519 519 519 518 518 518 517 517 516 516 515 515 515 515 514 514 514 513 512 512 511
538 538 537 538 538 538 537 537 537 538 537 537 537 536 536 535 535 536 536 535 535 535 534 533 533 533 534 533 533 533 532 531 531 531 531 530 530 530 529 529 529 529 528 527 527 526 526 526 525 525 525 525 525 524 524 524 524 524 523 523 523 523 523 522 522 522 522 521 521 521 521 520 520 520 520 519 519 519 518 517 517 517 517 516 516 516 516 515 515 514 513 513 513 512
539 538 538 538 538 538 538 538 538 537 537 538 537 537 536 536 536 536 535 536 536 535 534 534 534 534 533 533 534 533 532 532 532 532 531 531 530 530 529 529 529 529 528 528 528 527 527 527 526 526 526 526 526 525 525 525 525 525 524 524 524 524 523 523 523 523 523 522 522 522 522 521 521 521 520 519 519 519 519 518 518 518 518 517 517 517 516 515 515 515 514 514 514 513
539 539 538 538 538 539 539 539 538 538 537 537 537 537 537 537 537 536 536 536 535 535 535 535 535 534 534 534 533 532 532 533 533 532 532 531 531 530 530 530 529 528 528 528 527 527 527 527 527 527 527 527 526 526 526 526 526 525 525 525 525 525 524 524 524 524 523 523 522 522 521 521 521 521 521 520 520 520 519 519 519 519 518 518 517 517 516 516 516 515 515 515 515 514
540 539 539 539 539 539 538 539 538 538 538 537 537 537 538 538 537 537 536 536 535 535 535 536 535 535 534 534 533 533 533 533 532 532 532 532 531 531 531 530 529 529 529 528 528 527 527 527 527 527 527 526 526 526 526 526 525 525 525 525 525 524 524 524 524 523 523 523 523 523 522 522 522 522 521 521 521 521 520 520 520 519 518 518 518 517 517 517 517 516 516 516 514 514
539 540 540 540 540 538 538 538 539 539 538 538 538 538 537 536 537 537 537 536 536 536 536 535 534 535 535 534 534 534 534 532 532 532 532 531 531 532 531 530 530 530 529 529 528 528 528 528 528 528 527 527 527 527 527 526 526 526 526 526 525 525 525 525 524 524 524 524 524 523 523 523 523 522 522 522 522 521 520 520 520 519 519 519 518 518 518 518 517 517 516 515 515 515
539 539 540 539 539 539 539 539 538 538 539 539 538 537 537 537 537 537 537 537 537 536 535 535 535 535 534 535 535 534 533 533 533 533 532 532 531 531 530 530 530 530 529 529 529 529 529 529 528 528 528 528 528 527 527 527 527 527 526 526 526 526 526 525 525 525 525 524 524 524 524 524 523 523 522 522 521 521 521 521 520 520 520 519 519 519 519 518 517 517 516 516 516 516
540 539 539 539 540 540 540 539 538 538 538 539 538 538 538 538 537 537 536 536 537 536 536 536 536 535 534 534 534 533 534 534 534 533 532 532 532 531 531 531 530 529 529 529 529 529 529 529 529 529 529 528 528 528 528 528 527 527 527 527 527 526 526 526 526 526 525 525 525 524 523 523 523 523 522 522 522 522 521 521 521 521 520 520 520 519 518 518 518 517 517 517 517 516
540 540 540 539 539 539 539 539 539 539 538 538 538 539 538 537 537 537 537 537 536 536 537 536 535 535 535 535 534 534 534 533 532 533 533 533 532 531 531 531 530 530 530 530 529 529 529 529 529 528 528 528 528 528 527 527 527 527 527 526 526 526 526 526 525 525 525 525 525 524 524 524 524 523 523 523 523 522 522 522 522 521 520 520 519 519 519 519 518 518 518 517 517 516
540 540 540 539 539 539 539 540 540 539 538 538 538 538 537 538 538 538 537 536 536 536 536 535 536 536 536 534 534 534 534 533 533 533 533 531 532 532 532 531 531 530 530 530 530 530 530 529 529 529 529 529 528 528 528 528 528 527 527 527 527 527 526 526 526 526 526 525 525 525 525 524 524 524 524 523 523 523 523 521 521 521 521 520 520 520 519 519 519 519 518 517 517 516
540 540 540 540 539 539 539 538 539 539 539 539 538 538 538 537 538 537 537 537 537 537 536 535 535 535 535 535 535 535 534 533 533 533 532 532 532 532 530 530 531 531 531 531 530 530 530 530 530 530 529 529 529 529 529 528 528 528 528 528 527 527 527 527 526 526 526 526 526 525 525 525 525 524 524 523 523 522 522 522 522 521 521 521 521 520 520 520 519 518 518 518 517 517
539 539 540 540 540 539 539 539 539 538 539 538 538 538 538 538 537 537 538 537 536 536 536 536 536 535 535 534 534 534 534 534 534 533 532 532 532 531 531 531 531 530 530 530 530 531 531 530 530 530 530 530 529 529 529 529 529 528 528 528 528 528 527 527 527 527 527 526 526 526 525 524 524 524 524 523 523 523 523 522 522 522 522 521 521 521 520 519 519 519 518 518 518 518
540 540 539 539 539 539 539 539 539 538 538 538 539 538 537 537 537 537 537 536 536 537 536 536 535 535 535 535 534 534 533 533 533 533 533 533 532 531 531 531 531 531 531 530 530 530 530 530 530 529 529 529 529 529 528 528 528 528 528 527 527 527 527 527 526 526 526 526 525 525 525 525 525 524 524 524 524 523 523 523 523 522 522 521 520 520 520 520 519 519 519 519 518 518
540 540 539 539 539 540 539 539 538 538 538 538 538 537 538 538 538 537 536 536 536 536 535 536 536 535 535 534 534 534 534 533 533 532 532 532 532 532 532 531 531 531 531 531 531 530 530 530 530 530 530 529 529 529 529 529 528 528 528 528 528 527 527 527 527 527 526 526 526 526 525 525 525 525 524 524 524 524 523 523 522 522 521 521 521 521 520 520 520 519 519 519 518 517
539 539 539 539 539 539 538 539 539 539 538 537 537 537 537 538 537 537 537 537 536 535 535 535 535 536 535 535 534 534 533 533 533 533 532 531 531 531 531 532 532 531 531 531 531 531 531 530 530 530 530 530 530 529 529 529 529 529 528 528 528 528 528 527 527 527 527 526 526 526 526 526 525 525 525 525 523 523 523 523 522 522 522 521 521 521 521 520 520 520 519 518 518 518
539 539 539 539 538 538 538 538 538 539 538 538 538 537 537 536 536 537 537 537 536 536 535 535 534 534 534 534 535 534 533 533 533 532 532 532 532 531 531 531 531 531 531 530 530 531 531 531 531 530 530 530 530 530 529 529 529 529 529 528 528 528 528 528 527 527 527 527 526 526 525 525 525 524 524 524 524 523 523 523 523 522 522 522 522 521 521 520 519 519 519 519 518 518
539 539 538 539 538 538 538 538 537 537 537 538 538 537 537 536 536 536 535 535 536 536 536 535 534 534 534 533 533 533 533 534 532 532 532 532 532 532 531 531 531 531 531 531 531 530 530 530 530 530 529 529 529 529 529 528 528 528 528 528 527 527 527 527 527 526 526 526 526 526 525 525 525 525 524 524 524 524 523 523 523 523 522 522 521 520 520 520 520 519 519 519 519 518
538 538 538 538 539 539 538 537 537 537 537 537 537 537 537 537 537 535 535 535 535 535 535 535 535 535 533 533 533 533 533 532 532 531 531 532 532 532 532 532 531 531 531 531 531 531 530 530 530 530 530 529 529 529 529 529 528 528 528 528 528 527 527 527 527 527 526 526 526 526 525 525 525 525 525 524 524 524 524 523 522 522 522 521 521 521 520 520 520 520 519 519 519 517
538 538 538 538 537 537 538 538 537 537 536 536 536 536 537 536 536 536 536 535 534 534 534 534 535 534 534 533 533 532 532 532 532 532 531 531 531 531 531 532 532 531 531 531 531 531 531 530 530 530 530 530 529 529 529 529 529 528 528 528 528 528 527 527 527 527 527 526 526 526 526 525 525 525 525 524 523 523 523 522 522 522 522 521 521 521 521 520 520 520 519 518 518 518
538 538 537 537 537 537 537 537 537 537 536 536 536 536 535 535 536 536 536 534 534 534 534 534 533 533 533 534 532 532 532 532 532 532 532 531 531 531 531 531 531 530 530 530 531 531 531 530 530 530 530 530 530 529 529 529 529 529 528 528 528 528 528 527 527 527 527 526 526 526 526 525 524 524 524 524 523 523 523 523 522 522 522 522 521 521 521 520 519 519 519 518 518 518
536 537 537 537 537 537 536 536 536 537 536 536 535 535 535 535 535 534 534 535 534 534 533 533 533 533 533 532 531 531 532 532 532 532 532 531 531 531 531 531 531 531 530 530 530 530 530 530 529 529 529 529 529 528 528 528 529 529 528 527 527 527 527 526 526 526 526 526 525 525 525 525 524 524 524 524 523 523 523 523 522 522 522 522 521 520 520 519 519 519 519 518 518 518
536 536 536 537 536 536 536 536 536 536 535 535 535 535 535 535 534 534 534 534 533 533 533 533 533 533 532 532 531 531 531 531 531 531 532 531 531 531 531 531 531 531 530 530 530 530 530 530 529 529 529 529 529 528 528 528 528 528 527 527 527 527 527 526 526 526 526 526 525 525 525 525 524 524 524 524 523 523 523 523 522 521 521 521 520 520 520 520 519 519 519 518 518 518
536 536 535 535 535 536 536 536 536 535 534 534 534 535 534 534 534 534 534 533 532 532 532 532 532 532 532 532 531 531 531 531 531 531 531 530 530 530 531 531 531 531 530 530 530 530 530 530 529 529 529 529 529 528 528 528 528 528 527 527 527 527 527 526 526 526 526 526 525 525 525 525 524 524 524 524 523 522 522 522 521 521 521 521 520 520 520 519 519 519 519 517 517 517
535 535 535 535 535 535 536 535 535 535 534 534 534 533 533 534 534 534 533 532 532 532 532 531 531 531 532 532 531 531 531 531 531 531 531 530 530 530 530 530 530 529 529 529 530 530 530 529 529 529 529 529 529 528 528 528 528 528 527 527 527 527 527 526 526 526 526 525 525 525 525 524 523 523 523 523 522 522 522 522 521 521 521 521 520 520 520 519 519 518 518 517 517 517
535 535 535 535 535 534 534 534 534 534 534 533 533 533 533 533 532 532 533 532 532 532 531 531 531 531 531 530 530 530 531 531 531 531 530 530 530 530 530 530 530 529 529 529 529 529 529 528 528 528 528 528 527 527 528 528 528 527 527 527 527 526 525 525 525 525 525 524 524 524 524 523 523 523 523 522 522 522 522 521 521 521 521 520 520 519 519 518 518 518 517 517 517 517
534 534 534 534 534 534 534 533 533 532 533 533 533 533 533 532 532 531 531 531 531 531 531 531 531 531 530 530 530 530 530 530 530 530 530 530 530 530 530 530 529 529 529 529 529 529 528 528 528 528 528 527 527 527 527 527 526 526 526 526 526 525 525 525 525 525 524 524 524 524 523 523 523 523 523 522 522 522 522 521 521 521 520 519 519 519 518 518 518 518 517 517 517 516
533 533 533 533 533 533 533 532 532 532 532 532 533 532 532 531 531 531 530 530 530 530 530 531 530 530 530 530 530 530 530 530 529 529 529 529 529 530 529 529 529 529 529 529 529 528 528 528 528 528 527 527 527 527 527 526 526 526 526 526 525 525 525 525 525 524 524 524 524 524 523 523 523 523 522 522 522 522 520 520 520 520 519 519 519 518 518 518 518 517 517 517 516 515
533 532 532 532 532 532 532 532 532 532 532 531 531 530 531 531 531 530 530 530 530 530 529 529 529 529 530 530 530 530 529 529 529 529 529 529 529 528 528 528 528 528 528 528 528 528 528 528 528 527 527 527 527 527 526 526 526 526 526 525 525 525 525 525 524 524 524 524 523 523 523 523 522 521 521 521 521 520 520 520 520 519 519 519 519 518 518 518 517 516 516 516 515 515
532 532 532 531 531 531 531 532 532 531 530 530 530 530 530 529 529 530 530 530 529 529 529 529 529 529 529 529 528 529 529 529 529 529 529 528 528 528 528 528 528 527 527 527 527 527 527 526 526 526 526 526 526 526 526 526 526 526 525 525 525 525 524 523 523 523 523 522 522 522 522 522 521 521 521 521 520 520 520 520 519 519 519 518 518 518 517 516 516 516 516 515 515 515
530 531 531 531 531 531 530 529 529 530 530 530 530 529 529 529 529 528 528 529 529 529 529 529 529 528 528 528 528 528 528 528 529 528 528 528 528 528 528 527 527 527 527 527 527 526 526 526 526 526 526 525 525 525 525 525 524 524 524 524 524 523 523 523 523 523 522 522 522 522 521 521 521 521 520 520 520 520 519 519 519 519 518 517 517 517 516 516 516 515 515 515 515 514
513 530 530 530 530 529 529 529 529 529 529 529 529 528 528 528 528 528 528 528 528 528 528 528 528 528 528 528 528 528 527 527 527 527 527 527 527 527 527 527 527 527 527 526 526 526 526 526 526 525 525 525 525 525 524 524 524 524 524 523 523 523 523 523 522 522 522 522 521 521 521 521 521 520 520 520 520 519 518 518 518 517 517 517 516 516 516 516 515 515 515 515 514 513
512 529 529 528 529 529 529 529 529 527 527 527 527 527 528 528 528 528 528 527 527 527 527 527 527 528 528 527 527 527 527 527 527 527 526 526 526 526 526 526 526 525 526 526 526 526 526 525 525 525 525 525 524 524 524 524 524 523 523 523 523 523 522 522 522 522 522 521 521 521 521 520 520 519 519 518 518 518 518 517 517 517 517 516 516 516 516 515 515 515 513 513 513 513
511 511 528 528 527 527 528 527 527 527 527 527 527 527 527 526 527 527 527 527 527 527 527 526 526 526 526 526 527 527 527 526 526 526 526 526 526 526 525 525 525 525 525 525 524 524 524 524 524 524 523 523 524 524 524 523 523 523 523 523 522 522 522 521 520 520 520 520 520 519 519 519 519 518 518 518 518 517 517 517 517 516 516 516 516 515 515 514 513 513 513 513 512 512
510 510 527 527 527 526 526 526 527 527 526 526 526 526 526 526 526 526 527 526 526 526 526 526 526 526 526 525 525 525 525 525 526 526 526 525 525 525 525 525 525 524 524 524 524 524 524 523 523 523 523 523 522 522 522 522 522 521 521 521 521 521 520 520 520 520 520 519 519 519 519 518 518 518 518 517 517 517 517 516 516 516 516 514 514 514 513 513 513 513 512 512 512 511
509 510 510 525 525 525 525 525 525 525 526 526 526 526 525 525 525 525 525 525 525 526 526 525 525 525 525 525 525 525 525 524 524 524 524 524 525 524 524 524 524 524 524 524 523 523 523 523 523 522 522 522 522 522 521 521 521 521 521 520 520 520 520 520 519 519 519 519 519 518 518 518 518 517 517 517 517 516 516 515 515 514 514 514 513 513 513 513 512 512 512 511 511 511
507 507 507 508 525 525 525 525 524 524 524 524 524 525 525 525 525 525 524 524 524 524 524 524 525 525 524 524 524 524 524 524 524 524 523 523 523 523 523 523 522 522 523 523 523 523 522 522 522 522 522 521 521 521 521 521 520 520 520 520 520 519 519 519 519 519 518 518 518 518 517 517 517 516 515 515 515 515 514 514 514 514 513 513 513 513 512 512 512 511 511 510 510 509
