testData/tiles/oneDegree/grid38.0-2.0-39.0-3.0.asc
ncols   200
nrows   200
xllcorner   38.0
yllcorner   2.0
cellsize   0.005
NODATA_value   -9999.0
[rows 84 to 125 of 200, columns 94 to 187 of 200]
607 607 607 607 606 607 606 608 607 608 607 607 608 607 607 606 606 605 606 605 606 605 605 605 604 603 603 602 602 601 602 601 601 599 599 598 597 596 595 595 594 592 591 590 590 589 588 588 586 585 583 582 582 580 579 579 576 575 573 572 571 570 569 567 564 563 562 561 559 557 555 555 553 551 550 548 546 545 543 541 540 538 535 534 532 530 529 526 524 522 520 518 516 513
607 606 607 606 607 606 606 607 607 607 607 607 607 607 607 605 606 605 605 604 605 604 605 604 604 603 603 602 602 601 601 600 600 598 598 596 595 595 594 594 593 592 591 590 590 589 587 587 586 584 583 581 581 580 579 577 576 574 572 572 571 569 569 565 564 562 562 560 559 557 555 554 553 551 549 548 546 544 543 541 539 537 535 533 532 530 528 526 523 521 519 517 515 512
606 606 606 606 606 607 605 606 606 607 606 606 607 606 607 606 605 604 605 604 604 603 604 603 603 601 601 600 601 600 600 599 599 598 596 596 595 595 594 594 593 592 591 589 589 588 587 587 586 583 582 581 580 579 578 577 577 573 572 571 570 569 566 566 563 562 560 560 558 557 554 554 552 551 549 547 545 544 542 540 539 537 534 532 531 530 528 526 523 521 519 517 515 513
604 605 606 606 606 606 605 605 605 605 606 606 605 606 606 605 606 604 604 604 604 603 603 602 603 602 601 600 600 599 599 598 598 598 597 596 595 595 593 593 592 591 591 589 589 588 587 585 584 583 582 581 579 579 578 576 575 573 571 571 570 568 566 565 563 562 560 560 558 556 555 552 552 550 548 547 545 543 542 540 538 536 535 532 530 529 527 525 522 520 518 516 514 512
603 604 606 605 606 605 606 605 604 605 604 606 605 605 606 605 605 604 604 603 603 603 603 602 602 601 601 600 600 599 599 598 597 597 596 595 594 594 593 592 592 591 591 589 588 587 585 585 584 583 582 580 579 579 577 575 575 573 571 570 569 567 565 565 564 561 560 559 558 556 554 552 551 550 548 546 545 542 541 540 538 536 534 531 530 528 527 525 523 520 518 516 514 512
603 604 604 605 605 605 605 605 604 604 604 604 605 605 604 605 605 604 604 603 603 602 602 602 602 601 601 599 599 598 598 598 597 597 596 596 594 594 593 592 592 590 590 589 587 586 585 585 583 582 582 580 579 578 576 575 574 573 571 569 569 566 565 564 563 561 559 558 557 556 554 551 551 549 548 546 544 543 541 539 537 536 534 532 529 527 525 524 522 519 517 515 513 511
603 603 603 603 605 604 605 604 604 604 603 604 603 605 604 604 604 604 602 602 603 602 602 601 601 601 601 600 598 598 597 597 596 596 595 595 593 592 592 591 591 590 590 589 586 586 584 583 583 582 581 580 578 576 576 574 573 573 571 569 567 566 565 563 563 560 559 557 557 555 554 552 549 549 547 546 544 542 539 539 537 535 533 531 529 527 525 523 521 520 517 515 513 511
602 603 602 603 604 604 604 604 604 603 603 603 603 603 604 604 603 603 603 602 601 601 601 601 600 600 599 599 598 598 597 597 596 596 595 595 594 592 592 591 591 590 589 587 586 585 584 583 583 581 580 580 578 575 575 574 573 572 571 567 566 566 564 563 562 561 558 557 555 555 553 552 549 548 547 545 543 542 539 537 536 535 533 531 528 526 524 522 520 518 515 513 511 510
602 602 602 602 602 603 604 603 604 603 603 602 602 603 602 602 603 603 602 603 601 601 600 600 600 600 599 599 598 597 596 596 595 596 595 594 594 592 591 590 590 588 587 587 586 584 584 582 582 581 580 580 576 575 575 573 572 572 570 567 566 565 564 562 561 560 558 556 555 554 553 551 550 547 546 545 543 541 540 537 535 534 532 531 529 526 524 522 520 518 515 513 511 509
601 602 601 602 602 602 604 603 603 603 602 602 602 601 602 602 601 602 602 602 600 601 600 600 599 599 599 599 598 597 596 596 595 594 594 593 593 592 591 589 588 588 587 587 586 583 583 582 581 581 579 577 577 575 573 573 572 570 569 568 565 565 563 562 561 560 559 556 554 553 552 551 549 547 545 544 543 541 539 536 535 533 532 530 528 525 523 521 519 518 515 512 510 508
601 600 601 602 601 602 601 603 603 602 603 601 602 601 601 601 601 601 600 601 601 600 599 600 599 599 598 598 597 596 596 595 595 594 594 593 593 591 589 589 588 587 586 585 585 584 583 582 580 580 578 577 576 574 573 573 571 569 569 567 565 563 563 562 560 559 558 556 554 552 552 550 549 546 544 543 542 540 539 536 534 532 530 530 528 525 523 521 519 517 515 512 510 490
599 600 601 600 601 601 601 601 602 602 602 601 601 601 601 600 601 600 600 599 600 598 598 598 598 598 598 597 597 596 595 594 594 593 592 591 590 590 589 588 587 587 586 585 585 584 581 581 580 578 578 576 576 575 573 571 570 569 567 567 565 563 562 561 560 558 557 555 554 552 550 550 548 547 544 542 541 540 538 536 534 532 530 528 526 525 522 520 519 517 514 511 509 489
600 600 600 600 600 601 600 601 600 602 601 601 601 600 600 600 600 599 600 599 599 598 598 597 597 596 596 595 596 595 595 593 593 592 591 591 590 590 589 588 587 586 586 584 584 583 582 581 579 577 577 576 575 574 572 571 569 568 567 566 565 563 561 561 559 558 556 556 553 552 550 548 548 546 544 542 540 538 538 536 533 531 530 528 526 524 521 520 518 516 514 512 509 489
599 599 600 599 600 599 600 600 600 600 601 601 599 600 599 599 600 599 599 598 599 598 597 596 597 596 596 595 595 594 593 592 591 591 591 591 590 589 588 586 586 585 585 584 583 583 582 578 578 577 577 575 574 574 573 569 568 568 566 565 565 562 561 559 559 557 556 554 553 551 550 548 546 546 543 541 540 538 536 535 533 531 529 527 525 523 520 519 517 515 512 510 490 488
598 599 597 599 599 599 599 599 599 600 599 600 600 599 599 599 598 599 598 598 597 598 597 596 595 595 594 595 594 594 593 593 591 591 590 590 589 588 588 587 586 585 584 584 582 582 580 579 578 577 575 575 574 573 571 569 568 567 566 564 563 563 560 559 557 557 555 554 551 551 549 548 546 544 544 541 539 538 536 534 532 530 529 527 525 523 521 518 516 514 512 510 489 487
598 598 598 597 598 598 599 598 599 598 599 598 598 600 598 598 598 598 597 598 597 597 596 596 595 595 594 594 593 593 592 593 591 590 590 589 589 588 588 587 584 584 583 583 581 580 580 579 576 576 575 574 573 571 570 568 567 566 565 564 563 561 560 558 557 556 555 553 552 549 549 547 545 544 542 540 539 537 535 534 532 529 527 526 524 522 520 517 516 513 511 509 489 486
597 597 597 597 596 598 597 598 598 598 598 598 598 597 598 597 597 598 597 597 596 597 596 596 594 594 594 594 593 592 592 591 590 589 589 588 588 587 586 586 585 584 583 581 581 579 579 578 576 576 574 573 572 571 569 569 567 565 564 564 562 561 560 558 556 555 554 553 551 549 547 547 545 543 542 539 537 537 535 533 531 528 527 525 523 522 520 517 515 513 511 491 489 486
597 596 597 596 596 597 597 597 597 597 598 597 598 597 597 596 597 596 597 596 596 595 595 595 594 593 593 592 592 592 592 591 591 589 589 588 587 587 586 586 585 582 581 580 580 579 578 578 576 574 574 573 571 570 569 568 566 565 564 563 562 560 559 557 556 554 553 552 551 549 547 545 545 543 541 540 537 535 534 533 531 529 526 524 522 520 518 516 513 512 510 490 488 485
595 596 596 596 597 595 597 597 596 597 596 597 596 596 597 595 595 596 596 595 596 595 595 594 594 593 593 592 592 591 591 590 589 588 587 587 586 586 585 584 583 582 581 580 579 579 577 576 576 574 573 571 570 569 568 567 565 564 563 562 561 560 558 556 556 554 553 551 550 549 546 545 543 542 541 539 536 535 533 531 530 528 526 524 522 520 518 516 513 511 509 489 487 483
595 595 595 596 596 595 595 596 596 596 596 596 596 596 595 596 594 594 594 595 594 594 594 594 593 592 591 591 591 591 590 590 589 589 587 586 586 585 584 583 583 582 580 579 578 577 577 576 576 574 571 571 570 568 568 567 565 563 563 561 560 559 558 557 554 554 552 551 549 547 546 544 543 541 539 539 536 534 532 531 529 527 524 523 521 519 517 515 512 510 490 488 486 484
594 595 595 595 595 595 595 594 596 595 595 595 595 596 595 595 594 594 593 593 593 593 593 593 593 593 591 591 590 590 589 588 588 587 586 585 584 583 583 582 581 581 579 578 578 577 577 575 574 573 571 569 569 568 567 566 565 563 562 561 559 558 558 556 554 552 552 550 549 547 545 544 542 540 539 537 535 534 532 530 528 526 525 522 520 518 517 515 512 510 490 488 486 483
594 593 594 595 594 595 593 594 593 594 595 594 595 594 594 594 594 592 593 592 592 591 592 591 591 590 589 589 589 588 588 587 587 586 586 584 583 583 582 582 581 580 580 578 577 576 575 574 573 571 570 569 568 567 566 565 564 563 561 560 559 558 556 556 553 552 550 550 548 546 545 542 542 540 538 537 535 532 530 530 528 526 524 521 519 517 515 513 511 508 488 486 484 482
593 593 594 593 594 594 594 593 593 593 592 594 593 594 594 593 594 592 592 592 592 591 591 590 591 590 589 588 588 587 587 586 586 586 585 584 583 583 582 580 580 579 579 577 576 576 574 572 572 571 570 569 567 566 566 564 563 563 560 559 558 557 556 554 554 551 550 548 547 546 544 542 540 538 538 536 534 532 530 528 526 525 524 521 519 517 515 513 511 490 488 486 483 481
592 593 592 593 593 593 593 592 592 593 592 592 593 593 593 593 592 592 591 591 590 591 590 590 589 589 589 588 587 587 586 586 585 585 584 582 582 581 581 580 580 579 578 577 576 573 573 572 572 571 569 568 567 566 564 564 563 561 560 558 557 556 555 554 552 550 549 548 546 545 544 541 540 538 536 535 534 532 529 528 526 524 522 520 517 516 514 512 510 489 487 485 483 481
591 592 592 592 592 592 593 592 592 591 592 591 591 593 592 592 592 592 590 591 590 590 589 590 589 589 588 587 586 586 586 585 585 584 584 583 582 581 580 580 579 578 577 576 574 573 573 572 570 570 569 567 566 565 564 563 562 561 559 558 557 555 554 553 552 549 548 547 546 544 542 541 539 537 536 534 532 531 529 527 525 523 521 520 517 515 513 511 509 489 486 483 481 479
591 591 591 592 591 592 591 592 590 591 591 590 591 590 591 591 591 591 590 589 589 589 589 588 588 587 588 587 586 585 585 584 584 583 582 582 580 580 579 579 578 577 576 575 573 572 571 571 570 569 568 567 565 565 563 562 561 560 559 556 556 555 553 552 551 550 547 546 545 544 542 540 538 536 535 534 532 530 527 526 524 523 521 519 516 514 512 510 490 488 485 483 481 479
589 590 591 590 591 590 591 591 591 590 590 590 589 590 589 589 591 590 590 589 589 588 588 588 588 587 587 586 584 585 584 584 583 583 582 582 581 579 579 578 578 576 574 574 573 572 571 570 569 568 567 567 564 563 563 561 560 559 558 556 555 554 553 551 550 549 547 545 544 542 541 540 537 535 534 532 531 530 528 525 523 521 519 518 515 514 512 510 490 488 484 482 480 478
589 590 589 590 590 590 590 590 590 589 589 590 589 589 589 589 588 589 589 588 587 588 587 587 586 587 586 586 584 584 583 583 582 581 581 580 580 578 578 576 575 575 574 573 573 571 570 569 568 568 566 565 564 563 561 561 560 558 557 556 554 553 551 551 549 548 545 545 543 542 540 538 538 535 533 532 530 528 527 524 523 521 519 517 515 512 510 490 488 486 483 481 479 476
588 588 589 589 589 589 589 589 590 589 589 588 588 588 588 588 588 587 587 587 586 586 586 586 586 585 585 584 584 583 583 582 582 581 581 580 578 577 576 576 575 574 573 572 572 570 569 569 567 566 566 565 563 562 561 560 558 558 556 555 554 552 551 549 549 547 545 543 542 541 539 538 536 533 533 531 529 528 526 523 521 519 518 516 514 512 510 490 487 485 483 480 478 476
588 588 588 588 588 589 588 589 588 589 587 588 587 587 588 587 587 587 587 586 586 585 585 584 584 585 585 584 584 582 581 581 579 579 578 578 577 576 575 574 574 573 572 572 571 571 568 567 567 566 565 564 563 561 560 559 558 556 556 555 552 551 550 549 547 546 545 543 541 540 538 537 536 533 531 530 528 527 525 522 521 519 517 515 513 510 508 488 487 485 483 480 477 475
586 587 587 587 588 587 588 587 588 587 587 587 586 587 586 587 586 586 586 586 584 584 584 584 583 583 582 582 582 582 580 580 579 578 578 577 577 576 575 574 573 573 572 570 570 569 568 567 566 565 564 563 563 560 559 558 557 556 554 554 552 550 549 548 547 545 544 542 541 539 537 536 534 532 531 529 527 525 524 522 520 518 516 514 512 509 489 487 485 483 481 478 476 473
586 585 586 587 586 587 586 587 587 587 587 586 586 585 586 585 585 585 585 584 585 583 583 582 582 582 582 581 581 580 579 578 578 577 576 576 575 575 573 573 572 571 571 570 569 569 566 566 565 564 564 562 561 560 558 557 556 555 554 553 551 550 548 547 545 545 543 541 539 538 537 535 534 532 529 528 527 525 523 521 518 517 515 513 511 510 489 487 485 483 480 477 475 473
585 585 586 585 586 585 586 586 586 586 586 585 584 585 584 585 585 584 585 584 584 582 583 582 582 581 581 580 580 580 578 578 577 577 576 576 575 574 574 572 572 571 570 569 568 567 566 565 564 563 562 561 561 559 557 557 555 554 553 552 551 548 548 546 545 543 543 541 539 537 535 534 533 531 529 527 525 523 523 521 518 516 514 512 510 508 487 485 483 481 479 477 473 471
585 584 584 585 585 585 585 585 585 585 585 586 584 584 584 584 583 584 583 583 583 583 581 581 580 581 580 580 579 579 578 576 576 575 575 574 574 573 572 571 570 570 569 568 568 567 565 564 563 562 562 560 559 559 556 555 555 553 552 551 550 548 546 545 544 543 541 540 537 536 535 533 532 530 528 526 525 523 521 519 516 514 513 512 510 490 487 485 483 480 478 476 473 471
584 583 584 584 584 584 584 584 584 584 585 584 583 583 583 583 583 582 583 582 582 581 581 580 580 579 579 578 579 578 578 576 575 575 574 574 573 573 572 570 570 569 569 567 566 566 565 563 563 561 560 560 559 557 556 555 553 552 551 550 549 547 546 544 543 541 541 539 537 535 533 533 531 529 527 525 523 522 520 519 517 514 512 510 508 488 485 483 481 479 477 474 471 469
583 583 583 583 583 583 583 584 583 584 583 584 582 582 582 582 581 582 581 581 581 581 579 579 578 579 578 578 577 577 576 575 574 574 573 573 572 571 571 570 568 568 567 566 566 565 564 562 561 561 560 558 558 557 555 553 553 551 550 550 548 547 544 544 542 541 539 538 536 534 533 531 529 528 527 524 523 521 519 517 515 512 511 509 489 487 485 482 480 478 476 474 471 468
582 583 581 582 582 582 583 582 583 582 583 582 582 581 581 581 581 581 581 581 580 580 580 579 578 577 577 576 577 576 576 575 574 573 573 572 571 571 570 570 568 567 567 565 564 564 563 562 561 559 558 558 557 555 555 553 551 551 549 548 547 546 544 542 541 540 539 537 535 533 532 531 529 527 525 523 521 520 518 517 515 512 510 508 488 486 484 481 479 477 474 472 470 467
582 581 581 581 581 582 581 582 581 582 581 582 581 580 581 580 580 580 580 579 580 579 579 577 577 577 577 576 575 575 574 574 572 572 571 572 570 569 569 568 567 566 565 565 564 563 562 561 559 559 558 556 556 555 553 552 551 549 548 548 546 545 542 542 540 539 537 536 535 532 531 529 527 527 525 522 520 519 517 515 513 510 509 507 487 485 483 480 478 476 474 472 469 466
580 581 580 580 581 580 581 580 581 580 581 581 580 581 579 580 579 579 579 579 578 578 578 577 576 576 575 575 575 574 574 573 572 571 571 570 569 569 568 568 566 565 565 563 563 562 561 561 559 557 557 556 555 554 553 552 549 549 547 546 545 544 542 540 539 538 537 535 533 531 530 528 527 525 523 521 519 518 516 514 512 510 508 488 486 484 482 479 476 474 472 470 468 465
580 579 580 579 579 580 579 580 579 580 580 579 580 579 579 578 578 578 578 577 578 577 577 576 575 575 575 574 574 573 572 572 570 570 569 569 568 567 567 566 566 564 563 563 562 561 560 559 557 557 556 554 554 553 551 551 549 547 546 545 544 543 541 540 538 537 535 534 533 530 529 527 525 525 523 521 518 516 515 513 511 509 507 487 485 483 481 479 476 474 471 469 467 465
578 579 579 579 578 578 579 578 579 579 579 579 578 579 577 578 577 577 576 577 576 576 576 576 574 574 573 573 573 573 572 571 571 569 569 568 568 567 566 566 565 564 563 561 561 560 559 559 558 555 555 554 552 552 551 550 547 547 545 544 543 542 541 538 537 536 534 533 531 530 528 526 525 523 521 519 517 516 514 512 510 508 487 485 483 481 479 477 474 472 470 468 466 464
577 578 578 578 577 577 577 578 578 578 578 577 578 577 578 576 576 576 576 575 576 575 575 574 573 573 573 572 572 571 571 570 569 568 567 567 566 565 565 564 564 562 561 561 560 559 558 557 556 555 554 552 552 551 549 549 547 545 544 543 542 541 539 538 536 534 533 531 531 529 526 525 523 521 521 519 516 514 512 511 509 507 486 484 483 481 479 477 473 471 469 467 466 464
