testData/tiles/oneDegree/grid31.0-2.0-32.0-3.0.asc
ncols   200
nrows   200
xllcorner   31.0
yllcorner   2.0
cellsize   0.005
NODATA_value   -9999.0
[rows 0 to 54 of 200, columns 0 to 95 of 200]
146 146 146 146 146 146 146 146 147 147 147 147 147 147 154 154 154 154 154 154 155 155 156 158 158 159 159 159 160 160 161 161 161 162 162 162 163 164 163 164 164 164 165 165 165 165 166 166 166 166 167 167 168 168 168 169 169 169 169 170 170 170 170 170 170 171 171 172 172 172 172 173 172 172 172 172 172 173 173 173 173 173 173 174 175 175 175 175 175 175 175 175 176 176 176 176
146 146 146 146 146 146 146 146 147 147 147 147 147 147 154 154 154 154 154 154 155 156 157 158 158 159 159 160 160 160 161 161 162 162 162 163 162 163 164 164 164 164 165 165 165 165 166 166 166 166 167 167 168 168 169 169 169 169 169 170 170 170 170 170 171 171 171 172 172 172 173 172 172 172 172 172 173 173 173 173 173 173 174 175 175 175 175 175 175 175 175 176 176 176 176 176
146 146 146 146 146 146 146 146 147 147 147 147 147 154 154 154 154 154 154 155 155 156 157 158 158 159 159 160 160 161 161 161 162 162 161 162 162 163 164 164 164 165 165 165 165 166 166 166 166 167 167 167 168 168 169 169 169 169 170 170 170 170 170 170 171 171 171 172 172 173 172 172 172 172 172 172 173 173 173 173 173 173 174 175 175 175 175 175 175 175 176 176 176 176 176 176
146 146 146 146 146 146 146 146 147 147 147 147 147 154 154 154 154 154 154 155 156 156 158 158 159 159 160 160 160 161 161 162 161 161 162 162 162 164 164 164 164 165 165 165 165 166 166 166 166 167 167 168 168 169 169 169 169 169 170 170 170 170 170 171 171 171 172 172 172 172 172 172 172 172 172 173 173 173 173 173 173 174 175 175 175 175 175 175 175 175 176 176 176 176 176 176
146 146 146 146 146 146 146 147 147 147 147 147 147 154 154 154 154 154 155 155 156 156 158 158 159 159 160 160 161 161 160 161 161 161 162 162 163 164 164 164 165 165 165 165 166 166 166 166 167 167 167 168 168 169 169 169 169 170 170 170 170 170 170 171 171 171 172 172 172 172 172 172 172 172 172 173 173 173 173 173 173 175 175 175 175 175 175 175 175 176 176 176 176 176 176 176
146 146 146 146 146 146 146 147 147 147 147 147 154 154 154 154 154 154 155 155 156 157 158 159 159 159 160 159 160 160 160 161 161 162 162 162 163 164 164 164 165 165 165 165 166 166 166 166 167 167 167 168 169 169 169 169 169 170 170 170 170 170 171 171 171 171 172 171 172 172 172 172 172 172 173 173 173 173 173 173 173 175 175 175 175 175 175 175 176 176 176 176 176 176 176 176
146 146 146 146 146 146 146 147 147 147 147 147 154 154 154 154 154 154 155 156 156 157 158 159 158 159 159 159 160 160 161 161 161 162 162 162 164 164 164 164 165 165 165 166 166 166 166 167 167 167 167 168 169 169 169 169 170 170 170 170 170 170 171 171 171 172 171 172 172 172 172 172 172 173 173 173 173 173 173 173 175 175 175 175 175 175 175 175 176 176 176 176 176 176 176 175
146 146 146 146 146 146 146 147 147 147 147 147 154 154 154 154 154 155 155 156 156 157 157 158 158 159 159 160 160 160 161 161 161 162 162 162 164 164 164 165 165 165 165 166 166 166 166 167 167 167 167 169 169 169 169 169 170 170 170 170 170 171 171 171 171 171 171 172 172 172 172 172 172 173 173 173 173 173 173 173 175 175 175 175 175 175 175 176 176 176 176 176 176 176 175 177
146 146 146 146 146 146 146 147 147 147 147 154 154 154 154 154 154 154 155 155 156 157 158 158 159 159 159 160 160 161 161 161 162 162 162 163 164 164 164 165 165 165 166 166 166 166 167 167 167 167 168 169 169 169 169 169 170 170 170 170 170 171 171 171 170 171 172 172 172 172 172 172 173 173 173 173 173 173 173 174 175 175 175 175 175 175 176 176 176 176 176 176 176 175 175 177
146 146 146 146 146 146 146 147 147 147 147 154 153 153 153 153 153 154 155 155 156 157 158 158 159 159 160 160 160 161 161 161 162 162 162 163 164 164 165 165 165 165 166 166 166 166 167 167 167 167 169 169 169 169 169 170 170 170 170 170 171 171 170 170 170 171 172 172 172 172 172 172 173 173 173 173 173 173 174 174 175 175 175 175 175 175 176 176 176 176 176 176 175 175 176 177
146 146 145 145 145 145 145 146 146 146 153 153 153 153 153 153 154 154 155 156 156 158 158 158 159 159 160 160 160 161 161 162 162 162 162 163 164 164 165 165 165 165 166 166 166 166 167 167 167 167 169 169 169 169 169 170 170 170 170 170 171 170 170 170 170 172 172 172 172 172 172 173 173 173 173 173 173 173 174 175 175 175 175 175 175 176 176 176 176 176 176 175 175 176 177 177
145 145 145 145 145 145 145 146 146 146 153 153 153 153 153 153 154 155 155 156 156 158 158 159 159 159 160 160 161 161 161 162 162 162 163 163 164 164 165 165 165 166 166 166 166 167 167 167 167 168 169 169 169 169 170 170 170 170 170 171 170 170 170 170 170 172 172 172 172 172 172 173 173 173 173 173 173 174 174 175 175 175 175 175 175 176 176 176 176 176 176 175 175 176 177 177
145 145 145 145 145 145 145 146 146 146 153 153 153 153 153 154 154 155 155 156 156 158 158 159 159 160 160 160 161 161 161 162 162 162 163 164 164 165 165 165 165 166 166 166 166 167 167 167 167 168 169 169 169 169 170 170 170 170 169 170 170 170 170 170 172 172 172 172 172 172 173 173 173 173 173 173 173 174 174 175 175 175 175 175 176 176 176 176 176 176 175 175 176 176 177 177
145 145 145 145 145 145 145 146 146 153 153 153 153 153 153 154 154 155 156 156 157 158 159 159 159 160 160 161 161 161 162 162 162 163 163 164 164 165 165 165 166 166 166 166 167 167 167 167 167 168 169 169 169 170 170 170 170 169 170 170 170 170 170 170 172 172 172 172 172 172 173 173 173 173 173 173 174 174 174 175 175 175 175 175 176 176 176 176 176 175 175 175 176 177 177 177
145 145 145 145 145 145 146 146 146 153 153 153 153 153 153 154 155 155 156 156 157 158 159 159 159 160 160 161 161 161 162 162 162 163 163 164 165 165 165 165 166 166 166 166 167 167 167 167 168 168 169 169 169 170 170 169 169 169 170 170 170 170 170 171 172 172 172 172 172 173 173 173 173 173 173 173 174 174 174 175 175 175 175 176 176 176 176 176 175 175 175 176 176 177 177 177
145 145 145 145 145 145 146 146 146 153 153 153 153 153 154 154 155 155 156 156 157 158 159 159 160 160 160 161 161 161 162 162 162 163 163 164 165 165 165 165 166 166 166 166 167 167 167 167 168 168 169 169 170 170 169 169 169 170 170 170 170 170 170 171 172 172 172 172 172 173 173 173 173 173 173 174 174 174 174 175 175 175 176 176 176 176 176 175 175 175 176 176 176 177 177 177
145 145 145 145 145 145 146 146 153 153 153 153 153 153 154 154 155 156 156 157 157 159 159 159 160 160 161 161 161 162 162 162 163 163 163 164 165 165 165 166 166 166 166 167 167 167 167 168 168 168 169 169 169 169 169 169 169 170 170 170 170 170 171 171 172 172 172 172 173 173 173 173 173 173 173 174 174 174 175 175 175 175 176 176 176 176 175 175 175 175 176 176 176 177 177 177
145 145 145 145 145 145 146 146 153 153 153 153 153 153 154 155 155 156 156 157 157 159 159 160 160 160 161 161 161 162 162 162 163 163 163 165 165 165 165 166 166 166 166 167 167 167 167 168 168 168 168 168 169 169 169 169 170 170 170 170 170 170 171 171 172 172 172 172 173 173 173 173 173 173 174 174 174 174 175 175 175 176 176 176 176 175 175 175 175 176 176 176 176 177 177 177
145 145 145 145 145 145 146 146 153 153 153 153 153 154 154 155 155 156 156 157 157 159 159 160 160 160 161 161 162 162 162 162 163 163 163 165 165 165 166 166 166 166 167 167 167 167 167 168 168 167 168 169 169 169 169 169 170 170 170 170 170 171 171 171 172 172 172 173 173 173 173 173 173 173 174 174 174 174 175 175 175 176 176 176 175 175 175 175 175 176 176 176 176 177 177 177
145 145 145 145 145 145 146 146 153 153 153 153 153 154 154 155 156 156 157 157 158 159 159 160 160 161 161 161 162 162 162 163 163 163 164 165 165 165 166 166 166 166 167 167 167 167 168 167 167 167 168 169 169 169 169 169 170 170 170 170 170 171 171 171 172 172 172 173 173 173 173 173 173 174 174 174 174 174 175 175 176 176 176 175 175 175 175 175 176 176 176 176 176 177 177 177
145 145 145 145 145 145 146 153 153 153 153 153 153 154 155 155 156 156 157 157 158 159 160 160 160 161 161 161 162 162 162 163 163 163 164 165 165 165 166 166 166 166 167 167 167 166 167 167 167 167 169 169 169 169 169 170 170 170 170 170 170 171 171 171 172 172 173 173 173 173 173 173 173 174 174 174 174 174 175 175 176 175 175 175 175 175 175 175 176 176 176 176 176 177 177 177
145 145 145 145 145 145 146 153 153 153 153 153 153 154 155 155 156 156 157 157 158 159 160 160 160 161 161 162 162 162 163 163 163 163 164 165 165 166 166 166 166 167 167 166 166 167 167 167 167 167 169 169 169 169 169 170 170 170 170 170 171 171 171 171 172 172 173 173 173 173 173 173 174 174 174 174 174 174 175 176 175 175 175 175 175 175 175 176 176 176 176 176 176 177 177 177
145 145 145 145 145 145 146 153 153 153 153 153 154 154 155 156 156 157 157 158 158 159 160 160 161 161 161 162 162 162 163 163 163 164 164 165 165 166 166 166 165 166 166 166 166 167 167 167 167 167 169 169 169 169 170 170 170 170 170 170 171 171 171 171 172 172 173 173 173 173 173 173 174 174 174 174 174 174 175 175 175 175 175 175 175 175 175 176 176 176 176 176 176 177 177 178
145 145 145 145 145 145 153 153 153 153 153 153 154 155 155 156 156 157 157 158 158 160 160 160 161 161 161 162 162 162 163 163 163 164 164 165 165 166 165 165 166 166 166 166 166 167 167 167 167 168 169 169 169 169 170 170 170 170 170 171 171 171 171 171 172 173 173 173 173 173 173 174 174 174 174 174 174 174 174 175 175 175 175 175 175 175 176 176 176 176 176 176 176 177 177 178
145 145 145 145 145 145 153 153 153 153 153 153 154 155 155 156 156 157 157 158 158 160 160 160 161 161 162 162 162 163 163 163 163 164 164 165 165 165 165 165 166 166 166 166 167 167 167 167 167 168 169 169 169 169 170 170 170 170 170 171 171 171 171 171 172 173 173 173 173 173 173 174 174 174 174 174 174 173 174 175 175 175 175 175 175 175 176 176 176 176 176 176 176 177 178 178
145 145 145 145 145 145 152 153 153 153 153 154 154 155 155 156 157 157 157 158 158 160 160 161 161 161 162 162 162 163 163 163 164 163 163 164 165 165 165 165 166 166 166 166 167 167 167 167 168 168 169 169 169 170 170 170 170 170 170 171 171 171 171 171 173 173 173 173 173 173 173 174 174 174 174 174 173 174 174 175 175 175 175 175 175 176 176 176 176 176 176 176 176 177 178 178
145 145 145 145 145 152 152 153 153 153 153 154 154 155 156 156 157 157 158 158 158 160 160 161 161 161 162 162 162 163 162 162 163 163 163 164 165 165 165 166 166 166 166 166 167 167 167 167 168 168 169 169 169 170 170 170 170 170 171 171 171 171 171 171 173 173 173 173 173 173 174 174 174 174 173 173 173 174 174 175 175 175 175 175 175 176 176 176 176 176 176 176 176 177 178 178
145 145 145 145 145 152 152 153 153 153 153 154 155 155 156 156 157 157 158 158 159 160 160 161 161 162 162 161 162 162 162 162 163 163 163 164 165 165 165 166 166 166 166 167 167 167 167 167 168 168 169 169 170 170 170 170 170 170 171 171 171 171 171 172 172 173 173 173 173 173 174 174 174 173 173 173 174 174 174 175 175 175 175 175 176 176 176 176 176 176 176 176 177 177 178 178
145 145 145 145 145 152 152 153 153 153 154 154 155 155 156 156 157 157 158 158 159 160 161 160 160 161 161 161 162 162 162 163 163 163 163 164 165 165 165 166 166 166 166 167 167 167 167 168 168 168 169 169 170 170 170 170 170 171 171 171 171 171 171 172 172 173 173 173 173 174 174 174 173 173 173 173 174 174 174 175 175 175 175 175 176 176 176 176 176 176 176 176 177 177 178 178
145 145 145 145 145 152 152 153 153 153 154 154 155 156 156 157 157 158 157 157 158 159 160 160 160 161 161 161 162 162 162 163 163 163 163 164 165 165 166 166 166 166 166 167 167 167 167 168 168 168 169 169 170 170 170 170 170 171 171 171 171 171 171 172 172 173 173 173 173 174 173 173 173 173 173 173 174 174 174 174 175 175 175 176 176 176 176 176 176 176 176 177 177 177 177 178
145 145 145 145 152 152 152 153 153 153 154 155 154 155 155 156 156 157 157 158 158 159 160 160 160 161 161 161 162 162 162 163 163 163 164 164 165 165 166 166 166 166 167 167 167 167 167 168 168 168 169 170 170 170 170 170 170 171 171 171 171 171 172 172 172 173 173 173 174 173 173 173 173 173 173 174 174 174 174 174 175 175 175 176 176 176 176 176 176 176 176 177 177 177 177 178
144 144 144 144 151 151 151 152 152 152 153 154 154 155 155 156 156 157 157 158 158 159 160 160 161 161 161 162 162 162 163 163 163 163 164 164 165 165 166 166 166 166 167 167 167 167 168 168 168 168 168 170 170 170 170 170 171 171 171 171 171 171 172 172 172 173 173 172 173 173 173 173 173 173 173 174 174 174 174 174 175 175 176 176 176 176 176 176 176 176 177 177 177 177 177 178
144 144 144 144 151 151 151 152 152 153 153 154 154 155 156 156 157 157 157 158 158 159 160 160 161 161 161 162 162 162 163 163 163 163 164 164 165 166 166 166 166 166 167 167 167 167 168 168 168 168 168 170 170 170 170 170 171 171 171 171 171 172 172 172 172 173 172 172 173 173 173 173 173 173 174 174 174 174 174 174 175 175 176 176 176 176 176 176 176 176 177 177 177 177 177 177
144 144 144 144 151 151 151 152 152 153 153 154 155 155 156 156 157 157 158 158 158 159 160 160 161 161 161 162 162 162 163 163 163 164 164 164 165 166 166 166 166 167 167 167 167 167 168 168 168 168 169 170 170 170 170 170 171 171 171 171 171 172 172 172 171 171 172 173 173 173 173 173 173 173 174 174 174 174 174 174 174 176 176 176 176 176 176 176 176 176 177 177 177 177 177 177
144 144 144 151 151 151 151 152 152 153 154 154 155 155 156 156 157 157 158 158 158 159 160 161 161 161 162 162 162 162 163 163 163 164 164 164 165 166 166 166 166 167 167 167 167 168 168 168 168 168 169 170 170 170 170 171 171 171 171 171 171 172 171 171 171 171 172 173 173 173 173 173 173 173 174 174 174 174 174 174 174 176 176 176 176 176 176 176 176 177 177 177 177 177 177 177
144 144 144 151 151 151 151 151 152 153 154 154 155 155 156 156 157 157 158 158 159 159 160 161 161 161 162 162 162 163 163 163 163 164 164 164 164 166 166 166 166 167 167 167 167 168 168 168 168 168 169 170 170 170 170 171 171 171 171 171 172 171 171 171 171 171 173 173 173 173 173 173 173 174 174 174 174 174 174 174 175 176 176 176 176 176 176 176 176 177 177 177 177 177 177 177
144 144 144 151 151 151 151 151 153 153 154 155 155 156 156 157 157 157 158 158 159 159 160 161 161 161 162 162 162 163 163 163 164 164 164 164 165 166 166 166 167 167 167 167 167 168 168 168 168 169 169 169 170 170 171 171 171 171 171 170 171 171 171 171 171 171 172 173 173 173 173 173 173 174 174 174 174 174 174 174 175 175 176 176 176 176 176 176 177 177 177 177 177 177 177 176
25 144 144 151 151 151 151 151 153 153 154 155 155 156 156 157 157 158 158 158 159 159 160 161 161 161 162 162 162 163 163 163 164 164 164 164 165 166 166 166 167 167 167 167 168 168 168 168 168 169 169 169 170 170 171 171 171 170 170 170 171 171 171 171 171 171 172 173 173 173 173 173 174 174 174 174 174 174 174 174 175 175 176 176 176 176 176 176 177 177 177 177 177 177 176 176
25 25 32 151 151 151 151 151 153 154 154 155 155 156 156 157 157 158 158 158 159 159 160 161 161 162 162 162 163 163 163 163 164 164 164 164 165 166 166 166 167 167 167 167 168 168 168 168 168 169 169 169 170 170 171 170 170 170 170 171 171 171 171 171 171 172 172 173 173 173 173 173 174 174 174 174 174 174 174 175 175 175 175 176 176 176 176 177 177 177 177 177 176 176 176 176
25 25 32 32 32 151 151 151 153 154 154 155 155 156 156 157 157 158 158 159 159 159 160 161 161 162 162 162 163 163 163 163 164 164 164 165 165 165 166 167 167 167 167 167 168 168 168 168 169 169 169 169 170 169 170 170 170 170 170 171 171 171 171 171 171 172 172 172 173 173 173 173 174 174 174 174 174 174 174 175 175 175 175 176 176 176 176 177 177 177 177 176 176 176 176 176
25 25 32 32 32 32 32 33 153 154 155 155 156 156 157 157 157 158 158 159 159 159 160 161 161 162 162 162 163 163 163 164 164 164 164 165 165 165 166 167 167 167 167 168 168 168 168 168 169 169 169 168 168 170 170 170 170 170 170 171 171 171 171 171 171 172 172 172 173 173 173 174 174 174 174 174 174 174 175 175 175 175 175 175 176 176 177 177 177 177 176 176 176 176 176 177
25 25 32 32 32 32 32 33 33 35 155 155 156 156 157 157 158 158 158 159 159 159 160 161 162 162 162 162 163 163 163 164 164 164 164 165 165 165 166 167 167 167 167 168 168 168 168 168 169 168 168 168 168 170 170 170 170 170 171 171 171 171 171 171 172 172 172 172 173 173 173 174 174 174 174 174 174 174 175 175 175 175 175 175 176 176 177 177 177 176 176 176 176 176 176 177
25 32 32 32 32 32 32 33 34 35 36 36 37 156 157 157 158 158 158 159 159 160 160 161 162 162 162 163 163 163 163 164 164 164 164 165 165 165 166 167 167 167 167 168 168 168 168 167 168 168 168 168 168 170 170 170 170 170 171 171 171 171 171 171 172 172 172 172 172 173 173 174 174 174 174 174 174 174 175 175 175 175 175 175 175 176 177 176 176 176 176 176 176 176 176 177
25 32 32 32 32 32 32 33 34 35 36 36 37 37 38 157 158 158 159 159 159 160 160 160 162 162 162 163 163 163 163 164 164 164 165 165 165 165 166 167 167 167 167 168 167 167 167 168 168 168 168 168 169 169 170 170 170 170 171 171 171 171 171 171 172 172 172 172 172 173 174 174 174 174 174 174 174 175 175 175 175 175 175 175 175 176 176 176 176 176 176 176 176 176 177 177
25 32 32 32 32 32 33 33 34 35 36 37 37 38 38 38 39 39 159 159 159 160 160 160 162 162 162 163 163 163 164 164 164 164 165 165 165 165 166 167 167 166 167 167 167 167 167 168 168 168 168 168 169 169 170 170 170 171 171 171 171 171 171 172 172 172 172 172 172 172 174 174 174 174 174 174 174 175 175 175 175 175 175 175 175 175 176 176 176 176 176 176 176 176 177 177
25 32 32 32 32 32 33 33 34 36 36 37 37 38 38 39 39 39 40 40 159 160 160 160 162 162 162 163 163 163 164 164 164 164 165 165 165 165 166 166 166 166 167 167 167 167 167 168 168 168 168 168 169 169 170 170 170 171 171 171 171 171 171 172 172 172 172 172 172 172 174 174 174 174 174 174 174 175 175 175 175 175 175 174 174 175 175 176 176 176 176 176 176 177 177 177
25 32 32 32 32 32 33 34 34 35 36 37 37 38 38 39 39 39 40 40 41 41 41 161 162 162 163 163 163 163 164 164 164 164 165 165 164 165 165 166 166 166 167 167 167 167 168 168 168 168 168 169 169 169 169 170 170 171 171 171 171 171 171 172 172 172 172 172 172 173 173 174 174 174 174 174 175 175 175 175 175 175 174 174 175 175 175 175 176 176 176 176 176 177 177 177
32 32 32 32 32 32 33 34 34 35 36 37 37 38 38 39 39 40 40 40 41 41 41 42 42 43 163 163 163 163 164 164 163 164 164 164 164 165 165 165 166 166 167 167 167 167 168 168 168 168 168 169 169 169 169 170 170 171 171 171 171 171 172 172 172 172 172 172 172 173 173 174 174 174 174 174 175 175 175 175 175 174 174 174 175 175 175 175 175 176 176 176 176 177 177 177
32 32 32 32 32 32 33 34 34 35 36 37 37 38 38 39 39 40 40 40 41 41 41 42 42 43 44 44 43 163 163 163 163 164 164 164 164 165 165 165 166 167 167 167 167 167 168 168 168 168 168 169 169 169 169 169 171 171 171 171 171 171 172 172 172 172 172 172 172 173 173 173 174 174 174 174 175 175 175 174 174 174 174 175 175 175 175 175 175 175 176 176 177 177 177 177
32 32 32 32 32 33 33 34 35 35 37 37 38 38 38 39 39 40 40 40 41 41 41 42 41 42 43 43 43 44 44 44 163 164 164 164 164 165 165 165 165 167 167 167 167 167 168 168 168 168 168 169 169 169 169 169 171 171 171 171 171 171 172 172 172 172 172 172 173 173 173 173 174 174 174 175 175 175 174 174 174 174 174 175 175 175 175 175 175 175 176 176 177 177 177 177
32 32 32 32 32 33 33 34 35 35 36 37 38 38 39 39 39 40 40 40 40 40 41 41 41 42 43 43 43 44 44 44 44 45 45 45 165 165 165 165 165 167 167 167 167 168 168 168 168 168 169 169 169 169 169 169 170 171 171 171 171 171 172 172 172 172 172 172 173 173 173 173 173 174 174 175 174 174 174 174 174 174 174 175 175 175 175 175 175 175 175 177 177 177 177 177
32 32 32 32 32 33 34 34 35 35 36 36 37 37 38 38 38 39 39 40 40 40 41 41 41 42 43 43 43 44 44 44 45 45 45 45 46 46 46 165 165 167 167 167 167 168 168 168 168 168 169 169 169 169 169 170 170 171 171 171 171 172 172 172 172 172 172 172 173 173 173 173 173 173 173 174 174 174 174 174 174 174 175 175 175 175 175 175 175 175 175 176 176 177 177 177
31 31 31 31 31 32 33 33 34 34 35 36 37 37 38 38 39 39 39 40 40 40 41 41 41 42 43 43 44 44 44 44 45 45 45 45 46 46 46 46 47 47 48 167 167 168 168 168 168 168 169 169 169 169 169 170 170 170 171 171 171 172 172 172 172 172 172 173 173 173 173 173 173 172 174 174 174 174 174 174 174 174 175 175 175 175 175 175 175 175 175 176 176 176 177 177
31 31 31 31 31 32 33 33 34 34 35 35 37 37 38 38 39 39 39 40 40 40 41 41 41 42 42 43 44 44 44 44 45 45 45 45 46 46 46 46 47 47 48 48 48 49 49 168 168 168 169 169 169 169 169 170 170 170 171 171 171 172 172 172 172 172 172 173 173 173 173 172 172 172 173 174 174 174 174 174 174 174 175 175 175 175 175 175 175 175 176 176 176 176 176 177
31 31 31 31 32 32 33 33 34 35 35 36 37 37 38 38 39 39 39 40 40 40 41 41 41 42 42 43 44 44 44 44 45 45 45 45 46 46 46 46 47 47 47 48 49 49 49 49 49 50 50 169 169 169 169 170 170 170 170 171 171 172 172 172 172 172 172 173 173 172 172 172 172 172 173 173 174 174 174 174 174 175 175 175 175 175 175 175 175 175 176 176 176 176 176 176
