testData/tiles/oneDegree/grid15.0-28.0-16.0-29.0.asc
ncols   200
nrows   200
xllcorner   15.0
yllcorner   28.0
cellsize   0.005
NODATA_value   -9999.0
[rows 84 to 125 of 200, columns 94 to 187 of 200]
405 405 405 404 404 404 404 404 404 404 403 403 403 403 402 402 402 463 464 464 463 463 463 462 462 460 460 459 459 458 458 457 457 456 456 455 454 454 453 452 452 451 450 450 449 448 448 447 446 446 562 561 560 560 559 558 557 557 556 555 554 553 553 552 551 550 549 548 548 547 546 545 544 543 542 542 541 540 539 538 537 536 535 534 534 533 532 531 530 529 528 527 526 525
404 403 403 403 403 403 403 403 403 403 402 403 403 403 402 402 464 463 463 463 462 462 462 461 461 460 460 459 459 458 458 457 456 455 455 454 453 453 452 452 451 450 450 449 448 448 447 446 446 445 444 560 560 559 558 557 557 556 555 554 553 553 552 551 550 549 549 548 547 546 545 544 544 543 542 541 540 539 538 537 537 536 535 534 533 532 531 530 529 528 528 527 526 525
402 402 402 402 402 402 402 402 403 403 402 402 402 402 401 463 463 462 462 462 461 461 461 460 460 459 459 458 458 457 457 456 456 455 455 453 453 452 451 451 450 449 449 448 447 447 446 445 445 444 443 443 559 558 557 557 556 555 554 554 553 552 551 550 550 549 548 547 546 545 545 544 543 542 541 540 539 539 538 537 536 535 534 533 532 531 531 530 529 528 527 526 525 524
401 401 401 401 401 402 402 402 402 401 401 401 401 401 462 462 462 461 461 461 460 460 460 459 459 458 458 457 457 456 456 455 455 454 454 453 453 452 450 450 449 449 448 447 447 446 445 445 444 443 443 442 441 557 557 556 555 554 554 553 552 551 550 550 549 548 547 546 546 545 544 543 542 541 541 540 539 538 537 536 535 534 534 533 532 531 530 529 528 527 526 525 525 524
400 400 401 401 401 401 401 401 401 400 400 400 401 401 462 462 462 461 461 461 460 460 460 459 459 458 458 457 457 456 456 454 454 453 453 452 452 451 451 450 449 448 447 446 446 445 444 444 443 442 442 441 440 440 439 555 554 554 553 552 551 550 550 549 548 547 546 546 545 544 543 542 542 541 540 539 538 537 536 536 535 534 533 532 531 530 529 529 528 527 526 525 524 523
400 400 400 400 400 400 400 400 401 400 400 400 400 461 461 461 461 460 460 460 459 459 459 458 458 457 457 456 456 456 455 455 454 453 453 451 451 450 450 449 448 448 447 446 445 444 444 443 442 442 441 440 439 439 438 437 554 553 552 551 551 550 549 548 547 547 546 545 544 543 543 542 541 540 539 538 538 537 536 535 534 533 532 531 531 530 529 528 527 526 525 524 523 523
399 399 399 399 399 400 400 400 399 399 399 399 461 460 460 460 460 459 459 459 458 458 458 457 457 456 456 456 455 455 454 454 453 453 452 451 451 450 449 448 448 447 446 446 445 443 443 442 441 441 440 439 439 438 437 437 436 552 551 551 550 549 548 547 547 546 545 544 543 543 542 541 540 539 539 538 537 536 535 534 533 533 532 531 530 529 528 527 526 526 525 524 523 522
398 398 398 399 399 399 399 399 398 398 398 460 460 459 460 460 460 459 459 459 458 458 458 457 457 456 456 456 455 454 453 453 452 452 451 451 450 449 449 448 447 446 445 445 444 444 443 441 441 440 439 439 438 437 436 436 435 434 434 550 549 548 547 547 546 545 544 544 543 542 541 540 540 539 538 537 536 535 534 534 533 532 531 530 529 528 528 527 526 525 524 523 522 521
398 398 398 398 398 398 398 397 397 398 460 460 460 459 459 459 459 458 458 458 457 457 457 456 456 455 455 455 454 454 453 453 452 452 450 450 449 449 448 447 447 446 446 444 443 443 442 441 441 439 438 438 437 436 436 435 434 433 433 432 548 547 547 546 545 544 544 543 542 541 540 540 539 538 537 536 536 535 534 533 532 531 530 530 529 528 527 526 525 524 523 523 522 521
397 397 397 397 397 397 398 397 397 397 459 459 459 458 458 458 458 457 457 457 456 456 456 455 455 454 454 454 453 453 452 452 451 451 450 450 449 448 447 446 446 445 445 444 443 442 441 441 440 439 438 437 436 436 435 434 433 433 432 431 430 547 546 545 544 544 543 542 541 541 540 539 538 537 536 536 535 534 533 532 531 531 530 529 528 527 526 525 525 524 523 522 521 520
396 396 396 397 397 397 396 396 396 458 458 458 457 457 457 457 458 457 457 457 456 456 456 455 455 454 454 453 452 452 451 451 450 450 449 449 448 448 447 447 445 444 444 443 443 442 440 440 439 438 438 437 435 435 434 433 433 432 431 430 430 429 428 544 544 543 542 541 541 540 539 538 537 537 536 535 534 533 533 532 531 530 529 528 527 527 526 525 524 523 522 521 520 520
395 396 396 396 396 396 395 395 457 457 457 458 457 457 457 457 456 456 456 456 455 455 455 454 454 453 453 453 452 452 451 451 449 449 448 448 447 447 446 446 445 445 443 442 442 441 441 440 438 438 437 436 436 434 433 433 432 431 430 430 429 428 427 427 543 542 541 541 540 539 538 538 537 536 535 534 533 533 532 531 530 529 528 528 527 526 525 524 523 522 522 521 520 519
395 395 395 395 395 394 394 395 457 457 457 457 456 456 456 456 455 455 455 455 454 454 454 453 453 452 452 452 451 451 450 450 449 449 448 448 446 446 445 445 444 444 443 442 441 440 440 439 438 438 436 435 435 434 432 432 431 430 430 429 428 427 427 426 425 541 541 540 539 538 538 537 536 535 534 534 533 532 531 530 529 529 528 527 526 525 524 524 523 522 521 520 519 518
394 394 394 394 394 394 394 456 456 456 456 456 455 455 455 455 454 454 454 454 453 453 453 452 452 451 451 451 450 450 449 449 448 448 447 447 446 446 445 444 443 443 442 442 441 440 439 438 438 437 436 435 434 433 433 432 430 429 429 428 427 427 426 425 424 424 423 539 538 538 537 536 535 534 534 533 532 531 530 530 529 528 527 526 525 525 524 523 522 521 520 519 519 518
393 393 394 393 393 393 455 455 455 455 455 454 455 455 455 455 454 454 454 454 453 453 453 452 452 451 451 451 450 450 449 448 447 447 447 446 446 445 444 444 443 442 441 441 440 439 439 437 437 436 435 435 434 432 432 431 430 429 428 427 427 426 425 424 424 423 422 421 538 537 536 535 535 534 533 532 531 531 530 529 528 527 526 526 525 524 523 522 521 521 520 519 518 517
393 392 392 392 392 454 454 454 454 455 455 454 454 454 454 454 453 453 453 452 452 452 452 451 451 450 450 450 449 449 448 448 448 447 446 445 445 444 444 443 442 442 441 440 439 439 438 437 437 435 435 434 433 433 431 430 430 429 427 426 426 425 424 424 423 422 421 421 420 419 535 535 534 533 532 531 531 530 529 528 527 527 526 525 524 523 522 522 521 520 519 518 517 516
391 391 391 391 391 453 454 454 454 454 454 453 453 453 453 453 452 452 452 451 451 451 451 450 450 449 449 449 448 448 447 447 447 446 446 445 445 443 443 442 442 441 440 440 439 438 437 437 436 435 435 433 432 432 431 429 429 428 427 426 425 424 424 423 422 421 421 420 419 418 418 534 533 532 532 531 530 529 528 528 527 526 525 524 523 523 522 521 520 519 518 518 517 516
390 390 390 391 453 453 453 453 453 453 452 452 452 452 452 452 452 452 452 451 451 451 450 450 450 449 449 449 447 447 446 446 446 445 445 444 444 443 443 442 441 440 440 439 438 438 437 436 435 434 434 433 432 431 430 430 428 427 427 426 424 423 423 422 421 421 420 419 418 418 417 416 415 532 531 530 529 528 528 527 526 525 524 524 523 522 521 520 519 519 518 517 516 515
389 390 390 452 452 452 452 452 452 452 452 452 452 452 452 451 451 451 451 450 450 450 449 449 449 448 448 448 447 447 446 446 446 444 444 443 443 442 442 441 441 440 439 438 437 437 436 436 434 434 433 432 432 430 429 429 428 427 426 425 424 423 422 421 421 420 419 418 418 417 416 415 415 414 413 529 528 528 527 526 525 525 524 523 522 521 520 520 519 518 517 516 515 515
389 389 389 451 451 451 451 452 452 452 451 451 451 451 451 450 450 450 450 449 449 449 448 448 448 447 447 447 446 446 445 445 445 444 444 443 442 441 441 440 440 439 439 438 437 436 435 435 434 434 432 431 431 430 430 428 427 427 426 424 424 423 421 420 420 419 418 418 417 416 415 415 414 413 412 412 528 527 526 525 525 524 523 522 521 521 520 519 518 517 516 516 515 514
388 388 450 450 451 451 451 451 451 450 450 450 450 450 450 449 449 449 449 448 448 448 447 447 447 446 446 446 445 445 444 444 444 443 443 442 442 441 441 439 439 438 438 437 437 436 435 434 433 433 432 431 430 429 429 428 426 426 425 424 423 422 421 421 419 418 417 417 416 415 415 414 413 412 412 411 410 409 525 525 524 523 522 521 521 520 519 518 517 517 516 515 514 513
387 449 450 450 450 450 450 450 450 449 449 449 449 450 450 449 449 449 449 448 448 448 447 447 447 446 446 446 445 445 443 443 443 442 442 441 441 440 440 439 439 437 437 436 436 435 435 434 432 432 431 431 430 428 428 427 427 425 424 424 423 421 420 420 418 417 417 416 415 415 414 413 412 412 411 410 409 408 408 407 523 522 522 521 520 519 518 518 517 516 515 514 513 513
449 449 449 449 449 449 449 449 448 449 449 449 449 449 448 448 448 448 448 447 447 447 446 446 446 445 445 445 444 444 444 443 443 442 441 440 440 439 439 438 438 437 437 435 435 434 434 433 433 431 430 430 429 429 427 426 426 425 423 423 422 421 420 419 418 417 416 415 414 414 413 412 412 411 410 409 409 408 407 406 405 405 521 520 519 518 518 517 516 515 514 514 513 512
448 448 448 448 448 448 449 449 448 448 448 448 448 448 447 447 447 447 446 446 446 446 445 445 445 444 444 444 443 443 443 442 442 441 441 440 440 438 438 437 437 436 436 435 435 433 433 432 432 431 430 429 428 428 427 425 425 424 424 422 421 421 420 418 417 417 415 414 414 413 412 411 411 410 409 409 408 407 406 405 405 404 403 519 519 518 517 516 515 515 514 513 512 511
447 447 447 447 448 448 448 447 447 447 447 447 447 447 446 446 446 447 446 446 446 446 445 445 445 444 443 443 442 442 442 441 441 440 440 439 439 438 438 437 436 436 435 434 434 433 433 431 431 430 430 429 427 427 426 426 424 423 423 422 420 420 419 418 417 416 415 414 413 412 411 411 410 409 408 408 407 406 405 405 404 403 402 402 401 517 516 515 515 514 513 512 511 511
446 447 447 447 447 447 446 446 446 446 446 446 447 446 446 446 446 446 445 445 445 445 444 444 444 443 443 443 442 442 442 440 440 439 439 438 438 438 437 437 436 436 434 434 433 432 432 431 430 429 429 428 428 426 425 425 424 423 422 421 420 419 418 418 417 415 414 414 412 411 411 410 409 408 408 407 406 405 405 404 403 402 402 401 400 399 399 515 514 513 512 511 511 510
446 446 446 446 446 445 445 445 446 446 446 446 446 445 445 445 445 445 444 444 444 444 443 443 443 442 442 442 441 441 441 440 440 439 439 437 437 437 436 436 435 435 434 434 432 432 431 430 430 429 428 427 427 426 425 424 423 423 422 420 420 419 418 417 416 415 414 413 412 411 410 409 408 408 407 406 405 405 404 403 402 402 401 400 399 399 398 397 396 512 512 511 510 509
445 445 445 445 444 445 445 445 445 445 445 445 445 444 444 444 444 444 443 443 443 443 442 442 442 441 441 441 440 440 440 439 439 438 438 437 437 437 435 435 434 434 433 433 432 431 430 430 429 428 428 426 426 425 425 424 422 422 421 420 419 418 417 416 415 414 414 412 411 411 409 408 408 407 406 405 405 404 403 402 402 401 400 399 399 398 397 396 395 395 394 510 509 508
444 444 444 444 444 444 444 444 444 444 444 444 443 443 443 443 444 443 443 443 443 442 442 442 442 441 441 440 439 439 439 438 438 437 437 436 436 436 435 435 433 433 432 432 431 431 430 429 428 428 427 426 425 424 424 423 422 421 420 420 419 417 417 416 414 414 413 412 411 410 409 408 407 406 405 405 404 403 402 402 401 400 399 399 398 397 396 396 395 394 393 392 392 391
443 443 443 443 443 443 443 443 443 443 443 444 443 443 443 443 443 442 442 442 442 441 441 441 441 440 440 440 439 439 439 438 437 436 436 436 435 435 434 434 433 433 431 431 430 430 429 429 428 427 426 425 425 424 423 422 422 421 419 419 418 417 416 415 414 413 412 411 411 409 408 408 406 405 405 404 403 402 402 401 400 399 399 398 397 396 396 395 394 393 392 392 391 390
442 442 442 442 442 442 442 442 443 443 443 443 442 442 442 442 442 441 441 441 441 440 440 440 440 439 439 439 438 438 438 437 437 436 436 435 434 434 433 433 432 432 431 431 429 429 428 428 427 427 425 425 424 423 423 421 421 420 419 418 417 417 416 414 414 413 411 411 410 408 408 407 405 404 404 403 402 402 401 400 399 399 398 397 396 396 395 394 393 393 392 391 390 389
441 441 441 441 441 442 442 442 442 442 442 441 441 441 441 441 441 440 440 440 440 439 439 439 439 438 438 438 437 437 437 436 436 435 435 435 434 434 432 432 431 431 430 430 429 429 427 427 426 426 425 424 423 423 422 421 420 419 419 418 416 416 415 414 413 412 411 410 409 408 407 406 405 404 403 402 402 401 400 399 399 398 397 396 396 395 394 393 393 392 391 390 389 389
440 440 440 441 441 441 441 441 441 441 441 440 440 440 440 441 441 440 440 440 440 439 439 439 438 438 438 438 436 436 435 435 435 434 434 434 433 433 432 432 430 430 429 429 428 428 427 426 425 425 424 424 423 422 421 420 420 418 418 417 416 415 414 414 413 411 411 410 408 408 407 405 405 404 402 401 401 400 399 399 398 397 396 396 395 394 393 393 392 391 390 389 389 388
439 440 440 440 440 440 440 440 440 440 440 440 440 440 440 440 439 439 439 439 439 438 438 438 437 437 437 437 436 436 435 435 435 433 433 433 432 432 431 431 430 430 428 428 427 427 426 426 425 424 423 423 422 422 420 420 419 418 417 416 416 415 413 413 412 411 410 409 408 407 406 405 404 403 402 401 400 399 399 398 397 396 396 395 394 393 393 392 391 390 390 389 388 387
439 439 439 439 439 439 439 440 440 440 439 439 439 439 439 439 438 438 438 438 438 437 437 437 436 436 436 435 435 435 434 434 434 433 433 433 431 431 430 430 429 429 428 428 427 426 426 425 425 424 422 422 421 421 420 419 418 418 417 415 415 414 413 412 411 411 410 408 408 407 405 405 404 402 402 400 399 398 398 397 396 396 395 394 393 393 392 391 390 390 389 388 387 386
438 438 438 438 438 439 439 439 439 438 438 438 438 438 438 438 437 437 437 437 436 436 436 436 435 435 435 434 434 434 433 433 433 432 432 432 431 431 429 429 428 428 428 427 427 426 425 424 424 423 423 422 420 420 419 419 417 417 416 415 414 413 413 412 410 410 409 407 407 406 405 404 403 401 401 400 398 398 397 396 395 395 394 393 393 392 391 390 390 389 388 387 386 386
437 437 437 438 438 438 438 438 438 437 437 437 437 437 437 438 437 437 437 437 436 436 436 436 435 435 435 434 433 433 432 432 432 431 431 431 430 430 429 429 427 427 427 426 426 425 425 423 423 422 422 421 421 419 418 418 417 416 415 415 414 412 412 411 410 409 408 408 406 405 405 403 402 402 400 399 399 397 396 395 395 394 393 393 392 391 390 390 389 388 387 387 386 385
436 437 437 437 437 437 437 437 436 436 437 437 437 437 437 436 436 436 436 436 435 435 435 435 434 434 434 433 433 433 432 432 432 430 430 430 429 429 428 428 427 427 426 425 425 424 424 423 423 421 421 420 420 419 418 417 416 416 414 414 413 412 411 410 410 409 407 407 406 404 404 403 401 401 400 398 398 397 395 395 394 393 392 392 391 390 390 389 388 387 387 386 385 384
436 436 436 436 436 436 436 436 436 436 436 436 436 436 436 435 435 435 435 435 434 434 434 434 433 433 433 432 432 432 431 431 431 430 430 430 428 428 427 427 427 426 426 425 424 423 423 422 422 421 420 419 419 418 418 416 415 415 414 413 412 412 411 409 409 408 407 406 405 405 403 402 402 400 399 399 397 396 394 394 393 392 392 391 390 389 389 388 387 387 386 385 384 383
435 435 435 435 435 436 436 435 435 435 435 435 435 435 435 434 434 434 434 434 433 433 433 433 432 432 432 431 431 431 430 430 430 429 429 429 428 428 426 426 426 425 425 424 424 423 422 421 421 420 420 419 418 417 417 416 415 414 413 413 411 411 410 409 408 407 407 406 404 404 403 401 401 400 398 398 396 395 395 393 392 392 391 390 389 389 388 387 386 386 385 384 383 383
434 434 434 435 435 435 434 434 434 434 434 434 434 434 433 434 434 434 434 433 433 433 433 432 432 432 432 431 430 430 429 429 429 428 428 428 427 427 426 426 425 424 424 423 423 422 422 420 420 419 419 418 418 416 416 415 415 413 413 412 411 410 409 409 408 406 406 405 403 403 402 401 400 399 398 397 396 395 394 393 391 391 390 389 389 388 387 386 386 385 384 383 383 382
433 434 434 434 434 433 433 433 433 433 433 434 434 434 433 433 433 433 433 432 432 432 432 431 431 431 431 430 430 430 429 429 428 427 427 427 426 426 425 425 425 424 423 422 422 421 421 420 420 418 418 417 417 416 415 414 414 413 412 411 410 410 408 408 407 406 405 404 404 402 401 401 399 398 398 396 395 395 393 392 391 390 389 389 388 387 386 386 385 384 383 383 382 381
