testData/tiles/oneDegree/grid39.0-15.0-40.0-16.0.asc
ncols   200
nrows   200
xllcorner   39.0
yllcorner   15.0
cellsize   0.005
NODATA_value   -9999.0
[rows 84 to 125 of 200, columns 94 to 187 of 200]
188 188 188 188 187 187 187 187 187 187 186 186 186 186 186 186 185 185 185 185 185 185 184 184 184 184 184 184 184 183 183 183 183 183 183 182 182 182 182 182 182 181 181 181 181 181 181 180 180 180 180 180 179 179 179 179 179 179 178 178 222 222 222 222 221 221 221 221 221 221 220 220 220 220 220 220 219 219 219 219 219 218 218 218 218 218 218 217 217 217 217 217 217 216
188 188 188 187 187 187 187 187 187 186 186 186 186 186 186 186 185 185 185 185 185 185 184 184 184 184 184 184 183 183 183 183 183 183 182 182 182 182 182 182 181 181 181 181 181 181 180 180 180 180 180 180 179 179 179 179 179 179 178 178 178 222 222 222 221 221 221 221 221 221 220 220 220 220 220 219 219 219 219 219 219 218 218 218 218 218 218 217 217 217 217 217 217 216
188 188 187 187 187 187 187 187 187 186 186 186 186 186 186 185 185 185 185 185 185 184 184 184 184 184 184 183 183 183 183 183 183 183 182 182 182 182 182 182 181 181 181 181 181 181 180 180 180 180 180 180 179 179 179 179 179 178 178 178 178 178 222 221 221 221 221 221 221 220 220 220 220 220 220 219 219 219 219 219 219 218 218 218 218 218 217 217 217 217 217 217 216 216
188 188 187 187 187 187 187 187 186 186 186 186 186 186 185 185 185 185 185 185 185 184 184 184 184 184 184 183 183 183 183 183 183 182 182 182 182 182 182 181 181 181 181 181 181 180 180 180 180 180 180 179 179 179 179 179 179 178 178 178 178 178 178 221 221 221 221 221 221 220 220 220 220 220 219 219 219 219 219 219 218 218 218 218 218 218 217 217 217 217 217 217 216 216
188 187 187 187 187 187 187 186 186 186 186 186 186 186 185 185 185 185 185 185 184 184 184 184 184 184 183 183 183 183 183 183 182 182 182 182 182 182 182 181 181 181 181 181 181 180 180 180 180 180 180 179 179 179 179 179 178 178 178 178 178 178 177 177 221 221 221 221 220 220 220 220 220 220 219 219 219 219 219 219 218 218 218 218 218 218 217 217 217 217 217 216 216 216
187 187 187 187 187 187 187 186 186 186 186 186 186 185 185 185 185 185 185 184 184 184 184 184 184 184 183 183 183 183 183 183 182 182 182 182 182 182 181 181 181 181 181 181 180 180 180 180 180 180 179 179 179 179 179 179 178 178 178 178 178 178 177 177 177 221 221 221 220 220 220 220 220 220 219 219 219 219 219 218 218 218 218 218 218 217 217 217 217 217 217 216 275 275
187 187 187 187 187 187 186 186 186 186 186 186 185 185 185 185 185 185 185 184 184 184 184 184 184 183 183 183 183 183 183 182 182 182 182 182 182 181 181 181 181 181 181 181 180 180 180 180 180 180 179 179 179 179 179 179 178 178 178 178 178 177 177 177 177 177 221 220 220 220 220 220 220 219 219 219 219 219 219 218 218 218 218 218 218 217 217 276 276 276 276 275 275 275
187 187 187 187 187 186 186 186 186 186 186 186 185 185 185 185 185 185 184 184 184 184 184 184 184 183 183 183 183 183 183 182 182 182 182 182 182 181 181 181 181 181 181 180 180 180 180 180 180 179 179 179 179 179 179 178 178 178 178 178 178 177 177 177 177 177 177 220 220 220 220 220 220 219 219 219 219 219 219 218 218 218 218 277 276 276 276 276 276 276 275 275 275 275
187 187 187 187 187 186 186 186 186 186 186 185 185 185 185 185 185 185 184 184 184 184 184 184 183 183 183 183 183 183 182 182 182 182 182 182 181 181 181 181 181 181 181 180 180 180 180 180 180 179 179 179 179 179 179 178 178 178 178 178 178 177 177 177 177 177 176 176 220 220 220 220 219 219 219 219 219 219 218 277 277 277 277 277 276 276 276 276 276 276 275 275 275 275
187 187 187 187 186 186 186 186 186 186 185 185 185 185 185 185 185 184 184 184 184 184 184 183 183 183 183 183 183 183 182 182 182 182 182 182 181 181 181 181 181 181 180 180 180 180 180 180 179 179 179 179 179 179 178 178 178 178 178 178 177 177 177 177 177 177 176 176 176 220 220 220 219 219 219 278 278 278 277 277 277 277 277 277 276 276 276 276 276 275 275 275 275 275
187 187 187 186 186 186 186 186 186 186 185 185 185 185 185 185 184 184 184 184 184 184 184 183 183 183 183 183 183 182 182 182 182 182 182 181 181 181 181 181 181 180 180 180 180 180 180 180 179 179 179 179 179 179 178 178 178 178 178 178 177 177 177 177 177 177 176 176 176 176 220 278 278 278 278 278 278 277 277 277 277 277 277 276 276 276 276 276 276 275 275 275 275 275
280 280 279 279 279 279 279 279 279 185 185 185 185 185 185 185 184 184 184 184 184 184 183 183 183 183 183 183 182 182 182 182 182 182 182 181 181 181 181 181 181 180 180 180 180 180 180 179 179 179 179 179 179 178 178 178 178 178 178 177 177 177 177 177 177 176 176 176 235 235 235 278 278 278 278 278 278 277 277 277 277 277 277 276 276 276 276 276 276 275 275 275 275 275
280 280 279 279 279 279 279 279 278 278 278 278 278 278 278 277 277 184 184 184 184 183 183 183 183 183 183 183 182 182 182 182 182 182 181 181 181 181 181 181 180 180 180 180 180 180 179 179 179 179 179 179 179 178 178 178 178 178 178 177 177 177 177 177 236 235 235 235 235 235 235 234 234 278 278 278 277 277 277 277 277 277 276 276 276 276 276 276 275 275 275 275 275 275
280 279 279 279 279 279 279 279 278 278 278 278 278 278 277 277 277 277 277 277 277 276 276 276 276 183 183 182 182 182 182 182 182 181 181 181 181 181 181 181 180 180 180 180 180 180 179 179 179 179 179 179 178 178 178 178 178 178 177 177 177 236 236 236 235 235 235 235 235 235 234 234 234 234 278 278 277 277 277 277 277 277 276 276 276 276 276 276 275 275 275 275 275 275
279 279 279 279 279 279 279 278 278 278 278 278 278 277 277 277 277 277 277 277 276 276 276 276 276 276 276 275 275 275 275 182 182 181 181 181 181 181 181 180 180 180 180 180 180 179 179 179 179 179 179 178 178 178 178 178 178 178 236 236 236 236 236 236 235 235 235 235 235 235 234 234 234 234 234 278 277 277 277 277 277 276 276 276 276 276 276 275 275 275 275 275 275 274
279 279 279 279 279 279 278 278 278 278 278 278 278 277 277 277 277 277 277 276 276 276 276 276 276 276 275 275 275 275 275 275 274 274 274 274 274 181 181 180 180 180 180 180 180 179 179 179 179 179 179 178 178 178 237 237 237 236 236 236 236 236 236 235 235 235 235 235 235 234 234 234 234 234 234 233 233 277 277 277 277 276 276 276 276 276 276 275 275 275 275 275 275 274
279 279 279 279 279 278 278 278 278 278 278 278 277 277 277 277 277 277 277 276 276 276 276 276 276 275 275 275 275 275 275 275 274 274 274 274 274 274 273 273 273 273 273 180 179 179 179 179 179 179 178 237 237 237 237 237 237 236 236 236 236 236 236 235 235 235 235 235 235 234 234 234 234 234 234 233 233 233 277 277 277 276 276 276 276 276 275 275 275 275 275 275 274 274
279 279 279 279 278 278 278 278 278 278 278 277 277 277 277 277 277 277 276 276 276 276 276 276 275 275 275 275 275 275 275 274 274 274 274 274 274 273 273 273 273 273 273 273 272 272 272 272 179 238 237 237 237 237 237 237 236 236 236 236 236 236 235 235 235 235 235 235 234 234 234 234 234 234 233 233 233 233 233 277 276 276 276 276 276 276 275 275 275 275 275 275 274 274
279 279 279 279 278 278 278 278 278 278 277 277 277 277 277 277 277 276 276 276 276 276 276 276 275 275 275 275 275 275 274 274 274 274 274 274 274 273 273 273 273 273 273 272 272 272 331 331 331 330 330 330 330 237 237 236 236 236 236 236 236 236 235 235 235 235 235 235 234 234 234 234 234 234 233 233 233 233 233 233 232 276 276 276 276 276 275 275 275 275 275 274 274 274
279 279 279 278 278 278 278 278 278 278 277 277 277 277 277 277 276 276 276 276 276 276 276 275 275 275 275 275 275 275 274 274 274 274 274 274 273 273 273 273 273 273 272 331 331 331 331 331 331 330 330 330 330 330 330 329 329 329 236 236 236 235 235 235 235 235 235 234 234 234 234 234 234 233 233 233 233 233 233 232 232 232 276 276 276 275 275 275 275 275 275 274 274 274
279 279 278 278 278 278 278 278 278 277 277 277 277 277 277 277 276 276 276 276 276 276 275 275 275 275 275 275 275 274 274 274 274 274 274 273 273 273 273 273 332 332 331 331 331 331 331 331 330 330 330 330 330 330 329 329 329 329 329 329 328 328 235 235 235 235 235 234 234 234 234 234 234 233 233 233 233 233 233 232 232 232 232 232 276 275 275 275 275 275 275 274 274 274
279 278 278 278 278 278 278 278 277 277 277 277 277 277 277 276 276 276 276 276 276 276 275 275 275 275 275 275 274 274 274 274 274 274 274 273 273 273 332 332 332 331 331 331 331 331 331 330 330 330 330 330 330 330 329 329 329 329 329 329 328 328 328 328 328 328 234 234 234 234 234 234 233 233 233 233 233 233 232 232 232 232 232 232 231 231 275 275 275 275 274 274 274 274
278 278 278 278 278 278 278 277 277 277 277 277 277 277 276 276 276 276 276 276 276 275 275 275 275 275 275 275 274 274 274 274 274 274 273 332 332 332 332 332 332 331 331 331 331 331 331 330 330 330 330 330 330 329 329 329 329 329 329 328 328 328 328 328 328 327 327 327 327 327 327 234 233 233 233 233 233 233 232 232 232 232 232 232 231 231 231 231 275 275 274 274 274 274
278 278 278 278 278 278 277 277 277 277 277 277 277 276 276 276 276 276 276 276 275 275 275 275 275 275 275 274 274 274 274 274 333 332 332 332 332 332 332 332 331 331 331 331 331 331 330 330 330 330 330 330 330 329 329 329 329 329 329 328 328 328 328 328 328 327 327 327 327 327 327 326 326 326 326 233 233 232 232 232 232 232 232 231 231 231 231 231 231 274 274 274 274 274
278 278 278 278 278 277 277 277 277 277 277 277 277 276 276 276 276 276 276 275 275 275 275 275 275 275 274 274 274 274 333 333 333 332 332 332 332 332 332 331 331 331 331 331 331 331 330 330 330 330 330 330 329 329 329 329 329 329 328 328 328 328 328 328 327 327 327 327 327 327 326 326 326 326 326 326 326 325 232 232 232 232 232 231 231 231 231 231 231 230 230 274 274 274
278 278 278 278 278 277 277 277 277 277 277 277 276 276 276 276 276 276 276 275 275 275 275 275 275 274 274 333 333 333 333 333 332 332 332 332 332 332 332 331 331 331 331 331 331 330 330 330 330 330 330 329 329 329 329 329 329 329 328 328 328 328 328 328 327 327 327 327 327 327 326 326 326 326 326 326 325 325 325 325 325 325 231 231 231 231 231 231 230 230 230 230 230 274
278 278 278 278 277 277 277 277 277 277 277 276 276 276 276 276 276 276 275 275 275 275 275 275 275 333 333 333 333 333 333 332 332 332 332 332 332 332 331 331 331 331 331 331 330 330 330 330 330 330 330 329 329 329 329 329 329 328 328 328 328 328 328 327 327 327 327 327 327 326 326 326 326 326 326 326 325 325 325 325 325 325 324 324 324 324 231 231 230 230 230 230 230 230
278 278 278 277 277 277 277 277 277 277 276 276 276 276 276 276 276 275 275 275 275 275 275 334 333 333 333 333 333 333 333 332 332 332 332 332 332 331 331 331 331 331 331 331 330 330 330 330 330 330 329 329 329 329 329 329 328 328 328 328 328 328 328 327 327 327 327 327 327 326 326 326 326 326 326 325 325 325 325 325 325 324 324 324 324 324 324 323 323 230 230 230 230 229
278 278 277 277 277 277 277 277 277 276 276 276 276 276 276 276 275 275 275 275 275 334 334 333 333 333 333 333 333 333 332 332 332 332 332 332 331 331 331 331 331 331 331 330 330 330 330 330 330 329 329 329 329 329 329 329 328 328 328 328 328 328 327 327 327 327 327 327 326 326 326 326 326 326 325 325 325 325 325 325 325 324 324 324 324 324 324 323 323 323 323 323 323 229
278 277 277 277 277 277 277 277 276 276 276 276 276 276 276 275 275 275 334 334 334 334 333 333 333 333 333 333 333 332 332 332 332 332 332 332 331 331 331 331 331 331 330 330 330 330 330 330 330 329 329 329 329 329 329 328 328 328 328 328 328 327 327 327 327 327 327 327 326 326 326 326 326 326 325 325 325 325 325 325 324 324 324 324 324 324 323 323 323 323 323 323 322 322
277 277 277 277 277 277 277 276 276 276 276 276 276 276 276 275 334 334 334 334 334 333 333 333 333 333 333 333 332 332 332 332 332 332 332 331 331 331 331 331 331 331 330 330 330 330 330 330 329 329 329 329 329 329 329 328 328 328 328 328 328 327 327 327 327 327 327 326 326 326 326 326 326 325 325 325 325 325 325 324 324 324 324 324 324 324 323 323 323 323 323 323 322 322
277 277 277 277 277 277 276 276 276 276 276 276 276 276 334 334 334 334 334 334 334 333 333 333 333 333 333 333 332 332 332 332 332 332 331 331 331 331 331 331 331 330 330 330 330 330 330 329 329 329 329 329 329 329 328 328 328 328 328 328 327 327 327 327 327 327 327 326 326 326 326 326 326 325 325 325 325 325 325 324 324 324 324 324 324 323 323 323 323 323 323 322 322 322
277 277 277 277 277 276 276 276 276 276 276 276 335 334 334 334 334 334 334 334 333 333 333 333 333 333 333 332 332 332 332 332 332 332 331 331 331 331 331 331 330 330 330 330 330 330 330 329 329 329 329 329 329 328 328 328 328 328 328 328 327 327 327 327 327 327 326 326 326 326 326 326 325 325 325 325 325 325 324 324 324 324 324 324 323 323 323 323 323 323 323 322 322 322
277 277 277 277 276 276 276 276 276 276 335 335 334 334 334 334 334 334 334 333 333 333 333 333 333 333 332 332 332 332 332 332 332 331 331 331 331 331 331 330 330 330 330 330 330 330 329 329 329 329 329 329 329 328 328 328 328 328 328 327 327 327 327 327 327 326 326 326 326 326 326 326 325 325 325 325 325 325 324 324 324 324 324 324 323 323 323 323 323 323 322 322 322 322
277 277 277 277 276 276 276 276 335 335 335 334 334 334 334 334 334 334 333 333 333 333 333 333 333 332 332 332 332 332 332 332 331 331 331 331 331 331 331 330 330 330 330 330 330 329 329 329 329 329 329 329 328 328 328 328 328 328 327 327 327 327 327 327 327 326 326 326 326 326 326 325 325 325 325 325 325 324 324 324 324 324 324 323 323 323 323 323 323 322 322 322 322 322
277 277 277 276 276 276 335 335 335 335 334 334 334 334 334 334 334 333 333 333 333 333 333 333 332 332 332 332 332 332 332 331 331 331 331 331 331 331 330 330 330 330 330 330 330 329 329 329 329 329 329 328 328 328 328 328 328 328 327 327 327 327 327 327 326 326 326 326 326 326 325 325 325 325 325 325 325 324 324 324 324 324 324 323 323 323 323 323 323 322 322 322 322 322
277 276 276 276 335 335 335 335 335 334 334 334 334 334 334 334 333 333 333 333 333 333 333 332 332 332 332 332 332 332 331 331 331 331 331 331 331 330 330 330 330 330 330 330 329 329 329 329 329 329 329 328 328 328 328 328 328 327 327 327 327 327 327 326 326 326 326 326 326 326 325 325 325 325 325 325 324 324 324 324 324 324 323 323 323 323 323 323 322 322 322 322 322 322
276 276 335 335 335 335 335 335 334 334 334 334 334 334 334 333 333 333 333 333 333 333 333 332 332 332 332 332 332 332 331 331 331 331 331 331 330 330 330 330 330 330 330 329 329 329 329 329 329 329 328 328 328 328 328 328 327 327 327 327 327 327 327 326 326 326 326 326 326 325 325 325 325 325 325 324 324 324 324 324 324 324 323 323 323 323 323 323 322 322 322 322 322 322
335 335 335 335 335 335 335 334 334 334 334 334 334 334 334 333 333 333 333 333 333 333 332 332 332 332 332 332 332 331 331 331 331 331 331 331 330 330 330 330 330 330 329 329 329 329 329 329 329 328 328 328 328 328 328 328 327 327 327 327 327 327 326 326 326 326 326 326 326 325 325 325 325 325 325 324 324 324 324 324 324 323 323 323 323 323 323 322 322 322 322 322 322 321
335 335 335 335 335 335 334 334 334 334 334 334 334 334 333 333 333 333 333 333 333 332 332 332 332 332 332 332 331 331 331 331 331 331 331 330 330 330 330 330 330 330 329 329 329 329 329 329 328 328 328 328 328 328 328 327 327 327 327 327 327 326 326 326 326 326 326 326 325 325 325 325 325 325 324 324 324 324 324 324 323 323 323 323 323 323 323 322 322 322 322 322 322 321
335 335 335 335 335 334 334 334 334 334 334 334 334 333 333 333 333 333 333 333 332 332 332 332 332 332 332 331 331 331 331 331 331 331 330 330 330 330 330 330 330 329 329 329 329 329 329 329 328 328 328 328 328 328 327 327 327 327 327 327 327 326 326 326 326 326 326 325 325 325 325 325 325 325 324 324 324 324 324 324 323 323 323 323 323 323 322 322 322 322 322 322 321 321
479 335 335 335 334 334 334 334 334 334 334 334 333 333 333 333 333 333 333 332 332 332 332 332 332 332 331 331 331 331 331 331 331 330 330 330 330 330 330 330 329 329 329 329 329 329 329 328 328 328 328 328 328 328 327 327 327 327 327 327 326 326 326 326 326 326 326 325 325 325 325 325 325 324 324 324 324 324 324 323 323 323 323 323 323 323 322 322 322 322 322 322 321 321
