testData/tiles/oneDegree/grid12.0-10.0-13.0-11.0.asc
ncols   200
nrows   200
xllcorner   12.0
yllcorner   10.0
cellsize   0.005
NODATA_value   -9999.0
[rows 129 to 171 of 200, columns 0 to 95 of 200]
89 89 89 89 89 89 88 88 88 88 88 88 88 88 87 87 87 87 87 87 87 86 86 86 86 86 92 92 91 91 91 91 91 91 91 90 90 90 90 121 120 120 120 120 120 120 119 119 119 119 119 118 118 118 118 118 117 117 117 117 116 116 116 116 116 117 117 118 118 118 119 119 119 119 120 119 120 269 269 269 270 269 270 270 270 270 271 270 270 270 270 271 270 270 270 270
89 89 89 89 89 89 88 88 88 88 88 88 88 88 87 87 87 87 87 87 87 86 86 86 86 86 86 86 85 85 85 91 91 91 91 90 90 90 90 90 121 120 120 120 120 120 119 119 119 119 119 118 118 118 118 118 117 117 117 117 116 116 116 116 116 117 117 118 117 118 119 119 119 119 120 119 120 120 270 269 270 270 270 270 270 270 270 270 270 270 270 271 270 270 270 270
89 89 89 89 89 89 88 88 88 88 88 88 88 88 87 87 87 87 87 87 87 87 86 86 86 86 86 86 85 85 85 85 85 85 85 84 84 90 90 90 121 120 120 120 120 120 119 119 119 119 119 118 118 118 118 118 117 117 117 117 116 116 116 116 116 117 117 118 117 118 118 119 119 119 120 119 120 120 121 269 270 270 270 270 269 270 270 270 270 270 270 270 270 270 270 270
89 89 89 89 89 89 88 88 88 88 88 88 88 88 87 87 87 87 87 87 87 87 86 86 86 86 86 86 85 85 85 85 85 85 85 84 84 84 84 84 115 114 120 120 120 120 119 119 119 119 119 118 118 118 118 118 117 117 117 117 116 116 116 116 116 116 117 118 117 118 118 119 118 119 120 119 120 120 121 120 270 270 269 270 269 270 270 270 270 270 270 270 270 270 270 270
89 89 89 89 89 89 88 88 88 88 88 88 88 88 87 87 87 87 87 87 87 87 86 86 86 86 86 86 86 85 85 85 85 85 85 84 84 84 84 84 115 114 114 114 114 114 113 113 119 119 119 118 118 118 118 118 117 117 117 117 116 116 116 116 117 116 117 117 117 118 118 119 118 119 119 119 119 120 120 120 269 270 269 270 269 270 270 270 270 269 270 270 270 270 270 270
89 89 89 89 89 89 88 88 88 88 88 88 88 88 87 87 87 87 87 87 87 87 86 86 86 86 86 86 86 85 85 85 85 85 85 84 84 84 84 84 115 114 114 114 114 114 113 113 113 113 113 112 112 112 112 118 117 117 117 117 116 116 116 116 117 116 117 117 117 118 118 119 118 119 119 120 119 120 120 120 120 270 269 270 269 270 270 270 270 270 270 270 270 270 269 270
89 89 89 89 89 89 88 88 88 88 88 88 88 88 87 87 87 87 87 87 87 87 86 86 86 86 86 86 86 85 85 85 85 85 85 84 84 84 84 84 84 114 114 114 114 114 113 113 113 113 113 112 112 112 112 112 111 111 111 111 110 110 110 116 116 116 117 117 117 117 118 119 118 119 119 120 119 120 120 120 120 121 269 270 270 270 270 269 270 270 270 270 270 270 269 270
89 89 89 89 89 89 88 88 88 88 88 88 88 88 87 87 87 87 87 87 87 87 86 86 86 86 86 86 86 85 85 85 85 85 85 84 84 84 84 84 84 114 114 114 114 114 113 113 113 113 113 112 112 112 112 112 111 111 111 111 110 110 110 110 110 110 111 111 112 111 112 112 118 119 119 120 119 120 120 120 120 121 120 270 270 269 270 269 270 270 270 270 269 270 269 270
89 89 89 89 89 89 88 88 88 88 88 88 88 88 87 87 87 87 87 87 87 87 86 86 86 86 86 86 86 85 85 85 85 85 85 84 84 84 84 84 84 114 114 114 114 114 113 113 113 113 113 112 112 112 112 112 111 111 111 111 110 110 110 110 110 110 110 111 112 111 112 112 112 112 113 114 113 114 114 114 114 114 114 114 270 269 270 269 270 270 270 270 269 270 269 270
89 89 89 89 89 89 88 88 88 88 88 88 88 88 87 87 87 87 87 87 87 87 86 86 86 86 86 86 86 85 85 85 85 85 85 84 84 84 84 84 84 114 114 114 114 114 113 113 113 113 113 112 112 112 112 112 111 111 111 111 111 110 110 110 110 110 110 111 111 111 112 112 112 112 113 113 113 113 114 113 114 114 114 114 264 263 264 263 264 264 263 264 263 264 263 263
89 89 89 89 89 89 88 88 88 88 88 88 88 88 87 87 87 87 87 87 87 87 86 86 86 86 86 86 86 85 85 85 85 85 85 84 84 84 84 84 84 114 114 114 114 114 113 113 113 113 113 112 112 112 112 112 111 111 111 111 111 110 110 110 110 110 110 111 111 111 112 112 112 112 113 113 113 113 114 113 114 114 114 114 115 263 264 263 263 264 263 264 263 264 263 263
89 89 89 89 89 89 88 88 88 88 88 88 88 88 87 87 87 87 87 87 87 87 86 86 86 86 86 86 86 85 85 85 85 85 85 84 84 84 84 84 84 114 114 114 114 114 113 113 113 113 113 112 112 112 112 112 111 111 111 111 111 110 110 110 110 109 110 111 111 111 111 112 112 112 113 113 113 113 114 113 114 114 114 114 115 114 263 263 263 264 263 264 263 263 263 263
89 89 89 89 89 89 88 88 88 88 88 88 88 88 87 87 87 87 87 87 87 87 86 86 86 86 86 86 86 85 85 85 85 85 85 84 84 84 84 84 84 83 114 114 114 114 113 113 113 113 113 112 112 112 112 112 111 111 111 111 111 110 110 110 110 109 110 111 111 111 111 112 111 112 113 113 113 113 114 113 114 114 114 114 114 114 114 263 263 264 263 264 263 263 263 263
89 89 89 89 89 89 88 88 88 88 88 88 88 88 87 87 87 87 87 87 87 87 86 86 86 86 86 86 86 85 85 85 85 85 85 84 84 84 84 84 84 83 114 114 114 114 113 113 113 113 113 112 112 112 112 112 111 111 111 111 111 110 110 110 110 109 110 110 111 111 111 112 111 112 112 113 112 113 113 113 113 114 113 114 114 114 114 114 263 264 263 263 263 263 263 263
89 89 89 89 89 89 88 88 88 88 88 88 88 88 87 87 87 87 87 87 87 87 86 86 86 86 86 86 86 85 85 85 85 85 85 84 84 84 84 84 84 83 114 114 114 114 113 113 113 113 113 112 112 112 112 112 111 111 111 111 111 110 110 110 110 109 110 110 111 110 111 112 111 112 112 113 112 113 113 113 113 114 113 114 114 114 114 114 263 264 263 263 263 263 263 263
89 89 89 89 89 89 88 88 88 88 88 88 88 88 87 87 87 87 87 87 87 87 86 86 86 86 86 86 86 85 85 85 85 85 85 84 84 84 84 84 84 83 114 114 114 114 113 113 113 113 113 112 112 112 112 112 111 111 111 111 111 110 110 110 110 109 109 110 111 110 111 111 111 112 112 113 112 113 113 113 113 114 113 114 114 114 114 114 114 263 263 263 263 263 263 263
89 89 89 89 89 89 88 88 88 88 88 88 88 88 87 87 87 87 87 87 87 87 86 86 86 86 86 86 86 85 85 85 85 85 85 84 84 84 84 84 84 83 114 114 114 114 113 113 113 113 113 112 112 112 112 112 111 111 111 111 111 110 110 110 110 109 109 110 111 110 111 111 111 112 112 113 112 113 113 113 113 114 113 114 114 114 114 113 114 114 263 263 263 263 262 263
89 89 89 89 89 89 88 88 88 88 88 88 88 88 87 87 87 87 87 87 87 87 86 86 86 86 86 86 86 85 85 85 85 85 85 84 84 84 84 84 84 83 83 114 114 114 113 113 113 113 113 112 112 112 112 112 111 111 111 111 111 110 110 110 110 109 109 110 110 110 111 111 111 111 112 112 112 113 113 113 113 114 113 113 114 113 114 113 114 114 114 263 263 263 262 263
89 89 89 89 89 89 88 88 88 88 88 88 88 88 87 87 87 87 87 87 87 87 86 86 86 86 86 86 86 85 85 85 85 85 85 84 84 84 84 84 84 83 83 114 114 114 113 113 113 113 113 112 112 112 112 112 111 111 111 111 110 110 110 110 110 109 109 110 110 110 111 111 111 111 112 112 112 112 113 112 113 113 113 113 114 113 114 113 114 114 114 114 262 263 262 263
89 89 89 89 89 89 88 88 88 88 88 88 88 88 87 87 87 87 87 87 87 87 86 86 86 86 86 86 86 85 85 85 85 85 85 84 84 84 84 84 84 83 83 114 114 114 113 113 113 113 113 112 112 112 112 112 111 111 111 111 110 110 110 110 110 109 109 110 110 110 110 111 111 111 112 112 112 112 113 112 113 113 113 113 114 113 114 113 114 114 113 114 113 263 262 263
89 89 89 89 89 89 88 88 88 88 88 88 88 88 87 87 87 87 87 87 87 87 86 86 86 86 86 86 86 85 85 85 85 85 85 84 84 84 84 84 84 83 83 114 114 114 113 113 113 113 113 112 112 112 112 112 111 111 111 111 110 110 110 110 110 109 109 109 109 110 110 111 110 111 112 112 112 112 113 112 113 113 113 113 114 113 114 113 113 114 113 114 113 114 262 262
89 89 89 89 89 89 88 88 88 88 88 88 88 88 87 87 87 87 87 87 87 87 86 86 86 86 86 86 86 85 85 85 85 85 85 84 84 84 84 84 84 83 83 114 114 114 113 113 113 113 113 112 112 112 112 112 111 111 111 111 110 110 110 110 110 109 109 109 109 110 110 111 110 111 111 112 112 112 113 112 113 113 113 113 113 113 113 113 113 114 113 114 113 114 113 262
89 89 89 89 89 89 88 88 88 88 88 88 88 88 87 87 87 87 87 87 87 87 86 86 86 86 86 86 86 85 85 85 85 85 85 84 84 84 84 84 84 83 83 83 114 114 113 113 113 113 113 112 112 112 112 112 111 111 111 111 110 110 110 110 110 109 109 109 109 109 110 111 110 111 111 111 111 112 112 112 112 113 112 113 112 113 113 113 113 113 113 114 113 113 113 262
89 89 89 89 89 89 88 88 88 88 88 88 88 88 87 87 87 87 87 87 87 87 86 86 86 86 86 86 85 85 85 85 85 85 85 84 84 84 84 84 84 83 83 83 114 114 113 113 113 113 113 112 112 112 112 112 111 111 111 111 110 110 110 110 109 109 109 109 109 109 110 110 110 111 111 111 111 112 112 112 112 113 112 113 112 113 113 113 113 113 113 113 113 113 113 113
89 89 89 89 89 89 88 88 88 88 88 88 88 88 87 87 87 87 87 87 87 87 86 86 86 86 86 86 85 85 85 85 85 85 85 84 84 84 84 84 84 83 83 83 114 114 113 113 113 113 113 112 112 112 112 112 111 111 111 111 110 110 110 110 109 109 109 109 108 109 110 110 110 110 111 111 111 112 112 112 112 113 112 113 112 113 113 113 113 112 113 113 113 113 113 113
89 89 89 89 89 89 88 88 88 88 88 88 88 88 87 87 87 87 87 87 87 86 86 86 86 86 86 86 85 85 85 85 85 85 85 84 84 84 84 84 84 83 83 83 114 114 113 113 113 113 113 112 112 112 112 112 111 111 111 111 110 110 110 110 109 109 109 109 108 109 110 110 110 110 111 110 111 112 112 112 112 113 112 113 112 113 113 112 113 112 113 113 113 113 113 113
89 89 89 89 89 89 88 88 88 88 88 88 88 88 87 87 87 87 87 87 87 86 86 86 86 86 86 86 85 85 85 85 85 85 85 84 84 84 84 84 83 83 83 83 83 114 113 113 113 113 113 112 112 112 112 112 111 111 111 111 110 110 110 110 109 109 109 109 108 109 109 110 110 110 111 110 111 111 111 111 112 111 112 112 112 112 113 112 113 112 113 113 113 113 112 113
89 89 89 89 89 89 88 88 88 88 88 88 88 88 87 87 87 87 87 87 87 86 86 86 86 86 86 86 85 85 85 85 85 85 85 84 84 84 84 84 83 83 83 83 83 114 113 113 113 113 113 112 112 112 112 112 111 111 111 111 110 110 110 110 109 109 109 109 108 109 109 110 109 110 111 110 111 111 111 111 112 111 112 112 112 112 113 112 113 112 113 113 112 113 112 113
89 89 89 89 89 88 88 88 88 88 88 88 88 88 87 87 87 87 87 87 87 86 86 86 86 86 86 86 85 85 85 85 85 85 84 84 84 84 84 84 83 83 83 83 83 114 113 113 113 113 113 112 112 112 112 112 111 111 111 111 110 110 110 110 109 109 109 109 108 108 109 110 109 110 110 110 111 111 111 111 112 111 112 112 112 112 113 112 113 112 112 112 112 113 112 112
89 89 89 89 89 88 88 88 88 88 88 88 88 88 87 87 87 87 87 87 87 86 86 86 86 86 86 86 85 85 85 85 85 85 84 84 84 84 84 84 83 83 83 83 83 114 113 113 113 113 113 112 112 112 112 112 111 111 111 111 110 110 110 110 109 109 109 109 108 108 109 110 109 110 110 110 110 111 111 111 112 111 112 112 112 112 113 112 112 112 112 112 112 112 112 111
89 89 89 89 89 88 88 88 88 88 88 88 88 88 87 87 87 87 87 87 87 86 86 86 86 86 86 86 85 85 85 85 85 85 84 84 84 84 84 84 83 83 83 83 83 114 113 113 113 113 113 112 112 112 112 111 111 111 111 111 110 110 110 110 109 109 109 109 108 108 109 109 109 110 110 110 110 111 110 111 111 111 111 112 111 112 112 112 112 112 112 112 112 112 112 111
89 89 89 89 89 88 88 88 88 88 88 88 88 87 87 87 87 87 87 87 87 86 86 86 86 86 86 86 85 85 85 85 85 85 84 84 84 84 84 84 83 83 83 83 83 83 113 113 113 113 113 112 112 112 112 111 111 111 111 111 110 110 110 110 109 109 109 109 108 108 109 109 109 109 110 110 110 111 110 111 111 111 111 112 111 112 112 112 112 112 112 112 112 111 112 111
89 89 89 89 89 88 88 88 88 88 88 88 88 87 87 87 87 87 87 87 87 86 86 86 86 86 86 86 85 85 85 85 85 85 84 84 84 84 84 84 83 83 83 83 83 82 113 113 113 113 113 112 112 112 112 111 111 111 111 111 110 110 110 110 109 109 109 109 108 108 108 108 109 109 110 109 110 111 110 111 111 111 111 112 111 112 112 112 112 112 112 111 112 111 112 111
89 89 89 89 89 88 88 88 88 88 88 88 88 87 87 87 87 87 87 87 87 86 86 86 86 86 86 86 85 85 85 85 85 85 84 84 84 84 84 84 83 83 83 83 83 82 113 113 113 113 112 112 112 112 112 111 111 111 111 111 110 110 110 110 109 109 109 109 108 108 108 108 109 109 110 109 110 110 110 111 111 111 111 112 111 112 111 112 112 111 112 111 112 111 112 111
89 89 89 89 89 88 88 88 88 88 88 88 88 87 87 87 87 87 87 87 87 86 86 86 86 86 86 86 85 85 85 85 85 85 84 84 84 84 84 84 83 83 83 83 83 82 113 113 113 113 112 112 112 112 112 111 111 111 111 111 110 110 110 110 109 109 109 109 108 108 108 108 108 109 110 109 110 110 110 110 111 110 111 111 111 111 111 111 112 111 112 111 112 111 112 111
89 89 89 89 89 88 88 88 88 88 88 88 88 87 87 87 87 87 87 87 86 86 86 86 86 86 86 85 85 85 85 85 85 85 84 84 84 84 84 84 83 83 83 83 83 82 82 113 113 113 112 112 112 112 112 111 111 111 111 110 110 110 110 110 109 109 109 109 108 108 108 108 108 109 109 109 110 110 110 110 111 110 111 111 111 111 111 111 112 111 112 111 112 111 111 111
89 89 89 89 88 88 88 88 88 88 88 88 88 87 87 87 87 87 87 87 86 86 86 86 86 86 86 85 85 85 85 85 85 85 84 84 84 84 84 84 83 83 83 83 83 82 82 113 113 113 112 112 112 112 112 111 111 111 111 110 110 110 110 110 109 109 109 108 108 108 108 107 108 109 109 109 109 110 110 110 111 110 111 111 111 111 111 111 112 111 112 111 111 111 111 111
89 89 89 89 88 88 88 88 88 88 88 88 88 87 87 87 87 87 87 87 86 86 86 86 86 86 86 85 85 85 85 85 85 85 84 84 84 84 84 83 83 83 83 83 83 82 82 113 113 113 112 112 112 112 112 111 111 111 111 110 110 110 110 109 109 109 109 108 108 108 108 107 108 109 108 109 109 110 109 110 110 110 111 110 111 111 111 111 111 111 111 111 111 111 111 111
89 89 89 89 88 88 88 88 88 88 88 88 87 87 87 87 87 87 87 87 86 86 86 86 86 86 86 85 85 85 85 85 85 84 84 84 84 84 84 83 83 83 83 83 83 82 82 113 113 113 112 112 112 112 112 111 111 111 111 110 110 110 110 109 109 109 109 108 108 108 108 107 108 108 108 109 109 110 109 110 110 110 110 110 110 111 110 111 110 111 111 111 111 111 111 110
89 89 89 89 88 88 88 88 88 88 88 88 87 87 87 87 87 87 87 87 86 86 86 86 86 86 86 85 85 85 85 85 85 84 84 84 84 84 84 83 83 83 83 83 83 82 82 82 113 113 112 112 112 112 112 111 111 111 111 110 110 110 110 109 109 109 109 108 108 108 108 107 108 108 108 108 109 109 109 110 109 110 110 110 110 111 110 111 110 111 111 111 111 110 111 110
89 89 89 89 88 88 88 88 88 88 88 88 87 87 87 87 87 87 87 87 86 86 86 86 86 86 86 85 85 85 85 85 85 84 84 84 84 84 84 83 83 83 83 83 83 82 82 82 113 113 112 112 112 112 111 111 111 111 111 110 110 110 110 109 109 109 109 108 108 108 108 107 107 108 108 108 109 108 109 110 109 110 110 110 110 111 110 111 110 111 110 110 111 110 111 110
89 89 89 89 88 88 88 88 88 88 88 88 87 87 87 87 87 87 87 87 86 86 86 86 86 86 86 85 85 85 85 85 85 84 84 84 84 84 84 83 83 83 83 83 82 82 82 82 113 113 112 112 112 112 111 111 111 111 111 110 110 110 110 109 109 109 109 108 108 108 108 107 107 108 107 108 109 108 109 109 109 109 110 109 110 110 110 110 110 110 110 110 110 110 110 110
89 89 89 88 88 88 88 88 88 88 88 88 87 87 87 87 87 87 87 86 86 86 86 86 86 86 85 85 85 85 85 85 85 84 84 84 84 84 84 83 83 83 83 83 82 82 82 82 113 112 112 112 112 112 111 111 111 111 111 110 110 110 110 109 109 109 109 108 108 108 107 107 107 108 107 108 109 108 109 109 109 109 110 109 110 110 110 110 110 110 110 110 110 110 110 110
