testData/tiles/oneDegree/grid26.0-39.0-27.0-40.0.asc
ncols   200
nrows   200
xllcorner   26.0
yllcorner   39.0
cellsize   0.005
NODATA_value   -9999.0
[rows 0 to 41 of 200, columns 94 to 187 of 200]
317 317 317 317 317 317 317 317 317 317 317 317 317 317 317 317 317 317 317 317 317 317 317 317 317 317 317 317 317 317 317 417 417 417 417 417 417 417 417 417 417 417 417 417 417 417 417 417 417 417 417 417 417 417 417 417 417 418 418 418 418 419 419 419 420 420 420 421 421 421 422 423 423 423 424 424 424 425 425 425 426 426 426 426 428 428 428 429 429 429 430 431 431 431
317 317 317 317 317 317 317 317 317 317 317 317 317 317 317 317 317 317 317 317 317 317 317 317 317 317 317 317 317 317 317 417 417 417 417 417 417 417 417 417 417 417 417 417 417 417 417 417 417 417 417 417 417 417 417 417 417 418 418 418 418 419 419 419 420 420 420 421 421 421 423 423 423 423 424 424 424 425 425 425 426 426 426 426 428 428 428 429 429 429 430 431 431 432
317 317 317 317 317 317 317 317 317 317 317 317 317 317 317 317 317 317 317 317 317 317 317 317 317 317 317 317 317 317 317 317 417 417 417 417 417 417 417 417 417 417 417 417 417 417 417 417 417 417 417 417 417 417 417 417 417 418 418 418 419 419 419 419 420 420 420 421 421 421 423 423 423 423 424 424 424 425 425 425 426 426 426 427 428 428 428 429 429 429 430 431 297 298
317 317 317 317 317 317 317 317 317 317 317 317 317 317 317 317 317 317 317 317 317 317 317 317 317 317 317 317 317 317 317 317 417 417 417 417 417 417 417 417 417 417 417 417 417 417 417 417 417 417 417 417 417 417 417 417 417 418 418 418 419 419 419 419 420 420 420 421 421 421 423 423 423 424 424 424 424 425 425 425 426 426 426 427 428 428 428 295 295 295 296 297 297 298
317 317 317 317 317 317 317 317 317 317 317 317 317 317 317 317 317 317 317 317 317 317 317 317 317 317 317 317 317 317 317 317 317 417 417 417 417 417 417 417 417 417 417 417 417 417 417 417 417 417 417 417 417 417 417 417 417 418 418 418 419 419 419 420 420 420 420 421 421 421 422 423 423 424 424 424 424 425 425 425 426 292 292 293 294 294 295 295 295 295 296 297 297 298
317 317 317 317 317 317 317 317 317 317 317 317 317 317 317 317 317 317 317 317 317 317 317 317 317 317 317 317 317 317 317 317 317 417 417 417 417 417 417 417 417 417 417 417 417 417 417 417 417 417 417 417 417 417 417 417 417 418 418 418 419 419 419 420 420 420 420 421 421 421 422 423 423 424 424 290 291 291 291 291 292 292 292 293 294 294 295 295 295 295 296 297 297 298
317 317 317 317 317 317 317 317 317 317 317 317 317 317 317 317 317 317 317 317 317 317 317 317 317 317 317 317 317 317 317 317 317 317 417 417 417 417 417 417 417 417 417 417 417 417 417 417 417 417 417 417 417 417 417 417 417 418 418 418 419 419 419 420 420 420 421 421 287 287 288 289 289 290 290 290 291 291 291 291 292 292 292 293 293 294 295 295 295 296 296 296 297 298
317 317 317 317 317 317 317 317 317 317 317 317 317 317 317 317 317 317 317 317 317 317 317 317 317 317 317 317 317 317 317 317 317 317 417 417 417 417 417 417 417 417 417 417 417 417 417 417 417 417 417 417 417 417 417 417 417 418 418 418 419 285 285 286 286 286 287 287 287 287 288 289 289 290 290 290 291 291 291 292 292 292 292 293 293 294 295 295 295 296 296 296 297 298
317 317 317 317 317 317 317 317 317 317 317 317 317 317 317 317 317 317 317 317 317 317 317 317 317 317 317 317 317 317 317 317 317 317 417 417 417 417 417 417 417 417 417 417 417 417 417 417 417 417 417 417 417 283 283 283 284 284 284 284 285 285 285 286 286 286 287 287 287 288 288 289 289 290 290 290 291 291 291 292 292 292 292 293 293 294 295 295 295 296 296 296 298 298
317 317 317 317 317 317 317 317 317 317 317 317 317 317 317 317 317 317 317 317 317 317 317 317 317 317 317 317 317 317 317 317 317 317 317 417 417 417 417 417 417 417 417 283 283 283 283 283 283 283 283 283 283 283 283 283 284 284 284 284 285 285 285 286 286 286 287 287 287 288 288 289 289 290 290 290 291 291 291 292 292 292 293 293 293 294 295 295 295 296 296 296 298 298
317 317 317 317 317 317 317 317 317 317 317 317 317 317 317 317 317 317 317 317 317 317 317 317 317 317 317 317 317 317 183 183 183 183 183 283 283 283 283 283 283 283 283 283 283 283 283 283 283 283 283 283 283 283 283 283 284 284 284 285 285 285 285 286 286 286 287 287 287 288 288 289 289 290 290 290 291 291 291 292 292 292 293 293 293 294 295 295 295 296 296 296 298 298
183 183 183 183 183 183 183 183 183 183 183 183 183 183 183 183 183 183 183 183 183 183 183 183 183 183 183 183 183 183 183 183 183 183 183 183 283 283 283 283 283 283 283 283 283 283 283 283 283 283 283 283 283 283 283 283 284 284 284 285 285 285 285 286 286 286 287 287 287 288 288 289 290 290 290 290 291 291 291 292 292 292 293 293 293 295 295 295 295 296 296 296 298 298
183 183 183 183 183 183 183 183 183 183 183 183 183 183 183 183 183 183 183 183 183 183 183 183 183 183 183 183 183 183 183 183 183 183 183 183 283 283 283 283 283 283 283 283 283 283 283 283 283 283 283 283 283 283 283 283 284 284 284 285 285 285 285 286 286 286 287 287 287 288 288 289 290 290 290 290 291 291 291 292 292 292 293 293 293 295 295 295 295 296 296 296 298 298
183 183 183 183 183 183 183 183 183 183 183 183 183 183 183 183 183 183 183 183 183 183 183 183 183 183 183 183 183 183 183 183 183 183 183 183 183 283 283 283 283 283 283 283 283 283 283 283 283 283 283 283 283 283 283 283 284 284 284 285 285 285 286 286 286 286 287 287 287 288 288 289 290 290 290 291 291 291 291 292 292 292 293 293 293 295 295 295 295 296 296 296 298 298
183 183 183 183 183 183 183 183 183 183 183 183 183 183 183 183 183 183 183 183 183 183 183 183 183 183 183 183 183 183 183 183 183 183 183 183 183 283 283 283 283 283 283 283 283 283 283 283 283 283 283 283 283 283 283 283 284 284 284 285 285 285 286 286 286 286 287 287 287 288 288 289 290 290 290 291 291 291 291 292 292 292 293 293 293 295 295 295 296 296 296 296 298 298
183 183 183 183 183 183 183 183 183 183 183 183 183 183 183 183 183 183 183 183 183 183 183 183 183 183 183 183 183 183 183 183 183 183 183 183 183 183 283 283 283 283 283 283 283 283 283 283 283 283 283 283 283 283 283 283 284 284 284 285 285 285 286 286 286 287 287 287 287 288 288 289 290 290 290 291 291 291 291 292 292 292 293 293 293 295 295 295 296 296 296 296 298 298
183 183 183 183 183 183 183 183 183 183 183 183 183 183 183 183 183 183 183 183 183 183 183 183 183 183 183 183 183 183 183 183 183 183 183 183 183 183 283 283 283 283 283 283 283 283 283 283 283 283 283 283 283 283 283 283 284 284 284 285 285 285 286 286 286 287 287 287 287 288 288 289 290 290 290 291 291 291 292 292 292 292 293 293 293 295 295 295 296 296 296 297 298 298
183 183 183 183 183 183 183 183 183 183 183 183 183 183 183 183 183 183 183 183 183 183 183 183 183 183 183 183 183 183 183 183 183 183 183 183 183 183 183 283 283 283 283 283 283 283 283 283 283 283 283 283 283 283 283 283 284 284 284 285 285 285 286 286 286 287 287 287 287 288 288 288 290 290 290 291 291 291 292 292 292 292 293 293 293 295 295 295 296 296 296 297 298 298
183 183 183 183 183 183 183 183 183 183 183 183 183 183 183 183 183 183 183 183 183 183 183 183 183 183 183 183 183 183 183 183 183 183 183 183 183 183 183 283 283 283 283 283 283 283 283 283 283 283 283 283 283 283 283 284 284 284 284 285 285 285 286 286 286 287 287 287 288 288 288 288 290 290 290 291 291 291 292 292 292 292 293 293 293 294 295 295 296 296 296 297 297 298
183 183 183 183 183 183 183 183 183 183 183 183 183 183 183 183 183 183 183 183 183 183 183 183 183 183 183 183 183 183 183 183 183 183 183 183 183 183 183 183 283 283 283 283 283 283 283 283 283 283 283 283 283 283 283 284 284 284 284 285 285 285 286 286 286 287 287 287 288 288 288 288 290 290 290 291 291 291 292 292 292 293 293 293 293 294 295 295 296 296 296 297 297 298
183 183 183 183 183 183 183 183 183 183 183 183 183 183 183 183 183 183 183 183 183 183 183 183 183 183 183 183 183 183 183 183 183 183 183 183 183 183 183 183 283 283 283 283 283 283 283 283 283 283 283 283 283 283 283 284 284 284 284 285 285 285 286 286 286 287 287 287 288 288 288 288 290 290 290 291 291 291 292 292 292 293 293 293 293 294 295 295 296 296 296 297 297 298
183 183 183 183 183 183 183 183 183 183 183 183 183 183 183 183 183 183 183 183 183 183 183 183 183 183 183 183 183 183 183 183 183 183 183 183 183 183 183 183 183 283 283 283 283 283 283 283 283 283 283 283 283 283 283 284 284 284 284 285 285 285 286 286 286 287 287 287 288 288 288 288 290 290 290 291 291 291 292 292 292 293 293 293 293 294 295 295 296 296 296 297 297 298
183 183 183 183 183 183 183 183 183 183 183 183 183 183 183 183 183 183 183 183 183 183 183 183 183 183 183 183 183 183 183 183 183 183 183 183 183 183 183 183 183 283 283 283 283 283 283 283 283 283 283 283 283 283 283 284 284 284 285 285 285 285 286 286 286 287 287 287 288 288 288 289 290 290 290 291 291 291 292 292 292 293 293 293 294 294 295 295 296 296 296 297 297 298
183 183 183 183 183 183 183 183 183 183 183 183 183 183 183 183 183 183 183 183 183 183 183 183 183 183 183 183 183 183 183 183 183 183 183 183 183 183 183 183 183 183 283 283 283 283 283 283 283 283 283 283 283 283 283 284 284 284 285 285 285 285 286 286 286 287 287 287 288 288 288 289 290 290 290 291 291 291 292 292 292 293 293 293 294 294 295 295 296 296 296 297 297 298
183 183 183 183 183 183 183 183 183 183 183 183 183 183 183 183 183 183 183 183 183 183 183 183 183 183 183 183 183 183 183 183 183 183 183 183 183 183 183 183 183 183 283 283 283 283 283 283 283 283 283 283 283 283 283 284 284 284 285 285 285 285 286 286 286 287 287 287 288 288 288 289 290 290 290 291 291 291 292 292 292 293 293 293 294 294 295 295 296 296 296 297 297 298
183 183 183 183 183 183 183 183 183 183 183 183 183 183 183 183 183 183 183 183 183 183 183 183 183 183 183 183 183 183 183 183 183 183 183 183 183 183 183 183 183 183 183 283 283 283 283 283 283 283 283 283 283 283 283 284 284 284 285 285 285 285 286 286 286 287 287 287 288 288 288 289 290 290 290 291 291 291 292 292 292 293 293 293 294 294 295 295 296 296 296 297 297 298
183 183 183 183 183 183 183 183 183 183 183 183 183 183 183 183 183 183 183 183 183 183 183 183 183 183 183 183 183 183 183 183 183 183 183 183 183 183 183 183 183 183 183 283 283 283 283 283 283 283 283 283 283 283 283 284 284 284 285 285 285 286 286 286 286 287 287 287 288 288 288 289 290 290 290 291 291 291 292 292 292 293 293 293 294 294 295 295 296 296 296 297 297 298
183 183 183 183 183 183 183 183 183 183 183 183 183 183 183 183 183 183 183 183 183 183 183 183 183 183 183 183 183 183 183 183 183 183 183 183 183 183 183 183 183 183 183 183 283 283 283 283 283 283 283 283 283 283 283 284 284 284 285 285 285 286 286 286 286 287 287 287 288 288 288 289 289 290 291 291 291 291 292 292 292 293 293 293 294 294 294 296 296 296 296 297 297 297
183 183 183 183 183 183 183 183 183 183 183 183 183 183 183 183 183 183 183 183 183 183 183 183 183 183 183 183 183 183 183 183 183 183 183 183 183 183 183 183 183 183 183 183 283 283 283 283 283 283 283 283 283 283 283 284 284 284 285 285 285 286 286 286 286 287 287 287 288 288 288 289 289 290 291 291 291 291 292 292 292 293 293 293 294 294 294 296 296 296 296 297 297 297
183 183 183 183 183 183 183 183 183 183 183 183 183 183 183 183 183 183 183 183 183 183 183 183 183 183 183 183 183 183 183 183 183 183 183 183 183 183 183 183 183 183 183 183 183 283 283 283 283 283 283 283 283 283 283 284 284 284 285 285 285 286 286 286 286 287 287 287 288 288 288 289 289 290 291 291 291 291 292 292 292 293 293 293 294 294 294 296 296 296 296 297 297 297
183 183 183 183 183 183 183 183 183 183 183 183 183 183 183 183 183 183 183 183 183 183 183 183 183 183 183 183 183 183 183 183 183 183 183 183 183 183 183 183 183 183 183 183 183 283 283 283 283 283 283 283 283 283 283 284 284 284 285 285 285 286 286 286 286 287 287 287 288 288 288 289 289 290 291 291 291 291 292 292 292 293 293 293 294 294 294 296 296 296 296 297 297 297
183 183 183 183 183 183 183 183 183 183 183 183 183 183 183 183 183 183 183 183 183 183 183 183 183 183 183 183 183 183 183 183 183 183 183 183 183 183 183 183 183 183 183 183 183 183 283 283 283 283 283 283 283 283 283 284 284 284 285 285 285 286 286 286 286 287 287 287 288 288 288 289 289 290 291 291 291 291 292 292 292 293 293 293 294 294 294 296 296 296 296 297 297 297
183 183 183 183 183 183 183 183 183 183 183 183 183 183 183 183 183 183 183 183 183 183 183 183 183 183 183 183 183 183 183 183 183 183 183 183 183 183 183 183 183 183 183 183 183 183 283 283 283 283 283 283 283 283 283 284 284 284 285 285 285 286 286 286 286 287 287 287 288 288 288 289 289 290 291 291 291 291 292 292 292 293 293 293 294 294 294 296 296 296 296 297 297 297
183 183 183 183 183 183 183 183 183 183 183 183 183 183 183 183 183 183 183 183 183 183 183 183 183 183 183 183 183 183 183 183 183 183 183 183 183 183 183 183 183 183 183 183 183 183 183 283 283 283 283 283 283 283 283 284 284 284 285 285 285 286 286 286 286 287 287 287 288 288 288 289 289 290 291 291 291 291 292 292 292 293 293 293 294 294 294 296 296 296 296 297 297 297
183 183 183 183 183 183 183 183 183 183 183 183 183 183 183 183 183 183 183 183 183 183 183 183 183 183 183 183 183 183 183 183 183 183 183 183 183 183 183 183 183 183 183 183 183 183 183 283 283 283 283 283 283 283 283 284 284 284 285 285 285 286 286 286 286 287 287 287 288 288 288 289 289 290 291 291 291 291 292 292 292 293 293 293 294 294 294 296 296 296 296 297 297 297
183 183 183 183 183 183 183 183 183 183 183 183 183 183 183 183 183 183 183 183 183 183 183 183 183 183 183 183 183 183 183 183 183 183 183 183 183 183 183 183 183 183 183 183 183 183 183 183 283 283 283 283 283 283 283 284 284 284 285 285 285 286 286 286 286 287 287 287 288 288 288 289 289 289 291 291 291 291 292 292 292 293 293 293 294 294 294 295 296 296 296 297 297 297
183 183 183 183 183 183 183 183 183 183 183 183 183 183 183 183 183 183 183 183 183 183 183 183 183 183 183 183 183 183 183 183 183 183 183 183 183 183 183 183 183 183 183 183 183 183 183 183 283 283 283 283 283 283 283 284 284 284 285 285 285 286 286 286 286 287 287 287 288 288 288 289 289 289 291 291 291 291 292 292 292 293 293 293 294 294 294 295 296 296 296 297 297 297
183 183 183 183 183 183 183 183 183 183 183 183 183 183 183 183 183 183 183 183 183 183 183 183 183 183 183 183 183 183 183 183 183 183 183 183 183 183 183 183 183 183 183 183 183 183 183 183 183 283 283 283 283 283 283 284 284 284 285 285 285 286 286 286 287 287 287 287 288 288 288 289 289 289 291 291 291 292 292 292 292 293 293 293 294 294 294 295 296 296 297 297 297 297
183 183 183 183 183 183 183 183 183 183 183 183 183 183 183 183 183 183 183 183 183 183 183 183 183 183 183 183 183 183 183 183 183 183 183 183 183 183 183 183 183 183 183 183 183 183 183 183 183 183 283 283 283 283 283 284 284 284 285 285 285 286 286 286 286 287 287 287 288 288 288 289 289 289 291 291 291 291 292 292 292 293 293 293 294 294 294 295 296 296 296 297 297 297
183 183 183 183 183 183 183 183 183 183 183 183 183 183 183 183 183 183 183 183 183 183 183 183 183 183 183 183 183 183 183 183 183 183 183 183 183 183 183 183 183 183 183 183 183 183 183 183 183 183 283 283 283 283 283 284 284 284 285 285 285 286 286 286 286 287 287 287 288 288 288 289 289 289 291 291 291 291 292 292 292 293 293 293 294 294 294 295 296 296 296 297 297 297
183 183 183 183 183 183 183 183 183 183 183 183 183 183 183 183 183 183 183 183 183 183 183 183 183 183 183 183 183 183 183 183 183 183 183 183 183 183 183 183 183 183 183 183 183 183 183 183 183 183 183 283 283 283 283 284 284 284 285 285 285 286 286 286 286 287 287 287 288 288 288 289 289 289 291 291 291 291 292 292 292 293 293 293 294 294 294 295 296 296 296 297 297 297
183 183 183 183 183 183 183 183 183 183 183 183 183 183 183 183 183 183 183 183 183 183 183 183 183 183 183 183 183 183 183 183 183 183 183 183 183 183 183 183 183 183 183 183 183 183 183 183 183 183 183 283 283 283 283 284 284 284 285 285 285 286 286 286 286 287 287 287 288 288 288 289 289 289 291 291 291 291 292 292 292 293 293 293 294 294 294 295 296 296 296 297 297 297
