testData/tiles/oneDegree/grid27.0-26.0-28.0-27.0.asc
ncols   200
nrows   200
xllcorner   27.0
yllcorner   26.0
cellsize   0.005
NODATA_value   -9999.0
[rows 84 to 125 of 200, columns 0 to 93 of 200]
299 299 299 299 299 299 299 299 299 299 299 84 84 84 84 84 84 84 84 0 0 0 0 0 0 0 0 0 0 0 0 0 142 142 142 142 142 142 142 142 142 142 142 142 142 142 142 142 142 142 142 142 142 142 142 142 142 142 142 142 142 142 142 142 142 142 142 142 142 142 142 142 142 142 142 142 142 142 142 142 142 142 142 142 142 167 167 167 167 170 173 175 177 179
299 299 299 299 299 299 299 299 299 299 299 299 84 84 84 84 84 84 84 0 0 0 0 0 0 0 0 0 0 0 0 0 142 142 142 142 142 142 142 142 142 142 142 142 142 142 142 142 142 142 142 142 142 142 142 142 142 142 142 142 142 142 142 142 142 142 142 142 142 142 142 142 142 142 142 142 142 142 142 142 142 142 142 142 142 167 167 167 167 170 173 175 177 180
299 299 299 299 299 299 299 299 299 299 299 299 299 84 84 84 84 84 84 84 0 0 0 0 0 0 0 0 0 0 0 142 142 142 142 142 142 142 142 142 142 142 142 142 142 142 142 142 142 142 142 142 142 142 142 142 142 142 142 142 142 142 142 142 142 142 142 142 142 142 142 142 142 142 142 142 142 142 142 142 142 142 142 142 142 167 167 167 167 170 173 175 177 180
299 299 299 299 299 299 299 299 299 299 299 299 299 84 84 84 84 84 84 84 0 0 0 0 0 0 0 0 0 0 0 142 142 142 142 142 142 142 142 142 142 142 142 142 142 142 142 142 142 142 142 142 142 142 142 142 142 142 142 142 142 142 142 142 142 142 142 142 142 142 142 142 142 142 142 142 142 142 142 142 142 142 142 142 142 167 167 167 167 170 173 175 177 180
299 299 299 299 299 299 299 299 299 299 299 299 299 299 84 84 84 84 84 84 0 0 0 0 0 0 0 0 0 0 142 142 142 142 142 142 142 142 142 142 142 142 142 142 142 142 142 142 142 142 142 142 142 142 142 142 142 142 142 142 142 142 142 142 142 142 142 142 142 142 142 142 142 142 142 142 142 142 142 142 142 142 142 142 142 167 167 167 167 170 173 175 177 180
300 299 299 299 299 299 299 299 299 299 299 299 299 299 299 84 84 84 84 84 0 0 0 0 0 0 0 0 0 0 142 142 142 142 142 142 142 142 142 142 142 142 142 142 142 142 142 142 142 142 142 142 142 142 142 142 142 142 142 142 142 142 142 142 142 142 142 142 142 142 142 142 142 142 142 142 142 142 142 142 142 142 142 142 142 167 167 167 167 170 173 175 177 180
300 299 299 299 299 299 299 299 299 299 299 299 299 299 299 84 84 84 84 84 0 0 0 0 0 0 0 0 0 142 142 142 142 142 142 142 142 142 142 142 142 142 142 142 142 142 142 142 142 142 142 142 142 142 142 142 142 142 142 142 142 142 142 142 142 142 142 142 142 142 142 142 142 142 142 142 142 142 142 142 142 142 142 142 142 167 167 167 167 170 173 175 177 180
300 299 299 299 299 299 299 299 299 299 299 299 299 299 299 299 84 84 84 84 0 0 0 0 0 0 0 0 0 142 142 142 142 142 142 142 142 142 142 142 142 142 142 142 142 142 142 142 142 142 142 142 142 142 142 142 142 142 142 142 142 142 142 142 142 142 142 142 142 142 142 142 142 142 142 142 142 142 142 142 142 142 142 142 167 167 167 167 167 170 173 175 177 180
300 299 299 299 299 299 299 299 299 299 299 299 299 299 299 299 84 84 84 84 0 0 0 0 0 0 0 0 142 142 142 142 142 142 142 142 142 142 142 142 142 142 142 142 142 142 142 142 142 142 142 142 142 142 142 142 142 142 142 142 142 142 142 142 142 142 142 142 142 142 142 142 142 142 142 142 142 142 142 142 142 142 142 142 142 167 167 167 167 170 173 175 177 180
301 299 299 299 299 299 299 299 299 299 299 299 299 299 299 299 299 84 84 84 0 0 0 0 0 0 0 0 142 142 142 142 142 142 142 142 142 142 142 142 142 142 142 142 142 142 142 142 142 142 142 142 142 142 142 142 142 142 142 142 142 142 142 142 142 142 142 142 142 142 142 142 142 142 142 142 142 142 142 142 142 142 142 142 142 167 167 167 167 170 173 175 177 180
301 299 299 299 299 299 299 299 299 299 299 299 299 299 299 299 299 84 84 84 0 0 0 0 0 0 0 0 142 142 142 142 142 142 142 142 142 142 142 142 142 142 142 142 142 142 142 142 142 142 142 142 142 142 142 142 142 142 142 142 142 142 142 142 142 142 142 142 142 142 142 142 142 142 142 142 142 142 142 142 142 142 142 142 142 167 167 167 167 170 173 175 177 180
301 299 299 299 299 299 299 299 299 299 299 299 299 299 299 299 299 299 84 84 84 0 0 0 0 0 0 142 142 142 142 142 142 142 142 142 142 142 142 142 142 142 142 142 142 142 142 142 142 142 142 142 142 142 142 142 142 142 142 142 142 142 142 142 142 142 142 142 142 142 142 142 142 142 142 142 142 142 142 142 142 142 142 142 142 167 167 167 167 170 173 175 177 180
302 300 299 299 299 299 299 299 299 299 299 299 299 299 299 299 299 299 299 84 84 0 0 0 0 0 0 142 142 142 142 142 142 142 142 142 142 142 142 142 142 142 142 142 142 142 142 142 142 142 142 142 142 142 142 142 142 142 142 142 142 142 142 142 142 142 142 142 142 142 142 142 142 142 142 142 142 142 142 142 142 142 142 142 142 167 167 167 167 170 173 175 177 180
302 300 299 299 299 299 299 299 299 299 299 299 299 299 299 299 299 299 299 84 84 0 0 0 0 0 142 142 142 142 142 142 142 142 142 142 142 142 142 142 142 142 142 142 142 142 142 142 142 142 142 142 142 142 142 142 142 142 142 142 142 142 142 142 142 142 142 142 142 142 142 142 142 142 142 142 142 142 142 142 142 142 142 142 142 167 167 167 167 170 173 175 177 180
302 300 299 299 299 299 299 299 299 299 299 299 299 299 299 299 299 299 299 299 84 0 0 0 0 0 142 142 142 142 142 142 142 142 142 142 142 142 142 142 142 142 142 142 142 142 142 142 142 142 142 142 142 142 142 142 142 142 142 142 142 142 142 142 142 142 142 142 142 142 142 142 142 142 142 142 142 142 142 142 142 142 142 142 142 167 167 167 167 170 173 175 177 179
302 301 299 299 299 299 299 299 299 299 299 299 299 299 299 299 299 299 299 299 84 0 0 0 0 142 142 142 142 142 142 142 142 142 142 142 142 142 142 142 142 142 142 142 142 142 142 142 142 142 142 142 142 142 142 142 142 142 142 142 142 142 142 142 142 142 142 142 142 142 142 142 142 142 142 142 142 142 142 142 142 142 142 142 142 167 167 167 167 170 173 175 177 179
303 301 299 299 299 299 299 299 299 299 299 299 299 299 299 299 299 299 299 299 299 0 0 0 0 142 142 142 142 142 142 142 142 142 142 142 142 142 142 142 142 142 142 142 142 142 142 142 142 142 142 142 142 142 142 142 142 142 142 142 142 142 142 142 142 142 142 142 142 142 142 142 142 142 142 142 142 142 142 142 142 142 142 142 142 167 167 167 167 170 173 175 177 179
303 301 299 299 299 299 299 299 299 299 299 299 299 299 299 299 299 299 299 299 299 0 0 0 142 142 142 142 142 142 142 142 142 142 142 142 142 142 142 142 142 142 142 142 142 142 142 142 142 142 142 142 142 142 142 142 142 142 142 142 142 142 142 142 142 142 142 142 142 142 142 142 142 142 142 142 142 142 142 142 142 142 142 142 142 167 167 167 285 288 291 293 295 297
303 301 299 299 299 299 299 299 299 299 299 299 299 299 299 299 299 299 299 299 299 215 0 0 142 142 142 142 142 142 142 142 142 142 142 142 142 142 142 142 142 142 142 142 142 142 142 142 142 142 142 142 142 142 142 142 142 142 142 142 142 142 142 142 142 142 142 142 142 142 142 142 142 142 142 142 260 260 260 260 260 260 260 260 260 285 285 285 285 288 291 293 295 297
303 302 300 299 299 299 299 299 299 299 299 299 299 299 299 299 299 299 299 299 299 215 0 0 142 142 142 142 142 142 142 142 142 142 142 142 142 142 142 142 142 142 142 142 142 142 142 142 142 142 142 142 142 142 142 142 142 142 142 142 142 142 142 142 142 142 142 260 260 260 260 260 260 260 260 260 260 260 260 260 260 260 260 260 260 285 285 285 285 288 291 293 295 297
304 302 300 299 299 299 299 299 299 299 299 299 299 299 299 299 299 299 299 299 299 299 215 142 142 142 142 142 142 142 142 142 142 142 142 142 142 142 142 142 142 142 142 142 142 142 142 142 142 142 142 142 142 142 142 142 142 142 142 142 260 260 260 260 260 260 260 260 260 260 260 260 260 260 260 260 260 260 260 260 260 260 260 260 260 285 285 285 285 288 291 293 295 297
304 302 300 299 299 299 299 299 299 299 299 299 299 299 299 299 299 299 299 299 299 299 215 357 142 142 142 142 142 142 142 142 142 142 142 142 142 142 142 142 142 142 142 142 142 142 142 142 142 142 142 142 142 260 260 260 260 260 260 260 260 260 260 260 260 260 260 260 260 260 260 260 260 260 260 260 260 260 260 260 260 260 260 260 260 285 285 285 285 288 291 293 295 297
304 302 300 299 299 299 299 299 299 299 299 299 299 299 299 299 299 299 299 299 299 299 357 357 142 142 142 142 142 142 142 142 142 142 142 142 142 142 142 142 142 142 142 142 142 142 142 142 260 260 260 260 260 260 260 260 260 260 260 260 260 260 260 260 260 260 260 260 260 260 260 260 260 260 260 260 260 260 260 260 260 260 260 260 260 285 285 285 285 288 291 293 295 297
304 303 301 299 299 299 299 299 299 299 299 299 299 299 299 299 299 299 299 299 299 299 357 357 357 142 142 142 142 142 142 142 142 142 142 142 142 142 142 142 142 142 260 260 260 260 260 260 260 260 260 260 260 260 260 260 260 260 260 260 260 260 260 260 260 260 260 260 260 260 260 260 260 260 260 260 260 260 260 260 260 260 260 260 260 285 285 285 285 288 291 293 295 297
305 303 301 299 299 299 299 299 299 299 299 299 299 299 299 299 299 299 299 299 299 299 357 357 357 142 142 142 142 142 142 142 142 142 142 142 142 260 260 260 260 260 260 260 260 260 260 260 260 260 260 260 260 260 260 260 260 260 260 260 260 260 260 260 260 260 260 260 260 260 260 260 260 260 260 260 260 260 260 260 260 260 260 260 260 285 285 285 285 288 291 293 295 297
305 303 301 299 299 299 299 299 299 299 299 299 299 299 299 299 299 299 299 299 299 441 357 357 357 357 142 142 142 142 142 142 142 260 260 260 260 260 260 260 260 260 260 260 260 260 260 260 260 260 260 260 260 260 260 260 260 260 260 260 260 260 260 260 260 260 260 260 260 260 260 260 260 260 260 260 260 260 260 260 260 260 260 260 260 285 285 285 285 288 291 293 295 297
309 303 301 300 299 299 299 299 299 299 299 299 299 299 299 299 299 299 299 299 299 441 357 357 357 357 142 142 260 260 260 260 260 260 260 260 260 260 260 260 260 260 260 260 260 260 260 260 260 260 260 260 260 260 260 260 260 260 260 260 260 260 260 260 260 260 260 260 260 260 260 260 260 260 260 260 260 260 260 260 260 260 260 260 260 285 285 285 285 288 290 293 295 297
318 316 313 309 305 303 299 299 299 299 299 299 299 299 299 299 299 299 299 299 299 441 357 357 475 475 475 260 260 260 260 260 260 260 260 260 260 260 260 260 260 260 260 260 260 260 260 260 260 260 260 260 260 260 260 260 260 260 260 260 260 260 260 260 260 260 260 260 260 260 260 260 260 260 260 260 260 260 260 260 260 260 260 260 260 285 285 285 285 288 290 293 295 297
325 322 319 315 313 312 310 309 307 304 299 299 299 299 299 299 299 299 299 299 559 559 475 475 475 475 475 260 260 260 260 260 260 260 260 260 260 260 260 260 260 260 260 260 260 260 260 260 260 260 260 260 260 260 260 260 260 260 260 260 260 260 260 260 260 260 260 260 260 260 260 260 260 260 260 260 260 260 260 260 260 260 260 260 260 285 285 285 285 288 290 293 295 297
329 326 323 320 318 317 316 315 314 313 311 309 307 305 299 299 417 417 417 417 559 559 475 475 475 475 475 475 260 260 260 260 260 260 260 260 260 260 260 260 260 260 260 260 260 260 260 260 260 260 260 260 260 260 260 260 260 260 260 260 260 260 260 260 260 260 260 260 260 260 260 260 260 260 260 260 260 260 260 260 260 260 260 260 260 285 285 285 285 288 290 293 295 297
332 329 327 324 322 321 320 320 319 318 317 315 432 431 429 428 426 423 421 559 559 559 559 475 475 475 475 475 260 260 260 260 260 260 260 260 260 260 260 260 260 260 260 260 260 260 260 260 260 260 260 260 260 260 260 260 260 260 260 260 260 260 260 260 260 260 260 260 260 260 260 260 260 260 260 260 260 260 260 260 260 260 260 260 260 285 285 285 285 288 290 293 295 297
335 332 331 328 325 325 324 323 322 440 439 438 437 436 435 434 432 431 430 570 568 565 559 475 475 475 475 475 475 260 260 260 260 260 260 260 260 260 260 260 260 260 260 260 260 260 260 260 260 260 260 260 260 260 260 260 260 260 260 260 260 260 260 260 260 260 260 260 260 260 260 260 260 260 260 260 260 260 260 260 260 260 260 260 260 285 285 285 285 288 290 293 295 297
338 336 334 331 328 446 445 444 444 443 442 441 441 440 439 438 437 436 435 576 574 573 571 486 483 480 475 475 475 260 260 260 260 260 260 260 260 260 260 260 260 260 260 260 260 260 260 260 260 260 260 260 260 260 260 260 260 260 260 260 260 260 260 260 260 260 260 260 260 260 260 260 260 260 260 260 260 260 260 260 260 260 260 260 260 285 285 285 285 288 290 293 295 297
341 339 454 452 449 448 448 447 447 446 445 445 444 443 442 442 441 440 581 580 579 578 577 492 490 489 487 485 483 479 260 260 260 260 260 260 260 260 260 260 260 260 260 260 260 260 260 260 260 260 260 260 260 260 260 260 260 260 260 260 260 260 260 260 260 260 260 260 260 260 260 260 260 260 260 260 260 260 260 260 260 260 260 260 260 285 285 285 285 288 290 293 295 297
462 459 457 454 452 451 450 450 449 449 448 447 447 446 445 445 444 443 584 584 583 582 581 496 495 494 493 491 490 488 271 269 267 264 260 260 260 260 260 260 260 260 260 260 260 260 260 260 260 260 260 260 260 260 260 260 260 260 260 260 260 260 260 260 260 260 260 260 260 260 260 260 260 260 260 260 260 260 260 260 260 260 260 260 260 285 285 285 285 287 290 293 295 297
464 461 460 457 455 453 453 452 452 451 451 450 449 449 448 448 447 446 587 587 586 585 584 499 499 498 497 496 495 493 492 276 274 272 271 268 265 260 260 260 260 260 260 260 260 260 260 260 260 260 260 260 260 260 260 260 260 260 260 260 260 260 260 260 260 260 260 260 260 260 260 260 260 260 260 260 260 260 260 260 260 260 260 260 260 285 285 285 285 287 290 293 295 297
466 464 462 459 457 455 455 455 454 453 453 452 452 451 451 450 449 591 590 589 589 588 587 503 502 501 500 499 498 497 496 280 279 278 276 275 273 271 269 266 260 260 260 260 260 260 260 260 260 260 260 260 260 260 260 260 260 260 260 260 260 260 260 260 260 260 260 260 260 260 260 260 260 260 260 260 260 260 260 260 260 260 260 260 260 285 285 285 285 287 290 293 295 297
469 466 464 461 459 458 457 457 456 456 455 455 454 454 453 452 452 593 593 592 591 591 590 505 505 504 503 502 502 501 500 284 283 282 281 280 278 277 276 274 272 270 267 264 260 260 260 260 260 260 260 260 260 260 260 260 260 260 260 260 260 260 260 260 260 260 260 260 260 260 260 260 260 260 260 260 260 260 260 260 260 260 260 260 260 285 285 285 285 287 290 293 295 297
471 468 466 463 461 460 459 459 458 458 457 457 456 456 455 455 454 596 595 594 594 593 593 508 507 507 506 505 504 504 503 502 286 285 284 283 282 281 280 279 277 276 274 273 271 268 264 260 260 260 260 260 260 260 260 260 260 260 260 260 260 260 260 260 260 260 260 260 260 260 260 260 260 260 260 260 260 260 260 260 260 260 260 260 260 285 285 285 285 287 290 292 295 297
472 470 468 466 464 461 461 461 460 460 459 459 458 458 457 457 598 598 597 597 596 595 595 510 510 509 508 508 507 506 506 505 289 288 287 287 286 285 284 283 282 280 279 278 276 275 273 271 268 265 260 260 260 260 260 260 260 260 260 260 260 260 260 260 260 260 260 260 260 260 260 260 260 260 260 260 260 260 260 260 260 260 260 260 260 285 285 285 285 287 290 292 295 297
474 472 470 468 466 463 463 462 462 461 461 461 460 460 459 459 600 600 599 599 598 598 597 512 512 511 511 510 509 509 508 507 507 291 290 289 289 288 287 286 285 284 283 282 281 279 278 277 275 273 271 269 265 260 260 260 260 260 260 260 260 260 260 260 260 260 260 260 260 260 260 260 260 260 260 260 260 260 260 260 260 260 260 260 260 285 285 285 285 287 290 292 295 297
476 474 472 470 467 465 464 464 464 463 463 462 462 461 461 461 602 602 601 601 600 600 599 599 514 513 513 512 512 511 510 510 509 293 293 292 291 290 290 289 288 287 286 285 284 283 282 281 280 278 277 275 273 271 269 265 260 260 260 260 260 260 260 260 260 260 260 260 260 260 260 260 260 260 260 260 260 260 260 260 260 260 260 260 260 285 285 285 285 287 290 292 295 297
