testData/tiles/oneDegree/grid24.0-23.0-25.0-24.0.asc
ncols   200
nrows   200
xllcorner   24.0
yllcorner   23.0
cellsize   0.005
NODATA_value   -9999.0
[rows 0 to 41 of 200, columns 94 to 187 of 200]
419 419 419 420 420 420 421 420 341 341 342 342 342 343 343 342 343 343 343 343 344 344 343 344 344 344 345 345 345 344 345 345 345 346 346 346 346 346 346 346 347 347 347 348 348 348 349 349 349 349 350 350 350 351 351 351 351 352 352 352 353 353 353 353 354 354 354 354 355 355 355 354 354 354 354 353 353 353 353 352 352 352 351 351 351 351 350 350 342 341 341 341 341 340
419 419 419 420 420 419 420 420 420 420 421 342 341 342 342 342 343 343 343 343 343 343 343 344 344 344 345 344 344 344 345 345 345 346 345 345 346 346 346 346 347 347 347 348 348 348 349 349 349 349 350 350 350 351 351 351 352 352 352 352 353 353 353 354 354 354 354 355 355 355 355 355 354 354 354 354 353 353 353 352 352 352 352 351 351 351 342 342 342 341 341 341 341 340
419 419 418 419 419 419 420 420 420 420 420 420 420 421 342 342 343 342 342 342 343 343 343 344 344 343 344 344 344 344 345 344 344 345 345 345 346 346 346 346 347 347 347 348 348 348 349 349 349 349 350 350 350 351 351 351 352 352 352 352 353 353 353 354 354 354 355 355 355 355 355 355 355 354 354 354 353 353 353 352 352 352 352 351 343 343 342 342 342 341 341 341 341 340
418 418 418 419 419 419 420 419 419 419 420 420 420 421 421 420 342 342 342 342 343 343 342 343 343 343 344 344 344 343 344 344 344 345 345 345 346 346 346 346 347 347 347 348 348 348 349 349 349 349 350 350 350 351 351 351 352 352 352 352 353 353 353 354 354 354 355 355 355 356 355 355 355 354 354 354 353 353 353 352 352 352 352 343 343 343 342 342 342 341 341 341 341 340
418 418 418 419 419 418 419 419 419 419 420 420 419 420 420 420 421 421 421 342 342 342 342 343 343 343 344 343 343 343 344 344 344 345 345 345 346 346 346 346 347 347 347 348 348 348 349 349 349 349 350 350 350 351 351 351 352 352 352 352 353 353 353 354 354 354 355 355 355 355 355 355 355 354 354 354 353 353 353 352 352 344 344 343 343 343 342 342 342 341 341 341 341 340
418 418 417 418 418 418 419 419 419 419 419 419 419 420 420 420 421 420 420 420 421 421 342 343 343 342 343 343 343 343 344 344 345 346 346 346 347 347 347 347 348 348 348 349 349 349 350 350 350 350 351 351 351 352 352 352 353 353 353 353 354 354 354 355 355 355 355 356 356 356 356 356 355 355 355 355 354 354 354 345 345 345 345 344 344 344 343 343 343 342 342 342 342 341
417 417 417 418 418 418 419 418 418 418 419 419 419 420 420 419 421 421 421 421 422 422 421 422 422 343 344 344 344 344 345 345 345 346 346 346 347 347 347 347 348 348 348 349 349 349 350 350 350 350 351 351 351 352 352 352 352 353 353 353 354 354 354 354 355 355 355 355 356 356 356 355 355 355 355 354 354 354 346 345 345 345 344 344 344 344 343 343 343 342 342 342 342 341
417 417 417 418 418 418 419 419 419 419 420 420 419 420 420 420 421 421 421 421 421 421 421 422 422 422 423 344 344 344 345 345 345 346 346 346 347 347 347 347 348 348 348 349 349 350 350 351 351 351 352 352 352 353 353 353 353 354 354 354 355 355 355 355 356 356 356 356 356 356 356 356 356 356 356 355 347 347 347 346 346 346 345 345 345 345 344 344 344 343 343 343 342 342
418 418 417 418 418 418 418 419 419 419 419 419 419 420 420 420 420 420 420 420 421 421 421 422 422 422 422 423 423 424 346 346 346 347 347 347 347 348 348 348 349 349 349 350 350 350 350 351 351 351 352 352 352 352 353 353 353 354 354 354 354 355 355 355 355 356 356 356 356 356 356 356 356 356 347 347 347 347 346 346 346 346 345 345 345 344 344 344 344 343 343 343 342 342
417 417 417 418 418 418 418 418 418 418 419 419 419 420 420 419 419 420 420 420 421 422 422 423 423 423 423 424 424 424 425 425 346 347 347 347 347 348 348 348 349 349 349 349 350 350 350 351 351 351 352 352 352 352 353 353 353 353 354 354 354 354 355 355 355 355 355 356 356 356 356 356 355 347 347 347 347 346 346 346 346 345 345 345 345 344 344 344 344 343 343 343 342 342
417 417 417 418 417 417 417 418 418 418 419 419 418 419 419 420 420 421 421 421 422 422 422 423 423 423 423 424 424 424 425 425 425 425 426 347 347 348 348 348 349 349 349 349 350 350 350 351 351 351 351 352 352 352 353 353 353 353 354 354 354 354 355 355 355 355 355 355 355 355 355 347 347 347 347 347 347 346 346 346 346 345 345 345 345 344 344 344 343 343 343 343 342 342
417 417 416 417 417 417 417 418 418 418 418 418 419 419 420 420 420 421 421 421 422 422 422 422 423 423 423 424 424 424 425 425 425 425 426 426 426 348 348 348 348 349 349 349 350 350 350 350 351 351 351 352 352 352 352 353 353 353 353 354 354 354 354 354 355 355 355 355 355 347 347 347 347 347 347 346 346 346 346 346 345 345 345 345 344 344 344 344 343 343 343 342 342 342
416 416 416 416 417 417 417 417 417 417 418 419 419 419 420 420 420 421 421 421 422 422 422 422 423 423 423 424 424 424 424 425 425 425 426 426 426 427 427 427 348 349 349 349 350 350 350 350 351 351 351 351 352 352 352 352 353 353 353 353 354 354 354 354 354 355 355 347 347 347 347 347 347 348 346 346 346 346 346 345 345 345 345 344 344 344 344 343 343 343 343 342 342 545
416 416 416 416 416 416 416 417 417 417 418 418 419 419 420 420 420 421 421 421 421 422 422 422 423 423 423 424 424 424 424 425 425 425 426 426 426 426 427 427 427 428 349 349 349 350 350 350 351 351 351 351 352 352 352 352 353 353 353 353 353 354 354 354 354 346 346 346 346 346 346 346 346 346 346 346 346 346 345 345 345 345 345 344 344 344 344 343 343 343 546 545 545 545
415 416 415 415 416 416 416 417 417 417 417 418 418 418 419 420 420 421 421 421 421 422 422 422 423 423 423 423 424 424 424 425 425 425 425 426 426 426 427 427 427 427 428 428 349 350 350 350 350 351 351 351 351 352 352 352 352 353 353 353 353 353 354 354 346 346 346 346 346 346 346 346 346 346 346 346 346 345 345 345 345 345 344 344 344 344 546 546 546 546 545 545 545 545
414 415 415 415 416 416 416 417 417 417 417 418 418 418 419 419 419 419 420 420 420 422 422 422 422 423 423 423 424 424 424 425 425 425 425 426 426 426 427 427 427 427 428 428 428 428 429 350 350 350 351 351 351 351 352 352 352 352 353 353 353 353 345 345 346 346 346 346 346 346 346 346 346 346 346 345 345 345 345 345 345 344 344 547 547 546 546 546 546 545 545 545 545 544
414 415 415 415 416 416 416 416 417 417 417 418 418 418 419 419 419 419 420 420 420 421 421 421 421 422 422 422 423 424 424 424 425 425 425 426 426 426 426 427 427 427 427 428 428 428 429 429 429 350 351 351 351 351 352 352 352 352 352 353 345 345 345 345 345 345 345 346 346 346 346 346 345 345 345 345 345 345 345 548 547 547 547 547 547 546 546 546 546 545 545 545 545 544
413 414 414 414 415 416 416 416 417 417 417 418 418 418 418 419 419 419 420 420 420 420 421 421 421 422 422 422 422 423 423 423 424 424 424 424 425 425 425 426 426 426 426 427 427 428 428 429 429 429 429 351 351 351 351 352 352 352 344 344 344 345 345 345 345 345 345 345 345 345 345 345 345 345 345 345 548 548 547 547 547 547 547 547 546 546 546 546 545 545 545 545 544 544
413 414 414 414 414 415 415 415 416 416 416 416 417 417 417 418 419 419 420 420 420 420 421 421 421 422 422 422 422 423 423 423 423 424 424 424 425 425 425 425 426 426 426 426 427 427 427 427 428 428 428 428 429 350 350 350 343 343 343 343 343 343 344 344 344 344 344 344 344 344 344 344 344 547 547 547 547 546 546 546 546 546 546 545 545 545 545 544 544 544 544 543 543 543
413 413 414 414 414 415 415 415 416 416 416 416 417 417 417 418 418 418 418 419 419 419 420 420 420 420 421 421 421 422 422 422 423 424 424 424 424 425 425 425 426 426 426 426 427 427 427 427 428 428 428 428 428 429 421 421 342 342 343 343 343 343 343 343 343 344 344 344 344 344 547 547 547 547 546 546 546 546 546 546 546 545 545 545 545 545 544 544 544 544 544 543 543 543
413 413 414 414 414 415 415 415 415 416 416 416 417 417 417 417 418 418 418 419 419 419 419 420 420 420 421 421 421 421 422 422 422 423 423 423 423 424 424 424 424 425 425 425 425 426 426 426 426 427 427 427 419 419 420 420 420 420 341 342 342 342 342 342 342 342 342 545 545 545 545 545 545 545 545 545 545 545 545 545 544 544 544 544 544 543 543 543 543 543 542 542 542 542
413 413 414 414 414 415 415 415 415 416 416 416 417 417 417 417 418 418 418 419 419 419 419 420 420 420 420 421 421 421 422 422 422 422 423 423 423 423 424 424 424 424 425 425 425 425 426 426 426 426 419 419 419 419 419 420 420 420 420 420 341 342 342 342 545 545 545 545 545 545 545 545 545 545 545 545 545 545 544 544 544 544 544 544 543 543 543 543 543 542 542 542 542 541
413 413 414 414 414 414 415 415 415 416 416 416 416 417 417 417 418 418 418 418 419 419 419 420 420 420 420 421 421 421 421 422 422 422 423 423 423 423 424 424 424 424 425 425 425 425 426 426 418 418 418 419 419 419 419 419 420 420 420 420 420 623 544 545 545 545 545 545 545 545 545 545 545 545 545 545 544 544 544 544 544 544 544 543 543 543 543 543 542 542 542 542 542 541
413 413 413 414 414 414 415 415 415 415 416 416 416 417 417 417 417 418 418 418 419 419 419 419 420 420 420 421 421 421 421 422 422 422 422 423 423 423 423 424 424 424 424 425 425 425 417 418 418 418 418 418 419 419 419 419 419 419 623 623 623 623 623 623 544 544 544 544 544 544 544 544 544 544 544 544 544 544 544 544 544 543 543 543 543 543 543 542 542 542 542 542 541 541
413 413 413 414 414 414 415 415 415 415 416 416 416 417 417 417 417 418 418 418 418 419 419 419 420 420 420 420 421 421 421 421 422 422 422 422 423 423 423 423 424 424 424 424 417 417 417 417 418 418 418 418 418 419 419 419 622 622 622 623 623 623 623 623 623 623 544 544 544 544 544 544 544 544 544 544 544 544 544 544 543 543 543 543 543 543 542 542 542 542 542 541 541 541
413 413 413 414 414 414 414 415 415 415 416 416 416 416 417 417 417 418 418 418 418 419 419 419 419 420 420 420 421 421 421 421 422 422 422 422 423 423 423 423 424 416 416 416 416 417 417 417 417 418 418 418 418 621 621 622 622 622 622 622 622 622 623 623 623 623 623 623 544 544 544 544 544 544 544 544 544 543 543 543 543 543 543 543 542 542 542 542 542 542 541 541 541 541
413 413 413 413 414 414 414 415 415 415 415 416 416 416 417 417 417 417 418 418 418 418 419 419 419 420 420 420 420 421 421 421 421 422 422 422 422 423 423 415 415 416 416 416 416 417 417 417 417 417 621 621 621 621 621 621 622 622 622 622 622 622 622 622 622 622 623 623 623 623 544 544 544 543 543 543 543 543 543 543 543 543 543 542 542 542 542 542 542 541 541 541 541 541
413 413 413 413 414 414 414 415 415 415 415 416 416 416 416 417 417 417 418 418 418 418 419 419 419 419 420 420 420 420 421 421 421 421 422 422 422 414 415 415 415 415 416 416 416 416 417 417 620 620 620 620 621 621 621 621 621 621 622 622 622 622 622 622 622 622 622 622 622 622 622 622 543 543 543 543 543 543 543 543 543 542 542 542 542 542 542 541 541 541 541 541 541 540
412 413 413 413 414 414 414 414 415 415 415 416 416 416 416 417 417 417 417 418 418 418 418 419 419 419 420 420 420 420 421 421 421 421 422 414 414 414 415 415 415 415 415 416 416 619 619 619 620 620 620 620 620 621 621 621 621 621 621 621 622 622 622 622 622 622 622 622 622 622 622 622 622 622 543 543 543 543 543 542 542 542 542 542 542 542 541 541 541 541 541 540 540 540
412 413 413 413 413 414 414 414 415 415 415 415 416 416 416 416 417 417 417 418 418 418 418 419 419 419 419 420 420 420 420 421 413 413 413 414 414 414 414 415 415 415 618 618 619 619 619 619 619 620 620 620 620 620 620 621 621 621 621 621 621 621 621 621 622 622 622 622 622 622 622 622 622 622 622 621 542 542 542 542 542 542 542 542 541 541 541 541 541 541 540 540 540 540
412 413 413 413 413 414 414 414 414 415 415 415 416 416 416 416 417 417 417 417 418 418 418 418 419 419 419 419 420 420 412 412 413 413 413 413 414 414 414 414 618 618 618 618 618 619 619 619 619 619 620 620 620 620 620 620 620 621 621 621 621 621 621 621 621 621 621 621 621 633 621 621 621 621 621 621 621 621 542 542 542 542 541 541 541 541 541 541 541 540 540 540 540 540
412 412 413 413 413 413 414 414 414 415 415 415 415 416 416 416 416 417 417 417 418 418 418 418 419 419 419 411 412 412 412 412 413 413 413 413 413 414 617 617 617 618 618 618 618 618 619 619 619 619 619 619 620 632 632 632 632 632 632 633 633 633 633 633 633 633 633 633 633 633 633 633 633 633 633 633 633 633 633 554 553 553 553 553 553 553 541 540 540 540 540 540 540 539
412 412 413 413 413 413 414 414 414 414 415 415 415 416 416 416 416 417 417 417 417 418 418 418 418 411 411 411 411 412 412 412 412 413 413 616 616 617 617 617 617 617 618 618 618 618 618 631 631 631 631 631 631 632 632 632 632 632 632 632 632 632 633 633 633 633 633 633 633 633 633 633 633 633 633 633 633 632 632 632 632 553 553 553 553 553 552 552 552 552 552 552 539 539
412 412 412 413 413 413 414 414 414 414 415 415 415 415 416 416 416 416 417 417 417 417 410 410 410 410 411 411 411 411 412 412 412 615 616 616 616 616 617 617 617 617 629 630 630 630 630 630 630 631 631 631 631 631 631 632 632 632 632 632 632 632 632 632 632 632 632 632 632 632 632 632 632 632 632 632 632 632 632 632 632 632 632 553 552 552 552 552 552 552 551 551 551 551
412 412 412 413 413 413 413 414 414 414 414 415 415 415 416 416 416 416 417 417 409 409 410 410 410 410 411 411 411 411 615 615 615 615 615 616 616 628 628 629 629 629 629 629 630 630 630 630 630 630 631 631 631 631 631 631 631 632 632 632 632 632 632 632 632 632 632 632 632 632 632 632 632 632 632 632 632 632 632 632 632 632 631 631 631 552 552 552 552 551 551 551 551 551
412 412 412 412 413 413 413 414 414 414 414 415 415 415 415 416 416 408 408 409 409 409 409 410 410 410 410 411 614 614 614 615 615 615 627 627 628 628 628 628 629 629 629 629 629 629 630 630 630 630 630 630 631 631 631 631 631 631 631 631 632 632 632 632 632 632 632 632 632 632 632 632 632 632 632 632 632 632 632 631 631 631 631 631 631 631 631 551 551 551 551 551 551 550
412 412 412 412 413 413 413 413 414 414 414 414 415 415 415 407 408 408 408 408 409 409 409 409 410 410 613 613 614 614 626 626 627 627 627 627 627 628 628 628 628 628 629 629 629 629 629 630 630 630 630 630 630 630 631 631 631 631 631 631 631 631 631 631 631 632 632 632 632 632 632 632 632 632 631 631 631 631 631 631 631 631 631 631 631 630 630 630 630 551 551 551 550 550
411 412 412 412 412 413 413 413 414 414 414 414 407 407 407 407 408 408 408 408 409 409 409 612 613 613 613 625 625 626 626 626 626 627 627 627 627 627 628 628 628 628 628 629 629 629 629 629 629 630 630 630 630 630 630 630 631 631 631 631 631 631 631 631 631 631 631 631 631 631 631 631 631 631 631 631 631 631 631 631 631 631 631 630 630 630 630 630 630 630 550 550 550 550
411 412 412 412 412 413 413 413 413 406 406 406 406 407 407 407 407 408 408 408 408 612 612 612 624 625 625 625 625 626 626 626 626 626 627 627 627 627 627 628 628 628 628 628 629 629 629 629 629 629 630 630 630 630 630 630 630 630 630 631 631 631 631 631 631 631 631 631 631 631 631 631 631 631 631 631 631 631 631 631 630 630 630 630 630 630 630 630 630 629 629 629 550 550
411 411 412 412 412 412 405 405 405 405 406 406 406 406 407 407 407 407 408 611 611 611 624 624 624 624 625 625 625 625 626 626 626 626 626 627 627 627 627 627 628 628 628 628 628 628 629 629 629 629 629 629 630 630 630 630 630 630 630 630 630 630 630 631 631 631 631 631 631 631 631 631 631 631 631 631 630 630 630 630 630 630 630 630 630 630 630 629 629 629 629 629 629 628
411 411 411 404 404 404 405 405 405 405 406 406 406 406 407 407 407 610 611 623 623 623 624 624 624 624 624 625 625 625 625 626 626 626 626 626 627 627 627 627 627 628 628 628 628 628 628 629 629 629 629 629 629 629 629 630 630 630 630 630 630 630 630 630 630 630 630 630 630 630 630 630 630 630 630 630 630 630 630 630 630 630 630 630 629 629 629 629 629 629 629 629 628 628
403 403 403 404 404 404 404 405 405 405 405 406 406 406 406 610 610 622 622 623 623 623 623 624 624 624 624 624 625 625 625 625 626 626 626 626 626 627 627 627 627 627 627 628 628 628 628 628 628 629 629 629 629 629 629 629 629 630 630 630 630 630 630 630 630 630 630 630 630 630 630 630 630 630 630 630 630 630 630 630 630 630 629 629 629 629 629 629 629 629 628 628 628 628
