testData/tiles/oneDegree/grid36.0-3.0-37.0-4.0.asc
ncols   200
nrows   200
xllcorner   36.0
yllcorner   3.0
cellsize   0.005
NODATA_value   -9999.0
[rows 84 to 125 of 200, columns 0 to 93 of 200]
525 525 524 524 524 524 524 523 523 523 523 522 522 522 522 522 521 521 521 521 520 520 520 566 566 566 566 565 565 565 565 564 564 564 563 563 563 562 562 562 562 561 562 563 563 564 565 565 566 566 567 568 568 569 570 570 571 571 572 572 572 573 573 574 573 574 574 575 574 575 575 576 575 575 576 575 575 576 575 576 577 577 578 579 579 580 580 581 582 566 567 470 471 471
526 526 525 525 525 525 525 524 524 524 524 523 523 523 523 522 522 522 522 522 521 521 568 568 567 567 567 566 566 566 566 565 565 565 565 564 564 564 563 563 563 562 563 565 565 566 567 567 568 569 569 570 571 571 572 573 572 573 573 574 575 575 575 575 576 576 577 576 577 577 577 577 578 578 578 578 579 578 578 579 578 578 578 579 580 580 581 581 582 583 583 487 471 472
527 526 526 526 526 526 525 525 525 525 525 524 524 524 524 523 523 523 523 522 522 522 569 569 568 568 568 567 567 567 567 566 566 566 566 565 565 565 564 564 564 565 565 566 567 568 569 570 570 571 572 572 572 573 573 574 575 575 576 576 576 577 577 578 578 578 578 579 580 579 580 580 580 580 581 580 580 581 580 581 581 580 581 581 580 581 581 582 582 583 584 487 488 488
528 527 527 527 527 527 526 526 526 526 525 525 525 525 525 524 524 524 524 523 523 570 570 569 569 569 569 568 568 568 568 567 567 567 567 566 566 566 565 565 566 567 567 568 569 569 570 571 571 572 573 573 574 575 575 576 577 577 577 578 578 579 579 579 580 580 581 580 581 582 582 582 582 583 582 583 583 583 583 583 583 583 583 583 583 583 583 582 583 584 584 488 488 489
528 528 528 528 528 527 527 527 527 527 526 526 526 526 525 525 525 525 525 524 571 571 571 570 570 570 570 569 569 569 569 568 568 568 568 567 567 567 567 566 567 569 569 570 571 571 572 573 574 574 575 576 576 577 578 577 578 579 579 580 581 580 581 581 582 582 582 583 583 583 584 584 584 584 585 584 585 585 585 585 586 585 586 585 585 586 585 586 585 585 585 585 489 489
530 529 529 529 528 528 528 528 528 527 527 527 527 526 526 526 526 526 525 525 572 572 571 571 571 571 571 570 570 570 570 569 569 569 569 568 568 568 567 568 569 570 571 572 573 573 574 575 576 576 577 578 577 578 579 579 580 581 581 581 582 582 583 583 583 584 584 584 585 585 586 585 586 587 586 587 587 587 587 587 587 588 587 588 588 588 588 587 588 587 587 588 490 490
531 531 530 529 529 529 529 529 528 528 528 528 528 527 527 527 527 526 526 573 573 573 572 572 572 572 571 571 571 571 570 570 570 570 569 569 569 569 569 570 571 572 572 573 574 574 575 576 577 577 578 579 579 580 581 581 581 582 582 583 584 583 584 585 585 585 586 586 587 586 587 588 587 588 588 588 589 589 589 589 590 589 590 589 590 590 590 590 590 590 589 590 493 492
532 531 530 530 530 530 529 529 529 529 529 528 528 528 528 528 527 527 574 574 574 573 573 573 573 572 572 572 572 572 571 571 571 571 570 570 570 570 570 572 573 573 574 575 576 576 577 578 579 579 580 581 581 582 582 582 583 584 584 584 585 585 586 587 586 587 588 587 588 589 589 589 589 590 590 590 591 590 591 591 591 592 591 592 591 592 592 592 592 592 592 591 495 494
532 532 532 531 531 530 530 530 530 530 529 529 529 529 529 528 528 528 575 575 574 574 574 574 573 573 573 573 573 572 572 572 572 571 571 571 571 571 572 573 575 575 576 577 578 578 579 580 580 581 581 582 582 583 584 584 585 585 585 586 587 588 587 588 589 589 589 589 590 590 590 591 591 591 592 591 592 593 592 593 592 593 593 593 594 593 594 594 594 594 594 594 496 497
533 533 533 532 531 531 531 531 531 530 530 530 530 530 529 529 529 576 576 575 575 575 575 574 574 574 574 574 573 573 573 573 572 572 572 572 572 573 574 575 575 576 577 578 578 579 580 581 581 582 583 583 584 585 586 585 586 587 587 588 588 588 589 590 589 590 591 590 591 592 592 592 593 593 593 594 593 594 594 594 595 595 595 595 595 595 595 595 596 595 596 595 499 498
534 534 533 533 533 532 532 531 531 531 531 531 530 530 530 530 577 576 576 576 576 576 575 575 575 575 575 574 574 574 574 573 573 573 573 572 573 575 576 576 577 578 579 579 580 581 582 582 583 584 585 585 585 586 586 587 588 589 588 589 590 590 590 591 591 592 592 592 593 593 593 594 594 594 595 595 595 596 595 596 596 596 597 596 597 597 597 597 597 598 597 598 500 501
534 534 534 534 534 532 532 532 532 532 531 531 531 531 531 531 577 577 577 577 577 576 576 576 576 575 575 575 575 575 574 574 574 574 573 574 575 576 577 578 579 580 581 581 582 583 583 584 585 585 585 586 587 588 588 589 589 589 590 591 591 591 592 593 592 593 594 593 594 595 595 595 596 595 596 597 596 597 598 597 598 597 598 599 598 599 598 599 598 599 600 599 503 502
535 535 535 534 534 534 533 533 533 532 532 532 532 532 531 578 578 578 578 577 577 577 577 577 576 576 576 576 575 575 575 575 575 574 575 576 577 577 578 579 580 580 581 582 583 584 584 585 586 586 587 588 589 588 589 590 591 591 591 592 592 593 593 594 594 595 595 595 596 596 596 597 597 597 598 598 598 598 599 599 599 599 599 600 600 600 600 600 601 600 601 601 504 504
536 535 535 535 535 535 534 533 533 533 533 533 532 532 532 579 579 578 578 578 578 578 577 577 577 577 577 576 576 576 576 576 575 575 576 578 578 579 580 581 581 582 583 584 584 585 586 587 587 588 589 589 589 590 591 592 591 592 593 594 593 594 595 595 595 596 596 596 597 597 597 598 599 598 599 600 599 600 600 600 601 600 601 601 601 602 601 602 602 602 602 602 505 505
536 536 536 536 535 535 535 534 534 534 533 533 533 533 580 579 579 579 579 579 578 578 578 578 578 577 577 577 577 577 576 576 576 577 578 578 580 581 582 582 583 584 585 585 586 587 588 587 588 589 590 590 591 592 592 592 593 594 595 594 595 596 595 596 597 598 597 598 599 598 599 600 599 600 601 600 601 601 601 602 602 602 602 603 602 603 603 603 604 603 604 603 507 507
538 537 536 536 536 536 536 535 534 534 534 534 534 580 580 580 580 580 579 579 579 579 579 578 578 578 578 578 577 577 577 577 578 578 579 580 581 581 582 583 584 585 585 586 587 588 588 589 590 591 591 591 592 593 593 594 595 595 595 596 597 596 597 598 598 598 599 599 599 600 600 600 601 601 602 602 602 603 602 603 604 603 604 603 604 604 604 605 605 605 605 605 508 509
538 538 537 537 537 536 536 536 535 535 535 534 534 581 581 581 580 580 580 580 580 579 579 579 579 579 578 578 578 578 578 577 578 580 581 582 582 583 584 585 585 586 587 588 589 589 590 591 592 591 592 593 594 594 594 595 596 596 597 597 597 598 598 599 599 600 600 600 601 601 602 602 602 603 602 603 604 603 604 604 604 605 605 605 605 606 605 606 606 606 607 606 607 510
539 539 537 537 537 537 537 537 536 535 535 535 582 582 581 581 581 581 581 580 580 580 580 580 579 579 579 579 579 578 578 579 580 581 581 583 584 585 585 586 587 588 589 589 590 590 591 591 592 593 594 594 594 595 596 596 597 597 598 598 599 599 600 600 600 601 601 601 602 603 602 603 604 603 604 604 604 605 605 605 605 606 606 606 607 606 607 607 607 607 608 608 608 511
539 539 539 538 538 537 537 537 537 536 536 535 582 582 582 582 582 581 581 581 581 581 580 580 580 580 580 579 579 579 579 581 581 582 583 584 585 585 586 587 588 588 589 590 591 592 592 593 594 595 594 595 596 597 597 597 598 599 599 599 600 601 600 601 602 602 602 603 604 603 604 604 604 605 605 606 606 606 607 606 607 607 607 608 608 608 608 609 608 609 608 609 609 512
540 540 539 538 538 538 538 538 537 537 536 583 583 583 582 582 582 582 582 581 581 581 581 581 581 580 580 580 580 580 580 581 583 584 585 585 586 587 588 588 589 590 591 592 592 593 594 594 594 595 596 597 596 597 598 599 599 599 600 601 601 601 602 603 602 603 604 604 604 605 605 605 606 606 607 606 607 608 607 608 608 608 608 609 609 609 610 609 610 610 610 610 611 513
540 540 540 540 539 538 538 538 538 538 584 583 583 583 583 583 583 582 582 582 582 582 581 581 581 581 581 580 580 581 582 583 583 584 586 587 588 588 589 590 591 592 592 592 593 594 594 595 596 597 596 597 598 599 600 599 600 601 602 601 602 603 603 603 604 604 604 605 605 606 606 606 607 607 607 608 608 608 609 609 609 609 610 609 610 611 610 611 611 611 611 612 611 515
541 541 540 540 539 539 539 539 538 538 585 584 584 584 583 583 583 583 583 582 582 582 582 582 582 581 581 581 581 583 583 584 585 586 587 587 588 589 590 591 591 592 593 594 594 595 596 596 597 597 598 599 600 599 600 601 602 601 602 603 603 603 604 605 605 605 606 606 607 607 607 608 607 608 609 609 609 609 610 610 610 611 610 611 611 611 611 612 612 612 613 612 613 516
541 541 541 541 541 539 539 539 539 586 586 584 584 584 584 584 583 583 583 583 583 583 582 582 582 582 582 581 582 583 584 586 586 587 588 589 590 590 591 592 593 594 594 595 595 596 596 597 598 599 599 599 600 601 602 601 602 603 604 603 604 605 605 605 606 606 607 607 607 608 609 608 609 609 609 610 610 611 610 611 612 611 612 612 612 612 613 612 613 613 613 613 614 517
542 541 541 541 541 540 540 539 539 586 586 585 585 584 584 584 584 584 584 583 583 583 583 583 582 582 582 583 584 585 585 586 587 588 590 590 591 592 593 593 593 594 595 596 596 597 598 599 599 599 600 601 602 601 602 603 604 603 604 605 605 605 606 606 607 607 607 608 609 608 609 610 610 610 610 611 611 611 612 612 612 613 613 613 613 614 613 614 614 614 614 615 614 518
542 542 542 542 541 540 540 540 587 587 586 586 585 585 585 585 584 584 584 584 584 583 583 583 583 583 583 583 585 586 587 588 588 589 590 591 592 592 593 594 595 596 596 597 598 598 598 599 600 601 602 601 602 603 604 603 604 605 605 605 606 607 607 607 608 608 609 609 609 610 610 610 611 611 612 611 612 613 612 613 613 614 613 614 615 614 615 615 615 615 616 615 616 519
542 542 542 542 542 542 540 587 587 587 587 587 585 585 585 585 585 585 584 584 584 584 584 584 583 583 584 585 586 586 588 589 590 591 591 592 593 594 595 595 596 597 597 598 598 599 600 601 601 601 602 603 604 603 604 605 606 605 606 607 607 607 608 608 609 610 609 610 611 610 611 611 612 612 612 613 613 613 614 614 614 614 615 615 615 615 616 616 616 617 616 617 617 520
543 543 543 542 542 542 541 588 588 587 587 587 586 586 586 585 585 585 585 585 584 584 584 584 584 584 585 586 587 588 589 589 590 591 592 593 593 594 595 596 597 597 598 599 600 601 600 601 602 603 604 603 604 605 606 605 606 607 607 607 608 608 609 609 609 610 611 610 611 612 612 612 613 613 614 613 614 614 615 615 615 616 615 616 616 616 616 617 617 617 617 618 617 521
543 543 543 543 543 542 588 588 588 588 588 587 587 586 586 586 586 585 585 585 585 585 585 584 584 585 586 588 588 589 590 591 592 592 593 594 595 596 597 597 598 599 599 599 600 601 602 603 602 603 604 605 606 605 606 607 607 607 608 609 609 609 610 610 611 611 611 612 612 612 613 613 614 614 614 615 615 615 615 616 616 616 617 617 617 617 618 617 618 618 618 618 619 522
544 543 543 543 543 543 590 588 588 588 588 588 588 586 586 586 586 586 586 585 585 585 585 585 586 586 587 588 589 590 591 592 593 594 595 596 596 597 597 598 599 599 600 601 602 602 602 603 604 605 605 605 606 607 608 607 608 609 609 609 610 610 611 611 611 612 613 612 613 614 614 614 614 615 616 615 616 616 617 616 617 617 617 618 618 619 618 619 619 619 619 620 619 523
544 544 544 543 543 590 590 589 589 588 588 588 588 587 587 586 586 586 586 586 586 585 585 585 586 588 589 589 590 591 592 593 593 594 595 596 597 597 598 599 600 601 601 601 602 603 604 604 604 605 606 607 607 607 608 609 608 609 610 610 611 611 611 612 613 612 613 614 614 614 615 615 616 615 616 616 617 617 617 618 617 618 618 619 618 619 620 619 620 620 621 620 621 524
544 544 544 544 544 590 590 589 589 589 589 589 588 587 587 587 587 587 586 586 586 586 586 586 587 588 589 591 592 592 593 594 595 596 596 597 598 599 600 600 600 601 602 603 603 604 604 605 606 606 606 607 608 609 608 609 610 611 610 611 612 612 612 613 613 614 614 614 615 615 616 616 616 617 617 617 617 618 618 618 619 619 619 619 620 619 620 620 621 620 621 621 621 524
546 544 544 544 591 591 591 589 589 589 589 589 589 588 587 587 587 587 587 587 586 586 586 588 589 589 590 591 592 593 594 594 595 596 597 598 598 599 600 601 602 602 603 603 604 605 605 606 606 607 608 608 608 609 610 610 610 611 612 612 612 613 613 614 614 614 615 616 615 616 616 617 617 617 618 618 618 618 619 620 619 620 620 621 620 621 621 621 621 622 621 622 622 526
546 545 545 591 591 591 591 590 590 589 589 589 589 589 588 588 587 587 587 587 587 586 587 588 589 591 592 592 593 594 595 596 597 597 598 599 600 601 601 602 602 603 604 604 605 606 606 607 607 608 608 609 610 610 610 611 612 611 612 613 613 614 614 614 615 616 615 616 617 617 617 617 618 619 618 619 619 620 619 620 620 620 621 621 622 621 622 622 623 622 623 623 623 526
546 545 545 592 592 591 591 591 590 590 590 589 589 589 588 588 588 587 587 587 587 588 589 589 590 591 592 594 595 595 596 597 598 599 599 600 600 601 602 603 603 604 605 605 606 606 607 608 608 608 609 610 610 611 611 612 612 613 614 613 614 615 615 615 615 616 617 616 617 618 618 618 618 619 619 619 620 620 621 620 621 621 622 621 622 622 622 623 623 624 623 624 624 526
546 545 592 592 592 592 592 591 590 590 590 590 590 589 588 588 588 588 588 587 587 588 589 591 592 592 593 594 595 596 597 597 598 599 600 601 601 602 603 604 604 604 605 606 607 608 607 608 609 610 610 610 611 612 612 613 613 613 614 615 614 615 616 616 617 617 617 618 618 618 619 619 620 619 620 620 621 621 621 622 622 622 622 623 622 623 623 624 623 624 624 624 624 528
547 546 592 592 592 592 592 592 590 590 590 590 590 590 589 588 588 588 588 588 589 589 590 591 593 594 595 595 596 597 598 599 599 600 601 602 603 603 603 604 605 606 607 606 607 608 609 610 609 610 611 612 612 612 613 613 614 614 614 615 616 616 616 617 617 618 618 618 619 619 619 620 620 621 620 621 621 622 621 622 623 623 623 623 624 624 624 624 625 624 625 625 626 528
547 593 593 593 592 592 592 592 591 591 590 590 590 590 589 589 588 588 588 588 589 591 591 592 593 594 595 596 596 597 598 599 600 601 601 602 603 604 605 605 606 606 607 608 608 609 609 610 611 611 611 612 613 613 613 614 615 615 616 616 616 617 617 617 618 618 619 619 619 620 620 621 620 621 622 622 622 622 623 623 623 623 624 624 624 625 625 625 625 626 625 626 626 530
547 593 593 593 593 592 592 592 591 591 591 591 590 590 589 589 589 589 588 589 590 591 593 594 594 595 596 597 598 599 599 600 601 602 603 603 604 604 605 606 607 607 608 608 609 610 610 611 611 612 613 612 613 614 615 614 615 616 616 617 617 617 618 618 618 619 619 620 621 620 621 621 622 621 622 623 623 623 623 624 624 624 624 625 625 625 625 626 625 626 626 627 626 530
594 593 593 593 593 593 593 592 591 591 591 591 591 590 589 589 589 589 589 590 591 592 593 594 595 596 597 598 599 600 601 601 602 602 603 604 605 605 606 607 607 608 608 609 610 610 611 611 612 612 613 614 614 614 615 616 616 616 617 617 618 618 618 619 619 620 620 620 621 622 621 622 622 623 622 623 623 624 624 624 625 625 625 625 626 626 626 626 627 626 627 627 628 530
595 595 593 593 593 593 593 593 591 591 591 591 591 591 590 589 589 589 590 591 593 593 594 595 596 597 598 598 599 600 601 602 602 603 604 605 606 606 606 607 608 609 610 609 610 611 612 612 612 613 614 614 615 615 615 616 617 617 617 618 618 619 619 619 620 621 621 621 621 622 622 622 623 623 624 623 624 624 625 624 625 626 626 626 626 627 627 627 627 628 627 628 628 532
761 595 594 593 593 593 593 593 592 592 591 591 591 591 590 590 589 590 591 592 593 594 594 596 597 598 599 600 600 601 602 603 604 604 604 605 606 607 608 608 608 609 610 611 611 611 612 613 614 613 614 615 615 616 616 617 617 618 618 618 619 619 620 621 620 621 621 622 622 622 623 623 623 624 624 625 624 625 625 626 625 626 626 627 626 627 627 628 627 628 628 628 628 532
761 761 760 760 594 593 593 593 592 592 592 591 591 591 590 590 590 590 591 593 594 595 596 597 597 598 599 600 601 601 602 603 604 605 606 606 607 607 608 609 609 610 611 611 612 613 613 613 614 615 615 615 616 617 617 617 618 618 619 620 619 620 620 621 622 621 622 622 623 623 623 624 624 624 624 625 626 625 626 626 627 626 627 627 628 627 628 628 629 628 629 629 629 532
