testData/tiles/oneDegree/grid42.0-7.0-43.0-8.0.asc
ncols   200
nrows   200
xllcorner   42.0
yllcorner   7.0
cellsize   0.005
NODATA_value   -9999.0
[rows 0 to 41 of 200, columns 94 to 187 of 200]
749 748 773 773 772 772 772 773 775 777 779 780 782 791 792 794 793 795 795 796 797 798 799 799 798 799 800 801 801 801 802 802 803 803 803 804 805 806 805 804 805 805 807 806 807 808 808 809 810 811 811 812 813 812 814 814 815 816 816 817 816 818 818 819 819 820 819 820 821 822 822 822 822 822 823 823 823 825 824 825 825 825 826 825 825 826 827 827 827 827 697 486 458 459
749 748 773 773 772 771 770 772 775 776 779 780 781 783 791 792 793 794 795 795 797 797 798 798 798 799 799 800 801 801 801 801 802 803 803 804 803 805 804 804 805 805 806 806 807 807 807 808 810 810 811 812 811 812 813 814 815 815 815 816 816 817 818 819 819 819 819 820 820 821 822 821 822 822 823 823 823 823 824 824 825 825 824 825 825 825 826 827 826 826 827 486 458 457
749 748 747 773 771 771 770 772 774 776 778 779 780 781 782 792 792 793 795 795 796 796 796 797 798 799 799 800 800 799 800 800 801 801 802 803 802 803 804 804 805 804 805 806 806 806 807 808 809 810 811 811 811 812 812 813 815 814 815 815 816 816 817 817 818 818 819 819 820 820 821 821 821 822 822 822 822 822 823 824 825 824 824 825 825 825 825 825 826 826 827 697 457 457
748 748 746 772 771 771 770 771 774 775 778 778 779 781 782 791 792 793 794 794 795 795 796 797 797 799 799 798 799 799 800 800 801 801 802 802 802 803 803 803 804 804 804 804 805 806 807 808 808 808 810 810 811 812 812 813 813 814 815 815 816 816 816 817 818 818 819 819 819 819 819 821 821 822 821 821 822 822 823 823 823 824 824 824 825 824 824 825 825 826 826 798 457 457
747 747 746 772 771 770 770 770 773 774 776 777 778 780 781 783 792 792 794 793 795 795 795 797 797 798 797 798 799 799 800 800 800 801 800 802 802 802 802 802 804 803 804 803 804 806 807 807 807 808 808 810 811 811 812 812 812 814 814 815 815 815 815 816 817 818 818 818 818 819 819 820 821 820 821 821 822 822 822 822 822 823 824 824 823 824 824 824 825 825 825 797 457 457
747 747 746 772 771 770 770 770 771 773 775 778 779 782 783 785 785 794 795 796 797 798 797 798 797 798 797 797 798 798 800 800 799 800 800 800 801 801 802 802 802 803 802 803 804 805 806 806 807 808 808 809 810 810 811 811 812 813 814 815 814 815 815 816 816 818 817 818 818 819 819 819 819 820 821 821 821 822 821 822 822 822 824 823 823 824 824 824 824 824 824 797 667 457
747 747 746 772 771 770 769 768 772 775 777 779 781 784 785 785 788 788 798 799 799 799 800 800 799 800 800 799 799 798 799 798 798 799 799 800 800 801 801 801 802 801 802 803 804 803 804 806 807 807 808 809 808 810 810 811 812 812 812 813 814 814 815 816 816 816 817 817 818 818 819 818 819 819 820 821 820 821 821 821 822 822 821 823 823 823 824 823 823 824 824 796 797 456
747 747 746 745 770 769 770 771 774 776 778 782 784 785 787 788 789 790 792 800 801 801 801 802 802 801 801 801 802 800 798 798 798 799 799 800 800 799 801 800 801 801 801 803 802 803 804 805 806 807 808 807 808 809 810 811 811 811 812 812 814 814 815 814 815 815 816 817 818 817 818 818 818 819 819 820 820 820 821 821 822 821 821 822 823 823 822 823 823 823 824 796 795 455
747 747 745 744 771 772 773 773 774 778 781 782 784 786 788 790 792 793 794 795 802 804 803 804 804 803 804 803 802 802 801 801 799 799 799 798 799 798 799 800 800 801 800 800 802 803 804 804 805 806 806 807 808 808 809 811 810 811 811 812 813 814 814 814 815 815 816 816 816 817 817 818 818 819 818 818 820 820 821 821 820 821 821 821 822 822 822 823 823 823 822 795 795 665
747 746 746 746 774 774 775 775 776 780 781 785 787 788 791 792 794 795 795 796 804 805 806 806 806 806 805 804 804 803 802 802 801 800 798 797 798 798 799 799 800 800 799 800 802 803 803 804 804 805 806 807 808 808 808 808 810 811 811 812 812 812 813 814 814 815 815 815 815 817 817 818 818 817 818 818 819 820 819 820 820 820 821 821 820 821 822 822 823 822 822 794 795 795
746 747 748 749 776 776 777 778 777 781 784 787 788 790 792 794 796 796 796 798 799 808 807 808 808 807 807 807 806 806 805 804 802 802 800 799 798 798 799 799 797 799 799 800 801 802 802 803 804 804 805 807 807 807 808 808 809 810 811 810 811 812 812 814 814 815 814 815 815 816 817 817 817 817 818 818 818 818 819 820 820 820 821 820 820 821 821 822 821 822 822 794 795 794
748 749 750 751 752 779 778 779 779 782 785 787 791 792 795 795 798 798 799 801 801 802 810 808 810 809 809 808 807 808 807 806 804 803 802 801 800 798 796 797 797 798 799 800 800 800 802 803 803 804 805 805 806 807 807 808 809 810 810 810 811 811 812 812 813 813 814 814 815 815 815 816 817 817 817 818 817 818 818 819 820 820 819 820 820 820 821 820 821 822 822 794 793 794
750 751 752 753 753 780 780 781 782 785 787 789 792 793 795 797 798 800 801 802 803 802 803 811 811 811 812 811 810 808 807 807 805 804 803 802 801 798 797 797 797 798 799 799 799 800 801 802 803 804 803 804 806 806 807 808 808 808 809 810 811 811 812 811 812 813 814 814 815 814 815 815 816 817 817 817 817 817 818 818 818 819 819 819 820 820 819 820 820 821 822 793 793 793
752 753 754 754 755 782 782 784 784 786 789 790 794 795 798 800 801 802 803 805 804 805 805 805 814 813 812 813 811 811 809 809 808 806 805 803 802 800 798 798 797 797 796 798 799 800 800 801 803 803 803 804 805 806 807 806 807 808 808 810 810 811 810 811 811 812 813 814 813 814 814 815 815 817 816 816 817 817 818 817 817 819 819 819 820 819 819 820 820 820 820 793 793 793
754 754 755 756 757 784 785 786 786 786 789 792 795 797 799 801 802 805 805 806 806 806 808 807 808 815 813 813 812 813 812 810 810 808 806 805 803 802 800 798 796 796 796 797 799 799 800 801 801 802 803 804 804 805 806 806 807 807 808 809 809 810 810 811 811 812 812 813 813 814 814 815 814 814 816 816 817 817 816 817 817 817 819 818 818 819 819 819 820 819 819 792 793 793
755 756 756 758 759 760 787 788 788 788 791 794 797 800 801 804 804 806 806 807 808 809 809 810 809 808 816 816 815 814 813 811 811 809 808 807 804 803 801 799 797 795 796 797 797 799 799 800 800 801 803 803 804 804 804 806 807 807 808 807 808 809 810 810 811 810 811 811 813 813 814 813 814 814 815 816 816 816 816 816 817 817 817 818 818 818 819 819 818 819 791 791 792 792
757 758 758 760 761 762 788 788 790 790 793 795 799 801 803 804 806 808 809 809 811 811 812 810 810 810 817 818 817 815 814 812 812 810 809 808 806 805 802 801 799 797 795 796 797 797 799 799 800 801 801 802 803 803 804 805 806 807 806 807 808 808 810 810 810 810 811 811 812 813 813 813 813 814 814 815 815 816 816 816 817 816 816 817 818 818 818 818 818 818 791 791 790 792
758 759 760 762 762 763 790 791 792 792 795 798 800 803 804 807 808 809 811 811 813 812 813 813 812 813 812 819 818 817 816 814 814 812 810 809 806 805 803 801 799 797 796 795 796 797 797 799 800 800 800 801 803 803 804 804 804 806 806 807 807 808 808 809 810 810 811 811 811 811 812 813 813 814 813 814 814 815 816 816 815 816 816 816 817 817 817 818 818 818 790 790 790 790
759 761 761 763 764 764 792 793 794 795 796 798 801 804 806 808 810 811 813 813 814 814 814 815 814 814 814 813 819 818 817 815 816 814 812 810 808 807 804 802 801 799 796 795 796 796 797 798 799 799 800 801 801 803 804 803 804 804 806 807 807 807 807 808 809 810 810 810 810 811 811 813 813 812 813 813 814 814 815 815 815 816 816 816 816 816 817 817 818 817 789 790 790 790
761 762 763 765 766 766 768 795 796 796 796 799 803 806 808 810 812 814 814 815 816 816 816 817 817 816 814 814 813 820 819 817 816 814 812 811 809 808 806 803 801 799 798 795 795 796 797 797 797 799 800 800 801 802 802 803 804 804 805 806 806 806 807 808 808 810 809 810 810 810 811 811 812 812 813 813 813 813 813 815 815 815 816 815 815 816 816 816 817 817 789 789 790 789
761 763 764 765 767 768 770 797 798 798 799 802 804 808 810 812 813 814 816 817 817 819 818 819 817 818 817 815 815 814 821 819 816 815 813 812 810 808 807 804 803 799 798 797 795 796 795 796 797 798 799 800 800 800 801 803 803 804 804 804 806 806 807 807 808 807 809 809 810 810 810 810 811 812 812 813 812 813 813 813 815 814 814 815 815 815 816 815 815 817 789 789 788 789
763 765 766 767 769 770 771 798 799 800 801 803 806 809 811 813 816 817 818 819 820 820 819 819 819 818 819 817 817 815 812 819 818 817 815 814 812 809 807 804 803 801 799 798 795 794 795 796 797 797 798 799 799 800 801 801 803 803 803 804 804 806 807 806 807 807 808 809 810 809 809 810 810 811 812 812 812 812 813 813 813 814 814 815 815 815 815 815 815 815 789 788 788 788
764 765 768 769 770 771 773 800 801 802 803 804 807 810 813 815 817 819 820 822 821 822 822 822 821 820 820 818 818 816 814 813 819 818 816 813 811 809 808 805 804 802 800 798 796 794 795 796 796 796 797 798 799 800 801 801 801 802 803 804 804 805 805 806 806 807 807 808 808 809 809 810 810 810 810 811 812 812 813 812 812 813 814 814 814 814 814 815 815 814 786 788 788 788
766 767 768 769 771 773 774 776 802 804 805 806 808 811 814 817 820 821 821 822 823 824 823 823 823 822 822 819 817 817 816 815 812 819 816 814 813 810 809 807 804 802 799 798 797 795 795 795 795 796 797 797 798 800 799 800 801 801 803 803 803 803 804 806 806 807 806 807 807 809 809 809 809 809 810 810 812 812 811 812 812 812 813 812 813 814 814 814 814 814 786 786 788 787
766 767 769 771 773 774 775 777 804 805 806 807 809 813 817 819 820 822 823 825 824 826 826 825 825 823 822 821 819 818 816 815 813 811 817 815 814 811 810 807 803 802 800 799 797 796 793 794 795 796 796 797 798 797 799 800 800 801 801 802 803 803 804 804 806 805 806 806 807 807 809 808 809 809 809 810 809 811 811 811 812 812 812 812 812 814 814 813 813 786 786 786 786 787
767 768 771 772 773 776 777 778 805 806 808 809 811 814 818 819 822 824 825 826 827 827 827 826 825 825 823 822 821 820 818 816 813 811 810 815 814 811 808 807 804 803 801 800 797 795 793 794 795 795 796 796 796 797 798 799 800 801 800 801 802 803 803 804 804 805 806 806 807 806 807 808 808 809 809 809 809 809 811 811 812 811 811 812 812 812 813 813 813 785 786 785 785 786
768 769 772 773 774 776 777 779 807 808 810 811 812 816 817 822 823 826 827 829 829 829 828 827 827 826 825 824 822 819 818 816 814 812 811 816 814 811 809 807 805 804 802 798 797 795 794 794 794 795 795 795 796 797 797 798 799 799 800 801 801 803 802 803 803 804 805 806 805 806 806 807 808 809 808 808 809 809 810 810 810 811 811 811 812 811 811 813 813 785 785 785 785 785
769 770 772 773 775 777 778 780 782 809 811 812 813 816 820 823 825 828 829 830 830 830 830 829 827 827 825 823 822 821 818 816 815 813 812 808 814 812 810 808 805 803 801 799 798 796 793 793 793 794 794 795 796 797 797 797 797 799 800 800 801 800 802 803 803 804 804 805 805 806 806 806 806 807 808 808 809 809 808 809 810 810 811 810 811 811 811 811 812 784 784 785 785 784
769 770 772 774 776 778 779 781 783 811 812 813 814 817 821 824 827 829 830 831 832 831 832 830 829 828 826 825 822 821 819 817 816 812 811 808 806 812 809 808 804 803 801 800 798 796 794 792 793 793 794 795 796 795 796 797 797 798 799 799 800 800 801 802 803 802 803 803 805 805 806 805 806 806 808 808 808 808 808 809 809 810 810 810 810 811 811 810 811 784 784 784 784 784
768 771 772 775 776 778 780 782 783 811 813 814 816 818 822 826 828 830 832 833 834 833 832 832 829 828 826 826 823 821 819 817 815 813 810 809 806 805 810 806 805 803 802 799 798 795 793 792 792 793 794 795 794 795 796 796 797 798 797 799 799 800 800 801 802 802 803 803 804 805 805 805 805 806 806 807 807 808 808 808 809 808 809 810 810 810 810 810 810 783 784 783 783 784
769 771 773 775 777 779 780 782 784 812 813 816 817 819 821 825 829 832 835 835 835 834 832 831 830 829 827 825 824 822 819 817 814 812 811 809 807 804 802 807 804 803 801 800 797 795 794 791 792 793 793 793 794 795 795 796 796 796 797 797 799 800 800 800 800 802 802 803 802 803 804 805 805 806 805 805 806 807 808 807 807 808 808 808 810 809 809 810 810 782 782 783 785 785
769 772 773 775 776 778 781 782 784 786 814 816 818 819 823 826 831 834 836 837 836 835 833 832 831 829 827 825 823 820 820 817 814 813 810 808 805 802 801 798 805 803 800 799 797 795 793 791 792 792 792 793 794 794 795 795 795 796 797 797 798 798 799 799 800 801 802 802 802 803 803 804 805 804 805 805 806 806 806 807 807 808 808 807 808 809 809 810 781 783 783 784 785 784
769 771 772 774 777 778 781 783 784 787 814 816 818 819 823 827 832 835 839 838 836 835 834 833 831 829 826 824 823 821 818 816 815 813 809 808 805 803 801 798 797 802 801 798 796 795 793 790 791 791 792 793 793 794 794 794 795 796 796 797 797 797 799 799 800 800 800 801 802 802 803 802 804 804 805 805 805 805 805 807 807 807 807 807 807 808 809 810 783 783 783 783 783 784
768 770 773 774 777 778 780 783 784 786 814 815 818 819 822 827 831 835 839 838 836 836 833 831 831 827 827 824 822 821 818 816 813 811 809 807 805 803 801 797 795 793 800 798 796 795 792 790 790 791 792 792 792 793 793 794 795 795 795 796 796 797 797 799 798 799 800 800 802 802 801 802 802 804 804 804 804 805 805 805 807 806 806 807 809 809 809 810 782 783 783 782 782 783
768 770 772 774 776 778 780 782 783 786 813 815 818 819 822 824 829 833 835 836 835 834 833 830 829 827 825 824 821 820 816 815 813 811 808 806 804 801 799 796 795 793 792 798 795 794 791 789 790 791 790 791 792 793 793 794 795 794 795 795 796 797 797 797 798 799 799 800 799 801 801 802 802 803 803 803 804 804 805 804 804 806 808 808 808 808 808 809 782 782 782 782 782 782
768 770 772 774 775 777 779 781 783 784 787 814 817 817 820 822 826 830 832 834 833 831 830 828 828 825 824 822 820 818 816 814 811 810 808 806 803 800 798 796 795 793 790 788 794 793 791 789 790 789 790 791 792 792 793 793 793 794 794 795 796 795 796 796 797 798 799 799 799 799 801 801 802 801 802 802 804 804 803 804 806 807 808 807 808 808 808 809 780 781 781 782 782 781
768 769 771 772 774 777 778 780 782 784 786 813 815 816 817 819 823 827 829 828 829 828 828 827 826 825 822 821 818 817 815 813 811 808 806 803 802 800 798 795 793 791 789 788 786 792 791 787 788 789 790 791 791 792 792 792 793 794 794 795 794 795 796 796 797 797 798 798 799 799 800 800 801 801 802 802 802 803 805 806 806 806 806 807 807 808 808 807 780 780 781 781 781 781
766 768 769 772 773 776 777 779 781 782 784 811 813 815 816 817 820 823 824 826 827 825 826 825 824 821 820 819 817 816 813 811 809 807 805 803 800 799 796 793 792 790 789 787 786 784 788 787 788 789 789 790 790 791 791 792 793 793 793 794 794 795 795 796 795 796 796 798 798 799 798 799 800 801 801 801 803 803 805 805 805 805 805 806 807 807 807 807 779 780 780 780 781 781
765 767 769 771 773 774 776 777 779 781 782 784 811 813 814 814 816 818 821 822 823 823 823 821 820 820 818 818 815 813 811 809 808 805 804 802 800 797 794 793 791 790 788 786 783 782 780 787 788 788 789 789 790 790 791 792 792 792 793 793 794 794 795 795 795 796 796 797 797 798 798 799 799 801 802 802 803 803 804 804 804 805 805 805 805 806 806 779 779 778 779 779 780 781
764 766 768 769 772 772 774 776 778 779 780 782 809 811 811 811 813 816 818 819 820 819 819 819 818 817 816 814 814 811 809 808 807 804 802 800 797 795 793 791 790 788 787 784 783 781 779 779 787 787 788 789 789 790 791 790 791 792 792 793 794 793 794 794 795 795 796 795 796 797 798 798 798 800 802 802 803 803 802 803 804 805 805 804 805 805 806 779 778 778 778 779 779 778
763 764 767 767 769 771 773 774 776 778 779 781 806 808 808 809 809 812 814 815 815 817 816 816 815 816 814 812 811 809 808 806 803 803 800 798 796 794 792 790 789 787 785 783 782 780 778 777 778 787 788 788 789 790 789 790 791 791 792 793 792 793 793 794 795 794 795 795 796 796 798 799 800 800 800 802 801 802 802 803 803 804 804 804 804 805 805 776 778 778 778 777 778 778
762 762 765 766 768 770 771 773 774 776 776 778 804 805 806 806 807 808 810 811 812 813 813 814 813 811 811 809 809 807 805 805 801 800 798 796 795 792 791 789 787 786 784 782 780 779 776 777 778 778 787 788 788 788 789 790 790 791 791 791 792 793 793 794 793 794 794 795 795 797 797 799 799 800 800 800 801 801 802 802 802 802 803 804 804 803 804 776 776 778 777 777 778 778
