testData/tiles/oneDegree/grid21.0-42.0-22.0-43.0.asc
ncols   200
nrows   200
xllcorner   21.0
yllcorner   42.0
cellsize   0.005
NODATA_value   -9999.0
[rows 117 to 155 of 200, columns 0 to 86 of 200]
1042 1042 1042 1043 1043 1043 1044 1044 1187 1188 1188 1188 1188 1099 1099 1098 1099 1099 1099 1099 1100 1100 1100 1100 1101 1101 1101 1101 1102 1102 1102 1101 1102 1102 1102 1102 1102 1103 1103 1103 1103 1103 1104 1104 1103 1103 1103 1103 1104 1104 1104 1104 1104 1104 1104 1104 1104 1104 1104 1104 1104 1105 1105 1105 1104 1104 1104 1104 1104 1105 1105 1105 1105 1105 1105 1105 1105 1105 1105 1106 1106 1106 1106 1106 1106 1106 1106
1041 1042 1042 1042 1043 1043 1043 1044 1187 1187 1188 1188 1098 1097 1098 1098 1098 1099 1099 1099 1099 1100 1100 1100 1100 1101 1101 1101 1101 1101 1101 1101 1101 1102 1102 1102 1102 1102 1103 1103 1103 1103 1102 1103 1103 1103 1103 1103 1103 1104 1104 1104 1104 1103 1103 1104 1104 1104 1104 1104 1104 1104 1105 1104 1104 1104 1104 1104 1104 1104 1104 1105 1105 1105 1105 1105 1105 1105 1105 1105 1105 1105 1106 1106 1106 1106 1106
1041 1042 1042 1042 1043 1043 1043 1043 1044 1187 1096 1097 1097 1097 1098 1098 1098 1098 1099 1099 1099 1099 1100 1100 1100 1100 1101 1101 1100 1100 1101 1101 1101 1101 1101 1102 1102 1102 1102 1103 1103 1102 1102 1102 1102 1103 1103 1103 1103 1103 1104 1104 1103 1103 1103 1103 1103 1104 1104 1104 1104 1103 1103 1103 1104 1104 1104 1104 1104 1104 1104 1104 1104 1105 1105 1105 1105 1105 1105 1105 1105 1105 1105 1105 1105 1105 1106
1041 1041 1042 1042 1042 1043 1043 1043 1043 1096 1096 1096 1097 1097 1097 1098 1098 1098 1098 1099 1099 1099 1099 1100 1100 1100 1099 1100 1100 1100 1100 1101 1101 1101 1101 1101 1102 1102 1102 1102 1101 1102 1102 1102 1102 1102 1103 1103 1103 1103 1103 1102 1103 1103 1103 1103 1103 1103 1104 1104 1103 1103 1103 1103 1103 1103 1104 1104 1104 1104 1104 1104 1104 1104 1104 1104 1105 1105 1105 1105 1105 1105 1105 1105 1105 1105 1105
1041 1041 1041 1042 1042 1042 1042 1042 952 1096 1096 1096 1096 1097 1097 1097 1098 1098 1098 1098 1099 1099 1099 1099 1099 1099 1099 1099 1100 1100 1100 1100 1101 1101 1101 1101 1101 1102 1101 1101 1101 1101 1102 1102 1102 1102 1102 1103 1103 1103 1102 1102 1102 1103 1103 1103 1103 1103 1103 1102 1103 1103 1103 1103 1103 1103 1103 1103 1104 1104 1104 1104 1104 1104 1104 1104 1104 1104 1104 1105 1105 1105 1105 1105 1105 1105 1105
1040 1041 1041 1040 1041 1041 951 952 952 1095 1096 1096 1096 1096 1097 1097 1097 1098 1098 1098 1098 1099 1099 1098 1098 1099 1099 1099 1099 1100 1100 1100 1100 1101 1101 1101 1101 1100 1101 1101 1101 1101 1101 1102 1102 1102 1102 1102 1101 1102 1102 1102 1102 1102 1102 1103 1103 1103 1102 1102 1102 1102 1103 1103 1103 1103 1103 1103 1103 1103 1103 1104 1104 1104 1104 1104 1104 1104 1104 1104 1104 1104 1105 1105 1105 1105 1105
1040 1039 1040 1040 1040 951 951 951 952 952 1095 1096 1096 1096 1096 1097 1097 1097 1098 1098 1098 1097 1098 1098 1098 1098 1099 1099 1099 1099 1100 1100 1100 1100 1100 1100 1100 1100 1100 1100 1101 1101 1101 1101 1101 1102 1102 1101 1101 1101 1102 1102 1102 1102 1102 1102 1102 1102 1102 1102 1102 1102 1102 1102 1103 1103 1103 1103 1103 1103 1103 1103 1103 1104 1104 1104 1104 1104 1104 1104 1104 1104 1104 1104 1104 1104 1105
1039 1039 1039 950 950 950 951 951 951 952 1095 1095 1096 1096 1096 1096 1097 1097 1097 1097 1097 1097 1097 1098 1098 1098 1098 1099 1099 1099 1099 1099 1100 1100 1099 1099 1100 1100 1100 1100 1100 1101 1101 1101 1101 1101 1101 1101 1101 1101 1101 1101 1102 1102 1102 1102 1101 1101 1101 1102 1102 1102 1102 1102 1102 1102 1102 1103 1103 1103 1103 1103 1103 1103 1103 1103 1104 1104 1104 1104 1104 1104 1104 1104 1104 1104 1104
1039 1039 949 950 950 950 950 951 951 951 1095 1095 1095 1096 1096 1096 1096 1096 1096 1096 1097 1097 1097 1097 1098 1098 1098 1098 1099 1099 1099 1099 1098 1099 1099 1099 1099 1100 1100 1100 1100 1100 1101 1101 1100 1100 1100 1100 1101 1101 1101 1101 1101 1101 1102 1101 1101 1101 1101 1101 1101 1102 1102 1102 1102 1102 1102 1102 1102 1103 1103 1103 1103 1103 1103 1103 1103 1103 1103 1103 1104 1104 1104 1104 1104 1104 1104
948 949 949 949 950 950 950 950 951 951 1094 1095 1095 1095 1096 1095 1095 1095 1096 1096 1096 1096 1097 1097 1097 1097 1098 1098 1098 1098 1099 1098 1098 1098 1099 1099 1099 1099 1099 1100 1100 1100 1100 1099 1100 1100 1100 1100 1100 1100 1101 1101 1101 1101 1100 1100 1101 1101 1101 1101 1101 1101 1101 1102 1102 1102 1102 1102 1102 1102 1102 1102 1103 1103 1103 1103 1103 1103 1103 1103 1103 1103 1103 1103 1104 1104 1104
948 948 949 949 949 950 950 950 950 951 1094 1094 1095 1094 1094 1095 1095 1095 1095 1096 1096 1096 1096 1097 1097 1097 1097 1098 1098 1097 1097 1098 1098 1098 1098 1098 1099 1099 1099 1099 1100 1100 1099 1099 1099 1099 1100 1100 1100 1100 1100 1101 1100 1100 1100 1100 1100 1100 1101 1101 1101 1101 1101 1101 1101 1101 1102 1102 1102 1102 1102 1102 1102 1102 1102 1103 1103 1103 1103 1103 1103 1103 1103 1103 1103 1103 1103
948 948 948 949 949 949 950 950 950 950 951 1093 1093 1094 1094 1094 1094 1095 1095 1095 1096 1096 1096 1096 1097 1097 1097 1096 1097 1097 1097 1097 1097 1098 1098 1098 1098 1099 1099 1099 1098 1098 1099 1099 1099 1099 1099 1100 1100 1100 1100 1099 1099 1100 1100 1100 1100 1100 1100 1100 1101 1101 1101 1101 1101 1101 1101 1101 1102 1102 1102 1102 1102 1102 1102 1102 1102 1102 1103 1103 1103 1103 1103 1103 1103 1103 1103
947 948 948 948 949 949 949 949 949 949 949 1093 1093 1093 1094 1094 1094 1094 1095 1095 1095 1095 1096 1096 1096 1097 1096 1096 1096 1096 1097 1097 1097 1097 1098 1098 1098 1098 1098 1098 1098 1098 1098 1098 1099 1099 1099 1099 1099 1100 1099 1099 1099 1099 1099 1099 1100 1100 1100 1100 1100 1100 1100 1101 1101 1101 1101 1101 1101 1101 1101 1102 1102 1102 1102 1102 1102 1102 1102 1102 1102 1102 1102 1103 1103 1103 1103
947 947 948 948 948 948 948 948 948 949 949 1092 1093 1093 1093 1094 1094 1094 1094 1095 1095 1095 1095 1096 1095 1095 1095 1096 1096 1096 1096 1097 1097 1097 1097 1097 1098 1098 1097 1097 1098 1098 1098 1098 1098 1098 1099 1099 1099 1098 1098 1099 1099 1099 1099 1099 1099 1099 1100 1100 1100 1100 1100 1100 1100 1101 1101 1101 1101 1101 1101 1101 1101 1101 1102 1102 1102 1102 1102 1102 1102 1102 1102 1102 1102 1102 1102
946 947 947 946 947 947 947 948 948 948 949 1092 1092 1093 1093 1093 1093 1094 1094 1094 1095 1095 1094 1094 1095 1095 1095 1095 1096 1096 1096 1096 1096 1097 1097 1097 1096 1097 1097 1097 1097 1097 1098 1098 1098 1098 1098 1098 1098 1098 1098 1098 1098 1099 1099 1099 1099 1099 1099 1099 1100 1100 1100 1100 1100 1100 1100 1100 1101 1101 1101 1101 1101 1101 1101 1101 1101 1101 1102 1102 1102 1102 1102 1102 1102 1102 1102
945 945 946 946 946 947 947 947 948 948 948 949 1092 1092 1093 1093 1093 1093 1094 1094 1093 1093 1094 1094 1094 1094 1095 1095 1095 1095 1096 1096 1096 1096 1097 1096 1096 1096 1096 1097 1097 1097 1097 1097 1098 1098 1097 1097 1097 1098 1098 1098 1098 1098 1098 1098 1099 1099 1099 1099 1099 1099 1099 1100 1100 1100 1100 1100 1100 1100 1100 1101 1101 1101 1101 1101 1101 1101 1101 1101 1101 1101 1101 1102 1102 1102 1102
945 945 945 946 946 946 947 947 947 948 948 948 1092 1092 1092 1092 1093 1093 1092 1093 1093 1093 1093 1094 1094 1094 1094 1095 1095 1095 1095 1096 1096 1095 1095 1095 1096 1096 1096 1096 1096 1097 1097 1097 1097 1096 1097 1097 1097 1097 1097 1097 1098 1098 1098 1098 1098 1098 1099 1099 1099 1099 1099 1099 1099 1099 1100 1100 1100 1100 1100 1100 1100 1100 1100 1101 1101 1101 1101 1101 1101 1101 1101 1101 1101 1101 1101
944 945 945 945 946 946 946 947 947 947 948 948 1091 1091 1092 1092 1091 1092 1092 1092 1092 1093 1093 1093 1093 1094 1094 1094 1094 1095 1095 1094 1094 1095 1095 1095 1095 1095 1096 1096 1096 1096 1096 1096 1096 1096 1096 1096 1097 1097 1097 1097 1097 1097 1098 1098 1098 1098 1098 1098 1098 1099 1099 1099 1099 1099 1099 1099 1099 1100 1100 1100 1100 1100 1100 1100 1100 1100 1100 1101 1101 1101 1101 1101 1101 1101 1101
944 944 945 945 945 946 946 946 947 947 947 947 1091 1091 1090 1091 1091 1091 1091 1092 1092 1092 1093 1093 1093 1093 1094 1094 1094 1094 1094 1094 1094 1094 1094 1095 1095 1095 1095 1096 1096 1096 1095 1095 1095 1096 1096 1096 1096 1096 1097 1097 1097 1097 1097 1097 1098 1098 1098 1098 1098 1098 1098 1099 1099 1099 1099 1099 1099 1099 1099 1099 1100 1100 1100 1100 1100 1100 1100 1100 1100 1100 1100 1100 1101 1101 1101
944 944 944 945 945 945 946 946 946 946 947 947 946 1090 1090 1090 1091 1091 1091 1091 1092 1092 1092 1092 1093 1093 1093 1093 1093 1093 1093 1093 1094 1094 1094 1094 1094 1095 1095 1095 1095 1095 1095 1095 1095 1095 1095 1096 1096 1096 1096 1096 1097 1097 1097 1097 1097 1097 1097 1098 1098 1098 1098 1098 1098 1098 1099 1099 1099 1099 1099 1099 1099 1099 1099 1099 1100 1100 1100 1100 1100 1100 1100 1100 1100 1100 1100
943 943 944 944 944 945 945 945 946 946 945 946 946 1089 1090 1090 1090 1090 1091 1091 1091 1091 1092 1092 1092 1093 1092 1092 1092 1093 1093 1093 1093 1093 1094 1094 1094 1094 1095 1094 1094 1094 1094 1095 1095 1095 1095 1095 1095 1096 1096 1096 1096 1096 1096 1097 1097 1097 1097 1097 1097 1097 1098 1098 1098 1098 1098 1098 1098 1098 1099 1099 1099 1099 1099 1099 1099 1099 1099 1099 1099 1100 1100 1100 1100 1100 1100
943 943 943 944 944 944 945 944 944 945 945 945 946 1089 1089 1089 1090 1090 1090 1091 1091 1091 1091 1092 1091 1091 1091 1092 1092 1092 1092 1093 1093 1093 1093 1093 1094 1094 1093 1093 1094 1094 1094 1094 1094 1094 1095 1095 1095 1095 1095 1096 1096 1096 1096 1096 1096 1097 1097 1097 1097 1097 1097 1097 1097 1098 1098 1098 1098 1098 1098 1098 1098 1098 1099 1099 1099 1099 1099 1099 1099 1099 1099 1099 1099 1099 1100
942 943 943 943 944 943 943 944 944 944 944 945 945 1088 1089 1089 1089 1090 1090 1090 1090 1091 1091 1090 1090 1091 1091 1091 1091 1092 1092 1092 1092 1093 1093 1093 1092 1092 1093 1093 1093 1093 1094 1094 1094 1094 1094 1094 1095 1095 1095 1095 1095 1095 1096 1096 1096 1096 1096 1096 1097 1097 1097 1097 1097 1097 1097 1097 1098 1098 1098 1098 1098 1098 1098 1098 1098 1098 1099 1099 1099 1099 1099 1099 1099 1099 1099
942 942 941 942 942 942 943 943 943 944 944 944 945 945 1088 1089 1089 1089 1089 1090 1090 1089 1089 1090 1090 1090 1091 1091 1091 1091 1091 1092 1092 1092 1091 1092 1092 1092 1092 1092 1093 1093 1093 1093 1093 1094 1094 1094 1094 1094 1095 1095 1095 1095 1095 1095 1096 1096 1096 1096 1096 1096 1096 1097 1097 1097 1097 1097 1097 1097 1097 1097 1098 1098 1098 1098 1098 1098 1098 1098 1098 1098 1098 1098 1099 1099 1099
940 941 941 941 942 942 942 943 943 943 944 944 944 944 1088 1088 1088 1089 1089 1088 1088 1089 1089 1089 1090 1090 1090 1090 1091 1091 1091 1091 1092 1091 1091 1091 1091 1092 1092 1092 1092 1092 1093 1093 1093 1093 1093 1094 1094 1094 1094 1094 1094 1095 1095 1095 1095 1095 1095 1096 1096 1096 1096 1096 1096 1096 1096 1097 1097 1097 1097 1097 1097 1097 1097 1097 1098 1098 1098 1098 1098 1098 1098 1098 1098 1098 1098
940 940 941 941 941 942 942 942 943 943 943 943 944 944 1087 1088 1088 1087 1087 1088 1088 1088 1089 1089 1089 1089 1090 1090 1090 1090 1091 1090 1090 1090 1091 1091 1091 1091 1091 1092 1092 1092 1092 1092 1093 1093 1093 1093 1093 1093 1094 1094 1094 1094 1094 1094 1095 1095 1095 1095 1095 1095 1096 1096 1096 1096 1096 1096 1096 1096 1096 1097 1097 1097 1097 1097 1097 1097 1097 1097 1097 1097 1098 1098 1098 1098 1098
939 940 940 940 941 941 941 942 942 942 943 943 943 944 943 1086 1086 1087 1087 1087 1088 1088 1088 1088 1089 1089 1089 1089 1090 1089 1089 1089 1090 1090 1090 1090 1090 1091 1091 1091 1091 1092 1092 1092 1092 1092 1093 1093 1093 1093 1093 1093 1094 1094 1094 1094 1094 1094 1094 1095 1095 1095 1095 1095 1095 1095 1096 1096 1096 1096 1096 1096 1096 1096 1096 1097 1097 1097 1097 1097 1097 1097 1097 1097 1097 1097 1097
939 939 940 940 940 941 941 941 942 942 942 942 942 942 942 1086 1086 1086 1087 1087 1087 1087 1088 1088 1088 1088 1089 1089 1088 1088 1089 1089 1089 1089 1090 1090 1090 1090 1090 1091 1091 1091 1091 1091 1092 1092 1092 1092 1092 1093 1093 1093 1093 1093 1093 1094 1094 1094 1094 1094 1094 1094 1095 1095 1095 1095 1095 1095 1095 1095 1096 1096 1096 1096 1096 1096 1096 1096 1096 1096 1097 1097 1097 1097 1097 1097 1097
938 939 939 939 940 940 940 941 941 941 941 941 941 942 942 1085 1085 1086 1086 1086 1087 1087 1087 1087 1088 1088 1087 1087 1088 1088 1088 1088 1089 1089 1089 1089 1090 1090 1090 1090 1090 1091 1091 1091 1091 1091 1092 1092 1092 1092 1092 1092 1093 1093 1093 1093 1093 1093 1094 1094 1094 1094 1094 1094 1094 1095 1095 1095 1095 1095 1095 1095 1095 1095 1096 1096 1096 1096 1096 1096 1096 1096 1096 1096 1096 1096 1096
938 938 939 939 939 940 940 939 940 940 940 940 941 941 941 1085 1085 1085 1086 1086 1086 1086 1087 1087 1086 1086 1087 1087 1087 1087 1088 1088 1088 1088 1089 1089 1089 1089 1089 1090 1090 1090 1090 1091 1091 1091 1091 1091 1091 1092 1092 1092 1092 1092 1092 1093 1093 1093 1093 1093 1093 1094 1094 1094 1094 1094 1094 1094 1094 1095 1095 1095 1095 1095 1095 1095 1095 1095 1095 1095 1096 1096 1096 1096 1096 1097 1097
937 938 938 938 938 938 938 939 939 939 940 940 940 941 941 941 1084 1085 1085 1085 1086 1086 1085 1085 1086 1086 1086 1086 1087 1087 1087 1087 1088 1088 1088 1088 1089 1089 1089 1089 1089 1090 1090 1090 1090 1090 1091 1091 1091 1091 1091 1091 1092 1092 1092 1092 1092 1092 1093 1093 1093 1093 1093 1093 1093 1094 1094 1094 1094 1094 1094 1094 1094 1094 1095 1095 1095 1095 1095 1095 1095 1095 1095 1095 1096 1096 1059
937 937 936 937 937 938 938 938 938 939 939 939 940 940 940 941 1084 1084 1085 1085 1084 1084 1085 1085 1085 1085 1086 1086 1086 1086 1087 1087 1087 1087 1088 1088 1088 1088 1088 1089 1089 1089 1089 1090 1090 1090 1090 1090 1090 1091 1091 1091 1091 1091 1091 1092 1092 1092 1092 1092 1092 1093 1093 1093 1093 1093 1093 1093 1093 1094 1094 1094 1094 1094 1094 1094 1094 1094 1094 1095 1095 1095 1096 1096 1058 1058 1059
935 936 936 936 937 937 937 938 938 938 939 939 939 940 940 940 1083 1084 1083 1083 1084 1084 1084 1084 1085 1085 1085 1085 1086 1086 1086 1086 1087 1087 1087 1087 1088 1088 1088 1088 1088 1089 1089 1089 1089 1089 1090 1090 1090 1090 1090 1090 1091 1091 1091 1091 1091 1091 1092 1092 1092 1092 1092 1092 1092 1093 1093 1093 1093 1093 1093 1093 1093 1093 1094 1094 1094 1094 1094 1094 1094 1095 1057 1057 1058 1058 1059
935 935 935 936 936 936 937 937 937 938 938 938 939 939 939 940 939 1082 1082 1083 1083 1083 1084 1084 1084 1084 1085 1085 1085 1085 1086 1086 1086 1086 1087 1087 1087 1087 1087 1088 1088 1088 1088 1088 1089 1089 1089 1089 1089 1090 1090 1090 1090 1090 1090 1091 1091 1091 1091 1091 1091 1092 1092 1092 1092 1092 1092 1092 1092 1093 1093 1093 1093 1093 1093 1093 1093 1093 1093 1095 1057 1057 1057 1058 1058 1058 1058
934 934 935 935 936 936 936 937 937 937 937 938 938 938 938 938 938 1082 1082 1082 1082 1083 1083 1083 1084 1084 1084 1084 1085 1085 1085 1085 1086 1086 1086 1086 1086 1087 1087 1087 1087 1088 1088 1088 1088 1088 1089 1089 1089 1089 1089 1089 1090 1090 1090 1090 1090 1090 1091 1091 1091 1091 1091 1091 1091 1092 1092 1092 1092 1092 1092 1092 1092 1092 1093 1093 1093 1093 1094 1056 1056 1056 1057 1057 1057 1057 1058
934 934 934 935 935 935 936 936 936 937 937 936 937 937 937 937 938 1081 1081 1082 1082 1082 1082 1083 1083 1083 1084 1084 1084 1084 1085 1085 1085 1085 1085 1086 1086 1086 1086 1087 1087 1087 1087 1087 1088 1088 1088 1088 1088 1089 1089 1089 1089 1089 1089 1090 1090 1090 1090 1090 1090 1090 1091 1091 1091 1091 1091 1091 1091 1091 1092 1092 1092 1092 1092 1092 1092 1055 1055 1055 1057 1057 1057 1057 1058 1058 1058
933 933 934 934 934 935 935 935 936 935 935 936 936 936 937 937 937 1080 1081 1081 1081 1082 1082 1082 1082 1083 1083 1083 1083 1084 1084 1084 1084 1085 1085 1085 1085 1086 1086 1086 1086 1086 1087 1087 1087 1087 1087 1088 1088 1088 1088 1088 1089 1089 1089 1089 1089 1089 1089 1090 1090 1090 1090 1090 1090 1090 1091 1091 1091 1091 1091 1091 1091 1091 1091 1054 1055 1055 1055 1056 1056 1056 1056 1057 1057 1057 1057
932 933 933 933 934 934 933 934 934 934 935 935 935 936 936 936 937 937 1080 1080 1081 1081 1081 1082 1082 1082 1082 1083 1083 1083 1083 1084 1084 1084 1084 1085 1085 1085 1085 1085 1086 1086 1086 1086 1086 1087 1087 1087 1087 1087 1088 1088 1088 1088 1088 1088 1089 1089 1089 1089 1089 1089 1089 1090 1090 1090 1090 1090 1090 1090 1090 1091 1091 1053 1054 1054 1054 1054 1055 1055 1055 1056 1057 1057 1057 1057 1058
932 932 932 932 932 932 933 933 933 934 934 934 935 935 935 936 936 936 1080 1080 1080 1080 1081 1081 1081 1082 1082 1082 1082 1083 1083 1083 1083 1084 1084 1084 1084 1084 1085 1085 1085 1085 1085 1086 1086 1086 1086 1086 1087 1087 1087 1087 1087 1088 1088 1088 1088 1088 1088 1088 1089 1089 1089 1089 1089 1089 1089 1090 1090 1090 1090 1052 1052 1053 1053 1053 1054 1055 1055 1055 1055 1056 1056 1056 1056 1057 1057
