testData/tiles/oneDegree/grid38.0-11.0-39.0-12.0.asc
ncols   200
nrows   200
xllcorner   38.0
yllcorner   11.0
cellsize   0.005
NODATA_value   -9999.0
[rows 42 to 83 of 200, columns 0 to 93 of 200]
552 552 552 551 552 551 551 550 548 547 543 544 544 545 545 546 546 547 547 548 548 549 549 550 550 551 551 552 552 553 553 554 554 555 555 556 556 557 557 558 558 559 559 559 560 560 561 561 562 562 562 563 563 564 564 565 565 565 566 566 567 567 567 568 568 569 569 569 570 570 571 571 571 572 572 573 573 573 574 574 574 575 575 575 576 576 577 577 577 578 578 578 579 579
552 553 552 553 552 552 551 551 550 548 544 544 545 545 546 546 547 547 548 548 549 549 550 550 551 551 552 552 553 553 554 554 555 555 556 556 557 557 558 558 558 559 559 560 560 561 561 562 562 562 563 563 564 564 565 565 565 566 566 567 567 567 568 568 569 569 569 570 570 571 571 571 572 572 573 573 573 574 574 574 575 575 575 576 576 577 577 577 578 578 578 579 579 579
553 553 554 553 554 553 553 551 551 550 548 545 545 546 546 547 547 548 548 549 549 550 550 551 551 552 552 553 553 554 554 555 555 556 556 557 557 558 558 558 559 559 560 560 561 561 562 562 562 563 563 564 564 565 565 565 566 566 567 567 567 568 568 569 569 569 570 570 571 571 571 572 572 573 573 573 574 574 574 575 575 575 576 576 577 577 577 578 578 578 579 579 579 580
554 555 554 555 554 554 553 553 552 551 548 545 546 546 547 547 548 548 549 549 550 550 551 551 552 552 553 553 554 554 555 555 556 556 557 557 557 558 558 559 559 560 560 561 561 562 562 562 563 563 564 564 565 565 565 566 566 567 567 567 568 568 569 569 569 570 570 571 571 571 572 572 573 573 573 574 574 574 575 575 576 576 576 577 577 577 578 578 578 579 579 579 580 580
555 555 555 555 555 555 555 554 553 552 550 545 546 546 547 548 548 549 549 550 550 551 551 552 552 553 553 554 554 555 555 555 556 556 557 557 558 558 559 559 560 560 561 561 561 562 562 563 563 564 564 564 565 565 566 566 567 567 567 568 568 569 569 569 570 570 571 571 571 572 572 573 573 573 574 574 574 575 575 576 576 576 577 577 577 578 578 578 579 579 579 580 580 580
556 556 556 555 556 556 555 555 554 553 551 550 546 547 547 548 548 549 549 550 551 551 552 552 553 553 553 554 554 555 555 556 556 557 557 558 558 559 559 560 560 561 561 561 562 562 563 563 564 564 564 565 565 566 566 567 567 567 568 568 569 569 569 570 570 571 571 571 572 572 573 573 573 574 574 574 575 575 576 576 576 577 577 577 578 578 578 579 579 579 580 580 580 581
556 557 556 557 556 556 557 556 555 554 553 550 547 547 548 548 549 549 550 550 551 551 552 552 553 553 554 554 555 555 556 556 557 557 558 558 559 559 560 560 560 561 561 562 562 563 563 564 564 564 565 565 566 566 567 567 567 568 568 569 569 569 570 570 571 571 571 572 572 572 573 573 574 574 574 575 575 575 576 576 577 577 577 578 578 578 579 579 579 580 580 580 581 581
558 557 558 557 558 557 557 557 556 555 554 552 547 548 548 549 549 550 550 551 551 552 552 553 553 554 554 555 555 556 556 557 557 558 558 559 559 559 560 560 561 561 562 562 563 563 563 564 564 565 565 566 566 566 567 567 568 568 569 569 569 570 570 571 571 571 572 572 572 573 573 574 574 574 575 575 575 576 576 577 577 577 578 578 578 579 579 579 580 580 580 581 581 581
558 559 558 559 558 558 557 557 556 556 555 553 552 548 549 549 550 550 551 551 552 552 553 553 554 554 555 555 556 556 557 557 558 558 558 559 559 560 560 561 561 562 562 563 563 563 564 564 565 565 566 566 566 567 567 568 568 568 569 569 570 570 570 571 571 572 572 572 573 573 574 574 574 575 575 575 576 576 577 577 577 578 578 578 579 579 579 580 580 580 581 581 581 582
558 559 559 559 559 559 559 558 558 557 556 554 552 549 549 550 550 551 551 552 552 553 553 554 554 555 555 556 556 556 557 557 558 558 559 559 560 560 561 561 562 562 562 563 563 564 564 565 565 566 566 566 567 567 568 568 568 569 569 570 570 570 571 571 572 572 572 573 573 574 574 574 575 575 575 576 576 577 577 577 578 578 578 579 579 579 580 580 580 581 581 581 582 582
560 559 560 560 560 560 559 559 558 558 557 556 553 549 549 550 550 551 551 552 552 553 553 554 554 555 555 556 556 557 557 558 558 559 559 560 560 561 561 561 562 562 563 563 564 564 565 565 565 566 566 567 567 568 568 568 569 569 570 570 570 571 571 572 572 572 573 573 574 574 574 575 575 575 576 576 577 577 577 578 578 578 579 579 579 580 580 580 581 581 581 582 582 582
560 561 560 561 561 560 561 560 560 559 558 556 555 553 550 550 551 551 552 552 553 553 554 554 555 555 556 556 557 557 558 558 559 559 560 560 561 561 561 562 562 563 563 564 564 565 565 565 566 566 567 567 567 568 568 569 569 570 570 570 571 571 572 572 572 573 573 574 574 574 575 575 575 576 576 577 577 577 578 578 578 579 579 579 580 580 580 581 581 581 582 582 582 583
561 561 561 561 561 561 561 561 560 560 559 558 556 554 550 551 551 552 552 553 553 554 554 555 555 556 556 557 557 558 558 559 559 559 560 560 561 561 562 562 563 563 564 564 564 565 565 566 566 567 567 567 568 568 569 569 569 570 570 571 571 572 572 572 573 573 573 574 574 575 575 575 576 576 576 577 577 578 578 578 579 579 579 580 580 580 581 581 581 582 582 582 583 583
561 562 562 562 562 562 561 562 561 560 559 558 557 554 551 551 552 552 553 553 554 554 555 555 556 556 557 557 558 558 558 559 559 560 560 561 561 562 562 563 563 563 564 564 565 565 566 566 567 567 567 568 568 569 569 569 570 570 571 571 571 572 572 573 573 573 574 574 575 575 575 576 576 576 577 577 578 578 578 579 579 579 580 580 580 581 581 581 582 582 582 583 583 583
562 562 563 563 563 562 563 562 562 561 561 559 558 555 551 551 552 552 553 553 554 554 555 555 556 556 557 557 558 558 559 559 560 560 561 561 562 562 562 563 563 564 564 565 565 566 566 566 567 567 568 568 569 569 569 570 570 571 571 571 572 572 573 573 573 574 574 575 575 575 576 576 576 577 577 578 578 578 579 579 579 580 580 580 581 581 581 582 582 582 583 583 583 584
563 563 563 564 563 564 563 563 562 562 561 561 559 557 555 552 552 553 553 554 554 555 555 556 556 557 557 558 558 559 559 560 560 561 561 561 562 562 563 563 564 564 565 565 565 566 566 567 567 568 568 568 569 569 570 570 571 571 571 572 572 573 573 573 574 574 574 575 575 576 576 576 577 577 577 578 578 579 579 579 580 580 580 581 581 581 582 582 582 583 583 583 584 584
563 564 564 564 564 564 564 564 564 563 562 561 560 558 556 552 553 553 554 554 555 555 556 556 557 557 558 558 559 559 560 560 560 561 561 562 562 563 563 564 564 565 565 565 566 566 567 567 568 568 568 569 569 570 570 570 571 571 572 572 572 573 573 574 574 574 575 575 576 576 576 577 577 577 578 578 579 579 579 580 580 580 581 581 581 582 582 582 583 583 583 584 584 584
565 564 565 564 565 564 565 564 564 563 563 563 561 560 557 553 553 554 554 555 555 556 556 557 557 558 558 558 559 559 560 560 561 561 562 562 563 563 564 564 564 565 565 566 566 567 567 567 568 568 569 569 570 570 570 571 571 572 572 572 573 573 574 574 574 575 575 576 576 576 577 577 577 578 578 578 579 579 580 580 580 581 581 581 582 582 582 583 583 583 584 584 584 585
565 566 565 566 565 566 565 565 564 564 563 563 561 560 558 553 553 554 554 555 555 556 556 557 557 558 558 559 559 560 560 561 561 562 562 563 563 563 564 564 565 565 566 566 567 567 567 568 568 569 569 569 570 570 571 571 572 572 572 573 573 574 574 574 575 575 575 576 576 577 577 577 578 578 578 579 579 580 580 580 581 581 581 582 582 582 583 583 583 584 584 584 585 585
565 566 565 566 567 566 566 566 566 565 565 563 563 561 559 557 554 554 555 555 556 556 557 557 558 558 559 559 560 560 561 561 561 562 562 563 563 564 564 565 565 566 566 566 567 567 568 568 569 569 569 570 570 571 571 571 572 572 573 573 573 574 574 575 575 575 576 576 577 577 577 578 578 578 579 579 579 580 580 581 581 581 582 582 582 583 583 583 584 584 584 585 585 563
566 566 567 566 567 566 567 566 566 566 565 565 563 563 560 558 554 555 555 556 556 557 557 558 558 559 559 559 560 560 561 561 562 562 563 563 564 564 565 565 565 566 566 567 567 568 568 568 569 569 570 570 571 571 571 572 572 573 573 573 574 574 575 575 575 576 576 576 577 577 578 578 578 579 579 579 580 580 581 581 581 582 582 582 583 583 583 584 584 584 585 585 563 564
567 567 567 568 567 568 567 567 566 567 565 565 564 563 561 559 554 555 555 556 556 557 557 558 558 559 559 560 560 561 561 562 562 563 563 564 564 564 565 565 566 566 567 567 567 568 568 569 569 570 570 570 571 571 572 572 572 573 573 574 574 574 575 575 576 576 576 577 577 578 578 578 579 579 579 580 580 580 581 581 582 582 582 583 583 583 584 584 584 585 585 563 564 564
567 568 568 568 568 568 568 568 568 567 567 566 565 564 563 560 555 555 556 556 557 557 558 558 559 559 560 560 561 561 562 562 562 563 563 564 564 565 565 566 566 567 567 567 568 568 569 569 570 570 570 571 571 572 572 572 573 573 574 574 574 575 575 576 576 576 577 577 577 578 578 579 579 579 580 580 580 581 581 581 582 582 583 583 583 584 584 584 585 585 563 564 564 564
568 568 569 568 569 568 569 569 568 568 567 567 566 565 563 561 559 556 556 557 557 558 558 559 559 560 560 560 561 561 562 562 563 563 564 564 565 565 566 566 566 567 567 568 568 569 569 569 570 570 571 571 571 572 572 573 573 574 574 574 575 575 575 576 576 577 577 577 578 578 579 579 579 580 580 580 581 581 581 582 582 582 583 583 584 584 584 585 563 563 564 564 564 565
568 569 569 569 569 569 569 569 568 569 568 567 566 566 564 562 559 556 556 557 557 558 558 559 559 560 560 561 561 562 562 563 563 564 564 564 565 565 566 566 567 567 568 568 568 569 569 570 570 571 571 571 572 572 573 573 573 574 574 575 575 575 576 576 577 577 577 578 578 578 579 579 580 580 580 581 581 581 582 582 582 583 583 583 584 584 585 563 563 564 564 564 565 565
569 569 570 570 570 570 570 569 570 569 569 568 567 566 565 563 560 556 557 557 558 558 559 559 560 560 561 561 562 562 563 563 563 564 564 565 565 566 566 567 567 567 568 568 569 569 570 570 570 571 571 572 572 573 573 573 574 574 575 575 575 576 576 576 577 577 578 578 578 579 579 579 580 580 581 581 581 582 582 582 583 583 583 584 584 584 563 563 563 564 564 564 565 565
570 570 570 570 571 570 570 571 570 570 569 569 568 567 566 565 561 557 557 558 558 559 559 560 560 561 561 561 562 562 563 563 564 564 565 565 566 566 566 567 567 568 568 569 569 569 570 570 571 571 572 572 572 573 573 574 574 574 575 575 576 576 576 577 577 578 578 578 579 579 579 580 580 581 581 581 582 582 582 583 583 583 584 584 584 563 563 563 564 564 564 565 565 565
570 571 571 571 571 571 571 571 570 570 570 569 568 568 566 565 562 557 557 558 558 559 559 560 560 561 561 562 562 563 563 564 564 565 565 565 566 566 567 567 568 568 569 569 569 570 570 571 571 571 572 572 573 573 574 574 574 575 575 575 576 576 577 577 577 578 578 579 579 579 580 580 580 581 581 582 582 582 583 583 583 584 584 584 563 563 563 564 564 564 565 565 565 566
570 571 572 571 572 572 572 571 572 571 571 570 570 568 568 566 564 561 558 558 559 559 560 560 561 561 562 562 563 563 563 564 564 565 565 566 566 567 567 568 568 568 569 569 570 570 571 571 571 572 572 573 573 573 574 574 575 575 575 576 576 577 577 577 578 578 578 579 579 580 580 580 581 581 581 582 582 583 583 583 584 584 562 563 563 563 564 564 564 565 565 565 566 566
572 571 572 572 572 572 572 573 572 572 571 571 570 570 568 567 565 562 558 559 559 560 560 560 561 561 562 562 563 563 564 564 565 565 566 566 566 567 567 568 568 569 569 570 570 570 571 571 572 572 572 573 573 574 574 574 575 575 576 576 576 577 577 578 578 578 579 579 580 580 580 581 581 581 582 582 582 583 583 584 584 562 563 563 563 564 564 564 565 565 565 566 566 566
572 573 572 573 573 573 572 573 572 572 571 571 570 570 569 568 565 563 558 559 559 560 560 561 561 562 562 563 563 564 564 565 565 565 566 566 567 567 568 568 569 569 569 570 570 571 571 572 572 572 573 573 574 574 574 575 575 576 576 576 577 577 578 578 578 579 579 579 580 580 581 581 581 582 582 582 583 583 583 584 562 562 563 563 564 564 564 565 565 565 566 566 566 567
572 573 574 573 574 573 574 573 573 573 573 572 572 570 570 568 567 564 559 559 560 560 561 561 562 562 563 563 563 564 564 565 565 566 566 567 567 568 568 568 569 569 570 570 571 571 571 572 572 573 573 573 574 574 575 575 575 576 576 577 577 577 578 578 579 579 579 580 580 580 581 581 582 582 582 583 583 583 562 562 562 563 563 563 564 564 564 565 565 565 566 566 566 567
573 573 574 573 574 574 574 573 574 573 573 573 572 572 570 570 568 566 563 559 560 560 561 561 562 562 563 563 564 564 565 565 566 566 566 567 567 568 568 569 569 570 570 570 571 571 572 572 572 573 573 574 574 575 575 575 576 576 577 577 577 578 578 578 579 579 580 580 580 581 581 581 582 582 583 583 583 562 562 562 563 563 563 564 564 564 565 565 565 566 566 566 567 567
574 574 574 575 574 575 574 575 574 574 573 573 572 572 571 570 568 566 563 560 560 561 561 562 562 563 563 564 564 564 565 565 566 566 567 567 568 568 569 569 569 570 570 571 571 572 572 572 573 573 574 574 574 575 575 576 576 576 577 577 578 578 578 579 579 579 580 580 581 581 581 582 582 582 583 583 562 562 562 563 563 563 564 564 564 565 565 565 566 566 566 567 567 567
574 575 574 575 575 575 575 575 575 574 575 574 574 572 572 570 570 567 564 560 561 561 562 562 562 563 563 564 564 565 565 566 566 567 567 567 568 568 569 569 570 570 571 571 571 572 572 573 573 573 574 574 575 575 575 576 576 577 577 577 578 578 579 579 579 580 580 581 581 581 582 582 582 583 583 561 562 562 562 563 563 564 564 564 565 565 565 566 566 566 567 567 567 568
575 575 575 575 576 575 576 575 575 575 575 574 574 573 572 571 570 568 565 560 561 561 562 562 563 563 564 564 565 565 566 566 566 567 567 568 568 569 569 570 570 570 571 571 572 572 572 573 573 574 574 575 575 575 576 576 577 577 577 578 578 579 579 579 580 580 580 581 581 582 582 582 583 561 561 562 562 562 563 563 563 564 564 564 565 565 566 566 566 567 567 567 567 568
575 576 576 576 576 576 576 576 576 576 575 575 574 574 573 572 570 569 566 561 561 562 562 563 563 563 564 564 565 565 566 566 567 567 568 568 568 569 569 570 570 571 571 571 572 572 573 573 574 574 574 575 575 576 576 576 577 577 578 578 578 579 579 580 580 580 581 581 581 582 582 583 561 561 562 562 562 563 563 563 564 564 564 565 565 565 566 566 566 567 567 567 568 568
575 576 576 577 576 577 576 577 576 576 575 576 575 574 573 573 571 570 567 565 561 562 562 563 563 564 564 565 565 566 566 567 567 567 568 568 569 569 570 570 570 571 571 572 572 573 573 573 574 574 575 575 575 576 576 577 577 577 578 578 579 579 579 580 580 581 581 581 582 582 560 561 561 561 562 562 563 563 563 564 564 564 565 565 565 566 566 566 567 567 567 568 568 568
577 576 577 577 577 577 577 577 577 576 577 576 576 575 574 573 572 570 569 565 562 562 563 563 564 564 565 565 565 566 566 567 567 568 568 569 569 569 570 570 571 571 572 572 572 573 573 574 574 575 575 575 576 576 577 577 577 578 578 579 579 579 580 580 580 581 581 582 582 560 561 561 561 562 562 562 563 563 564 564 564 565 565 565 566 566 566 567 567 567 568 568 568 569
577 577 577 577 578 577 578 578 577 578 577 577 576 576 575 574 573 572 569 565 562 562 563 563 564 564 565 565 566 566 567 567 568 568 568 569 569 570 570 571 571 571 572 572 573 573 574 574 574 575 575 576 576 576 577 577 578 578 578 579 579 580 580 580 581 581 581 582 560 561 561 561 562 562 562 563 563 563 564 564 564 565 565 565 566 566 566 567 567 567 568 568 568 569
577 578 578 578 578 578 578 578 578 578 577 577 576 576 575 575 573 572 570 567 562 563 563 564 564 565 565 566 566 566 567 567 568 568 569 569 570 570 570 571 571 572 572 573 573 573 574 574 575 575 575 576 576 577 577 577 578 578 579 579 579 580 580 581 581 581 560 560 560 561 561 562 562 562 563 563 563 564 564 564 565 565 565 566 566 566 567 567 567 568 568 568 569 569
577 578 578 578 579 579 579 579 579 578 578 578 578 577 576 575 575 573 571 568 562 563 563 564 564 565 565 566 566 567 567 568 568 568 569 569 570 570 571 571 572 572 572 573 573 574 574 574 575 575 576 576 577 577 577 578 578 578 579 579 580 580 580 581 581 560 560 560 561 561 561 562 562 562 563 563 564 564 564 565 565 565 566 566 566 567 567 567 568 568 568 569 569 569
