testData/tiles/oneDegree/grid44.0-22.0-45.0-23.0.asc
ncols   200
nrows   200
xllcorner   44.0
yllcorner   22.0
cellsize   0.005
NODATA_value   -9999.0
[rows 0 to 41 of 200, columns 94 to 187 of 200]
329 329 329 329 330 330 330 330 330 331 331 331 331 332 332 332 332 332 333 333 333 333 333 333 334 334 334 373 373 373 374 374 374 374 374 374 374 375 375 375 375 375 375 375 375 376 376 376 376 376 376 376 376 376 377 378 378 379 380 380 381 382 382 383 383 384 385 386 386 387 388 388 389 389 390 390 391 391 391 392 392 393 393 395 395 396 396 396 397 397 398 398 398 399
329 329 329 329 330 330 330 330 330 331 331 331 331 331 332 332 332 332 332 333 333 333 333 333 334 334 334 373 373 373 373 374 374 374 374 374 374 375 375 375 375 375 375 375 375 376 376 376 376 376 376 376 376 376 376 377 378 379 379 380 380 381 382 382 383 383 385 385 386 387 387 388 388 389 389 390 390 391 391 391 392 392 393 393 395 395 396 396 396 397 397 398 398 398
328 329 329 329 329 330 330 330 330 331 331 331 331 331 332 332 332 332 332 333 333 333 333 333 333 334 334 334 373 373 373 374 374 374 374 374 374 374 375 375 375 375 375 375 375 375 376 376 376 376 376 376 376 376 376 377 377 378 379 379 380 381 381 382 382 383 383 385 386 386 387 387 388 388 389 389 390 390 391 391 392 392 392 393 393 395 395 396 396 396 397 397 398 398
328 329 329 329 329 330 330 330 330 331 331 331 331 331 332 332 332 332 332 333 333 333 333 333 333 334 334 334 334 373 373 374 374 374 374 374 374 374 375 375 375 375 375 375 375 375 376 376 376 376 376 376 376 376 376 376 377 377 378 379 379 380 381 381 382 382 383 384 385 386 386 387 387 388 388 389 389 390 390 391 391 392 392 392 393 393 395 395 396 396 396 397 397 398
328 329 329 329 329 330 330 330 330 330 331 331 331 331 332 332 332 332 332 332 333 333 333 333 333 334 334 334 334 334 373 374 374 374 374 374 374 374 375 375 375 375 375 375 375 375 375 376 376 376 376 376 376 376 376 376 377 377 378 378 379 380 380 381 381 382 382 383 385 385 386 386 387 387 388 388 389 389 390 390 391 391 392 392 393 393 393 394 395 396 396 397 397 397
328 329 329 329 329 330 330 330 330 330 331 331 331 331 331 332 332 332 332 332 333 333 333 333 333 333 334 334 334 334 373 373 374 374 374 374 374 374 374 375 375 375 375 375 375 375 375 376 376 376 376 376 376 376 376 376 376 377 377 378 378 379 380 380 381 381 382 383 383 385 385 386 386 387 387 388 388 389 389 390 390 391 391 392 392 393 393 393 394 395 396 396 397 397
328 328 329 329 329 329 330 330 330 330 331 331 331 331 331 332 332 332 332 332 333 333 333 333 333 333 334 334 334 334 334 373 374 374 374 374 374 374 374 375 375 375 375 375 375 375 375 376 376 376 376 376 376 376 376 376 376 377 377 377 378 378 379 380 380 381 381 382 383 383 385 385 386 386 387 387 388 388 389 389 390 390 391 391 392 392 393 393 393 394 395 396 396 397
328 328 329 329 329 329 330 330 330 330 331 331 331 331 331 332 332 332 332 332 333 333 333 333 333 333 334 334 334 334 334 334 374 374 374 374 374 374 374 374 375 375 375 375 375 375 375 375 376 376 376 376 376 376 376 376 376 376 377 377 377 378 379 379 380 380 381 382 382 383 384 385 385 386 386 387 387 388 388 389 389 390 390 391 391 392 392 393 393 393 394 394 396 396
328 328 329 329 329 329 330 330 330 330 330 331 331 331 331 332 332 332 332 332 332 333 333 333 333 333 334 334 334 334 334 334 334 374 374 374 374 374 374 374 375 375 375 375 375 375 375 375 376 376 376 376 376 376 376 376 376 376 377 377 377 377 378 379 379 380 380 381 382 382 383 384 385 385 386 386 387 387 388 388 389 389 390 390 391 391 392 392 393 393 393 394 394 395
328 328 329 329 329 329 330 330 330 330 330 331 331 331 331 331 332 332 332 332 332 333 333 333 333 333 333 334 334 334 334 334 334 335 374 374 374 374 374 374 375 375 375 375 375 375 375 375 375 376 376 376 376 376 376 376 376 376 376 377 377 377 377 378 379 379 380 381 381 382 382 383 384 385 385 386 386 387 388 388 388 389 389 390 390 391 391 392 392 393 393 393 394 394
328 328 328 329 329 329 329 330 330 330 330 331 331 331 331 331 332 332 332 332 332 333 333 333 333 333 333 334 334 334 334 334 334 335 374 374 374 374 374 374 374 375 375 375 375 375 375 375 375 376 376 376 376 376 376 376 376 376 376 377 377 377 377 377 378 379 379 380 381 381 382 382 384 384 385 385 386 387 387 388 388 389 389 389 390 390 391 391 392 392 393 393 393 394
328 328 328 329 329 329 329 330 330 330 330 331 331 331 331 331 332 332 332 332 332 332 333 333 333 333 333 334 334 334 334 334 334 334 335 374 374 374 374 374 374 375 375 375 375 375 375 375 375 375 376 376 376 376 376 376 376 376 376 376 377 377 377 377 378 378 379 379 380 381 381 382 382 384 384 385 386 386 387 387 388 388 389 389 389 390 390 391 391 392 392 393 393 393
328 328 328 329 329 329 329 330 330 330 330 330 331 331 331 331 331 332 332 332 332 332 333 333 333 333 333 333 334 334 334 334 334 334 335 335 374 374 374 374 374 375 375 375 375 375 375 375 375 375 376 376 376 376 376 376 376 376 376 376 377 377 377 377 377 378 378 379 379 380 381 381 382 382 384 384 385 386 386 387 387 388 388 389 389 389 390 390 391 391 392 392 393 393
328 328 328 329 329 329 329 330 330 330 330 330 331 331 331 331 331 332 332 332 332 332 333 333 333 333 333 333 334 334 334 334 334 334 334 335 335 374 374 374 374 374 375 375 375 375 375 375 375 375 376 376 376 376 376 376 376 376 376 376 376 377 377 377 377 377 378 378 379 379 380 381 381 382 382 384 384 385 386 386 387 387 388 388 389 389 389 390 390 391 391 392 392 393
328 328 328 328 329 329 329 329 330 330 330 330 331 331 331 331 331 332 332 332 332 332 332 333 333 333 333 333 334 334 334 334 334 334 334 335 335 335 374 374 374 374 375 375 375 375 375 375 375 375 375 376 376 376 376 376 376 376 376 376 376 377 377 377 377 377 377 378 378 379 380 380 381 381 382 383 384 385 385 386 386 387 387 388 388 389 389 389 390 390 391 391 392 392
328 328 328 328 329 329 329 329 330 330 330 330 330 331 331 331 331 332 332 332 332 332 332 333 333 333 333 333 333 334 334 334 334 334 334 335 335 335 335 374 374 374 374 375 375 375 375 375 375 375 375 376 376 376 376 376 376 376 376 376 376 376 377 377 377 377 377 377 378 378 379 380 380 381 381 382 383 384 385 385 386 386 387 387 388 388 389 389 389 390 390 391 391 392
328 328 328 328 329 329 329 329 330 330 330 330 330 331 331 331 331 331 332 332 332 332 332 333 333 333 333 333 333 334 334 334 334 334 334 334 335 335 335 374 374 374 374 375 375 375 375 375 375 375 375 375 376 376 376 376 376 376 376 376 376 376 377 377 377 377 377 377 377 378 378 379 380 380 381 381 382 383 384 385 385 386 386 387 387 388 388 389 389 389 390 390 391 391
328 328 328 328 329 329 329 329 329 330 330 330 330 331 331 331 331 331 332 332 332 332 332 333 333 333 333 333 333 334 334 334 334 334 334 334 335 335 335 335 374 374 374 374 375 375 375 375 375 375 375 375 376 376 376 376 376 376 376 376 376 376 376 377 377 377 377 377 377 377 378 378 379 380 380 381 381 382 383 384 385 385 386 386 387 387 388 388 389 389 389 390 390 391
327 328 328 328 328 329 329 329 329 330 330 330 330 331 331 331 331 331 332 332 332 332 332 332 333 333 333 333 333 333 334 334 334 334 334 334 335 335 335 335 335 374 374 374 375 375 375 375 375 375 375 375 375 376 376 376 376 376 376 376 376 376 376 376 377 377 377 377 377 377 377 378 378 379 380 380 381 381 382 383 384 385 385 386 386 387 387 388 388 388 389 389 390 390
327 328 328 328 328 329 329 329 329 330 330 330 330 330 331 331 331 331 331 332 332 332 332 332 333 333 333 333 333 333 334 334 334 334 334 334 334 335 335 335 335 335 374 374 375 375 375 375 375 375 375 375 375 376 376 376 376 376 376 376 376 376 376 376 377 377 377 377 377 377 377 377 378 378 379 380 380 381 381 382 383 384 384 385 386 386 387 387 388 388 388 389 389 390
327 328 328 328 328 329 329 329 329 330 330 330 330 330 331 331 331 331 331 332 332 332 332 332 333 333 333 333 333 333 334 334 334 334 334 334 334 335 335 335 335 335 335 374 374 375 375 375 375 375 375 375 375 375 376 376 376 376 376 376 376 376 376 376 376 377 377 377 377 377 377 377 377 378 378 379 380 380 381 381 382 383 384 384 385 386 386 387 387 387 388 388 389 389
327 328 328 328 328 329 329 329 329 329 330 330 330 330 331 331 331 331 331 332 332 332 332 332 332 333 333 333 333 333 333 334 334 334 334 334 334 334 335 335 335 335 335 335 374 375 375 375 375 375 375 375 375 375 376 376 376 376 376 376 376 376 376 376 376 376 377 377 377 377 377 377 377 377 378 378 379 380 380 381 381 382 383 384 384 385 385 386 386 387 387 388 388 389
327 327 328 328 328 328 329 329 329 329 330 330 330 330 330 331 331 331 331 331 336 332 332 332 332 333 333 333 333 333 333 334 334 334 334 334 334 334 335 335 335 335 335 335 335 374 375 375 375 375 375 375 375 375 375 376 376 376 376 376 376 376 376 376 376 376 377 377 377 377 377 377 377 377 377 378 378 379 380 380 381 381 382 383 384 384 385 385 386 386 387 387 388 388
331 331 332 332 332 332 333 333 333 333 334 334 334 334 334 335 335 335 335 335 336 336 336 336 336 337 337 337 337 337 337 338 338 338 338 338 338 338 339 339 339 339 339 339 339 339 379 379 379 375 375 375 375 375 375 376 376 376 376 376 376 376 376 376 376 376 376 377 377 377 377 377 377 377 377 377 378 378 379 380 380 381 381 382 383 384 384 385 385 386 386 387 387 388
331 331 332 332 332 332 333 333 333 333 334 334 334 334 334 335 335 335 335 335 336 336 336 336 336 336 337 337 337 337 337 337 338 338 338 338 338 338 338 339 339 339 339 339 339 339 339 379 379 379 379 379 379 379 379 379 380 380 380 380 380 376 376 376 376 376 376 376 377 377 377 377 377 377 377 377 377 378 378 379 380 380 381 381 382 382 384 384 385 385 386 386 387 387
332 332 333 333 333 333 334 334 334 334 334 335 335 335 335 336 336 336 336 336 337 337 337 337 337 337 338 338 338 338 338 338 339 339 339 339 339 339 339 340 340 340 340 340 340 340 340 380 379 379 379 379 379 379 379 379 380 380 380 380 380 380 380 380 380 380 380 380 381 381 381 377 377 377 377 377 377 377 378 378 379 379 380 381 381 382 382 384 384 385 385 386 386 387
333 333 333 334 334 334 334 335 335 335 335 336 336 336 336 336 337 337 337 337 337 338 338 338 338 338 339 339 339 339 339 339 339 340 340 340 340 340 340 340 341 341 341 341 341 341 341 342 381 380 380 380 380 380 380 380 380 381 381 381 380 380 380 380 380 380 380 380 380 381 381 381 381 381 381 381 381 381 377 378 378 379 379 380 381 381 382 382 384 384 385 385 386 386
334 334 334 335 335 335 335 336 336 336 336 337 337 337 337 337 338 338 338 338 338 339 339 339 339 339 339 340 340 340 340 340 340 341 341 341 341 341 341 341 342 342 342 342 342 342 342 342 342 381 381 381 381 381 381 381 381 382 382 382 382 381 381 381 381 381 381 381 381 381 381 381 381 381 381 381 381 381 381 381 382 382 383 383 384 381 381 382 382 383 384 385 385 386
335 335 335 336 336 336 336 337 337 337 337 337 338 338 338 338 339 339 339 339 339 340 340 340 340 340 340 341 341 341 341 341 341 342 342 342 342 342 342 342 343 343 343 342 342 342 342 342 343 343 382 382 382 382 382 382 382 382 383 383 382 382 382 382 382 382 382 382 382 382 381 382 382 382 382 382 382 381 381 381 381 382 382 383 383 384 384 385 386 386 387 383 385 385
335 335 335 336 336 336 336 337 338 338 338 338 339 339 339 339 339 340 340 340 340 340 341 341 341 341 341 342 342 342 342 342 342 341 342 342 342 342 342 342 342 343 343 343 343 343 343 343 343 344 344 383 383 383 383 383 383 382 382 383 383 383 383 383 383 383 383 383 383 382 382 383 383 383 383 383 383 383 382 382 382 382 383 383 383 383 384 384 385 385 386 387 387 388
336 336 336 336 337 337 337 337 338 338 338 338 339 339 339 339 339 340 340 340 340 340 341 341 341 341 341 341 342 342 342 342 342 342 343 343 343 343 343 343 343 344 344 344 344 344 344 344 344 345 345 345 383 383 383 383 383 383 383 384 384 384 384 384 384 384 384 383 383 383 383 383 384 384 384 384 384 383 383 383 383 383 383 383 384 384 384 385 385 386 385 386 386 387
337 337 337 337 338 338 338 338 339 339 339 339 340 340 340 340 340 341 341 341 341 341 342 342 342 342 342 342 343 343 343 343 343 343 344 344 344 344 344 344 344 344 344 344 344 344 344 344 344 344 345 345 345 384 384 384 384 384 384 384 385 385 385 384 384 384 384 384 384 384 384 384 384 385 385 384 384 384 384 384 384 384 384 384 383 384 385 385 386 386 387 386 387 387
337 337 337 337 338 338 338 338 339 339 339 339 339 340 340 340 340 340 341 341 341 341 341 342 342 342 342 342 343 343 343 343 343 343 343 344 344 344 344 344 344 344 345 345 345 345 345 345 345 345 346 346 346 346 385 385 384 384 384 384 385 385 385 385 385 385 385 385 385 385 385 385 384 384 385 385 385 385 385 385 385 385 384 384 384 384 385 385 386 387 386 387 387 388
337 338 338 338 339 339 339 339 339 340 340 340 340 341 341 341 341 341 342 342 342 342 342 343 343 343 343 343 343 344 344 344 344 344 344 345 345 345 345 345 345 345 346 346 346 346 345 345 345 345 345 346 346 346 346 385 385 385 385 385 385 386 386 386 386 386 385 385 385 385 385 385 385 385 385 386 386 386 386 385 385 385 385 385 385 385 385 386 385 386 387 387 388 388
337 338 338 338 338 339 339 339 339 340 340 340 340 341 341 341 341 341 342 342 342 342 342 343 343 343 343 343 343 344 344 344 344 344 344 344 345 345 345 345 345 345 345 346 346 346 346 346 346 346 346 347 347 347 347 347 386 386 386 385 385 385 386 386 386 386 386 386 386 386 386 386 386 386 385 385 386 386 386 386 386 386 386 386 386 386 385 385 386 386 387 387 388 389
338 339 339 339 339 340 340 340 340 341 341 341 341 341 342 342 342 342 342 343 343 343 343 343 344 344 344 344 344 344 345 345 345 345 345 345 346 346 346 346 346 346 346 347 347 347 346 346 346 346 346 346 347 347 347 347 347 386 386 386 386 386 387 387 387 387 387 387 386 386 386 386 386 386 386 386 387 387 387 387 387 386 386 386 386 386 386 386 386 387 387 387 387 388
338 339 339 339 339 340 340 340 340 341 341 341 341 341 342 342 342 342 342 343 343 343 343 343 344 344 344 344 344 344 345 345 345 345 345 345 346 346 346 346 346 346 346 346 347 347 347 347 347 347 347 347 348 348 348 348 348 348 387 386 386 386 386 387 387 387 387 387 387 387 387 387 387 387 387 387 386 387 387 387 387 387 387 387 387 387 387 387 386 386 387 387 388 388
339 339 340 340 340 340 341 341 341 341 342 342 342 342 343 343 343 343 343 344 344 344 344 344 345 345 345 345 345 345 346 346 346 346 346 346 346 347 347 347 347 347 347 346 347 347 347 347 347 347 347 347 347 348 348 348 348 348 348 387 387 387 387 387 388 388 388 388 387 387 387 387 387 387 387 387 387 387 388 388 388 388 388 387 387 387 387 387 387 387 387 387 388 388
339 339 340 340 340 340 341 341 341 341 342 342 342 342 342 343 343 343 343 343 344 344 344 344 344 345 345 345 345 345 345 346 346 346 346 346 346 347 347 347 347 347 347 347 347 348 348 348 348 348 348 348 348 349 349 349 349 348 348 348 348 387 387 387 388 388 388 388 388 388 388 388 388 388 388 388 387 387 387 387 388 388 388 388 388 388 388 388 388 387 387 387 387 388
339 339 340 340 340 340 342 342 342 342 343 343 343 343 343 344 344 344 344 344 345 345 345 345 345 346 346 346 346 346 346 347 347 347 347 346 346 346 347 347 347 347 347 347 347 348 348 348 348 348 348 348 348 348 349 349 349 349 349 349 349 349 388 388 388 389 388 388 388 388 388 388 388 388 388 388 388 388 388 388 388 389 388 388 388 388 388 388 388 388 388 388 388 388
340 340 340 341 341 341 342 342 342 342 342 343 343 343 343 344 344 344 344 344 345 345 345 345 345 345 346 346 346 346 346 346 347 347 347 347 347 347 348 348 348 348 348 348 348 348 349 349 349 349 349 349 348 348 348 349 349 349 349 349 349 349 349 388 388 388 389 389 389 389 389 389 389 389 388 388 388 388 388 388 388 388 389 389 389 389 389 389 389 388 388 388 388 388
340 340 340 341 341 341 341 342 342 342 342 343 343 343 343 343 344 344 344 344 344 345 345 345 345 345 346 346 346 346 346 346 347 347 347 347 347 347 347 348 348 348 348 348 348 348 349 349 349 349 349 349 349 349 349 350 350 350 350 350 350 350 350 349 388 388 389 389 389 389 389 389 389 389 389 389 389 389 389 389 389 388 388 389 389 389 389 389 389 389 389 389 389 389
