testData/tiles/oneDegree/grid46.0-20.0-47.0-21.0.asc
ncols   200
nrows   200
xllcorner   46.0
yllcorner   20.0
cellsize   0.005
NODATA_value   -9999.0
[rows 126 to 167 of 200, columns 94 to 187 of 200]
297 297 297 297 297 297 297 297 297 297 297 297 297 297 297 297 297 297 297 297 297 297 297 297 297 297 297 297 297 297 297 297 297 297 297 297 297 297 297 297 297 297 297 297 297 297 297 297 297 297 297 297 297 297 297 325 339 343 339 325 297 297 297 297 297 297 297 297 297 297 297 297 297 297 297 320 320 320 320 320 320 320 320 320 320 320 320 320 320 320 320 320 320 320
297 297 297 297 297 297 297 297 297 297 297 297 297 297 297 297 297 297 297 297 297 297 297 297 297 297 297 297 297 297 297 297 297 297 297 297 297 297 297 297 297 297 297 297 297 297 297 297 297 297 297 297 297 297 297 324 339 343 339 324 297 297 297 297 297 297 297 297 297 297 297 297 297 297 320 320 320 320 320 320 320 320 320 320 320 320 320 320 320 320 320 320 320 320
297 297 297 297 297 297 297 297 297 297 297 297 297 297 297 297 297 297 297 297 297 297 297 297 297 297 297 297 297 297 297 297 297 297 297 297 297 297 297 297 297 297 297 297 297 297 297 297 297 297 297 297 297 297 297 324 339 342 339 324 297 297 297 297 297 297 297 297 297 297 297 297 297 320 320 320 320 320 320 320 320 320 320 320 320 320 320 320 320 320 320 320 320 320
297 297 297 297 297 297 297 297 297 297 297 297 297 297 297 297 297 297 297 297 297 297 297 297 297 297 297 297 297 297 297 297 297 297 297 297 297 297 297 297 297 297 297 297 297 297 297 297 297 297 297 297 297 297 297 324 339 342 339 324 297 297 297 297 297 297 297 297 297 297 297 297 320 320 320 320 320 320 320 320 320 320 320 320 320 320 320 320 320 320 320 320 320 320
297 297 297 297 297 297 297 297 297 297 297 297 297 297 297 297 297 297 297 297 297 297 297 297 297 297 297 297 297 297 297 297 297 297 297 297 297 297 297 297 297 297 297 297 297 297 297 297 297 297 297 297 297 297 297 324 338 342 338 324 297 297 297 297 297 297 297 297 297 297 297 320 320 320 320 320 320 320 320 320 320 320 320 320 320 320 320 320 320 320 320 320 320 320
297 297 297 297 297 297 297 297 297 297 297 297 297 297 297 297 297 297 297 297 297 297 297 297 297 297 297 297 297 297 297 297 297 297 297 297 297 297 297 297 297 297 297 297 297 297 297 297 297 297 297 297 297 297 297 324 338 342 338 324 297 297 297 297 297 297 297 297 297 297 320 320 320 320 320 320 321 321 321 321 321 321 321 321 321 321 321 321 321 321 321 321 321 321
297 297 297 297 297 297 297 297 297 297 297 297 297 297 297 297 297 297 297 297 297 297 297 297 297 297 297 297 297 297 297 297 297 297 297 297 297 297 297 297 297 297 297 297 297 297 297 297 297 297 297 297 297 297 297 323 338 342 338 323 297 297 297 297 297 297 297 297 298 321 321 321 321 321 321 321 321 321 321 321 321 321 321 321 321 321 321 321 321 321 321 321 321 321
297 297 297 297 297 297 297 297 297 297 297 297 297 297 297 297 297 297 297 297 297 297 297 297 297 297 297 297 297 297 297 297 297 297 297 297 297 297 297 297 297 297 297 297 297 297 297 297 297 297 297 297 297 297 297 323 338 342 338 323 297 297 297 297 298 298 298 298 321 321 321 321 321 321 321 321 321 321 321 321 321 321 321 321 321 321 321 321 321 321 321 321 321 321
297 297 297 297 297 297 297 297 297 297 297 297 297 297 297 297 297 297 297 297 297 297 297 297 297 297 297 297 297 297 297 297 297 297 297 297 297 297 297 297 297 297 297 297 297 297 297 297 297 297 297 297 297 297 297 323 338 342 338 323 298 298 298 298 298 298 298 321 321 321 321 321 321 321 321 321 321 321 321 321 321 321 321 321 321 321 321 321 321 321 321 321 321 321
297 297 297 297 297 297 297 297 297 297 297 297 297 297 297 297 297 297 297 297 297 297 297 297 297 297 297 297 297 297 297 297 297 297 297 297 297 297 297 297 297 297 297 297 297 297 297 297 297 297 297 297 297 297 297 323 339 343 339 324 298 298 298 298 298 298 321 321 321 321 321 321 321 321 321 321 321 321 321 321 321 321 321 321 321 321 321 321 321 321 321 321 321 321
297 297 297 297 297 297 297 297 297 297 297 297 297 297 297 297 297 297 297 297 297 297 297 297 297 297 297 297 297 297 297 297 297 297 297 297 297 297 297 297 297 297 297 297 297 297 297 297 297 297 297 297 297 298 298 324 339 342 339 324 298 298 298 298 298 321 321 321 321 321 321 321 321 322 322 322 322 322 322 322 322 322 322 322 322 322 322 322 322 322 322 322 322 322
297 297 297 297 297 297 297 297 297 297 297 297 297 297 297 297 297 297 297 297 297 297 297 297 297 297 297 297 297 297 297 297 297 297 297 297 297 297 297 297 297 297 297 297 297 297 297 297 297 297 297 298 298 298 298 324 338 342 338 324 298 298 298 298 321 321 321 322 322 322 322 322 322 322 322 322 322 322 322 322 322 322 322 322 322 322 322 322 322 322 322 322 322 322
297 297 297 297 297 297 297 297 297 297 297 297 297 297 297 297 297 297 297 297 297 297 297 297 297 297 297 297 297 297 297 297 297 297 297 297 297 297 297 297 297 297 297 297 297 297 297 297 298 298 298 298 298 298 298 324 338 342 338 324 298 298 298 299 322 322 322 322 322 322 322 322 322 322 322 322 322 322 322 322 322 322 322 322 322 322 322 322 322 322 322 322 322 322
297 297 297 297 297 297 297 297 297 297 297 297 297 297 297 297 297 297 297 297 297 297 297 297 297 297 297 297 297 297 297 297 297 297 297 297 297 297 297 297 297 297 297 297 297 297 298 298 298 298 298 298 298 298 298 324 338 342 338 325 299 299 299 322 322 322 322 322 322 322 322 322 322 322 322 322 322 322 322 322 322 322 322 322 322 322 322 322 322 322 322 322 322 322
297 297 297 297 297 297 297 297 297 297 297 297 297 297 297 297 297 297 297 297 297 297 297 297 297 297 297 297 297 297 297 297 297 297 297 297 297 297 297 297 297 297 297 297 298 298 298 298 298 298 298 298 298 298 298 324 339 343 339 325 299 299 322 322 322 322 322 322 322 322 322 322 322 322 322 322 322 322 323 323 323 323 323 323 323 323 323 323 323 323 323 323 323 322
297 297 297 297 297 297 297 297 297 297 297 297 297 297 297 297 297 297 297 297 297 297 297 297 297 297 297 297 297 297 297 297 297 297 297 297 297 297 297 297 297 297 298 298 298 298 298 298 298 298 298 298 298 299 299 325 339 343 339 325 299 322 322 322 322 322 322 322 322 322 323 323 323 323 323 323 323 323 323 323 323 323 323 323 323 323 323 323 323 323 323 323 323 323
297 297 297 297 297 297 297 297 297 297 297 297 297 297 297 297 297 297 297 297 297 297 297 297 297 297 297 297 297 297 297 297 297 297 297 297 297 297 297 297 298 298 298 298 298 298 298 298 298 298 298 299 299 299 299 325 339 343 339 325 322 322 322 322 322 323 323 323 323 323 323 323 323 323 323 323 323 323 323 323 323 323 323 323 323 323 323 323 323 323 323 323 323 323
297 297 297 297 297 297 297 297 297 297 297 297 297 297 297 297 297 297 297 297 297 297 297 297 297 297 297 297 297 297 297 297 297 297 297 297 297 297 298 298 298 298 298 298 298 298 298 298 299 299 299 299 299 299 299 325 338 342 338 348 322 322 323 323 323 323 323 323 323 323 323 323 323 323 323 323 323 323 323 323 323 323 323 323 323 323 323 323 323 323 323 323 323 323
297 297 297 297 297 297 297 297 297 297 297 297 297 297 297 297 297 297 297 297 297 297 297 297 297 297 297 297 297 297 297 297 297 297 297 297 298 298 298 298 298 298 298 298 298 298 299 299 299 299 299 299 299 299 299 325 338 342 362 349 323 323 323 323 323 323 323 323 323 323 323 323 323 323 323 323 323 323 323 323 323 323 323 323 323 323 323 323 323 323 323 323 323 323
297 297 297 297 297 297 297 297 297 297 297 297 297 297 297 297 297 297 297 297 297 297 297 297 297 297 297 297 297 297 297 297 297 297 297 298 298 298 298 298 298 298 298 298 299 299 299 299 299 299 299 299 299 299 299 326 339 366 362 349 323 323 323 323 323 323 323 323 323 323 323 323 323 323 323 324 324 324 324 324 324 324 324 324 324 324 324 324 324 324 324 324 324 324
297 297 297 297 297 297 297 297 297 297 297 297 297 297 297 297 297 297 297 297 297 297 297 297 297 297 297 297 297 297 297 297 297 298 298 298 298 298 298 298 298 298 299 299 299 299 299 299 299 299 299 299 299 300 300 326 362 366 362 349 323 323 323 323 323 323 323 323 323 324 324 324 324 324 324 324 324 324 324 324 324 324 324 324 324 324 324 324 324 324 324 324 324 324
297 297 297 297 297 297 297 297 297 297 297 297 297 297 297 297 297 297 297 297 297 297 297 297 297 297 297 297 297 297 297 297 298 298 298 298 298 298 298 298 299 299 299 299 299 299 299 299 299 299 300 300 300 300 300 349 362 366 362 349 323 323 323 323 324 324 324 324 324 324 324 324 324 324 324 324 324 324 324 324 324 324 324 324 324 324 324 324 324 324 324 324 324 324
297 297 297 297 297 297 297 297 297 297 297 297 297 297 297 297 297 297 297 297 297 297 297 297 297 297 297 297 297 297 298 298 298 298 298 298 298 298 298 299 299 299 299 299 299 299 299 299 300 300 300 300 300 300 300 349 362 366 362 349 323 324 324 324 324 324 324 324 324 324 324 324 324 324 324 324 324 324 324 324 324 324 324 324 324 324 324 324 324 324 324 324 324 324
297 297 297 297 297 297 297 297 297 297 297 297 297 297 297 297 297 297 297 297 297 297 297 297 297 297 297 297 297 298 298 298 298 298 298 298 298 299 299 299 299 299 299 299 299 299 300 300 300 300 300 300 300 300 323 349 361 365 362 350 324 324 324 324 324 324 324 324 324 324 324 324 324 324 324 324 324 324 324 324 324 325 325 325 325 325 325 325 325 325 324 324 324 324
297 297 297 297 297 297 297 297 297 297 297 297 297 297 297 297 297 297 297 297 297 297 297 297 297 297 297 298 298 298 298 298 298 298 298 299 299 299 299 299 299 299 299 299 300 300 300 300 300 300 300 300 300 323 323 350 362 366 362 350 324 324 324 324 324 324 324 324 324 324 324 324 325 325 325 325 325 325 325 325 325 325 325 325 325 325 325 325 325 325 325 325 325 325
297 297 297 297 297 297 297 297 297 297 297 297 297 297 297 297 297 297 297 297 297 297 297 297 297 297 298 298 298 298 298 298 298 298 299 299 299 299 299 299 299 299 300 300 300 300 300 300 300 300 300 300 323 324 324 350 362 366 362 350 324 324 324 324 324 324 324 325 325 325 325 325 325 325 325 325 325 325 325 325 325 325 325 325 325 325 325 325 325 325 325 325 325 325
297 297 297 297 297 297 297 297 297 297 297 297 297 297 297 297 297 297 297 297 297 297 297 297 297 298 298 298 298 298 298 298 299 299 299 299 299 299 299 299 299 300 300 300 300 300 300 300 300 300 300 324 324 324 324 350 362 366 362 350 324 324 324 324 325 325 325 325 325 325 325 325 325 325 325 325 325 325 325 325 325 325 325 325 325 325 325 325 325 325 325 325 325 325
297 297 297 297 297 297 297 297 297 297 297 297 297 297 297 297 297 297 297 297 297 297 297 297 298 298 298 298 298 298 298 299 299 299 299 299 299 299 299 300 300 300 300 300 300 300 300 300 300 301 324 324 324 324 324 350 362 366 362 350 325 325 325 325 325 325 325 325 325 325 325 325 325 325 325 325 325 325 325 325 325 325 325 325 325 325 325 325 325 325 325 325 325 325
297 297 297 297 297 297 297 297 297 297 297 297 297 297 297 297 297 297 297 297 297 297 298 298 298 298 298 298 298 298 299 299 299 299 299 299 299 299 300 300 300 300 300 300 300 300 300 301 301 301 324 324 324 324 324 350 361 366 362 351 325 325 325 325 325 325 325 325 325 325 325 325 325 325 325 325 325 326 326 326 326 326 326 326 326 326 326 326 326 326 326 326 326 326
297 297 297 297 297 297 297 297 297 297 297 297 297 297 297 297 297 297 297 297 297 298 298 298 298 298 298 298 299 299 299 299 299 299 299 299 300 300 300 300 300 300 300 300 300 301 301 301 301 324 324 324 324 324 324 351 362 367 362 351 325 325 325 325 325 325 325 325 325 325 325 326 326 326 326 326 326 326 326 326 326 326 326 326 326 326 326 326 326 326 326 326 326 326
297 297 297 297 297 297 297 297 297 297 297 297 297 297 297 297 297 297 297 297 298 298 298 298 298 298 298 299 299 299 299 299 299 299 299 300 300 300 300 300 300 300 300 301 301 301 301 301 324 324 324 324 324 325 325 351 362 366 362 351 325 325 325 325 325 325 326 326 326 326 326 326 326 326 326 326 326 326 326 326 326 326 326 326 326 326 326 326 326 326 326 326 326 326
297 297 297 297 297 297 297 297 297 297 297 297 297 297 297 297 297 297 297 298 298 298 298 298 298 298 299 299 299 299 299 299 299 300 300 300 300 300 300 300 300 301 301 301 301 301 301 324 324 324 324 325 325 325 325 351 362 366 362 351 325 325 325 326 326 326 326 326 326 326 326 326 326 326 326 326 326 326 326 326 326 326 326 326 326 326 326 326 326 326 326 326 326 326
297 297 297 297 297 297 297 297 297 297 297 297 297 297 297 297 297 297 298 298 298 298 298 298 298 299 299 299 299 299 299 299 300 300 300 300 300 300 300 300 301 301 301 301 301 301 301 324 324 325 325 325 325 325 325 351 362 366 362 351 326 326 326 326 326 326 326 326 326 326 326 326 326 326 326 326 326 326 326 326 326 326 326 326 326 326 326 326 326 326 326 326 326 326
297 297 297 297 297 297 297 297 297 297 297 297 297 297 297 297 297 298 298 298 298 298 298 298 299 299 299 299 299 299 299 300 300 300 300 300 300 300 301 301 301 301 301 301 301 301 324 325 325 325 325 325 325 325 325 351 362 366 363 352 326 326 326 326 326 326 326 326 326 326 326 326 326 326 327 327 327 327 327 327 327 327 327 327 327 327 327 327 327 327 327 327 327 327
297 297 297 297 297 297 297 297 297 297 297 297 297 297 297 297 298 298 298 298 298 298 298 299 299 299 299 299 299 300 300 300 300 300 300 300 300 301 301 301 301 301 301 301 301 325 325 325 325 325 325 325 325 325 325 352 362 367 362 352 326 326 326 326 326 326 326 326 326 327 327 327 327 327 327 327 327 327 327 327 327 327 327 327 327 327 327 327 327 327 327 327 327 327
297 297 297 297 297 297 297 297 297 297 297 297 297 297 297 298 298 298 298 298 298 298 299 299 299 299 299 299 300 300 300 300 300 300 300 300 301 301 301 301 301 301 301 301 325 325 325 325 325 325 325 325 325 326 326 352 362 366 362 352 326 326 326 326 326 326 327 327 327 327 327 327 327 327 327 327 327 327 327 327 327 327 327 327 327 327 327 327 327 327 327 327 327 327
297 297 297 297 297 297 297 297 297 297 297 297 297 297 298 298 298 298 298 298 298 299 299 299 299 299 299 300 300 300 300 300 300 300 301 301 301 301 301 301 301 301 302 302 325 325 325 325 325 325 325 326 326 326 326 352 362 366 362 352 326 326 326 327 327 327 327 327 327 327 327 327 327 327 327 327 327 327 327 327 327 327 327 327 327 327 327 327 327 327 327 327 327 327
297 297 297 297 297 297 297 297 297 297 297 297 297 298 298 298 298 298 298 298 299 299 299 299 299 299 300 300 300 300 300 300 300 301 301 301 301 301 301 301 301 302 302 325 325 325 325 325 325 326 326 326 326 326 326 352 362 366 362 352 327 327 327 327 327 327 327 327 327 327 327 327 327 327 327 327 327 327 327 328 328 328 328 328 328 328 328 328 328 328 328 328 327 327
297 297 297 297 297 297 297 297 297 297 297 297 298 298 298 298 298 298 298 299 299 299 299 299 299 300 300 300 300 300 300 300 301 301 301 301 301 301 301 302 302 302 325 325 325 325 325 325 326 326 326 326 326 326 326 352 362 366 363 353 327 327 327 327 327 327 327 327 327 327 327 327 328 328 328 328 328 328 328 328 328 328 328 328 328 328 328 328 328 328 328 328 328 328
297 297 297 297 297 297 297 297 297 297 297 297 298 298 298 298 298 298 299 299 299 299 299 299 300 300 300 300 300 300 300 301 301 301 301 301 301 301 302 302 302 325 325 325 325 325 326 326 326 326 326 326 326 326 326 353 362 367 362 353 327 327 327 327 327 327 327 327 328 328 328 328 328 328 328 328 328 328 328 328 328 328 328 328 328 328 328 328 328 328 328 328 328 328
297 297 297 297 297 297 297 297 297 297 297 298 298 298 298 298 298 299 299 299 299 299 299 300 300 300 300 300 300 300 301 301 301 301 301 301 301 302 302 302 302 325 325 325 326 326 326 326 326 326 326 326 326 327 327 353 362 367 362 353 327 327 327 327 327 328 328 328 328 328 328 328 328 328 328 328 328 328 328 328 328 328 328 328 328 328 328 328 328 328 328 328 328 328
297 297 297 297 297 297 297 297 297 297 298 298 298 298 298 298 299 299 299 299 299 299 300 300 300 300 300 300 300 301 301 301 301 301 301 302 302 302 302 302 325 325 325 326 326 326 326 326 326 326 326 326 327 327 327 353 362 366 362 353 327 327 328 328 328 328 328 328 328 328 328 328 328 328 328 328 328 328 328 328 328 328 328 328 328 328 328 328 328 328 328 328 328 328
