testData/tiles/oneDegree/grid21.0-7.0-22.0-8.0.asc
ncols   200
nrows   200
xllcorner   21.0
yllcorner   7.0
cellsize   0.005
NODATA_value   -9999.0
[rows 84 to 125 of 200, columns 0 to 93 of 200]
277 278 278 278 278 278 279 280 280 280 280 280 280 280 281 281 281 281 281 281 281 282 282 282 282 281 281 281 281 282 282 281 281 281 281 280 280 280 280 280 280 280 279 279 279 278 278 278 277 277 277 277 277 276 276 275 275 274 274 274 273 273 272 272 271 271 270 271 270 270 269 269 268 268 267 267 266 266 265 265 264 263 263 262 262 261 261 260 260 259 258 258 257 257
277 277 278 279 279 279 279 279 279 281 281 281 281 281 281 281 282 282 282 282 282 282 281 281 282 282 282 282 282 281 281 281 282 282 281 281 281 281 280 280 280 279 280 280 279 279 279 278 278 277 277 277 276 276 275 276 275 275 275 274 274 273 273 272 272 271 271 270 270 269 269 268 268 267 267 266 267 266 265 265 264 264 263 263 262 262 261 261 260 259 259 258 258 257
278 278 278 278 279 280 280 280 280 280 280 280 281 281 281 282 281 281 281 282 282 282 282 282 282 282 282 282 282 282 282 282 281 281 281 281 281 281 281 281 280 280 280 279 279 278 279 279 278 278 277 277 277 276 276 275 275 274 274 274 273 274 273 273 272 272 271 271 270 270 269 269 268 268 267 267 266 265 265 264 264 263 263 262 262 261 260 260 259 259 258 258 257 256
278 279 279 279 279 279 280 280 281 281 281 281 281 281 282 282 282 282 282 282 282 283 283 283 283 282 282 282 282 282 283 282 282 282 282 281 281 281 280 281 281 280 280 280 279 279 279 278 278 277 277 278 277 277 276 276 275 275 274 274 274 273 273 272 272 271 271 270 271 270 270 269 268 268 267 267 266 266 265 265 264 264 263 263 262 261 261 260 260 259 259 258 257 257
278 278 279 279 280 280 280 280 280 281 282 282 282 282 282 282 282 283 283 283 283 283 282 282 283 283 283 283 283 282 282 282 282 282 282 282 282 281 281 281 280 280 280 280 280 280 279 279 278 278 278 277 277 276 276 275 276 275 275 274 274 274 273 273 272 272 271 271 270 269 269 268 268 267 267 266 266 266 266 265 265 264 263 263 262 262 261 261 260 259 259 258 258 257
279 279 279 279 280 280 281 281 281 281 281 281 282 282 282 283 282 282 282 283 283 283 283 283 283 283 283 283 283 283 283 283 282 282 282 281 282 282 282 281 281 281 280 280 279 279 279 279 279 278 278 278 277 277 276 276 275 275 274 274 273 273 273 273 272 272 271 271 270 270 269 269 268 268 267 267 266 266 265 264 264 263 263 262 262 261 261 260 259 259 258 258 257 256
278 279 280 280 280 280 281 281 282 282 282 282 282 282 282 283 283 283 283 283 283 283 284 284 284 283 283 283 283 283 283 283 283 283 282 282 282 281 281 281 281 281 281 280 280 280 279 279 278 278 278 277 278 277 277 276 276 275 275 274 274 273 273 272 272 271 271 270 270 270 270 269 269 268 268 267 267 266 265 265 264 264 263 263 262 261 261 260 260 259 259 258 257 257
279 279 279 280 281 281 281 281 281 282 283 283 283 283 283 283 283 284 284 284 284 284 283 283 283 284 284 284 283 283 283 283 283 283 283 283 282 282 282 281 281 281 280 280 281 280 280 279 279 279 278 278 277 277 276 276 275 276 275 275 274 274 273 273 272 272 271 271 270 270 269 269 268 268 267 266 266 265 265 265 265 264 263 263 262 262 261 261 260 259 259 258 258 257
279 280 280 280 280 281 282 282 282 282 282 282 282 283 283 284 283 283 283 283 284 284 284 284 284 284 283 283 284 284 284 283 283 283 283 282 282 283 282 282 282 281 281 280 280 280 279 279 279 279 279 278 278 277 277 276 276 275 275 274 274 273 273 273 273 272 272 271 271 270 270 269 268 268 267 267 266 266 265 265 264 263 263 262 262 261 260 260 259 259 258 258 257 256
279 280 280 281 281 281 281 282 282 283 283 283 283 283 283 283 284 284 284 284 284 284 284 285 284 284 284 284 284 284 283 284 284 283 283 283 283 282 282 282 281 282 281 281 281 280 280 279 279 279 278 278 277 278 277 277 276 276 275 275 274 274 273 273 272 272 271 271 270 269 269 269 269 268 268 267 267 266 265 265 264 264 263 263 262 261 261 260 260 259 258 258 257 257
280 280 280 281 281 282 282 282 282 283 283 284 284 284 284 284 284 284 285 285 285 285 284 284 284 284 285 285 284 284 284 284 283 283 284 283 283 283 282 282 282 281 281 281 280 281 280 280 279 279 279 278 278 277 277 276 276 275 276 275 275 274 274 273 273 272 271 271 270 270 269 269 268 268 267 267 266 265 265 264 264 263 262 263 262 262 261 261 260 259 259 258 258 257
280 281 281 281 281 282 282 283 283 283 283 283 283 283 284 285 284 284 284 284 284 285 285 285 285 285 284 284 284 285 285 284 284 284 283 283 283 282 283 283 282 282 282 281 281 280 280 279 279 279 279 279 278 278 277 277 276 276 275 275 274 274 273 273 272 272 272 271 271 270 270 269 269 268 267 267 266 266 265 265 264 263 263 262 262 261 260 260 259 259 258 257 257 256
280 280 281 281 282 282 282 283 283 283 284 284 284 284 284 284 285 285 285 285 285 285 285 285 285 285 285 285 285 284 284 284 285 284 284 284 283 283 283 282 282 281 282 282 281 281 280 280 279 279 279 278 278 277 278 277 277 276 276 275 274 274 273 273 272 272 271 271 270 270 269 268 268 268 268 267 267 266 265 265 264 264 263 263 262 261 261 260 260 259 258 258 257 257
281 281 281 281 282 282 283 283 283 283 284 284 285 285 285 285 285 285 285 286 286 285 285 285 285 285 285 285 285 285 285 284 284 284 284 283 284 284 283 283 282 282 282 281 281 280 281 280 280 279 279 278 278 278 277 277 276 275 275 274 275 274 274 273 273 272 272 271 271 270 269 269 268 268 267 267 266 265 265 264 264 263 262 262 261 261 260 259 259 258 258 257 256 256
280 281 282 282 282 283 283 283 284 284 284 284 284 284 284 286 285 285 285 285 285 285 286 286 286 286 285 285 285 285 285 285 285 284 284 284 283 283 283 283 283 282 282 282 281 281 280 280 279 279 278 279 278 278 277 277 276 276 275 275 274 274 273 273 272 272 271 271 271 270 270 269 269 268 267 267 266 266 265 264 264 263 263 262 262 261 260 260 259 258 258 257 257 256
281 281 281 282 282 283 283 284 284 284 284 285 285 285 285 285 285 285 286 286 286 286 286 286 285 286 286 286 285 285 285 285 284 285 285 284 284 284 283 283 282 282 282 282 282 281 281 280 280 279 279 278 278 277 277 276 277 276 276 275 275 274 274 273 272 272 271 271 270 270 269 269 268 267 267 266 266 266 265 265 264 264 263 262 262 261 261 260 259 259 258 258 257 256
281 282 282 282 283 283 283 284 284 284 285 285 285 286 286 286 286 286 286 286 287 286 286 286 286 286 286 285 286 286 286 285 285 285 284 284 284 284 284 283 283 283 282 282 281 281 280 280 280 280 279 279 278 278 277 277 276 276 275 275 274 274 274 273 273 272 272 271 271 270 269 269 268 268 267 266 266 265 265 264 263 263 262 262 261 260 260 259 259 258 257 257 256 256
281 281 282 282 283 283 284 284 284 284 285 285 285 285 285 286 286 286 286 286 286 286 286 287 287 286 286 286 286 285 285 285 286 285 285 284 284 284 283 283 282 283 283 282 282 281 281 280 280 279 279 278 278 278 278 277 277 276 276 275 274 274 273 273 272 272 271 270 270 269 270 269 269 268 267 267 266 266 265 264 264 263 263 262 261 261 260 260 259 258 258 257 256 256
282 282 282 283 283 283 284 284 285 285 285 285 286 286 286 286 286 286 286 287 287 287 287 286 286 286 287 287 286 286 286 285 285 285 284 285 285 284 284 283 283 283 282 282 281 282 281 281 280 280 279 279 278 278 277 277 276 275 275 275 275 274 274 273 273 272 271 271 270 270 269 268 268 267 267 266 265 265 264 264 263 262 262 261 262 261 260 260 259 259 258 257 257 256
281 282 283 283 283 284 284 284 285 285 286 286 286 286 286 287 287 287 287 287 287 286 287 287 287 287 286 286 286 286 286 286 286 285 285 285 284 284 283 284 283 283 283 282 282 281 281 280 280 279 280 279 279 278 277 277 276 276 275 275 274 274 273 272 272 272 272 271 271 270 269 269 268 268 267 266 266 265 265 264 263 263 262 261 261 260 260 259 258 258 257 257 256 255
282 282 283 283 283 284 285 285 285 285 285 286 286 286 286 287 286 286 287 287 287 287 287 287 287 287 287 287 287 286 286 286 285 286 285 285 285 284 284 283 283 283 282 283 282 282 281 281 280 280 279 279 278 277 277 277 277 276 276 275 275 274 273 273 272 272 271 270 270 269 269 268 267 267 266 267 266 265 265 264 264 263 262 262 261 260 260 259 259 258 257 257 256 255
281 282 283 283 284 284 284 285 286 286 286 286 286 286 287 287 287 287 287 287 288 288 288 287 287 287 287 286 287 287 286 286 286 285 285 285 284 285 284 284 283 283 283 282 282 281 281 281 280 280 279 279 278 278 277 277 276 276 275 274 274 273 274 273 273 272 271 271 270 270 269 268 268 267 267 266 265 265 264 263 263 262 262 261 260 260 259 258 258 257 257 256 255 255
282 282 283 283 284 285 285 285 285 285 287 287 287 287 287 287 288 288 288 288 288 287 287 287 288 288 287 287 287 286 286 286 286 286 286 285 285 284 284 283 283 283 283 282 282 281 281 280 280 279 279 278 278 278 278 277 276 276 275 275 274 274 273 272 272 271 271 270 269 270 269 269 268 267 267 266 266 265 264 264 263 262 262 261 261 260 259 259 258 257 257 256 256 255
282 283 283 284 284 284 285 286 286 286 286 286 286 287 287 288 287 287 287 288 288 288 288 288 287 287 287 288 287 287 287 286 286 286 285 286 285 285 284 284 283 283 282 282 281 282 281 281 280 280 279 279 278 278 277 276 276 275 276 275 275 274 273 273 272 272 271 270 270 269 268 268 267 267 266 265 265 264 264 263 262 262 261 261 261 260 260 259 258 258 257 256 256 255
282 283 283 284 285 285 285 285 285 287 287 287 287 287 287 288 288 288 288 288 288 288 288 288 288 288 288 287 287 287 287 287 286 286 286 285 285 284 284 284 284 283 283 282 282 281 281 280 280 279 280 279 278 278 277 277 276 276 275 274 274 273 273 272 271 272 271 271 270 269 269 268 268 267 266 266 265 264 264 263 263 262 261 261 260 259 259 258 257 257 256 256 255 254
283 283 283 284 284 285 286 286 286 286 286 287 288 288 288 288 288 288 289 289 288 288 288 288 288 288 288 288 287 287 287 286 286 286 286 286 285 285 284 284 283 283 282 283 282 282 281 281 280 280 279 278 278 277 277 276 276 276 275 275 274 274 273 272 272 271 270 270 269 269 268 267 267 266 266 266 265 265 264 263 263 262 261 261 260 260 259 258 258 257 256 256 255 254
282 283 284 284 285 285 285 286 287 287 287 287 287 287 288 289 288 288 288 288 288 289 289 289 288 288 288 287 287 288 287 287 286 286 286 285 285 284 285 284 284 283 283 282 282 281 281 280 280 280 279 279 278 278 277 276 276 275 275 274 273 273 273 273 272 271 271 270 269 269 268 268 267 266 266 265 264 264 263 263 262 261 261 260 259 259 258 258 257 256 256 255 254 254
283 283 284 284 284 286 286 286 286 287 287 288 288 288 288 288 288 289 289 289 289 289 288 288 289 289 288 288 288 287 287 286 287 287 286 286 285 285 284 284 283 283 283 283 282 281 281 280 280 279 279 278 277 278 277 277 276 275 275 274 274 273 272 272 271 271 270 269 269 268 268 268 267 267 266 265 265 264 263 263 262 262 261 260 260 259 258 258 257 256 256 255 254 254
282 283 284 285 285 285 285 287 287 287 287 288 288 289 289 289 289 289 289 289 289 289 289 289 288 288 288 288 288 288 287 287 287 286 286 285 286 285 285 284 284 283 282 282 281 281 281 281 280 280 279 278 278 277 277 276 275 275 274 275 274 273 273 272 271 271 270 270 269 268 268 267 266 266 265 265 264 263 263 262 261 261 260 259 259 258 259 258 257 257 256 255 255 254
283 283 284 284 285 286 286 286 287 287 288 288 288 288 288 289 289 289 289 289 289 289 289 289 289 289 288 288 288 287 287 287 287 287 286 286 285 285 284 284 284 283 283 282 282 281 281 280 279 279 278 279 278 277 277 276 276 275 274 274 273 273 272 271 271 270 269 270 269 269 268 267 267 266 265 265 264 263 263 262 262 261 260 260 259 258 258 257 256 256 255 254 254 253
282 284 284 285 285 285 286 287 287 287 288 288 288 289 289 289 289 289 289 290 290 289 289 289 289 288 288 289 288 288 287 287 286 286 286 286 285 285 284 284 283 283 282 282 281 282 281 280 280 279 279 278 277 277 276 276 275 275 275 274 273 273 272 272 271 270 270 269 268 268 267 266 266 265 265 264 263 263 263 262 262 261 260 260 259 258 258 257 257 256 255 255 254 253
283 283 284 285 286 286 286 287 287 288 288 289 289 289 289 289 290 290 290 290 289 289 290 290 289 289 289 288 288 287 288 287 287 286 286 285 285 284 284 284 284 283 283 282 281 281 280 280 279 278 279 278 278 277 276 276 275 275 274 273 273 272 271 271 271 271 270 269 269 268 267 267 266 265 265 264 263 263 262 262 261 260 260 259 258 258 257 256 256 255 254 254 253 252
282 284 284 285 285 285 287 287 287 288 288 288 289 289 289 290 289 289 289 290 290 290 289 289 289 288 289 289 288 288 287 287 286 286 286 286 285 285 284 284 283 282 282 282 282 281 281 280 279 279 278 278 277 276 276 276 275 275 274 274 273 272 272 271 270 270 269 268 268 267 266 266 265 265 265 264 264 263 262 262 261 260 260 259 258 258 257 256 256 255 255 254 253 253
283 283 284 285 286 286 286 287 287 288 289 289 289 289 289 290 290 290 290 290 290 289 290 290 289 289 289 288 288 288 288 287 287 286 286 285 285 284 285 284 283 283 282 282 281 280 280 279 280 279 278 278 277 277 276 275 275 274 273 273 272 271 272 271 271 270 269 269 268 267 267 266 265 265 264 263 263 262 261 261 260 260 259 258 258 257 256 256 255 254 254 253 252 252
283 284 284 285 285 286 287 287 288 288 288 289 290 290 290 290 290 290 291 290 290 290 290 289 289 290 289 289 288 288 287 287 286 287 286 286 285 284 284 283 283 282 283 282 281 281 280 279 279 278 278 277 276 276 276 275 275 274 274 273 272 272 271 270 270 269 268 268 267 266 267 266 266 265 264 264 263 262 262 261 260 260 259 258 258 257 256 256 255 254 254 253 252 252
283 283 284 285 286 286 287 287 288 289 289 289 289 289 290 291 290 290 290 290 290 291 290 290 290 289 289 288 289 288 288 287 287 286 286 285 284 285 284 284 283 282 282 281 281 280 279 280 279 278 278 277 277 276 275 275 274 273 273 272 272 272 271 271 270 269 269 268 267 267 266 265 265 264 263 263 262 261 261 260 259 259 258 257 257 256 255 256 255 255 254 253 253 252
283 284 284 285 285 287 287 287 288 288 288 290 290 290 290 290 290 291 291 291 290 290 290 289 290 290 289 289 288 288 287 287 287 286 286 285 285 284 284 283 282 283 282 281 281 280 280 279 278 278 277 276 277 276 275 275 274 274 273 272 272 271 270 270 269 268 268 267 267 267 266 265 265 264 263 263 262 262 261 260 260 259 258 258 257 256 256 255 254 254 253 252 252 251
282 283 285 285 286 286 287 287 288 289 289 289 290 290 291 291 291 291 291 290 291 291 290 290 290 289 289 288 289 288 287 287 286 286 285 285 285 284 284 283 283 282 281 281 280 279 280 279 279 278 277 277 276 275 275 274 273 273 273 272 272 271 270 270 269 269 268 267 267 266 265 265 264 263 263 262 261 261 260 259 259 259 258 258 257 256 256 255 254 254 253 252 252 251
283 283 284 285 285 287 287 287 288 288 289 290 290 290 290 291 290 291 291 291 291 290 290 289 290 290 289 289 288 287 287 287 287 286 285 285 284 284 283 282 283 282 282 281 280 280 279 278 278 277 276 277 276 275 275 274 274 273 272 272 271 270 270 269 268 268 268 267 267 266 265 265 264 263 263 262 261 261 260 259 259 258 257 257 256 255 255 254 253 253 252 251 251 250
282 283 284 285 285 286 286 287 288 289 289 290 290 290 291 291 291 291 291 291 291 291 290 290 289 289 288 289 288 288 287 287 286 285 285 285 285 284 283 283 282 281 281 280 279 280 279 279 278 277 277 276 275 275 274 273 273 273 272 272 271 270 270 269 268 268 267 266 266 265 264 264 263 262 262 261 260 261 260 260 259 258 258 257 256 256 255 254 254 253 252 252 251 250
282 283 284 284 285 286 287 287 288 288 290 290 290 291 291 291 291 292 291 291 291 290 290 290 290 289 289 288 288 287 286 287 286 286 285 284 284 283 282 282 282 282 281 280 280 279 278 278 277 276 277 276 275 275 274 273 273 272 271 271 270 269 269 268 269 268 267 267 266 265 265 264 263 263 262 261 261 260 259 259 258 257 257 256 255 255 254 253 253 252 251 251 250 249
282 282 284 285 285 286 286 288 288 289 289 290 290 291 291 292 291 291 291 291 291 291 290 290 289 289 288 289 288 287 287 286 285 285 284 285 284 283 283 282 281 281 280 279 280 279 278 278 277 276 276 275 275 274 273 273 273 272 272 271 270 270 269 268 268 267 266 266 265 264 264 263 262 262 261 261 261 260 259 259 258 257 257 256 255 255 254 253 253 252 251 251 250 249
