testData/tiles/oneDegree/grid45.0-9.0-46.0-10.0.asc
ncols   200
nrows   200
xllcorner   45.0
yllcorner   9.0
cellsize   0.005
NODATA_value   -9999.0
[rows 42 to 83 of 200, columns 0 to 93 of 200]
333 333 333 333 334 334 334 334 335 335 343 344 345 346 347 348 349 350 351 352 353 353 354 355 356 356 357 358 358 360 360 361 362 362 363 363 365 366 366 367 367 368 368 370 370 371 371 372 372 372 373 374 375 375 376 376 376 377 376 376 378 378 379 379 379 379 380 380 380 381 381 382 382 383 383 383 383 384 384 384 384 384 385 385 385 386 385 385 386 386 386 386 386 386
333 333 333 334 334 334 334 334 335 342 343 344 345 346 347 348 349 350 351 352 353 353 354 356 355 356 357 357 358 360 360 361 361 362 363 364 365 365 366 366 367 367 369 370 370 370 371 371 372 372 374 374 375 375 375 376 376 377 376 377 378 378 378 379 379 379 380 380 380 381 382 382 382 383 383 383 383 383 384 384 384 384 384 386 386 386 386 385 385 386 386 386 386 386
333 333 333 334 334 334 334 335 342 342 343 343 345 346 347 348 348 350 351 352 352 353 355 356 355 356 357 357 359 359 360 361 361 362 363 364 365 365 366 366 367 367 369 369 370 370 371 371 372 373 374 374 374 375 375 376 376 376 378 377 378 378 378 379 379 379 379 380 380 381 382 382 382 382 383 383 383 383 384 384 384 384 385 386 386 386 386 385 385 385 386 386 386 386
333 333 334 334 334 334 342 342 342 342 342 344 345 346 347 347 349 350 351 351 352 354 355 355 356 356 356 358 359 359 360 361 361 362 363 364 364 365 366 366 367 368 369 369 370 370 371 371 372 373 373 374 374 375 375 375 376 377 378 377 377 378 378 378 379 379 379 380 381 381 381 382 382 382 382 383 383 383 383 384 385 385 385 385 386 386 386 385 385 385 385 386 386 386
333 333 334 334 334 341 342 342 342 342 343 344 345 346 346 348 349 350 351 351 352 354 354 355 356 356 356 358 358 359 360 360 361 363 363 364 364 365 365 366 367 368 368 369 369 370 370 371 372 373 373 374 374 375 375 375 377 377 377 377 377 378 378 378 379 379 379 380 381 381 381 382 382 382 382 383 383 383 383 384 385 385 385 385 385 386 386 385 385 385 385 385 385 386
333 334 334 334 341 342 342 342 342 342 343 344 345 345 346 348 349 350 350 351 353 354 354 355 356 355 357 358 358 359 360 360 362 362 363 364 364 365 365 367 367 368 368 369 369 370 370 372 372 373 373 373 374 374 375 375 377 377 377 377 377 377 378 378 378 379 380 380 381 381 381 381 382 382 382 382 383 383 384 384 384 385 385 385 385 385 386 385 385 385 385 385 385 386
333 334 334 341 341 342 342 342 342 343 343 344 344 345 347 348 349 349 350 351 353 353 354 355 355 356 357 357 358 359 359 360 362 362 363 363 364 364 366 367 367 368 368 369 369 370 371 372 372 372 373 373 374 374 375 376 376 377 377 376 377 377 378 378 378 379 380 380 380 381 381 381 381 382 382 382 383 384 384 384 384 384 385 385 385 385 385 384 385 385 385 385 386 386
334 341 341 341 342 342 342 342 342 343 343 343 344 345 347 348 348 349 350 352 352 353 354 355 355 356 357 357 358 359 359 361 361 362 363 363 364 364 366 366 367 367 368 368 369 370 371 371 372 372 373 373 374 374 375 376 376 377 377 377 377 377 377 378 379 379 380 380 380 381 381 381 381 382 382 383 383 384 384 384 384 384 385 385 385 385 385 384 384 385 386 386 386 386
341 341 341 341 342 342 342 342 343 343 343 343 344 346 347 347 348 349 351 352 352 353 354 354 356 357 356 357 358 358 360 361 361 362 362 363 364 365 366 366 367 367 368 368 370 370 371 371 372 372 373 373 373 375 375 376 376 376 377 377 376 377 377 378 379 379 379 380 380 380 381 381 381 381 383 383 383 383 384 384 384 384 384 385 385 385 385 385 384 385 386 386 386 386
341 341 341 342 342 342 342 342 343 343 343 343 344 346 346 347 348 349 351 351 352 353 353 355 356 357 356 357 358 358 360 360 361 362 362 363 364 365 365 366 367 367 368 368 370 370 371 371 371 372 372 373 374 375 375 375 376 376 377 377 376 377 378 378 379 379 379 380 380 380 380 381 381 382 382 383 383 383 383 384 384 384 384 384 385 385 385 386 385 385 385 386 386 386
341 341 341 342 342 342 342 343 343 343 343 343 345 345 346 347 348 350 350 351 352 353 353 355 356 356 356 357 357 359 360 360 361 361 362 363 364 365 365 366 366 367 367 369 369 370 370 371 371 372 372 374 374 374 375 375 376 376 376 377 376 377 378 378 378 379 379 379 380 380 380 381 382 382 382 383 383 383 383 383 384 384 384 384 384 385 386 386 385 385 385 385 385 386
341 341 342 342 342 342 342 343 343 343 343 344 344 345 346 347 348 349 350 351 352 352 354 355 355 356 356 357 358 359 359 360 361 361 362 363 364 365 365 366 366 367 368 369 369 370 370 371 371 372 372 373 374 374 375 375 375 376 376 377 377 377 378 378 378 379 379 379 380 380 380 381 382 382 382 382 383 383 383 383 383 384 384 384 384 385 385 386 385 385 385 385 385 385
341 341 342 342 342 342 343 343 343 343 343 344 344 345 346 347 348 349 350 351 351 352 354 355 355 356 356 356 358 359 359 360 360 361 363 363 364 364 365 365 366 367 368 369 369 370 370 370 371 371 373 373 374 374 374 375 375 376 376 377 377 377 377 378 378 378 379 379 379 380 381 381 381 382 382 382 382 383 383 383 383 383 384 384 385 385 385 385 385 385 385 385 385 385
341 342 342 342 342 342 343 343 343 343 343 344 344 345 346 346 348 349 350 351 351 353 354 354 355 356 355 357 358 358 359 360 360 361 362 363 364 364 365 365 366 367 368 368 369 369 370 370 371 372 373 373 373 374 374 375 375 375 377 377 377 378 378 379 379 379 380 380 380 381 382 382 382 383 383 383 383 383 384 384 384 384 385 386 386 386 386 386 385 386 386 386 386 386
341 342 342 342 342 343 343 343 343 343 344 344 344 345 345 347 348 349 350 350 351 353 353 354 355 356 356 357 358 358 359 359 360 362 362 363 363 364 365 365 367 367 368 368 369 369 371 371 373 373 373 374 374 375 376 377 377 377 379 379 379 379 379 379 380 381 381 382 383 383 384 384 384 384 385 385 385 385 385 386 386 387 387 387 388 388 388 388 387 387 388 388 388 388
342 342 342 342 342 343 343 343 343 343 344 344 344 344 345 347 348 349 349 350 352 353 353 354 355 355 357 357 357 358 359 359 360 361 362 363 364 365 365 366 367 368 369 370 370 371 371 372 373 375 375 376 376 377 377 377 378 380 380 381 381 381 381 381 382 382 382 384 384 384 384 385 385 386 386 387 387 387 387 388 389 389 389 389 389 390 390 390 389 389 389 389 389 389
342 342 342 342 343 343 343 343 343 344 344 344 344 344 346 347 348 348 349 350 352 352 353 354 354 355 357 358 358 359 359 360 363 363 364 364 365 366 367 369 369 370 370 371 372 373 373 375 375 376 376 376 378 378 379 379 381 381 381 382 382 381 383 383 383 384 384 385 386 386 386 386 387 387 387 387 388 388 388 389 390 390 390 390 390 390 391 391 391 390 390 390 390 391
342 342 342 342 343 343 343 343 343 344 344 344 344 344 346 347 347 348 349 351 352 353 354 355 356 358 359 358 359 361 361 362 363 364 366 366 367 367 368 369 371 372 372 373 373 374 374 377 377 377 378 378 379 379 380 380 382 383 383 383 384 383 384 384 384 385 386 386 386 388 388 388 389 389 389 389 390 390 391 391 391 392 392 392 392 392 392 393 393 392 392 392 392 392
342 342 342 342 343 343 343 343 344 344 344 344 344 345 347 347 348 350 351 352 353 354 356 356 357 359 360 360 361 361 362 365 365 366 366 367 368 369 371 371 372 372 373 374 375 375 377 377 378 378 379 380 381 381 381 383 383 384 384 384 385 385 385 386 386 387 388 388 388 389 389 389 389 390 390 390 390 392 392 392 392 392 393 393 393 393 393 393 394 393 393 393 393 393
342 342 342 343 343 343 343 343 345 345 345 346 346 347 347 349 350 351 353 354 355 356 356 358 360 361 361 361 363 363 364 365 366 368 368 369 369 370 372 373 374 374 375 375 376 377 379 379 380 380 380 381 381 382 383 385 385 385 386 386 386 386 386 386 388 388 388 389 389 390 391 391 391 391 392 392 392 393 394 394 394 394 394 395 395 395 395 395 395 394 395 395 395 396
342 342 343 344 344 345 345 345 346 347 347 347 347 349 349 350 351 353 354 355 356 358 358 359 361 362 363 363 363 364 367 367 368 368 369 370 371 373 373 374 374 375 376 377 377 379 379 380 380 381 382 383 383 384 385 385 386 386 387 387 387 388 388 388 390 390 390 391 391 391 391 392 392 392 392 393 394 394 394 395 395 395 395 395 396 396 396 396 396 395 395 397 397 397
344 344 344 346 346 346 346 348 348 348 349 349 350 350 351 352 353 353 356 357 358 358 359 362 362 363 364 364 365 366 367 368 369 370 371 371 372 374 374 376 376 377 377 378 379 380 381 382 382 383 383 384 384 385 386 387 388 388 388 389 389 388 389 390 390 391 391 391 392 392 393 394 394 394 394 396 396 396 396 396 397 397 397 397 397 398 398 398 398 397 398 398 398 399
345 346 347 347 347 348 348 349 350 350 350 350 352 352 352 353 354 356 357 358 359 360 361 363 363 365 366 366 366 368 369 370 370 371 372 372 375 375 376 376 377 378 378 380 381 382 382 383 383 383 384 385 386 387 388 388 388 389 389 390 390 389 392 392 392 393 393 393 393 394 394 394 395 395 396 396 397 397 397 397 397 398 398 398 398 398 399 399 399 399 399 399 399 399
347 347 348 349 349 349 351 351 351 351 352 353 353 353 354 354 355 357 359 359 360 361 362 364 365 366 366 367 368 369 370 371 371 373 373 374 376 376 377 377 379 379 380 381 382 382 383 384 385 385 386 386 388 388 388 389 389 391 391 391 392 391 392 393 393 393 394 394 394 395 395 395 395 396 398 398 398 399 399 399 399 399 400 400 400 400 400 400 402 401 401 400 400 400
348 349 350 350 350 351 352 352 353 353 353 354 355 355 355 355 358 359 359 360 361 363 364 365 366 367 368 369 369 370 371 372 373 374 374 376 376 378 379 379 380 380 381 382 384 384 385 385 386 386 386 387 389 390 390 391 391 391 392 392 392 393 393 394 394 395 395 396 396 396 397 397 397 398 399 399 399 399 400 400 400 400 400 401 401 401 401 401 402 402 402 402 402 402
350 351 351 352 352 352 354 354 354 354 355 356 356 356 357 357 359 359 360 362 363 363 365 367 368 368 369 370 371 372 373 373 374 374 376 378 378 379 379 380 380 382 382 384 384 385 385 386 386 388 388 390 390 391 391 391 392 392 393 394 394 396 395 395 396 396 396 397 397 397 397 398 399 399 400 400 400 400 400 401 401 401 401 401 402 402 402 403 403 402 402 403 403 403
351 353 353 353 353 354 355 355 356 356 357 357 358 358 358 358 359 361 362 363 363 366 367 368 368 369 371 371 372 373 373 374 376 376 377 378 379 380 381 382 382 383 384 385 385 386 387 388 388 389 389 391 391 391 392 393 394 394 394 395 396 396 396 396 396 397 397 397 398 398 398 400 401 401 401 402 402 402 402 402 403 403 403 403 403 404 405 405 405 404 404 404 405 405
353 354 354 355 355 356 356 357 357 357 358 359 359 359 359 361 361 362 363 364 365 367 368 368 370 371 372 373 373 373 375 376 376 377 379 379 381 381 382 382 383 384 385 387 387 388 388 389 389 389 391 392 393 393 394 394 394 395 395 396 397 397 397 397 398 399 399 399 400 400 400 401 402 402 402 402 403 403 403 403 403 404 404 404 404 405 406 406 406 405 405 405 405 405
355 356 356 356 356 358 358 358 358 359 360 360 360 361 361 362 362 364 364 365 366 368 369 370 371 372 372 374 375 375 376 377 377 379 380 381 382 382 383 383 385 386 387 387 388 388 389 389 391 391 393 393 394 394 394 395 395 396 396 398 399 399 398 399 399 399 400 400 400 401 401 402 402 403 403 403 403 404 404 404 404 404 405 405 405 406 406 406 407 406 406 406 406 406
357 357 357 357 358 359 359 360 360 360 361 362 362 362 362 363 364 364 365 366 368 370 370 371 372 372 374 376 375 376 377 378 379 380 381 382 382 383 384 385 386 387 388 388 389 389 391 391 392 393 393 394 394 395 395 397 397 397 398 399 399 400 399 400 400 400 400 401 401 401 403 403 403 404 405 405 405 405 406 406 406 406 406 407 408 408 408 408 408 408 408 408 407 407
358 358 359 359 360 360 361 361 361 362 363 363 363 363 364 365 365 365 366 368 370 370 371 372 373 374 376 377 376 378 378 379 380 381 382 383 384 385 385 386 386 388 388 390 390 391 391 392 392 394 394 395 396 397 397 397 398 398 400 400 400 401 400 400 401 401 402 403 403 403 404 405 405 405 406 406 406 406 406 407 407 407 407 408 409 409 409 409 409 409 409 409 409 409
359 360 360 360 362 362 362 362 363 364 364 364 364 365 366 366 366 367 368 369 370 371 373 374 374 375 377 377 378 379 379 380 381 382 384 384 385 385 386 387 388 390 390 391 391 392 392 393 393 396 396 396 397 397 398 398 399 399 400 401 401 402 402 402 402 403 403 403 404 405 405 406 406 406 406 407 407 407 407 407 408 408 408 409 409 410 410 410 410 410 409 409 410 410
361 361 361 362 363 363 363 364 364 365 365 366 366 366 367 367 368 368 369 369 371 373 374 374 375 376 378 379 379 379 380 381 382 384 384 385 386 386 387 388 390 390 391 391 392 392 393 394 396 396 397 397 398 398 399 399 399 400 402 403 403 403 403 403 403 404 404 404 404 406 406 406 407 407 407 407 408 408 408 408 408 409 410 410 410 410 411 411 411 411 410 410 410 410
362 362 363 363 364 364 365 365 365 366 367 367 367 367 369 369 369 369 369 371 373 374 374 375 377 377 379 380 379 380 382 382 384 385 385 386 386 388 389 389 391 391 392 392 393 394 395 395 397 397 398 398 398 399 399 401 401 403 403 403 404 404 403 404 404 404 405 405 406 407 407 407 408 409 409 409 409 410 410 410 410 410 412 412 412 412 412 412 413 413 412 412 412 411
363 364 364 364 366 366 366 366 367 368 368 368 368 369 370 370 370 370 371 373 374 374 375 377 378 379 380 381 380 382 383 383 385 385 386 388 388 389 389 391 391 392 393 394 395 395 396 396 397 398 398 399 400 401 401 402 402 403 404 404 404 405 404 404 405 405 406 407 408 408 409 409 409 409 410 410 410 410 411 411 411 412 412 413 413 413 413 413 413 414 413 413 413 413
365 365 365 367 367 367 367 368 369 369 369 369 370 371 371 371 372 372 372 374 374 375 377 378 378 380 381 382 382 383 383 384 386 386 388 388 389 390 390 392 392 394 394 395 395 396 396 398 398 399 400 401 401 401 402 402 403 404 404 405 405 406 405 406 407 407 407 409 409 409 409 410 410 410 411 411 411 411 411 412 412 413 413 413 414 414 414 414 414 414 413 414 414 414
366 366 367 368 368 368 369 369 370 370 370 371 371 372 372 373 373 373 373 374 376 377 378 378 379 381 382 383 384 383 384 385 387 388 389 389 390 390 391 393 394 395 395 396 396 397 397 399 400 401 401 401 402 402 403 403 405 405 405 406 407 407 407 407 407 408 408 409 410 410 410 411 411 411 411 412 412 412 412 412 414 414 414 414 414 415 415 415 415 415 414 414 415 415
367 368 368 369 369 370 370 370 371 371 372 372 372 373 374 374 374 374 374 376 377 378 378 379 380 383 383 384 385 384 385 388 388 389 389 390 391 391 393 394 395 395 396 396 397 397 399 400 401 401 402 402 403 403 403 404 405 407 407 407 408 408 408 408 408 409 409 410 410 411 411 411 412 412 412 412 413 413 413 413 414 415 415 415 415 415 416 416 416 416 415 415 415 415
369 369 369 370 371 371 371 371 373 373 373 373 373 375 375 375 375 375 376 377 378 378 379 381 382 383 384 385 385 386 387 388 389 390 390 391 392 393 393 395 396 396 397 397 399 399 400 401 402 402 403 403 403 404 404 406 407 407 408 408 409 409 408 409 409 409 410 411 411 412 412 412 412 413 414 414 414 415 415 415 416 416 417 417 417 417 417 417 418 418 417 416 416 416
370 370 370 372 372 372 372 372 374 374 374 374 375 376 376 376 376 377 378 378 378 379 381 382 383 384 385 385 387 387 387 389 390 390 391 392 393 394 395 396 396 397 397 399 399 400 401 402 402 403 403 404 404 406 406 406 408 408 409 409 409 410 409 409 410 410 411 412 412 412 414 414 414 414 415 415 415 415 416 417 417 417 417 418 418 418 418 418 418 419 418 418 418 418
371 371 372 373 373 373 373 374 375 375 375 376 376 377 377 377 378 378 379 379 379 381 382 382 384 385 385 387 388 388 388 390 390 391 393 393 394 394 396 397 397 398 399 400 400 401 402 403 403 404 404 406 406 406 407 408 409 409 409 410 410 411 410 410 411 411 413 413 414 414 414 415 415 415 415 416 416 416 416 418 418 418 418 418 419 419 419 419 419 419 418 419 419 419
372 372 373 374 374 374 375 376 376 376 377 377 377 378 378 379 379 379 380 380 381 382 382 383 385 386 387 388 389 388 389 391 391 393 393 394 395 395 397 397 399 399 400 400 401 401 403 403 404 404 406 406 407 407 408 409 409 410 410 411 411 411 411 411 412 413 414 414 415 415 415 415 416 416 416 416 417 417 417 418 419 419 419 419 419 420 420 420 420 420 419 419 419 420
