testData/tiles/oneDegree/grid47.0-21.0-48.0-22.0.asc
ncols   200
nrows   200
xllcorner   47.0
yllcorner   21.0
cellsize   0.005
NODATA_value   -9999.0
[rows 86 to 128 of 200, columns 0 to 95 of 200]
91 91 91 91 92 92 92 92 92 92 92 92 92 92 92 92 92 92 93 93 93 93 93 93 93 93 99 103 105 107 109 110 112 113 114 116 117 118 119 120 121 122 122 123 124 125 125 126 127 127 128 128 129 129 130 131 132 132 133 133 134 134 134 135 135 135 136 136 136 137 137 137 138 138 138 138 139 139 139 139 140 141 141 141 141 142 142 142 142 142 142 142 143 143 143 143
91 91 91 91 91 92 92 92 92 92 92 92 92 92 92 92 92 92 92 93 93 93 93 93 93 93 99 103 105 107 109 110 112 113 114 115 117 118 119 120 121 122 122 123 124 125 125 126 127 127 128 128 129 129 130 130 132 132 133 133 134 134 134 135 135 135 136 136 136 137 137 137 138 138 138 138 139 139 139 139 140 140 140 141 141 142 142 142 142 142 142 142 143 143 143 143
91 91 91 91 91 92 92 92 92 92 92 92 92 92 92 92 92 92 92 93 93 93 93 93 93 93 99 103 105 107 109 110 112 113 114 115 117 118 119 120 121 122 122 123 124 125 125 126 127 127 128 128 129 129 130 130 131 132 133 133 134 134 134 135 135 135 136 136 136 137 137 137 138 138 138 138 139 139 139 139 140 140 140 140 141 142 142 142 142 142 142 142 143 143 143 143
91 91 91 91 91 91 92 92 92 92 92 92 92 92 92 92 92 92 92 92 93 93 93 93 93 93 99 102 105 107 109 110 112 113 114 115 116 118 119 120 121 122 122 123 124 125 125 126 127 127 128 128 129 129 130 130 131 131 133 133 134 134 134 135 135 135 136 136 136 137 137 137 138 138 138 138 139 139 139 139 140 140 140 140 140 142 142 142 142 142 142 142 142 143 143 143
91 91 91 91 91 91 91 92 92 92 92 92 92 92 92 92 92 92 92 92 92 93 93 93 93 93 99 102 105 107 109 110 112 113 114 115 116 117 119 120 121 122 122 123 124 125 125 126 126 127 128 128 129 129 130 130 131 131 132 133 134 134 134 135 135 135 136 136 136 137 137 137 138 138 138 138 139 139 139 139 140 140 140 140 140 141 142 142 142 142 142 142 142 143 143 143
91 91 91 91 91 91 91 92 92 92 92 92 92 92 92 92 92 92 92 92 92 92 93 93 93 93 99 102 105 107 109 110 111 113 114 115 116 117 118 120 121 122 122 123 124 125 125 126 126 127 128 128 129 129 130 130 131 131 132 132 134 134 134 135 135 135 136 136 136 137 137 137 138 138 138 138 139 139 139 139 140 140 140 140 140 140 141 142 142 142 142 142 142 143 143 332
91 91 91 91 91 91 91 91 92 92 92 92 92 92 92 92 92 92 92 92 92 92 93 93 93 93 99 102 105 107 109 110 111 113 114 115 116 117 118 120 121 122 122 123 124 125 125 126 126 127 128 128 129 129 130 130 131 131 132 132 133 134 134 135 135 135 136 136 136 137 137 137 138 138 138 138 139 139 139 139 140 140 140 140 140 140 141 141 141 142 142 142 142 143 143 332
91 91 91 91 91 91 91 91 92 92 92 92 92 92 92 92 92 92 92 92 92 92 92 93 93 93 99 102 105 107 108 110 111 113 114 115 116 117 118 119 121 122 122 123 124 125 125 126 126 127 128 128 129 129 130 130 131 131 132 132 132 134 134 135 135 135 136 136 136 137 137 137 138 138 138 138 139 139 139 139 140 140 140 140 140 140 141 141 141 141 142 142 142 143 143 332
91 91 91 91 91 91 91 91 91 92 92 92 92 92 92 92 92 92 92 92 92 92 92 92 93 93 99 102 105 107 108 110 111 113 114 115 116 117 118 119 120 122 122 123 124 125 125 126 126 127 128 128 129 129 130 130 131 131 132 132 132 133 134 135 135 135 136 136 136 137 137 137 138 138 138 138 139 139 139 139 140 140 140 140 140 140 141 141 141 141 141 142 142 143 143 332
91 91 91 91 91 91 91 91 91 91 92 92 92 92 92 92 92 92 92 92 92 92 92 92 93 93 99 102 105 107 108 110 111 113 114 115 116 117 118 119 120 121 122 123 124 124 125 126 126 127 128 128 129 129 130 130 131 131 132 132 132 133 133 135 135 135 136 136 136 137 137 137 138 138 138 138 139 139 139 139 139 140 140 140 140 140 141 141 141 141 141 141 141 143 143 332
91 91 91 91 91 91 91 91 91 91 92 92 92 92 92 92 92 92 92 92 92 92 92 92 92 93 99 102 105 107 108 110 111 113 114 115 116 117 118 119 120 121 121 123 124 124 125 126 126 127 128 128 129 129 130 130 131 131 132 132 132 133 133 134 135 135 136 136 136 137 137 137 138 138 138 138 139 139 139 139 139 140 140 140 140 140 141 141 141 141 141 141 141 142 143 332
91 91 91 91 91 91 91 91 91 91 91 92 92 92 92 92 92 92 92 92 92 92 92 92 92 92 99 102 104 107 108 110 111 113 114 115 116 117 118 119 120 120 121 123 124 124 125 126 126 127 128 128 129 129 130 130 131 131 132 132 132 133 133 134 134 135 136 136 136 137 137 137 138 138 138 138 139 139 139 139 139 140 140 140 140 140 141 141 141 141 141 141 141 142 142 331
91 91 91 91 91 91 91 91 91 91 91 91 92 92 92 92 92 92 92 92 92 92 92 92 92 92 98 102 104 106 108 110 111 113 114 115 116 117 118 119 120 120 121 122 124 124 125 126 126 127 128 128 129 129 130 130 131 131 132 132 132 133 133 134 134 134 136 136 136 137 137 137 138 138 138 138 139 139 139 139 139 140 140 140 140 140 141 141 141 141 141 141 141 141 142 331
91 91 91 91 91 91 91 91 91 91 91 91 92 92 92 92 92 92 92 92 92 92 92 92 92 92 98 102 104 106 108 110 111 113 114 115 116 117 118 119 120 120 121 122 123 124 125 126 126 127 128 128 129 129 130 130 131 131 132 132 132 133 133 134 134 134 135 136 136 137 137 137 137 138 138 138 139 139 139 139 139 140 140 140 140 140 141 141 141 141 141 141 141 141 142 331
91 91 91 91 91 91 91 91 91 91 91 91 91 92 92 92 92 92 92 92 92 92 92 92 92 92 98 101 104 106 108 110 111 112 114 115 116 117 118 119 120 120 121 122 123 123 125 126 126 127 127 128 129 129 130 130 131 131 131 132 132 133 133 134 134 134 135 135 135 137 137 137 137 138 138 138 139 139 139 139 139 140 140 140 140 140 141 141 141 141 141 141 141 141 142 331
90 91 91 91 91 91 91 91 91 91 91 91 91 91 92 92 92 92 92 92 92 92 92 92 92 92 98 101 103 106 108 110 111 112 114 115 116 117 118 119 120 120 121 122 123 123 124 126 126 127 127 128 129 129 130 130 131 131 131 132 132 133 133 134 134 134 135 135 135 136 137 137 137 138 138 138 138 139 139 139 139 140 140 140 140 140 141 141 141 141 141 141 141 141 142 331
90 90 91 91 91 91 91 91 91 91 91 91 91 91 92 92 92 92 92 92 92 92 92 92 92 92 98 101 103 105 108 110 111 112 114 115 116 117 118 119 120 120 121 122 123 123 124 125 126 127 127 128 129 129 130 130 131 131 131 132 132 133 133 133 134 134 135 135 135 136 136 137 137 138 138 138 138 139 139 139 139 140 140 140 140 140 140 141 141 141 141 141 141 141 142 331
90 90 91 91 91 91 91 91 91 91 91 91 91 91 91 92 92 92 92 92 92 92 92 92 92 92 98 100 103 105 108 110 111 112 114 115 116 117 118 119 119 120 121 122 123 123 124 125 125 127 127 128 129 129 130 130 131 131 131 132 132 133 133 133 134 134 135 135 135 136 136 136 137 138 138 138 138 139 139 139 139 140 140 140 140 140 140 141 141 141 141 141 141 141 331 331
90 90 90 91 91 91 91 91 91 91 91 91 91 91 91 91 92 92 92 92 92 92 92 92 92 92 98 100 103 105 107 110 111 112 114 115 116 117 118 119 119 120 121 122 123 123 124 125 125 126 127 128 128 129 130 130 131 131 131 132 132 133 133 133 134 134 135 135 135 136 136 136 136 138 138 138 138 139 139 139 139 140 140 140 140 140 140 141 141 141 141 141 141 141 330 331
90 90 90 90 91 91 91 91 91 91 91 91 91 91 91 91 91 92 92 92 92 92 92 92 92 92 98 100 103 105 107 108 111 112 113 115 116 117 118 119 119 120 121 122 123 123 124 125 125 126 127 128 128 129 130 130 130 131 131 132 132 133 133 133 134 134 135 135 135 135 136 136 136 137 138 138 138 139 139 139 139 140 140 140 140 140 140 141 141 141 141 141 141 141 330 331
90 90 90 90 91 91 91 91 91 91 91 91 91 91 91 91 91 92 92 92 92 92 92 92 92 92 98 100 103 105 107 108 110 112 113 115 116 117 118 119 119 120 121 122 122 123 124 125 125 126 126 128 128 129 129 130 130 131 131 132 132 133 133 133 134 134 134 135 135 135 136 136 136 137 137 138 138 139 139 139 139 140 140 140 140 140 140 141 141 141 141 141 141 141 330 331
90 90 90 90 90 91 91 91 91 91 91 91 91 91 91 91 91 91 92 92 92 92 92 92 92 92 98 100 103 105 107 108 110 111 113 115 116 117 118 118 119 120 121 122 122 123 124 124 125 126 126 127 128 129 129 130 130 131 131 132 132 133 133 133 134 134 134 135 135 135 136 136 136 137 137 137 138 139 139 139 139 139 140 140 140 140 140 141 141 141 141 141 141 141 330 331
90 90 90 90 90 90 91 91 91 91 91 91 91 91 91 91 91 91 91 92 92 92 92 92 92 92 98 100 103 105 107 108 110 111 113 114 116 117 118 118 119 120 121 122 122 123 124 124 125 126 126 127 127 129 129 130 130 131 131 132 132 133 133 133 134 134 134 135 135 135 136 136 136 137 137 137 137 138 139 139 139 139 140 140 140 140 140 141 141 141 141 141 141 141 330 331
90 90 90 90 90 90 91 91 91 91 91 91 91 91 91 91 91 91 91 91 92 92 92 92 92 92 98 100 103 105 107 108 110 111 112 114 116 117 118 118 119 120 121 122 122 123 124 124 125 126 126 127 127 128 129 130 130 131 131 132 132 133 133 133 134 134 134 135 135 135 136 136 136 137 137 137 137 138 138 139 139 139 140 140 140 140 140 141 141 141 141 141 141 141 330 330
90 90 90 90 90 90 90 91 91 91 91 91 91 91 91 91 91 91 91 91 92 92 92 92 92 92 98 100 103 105 107 108 110 111 112 113 115 117 117 118 119 120 121 122 122 123 124 124 125 126 126 127 127 128 128 130 130 131 131 132 132 133 133 133 134 134 134 135 135 135 136 136 136 137 137 137 137 138 138 138 139 139 140 140 140 140 140 140 141 141 141 141 141 141 330 330
90 90 90 90 90 90 90 90 91 91 91 91 91 91 91 91 91 91 91 91 91 92 92 92 92 92 98 100 102 105 107 108 110 111 112 113 114 116 117 118 119 120 121 122 122 123 124 124 125 126 126 127 127 128 128 129 130 131 131 132 132 133 133 133 134 134 134 135 135 135 136 136 136 137 137 137 137 138 138 138 138 138 140 140 140 140 140 140 141 141 141 141 141 141 330 330
90 90 90 90 90 90 90 90 91 91 91 91 91 91 91 91 91 91 91 91 91 91 92 92 92 92 98 99 102 105 106 108 110 111 112 113 114 115 117 118 119 120 121 122 122 123 124 124 125 126 126 127 127 128 128 129 129 131 131 132 132 132 133 133 134 134 134 135 135 135 136 136 136 136 137 137 137 138 138 138 138 138 139 140 140 140 140 140 141 141 141 141 141 141 330 330
90 90 90 90 90 90 90 90 90 91 91 91 91 91 91 91 91 91 91 91 91 91 91 92 92 92 98 99 102 104 106 108 109 111 112 113 114 115 116 118 119 120 121 122 122 123 124 124 125 126 126 127 127 128 128 129 129 130 131 132 132 132 133 133 134 134 134 135 135 135 136 136 136 136 137 137 137 137 138 138 138 138 139 139 140 140 140 140 141 141 141 141 141 141 330 330
90 90 90 90 90 90 90 90 90 90 91 91 91 91 91 91 91 91 91 91 91 91 91 92 92 92 98 99 102 104 106 108 109 111 112 113 114 115 116 117 119 120 121 121 122 123 124 124 125 126 126 127 127 128 128 129 129 130 130 132 132 132 133 133 134 134 134 135 135 135 136 136 136 136 137 137 137 137 138 138 138 138 139 139 139 139 140 140 141 141 141 141 141 141 330 330
90 90 90 90 90 90 90 90 90 90 91 91 91 91 91 91 91 91 91 91 91 91 91 91 92 92 98 99 102 104 106 108 109 111 112 113 114 115 116 117 119 120 121 121 122 123 124 124 125 125 126 127 127 128 128 129 129 130 130 131 132 132 133 133 134 134 134 135 135 135 136 136 136 136 137 137 137 137 138 138 138 138 139 139 139 139 139 140 141 141 141 141 141 141 330 330
90 90 90 90 90 90 90 90 90 90 90 91 91 91 91 91 91 91 91 91 91 91 91 91 91 92 98 99 102 104 106 108 109 111 112 113 114 115 116 117 118 120 121 121 122 123 124 124 125 125 126 127 127 128 128 129 129 130 130 131 131 131 133 133 134 134 134 135 135 135 136 136 136 136 137 137 137 137 138 138 138 138 138 139 139 139 139 139 140 141 141 141 141 141 330 330
90 90 90 90 90 90 90 90 90 90 90 90 91 91 91 91 91 91 91 91 91 91 91 91 91 91 92 99 102 104 106 108 109 111 112 113 114 115 116 117 118 119 121 121 122 123 123 124 125 125 126 127 127 128 128 129 129 130 130 130 131 131 132 133 133 134 134 135 135 135 135 136 136 136 137 137 137 137 138 138 138 138 138 139 139 139 139 139 139 140 141 141 141 141 330 330
89 90 90 90 90 90 90 90 90 90 90 90 90 91 91 91 91 91 91 91 91 91 91 91 91 91 91 99 102 104 106 108 109 111 112 113 114 115 116 117 118 119 120 121 122 123 123 124 125 125 126 127 127 128 128 129 129 130 130 130 131 131 132 132 133 134 134 135 135 135 135 136 136 136 137 137 137 137 138 138 138 138 138 139 139 139 139 139 139 140 140 141 141 141 330 330
89 90 90 90 90 90 90 90 90 90 90 90 90 91 91 91 91 91 91 91 91 91 91 91 91 91 91 98 102 104 106 108 109 110 112 113 114 115 116 117 118 119 120 120 122 123 123 124 125 125 126 126 127 128 128 129 129 130 130 130 131 131 132 132 132 134 134 134 135 135 135 136 136 136 137 137 137 137 138 138 138 138 138 139 139 139 139 139 139 140 140 140 140 141 330 330
89 89 90 90 90 90 90 90 90 90 90 90 90 90 91 91 91 91 91 91 91 91 91 91 91 91 91 97 101 104 106 108 109 110 112 113 114 115 116 117 118 119 119 120 121 123 123 124 125 125 126 126 127 128 128 129 129 130 130 130 131 131 132 132 132 133 134 134 135 135 135 136 136 136 137 137 137 137 138 138 138 138 138 139 139 139 139 139 139 140 140 140 140 140 329 330
89 89 89 90 90 90 90 90 90 90 90 90 90 90 90 91 91 91 91 91 91 91 91 91 91 91 91 97 100 104 106 107 109 110 112 113 114 115 116 117 118 119 119 120 121 122 123 124 125 125 126 126 127 127 128 129 129 129 130 130 131 131 132 132 132 133 133 134 135 135 135 136 136 136 137 137 137 137 137 138 138 138 138 139 139 139 139 139 139 139 140 140 140 140 329 329
89 89 89 89 90 90 90 90 90 90 90 90 90 90 90 90 91 91 91 91 91 91 91 91 91 91 91 97 100 103 106 107 109 110 112 113 114 115 116 117 118 119 119 120 121 122 122 124 125 125 126 126 127 127 128 128 129 129 130 130 131 131 132 132 132 133 133 133 135 135 135 136 136 136 136 137 137 137 137 138 138 138 138 138 139 139 139 139 139 139 140 140 140 140 329 329
89 89 89 89 90 90 90 90 90 90 90 90 90 90 90 90 90 91 91 91 91 91 91 91 91 91 91 97 100 103 105 107 109 110 111 113 114 115 116 117 118 119 119 120 121 122 122 123 125 125 126 126 127 127 128 128 129 129 130 130 131 131 132 132 132 133 133 133 134 134 135 136 136 136 136 137 137 137 137 138 138 138 138 138 139 139 139 139 139 139 140 140 140 140 329 329
89 89 89 89 89 90 90 90 90 90 90 90 90 90 90 90 90 91 91 91 91 91 91 91 91 91 91 97 100 102 104 106 109 110 111 113 114 115 116 117 118 118 119 120 121 122 122 123 124 125 126 126 127 127 128 128 129 129 130 130 131 131 131 132 132 133 133 133 134 134 134 136 136 136 136 137 137 137 137 138 138 138 138 138 139 139 139 139 139 139 140 140 140 140 329 329
89 89 89 89 89 89 90 90 90 90 90 90 90 90 90 90 90 90 91 91 91 91 91 91 91 91 91 97 100 102 104 106 108 110 111 113 114 115 116 117 118 118 119 120 121 121 122 123 123 124 126 126 127 127 128 128 129 129 130 130 131 131 131 132 132 133 133 133 134 134 134 135 136 136 136 137 137 137 137 138 138 138 138 138 139 139 139 139 139 139 140 140 140 140 329 329
89 89 89 89 89 89 89 90 90 90 90 90 90 90 90 90 90 90 90 91 91 91 91 91 91 91 91 97 100 102 104 106 108 109 111 112 114 115 116 117 118 118 119 120 121 121 122 123 123 124 125 126 127 127 128 128 129 129 130 130 131 131 131 132 132 133 133 133 134 134 134 135 135 136 136 137 137 137 137 138 138 138 138 138 139 139 139 139 139 139 139 140 140 140 329 329
89 89 89 89 89 89 89 90 90 90 90 90 90 90 90 90 90 90 90 90 91 91 91 91 91 91 91 97 99 102 104 106 107 109 111 112 114 115 116 117 117 118 119 120 121 121 122 123 123 124 125 125 127 127 128 128 129 129 130 130 131 131 131 132 132 133 133 133 134 134 134 134 135 135 135 137 137 137 137 138 138 138 138 138 139 139 139 139 139 139 139 140 140 140 329 329
89 89 89 89 89 89 89 89 90 90 90 90 90 90 90 90 90 90 90 90 90 91 91 91 91 91 91 97 99 102 104 106 107 109 110 112 113 115 116 116 117 118 119 120 121 121 122 123 123 124 125 125 126 127 128 128 129 129 130 130 131 131 131 132 132 132 133 133 134 134 134 134 135 135 135 136 137 137 137 137 138 138 138 138 138 139 139 139 139 139 139 140 140 140 329 329
