testData/tiles/oneDegree/grid25.0-22.0-26.0-23.0.asc
ncols   200
nrows   200
xllcorner   25.0
yllcorner   22.0
cellsize   0.005
NODATA_value   -9999.0
[rows 0 to 41 of 200, columns 94 to 187 of 200]
542 542 542 542 542 542 542 542 542 542 542 542 542 542 542 542 542 542 542 542 542 542 542 542 542 542 542 542 542 542 542 542 542 542 542 542 567 567 567 567 599 599 599 599 599 599 599 599 599 599 599 599 600 601 601 523 523 524 524 524 525 525 526 526 526 526 527 527 527 527 527 528 528 528 528 528 528 528 528 528 528 528 528 528 528 528 527 325 325 325 267 266 266 266
542 542 542 542 542 542 542 542 542 542 542 542 542 542 542 542 542 542 542 542 542 542 542 542 542 542 542 542 542 542 542 542 542 542 542 542 567 567 599 599 599 599 599 599 599 599 599 599 599 599 599 599 600 600 601 522 523 523 524 524 525 525 525 526 526 526 526 527 527 527 527 527 527 528 528 528 528 528 528 528 528 528 528 528 527 527 527 325 325 325 266 266 266 266
542 542 542 542 542 542 542 542 542 542 542 542 542 542 542 542 542 542 542 542 542 542 542 542 542 542 542 542 542 542 542 542 542 542 542 542 574 599 599 599 599 599 599 599 599 599 599 599 599 599 599 599 599 600 601 601 523 523 523 524 524 525 525 525 526 526 526 526 527 527 527 527 527 527 527 527 527 527 528 527 527 527 527 527 527 527 527 325 325 266 266 266 266 265
542 542 542 542 542 542 542 542 542 542 542 542 542 542 542 542 542 542 542 542 542 542 542 542 542 542 542 542 542 542 542 542 542 542 574 574 574 599 599 599 599 599 599 599 599 599 599 599 599 599 599 599 599 600 600 601 522 523 523 524 524 524 525 525 525 526 526 526 526 526 527 527 527 527 527 527 527 527 527 527 527 527 527 527 527 527 527 324 266 266 266 266 265 265
542 542 542 542 542 542 542 542 542 542 542 542 542 542 542 542 542 542 542 542 542 542 542 542 542 542 542 542 542 542 542 574 574 574 574 574 574 599 599 599 599 599 599 599 599 599 599 599 599 599 599 599 599 599 600 600 601 522 523 523 524 524 524 525 525 525 526 526 526 526 526 527 527 527 527 527 527 527 527 527 527 527 527 527 527 527 526 266 266 266 266 265 265 265
542 542 542 542 542 542 542 542 542 542 542 542 542 542 542 542 542 542 542 542 542 542 542 542 542 542 542 542 542 574 574 574 574 574 574 574 574 574 599 599 599 599 599 599 599 599 599 599 599 599 599 599 599 599 600 600 601 601 523 523 523 524 524 525 525 525 525 526 526 526 526 526 526 527 527 527 527 527 527 527 527 527 527 527 526 526 468 266 266 266 265 265 265 265
542 542 542 542 542 542 542 542 542 542 542 542 542 542 542 542 542 542 542 542 542 542 542 542 542 542 542 574 574 574 574 574 574 574 574 574 574 574 599 599 599 599 599 599 599 599 599 599 599 599 599 599 599 599 599 600 600 601 522 523 523 524 524 524 525 525 525 525 526 526 526 526 526 526 526 526 526 527 527 527 526 526 526 526 526 468 468 266 266 265 265 265 265 264
542 542 542 542 542 542 542 542 542 542 542 542 542 542 542 542 542 542 542 542 542 542 542 542 542 574 574 574 574 574 574 574 574 574 574 574 574 574 599 599 599 599 599 599 599 599 599 599 599 599 599 599 599 599 599 600 600 601 601 523 523 523 524 524 524 525 525 525 525 525 526 526 526 526 526 526 526 526 526 526 526 526 526 526 468 468 468 265 265 265 265 265 264 264
542 542 542 542 542 542 542 542 542 542 542 542 542 542 542 542 542 542 542 542 542 542 542 574 574 574 574 574 574 574 574 574 574 574 574 574 574 574 574 599 599 599 599 599 599 599 599 599 599 599 599 599 599 599 599 599 600 600 601 522 523 523 523 524 524 524 525 525 525 525 525 526 526 526 526 526 526 526 526 526 526 526 526 468 468 468 467 265 265 265 265 264 264 264
542 542 542 542 542 542 542 542 542 542 542 542 542 542 542 542 542 542 542 542 542 574 574 574 574 574 574 574 574 574 574 574 574 574 574 574 574 574 574 599 599 599 599 599 599 599 599 599 599 599 599 599 599 599 599 599 600 600 600 601 522 523 523 523 524 524 524 525 525 525 525 525 525 526 526 526 526 526 526 526 526 526 468 468 467 467 467 265 265 265 264 264 264 263
542 542 542 542 542 542 542 542 542 542 542 542 542 542 542 542 542 542 542 574 574 574 574 574 574 574 574 574 574 574 574 574 574 574 574 574 574 574 574 599 599 599 599 599 599 599 599 599 599 599 599 599 599 599 599 599 599 600 600 601 522 522 523 523 523 524 524 524 524 525 525 525 525 525 525 525 525 526 526 526 525 467 467 467 467 467 467 265 264 264 264 264 263 263
542 542 542 542 542 542 542 542 542 542 542 542 542 542 542 542 542 574 574 574 574 574 574 574 574 574 574 574 574 574 574 574 574 574 574 574 574 574 574 574 599 599 599 599 599 599 599 599 599 599 599 599 599 599 599 599 599 599 600 600 601 522 523 523 523 523 524 524 524 524 525 525 525 525 525 525 525 525 525 525 467 467 467 467 467 467 467 264 264 264 264 263 263 263
542 542 542 542 542 542 542 542 542 542 542 542 542 542 542 574 574 574 574 574 574 574 574 574 574 574 574 574 574 574 574 574 574 574 574 574 574 574 574 574 599 599 599 599 599 599 599 599 599 599 599 599 599 599 599 599 599 599 600 600 600 522 522 523 523 523 523 524 524 524 524 524 525 525 525 525 525 525 525 467 467 467 467 467 467 466 466 264 264 264 263 263 263 263
542 542 542 542 542 542 542 542 542 542 542 542 542 574 574 574 574 574 574 574 574 574 574 574 574 574 574 574 574 574 574 574 574 574 574 574 574 574 574 574 599 599 599 599 599 599 599 599 599 599 599 599 599 599 599 599 599 599 599 600 600 601 522 522 523 523 523 523 524 524 524 524 524 524 525 525 525 525 467 467 467 467 467 466 466 466 466 264 264 263 263 263 263 262
542 542 542 542 542 542 542 542 542 542 542 542 574 574 574 574 574 574 574 574 574 574 574 574 574 574 574 574 574 574 574 574 574 574 574 574 574 574 574 574 574 599 599 599 599 599 599 599 599 599 599 599 599 599 599 599 599 599 599 599 600 600 522 522 522 523 523 523 523 524 524 524 524 524 524 524 524 466 466 466 466 466 466 466 466 466 466 264 263 263 263 263 262 262
542 542 542 542 542 542 542 542 542 542 574 574 574 574 574 574 574 574 574 574 574 574 574 574 574 574 574 574 574 574 574 574 574 574 574 574 574 574 574 574 574 599 599 599 599 599 599 599 599 599 599 599 599 599 599 599 599 599 599 599 600 600 600 522 522 522 523 523 523 523 523 524 524 524 524 524 466 466 466 466 466 466 466 466 466 466 465 263 263 263 263 262 262 262
542 542 542 542 542 542 542 542 574 574 574 574 574 574 574 574 574 574 574 574 574 574 574 574 574 574 574 574 574 574 574 574 574 574 574 574 574 574 574 574 574 599 599 599 599 599 599 599 599 599 599 599 599 599 599 599 599 599 599 599 599 600 600 600 522 522 522 523 523 523 523 523 524 524 524 466 466 466 466 466 466 466 466 466 466 465 465 263 263 263 262 262 262 261
542 542 542 542 542 542 574 574 574 574 574 574 574 574 574 574 574 574 574 574 574 574 574 574 574 574 574 574 574 574 574 574 574 574 574 574 574 574 574 574 574 574 599 599 599 599 599 599 599 599 599 599 599 599 599 599 599 599 599 599 599 599 600 600 521 522 522 522 523 523 523 523 523 523 465 466 466 466 466 466 466 466 465 465 465 465 263 263 263 262 262 262 261 261
542 542 542 542 574 574 574 574 574 574 574 574 574 574 574 574 574 574 574 574 574 574 574 574 574 574 574 574 574 574 574 574 574 574 574 574 574 574 574 574 574 574 599 599 599 599 599 599 599 599 599 599 599 599 599 599 599 599 599 599 599 599 599 600 600 521 522 522 522 522 523 523 523 465 465 465 465 465 465 465 465 465 465 465 465 465 263 262 262 262 262 261 261 261
542 542 542 574 574 574 574 574 574 574 574 574 574 574 574 574 574 574 574 574 574 574 574 574 574 574 574 574 574 574 574 574 574 574 574 574 574 574 574 574 574 574 599 599 599 599 599 599 599 599 599 599 599 599 599 599 599 599 599 599 599 599 599 599 600 521 521 522 522 522 522 523 465 465 465 465 465 465 465 465 465 465 465 465 465 465 262 262 262 262 261 261 261 260
542 574 574 574 574 574 574 574 574 574 574 574 574 574 574 574 574 574 574 574 574 574 574 574 574 574 574 574 574 574 574 574 574 574 574 574 574 574 574 574 574 574 574 599 599 599 599 599 599 599 599 599 599 599 599 599 599 599 599 599 599 599 599 599 600 600 521 521 522 522 522 464 464 464 465 465 465 465 465 465 465 465 465 464 464 464 262 262 262 261 261 261 261 260
574 574 574 574 574 574 574 574 574 574 574 574 574 574 574 574 574 574 574 574 574 574 574 574 574 574 574 574 574 574 574 574 574 574 574 574 574 574 574 574 574 574 574 599 599 599 599 599 599 599 599 599 599 599 599 599 599 599 599 599 599 599 599 599 599 600 521 521 521 522 464 464 464 464 464 464 464 464 464 464 464 464 464 464 464 464 262 262 261 261 261 261 260 260
574 574 574 574 574 574 574 574 574 574 574 574 574 574 574 574 574 574 574 574 574 574 574 574 574 574 574 574 574 574 574 574 574 574 574 574 574 574 574 574 574 574 574 599 599 599 599 599 599 599 599 599 599 599 599 599 599 599 599 599 599 599 599 599 599 599 599 521 521 463 463 464 464 464 464 464 464 464 464 464 464 464 464 464 464 464 261 261 261 261 260 260 260 260
574 574 574 574 574 574 574 574 574 574 574 574 574 574 574 574 574 574 574 574 574 574 574 574 574 574 574 574 574 574 574 574 574 574 574 574 574 574 574 574 574 574 574 574 599 599 599 599 599 599 599 599 599 599 599 599 599 599 599 599 599 599 599 599 599 599 599 520 463 463 463 463 463 464 464 464 464 464 464 464 464 464 464 464 463 463 261 261 261 260 260 260 260 260
574 574 574 574 574 574 574 574 574 574 574 574 574 574 574 574 574 574 574 574 574 574 574 574 574 574 574 574 574 574 574 574 574 574 574 574 574 574 574 574 574 574 574 574 599 599 599 599 599 599 599 599 599 599 599 599 599 599 599 599 599 599 599 599 599 599 541 541 462 463 463 463 463 463 463 463 463 464 464 464 463 463 463 463 463 463 261 261 260 260 260 260 260 260
574 574 574 574 574 574 574 574 574 574 574 574 574 574 574 574 574 574 574 574 574 574 574 574 574 574 574 574 574 574 574 574 574 574 574 574 574 574 574 574 574 574 574 574 574 599 599 599 599 599 599 599 599 599 599 599 599 599 599 599 599 599 599 599 599 541 541 541 462 462 462 463 463 463 463 463 463 463 463 463 463 463 463 463 463 463 260 260 260 260 260 260 260 260
574 574 574 574 574 574 574 574 574 574 574 574 574 574 574 574 574 574 574 574 574 574 574 574 574 574 574 574 574 574 574 574 574 574 574 574 574 574 574 574 574 574 574 574 574 599 599 599 599 599 599 599 599 599 599 599 599 599 599 599 599 599 599 599 541 541 541 541 541 462 462 462 462 463 463 463 463 463 463 463 463 463 463 463 462 462 260 260 260 260 260 260 260 260
574 574 574 574 574 574 574 574 574 574 574 574 574 574 574 574 574 574 574 574 574 574 574 574 574 574 574 574 574 574 574 574 574 574 574 574 574 574 574 574 574 574 574 574 574 599 599 599 599 599 599 599 599 599 599 599 599 599 599 599 599 599 599 541 541 541 541 541 541 462 462 462 462 462 462 462 463 463 463 463 463 462 462 462 462 462 260 260 260 260 260 260 260 260
574 574 574 574 574 574 574 574 574 574 574 574 574 574 574 574 574 574 574 574 574 574 574 574 574 574 574 574 574 574 574 574 574 574 574 574 574 574 574 574 574 574 574 574 574 574 599 599 599 599 599 599 599 599 599 599 599 599 599 599 599 599 541 541 541 541 541 541 541 541 462 462 462 462 462 462 462 462 462 462 462 462 462 462 462 462 260 260 260 260 260 260 260 260
574 574 574 574 574 574 574 574 574 574 574 574 574 574 574 574 574 574 574 574 574 574 574 574 574 574 574 574 574 574 574 574 574 574 574 574 574 574 574 574 574 574 574 574 574 574 599 599 599 599 599 599 599 599 599 599 599 599 599 599 599 541 541 541 541 541 541 541 541 541 462 462 462 462 462 462 462 462 462 462 462 462 462 462 462 260 260 260 260 260 260 260 260 260
574 574 574 574 574 574 574 574 574 574 574 574 574 574 574 574 574 574 574 574 574 574 574 574 574 574 574 574 574 574 574 574 574 574 574 574 574 574 574 574 574 574 574 574 574 574 574 599 599 599 599 599 599 599 599 599 599 599 599 541 541 541 541 541 541 541 541 541 541 541 541 462 462 462 462 462 462 462 462 462 462 462 462 462 462 260 260 260 260 260 260 260 260 260
574 574 574 574 574 574 574 574 574 574 574 574 574 574 574 574 574 574 574 574 574 574 574 574 574 574 574 574 574 574 574 574 574 574 574 574 574 574 574 574 574 574 574 574 574 574 574 599 599 599 599 599 599 599 599 599 599 599 541 541 541 541 541 541 541 541 541 541 541 541 541 462 462 462 462 462 462 462 462 462 462 462 462 462 462 260 260 260 260 260 260 260 260 260
574 574 574 574 574 574 574 574 574 574 574 574 574 574 574 574 574 574 574 574 574 574 574 574 574 574 574 574 574 574 574 574 574 574 574 574 574 574 574 574 574 574 574 574 574 574 574 574 599 599 599 599 599 599 599 599 599 541 541 541 541 541 541 541 541 541 541 541 541 541 541 541 462 462 462 462 462 462 462 462 462 462 462 462 462 260 260 260 260 260 260 260 260 260
574 574 574 574 574 574 574 574 574 574 574 574 574 574 574 574 574 574 574 574 574 574 574 574 574 574 574 574 574 574 574 574 574 574 574 574 574 574 574 574 574 574 574 574 574 574 574 574 599 599 599 599 599 599 599 599 541 541 541 541 541 541 541 541 541 541 541 541 541 541 541 541 462 462 462 462 462 462 462 462 462 462 462 462 462 260 260 260 260 260 260 260 260 260
574 574 574 574 574 574 574 574 574 574 574 574 574 574 574 574 574 574 574 574 574 574 574 574 574 574 574 574 574 574 574 574 574 574 574 574 574 574 574 574 574 574 574 574 574 574 574 574 574 599 599 599 599 599 599 541 541 541 541 541 541 541 541 541 541 541 541 541 541 541 541 541 541 462 462 462 462 462 462 462 462 462 462 462 462 260 260 260 260 260 260 260 260 260
574 574 574 574 574 574 574 574 574 574 574 574 574 574 574 574 574 574 574 574 574 574 574 574 574 574 574 574 574 574 574 574 574 574 574 574 574 574 574 574 574 574 574 574 574 574 574 574 574 599 599 599 599 541 541 541 541 541 541 541 541 541 541 541 541 541 541 541 541 541 541 541 541 462 462 462 462 462 462 462 462 462 462 462 462 260 260 260 260 260 260 260 260 260
574 574 574 574 574 574 574 574 574 574 574 574 574 574 574 574 574 574 574 574 574 574 574 574 574 574 574 574 574 574 574 574 574 574 574 574 574 574 574 574 574 574 574 574 574 574 574 574 574 599 599 599 541 541 541 541 541 541 541 541 541 541 541 541 541 541 541 541 541 541 541 541 541 541 462 462 462 462 462 462 462 462 462 462 462 260 260 260 260 260 260 260 260 260
574 574 574 574 574 574 574 574 574 574 574 574 574 574 574 574 574 574 574 574 574 574 574 574 574 574 574 574 574 574 574 574 574 574 574 574 574 574 574 574 574 574 574 574 574 574 574 574 574 574 599 541 541 541 541 541 541 541 541 541 541 541 541 541 541 541 541 541 541 541 541 541 541 541 462 462 462 462 462 462 462 462 462 462 462 260 260 260 260 260 260 260 260 260
574 574 574 574 574 574 574 574 574 574 574 574 574 574 574 574 574 574 574 574 574 574 574 574 574 574 574 574 574 574 574 574 574 574 574 574 574 574 574 574 574 574 574 574 574 574 574 574 574 516 541 541 541 541 541 541 541 541 541 541 541 541 541 541 541 541 541 541 541 541 541 541 541 541 541 462 462 462 462 462 462 462 462 462 260 260 260 260 260 260 260 260 260 260
574 574 574 574 574 574 574 574 574 574 574 574 574 574 574 574 574 574 574 574 574 574 574 574 574 574 574 574 574 574 574 574 574 574 574 574 574 574 574 574 574 574 574 574 574 574 574 574 516 516 516 541 541 541 541 541 541 541 541 541 541 541 541 541 541 541 541 541 541 541 541 541 541 541 541 462 462 462 462 462 462 462 462 462 260 260 260 260 260 260 260 260 260 260
574 574 574 574 574 574 574 574 574 574 574 574 574 574 574 574 574 574 574 574 574 574 574 574 574 574 574 574 574 574 574 574 574 574 574 574 574 574 574 574 574 574 574 574 574 574 574 516 516 516 516 541 541 541 541 541 541 541 541 541 541 541 541 541 541 541 541 541 541 541 541 541 541 541 541 462 462 462 462 462 462 462 462 462 260 260 260 260 260 260 260 260 260 260
574 574 574 574 574 574 574 574 574 574 574 574 574 574 574 574 574 574 574 574 574 574 574 574 574 574 574 574 574 574 574 574 574 574 574 574 574 574 574 574 574 574 574 574 574 516 516 516 516 516 516 516 541 541 541 541 541 541 541 541 541 541 541 541 541 541 541 541 541 541 541 541 541 541 541 541 462 462 462 462 462 462 462 462 260 260 260 260 260 260 260 260 260 260
