testData/tiles/oneDegree/grid42.0-21.0-43.0-22.0.asc
ncols   200
nrows   200
xllcorner   42.0
yllcorner   21.0
cellsize   0.005
NODATA_value   -9999.0
[rows 102 to 118 of 200, columns 37 to 73 of 200]
7.120000000000000000e+02 7.120000000000000000e+02 7.120000000000000000e+02 7.120000000000000000e+02 7.120000000000000000e+02 7.120000000000000000e+02 7.120000000000000000e+02 7.120000000000000000e+02 7.120000000000000000e+02 6.420000000000000000e+02 6.420000000000000000e+02 6.420000000000000000e+02 4.290000000000000000e+02 4.290000000000000000e+02 4.290000000000000000e+02 4.290000000000000000e+02 4.290000000000000000e+02 4.290000000000000000e+02 4.290000000000000000e+02 4.290000000000000000e+02 4.290000000000000000e+02 4.290000000000000000e+02 4.290000000000000000e+02 4.290000000000000000e+02 4.290000000000000000e+02 4.290000000000000000e+02 4.290000000000000000e+02 4.290000000000000000e+02 4.290000000000000000e+02 4.290000000000000000e+02 4.290000000000000000e+02 4.300000000000000000e+02 4.300000000000000000e+02 4.300000000000000000e+02 4.300000000000000000e+02 4.300000000000000000e+02 4.300000000000000000e+02
7.110000000000000000e+02 7.110000000000000000e+02 7.110000000000000000e+02 7.110000000000000000e+02 7.110000000000000000e+02 7.110000000000000000e+02 7.110000000000000000e+02 7.110000000000000000e+02 6.410000000000000000e+02 6.410000000000000000e+02 6.410000000000000000e+02 6.420000000000000000e+02 4.290000000000000000e+02 4.290000000000000000e+02 4.290000000000000000e+02 4.290000000000000000e+02 4.290000000000000000e+02 4.290000000000000000e+02 4.290000000000000000e+02 4.290000000000000000e+02 4.290000000000000000e+02 4.290000000000000000e+02 4.290000000000000000e+02 4.290000000000000000e+02 4.290000000000000000e+02 4.290000000000000000e+02 4.290000000000000000e+02 4.290000000000000000e+02 4.290000000000000000e+02 4.290000000000000000e+02 4.290000000000000000e+02 4.290000000000000000e+02 4.290000000000000000e+02 4.290000000000000000e+02 4.290000000000000000e+02 4.290000000000000000e+02 4.290000000000000000e+02
7.100000000000000000e+02 7.100000000000000000e+02 7.110000000000000000e+02 7.110000000000000000e+02 7.110000000000000000e+02 7.110000000000000000e+02 7.110000000000000000e+02 6.410000000000000000e+02 6.410000000000000000e+02 6.410000000000000000e+02 6.410000000000000000e+02 6.410000000000000000e+02 4.280000000000000000e+02 4.280000000000000000e+02 4.280000000000000000e+02 4.280000000000000000e+02 4.280000000000000000e+02 4.280000000000000000e+02 4.280000000000000000e+02 4.280000000000000000e+02 4.280000000000000000e+02 4.280000000000000000e+02 4.280000000000000000e+02 4.280000000000000000e+02 4.280000000000000000e+02 4.280000000000000000e+02 4.280000000000000000e+02 4.280000000000000000e+02 4.280000000000000000e+02 4.280000000000000000e+02 4.280000000000000000e+02 4.280000000000000000e+02 4.280000000000000000e+02 4.280000000000000000e+02 4.280000000000000000e+02 4.280000000000000000e+02 4.280000000000000000e+02
7.100000000000000000e+02 7.100000000000000000e+02 7.100000000000000000e+02 7.100000000000000000e+02 7.100000000000000000e+02 7.100000000000000000e+02 7.100000000000000000e+02 6.400000000000000000e+02 6.400000000000000000e+02 6.400000000000000000e+02 6.400000000000000000e+02 6.400000000000000000e+02 4.270000000000000000e+02 4.270000000000000000e+02 4.270000000000000000e+02 4.270000000000000000e+02 4.270000000000000000e+02 4.280000000000000000e+02 4.280000000000000000e+02 4.280000000000000000e+02 4.280000000000000000e+02 4.280000000000000000e+02 4.280000000000000000e+02 4.280000000000000000e+02 4.280000000000000000e+02 4.280000000000000000e+02 4.280000000000000000e+02 4.280000000000000000e+02 4.280000000000000000e+02 4.280000000000000000e+02 4.280000000000000000e+02 4.280000000000000000e+02 4.280000000000000000e+02 4.280000000000000000e+02 4.280000000000000000e+02 4.280000000000000000e+02 4.280000000000000000e+02
7.090000000000000000e+02 7.090000000000000000e+02 7.090000000000000000e+02 7.090000000000000000e+02 7.090000000000000000e+02 7.090000000000000000e+02 6.390000000000000000e+02 6.390000000000000000e+02 6.400000000000000000e+02 6.400000000000000000e+02 6.400000000000000000e+02 6.400000000000000000e+02 4.270000000000000000e+02 4.270000000000000000e+02 4.270000000000000000e+02 4.270000000000000000e+02 4.270000000000000000e+02 4.270000000000000000e+02 4.270000000000000000e+02 4.270000000000000000e+02 4.270000000000000000e+02 4.270000000000000000e+02 4.270000000000000000e+02 4.270000000000000000e+02 4.270000000000000000e+02 4.270000000000000000e+02 4.270000000000000000e+02 4.270000000000000000e+02 4.270000000000000000e+02 4.270000000000000000e+02 4.270000000000000000e+02 4.270000000000000000e+02 4.270000000000000000e+02 4.270000000000000000e+02 4.270000000000000000e+02 4.270000000000000000e+02 4.270000000000000000e+02
7.080000000000000000e+02 7.080000000000000000e+02 7.080000000000000000e+02 7.090000000000000000e+02 7.090000000000000000e+02 7.090000000000000000e+02 6.390000000000000000e+02 6.390000000000000000e+02 6.390000000000000000e+02 6.390000000000000000e+02 6.390000000000000000e+02 6.390000000000000000e+02 6.390000000000000000e+02 4.260000000000000000e+02 4.260000000000000000e+02 4.260000000000000000e+02 4.260000000000000000e+02 4.260000000000000000e+02 4.260000000000000000e+02 4.260000000000000000e+02 4.260000000000000000e+02 4.260000000000000000e+02 4.260000000000000000e+02 4.260000000000000000e+02 4.260000000000000000e+02 4.260000000000000000e+02 4.260000000000000000e+02 4.260000000000000000e+02 4.260000000000000000e+02 4.260000000000000000e+02 4.260000000000000000e+02 4.260000000000000000e+02 4.270000000000000000e+02 4.270000000000000000e+02 4.270000000000000000e+02 4.270000000000000000e+02 4.270000000000000000e+02
7.080000000000000000e+02 7.080000000000000000e+02 7.080000000000000000e+02 7.080000000000000000e+02 7.080000000000000000e+02 6.380000000000000000e+02 6.380000000000000000e+02 6.380000000000000000e+02 6.380000000000000000e+02 6.380000000000000000e+02 6.380000000000000000e+02 6.380000000000000000e+02 6.380000000000000000e+02 4.250000000000000000e+02 4.250000000000000000e+02 4.250000000000000000e+02 4.250000000000000000e+02 4.250000000000000000e+02 4.250000000000000000e+02 4.250000000000000000e+02 4.260000000000000000e+02 4.260000000000000000e+02 4.260000000000000000e+02 4.260000000000000000e+02 4.260000000000000000e+02 4.260000000000000000e+02 4.260000000000000000e+02 4.260000000000000000e+02 4.260000000000000000e+02 4.260000000000000000e+02 4.260000000000000000e+02 4.260000000000000000e+02 4.260000000000000000e+02 4.260000000000000000e+02 4.260000000000000000e+02 4.260000000000000000e+02 4.260000000000000000e+02
7.070000000000000000e+02 7.070000000000000000e+02 7.070000000000000000e+02 7.070000000000000000e+02 7.070000000000000000e+02 6.370000000000000000e+02 6.370000000000000000e+02 6.370000000000000000e+02 6.370000000000000000e+02 6.370000000000000000e+02 6.370000000000000000e+02 6.370000000000000000e+02 6.370000000000000000e+02 4.240000000000000000e+02 4.240000000000000000e+02 4.240000000000000000e+02 4.250000000000000000e+02 4.250000000000000000e+02 4.250000000000000000e+02 4.250000000000000000e+02 4.250000000000000000e+02 4.250000000000000000e+02 4.250000000000000000e+02 4.250000000000000000e+02 4.250000000000000000e+02 4.250000000000000000e+02 4.250000000000000000e+02 4.250000000000000000e+02 4.250000000000000000e+02 4.250000000000000000e+02 4.250000000000000000e+02 4.250000000000000000e+02 4.250000000000000000e+02 4.250000000000000000e+02 4.250000000000000000e+02 4.250000000000000000e+02 4.250000000000000000e+02
7.060000000000000000e+02 7.060000000000000000e+02 7.060000000000000000e+02 7.060000000000000000e+02 6.360000000000000000e+02 6.360000000000000000e+02 6.360000000000000000e+02 6.360000000000000000e+02 6.360000000000000000e+02 6.360000000000000000e+02 6.360000000000000000e+02 6.360000000000000000e+02 6.360000000000000000e+02 4.230000000000000000e+02 4.240000000000000000e+02 4.240000000000000000e+02 4.240000000000000000e+02 4.240000000000000000e+02 4.240000000000000000e+02 4.240000000000000000e+02 4.240000000000000000e+02 4.240000000000000000e+02 4.240000000000000000e+02 4.240000000000000000e+02 4.240000000000000000e+02 4.240000000000000000e+02 4.240000000000000000e+02 4.240000000000000000e+02 4.240000000000000000e+02 4.240000000000000000e+02 4.240000000000000000e+02 4.240000000000000000e+02 4.240000000000000000e+02 4.240000000000000000e+02 4.240000000000000000e+02 4.240000000000000000e+02 4.240000000000000000e+02
7.050000000000000000e+02 7.050000000000000000e+02 7.050000000000000000e+02 7.050000000000000000e+02 6.350000000000000000e+02 6.350000000000000000e+02 6.350000000000000000e+02 6.350000000000000000e+02 6.350000000000000000e+02 6.350000000000000000e+02 6.350000000000000000e+02 6.350000000000000000e+02 6.350000000000000000e+02 4.220000000000000000e+02 4.230000000000000000e+02 4.230000000000000000e+02 4.230000000000000000e+02 4.230000000000000000e+02 4.230000000000000000e+02 4.230000000000000000e+02 4.230000000000000000e+02 4.230000000000000000e+02 4.230000000000000000e+02 4.230000000000000000e+02 4.230000000000000000e+02 4.230000000000000000e+02 4.230000000000000000e+02 4.230000000000000000e+02 4.230000000000000000e+02 4.230000000000000000e+02 4.230000000000000000e+02 4.230000000000000000e+02 4.230000000000000000e+02 4.230000000000000000e+02 4.230000000000000000e+02 4.230000000000000000e+02 4.230000000000000000e+02
7.030000000000000000e+02 7.030000000000000000e+02 7.030000000000000000e+02 6.340000000000000000e+02 6.340000000000000000e+02 6.340000000000000000e+02 6.340000000000000000e+02 6.340000000000000000e+02 6.340000000000000000e+02 6.340000000000000000e+02 6.340000000000000000e+02 6.340000000000000000e+02 6.340000000000000000e+02 6.340000000000000000e+02 4.210000000000000000e+02 4.210000000000000000e+02 4.210000000000000000e+02 4.220000000000000000e+02 4.220000000000000000e+02 4.220000000000000000e+02 4.220000000000000000e+02 4.220000000000000000e+02 4.220000000000000000e+02 4.220000000000000000e+02 4.220000000000000000e+02 4.220000000000000000e+02 4.220000000000000000e+02 4.220000000000000000e+02 4.220000000000000000e+02 4.220000000000000000e+02 4.220000000000000000e+02 4.220000000000000000e+02 4.220000000000000000e+02 4.220000000000000000e+02 4.220000000000000000e+02 4.220000000000000000e+02 4.220000000000000000e+02
7.020000000000000000e+02 7.020000000000000000e+02 7.020000000000000000e+02 6.320000000000000000e+02 6.320000000000000000e+02 6.320000000000000000e+02 6.320000000000000000e+02 6.320000000000000000e+02 6.330000000000000000e+02 6.330000000000000000e+02 6.330000000000000000e+02 6.330000000000000000e+02 6.330000000000000000e+02 6.330000000000000000e+02 4.200000000000000000e+02 4.200000000000000000e+02 4.200000000000000000e+02 4.200000000000000000e+02 4.200000000000000000e+02 4.200000000000000000e+02 4.200000000000000000e+02 4.200000000000000000e+02 4.200000000000000000e+02 4.200000000000000000e+02 4.210000000000000000e+02 4.210000000000000000e+02 4.210000000000000000e+02 4.210000000000000000e+02 4.210000000000000000e+02 4.210000000000000000e+02 4.210000000000000000e+02 4.210000000000000000e+02 4.210000000000000000e+02 4.210000000000000000e+02 4.210000000000000000e+02 4.210000000000000000e+02 4.210000000000000000e+02
6.990000000000000000e+02 7.000000000000000000e+02 6.300000000000000000e+02 6.300000000000000000e+02 6.300000000000000000e+02 6.300000000000000000e+02 6.300000000000000000e+02 6.300000000000000000e+02 6.310000000000000000e+02 6.310000000000000000e+02 6.310000000000000000e+02 6.310000000000000000e+02 6.310000000000000000e+02 6.310000000000000000e+02 4.180000000000000000e+02 4.180000000000000000e+02 4.180000000000000000e+02 4.190000000000000000e+02 4.190000000000000000e+02 4.190000000000000000e+02 4.190000000000000000e+02 4.190000000000000000e+02 4.190000000000000000e+02 4.190000000000000000e+02 4.190000000000000000e+02 4.190000000000000000e+02 4.190000000000000000e+02 4.190000000000000000e+02 4.190000000000000000e+02 4.190000000000000000e+02 4.190000000000000000e+02 4.190000000000000000e+02 4.190000000000000000e+02 4.190000000000000000e+02 4.190000000000000000e+02 4.190000000000000000e+02 4.190000000000000000e+02
6.960000000000000000e+02 6.260000000000000000e+02 6.260000000000000000e+02 6.260000000000000000e+02 6.260000000000000000e+02 6.260000000000000000e+02 6.280000000000000000e+02 6.280000000000000000e+02 6.280000000000000000e+02 6.280000000000000000e+02 6.280000000000000000e+02 6.280000000000000000e+02 6.280000000000000000e+02 6.280000000000000000e+02 4.160000000000000000e+02 4.160000000000000000e+02 4.160000000000000000e+02 4.160000000000000000e+02 4.160000000000000000e+02 4.160000000000000000e+02 4.160000000000000000e+02 4.170000000000000000e+02 4.170000000000000000e+02 4.170000000000000000e+02 4.170000000000000000e+02 4.170000000000000000e+02 4.170000000000000000e+02 4.170000000000000000e+02 4.170000000000000000e+02 4.170000000000000000e+02 4.170000000000000000e+02 4.170000000000000000e+02 4.170000000000000000e+02 4.170000000000000000e+02 4.170000000000000000e+02 4.170000000000000000e+02 4.170000000000000000e+02
6.960000000000000000e+02 6.260000000000000000e+02 6.260000000000000000e+02 6.260000000000000000e+02 6.260000000000000000e+02 6.260000000000000000e+02 6.260000000000000000e+02 6.260000000000000000e+02 6.260000000000000000e+02 6.260000000000000000e+02 6.260000000000000000e+02 6.260000000000000000e+02 6.260000000000000000e+02 6.260000000000000000e+02 4.130000000000000000e+02 4.130000000000000000e+02 4.130000000000000000e+02 4.130000000000000000e+02 4.130000000000000000e+02 4.130000000000000000e+02 4.130000000000000000e+02 4.130000000000000000e+02 4.130000000000000000e+02 4.130000000000000000e+02 4.130000000000000000e+02 4.130000000000000000e+02 4.130000000000000000e+02 4.130000000000000000e+02 4.130000000000000000e+02 4.130000000000000000e+02 4.130000000000000000e+02 4.130000000000000000e+02 4.130000000000000000e+02 4.130000000000000000e+02 4.130000000000000000e+02 4.130000000000000000e+02 4.130000000000000000e+02
6.260000000000000000e+02 6.260000000000000000e+02 6.260000000000000000e+02 6.260000000000000000e+02 6.260000000000000000e+02 6.260000000000000000e+02 6.260000000000000000e+02 6.260000000000000000e+02 6.260000000000000000e+02 6.260000000000000000e+02 6.260000000000000000e+02 6.260000000000000000e+02 6.260000000000000000e+02 6.260000000000000000e+02 4.130000000000000000e+02 4.130000000000000000e+02 4.130000000000000000e+02 4.130000000000000000e+02 4.130000000000000000e+02 4.130000000000000000e+02 4.130000000000000000e+02 4.130000000000000000e+02 4.130000000000000000e+02 4.130000000000000000e+02 4.130000000000000000e+02 4.130000000000000000e+02 4.130000000000000000e+02 4.130000000000000000e+02 4.130000000000000000e+02 4.130000000000000000e+02 4.130000000000000000e+02 4.130000000000000000e+02 4.130000000000000000e+02 4.130000000000000000e+02 4.130000000000000000e+02 4.130000000000000000e+02 4.130000000000000000e+02
6.260000000000000000e+02 6.260000000000000000e+02 6.260000000000000000e+02 6.260000000000000000e+02 6.260000000000000000e+02 6.260000000000000000e+02 6.260000000000000000e+02 6.260000000000000000e+02 6.260000000000000000e+02 6.260000000000000000e+02 6.260000000000000000e+02 6.260000000000000000e+02 6.260000000000000000e+02 6.260000000000000000e+02 6.260000000000000000e+02 4.130000000000000000e+02 4.130000000000000000e+02 4.130000000000000000e+02 4.130000000000000000e+02 4.130000000000000000e+02 4.130000000000000000e+02 4.130000000000000000e+02 4.130000000000000000e+02 4.130000000000000000e+02 4.130000000000000000e+02 4.130000000000000000e+02 4.130000000000000000e+02 4.130000000000000000e+02 4.130000000000000000e+02 4.130000000000000000e+02 4.130000000000000000e+02 4.130000000000000000e+02 4.130000000000000000e+02 4.130000000000000000e+02 4.130000000000000000e+02 4.130000000000000000e+02 2.050000000000000000e+02
