testData/tiles/oneDegree/grid4.0-4.0-5.0-5.0.asc
ncols   200
nrows   200
xllcorner   4.0
yllcorner   4.0
cellsize   0.005
NODATA_value   -9999.0
[rows 42 to 83 of 200, columns 94 to 187 of 200]
550 550 549 548 547 547 546 546 545 545 544 544 543 544 543 543 542 541 540 539 539 539 539 538 538 536 536 534 534 533 534 533 533 532 532 531 531 530 528 529 528 527 526 526 525 525 524 523 523 524 524 524 524 524 524 523 522 522 522 522 523 523 523 523 522 521 520 520 520 520 520 521 521 521 506 506 505 505 505 505 505 505 504 504 504 505 504 504 504 503 503 503 503 503
551 550 549 549 549 549 547 546 545 545 544 544 544 544 543 543 542 542 540 540 539 540 539 538 538 537 537 536 535 534 534 533 533 532 532 531 531 530 531 529 528 528 527 526 525 525 524 524 524 524 524 524 524 524 524 524 524 523 523 523 523 523 523 523 523 523 521 521 520 520 521 521 521 521 521 506 506 506 505 505 505 505 505 505 505 505 505 504 504 504 503 503 503 503
551 550 550 550 550 549 548 548 546 546 545 545 544 544 543 543 542 542 541 540 540 540 539 539 538 537 537 536 537 536 534 533 533 532 532 531 531 531 531 530 529 528 528 527 526 526 524 525 525 525 524 524 524 524 524 524 524 525 524 523 523 523 523 523 523 523 523 522 523 522 521 521 521 521 521 507 506 506 506 506 505 506 506 506 505 505 505 505 505 504 504 503 503 503
551 550 551 550 550 549 549 548 548 546 545 546 545 545 543 543 542 542 541 542 540 540 539 539 538 538 537 537 537 536 536 534 534 532 532 531 532 531 531 530 530 528 528 527 527 526 526 526 525 525 525 524 524 524 524 524 525 525 525 525 523 523 523 523 523 523 523 524 523 523 523 521 521 521 521 507 507 506 506 507 507 506 506 506 506 505 505 505 505 505 504 504 503 503
551 550 551 550 550 549 549 548 548 547 547 546 545 545 544 544 543 542 542 542 541 541 539 539 538 538 537 538 537 537 536 535 534 533 533 531 532 531 531 530 530 529 528 527 527 527 527 526 526 526 525 525 524 524 524 525 525 525 525 525 525 524 523 523 523 524 524 524 524 523 523 523 523 521 521 507 507 507 507 507 507 507 507 506 506 505 505 505 505 505 505 505 504 504
551 551 551 550 550 549 549 548 548 548 548 546 546 545 545 544 543 544 543 543 541 541 540 539 538 538 538 538 537 537 536 536 535 533 533 533 533 532 531 530 530 529 529 527 528 527 527 526 526 526 526 526 525 524 525 525 525 525 525 525 525 525 524 524 524 524 524 524 524 524 523 523 523 523 523 507 508 508 508 507 507 507 507 507 506 506 505 505 505 505 505 506 506 505
553 551 551 550 550 549 549 548 549 548 548 547 547 545 545 544 544 544 543 543 542 542 541 540 538 539 538 538 537 537 536 536 535 535 534 533 533 532 532 531 530 529 529 529 528 527 527 526 526 526 526 526 527 527 525 525 525 525 525 525 525 525 525 525 525 525 524 524 524 524 524 523 523 523 524 510 509 508 508 508 507 507 507 507 507 507 506 505 506 506 506 506 506 506
554 554 552 551 550 549 549 548 549 548 548 547 547 546 545 544 545 544 544 543 542 542 541 541 541 540 538 538 537 537 536 536 535 536 535 534 533 532 532 531 531 530 530 529 529 527 527 526 526 526 526 527 527 527 527 526 525 525 525 525 525 525 526 526 525 525 525 524 524 524 524 524 523 524 524 510 510 510 509 508 507 507 507 507 507 507 508 507 506 506 506 506 506 506
554 554 553 552 551 550 550 550 549 548 548 547 547 546 546 545 545 544 544 543 543 542 541 541 541 541 539 539 537 537 536 536 536 536 535 535 534 532 532 531 531 531 531 530 529 528 527 526 526 526 527 527 527 527 527 527 526 526 525 525 526 526 526 526 526 525 525 525 525 524 524 525 525 524 524 510 510 510 510 509 509 507 507 507 508 508 508 508 508 506 506 506 506 506
554 554 553 553 551 551 550 550 550 549 549 547 547 546 546 546 545 544 544 543 543 542 541 542 541 541 540 539 538 538 537 537 536 536 535 535 534 534 532 531 532 531 531 530 530 529 528 526 526 527 527 527 527 527 527 527 527 526 526 526 526 526 526 526 526 526 525 525 525 525 526 525 525 525 524 510 510 510 510 510 510 509 509 508 508 508 508 508 508 508 506 506 506 506
554 554 553 553 552 552 551 550 550 549 549 548 548 547 547 546 546 544 544 543 543 542 543 542 541 541 540 540 538 538 538 538 537 536 535 535 534 534 533 533 532 531 531 530 530 529 529 528 527 527 527 527 527 527 527 527 527 527 527 527 527 526 526 526 526 526 526 525 525 526 526 526 525 525 525 510 510 510 510 510 510 511 510 509 509 508 508 508 508 508 508 506 506 506
554 554 553 553 552 553 552 551 550 549 549 548 548 548 548 547 547 545 544 543 543 543 543 542 542 541 540 540 539 538 538 538 537 537 536 535 534 534 534 534 532 531 531 530 530 529 529 529 529 528 527 527 527 527 527 527 527 528 528 527 527 527 527 526 526 526 526 527 526 526 526 526 526 526 525 511 510 510 510 511 511 511 511 511 509 509 509 508 508 508 508 508 507 506
554 554 553 553 552 553 552 552 550 550 549 548 548 548 548 547 547 546 546 544 543 543 543 542 542 541 540 540 539 540 538 538 537 537 536 536 535 536 534 534 533 532 531 530 530 529 530 529 529 529 528 528 527 527 527 527 528 528 528 528 527 527 527 527 526 526 527 527 527 526 526 526 526 526 526 511 511 511 511 511 511 511 511 511 511 509 509 509 509 508 508 509 509 508
555 555 554 554 554 554 553 553 552 551 550 548 549 548 548 547 547 546 546 545 546 544 543 542 542 541 541 540 540 540 539 538 537 537 536 536 535 536 535 535 533 533 531 530 530 530 530 529 529 529 529 528 528 528 527 528 528 528 528 528 528 527 527 527 527 528 527 527 527 526 526 526 526 526 526 512 513 512 511 511 511 511 511 511 511 511 509 509 509 510 509 509 509 508
556 556 554 555 554 554 553 553 552 552 550 551 550 549 549 548 548 547 547 547 547 546 544 543 543 541 541 541 540 540 539 539 537 537 536 536 536 536 535 535 534 534 532 530 530 530 530 529 529 529 529 529 528 528 529 529 528 528 528 528 528 528 527 527 528 528 528 528 527 527 526 526 526 526 527 513 513 513 512 511 511 511 511 511 511 511 511 511 510 510 510 510 509 509
556 556 555 556 555 554 553 553 552 552 551 551 550 549 549 548 548 547 547 547 547 546 546 544 544 543 543 542 540 540 539 539 538 537 536 537 536 536 535 535 534 534 533 533 531 530 530 529 529 529 529 529 529 529 529 529 529 528 528 528 528 528 528 528 528 528 528 528 528 527 527 526 526 527 527 513 513 513 513 512 511 511 511 511 511 512 512 511 511 510 510 510 510 509
556 556 556 556 555 555 554 554 553 552 552 552 550 549 549 548 548 547 548 547 547 546 546 545 544 543 544 543 543 542 540 540 539 538 537 537 536 536 535 535 534 534 533 534 532 531 530 529 529 529 529 529 530 530 529 529 529 529 529 528 528 529 529 528 528 528 528 528 528 528 528 527 527 527 527 513 513 513 513 513 512 511 511 511 512 512 512 512 511 511 510 510 510 510
557 556 556 556 555 555 554 554 553 554 553 553 551 550 549 548 548 548 548 547 547 546 546 545 545 544 544 543 543 542 541 541 539 540 539 538 537 536 535 535 534 534 534 534 533 531 531 529 529 529 529 530 530 530 530 529 529 529 529 529 530 529 529 529 528 528 528 528 528 528 529 529 528 527 527 513 513 513 513 513 513 512 512 512 512 512 512 512 512 511 511 511 510 510
557 558 556 556 555 555 554 554 553 554 553 553 552 552 549 548 548 548 548 547 547 546 546 545 545 545 544 543 543 542 541 541 540 541 539 539 537 537 536 536 535 535 534 534 533 532 531 530 530 529 530 530 530 530 530 530 529 529 529 530 530 530 529 529 529 528 528 528 528 529 529 529 529 529 527 513 513 513 513 513 514 514 513 513 512 512 512 512 512 512 511 511 511 510
557 558 557 556 555 555 554 554 554 554 553 553 552 552 551 549 550 548 548 547 547 546 546 545 546 545 545 543 543 542 541 541 541 541 540 540 538 537 536 536 536 536 535 535 534 532 532 530 530 531 531 530 530 530 530 530 530 529 530 530 530 530 530 530 529 529 528 528 529 529 529 529 529 529 528 513 513 513 513 514 514 514 514 513 513 512 512 512 512 385 385 384 385 385
558 558 557 557 555 555 554 554 554 554 553 553 552 552 551 551 550 549 549 548 547 546 546 546 546 545 545 543 543 542 541 542 541 541 540 540 539 539 536 536 536 536 535 535 534 533 533 532 531 531 531 531 531 530 530 530 530 531 530 530 530 530 530 530 530 529 529 529 529 529 529 529 529 529 529 514 513 513 514 514 514 514 514 513 386 386 385 385 385 385 386 385 385 385
558 558 557 557 556 555 554 555 554 554 553 553 552 552 551 551 551 549 549 548 548 547 546 546 546 545 545 544 543 542 541 542 541 541 540 540 539 539 538 538 536 536 535 535 534 533 533 533 533 532 532 531 531 531 530 530 531 531 530 530 530 530 530 530 530 530 531 529 529 529 529 529 529 529 529 515 515 515 514 387 387 387 387 387 386 386 386 385 386 386 386 386 385 385
559 558 557 557 556 556 554 555 554 554 553 553 552 551 552 551 551 550 549 548 548 547 548 547 546 545 545 544 544 542 542 542 541 541 540 540 539 539 539 539 537 537 535 535 534 533 533 533 533 533 532 532 532 532 531 532 531 531 531 530 530 530 530 530 530 531 531 531 529 529 529 529 529 402 402 389 389 388 388 387 387 387 387 387 387 386 386 387 387 386 386 386 386 385
559 559 558 558 556 556 556 555 554 554 553 553 552 551 552 551 551 550 550 548 548 548 548 547 547 546 545 544 543 544 542 542 541 541 540 540 539 540 539 539 538 537 536 535 534 533 534 533 533 533 532 532 532 532 533 533 532 531 531 531 530 530 530 530 531 531 531 404 404 402 402 402 402 402 403 389 389 388 388 388 387 387 387 387 387 388 387 387 387 387 386 386 386 385
559 559 558 558 557 557 557 556 554 554 553 553 552 552 552 551 551 550 550 549 548 548 548 547 547 546 546 545 544 544 543 542 541 541 540 540 539 540 539 539 538 537 536 535 535 534 534 533 533 533 533 532 532 532 533 533 533 533 533 531 404 403 403 404 404 404 404 404 404 404 403 402 403 403 403 389 389 389 388 388 388 387 387 388 388 388 387 387 387 387 387 386 386 386
559 559 558 558 557 558 557 557 556 555 553 552 552 552 552 551 551 550 550 549 550 548 548 547 547 546 546 545 545 545 544 543 541 541 540 540 540 540 539 539 538 538 536 535 536 535 535 533 533 533 533 533 532 406 406 406 406 406 406 406 405 403 404 404 404 404 404 404 404 404 403 404 403 403 403 389 389 389 389 388 388 388 389 388 388 388 388 387 387 387 387 387 386 386
559 559 558 558 557 558 557 557 556 556 554 553 553 552 552 551 551 550 550 549 550 549 548 547 547 546 545 546 545 545 544 544 543 541 540 541 540 540 539 539 538 538 537 409 409 408 408 407 406 406 406 406 407 406 406 406 406 406 406 406 406 407 405 404 404 404 404 404 404 404 405 404 404 403 403 389 389 389 389 389 388 389 389 389 388 388 388 388 387 387 387 387 387 387
559 559 558 558 558 558 557 557 556 555 555 553 554 553 553 551 551 550 550 550 550 549 548 547 547 546 545 546 545 545 544 544 416 415 413 414 413 413 412 412 411 410 410 410 409 408 408 407 407 407 406 407 407 407 406 406 406 406 406 406 407 407 407 405 405 404 404 404 404 405 405 405 404 404 404 389 389 389 389 390 389 389 389 389 389 388 388 388 387 387 387 388 388 388
432 432 431 431 431 431 430 429 429 428 428 428 427 426 426 425 425 423 423 423 423 422 422 420 419 419 419 419 418 418 417 417 416 416 415 415 413 413 412 412 411 410 411 410 409 408 408 407 407 407 408 408 407 407 406 406 406 406 406 407 407 407 407 407 406 405 405 404 405 405 405 405 404 404 404 390 389 389 390 390 390 389 389 389 389 389 388 388 388 387 388 388 388 388
432 432 431 432 431 431 430 429 429 428 428 428 427 426 426 425 425 424 425 423 423 422 421 421 419 419 419 419 418 418 417 417 416 417 416 415 414 414 412 411 411 411 411 410 410 408 408 407 407 407 408 408 408 407 407 406 406 406 407 407 407 407 407 407 406 406 405 406 406 405 405 405 405 404 404 390 390 390 390 390 390 390 389 389 389 389 389 388 389 389 388 388 388 388
433 432 431 432 431 430 430 429 429 428 429 428 428 426 426 425 425 424 425 424 424 422 421 421 420 420 419 419 418 418 417 417 416 417 416 416 414 413 413 412 411 411 411 410 410 409 408 407 407 408 408 408 408 408 407 407 406 407 407 407 407 407 407 407 407 406 407 406 406 406 406 405 405 405 404 390 391 391 390 390 390 390 389 389 389 389 389 390 389 389 388 388 388 388
433 433 432 431 431 430 430 429 429 428 429 428 428 427 426 425 425 425 425 424 423 423 422 422 420 421 419 419 418 418 417 417 417 417 416 416 414 413 413 412 413 411 411 410 410 409 409 407 408 408 408 408 408 408 408 408 407 407 407 407 407 407 407 407 407 408 407 407 406 406 406 406 406 405 404 391 391 391 391 390 390 390 390 389 389 390 390 390 390 389 389 388 388 388
434 433 433 431 431 430 430 429 429 429 429 428 428 427 427 425 425 425 424 424 423 423 422 422 422 422 419 419 418 418 417 417 417 417 416 415 415 413 413 413 413 412 412 410 410 409 409 408 408 408 408 408 408 408 408 408 409 407 407 407 407 407 407 407 408 408 407 407 407 407 406 406 406 406 407 391 391 391 391 391 391 390 390 389 390 390 390 390 390 390 389 388 388 388
434 434 434 432 432 430 430 429 429 429 429 428 428 427 427 426 425 425 424 424 423 423 422 423 422 422 421 419 418 418 417 418 417 416 416 415 415 414 413 413 413 412 412 411 410 409 409 409 408 408 408 408 408 408 408 409 409 409 408 407 407 407 407 408 408 408 408 407 407 407 407 406 406 407 407 393 392 391 391 391 391 391 390 391 390 390 390 390 390 390 390 389 388 388
434 434 434 433 432 431 431 429 430 429 429 428 427 427 426 426 425 425 424 424 423 423 422 423 422 422 421 421 419 418 417 417 417 416 416 415 415 414 414 413 413 412 412 411 411 410 410 409 409 408 408 408 408 408 409 409 409 409 408 408 407 407 407 408 408 408 408 407 407 407 407 407 407 407 407 393 392 392 391 391 391 392 392 391 391 390 390 390 390 390 390 390 389 389
434 434 434 433 433 431 431 430 431 430 428 428 427 427 426 427 426 425 424 424 423 423 423 423 422 422 421 421 419 418 419 417 417 416 416 415 415 414 415 413 413 412 412 411 411 411 410 409 409 408 408 408 408 409 409 409 409 409 409 408 408 407 408 408 408 408 408 408 407 407 407 408 408 407 407 393 393 392 392 392 392 392 392 392 391 390 390 390 390 390 390 391 391 389
435 434 434 433 433 432 430 431 430 430 429 429 427 427 426 427 426 426 424 424 423 423 423 423 422 421 421 420 420 419 419 418 418 416 416 415 415 415 415 414 413 412 412 411 410 411 410 410 410 409 408 408 408 409 409 409 409 409 409 408 408 409 408 408 408 408 408 408 408 407 408 408 408 408 407 393 393 392 392 393 393 392 392 392 392 391 390 390 390 390 391 391 391 391
436 435 434 434 433 433 430 431 430 430 429 429 428 428 427 427 426 426 424 424 423 423 423 422 422 421 421 420 420 420 419 418 418 417 416 415 416 415 415 414 412 412 411 411 411 411 410 410 410 410 408 408 409 409 409 409 409 409 409 409 409 409 409 409 408 408 408 408 408 408 408 408 408 408 408 393 393 393 393 393 393 393 393 392 392 392 390 390 391 391 391 391 391 391
435 435 434 434 433 433 432 432 431 431 430 430 429 429 429 429 427 427 425 423 423 423 423 422 422 421 421 420 421 420 419 418 418 417 417 416 416 415 414 414 413 412 411 411 411 411 410 410 410 410 410 410 409 409 409 409 409 409 409 409 410 409 409 409 409 408 408 408 409 409 408 408 408 408 394 394 393 394 393 393 393 393 393 393 392 392 392 391 391 391 391 391 391 391
435 435 434 434 433 433 433 433 431 431 430 430 429 430 429 428 428 427 426 425 424 424 424 423 423 421 421 420 421 420 420 418 418 417 417 417 416 415 414 414 413 413 411 412 411 411 410 410 410 410 410 411 410 409 409 409 409 409 409 410 410 409 409 409 409 409 408 409 409 409 408 408 408 408 394 394 395 394 394 393 393 393 393 393 393 393 393 392 391 391 391 391 391 391
435 435 434 434 433 433 433 433 431 431 430 429 429 429 429 428 428 427 427 426 425 424 424 423 423 422 422 422 422 421 420 419 417 417 416 417 416 416 415 414 413 413 412 412 411 411 410 410 410 410 411 411 410 410 409 409 409 409 410 410 410 410 409 409 409 409 410 409 409 409 409 408 408 408 394 395 395 395 394 393 393 393 393 393 393 394 394 393 392 391 391 391 391 391
435 435 434 434 433 433 433 432 432 430 430 429 429 429 429 428 428 427 427 426 427 425 424 423 423 422 422 422 421 421 420 420 418 418 417 417 416 416 415 415 413 413 413 412 411 411 410 410 410 410 411 411 411 410 410 409 409 410 410 410 410 410 409 409 409 409 410 410 409 409 409 408 408 408 395 395 395 395 395 394 393 393 393 394 394 394 394 394 393 392 391 391 391 391
