testData/tiles/oneDegree/grid9.0-4.0-10.0-5.0.asc
ncols   200
nrows   200
xllcorner   9.0
yllcorner   4.0
cellsize   0.005
NODATA_value   -9999.0
[rows 0 to 41 of 200, columns 0 to 93 of 200]
380 380 380 380 380 380 380 380 380 380 380 380 380 379 379 379 379 379 378 378 378 378 377 377 377 376 376 375 375 375 374 651 650 650 649 648 648 647 647 646 645 644 644 643 642 641 641 640 639 638 637 636 635 634 633 632 631 630 628 627 626 625 623 622 621 619 618 616 615 613 612 611 610 611 610 609 607 606 605 603 602 600 598 597 595 592 589 586 584 580 577 573 569 566
379 379 379 379 379 379 379 379 379 379 379 379 379 379 378 378 378 378 378 377 377 377 376 376 376 375 375 375 374 374 373 650 649 649 648 648 647 646 646 645 644 644 643 642 641 640 640 639 638 637 636 635 634 633 632 631 630 629 627 626 625 624 622 621 620 618 617 615 614 612 611 610 609 610 609 608 606 605 604 602 601 599 597 596 593 591 587 585 582 578 576 572 568 564
378 378 378 378 378 378 378 378 378 378 378 378 378 378 378 377 377 377 377 376 376 376 376 375 375 375 374 374 373 373 372 649 648 648 647 647 646 645 645 644 643 643 642 641 640 639 639 638 637 636 635 634 633 632 631 630 629 628 626 625 624 623 621 620 619 617 616 614 613 611 610 609 608 608 608 607 606 604 603 601 600 598 597 594 592 590 587 583 581 577 574 570 567 563
377 377 377 377 377 377 377 377 377 377 377 377 377 377 377 376 376 376 376 376 375 375 375 374 374 374 373 373 372 372 371 648 647 647 646 646 645 644 644 643 642 642 641 640 639 639 638 637 636 635 634 633 632 631 630 629 628 627 625 624 623 622 620 619 618 616 615 613 612 610 608 608 608 607 607 606 605 603 602 601 599 597 595 593 591 588 586 582 579 576 573 569 565 561
376 376 376 376 376 376 376 376 376 376 376 376 376 376 376 376 375 375 375 375 374 374 374 373 373 373 372 372 372 371 371 647 647 646 645 645 644 644 643 642 642 641 640 639 638 638 637 636 635 634 633 632 631 630 629 628 627 626 624 623 622 621 619 618 616 615 614 612 611 609 607 607 607 606 605 605 604 602 601 600 597 595 594 592 589 587 584 581 578 575 571 567 564 559
375 375 375 375 375 376 376 376 375 375 375 375 375 375 375 375 375 374 374 374 374 373 373 373 372 372 371 371 371 370 370 646 646 645 644 644 643 643 642 641 641 640 639 638 637 637 636 635 634 633 632 631 630 629 628 627 626 625 623 622 621 620 618 617 615 614 612 611 609 608 606 605 606 605 604 603 602 600 599 598 596 594 593 590 588 585 583 579 576 573 569 565 562 558
374 374 374 375 375 375 375 375 375 375 374 374 374 374 374 374 374 373 373 373 373 372 372 372 371 371 371 370 370 369 369 645 645 644 644 643 642 642 641 640 640 639 638 637 637 636 635 634 633 632 631 630 629 628 627 626 625 623 622 621 620 618 617 616 614 613 611 610 608 607 605 604 605 604 603 602 601 599 598 597 595 593 591 589 586 584 581 578 575 572 568 564 560 556
373 373 374 374 374 374 374 374 374 374 374 373 373 373 373 373 373 372 372 372 372 371 371 371 370 370 370 369 369 368 368 644 644 643 643 642 641 641 640 639 639 638 637 636 636 635 634 633 632 631 630 629 628 627 626 625 624 622 621 620 619 617 616 615 613 612 610 609 607 605 604 603 603 603 602 601 600 598 597 596 593 591 590 587 585 582 580 576 573 570 566 562 559 554
372 373 373 373 373 373 373 373 373 373 373 373 372 372 372 372 372 372 371 371 371 370 370 370 369 369 369 368 368 367 367 643 643 642 642 641 640 640 639 638 638 637 636 635 635 634 633 632 631 630 629 628 627 626 625 624 623 621 620 619 618 616 615 613 612 611 609 608 606 604 603 602 602 601 600 600 599 598 595 594 592 591 588 586 583 581 578 575 572 569 564 561 557 552
371 372 372 372 372 372 372 372 372 372 372 372 371 371 371 371 371 371 370 370 370 370 369 369 369 368 368 367 367 366 366 642 642 641 641 640 639 639 638 637 637 636 635 634 634 633 632 631 630 629 628 627 626 625 624 623 621 620 619 618 616 615 614 612 611 609 608 606 605 603 601 602 601 600 599 598 597 596 594 593 591 589 587 585 582 579 577 574 570 567 563 559 555 550
371 371 371 371 371 371 371 371 371 371 371 371 371 370 370 370 370 370 369 369 369 369 368 368 368 367 367 366 366 365 365 641 641 640 640 639 638 638 637 636 636 635 634 633 633 632 631 630 629 628 627 626 625 624 623 622 620 619 618 617 615 614 613 611 610 608 607 605 604 602 600 600 600 599 598 597 596 595 593 592 589 588 586 583 580 578 575 572 568 565 561 558 553 548
370 370 370 370 370 370 370 370 370 370 370 370 370 369 369 369 369 369 368 368 368 368 367 367 367 366 366 365 365 364 364 640 640 639 639 638 637 637 636 635 635 634 633 632 631 631 630 629 628 627 626 625 624 623 622 620 619 618 617 616 614 613 611 610 609 607 606 604 602 601 599 599 598 597 597 596 595 593 591 590 588 586 584 582 579 576 573 571 566 563 559 556 551 546
369 369 369 369 369 369 369 369 369 369 369 369 369 369 368 368 368 368 368 367 367 367 366 366 366 365 365 364 364 363 363 639 639 638 638 637 636 636 635 634 634 633 632 631 630 630 629 628 627 626 625 624 623 622 621 619 618 617 616 614 613 612 610 609 607 606 604 603 601 599 598 598 597 596 595 594 593 592 590 589 586 585 583 580 577 575 572 569 565 562 557 554 549 544
368 368 368 368 368 368 368 368 368 368 368 368 368 368 367 367 367 367 367 366 366 366 365 365 365 364 364 363 363 362 362 638 638 637 637 636 635 635 634 633 633 632 631 630 629 629 628 627 626 625 624 623 622 621 619 618 617 616 615 613 612 611 609 608 606 605 603 601 600 598 596 597 596 595 594 593 592 591 588 587 585 583 581 578 576 573 570 567 563 560 555 552 547 542
367 367 367 367 367 367 367 367 367 367 367 367 367 367 366 366 366 366 366 365 365 365 364 364 364 363 363 362 362 361 361 637 637 636 636 635 634 634 633 632 632 631 630 629 628 627 627 626 625 624 623 622 621 619 618 617 616 615 613 612 611 609 608 606 605 603 602 600 599 597 595 595 594 593 593 591 590 589 587 586 583 582 579 577 574 571 568 565 561 558 553 550 545 540
366 366 366 366 366 366 366 366 366 366 366 366 366 366 365 365 365 365 365 364 364 364 363 363 363 362 362 361 361 360 360 636 636 635 635 634 633 633 632 631 631 630 629 628 627 626 625 625 624 623 622 620 619 618 617 616 615 613 612 611 610 608 607 605 604 602 601 599 597 596 594 594 593 592 591 590 589 588 586 584 582 580 578 575 572 570 567 563 559 556 551 548 543 537
365 365 365 365 365 365 365 365 365 365 365 365 365 365 364 364 364 364 364 363 363 363 362 362 362 361 361 360 360 359 359 635 635 634 634 633 632 632 631 630 629 629 628 627 626 625 624 623 622 621 620 619 618 617 616 615 614 612 611 610 608 607 605 604 602 601 599 598 596 594 592 593 592 591 590 589 587 586 584 583 580 579 576 573 571 568 565 562 557 554 549 545 540 535
364 364 364 364 364 364 364 364 364 364 364 364 364 364 363 363 363 363 363 362 362 362 361 361 361 360 360 359 359 358 358 634 634 633 633 632 631 631 630 629 628 628 627 626 625 624 623 622 621 620 619 618 617 616 615 614 612 611 610 608 607 606 604 603 601 600 598 596 595 593 591 591 590 589 588 587 586 585 582 581 579 577 574 572 569 566 563 560 555 552 547 543 538 533
363 363 363 363 363 363 363 363 363 363 363 363 363 363 362 362 362 362 361 361 361 361 360 360 360 359 359 358 358 357 357 633 633 632 631 631 630 629 629 628 627 626 626 625 624 623 622 621 620 619 618 617 616 615 614 612 611 610 609 607 606 604 603 601 600 598 597 595 593 591 590 590 589 588 587 586 584 583 581 579 577 575 573 570 567 564 561 558 553 550 545 541 536 530
362 362 362 362 362 362 362 362 362 362 362 362 362 361 361 361 361 361 360 360 360 360 359 359 358 358 358 357 357 356 356 632 632 631 630 630 629 628 628 627 626 625 625 624 623 622 621 620 619 618 617 616 615 614 612 611 610 609 607 606 605 603 602 600 599 597 595 594 592 590 588 588 587 586 585 584 583 582 579 578 575 574 571 568 565 562 559 556 551 548 543 539 533 527
361 361 361 361 361 361 361 361 361 361 361 361 361 360 360 360 360 360 359 359 359 359 358 358 357 357 357 356 356 355 355 631 631 630 629 629 628 627 627 626 625 624 623 623 622 621 620 619 618 617 616 615 614 612 611 610 609 607 606 605 603 602 600 599 597 596 594 592 591 589 587 587 586 585 584 583 581 580 579 576 575 572 569 566 563 560 557 554 550 545 541 536 531 525
360 360 360 360 360 360 360 360 360 360 360 360 360 359 359 359 359 359 358 358 358 357 357 357 356 356 356 355 355 354 354 630 629 629 628 628 627 626 625 625 624 623 622 621 621 620 619 618 617 616 615 613 612 611 610 609 607 606 605 603 602 601 599 597 596 594 593 591 589 587 585 585 584 583 582 581 580 578 577 574 573 570 567 564 561 558 555 551 548 543 539 533 528 522
358 359 359 359 359 359 359 359 359 359 359 359 358 358 358 358 358 358 357 357 357 356 356 356 355 355 354 354 353 353 352 629 628 628 627 626 626 625 624 624 623 622 621 620 619 618 617 616 615 614 613 612 611 610 609 607 606 605 604 602 601 599 598 596 595 593 591 589 588 586 584 584 583 582 581 579 578 577 575 573 571 568 566 563 559 556 553 549 546 541 536 531 525 519
357 357 358 358 358 358 358 358 358 358 358 357 357 357 357 357 357 356 356 356 356 355 355 355 354 354 353 353 352 352 351 628 627 627 626 625 625 624 623 622 622 621 620 619 618 617 616 615 614 613 612 611 610 609 607 606 605 604 602 601 599 598 596 595 593 591 590 588 586 584 583 582 581 580 579 578 576 575 574 571 569 567 564 561 557 554 551 547 543 538 534 528 522 515
356 356 356 357 357 357 357 357 357 357 356 356 356 356 356 356 356 355 355 355 354 354 354 353 353 353 352 352 351 351 350 627 626 625 625 624 623 623 622 621 620 620 619 618 617 616 615 614 613 612 611 610 609 607 606 605 604 602 601 599 598 596 595 593 592 590 588 587 585 583 582 581 580 579 577 576 575 573 572 569 567 565 562 559 555 552 548 545 541 536 531 525 519 512
355 355 355 355 355 356 356 356 355 355 355 355 355 355 355 355 354 354 354 354 353 353 353 352 352 351 351 351 350 350 349 625 625 624 624 623 622 622 621 620 619 618 618 617 616 615 614 613 612 611 610 608 607 606 605 604 602 601 600 598 597 595 594 592 590 589 587 585 583 581 580 579 578 577 576 574 573 572 570 567 566 563 560 557 553 550 546 542 538 533 528 522 516 508
354 354 354 354 354 354 354 354 354 354 354 354 354 354 354 354 353 353 353 353 352 352 352 351 351 350 350 349 349 348 348 624 624 623 622 622 621 620 620 619 618 617 616 615 614 614 613 612 610 609 608 607 606 605 604 602 601 600 598 597 595 594 592 590 589 587 585 584 582 580 579 578 577 575 574 573 571 570 568 565 564 561 558 554 551 547 544 540 536 530 525 519 512 504
353 353 353 353 353 353 353 353 353 353 353 353 353 353 353 352 352 352 352 351 351 351 350 350 350 349 349 348 348 347 347 623 623 622 621 621 620 619 618 618 617 616 615 614 613 612 611 610 609 608 607 606 605 603 602 601 600 598 597 595 594 592 591 589 587 586 584 582 580 578 577 576 575 574 572 571 569 568 566 564 562 559 555 552 549 545 541 537 533 527 522 515 508 503
352 352 352 352 352 352 352 352 352 352 352 352 352 352 351 351 351 351 350 350 350 350 349 349 348 348 348 347 347 346 345 622 621 621 620 619 619 618 617 616 616 615 614 613 612 611 610 609 608 607 606 605 603 602 601 600 598 597 595 594 592 591 589 588 586 584 582 580 578 577 575 574 573 572 571 569 568 566 564 562 560 557 553 550 546 543 539 535 530 524 519 512 504 503
351 351 351 351 351 351 351 351 351 351 351 351 351 350 350 350 350 350 349 349 349 348 348 348 347 347 346 346 345 345 344 621 620 619 619 618 617 617 616 615 614 613 613 612 611 610 609 608 607 605 604 603 602 601 599 598 597 595 594 592 591 589 588 586 584 583 581 579 577 575 574 573 571 570 569 567 566 564 562 559 557 554 551 548 544 540 536 532 527 521 515 508 504 503
349 350 350 350 350 350 350 350 350 350 350 350 349 349 349 349 349 348 348 348 348 347 347 346 346 346 345 345 344 344 343 619 619 618 618 617 616 615 615 614 613 612 611 610 609 608 607 606 605 604 603 602 601 599 598 597 595 594 592 591 589 588 586 584 583 581 579 577 575 573 572 571 570 568 567 565 564 562 560 557 555 552 549 545 542 538 533 529 524 517 511 505 504 503
348 348 348 348 349 349 349 349 349 348 348 348 348 348 348 348 347 347 347 347 346 346 346 345 345 344 344 343 343 342 342 618 618 617 616 616 615 614 613 613 612 611 610 609 608 607 606 605 604 603 602 600 599 598 597 595 594 592 591 589 588 586 585 583 581 579 577 576 574 571 570 569 568 566 565 563 562 560 558 555 553 550 546 543 539 535 530 526 521 514 507 505 504 503
347 347 347 347 347 347 347 347 347 347 347 347 347 347 347 346 346 346 346 345 345 345 344 344 344 343 343 342 342 341 341 617 616 616 615 614 614 613 612 611 610 610 609 608 607 606 605 604 603 601 600 599 598 596 595 594 592 591 589 588 586 585 583 581 580 578 576 574 572 570 569 567 566 565 563 562 560 558 556 553 551 547 544 540 536 532 527 522 517 510 506 505 504 455
346 346 346 346 346 346 346 346 346 346 346 346 346 346 345 345 345 345 344 344 344 344 343 343 342 342 341 341 340 340 339 616 615 614 614 613 612 612 611 610 609 608 607 606 605 604 603 602 601 600 599 598 596 595 594 592 591 589 588 586 585 583 581 580 578 576 574 572 570 568 567 565 564 563 562 560 558 556 554 551 549 545 541 538 533 529 524 519 513 506 506 505 504 455
345 345 345 345 345 345 345 345 345 345 345 345 345 344 344 344 344 343 343 343 343 342 342 341 341 341 340 340 339 339 338 614 614 613 612 612 611 610 609 609 608 607 606 605 604 603 602 601 600 599 597 596 595 594 592 591 589 588 586 585 583 582 580 578 576 574 572 570 568 566 565 564 562 561 560 557 556 554 552 548 546 543 539 535 530 526 521 515 509 506 506 505 456 455
343 343 343 344 344 344 344 344 344 344 343 343 343 343 343 343 342 342 342 342 341 341 341 340 340 339 339 338 338 337 337 613 612 612 611 610 610 609 608 607 606 605 605 604 603 602 600 599 598 597 596 595 593 592 591 589 588 586 585 583 582 580 578 576 575 573 571 569 566 564 563 562 560 559 558 555 553 551 549 546 544 540 536 532 527 523 517 511 507 506 506 505 456 455
342 342 342 342 342 342 342 342 342 342 342 342 342 342 342 341 341 341 341 340 340 340 339 339 338 338 338 337 337 336 335 612 611 610 610 609 608 607 607 606 605 604 603 602 601 600 599 598 597 596 594 593 592 591 589 588 586 585 583 582 580 578 576 575 573 571 569 567 565 562 561 560 558 557 556 553 551 549 547 544 541 537 533 529 524 519 513 507 507 506 506 457 456 455
341 341 341 341 341 341 341 341 341 341 341 341 341 341 340 340 340 340 339 339 339 338 338 338 337 337 336 336 335 335 334 610 610 609 608 608 607 606 605 604 604 603 602 601 600 599 598 596 595 594 593 592 590 589 588 586 585 583 582 580 578 577 575 573 571 569 567 565 563 560 559 558 556 554 554 551 549 547 544 541 538 534 530 526 521 515 509 507 507 506 458 457 456 455
339 340 340 340 340 340 340 340 340 340 340 340 339 339 339 339 339 338 338 338 337 337 337 336 336 335 335 334 334 333 610 609 608 608 607 606 606 605 604 603 602 601 600 599 598 597 596 595 594 593 591 590 589 587 586 585 583 582 580 578 577 575 573 571 569 567 565 563 561 558 557 556 554 552 552 549 547 544 542 538 535 531 527 522 518 511 507 507 507 506 458 457 456 455
338 338 338 338 338 338 339 338 338 338 338 338 338 338 338 338 337 337 337 336 336 336 335 335 334 334 334 333 332 332 331 608 607 606 606 605 604 603 602 602 601 600 599 598 597 596 595 593 592 591 590 589 587 586 584 583 581 580 578 577 575 573 571 569 567 565 563 561 559 556 555 553 552 550 549 546 544 542 539 536 533 528 524 519 513 507 507 507 507 458 458 457 456 455
337 337 337 337 337 337 337 337 337 337 337 337 337 337 336 336 336 336 335 335 335 334 334 334 333 333 332 332 331 331 330 606 606 605 604 603 603 602 601 600 599 598 597 596 595 594 593 592 591 589 588 587 586 584 583 581 580 578 576 575 573 571 569 567 565 563 561 559 557 554 553 551 550 548 547 544 541 539 536 533 529 525 520 515 509 507 507 507 459 458 458 457 456 455
335 336 336 336 336 336 336 336 336 336 336 336 335 335 335 335 335 334 334 334 333 333 333 332 332 331 331 330 330 329 328 605 604 603 603 602 601 600 600 599 598 597 596 595 594 593 592 590 589 588 587 585 584 583 581 580 578 576 575 573 571 569 568 566 564 561 559 557 555 552 551 549 547 545 544 541 539 536 534 530 526 522 516 511 507 507 507 507 459 458 458 457 456 455
