testData/tiles/oneDegree/grid45.0-38.0-46.0-39.0.asc
ncols   200
nrows   200
xllcorner   45.0
yllcorner   38.0
cellsize   0.005
NODATA_value   -9999.0
[rows 126 to 167 of 200, columns 0 to 93 of 200]
454 453 453 452 452 452 452 453 452 452 451 451 450 450 449 449 448 449 448 448 448 448 447 447 446 446 446 446 445 446 445 444 444 443 443 442 441 441 440 440 439 438 438 437 437 438 438 438 438 438 438 438 438 438 438 438 438 439 439 439 439 439 439 439 439 439 439 439 439 439 439 439 439 439 439 439 439 439 439 439 439 439 439 439 439 438 438 438 373 373 373 373 373 373
454 453 454 453 453 452 452 453 452 452 451 451 450 450 449 449 450 450 449 449 448 448 447 448 447 447 446 446 446 445 445 444 444 443 443 442 441 441 440 440 439 438 438 437 438 438 438 438 438 438 438 438 439 439 439 439 439 439 439 439 439 439 439 439 439 439 439 439 439 439 439 439 439 439 439 439 439 439 439 439 439 439 439 439 439 439 439 374 374 373 373 373 373 373
454 454 454 453 453 452 453 452 452 452 451 451 450 451 450 450 450 450 449 449 449 449 448 448 447 447 446 447 446 445 445 444 444 443 443 442 441 441 440 439 439 438 438 438 438 438 439 439 439 439 439 439 439 439 439 439 439 439 439 439 439 439 439 439 439 439 439 439 439 439 439 439 439 439 439 439 439 439 439 439 439 439 439 439 439 439 439 374 374 374 374 374 373 373
454 454 454 453 453 452 453 452 452 451 452 452 451 451 450 451 451 451 450 450 449 449 448 448 447 447 446 446 446 445 445 444 444 443 442 442 441 441 440 439 439 438 439 439 439 439 439 439 439 439 439 439 439 439 439 439 439 439 439 439 439 439 439 439 439 439 439 439 439 439 439 439 439 439 439 439 439 439 439 439 439 439 439 439 439 439 439 374 374 374 374 374 374 374
454 454 453 453 453 453 453 453 453 452 452 452 451 452 451 452 451 451 450 450 449 449 448 448 447 446 447 446 446 445 445 444 444 443 442 442 441 442 441 440 440 440 439 439 439 439 439 439 439 439 439 439 439 439 439 439 439 439 439 439 439 439 439 439 439 439 439 439 439 439 439 439 439 439 439 439 439 439 439 439 440 440 440 440 440 440 440 375 375 375 375 375 375 375
454 454 453 453 453 454 454 453 453 452 453 452 452 451 452 452 451 451 450 450 449 449 448 447 447 446 447 446 446 445 445 444 443 444 443 443 442 441 441 440 441 440 439 439 439 439 439 439 439 439 439 439 439 439 439 439 439 439 439 439 439 439 439 439 439 439 439 439 439 440 440 440 440 441 441 441 441 441 441 441 440 440 440 440 440 440 375 375 375 375 375 375 375 375
454 454 454 454 453 454 454 453 454 453 453 452 452 451 452 451 451 450 450 449 449 448 448 447 447 447 447 446 446 446 446 445 444 444 443 443 442 441 441 440 441 441 440 440 440 440 440 440 440 440 440 440 440 440 440 440 440 440 440 440 440 440 441 441 440 440 440 440 441 441 441 441 441 441 441 441 441 441 441 441 441 441 441 441 441 440 375 375 375 375 375 375 375 375
455 455 454 454 454 455 455 454 454 453 453 452 452 451 452 451 451 450 450 449 449 448 448 447 447 447 448 447 447 446 445 445 444 444 444 444 443 442 442 442 441 441 440 440 440 440 440 440 440 440 440 440 440 440 440 441 441 441 441 441 441 441 441 441 441 441 442 442 442 442 442 441 441 441 441 441 441 441 441 441 441 441 441 441 441 441 376 375 375 375 375 375 375 375
455 455 455 455 455 455 454 454 454 453 453 452 452 452 452 451 451 450 450 449 449 448 449 448 449 448 448 447 447 447 446 446 445 445 444 443 443 442 443 442 441 441 440 440 440 440 440 440 440 440 441 441 441 441 441 441 441 441 441 441 441 441 441 442 442 442 442 442 442 442 442 442 442 442 442 442 442 441 441 441 441 441 441 441 441 376 376 376 376 376 375 375 375 375
456 456 455 455 455 455 454 454 453 453 453 452 452 452 452 451 451 450 450 450 450 449 449 448 450 449 449 448 447 447 446 446 445 445 444 443 443 442 442 442 441 441 440 440 440 441 441 441 441 441 441 441 441 441 441 441 441 441 441 441 441 441 442 442 442 442 442 442 442 442 442 442 442 442 442 442 442 442 442 442 442 441 441 441 441 376 376 376 376 376 376 375 375 375
456 455 455 456 455 455 454 454 453 453 452 452 453 452 452 451 452 451 451 450 451 450 450 450 450 449 448 448 447 447 446 446 445 444 444 443 443 443 442 442 442 442 441 441 441 441 441 441 441 441 441 441 441 441 441 441 441 441 441 441 442 442 442 442 442 442 442 442 442 442 442 442 442 442 442 442 442 442 442 442 442 442 442 442 442 376 376 376 376 376 376 376 376 376
456 455 455 456 455 455 454 454 453 453 452 452 452 453 453 452 452 452 452 451 451 450 449 450 449 449 448 448 447 447 446 446 445 444 444 443 445 444 443 443 442 441 441 441 441 441 441 441 441 441 441 441 441 441 441 441 441 441 441 442 442 442 442 442 442 442 442 442 442 442 442 442 442 442 442 443 443 443 443 443 443 443 443 443 378 378 378 378 377 377 377 377 377 377
456 455 455 455 455 455 454 454 453 453 453 453 453 453 453 453 452 452 451 451 450 450 450 450 449 449 448 448 447 447 446 445 446 445 445 444 444 444 443 443 442 441 441 441 441 441 441 441 441 441 441 441 441 441 441 441 441 442 442 442 442 442 442 442 442 442 443 443 443 443 443 443 443 443 443 443 443 443 443 443 443 443 443 443 378 378 378 378 378 378 378 377 377 377
456 455 456 455 455 454 454 454 454 454 453 455 454 454 453 453 452 452 451 451 450 450 450 450 449 449 448 448 447 447 447 446 446 445 445 445 444 444 443 442 442 441 441 441 441 441 441 441 441 441 441 441 441 441 441 441 442 442 442 443 443 443 443 443 443 443 443 443 443 443 443 443 443 443 443 443 443 443 443 443 443 443 443 443 378 378 378 378 378 378 378 378 378 378
456 455 456 455 455 455 455 455 454 455 454 455 454 454 453 453 452 452 451 451 450 451 450 450 449 450 449 449 448 447 447 446 446 445 444 445 444 444 443 442 442 441 441 441 441 441 441 441 441 441 441 441 441 441 442 443 443 443 443 443 443 443 443 443 443 443 443 443 443 443 443 443 443 443 443 443 443 443 443 443 443 443 443 378 378 378 378 378 378 378 378 378 378 378
455 455 457 456 456 455 455 455 455 455 454 455 454 454 453 453 452 452 451 451 450 451 451 451 450 450 449 448 448 447 447 446 446 445 445 445 444 444 443 442 442 441 441 441 441 441 441 441 442 442 442 442 442 442 443 443 443 443 443 443 443 443 443 443 443 443 443 443 443 443 443 443 443 443 443 443 443 443 443 443 443 443 443 378 378 378 378 378 378 378 378 378 378 378
456 457 457 456 457 456 456 455 455 454 455 455 454 454 453 453 452 452 451 452 451 452 451 451 450 449 449 448 448 447 447 446 445 445 445 445 444 443 443 442 442 441 441 441 442 442 442 442 442 442 442 442 442 443 443 443 443 443 443 443 443 443 443 443 443 443 443 443 443 443 443 443 443 443 443 443 443 443 443 443 443 443 443 378 378 378 378 378 378 378 378 378 378 378
456 457 457 457 457 456 456 455 455 454 455 454 454 453 453 452 453 453 452 451 452 451 451 450 450 449 449 448 448 447 447 446 445 446 445 445 444 443 443 443 442 442 442 443 443 443 443 443 443 443 443 443 444 444 444 444 444 444 444 444 444 444 443 443 443 443 443 443 443 443 443 443 443 443 443 443 443 443 443 443 443 443 378 379 379 379 379 379 379 379 379 379 379 379
457 458 457 457 456 456 456 455 455 454 455 454 454 454 454 453 453 452 452 451 452 451 451 450 450 449 449 448 448 447 446 446 445 446 445 445 446 445 445 444 443 443 443 443 443 443 443 443 443 443 443 444 444 444 444 444 444 444 444 444 444 444 444 444 444 444 444 444 444 444 443 443 444 444 444 444 444 444 444 444 444 444 379 379 379 379 379 379 379 379 379 379 379 379
457 458 457 457 456 456 456 455 455 455 456 455 455 454 454 453 453 452 452 451 452 451 451 450 450 449 449 448 447 447 447 447 448 448 447 446 446 445 445 444 443 443 443 443 443 443 443 443 443 443 443 444 444 444 444 444 444 444 444 444 444 444 444 444 445 445 445 445 445 445 445 445 445 445 445 444 444 444 444 444 444 444 379 379 379 379 379 379 379 379 379 379 379 379
458 458 457 457 456 456 455 455 456 456 456 455 455 454 454 453 453 452 452 452 452 451 451 450 450 449 449 449 449 449 448 448 448 447 447 446 446 445 444 444 443 443 443 443 443 443 443 443 443 443 444 444 444 444 444 444 444 445 445 445 445 445 445 445 445 445 445 445 445 445 445 445 445 445 445 445 445 445 445 444 444 379 379 379 379 379 379 379 379 379 379 379 379 379
458 457 457 457 456 457 456 456 455 456 455 455 455 454 454 453 453 452 452 452 452 451 451 451 450 451 450 450 449 449 448 449 448 447 447 446 446 445 444 444 443 443 443 443 443 443 443 443 443 444 444 444 445 445 445 445 445 445 445 445 445 445 445 445 445 445 445 445 445 445 445 445 445 445 445 445 445 445 445 445 445 380 379 379 379 379 379 379 379 379 379 379 379 379
458 457 458 458 457 457 456 456 455 456 455 455 454 454 453 453 453 452 452 452 452 452 452 452 451 451 450 450 449 449 448 448 448 447 447 446 445 445 444 444 443 443 443 443 443 443 443 444 444 445 445 445 445 445 445 445 445 445 445 445 445 445 445 445 445 445 445 445 445 445 445 445 445 445 445 445 445 445 445 445 445 380 380 380 380 379 379 379 379 379 379 379 379 379
459 458 458 457 457 457 456 456 456 456 455 455 454 454 453 453 452 453 453 454 453 453 452 452 451 451 450 450 449 448 448 448 448 447 447 446 445 445 444 443 443 443 443 444 444 444 444 444 445 445 445 445 445 445 445 445 445 445 445 445 445 445 445 445 445 445 445 445 445 445 445 445 445 445 445 445 445 445 445 445 380 380 380 380 380 380 380 380 379 379 379 379 379 379
459 458 458 457 457 456 456 456 456 456 455 455 454 454 454 454 454 454 454 454 453 453 452 452 451 451 450 449 449 448 449 448 448 447 446 446 445 445 444 444 444 444 444 444 444 444 444 445 445 445 445 445 445 445 445 445 445 445 445 445 445 445 445 445 445 445 445 445 445 445 445 445 445 445 445 445 445 445 446 446 381 381 381 381 381 381 381 381 381 381 381 380 380 380
459 458 458 457 457 456 456 455 456 456 455 455 455 456 455 455 454 454 454 454 453 453 452 452 451 450 450 449 449 448 449 448 448 447 446 447 446 445 445 444 444 444 444 444 444 444 444 445 445 445 445 445 445 445 445 445 445 445 445 445 445 445 445 445 445 445 445 445 445 446 446 446 446 446 446 446 446 446 446 446 381 381 381 381 381 381 381 381 381 381 381 381 381 380
458 458 458 457 457 456 456 455 456 455 457 457 456 456 455 455 454 454 454 454 453 453 452 451 451 450 450 449 449 448 449 449 448 448 447 447 446 445 445 444 444 444 444 444 444 444 445 445 445 445 445 445 445 445 445 445 445 445 445 445 445 445 446 446 446 446 446 446 446 446 446 446 446 446 446 446 446 446 446 381 381 381 381 381 381 381 381 381 381 381 381 381 381 381
458 458 457 457 457 456 456 456 458 457 457 456 456 455 455 454 454 454 454 453 453 452 452 451 451 450 450 449 450 450 449 449 448 448 447 446 446 445 445 444 444 444 444 444 444 444 445 445 445 445 445 445 445 445 445 445 446 446 446 446 446 446 446 446 446 446 446 446 446 446 446 446 446 446 446 446 446 446 446 381 381 381 381 381 381 381 381 381 381 381 381 381 381 381
458 458 457 457 456 457 458 458 458 457 457 456 456 455 455 454 454 454 454 453 453 452 452 451 451 451 451 450 449 450 449 449 448 448 447 446 446 445 444 444 444 444 444 444 444 445 445 445 445 445 445 446 446 446 446 446 446 446 446 446 446 446 446 446 446 446 446 446 446 446 446 446 446 446 446 446 446 446 446 381 381 381 381 381 381 381 381 381 381 381 381 381 381 381
458 458 457 458 458 458 457 458 458 457 457 456 456 455 455 454 454 454 454 453 453 452 453 452 452 451 450 450 449 450 449 449 448 447 447 446 446 445 444 444 444 444 444 444 444 445 446 446 446 446 446 446 446 446 446 446 446 446 446 446 446 446 446 446 446 446 446 446 446 446 446 446 446 446 446 446 446 446 381 381 381 381 381 381 381 381 381 381 381 381 381 381 381 381
459 459 458 459 458 458 457 458 457 457 457 456 456 455 455 454 454 454 454 454 454 453 453 452 451 451 450 450 450 450 449 449 448 447 447 446 445 445 444 444 444 444 445 445 445 446 447 447 447 447 447 447 447 447 447 447 447 447 447 446 446 446 446 446 446 446 446 446 446 446 446 446 446 446 446 446 446 446 381 381 381 381 381 381 381 381 382 382 382 382 382 382 382 382
459 459 459 459 458 458 457 458 457 457 456 456 455 455 455 454 456 455 455 454 453 453 452 452 451 451 450 450 450 450 449 448 448 447 447 446 445 445 446 446 446 446 446 446 447 447 447 447 447 447 447 447 447 447 447 447 447 447 447 447 447 447 447 447 447 447 447 446 446 446 446 446 446 446 447 447 447 382 382 382 382 382 382 382 382 382 382 382 382 382 382 382 382 382
460 459 459 458 458 458 458 458 457 457 456 456 455 456 455 455 455 455 454 454 453 453 452 452 451 451 450 450 450 449 449 448 448 448 448 448 447 447 446 446 446 446 446 446 447 447 447 447 447 447 447 447 447 447 447 447 447 447 447 447 447 447 447 447 447 447 448 448 448 448 448 448 447 447 447 447 447 382 382 382 382 382 382 382 382 382 382 382 382 382 382 382 382 382
460 459 459 458 458 457 458 458 457 457 457 457 456 456 455 455 455 455 454 454 453 453 452 452 451 451 450 449 450 450 450 450 450 449 448 448 447 446 446 446 446 446 446 447 447 447 447 447 447 447 447 447 447 447 447 447 447 447 447 447 448 448 448 448 448 448 448 448 448 448 448 448 448 448 448 448 447 382 382 382 382 382 382 382 382 382 382 382 382 382 382 382 382 382
460 459 459 458 458 457 458 457 458 458 457 457 456 456 455 455 455 455 454 454 453 453 452 452 451 450 451 452 452 451 451 450 449 449 448 448 447 446 446 446 446 446 446 447 447 447 447 447 447 447 447 447 447 447 448 448 448 448 448 448 448 448 448 448 448 448 448 448 448 448 448 448 448 448 448 448 383 383 383 382 382 382 382 382 382 382 382 382 382 382 382 382 382 382
459 459 459 458 458 458 459 458 458 457 457 456 456 456 455 455 455 455 454 454 453 452 452 452 453 452 452 452 452 451 450 450 449 449 448 447 447 446 446 446 446 446 446 447 447 447 447 447 447 448 448 448 448 448 448 448 448 448 448 448 448 448 448 448 448 448 448 448 448 448 448 448 448 448 448 448 383 383 383 383 383 383 382 382 382 382 382 382 382 382 382 382 382 382
459 459 458 459 459 458 459 458 458 457 457 456 456 455 455 455 455 454 454 453 453 454 454 453 453 452 452 452 451 451 450 450 449 449 448 447 447 446 446 446 446 446 446 447 447 448 448 448 448 448 448 448 448 448 448 448 448 448 448 448 448 448 448 448 448 448 448 448 448 448 448 448 448 448 448 448 383 383 383 383 383 383 383 383 382 382 382 382 382 382 382 382 382 382
459 460 459 459 458 458 459 458 458 457 457 456 456 455 455 455 455 454 454 455 455 454 454 453 453 452 451 452 451 451 450 450 449 448 448 447 447 446 446 446 446 447 448 448 448 448 448 448 448 448 448 448 448 448 448 448 448 448 448 448 448 448 448 448 448 448 448 448 448 448 448 448 448 448 448 383 383 383 383 383 384 384 384 384 384 384 383 383 383 383 383 383 383 383
460 460 459 459 458 458 458 458 458 457 457 456 456 455 455 455 456 456 456 455 455 454 454 453 452 452 451 452 451 451 450 449 449 448 448 447 446 447 447 447 447 447 448 448 448 448 448 448 448 448 448 448 448 448 448 448 448 448 448 448 448 448 448 448 448 448 448 448 448 448 448 449 449 449 449 384 384 384 384 384 384 384 384 384 384 384 384 384 383 383 383 383 383 383
460 460 459 459 458 458 458 458 457 457 456 456 456 456 456 457 457 456 456 455 454 454 453 453 452 452 451 452 451 451 450 449 449 448 449 448 447 447 447 447 447 447 448 448 448 448 448 448 448 448 448 448 448 448 448 448 448 448 448 448 448 448 448 448 449 449 449 449 449 449 449 449 449 449 384 384 384 384 384 384 384 384 384 384 384 384 384 384 384 384 383 383 383 383
460 459 459 459 458 459 458 458 457 457 456 457 456 457 456 457 456 456 455 455 454 454 453 453 452 452 452 452 451 450 451 450 450 449 448 448 447 447 447 447 447 447 448 448 448 448 448 448 448 448 448 448 448 448 448 448 448 448 449 449 449 449 449 449 449 449 449 449 449 449 449 449 449 449 384 384 384 384 384 384 384 384 384 384 384 384 384 384 384 384 384 384 383 383
460 459 459 458 458 459 458 458 458 458 457 458 457 457 456 457 456 456 455 455 454 454 453 453 452 452 452 452 452 451 451 450 449 449 448 448 447 447 447 447 447 448 448 448 448 448 448 448 448 448 448 448 448 449 449 449 449 449 449 449 449 449 449 449 449 449 449 449 449 449 449 449 449 449 384 384 384 384 384 384 384 384 384 384 384 384 384 384 384 384 384 384 384 384
