testData/tiles/oneDegree/grid45.0-41.0-46.0-42.0.asc
ncols   200
nrows   200
xllcorner   45.0
yllcorner   41.0
cellsize   0.005
NODATA_value   -9999.0
[rows 126 to 167 of 200, columns 94 to 187 of 200]
410 409 409 409 409 409 409 407 407 407 407 407 406 405 405 405 405 404 404 404 403 403 402 402 402 402 402 401 401 401 400 400 399 399 398 398 397 397 397 397 395 395 394 394 394 393 393 392 391 390 390 390 389 389 389 389 389 388 387 387 387 387 387 387 386 386 386 385 385 385 385 384 384 384 384 384 383 401 410 417 423 428 433 437 439 442 446 449 452 455 457 458 461 463
409 408 408 408 408 408 406 406 406 406 406 405 405 405 405 405 405 404 404 403 403 403 402 402 402 402 401 401 401 399 399 398 398 398 398 397 397 397 397 396 395 394 394 394 392 392 392 392 390 390 390 390 389 389 389 388 387 387 387 387 387 387 387 386 386 385 385 385 385 385 385 384 384 384 383 383 383 396 407 415 421 427 430 435 438 441 445 448 451 453 455 458 460 463
408 408 408 408 408 406 406 406 406 406 406 405 405 405 405 405 404 404 403 403 403 402 402 401 401 401 400 400 400 399 398 398 398 398 398 397 397 397 396 395 393 393 393 392 392 392 392 390 390 390 390 389 388 388 388 387 387 387 387 387 387 387 386 385 385 385 385 385 385 385 384 383 383 383 383 383 383 393 405 412 419 424 429 433 437 440 444 446 449 451 454 457 459 462
408 408 408 408 407 406 406 406 406 406 405 405 405 405 405 404 403 402 402 402 401 401 401 401 401 400 400 400 399 399 398 398 398 398 397 397 396 396 395 393 393 393 393 392 392 392 391 390 390 389 389 388 388 388 388 387 387 387 387 387 386 386 385 385 385 385 385 385 385 383 383 383 383 383 383 383 382 381 401 410 417 423 427 431 435 438 442 445 448 450 453 456 458 460
408 408 408 407 405 405 405 405 405 405 404 404 404 404 404 403 402 402 402 402 401 401 401 401 401 400 400 399 399 398 398 397 397 397 396 396 396 394 393 393 393 393 392 392 392 392 389 389 389 389 388 388 388 388 387 387 387 386 386 386 386 386 385 385 385 385 385 384 384 383 383 383 383 383 383 382 381 381 398 408 415 421 425 429 433 437 441 444 446 450 451 454 457 460
407 407 406 406 405 405 405 405 405 404 404 404 404 404 403 402 402 402 402 401 401 401 401 401 400 400 398 398 398 397 397 397 397 396 396 396 394 393 393 393 393 393 391 391 391 390 389 389 389 389 388 388 388 387 386 386 386 386 386 386 386 385 385 385 384 384 384 384 383 383 383 383 383 382 382 381 381 381 394 406 413 418 423 428 432 436 440 443 446 448 451 453 456 458
407 406 406 405 405 405 405 405 404 404 404 404 404 404 402 402 402 402 402 400 400 400 400 399 399 398 398 398 397 397 397 397 397 396 396 394 394 393 392 392 392 391 391 391 390 389 389 389 389 388 388 387 387 386 386 386 386 386 386 386 385 384 384 384 384 384 384 384 383 383 383 382 382 382 381 381 381 381 392 402 410 416 422 427 431 435 439 440 444 447 450 453 455 457
406 406 405 405 405 405 405 405 404 404 403 403 403 401 401 401 401 401 400 400 400 400 400 399 398 398 398 397 397 397 397 397 396 395 393 393 392 392 392 392 392 391 391 391 390 389 389 388 387 387 387 387 386 386 386 386 386 386 386 385 384 384 384 384 384 384 384 383 382 382 382 382 382 382 381 381 381 380 380 399 407 414 420 425 430 433 436 439 443 446 449 452 453 455
405 405 404 404 404 404 404 403 403 403 403 403 401 401 401 401 401 400 400 400 400 400 399 398 398 398 398 397 396 396 396 395 395 394 393 393 392 392 392 392 391 391 391 390 388 388 388 388 387 387 387 386 386 386 386 386 385 385 385 384 384 384 384 384 384 384 382 382 382 382 382 382 382 381 380 380 380 380 380 395 405 412 419 423 427 432 435 438 442 445 447 450 452 454
405 404 404 404 404 404 403 403 403 403 403 402 401 401 401 401 401 400 400 400 400 400 398 397 397 397 396 396 396 396 396 394 394 393 393 392 392 392 392 391 390 390 389 388 388 388 388 387 387 387 387 386 385 385 385 385 385 385 384 384 384 384 384 383 383 383 382 382 382 382 382 382 381 380 380 380 380 380 380 390 401 409 416 421 426 429 433 437 440 443 446 448 451 454
404 404 404 404 404 404 403 403 403 403 402 401 401 401 400 400 399 399 399 399 399 398 397 397 397 397 396 396 396 396 394 394 393 393 392 391 391 391 391 390 390 389 389 388 388 388 388 387 387 386 385 385 385 385 385 385 385 385 384 384 383 383 383 383 383 382 382 382 382 382 381 381 380 380 380 380 380 380 379 378 399 407 414 420 425 428 431 435 439 442 445 447 450 453
403 403 403 403 403 402 402 402 402 401 400 400 400 400 400 399 399 399 399 399 398 397 397 397 397 396 396 396 396 394 394 392 392 392 391 391 391 391 390 390 390 389 388 388 388 388 386 386 386 385 385 385 385 385 385 385 385 383 383 383 383 383 383 383 382 382 382 381 381 381 381 380 380 380 380 380 379 379 378 378 395 405 412 418 421 426 430 434 438 441 443 446 449 452
403 403 403 403 402 402 402 402 401 401 400 400 400 400 400 399 399 399 399 399 397 397 397 397 396 395 395 394 394 393 392 392 392 391 391 391 391 390 390 390 389 389 387 387 387 386 386 386 385 385 385 385 385 385 384 384 383 383 383 383 383 383 383 383 381 381 381 381 381 381 381 380 380 380 379 379 379 378 378 378 391 403 409 416 420 425 429 433 437 440 442 445 448 450
403 403 403 403 402 402 401 401 401 400 400 400 400 400 399 399 399 399 398 396 396 396 396 396 395 394 394 394 393 392 392 392 392 391 391 391 391 389 389 388 388 387 387 387 387 386 386 386 385 385 385 384 384 384 384 384 383 383 383 383 383 383 382 381 381 381 381 381 381 381 380 379 379 379 379 379 379 378 378 378 388 399 407 413 418 423 428 432 435 438 441 444 447 449
403 403 403 402 402 401 400 400 399 399 399 399 399 398 398 398 398 398 396 396 396 396 396 395 394 394 394 394 393 392 392 392 391 390 390 390 389 389 388 388 387 387 387 387 386 386 386 384 384 384 384 384 384 384 384 383 383 383 383 382 382 382 382 381 381 381 381 381 381 380 379 379 379 379 379 379 378 377 377 377 377 396 405 411 417 422 426 431 434 437 440 443 445 448
402 402 401 401 400 400 400 400 399 399 399 399 399 398 398 398 398 397 396 396 396 396 394 394 394 394 394 392 391 391 391 390 390 390 390 390 389 388 388 388 387 387 387 387 385 385 384 384 384 384 384 384 384 384 383 383 382 382 382 382 382 382 381 381 381 381 380 380 380 379 379 379 379 379 379 378 377 377 377 377 377 392 402 409 415 420 425 429 432 436 439 442 445 447
402 401 401 400 400 400 400 399 399 399 399 399 398 398 398 398 397 396 396 396 395 394 393 393 393 393 392 391 391 391 391 390 390 390 390 389 388 388 388 386 386 386 386 385 385 384 384 384 384 384 384 384 384 383 382 382 382 382 382 382 382 381 381 380 380 380 380 380 379 379 379 379 379 378 378 377 377 377 377 377 377 387 399 407 414 419 424 427 431 435 438 441 444 446
402 401 400 400 400 400 399 399 399 399 399 397 397 397 397 396 395 395 394 394 394 393 393 393 393 393 391 391 391 391 390 390 390 390 389 388 387 387 386 386 386 386 385 385 385 384 384 384 384 383 383 383 383 382 382 382 382 382 382 382 380 380 380 380 380 380 380 380 379 379 378 378 378 378 377 377 377 377 377 377 377 376 396 405 412 417 422 426 430 434 436 440 443 445
399 399 399 399 399 398 398 398 398 398 398 397 397 397 396 395 394 394 394 394 393 393 393 393 393 391 391 391 391 390 389 389 389 389 388 387 387 387 386 386 386 386 385 385 384 383 383 383 383 383 383 383 382 382 382 382 382 381 381 381 380 380 380 380 380 380 380 379 378 378 378 378 378 378 377 377 377 377 377 377 376 376 393 403 410 416 420 425 429 433 435 439 441 444
399 399 399 399 399 398 398 398 398 398 397 397 396 396 395 394 394 394 394 394 393 393 393 392 390 390 390 390 390 389 389 389 389 388 387 387 387 386 386 386 386 384 384 383 383 383 383 383 383 383 383 382 382 382 381 381 381 381 381 380 380 380 380 380 380 379 378 378 378 378 378 378 378 377 377 377 377 377 377 377 376 376 388 400 408 414 418 423 427 430 434 436 440 443
399 399 399 399 398 398 398 398 398 397 397 395 395 395 394 393 393 393 393 392 392 392 392 390 390 390 390 390 389 389 389 389 388 387 387 387 386 385 385 385 384 384 383 383 383 383 383 383 383 383 383 381 381 381 381 381 381 381 380 380 380 380 379 379 379 379 378 378 378 378 378 378 377 377 377 377 377 377 377 376 376 376 387 397 406 411 417 422 426 429 433 435 439 442
398 398 398 397 397 397 397 397 395 395 394 394 394 393 393 393 393 393 392 392 392 392 391 390 390 390 390 389 389 389 389 389 386 386 386 386 385 385 385 385 384 383 383 383 383 383 383 382 382 382 381 381 381 381 381 381 381 381 380 379 379 379 379 379 379 378 378 378 378 378 378 378 377 377 377 377 377 377 376 376 376 376 376 394 402 410 415 420 424 428 431 434 438 441
398 398 397 397 396 396 396 396 395 394 394 394 394 393 393 393 393 392 392 392 392 391 390 390 390 390 389 388 388 388 388 386 386 386 386 385 385 385 385 384 383 383 383 382 382 382 382 382 382 381 381 381 381 381 381 381 380 379 379 379 379 379 379 379 378 378 378 378 378 378 378 377 377 377 377 377 377 377 376 376 376 376 376 390 400 408 414 418 423 427 430 433 437 440
397 397 396 396 396 396 396 395 394 394 394 394 393 393 393 393 393 392 392 391 390 389 389 389 389 389 388 388 388 388 386 386 386 386 385 385 385 385 384 383 382 382 382 382 382 382 382 382 381 381 381 381 381 380 380 380 379 379 379 379 379 379 379 379 378 378 378 378 378 378 377 377 377 377 377 377 377 376 376 376 376 376 376 386 397 405 412 416 421 424 428 432 436 439
397 396 396 396 396 396 395 394 393 393 393 392 392 392 392 392 391 391 391 390 390 389 389 389 389 388 388 388 388 386 386 386 386 386 384 384 384 384 383 382 382 382 382 382 382 382 382 381 381 380 380 380 380 380 380 379 379 379 379 379 379 379 379 378 378 378 378 378 378 378 377 377 377 377 377 377 376 376 376 376 376 376 376 375 394 403 409 415 420 423 427 431 434 438
395 395 395 395 395 393 393 393 393 393 392 392 392 392 392 391 391 391 390 390 389 389 389 389 388 388 388 388 387 385 385 385 385 384 384 384 384 383 382 382 382 382 382 382 382 381 381 380 380 380 380 380 380 380 380 379 379 379 379 379 379 379 378 378 378 378 378 378 378 377 377 377 377 377 377 377 376 376 376 376 376 376 375 375 390 401 407 413 417 422 426 430 433 437
395 395 395 395 394 393 393 393 393 393 392 392 392 392 391 391 390 390 390 389 389 389 388 388 387 387 387 386 385 385 385 385 384 384 384 384 383 382 382 382 382 381 381 381 381 381 380 380 380 380 380 380 380 380 379 379 379 379 379 379 379 378 378 378 378 378 378 378 377 377 377 377 377 377 377 376 376 376 376 376 376 375 375 375 386 397 405 410 416 420 425 429 432 435
395 395 395 394 393 393 393 393 393 392 392 392 392 391 390 389 389 389 388 388 388 388 388 387 387 387 386 385 385 385 385 385 384 384 384 384 381 381 381 381 381 381 381 381 381 380 380 380 380 380 380 380 380 379 379 379 379 379 379 379 379 378 378 378 378 378 378 378 377 377 377 377 377 377 376 376 376 376 376 376 376 375 375 375 374 394 403 408 414 419 423 427 430 434
394 393 393 392 392 392 392 392 391 391 391 391 391 390 389 389 389 389 388 388 388 388 387 387 387 386 386 385 385 385 385 383 383 383 383 381 381 381 381 381 381 381 381 381 380 380 380 380 380 380 380 380 379 379 379 379 379 379 379 379 378 378 378 378 378 378 378 377 377 377 377 377 377 377 376 376 376 376 376 376 375 375 375 375 374 390 399 406 412 417 422 426 429 432
393 393 392 392 392 392 392 391 391 391 391 391 390 389 389 389 389 388 388 388 388 387 387 387 386 385 384 384 384 384 383 383 383 383 381 381 381 381 381 381 381 381 381 380 380 380 380 380 380 380 380 379 379 379 379 379 379 379 379 378 378 378 378 378 378 378 377 377 377 377 377 377 377 376 376 376 376 376 376 375 375 375 375 374 374 384 396 404 410 416 420 424 428 431
393 392 392 392 392 392 391 391 391 391 391 390 389 389 389 389 388 387 387 387 387 386 386 385 385 384 384 384 384 383 383 383 383 381 381 381 381 381 381 381 381 381 380 380 380 380 380 380 380 380 380 379 379 379 379 379 379 379 378 378 378 378 378 378 378 378 377 377 377 377 377 377 376 376 376 376 376 376 376 375 375 375 374 374 374 373 393 402 409 414 419 422 426 430
393 392 391 391 391 391 390 390 390 390 390 388 388 388 388 387 387 387 387 387 386 386 385 385 384 384 384 384 384 383 383 383 382 381 381 381 381 381 381 381 381 380 380 380 380 380 380 380 380 380 379 379 379 379 379 379 379 379 378 378 378 378 378 378 378 377 377 377 377 377 377 377 376 376 376 376 376 376 375 375 375 375 374 374 373 373 390 400 407 412 417 421 425 429
391 391 391 391 391 390 390 390 390 389 388 388 388 388 388 387 387 387 387 386 386 385 385 385 384 384 384 384 383 383 383 382 381 381 381 381 381 381 381 381 380 380 380 380 380 380 380 380 380 379 379 379 379 379 379 379 379 378 378 378 378 378 378 378 377 377 377 377 377 377 377 376 376 376 376 376 376 375 375 375 375 374 374 373 373 373 385 397 405 410 415 420 424 428
391 391 391 391 390 390 390 390 389 388 388 388 388 388 387 387 387 387 386 386 385 385 385 384 384 384 384 383 383 383 382 381 381 381 381 381 381 381 381 381 380 380 380 380 380 380 380 380 379 379 379 379 379 379 379 379 378 378 378 378 378 378 378 377 377 377 377 377 377 377 376 376 376 376 376 376 376 375 375 375 374 374 374 373 373 373 384 394 402 408 413 418 422 426
391 391 391 390 390 390 390 389 388 388 388 388 388 387 387 387 387 387 386 385 385 385 384 384 384 384 383 383 383 382 381 381 381 381 381 381 381 381 381 380 380 380 380 380 380 380 380 379 379 379 379 379 379 379 379 378 378 378 378 378 378 378 377 377 377 377 377 377 377 376 376 376 376 376 376 376 375 375 375 374 374 374 373 373 373 373 373 390 399 406 412 417 421 425
391 391 390 390 390 389 389 388 388 388 388 388 387 387 387 387 387 386 385 385 385 384 384 384 384 384 383 383 382 382 381 381 381 381 381 381 381 381 380 380 380 380 380 380 380 380 379 379 379 379 379 379 379 379 378 378 378 378 378 378 378 378 377 377 377 377 377 377 377 376 376 376 376 376 376 375 375 375 375 374 374 373 373 373 373 373 373 384 396 404 410 415 420 423
391 391 390 390 389 389 389 388 388 388 388 387 387 387 387 387 385 385 385 385 384 384 384 384 384 383 383 382 382 381 381 381 381 381 381 381 381 380 380 380 380 380 380 380 380 379 379 379 379 379 379 379 379 378 378 378 378 378 378 378 378 377 377 377 377 377 377 377 376 376 376 376 376 376 376 375 375 375 374 374 374 373 373 373 373 373 373 383 393 401 408 413 417 421
391 390 389 389 389 389 388 388 388 388 388 387 387 387 387 385 385 385 385 385 384 384 384 384 383 383 382 382 381 381 381 381 381 381 381 381 380 380 380 380 380 380 380 380 379 379 379 379 379 379 379 379 379 378 378 378 378 378 378 378 377 377 377 377 377 377 377 376 376 376 376 376 376 376 375 375 375 374 374 374 373 373 373 373 373 373 372 372 389 399 406 412 409 413
390 389 389 389 389 388 388 388 388 388 387 387 387 387 385 385 385 385 385 384 384 384 384 383 383 382 382 381 381 381 381 381 381 381 381 380 380 380 380 380 380 380 380 380 379 379 379 379 379 379 379 379 378 378 378 378 378 378 378 377 377 377 377 377 377 377 376 376 376 376 376 376 376 375 375 375 375 374 374 373 373 373 373 373 373 372 372 372 385 396 397 402 407 412
389 389 389 389 388 388 388 388 388 387 387 387 387 386 385 385 385 385 384 384 384 384 383 383 382 382 382 381 381 381 381 381 381 381 380 380 380 380 380 380 380 380 380 379 379 379 379 379 379 379 379 378 378 378 378 378 378 378 377 377 377 377 377 377 377 377 376 376 376 376 376 376 375 375 375 375 374 374 374 373 373 373 373 373 373 372 372 365 376 386 393 400 405 410
389 389 389 388 388 388 388 388 387 387 387 386 386 385 385 385 385 384 384 384 384 384 383 382 382 382 381 381 381 381 381 381 381 380 380 380 380 380 380 380 380 380 379 379 379 379 379 379 379 379 378 378 378 378 378 378 378 378 377 377 377 377 377 377 377 376 376 376 376 376 376 376 375 375 375 374 374 374 373 373 373 373 373 373 372 365 365 365 365 382 391 398 403 408
389 389 388 388 388 388 388 387 387 387 386 386 385 385 385 385 384 384 384 384 384 382 382 382 382 381 381 381 381 381 381 381 380 380 380 380 380 380 380 380 380 379 379 379 379 379 379 379 379 378 378 378 378 378 378 378 378 377 377 377 377 377 377 377 376 376 376 376 376 376 376 375 375 375 374 374 374 373 373 373 373 373 373 365 365 365 365 365 365 377 388 396 402 407
