testData/tiles/oneDegree/grid12.0-4.0-13.0-5.0.asc
ncols   200
nrows   200
xllcorner   12.0
yllcorner   4.0
cellsize   0.005
NODATA_value   -9999.0
[rows 38 to 75 of 200, columns 0 to 83 of 200]
958 960 961 963 964 965 967 968 969 971 971 972 973 974 975 976 977 978 979 980 981 983 984 983 985 985 986 985 987 987 988 988 989 990 989 991 990 992 992 993 994 993 993 993 995 994 995 995 994 996 995 995 995 995 983 983 982 982 982 980 981 981 981 980 981 982 981 980 980 980 979 979 979 978 977 977 977 976 976 974 973 972 973 972
957 958 961 962 963 964 966 967 968 969 971 971 973 973 974 976 977 976 979 980 980 981 983 983 984 985 986 986 986 988 987 988 988 988 989 990 990 991 990 993 994 994 994 992 993 993 995 994 994 994 995 995 994 993 994 994 981 981 982 981 982 981 981 980 980 981 981 981 980 979 979 979 978 978 976 975 975 975 974 975 973 972 971 972
958 959 961 962 963 965 967 967 969 969 970 971 972 972 974 975 976 976 978 978 980 981 980 983 984 983 984 986 986 987 986 988 988 988 988 988 990 991 990 992 991 993 993 993 993 992 994 993 993 994 994 995 995 994 994 993 994 994 981 980 979 981 979 979 979 980 979 979 980 978 977 977 977 977 977 975 974 974 974 974 974 972 970 969
957 959 959 961 963 964 965 967 968 968 969 971 973 972 974 976 974 975 977 978 979 981 980 982 983 983 984 983 986 987 986 987 987 989 988 988 988 989 990 992 991 991 992 992 993 993 992 993 992 993 992 992 993 993 994 993 992 994 993 980 979 980 980 978 978 978 979 979 978 979 977 977 976 977 977 976 974 972 972 973 972 972 970 969
957 958 959 960 961 963 964 966 968 967 969 970 971 972 973 973 975 976 976 977 979 979 980 981 982 982 984 983 984 984 986 987 986 988 987 989 988 988 989 989 991 990 992 992 992 992 992 994 992 993 992 992 993 993 992 993 992 992 992 991 991 979 979 979 978 978 978 978 978 979 977 975 975 974 975 975 974 972 972 972 972 971 971 969
956 957 958 960 961 962 964 965 967 967 968 969 971 971 973 973 974 976 976 976 978 980 980 979 981 982 982 983 984 984 985 985 986 987 987 988 987 989 989 989 990 989 990 991 992 991 992 991 992 991 991 991 992 992 992 992 992 991 992 991 991 991 991 977 977 977 977 977 976 977 977 976 974 974 974 974 974 973 971 971 970 970 969 968
954 956 958 958 959 962 963 964 965 967 968 968 970 971 971 973 973 974 976 976 976 980 980 980 981 982 982 982 982 983 985 984 985 985 986 988 987 988 987 989 989 989 990 989 991 990 991 991 991 992 992 990 991 990 991 991 992 991 992 991 990 991 990 990 977 978 977 976 976 976 976 976 975 973 974 972 972 972 971 969 969 969 969 968
953 955 957 957 958 961 963 963 964 965 966 968 969 969 971 972 972 973 975 975 976 978 978 980 980 980 982 983 983 982 982 984 985 985 985 986 987 987 987 987 989 990 989 989 989 990 989 990 990 991 992 991 991 990 989 991 990 990 990 990 989 990 989 988 988 989 976 976 974 975 974 975 974 973 973 972 971 971 971 970 969 968 968 967
954 955 958 957 959 961 963 963 963 964 966 967 968 968 970 972 971 972 975 974 975 978 977 979 979 980 981 981 983 983 983 982 983 984 985 984 986 985 987 986 987 989 989 989 989 989 989 990 989 990 989 990 990 990 989 990 990 990 990 990 989 990 989 988 988 988 988 975 975 975 974 973 974 973 973 972 971 971 969 969 969 967 966 967
954 955 954 957 958 959 961 964 964 964 966 968 967 969 969 970 971 972 972 974 975 975 977 979 978 979 981 980 982 981 983 983 984 984 983 984 985 985 986 985 987 987 989 988 989 988 988 990 989 990 989 990 990 990 989 988 989 988 989 988 989 988 990 988 987 988 987 988 988 974 974 972 971 972 971 971 970 969 969 968 968 968 966 965
953 954 954 955 958 958 961 962 962 964 965 966 967 968 970 970 971 973 972 972 974 975 976 976 978 979 979 979 981 981 982 981 983 984 984 984 983 984 985 985 986 986 988 988 989 988 988 988 988 987 988 988 990 989 989 989 988 988 989 988 987 987 987 988 986 986 986 985 986 986 973 972 971 970 971 971 970 969 968 968 966 967 966 964
952 953 954 955 955 958 960 962 961 963 965 965 966 968 968 969 970 971 973 973 973 974 976 976 976 978 978 979 979 981 982 981 982 982 985 985 985 985 984 986 986 986 987 988 988 988 989 989 990 988 989 988 989 989 989 989 989 988 989 989 988 988 988 988 988 986 987 986 985 987 987 986 972 971 970 971 970 969 968 967 967 967 967 966
950 951 953 954 955 957 960 959 961 963 963 965 965 966 969 969 969 972 972 972 974 974 976 978 978 977 978 980 980 980 981 982 983 982 983 983 985 984 985 985 985 986 987 987 987 988 988 989 988 990 989 989 988 989 989 990 989 989 988 989 988 987 988 987 988 987 986 986 985 985 987 986 986 971 970 970 971 970 969 968 967 967 966 965
951 951 954 954 956 957 958 960 961 963 964 964 966 966 968 969 969 970 972 972 973 974 975 978 977 979 979 979 981 981 981 982 982 983 984 983 985 984 986 985 987 985 987 987 987 989 988 989 988 988 989 988 987 989 988 989 989 988 988 988 988 987 988 987 986 987 987 986 985 984 986 986 985 985 983 970 969 970 968 967 965 965 966 965
949 951 951 954 955 957 957 960 962 962 964 965 965 967 968 968 970 971 970 973 974 973 974 978 977 978 978 979 980 980 981 981 982 982 983 984 985 985 986 985 987 987 987 987 987 987 988 989 989 988 989 989 989 988 988 987 989 988 988 988 987 988 988 988 987 987 988 987 986 985 983 985 985 984 984 982 969 968 969 968 967 965 966 966
951 951 953 954 957 957 958 960 961 963 963 962 965 966 968 968 970 972 971 972 973 974 975 976 978 979 978 979 980 981 982 981 982 982 983 983 983 985 985 985 985 985 986 988 987 987 987 987 988 987 989 989 990 990 989 988 988 989 988 989 988 988 987 987 987 986 987 987 986 985 984 985 985 985 984 984 983 982 968 969 967 966 964 965
950 952 953 955 955 958 958 961 962 963 965 964 966 968 968 967 970 970 970 972 972 973 975 975 976 977 979 980 979 981 982 982 983 982 984 983 984 984 985 986 985 986 985 988 987 988 987 987 988 988 988 988 987 989 988 987 987 988 988 989 988 987 987 987 987 986 985 986 986 985 984 984 984 984 983 982 983 981 980 966 967 966 964 964
949 951 953 953 955 957 958 959 960 963 964 965 966 967 968 969 969 972 972 971 973 974 974 974 977 977 978 979 979 980 980 982 982 982 983 983 984 983 984 984 985 986 986 987 988 989 988 987 987 988 989 989 988 989 989 989 989 987 987 988 988 987 987 987 986 986 985 985 985 985 984 984 983 983 983 983 983 982 981 980 966 965 965 964
975 976 979 979 980 982 982 984 986 986 988 989 991 991 992 994 994 994 997 997 998 998 1000 1000 1001 1003 1003 1004 1004 1005 1005 1007 1006 1008 982 984 984 984 984 984 985 985 985 985 986 988 988 987 988 986 987 987 987 987 987 988 989 988 987 986 987 987 986 987 986 985 985 985 985 984 984 986 984 984 983 983 982 982 981 980 979 978 965 965
974 976 976 979 980 979 982 984 987 987 987 990 990 991 992 993 994 995 995 997 998 998 999 1001 1002 1001 1001 1003 1004 1004 1004 1005 1006 1007 1007 1009 1009 1010 1009 1010 1009 1011 1011 1011 1012 1011 1013 1012 989 988 987 988 988 988 988 987 988 988 987 986 986 987 986 986 986 985 985 985 984 984 983 982 984 982 982 981 981 982 981 979 979 978 977 963
975 975 977 978 981 980 981 983 985 987 987 987 990 991 990 992 995 994 996 997 997 999 1000 999 1001 1003 1003 1004 1004 1005 1005 1005 1005 1007 1007 1008 1007 1009 1009 1010 1009 1009 1009 1010 1010 1011 1011 1012 1012 1012 1011 1012 1011 1012 1012 1012 1012 1014 1013 988 987 986 987 987 987 986 985 986 985 984 984 983 983 984 982 982 981 982 981 980 978 978 977 976
973 975 976 979 978 980 982 982 985 987 987 988 989 991 991 992 994 994 995 997 996 998 998 999 1000 1001 1003 1004 1003 1005 1005 1006 1006 1006 1007 1008 1008 1008 1009 1010 1010 1011 1010 1011 1010 1011 1011 1012 1013 1013 1012 1013 1012 1012 1012 1012 1011 1011 1012 1011 1013 1011 1010 1011 1011 1011 1010 1009 1010 984 983 982 982 981 982 981 980 979 980 980 979 977 976 976
974 975 978 978 979 980 982 983 984 985 986 987 989 988 991 993 993 993 996 996 996 998 998 999 1000 1001 1003 1002 1004 1005 1005 1006 1005 1006 1005 1007 1007 1008 1008 1009 1009 1009 1009 1009 1010 1009 1011 1010 1011 1011 1011 1013 1013 1012 1013 1012 1012 1012 1012 1012 1012 1012 1010 1010 1011 1010 1010 1009 1009 1009 1008 1007 1008 1007 1006 1007 1006 980 980 980 978 978 976 975
976 979 980 982 982 984 984 986 988 988 990 992 992 993 992 993 994 995 995 998 998 998 999 1001 1001 1002 1003 1003 1005 1005 1006 1008 1007 1007 1006 1007 1007 1008 1007 1009 1010 1010 1010 1009 1010 1010 1012 1011 1011 1011 1012 1012 1012 1011 1012 1011 1010 1012 1011 1011 1012 1012 1011 1009 1010 1010 1009 1009 1009 1008 1008 1007 1006 1007 1005 1004 1004 1004 1004 1003 1002 1002 1001 1000
979 980 981 981 984 984 986 987 989 990 991 993 995 995 997 998 998 1000 998 999 1001 1001 1001 1001 1004 1004 1005 1005 1007 1006 1007 1007 1009 1009 1009 1010 1009 1010 1009 1010 1009 1010 1011 1010 1010 1010 1012 1011 1009 1011 1011 1013 1012 1012 1012 1012 1011 1012 1011 1010 1010 1011 1011 1010 1009 1009 1009 1009 1009 1008 1007 1006 1006 1006 1006 1005 1004 1004 1004 1004 1003 1001 1000 1000
980 982 983 984 985 987 988 989 990 991 994 994 995 997 997 998 1000 1000 1001 1002 1002 1002 1003 1003 1004 1005 1007 1008 1008 1010 1010 1010 1010 1011 1012 1012 1012 1012 1011 1013 1012 1012 1013 1013 1013 1013 1013 1015 1014 1014 1012 1012 1013 1013 1013 1012 1012 1011 1012 1010 1010 1010 1010 1010 1009 1009 1008 1008 1008 1008 1007 1007 1005 1006 1005 1005 1003 1002 1002 1003 1002 1001 1000 999
981 982 984 985 986 987 990 990 990 993 994 996 997 999 1000 1001 1000 1003 1004 1003 1004 1006 1005 1007 1006 1006 1009 1009 1010 1010 1011 1011 1011 1012 1013 1013 1014 1014 1014 1012 1013 1013 1014 1014 1015 1014 1013 1014 1015 1016 1016 1014 1015 1015 1015 1015 1014 1013 1015 1013 1012 1012 1011 1012 1011 1010 1009 1008 1007 1008 1007 1006 1006 1004 1005 1004 1004 1003 1002 1001 1002 1002 1000 999
984 984 985 987 988 990 991 993 993 994 997 998 998 999 1001 1003 1002 1003 1006 1004 1005 1005 1007 1008 1007 1009 1010 1010 1012 1012 1013 1013 1013 1014 1014 1015 1015 1015 1017 1015 1017 1015 1016 1015 1018 1017 1016 1016 1017 1018 1018 1016 1016 1015 1017 1017 1016 1015 1015 1016 1014 1014 1013 1012 1013 1013 1011 1010 1009 1009 1009 1008 1007 1005 1005 1005 1003 1001 1001 1000 1000 1000 999 999
985 985 986 987 990 991 992 993 994 995 997 1000 999 1001 1002 1002 1003 1005 1005 1006 1008 1007 1008 1011 1010 1011 1011 1013 1015 1012 1013 1013 1015 1014 1015 1016 1017 1017 1016 1016 1016 1018 1017 1017 1017 1017 1016 1017 1018 1019 1019 1019 1017 1017 1017 1019 1018 1017 1017 1016 1017 1015 1015 1015 1014 1016 1015 1013 1011 1011 1010 1010 1009 1008 1007 1006 1006 1005 1003 1003 1003 1001 1001 999
986 988 989 991 990 992 993 994 995 996 998 999 1001 1002 1003 1003 1005 1005 1006 1007 1008 1009 1010 1010 1011 1013 1011 1012 1013 1015 1017 1015 1016 1017 1018 1017 1018 1018 1019 1019 1019 1019 1020 1020 1019 1019 1018 1020 1019 1020 1020 1020 1021 1020 1019 1019 1020 1018 1019 1018 1018 1018 1016 1016 1015 1015 1015 1014 1013 1012 1012 1010 1011 1010 1009 1007 1007 1006 1005 1003 1002 1002 1001 1001
987 988 990 991 992 993 995 996 997 999 1000 1000 1001 1003 1004 1004 1006 1008 1008 1009 1009 1010 1010 1012 1012 1013 1013 1014 1016 1016 1017 1018 1018 1016 1018 1018 1019 1018 1020 1019 1021 1020 1020 1020 1020 1019 1019 1020 1021 1021 1021 1020 1020 1021 1021 1020 1019 1018 1018 1019 1019 1019 1019 1018 1018 1017 1016 1016 1016 1015 1015 1012 1011 1012 1011 1010 1008 1008 1007 1006 1005 1005 1002 1003
988 989 990 993 994 996 996 998 999 1000 1001 1002 1004 1004 1006 1007 1006 1007 1009 1009 1010 1011 1012 1012 1012 1014 1015 1015 1017 1016 1017 1018 1018 1019 1019 1020 1020 1021 1022 1020 1022 1021 1021 1022 1023 1023 1022 1021 1021 1021 1023 1022 1023 1023 1022 1022 1021 1021 1020 1022 1020 1019 1020 1019 1018 1018 1017 1016 1016 1016 1015 1014 1013 1012 1011 1012 1011 1009 1008 1006 1006 1005 1004 1002
989 991 992 992 995 996 996 997 1000 1000 1000 1003 1005 1005 1006 1007 1009 1010 1009 1011 1013 1011 1012 1014 1014 1015 1015 1016 1017 1018 1019 1019 1021 1021 1021 1021 1021 1021 1021 1021 1022 1023 1022 1023 1021 1023 1022 1023 1022 1022 1024 1024 1022 1023 1022 1023 1023 1021 1021 1021 1022 1021 1021 1021 1019 1018 1019 1018 1017 1016 1016 1016 1015 1013 1011 1010 1012 1011 1008 1007 1006 1006 1006 1005
990 992 993 994 995 997 997 999 1000 1001 1002 1003 1006 1007 1007 1008 1010 1010 1011 1012 1012 1014 1014 1013 1016 1017 1016 1017 1016 1019 1019 1019 1020 1021 1022 1021 1022 1024 1023 1023 1021 1022 1023 1025 1024 1025 1025 1025 1024 1023 1023 1026 1025 1025 1025 1024 1025 1024 1023 1023 1022 1023 1021 1021 1021 1019 1020 1019 1018 1017 1017 1017 1015 1015 1014 1013 1013 1013 1012 1010 1008 1006 1005 1006
991 992 994 995 997 996 999 1000 1001 1002 1003 1004 1006 1008 1008 1009 1011 1011 1011 1013 1012 1014 1014 1015 1016 1015 1018 1019 1018 1020 1021 1022 1021 1022 1023 1023 1023 1023 1024 1023 1024 1024 1024 1025 1024 1024 1025 1024 1026 1025 1024 1025 1025 1025 1025 1024 1024 1026 1025 1024 1023 1022 1023 1023 1023 1021 1019 1020 1020 1019 1018 1018 1017 1016 1015 1013 1012 1012 1011 1011 1009 1008 1007 1007
992 992 994 996 995 997 998 1000 1001 1001 1002 1004 1007 1007 1008 1011 1011 1011 1014 1014 1014 1016 1017 1017 1018 1017 1018 1018 1019 1019 1020 1022 1022 1023 1022 1024 1023 1025 1024 1024 1025 1024 1024 1025 1026 1025 1026 1024 1025 1025 1026 1025 1025 1026 1027 1026 1026 1026 1025 1025 1025 1024 1023 1023 1023 1023 1022 1021 1020 1020 1019 1018 1019 1017 1016 1015 1015 1015 1013 1012 1011 1010 1009 1007
991 995 996 995 998 999 1001 1000 1003 1003 1003 1005 1007 1007 1009 1010 1012 1012 1013 1014 1015 1015 1015 1017 1018 1018 1019 1020 1021 1020 1021 1021 1023 1024 1024 1025 1025 1026 1025 1027 1026 1028 1025 1026 1025 1026 1027 1027 1027 1027 1027 1027 1026 1026 1026 1026 1027 1027 1026 1025 1026 1025 1024 1024 1024 1023 1023 1023 1021 1021 1021 1019 1019 1019 1018 1015 1014 1014 1014 1013 1012 1010 1009 1009
994 994 996 996 997 1000 1000 1002 1003 1003 1005 1006 1007 1009 1010 1011 1010 1012 1014 1014 1015 1017 1017 1017 1019 1020 1020 1020 1021 1023 1023 1023 1024 1025 1024 1024 1024 1026 1026 1027 1026 1027 1028 1028 1027 1026 1026 1027 1027 1027 1027 1028 1028 1026 1027 1026 1027 1027 1026 1026 1026 1026 1024 1023 1024 1023 1023 1022 1022 1020 1020 1019 1020 1018 1018 1017 1015 1015 1014 1013 1013 1011 1009 1009
