testData/tiles/oneDegree/grid47.0-16.0-48.0-17.0.asc
ncols   200
nrows   200
xllcorner   47.0
yllcorner   16.0
cellsize   0.005
NODATA_value   -9999.0
[rows 126 to 167 of 200, columns 94 to 187 of 200]
261 261 260 260 259 259 258 258 257 254 253 252 252 252 251 250 249 249 248 247 246 246 245 244 243 244 244 244 244 245 245 245 335 335 336 336 336 336 337 337 337 299 300 300 300 300 300 301 301 301 301 302 302 302 302 302 303 303 303 303 220 221 221 221 221 222 222 222 222 222 223 223 223 223 223 224 224 224 224 225 226 226 227 227 228 228 229 230 230 231 231 232 233 233
261 261 260 259 260 259 258 258 258 254 253 253 252 251 251 251 250 249 248 247 247 246 245 244 244 244 244 244 245 245 245 245 246 336 336 336 337 337 337 337 337 300 300 300 300 301 301 301 301 301 302 302 302 302 303 303 303 303 303 304 221 221 221 221 222 222 222 222 223 223 223 223 223 224 224 224 224 224 225 226 226 226 227 227 229 229 230 230 230 232 232 233 233 233
261 260 261 260 259 259 259 258 254 253 254 253 252 251 251 250 249 248 249 248 247 245 245 244 244 244 245 245 245 245 246 246 246 336 336 337 337 337 337 338 300 300 300 301 301 301 301 301 302 302 302 302 303 303 303 303 303 304 304 221 221 221 222 222 222 222 223 223 223 223 223 224 224 224 224 224 225 225 225 226 226 228 228 228 229 229 230 231 231 232 232 233 234 235
261 261 260 260 259 259 258 258 254 254 253 252 253 252 251 250 249 249 248 247 246 246 245 244 244 245 245 245 245 246 246 246 246 247 337 337 337 338 338 338 300 300 301 301 301 301 302 302 302 302 302 303 303 303 303 304 304 304 304 221 222 222 222 222 222 223 223 223 223 224 224 224 224 224 225 225 225 225 225 227 227 228 228 229 229 230 231 231 232 232 233 234 234 235
262 261 260 260 260 259 258 258 255 254 253 253 252 251 250 251 250 249 248 248 247 246 245 245 245 245 245 246 246 246 246 247 247 247 337 337 338 338 338 338 301 301 301 301 302 302 302 302 302 303 303 303 303 304 304 304 304 304 222 222 222 222 222 223 223 223 223 224 224 224 224 224 225 225 225 225 225 226 227 227 227 228 229 230 230 230 231 231 233 233 234 234 234 236
261 260 261 260 259 259 259 255 254 253 254 253 252 251 251 250 249 248 248 247 246 245 245 245 245 245 246 246 246 246 247 247 247 247 248 338 338 338 339 301 301 301 301 302 302 302 302 303 303 303 303 303 304 304 304 304 305 305 222 222 222 223 223 223 223 223 224 224 224 224 225 225 225 225 225 226 226 226 227 227 229 229 229 230 230 231 232 232 233 233 234 235 235 236
262 261 260 260 260 259 258 255 255 254 253 252 252 252 251 250 250 249 248 247 247 246 245 245 246 246 246 246 247 247 247 247 248 248 248 248 338 339 339 301 301 302 302 302 302 303 303 303 303 303 304 304 304 304 305 305 305 305 222 223 223 223 223 223 224 224 224 224 225 225 225 225 225 226 226 226 226 226 228 228 229 229 229 231 231 232 232 233 233 234 235 235 236 236
261 261 260 260 260 259 258 255 254 254 253 253 252 251 250 250 249 248 247 247 246 245 245 246 246 246 246 247 247 247 247 248 248 248 248 249 339 339 301 302 302 302 302 302 303 303 303 303 304 304 304 304 304 305 305 305 305 223 223 223 223 223 224 224 224 224 224 225 225 225 225 226 226 226 226 226 227 227 228 228 229 230 231 231 231 232 232 234 234 234 235 235 237 237
261 261 261 260 259 259 256 255 254 254 253 252 252 252 251 250 249 249 248 247 246 246 246 246 246 247 247 247 247 248 248 248 248 249 249 249 249 339 302 302 302 302 303 303 303 303 304 304 304 304 304 305 305 305 305 306 306 223 223 223 224 224 224 224 224 225 225 225 225 226 226 226 226 226 227 227 227 228 228 229 230 230 231 231 233 233 233 234 234 235 236 236 237 237
262 261 260 259 260 259 255 254 255 254 253 252 252 251 250 249 249 248 247 246 246 246 246 246 247 247 247 247 248 248 248 248 249 249 249 249 250 302 302 302 303 303 303 303 303 304 304 304 304 305 305 305 305 305 306 306 306 223 224 224 224 224 224 225 225 225 225 225 226 226 226 226 227 227 227 227 227 229 229 230 230 230 232 232 233 233 233 234 235 236 236 237 237 238
261 261 261 260 259 259 256 255 254 253 253 252 252 251 251 250 249 248 248 247 246 246 247 247 247 247 248 248 248 248 249 249 249 249 250 250 250 212 302 303 303 303 303 304 304 304 304 305 305 305 305 305 306 306 306 306 224 224 224 224 224 225 225 225 225 225 226 226 226 226 227 227 227 227 227 228 228 229 229 230 231 231 232 232 233 234 235 235 235 236 236 238 238 238
261 261 260 260 259 256 255 254 254 254 253 252 251 251 250 249 248 248 247 246 246 247 247 247 247 248 248 248 248 249 249 249 249 250 250 250 212 213 213 303 303 304 304 304 304 304 305 305 305 305 306 306 306 306 306 307 224 224 224 225 225 225 225 225 226 226 226 226 227 227 227 227 227 228 228 228 228 229 230 231 231 232 232 233 234 234 235 235 236 237 237 238 238 239
261 261 260 260 259 256 255 255 254 253 252 252 251 251 250 250 249 248 246 247 247 247 247 248 248 248 248 249 249 249 249 250 250 250 250 251 213 213 213 303 304 304 304 304 305 305 305 305 306 306 306 306 306 307 307 224 224 225 225 225 225 225 226 226 226 226 226 227 227 227 227 228 228 228 228 228 230 230 230 231 231 233 233 233 234 234 236 236 237 237 237 238 239 240
261 260 260 260 256 255 255 254 254 253 253 252 251 250 250 249 248 247 247 247 247 247 248 248 248 248 249 249 249 249 250 250 250 250 251 213 213 213 214 214 304 304 305 305 305 305 305 306 306 306 306 307 307 307 307 224 225 225 225 225 226 226 226 226 226 227 227 227 227 228 228 228 228 228 229 229 230 230 231 232 232 233 233 234 235 235 236 236 237 238 239 239 239 240
260 261 260 259 256 255 255 254 254 253 252 251 251 250 249 248 248 247 247 247 248 248 248 248 249 249 249 249 250 250 250 250 251 251 251 213 214 214 214 214 214 305 305 305 305 306 306 306 306 307 307 307 307 307 308 225 225 225 226 226 226 226 226 227 227 227 227 227 228 228 228 228 229 229 229 229 230 231 232 232 232 233 234 235 235 236 236 237 238 238 239 239 239 241
384 383 382 383 379 378 377 377 253 252 252 252 251 250 249 249 248 247 247 248 248 248 248 249 249 249 249 250 250 250 250 251 251 251 213 214 214 214 214 215 215 305 305 306 306 306 306 306 307 307 307 307 308 308 225 225 225 226 226 226 226 227 227 227 227 227 228 228 228 228 229 229 229 229 229 230 231 231 232 232 234 234 234 235 235 237 237 237 238 238 240 240 241 241
383 383 383 379 378 377 377 377 376 376 375 374 373 373 372 248 247 248 248 248 248 249 249 249 249 250 250 250 250 251 251 251 251 214 214 214 214 215 215 215 215 215 306 306 306 306 307 307 307 307 308 308 308 308 225 226 226 226 226 227 227 227 227 227 228 228 228 228 228 229 229 229 229 230 230 231 231 231 233 233 234 234 234 236 236 237 237 238 239 239 240 240 241 241
384 383 382 378 379 378 377 376 376 375 374 373 373 372 371 370 371 371 371 371 249 249 249 249 250 250 250 250 251 251 251 251 252 214 214 214 215 215 215 215 216 216 216 306 307 307 307 307 307 308 308 308 308 309 226 226 226 226 227 227 227 227 228 228 228 228 228 229 229 229 229 230 230 230 230 231 232 232 233 233 234 235 236 236 236 237 238 239 239 239 240 241 242 242
383 382 379 379 378 377 376 376 375 374 374 374 372 371 371 371 371 371 372 372 372 372 373 373 373 250 251 251 251 251 252 252 214 214 215 215 215 215 216 216 216 216 216 307 307 307 307 308 308 308 308 309 309 226 226 226 227 227 227 227 228 228 228 228 228 229 229 229 229 229 230 230 230 230 231 232 232 233 233 234 235 235 236 236 237 238 238 239 239 241 241 241 242 242
383 383 379 378 377 377 376 376 375 375 374 373 372 372 371 371 371 372 372 372 372 373 373 373 373 374 374 374 374 252 252 214 214 215 215 215 215 216 216 216 216 217 217 217 307 308 308 308 308 308 309 309 309 226 227 227 227 227 227 228 228 228 228 229 229 229 229 229 230 230 230 230 231 231 231 232 232 234 234 234 235 235 237 237 238 238 238 240 240 241 241 241 243 243
383 382 378 377 378 377 376 375 375 374 373 373 372 371 371 372 372 372 372 373 373 373 373 374 374 374 374 375 375 375 375 338 215 215 215 216 216 216 216 217 217 217 217 217 218 308 308 308 309 309 309 309 227 227 227 227 227 228 228 228 228 229 229 229 229 229 230 230 230 230 230 231 231 231 231 233 233 234 234 235 236 236 237 237 238 239 239 240 240 241 242 243 243 243
382 378 379 378 377 376 376 375 374 373 373 372 371 371 372 372 372 372 373 373 373 373 374 374 374 374 375 375 375 375 338 338 338 338 339 216 216 216 217 217 217 217 218 218 218 308 309 309 309 309 309 310 227 227 227 228 228 228 228 228 229 229 229 229 230 230 230 230 230 231 231 231 231 232 233 233 233 234 235 236 236 236 237 238 239 239 240 240 241 242 242 243 243 244
382 379 378 377 376 376 375 374 373 373 372 371 372 372 372 372 373 373 373 373 374 374 374 374 375 375 375 375 376 338 338 338 339 339 339 339 340 340 217 217 217 218 218 218 218 219 309 309 309 310 310 227 227 228 228 228 228 228 229 229 229 229 230 230 230 230 230 231 231 231 231 231 232 232 233 233 234 235 235 236 236 238 238 238 239 239 241 241 241 242 242 244 244 245
379 378 377 377 376 375 374 374 373 372 371 372 372 372 372 373 373 373 373 374 374 374 374 375 375 375 375 376 338 338 338 339 339 339 339 340 340 340 340 341 341 218 218 219 219 219 219 310 310 310 310 227 228 228 228 228 229 229 229 229 229 230 230 230 230 231 231 231 231 231 232 232 232 232 234 234 234 235 235 237 237 238 238 238 240 240 241 241 242 243 243 244 244 245
378 377 377 376 375 375 375 374 373 371 372 372 372 373 373 373 373 374 374 374 374 375 375 375 375 376 376 338 338 339 339 339 339 340 340 340 340 341 341 341 341 341 342 342 219 219 220 310 310 310 311 228 228 228 229 229 229 229 229 230 230 230 230 231 231 231 231 231 232 232 232 232 232 233 234 234 235 236 236 237 237 238 239 240 240 240 241 242 243 243 243 244 245 246
377 377 376 376 375 375 374 373 373 372 372 372 373 373 373 373 374 374 374 374 375 375 375 375 376 376 338 338 339 339 339 339 340 340 340 340 341 341 341 341 342 342 342 342 343 343 220 220 311 311 228 228 228 229 229 229 229 230 230 230 230 230 231 231 231 231 232 232 232 232 232 233 233 233 234 235 236 236 236 237 238 239 239 240 240 241 242 242 243 243 245 245 245 246
377 376 376 376 375 374 373 373 372 372 372 373 373 373 373 374 374 374 375 375 375 375 376 376 376 376 339 339 339 339 340 340 340 340 341 341 341 341 342 342 342 342 342 343 343 343 343 344 221 311 228 229 229 229 229 230 230 230 230 230 231 231 231 231 232 232 232 232 232 233 233 233 233 233 235 235 236 236 238 238 238 239 239 241 241 242 242 242 244 244 245 245 245 247
376 376 376 375 374 373 373 372 372 373 373 373 373 374 374 374 374 375 375 375 375 376 376 376 376 339 339 339 339 340 340 340 340 341 341 341 341 342 342 342 342 343 343 343 343 344 344 344 344 352 352 229 229 229 230 230 230 230 231 231 231 231 231 232 232 232 232 233 233 233 233 233 234 234 235 235 237 237 238 238 238 240 240 241 241 242 243 243 244 244 245 246 247 247
376 376 375 374 374 373 372 372 373 373 373 373 374 374 374 374 375 375 375 376 376 376 376 377 339 339 339 340 340 340 340 341 341 341 341 342 342 342 342 343 343 343 343 343 344 344 344 344 345 262 352 352 353 230 230 230 231 231 231 231 231 232 232 232 232 233 233 233 233 233 234 234 234 235 235 236 237 237 238 239 240 240 240 241 242 243 243 243 244 245 246 246 247 247
376 375 374 374 373 372 372 373 373 373 374 374 374 374 375 375 375 375 376 376 376 376 377 339 339 339 340 340 340 340 341 341 341 341 342 342 342 342 343 343 343 343 344 344 344 344 345 345 345 262 263 353 353 353 353 231 231 231 231 232 232 232 232 232 233 233 233 233 234 234 234 234 234 236 236 236 237 238 239 239 240 240 241 242 242 243 243 245 245 245 246 246 248 248
375 374 374 373 372 373 373 373 373 374 374 374 374 375 375 375 375 376 376 376 377 377 339 339 340 340 340 340 341 341 341 341 342 342 342 342 343 343 343 343 344 344 344 344 344 345 345 345 262 263 263 263 353 354 354 354 354 232 232 232 232 232 233 233 233 233 234 234 234 234 234 235 235 236 236 238 238 238 239 239 241 241 242 242 242 244 244 245 245 245 247 247 248 248
375 374 373 372 373 373 373 373 374 374 374 375 375 375 375 376 376 376 376 377 377 339 339 340 340 340 340 341 341 341 341 342 342 342 342 343 343 343 343 344 344 344 344 345 345 345 345 346 263 263 263 264 354 354 354 354 355 355 355 232 233 233 233 233 234 234 234 234 234 235 235 235 235 236 237 238 238 238 240 240 241 241 242 243 243 244 244 245 246 247 247 247 248 249
373 372 372 373 373 373 374 374 374 374 375 375 375 375 376 376 376 376 377 377 339 340 340 340 340 341 341 341 341 342 342 342 342 343 343 343 343 344 344 344 344 345 345 345 345 345 346 263 263 263 264 264 264 354 355 355 355 355 356 356 233 233 233 234 234 234 234 235 235 235 235 235 236 237 237 238 239 239 240 240 241 242 243 243 243 244 245 246 246 247 247 248 249 249
372 373 373 373 373 374 374 374 374 375 375 375 376 376 376 376 377 377 377 339 340 340 340 340 341 341 341 341 342 342 342 342 343 343 343 343 344 344 344 344 345 345 345 345 346 346 346 263 264 264 264 264 265 265 355 355 355 356 356 356 356 357 234 234 234 235 235 235 235 235 236 236 236 237 237 239 239 240 240 241 242 242 243 243 245 245 245 246 246 248 248 248 249 249
373 373 373 373 374 374 374 375 375 375 375 376 376 376 376 377 377 377 339 340 340 340 340 341 341 341 342 342 342 342 343 343 343 343 344 344 344 344 345 345 345 345 346 346 346 346 263 264 264 264 264 265 265 265 265 356 356 356 356 357 357 357 357 357 235 235 235 235 236 236 236 236 236 238 238 239 239 241 241 241 242 242 244 244 245 245 245 247 247 248 248 249 250 250
373 373 374 374 374 374 375 375 375 375 376 376 376 377 377 377 339 340 340 340 340 341 341 341 341 342 342 342 342 343 343 343 343 344 344 344 344 345 345 345 345 346 346 346 346 347 264 264 264 265 265 265 265 266 266 356 356 356 357 357 357 357 358 358 358 358 236 236 236 236 236 237 238 238 238 239 240 241 241 242 243 243 244 244 245 246 246 247 247 248 249 250 250 250
373 374 374 374 374 375 375 375 376 376 376 376 377 377 377 339 340 340 340 340 341 341 341 341 342 342 342 343 343 343 343 344 344 344 344 345 345 345 345 346 346 346 346 347 347 264 264 264 265 265 265 265 266 266 266 266 357 357 357 357 358 358 358 358 358 359 359 236 236 237 237 237 238 238 239 240 240 241 242 243 243 243 244 245 246 246 247 247 248 249 249 250 250 252
374 374 374 375 375 375 375 376 376 376 376 377 377 377 339 340 340 340 341 341 341 341 342 342 342 342 343 343 343 343 344 344 344 344 345 345 345 345 346 346 346 346 347 347 347 264 265 265 265 265 266 266 266 266 267 267 267 357 357 358 358 358 358 359 359 359 359 360 360 237 237 237 239 239 239 240 240 242 242 243 243 244 245 245 246 246 248 248 248 249 249 251 251 252
374 374 375 375 375 375 376 376 376 377 377 377 377 340 340 340 340 341 341 341 341 342 342 342 342 343 343 343 344 344 344 344 345 345 345 345 346 346 346 346 347 347 347 347 348 265 265 265 265 266 266 266 266 267 267 267 267 268 358 358 358 359 359 359 359 359 360 360 360 360 238 238 239 239 240 241 241 242 242 244 244 244 245 245 247 247 248 248 248 250 250 251 251 252
374 375 375 375 375 376 376 376 377 377 377 377 340 340 340 340 341 341 341 342 342 342 342 343 343 343 343 344 344 344 344 345 345 345 345 346 346 346 346 347 347 347 347 348 265 265 265 266 266 266 266 267 267 267 267 268 268 268 358 358 359 359 359 359 360 360 360 360 361 361 361 361 239 240 241 241 241 242 243 244 244 245 246 246 247 247 248 249 250 250 250 251 252 253
375 375 375 376 376 376 376 377 377 377 339 340 340 340 341 341 341 341 342 342 342 342 343 343 343 343 344 344 344 345 345 345 345 346 346 346 346 347 347 347 347 348 348 348 265 266 266 266 266 266 267 267 267 267 268 268 268 268 269 359 359 359 360 360 360 360 360 361 361 361 361 362 363 240 241 241 242 243 243 244 245 246 246 246 247 248 249 249 250 250 251 252 252 253
375 375 376 376 376 376 377 377 377 340 340 340 340 341 341 341 341 342 342 342 343 343 343 343 344 344 344 344 345 345 345 345 346 346 346 346 347 347 347 347 348 348 348 265 266 266 266 266 267 267 267 267 268 268 268 268 269 269 269 269 359 360 360 360 360 361 361 361 361 362 362 362 363 363 242 242 242 243 243 245 245 246 246 247 248 248 249 249 251 251 251 252 252 254
