testData/tiles/oneDegree/grid1.0-28.0-2.0-29.0.asc
ncols   200
nrows   200
xllcorner   1.0
yllcorner   28.0
cellsize   0.005
NODATA_value   -9999.0
[rows 0 to 44 of 200, columns 0 to 95 of 200]
522 522 522 522 522 522 521 521 521 521 521 521 521 520 520 520 520 520 520 519 524 524 524 524 524 523 523 523 523 523 523 523 523 524 525 525 525 525 526 526 527 526 527 527 528 528 528 528 529 529 530 529 530 530 531 530 531 531 532 532 532 532 533 533 533 533 534 534 534 534 535 535 535 535 536 535 535 536 536 536 536 537 537 537 537 538 537 537 538 537 538 538 538 538 538 539
522 522 521 521 521 521 521 521 521 520 520 520 520 520 520 520 519 519 519 519 519 524 523 523 523 523 523 523 522 522 522 522 523 522 523 524 524 525 525 525 525 526 526 527 526 527 527 528 527 528 528 529 529 529 529 530 530 530 530 531 531 531 531 532 532 532 532 533 533 533 533 534 534 534 534 534 535 534 535 535 535 535 536 536 536 536 536 536 536 537 536 537 537 537 537 537
381 521 521 521 521 521 520 520 520 520 520 520 519 519 519 519 519 519 519 518 518 523 523 523 523 522 522 522 522 522 521 521 521 522 523 523 523 523 524 524 525 524 525 525 526 526 526 526 527 527 527 527 528 528 529 528 529 529 530 529 530 530 531 530 531 531 532 531 532 532 533 532 532 533 533 533 533 534 533 534 534 535 534 535 535 534 535 535 535 535 536 536 535 536 536 536
381 521 520 520 520 520 520 520 520 519 519 519 519 519 519 518 518 518 518 518 518 517 522 522 522 522 522 521 521 521 521 521 521 520 521 522 522 523 522 523 523 524 524 524 524 525 525 526 525 526 526 527 526 527 527 528 527 528 528 529 529 529 529 530 530 530 530 531 531 531 531 531 531 531 532 532 532 532 533 533 533 533 534 533 533 534 533 534 534 535 534 534 535 534 535 535
380 520 520 520 520 519 519 519 519 519 519 519 518 518 518 518 518 518 517 517 517 517 517 522 521 521 521 521 521 521 520 520 520 520 521 520 521 521 522 522 522 522 523 523 524 523 524 524 525 524 525 525 526 526 526 526 527 527 527 527 528 528 528 528 529 529 529 529 530 530 529 530 530 531 530 531 531 531 531 532 532 531 532 532 532 532 533 533 533 533 533 533 533 534 533 534
380 519 519 519 519 519 519 519 518 518 518 518 518 518 518 517 517 517 517 517 517 516 516 516 521 521 521 520 520 520 520 520 519 519 519 520 520 520 520 521 521 522 521 522 522 523 523 523 523 524 524 524 524 525 525 526 525 526 526 527 526 527 527 528 527 528 528 528 528 528 529 529 529 529 530 529 530 530 531 530 530 531 530 531 531 531 531 532 532 531 532 532 532 532 533 532
379 379 519 519 518 518 518 518 518 518 518 517 517 517 517 517 517 516 516 516 516 516 516 515 515 520 520 520 520 519 519 519 519 519 518 518 519 519 520 519 520 520 521 521 521 521 522 522 523 522 523 523 524 523 524 524 525 524 525 525 526 525 526 526 527 526 526 527 527 527 527 528 528 528 528 529 528 529 529 529 529 529 530 529 530 530 531 530 530 531 530 531 531 531 531 531
378 378 518 518 518 518 518 517 517 517 517 517 517 517 516 516 516 516 516 516 515 515 515 515 515 515 519 519 519 519 519 518 518 518 518 518 517 518 518 519 519 519 519 520 520 521 520 521 521 522 521 522 522 523 523 523 523 524 524 524 524 525 525 525 525 525 526 525 526 526 527 526 527 527 527 527 528 528 527 528 528 528 528 529 528 529 529 529 529 529 530 529 530 530 529 530
378 378 518 517 517 517 517 517 517 517 516 516 516 516 516 516 516 515 515 515 515 515 514 514 514 514 514 519 518 518 518 518 518 517 517 517 517 517 517 517 518 518 519 518 519 519 520 520 520 520 521 521 521 521 522 522 522 522 523 523 524 523 523 524 523 524 524 525 524 525 525 526 525 526 526 527 526 526 527 526 527 527 527 527 528 528 527 528 528 528 528 529 528 528 529 528
377 377 517 517 517 517 516 516 516 516 516 516 516 515 515 515 515 515 515 514 514 514 514 514 514 513 513 513 518 518 517 517 517 517 517 516 516 516 516 517 516 517 517 518 518 518 518 519 519 520 519 520 520 521 520 521 521 522 521 522 522 522 522 522 523 523 523 523 524 524 524 524 525 524 525 525 525 525 525 526 525 526 526 526 526 526 527 526 527 527 527 527 527 527 527 528
377 377 376 516 516 516 516 516 516 515 515 515 515 515 515 515 514 514 514 514 514 514 513 513 513 513 513 512 512 517 517 517 516 516 516 516 516 515 515 515 516 516 516 516 517 517 518 517 518 518 519 518 519 519 520 519 520 520 520 521 520 521 521 521 521 522 522 522 522 523 523 523 523 524 523 523 524 524 524 524 525 524 525 525 524 525 525 526 525 526 526 525 526 526 526 526
376 376 376 516 516 515 515 515 515 515 515 515 514 514 514 514 514 514 513 513 513 513 513 513 512 512 512 512 512 511 516 516 516 516 515 515 515 515 515 514 514 515 515 516 515 516 516 517 517 517 517 518 518 518 518 519 519 518 519 519 520 519 520 520 521 520 521 521 522 521 522 522 521 522 522 523 522 523 523 523 523 523 523 523 524 524 524 524 524 524 524 525 524 525 525 524
376 375 375 515 515 515 515 515 514 514 514 514 514 514 514 513 513 513 513 513 513 512 512 512 512 512 511 511 511 511 511 515 515 515 515 515 514 514 514 514 514 513 514 514 515 515 515 515 516 516 516 516 517 517 516 517 517 518 517 518 518 519 518 519 519 520 519 520 520 521 520 520 521 520 521 521 522 521 522 522 521 522 522 522 522 523 523 522 523 523 523 523 524 523 523 523
375 375 375 375 514 514 514 514 514 514 514 513 513 513 513 513 513 512 512 512 512 512 512 511 511 511 511 511 510 510 510 510 515 514 514 514 514 514 513 513 513 513 513 513 513 514 514 514 514 515 515 515 515 515 516 516 516 516 517 517 517 517 518 518 518 518 519 518 519 519 519 519 519 520 520 520 520 521 520 520 521 520 521 521 521 521 521 521 521 522 521 522 522 521 522 522
374 374 374 374 514 514 514 513 513 513 513 513 513 512 512 512 512 512 512 511 511 511 511 511 511 510 510 510 510 510 509 509 509 514 514 513 513 513 513 513 512 512 512 512 513 512 513 513 514 513 513 514 514 514 514 515 515 515 515 516 516 516 516 517 517 517 517 518 518 517 518 518 518 518 519 519 519 519 519 519 519 520 519 520 520 519 520 520 520 520 521 520 520 521 520 521
374 374 374 373 513 513 513 513 513 513 512 512 512 512 512 512 511 511 511 511 511 511 510 510 510 510 510 509 509 509 509 509 508 508 513 513 513 512 512 512 512 512 511 511 511 511 511 511 512 512 513 512 513 513 514 513 514 514 515 514 515 515 516 515 516 516 516 516 516 517 516 517 517 517 517 518 518 517 518 518 518 518 519 518 518 519 518 519 519 519 519 519 519 519 520 520
373 373 373 373 513 513 512 512 512 512 512 512 511 511 511 511 511 511 510 510 510 510 510 510 509 509 509 509 509 508 508 508 508 508 507 512 512 512 512 511 511 511 511 510 510 510 510 511 510 511 511 512 511 512 512 513 512 513 513 514 513 514 514 515 514 514 515 514 515 515 516 515 516 516 516 516 516 517 516 517 517 517 517 517 517 517 518 517 518 518 517 518 518 519 519 519
373 373 372 372 372 512 512 512 511 511 511 511 511 511 511 510 510 510 510 510 509 509 509 509 509 509 508 508 508 508 508 507 507 507 507 507 511 511 511 511 511 510 510 510 510 509 509 509 510 509 510 510 511 510 511 511 512 511 512 512 513 512 513 513 513 513 513 514 514 514 514 515 514 515 515 514 515 515 516 515 516 516 515 516 516 516 516 517 516 516 517 517 518 518 518 519
372 372 372 372 371 511 511 511 511 511 511 510 510 510 510 510 510 509 509 509 509 509 508 508 508 508 508 508 507 507 507 507 507 506 506 506 506 511 510 510 510 510 509 509 509 509 509 508 508 509 509 509 509 510 510 510 510 511 511 511 511 512 512 511 512 512 512 512 513 513 513 513 514 513 513 514 513 514 514 515 514 514 515 514 515 515 515 515 515 516 516 517 517 517 518 518
371 371 371 371 371 511 511 510 510 510 510 510 510 509 509 509 509 509 509 508 508 508 508 508 507 507 507 507 507 507 506 506 506 506 506 505 505 505 510 509 509 509 509 509 508 508 508 508 507 507 508 508 508 508 509 509 509 509 510 510 510 510 510 511 510 511 511 511 511 512 512 512 512 512 512 512 513 512 513 513 512 513 513 514 513 514 514 514 515 515 516 516 516 517 517 518
371 371 371 370 370 370 510 510 510 509 509 509 509 509 509 508 508 508 508 508 508 507 507 507 507 507 506 506 506 506 506 505 505 505 505 505 504 504 504 509 509 508 508 508 508 507 507 507 507 506 506 507 507 507 507 508 508 508 508 508 509 508 509 509 510 509 510 510 510 510 510 511 510 511 511 511 511 512 511 511 512 511 512 512 513 513 513 514 514 515 515 515 516 516 517 517
370 370 370 370 370 369 509 509 509 509 509 509 508 508 508 508 508 508 507 507 507 507 507 506 506 506 506 506 505 505 505 505 505 504 504 504 504 504 503 503 508 508 507 507 507 507 507 506 506 506 506 505 506 506 507 506 507 507 507 507 507 508 507 508 508 509 508 509 509 508 509 509 510 509 510 510 510 510 510 510 510 511 511 512 512 512 513 513 514 514 514 515 515 516 516 516
370 369 369 369 369 369 509 509 508 508 508 508 508 508 507 507 507 507 507 507 506 506 506 506 506 505 505 505 505 505 504 504 504 504 504 503 503 503 503 502 502 507 507 507 506 506 506 506 505 505 505 505 504 505 505 506 505 505 506 506 506 506 507 506 507 507 508 507 507 508 507 508 508 509 508 509 509 508 509 509 510 510 511 511 511 512 512 513 513 513 514 514 515 515 515 516
369 369 369 369 368 368 508 508 508 508 507 507 507 507 507 507 506 506 506 506 506 505 505 505 505 505 505 504 504 504 504 504 503 503 503 503 502 502 502 502 502 501 506 506 506 505 505 505 505 504 504 504 504 503 504 504 504 504 504 505 505 505 505 506 505 506 506 506 506 506 507 506 507 507 507 507 507 508 508 509 509 510 510 510 511 511 512 512 512 513 513 514 514 514 515 515
368 368 368 368 368 368 367 507 507 507 507 507 506 506 506 506 506 506 505 505 505 505 505 504 504 504 504 504 503 503 503 503 503 502 502 502 502 502 501 501 501 501 500 505 505 505 504 504 504 504 504 503 503 503 502 502 503 503 503 503 504 504 504 504 505 504 504 505 505 505 505 506 505 506 506 506 507 507 508 508 508 509 509 510 510 511 511 511 512 512 513 513 513 514 514 515
368 368 367 367 367 367 367 507 506 506 506 506 506 506 505 505 505 505 505 505 504 504 504 504 504 503 503 503 503 503 502 502 502 502 502 501 501 501 501 500 500 500 500 500 504 504 504 504 503 503 503 503 502 502 502 502 501 502 502 502 502 503 503 503 503 503 503 503 504 504 504 504 505 505 505 506 506 507 507 507 508 508 509 509 510 510 510 511 511 512 512 512 513 513 514 514
367 367 367 367 366 366 366 506 506 506 505 505 505 505 505 505 504 504 504 504 504 504 503 503 503 503 503 502 502 502 502 502 501 501 501 501 500 500 500 500 500 499 499 499 499 503 503 503 503 502 502 502 502 501 501 501 501 500 501 501 501 501 502 502 501 502 502 502 502 503 503 503 504 504 505 505 506 506 506 507 507 508 508 509 509 509 510 510 511 511 511 512 512 513 513 513
366 366 366 366 366 366 365 365 505 505 505 505 504 504 504 504 504 504 503 503 503 503 503 502 502 502 502 502 501 501 501 501 501 500 500 500 500 500 499 499 499 499 498 498 498 498 502 502 502 502 501 501 501 501 500 500 500 500 499 500 500 499 500 500 501 500 501 501 502 502 502 503 503 504 504 505 505 505 506 506 507 507 508 508 508 509 509 510 510 510 511 511 512 512 512 513
366 366 365 365 365 365 365 365 505 504 504 504 504 504 503 503 503 503 503 503 502 502 502 502 502 501 501 501 501 501 500 500 500 500 499 499 499 499 499 498 498 498 498 497 497 497 497 496 501 501 501 500 500 500 500 499 499 499 499 498 498 499 498 499 499 500 500 501 501 501 502 502 503 503 504 504 504 505 505 506 506 507 507 507 508 508 509 509 509 510 510 511 511 511 512 512
365 365 365 365 364 364 364 364 504 504 503 503 503 503 503 503 502 502 502 502 502 501 501 501 501 501 500 500 500 500 500 499 499 499 499 499 498 498 498 498 497 497 497 497 496 496 496 496 495 500 500 500 499 499 499 499 498 498 498 497 497 497 498 498 499 499 500 500 500 501 501 502 502 503 503 503 504 504 505 505 506 506 506 507 507 508 508 508 509 509 510 510 510 511 511 511
364 364 364 364 364 364 363 363 363 503 503 503 502 502 502 502 502 502 501 501 501 501 501 500 500 500 500 500 499 499 499 499 499 498 498 498 498 497 497 497 497 496 496 496 496 495 495 495 495 494 499 499 499 498 498 498 498 497 497 497 497 497 497 498 498 499 499 499 500 500 501 501 502 502 502 503 503 504 504 505 505 505 506 506 507 507 507 508 508 509 509 509 510 510 511 511
364 364 363 363 363 363 363 363 362 502 502 502 502 502 501 501 501 501 501 500 500 500 500 500 500 499 499 499 499 498 498 498 498 498 497 497 497 497 496 496 496 496 495 495 495 495 494 494 494 494 493 498 498 498 497 497 497 497 497 497 497 497 497 497 498 498 498 499 499 500 500 501 501 501 502 502 503 503 504 504 504 505 505 506 506 506 507 507 508 508 508 509 509 510 510 510
363 363 363 363 362 362 362 362 362 502 501 501 501 501 501 501 500 500 500 500 500 499 499 499 499 499 498 498 498 498 498 497 497 497 497 496 496 496 496 495 495 495 495 495 494 494 494 494 493 493 493 492 497 497 497 497 497 497 497 497 497 497 497 497 497 497 498 498 499 499 500 500 500 501 501 502 502 503 503 503 504 504 505 505 505 506 506 507 507 507 508 508 509 509 509 510
362 362 362 362 362 362 361 361 361 361 501 501 500 500 500 500 500 499 499 499 499 499 499 498 498 498 498 497 497 497 497 497 496 496 496 496 495 495 495 495 495 494 494 494 494 493 493 493 492 492 492 492 492 492 497 497 497 497 497 497 497 497 497 497 497 497 497 498 498 499 499 499 500 500 501 501 502 502 502 503 503 504 504 504 505 505 506 506 506 507 507 508 508 508 509 509
362 362 361 361 361 361 361 361 360 360 500 500 500 500 499 499 499 499 499 498 498 498 498 498 497 497 497 497 497 496 496 496 496 495 495 495 495 494 494 494 494 494 493 493 493 493 492 492 492 492 492 492 492 492 492 497 497 497 497 497 497 497 497 497 497 497 497 497 498 498 498 499 499 500 500 501 501 501 502 502 503 503 503 504 504 505 505 505 506 506 507 507 507 508 508 508
361 361 361 361 360 360 360 360 360 360 499 499 499 499 499 498 498 498 498 498 497 497 497 497 497 496 496 496 496 496 495 495 495 495 494 494 494 494 494 493 493 493 493 492 492 492 492 492 492 492 492 492 492 492 492 492 497 497 497 497 497 497 497 497 497 497 497 497 497 497 498 498 499 499 500 500 500 501 501 502 502 502 503 503 504 504 504 505 505 506 506 506 507 507 507 508
360 360 360 360 360 360 359 359 359 359 359 498 498 498 498 498 498 497 497 497 497 497 496 496 496 496 495 495 495 495 495 494 494 494 494 493 493 493 493 493 492 492 492 492 492 492 492 492 492 492 492 492 492 492 492 492 492 497 497 497 497 497 497 497 497 497 497 497 497 497 497 498 498 499 499 499 500 500 501 501 501 502 502 503 503 503 504 504 505 505 505 506 506 506 507 507
360 359 359 359 359 359 359 358 358 358 358 498 498 497 497 497 497 497 496 496 496 496 496 495 495 495 495 495 494 494 494 494 493 493 493 493 492 492 492 492 492 492 492 492 492 492 492 492 492 492 492 492 492 492 492 492 492 492 492 497 497 497 497 497 497 497 497 497 497 497 497 497 497 498 498 499 499 500 500 500 501 501 502 502 502 503 503 504 504 504 505 505 505 506 506 507
359 359 359 358 358 358 358 358 358 357 357 497 497 497 496 496 496 496 496 495 495 495 495 495 494 494 494 494 494 493 493 493 493 492 492 492 492 492 492 492 492 492 492 492 492 492 492 492 492 492 492 492 492 492 492 492 492 492 492 492 497 497 497 497 497 497 497 497 497 497 497 497 497 497 498 498 499 499 499 500 500 501 501 501 502 502 503 503 503 504 504 504 505 505 506 506
358 358 358 358 358 357 357 357 357 357 356 356 496 496 496 496 495 495 495 495 495 494 494 494 494 493 493 493 493 493 492 492 492 492 492 492 492 492 492 492 492 492 492 492 492 492 492 492 492 492 492 492 492 492 492 492 492 492 492 492 492 497 497 497 497 497 497 497 497 497 497 497 497 497 497 498 498 498 499 499 500 500 500 501 501 502 502 502 503 503 503 504 504 505 505 505
357 357 357 357 357 357 356 356 356 356 356 356 495 495 495 495 495 494 494 494 494 494 493 493 493 493 492 492 492 492 492 492 492 492 492 492 492 492 492 492 492 492 492 492 492 492 492 492 492 492 492 492 492 492 492 492 492 492 492 492 492 492 492 497 497 497 497 497 497 497 497 497 497 497 497 497 497 498 498 499 499 499 500 500 501 501 501 502 502 502 503 503 504 504 504 505
357 357 356 356 356 356 356 356 355 355 355 355 495 494 494 494 494 494 493 493 493 493 493 492 492 492 492 492 492 492 492 492 492 492 492 492 492 492 492 492 492 492 492 492 492 492 492 492 492 492 492 492 492 492 492 492 492 492 492 492 492 492 492 492 497 497 497 497 497 497 497 497 497 497 497 497 497 497 498 498 498 499 499 500 500 500 501 501 501 502 502 503 503 503 504 504
356 356 356 355 355 355 355 355 355 354 354 354 354 494 493 493 493 493 493 492 492 492 492 492 492 492 492 492 492 492 492 492 492 492 492 492 492 492 492 492 492 492 492 492 492 492 492 492 492 492 492 492 492 492 492 492 492 492 492 492 492 492 492 492 492 497 497 497 497 497 497 497 497 497 497 497 497 497 497 497 498 498 499 499 499 500 500 500 501 501 502 502 502 503 503 503
355 355 355 355 355 354 354 354 354 354 353 353 353 493 493 492 492 492 492 492 492 492 492 492 492 492 492 492 492 492 492 492 492 492 492 492 492 492 492 492 492 492 492 492 492 492 492 492 492 492 492 492 492 492 492 492 492 492 492 492 492 492 492 492 492 492 492 497 497 497 497 497 497 497 497 497 497 497 497 497 497 498 498 498 499 499 499 500 500 501 501 501 502 502 502 503
354 354 354 354 354 354 353 353 353 353 353 352 352 492 492 492 492 492 492 492 492 492 492 492 492 492 492 492 492 492 492 492 492 492 492 492 492 492 492 492 492 492 492 492 492 492 492 492 492 492 492 492 492 492 492 492 492 492 492 492 492 492 492 492 492 492 492 492 497 497 497 497 497 497 497 497 497 497 497 497 497 497 497 498 498 498 499 499 500 500 500 501 501 501 502 502
