testData/tiles/oneDegree/grid41.0-6.0-42.0-7.0.asc
ncols   200
nrows   200
xllcorner   41.0
yllcorner   6.0
cellsize   0.005
NODATA_value   -9999.0
[rows 84 to 125 of 200, columns 94 to 187 of 200]
492 492 493 492 493 493 494 494 494 494 495 495 496 495 496 496 497 497 497 497 497 498 498 498 498 498 499 498 498 499 499 499 498 498 498 498 497 497 497 497 497 496 496 496 495 494 494 493 493 493 492 492 491 491 491 490 490 489 489 488 488 487 487 577 577 576 576 575 575 574 574 573 573 572 572 571 571 570 570 570 570 570 570 570 570 570 570 570 570 570 570 570 570 570
491 492 492 493 493 493 493 494 494 495 494 495 495 495 496 495 496 496 497 497 497 497 498 498 498 498 498 498 499 498 498 498 499 499 498 498 498 498 497 497 497 496 495 495 495 494 494 494 493 493 493 492 492 491 491 490 490 489 489 488 488 488 487 578 577 577 576 576 575 575 574 574 573 573 572 571 571 570 570 570 570 570 570 570 570 570 570 570 570 570 570 570 570 570
491 492 491 492 492 493 493 493 493 494 494 495 494 495 495 496 496 496 496 497 497 497 497 497 498 498 498 498 498 498 499 498 498 498 498 499 498 498 497 497 496 496 496 495 495 495 494 494 494 493 493 492 492 492 491 491 490 490 489 489 488 488 578 578 577 577 576 576 575 575 574 574 573 573 572 572 571 571 570 570 570 570 570 570 570 570 570 570 570 570 570 570 570 570
490 491 491 492 491 492 492 493 493 494 493 494 494 495 495 495 495 496 496 497 496 497 497 498 497 497 498 498 499 498 498 498 499 498 498 498 498 498 497 497 497 496 496 496 496 495 495 494 494 494 493 493 492 492 491 491 490 490 489 489 488 488 578 578 577 577 576 576 575 575 574 574 573 573 572 572 571 571 570 570 570 570 570 570 570 570 570 570 570 570 570 570 570 570
490 490 491 491 492 492 493 492 493 493 494 494 494 494 495 495 496 495 496 496 497 497 497 497 497 498 497 498 498 498 499 498 498 498 499 498 498 498 498 497 497 497 497 496 496 496 495 495 494 494 494 493 493 492 492 491 491 490 490 489 489 579 579 578 578 577 577 576 576 575 575 574 573 573 572 572 571 571 570 570 570 570 570 570 570 570 570 570 570 570 570 570 570 570
490 490 491 490 491 491 492 492 493 492 493 493 494 494 494 494 495 495 496 495 496 496 497 497 497 497 498 498 498 498 498 498 499 498 498 498 498 498 498 498 498 497 497 497 496 496 496 495 495 494 494 493 493 492 492 491 491 490 490 489 489 579 579 578 578 577 577 576 576 575 575 574 574 573 573 572 571 571 570 570 570 570 570 570 570 570 570 570 570 570 570 570 570 570
489 489 490 490 491 491 491 491 492 492 493 492 493 494 494 495 494 495 495 496 496 496 496 497 497 497 497 497 498 498 499 498 498 498 499 499 499 499 499 498 498 498 498 497 497 496 496 495 495 495 494 494 493 493 492 492 491 491 490 490 580 579 579 578 578 577 577 576 576 575 575 574 574 573 573 572 572 571 571 570 570 570 570 570 570 570 570 570 570 570 570 570 570 570
489 489 490 489 490 490 491 492 491 492 492 493 493 493 493 494 494 495 494 495 495 496 496 496 496 497 497 498 497 498 498 498 499 499 499 499 499 499 499 499 499 498 498 498 497 497 496 496 495 495 494 494 493 493 492 492 491 491 490 490 580 580 579 579 578 578 577 576 576 575 575 574 574 573 573 572 572 571 571 570 570 570 570 570 570 570 570 570 570 570 570 570 570 570
488 488 489 489 490 490 490 491 491 492 491 492 492 493 493 494 493 494 494 495 495 495 495 496 496 496 496 497 497 498 498 499 499 499 500 500 500 500 500 499 499 499 498 498 497 497 496 496 495 495 494 494 493 493 492 492 491 491 490 581 580 580 579 579 578 578 577 577 576 575 575 574 574 573 573 572 572 571 571 570 570 570 570 570 570 570 570 570 570 570 570 570 570 570
488 488 488 489 489 490 490 490 490 491 491 492 492 492 492 493 493 494 494 494 495 495 496 495 496 496 497 497 498 498 499 499 499 500 500 500 500 500 500 500 499 499 499 498 498 497 497 496 496 495 495 494 494 493 493 492 491 491 490 581 580 580 579 579 578 578 577 577 576 576 575 574 574 573 573 572 572 571 571 570 570 570 570 570 570 570 570 570 570 570 570 570 570 570
487 488 488 489 488 489 489 490 490 491 490 491 491 492 493 492 493 493 494 494 494 494 495 495 496 496 497 497 498 498 499 499 500 500 501 501 501 501 501 500 500 499 499 498 498 497 497 496 496 495 495 494 494 493 493 492 492 491 582 581 580 580 579 579 578 578 577 577 576 576 575 575 574 573 573 572 572 571 571 570 570 570 570 570 570 570 570 570 570 570 570 570 570 570
487 487 487 488 488 489 489 489 489 490 490 491 490 491 492 492 493 492 493 493 494 494 495 495 496 496 497 498 498 499 499 500 500 501 501 501 501 501 501 501 500 500 499 499 498 498 497 496 496 495 495 494 494 493 493 492 492 491 582 581 580 580 579 579 578 578 577 577 576 576 575 575 574 573 573 572 572 571 571 570 570 570 570 570 570 570 570 570 570 570 570 570 570 570
486 487 487 488 487 488 488 489 489 489 489 490 491 491 491 491 492 492 493 493 494 494 495 495 496 497 497 498 498 499 499 500 500 501 501 502 502 502 501 501 500 500 499 499 498 498 497 497 496 495 495 494 494 493 493 492 492 582 582 581 581 580 579 579 578 578 577 577 576 576 575 575 574 574 573 572 572 571 571 570 570 570 570 570 570 570 570 570 570 570 570 570 570 570
485 486 486 487 487 488 487 488 488 489 489 489 490 490 491 491 492 492 493 493 494 494 495 495 496 497 497 498 498 499 499 500 500 501 501 502 503 502 501 501 500 500 499 499 498 498 497 497 496 495 495 494 494 493 493 492 492 582 582 581 581 580 579 579 578 578 577 577 576 576 575 575 574 574 573 572 572 571 571 570 570 570 570 570 570 570 570 570 570 570 570 570 570 570
486 487 486 486 486 487 487 488 487 488 488 489 490 490 491 491 492 492 493 493 494 494 495 495 496 497 497 498 498 499 499 500 500 501 501 502 502 502 501 501 500 500 499 499 498 498 497 497 496 495 495 494 494 493 493 492 583 582 582 581 581 580 579 579 578 578 577 577 576 576 575 575 574 574 573 572 572 571 571 570 570 570 570 570 570 570 570 570 570 570 570 570 570 570
486 486 486 487 486 486 486 487 487 488 488 489 489 490 491 491 492 492 493 493 494 494 495 495 496 496 497 498 498 499 499 500 500 501 501 501 501 501 501 501 500 500 499 499 498 498 497 496 496 495 495 494 494 493 493 492 583 582 582 581 580 580 579 579 578 578 577 577 576 576 575 575 574 573 573 572 572 571 571 570 570 570 570 570 570 570 570 570 570 570 570 570 570 570
486 487 485 486 486 487 486 487 487 488 488 489 489 490 491 491 492 492 493 493 494 494 495 495 496 496 497 497 498 498 499 499 500 500 501 501 501 501 501 500 500 499 499 498 498 497 497 496 496 495 495 494 494 493 493 583 583 582 582 581 580 580 579 579 578 578 577 577 576 576 575 575 574 573 573 572 572 571 571 570 570 570 570 570 570 570 570 570 570 570 570 570 570 570
486 485 486 487 486 487 487 488 487 488 488 489 489 490 490 491 491 492 493 493 494 494 495 495 496 496 497 497 498 498 499 499 499 500 500 500 500 500 500 500 499 499 499 498 498 497 497 496 496 495 495 494 494 493 493 583 582 582 581 581 580 580 579 579 578 578 577 577 576 576 575 574 574 573 573 572 572 571 571 570 570 570 570 570 570 570 570 570 570 570 570 570 570 570
486 486 486 486 487 488 487 488 488 488 488 489 489 490 490 491 491 492 492 493 493 494 494 495 495 496 496 497 497 498 498 499 499 499 500 500 500 500 500 499 499 499 498 498 497 497 496 496 495 495 494 494 493 493 583 583 582 582 581 581 580 580 579 579 578 578 577 577 576 575 575 574 574 573 573 572 572 571 571 570 570 570 570 570 570 570 570 570 570 570 570 570 570 570
487 486 487 487 487 487 488 489 488 489 489 489 489 490 490 491 491 492 492 493 493 494 494 495 495 496 496 497 497 498 498 498 499 499 499 499 499 499 499 499 499 498 498 498 497 497 496 496 495 495 494 494 493 493 583 583 582 582 581 581 580 580 579 579 578 578 577 576 576 575 575 574 574 573 573 572 572 571 571 570 570 570 570 570 570 570 570 570 570 570 570 570 570 570
487 487 487 487 488 488 488 488 489 488 489 489 490 490 490 491 491 492 492 493 493 494 494 495 495 495 496 496 497 497 498 498 498 498 499 499 499 499 499 498 498 498 498 497 497 496 496 495 495 495 494 494 493 584 583 583 582 582 581 581 580 579 579 578 578 577 577 576 576 575 575 574 574 573 573 572 572 571 571 570 570 570 570 570 570 570 570 570 570 570 570 570 570 570
488 487 488 488 488 488 489 489 489 489 490 489 490 490 490 490 491 491 492 492 493 493 494 494 495 495 496 496 496 497 497 497 498 498 498 498 498 498 498 498 498 497 497 497 496 496 496 495 495 494 494 493 493 583 583 582 582 581 581 580 580 579 579 578 578 577 577 576 576 575 575 574 574 573 573 572 571 571 570 570 570 570 570 570 570 570 570 570 570 570 570 570 570 570
487 488 488 488 489 489 489 489 490 489 490 490 491 490 491 491 491 491 492 492 493 493 494 494 494 495 495 496 496 496 497 497 497 497 498 498 498 498 498 497 497 497 497 496 496 496 495 495 494 494 494 493 584 583 583 582 582 581 581 580 580 579 579 578 578 577 577 576 576 575 575 574 573 573 572 572 571 571 570 570 570 570 570 570 570 570 570 570 570 570 570 570 570 570
487 488 488 489 488 489 489 490 489 490 490 490 490 491 490 491 491 491 491 492 492 493 493 494 494 494 495 495 496 496 496 496 497 497 497 497 497 497 497 497 497 496 496 496 496 495 495 494 494 494 493 493 583 583 582 582 581 581 580 580 579 579 578 578 577 577 576 576 575 575 574 574 573 573 572 572 571 571 570 570 570 570 570 570 570 570 570 570 570 570 570 570 570 570
488 489 488 489 489 490 489 490 490 490 490 491 491 491 491 492 491 492 492 492 492 492 493 493 494 494 494 495 495 495 496 496 496 496 496 497 497 497 496 496 496 496 496 495 495 495 494 494 494 493 493 583 583 583 582 582 581 581 580 580 579 579 578 578 577 577 576 576 575 575 574 574 573 573 572 572 571 571 570 570 570 570 570 570 570 570 570 570 570 570 570 570 570 570
488 489 489 490 489 490 490 490 490 491 491 491 491 491 491 491 492 491 492 492 493 492 493 493 493 494 494 494 495 495 495 495 496 496 496 496 496 496 496 496 496 495 495 495 495 494 494 494 493 493 493 583 583 582 582 581 581 580 580 579 579 579 578 578 577 577 576 576 575 575 574 574 573 573 572 571 571 570 570 570 570 570 570 570 570 570 570 570 570 570 570 570 570 570
489 489 489 489 490 490 490 490 491 490 491 491 492 491 492 492 492 492 493 492 492 493 492 493 493 493 494 494 494 495 495 495 495 495 495 495 495 495 495 495 495 495 495 495 494 494 494 493 493 493 492 583 582 582 582 581 581 580 580 579 579 578 578 577 577 576 576 575 575 574 574 573 573 572 572 571 571 570 570 570 570 570 570 570 570 570 570 570 570 570 570 570 570 570
489 489 490 490 490 490 491 490 491 491 492 491 492 492 491 492 492 492 492 493 493 492 493 493 493 493 493 494 494 494 494 494 495 495 495 495 495 495 495 495 495 494 494 494 494 494 493 493 493 492 583 582 582 582 581 581 580 580 579 579 579 578 578 577 577 576 576 575 575 574 574 573 573 572 572 571 571 570 570 570 570 570 570 570 570 570 570 570 570 570 570 570 570 570
489 490 489 490 490 490 490 491 491 491 491 492 491 492 492 493 492 492 493 492 493 493 492 493 493 492 493 493 493 494 494 494 494 494 494 494 494 494 494 494 494 494 494 494 493 493 493 492 492 492 582 582 582 581 581 580 580 580 579 579 578 578 577 577 576 576 575 575 574 574 573 573 572 572 571 571 570 570 570 570 570 570 570 570 570 570 570 570 570 570 570 570 570 570
489 490 490 490 490 491 491 491 491 492 492 491 492 492 492 492 493 492 492 493 493 493 493 493 493 493 493 493 493 493 493 493 494 494 494 494 494 494 494 494 494 493 493 493 493 493 492 492 492 582 582 582 581 581 580 580 580 579 579 578 578 577 577 577 576 576 575 575 574 574 573 573 572 572 571 571 570 570 570 570 570 570 570 570 570 570 570 570 570 570 570 570 570 570
490 489 490 490 491 490 491 491 492 491 492 492 492 492 492 493 492 493 493 493 493 493 493 493 493 493 493 493 492 493 493 493 493 493 493 493 493 493 493 493 493 493 493 493 492 492 492 492 491 582 582 581 581 581 580 580 579 579 578 578 578 577 577 576 576 575 575 574 574 573 573 572 572 572 571 571 570 570 570 570 570 570 570 570 570 570 570 570 570 570 570 570 570 542
490 490 491 490 491 491 492 491 492 492 491 492 492 493 492 493 493 492 493 493 492 493 493 494 493 493 493 493 493 493 492 492 493 493 493 493 493 493 493 493 493 492 492 492 492 492 491 491 582 582 581 581 580 580 580 579 579 579 578 578 577 577 576 576 576 575 575 574 574 573 573 572 572 571 571 570 570 570 570 570 570 570 570 570 570 570 570 570 570 570 570 542 542 542
491 490 490 491 491 491 491 492 491 492 492 493 492 492 493 492 493 493 493 493 493 493 493 493 493 493 493 493 492 493 493 492 492 492 492 492 492 492 492 492 492 492 492 492 491 491 491 491 581 581 581 580 580 580 579 579 579 578 578 577 577 577 576 576 575 575 574 574 573 573 572 572 572 571 571 570 570 570 570 570 570 570 570 570 570 570 570 570 570 570 542 542 542 542
490 491 491 491 491 492 491 491 492 492 492 492 493 493 492 493 493 493 493 493 493 493 493 493 493 493 492 493 493 492 492 492 491 492 492 492 492 492 492 492 491 491 491 491 491 491 490 490 581 581 580 580 580 579 579 579 578 578 577 577 577 576 576 575 575 574 574 574 573 573 572 572 571 571 570 570 570 570 570 570 570 570 570 570 570 570 570 570 542 542 542 542 542 542
491 490 491 491 491 491 492 492 492 492 492 493 492 493 493 492 493 493 493 493 493 494 493 493 493 493 493 493 492 493 493 492 492 492 491 491 491 491 491 491 491 491 491 491 490 490 490 581 580 580 580 580 579 579 579 578 578 577 577 577 576 576 575 575 575 574 574 573 573 572 572 571 571 571 570 570 570 570 570 570 570 570 570 570 570 570 542 542 542 542 542 542 542 542
491 491 491 491 492 492 491 492 492 493 492 493 493 492 493 493 493 493 493 493 493 493 493 493 493 493 492 493 493 492 492 492 491 492 492 491 491 491 491 491 490 490 490 490 490 490 489 580 580 580 579 579 579 578 578 578 577 577 577 576 576 576 575 575 574 574 573 573 573 572 572 571 571 570 570 570 570 570 570 570 570 570 570 570 542 542 542 542 542 542 542 542 542 542
490 491 491 492 491 492 492 493 492 492 493 492 493 493 493 493 493 493 493 493 493 493 493 493 493 493 493 493 492 493 493 492 492 492 491 491 491 490 490 490 490 490 490 490 489 489 580 580 579 579 579 579 578 578 578 577 577 577 576 576 576 575 575 574 574 574 573 573 572 572 571 571 570 570 570 570 570 570 570 570 570 570 542 542 542 542 542 542 542 542 542 542 542 542
491 492 491 491 492 492 492 492 493 492 492 493 493 493 493 493 493 493 493 494 493 493 494 493 493 493 492 493 493 492 492 492 491 491 491 491 491 491 489 489 489 489 489 489 489 489 579 579 579 579 579 578 578 578 577 577 577 576 576 576 575 575 574 574 574 573 573 572 572 571 571 571 570 570 570 570 570 570 570 570 542 542 542 542 542 542 542 542 542 542 542 542 542 542
491 491 492 491 492 492 492 492 492 493 493 492 493 493 493 493 493 494 493 493 493 493 493 493 493 493 493 493 492 492 493 492 492 492 491 491 490 490 490 489 489 489 489 488 488 579 579 579 579 578 578 578 577 577 577 577 576 576 576 575 575 574 574 574 573 573 572 572 572 571 571 570 570 570 570 570 570 570 542 542 542 542 542 542 542 542 542 542 542 542 542 542 542 542
492 491 491 492 492 492 492 492 493 492 493 493 492 493 493 493 493 493 493 493 493 493 494 493 493 493 492 493 493 492 492 492 491 491 491 490 490 490 489 489 489 488 488 488 488 579 578 578 578 578 578 577 577 577 576 576 576 575 575 575 574 574 574 573 573 572 572 572 571 571 570 570 570 570 570 570 542 542 542 542 542 542 542 542 542 542 542 542 542 542 542 542 542 542
492 492 492 491 492 492 493 492 493 493 492 493 493 493 493 493 493 494 493 493 494 493 493 493 493 493 493 492 492 492 492 492 492 491 491 491 490 490 490 489 489 489 488 487 487 578 578 578 578 577 577 577 577 576 576 576 575 575 575 574 574 574 573 573 573 572 572 571 571 570 570 570 570 570 542 542 542 542 542 542 542 542 542 542 542 542 542 542 542 542 542 542 542 542
493 492 492 492 493 492 492 493 492 493 493 493 493 493 493 494 493 493 494 493 493 493 493 493 493 493 492 493 493 492 492 492 491 491 491 490 490 490 489 489 488 488 488 487 578 578 577 577 577 577 577 576 576 576 576 575 575 575 574 574 574 573 573 573 572 572 571 571 571 570 570 570 542 542 542 542 542 542 542 542 542 542 542 542 542 542 542 542 542 542 542 542 542 542
