testData/tiles/oneDegree/grid24.0-44.0-25.0-45.0.asc
ncols   200
nrows   200
xllcorner   24.0
yllcorner   44.0
cellsize   0.005
NODATA_value   -9999.0
[rows 42 to 83 of 200, columns 0 to 93 of 200]
138 136 135 134 120 118 117 116 114 113 112 110 109 107 106 104 102 101 99 97 95 93 91 89 202 199 198 195 192 189 186 183 178 173 165 156 156 156 156 156 157 157 157 157 157 158 158 158 158 158 159 159 159 159 159 160 160 160 160 160 161 161 161 161 161 161 162 162 162 162 162 193 193 193 193 193 193 194 194 202 206 209 212 215 217 219 221 223 224 225 228 229 230 232
137 136 135 134 120 118 117 116 114 113 111 110 108 107 105 104 102 100 99 97 95 93 91 89 86 199 196 194 192 189 185 181 177 172 163 155 155 156 156 156 156 156 157 157 157 157 157 158 158 158 158 158 159 159 159 159 159 160 160 160 160 160 160 161 161 161 161 161 162 192 192 192 192 192 193 193 193 193 193 199 205 208 211 214 216 218 220 222 224 225 226 228 230 231
137 136 135 134 119 118 117 115 114 113 111 110 108 107 105 103 102 100 98 96 95 93 90 88 86 199 196 193 190 187 185 181 176 170 161 155 155 155 155 156 156 156 156 156 157 157 157 157 157 158 158 158 158 158 159 159 159 159 159 160 160 160 160 160 160 161 191 191 191 191 192 192 192 192 192 192 193 193 193 196 203 207 210 213 215 217 219 221 222 225 226 227 229 230
137 136 135 133 119 118 117 115 114 112 111 110 108 106 105 103 102 100 98 96 94 92 90 88 86 83 196 193 190 187 183 179 176 169 158 154 155 155 155 155 155 156 156 156 156 156 157 157 157 157 157 158 158 158 158 158 159 159 159 159 159 159 160 160 190 190 190 191 191 191 191 191 191 192 192 192 192 192 192 193 201 205 209 211 213 216 218 220 222 223 225 227 228 229
137 136 134 133 119 118 116 115 114 112 111 109 108 106 105 103 101 100 98 96 94 92 90 88 85 83 195 193 190 186 183 179 174 168 154 154 154 154 155 155 155 155 155 156 156 156 156 156 157 157 157 157 157 158 158 158 158 158 159 159 159 159 189 189 190 190 190 190 190 191 191 191 191 191 191 192 192 192 192 192 199 204 208 210 213 215 217 218 221 223 224 225 227 228
137 135 134 133 119 117 116 115 113 112 111 109 108 106 104 103 101 99 98 96 94 92 90 87 85 83 80 192 189 186 182 178 173 166 153 154 154 154 154 154 155 155 155 155 155 156 156 156 156 156 157 157 157 157 157 158 158 158 158 158 188 189 189 189 189 189 190 190 190 190 190 190 191 191 191 191 191 191 192 192 196 202 206 209 212 214 216 218 220 221 224 225 226 228
137 135 134 133 119 117 116 115 113 112 110 109 107 106 104 103 101 99 97 95 93 91 89 87 85 82 80 192 189 185 182 178 172 165 153 153 153 154 154 154 154 154 155 155 155 155 155 156 156 156 156 156 157 157 157 157 157 158 188 188 188 188 188 189 189 189 189 189 189 190 190 190 190 190 191 191 191 191 191 191 192 201 205 208 210 213 215 217 219 221 222 224 225 227
136 135 134 120 118 117 116 114 113 112 110 109 107 106 104 102 101 99 97 95 93 91 89 87 84 82 79 76 188 185 181 177 171 164 153 153 153 153 153 154 154 154 154 154 155 155 155 155 155 156 156 156 156 156 157 157 187 187 187 187 188 188 188 188 188 189 189 189 189 189 189 190 190 190 190 190 190 191 191 191 191 198 203 207 210 212 214 216 218 220 222 223 224 226
136 135 134 119 118 117 116 114 113 111 110 108 107 105 104 102 100 99 97 95 93 91 89 86 84 82 79 76 188 185 181 176 171 162 153 153 153 153 153 153 153 154 154 154 154 154 155 155 155 155 155 156 156 156 156 186 186 187 187 187 187 187 188 188 188 188 188 188 189 189 189 189 189 295 190 190 190 190 190 191 191 196 201 205 208 210 213 215 217 219 220 222 224 225
136 135 134 119 118 117 115 114 113 111 110 108 107 105 103 102 100 98 96 95 93 91 88 86 84 81 78 76 72 184 180 175 170 160 153 153 153 153 153 153 153 153 153 154 154 154 154 154 155 155 260 260 260 291 291 291 291 291 291 292 292 292 292 292 293 293 293 293 293 293 294 294 294 294 294 294 295 295 295 295 295 295 305 309 312 314 317 319 321 323 325 326 328 329
136 135 133 119 118 116 115 114 112 111 109 108 106 105 103 102 100 98 96 94 92 90 88 86 83 81 78 75 72 68 179 175 169 158 153 153 153 153 153 153 153 258 258 258 258 259 259 259 259 259 260 290 290 290 290 290 291 291 291 291 291 292 292 292 292 292 292 293 293 293 293 293 294 294 294 294 294 294 295 295 295 295 302 307 310 314 316 318 320 322 323 326 327 328
136 134 133 119 118 116 115 114 112 111 109 108 106 105 103 101 100 98 96 94 92 90 88 85 83 80 78 75 72 68 179 174 168 153 258 258 258 258 258 258 258 258 258 258 258 258 258 259 259 259 289 289 290 290 290 290 290 290 291 291 291 291 291 292 292 292 292 292 292 293 293 293 293 293 293 294 294 294 294 294 294 295 300 305 309 312 314 317 319 321 323 324 326 327
135 134 133 119 117 116 115 113 112 110 109 107 106 104 103 101 99 97 96 94 92 90 87 85 83 80 77 179 176 172 168 278 271 258 258 258 258 258 258 258 258 258 258 258 258 258 258 258 288 289 289 289 289 289 289 290 290 290 290 290 291 291 291 291 291 291 292 292 292 292 292 293 293 293 293 293 293 294 294 294 294 294 296 303 308 311 313 316 318 319 322 324 325 327
135 134 133 118 117 116 114 113 112 110 109 107 106 104 102 101 99 97 95 93 91 89 192 190 187 185 182 179 175 172 168 162 270 258 258 258 258 258 258 258 258 258 258 258 258 258 258 288 288 288 288 289 289 289 289 289 289 290 290 290 290 290 291 291 291 291 291 291 292 292 292 292 292 292 293 293 293 293 293 293 294 294 294 301 306 309 313 315 317 320 322 324 326 328
135 134 119 118 117 116 114 113 111 110 109 107 105 104 102 100 99 202 200 198 196 194 192 189 187 184 181 178 175 171 167 161 269 258 258 258 258 258 258 258 258 258 258 258 258 288 288 288 288 288 288 288 288 288 289 289 289 289 289 290 290 290 290 290 290 291 291 291 291 291 292 292 292 292 292 292 293 293 293 293 293 293 293 299 305 308 312 314 317 320 323 325 327 329
135 134 119 118 117 115 114 113 111 110 108 107 105 209 207 205 203 202 200 198 196 194 191 189 186 184 181 178 174 171 166 161 152 258 258 258 258 258 258 258 258 258 258 258 288 288 288 288 288 288 288 288 288 288 288 288 289 289 289 289 289 290 290 290 290 290 290 291 291 291 291 291 291 292 292 292 292 292 292 293 293 293 293 296 303 309 312 315 318 321 322 325 328 330
135 133 119 118 116 115 114 112 111 215 213 211 210 208 207 205 203 201 199 197 195 193 191 189 186 183 180 177 174 170 165 160 150 143 258 258 258 258 258 258 258 258 288 288 288 288 288 288 288 288 288 288 288 288 288 288 288 288 289 289 289 289 289 289 290 290 290 290 290 291 291 291 291 291 291 292 292 292 292 292 293 293 295 295 303 309 312 316 319 322 324 325 328 330
134 133 119 118 116 220 219 217 216 214 213 211 210 208 206 205 203 201 199 197 195 193 191 188 186 183 180 177 173 169 165 158 147 143 143 258 258 258 258 258 258 288 288 288 288 288 288 288 288 288 288 288 288 288 288 288 288 288 288 288 289 289 289 289 289 289 290 290 290 290 290 290 291 291 291 291 291 291 293 294 294 295 295 296 303 309 313 316 319 321 324 327 329 331
134 238 224 222 221 220 218 217 215 214 213 211 209 208 206 204 203 201 199 197 195 192 190 188 185 182 180 176 173 169 164 157 143 143 143 143 258 258 258 258 288 288 288 288 288 288 288 288 288 288 288 288 288 288 288 288 288 288 288 288 288 288 288 289 289 289 289 289 290 290 290 290 290 290 291 292 292 293 294 294 296 296 297 298 300 308 312 317 319 323 324 327 329 331
239 238 223 222 221 219 218 217 215 214 212 211 209 207 206 204 202 200 198 196 194 192 190 187 185 182 179 176 172 168 163 156 143 143 143 143 143 258 288 288 288 288 288 288 288 288 288 288 288 288 288 288 288 288 288 288 288 288 288 288 288 288 288 288 288 289 289 289 289 289 289 290 290 291 291 292 293 295 295 296 296 297 298 299 300 307 313 316 320 322 326 328 330 332
233 237 223 222 221 219 218 216 215 213 212 210 209 207 205 204 202 200 198 196 194 192 189 187 184 182 178 175 171 167 162 154 143 143 143 143 143 173 288 288 288 288 288 288 288 288 288 288 288 288 288 288 288 288 288 288 288 288 288 288 288 288 288 288 288 288 288 289 289 289 289 290 291 292 293 294 294 295 296 297 298 299 299 300 300 306 312 317 321 323 326 328 331 333
232 224 223 222 220 219 218 216 215 213 212 210 209 207 205 203 202 200 198 196 194 191 189 187 184 181 178 175 171 166 161 153 143 143 143 143 173 173 173 288 288 288 288 288 288 288 288 288 288 288 288 288 288 288 288 288 288 288 288 288 288 288 288 288 288 288 288 288 288 289 291 291 292 293 294 294 296 297 297 298 299 299 301 301 302 305 312 317 320 324 326 329 331 334
232 224 223 221 220 219 217 216 214 213 211 210 208 207 205 203 201 199 197 195 193 191 189 186 183 181 177 174 170 166 160 151 143 143 173 173 173 173 173 173 288 288 288 288 288 288 288 288 288 288 288 288 288 288 288 288 288 288 288 288 288 288 288 288 288 288 288 289 290 290 291 292 294 294 295 296 297 297 299 300 300 301 301 302 303 304 312 317 321 323 327 329 333 334
232 218 222 221 220 218 217 216 214 213 211 210 208 206 205 203 201 199 197 195 193 191 188 186 183 180 177 173 169 165 159 148 143 173 173 173 173 173 173 173 173 288 288 288 288 288 288 288 288 288 288 288 288 288 288 288 288 288 288 288 288 288 288 288 288 289 290 290 291 292 293 294 294 295 296 297 298 299 299 300 301 302 303 304 304 305 310 316 321 325 327 330 332 335
232 217 222 221 220 218 217 215 214 212 211 209 208 206 204 202 201 199 197 195 192 190 188 185 182 180 176 173 169 164 157 143 173 173 173 173 173 173 173 173 173 173 288 288 288 288 288 288 288 288 288 288 288 288 288 288 288 288 288 288 288 288 288 289 289 290 291 292 293 293 294 295 296 297 297 298 299 300 301 302 302 303 304 304 306 306 307 316 321 325 327 331 333 336
232 217 216 221 219 218 217 215 214 212 211 209 207 206 204 202 200 198 196 194 192 190 187 185 182 179 176 172 168 163 156 173 173 173 173 173 173 173 173 173 173 173 173 288 288 288 288 288 288 288 288 288 288 288 288 288 288 288 288 288 288 288 289 290 291 292 293 293 294 295 296 297 297 298 299 299 300 301 302 302 304 305 305 306 306 307 308 316 321 325 328 331 334 335
231 217 216 220 219 218 216 215 213 212 210 209 207 205 204 202 200 198 196 194 192 189 187 184 181 178 175 171 167 162 185 173 173 173 173 173 173 173 173 173 173 173 173 173 288 288 288 288 288 288 288 288 288 288 288 288 288 288 288 288 289 290 291 292 292 293 294 295 296 297 297 298 299 300 300 301 302 302 303 304 304 305 306 307 308 309 309 314 320 325 328 332 334 337
218 217 215 220 219 217 216 215 213 212 210 208 207 205 203 201 200 198 196 193 191 189 186 184 181 178 175 171 166 191 183 173 173 173 173 173 173 173 173 173 173 173 173 173 173 288 288 288 288 288 288 288 288 288 288 288 288 288 289 289 290 291 292 293 294 295 296 296 297 298 299 300 300 301 302 303 303 304 305 305 306 307 307 308 309 309 311 311 321 324 328 331 334 337
218 217 215 214 219 217 216 214 213 211 210 208 206 205 203 201 199 197 195 193 191 188 186 183 180 177 174 170 195 190 181 173 173 173 173 173 173 173 173 173 173 173 173 173 173 173 288 288 288 288 288 288 288 288 288 288 288 289 290 291 292 293 294 294 295 296 297 298 299 300 300 301 302 303 303 304 305 306 306 307 308 308 309 310 310 311 311 312 319 325 329 332 335 337
218 216 215 214 218 217 215 214 213 211 209 208 206 204 203 201 199 197 195 193 190 188 186 183 180 177 173 199 195 189 178 173 173 173 173 173 173 173 173 173 173 173 173 173 173 173 173 173 288 288 288 288 288 288 288 289 290 290 291 292 293 294 295 296 297 298 299 299 300 301 302 303 303 304 305 306 306 307 308 308 309 310 310 311 312 312 313 314 318 325 328 332 336 339
217 216 215 213 212 217 215 214 212 211 209 207 206 204 202 200 199 197 194 192 190 188 185 182 179 176 203 198 194 187 173 173 173 173 173 173 173 173 173 173 173 173 173 173 173 173 173 173 173 288 288 288 288 288 289 290 291 292 293 294 295 296 297 297 298 299 300 301 302 303 303 304 305 306 306 307 308 309 309 310 311 311 312 313 313 314 315 315 316 324 329 332 336 338
217 216 214 213 212 216 215 213 212 210 209 207 205 204 202 200 198 196 194 192 190 187 185 182 179 206 202 198 193 186 173 173 173 173 173 173 173 173 173 173 173 173 173 173 173 173 173 173 173 173 173 288 288 289 290 291 292 293 294 295 296 297 298 299 300 301 301 302 303 304 305 306 306 307 308 309 309 310 311 312 312 313 314 314 315 316 316 317 317 324 329 333 336 339
217 215 214 213 211 216 215 213 212 210 208 207 205 203 202 200 198 196 194 191 189 187 184 181 208 205 201 197 192 184 173 173 173 173 173 173 173 173 173 173 173 173 173 173 173 173 173 173 173 173 173 174 290 291 292 293 294 295 296 297 298 298 299 300 301 302 303 304 305 305 306 307 308 309 309 310 311 312 312 313 314 315 315 316 316 317 318 318 319 322 329 334 337 340
216 215 214 213 211 210 214 213 211 210 208 207 205 203 201 199 197 195 193 191 189 186 184 211 208 204 200 196 190 182 173 173 173 173 173 173 173 173 173 173 173 173 173 173 173 173 173 173 173 173 174 175 176 177 293 294 295 296 297 298 299 300 301 302 303 304 304 305 306 307 308 309 309 310 311 312 313 313 314 315 315 316 317 317 318 319 319 320 320 321 330 334 338 340
216 215 214 212 211 209 214 213 211 209 208 206 204 203 201 199 197 195 193 191 188 186 213 210 207 204 200 195 189 179 173 173 173 173 173 173 173 173 173 173 173 173 173 173 173 173 173 173 173 174 175 177 178 179 180 181 297 298 298 299 300 301 302 303 304 305 306 307 308 308 309 310 311 312 313 313 314 315 316 316 317 318 318 319 320 320 321 322 322 323 328 334 338 341
216 215 213 212 211 209 208 212 211 209 208 206 204 202 201 199 197 195 192 190 188 215 212 210 206 203 199 194 188 176 173 173 173 173 173 173 173 173 173 173 173 173 173 173 173 173 173 174 175 176 177 178 179 180 181 182 183 184 300 301 302 303 304 305 306 306 307 308 309 310 311 312 312 313 314 315 316 316 317 318 318 319 320 321 321 322 322 323 324 324 327 334 339 342
216 214 213 212 210 209 207 212 210 209 207 205 204 202 200 198 196 194 192 190 217 215 212 209 206 202 198 193 186 173 173 173 173 173 173 173 173 173 173 173 173 173 173 173 173 173 174 175 176 177 178 179 180 181 182 183 184 185 186 187 303 304 305 306 307 308 309 310 311 311 312 313 314 315 316 316 317 318 319 319 320 321 321 322 323 323 324 325 325 326 326 334 339 342
215 214 213 211 210 209 207 206 210 208 207 205 203 202 200 198 196 194 192 219 217 214 211 208 205 201 197 192 185 173 173 173 173 173 173 173 173 173 173 173 173 173 173 173 173 174 175 176 177 178 179 181 182 183 184 185 186 187 188 189 190 191 192 307 308 309 310 311 312 313 314 315 315 316 317 318 319 319 320 321 322 322 323 324 324 325 326 326 327 327 328 333 339 343
215 214 212 211 210 208 207 205 210 208 206 205 203 201 199 197 195 193 221 219 216 214 211 208 204 201 196 191 183 173 173 173 173 173 173 173 173 173 173 173 173 173 173 173 174 175 176 178 179 180 181 182 183 184 185 186 187 188 189 190 191 192 193 194 195 311 312 313 313 314 315 316 317 318 319 319 320 321 322 322 323 324 325 325 326 327 327 328 328 329 330 330 339 343
215 214 212 211 209 208 206 205 203 208 206 204 203 201 199 197 195 223 221 218 216 213 210 207 204 200 195 190 180 173 173 173 173 173 173 173 173 173 173 173 173 173 173 174 176 177 178 179 180 181 182 183 184 185 186 187 188 189 190 191 192 193 194 195 196 197 198 199 315 316 317 318 318 319 320 321 322 322 323 324 325 325 326 327 327 328 329 329 330 331 331 332 338 344
215 213 212 211 209 208 206 205 203 207 206 204 202 200 199 197 195 222 220 218 215 213 210 206 203 199 194 188 176 173 173 173 173 173 173 173 173 173 173 173 173 173 174 176 177 178 179 180 181 182 183 185 186 187 188 189 190 191 192 193 194 195 196 197 198 199 200 200 201 202 203 204 320 321 322 322 323 324 325 325 326 327 328 328 329 330 330 331 332 332 333 333 337 344
214 213 212 210 209 207 206 204 203 207 205 204 202 200 198 196 224 222 220 217 215 212 209 206 202 198 193 187 173 173 173 173 173 173 173 173 173 173 173 173 173 175 176 177 178 179 180 181 183 184 185 186 187 188 189 190 191 192 193 194 195 196 197 198 199 200 201 202 203 204 205 205 206 207 208 209 210 325 326 327 328 328 329 330 331 331 332 333 333 334 334 335 336 343
