testData/tiles/oneDegree/grid22.0-2.0-23.0-3.0.asc
ncols   200
nrows   200
xllcorner   22.0
yllcorner   2.0
cellsize   0.005
NODATA_value   -9999.0
[rows 126 to 167 of 200, columns 94 to 187 of 200]
635 636 637 638 639 639 640 641 643 644 644 645 646 647 648 648 650 651 652 652 653 654 655 656 656 657 659 589 589 590 591 592 593 593 594 596 597 597 598 599 600 601 601 602 603 604 605 606 607 608 609 609 610 611 612 612 613 615 616 616 617 618 619 619 620 621 622 623 623 625 626 627 627 628 629 630 630 631 632 633 633 634 636 637 637 440 441 441 442 443 444 444 445 446
636 637 637 638 639 640 640 642 643 644 645 645 646 647 648 650 650 651 652 653 653 654 655 656 658 658 659 589 590 591 591 592 593 594 595 596 597 598 599 599 600 601 602 602 604 605 606 607 607 608 609 610 610 611 612 614 614 615 616 617 618 618 619 620 621 621 622 624 625 625 626 627 628 628 629 630 631 631 632 633 635 635 636 637 638 440 441 442 443 443 444 445 446 446
636 637 638 638 639 641 642 642 643 644 645 646 646 647 649 650 651 651 652 653 654 655 655 657 658 659 659 589 590 591 592 592 594 595 596 596 597 598 599 600 600 601 602 604 604 605 606 607 608 608 609 610 611 611 613 614 615 616 616 617 618 619 619 620 621 622 623 624 625 626 626 627 628 629 629 630 631 632 632 634 635 636 636 637 638 441 441 442 443 444 444 445 446 448
636 637 638 639 640 641 642 643 644 644 645 646 647 648 649 650 651 652 652 653 654 655 657 657 658 659 660 589 590 591 592 594 594 595 596 597 598 598 599 600 601 602 603 604 605 606 606 607 608 609 609 610 612 613 614 614 615 616 617 617 618 619 620 620 622 623 624 624 625 626 627 628 628 629 630 631 631 633 634 635 635 636 637 638 638 639 442 443 443 444 445 447 447 448
636 637 638 640 641 641 642 643 644 645 645 646 648 649 649 650 651 652 653 653 655 656 657 658 658 659 660 590 591 591 593 594 595 595 596 597 598 599 599 600 602 603 603 604 605 606 607 607 608 609 610 611 612 613 614 615 615 616 617 618 618 619 621 622 622 623 624 625 626 626 627 628 629 629 630 632 633 633 634 635 636 636 637 638 639 639 442 443 444 445 446 447 448 448
637 637 639 640 641 642 642 643 644 645 647 647 648 649 650 651 651 652 653 655 655 656 657 658 659 659 660 590 591 593 593 594 595 596 596 597 598 599 600 601 602 603 604 605 605 606 607 608 608 610 611 612 613 613 614 615 616 616 617 618 619 620 621 622 623 624 624 625 626 627 627 628 629 630 631 632 633 634 634 635 636 637 638 638 639 640 641 443 445 446 447 447 448 449
637 639 639 640 641 642 643 643 644 646 647 648 648 649 650 651 652 652 654 655 656 657 657 658 659 660 589 591 592 593 594 594 595 596 597 598 598 600 601 602 602 603 604 605 606 606 607 608 610 610 611 612 613 614 614 615 616 617 617 618 620 621 622 622 623 624 625 625 626 627 628 628 630 631 632 633 633 634 635 636 636 637 638 639 639 640 642 445 445 446 447 448 448 449
638 639 640 640 641 642 643 644 645 646 647 648 649 649 650 651 652 654 654 655 656 657 658 658 659 660 591 591 592 593 594 595 595 596 597 598 600 600 601 602 603 603 604 605 606 607 607 609 610 611 612 612 613 614 615 615 616 617 619 620 620 621 622 623 623 624 625 626 626 627 629 630 631 631 632 633 634 634 635 636 637 637 638 639 641 641 642 445 446 446 447 448 449 449
638 639 640 641 641 642 643 645 646 646 647 648 649 650 650 651 653 654 655 655 656 657 658 659 659 661 591 592 593 593 594 595 596 596 597 599 600 601 601 602 603 604 605 605 606 608 609 609 610 611 612 613 613 614 615 616 616 618 619 620 621 621 622 623 624 624 625 626 627 629 629 630 631 632 632 633 634 635 635 636 637 638 638 640 641 642 643 643 446 447 448 448 449 450
638 639 640 641 642 642 644 645 646 647 647 648 649 650 651 652 653 654 655 656 656 657 658 659 661 661 591 592 593 594 594 595 596 597 598 599 600 601 602 602 603 604 605 606 607 608 609 610 610 611 612 613 614 614 615 617 618 619 619 620 621 622 622 623 624 625 626 626 628 629 630 630 631 632 633 633 634 635 636 637 637 639 640 641 641 642 643 644 446 447 448 449 449 450
639 639 640 641 642 644 644 645 646 647 648 648 649 650 652 653 653 654 655 656 657 657 658 660 661 662 591 592 593 594 595 595 597 598 599 600 600 601 602 603 603 604 605 607 608 608 609 610 611 612 612 613 614 615 616 617 618 619 620 620 621 622 623 623 624 625 627 628 628 629 630 631 631 632 633 634 635 635 636 638 639 639 640 641 642 642 643 644 447 447 448 449 450 450
639 640 640 641 643 644 645 645 646 647 648 649 649 651 652 653 654 654 655 656 657 658 659 660 661 662 592 592 593 594 595 597 597 598 599 600 601 601 602 603 604 604 606 607 608 609 609 610 611 612 613 613 614 616 617 617 618 619 620 621 621 622 623 624 625 626 627 628 629 629 630 631 632 632 633 634 635 636 637 638 639 640 640 641 642 643 643 644 645 448 449 449 450 452
639 640 641 642 643 644 645 646 646 647 648 649 651 651 652 653 654 655 655 656 657 659 660 660 661 662 592 593 593 594 596 597 598 598 599 600 601 602 602 603 605 606 607 607 608 609 610 610 611 612 613 614 615 616 617 618 619 619 620 621 622 622 623 625 626 627 627 628 629 630 630 631 632 633 634 634 636 637 638 638 639 640 641 641 642 643 644 645 645 448 449 451 451 452
639 640 642 643 643 644 645 646 647 647 648 650 651 652 652 653 654 655 656 656 658 659 660 661 661 662 592 593 594 595 596 597 598 599 599 600 601 602 603 604 605 606 607 608 608 609 610 611 611 612 614 615 616 616 617 618 619 620 620 621 622 623 624 625 626 627 628 628 629 630 631 632 632 633 634 636 636 637 638 639 639 640 641 642 643 643 644 645 646 647 450 451 452 452
639 641 642 643 644 644 645 646 647 648 649 650 651 652 653 653 654 655 656 658 658 659 660 661 662 662 592 593 595 596 596 597 598 599 600 600 601 602 604 605 605 606 607 608 609 609 610 611 612 614 614 615 616 617 617 618 619 620 621 621 622 624 625 626 626 627 628 629 629 630 631 632 633 633 635 636 637 637 638 639 640 641 641 642 643 644 644 645 647 648 450 451 452 453
641 641 642 643 644 645 645 646 647 649 650 650 651 652 653 654 654 655 657 658 659 659 660 661 662 663 592 594 595 596 597 597 598 599 600 601 601 603 604 605 606 606 607 608 609 610 610 611 613 614 615 615 616 617 618 618 619 620 621 622 623 624 625 626 627 627 628 629 630 630 631 632 634 635 635 636 637 638 639 639 640 641 642 642 643 644 646 646 647 648 451 452 452 453
641 642 642 643 644 645 646 646 648 649 650 651 651 652 653 654 655 656 657 658 659 660 660 661 662 663 594 594 595 596 597 598 598 599 600 601 603 603 604 605 606 607 607 608 609 610 611 612 613 614 615 616 616 617 618 619 620 620 622 623 624 624 625 626 627 628 628 629 630 631 632 633 634 635 636 636 637 638 639 640 640 641 642 643 643 645 646 647 648 648 649 452 453 453
641 642 643 643 644 645 646 648 648 649 650 651 652 652 653 654 656 657 657 658 659 660 661 661 662 593 594 595 595 596 597 598 599 599 600 602 603 604 604 605 606 607 608 608 609 610 612 613 613 614 615 616 617 617 618 619 620 622 622 623 624 625 625 626 627 628 629 629 630 631 633 634 634 635 636 637 637 638 639 640 641 641 642 643 645 645 646 647 648 649 649 452 453 454
641 642 643 644 644 645 647 648 649 649 650 651 652 653 653 655 656 657 658 658 659 660 661 662 663 593 594 595 596 596 597 598 599 600 601 602 603 604 605 605 606 607 608 609 609 611 612 613 614 614 615 616 617 618 618 619 621 622 623 623 624 625 626 627 627 628 629 630 630 632 633 634 635 635 636 637 638 639 639 640 641 642 643 644 645 646 647 647 648 649 650 452 453 454
641 642 643 644 645 646 647 648 649 650 650 651 652 653 655 655 656 657 658 659 659 660 661 663 664 593 594 595 596 597 597 598 599 601 602 602 603 604 605 606 606 607 608 609 611 611 612 613 614 615 615 616 617 618 619 620 621 622 623 624 624 625 626 627 628 628 629 631 632 632 633 634 635 636 636 637 638 639 640 640 641 643 644 644 645 646 647 648 648 649 650 651 453 454
642 642 643 644 646 647 647 648 649 650 651 651 652 654 655 656 656 657 658 659 660 660 662 663 664 594 594 595 596 597 598 598 600 601 602 603 603 604 605 606 607 607 608 610 611 612 612 613 614 615 616 616 617 618 620 621 621 622 623 624 625 625 626 627 628 629 630 631 632 633 634 634 635 636 637 637 638 639 640 641 642 643 644 645 646 646 647 648 649 649 650 651 454 455
642 642 643 645 646 647 648 648 649 650 651 652 653 654 655 656 657 657 658 659 660 662 662 663 664 594 595 595 596 597 598 600 600 601 602 603 604 604 605 606 607 608 609 610 611 612 613 613 614 615 616 617 617 619 620 621 622 622 623 624 625 626 626 627 628 630 631 631 632 633 634 635 635 636 637 638 639 639 640 642 643 643 644 645 646 647 647 648 649 650 650 651 454 456
642 643 643 645 646 647 648 648 649 650 651 653 654 654 655 656 657 658 658 659 661 662 663 663 664 594 595 596 596 597 599 600 601 601 602 603 604 605 605 606 607 609 610 610 611 612 613 614 614 615 616 617 619 619 620 621 622 623 623 624 625 626 627 627 629 630 631 632 632 633 634 635 636 636 637 638 639 641 641 642 643 644 644 645 646 647 648 648 649 650 651 652 653 456
642 643 645 645 646 647 648 649 649 650 652 653 654 655 655 656 657 658 659 659 661 662 663 664 664 594 595 596 597 598 599 600 601 602 602 603 604 605 606 606 608 609 610 611 611 612 613 614 615 615 616 618 619 620 620 621 622 623 624 624 625 626 627 629 629 630 631 632 633 633 634 635 636 637 637 638 640 641 642 642 643 644 645 646 646 647 648 649 649 650 651 653 654 456
642 644 645 646 646 647 648 649 650 650 652 653 654 655 655 656 657 658 659 661 661 662 663 664 665 594 595 596 598 599 599 600 601 602 603 603 604 605 606 608 608 609 610 611 612 612 613 614 615 616 617 618 619 620 621 621 622 623 624 625 625 626 628 629 630 630 631 632 633 634 634 635 636 637 638 639 640 641 642 643 643 644 645 646 647 647 648 649 650 650 652 653 654 457
643 644 645 646 647 647 648 649 650 652 652 653 654 655 656 656 657 658 660 661 661 662 663 664 665 595 595 596 598 599 600 600 601 602 603 604 604 605 607 608 609 609 610 611 612 613 613 614 615 617 618 618 619 620 621 622 622 623 624 625 626 627 628 629 630 631 631 632 633 634 635 635 636 637 639 640 640 641 642 643 644 644 645 646 647 648 648 649 651 652 653 653 654 655
643 644 645 646 647 647 648 649 651 652 653 653 654 655 656 657 657 659 660 661 662 662 663 664 594 595 596 597 598 599 600 601 601 602 603 604 605 606 607 608 609 610 610 611 612 613 614 614 616 617 618 619 619 620 621 622 623 623 624 625 627 628 628 629 630 631 632 632 633 634 635 636 636 638 639 640 641 641 642 643 644 645 645 646 647 648 649 650 651 652 653 654 654 655
644 644 645 646 647 648 648 650 651 652 653 654 654 655 656 657 659 659 660 661 662 663 663 664 594 595 597 597 598 599 600 601 602 602 603 604 606 607 607 608 609 610 611 611 612 613 614 616 616 617 618 619 620 620 621 622 623 624 624 626 627 628 629 629 630 631 632 633 633 634 635 636 638 638 639 640 641 642 642 643 644 645 646 646 647 648 650 651 651 652 653 654 655 655
644 645 645 646 647 648 649 650 651 652 653 654 654 655 656 657 659 660 660 661 662 663 664 664 594 596 597 598 598 599 600 601 602 602 603 605 606 607 608 608 609 610 611 612 612 613 615 616 617 617 618 619 620 621 621 622 623 624 626 626 627 628 629 630 630 631 632 633 634 634 635 637 638 639 639 640 641 642 643 643 644 645 646 647 647 649 650 651 652 652 653 654 655 656
644 645 645 646 647 648 650 651 651 652 653 654 655 655 656 658 659 660 660 661 662 663 664 665 594 596 597 598 599 599 600 601 602 603 603 605 606 607 608 609 609 610 611 612 613 613 615 616 617 618 618 619 620 621 622 622 623 625 626 627 627 628 629 630 631 631 632 633 634 635 636 637 638 639 640 640 641 642 643 644 644 645 646 647 649 649 650 651 652 653 653 654 655 656
644 645 646 646 647 649 650 651 651 652 653 654 655 656 657 658 659 660 661 661 662 663 664 665 595 596 597 598 599 600 600 601 602 603 605 605 606 607 608 609 609 610 611 612 613 615 615 616 617 618 619 619 620 621 622 623 624 625 626 627 628 628 629 630 631 632 632 633 634 636 637 637 638 639 640 641 641 642 643 644 645 645 646 648 649 650 650 651 652 653 654 654 655 656
644 645 646 647 647 649 650 651 652 652 653 654 655 656 658 658 659 660 661 662 662 663 664 666 596 596 597 598 599 600 601 601 602 604 605 606 606 607 608 609 610 610 611 612 614 615 615 616 617 618 619 620 620 621 622 623 625 625 626 627 628 629 629 630 631 632 633 633 635 636 637 638 638 639 640 641 642 642 643 644 645 646 647 648 649 650 651 651 652 653 654 655 655 656
644 645 646 647 648 649 650 651 652 653 653 654 655 657 658 658 659 660 661 662 663 663 664 666 596 597 597 598 599 600 601 601 602 604 605 606 607 607 608 609 610 611 611 613 614 615 616 616 617 618 619 620 621 621 622 624 625 626 626 627 628 629 630 630 631 632 633 635 635 636 637 638 639 639 640 641 642 643 643 644 645 647 648 648 649 650 651 652 652 653 654 655 656 656
644 645 646 647 649 649 650 651 652 653 654 654 656 657 658 659 659 660 661 662 663 663 665 595 596 597 598 598 599 600 601 602 603 604 605 606 607 607 608 609 610 611 612 613 614 615 616 617 617 618 619 620 621 621 623 624 625 626 627 627 628 629 630 631 631 632 633 635 636 636 637 638 639 640 640 641 642 643 644 644 646 647 648 649 649 650 651 652 653 653 654 655 656 657
644 645 646 648 649 650 650 651 652 653 654 654 656 657 658 659 660 660 661 662 663 665 665 595 596 597 598 598 599 600 601 603 604 604 605 606 607 608 608 609 610 611 613 614 614 615 616 617 618 618 619 620 621 623 623 624 625 626 627 627 628 629 630 631 632 632 634 635 636 637 637 638 639 640 641 641 642 643 644 646 646 647 648 649 650 650 651 652 653 654 654 655 656 657
645 645 647 648 649 650 650 651 652 653 654 656 656 657 658 659 660 660 661 662 663 665 666 595 596 597 598 599 599 600 601 603 604 605 605 606 607 608 609 609 610 612 613 614 614 615 616 617 618 619 619 620 621 623 624 624 625 626 627 628 628 629 630 631 632 633 634 635 636 637 638 638 639 640 641 642 642 643 644 646 647 647 648 649 650 651 651 652 653 654 655 655 656 657
645 646 647 648 649 650 651 651 652 653 654 656 656 657 658 659 660 661 661 662 664 665 666 595 596 597 598 599 600 600 602 603 604 605 605 606 607 608 609 610 610 612 613 614 615 615 616 617 618 619 619 620 622 623 624 625 625 626 627 628 629 629 630 631 633 634 634 635 636 637 638 639 639 640 641 642 643 643 645 646 647 648 648 649 650 651 652 652 653 654 655 656 656 658
645 647 647 648 649 650 651 652 652 653 655 656 657 657 658 659 660 661 662 662 664 665 666 596 596 597 598 599 600 601 602 603 604 605 606 606 607 608 609 610 611 612 613 614 615 616 616 617 618 619 620 621 622 623 624 625 625 626 627 628 629 630 630 631 633 634 635 635 636 637 638 639 639 640 641 642 643 645 645 646 647 648 649 649 650 651 652 653 653 654 655 656 658 658
645 647 648 648 649 650 651 652 652 653 655 656 657 658 658 659 660 661 662 663 664 665 666 596 597 597 598 599 600 602 602 603 604 605 606 607 607 608 609 611 612 612 613 614 615 616 616 617 618 619 620 622 622 623 624 625 626 626 627 628 629 630 631 632 633 634 635 636 636 637 638 639 640 640 641 642 644 645 645 646 647 648 649 650 650 651 652 653 654 654 655 657 658 659
646 647 648 648 649 650 651 652 653 654 655 656 657 658 658 659 660 661 663 664 664 665 595 596 597 597 598 599 601 602 603 603 604 605 606 607 607 608 609 611 612 613 613 614 615 616 617 617 618 619 621 622 622 623 624 625 626 627 627 628 629 630 632 632 633 634 635 636 637 637 638 639 640 641 641 642 644 645 646 646 647 648 649 650 651 651 652 653 654 655 655 657 658 659
646 647 648 649 649 650 651 652 653 654 655 656 657 658 659 659 660 661 663 664 664 665 595 596 597 598 598 599 601 602 603 603 604 605 606 607 608 608 610 611 612 613 613 614 615 616 617 618 618 619 621 622 623 623 624 625 626 627 628 628 629 630 632 633 633 634 635 636 637 637 638 639 640 641 642 643 644 645 646 647 647 648 649 650 651 651 652 653 654 655 657 657 658 659
646 647 648 649 649 650 651 652 654 655 655 656 657 658 659 659 660 662 663 664 665 665 595 596 597 598 598 600 601 602 603 604 604 605 606 607 608 608 610 611 612 613 614 614 615 616 617 618 618 620 621 622 623 624 624 625 626 627 628 628 629 631 632 633 634 634 635 636 637 638 638 639 640 641 643 643 644 645 646 647 648 648 649 650 651 652 652 653 654 656 657 657 658 659
