testData/tiles/oneDegree/grid21.0-35.0-22.0-36.0.asc
ncols   200
nrows   200
xllcorner   21.0
yllcorner   35.0
cellsize   0.005
NODATA_value   -9999.0
[rows 42 to 83 of 200, columns 0 to 93 of 200]
605 605 605 605 605 605 605 605 605 605 605 605 605 605 605 605 604 604 604 604 604 604 604 604 604 604 604 604 604 604 603 603 603 603 603 603 603 603 603 603 603 603 602 602 602 602 602 602 602 602 602 602 602 602 601 601 601 601 601 601 601 601 601 601 600 600 600 600 600 600 600 600 600 600 599 599 599 599 599 599 599 599 599 599 598 598 598 356 356 356 356 356 356 356
605 605 605 605 605 605 605 605 605 605 605 605 605 605 604 604 604 604 604 604 604 604 604 604 604 604 604 604 603 603 603 603 603 603 603 603 603 603 603 603 602 602 602 602 602 602 602 602 602 602 602 602 601 601 601 601 601 601 601 601 601 601 601 600 600 600 600 600 600 600 600 600 600 599 599 599 599 599 599 599 599 599 599 598 598 598 598 356 356 356 356 356 355 355
468 605 605 605 605 605 605 605 605 605 605 604 604 604 604 604 604 604 604 604 604 604 604 604 604 604 603 603 603 603 603 603 603 603 603 603 603 603 603 602 602 602 602 602 602 602 602 602 602 602 601 601 601 601 601 601 601 601 601 601 601 600 600 600 600 600 600 600 600 600 600 600 599 599 599 599 599 599 599 599 599 599 598 598 598 598 598 356 356 356 356 355 355 355
468 468 605 605 605 605 605 605 605 604 604 604 604 604 604 604 604 604 604 604 604 604 604 604 603 603 603 603 603 603 603 603 603 603 603 603 603 602 602 602 602 602 602 602 602 602 602 602 602 601 601 601 601 601 601 601 601 601 601 601 600 600 600 600 600 600 600 600 600 600 599 599 599 599 599 599 599 599 599 599 598 598 598 598 598 598 598 356 356 356 355 355 355 355
468 468 468 468 605 605 605 604 604 604 604 604 604 604 604 604 604 604 604 604 604 604 603 603 603 603 603 603 603 603 603 603 603 603 603 602 602 602 602 602 602 602 602 602 602 602 602 601 601 601 601 601 601 601 601 601 601 601 601 600 600 600 600 600 600 600 600 600 600 599 599 599 599 599 599 599 599 599 599 598 598 598 598 598 598 598 598 356 356 355 355 355 355 355
468 468 468 468 467 604 604 604 604 604 604 604 604 604 604 604 604 604 604 604 603 603 603 603 603 603 603 603 603 603 603 603 603 602 602 602 602 602 602 602 602 602 602 602 602 602 601 601 601 601 601 601 601 601 601 601 601 600 600 600 600 600 600 600 600 600 600 600 599 599 599 599 599 599 599 599 599 599 598 598 598 598 598 598 598 598 356 356 355 355 355 355 355 355
468 467 467 467 467 467 604 604 604 604 604 604 604 604 604 604 604 603 603 603 603 603 603 603 603 603 603 603 603 603 603 602 602 602 602 602 602 602 602 602 602 602 602 602 601 601 601 601 601 601 601 601 601 601 601 600 600 600 600 600 600 600 600 600 600 600 599 599 599 599 599 599 599 599 599 599 599 598 598 598 598 598 598 598 598 598 355 355 355 355 355 355 355 355
467 467 467 467 467 467 467 467 604 604 604 604 604 604 604 603 603 603 603 603 603 603 603 603 603 603 603 603 603 602 602 602 602 602 602 602 602 602 602 602 602 602 601 601 601 601 601 601 601 601 601 601 601 601 600 600 600 600 600 600 600 600 600 600 600 599 599 599 599 599 599 599 599 599 599 598 598 598 598 598 598 598 598 598 598 597 355 355 355 355 355 355 355 355
467 467 467 467 467 467 467 467 467 604 604 604 604 603 603 603 603 603 603 603 603 603 603 603 603 603 603 602 602 602 602 602 602 602 602 602 602 602 602 602 601 601 601 601 601 601 601 601 601 601 601 601 600 600 600 600 600 600 600 600 600 600 600 599 599 599 599 599 599 599 599 599 599 599 598 598 598 598 598 598 598 598 598 598 597 597 355 355 355 355 355 355 355 355
467 467 467 467 467 467 467 467 467 467 466 603 603 603 603 603 603 603 603 603 603 603 603 603 603 602 602 602 602 602 602 602 602 602 602 602 602 602 602 601 601 601 601 601 601 601 601 601 601 601 601 600 600 600 600 600 600 600 600 600 600 600 599 599 599 599 599 599 599 599 599 599 599 598 598 598 598 598 598 598 598 598 598 597 597 597 355 355 355 355 355 355 354 354
467 467 467 467 467 467 467 467 466 466 466 466 603 603 603 603 603 603 603 603 603 603 603 602 602 602 602 602 602 602 602 602 602 602 602 602 602 601 601 601 601 601 601 601 601 601 601 601 601 600 600 600 600 600 600 600 600 600 600 600 599 599 599 599 599 599 599 599 599 599 599 598 598 598 598 598 598 598 598 598 598 597 597 597 597 597 355 355 355 355 355 354 354 354
467 467 467 467 467 466 466 466 466 466 466 466 466 466 603 603 603 603 603 603 603 602 602 602 602 602 602 602 602 602 602 602 602 602 602 601 601 601 601 601 601 601 601 601 601 601 601 600 600 600 600 600 600 600 600 600 600 600 600 599 599 599 599 599 599 599 599 599 599 599 598 598 598 598 598 598 598 598 598 598 597 597 597 597 597 597 355 355 355 355 354 354 354 354
467 467 467 466 466 466 466 466 466 466 466 466 466 466 466 603 603 603 603 602 602 602 602 602 602 602 602 602 602 602 602 602 602 601 601 601 601 601 601 601 601 601 601 601 601 601 600 600 600 600 600 600 600 600 600 600 600 599 599 599 599 599 599 599 599 599 599 599 598 598 598 598 598 598 598 598 598 598 598 597 597 597 597 597 597 597 355 355 355 354 354 354 354 354
466 466 466 466 466 466 466 466 466 466 466 466 466 466 466 466 466 602 602 602 602 602 602 602 602 602 602 602 602 602 602 601 601 601 601 601 601 601 601 601 601 601 601 601 600 600 600 600 600 600 600 600 600 600 600 600 599 599 599 599 599 599 599 599 599 599 599 598 598 598 598 598 598 598 598 598 598 597 597 597 597 597 597 597 597 597 355 354 354 354 354 354 354 365
466 466 466 466 466 466 466 466 466 466 466 466 466 466 465 465 465 465 602 602 602 602 602 602 602 602 602 602 602 601 601 601 601 601 601 601 601 601 601 601 601 601 600 600 600 600 600 600 600 600 600 600 600 600 599 599 599 599 599 599 599 599 599 599 599 598 598 598 598 598 598 598 598 598 598 598 597 597 597 597 597 597 597 597 597 597 354 354 354 354 354 354 354 365
466 466 466 466 466 466 466 466 466 466 466 466 465 465 465 465 465 465 465 465 602 602 602 602 602 602 602 601 601 601 601 601 601 601 601 601 601 601 601 601 600 600 600 600 600 600 600 600 600 600 600 600 600 599 599 599 599 599 599 599 599 599 599 599 598 598 598 598 598 598 598 598 598 598 598 597 597 597 597 597 597 597 597 597 597 596 354 354 354 354 354 354 354 365
466 466 466 466 466 466 466 466 466 465 465 465 465 465 465 465 465 465 465 465 465 465 602 602 602 601 601 601 601 601 601 601 601 601 601 601 601 601 601 600 600 600 600 600 600 600 600 600 600 600 600 599 599 599 599 599 599 599 599 599 599 599 598 598 598 598 598 598 598 598 598 598 598 597 597 597 597 597 597 597 597 597 597 597 596 354 354 354 354 354 354 354 365 364
466 466 466 466 466 466 466 465 465 465 465 465 465 465 465 465 465 465 465 465 465 465 465 601 601 601 601 601 601 601 601 601 601 601 601 601 601 600 600 600 600 600 600 600 600 600 600 600 600 599 599 599 599 599 599 599 599 599 599 599 599 598 598 598 598 598 598 598 598 598 598 598 597 597 597 597 597 597 597 597 597 597 596 596 596 354 354 354 354 354 354 354 364 364
466 466 466 466 465 465 465 465 465 465 465 465 465 465 465 465 465 465 465 465 464 464 464 464 464 601 601 601 601 601 601 601 601 601 601 600 600 600 600 600 600 600 600 600 600 600 600 600 599 599 599 599 599 599 599 599 599 599 599 598 598 598 598 598 598 598 598 598 598 598 597 597 597 597 597 597 597 597 597 597 597 596 596 596 596 354 354 354 354 354 354 353 364 364
466 465 465 465 465 465 465 465 465 465 465 465 465 465 465 465 465 465 464 464 464 464 464 464 464 464 464 601 601 601 601 601 601 600 600 600 600 600 600 600 600 600 600 600 600 600 599 599 599 599 599 599 599 599 599 599 599 599 598 598 598 598 598 598 598 598 598 598 598 597 597 597 597 597 597 597 597 597 597 597 596 596 596 596 596 354 354 354 354 354 353 353 364 364
465 465 465 465 465 465 465 465 465 465 465 465 465 465 465 465 464 464 464 464 464 464 464 464 464 464 464 464 601 601 601 600 600 600 600 600 600 600 600 600 600 600 600 600 599 599 599 599 599 599 599 599 599 599 599 599 598 598 598 598 598 598 598 598 598 598 598 597 597 597 597 597 597 597 597 597 597 597 596 596 596 596 596 596 596 354 354 354 353 353 353 364 364 364
465 465 465 465 465 465 465 465 465 465 465 465 465 464 464 464 464 464 464 464 464 464 464 464 464 464 464 464 464 463 600 600 600 600 600 600 600 600 600 600 600 600 599 599 599 599 599 599 599 599 599 599 599 599 598 598 598 598 598 598 598 598 598 598 598 598 597 597 597 597 597 597 597 597 597 597 597 596 596 596 596 596 596 596 596 354 354 353 353 353 353 364 364 364
465 465 465 465 465 465 465 465 465 465 465 464 464 464 464 464 464 464 464 464 464 464 464 464 464 464 463 463 463 463 463 463 600 600 600 600 600 600 600 600 599 599 599 599 599 599 599 599 599 599 599 599 599 598 598 598 598 598 598 598 598 598 598 598 597 597 597 597 597 597 597 597 597 597 597 596 596 596 596 596 596 596 596 596 596 354 353 353 353 353 353 364 364 364
465 465 465 465 465 465 465 465 464 464 464 464 464 464 464 464 464 464 464 464 464 464 464 464 463 463 463 463 463 463 463 463 463 463 600 600 600 600 599 599 599 599 599 599 599 599 599 599 599 599 599 598 598 598 598 598 598 598 598 598 598 598 598 597 597 597 597 597 597 597 597 597 597 597 596 596 596 596 596 596 596 596 596 596 595 353 353 353 353 353 353 364 364 364
465 465 465 465 465 464 464 464 464 464 464 464 464 464 464 464 464 464 464 464 464 464 463 463 463 463 463 463 463 463 463 463 463 463 463 463 599 599 599 599 599 599 599 599 599 599 599 599 599 598 598 598 598 598 598 598 598 598 598 598 598 597 597 597 597 597 597 597 597 597 597 597 596 596 596 596 596 596 596 596 596 596 596 595 595 353 353 353 353 353 364 364 364 363
465 465 464 464 464 464 464 464 464 464 464 464 464 464 464 464 464 464 464 464 463 463 463 463 463 463 463 463 463 463 463 463 463 463 462 462 462 462 599 599 599 599 599 599 599 599 599 599 598 598 598 598 598 598 598 598 598 598 598 598 597 597 597 597 597 597 597 597 597 597 597 596 596 596 596 596 596 596 596 596 596 596 595 595 353 353 353 353 353 353 364 364 363 363
464 464 464 464 464 464 464 464 464 464 464 464 464 464 464 464 464 463 463 463 463 463 463 463 463 463 463 463 463 463 463 463 462 462 462 462 462 462 462 599 599 599 599 599 599 599 598 598 598 598 598 598 598 598 598 598 598 598 597 597 597 597 597 597 597 597 597 597 597 596 596 596 596 596 596 596 596 596 596 596 595 595 595 595 353 353 353 353 353 353 364 363 363 363
464 464 464 464 464 464 464 464 464 464 464 464 464 464 464 463 463 463 463 463 463 463 463 463 463 463 463 463 463 463 462 462 462 462 462 462 462 462 462 462 462 599 599 599 598 598 598 598 598 598 598 598 598 598 598 598 597 597 597 597 597 597 597 597 597 597 597 597 596 596 596 596 596 596 596 596 596 596 596 595 595 595 595 595 353 353 353 353 353 352 363 363 363 363
464 464 464 464 464 464 464 464 464 464 464 464 463 463 463 463 463 463 463 463 463 463 463 463 463 463 463 463 462 462 462 462 462 462 462 462 462 462 462 462 462 462 461 598 598 598 598 598 598 598 598 598 598 598 598 597 597 597 597 597 597 597 597 597 597 597 596 596 596 596 596 596 596 596 596 596 596 595 595 595 595 595 595 595 353 353 353 353 352 352 363 363 363 363
464 464 464 464 464 464 464 464 464 463 463 463 463 463 463 463 463 463 463 463 463 463 463 463 463 463 462 462 462 462 462 462 462 462 462 462 462 462 462 462 461 461 461 461 461 598 598 598 598 598 598 598 598 597 597 597 597 597 597 597 597 597 597 597 597 596 596 596 596 596 596 596 596 596 596 596 595 595 595 595 595 595 595 595 353 353 353 352 352 363 363 363 363 363
464 464 464 464 464 464 464 463 463 463 463 463 463 463 463 463 463 463 463 463 463 463 463 462 462 462 462 462 462 462 462 462 462 462 462 462 462 462 461 461 461 461 461 461 461 461 461 598 598 598 598 597 597 597 597 597 597 597 597 597 597 597 597 596 596 596 596 596 596 596 596 596 596 596 595 595 595 595 595 595 595 595 595 595 353 352 352 352 352 363 363 363 363 363
464 464 464 464 463 463 463 463 463 463 463 463 463 463 463 463 463 463 463 463 463 462 462 462 462 462 462 462 462 462 462 462 462 462 462 462 461 461 461 461 461 461 461 461 461 461 461 461 461 460 597 597 597 597 597 597 597 597 597 597 597 596 596 596 596 596 596 596 596 596 596 596 596 595 595 595 595 595 595 595 595 595 595 595 352 352 352 352 352 363 363 363 363 363
463 463 463 463 463 463 463 463 463 463 463 463 463 463 463 463 463 463 463 462 462 462 462 462 462 462 462 462 462 462 462 462 462 462 461 461 461 461 461 461 461 461 461 461 461 461 461 460 460 460 460 460 597 597 597 597 597 597 597 597 596 596 596 596 596 596 596 596 596 596 596 595 595 595 595 595 595 595 595 595 595 595 594 594 352 352 352 352 352 363 363 363 363 362
463 463 463 463 463 463 463 463 463 463 463 463 463 463 463 463 462 462 462 462 462 462 462 462 462 462 462 462 462 462 462 462 461 461 461 461 461 461 461 461 461 461 461 461 461 461 460 460 460 460 460 460 460 460 597 597 597 597 596 596 596 596 596 596 596 596 596 596 596 596 595 595 595 595 595 595 595 595 595 595 595 594 594 594 352 352 352 352 352 363 363 362 362 362
463 463 463 463 463 463 463 463 463 463 463 463 463 462 462 462 462 462 462 462 462 462 462 462 462 462 462 462 462 461 461 461 461 461 461 461 461 461 461 461 461 461 461 461 460 460 460 460 460 460 460 460 460 460 460 460 596 596 596 596 596 596 596 596 596 596 596 596 595 595 595 595 595 595 595 595 595 595 595 594 594 594 594 352 352 352 352 352 352 363 362 362 362 362
463 463 463 463 463 463 463 463 463 463 463 462 462 462 462 462 462 462 462 462 462 462 462 462 462 462 462 461 461 461 461 461 461 461 461 461 461 461 461 461 461 461 460 460 460 460 460 460 460 460 460 460 460 460 460 459 459 459 596 596 596 596 596 596 596 596 596 595 595 595 595 595 595 595 595 595 595 595 594 594 594 594 594 352 352 352 352 352 363 362 362 362 362 362
463 463 463 463 463 463 463 463 462 462 462 462 462 462 462 462 462 462 462 462 462 462 462 462 462 461 461 461 461 461 461 461 461 461 461 461 461 461 461 461 460 460 460 460 460 460 460 460 460 460 460 460 460 459 459 459 459 459 459 459 459 596 596 596 596 595 595 595 595 595 595 595 595 595 595 595 594 594 594 594 594 594 594 352 352 352 352 351 362 362 362 362 362 362
463 463 463 463 463 462 462 462 462 462 462 462 462 462 462 462 462 462 462 462 462 462 461 461 461 461 461 461 461 461 461 461 461 461 461 461 461 461 460 460 460 460 460 460 460 460 460 460 460 460 460 459 459 459 459 459 459 459 459 459 459 459 459 595 595 595 595 595 595 595 595 595 595 595 595 594 594 594 594 594 594 594 594 352 352 352 351 351 362 362 362 362 362 362
463 463 462 462 462 462 462 462 462 462 462 462 462 462 462 462 462 462 462 462 461 461 461 461 461 461 461 461 461 461 461 461 461 461 461 460 460 460 460 460 460 460 460 460 460 460 460 460 460 459 459 459 459 459 459 459 459 459 459 459 459 459 458 458 458 458 595 595 595 595 595 595 595 594 594 594 594 594 594 594 594 594 594 352 351 351 351 351 362 362 362 362 362 362
462 462 462 462 462 462 462 462 462 462 462 462 462 462 462 462 462 461 461 461 461 461 461 461 461 461 461 461 461 461 461 461 461 460 460 460 460 460 460 460 460 460 460 460 460 460 460 459 459 459 459 459 459 459 459 459 459 459 459 459 458 458 458 458 458 458 458 458 595 595 595 595 594 594 594 594 594 594 594 594 594 594 594 351 351 351 351 351 362 362 362 362 362 362
462 462 462 462 462 462 462 462 462 462 462 462 462 462 462 461 461 461 461 461 461 461 461 461 461 461 461 461 461 461 461 460 460 460 460 460 460 460 460 460 460 460 460 460 460 459 459 459 459 459 459 459 459 459 459 459 459 459 458 458 458 458 458 458 458 458 458 458 458 458 457 594 594 594 594 594 594 594 594 594 594 593 593 351 351 351 351 351 362 362 362 362 361 361
462 462 462 462 462 462 462 462 462 462 462 462 461 461 461 461 461 461 461 461 461 461 461 461 461 461 461 461 461 460 460 460 460 460 460 460 460 460 460 460 460 460 460 459 459 459 459 459 459 459 459 459 459 459 459 459 458 458 458 458 458 458 458 458 458 458 458 458 458 457 457 457 457 594 594 594 594 594 594 594 593 593 351 351 351 351 351 362 362 362 362 361 361 361
