testData/tiles/oneDegree/grid9.0-28.0-10.0-29.0.asc
ncols   200
nrows   200
xllcorner   9.0
yllcorner   28.0
cellsize   0.005
NODATA_value   -9999.0
[rows 152 to 189 of 200, columns 85 to 169 of 200]
980 980 980 980 980 980 980 980 1011 1011 1011 1011 1011 1011 851 850 850 850 850 850 850 849 849 849 849 849 850 851 852 853 853 854 855 856 857 857 858 859 859 860 861 861 862 863 863 864 865 865 866 866 867 867 868 868 869 870 870 871 871 872 872 873 873 873 874 874 875 875 876 876 877 877 878 878 878 879 879 880 880 880 881 882 883 884 884
981 980 980 980 980 980 980 980 979 1011 1011 851 851 851 851 850 850 850 850 850 850 849 849 849 849 849 850 851 852 852 853 854 855 856 856 857 858 859 859 860 861 861 862 863 863 864 864 865 866 866 867 867 868 868 869 869 870 870 871 871 872 872 873 873 874 874 875 875 876 876 877 877 877 878 878 879 879 880 880 880 881 882 882 884 884
981 980 980 980 980 980 980 820 819 851 851 851 851 851 851 850 850 850 850 850 850 849 849 849 849 849 850 851 851 852 853 854 855 856 856 857 858 858 859 860 860 861 862 862 863 864 864 865 865 866 867 867 868 868 869 869 870 870 871 871 872 872 873 873 874 874 875 875 876 876 876 877 877 878 878 879 879 879 880 880 881 882 882 884 884
981 980 980 980 820 820 820 820 819 851 851 851 851 851 851 850 850 850 850 850 850 849 849 849 849 849 849 850 851 852 853 854 855 855 856 857 858 858 859 860 860 861 862 862 863 864 864 865 865 866 866 867 868 868 869 869 870 870 871 871 872 872 873 873 874 874 875 875 875 876 876 877 877 878 878 878 879 879 880 880 881 881 882 883 884
981 820 820 820 820 820 820 820 819 851 851 851 851 851 851 850 850 850 850 850 850 849 849 849 849 849 849 850 851 852 853 854 854 855 856 857 857 858 859 860 860 861 861 862 863 863 864 865 865 866 866 867 867 868 869 869 870 870 871 871 872 872 873 873 874 874 874 875 875 876 876 877 877 878 878 878 879 879 880 880 880 881 882 883 884
821 820 820 820 820 820 820 820 819 851 851 851 851 851 851 850 850 850 850 850 850 849 849 849 849 849 849 850 851 852 853 853 854 855 856 857 857 858 859 859 860 861 861 862 863 863 864 864 865 866 866 867 867 868 868 869 869 870 870 871 871 872 872 873 873 874 874 875 875 876 876 877 877 877 878 878 879 879 880 880 880 881 882 882 884
821 820 820 820 820 820 820 820 820 819 851 851 851 851 851 850 850 850 850 850 850 849 849 849 849 849 849 850 851 852 852 853 854 855 856 856 857 858 859 859 860 861 861 862 862 863 864 864 865 865 866 867 867 868 868 869 869 870 870 871 871 872 872 873 873 874 874 875 875 876 876 876 877 877 878 878 879 879 879 880 880 881 881 882 883
821 820 820 820 820 820 820 820 820 819 851 851 851 851 851 850 850 850 850 850 850 849 849 849 849 849 849 850 851 851 852 853 854 855 855 856 857 858 858 859 860 860 861 862 862 863 864 864 865 865 866 866 867 868 868 869 869 870 870 871 871 872 872 873 873 874 874 875 875 875 876 876 877 877 878 878 878 879 879 880 880 881 881 882 883
821 821 820 820 820 820 820 820 820 819 851 851 851 851 851 850 850 850 850 850 850 850 849 849 849 849 849 849 850 851 852 853 854 855 855 856 857 857 858 859 860 860 861 862 862 863 863 864 865 865 866 866 867 867 868 869 869 870 870 871 871 872 872 873 873 874 874 874 875 875 876 876 877 877 878 878 878 879 879 880 880 880 881 882 883
821 821 820 820 820 820 820 820 820 819 851 851 851 851 851 851 850 850 850 850 850 850 849 849 849 849 849 849 850 851 852 853 854 854 855 856 857 857 858 859 859 860 861 861 862 863 863 864 864 865 866 866 867 867 868 868 869 869 870 870 871 871 872 872 873 873 874 874 875 875 876 876 877 877 877 878 878 879 879 879 880 880 881 881 882
821 821 820 820 820 820 820 820 820 819 819 851 851 851 851 851 850 850 850 850 850 850 849 849 849 849 849 849 850 851 852 853 853 854 855 856 856 857 858 859 859 860 861 861 862 863 863 864 864 865 866 866 867 867 868 868 869 869 870 870 871 871 872 872 873 873 874 874 875 875 876 876 876 877 877 878 878 879 879 879 880 880 881 881 882
821 821 820 820 820 820 820 820 820 819 819 851 851 851 851 851 850 850 850 850 850 850 849 849 849 849 849 849 850 851 851 852 853 854 855 856 856 857 858 858 859 860 860 861 862 862 863 864 864 865 865 866 867 867 868 868 869 869 870 870 871 871 872 872 873 873 874 874 875 875 875 876 876 877 877 878 878 878 879 879 880 880 880 881 882
821 821 820 820 820 820 820 820 820 819 819 851 851 851 851 851 850 850 850 850 850 850 849 849 849 849 849 849 850 850 851 852 853 854 855 855 856 857 858 858 859 860 860 861 862 862 863 863 864 865 865 866 866 867 867 868 869 869 870 870 871 871 872 872 873 873 874 874 874 875 875 876 876 877 877 878 878 878 879 879 880 880 880 881 881
821 821 820 820 820 820 820 820 820 819 819 851 851 851 851 851 850 850 850 850 850 850 849 849 849 849 849 849 849 850 851 852 853 854 854 855 856 857 857 858 859 859 860 861 861 862 863 863 864 865 865 866 866 867 867 868 868 869 869 870 870 871 871 872 872 873 873 874 874 875 875 876 876 877 877 877 878 878 879 879 879 880 880 881 881
821 821 820 820 820 820 820 820 820 819 819 851 851 851 851 851 850 850 850 850 850 850 849 849 849 849 849 849 849 850 851 852 853 853 854 855 856 856 857 858 859 859 860 861 861 862 863 863 864 864 865 866 866 867 867 868 868 869 869 870 870 871 871 872 872 873 873 874 874 875 875 876 876 876 877 877 878 878 879 879 879 880 880 881 881
821 821 820 820 820 820 820 820 820 820 819 819 851 851 851 851 850 850 850 850 850 850 849 849 849 849 849 849 849 850 851 852 852 853 854 855 856 856 857 858 858 859 860 860 861 862 862 863 864 864 865 865 866 867 867 868 868 869 869 870 870 871 871 872 872 873 873 874 874 875 875 875 876 876 877 877 878 878 878 879 879 880 880 880 881
821 821 820 820 820 820 820 820 820 820 819 819 851 851 851 851 850 850 850 850 850 850 849 849 849 849 849 849 849 850 850 851 852 853 854 855 855 856 857 858 858 859 860 860 861 862 862 863 863 864 865 865 866 866 867 867 868 869 869 870 870 871 871 872 872 873 873 873 874 874 875 875 876 876 877 877 877 878 878 879 879 880 880 880 881
821 821 821 820 820 820 820 820 820 820 819 819 851 851 851 851 850 850 850 850 850 850 849 849 849 849 849 849 849 849 850 851 852 853 854 854 855 856 857 857 858 859 859 860 861 861 862 863 863 864 865 865 866 866 867 867 868 868 869 869 870 870 871 871 872 872 873 873 874 874 875 875 876 876 877 877 877 878 878 879 879 879 880 880 881
821 821 821 820 820 820 820 820 820 820 819 819 851 851 851 851 850 850 850 850 850 850 849 849 849 849 849 849 849 849 850 851 852 853 853 854 855 856 857 857 858 859 859 860 861 861 862 863 863 864 864 865 866 866 867 867 868 868 869 869 870 870 871 871 872 872 873 873 874 874 875 875 876 876 876 877 877 878 878 878 879 879 880 880 880
821 821 821 820 820 820 820 820 820 820 819 819 851 851 851 851 850 850 850 850 850 850 849 849 849 849 849 849 849 849 850 851 852 852 853 854 855 856 856 857 858 858 859 860 860 861 862 862 863 864 864 865 865 866 866 867 868 868 869 869 870 870 871 871 872 872 873 873 874 874 874 875 875 876 876 877 877 878 878 878 879 879 880 880 880
821 821 821 820 820 820 820 820 820 820 819 819 819 851 851 851 851 850 850 850 850 850 850 849 849 849 849 849 849 849 850 851 851 852 853 854 855 855 856 857 858 858 859 860 860 861 862 862 863 863 864 865 865 866 866 867 867 868 869 869 870 870 871 871 872 872 873 873 873 874 874 875 875 876 876 877 877 877 878 878 879 879 879 880 880
821 821 821 820 820 820 820 820 820 820 819 819 819 851 851 851 851 850 850 850 850 850 850 849 849 849 849 849 849 849 849 850 851 852 853 854 854 855 856 857 857 858 859 859 860 861 861 862 863 863 864 864 865 866 866 867 867 868 868 869 869 870 870 871 871 872 872 873 873 874 874 875 875 876 876 876 877 877 878 878 879 879 879 880 880
821 821 821 820 820 820 820 820 820 820 819 819 819 851 851 851 851 850 850 850 850 850 850 849 849 849 849 849 849 849 849 850 851 852 853 853 854 855 856 857 857 858 859 859 860 861 861 862 863 863 864 864 865 865 866 867 867 868 868 869 869 870 870 871 871 872 872 873 873 874 874 875 875 875 876 876 877 877 878 878 878 879 879 880 880
821 821 821 820 820 820 820 820 820 820 819 819 819 851 851 851 851 850 850 850 850 850 850 849 849 849 849 849 849 849 849 850 851 852 852 853 854 855 856 856 857 858 858 859 860 860 861 862 862 863 864 864 865 865 866 866 867 868 868 869 869 870 870 871 871 872 872 873 873 874 874 874 875 875 876 876 877 877 877 878 878 879 879 880 880
821 821 821 820 820 820 820 820 820 820 819 819 819 819 851 851 851 850 850 850 850 850 850 849 849 849 849 849 849 849 849 850 851 851 852 853 854 855 855 856 857 858 858 859 860 860 861 862 862 863 863 864 865 865 866 866 867 867 868 868 869 870 870 871 871 871 872 872 873 873 874 874 875 875 876 876 877 877 877 878 878 879 879 879 880
821 821 821 820 820 820 820 820 820 820 819 819 819 819 851 851 851 850 850 850 850 850 850 849 849 849 849 849 849 849 849 849 850 851 852 853 854 854 855 856 857 857 858 859 859 860 861 861 862 863 863 864 864 865 866 866 867 867 868 868 869 869 870 870 871 871 872 872 873 873 874 874 875 875 876 876 876 877 877 878 878 878 879 879 880
821 821 821 820 820 820 820 820 820 820 819 819 819 819 851 851 851 850 850 850 850 850 850 849 849 849 849 849 849 849 849 849 850 851 852 853 853 854 855 856 856 857 858 859 859 860 861 861 862 862 863 864 864 865 865 866 867 867 868 868 869 869 870 870 871 871 872 872 873 873 874 874 874 875 875 876 876 877 877 878 878 878 879 879 880
821 821 821 820 820 820 820 820 820 820 820 819 819 819 851 851 851 850 850 850 850 850 850 849 849 849 849 849 849 849 849 849 850 851 852 852 853 854 855 856 856 857 858 858 859 860 860 861 862 862 863 864 864 865 865 866 866 867 867 868 869 869 870 870 871 871 872 872 873 873 873 874 874 875 875 876 876 877 877 877 878 878 879 879 879
821 821 821 821 820 820 820 820 820 820 820 819 819 819 819 851 851 850 850 850 850 850 850 849 849 849 849 849 849 849 849 849 850 850 851 852 853 854 855 855 856 857 858 858 859 860 860 861 862 862 863 863 864 865 865 866 866 867 867 868 868 869 869 870 870 871 871 872 872 873 873 874 874 875 875 876 876 876 877 877 878 878 879 879 879
821 821 821 821 820 820 820 820 820 820 820 819 819 819 819 851 851 850 850 850 850 850 850 849 849 849 849 849 849 849 849 849 849 850 851 852 853 854 854 855 856 857 857 858 859 859 860 861 861 862 863 863 864 864 865 866 866 867 867 868 868 869 869 870 870 871 871 872 872 873 873 874 874 875 875 875 876 876 877 877 878 878 878 879 879
821 821 821 821 820 820 820 820 820 820 820 819 819 819 819 851 851 850 850 850 850 850 850 849 849 849 849 849 849 849 849 849 849 850 851 852 853 853 854 855 856 856 857 858 859 859 860 861 861 862 862 863 864 864 865 865 866 866 867 868 868 869 869 870 870 871 871 872 872 873 873 874 874 874 875 875 876 876 877 877 877 878 878 879 879
821 821 821 821 820 820 820 820 820 820 820 819 819 819 819 851 851 850 850 850 850 850 850 849 849 849 849 849 849 849 849 849 849 850 851 852 852 853 854 855 855 856 857 858 858 859 860 860 861 862 862 863 863 864 865 865 866 866 867 867 868 868 869 870 870 871 871 871 872 872 873 873 874 874 875 875 876 876 876 877 877 878 878 879 879
821 821 821 821 820 820 820 820 820 820 820 819 819 819 819 819 851 850 850 850 850 850 850 849 849 849 849 849 849 849 849 849 849 850 850 851 852 853 854 855 855 856 857 857 858 859 860 860 861 861 862 863 863 864 864 865 866 866 867 867 868 868 869 869 870 870 871 871 872 872 873 873 874 874 875 875 875 876 876 877 877 878 878 878 635
821 821 821 821 820 820 820 820 820 820 820 819 819 819 819 819 851 850 850 850 850 850 850 849 849 849 849 849 849 849 849 849 849 849 850 851 852 853 854 854 855 856 857 857 858 859 859 860 861 861 862 863 863 864 864 865 865 866 867 867 868 868 869 869 870 870 871 871 872 872 873 873 874 874 874 875 875 876 876 877 877 877 878 634 635
821 821 821 821 820 820 820 820 820 820 820 819 819 819 819 819 851 851 850 850 850 850 850 850 849 849 849 849 849 849 849 849 849 849 850 851 852 853 853 854 855 856 856 857 858 858 859 860 860 861 862 862 863 864 864 865 865 866 866 867 867 868 869 869 870 870 871 871 872 872 872 873 873 874 874 875 875 876 876 876 877 877 634 634 635
821 821 821 821 820 820 820 820 820 820 820 819 819 819 819 819 851 851 850 850 850 850 850 850 849 849 849 849 849 849 849 849 849 849 850 851 851 852 853 854 855 855 856 857 858 858 859 860 860 861 862 862 863 863 864 865 865 866 866 867 867 868 868 869 869 870 870 871 871 872 872 873 873 874 874 875 875 875 876 876 633 633 634 634 634
821 821 821 821 820 820 820 820 820 820 820 819 819 819 819 819 819 851 850 850 850 850 850 850 849 849 849 849 849 849 849 849 849 849 849 850 851 852 853 854 854 855 856 857 857 858 859 859 860 861 861 862 863 863 864 864 865 866 866 867 867 868 868 869 869 870 870 871 871 872 872 873 873 874 874 874 875 875 876 632 633 633 633 634 634
821 821 821 821 820 820 820 820 820 820 820 819 819 819 819 819 819 851 850 850 850 850 850 850 849 849 849 849 849 849 849 849 849 849 849 850 851 852 853 853 854 855 856 856 857 858 859 859 860 861 861 862 862 863 864 864 865 865 866 866 867 868 868 869 869 870 870 871 871 872 872 873 873 873 874 874 875 875 632 632 633 633 633 634 634
