testData/tiles/oneDegree/grid33.0-23.0-34.0-24.0.asc
ncols   200
nrows   200
xllcorner   33.0
yllcorner   23.0
cellsize   0.005
NODATA_value   -9999.0
[rows 126 to 167 of 200, columns 0 to 93 of 200]
445 444 444 443 443 442 442 441 441 440 440 439 437 437 436 436 435 435 434 434 433 336 336 334 333 333 332 332 331 330 329 332 331 331 330 328 327 327 326 325 323 323 322 321 319 318 318 316 315 314 312 311 310 308 307 306 304 303 302 308 307 306 303 302 300 298 296 294 292 290 288 285 283 280 277 273 273 259 258 258 257 257 256 256 255 254 254 253 252 252 251 250 250 249
442 442 441 441 440 440 439 439 438 438 437 437 436 436 435 434 433 432 432 431 335 334 333 333 332 331 330 329 329 328 327 326 325 328 327 327 325 324 324 323 321 320 319 319 317 316 315 314 312 312 311 309 308 307 305 304 303 301 300 297 304 303 301 299 297 296 293 292 290 287 285 282 280 277 274 271 270 257 256 256 255 255 254 253 253 252 252 251 250 250 249 248 247 247
440 440 439 439 438 438 437 437 436 436 435 434 434 433 433 432 432 431 429 333 332 332 331 330 330 329 328 327 326 326 325 324 323 322 325 324 324 322 321 320 320 318 317 316 315 314 313 312 310 309 308 306 305 304 302 301 300 298 297 295 302 300 298 297 294 293 290 289 287 284 282 279 277 273 269 269 255 255 254 254 253 253 252 251 251 250 249 249 248 247 247 246 245 244
438 437 437 436 436 435 435 434 434 433 433 432 432 431 430 430 429 429 332 331 330 329 329 328 327 327 326 325 324 323 323 322 320 319 319 318 321 320 319 318 317 315 315 314 313 311 310 309 308 307 306 304 303 302 300 299 298 296 294 292 299 298 295 294 292 290 288 286 283 281 278 276 273 270 267 267 253 253 252 252 251 250 250 249 248 248 247 246 246 245 244 244 243 242
436 435 435 434 434 433 433 432 431 431 430 430 429 429 428 428 427 330 330 329 328 327 326 326 325 324 324 322 322 321 320 319 319 317 316 316 315 313 316 316 315 313 312 311 311 309 308 307 305 304 303 301 300 299 297 296 295 293 292 290 296 295 293 291 289 287 285 283 280 278 275 273 269 266 265 252 251 251 250 249 249 248 247 247 246 246 245 244 243 243 242 241 240 240
433 433 432 432 431 431 430 430 429 429 428 428 427 426 426 425 329 328 327 327 325 325 324 323 323 322 321 321 319 318 318 317 316 315 314 313 313 311 310 313 312 311 310 309 308 306 305 305 303 302 301 299 298 297 295 294 293 290 289 287 294 291 290 289 286 285 282 280 277 275 272 270 266 264 263 249 249 248 248 247 246 246 245 245 244 243 242 242 241 240 240 239 238 237
431 432 431 431 430 429 428 427 427 426 426 425 425 424 424 327 326 326 325 325 324 322 322 321 320 320 319 318 317 316 315 315 314 312 312 311 310 308 308 307 306 308 307 307 306 304 303 302 300 299 298 296 295 294 292 291 289 288 287 284 291 289 287 285 283 281 279 276 274 271 269 265 262 261 248 247 247 246 245 245 244 243 243 242 241 241 240 239 239 238 237 236 236 235
429 428 429 428 428 426 426 425 425 424 423 423 422 422 325 325 324 323 323 322 321 320 319 319 318 317 317 315 314 314 313 312 312 310 309 308 308 306 305 304 304 302 301 304 302 301 300 300 298 297 295 294 293 291 290 288 286 285 283 282 288 286 285 282 281 278 276 273 271 268 266 262 260 259 245 245 244 244 243 242 242 241 240 240 239 238 238 237 236 235 235 234 233 232
426 426 425 425 424 424 423 423 422 422 421 421 420 323 323 322 322 321 320 320 318 318 317 316 316 315 314 313 312 311 311 310 308 308 307 306 305 304 303 302 300 299 298 298 300 299 298 296 295 294 292 291 290 288 287 285 284 283 280 279 277 283 281 279 277 275 272 270 267 265 261 258 257 244 243 242 242 241 241 240 239 239 238 237 236 236 235 234 233 233 232 231 230 229
424 424 423 423 422 422 421 420 420 419 419 418 322 321 320 320 319 319 318 317 316 315 315 314 313 313 311 310 310 309 308 307 306 305 304 304 302 301 300 299 298 297 296 294 293 292 294 294 293 291 290 289 287 286 284 282 281 279 278 275 274 280 278 277 274 272 269 267 264 261 258 255 255 241 241 240 239 239 238 237 237 236 235 235 234 233 232 232 231 230 229 228 227 227
422 421 421 420 420 419 419 418 418 417 416 320 319 319 318 318 317 315 315 314 314 313 312 312 311 309 309 308 307 307 305 304 303 303 302 300 299 299 298 296 295 294 293 292 291 290 288 287 289 288 287 285 284 283 281 280 277 276 274 273 271 277 275 273 271 268 266 263 261 257 253 253 239 239 238 237 237 236 235 235 234 233 233 232 231 230 230 229 228 227 226 225 225 224
419 419 418 418 417 417 416 416 415 415 318 318 317 316 316 314 314 313 312 312 311 311 310 308 308 307 306 306 305 303 302 302 301 300 299 298 297 296 294 294 293 291 290 289 288 286 285 284 283 282 284 282 281 279 278 276 275 274 271 270 268 274 272 270 267 265 262 260 257 253 251 250 237 236 235 235 234 233 233 232 231 231 230 229 228 228 227 226 225 224 223 222 222 221
417 417 416 416 415 415 414 413 413 316 316 314 314 313 312 312 311 311 310 309 309 307 306 306 305 305 304 303 301 301 300 299 298 297 296 295 294 293 292 291 289 288 288 286 285 284 282 281 280 278 277 276 278 277 275 273 271 270 269 266 265 270 269 266 264 261 258 256 252 249 248 235 234 233 233 232 231 231 230 229 228 228 227 226 225 225 224 223 222 221 220 219 218 217
414 413 413 412 412 411 411 410 314 313 312 312 311 311 310 309 309 308 308 306 305 305 304 303 303 302 300 300 299 298 298 296 295 294 294 292 291 290 289 288 287 286 284 283 282 280 279 278 276 275 273 272 271 269 272 270 268 266 265 262 261 267 265 262 260 257 255 251 248 246 245 232 231 231 230 229 228 228 227 226 226 225 224 223 222 222 221 220 219 218 217 216 215 214
412 411 410 410 409 409 408 312 311 311 310 309 309 308 308 306 306 305 304 304 303 302 302 300 299 299 298 297 297 295 294 293 293 291 290 289 289 287 286 285 283 282 282 280 279 278 276 275 274 272 271 269 268 266 264 263 265 263 261 260 257 255 261 259 256 254 251 247 244 243 230 229 228 228 227 226 226 225 224 223 223 222 221 220 219 218 217 217 216 215 214 213 212 211
409 409 408 408 407 407 310 309 308 307 307 306 306 305 304 304 303 303 302 301 300 299 298 298 297 296 295 294 293 292 292 290 289 288 288 286 285 284 283 282 281 280 278 277 276 274 273 271 270 269 267 266 264 263 262 259 258 256 258 256 254 252 257 255 252 250 246 243 241 240 227 226 225 225 224 223 222 222 221 220 219 219 218 217 216 215 214 213 212 211 210 209 208 207
406 405 405 404 404 307 307 306 305 305 304 304 303 303 302 300 300 299 298 298 297 297 296 294 294 293 292 291 290 289 288 288 287 285 284 283 282 281 280 279 277 276 275 274 273 272 270 269 267 266 265 262 261 259 258 256 254 252 250 248 250 248 254 251 248 245 241 239 238 224 224 223 222 222 221 220 219 218 218 217 216 215 214 213 212 212 211 210 209 208 206 205 204 203
402 402 401 402 304 304 303 303 302 302 301 300 300 299 299 298 297 297 296 294 294 293 292 292 291 289 289 288 287 287 285 284 283 283 281 280 279 277 276 276 275 273 272 270 269 268 266 265 264 262 261 259 258 255 254 252 250 248 247 244 242 240 250 247 243 241 237 235 235 221 220 220 219 218 218 217 216 215 214 213 213 212 211 210 209 208 207 206 205 204 203 201 200 199
400 400 303 303 302 301 301 300 300 299 299 298 296 296 295 295 294 293 293 292 291 290 289 288 288 287 286 285 284 283 282 281 280 279 278 276 276 275 273 272 271 269 268 267 265 265 263 261 260 258 257 255 254 252 250 248 247 244 243 240 238 235 240 238 235 236 233 232 219 218 217 216 216 215 214 213 212 212 211 210 209 208 207 206 205 204 203 202 201 200 198 197 196 195
397 300 300 299 299 298 297 297 296 296 295 295 294 293 293 291 291 290 289 289 288 287 286 285 284 284 283 281 280 280 279 278 276 276 275 273 272 271 269 269 268 266 265 264 262 261 259 258 257 255 254 251 250 248 247 244 243 240 239 236 233 231 236 234 230 226 226 216 215 214 214 213 212 211 211 210 209 208 207 206 205 204 203 202 201 200 199 198 196 195 194 193 191 190
297 297 296 296 295 295 294 294 293 292 292 291 291 290 289 289 287 287 286 285 285 284 283 282 281 280 279 279 277 276 275 275 273 272 271 269 269 268 266 265 264 262 261 260 258 257 255 254 252 251 250 248 246 244 243 240 238 236 234 232 229 226 224 228 225 223 222 208 208 207 210 209 208 208 207 206 205 204 203 202 201 200 199 198 197 196 194 193 192 191 189 188 186 185
294 294 293 292 292 291 291 290 290 289 288 288 287 287 286 285 284 283 282 282 281 280 280 278 277 277 276 275 273 273 272 271 269 269 268 266 265 264 262 261 261 259 258 256 255 254 252 251 248 247 245 244 242 240 238 236 234 231 230 227 225 222 219 224 220 219 205 205 204 203 202 201 205 204 203 202 201 200 199 198 197 196 194 193 192 191 190 188 187 185 184 182 181 179
291 290 290 289 288 288 287 287 286 286 285 284 284 283 283 282 280 280 279 278 278 277 275 275 274 273 272 271 270 269 268 267 266 265 263 262 262 260 259 258 256 255 254 252 251 249 248 246 245 243 241 239 238 235 234 232 229 227 225 223 220 217 214 218 216 215 202 201 200 199 198 197 196 195 194 197 196 195 194 193 192 191 190 188 187 186 184 183 181 180 178 176 174 172
287 287 286 286 285 285 284 283 283 282 282 281 280 280 278 278 277 276 276 275 274 273 272 271 270 270 268 267 266 266 264 263 262 261 260 259 257 256 255 253 252 251 249 248 246 245 243 242 240 239 237 235 233 232 229 227 225 222 220 218 214 211 208 213 212 198 197 197 196 195 194 193 192 191 190 189 188 187 189 188 187 186 184 183 181 180 178 177 175 173 171 169 167 165
284 283 283 282 282 281 281 280 279 279 278 277 276 275 275 274 273 273 272 270 270 269 268 268 266 265 264 264 262 261 260 260 258 257 256 254 253 253 251 250 248 247 245 244 243 241 240 237 236 234 232 230 228 227 224 222 220 217 214 212 209 205 201 209 195 194 193 192 191 190 189 188 187 186 185 184 183 181 180 179 177 180 178 177 175 173 172 170 168 165 163 161 158 155
280 279 278 278 277 277 276 276 275 274 274 273 273 272 271 271 269 268 268 267 266 266 264 263 262 262 260 259 258 258 256 255 254 252 252 251 249 248 246 245 244 242 241 239 238 236 235 233 231 229 227 226 223 222 219 217 215 212 209 206 202 200 197 196 190 189 188 187 186 185 184 183 182 181 180 178 177 176 174 173 171 169 168 166 168 166 164 161 158 156 152 148 143 134
276 276 275 274 274 273 273 272 272 271 269 269 268 267 267 266 266 265 263 263 262 261 260 259 258 257 256 255 254 253 251 251 250 248 247 246 244 243 241 240 239 238 236 234 233 231 230 228 226 224 222 221 218 216 213 212 209 206 203 200 197 193 192 178 185 184 183 182 181 180 179 177 176 175 173 172 170 169 167 165 164 162 159 157 155 152 149 149 144 137 130 130 130 130
272 271 271 270 269 269 268 268 267 267 266 265 264 263 262 262 261 260 260 258 257 257 256 255 253 253 252 250 249 249 247 246 245 243 242 242 240 239 237 236 234 233 231 230 228 227 224 223 221 219 217 215 212 210 208 205 203 200 196 194 190 188 187 173 180 179 177 176 175 174 172 171 170 168 166 165 163 161 159 157 154 152 149 145 141 134 126 126 126 126 126 130 130 130
267 267 266 266 265 264 264 263 263 262 261 261 259 259 258 257 257 256 254 254 253 252 251 250 249 248 247 246 245 244 242 241 240 239 238 236 235 233 232 230 229 227 226 224 223 221 219 217 215 213 211 209 206 204 202 199 196 193 190 186 183 182 168 167 173 172 171 170 168 167 165 163 162 160 158 156 153 151 148 144 140 133 126 126 126 126 126 126 126 126 126 126 126 126
263 262 262 261 261 260 259 259 257 257 256 255 255 254 253 253 252 250 250 249 248 247 246 245 244 243 242 241 239 239 238 236 235 233 232 231 229 228 227 226 223 221 220 218 217 215 213 211 209 207 204 202 200 198 195 192 189 186 182 178 176 162 161 160 166 165 163 162 160 158 156 154 152 149 146 142 137 126 126 126 126 126 126 126 126 126 126 126 126 126 126 126 126 126
258 257 256 256 255 255 254 253 253 252 252 251 250 249 248 247 247 246 244 244 243 242 241 240 239 238 236 236 235 233 232 230 229 228 227 225 224 222 221 219 218 216 214 213 210 208 207 205 202 200 197 195 192 190 187 184 180 177 173 170 169 154 153 151 150 156 154 151 149 146 143 139 132 126 126 126 126 126 126 126 126 126 126 126 126 126 126 126 126 126 126 126 126 126
252 252 251 250 250 249 249 248 247 247 246 245 245 243 243 242 241 240 239 238 237 237 235 234 233 232 231 230 228 227 226 225 223 222 220 219 217 216 214 212 211 209 207 206 204 201 199 197 194 192 189 187 184 181 178 174 171 166 163 161 146 144 142 140 137 142 138 131 126 126 126 126 126 126 126 126 126 126 126 126 126 126 126 126 126 126 126 126 126 126 126 126 126 126
247 246 246 245 244 244 243 243 242 240 240 239 238 238 237 236 235 234 233 233 231 230 229 228 227 226 224 223 222 221 219 218 216 215 213 212 210 208 207 205 203 201 199 197 196 193 191 188 185 183 180 178 174 171 167 163 158 153 151 135 131 127 118 118 118 126 126 126 126 126 126 126 126 126 126 126 126 126 126 126 126 126 126 126 126 126 126 126 126 126 126 126 126 126
240 240 239 238 238 237 237 236 235 234 233 233 232 231 231 229 228 227 227 225 224 224 222 221 220 218 218 216 215 213 212 210 209 208 206 204 202 201 199 197 195 192 190 188 186 183 180 178 174 171 168 165 160 155 149 142 132 131 131 118 118 118 118 118 118 126 126 126 126 126 126 126 126 126 126 126 126 126 126 126 126 126 126 126 126 126 126 126 126 126 126 126 126 126
233 232 232 231 230 230 229 229 228 227 226 225 224 224 223 221 221 220 219 218 217 215 214 213 212 211 209 207 206 205 203 202 200 198 196 194 192 190 188 186 184 181 178 175 172 169 164 160 154 146 144 142 140 138 136 133 131 131 118 118 118 118 118 118 118 126 126 126 126 126 126 126 126 126 126 126 126 126 126 126 126 126 126 126 126 126 126 126 126 126 126 126 126 126
224 224 223 223 222 221 221 220 219 218 217 217 216 215 214 213 212 210 210 208 207 205 205 203 202 200 199 197 196 194 192 190 187 185 183 180 177 175 171 167 161 156 155 153 152 151 149 148 146 145 143 141 139 137 134 131 131 118 118 118 118 118 118 118 118 118 126 126 126 126 126 126 126 126 126 126 126 126 126 126 126 126 126 126 126 126 126 126 126 126 126 126 126 126
213 212 212 211 210 210 209 209 208 207 206 205 204 203 202 200 200 198 197 195 194 192 190 188 187 185 182 179 176 171 166 165 165 164 163 162 161 160 158 157 156 155 154 152 151 150 148 147 145 143 142 140 137 135 132 131 131 118 118 118 118 118 118 118 118 118 126 126 126 126 126 126 126 126 126 126 126 126 126 126 126 126 126 126 126 126 126 126 126 126 126 126 126 126
187 187 186 186 185 184 184 183 182 182 181 181 180 179 178 178 177 176 176 175 174 173 173 172 171 170 169 168 168 167 166 165 164 163 162 161 160 159 158 157 155 154 153 152 150 149 147 146 144 142 140 138 136 133 131 131 118 118 118 118 118 118 118 118 118 118 126 126 126 126 126 126 126 126 126 126 126 126 126 126 126 126 126 126 126 126 126 126 126 126 126 126 126 126
187 186 186 185 185 184 183 183 182 181 181 180 179 179 178 177 176 176 175 174 174 173 172 171 170 169 169 168 167 166 165 164 163 162 161 160 159 158 157 156 154 153 152 151 149 148 146 144 143 141 139 136 134 131 131 118 118 118 118 118 118 118 118 118 118 118 126 126 126 126 126 126 126 126 126 126 126 126 126 126 126 126 126 126 126 126 126 126 126 126 126 126 126 126
186 186 185 185 184 183 183 182 181 181 180 179 179 178 177 177 176 175 174 174 173 172 171 171 170 169 168 167 166 165 164 163 162 161 160 159 158 157 156 155 154 152 151 150 148 147 145 143 141 139 137 135 132 131 131 118 118 118 118 118 118 118 118 118 118 118 118 126 126 126 126 126 126 126 126 126 126 126 126 126 126 126 126 126 126 126 126 126 126 126 126 126 126 126
186 185 185 184 184 183 182 182 181 180 180 179 178 178 177 176 175 175 174 173 172 172 171 170 169 168 167 166 166 165 164 163 162 161 160 159 157 156 155 154 153 151 150 149 147 145 144 142 140 138 135 133 131 131 118 118 118 118 118 118 118 118 118 118 118 118 118 126 126 126 126 126 126 126 126 126 126 126 126 126 126 126 126 126 126 126 126 126 126 126 126 126 126 126
185 185 184 184 183 182 182 181 180 180 179 178 178 177 176 176 175 174 173 172 172 171 170 169 168 168 167 166 165 164 163 162 161 160 159 158 157 155 154 153 152 150 149 147 146 144 142 140 138 136 133 131 131 118 118 118 118 118 118 118 118 118 118 118 118 118 118 126 126 126 126 126 126 126 126 126 126 126 126 126 126 126 126 126 126 126 126 126 126 126 126 126 126 126
