testData/tiles/oneDegree/grid34.0-34.0-35.0-35.0.asc
ncols   200
nrows   200
xllcorner   34.0
yllcorner   34.0
cellsize   0.005
NODATA_value   -9999.0
[rows 0 to 66 of 200, columns 0 to 95 of 200]
186 185 183 181 179 222 220 218 216 214 212 210 208 206 203 201 198 196 193 190 187 184 180 177 173 169 167 167 167 168 127 127 128 129 130 131 131 132 133 134 134 135 136 136 137 138 138 139 140 140 141 141 142 142 143 144 144 145 145 146 146 147 147 148 148 149 149 150 150 150 151 151 152 152 153 73 73 74 74 75 75 75 76 76 77 77 77 78 78 78 79 79 79 80 80 80
186 185 183 181 179 177 220 218 216 214 212 210 208 206 203 201 198 196 193 190 187 184 180 177 173 169 167 167 167 167 126 127 127 128 129 130 131 131 132 133 134 134 135 136 136 137 138 138 139 139 140 141 141 142 142 143 143 144 145 145 146 146 147 147 148 148 148 149 149 150 150 151 151 152 72 72 73 73 74 74 75 75 75 76 76 76 77 77 78 78 78 79 79 79 80 80
186 185 183 181 179 177 220 218 216 214 212 210 208 205 203 201 198 196 193 190 187 184 180 177 173 169 167 167 167 167 125 126 127 127 128 129 130 131 131 132 133 134 134 135 136 136 137 138 138 139 139 140 141 141 142 142 143 143 144 144 145 145 146 146 147 147 148 148 149 149 150 150 151 71 72 72 72 73 73 74 74 74 75 75 76 76 76 77 77 77 78 78 78 79 79 79
186 184 183 181 179 177 175 218 216 214 212 210 208 205 203 201 198 195 193 190 187 184 180 177 173 169 167 167 167 167 125 125 126 127 127 128 129 130 131 131 132 133 134 134 135 136 136 137 137 138 139 139 140 140 141 142 142 143 143 144 144 145 145 146 146 147 147 148 148 149 149 150 70 71 71 71 72 72 73 73 73 74 74 75 75 75 76 76 76 77 77 78 78 78 79 79
186 184 183 181 179 177 175 173 216 214 212 210 208 205 203 201 198 195 193 190 187 184 180 177 173 169 167 167 167 167 125 125 125 126 127 127 128 129 130 131 131 132 133 133 134 135 135 136 137 137 138 139 139 140 140 141 142 142 143 143 144 144 145 145 146 146 147 147 148 148 149 69 70 70 70 71 71 72 72 73 73 73 74 74 74 75 75 76 76 76 77 77 77 78 78 78
186 184 183 181 179 177 175 173 171 214 212 210 208 205 203 201 198 195 193 190 187 184 180 177 173 168 167 167 167 167 125 125 125 125 126 127 127 128 129 130 131 131 132 133 133 134 135 135 136 137 137 138 139 139 140 140 141 141 142 143 143 144 144 145 145 146 146 147 147 148 68 68 69 69 70 70 71 71 72 72 72 73 73 74 74 74 75 75 75 76 76 77 77 77 78 78
186 184 183 181 179 177 175 173 171 169 212 210 208 205 203 200 198 195 193 190 187 183 180 176 173 168 167 167 167 167 125 125 125 125 125 126 127 127 128 129 130 130 131 132 133 133 134 135 135 136 137 137 138 138 139 140 140 141 141 142 142 143 143 144 145 145 146 146 146 67 67 68 68 69 69 70 70 71 71 71 72 72 73 73 73 74 74 75 75 75 76 76 76 77 77 77
186 184 183 181 179 177 175 173 171 169 167 210 208 205 203 200 198 195 192 190 187 183 180 176 172 168 167 167 167 167 125 125 125 125 125 125 126 127 127 128 129 130 130 131 132 133 133 134 135 135 136 137 137 138 138 139 140 140 141 141 142 142 143 143 144 144 145 145 66 66 67 67 68 68 69 69 70 70 70 71 71 72 72 72 73 73 74 74 74 75 75 75 76 76 77 77
186 184 182 181 179 177 175 173 171 169 167 165 207 205 203 200 198 195 192 189 186 183 180 176 172 168 167 167 167 167 125 125 125 125 125 125 125 126 126 127 128 129 130 130 131 132 133 133 134 135 135 136 136 137 138 138 139 139 140 141 141 142 142 143 143 144 144 65 65 66 66 67 67 68 68 69 69 69 70 70 71 71 71 72 72 73 73 73 74 74 75 75 75 76 76 76
186 184 182 181 179 177 175 173 171 169 167 165 162 205 203 200 198 195 192 189 186 183 180 176 172 168 167 167 167 167 125 125 125 125 125 125 125 125 126 126 127 128 129 130 130 131 132 132 133 134 134 135 136 136 137 138 138 139 139 140 140 141 142 142 143 143 64 64 65 65 66 66 67 67 67 68 68 69 69 70 70 71 71 71 72 72 73 73 73 74 74 74 75 75 75 76
186 184 182 180 179 177 175 173 171 169 167 164 162 160 203 200 197 195 192 189 186 183 180 176 172 168 167 167 167 167 125 125 125 125 125 125 125 125 125 126 126 127 128 129 129 130 131 132 132 133 134 134 135 136 136 137 137 138 139 139 140 140 141 141 142 62 63 64 64 65 65 65 66 66 67 67 68 68 69 69 70 70 70 71 71 72 72 72 73 73 73 74 74 75 75 75
186 184 182 180 179 177 175 173 171 169 167 164 162 160 157 200 197 195 192 189 186 183 179 176 172 167 167 167 167 167 125 125 125 125 125 125 125 125 125 125 125 126 127 128 129 129 130 131 132 132 133 134 134 135 136 136 137 137 138 139 139 140 140 141 61 62 62 63 63 64 64 65 65 66 66 67 67 68 68 68 69 69 70 70 71 71 71 72 72 73 73 73 74 74 74 75
186 184 182 180 178 177 175 173 171 169 166 164 162 160 157 155 197 195 192 189 186 183 179 175 171 167 167 167 167 167 125 125 125 125 125 125 125 125 125 125 125 125 126 127 128 129 129 130 131 131 132 133 133 134 135 135 136 137 137 138 138 139 140 60 61 61 62 62 63 63 64 64 65 65 66 66 67 67 67 68 68 69 69 70 70 70 71 71 72 72 72 73 73 73 74 74
185 184 182 180 178 176 174 173 170 168 166 164 162 159 157 155 152 194 192 189 186 182 179 175 171 167 167 167 167 167 125 125 125 125 125 125 125 125 125 125 125 125 125 126 127 128 128 129 130 131 131 132 133 133 134 135 135 136 137 137 138 138 59 59 60 60 61 62 62 63 63 64 64 65 65 65 66 66 67 67 68 68 69 69 69 70 70 71 71 71 72 72 73 73 73 74
185 184 182 180 178 176 174 172 170 168 166 164 162 159 157 154 152 194 191 188 185 182 179 175 171 167 167 167 167 167 125 125 125 125 125 125 125 125 125 125 125 125 125 125 126 127 128 128 129 130 131 131 132 133 133 134 135 135 136 136 137 58 58 59 59 60 60 61 61 62 62 63 63 64 64 65 65 66 66 67 67 68 68 68 69 69 70 70 70 71 71 72 72 72 73 73
185 183 182 180 178 176 174 172 170 168 166 164 161 159 157 154 152 149 191 188 185 182 178 175 171 167 167 167 167 167 125 125 125 125 125 125 125 125 125 125 125 125 125 125 125 126 127 128 128 129 130 130 131 132 132 133 134 134 135 136 56 57 57 58 59 59 60 60 61 61 62 62 63 63 64 64 65 65 66 66 66 67 67 68 68 69 69 69 70 70 71 71 71 72 72 72
185 183 182 180 178 176 174 172 170 168 166 164 161 159 157 154 151 149 146 188 185 182 178 174 170 167 167 167 167 167 125 125 125 125 125 125 125 125 125 125 125 125 125 125 125 125 126 127 127 128 129 130 130 131 132 132 133 134 134 55 56 56 57 57 58 58 59 60 60 61 61 62 62 63 63 64 64 64 65 65 66 66 67 67 68 68 68 69 69 70 70 70 71 71 72 72
185 183 181 180 178 176 174 172 170 168 166 163 161 159 156 154 151 148 146 143 185 181 178 174 170 167 167 167 167 167 125 125 125 125 125 125 125 125 125 125 125 125 125 125 125 125 125 126 127 127 128 129 129 130 131 132 132 133 54 54 55 55 56 57 57 58 58 59 59 60 60 61 61 62 62 63 63 64 64 65 65 66 66 67 67 67 68 68 69 69 69 70 70 71 71 71
185 183 181 179 178 176 174 172 170 168 165 163 161 159 156 154 151 148 145 142 139 181 177 174 170 167 167 167 167 167 125 125 125 125 125 125 125 125 125 125 125 125 125 125 125 125 125 125 126 126 127 128 129 129 130 131 131 52 53 53 54 55 55 56 56 57 58 58 59 59 60 60 61 61 62 62 63 63 64 64 65 65 65 66 66 67 67 68 68 68 69 69 70 70 70 71
185 183 181 179 177 175 173 171 169 167 165 163 161 158 156 153 151 148 145 142 139 136 177 173 169 167 167 167 167 167 125 125 125 125 125 125 125 125 125 125 125 125 125 125 125 125 125 125 125 125 126 127 128 129 129 50 51 51 52 53 53 54 54 55 56 56 57 57 58 58 59 60 60 61 61 62 62 63 63 63 64 64 65 65 66 66 67 67 67 68 68 69 69 69 70 70
184 183 181 179 177 175 173 171 169 167 165 163 160 158 156 153 150 148 145 142 139 135 132 173 169 167 167 167 167 125 125 125 125 125 125 125 125 125 125 125 125 125 125 125 125 125 125 125 125 125 125 126 127 128 48 49 50 50 51 52 52 53 54 54 55 55 56 57 57 58 58 59 59 60 60 61 61 62 62 63 63 64 64 65 65 66 66 66 67 67 68 68 68 69 69 70
184 182 181 179 177 175 173 171 169 167 165 162 160 158 155 153 150 147 145 142 138 135 131 127 168 167 167 167 167 125 125 125 125 125 125 125 125 125 125 125 125 125 125 125 125 125 125 125 125 125 125 125 126 47 47 48 49 50 50 51 52 52 53 54 54 55 55 56 56 57 58 58 59 59 60 60 61 61 62 62 63 63 64 64 64 65 65 66 66 67 67 67 68 68 69 69
184 182 180 179 177 175 173 171 169 167 164 162 160 158 155 153 150 147 144 141 138 135 131 127 123 167 167 167 167 125 125 125 125 125 125 125 125 125 125 125 125 125 125 125 125 125 125 125 125 125 125 125 45 46 47 47 48 49 49 50 51 51 52 53 53 54 55 55 56 56 57 57 58 58 59 59 60 60 61 61 62 62 63 63 64 64 65 65 65 66 66 67 67 68 68 68
184 182 180 178 176 175 173 171 169 166 164 162 160 157 155 152 150 147 144 141 138 134 131 127 122 122 167 167 167 125 125 125 125 125 125 125 125 125 125 125 125 125 125 125 125 125 125 125 125 125 125 45 45 45 46 46 47 48 49 49 50 51 51 52 53 53 54 54 55 56 56 57 57 58 58 59 59 60 60 61 61 62 62 63 63 64 64 64 65 65 66 66 67 67 67 68
184 182 180 178 176 174 172 170 168 166 164 162 159 157 154 152 149 146 143 140 137 134 130 126 122 122 122 122 167 125 125 125 125 125 125 125 125 125 125 125 125 125 125 125 125 125 125 125 125 125 45 45 45 45 45 46 46 47 48 48 49 50 50 51 52 52 53 54 54 55 55 56 56 57 58 58 59 59 60 60 61 61 61 62 62 63 63 64 64 65 65 65 66 66 67 67
183 182 180 178 176 174 172 170 168 166 164 161 159 157 154 152 149 146 143 140 137 133 130 126 122 122 122 122 122 125 125 125 125 125 125 125 125 125 125 125 125 125 125 125 125 125 125 125 125 45 45 45 45 45 45 45 45 46 47 48 48 49 50 50 51 52 52 53 53 54 55 55 56 56 57 57 58 58 59 59 60 60 61 61 62 62 63 63 64 64 64 65 65 66 66 66
183 181 179 178 176 174 172 170 168 166 163 161 159 156 154 151 148 146 143 140 136 133 129 125 122 122 122 122 122 80 125 125 125 125 125 125 125 125 125 125 125 125 125 125 125 125 125 125 45 45 45 45 45 45 45 45 45 45 46 47 47 48 49 49 50 51 51 52 53 53 54 54 55 55 56 57 57 58 58 59 59 60 60 61 61 62 62 62 63 63 64 64 65 65 65 66
183 181 179 177 175 174 172 169 167 165 163 161 158 156 153 151 148 145 142 139 136 132 129 124 122 122 122 122 122 80 80 125 125 125 125 125 125 125 125 125 125 125 125 125 125 125 45 45 45 45 45 45 45 45 45 45 45 45 45 46 46 47 48 49 49 50 50 51 52 52 53 54 54 55 55 56 56 57 57 58 58 59 59 60 60 61 61 62 62 63 63 63 64 64 65 65
183 181 179 177 175 173 171 169 167 165 163 160 158 156 153 150 148 145 142 139 135 132 128 124 122 122 122 122 122 80 80 80 125 125 125 125 125 125 125 125 125 125 125 125 125 45 45 45 45 45 45 45 45 45 45 45 45 45 45 45 45 46 47 48 48 49 50 50 51 52 52 53 53 54 54 55 56 56 57 57 58 58 59 59 60 60 61 61 61 62 62 63 63 64 64 64
182 181 179 177 175 173 171 169 167 165 162 160 158 155 153 150 147 144 141 138 135 131 127 123 122 122 122 122 80 80 80 80 80 125 125 125 125 125 125 125 125 125 125 125 45 45 45 45 45 45 45 45 45 45 45 45 45 45 45 45 45 45 46 47 47 48 49 49 50 51 51 52 52 53 54 54 55 55 56 56 57 57 58 58 59 59 60 60 61 61 62 62 63 63 63 64
182 180 178 177 175 173 171 169 166 164 162 160 157 155 152 150 147 144 141 138 134 131 127 123 122 122 122 122 80 80 80 80 80 80 125 125 125 125 125 125 125 125 125 45 45 45 45 45 45 45 45 45 45 45 45 45 45 45 45 45 45 45 45 46 46 47 48 49 49 50 50 51 52 52 53 53 54 55 55 56 56 57 57 58 58 59 59 60 60 61 61 61 62 62 63 63
182 180 178 176 174 172 170 168 166 164 162 159 157 154 152 149 146 144 140 137 134 130 126 122 122 122 122 122 80 80 80 80 80 80 80 125 125 125 125 125 125 45 45 45 45 45 45 45 45 45 45 45 45 45 45 45 45 45 45 45 45 45 45 45 46 46 47 48 48 49 50 50 51 51 52 53 53 54 54 55 55 56 56 57 57 58 58 59 59 60 60 61 61 62 62 62
181 180 178 176 174 172 170 168 166 164 161 159 157 154 151 149 146 143 140 137 133 130 125 122 122 122 122 122 80 80 80 80 80 80 80 80 125 125 125 125 45 45 45 45 45 45 45 45 45 45 45 45 45 45 45 45 45 45 45 45 45 45 45 45 45 45 46 47 47 48 49 49 50 51 51 52 52 53 53 54 55 55 56 56 57 57 58 58 59 59 60 60 60 61 61 62
181 179 177 176 174 172 170 167 165 163 161 159 156 154 151 148 145 143 139 136 133 129 125 122 122 122 122 122 80 80 80 80 80 80 80 80 80 125 125 45 45 45 45 45 45 45 45 45 45 45 45 45 45 45 45 45 45 45 45 45 45 45 45 45 45 45 45 46 46 47 48 48 49 50 50 51 52 52 53 53 54 54 55 55 56 56 57 57 58 58 59 59 60 60 61 61
181 179 177 175 173 171 169 167 165 163 160 158 156 153 151 148 145 142 139 136 132 128 124 122 122 122 122 122 80 80 80 80 80 80 80 80 80 80 0 45 45 45 45 45 45 45 45 45 45 45 45 45 45 45 45 45 45 45 45 45 45 45 45 45 45 45 45 45 46 46 47 48 48 49 49 50 51 51 52 52 53 53 54 55 55 56 56 57 57 58 58 58 59 59 60 60
180 179 177 175 173 171 169 167 165 162 160 158 155 153 150 147 144 141 138 135 131 127 123 122 122 122 122 80 80 80 80 80 80 80 80 80 0 0 0 0 45 45 45 45 45 45 45 45 45 45 45 45 45 45 45 45 45 45 45 45 45 45 45 45 45 45 45 45 45 45 46 47 47 48 49 49 50 50 51 52 52 53 53 54 54 55 55 56 56 57 57 58 58 59 59 60
180 178 176 174 173 170 168 166 164 162 160 157 155 152 150 147 144 141 138 134 131 127 122 122 122 122 122 80 80 80 80 80 80 80 80 0 0 0 0 0 0 45 45 45 45 45 45 45 45 45 45 45 45 45 45 45 45 45 45 45 45 45 45 45 45 45 45 45 45 45 45 46 46 47 48 48 49 49 50 51 51 52 52 53 53 54 55 55 56 56 56 57 57 58 58 59
180 178 176 174 172 170 168 166 164 161 159 157 154 152 149 146 143 140 137 134 130 126 122 122 122 122 122 80 80 80 80 80 80 80 0 0 0 0 0 0 0 0 45 45 45 45 45 45 45 45 45 45 45 45 45 45 45 45 45 45 45 45 45 45 45 45 45 45 45 45 45 45 45 46 47 47 48 49 49 50 50 51 52 52 53 53 54 54 55 55 56 56 57 57 58 58
179 178 176 174 172 170 168 165 163 161 159 156 154 151 149 146 143 140 136 133 129 125 122 122 122 122 122 80 80 80 80 80 80 0 0 0 0 0 0 0 0 0 0 45 45 45 45 45 45 45 45 45 45 45 45 45 45 45 45 45 45 45 45 45 45 45 45 45 45 45 45 45 45 45 46 46 47 48 48 49 50 50 51 51 52 52 53 53 54 54 55 55 56 56 57 57
179 177 175 173 171 169 167 165 163 161 158 156 153 151 148 145 142 139 136 132 128 124 122 122 122 122 122 80 80 80 80 0 0 0 0 0 0 0 0 0 0 0 0 0 45 45 45 45 45 45 45 45 45 45 45 45 45 45 45 45 45 45 45 45 45 45 45 45 45 45 45 45 45 45 45 45 46 47 47 48 49 49 50 50 51 51 52 53 53 54 54 55 55 56 56 56
179 177 175 173 171 169 167 165 162 160 158 155 153 150 147 145 142 138 135 131 128 123 122 122 122 122 80 80 80 80 0 0 0 0 0 0 0 0 0 0 0 0 0 0 0 0 45 45 45 45 45 45 45 45 45 45 45 45 45 45 45 45 45 45 45 45 45 45 45 45 45 45 45 45 45 45 45 46 46 47 48 48 49 49 50 51 51 52 52 53 53 54 54 55 55 56
178 176 174 172 170 168 166 164 162 160 157 155 152 150 147 144 141 138 134 131 127 123 122 122 122 122 80 80 0 0 0 0 0 0 0 0 0 0 0 0 0 0 0 0 0 0 0 45 45 45 45 45 45 45 45 45 45 45 45 45 45 45 45 45 45 45 45 45 45 45 45 45 45 45 45 45 45 45 45 46 47 47 48 49 49 50 50 51 51 52 52 53 53 54 54 55
178 176 174 172 170 168 166 164 161 159 157 154 152 149 146 143 140 137 134 130 126 122 122 122 122 122 80 0 0 0 0 0 0 0 0 0 0 0 0 0 0 0 0 0 0 0 0 0 45 45 45 45 45 45 45 45 45 45 45 45 45 45 45 45 45 45 45 45 45 45 45 45 45 45 45 45 45 45 45 45 46 46 47 48 48 49 49 50 50 51 52 52 53 53 54 54
177 175 174 172 170 167 165 163 161 159 156 154 151 148 146 143 140 136 133 129 125 122 122 122 122 122 0 0 0 0 0 0 0 0 0 0 0 0 0 0 0 0 0 0 0 0 0 0 0 45 45 45 45 45 45 45 45 45 45 45 45 45 45 45 45 45 45 45 45 45 45 45 45 45 45 45 45 45 45 45 45 45 46 47 47 48 48 49 50 50 51 51 52 52 53 53
177 175 173 171 169 167 165 163 160 158 156 153 150 148 145 142 139 135 132 128 124 122 122 122 42 42 0 0 0 0 0 0 0 0 0 0 0 0 0 0 0 0 0 0 0 0 0 0 0 0 0 45 45 45 45 45 45 45 45 45 45 45 45 45 45 45 45 45 45 45 45 45 45 45 45 45 45 45 45 45 45 45 45 46 46 47 48 48 49 49 50 50 51 51 52 52
176 175 173 171 169 166 164 162 160 157 155 152 150 147 144 141 138 135 131 127 123 122 122 42 42 0 0 0 0 0 0 0 0 0 0 0 0 0 0 0 0 0 0 0 0 0 0 0 0 0 0 0 45 45 45 45 45 45 45 45 45 45 45 45 45 45 45 45 45 45 45 45 45 45 45 45 45 45 45 45 45 45 45 45 45 46 47 47 48 48 49 49 50 50 51 52
176 174 172 170 168 166 164 162 159 157 154 152 149 146 144 140 137 134 130 126 122 42 42 42 42 0 0 0 0 0 0 0 0 0 0 0 0 0 0 0 0 0 0 0 0 0 0 0 0 0 0 0 0 45 45 45 45 45 45 45 45 45 45 45 45 45 45 45 45 45 45 45 45 45 45 45 45 45 45 45 45 45 45 45 45 45 46 46 47 47 48 48 49 50 50 51
176 174 172 170 168 165 163 161 159 156 154 151 149 146 143 140 136 133 129 125 42 42 42 42 42 0 0 0 0 0 0 0 0 0 0 0 0 0 0 0 0 0 0 0 0 0 0 0 0 0 0 0 0 0 45 45 45 45 45 45 45 45 45 45 45 45 45 45 45 45 45 45 45 45 45 45 45 45 45 45 45 45 45 45 45 45 45 45 46 46 47 48 48 49 49 50
175 173 171 169 167 165 163 160 158 156 153 151 148 145 142 139 136 132 48 44 42 42 42 42 42 0 0 0 0 0 0 0 0 0 0 0 0 0 0 0 0 0 0 0 0 0 0 0 0 0 0 0 0 0 0 0 45 45 45 45 45 45 45 45 45 45 45 45 45 45 45 45 45 45 45 45 45 45 45 45 45 45 45 45 45 45 45 45 45 45 46 47 47 48 48 49
175 173 171 169 166 164 162 160 157 155 152 150 147 144 141 138 135 51 47 43 42 42 42 42 0 0 0 0 0 0 0 0 0 0 0 0 0 0 0 0 0 0 0 0 0 0 0 0 0 0 0 0 0 0 0 0 0 45 45 45 45 45 45 45 45 45 45 45 45 45 45 45 45 45 45 45 45 45 45 45 45 45 45 45 45 45 45 45 45 45 45 46 46 47 47 48
174 172 170 168 166 164 161 159 157 154 152 149 146 144 140 57 54 50 46 42 42 42 42 42 0 0 0 0 0 0 0 0 0 0 0 0 0 0 0 0 0 0 0 0 0 0 0 0 0 0 0 0 0 0 0 0 0 0 45 45 45 45 45 45 45 45 45 45 45 45 45 45 45 45 45 45 45 45 45 45 45 45 45 45 45 45 45 45 45 45 45 45 45 46 46 47
173 172 170 167 165 163 161 159 156 154 151 148 146 143 60 56 53 49 45 42 42 42 42 42 0 0 0 0 0 0 0 0 0 0 0 0 0 0 0 0 0 0 0 0 0 0 0 0 0 0 0 0 0 0 0 0 0 0 0 0 45 45 45 45 45 45 45 45 45 45 45 45 45 45 45 45 45 45 45 45 45 45 45 45 45 45 45 45 45 45 45 45 45 45 45 46
173 171 169 167 165 163 160 158 156 153 150 148 65 62 59 56 52 48 44 42 42 42 42 42 0 0 0 0 0 0 0 0 0 0 0 0 0 0 0 0 0 0 0 0 0 0 0 0 0 0 0 0 0 0 0 0 0 0 0 0 0 45 45 45 45 45 45 45 45 45 45 45 45 45 45 45 45 45 45 45 45 45 45 45 45 45 45 45 45 45 45 45 45 45 45 45
172 170 168 166 164 162 160 157 155 152 150 67 64 61 58 55 51 47 43 42 42 42 42 0 0 0 0 0 0 0 0 0 0 0 0 0 0 0 0 0 0 0 0 0 0 0 0 0 0 0 0 0 0 0 0 0 0 0 0 0 0 0 0 45 45 45 45 45 45 45 45 45 45 45 45 45 45 45 45 45 45 45 45 45 45 45 45 45 45 45 45 45 45 45 45 45
172 170 168 166 163 161 159 157 154 72 69 66 63 60 57 54 50 46 42 42 42 42 42 0 0 0 0 0 0 0 0 0 0 0 0 0 0 0 0 0 0 0 0 0 0 0 0 0 0 0 0 0 0 0 0 0 0 0 0 0 0 0 0 0 45 45 45 45 45 45 45 45 45 45 45 45 45 45 45 45 45 45 45 45 45 45 45 45 45 45 45 45 45 45 45 45
171 169 167 165 163 161 158 76 73 71 68 65 62 59 56 53 49 45 42 42 42 42 42 0 0 0 0 0 0 0 0 0 0 0 0 0 0 0 0 0 0 0 0 0 0 0 0 0 0 0 0 0 0 0 0 0 0 0 0 0 0 0 0 0 0 45 45 45 45 45 45 45 45 45 45 45 45 45 45 45 45 45 45 45 45 45 45 45 45 45 45 45 45 45 45 45
171 169 167 164 162 160 78 75 73 70 67 65 62 58 55 52 48 44 42 42 42 42 42 0 0 0 0 0 0 0 0 0 0 0 0 0 0 0 0 0 0 0 0 0 0 0 0 0 0 0 0 0 0 0 0 0 0 0 0 0 0 0 0 0 0 0 0 45 45 45 45 45 45 45 45 45 45 45 45 45 45 45 45 45 45 45 45 45 45 45 45 45 45 45 45 45
170 168 166 164 82 79 77 74 72 69 67 64 61 57 54 51 47 42 42 42 42 42 0 0 0 0 0 0 0 0 0 0 0 0 0 0 0 0 0 0 0 0 0 0 0 0 0 0 0 0 0 0 0 0 0 0 0 0 0 0 0 0 0 0 0 0 0 0 45 45 45 45 45 45 45 45 45 45 45 45 45 45 45 45 45 45 45 45 45 45 45 45 45 45 45 45
169 167 85 83 81 79 76 74 71 68 66 63 60 56 53 49 45 42 42 42 42 42 0 0 0 0 0 0 0 0 0 0 0 0 0 0 0 0 0 0 0 0 0 0 0 0 0 0 0 0 0 0 0 0 0 0 0 0 0 0 0 0 0 0 0 0 0 0 0 0 45 45 45 45 45 45 45 45 45 45 45 45 45 45 45 45 45 45 45 45 45 45 45 45 45 45
169 87 85 82 80 78 75 73 70 68 65 62 59 55 52 48 44 42 42 42 42 42 0 0 0 0 0 0 0 0 0 0 0 0 0 0 0 0 0 0 0 0 0 0 0 0 0 0 0 0 0 0 0 0 0 0 0 0 0 0 0 0 0 0 0 0 0 0 0 0 0 45 45 45 45 45 45 45 45 45 45 45 45 45 45 45 45 45 45 45 45 45 45 45 45 45
88 86 84 82 79 77 75 72 69 67 64 61 58 54 51 47 43 42 42 42 42 0 0 0 0 0 0 0 0 0 0 0 0 0 0 0 0 0 0 0 0 0 0 0 0 0 0 0 0 0 0 0 0 0 0 0 0 0 0 0 0 0 0 0 0 0 0 0 0 0 0 0 0 45 45 45 45 45 45 45 45 45 45 45 45 45 45 45 45 45 45 45 45 45 45 45
87 85 83 81 79 76 74 71 69 66 63 60 57 53 50 46 42 42 42 42 42 0 0 0 0 0 0 0 0 0 0 0 0 0 0 0 0 0 0 0 0 0 0 0 0 0 0 0 0 0 0 0 0 0 0 0 0 0 0 0 0 0 0 0 0 0 0 0 0 0 0 0 0 0 45 45 45 45 45 45 45 45 45 45 45 45 45 45 45 45 45 45 45 45 45 45
87 85 82 80 78 75 73 70 68 65 62 59 56 52 48 44 42 42 42 42 42 0 0 0 0 0 0 0 0 0 0 0 0 0 0 0 0 0 0 0 0 0 0 0 0 0 0 0 0 0 0 0 0 0 0 0 0 0 0 0 0 0 0 0 0 0 0 0 0 0 0 0 0 0 0 0 45 45 45 45 45 45 45 45 45 45 45 45 45 45 45 45 45 45 45 45
86 84 82 79 77 75 72 70 67 64 61 58 55 51 47 43 42 42 42 42 0 0 0 0 0 0 0 0 0 0 0 0 0 0 0 0 0 0 0 0 0 0 0 0 0 0 0 0 0 0 0 0 0 0 0 0 0 0 0 0 0 0 0 0 0 0 0 0 0 0 0 0 0 0 0 0 0 45 45 45 45 45 45 45 45 45 45 45 45 45 45 45 45 45 45 45
85 83 81 79 76 74 71 69 66 63 60 57 53 50 46 42 42 42 42 42 0 0 0 0 0 0 0 0 0 0 0 0 0 0 0 0 0 0 0 0 0 0 0 0 0 0 0 0 0 0 0 0 0 0 0 0 0 0 0 0 0 0 0 0 0 0 0 0 0 0 0 0 0 0 0 0 0 0 0 45 45 45 45 45 45 45 45 45 45 45 45 45 45 45 45 45
85 82 80 78 75 73 70 68 65 62 59 56 52 48 44 42 42 42 42 42 0 0 0 0 0 0 0 0 0 0 0 0 0 0 0 0 0 0 0 0 0 0 0 0 0 0 0 0 0 0 0 0 0 0 0 0 0 0 0 0 0 0 0 0 0 0 0 0 0 0 0 0 0 0 0 0 0 0 0 0 0 45 45 45 45 45 45 45 45 45 45 45 45 45 45 45
84 82 79 77 75 72 69 67 64 61 58 54 51 47 43 42 42 42 42 0 0 0 0 0 0 0 0 0 0 0 0 0 0 0 0 0 0 0 0 0 0 0 0 0 0 0 0 0 0 0 0 0 0 0 0 0 0 0 0 0 0 0 0 0 0 0 0 0 0 0 0 0 0 0 0 0 0 0 0 0 0 0 45 45 45 45 45 45 45 45 45 45 45 45 45 45
