testData/tiles/oneDegree/grid28.0-36.0-29.0-37.0.asc
ncols   200
nrows   200
xllcorner   28.0
yllcorner   36.0
cellsize   0.005
NODATA_value   -9999.0
[rows 76 to 113 of 200, columns 84 to 167 of 200]
1050 1049 1049 1049 1048 1049 1050 1049 1049 1049 1049 1049 1049 1049 1049 1050 1049 1049 1049 1048 1048 1050 1049 996 996 995 995 994 995 996 995 996 996 995 995 995 995 995 996 996 996 996 995 995 994 994 995 994 996 996 995 995 995 994 994 993 993 994 994 995 997 997 997 998 997 998 997 998 998 999 999 1000 1000 1000 1001 1001 1002 1001 1002 1002 1002 1002 1003 1002
1050 1050 1050 1050 1050 1049 1050 1051 1050 1050 1050 1049 1050 1051 1050 1050 1050 1049 1050 1049 1049 1050 1049 996 997 996 996 996 995 997 997 997 997 997 996 996 996 996 997 996 997 997 996 996 996 995 996 996 995 996 996 996 996 995 995 995 995 995 996 996 996 998 997 998 997 998 998 999 999 1000 999 1000 999 1000 1001 1000 1002 1002 1002 1002 1004 1003 1004 1003
1051 1051 1051 1050 1051 1051 1050 1051 1051 1051 1051 1050 1050 1050 1051 1051 1051 1050 1050 1050 1050 1051 998 997 997 997 996 997 998 997 998 997 997 997 997 997 998 997 997 998 997 997 997 996 998 997 997 997 996 997 997 996 996 996 996 996 997 996 997 996 997 999 998 999 1000 1000 1000 1001 1000 1001 1000 1001 1001 1001 1001 1002 1003 1004 1004 1004 1005 1004 1005 1005
1051 1052 1052 1051 1051 1051 1051 1052 1052 1051 1051 1052 1051 1051 1052 1051 1051 1052 1051 1051 1051 1050 998 999 998 998 997 998 998 997 999 999 998 998 999 998 998 998 998 999 999 998 998 998 998 998 997 997 998 997 998 998 998 998 997 997 997 996 997 997 997 997 1000 1000 1000 1000 1001 1002 1001 1002 1002 1002 1002 1002 1003 1004 1003 1005 1006 1005 1006 1006 1006 1006
1052 1052 1052 1053 1052 1052 1052 1052 1053 1053 1052 1052 1052 1051 1053 1053 1052 1052 1052 1052 1052 1051 999 999 998 999 1000 999 999 999 999 999 999 1000 1000 1000 999 999 998 998 999 999 1000 1000 999 999 999 998 998 997 999 999 998 999 999 998 998 998 998 998 999 999 1000 1000 1001 1002 1001 1002 1002 1002 1002 1003 1003 1004 1003 1004 1004 1004 1005 1005 1006 1006 1006 1006
1052 1054 1053 1053 1053 1053 1053 1053 1053 1053 1053 1053 1053 1052 1052 1053 1053 1053 1053 1052 1052 1052 999 1000 1001 1000 1000 1000 999 1000 999 1001 1001 1000 1000 1000 1000 1000 1000 1000 1001 1001 1000 1000 999 999 1000 999 1000 1000 999 1000 1000 999 999 998 998 998 999 999 1001 1000 1001 1002 1002 1002 1002 1003 1003 1004 1004 1005 1004 1005 1005 1005 1005 1005 1005 1007 1006 1007 1009 1008
1053 1054 1054 1054 1054 1053 1053 1053 1054 1054 1054 1053 1053 1054 1053 1054 1054 1053 1054 1054 1053 1053 1000 1001 1001 1001 1001 1001 1000 1000 1001 1001 1002 1002 1001 1001 1001 1000 1001 1000 1001 1002 1001 1001 1001 1000 1001 1001 1000 1000 1000 1001 1001 1000 1000 1000 1000 1000 1001 1000 1001 1000 1001 1001 1002 1002 1004 1003 1004 1005 1004 1005 1004 1005 1005 1005 1005 1006 1005 1007 1007 1008 1008 1008
1054 1054 1055 1054 1054 1055 1054 1054 1055 1054 1055 1055 1054 1054 1054 1054 1055 1055 1054 1054 1053 1055 1002 1002 1002 1002 1001 1002 1002 1002 1002 1002 1002 1002 1001 1002 1003 1002 1002 1002 1001 1002 1002 1001 1002 1003 1002 1002 1001 1001 1001 1000 1001 1001 1001 1001 1002 1001 1002 1001 1002 1002 1002 1002 1004 1004 1005 1004 1005 1005 1005 1006 1006 1006 1006 1007 1007 1008 1007 1008 1008 1009 1009 1010
1055 1054 1056 1056 1055 1055 1055 1055 1055 1056 1055 1055 1056 1055 1055 1054 1055 1055 1055 1055 1056 1055 1002 1002 1003 1003 1003 1003 1003 1002 1003 1003 1003 1003 1003 1003 1003 1003 1003 1003 1003 1002 1003 1003 1003 1003 1002 1002 1003 1002 1002 1002 1002 1003 1002 1002 1002 1001 1002 1002 1002 1002 1004 1003 1004 1004 1006 1006 1006 1006 1007 1006 1007 1007 1008 1009 1008 1009 1009 1009 1009 1009 1010 1011
1056 1056 1055 1056 1057 1056 1056 1055 1055 1057 1056 1056 1056 1055 1056 1056 1055 1056 1056 1056 1057 1057 1003 1003 1003 1003 1005 1004 1004 1004 1003 1003 1003 1004 1005 1005 1004 1004 1003 1003 1003 1002 1005 1005 1004 1004 1004 1003 1003 1002 1003 1003 1002 1004 1004 1003 1003 1003 1002 1003 1003 1004 1005 1004 1005 1005 1006 1006 1006 1006 1007 1007 1008 1008 1008 1008 1009 1009 1009 1009 1009 1010 1009 1010
1056 1056 1056 1057 1057 1056 1057 1057 1056 1056 1057 1057 1057 1057 1056 1056 1056 1057 1058 1057 1057 1057 1003 1004 1004 1005 1005 1005 1004 1005 1005 1004 1005 1004 1005 1005 1004 1005 1005 1004 1005 1005 1004 1005 1005 1004 1005 1004 1005 1005 1004 1004 1004 1003 1004 1003 1003 1003 1003 1004 1005 1005 1005 1006 1006 1006 1006 1007 1009 1008 1009 1009 1009 1009 1009 1009 1010 1009 1010 1010 1010 1012 1011 1012
1057 1057 1057 1057 1058 1058 1057 1057 1058 1057 1058 1058 1057 1058 1057 1057 1057 1057 1058 1059 1058 1058 1005 1004 1005 1007 1006 1006 1005 1005 1005 1005 1006 1006 1006 1006 1006 1005 1005 1006 1006 1006 1005 1005 1006 1005 1005 1006 1005 1005 1005 1005 1005 1004 1004 1005 1005 1005 1005 1005 1005 1005 1005 1006 1005 1006 1007 1007 1009 1008 1009 1009 1009 1009 1010 1009 1010 1010 1011 1011 1011 1011 1012 1011
1058 1058 1058 1058 1058 1058 1059 1058 1058 1057 1057 1059 1058 1058 1058 1058 1059 1059 1059 1059 1059 1005 1007 1006 1006 1006 1006 1006 1007 1006 1007 1007 1006 1006 1006 1007 1007 1007 1007 1007 1006 1006 1006 1005 1007 1008 1007 1007 1006 1006 1006 1005 1005 1005 1005 1005 1006 1006 1006 1006 1006 1007 1006 1007 1008 1008 1008 1008 1008 1010 1009 1010 1011 1010 1011 1011 1012 1012 1012 1012 1013 1012 1013 1012
1059 1058 1058 1059 1059 1059 1059 1058 1059 1059 1058 1059 1059 1059 1060 1060 1059 1059 1059 1060 1060 1007 1007 1007 1007 1007 1007 1007 1008 1008 1007 1008 1007 1007 1007 1007 1008 1008 1007 1008 1008 1007 1007 1006 1007 1008 1007 1007 1008 1007 1007 1007 1007 1007 1006 1006 1007 1006 1006 1007 1006 1007 1007 1008 1008 1009 1009 1010 1009 1010 1010 1011 1011 1012 1012 1013 1013 1013 1013 1013 1014 1013 1014 1014
1060 1060 1059 1059 1059 1060 1060 1060 1059 1059 1060 1059 1060 1060 1060 1061 1060 1060 1060 1060 1061 1009 1008 1008 1008 1007 1007 1009 1009 1009 1008 1008 1008 1007 1009 1009 1009 1009 1008 1008 1008 1007 1009 1009 1008 1008 1009 1008 1008 1007 1007 1008 1007 1008 1008 1007 1007 1008 1007 1007 1008 1009 1009 1009 1009 1010 1009 1010 1009 1010 1011 1012 1012 1013 1012 1013 1012 1013 1013 1013 1014 1014 1014 1014
1060 1060 1061 1060 1060 1061 1060 1061 1060 1060 1060 1059 1062 1062 1061 1061 1061 1061 1061 1062 1062 1009 1008 1009 1009 1008 1009 1009 1009 1009 1010 1009 1009 1010 1009 1009 1008 1010 1010 1009 1009 1010 1009 1009 1008 1008 1009 1009 1009 1010 1009 1009 1009 1008 1008 1007 1007 1007 1008 1008 1010 1009 1010 1009 1010 1011 1010 1011 1012 1012 1012 1012 1013 1014 1013 1014 1014 1014 1014 1014 1014 1016 1015 1016
1062 1061 1061 1060 1061 1061 1061 1061 1061 1061 1061 1062 1061 1062 1063 1062 1062 1061 1062 1062 1063 1010 1010 1009 1009 1010 1010 1010 1011 1010 1010 1009 1011 1011 1010 1010 1010 1010 1010 1011 1011 1011 1010 1010 1010 1009 1009 1011 1010 1010 1009 1010 1010 1009 1009 1009 1009 1009 1009 1009 1010 1009 1010 1010 1010 1010 1012 1011 1012 1012 1012 1013 1012 1014 1014 1014 1014 1014 1015 1016 1015 1016 1016 1016
1062 1061 1062 1062 1061 1061 1063 1062 1062 1062 1062 1063 1062 1063 1063 1062 1063 1064 1063 1063 1063 1010 1011 1012 1011 1011 1010 1010 1011 1011 1012 1012 1011 1011 1011 1010 1011 1010 1012 1012 1011 1011 1011 1010 1011 1011 1011 1011 1011 1011 1011 1010 1010 1010 1010 1010 1010 1010 1010 1009 1011 1011 1011 1011 1012 1012 1013 1012 1013 1013 1013 1013 1013 1013 1014 1016 1016 1017 1016 1017 1016 1017 1017 1017
1063 1063 1062 1062 1063 1062 1062 1062 1062 1064 1063 1063 1063 1063 1064 1064 1064 1064 1064 1064 1064 1011 1012 1012 1011 1012 1012 1011 1011 1012 1012 1013 1012 1012 1012 1011 1012 1012 1011 1013 1013 1012 1012 1011 1012 1012 1011 1011 1012 1012 1012 1011 1011 1012 1011 1011 1011 1010 1010 1010 1010 1011 1012 1012 1014 1013 1014 1014 1014 1014 1014 1014 1016 1015 1016 1015 1017 1017 1017 1017 1018 1017 1018 1018
1062 1064 1063 1063 1063 1062 1063 1064 1064 1064 1064 1064 1064 1064 1064 1065 1065 1065 1065 1064 1064 1013 1013 1013 1013 1012 1012 1013 1013 1013 1013 1013 1013 1012 1013 1014 1013 1013 1012 1013 1013 1012 1013 1014 1013 1013 1013 1012 1012 1011 1012 1013 1012 1013 1013 1012 1012 1011 1011 1011 1011 1012 1013 1013 1014 1013 1014 1014 1014 1014 1016 1015 1016 1015 1016 1016 1016 1017 1018 1017 1018 1017 1018 1019
1063 1064 1064 1064 1064 1064 1063 1064 1066 1065 1065 1064 1064 1066 1065 1066 1066 1065 1066 1066 1066 1013 1013 1013 1014 1013 1013 1014 1013 1013 1014 1014 1014 1014 1014 1014 1013 1014 1014 1013 1014 1015 1014 1014 1013 1013 1014 1013 1013 1014 1013 1014 1013 1013 1013 1012 1012 1012 1012 1012 1012 1013 1013 1014 1014 1015 1014 1015 1015 1016 1016 1016 1017 1017 1017 1017 1017 1017 1018 1018 1020 1020 1020 1020
1064 1064 1065 1065 1064 1065 1065 1065 1066 1065 1066 1066 1066 1066 1066 1066 1067 1067 1066 1067 1014 1014 1014 1014 1014 1014 1015 1015 1015 1014 1014 1013 1014 1016 1015 1015 1015 1014 1014 1013 1014 1016 1015 1015 1015 1014 1014 1014 1014 1014 1013 1015 1015 1014 1014 1014 1014 1014 1013 1013 1013 1013 1013 1014 1014 1015 1015 1016 1016 1016 1016 1017 1016 1018 1017 1018 1018 1019 1018 1018 1020 1020 1020 1020
1065 1064 1065 1066 1065 1066 1066 1066 1066 1067 1066 1067 1068 1067 1067 1066 1067 1068 1068 1068 1015 1014 1014 1015 1015 1016 1015 1015 1015 1015 1015 1016 1016 1016 1016 1015 1016 1015 1015 1016 1015 1015 1016 1015 1015 1015 1016 1016 1015 1015 1015 1014 1015 1014 1014 1015 1015 1015 1015 1014 1014 1014 1014 1015 1015 1017 1017 1017 1017 1017 1017 1018 1017 1018 1018 1019 1019 1019 1019 1020 1019 1020 1021 1021
1066 1066 1065 1066 1067 1067 1067 1067 1066 1067 1067 1068 1068 1067 1068 1068 1067 1069 1069 1069 1016 1015 1015 1016 1015 1017 1017 1016 1016 1016 1016 1016 1016 1017 1017 1016 1016 1017 1016 1017 1017 1016 1016 1016 1016 1017 1016 1016 1016 1016 1016 1015 1015 1017 1016 1016 1016 1015 1015 1014 1014 1014 1015 1015 1017 1016 1018 1018 1018 1019 1018 1019 1019 1020 1020 1020 1020 1021 1020 1021 1020 1021 1021 1022
1066 1066 1067 1068 1068 1067 1067 1068 1067 1067 1069 1069 1069 1069 1068 1068 1070 1070 1070 1069 1016 1016 1017 1017 1017 1017 1017 1016 1017 1018 1017 1017 1017 1016 1017 1018 1018 1018 1017 1017 1017 1016 1016 1018 1018 1018 1017 1017 1017 1016 1016 1017 1016 1016 1017 1017 1017 1016 1016 1016 1016 1016 1016 1016 1017 1016 1017 1018 1018 1018 1019 1019 1020 1019 1020 1020 1020 1020 1020 1021 1021 1021 1022 1022
1067 1067 1067 1067 1069 1069 1068 1068 1068 1069 1069 1070 1069 1069 1069 1070 1070 1069 1070 1071 1017 1018 1018 1017 1018 1017 1018 1018 1018 1018 1018 1018 1018 1017 1017 1019 1018 1018 1019 1018 1018 1018 1018 1018 1018 1018 1018 1018 1018 1018 1018 1018 1017 1017 1017 1017 1017 1017 1017 1017 1017 1017 1018 1017 1018 1017 1018 1018 1019 1020 1021 1020 1021 1020 1021 1021 1021 1021 1022 1022 1023 1022 1023 1023
1068 1067 1069 1069 1068 1069 1070 1069 1070 1069 1069 1071 1070 1070 1071 1070 1071 1071 1070 1071 1018 1019 1019 1018 1018 1018 1017 1020 1020 1019 1019 1018 1018 1019 1019 1020 1020 1019 1019 1018 1018 1020 1019 1019 1019 1019 1019 1018 1019 1019 1018 1019 1019 1018 1018 1017 1018 1019 1018 1018 1018 1017 1017 1017 1018 1018 1019 1019 1020 1019 1021 1021 1022 1022 1022 1022 1022 1023 1024 1023 1023 1023 1023 1023
1069 1070 1069 1069 1069 1070 1070 1070 1071 1071 1070 1070 1071 1072 1072 1071 1071 1071 1071 1073 1020 1019 1019 1020 1019 1019 1019 1020 1020 1020 1020 1020 1020 1020 1019 1019 1021 1020 1020 1020 1020 1020 1020 1019 1019 1019 1020 1021 1020 1020 1020 1019 1019 1018 1018 1019 1019 1019 1019 1019 1019 1018 1018 1019 1019 1020 1019 1020 1020 1020 1020 1022 1021 1022 1022 1023 1023 1023 1023 1023 1024 1024 1024 1024
1070 1071 1070 1070 1070 1069 1072 1072 1071 1071 1072 1071 1072 1072 1072 1073 1072 1072 1073 1019 1021 1020 1020 1020 1019 1020 1021 1020 1021 1021 1020 1021 1021 1021 1021 1020 1020 1021 1021 1021 1021 1021 1021 1020 1020 1020 1020 1021 1020 1021 1021 1020 1020 1020 1020 1020 1019 1019 1019 1019 1019 1019 1019 1020 1020 1021 1021 1021 1021 1021 1021 1022 1022 1024 1024 1024 1024 1024 1024 1025 1024 1025 1025 1025
1071 1071 1071 1071 1071 1072 1072 1072 1072 1072 1072 1072 1073 1074 1073 1073 1073 1074 1074 1020 1020 1021 1020 1021 1022 1021 1021 1020 1021 1022 1022 1022 1022 1021 1021 1021 1021 1022 1022 1022 1022 1021 1021 1021 1022 1022 1021 1021 1022 1021 1021 1020 1021 1021 1021 1021 1021 1020 1020 1019 1020 1021 1020 1021 1021 1021 1021 1021 1021 1022 1022 1023 1022 1023 1024 1024 1024 1025 1024 1025 1024 1026 1026 1026
1071 1072 1072 1071 1072 1073 1072 1073 1073 1072 1074 1074 1073 1073 1074 1074 1075 1074 1074 1022 1021 1021 1022 1022 1022 1022 1022 1022 1021 1022 1023 1023 1023 1022 1022 1022 1022 1022 1023 1023 1023 1022 1022 1023 1022 1022 1022 1022 1022 1022 1022 1023 1022 1022 1022 1021 1021 1020 1020 1021 1021 1022 1021 1021 1022 1021 1022 1022 1023 1023 1023 1023 1024 1023 1024 1024 1025 1025 1025 1026 1027 1026 1027 1026
1072 1072 1072 1074 1073 1073 1073 1073 1074 1074 1074 1074 1074 1074 1074 1075 1076 1076 1075 1022 1021 1021 1024 1023 1023 1023 1022 1023 1023 1023 1023 1023 1023 1023 1023 1024 1023 1023 1023 1022 1023 1024 1024 1024 1023 1023 1023 1022 1022 1023 1023 1024 1023 1023 1023 1022 1022 1023 1022 1022 1021 1021 1022 1021 1022 1022 1023 1023 1023 1023 1024 1024 1025 1024 1025 1025 1026 1026 1028 1027 1027 1026 1027 1027
1073 1073 1073 1074 1073 1074 1074 1073 1075 1076 1075 1075 1075 1074 1076 1075 1076 1076 1075 1023 1023 1023 1023 1024 1024 1024 1023 1024 1024 1023 1024 1024 1024 1024 1024 1024 1024 1024 1024 1024 1023 1025 1024 1024 1024 1024 1024 1024 1024 1024 1023 1024 1024 1023 1023 1022 1024 1024 1023 1023 1023 1022 1022 1021 1023 1024 1024 1024 1025 1024 1025 1024 1025 1025 1026 1026 1026 1026 1027 1026 1028 1028 1028 1028
1073 1073 1074 1075 1075 1074 1074 1075 1075 1076 1076 1076 1076 1075 1076 1076 1077 1077 1077 1023 1024 1024 1024 1024 1024 1024 1026 1025 1025 1024 1024 1024 1025 1026 1026 1025 1025 1024 1024 1025 1025 1025 1026 1025 1025 1024 1024 1025 1024 1025 1025 1024 1025 1024 1025 1025 1024 1024 1024 1023 1023 1022 1022 1023 1023 1025 1024 1025 1025 1025 1025 1026 1026 1027 1026 1027 1027 1027 1027 1027 1027 1029 1028 1029
1074 1075 1075 1075 1076 1076 1075 1076 1076 1076 1077 1076 1076 1078 1077 1077 1076 1077 1025 1025 1025 1025 1024 1025 1025 1026 1026 1025 1025 1026 1025 1026 1026 1026 1026 1025 1026 1026 1026 1026 1026 1025 1025 1026 1026 1027 1026 1026 1025 1025 1025 1024 1024 1025 1026 1026 1025 1025 1025 1024 1024 1025 1024 1024 1023 1024 1025 1025 1025 1025 1026 1027 1026 1027 1027 1027 1027 1027 1027 1028 1027 1029 1028 1030
1076 1075 1076 1075 1076 1076 1077 1077 1077 1076 1077 1078 1078 1078 1077 1078 1078 1077 1026 1026 1026 1026 1025 1025 1026 1025 1027 1027 1026 1026 1026 1026 1027 1026 1027 1027 1026 1027 1026 1027 1027 1026 1026 1026 1027 1027 1026 1027 1027 1026 1026 1027 1026 1026 1025 1026 1026 1025 1025 1025 1026 1026 1025 1025 1025 1024 1025 1024 1027 1027 1027 1027 1027 1027 1028 1027 1028 1028 1028 1029 1029 1029 1030 1029
1077 1076 1076 1076 1076 1078 1078 1077 1078 1077 1077 1079 1079 1079 1079 1078 1078 1079 1026 1027 1026 1026 1027 1027 1027 1027 1026 1027 1027 1028 1028 1027 1027 1026 1027 1028 1028 1028 1028 1027 1027 1026 1027 1028 1027 1028 1028 1027 1027 1026 1027 1028 1027 1027 1027 1026 1027 1026 1027 1027 1026 1026 1025 1025 1025 1024 1026 1026 1026 1026 1028 1028 1029 1028 1029 1028 1030 1030 1030 1030 1031 1029 1030 1029
1077 1078 1077 1077 1077 1078 1079 1078 1078 1078 1079 1079 1080 1079 1080 1079 1080 1080 1026 1027 1028 1027 1028 1027 1027 1028 1027 1028 1029 1028 1028 1028 1028 1028 1027 1028 1029 1029 1029 1028 1028 1028 1028 1028 1028 1028 1029 1028 1028 1029 1028 1028 1027 1027 1027 1026 1027 1029 1028 1028 1027 1027 1027 1026 1026 1026 1027 1027 1027 1027 1028 1028 1029 1028 1030 1030 1030 1030 1030 1030 1031 1030 1030 1031
