testData/tiles/oneDegree/grid48.0-28.0-49.0-29.0.asc
ncols   200
nrows   200
xllcorner   48.0
yllcorner   28.0
cellsize   0.005
NODATA_value   -9999.0
[rows 126 to 167 of 200, columns 0 to 93 of 200]
744 743 742 740 739 737 736 734 734 732 731 730 729 729 726 725 723 723 722 721 719 717 715 714 711 709 707 705 703 702 702 703 702 702 702 703 703 704 704 705 643 643 643 644 644 645 644 645 645 645 645 645 645 646 645 646 644 644 645 645 644 644 645 644 644 643 644 644 644 643 643 642 643 722 722 722 723 720 721 721 720 720 721 718 719 719 718 718 718 716 717 715 716 715
744 743 741 740 738 738 736 735 733 733 731 730 728 728 726 726 724 723 721 721 719 718 715 713 711 709 707 706 703 703 702 703 703 704 703 704 704 705 705 644 644 644 644 645 645 646 646 644 645 645 646 645 645 645 646 645 645 645 645 645 645 645 645 645 644 644 645 645 644 643 644 643 643 643 643 641 642 641 642 721 721 721 720 719 720 719 719 719 717 717 717 716 717 715
744 742 741 740 739 737 737 735 734 732 731 730 728 728 726 726 724 723 721 720 717 717 715 714 711 709 706 705 702 703 703 704 704 705 704 704 705 704 705 644 645 644 645 645 646 645 646 645 645 645 646 646 646 645 646 646 645 645 646 646 645 645 645 645 645 645 646 644 644 644 645 643 644 644 642 642 643 643 642 642 641 640 641 640 720 720 718 718 719 717 718 717 716 716
743 743 741 740 739 738 736 735 733 732 730 729 729 728 726 725 723 724 721 720 718 716 714 714 712 709 707 703 702 702 703 703 704 704 705 704 705 705 706 645 646 645 646 644 645 645 646 645 646 646 647 646 646 646 646 646 646 646 646 646 646 645 646 646 646 645 645 645 645 644 645 644 644 643 644 643 643 643 643 642 642 641 642 640 641 639 639 639 639 638 639 716 717 716
744 742 742 740 739 738 736 734 733 732 730 730 728 728 727 725 723 721 721 719 718 716 714 712 711 708 706 703 703 703 704 704 705 704 705 704 705 705 706 645 646 645 645 645 646 646 647 646 647 646 647 647 646 646 647 647 648 646 647 646 647 646 647 647 645 645 646 646 645 645 646 644 644 644 645 643 644 643 642 642 643 641 642 640 640 640 640 639 640 638 638 637 637 637
744 743 741 741 739 737 735 735 733 732 731 729 729 727 725 724 723 721 720 718 718 716 715 711 710 707 705 702 704 704 705 704 705 705 706 705 706 706 646 646 646 645 646 646 647 647 648 646 647 646 647 647 647 647 648 647 648 646 647 647 648 647 646 646 646 646 647 646 646 645 645 644 645 645 645 643 644 643 643 643 643 642 642 640 641 641 640 640 640 638 639 637 638 637
744 743 741 739 739 737 736 734 734 732 730 729 728 726 725 724 724 722 721 719 717 714 714 712 710 708 705 703 704 703 704 704 706 706 707 706 707 707 646 646 647 646 647 647 648 647 647 646 647 647 648 648 648 647 648 647 648 647 648 648 648 646 647 647 647 646 647 646 646 645 646 645 646 645 645 644 644 644 644 643 643 642 642 641 642 641 639 640 639 639 638 638 637 637
743 742 741 740 738 738 736 735 733 731 730 728 727 727 726 724 723 721 721 718 717 714 713 711 710 708 705 703 704 704 705 705 706 706 706 706 706 706 646 646 647 646 647 647 647 647 648 647 648 648 649 648 648 647 648 648 648 648 648 647 648 647 648 648 647 646 647 647 646 646 647 646 645 645 646 644 644 645 642 643 643 642 642 642 640 641 639 640 640 639 638 638 637 638
744 742 741 740 739 737 736 734 732 731 730 728 728 726 725 724 723 720 719 717 717 715 713 711 710 705 703 704 705 705 706 706 707 707 706 706 707 646 647 647 648 647 647 647 648 648 649 648 649 648 648 648 648 648 649 649 649 647 648 648 648 648 648 647 647 647 647 647 646 647 645 645 645 646 644 645 644 644 643 644 642 643 642 641 641 641 640 641 639 639 639 638 638 638
743 743 741 740 739 737 735 734 733 731 730 728 728 726 724 723 723 721 720 717 716 714 714 710 709 705 704 704 705 705 707 707 707 707 707 707 708 647 648 648 648 647 648 648 649 649 650 647 648 648 649 649 649 649 650 648 647 648 648 649 648 648 647 648 647 647 647 648 646 646 646 646 646 646 645 645 644 644 644 644 643 643 642 642 641 642 640 640 639 639 639 639 637 637
744 742 742 739 738 736 736 734 732 732 730 728 726 726 725 723 722 720 720 718 716 713 712 709 708 705 705 705 706 706 706 706 707 706 707 708 709 648 648 648 648 648 648 648 649 648 647 648 648 649 649 649 649 648 648 649 648 649 649 649 647 648 648 649 647 648 647 648 646 647 647 646 646 646 645 645 645 645 644 644 643 643 643 642 642 642 640 641 639 640 639 638 638 637
743 742 740 739 738 737 735 734 733 731 728 728 727 725 724 723 722 720 719 716 716 713 712 708 707 704 706 705 706 706 707 707 708 707 708 708 646 647 647 648 647 648 648 648 648 649 648 649 649 650 650 648 648 649 649 650 649 649 648 649 648 649 648 649 647 648 647 647 647 648 647 646 646 646 645 646 646 644 644 644 643 644 643 642 642 642 641 641 639 640 639 639 638 638
742 741 741 739 737 737 735 734 732 730 729 727 727 725 724 722 722 719 718 716 715 714 711 709 707 704 704 705 705 707 707 708 707 707 707 708 647 648 648 649 648 648 648 649 649 649 649 650 649 649 649 649 649 650 650 650 648 649 649 649 649 649 648 648 648 648 648 648 648 647 646 647 646 647 646 645 645 645 644 645 644 643 643 643 642 642 641 641 640 640 639 638 638 637
743 741 740 739 738 735 735 733 731 731 729 727 726 726 724 722 720 719 718 716 714 712 709 708 705 705 705 706 706 707 707 707 706 708 708 709 648 649 649 648 648 649 649 650 649 649 649 649 649 650 649 650 650 651 649 649 649 650 650 649 648 649 649 649 648 649 649 648 647 648 647 647 647 646 645 646 646 645 645 644 643 643 643 642 643 640 641 641 640 640 638 638 639 637
742 742 740 738 737 736 734 734 732 730 728 728 725 724 722 722 720 719 717 716 713 711 708 707 704 706 706 707 707 707 707 707 707 708 708 648 648 648 647 648 648 649 649 650 648 649 649 650 650 651 650 651 649 650 649 650 650 651 649 649 649 650 649 649 649 649 647 648 648 649 647 647 647 645 646 646 645 644 645 643 644 644 643 642 642 641 642 640 640 639 639 638 638 637
742 740 740 738 737 736 735 733 732 729 728 726 725 724 722 721 720 719 715 714 711 711 708 707 705 706 706 706 707 708 707 708 708 709 709 648 648 648 648 649 649 650 649 650 649 650 650 651 651 649 649 650 650 651 650 651 649 650 649 650 650 650 649 648 649 648 648 648 649 646 647 647 647 646 647 645 645 645 645 644 645 643 643 642 642 642 641 640 640 640 639 639 638 637
742 741 739 739 737 736 735 732 731 729 728 726 724 724 723 721 717 716 715 714 711 710 707 707 705 706 706 707 707 707 707 709 708 709 709 649 649 649 649 650 649 650 650 650 650 651 650 650 649 650 650 651 651 651 649 649 650 650 650 649 650 649 649 649 649 648 649 647 648 647 648 647 647 646 646 645 646 645 645 644 644 643 643 643 642 641 642 640 641 639 639 639 638 638
742 741 740 738 736 735 733 733 731 729 727 727 724 722 720 720 718 716 714 714 712 710 706 705 705 707 707 707 707 708 707 708 708 709 648 649 648 650 649 650 649 650 649 650 650 649 650 650 650 650 651 651 650 649 650 650 651 650 650 649 650 649 649 649 650 648 648 648 648 648 648 647 647 646 647 646 646 645 644 644 645 643 643 643 642 642 641 641 640 639 640 690 691 689
741 739 738 736 735 734 733 731 729 728 727 724 723 722 720 719 718 717 714 712 710 709 706 706 706 707 706 708 707 708 708 709 709 710 648 647 648 648 649 649 650 649 650 649 650 650 651 650 651 651 650 650 650 650 651 651 649 649 650 650 650 649 650 649 649 648 649 649 648 647 648 647 647 647 647 645 646 645 645 645 643 643 644 642 643 694 692 692 692 692 691 690 689 689
739 739 737 737 735 734 733 731 728 727 726 724 722 722 720 719 717 716 713 712 710 708 706 707 706 706 706 706 707 707 709 709 710 708 648 648 649 649 650 650 649 649 650 650 651 651 651 649 650 650 651 650 651 651 651 650 650 650 651 651 650 649 650 650 649 649 650 647 648 648 649 647 648 647 646 646 646 645 644 644 695 696 695 695 693 693 692 693 692 691 691 690 690 688
740 738 738 736 735 734 731 730 729 727 725 724 722 721 718 718 716 714 713 711 710 707 705 704 706 706 707 707 708 708 708 708 708 647 649 649 650 650 650 649 650 650 651 650 651 649 650 650 651 651 651 651 651 650 651 650 651 651 650 649 650 650 650 649 649 649 649 648 649 648 646 647 646 646 646 698 696 697 696 696 696 695 694 694 694 693 693 693 691 692 690 690 689 689
740 739 737 735 734 732 732 730 728 727 725 724 722 720 719 716 716 714 713 709 707 705 705 705 706 706 708 708 708 708 708 708 709 648 649 648 649 649 649 649 650 650 651 650 650 650 651 651 652 650 651 650 651 651 651 651 650 650 650 650 650 650 648 649 649 649 648 649 647 647 647 699 699 699 697 698 697 697 697 695 695 696 694 695 692 693 693 692 692 691 690 690 689 689
738 738 736 735 734 733 731 730 728 726 725 723 721 720 719 716 714 712 711 708 707 704 706 706 707 706 707 707 707 708 709 709 649 648 649 649 649 649 650 650 650 650 651 650 651 651 652 651 650 650 651 651 651 651 650 650 650 650 650 651 649 650 649 650 649 649 700 700 700 700 699 700 698 698 698 698 697 697 695 696 696 695 694 694 693 694 693 692 691 691 690 690 688 688
739 737 737 735 733 733 730 728 728 725 723 722 720 718 717 715 713 711 710 708 707 705 706 705 707 707 707 707 708 708 708 708 649 649 650 649 650 650 650 650 651 651 651 651 651 650 650 650 650 651 651 651 650 650 650 651 651 651 649 650 650 650 701 702 700 701 700 701 700 699 699 699 698 699 699 697 697 697 696 697 695 695 694 694 694 692 692 691 692 690 690 688 689 687
737 737 735 733 732 730 729 728 726 725 723 721 719 717 716 714 714 711 710 707 706 705 706 706 706 706 708 708 708 708 709 709 649 648 648 648 648 649 649 650 649 650 649 650 650 651 650 651 651 651 651 650 650 651 651 651 650 650 702 703 702 701 701 702 701 701 701 700 699 700 700 699 699 699 697 698 697 696 696 695 695 694 695 693 693 692 692 692 690 690 689 689 688 687
736 735 734 733 732 730 729 728 726 723 722 720 718 716 716 714 713 710 709 706 705 704 706 706 707 706 706 707 708 709 709 648 648 648 648 649 649 650 650 650 649 650 650 651 651 651 650 651 651 651 650 651 651 651 651 702 702 703 703 702 701 702 702 701 701 701 700 700 700 700 698 698 699 697 698 697 696 696 696 695 695 694 694 693 694 691 692 690 691 690 689 688 688 687
737 735 734 733 731 731 728 726 725 723 721 720 718 716 714 713 712 708 706 705 704 705 704 705 706 707 707 708 708 708 707 648 648 649 649 650 650 649 649 650 650 651 651 651 650 651 650 651 651 651 650 703 703 702 702 703 702 703 701 702 702 702 700 700 701 700 700 700 700 698 699 699 698 697 697 696 697 696 695 694 695 694 694 693 692 692 692 691 690 689 689 689 687 687
736 736 734 731 731 729 727 726 724 724 721 719 716 714 712 711 710 708 706 704 704 705 705 706 706 708 708 707 707 708 708 648 648 649 648 649 649 650 650 651 651 651 649 650 650 651 651 651 702 703 703 704 702 702 702 702 703 701 702 702 702 700 701 701 700 699 700 700 699 699 699 697 698 697 698 697 696 696 695 695 695 693 694 692 693 692 690 690 689 689 688 687 687 686
734 733 732 731 729 728 726 725 724 721 719 718 716 714 712 711 709 707 705 704 704 705 706 707 705 706 706 708 708 709 648 649 648 648 648 649 649 650 650 650 649 650 650 651 703 702 702 702 703 703 703 701 702 702 703 701 702 701 702 702 701 701 702 699 700 700 700 699 699 698 698 698 698 698 697 696 697 695 695 695 693 694 692 692 691 691 690 691 688 689 687 688 686 686
734 733 731 731 729 727 726 724 722 721 719 717 716 714 710 710 708 706 703 705 704 705 704 706 706 707 707 708 708 708 648 648 648 649 649 650 649 649 649 649 650 702 702 702 702 702 703 702 703 701 702 702 703 703 702 701 702 702 701 701 701 701 700 700 701 700 699 699 699 698 699 697 697 697 696 697 694 695 695 694 694 693 692 692 691 690 690 689 689 689 687 687 686 686
734 732 732 729 728 727 725 724 722 720 719 716 714 713 709 708 707 705 703 703 704 705 705 706 706 708 707 708 707 646 647 647 648 648 649 649 649 649 702 702 702 702 702 702 702 702 702 702 702 702 703 703 702 701 702 702 703 701 701 701 702 700 701 700 700 699 699 699 698 698 697 698 697 697 696 695 695 696 693 694 693 693 692 691 690 691 689 689 688 688 687 686 685 685
731 731 729 728 727 726 724 722 720 718 716 715 713 711 709 708 704 703 703 704 704 704 706 705 706 705 706 707 708 647 647 647 648 648 648 700 701 700 701 701 702 701 702 701 702 702 702 702 703 702 702 701 702 702 703 701 701 701 701 701 700 700 700 700 699 700 698 698 698 698 698 697 696 697 695 696 694 694 694 694 692 692 692 691 691 689 689 688 688 686 686 685 686 683
732 730 729 727 727 724 722 721 719 718 716 714 713 710 707 706 704 702 703 704 704 703 704 705 706 706 707 706 646 647 648 647 700 700 700 700 701 701 702 701 702 701 702 702 703 702 703 702 702 702 701 702 702 702 700 701 701 702 700 700 700 701 699 700 699 699 698 699 698 698 696 697 697 695 695 695 694 695 693 693 692 692 690 690 689 689 689 687 687 687 685 685 684 684
732 729 727 727 725 724 722 720 719 716 715 713 711 710 707 704 702 701 702 702 704 704 705 705 705 706 707 707 646 698 699 698 700 700 701 701 701 701 701 701 702 702 702 702 701 701 701 702 701 702 701 702 701 701 701 702 701 700 700 701 700 699 699 700 699 699 698 698 697 697 697 697 695 695 695 693 694 693 693 692 692 690 691 689 689 688 688 687 687 685 686 684 684 683
729 728 727 725 724 722 720 718 716 715 713 712 710 708 705 703 701 701 703 703 704 703 705 705 706 705 758 759 698 698 699 699 700 700 700 699 700 701 701 702 701 700 700 701 701 702 701 701 701 702 701 701 701 701 701 701 700 701 700 700 699 700 700 699 698 699 698 697 696 696 697 695 696 694 694 694 694 692 692 692 691 691 689 689 689 688 687 687 686 685 684 684 683 682
729 727 727 724 722 721 719 719 717 714 713 710 708 706 704 701 702 702 702 703 703 703 704 705 758 757 758 697 697 699 699 699 698 699 699 700 700 701 699 700 700 701 701 702 700 701 701 702 701 701 700 701 701 702 700 700 700 701 699 699 700 698 698 698 698 698 697 696 697 696 695 695 695 694 695 693 693 692 693 690 691 689 690 688 688 687 687 685 685 684 683 683 682 682
727 727 725 724 722 720 720 718 716 713 711 710 708 704 703 699 700 701 702 702 703 756 755 756 756 758 758 697 697 697 697 699 699 700 700 700 699 700 700 701 701 701 700 701 701 702 701 700 700 701 701 702 700 699 700 700 701 699 699 699 699 698 699 697 697 697 697 697 696 695 696 694 694 694 693 693 692 691 690 691 688 689 688 688 686 687 685 686 683 684 683 682 681 681
727 725 724 722 720 719 717 716 714 712 710 708 706 703 701 700 700 701 754 754 754 755 756 756 756 757 696 697 697 698 698 699 698 698 699 700 700 701 700 701 700 701 701 701 700 699 700 700 701 701 700 699 700 700 701 698 699 699 700 698 698 698 698 697 698 696 697 696 696 695 694 694 694 693 692 692 691 691 690 689 689 689 687 687 687 685 685 684 684 683 682 682 680 680
726 724 722 721 720 719 717 715 713 710 709 707 705 703 700 700 752 753 752 754 754 755 755 756 756 757 696 697 698 697 697 698 698 699 699 699 699 699 699 699 700 699 700 699 700 700 701 700 701 699 700 700 700 699 699 699 700 699 698 698 699 697 697 697 697 696 696 695 695 694 694 694 692 693 692 691 690 691 689 689 688 688 687 687 685 686 683 684 683 682 681 680 680 679
724 722 721 720 719 716 715 713 711 709 707 706 702 752 751 751 751 753 753 753 754 755 755 756 757 696 695 696 696 697 698 698 698 698 698 698 699 699 699 699 700 699 700 700 700 700 700 699 700 699 700 699 700 699 699 699 699 698 699 698 696 697 697 697 695 696 695 695 693 694 694 693 692 692 691 691 690 689 689 689 687 687 686 685 685 683 684 682 682 681 680 679 679 677
723 722 719 719 717 716 714 713 711 707 706 756 754 752 751 752 751 752 753 754 753 754 755 754 755 694 696 696 697 696 697 696 697 698 699 698 699 699 699 699 700 699 700 700 699 699 699 699 700 699 700 698 698 699 698 698 697 698 697 697 697 697 695 696 696 695 694 694 694 694 692 693 691 692 690 690 689 688 687 687 687 685 685 685 683 683 682 681 681 680 679 678 678 677
722 720 720 718 717 715 713 711 709 759 757 755 752 750 750 750 751 751 752 752 753 753 754 755 756 695 695 694 696 696 697 697 697 697 698 697 698 698 698 698 699 699 699 698 699 699 699 699 698 698 698 699 698 698 697 698 697 698 696 697 696 696 695 696 694 695 694 694 693 693 693 690 691 690 690 688 689 687 687 686 686 684 685 683 684 681 682 681 680 679 677 677 677 675
