testData/tiles/oneDegree/grid41.0-0.0-42.0-1.0.asc
ncols   200
nrows   200
xllcorner   41.0
yllcorner   0.0
cellsize   0.005
NODATA_value   -9999.0
[rows 126 to 167 of 200, columns 94 to 187 of 200]
178 178 177 177 177 176 176 176 175 175 175 174 174 174 173 173 173 172 172 171 171 171 170 170 169 169 169 168 168 167 167 166 166 166 165 165 164 164 354 354 353 353 352 351 351 350 350 349 349 348 347 347 346 345 345 344 343 342 341 341 487 486 485 484 483 482 480 479 478 476 476 476 476 476 463 463 463 463 463 463 463 463 463 463 463 463 463 463 463 463 463 463 463 463
178 177 177 177 177 176 176 176 175 175 175 174 174 174 173 173 172 172 172 171 171 171 170 170 169 169 169 168 168 167 167 166 166 165 165 164 164 164 354 353 353 352 352 351 351 350 350 349 348 348 347 346 346 345 344 344 343 342 341 340 487 486 485 484 483 481 480 479 477 476 476 476 476 463 463 463 463 463 463 463 463 463 463 463 463 463 463 463 463 463 463 463 463 463
178 177 177 177 176 176 176 175 175 175 174 174 174 173 173 173 172 172 172 171 171 170 170 170 169 169 168 168 168 167 167 166 166 165 165 164 164 163 163 353 353 352 352 351 351 350 349 349 348 348 347 346 346 345 344 343 343 342 341 340 339 485 484 483 482 481 480 479 477 476 476 476 476 463 463 463 463 463 463 463 463 463 463 463 463 463 463 463 463 463 463 463 463 463
178 177 177 177 176 176 176 175 175 175 174 174 174 173 173 173 172 172 171 171 171 170 170 170 169 169 168 168 167 167 167 166 166 165 165 164 164 163 163 353 353 352 352 351 350 350 349 349 348 347 347 346 345 345 344 343 342 342 341 340 339 485 484 483 482 481 480 478 477 476 476 476 476 463 463 463 463 463 463 463 463 463 463 463 463 463 463 463 463 463 463 463 463 463
177 177 177 176 176 176 176 175 175 175 174 174 173 173 173 172 172 172 171 171 171 170 170 169 169 169 168 168 167 167 166 166 165 165 165 164 164 163 163 353 352 352 351 351 350 350 349 348 348 347 347 346 345 344 344 343 342 341 340 340 339 485 484 483 482 480 479 478 476 476 476 476 476 463 463 463 463 463 463 463 463 463 463 463 463 463 463 463 463 463 463 463 463 463
177 177 177 176 176 176 175 175 175 174 174 174 173 173 173 172 172 172 171 171 170 170 170 169 169 168 168 168 167 167 166 166 165 165 164 164 163 163 162 353 352 352 351 351 350 349 349 348 348 347 346 346 345 344 343 343 342 341 340 339 338 484 483 482 481 480 479 477 476 476 476 476 463 463 463 463 463 463 463 463 463 463 463 463 463 463 463 463 463 463 463 463 463 463
177 177 176 176 176 176 175 175 175 174 174 174 173 173 172 172 172 171 171 171 170 170 169 169 169 168 168 167 167 166 166 166 165 165 164 164 163 163 162 162 352 352 351 350 350 349 349 348 347 347 346 345 345 344 343 342 342 341 340 339 338 337 483 482 481 479 478 477 476 476 476 476 463 463 463 463 463 463 463 463 463 463 463 463 463 463 463 463 463 463 463 463 463 463
177 177 176 176 176 175 175 175 174 174 174 173 173 173 172 172 172 171 171 170 170 170 169 169 168 168 168 167 167 166 166 165 165 164 164 163 163 162 162 161 352 351 351 350 350 349 348 348 347 346 346 345 344 344 343 342 341 340 340 339 338 337 483 481 480 479 478 476 476 476 476 476 463 463 463 463 463 463 463 463 463 463 463 463 463 463 463 463 463 463 463 463 463 463
177 176 176 176 176 175 175 175 174 174 174 173 173 172 172 172 171 171 171 170 170 169 169 169 168 168 167 167 166 166 166 165 165 164 164 163 163 162 162 161 352 351 350 350 349 349 348 347 347 346 345 345 344 343 342 342 341 340 339 338 337 336 482 481 480 478 477 476 476 476 476 463 463 463 463 463 463 463 463 463 463 463 463 463 463 463 463 463 463 463 463 463 463 463
177 176 176 176 175 175 175 174 174 174 173 173 173 172 172 172 171 171 170 170 170 169 169 168 168 168 167 167 166 166 165 165 164 164 163 163 162 162 161 161 160 351 350 350 349 348 348 347 346 346 345 344 344 343 342 341 340 340 339 338 337 336 335 480 479 478 476 476 476 476 476 463 463 463 463 463 463 463 463 463 463 463 463 463 463 463 463 463 463 463 463 463 463 463
176 176 176 175 175 175 174 174 174 173 173 173 172 172 172 171 171 171 170 170 169 169 169 168 168 167 167 166 166 166 165 165 164 164 163 163 162 162 161 161 160 350 350 349 349 348 347 347 346 345 345 344 343 343 342 341 340 339 338 337 336 335 334 480 479 477 476 476 476 476 463 463 463 463 463 463 463 463 463 463 463 463 463 463 463 463 463 463 463 463 463 463 463 463
176 176 176 175 175 175 174 174 174 173 173 173 172 172 171 171 171 170 170 170 169 169 168 168 167 167 167 166 166 165 165 164 164 163 163 162 162 161 161 160 160 159 350 349 348 348 347 346 346 345 344 344 343 342 341 340 340 339 338 337 336 335 333 479 478 476 476 476 476 476 463 463 463 463 463 463 463 463 463 463 463 463 463 463 463 463 463 463 463 463 463 463 463 463
176 176 175 175 175 174 174 174 173 173 173 172 172 172 171 171 170 170 170 169 169 168 168 168 167 167 166 166 165 165 164 164 164 163 163 162 162 161 160 160 159 159 349 349 348 347 347 346 345 345 344 343 342 342 341 340 339 338 337 336 335 334 333 478 477 476 476 476 476 463 463 463 463 463 463 463 463 463 463 463 463 463 463 463 463 463 463 463 463 463 463 463 463 463
176 175 175 175 174 174 174 173 173 173 172 172 172 171 171 171 170 170 169 169 169 168 168 167 167 166 166 166 165 165 164 164 163 163 162 162 161 161 160 160 159 158 349 348 348 347 346 346 345 344 344 343 342 341 340 339 339 338 337 336 334 333 332 331 476 476 476 476 476 463 463 463 463 463 463 463 463 463 463 463 463 463 463 463 463 463 463 463 463 463 463 463 463 463
175 175 175 174 174 174 173 173 173 172 172 172 171 171 171 170 170 169 169 169 168 168 167 167 167 166 166 165 165 164 164 163 163 162 162 161 161 160 160 159 159 158 157 348 347 347 346 345 345 344 343 342 341 341 340 339 338 337 336 335 334 333 331 330 476 476 476 476 463 463 463 463 463 463 463 463 463 463 463 463 463 463 463 463 463 463 463 463 463 463 463 463 463 463
175 175 175 174 174 174 173 173 173 172 172 171 171 171 170 170 170 169 169 168 168 168 167 167 166 166 165 165 164 164 164 163 163 162 162 161 160 160 159 159 158 158 157 347 347 346 345 345 344 343 343 342 341 340 339 338 337 336 335 334 333 332 330 329 476 476 476 476 463 463 463 463 463 463 463 463 463 463 463 463 463 463 463 463 463 463 463 463 463 463 463 463 463 463
175 175 174 174 174 173 173 173 172 172 172 171 171 170 170 170 169 169 168 168 168 167 167 166 166 165 165 165 164 164 163 163 162 162 161 161 160 160 159 158 158 157 157 347 346 346 345 344 344 343 342 341 340 340 339 338 337 336 335 333 332 331 329 329 476 476 476 463 463 463 463 463 463 463 463 463 463 463 463 463 463 463 463 463 463 463 463 463 463 463 463 463 463 463
175 174 174 174 173 173 173 172 172 172 171 171 170 170 170 169 169 169 168 168 167 167 166 166 166 165 165 164 164 163 163 162 162 161 161 160 160 159 159 158 157 157 156 155 346 345 344 344 343 342 341 341 340 339 338 337 336 335 334 333 331 330 329 329 329 476 463 463 463 463 463 463 463 463 463 463 463 463 463 463 463 463 463 463 463 463 463 463 463 463 463 463 463 463
174 174 174 173 173 173 172 172 172 171 171 171 170 170 169 169 169 168 168 167 167 167 166 166 165 165 164 164 163 163 162 162 161 161 160 160 159 159 158 157 157 156 156 155 345 345 344 343 342 342 341 340 339 338 337 336 335 334 333 332 330 329 329 329 329 476 463 463 463 463 463 463 463 463 463 463 463 463 463 463 463 463 463 463 463 463 463 463 463 463 463 463 463 463
174 174 173 173 173 172 172 172 171 171 171 170 170 169 169 169 168 168 167 167 167 166 166 165 165 164 164 163 163 162 162 161 161 160 160 159 159 158 158 157 156 156 155 154 154 344 343 343 342 341 340 339 339 338 337 336 334 333 332 331 329 329 329 329 329 463 463 463 463 463 463 463 463 463 463 463 463 463 463 463 463 463 463 463 463 463 463 463 463 463 463 463 463 463
174 173 173 173 172 172 172 171 171 171 170 170 169 169 169 168 168 167 167 167 166 166 165 165 164 164 163 163 163 162 162 161 160 160 159 159 158 158 157 156 156 155 155 154 153 344 343 342 341 340 340 339 338 337 336 335 334 332 331 330 329 329 329 329 316 316 463 463 463 463 463 463 463 463 463 463 463 463 463 463 463 463 463 463 463 463 463 463 463 463 463 463 463 463
173 173 173 172 172 172 171 171 171 170 170 169 169 169 168 168 167 167 167 166 166 165 165 164 164 164 163 163 162 162 161 161 160 159 159 158 158 157 157 156 155 155 154 153 153 152 342 341 341 340 339 338 337 336 335 334 333 331 330 329 329 329 329 316 316 316 463 463 463 463 463 463 463 463 463 463 463 463 463 463 463 463 463 463 463 463 463 463 463 463 463 463 463 463
173 173 172 172 172 171 171 171 170 170 169 169 169 168 168 167 167 167 166 166 165 165 164 164 164 163 163 162 162 161 161 160 160 159 158 158 157 157 156 155 155 154 153 153 152 151 341 341 340 339 338 337 336 335 334 333 332 330 329 329 329 329 316 316 316 316 463 463 463 463 463 463 463 463 463 463 463 463 463 463 463 463 463 463 463 463 463 463 463 463 463 463 463 463
173 172 172 172 171 171 170 170 170 169 169 169 168 168 167 167 167 166 166 165 165 164 164 164 163 163 162 162 161 161 160 160 159 158 158 157 157 156 155 155 154 153 153 152 151 151 341 340 339 338 337 336 335 334 333 332 330 329 329 329 329 329 316 316 316 316 316 463 463 463 463 463 463 463 463 463 463 463 463 463 463 463 463 463 463 463 463 463 463 463 463 463 463 463
172 172 171 171 171 170 170 170 169 169 169 168 168 167 167 167 166 166 165 165 164 164 164 163 163 162 162 161 161 160 160 159 158 158 157 157 156 155 155 154 153 153 152 151 151 150 149 339 338 337 336 335 334 333 332 331 329 329 329 329 329 316 316 316 316 316 316 463 463 463 463 463 463 463 463 463 463 463 463 463 463 463 463 463 463 463 463 463 463 463 463 463 463 463
172 171 171 171 170 170 170 169 169 169 168 168 167 167 167 166 166 165 165 164 164 163 163 163 162 162 161 161 160 160 159 158 158 157 157 156 155 155 154 154 153 152 151 151 150 149 148 338 337 336 335 334 333 332 331 329 329 329 329 329 316 316 316 316 316 316 316 463 463 463 463 463 463 463 463 463 463 463 463 463 463 463 463 463 463 463 463 463 463 463 463 463 463 463
171 171 171 170 170 170 169 169 168 168 168 167 167 166 166 166 165 165 164 164 163 163 162 162 162 161 161 160 159 159 158 158 157 157 156 155 155 154 153 153 152 151 151 150 149 148 147 146 336 335 334 333 332 331 329 329 329 329 329 316 316 316 316 316 316 316 316 316 463 463 463 463 463 463 463 463 463 463 463 463 463 463 463 463 463 463 463 463 463 463 463 463 463 463
171 171 170 170 169 169 169 168 168 168 167 167 166 166 166 165 165 164 164 163 163 162 162 161 161 160 160 159 159 158 158 157 157 156 155 155 154 153 153 152 151 151 150 149 148 147 146 145 335 334 333 332 331 329 329 329 329 329 316 316 316 316 316 316 316 316 316 316 463 463 463 463 463 463 463 463 463 463 463 463 463 463 463 463 463 463 463 463 463 463 463 463 463 463
170 170 170 169 169 169 168 168 167 167 167 166 166 165 165 165 164 164 163 163 162 162 161 161 160 160 159 159 158 158 157 157 156 155 155 154 153 153 152 151 151 150 149 148 147 146 145 144 143 333 332 331 329 329 329 329 329 316 316 316 316 316 316 316 316 316 316 316 463 463 463 463 463 463 463 463 463 463 463 463 463 463 463 463 463 463 463 463 463 463 463 463 463 463
170 170 169 169 169 168 168 167 167 167 166 166 165 165 164 164 164 163 163 162 162 161 161 160 160 159 159 158 158 157 156 156 155 155 154 153 153 152 151 150 150 149 148 147 146 145 144 143 142 332 331 329 329 329 329 329 316 316 316 316 316 316 316 316 316 316 316 316 463 463 463 463 463 463 463 463 463 463 463 463 463 463 463 463 463 463 463 463 463 463 463 463 463 463
169 169 169 168 168 168 167 167 166 166 166 165 165 164 164 163 163 163 162 162 161 161 160 160 159 159 158 157 157 156 156 155 154 154 153 153 152 151 150 150 149 148 147 146 145 144 143 142 141 140 329 329 329 329 329 316 316 316 316 316 316 316 316 316 316 316 316 316 316 463 463 463 463 463 463 463 463 463 463 463 463 463 463 463 463 463 463 463 463 463 463 463 463 463
169 169 168 168 167 167 167 166 166 165 165 165 164 164 163 163 162 162 161 161 161 160 160 159 158 158 157 157 156 156 155 154 154 153 152 152 151 150 149 149 148 147 146 145 144 143 142 141 139 138 329 329 329 329 316 316 316 316 316 316 316 316 316 316 316 316 316 316 316 463 463 463 463 463 463 463 463 463 463 463 463 463 463 463 463 463 463 463 463 463 463 463 463 463
168 168 168 167 167 167 166 166 165 165 164 164 164 163 163 162 162 161 161 160 160 159 159 158 158 157 157 156 155 155 154 154 153 152 152 151 150 149 148 148 147 146 145 144 143 142 140 139 138 138 138 329 329 316 316 316 316 316 316 316 316 316 316 316 316 316 316 316 316 463 463 463 463 463 463 463 463 463 463 463 463 463 463 463 463 463 463 463 463 463 463 463 463 463
168 167 167 167 166 166 166 165 165 164 164 163 163 163 162 162 161 161 160 160 159 159 158 158 157 156 156 155 155 154 153 153 152 151 151 150 149 148 147 147 146 145 144 143 141 140 139 138 138 138 138 329 316 316 316 316 316 316 316 316 316 316 316 316 316 316 316 316 316 316 463 463 463 463 463 463 463 463 463 463 463 463 463 463 463 463 463 463 463 463 463 463 463 463
167 167 167 166 166 165 165 165 164 164 163 163 162 162 161 161 160 160 159 159 158 158 157 157 156 156 155 154 154 153 153 152 151 150 150 149 148 147 146 145 144 143 142 141 140 139 138 138 138 138 125 125 316 316 316 316 316 316 316 316 316 316 316 316 316 316 316 316 316 316 463 463 463 463 463 463 463 463 463 463 463 463 463 463 463 463 463 463 463 463 463 463 463 463
167 166 166 166 165 165 164 164 163 163 163 162 162 161 161 160 160 159 159 158 158 157 157 156 155 155 154 154 153 152 152 151 150 149 149 148 147 146 145 144 143 142 141 140 138 138 138 138 138 125 125 125 316 316 316 316 316 316 316 316 316 316 316 316 316 316 316 316 316 316 463 463 463 463 463 463 463 463 463 463 463 463 463 463 463 463 463 463 463 463 463 463 463 463
166 166 165 165 164 164 164 163 163 162 162 161 161 160 160 160 159 158 158 157 157 156 156 155 155 154 153 153 152 151 151 150 149 148 148 147 146 145 144 143 142 140 139 138 138 138 138 138 125 125 125 125 125 316 316 316 316 316 316 316 316 316 316 316 316 316 316 316 316 316 316 463 463 463 463 463 463 463 463 463 463 463 463 463 463 463 463 463 463 463 463 463 463 463
165 165 165 164 164 163 163 163 162 162 161 161 160 160 159 159 158 158 157 157 156 155 155 154 154 153 152 152 151 150 150 149 148 147 146 145 144 143 142 141 140 139 138 138 138 138 138 125 125 125 125 125 125 125 316 316 316 316 316 316 316 316 316 316 316 316 316 316 316 316 316 463 463 463 463 463 463 463 463 463 463 463 463 463 463 463 463 463 463 463 463 463 463 463
165 164 164 164 163 163 162 162 161 161 160 160 159 159 158 158 157 157 156 156 155 155 154 153 153 152 151 151 150 149 148 148 147 146 145 144 143 142 141 140 138 138 138 138 138 125 125 125 125 125 125 125 125 125 316 316 316 316 316 316 316 316 316 316 316 316 316 316 316 316 316 463 463 463 463 463 463 463 463 463 463 463 463 463 463 463 463 463 463 463 463 463 463 463
164 164 163 163 162 162 161 161 161 160 160 159 159 158 158 157 157 156 155 155 154 154 153 152 152 151 150 150 149 148 147 146 146 145 144 143 141 140 139 138 138 138 138 138 125 125 125 125 125 125 125 125 125 125 125 316 316 316 316 316 316 316 316 316 316 316 316 316 316 316 316 316 463 463 463 463 463 463 463 463 463 463 463 463 463 463 463 463 463 463 463 463 463 463
163 163 162 162 162 161 161 160 160 159 159 158 158 157 157 156 156 155 155 154 153 153 152 151 151 150 149 148 148 147 146 145 144 143 142 141 140 138 138 138 138 138 125 125 125 125 125 125 125 125 125 125 125 125 125 316 316 316 316 316 316 316 316 316 316 316 316 316 316 316 316 316 463 463 463 463 463 463 463 463 463 463 463 463 463 463 463 463 463 463 463 463 463 463
163 162 162 161 161 160 160 159 159 158 158 157 157 156 156 155 155 154 154 153 152 152 151 150 150 149 148 147 146 146 145 144 143 142 140 139 138 138 138 138 138 125 125 125 125 125 125 125 125 125 125 125 125 125 125 125 316 316 316 316 316 316 316 316 316 316 316 316 316 316 316 316 316 463 463 463 463 463 463 463 463 463 463 463 463 463 463 463 463 463 463 463 463 463
