testData/tiles/oneDegree/grid49.0-26.0-50.0-27.0.asc
ncols   200
nrows   200
xllcorner   49.0
yllcorner   26.0
cellsize   0.005
NODATA_value   -9999.0
[rows 126 to 167 of 200, columns 94 to 187 of 200]
425 424 423 423 422 421 420 420 418 418 417 416 416 415 414 413 413 411 411 410 409 408 408 406 406 405 404 403 403 401 401 400 399 398 398 396 396 396 395 394 394 392 392 391 391 390 389 388 387 387 385 385 384 383 383 382 382 380 379 379 377 377 376 374 374 373 372 373 372 371 371 370 369 369 368 367 367 366 365 364 364 363 362 361 361 360 359 358 358 357 356 355 354 354
425 424 423 423 422 421 421 420 419 418 418 416 416 416 414 414 413 412 411 411 409 409 408 407 406 406 404 404 403 402 401 401 399 399 398 397 397 397 395 395 394 393 392 392 391 390 390 388 388 387 386 385 384 384 383 383 381 380 380 379 378 377 376 375 374 373 374 373 373 372 371 371 370 369 368 368 367 366 366 365 364 363 363 362 361 360 360 359 358 357 357 356 355 354
426 424 424 423 422 421 421 420 419 419 417 417 416 416 414 414 414 412 412 411 410 409 409 407 407 406 405 404 404 402 402 401 400 399 399 397 398 397 396 395 395 393 393 393 391 391 390 389 388 388 386 385 386 384 384 383 382 381 380 379 378 377 376 375 376 375 374 374 373 372 372 371 370 370 369 368 368 367 366 365 365 364 363 363 362 361 360 359 359 358 357 356 356 355
426 425 424 424 422 422 421 420 420 419 418 417 417 415 415 414 413 412 412 412 410 410 409 408 407 407 405 405 404 403 402 402 400 400 399 399 398 398 396 396 395 393 394 393 392 391 391 389 389 388 386 387 386 385 384 384 382 381 381 379 379 378 376 377 376 375 375 374 373 373 372 371 371 370 369 369 368 367 367 366 365 364 364 363 362 362 361 360 359 358 358 357 356 355
426 425 424 424 423 422 422 420 420 419 418 418 417 416 415 415 413 413 412 411 410 410 408 408 408 407 406 405 405 403 403 402 401 400 400 399 399 398 396 396 395 394 394 394 392 392 391 390 389 388 388 387 387 385 385 384 382 382 381 380 379 378 378 377 376 376 375 375 374 373 373 372 371 371 370 369 369 368 367 366 366 365 364 364 363 362 361 361 360 359 358 357 357 356
386 425 425 424 423 423 422 421 420 420 418 418 417 416 416 415 414 413 413 411 411 410 409 408 408 406 406 405 404 403 403 401 401 400 401 399 399 398 397 396 396 395 395 394 393 392 392 390 389 390 388 388 387 386 385 384 383 382 382 380 380 380 378 378 377 376 376 375 374 374 373 372 372 371 370 370 369 368 368 367 366 365 365 364 363 363 362 361 360 359 359 358 357 356
386 385 425 425 423 423 422 421 421 420 419 418 418 416 416 415 414 414 413 412 411 411 409 409 408 407 406 406 404 404 403 402 401 401 400 400 399 398 397 397 397 396 395 395 393 393 392 390 391 390 389 388 388 386 385 385 383 383 382 381 381 380 379 378 377 377 376 375 375 374 374 373 372 372 371 370 369 369 368 367 367 366 365 364 364 363 362 362 361 360 359 358 358 357
385 385 385 424 424 423 423 421 421 421 419 419 418 417 416 416 414 414 413 412 412 411 410 409 409 407 407 406 405 404 404 402 402 402 401 400 400 398 398 397 397 396 396 394 393 393 392 391 391 391 389 389 388 386 386 385 384 383 383 382 381 381 379 378 378 377 377 376 375 375 374 373 373 372 371 371 370 369 370 369 368 367 367 366 365 365 364 363 362 361 361 360 359 357
386 385 385 383 424 424 422 422 421 420 419 419 419 417 417 416 415 414 414 412 412 411 410 410 409 408 407 407 405 405 404 403 403 403 401 401 400 399 398 399 397 396 396 394 394 393 392 392 392 390 390 389 388 387 386 386 384 384 384 382 382 381 379 379 378 378 377 376 376 375 374 374 373 372 372 372 371 371 370 369 369 368 367 366 366 365 364 364 363 362 361 360 360 359
386 386 385 384 383 424 423 422 422 420 420 419 418 417 417 416 415 415 414 413 412 412 410 410 409 408 407 407 405 405 404 403 403 403 401 401 400 399 398 399 397 397 396 395 394 394 393 393 392 391 390 389 388 387 387 385 385 385 383 383 382 382 380 379 379 378 377 377 376 375 375 374 374 374 373 373 372 371 370 370 369 368 368 367 366 365 365 364 363 362 362 361 360 359
386 386 386 384 384 383 423 422 422 421 420 420 418 418 417 416 415 415 414 413 413 411 411 410 409 408 408 407 406 405 405 404 404 403 402 401 401 399 400 399 398 397 397 395 395 394 394 393 392 391 390 390 388 388 387 386 386 385 384 383 383 381 380 380 379 378 378 377 377 376 375 376 375 374 374 373 372 372 371 370 370 369 368 367 367 366 365 364 364 363 362 361 361 360
387 386 386 384 384 384 382 423 422 421 420 420 419 418 418 416 416 415 414 413 413 412 411 411 409 409 408 407 406 406 404 405 404 404 402 402 401 401 400 400 398 398 397 396 395 395 394 393 393 391 391 390 389 388 387 387 386 386 384 384 383 381 381 380 380 379 378 378 377 377 377 376 375 375 374 373 373 372 371 371 370 369 369 368 367 366 366 365 364 363 363 362 361 360
387 387 385 385 384 384 383 382 423 421 421 420 419 419 418 417 416 416 414 414 413 412 411 411 409 409 409 407 407 406 405 405 405 403 403 402 401 401 401 400 399 398 397 396 396 396 394 394 393 392 391 391 389 388 389 387 387 386 385 384 383 382 381 381 380 379 379 378 378 378 377 376 376 375 375 374 373 373 372 371 370 370 369 368 368 367 366 365 365 364 363 362 362 361
387 387 386 385 385 383 383 382 381 381 421 421 419 419 418 417 417 416 415 414 414 412 412 411 410 409 409 407 407 406 406 405 405 403 403 402 402 401 401 399 399 398 397 396 397 396 395 394 394 392 392 391 389 390 389 388 387 387 385 384 384 382 382 381 380 380 380 379 379 378 378 377 376 376 375 374 374 373 372 372 371 370 369 369 368 367 367 366 365 364 364 363 362 361
388 387 386 385 385 384 383 383 381 381 381 420 420 419 418 417 417 416 415 415 414 413 412 412 410 410 409 408 407 407 406 406 405 404 403 403 402 402 401 400 399 399 397 398 397 396 395 395 393 392 392 391 391 390 390 388 387 387 385 385 384 383 382 381 381 381 381 380 379 379 378 377 377 376 375 375 374 373 373 372 371 371 370 369 369 368 367 366 366 365 364 363 363 362
388 388 386 386 385 384 384 383 382 381 381 379 420 420 418 418 417 416 415 415 413 413 412 411 411 410 410 408 408 408 407 406 406 404 404 404 403 402 402 400 400 399 398 398 398 396 395 395 393 393 392 392 391 391 389 388 388 387 386 385 385 383 382 382 382 382 381 380 380 379 378 378 377 376 376 375 374 374 373 372 372 371 370 370 369 368 368 367 366 365 365 364 363 362
388 387 387 386 386 384 384 383 382 382 381 380 379 420 418 418 418 416 416 415 414 413 413 411 411 410 409 408 408 408 407 407 406 405 404 405 403 403 402 401 400 399 399 398 398 396 396 395 394 393 393 392 392 391 389 389 388 387 386 386 384 383 383 383 383 382 381 381 380 379 379 378 378 377 376 376 375 374 374 373 372 372 371 370 369 369 368 367 367 366 365 364 364 363
389 387 387 386 385 385 384 383 382 382 382 380 380 379 419 418 418 416 416 416 414 414 413 412 411 411 409 409 409 408 407 407 405 405 404 404 403 403 402 401 400 400 399 399 398 397 396 396 394 394 394 392 392 391 390 389 389 387 386 386 384 384 384 384 383 382 382 381 380 380 379 379 378 377 377 376 375 375 374 373 373 372 371 371 370 369 368 368 367 366 365 365 364 363
389 388 387 387 385 385 385 383 383 382 381 380 380 379 378 378 418 417 416 416 414 414 413 412 412 411 410 409 410 408 408 407 406 405 406 404 404 403 402 401 401 400 400 399 399 397 397 396 394 394 394 393 392 392 390 390 389 387 387 386 385 385 385 384 383 383 382 381 381 380 380 379 378 378 377 376 376 375 374 374 373 372 372 371 370 370 369 368 367 367 366 365 364 364
389 388 388 387 386 385 385 383 383 383 381 381 380 379 378 378 377 417 417 415 415 414 414 412 412 411 410 409 410 409 408 408 406 406 406 405 404 404 402 402 401 401 400 400 398 397 397 395 395 395 395 393 393 392 391 390 389 388 387 387 386 386 385 384 384 383 382 382 381 381 380 379 379 378 377 377 376 375 375 374 373 373 372 371 371 370 369 369 368 367 366 366 365 364
389 388 388 387 386 386 385 384 383 383 381 381 381 379 379 378 377 376 417 416 415 415 413 413 412 411 410 411 410 409 408 408 406 407 406 405 404 404 402 402 402 401 400 400 398 398 397 396 396 396 394 394 393 391 391 390 390 388 388 388 386 386 385 385 384 383 383 382 382 381 380 380 379 378 378 377 377 376 375 375 374 373 373 372 371 370 370 369 368 368 367 366 365 274
389 389 388 387 386 386 384 384 384 383 382 381 381 379 379 379 377 377 376 416 415 415 413 413 413 411 411 411 410 409 409 407 407 407 407 405 405 404 403 402 403 401 401 400 399 398 398 396 397 588 394 394 393 392 391 391 389 389 388 387 387 386 386 385 384 384 383 383 382 381 381 380 380 379 378 378 377 376 376 375 374 375 374 373 373 372 371 370 370 278 276 276 275 274
389 389 388 387 387 386 385 384 384 383 382 382 380 380 379 379 377 377 377 375 375 415 414 413 413 411 411 411 410 410 409 408 407 408 406 406 405 596 595 596 595 594 593 593 591 591 590 589 589 588 587 586 586 584 584 583 582 581 581 580 579 579 386 385 385 384 384 383 382 382 381 381 380 379 379 378 377 377 377 376 376 375 374 374 373 281 281 280 279 278 278 277 276 274
390 389 389 387 387 387 385 385 384 383 382 382 381 380 380 378 378 377 376 375 375 375 414 414 413 412 412 412 410 410 409 408 600 600 598 598 597 596 595 596 594 594 593 592 591 591 590 590 589 589 587 587 586 585 584 583 582 582 582 580 580 579 578 578 577 577 576 383 383 382 382 381 380 380 379 378 379 378 377 377 285 284 284 283 282 282 281 280 280 279 278 277 277 276
390 389 388 388 387 386 385 385 385 383 383 382 381 380 380 379 378 378 376 376 375 374 373 373 413 412 413 412 411 602 602 600 601 600 599 598 598 596 597 596 595 594 594 592 592 591 591 590 590 588 588 587 586 585 584 584 582 583 582 581 580 579 579 578 578 577 576 576 575 575 382 381 381 380 380 289 288 287 287 286 285 285 284 283 283 282 281 281 280 279 279 278 277 276
390 390 388 388 388 386 386 385 384 383 383 383 381 381 380 379 378 378 377 376 376 374 374 373 372 604 605 603 603 602 601 602 601 601 599 599 598 597 597 597 595 595 594 593 592 592 591 590 590 588 588 587 586 585 585 583 584 583 582 581 580 580 579 579 578 577 577 576 576 575 483 483 482 482 290 289 289 288 287 287 286 285 285 284 283 282 282 281 280 280 279 278 277 277
390 390 389 388 388 386 386 386 384 384 383 382 381 381 380 379 379 378 377 376 376 375 566 566 564 565 564 604 603 603 601 602 601 600 599 599 597 597 597 597 595 595 594 593 592 592 591 591 590 589 588 588 586 586 585 584 584 583 582 581 581 580 579 579 578 487 486 486 485 484 484 484 483 483 482 482 481 288 288 287 286 286 285 284 284 283 282 281 281 280 279 279 278 277
391 389 389 389 388 387 386 386 384 384 384 382 382 381 380 379 379 378 377 377 567 567 566 566 564 565 565 563 604 603 602 602 602 600 600 599 598 598 598 596 596 595 594 593 593 593 592 591 591 589 589 588 586 586 585 585 584 584 582 491 490 489 489 488 488 487 486 486 485 485 485 484 484 483 483 482 481 481 480 287 287 286 285 285 284 283 283 282 281 280 280 279 278 278
391 390 389 389 387 387 387 385 385 384 384 382 382 382 380 380 379 378 569 569 568 567 567 565 565 565 564 563 563 562 602 602 602 601 600 600 598 599 598 597 596 596 594 594 593 593 592 591 590 589 589 588 587 495 496 494 494 493 491 491 490 490 489 489 488 487 487 486 486 486 485 485 484 484 483 482 482 481 480 480 479 286 286 285 284 284 283 282 282 281 280 279 279 278
391 390 389 389 388 387 387 385 385 385 383 383 382 381 380 572 572 570 570 569 568 567 567 566 565 566 564 564 563 562 562 562 601 601 600 600 598 599 598 597 596 596 594 594 594 593 501 501 499 499 498 497 496 496 495 494 494 493 492 491 491 490 490 489 488 488 487 487 487 486 486 485 485 484 483 483 482 481 481 480 479 479 478 477 285 284 283 283 282 281 281 280 279 278
391 390 390 389 388 388 387 386 385 385 383 383 383 573 573 572 571 570 570 570 568 568 567 566 566 566 564 564 564 562 563 562 561 601 601 599 600 599 508 506 506 505 504 503 504 502 502 501 500 499 499 497 496 497 495 495 494 493 492 492 491 490 490 489 489 488 488 488 487 487 486 485 485 484 484 483 482 482 481 480 480 479 478 478 477 476 284 283 282 282 281 280 279 279
391 390 390 389 388 388 386 386 386 385 384 575 575 574 573 573 571 571 570 569 568 568 567 566 567 566 565 564 473 471 472 471 470 469 469 508 509 509 507 507 506 505 504 504 504 502 502 501 500 499 499 497 497 497 496 495 495 493 492 492 491 491 490 490 489 488 488 488 488 487 486 486 485 485 484 483 483 482 481 481 480 479 479 478 477 477 476 475 283 282 281 281 280 279
391 391 390 389 389 388 387 386 386 384 576 576 574 574 573 573 481 480 480 478 478 477 476 475 476 475 474 474 472 472 472 472 470 470 469 468 468 509 507 507 506 505 504 505 503 503 502 501 500 500 499 498 498 498 496 495 495 493 493 492 492 491 491 490 489 489 489 489 488 487 487 486 486 485 484 484 483 482 482 481 480 480 479 479 478 477 476 476 475 282 282 281 280 280
300 300 299 298 298 297 296 296 487 486 485 485 484 483 483 481 481 480 480 478 478 478 476 476 476 475 474 474 472 473 472 471 471 470 469 468 469 468 467 507 507 505 505 505 504 503 503 501 501 500 498 498 498 497 496 496 495 494 493 493 492 491 491 490 490 490 490 489 488 488 487 487 486 485 485 484 483 483 482 482 481 480 480 479 478 478 477 476 475 475 474 281 281 280
301 300 299 298 298 297 488 488 487 486 486 485 484 483 483 482 481 481 479 479 478 477 476 477 477 475 475 474 473 473 473 471 471 470 469 469 469 467 467 466 465 505 505 505 504 503 503 501 501 500 499 498 499 497 497 496 495 494 493 493 492 492 491 491 490 490 490 489 489 488 487 487 486 486 485 484 484 483 483 482 481 481 480 479 479 478 477 477 476 475 474 474 473 280
301 301 299 299 490 489 489 488 487 486 486 484 484 484 483 482 481 481 479 479 479 477 477 477 476 475 475 473 473 474 473 472 471 471 469 470 469 468 467 467 465 465 465 464 504 504 503 502 501 501 499 500 499 498 497 496 495 494 494 493 493 492 492 491 491 491 490 490 489 488 488 487 487 486 485 485 484 483 483 482 482 481 480 480 479 478 478 477 476 476 475 474 473 473
301 300 299 491 491 489 489 488 487 487 486 485 484 484 482 482 482 481 480 479 479 477 477 478 476 476 475 474 473 474 472 472 471 471 469 470 469 468 468 467 466 465 466 464 464 463 503 502 501 500 499 500 499 498 497 497 495 495 494 494 493 492 492 492 492 491 491 490 489 489 488 488 487 486 486 485 484 484 483 483 482 481 481 480 479 479 478 477 477 476 475 474 474 473
301 492 492 491 490 489 489 488 487 487 486 485 485 484 483 482 482 480 480 480 478 478 477 478 476 476 475 474 475 474 473 472 472 470 470 470 469 468 468 467 466 465 466 464 464 463 462 461 461 500 500 500 499 498 498 496 496 495 494 494 493 493 492 493 492 491 491 490 490 489 488 488 487 487 486 485 485 484 484 483 482 482 481 480 480 479 478 478 477 476 476 475 474 473
493 492 492 492 490 490 489 488 488 487 486 485 485 484 483 483 482 481 480 480 478 478 478 477 477 476 475 474 475 474 473 472 472 471 471 471 469 469 468 467 466 466 465 465 464 464 462 462 461 460 460 459 499 498 498 496 496 495 495 494 494 493 493 493 492 492 491 491 490 489 489 488 488 487 486 486 485 484 484 483 483 482 481 481 480 479 479 478 477 477 476 475 474 474
493 493 492 491 490 490 490 488 488 487 486 486 485 484 483 483 481 481 481 480 479 478 478 477 477 476 475 475 475 474 473 473 472 471 471 471 469 469 468 467 466 467 465 465 464 463 462 462 460 460 460 460 458 458 457 497 496 496 495 494 494 493 494 493 493 492 491 491 490 490 489 489 488 487 487 486 485 485 484 484 483 482 482 481 480 480 479 478 478 477 476 476 475 474
493 493 492 491 491 490 489 488 488 488 486 486 485 484 484 483 482 481 481 479 479 479 479 478 477 477 475 475 475 474 473 473 472 471 472 470 470 469 469 467 467 467 466 465 465 463 463 462 461 460 461 459 459 458 457 456 455 455 454 495 494 494 494 494 493 492 492 491 491 490 489 489 488 488 487 486 486 485 485 484 483 483 482 481 481 480 479 479 478 477 477 476 475 474
494 493 493 491 491 491 489 489 488 487 486 486 485 484 484 483 482 482 481 480 479 479 478 478 477 476 476 475 476 474 474 473 472 471 472 470 470 469 468 467 467 466 466 465 465 463 463 462 461 460 461 459 459 458 457 456 456 455 455 454 454 454 453 453 452 493 492 492 491 490 490 489 489 488 487 487 486 485 485 484 484 483 482 482 481 480 480 479 478 478 436 435 435 434
