testData/tiles/oneDegree/grid9.0-19.0-10.0-20.0.asc
ncols   200
nrows   200
xllcorner   9.0
yllcorner   19.0
cellsize   0.005
NODATA_value   -9999.0
[rows 0 to 41 of 200, columns 95 to 189 of 200]
492 493 493 494 494 495 495 496 496 497 497 498 498 499 499 500 500 501 501 502 502 503 503 504 504 505 505 506 506 506 507 507 508 508 508 509 509 510 510 511 511 511 512 512 512 513 513 514 514 514 515 515 515 516 516 516 517 517 517 518 518 518 519 519 519 520 520 520 521 521 521 521 522 522 522 523 523 523 340 341 341 341 342 342 342 342 343 343 343 343 344 344 344 344 345
491 492 492 493 493 494 494 495 495 496 497 497 498 498 499 499 500 500 501 501 501 502 502 503 503 504 504 505 505 506 506 506 507 507 508 508 509 509 509 510 510 511 511 511 512 512 512 513 513 514 514 514 515 515 515 516 516 516 517 517 517 518 518 518 519 519 519 520 520 520 520 521 521 521 522 522 339 339 340 340 340 341 341 341 341 342 342 342 342 343 343 343 343 344 344
490 491 491 492 492 493 493 494 495 495 496 496 497 497 498 498 499 499 500 500 501 501 502 502 503 503 503 504 504 505 505 506 506 506 507 507 508 508 509 509 509 510 510 511 511 511 512 512 512 513 513 513 514 514 515 515 515 516 516 516 517 517 517 518 518 518 519 519 519 519 520 520 520 521 338 338 339 339 339 339 340 340 340 340 341 341 341 341 342 342 342 343 343 343 343
489 490 490 491 491 492 493 493 494 494 495 495 496 496 497 497 498 498 499 499 500 500 501 501 502 502 503 503 503 504 504 505 505 506 506 507 507 507 508 508 509 509 509 510 510 511 511 511 512 512 512 513 513 513 514 514 514 515 515 516 516 516 517 517 517 517 518 518 518 519 519 519 337 337 337 338 338 338 338 339 339 339 339 340 340 340 341 341 341 341 342 342 342 342 343
488 489 489 490 490 491 492 492 493 493 494 494 495 495 496 496 497 497 498 498 499 499 500 500 501 501 502 502 503 503 504 504 504 505 505 506 506 507 507 507 508 508 509 509 509 510 510 510 511 511 512 512 512 513 513 513 514 514 514 515 515 515 516 516 516 517 517 517 518 518 335 336 336 336 336 337 337 337 338 338 338 338 339 339 339 340 340 340 340 341 341 341 341 342 342
487 488 488 489 490 490 491 491 492 492 493 493 494 494 495 496 496 497 497 498 498 499 499 499 500 500 501 501 502 502 503 503 504 504 504 505 505 506 506 507 507 507 508 508 509 509 509 510 510 510 511 511 512 512 512 513 513 513 514 514 514 515 515 515 516 516 516 334 334 334 335 335 335 335 336 336 336 337 337 337 337 338 338 338 339 339 339 339 340 340 340 340 341 341 341
486 487 487 488 489 489 490 490 491 491 492 492 493 494 494 495 495 496 496 497 497 498 498 499 499 500 500 500 501 501 502 502 503 503 504 504 504 505 505 506 506 507 507 507 508 508 509 509 509 510 510 510 511 511 511 512 512 513 513 513 514 514 514 515 515 332 333 333 333 333 334 334 334 335 335 335 336 336 336 336 337 337 337 338 338 338 338 339 339 339 339 340 340 340 340
485 486 486 487 488 488 489 489 490 490 491 492 492 493 493 494 494 495 495 496 496 497 497 498 498 499 499 500 500 501 501 501 502 502 503 503 504 504 504 505 505 506 506 507 507 507 508 508 508 509 509 510 510 510 511 511 511 512 512 512 513 513 513 331 331 331 332 332 332 333 333 333 334 334 334 335 335 335 335 336 336 336 337 337 337 337 338 338 338 338 339 339 339 339 340
484 485 485 486 487 487 488 488 489 489 490 491 491 492 492 493 493 494 494 495 495 496 496 497 497 498 498 499 499 500 500 501 501 501 502 502 503 503 504 504 504 505 505 506 506 506 507 507 508 508 508 509 509 510 510 510 511 511 511 512 512 329 330 330 330 331 331 331 332 332 332 333 333 333 334 334 334 334 335 335 335 336 336 336 336 337 337 337 337 338 338 338 339 339 339
483 484 484 485 486 486 487 487 488 488 489 490 490 491 491 492 492 493 493 494 494 495 495 496 496 497 497 498 498 499 499 500 500 501 501 501 502 502 503 503 504 504 504 505 505 506 506 506 507 507 508 508 508 509 509 509 510 510 328 328 328 329 329 329 330 330 330 331 331 331 332 332 332 332 333 333 333 334 334 334 335 335 335 335 336 336 336 336 337 337 337 338 338 338 338
482 483 483 484 484 485 486 486 487 487 488 489 489 490 490 491 491 492 492 493 493 494 494 495 495 496 496 497 497 498 498 499 499 500 500 501 501 501 502 502 503 503 504 504 504 505 505 506 506 506 507 507 508 508 508 509 326 326 327 327 327 328 328 328 329 329 329 330 330 330 331 331 331 332 332 332 333 333 333 333 334 334 334 335 335 335 335 336 336 336 337 337 337 337 338
481 482 482 483 483 484 485 485 486 486 487 488 488 489 489 490 490 491 491 492 492 493 494 494 495 495 495 496 496 497 497 498 498 499 499 500 500 501 501 501 502 502 503 503 504 504 504 505 505 506 506 506 507 324 324 325 325 326 326 326 327 327 327 328 328 328 329 329 329 330 330 330 331 331 331 332 332 332 332 333 333 333 334 334 334 334 335 335 335 335 336 336 336 337 337
480 480 481 482 482 483 484 484 485 485 486 487 487 488 488 489 489 490 490 491 492 492 493 493 494 494 495 495 496 496 496 497 497 498 498 499 499 500 500 501 501 501 502 502 503 503 503 504 504 505 505 322 323 323 324 324 324 325 325 325 326 326 326 327 327 328 328 328 328 329 329 329 330 330 330 331 331 331 332 332 332 333 333 333 333 334 334 334 334 335 335 335 336 336 336
479 479 480 481 481 482 482 483 484 484 485 486 486 487 487 488 488 489 489 490 491 491 492 492 493 493 494 494 495 495 496 496 496 497 497 498 498 499 499 500 500 501 501 501 502 502 503 503 320 321 321 322 322 322 323 323 323 324 324 325 325 325 326 326 326 327 327 327 328 328 328 329 329 329 330 330 330 331 331 331 331 332 332 332 333 333 333 333 334 334 334 335 335 335 335
477 478 479 479 480 481 481 482 483 483 484 484 485 486 486 487 487 488 488 489 490 490 491 491 492 492 493 493 494 494 495 495 496 496 496 497 497 498 498 499 499 500 500 500 501 318 319 319 320 320 320 321 321 321 322 322 323 323 323 324 324 324 325 325 326 326 326 327 327 327 328 328 328 328 329 329 329 330 330 330 331 331 331 332 332 332 332 333 333 333 333 334 334 334 335
476 477 478 478 479 480 480 481 482 482 483 483 484 485 485 486 486 487 487 488 488 489 490 490 491 491 492 492 493 493 494 494 495 495 496 496 496 497 497 498 498 499 499 317 317 317 318 318 319 319 319 320 320 321 321 321 322 322 323 323 323 324 324 324 325 325 325 326 326 326 327 327 327 328 328 328 329 329 329 330 330 330 330 331 331 331 332 332 332 332 333 333 333 333 334
475 476 476 477 478 478 479 480 480 481 482 482 483 483 484 485 485 486 486 487 487 488 489 489 490 490 491 491 492 492 493 493 494 494 495 495 496 496 496 497 314 315 315 316 316 316 317 317 318 318 319 319 319 320 320 321 321 321 322 322 322 323 323 323 324 324 325 325 325 326 326 326 327 327 327 327 328 328 328 329 329 329 330 330 330 330 331 331 331 332 332 332 332 333 333
474 475 475 476 477 477 478 479 479 480 481 481 482 482 483 484 484 485 485 486 486 487 488 488 489 489 490 490 491 491 492 492 493 493 494 494 495 312 312 313 313 314 314 315 315 316 316 316 317 317 318 318 318 319 319 320 320 320 321 321 322 322 322 323 323 323 324 324 324 325 325 325 326 326 326 327 327 327 328 328 328 328 329 329 329 330 330 330 331 331 331 331 332 332 332
473 473 474 475 475 476 477 477 478 479 479 480 481 481 482 482 483 484 484 485 485 486 486 487 488 488 489 489 490 490 491 491 492 492 310 310 311 311 312 312 312 313 313 314 314 315 315 315 316 316 317 317 318 318 318 319 319 319 320 320 321 321 321 322 322 322 323 323 323 324 324 324 325 325 325 326 326 326 327 327 327 328 328 328 329 329 329 329 330 330 330 331 331 331 331
471 472 473 473 474 475 476 476 477 478 478 479 479 480 481 481 482 483 483 484 484 485 485 486 486 487 488 488 489 489 490 307 308 308 309 309 310 310 311 311 311 312 312 313 313 314 314 315 315 315 316 316 317 317 317 318 318 319 319 319 320 320 320 321 321 322 322 322 323 323 323 324 324 324 325 325 325 326 326 326 327 327 327 327 328 328 328 329 329 329 329 330 330 330 331
470 471 472 472 473 474 474 475 476 476 477 478 478 479 480 480 481 481 482 483 483 484 484 485 485 486 486 304 305 305 306 306 307 307 308 308 309 309 310 310 310 311 311 312 312 313 313 314 314 314 315 315 316 316 316 317 317 318 318 318 319 319 320 320 320 321 321 321 322 322 322 323 323 323 324 324 324 325 325 325 326 326 326 327 327 327 327 328 328 328 329 329 329 329 330
469 469 470 471 472 472 473 474 474 475 476 476 477 478 478 479 480 480 481 481 482 483 483 484 301 302 302 303 303 304 305 305 306 306 307 307 308 308 309 309 309 310 310 311 311 312 312 313 313 313 314 314 315 315 316 316 316 317 317 318 318 318 319 319 319 320 320 320 321 321 322 322 322 323 323 323 324 324 324 324 325 325 325 326 326 326 327 327 327 327 328 328 328 329 329
467 468 469 470 470 471 472 472 473 474 475 475 476 477 477 478 478 479 480 480 298 298 299 300 300 301 301 302 302 303 303 304 304 305 306 306 307 307 307 308 308 309 309 310 310 311 311 312 312 312 313 313 314 314 315 315 315 316 316 317 317 317 318 318 318 319 319 320 320 320 321 321 321 322 322 322 323 323 323 324 324 324 325 325 325 325 326 326 326 327 327 327 327 328 328
471 467 467 468 469 470 470 471 472 473 473 474 475 475 476 477 294 295 295 296 297 297 298 298 299 300 300 301 301 302 302 303 303 304 304 305 305 306 306 307 307 308 308 309 309 310 310 311 311 312 312 312 313 313 314 314 314 315 315 316 316 316 317 317 318 318 318 319 319 319 320 320 320 321 321 321 322 322 322 323 323 323 324 324 324 325 325 325 325 326 326 326 327 327 327
469 470 471 472 473 473 469 470 471 471 472 473 290 291 292 292 293 294 294 295 296 296 297 297 298 298 299 300 300 301 301 302 302 303 303 304 304 305 305 306 306 307 307 308 308 309 309 310 310 311 311 311 312 312 313 313 313 314 314 315 315 315 316 316 317 317 317 318 318 318 319 319 319 320 320 321 321 321 322 322 322 322 323 323 323 324 324 324 325 325 325 325 326 326 326
468 469 470 470 471 472 473 474 291 292 288 288 289 290 290 291 292 292 293 294 294 295 296 296 297 297 298 298 299 300 300 301 301 302 302 303 303 304 304 305 305 306 306 307 307 308 308 309 309 309 310 310 311 311 312 312 312 313 313 314 314 314 315 315 316 316 316 317 317 317 318 318 319 319 319 320 320 320 321 321 321 322 322 322 323 323 323 323 324 324 324 325 325 325 325
466 467 468 469 287 288 288 289 290 291 291 292 293 293 289 290 290 291 292 292 293 294 294 295 296 296 297 297 298 298 299 300 300 301 301 302 302 303 303 304 304 305 305 306 306 307 307 308 308 308 309 309 310 310 311 311 311 312 312 313 313 314 314 314 315 315 315 316 316 317 317 317 318 318 318 319 319 319 320 320 320 321 321 321 322 322 322 323 323 323 323 324 324 324 325
282 283 284 284 285 286 287 288 288 289 290 291 291 292 293 293 294 295 291 291 292 292 293 294 294 295 295 296 297 297 298 298 299 299 300 301 301 302 302 303 303 304 304 305 305 306 306 306 307 307 308 308 309 309 310 310 310 311 311 312 312 313 313 313 314 314 314 315 315 316 316 316 317 317 317 318 318 318 319 319 319 320 320 320 321 321 321 322 322 322 323 323 323 323 324
280 281 282 283 284 285 285 286 287 288 289 289 290 291 291 292 293 294 294 295 296 296 292 292 293 294 294 295 295 296 297 297 298 298 299 299 300 300 301 301 302 302 303 303 304 304 305 305 306 306 307 307 308 308 309 309 309 310 310 311 311 312 312 312 313 313 313 314 314 315 315 315 316 316 316 317 317 317 318 318 318 319 319 319 320 320 320 321 321 321 322 322 322 322 323
279 280 280 281 282 283 284 285 286 286 287 288 289 289 290 291 291 292 293 294 294 295 296 296 297 292 293 294 294 295 295 296 297 297 298 298 299 299 300 300 301 301 302 302 303 303 304 304 305 305 306 306 307 307 308 308 308 309 309 310 310 310 311 311 312 312 312 313 313 314 314 314 315 315 315 316 316 316 317 317 318 318 318 318 319 319 319 320 320 320 321 321 321 322 322
277 278 279 280 281 281 282 283 284 285 286 286 287 288 289 289 290 291 291 292 293 294 294 295 295 296 297 297 293 294 294 295 295 296 296 297 298 298 299 299 300 300 301 301 302 302 303 303 304 304 305 305 306 306 306 307 307 308 308 309 309 309 310 310 311 311 311 312 312 313 313 313 314 314 314 315 315 316 316 316 317 317 317 318 318 318 319 319 319 319 320 320 320 321 321
276 277 277 278 279 280 281 282 282 283 284 285 286 286 287 288 289 289 290 291 291 292 293 293 294 295 295 296 297 297 298 293 294 295 295 296 296 297 297 298 299 299 300 300 301 301 302 302 303 303 304 304 304 305 305 306 306 307 307 308 308 308 309 309 310 310 310 311 311 312 312 312 313 313 313 314 314 315 315 315 316 316 316 317 317 317 318 318 318 318 319 319 319 320 320
274 275 276 277 278 279 280 280 281 282 282 283 284 285 286 286 287 288 289 289 290 291 291 292 293 293 294 295 295 296 297 297 298 298 294 295 295 296 296 297 297 298 298 299 299 300 300 301 301 302 302 303 303 304 304 305 305 306 306 306 307 307 308 308 309 309 309 310 310 311 311 311 312 312 312 313 313 314 314 314 315 315 315 316 316 316 317 317 317 318 318 318 318 319 319
273 274 275 276 277 277 278 279 280 281 282 282 283 283 284 285 286 286 287 288 289 289 290 291 291 292 293 293 294 295 295 296 297 297 298 298 299 294 295 296 296 297 297 298 298 299 299 300 300 301 301 302 302 303 303 304 304 304 305 305 306 306 307 307 307 308 308 309 309 309 310 310 311 311 311 312 312 312 313 313 314 314 314 315 315 315 316 316 316 317 317 317 317 318 318
272 274 275 276 276 277 278 278 279 280 280 281 282 283 284 283 284 285 286 286 287 288 289 289 290 291 291 292 293 293 294 295 295 296 296 297 298 298 299 299 295 295 296 296 297 298 298 299 299 300 300 301 301 301 302 302 303 303 304 304 305 305 306 306 306 307 307 308 308 308 309 309 310 310 310 311 311 311 312 312 313 313 313 314 314 314 315 315 315 316 316 316 316 317 317
271 272 273 274 275 276 277 278 278 279 279 280 281 282 282 283 284 284 284 285 286 286 287 288 289 289 290 291 291 292 293 293 294 294 295 296 296 297 297 298 299 299 295 295 296 296 297 297 298 298 299 299 300 300 301 301 302 302 303 303 304 304 304 305 305 306 306 307 307 307 308 308 309 309 309 310 310 310 311 311 311 312 312 313 313 313 314 314 314 315 315 315 315 316 316
270 270 271 273 274 275 276 276 277 278 279 280 279 280 281 282 283 283 283 284 285 286 286 286 287 288 288 289 290 290 291 292 292 293 294 294 295 296 296 297 297 298 298 299 299 295 296 296 297 297 298 298 299 299 300 300 301 301 301 302 302 303 303 304 304 305 305 305 306 306 307 307 307 308 308 309 309 309 310 310 310 311 311 311 312 312 313 313 313 314 314 314 314 315 315
268 269 270 271 273 274 274 275 276 277 278 278 279 280 280 281 281 282 283 284 284 284 285 286 286 286 287 288 288 289 290 290 291 292 292 293 294 294 295 295 296 297 297 298 298 299 299 295 295 296 296 297 297 298 298 299 299 300 300 301 301 302 302 303 303 303 304 304 305 305 306 306 306 307 307 307 308 308 309 309 309 310 310 310 311 311 311 312 312 312 313 313 313 314 314
266 268 269 270 270 272 273 274 275 276 276 277 278 279 280 280 280 281 282 283 283 284 284 285 285 286 286 287 287 288 288 289 290 290 291 292 292 293 293 294 295 295 296 296 297 297 298 299 299 295 295 296 296 297 297 298 298 299 299 300 300 300 301 301 302 302 303 303 304 304 304 305 305 306 306 306 307 307 308 308 308 309 309 309 310 310 310 311 311 311 312 312 312 313 313
265 266 267 268 269 270 271 273 274 274 275 276 277 278 278 279 280 281 281 281 282 283 284 284 284 285 286 286 286 287 288 287 288 289 289 290 291 291 292 293 293 294 294 295 296 296 297 297 298 298 299 299 295 295 296 296 297 297 298 298 299 299 300 300 301 301 302 302 302 303 303 304 304 304 305 305 306 306 306 307 307 308 308 308 309 309 309 310 310 310 311 311 311 312 312
263 263 265 266 268 269 270 270 271 273 274 275 276 276 277 278 279 279 280 280 281 282 282 283 284 284 284 285 286 286 286 287 288 288 288 289 289 290 291 291 292 292 293 294 294 295 295 296 296 297 298 298 299 299 295 295 296 296 297 297 298 298 299 299 299 300 300 301 301 302 302 302 303 303 304 304 305 305 305 306 306 306 307 307 308 308 308 309 309 309 310 310 310 311 465
260 261 263 264 266 267 268 269 270 271 272 273 274 275 276 277 277 278 279 280 280 280 281 282 283 283 283 284 285 285 286 286 287 287 287 288 289 288 289 290 290 291 292 292 293 293 294 295 295 296 296 297 297 298 298 299 294 295 295 296 296 297 297 298 298 299 299 300 300 300 301 301 302 302 303 303 303 304 304 305 305 305 306 306 306 307 307 307 308 308 309 309 463 464 464
