testData/tiles/oneDegree/grid27.0-13.0-28.0-14.0.asc
ncols   200
nrows   200
xllcorner   27.0
yllcorner   13.0
cellsize   0.005
NODATA_value   -9999.0
[rows 43 to 85 of 200, columns 0 to 95 of 200]
107 107 107 107 107 107 107 107 107 107 107 107 107 107 107 107 107 107 107 135 135 135 135 135 171 171 171 171 171 171 171 171 171 171 171 171 171 171 171 323 323 323 323 323 323 323 323 323 323 323 323 323 323 323 323 323 323 323 323 323 323 324 324 325 374 374 375 375 377 384 389 395 400 404 409 413 416 421 424 427 431 434 437 441 443 447 449 452 455 457 460 462 465 467 469 472
107 107 107 107 107 107 107 107 107 107 107 107 107 107 107 107 107 107 107 107 135 135 135 135 135 171 171 171 171 171 171 171 171 171 171 171 171 171 171 323 323 323 323 323 323 323 323 323 323 323 323 323 323 323 323 323 323 323 323 323 323 323 324 324 325 326 374 375 375 376 383 388 393 399 403 407 412 415 419 422 426 430 433 436 440 442 445 448 451 454 456 459 461 463 466 468
107 107 107 107 107 107 107 107 107 107 107 107 107 107 107 107 107 107 107 107 107 135 135 135 135 171 171 171 171 171 171 171 171 171 171 171 171 171 171 323 323 323 323 323 323 323 323 323 323 323 323 323 323 323 323 323 323 323 323 323 323 323 323 324 324 325 326 374 375 375 376 381 386 392 397 401 406 410 414 418 421 425 429 431 435 437 441 444 446 449 452 454 457 459 462 464
108 108 108 108 108 108 108 108 108 108 108 108 108 107 107 107 107 107 107 107 107 135 135 135 135 171 171 171 171 171 171 171 171 171 171 171 171 171 171 171 323 323 323 323 323 323 323 323 323 323 323 323 323 323 323 323 323 323 323 323 323 323 323 323 324 324 325 326 374 375 375 376 378 384 389 395 399 404 407 412 416 419 423 427 430 433 436 439 442 444 448 450 453 456 458 460
108 108 108 108 108 108 108 108 108 108 108 108 108 108 108 108 108 108 108 107 107 107 135 135 135 171 171 171 171 171 171 171 171 171 171 171 171 171 171 171 323 323 323 323 323 323 323 323 323 323 323 323 323 323 323 323 323 323 323 323 323 323 323 323 323 324 324 325 326 326 375 375 376 377 381 387 392 397 402 405 410 414 417 421 425 428 431 434 437 440 443 446 448 451 454 456
108 108 108 108 108 108 108 108 108 108 108 108 108 108 108 108 108 108 108 108 108 108 108 136 135 135 171 171 171 171 171 171 171 171 171 171 171 171 171 171 323 323 323 323 323 323 323 323 323 323 323 323 323 323 323 323 323 323 323 323 323 323 323 323 323 323 324 324 325 326 326 375 375 376 377 377 384 390 394 399 403 407 412 415 419 422 425 429 431 435 437 440 444 446 449 451
38 108 108 108 108 108 108 108 108 108 108 108 108 108 108 108 108 108 108 108 108 108 108 108 136 136 172 171 171 171 171 171 171 171 171 171 171 171 171 171 171 323 323 323 323 323 323 323 323 323 323 323 323 323 323 323 323 323 323 323 323 323 323 323 323 323 323 324 324 325 325 326 327 375 376 377 377 380 385 391 396 400 404 409 412 416 419 423 426 429 432 435 438 441 443 446
38 108 108 108 108 108 108 108 108 108 108 108 108 108 108 108 108 108 108 108 108 108 108 108 108 136 172 172 172 172 171 171 171 171 171 171 171 171 171 171 171 323 323 323 323 323 323 323 323 323 323 323 323 323 323 323 323 323 323 323 323 323 323 323 323 323 323 323 324 324 325 325 326 327 327 376 377 377 378 381 387 392 396 401 404 409 413 416 420 422 426 430 432 435 437 441
39 39 109 108 108 108 108 108 108 108 108 108 108 108 108 108 108 108 108 108 108 108 108 108 108 108 136 172 172 172 172 172 172 171 171 171 171 171 171 171 171 323 323 323 323 323 323 323 323 323 323 323 323 323 323 323 323 323 323 323 323 323 323 323 323 323 323 323 323 324 324 325 325 326 327 327 376 377 377 378 378 382 388 392 397 401 405 409 412 416 419 423 426 429 432 434
39 39 109 109 109 109 109 109 109 109 109 109 109 109 108 108 108 108 108 108 108 108 108 108 108 108 136 172 172 172 172 172 172 172 172 172 171 171 171 171 171 171 323 323 323 323 323 323 323 323 323 323 323 323 323 323 323 323 323 323 323 323 323 323 323 323 323 323 323 323 324 324 325 325 326 327 327 328 376 377 378 378 379 383 387 392 396 401 405 409 413 415 419 422 425 429
39 39 109 109 109 109 109 109 109 109 109 109 109 109 109 109 109 109 109 108 108 108 108 108 108 108 108 172 172 172 172 172 172 172 172 172 172 172 171 171 171 171 323 323 323 323 323 323 323 323 323 323 323 323 323 323 323 323 323 323 323 323 323 323 323 323 323 323 323 323 323 323 324 325 325 326 327 327 328 328 329 378 378 379 379 381 387 391 396 400 404 408 411 415 418 421
39 39 39 109 109 109 109 109 109 109 109 109 109 109 109 109 109 109 109 109 109 109 109 108 108 108 108 144 172 172 172 172 172 172 172 172 172 172 172 172 171 171 323 323 323 323 323 323 323 323 323 323 323 323 323 323 323 323 323 323 323 323 323 323 323 323 323 323 323 323 323 323 323 324 325 325 326 327 327 328 328 329 330 378 379 379 380 381 385 391 394 399 402 407 411 413
39 39 39 109 109 109 109 109 109 109 109 109 109 109 109 109 109 109 109 109 109 109 109 109 109 109 109 108 144 172 172 172 172 172 172 172 172 172 172 172 172 172 171 323 323 323 323 323 323 323 323 323 323 323 323 323 323 323 323 323 323 323 323 323 323 323 323 323 323 323 323 323 323 323 324 325 325 326 326 327 328 328 329 329 330 379 379 380 380 381 384 388 393 397 401 405
39 39 39 39 109 109 109 109 109 109 109 109 109 109 109 109 109 109 109 109 109 109 109 109 109 109 109 109 145 145 172 172 172 172 172 172 172 172 172 172 172 172 172 324 323 323 323 323 323 323 323 323 323 323 323 323 323 323 323 323 323 323 323 323 323 323 323 323 323 323 323 323 323 323 323 324 325 325 326 326 327 328 328 329 329 330 331 331 380 380 381 381 382 386 390 395
40 40 40 40 110 110 109 109 109 109 109 109 109 109 109 109 109 109 109 109 109 109 109 109 109 109 109 109 145 145 145 173 173 172 172 172 172 172 172 172 172 172 172 324 324 324 323 323 323 323 323 323 323 323 323 323 323 323 323 323 323 323 323 323 323 323 323 323 323 323 323 323 323 323 323 323 324 324 325 326 326 327 327 328 329 329 330 330 331 332 380 381 381 382 383 383
40 40 40 40 40 110 110 110 110 110 110 110 110 110 109 109 109 109 109 109 109 109 109 109 109 109 109 109 109 145 145 145 173 173 173 172 172 172 172 172 172 172 172 172 324 324 324 324 323 323 323 323 323 323 323 323 323 323 323 323 323 323 323 323 323 323 323 323 323 323 323 323 323 323 323 323 323 324 324 325 326 326 327 327 328 329 329 330 330 331 332 332 333 381 382 382
40 40 40 40 40 110 110 110 110 110 110 110 110 110 110 110 110 110 110 109 109 109 109 109 109 109 109 109 109 145 145 145 145 173 173 173 173 172 172 172 172 172 172 172 324 324 324 324 324 324 323 323 323 323 323 323 323 323 323 323 323 323 323 323 323 323 323 323 323 323 323 323 323 323 323 323 323 323 324 324 325 326 326 327 327 328 328 329 330 330 331 331 332 333 333 334
40 40 40 40 40 40 110 110 110 110 110 110 110 110 110 110 110 110 110 110 110 110 110 109 109 109 109 109 109 145 145 145 145 145 173 173 173 173 173 172 172 172 172 172 324 324 324 324 324 324 324 323 323 323 323 323 323 323 323 323 323 323 323 323 323 323 323 323 323 323 323 323 323 323 323 323 323 323 323 324 324 325 325 326 327 327 328 328 329 330 330 331 331 332 332 333
40 40 40 40 40 40 110 110 110 110 110 110 110 110 110 110 110 110 110 110 110 110 110 110 110 110 109 109 109 145 145 145 145 145 145 173 173 173 173 173 173 172 172 172 172 324 324 324 324 324 324 324 324 323 323 323 323 323 323 323 323 323 323 323 323 323 323 323 323 323 323 323 323 323 323 323 323 323 323 323 324 324 325 325 326 326 327 328 328 329 329 330 331 331 332 332
40 40 40 40 40 40 40 110 110 110 110 110 110 110 110 110 110 110 110 110 110 110 110 110 110 110 110 110 110 109 145 145 145 145 145 145 173 173 173 173 173 173 173 172 172 324 324 324 324 324 324 324 324 324 323 323 323 323 323 323 323 323 323 323 323 323 323 323 323 323 323 323 323 323 323 323 323 323 323 323 323 323 324 325 325 326 326 327 328 328 329 329 330 330 331 332
41 41 41 41 41 41 41 110 110 110 110 110 110 110 110 110 110 110 110 110 110 110 110 110 110 110 110 110 110 110 146 146 145 145 145 145 173 173 173 173 173 173 173 173 173 324 324 324 324 324 324 324 324 324 324 324 323 323 323 323 323 323 323 323 323 323 323 323 323 323 323 323 323 323 323 323 323 323 323 323 323 323 323 324 325 325 326 326 327 327 328 329 329 330 330 331
41 41 41 41 41 41 41 41 111 111 111 111 111 111 110 110 110 110 110 110 110 110 110 110 110 110 110 110 110 110 146 146 146 146 145 145 145 173 173 173 173 173 173 173 173 173 325 324 324 324 324 324 324 324 324 324 324 323 323 323 323 323 323 323 323 323 323 323 323 323 323 323 323 323 323 323 323 323 323 323 323 323 323 323 324 324 325 326 326 327 327 328 328 329 330 330
41 41 41 41 41 41 41 41 111 111 111 111 111 111 111 111 111 111 111 110 110 110 110 110 110 110 110 110 110 110 110 146 146 146 146 146 145 145 173 173 173 173 173 173 173 173 325 325 324 324 324 324 324 324 324 324 324 324 323 323 323 323 323 323 323 323 323 323 323 323 323 323 323 323 323 323 323 323 323 323 323 323 323 323 323 324 324 325 325 326 327 327 328 328 329 329
41 41 41 41 41 41 41 41 41 111 111 111 111 111 111 111 111 111 111 111 111 111 111 110 110 110 110 110 110 110 110 146 146 146 146 146 146 146 145 173 173 173 173 173 173 173 173 325 325 325 324 324 324 324 324 324 324 324 324 324 323 323 323 323 323 323 323 323 323 323 323 323 323 323 323 323 323 323 323 323 323 323 323 323 323 323 324 324 325 325 326 326 327 328 328 329
41 41 41 41 41 41 41 41 41 111 111 111 111 111 111 111 111 111 111 111 111 111 111 111 111 111 110 110 110 110 110 146 146 146 146 146 146 146 146 146 173 173 173 173 173 173 173 325 325 325 325 324 324 324 324 324 324 324 324 324 324 323 323 323 323 323 323 323 323 323 323 323 323 323 323 323 323 323 323 323 323 323 323 323 323 323 323 323 324 325 325 326 326 327 327 328
41 41 41 41 41 41 41 41 41 41 111 111 111 111 111 111 111 111 111 111 111 111 111 111 111 111 111 111 110 110 110 110 146 146 146 146 146 146 146 146 146 174 173 173 173 173 173 325 325 325 325 325 325 324 324 324 324 324 324 324 324 324 323 323 323 323 323 323 323 323 323 323 323 323 323 323 323 323 323 323 323 323 323 323 323 323 323 323 323 324 324 325 326 326 327 327
42 42 42 42 42 42 42 42 41 41 111 111 111 111 111 111 111 111 111 111 111 111 111 111 111 111 111 111 111 111 111 110 146 146 146 146 146 146 146 146 146 146 174 174 173 173 173 173 325 325 325 325 325 325 324 324 324 324 324 324 324 324 324 323 323 323 323 323 323 323 323 323 323 323 323 323 323 323 323 323 323 323 323 323 323 323 323 323 323 323 324 324 325 325 326 327
42 42 42 42 42 42 42 42 42 42 42 112 112 112 112 111 111 111 111 111 111 111 111 111 111 111 111 111 111 111 111 111 147 146 146 146 146 146 146 146 146 146 146 174 174 173 173 173 325 325 325 325 325 325 325 324 324 324 324 324 324 324 324 324 323 323 323 323 323 323 323 323 323 323 323 323 323 323 323 323 323 323 323 323 323 323 323 323 323 323 323 324 324 325 325 326
42 42 42 42 42 42 42 42 42 42 42 112 112 112 112 112 112 112 112 111 111 111 111 111 111 111 111 111 111 111 111 111 111 147 147 146 146 146 146 146 146 146 146 146 174 174 174 173 173 325 325 325 325 325 325 325 324 324 324 324 324 324 324 324 324 323 323 323 323 323 323 323 323 323 323 323 323 323 323 323 323 323 323 323 323 323 323 323 323 323 323 323 323 324 325 325
42 42 42 42 42 42 42 42 42 42 42 42 112 112 112 112 112 112 112 112 112 112 111 111 111 111 111 111 111 111 111 111 111 147 147 147 147 146 146 146 146 146 146 146 146 174 174 174 173 325 325 325 325 325 325 325 325 325 324 324 324 324 324 324 324 324 323 323 323 323 323 323 323 323 323 323 323 323 323 323 323 323 323 323 323 323 323 323 323 323 323 323 323 323 324 324
42 42 42 42 42 42 42 42 42 42 42 42 112 112 112 112 112 112 112 112 112 112 112 112 112 111 111 111 111 111 111 111 111 147 147 147 147 147 147 146 146 146 146 146 146 146 174 174 174 325 325 325 325 325 325 325 325 325 325 324 324 324 324 324 324 324 324 323 323 323 323 323 323 323 323 323 323 323 323 323 323 323 323 323 323 323 323 323 323 323 323 323 323 323 323 324
42 42 42 42 42 42 42 42 42 42 42 42 42 112 112 112 112 112 112 112 112 112 112 112 112 112 112 112 111 111 111 111 111 111 147 147 147 147 147 147 146 146 146 146 146 146 146 174 174 174 326 325 325 325 325 325 325 325 325 325 324 324 324 324 324 324 324 324 323 323 323 323 323 323 323 323 323 323 323 323 323 323 323 323 323 323 323 323 323 323 323 323 323 323 323 323
43 43 43 43 43 43 43 43 43 42 42 42 42 112 112 112 112 112 112 112 112 112 112 112 112 112 112 112 112 112 111 111 111 111 147 147 147 147 147 147 147 147 146 146 146 146 146 146 174 174 326 326 325 325 325 325 325 325 325 325 325 324 324 324 324 324 324 324 324 323 323 323 323 323 323 323 323 323 323 323 323 323 323 323 323 323 323 323 323 323 323 323 323 323 323 323
43 43 43 43 43 43 43 43 43 43 43 43 43 43 113 112 112 112 112 112 112 112 112 112 112 112 112 112 112 112 112 112 111 111 147 147 147 147 147 147 147 147 147 147 146 146 146 146 146 146 174 326 326 325 325 325 325 325 325 325 325 325 324 324 324 324 324 324 324 324 323 323 323 323 323 323 323 323 323 323 323 323 323 323 323 323 323 323 323 323 323 323 323 323 323 323
43 43 43 43 43 43 43 43 43 43 43 43 43 43 113 113 113 113 112 112 112 112 112 112 112 112 112 112 112 112 112 112 112 112 111 147 147 147 147 147 147 147 147 147 147 146 146 146 146 146 146 326 326 326 325 325 325 325 325 325 325 325 325 324 324 324 324 324 324 324 324 323 323 323 323 323 323 323 323 323 323 323 323 323 323 323 323 323 323 323 323 323 323 323 323 323
43 43 43 43 43 43 43 43 43 43 43 43 43 43 43 113 113 113 113 113 113 113 112 112 112 112 112 112 112 112 112 112 112 112 112 148 147 147 147 147 147 147 147 147 147 147 146 146 146 146 146 146 326 326 326 326 325 325 325 325 325 325 325 325 324 324 324 324 324 324 324 324 323 323 323 323 323 323 323 323 323 323 323 323 323 323 323 323 323 323 323 323 323 323 323 323
43 43 43 43 43 43 43 43 43 43 43 43 43 43 43 113 113 113 113 113 113 113 113 113 112 112 112 112 112 112 112 112 112 112 112 148 148 147 147 147 147 147 147 147 147 147 147 147 146 146 146 146 298 326 326 326 326 325 325 325 325 325 325 325 325 324 324 324 324 324 324 324 324 323 323 323 323 323 323 323 323 323 323 323 323 323 323 323 323 323 323 323 323 323 323 323
43 43 43 43 43 43 43 43 43 43 43 43 43 43 43 43 113 113 113 113 113 113 113 113 113 113 113 112 112 112 112 112 112 112 112 112 148 148 148 147 147 147 147 147 147 147 147 147 147 146 146 146 146 298 326 326 326 326 325 325 325 325 325 325 325 325 324 324 324 324 324 324 324 324 323 323 323 323 323 323 323 323 323 323 323 323 323 323 323 323 323 323 323 323 323 323
44 44 44 44 44 44 44 44 44 43 43 43 43 43 43 43 113 113 113 113 113 113 113 113 113 113 113 113 113 112 112 112 112 112 112 112 148 148 148 148 147 147 147 147 147 147 147 147 147 147 146 146 146 298 298 326 326 326 326 325 325 325 325 325 325 325 325 324 324 324 324 324 324 324 323 323 323 323 323 323 323 323 323 323 323 323 323 323 323 323 323 323 323 323 323 323
44 44 44 44 44 44 44 44 44 44 44 44 44 44 43 43 43 113 113 113 113 113 113 113 113 113 113 113 113 113 113 112 112 112 112 112 148 148 148 148 148 148 147 147 147 147 147 147 147 147 147 146 146 146 298 298 326 326 326 326 325 325 325 325 325 325 325 325 324 324 324 324 324 324 324 323 323 323 323 323 323 323 323 323 323 323 323 323 323 323 323 323 323 323 323 323
44 44 44 44 44 44 44 44 44 44 44 44 44 44 44 44 44 114 113 113 113 113 113 113 113 113 113 113 113 113 113 113 113 112 112 112 112 148 148 148 148 148 148 147 147 147 147 147 147 147 147 147 146 146 298 298 298 326 326 326 326 325 325 325 325 325 325 325 324 324 324 324 324 324 324 324 323 323 323 323 323 323 323 323 323 323 323 323 323 323 323 323 323 323 323 323
44 44 44 44 44 44 44 44 44 44 44 44 44 44 44 44 44 44 114 114 114 113 113 113 113 113 113 113 113 113 113 113 113 113 112 112 112 148 148 148 148 148 148 148 147 147 147 147 147 147 147 147 147 146 298 298 298 298 326 326 326 326 325 325 325 325 325 325 325 324 324 324 324 324 324 324 324 323 323 323 323 323 323 323 323 323 323 323 323 323 323 323 323 323 323 323
44 44 44 44 44 44 44 44 44 44 44 44 44 44 44 44 44 44 44 114 114 114 114 113 113 113 113 113 113 113 113 113 113 113 113 113 112 148 148 148 148 148 148 148 148 148 147 147 147 147 147 147 147 147 146 298 298 298 298 326 326 326 325 325 325 325 325 325 325 325 324 324 324 324 324 324 324 323 323 323 323 323 323 323 323 323 323 323 323 323 323 323 323 323 323 323
