testData/tiles/oneDegree/grid25.0-0.0-26.0-1.0.asc
ncols   200
nrows   200
xllcorner   25.0
yllcorner   0.0
cellsize   0.005
NODATA_value   -9999.0
[rows 0 to 41 of 200, columns 94 to 187 of 200]
578 579 579 580 580 581 581 581 582 582 583 583 583 584 584 584 585 585 585 586 586 586 586 587 587 587 587 587 588 588 588 588 588 588 588 588 588 589 589 589 589 589 589 589 588 588 588 588 588 588 588 359 359 358 358 358 358 358 357 357 357 357 356 356 356 355 355 355 354 354 354 353 353 352 352 352 351 351 350 350 349 349 349 348 348 347 347 346 346 345 345 344 344 343
578 578 579 579 580 580 580 581 581 582 582 582 583 583 583 584 584 584 585 585 585 585 586 586 586 586 586 587 587 587 587 587 587 587 588 588 588 588 588 588 588 588 588 588 588 588 588 587 587 587 587 358 358 358 357 357 357 357 357 356 356 356 356 355 355 355 354 354 354 353 353 353 352 352 351 351 351 350 350 349 349 348 348 347 347 347 346 346 345 345 344 344 343 342
577 578 578 579 579 579 580 580 581 581 581 582 582 582 583 583 583 584 584 584 584 585 585 585 585 586 586 586 586 586 586 587 587 587 587 587 587 587 587 587 587 587 587 587 587 587 587 587 587 587 586 357 357 357 357 357 356 356 356 356 355 355 355 355 354 354 354 353 353 353 352 352 352 351 351 350 350 350 349 349 348 348 347 347 346 346 345 345 345 344 344 343 342 342
577 577 578 578 578 579 579 580 580 580 581 581 581 582 582 582 583 583 583 583 584 584 584 584 585 585 585 585 585 586 586 586 586 586 586 586 586 586 586 586 586 586 586 586 586 586 586 586 586 586 586 357 356 356 356 356 356 355 355 355 355 354 354 354 354 353 353 353 352 352 352 351 351 351 350 350 349 349 349 348 348 347 347 346 346 345 345 344 344 343 343 342 342 341
576 576 577 577 578 578 579 579 579 580 580 580 581 581 581 582 582 582 582 583 583 583 583 584 584 584 584 584 585 585 585 585 585 585 585 585 585 586 586 586 586 586 586 586 585 585 585 585 585 585 585 356 356 355 355 355 355 355 354 354 354 354 353 353 353 353 352 352 352 351 351 351 350 350 350 349 349 348 348 347 347 347 346 346 345 345 344 344 343 343 342 342 341 341
575 576 576 577 577 577 578 578 579 579 579 580 580 580 581 581 581 581 582 582 582 583 583 583 583 583 584 584 584 584 584 584 584 584 585 585 585 585 585 585 585 585 585 585 585 585 585 584 584 584 584 355 355 355 355 354 354 354 354 354 353 353 353 352 352 352 352 351 351 351 350 350 350 349 349 348 348 348 347 347 346 346 346 345 345 344 344 343 343 342 342 341 341 340
575 575 576 576 576 577 577 578 578 578 579 579 579 580 580 580 581 581 581 581 582 582 582 582 582 583 583 583 583 583 583 584 584 584 584 584 584 584 584 584 584 584 584 584 584 584 584 584 584 584 583 354 354 354 354 354 353 353 353 353 353 352 352 352 352 351 351 351 350 350 350 349 349 349 348 348 347 347 347 346 346 345 345 345 344 344 343 343 342 342 341 341 340 340
574 575 575 575 576 576 577 577 577 578 578 578 579 579 579 580 580 580 580 581 581 581 581 582 582 582 582 582 582 583 583 583 583 583 583 583 583 583 583 583 583 583 583 583 583 583 583 583 583 583 583 354 353 353 353 353 353 353 352 352 352 352 351 351 351 351 350 350 350 349 349 349 348 348 348 347 347 346 346 346 345 345 344 344 343 343 343 342 342 341 341 340 340 339
574 574 574 575 575 576 576 576 577 577 577 578 578 578 579 579 579 579 580 580 580 580 581 581 581 581 581 582 582 582 582 582 582 582 582 582 582 582 583 583 583 583 583 582 582 582 582 582 582 582 582 353 353 353 352 352 352 352 352 351 351 351 351 350 350 350 350 349 349 349 348 348 348 347 347 347 346 346 345 345 345 344 344 343 343 342 342 341 341 341 340 340 339 339
573 573 574 574 574 575 575 576 576 576 577 577 577 578 578 578 578 579 579 579 579 580 580 580 580 580 581 581 581 581 581 581 581 581 582 582 582 582 582 582 582 582 582 582 582 582 582 581 581 581 581 352 352 352 352 351 351 351 351 351 350 350 350 350 349 349 349 349 348 348 348 347 347 347 346 346 345 345 345 344 344 344 343 343 342 342 341 341 340 340 339 339 339 338
572 573 573 573 574 574 575 575 575 576 576 576 577 577 577 577 578 578 578 578 579 579 579 579 580 580 580 580 580 580 580 581 581 581 581 581 581 581 581 581 581 581 581 581 581 581 581 581 581 581 580 351 351 351 351 351 351 350 350 350 350 349 349 349 349 348 348 348 348 347 347 347 346 346 346 345 345 344 344 344 343 343 342 342 342 341 341 340 340 339 339 338 338 337
572 572 572 573 573 574 574 574 575 575 575 576 576 576 576 577 577 577 578 578 578 578 578 579 579 579 579 579 579 580 580 580 580 580 580 580 580 580 580 580 580 580 580 580 580 580 580 580 580 580 580 351 350 350 350 350 350 350 349 349 349 349 349 348 348 348 347 347 347 347 346 346 346 345 345 345 344 344 343 343 343 342 342 341 341 341 340 340 339 339 338 338 337 337
571 571 572 572 573 573 573 574 574 574 575 575 575 575 576 576 576 577 577 577 577 577 578 578 578 578 578 579 579 579 579 579 579 579 579 579 579 579 580 580 580 580 580 579 579 579 579 579 579 579 579 350 350 350 349 349 349 349 349 348 348 348 348 348 347 347 347 346 346 346 346 345 345 345 344 344 344 343 343 342 342 342 341 341 340 340 340 339 339 338 338 337 337 336
570 571 571 571 572 572 573 573 573 574 574 574 574 575 575 575 576 576 576 576 577 577 577 577 577 578 578 578 578 578 578 578 578 579 579 579 579 579 579 579 579 579 579 579 579 579 579 579 578 578 578 349 349 349 349 349 348 348 348 348 348 347 347 347 347 346 346 346 345 345 345 345 344 344 344 343 343 342 342 342 341 341 341 340 340 339 339 338 338 338 337 337 336 336
570 570 570 571 571 572 572 572 573 573 573 574 574 574 574 575 575 575 575 576 576 576 576 576 577 577 577 577 577 577 577 578 578 578 578 578 578 578 578 578 578 578 578 578 578 578 578 578 578 578 577 348 348 348 348 348 348 347 347 347 347 347 346 346 346 346 345 345 345 345 344 344 344 343 343 343 342 342 341 341 341 340 340 340 339 339 338 338 337 337 337 336 336 335
569 569 570 570 571 571 571 572 572 572 573 573 573 573 574 574 574 574 575 575 575 575 576 576 576 576 576 576 576 577 577 577 577 577 577 577 577 577 577 577 577 577 577 577 577 577 577 577 577 577 577 348 347 347 347 347 347 347 347 346 346 346 346 345 345 345 345 344 344 344 344 343 343 343 342 342 342 341 341 340 340 340 339 339 338 338 338 337 337 336 336 335 335 335
568 569 569 570 570 570 571 571 571 572 572 572 572 573 573 573 573 574 574 574 574 575 575 575 575 575 575 576 576 576 576 576 576 576 576 576 576 576 576 577 577 577 576 576 576 576 576 576 576 576 576 347 347 347 346 346 346 346 346 346 345 345 345 345 344 344 344 344 343 343 343 343 342 342 342 341 341 341 340 340 339 339 339 338 338 337 337 337 336 336 335 335 334 334
568 568 568 569 569 570 570 570 571 571 571 571 572 572 572 573 573 573 573 573 574 574 574 574 574 575 575 575 575 575 575 575 575 576 576 576 576 576 576 576 576 576 576 576 576 576 576 576 575 575 575 346 346 346 346 346 345 345 345 345 345 344 344 344 344 344 343 343 343 342 342 342 342 341 341 341 340 340 339 339 339 338 338 338 337 337 336 336 336 335 335 334 334 333
567 567 568 568 569 569 569 570 570 570 570 571 571 571 572 572 572 572 573 573 573 573 573 574 574 574 574 574 574 574 574 575 575 575 575 575 575 575 575 575 575 575 575 575 575 575 575 575 575 575 574 345 345 345 345 345 345 345 344 344 344 344 344 343 343 343 343 342 342 342 341 341 341 341 340 340 340 339 339 338 338 338 337 337 337 336 336 335 335 335 334 334 333 333
566 567 567 568 568 568 569 569 569 569 570 570 570 571 571 571 571 572 572 572 572 572 573 573 573 573 573 573 574 574 574 574 574 574 574 574 574 574 574 574 574 574 574 574 574 574 574 574 574 574 574 574 345 344 344 344 344 344 344 343 343 343 343 343 342 342 342 342 341 341 341 340 340 340 340 339 339 339 338 338 337 337 337 336 336 336 335 335 334 334 333 333 333 332
566 566 567 567 567 568 568 568 568 569 569 569 570 570 570 570 571 571 571 571 571 572 572 572 572 572 573 573 573 573 573 573 573 573 573 573 573 573 573 574 574 574 573 573 573 573 573 573 573 573 573 573 344 344 344 343 343 343 343 343 342 342 342 342 342 341 341 341 341 340 340 340 339 339 339 339 338 338 338 337 337 336 336 336 335 335 334 334 334 333 333 332 332 332
565 565 566 566 567 567 567 567 568 568 568 569 569 569 569 570 570 570 570 571 571 571 571 571 571 572 572 572 572 572 572 572 572 573 573 573 573 573 573 573 573 573 573 573 573 573 573 573 572 572 572 572 343 343 343 343 342 342 342 342 342 342 341 341 341 341 340 340 340 340 339 339 339 338 338 338 338 337 337 336 336 336 335 335 335 334 334 333 333 333 332 332 331 331
564 565 565 565 566 566 566 567 567 567 568 568 568 568 569 569 569 569 570 570 570 570 570 571 571 571 571 571 571 571 571 572 572 572 572 572 572 572 572 572 572 572 572 572 572 572 572 572 572 572 571 571 342 342 342 342 342 342 341 341 341 341 341 340 340 340 340 339 339 339 339 338 338 338 337 337 337 336 336 336 335 335 335 334 334 334 333 333 332 332 332 331 331 330
564 564 564 565 565 565 566 566 566 567 567 567 567 568 568 568 568 569 569 569 569 569 570 570 570 570 570 570 571 571 571 571 571 571 571 571 571 571 571 571 571 571 571 571 571 571 571 571 571 571 571 571 342 341 341 341 341 341 341 340 340 340 340 340 339 339 339 339 338 338 338 338 337 337 337 336 336 336 335 335 335 334 334 334 333 333 333 332 332 331 331 331 330 330
563 563 564 564 564 565 565 565 566 566 566 567 567 567 567 568 568 568 568 568 569 569 569 569 569 569 570 570 570 570 570 570 570 570 570 570 570 570 570 570 570 570 570 570 570 570 570 570 570 570 570 570 341 341 341 340 340 340 340 340 340 339 339 339 339 339 338 338 338 338 337 337 337 336 336 336 335 335 335 334 334 334 333 333 333 332 332 332 331 331 330 330 330 329
562 563 563 563 564 564 564 565 565 565 566 566 566 566 567 567 567 567 567 568 568 568 568 568 569 569 569 569 569 569 569 569 569 570 570 570 570 570 570 570 570 570 570 570 570 570 570 570 569 569 569 569 340 340 340 340 340 339 339 339 339 339 338 338 338 338 338 337 337 337 337 336 336 336 335 335 335 334 334 334 333 333 333 332 332 332 331 331 331 330 330 329 329 328
562 562 562 563 563 563 564 564 564 565 565 565 565 566 566 566 566 567 567 567 567 567 567 568 568 568 568 568 568 568 569 569 569 569 569 569 569 569 569 569 569 569 569 569 569 569 569 569 569 569 569 568 339 339 339 339 339 339 338 338 338 338 338 338 337 337 337 337 336 336 336 336 335 335 335 334 334 334 333 333 333 332 332 332 331 331 331 330 330 329 329 329 328 328
561 561 562 562 562 563 563 563 564 564 564 564 565 565 565 565 566 566 566 566 566 567 567 567 567 567 567 567 568 568 568 568 568 568 568 568 568 568 568 568 568 568 568 568 568 568 568 568 568 568 568 568 339 338 338 338 338 338 338 338 337 337 337 337 337 336 336 336 336 335 335 335 335 334 334 334 333 333 333 332 332 332 331 331 331 330 330 330 329 329 328 328 328 327
560 561 561 561 562 562 562 563 563 563 563 564 564 564 564 565 565 565 565 565 566 566 566 566 566 566 567 567 567 567 567 567 567 567 567 567 567 567 567 567 567 567 567 567 567 567 567 567 567 567 567 567 338 338 338 337 337 337 337 337 337 336 336 336 336 336 335 335 335 335 334 334 334 334 333 333 333 332 332 332 331 331 331 330 330 330 329 329 329 328 328 327 327 327
560 560 560 561 561 561 562 562 562 562 563 563 563 563 564 564 564 564 565 565 565 565 565 565 566 566 566 566 566 566 566 566 566 567 567 567 567 567 567 567 567 567 567 567 567 567 567 567 566 566 566 566 337 337 337 337 337 336 336 336 336 336 336 335 335 335 335 334 334 334 334 333 333 333 333 332 332 332 331 331 331 330 330 330 329 329 329 328 328 328 327 327 326 326
559 559 560 560 560 561 561 561 561 562 562 562 563 563 563 563 563 564 564 564 564 564 565 565 565 565 565 565 565 565 566 566 566 566 566 566 566 566 566 566 566 566 566 566 566 566 566 566 566 566 566 565 336 336 336 336 336 336 336 335 335 335 335 335 334 334 334 334 334 333 333 333 332 332 332 332 331 331 331 330 330 330 329 329 329 328 328 328 327 327 327 326 326 325
558 559 559 559 560 560 560 561 561 561 561 562 562 562 562 562 563 563 563 563 563 564 564 564 564 564 564 564 565 565 565 565 565 565 565 565 565 565 565 565 565 565 565 565 565 565 565 565 565 565 565 565 336 335 335 335 335 335 335 335 334 334 334 334 334 333 333 333 333 333 332 332 332 332 331 331 331 330 330 330 329 329 329 328 328 328 327 327 327 326 326 325 325 325
558 558 558 559 559 559 560 560 560 560 561 561 561 561 562 562 562 562 562 563 563 563 563 563 563 563 564 564 564 564 564 564 564 564 564 564 564 564 564 564 564 564 564 564 564 564 564 564 564 564 564 564 335 335 335 334 334 334 334 334 334 334 333 333 333 333 333 332 332 332 332 331 331 331 331 330 330 330 329 329 329 328 328 328 327 327 327 326 326 326 325 325 324 324
557 557 558 558 558 559 559 559 559 560 560 560 560 561 561 561 561 561 562 562 562 562 562 562 563 563 563 563 563 563 563 563 563 563 564 564 564 564 564 564 564 564 564 564 564 564 564 563 563 563 563 563 334 334 334 334 334 333 333 333 333 333 333 332 332 332 332 332 331 331 331 331 330 330 330 330 329 329 329 328 328 328 327 327 327 326 326 326 325 325 325 324 324 323
556 557 557 557 558 558 558 558 559 559 559 559 560 560 560 560 561 561 561 561 561 561 562 562 562 562 562 562 562 562 563 563 563 563 563 563 563 563 563 563 563 563 563 563 563 563 563 563 563 563 563 562 333 333 333 333 333 333 333 332 332 332 332 332 332 331 331 331 331 330 330 330 330 329 329 329 329 328 328 328 327 327 327 326 326 326 325 325 325 324 324 324 323 323
556 556 556 557 557 557 557 558 558 558 558 559 559 559 559 560 560 560 560 560 561 561 561 561 561 561 561 561 562 562 562 562 562 562 562 562 562 562 562 562 562 562 562 562 562 562 562 562 562 562 562 562 333 332 332 332 332 332 332 332 332 331 331 331 331 331 330 330 330 330 329 329 329 329 328 328 328 328 327 327 327 326 326 326 325 325 325 324 324 324 323 323 322 322
555 555 556 556 556 556 557 557 557 558 558 558 558 558 559 559 559 559 559 560 560 560 560 560 560 561 561 561 561 561 561 561 561 561 561 561 561 561 561 561 561 561 561 561 561 561 561 561 561 561 561 561 332 332 332 332 331 331 331 331 331 331 330 330 330 330 330 329 329 329 329 329 328 328 328 327 327 327 327 326 326 326 325 325 325 324 324 324 323 323 323 322 322 321
554 555 555 555 555 556 556 556 557 557 557 557 557 558 558 558 558 559 559 559 559 559 559 560 560 560 560 560 560 560 560 560 560 560 561 561 561 561 561 561 561 561 561 561 561 561 561 560 560 560 560 560 331 331 331 331 331 331 330 330 330 330 330 330 329 329 329 329 328 328 328 328 328 327 327 327 326 326 326 326 325 325 325 324 324 324 323 323 323 322 322 322 321 321
554 554 554 554 555 555 555 556 556 556 556 557 557 557 557 557 558 558 558 558 558 558 559 559 559 559 559 559 559 559 560 560 560 560 560 560 560 560 560 560 560 560 560 560 560 560 560 560 560 560 560 559 330 330 330 330 330 330 330 329 329 329 329 329 329 328 328 328 328 328 327 327 327 327 326 326 326 325 325 325 325 324 324 324 323 323 323 322 322 322 321 321 321 320
553 553 554 554 554 554 555 555 555 555 556 556 556 556 556 557 557 557 557 557 558 558 558 558 558 558 558 559 559 559 559 559 559 559 559 559 559 559 559 559 559 559 559 559 559 559 559 559 559 559 559 559 330 330 329 329 329 329 329 329 329 328 328 328 328 328 327 327 327 327 327 326 326 326 326 325 325 325 325 324 324 324 323 323 323 322 322 322 321 321 321 320 320 320
552 553 553 553 553 554 554 554 554 555 555 555 555 556 556 556 556 556 557 557 557 557 557 557 557 558 558 558 558 558 558 558 558 558 558 558 558 558 558 558 558 558 558 558 558 558 558 558 558 558 558 558 329 329 329 329 328 328 328 328 328 328 328 327 327 327 327 327 326 326 326 326 325 325 325 325 324 324 324 324 323 323 323 322 322 322 321 321 321 320 320 320 319 319
552 552 552 552 553 553 553 553 554 554 554 554 555 555 555 555 555 556 556 556 556 556 556 557 557 557 557 557 557 557 557 557 557 557 558 558 558 558 558 558 558 558 558 558 558 558 558 557 557 557 557 557 328 328 328 328 328 328 327 327 327 327 327 327 326 326 326 326 326 325 325 325 325 324 324 324 324 323 323 323 323 322 322 322 321 321 321 320 320 320 319 319 319 318
