testData/tiles/oneDegree/grid5.0-42.0-6.0-43.0.asc
ncols   200
nrows   200
xllcorner   5.0
yllcorner   42.0
cellsize   0.005
NODATA_value   -9999.0
[rows 126 to 167 of 200, columns 94 to 187 of 200]
889 896 899 905 909 913 916 918 921 922 924 925 926 927 926 926 925 925 923 921 919 915 912 908 904 899 893 888 881 873 865 856 857 856 856 856 856 855 709 709 709 709 710 709 709 709 710 710 710 710 710 711 710 711 711 712 711 711 711 710 711 711 711 711 711 710 711 710 710 711 711 709 710 710 709 710 709 709 709 709 709 708 708 708 708 707 707 707 707 706 705 706 705 704
889 896 900 906 910 913 916 919 921 924 924 925 926 926 926 926 925 924 923 921 919 915 912 908 904 899 894 888 881 873 866 857 857 856 856 856 855 855 708 709 708 709 709 710 709 709 709 710 709 709 710 710 710 710 711 710 710 711 710 710 710 710 711 710 710 711 710 710 710 710 711 710 709 709 709 709 709 709 708 708 708 708 707 707 707 707 706 706 706 705 705 705 704 703
889 895 901 906 910 914 916 919 921 923 925 925 926 926 926 926 926 924 923 921 919 915 912 909 904 899 894 888 881 874 866 857 856 856 856 856 855 855 708 708 708 708 709 709 709 709 709 709 709 709 709 709 709 710 710 709 710 710 711 709 709 710 710 710 710 710 710 709 709 710 709 709 709 709 708 708 709 708 707 708 708 707 706 707 707 705 705 705 706 704 704 704 703 703
891 895 901 907 911 914 916 919 923 923 925 926 926 926 926 926 926 924 923 921 919 915 912 909 904 899 894 889 882 874 866 857 856 856 856 856 855 855 708 708 707 708 708 709 708 709 709 709 708 708 709 708 709 709 710 709 709 710 710 708 709 709 710 709 709 710 709 708 709 709 708 709 708 708 708 708 708 707 707 707 707 706 706 706 706 705 705 705 705 703 703 704 704 702
891 896 902 907 911 914 917 919 923 924 925 926 925 926 926 927 925 924 923 921 918 915 912 909 904 899 895 889 882 874 866 857 856 856 856 856 855 855 708 707 707 707 708 707 708 708 709 708 709 708 708 708 708 709 709 708 709 709 709 709 708 709 708 708 709 709 708 708 708 708 708 708 708 708 707 707 708 707 706 706 707 706 705 705 706 705 704 704 704 704 703 703 702 701
890 896 902 907 911 914 917 921 922 924 925 927 927 926 926 927 926 925 923 921 918 916 912 909 904 900 895 889 882 875 867 856 856 856 856 855 855 855 708 707 707 707 707 707 707 708 708 708 708 708 708 707 708 708 707 708 708 709 708 708 708 708 707 708 708 709 708 707 708 708 707 707 708 706 706 707 707 706 705 706 706 705 704 705 705 704 703 704 704 703 702 702 701 701
890 896 903 907 911 915 918 922 922 925 926 927 927 927 927 927 926 925 923 922 918 916 913 908 905 900 895 888 882 875 867 857 856 856 856 855 855 855 708 707 707 707 707 706 707 707 708 707 707 708 707 707 707 708 707 707 708 708 707 708 708 708 707 707 708 708 707 708 707 706 707 707 707 705 706 706 706 706 705 705 705 705 705 704 704 704 703 703 702 702 701 702 701 700
891 898 903 908 911 915 918 921 923 925 926 927 927 927 928 926 926 925 923 921 918 916 913 908 905 900 895 889 882 875 867 857 856 856 856 855 855 855 708 707 707 707 706 706 706 707 706 707 707 707 707 706 707 707 706 707 707 708 707 707 708 707 706 707 707 706 707 707 706 706 706 706 707 706 705 705 706 705 705 705 705 704 704 703 703 703 703 702 701 702 701 701 700 699
891 899 903 908 911 915 920 921 924 926 927 927 927 928 929 926 926 925 924 921 919 916 913 909 905 901 895 889 882 875 867 857 856 856 855 855 855 855 707 707 707 707 706 706 706 706 706 706 706 707 706 707 706 706 706 706 707 706 706 707 707 706 706 706 706 706 706 706 707 705 705 706 706 705 705 705 704 704 705 704 703 703 704 703 702 702 702 702 701 701 700 700 700 700
891 899 904 908 912 915 920 922 924 926 927 927 928 929 929 928 926 925 924 921 919 916 913 909 905 901 895 889 882 875 866 857 856 856 855 855 855 855 707 707 707 707 706 706 706 706 705 705 706 706 706 706 707 705 705 706 706 705 706 706 707 706 705 706 706 705 706 706 706 705 705 705 704 705 704 704 704 704 704 703 703 703 703 702 701 702 702 701 700 700 701 699 699 699
893 899 904 908 912 916 919 922 924 926 927 927 929 930 928 928 926 925 923 921 919 917 913 909 905 901 895 889 882 875 866 857 856 856 855 855 855 855 707 707 707 707 706 706 706 705 705 705 705 705 705 706 706 705 705 705 705 705 705 706 706 705 706 705 705 705 705 705 705 704 704 705 704 704 704 704 703 703 703 703 702 702 702 702 701 701 701 699 700 700 700 698 698 698
894 899 904 909 913 918 919 922 925 926 927 928 929 930 928 928 927 925 923 921 919 917 913 910 906 901 895 889 883 875 866 857 856 855 855 855 855 854 707 707 707 706 706 706 706 705 705 705 705 704 705 705 705 705 704 705 705 704 705 705 704 705 705 704 704 704 704 705 704 704 704 704 703 703 704 703 702 703 703 703 701 701 702 701 700 700 701 699 699 699 699 697 698 698
894 899 904 909 914 918 920 922 925 926 927 928 929 929 929 928 927 924 923 921 920 916 913 910 906 900 895 889 883 875 867 857 856 855 855 855 855 854 707 707 707 706 706 706 706 705 705 705 705 704 704 704 704 704 705 704 703 704 704 704 704 704 704 704 703 703 704 704 703 704 703 703 703 703 703 701 702 702 702 701 701 701 701 700 700 700 700 699 698 698 699 697 697 697
894 899 905 909 914 917 920 923 925 926 927 929 930 929 929 928 927 925 923 921 920 916 913 910 906 900 895 889 883 875 867 858 856 855 855 855 855 854 707 707 707 706 706 706 705 705 705 705 704 704 704 704 703 704 704 703 703 703 704 704 703 704 704 704 703 703 703 704 703 703 702 702 702 702 703 701 701 701 702 701 700 700 700 700 699 699 699 698 698 698 697 696 696 696
895 899 905 909 914 918 920 924 925 926 928 930 931 930 929 929 928 926 924 922 920 917 913 910 906 900 895 889 882 875 867 858 855 855 855 855 854 854 707 707 706 706 706 706 705 705 705 705 704 704 704 704 703 703 704 704 702 703 703 703 703 703 703 703 702 702 703 702 702 703 702 701 701 702 702 701 700 701 701 700 699 700 700 699 698 698 698 698 697 697 696 696 696 696
894 900 905 910 914 918 921 924 925 926 929 931 930 930 929 929 928 926 924 922 919 917 914 910 905 900 895 890 882 875 867 858 855 855 855 855 854 854 707 707 706 706 706 706 705 705 705 705 704 704 704 704 703 703 703 702 702 702 702 702 702 702 703 702 702 702 702 701 702 702 702 700 701 701 701 701 700 700 699 700 699 699 698 698 699 698 697 697 696 697 696 696 695 695
894 901 905 910 915 918 922 924 925 928 929 931 930 930 930 929 928 926 925 924 919 917 914 910 905 900 895 890 882 875 867 858 855 855 855 855 854 854 707 707 706 706 706 705 705 705 705 704 704 704 704 703 703 703 703 702 702 701 702 701 702 702 702 701 702 701 701 701 701 701 702 700 700 700 700 700 699 699 699 699 699 698 698 698 698 697 696 697 696 696 695 695 694 693
894 901 906 910 915 918 922 924 925 928 929 930 931 930 931 928 928 927 925 923 919 917 914 909 905 901 895 889 882 875 867 857 855 855 856 855 855 855 708 707 707 706 706 705 705 705 705 704 704 704 704 703 703 703 703 702 702 701 701 701 701 701 702 701 701 701 700 700 700 701 700 699 700 700 699 699 699 699 698 698 698 698 697 697 697 697 696 696 696 694 694 695 694 693
895 901 907 910 915 919 922 924 926 928 931 930 931 930 931 929 928 928 927 923 921 917 914 909 905 901 896 889 882 875 867 857 856 856 856 855 855 855 708 707 707 707 707 705 705 705 705 704 704 704 704 703 703 703 702 702 702 702 700 700 700 701 700 700 701 700 699 700 700 700 699 699 699 699 698 699 699 698 697 698 698 696 696 696 697 695 695 695 695 694 694 694 693 692
896 901 906 912 915 919 921 924 927 929 930 931 931 932 931 930 929 928 927 923 921 918 914 909 905 901 896 889 883 875 867 858 856 856 855 855 855 855 707 707 707 707 706 706 705 705 704 704 704 704 703 703 703 703 702 702 702 702 700 700 700 700 699 700 700 700 699 699 699 699 699 699 698 698 698 698 698 697 697 697 697 695 696 696 696 694 694 695 695 693 693 693 692 691
896 902 906 912 915 920 922 924 927 930 930 931 931 932 931 930 929 928 926 924 921 918 913 910 905 901 895 889 883 876 868 859 856 856 855 855 855 855 707 707 707 707 706 706 706 705 704 704 704 704 703 703 703 703 702 702 702 702 700 700 700 700 699 699 699 699 698 698 699 698 698 698 698 697 697 697 698 696 696 696 697 695 695 695 695 694 694 694 694 692 692 693 691 691
896 901 907 912 917 919 922 925 927 930 930 931 932 932 931 930 930 929 926 924 921 918 914 910 906 901 895 889 883 877 868 859 856 856 855 855 855 855 707 707 707 707 706 706 706 706 704 704 704 703 703 703 703 702 702 702 702 701 701 700 700 699 699 699 699 698 697 698 698 697 698 698 697 696 697 697 697 695 696 696 696 695 694 695 694 694 693 693 692 692 692 692 691 690
897 901 907 912 917 920 922 925 928 929 931 931 932 931 931 931 930 928 926 924 922 917 914 910 906 900 895 889 884 876 868 859 856 855 855 855 855 854 707 707 707 706 706 706 706 705 705 704 704 703 703 703 703 702 702 702 702 701 701 700 700 699 699 699 699 698 698 697 697 697 697 697 696 696 696 696 695 695 695 695 694 695 694 694 693 693 692 693 692 691 691 691 690 690
896 901 908 913 916 920 922 925 929 929 931 931 932 932 931 932 930 928 927 924 922 917 914 911 906 900 895 890 884 876 868 859 856 855 855 855 855 854 707 707 707 706 706 706 706 705 705 705 704 703 703 703 703 702 702 702 702 701 701 701 700 699 699 699 698 698 698 697 696 696 696 697 696 695 695 696 695 695 694 694 694 694 693 693 692 693 692 692 691 691 690 691 690 689
896 902 908 913 916 920 923 925 928 929 931 932 931 932 932 932 930 928 927 925 921 918 914 911 906 900 896 890 883 876 868 859 855 855 855 855 854 854 707 707 706 706 706 706 705 705 705 705 704 703 703 703 702 702 702 702 701 701 701 701 699 699 699 699 698 698 698 697 696 696 696 696 695 694 695 695 694 694 694 694 693 693 692 693 692 692 691 690 691 691 690 689 689 688
896 903 908 912 917 920 924 927 928 930 931 933 933 932 932 932 931 930 927 925 921 919 916 911 906 900 896 891 883 876 868 859 855 855 855 855 854 854 707 707 706 706 706 706 705 705 705 705 704 703 703 703 702 702 702 702 701 701 701 701 699 699 699 699 698 698 698 697 696 696 696 696 695 694 694 693 694 694 693 692 692 693 692 691 691 691 691 690 690 690 689 688 688 688
897 903 909 913 917 921 924 927 928 930 932 932 933 932 933 932 931 930 927 924 922 919 916 911 906 903 896 891 883 876 868 859 855 855 855 855 854 854 707 707 706 706 706 706 705 705 705 705 704 704 703 703 702 702 702 702 701 701 701 700 700 699 699 698 698 698 698 697 696 696 696 695 695 694 694 693 693 693 692 692 692 692 691 690 691 691 690 689 689 689 688 688 688 687
897 903 908 914 917 921 923 927 929 931 932 932 933 933 933 932 931 930 928 925 922 919 916 911 906 903 896 890 883 876 868 858 855 855 855 854 854 854 707 706 706 706 706 705 705 705 705 704 704 704 703 702 702 702 702 701 701 701 701 700 700 699 699 698 698 698 698 697 696 696 696 695 695 694 694 693 693 693 692 691 691 691 692 690 690 690 688 688 689 689 687 687 687 686
898 905 909 914 917 921 924 927 929 931 931 933 933 933 933 932 932 930 927 925 922 920 916 911 907 903 898 890 884 876 868 859 855 855 855 854 854 854 707 706 706 706 706 705 705 705 705 704 704 704 704 702 702 702 702 701 701 701 701 700 700 699 699 698 698 698 698 697 696 696 695 695 695 695 693 693 693 693 691 691 691 691 690 689 689 689 689 688 688 688 686 686 686 687
898 904 909 914 918 920 924 927 930 932 931 933 933 933 934 932 932 930 927 926 923 920 915 911 908 903 897 890 884 877 868 859 855 855 854 854 854 854 706 706 706 706 705 705 705 705 704 704 704 704 703 702 702 702 701 701 701 701 700 700 700 699 698 698 698 698 697 697 696 696 695 695 695 695 693 693 693 693 692 691 691 691 690 689 689 689 688 687 687 687 686 686 686 686
898 904 910 914 918 920 924 928 930 931 932 933 934 933 934 932 932 930 928 926 923 920 916 912 908 903 897 891 884 877 868 859 855 855 854 854 854 854 706 706 706 706 705 705 705 705 704 704 704 704 703 703 702 702 701 701 701 701 700 700 700 700 698 698 698 698 697 697 696 696 695 695 695 695 693 693 693 693 692 691 691 691 690 689 689 688 688 687 687 686 685 685 685 684
898 904 910 915 917 921 925 928 930 931 933 933 934 934 934 934 932 930 928 926 924 919 916 912 908 903 897 891 884 876 868 859 855 854 854 854 854 853 706 706 706 705 705 705 705 705 704 704 704 704 703 703 702 702 701 701 701 701 700 700 700 699 698 698 698 697 697 697 697 695 695 695 695 694 693 693 693 692 692 691 691 690 690 689 689 688 688 687 687 686 686 685 685 684
898 905 910 915 918 922 926 928 930 931 933 934 933 935 934 934 932 930 929 926 924 919 917 914 909 903 897 891 885 876 868 859 855 854 854 854 854 853 706 706 706 705 705 705 705 704 704 704 704 703 703 703 703 701 701 701 701 700 700 700 700 699 698 698 698 697 697 697 697 695 695 695 695 694 693 693 693 692 692 691 691 690 690 689 689 688 688 687 687 686 686 685 685 684
898 905 910 914 919 922 926 927 930 932 933 934 933 935 935 934 932 930 929 927 923 920 917 914 908 903 898 891 884 876 868 859 854 854 854 854 854 853 706 706 706 705 705 705 705 704 704 704 704 703 703 703 703 701 701 701 701 700 700 700 700 699 698 698 698 697 697 697 697 695 695 695 695 694 693 693 693 692 692 691 690 690 690 689 688 688 688 687 686 686 686 685 684 684
899 905 910 914 919 922 926 928 930 932 933 933 935 935 935 933 932 931 929 926 923 920 918 914 909 903 898 891 884 877 868 859 854 854 854 854 853 853 706 706 705 705 705 705 704 704 704 704 703 703 703 703 702 701 701 701 700 700 700 700 699 699 699 698 697 697 697 697 696 695 695 695 694 694 694 693 692 692 692 691 690 690 690 690 688 688 688 687 686 686 686 685 684 684
900 906 910 914 919 923 925 928 930 932 933 933 935 935 935 934 932 931 929 926 924 921 918 913 909 903 898 892 884 877 868 858 854 854 854 854 853 853 706 706 705 705 705 705 704 704 704 704 703 703 703 703 702 702 701 701 700 700 700 700 699 699 699 698 697 697 697 697 696 695 695 695 694 694 694 693 692 692 692 691 690 690 690 690 688 688 688 687 686 686 686 684 684 684
900 905 910 915 919 923 925 928 931 932 933 933 935 936 934 934 932 931 929 926 924 921 918 914 909 904 898 892 884 877 869 858 854 854 854 853 853 853 706 705 705 705 705 704 704 704 704 703 703 703 703 702 702 702 701 700 700 700 700 699 699 699 699 697 697 697 697 696 696 695 695 694 694 694 694 692 692 692 692 691 690 690 690 689 688 688 688 687 686 686 686 684 684 684
900 906 910 915 919 923 926 929 931 931 933 934 935 936 934 934 933 931 929 926 924 923 917 914 909 904 897 892 885 877 868 859 854 854 854 853 853 853 706 705 705 705 705 704 704 704 704 703 703 703 703 702 702 702 701 700 700 700 700 699 699 699 699 697 697 697 697 696 696 696 695 694 694 694 694 692 692 692 692 691 690 690 690 689 688 688 688 687 686 686 686 684 684 684
899 906 910 916 919 923 927 929 931 932 933 935 936 935 935 934 934 931 929 927 924 922 918 914 910 905 898 892 885 877 868 860 854 854 853 853 853 853 705 705 705 705 704 704 704 704 703 703 703 703 702 702 702 702 701 700 700 700 700 699 699 699 699 697 697 697 697 696 696 696 695 694 694 694 694 692 692 692 692 691 690 690 690 689 688 688 687 687 686 686 685 684 684 684
901 906 912 916 919 923 927 930 930 932 933 935 936 935 935 934 934 932 929 927 925 922 919 914 910 904 899 892 886 877 869 860 854 854 853 853 853 853 705 705 705 705 704 704 704 704 703 703 703 703 702 702 702 702 701 700 700 700 699 699 699 699 698 697 697 697 696 696 696 696 694 694 694 694 693 692 692 692 691 691 690 690 689 689 688 688 687 687 686 686 685 684 684 684
901 906 912 916 919 924 927 929 930 933 934 936 936 935 935 935 933 932 929 928 925 922 919 914 910 905 899 893 886 878 869 860 855 853 853 853 853 852 705 705 705 704 704 704 704 703 703 703 703 703 702 702 702 702 701 700 700 700 699 699 699 699 698 698 697 697 696 696 696 696 694 694 694 694 693 692 692 692 691 691 690 690 689 689 688 688 687 687 686 686 685 684 684 684
901 907 911 916 919 924 928 929 931 933 934 935 936 936 935 934 933 932 930 928 925 922 919 915 909 905 899 893 885 878 870 860 854 853 853 853 853 852 705 705 705 704 704 704 704 703 703 703 703 702 702 702 702 701 701 700 700 699 699 699 699 698 698 698 697 696 696 696 696 695 694 694 694 693 693 692 692 691 691 691 690 689 689 689 688 687 687 687 686 685 685 684 684 683
