testData/tiles/oneDegree/grid35.0-40.0-36.0-41.0.asc
ncols   200
nrows   200
xllcorner   35.0
yllcorner   40.0
cellsize   0.005
NODATA_value   -9999.0
[rows 126 to 167 of 200, columns 0 to 93 of 200]
432 432 432 433 433 433 433 434 434 434 434 435 435 435 435 436 436 436 436 437 437 437 437 437 438 438 438 438 438 439 439 439 439 439 439 440 440 440 440 440 440 440 440 440 440 440 440 440 461 461 461 461 461 461 460 460 460 461 463 465 466 576 579 579 581 582 582 585 585 587 586 588 590 590 591 591 592 593 594 595 595 596 596 597 597 598 598 599 600 600 600 600 602 602
432 432 432 433 433 433 433 434 434 434 434 435 435 435 435 435 436 436 436 436 437 437 437 437 437 438 438 438 438 438 439 439 439 439 439 439 439 440 440 440 440 440 440 440 440 440 440 440 461 461 461 461 460 460 460 460 460 462 463 464 466 577 578 580 580 582 583 584 586 586 587 589 589 590 591 592 592 593 595 595 596 596 596 597 598 599 598 599 600 601 600 601 602 603
432 432 432 432 433 433 433 433 434 434 434 434 435 435 435 435 436 436 436 436 436 437 437 437 437 437 438 438 438 438 438 439 439 439 439 439 439 439 439 439 440 440 440 440 440 440 440 440 461 460 460 460 460 460 460 460 460 463 463 464 467 577 579 578 581 583 583 585 584 587 588 589 590 589 592 592 593 593 594 596 596 596 596 597 599 598 599 599 600 600 601 602 602 602
432 432 432 432 433 433 433 433 434 434 434 434 435 435 435 435 435 436 436 436 436 436 437 437 437 437 437 438 438 438 438 438 438 439 439 439 439 439 439 439 439 439 439 439 439 439 439 439 460 460 460 460 460 460 460 460 461 462 464 465 466 578 578 580 580 582 584 584 585 586 588 590 589 590 591 593 594 593 595 595 597 596 597 598 598 599 599 600 600 600 602 602 603 602
432 432 432 432 432 433 433 433 433 434 434 434 434 435 435 435 435 435 436 436 436 436 437 437 437 437 437 437 438 438 438 438 438 438 438 439 439 439 439 439 439 439 439 439 439 439 439 439 460 460 460 460 460 460 459 460 461 463 464 465 467 576 579 580 581 583 583 585 585 587 588 589 590 590 592 592 593 594 595 596 595 597 598 598 598 598 600 600 601 601 601 603 603 603
431 432 432 432 432 433 433 433 433 434 434 434 434 434 435 435 435 435 436 436 436 436 436 437 437 437 437 437 437 438 438 438 438 438 438 438 438 439 439 439 439 439 439 439 439 439 439 439 460 460 460 460 459 459 460 460 462 463 465 467 575 577 578 581 582 583 583 584 586 588 588 589 589 591 592 592 593 593 596 596 596 597 597 599 598 599 599 600 600 601 602 602 602 603
431 432 432 432 432 432 433 433 433 433 434 434 434 434 435 435 435 435 435 436 436 436 436 436 437 437 437 437 437 437 437 438 438 438 438 438 438 438 438 438 438 439 439 439 439 439 439 439 459 459 459 459 459 459 460 461 462 464 464 466 576 577 579 580 582 583 583 585 585 588 588 589 590 590 593 593 593 594 595 596 596 597 598 597 599 599 600 600 600 602 602 603 602 603
431 431 432 432 432 432 433 433 433 433 433 434 434 434 434 435 435 435 435 435 436 436 436 436 436 436 437 437 437 437 437 437 438 438 438 438 438 438 438 438 438 438 438 438 438 438 438 438 459 459 459 459 459 460 461 461 463 463 465 467 576 578 579 580 581 583 584 585 586 587 588 590 590 591 592 593 594 594 595 595 597 598 598 598 598 600 600 600 601 601 603 602 603 603
431 431 432 432 432 432 432 433 433 433 433 434 434 434 434 434 435 435 435 435 435 436 436 436 436 436 436 437 437 437 437 437 437 437 438 438 438 438 438 438 438 438 438 438 438 438 438 438 459 459 459 459 460 460 461 461 462 464 465 467 577 578 579 580 581 583 584 586 585 587 588 590 591 590 592 593 594 595 595 596 597 598 598 598 599 599 601 601 601 602 602 603 603 604
431 431 431 432 432 432 432 433 433 433 433 433 434 434 434 434 434 435 435 435 435 435 436 436 436 436 436 436 437 437 437 437 437 437 437 437 437 438 438 438 438 438 438 438 438 438 438 438 459 459 459 460 459 460 461 461 463 464 466 468 577 578 579 581 582 583 584 585 586 588 588 590 590 591 593 593 594 595 596 596 597 598 598 599 599 600 600 601 602 602 602 602 603 605
431 431 431 431 432 432 432 432 433 433 433 433 433 434 434 434 434 434 435 435 435 435 435 436 436 436 436 436 436 436 437 437 437 437 437 437 437 437 437 437 437 437 437 438 438 438 437 437 458 458 459 459 460 460 461 462 463 465 466 576 578 578 580 582 582 584 584 585 587 588 589 589 590 591 593 594 593 595 596 597 598 597 598 598 600 600 600 601 601 603 602 603 604 604
431 431 431 431 432 432 432 432 432 433 433 433 433 433 434 434 434 434 434 435 435 435 435 435 435 436 436 436 436 436 436 436 437 437 437 437 437 437 437 437 437 437 437 437 437 437 437 437 458 458 459 460 460 461 462 462 464 464 466 577 578 579 580 582 582 583 585 585 587 588 588 590 590 591 593 593 594 595 596 597 597 598 598 599 599 600 602 601 602 601 603 604 604 604
430 431 431 431 431 432 432 432 432 432 433 433 433 433 433 434 434 434 434 434 435 435 435 435 435 435 436 436 436 436 436 436 436 436 437 437 437 437 437 437 437 437 437 437 437 437 437 437 458 459 460 460 461 461 462 462 463 465 466 577 579 579 581 582 582 584 585 586 588 587 588 590 591 593 592 593 594 596 597 596 597 598 599 599 599 601 602 603 601 602 602 604 605 604
430 431 431 431 431 431 432 432 432 432 432 433 433 433 433 433 434 434 434 434 434 435 435 435 435 435 435 435 436 436 436 436 436 436 436 436 436 436 437 437 437 437 437 437 437 437 437 437 459 459 460 460 460 461 462 462 464 465 467 578 579 579 580 582 583 584 586 586 587 588 588 590 591 592 593 593 594 596 596 597 597 598 599 599 601 601 602 603 603 602 603 604 603 605
430 430 431 431 431 431 431 432 432 432 432 433 433 433 433 433 433 434 434 434 434 434 435 435 435 435 435 435 435 435 436 436 436 436 436 436 436 436 436 436 436 436 436 436 436 436 436 437 458 459 460 460 461 461 462 463 464 466 467 577 579 579 581 583 583 585 586 586 588 588 589 590 590 593 593 594 594 596 597 597 598 598 598 599 601 602 602 602 602 603 604 604 604 604
430 430 430 431 431 431 431 432 432 432 432 432 433 433 433 433 433 433 434 434 434 434 434 434 435 435 435 435 435 435 435 435 436 436 436 436 436 436 436 436 436 436 436 436 436 436 437 437 459 459 460 461 461 462 463 463 465 465 467 578 579 580 581 583 584 584 586 586 588 589 589 590 590 592 594 594 595 595 596 598 598 599 598 599 601 602 602 602 603 603 604 604 604 605
430 430 430 431 431 431 431 431 432 432 432 432 432 433 433 433 433 433 433 434 434 434 434 434 434 435 435 435 435 435 435 435 435 435 435 436 436 436 436 436 436 436 436 436 436 436 437 459 459 460 461 461 462 462 462 463 464 466 467 578 580 580 582 584 583 585 586 587 589 589 590 590 591 593 593 594 594 596 597 597 598 598 599 601 601 602 602 603 603 604 603 604 605 605
430 430 430 430 431 431 431 431 431 432 432 432 432 432 433 433 433 433 433 433 434 434 434 434 434 434 434 435 435 435 435 435 435 435 435 435 435 435 435 436 436 436 436 436 436 437 437 459 460 460 460 461 461 462 462 463 465 466 577 579 580 581 581 583 585 585 587 587 589 589 590 591 592 593 594 593 594 597 597 598 597 598 599 601 602 601 602 603 604 605 603 604 605 606
430 430 430 430 430 431 431 431 431 431 432 432 432 432 432 432 433 433 433 433 433 433 434 434 434 434 434 434 434 435 435 435 435 435 435 435 435 435 435 435 435 435 435 435 436 436 437 459 459 460 460 461 462 462 463 464 465 467 577 579 580 580 582 584 585 586 587 587 589 589 591 591 592 593 593 594 594 596 598 597 598 598 599 602 601 602 602 603 605 604 604 604 605 604
429 430 430 430 430 430 431 431 431 431 431 432 432 432 432 432 432 433 433 433 433 433 433 434 434 434 434 434 434 434 434 434 435 435 435 435 435 435 435 435 435 435 435 436 436 437 437 459 460 460 461 462 462 463 463 464 466 466 577 579 580 582 582 584 586 586 587 587 589 590 591 592 592 593 594 594 595 597 596 598 598 599 600 600 602 602 603 603 603 604 604 605 605 605
429 429 430 430 430 430 430 431 431 431 431 431 432 432 432 432 432 432 433 433 433 433 433 433 433 434 434 434 434 434 434 434 434 434 434 435 435 435 435 435 435 435 435 436 437 437 438 460 460 461 461 462 463 463 463 464 465 467 577 579 581 582 583 585 585 586 587 588 590 590 592 591 592 594 594 595 596 596 597 597 598 599 599 601 601 602 603 603 604 604 604 605 605 606
429 429 429 430 430 430 430 430 431 431 431 431 431 432 432 432 432 432 432 433 433 433 433 433 433 433 433 434 434 434 434 434 434 434 434 434 434 434 434 434 435 435 436 436 437 438 438 460 461 460 461 462 462 463 463 464 466 467 578 580 581 583 582 584 586 586 588 588 590 591 591 592 593 594 595 595 596 597 597 598 598 598 601 601 602 602 602 604 604 605 605 604 605 606
429 429 429 429 430 430 430 430 430 431 431 431 431 431 431 432 432 432 432 432 432 433 433 433 433 433 433 433 433 434 434 434 434 434 434 434 434 434 434 434 434 435 435 436 437 437 438 459 460 461 461 462 463 463 464 465 466 468 578 580 581 582 583 585 586 587 588 589 590 590 592 592 593 595 594 595 596 597 598 598 598 599 600 602 602 602 602 603 605 605 605 604 605 606
429 429 429 429 429 430 430 430 430 430 431 431 431 431 431 431 432 432 432 432 432 432 432 433 433 433 433 433 433 433 433 433 434 434 434 434 434 434 434 434 434 435 436 436 437 438 438 460 461 461 462 462 463 464 464 465 467 467 578 580 581 583 583 585 587 587 588 588 590 591 592 593 594 594 595 595 597 598 598 598 598 599 601 601 602 602 603 604 604 605 605 605 606 606
429 429 429 429 429 429 430 430 430 430 430 431 431 431 431 431 431 432 432 432 432 432 432 432 432 433 433 433 433 433 433 433 433 433 433 433 434 434 434 434 435 436 436 437 437 438 439 460 461 462 462 463 464 463 464 464 466 577 578 580 582 583 584 586 586 587 588 589 591 591 593 593 593 595 595 596 598 598 598 598 599 600 601 601 601 602 604 604 605 604 605 605 606 607
428 429 429 429 429 429 429 430 430 430 430 430 431 431 431 431 431 431 431 432 432 432 432 432 432 432 432 433 433 433 433 433 433 433 433 433 433 433 433 434 434 435 436 436 437 438 438 460 461 461 462 462 463 464 464 465 467 577 579 580 582 584 583 585 587 587 589 589 591 592 592 593 594 595 596 596 598 598 598 599 599 600 601 601 602 602 603 605 604 605 605 605 607 606
428 428 429 429 429 429 429 429 430 430 430 430 430 430 431 431 431 431 431 431 432 432 432 432 432 432 432 432 432 433 433 433 433 433 433 433 433 433 434 434 435 435 436 437 437 438 439 460 461 462 462 463 464 464 465 465 467 578 579 581 582 583 584 585 587 588 589 590 592 591 593 593 594 596 596 596 598 598 599 599 600 600 601 602 602 603 604 603 605 605 606 606 605 606
428 428 428 429 429 429 429 429 429 430 430 430 430 430 430 431 431 431 431 431 431 431 432 432 432 432 432 432 432 432 432 432 433 433 433 433 433 433 434 435 435 436 437 437 438 439 439 461 461 462 463 463 464 465 465 466 468 577 579 580 582 584 584 586 588 588 590 589 591 592 593 594 595 596 596 596 598 599 599 600 599 601 602 602 603 603 603 604 604 605 606 606 606 606
428 428 428 428 429 429 429 429 429 429 430 430 430 430 430 430 430 431 431 431 431 431 431 431 432 432 432 432 432 432 432 432 432 432 432 432 432 434 434 435 436 436 437 438 438 439 440 461 462 463 463 464 463 464 465 465 467 578 579 581 583 584 585 586 588 588 589 590 592 592 594 594 594 596 596 597 599 599 600 599 600 602 602 603 603 603 604 604 605 605 605 607 606 607
428 428 428 428 428 429 429 429 429 429 429 430 430 430 430 430 430 430 431 431 431 431 431 431 431 431 431 432 432 432 432 432 432 432 432 432 433 433 434 435 435 436 436 437 438 438 439 461 461 462 463 463 464 465 465 466 467 578 580 581 583 585 584 586 588 588 590 590 592 593 594 594 596 596 597 597 599 600 599 600 600 602 603 603 603 603 604 605 605 605 606 606 607 607
427 428 428 428 428 428 428 429 429 429 429 429 429 430 430 430 430 430 430 430 431 431 431 431 431 431 431 431 431 432 432 432 432 432 432 432 433 434 434 435 436 436 437 438 438 439 440 461 462 462 463 464 464 465 466 466 468 579 580 582 583 584 585 586 588 589 590 591 593 592 594 594 596 597 597 598 599 599 600 600 601 603 602 603 603 604 605 605 605 605 606 607 606 606
427 427 428 428 428 428 428 428 429 429 429 429 429 429 430 430 430 430 430 430 430 430 431 431 431 431 431 431 431 431 431 431 431 432 432 433 433 434 435 435 436 437 437 438 439 439 440 462 462 463 464 464 465 466 466 467 467 578 580 581 583 585 586 587 589 589 591 590 592 593 594 595 597 597 598 597 599 600 600 601 601 602 603 603 604 605 605 605 605 606 607 607 606 606
427 427 427 428 428 428 428 428 428 429 429 429 429 429 429 429 430 430 430 430 430 430 430 430 431 431 431 431 431 431 431 431 431 431 432 432 433 434 435 436 437 437 438 438 439 440 440 462 463 463 464 464 464 465 466 466 577 579 580 582 583 585 587 587 589 589 590 591 593 593 595 595 597 597 597 598 599 600 601 601 601 603 603 604 604 605 605 605 606 606 607 607 606 607
427 427 427 427 428 428 428 428 428 428 428 429 429 429 429 429 429 429 430 430 430 430 430 430 430 430 430 431 431 431 431 431 431 431 432 433 433 434 435 435 436 437 437 438 439 439 440 462 462 463 463 464 465 465 466 467 577 579 581 582 584 586 586 587 588 589 591 591 593 594 595 595 596 597 598 598 600 601 600 601 601 603 604 604 605 605 605 606 606 607 607 607 607 607
427 427 427 427 427 427 428 428 428 428 428 428 429 429 429 429 429 429 429 429 430 430 430 430 430 430 430 430 430 430 431 431 431 432 432 433 434 434 435 436 436 437 438 438 439 440 440 462 463 463 464 465 465 466 467 467 578 579 581 582 583 585 587 587 589 590 591 593 593 593 595 595 597 598 598 600 600 600 601 601 603 604 604 604 604 605 606 606 607 606 607 608 608 608
426 427 427 427 427 427 427 428 428 428 428 428 428 428 429 429 429 429 429 429 429 429 430 430 430 430 430 430 430 430 430 430 431 431 433 434 434 435 436 436 437 438 438 439 439 440 441 462 463 464 464 465 466 466 467 467 577 579 581 582 584 585 587 588 589 590 592 592 593 594 595 596 597 598 599 599 600 601 601 602 603 604 604 604 605 606 606 607 606 607 608 608 609 607
426 426 427 427 427 427 427 427 428 428 428 428 428 428 428 429 429 429 429 429 429 429 429 429 430 430 430 430 430 430 430 430 431 432 432 433 434 434 435 436 436 438 439 439 440 441 441 463 463 463 464 464 465 466 466 467 578 579 581 583 584 586 588 588 590 590 591 593 593 594 596 596 598 599 598 600 600 601 602 602 604 604 604 605 605 606 607 606 607 607 608 609 608 608
426 426 426 426 427 427 427 427 427 427 428 428 428 428 428 428 428 429 429 429 429 429 429 429 429 429 429 430 430 430 430 431 431 432 433 433 434 435 435 436 437 437 438 439 439 440 441 462 463 464 464 465 466 466 467 468 578 581 581 583 585 586 587 588 589 591 592 593 594 595 596 597 597 598 599 600 601 602 602 602 603 604 605 605 606 606 606 607 607 608 609 608 609 608
426 426 426 426 426 427 427 427 427 427 427 427 428 428 428 428 428 428 428 429 429 429 429 429 429 429 429 429 429 429 431 431 432 433 433 434 435 435 436 437 437 438 438 439 440 440 441 463 463 464 465 465 466 467 467 468 580 581 582 583 584 586 588 588 590 591 592 594 594 596 596 596 598 599 599 601 601 601 602 602 604 605 605 606 605 606 607 607 608 608 608 609 609 609
426 426 426 426 426 426 427 427 427 427 427 427 427 428 428 428 428 428 428 428 428 428 429 429 429 429 429 429 429 429 430 431 431 432 433 434 435 436 436 437 438 438 439 440 440 441 442 463 464 465 465 466 466 467 467 467 579 581 581 583 585 586 588 589 590 592 593 593 594 595 596 597 598 599 600 601 601 602 602 603 604 605 606 605 606 607 607 608 608 608 609 609 610 609
425 426 426 426 426 426 426 426 427 427 427 427 427 427 427 428 428 428 428 428 428 428 428 428 429 429 429 429 429 430 430 431 432 432 433 434 434 435 436 436 437 438 438 439 440 440 441 463 463 464 465 465 466 467 467 468 580 581 583 583 585 587 588 589 591 591 592 594 594 596 597 597 599 599 599 601 601 602 603 603 605 605 605 606 606 607 608 608 608 608 609 610 610 610
425 425 425 426 426 426 426 426 426 427 427 427 427 427 427 427 427 428 428 428 428 428 428 428 428 428 428 429 429 430 431 431 432 433 433 434 435 435 436 437 437 438 439 439 440 441 441 463 464 464 465 466 466 467 468 468 580 582 583 584 586 587 588 589 590 592 592 594 595 596 597 598 598 599 600 601 602 602 603 604 604 605 606 606 607 607 607 608 608 609 610 610 610 717
