testData/tiles/oneDegree/grid7.0-35.0-8.0-36.0.asc
ncols   200
nrows   200
xllcorner   7.0
yllcorner   35.0
cellsize   0.005
NODATA_value   -9999.0
[rows 42 to 83 of 200, columns 0 to 93 of 200]
592 592 592 593 593 593 593 593 593 593 594 594 594 594 594 594 594 594 595 595 595 595 595 595 595 595 595 595 595 596 595 595 595 595 595 595 595 595 595 595 596 596 596 595 595 595 595 596 597 597 597 597 596 597 597 597 597 597 597 597 597 597 597 597 597 596 596 596 596 596 596 596 596 595 596 596 596 596 595 595 595 595 596 595 594 594 594 594 593 593 594 594 593 593
591 592 592 592 592 592 592 593 593 593 593 593 593 593 593 594 594 594 594 594 594 594 594 594 595 595 595 595 595 595 595 595 595 595 594 594 594 594 595 595 595 596 596 596 596 596 595 595 596 596 596 596 596 596 597 596 596 596 596 596 596 597 596 596 596 596 596 596 596 596 596 596 596 596 595 595 595 595 595 594 594 594 594 595 594 594 594 594 594 592 592 593 593 592
592 592 592 592 592 593 593 593 593 593 593 593 594 594 594 594 594 594 594 594 595 594 594 594 594 594 594 594 594 594 594 594 595 595 595 595 595 595 594 594 594 594 595 595 595 595 595 595 595 595 595 595 595 595 595 596 596 595 595 595 595 595 596 596 595 595 595 595 595 596 595 595 595 595 595 595 594 595 595 595 595 593 593 593 594 594 593 593 593 593 592 592 592 592
591 591 592 592 592 592 592 592 592 593 593 593 593 593 593 593 593 594 594 594 594 594 594 594 594 594 594 595 594 594 594 594 594 594 594 594 594 594 594 594 594 594 594 595 595 595 595 595 595 595 596 595 595 595 595 595 595 596 596 595 595 595 595 596 596 596 595 595 595 595 595 595 594 594 594 594 594 593 594 594 594 594 593 593 593 593 593 592 592 592 592 591 591 591
591 591 591 591 591 591 592 592 592 592 592 592 592 593 593 593 593 593 593 593 593 593 594 594 594 594 594 594 594 594 594 594 593 593 593 594 594 594 594 594 594 594 594 594 595 594 594 594 594 594 594 595 595 594 594 594 594 594 595 595 595 594 594 594 594 595 595 594 594 594 594 594 595 594 594 594 594 594 592 593 593 593 593 592 592 592 592 593 592 592 592 591 590 590
590 590 591 592 592 592 592 592 592 592 593 593 593 593 593 592 592 592 592 593 593 593 593 593 593 593 593 593 593 594 594 594 594 594 594 594 593 593 593 593 593 593 593 593 593 594 594 593 593 593 593 594 595 595 595 595 594 594 594 595 595 595 594 593 593 593 594 594 594 593 593 593 593 594 594 593 593 593 593 593 592 593 593 593 591 591 591 591 591 591 591 591 591 590
590 591 591 591 591 591 591 591 592 592 592 592 592 592 592 593 593 593 593 593 593 593 593 593 592 593 593 593 593 593 593 593 593 593 593 593 593 593 593 594 593 593 593 593 593 593 594 594 594 594 593 593 593 594 594 594 594 594 593 593 594 594 594 594 593 593 593 594 594 594 593 593 593 593 592 593 592 592 592 592 592 591 592 592 592 592 591 591 590 590 589 590 590 590
603 590 590 590 590 591 591 591 591 591 591 591 592 592 592 592 592 592 592 592 592 593 593 593 593 593 593 593 593 592 592 592 592 593 593 593 593 593 593 593 593 593 592 592 592 592 592 593 593 593 593 593 592 592 593 593 593 593 593 592 592 593 593 593 593 593 592 592 593 593 593 593 592 592 592 592 593 592 592 592 591 591 590 590 591 591 591 590 590 590 590 589 589 589
602 602 603 590 590 590 590 590 590 591 591 591 591 591 591 591 591 592 592 592 592 592 592 592 592 592 592 592 593 593 593 593 593 592 592 592 592 592 592 592 592 592 592 592 592 592 592 592 592 593 593 593 593 593 592 593 593 593 593 593 593 592 593 593 593 593 593 592 591 591 592 592 592 591 591 591 591 592 591 591 591 591 591 590 590 590 590 590 589 589 589 589 588 588
603 603 603 603 590 590 591 591 591 591 591 591 591 591 592 592 592 592 591 591 591 591 591 592 592 592 592 592 592 592 592 592 592 592 592 592 592 592 592 592 592 592 592 592 592 592 592 591 591 591 592 592 592 592 592 592 592 592 592 592 592 592 592 591 592 592 592 592 592 591 591 592 592 592 591 591 590 590 590 590 590 590 590 590 589 589 589 590 590 589 588 588 588 587
602 602 602 602 603 590 590 590 590 590 590 591 591 591 591 591 591 591 591 591 592 592 592 592 592 591 591 591 591 591 591 592 592 592 592 592 592 592 592 592 591 591 591 591 591 591 591 591 591 591 590 591 591 591 591 591 591 590 591 591 591 591 591 591 590 591 591 591 591 591 590 590 591 591 591 591 590 590 590 590 591 590 589 589 589 588 588 588 588 589 588 588 588 587
601 602 602 602 602 602 602 589 590 590 590 590 590 590 590 590 591 591 591 591 591 591 591 591 591 591 592 592 592 591 591 591 591 591 591 591 591 591 591 591 591 591 591 591 591 591 591 591 591 591 591 591 591 591 591 591 591 591 591 591 591 591 591 591 591 591 591 591 591 591 591 589 589 589 590 590 590 589 589 589 589 589 589 589 589 589 588 587 587 587 587 587 587 587
601 601 601 601 601 601 602 602 589 589 589 589 589 590 590 590 590 590 590 590 590 590 591 591 591 591 591 591 591 591 591 591 591 590 590 591 591 591 591 591 591 591 591 591 591 590 590 590 590 590 590 590 590 590 590 590 590 590 590 590 591 590 590 590 590 590 590 590 590 590 590 590 590 589 589 590 590 590 588 588 588 588 588 588 588 588 588 587 587 587 587 585 586 586
600 601 601 602 602 602 602 602 602 589 590 590 590 590 590 590 589 589 590 590 590 590 590 590 590 590 590 590 590 591 591 591 591 591 591 591 590 590 590 590 590 590 590 590 590 590 590 589 589 589 589 590 590 590 591 590 590 590 590 590 590 591 589 589 589 589 589 589 588 589 589 589 589 589 588 588 588 589 589 588 588 588 588 587 586 587 587 587 586 586 586 586 585 585
600 601 601 601 601 601 601 602 602 602 602 589 589 589 589 590 590 590 590 590 590 590 590 589 589 590 590 590 590 590 590 590 590 590 590 590 590 590 590 589 590 590 590 590 590 590 590 590 590 589 589 589 589 589 589 590 590 589 589 589 589 589 589 589 589 589 589 589 589 588 589 589 589 588 588 587 587 587 588 588 587 587 587 587 586 586 587 587 586 585 585 585 585 584
600 600 600 600 600 601 601 601 601 601 601 601 589 589 589 589 589 589 589 589 589 590 590 590 590 590 590 589 589 589 589 589 589 590 590 590 590 590 590 590 590 589 589 589 589 589 589 589 589 589 588 588 588 588 588 588 588 589 588 588 588 588 588 588 589 588 588 588 588 588 587 588 588 588 588 588 587 587 587 588 587 586 586 586 586 585 585 585 586 585 585 585 584 583
599 599 600 600 600 600 600 600 600 601 601 601 601 588 588 588 588 588 589 589 589 589 589 589 589 589 589 589 590 590 590 589 589 589 589 589 589 589 589 589 589 589 589 588 588 588 588 589 589 589 589 589 588 588 588 588 588 588 589 588 588 588 588 588 588 589 587 587 587 587 587 586 586 587 587 587 587 586 586 586 586 586 586 586 586 585 584 584 584 584 584 584 584 584
599 599 599 599 599 599 599 600 600 600 600 600 600 600 601 588 588 588 588 588 588 588 588 588 589 589 589 589 589 589 589 589 589 589 588 588 588 588 589 589 589 589 589 589 589 588 588 588 588 588 588 588 588 588 587 587 587 587 587 588 588 587 587 587 587 587 587 587 587 587 587 587 586 586 587 586 586 586 585 585 585 585 584 585 585 585 585 584 584 583 583 583 583 583
599 599 599 599 600 600 600 600 600 600 600 601 601 601 601 601 588 588 587 587 588 588 588 588 588 588 588 588 588 588 588 588 589 589 589 589 588 588 588 588 588 588 588 588 588 588 588 587 587 587 587 587 587 587 587 586 586 586 586 586 587 587 586 586 586 586 586 586 586 586 586 586 586 585 585 585 586 586 585 585 585 584 584 583 584 584 584 583 583 583 583 582 582 582
598 598 599 599 599 599 599 599 599 600 600 600 600 600 600 600 600 588 588 588 588 588 588 587 587 587 587 588 588 588 588 588 588 588 588 588 588 588 588 587 587 587 587 587 587 588 588 588 587 587 587 587 587 587 587 587 586 586 586 586 586 586 587 586 586 586 586 586 585 585 585 585 585 585 584 584 584 585 585 584 584 584 584 584 583 583 583 583 582 582 582 582 581 581
598 598 598 598 598 598 599 599 599 599 599 599 599 599 600 600 600 600 600 587 587 587 587 588 588 588 588 587 587 587 587 587 587 587 587 587 587 588 588 588 588 587 587 587 587 587 587 587 587 587 586 586 586 586 586 586 586 585 585 585 585 585 585 586 585 585 585 585 585 585 584 585 585 585 585 584 583 583 583 584 583 583 583 583 582 582 582 582 583 582 581 581 581 580
597 597 597 597 598 598 598 598 598 598 598 599 599 599 599 599 599 599 599 599 587 587 587 587 587 587 587 587 587 587 586 587 587 587 587 587 587 587 587 587 587 587 586 586 586 586 586 586 586 586 586 585 585 585 585 585 585 585 585 584 584 584 584 584 585 584 584 584 584 584 584 583 584 584 584 584 583 583 583 583 583 583 582 582 582 581 581 581 581 581 581 581 581 579
596 597 597 597 597 597 597 597 598 598 598 598 598 598 598 598 599 599 599 599 599 586 586 586 586 586 586 587 587 587 587 587 586 586 586 586 586 586 586 586 586 586 586 587 586 586 586 586 586 586 586 586 585 585 585 585 585 585 585 585 584 584 584 584 584 584 584 584 584 584 583 582 582 582 583 583 582 582 582 582 582 581 582 582 582 582 580 580 580 580 579 580 580 580
596 596 596 596 596 596 597 597 597 597 597 597 597 598 598 598 598 598 598 598 598 598 598 586 586 586 586 586 586 586 586 586 586 586 586 585 586 586 586 586 586 586 586 586 586 585 585 585 585 585 585 585 585 585 584 584 584 584 584 584 583 583 583 583 583 583 583 583 583 583 583 583 582 582 582 583 583 581 581 581 581 581 580 580 581 581 580 580 580 580 578 578 578 579
596 596 596 597 597 597 597 597 597 597 597 598 598 598 598 598 598 598 598 598 598 598 598 598 585 585 585 585 585 585 586 586 586 586 586 586 585 585 585 585 585 585 585 585 585 585 585 584 584 584 584 584 584 584 584 583 583 583 583 583 583 582 582 582 582 582 582 581 581 582 582 582 582 581 581 581 581 582 581 581 581 581 580 579 579 580 579 579 579 579 579 578 578 578
595 596 596 596 596 596 596 596 597 597 597 597 597 597 597 597 598 598 598 598 598 598 598 597 597 584 585 585 585 585 585 585 585 585 585 585 585 585 584 584 584 584 585 585 585 585 585 585 584 584 584 584 584 584 584 584 583 583 583 583 583 583 582 582 582 582 582 582 581 581 582 581 581 580 580 580 580 580 580 580 580 580 580 579 579 579 579 578 578 578 578 577 577 577
595 595 595 595 595 596 596 596 596 596 596 596 596 597 597 597 597 597 597 597 597 597 598 598 598 598 584 584 584 584 584 584 584 584 584 585 585 585 585 585 584 584 584 584 584 584 584 584 584 583 583 583 583 583 583 583 582 582 582 582 582 582 582 581 581 581 581 581 581 580 580 581 581 581 580 580 580 580 579 578 579 579 579 578 578 578 578 577 577 578 578 576 576 576
594 594 594 595 595 595 595 595 595 595 596 596 596 596 596 596 596 596 596 597 597 597 597 597 597 597 597 597 583 583 584 584 584 584 584 584 584 584 584 584 584 583 583 583 583 583 583 583 583 583 582 582 582 582 582 582 582 581 581 581 581 581 581 581 580 580 580 580 580 579 579 579 579 580 579 579 579 579 579 578 578 578 579 578 577 577 577 577 576 576 576 577 576 576
593 594 594 594 594 594 594 594 595 595 595 595 595 595 595 595 596 596 596 596 596 596 596 596 596 596 597 597 597 584 583 583 583 583 583 583 583 583 583 583 583 583 583 583 583 583 583 583 583 583 583 582 582 582 582 582 582 582 581 581 581 581 581 581 580 580 580 580 580 580 579 578 578 578 578 578 578 578 578 578 577 577 577 578 577 577 577 576 575 575 575 575 574 575
593 593 593 593 593 594 594 594 594 594 594 594 594 595 595 595 595 595 595 595 595 595 596 596 596 596 596 596 596 596 583 583 582 582 582 583 583 583 583 583 583 583 583 582 582 582 582 582 582 582 582 582 581 581 581 581 581 581 581 580 580 580 580 580 580 579 579 579 579 579 578 578 578 578 578 577 578 578 577 577 576 576 576 576 575 576 576 576 575 575 575 574 573 573
592 592 592 593 593 593 593 593 593 593 594 594 594 594 594 594 594 594 594 595 595 595 595 595 595 595 595 595 595 595 596 583 583 582 582 582 582 582 582 582 582 582 582 582 581 581 581 581 581 581 581 581 580 580 580 580 580 580 580 579 579 579 579 579 579 578 578 578 578 578 578 577 577 577 577 577 576 576 577 577 576 576 576 575 574 574 574 575 575 574 574 574 573 573
591 592 592 592 592 592 593 593 594 594 594 593 593 593 593 593 594 594 594 594 594 594 594 594 594 594 595 595 595 595 595 595 582 582 581 581 581 581 581 581 581 581 582 582 582 581 581 581 581 581 581 581 581 580 580 580 580 580 580 580 579 579 579 579 579 579 578 578 578 578 578 576 576 576 576 576 575 575 575 576 575 575 575 575 575 574 574 573 573 573 573 573 573 572
592 592 592 592 592 593 593 593 593 593 593 593 593 594 594 594 594 593 593 593 593 593 594 594 594 594 594 594 594 594 594 594 594 594 581 581 581 581 581 581 581 581 581 581 581 581 580 580 580 580 580 580 580 579 579 579 579 579 579 579 578 578 578 578 578 578 577 577 577 577 577 576 576 576 576 576 575 575 574 574 574 574 574 574 574 573 573 573 573 572 572 572 572 571
591 591 591 592 592 592 592 592 592 592 593 593 593 593 593 593 593 593 593 593 593 593 593 593 593 593 593 593 593 593 594 594 594 594 594 581 580 580 580 580 580 580 580 580 580 580 579 579 579 579 579 579 579 579 578 578 578 578 578 578 578 577 577 577 577 577 576 576 576 576 576 576 575 575 575 575 574 574 574 574 574 573 573 573 573 572 572 572 572 571 571 571 571 571
590 591 591 591 591 591 591 591 592 592 592 592 592 592 592 592 593 593 593 593 593 592 592 592 592 592 593 593 593 593 593 593 593 593 593 593 580 579 579 579 579 579 580 580 580 580 580 579 579 579 579 579 579 579 578 578 578 578 578 578 578 577 577 577 577 577 577 576 576 576 576 575 574 574 574 574 574 573 573 573 573 572 572 572 572 572 572 571 571 570 570 570 570 569
590 590 590 590 590 591 591 591 591 591 591 591 591 592 592 592 592 592 592 592 592 592 593 592 592 592 592 592 592 592 592 592 592 592 592 593 593 580 579 579 579 579 579 579 579 579 579 578 578 578 578 578 578 578 578 577 577 577 577 577 577 576 576 576 576 576 576 575 575 575 575 575 574 574 574 574 574 573 572 572 572 571 571 571 571 570 570 571 571 570 570 569 569 568
589 589 589 590 590 590 590 590 590 590 591 591 591 591 591 591 591 591 591 592 592 592 592 592 591 591 591 591 591 591 592 592 592 592 592 592 592 592 578 578 578 578 578 578 578 578 578 578 577 577 577 577 577 577 577 576 576 576 576 576 576 575 575 575 575 575 575 574 574 574 574 574 573 573 573 573 573 572 572 572 572 571 571 570 570 569 569 569 569 569 569 569 569 568
588 589 589 589 589 589 589 589 590 590 590 590 590 590 590 590 591 591 591 591 591 591 591 591 591 590 591 591 591 591 591 591 591 591 591 591 591 591 591 577 577 577 577 578 578 578 578 578 577 577 577 577 577 577 577 576 576 576 576 576 576 575 575 575 575 575 575 574 574 574 573 573 572 572 572 572 572 571 571 571 571 570 570 570 570 569 569 568 568 567 567 568 568 567
588 588 588 588 588 589 589 589 589 589 589 589 589 590 590 590 590 590 590 590 590 590 590 591 591 591 590 590 590 590 590 590 590 590 590 590 591 591 591 590 590 577 577 577 577 577 577 577 576 576 576 576 576 576 576 575 575 575 575 575 575 575 574 574 574 574 574 573 573 573 573 573 572 572 572 572 572 570 570 570 570 569 569 569 569 568 568 568 568 567 566 566 566 566
587 587 587 588 588 588 588 588 588 588 588 589 589 589 589 589 589 589 589 590 590 590 590 590 590 590 589 589 589 589 589 590 590 590 590 590 590 590 590 589 589 589 576 576 576 576 576 576 575 575 575 575 575 575 575 574 574 574 574 574 574 574 573 573 573 573 573 572 572 572 572 572 571 571 571 571 571 570 570 570 570 569 568 568 568 567 567 567 567 566 566 566 566 565
586 587 587 587 587 587 587 587 588 588 588 588 588 588 588 588 589 589 589 589 589 589 589 589 589 589 589 589 589 589 589 589 589 589 589 589 589 589 589 588 588 588 588 575 576 576 576 576 575 575 575 575 575 575 575 574 574 574 574 574 574 574 573 573 573 573 573 572 572 571 571 571 570 570 570 570 570 569 569 569 569 568 568 568 568 567 566 566 566 565 565 565 564 564
586 586 586 586 586 586 587 587 587 587 587 587 587 587 588 588 588 588 588 588 588 588 588 589 589 589 589 588 588 588 588 588 588 588 588 588 588 589 589 588 588 588 588 588 575 575 575 575 574 574 574 574 574 574 574 573 573 573 573 573 573 573 572 572 572 572 572 571 571 571 571 571 570 570 570 570 569 568 568 568 568 567 567 567 567 566 566 566 566 565 564 564 563 563
