testData/tiles/oneDegree/grid31.0-11.0-32.0-12.0.asc
ncols   200
nrows   200
xllcorner   31.0
yllcorner   11.0
cellsize   0.005
NODATA_value   -9999.0
[rows 0 to 41 of 200, columns 94 to 187 of 200]
610 610 610 611 611 611 610 610 610 609 610 611 610 610 609 609 608 607 607 607 607 607 607 607 607 607 607 608 608 608 608 608 608 608 608 608 608 609 609 608 608 608 608 608 608 608 608 609 609 609 609 526 526 526 526 526 526 526 526 527 527 527 527 526 526 526 526 526 526 526 526 526 526 526 527 527 527 526 526 526 526 455 455 455 455 455 455 455 454 454 454 454 454 454
611 611 611 612 612 612 611 611 611 610 610 611 610 610 609 609 608 607 607 607 607 607 607 607 607 607 607 608 608 608 608 608 608 608 608 608 608 609 609 609 609 609 609 609 609 609 609 610 610 610 610 526 526 526 526 526 526 526 526 527 527 527 527 527 527 527 527 527 527 526 526 526 526 526 527 527 527 527 527 527 527 456 455 455 455 455 455 455 455 455 455 455 454 454
611 611 611 611 612 612 611 611 611 610 610 611 610 610 609 609 608 607 607 607 607 607 607 607 607 607 607 607 608 608 608 608 608 608 608 608 608 609 609 609 609 609 609 609 609 609 609 609 610 610 610 527 527 527 527 527 527 527 527 526 527 527 527 527 527 527 527 527 527 527 527 527 527 527 527 527 527 527 527 527 456 456 456 456 456 456 455 455 455 455 455 455 455 455
611 611 611 611 613 613 612 612 612 612 611 612 611 611 610 610 609 608 608 608 608 608 608 608 608 608 608 608 609 609 609 609 609 609 609 609 609 609 610 610 610 610 610 610 610 609 609 609 610 610 610 527 527 527 527 527 527 527 527 527 528 528 528 528 528 528 527 527 527 527 527 527 527 527 527 528 528 528 528 527 456 456 456 456 456 456 456 456 456 456 455 455 455 455
612 612 612 612 613 613 612 612 612 612 611 611 611 611 610 610 609 609 608 607 608 608 608 608 608 608 608 608 609 609 609 609 609 609 609 609 609 609 610 610 610 610 610 610 610 610 610 610 610 611 611 528 528 528 528 527 527 527 527 527 527 528 528 528 528 528 528 528 528 528 528 528 527 527 527 527 528 528 528 457 457 457 457 457 456 456 456 456 456 456 456 456 456 456
612 612 612 612 612 613 612 612 612 612 611 611 611 611 611 611 610 610 609 608 609 609 609 609 609 609 609 609 609 610 610 610 610 610 610 609 609 609 610 610 610 610 610 610 610 610 610 610 610 611 611 528 528 528 528 528 528 528 528 528 528 529 528 528 528 528 528 528 528 528 528 528 528 528 528 528 529 528 528 457 457 457 457 457 457 457 457 457 456 456 456 456 456 456
613 613 613 613 613 614 614 613 613 613 612 612 612 612 611 611 610 610 609 608 609 609 609 609 609 609 609 609 609 610 610 610 610 610 610 610 610 610 610 611 611 611 611 611 611 611 611 611 611 611 611 528 528 528 528 528 528 528 528 528 528 528 529 529 529 529 529 529 528 528 528 528 528 528 528 528 528 529 458 458 458 457 457 457 457 457 457 457 457 457 457 457 456 456
613 613 613 613 613 614 614 613 613 613 612 612 611 612 611 611 610 610 609 608 608 609 609 609 609 609 609 609 609 610 610 610 610 610 610 610 610 610 610 611 611 611 611 611 611 611 611 611 611 611 612 529 529 529 529 529 529 529 528 528 528 528 529 529 529 529 529 529 529 529 529 529 529 529 528 528 528 528 458 458 458 458 458 458 458 457 457 457 457 457 457 457 457 457
613 613 613 613 613 614 614 614 614 614 613 613 612 613 612 612 611 611 610 609 609 610 610 610 610 610 610 610 610 610 611 611 611 611 611 611 611 611 611 611 612 612 611 611 611 611 611 611 611 611 612 529 529 529 529 529 529 529 529 529 529 529 529 530 530 529 529 529 529 529 529 529 529 529 529 529 529 458 457 458 458 458 458 458 458 458 458 458 458 457 457 457 457 457
614 614 614 614 614 614 615 614 614 614 613 613 612 613 612 612 611 611 610 609 609 610 610 610 610 610 610 610 610 610 611 611 611 611 611 611 611 611 611 611 612 612 612 612 612 612 612 612 612 612 612 530 529 529 529 529 529 529 529 529 529 529 529 529 530 530 530 530 530 530 529 529 529 529 529 529 529 458 458 459 459 459 459 458 458 458 458 458 458 458 458 458 458 457
614 614 614 614 614 614 615 614 614 614 613 613 613 612 613 612 611 611 610 609 609 609 610 610 610 610 610 610 610 610 610 611 611 611 611 611 611 611 611 611 612 612 612 612 612 612 612 612 612 612 612 530 530 530 530 530 530 530 530 530 529 529 529 529 530 530 530 530 530 530 530 530 530 530 530 529 458 458 458 458 459 459 459 459 459 459 459 458 458 458 458 458 458 458
614 614 614 614 615 615 616 615 615 615 614 614 614 613 614 613 612 612 611 610 610 610 611 611 611 611 611 611 611 611 611 612 612 612 612 612 612 612 612 612 612 613 613 613 613 612 612 612 612 612 612 529 530 530 530 530 530 530 530 530 530 530 530 530 530 531 530 530 530 530 530 530 530 530 530 530 459 459 459 459 458 459 459 459 459 459 459 459 459 459 459 458 458 458
616 615 615 615 615 615 615 615 615 615 614 614 614 613 613 613 612 612 611 610 610 610 610 611 611 611 611 611 611 611 611 611 612 612 612 612 612 612 612 612 612 613 613 613 613 613 613 613 613 613 613 530 530 531 531 530 530 530 530 530 530 530 530 530 530 530 531 531 531 531 531 531 530 530 530 459 459 459 459 459 459 459 460 460 459 459 459 459 459 459 459 459 459 459
616 616 615 615 615 615 615 615 615 615 614 614 614 613 613 614 613 613 612 611 611 611 611 612 612 612 612 612 612 612 612 612 613 613 612 612 612 612 612 612 612 612 613 613 613 613 613 613 613 613 613 530 530 531 531 531 531 531 531 531 531 531 530 530 530 530 531 531 531 531 531 531 531 531 531 460 460 459 459 459 459 459 459 460 460 460 460 460 459 459 459 459 459 459
616 617 616 616 616 616 616 616 616 616 616 615 615 614 614 614 614 613 612 611 611 611 611 611 612 612 612 612 612 612 612 612 612 613 613 613 613 613 613 613 613 613 613 614 614 614 614 614 613 613 613 530 530 530 531 531 531 531 531 531 531 531 531 531 531 531 531 532 531 531 531 531 531 531 460 460 460 460 460 460 460 459 459 459 460 460 460 460 460 460 460 460 459 459
616 617 616 616 616 616 616 616 616 616 616 615 615 614 614 613 614 613 612 611 611 611 611 611 612 612 612 612 612 612 612 612 612 613 613 613 613 613 613 613 613 613 613 614 614 614 614 614 614 614 614 531 531 531 531 532 532 531 531 531 531 531 531 531 531 531 531 531 532 532 532 532 532 460 460 460 460 460 460 460 460 460 460 460 460 460 460 460 460 460 460 460 460 460
616 617 617 616 616 616 616 616 615 616 616 616 616 615 615 614 615 614 613 613 612 612 612 612 612 613 613 613 613 613 613 613 613 613 614 614 614 614 613 613 613 613 613 613 614 614 614 614 614 614 614 531 531 531 531 532 532 532 532 532 532 532 532 531 531 531 531 531 531 532 532 532 461 461 461 461 461 461 460 460 460 460 460 460 460 460 461 461 461 460 460 460 460 460
617 617 618 617 617 617 617 617 616 617 617 616 616 615 615 614 614 614 613 613 612 612 612 612 612 613 613 613 613 613 613 613 613 613 614 614 614 614 614 614 614 614 614 614 615 615 615 615 615 615 614 531 531 531 531 531 532 532 532 532 532 532 532 532 532 532 532 532 532 531 532 532 461 461 461 461 461 461 461 461 461 461 460 460 460 460 460 460 461 461 461 461 460 460
617 617 618 617 617 617 617 617 616 617 617 616 616 615 615 614 614 614 613 613 612 612 612 612 612 612 613 613 613 613 613 613 613 613 613 614 614 614 614 614 614 614 614 614 614 615 615 615 615 615 615 532 532 532 532 532 532 533 532 532 532 532 532 532 532 532 532 532 532 532 532 462 462 462 461 461 461 461 461 461 461 461 461 461 461 461 460 460 460 461 461 461 461 461
617 617 617 617 617 617 617 617 617 617 618 617 617 616 616 615 615 614 614 614 613 613 613 613 613 613 614 614 614 614 614 614 614 614 614 615 615 615 615 615 615 614 614 614 614 614 615 615 615 615 615 532 532 532 532 532 532 532 533 533 533 533 533 533 532 532 532 532 532 532 461 461 462 462 462 462 462 462 461 461 461 461 461 461 461 461 461 461 461 461 461 461 461 461
618 618 618 619 618 618 618 618 617 617 618 617 617 616 616 615 615 614 614 614 613 613 613 613 613 613 613 614 614 614 614 614 614 614 614 614 615 615 615 615 615 615 615 615 615 615 616 616 616 616 616 532 532 532 532 532 532 532 533 533 533 533 533 533 533 533 533 533 533 462 461 461 461 462 462 462 462 462 462 462 462 462 462 461 461 461 461 461 461 461 461 461 462 461
618 618 618 618 618 618 618 618 617 617 617 617 617 616 616 615 615 614 613 614 613 613 613 613 613 613 613 614 614 614 614 614 614 614 614 614 614 615 615 615 615 615 615 615 615 615 615 616 616 616 616 533 533 533 533 533 533 533 533 533 533 533 533 533 533 533 533 533 462 462 462 462 462 462 463 462 462 462 462 462 462 462 462 462 462 462 461 461 461 461 461 461 461 461
618 618 618 618 618 618 618 619 618 618 618 618 618 617 617 616 616 615 614 615 614 614 614 614 614 614 614 614 615 615 615 615 615 615 615 615 615 616 616 616 616 616 615 615 615 615 615 615 616 616 616 533 533 533 533 533 533 533 533 533 534 534 534 534 534 533 533 533 462 462 462 462 462 462 462 463 463 463 463 462 462 462 462 462 462 462 462 462 462 462 461 461 461 461
619 619 619 619 618 619 619 619 618 618 618 617 618 617 617 616 616 615 614 614 614 614 614 614 614 614 614 614 614 615 615 615 615 615 615 615 615 615 616 616 616 616 616 616 616 616 616 616 616 617 617 534 533 533 533 533 533 533 533 533 533 534 534 534 534 534 534 463 463 463 462 462 462 462 462 462 463 463 463 463 463 463 463 462 462 462 462 462 462 462 462 462 462 461
619 619 619 619 618 619 619 619 618 618 618 617 617 617 617 616 616 615 614 614 613 614 614 614 614 614 614 614 614 615 615 615 615 615 615 615 615 615 615 616 616 616 616 616 616 616 616 616 616 616 617 534 534 534 534 534 534 534 534 533 533 533 534 534 534 534 463 463 463 463 463 463 463 463 463 462 462 463 463 463 463 463 463 463 463 463 463 462 462 462 462 462 462 462
619 619 619 619 618 618 620 620 620 619 619 618 618 618 618 617 617 616 616 615 614 615 615 615 615 615 615 615 615 615 616 616 616 616 616 616 616 616 616 616 617 617 617 616 616 616 616 616 616 616 617 534 534 534 534 534 534 534 534 534 534 534 534 535 535 463 463 463 463 463 463 463 463 463 463 463 463 463 464 463 463 463 463 463 463 463 463 463 463 463 462 462 462 462
620 620 620 620 620 619 620 620 620 619 619 618 618 618 618 617 617 616 616 615 614 614 615 615 615 615 615 615 615 615 615 616 616 616 616 616 616 616 616 616 617 617 617 617 617 617 617 617 617 617 617 535 534 534 534 534 534 534 534 534 534 534 534 463 464 464 464 464 464 464 464 463 463 463 463 463 463 463 463 463 464 464 464 463 463 463 463 463 463 463 463 463 463 463
620 620 620 620 620 619 619 620 620 619 619 618 618 618 618 617 617 616 616 615 614 614 614 615 615 615 615 615 615 615 615 616 616 616 616 616 616 616 616 616 616 617 617 617 617 617 617 617 617 617 617 534 535 535 535 535 535 535 535 535 534 534 463 463 463 464 464 464 464 464 464 464 464 464 464 463 463 463 463 463 463 464 464 464 464 464 464 463 463 463 463 463 463 463
620 620 620 620 620 619 620 621 621 620 620 619 619 619 618 618 618 617 617 616 615 615 615 616 616 616 616 616 616 616 616 616 617 617 617 617 617 617 617 617 617 617 618 617 617 617 617 617 617 617 617 534 534 535 535 535 535 535 535 535 535 464 464 464 464 463 464 464 464 464 464 464 464 464 464 464 464 464 464 463 463 463 463 464 464 464 464 464 464 464 463 463 463 463
620 621 621 621 621 620 620 620 621 620 620 620 619 619 618 618 618 617 617 616 615 615 615 615 616 616 616 616 616 616 616 616 616 617 617 617 617 617 617 617 617 617 617 618 618 618 618 618 618 618 618 535 534 534 535 535 535 535 535 535 464 464 464 464 464 464 464 465 465 465 465 464 464 464 464 464 464 464 464 464 464 464 464 463 464 464 464 464 464 464 464 464 464 464
620 621 621 621 621 620 620 620 620 620 620 620 619 619 618 618 618 617 617 616 615 615 615 615 615 616 616 616 616 616 616 616 616 616 617 617 617 617 617 617 617 617 617 617 618 618 618 618 618 618 618 535 535 535 535 536 536 536 465 464 464 464 464 464 464 464 464 464 464 465 465 465 465 465 465 464 464 464 464 464 464 464 464 464 464 464 465 464 464 464 464 464 464 464
620 620 621 621 621 620 620 621 621 621 621 621 620 620 619 619 618 618 618 617 616 616 616 616 616 617 617 617 617 617 617 617 617 617 618 618 618 618 618 618 618 618 617 617 617 618 618 618 618 618 618 535 535 535 535 535 536 465 465 465 465 465 465 465 465 464 464 464 464 464 465 465 465 465 465 465 465 465 465 464 464 464 464 464 464 464 464 464 465 465 464 464 464 464
621 621 621 622 622 621 621 621 621 620 621 621 620 620 619 619 618 617 618 617 616 616 616 616 616 616 617 617 617 617 617 617 617 617 617 618 618 618 618 618 618 618 618 618 618 619 619 619 619 619 619 536 535 535 535 535 464 465 465 465 465 465 465 465 465 465 465 465 465 465 464 465 465 465 465 465 465 465 465 465 465 465 465 464 464 464 464 464 464 464 465 465 465 465
621 621 621 622 622 621 621 621 621 620 620 621 620 620 619 619 618 617 618 617 616 616 616 616 616 616 616 617 617 617 617 617 617 617 617 617 618 618 618 618 618 618 618 618 618 618 619 619 619 619 619 536 536 536 465 465 465 465 466 465 465 465 465 465 465 465 465 465 465 465 465 465 466 466 466 465 465 465 465 465 465 465 465 465 465 465 465 464 464 464 464 464 465 465
621 621 621 621 622 621 621 621 621 621 621 622 621 621 620 620 619 618 618 618 617 617 617 617 617 617 617 617 618 618 618 618 618 618 618 618 618 619 619 619 618 618 618 618 618 618 618 619 619 619 619 536 465 465 465 465 465 465 465 466 466 466 466 466 466 465 465 465 465 465 465 465 465 465 466 466 466 466 466 465 465 465 465 465 465 465 465 465 465 465 464 464 464 464
622 622 622 622 622 623 622 622 622 621 621 621 621 621 620 620 619 618 618 617 617 617 617 617 617 617 617 617 618 618 618 618 618 618 618 618 618 618 619 619 619 619 619 619 619 619 619 619 620 620 549 465 465 465 465 465 465 465 465 465 465 466 466 466 466 466 466 466 466 466 465 465 465 465 465 466 466 466 466 466 466 466 466 465 465 465 465 465 465 465 465 465 465 464
622 622 622 622 622 623 622 622 622 621 621 621 620 621 620 620 619 618 618 617 616 617 617 617 617 617 617 617 617 618 618 618 618 618 618 618 618 618 618 619 619 619 619 619 619 619 619 619 548 548 549 466 466 466 466 466 466 466 465 465 465 465 466 466 466 466 466 466 466 466 466 466 466 466 465 465 465 466 466 466 466 466 466 466 466 466 465 465 465 465 465 465 465 465
622 622 622 622 622 622 622 622 622 621 621 621 621 622 621 621 620 619 619 618 617 618 618 618 618 618 618 618 618 618 619 619 619 619 619 619 619 618 618 618 619 619 619 619 619 619 548 548 548 548 548 466 466 466 466 466 466 466 466 466 466 466 466 467 466 466 466 466 466 466 466 466 466 466 466 466 466 466 465 466 466 466 466 466 466 466 466 466 466 466 465 465 465 465
623 623 623 623 623 623 622 623 623 622 622 622 621 621 621 621 620 619 619 618 617 617 618 618 618 618 618 618 618 618 618 619 619 619 619 619 619 619 619 619 619 620 620 620 549 549 549 549 549 548 548 465 466 466 466 466 466 466 466 466 466 466 466 466 467 467 467 467 467 466 466 466 466 466 466 466 466 466 466 466 467 467 466 466 466 466 466 466 466 466 466 466 466 465
552 552 623 623 623 623 622 623 623 622 622 622 621 621 620 621 620 619 619 618 617 617 617 618 618 618 618 618 618 618 618 618 619 619 619 619 619 619 619 619 619 548 549 549 549 549 549 549 549 549 549 466 466 467 467 467 466 466 466 466 466 466 466 466 466 466 467 467 467 467 467 467 467 466 466 466 466 466 466 466 466 466 467 467 467 467 466 466 466 466 466 466 466 466
551 552 552 552 552 552 622 622 623 622 622 622 621 621 620 620 620 621 620 619 618 618 618 618 619 619 619 619 619 619 619 619 618 619 619 619 619 548 548 548 548 548 548 549 549 549 549 549 549 549 549 466 466 466 467 467 467 467 467 467 467 467 466 466 466 466 466 467 467 467 467 467 467 467 467 467 467 466 466 466 466 466 466 466 467 467 467 467 467 466 466 466 466 466
551 551 552 553 553 553 552 552 552 553 623 623 622 622 621 621 620 621 620 619 618 618 618 618 618 619 619 619 619 619 619 619 619 548 549 549 549 549 549 549 549 549 549 549 550 550 549 549 549 549 549 466 466 466 466 467 467 467 467 467 467 467 467 467 467 467 467 466 466 467 467 467 467 467 467 467 467 467 467 467 467 466 466 466 466 466 467 467 467 467 467 467 466 466
