testData/tiles/oneDegree/grid42.0-34.0-43.0-35.0.asc
ncols   200
nrows   200
xllcorner   42.0
yllcorner   34.0
cellsize   0.005
NODATA_value   -9999.0
[rows 120 to 159 of 200, columns 0 to 89 of 200]
710 710 710 709 709 709 708 708 782 782 782 781 781 779 779 779 778 778 777 777 776 776 776 775 1028 1026 1026 1025 1025 1024 1024 1023 1023 1023 1022 1021 1020 1020 1019 1019 1018 1018 1017 1016 1015 1014 1014 1013 1013 1012 1014 1012 1013 1013 1014 1013 1013 1013 1012 1012 1012 1012 1011 1010 1011 1009 1009 1010 1010 1010 1010 1009 1010 1010 1010 1010 1010 1010 1010 1010 1010 1010 1010 1009 1009 1010 1010 1010 1009 1009
711 710 710 710 709 709 708 708 708 782 782 781 781 780 779 779 778 778 778 777 777 776 776 775 1027 1026 1026 1026 1025 1025 1024 1024 1023 1023 1021 1021 1020 1020 1019 1019 1018 1018 1017 1016 1015 1015 1014 1014 1013 1013 1012 1011 1010 1009 1009 1010 1011 1011 1010 1010 1009 1010 1009 1010 1009 1007 1008 1008 1008 1009 1009 1008 1008 1009 1009 1009 1009 1008 1008 1009 1009 1009 1008 1008 1008 1008 1009 1009 1008 1008
711 711 710 710 709 709 709 708 708 707 782 782 780 780 779 779 779 778 778 777 777 776 776 776 1027 1027 1026 1026 1025 1025 1024 1024 1023 1023 1022 1021 1021 1020 1020 1019 1019 1018 1017 1016 1016 1015 1015 1014 1013 1013 1011 1011 1010 1010 1009 1009 1008 1006 1006 1007 1007 1007 1008 1007 1006 1006 1006 1006 1007 1007 1007 1006 1007 1007 1007 1007 1007 1007 1007 1007 1007 1008 1007 1007 1007 1007 1007 1006 1006 1007
711 711 710 710 710 709 709 709 708 708 707 781 781 780 780 779 779 778 778 778 777 777 776 775 1027 1027 1027 1026 1026 1025 1025 1024 1024 1022 1022 1021 1021 1020 1020 1019 1019 1018 1017 1016 1016 1015 1015 1014 1014 1013 1012 1011 1011 1010 1009 1009 1008 1007 1006 1006 1005 1004 1004 1003 1004 1003 1003 1004 1004 1005 1004 1004 1005 1005 1005 1006 1005 1005 1005 1006 1006 1006 1005 1005 1006 1006 1006 1005 1005 1005
711 711 711 710 710 710 709 709 708 708 707 706 781 780 780 780 779 779 778 778 777 777 776 775 1028 1027 1027 1026 1026 1025 1025 1024 1024 1023 1022 1022 1021 1021 1020 1020 1019 1018 1017 1017 1016 1016 1015 1015 1014 1012 1012 1011 1011 1010 1010 1009 1009 1007 1006 1006 1005 1005 1004 1003 1002 1001 1001 1000 1000 1000 1001 1001 1002 1002 1003 1003 1003 1003 1003 1004 1004 1003 1003 1004 1004 1004 1004 1003 1003 1004
712 711 711 711 710 710 709 709 709 708 707 706 781 781 780 780 779 779 779 778 778 777 776 775 1028 1027 1027 1027 1026 1026 1025 1025 1023 1023 1022 1022 1021 1021 1020 1020 1019 1018 1017 1017 1016 1016 1015 1015 1014 1013 1012 1012 1011 1011 1010 1009 1008 1007 1007 1006 1006 1005 1004 1003 1002 1002 1001 1000 1000 999 999 999 999 999 999 998 998 1000 1000 1001 1001 1000 1001 1001 1001 1002 1002 1001 1001 1002
712 711 711 711 710 710 710 709 709 707 707 707 706 781 780 780 780 779 779 778 778 776 776 776 1028 1028 1027 1027 1026 1026 1025 1024 1023 1023 1023 1022 1022 1021 1021 1020 1019 1018 1018 1017 1017 1016 1016 1015 1013 1013 1012 1012 1011 1011 1010 1010 1008 1008 1007 1006 1006 1005 1005 1003 1002 1002 1001 1001 1000 999 999 999 999 999 999 998 998 998 998 998 998 997 997 997 997 997 998 998 998 998
712 712 711 711 711 710 710 709 708 708 707 707 706 706 781 780 780 779 779 779 777 777 776 776 1028 1028 1027 1027 1027 1026 1026 1024 1024 1023 1023 1022 1022 1021 1021 1020 1019 1018 1018 1017 1017 1016 1016 1015 1014 1013 1013 1012 1012 1011 1011 1009 1008 1008 1007 1007 1006 1006 1004 1003 1003 1002 1002 1001 1000 999 999 999 999 999 999 998 998 998 998 998 997 997 997 997 997 997 996 996 996 996
712 712 712 711 711 710 710 709 708 708 707 707 707 706 706 780 780 780 779 779 777 777 777 776 1029 1028 1028 1027 1027 1026 1025 1024 1024 1024 1023 1023 1022 1022 1021 1020 1019 1019 1018 1018 1017 1017 1016 1015 1014 1013 1013 1012 1012 1011 1011 1009 1009 1008 1008 1007 1006 1006 1004 1004 1003 1002 1002 1001 1000 999 999 999 999 999 998 998 998 998 998 998 997 997 997 997 997 996 996 996 996 996
713 712 712 711 711 711 709 709 709 708 708 707 707 707 706 706 780 780 779 778 778 777 777 776 1029 1028 1028 1028 1027 1027 1025 1025 1024 1024 1023 1023 1022 1022 1021 1020 1019 1019 1018 1018 1017 1017 1016 1015 1014 1014 1013 1013 1012 1012 1010 1009 1009 1008 1008 1007 1007 1005 1004 1004 1003 1003 1002 1001 1000 999 999 999 999 999 998 998 998 998 998 998 997 997 997 997 997 996 996 996 996 996
713 712 712 712 711 710 710 709 709 708 708 708 707 707 706 706 706 780 779 778 778 777 777 777 1029 1029 1028 1028 1027 1026 1025 1025 1024 1024 1024 1023 1023 1022 1021 1020 1020 1019 1019 1018 1018 1017 1016 1015 1015 1014 1013 1013 1012 1012 1010 1010 1009 1009 1008 1007 1007 1005 1005 1004 1004 1003 1002 1001 1000 999 999 999 999 998 998 998 998 998 998 997 997 997 997 997 997 996 996 996 996 996
713 713 712 712 711 710 710 709 709 709 708 708 707 707 707 706 706 704 779 778 778 778 777 777 1029 1029 1028 1028 1027 1026 1026 1025 1025 1024 1024 1023 1023 1021 1021 1020 1020 1019 1019 1018 1018 1017 1016 1015 1015 1014 1014 1013 1013 1011 1011 1010 1009 1009 1008 1008 1006 1006 1005 1004 1004 1003 1003 1001 1000 1000 999 999 999 998 998 998 998 998 998 997 997 997 997 997 996 996 996 996 996 996
713 713 712 711 711 710 710 710 709 709 708 708 708 707 707 706 705 705 704 779 778 778 777 777 1030 1029 1029 1027 1027 1026 1026 1025 1025 1024 1024 1024 1023 1022 1021 1021 1020 1020 1019 1019 1018 1017 1016 1016 1015 1014 1014 1013 1013 1011 1011 1010 1010 1009 1009 1008 1006 1006 1005 1005 1004 1003 1002 1001 1001 1000 999 999 999 998 998 998 998 998 997 997 997 997 997 997 996 996 996 996 996 995
713 713 712 711 711 711 710 710 709 709 709 708 708 707 707 707 705 705 704 704 779 778 778 777 1030 1029 1029 1027 1027 1027 1026 1026 1025 1025 1024 1024 1022 1022 1021 1021 1020 1020 1019 1019 1018 1017 1016 1016 1015 1015 1014 1014 1012 1012 1011 1010 1010 1009 1009 1007 1007 1006 1006 1005 1004 1004 1002 1002 1001 1000 1000 999 998 998 998 998 998 998 997 997 997 997 997 997 996 996 996 996 996 995
713 712 712 712 711 711 710 710 710 709 709 708 708 708 707 706 705 705 705 704 704 778 778 777 1030 1030 1028 1028 1027 1027 1026 1026 1025 1025 1024 1023 1023 1022 1022 1021 1021 1020 1020 1019 1018 1017 1017 1016 1016 1015 1014 1014 1012 1012 1011 1011 1010 1010 1009 1008 1007 1006 1006 1005 1005 1003 1002 1002 1001 1001 1000 999 998 998 998 998 998 998 997 997 997 997 997 996 996 996 996 996 995 995
713 713 712 712 711 711 711 710 710 709 709 709 708 708 706 706 706 705 705 704 704 704 778 778 777 1029 1028 1028 1027 1027 1027 1026 1026 1025 1025 1023 1023 1022 1022 1021 1021 1020 1020 1018 1018 1017 1017 1016 1016 1015 1015 1013 1013 1012 1012 1011 1010 1010 1008 1008 1007 1007 1006 1005 1005 1003 1003 1002 1001 1001 1000 999 998 998 998 998 998 997 997 997 997 997 997 996 996 996 996 996 995 995
713 713 712 712 712 711 711 710 710 710 709 709 709 707 707 706 706 705 705 705 704 704 703 778 776 1029 1029 1028 1028 1027 1027 1026 1026 1025 1024 1023 1023 1023 1022 1022 1021 1021 1020 1019 1018 1018 1017 1017 1016 1015 1015 1013 1013 1012 1012 1011 1011 1010 1009 1008 1007 1007 1006 1006 1004 1004 1003 1002 1002 1001 1000 999 998 998 998 998 998 997 997 997 997 997 996 996 996 996 996 996 995 995
713 713 713 712 712 711 711 711 710 710 710 709 708 707 707 707 706 706 705 705 704 704 704 702 777 1029 1029 1028 1028 1027 1027 1027 1026 1025 1024 1024 1023 1023 1022 1022 1021 1021 1019 1019 1018 1018 1017 1017 1016 1016 1014 1014 1013 1013 1012 1011 1011 1009 1009 1008 1008 1007 1007 1006 1004 1004 1003 1003 1002 1001 1000 999 998 998 998 998 997 997 997 997 997 997 996 996 996 996 996 995 995 995
714 713 713 712 712 712 711 711 711 710 710 708 708 708 707 707 706 706 705 705 705 704 703 702 702 1029 1029 1029 1028 1028 1027 1027 1026 1025 1024 1024 1023 1023 1023 1022 1022 1020 1020 1019 1019 1018 1018 1017 1016 1015 1014 1014 1013 1013 1012 1012 1011 1010 1009 1009 1008 1007 1007 1005 1005 1004 1003 1003 1002 1002 1000 999 999 998 998 998 997 997 997 997 997 996 996 996 996 996 996 995 995 995
714 713 713 713 712 712 711 711 711 709 709 709 708 708 707 707 707 706 706 705 705 704 703 703 702 955 1029 1029 1028 1028 1027 1027 1026 1025 1025 1024 1024 1023 1023 1022 1022 1020 1020 1019 1019 1018 1018 1017 1017 1015 1015 1014 1014 1013 1013 1012 1010 1010 1009 1009 1008 1008 1007 1005 1005 1004 1004 1003 1002 1001 1000 1000 999 998 998 997 997 997 997 997 997 996 996 996 996 996 995 995 995 995
714 714 713 713 712 712 712 711 710 710 709 709 708 708 708 707 707 706 706 706 705 704 703 703 702 955 955 1029 1029 1028 1028 1026 1026 1025 1025 1024 1024 1023 1023 1022 1021 1021 1020 1020 1019 1019 1018 1017 1016 1015 1015 1014 1014 1013 1013 1011 1011 1010 1010 1009 1008 1008 1006 1006 1005 1005 1004 1003 1003 1001 1001 1000 999 999 998 997 997 997 997 997 996 996 996 996 996 996 995 995 995 995
714 714 713 713 713 712 712 711 710 710 709 709 709 708 708 707 707 707 706 706 704 704 703 703 703 955 955 954 1029 1028 1027 1026 1026 1026 1025 1025 1024 1024 1023 1022 1021 1021 1020 1020 1019 1019 1018 1017 1016 1016 1015 1015 1014 1014 1013 1011 1011 1010 1010 1009 1009 1008 1007 1006 1005 1005 1004 1004 1002 1001 1001 1000 1000 999 997 997 997 997 997 997 996 996 996 996 996 995 995 995 995 995
714 714 714 713 713 712 711 711 710 710 710 709 709 708 708 708 707 707 706 705 705 704 704 703 703 702 955 954 954 1028 1027 1027 1026 1026 1025 1025 1024 1024 1022 1022 1021 1021 1020 1020 1019 1019 1018 1017 1016 1016 1015 1015 1014 1014 1012 1012 1011 1011 1010 1009 1009 1007 1007 1006 1006 1005 1004 1003 1002 1002 1001 1000 1000 999 998 997 997 997 997 996 996 996 996 996 996 995 995 995 995 995
715 714 714 713 712 712 711 711 711 710 710 709 709 709 708 708 707 707 706 705 705 704 704 703 703 703 955 955 953 953 1027 1027 1026 1026 1026 1025 1025 1024 1023 1022 1022 1021 1021 1020 1020 1019 1018 1017 1017 1016 1016 1015 1015 1013 1012 1012 1011 1011 1010 1010 1008 1008 1007 1006 1006 1005 1005 1003 1002 1002 1001 1001 1000 998 998 997 997 997 997 996 996 996 996 996 995 995 995 995 995 995
715 714 714 713 712 712 712 711 711 710 710 710 709 709 708 708 707 706 706 705 705 705 704 704 703 703 955 954 953 953 953 1027 1027 1026 1026 1025 1025 1023 1023 1022 1022 1021 1021 1020 1020 1018 1018 1017 1017 1016 1016 1015 1015 1013 1013 1012 1012 1011 1011 1010 1008 1008 1007 1007 1006 1006 1004 1003 1003 1002 1002 1001 999 999 998 997 997 997 996 996 996 996 996 996 995 995 995 995 995 994
715 714 713 713 712 712 712 711 711 711 710 710 709 709 709 707 707 706 706 706 705 705 704 704 703 703 955 954 954 953 953 952 1027 1026 1026 1026 1024 1024 1023 1023 1022 1022 1021 1021 1019 1019 1018 1018 1017 1017 1016 1016 1014 1013 1013 1012 1012 1011 1011 1009 1009 1008 1007 1007 1006 1006 1004 1004 1003 1002 1002 1001 1000 999 998 998 997 997 996 996 996 996 996 995 995 995 995 995 995 994
714 714 713 713 713 712 712 712 711 711 710 710 710 709 708 707 707 707 706 706 705 705 705 704 704 702 955 954 954 953 953 953 952 1027 1026 1025 1024 1024 1023 1023 1022 1022 1021 1021 1019 1019 1018 1018 1017 1017 1016 1015 1014 1014 1013 1013 1012 1012 1010 1009 1009 1008 1008 1007 1007 1005 1004 1004 1003 1003 1002 1000 1000 999 999 998 997 996 996 996 996 996 996 995 995 995 995 995 994 994
714 714 714 713 713 713 712 712 711 711 711 710 710 708 708 708 707 707 706 706 706 705 705 704 703 702 955 955 954 954 953 953 952 952 1025 1025 1024 1024 1024 1023 1023 1022 1022 1020 1020 1019 1019 1018 1018 1017 1017 1015 1014 1014 1013 1013 1012 1012 1010 1010 1009 1009 1008 1007 1006 1005 1005 1004 1003 1003 1002 1001 1000 999 999 998 997 996 996 996 996 996 995 995 995 995 995 994 994 994
715 714 714 713 713 713 712 712 712 711 711 710 709 709 708 708 707 707 707 706 706 705 705 704 703 703 702 955 954 954 953 953 953 951 951 1025 1025 1024 1024 1023 1023 1022 1021 1020 1020 1019 1019 1018 1018 1017 1016 1015 1015 1014 1014 1013 1013 1011 1010 1010 1009 1009 1008 1008 1006 1005 1005 1004 1004 1003 1001 1001 1000 1000 999 998 997 996 996 996 996 996 995 995 995 995 995 994 994 994
715 714 714 714 713 713 713 712 712 711 710 710 709 709 708 708 708 707 707 706 706 706 704 704 703 703 702 955 955 954 954 953 952 951 951 950 1025 1024 1024 1023 1023 1022 1021 1021 1020 1020 1019 1019 1018 1016 1016 1015 1015 1014 1014 1013 1012 1011 1011 1010 1010 1009 1008 1007 1006 1006 1005 1005 1004 1002 1002 1001 1000 1000 999 998 997 996 996 996 996 995 995 995 995 995 994 994 994 994
715 715 714 714 713 713 713 712 712 711 710 710 709 709 709 708 708 707 707 707 706 705 704 704 703 703 703 955 955 954 954 952 952 952 951 951 950 1025 1024 1024 1022 1022 1021 1021 1020 1020 1019 1019 1017 1017 1016 1016 1015 1015 1014 1014 1012 1011 1011 1010 1010 1009 1008 1007 1007 1006 1005 1005 1004 1003 1002 1001 1001 1000 999 998 997 997 996 996 995 995 995 995 995 995 994 994 994 994
715 715 714 714 714 713 713 712 711 711 710 710 710 709 709 708 708 708 707 707 705 705 705 704 704 703 703 955 955 955 953 953 952 952 951 951 950 950 1024 1023 1022 1022 1021 1021 1020 1020 1019 1018 1017 1017 1016 1016 1015 1015 1014 1013 1012 1012 1011 1011 1010 1009 1008 1007 1007 1006 1006 1005 1003 1003 1002 1002 1001 1000 999 998 997 997 996 996 995 995 995 995 995 994 994 994 994 994
715 715 715 714 714 714 712 712 711 711 711 710 710 709 709 709 708 708 707 706 706 705 705 704 704 703 703 703 955 954 953 953 952 952 951 951 951 950 949 1023 1023 1022 1022 1021 1021 1020 1020 1018 1018 1017 1017 1016 1016 1015 1014 1013 1012 1012 1011 1011 1010 1009 1008 1008 1007 1006 1006 1004 1004 1003 1002 1002 1001 1000 999 998 998 997 996 995 995 995 995 995 995 994 994 994 994 994
716 715 715 714 713 713 712 712 712 711 711 710 710 710 709 709 708 707 707 706 706 705 705 705 704 704 703 703 954 954 953 953 953 952 952 951 951 949 949 948 1023 1022 1022 1021 1021 1020 1019 1018 1018 1017 1017 1016 1016 1014 1014 1013 1013 1012 1012 1011 1009 1009 1008 1008 1007 1007 1006 1004 1004 1003 1003 1002 1001 1000 999 999 998 997 997 995 995 995 995 995 994 994 994 994 994 993
716 715 715 714 713 713 713 712 712 711 711 711 710 710 709 709 708 707 707 706 706 706 705 705 704 704 703 702 955 954 954 953 953 952 952 951 950 949 949 949 948 1023 1022 1022 1021 1020 1019 1019 1018 1018 1017 1017 1015 1014 1014 1013 1013 1012 1012 1010 1010 1009 1009 1008 1007 1007 1005 1005 1004 1003 1003 1002 1001 1000 999 999 998 998 996 995 995 995 995 994 994 994 994 994 994 993
716 715 714 714 713 713 713 712 712 712 711 711 710 710 710 708 708 707 707 707 706 706 705 705 704 704 703 702 955 954 954 953 953 953 952 951 950 950 949 949 948 948 947 1022 1020 1020 1019 1019 1018 1018 1017 1017 1015 1015 1014 1014 1013 1013 1012 1010 1010 1009 1009 1008 1008 1006 1005 1005 1004 1004 1003 1001 1001 1000 1000 999 998 997 996 995 995 995 995 994 994 994 994 994 993 993
715 715 714 714 714 713 713 713 712 712 711 711 711 709 709 708 708 708 707 707 706 706 706 705 705 703 703 702 702 955 954 954 953 953 951 951 950 950 949 949 948 948 947 946 1021 1020 1020 1019 1018 1018 1017 1016 1015 1015 1014 1014 1013 1013 1011 1011 1010 1010 1009 1008 1007 1006 1006 1005 1005 1004 1003 1002 1001 1000 1000 999 999 997 996 996 995 995 994 994 994 994 994 993 993 993
715 715 715 714 714 713 713 713 712 712 712 711 710 709 709 709 708 708 707 707 707 706 706 705 704 703 703 703 702 955 954 954 953 952 951 951 951 950 950 949 949 948 947 946 946 1020 1020 1019 1019 1018 1017 1016 1016 1015 1015 1014 1014 1012 1011 1011 1010 1010 1009 1009 1007 1006 1006 1005 1005 1004 1003 1002 1001 1001 1000 999 998 997 997 996 995 995 994 994 994 994 994 993 993 993
715 715 715 714 714 714 713 713 713 712 711 710 710 710 709 709 708 708 708 707 707 706 705 705 704 704 703 703 702 955 954 954 953 952 952 951 951 950 950 949 949 947 947 946 946 945 1020 1019 1019 1017 1017 1016 1016 1015 1015 1014 1013 1012 1012 1011 1011 1010 1009 1008 1007 1007 1006 1006 1005 1003 1003 1002 1002 1001 1000 999 998 997 997 996 996 994 994 994 994 994 993 993 993 993
716 715 715 715 714 714 713 713 713 711 711 711 710 710 709 709 709 708 708 707 707 706 705 705 704 704 703 703 703 955 955 953 953 952 952 951 951 950 950 950 948 948 947 947 946 946 945 1020 1018 1018 1017 1017 1016 1016 1015 1013 1013 1012 1012 1011 1011 1010 1009 1008 1007 1007 1006 1006 1005 1004 1003 1002 1002 1001 1001 999 998 998 997 996 995 994 994 994 994 994 993 993 993 993
