testData/tiles/oneDegree/grid43.0-43.0-44.0-44.0.asc
ncols   200
nrows   200
xllcorner   43.0
yllcorner   43.0
cellsize   0.005
NODATA_value   -9999.0
[rows 126 to 167 of 200, columns 0 to 93 of 200]
306 306 306 306 306 306 306 307 307 307 307 307 307 307 307 307 307 307 307 307 307 307 307 307 307 307 307 307 307 306 306 306 306 295 295 295 295 295 295 295 295 295 295 295 299 299 299 299 299 299 300 300 301 302 302 303 304 305 305 306 307 307 308 309 321 321 322 323 323 324 325 326 326 327 328 328 329 331 332 333 334 336 337 337 339 340 340 342 343 344 345 346 347 347
307 307 306 306 306 306 306 306 306 306 306 306 307 307 307 307 307 307 307 307 307 307 307 307 307 307 307 307 307 307 307 306 295 295 295 295 295 295 295 295 295 295 295 295 299 299 299 299 299 299 299 300 301 302 302 303 304 304 305 306 307 307 319 320 320 321 322 323 323 324 325 326 326 327 328 329 330 332 333 334 335 336 337 338 339 341 341 342 344 344 345 346 348 348
308 308 307 307 307 307 307 306 306 306 306 306 306 306 306 306 306 307 307 307 307 307 307 307 307 307 307 307 307 307 307 296 296 296 295 295 295 295 295 295 295 295 295 295 299 299 299 299 299 299 299 300 301 302 302 303 304 304 305 306 307 318 319 320 320 321 322 323 323 324 325 325 326 328 329 330 331 333 333 334 336 337 337 339 340 340 342 343 344 345 346 347 348 349
309 308 308 308 308 308 307 307 307 307 306 306 306 306 306 306 306 306 306 306 306 306 306 307 307 307 307 307 307 296 296 296 296 296 296 296 295 295 295 295 295 295 295 295 299 299 299 299 299 299 299 300 301 301 302 303 304 304 305 317 317 318 319 320 320 321 322 322 323 324 325 326 327 329 330 331 332 333 334 335 336 338 338 339 341 341 342 344 345 345 346 348 348 349
310 309 309 309 309 309 308 308 308 308 307 307 307 306 306 306 306 306 306 306 306 306 306 306 306 306 306 306 295 295 296 296 296 296 296 296 296 296 295 295 295 295 295 295 299 299 299 299 299 299 299 300 301 301 302 303 303 315 316 317 317 318 319 320 320 321 322 322 323 325 326 327 328 330 330 331 333 334 334 336 337 337 339 340 341 342 343 344 344 346 347 348 348 350
310 310 310 310 310 310 309 309 309 309 308 308 308 307 307 307 306 306 306 306 306 306 306 306 306 306 306 295 295 295 295 295 295 295 295 295 295 295 296 296 295 295 295 295 299 299 299 299 299 299 299 300 301 301 302 314 314 315 316 317 317 318 319 319 320 321 322 323 324 326 326 327 329 330 331 332 333 334 335 336 338 338 339 341 341 342 343 345 345 346 347 349 349 350
311 311 311 311 311 310 310 310 310 309 309 309 309 308 308 308 307 307 306 306 306 306 306 306 306 306 295 295 295 295 295 295 295 295 295 295 295 295 295 295 295 295 294 294 298 298 298 298 298 299 299 300 300 301 313 314 314 315 316 316 317 318 319 319 320 322 322 324 325 326 327 328 330 331 331 333 334 334 336 337 338 339 340 341 341 343 344 345 346 347 348 348 348 350
312 312 312 312 312 311 311 311 311 310 310 310 309 309 309 308 308 308 307 307 307 306 306 306 295 295 295 295 295 295 295 295 295 295 295 295 295 295 295 295 295 295 295 294 298 298 298 298 298 298 298 299 310 311 312 312 313 314 315 315 316 317 318 318 320 321 322 323 325 326 327 328 329 330 331 332 334 334 335 337 337 338 339 341 341 342 344 344 345 346 348 348 349 350
312 312 312 313 312 312 312 312 311 311 311 311 310 310 310 309 309 309 308 308 307 307 307 295 295 295 295 295 295 295 295 295 295 295 295 295 295 295 295 295 295 295 295 295 299 298 298 298 298 298 298 310 310 311 312 312 313 314 315 315 316 317 318 319 321 322 323 324 325 326 327 329 330 330 332 333 333 335 336 337 337 339 340 340 342 343 344 344 346 347 347 348 349 351
313 313 313 313 312 312 312 312 312 312 312 311 311 311 310 310 310 309 309 309 308 308 296 296 296 295 295 295 295 295 295 295 295 295 295 295 295 295 295 295 295 295 295 295 295 299 298 298 298 309 309 309 310 311 312 312 313 314 314 315 317 318 319 320 322 322 323 325 326 327 328 329 330 331 332 334 334 335 336 338 338 339 341 341 342 343 345 345 346 347 348 349 350 351
314 314 314 313 313 313 313 312 312 312 312 311 311 312 311 311 311 310 310 309 298 298 297 297 296 296 295 295 295 295 295 295 295 295 295 295 295 295 295 295 295 295 295 295 295 299 299 310 309 309 309 309 310 311 311 312 313 314 315 316 318 319 319 321 322 323 324 325 327 327 329 330 330 331 333 334 334 336 337 337 339 340 341 341 343 344 344 345 347 348 348 349 350 351
315 315 315 314 314 314 314 313 313 313 313 312 312 312 311 311 310 310 312 300 300 299 299 299 298 298 297 297 296 296 296 296 296 296 296 296 296 296 296 296 296 296 296 296 296 300 311 311 311 309 309 309 310 311 311 312 313 315 315 317 318 319 320 322 323 323 325 326 326 328 329 330 331 332 333 334 335 336 338 338 339 340 341 342 343 344 345 346 347 347 348 350 351 351
316 316 315 315 315 315 315 314 314 315 314 314 314 313 313 313 312 312 301 300 300 299 299 298 298 299 298 298 297 297 296 296 296 296 296 296 296 296 296 296 296 296 296 296 307 311 311 311 311 311 310 310 311 312 312 314 315 316 316 318 319 319 321 322 323 324 325 327 327 328 330 330 331 333 334 334 335 337 337 338 340 341 341 342 344 344 345 346 347 348 349 350 350 352
317 317 316 317 317 317 316 316 316 316 315 315 315 314 314 314 302 302 301 301 301 300 300 299 299 298 298 297 297 296 296 295 296 296 296 296 296 296 296 296 296 296 296 307 307 311 311 311 311 311 311 310 311 311 313 315 316 316 318 319 320 321 323 324 323 325 326 326 328 329 330 331 332 333 333 335 336 337 338 339 340 340 342 343 344 344 345 347 347 348 349 351 351 352
319 319 318 318 318 318 317 317 317 316 316 316 315 315 315 303 303 303 302 302 301 301 301 300 300 299 299 298 298 297 297 296 296 295 295 295 295 295 295 295 295 306 307 307 307 311 311 311 311 311 311 311 312 312 314 315 316 317 319 320 320 322 323 325 325 326 328 328 329 329 331 331 332 334 334 335 336 338 338 339 341 341 342 343 344 345 346 347 347 349 350 351 351 352
320 319 319 319 319 318 318 318 318 317 317 317 316 316 305 304 304 303 303 303 302 302 301 301 300 300 299 299 298 298 297 297 296 296 295 295 295 295 295 295 306 306 306 306 306 310 310 310 310 310 311 311 313 313 314 315 315 318 319 321 321 322 324 324 325 327 328 328 330 331 331 333 334 335 334 336 337 337 338 340 341 341 342 344 343 344 345 347 347 348 349 349 351 352
320 319 320 320 320 319 319 319 319 318 318 318 306 306 305 305 305 304 304 303 303 304 303 303 302 302 301 301 300 300 299 299 298 297 297 296 296 296 307 307 307 307 307 307 307 307 310 310 310 311 311 312 312 314 315 316 316 317 319 319 321 322 323 324 325 326 327 328 329 331 331 332 333 334 335 336 337 338 338 339 339 341 342 343 343 345 346 346 347 348 350 350 351 352
320 320 320 320 320 319 320 320 319 319 319 308 308 308 307 307 307 306 306 305 305 304 304 303 303 302 302 301 301 300 300 299 299 298 298 297 296 307 307 307 307 307 307 307 307 307 311 312 312 313 313 314 314 316 317 317 317 318 319 320 321 323 323 324 326 327 327 328 330 330 331 333 334 334 335 337 337 338 339 341 341 341 342 343 344 345 346 346 348 349 349 350 351 353
321 321 321 321 320 321 321 321 320 320 309 308 309 309 308 308 307 307 307 306 306 305 305 304 304 303 303 302 302 301 301 300 300 299 298 309 308 308 307 307 307 307 307 307 307 307 312 312 313 313 314 314 315 316 318 318 319 320 320 321 323 324 323 325 326 326 328 329 330 331 332 333 333 335 336 337 337 339 340 340 341 343 344 344 344 345 346 347 348 349 349 351 352 352
323 323 323 323 322 322 322 321 310 310 309 309 309 308 308 308 307 307 307 307 306 306 306 305 305 304 304 303 302 302 301 301 300 300 310 310 309 308 308 307 307 307 307 307 308 308 313 313 314 314 315 315 315 317 317 319 320 320 321 322 323 324 325 326 328 328 329 329 330 331 332 334 334 335 336 337 338 339 340 340 342 343 343 344 346 347 347 348 348 349 350 351 352 352
324 324 324 323 323 323 323 311 311 311 310 310 310 309 309 308 308 308 307 307 306 306 305 305 305 305 304 304 303 303 302 302 301 311 311 310 310 309 308 308 307 307 307 308 308 309 313 314 314 315 315 316 316 317 318 319 320 322 321 323 324 324 325 327 328 328 330 331 331 332 334 335 334 335 337 337 338 339 340 341 342 343 344 345 346 346 347 349 350 350 351 351 352 353
325 325 325 324 324 313 313 312 312 312 311 311 310 310 310 309 309 308 308 308 307 307 306 306 305 306 305 305 304 303 303 313 314 313 313 312 311 311 310 309 309 309 308 309 309 310 314 315 315 315 316 316 317 318 318 320 321 321 323 323 324 325 326 327 328 329 330 331 332 333 334 334 336 337 338 338 339 340 340 341 343 343 344 345 346 347 348 349 349 350 352 353 353 353
326 326 326 325 314 314 313 313 313 312 312 312 311 311 312 311 311 310 310 309 309 308 308 307 307 306 306 305 305 304 315 314 313 313 312 312 311 310 310 309 309 309 310 310 311 311 312 316 317 317 317 318 318 318 319 320 322 322 323 325 324 325 326 328 328 329 331 331 332 333 335 335 336 337 338 339 340 341 341 343 343 343 344 346 346 347 348 349 350 351 352 352 353 354
327 327 315 315 315 315 314 315 315 314 314 314 313 313 312 312 312 311 311 310 310 309 309 308 308 307 307 306 305 316 315 315 314 314 313 312 312 311 310 311 311 311 311 310 311 311 311 316 316 317 317 317 318 318 319 321 321 322 324 325 325 326 327 327 328 330 331 331 333 334 334 335 336 338 338 339 340 341 342 343 344 343 345 345 345 346 347 348 349 350 351 351 353 354
327 317 316 317 317 316 316 316 316 315 315 314 314 314 313 313 312 312 311 311 310 310 309 309 308 308 307 318 317 317 316 315 315 314 314 313 312 313 312 312 312 312 311 312 311 312 312 316 317 317 318 318 318 319 320 321 322 323 324 324 326 327 327 328 329 330 329 331 332 333 333 335 336 336 337 339 340 340 341 342 343 344 345 346 346 348 348 348 349 350 351 352 353 354
318 317 317 317 317 316 316 316 316 316 316 315 315 314 314 314 313 313 312 312 311 311 310 310 309 309 319 319 318 317 317 316 316 315 314 314 314 313 314 313 313 313 313 312 313 312 313 317 317 318 318 318 319 319 320 321 322 323 325 325 326 328 327 328 329 331 331 332 333 334 334 335 336 337 338 339 339 340 342 343 343 344 345 346 347 348 348 349 351 352 352 353 354 354
319 318 318 318 318 317 317 317 316 316 315 315 315 314 315 314 314 313 313 313 312 312 311 310 310 320 320 319 319 318 317 317 316 317 315 315 316 315 315 315 315 314 315 314 313 314 313 318 318 318 319 319 319 320 321 321 323 324 324 325 327 328 328 328 330 330 331 333 334 334 335 336 337 338 338 339 340 341 342 342 343 345 346 346 348 349 350 351 352 352 353 354 355 355
319 319 319 319 318 318 318 317 317 317 316 316 316 315 315 314 315 314 314 313 313 313 313 312 323 322 322 321 320 320 319 319 318 318 318 318 317 318 317 317 317 317 316 317 316 315 316 315 319 320 320 319 320 320 320 322 323 324 325 326 327 327 329 330 330 330 332 333 333 334 336 337 337 338 340 340 341 342 342 343 345 346 346 347 349 349 350 351 352 352 354 355 355 357
320 320 320 320 319 319 319 318 318 319 318 318 317 317 316 316 316 315 315 314 314 313 324 323 322 322 321 321 321 321 320 319 320 319 319 320 319 318 319 318 318 318 318 317 317 317 316 316 320 320 321 321 321 322 322 323 324 325 325 326 328 328 329 330 330 331 332 333 334 335 336 336 337 339 340 341 342 343 344 345 346 346 346 348 349 349 350 351 353 354 355 356 356 357
321 321 321 321 321 321 321 320 320 319 319 319 318 318 317 317 316 316 315 315 314 325 324 324 323 323 322 321 321 320 320 320 320 320 320 319 320 319 320 320 319 319 319 319 318 318 318 317 320 321 321 321 322 322 322 324 325 325 326 328 328 329 330 332 331 331 332 333 334 335 336 338 339 340 340 341 343 344 344 345 346 347 348 350 350 350 352 353 353 354 355 355 357 358
323 323 323 322 322 322 321 321 321 320 320 319 319 319 318 318 317 317 316 316 326 326 325 324 324 323 323 322 322 322 321 322 321 321 321 321 320 321 320 320 320 319 319 319 318 318 317 318 321 320 320 322 322 322 323 324 324 326 327 328 328 330 331 331 332 334 334 335 336 336 337 338 339 340 341 342 343 343 345 347 347 348 349 350 351 352 353 352 353 354 355 355 357 358
323 323 324 323 323 323 322 322 321 321 321 320 320 319 319 318 318 317 317 327 327 326 326 325 325 324 323 323 323 323 323 322 323 322 322 322 322 321 322 321 320 321 320 320 319 319 319 318 321 322 321 321 322 322 322 323 324 325 326 326 328 329 330 331 333 334 333 334 336 337 337 338 340 339 341 342 343 344 345 346 346 347 348 349 350 351 352 353 355 356 355 356 357 358
324 324 323 323 323 322 322 322 322 322 322 321 321 320 320 319 319 329 330 329 329 328 328 327 326 326 325 326 326 325 326 325 325 325 325 324 324 324 323 324 323 322 322 322 321 321 321 320 324 322 322 322 322 322 323 323 324 325 327 328 329 330 331 332 333 334 335 335 336 336 338 340 341 341 342 343 343 344 345 345 346 348 350 350 351 352 353 354 355 356 356 357 359 358
325 325 324 324 324 323 323 323 322 322 322 322 321 321 322 321 332 331 330 330 329 329 328 328 327 326 327 327 327 327 326 327 326 326 326 326 325 325 325 324 323 324 323 323 323 322 322 321 321 324 324 323 323 324 324 325 326 327 327 328 329 331 331 332 333 334 336 336 337 338 339 340 340 341 343 343 344 345 347 348 348 349 349 350 351 353 353 354 355 355 356 358 359 360
326 325 325 325 325 325 325 324 324 324 323 323 322 322 321 332 331 331 330 330 330 330 329 328 329 328 329 328 328 328 328 327 328 327 327 327 326 326 325 326 325 324 325 324 323 323 323 322 322 325 325 325 325 325 325 326 327 328 328 330 331 331 332 334 335 335 336 337 337 338 339 340 341 343 344 344 345 347 347 348 349 350 350 351 352 352 353 355 356 357 358 359 359 360
328 327 327 327 326 326 326 325 325 324 324 324 323 323 333 333 332 332 331 330 330 329 329 329 328 329 328 329 330 329 329 329 328 329 328 328 328 327 327 326 326 326 325 324 325 324 323 323 324 327 327 326 326 325 326 326 327 327 330 331 332 332 334 335 335 336 338 338 337 339 340 341 342 343 343 344 346 347 347 348 349 350 352 353 354 354 354 356 356 357 358 358 359 361
329 328 328 328 327 327 326 326 326 325 325 324 324 334 334 333 333 332 332 331 331 330 330 330 330 331 330 330 330 330 329 329 329 328 329 328 327 327 328 328 327 326 327 326 326 326 326 325 324 328 328 327 327 326 327 327 329 329 330 331 332 333 334 335 335 338 339 339 340 341 341 341 342 343 344 345 346 347 348 350 351 351 352 353 353 355 356 356 357 357 358 359 361 362
329 329 329 328 328 328 327 327 327 326 326 325 336 335 335 334 334 333 332 332 331 333 333 332 333 332 333 332 332 332 332 331 331 331 330 330 330 329 329 329 328 329 328 328 328 327 325 325 325 324 327 328 328 328 327 328 328 329 330 332 332 334 335 336 337 338 339 339 341 341 341 342 343 345 346 346 347 347 349 350 350 351 352 353 354 355 356 357 357 358 359 359 360 361
329 329 329 328 329 329 328 328 327 327 326 337 337 337 336 336 335 335 334 334 334 334 334 334 334 334 333 334 333 333 333 332 332 331 332 331 330 331 331 330 330 330 329 329 328 328 328 328 327 326 331 330 329 329 328 327 327 329 331 331 332 333 335 335 336 337 338 339 340 341 341 343 344 344 345 346 347 348 348 349 349 350 353 353 354 355 355 356 358 359 359 360 361 361
330 330 330 329 329 328 329 329 328 339 339 339 338 338 337 337 336 335 336 335 336 335 335 335 335 335 335 334 335 334 334 333 333 333 332 333 333 332 332 332 331 331 330 330 330 330 329 328 329 328 331 330 331 330 330 329 330 331 332 332 334 334 334 335 336 338 339 340 341 342 342 343 343 344 345 347 347 348 350 350 352 352 352 353 354 355 356 357 358 358 359 360 362 363
331 331 331 331 331 330 330 329 340 339 339 339 338 337 337 336 337 337 337 337 336 337 336 337 336 336 336 336 335 335 335 334 335 335 335 334 333 334 333 332 332 333 332 332 331 331 330 330 329 328 333 333 332 331 330 331 330 331 331 333 334 335 336 338 339 338 339 340 341 342 342 343 343 346 347 347 348 349 350 351 352 353 353 354 355 355 356 358 358 359 360 362 362 363
333 333 332 332 331 331 331 341 341 340 340 339 339 338 338 337 338 337 337 338 337 337 337 337 338 337 337 336 337 337 337 337 336 336 335 335 335 335 334 335 334 333 333 333 332 331 331 331 331 331 334 333 332 333 332 331 330 332 333 334 335 335 337 338 338 339 341 342 342 344 344 344 345 346 346 347 348 350 350 351 352 352 353 356 357 357 358 358 358 360 361 361 362 363
