testData/tiles/oneDegree/grid28.0-18.0-29.0-19.0.asc
ncols   200
nrows   200
xllcorner   28.0
yllcorner   18.0
cellsize   0.005
NODATA_value   -9999.0
[rows 0 to 41 of 200, columns 0 to 93 of 200]
324 323 323 324 324 324 324 324 324 324 324 324 324 325 325 325 324 324 324 324 324 324 324 324 325 325 325 324 323 324 324 324 324 324 324 324 324 324 324 323 323 323 324 324 323 323 323 323 322 323 323 322 322 322 322 322 323 322 322 321 321 321 321 321 321 321 320 320 320 320 320 320 319 319 319 319 319 319 317 317 317 318 318 318 317 316 316 316 316 316 316 315 315 315
323 323 323 324 323 323 323 324 324 324 324 324 325 325 324 323 323 323 324 324 324 324 324 325 324 324 324 324 323 324 324 324 324 323 323 324 324 324 324 323 323 322 323 323 323 323 323 323 322 322 322 322 322 322 322 322 321 321 321 321 321 321 321 320 320 320 320 320 320 320 319 318 319 319 319 319 318 318 317 317 318 318 317 317 316 316 316 316 315 316 315 315 315 315
322 322 323 323 323 323 323 324 324 324 323 323 324 324 324 323 323 324 324 324 323 323 323 324 324 324 324 323 323 323 323 323 323 323 323 324 324 324 322 322 322 323 323 323 323 323 322 322 322 322 322 322 322 321 321 321 321 321 321 321 320 320 320 321 320 320 320 319 319 319 319 319 319 319 318 318 318 318 317 317 317 317 317 317 316 316 315 315 315 315 315 315 314 314
322 322 323 323 323 323 322 323 323 323 323 323 324 324 323 323 323 323 323 323 323 323 324 324 324 324 323 322 323 323 323 323 323 323 323 323 323 323 322 322 322 323 323 322 322 322 322 321 322 322 322 321 321 321 321 322 321 321 320 320 320 320 320 320 320 319 319 319 319 319 319 318 318 318 318 318 318 317 316 317 317 317 317 316 315 315 315 315 315 315 314 314 314 314
322 322 322 322 322 322 323 323 323 323 323 324 324 323 322 322 322 323 323 323 323 323 323 323 323 323 322 322 323 323 323 322 322 322 323 323 323 322 322 322 321 322 322 322 322 322 322 321 321 321 321 321 321 321 321 320 320 320 320 320 320 320 320 319 319 319 319 319 319 318 317 318 318 318 318 318 317 316 316 317 317 317 316 315 315 315 315 315 315 314 314 314 314 314
321 322 322 322 322 322 323 323 323 322 322 323 323 322 322 322 323 323 323 322 322 322 323 323 323 323 322 322 322 322 322 322 322 322 323 323 323 321 321 321 322 322 322 322 322 321 320 321 321 321 321 321 320 320 321 320 320 320 320 320 319 319 320 319 319 319 319 318 318 318 318 318 318 317 317 317 317 316 316 317 316 316 316 315 315 315 314 314 315 314 314 314 313 313
321 322 322 322 321 321 322 322 322 322 322 323 323 322 322 321 322 322 322 322 322 322 323 323 323 321 321 322 322 322 322 322 322 322 322 322 321 321 321 321 322 322 321 321 321 321 320 321 321 321 320 320 320 320 321 320 320 319 319 319 319 319 319 319 318 318 318 318 318 318 318 317 317 317 317 317 316 315 316 316 316 316 316 315 314 314 314 315 314 314 313 313 313 313
320 321 321 321 321 321 322 322 322 322 323 322 321 321 321 321 322 322 322 322 322 322 322 322 322 321 321 322 322 322 321 321 321 322 322 322 321 321 321 320 321 321 321 321 321 321 320 320 320 320 320 320 320 320 319 319 319 319 319 319 319 319 318 318 318 318 318 318 317 316 317 317 317 317 317 316 315 315 316 316 316 315 314 314 314 314 314 315 313 313 313 313 313 312
320 321 321 321 321 322 322 321 321 321 322 321 321 321 321 321 322 321 321 321 321 322 322 322 321 321 321 321 321 321 321 321 321 322 322 322 320 320 320 320 321 321 321 321 320 319 320 320 320 320 320 320 319 319 319 319 319 319 319 318 318 319 318 318 318 318 317 317 317 317 317 317 317 316 316 316 315 315 316 315 315 315 314 314 314 313 313 314 313 313 313 312 312 311
321 321 320 320 320 321 321 321 321 321 322 321 321 320 320 321 321 321 321 321 321 322 322 321 320 320 320 321 321 321 321 321 320 321 321 320 320 320 320 321 321 320 320 320 320 319 320 320 320 319 319 319 319 320 319 319 318 318 318 318 318 318 318 317 317 317 317 317 317 317 316 316 316 316 316 315 315 315 315 315 315 315 314 313 313 313 314 314 313 312 312 312 312 311
320 320 320 320 320 321 321 321 321 320 320 320 320 320 320 321 321 321 321 321 320 321 321 320 320 320 321 321 321 320 320 320 320 321 321 320 320 320 319 320 320 320 320 320 319 319 319 319 319 319 319 319 319 318 318 318 318 318 318 318 318 317 317 317 317 317 317 317 315 316 316 316 316 316 315 314 314 315 315 315 315 313 313 313 313 313 314 312 312 312 312 312 312 310
320 320 320 320 320 320 320 320 320 319 320 320 320 320 320 321 320 320 320 320 321 321 321 320 320 319 320 320 320 320 320 320 321 321 319 319 319 319 319 320 320 320 320 319 318 318 319 319 319 319 319 318 318 318 318 318 318 318 317 317 318 317 317 317 317 316 316 316 316 316 316 316 315 315 315 314 314 315 314 314 314 313 313 313 313 312 313 312 312 312 312 311 310 310
319 319 319 319 320 320 320 320 320 320 320 320 319 319 319 320 320 320 320 320 321 321 319 319 319 319 320 320 320 320 320 319 320 320 319 319 319 319 319 320 319 319 319 319 318 319 319 319 318 318 318 318 317 318 318 317 317 317 317 317 317 317 317 316 316 316 316 316 316 315 315 315 315 315 314 314 313 314 314 314 314 313 312 312 312 312 313 312 312 311 311 311 310 310
319 319 319 319 320 320 320 320 318 319 319 319 319 319 319 320 320 320 319 319 320 320 319 319 319 319 320 320 319 319 319 319 320 319 319 319 318 318 319 319 319 319 319 318 318 318 318 318 318 318 318 318 317 317 317 317 317 317 317 317 316 316 316 316 316 316 316 314 315 315 315 315 315 315 313 313 313 314 314 314 312 312 312 312 312 312 311 311 311 311 311 311 310 309
319 319 319 318 319 319 319 319 318 319 319 319 319 319 319 319 319 319 319 319 320 319 319 319 318 318 319 319 319 319 319 319 320 318 318 318 318 318 319 319 319 319 318 317 317 318 318 318 318 318 317 317 317 317 317 317 317 316 316 316 316 316 316 316 315 315 315 314 315 315 315 314 314 314 313 313 314 314 313 313 312 312 312 312 311 312 311 311 311 311 310 310 309 309
318 318 318 318 319 319 319 318 318 319 318 318 318 318 319 319 319 319 319 319 319 318 318 318 318 318 319 319 319 319 318 318 318 318 318 318 318 318 319 318 318 318 317 317 317 318 318 317 317 317 317 316 317 317 316 316 316 316 316 315 316 316 315 315 315 315 315 314 315 314 314 314 314 313 313 312 313 313 313 313 312 312 311 311 311 312 311 311 310 310 310 309 309 309
318 318 318 318 319 319 317 317 317 318 318 318 318 318 319 319 319 318 318 318 318 318 318 318 318 319 318 318 318 318 318 318 318 318 318 317 317 317 318 318 318 318 317 317 316 317 317 317 317 317 317 316 316 316 316 316 316 316 316 314 315 315 315 315 315 315 313 313 314 314 314 314 314 312 312 312 313 313 313 312 311 311 311 311 311 311 310 310 310 310 310 309 308 308
318 317 317 317 318 317 317 317 317 318 318 318 317 317 318 318 318 318 318 318 318 318 318 317 317 318 318 318 318 318 318 317 317 317 317 317 317 317 318 318 318 316 316 316 316 317 317 317 317 316 315 315 316 316 316 316 315 315 314 314 315 315 315 315 314 314 313 313 314 314 313 313 313 312 312 312 313 312 312 311 311 311 311 311 310 310 310 310 310 310 309 308 308 308
317 317 317 317 318 317 317 317 316 317 317 317 317 317 318 318 318 318 318 317 317 317 317 317 317 318 318 318 317 317 317 317 317 317 317 317 317 316 317 317 317 316 316 316 316 317 316 316 316 316 315 315 316 315 315 315 315 315 314 315 315 314 314 314 314 314 313 314 313 313 313 313 312 312 312 311 312 312 312 311 311 310 310 310 310 310 310 310 309 309 308 308 308 308
317 317 317 317 316 316 316 316 316 317 317 317 317 317 318 317 317 317 316 317 317 317 317 317 317 317 317 317 317 317 316 317 317 317 316 316 316 316 317 317 316 316 316 315 315 316 316 316 316 316 315 314 315 315 315 315 315 315 313 314 314 314 314 314 314 312 312 313 313 313 313 313 311 311 311 311 312 312 312 310 310 310 310 310 310 309 309 309 309 309 308 308 307 307
316 316 316 315 316 316 316 316 316 317 317 316 316 316 317 317 317 317 316 317 317 316 316 316 316 317 317 317 317 317 316 316 316 316 316 316 316 316 317 316 315 315 315 315 315 316 316 316 315 314 314 314 315 315 315 314 314 313 313 314 314 314 314 313 313 312 312 313 313 313 312 312 311 311 311 311 311 311 310 310 310 310 310 309 308 309 309 309 309 308 307 307 307 307
316 316 316 315 316 316 315 315 315 316 316 316 316 316 317 317 317 315 315 316 316 316 316 316 316 317 317 316 316 315 315 316 316 316 316 316 315 315 316 316 315 315 315 315 315 315 315 315 315 314 314 314 314 314 314 314 314 313 313 314 313 313 313 313 312 312 312 312 312 312 312 311 311 311 310 310 311 311 310 310 310 309 309 309 308 309 309 308 308 308 307 307 307 306
316 316 314 314 315 315 315 315 315 316 316 316 316 315 316 316 316 315 315 316 316 316 316 315 315 316 316 316 316 315 315 316 316 315 315 315 315 315 316 315 315 314 314 314 314 315 315 315 314 314 313 313 314 314 314 314 314 312 312 313 313 313 313 313 312 311 311 312 312 312 312 311 310 310 310 310 311 311 309 309 309 309 309 309 308 308 308 308 308 307 307 306 306 306
315 314 314 314 315 315 315 315 315 315 315 315 315 315 316 316 315 315 315 316 315 315 315 315 315 316 316 316 315 314 314 315 315 315 315 315 315 315 315 314 314 314 314 314 314 315 315 314 313 313 313 313 314 314 313 313 312 312 312 313 313 313 312 312 311 311 311 312 312 311 311 310 310 310 310 310 310 309 309 309 309 309 308 307 307 308 308 308 308 306 306 306 306 306
314 314 314 314 314 314 314 314 314 315 315 315 315 315 316 315 314 314 314 315 315 315 315 315 315 316 315 315 314 314 314 315 315 315 315 314 314 314 314 314 314 314 314 313 313 314 314 313 313 313 313 313 313 313 313 313 312 312 312 312 312 312 312 311 311 311 310 311 311 311 310 310 310 309 309 309 310 309 309 309 308 308 308 307 307 308 307 307 307 306 306 306 306 305
313 313 313 313 314 314 314 314 314 315 315 314 314 314 315 314 314 314 314 315 315 315 314 314 314 315 315 314 314 314 314 314 314 314 314 314 314 314 314 314 313 313 313 313 313 314 314 313 313 312 312 312 313 313 313 312 311 311 311 312 312 312 312 311 310 310 310 311 311 311 310 309 309 309 309 309 310 309 308 308 308 308 308 307 306 307 307 307 306 306 305 305 305 305
313 313 313 313 314 314 314 313 313 314 314 314 314 314 314 314 314 314 313 314 314 314 314 314 314 315 315 314 313 313 313 314 314 314 314 314 314 312 313 313 313 313 313 313 313 313 313 312 312 312 312 312 313 312 312 311 311 311 311 312 312 311 311 310 310 310 310 311 310 310 309 309 309 309 309 308 308 308 308 308 308 308 306 306 306 307 307 307 305 305 305 305 305 304
313 313 312 312 313 313 313 313 313 314 314 314 314 313 313 313 313 313 313 313 314 314 314 314 313 314 313 313 313 313 313 313 314 314 313 313 313 312 313 313 313 313 312 312 312 313 312 312 312 312 311 311 312 312 311 311 311 311 310 310 311 311 310 310 310 310 309 309 310 309 309 309 309 308 308 308 308 308 308 307 307 307 306 306 306 307 306 306 305 305 305 305 304 303
335 335 312 312 313 313 313 313 313 314 313 313 313 312 313 313 313 313 313 313 313 313 313 313 313 313 313 313 313 313 312 312 313 313 313 313 312 312 313 312 312 312 312 312 312 313 312 311 311 311 311 311 312 312 311 310 310 310 310 310 311 311 310 309 309 309 309 309 310 309 308 308 308 308 308 307 308 307 307 307 307 307 306 305 305 306 306 305 305 305 304 304 304 303
335 335 335 335 336 335 312 312 312 313 313 313 312 312 313 313 312 312 312 312 313 313 313 313 313 312 313 312 312 312 312 312 313 313 313 313 311 311 312 312 312 312 312 312 311 311 311 311 311 311 311 311 311 311 310 310 310 310 310 310 310 309 309 309 309 309 309 308 309 308 308 308 308 308 307 306 307 307 307 307 307 305 305 305 305 306 306 305 304 304 304 304 303 303
334 334 334 334 335 335 335 335 335 336 313 312 311 311 312 312 312 312 312 312 313 313 313 312 311 311 312 312 312 312 312 312 312 312 312 311 311 311 312 312 312 311 311 311 311 311 311 311 311 310 310 310 311 310 310 310 310 309 309 309 310 309 309 309 309 308 308 308 308 308 308 308 307 307 307 306 307 307 307 306 306 305 305 305 305 305 305 304 304 304 304 304 302 302
334 334 334 334 335 335 335 335 334 335 335 334 334 334 311 312 312 312 312 311 312 312 312 312 311 311 312 312 312 311 311 311 312 312 312 311 311 311 311 311 311 311 311 311 310 311 310 310 310 310 310 310 311 310 309 309 309 309 309 309 310 309 308 308 308 308 308 308 308 307 307 307 307 307 306 306 305 306 306 306 306 305 305 304 304 304 304 304 304 303 303 303 302 302
334 334 334 333 334 334 334 334 334 335 334 334 334 334 334 334 334 334 311 311 312 312 312 311 311 310 311 311 311 311 311 311 312 312 310 310 310 310 310 311 311 311 311 310 309 310 310 310 310 310 310 309 308 309 309 309 309 309 309 308 308 308 308 308 308 308 308 306 307 307 307 307 307 307 305 305 305 306 306 306 304 304 304 304 304 304 304 303 303 303 303 302 302 301
333 333 333 333 333 334 334 334 334 333 333 333 333 333 333 334 334 334 334 334 335 311 310 310 310 310 311 311 311 311 311 310 311 311 310 310 310 310 310 311 310 310 310 309 309 309 310 310 309 309 309 309 308 309 309 309 308 308 308 308 308 308 308 308 307 307 307 306 307 307 307 306 306 306 305 305 305 306 305 305 304 304 304 304 304 303 303 303 303 303 303 301 301 301
333 333 333 333 333 334 333 333 332 332 333 333 333 333 333 334 334 333 333 333 333 334 333 333 333 310 311 310 310 310 310 310 310 310 310 310 310 309 309 310 310 310 310 309 309 308 309 309 309 309 309 308 308 308 308 308 308 308 308 307 307 307 307 307 307 307 307 306 305 306 306 306 306 305 305 304 304 305 305 304 304 304 303 303 303 302 303 303 303 302 302 301 301 301
333 332 332 332 332 333 333 333 332 332 333 333 333 332 332 333 333 333 333 333 333 333 333 333 332 332 332 333 310 310 310 310 309 309 309 309 309 309 309 310 310 310 308 308 308 308 309 309 309 309 308 307 307 308 308 308 308 308 307 306 306 307 307 307 307 307 305 305 305 306 306 306 306 304 304 304 304 305 305 304 303 303 303 303 303 302 302 302 302 302 301 301 301 300
331 332 332 332 332 333 333 332 332 331 332 332 332 332 332 332 333 333 333 333 332 332 332 332 332 332 332 333 333 333 332 309 308 309 309 309 309 309 309 308 309 309 308 308 308 308 309 308 308 308 308 307 307 307 308 307 307 307 306 306 306 307 307 306 306 306 305 305 305 306 305 305 304 304 304 304 304 303 304 303 303 303 303 303 302 301 301 302 302 302 300 300 300 300
331 332 332 332 331 331 331 331 331 331 332 332 332 332 332 331 332 332 332 332 331 332 332 332 332 332 331 332 332 332 332 331 331 332 332 308 308 308 308 308 309 308 308 308 307 307 307 308 308 308 307 307 306 306 307 307 307 307 306 306 305 306 306 306 306 305 305 305 304 304 305 305 304 304 304 303 303 303 303 303 303 302 302 302 301 301 301 302 301 301 300 300 300 300
331 332 332 331 331 330 331 331 331 331 331 331 331 331 331 331 332 332 332 331 331 331 331 331 331 331 331 332 332 332 332 331 330 330 331 331 331 331 308 308 309 307 307 307 307 307 307 308 308 307 306 306 306 306 307 307 307 306 305 305 305 305 306 306 306 304 304 304 304 304 305 305 303 303 303 303 303 303 303 302 302 302 302 302 301 301 300 301 301 300 300 300 299 299
332 333 333 332 332 331 332 330 330 330 330 331 331 331 331 331 332 332 331 330 330 330 331 331 331 331 331 331 331 331 330 330 330 330 331 331 331 330 330 330 330 307 307 307 307 307 306 307 307 306 306 306 306 306 306 306 306 305 305 305 305 305 305 305 305 304 304 304 304 303 304 303 303 303 303 303 302 302 301 302 302 302 302 301 300 300 300 300 301 300 299 299 299 299
333 333 333 333 331 331 332 331 331 331 331 331 331 331 330 330 330 331 330 330 330 330 331 331 330 330 330 330 331 331 330 330 330 330 330 330 330 330 330 330 329 330 330 329 306 306 306 306 307 306 306 305 305 305 305 306 306 305 305 304 304 304 305 305 304 304 304 303 303 303 303 303 303 303 302 302 302 301 301 302 302 301 301 300 300 300 300 299 300 299 299 299 299 299
333 333 334 333 332 332 332 333 332 331 331 330 331 331 330 330 330 330 330 330 329 329 330 330 330 330 330 330 331 330 329 329 329 329 329 330 330 330 330 329 328 329 329 329 329 329 329 306 305 305 305 305 305 305 305 306 304 304 304 304 304 304 304 305 303 303 303 303 303 303 303 302 302 302 302 302 302 301 300 301 301 301 301 300 300 299 299 299 298 299 299 299 298 298
