testData/tiles/oneDegree/grid39.0-39.0-40.0-40.0.asc
ncols   200
nrows   200
xllcorner   39.0
yllcorner   39.0
cellsize   0.005
NODATA_value   -9999.0
[rows 78 to 116 of 200, columns 0 to 86 of 200]
896 896 896 897 898 898 898 898 899 900 900 900 901 901 902 902 902 903 903 904 904 904 1127 1127 1128 1128 1128 1128 1129 1129 1130 1130 1130 1130 1131 1132 1132 1132 1132 1132 1131 1132 1133 1133 1133 1133 1133 1133 1134 1135 1135 1135 1135 1135 1135 1136 1136 1136 1137 1137 1137 1138 1138 1140 1139 1140 1140 1141 1141 1143 1143 1144 1145 1146 1146 989 989 989 990 990 990 990 992 992 992 993 993
896 897 898 898 898 899 899 900 900 900 901 901 902 902 903 903 903 904 904 905 905 905 1128 1128 1128 1129 1129 1130 1130 1130 1130 1131 1131 1132 1132 1132 1132 1133 1133 1134 1134 1134 1133 1133 1134 1134 1135 1135 1135 1135 1135 1135 1137 1137 1137 1137 1137 1137 1137 1137 1138 1138 1140 1140 1141 1140 1141 1141 1143 1143 1144 1144 1145 1145 1146 989 989 990 991 992 992 992 992 992 993 993 994
898 898 899 899 899 900 900 901 901 901 902 903 903 903 903 904 905 905 905 905 906 1129 1129 1129 1129 1130 1130 1131 1131 1131 1131 1132 1132 1133 1133 1133 1133 1134 1134 1134 1135 1135 1135 1135 1135 1135 1135 1136 1136 1136 1137 1137 1137 1137 1137 1137 1138 1139 1139 1139 1139 1139 1139 1140 1140 1142 1141 1143 1143 1144 1144 1145 1145 1145 1147 989 990 990 991 991 992 991 991 992 994 995 995
899 899 899 900 901 901 901 901 902 903 903 903 903 905 905 905 905 905 907 907 907 1129 1129 1130 1131 1131 1131 1131 1131 1132 1133 1133 1133 1133 1133 1134 1135 1135 1135 1135 1135 1136 1136 1137 1137 1136 1136 1137 1137 1137 1137 1138 1138 1138 1139 1139 1139 1139 1139 1139 1139 1140 1141 1141 1142 1142 1143 1142 1143 1143 1145 1145 1145 1147 1147 990 990 991 991 992 993 993 993 993 994 994 994
899 899 901 901 901 901 903 903 903 903 903 905 905 905 905 906 907 907 907 907 907 1131 1131 1131 1131 1131 1132 1133 1133 1133 1133 1133 1135 1135 1135 1135 1135 1135 1136 1137 1137 1137 1137 1137 1138 1138 1138 1138 1138 1138 1138 1139 1139 1139 1139 1140 1140 1140 1141 1141 1141 1141 1141 1141 1141 1142 1144 1145 1144 1144 1145 1145 1146 1146 989 989 991 991 992 992 992 994 994 994 994 994 995
901 901 901 902 902 903 903 903 904 905 905 905 905 906 907 907 907 907 908 909 1131 1131 1131 1132 1132 1133 1133 1133 1133 1134 1135 1135 1135 1135 1135 1136 1137 1137 1137 1137 1137 1137 1139 1139 1139 1139 1139 1138 1139 1139 1140 1140 1140 1140 1140 1141 1141 1141 1141 1142 1142 1142 1142 1143 1143 1143 1143 1144 1143 1144 1144 1145 1147 1148 990 991 991 992 992 992 993 993 995 994 995 995 995
901 902 902 903 903 904 904 904 905 905 906 906 907 907 907 908 908 909 909 909 1132 1132 1132 1133 1133 1134 1134 1134 1135 1135 1135 1136 1136 1136 1137 1137 1137 1137 1138 1138 1139 1139 1139 1139 1139 1140 1141 1141 1140 1140 1140 1140 1140 1141 1142 1142 1142 1142 1142 1142 1143 1143 1143 1143 1144 1144 1144 1144 1146 1145 1146 1146 1147 1147 990 990 990 992 992 994 994 995 995 996 995 995 996
902 903 903 904 904 904 905 906 906 906 906 907 908 908 908 908 909 910 910 910 1132 1133 1134 1134 1134 1134 1135 1135 1136 1136 1136 1137 1137 1137 1138 1138 1138 1139 1139 1139 1139 1140 1140 1141 1141 1141 1141 1141 1141 1142 1142 1142 1142 1142 1142 1142 1142 1143 1144 1144 1144 1144 1144 1144 1144 1145 1145 1145 1145 1146 1146 1147 1147 1149 991 991 992 992 993 993 994 994 994 995 995 996 996
904 904 904 904 905 906 906 906 906 908 908 908 908 908 910 910 910 910 910 1134 1134 1134 1134 1134 1135 1136 1136 1136 1136 1137 1137 1138 1138 1138 1138 1139 1139 1140 1140 1140 1140 1141 1141 1141 1141 1142 1142 1143 1143 1143 1143 1142 1142 1143 1144 1144 1144 1144 1144 1144 1144 1145 1145 1146 1146 1146 1146 1146 1146 1146 1148 1147 1147 1148 990 991 991 992 993 995 995 995 996 996 997 996 997
904 904 905 906 906 906 906 908 908 908 908 909 910 910 910 910 911 912 912 1134 1134 1134 1136 1136 1136 1136 1136 1138 1138 1138 1138 1138 1138 1139 1140 1140 1140 1140 1140 1141 1141 1142 1142 1142 1142 1143 1143 1143 1144 1144 1144 1145 1144 1144 1144 1144 1144 1145 1146 1146 1146 1146 1146 1146 1146 1146 1147 1147 1147 1148 1148 1147 1148 1148 991 992 993 993 994 994 994 995 995 996 996 997 997
905 906 906 906 907 908 908 908 908 909 910 910 910 910 911 912 912 912 912 1135 1136 1136 1136 1136 1137 1138 1138 1138 1138 1138 1139 1140 1140 1140 1140 1140 1141 1142 1142 1142 1142 1142 1143 1143 1144 1144 1144 1144 1144 1145 1145 1145 1146 1145 1145 1145 1146 1146 1146 1146 1146 1146 1146 1148 1148 1148 1148 1148 1148 1148 1148 1149 1148 991 991 992 993 994 994 994 995 996 997 997 998 998 997
906 906 907 907 908 908 909 909 910 910 910 911 911 912 912 912 913 913 1136 1136 1136 1137 1137 1138 1138 1138 1138 1139 1139 1140 1140 1140 1140 1141 1142 1142 1142 1142 1142 1142 1144 1144 1144 1144 1144 1144 1145 1145 1146 1146 1146 1146 1146 1147 1146 1146 1146 1147 1147 1147 1148 1148 1148 1148 1148 1148 1148 1148 1150 1150 1150 1150 1150 991 992 992 992 994 994 995 995 996 996 996 997 997 998
907 907 908 908 909 909 909 910 911 911 911 912 912 913 913 913 914 914 1137 1137 1137 1138 1138 1138 1139 1139 1139 1140 1140 1140 1141 1141 1142 1142 1142 1142 1143 1143 1144 1144 1144 1144 1144 1144 1146 1146 1146 1146 1146 1146 1147 1147 1148 1148 1148 1147 1147 1148 1148 1148 1148 1148 1149 1149 1149 1150 1150 1150 1150 1150 1150 1150 1150 992 992 992 994 994 995 995 996 996 996 998 998 999 999
907 909 909 909 909 910 911 911 911 911 913 913 913 913 913 915 915 915 1137 1138 1138 1139 1139 1139 1139 1140 1141 1141 1141 1141 1142 1142 1142 1143 1143 1144 1144 1144 1144 1144 1145 1146 1146 1146 1146 1146 1146 1147 1148 1148 1148 1148 1148 1148 1149 1148 1149 1149 1149 1149 1149 1150 1150 1150 1150 1150 1150 1150 1151 1151 1152 1152 1152 994 993 993 993 994 994 995 996 996 997 997 998 998 999
909 909 909 911 911 911 911 911 913 913 913 913 913 915 915 915 915 1137 1139 1139 1139 1139 1139 1141 1141 1141 1141 1141 1142 1143 1143 1143 1143 1144 1144 1144 1145 1145 1145 1146 1146 1146 1146 1147 1147 1148 1148 1148 1148 1148 1148 1148 1150 1150 1150 1150 1149 1149 1149 1150 1150 1150 1151 1151 1151 1151 1152 1152 1152 1152 1152 1152 1152 994 993 995 1019 995 995 996 996 997 997 998 998 999 1000
909 910 911 911 911 912 914 914 914 914 915 916 916 916 916 917 918 1140 1140 1139 1140 1141 1141 1141 1141 1141 1143 1143 1143 1143 1143 1144 1145 1145 1145 1145 1145 1146 1146 1147 1147 1147 1147 1148 1172 1172 1172 1173 1173 1174 1174 1174 1174 1174 1174 1174 1176 1175 1175 1175 1175 1175 1175 1176 1176 1176 1176 1176 1177 1177 1177 1178 1178 1020 1020 1019 1019 1019 1019 1019 1020 1021 1022 1022 1022 1023 1024
911 911 912 913 913 914 914 914 915 916 916 916 916 917 918 918 918 1140 1141 1142 1142 1142 1142 1142 1143 1143 1143 1143 1143 1145 1145 1169 1169 1169 1169 1170 1171 1171 1171 1171 1172 1172 1172 1173 1173 1173 1174 1174 1174 1174 1174 1175 1175 1176 1176 1176 1176 1176 1175 1175 1176 1177 1177 1177 1177 1177 1177 1177 1178 1178 1178 1178 1020 1020 1020 1021 1020 1021 1021 1021 1021 1021 1022 1022 1023 1023 1024
912 913 913 914 914 915 915 915 916 916 917 917 918 918 918 919 919 1142 1142 1142 1143 1167 1168 1168 1168 1168 1168 1169 1169 1169 1169 1169 1170 1171 1171 1171 1171 1171 1172 1173 1173 1173 1173 1173 1174 1174 1174 1175 1175 1175 1176 1176 1176 1176 1176 1176 1177 1178 1178 1177 1177 1177 1177 1177 1177 1178 1178 1178 1179 1179 1179 1179 1021 1022 1022 1022 1021 1021 1021 1021 1021 1021 1021 1023 1023 1023 1025
913 913 914 915 915 915 916 917 917 917 917 918 943 943 943 944 1166 1166 1167 1167 1168 1168 1168 1169 1169 1170 1170 1170 1169 1170 1171 1171 1171 1171 1171 1171 1173 1173 1173 1173 1173 1173 1174 1175 1175 1175 1175 1175 1176 1176 1176 1177 1177 1177 1178 1178 1178 1178 1178 1177 1177 1178 1179 1179 1179 1179 1179 1179 1179 1180 1180 1180 1022 1022 1022 1023 1023 1022 1023 1023 1023 1023 1023 1023 1023 1024 1024
914 915 915 915 940 941 941 941 941 942 943 943 943 943 944 945 1167 1167 1168 1168 1169 1169 1169 1170 1170 1170 1171 1171 1172 1172 1171 1171 1172 1172 1173 1173 1173 1173 1173 1175 1175 1175 1175 1175 1175 1176 1176 1177 1177 1177 1177 1177 1178 1178 1178 1178 1179 1179 1179 1180 1179 1179 1179 1179 1179 1179 1180 1180 1181 1181 1181 1181 1023 1023 1023 1024 1024 1023 1023 1023 1023 1023 1023 1023 1023 1024 1026
939 939 939 941 941 941 941 943 943 943 943 943 945 945 945 945 1167 1169 1169 1169 1169 1170 1170 1171 1171 1171 1171 1172 1172 1173 1173 1173 1173 1173 1173 1173 1174 1175 1175 1175 1175 1175 1175 1177 1177 1177 1177 1177 1177 1178 1178 1179 1179 1179 1179 1179 1180 1180 1180 1180 1180 1179 1180 1181 1181 1181 1181 1181 1181 1181 1181 1182 1024 1024 1024 1024 1025 1025 1024 1024 1025 1025 1025 1025 1025 1025 1025
940 941 941 941 941 942 943 943 943 943 945 945 945 945 945 947 1169 1169 1169 1169 1171 1171 1171 1171 1171 1172 1173 1173 1173 1173 1174 1174 1175 1175 1174 1175 1175 1175 1175 1176 1176 1177 1177 1177 1177 1177 1177 1179 1179 1179 1179 1179 1179 1180 1180 1180 1181 1181 1181 1181 1182 1181 1181 1181 1181 1181 1181 1181 1183 1183 1183 1025 1025 1025 1025 1025 1026 1026 1025 1025 1025 1025 1025 1025 1025 1025 1025
941 941 941 942 943 943 943 944 944 945 945 945 946 947 947 1169 1169 1170 1171 1171 1171 1171 1171 1173 1173 1173 1173 1173 1174 1175 1175 1175 1175 1176 1176 1175 1176 1176 1176 1177 1177 1177 1177 1178 1179 1179 1179 1179 1179 1179 1179 1180 1181 1181 1181 1181 1181 1182 1182 1182 1182 1182 1182 1182 1182 1183 1183 1183 1183 1183 1183 1025 1025 1026 1026 1026 1027 1027 1027 1026 1026 1026 1027 1027 1027 1027 1027
942 942 942 943 943 944 944 945 945 945 946 946 947 947 947 1170 1171 1171 1171 1171 1172 1173 1173 1173 1173 1173 1175 1175 1175 1175 1175 1176 1177 1177 1177 1177 1176 1177 1177 1178 1178 1178 1179 1179 1179 1179 1179 1180 1181 1181 1181 1181 1181 1181 1181 1182 1182 1183 1183 1183 1183 1183 1184 1183 1183 1183 1183 1183 1183 1185 1185 1027 1027 1027 1027 1027 1027 1027 1028 1027 1027 1027 1027 1027 1027 1027 1027
942 943 943 944 944 945 945 946 946 946 947 947 948 948 949 1171 1171 1171 1172 1173 1173 1173 1173 1174 1175 1175 1175 1175 1175 1177 1177 1177 1177 1177 1178 1178 1179 1179 1178 1178 1179 1179 1179 1179 1180 1180 1181 1181 1181 1181 1181 1181 1183 1183 1183 1183 1183 1183 1183 1184 1184 1184 1184 1184 1184 1184 1185 1185 1185 1185 1185 1027 1027 1027 1028 1028 1028 1029 1029 1029 1028 1028 1028 1028 1029 1029 1029
943 944 944 944 945 946 946 946 947 947 948 948 948 949 949 1172 1172 1173 1173 1173 1174 1174 1175 1175 1175 1175 1176 1177 1177 1177 1177 1177 1178 1179 1179 1179 1179 1179 1180 1179 1180 1180 1180 1180 1181 1181 1181 1181 1182 1182 1183 1183 1183 1183 1183 1183 1184 1185 1185 1185 1185 1185 1185 1186 1185 1185 1185 1185 1185 1185 1186 1029 1029 1029 1029 1029 1029 1029 1029 1029 1029 1029 1029 1029 1029 1029 1029
944 944 945 946 946 946 946 947 948 948 948 949 949 950 950 1172 1173 1173 1174 1174 1175 1175 1175 1175 1176 1177 1177 1177 1177 1177 1179 1179 1179 1179 1179 1179 1181 1181 1181 1181 1180 1181 1181 1181 1182 1182 1182 1183 1183 1183 1183 1183 1183 1185 1185 1185 1185 1185 1185 1185 1186 1186 1186 1186 1186 1186 1186 1186 1187 1187 1029 1029 1029 1029 1029 1029 1030 1030 1030 1031 1030 1030 1030 1030 1030 1030 1031
944 946 946 946 946 948 948 948 948 948 950 950 950 950 1173 1174 1174 1174 1174 1175 1175 1176 1176 1176 1177 1177 1177 1178 1178 1179 1179 1179 1179 1180 1181 1181 1181 1181 1181 1182 1183 1182 1182 1182 1182 1183 1183 1183 1183 1184 1184 1185 1185 1185 1185 1185 1185 1186 1187 1187 1187 1187 1187 1187 1187 1187 1187 1187 1187 1187 1029 1030 1031 1031 1031 1031 1031 1031 1031 1031 1031 1030 1031 1031 1031 1031 1031
946 946 946 947 948 948 948 948 950 950 950 950 951 952 1174 1174 1174 1175 1176 1176 1176 1176 1177 1177 1178 1178 1178 1179 1179 1179 1180 1180 1181 1181 1181 1181 1181 1183 1183 1183 1183 1183 1182 1183 1183 1184 1184 1184 1184 1185 1185 1185 1185 1185 1186 1187 1187 1187 1187 1187 1187 1187 1188 1188 1188 1188 1188 1188 1188 1189 1031 1031 1031 1031 1031 1031 1031 1031 1032 1032 1032 1032 1032 1032 1032 1032 1032
946 947 948 948 948 948 950 950 950 950 951 952 952 952 1174 1175 1176 1176 1176 1176 1177 1178 1178 1178 1178 1179 1179 1180 1180 1180 1181 1181 1181 1181 1182 1183 1183 1183 1183 1183 1183 1185 1185 1184 1184 1184 1185 1185 1185 1186 1186 1186 1187 1187 1187 1187 1187 1187 1187 1189 1189 1189 1189 1189 1189 1189 1189 1189 1189 1189 1031 1031 1032 1032 1033 1033 1033 1033 1033 1033 1033 1033 1032 1033 1033 1033 1033
901 902 902 903 949 950 950 950 951 952 952 952 952 953 1176 1176 1176 1176 1177 1178 1178 1178 1178 1179 1180 1180 1180 1180 1181 1181 1181 1182 1182 1183 1183 1183 1183 1183 1185 1185 1185 1185 1185 1185 1185 1186 1186 1186 1186 1186 1187 1187 1187 1187 1187 1188 1189 1189 1189 1189 1189 1189 1189 1190 1190 1190 1190 1190 1190 1190 1032 1033 1033 1033 1033 1033 1033 1033 1033 1034 1034 1034 1033 1034 1034 1034 1034
902 903 903 904 904 904 905 905 906 906 952 953 954 954 1176 1176 1177 1178 1178 1178 1178 1179 1180 1180 1180 1180 1181 1181 1182 1182 1182 1183 1183 1183 1184 1184 1185 1185 1185 1185 1185 1185 1187 1187 1186 1186 1186 1186 1187 1187 1188 1188 1188 1188 1189 1189 1189 1189 1189 1189 1191 1191 1191 1191 1191 1191 1191 1190 1191 1033 1033 1033 1033 1033 1034 1034 1035 1035 1035 1035 1035 1035 1034 1034 1034 1035 1035
903 903 904 904 905 905 906 906 907 907 907 908 908 908 1131 1132 1178 1178 1178 1179 1180 1180 1180 1180 1181 1182 1182 1182 1182 1183 1183 1184 1184 1184 1185 1185 1185 1185 1186 1186 1187 1187 1187 1187 1187 1187 1188 1188 1188 1188 1188 1189 1189 1189 1189 1189 1190 1190 1191 1191 1191 1191 1191 1191 1191 1192 1192 1192 1192 1034 1034 1034 1035 1035 1035 1035 1035 1035 1035 1035 1035 1036 1036 1035 1035 1035 1035
903 904 905 905 905 906 907 907 907 908 908 909 909 1132 1132 1132 1132 1133 1134 1134 1134 1134 1135 1182 1182 1182 1182 1183 1184 1184 1184 1184 1185 1185 1185 1186 1186 1186 1187 1187 1187 1187 1187 1189 1189 1189 1188 1188 1188 1189 1189 1190 1190 1190 1190 1191 1191 1191 1191 1191 1191 1191 1193 1193 1193 1193 1193 1193 1192 1035 1035 1035 1035 1035 1035 1035 1036 1037 1037 1037 1037 1037 1037 1036 1036 1036 1036
905 905 905 906 907 907 907 907 908 909 909 909 910 1132 1133 1133 1134 1134 1134 1134 1135 1136 1136 1136 1136 1136 1138 1138 1138 1138 1138 1185 1186 1186 1186 1186 1187 1187 1187 1188 1188 1189 1189 1189 1189 1189 1189 1190 1190 1190 1190 1190 1190 1191 1191 1191 1191 1192 1192 1193 1193 1193 1193 1193 1193 1193 1194 1194 1193 1036 1036 1036 1036 1036 1037 1037 1037 1037 1037 1037 1037 1037 1037 1037 1037 1037 1037
905 905 907 907 907 907 908 909 909 909 910 910 911 1133 1133 1134 1134 1135 1135 1136 1136 1136 1136 1137 1138 1138 1138 1138 1138 1140 1140 1140 1140 1140 1141 1141 1142 1142 1142 1143 1143 1143 1189 1189 1190 1191 1191 1190 1190 1190 1191 1191 1191 1192 1192 1192 1192 1193 1193 1193 1193 1193 1193 1194 1195 1195 1195 1195 1195 1036 1036 1037 1037 1037 1037 1037 1037 1037 1037 1039 1039 1039 1039 1039 1038 1038 1038
907 907 907 907 907 909 909 909 909 910 911 911 911 1134 1134 1135 1135 1135 1136 1136 1137 1137 1138 1138 1138 1138 1139 1140 1140 1140 1140 1140 1141 1142 1142 1142 1142 1143 1143 1143 1144 1144 1145 1145 1145 1145 1145 1145 1145 1146 1146 1146 1146 1146 1147 1147 1147 1147 1147 1148 1148 1149 1149 1149 1149 1149 1149 1149 992 991 991 991 992 992 992 992 993 993 993 993 993 993 993 993 992 993 993
907 907 907 909 909 909 909 911 911 911 911 911 913 1135 1135 1135 1136 1136 1137 1137 1137 1138 1138 1138 1139 1140 1140 1140 1140 1140 1142 1142 1142 1142 1142 1143 1143 1144 1144 1144 1145 1145 1145 1145 1145 1146 1147 1147 1146 1146 1146 1146 1147 1147 1148 1148 1148 1148 1149 1149 1149 1149 1149 1149 1149 1150 1151 1151 993 992 992 992 993 993 993 993 993 993 993 993 993 994 994 995 994 994 994
907 908 909 909 909 910 911 911 911 911 913 913 913 1135 1136 1136 1137 1137 1137 1138 1138 1139 1139 1140 1140 1140 1140 1141 1142 1142 1142 1142 1142 1143 1144 1144 1144 1144 1145 1145 1145 1146 1146 1146 1147 1147 1147 1147 1147 1147 1148 1148 1148 1148 1148 1149 1149 1149 1149 1149 1150 1150 1151 1151 1151 1151 1151 1151 993 994 993 993 993 993 994 994 994 995 995 995 995 995 995 995 995 994 994
