testData/tiles/oneDegree/grid31.0-39.0-32.0-40.0.asc
ncols   200
nrows   200
xllcorner   31.0
yllcorner   39.0
cellsize   0.005
NODATA_value   -9999.0
[rows 0 to 41 of 200, columns 94 to 187 of 200]
330 328 326 323 322 322 321 321 322 405 369 368 368 368 368 368 368 368 367 368 368 367 367 367 367 366 366 366 366 366 366 366 365 365 365 365 365 365 365 364 364 364 364 364 364 364 364 364 364 364 364 363 363 362 362 362 362 362 362 362 362 362 362 362 362 362 361 361 361 360 360 360 360 360 360 360 360 360 360 360 360 359 359 359 359 359 358 358 358 358 358 358 358 358
325 323 323 323 322 322 321 322 286 369 369 368 368 368 368 368 368 369 368 368 368 367 367 367 367 366 366 366 366 366 366 366 365 366 366 366 365 365 365 364 364 364 364 364 364 364 364 364 364 364 364 363 363 362 362 362 362 362 362 362 362 362 362 362 362 362 361 361 361 361 361 361 360 360 360 360 360 360 360 360 360 359 359 359 359 359 359 359 358 358 358 358 358 358
323 323 323 323 322 321 286 286 286 286 369 368 368 368 368 368 369 369 368 368 367 367 367 367 367 366 366 366 366 366 367 367 366 366 366 366 365 365 365 364 364 364 364 364 364 364 364 364 364 364 364 363 363 362 362 362 362 362 362 362 362 362 362 362 362 361 361 361 361 361 361 361 361 361 361 360 360 360 360 360 359 359 359 359 359 359 359 359 359 358 358 358 358 358
323 323 323 323 286 286 286 286 286 286 286 368 368 368 369 369 369 369 368 368 367 367 367 367 367 366 366 366 367 367 367 367 366 366 366 365 365 365 365 364 364 364 364 364 364 364 364 364 364 364 363 363 363 362 362 362 362 362 362 362 362 362 362 362 362 361 361 361 361 361 361 361 361 361 361 361 361 360 360 360 359 359 359 359 359 359 359 359 359 359 359 358 358 358
323 287 287 287 286 286 286 286 286 286 286 368 368 369 369 369 369 369 368 368 367 367 367 367 367 366 367 367 367 367 367 367 366 366 366 365 365 365 365 364 364 364 364 364 364 364 364 364 364 364 363 363 362 362 362 362 362 362 362 362 362 362 362 362 362 361 361 361 361 361 361 361 361 361 361 361 361 361 361 360 359 359 359 359 359 359 359 359 359 359 359 359 358 358
287 287 287 288 286 286 286 286 286 286 286 285 369 369 369 369 369 369 368 367 367 367 367 367 368 367 367 367 367 367 367 367 366 366 365 365 365 365 365 364 364 364 364 364 364 364 364 364 364 363 363 363 362 362 362 362 362 362 362 362 362 362 362 362 361 361 361 361 361 361 361 361 361 361 361 361 361 361 361 360 360 359 359 359 359 359 359 359 359 359 359 359 359 358
287 287 288 287 286 286 286 286 286 286 286 286 286 369 369 369 369 369 368 367 367 367 367 368 368 367 367 367 367 367 367 366 366 366 365 365 365 365 364 364 364 364 364 364 364 364 364 364 365 364 364 364 363 363 363 363 363 362 362 362 362 362 362 362 361 361 361 361 361 361 361 361 361 361 361 361 361 361 361 360 360 360 359 359 359 359 359 359 359 359 359 359 359 359
287 288 288 287 286 286 286 286 286 286 287 286 286 369 369 369 369 369 367 367 367 368 368 368 367 367 367 367 367 367 367 366 366 366 365 365 365 365 364 364 364 364 365 365 365 365 365 365 365 364 364 364 363 363 363 363 363 363 363 363 363 363 363 362 361 361 361 361 361 361 361 361 361 361 361 361 361 361 361 360 360 360 360 360 359 359 359 359 359 359 359 359 359 359
288 288 287 287 286 286 286 286 286 287 286 286 286 286 369 369 369 368 367 367 368 368 368 368 367 367 367 367 367 367 367 366 366 365 365 365 365 365 364 365 365 365 365 365 365 365 365 365 364 364 364 364 363 363 363 363 363 363 363 363 363 363 363 362 362 362 361 361 361 361 361 361 361 361 361 361 361 361 360 360 360 360 360 360 360 359 359 359 359 359 359 359 359 359
288 288 287 286 286 286 286 286 287 287 286 286 286 286 286 369 369 367 367 368 368 368 368 368 367 367 367 367 367 367 367 366 366 365 365 365 366 366 365 365 365 365 365 365 365 365 365 365 364 364 364 364 363 363 363 363 363 363 363 363 363 363 363 362 362 362 362 362 362 361 361 361 361 361 361 361 361 361 360 360 360 360 360 360 360 360 359 359 359 359 359 359 359 359
288 287 287 286 286 286 286 287 287 287 286 286 286 286 286 369 369 367 368 368 368 368 368 368 367 367 367 367 367 367 367 366 365 365 366 366 366 366 365 365 365 365 365 365 365 365 365 364 364 364 364 364 363 363 363 363 363 363 363 363 363 363 363 362 362 362 362 362 362 362 362 361 361 361 361 361 361 361 360 360 360 360 360 360 360 360 360 359 359 359 359 359 359 359
288 287 287 286 286 286 287 287 287 287 286 286 286 286 286 286 368 368 368 368 368 368 368 368 367 367 367 367 367 367 367 366 366 366 366 366 366 366 365 365 365 365 365 365 365 365 365 364 364 364 364 364 363 363 363 363 363 363 363 363 363 363 362 362 362 362 362 362 362 362 362 362 362 361 361 361 361 360 360 360 360 360 360 360 360 360 360 360 359 359 359 359 359 359
287 287 287 286 286 286 287 287 287 287 286 286 286 286 286 286 286 368 368 368 368 368 368 368 367 367 367 367 367 367 367 366 366 366 366 366 366 366 365 365 365 365 365 365 365 365 365 364 364 364 364 364 363 363 363 363 363 363 363 363 363 363 362 362 362 362 362 362 362 362 362 362 362 362 361 361 361 360 360 360 360 360 360 360 360 360 360 360 360 359 359 359 359 359
287 287 287 286 286 287 287 287 287 287 286 286 286 286 286 286 286 368 368 368 368 368 368 368 367 367 367 367 367 367 368 366 366 366 366 366 366 366 365 365 365 365 365 365 365 365 364 364 364 364 364 364 363 363 363 363 363 363 363 363 363 362 362 362 362 362 362 362 362 362 362 362 362 362 362 361 360 360 360 360 360 360 360 360 360 360 360 360 360 360 359 359 359 359
287 287 287 286 286 287 287 287 287 287 286 286 286 286 286 286 286 285 368 368 368 368 368 368 367 367 367 367 368 368 367 366 366 366 366 366 366 366 365 365 365 365 365 365 365 365 364 364 364 364 364 364 363 363 363 363 363 363 363 363 363 362 362 362 362 362 362 362 362 362 362 362 362 362 362 362 361 360 360 360 360 360 360 360 360 360 360 360 360 360 359 359 359 359
287 287 287 286 287 287 287 287 287 287 286 286 286 286 287 286 286 285 285 368 368 368 368 368 367 367 367 368 368 368 367 366 366 366 366 366 366 366 365 365 365 365 365 365 365 364 364 364 364 364 364 364 363 363 363 363 363 363 363 363 363 362 362 362 362 362 362 362 362 362 362 362 362 362 362 362 361 361 360 360 360 360 360 360 360 360 360 360 360 360 360 359 359 359
287 287 287 286 287 287 287 287 287 287 286 286 286 287 286 286 286 285 285 285 368 368 368 368 367 367 367 368 368 368 367 366 366 366 366 366 366 366 365 365 365 365 365 365 365 364 364 364 364 364 364 364 363 363 363 363 363 363 363 363 362 362 362 362 362 362 362 362 362 362 362 362 362 362 362 361 361 361 360 360 360 360 360 360 360 360 360 360 360 360 360 360 359 359
287 287 287 287 287 287 287 287 287 287 286 286 286 287 286 286 286 285 285 285 368 368 368 368 367 367 368 368 368 367 367 366 366 366 366 366 366 366 365 365 365 365 365 365 364 364 364 364 364 364 364 363 363 363 363 363 363 363 363 363 362 362 362 362 362 362 362 362 362 362 362 362 362 362 362 361 361 361 361 360 360 360 360 360 360 360 360 360 360 360 360 360 359 359
287 287 287 287 287 287 287 287 287 287 286 286 287 286 286 286 286 285 285 285 285 368 368 367 367 368 368 368 368 367 366 366 366 366 366 366 366 365 365 365 365 365 365 365 364 364 364 364 364 364 364 363 363 363 363 363 363 363 363 362 362 362 362 362 362 362 362 362 362 362 362 362 362 362 361 361 361 361 361 361 360 360 360 360 360 360 360 360 360 360 360 360 360 359
287 287 286 287 287 287 287 287 287 286 286 286 287 286 286 286 285 285 285 285 285 285 368 367 367 368 368 368 367 367 366 366 366 366 366 366 366 365 365 365 365 365 365 365 364 364 364 364 364 364 364 363 363 363 363 363 363 363 363 362 362 362 362 362 362 362 362 362 362 362 362 362 362 362 361 361 361 361 361 361 360 360 360 360 360 360 360 360 360 360 360 360 360 359
287 287 287 287 287 287 287 287 287 286 286 286 286 286 286 286 285 285 285 285 285 285 285 367 368 368 368 368 367 367 366 366 366 366 366 366 366 365 365 365 365 365 365 364 364 364 364 364 364 364 364 363 363 363 363 363 363 363 362 362 362 362 362 362 362 362 362 362 362 362 362 362 362 362 361 361 361 361 361 361 361 360 360 360 360 360 360 360 360 360 360 360 360 359
287 287 287 287 287 287 287 287 287 286 286 287 286 286 286 286 285 285 285 285 285 285 285 367 368 368 368 367 367 367 366 366 366 366 366 366 366 365 365 365 365 365 365 364 364 364 364 364 364 364 364 363 363 363 363 363 363 363 362 362 362 362 362 362 362 362 362 362 362 362 362 362 362 361 361 361 361 361 361 361 361 360 360 360 360 360 360 360 360 360 360 360 360 360
287 287 287 287 287 287 287 287 287 286 286 286 286 286 286 286 285 285 285 285 285 285 285 284 368 368 368 367 367 367 366 366 366 366 366 366 366 365 365 365 365 365 364 364 364 364 364 364 364 364 364 363 363 363 363 363 363 363 362 362 362 362 362 362 362 362 362 362 362 362 362 362 362 361 361 361 361 361 361 361 361 360 360 360 360 360 360 360 360 360 360 360 360 360
287 287 287 287 287 287 287 287 287 286 286 286 286 286 286 286 285 285 285 285 285 285 285 285 285 368 367 367 367 367 366 366 366 366 366 366 366 365 365 365 365 365 364 364 364 364 364 364 364 364 364 363 363 363 363 363 363 362 362 362 362 362 362 362 362 362 362 362 362 362 362 362 361 361 361 361 361 361 361 361 361 361 360 360 360 360 360 360 360 360 360 360 360 360
287 287 287 287 287 287 287 287 287 286 285 286 286 286 286 286 285 285 285 285 285 285 285 285 285 285 367 367 367 367 366 366 366 366 366 366 366 365 365 365 365 364 364 364 364 364 364 364 364 364 364 363 363 363 363 363 363 362 362 362 362 362 362 362 362 362 362 362 362 362 362 362 361 361 361 361 361 361 361 361 361 361 360 360 360 360 360 360 360 360 360 360 360 360
287 287 287 287 287 287 287 287 287 285 285 286 286 286 286 286 285 285 285 285 285 285 285 285 285 284 284 367 367 367 366 366 366 366 366 366 366 365 365 365 365 364 364 364 364 364 364 364 364 364 364 363 364 363 363 363 362 362 362 362 362 362 362 362 362 362 362 362 362 362 362 362 361 361 361 361 361 361 361 361 361 361 360 360 360 360 360 360 360 360 360 360 360 360
287 287 287 287 287 287 287 287 287 285 285 286 286 286 286 286 285 285 285 285 285 285 285 285 285 284 284 367 367 367 366 366 366 366 366 366 366 365 365 365 364 364 364 364 364 364 364 364 364 364 364 363 363 363 363 363 362 362 362 362 362 362 362 362 362 362 362 362 362 362 362 361 361 361 361 361 361 361 361 361 361 361 360 360 360 360 360 360 360 360 360 360 360 360
287 287 287 287 287 287 287 287 286 285 285 286 286 286 286 286 285 285 285 285 285 285 285 285 284 284 284 284 367 366 366 366 366 366 366 366 365 365 365 365 364 364 364 364 364 364 364 364 364 364 363 363 363 363 363 362 362 362 362 362 362 362 362 362 362 362 362 362 362 362 362 361 361 361 361 361 361 361 361 361 361 361 360 360 360 360 360 360 360 360 360 360 360 360
287 286 287 287 287 287 287 287 285 285 285 286 286 286 286 285 285 285 285 285 285 285 284 284 284 284 284 284 284 366 366 366 366 366 366 366 365 365 365 364 364 364 364 364 364 364 364 364 364 364 363 363 363 363 363 362 362 362 362 362 362 362 362 362 362 362 362 362 362 362 361 361 361 361 361 361 361 361 361 361 361 360 360 360 360 360 360 360 360 360 360 360 360 360
287 286 287 287 287 287 287 286 285 285 285 286 286 286 286 285 285 285 285 285 285 285 284 283 284 284 284 284 284 283 366 366 366 366 366 366 365 365 365 364 364 364 364 364 364 364 364 364 364 364 363 363 363 363 362 362 362 362 362 362 362 362 362 362 362 362 362 362 362 362 361 361 361 361 361 361 361 361 361 361 361 360 360 360 360 360 360 360 360 360 360 360 360 360
287 286 287 287 287 287 287 286 285 285 285 285 286 286 286 285 285 285 285 285 285 285 284 283 284 284 284 284 284 283 283 366 366 366 366 366 365 365 364 364 364 364 364 364 364 364 364 364 364 364 363 363 363 363 362 362 362 362 362 362 362 362 362 362 362 362 362 362 362 361 361 361 361 361 361 361 361 361 361 361 361 360 360 360 360 360 360 360 360 360 360 360 360 359
287 286 286 287 287 287 286 286 285 285 285 285 286 286 286 285 285 285 285 285 285 285 283 283 283 284 284 284 284 283 283 283 366 366 366 366 365 365 364 364 364 364 364 364 364 364 364 364 364 364 363 363 363 363 362 362 362 362 362 362 362 362 362 362 362 362 362 362 362 361 361 361 361 361 361 361 361 361 361 361 360 360 360 360 360 360 360 360 360 360 360 360 360 359
287 286 286 287 287 287 286 286 285 285 285 285 286 286 286 285 285 285 285 285 285 285 283 283 283 284 284 284 284 283 283 283 283 366 366 366 365 364 364 364 364 364 364 364 364 364 364 364 364 364 363 363 363 362 362 362 362 362 362 362 362 362 362 362 362 362 362 362 362 361 361 361 361 361 361 361 361 361 361 361 360 360 360 360 360 360 360 360 360 360 360 360 360 359
287 286 286 287 287 286 286 286 285 285 285 285 285 286 286 285 285 285 285 285 285 284 283 283 283 283 284 284 284 283 283 283 283 283 366 366 365 364 364 364 364 364 364 364 364 364 364 364 364 364 363 363 363 362 362 362 362 362 362 362 362 362 362 362 362 362 362 362 361 361 361 361 361 361 361 361 361 361 361 360 360 360 360 360 360 511 360 360 360 360 360 360 359 359
287 286 286 286 286 286 286 286 285 285 285 285 285 286 286 285 285 285 285 285 285 284 283 283 283 283 283 284 284 283 283 283 283 283 366 366 364 364 364 364 364 364 364 364 364 364 364 364 364 364 363 363 362 362 513 513 513 513 513 513 513 513 513 513 513 513 513 513 512 512 512 512 512 512 512 512 512 512 511 511 511 511 511 511 511 511 511 511 511 511 511 511 510 510
286 286 286 286 286 286 286 285 285 285 285 285 285 285 285 285 285 285 285 285 284 283 283 283 283 283 283 284 283 283 283 283 283 283 283 365 364 364 364 364 364 515 515 515 515 515 515 515 515 514 514 514 513 513 513 513 513 513 513 513 513 513 513 513 513 513 513 512 512 512 512 512 512 512 512 512 512 512 511 511 511 511 511 511 511 511 511 511 511 511 511 510 510 510
286 286 286 285 285 286 286 285 285 285 285 285 285 285 284 285 285 285 285 284 284 283 283 283 283 283 283 283 283 283 283 283 434 434 434 432 515 515 515 515 515 515 515 515 515 515 515 515 515 514 514 513 513 513 513 513 513 513 513 513 513 513 513 513 513 513 513 512 512 512 512 512 512 512 512 512 512 511 511 511 511 511 511 511 511 511 511 511 511 511 510 510 510 510
286 286 286 285 285 286 286 285 285 285 285 285 285 285 284 285 285 285 285 284 284 283 283 434 434 434 434 434 433 433 434 434 434 434 434 432 432 515 515 515 515 515 515 515 515 515 515 515 515 514 514 513 513 513 513 513 513 513 513 513 513 513 513 513 513 513 512 512 512 512 512 512 512 512 512 511 511 511 511 511 511 511 511 511 511 511 511 511 511 511 510 510 510 510
286 286 285 285 285 285 286 285 285 285 285 285 285 285 284 284 436 436 435 435 435 434 434 434 434 434 434 434 433 433 433 434 434 434 433 432 432 432 515 515 515 515 515 515 515 515 515 515 515 514 513 513 513 513 513 513 513 513 513 513 513 513 513 513 513 513 512 512 512 512 512 512 512 512 511 511 511 511 511 511 511 511 511 511 511 511 511 511 511 510 510 510 510 510
286 285 285 285 285 285 286 285 285 436 436 436 436 436 435 435 435 436 435 435 435 434 434 434 434 434 434 434 433 433 433 433 434 434 433 432 432 432 432 515 515 515 515 515 515 515 515 515 515 514 513 513 513 513 513 513 513 513 513 513 513 513 513 513 513 512 512 512 512 512 512 512 512 511 511 511 511 511 511 511 511 511 511 511 511 511 511 511 510 510 510 510 510 510
286 285 285 436 436 436 436 436 436 436 436 436 436 436 435 435 435 434 435 435 435 434 434 434 434 434 434 434 433 433 433 433 433 432 433 432 432 432 432 432 515 515 515 515 515 515 515 515 515 513 513 513 513 513 513 513 513 513 513 513 513 513 513 513 513 512 512 512 512 512 512 511 511 511 511 511 511 511 511 511 511 511 511 511 511 511 511 510 510 510 510 510 510 510
436 436 436 436 436 436 436 435 436 436 436 436 436 436 435 435 435 434 434 435 435 434 434 434 434 434 434 434 433 433 433 433 433 432 432 431 432 432 432 432 432 515 515 515 515 515 515 515 515 513 513 513 513 513 513 513 513 513 513 513 513 513 513 513 512 512 512 512 512 511 511 511 511 511 511 511 511 511 511 511 511 511 511 511 511 511 510 510 510 510 510 510 510 510
