testData/tiles/oneDegree/grid25.0-24.0-26.0-25.0.asc
ncols   200
nrows   200
xllcorner   25.0
yllcorner   24.0
cellsize   0.005
NODATA_value   -9999.0
[rows 0 to 41 of 200, columns 94 to 187 of 200]
635 635 635 635 660 660 659 660 660 659 659 660 660 662 662 664 666 666 667 669 670 671 672 674 675 675 676 677 679 679 680 681 681 683 684 684 685 686 687 687 688 688 690 690 801 801 801 802 803 803 804 804 804 807 808 808 809 811 811 813 814 815 816 816 817 818 819 820 821 822 822 824 824 825 825 826 826 827 828 829 829 830 830 831 831 774 775 775 776 775 775 776 776 778
635 635 634 635 660 659 659 660 659 659 659 659 660 662 662 664 666 666 667 669 670 671 672 673 675 676 676 677 679 680 680 681 681 683 684 684 685 685 687 687 688 688 689 690 801 801 801 802 803 803 804 804 804 806 808 808 809 810 811 813 813 815 816 816 817 817 819 819 821 821 822 823 824 825 825 826 826 827 827 829 829 829 830 830 831 831 775 775 775 775 775 776 776 776
635 635 634 635 660 659 659 660 659 659 659 659 660 662 662 665 666 666 667 668 670 671 672 673 675 676 676 677 678 680 680 681 682 683 684 684 685 685 687 687 688 688 689 682 801 801 801 802 802 803 804 804 804 806 807 808 810 810 811 812 813 815 815 816 817 817 819 819 821 821 822 822 824 824 825 825 826 826 827 828 829 829 830 830 831 831 831 775 775 775 775 775 776 776
635 634 634 634 659 659 659 658 659 659 658 658 660 661 662 664 665 666 667 668 670 671 672 673 674 676 676 677 678 680 680 681 682 682 684 684 685 685 686 687 688 688 689 681 801 801 801 802 802 804 804 804 804 805 806 808 809 810 811 811 812 815 815 816 816 817 817 820 821 821 822 822 823 824 825 825 826 826 827 827 829 829 830 830 830 831 831 833 775 775 775 775 776 776
635 634 634 634 659 659 659 658 659 659 658 658 661 661 662 664 665 666 667 668 669 671 672 673 674 676 676 677 678 679 680 681 682 682 684 684 685 685 686 687 688 688 689 681 801 801 801 802 802 803 804 804 804 805 806 808 809 810 810 811 812 814 815 816 816 817 817 820 820 821 821 822 822 823 825 825 825 826 826 827 827 829 829 830 830 831 831 831 833 775 775 775 775 776
634 634 634 634 658 659 659 658 658 659 658 658 660 661 662 664 664 666 667 668 669 671 672 673 674 675 677 677 678 679 680 681 682 682 683 684 685 686 686 687 688 688 681 799 800 801 802 802 802 803 804 804 805 805 806 806 809 810 810 811 812 813 815 815 816 816 817 819 820 821 821 822 822 823 824 825 825 826 826 827 827 829 829 830 830 830 831 831 832 833 775 775 775 776
633 634 634 633 658 659 658 658 658 658 658 658 659 661 663 663 664 666 667 668 669 670 672 673 674 675 677 677 678 679 679 681 682 682 683 684 685 686 686 687 688 688 681 799 800 801 802 802 802 803 803 804 805 805 805 806 809 809 810 811 812 813 815 815 816 816 817 818 820 820 821 822 822 823 823 825 825 826 826 827 827 827 829 829 830 830 831 831 832 833 774 775 775 775
633 633 634 633 658 659 658 658 658 658 658 658 659 661 663 663 664 665 667 668 669 670 672 673 674 675 677 677 678 679 679 681 682 682 683 684 685 686 686 687 687 689 681 799 800 800 802 802 802 803 803 804 805 805 805 806 808 809 810 810 812 813 813 815 815 816 818 818 819 820 821 821 822 822 823 823 825 825 826 826 827 827 828 829 830 830 830 831 831 832 833 775 775 775
633 633 633 633 658 657 658 658 657 657 658 657 659 660 662 663 664 665 667 668 669 670 672 673 674 675 676 677 678 679 680 680 682 682 683 684 685 686 686 687 687 681 681 799 800 800 801 802 802 803 803 803 805 805 805 806 807 808 810 810 812 812 813 814 815 816 817 818 819 819 821 821 822 822 823 823 825 825 826 826 827 827 828 829 829 830 830 831 831 832 832 832 775 775
633 633 633 633 658 657 658 658 657 657 658 657 659 660 662 663 664 665 666 668 669 670 671 673 674 675 676 677 678 679 680 680 682 682 683 684 684 686 686 687 687 680 799 799 800 800 801 802 802 803 803 803 804 805 805 805 807 808 809 810 812 812 813 813 815 816 817 818 818 819 820 821 821 822 822 823 823 825 825 826 826 827 827 828 829 830 830 830 831 831 832 831 832 775
633 633 632 633 658 657 657 658 657 657 657 657 659 660 661 663 664 665 666 669 670 670 671 673 674 675 676 676 678 679 680 680 681 682 683 684 684 686 686 687 687 680 798 800 800 800 801 801 802 803 803 803 804 805 805 806 807 808 808 810 811 812 813 813 814 815 817 818 818 819 819 821 821 822 822 823 823 824 825 826 826 827 827 828 828 829 830 830 831 831 831 831 831 833
633 632 632 633 657 657 657 657 657 657 656 657 659 659 661 663 664 665 667 668 670 671 671 672 674 675 676 677 677 679 680 680 681 683 683 684 684 685 686 687 679 680 798 800 800 800 801 801 802 803 803 803 804 804 805 806 807 807 808 809 811 812 812 813 814 815 817 817 818 818 819 819 821 822 822 823 823 824 824 825 826 826 827 827 828 828 830 830 830 831 831 832 831 832
633 632 632 632 657 657 657 656 657 657 656 657 659 660 661 662 664 666 667 668 670 671 672 672 673 675 676 677 677 679 680 680 681 682 683 684 684 685 685 687 679 680 798 799 800 800 801 801 801 803 803 803 804 804 805 806 806 807 808 809 811 812 812 813 813 815 817 817 818 818 819 819 820 821 822 822 823 823 824 825 826 826 827 827 828 828 828 830 830 831 831 831 831 831
631 632 632 631 657 657 656 656 657 656 656 657 658 660 661 662 664 666 667 668 669 671 672 672 673 675 676 677 677 678 680 680 681 682 683 684 684 685 685 679 679 680 798 799 800 800 801 801 802 802 803 803 804 804 804 806 806 807 807 809 810 811 812 813 813 815 815 817 817 818 818 819 820 821 822 822 823 823 824 824 826 826 826 827 827 828 828 830 830 830 831 831 831 831
631 632 632 631 656 657 656 656 656 656 656 657 657 660 661 662 663 666 667 668 669 671 672 672 673 674 676 677 677 678 680 680 681 682 682 684 684 685 685 678 679 798 798 799 799 800 801 801 802 802 803 804 804 804 804 805 806 807 807 809 809 810 812 812 813 814 815 816 817 818 818 819 819 820 821 822 822 824 824 825 824 826 826 827 827 828 828 828 830 830 831 831 830 831
631 631 632 631 656 657 656 656 656 656 656 657 657 660 661 662 664 665 667 668 669 670 672 673 673 674 676 677 677 678 679 680 681 682 682 683 684 685 685 678 679 798 798 799 799 799 801 801 802 802 802 804 804 804 804 805 806 806 807 809 809 810 811 812 813 814 815 815 817 817 818 819 819 820 820 822 823 824 824 825 825 825 826 826 827 827 828 828 829 830 830 831 830 831
631 631 631 631 656 655 656 656 655 655 656 656 657 659 661 662 664 665 667 668 669 670 672 673 673 674 675 677 677 678 679 680 681 682 682 683 684 685 677 678 678 798 798 799 799 800 801 801 802 802 802 803 804 804 804 805 805 806 807 808 809 810 810 812 813 814 815 815 816 817 818 818 819 819 820 821 823 823 824 824 825 825 825 826 827 827 828 828 828 829 830 831 831 830
631 631 630 631 656 655 656 656 655 655 656 656 657 659 661 662 664 665 666 668 669 670 671 673 673 674 675 677 677 678 679 679 681 682 682 683 683 685 677 678 678 797 798 799 799 800 800 801 802 802 802 803 804 804 804 805 805 805 807 808 809 809 810 811 813 814 814 815 815 816 818 818 819 819 821 821 822 823 824 824 825 825 826 825 826 827 827 828 828 829 829 830 831 830
631 630 630 631 655 655 655 655 655 655 654 656 657 659 660 662 664 665 666 668 669 670 671 672 673 674 675 676 678 678 679 680 680 682 682 683 683 677 677 678 678 797 798 799 799 800 800 800 802 802 802 803 803 804 805 805 805 805 805 808 809 809 810 810 812 814 814 815 815 816 816 818 818 819 820 821 821 823 823 824 824 825 825 825 826 827 827 827 828 828 829 829 831 830
631 630 630 630 655 655 655 654 655 655 654 655 657 659 660 662 664 665 666 667 669 670 671 672 674 674 675 676 677 678 679 680 680 682 682 683 683 676 678 678 678 797 797 799 799 800 800 800 802 802 802 803 803 803 805 805 805 805 806 808 808 809 809 810 812 813 814 814 815 816 816 817 818 820 820 821 821 822 823 824 824 825 825 826 825 826 827 827 828 828 828 829 829 830
629 630 630 629 655 655 655 654 655 655 654 655 658 659 660 662 664 665 666 667 669 670 671 672 673 674 675 676 677 678 679 680 680 681 682 683 684 676 677 678 797 797 797 798 799 800 800 800 801 802 802 803 803 803 804 805 805 805 806 806 808 809 809 810 811 812 814 814 815 815 816 816 817 819 820 820 821 821 822 823 824 824 825 825 825 825 827 827 827 828 828 829 829 828
629 630 630 629 654 655 654 654 654 654 654 655 657 659 660 662 663 665 666 667 668 670 671 672 673 674 675 676 677 677 679 680 680 681 681 683 676 676 677 677 797 797 797 798 798 800 800 800 801 801 802 803 803 803 804 805 805 805 806 806 807 808 809 811 811 812 812 814 814 815 816 816 818 819 820 820 821 821 822 822 824 824 825 825 825 825 825 827 827 828 828 828 829 829
629 629 630 654 654 655 654 654 654 654 654 655 657 659 660 662 663 665 666 667 668 669 671 672 673 673 675 676 677 677 678 680 680 681 681 683 676 676 677 677 797 797 797 798 798 800 800 800 801 801 801 803 803 803 804 804 805 805 806 806 807 807 809 810 811 812 812 813 814 815 815 816 817 818 819 820 820 821 821 822 822 824 824 825 825 825 825 826 827 827 828 828 829 829
629 629 629 654 654 653 654 654 653 653 654 655 657 658 660 662 663 664 666 667 668 669 671 672 673 673 674 676 677 677 678 680 680 681 682 674 676 676 677 677 796 797 797 798 798 799 800 800 801 801 801 803 803 803 804 804 804 805 806 806 806 807 807 810 811 811 812 812 813 815 815 816 817 818 818 820 820 821 821 822 822 823 824 825 825 824 825 825 826 827 828 828 828 829
629 629 628 654 654 653 653 654 653 653 653 655 657 658 660 662 663 664 665 667 668 669 670 672 673 673 674 676 677 677 678 679 680 681 682 674 675 676 677 677 796 796 798 798 798 799 799 800 801 801 802 802 803 803 804 804 804 804 806 806 806 807 807 809 810 811 812 812 813 813 815 816 817 817 818 818 820 820 821 821 822 822 823 824 825 825 825 825 825 826 826 828 828 828
629 628 628 654 653 653 653 653 653 653 653 655 657 658 660 662 663 664 665 667 668 669 670 671 673 674 674 675 677 677 678 679 679 681 682 674 675 675 677 795 796 796 798 798 798 799 799 800 801 801 802 802 802 803 804 804 804 804 805 806 806 806 807 809 810 811 811 812 812 813 814 816 817 817 818 818 819 820 821 821 822 822 823 823 824 825 824 825 825 826 826 826 828 828
629 628 628 653 653 653 653 652 653 653 653 654 657 658 660 661 663 664 665 666 668 669 670 671 673 674 674 675 676 677 678 679 679 681 674 674 675 675 677 795 796 796 797 798 798 799 799 800 801 801 802 802 802 802 804 804 804 804 805 806 806 806 807 808 809 810 811 812 812 813 813 815 816 817 817 818 818 819 820 821 821 822 822 823 823 825 824 825 825 825 826 826 827 828
627 628 628 652 652 653 652 652 652 653 653 654 656 658 660 661 662 664 665 666 667 669 670 671 672 674 674 675 676 677 678 679 679 680 674 674 675 675 676 795 796 796 797 797 798 799 799 800 800 801 802 802 802 802 803 804 804 804 805 805 806 806 806 808 809 809 811 811 812 812 814 815 815 817 817 818 818 819 819 821 821 822 822 823 823 823 825 824 825 825 826 826 826 827
627 627 628 652 652 653 652 652 652 653 653 654 656 658 660 661 662 664 665 666 667 669 670 671 672 673 674 675 676 677 678 679 679 672 673 674 675 675 676 794 796 796 797 797 797 799 799 800 800 800 802 802 802 802 803 803 804 805 805 805 805 806 807 808 808 809 810 811 812 812 814 814 815 815 817 817 818 818 819 819 821 821 822 822 823 823 824 824 824 825 825 826 826 826
627 627 627 652 652 652 652 652 652 652 653 655 656 657 660 661 662 663 665 666 667 668 670 671 672 673 673 675 676 677 677 679 680 672 673 673 675 675 676 794 795 796 797 797 797 798 799 800 800 800 801 802 802 803 803 803 804 805 805 805 805 805 807 807 808 809 809 810 811 812 813 814 815 815 816 817 818 818 819 819 820 821 822 822 822 823 823 823 823 825 825 825 826 826
627 627 626 652 652 651 651 652 652 652 652 655 656 657 659 661 662 663 664 666 667 668 669 671 672 673 673 675 676 677 677 678 680 672 673 673 674 675 676 794 795 796 797 797 798 798 798 800 800 800 801 801 802 803 803 803 803 805 805 805 805 805 806 807 808 808 809 810 810 812 813 814 814 815 815 816 817 818 818 819 819 820 821 822 822 823 823 822 823 823 825 825 826 826
627 627 626 651 652 651 651 652 652 652 652 655 656 657 659 661 662 663 664 666 667 668 669 670 672 673 673 674 676 677 677 678 671 672 673 673 674 675 676 794 795 795 797 797 798 798 798 800 800 800 801 801 801 803 803 803 803 804 805 805 805 805 806 806 808 808 809 809 810 811 813 813 814 815 815 816 816 818 818 819 819 820 820 820 822 822 823 823 823 823 823 825 825 826
626 626 626 651 651 651 651 651 652 652 652 654 656 658 659 660 662 663 664 665 667 668 669 670 672 673 674 674 675 677 677 678 671 672 673 673 674 674 794 794 795 795 796 797 798 798 798 799 800 800 801 801 801 802 803 803 803 804 804 805 805 805 806 806 806 808 808 809 810 811 812 813 814 814 815 815 816 816 818 818 819 819 820 820 821 822 823 823 822 823 823 824 825 825
626 626 626 651 650 651 651 651 651 652 652 654 655 658 659 660 661 663 664 665 666 668 669 670 671 673 674 674 675 676 677 670 671 671 673 673 674 674 793 794 795 795 796 796 798 798 798 799 799 800 801 801 801 802 802 803 803 804 804 804 805 805 806 806 806 807 808 809 809 811 811 812 813 814 815 815 816 816 817 818 819 819 819 820 820 821 822 823 822 823 823 823 824 825
625 625 626 650 650 650 651 651 651 651 652 654 655 658 659 660 661 662 665 666 667 667 669 670 671 672 674 674 675 676 677 670 671 671 672 673 674 674 793 793 795 795 796 796 797 798 798 799 799 799 801 801 801 802 802 803 803 804 804 804 804 805 806 806 806 806 807 808 809 811 811 812 812 814 814 815 815 816 816 817 818 819 819 820 820 821 821 822 822 822 823 823 823 824
625 625 625 650 650 650 651 651 651 651 652 654 655 657 659 660 661 662 665 666 667 667 669 670 671 672 673 674 675 676 668 670 671 671 672 672 674 674 793 793 794 795 796 796 797 797 798 799 799 799 800 801 801 802 802 802 803 804 804 804 804 804 806 806 806 806 807 807 809 810 811 811 812 812 814 814 815 815 816 816 817 818 819 819 820 820 821 821 822 822 822 823 823 824
625 625 624 650 650 650 650 651 651 651 651 654 655 657 658 660 661 663 664 666 667 667 668 670 671 672 673 673 675 676 668 669 671 671 672 672 673 674 793 793 794 794 796 796 797 797 797 799 799 799 800 800 801 802 802 802 802 804 804 804 804 805 805 806 806 806 806 807 808 810 811 811 812 812 813 813 815 815 816 816 817 817 819 819 820 820 820 821 821 821 822 823 823 823
625 625 624 649 650 650 650 650 651 651 651 653 655 657 658 659 661 663 664 665 667 668 668 669 671 672 673 673 675 668 668 669 670 671 672 672 673 674 793 793 794 794 795 796 797 797 797 798 799 799 800 800 800 802 802 802 802 803 804 804 804 805 805 805 806 806 806 807 808 809 810 811 811 812 812 813 813 815 815 816 816 817 817 818 819 820 820 821 821 820 821 822 823 823
624 624 624 649 649 650 650 650 650 651 651 653 654 657 658 659 660 663 664 665 666 668 668 669 670 672 673 673 674 668 668 669 670 670 672 672 673 674 792 794 794 794 795 795 797 797 797 798 798 800 800 800 800 801 802 802 802 803 803 803 804 805 805 805 805 806 806 806 808 808 809 810 811 812 812 813 813 814 815 816 816 817 817 817 818 819 820 820 821 820 821 821 822 823
624 623 624 649 649 649 650 650 650 651 651 653 654 657 658 659 661 663 664 665 666 667 668 669 670 671 673 673 674 667 669 669 670 670 671 672 673 792 792 793 794 794 795 795 797 797 797 798 798 799 800 800 800 801 801 802 803 803 803 803 803 805 805 805 805 805 806 806 807 808 809 809 810 811 812 812 813 813 814 815 816 816 817 817 818 818 820 820 820 820 820 821 821 821
623 623 623 649 649 649 650 650 650 650 651 653 654 656 658 659 661 662 664 665 666 667 668 669 670 671 672 673 666 667 668 669 670 670 671 672 673 792 792 793 794 794 795 795 796 797 798 798 798 799 799 800 800 801 801 801 803 803 803 803 803 804 805 805 805 805 805 805 807 808 808 809 809 810 811 812 813 813 814 814 815 816 816 817 817 818 818 820 820 820 820 820 821 821
623 623 623 649 649 649 649 650 650 650 650 653 655 656 657 659 661 662 663 665 666 667 668 669 670 671 672 672 666 667 668 668 670 670 671 672 672 792 792 793 793 794 795 795 796 796 798 798 798 799 799 799 800 801 801 801 802 803 803 803 803 804 804 805 805 805 805 806 806 807 808 809 809 810 810 812 812 813 813 814 814 815 816 817 817 818 818 818 819 820 820 820 820 821
