testData/tiles/oneDegree/grid20.0-45.0-21.0-46.0.asc
ncols   200
nrows   200
xllcorner   20.0
yllcorner   45.0
cellsize   0.005
NODATA_value   -9999.0
[rows 0 to 41 of 200, columns 0 to 93 of 200]
580 580 581 581 581 580 581 581 581 582 582 582 581 582 582 582 582 583 583 582 582 583 583 583 583 583 583 583 583 584 584 583 583 583 584 584 583 583 584 584 584 584 584 585 585 585 585 585 586 586 586 586 587 587 587 587 587 588 588 588 588 588 588 589 589 589 589 589 590 590 590 590 590 591 591 591 591 591 591 592 592 592 592 592 592 593 593 593 593 593 593 593 594 579
581 582 581 581 582 582 582 582 583 583 582 582 583 583 583 583 584 583 583 583 584 584 584 583 584 584 584 584 585 584 584 584 585 585 584 584 584 585 585 584 584 585 585 585 585 585 586 586 586 586 586 587 587 587 587 587 588 588 588 588 588 589 589 589 589 589 590 590 590 590 590 590 591 591 591 591 591 592 592 592 592 592 592 593 593 593 593 593 593 593 594 594 579 579
582 582 582 583 583 583 583 584 583 583 584 584 584 584 585 584 584 584 585 585 585 585 585 585 585 585 586 585 585 585 585 586 586 585 585 586 586 586 585 585 586 586 586 585 586 586 586 586 586 587 587 587 587 587 588 588 588 588 588 589 589 589 589 589 590 590 590 590 590 590 591 591 591 591 591 592 592 592 592 592 592 593 593 593 593 593 593 594 594 594 594 594 579 579
583 583 584 584 584 584 584 584 584 585 585 585 585 585 585 585 585 586 586 586 585 586 586 586 586 587 586 586 586 587 587 586 586 586 587 587 586 586 587 587 587 586 586 587 587 587 586 587 587 587 587 587 588 588 588 588 588 589 589 589 589 589 590 590 590 590 590 590 591 591 591 591 591 592 592 592 592 592 592 593 593 593 593 593 593 594 594 594 594 594 594 594 580 580
585 585 584 584 585 585 585 585 586 586 586 585 586 586 586 586 587 587 586 586 587 587 587 587 587 587 587 587 588 588 587 587 588 588 588 587 587 588 588 588 587 588 588 588 587 587 588 588 588 587 587 588 588 588 588 588 589 589 589 589 589 590 590 590 590 590 591 591 591 591 591 591 592 592 592 592 592 593 593 593 593 593 593 594 594 594 594 594 594 594 595 595 580 580
585 585 585 586 586 586 586 587 586 586 587 587 587 587 588 587 587 587 588 588 588 588 588 588 588 588 588 589 588 588 588 589 589 588 588 589 589 589 588 588 589 589 589 588 589 589 589 588 588 589 589 589 588 588 589 589 589 589 589 590 590 590 590 590 591 591 591 591 591 591 592 592 592 592 592 592 593 593 593 593 593 593 594 594 594 594 594 594 595 595 595 595 580 580
586 586 587 587 587 587 587 587 587 588 588 588 588 588 588 588 588 589 589 589 588 589 589 589 589 590 589 589 589 590 590 590 589 589 590 590 590 589 590 590 590 589 589 590 590 590 589 589 590 590 589 589 589 590 589 589 589 589 590 590 590 590 590 591 591 591 591 591 592 592 592 592 592 592 593 593 593 593 593 593 594 594 594 594 594 594 595 595 595 595 595 595 581 581
587 588 587 587 588 588 588 588 589 589 589 588 589 589 589 589 590 590 589 589 590 590 590 590 590 590 590 590 591 591 590 590 590 591 591 590 590 591 591 591 590 590 591 591 591 590 591 591 591 590 590 591 591 590 590 590 591 590 590 590 590 591 591 591 591 591 591 592 592 592 592 592 593 593 593 593 593 593 594 594 594 594 594 594 595 595 595 595 595 595 595 596 581 581
588 588 588 589 589 589 589 590 589 589 589 590 590 590 590 590 590 590 590 591 591 591 590 591 591 591 591 592 591 591 591 592 592 591 591 591 592 592 591 591 592 592 592 591 591 592 592 592 591 591 592 592 591 591 591 592 591 591 591 591 591 591 591 591 591 592 592 592 592 592 592 593 593 593 593 593 593 594 594 594 594 594 594 595 595 595 595 595 595 596 596 596 581 581
589 589 590 590 590 589 590 590 590 590 591 591 591 590 591 591 591 591 592 592 591 591 592 592 592 592 592 592 592 592 593 592 592 592 592 593 593 592 592 593 593 592 592 592 593 593 592 592 593 593 592 592 592 593 593 592 592 592 591 592 592 592 591 591 592 592 592 592 592 593 593 593 593 593 593 594 594 594 594 594 594 595 595 595 595 595 595 596 596 596 596 581 581 581
590 591 590 590 590 591 591 591 591 592 591 591 591 592 592 592 592 592 592 592 592 593 593 593 592 593 593 593 593 594 593 593 593 594 594 593 593 593 594 594 593 593 594 594 594 593 593 594 594 593 593 593 594 593 593 593 593 593 593 593 593 592 593 593 593 592 592 592 593 593 593 593 593 593 594 594 594 594 594 595 595 595 595 595 595 595 596 596 596 596 596 581 582 582
591 591 591 591 592 592 592 591 592 592 592 592 593 593 593 592 593 593 593 593 594 593 593 593 594 594 594 593 594 594 594 594 595 594 594 594 594 595 594 594 594 595 595 594 594 594 595 594 594 594 594 595 594 594 594 594 594 594 594 594 593 594 594 593 593 593 593 593 593 593 593 593 594 594 594 594 594 594 595 595 595 595 595 595 596 596 596 596 596 596 597 582 582 582
592 592 592 593 592 592 592 593 593 593 593 594 593 593 593 594 594 594 594 594 594 594 594 595 595 594 594 595 595 595 595 595 595 595 595 595 595 595 595 595 596 595 595 595 595 596 595 595 595 595 595 595 595 595 594 595 595 595 594 594 595 595 594 594 594 595 594 594 594 593 593 594 594 594 594 594 594 595 595 595 595 595 595 596 596 596 596 596 596 597 597 582 582 582
593 592 593 593 593 593 594 594 594 593 594 594 594 594 595 595 595 594 595 595 595 595 596 595 595 595 596 596 596 595 596 596 596 596 595 596 596 596 596 596 596 596 596 596 596 596 596 596 596 596 596 596 596 595 596 596 596 595 595 596 596 595 595 595 596 595 595 595 594 594 595 595 594 594 594 595 595 595 595 595 595 596 596 596 596 596 596 596 597 597 597 582 582 582
593 594 594 594 594 595 594 594 594 595 595 595 595 596 595 595 595 596 596 596 596 596 596 596 596 597 597 596 596 597 597 597 596 596 597 597 597 597 597 597 597 597 596 597 597 597 597 596 597 597 597 596 596 597 597 596 596 596 597 596 596 596 596 596 596 596 596 595 596 596 595 595 595 595 595 595 595 595 595 595 596 596 596 596 596 596 597 597 597 597 597 582 582 583
594 595 594 594 595 595 595 595 596 596 596 595 596 596 596 596 597 597 596 596 597 597 597 597 597 597 597 597 598 598 597 597 597 598 598 598 597 598 598 598 598 597 598 598 598 597 597 598 598 598 597 597 598 598 597 597 597 598 597 597 597 597 597 597 597 596 596 597 597 596 596 596 595 596 596 596 595 595 595 596 596 596 596 596 596 597 597 597 597 597 597 582 583 583
595 595 595 595 596 596 596 597 596 596 596 597 597 597 597 597 597 597 597 598 598 598 597 598 598 598 598 598 598 598 598 598 599 599 598 598 599 599 599 598 598 599 599 598 598 598 599 599 598 598 598 599 598 598 598 598 598 598 598 598 597 598 598 598 597 597 598 598 597 597 597 596 597 597 597 596 596 596 596 596 596 596 596 596 597 597 597 597 597 597 583 583 583 583
596 596 596 597 596 596 596 597 597 597 598 598 597 597 598 598 598 598 599 598 598 598 598 599 599 599 598 599 599 599 599 599 599 599 599 599 600 599 599 599 600 600 599 599 599 600 599 599 599 599 600 599 599 599 599 599 599 599 599 598 599 599 599 598 598 599 598 598 598 598 597 598 598 597 597 597 597 597 597 597 596 596 596 597 597 597 597 597 597 598 583 583 583 583
596 596 597 597 597 597 598 598 598 597 598 598 598 598 599 599 599 598 599 599 599 599 600 599 599 599 600 600 600 599 600 600 600 600 600 600 600 600 600 601 600 600 600 600 600 600 600 600 600 600 600 600 600 599 600 600 600 599 599 600 600 599 599 599 600 599 599 599 599 598 599 599 598 598 598 597 598 598 598 597 597 597 597 597 597 597 597 597 598 598 583 583 583 583
597 598 598 598 598 599 598 598 598 599 599 599 599 600 599 599 599 600 600 600 599 600 600 600 600 601 601 600 600 600 601 601 600 600 601 601 601 601 600 601 601 601 601 601 601 601 601 600 601 601 601 601 600 601 601 601 600 600 601 601 600 600 600 600 600 600 600 599 599 600 600 599 599 599 598 599 599 598 598 598 598 598 598 598 597 597 597 598 598 598 583 583 583 583
598 599 598 598 598 599 599 599 600 600 599 599 600 600 600 600 601 601 600 600 601 601 601 601 600 601 601 601 601 602 601 601 601 602 602 601 601 601 602 602 602 601 601 602 602 601 601 602 602 602 601 601 602 602 601 601 601 602 601 601 601 601 600 601 601 601 600 600 601 600 600 600 600 599 600 600 599 599 599 598 599 599 599 598 598 598 598 598 598 598 583 583 583 584
599 599 599 599 600 600 600 599 600 600 600 600 601 601 601 600 601 601 601 601 602 601 601 601 602 602 602 602 602 602 602 602 602 602 602 602 602 603 602 602 602 602 603 602 602 602 602 603 602 602 602 602 602 602 602 602 601 602 602 602 601 601 602 602 601 601 601 602 601 601 601 600 600 601 601 600 600 600 599 600 600 599 599 599 598 599 599 598 598 598 583 583 584 584
600 600 600 599 600 600 600 601 601 601 601 601 601 601 601 602 602 602 601 602 602 602 602 603 603 602 602 602 603 603 603 602 603 603 603 603 602 603 603 603 603 603 603 603 603 603 603 603 603 603 602 603 603 603 603 602 603 603 603 602 602 603 603 602 602 602 601 602 602 602 601 601 602 601 601 601 601 600 601 601 600 600 600 599 600 600 599 599 599 598 583 584 584 584
600 600 600 601 601 601 601 602 601 601 601 602 602 602 602 602 602 602 602 603 603 603 602 603 603 603 603 604 603 603 603 603 604 604 603 603 604 604 604 603 603 604 604 604 603 604 604 604 604 603 604 604 604 603 603 604 604 603 603 603 603 603 603 603 603 602 603 603 602 602 602 602 602 602 602 601 601 601 602 601 601 601 600 600 601 600 600 600 599 584 585 584 584 584
601 601 601 602 601 601 602 602 602 602 603 603 602 602 603 603 603 603 604 603 603 603 603 604 604 604 603 604 604 604 604 604 604 604 604 604 605 604 604 604 605 605 604 604 604 605 605 604 604 604 605 604 604 604 604 604 604 604 604 603 604 604 604 603 603 604 604 603 603 603 603 603 603 603 602 602 602 602 602 602 602 601 601 602 601 601 601 600 600 586 585 585 585 584
601 601 602 602 602 602 603 603 602 602 603 603 603 603 604 604 603 603 604 604 604 604 605 604 604 604 605 605 605 604 604 605 605 605 604 605 605 605 605 605 605 605 605 605 605 605 605 605 605 605 605 605 605 604 605 605 605 605 604 604 605 605 604 604 604 604 604 604 604 603 603 604 604 603 603 603 603 603 603 602 602 602 602 602 602 602 601 601 601 586 586 585 585 585
602 602 603 603 602 602 603 603 603 603 604 604 604 603 604 604 604 604 605 605 604 604 605 605 605 605 605 605 605 605 606 606 605 605 605 606 606 605 605 606 606 606 605 605 606 606 606 605 605 606 606 605 605 605 606 606 605 605 605 606 605 605 605 605 605 605 605 604 604 604 605 604 604 604 603 603 604 604 603 603 603 602 603 603 602 602 602 601 602 587 586 586 586 585
602 602 603 603 603 604 604 604 604 604 604 604 604 605 605 605 604 605 605 605 605 606 606 605 605 605 606 606 606 605 606 606 606 606 607 606 606 606 606 607 606 606 606 606 607 606 606 606 606 606 606 606 606 606 606 606 606 606 605 606 606 606 605 605 606 606 605 605 605 604 605 605 605 604 604 605 604 604 604 604 603 604 604 603 603 603 602 602 603 587 587 587 586 586
603 604 604 604 604 604 604 604 604 605 605 605 605 605 605 605 605 606 606 606 605 606 606 606 606 607 606 606 606 606 607 607 606 606 607 607 607 607 606 607 607 607 607 607 607 607 607 606 607 607 607 607 606 607 607 607 606 606 607 607 606 606 606 606 606 606 606 606 605 606 606 605 605 605 605 605 605 605 604 604 604 604 604 604 604 603 603 604 603 588 588 587 587 587
603 604 604 604 604 605 605 605 605 605 605 605 605 606 606 606 606 606 606 606 606 607 607 607 606 607 607 607 607 608 607 607 607 607 608 607 607 607 608 608 607 607 607 608 608 607 607 607 608 608 607 607 607 608 607 607 607 607 607 607 607 607 606 607 607 607 606 606 606 607 606 606 606 605 605 606 606 605 605 605 604 605 605 604 604 604 603 604 589 588 588 588 587 587
604 605 605 605 605 605 605 605 605 606 606 606 606 606 606 606 606 607 607 607 606 607 607 607 607 608 608 607 607 608 608 608 608 607 608 608 608 608 608 608 608 608 608 608 608 608 608 608 608 608 608 608 607 608 608 608 607 607 608 608 607 607 607 608 607 607 607 607 606 607 607 607 606 606 607 606 606 606 605 605 606 606 605 605 605 604 604 605 589 589 589 588 588 589
604 605 605 605 605 606 606 606 607 606 606 606 607 607 607 607 608 607 607 607 608 608 608 608 607 608 608 608 608 609 608 608 608 609 609 608 608 608 609 609 609 608 608 609 609 608 608 608 609 609 608 608 609 609 608 608 608 608 608 608 608 608 607 608 608 608 607 607 608 608 607 607 607 606 607 607 607 606 606 606 606 606 606 605 605 605 605 605 590 590 589 589 589 589
605 606 606 606 606 606 606 606 607 607 607 607 608 607 607 607 608 608 608 608 608 608 608 608 608 609 609 608 608 609 609 609 609 609 609 609 609 609 609 609 609 609 609 609 609 609 609 610 609 609 609 609 609 609 609 609 608 608 609 609 609 608 608 609 608 608 608 608 608 608 608 608 607 607 608 607 607 607 607 606 607 607 606 606 606 605 606 606 590 590 590 589 589 590
605 606 606 606 607 607 607 607 608 607 607 607 608 608 608 608 609 608 608 608 609 609 609 609 608 609 609 609 609 610 609 609 609 610 610 609 609 609 610 610 610 609 610 610 610 609 609 610 610 610 609 609 610 610 609 609 609 610 610 609 609 609 609 609 609 609 608 608 609 609 608 608 608 608 608 608 608 607 607 607 607 607 607 607 606 606 607 606 591 591 590 590 590 590
606 607 607 607 608 607 607 607 608 608 608 608 609 608 608 608 609 609 609 609 609 609 609 609 610 610 610 609 609 610 610 610 610 610 610 610 610 610 610 610 610 610 611 610 610 610 610 611 610 610 610 610 610 610 610 610 610 610 610 610 610 609 609 610 610 609 609 609 609 609 609 609 608 608 609 608 608 608 608 607 608 608 607 607 607 606 607 592 591 591 591 590 590 591
686 687 687 687 688 688 688 608 609 608 608 608 609 609 609 609 610 609 609 609 610 610 610 609 609 610 610 610 610 611 610 610 610 611 611 610 610 610 611 611 610 610 611 611 611 610 610 611 611 611 610 610 611 611 610 610 610 611 611 610 610 610 610 610 610 610 609 609 610 610 609 609 609 609 609 609 609 608 608 608 608 608 608 608 607 607 608 592 592 592 591 591 591 591
687 688 688 688 687 688 688 688 689 689 689 689 690 689 689 689 690 690 690 610 610 610 610 610 610 611 610 610 610 611 611 611 610 611 611 611 611 611 611 611 611 611 611 611 611 611 611 612 611 611 611 611 611 611 611 611 610 610 611 611 611 610 610 611 611 610 610 610 610 610 610 610 609 609 610 609 609 609 609 608 609 609 608 608 608 607 608 593 592 592 592 591 591 592
687 688 688 688 688 689 689 689 689 689 689 689 690 690 690 690 690 690 690 690 691 691 691 690 690 691 691 691 691 611 611 611 611 612 612 611 611 611 612 612 611 611 611 612 612 611 611 611 612 612 611 611 612 612 611 611 611 611 612 611 611 611 611 611 611 611 610 610 611 611 610 610 610 610 610 610 610 609 609 609 609 609 609 609 608 608 608 593 593 593 592 592 592 592
688 689 689 689 688 689 689 689 689 690 690 690 689 690 690 690 690 691 691 691 690 691 691 691 691 692 691 691 691 692 692 692 691 691 692 692 692 612 612 612 612 612 612 612 612 612 612 611 612 612 612 612 611 612 612 612 611 611 612 612 611 611 611 612 611 611 611 611 610 611 611 611 610 610 611 610 610 610 610 609 610 610 609 609 609 608 608 594 593 593 593 592 592 593
688 689 689 689 689 690 690 690 689 690 690 690 690 691 691 691 690 691 691 691 691 692 692 691 691 692 692 692 692 692 692 692 692 692 693 692 692 692 693 693 692 692 692 693 613 612 612 612 613 613 612 612 612 613 612 612 612 612 612 612 612 612 611 612 612 612 611 611 611 612 611 611 611 611 610 611 611 610 610 610 609 610 610 610 609 609 594 594 594 594 593 593 593 592
689 690 690 689 689 690 690 690 690 691 691 690 690 691 691 691 691 692 692 691 691 692 692 692 692 693 692 692 692 692 693 693 692 692 693 693 693 692 692 693 693 693 692 693 693 693 693 692 693 693 693 613 612 613 613 613 612 612 613 613 612 612 612 612 612 612 612 612 611 612 612 612 611 611 611 611 611 611 611 610 610 611 610 610 610 609 594 595 594 594 594 593 593 593
689 689 690 690 690 691 691 690 690 691 691 691 691 692 692 691 691 692 692 692 692 693 692 692 692 692 693 693 692 692 693 693 693 693 693 693 693 693 693 694 693 693 693 693 694 693 693 693 693 693 693 693 693 693 693 693 693 613 612 613 613 613 612 612 613 613 612 612 612 612 612 612 612 611 611 612 612 611 611 611 610 611 611 611 610 610 595 594 595 595 594 594 594 593
