testData/tiles/oneDegree/grid23.0-38.0-24.0-39.0.asc
ncols   200
nrows   200
xllcorner   23.0
yllcorner   38.0
cellsize   0.005
NODATA_value   -9999.0
[rows 0 to 40 of 200, columns 0 to 92 of 200]
756 755 755 754 753 752 605 605 604 603 602 601 601 600 599 656 655 655 654 653 580 579 578 578 577 576 575 574 573 573 572 624 623 622 621 620 620 619 618 618 617 616 615 615 614 613 612 612 611 610 610 609 608 607 606 605 606 606 606 671 671 671 671 671 672 672 672 672 672 672 672 672 673 673 673 673 673 673 673 673 673 674 674 674 674 674 674 674 674 675 675 675 675
756 755 754 753 607 606 605 604 603 603 602 601 600 599 599 656 655 654 653 653 580 579 578 577 576 576 575 574 573 572 571 624 623 622 621 620 619 618 618 618 617 616 615 614 613 613 612 612 611 610 609 608 608 607 606 605 606 606 606 671 671 671 671 671 672 672 672 672 672 672 672 672 673 673 673 673 673 673 673 673 673 674 674 674 674 674 674 674 674 675 675 675 675
755 755 608 607 606 605 605 604 603 602 601 601 600 599 598 655 655 654 653 652 651 578 578 577 576 575 574 574 573 572 571 623 622 621 621 620 619 618 617 617 617 616 615 614 613 612 611 612 611 610 609 608 607 606 606 605 606 606 606 671 671 671 671 671 672 672 672 672 672 672 672 672 673 673 673 673 673 673 673 673 673 674 674 674 674 674 674 674 674 675 675 675 675
609 608 607 606 606 605 604 603 603 602 601 600 599 599 598 655 654 653 653 652 651 578 577 576 576 575 574 573 572 571 623 623 622 621 620 619 619 618 617 617 616 615 615 614 613 612 611 610 610 610 609 608 607 606 605 605 606 606 606 671 671 671 671 671 672 672 672 672 672 672 672 672 672 673 673 673 673 673 673 673 673 674 674 674 674 674 674 674 674 675 675 675 675
608 608 607 606 605 604 604 603 602 601 601 600 599 598 597 655 654 653 652 651 651 578 577 576 575 574 574 573 572 571 622 622 622 621 620 619 618 617 617 617 616 615 614 613 613 612 611 610 610 609 608 608 607 606 605 605 606 606 606 671 671 671 671 671 672 672 672 672 672 672 672 672 672 673 673 673 673 673 673 673 673 674 674 674 674 674 674 674 674 675 675 675 675
608 607 606 606 605 604 603 602 602 601 600 599 599 598 597 654 653 653 652 651 650 577 577 576 575 574 573 572 572 571 622 622 621 620 620 619 618 617 616 616 616 615 614 613 612 611 611 610 610 609 608 607 606 606 605 605 606 606 606 671 671 671 671 671 672 672 672 672 672 672 672 672 672 673 673 673 673 673 673 673 673 674 674 674 674 674 674 674 674 674 675 675 675
607 607 606 605 604 604 603 602 601 600 600 599 598 597 597 654 653 652 651 651 650 649 576 575 574 574 573 572 571 570 622 622 621 620 619 618 618 617 616 615 615 614 614 613 612 611 610 609 609 609 608 607 606 605 605 605 606 606 606 671 671 671 671 671 671 672 672 672 672 672 672 672 672 673 673 673 673 673 673 673 673 674 674 674 674 674 674 674 674 674 675 675 675
607 606 605 605 604 603 602 601 601 600 599 598 598 597 596 653 652 652 651 650 649 648 576 575 574 573 572 572 571 570 621 621 621 620 619 618 617 616 616 615 615 614 613 612 612 611 610 609 609 608 607 607 606 605 605 605 606 606 606 671 671 671 671 671 671 672 672 672 672 672 672 672 672 673 673 673 673 673 673 673 673 673 674 674 674 674 674 674 674 674 675 675 670
606 606 605 604 603 603 602 601 600 599 599 598 597 596 596 653 652 651 650 650 649 648 575 574 574 573 572 571 570 570 621 621 620 619 619 618 617 616 615 614 615 614 613 612 611 610 610 609 609 608 607 606 605 605 605 605 605 606 606 671 671 671 671 671 671 672 672 672 672 672 672 672 672 673 673 673 673 673 673 673 673 673 674 674 674 674 674 674 674 674 675 670 670
606 605 604 603 603 602 601 601 600 599 598 597 597 596 595 652 652 651 650 649 648 648 647 574 573 572 572 571 570 569 620 620 620 619 618 617 616 616 615 614 614 613 613 612 611 610 609 608 608 608 607 606 605 605 605 605 605 606 606 671 671 671 671 671 671 672 672 672 672 672 672 672 672 673 673 673 673 673 673 673 673 673 674 674 674 674 674 674 674 674 670 670 670
605 604 604 603 602 601 601 600 599 598 598 597 596 595 595 652 651 650 650 649 648 647 646 574 573 572 571 570 570 621 620 619 619 619 618 617 616 615 614 614 614 613 612 611 610 610 609 608 608 607 606 606 605 605 605 605 605 606 606 671 671 671 671 671 671 672 672 672 672 672 672 672 672 672 673 673 673 673 673 673 673 673 674 674 674 674 674 674 674 669 670 670 670
605 604 603 602 602 601 600 599 599 598 597 596 596 595 594 651 651 650 649 648 648 647 646 573 572 572 571 570 569 620 620 619 619 618 617 617 616 615 614 613 613 613 612 611 610 609 608 608 607 607 606 605 605 605 605 605 605 606 606 671 671 671 671 671 671 672 672 672 672 672 672 672 672 672 673 673 673 673 673 673 673 673 674 674 674 674 674 674 669 669 669 670 670
604 603 603 602 601 600 600 599 598 597 597 596 595 594 594 651 650 649 649 648 647 646 646 573 572 571 570 570 569 620 619 618 619 618 617 616 615 614 614 613 613 612 611 611 610 609 608 607 606 607 606 605 605 605 605 605 605 606 606 671 671 671 671 671 671 671 672 672 672 672 672 672 672 672 673 673 673 673 673 673 673 673 674 674 674 674 674 669 669 669 669 670 670
603 603 602 601 601 600 599 598 598 597 596 595 595 594 593 650 650 649 648 647 647 646 645 644 571 571 570 569 568 620 619 618 618 617 617 616 615 614 613 612 612 612 611 610 609 609 608 607 606 606 605 605 605 605 605 605 605 606 606 671 671 671 671 671 671 671 672 672 672 672 672 672 672 672 673 673 673 673 673 673 673 673 673 674 674 674 669 669 669 669 669 670 670
603 602 601 601 600 599 599 598 597 596 596 595 594 593 593 650 649 648 648 647 646 645 645 644 571 570 569 569 568 619 618 617 618 617 616 615 614 614 613 612 611 611 611 610 609 608 607 607 606 606 605 605 605 605 605 605 605 605 606 671 671 671 671 671 671 671 672 672 672 672 672 672 672 672 673 673 673 673 673 673 673 673 673 674 674 669 669 669 669 669 669 670 670
602 602 601 600 599 599 598 597 597 596 595 594 594 593 592 649 649 648 647 646 646 645 644 643 571 570 569 568 567 619 618 617 617 616 616 615 614 613 612 612 611 611 610 609 609 608 607 606 605 605 605 605 605 605 605 605 605 605 606 671 671 671 671 671 671 671 672 672 672 672 672 672 672 672 672 673 673 673 673 673 673 673 673 674 669 669 669 669 669 669 669 670 670
602 601 600 600 599 598 598 597 596 595 595 594 593 592 592 649 648 647 647 646 645 644 644 643 642 569 569 568 567 618 617 617 616 616 615 614 614 613 612 611 610 611 610 609 608 607 607 606 605 605 605 605 605 605 605 605 605 605 606 671 671 671 671 671 671 671 672 672 672 672 672 672 672 672 672 673 673 673 673 673 673 673 673 674 669 669 669 669 669 669 669 669 670
601 600 600 599 598 598 597 596 596 595 594 593 593 592 591 648 648 647 646 645 645 644 643 642 642 569 568 567 619 618 617 616 615 616 615 614 613 612 612 611 610 610 609 609 608 607 606 605 605 604 605 605 605 605 605 605 605 605 606 671 671 671 671 671 671 671 671 672 672 672 672 672 672 672 672 673 673 673 673 673 673 673 673 669 669 669 669 669 669 669 669 669 924
620 600 599 598 598 597 596 596 595 594 594 593 592 591 591 648 647 646 646 645 644 643 643 642 641 568 568 567 618 617 616 616 615 615 614 614 613 612 611 610 610 610 609 608 607 607 606 605 604 604 605 605 605 605 605 605 605 605 606 671 671 671 671 671 671 671 671 672 672 672 672 672 672 672 672 673 673 673 673 673 673 673 668 668 669 669 669 669 669 669 923 923 924
633 618 599 598 597 596 596 595 594 594 593 592 592 591 590 647 647 646 645 644 644 643 642 641 641 568 567 566 618 617 616 615 614 615 614 613 612 612 611 610 609 608 609 608 607 606 605 605 604 604 605 605 605 605 605 605 605 605 606 671 671 671 671 671 671 671 671 672 672 672 672 672 672 672 672 673 673 673 673 673 673 668 668 668 669 669 669 669 669 923 923 923 924
641 631 616 597 597 596 595 595 594 593 592 592 591 590 590 647 646 645 645 644 643 642 642 641 640 639 567 566 617 616 616 615 614 614 613 613 612 611 610 610 609 608 608 607 607 606 605 604 604 604 605 605 605 605 605 605 605 605 605 671 671 671 671 671 671 671 671 672 672 672 672 672 672 672 672 672 673 673 673 673 668 668 668 668 669 669 669 923 923 923 923 923 923
649 640 629 615 596 595 595 594 593 593 592 591 590 590 589 646 646 645 644 643 643 642 641 640 640 639 566 565 617 616 615 614 614 613 613 612 611 611 610 609 608 607 608 607 606 605 604 604 604 604 605 605 605 605 605 605 605 605 605 671 671 671 671 671 671 671 671 672 672 672 672 672 672 672 672 672 673 673 673 668 668 668 668 668 669 923 923 923 923 923 923 923 923
655 647 638 626 613 595 594 593 593 592 591 591 590 589 588 646 645 644 644 643 642 641 641 640 639 638 566 565 616 615 615 614 613 612 612 612 611 610 609 609 608 607 607 606 606 605 604 604 604 604 604 605 605 605 605 605 605 605 605 671 671 671 671 671 671 671 671 671 672 672 672 672 672 672 672 672 673 673 668 668 668 668 668 668 922 923 923 923 923 923 923 923 923
659 653 645 635 623 612 593 593 592 591 591 590 589 589 588 645 644 644 643 642 642 641 640 639 639 638 637 564 616 615 614 613 613 612 612 611 610 610 609 608 607 607 607 606 605 604 604 604 604 604 604 605 605 605 605 605 605 605 605 671 671 671 671 671 671 671 671 671 672 672 672 672 672 672 672 672 673 668 668 668 668 668 922 922 922 923 923 923 923 923 923 923 923
665 658 650 643 633 619 593 592 591 591 590 589 589 588 587 587 644 643 642 642 641 640 640 639 638 637 637 564 615 614 614 613 612 611 612 611 610 609 608 608 607 606 605 606 605 604 604 604 604 604 604 605 605 605 605 605 605 605 605 670 671 671 671 671 671 671 671 671 672 672 672 672 672 672 672 672 667 668 668 668 668 922 922 922 922 923 923 923 923 923 923 923 923
669 662 656 649 641 630 615 592 591 590 590 589 588 587 587 586 643 643 642 641 640 640 639 638 638 637 636 615 615 614 613 612 612 611 611 610 610 609 608 607 606 606 605 605 604 604 604 604 604 604 604 605 605 605 605 605 605 605 605 670 671 671 671 671 671 671 671 671 672 672 672 672 672 672 672 667 667 668 668 922 922 922 922 922 922 923 923 923 923 923 923 923 923
672 667 661 655 646 637 627 610 590 590 589 588 588 587 586 585 643 642 641 641 640 639 638 638 637 636 636 615 614 613 613 612 611 610 610 610 609 608 607 607 606 605 604 605 604 604 604 604 604 604 604 605 605 605 605 605 605 605 605 670 671 671 671 671 671 671 671 671 671 672 672 672 672 672 667 667 667 668 922 922 922 922 922 922 922 922 923 923 923 923 923 923 923
676 671 666 659 651 644 634 622 608 589 588 588 587 586 586 585 642 641 641 640 639 639 638 637 636 636 635 686 614 613 612 611 611 610 609 609 609 608 607 606 605 605 604 604 604 604 604 604 604 604 604 604 605 605 605 605 605 605 605 670 671 671 671 671 671 671 671 671 671 672 672 672 672 667 667 667 921 922 922 922 922 922 922 922 922 922 923 923 923 923 923 923 923
679 675 669 663 657 649 641 631 618 588 588 587 586 586 585 584 642 641 640 639 639 638 637 637 636 635 634 686 613 612 612 611 610 609 609 609 608 607 607 606 605 604 603 604 604 604 604 604 604 604 604 604 605 605 605 605 605 605 670 670 671 671 671 671 671 671 671 671 671 672 672 672 667 667 667 921 921 921 922 922 922 922 922 922 922 922 923 923 923 923 923 923 923
682 678 672 667 661 654 647 638 627 613 587 586 586 585 584 584 641 640 640 639 638 638 637 636 635 635 634 685 612 612 611 610 610 609 608 608 608 607 606 605 605 604 603 603 604 604 604 604 604 604 604 604 605 605 605 605 605 605 605 670 670 671 671 671 671 671 671 671 671 672 667 667 667 921 921 921 921 921 922 922 922 922 922 922 922 922 923 923 923 923 923 923 923
686 681 676 671 664 659 651 643 634 623 605 586 585 584 584 583 640 640 639 638 638 637 636 636 635 634 633 685 612 611 610 610 609 608 608 608 607 606 606 605 604 603 603 603 604 604 604 604 604 604 604 604 605 605 605 605 605 605 605 670 670 671 671 671 671 671 671 671 671 666 667 667 921 921 921 921 921 921 922 922 922 922 922 922 922 922 922 923 923 923 923 923 923
688 684 679 674 669 662 655 649 640 630 618 603 585 584 583 583 640 639 638 638 637 636 636 635 634 634 633 684 683 611 610 609 608 608 607 606 607 606 605 604 604 603 603 603 604 604 604 604 604 604 604 604 604 605 605 605 605 605 605 670 670 671 671 671 671 671 671 671 666 666 921 921 921 921 921 921 921 921 922 922 922 922 922 922 922 922 922 923 923 923 923 923 923
691 687 682 677 672 666 660 653 645 637 626 612 584 583 583 582 639 639 638 637 636 636 635 634 634 633 632 684 683 610 609 609 608 607 606 606 606 605 604 604 603 603 603 603 604 604 604 604 604 604 604 604 604 605 605 605 605 605 605 670 670 670 671 671 671 671 671 666 666 920 921 921 921 921 921 921 921 921 921 922 922 922 922 922 922 922 922 923 923 923 923 923 923
694 689 685 680 674 670 663 656 650 642 633 621 604 583 582 581 639 638 637 637 636 635 635 634 633 632 684 683 682 610 609 608 607 607 606 605 605 605 604 603 603 603 603 603 603 604 604 604 604 604 604 604 604 605 605 605 605 605 605 670 670 670 671 671 671 671 666 666 920 920 921 921 921 921 921 921 921 921 921 922 922 922 922 922 922 922 922 922 923 923 923 923 923
696 692 688 682 678 672 666 661 654 647 638 628 616 600 581 581 638 637 637 636 635 635 634 633 633 632 683 682 682 609 608 608 607 606 605 605 605 604 603 603 603 603 603 603 603 604 604 604 604 604 604 604 604 605 605 605 605 605 605 670 670 670 671 671 671 666 920 920 920 920 920 921 921 921 921 921 921 921 921 922 922 922 922 922 922 922 922 922 923 923 923 923 923
698 694 690 686 681 675 670 664 658 651 643 634 623 608 581 580 637 637 636 635 635 634 633 633 632 631 683 682 681 608 608 607 606 606 605 604 603 604 603 603 603 603 603 603 603 604 604 604 604 604 604 604 604 604 605 605 605 605 605 670 670 670 671 671 666 920 920 920 920 920 920 921 921 921 921 921 921 921 921 921 922 922 922 922 922 922 922 922 923 923 923 923 923
701 696 693 688 683 679 673 668 661 654 648 639 629 618 600 579 637 636 635 635 634 633 633 632 631 631 682 681 681 680 607 606 606 605 604 604 603 603 603 603 603 603 603 603 603 604 604 604 604 604 604 604 604 604 605 605 605 605 605 670 670 670 670 666 920 920 920 920 920 920 920 921 921 921 921 921 921 921 921 921 922 922 922 922 922 922 922 922 922 923 923 923 923
702 698 695 690 686 681 675 671 664 659 651 643 635 624 611 597 578 635 635 634 633 633 632 631 631 630 681 681 680 679 607 606 605 604 604 603 602 603 603 603 603 603 603 603 603 603 604 604 604 604 604 604 604 604 605 605 605 605 605 670 670 670 919 920 920 920 920 920 920 920 920 920 921 921 921 921 921 921 921 921 922 922 922 922 922 922 922 922 922 923 923 923 923
704 701 696 693 688 683 679 673 668 662 655 648 640 630 619 603 578 635 634 634 633 632 632 631 630 629 681 680 679 679 606 605 605 604 603 602 602 603 603 603 603 603 603 603 603 603 604 604 604 604 604 604 604 604 604 605 605 605 605 670 670 919 919 920 920 920 920 920 920 920 920 920 921 921 921 921 921 921 921 921 921 922 922 922 922 922 922 922 922 923 923 923 923
707 703 698 695 690 686 681 676 671 664 659 651 644 636 625 613 595 634 634 633 632 632 631 630 630 629 680 680 679 678 605 605 604 603 603 602 602 602 603 603 603 603 603 603 603 603 604 604 604 604 604 604 604 604 604 605 605 605 605 670 919 919 919 919 920 920 920 920 920 920 920 920 921 921 921 921 921 921 921 921 921 922 922 922 922 922 922 922 922 922 923 923 923
708 704 701 696 693 688 683 679 673 668 661 655 648 640 631 620 605 634 633 632 632 631 630 630 629 628 680 679 678 678 677 604 603 603 602 602 602 602 603 603 603 603 603 603 603 603 603 604 604 604 604 604 604 604 604 605 605 605 859 919 919 919 919 919 920 920 920 920 920 920 920 920 920 921 921 921 921 921 921 921 921 922 922 922 922 922 922 922 922 922 923 923 923
