testData/tiles/oneDegree/grid0.0-29.0-1.0-30.0.asc
ncols   200
nrows   200
xllcorner   0.0
yllcorner   29.0
cellsize   0.005
NODATA_value   -9999.0
[rows 84 to 125 of 200, columns 94 to 187 of 200]
430 431 431 431 431 431 431 431 431 431 431 431 431 431 431 431 431 431 431 431 431 431 431 431 431 431 431 431 431 431 431 431 430 430 430 430 430 430 430 430 430 430 430 430 430 430 430 430 430 430 430 430 430 430 430 430 430 430 430 430 430 430 430 429 429 429 429 429 434 434 434 434 434 434 434 434 434 435 436 436 436 437 438 438 439 440 440 441 442 442 443 444 585 584
430 430 430 430 430 430 430 430 430 430 430 430 430 430 430 430 430 430 430 430 430 430 430 430 430 430 430 430 430 430 430 430 430 430 430 430 430 430 430 430 430 430 430 430 430 430 430 430 430 430 430 430 430 430 430 430 430 429 429 429 429 429 429 429 429 429 429 429 429 434 434 434 434 434 434 434 433 434 435 435 436 437 437 438 439 439 440 441 442 442 442 443 583 584
430 430 430 430 430 430 430 430 430 430 430 430 430 430 430 430 430 430 430 430 430 430 430 430 430 430 430 430 430 430 430 430 430 430 430 430 430 430 430 430 430 430 430 430 430 430 430 430 430 430 429 429 429 429 429 429 429 429 429 429 429 429 429 429 429 429 429 429 429 434 434 434 433 433 433 433 433 434 434 435 436 436 437 438 439 439 440 440 440 441 442 443 583 584
430 430 430 430 430 430 430 430 430 430 430 430 430 430 430 430 430 430 430 430 430 430 430 430 430 430 430 430 430 430 430 430 430 430 430 430 430 430 430 430 430 430 429 429 429 429 429 429 429 429 429 429 429 429 429 429 429 429 429 429 429 429 429 429 429 429 429 428 428 433 433 433 433 433 433 433 433 434 434 435 436 436 437 437 437 438 439 440 440 441 442 442 583 584
429 429 429 429 429 430 430 430 430 430 430 430 430 430 430 430 430 430 430 430 430 430 430 430 430 430 430 430 429 429 429 429 429 429 429 429 429 429 429 429 429 429 429 429 429 429 429 429 429 429 429 429 429 429 429 429 429 429 429 429 429 428 428 428 428 428 428 428 428 433 433 433 433 433 433 433 433 433 434 434 434 435 436 437 437 438 439 439 440 441 441 442 582 583
429 429 429 429 429 429 429 429 429 429 429 429 429 429 429 429 429 429 429 429 429 429 429 429 429 429 429 429 429 429 429 429 429 429 429 429 429 429 429 429 429 429 429 429 429 429 429 429 429 429 429 429 429 429 429 428 428 428 428 428 428 428 428 428 428 428 428 428 428 433 433 433 433 433 433 432 432 432 433 434 434 435 436 436 437 438 438 439 440 440 440 441 582 582
429 429 429 429 429 429 429 429 429 429 429 429 429 429 429 429 429 429 429 429 429 429 429 429 429 429 429 429 429 429 429 429 429 429 429 429 429 429 429 429 429 429 429 429 429 429 429 429 428 428 428 428 428 428 428 428 428 428 428 428 428 428 428 428 428 428 428 428 428 428 432 432 432 432 432 432 432 432 433 433 434 435 436 436 437 437 437 438 439 439 440 441 581 582
429 429 429 429 429 429 429 429 429 429 429 429 429 429 429 429 429 429 429 429 429 429 429 429 429 429 429 429 429 429 429 429 429 429 429 429 429 429 428 428 428 428 428 428 428 428 428 428 428 428 428 428 428 428 428 428 428 428 428 428 428 428 428 428 428 427 427 427 427 427 432 432 432 432 432 432 432 432 433 433 434 435 434 435 436 436 437 438 439 439 440 441 581 582
428 428 428 428 428 428 428 428 428 428 428 428 428 428 428 428 428 428 428 428 428 428 428 428 428 428 428 428 428 428 428 428 428 428 428 428 428 428 428 428 428 428 428 428 428 428 428 428 428 428 428 428 428 428 428 428 428 428 428 427 427 427 427 427 427 427 427 427 427 427 432 432 432 432 432 432 432 431 431 432 433 433 434 435 436 436 437 438 438 439 440 439 580 581
428 428 428 428 428 428 428 428 428 428 428 428 428 428 428 428 428 428 428 428 428 428 428 428 428 428 428 428 428 428 428 428 428 428 428 428 428 428 428 428 428 428 428 428 428 428 428 428 428 428 428 428 428 427 427 427 427 427 427 427 427 427 427 427 427 427 427 427 427 427 432 432 432 431 431 431 431 431 431 432 433 433 434 435 435 436 437 437 437 438 439 439 580 581
428 428 428 428 428 428 428 428 428 428 428 428 428 428 428 428 428 428 428 428 428 428 428 428 428 428 428 428 428 428 428 428 428 428 428 428 428 428 428 428 428 428 428 428 428 427 427 427 427 427 427 427 427 427 427 427 427 427 427 427 427 427 427 427 427 427 427 427 426 426 426 431 431 431 431 431 431 431 431 432 432 433 434 434 434 435 436 436 437 438 438 439 580 580
428 428 428 428 428 428 428 428 428 428 428 428 428 428 428 428 428 428 428 428 428 428 428 428 428 428 428 428 428 428 428 428 428 427 427 427 427 427 427 427 427 427 427 427 427 427 427 427 427 427 427 427 427 427 427 427 427 427 427 427 427 427 427 426 426 426 426 426 426 426 426 431 431 431 431 431 431 431 431 431 431 432 433 433 434 435 435 436 437 437 438 439 580 579
427 427 427 427 427 427 427 427 427 427 427 427 427 427 427 427 427 427 427 427 427 427 427 427 427 427 427 427 427 427 427 427 427 427 427 427 427 427 427 427 427 427 427 427 427 427 427 427 427 427 427 427 427 427 427 427 427 426 426 426 426 426 426 426 426 426 426 426 426 426 426 431 431 431 431 431 430 430 430 430 431 432 432 433 434 434 435 436 437 437 437 438 578 579
427 427 427 427 427 427 427 427 427 427 427 427 427 427 427 427 427 427 427 427 427 427 427 427 427 427 427 427 427 427 427 427 427 427 427 427 427 427 427 427 427 427 427 427 427 427 427 427 427 427 426 426 426 426 426 426 426 426 426 426 426 426 426 426 426 426 426 426 426 426 426 430 430 430 430 430 430 430 430 430 431 432 432 433 434 434 434 435 435 436 437 437 578 579
427 427 427 427 427 427 427 427 427 427 427 427 427 427 427 427 427 427 427 427 427 427 427 427 427 427 427 427 427 427 427 427 427 427 427 427 427 427 427 427 426 426 426 426 426 426 426 426 426 426 426 426 426 426 426 426 426 426 426 426 426 426 426 426 426 426 425 425 425 425 425 425 430 430 430 430 430 430 430 430 431 431 431 432 432 433 434 434 435 436 437 437 578 579
426 426 426 426 426 426 426 426 426 426 427 427 427 427 427 427 427 427 427 427 427 427 427 426 426 426 426 426 426 426 426 426 426 426 426 426 426 426 426 426 426 426 426 426 426 426 426 426 426 426 426 426 426 426 426 426 426 426 426 426 425 425 425 425 425 425 425 425 425 425 425 425 430 430 430 430 430 430 429 429 429 430 431 432 432 433 434 434 435 436 436 436 577 577
426 426 426 426 426 426 426 426 426 426 426 426 426 426 426 426 426 426 426 426 426 426 426 426 426 426 426 426 426 426 426 426 426 426 426 426 426 426 426 426 426 426 426 426 426 426 426 426 426 426 426 426 426 426 425 425 425 425 425 425 425 425 425 425 425 425 425 425 425 425 425 425 430 429 429 429 429 429 429 429 429 430 431 431 432 433 433 434 434 434 435 436 577 577
426 426 426 426 426 426 426 426 426 426 426 426 426 426 426 426 426 426 426 426 426 426 426 426 426 426 426 426 426 426 426 426 426 426 426 426 426 426 426 426 426 426 426 426 426 425 425 425 425 425 425 425 425 425 425 425 425 425 425 425 425 425 425 425 425 425 425 425 424 424 424 424 424 429 429 429 429 429 429 429 429 430 430 431 431 431 432 433 434 434 435 436 576 577
426 426 426 426 426 426 426 426 426 426 426 426 426 426 426 426 426 426 426 426 426 426 426 426 426 426 426 426 426 426 426 426 426 426 425 425 425 425 425 425 425 425 425 425 425 425 425 425 425 425 425 425 425 425 425 425 425 425 425 425 425 425 425 424 424 424 424 424 424 424 424 424 424 429 429 429 429 429 429 429 428 429 429 430 431 431 432 433 433 434 435 435 576 576
425 425 425 425 425 425 425 425 425 425 425 425 425 425 425 425 425 425 425 425 425 425 425 425 425 425 425 425 425 425 425 425 425 425 425 425 425 425 425 425 425 425 425 425 425 425 425 425 425 425 425 425 425 425 425 425 425 424 424 424 424 424 424 424 424 424 424 424 424 424 424 424 424 429 429 428 428 428 428 428 428 428 429 430 430 431 432 432 433 433 434 434 575 576
425 425 425 425 425 425 425 425 425 425 425 425 425 425 425 425 425 425 425 425 425 425 425 425 425 425 425 425 425 425 425 425 425 425 425 425 425 425 425 425 425 425 425 425 425 425 425 425 425 424 424 424 424 424 424 424 424 424 424 424 424 424 424 424 424 424 424 424 424 424 423 423 423 428 428 428 428 428 428 428 428 428 429 429 430 430 431 431 432 433 433 434 575 575
425 425 425 425 425 425 425 425 425 425 425 425 425 425 425 425 425 425 425 425 425 425 425 425 425 425 425 425 425 425 425 425 425 425 425 425 425 425 425 425 424 424 424 424 424 424 424 424 424 424 424 424 424 424 424 424 424 424 424 424 424 424 424 424 424 423 423 423 423 423 423 423 423 423 428 428 428 428 428 428 428 427 428 428 429 430 430 431 432 432 433 434 574 575
424 424 424 424 424 424 424 424 424 424 424 424 424 424 424 424 424 424 424 424 424 424 424 424 424 424 424 424 424 424 424 424 424 424 424 424 424 424 424 424 424 424 424 424 424 424 424 424 424 424 424 424 424 424 424 424 424 424 424 423 423 423 423 423 423 423 423 423 423 423 423 423 423 423 428 428 428 427 427 427 427 427 427 428 429 429 430 431 431 432 432 433 573 574
424 424 424 424 424 424 424 424 424 424 424 424 424 424 424 424 424 424 424 424 424 424 424 424 424 424 424 424 424 424 424 424 424 424 424 424 424 424 424 424 424 424 424 424 424 424 424 424 424 424 424 424 423 423 423 423 423 423 423 423 423 423 423 423 423 423 423 423 423 423 423 423 422 422 427 427 427 427 427 427 427 427 427 428 429 429 430 430 430 431 432 432 573 574
424 424 424 424 424 424 424 424 424 424 424 424 424 424 424 424 424 424 424 424 424 424 424 424 424 424 424 424 424 424 424 424 424 424 424 424 424 424 424 424 424 424 424 423 423 423 423 423 423 423 423 423 423 423 423 423 423 423 423 423 423 423 423 423 423 423 423 422 422 422 422 422 422 422 422 427 427 427 427 427 427 427 427 427 427 428 429 429 430 431 431 432 573 573
423 423 423 424 424 424 424 424 424 424 424 424 424 424 424 424 424 424 424 424 424 424 424 424 424 424 424 424 424 424 423 423 423 423 423 423 423 423 423 423 423 423 423 423 423 423 423 423 423 423 423 423 423 423 423 423 423 423 423 423 423 422 422 422 422 422 422 422 422 422 422 422 422 422 422 427 427 427 426 426 426 426 426 426 427 428 428 429 430 430 431 431 572 572
423 423 423 423 423 423 423 423 423 423 423 423 423 423 423 423 423 423 423 423 423 423 423 423 423 423 423 423 423 423 423 423 423 423 423 423 423 423 423 423 423 423 423 423 423 423 423 423 423 423 423 423 423 423 423 422 422 422 422 422 422 422 422 422 422 422 422 422 422 422 422 422 422 422 421 426 426 426 426 426 426 426 426 426 427 428 428 429 429 429 430 431 571 572
423 423 423 423 423 423 423 423 423 423 423 423 423 423 423 423 423 423 423 423 423 423 423 423 423 423 423 423 423 423 423 423 423 423 423 423 423 423 423 423 423 423 423 423 423 423 422 422 422 422 422 422 422 422 422 422 422 422 422 422 422 422 422 422 422 422 422 422 422 421 421 421 421 421 421 421 426 426 426 426 426 426 426 426 426 426 427 428 428 429 430 430 571 572
423 423 423 423 423 423 423 423 423 423 423 423 423 423 423 423 423 423 423 423 423 423 423 423 423 423 423 423 423 423 423 423 423 423 423 422 422 422 422 422 422 422 422 422 422 422 422 422 422 422 422 422 422 422 422 422 422 422 422 422 422 422 422 421 421 421 421 421 421 421 421 421 421 421 421 421 426 426 426 425 425 425 425 425 425 426 427 427 428 429 429 430 570 570
422 422 422 422 422 422 422 422 422 422 422 422 422 422 422 422 422 422 422 422 422 422 422 422 422 422 422 422 422 422 422 422 422 422 422 422 422 422 422 422 422 422 422 422 422 422 422 422 422 422 422 422 422 422 422 422 422 421 421 421 421 421 421 421 421 421 421 421 421 421 421 421 421 421 421 420 425 425 425 425 425 425 425 425 425 426 426 427 428 428 428 429 430 570
422 422 422 422 422 422 422 422 422 422 422 422 422 422 422 422 422 422 422 422 422 422 422 422 422 422 422 422 422 422 422 422 422 422 422 422 422 422 422 422 422 422 422 422 422 422 422 422 422 421 421 421 421 421 421 421 421 421 421 421 421 421 421 421 421 421 421 421 421 421 420 420 420 420 420 420 420 425 425 425 425 425 425 425 425 425 425 426 427 427 428 429 429 570
422 422 422 422 422 422 422 422 422 422 422 422 422 422 422 422 422 422 422 422 422 422 422 422 422 422 422 422 422 422 422 422 422 422 422 422 422 422 421 421 421 421 421 421 421 421 421 421 421 421 421 421 421 421 421 421 421 421 421 421 421 421 421 421 420 420 420 420 420 420 420 420 420 420 420 420 420 425 425 425 424 424 424 424 424 424 425 426 426 427 428 428 429 569
421 421 421 421 421 421 421 421 421 421 421 421 421 421 421 421 421 421 421 421 421 421 421 421 421 421 421 421 421 421 421 421 421 421 421 421 421 421 421 421 421 421 421 421 421 421 421 421 421 421 421 421 421 421 421 421 421 421 420 420 420 420 420 420 420 420 420 420 420 420 420 420 420 420 420 420 419 424 424 424 424 424 424 424 424 424 425 425 426 426 426 427 428 568
421 421 421 421 421 421 421 421 421 421 421 421 421 421 421 421 421 421 421 421 421 421 421 421 421 421 421 421 421 421 421 421 421 421 421 421 421 421 421 421 421 421 421 421 421 421 421 421 421 421 420 420 420 420 420 420 420 420 420 420 420 420 420 420 420 420 420 420 420 420 420 419 419 419 419 419 419 419 424 424 424 424 424 424 424 423 424 424 425 426 426 427 428 568
421 421 421 421 421 421 421 421 421 421 421 421 421 421 421 421 421 421 421 421 421 421 421 421 421 421 421 421 421 421 421 421 421 421 421 421 421 421 421 421 421 420 420 420 420 420 420 420 420 420 420 420 420 420 420 420 420 420 420 420 420 420 420 420 420 419 419 419 419 419 419 419 419 419 419 419 419 419 424 424 424 423 423 423 423 423 423 424 425 425 426 427 427 568
420 420 420 420 420 420 420 420 420 420 420 420 421 421 421 421 421 421 421 421 421 420 420 420 420 420 420 420 420 420 420 420 420 420 420 420 420 420 420 420 420 420 420 420 420 420 420 420 420 420 420 420 420 420 420 420 420 420 420 419 419 419 419 419 419 419 419 419 419 419 419 419 419 419 419 419 418 418 423 423 423 423 423 423 423 423 423 424 424 425 425 425 426 567
420 420 420 420 420 420 420 420 420 420 420 420 420 420 420 420 420 420 420 420 420 420 420 420 420 420 420 420 420 420 420 420 420 420 420 420 420 420 420 420 420 420 420 420 420 420 420 420 420 420 420 420 419 419 419 419 419 419 419 419 419 419 419 419 419 419 419 419 419 419 419 418 418 418 418 418 418 418 418 423 423 423 423 423 423 423 422 422 423 424 424 425 426 566
420 420 420 420 420 420 420 420 420 420 420 420 420 420 420 420 420 420 420 420 420 420 420 420 420 420 420 420 420 420 420 420 420 420 420 420 420 420 420 420 420 420 419 419 419 419 419 419 419 419 419 419 419 419 419 419 419 419 419 419 419 419 419 419 419 419 418 418 418 418 418 418 418 418 418 418 418 418 418 423 423 422 422 422 422 422 422 422 423 424 424 425 426 566
419 419 419 419 419 419 419 420 420 420 420 420 420 420 420 420 420 420 420 420 420 420 420 420 420 420 419 419 419 419 419 419 419 419 419 419 419 419 419 419 419 419 419 419 419 419 419 419 419 419 419 419 419 419 419 419 419 419 419 419 418 418 418 418 418 418 418 418 418 418 418 418 418 418 418 418 418 417 417 422 422 422 422 422 422 422 422 422 423 423 423 424 424 565
419 419 419 419 419 419 419 419 419 419 419 419 419 419 419 419 419 419 419 419 419 419 419 419 419 419 419 419 419 419 419 419 419 419 419 419 419 419 419 419 419 419 419 419 419 419 419 419 419 419 419 419 418 418 418 418 418 418 418 418 418 418 418 418 418 418 418 418 418 418 418 418 417 417 417 417 417 417 417 417 422 422 422 422 422 422 421 421 421 422 423 423 424 565
419 419 419 419 419 419 419 419 419 419 419 419 419 419 419 419 419 419 419 419 419 419 419 419 419 419 419 419 419 419 419 419 419 419 419 419 419 419 419 419 419 419 419 418 418 418 418 418 418 418 418 418 418 418 418 418 418 418 418 418 418 418 418 418 418 418 417 417 417 417 417 417 417 417 417 417 417 417 417 417 422 422 421 421 421 421 421 421 421 422 422 423 424 564
418 418 418 418 418 419 419 419 419 419 419 419 419 419 419 419 419 419 419 419 419 419 419 419 419 419 419 419 418 418 418 418 418 418 418 418 418 418 418 418 418 418 418 418 418 418 418 418 418 418 418 418 418 418 418 418 418 418 418 418 417 417 417 417 417 417 417 417 417 417 417 417 417 417 417 417 417 416 416 416 416 421 421 421 421 421 421 421 421 421 421 422 422 563
