testData/tiles/oneDegree/grid22.0-7.0-23.0-8.0.asc
ncols   200
nrows   200
xllcorner   22.0
yllcorner   7.0
cellsize   0.005
NODATA_value   -9999.0
[rows 126 to 167 of 200, columns 94 to 187 of 200]
277 276 275 275 274 273 273 272 271 271 270 269 269 268 267 266 266 265 264 263 263 262 261 260 259 258 258 257 256 255 255 255 255 255 255 255 255 255 257 258 259 260 261 261 262 263 263 264 264 264 265 265 266 266 266 267 267 267 268 268 268 268 269 269 269 200 201 201 201 201 202 202 202 202 203 203 203 203 203 204 204 204 204 204 205 205 205 205 205 205 206 206 206 206
276 275 275 274 273 273 272 271 271 270 269 268 268 267 266 266 265 264 263 263 262 261 260 259 258 258 257 256 255 255 255 255 255 255 255 255 255 255 255 256 258 259 260 261 261 262 262 263 263 264 264 265 265 265 266 266 266 267 267 267 268 268 268 269 200 200 200 201 201 201 201 202 202 202 202 202 203 203 203 203 203 204 204 204 204 204 205 205 205 205 205 206 206 206
275 274 274 273 272 272 271 270 270 269 268 268 267 266 266 265 264 263 262 262 261 260 259 258 257 257 256 255 255 255 255 255 255 255 255 255 255 255 255 255 255 257 258 259 260 261 262 262 263 263 264 264 264 265 265 266 266 266 267 267 267 268 268 199 199 200 200 200 200 201 201 201 201 202 202 202 202 203 203 203 203 203 204 204 204 204 204 205 205 205 205 205 205 206
274 274 273 272 272 271 270 270 269 268 268 267 266 265 265 264 263 262 262 261 260 259 258 257 257 256 255 255 255 255 255 255 255 255 255 255 255 255 255 255 255 255 256 258 259 260 261 261 262 262 263 263 264 264 265 265 265 266 266 266 267 267 198 199 199 199 199 200 200 200 201 201 201 201 201 202 202 202 202 203 203 203 203 203 204 204 204 204 204 205 205 205 205 205
274 273 272 272 271 270 270 269 268 268 267 266 265 265 264 263 262 262 261 260 259 258 257 256 256 255 255 255 255 255 255 255 255 255 255 255 255 255 255 255 255 255 255 256 257 259 259 260 261 262 262 263 263 264 264 264 265 265 266 266 266 198 198 198 198 199 199 199 200 200 200 200 201 201 201 201 202 202 202 202 202 203 203 203 203 203 204 204 204 204 204 205 205 205
273 272 272 271 270 269 269 268 267 267 266 265 265 264 263 262 261 261 260 259 258 257 256 256 255 255 255 255 255 255 255 255 255 255 255 255 255 255 255 255 255 255 255 255 255 257 258 259 260 261 261 262 262 263 263 264 264 265 265 265 197 197 197 198 198 198 199 199 199 199 200 200 200 200 201 201 201 201 202 202 202 202 203 203 203 203 203 204 204 204 204 204 204 205
272 271 271 270 269 269 268 267 267 266 265 264 264 263 262 261 261 260 259 258 257 256 255 255 255 255 255 255 255 255 255 255 255 255 255 255 255 255 255 255 255 255 255 255 255 255 256 257 259 259 260 261 262 262 263 263 264 264 264 196 196 196 197 197 197 198 198 198 199 199 199 200 200 200 200 201 201 201 201 201 202 202 202 202 203 203 203 203 203 204 204 204 204 204
271 271 270 269 269 268 267 266 266 265 264 264 263 262 261 260 260 259 258 257 256 255 255 255 255 255 255 255 255 255 255 255 255 255 255 255 255 255 255 255 255 255 255 255 255 255 255 255 257 258 259 260 261 261 262 262 263 263 195 195 196 196 196 197 197 197 198 198 198 199 199 199 199 200 200 200 200 201 201 201 201 202 202 202 202 202 203 203 203 203 203 204 204 204
270 270 269 268 268 267 266 266 265 264 263 263 262 261 260 260 259 258 257 256 255 255 255 255 255 255 255 255 255 255 255 255 255 255 255 255 255 255 255 255 255 255 255 255 255 255 255 255 255 255 257 259 259 260 261 261 262 194 194 194 195 195 196 196 196 197 197 197 198 198 198 199 199 199 199 200 200 200 200 201 201 201 201 202 202 202 202 202 203 203 203 203 203 204
270 269 268 268 267 266 266 265 264 263 263 262 261 260 259 259 258 257 256 255 255 255 255 255 255 255 255 255 255 255 255 255 255 255 255 255 255 255 255 255 255 255 255 255 255 255 255 255 255 255 255 256 258 259 260 260 192 193 193 194 194 195 195 195 196 196 197 197 197 198 198 198 198 199 199 199 200 200 200 200 201 201 201 201 201 202 202 202 202 203 203 203 203 203
269 268 267 267 266 265 265 264 263 262 262 261 260 259 258 258 257 256 255 255 255 255 255 255 255 255 255 255 255 255 255 255 255 255 255 255 255 255 255 255 255 255 255 255 255 255 255 255 255 255 255 255 255 257 258 190 191 192 192 193 193 194 194 195 195 196 196 196 197 197 197 198 198 198 198 199 199 199 200 200 200 200 201 201 201 201 201 202 202 202 202 203 203 203
268 267 267 266 265 265 264 263 262 262 261 260 259 258 258 257 256 255 255 255 255 255 255 255 255 255 255 255 255 255 255 255 255 255 255 255 255 255 255 255 255 255 255 255 255 255 255 255 255 255 255 318 255 255 187 189 190 191 191 192 193 193 194 194 194 195 195 196 196 196 197 197 197 198 198 198 199 199 199 199 200 200 200 200 201 201 201 201 202 202 202 202 202 203
267 266 266 265 264 264 263 262 261 261 260 259 258 257 257 256 255 255 255 255 255 255 255 255 255 255 255 255 255 255 255 255 255 255 255 255 255 255 255 255 255 255 255 255 255 318 318 318 318 318 318 318 318 249 249 249 251 252 190 191 192 192 193 193 194 194 195 195 195 196 196 197 197 197 197 198 198 198 199 199 199 199 200 200 200 200 201 201 201 201 202 202 202 202
266 266 265 264 263 263 262 261 260 260 259 258 257 256 256 255 255 255 255 255 255 255 255 255 255 255 255 255 255 255 255 255 255 255 255 255 255 255 255 255 255 255 318 318 318 318 318 318 318 318 318 318 249 249 249 249 249 250 251 253 253 191 192 192 193 193 194 194 195 195 196 196 196 197 197 197 198 198 198 198 199 199 199 199 200 200 200 200 201 201 201 201 202 202
265 265 264 263 263 262 261 260 260 259 258 257 256 255 255 255 255 255 255 255 255 255 255 255 255 255 255 255 255 255 255 255 255 255 255 255 255 255 255 255 318 318 318 318 318 318 318 318 318 318 318 249 249 249 249 249 249 249 249 250 252 253 254 191 192 193 193 194 194 194 195 195 196 196 196 197 197 197 198 198 198 198 199 199 199 200 200 200 200 201 201 201 201 201
265 264 263 262 262 261 260 259 259 258 257 256 255 255 255 255 255 255 255 255 255 255 255 255 255 255 255 255 255 255 255 255 255 255 255 255 255 255 318 318 318 318 318 318 318 318 318 318 318 318 249 249 249 249 249 249 249 249 249 249 249 251 252 253 254 192 192 193 193 194 194 195 195 195 196 196 196 197 197 197 198 198 198 199 199 199 199 200 200 200 200 201 201 201
264 263 262 262 261 260 259 258 258 257 256 255 255 255 255 255 255 255 255 255 255 255 255 255 255 255 255 255 255 255 255 255 255 255 255 255 255 318 318 318 318 318 318 318 318 318 318 318 318 249 249 249 249 249 249 249 249 249 249 249 249 249 250 251 253 253 191 192 192 193 193 194 194 195 195 195 196 196 196 197 197 197 198 198 198 199 199 199 199 200 200 200 200 201
263 262 261 261 260 259 258 257 257 256 255 255 255 255 255 255 255 255 255 255 255 255 255 255 255 255 255 255 255 255 255 255 255 255 255 255 318 318 318 318 318 318 318 318 318 318 318 318 249 249 249 249 249 249 249 249 249 249 249 249 249 249 249 249 250 252 253 191 191 192 192 193 193 194 194 195 195 196 196 196 197 197 197 197 198 198 198 199 199 199 199 200 200 200
262 261 260 260 259 258 257 256 256 255 255 255 255 255 255 255 255 255 255 255 255 255 255 255 255 255 255 255 255 255 255 255 255 255 255 318 318 318 318 318 318 318 318 318 318 318 318 249 249 249 249 249 249 249 249 249 249 249 249 249 249 249 249 249 249 249 251 252 190 191 191 192 193 193 194 194 194 195 195 196 196 196 197 197 197 198 198 198 198 199 199 199 199 200
261 260 259 259 258 257 256 255 255 255 255 255 255 255 255 255 255 255 255 255 255 255 255 255 255 255 255 255 255 255 255 255 255 255 318 318 318 318 318 318 318 318 318 318 318 318 249 249 249 249 249 249 249 249 249 249 249 249 249 249 249 249 249 249 249 249 249 249 251 189 190 191 192 192 193 193 194 194 195 195 195 196 196 196 197 197 197 198 198 198 198 199 199 199
260 259 258 258 257 256 255 255 255 255 255 255 255 255 255 255 255 255 255 255 255 255 255 255 255 255 255 255 255 255 255 255 255 318 318 318 318 318 318 318 318 318 318 318 318 249 249 249 249 249 249 249 249 249 249 249 249 249 249 249 249 249 249 249 249 249 249 249 249 250 188 190 190 191 192 192 193 193 194 194 195 195 195 196 196 196 197 197 197 198 198 198 198 199
259 258 257 257 256 255 255 255 255 255 255 255 255 255 255 255 255 255 255 255 255 255 255 255 255 255 255 255 255 255 255 255 318 318 318 318 318 318 318 318 318 318 318 318 249 249 249 249 249 249 249 249 249 249 249 249 249 249 249 249 249 249 249 249 249 249 249 249 249 249 249 187 189 190 190 191 192 192 193 193 194 194 195 195 195 196 196 196 197 197 197 198 198 198
258 257 256 256 255 255 255 255 255 255 255 255 255 255 255 255 255 255 255 255 255 255 255 255 255 255 255 255 255 255 255 318 318 318 318 318 318 318 318 318 318 318 318 249 249 249 249 249 249 249 249 249 249 249 249 249 249 249 249 249 249 249 249 249 249 249 249 249 249 249 249 249 186 187 189 190 191 191 192 192 193 193 194 194 195 195 195 196 196 196 197 197 197 198
257 256 255 255 255 255 255 255 255 255 255 255 255 255 255 255 255 255 255 255 255 255 255 255 255 255 255 255 255 255 255 318 318 318 318 318 318 318 318 318 318 318 249 249 249 249 249 249 249 249 249 249 249 249 249 249 249 249 249 249 249 249 249 249 249 249 249 249 249 249 249 249 186 186 186 188 189 190 191 191 192 192 193 193 194 194 195 195 195 196 196 196 197 197
256 255 255 255 255 255 255 255 255 255 255 255 255 255 255 255 255 255 255 255 255 255 255 255 255 255 255 255 255 255 318 318 318 318 318 318 318 318 318 318 318 249 249 249 249 249 249 249 249 249 249 249 249 249 249 249 249 249 249 249 249 249 249 249 249 249 249 249 249 249 249 249 249 186 186 186 186 188 189 190 191 191 192 193 193 193 194 194 195 195 195 196 196 196
255 255 255 255 255 255 255 255 255 255 255 255 255 255 255 255 255 255 255 255 255 255 255 255 255 255 255 255 255 255 318 318 318 318 318 318 318 318 318 318 249 249 249 249 249 249 249 249 249 249 249 249 249 249 249 249 249 249 249 249 249 249 249 249 249 249 249 249 249 249 249 249 249 186 186 186 186 186 186 188 189 190 191 191 192 193 193 193 194 194 195 195 195 232
255 255 255 255 255 255 255 255 255 255 255 255 255 255 255 255 255 255 255 255 255 255 255 255 255 255 255 255 255 318 318 318 318 318 318 318 318 318 318 249 249 249 249 249 249 249 249 249 249 249 249 249 249 249 249 249 249 249 249 249 249 249 249 249 249 249 249 249 249 249 249 249 249 249 186 186 186 186 186 186 187 188 189 190 191 191 192 193 193 193 194 194 195 231
255 255 255 255 255 255 255 255 255 255 255 255 255 255 255 255 255 255 255 255 255 255 255 255 255 255 255 255 255 318 318 318 318 318 318 318 318 318 249 249 249 249 249 249 249 249 249 249 249 249 249 249 249 249 249 249 249 249 249 249 249 249 249 249 249 249 249 249 249 249 249 249 249 249 186 186 186 186 186 186 186 186 187 188 189 190 191 191 192 193 193 193 230 230
255 255 255 255 255 255 255 255 255 255 255 255 255 255 255 255 255 255 255 255 255 255 255 255 255 255 255 255 255 318 318 318 318 318 318 318 318 249 249 249 249 249 249 249 249 249 249 249 249 249 249 249 249 249 249 249 249 249 249 249 249 249 249 249 249 249 249 249 249 249 249 249 249 249 186 186 186 186 186 186 186 186 186 186 187 188 189 190 191 191 192 229 229 229
255 255 255 255 255 255 255 255 255 255 255 255 255 255 255 255 255 255 255 255 255 255 255 255 255 255 255 255 318 318 318 318 318 318 318 249 249 249 249 249 249 249 249 249 249 249 249 249 250 251 252 252 252 251 250 249 249 249 249 249 249 249 249 249 249 249 249 249 249 249 249 249 249 249 249 186 186 186 186 186 186 186 186 186 186 186 187 188 189 190 191 227 228 229
255 255 255 255 255 255 255 255 255 255 255 255 255 255 255 255 255 255 255 255 255 255 255 255 255 255 255 255 318 318 318 318 318 318 249 249 249 249 249 249 249 249 249 249 249 249 249 251 253 255 256 256 256 255 253 251 249 249 249 249 249 249 249 249 249 249 249 249 249 249 249 249 249 249 249 186 186 186 186 186 186 186 186 186 186 186 186 186 187 188 225 226 227 227
255 255 255 255 255 255 255 255 255 255 255 255 255 255 255 255 255 255 255 255 255 255 255 255 255 255 255 255 318 318 318 318 318 249 249 249 249 249 249 249 249 249 249 249 249 249 251 254 256 258 259 260 259 258 256 254 251 249 249 249 249 249 249 249 249 249 249 249 249 249 249 249 249 249 249 186 186 186 186 186 186 186 186 186 186 186 186 186 186 222 223 224 225 244
255 255 255 255 255 255 255 255 255 255 255 255 255 255 255 255 255 255 255 255 255 255 255 255 255 255 255 255 318 318 318 318 249 249 249 249 249 249 249 249 249 249 249 249 249 250 253 256 259 261 263 263 263 261 259 256 253 250 249 249 249 249 249 249 249 249 249 249 249 249 249 249 249 249 249 186 186 186 186 186 186 186 186 186 186 186 186 186 186 222 222 222 240 242
255 255 255 255 255 255 255 255 255 255 255 255 255 255 255 255 255 255 255 255 255 255 255 255 255 255 255 255 318 318 318 249 249 249 249 249 249 249 249 249 249 249 249 249 249 251 255 258 261 264 266 267 266 264 261 258 255 251 249 249 249 249 249 249 249 249 249 249 249 249 249 249 249 249 249 186 186 186 186 186 186 186 186 186 186 186 186 186 222 222 240 240 240 241
255 255 255 255 255 255 255 255 255 255 255 255 255 255 255 255 255 255 255 255 255 255 255 255 255 255 255 255 318 318 249 249 249 249 249 249 249 249 249 249 249 249 249 249 249 252 256 259 263 266 269 271 269 266 263 259 256 252 249 249 249 249 249 249 249 249 249 249 249 249 249 249 249 249 249 186 186 186 186 186 186 186 186 186 186 186 186 222 222 240 240 240 242 245
255 255 255 255 255 255 255 255 255 255 255 255 255 255 255 255 255 255 255 255 255 255 255 255 255 255 255 318 318 249 249 249 249 249 249 249 249 249 249 249 249 249 249 249 249 252 256 260 263 267 271 275 271 267 263 260 256 252 249 249 249 249 249 249 249 249 249 249 249 249 249 249 249 249 249 186 186 186 186 186 186 186 186 186 186 186 186 222 240 240 240 243 246 248
255 255 255 255 255 255 255 255 255 255 255 255 255 255 255 255 255 255 255 255 255 255 255 255 255 255 255 186 249 249 249 249 249 249 249 249 249 249 249 249 249 249 249 249 249 252 256 259 263 266 269 271 269 266 263 259 256 252 249 249 249 249 249 249 249 249 249 249 249 249 249 249 249 249 249 186 186 186 186 186 186 186 186 186 186 186 240 240 240 241 244 246 249 251
255 255 255 255 255 255 255 255 255 255 255 255 255 255 255 255 255 255 255 255 255 255 255 255 255 255 186 186 249 249 249 249 249 249 249 249 249 249 249 249 249 249 249 249 249 251 255 258 261 264 266 267 266 264 261 258 255 251 249 249 249 249 249 249 249 249 249 249 249 249 249 249 249 249 249 186 186 186 186 186 186 186 186 186 186 204 240 240 242 245 247 249 251 253
255 255 255 255 255 255 255 255 255 255 255 255 255 255 255 255 255 255 255 255 255 255 255 255 255 186 186 186 249 249 249 249 249 249 249 249 249 249 249 249 249 249 249 249 249 250 253 256 259 261 263 263 263 261 259 256 253 250 249 249 249 249 249 249 249 249 249 249 249 249 249 249 249 249 249 186 186 186 186 186 186 186 186 186 204 240 240 243 246 248 250 252 254 256
255 255 255 255 255 255 255 255 255 255 255 255 255 255 255 255 255 255 255 255 255 255 255 255 186 186 186 186 249 249 249 249 249 249 249 249 249 249 249 249 249 249 249 249 249 249 251 254 256 258 259 260 259 258 256 254 251 249 249 249 249 249 249 249 249 249 249 249 249 249 249 249 249 249 249 186 186 186 186 186 186 186 204 204 240 241 244 246 249 251 253 254 256 258
255 255 255 255 255 255 255 255 255 255 255 255 255 255 255 255 255 255 255 255 255 255 186 186 186 186 186 186 249 249 249 249 249 249 249 249 249 249 249 249 249 249 249 249 249 249 249 251 253 255 256 256 256 255 253 251 249 249 249 249 249 249 249 249 249 249 249 249 249 249 249 249 249 249 249 186 186 186 186 186 186 204 204 204 241 244 247 249 251 253 255 257 258 260
255 255 255 255 255 255 255 255 255 255 255 255 255 255 255 255 255 255 255 255 255 186 186 186 186 186 186 186 249 249 249 249 249 249 249 249 249 249 249 249 249 249 249 249 249 249 249 249 250 251 252 252 252 251 250 249 249 249 249 249 249 249 249 249 249 249 249 249 249 249 249 249 249 249 249 186 186 186 186 186 204 204 204 242 245 247 250 252 254 255 257 259 260 262
