testData/tiles/oneDegree/grid19.0-0.0-20.0-1.0.asc
ncols   200
nrows   200
xllcorner   19.0
yllcorner   0.0
cellsize   0.005
NODATA_value   -9999.0
[rows 0 to 41 of 200, columns 0 to 93 of 200]
474 473 473 472 472 471 470 470 469 470 469 469 470 470 471 412 413 413 411 412 412 413 413 413 414 413 414 414 414 415 415 416 416 415 416 416 417 417 417 418 418 419 420 421 422 423 424 424 425 426 427 428 429 430 430 431 432 432 433 434 435 435 436 437 438 439 424 424 425 426 427 428 429 429 430 431 431 432 432 433 434 435 436 436 437 438 439 440 440 441 442 443 443 444
474 473 473 472 472 471 471 470 469 470 470 470 470 470 471 412 413 413 412 412 412 413 413 414 414 414 415 414 415 415 415 416 416 417 417 416 417 417 417 418 419 420 420 421 422 423 424 425 426 426 427 428 429 430 431 432 432 432 433 434 435 436 437 437 438 439 424 425 426 426 427 428 429 430 431 431 431 432 433 434 434 435 436 437 438 438 439 440 441 442 442 443 444 445
474 474 473 472 472 471 471 470 469 470 470 471 471 471 412 412 413 413 413 413 413 413 413 414 414 414 415 415 416 415 416 416 416 417 417 418 418 416 417 418 419 420 421 422 422 423 424 425 426 427 428 428 429 430 431 432 433 433 433 434 435 436 437 438 439 439 424 425 426 427 428 428 429 430 431 432 432 432 433 434 435 436 436 437 438 439 440 440 441 442 443 444 444 445
474 474 473 473 472 471 471 470 470 470 470 471 471 472 413 412 413 413 413 413 414 414 414 414 414 415 415 415 416 416 417 416 416 417 417 418 418 417 417 418 419 420 421 422 423 424 424 425 426 427 428 429 430 430 431 432 433 433 434 435 435 436 437 438 439 440 425 425 426 427 428 429 430 430 431 432 432 433 434 434 435 436 437 438 438 439 440 441 442 442 443 444 445 446
474 474 473 473 472 472 471 470 470 470 471 471 471 413 413 414 413 413 413 413 414 414 414 415 414 415 415 416 416 416 417 417 417 417 417 418 418 418 418 419 419 420 421 422 423 424 425 426 426 427 428 429 430 431 432 432 432 433 434 435 436 437 437 438 439 440 425 426 427 427 428 429 430 431 432 432 432 433 434 435 436 436 437 438 439 440 440 441 442 443 444 444 445 446
475 474 473 473 472 472 471 470 471 470 471 471 471 413 413 414 414 415 413 413 414 414 415 415 415 416 415 416 416 416 417 417 418 418 417 418 418 418 418 419 420 421 421 422 423 424 425 426 427 428 428 429 430 431 432 433 433 433 434 435 436 437 438 439 439 440 441 426 427 428 429 429 430 431 432 433 433 433 434 435 436 437 438 438 439 440 441 442 442 443 444 445 446 447
475 474 474 473 472 472 471 471 471 471 472 471 413 413 413 414 414 415 414 413 414 414 415 415 416 416 416 417 416 417 417 417 418 418 419 419 418 418 418 419 420 421 422 423 423 424 425 426 427 428 429 430 430 431 432 433 433 434 435 435 436 437 438 439 440 441 441 426 427 428 429 430 431 431 432 432 433 434 435 435 436 437 438 439 440 440 441 442 443 444 445 445 446 447
475 474 474 473 472 472 471 471 471 472 472 472 413 413 414 414 414 415 414 415 415 414 415 415 416 416 416 417 417 417 417 417 418 418 419 419 420 419 418 419 420 421 422 423 424 425 425 426 427 428 429 430 431 431 432 433 433 434 435 436 437 437 438 439 440 441 442 427 427 428 429 430 431 432 433 432 433 434 435 436 437 437 438 439 440 441 442 442 443 444 445 446 447 447
475 474 474 473 473 472 471 471 471 472 472 413 414 414 414 414 414 414 414 415 415 416 415 415 416 416 417 417 417 418 418 418 418 418 419 419 420 419 419 419 420 421 422 423 424 425 426 426 427 428 429 430 431 432 433 433 433 434 435 436 437 438 439 439 440 441 442 427 428 429 429 430 431 432 433 433 434 434 435 436 437 438 439 439 440 441 442 443 444 444 445 446 447 448
475 474 474 473 473 472 472 471 471 472 413 414 414 414 415 414 415 414 414 415 415 416 416 416 416 416 417 417 417 418 418 419 418 419 419 419 420 419 420 420 421 421 422 423 424 425 426 427 428 428 429 430 431 432 433 434 434 434 435 436 437 438 439 440 441 441 442 427 428 429 430 431 431 432 433 433 434 435 436 436 437 438 439 440 441 441 442 443 444 445 446 446 447 448
475 475 474 473 473 472 472 471 471 472 413 414 414 414 415 415 415 414 415 415 415 416 416 417 417 416 417 417 418 418 418 419 419 420 419 419 419 419 420 420 421 422 422 423 424 425 426 427 428 429 430 430 431 432 433 434 434 435 436 436 437 438 439 440 441 442 442 427 428 429 430 431 432 433 433 433 434 435 436 437 438 438 439 440 441 442 443 443 444 445 446 447 448 448
475 475 474 474 473 472 472 472 473 413 413 414 414 415 415 415 416 415 415 415 415 416 416 417 417 417 418 417 418 418 419 419 419 420 420 420 419 419 420 420 421 422 423 424 424 425 426 427 428 429 430 431 431 432 433 434 434 435 436 437 437 438 439 440 441 442 443 444 428 429 430 431 432 433 434 434 434 435 436 437 438 439 440 440 441 442 443 444 445 445 446 447 448 449
475 475 474 474 473 472 472 472 473 414 413 414 414 415 415 416 416 415 416 415 416 416 416 417 417 418 418 418 418 418 419 419 419 420 420 421 420 419 420 420 421 422 423 424 425 426 426 427 428 429 430 431 432 433 433 433 434 435 436 437 438 439 439 440 441 442 443 444 429 430 430 431 432 433 434 434 435 436 436 437 438 439 440 441 442 442 443 444 445 446 447 447 448 449
476 475 474 474 473 473 472 472 414 414 415 414 414 415 415 416 416 415 416 416 416 416 416 417 417 418 418 419 419 418 419 419 420 420 420 421 420 421 420 420 421 422 423 424 425 426 427 427 428 429 430 431 432 433 434 434 434 435 436 437 438 439 440 441 441 442 443 444 429 430 431 432 432 433 434 434 435 436 437 437 438 439 440 441 442 443 444 444 445 446 447 448 449 449
476 475 474 474 473 473 472 472 414 414 415 415 415 415 415 416 415 416 416 416 417 417 417 417 417 418 418 419 419 419 420 419 420 420 420 421 420 421 421 422 421 422 423 424 425 426 427 428 429 429 430 431 432 433 434 434 435 435 436 437 438 439 440 441 442 443 443 444 429 430 431 432 433 434 433 434 435 436 437 438 439 439 440 441 442 443 444 445 446 446 447 448 449 450
476 475 475 474 473 473 472 414 414 414 415 415 416 415 415 416 415 416 416 416 417 417 418 417 418 418 418 419 419 420 420 420 420 420 421 421 420 421 421 422 422 422 423 424 425 426 427 428 429 430 430 431 432 433 434 434 435 436 437 437 438 439 440 441 442 443 444 444 429 430 431 432 433 434 434 434 435 436 437 438 439 440 441 441 442 443 444 445 446 447 447 448 449 450
476 475 475 474 473 473 413 414 414 415 415 415 416 416 416 416 415 416 416 417 417 417 418 418 418 418 418 419 419 420 420 420 421 420 421 420 420 421 421 422 422 423 423 424 425 426 427 428 429 430 431 431 432 433 434 434 435 436 437 438 438 439 440 441 442 443 444 445 430 430 431 432 433 434 434 435 436 436 437 438 439 440 441 442 443 443 444 445 446 447 448 449 449 450
476 475 475 474 474 473 413 414 414 415 415 415 416 416 417 416 415 416 416 417 417 418 418 418 419 418 419 419 419 420 420 421 421 421 421 420 421 421 421 422 422 423 424 425 425 426 427 428 429 430 431 432 433 433 434 434 435 436 437 438 439 440 440 441 442 443 444 445 446 431 431 432 433 434 434 435 436 437 438 438 439 440 441 442 443 444 445 445 446 447 448 449 450 451
476 475 475 474 474 414 415 414 414 415 415 416 416 416 417 417 416 416 416 417 417 418 418 418 419 419 419 419 419 420 420 421 421 421 422 420 421 421 422 422 422 423 424 425 426 426 427 428 429 430 431 432 433 434 433 434 435 436 437 438 439 440 441 441 442 443 444 445 446 431 432 433 433 434 434 435 436 437 438 439 439 440 441 442 443 444 445 446 446 447 448 449 450 451
476 476 475 474 474 414 415 415 414 415 415 416 416 416 417 416 417 416 416 417 417 418 418 419 419 419 420 419 420 420 420 421 421 422 422 421 421 421 422 422 422 423 424 425 426 427 427 428 429 430 431 432 433 434 434 434 435 436 437 438 439 440 441 442 442 443 444 445 446 431 432 433 434 434 434 435 436 437 438 439 440 441 441 442 443 444 445 446 447 448 448 449 450 451
476 476 475 474 415 414 415 415 415 415 415 416 416 417 417 416 417 417 417 417 417 418 418 419 419 419 420 420 420 420 420 421 421 422 422 421 422 421 422 422 423 423 424 425 426 427 428 428 429 430 431 432 433 434 434 435 435 436 437 438 439 440 441 442 443 444 444 445 446 431 432 433 434 435 435 435 436 437 438 439 440 441 442 442 443 444 445 446 447 448 449 450 450 451
476 476 475 416 415 414 415 415 416 415 415 416 416 417 417 416 417 417 418 417 417 418 418 419 419 420 420 420 421 420 421 421 421 422 421 422 422 422 422 422 423 423 424 425 426 427 428 429 429 430 431 432 433 434 434 435 436 436 437 438 439 440 441 442 443 444 445 445 446 431 432 433 434 434 435 436 436 437 438 439 440 441 442 443 444 444 445 446 447 448 449 450 451 451
476 476 475 416 415 415 415 415 416 416 416 416 416 417 417 417 417 417 418 418 418 418 418 419 419 420 420 420 421 421 421 421 421 422 421 422 422 422 423 422 423 423 424 425 426 427 428 429 430 430 431 432 433 434 434 435 436 437 437 438 439 440 441 442 443 444 445 446 446 431 432 433 434 434 435 436 437 437 438 439 440 441 442 443 444 445 445 446 447 448 449 450 451 452
477 476 416 416 415 415 415 415 416 416 417 416 416 417 417 417 417 417 418 418 418 418 419 419 419 420 420 421 421 421 421 421 422 422 421 422 422 423 423 423 423 423 424 425 426 427 428 429 430 431 431 432 433 434 434 435 436 437 438 438 439 440 441 442 443 444 445 446 447 447 432 433 434 434 435 436 437 438 438 439 440 441 442 443 444 445 446 447 447 448 449 450 451 452
477 476 416 416 415 415 415 416 416 416 417 416 417 417 416 417 417 418 418 418 419 418 419 419 419 420 420 421 421 421 422 421 422 422 421 422 422 423 423 423 424 423 424 425 426 427 428 429 430 431 432 432 433 433 434 435 436 437 438 439 439 440 441 442 443 444 445 446 447 448 432 433 434 434 435 436 437 438 439 439 440 441 442 443 444 445 446 447 448 448 449 450 451 452
477 417 417 416 415 415 415 416 416 416 417 417 417 417 416 417 417 418 418 418 419 419 419 419 419 420 420 421 421 422 422 421 422 422 422 422 422 423 423 424 424 423 424 425 426 427 428 429 430 431 432 432 433 433 434 435 436 437 438 439 440 440 441 442 443 444 445 446 447 448 433 433 434 434 435 436 437 438 439 440 440 441 442 443 444 445 446 447 448 449 449 450 451 452
418 417 417 416 415 415 415 416 416 417 417 417 417 417 417 417 417 418 418 419 419 419 419 419 420 420 420 421 421 422 422 422 422 421 422 422 422 423 423 424 424 424 424 425 426 427 428 429 430 431 432 433 433 433 434 435 436 437 438 439 440 441 441 442 443 444 445 446 447 448 433 434 433 434 435 436 437 438 439 440 441 441 442 443 444 445 446 447 448 449 450 450 451 452
418 417 417 416 416 415 415 416 416 417 417 417 417 417 417 417 417 418 418 419 419 419 419 419 420 420 420 421 421 422 422 423 422 421 422 422 423 423 423 424 424 425 424 425 426 427 428 429 430 431 432 433 433 433 434 435 436 437 438 439 440 441 441 442 443 444 445 446 447 448 433 434 433 434 435 436 437 438 439 440 441 442 442 443 444 445 446 447 448 449 450 451 451 452
418 417 417 416 416 415 415 416 416 417 417 418 418 416 417 417 418 418 418 419 419 420 420 419 420 420 421 421 421 422 422 423 423 421 422 422 423 423 423 424 424 425 425 425 426 427 428 429 430 431 432 433 434 433 434 435 436 437 438 439 440 441 442 442 443 444 445 446 447 448 433 434 434 434 435 436 437 438 439 440 441 442 443 443 444 445 446 447 448 449 450 451 452 452
418 418 417 416 416 415 416 416 416 417 417 418 418 416 417 417 418 418 418 419 419 420 420 419 420 420 421 421 421 422 422 423 423 421 422 422 423 423 424 424 424 425 425 425 426 427 428 429 430 431 432 433 433 433 434 435 436 437 438 439 440 441 442 442 443 444 445 446 447 448 433 434 434 434 435 436 437 438 439 440 441 442 443 443 444 445 446 447 448 449 450 451 452 452
418 418 417 416 416 415 416 416 416 417 417 418 418 416 417 417 418 418 419 419 419 420 420 420 420 420 421 421 422 422 422 423 422 422 422 422 423 423 424 424 424 425 425 425 426 427 428 429 430 431 432 433 433 433 434 435 436 437 438 439 440 441 442 443 443 444 445 446 447 448 433 434 434 435 435 436 437 438 439 440 441 442 443 444 444 445 446 447 448 449 450 451 452 453
418 418 417 417 416 415 416 416 417 417 417 418 418 417 417 417 418 418 419 419 419 420 420 420 420 420 421 421 422 422 422 423 422 422 422 422 423 423 424 424 424 425 425 426 426 427 428 429 430 431 432 433 433 434 434 435 436 437 438 439 440 441 442 443 443 444 445 446 447 448 449 433 434 435 435 436 437 438 439 440 441 442 443 444 444 445 446 447 448 449 450 451 452 453
418 418 417 417 416 415 416 416 417 417 417 418 417 417 417 417 418 418 419 419 419 420 420 420 420 421 421 421 422 422 423 423 422 422 422 423 423 423 424 424 425 425 425 426 426 427 428 429 430 431 432 433 433 434 434 435 436 437 438 439 440 441 442 443 443 444 445 446 447 448 449 433 434 435 435 436 437 438 439 440 441 442 443 444 444 445 446 447 448 449 450 451 452 453
419 418 417 417 416 416 416 416 417 417 418 418 417 417 417 418 418 418 419 419 420 420 420 420 420 421 421 421 422 422 423 423 422 422 422 423 423 423 424 424 425 425 425 426 426 427 428 429 430 431 432 432 433 434 434 435 436 437 438 439 440 441 442 443 443 444 445 446 447 448 449 433 434 435 435 436 437 438 439 440 441 442 443 444 444 445 446 447 448 449 450 451 452 453
419 418 417 417 416 416 416 416 417 417 418 418 417 417 417 418 418 418 419 419 420 420 420 420 420 421 421 421 422 422 423 422 422 422 422 423 423 424 424 424 425 425 426 425 426 427 428 429 430 431 432 432 433 433 434 435 436 437 438 439 440 441 442 443 443 444 445 446 447 448 449 433 434 435 435 436 437 438 439 440 441 442 443 444 444 445 446 447 448 449 450 451 452 453
419 418 417 417 416 416 416 416 417 417 418 417 418 417 417 418 418 419 419 419 420 420 421 420 420 421 421 422 422 422 423 422 423 422 422 423 423 424 424 424 425 425 426 425 426 427 428 429 430 431 432 432 433 433 434 435 436 437 438 439 440 441 442 442 443 444 445 446 447 448 449 433 434 434 435 436 437 438 439 440 441 442 443 443 444 445 446 447 448 449 450 451 452 452
419 418 418 417 416 416 416 417 417 417 418 417 418 417 417 418 418 419 419 419 420 420 421 420 420 421 421 422 422 422 423 422 423 422 422 423 423 424 424 424 425 425 426 425 426 427 428 429 430 431 432 432 433 433 434 435 436 437 438 439 440 441 442 442 443 444 445 446 447 448 448 433 434 434 435 436 437 438 439 440 441 442 443 443 444 445 446 447 448 449 450 451 452 452
419 418 418 417 416 416 416 417 417 417 418 417 417 417 417 418 418 419 419 419 420 420 420 420 420 421 421 422 422 423 423 422 422 422 423 423 423 424 424 425 425 425 425 425 426 427 428 429 430 431 431 432 432 433 434 435 436 437 438 439 440 441 441 442 443 444 445 446 447 448 448 433 433 434 435 436 437 438 439 440 441 442 442 443 444 445 446 447 448 449 450 451 451 452
419 418 418 417 417 416 416 417 417 418 417 417 417 417 418 418 418 419 419 420 420 420 420 420 421 421 421 422 422 423 422 422 422 422 423 423 423 424 424 425 425 425 425 425 426 427 428 429 430 431 431 432 432 433 434 435 436 437 438 439 440 441 441 442 443 444 445 446 447 448 448 433 433 434 435 436 437 438 439 440 441 441 442 443 444 445 446 447 448 449 450 450 451 452
419 418 418 417 417 416 416 417 417 418 417 417 417 417 418 418 418 419 419 420 420 420 420 420 421 421 421 422 422 423 422 421 422 422 423 423 423 424 424 425 425 424 425 425 426 427 428 429 430 431 431 431 432 433 434 435 436 437 438 439 440 440 441 442 443 444 445 446 447 448 448 448 433 434 435 436 437 438 439 440 440 441 442 443 444 445 446 447 448 449 449 450 451 452
419 418 418 417 417 416 416 417 417 418 417 416 417 417 418 418 419 419 419 420 420 420 420 420 421 421 422 422 422 423 422 422 422 422 423 423 424 424 424 425 425 425 425 425 426 427 428 429 430 431 431 431 432 433 434 435 436 437 438 439 439 440 441 442 443 444 445 446 447 447 447 448 433 434 435 436 437 438 439 439 440 441 442 443 444 445 446 447 448 448 449 450 451 452
419 419 418 417 417 416 417 417 417 418 417 417 417 417 418 418 419 419 419 420 419 420 420 420 421 421 422 422 422 423 421 422 422 422 423 423 424 424 424 425 424 425 425 425 426 427 428 429 430 430 430 431 432 433 434 435 436 437 438 438 439 440 441 442 443 444 445 446 447 446 447 448 433 434 435 436 437 438 438 439 440 441 442 443 444 445 446 447 447 448 449 450 451 452
