testData/tiles/oneDegree/grid44.0-43.0-45.0-44.0.asc
ncols   200
nrows   200
xllcorner   44.0
yllcorner   43.0
cellsize   0.005
NODATA_value   -9999.0
[rows 84 to 125 of 200, columns 0 to 93 of 200]
507 507 508 509 509 510 511 511 511 512 513 514 514 658 659 659 660 755 756 756 757 758 759 759 760 761 760 761 762 763 585 586 587 587 588 589 590 590 591 592 593 593 593 594 594 595 596 597 597 598 599 599 600 575 576 576 580 580 581 581 582 583 583 584 585 586 587 588 589 590 589 590 593 594 595 597 599 600 601 603 605 607 607 609 610 612 613 615 616 617 620 621 622 623
507 507 508 509 509 510 510 511 511 512 513 514 514 658 659 659 660 755 756 756 757 758 759 759 759 760 760 761 762 763 585 586 587 587 588 589 590 590 591 592 593 592 593 594 594 595 596 597 597 598 599 600 600 601 576 578 579 580 581 581 582 583 583 584 585 586 587 588 589 589 589 590 593 594 596 597 599 600 602 603 605 606 608 609 610 612 613 615 616 618 620 621 621 623
507 507 508 509 508 509 510 511 511 512 513 514 514 658 659 659 660 755 756 756 757 758 759 758 759 760 760 761 762 763 763 586 587 587 588 589 590 590 591 592 592 592 593 594 594 595 596 597 597 598 599 600 600 601 601 578 579 580 581 581 582 583 583 584 585 587 587 588 588 589 589 591 593 594 596 598 599 600 602 605 605 606 608 609 610 612 613 615 616 619 620 621 621 623
507 507 508 508 509 509 510 511 511 512 513 514 514 658 659 659 660 755 756 767 757 758 758 758 759 760 760 761 762 763 763 586 587 587 588 589 590 590 590 591 592 592 593 594 594 595 596 597 597 598 599 600 600 600 604 604 579 580 581 581 582 583 583 584 585 587 587 587 588 589 589 592 593 594 596 598 599 600 602 604 605 606 608 610 610 612 614 615 617 619 620 620 622 623
518 517 518 519 520 520 521 522 522 523 524 525 525 669 670 670 671 766 767 767 767 768 769 769 770 771 771 772 773 774 774 775 598 598 599 600 601 600 601 602 603 603 604 605 605 595 596 597 597 598 599 600 599 600 604 604 605 580 581 581 582 583 583 584 586 587 586 587 588 589 590 592 593 594 596 598 600 600 602 604 606 606 608 610 610 612 614 615 617 619 619 620 622 623
517 517 518 519 520 520 521 522 522 523 524 525 525 669 670 670 671 766 767 766 767 768 769 769 770 771 771 772 773 774 774 775 598 598 599 600 600 600 601 602 603 603 604 605 605 606 607 608 608 609 610 610 610 614 615 615 605 606 581 581 582 583 583 584 586 586 586 587 588 589 590 592 594 594 596 598 600 599 602 604 606 606 608 610 611 612 614 617 617 618 620 620 622 623
517 517 518 519 519 520 521 522 522 523 524 525 525 526 670 670 765 766 766 766 767 768 769 769 770 771 771 772 773 774 774 775 776 598 599 599 600 600 601 602 603 603 604 605 605 606 607 608 608 609 609 610 610 614 615 615 616 617 618 592 593 594 594 596 585 586 586 587 588 590 590 592 594 595 596 598 599 601 602 604 606 607 608 610 611 612 614 617 616 618 620 620 622 624
517 517 518 519 519 520 521 522 522 523 524 525 525 526 670 670 764 765 766 766 767 768 769 769 770 771 771 772 773 774 774 775 776 598 598 599 600 600 601 602 603 603 604 605 605 606 607 608 608 608 609 610 613 614 615 615 616 617 618 592 593 594 594 595 596 597 597 598 599 601 601 592 594 595 596 597 599 601 602 604 605 607 608 610 611 612 615 616 616 618 620 620 622 624
517 517 518 519 519 520 521 522 522 523 524 525 525 526 670 669 764 765 766 766 767 768 769 769 770 771 771 772 773 774 774 775 775 775 598 599 600 600 601 602 603 603 604 605 605 606 607 608 607 608 609 609 613 614 615 615 616 617 618 618 593 594 594 595 596 597 597 598 600 601 601 603 605 606 607 608 611 601 603 604 605 607 608 610 611 614 614 616 617 618 620 621 622 624
517 517 518 520 520 521 522 523 523 524 525 526 526 526 670 670 765 766 767 767 768 769 769 770 771 772 772 773 774 775 775 775 776 776 599 600 600 600 601 602 603 603 604 605 605 606 606 607 607 608 609 612 613 614 615 615 616 617 618 618 618 593 594 595 596 597 597 598 600 600 602 603 605 605 607 609 611 612 614 615 616 618 620 610 611 613 614 616 617 618 620 621 622 624
518 518 519 521 521 522 523 524 524 525 526 527 526 527 671 671 766 767 768 768 769 770 770 771 772 773 773 774 775 776 775 776 777 777 778 601 601 601 602 603 603 604 605 606 606 606 607 608 608 609 609 612 613 614 615 615 616 617 618 617 618 620 594 595 596 597 597 599 600 600 602 604 604 605 607 610 611 612 614 616 616 618 620 621 622 624 625 626 617 618 620 621 622 624
519 519 520 521 522 523 524 525 525 526 526 526 527 528 672 672 767 768 769 769 770 771 771 772 773 774 774 775 775 775 776 777 778 778 779 601 602 602 603 604 604 605 606 607 606 607 608 609 609 610 613 613 614 615 616 616 617 618 617 617 618 620 620 595 596 597 597 599 600 600 602 603 604 605 608 610 610 612 614 616 616 618 620 621 622 624 626 626 628 630 631 632 623 624
557 558 559 560 560 561 562 564 564 564 565 565 566 567 711 711 806 807 808 808 809 810 810 773 774 775 775 775 776 776 777 778 778 778 779 602 603 603 604 605 605 606 607 607 607 608 609 609 610 610 614 614 615 616 617 617 618 618 618 618 620 621 621 622 597 597 599 599 600 600 601 603 605 605 608 610 611 612 614 616 617 618 619 621 622 624 626 626 628 630 631 632 634 634
558 559 560 561 561 562 563 563 563 564 565 565 566 567 711 805 806 807 807 808 809 810 810 811 812 813 812 813 814 814 815 816 817 817 818 819 641 642 605 606 606 607 607 608 608 609 610 610 610 614 615 615 616 617 617 618 618 619 619 619 621 622 622 623 624 598 600 600 601 600 602 604 605 606 608 610 611 612 614 616 617 617 619 621 622 624 626 627 628 630 630 632 633 634
559 560 561 562 562 563 563 563 564 565 566 566 567 568 712 806 807 808 808 809 810 811 811 812 812 812 813 814 815 815 816 817 818 818 819 820 642 643 644 645 644 645 646 647 647 647 648 648 649 615 616 616 617 618 618 618 619 619 619 621 622 622 623 624 625 626 600 601 601 601 603 605 606 608 609 611 612 614 615 615 616 617 620 621 623 624 626 627 628 630 631 631 633 635
560 561 562 563 562 563 564 564 565 566 567 567 568 569 713 807 808 809 809 810 811 812 812 812 813 813 814 815 816 816 817 818 819 819 820 821 821 644 645 645 644 645 646 646 647 648 649 649 650 654 655 655 656 656 656 656 657 658 620 622 623 623 624 625 626 626 627 601 601 603 604 606 608 609 610 612 613 615 616 615 617 619 621 622 623 624 625 627 628 630 630 631 633 636
560 561 561 562 562 563 564 565 566 567 568 568 569 570 713 808 809 810 810 811 812 812 812 813 814 814 815 816 817 817 818 819 818 819 820 821 821 644 644 645 645 646 647 647 648 649 650 650 654 655 655 656 655 656 656 657 658 658 660 661 662 662 663 663 665 664 627 628 602 604 605 607 608 610 612 612 614 616 616 616 618 621 622 623 624 625 626 628 629 629 630 631 633 635
561 561 562 562 563 564 565 565 566 567 568 568 569 570 713 808 809 810 810 811 811 811 812 813 814 814 815 816 817 817 818 819 819 820 821 822 821 644 645 645 646 647 648 648 649 650 651 651 654 655 655 655 656 657 657 658 659 659 661 662 663 662 663 664 664 665 666 667 667 643 644 646 647 649 613 613 615 615 617 617 619 622 623 623 625 627 627 629 630 629 631 633 635 635
561 562 563 563 564 565 566 566 567 568 568 569 570 571 571 809 810 811 810 811 812 812 813 814 815 815 816 817 817 818 819 820 820 821 822 822 822 823 646 646 647 647 648 648 649 650 650 654 655 656 655 656 657 657 658 659 660 660 661 662 663 663 664 665 665 666 667 668 667 669 645 646 648 650 652 652 652 654 655 656 659 623 624 624 626 628 628 629 630 630 632 635 636 636
561 562 563 563 564 565 566 566 567 569 569 570 571 572 572 810 810 810 811 812 813 813 814 815 816 816 817 818 818 819 819 820 820 820 821 821 822 823 646 646 647 648 648 649 650 651 651 655 655 656 656 657 658 657 658 659 660 661 662 663 663 664 664 666 666 666 667 667 668 670 647 648 649 651 651 652 653 655 656 658 660 661 662 663 665 666 666 629 631 631 633 636 636 637
562 563 564 564 565 566 566 567 568 569 569 570 571 572 572 809 810 810 811 812 813 813 814 815 815 816 817 818 818 819 820 820 820 821 822 822 823 824 825 647 648 649 649 650 651 652 655 654 655 655 656 657 658 658 659 660 660 662 663 664 664 663 664 666 666 667 668 668 669 671 674 648 649 650 651 653 654 656 657 659 660 661 663 664 666 666 667 668 669 671 673 675 674 638
562 563 565 565 566 567 567 568 569 570 570 571 572 571 666 810 811 811 812 813 813 814 815 816 816 817 818 819 819 820 820 820 821 822 823 823 824 824 824 647 648 649 649 650 651 651 654 655 656 656 657 658 659 659 660 661 661 662 663 663 663 664 666 666 667 668 669 669 669 671 673 675 650 651 652 654 656 655 657 660 661 662 664 666 664 666 668 669 670 672 674 674 676 677
563 564 564 565 566 567 567 568 569 569 570 570 571 571 666 810 811 811 812 813 813 814 815 816 816 817 818 818 819 819 820 820 821 822 822 823 824 825 825 648 649 650 650 651 651 651 655 656 657 657 657 658 658 659 660 661 662 663 663 663 664 665 667 667 667 668 668 669 670 673 674 675 677 652 652 654 656 656 659 661 663 663 663 665 665 667 669 670 671 673 674 675 677 677
564 565 565 566 567 568 568 569 570 570 570 571 572 572 667 811 811 812 813 814 814 815 816 817 817 818 819 818 819 820 821 821 822 823 823 824 825 826 826 827 649 649 650 650 651 654 655 656 656 657 658 659 659 660 661 663 663 663 664 663 664 666 667 667 668 669 669 670 672 674 673 675 677 678 653 655 657 657 660 661 662 662 664 666 666 668 670 669 671 674 675 676 677 677
564 565 565 566 567 567 568 569 569 569 570 571 572 572 667 811 811 812 813 814 814 815 816 816 817 818 818 818 819 820 820 821 822 823 823 824 825 825 826 827 650 649 650 651 652 655 656 657 657 658 659 660 659 660 661 662 662 663 664 664 665 667 667 668 669 670 669 670 672 672 674 676 678 679 680 656 656 659 660 662 662 663 665 666 667 668 670 671 673 675 675 675 677 678
565 566 566 567 568 568 568 569 570 570 571 572 572 573 668 812 812 813 814 814 815 816 817 817 817 818 818 819 820 821 821 822 823 824 824 825 826 826 827 828 828 650 650 651 654 655 656 657 657 658 659 659 660 661 662 662 663 664 664 665 666 667 667 668 669 669 670 670 673 674 675 677 677 679 680 682 657 660 661 661 663 664 665 666 668 669 670 672 674 675 675 676 678 678
565 565 566 567 567 567 568 569 569 570 571 572 572 573 668 812 812 813 814 814 815 816 817 816 817 818 818 819 820 821 821 822 823 823 824 825 826 826 827 827 827 650 651 652 655 656 657 657 658 659 660 660 661 660 661 662 663 664 664 665 667 667 668 669 670 670 670 671 672 674 675 677 678 680 682 682 659 661 660 661 663 665 665 667 669 670 670 673 674 674 676 677 679 679
566 566 566 567 568 568 569 570 570 571 572 573 573 574 669 812 813 814 815 815 816 816 816 817 818 819 819 820 821 821 822 823 824 824 825 826 826 826 827 828 828 651 651 654 655 656 657 657 658 659 660 659 660 662 662 663 664 665 665 667 668 667 668 669 669 669 670 672 673 675 677 677 679 680 682 682 685 660 661 662 664 666 666 667 669 669 671 674 674 675 677 677 678 680
565 565 566 567 567 568 569 570 570 571 572 572 573 574 669 812 813 814 814 814 815 816 816 817 818 818 819 820 821 821 822 823 824 824 825 825 825 826 827 828 828 829 652 655 656 657 658 658 659 660 659 660 661 662 662 663 664 664 665 667 668 668 669 669 669 670 672 673 673 675 677 677 679 681 682 683 685 687 662 662 664 665 666 668 670 671 672 673 673 675 677 678 679 681
565 566 567 568 568 569 570 570 571 572 573 573 574 575 670 670 814 814 814 815 816 817 817 818 819 819 820 821 822 822 823 824 824 825 825 826 826 827 828 828 829 829 652 655 656 657 657 658 659 659 659 660 661 662 663 664 665 665 667 668 668 668 668 669 669 670 672 672 674 676 678 678 680 682 681 684 685 686 688 663 665 666 668 668 669 670 672 674 675 676 678 679 679 681
565 566 567 568 568 569 570 570 571 572 573 573 574 575 669 670 813 814 814 815 816 816 817 818 819 819 820 821 821 822 823 824 823 824 825 825 826 827 828 828 829 830 655 656 657 658 658 658 659 659 660 661 662 662 663 664 664 665 667 668 668 668 669 669 670 672 673 673 674 676 677 679 680 680 683 685 686 687 689 689 664 666 668 669 669 672 673 674 675 676 677 679 680 682
565 567 568 568 569 570 571 571 572 573 573 574 575 576 669 670 814 814 815 816 817 817 818 819 819 820 821 822 822 823 824 823 824 825 826 826 827 828 827 828 829 830 833 656 657 657 657 658 659 659 660 661 662 663 664 665 665 666 668 667 667 668 669 669 670 672 672 673 675 677 678 679 680 681 683 685 685 687 689 691 665 667 669 668 669 672 673 674 676 677 678 680 680 680
566 567 568 568 569 570 570 571 572 573 573 574 574 668 669 670 814 814 815 816 816 817 818 819 819 820 821 821 822 822 823 823 824 825 825 826 827 828 828 829 830 833 834 657 657 657 658 659 659 660 660 662 662 663 664 664 665 667 667 667 668 669 669 670 672 673 673 674 675 676 677 679 679 682 684 686 686 688 690 690 691 667 668 668 671 673 673 675 676 676 678 680 680 681
566 567 567 568 569 570 571 572 573 574 573 574 575 669 670 671 815 815 816 817 817 818 819 820 820 821 822 821 822 823 824 824 825 825 825 826 827 827 828 829 830 833 834 656 656 657 658 659 659 660 661 662 663 664 665 665 665 667 667 667 668 669 669 670 672 672 673 675 675 676 678 680 681 682 684 685 687 688 690 691 691 693 668 669 671 672 674 675 677 677 679 680 679 681
567 568 568 569 570 571 571 572 572 572 573 574 575 669 670 671 814 815 816 817 817 818 819 819 820 821 821 821 822 823 823 824 825 826 826 827 828 828 829 830 830 833 834 835 657 658 659 658 659 660 662 662 663 664 664 664 666 667 667 668 669 669 670 671 673 673 673 674 674 676 678 679 682 683 685 686 688 689 689 690 691 692 694 671 672 673 675 676 676 678 678 679 680 682
567 568 568 569 570 570 570 571 572 572 573 574 574 669 670 671 814 815 816 816 817 818 819 819 819 820 820 821 822 823 823 824 825 825 826 827 828 828 829 829 832 833 834 834 657 658 659 659 660 661 662 663 664 664 664 665 666 666 667 668 669 669 670 672 672 673 673 674 676 677 679 680 682 683 684 686 688 688 689 691 693 693 695 671 671 673 675 675 677 678 679 680 680 682
568 568 569 570 570 570 571 572 572 573 574 575 575 670 671 671 815 816 817 817 818 819 818 819 820 821 821 822 823 823 824 825 826 826 827 828 828 829 829 830 833 834 834 834 657 658 658 659 660 661 662 663 663 663 664 666 667 667 668 669 669 670 671 671 672 672 673 674 676 677 678 680 683 683 685 687 688 687 689 691 692 693 696 697 672 674 676 674 676 678 678 680 682 682
568 568 568 569 569 570 571 572 572 573 574 574 575 670 671 671 815 816 816 817 817 818 818 819 820 820 821 822 823 823 824 825 825 826 827 828 827 828 829 832 833 834 834 835 836 659 659 660 661 662 662 663 664 663 664 666 666 667 668 668 669 670 672 671 672 673 673 675 677 678 678 681 683 684 685 686 687 688 690 691 693 694 696 697 698 674 674 675 677 678 679 681 682 682
567 567 568 569 569 571 572 572 573 574 575 575 576 671 671 672 673 817 816 817 818 818 819 820 821 821 822 823 823 824 825 826 826 827 827 826 827 828 828 832 833 834 834 835 836 658 659 660 661 661 662 663 663 664 665 666 667 668 669 669 669 670 670 671 672 673 673 675 677 677 679 682 683 685 685 686 687 689 690 691 693 695 696 698 699 699 674 675 677 678 679 681 682 683
568 568 569 569 570 571 572 572 573 574 574 575 576 671 671 672 673 815 816 817 818 818 819 820 820 821 822 823 823 824 825 825 826 826 827 827 828 829 829 833 834 834 835 836 837 659 660 660 660 661 662 663 663 664 666 666 667 668 668 669 669 671 671 672 673 673 674 675 676 678 680 682 682 684 685 686 688 690 690 692 693 694 696 697 698 699 675 676 677 679 679 680 682 683
523 568 569 569 570 571 572 572 573 574 574 575 576 670 671 671 672 815 816 817 817 818 819 820 820 821 822 822 823 824 825 824 825 826 826 827 828 828 832 833 834 834 835 836 836 837 659 660 661 662 663 663 664 665 666 667 667 668 668 668 669 670 671 672 672 673 674 676 677 679 681 681 683 684 684 686 688 689 690 692 695 695 696 698 699 699 701 676 677 679 679 681 683 685
524 570 570 570 571 572 572 573 574 574 575 576 577 670 671 672 672 816 817 818 818 819 820 820 821 822 823 823 824 824 824 825 826 826 827 828 829 829 833 834 833 834 835 836 835 836 659 659 661 662 662 663 664 666 666 667 668 667 668 669 670 671 672 672 672 673 674 675 677 680 679 681 683 685 685 687 689 690 690 692 694 695 696 697 699 700 701 703 678 679 680 681 683 684
