testData/tiles/oneDegree/grid16.0-31.0-17.0-32.0.asc
ncols   200
nrows   200
xllcorner   16.0
yllcorner   31.0
cellsize   0.005
NODATA_value   -9999.0
[rows 42 to 83 of 200, columns 0 to 93 of 200]
490 490 491 491 492 492 492 493 492 493 493 493 494 494 493 493 494 494 494 493 493 493 494 494 494 493 493 493 493 493 492 492 492 491 491 490 490 490 490 488 488 488 488 487 486 486 485 485 483 482 482 481 481 479 478 478 477 476 475 474 474 472 471 471 470 468 467 466 465 464 462 461 460 459 457 456 455 454 452 450 449 448 444 443 441 440 631 630 628 626 623 621 619 617
489 490 491 490 490 491 491 492 492 492 492 492 493 493 493 492 493 493 493 494 494 493 493 494 494 494 493 493 493 493 492 491 490 490 490 489 489 489 489 488 487 487 487 486 485 485 484 484 483 482 481 481 481 479 478 478 477 477 475 474 474 473 471 470 470 469 467 466 465 464 462 461 460 459 457 456 455 454 451 449 448 447 444 443 441 440 437 630 628 626 623 621 619 617
489 490 490 491 490 491 491 492 492 492 493 492 492 493 493 493 492 493 493 493 493 493 492 493 493 493 493 492 492 492 492 491 490 490 490 490 489 489 488 488 488 487 486 486 486 484 484 484 483 483 481 481 480 480 478 478 477 477 475 474 474 473 471 470 470 469 467 466 465 464 463 461 459 458 457 455 454 453 452 449 448 447 445 443 441 440 438 435 628 626 624 621 619 617
489 490 490 491 491 492 491 492 492 492 493 493 492 493 493 493 493 493 493 493 493 493 492 492 493 493 493 492 492 492 492 491 490 490 490 490 490 489 488 488 488 487 486 486 486 485 484 484 483 483 481 481 480 480 478 478 477 477 476 474 474 473 472 470 470 469 467 465 464 463 462 460 459 458 457 455 454 453 451 449 448 447 445 443 441 440 438 435 434 626 624 620 618 616
490 490 490 491 491 492 492 492 492 492 493 493 493 493 493 493 493 494 493 493 493 493 493 492 492 493 493 493 492 492 491 491 491 490 490 490 490 490 488 488 488 488 486 486 486 485 484 484 483 483 482 481 480 480 479 478 477 477 476 473 473 472 471 469 469 468 467 465 464 463 462 461 459 458 457 456 454 453 451 450 448 446 445 444 441 440 438 435 433 431 623 621 618 616
490 491 490 491 491 492 492 493 492 492 493 493 493 494 493 493 493 494 494 493 493 493 493 493 492 492 493 493 493 491 491 491 491 491 490 490 490 490 488 488 488 488 487 486 486 485 485 484 483 482 481 480 479 479 478 478 476 475 475 474 472 472 471 470 469 468 467 466 464 463 462 461 459 458 457 456 454 453 451 450 448 446 444 443 440 439 437 435 433 431 429 621 618 616
489 490 490 491 490 491 491 492 492 492 492 492 492 493 493 492 492 493 494 494 493 493 493 493 493 492 492 492 492 492 491 491 490 490 489 489 489 488 488 487 487 487 486 485 485 484 484 484 482 482 481 481 479 479 478 478 476 475 475 474 472 472 471 470 468 468 467 466 464 463 462 461 459 458 457 456 454 451 450 449 447 445 444 442 440 438 437 435 432 431 429 427 424 616
489 490 490 491 491 491 491 491 492 492 493 492 492 493 493 493 492 492 493 493 493 492 492 492 492 492 491 491 491 491 491 490 490 490 490 489 489 488 488 488 487 487 486 486 485 484 484 483 482 482 481 481 479 479 478 478 477 475 475 474 473 472 471 470 469 468 467 466 465 463 462 461 459 457 456 455 454 451 450 449 448 445 444 442 441 438 437 435 433 431 429 427 425 422
489 490 490 491 491 492 491 491 492 492 493 493 492 492 493 493 493 492 493 493 493 493 492 492 492 492 492 491 491 491 491 490 490 490 490 490 489 488 488 488 487 486 486 486 486 484 484 483 483 482 481 481 480 479 478 478 477 475 475 474 473 472 471 470 469 467 466 465 464 462 461 460 459 457 456 455 454 451 450 449 448 445 444 442 441 438 437 435 433 431 428 426 424 421
490 490 490 491 491 492 492 491 492 492 492 493 493 492 493 493 493 493 493 493 493 493 493 492 492 492 492 492 491 491 491 491 490 490 490 490 489 488 488 488 488 486 486 486 485 484 484 483 483 482 481 481 480 479 478 477 477 476 474 473 472 472 470 469 468 467 466 465 464 463 461 460 459 458 456 455 454 452 450 449 447 446 444 442 441 439 436 434 432 430 428 426 424 421
489 491 491 491 491 491 492 492 493 492 492 493 493 493 493 493 493 493 493 493 493 493 493 493 492 492 492 492 491 491 491 491 491 490 490 490 489 488 488 488 488 486 486 486 485 485 484 483 482 481 480 480 479 479 477 476 476 475 474 473 472 472 470 469 468 467 466 465 464 463 461 460 459 458 456 455 453 452 450 449 447 445 443 441 440 438 436 434 432 430 428 426 424 422
489 489 490 490 490 490 491 491 492 492 491 492 492 492 493 492 492 492 492 493 492 492 492 492 491 491 491 491 491 490 490 490 490 489 489 489 488 488 487 487 487 486 485 485 484 484 483 482 482 481 480 479 479 478 477 476 476 475 475 473 472 471 471 469 468 467 466 465 464 463 462 460 459 458 457 455 452 451 450 448 446 445 443 441 440 438 435 434 432 430 427 426 424 422
489 489 490 490 491 490 491 491 492 492 492 492 492 492 492 493 492 492 492 493 493 492 492 492 492 491 491 491 491 491 490 490 490 490 489 489 488 488 487 487 486 486 486 485 484 484 484 482 482 481 481 479 479 478 478 476 476 475 474 473 472 471 471 469 468 467 466 465 464 463 461 459 458 457 456 453 452 451 450 448 446 445 444 441 440 438 436 434 432 430 428 425 424 420
490 489 490 490 491 491 491 491 492 492 492 493 492 492 492 493 493 492 492 492 493 492 492 492 492 492 491 491 491 491 490 490 490 490 490 488 488 488 488 487 486 486 486 485 484 484 484 482 482 481 481 479 479 478 478 476 476 475 474 473 472 471 471 468 467 466 465 463 463 462 461 459 458 457 456 453 452 451 450 448 446 445 443 441 439 438 436 434 432 429 427 424 422 420
490 490 490 490 491 491 492 491 491 492 492 493 493 492 492 493 493 492 492 492 493 493 492 492 492 492 492 491 491 491 491 490 490 490 490 488 488 488 488 487 486 486 486 486 484 484 483 483 482 481 481 480 479 478 478 476 475 474 473 473 471 470 470 469 467 466 465 464 463 462 461 460 458 457 455 454 452 451 450 448 446 445 443 441 438 437 435 433 431 429 427 424 422 420
489 489 490 489 490 490 492 492 491 492 492 492 493 492 492 493 493 493 492 492 493 493 493 492 492 492 492 491 491 491 491 491 490 490 490 489 488 488 488 488 486 486 486 484 483 483 482 482 481 480 480 479 478 477 477 476 475 474 473 473 471 470 469 469 467 466 465 464 462 462 461 460 458 456 455 454 452 451 450 447 445 444 442 441 438 437 435 433 431 429 427 425 422 420
489 489 490 490 490 490 491 491 491 491 491 491 492 492 491 492 492 492 492 491 491 492 492 491 491 491 491 491 490 490 490 490 489 489 488 488 487 487 487 487 486 485 485 484 484 483 482 482 482 480 480 479 479 477 477 476 475 474 473 473 472 470 469 469 468 466 465 464 463 461 460 459 457 455 454 453 451 450 449 447 445 444 442 441 438 437 435 433 431 429 427 425 422 420
489 489 490 490 491 490 490 491 491 492 491 491 492 492 492 491 492 492 492 492 491 492 492 492 491 491 491 491 490 490 490 490 490 489 488 488 488 487 487 486 486 485 485 484 484 483 482 482 481 480 480 479 479 477 477 476 475 474 473 472 472 470 469 469 468 466 465 463 462 460 459 458 457 455 454 453 452 450 448 447 446 444 442 441 438 437 435 433 431 429 427 424 421 419
489 489 490 490 491 491 490 491 491 492 492 491 492 492 492 492 492 492 492 492 491 491 492 492 492 491 491 491 491 490 490 490 490 488 488 488 488 487 487 486 486 485 485 484 484 484 482 482 481 481 480 479 479 478 476 476 475 475 473 472 471 469 468 467 467 465 464 463 462 460 459 458 457 455 454 453 452 450 448 447 446 443 442 441 439 437 434 432 430 428 426 424 421 419
489 490 489 490 490 491 491 491 491 492 492 492 492 492 492 492 493 492 492 492 492 491 491 492 492 491 491 491 491 491 490 490 489 489 488 488 488 488 487 486 486 486 485 484 484 484 482 482 481 481 478 478 477 477 475 475 474 474 472 471 471 470 468 467 467 466 464 463 462 461 459 458 457 455 454 453 452 450 448 447 446 442 441 439 438 435 434 432 430 428 426 424 422 419
488 489 489 489 489 490 490 491 490 490 491 491 491 491 491 491 491 491 492 492 492 492 491 492 492 492 491 491 491 491 490 489 488 488 487 487 487 487 485 485 485 485 483 483 483 482 481 481 480 480 478 478 477 477 475 475 474 474 472 471 471 470 468 467 467 466 464 463 462 461 459 458 457 456 454 453 451 449 447 446 445 442 441 439 438 435 434 432 430 428 426 424 422 419
488 489 489 490 489 490 490 491 491 490 491 491 491 491 491 491 491 492 491 491 491 491 490 490 491 491 490 490 490 490 490 488 488 488 488 487 487 487 486 485 485 485 484 483 483 482 482 481 480 480 479 478 477 477 476 475 474 473 473 471 470 470 468 467 466 466 464 463 462 461 458 457 456 455 453 452 451 449 447 446 445 443 441 439 438 436 434 432 430 427 426 424 421 418
488 489 489 490 490 490 490 491 491 491 491 491 491 492 491 491 491 492 492 491 491 491 491 490 490 490 491 490 490 489 489 488 488 488 488 487 487 487 486 485 485 485 484 483 483 482 482 481 480 480 479 478 477 477 476 475 474 473 473 471 470 470 468 466 465 465 464 462 461 460 459 457 456 455 453 452 451 449 447 446 444 443 441 439 438 436 434 431 429 427 424 423 420 417
489 489 489 490 490 491 490 490 491 491 491 491 491 492 492 491 491 491 492 491 491 491 491 490 490 490 490 490 489 489 489 489 488 488 488 488 487 486 486 486 485 485 484 484 483 482 482 481 480 480 479 478 477 476 475 474 473 472 472 470 469 469 468 466 465 464 464 462 461 460 459 457 456 455 454 452 450 449 447 446 444 443 440 438 437 435 432 431 429 427 424 422 420 418
488 489 488 489 489 490 490 489 490 491 492 491 491 491 492 491 491 491 492 492 491 491 491 491 490 490 490 490 489 489 489 489 488 488 488 488 487 486 486 486 484 483 483 483 482 481 481 480 479 479 478 478 476 476 475 474 473 472 472 471 469 469 468 466 465 464 464 462 461 460 459 457 456 455 454 452 450 448 447 445 443 442 439 438 437 435 432 431 429 427 424 422 420 418
488 489 489 489 489 489 490 489 490 490 490 491 490 490 491 491 490 490 491 491 490 490 490 490 489 489 489 489 488 488 488 488 488 487 487 487 487 485 485 485 484 483 483 483 481 481 481 480 479 478 478 478 476 476 475 474 473 472 472 471 469 468 468 467 465 464 463 463 461 460 459 456 455 454 453 450 449 448 447 445 443 442 440 438 436 435 433 431 429 427 424 422 420 417
488 488 489 488 489 489 490 490 490 490 490 491 490 490 491 491 491 490 490 491 491 490 490 490 490 489 489 489 489 488 488 488 488 487 487 487 486 485 485 485 485 483 483 483 482 481 481 480 480 478 478 477 476 475 475 474 473 472 471 471 469 468 468 467 464 463 462 462 460 459 458 457 455 454 452 450 449 448 447 444 443 442 440 438 436 435 433 430 428 426 424 421 419 417
488 488 489 489 489 489 490 490 491 490 490 491 491 490 491 491 491 490 490 491 491 490 490 490 490 489 489 489 489 488 488 488 488 487 487 487 486 485 485 485 485 483 483 483 482 481 481 480 480 478 478 477 477 475 475 473 473 471 470 470 468 467 467 466 464 463 462 461 460 459 458 457 455 454 452 451 449 448 447 444 443 442 440 437 435 434 432 429 428 426 424 421 419 417
487 487 488 488 489 488 490 490 491 490 490 491 491 491 490 491 491 491 490 490 491 491 490 490 490 490 489 489 489 489 488 488 488 488 487 486 486 486 485 485 484 484 483 482 481 480 480 479 479 477 477 476 476 474 474 473 473 471 470 470 469 467 466 466 465 463 462 461 459 458 458 457 454 453 452 451 449 447 446 444 442 441 439 437 435 434 432 429 427 426 424 421 419 417
488 487 488 488 489 489 489 489 489 490 489 489 490 490 489 490 490 490 489 489 490 490 489 489 489 489 488 488 488 488 487 487 487 487 486 485 485 485 484 484 483 483 482 481 481 481 479 479 479 478 477 476 476 474 474 473 472 471 470 470 469 467 466 466 465 463 462 461 460 458 457 455 453 452 451 450 448 447 445 444 442 440 439 438 435 433 432 429 427 426 424 421 418 416
488 488 488 488 489 489 489 489 489 490 489 489 490 490 490 490 490 490 490 489 489 490 490 489 489 489 489 488 488 488 488 487 487 487 485 485 485 485 484 484 483 483 482 481 481 481 479 479 479 478 477 476 476 475 474 473 472 471 470 469 469 467 466 466 464 462 461 460 459 457 456 455 454 452 451 450 448 447 445 444 442 440 439 437 435 433 432 430 426 424 423 420 418 415
487 488 488 488 489 489 489 489 489 490 490 489 490 490 490 489 490 490 490 489 489 490 490 489 489 489 489 488 488 488 488 487 487 487 486 485 485 485 485 483 483 483 482 481 481 481 479 479 478 478 477 476 476 475 473 472 471 471 469 468 468 466 465 464 464 462 461 460 459 457 456 455 454 452 451 450 448 446 445 444 442 440 439 436 434 432 431 429 426 424 422 419 417 415
486 487 487 487 487 488 489 489 489 490 490 489 490 490 490 489 490 490 490 489 489 489 490 489 489 489 489 488 488 488 488 487 487 486 486 485 485 485 485 483 483 483 483 480 480 480 479 478 477 477 475 475 474 474 472 472 471 471 469 468 468 467 465 464 464 462 461 460 459 457 456 455 454 452 451 450 449 445 444 443 440 439 438 436 434 432 430 429 426 424 422 420 417 415
486 487 487 488 487 488 488 489 488 488 489 489 488 489 489 489 489 489 489 489 488 488 488 489 488 488 488 488 487 487 487 487 485 485 485 484 484 484 484 482 482 482 481 480 480 479 479 478 477 477 476 475 474 474 472 472 471 471 469 468 468 467 465 464 463 463 461 460 459 457 456 454 453 451 450 449 448 445 444 443 441 439 438 436 434 432 430 429 426 424 422 420 416 414
486 487 487 488 487 488 488 489 488 488 489 489 488 489 489 489 488 489 489 489 488 488 488 488 488 488 488 488 487 487 487 486 485 485 485 485 484 484 483 482 482 482 481 480 480 479 479 478 477 477 476 475 474 474 473 472 471 470 469 468 467 467 465 463 462 462 460 459 458 457 455 454 453 451 450 449 447 445 444 443 441 439 437 436 433 432 430 428 425 423 421 419 416 414
487 487 487 488 488 488 488 489 489 488 489 489 489 489 489 489 489 489 489 489 489 488 488 488 487 487 488 488 487 486 486 486 485 485 485 485 484 484 483 483 482 482 481 480 480 479 479 478 477 477 476 475 474 474 472 471 470 469 468 467 466 466 464 463 462 461 460 459 458 457 455 454 453 451 450 448 447 445 444 443 441 439 436 435 433 431 429 427 425 423 421 419 416 414
486 486 486 487 487 487 487 487 488 488 489 489 489 489 489 489 489 488 489 489 489 488 488 488 488 487 487 487 487 486 486 486 485 485 485 485 484 483 483 483 481 481 480 480 479 478 478 476 476 476 475 474 473 473 472 470 470 469 469 467 466 466 464 463 462 461 460 459 458 457 455 454 453 452 450 448 446 444 443 441 440 438 436 435 433 431 429 427 425 423 421 419 416 414
486 487 486 487 487 488 487 487 488 488 487 488 488 487 488 488 488 487 488 488 488 487 487 487 487 486 486 486 486 485 485 485 485 484 484 484 483 482 482 482 481 480 480 480 478 478 478 477 476 476 475 474 473 473 472 470 470 469 469 467 466 465 465 463 462 461 459 459 458 456 454 453 452 451 448 447 446 444 443 441 440 438 436 435 433 430 429 427 425 423 421 419 416 413
486 486 486 486 487 487 487 487 488 488 487 488 488 488 488 488 488 488 487 488 488 487 487 487 487 486 486 486 486 485 485 485 485 484 484 484 483 482 482 482 481 480 480 480 478 478 478 477 476 475 475 474 473 472 472 470 470 469 468 467 466 464 464 462 461 460 458 457 456 456 454 453 452 450 448 447 446 445 442 441 440 437 436 435 433 430 429 427 425 422 421 419 415 413
486 486 486 486 487 487 487 487 488 488 487 488 488 488 488 488 488 488 487 488 488 488 487 487 487 486 486 486 486 485 485 485 485 484 484 484 483 482 482 482 481 480 480 480 478 478 478 477 476 475 475 473 472 471 471 469 469 468 467 466 465 464 463 462 461 460 459 457 456 455 453 452 451 450 448 447 446 445 442 441 440 437 436 434 433 430 429 427 425 422 420 418 416 413
485 485 486 485 486 486 487 486 486 487 487 487 487 487 486 487 488 488 487 487 488 488 487 487 487 487 486 486 486 485 485 485 485 483 483 482 482 481 481 481 480 479 479 479 477 477 476 476 475 474 474 473 472 471 471 470 469 468 467 466 465 464 463 462 461 460 459 457 456 455 453 452 451 450 448 447 446 445 442 441 440 438 436 434 433 430 428 427 425 422 420 418 416 413
485 485 486 485 486 486 487 486 486 487 487 486 487 487 487 487 487 487 486 486 487 487 486 486 486 486 485 485 485 485 484 484 484 483 483 482 482 481 481 481 480 479 479 478 478 477 476 476 475 474 474 473 472 471 471 470 468 468 467 465 465 464 463 462 461 460 459 457 456 455 453 452 451 450 448 447 446 444 442 441 439 438 436 434 433 430 428 427 425 422 420 418 416 413
