testData/tiles/oneDegree/grid19.0-26.0-20.0-27.0.asc
ncols   200
nrows   200
xllcorner   19.0
yllcorner   26.0
cellsize   0.005
NODATA_value   -9999.0
[rows 170 to 186 of 200, columns 37 to 73 of 200]
4.100000000000000000e+02 4.090000000000000000e+02 4.080000000000000000e+02 4.070000000000000000e+02 4.060000000000000000e+02 4.050000000000000000e+02 4.040000000000000000e+02 4.030000000000000000e+02 4.020000000000000000e+02 4.000000000000000000e+02 3.990000000000000000e+02 3.980000000000000000e+02 3.970000000000000000e+02 3.960000000000000000e+02 3.950000000000000000e+02 3.940000000000000000e+02 3.920000000000000000e+02 3.910000000000000000e+02 3.900000000000000000e+02 3.890000000000000000e+02 3.880000000000000000e+02 3.880000000000000000e+02 3.880000000000000000e+02 3.880000000000000000e+02 3.880000000000000000e+02 3.880000000000000000e+02 3.880000000000000000e+02 3.880000000000000000e+02 3.880000000000000000e+02 3.880000000000000000e+02 3.880000000000000000e+02 3.880000000000000000e+02 3.880000000000000000e+02 3.880000000000000000e+02 3.880000000000000000e+02 3.880000000000000000e+02 3.880000000000000000e+02
4.110000000000000000e+02 4.100000000000000000e+02 4.090000000000000000e+02 4.080000000000000000e+02 4.070000000000000000e+02 4.060000000000000000e+02 4.050000000000000000e+02 4.040000000000000000e+02 4.020000000000000000e+02 4.010000000000000000e+02 4.000000000000000000e+02 3.990000000000000000e+02 3.980000000000000000e+02 3.970000000000000000e+02 3.960000000000000000e+02 3.940000000000000000e+02 3.930000000000000000e+02 3.920000000000000000e+02 3.910000000000000000e+02 3.900000000000000000e+02 3.880000000000000000e+02 3.880000000000000000e+02 3.880000000000000000e+02 3.880000000000000000e+02 3.880000000000000000e+02 3.880000000000000000e+02 3.880000000000000000e+02 3.880000000000000000e+02 3.880000000000000000e+02 3.880000000000000000e+02 3.880000000000000000e+02 3.880000000000000000e+02 3.880000000000000000e+02 3.880000000000000000e+02 3.880000000000000000e+02 3.880000000000000000e+02 3.880000000000000000e+02
4.120000000000000000e+02 4.110000000000000000e+02 4.100000000000000000e+02 4.090000000000000000e+02 4.080000000000000000e+02 4.070000000000000000e+02 4.060000000000000000e+02 4.040000000000000000e+02 4.030000000000000000e+02 4.020000000000000000e+02 4.010000000000000000e+02 4.000000000000000000e+02 3.990000000000000000e+02 3.980000000000000000e+02 3.960000000000000000e+02 3.950000000000000000e+02 3.940000000000000000e+02 3.930000000000000000e+02 3.910000000000000000e+02 3.900000000000000000e+02 3.890000000000000000e+02 3.880000000000000000e+02 3.880000000000000000e+02 3.880000000000000000e+02 3.880000000000000000e+02 3.880000000000000000e+02 3.880000000000000000e+02 3.880000000000000000e+02 5.680000000000000000e+02 5.680000000000000000e+02 5.680000000000000000e+02 5.680000000000000000e+02 5.680000000000000000e+02 5.680000000000000000e+02 5.680000000000000000e+02 5.680000000000000000e+02 5.680000000000000000e+02
4.130000000000000000e+02 4.120000000000000000e+02 4.110000000000000000e+02 4.100000000000000000e+02 4.090000000000000000e+02 4.070000000000000000e+02 4.060000000000000000e+02 4.050000000000000000e+02 4.040000000000000000e+02 4.030000000000000000e+02 4.020000000000000000e+02 4.010000000000000000e+02 3.990000000000000000e+02 3.980000000000000000e+02 3.970000000000000000e+02 3.960000000000000000e+02 3.950000000000000000e+02 3.930000000000000000e+02 5.720000000000000000e+02 5.710000000000000000e+02 5.700000000000000000e+02 5.680000000000000000e+02 5.680000000000000000e+02 5.680000000000000000e+02 5.680000000000000000e+02 5.680000000000000000e+02 5.680000000000000000e+02 5.680000000000000000e+02 5.680000000000000000e+02 5.680000000000000000e+02 5.680000000000000000e+02 5.680000000000000000e+02 5.680000000000000000e+02 5.680000000000000000e+02 5.680000000000000000e+02 5.680000000000000000e+02 5.680000000000000000e+02
4.140000000000000000e+02 4.130000000000000000e+02 4.120000000000000000e+02 4.110000000000000000e+02 4.090000000000000000e+02 4.080000000000000000e+02 4.070000000000000000e+02 4.060000000000000000e+02 4.050000000000000000e+02 4.040000000000000000e+02 5.830000000000000000e+02 5.810000000000000000e+02 5.800000000000000000e+02 5.790000000000000000e+02 5.780000000000000000e+02 5.770000000000000000e+02 5.750000000000000000e+02 5.740000000000000000e+02 5.730000000000000000e+02 5.720000000000000000e+02 5.700000000000000000e+02 5.690000000000000000e+02 5.680000000000000000e+02 5.680000000000000000e+02 5.680000000000000000e+02 5.680000000000000000e+02 5.680000000000000000e+02 5.680000000000000000e+02 5.680000000000000000e+02 5.680000000000000000e+02 5.680000000000000000e+02 5.680000000000000000e+02 5.680000000000000000e+02 5.680000000000000000e+02 5.680000000000000000e+02 5.680000000000000000e+02 5.680000000000000000e+02
4.150000000000000000e+02 4.140000000000000000e+02 5.930000000000000000e+02 5.910000000000000000e+02 5.900000000000000000e+02 5.890000000000000000e+02 5.880000000000000000e+02 5.870000000000000000e+02 5.860000000000000000e+02 5.850000000000000000e+02 5.830000000000000000e+02 5.820000000000000000e+02 5.810000000000000000e+02 5.800000000000000000e+02 5.780000000000000000e+02 5.770000000000000000e+02 5.760000000000000000e+02 5.750000000000000000e+02 5.730000000000000000e+02 5.720000000000000000e+02 5.710000000000000000e+02 5.700000000000000000e+02 5.680000000000000000e+02 5.680000000000000000e+02 5.680000000000000000e+02 5.680000000000000000e+02 5.680000000000000000e+02 5.680000000000000000e+02 5.680000000000000000e+02 5.680000000000000000e+02 5.680000000000000000e+02 5.680000000000000000e+02 5.680000000000000000e+02 5.680000000000000000e+02 5.680000000000000000e+02 5.680000000000000000e+02 5.680000000000000000e+02
5.960000000000000000e+02 5.950000000000000000e+02 5.930000000000000000e+02 5.920000000000000000e+02 5.910000000000000000e+02 5.900000000000000000e+02 5.890000000000000000e+02 5.880000000000000000e+02 5.860000000000000000e+02 5.850000000000000000e+02 5.840000000000000000e+02 5.830000000000000000e+02 5.820000000000000000e+02 5.800000000000000000e+02 5.790000000000000000e+02 5.780000000000000000e+02 5.770000000000000000e+02 5.750000000000000000e+02 5.740000000000000000e+02 5.730000000000000000e+02 5.710000000000000000e+02 5.700000000000000000e+02 5.690000000000000000e+02 5.680000000000000000e+02 5.680000000000000000e+02 5.680000000000000000e+02 5.680000000000000000e+02 5.680000000000000000e+02 5.680000000000000000e+02 5.680000000000000000e+02 5.680000000000000000e+02 5.680000000000000000e+02 5.680000000000000000e+02 5.680000000000000000e+02 5.680000000000000000e+02 5.680000000000000000e+02 5.680000000000000000e+02
5.960000000000000000e+02 5.950000000000000000e+02 5.940000000000000000e+02 5.930000000000000000e+02 5.920000000000000000e+02 5.910000000000000000e+02 5.900000000000000000e+02 5.880000000000000000e+02 5.870000000000000000e+02 5.860000000000000000e+02 5.850000000000000000e+02 5.830000000000000000e+02 5.820000000000000000e+02 5.810000000000000000e+02 5.800000000000000000e+02 5.780000000000000000e+02 5.770000000000000000e+02 5.760000000000000000e+02 5.750000000000000000e+02 5.730000000000000000e+02 5.720000000000000000e+02 5.710000000000000000e+02 5.690000000000000000e+02 5.680000000000000000e+02 5.680000000000000000e+02 5.680000000000000000e+02 5.680000000000000000e+02 5.680000000000000000e+02 5.680000000000000000e+02 5.680000000000000000e+02 5.680000000000000000e+02 5.680000000000000000e+02 5.680000000000000000e+02 5.680000000000000000e+02 5.680000000000000000e+02 5.680000000000000000e+02 5.680000000000000000e+02
5.970000000000000000e+02 5.960000000000000000e+02 5.950000000000000000e+02 5.940000000000000000e+02 5.930000000000000000e+02 5.920000000000000000e+02 5.900000000000000000e+02 5.890000000000000000e+02 5.880000000000000000e+02 5.870000000000000000e+02 5.850000000000000000e+02 5.840000000000000000e+02 5.830000000000000000e+02 5.820000000000000000e+02 5.800000000000000000e+02 5.790000000000000000e+02 5.780000000000000000e+02 5.760000000000000000e+02 5.750000000000000000e+02 5.740000000000000000e+02 5.720000000000000000e+02 5.710000000000000000e+02 5.700000000000000000e+02 5.680000000000000000e+02 5.680000000000000000e+02 5.680000000000000000e+02 5.680000000000000000e+02 5.680000000000000000e+02 5.680000000000000000e+02 5.680000000000000000e+02 5.680000000000000000e+02 5.680000000000000000e+02 5.680000000000000000e+02 5.680000000000000000e+02 5.680000000000000000e+02 5.680000000000000000e+02 5.680000000000000000e+02
5.980000000000000000e+02 5.970000000000000000e+02 5.960000000000000000e+02 5.950000000000000000e+02 5.930000000000000000e+02 5.920000000000000000e+02 5.910000000000000000e+02 5.900000000000000000e+02 5.880000000000000000e+02 5.870000000000000000e+02 5.860000000000000000e+02 5.850000000000000000e+02 5.830000000000000000e+02 5.820000000000000000e+02 5.810000000000000000e+02 5.800000000000000000e+02 5.780000000000000000e+02 5.770000000000000000e+02 5.760000000000000000e+02 5.740000000000000000e+02 5.730000000000000000e+02 5.720000000000000000e+02 5.700000000000000000e+02 5.690000000000000000e+02 5.680000000000000000e+02 5.680000000000000000e+02 5.680000000000000000e+02 5.680000000000000000e+02 5.680000000000000000e+02 5.680000000000000000e+02 5.680000000000000000e+02 5.680000000000000000e+02 5.680000000000000000e+02 5.680000000000000000e+02 5.680000000000000000e+02 5.680000000000000000e+02 5.680000000000000000e+02
5.990000000000000000e+02 5.980000000000000000e+02 5.970000000000000000e+02 5.950000000000000000e+02 5.940000000000000000e+02 5.930000000000000000e+02 5.920000000000000000e+02 5.900000000000000000e+02 5.890000000000000000e+02 5.880000000000000000e+02 5.870000000000000000e+02 5.850000000000000000e+02 5.840000000000000000e+02 5.830000000000000000e+02 5.810000000000000000e+02 5.800000000000000000e+02 5.790000000000000000e+02 5.770000000000000000e+02 5.760000000000000000e+02 5.750000000000000000e+02 5.730000000000000000e+02 5.720000000000000000e+02 5.710000000000000000e+02 5.690000000000000000e+02 5.680000000000000000e+02 5.680000000000000000e+02 5.680000000000000000e+02 5.680000000000000000e+02 5.680000000000000000e+02 5.680000000000000000e+02 5.680000000000000000e+02 5.680000000000000000e+02 5.680000000000000000e+02 5.680000000000000000e+02 5.680000000000000000e+02 5.680000000000000000e+02 5.680000000000000000e+02
6.000000000000000000e+02 5.980000000000000000e+02 5.970000000000000000e+02 5.960000000000000000e+02 5.950000000000000000e+02 5.940000000000000000e+02 5.920000000000000000e+02 5.910000000000000000e+02 5.900000000000000000e+02 5.880000000000000000e+02 5.870000000000000000e+02 5.860000000000000000e+02 5.840000000000000000e+02 5.830000000000000000e+02 5.820000000000000000e+02 5.800000000000000000e+02 5.790000000000000000e+02 5.780000000000000000e+02 5.760000000000000000e+02 5.750000000000000000e+02 5.740000000000000000e+02 5.720000000000000000e+02 5.710000000000000000e+02 5.700000000000000000e+02 5.680000000000000000e+02 5.680000000000000000e+02 5.680000000000000000e+02 5.680000000000000000e+02 5.680000000000000000e+02 5.680000000000000000e+02 5.680000000000000000e+02 5.680000000000000000e+02 5.680000000000000000e+02 5.680000000000000000e+02 5.680000000000000000e+02 5.680000000000000000e+02 5.680000000000000000e+02
6.000000000000000000e+02 5.990000000000000000e+02 5.980000000000000000e+02 5.970000000000000000e+02 5.950000000000000000e+02 5.940000000000000000e+02 5.930000000000000000e+02 5.920000000000000000e+02 5.900000000000000000e+02 5.890000000000000000e+02 5.880000000000000000e+02 5.860000000000000000e+02 5.850000000000000000e+02 5.840000000000000000e+02 5.820000000000000000e+02 5.810000000000000000e+02 5.800000000000000000e+02 5.780000000000000000e+02 5.770000000000000000e+02 5.760000000000000000e+02 5.740000000000000000e+02 5.730000000000000000e+02 5.710000000000000000e+02 5.700000000000000000e+02 5.690000000000000000e+02 5.680000000000000000e+02 5.680000000000000000e+02 5.680000000000000000e+02 5.680000000000000000e+02 5.680000000000000000e+02 5.680000000000000000e+02 5.680000000000000000e+02 5.680000000000000000e+02 5.680000000000000000e+02 5.680000000000000000e+02 5.680000000000000000e+02 5.680000000000000000e+02
6.010000000000000000e+02 6.000000000000000000e+02 5.990000000000000000e+02 5.970000000000000000e+02 5.960000000000000000e+02 5.950000000000000000e+02 5.930000000000000000e+02 5.920000000000000000e+02 5.910000000000000000e+02 5.890000000000000000e+02 5.880000000000000000e+02 5.870000000000000000e+02 5.850000000000000000e+02 5.840000000000000000e+02 5.830000000000000000e+02 5.810000000000000000e+02 5.800000000000000000e+02 5.790000000000000000e+02 5.770000000000000000e+02 5.760000000000000000e+02 5.750000000000000000e+02 5.730000000000000000e+02 5.720000000000000000e+02 5.700000000000000000e+02 5.690000000000000000e+02 5.680000000000000000e+02 5.680000000000000000e+02 5.680000000000000000e+02 5.680000000000000000e+02 5.680000000000000000e+02 5.680000000000000000e+02 5.680000000000000000e+02 5.680000000000000000e+02 5.680000000000000000e+02 5.680000000000000000e+02 5.680000000000000000e+02 5.680000000000000000e+02
6.020000000000000000e+02 6.000000000000000000e+02 5.990000000000000000e+02 5.980000000000000000e+02 5.960000000000000000e+02 5.950000000000000000e+02 5.940000000000000000e+02 5.920000000000000000e+02 5.910000000000000000e+02 5.900000000000000000e+02 5.880000000000000000e+02 5.870000000000000000e+02 5.860000000000000000e+02 5.840000000000000000e+02 5.830000000000000000e+02 5.820000000000000000e+02 5.800000000000000000e+02 5.790000000000000000e+02 5.780000000000000000e+02 5.760000000000000000e+02 5.750000000000000000e+02 5.730000000000000000e+02 5.720000000000000000e+02 5.710000000000000000e+02 5.690000000000000000e+02 5.680000000000000000e+02 5.680000000000000000e+02 5.680000000000000000e+02 5.680000000000000000e+02 5.680000000000000000e+02 5.680000000000000000e+02 5.680000000000000000e+02 5.680000000000000000e+02 5.680000000000000000e+02 5.680000000000000000e+02 5.680000000000000000e+02 5.680000000000000000e+02
6.020000000000000000e+02 6.010000000000000000e+02 6.000000000000000000e+02 5.980000000000000000e+02 5.970000000000000000e+02 5.960000000000000000e+02 5.940000000000000000e+02 5.930000000000000000e+02 5.920000000000000000e+02 5.900000000000000000e+02 5.890000000000000000e+02 5.870000000000000000e+02 5.860000000000000000e+02 5.850000000000000000e+02 5.830000000000000000e+02 5.820000000000000000e+02 5.810000000000000000e+02 5.790000000000000000e+02 5.780000000000000000e+02 5.770000000000000000e+02 5.750000000000000000e+02 5.740000000000000000e+02 5.720000000000000000e+02 5.710000000000000000e+02 5.700000000000000000e+02 5.680000000000000000e+02 5.680000000000000000e+02 5.680000000000000000e+02 5.680000000000000000e+02 5.680000000000000000e+02 5.680000000000000000e+02 5.680000000000000000e+02 5.680000000000000000e+02 5.680000000000000000e+02 5.680000000000000000e+02 5.680000000000000000e+02 5.680000000000000000e+02
6.030000000000000000e+02 6.010000000000000000e+02 6.000000000000000000e+02 5.990000000000000000e+02 5.970000000000000000e+02 5.960000000000000000e+02 5.950000000000000000e+02 5.930000000000000000e+02 5.920000000000000000e+02 5.910000000000000000e+02 5.890000000000000000e+02 5.880000000000000000e+02 5.860000000000000000e+02 5.850000000000000000e+02 5.840000000000000000e+02 5.820000000000000000e+02 5.810000000000000000e+02 5.800000000000000000e+02 5.780000000000000000e+02 5.770000000000000000e+02 5.750000000000000000e+02 5.740000000000000000e+02 5.730000000000000000e+02 5.710000000000000000e+02 5.700000000000000000e+02 5.680000000000000000e+02 5.680000000000000000e+02 5.680000000000000000e+02 5.680000000000000000e+02 5.680000000000000000e+02 5.680000000000000000e+02 5.680000000000000000e+02 5.680000000000000000e+02 5.680000000000000000e+02 5.680000000000000000e+02 5.680000000000000000e+02 5.680000000000000000e+02
