testData/tiles/oneDegree/grid0.0-25.0-1.0-26.0.asc
ncols   200
nrows   200
xllcorner   0.0
yllcorner   25.0
cellsize   0.005
NODATA_value   -9999.0
[rows 42 to 83 of 200, columns 94 to 187 of 200]
461 461 462 462 462 462 463 463 463 463 464 464 464 465 466 467 468 469 471 471 472 473 474 475 476 477 478 478 480 481 481 482 484 485 485 486 487 487 489 489 490 491 491 493 494 494 495 495 497 497 498 499 499 500 501 502 502 503 503 504 504 506 506 507 507 508 508 510 510 511 511 512 512 513 514 515 515 515 585 585 586 586 588 588 588 593 598 603 607 610 616 619 624 627
461 461 462 462 462 462 463 463 463 463 464 464 464 464 466 467 468 469 470 471 472 473 473 475 476 477 477 478 480 481 481 482 483 484 485 486 486 487 489 489 490 490 491 493 493 494 494 495 496 497 498 498 499 499 501 502 502 503 503 504 504 506 506 507 507 508 508 510 510 511 511 512 512 512 514 514 515 515 585 585 586 586 587 588 588 593 597 602 607 610 616 619 623 627
461 461 462 462 462 462 463 463 463 463 464 464 464 464 466 467 467 468 469 471 472 472 473 475 476 476 477 478 480 480 481 482 482 484 485 485 486 487 488 489 490 490 491 492 493 494 494 495 495 497 497 498 499 499 500 501 502 502 503 503 504 505 506 506 507 507 508 509 510 510 511 511 512 512 514 514 515 515 584 585 585 586 587 588 588 592 597 601 606 610 614 619 622 625
461 461 462 462 462 462 463 463 463 463 464 464 464 464 466 466 467 468 469 471 471 472 473 475 475 476 477 477 479 480 481 481 482 484 484 485 486 486 488 489 489 490 490 492 493 493 494 494 495 497 497 498 498 499 499 501 502 502 503 503 504 505 506 506 507 507 508 509 510 510 511 511 511 512 512 514 514 515 584 585 585 585 587 587 588 591 596 601 605 610 613 618 622 625
461 461 462 462 462 462 463 463 463 463 464 464 464 464 465 466 467 468 468 470 471 472 472 474 475 476 476 477 479 480 480 481 482 483 484 485 485 486 488 488 489 489 490 492 492 493 494 494 495 496 497 497 498 499 499 501 501 502 502 503 503 505 505 506 506 507 507 508 509 510 510 511 511 512 512 514 514 514 584 584 585 585 587 587 587 591 596 601 605 609 613 618 621 625
461 461 462 462 462 462 463 463 463 463 464 464 464 464 465 466 466 467 468 470 471 471 472 474 475 475 476 477 478 479 480 481 481 483 484 484 485 486 487 488 488 489 490 491 492 493 493 494 494 496 497 497 498 498 499 500 501 501 502 502 503 504 505 505 506 506 507 507 509 509 510 510 511 511 512 513 514 514 584 584 584 585 585 587 587 590 595 599 604 608 612 617 621 625
461 461 462 462 462 462 463 463 463 463 464 464 464 464 465 465 466 467 468 469 470 471 472 473 474 475 476 476 478 479 479 480 481 483 483 484 485 485 487 487 488 489 489 491 492 492 493 493 494 496 496 497 497 498 498 500 500 501 502 502 503 504 505 505 506 506 507 507 509 509 510 510 510 511 511 513 513 514 583 584 584 584 585 586 587 589 594 599 603 608 612 616 620 624
461 461 462 462 462 462 463 463 463 463 464 464 464 464 464 465 465 466 467 469 470 470 471 473 474 474 475 476 478 478 479 480 480 482 483 483 484 485 486 487 488 488 489 490 491 492 492 493 494 495 496 496 497 497 498 500 500 501 501 502 502 504 504 505 505 506 506 507 508 509 509 510 510 511 511 512 513 513 583 583 584 584 584 586 586 589 594 599 603 607 611 616 619 623
461 461 462 462 462 462 463 463 463 463 464 464 464 464 464 465 465 466 467 468 469 470 471 471 473 474 475 475 477 478 479 479 480 482 482 483 484 484 486 487 487 488 488 489 491 491 492 493 493 495 495 496 496 497 498 499 500 500 501 501 502 503 504 504 505 505 506 506 508 508 509 509 510 510 511 512 512 513 582 583 583 584 584 586 586 588 593 598 603 606 610 615 619 622
461 461 461 462 462 462 463 463 463 463 463 464 464 464 464 465 465 465 466 468 469 469 470 471 473 473 474 475 477 477 478 479 479 481 482 482 483 484 485 486 487 487 488 489 490 491 491 492 493 494 495 495 496 497 497 499 499 500 500 501 501 502 503 504 504 505 505 506 507 508 508 509 509 510 510 512 512 513 582 582 583 583 584 585 585 587 592 597 601 605 610 613 619 622
461 461 461 462 462 462 462 463 463 463 463 464 464 464 464 465 465 465 465 467 468 469 470 470 472 473 474 474 476 477 477 478 479 481 481 482 483 483 484 486 486 487 487 488 490 490 491 492 492 494 494 495 495 496 497 498 499 499 500 500 501 501 503 503 504 504 505 505 507 507 508 508 509 509 510 510 512 512 581 582 582 583 583 585 585 586 592 596 601 605 609 613 617 622
461 461 461 462 462 462 462 463 463 463 463 464 464 464 464 465 465 465 465 467 467 468 469 470 472 472 473 474 474 476 477 478 478 479 481 481 482 483 483 485 486 486 487 488 489 490 490 491 492 492 494 494 495 496 496 497 498 499 499 500 500 501 502 503 503 504 504 505 505 507 507 508 508 509 509 510 511 512 581 581 582 582 583 583 585 586 590 596 600 605 608 612 617 620
461 461 461 462 462 462 462 463 463 463 463 464 464 464 464 465 465 465 465 466 467 468 468 469 471 472 472 473 474 476 476 477 478 478 480 481 481 482 483 484 485 486 486 487 489 489 490 490 491 492 493 494 494 495 496 496 498 498 499 499 500 500 502 502 503 503 504 504 505 506 507 507 508 508 509 509 511 511 581 581 581 582 582 583 584 584 590 594 599 603 607 612 616 620
461 461 461 462 462 462 462 463 463 463 463 464 464 464 464 465 465 465 465 465 466 467 468 468 470 471 472 473 473 475 476 476 477 478 480 480 481 482 482 484 485 485 486 486 488 489 489 490 490 491 493 493 494 494 495 496 497 498 498 499 499 500 501 502 502 503 503 504 504 506 506 507 507 508 508 509 510 511 511 580 581 581 582 582 584 584 589 594 598 603 607 610 615 619
461 461 461 462 462 462 462 463 463 463 463 464 464 464 464 465 465 465 465 465 466 466 467 468 470 470 471 472 473 474 475 476 476 477 479 480 480 481 482 483 484 485 485 486 487 488 489 489 490 490 492 493 493 494 494 495 496 497 498 498 499 499 501 501 502 502 503 503 504 505 506 506 507 507 508 508 510 510 510 580 580 581 581 582 583 583 588 593 598 602 605 610 613 619
461 461 461 462 462 462 462 463 463 463 463 464 464 464 464 465 465 465 465 465 466 466 466 467 469 470 470 471 472 474 474 475 476 476 478 479 480 480 481 483 483 484 485 485 486 487 488 489 489 490 491 492 493 493 494 494 496 496 497 498 498 499 500 501 501 502 502 503 503 505 505 506 506 507 507 507 509 509 510 579 580 580 581 581 582 583 587 592 597 600 605 609 613 617
461 461 461 462 462 462 462 463 463 463 463 464 464 464 464 464 465 465 465 465 466 466 466 466 468 469 470 470 471 473 474 474 475 476 477 478 479 480 480 482 483 483 484 484 485 487 487 488 489 489 491 491 492 493 493 494 495 496 496 497 497 498 498 500 500 501 502 502 503 504 504 505 505 506 506 507 507 509 509 579 579 580 580 580 581 582 587 591 595 600 604 608 612 616
461 461 461 462 462 462 462 463 463 463 463 464 464 464 464 464 465 465 465 465 466 466 466 466 466 468 469 470 470 472 473 474 474 475 477 477 478 479 479 481 482 482 483 484 484 486 487 487 488 488 489 491 491 492 492 493 495 495 496 496 497 497 498 499 500 500 501 501 502 502 504 504 505 505 506 506 507 508 509 578 578 579 579 580 580 582 585 590 595 599 604 607 611 616
461 461 461 462 462 462 462 463 463 463 463 463 464 464 464 464 465 465 465 465 466 466 466 466 466 467 468 469 470 470 472 473 474 474 476 477 477 478 479 479 481 482 482 483 484 485 486 487 487 488 488 490 491 491 492 492 493 494 495 495 496 497 497 499 499 500 500 501 501 502 503 504 504 505 505 506 506 507 508 577 578 578 579 579 580 581 584 589 593 598 602 606 610 614
461 461 461 461 462 462 462 462 463 463 463 463 464 464 464 464 465 465 465 465 466 466 466 466 466 467 467 468 469 470 471 472 473 473 474 476 477 477 478 479 480 481 482 482 483 484 485 486 486 487 488 489 490 490 491 492 492 494 494 495 495 496 496 498 498 499 499 500 500 501 502 503 503 504 504 505 505 507 507 577 577 578 578 578 579 580 583 588 592 597 601 605 609 612
461 461 461 461 462 462 462 462 463 463 463 463 464 464 464 464 465 465 465 465 466 466 466 466 466 467 467 467 468 469 470 471 472 473 473 475 476 476 477 478 479 480 481 481 482 484 484 485 486 486 487 488 489 490 490 491 491 493 493 494 495 495 496 497 498 498 499 499 500 500 502 502 503 503 504 504 505 505 506 576 576 577 577 578 578 580 582 587 592 596 601 604 608 612
461 461 461 461 462 462 462 462 463 463 463 463 464 464 464 464 465 465 465 465 465 466 466 466 466 467 467 467 467 468 469 470 471 472 472 474 475 476 476 477 479 479 480 481 481 482 483 484 485 485 486 488 488 489 489 490 490 492 493 493 494 494 495 495 497 497 498 498 499 499 501 501 502 502 503 503 504 504 506 575 576 576 577 577 577 578 581 586 590 594 599 603 607 611
461 461 461 461 462 462 462 462 463 463 463 463 464 464 464 464 465 465 465 465 465 466 466 466 466 467 467 467 467 467 469 469 470 471 472 473 474 475 475 476 478 478 479 480 480 481 483 483 484 484 485 487 487 488 489 489 490 491 492 492 493 493 494 495 496 497 497 498 498 499 499 501 501 502 502 503 503 503 505 574 575 575 576 576 577 577 579 585 589 594 598 602 606 609
461 461 461 461 462 462 462 462 463 463 463 463 464 464 464 464 464 465 465 465 465 466 466 466 466 466 467 467 467 467 468 468 469 470 471 472 473 474 474 475 477 477 478 479 479 480 482 482 483 484 484 485 486 487 488 488 489 489 491 491 492 493 493 494 495 496 496 497 497 498 498 500 500 501 501 502 502 503 504 574 574 575 575 575 576 576 579 583 589 593 596 601 605 609
461 461 461 461 462 462 462 462 463 463 463 463 464 464 464 464 464 465 465 465 465 466 466 466 466 466 467 467 467 467 468 468 468 469 470 471 472 473 473 474 475 476 477 478 478 479 481 481 482 483 483 484 486 486 487 487 488 488 490 491 491 492 492 493 494 495 495 496 496 497 497 499 499 500 500 501 501 502 503 573 573 574 574 575 575 575 576 582 587 591 596 600 603 608
460 461 461 461 462 462 462 462 463 463 463 463 463 464 464 464 464 465 465 465 465 466 466 466 466 466 467 467 467 467 467 468 468 468 469 469 471 472 472 473 474 475 476 477 478 478 480 480 481 482 482 483 485 485 486 486 487 488 489 490 490 491 491 492 493 494 495 495 496 496 497 498 499 499 500 500 500 501 501 503 572 573 573 574 574 575 575 580 586 590 595 598 602 606
460 461 461 461 461 462 462 462 462 463 463 463 463 464 464 464 464 465 465 465 465 466 466 466 466 466 467 467 467 467 467 468 468 468 468 468 470 471 471 472 473 474 475 476 476 477 479 479 480 481 481 482 484 484 485 485 486 487 488 489 489 490 490 491 491 493 494 494 495 495 496 496 498 498 499 499 500 500 501 502 571 572 572 573 573 574 574 580 584 588 593 597 602 605
460 461 461 461 461 462 462 462 462 463 463 463 463 464 464 464 464 465 465 465 465 465 466 466 466 466 467 467 467 467 467 468 468 468 468 468 469 470 470 471 472 473 474 475 475 476 477 478 479 480 480 481 483 483 484 484 485 486 487 488 488 489 489 490 491 492 493 493 494 494 495 495 497 497 498 498 499 499 500 501 571 571 571 572 572 573 573 579 583 587 592 596 600 604
460 461 461 461 461 462 462 462 462 463 463 463 463 464 464 464 464 465 465 465 465 465 466 466 466 466 467 467 467 467 467 468 468 468 468 468 469 469 469 470 471 472 473 474 474 475 476 477 478 479 479 480 481 482 483 483 484 485 485 487 487 488 488 489 490 491 492 492 493 493 494 494 496 496 497 497 498 498 499 499 570 570 570 571 571 572 572 576 582 587 591 594 599 602
460 461 461 461 461 462 462 462 462 463 463 463 463 464 464 464 464 464 465 465 465 465 466 466 466 466 466 467 467 467 467 468 468 468 468 468 469 469 469 469 469 470 472 473 473 474 475 476 477 478 478 479 479 481 482 482 483 483 484 486 486 487 487 488 488 490 491 491 492 492 493 493 495 495 496 496 497 497 498 498 569 569 570 570 570 571 571 575 580 585 589 593 598 601
460 461 461 461 461 462 462 462 462 463 463 463 463 464 464 464 464 464 465 465 465 465 466 466 466 466 466 467 467 467 467 467 468 468 468 468 468 469 469 469 469 469 471 471 472 473 473 475 476 476 477 478 478 480 481 481 482 482 483 485 485 486 486 487 487 488 490 490 491 491 492 492 493 494 495 495 496 496 497 497 568 568 568 569 569 570 570 573 579 584 588 592 596 600
460 461 461 461 461 462 462 462 462 463 463 463 463 463 464 464 464 464 465 465 465 465 466 466 466 466 466 467 467 467 467 467 468 468 468 468 468 469 469 469 469 469 470 470 471 472 472 473 475 475 476 477 477 479 479 480 481 481 482 483 484 485 485 486 486 487 488 489 489 490 491 491 492 493 494 494 495 495 496 496 567 567 567 568 568 569 569 572 576 582 586 590 595 598
460 460 461 461 461 461 462 462 462 462 463 463 463 463 464 464 464 464 465 465 465 465 465 466 466 466 466 467 467 467 467 467 468 468 468 468 468 469 469 469 469 469 470 470 470 470 471 472 473 474 475 475 476 477 478 479 479 480 481 481 483 483 484 485 485 486 487 488 488 489 489 490 490 492 492 493 493 494 494 495 564 566 566 567 567 568 568 570 575 580 585 589 593 597
460 460 461 461 461 461 462 462 462 462 463 463 463 463 464 464 464 464 465 465 465 465 465 466 466 466 466 467 467 467 467 467 468 468 468 468 468 469 469 469 469 469 470 470 470 470 470 470 472 473 473 474 475 475 477 478 478 479 479 480 482 482 483 483 484 485 486 487 487 488 488 489 489 491 491 492 492 493 493 494 563 565 565 566 566 567 567 569 573 578 584 587 592 595
460 460 461 461 461 461 462 462 462 462 463 463 463 463 464 464 464 464 465 465 465 465 465 466 466 466 466 466 467 467 467 467 468 468 468 468 468 469 469 469 469 469 469 470 470 470 470 470 471 471 472 473 473 474 476 476 477 478 478 479 480 481 482 482 483 483 484 485 486 487 487 488 488 489 490 491 491 492 492 493 562 564 564 565 565 565 566 566 572 576 582 586 591 594
460 460 461 461 461 461 462 462 462 462 463 463 463 463 464 464 464 464 464 465 465 465 465 466 466 466 466 466 467 467 467 467 467 468 468 468 468 468 469 469 469 469 469 470 470 470 470 470 471 471 471 471 472 473 474 475 476 476 477 478 479 480 480 481 481 482 483 484 485 485 486 486 487 487 489 489 490 490 491 491 561 561 563 563 564 564 565 565 570 575 581 585 588 593
460 460 461 461 461 461 462 462 462 462 463 463 463 463 463 464 464 464 464 465 465 465 465 466 466 466 466 466 467 467 467 467 467 468 468 468 468 468 469 469 469 469 469 470 470 470 470 470 470 471 471 471 471 471 472 474 474 475 476 476 477 478 479 480 480 481 481 483 483 484 485 485 486 486 488 488 489 489 490 490 491 560 562 562 563 563 564 564 568 573 578 583 587 591
460 460 460 461 461 461 462 462 462 462 462 463 463 463 463 464 464 464 464 465 465 465 465 465 466 466 466 466 467 467 467 467 467 468 468 468 468 468 469 469 469 469 469 470 470 470 470 470 470 471 471 471 471 471 471 472 473 474 474 475 475 477 478 478 479 479 480 481 482 483 483 484 484 485 485 487 487 488 488 489 489 559 560 561 561 562 562 563 566 572 576 582 585 589
460 460 460 461 461 461 461 462 462 462 462 463 463 463 463 464 464 464 464 465 465 465 465 465 466 466 466 466 467 467 467 467 467 468 468 468 468 468 469 469 469 469 469 469 470 470 470 470 470 471 471 471 471 471 471 472 472 472 473 473 474 476 476 477 477 478 479 479 481 481 482 482 483 484 484 486 486 487 487 488 488 558 558 560 560 561 561 561 565 569 574 579 584 587
460 460 460 461 461 461 461 462 462 462 462 463 463 463 463 464 464 464 464 465 465 465 465 465 466 466 466 466 466 467 467 467 467 467 468 468 468 468 468 469 469 469 469 469 470 470 470 470 470 470 471 471 471 471 471 472 472 472 472 472 473 473 475 475 476 477 477 478 479 480 480 481 482 482 483 484 485 485 486 486 487 556 557 558 559 559 560 560 563 568 573 577 581 586
460 460 460 461 461 461 461 462 462 462 462 463 463 463 463 464 464 464 464 464 465 465 465 465 466 466 466 466 466 467 467 467 467 467 468 468 468 468 468 469 469 469 469 469 470 470 470 470 470 470 471 471 471 471 471 471 472 472 472 472 472 472 473 474 475 475 476 476 477 478 479 480 480 481 481 482 483 484 484 485 485 555 555 557 557 558 558 559 561 566 570 575 580 584
460 460 460 461 461 461 461 462 462 462 462 463 463 463 463 463 464 464 464 464 465 465 465 465 466 466 466 466 466 467 467 467 467 467 468 468 468 468 468 469 469 469 469 469 470 470 470 470 470 470 471 471 471 471 471 471 472 472 472 472 472 472 473 473 473 474 474 475 475 477 478 478 479 479 480 480 482 482 483 483 484 553 554 554 556 556 557 557 559 564 569 573 579 582
