testData/tiles/oneDegree/grid3.0-21.0-4.0-22.0.asc
ncols   200
nrows   200
xllcorner   3.0
yllcorner   21.0
cellsize   0.005
NODATA_value   -9999.0
[rows 126 to 167 of 200, columns 0 to 93 of 200]
336 336 336 340 346 402 407 413 419 462 467 471 475 479 484 487 491 494 497 500 503 507 509 512 514 516 518 520 522 525 527 529 530 532 533 534 535 537 538 541 542 544 545 547 548 550 550 551 552 553 553 554 554 555 555 554 555 556 555 555 554 553 552 552 550 549 547 546 544 543 540 539 536 534 531 529 526 522 519 517 513 510 506 503 500 497 494 490 487 483 479 475 471 466
336 336 336 339 395 402 408 413 419 461 466 471 475 479 483 487 490 494 498 500 503 506 509 511 514 517 519 521 523 524 526 528 529 532 533 534 536 538 540 542 544 545 547 549 550 552 553 555 555 556 556 557 557 557 558 558 557 557 556 557 556 555 554 553 552 551 550 547 546 545 542 541 538 536 534 531 529 526 522 519 516 512 508 504 501 497 494 491 486 482 478 474 470 465
335 335 336 389 395 402 407 414 457 462 466 471 475 480 484 487 490 494 497 500 504 580 509 511 514 516 518 520 523 525 527 528 530 531 534 536 538 541 543 545 547 549 550 551 553 554 556 556 557 557 558 558 559 560 560 561 561 560 560 559 558 558 557 556 555 554 552 551 550 547 546 543 542 539 537 534 531 528 526 522 518 514 511 507 503 499 494 490 487 483 479 475 470 466
335 335 384 388 396 402 408 451 456 461 467 471 475 479 483 560 565 568 571 574 577 580 582 586 588 590 592 594 522 524 526 527 531 533 536 538 541 543 545 547 549 550 552 554 556 557 558 559 560 561 562 562 562 563 562 562 563 562 562 561 561 560 559 558 557 555 554 553 551 549 548 545 544 541 538 536 533 530 527 524 521 518 514 510 506 501 497 492 488 483 478 474 470 465
334 383 384 389 395 402 407 452 457 462 466 471 475 554 557 561 564 567 571 574 577 580 583 585 587 590 592 595 597 598 527 530 532 536 538 540 544 546 548 550 551 553 555 557 558 559 560 561 562 563 564 565 565 566 566 565 565 566 565 565 564 563 562 562 560 559 558 556 554 553 550 549 546 544 542 539 537 534 530 527 524 520 516 511 508 503 499 495 489 485 480 475 470 466
383 383 383 388 396 402 446 451 456 461 467 545 549 553 557 560 565 568 571 574 577 579 583 585 588 590 592 594 596 600 602 607 536 538 540 543 546 548 550 552 554 557 557 559 560 562 563 564 565 565 566 566 567 567 568 568 567 567 566 566 566 565 564 563 562 561 560 558 556 554 553 550 548 546 544 541 538 535 532 529 526 522 519 515 511 506 502 497 493 488 482 477 470 465
382 383 383 389 395 401 445 452 457 535 540 544 549 553 557 561 564 567 570 574 577 580 582 585 587 589 592 595 599 602 606 608 611 613 543 546 548 550 552 554 556 558 560 561 563 564 565 566 567 568 570 570 571 570 570 571 571 570 570 569 569 568 567 566 565 564 562 561 560 557 556 553 552 549 546 544 541 538 535 532 528 525 521 517 512 508 504 499 494 489 484 478 473 466
382 382 382 388 396 440 446 451 530 536 540 545 549 553 556 561 564 567 571 573 576 579 582 585 587 590 594 598 600 604 608 611 614 617 619 547 550 552 555 556 558 561 563 564 565 566 568 569 569 571 571 572 572 573 572 572 573 572 572 571 571 570 569 569 569 566 565 564 562 561 557 556 553 551 548 546 543 540 537 534 530 527 523 519 516 510 506 502 497 492 487 482 474 469
381 382 382 389 395 439 446 525 530 535 540 544 549 553 557 560 564 567 571 574 577 579 582 584 588 592 597 600 603 607 609 613 615 618 621 624 553 555 557 559 561 562 564 566 567 569 570 570 573 574 574 575 575 575 576 575 575 575 575 575 574 573 573 571 570 569 568 565 564 563 560 559 556 554 552 549 546 543 540 536 533 529 526 522 518 513 509 503 499 494 488 483 477 471
381 381 381 388 434 440 520 525 530 536 540 544 548 552 556 561 564 567 570 573 576 579 582 587 591 594 598 601 605 608 613 615 618 621 623 626 628 557 559 561 564 566 567 569 571 571 572 574 575 575 576 576 577 577 577 578 577 577 577 576 576 576 575 574 573 572 570 569 567 565 564 561 560 556 553 550 548 545 542 539 535 532 528 524 519 515 511 507 501 496 491 485 480 473
380 381 382 389 433 513 520 525 530 535 540 544 549 553 556 560 563 566 570 573 576 580 584 588 592 596 600 604 607 611 614 616 620 622 626 629 631 633 561 563 565 567 569 570 572 573 575 577 577 578 579 580 580 580 580 581 581 580 580 579 579 578 577 576 575 574 572 571 569 567 565 563 561 559 556 553 550 547 544 541 537 534 530 526 522 518 512 508 503 498 493 488 482 476
380 380 381 426 434 514 519 525 530 535 540 544 548 552 556 560 564 567 570 573 577 581 587 590 594 599 602 606 609 612 616 620 622 626 628 630 632 636 564 566 568 570 572 574 575 577 577 578 580 581 581 582 582 583 583 582 582 583 582 583 582 581 580 580 578 577 575 574 572 571 568 567 564 561 558 556 553 550 546 543 540 536 533 529 524 520 516 511 506 501 495 490 484 477
379 380 382 427 507 513 520 525 530 535 539 544 549 552 556 560 563 566 570 575 579 583 588 592 596 601 605 608 612 615 618 621 625 627 630 634 636 638 640 568 571 572 574 576 576 578 579 582 583 583 584 584 585 585 586 586 585 585 585 585 584 583 583 581 580 579 578 576 574 572 571 568 566 564 561 558 555 553 550 546 543 538 535 531 527 523 517 513 508 502 498 492 486 480
379 379 381 426 508 514 519 525 529 535 540 544 548 552 555 560 563 566 571 576 580 585 590 595 598 602 606 609 613 616 621 623 627 629 633 635 637 640 642 570 573 575 576 578 580 581 582 583 584 585 585 586 587 587 587 588 587 587 587 587 586 586 585 584 583 582 580 579 578 575 573 571 569 566 563 560 557 554 551 548 544 541 537 533 528 524 520 515 510 505 500 494 489 481
378 378 420 501 507 513 519 525 530 535 539 543 548 552 556 559 563 568 574 579 582 587 592 596 600 603 609 613 615 619 622 626 628 631 635 637 640 642 644 646 575 577 579 580 582 582 584 586 587 588 589 590 590 590 590 590 591 590 590 589 589 588 587 586 585 583 582 581 579 577 575 574 571 568 565 563 561 557 554 551 548 543 539 536 532 527 522 517 512 507 501 496 490 485
378 378 419 500 508 514 519 524 529 535 539 544 548 551 555 560 565 570 575 580 585 588 594 598 603 606 610 614 617 621 625 628 631 634 636 639 642 644 647 649 577 579 581 583 584 586 587 588 590 590 591 591 592 592 593 592 592 593 592 592 592 591 590 590 588 587 586 583 582 580 578 576 574 571 568 565 562 559 556 552 549 545 542 537 533 529 524 520 515 509 505 499 492 486
377 415 494 501 507 513 518 525 530 534 539 543 547 552 555 561 566 571 576 582 587 591 595 600 604 608 612 616 620 623 626 629 633 635 638 642 645 647 649 651 654 581 583 585 586 588 589 590 592 593 594 594 595 595 596 596 595 595 595 595 594 593 593 591 590 589 588 586 584 582 581 578 575 573 571 568 565 562 559 556 552 548 544 540 536 530 526 521 516 511 506 500 495 488
377 415 493 500 507 513 519 524 529 534 539 543 547 551 557 562 569 574 579 584 588 592 596 602 606 610 613 617 621 624 628 632 635 638 641 644 646 648 651 653 655 584 585 587 589 590 591 593 594 595 595 596 596 597 597 598 597 597 597 596 595 595 594 593 593 592 590 589 587 584 582 580 578 575 572 569 566 563 560 557 553 550 546 542 538 534 529 524 519 514 508 502 496 490
414 414 494 501 507 513 518 524 529 534 538 543 547 553 559 565 570 575 580 586 591 594 599 603 607 612 616 620 624 627 630 634 636 640 642 645 648 651 653 655 657 586 588 589 591 592 594 595 595 597 599 599 600 600 600 600 601 600 600 599 599 598 597 596 595 593 592 591 589 587 585 583 580 578 576 573 570 567 563 560 556 552 549 545 539 535 530 526 520 515 510 505 498 492
414 414 493 500 506 513 519 524 529 533 538 543 548 554 559 565 572 577 582 587 591 596 600 605 610 614 618 621 625 629 631 636 639 642 645 647 651 653 655 658 659 587 590 592 593 595 596 597 599 600 600 601 602 602 603 602 602 603 602 602 601 600 599 599 597 596 595 592 591 589 586 585 582 580 577 574 571 568 565 561 558 555 550 546 542 537 533 528 523 518 512 506 500 493
414 414 494 501 507 513 518 523 529 534 538 543 549 555 562 567 572 578 583 587 595 601 604 607 611 615 619 622 627 631 635 637 641 643 646 650 652 655 658 660 662 590 592 594 595 597 598 600 601 601 602 604 604 605 605 606 605 605 604 605 604 603 602 601 600 599 597 596 593 592 590 587 586 583 580 577 574 571 568 565 560 557 552 547 544 540 534 529 525 519 514 508 502 496
414 414 494 501 507 513 519 524 529 533 538 546 552 557 563 568 574 580 585 592 599 606 609 610 613 617 622 625 628 632 636 638 643 646 649 652 654 657 659 662 664 592 593 595 598 600 601 602 603 604 605 605 606 607 607 607 607 607 607 606 605 605 604 603 602 600 599 598 596 593 592 589 587 584 582 579 576 572 569 566 563 559 554 551 546 542 537 532 527 520 516 510 504 498
414 488 495 501 508 513 519 524 529 533 540 546 552 559 564 571 576 581 586 594 603 613 613 613 615 619 623 627 630 634 638 642 644 648 651 653 656 658 662 664 666 595 597 598 600 601 603 604 605 606 607 608 609 608 610 610 611 610 610 609 609 608 607 606 605 603 602 600 599 597 594 593 590 587 585 582 579 576 573 568 564 560 557 552 548 543 539 534 528 524 518 512 506 500
414 414 495 502 508 514 519 524 529 535 542 548 554 560 566 572 577 582 588 595 603 610 612 614 616 621 625 629 632 636 639 643 646 649 653 655 659 661 664 666 668 596 598 600 602 604 606 607 608 609 610 611 611 612 612 612 612 612 612 612 611 610 609 608 607 606 604 602 600 599 596 594 591 590 587 584 581 577 574 571 567 563 559 554 550 545 541 535 531 525 519 513 507 502
414 415 496 502 509 514 520 525 531 537 544 550 557 562 568 573 579 585 590 595 601 607 611 614 618 622 626 630 634 637 642 645 649 651 654 658 660 663 665 668 671 598 601 603 604 606 607 609 610 611 612 612 613 614 614 615 614 614 614 615 614 613 612 611 610 609 607 606 603 601 600 597 595 592 589 585 582 579 576 572 568 565 560 557 552 548 543 537 533 527 522 516 511 503
414 415 496 503 509 515 520 525 532 540 546 552 558 565 570 576 581 586 591 597 602 606 611 615 619 624 628 633 636 639 643 646 650 653 656 660 662 665 668 670 672 601 602 604 607 608 609 611 613 614 614 615 616 616 617 617 617 617 617 616 615 615 614 613 612 610 609 607 606 603 601 599 597 594 591 589 586 582 578 575 571 567 564 559 554 549 544 540 534 529 523 517 512 506
414 416 497 503 509 515 520 527 534 541 547 554 560 566 572 578 583 588 593 598 603 608 613 617 622 626 630 634 638 640 644 648 652 656 658 661 664 666 669 671 674 602 605 607 609 610 612 613 614 615 617 618 618 618 619 619 619 619 619 618 618 617 616 615 613 612 611 609 607 606 603 601 598 595 593 590 587 584 580 576 573 569 565 560 556 551 546 542 537 531 525 518 513 507
414 416 497 504 510 515 521 529 536 542 550 556 562 568 574 579 585 591 596 600 605 610 614 619 623 628 632 636 639 643 646 650 653 657 659 662 666 668 672 675 676 605 607 608 610 613 614 615 616 618 619 619 621 622 621 622 622 622 622 621 621 620 619 618 617 616 614 612 610 608 606 604 601 599 596 593 589 586 583 580 575 571 566 561 558 553 548 543 538 532 527 521 515 509
414 417 498 504 510 516 523 530 538 545 551 558 564 570 575 582 587 592 597 603 607 612 617 621 625 629 633 637 641 645 649 652 656 659 662 665 668 671 673 676 678 606 608 611 612 615 616 617 619 620 621 622 623 623 624 623 624 624 623 623 623 621 621 620 619 617 616 614 612 610 608 605 603 600 597 594 591 588 584 581 577 573 568 565 560 555 551 546 539 534 528 522 516 510
414 417 424 504 511 517 525 533 539 546 553 559 565 572 577 583 589 594 599 604 609 614 619 623 627 632 636 640 643 647 651 654 658 661 665 667 670 673 676 678 607 609 611 613 614 617 618 620 621 622 623 624 624 625 626 626 626 626 626 626 625 625 624 623 622 620 619 617 615 613 611 608 606 603 600 597 593 590 586 582 579 574 571 566 561 556 552 547 541 536 530 524 518 512
414 418 424 505 511 519 527 534 541 548 555 561 568 573 579 585 590 596 601 606 611 616 620 625 630 634 638 642 646 649 653 657 660 664 667 670 672 675 678 680 609 611 614 615 618 619 621 622 623 624 625 626 627 628 628 629 629 629 629 628 628 627 626 625 623 622 620 619 617 615 612 610 607 604 602 599 596 592 589 584 581 577 573 568 563 560 554 549 544 538 533 527 521 514
414 418 425 431 512 520 528 535 543 550 556 563 569 576 581 586 593 598 603 608 613 618 622 627 632 636 640 644 648 652 655 659 662 666 669 672 674 678 681 609 611 614 616 618 620 621 624 625 626 628 629 630 631 631 631 632 632 631 632 631 631 630 629 627 627 626 623 621 620 618 615 613 610 608 605 601 598 595 591 588 583 580 575 571 566 562 557 551 546 541 535 529 523 517
414 418 425 432 514 522 530 537 544 551 558 564 571 577 582 589 594 599 605 610 615 619 625 629 633 637 642 646 650 654 658 661 665 668 671 675 677 680 683 612 614 616 619 621 622 625 626 627 630 631 632 632 633 634 635 634 635 635 634 634 634 632 632 631 630 628 627 625 622 620 619 616 614 610 607 604 600 597 594 590 586 582 578 573 568 564 559 554 548 543 537 531 525 519
414 419 426 433 441 524 531 539 546 553 559 566 572 578 585 590 595 601 606 611 617 621 626 631 635 640 644 648 651 656 660 663 667 670 674 677 680 682 611 614 617 619 621 623 625 627 629 631 632 633 634 635 636 637 637 638 637 638 637 637 636 636 635 634 632 631 629 628 626 623 621 618 616 613 610 607 604 600 596 592 589 584 580 575 571 566 561 556 551 545 539 534 526 520
414 419 426 435 442 525 532 540 547 555 561 568 574 580 586 591 598 603 609 613 618 624 628 632 637 642 646 650 654 657 661 666 669 672 676 679 682 684 613 616 619 621 623 626 628 630 631 633 634 636 637 638 639 639 640 641 640 640 641 640 639 639 638 636 635 634 632 630 629 626 624 622 618 615 613 610 606 603 599 594 591 587 582 577 574 569 564 558 553 547 541 535 529 523
414 420 427 436 445 452 535 542 549 556 562 569 575 582 587 594 599 605 610 615 620 625 629 635 639 643 647 652 656 660 663 667 670 674 678 681 683 612 615 618 621 624 626 628 630 632 634 636 637 638 640 641 642 642 643 643 644 643 643 643 643 642 640 639 638 636 635 633 631 629 626 624 621 619 615 612 608 605 601 598 593 589 584 580 575 571 566 560 554 549 543 537 531 525
414 420 428 437 446 454 462 543 551 557 564 570 577 583 590 595 600 606 611 617 622 626 632 636 640 645 649 653 657 662 666 669 673 676 679 683 612 615 618 621 623 626 628 631 633 635 637 638 640 642 643 644 645 646 646 646 647 647 646 646 645 644 643 643 642 640 638 637 634 632 630 627 624 621 618 614 611 607 603 600 596 591 587 582 577 572 567 562 557 551 545 539 532 526
414 421 429 439 448 455 463 470 552 558 566 572 579 584 591 596 602 607 613 618 623 628 633 638 642 647 652 656 659 663 668 671 675 678 681 611 614 617 620 623 626 628 631 633 635 638 639 640 643 644 645 646 647 648 649 649 649 650 649 649 648 647 647 646 644 643 641 639 636 634 632 629 627 623 620 618 614 610 606 602 598 593 589 584 579 574 569 564 559 553 548 541 535 528
414 422 431 440 449 457 465 472 479 560 567 573 580 586 592 597 604 609 615 619 625 630 635 639 644 649 653 657 662 665 669 673 677 680 610 613 616 619 622 625 628 631 633 635 638 640 641 644 645 647 648 649 650 651 652 652 652 652 653 652 651 651 650 648 647 645 644 642 640 637 635 633 629 626 623 620 616 612 609 604 600 596 591 586 582 577 572 566 561 555 549 543 537 530
414 423 432 441 450 458 466 473 481 487 494 574 581 588 593 600 605 611 616 621 626 631 636 641 646 650 654 659 663 667 671 675 604 608 612 615 618 621 624 627 630 633 636 638 640 642 645 646 648 649 650 651 652 653 654 655 656 655 655 655 655 654 652 651 650 648 646 644 642 640 637 635 632 629 626 622 618 615 611 607 602 598 593 589 584 579 574 568 562 557 551 544 538 532
415 425 434 443 451 459 467 474 482 488 496 502 508 589 595 601 606 612 617 623 628 633 638 643 647 651 656 660 665 669 598 602 606 610 613 616 621 624 627 630 632 635 638 640 642 644 647 648 650 652 654 655 656 657 657 658 658 658 658 657 657 656 655 655 653 652 650 647 645 643 640 637 634 631 628 624 620 617 613 609 605 600 596 591 586 580 575 570 565 558 552 547 541 533
416 425 435 444 452 461 468 476 483 490 497 503 510 516 522 602 607 613 618 624 629 634 639 644 648 654 658 661 592 596 601 604 608 612 615 619 622 625 629 632 635 637 640 643 644 647 649 651 653 655 656 657 659 660 660 660 661 661 661 661 660 659 659 657 656 654 652 651 648 645 643 640 637 634 630 626 623 620 615 611 607 602 598 592 587 582 577 572 566 560 555 548 542 535
