testData/tiles/oneDegree/grid38.0-37.0-39.0-38.0.asc
ncols   200
nrows   200
xllcorner   38.0
yllcorner   37.0
cellsize   0.005
NODATA_value   -9999.0
[rows 84 to 125 of 200, columns 0 to 93 of 200]
802 802 801 800 800 800 800 799 799 799 798 798 796 799 798 797 799 798 797 797 796 796 797 796 797 796 797 797 796 796 796 794 795 795 794 793 794 793 794 792 791 791 791 791 790 789 789 787 788 786 807 807 807 811 813 815 819 820 820 823 825 826 827 826 829 831 831 831 832 832 835 834 833 834 835 833 835 835 836 835 834 834 836 835 834 834 833 834 835 836 835 837 838 837
804 803 802 803 802 802 802 802 801 800 799 798 799 797 799 800 799 800 799 800 799 799 799 800 799 798 796 796 797 796 795 796 796 797 795 796 796 793 793 793 792 791 792 792 790 790 791 789 788 788 787 807 806 806 811 814 816 816 820 822 823 824 826 827 828 831 829 830 832 832 831 833 834 834 834 833 833 835 834 835 836 834 834 834 833 832 833 835 833 835 835 835 838 839
803 803 803 802 802 802 803 802 802 802 802 802 801 800 802 801 800 800 800 798 800 798 798 800 799 799 800 798 799 796 797 797 796 796 797 795 796 795 795 794 795 793 790 792 792 792 791 791 790 789 788 787 787 807 807 808 813 816 817 819 821 822 824 826 826 828 831 831 830 831 833 832 834 832 833 834 833 833 833 835 834 834 835 832 834 833 832 832 832 834 834 834 835 836
806 805 805 804 804 804 804 804 804 803 803 801 802 801 801 803 802 801 802 801 800 801 799 801 800 800 800 799 799 799 797 798 797 798 796 797 796 796 796 795 794 794 794 795 794 791 792 791 790 790 790 789 788 786 807 808 808 811 814 816 819 821 821 823 825 826 826 830 830 831 832 830 831 834 834 833 834 834 833 834 834 833 834 834 833 832 831 831 831 832 833 834 834 835
808 807 807 807 806 806 807 805 806 804 803 804 802 802 802 803 803 802 803 802 802 802 801 801 802 799 800 801 799 799 799 799 799 799 799 799 797 796 796 795 796 795 795 793 795 794 792 793 791 791 790 788 789 789 787 808 808 806 811 813 816 818 820 822 824 825 824 827 828 828 831 831 831 831 831 833 835 833 833 834 834 834 835 835 832 832 833 830 831 831 831 832 833 833
808 808 807 806 806 806 805 806 805 806 806 805 804 804 803 802 803 803 801 803 801 801 802 801 801 803 801 802 802 800 801 801 800 799 800 800 799 799 799 799 798 795 796 796 795 796 795 794 794 792 794 791 789 789 788 787 810 808 807 810 812 815 819 819 820 822 825 825 827 827 829 829 830 831 831 830 832 832 833 832 833 835 832 833 833 834 833 832 831 830 829 831 832 833
810 810 807 808 808 807 807 807 807 807 805 806 805 804 804 804 804 805 804 804 805 803 804 803 803 804 803 804 803 802 802 802 801 801 800 801 799 800 799 797 799 798 798 797 796 796 796 794 795 794 793 793 792 790 790 789 790 789 809 808 811 813 814 818 818 820 821 823 825 828 826 828 829 829 829 831 831 829 831 832 831 834 833 833 833 832 831 831 831 832 832 830 829 831
811 811 811 809 810 809 808 810 807 807 808 806 807 806 806 805 806 807 806 806 806 805 805 805 802 804 804 803 804 803 803 802 803 802 802 802 801 800 800 799 799 799 798 798 797 797 798 796 795 794 794 793 793 792 792 791 789 788 790 810 807 809 813 814 817 817 819 823 823 825 826 826 826 828 829 828 829 831 830 830 829 830 833 831 832 832 830 831 831 830 829 830 829 829
812 811 810 810 809 809 810 809 810 809 809 808 808 807 806 806 806 806 807 805 806 806 805 804 805 804 805 805 804 805 804 803 802 803 802 803 802 802 802 800 799 799 799 797 799 797 798 797 796 795 794 794 794 792 792 790 792 792 788 789 809 808 808 810 814 816 817 819 820 824 825 825 826 827 828 829 829 829 828 829 831 829 830 830 831 830 830 831 829 830 830 827 829 829
812 812 813 812 811 811 811 811 811 810 810 810 809 809 808 807 808 807 806 808 806 806 806 806 806 806 806 805 805 805 805 803 804 803 803 802 804 802 801 802 800 800 800 799 798 798 798 799 797 796 798 795 794 793 793 793 791 791 791 791 789 787 809 808 809 812 813 817 818 819 821 824 826 825 827 828 826 829 829 829 830 829 829 830 830 830 828 830 830 828 829 828 828 828
814 814 814 815 813 812 812 811 811 812 811 810 810 810 809 809 808 809 808 809 808 806 807 805 806 805 805 806 806 805 806 806 805 805 803 803 802 804 802 802 803 801 801 799 800 799 798 798 799 797 796 796 796 796 793 792 792 792 792 790 791 789 788 808 807 807 811 812 815 818 820 819 823 824 825 826 826 826 827 827 829 829 829 829 830 829 829 830 829 828 829 826 826 826
814 815 814 814 814 813 813 812 812 813 810 811 810 810 810 808 809 808 808 808 809 808 808 808 808 807 807 808 806 808 807 806 806 806 805 806 804 805 804 803 803 802 802 803 801 801 800 800 799 798 799 797 797 797 796 796 794 792 793 791 791 790 789 789 808 807 807 809 812 813 816 820 819 821 822 823 825 825 826 826 826 827 827 829 829 829 829 828 829 829 829 827 826 825
815 816 816 814 815 814 813 814 812 813 814 812 813 811 810 812 810 810 811 810 809 810 810 809 810 809 808 808 808 807 808 806 807 806 806 806 806 805 806 803 804 804 803 802 802 801 801 800 802 799 798 798 797 798 796 795 796 794 793 793 792 792 791 790 790 789 808 807 807 810 812 816 817 817 821 820 822 823 824 825 825 825 824 827 827 827 829 828 828 828 827 827 826 827
816 815 815 816 815 816 815 814 815 814 815 815 814 814 813 813 812 812 811 810 810 810 809 810 809 809 809 809 809 809 809 808 807 807 805 806 806 805 805 807 805 804 803 803 802 802 802 802 800 800 801 799 798 798 798 796 796 795 794 794 793 792 792 791 790 789 789 807 807 807 808 813 815 818 818 818 820 819 822 823 823 823 824 824 825 825 826 825 825 826 826 826 825 826
817 817 818 818 818 816 815 816 815 814 814 815 814 814 813 813 813 812 812 812 811 811 810 810 811 810 810 809 810 810 808 809 808 806 808 806 807 806 806 806 805 805 806 804 804 802 802 801 802 802 800 800 800 798 798 797 796 796 795 794 795 793 792 791 792 789 789 789 787 807 806 807 810 812 815 818 818 819 820 821 821 823 823 822 822 824 825 825 826 824 824 825 825 825
820 819 818 820 818 818 818 817 818 816 815 816 815 815 815 814 813 813 813 812 813 812 811 811 811 808 810 810 809 811 809 810 810 809 809 807 806 807 805 807 806 806 806 805 804 803 803 803 801 800 802 800 801 800 798 798 796 797 796 794 794 794 795 791 791 791 790 789 788 787 807 805 805 809 812 813 817 817 817 819 820 819 823 822 821 823 822 824 823 825 824 823 824 823
819 819 818 819 819 819 819 818 818 818 817 817 816 816 816 814 815 814 812 812 812 812 812 812 811 812 810 810 810 810 811 810 810 809 810 810 809 808 808 807 807 807 807 805 807 806 805 803 802 802 802 801 800 800 799 799 798 796 796 796 795 793 794 793 792 792 789 789 790 787 787 806 805 804 808 810 812 814 815 817 818 818 819 820 820 821 822 822 823 823 822 823 821 821
819 820 820 819 820 819 819 819 817 818 817 816 818 816 817 816 814 815 813 813 814 814 814 813 814 813 813 813 812 810 812 811 810 812 810 810 810 810 808 808 808 807 808 808 807 805 805 805 805 802 803 802 802 803 801 800 799 799 798 797 796 794 797 795 792 792 791 790 789 788 787 786 785 805 803 804 808 810 812 812 813 817 817 818 819 818 818 821 821 821 823 820 820 821
823 820 821 820 820 821 819 819 819 818 819 818 818 820 818 818 817 816 816 815 815 814 815 815 812 814 812 812 813 812 810 812 811 812 811 810 811 810 810 809 809 809 807 807 806 807 806 805 805 804 802 804 803 801 801 801 801 800 798 797 797 797 794 795 795 794 792 791 791 790 788 787 786 786 804 805 804 804 809 811 811 812 814 815 816 818 817 817 819 818 819 822 819 820
822 822 821 821 820 820 819 820 821 821 820 819 819 820 819 818 818 816 817 815 814 815 814 814 813 814 814 813 814 812 813 814 811 811 811 810 811 810 810 810 809 809 807 808 808 806 807 805 805 805 805 802 802 803 802 802 800 800 800 798 797 797 796 795 796 794 794 792 791 790 790 789 787 787 785 785 805 803 803 806 807 810 810 812 814 813 814 816 816 818 818 818 818 818
823 823 823 823 822 824 822 821 821 820 820 820 819 818 819 819 819 818 817 818 817 815 816 815 815 814 815 813 813 814 812 813 813 812 812 812 811 809 810 810 808 810 809 808 808 807 806 806 806 805 804 803 803 803 802 801 802 801 799 800 797 797 797 794 796 795 794 793 792 791 790 789 788 788 786 784 783 804 804 803 805 804 807 809 811 811 813 812 813 814 816 816 815 816
825 824 824 824 824 823 823 823 823 821 821 821 820 820 820 820 820 818 819 818 817 817 817 815 815 814 813 815 813 813 813 813 814 814 812 810 812 811 810 811 810 808 810 809 808 807 808 807 806 805 805 805 804 804 803 802 801 801 800 799 799 797 796 796 795 794 795 794 792 791 790 789 790 787 786 786 784 784 783 803 802 802 804 805 808 808 810 811 811 812 812 814 814 814
824 825 823 824 824 822 824 823 823 823 821 821 820 819 820 819 819 819 818 818 817 817 816 817 815 816 815 814 815 814 816 813 814 814 814 814 813 813 812 812 811 811 811 811 810 810 808 807 808 807 807 805 806 803 804 803 801 802 800 801 800 797 797 797 796 796 795 795 793 791 792 789 789 789 788 785 784 784 783 783 803 800 800 802 803 806 807 807 808 810 810 811 813 811
825 825 826 824 824 823 823 825 823 823 824 822 821 820 820 821 820 820 819 820 820 819 819 817 819 818 816 815 815 815 815 815 814 815 815 815 812 813 812 811 812 811 810 811 810 810 809 809 808 807 807 806 806 806 804 804 803 803 803 801 800 801 798 798 796 795 795 795 794 792 792 790 790 789 787 788 784 784 782 783 783 781 800 798 798 801 804 805 805 807 808 808 809 809
826 825 826 824 825 825 824 825 825 824 824 822 824 824 822 822 821 822 822 820 821 818 818 819 817 818 817 816 815 816 815 814 816 814 814 815 814 812 814 812 812 811 811 810 811 811 809 808 809 807 808 806 805 806 804 805 803 803 802 802 802 799 799 799 796 797 795 796 796 793 793 791 790 789 789 787 784 786 784 782 782 780 779 800 798 797 797 800 802 804 805 806 807 808
827 826 825 826 824 825 825 824 826 825 825 825 823 824 823 821 823 821 821 821 820 820 819 819 818 819 819 817 817 815 816 815 814 815 814 814 815 815 812 812 812 812 811 812 809 811 811 809 809 807 807 807 806 805 806 803 804 804 803 801 801 802 800 798 797 797 798 795 795 794 793 792 792 791 788 789 788 784 784 783 783 783 780 778 777 799 797 795 798 798 800 802 803 803
827 828 827 827 827 826 826 826 826 826 825 825 825 824 823 822 822 823 822 822 821 821 820 820 820 818 819 817 816 817 816 816 815 816 815 815 815 814 813 814 812 813 811 811 810 811 811 809 809 809 807 808 807 806 806 805 805 803 803 803 802 801 799 799 799 797 796 795 797 794 793 793 791 791 791 789 787 786 786 784 783 782 781 780 778 776 776 795 794 794 796 798 800 799
827 828 827 828 828 827 827 826 826 827 826 826 825 825 825 824 823 823 823 823 821 820 820 819 819 819 819 819 817 817 815 817 816 814 816 814 815 816 814 813 813 812 812 812 812 810 811 810 809 809 809 807 808 806 806 804 803 805 804 804 801 802 801 799 799 798 797 795 795 794 794 793 791 791 791 789 788 786 785 785 784 783 781 780 780 779 777 774 794 792 791 794 794 797
829 828 829 828 827 827 826 827 826 826 826 826 826 825 824 824 823 822 823 822 821 822 821 821 820 819 819 820 818 817 817 816 818 816 816 816 816 815 815 815 813 814 814 813 812 812 811 812 811 810 809 808 809 807 806 803 805 804 803 804 802 802 800 800 799 798 797 797 796 794 793 793 794 791 790 789 787 787 787 785 783 782 783 781 781 778 777 775 775 774 792 791 788 790
829 829 829 829 828 828 828 827 826 827 827 827 826 825 826 825 824 824 823 825 824 823 823 822 822 821 820 819 819 818 818 818 817 817 817 816 815 817 814 815 815 813 813 813 812 813 811 811 810 810 810 810 808 807 808 807 804 805 805 804 804 803 802 801 798 799 798 797 795 794 796 793 793 792 792 788 788 788 785 786 785 782 782 781 779 780 778 776 775 773 771 771 791 788
830 828 829 828 828 829 828 828 828 827 828 827 828 828 827 827 825 825 824 824 824 823 823 822 822 821 820 821 820 819 819 818 816 818 816 816 817 816 816 815 815 813 815 814 813 813 812 810 812 811 810 808 810 809 807 806 805 805 805 805 804 803 802 800 801 800 797 799 796 796 795 793 794 792 791 790 789 788 786 785 784 782 781 781 781 779 777 777 775 775 774 770 770 788
830 829 829 829 829 829 827 829 829 828 828 827 828 828 827 827 824 825 825 823 825 824 823 824 822 823 822 821 819 819 819 819 818 817 818 817 817 816 816 814 816 815 814 813 813 812 811 811 810 810 811 809 810 808 807 807 806 805 806 804 804 802 802 802 800 800 799 798 797 796 795 795 794 793 793 791 788 788 787 786 785 783 782 780 780 779 778 777 775 773 773 771 769 769
831 830 830 831 830 831 830 829 830 828 828 829 828 829 827 826 827 825 825 824 825 826 824 824 822 822 822 820 820 819 820 819 818 818 816 817 817 815 815 816 815 815 814 814 813 814 811 811 810 811 811 810 809 809 807 807 807 805 805 805 804 803 803 802 800 800 800 797 797 796 795 793 794 794 791 791 791 789 789 786 785 784 783 781 779 778 777 777 776 775 773 771 770 770
831 831 830 830 831 830 830 830 830 830 829 829 829 829 829 827 826 825 825 825 824 825 823 824 824 822 822 820 820 821 820 819 818 818 817 817 816 815 814 815 814 815 815 814 814 812 812 811 812 810 810 811 809 808 808 807 806 807 805 805 803 804 802 802 801 800 799 798 797 796 796 795 792 793 792 791 791 789 786 787 786 784 784 783 780 778 778 777 776 774 773 771 770 769
831 832 831 831 831 830 831 831 829 830 828 829 829 828 828 827 827 827 825 826 825 825 826 824 824 822 822 822 820 820 819 820 819 820 820 817 818 817 816 816 817 816 816 815 814 812 814 812 811 812 810 810 809 808 808 807 807 805 805 805 802 803 802 803 802 799 799 798 798 797 796 796 793 792 793 791 791 789 788 786 785 786 784 782 780 780 780 779 776 773 774 772 770 770
831 832 833 831 831 832 831 831 830 830 830 829 828 829 828 829 827 827 827 826 826 826 826 826 824 824 823 823 821 822 821 821 822 819 818 817 817 817 817 816 815 817 816 815 815 813 813 814 812 813 810 810 810 809 810 807 808 807 806 805 804 804 802 802 800 801 799 797 798 797 795 795 793 792 793 792 790 788 789 787 786 786 782 783 782 780 779 776 777 776 774 773 770 768
833 832 832 830 831 831 831 831 830 830 830 829 828 827 829 829 828 828 827 827 827 826 826 825 824 825 824 823 823 822 821 820 821 819 819 819 818 817 816 817 816 816 815 814 814 814 813 814 811 811 811 810 811 810 809 809 809 807 805 805 805 803 803 802 803 800 800 801 798 796 795 794 795 793 791 790 791 789 787 788 784 784 784 782 781 779 779 777 776 776 773 771 772 771
833 832 832 833 831 832 832 831 833 830 830 830 829 830 829 829 829 828 829 828 827 826 825 826 826 825 823 823 823 822 822 820 820 821 819 819 817 817 817 817 815 814 816 815 815 815 814 813 812 811 811 810 809 809 810 808 806 807 806 805 805 805 803 800 802 802 800 800 797 798 797 795 795 794 793 790 789 790 789 786 785 785 783 783 781 779 779 777 775 775 774 773 770 770
833 833 833 834 832 833 832 832 832 831 831 831 831 830 829 830 830 830 829 827 827 826 825 825 825 825 825 824 824 823 821 822 819 820 819 819 818 818 818 814 816 814 814 816 815 813 814 812 812 811 811 809 811 810 808 808 808 807 807 806 804 804 802 802 802 801 799 799 798 797 796 797 794 792 793 791 790 792 788 787 787 785 784 781 781 779 778 778 776 774 773 772 771 769
834 835 833 833 832 831 832 831 831 831 830 831 830 829 829 829 830 828 827 827 827 827 826 825 825 826 825 825 823 821 821 821 820 820 820 820 820 816 817 815 816 816 815 813 815 814 813 813 812 811 811 811 808 808 809 808 807 806 807 805 804 803 803 803 800 801 800 799 799 798 797 794 794 794 792 792 789 788 789 788 787 785 784 783 781 780 778 776 776 775 773 771 771 769
834 834 833 833 833 832 832 831 832 832 832 831 830 831 830 829 828 828 829 828 828 827 826 827 826 825 824 823 823 823 822 822 821 820 820 818 818 818 817 817 815 816 814 814 813 814 813 813 812 812 810 810 808 809 808 808 808 807 805 803 805 804 802 802 801 800 799 800 799 797 796 795 794 794 791 790 790 789 788 787 787 785 785 783 780 781 779 778 775 773 773 771 771 769
832 833 834 833 834 833 832 833 832 833 832 831 831 830 830 829 829 830 829 829 827 827 827 825 824 825 826 826 825 824 824 822 820 821 820 820 820 819 817 818 816 815 815 815 813 815 814 813 813 812 810 812 810 809 810 808 808 806 806 805 804 804 802 801 800 800 800 798 797 797 797 796 793 794 792 791 790 789 788 785 787 785 782 783 782 780 778 776 777 775 774 771 769 768
