testData/tiles/oneDegree/grid16.0-18.0-17.0-19.0.asc
ncols   200
nrows   200
xllcorner   16.0
yllcorner   18.0
cellsize   0.005
NODATA_value   -9999.0
[rows 132 to 175 of 200, columns 96 to 191 of 200]
107 108 109 110 110 111 112 113 114 115 116 117 117 118 119 120 121 122 122 123 124 125 126 127 128 128 129 130 131 132 133 133 134 135 136 137 138 138 139 140 141 142 143 144 145 146 147 147 148 149 150 151 151 152 153 154 155 155 156 157 158 158 159 160 161 161 162 163 164 164 165 166 166 167 168 168 168 169 170 170 171 172 172 173 174 174 175 176 176 177 178 178 179 179 180 181
107 108 109 110 111 112 113 113 114 115 116 117 118 119 120 120 121 122 123 124 125 125 126 127 128 129 130 131 131 132 133 134 135 136 136 137 138 139 140 142 142 143 144 145 146 146 147 148 149 150 150 151 152 153 154 154 155 156 157 157 158 159 160 160 161 162 163 163 164 165 166 166 167 168 169 169 170 171 170 171 172 172 173 174 174 175 176 176 177 178 178 179 180 180 181 181
108 109 110 110 111 112 113 114 115 116 116 117 118 119 120 121 122 123 123 124 125 126 127 128 128 129 130 131 132 133 134 134 135 136 137 138 139 140 141 142 143 144 144 145 146 147 148 149 149 150 151 152 153 153 154 155 156 156 157 158 159 160 160 161 162 163 163 164 165 166 166 167 168 168 169 170 171 171 172 173 172 173 174 174 175 176 176 177 178 178 179 180 180 181 182 182
108 109 110 111 112 113 113 114 115 116 117 118 119 119 120 121 122 123 124 125 126 126 127 128 129 130 131 131 132 133 134 135 136 137 137 139 140 141 142 143 143 144 145 146 147 147 148 149 150 151 151 152 153 154 155 155 156 157 158 159 159 160 161 162 162 163 164 165 165 166 167 168 168 169 170 171 171 172 173 173 174 175 174 175 176 177 177 178 178 179 180 180 181 182 182 183
109 109 110 111 112 113 114 115 116 116 117 118 119 120 121 122 123 123 124 125 126 127 128 129 129 130 131 132 133 134 134 135 136 138 139 140 141 141 142 143 144 145 145 146 147 148 149 150 150 151 152 153 154 154 155 156 157 158 158 159 160 161 161 162 163 164 165 165 166 167 168 168 169 170 170 171 172 173 173 174 175 175 176 177 177 177 178 179 179 180 180 181 182 182 183 184
109 110 111 112 112 113 114 115 116 117 118 119 119 120 121 122 123 124 125 126 126 127 128 129 130 131 132 132 133 134 135 136 138 138 139 140 141 142 143 144 144 145 146 147 148 148 149 150 151 152 153 153 154 155 156 157 157 158 159 160 160 161 162 163 164 164 165 166 167 167 168 169 170 170 171 172 173 173 174 175 175 176 177 178 178 178 179 179 180 181 181 182 182 183 184 184
109 110 111 112 113 114 115 115 116 117 118 119 120 121 122 122 123 124 125 126 127 128 129 129 130 131 132 133 134 135 136 137 138 139 140 141 141 142 143 144 145 146 146 147 148 149 150 151 151 152 153 154 155 155 156 157 158 159 159 160 161 162 163 163 164 165 166 166 167 168 169 169 170 171 172 172 173 174 175 175 176 177 177 178 179 180 180 180 181 181 182 183 183 184 184 185
110 111 111 112 113 114 115 116 117 118 118 119 120 121 122 123 124 125 125 126 127 128 129 130 131 132 132 133 134 136 137 138 139 139 140 141 142 143 144 144 145 146 147 148 149 149 150 151 152 153 154 154 155 156 157 158 158 159 160 161 162 162 163 164 165 166 166 167 168 169 169 170 171 172 172 173 174 175 175 176 177 177 178 179 180 180 181 182 181 182 183 183 184 185 185 186
110 111 112 113 114 114 115 116 117 118 119 120 121 122 122 123 124 125 126 127 128 129 129 130 131 132 133 135 136 136 137 138 139 140 141 142 142 143 144 145 146 147 147 148 149 150 151 152 152 153 154 155 156 157 157 158 159 160 161 161 162 163 164 165 165 166 167 168 168 169 170 171 171 172 173 174 174 175 176 177 177 178 179 179 180 181 182 182 183 184 183 184 185 185 186 187
110 111 112 113 114 115 116 117 117 118 119 120 121 122 123 124 125 125 126 127 128 129 130 131 132 132 134 135 136 137 138 139 139 140 141 142 143 144 145 145 146 147 148 149 150 150 151 152 153 154 155 155 156 157 158 159 159 160 161 162 163 163 164 165 166 167 167 168 169 170 171 171 172 173 174 174 175 176 177 177 178 179 179 180 181 182 182 183 184 184 185 185 185 186 187 187
111 112 113 113 114 115 116 117 118 119 120 121 121 122 123 124 125 126 127 128 128 129 130 131 132 134 135 136 136 137 138 139 140 141 142 142 143 144 145 146 147 148 148 149 150 151 152 153 153 154 155 156 157 158 158 159 160 161 162 162 163 164 165 166 166 167 168 169 170 170 171 172 173 173 174 175 176 176 177 178 179 179 180 181 181 182 183 184 184 185 186 186 186 187 187 188
111 112 113 114 115 116 116 117 118 119 120 121 122 123 124 124 125 126 127 128 129 130 131 131 133 134 135 136 137 138 139 139 140 141 142 143 144 145 145 146 147 148 149 150 151 151 152 153 154 155 156 156 157 158 159 160 160 161 162 163 164 165 165 166 167 168 169 169 170 171 172 172 173 174 175 175 176 177 178 178 179 180 181 181 182 183 184 184 185 186 186 187 188 187 188 189
111 112 113 114 115 116 117 118 119 119 120 121 122 123 124 125 126 127 127 128 129 130 131 133 134 135 135 136 137 138 139 140 141 142 142 143 144 145 146 147 148 148 149 150 151 152 153 154 154 155 156 157 158 159 159 160 161 162 163 163 164 165 166 167 167 168 169 170 171 171 172 173 174 175 175 176 177 178 178 179 180 181 181 182 183 183 184 185 186 186 187 188 188 189 189 189
112 113 114 114 115 116 117 118 119 120 121 122 123 123 124 125 126 127 128 129 130 130 132 133 134 135 136 137 138 139 139 140 141 142 143 144 145 145 146 147 148 149 150 151 151 152 153 154 155 156 156 157 158 159 160 161 161 162 163 164 165 166 166 167 168 169 170 170 171 172 173 174 174 175 176 177 177 178 179 180 180 181 182 183 183 184 185 186 186 187 188 188 189 190 190 190
112 113 114 115 116 117 117 118 119 120 121 122 123 124 125 126 126 127 128 129 130 132 133 134 135 135 136 137 138 139 140 141 142 142 143 144 145 146 147 148 148 149 150 151 152 153 154 154 155 156 157 158 159 159 160 161 162 163 164 164 165 166 167 168 169 169 170 171 172 173 173 174 175 176 176 177 178 179 180 180 181 182 183 183 184 185 185 186 187 188 188 189 190 190 191 192
112 113 114 115 116 117 118 119 120 121 121 122 123 124 125 126 127 128 129 129 131 132 133 134 135 136 137 138 138 139 140 141 142 143 144 145 145 146 147 148 149 150 151 151 152 153 154 155 156 157 157 158 159 160 161 162 162 163 164 165 166 167 167 168 169 170 171 171 172 173 174 175 175 176 177 178 179 179 180 181 182 182 183 184 185 185 186 187 188 188 189 190 190 191 192 192
113 114 115 115 116 117 118 119 120 121 122 123 124 124 125 126 127 128 129 131 132 133 133 134 135 136 137 138 139 140 141 141 142 143 144 145 146 147 148 148 149 150 151 152 153 154 154 155 156 157 158 159 160 160 161 162 163 164 165 165 166 167 168 169 170 170 171 172 173 174 174 175 176 177 178 178 179 180 181 181 182 183 184 184 185 186 187 187 188 189 190 190 191 192 192 193
113 114 115 116 117 118 118 119 120 121 122 123 124 125 126 127 127 128 130 131 132 133 134 135 136 137 137 138 139 140 141 142 143 144 144 145 146 147 148 149 150 151 151 152 153 154 155 156 157 157 158 159 160 161 162 163 163 164 165 166 167 168 168 169 170 171 172 173 173 174 175 176 177 177 178 179 180 180 181 182 183 184 184 185 186 187 187 188 189 190 190 191 192 192 193 194
113 114 115 116 117 118 119 120 121 122 122 123 124 125 126 127 128 130 131 132 132 133 134 135 136 137 138 139 140 140 141 142 143 144 145 146 147 147 148 149 150 151 152 153 154 154 155 156 157 158 159 160 160 161 162 163 164 165 166 166 167 168 169 170 171 171 172 173 174 175 175 176 177 178 179 179 180 181 182 183 183 184 185 186 186 187 188 189 189 190 191 192 192 193 194 194
114 115 115 116 117 118 119 120 121 122 123 124 125 125 126 127 129 130 131 132 133 134 135 135 136 137 138 139 140 141 142 143 143 144 145 146 147 148 149 150 151 151 152 153 154 155 156 157 157 158 159 160 161 162 163 163 164 165 166 167 168 169 169 170 171 172 173 174 174 175 176 177 178 178 179 180 181 182 182 183 184 185 185 186 187 188 189 189 190 191 192 192 193 194 194 195
114 115 116 117 118 119 119 120 121 122 123 124 125 126 127 129 130 130 131 132 133 134 135 136 137 138 138 139 140 141 142 143 144 145 146 147 147 148 149 150 151 152 153 154 154 155 156 157 158 159 160 160 161 162 163 164 165 166 166 167 168 169 170 171 172 172 173 174 175 176 176 177 178 179 180 181 181 182 183 184 185 185 186 187 188 188 189 190 191 191 192 193 194 194 195 196
114 115 116 117 118 119 120 121 122 122 123 124 125 126 128 129 130 131 132 133 133 134 135 136 137 138 139 140 141 142 142 143 144 145 146 147 148 149 150 150 151 152 153 154 155 156 157 157 158 159 160 161 162 163 163 164 165 166 167 168 169 169 170 171 172 173 174 174 175 176 177 178 179 179 180 181 182 183 183 184 185 186 187 187 188 189 190 190 191 192 193 193 194 195 196 196
115 115 116 117 118 119 120 121 122 123 124 125 126 127 128 129 130 131 132 133 134 135 136 136 137 138 139 140 141 142 143 144 145 145 146 147 148 149 150 151 152 153 153 154 155 156 157 158 159 160 160 161 162 163 164 165 166 167 167 168 169 170 171 172 172 173 174 175 176 177 177 178 179 180 181 182 182 183 184 185 186 186 187 188 189 190 190 191 192 193 193 194 195 196 196 197
115 116 117 118 119 119 120 121 122 123 124 125 126 128 129 130 130 131 132 133 134 135 136 137 138 139 140 140 141 142 143 144 145 146 147 148 148 149 150 151 152 153 154 155 156 156 157 158 159 160 161 162 163 163 164 165 166 167 168 169 170 170 171 172 173 174 175 175 176 177 178 179 180 180 181 182 183 184 185 185 186 187 188 189 189 190 191 192 192 193 194 195 195 196 197 198
115 116 117 118 119 120 121 122 122 123 124 125 127 128 129 130 131 132 133 134 134 135 136 137 138 139 140 141 142 143 143 144 145 146 147 148 149 150 151 152 152 153 154 155 156 157 158 159 159 160 161 162 163 164 165 166 166 167 168 169 170 171 172 173 173 174 175 176 177 178 178 179 180 181 182 183 183 184 185 186 187 187 188 189 190 191 191 192 193 194 195 195 196 197 198 198
115 116 117 118 119 120 121 122 123 124 125 126 127 128 129 130 131 132 133 134 135 136 137 137 138 139 140 141 142 143 144 145 146 147 147 148 149 150 151 152 153 154 155 155 156 157 158 159 160 161 162 163 163 164 165 166 167 168 169 170 170 171 172 173 174 175 176 176 177 178 179 180 181 181 182 183 184 185 186 186 187 188 189 190 190 191 192 193 194 194 195 196 197 197 198 199
116 117 117 118 119 120 121 122 123 124 126 127 128 129 130 130 131 132 133 134 135 136 137 138 139 140 140 141 142 143 144 145 146 147 148 149 150 150 151 152 153 154 155 156 157 158 158 159 160 161 162 163 164 165 166 166 167 168 169 170 171 172 173 173 174 175 176 177 178 179 179 180 181 182 183 184 184 185 186 187 188 189 189 190 191 192 193 193 194 195 196 196 197 198 199 200
116 117 118 119 120 121 121 122 123 124 126 127 128 129 130 131 132 133 133 134 135 136 137 138 139 140 141 142 143 144 144 145 146 147 148 149 150 151 152 153 153 154 155 156 157 158 159 160 161 162 162 163 164 165 166 167 168 169 169 170 171 172 173 174 175 176 176 177 178 179 180 181 182 182 183 184 185 186 187 187 188 189 190 191 191 192 193 194 195 195 196 197 198 199 199 200
116 117 118 119 120 121 122 123 124 125 126 127 128 129 130 131 132 133 134 135 136 137 137 138 139 140 141 142 143 144 145 146 147 147 148 149 150 151 152 153 154 155 156 157 157 158 159 160 161 162 163 164 165 165 166 167 168 169 170 171 172 172 173 174 175 176 177 178 179 179 180 181 182 183 184 184 185 186 187 188 189 190 190 191 192 193 194 194 195 196 197 198 198 199 200 201
116 117 118 119 120 121 122 123 125 126 127 128 129 129 130 131 132 133 134 135 136 137 138 139 140 140 141 142 143 144 145 146 147 148 149 150 151 151 152 153 154 155 156 157 158 159 160 160 161 162 163 164 165 166 167 168 168 169 170 171 172 173 174 175 175 176 177 178 179 180 181 182 182 183 184 185 186 187 187 188 189 190 191 192 192 193 194 195 196 197 197 198 199 200 200 201
117 118 119 119 120 121 122 123 125 126 127 128 129 130 131 132 132 133 134 135 136 137 138 139 140 141 142 143 144 144 145 146 147 148 149 150 151 152 153 154 154 155 156 157 158 159 160 161 162 163 163 164 165 166 167 168 169 170 171 171 172 173 174 175 176 177 178 179 179 180 181 182 183 184 185 185 186 187 188 189 190 190 191 192 193 194 195 195 196 197 198 199 199 200 201 202
117 118 119 120 121 122 122 124 125 126 127 128 129 130 131 132 133 134 135 136 136 137 138 139 140 141 142 143 144 145 146 147 147 148 149 150 151 152 153 154 155 156 157 158 158 159 160 161 162 163 164 165 166 167 167 168 169 170 171 172 173 174 175 175 176 177 178 179 180 181 182 182 183 184 185 186 187 188 188 189 190 191 192 193 193 194 195 196 197 198 198 199 200 201 202 202
117 118 119 120 121 122 124 125 126 127 127 128 129 130 131 132 133 134 135 136 137 138 139 139 140 141 142 143 144 145 146 147 148 149 150 151 151 152 153 154 155 156 157 158 159 160 161 161 162 163 164 165 166 167 168 169 170 170 171 172 173 174 175 176 177 178 178 179 180 181 182 183 184 185 185 186 187 188 189 190 191 191 192 193 194 195 196 196 197 198 199 200 201 201 202 203
117 118 119 120 121 122 124 125 126 127 128 129 130 130 131 132 133 134 135 136 137 138 139 140 141 142 143 143 144 145 146 147 148 149 150 151 152 153 154 154 155 156 157 158 159 160 161 162 163 164 164 165 166 167 168 169 170 171 172 173 173 174 175 176 177 178 179 180 181 181 182 183 184 185 186 187 188 188 189 190 191 192 193 194 194 195 196 197 198 199 199 200 201 202 203 203
118 118 119 120 121 123 124 125 126 127 128 129 130 131 132 133 133 134 135 136 137 138 139 140 141 142 143 144 145 146 146 147 148 149 150 151 152 153 154 155 156 157 158 158 159 160 161 162 163 164 165 166 167 168 168 169 170 171 172 173 174 175 176 177 177 178 179 180 181 182 183 184 184 185 186 187 188 189 190 191 191 192 193 194 195 196 197 197 198 199 200 201 202 202 203 204
118 119 120 121 122 123 124 125 126 127 128 129 130 131 132 133 134 135 136 137 137 138 139 140 141 142 143 144 145 146 147 148 149 150 150 151 152 153 154 155 156 157 158 159 160 161 161 162 163 164 165 166 167 168 169 170 171 171 172 173 174 175 176 177 178 179 180 180 181 182 183 184 185 186 187 188 188 189 190 191 192 193 194 194 195 196 197 198 199 200 200 201 202 203 204 204
118 119 120 121 123 124 125 126 126 127 128 129 130 131 132 133 134 135 136 137 138 139 140 140 141 142 143 144 145 146 147 148 149 150 151 152 153 153 154 155 156 157 158 159 160 161 162 163 164 165 165 166 167 168 169 170 171 172 173 174 175 175 176 177 178 179 180 181 182 183 183 184 185 186 187 188 189 190 191 191 192 193 194 195 196 197 197 198 199 200 201 202 203 203 204 205
118 119 120 122 123 124 125 126 127 128 129 130 130 131 132 133 134 135 136 137 138 139 140 141 142 143 144 144 145 146 147 148 149 150 151 152 153 154 155 156 157 157 158 159 160 161 162 163 164 165 166 167 168 168 169 170 171 172 173 174 175 176 177 178 178 179 180 181 182 183 184 185 186 187 187 188 189 190 191 192 193 194 194 195 196 197 198 199 200 200 201 202 203 204 205 205
118 119 120 122 123 124 125 126 127 128 129 130 131 132 133 133 134 135 136 137 138 139 140 141 142 143 144 145 146 147 147 148 149 150 151 152 153 154 155 156 157 158 159 160 160 161 162 163 164 165 166 167 168 169 170 171 171 172 173 174 175 176 177 178 179 180 181 181 182 183 184 185 186 187 188 189 190 190 191 192 193 194 195 196 197 197 198 199 200 201 202 203 203 204 205 206
119 119 121 122 123 124 125 126 127 128 129 130 131 132 133 134 135 136 136 137 138 139 140 141 142 143 144 145 146 147 148 149 150 151 151 152 153 154 155 156 157 158 159 160 161 162 163 164 164 165 166 167 168 169 170 171 172 173 174 175 175 176 177 178 179 180 181 182 183 184 185 185 186 187 188 189 190 191 192 193 193 194 195 196 197 198 199 200 200 201 202 203 204 205 206 206
119 120 122 123 124 124 125 126 127 128 129 130 131 132 133 134 135 136 137 138 139 140 140 141 142 143 144 145 146 147 148 149 150 151 152 153 154 154 155 156 157 158 159 160 161 162 163 164 165 166 167 167 168 169 170 171 172 173 174 175 176 177 178 178 179 180 181 182 183 184 185 186 187 188 188 189 190 191 192 193 194 195 196 196 197 198 199 200 201 202 203 203 204 205 206 207
119 121 122 123 124 125 126 127 127 128 129 130 131 132 133 134 135 136 137 138 139 140 141 142 143 143 144 145 146 147 148 149 150 151 152 153 154 155 156 157 158 158 159 160 161 162 163 164 165 166 167 168 169 170 171 171 172 173 174 175 176 177 178 179 180 181 182 182 183 184 185 186 187 188 189 190 191 191 192 193 194 195 196 197 198 199 200 200 201 202 203 204 205 206 206 207
119 121 122 123 124 125 126 127 128 129 130 130 131 132 133 134 135 136 137 138 139 140 141 142 143 144 145 146 146 147 148 149 150 151 152 153 154 155 156 157 158 159 160 161 161 162 163 164 165 166 167 168 169 170 171 172 173 174 174 175 176 177 178 179 180 181 182 183 184 185 185 186 187 188 189 190 191 192 193 194 195 195 196 197 198 199 200 201 202 203 203 204 205 206 207 208
120 121 122 123 124 125 126 127 128 129 130 131 132 133 133 134 135 136 137 138 139 140 141 142 143 144 145 146 147 148 149 150 150 151 152 153 154 155 156 157 158 159 160 161 162 163 164 165 165 166 167 168 169 170 171 172 173 174 175 176 177 178 178 179 180 181 182 183 184 185 186 187 188 189 189 190 191 192 193 194 195 196 197 198 198 199 200 201 202 203 204 205 206 206 207 208
