testData/tiles/oneDegree/grid31.0-43.0-32.0-44.0.asc
ncols   200
nrows   200
xllcorner   31.0
yllcorner   43.0
cellsize   0.005
NODATA_value   -9999.0
[rows 42 to 83 of 200, columns 94 to 187 of 200]
127 127 127 127 127 127 127 127 127 127 127 127 127 127 128 128 128 128 128 128 128 128 128 128 128 128 128 128 129 129 129 130 130 131 131 131 132 132 132 133 133 134 134 134 135 135 135 136 136 137 138 138 139 139 139 140 140 140 141 141 141 142 142 142 143 143 143 144 144 145 145 145 146 146 146 147 147 147 148 148 148 149 149 149 150 150 150 151 151 151 151 152 152 152
127 127 127 127 127 127 127 127 127 127 127 127 127 128 128 128 128 128 128 128 128 128 128 128 128 128 128 128 129 129 130 130 130 131 131 131 132 132 133 133 133 134 134 134 135 135 136 137 137 138 138 138 139 139 139 140 140 141 141 141 142 142 142 143 143 143 144 144 144 145 145 145 146 146 146 147 147 147 148 148 148 149 149 149 150 150 150 151 151 151 152 152 152 153
127 127 127 127 127 127 127 127 127 127 127 127 128 128 128 128 128 128 128 128 128 128 128 128 128 128 128 129 129 129 130 130 131 131 131 132 132 132 133 133 134 134 134 135 135 135 137 137 137 138 138 139 139 139 140 140 140 141 141 141 142 142 143 143 143 144 144 144 145 145 145 146 146 146 147 147 147 148 148 148 149 149 149 150 150 150 151 151 151 152 152 152 153 153
127 127 127 127 127 127 127 127 127 127 127 128 128 128 128 128 128 128 128 128 128 128 128 128 128 128 128 129 129 130 130 130 131 131 131 132 132 133 133 133 134 134 134 135 136 137 137 137 138 138 138 139 139 139 140 140 141 141 141 142 142 142 143 143 143 144 144 144 145 145 146 146 146 147 147 147 148 148 148 149 149 149 150 150 150 151 151 151 152 152 152 153 153 153
127 127 127 127 127 127 127 127 127 128 128 128 128 128 128 128 128 128 128 128 128 128 128 128 128 128 129 129 129 130 130 131 131 131 132 132 132 133 133 134 134 134 136 136 136 137 137 137 138 138 139 139 139 140 140 140 141 141 141 142 142 143 143 143 144 144 144 145 145 145 146 146 146 147 147 148 148 148 149 149 149 150 150 150 151 151 151 152 152 152 153 153 154 154
127 127 127 127 127 127 127 127 128 128 128 128 128 128 128 128 128 128 128 128 128 128 128 128 128 128 129 129 130 130 130 131 131 131 132 132 133 133 133 134 135 135 136 136 137 137 137 138 138 138 139 139 140 140 140 141 141 141 142 142 142 143 143 143 144 144 145 145 145 146 146 146 147 147 147 148 148 148 149 149 149 150 150 150 151 151 151 152 153 153 154 154 154 155
127 127 127 127 127 127 127 128 128 128 128 128 128 128 128 128 128 128 128 128 128 128 128 128 128 129 129 129 130 130 130 131 131 132 132 132 133 133 133 135 135 136 136 136 137 137 137 138 138 139 139 139 140 140 140 141 141 142 142 142 143 143 143 144 144 144 145 145 145 146 146 147 147 147 148 148 148 149 149 149 150 150 150 151 152 152 153 153 153 154 154 154 155 155
127 127 127 127 127 127 128 128 128 128 128 128 128 128 128 128 128 128 128 128 128 128 128 128 128 129 129 129 130 130 131 131 131 132 132 133 133 134 135 135 135 136 136 137 137 137 138 138 138 139 139 140 140 140 141 141 141 142 142 142 143 143 144 144 144 145 145 145 146 146 146 147 147 147 148 148 149 149 149 150 150 151 152 152 152 153 153 153 154 154 154 155 155 155
127 127 127 127 128 128 128 128 128 128 128 128 128 128 128 128 128 128 128 128 128 128 128 128 128 129 129 130 130 130 131 131 132 132 132 134 134 134 135 135 136 136 136 137 137 137 138 138 139 139 139 140 140 140 141 141 142 142 142 143 143 143 144 144 144 145 145 146 146 146 147 147 147 148 148 148 149 149 150 151 151 151 152 152 153 153 153 154 154 154 155 155 155 156
127 127 127 128 128 128 128 128 128 128 128 128 128 128 128 128 128 128 128 128 128 128 128 128 129 129 129 130 130 131 131 131 132 132 133 134 134 135 135 135 136 136 136 137 137 138 138 138 139 139 139 140 140 141 141 141 142 142 142 143 143 144 144 144 145 145 145 146 146 146 147 147 148 148 148 150 150 150 151 151 151 152 152 152 153 153 153 154 154 154 155 155 155 156
127 127 128 128 128 128 128 128 128 128 128 128 128 128 128 128 128 128 128 128 128 128 128 128 129 129 130 130 130 131 131 131 133 133 134 134 134 135 135 136 136 136 137 137 137 138 138 139 139 139 140 140 140 141 141 142 142 142 143 143 143 144 144 144 145 145 146 146 146 147 147 147 149 149 149 150 150 151 151 151 152 152 152 153 153 153 154 154 154 155 155 155 156 156
127 128 128 128 128 128 128 128 128 128 128 128 128 128 128 128 128 128 128 128 128 128 128 129 129 129 130 130 130 131 131 133 133 133 134 134 135 135 135 136 136 136 137 137 138 138 138 139 139 139 140 140 141 141 141 142 142 142 143 143 144 144 144 145 145 145 146 146 147 147 148 149 149 149 150 150 150 151 151 151 152 152 152 153 153 154 154 154 155 155 155 156 156 156
128 128 128 128 128 128 128 128 128 128 128 128 128 128 128 128 128 128 128 128 128 128 128 129 129 129 130 130 131 132 132 133 133 134 134 134 135 135 135 136 136 137 137 137 138 138 139 139 139 140 140 140 141 141 142 142 142 143 143 143 144 144 144 145 145 146 146 147 148 148 148 149 149 150 150 150 151 151 151 152 152 152 153 153 153 154 154 154 155 155 155 156 156 156
128 128 128 128 128 128 128 128 128 128 128 128 128 128 128 128 128 128 128 128 128 128 128 129 129 130 130 130 132 132 133 133 133 134 134 134 135 135 136 136 136 137 137 138 138 138 139 139 139 140 140 141 141 141 142 142 142 143 143 144 144 144 145 145 145 147 147 148 148 148 149 149 149 150 150 150 151 151 152 152 152 153 153 153 154 154 154 155 155 155 156 156 156 157
128 128 128 128 128 128 128 128 128 128 128 128 128 128 128 128 128 128 128 128 128 128 129 129 129 130 130 132 132 132 133 133 133 134 134 135 135 135 136 136 137 137 137 138 138 138 139 139 140 140 140 141 141 141 142 142 143 143 143 144 144 144 145 146 147 147 147 148 148 148 149 149 150 150 150 151 151 151 152 152 152 153 153 153 154 154 155 155 155 156 156 156 157 157
128 128 128 128 128 128 128 128 128 128 128 128 128 128 128 128 128 128 128 128 128 128 129 129 129 131 131 132 132 132 133 133 134 134 134 135 135 136 136 136 137 137 137 138 138 139 139 139 140 140 141 141 141 142 142 142 143 143 144 144 144 146 146 146 147 147 148 148 148 149 149 149 150 150 150 151 151 152 152 152 153 153 153 154 154 154 155 155 155 156 156 157 157 157
128 128 128 128 128 128 128 128 128 128 128 128 128 128 128 128 128 128 128 128 128 128 129 129 131 131 131 132 132 133 133 133 134 134 135 135 135 136 136 136 137 137 138 138 138 139 139 140 140 140 141 141 141 142 142 143 143 143 144 145 145 146 146 147 147 147 148 148 148 149 149 150 150 150 151 151 151 152 152 152 153 153 154 154 154 155 155 155 156 156 156 157 157 157
128 128 128 128 128 128 128 128 128 128 128 128 128 128 128 128 128 128 128 128 128 129 129 130 131 131 132 132 132 133 133 133 134 134 135 135 135 136 136 137 137 137 138 138 139 139 139 140 140 140 141 141 142 142 142 143 143 144 145 145 146 146 146 147 147 148 148 148 149 149 149 150 150 150 151 151 152 152 152 153 153 153 154 154 154 155 155 156 156 156 157 157 157 158
128 128 128 128 128 128 128 128 128 128 128 128 128 128 128 128 128 128 128 128 128 130 130 130 131 131 132 132 132 133 133 134 134 134 135 135 136 136 136 137 137 138 138 138 139 139 139 140 140 141 141 141 142 142 143 144 144 145 145 145 146 146 147 147 147 148 148 148 149 149 150 150 150 151 151 151 152 152 153 153 153 154 154 154 155 155 155 156 156 156 157 157 158 158
128 128 128 128 128 128 128 128 128 128 128 128 128 128 128 128 128 128 128 128 129 130 130 131 131 131 132 132 133 133 133 134 134 135 135 135 136 136 136 137 137 138 138 138 139 139 140 140 140 141 141 142 142 143 144 144 144 145 145 146 146 146 147 147 147 148 148 149 149 149 150 150 150 151 151 152 152 152 153 153 153 154 154 155 155 155 156 156 156 157 157 157 158 158
128 128 128 128 128 128 128 128 128 128 128 128 128 128 128 128 128 128 128 129 130 130 130 131 131 132 132 132 133 133 133 134 134 135 135 135 136 136 137 137 137 138 138 139 139 139 140 140 141 141 141 143 143 143 144 144 145 145 145 146 146 146 147 147 148 148 148 149 149 150 150 150 151 151 151 152 152 153 153 153 154 154 154 155 155 155 156 156 157 157 157 158 158 158
128 128 128 128 128 128 128 128 128 128 128 128 128 128 128 128 128 128 129 129 130 130 130 131 131 132 132 132 133 133 134 134 134 135 135 136 136 136 137 137 138 138 138 139 139 139 140 140 141 142 142 143 143 144 144 144 145 145 146 146 146 147 147 147 148 148 149 149 149 150 150 150 151 151 152 152 152 153 153 153 154 154 155 155 155 156 156 156 157 157 157 158 158 159
128 128 128 128 128 128 128 128 128 128 128 128 128 128 128 128 129 129 129 129 130 130 131 131 131 132 132 133 133 133 134 134 135 135 135 136 136 136 137 137 138 138 138 139 139 140 140 140 142 142 143 143 143 144 144 145 145 145 146 146 146 147 147 148 148 148 149 149 149 150 150 151 151 151 152 152 152 153 153 154 154 154 155 155 155 156 156 157 157 157 158 158 158 159
128 128 128 128 128 128 128 128 128 128 128 128 128 128 128 129 129 129 129 129 130 130 131 131 131 132 132 133 133 133 134 134 135 135 135 136 136 137 137 137 138 138 139 139 139 140 141 142 142 142 143 143 143 144 144 145 145 145 146 146 147 147 147 148 148 148 149 149 150 150 150 151 151 152 152 152 153 153 153 154 154 155 155 155 156 156 156 157 157 157 158 158 160 160
128 128 128 128 128 128 128 128 128 128 128 128 128 128 129 129 129 129 129 130 130 130 131 131 132 132 132 133 133 134 134 134 135 135 136 136 136 137 137 138 138 138 139 139 139 141 141 142 142 142 143 143 144 144 144 145 145 146 146 146 147 147 147 148 148 149 149 149 150 150 151 151 151 152 152 152 153 153 154 154 154 155 155 155 156 156 157 157 157 159 159 159 160 160
128 128 128 128 128 128 128 128 128 128 128 128 128 129 129 129 129 129 129 130 130 131 131 131 132 132 133 133 133 134 134 134 135 135 136 136 136 137 137 138 138 138 139 140 141 141 141 142 142 143 143 143 144 144 145 145 145 146 146 146 147 147 148 148 148 149 149 150 150 150 151 151 151 152 152 153 153 153 154 154 155 155 155 156 156 157 158 158 158 159 159 160 160 160
128 128 128 128 128 128 128 128 128 128 128 128 129 129 129 129 129 129 129 130 130 131 131 131 132 132 133 133 133 134 134 135 135 135 136 136 137 137 137 138 138 139 140 140 141 141 142 142 142 143 143 143 144 144 145 145 145 146 146 147 147 147 148 148 149 149 149 150 150 150 151 151 152 152 152 153 153 154 154 154 155 155 156 157 157 158 158 158 159 159 159 160 160 161
128 128 128 128 128 128 128 128 128 128 128 129 129 129 129 129 129 129 130 130 130 131 131 132 132 132 133 133 134 134 134 135 135 136 136 136 137 137 137 138 139 140 140 140 141 141 142 142 142 143 143 144 144 144 145 145 146 146 146 147 147 148 148 148 149 149 149 150 150 151 151 151 152 152 153 153 153 154 154 155 156 156 157 157 157 158 158 158 159 159 160 160 160 161
128 128 128 128 128 128 128 128 128 128 129 129 129 129 129 129 129 129 130 130 130 131 131 132 132 132 133 133 134 134 134 135 135 136 136 136 137 137 138 139 139 140 140 141 141 141 142 142 143 143 143 144 144 145 145 145 146 146 147 147 147 148 148 148 149 149 150 150 150 151 151 152 152 152 153 153 153 155 155 156 156 156 157 157 158 158 158 159 159 159 160 160 161 161
128 128 128 128 128 128 128 128 128 129 129 129 129 129 129 129 129 129 130 130 131 131 131 132 132 133 133 133 134 134 135 135 135 136 136 137 137 138 139 139 140 140 140 141 141 141 142 142 143 143 143 144 144 145 145 145 146 146 147 147 147 148 148 149 149 149 150 150 151 151 151 152 152 152 154 154 155 155 155 156 156 157 157 157 158 158 158 159 159 160 160 160 161 161
128 128 128 128 128 128 128 128 129 129 129 129 129 129 129 129 129 129 130 130 131 131 131 132 132 133 133 133 134 134 135 135 135 136 136 137 138 138 139 139 140 140 140 141 141 142 142 142 143 143 144 144 144 145 145 146 146 146 147 147 148 148 148 149 149 150 150 150 151 151 151 152 153 154 154 154 155 155 156 156 156 157 157 157 158 158 159 159 159 160 160 161 161 161
128 128 128 128 128 128 128 129 129 129 129 129 129 129 129 129 129 129 130 130 131 131 132 132 132 133 133 134 134 134 135 135 136 136 136 138 138 139 139 139 140 140 141 141 141 142 142 143 143 143 144 144 145 145 145 146 146 146 147 147 148 148 148 149 149 150 150 150 151 151 153 153 153 154 154 155 155 155 156 156 156 157 157 158 158 158 159 159 160 160 160 161 161 161
128 128 128 128 128 128 129 129 129 129 129 129 129 129 129 129 129 130 130 130 131 131 132 132 132 133 133 134 134 134 135 135 136 137 137 138 138 139 139 139 140 140 141 141 141 142 142 143 143 143 144 144 145 145 145 146 146 147 147 147 148 148 149 149 149 150 150 151 152 152 153 153 154 154 154 155 155 155 156 156 157 157 157 158 158 159 159 159 160 160 160 161 161 162
128 128 128 128 128 129 129 129 129 129 129 129 129 129 129 129 129 130 130 130 131 131 132 132 132 133 133 134 134 135 135 135 137 137 138 138 138 139 139 140 140 140 141 141 142 142 142 143 143 144 144 144 145 145 146 146 146 147 147 148 148 148 149 149 149 150 151 152 152 152 153 153 154 154 154 155 155 156 156 156 157 157 158 158 158 159 159 159 160 160 161 161 161 162
128 128 128 128 129 129 129 129 129 129 129 129 129 129 129 129 129 130 130 131 131 131 132 132 133 133 133 134 134 135 135 136 137 137 138 138 138 139 139 140 140 140 141 141 142 142 142 143 143 144 144 144 145 145 146 146 146 147 147 148 148 148 149 149 151 151 151 152 152 153 153 153 154 154 155 155 155 156 156 157 157 157 158 158 158 159 159 160 160 160 161 161 162 162
128 128 128 129 129 129 129 129 129 129 129 129 129 129 129 129 129 130 130 131 131 131 132 132 133 133 133 134 134 135 136 136 137 137 138 138 139 139 139 140 140 141 141 141 142 142 143 143 143 144 144 145 145 145 146 146 147 147 147 148 148 149 150 150 151 151 152 152 152 153 153 153 154 154 155 155 155 156 156 157 157 157 158 158 159 159 159 160 160 161 161 161 162 162
128 128 129 129 129 129 129 129 129 129 129 129 129 129 129 129 130 130 130 131 131 132 132 132 133 133 134 134 135 136 136 137 137 137 138 138 139 139 139 140 140 141 141 141 142 142 143 143 143 144 144 145 145 145 146 146 147 147 147 148 149 150 150 150 151 151 152 152 152 153 153 154 154 154 155 155 156 156 156 157 157 158 158 158 159 159 160 160 160 161 161 161 162 162
128 129 129 129 129 129 129 129 129 129 129 129 129 129 129 129 130 130 130 131 131 132 132 132 133 133 134 135 135 136 136 137 137 137 138 138 139 139 139 140 140 141 141 142 142 142 143 143 144 144 144 145 145 146 146 146 147 147 148 149 149 150 150 151 151 151 152 152 153 153 153 154 154 155 155 155 156 156 156 157 157 158 158 158 159 159 160 160 160 161 161 162 162 162
129 129 129 129 129 129 129 129 129 129 129 129 129 129 129 129 130 130 130 131 131 132 132 132 133 133 135 135 136 136 136 137 137 138 138 138 139 139 140 140 140 141 141 142 142 142 143 143 144 144 144 145 145 146 146 146 147 148 149 149 149 150 150 151 151 151 152 152 153 153 153 154 154 155 155 155 156 156 157 157 157 158 158 159 159 159 160 160 161 161 161 162 162 163
129 129 129 129 129 129 129 129 129 129 129 129 129 129 129 129 130 130 131 131 131 132 132 133 133 134 135 135 136 136 136 137 137 138 138 138 139 139 140 140 140 141 141 142 142 142 143 143 144 144 145 145 145 146 146 148 148 148 149 149 150 150 150 151 151 152 152 152 153 153 154 154 154 155 155 156 156 156 157 157 158 412 158 159 159 160 160 160 161 161 161 162 162 163
129 129 129 129 129 129 129 129 129 129 129 129 129 129 129 129 130 130 131 131 131 132 132 133 134 134 135 135 136 136 136 137 137 138 138 139 139 139 140 140 141 141 141 142 142 143 143 143 144 144 145 145 145 146 147 148 148 148 149 149 150 150 150 151 151 152 152 152 153 153 154 154 154 155 155 156 410 410 411 411 412 412 412 413 413 414 414 160 161 161 162 162 162 163
129 129 129 129 129 129 129 129 129 129 129 129 129 129 129 129 130 130 131 131 131 132 132 134 134 135 135 135 136 136 137 137 137 138 138 139 139 139 140 140 141 141 141 142 142 143 143 143 144 144 145 145 146 147 147 148 148 149 149 149 150 150 151 151 151 152 152 153 153 153 154 154 155 155 409 410 410 411 411 411 412 412 413 413 413 414 414 415 415 161 162 162 163 163
