testData/tiles/oneDegree/grid24.0-45.0-25.0-46.0.asc
ncols   200
nrows   200
xllcorner   24.0
yllcorner   45.0
cellsize   0.005
NODATA_value   -9999.0
[rows 84 to 125 of 200, columns 94 to 187 of 200]
251 252 253 254 255 255 257 257 258 259 260 261 261 262 262 264 264 265 265 267 267 268 196 197 198 199 199 200 201 201 202 202 203 204 204 205 205 206 206 207 208 208 209 209 211 212 212 212 213 213 214 215 215 215 216 216 217 217 218 218 218 219 219 220 220 221 221 221 221 222 222 224 224 225 225 225 225 226 226 226 226 228 228 228 228 228 229 229 229 229 229 229 230 231
251 252 252 253 255 255 256 256 258 259 259 260 261 262 262 263 264 265 265 266 266 268 196 197 197 198 199 199 200 200 202 202 203 203 203 205 205 206 206 206 207 208 209 210 210 211 212 212 213 213 213 214 214 215 215 216 216 216 217 218 218 219 219 219 219 220 220 221 221 223 223 223 223 224 224 225 225 226 226 226 226 226 227 227 227 227 229 229 229 229 229 229 230 230
250 252 252 253 254 255 256 256 257 258 259 260 260 261 262 263 263 264 265 266 266 267 195 197 197 198 198 199 200 200 201 201 203 203 203 204 204 205 206 206 207 208 208 210 210 210 211 211 212 213 213 213 214 214 214 216 216 216 217 217 217 218 219 219 219 220 220 221 221 222 223 223 223 224 224 224 224 225 225 226 226 226 227 227 227 227 227 228 228 228 228 228 230 230
250 251 251 253 253 254 255 256 257 257 258 260 260 261 261 263 263 264 264 265 266 267 195 196 196 197 198 198 199 200 201 201 201 202 203 204 204 204 205 205 208 208 208 209 209 210 211 211 211 212 212 213 214 214 214 215 215 215 217 217 217 217 218 218 218 221 221 221 221 222 222 222 222 223 224 224 224 225 225 225 225 225 226 226 227 227 227 228 228 228 228 228 229 229
250 251 251 252 253 254 255 255 257 257 258 258 259 261 261 262 262 264 264 265 265 194 195 196 196 196 198 198 199 199 200 201 201 202 202 203 203 204 206 206 207 207 208 209 209 209 210 210 211 212 212 212 213 213 214 215 215 215 216 216 216 217 218 219 219 220 220 220 220 222 222 222 222 223 223 223 223 223 225 225 225 225 226 226 226 226 226 227 227 227 228 228 229 229
249 249 251 252 252 253 255 255 256 256 258 258 259 259 261 262 262 263 263 265 265 194 194 194 196 196 197 197 199 199 200 200 200 202 202 203 203 204 205 206 207 207 207 208 209 209 210 210 210 211 212 212 213 213 213 214 214 215 216 216 216 216 218 218 219 219 220 220 220 221 221 221 221 223 223 223 223 223 224 224 224 224 225 226 226 226 226 227 227 227 227 227 227 228
249 249 250 252 252 253 253 255 256 256 257 257 259 259 260 260 262 262 263 263 264 193 194 194 195 196 197 197 198 198 200 200 200 201 201 202 204 204 205 205 205 207 207 208 208 208 209 210 210 211 211 211 212 213 213 214 214 214 214 215 217 217 218 218 218 218 219 219 220 220 221 221 221 221 222 222 222 223 224 224 224 224 224 225 225 225 225 225 227 227 227 227 227 228
248 249 250 251 251 253 253 254 255 256 257 257 258 259 260 260 261 261 263 263 264 192 193 194 195 195 196 197 198 198 198 199 200 201 201 203 203 203 205 205 205 206 206 208 208 208 209 209 209 211 211 211 212 212 212 213 214 214 215 216 216 216 217 218 218 218 219 219 219 219 220 220 221 221 222 222 222 222 223 223 223 223 224 225 225 225 225 225 226 226 226 226 226 228
248 248 250 251 251 252 253 254 255 255 256 257 258 258 259 260 261 261 262 262 264 192 193 193 195 195 196 196 197 198 198 199 199 200 201 202 203 203 204 204 205 206 206 206 207 207 209 209 209 210 210 210 212 212 212 212 213 214 214 216 216 216 217 217 217 217 218 219 219 219 220 220 220 220 221 221 222 222 223 223 223 223 223 224 224 224 224 225 226 227 227 227 227 228
248 248 249 249 251 252 252 253 254 255 256 256 258 258 259 259 260 261 262 262 191 191 193 193 194 194 196 196 196 197 197 199 199 201 201 201 202 203 204 204 204 205 206 206 207 207 207 208 209 209 210 210 210 211 211 213 214 214 214 215 215 215 216 217 217 217 218 218 218 218 220 220 220 220 221 221 221 221 221 222 223 223 223 224 224 224 225 225 226 226 226 226 226 226
246 248 249 249 250 252 252 253 253 254 256 256 257 257 259 259 260 260 261 262 191 191 192 193 194 194 195 195 196 197 197 198 199 200 201 201 202 202 203 204 204 205 205 205 206 207 207 208 208 208 209 210 210 211 212 212 213 213 214 215 215 215 215 216 216 216 218 218 218 218 219 219 219 219 221 221 221 221 221 222 222 222 222 224 224 225 225 225 225 226 226 226 226 226
246 247 248 249 250 251 251 253 253 254 254 256 257 257 258 258 260 260 261 261 190 191 192 192 193 194 194 195 195 196 196 199 199 199 200 200 202 202 202 203 203 205 205 205 206 206 206 208 208 208 209 209 210 211 212 212 213 213 213 214 214 215 215 216 216 216 216 217 217 218 218 219 219 219 219 220 220 220 220 222 222 223 223 223 224 224 224 224 224 225 225 225 226 226
246 247 248 248 250 250 251 252 252 254 254 255 256 257 258 258 259 259 261 261 190 190 191 192 193 193 193 195 195 196 197 198 198 199 200 200 201 201 202 203 203 204 204 204 206 206 206 207 207 207 209 210 210 211 211 211 212 213 213 213 214 214 214 215 216 216 216 217 217 217 217 218 218 219 219 220 220 220 220 222 222 222 222 222 224 224 224 224 224 225 225 225 225 225
245 246 248 248 249 249 251 252 252 253 254 255 255 256 257 258 259 259 260 188 190 190 191 191 192 193 193 194 194 196 197 198 198 198 199 200 201 201 201 202 203 203 204 204 205 205 206 207 207 207 209 209 209 211 211 211 212 212 212 212 214 214 214 215 215 215 215 216 217 217 217 218 218 218 218 219 220 220 221 222 222 222 222 222 223 223 223 223 223 224 225 225 225 225
245 246 246 248 249 249 250 251 252 253 253 254 255 256 256 257 257 259 260 188 188 189 190 191 191 192 193 194 195 196 196 196 198 198 199 199 200 201 201 202 202 202 203 204 205 205 205 206 207 208 209 209 209 210 210 210 211 212 212 212 213 213 213 214 215 215 215 216 216 216 216 217 218 218 219 220 220 220 220 220 221 221 221 222 223 223 223 223 223 223 224 224 224 224
244 246 246 247 248 249 250 250 251 253 253 254 254 255 256 257 257 258 258 188 188 189 189 191 191 192 192 194 194 196 196 196 197 197 199 199 199 200 200 202 202 202 203 203 203 205 205 207 207 207 208 208 209 209 210 210 210 211 211 212 213 213 213 213 214 214 214 216 216 216 216 217 218 218 218 218 220 220 220 220 221 221 221 221 221 222 222 222 223 223 224 224 224 224
244 245 246 247 248 248 249 250 251 252 252 254 254 255 255 256 257 258 258 187 187 189 189 190 190 191 193 194 194 195 195 196 197 197 198 198 199 200 200 201 201 201 203 203 203 204 205 205 207 207 207 208 208 208 209 210 210 211 211 211 212 212 213 213 214 214 214 214 215 215 215 217 218 218 218 218 219 219 219 219 220 221 221 221 221 222 222 222 222 222 223 223 223 223
244 245 245 246 248 248 249 249 251 251 252 253 253 255 255 256 256 257 186 187 187 188 188 190 190 192 192 193 194 194 195 195 196 197 198 198 198 199 200 201 201 201 202 202 203 205 205 205 206 206 206 208 208 208 209 209 209 210 211 211 211 212 212 212 213 213 214 214 215 216 216 216 217 217 217 218 219 219 219 219 220 220 220 220 220 221 221 222 222 222 223 223 223 223
243 245 245 246 246 247 249 249 250 250 252 253 253 254 254 256 256 257 185 186 187 188 188 189 190 192 192 193 193 193 195 195 196 196 196 198 198 199 199 199 200 201 202 202 203 204 204 205 206 206 206 207 207 207 209 209 209 210 210 210 210 212 212 212 213 213 213 214 215 215 216 216 217 217 217 217 218 218 218 218 219 220 220 220 220 221 221 221 221 221 221 222 222 222
243 243 244 246 246 247 248 249 250 250 251 251 253 254 254 255 255 257 185 186 186 187 188 190 190 191 191 192 193 193 194 194 196 196 196 197 197 198 199 199 200 200 201 203 203 204 204 204 205 205 206 207 207 207 208 208 208 209 210 210 210 211 211 211 211 213 214 214 215 215 215 215 216 216 217 217 218 218 218 218 218 219 219 219 219 220 221 221 221 221 221 222 222 222
243 243 244 245 245 247 248 248 249 250 251 251 252 253 254 255 255 184 184 186 186 187 188 189 190 190 191 191 192 193 194 194 195 195 196 197 197 198 198 198 200 201 201 202 202 203 204 204 205 205 205 206 206 207 208 208 208 208 209 209 210 211 211 211 212 213 213 213 215 215 215 215 216 216 216 216 216 217 218 218 218 219 219 219 219 219 220 220 220 220 220 221 222 222
242 242 244 245 245 246 247 248 249 249 250 251 252 252 253 253 255 184 184 185 185 188 188 188 189 189 191 191 192 192 193 194 194 195 195 196 196 197 198 198 200 200 201 202 202 202 203 203 203 205 205 205 206 206 206 207 208 208 209 209 209 210 210 211 212 213 213 213 213 214 214 214 214 216 216 216 216 217 217 217 217 218 218 218 219 219 220 220 220 220 220 221 221 221
242 242 243 244 245 246 246 247 249 249 250 250 251 252 253 253 254 182 184 184 186 186 187 188 189 189 190 190 192 192 193 193 193 195 195 196 196 196 197 199 200 200 200 201 201 202 203 203 203 204 204 204 206 206 206 207 207 207 208 209 209 210 211 211 211 212 212 213 213 214 214 214 214 215 215 215 215 217 217 217 217 217 218 218 218 218 219 219 219 219 220 220 222 222
240 242 243 243 244 246 246 247 247 248 250 250 251 251 252 253 254 182 183 183 186 186 187 187 188 189 190 190 191 191 192 193 193 194 194 195 196 196 198 198 199 200 200 201 201 201 202 202 203 204 204 204 205 205 205 207 207 207 208 208 209 209 211 211 211 212 212 212 212 213 213 214 214 215 215 215 215 216 216 216 216 216 218 218 218 218 218 219 219 220 220 220 221 221
240 241 242 243 244 245 245 247 247 248 249 249 251 251 252 252 181 182 183 184 185 185 187 187 188 188 189 190 191 191 191 192 193 194 194 195 195 196 198 198 198 199 199 200 201 201 202 202 202 203 203 204 205 205 205 206 206 206 208 209 209 209 210 210 210 210 212 212 212 213 213 213 213 214 214 214 215 215 216 216 216 216 217 217 217 217 218 219 220 220 220 220 221 221
240 241 242 242 244 245 245 246 246 248 248 249 250 250 252 252 181 181 183 184 185 185 186 186 188 188 189 189 189 191 191 192 192 193 193 194 196 196 197 197 198 199 199 199 200 200 201 202 202 203 203 203 204 204 205 206 206 207 207 208 208 209 210 210 210 210 211 211 211 211 213 213 213 213 214 214 214 214 215 215 215 216 217 217 218 218 218 219 219 219 219 219 219 220
239 240 242 242 243 243 245 246 246 247 247 249 250 250 251 251 181 182 183 183 184 185 186 186 187 187 189 189 189 190 190 192 192 193 193 193 195 196 197 197 197 198 198 199 200 200 200 201 201 202 203 203 204 204 204 204 206 207 207 208 208 208 209 209 209 210 211 211 211 211 212 212 212 212 214 214 214 214 215 215 215 215 216 217 217 217 217 218 219 219 219 219 219 220
239 240 240 241 243 243 244 245 246 247 247 248 248 250 251 179 180 181 183 183 184 184 185 186 187 187 187 188 189 190 190 191 191 191 193 194 195 195 195 197 197 198 198 198 199 199 200 201 201 201 202 202 202 204 204 205 206 206 206 207 208 208 208 209 209 209 210 210 210 211 212 212 212 212 213 213 213 213 214 215 216 216 216 217 217 217 217 217 218 218 218 218 218 219
238 240 240 241 242 243 244 244 245 246 247 248 248 249 249 179 180 181 182 182 184 184 185 185 185 187 187 188 188 189 190 191 191 191 193 193 195 195 195 196 196 197 198 198 199 199 199 200 200 201 202 202 202 203 204 204 206 206 206 207 207 207 207 208 209 209 210 210 210 210 211 211 211 212 213 213 213 213 214 215 215 215 215 216 216 217 217 217 218 218 218 218 218 218
238 239 239 241 242 242 243 244 245 246 246 247 248 249 249 179 179 181 181 182 182 183 184 185 185 186 186 188 188 189 189 189 190 192 193 193 194 194 195 196 196 196 197 197 198 199 199 200 200 200 201 201 203 204 204 204 205 205 205 206 207 207 207 208 208 208 208 209 210 210 210 211 211 211 211 212 213 213 214 215 215 215 215 215 216 216 216 216 216 217 217 217 218 218
238 239 239 240 241 242 243 243 244 245 246 247 247 248 178 179 179 180 180 182 182 183 183 184 185 186 186 187 187 189 189 189 191 191 192 193 193 194 194 195 195 196 197 197 198 198 198 199 200 200 201 202 202 203 203 204 205 205 205 205 206 206 206 208 208 208 208 209 209 209 209 210 211 211 211 213 213 213 213 214 214 214 214 215 216 216 216 216 216 217 217 217 217 217
237 237 239 240 240 241 243 243 244 244 245 247 247 248 177 178 179 180 180 181 181 183 183 184 184 185 186 187 187 187 188 189 191 191 192 192 192 194 194 195 195 195 196 196 197 198 198 199 199 199 201 202 202 203 203 203 203 204 205 205 206 206 206 207 207 207 207 209 209 209 209 210 210 211 211 212 212 213 213 214 214 214 214 214 215 215 215 215 215 216 217 217 217 217
237 237 238 240 240 241 242 242 244 244 245 245 246 177 177 178 178 179 180 181 181 182 182 184 184 185 185 186 187 187 189 189 190 190 192 192 192 193 193 194 195 195 196 196 196 197 197 198 199 200 200 201 201 201 203 203 203 204 204 204 205 205 206 206 207 207 207 208 208 208 208 211 211 211 211 212 212 212 212 212 213 213 214 214 215 215 215 215 215 216 216 216 216 216
236 237 238 239 239 241 241 242 243 243 245 245 247 175 176 178 178 179 179 180 181 182 182 183 183 185 185 185 186 186 188 189 190 190 190 191 192 193 193 193 194 194 195 196 196 197 197 197 199 199 200 201 201 201 202 202 202 204 204 204 205 205 205 205 206 207 207 207 208 208 209 209 210 210 210 211 212 212 212 212 213 213 213 213 213 214 214 214 215 215 216 216 216 216
235 236 238 238 239 240 240 242 243 243 244 244 247 175 176 176 177 179 179 180 180 181 182 183 183 183 184 185 186 187 188 188 189 190 190 191 191 192 192 193 194 194 195 195 195 196 197 198 199 199 199 200 200 201 202 202 202 203 203 203 204 205 205 205 206 206 206 206 207 209 209 209 210 210 210 210 211 211 211 211 213 213 213 213 213 214 214 214 214 214 215 215 215 215
235 236 237 237 239 240 240 241 241 243 244 245 174 174 176 176 177 177 178 179 180 180 181 181 183 183 184 184 186 186 188 188 188 189 189 191 191 192 192 192 193 193 194 195 195 196 197 197 199 199 199 200 200 200 201 201 202 202 203 203 203 204 204 204 206 206 206 207 208 208 208 208 209 209 210 210 211 211 211 211 211 212 212 212 212 213 213 214 214 214 215 215 215 215
234 236 237 237 238 239 240 241 241 242 243 245 174 174 175 175 177 177 178 178 179 180 181 181 182 182 184 185 186 186 187 187 188 189 189 190 190 190 192 192 193 193 193 194 194 196 197 197 198 198 198 199 200 200 200 201 201 201 202 203 203 204 204 204 204 205 206 206 208 208 208 208 209 209 209 209 210 210 210 211 211 212 212 212 212 212 213 213 213 213 213 214 214 214
234 235 236 237 238 238 239 240 241 242 243 172 173 174 175 175 176 176 178 178 179 179 180 181 182 182 183 184 185 186 186 187 187 188 189 190 190 190 191 191 192 193 193 194 194 195 196 197 197 198 198 198 199 199 199 201 201 201 202 202 202 203 203 204 204 206 206 206 206 207 207 207 207 209 209 209 209 210 210 210 210 211 211 211 211 212 213 213 213 213 213 214 215 215
234 235 235 236 237 238 239 240 240 242 243 172 172 173 174 175 176 176 177 177 179 179 180 180 181 182 184 184 185 185 185 187 187 188 188 188 189 190 191 191 191 192 192 194 195 195 196 196 196 197 198 198 199 199 199 200 200 200 202 202 202 202 203 203 204 205 205 206 206 207 207 207 207 208 208 208 208 209 210 210 210 210 211 211 211 211 212 212 212 213 213 214 215 215
233 234 235 236 237 237 238 239 240 242 242 171 172 173 174 174 175 176 177 177 178 178 180 180 181 182 183 183 184 185 185 186 186 188 188 188 189 189 190 190 191 192 192 194 194 194 196 196 196 197 197 197 198 198 199 200 200 200 201 201 201 201 204 204 204 205 205 205 205 206 206 207 207 208 208 208 208 209 209 209 209 209 210 211 211 211 211 213 213 213 213 213 214 214
233 234 234 235 237 237 238 238 240 242 170 171 171 172 173 174 174 175 176 177 178 178 179 179 180 182 182 183 183 184 185 186 186 187 187 187 189 189 190 190 190 191 193 193 194 194 195 195 195 197 197 197 198 198 198 199 199 200 200 201 201 202 203 203 203 203 205 205 205 206 206 206 206 207 207 207 208 208 209 209 209 209 210 210 210 211 211 212 212 212 213 213 214 214
232 233 234 235 235 236 238 238 240 240 169 171 171 172 172 173 174 175 175 176 176 178 178 179 180 181 181 183 183 184 184 185 186 186 187 187 188 188 188 190 190 192 192 192 193 194 194 195 195 195 196 196 196 198 198 198 199 199 199 200 201 202 203 203 203 203 204 204 204 204 206 206 206 206 207 207 207 207 208 208 208 208 210 210 211 211 211 212 212 212 212 212 212 213
