testData/tiles/oneDegree/grid49.0-6.0-50.0-7.0.asc
ncols   200
nrows   200
xllcorner   49.0
yllcorner   6.0
cellsize   0.005
NODATA_value   -9999.0
[rows 51 to 67 of 200, columns 37 to 73 of 200]
1.027000000000000000e+03 1.026000000000000000e+03 1.026000000000000000e+03 1.025000000000000000e+03 1.025000000000000000e+03 1.025000000000000000e+03 1.024000000000000000e+03 1.024000000000000000e+03 1.023000000000000000e+03 1.023000000000000000e+03 9.690000000000000000e+02 9.680000000000000000e+02 9.680000000000000000e+02 9.670000000000000000e+02 9.670000000000000000e+02 9.660000000000000000e+02 9.650000000000000000e+02 6.880000000000000000e+02 6.870000000000000000e+02 6.860000000000000000e+02 6.860000000000000000e+02 6.850000000000000000e+02 6.850000000000000000e+02 6.840000000000000000e+02 6.840000000000000000e+02 6.840000000000000000e+02 6.830000000000000000e+02 6.820000000000000000e+02 6.820000000000000000e+02 6.820000000000000000e+02 6.820000000000000000e+02 6.820000000000000000e+02 6.830000000000000000e+02 6.830000000000000000e+02 6.830000000000000000e+02 6.830000000000000000e+02 6.830000000000000000e+02
1.026000000000000000e+03 1.026000000000000000e+03 1.025000000000000000e+03 1.025000000000000000e+03 1.024000000000000000e+03 1.024000000000000000e+03 1.024000000000000000e+03 1.023000000000000000e+03 1.023000000000000000e+03 1.022000000000000000e+03 9.680000000000000000e+02 9.670000000000000000e+02 9.670000000000000000e+02 9.670000000000000000e+02 9.660000000000000000e+02 9.660000000000000000e+02 9.650000000000000000e+02 6.860000000000000000e+02 6.870000000000000000e+02 6.860000000000000000e+02 6.860000000000000000e+02 6.850000000000000000e+02 6.840000000000000000e+02 6.840000000000000000e+02 6.830000000000000000e+02 6.820000000000000000e+02 6.830000000000000000e+02 6.820000000000000000e+02 6.820000000000000000e+02 6.820000000000000000e+02 6.820000000000000000e+02 6.820000000000000000e+02 6.820000000000000000e+02 6.820000000000000000e+02 6.830000000000000000e+02 6.830000000000000000e+02 6.830000000000000000e+02
1.025000000000000000e+03 1.024000000000000000e+03 1.025000000000000000e+03 1.024000000000000000e+03 1.024000000000000000e+03 1.023000000000000000e+03 1.023000000000000000e+03 1.023000000000000000e+03 1.022000000000000000e+03 1.022000000000000000e+03 9.670000000000000000e+02 9.670000000000000000e+02 9.660000000000000000e+02 9.660000000000000000e+02 9.660000000000000000e+02 9.650000000000000000e+02 9.650000000000000000e+02 6.860000000000000000e+02 6.850000000000000000e+02 6.850000000000000000e+02 6.850000000000000000e+02 6.850000000000000000e+02 6.840000000000000000e+02 6.830000000000000000e+02 6.830000000000000000e+02 6.820000000000000000e+02 6.810000000000000000e+02 6.810000000000000000e+02 6.820000000000000000e+02 6.820000000000000000e+02 6.820000000000000000e+02 6.820000000000000000e+02 6.820000000000000000e+02 6.820000000000000000e+02 6.820000000000000000e+02 6.820000000000000000e+02 6.820000000000000000e+02
1.025000000000000000e+03 1.024000000000000000e+03 1.024000000000000000e+03 1.024000000000000000e+03 1.023000000000000000e+03 1.023000000000000000e+03 1.022000000000000000e+03 1.022000000000000000e+03 1.021000000000000000e+03 9.680000000000000000e+02 9.670000000000000000e+02 9.660000000000000000e+02 9.660000000000000000e+02 9.650000000000000000e+02 9.650000000000000000e+02 9.650000000000000000e+02 9.640000000000000000e+02 6.860000000000000000e+02 6.850000000000000000e+02 6.840000000000000000e+02 6.840000000000000000e+02 6.830000000000000000e+02 6.840000000000000000e+02 6.830000000000000000e+02 6.820000000000000000e+02 6.820000000000000000e+02 6.810000000000000000e+02 6.810000000000000000e+02 6.810000000000000000e+02 6.810000000000000000e+02 6.820000000000000000e+02 6.820000000000000000e+02 6.820000000000000000e+02 6.820000000000000000e+02 6.820000000000000000e+02 6.820000000000000000e+02 6.820000000000000000e+02
1.024000000000000000e+03 1.024000000000000000e+03 1.023000000000000000e+03 1.023000000000000000e+03 1.022000000000000000e+03 1.023000000000000000e+03 1.022000000000000000e+03 1.021000000000000000e+03 1.021000000000000000e+03 9.660000000000000000e+02 9.660000000000000000e+02 9.660000000000000000e+02 9.650000000000000000e+02 9.650000000000000000e+02 9.640000000000000000e+02 9.640000000000000000e+02 9.630000000000000000e+02 6.850000000000000000e+02 6.850000000000000000e+02 6.840000000000000000e+02 6.830000000000000000e+02 6.830000000000000000e+02 6.820000000000000000e+02 6.820000000000000000e+02 6.810000000000000000e+02 6.810000000000000000e+02 6.810000000000000000e+02 6.810000000000000000e+02 6.810000000000000000e+02 6.810000000000000000e+02 6.810000000000000000e+02 6.810000000000000000e+02 6.810000000000000000e+02 6.820000000000000000e+02 6.820000000000000000e+02 6.820000000000000000e+02 6.820000000000000000e+02
1.024000000000000000e+03 1.023000000000000000e+03 1.023000000000000000e+03 1.022000000000000000e+03 1.022000000000000000e+03 1.021000000000000000e+03 1.022000000000000000e+03 1.021000000000000000e+03 9.660000000000000000e+02 9.660000000000000000e+02 9.650000000000000000e+02 9.650000000000000000e+02 9.650000000000000000e+02 9.640000000000000000e+02 9.640000000000000000e+02 9.630000000000000000e+02 9.630000000000000000e+02 6.840000000000000000e+02 6.830000000000000000e+02 6.840000000000000000e+02 6.830000000000000000e+02 6.820000000000000000e+02 6.820000000000000000e+02 6.810000000000000000e+02 6.810000000000000000e+02 6.800000000000000000e+02 6.800000000000000000e+02 6.810000000000000000e+02 6.810000000000000000e+02 6.810000000000000000e+02 6.810000000000000000e+02 6.810000000000000000e+02 6.810000000000000000e+02 6.810000000000000000e+02 6.810000000000000000e+02 6.810000000000000000e+02 6.820000000000000000e+02
1.023000000000000000e+03 1.022000000000000000e+03 1.023000000000000000e+03 1.022000000000000000e+03 1.021000000000000000e+03 1.021000000000000000e+03 1.020000000000000000e+03 1.020000000000000000e+03 9.660000000000000000e+02 9.650000000000000000e+02 9.650000000000000000e+02 9.640000000000000000e+02 9.640000000000000000e+02 9.630000000000000000e+02 9.630000000000000000e+02 9.630000000000000000e+02 9.620000000000000000e+02 6.840000000000000000e+02 6.830000000000000000e+02 6.820000000000000000e+02 6.820000000000000000e+02 6.820000000000000000e+02 6.810000000000000000e+02 6.810000000000000000e+02 6.800000000000000000e+02 6.800000000000000000e+02 6.800000000000000000e+02 6.800000000000000000e+02 6.800000000000000000e+02 6.810000000000000000e+02 6.810000000000000000e+02 6.810000000000000000e+02 6.810000000000000000e+02 6.810000000000000000e+02 6.810000000000000000e+02 6.810000000000000000e+02 6.810000000000000000e+02
1.022000000000000000e+03 1.022000000000000000e+03 1.021000000000000000e+03 1.022000000000000000e+03 1.021000000000000000e+03 1.020000000000000000e+03 1.020000000000000000e+03 9.650000000000000000e+02 9.650000000000000000e+02 9.640000000000000000e+02 9.650000000000000000e+02 9.640000000000000000e+02 9.630000000000000000e+02 9.630000000000000000e+02 9.620000000000000000e+02 9.610000000000000000e+02 9.620000000000000000e+02 6.830000000000000000e+02 6.830000000000000000e+02 6.820000000000000000e+02 6.810000000000000000e+02 6.810000000000000000e+02 6.800000000000000000e+02 6.790000000000000000e+02 6.800000000000000000e+02 6.800000000000000000e+02 6.800000000000000000e+02 6.800000000000000000e+02 6.800000000000000000e+02 6.800000000000000000e+02 6.800000000000000000e+02 6.800000000000000000e+02 6.810000000000000000e+02 6.810000000000000000e+02 6.810000000000000000e+02 6.810000000000000000e+02 6.810000000000000000e+02
1.022000000000000000e+03 1.021000000000000000e+03 1.021000000000000000e+03 1.020000000000000000e+03 1.020000000000000000e+03 1.020000000000000000e+03 1.020000000000000000e+03 9.650000000000000000e+02 9.640000000000000000e+02 9.640000000000000000e+02 9.630000000000000000e+02 9.640000000000000000e+02 9.630000000000000000e+02 9.620000000000000000e+02 9.620000000000000000e+02 9.610000000000000000e+02 9.600000000000000000e+02 6.820000000000000000e+02 6.820000000000000000e+02 6.820000000000000000e+02 6.810000000000000000e+02 6.800000000000000000e+02 6.800000000000000000e+02 6.790000000000000000e+02 6.790000000000000000e+02 6.790000000000000000e+02 6.800000000000000000e+02 6.800000000000000000e+02 6.800000000000000000e+02 6.800000000000000000e+02 6.800000000000000000e+02 6.800000000000000000e+02 6.800000000000000000e+02 6.800000000000000000e+02 6.800000000000000000e+02 6.810000000000000000e+02 6.810000000000000000e+02
1.021000000000000000e+03 1.021000000000000000e+03 1.020000000000000000e+03 1.020000000000000000e+03 1.019000000000000000e+03 1.019000000000000000e+03 9.640000000000000000e+02 9.650000000000000000e+02 9.640000000000000000e+02 9.630000000000000000e+02 9.630000000000000000e+02 9.620000000000000000e+02 9.620000000000000000e+02 9.620000000000000000e+02 9.610000000000000000e+02 9.610000000000000000e+02 9.600000000000000000e+02 6.810000000000000000e+02 6.810000000000000000e+02 6.800000000000000000e+02 6.810000000000000000e+02 6.800000000000000000e+02 6.790000000000000000e+02 6.790000000000000000e+02 6.790000000000000000e+02 6.790000000000000000e+02 6.790000000000000000e+02 6.790000000000000000e+02 6.800000000000000000e+02 6.800000000000000000e+02 6.800000000000000000e+02 6.800000000000000000e+02 6.800000000000000000e+02 6.800000000000000000e+02 6.800000000000000000e+02 6.800000000000000000e+02 6.800000000000000000e+02
1.020000000000000000e+03 1.020000000000000000e+03 1.020000000000000000e+03 1.019000000000000000e+03 1.019000000000000000e+03 1.018000000000000000e+03 9.640000000000000000e+02 9.630000000000000000e+02 9.640000000000000000e+02 9.630000000000000000e+02 9.620000000000000000e+02 9.620000000000000000e+02 9.610000000000000000e+02 9.610000000000000000e+02 9.600000000000000000e+02 9.600000000000000000e+02 9.600000000000000000e+02 6.810000000000000000e+02 6.800000000000000000e+02 6.800000000000000000e+02 6.790000000000000000e+02 6.790000000000000000e+02 6.790000000000000000e+02 6.790000000000000000e+02 6.790000000000000000e+02 6.790000000000000000e+02 6.790000000000000000e+02 6.790000000000000000e+02 6.790000000000000000e+02 6.790000000000000000e+02 6.790000000000000000e+02 6.800000000000000000e+02 6.800000000000000000e+02 6.800000000000000000e+02 6.800000000000000000e+02 6.800000000000000000e+02 6.800000000000000000e+02
1.020000000000000000e+03 1.019000000000000000e+03 1.019000000000000000e+03 1.018000000000000000e+03 1.019000000000000000e+03 9.640000000000000000e+02 9.630000000000000000e+02 9.630000000000000000e+02 9.620000000000000000e+02 9.620000000000000000e+02 9.620000000000000000e+02 9.610000000000000000e+02 9.610000000000000000e+02 9.600000000000000000e+02 9.600000000000000000e+02 9.590000000000000000e+02 9.580000000000000000e+02 6.810000000000000000e+02 6.800000000000000000e+02 6.790000000000000000e+02 6.790000000000000000e+02 6.780000000000000000e+02 6.780000000000000000e+02 6.780000000000000000e+02 6.780000000000000000e+02 6.790000000000000000e+02 6.790000000000000000e+02 6.790000000000000000e+02 6.790000000000000000e+02 6.790000000000000000e+02 6.790000000000000000e+02 6.790000000000000000e+02 6.790000000000000000e+02 6.790000000000000000e+02 6.800000000000000000e+02 6.800000000000000000e+02 6.800000000000000000e+02
1.019000000000000000e+03 1.019000000000000000e+03 1.018000000000000000e+03 1.018000000000000000e+03 1.017000000000000000e+03 9.640000000000000000e+02 9.630000000000000000e+02 9.620000000000000000e+02 9.620000000000000000e+02 9.610000000000000000e+02 9.610000000000000000e+02 9.600000000000000000e+02 9.600000000000000000e+02 9.600000000000000000e+02 9.590000000000000000e+02 9.590000000000000000e+02 6.800000000000000000e+02 6.790000000000000000e+02 6.790000000000000000e+02 6.790000000000000000e+02 6.780000000000000000e+02 6.780000000000000000e+02 6.780000000000000000e+02 6.780000000000000000e+02 6.780000000000000000e+02 6.780000000000000000e+02 6.780000000000000000e+02 6.790000000000000000e+02 6.790000000000000000e+02 6.790000000000000000e+02 6.790000000000000000e+02 6.790000000000000000e+02 6.790000000000000000e+02 6.790000000000000000e+02 6.790000000000000000e+02 6.790000000000000000e+02 6.790000000000000000e+02
1.018000000000000000e+03 1.018000000000000000e+03 1.018000000000000000e+03 1.017000000000000000e+03 9.630000000000000000e+02 9.620000000000000000e+02 9.620000000000000000e+02 9.620000000000000000e+02 9.610000000000000000e+02 9.610000000000000000e+02 9.600000000000000000e+02 9.600000000000000000e+02 9.590000000000000000e+02 9.580000000000000000e+02 9.590000000000000000e+02 9.580000000000000000e+02 6.790000000000000000e+02 6.790000000000000000e+02 6.780000000000000000e+02 6.780000000000000000e+02 6.770000000000000000e+02 6.780000000000000000e+02 6.780000000000000000e+02 6.780000000000000000e+02 6.780000000000000000e+02 6.780000000000000000e+02 6.780000000000000000e+02 6.780000000000000000e+02 6.780000000000000000e+02 6.780000000000000000e+02 6.790000000000000000e+02 6.790000000000000000e+02 6.790000000000000000e+02 6.790000000000000000e+02 6.790000000000000000e+02 6.790000000000000000e+02 6.790000000000000000e+02
1.018000000000000000e+03 1.017000000000000000e+03 1.016000000000000000e+03 1.017000000000000000e+03 9.620000000000000000e+02 9.620000000000000000e+02 9.610000000000000000e+02 9.610000000000000000e+02 9.600000000000000000e+02 9.600000000000000000e+02 9.600000000000000000e+02 9.590000000000000000e+02 9.590000000000000000e+02 9.580000000000000000e+02 9.570000000000000000e+02 9.570000000000000000e+02 6.790000000000000000e+02 6.780000000000000000e+02 6.780000000000000000e+02 6.770000000000000000e+02 6.770000000000000000e+02 6.770000000000000000e+02 6.770000000000000000e+02 6.770000000000000000e+02 6.780000000000000000e+02 6.780000000000000000e+02 6.780000000000000000e+02 6.780000000000000000e+02 6.780000000000000000e+02 6.780000000000000000e+02 6.780000000000000000e+02 6.780000000000000000e+02 6.780000000000000000e+02 6.790000000000000000e+02 6.790000000000000000e+02 6.790000000000000000e+02 6.790000000000000000e+02
1.017000000000000000e+03 1.017000000000000000e+03 1.016000000000000000e+03 9.610000000000000000e+02 9.620000000000000000e+02 9.610000000000000000e+02 9.610000000000000000e+02 9.600000000000000000e+02 9.590000000000000000e+02 9.590000000000000000e+02 9.580000000000000000e+02 9.590000000000000000e+02 9.580000000000000000e+02 9.570000000000000000e+02 9.570000000000000000e+02 9.560000000000000000e+02 6.780000000000000000e+02 6.770000000000000000e+02 6.770000000000000000e+02 6.770000000000000000e+02 6.770000000000000000e+02 6.770000000000000000e+02 6.770000000000000000e+02 6.770000000000000000e+02 6.770000000000000000e+02 6.770000000000000000e+02 6.780000000000000000e+02 6.780000000000000000e+02 6.780000000000000000e+02 6.780000000000000000e+02 6.780000000000000000e+02 6.780000000000000000e+02 6.780000000000000000e+02 6.780000000000000000e+02 6.780000000000000000e+02 6.780000000000000000e+02 6.790000000000000000e+02
1.017000000000000000e+03 1.016000000000000000e+03 1.016000000000000000e+03 9.610000000000000000e+02 9.600000000000000000e+02 9.600000000000000000e+02 9.600000000000000000e+02 9.600000000000000000e+02 9.590000000000000000e+02 9.580000000000000000e+02 9.580000000000000000e+02 9.570000000000000000e+02 9.570000000000000000e+02 9.570000000000000000e+02 9.560000000000000000e+02 9.560000000000000000e+02 6.770000000000000000e+02 6.760000000000000000e+02 6.760000000000000000e+02 6.760000000000000000e+02 6.770000000000000000e+02 6.770000000000000000e+02 6.770000000000000000e+02 6.770000000000000000e+02 6.770000000000000000e+02 6.770000000000000000e+02 6.770000000000000000e+02 6.770000000000000000e+02 6.770000000000000000e+02 6.780000000000000000e+02 6.780000000000000000e+02 6.780000000000000000e+02 6.780000000000000000e+02 6.780000000000000000e+02 6.780000000000000000e+02 6.780000000000000000e+02 6.780000000000000000e+02
