testData/tiles/oneDegree/grid16.0-28.0-17.0-29.0.asc
ncols   200
nrows   200
xllcorner   16.0
yllcorner   28.0
cellsize   0.005
NODATA_value   -9999.0
[rows 84 to 125 of 200, columns 94 to 187 of 200]
279 280 280 280 280 281 281 281 281 281 282 282 282 282 282 262 262 262 262 262 263 263 263 263 263 264 264 264 264 264 265 265 265 265 265 266 266 266 266 266 266 267 267 267 267 267 267 268 268 268 268 268 268 269 269 269 269 269 269 269 270 270 270 270 270 270 270 270 271 271 271 271 271 271 271 271 271 272 272 272 272 272 272 272 272 155 155 155 155 155 156 156 156 156
279 279 280 280 280 280 281 281 281 281 281 282 282 282 282 261 262 262 262 262 262 263 263 263 263 263 264 264 264 264 264 265 265 265 265 265 266 266 266 266 266 266 267 267 267 267 267 267 268 268 268 268 268 268 268 269 269 269 269 269 269 269 270 270 270 270 270 270 270 270 271 271 271 271 271 271 271 271 271 271 272 272 272 272 155 155 155 155 155 155 155 155 155 155
279 279 279 280 280 280 280 281 281 281 281 281 282 282 261 261 261 262 262 262 262 262 263 263 263 263 263 264 264 264 264 264 265 265 265 265 265 265 266 266 266 266 266 266 267 267 267 267 267 267 268 268 268 268 268 268 269 269 269 269 269 269 269 269 270 270 270 270 270 270 270 270 270 271 271 271 271 271 271 271 271 271 271 154 155 155 155 155 155 155 155 155 155 155
279 279 279 280 280 280 280 280 281 281 281 281 281 282 261 261 261 261 262 262 262 262 262 263 263 263 263 263 264 264 264 264 264 265 265 265 265 265 265 266 266 266 266 266 266 267 267 267 267 267 267 268 268 268 268 268 268 268 269 269 269 269 269 269 269 269 270 270 270 270 270 270 270 270 270 271 271 271 271 271 271 271 154 154 154 154 154 154 155 155 155 155 155 155
279 279 279 279 280 280 280 280 280 281 281 281 281 281 261 261 261 261 261 262 262 262 262 262 263 263 263 263 263 264 264 264 264 264 264 265 265 265 265 265 266 266 266 266 266 266 267 267 267 267 267 267 267 268 268 268 268 268 268 268 269 269 269 269 269 269 269 269 270 270 270 270 270 270 270 270 270 270 271 271 154 154 154 154 154 154 154 154 154 154 154 154 154 155
278 279 279 279 279 280 280 280 280 280 281 281 281 281 260 261 261 261 261 261 262 262 262 262 262 263 263 263 263 263 264 264 264 264 264 264 265 265 265 265 265 265 266 266 266 266 266 266 267 267 267 267 267 267 267 268 268 268 268 268 268 268 269 269 269 269 269 269 269 269 269 270 270 270 270 270 270 270 270 153 153 153 154 154 154 154 154 154 154 154 154 154 154 154
278 278 279 279 279 279 280 280 280 280 280 281 281 260 260 260 261 261 261 261 261 262 262 262 262 262 263 263 263 263 263 263 264 264 264 264 264 265 265 265 265 265 265 266 266 266 266 266 266 266 267 267 267 267 267 267 267 268 268 268 268 268 268 268 269 269 269 269 269 269 269 269 269 270 270 270 270 270 153 153 153 153 153 153 153 154 154 154 154 154 154 154 154 154
278 278 279 279 279 279 279 280 280 280 280 280 281 260 260 260 260 261 261 261 261 261 262 262 262 262 262 263 263 263 263 263 263 264 264 264 264 264 264 265 265 265 265 265 265 266 266 266 266 266 266 267 267 267 267 267 267 267 267 268 268 268 268 268 268 268 268 269 269 269 269 269 269 269 269 269 153 153 153 153 153 153 153 153 153 153 153 153 153 153 154 154 154 154
278 278 278 279 279 279 279 279 280 280 280 280 280 260 260 260 260 260 261 261 261 261 261 262 262 262 262 262 262 263 263 263 263 263 264 264 264 264 264 264 265 265 265 265 265 265 266 266 266 266 266 266 266 267 267 267 267 267 267 267 267 268 268 268 268 268 268 268 268 269 269 269 269 269 269 152 152 152 152 152 153 153 153 153 153 153 153 153 153 153 153 153 153 153
278 278 278 278 279 279 279 279 279 280 280 280 259 259 260 260 260 260 260 261 261 261 261 261 262 262 262 262 262 262 263 263 263 263 263 263 264 264 264 264 264 264 265 265 265 265 265 265 266 266 266 266 266 266 266 267 267 267 267 267 267 267 267 268 268 268 268 268 268 268 268 268 269 269 152 152 152 152 152 152 152 152 152 153 153 153 153 153 153 153 153 153 153 153
277 278 278 278 278 279 279 279 279 279 280 280 259 259 259 260 260 260 260 260 261 261 261 261 261 261 262 262 262 262 262 263 263 263 263 263 263 264 264 264 264 264 264 265 265 265 265 265 265 265 266 266 266 266 266 266 266 267 267 267 267 267 267 267 267 268 268 268 268 268 268 268 151 151 152 152 152 152 152 152 152 152 152 152 152 152 152 152 153 153 153 153 153 153
277 278 278 278 278 278 279 279 279 279 279 280 259 259 259 259 260 260 260 260 260 261 261 261 261 261 261 262 262 262 262 262 263 263 263 263 263 263 264 264 264 264 264 264 264 265 265 265 265 265 265 266 266 266 266 266 266 266 266 267 267 267 267 267 267 267 267 268 268 268 268 151 151 151 151 151 151 151 152 152 152 152 152 152 152 152 152 152 152 152 152 152 152 153
277 277 278 278 278 278 278 279 279 279 279 258 259 259 259 259 259 260 260 260 260 260 260 261 261 261 261 261 262 262 262 262 262 262 263 263 263 263 263 263 264 264 264 264 264 264 265 265 265 265 265 265 265 266 266 266 266 266 266 266 266 267 267 267 267 267 267 267 267 267 151 151 151 151 151 151 151 151 151 151 151 152 152 152 152 152 152 152 152 152 152 152 152 152
277 277 277 278 278 278 278 278 279 279 279 258 258 259 259 259 259 259 259 260 260 260 260 260 261 261 261 261 261 262 262 262 262 262 262 263 263 263 263 263 263 264 264 264 264 264 264 264 265 265 265 265 265 265 265 266 266 266 266 266 266 266 266 267 267 267 267 267 150 150 150 150 150 151 151 151 151 151 151 151 151 151 151 151 151 152 152 152 152 152 152 152 152 152
277 277 277 277 278 278 278 278 278 279 279 258 258 258 259 259 259 259 259 259 260 260 260 260 260 261 261 261 261 261 261 262 262 262 262 262 262 263 263 263 263 263 263 264 264 264 264 264 264 264 265 265 265 265 265 265 265 266 266 266 266 266 266 266 266 266 267 150 150 150 150 150 150 150 150 150 151 151 151 151 151 151 151 151 151 151 151 151 151 151 152 152 152 152
276 277 277 277 277 278 278 278 278 278 279 258 258 258 258 258 259 259 259 259 259 260 260 260 260 260 261 261 261 261 261 261 262 262 262 262 262 262 263 263 263 263 263 263 263 264 264 264 264 264 264 264 265 265 265 265 265 265 265 266 266 266 266 266 266 149 149 149 150 150 150 150 150 150 150 150 150 150 150 151 151 151 151 151 151 151 151 151 151 151 151 151 151 151
276 276 277 277 277 277 278 278 278 278 257 257 258 258 258 258 258 259 259 259 259 259 260 260 260 260 260 260 261 261 261 261 261 261 262 262 262 262 262 262 263 263 263 263 263 263 264 264 264 264 264 264 264 265 265 265 265 265 265 265 265 266 266 266 149 149 149 149 149 149 149 150 150 150 150 150 150 150 150 150 150 150 150 151 151 151 151 151 151 151 151 151 151 151
276 276 276 277 277 277 277 277 278 278 257 257 257 258 258 258 258 258 259 259 259 259 259 260 260 260 260 260 260 261 261 261 261 261 261 262 262 262 262 262 262 263 263 263 263 263 263 263 264 264 264 264 264 264 264 265 265 265 265 265 265 265 148 148 149 149 149 149 149 149 149 149 149 149 150 150 150 150 150 150 150 150 150 150 150 150 150 150 151 151 151 151 151 151
276 276 276 276 277 277 277 277 277 278 257 257 257 257 258 258 258 258 258 259 259 259 259 259 259 260 260 260 260 260 261 261 261 261 261 261 262 262 262 262 262 262 262 263 263 263 263 263 263 263 264 264 264 264 264 264 264 264 265 265 148 148 148 148 148 148 149 149 149 149 149 149 149 149 149 149 149 150 150 150 150 150 150 150 150 150 150 150 150 150 150 150 150 150
276 276 276 276 276 277 277 277 277 256 257 257 257 257 257 258 258 258 258 258 259 259 259 259 259 259 260 260 260 260 260 260 261 261 261 261 261 261 262 262 262 262 262 262 262 263 263 263 263 263 263 263 264 264 264 264 264 264 264 147 148 148 148 148 148 148 148 148 148 149 149 149 149 149 149 149 149 149 149 149 149 150 150 150 150 150 150 150 150 150 150 150 150 150
276 276 276 276 276 276 277 277 277 256 256 257 257 257 257 257 258 258 258 258 258 258 259 259 259 259 259 260 260 260 260 260 260 261 261 261 261 261 261 261 262 262 262 262 262 262 263 263 263 263 263 263 263 263 264 264 264 147 147 147 147 147 148 148 148 148 148 148 148 148 148 148 149 149 149 149 149 149 149 149 149 149 149 149 149 150 150 150 150 150 150 150 150 150
276 276 276 276 276 276 276 277 256 256 256 256 257 257 257 257 257 258 258 258 258 258 258 259 259 259 259 259 259 260 260 260 260 260 260 261 261 261 261 261 261 262 262 262 262 262 262 262 263 263 263 263 263 263 263 146 147 147 147 147 147 147 147 147 147 148 148 148 148 148 148 148 148 148 148 149 149 149 149 149 149 149 149 149 149 149 149 149 149 149 150 150 150 150
276 276 276 276 276 276 276 276 256 256 256 256 256 257 257 257 257 257 257 258 258 258 258 258 259 259 259 259 259 259 260 260 260 260 260 260 261 261 261 261 261 261 261 262 262 262 262 262 262 262 263 263 263 146 146 146 146 146 147 147 147 147 147 147 147 147 147 148 148 148 148 148 148 148 148 148 148 148 148 149 149 149 149 149 149 149 149 149 149 149 149 149 149 149
276 276 276 276 276 276 276 276 255 256 256 256 256 256 257 257 257 257 257 257 258 258 258 258 258 258 259 259 259 259 259 259 260 260 260 260 260 260 261 261 261 261 261 261 261 262 262 262 262 262 262 262 146 146 146 146 146 146 146 146 147 147 147 147 147 147 147 147 147 147 148 148 148 148 148 148 148 148 148 148 148 148 148 149 149 149 149 149 149 149 149 149 149 149
276 276 276 276 276 276 276 255 255 255 256 256 256 256 256 256 257 257 257 257 257 258 258 258 258 258 258 259 259 259 259 259 259 260 260 260 260 260 260 260 261 261 261 261 261 261 261 262 262 262 145 145 145 145 146 146 146 146 146 146 146 146 146 147 147 147 147 147 147 147 147 147 147 148 148 148 148 148 148 148 148 148 148 148 148 148 148 148 149 149 149 149 149 149
276 276 276 276 276 276 276 255 255 255 255 256 256 256 256 256 256 257 257 257 257 257 257 258 258 258 258 258 259 259 259 259 259 259 259 260 260 260 260 260 260 261 261 261 261 261 261 261 145 145 145 145 145 145 145 145 146 146 146 146 146 146 146 146 146 147 147 147 147 147 147 147 147 147 147 147 147 148 148 148 148 148 148 148 148 148 148 148 148 148 148 148 148 148
276 276 276 276 276 276 276 255 255 255 255 255 255 256 256 256 256 256 257 257 257 257 257 257 258 258 258 258 258 258 259 259 259 259 259 259 260 260 260 260 260 260 260 261 261 261 144 144 144 144 145 145 145 145 145 145 145 145 145 146 146 146 146 146 146 146 146 146 147 147 147 147 147 147 147 147 147 147 147 147 148 148 148 148 148 148 148 148 148 148 148 148 148 148
276 276 276 276 276 276 255 255 255 255 255 255 255 255 256 256 256 256 256 257 257 257 257 257 257 258 258 258 258 258 258 259 259 259 259 259 259 259 260 260 260 260 260 260 143 144 144 144 144 144 144 144 145 145 145 145 145 145 145 145 145 146 146 146 146 146 146 146 146 146 146 147 147 147 147 147 147 147 147 147 147 147 147 147 147 148 148 148 148 148 148 148 148 148
276 276 276 276 276 276 255 255 255 255 255 255 255 255 255 256 256 256 256 256 256 257 257 257 257 257 257 258 258 258 258 258 258 259 259 259 259 259 259 259 260 143 143 143 143 143 143 144 144 144 144 144 144 144 144 145 145 145 145 145 145 145 145 145 146 146 146 146 146 146 146 146 146 146 147 147 147 147 147 147 147 147 147 147 147 147 147 147 147 147 147 148 148 148
276 276 276 276 276 255 255 255 255 255 255 255 255 255 255 255 256 256 256 256 256 256 257 257 257 257 257 257 258 258 258 258 258 258 258 259 259 259 259 142 142 143 143 143 143 143 143 143 143 144 144 144 144 144 144 144 144 145 145 145 145 145 145 145 145 145 146 146 146 146 146 146 146 146 146 146 146 146 147 147 147 147 147 147 147 147 147 147 147 147 147 147 147 147
276 276 276 276 276 255 255 255 255 255 255 255 255 255 255 255 255 255 256 256 256 256 256 256 257 257 257 257 257 257 258 258 258 258 258 258 259 142 142 142 142 142 142 143 143 143 143 143 143 143 143 144 144 144 144 144 144 144 144 145 145 145 145 145 145 145 145 145 145 146 146 146 146 146 146 146 146 146 146 146 146 146 147 147 147 147 147 147 147 147 147 147 147 147
276 276 276 276 276 255 255 255 255 255 255 255 255 255 255 255 255 255 255 256 256 256 256 256 256 257 257 257 257 257 257 258 258 258 141 141 141 141 142 142 142 142 142 142 142 143 143 143 143 143 143 143 143 144 144 144 144 144 144 144 144 144 145 145 145 145 145 145 145 145 145 145 146 146 146 146 146 146 146 146 146 146 146 146 146 146 146 146 147 147 147 147 147 147
276 276 276 276 255 255 255 255 255 255 255 255 255 255 255 255 255 255 255 255 256 256 256 256 256 256 257 257 257 257 257 257 140 141 141 141 141 141 141 141 142 142 142 142 142 142 142 143 143 143 143 143 143 143 143 144 144 144 144 144 144 144 144 144 145 145 145 145 145 145 145 145 145 145 145 145 146 146 146 146 146 146 146 146 146 146 146 146 146 146 146 146 146 146
276 276 276 276 255 255 255 255 255 255 255 255 255 255 255 255 255 255 255 255 255 255 256 256 256 256 256 256 257 140 140 140 140 140 140 141 141 141 141 141 141 142 142 142 142 142 142 142 142 143 143 143 143 143 143 143 143 144 144 144 144 144 144 144 144 144 144 145 145 145 145 145 145 145 145 145 145 145 145 145 146 146 146 146 146 146 146 146 146 146 146 146 146 146
276 276 276 255 255 255 255 255 255 255 255 255 255 255 255 255 255 255 255 255 255 255 255 256 256 256 139 139 139 139 140 140 140 140 140 140 141 141 141 141 141 141 141 142 142 142 142 142 142 142 142 143 143 143 143 143 143 143 143 143 144 144 144 144 144 144 144 144 144 144 144 145 145 145 145 145 145 145 145 145 145 145 145 145 145 146 146 146 146 146 146 146 146 146
276 276 276 255 255 255 255 255 255 255 255 255 255 255 255 255 255 255 255 255 255 255 255 255 138 139 139 139 139 139 139 140 140 140 140 140 140 140 141 141 141 141 141 141 141 142 142 142 142 142 142 142 142 143 143 143 143 143 143 143 143 143 143 144 144 144 144 144 144 144 144 144 144 144 145 145 145 145 145 145 145 145 145 145 145 145 145 145 145 145 145 146 146 146
276 276 255 255 255 255 255 255 255 255 255 255 255 255 255 255 255 255 255 255 138 138 138 138 138 138 139 139 139 139 139 139 139 140 140 140 140 140 140 140 141 141 141 141 141 141 141 142 142 142 142 142 142 142 142 142 143 143 143 143 143 143 143 143 143 144 144 144 144 144 144 144 144 144 144 144 144 144 145 145 145 145 145 145 145 145 145 145 145 145 145 145 145 145
276 276 255 255 255 255 255 255 255 255 255 255 255 255 255 255 255 138 138 138 138 138 138 138 138 138 138 138 139 139 139 139 139 139 139 140 140 140 140 140 140 140 141 141 141 141 141 141 141 142 142 142 142 142 142 142 142 142 143 143 143 143 143 143 143 143 143 143 143 144 144 144 144 144 144 144 144 144 144 144 144 144 145 145 145 145 145 145 145 145 145 145 145 145
276 276 255 255 255 255 255 255 255 255 255 255 255 138 138 138 138 138 138 138 138 138 138 138 138 138 138 138 138 139 139 139 139 139 139 139 140 140 140 140 140 140 140 140 141 141 141 141 141 141 141 141 142 142 142 142 142 142 142 142 142 143 143 143 143 143 143 143 143 143 143 143 144 144 144 144 144 144 144 144 144 144 144 144 144 144 144 144 145 145 145 145 146 146
276 255 255 255 255 255 255 255 255 255 138 138 138 138 138 138 138 138 138 138 138 138 138 138 138 138 138 138 138 138 138 139 139 139 139 139 139 139 140 140 140 140 140 140 140 140 141 141 141 141 141 141 141 141 142 142 142 142 142 142 142 142 142 142 143 143 143 143 143 143 143 143 143 143 143 143 144 144 144 144 144 144 144 144 144 144 144 144 145 145 145 145 145 145
276 255 255 255 255 138 138 138 138 138 138 138 138 138 138 138 138 138 138 138 138 138 138 138 138 138 138 138 138 138 138 138 138 139 139 139 139 139 139 139 140 140 140 140 140 140 140 140 141 141 141 141 141 141 141 141 142 142 142 142 142 142 142 142 142 142 142 143 143 143 143 143 143 143 143 143 143 143 143 143 144 144 144 144 144 145 145 145 145 145 145 145 145 145
138 138 138 138 138 138 138 138 138 138 138 138 138 138 138 138 138 138 138 138 138 138 138 138 138 138 138 138 138 138 138 138 138 138 138 139 139 139 139 139 139 139 140 140 140 140 140 140 140 140 141 141 141 141 141 141 141 141 141 142 142 142 142 142 142 142 142 142 142 142 143 143 143 143 143 143 143 143 143 143 143 143 144 144 144 145 145 145 145 145 145 145 146 146
