testData/tiles/oneDegree/grid31.0-12.0-32.0-13.0.asc
ncols   200
nrows   200
xllcorner   31.0
yllcorner   12.0
cellsize   0.005
NODATA_value   -9999.0
[rows 84 to 125 of 200, columns 0 to 93 of 200]
593 594 595 596 596 598 598 598 598 600 600 600 601 602 602 602 603 603 605 605 606 606 607 607 608 608 608 609 610 610 610 610 612 612 612 612 612 614 615 615 615 616 616 616 617 617 618 701 701 701 703 703 703 703 703 704 704 704 705 705 706 706 706 706 706 706 708 708 708 708 708 709 710 710 710 710 711 712 712 712 712 712 712 713 713 713 713 713 713 715 715 715 715 715
596 597 598 598 599 599 600 600 601 601 602 602 603 604 605 606 606 606 607 608 608 608 608 610 610 610 610 611 612 612 613 613 614 615 615 615 616 616 616 617 618 618 618 618 618 620 620 703 703 703 704 704 705 705 706 706 707 707 707 709 709 709 709 709 709 710 710 710 711 711 712 712 712 712 712 712 713 713 714 714 714 714 715 715 715 715 715 715 716 716 716 716 717 717
599 599 600 600 601 601 602 603 603 604 605 606 606 606 606 608 608 608 608 610 610 610 610 611 612 613 613 614 614 615 615 616 616 616 617 618 618 618 618 619 620 620 620 620 621 621 622 705 706 707 707 707 707 709 709 709 709 709 710 710 711 711 711 711 712 712 712 712 712 714 714 714 714 714 714 715 715 715 715 715 717 717 717 717 717 717 717 718 718 718 718 718 718 719
601 601 601 603 603 603 604 606 606 606 607 608 608 608 609 610 610 610 611 611 612 613 614 614 614 615 616 616 616 616 618 618 618 618 619 620 620 620 620 621 621 622 622 624 624 624 624 708 709 709 709 709 709 710 711 711 711 712 712 712 712 712 713 714 714 714 714 714 715 715 715 716 716 716 717 717 717 717 717 718 718 718 718 719 719 720 720 720 720 720 720 720 721 721
603 603 604 605 606 606 607 608 608 609 609 609 610 611 611 611 612 613 613 614 614 616 616 616 616 618 618 618 618 619 619 620 620 621 621 621 622 622 623 624 624 624 626 626 626 626 626 710 711 711 711 711 712 712 712 712 713 714 714 714 714 714 715 715 716 716 716 717 717 717 717 717 717 719 719 719 719 719 720 720 720 720 720 720 721 721 722 722 722 722 722 723 723 723
605 605 606 607 608 609 609 609 610 611 611 611 613 613 613 613 614 615 616 616 617 618 618 618 619 619 620 620 621 621 621 621 622 623 623 623 623 625 626 626 626 627 627 628 628 628 629 712 712 712 713 714 714 714 714 714 715 716 716 716 716 717 717 717 717 718 719 719 719 719 719 719 720 720 720 720 721 722 722 722 722 722 722 723 723 723 723 723 723 724 725 725 725 725
606 608 609 609 610 611 611 611 612 613 613 613 614 615 615 615 616 616 618 619 619 619 620 621 621 621 621 622 623 623 623 623 624 625 625 625 626 627 628 628 628 629 629 629 630 631 714 714 714 714 715 716 716 716 716 717 717 717 717 718 719 719 719 719 719 720 720 721 721 721 721 722 722 722 722 722 723 723 724 724 724 724 725 725 725 725 725 725 726 726 726 726 726 727
609 610 610 611 612 613 613 614 614 615 615 616 616 616 617 618 618 618 620 621 621 621 621 623 623 623 623 624 625 625 625 626 626 626 627 628 628 628 628 630 631 631 631 631 632 632 716 716 716 717 717 717 717 718 719 719 719 719 719 720 721 721 721 721 722 722 722 722 722 723 724 724 724 724 724 725 725 725 725 725 725 727 727 727 727 727 727 728 728 728 728 728 728 728
611 611 612 613 614 614 615 616 616 616 618 618 618 618 619 620 620 620 621 622 623 623 624 624 625 625 626 626 626 627 628 628 628 628 629 630 630 630 630 631 631 633 633 634 634 634 717 718 719 719 719 719 719 720 721 721 721 721 722 722 722 722 723 724 724 724 724 724 724 725 725 725 726 726 727 727 727 727 727 727 728 728 728 728 729 729 730 730 730 730 730 730 730 731
613 613 614 615 615 615 617 618 618 618 619 620 620 621 621 622 622 623 623 623 624 625 625 626 626 628 628 628 628 629 630 630 630 630 631 631 632 632 633 633 633 633 634 635 635 635 719 720 720 721 721 721 722 722 722 722 723 724 724 724 724 724 725 725 726 726 726 726 727 727 727 727 727 728 729 729 729 729 729 730 730 730 730 730 730 731 731 732 732 732 732 732 733 733
615 615 616 617 617 618 618 618 619 621 621 621 622 623 623 623 624 625 625 625 626 627 627 627 627 628 629 630 630 631 631 632 632 633 633 633 633 635 635 635 635 635 636 637 637 637 721 721 721 721 722 723 723 724 724 724 725 725 726 726 726 727 727 727 727 727 728 729 729 729 729 729 730 730 730 730 730 731 732 732 732 732 732 732 733 733 733 733 733 733 734 735 735 735
617 618 618 618 619 620 620 620 622 622 622 622 623 624 625 625 626 627 627 627 628 628 629 629 630 630 630 631 632 632 632 632 633 635 635 635 635 636 637 637 637 638 638 638 638 639 723 723 723 723 724 724 725 725 725 726 726 726 726 727 728 728 728 728 728 729 730 730 730 731 731 732 732 732 732 732 732 733 733 733 734 734 734 735 735 735 735 735 735 736 736 736 736 736
618 619 619 620 621 622 622 622 623 624 624 625 625 625 626 627 627 627 628 630 630 630 630 632 632 632 632 633 634 634 634 635 635 635 636 636 637 637 637 637 640 640 640 640 640 641 725 725 725 725 726 726 726 727 728 728 728 728 728 728 729 729 730 730 730 731 731 731 731 731 732 733 733 733 733 733 734 734 734 734 734 734 735 736 736 736 736 736 737 737 737 737 737 737
620 620 621 622 622 622 623 624 624 625 626 627 627 627 628 629 629 629 630 631 631 631 632 632 633 633 635 635 635 635 636 637 637 637 637 639 639 639 639 640 640 641 641 641 642 642 725 725 726 727 727 727 728 728 729 730 730 730 730 731 731 731 731 731 733 733 733 733 733 734 734 734 734 734 735 736 736 736 736 736 736 737 737 737 737 737 737 739 739 739 739 739 739 739
622 622 622 624 624 624 625 626 626 626 627 628 628 628 629 629 631 631 632 632 633 633 634 634 634 635 636 636 636 636 637 638 638 638 639 639 640 641 641 642 642 642 642 644 644 644 727 727 728 728 729 729 729 730 730 730 730 731 732 732 732 732 732 733 733 733 734 734 734 735 735 735 735 735 736 736 737 738 738 738 739 739 739 739 739 739 740 740 740 740 740 741 742 743
623 623 624 625 625 625 626 627 628 629 629 629 630 631 631 631 631 633 633 633 633 634 635 635 636 637 637 638 638 639 639 639 640 640 641 641 641 641 643 643 643 643 644 644 645 645 728 729 729 730 730 731 732 732 732 732 732 733 733 734 734 734 735 735 735 735 735 735 736 737 737 737 737 738 738 738 738 738 738 739 740 740 740 740 740 741 741 741 741 741 741 742 743 743
625 626 626 626 627 628 628 628 628 630 630 630 630 632 632 632 634 634 635 635 636 636 636 637 638 638 638 638 639 640 640 640 640 641 642 642 643 644 644 644 645 645 646 646 646 646 731 731 731 731 731 732 732 733 733 733 734 734 734 734 734 735 736 736 736 736 736 737 737 737 737 738 739 739 739 739 739 739 741 741 741 741 741 741 743 743 743 743 743 743 744 745 745 744
625 627 627 627 628 629 629 629 630 631 632 632 633 633 634 634 635 635 635 636 637 637 637 637 639 639 640 640 641 642 642 642 643 643 643 644 645 645 645 645 645 647 647 647 647 647 731 731 732 732 733 733 733 734 734 736 736 736 736 736 736 737 737 737 738 738 739 739 739 739 739 740 740 740 741 741 741 742 742 742 742 742 742 743 743 743 743 743 744 745 746 746 746 746
627 627 628 629 630 630 631 632 632 632 632 634 634 634 634 636 636 636 636 638 639 639 639 640 640 641 641 642 642 642 642 644 644 644 644 644 645 646 646 646 647 648 648 649 649 650 733 733 733 733 735 735 735 735 735 736 736 736 737 737 738 738 738 738 738 739 739 740 740 740 740 741 741 741 741 741 742 743 743 743 743 743 744 744 744 744 744 744 744 746 746 746 746 747
629 629 629 631 631 631 631 633 633 633 633 634 635 635 637 637 638 638 639 639 639 640 641 641 641 641 641 643 643 643 643 644 645 646 646 647 647 647 648 648 649 649 649 649 650 651 734 734 734 735 735 735 736 736 737 737 737 737 737 738 739 739 739 739 740 740 740 740 741 742 743 743 743 743 743 744 744 744 744 744 744 746 746 746 746 746 746 746 748 748 748 748 748 748
630 630 630 631 632 632 633 633 634 635 636 636 636 637 638 638 638 638 640 640 640 640 641 642 642 642 643 644 645 645 646 646 646 646 648 648 648 648 648 649 650 650 650 651 651 651 734 735 736 736 736 736 736 737 738 739 739 739 740 740 740 740 741 742 742 742 742 742 742 743 743 743 744 744 744 745 745 745 745 745 745 746 746 746 746 747 747 748 749 749 749 749 749 750
630 631 632 632 632 633 635 635 635 636 637 637 637 638 639 639 639 640 640 641 641 642 642 643 644 645 645 645 645 647 647 647 647 647 648 649 649 649 650 650 650 650 651 652 652 652 735 737 738 738 738 738 739 739 739 739 740 741 741 741 741 741 741 742 742 743 743 743 744 744 744 744 744 744 745 745 746 746 746 746 747 747 747 747 747 747 748 748 749 749 750 750 751 751
631 632 633 634 634 635 636 636 636 637 637 638 638 639 639 640 641 641 641 641 644 644 644 644 644 646 646 646 646 647 647 648 648 649 649 649 649 651 651 651 651 651 653 654 654 654 737 738 738 738 738 739 740 740 740 740 740 741 741 742 742 742 743 743 743 743 743 744 745 745 745 745 745 746 746 746 746 746 746 748 748 748 748 748 748 749 749 750 750 750 750 751 751 751
632 634 634 635 635 636 636 637 638 638 638 638 640 640 640 640 641 643 643 643 644 644 645 645 646 646 646 647 648 648 648 648 649 650 650 650 650 651 652 653 653 654 654 654 654 655 739 739 739 739 739 740 740 741 741 741 742 742 742 742 742 744 744 744 744 744 745 745 745 745 745 746 747 747 747 747 747 747 748 748 748 748 748 748 750 750 750 751 751 751 752 752 752 752
635 635 635 635 637 637 637 637 638 639 639 640 640 641 641 642 643 643 644 645 645 645 645 647 647 647 647 648 648 649 649 649 650 650 651 651 652 653 653 653 653 655 655 655 655 739 739 740 740 740 741 741 741 741 741 743 743 743 743 743 744 744 744 744 745 745 746 746 746 746 746 747 747 747 748 748 748 749 749 749 749 749 749 750 750 750 751 751 752 752 753 753 753 753
635 636 636 637 637 638 638 639 639 639 640 641 641 641 642 643 644 644 644 646 646 646 646 647 647 648 648 649 649 649 650 651 651 651 651 651 654 654 654 654 655 655 655 656 656 740 740 740 740 741 742 742 742 742 743 743 743 743 744 744 745 745 745 745 745 746 746 747 747 747 748 748 748 748 748 748 749 749 750 750 750 750 751 751 751 752 752 752 752 753 753 753 754 754
636 636 637 638 638 638 638 640 640 640 641 642 642 642 643 643 645 645 646 646 646 647 648 648 648 648 650 650 650 650 651 651 652 652 652 653 653 654 655 656 656 656 656 656 657 741 741 741 741 742 742 742 743 743 744 744 744 744 744 745 746 746 746 746 747 747 747 747 747 747 749 749 749 749 749 750 750 750 750 750 750 751 751 752 752 752 753 753 754 754 754 755 755 755
636 637 638 639 639 639 640 640 641 641 642 642 643 643 644 644 644 647 647 647 647 647 649 649 649 649 650 650 651 651 652 652 652 652 654 654 654 654 655 656 657 657 657 658 658 741 741 742 743 743 743 743 743 744 745 745 745 745 746 746 746 746 746 748 748 748 748 748 748 749 749 749 749 749 750 751 751 751 751 751 751 752 752 752 752 753 753 754 755 755 756 756 756 757
637 637 638 639 639 641 641 641 641 643 643 643 643 644 645 645 645 646 646 647 648 649 649 649 650 651 651 651 651 652 653 653 653 653 654 654 655 655 656 656 656 656 658 659 659 742 742 743 743 744 744 744 745 745 745 745 745 747 747 747 747 747 747 748 748 748 749 749 750 750 750 750 750 750 751 751 751 751 752 752 753 753 753 753 753 754 755 755 755 755 756 756 756 757
637 638 639 639 639 640 642 642 642 643 644 644 645 645 645 646 647 647 647 647 649 649 649 650 651 651 652 652 652 653 653 654 654 655 655 655 655 657 657 657 657 657 658 658 659 742 742 744 744 744 744 744 746 746 746 746 746 747 747 747 748 748 749 749 749 749 749 750 750 750 751 751 751 752 752 752 752 752 752 753 753 753 754 754 754 756 756 756 756 757 757 757 758 758
638 639 639 640 641 641 641 642 643 644 644 644 646 646 646 646 647 648 648 648 649 649 650 650 651 651 651 653 654 654 654 654 655 656 656 656 656 657 657 657 658 659 659 659 659 742 744 744 744 744 744 745 745 745 746 747 748 748 748 748 748 749 749 750 750 750 750 751 751 751 751 751 752 753 753 753 753 753 754 754 754 754 754 754 755 756 756 757 757 758 758 759 759 759
640 640 640 640 642 642 642 642 643 644 644 645 645 646 647 648 648 648 649 650 650 650 650 651 652 652 652 652 653 654 654 654 655 656 656 657 658 658 658 658 658 659 660 660 660 743 744 744 744 745 746 746 746 746 746 747 747 748 748 748 748 749 749 749 749 749 751 751 752 752 752 752 753 753 753 753 753 755 755 755 755 755 755 755 757 757 757 757 758 758 759 759 759 759
639 640 640 642 642 643 643 644 644 644 645 646 646 646 646 648 648 648 648 650 651 651 651 652 652 653 653 654 654 654 654 656 656 656 656 656 657 658 658 658 659 660 660 660 661 745 745 745 745 745 746 747 747 747 747 748 748 748 748 748 750 750 750 750 750 751 751 751 751 751 752 753 753 753 753 753 753 754 754 754 754 754 755 756 757 757 757 757 758 759 759 759 759 759
640 640 641 642 642 642 642 644 644 645 646 647 647 647 648 648 649 649 650 650 650 650 652 652 652 652 654 655 655 655 655 656 656 657 657 658 658 658 658 659 660 660 660 660 661 744 745 745 745 746 746 746 746 747 749 749 749 749 749 750 750 750 750 751 751 752 752 752 752 752 753 753 753 753 754 754 755 755 755 755 755 755 756 756 757 757 757 758 760 760 760 760 760 760
641 641 642 642 643 643 644 644 645 645 646 646 646 647 648 648 649 649 651 651 651 651 652 653 653 653 654 654 654 655 656 656 656 656 656 658 659 659 659 660 660 660 661 661 662 745 745 745 746 747 747 747 747 748 748 748 748 749 749 750 750 750 750 750 751 751 752 752 752 753 753 753 753 753 753 754 754 754 756 756 756 757 757 757 758 758 758 759 760 760 760 760 760 759
640 641 642 642 642 643 644 645 645 646 647 647 647 648 648 649 649 650 650 650 651 652 652 652 653 655 655 655 655 655 656 657 657 657 658 658 658 659 660 660 660 660 660 661 662 745 745 745 746 747 747 748 748 749 749 749 749 749 750 750 751 751 751 752 752 752 752 752 752 753 754 754 754 754 754 755 755 755 755 755 755 756 756 758 758 758 758 760 760 760 760 760 760 761
641 642 643 643 643 644 644 645 645 646 646 647 647 648 648 648 650 651 651 651 651 653 653 653 653 654 654 655 655 656 656 656 656 658 658 658 659 659 660 661 661 661 661 662 662 745 746 747 747 747 747 747 748 748 749 749 749 750 750 750 750 750 750 752 752 752 752 752 753 753 753 753 753 753 755 755 756 756 756 756 757 757 757 758 758 758 760 760 760 761 761 761 761 833
641 642 642 642 643 644 644 644 646 647 647 647 648 649 649 649 650 650 651 651 652 652 652 653 654 654 655 655 655 657 657 657 657 658 658 659 659 660 660 660 660 660 662 662 662 745 745 746 746 747 747 747 749 749 749 749 749 751 751 751 751 751 752 752 752 752 752 754 754 754 754 754 754 755 755 755 755 755 755 757 757 757 757 758 758 759 760 760 760 760 760 831 833 833
640 642 642 643 644 645 645 645 646 646 647 647 648 648 648 649 650 650 650 651 653 653 653 653 654 655 655 655 656 656 656 657 658 658 658 658 658 660 660 660 661 662 662 662 663 746 747 747 747 747 747 748 749 749 749 749 750 750 750 750 750 752 752 752 752 752 752 753 753 753 753 754 755 755 755 755 755 755 756 756 756 756 756 757 758 759 760 760 760 831 831 833 833 833
642 642 643 643 644 644 644 646 646 646 646 648 648 648 649 650 651 651 651 652 652 652 653 654 654 654 654 655 656 656 656 656 657 659 659 659 660 660 660 660 661 662 662 662 662 745 746 747 747 747 748 748 748 748 748 749 750 750 750 750 750 751 751 751 752 753 754 754 754 754 754 754 755 755 755 756 756 756 757 757 757 757 757 758 759 760 760 831 831 831 833 834 834 834
642 642 642 643 644 644 644 645 646 647 647 648 648 649 649 650 650 650 651 652 652 652 652 653 654 654 654 656 656 657 657 658 658 658 658 658 660 660 660 660 661 661 662 662 662 746 746 746 746 746 748 748 748 749 749 750 750 750 751 751 752 752 752 752 752 752 753 753 754 754 754 755 755 755 755 755 755 756 756 756 757 757 758 759 759 831 831 831 831 831 833 833 833 833
641 642 642 643 643 644 645 646 646 646 648 648 648 648 649 650 650 650 651 651 652 652 653 654 654 654 655 656 656 656 656 657 658 658 658 659 659 659 660 660 661 661 661 661 661 746 747 747 747 748 748 748 748 749 750 750 750 750 750 750 751 751 752 752 752 753 753 753 753 753 753 754 755 755 755 755 756 756 756 756 756 756 757 829 829 830 831 831 831 833 833 833 833 833
