testData/tiles/oneDegree/grid30.0-27.0-31.0-28.0.asc
ncols   200
nrows   200
xllcorner   30.0
yllcorner   27.0
cellsize   0.005
NODATA_value   -9999.0
[rows 42 to 83 of 200, columns 0 to 93 of 200]
127 127 127 127 127 127 127 126 126 126 126 126 126 126 126 126 126 126 125 125 125 125 125 124 124 124 124 124 124 124 124 124 124 124 124 124 123 123 123 123 123 123 123 123 123 123 123 123 122 122 345 345 345 345 345 345 345 344 344 343 343 343 343 343 343 343 343 343 342 342 342 342 342 342 342 342 342 341 341 341 341 341 341 341 341 615 613 613 613 613 613 613 613 613
127 127 127 127 127 126 126 126 126 126 126 126 126 126 126 126 126 126 125 125 125 124 124 124 124 124 124 124 124 124 124 124 124 124 124 123 123 123 123 123 123 123 123 123 123 123 123 122 122 345 345 345 345 345 345 345 345 344 343 343 343 343 343 343 343 343 343 342 342 342 342 342 342 342 342 342 341 341 341 341 341 341 341 341 341 614 613 613 613 613 613 613 613 612
127 127 127 127 126 126 126 126 126 126 126 126 126 126 126 126 126 126 125 125 124 124 124 124 124 124 124 124 124 124 124 124 124 124 123 123 123 123 123 123 123 123 123 123 123 123 122 122 122 345 345 345 345 345 345 345 345 343 343 343 343 343 343 343 343 343 342 342 342 342 342 342 342 342 342 342 341 341 341 341 341 341 341 341 340 614 613 613 613 613 613 613 612 612
127 127 126 126 126 126 126 126 126 126 126 126 126 126 126 126 126 126 125 124 124 124 124 124 124 124 124 124 124 124 124 124 124 123 123 123 123 123 123 123 123 123 123 123 123 122 122 122 345 345 345 345 345 345 345 345 344 343 343 343 343 343 343 343 343 342 342 342 342 342 342 342 342 342 342 341 341 341 341 341 341 341 341 340 340 614 613 613 613 613 613 612 612 612
126 126 126 126 126 126 126 126 126 126 126 126 126 126 126 126 126 125 124 124 124 124 124 124 124 124 124 124 124 124 124 123 123 123 123 123 123 123 123 123 123 123 123 122 122 122 122 345 345 345 345 345 345 345 344 344 344 343 343 343 343 343 343 343 342 342 342 342 342 342 342 342 342 342 341 341 341 341 341 341 341 341 340 340 340 614 613 613 613 613 612 612 612 612
126 126 126 126 126 126 126 126 126 126 126 126 126 126 126 125 125 125 124 124 124 124 124 124 124 124 124 124 124 124 123 123 123 123 123 123 123 123 123 123 123 123 122 122 122 122 122 345 345 345 345 345 345 344 344 344 344 343 343 343 343 343 343 342 342 342 342 342 342 342 342 342 342 341 341 341 341 341 341 341 341 340 340 340 340 614 613 613 613 613 612 612 612 612
126 126 126 126 126 126 126 126 126 126 126 126 126 126 125 125 125 125 124 124 124 124 124 124 124 124 124 124 123 123 123 123 123 123 123 123 123 123 123 123 123 122 122 122 122 122 345 345 345 345 345 345 344 344 344 344 344 343 343 343 343 343 342 342 342 342 342 342 342 342 342 342 341 341 341 341 341 341 341 341 340 340 340 340 340 614 614 613 613 612 612 612 612 612
126 126 126 126 126 126 126 126 126 126 126 126 125 125 125 125 125 125 124 124 124 124 124 124 124 124 124 123 123 123 123 123 123 123 123 123 123 123 123 123 122 122 122 122 122 345 345 345 345 345 345 344 344 344 344 344 344 343 343 343 343 342 342 342 342 342 342 342 342 342 342 341 341 341 341 341 341 341 341 341 340 340 340 340 340 614 614 613 612 612 612 612 612 612
126 126 126 126 126 126 126 126 126 126 125 125 125 125 125 125 125 125 124 124 124 124 124 124 124 123 123 123 123 123 123 123 123 123 123 123 123 123 122 122 122 122 122 122 122 345 345 345 345 345 344 344 344 344 344 344 344 343 343 343 342 342 342 342 342 342 342 342 342 342 341 341 341 341 341 341 341 341 341 340 340 340 340 340 340 614 614 612 612 612 612 612 612 612
126 126 126 126 126 126 126 126 125 125 125 125 125 125 125 125 125 125 124 124 124 124 124 124 123 123 123 123 123 123 123 123 123 123 123 123 123 122 122 122 122 122 122 122 345 345 345 345 345 344 344 344 344 344 344 344 344 343 343 342 342 342 342 342 342 342 342 342 342 341 341 341 341 341 341 341 341 341 340 340 340 340 340 340 340 614 613 612 612 612 612 612 612 612
126 126 126 126 126 126 125 125 125 125 125 125 125 125 125 125 125 125 124 124 124 124 123 123 123 123 123 123 123 123 123 123 123 123 123 123 122 122 122 122 122 122 122 122 345 345 345 344 344 344 344 344 344 344 344 344 344 343 342 342 342 342 342 342 342 342 342 342 341 341 341 341 341 341 341 341 340 340 340 340 340 340 340 340 340 613 613 612 612 612 612 612 612 611
126 126 126 126 125 125 125 125 125 125 125 125 125 125 125 125 125 125 125 124 123 123 123 123 123 123 123 123 123 123 123 123 123 123 122 122 122 122 122 122 122 122 122 345 345 345 344 344 344 344 344 344 344 344 344 344 344 343 342 342 342 342 342 342 342 342 341 341 341 341 341 341 341 341 341 340 340 340 340 340 340 340 340 340 339 613 613 612 612 612 612 612 611 611
126 126 125 125 125 125 125 125 125 125 125 125 125 125 125 125 125 125 125 123 123 123 123 123 123 123 123 123 123 123 123 123 122 122 122 122 122 122 122 122 122 122 345 345 345 344 344 344 344 344 344 344 344 344 344 343 343 343 342 342 342 342 342 342 342 341 341 341 341 341 341 341 341 341 340 340 340 340 340 340 340 340 340 339 339 613 613 612 612 612 612 611 611 611
125 125 125 125 125 125 125 125 125 125 125 125 125 125 125 125 125 124 124 123 123 123 123 123 123 123 123 123 123 123 123 122 122 122 122 122 122 122 122 122 122 122 345 344 344 344 344 344 344 344 344 344 344 344 343 343 343 343 342 342 342 342 342 342 341 341 341 341 341 341 341 341 341 340 340 340 340 340 340 340 340 340 339 339 339 613 613 612 612 612 611 611 611 611
125 125 125 125 125 125 125 125 125 125 125 125 125 125 125 124 124 124 124 123 123 123 123 123 123 123 123 123 123 122 122 122 122 122 122 122 122 122 122 122 122 345 344 344 344 344 344 344 344 344 344 344 344 343 343 343 343 343 342 342 342 342 342 341 341 341 341 341 341 341 341 341 340 340 340 340 340 340 340 340 340 339 339 339 339 613 613 612 612 611 611 611 611 611
125 125 125 125 125 125 125 125 125 125 125 125 125 124 124 124 124 124 124 123 123 123 123 123 123 123 123 123 122 122 122 122 122 122 122 122 122 122 122 122 344 344 344 344 344 344 344 344 344 344 344 343 343 343 343 343 343 343 342 342 342 342 341 341 341 341 341 341 341 341 341 340 340 340 340 340 340 340 340 340 339 339 339 339 339 613 613 612 611 611 611 611 611 611
125 125 125 125 125 125 125 125 125 125 125 124 124 124 124 124 124 124 124 123 123 123 123 123 123 123 122 122 122 122 122 122 122 122 122 122 122 122 122 121 344 344 344 344 344 344 344 344 344 344 343 343 343 343 343 343 343 343 342 342 341 341 341 341 341 341 341 341 341 341 340 340 340 340 340 340 340 340 339 339 339 339 339 339 339 613 613 611 611 611 611 611 611 611
125 125 125 125 125 125 125 125 125 124 124 124 124 124 124 124 124 124 124 123 123 123 123 123 122 122 122 122 122 122 122 122 122 122 122 122 122 121 121 344 344 344 344 344 344 344 344 344 343 343 343 343 343 343 343 343 343 343 342 341 341 341 341 341 341 341 341 341 340 340 340 340 340 340 340 340 340 339 339 339 339 339 339 339 339 612 612 611 611 611 611 611 611 610
125 125 125 125 125 125 124 124 124 124 124 124 124 124 124 124 124 124 124 123 123 123 122 122 122 122 122 122 122 122 122 122 122 122 122 121 121 121 121 344 344 344 344 344 344 344 344 343 343 343 343 343 343 343 343 343 343 342 341 341 341 341 341 341 341 341 341 340 340 340 340 340 340 340 340 340 339 339 339 339 339 339 339 339 612 612 612 611 611 611 611 611 610 610
125 125 125 125 124 124 124 124 124 124 124 124 124 124 124 124 124 124 124 123 122 122 122 122 122 122 122 122 122 122 122 122 122 122 121 121 121 121 344 344 344 344 344 344 344 343 343 343 343 343 343 343 343 343 343 343 342 342 341 341 341 341 341 341 341 341 340 340 340 340 340 340 340 340 340 339 339 339 339 339 339 339 339 338 338 612 612 611 611 611 611 610 610 610
125 124 124 124 124 124 124 124 124 124 124 124 124 124 124 124 124 124 123 122 122 122 122 122 122 122 122 122 122 122 122 122 121 121 121 121 121 121 344 344 344 344 344 344 343 343 343 343 343 343 343 343 343 343 343 342 342 342 341 341 341 341 341 341 340 340 340 340 340 340 340 340 340 340 339 339 339 339 339 339 339 339 338 338 338 612 612 611 611 611 610 610 610 610
124 124 124 124 124 124 124 124 124 124 124 124 124 124 124 124 123 123 123 122 122 122 122 122 122 122 122 122 122 122 121 121 121 121 121 121 121 344 344 344 344 344 343 343 343 343 343 343 343 343 343 343 343 342 342 342 342 342 341 341 341 341 341 340 340 340 340 340 340 340 340 340 339 339 339 339 339 339 339 339 339 338 338 338 338 612 612 611 611 610 610 610 610 610
124 124 124 124 124 124 124 124 124 124 124 124 124 124 123 123 123 123 123 122 122 122 122 122 122 122 122 122 121 121 121 121 121 121 121 121 344 344 344 344 343 343 343 343 343 343 343 343 343 343 343 343 342 342 342 342 342 342 341 341 341 341 340 340 340 340 340 340 340 340 340 339 339 339 339 339 339 339 339 338 338 338 338 338 338 612 612 611 610 610 610 610 610 610
124 124 124 124 124 124 124 124 124 124 124 123 123 123 123 123 123 123 123 122 122 122 122 122 122 122 121 121 121 121 121 121 121 121 121 121 344 344 344 343 343 343 343 343 343 343 343 343 343 343 342 342 342 342 342 342 342 342 341 341 340 340 340 340 340 340 340 340 340 340 339 339 339 339 339 339 339 339 338 338 338 338 338 338 338 612 611 610 610 610 610 610 610 610
124 124 124 124 124 124 124 124 124 123 123 123 123 123 123 123 123 123 123 122 122 122 122 122 121 121 121 121 121 121 121 121 121 121 121 344 344 343 343 343 343 343 343 343 343 343 343 343 342 342 342 342 342 342 342 342 342 342 341 340 340 340 340 340 340 340 340 340 339 339 339 339 339 339 339 339 339 338 338 338 338 338 338 338 338 611 611 610 610 610 610 610 610 609
124 124 124 124 124 124 123 123 123 123 123 123 123 123 123 123 123 123 123 122 122 122 121 121 121 121 121 121 121 121 121 121 121 121 121 343 343 343 343 343 343 343 343 343 343 343 343 342 342 342 342 342 342 342 342 342 342 341 340 340 340 340 340 340 340 340 340 339 339 339 339 339 339 339 339 339 338 338 338 338 338 338 338 338 337 611 611 610 610 610 610 610 609 609
124 124 124 124 123 123 123 123 123 123 123 123 123 123 123 123 123 123 123 122 121 121 121 121 121 121 121 121 121 121 121 121 121 120 343 343 343 343 343 343 343 343 343 343 343 342 342 342 342 342 342 342 342 342 342 342 341 341 340 340 340 340 340 340 340 339 339 339 339 339 339 339 339 339 338 338 338 338 338 338 338 338 337 337 337 611 611 610 610 610 609 609 609 609
124 123 123 123 123 123 123 123 123 123 123 123 123 123 123 123 123 122 122 121 121 121 121 121 121 121 121 121 121 121 121 120 120 120 343 343 343 343 343 343 343 343 343 342 342 342 342 342 342 342 342 342 342 342 341 341 341 341 340 340 340 340 340 340 339 339 339 339 339 339 339 339 339 338 338 338 338 338 338 338 338 337 337 337 337 611 611 610 610 609 609 609 609 609
123 123 123 123 123 123 123 123 123 123 123 123 123 123 123 122 122 122 122 121 121 121 121 121 121 121 121 121 121 120 120 120 120 343 343 343 343 343 343 343 343 342 342 342 342 342 342 342 342 342 342 342 341 341 341 341 341 341 340 340 340 340 339 339 339 339 339 339 339 339 339 338 338 338 338 338 338 338 338 338 337 337 337 337 337 611 611 610 609 609 609 609 609 609
123 123 123 123 123 123 123 123 123 123 123 123 122 122 122 122 122 122 122 121 121 121 121 121 121 121 121 120 120 120 120 120 343 343 343 343 343 343 343 342 342 342 342 342 342 342 342 342 342 342 341 341 341 341 341 341 341 341 340 340 340 339 339 339 339 339 339 339 339 339 338 338 338 338 338 338 338 338 337 337 337 337 337 337 337 611 610 609 609 609 609 609 609 609
123 123 123 123 123 123 123 123 123 123 122 122 122 122 122 122 122 122 122 121 121 121 121 121 121 120 120 120 120 120 120 120 343 343 343 343 343 342 342 342 342 342 342 342 342 342 342 342 342 341 341 341 341 341 341 341 341 341 340 339 339 339 339 339 339 339 339 339 338 338 338 338 338 338 338 338 338 337 337 337 337 337 337 337 337 610 610 609 609 609 609 609 609 608
123 123 123 123 123 123 123 122 122 122 122 122 122 122 122 122 122 122 122 121 121 121 120 120 120 120 120 120 120 120 120 343 343 343 343 342 342 342 342 342 342 342 342 342 342 342 342 341 341 341 341 341 341 341 341 341 341 340 339 339 339 339 339 339 339 339 339 338 338 338 338 338 338 338 338 337 337 337 337 337 337 337 337 337 336 610 610 609 609 609 609 608 608 608
123 123 123 123 122 122 122 122 122 122 122 122 122 122 122 122 122 122 122 121 120 120 120 120 120 120 120 120 120 120 120 343 343 342 342 342 342 342 342 342 342 342 342 342 342 341 341 341 341 341 341 341 341 341 341 340 340 340 339 339 339 339 339 339 339 338 338 338 338 338 338 338 338 338 337 337 337 337 337 337 337 337 336 336 336 610 610 609 609 609 608 608 608 608
123 122 122 122 122 122 122 122 122 122 122 122 122 122 122 122 122 121 121 120 120 120 120 120 120 120 120 120 120 120 343 342 342 342 342 342 342 342 342 342 342 342 342 341 341 341 341 341 341 341 341 341 341 341 340 340 340 340 339 339 339 339 339 338 338 338 338 338 338 338 338 338 337 337 337 337 337 337 337 337 337 336 336 336 336 610 610 609 609 608 608 608 608 608
122 122 122 122 122 122 122 122 122 122 122 122 122 122 122 121 121 121 121 120 120 120 120 120 120 120 120 120 120 119 342 342 342 342 342 342 342 342 342 342 342 341 341 341 341 341 341 341 341 341 341 341 340 340 340 340 340 340 339 339 339 339 338 338 338 338 338 338 338 338 338 337 337 337 337 337 337 337 337 336 336 336 336 336 336 610 610 608 608 608 608 608 608 608
122 122 122 122 122 122 122 122 122 122 122 122 121 121 121 121 121 121 121 120 120 120 120 120 120 120 119 119 119 342 342 342 342 342 342 342 342 342 342 341 341 341 341 341 341 341 341 341 341 341 340 340 340 340 340 340 340 340 339 339 338 338 338 338 338 338 338 338 338 337 337 337 337 337 337 337 337 337 336 336 336 336 336 336 336 610 609 608 608 608 608 608 608 607
122 122 122 122 122 122 122 122 122 121 121 121 121 121 121 121 121 121 121 120 120 120 120 120 119 119 119 119 119 342 342 342 342 342 342 342 342 341 341 341 341 341 341 341 341 341 341 341 340 340 340 340 340 340 340 340 340 340 338 338 338 338 338 338 338 338 338 337 337 337 337 337 337 337 337 337 336 336 336 336 336 336 336 336 335 609 609 608 608 608 608 608 607 607
122 122 122 122 122 122 121 121 121 121 121 121 121 121 121 121 121 121 121 120 120 120 119 119 119 119 119 119 342 342 342 342 342 342 342 341 341 341 341 341 341 341 341 341 341 341 340 340 340 340 340 340 340 340 340 340 339 339 338 338 338 338 338 338 338 338 337 337 337 337 337 337 337 337 337 336 336 336 336 336 336 336 336 335 335 609 609 608 608 608 607 607 607 607
122 122 122 121 121 121 121 121 121 121 121 121 121 121 121 121 121 121 121 119 119 119 119 119 119 119 119 119 342 342 342 342 341 341 341 341 341 341 341 341 341 341 341 341 340 340 340 340 340 340 340 340 340 340 339 339 339 339 338 338 338 338 338 338 337 337 337 337 337 337 337 337 337 336 336 336 336 336 336 336 336 335 335 335 335 609 609 608 608 607 607 607 607 607
121 121 121 121 121 121 121 121 121 121 121 121 121 121 121 121 120 120 120 120 119 119 119 119 119 119 119 342 342 342 341 341 341 341 341 341 341 341 341 341 341 341 340 340 340 340 340 340 340 340 340 340 339 339 339 339 339 339 338 338 338 338 337 337 337 337 337 337 337 337 337 336 336 336 336 336 336 336 336 336 335 335 335 335 335 609 609 608 607 607 607 607 607 607
121 121 121 121 121 121 121 121 121 121 121 121 121 120 120 120 120 120 120 119 119 119 119 119 119 119 119 341 341 341 341 341 341 341 341 341 341 341 341 341 340 340 340 340 340 340 340 340 340 340 339 339 339 339 339 339 339 339 338 338 337 337 337 337 337 337 337 337 337 336 336 336 336 336 336 336 336 336 335 335 335 335 335 335 335 609 608 607 607 607 607 607 607 606
121 121 121 121 121 121 121 121 121 121 120 120 120 120 120 120 120 120 120 119 119 119 119 119 119 118 341 341 341 341 341 341 341 341 341 341 341 340 340 340 340 340 340 340 340 340 340 340 339 339 339 339 339 339 339 339 339 339 337 337 337 337 337 337 337 337 337 337 336 336 336 336 336 336 336 336 335 335 335 335 335 335 335 335 334 608 608 607 607 607 607 607 606 606
