testData/tiles/oneDegree/grid18.0-8.0-19.0-9.0.asc
ncols   200
nrows   200
xllcorner   18.0
yllcorner   8.0
cellsize   0.005
NODATA_value   -9999.0
[rows 0 to 41 of 200, columns 0 to 93 of 200]
219 218 216 216 214 213 212 210 209 208 206 205 203 201 200 198 197 238 244 254 261 267 272 276 279 282 283 286 286 287 288 288 288 288 287 286 284 282 279 275 270 263 248 248 248 248 247 246 245 244 242 240 238 236 233 230 227 224 243 239 234 229 223 217 209 202 192 186 144 145 147 148 149 150 151 152 153 154 155 156 156 157 158 159 160 160 161 162 162 163 164 164 165 165
219 218 217 215 214 212 211 210 208 207 206 204 203 202 200 199 196 238 245 253 261 266 272 276 279 282 284 285 286 286 287 288 287 287 286 285 283 281 278 274 269 261 248 248 248 248 247 246 245 244 242 240 238 236 233 230 227 224 243 239 234 229 223 217 209 202 192 186 144 145 147 148 149 150 151 152 153 154 155 156 157 157 158 159 160 160 161 162 162 163 164 164 165 166
220 218 217 216 214 213 211 210 209 207 206 205 203 202 199 198 240 238 244 254 260 267 271 276 279 281 284 286 286 287 287 287 287 286 286 285 282 280 277 273 268 260 249 248 248 248 247 246 245 244 242 240 238 236 233 230 227 224 243 239 234 229 223 217 209 202 192 186 144 146 147 148 149 150 151 152 153 154 155 156 157 157 158 159 160 160 161 162 163 163 164 164 165 166
219 218 217 216 215 213 212 210 209 208 206 205 203 201 200 198 197 238 244 253 261 266 272 275 279 282 283 285 285 286 287 287 286 286 285 284 282 279 276 272 266 260 248 248 248 248 247 246 245 244 242 240 238 236 233 230 227 224 243 239 234 229 224 217 209 202 193 186 144 146 147 148 149 150 151 152 153 154 155 156 157 158 158 159 160 161 161 162 163 163 164 164 165 166
219 218 217 215 214 213 212 211 209 207 206 204 203 202 200 198 196 238 244 253 261 267 272 276 278 281 284 285 286 286 286 287 286 285 284 283 281 278 275 271 264 260 248 248 248 248 247 246 245 244 242 240 238 236 233 230 227 224 243 239 234 229 224 217 210 202 193 186 145 146 147 148 149 150 151 152 153 154 155 156 157 158 158 159 160 161 161 162 163 163 164 165 165 166
220 218 217 216 214 213 212 210 209 207 206 205 203 202 200 198 197 237 244 254 260 267 271 275 279 281 283 285 285 286 286 287 286 284 284 282 280 277 274 270 263 248 248 248 248 248 247 246 245 243 242 240 238 236 233 230 227 224 243 239 234 229 224 217 210 202 193 186 145 146 147 148 149 150 151 152 153 154 155 156 157 158 158 159 160 161 161 162 163 163 164 165 165 166
219 219 217 216 215 213 212 211 209 208 206 205 203 201 200 199 196 238 244 253 261 266 272 275 278 282 283 285 286 286 286 286 286 285 283 281 279 276 273 268 261 248 248 248 248 248 247 246 245 243 242 240 238 236 233 230 227 224 243 239 234 229 224 217 210 202 193 186 145 146 147 148 150 151 152 153 154 154 155 156 157 158 159 159 160 161 161 162 163 163 164 165 165 166
219 218 217 215 214 214 212 211 209 207 206 204 203 202 200 198 196 238 244 253 260 267 271 276 278 281 283 284 285 285 286 286 285 284 282 280 278 275 272 267 260 248 248 248 248 248 247 246 245 243 242 240 238 236 233 230 227 247 243 239 234 230 224 217 210 203 193 187 145 146 147 149 150 151 152 153 154 155 155 156 157 158 159 159 160 161 162 162 163 164 164 165 165 166
220 218 217 216 214 213 212 210 209 207 206 205 203 201 200 198 197 237 244 253 260 266 272 275 278 281 283 285 285 286 285 286 285 284 283 279 278 275 271 265 260 248 248 248 248 248 247 246 245 243 242 240 238 236 233 230 227 247 243 239 234 230 224 217 210 203 193 187 145 146 147 149 150 151 152 153 154 155 155 156 157 158 159 159 160 161 162 162 163 164 164 165 165 166
219 219 217 216 215 213 212 211 209 208 206 204 203 201 200 199 196 238 244 253 261 266 271 274 278 280 282 284 285 285 286 285 285 284 282 279 277 273 269 263 248 248 248 248 248 247 247 246 245 243 242 240 238 236 233 230 227 247 243 238 234 229 224 217 210 203 193 187 145 146 148 149 150 151 152 153 154 155 156 156 157 158 159 160 160 161 162 162 163 164 164 165 165 166
220 218 217 215 215 214 212 211 209 207 206 204 203 202 199 198 197 238 244 253 260 267 271 274 277 280 283 284 285 284 285 286 284 283 281 279 277 272 268 261 248 248 248 248 248 247 247 246 245 243 242 240 238 236 233 230 227 247 243 238 234 229 224 217 210 203 194 187 145 146 148 149 150 151 152 153 154 155 156 156 157 158 159 160 160 161 162 162 163 164 164 165 166 166
220 219 217 216 214 213 212 210 209 208 206 205 203 201 200 198 196 237 244 253 260 266 270 274 278 279 282 284 284 285 285 285 284 282 281 278 276 272 267 259 248 248 248 248 248 247 247 246 245 243 242 240 238 236 233 230 227 247 243 238 235 229 223 217 211 203 194 187 145 147 148 149 150 151 152 153 154 155 156 157 157 158 159 160 160 161 162 163 163 164 164 165 166 166
219 219 218 216 215 213 212 211 209 208 206 204 203 201 200 198 196 238 243 253 260 266 270 273 278 280 282 283 285 284 285 284 284 283 280 278 275 271 266 259 248 248 248 248 248 247 247 246 245 243 242 240 238 236 233 230 227 246 243 238 235 229 223 217 211 203 194 187 145 147 148 149 150 151 152 153 154 155 156 157 157 158 159 160 161 161 162 163 163 164 165 165 166 166
220 218 217 216 214 214 212 210 209 207 206 204 203 202 199 198 197 237 244 252 260 266 270 274 277 279 282 282 284 284 284 284 283 282 280 277 275 270 265 259 248 248 248 248 248 247 247 246 245 243 242 240 238 235 233 230 227 246 243 238 235 229 223 217 211 203 194 187 146 147 148 149 150 151 152 153 154 155 156 157 158 158 159 160 161 161 162 163 163 164 165 165 166 166
220 219 217 216 214 213 212 210 209 208 206 205 202 201 200 198 196 237 243 253 259 266 270 273 277 279 281 283 283 284 284 283 283 281 280 276 273 270 263 248 248 248 248 248 248 247 247 246 244 243 242 240 238 235 233 230 227 246 242 238 234 229 223 217 211 204 194 187 146 147 148 149 150 151 152 153 154 155 156 157 158 158 159 160 161 161 162 163 163 164 165 165 166 166
219 219 218 216 215 213 212 211 209 208 206 204 203 201 200 198 196 237 242 253 260 264 270 273 276 279 280 282 283 284 284 282 283 280 279 276 272 268 260 248 249 248 248 248 248 247 246 246 244 243 242 240 238 235 233 230 227 246 242 238 234 229 223 216 211 204 193 187 146 147 148 149 150 151 152 153 154 155 156 157 158 159 159 160 161 161 162 163 163 164 165 165 166 166
220 218 217 216 214 213 211 210 209 207 206 204 203 201 199 198 196 237 243 251 259 265 269 273 276 279 281 282 283 283 283 283 282 281 277 275 272 266 260 248 249 249 248 248 248 247 246 245 244 243 241 240 238 235 233 230 227 246 242 239 234 229 223 217 211 203 193 188 146 147 148 149 150 152 153 153 154 155 156 157 158 159 159 160 161 162 162 163 164 164 165 165 166 167
220 219 217 216 215 213 212 210 209 208 206 205 202 201 200 197 196 237 242 252 258 264 270 273 276 278 280 282 283 283 283 282 282 280 277 274 270 265 260 249 249 249 249 248 248 247 246 245 244 243 241 240 238 235 233 230 227 246 242 239 234 229 223 217 210 203 193 188 146 147 148 149 151 152 153 154 154 155 156 157 158 159 159 160 161 162 162 163 164 164 165 165 166 167
219 219 218 216 215 213 212 211 209 207 206 204 203 201 199 198 196 237 242 251 259 264 269 272 276 279 280 281 282 283 283 281 280 278 276 274 269 263 248 249 249 249 249 248 247 247 246 245 244 243 241 239 237 235 233 230 227 246 242 239 234 229 223 217 210 203 193 188 146 147 148 150 151 152 153 154 155 155 156 157 158 159 159 160 161 162 162 163 164 164 165 166 166 167
220 218 217 216 214 213 211 210 209 207 206 205 203 201 199 198 196 237 242 251 258 264 269 273 275 278 280 281 281 282 281 282 279 278 275 273 269 261 249 249 249 250 249 249 247 247 246 245 244 243 241 239 237 235 232 230 226 246 242 239 234 229 223 217 211 203 194 188 146 147 149 150 151 152 153 154 155 156 156 157 158 159 160 160 161 162 162 163 164 164 165 166 166 167
220 219 217 216 215 213 212 210 209 208 206 204 202 201 200 197 196 236 241 251 258 264 269 271 275 277 279 281 281 282 281 281 280 277 275 272 267 260 249 250 249 250 249 249 248 247 246 245 244 243 241 239 237 235 232 230 249 246 242 239 234 228 223 217 211 203 193 188 146 148 149 150 151 152 153 154 155 156 156 157 158 159 160 160 161 162 162 163 164 164 165 166 166 167
219 219 218 216 215 214 212 211 208 207 206 204 203 200 199 198 195 237 240 251 258 263 268 271 275 277 279 281 280 281 281 280 279 276 274 272 266 261 249 250 250 250 250 249 248 248 246 245 244 243 241 239 237 235 232 229 249 246 242 238 234 228 222 217 211 203 193 188 146 148 149 150 151 152 153 154 155 156 157 157 158 159 160 160 161 162 163 163 164 164 165 166 166 167
432 281 280 279 277 276 274 273 272 270 269 268 265 264 262 260 196 236 241 249 258 263 267 271 274 276 279 280 281 280 280 280 278 276 273 270 265 261 250 250 250 249 250 249 248 248 246 245 244 243 241 239 237 235 232 229 249 246 243 238 234 228 222 216 211 202 193 188 147 148 149 150 151 152 153 154 155 156 157 157 158 159 160 161 161 162 163 163 164 165 165 166 166 167
432 431 280 279 278 276 275 273 272 271 268 267 265 264 262 260 258 299 303 313 319 325 330 334 337 339 342 341 343 343 343 279 277 275 273 268 263 249 250 251 250 250 249 249 249 248 247 245 244 242 241 239 237 235 232 229 249 245 243 238 233 228 222 217 210 203 193 188 147 148 149 150 151 152 153 154 155 156 157 158 158 159 160 161 161 162 163 163 164 165 165 166 166 167
437 436 435 432 282 280 277 275 272 270 269 267 265 263 262 260 258 300 302 312 320 325 330 333 336 339 340 342 342 343 343 342 340 337 335 330 324 313 313 313 314 313 313 312 249 247 247 246 244 242 241 239 237 235 232 229 249 245 242 238 233 228 222 217 210 203 192 188 147 148 149 150 151 152 153 154 155 156 157 158 158 159 160 161 161 162 163 163 164 165 165 166 166 167
449 447 445 443 441 290 288 286 284 282 280 277 275 273 269 268 266 305 307 317 323 328 332 335 336 339 340 341 343 342 342 341 339 337 334 329 324 313 314 313 314 313 313 313 312 311 310 309 307 305 304 302 300 297 295 292 249 245 242 238 233 228 222 217 210 203 192 189 147 148 149 150 151 152 153 154 155 156 157 158 158 159 160 161 161 162 163 163 164 165 165 166 167 167
459 457 455 453 452 449 447 296 294 292 289 288 285 282 281 278 275 316 318 326 334 339 342 346 348 349 350 350 351 350 348 346 343 340 336 330 326 314 313 314 314 314 313 313 312 311 310 309 307 305 303 302 300 297 295 292 312 308 305 301 296 291 285 280 273 265 255 189 147 148 149 150 151 152 153 154 155 156 157 158 159 159 160 161 162 162 163 164 164 165 165 166 167 167
466 464 463 460 459 458 455 454 302 300 299 295 294 291 290 287 285 325 326 336 343 347 352 354 358 359 359 361 359 359 358 356 353 350 345 339 325 325 324 324 323 322 322 320 319 316 314 312 309 306 303 302 299 297 295 292 311 308 305 301 296 290 284 279 274 265 254 252 210 211 212 213 214 215 216 217 155 156 157 158 159 159 160 161 162 162 163 164 164 165 165 166 167 167
474 472 471 469 467 465 463 461 460 308 306 304 302 299 297 295 293 333 335 343 351 356 359 363 365 367 367 368 368 368 366 364 361 358 353 347 334 334 335 334 333 332 332 330 328 327 324 322 319 318 315 311 308 305 301 298 316 311 307 301 296 290 284 279 273 265 255 252 210 211 212 213 215 216 216 217 218 219 220 221 222 222 223 224 225 162 163 164 164 165 166 166 167 167
481 480 477 476 475 472 471 467 466 464 462 312 308 307 305 302 300 340 342 352 357 363 366 369 372 373 376 375 376 375 373 372 368 366 361 355 344 343 343 343 342 342 340 340 337 336 334 332 330 327 324 320 317 315 311 307 326 323 318 312 306 300 294 287 280 271 259 255 212 212 212 214 215 216 217 218 218 219 220 221 222 223 223 224 225 225 226 227 227 228 229 229 230 167
488 485 484 481 480 479 476 475 472 471 469 466 316 313 311 309 306 347 347 356 365 369 374 376 379 381 381 382 382 381 380 378 375 371 366 363 351 351 351 351 350 349 349 347 346 344 342 340 338 336 332 330 326 323 319 315 335 331 326 321 315 309 303 296 289 279 268 265 222 222 223 223 223 223 223 222 221 221 221 221 222 223 223 224 225 225 226 227 227 228 229 229 230 230
493 491 490 488 486 485 482 481 478 476 475 472 470 319 317 315 312 353 354 363 370 375 379 383 384 387 386 388 388 387 386 384 381 378 371 358 358 358 358 358 358 356 355 354 353 352 350 348 345 343 340 337 335 331 327 323 343 339 334 329 323 318 312 305 298 288 277 274 231 232 232 232 232 232 232 232 232 231 231 231 231 230 229 229 229 228 227 227 227 228 229 229 230 230
498 498 495 494 493 489 488 485 484 483 480 478 476 474 323 320 318 358 358 369 375 381 384 388 391 392 393 393 393 393 391 389 386 382 375 364 365 365 365 364 364 363 362 361 360 358 356 355 353 349 348 344 341 337 334 330 350 346 341 336 331 324 318 312 305 297 284 282 239 240 241 241 241 241 241 241 241 240 240 240 240 240 239 239 238 238 237 237 237 235 235 234 233 232
504 502 500 498 497 495 493 492 489 487 486 483 482 478 477 475 323 364 363 373 381 385 390 392 396 397 398 398 398 398 396 394 391 387 381 370 370 372 371 370 370 369 368 367 367 364 363 361 358 356 353 351 348 344 341 337 355 352 348 343 337 331 325 319 311 303 291 289 247 248 248 248 248 248 248 248 249 249 248 248 248 248 248 247 247 247 246 246 246 245 244 243 243 243
509 507 505 504 502 500 498 496 494 492 491 487 486 484 481 480 476 369 369 377 385 390 395 397 399 402 402 404 403 403 400 398 394 389 386 376 375 376 375 376 376 375 374 373 372 370 368 367 364 362 359 356 353 350 346 366 361 359 354 348 343 337 331 325 318 309 297 296 254 254 254 255 255 255 255 255 256 256 255 255 255 255 255 254 254 254 254 254 254 252 252 251 251 251
513 511 509 508 506 504 503 500 499 498 494 493 491 488 487 483 482 522 371 383 389 394 399 402 404 406 408 407 407 406 404 403 398 393 380 381 382 381 382 381 381 380 380 379 377 376 373 372 369 368 365 362 359 356 352 370 367 363 360 354 348 343 337 330 323 315 302 302 260 260 260 261 261 261 261 262 262 262 262 261 262 262 262 261 261 261 260 261 261 260 260 260 259 259
518 516 514 512 511 509 507 506 502 501 500 497 495 493 490 488 486 527 525 385 392 398 402 405 409 409 411 411 411 410 408 406 401 396 385 386 386 386 386 387 385 386 384 384 381 381 379 377 375 373 370 367 364 362 357 377 372 368 364 359 354 347 341 336 329 319 308 308 265 266 266 266 267 267 267 267 268 268 268 267 268 268 268 267 267 268 267 267 267 266 266 266 265 265
522 520 518 517 514 512 510 509 508 505 503 501 499 497 495 492 490 530 528 539 397 402 407 409 412 414 414 415 414 414 412 409 405 400 390 390 391 391 391 391 390 390 390 388 387 386 384 382 380 378 375 373 369 366 362 381 378 373 369 364 358 352 347 341 334 324 312 313 271 271 271 272 272 272 273 273 273 273 274 273 273 273 274 273 273 273 274 273 273 272 272 272 271 272
525 524 521 520 519 516 515 513 511 509 507 506 502 501 499 496 494 535 532 541 548 406 410 413 414 417 418 418 417 417 416 412 407 405 394 395 395 396 396 395 395 394 393 392 391 390 389 387 385 382 380 377 374 370 367 386 381 378 373 368 362 357 352 345 338 328 317 318 275 276 276 276 277 277 278 278 278 278 279 279 278 279 279 279 278 279 279 278 278 279 278 278 277 277
529 527 526 524 522 520 518 517 514 513 510 508 507 504 502 499 498 538 535 545 552 557 413 416 419 420 421 422 420 421 417 414 408 397 398 399 399 400 399 399 399 399 397 397 396 394 392 391 389 386 384 381 378 374 371 391 386 383 378 372 367 361 355 349 342 333 322 322 280 280 281 281 281 282 282 283 283 283 284 284 283 283 284 284 283 284 284 283 283 284 283 283 282 283
532 530 529 527 525 524 521 520 519 516 514 512 510 508 505 504 500 541 540 547 556 561 565 418 422 423 424 424 423 422 420 417 412 400 402 402 403 404 403 404 403 403 401 401 400 398 397 394 393 390 388 385 382 379 375 394 390 386 382 376 371 364 360 353 346 336 326 327 284 285 285 285 286 286 287 287 287 288 288 288 288 288 288 289 288 288 289 288 288 288 288 288 287 287
535 534 532 531 529 527 526 523 521 520 518 515 513 511 508 506 505 544 542 550 557 564 568 571 424 427 427 427 427 424 423 419 415 405 405 407 407 407 407 407 407 406 406 405 403 402 400 399 396 395 391 389 386 383 380 398 395 390 386 380 375 368 363 358 349 340 330 331 288 289 289 290 291 291 291 291 291 292 292 293 293 292 293 293 292 293 293 292 293 293 292 292 292 292
