testData/tiles/oneDegree/grid30.0-15.0-31.0-16.0.asc
ncols   200
nrows   200
xllcorner   30.0
yllcorner   15.0
cellsize   0.005
NODATA_value   -9999.0
[rows 0 to 41 of 200, columns 0 to 93 of 200]
504 504 504 582 582 582 526 527 527 527 527 527 528 528 528 528 529 529 529 529 530 530 530 530 530 531 531 531 531 531 532 532 532 532 532 533 533 533 533 533 553 553 553 553 553 554 554 554 554 554 554 555 555 555 555 555 556 556 556 556 556 486 487 487 487 487 487 487 488 488 488 488 488 488 488 489 489 489 489 489 489 490 490 490 490 490 490 490 491 491 491 491 491 491
504 504 504 582 582 582 582 527 527 527 527 527 528 528 528 528 529 529 529 529 529 530 530 530 530 531 531 531 531 531 532 532 532 532 532 533 533 533 533 533 553 553 553 553 553 554 554 554 554 554 554 555 555 555 555 555 556 556 556 556 556 556 487 487 487 487 487 487 488 488 488 488 488 488 488 489 489 489 489 489 489 489 490 490 490 490 490 490 490 491 491 491 491 491
504 504 504 582 582 582 582 526 527 527 527 527 528 528 528 528 529 529 529 529 529 530 530 530 530 531 531 531 531 531 532 532 532 532 532 533 533 533 533 533 553 553 553 553 553 553 554 554 554 554 554 555 555 555 555 555 555 556 556 556 556 556 556 487 487 487 487 487 487 488 488 488 488 488 488 489 489 489 489 489 489 489 490 490 490 490 490 490 490 491 491 491 491 491
504 504 504 581 582 582 582 582 527 527 527 527 528 528 528 528 529 529 529 529 529 530 530 530 530 530 531 531 531 531 532 532 532 532 532 533 533 533 533 533 552 553 553 553 553 553 554 554 554 554 554 555 555 555 555 555 555 556 556 556 556 556 556 557 487 487 487 487 487 488 488 488 488 488 488 489 489 489 489 489 489 489 490 490 490 490 490 490 490 491 491 491 491 491
504 504 504 581 582 582 582 582 527 527 527 527 528 528 528 528 528 529 529 529 529 530 530 530 530 530 531 531 531 531 531 532 532 532 532 532 533 533 533 552 552 553 553 553 553 553 554 554 554 554 554 554 555 555 555 555 555 556 556 556 556 556 556 557 557 487 487 487 487 488 488 488 488 488 488 488 489 489 489 489 489 489 490 490 490 490 490 490 490 490 491 491 491 491
504 504 504 504 582 582 582 582 583 527 527 527 528 528 528 528 528 529 529 529 529 530 530 530 530 530 531 531 531 531 531 532 532 532 532 532 533 533 533 552 552 553 553 553 553 553 554 554 554 554 554 554 555 555 555 555 555 556 556 556 556 556 556 557 557 557 487 487 487 488 488 488 488 488 488 488 489 489 489 489 489 489 489 490 490 490 490 490 490 490 491 491 491 491
504 504 504 504 582 582 582 582 583 527 527 527 527 528 528 528 528 529 529 529 529 529 530 530 530 530 531 531 531 531 531 532 532 532 532 532 533 533 533 552 552 553 553 553 553 553 553 554 554 554 554 554 555 555 555 555 555 555 556 556 556 556 556 556 557 557 557 487 487 487 488 488 488 488 488 488 489 489 489 489 489 489 489 490 490 490 490 490 490 490 491 491 491 491
504 504 504 504 582 582 582 582 582 583 527 527 527 528 528 528 528 529 529 529 529 529 530 530 530 530 530 531 531 531 531 532 532 532 532 532 533 533 552 552 552 553 553 553 553 553 553 554 554 554 554 554 555 555 555 555 555 555 556 556 556 556 556 556 557 557 557 487 487 487 488 488 488 488 488 488 488 489 489 489 489 489 489 490 490 490 490 490 490 490 491 491 491 491
504 504 504 504 581 582 582 582 582 583 527 527 527 528 528 528 528 529 529 529 529 529 530 530 530 530 530 531 531 531 531 531 532 532 532 532 532 533 552 552 552 552 553 553 553 553 553 554 554 554 554 554 555 555 555 555 555 555 556 556 556 556 556 556 557 557 557 557 487 487 488 488 488 488 488 488 488 489 489 489 489 489 489 489 490 490 490 490 490 490 490 491 491 491
503 504 504 504 581 582 582 582 582 583 583 527 527 528 528 528 528 528 529 529 529 529 530 530 530 530 530 531 531 531 531 531 532 532 532 532 532 533 552 552 552 552 553 553 553 553 553 554 554 554 554 554 554 555 555 555 555 555 556 556 556 556 556 556 557 557 557 557 557 487 487 488 488 488 488 488 488 489 489 489 489 489 489 489 490 490 490 490 490 490 490 491 491 491
503 504 504 504 581 582 582 582 582 583 583 527 527 528 528 528 528 528 529 529 529 529 529 530 530 530 530 531 531 531 531 531 532 532 532 532 532 533 552 552 552 552 553 553 553 553 553 554 554 554 554 554 554 555 555 555 555 555 555 556 556 556 556 556 556 557 557 557 557 557 487 488 488 488 488 488 488 489 489 489 489 489 489 489 490 490 490 490 490 490 490 491 491 491
503 504 504 504 504 582 582 582 582 583 583 583 527 527 528 528 528 528 529 529 529 529 529 530 530 530 530 531 531 531 531 531 532 532 532 532 532 552 552 552 552 552 553 553 553 553 553 553 554 554 554 554 554 555 555 555 555 555 555 556 556 556 556 556 556 557 557 557 557 557 557 488 488 488 488 488 488 488 489 489 489 489 489 489 489 490 490 490 490 490 490 490 491 491
503 504 504 504 504 582 582 582 582 582 583 583 527 527 528 528 528 528 529 529 529 529 529 530 530 530 530 530 531 531 531 531 531 532 532 532 532 551 552 552 552 552 552 553 553 553 553 553 554 554 554 554 554 554 555 555 555 555 555 556 556 556 556 556 556 557 557 557 557 557 557 557 488 488 488 488 488 488 489 489 489 489 489 489 489 490 490 490 490 490 490 490 491 491
503 504 504 504 504 581 582 582 582 582 583 583 527 527 528 528 528 528 528 529 529 529 529 530 530 530 530 530 531 531 531 531 531 532 532 532 532 551 552 552 552 552 552 553 553 553 553 553 554 554 554 554 554 554 555 555 555 555 555 555 556 556 556 556 556 556 557 557 557 557 557 557 558 488 488 488 488 488 489 489 489 489 489 489 489 490 490 490 490 490 490 490 490 491
503 503 504 504 504 581 582 582 582 582 583 583 583 527 528 528 528 528 528 529 529 529 529 530 530 530 530 530 531 531 531 531 531 532 532 532 532 551 552 552 552 552 552 553 553 553 553 553 553 554 554 554 554 554 555 555 555 555 555 555 556 556 556 556 556 556 557 557 557 557 557 557 558 558 488 488 488 488 488 489 489 489 489 489 489 489 490 490 490 490 490 490 490 491
503 503 504 504 504 581 582 582 582 582 583 583 583 527 527 528 528 528 528 529 529 529 529 529 530 530 530 530 531 531 531 531 531 532 532 532 551 551 552 552 552 552 552 552 553 553 553 553 553 554 554 554 554 554 555 555 555 555 555 555 556 556 556 556 556 556 557 557 557 557 557 557 558 558 558 488 488 488 488 489 489 489 489 489 489 489 490 490 490 490 490 490 490 491
503 503 504 504 504 581 582 582 582 582 582 583 583 583 527 528 528 528 528 529 529 529 529 529 530 530 530 530 530 531 531 531 531 531 532 532 551 551 551 552 552 552 552 552 553 553 553 553 553 554 554 554 554 554 554 555 555 555 555 555 555 556 556 556 556 556 556 557 557 557 557 557 557 558 558 558 488 488 488 489 489 489 489 489 489 489 490 490 490 490 490 490 490 490
503 503 504 504 504 504 581 582 582 582 582 583 583 583 527 528 528 528 528 528 529 529 529 529 530 530 530 530 530 531 531 531 531 531 532 532 551 551 551 552 552 552 552 552 553 553 553 553 553 554 554 554 554 554 554 555 555 555 555 555 555 556 556 556 556 556 556 557 557 557 557 557 557 558 558 558 558 488 488 488 489 489 489 489 489 489 489 490 490 490 490 490 490 490
503 503 503 504 504 504 581 582 582 582 582 583 583 583 583 528 528 528 528 528 529 529 529 529 529 530 530 530 530 531 531 531 531 531 532 532 551 551 551 552 552 552 552 552 553 553 553 553 553 553 554 554 554 554 554 555 555 555 555 555 555 556 556 556 556 556 556 557 557 557 557 557 557 557 558 558 558 488 488 488 489 489 489 489 489 489 489 490 490 490 490 490 490 490
503 503 503 504 504 504 581 582 582 582 582 583 583 583 583 527 528 528 528 528 529 529 529 529 529 530 530 530 530 530 531 531 531 531 532 551 551 551 551 552 552 552 552 552 552 553 553 553 553 553 554 554 554 554 554 554 555 555 555 555 555 555 556 556 556 556 556 556 557 557 557 557 557 557 558 558 558 558 488 488 488 489 489 489 489 489 489 489 490 490 490 490 490 490
503 503 503 504 504 504 581 582 582 582 582 582 583 583 583 527 528 528 528 528 529 529 529 529 529 530 530 530 530 530 531 531 531 531 531 551 551 551 551 551 552 552 552 552 552 553 553 553 553 553 554 554 554 554 554 554 555 555 555 555 555 555 556 556 556 556 556 556 557 557 557 557 557 557 558 558 558 558 558 488 488 489 489 489 489 489 489 489 490 490 490 490 490 490
503 503 503 504 504 504 581 581 582 582 582 582 583 583 583 583 528 528 528 528 528 529 529 529 529 530 530 530 530 530 531 531 531 531 531 551 551 551 551 551 552 552 552 552 552 553 553 553 553 553 553 554 554 554 554 554 555 555 555 555 555 555 556 556 556 556 556 556 557 557 557 557 557 557 557 558 558 558 558 558 488 489 489 489 489 489 489 489 490 490 490 490 490 490
503 503 503 503 504 504 504 581 582 582 582 582 583 583 583 583 528 528 528 528 528 529 529 529 529 529 530 530 530 530 531 531 531 531 531 551 551 551 551 551 552 552 552 552 552 552 553 553 553 553 553 554 554 554 554 554 554 555 555 555 555 555 555 556 556 556 556 556 556 557 557 557 557 557 557 558 558 558 558 558 558 488 489 489 489 489 489 489 489 490 490 490 490 490
503 503 503 503 504 504 504 581 582 582 582 582 583 583 583 583 583 528 528 528 528 529 529 529 529 529 530 530 530 530 530 531 531 531 531 550 551 551 551 551 551 552 552 552 552 552 553 553 553 553 553 554 554 554 554 554 554 555 555 555 555 555 555 556 556 556 556 556 556 557 557 557 557 557 557 558 558 558 558 558 558 558 489 489 489 489 489 489 489 490 490 490 490 490
503 503 503 503 504 504 504 581 582 582 582 582 582 583 583 583 583 528 528 528 528 528 529 529 529 529 530 530 530 530 530 531 531 531 550 550 551 551 551 551 551 552 552 552 552 552 553 553 553 553 553 553 554 554 554 554 554 555 555 555 555 555 555 556 556 556 556 556 556 557 557 557 557 557 557 557 558 558 558 558 558 558 558 489 489 489 489 489 489 489 490 490 490 490
504 504 503 503 504 504 504 581 581 582 582 582 582 583 583 583 583 528 528 528 528 528 529 529 529 529 529 530 530 530 530 531 531 531 550 550 551 551 551 551 551 552 552 552 552 552 552 553 553 553 553 553 554 554 554 554 554 554 555 555 555 555 555 555 556 556 556 556 556 556 557 557 557 557 557 557 558 558 558 558 558 558 558 489 489 489 489 489 489 489 490 490 490 490
503 504 504 503 503 504 504 581 581 582 582 582 582 583 583 583 583 583 528 528 528 528 529 529 529 529 529 530 530 530 530 530 531 531 550 550 550 551 551 551 551 551 552 552 552 552 552 553 553 553 553 553 554 554 554 554 554 554 555 555 555 555 555 555 556 556 556 556 556 556 557 557 557 557 557 557 557 558 558 558 558 558 558 559 489 489 489 489 489 489 489 490 490 490
504 504 504 504 503 504 504 504 581 582 582 582 582 582 583 583 583 583 528 528 528 528 529 529 529 529 529 530 530 530 530 530 531 531 550 550 550 551 551 551 551 551 552 552 552 552 552 553 553 553 553 553 553 554 554 554 554 554 554 555 555 555 555 555 556 556 556 556 556 556 556 557 557 557 557 557 557 558 558 558 558 558 558 558 559 489 489 489 489 489 489 490 490 490
504 505 504 504 504 504 504 504 581 582 582 582 582 582 583 583 583 583 528 528 528 528 528 529 529 529 529 530 530 530 530 530 531 550 550 550 550 551 551 551 551 551 552 552 552 552 552 552 553 553 553 553 553 554 554 554 554 554 554 555 555 555 555 555 555 556 556 556 556 556 556 557 557 557 557 557 557 558 558 558 558 558 558 558 559 559 489 489 489 489 489 490 490 490
504 505 505 504 504 504 504 504 581 581 582 582 582 582 583 583 583 583 583 528 528 528 528 529 529 529 529 529 530 530 530 530 530 550 550 550 550 550 551 551 551 551 551 552 552 552 552 552 553 553 553 553 553 553 554 554 554 554 554 555 555 555 555 555 555 556 556 556 556 556 556 557 557 557 557 557 557 557 558 558 558 558 558 558 558 559 559 489 489 489 489 489 490 490
505 504 505 505 504 504 505 504 581 581 582 582 582 582 583 583 583 583 583 528 528 528 528 529 529 529 529 529 530 530 530 530 530 550 550 550 550 550 551 551 551 551 551 552 552 552 552 552 553 553 553 553 553 553 554 554 554 554 554 554 555 555 555 555 555 555 556 556 556 556 556 556 557 557 557 557 557 557 558 558 558 558 558 558 558 559 559 559 489 489 489 489 490 490
505 505 505 505 505 504 505 505 504 581 582 582 582 582 582 583 583 583 583 584 528 528 528 528 529 529 529 529 530 530 530 530 530 550 550 550 550 550 551 551 551 551 551 552 552 552 552 552 552 553 553 553 553 553 554 554 554 554 554 554 555 555 555 555 555 555 556 556 556 556 556 556 557 557 557 557 557 557 557 558 558 558 558 558 558 558 559 559 489 489 489 489 489 490
505 505 506 505 505 505 505 505 505 581 581 582 582 582 582 583 583 583 583 583 528 528 528 528 529 529 529 529 529 530 530 530 530 549 550 550 550 550 550 551 551 551 551 551 552 552 552 552 552 553 553 553 553 553 553 554 554 554 554 554 555 555 555 555 555 555 556 556 556 556 556 556 556 557 557 557 557 557 557 558 558 558 558 558 558 558 559 559 559 489 489 489 489 490
506 505 505 506 505 505 505 505 505 581 581 582 582 582 582 583 583 583 583 583 528 528 528 528 529 529 529 529 529 530 530 530 530 549 550 550 550 550 550 551 551 551 551 551 552 552 552 552 552 552 553 553 553 553 553 554 554 554 554 554 554 555 555 555 555 555 555 556 556 556 556 556 556 557 557 557 557 557 557 557 558 558 558 558 558 558 558 559 559 559 489 489 489 489
506 506 505 506 505 505 505 505 505 582 581 582 582 582 582 582 583 583 583 583 584 528 528 528 528 529 529 529 529 529 530 530 549 549 550 550 550 550 550 551 551 551 551 551 551 552 552 552 552 552 553 553 553 553 553 553 554 554 554 554 554 555 555 555 555 555 555 556 556 556 556 556 556 556 557 557 557 557 557 557 558 558 558 558 558 558 558 559 559 559 559 489 489 489
506 506 505 506 506 505 505 506 505 505 581 581 582 582 582 582 583 583 583 583 583 528 528 528 528 529 529 529 529 529 530 530 549 549 549 550 550 550 550 550 551 551 551 551 551 552 552 552 552 552 553 553 553 553 553 553 554 554 554 554 554 554 555 555 555 555 555 555 556 556 556 556 556 556 557 557 557 557 557 557 557 558 558 558 558 558 558 558 559 559 559 559 489 489
506 506 506 505 506 506 505 505 505 505 582 581 582 582 582 582 583 583 583 583 583 528 528 528 528 528 529 529 529 529 530 530 549 549 549 550 550 550 550 550 551 551 551 551 551 552 552 552 552 552 552 553 553 553 553 553 554 554 554 554 554 554 555 555 555 555 555 555 556 556 556 556 556 556 556 557 557 557 557 557 557 558 558 558 558 558 558 558 559 559 559 559 489 489
507 506 506 506 506 506 505 505 506 505 582 581 582 582 582 582 582 583 583 583 583 584 528 528 528 528 529 529 529 529 529 530 549 549 549 549 550 550 550 550 550 551 551 551 551 551 552 552 552 552 552 553 553 553 553 553 553 554 554 554 554 554 554 555 555 555 555 555 555 556 556 556 556 556 556 557 557 557 557 557 557 557 558 558 558 558 558 558 558 559 559 559 559 489
507 507 506 506 506 506 506 505 506 505 582 582 581 582 582 582 582 583 583 583 583 583 528 528 528 528 529 529 529 529 529 530 549 549 549 549 550 550 550 550 550 551 551 551 551 551 552 552 552 552 552 552 553 553 553 553 553 554 554 554 554 554 554 555 555 555 555 555 555 556 556 556 556 556 556 556 557 557 557 557 557 557 558 558 558 558 558 558 558 559 559 559 559 559
506 507 506 506 506 506 506 505 505 506 505 582 581 582 582 582 582 583 583 583 583 583 528 528 528 528 528 529 529 529 529 549 549 549 549 549 550 550 550 550 550 551 551 551 551 551 551 552 552 552 552 552 553 553 553 553 553 553 554 554 554 554 554 554 555 555 555 555 555 555 556 556 556 556 556 556 557 557 557 557 557 557 557 558 558 558 558 558 558 558 559 559 559 559
506 507 507 506 506 506 506 505 505 506 505 582 581 582 582 582 582 582 583 583 583 583 584 528 528 528 528 529 529 529 529 548 549 549 549 549 549 550 550 550 550 550 551 551 551 551 551 552 552 552 552 552 553 553 553 553 553 553 554 554 554 554 554 554 555 555 555 555 555 555 556 556 556 556 556 556 556 557 557 557 557 557 557 558 558 558 558 558 558 558 559 559 559 559
506 507 507 506 506 506 506 506 505 505 505 582 581 581 582 582 582 582 583 583 583 583 583 528 528 528 528 529 529 529 529 548 549 549 549 549 549 550 550 550 550 550 551 551 551 551 551 552 552 552 552 552 552 553 553 553 553 553 553 554 554 554 554 554 555 555 555 555 555 555 555 556 556 556 556 556 556 557 557 557 557 557 557 557 558 558 558 558 558 558 558 559 559 559
