testData/tiles/oneDegree/grid45.0-12.0-46.0-13.0.asc
ncols   200
nrows   200
xllcorner   45.0
yllcorner   12.0
cellsize   0.005
NODATA_value   -9999.0
[rows 126 to 167 of 200, columns 94 to 187 of 200]
536 536 536 536 536 536 536 536 535 535 535 535 535 535 535 534 534 534 534 534 533 533 533 533 533 532 532 532 532 532 531 531 531 531 530 530 530 530 530 529 529 529 529 528 565 565 565 564 564 564 564 563 563 563 563 562 562 562 562 561 561 561 561 560 560 560 560 559 559 559 559 559 559 559 559 559 559 559 559 559 559 559 559 559 559 559 559 559 559 559 559 559 559 559
536 536 536 536 536 536 536 536 536 536 535 535 535 535 535 535 534 534 534 534 534 533 533 533 533 533 532 532 532 532 531 531 531 531 531 530 530 530 530 529 529 529 529 565 565 565 565 564 564 564 564 563 563 563 563 562 562 562 562 561 561 561 561 560 560 560 560 559 559 559 559 559 559 559 559 559 559 559 559 559 559 559 559 559 559 559 559 559 559 559 559 559 559 559
537 537 537 537 536 536 536 536 536 536 536 535 535 535 535 535 535 534 534 534 534 534 533 533 533 533 533 532 532 532 532 531 531 531 531 530 530 530 530 530 529 529 529 566 565 565 565 565 564 564 564 564 563 563 563 563 562 562 562 562 561 561 561 561 560 560 560 560 559 559 559 559 559 559 559 559 559 559 559 559 559 559 559 559 559 559 559 559 559 559 559 559 559 559
537 537 537 537 537 537 536 536 536 536 536 536 536 535 535 535 535 535 534 534 534 534 534 533 533 533 533 532 532 532 532 532 531 531 531 531 530 530 530 530 529 529 566 566 565 565 565 565 564 564 564 564 563 563 563 563 562 562 562 562 561 561 561 561 560 560 560 560 559 559 559 559 559 559 559 559 559 559 559 559 559 559 559 559 559 559 559 559 559 559 559 559 559 559
537 537 537 537 537 537 537 537 536 536 536 536 536 536 535 535 535 535 535 534 534 534 534 533 533 533 533 533 532 532 532 532 531 531 531 531 530 530 530 530 529 529 566 566 566 565 565 565 565 564 564 564 563 563 563 563 562 562 562 562 561 561 561 561 560 560 560 560 559 559 559 559 559 559 559 559 559 559 559 559 559 559 559 559 559 559 559 559 559 559 559 559 559 559
538 537 537 537 537 537 537 537 537 536 536 536 536 536 536 535 535 535 535 535 534 534 534 534 533 533 533 533 532 532 532 532 532 531 531 531 531 530 530 530 530 566 566 566 566 565 565 565 565 564 564 564 564 563 563 563 563 562 562 562 562 561 561 561 561 560 560 560 559 559 559 559 559 559 559 559 559 559 559 559 559 559 559 559 559 559 559 559 559 559 559 559 559 559
538 538 538 537 537 537 537 537 537 537 536 536 536 536 536 536 535 535 535 535 534 534 534 534 534 533 533 533 533 532 532 532 532 531 531 531 531 530 530 530 530 566 566 566 566 565 565 565 565 564 564 564 564 563 563 563 563 562 562 562 562 561 561 561 561 560 560 560 560 559 559 559 559 559 559 559 559 559 559 559 559 559 559 559 559 559 559 559 559 559 559 559 559 559
538 538 538 538 538 537 537 537 537 537 537 536 536 536 536 536 535 535 535 535 535 534 534 534 534 533 533 533 533 532 532 532 532 532 531 531 531 531 530 530 567 567 566 566 566 566 565 565 565 564 564 564 564 563 563 563 563 562 562 562 562 561 561 561 561 560 560 560 560 559 559 559 559 559 559 559 559 559 559 559 559 559 559 559 559 559 559 559 559 559 559 559 559 559
538 538 538 538 538 538 538 537 537 537 537 537 536 536 536 536 536 535 535 535 535 535 534 534 534 534 533 533 533 533 532 532 532 532 531 531 531 531 530 530 567 567 566 566 566 566 565 565 565 565 564 564 564 564 563 563 563 563 562 562 562 561 561 561 561 560 560 560 560 559 559 559 559 559 559 559 559 559 559 559 559 559 559 559 559 559 559 559 559 559 559 559 559 559
539 538 538 538 538 538 538 538 537 537 537 537 537 536 536 536 536 536 535 535 535 535 534 534 534 534 533 533 533 533 532 532 532 532 531 531 531 531 530 567 567 567 566 566 566 566 565 565 565 565 564 564 564 564 563 563 563 563 562 562 562 562 561 561 561 560 560 560 560 559 559 559 559 559 559 559 559 559 559 559 559 559 559 559 559 559 559 559 559 559 559 559 559 559
539 539 539 538 538 538 538 538 538 537 537 537 537 537 536 536 536 536 535 535 535 535 535 534 534 534 534 533 533 533 533 532 532 532 532 531 531 531 531 567 567 567 567 566 566 566 565 565 565 565 564 564 564 564 563 563 563 563 562 562 562 562 561 561 561 561 560 560 560 559 559 559 559 559 559 559 559 559 559 559 559 559 559 559 559 559 559 559 559 559 559 559 559 559
539 539 539 539 539 538 538 538 538 538 537 537 537 537 537 536 536 536 536 535 535 535 535 534 534 534 534 533 533 533 533 532 532 532 532 531 531 531 531 567 567 567 567 566 566 566 566 565 565 565 565 564 564 564 563 563 563 563 562 562 562 562 561 561 561 561 560 560 560 560 559 559 559 559 559 559 559 559 559 559 559 559 559 559 559 559 559 559 559 559 559 559 559 559
539 539 539 539 539 539 538 538 538 538 538 537 537 537 537 536 536 536 536 535 535 535 535 534 534 534 534 533 533 533 533 532 532 532 532 531 531 531 568 567 567 567 567 566 566 566 566 565 565 565 565 564 564 564 564 563 563 563 562 562 562 562 561 561 561 561 560 560 560 560 559 559 559 559 559 559 559 559 559 559 559 559 559 559 559 559 559 559 559 559 559 559 559 559
540 539 539 539 539 539 539 538 538 538 538 537 537 537 537 537 536 536 536 536 535 535 535 535 534 534 534 534 533 533 533 533 532 532 532 532 531 531 568 567 567 567 567 566 566 566 566 565 565 565 565 564 564 564 564 563 563 563 563 562 562 562 561 561 561 561 560 560 560 560 559 559 559 559 559 559 559 559 559 559 559 559 559 559 559 559 559 559 559 559 559 559 559 559
540 540 539 539 539 539 539 539 538 538 538 538 537 537 537 537 536 536 536 536 535 535 535 535 534 534 534 534 533 533 533 533 532 532 532 532 531 568 568 568 567 567 567 566 566 566 566 565 565 565 565 564 564 564 564 563 563 563 563 562 562 562 561 561 561 561 560 560 560 560 559 559 559 559 559 559 559 559 559 559 559 559 559 559 559 559 559 559 559 559 559 559 559 559
540 540 540 539 539 539 539 539 538 538 538 538 537 537 537 537 537 536 536 536 536 535 535 535 534 534 534 534 533 533 533 533 532 532 532 532 531 568 568 568 567 567 567 567 566 566 566 565 565 565 565 564 564 564 564 563 563 563 563 562 562 562 562 561 561 561 560 560 560 560 559 559 559 559 559 559 559 559 559 559 559 559 559 559 559 559 559 559 559 559 559 559 559 559
540 540 540 540 539 539 539 539 539 538 538 538 538 537 537 537 537 536 536 536 536 535 535 535 535 534 534 534 534 533 533 533 532 532 532 532 531 568 568 568 567 567 567 567 566 566 566 566 565 565 565 564 564 564 564 563 563 563 563 562 562 562 562 561 561 561 560 560 560 560 559 559 559 559 559 559 559 559 559 559 559 559 559 559 559 559 559 559 559 559 559 559 559 560
540 540 540 540 540 539 539 539 539 538 538 538 538 537 537 537 537 536 536 536 536 535 535 535 535 534 534 534 534 533 533 533 533 532 532 532 568 568 568 568 567 567 567 567 566 566 566 566 565 565 565 564 564 564 564 563 563 563 563 562 562 562 562 561 561 561 561 560 560 560 559 559 559 559 559 559 559 559 559 559 559 559 559 559 559 559 559 559 559 559 559 559 559 560
541 540 540 540 540 540 539 539 539 539 538 538 538 538 537 537 537 536 536 536 536 535 535 535 535 534 534 534 534 533 533 533 533 532 532 532 568 568 568 568 567 567 567 567 566 566 566 566 565 565 565 565 564 564 564 563 563 563 563 562 562 562 562 561 561 561 561 560 560 560 559 559 559 559 559 559 559 559 559 559 559 559 559 559 559 559 559 559 559 559 559 559 560 560
541 541 540 540 540 540 539 539 539 539 538 538 538 538 537 537 537 537 536 536 536 535 535 535 535 534 534 534 534 533 533 533 533 532 532 569 569 568 568 568 567 567 567 567 566 566 566 566 565 565 565 565 564 564 564 563 563 563 563 562 562 562 562 561 561 561 561 560 560 560 559 559 559 559 559 559 559 559 559 559 559 559 559 559 559 559 559 559 559 559 559 559 560 561
541 541 540 540 540 540 539 539 539 539 538 538 538 538 537 537 537 537 536 536 536 536 535 535 535 534 534 534 534 533 533 533 533 532 532 569 569 568 568 568 567 567 567 567 566 566 566 566 565 565 565 565 564 564 564 563 563 563 563 562 562 562 562 561 561 561 561 560 560 560 560 559 559 559 559 559 559 559 559 559 559 559 559 559 559 559 559 559 559 559 559 560 560 561
541 541 541 540 540 540 540 539 539 539 538 538 538 538 537 537 537 537 536 536 536 536 535 535 535 534 534 534 534 533 533 533 533 532 532 569 569 568 568 568 568 567 567 567 566 566 566 566 565 565 565 565 564 564 564 564 563 563 563 562 562 562 562 561 561 561 561 560 560 560 560 559 559 559 559 559 559 559 559 559 559 559 559 559 559 559 559 559 559 559 559 560 561 561
541 541 541 540 540 540 540 539 539 539 538 538 538 538 537 537 537 537 536 536 536 536 535 535 535 535 534 534 534 533 533 533 533 532 569 569 569 568 568 568 568 567 567 567 566 566 566 566 565 565 565 565 564 564 564 564 563 563 563 562 562 562 562 561 561 561 561 560 560 560 560 559 559 559 559 559 559 559 559 559 559 559 559 559 559 559 559 559 559 559 560 560 561 562
541 541 541 540 540 540 540 539 539 539 539 538 538 538 537 537 537 537 536 536 536 536 535 535 535 535 534 534 534 533 533 533 533 532 569 569 569 568 568 568 568 567 567 567 566 566 566 566 565 565 565 565 564 564 564 564 563 563 563 562 562 562 562 561 561 561 561 560 560 560 560 559 559 559 559 559 559 559 559 559 559 559 559 559 559 559 559 559 559 559 560 561 561 562
541 541 541 540 540 540 540 539 539 539 538 538 538 538 537 537 537 537 536 536 536 536 535 535 535 535 534 534 534 533 533 533 533 532 569 569 569 568 568 568 568 567 567 567 566 566 566 566 565 565 565 565 564 564 564 564 563 563 563 562 562 562 562 561 561 561 561 560 560 560 560 559 559 559 559 559 559 559 559 559 559 559 559 559 559 559 559 559 559 560 560 561 562 562
541 541 541 540 540 540 540 539 539 539 538 538 538 538 537 537 537 537 536 536 536 536 535 535 535 534 534 534 534 533 533 533 533 569 569 569 569 568 568 568 568 567 567 567 566 566 566 566 565 565 565 565 564 564 564 564 563 563 563 562 562 562 562 561 561 561 561 560 560 560 560 559 559 559 559 559 559 559 559 559 559 559 559 559 559 559 559 559 559 560 561 561 562 563
541 541 540 540 540 540 539 539 539 539 538 538 538 538 537 537 537 537 536 536 536 536 535 535 535 534 534 534 534 533 533 533 533 569 569 569 569 568 568 568 567 567 567 567 566 566 566 566 565 565 565 565 564 564 564 563 563 563 563 562 562 562 562 561 561 561 561 560 560 560 560 559 559 559 559 559 559 559 559 559 559 559 559 559 559 559 559 559 560 560 561 562 562 563
541 541 540 540 540 540 539 539 539 539 538 538 538 538 537 537 537 537 536 536 536 535 535 535 535 534 534 534 534 533 533 533 533 569 569 569 569 568 568 568 567 567 567 567 566 566 566 566 565 565 565 565 564 564 564 563 563 563 563 562 562 562 562 561 561 561 561 560 560 560 559 559 559 559 559 559 559 559 559 560 560 560 560 560 560 560 559 559 560 561 561 562 563 563
541 540 540 540 540 540 539 539 539 539 538 538 538 538 537 537 537 536 536 536 536 535 535 535 535 534 534 534 534 533 533 533 570 569 569 569 568 568 568 568 567 567 567 567 566 566 566 566 565 565 565 565 564 564 564 563 563 563 563 562 562 562 562 561 561 561 561 560 560 560 559 560 560 560 560 560 560 560 560 560 560 560 560 560 560 560 560 561 561 562 563 563 564 565
540 540 540 540 540 539 539 539 539 538 538 538 538 537 537 537 537 536 536 536 536 535 535 535 535 534 534 534 534 533 533 533 570 569 569 569 568 568 568 568 567 567 567 567 566 566 566 566 565 565 565 564 564 564 564 563 563 563 563 562 562 562 562 561 561 561 561 561 561 561 560 560 560 560 560 560 560 560 560 560 560 560 560 560 560 560 560 561 562 562 563 564 564 565
540 540 540 540 539 539 539 539 539 538 538 538 538 537 537 537 537 536 536 536 536 535 535 535 535 534 534 534 534 533 533 533 569 569 569 569 568 568 568 568 567 567 567 567 566 566 566 566 565 565 565 564 564 564 564 563 563 563 563 562 562 562 562 561 562 562 561 561 561 561 560 560 560 560 560 560 560 560 560 561 561 561 561 561 561 561 560 561 562 563 563 564 565 565
540 540 540 539 539 539 539 539 538 538 538 538 537 537 537 537 537 536 536 536 536 535 535 535 534 534 534 534 533 533 533 570 569 569 569 569 568 568 568 568 567 567 567 567 566 566 566 565 565 565 565 564 564 564 564 563 563 563 563 562 562 563 563 562 562 562 561 561 561 561 560 561 561 561 561 561 561 561 561 561 561 561 561 561 561 561 562 562 563 564 564 565 566 567
540 540 539 539 539 539 539 539 538 538 538 538 537 537 537 537 536 536 536 536 535 535 535 535 534 534 534 534 533 533 533 570 569 569 569 569 568 568 568 568 567 567 567 566 566 566 566 565 565 565 565 564 564 564 564 563 563 563 563 563 563 563 562 562 562 562 561 562 562 562 561 561 561 561 561 561 561 561 561 561 561 561 561 561 561 561 562 563 563 564 565 565 566 567
540 539 539 539 539 539 539 538 538 538 538 537 537 537 537 537 536 536 536 536 535 535 535 535 534 534 534 534 533 533 533 570 569 569 569 569 568 568 568 567 567 567 567 566 566 566 566 565 565 565 565 564 564 564 564 563 563 564 564 563 563 563 562 562 563 563 562 562 562 562 561 561 561 561 561 561 561 561 561 562 562 562 562 562 562 563 562 563 564 564 565 566 566 444
539 539 539 539 539 539 538 538 538 538 538 537 537 537 537 536 536 536 536 535 535 535 535 534 534 534 534 533 533 533 533 569 569 569 569 568 568 568 568 567 567 567 567 566 566 566 566 565 565 565 565 564 564 564 564 564 564 564 563 563 563 563 563 563 563 563 562 562 562 562 561 561 562 562 562 562 562 562 562 562 562 562 562 562 562 563 564 564 565 566 566 567 445 444
539 539 539 539 539 538 538 538 538 538 537 537 537 537 537 536 536 536 536 535 535 535 535 534 534 534 534 533 533 533 570 569 569 569 569 568 568 568 568 567 567 567 567 566 566 566 566 565 565 565 565 564 564 565 564 564 564 564 563 564 564 564 563 563 563 563 562 562 563 563 562 562 562 562 562 562 562 562 562 562 562 562 562 562 563 563 564 565 565 566 444 444 445 446
539 539 539 538 538 538 538 538 538 537 537 537 537 537 536 536 536 536 535 535 535 535 535 534 534 534 534 533 533 533 570 569 569 569 569 568 568 568 568 567 567 567 567 566 566 566 565 565 565 565 564 564 565 565 564 564 564 565 564 564 564 564 563 563 563 564 563 563 563 562 562 562 562 562 562 562 562 562 562 563 563 563 563 563 564 564 564 565 566 443 444 445 445 446
539 538 538 538 538 538 538 538 537 537 537 537 537 536 536 536 536 536 535 535 535 535 534 534 534 534 533 533 533 533 569 569 569 569 568 568 568 568 567 567 567 567 566 566 566 566 565 565 565 565 565 565 565 565 564 564 565 565 564 564 564 564 564 564 564 563 563 563 563 562 562 562 563 563 563 563 563 563 563 563 563 563 563 563 564 565 565 443 444 444 445 446 447 446
538 538 538 538 538 538 538 537 537 537 537 537 536 536 536 536 536 535 535 535 535 535 534 534 534 534 533 533 533 533 569 569 569 569 568 568 568 568 567 567 567 567 566 566 566 566 565 565 565 566 565 565 565 565 565 565 565 565 564 564 565 564 564 564 564 563 563 563 564 563 563 563 563 563 563 563 563 563 563 563 563 563 563 564 564 565 443 443 444 445 445 446 447 447
538 538 538 538 538 537 537 537 537 537 537 536 536 536 536 536 535 535 535 535 535 534 534 534 534 533 533 533 533 569 569 569 569 569 568 568 568 568 567 567 567 567 566 566 566 566 565 566 566 565 565 565 566 565 565 565 565 564 565 565 565 564 564 564 564 564 564 564 564 563 563 563 563 563 563 563 563 563 563 564 564 564 564 565 566 443 443 444 444 445 446 446 447 448
538 538 538 537 537 537 537 537 537 537 536 536 536 536 536 536 535 535 535 535 534 534 534 534 534 533 533 533 533 569 569 569 569 568 568 568 568 567 567 567 567 566 566 566 566 565 566 566 566 565 565 566 566 565 565 565 566 565 565 565 565 564 564 565 565 564 564 564 564 563 563 563 563 564 564 564 564 564 564 564 564 564 564 442 443 443 444 445 446 446 447 448 447 448
538 537 537 537 537 537 537 537 537 536 536 536 536 536 536 535 535 535 535 535 534 534 534 534 533 533 533 533 532 569 569 569 569 568 568 568 568 567 567 567 567 566 566 566 566 566 566 566 566 565 566 566 566 565 565 566 566 565 565 565 565 565 565 565 565 564 564 564 563 564 564 564 564 564 564 564 564 564 564 564 564 564 442 442 443 444 444 445 446 446 447 448 449 449
