testData/tiles/oneDegree/grid4.0-29.0-5.0-30.0.asc
ncols   200
nrows   200
xllcorner   4.0
yllcorner   29.0
cellsize   0.005
NODATA_value   -9999.0
[rows 84 to 125 of 200, columns 0 to 93 of 200]
445 445 445 444 445 445 445 445 445 445 444 445 445 445 444 444 445 445 444 444 444 444 444 444 444 443 444 444 443 443 443 443 442 443 443 442 442 442 442 441 441 441 441 441 441 441 440 440 440 440 439 439 439 438 438 438 438 438 438 438 438 438 438 438 438 438 490 490 490 490 490 490 490 490 489 489 489 424 424 424 424 424 424 424 423 423 423 423 423 423 423 422 422 422
443 443 444 443 443 444 444 443 443 444 443 443 443 444 443 443 443 444 443 443 443 442 442 443 443 442 442 442 442 442 442 442 441 441 441 440 441 441 441 440 440 440 440 439 439 439 438 438 439 439 438 438 438 437 437 437 437 437 437 437 437 437 437 437 437 437 489 489 489 488 488 488 488 488 488 488 423 423 423 423 423 422 422 422 422 422 422 422 422 421 421 421 421 421
442 442 442 442 442 442 442 442 442 442 441 442 442 442 441 442 442 442 441 442 442 441 441 441 441 441 441 441 440 440 440 441 440 440 440 440 439 439 439 438 439 439 439 438 438 438 437 437 437 437 436 436 436 435 435 435 435 435 435 435 435 435 435 435 435 435 487 487 487 487 487 487 487 487 422 422 422 421 421 421 421 421 421 421 421 421 420 420 420 420 420 420 419 419
440 440 441 440 440 441 441 440 440 441 441 440 440 441 440 440 440 441 440 440 440 439 440 440 440 439 439 439 439 439 439 439 438 438 438 439 438 438 438 437 437 437 437 436 436 437 436 436 436 436 435 435 435 434 434 434 434 434 434 434 434 434 434 434 434 486 486 486 486 486 486 486 485 420 420 420 420 420 420 420 420 420 419 419 419 419 419 419 419 418 418 418 418 418
439 439 439 439 439 439 439 439 439 439 439 439 439 439 438 439 439 439 438 438 439 438 438 438 438 438 438 438 437 437 437 438 437 437 437 437 436 436 436 436 436 436 436 435 435 435 434 434 434 434 433 433 433 432 432 432 432 432 432 432 432 432 432 432 432 484 484 484 484 484 484 484 419 419 419 419 419 419 418 418 418 418 418 418 418 418 417 417 417 417 417 417 416 416
437 437 438 437 437 437 438 437 437 438 438 437 437 438 437 437 437 437 437 437 437 436 436 437 437 436 436 436 436 436 436 436 435 435 435 435 435 435 435 434 434 434 434 433 433 433 432 433 433 433 432 432 432 431 431 431 431 431 431 431 431 431 431 431 431 483 483 483 483 483 417 417 417 417 417 417 417 417 417 417 417 416 416 416 416 416 416 416 416 415 415 415 415 415
435 436 436 435 435 436 436 435 436 436 436 435 436 436 435 435 436 436 435 435 435 435 435 435 435 434 435 435 434 434 434 434 433 434 434 434 433 433 433 432 432 432 433 432 432 432 431 431 431 431 430 430 430 429 429 429 429 429 429 429 429 429 429 429 429 481 481 481 481 416 416 416 416 416 416 415 415 415 415 415 415 415 415 415 414 414 414 414 414 414 414 413 413 413
433 434 434 434 434 434 434 433 434 434 434 434 434 434 433 434 434 434 433 433 434 433 433 433 433 433 433 433 433 432 432 433 432 432 432 432 431 431 431 431 431 431 431 430 430 430 429 429 429 429 428 428 428 428 427 427 427 428 428 428 427 427 427 427 479 479 479 479 414 414 414 414 414 414 414 414 414 414 413 413 413 413 413 413 413 413 412 412 412 412 412 412 411 411
431 432 432 431 432 432 432 432 432 432 432 432 432 432 431 432 432 432 431 432 432 431 431 431 432 431 431 431 430 430 431 431 430 430 430 430 429 430 430 429 429 429 429 428 428 428 427 427 427 428 427 427 427 426 426 426 426 426 426 426 426 426 426 426 478 478 413 413 412 412 412 412 412 412 412 412 412 412 412 412 411 411 411 411 411 411 411 410 410 410 410 410 410 409
430 430 430 429 430 430 430 430 430 430 431 430 430 430 430 430 430 430 429 430 430 429 429 430 430 429 429 429 428 429 429 429 428 428 428 428 428 428 428 427 427 427 427 426 426 426 425 426 426 426 425 425 425 424 424 424 424 424 424 424 424 424 424 424 476 411 411 411 411 411 410 410 410 410 410 410 410 410 410 410 410 409 409 409 409 409 409 409 408 408 408 408 408 408
427 428 428 427 428 428 428 428 428 428 429 428 428 428 428 428 428 428 427 428 428 427 427 428 428 427 427 427 426 427 427 427 426 426 426 426 426 426 426 425 425 425 425 424 424 424 424 424 424 424 423 423 423 422 422 422 422 422 422 422 422 422 422 409 409 409 409 409 409 409 409 408 408 408 408 408 408 408 408 408 408 407 407 407 407 407 407 407 406 406 406 406 406 406
425 426 426 425 426 426 426 426 426 426 426 426 426 426 425 426 426 426 425 426 426 425 425 425 426 425 425 425 424 425 425 425 424 424 424 424 424 424 424 423 423 423 423 422 422 422 422 422 422 422 421 421 421 420 420 420 420 420 420 420 420 420 355 407 407 407 407 407 407 407 407 406 406 406 406 406 406 406 406 406 406 405 405 405 405 405 405 405 404 404 404 404 404 403
423 423 424 423 423 424 424 423 424 424 423 423 424 424 423 424 424 424 423 423 424 423 423 423 424 423 423 423 422 422 423 423 422 422 422 422 421 422 422 421 421 421 421 420 420 420 419 419 420 420 419 419 419 418 418 418 418 418 418 418 418 353 353 405 405 405 405 405 405 404 404 404 404 404 404 404 404 404 404 404 403 403 403 403 403 403 403 402 402 402 402 402 402 401
421 421 421 421 421 421 422 421 421 422 421 421 421 422 421 421 422 422 421 421 421 421 421 421 421 420 421 421 420 420 420 421 420 420 420 419 419 419 419 419 419 419 419 418 418 418 417 417 417 417 416 416 416 416 416 416 416 416 416 351 351 351 351 403 402 402 402 402 402 402 402 402 402 402 402 402 402 402 401 401 401 401 401 401 401 401 400 400 400 400 400 399 399 399
418 419 419 418 419 419 419 419 419 419 419 419 419 419 419 419 419 419 419 419 419 418 419 419 419 418 418 419 418 418 418 418 417 418 418 417 417 417 417 416 416 416 417 416 416 416 415 415 415 415 414 414 414 413 413 413 413 413 348 348 348 348 400 400 400 400 400 400 400 400 400 400 400 400 400 399 399 399 399 399 399 399 399 399 398 398 398 398 398 398 397 397 397 397
416 416 416 416 416 416 417 416 416 417 416 416 417 417 416 416 417 416 416 416 417 416 416 416 417 416 416 416 415 415 416 416 415 415 415 414 415 415 415 414 414 414 414 413 413 413 413 413 413 413 412 412 412 411 411 411 346 346 346 346 346 346 398 398 398 398 398 398 398 398 398 397 397 397 397 397 397 397 397 397 397 396 396 396 396 396 396 395 395 395 395 395 395 394
413 413 414 413 414 414 414 414 414 414 413 414 414 414 414 414 414 413 414 414 414 413 414 414 414 413 413 414 413 413 413 413 412 413 413 412 412 412 412 411 411 412 411 411 411 411 410 410 410 410 409 409 409 408 343 343 343 343 343 343 343 343 395 395 395 395 395 395 395 395 395 395 395 395 395 395 394 394 394 394 394 394 394 394 393 393 393 393 393 393 392 392 392 392
410 411 411 410 411 411 410 411 411 411 411 411 411 412 411 411 411 411 411 411 411 411 411 411 410 411 411 411 410 410 410 411 410 410 410 409 409 410 410 409 409 409 408 408 408 408 407 408 408 408 407 407 407 341 341 341 341 341 341 341 341 393 393 393 393 393 393 393 393 393 392 392 392 392 392 392 392 392 392 392 391 391 391 391 391 391 390 390 390 390 390 390 389 389
407 408 408 408 408 408 408 408 408 409 408 408 409 409 408 408 409 408 408 408 409 408 408 408 408 408 408 408 407 408 408 407 407 407 407 407 407 407 407 406 406 406 405 405 406 406 405 405 405 404 404 339 339 338 338 338 338 338 338 338 338 390 390 390 390 390 390 390 390 390 390 390 390 389 389 389 389 389 389 389 389 389 388 388 388 388 388 388 387 387 387 387 387 386
404 405 405 405 405 405 405 405 405 406 405 405 406 405 405 405 406 405 405 406 406 405 405 405 405 405 405 405 405 405 405 404 404 404 405 404 404 404 404 403 403 403 403 403 403 403 402 402 402 401 336 336 336 335 335 335 335 335 335 335 335 387 387 387 387 387 387 387 387 387 387 387 387 387 387 386 386 386 386 386 386 386 386 385 385 385 385 385 385 384 384 384 384 383
401 402 401 401 402 402 401 402 402 402 402 402 402 402 402 402 403 402 402 402 402 402 402 402 402 402 402 402 402 402 402 401 401 401 402 401 401 401 400 400 400 401 400 400 400 400 399 399 334 333 333 333 333 332 332 332 332 332 332 332 332 384 384 384 384 384 384 384 384 384 384 384 384 384 384 384 383 383 383 383 383 383 383 382 382 382 382 382 382 381 381 381 381 380
398 398 398 398 398 399 398 399 399 398 399 399 399 399 399 399 399 399 399 399 399 399 399 399 399 399 399 399 398 399 399 398 398 398 398 398 398 398 397 397 397 397 397 397 397 397 396 331 331 330 330 330 330 329 329 329 329 329 329 329 381 381 381 381 381 381 381 381 381 381 381 381 381 381 381 380 380 380 380 380 380 380 379 379 379 379 379 379 378 378 378 378 378 377
394 395 394 395 395 395 395 395 395 395 395 396 396 395 395 396 396 395 396 396 395 395 396 396 395 395 396 395 395 395 396 395 395 395 395 394 395 395 394 394 394 394 393 393 394 328 328 328 328 327 327 327 327 326 326 326 326 326 326 326 378 378 378 378 378 378 378 378 378 378 378 378 378 377 377 377 377 377 377 377 377 376 376 376 376 376 376 375 375 375 375 374 374 374
391 391 390 391 391 391 391 391 392 391 392 392 392 392 392 392 392 392 392 392 392 392 392 393 392 392 392 391 392 392 392 391 391 392 391 391 391 391 390 391 391 391 390 325 325 324 324 324 324 324 324 324 323 323 323 323 323 323 323 323 375 375 375 375 375 375 375 375 374 374 374 374 374 374 374 374 374 374 373 373 373 373 373 373 372 372 372 372 372 371 371 371 371 371
387 387 387 387 387 387 387 388 388 387 388 388 389 388 388 389 388 388 388 389 388 388 389 388 388 388 389 388 388 388 388 388 388 388 387 387 388 388 387 387 387 322 321 321 322 321 321 321 321 320 320 320 319 319 319 319 319 319 319 319 371 371 371 371 371 371 371 371 371 371 371 371 371 370 370 370 370 370 370 370 370 369 369 369 369 369 368 368 368 368 368 367 367 367
383 382 383 383 383 383 383 384 384 383 384 384 384 384 384 385 384 384 385 385 384 384 385 384 384 385 385 384 384 384 384 384 384 384 383 384 384 384 383 383 318 318 318 318 318 317 317 317 317 316 316 316 315 316 316 316 316 316 316 368 368 368 368 368 367 367 367 367 367 367 367 367 367 367 367 367 366 366 366 366 366 366 365 365 365 365 365 364 364 364 364 364 363 363
378 378 378 379 379 379 379 379 379 379 380 380 379 380 380 380 380 380 380 380 380 380 381 380 380 381 381 380 380 380 380 380 380 380 380 380 380 380 314 314 314 314 314 314 314 313 313 313 312 312 312 313 312 312 312 312 312 312 312 364 364 364 364 364 364 364 363 363 363 363 363 363 363 363 363 363 362 362 362 362 362 362 362 361 361 361 361 360 360 360 360 360 359 359
374 373 374 374 374 374 374 375 374 375 375 376 375 375 376 376 375 376 376 375 376 376 376 376 376 376 376 376 376 376 375 376 376 376 375 376 311 310 310 310 310 309 310 310 310 309 309 309 308 308 308 308 307 307 308 308 308 308 308 360 360 360 360 359 359 359 359 359 359 359 359 359 359 359 359 358 358 358 358 358 358 358 357 357 357 357 356 356 356 356 356 355 355 355
369 368 369 369 369 369 370 370 370 370 370 371 370 371 371 370 371 371 372 371 371 372 372 371 371 372 371 371 372 372 371 371 371 372 306 306 306 305 306 306 306 305 305 305 304 305 305 305 304 304 304 304 303 303 303 303 303 303 303 355 355 355 355 355 355 355 355 355 355 355 355 355 354 354 354 354 354 354 354 353 353 353 353 353 352 352 352 352 352 351 351 351 350 350
362 363 363 364 363 364 364 365 364 365 365 365 365 366 366 365 366 366 367 366 366 367 366 366 367 367 366 366 367 367 366 366 367 301 301 301 302 301 301 301 301 300 301 301 300 300 300 300 299 299 299 299 298 299 299 299 299 299 299 351 351 351 351 351 350 350 350 350 350 350 350 350 350 350 350 349 349 349 349 349 349 348 348 348 348 347 347 347 347 346 346 346 346 345
356 357 358 358 358 358 359 358 359 359 360 359 360 360 361 360 360 361 360 361 361 361 361 361 361 362 361 361 362 361 361 296 297 296 296 296 297 296 296 296 295 295 296 296 295 295 295 295 294 294 294 293 294 294 294 294 294 294 346 346 346 346 346 346 346 345 345 345 345 345 345 345 345 345 345 344 344 344 344 344 344 343 343 343 343 342 342 342 342 341 341 341 340 340
350 351 351 351 351 352 353 352 353 353 354 353 354 354 354 354 355 355 355 355 355 356 355 355 356 356 355 356 356 290 291 291 291 290 291 291 291 290 291 291 290 290 290 290 289 290 290 290 289 289 289 288 288 288 288 288 288 288 340 340 340 340 340 340 340 340 340 340 340 340 340 340 339 339 339 339 339 339 339 338 338 338 338 337 337 337 337 336 336 336 335 335 335 334
343 344 344 344 345 345 346 345 346 347 346 347 347 348 347 348 348 349 348 349 349 350 349 349 350 349 349 285 285 284 285 285 285 285 285 285 284 284 285 285 284 284 284 285 284 284 284 283 283 283 283 282 283 283 283 283 283 283 335 335 335 335 335 335 335 334 334 334 334 334 334 334 334 334 333 333 333 333 333 332 332 332 332 332 331 331 331 330 330 330 329 329 329 328
335 336 336 336 337 338 337 338 339 339 339 340 340 341 340 341 341 342 341 342 342 342 342 343 343 277 278 278 278 278 278 278 278 278 278 279 278 278 278 279 278 278 278 277 277 278 278 277 277 277 277 276 276 276 276 276 276 277 329 329 328 328 328 328 328 328 328 328 328 328 328 328 327 327 327 327 327 327 326 326 326 326 325 325 325 324 324 324 323 323 323 322 322 322
325 326 326 327 328 329 329 329 330 331 331 331 332 333 332 333 333 333 334 334 335 334 335 270 271 270 270 271 270 271 271 271 271 271 271 271 271 271 271 272 271 271 271 270 271 271 271 270 270 270 270 269 269 270 270 270 270 322 322 322 322 322 322 322 321 321 321 321 321 321 321 321 321 320 320 320 320 320 319 319 319 318 318 318 318 317 317 317 316 316 315 315 315 314
316 316 315 316 317 318 318 319 320 321 321 321 322 322 323 324 324 324 325 325 326 260 261 261 262 261 262 262 262 262 263 263 262 263 263 263 263 263 263 263 263 263 263 263 263 263 263 262 262 262 262 262 262 262 262 262 262 314 314 314 314 314 314 314 314 314 314 313 313 313 313 313 313 313 312 312 312 312 311 311 311 310 310 310 309 309 309 308 308 307 307 306 306 305
316 316 315 315 315 314 314 314 314 313 313 313 313 312 312 312 313 313 314 249 249 250 250 251 251 251 252 252 252 252 253 253 253 253 254 253 253 254 254 253 254 254 254 253 254 254 253 253 253 254 253 253 253 253 253 253 253 305 305 305 305 305 305 305 305 305 305 305 304 304 304 304 304 303 303 303 303 302 302 302 301 301 301 300 300 299 299 298 298 297 297 296 296 295
274 273 273 273 273 272 272 314 314 313 313 313 313 312 312 312 311 246 246 246 245 245 245 245 244 244 244 244 243 243 243 242 242 242 242 241 242 242 243 242 243 243 242 242 243 243 242 242 243 243 242 242 242 242 242 243 243 295 295 295 295 295 294 294 294 294 294 294 294 293 293 293 293 292 292 292 292 291 291 290 290 289 289 289 289 289 289 289 289 289 289 289 289 289
274 273 273 273 273 272 272 272 271 271 271 271 270 270 270 205 204 204 204 204 203 203 245 245 244 244 244 243 243 243 243 242 242 242 242 241 241 241 241 240 240 240 239 239 239 239 238 238 238 238 237 237 237 237 237 237 237 289 289 289 289 289 289 289 289 289 289 289 289 289 289 289 289 289 289 289 289 289 289 289 289 289 289 289 289 289 289 289 289 289 289 289 289 289
273 273 273 273 272 272 272 272 271 271 271 271 270 205 205 205 204 204 204 203 203 203 203 202 202 202 202 201 201 201 201 200 200 200 199 199 199 199 198 198 198 198 197 197 197 197 196 196 196 195 195 195 195 195 195 195 247 247 247 247 247 247 247 247 247 247 247 247 247 247 247 247 247 247 247 247 247 247 247 247 247 247 247 247 247 247 247 247 247 247 247 247 247 247
273 273 273 273 272 272 272 272 271 271 206 205 205 205 205 204 204 204 204 203 203 203 203 202 202 202 202 201 201 201 200 200 200 200 199 199 199 199 198 198 198 198 197 197 197 196 196 196 196 195 195 195 195 195 195 195 247 247 247 247 247 247 247 247 247 247 247 247 247 247 247 247 247 247 247 247 247 247 247 247 247 247 247 247 247 247 247 247 247 247 247 247 247 247
273 273 273 272 272 272 272 271 206 206 206 205 205 205 205 204 204 204 204 203 203 203 203 202 202 202 201 201 201 201 200 200 200 200 199 199 199 199 198 198 198 197 197 197 197 196 196 196 196 195 195 195 195 195 195 195 247 247 247 247 247 247 247 247 247 247 247 247 247 247 247 247 247 247 247 247 247 247 247 247 247 247 247 247 247 247 247 247 247 247 247 247 247 247
