testData/tiles/oneDegree/grid41.0-5.0-42.0-6.0.asc
ncols   200
nrows   200
xllcorner   41.0
yllcorner   5.0
cellsize   0.005
NODATA_value   -9999.0
[rows 0 to 41 of 200, columns 94 to 187 of 200]
260 260 259 387 387 387 386 386 386 386 386 385 385 385 385 384 384 384 384 614 613 704 704 704 703 703 703 703 702 702 702 702 701 701 701 700 700 700 700 699 699 699 699 698 698 698 697 697 697 696 696 696 696 695 695 695 566 566 566 565 565 565 564 564 564 563 563 563 562 562 562 561 561 561 560 560 559 559 559 558 558 558 557 557 556 556 556 555 555 554 554 554 553 553
388 388 388 387 387 387 387 387 386 386 386 386 385 385 385 385 385 384 384 384 384 474 704 704 704 703 703 703 703 702 702 702 702 701 701 701 700 700 700 700 699 699 699 699 698 698 698 697 697 697 696 696 696 696 695 695 695 694 694 694 693 693 693 692 692 692 691 563 563 562 562 562 561 561 561 560 560 559 559 559 558 558 558 557 557 556 556 556 555 555 554 554 554 553
388 388 388 388 387 387 387 387 387 386 386 386 386 385 385 385 385 385 384 384 384 475 474 474 474 704 703 703 703 703 702 702 702 702 701 701 701 700 700 700 700 699 699 699 699 698 698 698 697 697 697 696 696 696 696 695 695 695 694 694 694 693 693 693 692 692 692 691 691 691 690 690 690 689 689 560 560 560 559 559 559 558 558 557 557 557 556 556 555 555 555 554 554 553
388 388 388 388 388 387 387 387 387 387 386 386 386 386 385 385 385 385 385 384 475 475 475 474 474 474 474 703 703 703 703 702 702 702 702 701 701 701 701 700 700 700 699 699 699 699 698 698 698 697 697 697 696 696 696 696 695 695 695 694 694 694 693 693 693 692 692 692 691 691 691 690 690 690 689 689 688 688 688 687 687 687 558 558 557 557 557 556 556 555 555 555 554 554
389 389 388 388 388 388 388 387 387 387 387 386 386 386 386 386 385 385 385 385 475 475 475 475 474 474 474 474 473 473 703 703 702 702 702 702 701 701 701 701 700 700 700 699 699 699 699 698 698 698 697 697 697 696 696 696 696 695 695 695 694 694 694 693 693 693 692 692 692 691 691 691 690 690 689 689 689 688 688 688 687 687 686 686 686 685 685 685 684 556 555 555 555 554
389 389 389 388 388 388 388 388 387 387 387 387 386 386 386 386 386 385 385 385 476 475 475 475 475 474 474 474 474 473 473 473 473 702 702 702 702 701 701 701 701 700 700 700 699 699 699 699 698 698 698 697 697 697 696 696 696 695 695 695 695 694 694 694 693 693 693 692 692 692 691 691 690 690 690 689 689 689 688 688 688 687 687 686 686 686 685 685 684 684 684 683 683 682
389 389 389 389 388 388 388 388 388 387 387 387 387 387 386 386 386 386 385 385 476 476 475 475 475 475 474 474 474 474 473 473 473 473 472 702 702 702 701 701 701 701 700 700 700 699 699 699 699 698 698 698 697 697 697 696 696 696 695 695 695 694 694 694 694 693 693 693 692 692 691 691 691 690 690 690 689 689 689 688 688 687 687 687 686 686 686 685 685 684 684 684 683 683
390 389 389 389 389 389 388 388 388 388 387 387 387 387 387 386 386 386 386 385 476 476 476 475 475 475 475 474 474 474 474 473 473 473 473 472 472 472 702 701 701 701 701 700 700 700 699 699 699 698 698 698 698 697 697 697 696 696 696 695 695 695 694 694 694 693 693 693 692 692 692 691 691 691 690 690 690 689 689 689 688 688 687 687 687 686 686 685 685 685 684 684 683 683
390 390 389 389 389 389 389 388 388 388 388 387 387 387 387 387 386 386 386 477 476 476 476 476 475 475 475 475 474 474 474 474 473 473 473 473 472 472 472 472 471 701 701 701 700 700 700 699 699 699 698 698 698 698 697 697 697 696 696 696 695 695 695 694 694 694 693 693 693 692 692 692 691 691 691 690 690 690 689 689 688 688 688 687 687 687 686 686 685 685 685 684 684 683
390 390 390 389 389 389 389 389 388 388 388 388 388 387 387 387 387 386 386 477 477 476 476 476 476 475 475 475 475 475 474 474 474 473 473 473 473 472 472 472 472 471 471 471 700 700 700 700 699 699 699 698 698 698 698 697 697 697 696 696 696 695 695 695 694 694 694 693 693 693 692 692 692 691 691 691 690 690 690 689 689 688 688 688 687 687 686 686 686 685 685 685 684 684
390 390 390 390 389 389 389 389 389 388 388 388 388 388 387 387 387 387 386 477 477 477 476 476 476 476 476 475 475 475 475 474 474 474 473 473 473 473 472 472 472 472 471 471 471 470 470 700 700 699 699 699 698 698 698 698 697 697 697 696 696 696 695 695 695 694 694 694 693 693 693 692 692 692 691 691 691 690 690 689 689 689 688 688 688 687 687 686 686 686 685 685 684 684
391 390 390 390 390 390 389 389 389 389 388 388 388 388 388 387 387 387 387 477 477 477 477 477 476 476 476 476 475 475 475 475 474 474 474 473 473 473 473 472 472 472 472 471 471 471 470 470 470 470 699 699 699 698 698 698 697 697 697 697 696 696 696 695 695 695 694 694 694 693 693 693 692 692 692 691 691 690 690 690 689 689 689 688 688 687 687 687 686 686 686 685 685 684
391 391 390 390 390 390 390 389 389 389 389 389 388 388 388 388 387 387 387 478 477 477 477 477 477 476 476 476 476 475 475 475 475 474 474 474 473 473 473 473 472 472 472 472 471 471 471 470 470 470 470 469 469 699 698 698 698 697 697 697 697 696 696 696 695 695 695 694 694 694 693 693 693 692 692 691 691 691 690 690 690 689 689 689 688 688 687 687 687 686 686 685 685 685
460 391 391 390 390 390 390 390 389 389 389 389 389 388 388 388 388 387 478 478 478 477 477 477 477 477 476 476 476 476 475 475 475 475 474 474 474 473 473 473 473 472 472 472 472 471 471 471 470 470 470 470 469 469 469 468 698 698 697 697 697 696 696 696 696 695 695 695 694 694 694 693 693 692 692 692 691 691 691 690 690 690 689 689 688 688 688 687 687 687 686 686 685 685
460 391 391 391 390 390 390 390 390 389 389 389 389 389 388 388 388 388 478 478 478 478 478 477 477 477 477 476 476 476 476 475 475 475 475 474 474 474 473 473 473 473 472 472 472 472 471 471 471 470 470 470 470 469 469 469 468 468 468 697 697 697 696 696 696 695 695 695 694 694 694 693 693 693 692 692 692 691 691 691 690 690 690 689 689 688 688 688 687 687 686 686 686 685
461 391 391 391 391 391 390 390 390 390 389 389 389 389 389 388 388 388 479 478 478 478 478 478 477 477 477 477 476 476 476 476 475 475 475 475 474 474 474 473 473 473 473 472 472 472 472 471 471 471 470 470 470 470 469 469 469 468 468 468 467 467 697 696 696 696 695 695 695 694 694 694 693 693 693 692 692 692 691 691 691 690 690 689 689 689 688 688 688 687 687 686 686 686
461 392 391 391 391 391 391 390 390 390 390 390 389 389 389 389 388 388 479 479 478 478 478 478 478 477 477 477 477 476 476 476 476 475 475 475 475 474 474 474 473 473 473 473 472 472 472 472 471 471 471 470 470 470 469 469 469 469 468 468 468 467 467 467 466 466 696 695 695 695 694 694 694 693 693 693 692 692 692 691 691 690 690 690 689 689 689 688 688 687 687 687 686 686
461 461 392 391 391 391 391 391 390 390 390 390 390 389 389 389 389 388 479 479 479 479 478 478 478 478 477 477 477 477 476 476 476 476 475 475 475 475 474 474 474 473 473 473 473 472 472 472 472 471 471 471 470 470 470 469 469 469 469 468 468 468 467 467 467 466 466 466 465 695 695 694 694 694 693 693 693 692 692 691 691 691 690 690 690 689 689 689 688 688 687 687 687 686
461 461 392 392 391 391 391 391 391 390 390 390 390 390 389 389 389 480 479 479 479 479 479 478 478 478 478 477 477 477 477 476 476 476 476 475 475 475 475 474 474 474 473 473 473 473 472 472 472 471 471 471 471 470 470 470 469 469 469 468 468 468 468 467 467 467 466 466 466 465 465 465 694 694 694 693 693 692 692 692 691 691 691 690 690 690 689 689 688 688 688 687 687 686
462 461 392 392 392 391 391 391 391 391 390 390 390 390 390 389 389 480 480 479 479 479 479 479 478 478 478 478 477 477 477 477 476 476 476 476 475 475 475 475 474 474 474 473 473 473 473 472 472 472 471 471 471 471 470 470 470 469 469 469 468 468 468 467 467 467 467 466 466 466 465 465 465 464 464 463 693 693 692 692 692 691 691 691 690 690 689 689 689 688 688 688 687 687
462 462 392 392 392 392 392 391 391 391 391 390 390 390 390 390 389 480 480 480 479 479 479 479 479 478 478 478 478 477 477 477 477 476 476 476 476 475 475 475 474 474 474 474 473 473 473 473 472 472 472 471 471 471 471 470 470 470 469 469 469 468 468 468 467 467 467 466 466 466 465 465 465 464 464 464 463 463 463 462 692 692 691 691 691 690 690 689 689 689 688 688 687 687
462 462 393 392 392 392 392 392 391 391 391 391 391 390 390 390 390 480 480 480 480 479 479 479 479 479 478 478 478 478 477 477 477 477 476 476 476 476 475 475 475 474 474 474 474 473 473 473 473 472 472 472 471 471 471 470 470 470 470 469 469 469 468 468 468 467 467 467 466 466 466 465 465 465 464 464 464 463 463 463 462 462 462 691 691 690 690 690 689 689 689 688 688 687
462 462 462 393 392 392 392 392 392 391 391 391 391 391 390 390 390 481 480 480 480 480 480 479 479 479 479 478 478 478 478 477 477 477 477 476 476 476 476 475 475 475 474 474 474 474 473 473 473 473 472 472 472 471 471 471 470 470 470 470 469 469 469 468 468 468 467 467 467 466 466 466 465 465 465 464 464 464 463 463 463 462 462 461 461 461 460 690 690 689 689 688 688 688
462 462 462 393 393 392 392 392 392 392 391 391 391 391 391 390 390 481 481 480 480 480 480 480 479 479 479 479 478 478 478 478 477 477 477 477 476 476 476 476 475 475 475 474 474 474 474 473 473 473 472 472 472 472 471 471 471 470 470 470 469 469 469 469 468 468 468 467 467 467 466 466 466 465 465 465 464 464 464 463 463 462 462 462 461 461 461 460 460 459 459 689 688 688
463 462 462 393 393 393 392 392 392 392 392 391 391 391 391 391 481 481 481 481 480 480 480 480 480 479 479 479 479 478 478 478 478 477 477 477 477 476 476 476 476 475 475 475 474 474 474 474 473 473 473 472 472 472 472 471 471 471 470 470 470 469 469 469 469 468 468 468 467 467 467 466 466 466 465 465 465 464 464 463 463 463 462 462 462 461 461 461 460 460 459 459 459 458
463 463 463 393 393 393 393 393 392 392 392 392 391 391 391 391 482 481 481 481 481 480 480 480 480 480 479 479 479 479 478 478 478 478 477 477 477 477 476 476 476 475 475 475 475 474 474 474 474 473 473 473 472 472 472 472 471 471 471 470 470 470 469 469 469 468 468 468 467 467 467 466 466 466 465 465 465 464 464 464 463 463 463 462 462 462 461 461 460 460 460 459 459 458
463 463 463 394 393 393 393 393 393 392 392 392 392 391 391 391 482 482 481 481 481 481 480 480 480 480 480 479 479 479 479 478 478 478 478 477 477 477 477 476 476 476 475 475 475 475 474 474 474 474 473 473 473 472 472 472 471 471 471 471 470 470 470 469 469 469 468 468 468 467 467 467 466 466 466 465 465 465 464 464 464 463 463 463 462 462 461 461 461 460 460 460 459 459
463 463 463 463 394 393 393 393 393 393 392 392 392 392 391 391 482 482 482 481 481 481 481 480 480 480 480 480 479 479 479 479 478 478 478 478 477 477 477 477 476 476 476 475 475 475 475 474 474 474 473 473 473 473 472 472 472 471 471 471 471 470 470 470 469 469 469 468 468 468 467 467 467 466 466 466 465 465 465 464 464 464 463 463 462 462 462 461 461 461 460 460 459 459
464 463 463 463 394 394 393 393 393 393 393 392 392 392 392 392 482 482 482 482 481 481 481 481 480 480 480 480 480 479 479 479 479 478 478 478 478 477 477 477 476 476 476 476 475 475 475 475 474 474 474 473 473 473 473 472 472 472 471 471 471 470 470 470 470 469 469 469 468 468 468 467 467 467 466 466 466 465 465 465 464 464 463 463 463 462 462 462 461 461 460 460 460 459
464 464 463 463 394 394 394 393 393 393 393 393 392 392 392 392 483 482 482 482 482 481 481 481 481 480 480 480 480 480 479 479 479 479 478 478 478 478 477 477 477 476 476 476 476 475 475 475 475 474 474 474 473 473 473 473 472 472 472 471 471 471 470 470 470 469 469 469 469 468 468 468 467 467 467 466 466 465 465 465 464 464 464 463 463 463 462 462 462 461 461 460 460 460
464 464 464 463 394 394 394 394 393 393 393 393 393 392 392 392 483 483 482 482 482 482 481 481 481 481 480 480 480 480 480 479 479 479 479 478 478 478 477 477 477 477 476 476 476 476 475 475 475 475 474 474 474 473 473 473 472 472 472 472 471 471 471 470 470 470 469 469 469 468 468 468 467 467 467 466 466 466 465 465 465 464 464 464 463 463 463 462 462 461 461 461 460 460
464 464 464 464 394 394 394 394 394 393 393 393 393 393 392 483 483 483 483 482 482 482 482 481 481 481 481 480 480 480 480 479 479 479 479 478 478 478 478 477 477 477 477 476 476 476 476 475 475 475 474 474 474 474 473 473 473 472 472 472 472 471 471 471 470 470 470 469 469 469 468 468 468 467 467 467 466 466 466 465 465 465 464 464 464 463 463 462 462 462 461 461 461 460
464 464 464 464 464 395 394 394 394 394 393 393 393 393 393 483 483 483 483 483 482 482 482 482 481 481 481 481 480 480 480 480 479 479 479 479 478 478 478 478 477 477 477 477 476 476 476 476 475 475 475 474 474 474 474 473 473 473 472 472 472 471 471 471 471 470 470 470 469 469 469 468 468 468 467 467 467 466 466 466 465 465 465 464 464 463 463 463 462 462 462 461 461 460
465 465 464 464 464 395 395 394 394 394 394 393 393 393 393 484 483 483 483 483 483 482 482 482 482 481 481 481 481 480 480 480 480 479 479 479 479 478 478 478 478 477 477 477 477 476 476 476 476 475 475 475 474 474 474 474 473 473 473 472 472 472 471 471 471 470 470 470 470 469 469 469 468 468 468 467 467 467 466 466 465 465 465 464 464 464 463 463 463 462 462 461 461 461
465 465 465 464 464 395 395 395 394 394 394 394 394 393 393 484 484 483 483 483 483 483 482 482 482 482 481 481 481 481 480 480 480 480 479 479 479 479 478 478 478 478 477 477 477 477 476 476 476 475 475 475 475 474 474 474 473 473 473 473 472 472 472 471 471 471 470 470 470 469 469 469 468 468 468 467 467 467 466 466 466 465 465 465 464 464 464 463 463 462 462 462 461 461
465 465 465 465 464 395 395 395 395 394 394 394 394 394 393 484 484 484 483 483 483 483 483 482 482 482 482 481 481 481 481 480 480 480 480 479 479 479 479 478 478 478 478 477 477 477 477 476 476 476 475 475 475 475 474 474 474 473 473 473 473 472 472 472 471 471 471 470 470 470 469 469 469 468 468 468 467 467 467 466 466 466 465 465 465 464 464 463 463 463 462 462 462 461
465 465 465 465 465 395 395 395 395 395 394 394 394 394 394 484 484 484 484 483 483 483 483 483 482 482 482 482 481 481 481 481 480 480 480 480 479 479 479 479 478 478 478 478 477 477 477 476 476 476 476 475 475 475 475 474 474 474 473 473 473 472 472 472 472 471 471 471 470 470 470 469 469 469 468 468 468 467 467 467 466 466 466 465 465 464 464 464 463 463 463 462 462 461
467 465 465 465 465 396 395 395 395 395 395 394 394 394 394 485 484 484 484 484 483 483 483 483 483 482 482 482 482 481 481 481 481 480 480 480 480 479 479 479 479 478 478 478 478 477 477 477 476 476 476 476 475 475 475 474 474 474 474 473 473 473 472 472 472 471 471 471 471 470 470 470 469 469 469 468 468 468 467 467 467 466 466 465 465 465 464 464 464 463 463 463 462 462
469 466 465 465 465 465 396 395 395 395 395 395 394 394 485 485 485 484 484 484 484 483 483 483 483 483 482 482 482 482 481 481 481 481 480 480 480 480 479 479 479 479 478 478 478 478 477 477 477 476 476 476 476 475 475 475 474 474 474 474 473 473 473 472 472 472 471 471 471 470 470 470 469 469 469 468 468 468 467 467 467 466 466 466 465 465 465 464 464 464 463 463 462 462
470 466 466 465 465 465 396 396 395 395 395 395 395 394 485 485 485 485 484 484 484 484 483 483 483 483 483 482 482 482 482 481 481 481 481 480 480 480 480 479 479 479 479 478 478 478 477 477 477 477 476 476 476 476 475 475 475 474 474 474 473 473 473 473 472 472 472 471 471 471 470 470 470 469 469 469 468 468 468 467 467 467 466 466 466 465 465 465 464 464 463 463 463 462
471 466 466 466 465 465 396 396 396 395 395 395 395 395 485 485 485 485 485 484 484 484 484 483 483 483 483 482 482 482 482 482 481 481 481 481 480 480 480 480 479 479 479 478 478 478 478 477 477 477 477 476 476 476 475 475 475 475 474 474 474 473 473 473 472 472 472 472 471 471 471 470 470 470 469 469 469 468 468 468 467 467 467 466 466 465 465 465 464 464 464 463 463 463
472 466 466 466 466 465 396 396 396 396 395 395 395 395 486 485 485 485 485 485 484 484 484 484 483 483 483 483 482 482 482 482 482 481 481 481 481 480 480 480 480 479 479 479 478 478 478 478 477 477 477 477 476 476 476 475 475 475 475 474 474 474 473 473 473 472 472 472 471 471 471 471 470 470 470 469 469 469 468 468 468 467 467 466 466 466 465 465 465 464 464 464 463 463
