testData/tiles/oneDegree/grid18.0-28.0-19.0-29.0.asc
ncols   200
nrows   200
xllcorner   18.0
yllcorner   28.0
cellsize   0.005
NODATA_value   -9999.0
[rows 84 to 125 of 200, columns 0 to 93 of 200]
554 576 576 577 578 579 579 581 582 582 582 584 584 584 585 586 585 585 586 587 587 587 587 588 588 588 589 590 589 589 589 590 591 592 593 592 593 595 596 596 596 597 597 598 598 598 599 600 599 601 601 601 601 602 602 601 602 603 602 603 603 602 603 603 602 602 603 603 602 603 601 602 601 600 600 600 598 599 598 598 597 597 595 594 594 591 591 589 586 586 586 577 577 577
554 575 575 577 577 578 578 579 580 580 581 582 582 582 584 584 584 584 585 586 586 586 587 587 587 588 589 589 588 588 588 590 591 591 591 592 593 594 595 595 595 597 597 598 597 597 598 600 599 600 600 600 600 601 601 601 602 602 601 602 602 601 602 603 602 602 602 601 601 602 601 601 600 601 599 600 599 599 598 598 596 595 595 593 593 591 589 588 586 585 585 576 576 576
573 574 574 576 576 577 578 578 579 580 581 581 581 582 583 583 583 584 585 585 585 586 586 586 586 588 588 587 587 587 588 589 590 590 591 592 592 593 594 593 595 596 597 597 596 597 598 598 599 599 600 599 599 601 601 600 601 601 601 601 601 602 601 602 602 601 601 601 600 600 600 601 600 601 599 599 599 598 597 596 595 594 594 592 592 591 589 587 585 585 585 576 576 576
573 573 575 575 575 577 577 578 578 579 580 580 581 581 582 582 583 583 584 584 585 585 585 585 587 587 586 586 587 587 587 588 589 589 590 591 591 592 594 594 594 595 596 595 597 597 597 597 598 598 599 599 599 600 600 600 600 600 602 601 601 602 600 601 601 600 601 600 601 600 600 599 599 599 599 597 598 597 596 595 595 593 594 593 591 591 589 587 585 584 584 575 575 575
572 572 574 574 574 576 576 577 578 578 579 579 580 580 581 582 582 582 583 584 584 584 584 585 586 585 585 586 586 586 586 587 589 589 589 590 591 592 592 593 593 594 595 595 596 596 596 596 597 599 598 598 599 598 599 599 599 600 601 599 600 601 599 600 599 601 601 600 601 599 600 599 598 598 598 596 597 597 596 595 595 593 593 592 590 590 588 587 585 583 584 574 574 574
571 572 573 573 575 575 575 576 577 577 578 579 579 580 580 581 581 581 583 583 583 583 584 585 584 584 584 585 585 585 586 587 587 588 588 589 591 591 591 592 592 594 594 595 595 596 595 595 597 598 597 597 598 597 599 600 598 599 600 599 599 600 599 600 600 600 599 599 600 598 599 598 597 597 598 598 597 596 596 594 594 594 592 591 590 589 587 586 584 582 582 573 573 573
569 571 572 572 574 574 574 576 576 576 578 578 578 579 580 580 580 581 582 582 582 582 582 583 583 583 584 584 584 584 586 585 586 587 587 589 590 590 590 591 593 593 593 594 594 595 595 595 596 596 596 597 597 598 598 599 598 598 599 598 598 599 599 599 599 599 598 598 598 598 598 598 599 597 597 597 596 595 595 593 593 593 591 591 589 587 587 586 585 582 582 574 573 573
568 569 571 571 573 573 573 575 575 575 577 577 577 579 579 579 579 581 581 581 581 581 581 582 582 583 583 583 583 584 584 584 585 586 588 588 588 589 589 591 592 591 592 593 593 594 594 595 595 595 596 597 596 597 597 597 597 597 597 598 598 598 598 599 598 598 598 597 598 598 597 597 597 596 595 596 594 594 593 594 592 593 592 591 589 588 587 585 583 581 581 573 572 572
568 568 569 570 572 572 573 574 574 575 576 576 576 578 578 578 579 580 580 579 580 580 581 581 582 582 582 582 583 583 583 584 584 586 587 587 587 588 589 590 591 590 591 592 594 593 594 594 594 594 596 596 595 596 596 596 596 598 597 598 598 597 597 597 597 598 598 597 597 597 596 596 596 596 594 595 594 594 593 594 592 592 591 589 589 587 586 584 582 581 580 571 572 571
567 567 568 569 570 570 573 573 573 575 575 575 577 577 577 577 579 578 578 578 579 579 580 580 581 581 581 581 582 581 582 583 584 585 586 585 586 588 589 589 589 590 591 592 593 592 593 593 593 594 595 595 595 595 596 596 597 597 596 597 596 596 597 597 597 596 597 597 596 596 596 595 595 595 595 595 594 593 593 593 591 590 590 589 588 586 585 583 582 580 579 570 571 570
566 566 567 568 569 569 571 571 571 573 573 573 575 575 575 576 577 577 577 578 578 579 579 580 580 580 580 581 580 580 581 583 583 584 586 585 586 587 588 588 588 590 590 591 591 591 592 594 593 593 594 594 594 594 595 595 596 595 595 596 595 596 597 596 597 595 596 595 595 595 595 595 595 595 594 594 593 593 592 591 591 589 589 588 587 585 584 582 582 579 579 579 570 571
565 566 567 567 568 569 570 570 571 572 572 572 574 574 574 575 576 576 576 577 577 578 579 579 579 579 580 579 579 579 580 583 584 584 584 586 586 587 587 586 588 589 589 590 590 591 592 592 592 592 593 593 594 594 594 594 595 594 595 595 595 596 595 595 596 594 595 595 594 595 595 594 594 594 594 592 592 592 591 590 590 588 588 588 586 586 584 584 581 579 579 578 569 570
564 565 566 567 567 568 569 569 570 571 571 572 573 573 573 574 575 575 576 576 576 577 578 578 578 578 578 578 578 579 581 582 583 582 583 585 585 586 587 585 587 588 589 588 589 591 591 591 591 591 591 593 593 593 593 594 594 593 595 594 594 595 594 594 594 594 594 595 595 594 594 594 593 592 593 591 591 591 590 590 590 589 588 587 586 585 583 582 580 578 578 577 568 568
563 564 565 566 566 567 568 568 569 570 570 571 572 572 573 573 574 574 575 575 575 577 577 577 577 577 577 577 577 579 580 581 581 581 583 584 584 585 585 587 586 587 588 587 589 590 590 590 590 590 591 592 593 591 592 593 592 593 594 593 593 594 593 593 593 595 594 594 594 593 593 593 592 591 592 590 591 591 591 589 589 588 586 586 585 584 582 581 579 577 576 577 567 567
562 563 564 565 565 566 567 567 569 569 569 570 571 571 572 573 573 573 574 574 575 576 576 575 575 576 576 576 576 579 579 580 580 581 582 583 584 583 585 586 585 586 586 587 588 589 588 589 590 591 590 591 592 591 591 592 592 592 593 592 593 592 593 592 593 594 592 593 592 592 592 592 591 590 592 591 590 590 590 588 587 587 585 585 584 582 582 580 579 576 575 576 566 566
560 562 563 564 564 566 566 566 568 568 568 570 570 570 571 572 572 573 573 573 574 575 574 574 574 575 575 575 576 578 578 578 579 580 581 582 583 583 584 585 585 584 585 586 587 588 588 588 590 589 589 590 591 590 590 592 591 592 591 592 592 591 593 593 592 593 591 592 591 591 590 591 591 591 590 590 589 589 588 587 586 586 584 584 583 582 581 579 578 576 575 575 566 566
559 560 561 563 563 565 565 565 567 567 567 569 569 569 570 571 571 572 572 572 572 573 573 573 574 574 574 575 576 577 576 577 579 580 580 581 581 582 583 584 584 584 585 586 586 586 587 588 589 588 588 589 589 589 590 590 591 591 590 591 591 591 592 591 591 592 590 591 590 591 590 591 590 590 589 589 588 588 587 587 585 586 585 583 583 582 581 579 578 576 574 574 566 565
558 559 560 561 561 564 564 564 566 566 566 568 568 568 569 570 570 571 570 571 572 572 572 572 573 573 573 574 575 575 576 576 578 579 579 579 581 581 582 583 582 584 584 585 585 585 586 587 587 588 587 588 588 590 589 589 590 590 589 590 590 590 591 590 590 590 590 590 590 591 589 590 589 589 588 588 587 587 586 586 585 585 585 583 582 581 579 578 577 575 573 573 564 564
558 558 559 560 560 562 562 562 564 564 566 567 567 566 568 568 568 569 569 570 571 571 571 571 572 572 573 573 573 574 575 575 577 578 578 578 580 580 581 582 582 583 584 584 583 584 586 586 586 587 586 586 588 589 588 588 589 588 588 590 589 589 590 590 589 589 589 589 590 590 588 589 588 588 587 587 587 586 585 585 585 584 584 582 582 580 579 578 576 574 572 572 563 563
557 557 558 559 559 561 561 561 563 563 564 565 565 565 567 567 567 568 568 569 570 570 570 570 571 571 572 572 572 573 574 575 576 577 576 577 579 579 580 580 582 582 583 583 582 584 585 584 585 586 586 586 587 588 587 587 588 587 588 589 589 588 588 589 588 588 589 588 589 588 588 587 587 587 586 586 586 585 585 585 584 583 583 581 580 579 578 576 575 573 571 571 562 561
556 556 558 558 558 560 560 561 562 562 563 564 564 564 566 566 566 567 567 568 569 569 569 570 570 571 570 571 571 572 573 574 575 575 575 577 578 579 578 579 581 581 582 582 581 583 584 584 584 585 584 585 586 587 586 586 587 587 588 587 588 588 587 588 586 588 589 587 588 587 588 586 586 586 585 586 586 584 584 584 583 582 581 581 579 579 577 575 574 572 569 570 561 561
555 555 556 557 557 559 559 560 561 561 562 563 563 563 565 565 565 566 567 567 568 568 568 569 568 569 569 570 570 571 572 573 573 574 574 576 577 578 577 578 580 580 580 581 580 582 582 583 583 584 585 584 585 585 585 585 586 587 587 586 587 587 586 587 586 587 587 586 587 586 587 585 586 586 585 585 585 583 584 583 582 581 580 580 578 577 576 574 573 571 568 570 561 561
554 554 555 556 557 558 558 559 560 560 561 562 562 562 564 564 564 565 566 566 567 567 567 567 568 568 568 569 569 570 571 571 572 573 574 575 576 576 576 578 579 579 579 580 581 581 581 582 582 582 584 583 584 584 584 584 585 586 586 585 586 585 585 587 586 586 586 586 585 585 585 584 586 585 584 584 583 582 582 582 581 580 579 579 577 576 575 573 572 572 569 568 560 560
551 552 554 555 556 556 557 558 559 559 560 561 561 562 563 563 563 564 565 565 566 565 565 566 567 567 567 568 568 569 569 570 571 572 573 574 574 575 575 577 578 577 578 579 581 579 580 581 581 582 583 582 582 583 583 584 584 585 584 584 585 584 585 585 585 585 585 585 584 584 584 584 584 584 582 583 582 582 581 581 580 579 578 577 576 576 576 573 572 571 569 567 559 559
550 551 552 553 555 555 556 557 558 558 559 560 560 561 562 562 562 564 564 563 564 564 564 565 566 566 566 567 567 567 568 569 570 571 572 573 573 574 574 576 577 576 577 578 580 578 579 580 579 581 582 582 581 582 583 583 583 584 583 583 583 583 584 584 584 583 584 584 583 583 583 583 583 583 582 582 581 581 580 580 579 577 577 577 576 575 574 573 571 569 568 566 566 558
549 550 551 551 553 553 554 556 556 557 558 558 559 560 561 561 560 562 562 562 563 563 563 564 565 565 565 566 565 566 567 568 569 570 571 571 572 573 573 575 575 575 576 577 578 578 578 579 578 580 581 580 580 581 581 582 582 582 582 582 582 583 583 583 584 582 583 582 582 581 583 582 582 582 581 581 580 580 579 578 578 576 577 576 574 574 573 572 570 568 567 486 486 478
548 548 550 550 552 552 553 554 554 556 556 556 557 558 558 559 559 560 561 561 561 562 562 563 564 564 564 564 564 565 566 568 568 569 569 570 571 572 572 573 574 574 575 576 577 577 577 577 577 579 580 579 579 580 581 581 581 581 581 582 581 582 582 582 583 581 582 581 581 581 582 580 581 580 581 579 579 579 578 577 577 576 575 575 573 573 572 571 490 488 486 485 485 476
547 548 549 549 550 551 552 553 553 554 555 555 556 557 557 558 558 559 560 560 560 561 562 562 563 563 562 562 563 564 565 567 567 567 568 569 570 571 571 572 573 574 574 574 576 576 577 576 576 578 578 578 578 579 580 580 579 580 580 580 580 581 581 581 581 580 581 581 580 581 581 580 580 579 580 578 578 578 577 576 577 575 575 575 573 572 492 491 489 487 485 484 484 475
545 547 547 548 549 550 551 551 552 553 554 554 555 556 556 557 557 558 559 559 559 560 561 561 561 561 561 561 562 563 564 566 565 566 567 568 569 570 569 571 572 573 572 573 575 575 575 575 575 577 577 577 577 577 579 579 579 579 579 579 579 579 580 580 580 579 579 580 578 580 580 579 579 578 579 577 577 577 575 575 575 575 574 495 494 491 491 490 487 486 484 482 483 474
544 546 546 547 548 548 550 550 551 552 552 553 554 555 555 555 557 557 557 558 558 558 560 559 559 560 560 560 561 562 563 563 564 565 566 567 568 568 568 569 571 572 571 572 574 574 574 574 574 575 576 576 577 576 578 578 578 578 577 578 578 578 579 579 579 578 578 579 577 579 578 578 577 577 577 576 576 576 574 575 495 495 494 493 493 490 490 489 486 486 484 481 482 473
542 543 545 546 547 547 549 549 549 551 551 552 553 553 554 554 556 556 556 557 557 557 558 558 558 559 559 559 559 561 561 562 563 564 565 565 566 567 567 568 570 570 570 571 573 572 573 574 573 574 575 575 575 575 576 576 577 577 576 577 577 577 578 577 578 578 577 578 576 578 577 577 576 577 576 575 496 496 494 495 495 493 493 492 492 490 488 488 485 484 483 480 480 472
541 542 542 544 544 546 547 548 548 550 550 550 552 552 553 553 554 555 554 554 555 556 556 557 557 557 558 558 558 559 560 561 563 564 565 564 566 566 566 567 568 569 569 570 571 571 572 573 571 573 574 574 574 574 575 575 576 576 575 576 575 576 577 576 577 576 576 576 575 577 576 576 575 497 496 495 495 495 493 493 494 492 492 491 490 489 487 487 485 483 482 479 479 471
539 541 541 543 543 544 545 545 547 548 549 549 551 551 550 551 552 553 553 553 554 555 555 556 556 556 557 557 556 557 559 561 561 563 564 563 564 566 565 566 566 567 568 569 569 570 571 572 570 571 573 572 573 573 573 574 575 574 574 575 575 574 575 575 576 575 575 575 574 575 496 495 495 495 495 493 494 493 492 492 493 491 491 490 488 488 487 485 484 482 480 478 478 469
538 539 540 541 542 543 544 544 546 546 546 547 548 549 549 550 551 551 552 552 552 554 554 554 555 555 555 555 555 556 559 559 560 561 562 562 563 565 565 564 565 566 567 567 568 568 570 570 569 570 572 571 572 573 572 572 574 573 573 573 574 573 574 575 574 574 495 495 494 494 495 494 494 494 493 492 493 492 491 491 492 490 489 489 487 487 486 484 483 481 479 477 477 468
536 538 538 540 540 542 542 543 544 545 545 547 547 547 548 549 550 550 550 551 552 552 553 553 554 553 553 553 554 556 557 558 559 559 561 561 562 563 563 564 564 564 566 566 567 567 569 569 569 569 569 570 571 571 571 571 572 573 572 572 573 572 493 495 493 494 493 494 493 493 494 493 493 493 492 492 492 491 489 490 489 489 488 488 486 485 485 483 481 480 478 475 476 467
535 536 537 538 539 540 541 541 543 543 544 545 546 546 546 548 548 549 549 549 551 551 552 552 551 552 552 552 554 555 556 557 557 558 559 560 561 561 561 563 564 563 564 565 566 566 566 568 568 568 568 568 570 570 569 570 570 493 492 492 493 491 492 494 492 493 492 493 491 492 492 492 491 492 490 491 490 490 489 489 488 487 487 486 485 484 484 482 480 479 477 474 475 466
533 535 535 537 537 539 539 540 541 542 542 544 544 545 545 547 547 547 548 548 550 550 549 550 550 550 551 551 552 554 555 554 556 557 558 558 560 560 560 562 563 561 562 564 564 564 565 566 567 566 567 567 568 490 489 489 490 491 490 491 492 490 491 491 491 492 491 492 491 491 491 490 490 491 489 490 489 488 488 488 487 485 485 485 484 483 482 481 479 478 477 473 473 465
532 532 534 534 536 537 538 538 540 540 541 542 543 543 544 545 546 546 546 547 547 548 548 548 549 549 549 551 551 552 553 553 554 556 556 557 558 559 559 560 562 561 561 562 563 563 564 486 486 487 487 487 487 489 488 488 489 490 488 490 490 489 490 490 489 490 491 489 490 490 490 489 489 490 488 489 488 486 487 486 486 484 484 483 481 482 481 480 478 477 475 473 472 463
530 531 532 533 533 535 535 537 538 539 539 541 541 542 543 544 543 544 544 545 546 546 547 547 547 548 548 549 549 550 551 552 553 554 555 555 556 558 558 559 559 481 481 482 481 483 484 485 484 486 486 485 486 487 487 487 488 487 487 488 489 488 488 489 488 488 490 488 489 488 489 487 488 487 487 487 487 485 486 485 484 483 482 482 480 480 479 478 477 476 473 472 471 471
528 529 531 531 532 533 534 535 536 536 537 538 539 539 541 541 542 542 543 544 544 545 545 546 546 546 548 547 547 549 550 550 552 553 473 475 476 476 478 478 479 479 481 480 480 481 483 482 483 484 485 484 485 486 485 486 487 486 486 486 487 488 487 488 486 487 488 487 488 487 487 486 487 486 485 485 486 485 485 484 482 482 481 481 479 478 478 476 475 474 472 470 470 469
527 527 529 529 530 532 532 534 534 535 536 537 537 538 539 540 540 541 541 542 543 543 544 544 545 465 466 467 467 468 470 470 471 472 472 473 475 475 475 477 478 478 479 479 479 480 481 481 482 483 481 483 484 484 484 484 485 485 486 485 485 485 486 487 485 486 486 485 485 486 486 485 486 484 485 484 483 483 483 483 481 481 481 479 479 477 477 475 474 473 470 468 468 467
446 446 448 449 450 451 451 453 454 454 456 456 457 457 459 459 460 460 462 462 462 463 463 464 463 464 465 465 466 467 468 469 469 470 471 472 473 473 474 475 475 477 477 478 478 479 479 479 481 481 481 481 482 483 483 483 483 483 484 484 484 484 484 485 485 485 485 484 484 484 484 484 484 483 483 483 481 482 481 481 480 480 480 478 478 477 474 474 473 471 469 467 466 466
