testData/tiles/oneDegree/grid48.0-35.0-49.0-36.0.asc
ncols   200
nrows   200
xllcorner   48.0
yllcorner   35.0
cellsize   0.005
NODATA_value   -9999.0
[rows 84 to 125 of 200, columns 0 to 93 of 200]
667 664 660 657 602 600 596 591 587 585 585 584 583 583 582 582 582 581 580 580 474 473 473 472 472 471 471 470 469 469 468 467 466 465 466 465 464 463 462 461 239 238 237 236 236 235 234 233 232 231 230 229 228 227 227 226 225 224 223 221 220 219 218 216 216 215 213 212 210 209 207 205 204 202 200 199 197 195 192 190 187 184 180 175 169 160 161 161 161 161 21 21 21 21
668 664 661 607 604 599 596 592 587 586 585 584 584 583 582 583 582 582 581 580 475 474 473 472 472 472 471 471 470 469 468 468 467 466 465 465 465 464 463 462 239 238 237 237 236 236 235 234 233 232 231 230 229 228 227 227 226 224 223 222 221 220 218 217 216 215 214 213 211 210 208 206 205 203 201 199 198 196 194 191 188 185 182 178 173 168 160 161 161 161 161 161 21 21
668 665 661 608 604 600 596 592 588 586 585 585 584 584 583 582 583 582 581 581 580 474 474 473 472 472 472 471 470 470 469 468 467 467 466 465 465 464 463 463 240 239 238 237 236 236 235 234 234 233 232 231 230 228 227 226 226 225 224 223 222 220 219 218 217 215 215 214 212 211 209 207 206 204 202 200 198 197 195 193 190 187 184 181 176 170 160 160 161 161 161 161 161 21
669 665 612 608 604 601 596 594 589 587 586 585 585 584 583 583 582 582 582 581 580 475 474 473 473 472 471 472 471 470 469 469 468 467 466 465 466 465 464 463 240 239 239 238 237 236 236 235 234 233 232 231 230 229 228 227 226 226 225 224 222 221 220 219 217 216 215 214 213 211 210 208 207 205 203 201 200 198 196 194 192 189 186 183 179 174 168 160 160 161 161 161 161 161
669 617 613 609 605 601 598 593 590 587 586 586 585 585 584 583 583 582 582 582 581 475 475 474 473 473 472 472 471 471 470 469 468 468 467 466 465 465 465 464 241 240 239 238 237 237 236 236 235 234 233 232 231 230 229 228 227 226 225 224 223 222 221 220 218 217 216 214 214 212 211 209 208 206 204 203 201 199 197 195 193 191 188 185 181 177 171 160 160 160 161 161 161 161
621 617 613 610 606 602 598 594 589 587 587 586 586 585 584 584 583 582 583 582 581 476 475 474 474 473 472 472 472 471 470 470 469 468 467 467 466 465 465 464 463 241 240 239 238 237 236 235 235 234 233 232 231 230 229 228 227 226 226 225 224 223 222 220 219 218 216 215 214 213 212 210 209 207 205 204 202 200 198 196 195 192 189 187 183 180 175 168 160 160 160 161 161 161
621 617 614 610 607 602 599 594 589 587 587 587 586 585 585 584 584 583 582 583 582 476 476 475 474 474 473 472 471 472 471 470 469 469 468 467 466 466 465 465 464 241 240 239 239 238 237 236 235 235 234 233 232 231 230 229 228 227 226 226 225 223 222 221 220 219 217 216 215 213 213 211 210 208 206 205 203 201 199 197 195 194 191 188 185 182 178 172 160 160 160 160 161 161
787 618 614 611 607 604 599 595 591 587 588 587 586 586 585 585 584 583 583 582 582 477 476 475 475 474 473 473 472 471 471 471 470 469 468 468 467 466 465 464 465 242 241 240 239 238 237 237 236 235 235 234 233 232 231 230 229 228 227 225 225 224 223 222 221 219 218 217 215 214 213 212 211 209 207 206 204 202 200 198 196 194 193 190 187 184 180 176 169 160 160 160 160 161
788 784 782 778 608 604 599 596 591 588 587 588 587 586 586 585 584 584 583 583 582 477 477 476 475 474 474 473 472 472 471 471 470 470 469 468 467 467 466 465 464 242 241 241 240 239 238 237 236 235 234 234 233 232 231 230 229 228 227 226 225 225 224 223 221 220 219 218 216 215 213 212 212 210 208 207 205 203 201 199 197 195 193 191 189 186 182 178 173 168 160 160 160 160
788 786 783 780 775 771 601 596 592 588 588 587 587 587 586 586 585 584 584 583 582 477 477 476 476 475 474 474 473 472 471 471 471 470 469 469 468 467 466 465 465 242 242 241 240 239 239 238 237 236 235 234 234 233 232 231 230 229 228 227 226 225 224 223 222 221 220 218 217 216 214 213 211 211 209 208 206 204 203 201 199 197 194 192 190 188 184 181 176 170 160 160 160 160
789 786 783 780 776 772 768 764 592 589 588 587 587 587 587 586 585 585 584 583 583 477 476 477 476 475 475 474 473 473 472 471 471 471 470 469 468 468 467 466 465 242 242 242 241 240 239 238 237 236 236 235 234 234 233 232 231 230 229 227 226 225 224 224 223 222 220 219 218 216 215 214 212 211 210 209 207 205 204 202 200 198 196 193 191 189 186 183 179 174 168 160 160 160
790 787 783 779 777 772 769 764 761 756 588 588 587 587 587 586 586 585 585 584 583 478 477 477 477 476 475 475 474 473 472 472 471 471 470 470 469 468 467 467 466 243 242 242 241 241 240 239 238 237 236 235 234 233 233 232 231 230 229 228 227 226 225 224 224 222 221 220 219 217 216 215 213 212 210 210 208 206 205 203 201 199 197 195 192 190 188 185 181 177 171 160 160 160
791 787 783 780 776 774 769 766 761 756 756 755 588 587 587 587 586 586 585 584 584 478 477 477 477 476 476 475 474 474 473 472 471 471 471 470 469 469 468 467 466 465 243 242 242 241 240 239 238 238 237 236 235 234 233 233 232 231 230 229 228 227 226 224 223 223 222 221 219 218 217 215 214 213 211 210 209 207 206 204 202 200 198 196 194 191 189 186 183 179 175 168 160 160
791 787 784 780 777 773 770 766 761 757 756 756 755 755 587 587 587 586 585 585 584 478 478 477 477 477 476 475 475 474 473 473 472 471 470 471 470 469 468 468 467 466 243 242 242 242 241 240 239 238 237 236 235 234 233 233 233 232 230 229 228 227 226 225 224 223 223 221 220 219 217 216 215 213 212 210 209 208 207 205 203 201 199 197 195 193 190 187 184 182 178 172 160 160
791 788 784 781 777 774 770 766 762 757 757 756 756 755 754 754 587 586 586 585 585 479 478 478 477 476 477 476 475 475 474 473 472 472 471 470 470 470 469 468 467 467 244 243 242 241 241 240 240 239 238 237 236 235 234 233 232 232 231 230 229 228 227 226 225 223 222 222 221 220 218 217 216 214 213 211 210 208 207 206 204 202 200 198 196 194 191 189 186 183 180 175 168 160
792 788 786 782 778 774 770 767 762 758 757 757 756 755 755 754 754 754 586 586 585 479 479 478 477 477 476 476 476 475 474 474 473 472 471 471 470 470 469 469 468 467 244 243 243 242 241 241 240 239 238 237 237 236 235 234 233 232 232 231 230 229 228 226 225 224 223 222 221 220 219 218 216 215 214 212 211 209 207 206 205 203 201 199 197 195 193 190 188 185 181 178 173 168
792 790 786 782 779 774 771 766 763 758 758 757 756 756 755 755 754 753 754 753 585 480 479 479 478 477 477 476 476 475 475 474 473 473 472 471 470 470 470 469 468 468 245 244 243 242 241 241 241 240 239 238 237 236 235 234 233 232 231 231 230 229 228 227 226 225 224 222 221 220 220 218 217 216 214 213 211 210 208 207 205 204 202 201 199 196 194 192 189 186 183 179 176 169
792 790 786 783 779 775 771 767 763 760 758 757 757 756 756 755 754 754 753 754 753 647 480 479 478 478 477 476 476 476 475 475 474 473 472 472 471 470 469 470 469 468 245 244 244 243 242 241 240 240 239 239 238 237 236 235 234 233 232 231 231 230 229 228 227 225 224 223 222 221 220 219 218 217 215 214 212 211 209 208 206 204 204 202 200 198 195 193 191 188 185 181 177 172
794 790 787 783 780 776 772 767 763 759 758 758 757 757 756 755 755 754 754 754 753 648 647 646 479 478 477 477 476 476 476 475 474 474 473 472 471 471 470 469 469 469 246 245 244 243 242 242 241 240 240 239 238 237 236 235 234 234 233 232 231 230 229 228 227 226 225 224 223 221 220 219 219 217 216 215 213 212 210 209 207 205 204 203 201 199 197 194 192 189 187 183 180 175
793 791 787 784 780 777 772 768 764 759 759 758 758 757 756 756 755 755 754 753 754 648 647 647 646 646 478 477 477 476 476 475 475 474 473 473 472 471 470 470 469 469 468 245 245 244 243 242 241 240 240 240 239 238 237 236 235 234 233 232 231 230 230 229 228 227 226 225 223 222 221 220 218 218 217 215 214 213 211 209 208 206 205 203 202 200 198 196 193 191 188 185 182 178
794 790 788 784 781 777 772 769 764 760 758 759 758 757 757 756 756 755 754 754 753 649 648 647 647 646 645 645 477 476 476 476 475 474 474 473 472 472 471 470 469 469 469 246 245 244 243 243 242 241 240 239 239 238 238 237 236 235 234 233 232 231 230 230 229 227 226 225 224 223 222 220 219 218 218 216 215 213 212 210 209 207 205 204 202 201 199 197 195 192 190 187 184 180
794 791 788 784 781 777 773 769 765 760 759 758 758 758 757 757 756 755 755 754 754 648 648 648 647 646 646 645 644 477 476 475 476 475 474 474 473 472 471 471 470 469 468 246 246 245 244 243 242 241 241 240 239 239 238 237 236 235 234 233 232 231 230 229 229 228 227 226 225 224 222 221 220 219 217 217 216 214 213 211 210 208 206 205 203 201 199 198 196 194 191 188 185 182
794 791 787 785 781 778 774 770 765 761 759 758 758 758 758 757 756 756 755 755 754 648 648 648 647 647 646 646 645 644 643 476 475 475 475 474 473 473 472 471 470 469 469 246 246 245 245 244 243 242 241 240 239 239 239 238 237 236 235 234 233 232 231 230 229 229 228 226 225 224 223 222 221 219 218 217 216 215 214 212 211 209 207 206 204 202 200 198 197 195 192 190 187 184
795 791 788 784 782 778 775 770 765 761 759 759 758 758 758 757 757 756 756 755 754 649 648 648 648 647 647 646 645 645 644 643 643 475 475 474 474 473 472 471 471 470 469 246 247 246 245 244 243 243 242 241 240 239 238 238 237 236 235 234 233 232 231 230 229 228 228 227 226 225 224 222 221 220 219 217 216 216 214 213 211 210 208 207 205 203 201 199 197 196 194 191 189 186
795 792 789 786 781 779 775 770 766 761 760 759 759 758 757 758 757 757 756 755 755 649 649 648 647 648 647 646 646 645 644 644 643 642 475 475 474 473 473 472 471 470 470 247 246 246 245 245 244 243 242 241 240 240 239 238 238 237 236 235 234 233 232 231 230 229 228 228 227 226 224 223 222 221 219 218 217 215 215 214 212 211 209 207 206 204 202 200 198 196 406 404 401 398
796 792 789 786 782 778 775 771 766 763 760 760 759 758 758 757 758 757 756 756 755 650 649 648 648 647 647 647 646 645 645 644 643 643 642 641 475 474 473 472 472 471 470 247 247 246 246 245 244 244 243 242 241 240 239 238 237 237 237 236 235 234 233 232 231 230 228 227 227 226 225 224 223 221 220 219 218 216 215 213 213 211 210 208 207 205 414 412 410 408 406 405 402 400
796 793 790 786 783 778 775 771 768 763 761 760 759 759 758 758 758 757 757 756 756 650 649 649 648 648 647 647 647 646 645 645 644 643 642 642 641 641 474 473 472 471 471 248 247 246 245 246 245 244 243 242 241 241 240 239 238 237 237 236 235 234 233 232 231 230 229 228 227 227 226 224 223 222 221 220 218 217 216 214 213 212 211 420 419 417 415 413 411 409 407 405 403 401
796 794 790 787 783 779 775 772 768 763 761 760 760 759 759 758 757 758 757 757 756 650 650 649 649 648 647 647 647 646 646 645 644 644 643 642 641 641 641 473 473 472 471 470 248 247 246 245 245 245 244 243 242 241 240 239 238 238 237 237 236 235 234 233 232 231 230 229 228 226 226 225 224 223 222 220 219 218 216 426 425 423 423 421 419 418 416 414 412 411 408 406 404 401
797 794 791 787 784 779 775 771 768 764 761 761 760 760 759 758 758 757 758 757 756 651 650 650 649 648 648 647 647 647 646 645 645 644 643 643 642 641 640 641 640 472 472 471 248 247 246 246 245 245 244 243 242 242 241 240 239 238 237 236 236 235 234 233 232 231 230 229 228 227 226 225 225 223 222 221 431 429 428 427 425 424 422 422 420 419 417 415 413 412 410 407 405 403
797 794 791 787 784 780 776 772 768 764 762 761 761 760 759 759 758 758 757 757 757 651 651 650 649 649 648 647 647 647 646 646 645 644 644 643 642 642 641 640 640 640 639 471 248 248 247 246 245 244 244 244 243 242 241 240 239 239 238 237 236 236 235 234 233 232 231 230 229 228 227 225 224 435 434 433 431 430 429 427 426 425 423 422 421 420 418 416 414 413 411 409 406 404
798 795 791 788 784 781 776 773 768 764 762 761 761 760 760 759 759 758 757 757 757 652 651 650 650 649 648 648 647 647 647 646 646 645 644 643 643 642 641 641 640 640 639 639 249 248 247 247 246 245 244 243 243 243 242 241 240 239 238 237 236 235 234 234 233 232 231 230 229 228 438 437 436 435 435 433 432 431 430 428 427 425 424 423 421 419 419 417 415 414 412 410 408 405
798 795 792 788 785 781 777 773 768 764 761 762 761 761 760 760 759 758 758 757 757 652 651 651 650 650 649 648 648 647 646 647 646 645 645 644 643 643 642 641 640 640 640 639 416 416 248 247 246 245 245 244 243 243 242 241 241 240 239 238 237 236 235 234 234 233 232 442 441 440 439 438 437 435 434 434 433 432 430 429 428 426 425 423 422 420 419 418 416 414 413 411 409 406
798 795 792 788 785 781 777 773 769 764 762 761 762 761 761 760 759 759 758 758 757 651 652 651 651 650 649 649 648 647 647 646 646 646 645 644 644 643 642 642 641 640 639 640 417 416 415 248 247 246 245 244 243 243 243 242 241 240 239 238 237 236 236 235 445 445 444 443 441 440 439 438 437 436 435 434 433 432 431 430 428 427 426 424 423 421 419 418 417 415 414 412 410 408
798 795 791 789 785 782 777 774 769 765 762 762 761 761 761 760 760 759 759 758 757 652 651 652 651 650 650 649 648 648 647 646 646 646 645 645 644 643 643 642 641 641 640 639 417 417 416 415 414 246 246 245 244 243 242 242 242 241 240 239 238 448 447 446 445 444 444 443 442 441 440 439 438 437 435 434 433 433 432 430 429 428 426 425 423 422 420 419 417 416 415 413 411 409
799 795 792 789 786 782 778 774 770 765 762 762 761 761 761 761 760 760 759 758 758 652 652 651 651 651 650 649 649 648 648 647 646 646 646 645 644 644 643 642 642 641 640 639 417 417 416 415 415 414 246 245 244 244 243 242 242 241 451 450 449 449 448 447 446 445 444 444 443 442 441 439 438 437 436 435 434 432 431 431 430 428 427 426 424 423 421 420 418 416 414 414 412 410
799 796 792 789 786 783 778 774 770 765 763 762 762 761 762 761 760 760 759 759 758 653 652 651 651 651 650 650 649 649 648 647 647 646 645 646 645 644 644 643 642 641 641 640 417 416 417 416 415 414 413 413 245 244 243 453 452 453 452 451 450 449 448 447 446 445 444 443 443 442 441 440 439 438 437 436 434 433 432 431 430 429 428 426 425 423 422 420 419 417 415 414 413 411
799 796 792 789 785 783 778 775 770 766 763 763 762 762 761 761 761 760 760 759 759 653 652 652 651 650 651 650 650 649 648 648 647 646 646 645 645 645 644 643 643 642 641 640 640 417 416 416 416 415 414 413 623 456 455 454 453 452 452 451 450 450 449 448 447 446 445 444 443 443 442 441 440 438 437 436 435 434 433 431 430 430 428 427 426 424 423 421 420 418 416 414 413 412
800 796 793 789 786 782 779 775 771 766 764 763 762 762 761 761 761 761 760 759 759 653 653 652 651 651 650 651 650 649 649 648 647 647 646 645 645 645 644 644 643 642 641 641 640 417 417 416 416 415 625 625 624 623 455 454 453 453 452 452 451 450 449 448 447 446 445 444 443 442 441 441 440 439 438 437 436 434 433 432 431 429 429 428 426 425 423 422 420 419 417 415 414 412
800 797 793 790 786 783 778 775 771 766 764 763 763 762 762 761 761 761 760 760 759 654 653 652 652 651 651 650 650 650 649 648 648 647 646 646 645 644 645 644 643 643 642 641 640 418 417 627 626 627 626 625 624 623 623 622 454 453 452 451 451 451 450 449 448 447 446 445 444 443 442 441 441 440 438 437 436 435 434 433 431 430 429 427 427 426 424 423 421 420 418 416 414 413
800 797 793 790 786 783 778 775 771 767 764 764 763 763 762 761 761 760 761 760 760 654 653 653 652 652 651 650 650 650 649 649 648 648 647 646 646 645 644 644 644 643 642 642 852 629 628 628 627 626 626 626 625 624 623 622 621 454 453 452 451 451 450 449 448 447 446 445 444 443 442 441 440 440 439 438 437 436 434 433 432 431 429 428 427 426 425 423 422 420 419 417 415 414
801 797 794 790 787 783 779 775 771 767 765 764 764 763 762 762 761 761 760 761 760 654 654 653 653 652 651 651 650 650 650 649 649 648 647 647 646 645 645 644 644 643 854 853 852 630 629 628 627 627 626 626 625 624 624 623 622 621 453 452 451 451 451 450 449 448 447 446 445 444 443 442 441 440 440 439 437 436 435 434 433 431 430 429 427 426 426 424 423 421 420 418 416 414
801 798 794 791 787 784 779 776 771 766 765 764 764 763 763 762 762 761 760 760 760 655 654 654 653 652 652 651 651 650 649 650 649 648 648 647 646 646 645 644 855 855 854 853 853 630 629 628 628 627 626 625 626 625 624 623 622 621 621 620 452 451 450 449 449 448 447 446 445 444 443 442 441 440 439 439 438 437 436 434 433 432 431 429 428 427 425 425 423 422 420 419 417 415
