testData/tiles/oneDegree/grid5.0-34.0-6.0-35.0.asc
ncols   200
nrows   200
xllcorner   5.0
yllcorner   34.0
cellsize   0.005
NODATA_value   -9999.0
[rows 42 to 83 of 200, columns 94 to 187 of 200]
322 323 323 323 325 325 327 327 328 329 329 329 330 331 331 333 333 334 334 334 336 336 337 337 371 372 375 381 386 391 395 400 404 408 411 414 418 421 424 426 430 432 435 438 440 443 445 448 528 530 533 533 536 538 541 543 543 545 547 548 550 552 553 555 556 557 560 563 566 571 573 576 578 580 583 585 589 590 591 594 596 599 600 602 604 605 607 608 610 611 612 613 615 616
322 323 323 325 325 326 327 327 328 329 329 329 331 331 332 333 333 334 334 336 336 337 337 370 371 372 376 381 387 392 397 400 404 408 412 416 419 422 424 427 430 433 436 438 441 444 445 448 528 531 533 536 537 538 541 543 545 545 548 549 550 553 553 556 556 557 561 565 568 571 573 577 578 582 583 587 589 590 594 595 597 599 600 605 605 606 608 610 612 614 614 616 615 617
322 323 323 325 325 326 327 328 329 330 329 330 331 331 332 333 334 334 335 336 336 337 337 371 372 373 376 382 388 392 397 401 405 409 413 416 419 423 424 428 430 434 436 438 442 444 447 527 529 531 533 536 537 540 541 544 544 546 548 550 551 553 555 556 557 559 563 566 568 572 575 577 580 582 585 588 589 592 594 595 599 600 603 605 605 607 608 611 613 614 615 616 618 620
322 323 324 325 326 327 327 328 329 330 329 331 331 332 333 333 334 334 336 336 337 337 338 371 372 373 377 383 388 393 397 401 406 409 413 416 420 423 426 428 431 434 436 440 442 445 447 527 529 531 534 536 539 540 542 544 545 547 548 550 552 553 556 556 558 560 563 567 570 573 575 578 580 583 586 589 590 594 595 597 599 602 603 605 607 608 610 613 614 616 615 616 619 620
322 323 324 325 326 327 328 328 330 330 329 331 331 332 333 334 334 335 336 336 337 337 338 372 373 373 378 384 388 394 398 402 406 410 413 416 420 423 426 428 432 434 438 440 442 445 447 529 529 532 534 536 539 540 543 544 545 547 549 551 552 554 556 556 558 561 565 567 571 574 577 579 581 585 587 589 591 595 596 597 599 603 604 607 607 608 612 613 615 616 616 619 620 621
322 324 324 325 326 327 328 328 331 331 331 332 333 333 334 335 335 336 337 338 338 339 339 373 374 373 380 385 391 394 399 403 406 411 415 419 422 423 426 429 432 435 438 440 443 445 448 530 530 533 535 537 539 540 543 545 546 547 550 551 552 554 556 558 558 563 565 568 572 574 578 580 581 586 587 590 593 595 596 599 602 603 605 607 607 610 612 613 615 616 617 619 620 622
324 325 325 327 327 329 329 331 331 330 332 332 333 333 335 335 336 337 337 338 338 339 340 374 374 374 380 386 391 396 400 404 410 413 417 420 423 426 428 431 433 436 438 440 444 446 528 529 532 533 535 538 539 542 543 546 546 547 550 551 554 555 557 559 559 564 566 570 572 575 580 580 585 586 590 591 593 597 597 601 602 603 607 608 610 612 613 615 616 618 619 619 621 622
325 325 326 327 327 329 329 331 331 331 332 333 333 334 335 335 336 337 338 338 339 339 340 374 374 375 381 387 392 397 402 405 410 413 417 420 424 426 430 432 435 437 439 443 445 448 529 530 533 533 536 538 541 542 543 546 547 549 550 553 554 555 557 559 560 564 567 571 574 577 580 582 585 587 590 592 595 597 597 601 603 605 607 608 610 612 614 615 616 618 619 621 623 623
325 325 327 327 328 329 329 331 331 331 332 333 333 335 335 336 336 337 338 338 339 339 341 374 375 375 381 387 392 398 402 407 410 414 418 421 424 426 430 432 436 438 440 443 445 448 529 531 533 535 537 539 542 544 545 546 548 549 550 553 554 556 557 560 562 565 568 571 575 578 580 582 586 588 590 594 596 597 600 602 604 605 607 610 611 614 615 616 617 619 620 622 623 625
325 325 327 327 329 329 330 331 332 331 333 333 333 335 335 336 337 338 338 339 339 340 341 374 375 376 383 388 393 399 402 407 411 415 418 422 425 427 430 433 436 438 441 443 446 448 529 531 533 536 537 540 542 545 547 547 549 551 552 554 556 556 558 560 562 566 570 572 576 578 582 583 587 588 592 594 597 599 600 602 604 607 610 611 612 614 615 617 618 622 622 623 624 625
325 326 327 328 329 329 330 331 332 332 333 333 334 335 336 336 337 338 338 339 339 341 341 375 375 376 383 388 395 399 404 407 412 415 418 422 425 428 430 434 436 440 442 443 446 448 531 532 535 537 537 540 542 545 547 548 549 551 552 554 557 558 560 562 564 567 571 573 577 580 582 584 587 589 593 595 597 600 601 604 605 608 610 611 613 614 616 617 620 622 622 624 625 626
325 326 327 328 329 330 331 332 331 332 333 333 335 335 336 336 338 338 339 339 340 341 341 375 375 378 384 391 395 399 404 408 412 415 419 422 426 428 430 434 436 440 442 445 447 529 531 532 535 537 540 540 543 545 547 549 549 552 554 555 557 558 560 562 566 568 573 575 579 580 583 585 588 591 594 595 598 601 603 604 605 609 611 613 614 615 617 619 622 622 622 624 625 627
326 326 328 328 329 330 331 332 331 333 333 334 335 336 336 336 338 338 339 339 341 341 375 375 374 378 385 391 395 401 404 409 412 416 420 423 426 428 432 434 438 440 442 446 448 529 531 533 535 538 540 541 543 545 548 549 550 552 554 555 557 560 560 565 567 570 574 575 580 582 586 588 589 593 594 596 600 600 603 604 607 610 612 613 614 616 617 621 622 622 624 625 626 627
326 327 328 328 330 330 332 332 331 333 333 334 335 336 336 338 338 339 339 339 341 341 375 375 375 379 386 391 396 401 405 409 413 417 420 424 427 428 432 434 438 440 443 446 449 529 531 533 535 538 540 542 544 546 548 550 551 552 555 555 558 560 560 564 567 571 574 578 580 583 587 588 591 594 595 599 601 601 604 606 609 610 612 614 615 616 618 621 622 623 624 625 627 629
326 327 328 329 330 330 332 332 332 333 334 334 335 336 336 338 338 339 339 341 341 342 375 375 375 380 387 392 397 401 406 409 413 417 420 424 426 429 432 436 438 440 444 446 449 530 532 533 536 538 540 543 544 547 548 550 551 553 555 556 558 560 562 565 569 572 574 579 581 584 587 589 592 594 597 599 602 603 605 607 609 611 613 615 616 618 620 622 624 623 624 626 628 630
326 328 328 330 330 330 332 331 333 333 334 335 336 336 337 338 339 339 339 341 341 342 375 376 375 382 387 392 397 401 406 410 414 417 421 424 427 430 432 436 438 442 444 447 449 531 531 533 536 538 541 543 545 547 548 550 551 554 555 558 558 560 563 565 569 572 576 580 581 586 586 590 592 596 597 601 603 604 606 609 612 613 614 615 617 619 621 622 624 624 626 628 628 630
326 328 328 330 330 331 332 332 333 334 334 335 336 336 337 338 339 339 340 341 342 342 375 376 376 382 388 393 398 403 406 410 414 417 422 424 427 430 433 436 439 442 444 447 528 531 533 535 537 538 541 543 545 547 550 550 552 554 555 558 558 561 565 567 571 573 576 580 583 586 588 590 593 596 598 602 603 605 607 609 612 613 615 616 618 620 621 623 624 625 626 628 630 631
327 328 328 330 330 332 332 332 333 334 334 336 336 337 338 338 339 339 341 341 342 342 376 375 377 383 388 394 398 403 407 411 415 419 422 426 427 430 434 436 440 442 445 447 530 532 533 535 537 540 542 544 546 547 550 550 553 554 556 558 560 561 565 567 571 575 578 581 583 587 588 592 594 597 600 602 604 606 608 610 612 615 617 618 620 621 624 625 626 625 627 630 631 632
327 328 329 330 331 332 332 332 333 334 334 336 336 337 338 339 339 340 341 341 342 342 376 376 377 383 389 394 399 403 407 412 415 419 422 426 428 431 434 437 440 442 445 448 530 532 534 536 538 540 542 545 546 548 550 552 553 554 557 558 560 562 567 568 573 575 578 582 584 588 589 593 595 597 600 603 605 606 609 612 613 615 617 619 620 622 624 625 627 627 631 631 631 633
328 328 329 330 331 332 332 332 334 334 335 336 336 337 338 339 339 340 341 342 342 343 376 377 377 383 390 394 400 404 408 412 416 419 422 426 428 431 434 437 440 443 445 449 530 532 534 536 538 540 543 545 547 548 550 552 553 555 557 559 560 562 567 568 573 576 580 582 586 588 590 593 596 598 602 604 605 608 610 612 614 615 618 619 620 623 624 626 627 628 631 632 634 634
328 329 330 331 331 331 332 333 334 334 336 336 337 337 339 339 340 341 341 342 342 343 376 377 378 385 390 396 400 404 409 412 417 420 424 426 430 433 436 438 440 443 446 449 530 533 534 537 538 540 543 545 548 549 551 552 555 555 557 559 561 565 568 572 573 577 580 583 587 589 592 594 596 600 602 604 606 609 610 612 614 616 620 620 622 624 625 627 628 630 631 633 634 635
328 329 330 331 331 332 332 334 334 335 336 337 338 339 340 340 341 342 343 343 344 344 377 378 379 386 390 396 400 405 409 414 417 421 425 426 430 433 436 439 441 444 447 449 530 532 534 537 539 541 543 546 548 549 550 552 555 556 558 560 562 565 567 572 574 579 580 584 588 589 593 594 598 600 603 605 606 609 610 614 615 618 620 620 622 624 626 628 630 631 632 633 634 636
330 330 331 332 332 333 333 335 335 336 337 338 338 340 340 340 341 342 343 343 344 344 378 378 381 386 393 397 401 406 411 415 419 423 426 429 431 434 437 440 442 444 447 528 531 532 535 537 539 541 543 546 548 551 550 553 555 556 558 560 562 565 568 572 575 579 581 585 588 591 593 596 598 600 604 605 608 609 612 614 615 619 620 621 623 625 626 628 630 631 633 634 634 636
330 330 332 332 333 333 333 335 335 336 337 338 338 340 340 341 341 343 343 343 344 345 378 378 381 387 393 397 403 408 412 416 419 423 426 429 431 435 438 441 444 447 448 529 532 534 537 538 541 542 544 546 548 551 550 553 555 558 558 561 563 566 569 573 576 579 583 586 589 590 593 596 599 602 604 606 609 610 613 614 617 619 620 622 624 626 627 629 630 632 633 634 636 637
330 330 332 332 333 333 334 335 336 336 338 338 338 340 340 341 342 343 343 344 344 345 378 379 381 387 393 398 404 408 412 416 420 423 426 429 432 435 438 441 444 447 449 530 533 535 537 539 542 544 545 547 550 551 553 553 555 558 558 561 563 567 569 574 576 580 583 586 590 591 595 596 600 602 604 607 609 611 613 615 618 620 621 622 625 627 629 630 631 632 633 635 636 637
330 331 332 331 333 333 334 335 336 337 338 338 340 340 341 341 342 343 343 344 344 345 378 379 382 388 393 399 404 408 413 416 420 423 426 429 433 435 439 441 444 447 449 531 533 535 537 540 542 545 546 547 550 552 554 554 557 559 560 561 565 569 571 574 577 581 584 587 590 592 595 597 601 602 606 608 609 611 614 617 618 621 621 622 625 627 629 631 632 633 634 635 636 639
330 331 332 332 333 334 335 336 336 337 338 338 340 340 341 341 343 343 344 344 346 345 378 379 382 389 394 400 404 409 413 417 420 425 426 429 433 436 439 442 445 447 451 532 533 535 537 540 542 545 547 549 550 552 554 555 557 559 561 562 567 570 573 575 579 581 585 588 590 593 595 599 601 604 606 608 610 612 615 617 619 621 621 624 626 628 629 631 632 633 635 636 639 638
330 332 331 332 333 334 335 336 336 338 338 339 340 340 341 341 343 343 344 344 345 378 379 379 383 389 395 401 405 409 413 417 421 424 427 430 433 437 439 442 445 447 451 532 534 535 538 540 543 545 547 549 550 552 554 556 557 560 562 562 567 569 573 576 581 583 587 588 591 594 596 600 602 605 606 611 611 612 615 617 620 622 623 625 627 629 630 633 632 634 635 636 639 639
331 331 332 332 333 334 335 336 336 338 338 339 340 341 341 343 343 344 344 344 345 378 379 379 384 389 396 401 406 410 414 418 421 424 427 431 433 437 439 443 445 449 530 532 534 535 538 540 543 545 548 549 552 552 554 557 557 560 562 564 568 571 574 577 581 583 588 589 594 596 598 600 602 605 608 610 611 613 616 619 621 622 623 626 628 629 632 633 633 635 635 638 640 641
331 331 332 333 334 334 336 336 337 338 338 339 340 341 341 343 343 344 344 346 345 379 379 379 384 391 397 401 406 410 414 418 422 424 428 431 433 437 440 443 445 449 530 533 534 537 538 541 543 545 548 550 552 552 555 557 558 560 562 564 568 571 574 578 582 584 588 591 593 596 598 602 604 607 609 610 611 615 617 619 621 623 623 627 628 629 632 632 634 635 637 639 640 641
330 331 332 333 334 334 336 336 338 338 339 340 341 341 341 343 343 344 344 345 345 379 379 380 384 392 397 402 406 410 415 418 422 424 428 431 435 437 441 443 446 449 530 532 534 537 538 541 543 546 548 551 552 552 555 557 559 560 563 565 570 572 575 579 582 585 588 592 594 597 599 602 604 607 610 611 614 615 618 619 621 622 624 627 628 630 632 632 634 635 639 640 642 641
330 332 332 334 334 334 336 336 338 338 339 340 341 341 342 343 344 344 345 345 345 379 379 380 385 392 397 402 406 411 415 419 421 425 428 431 435 437 441 443 447 449 531 532 535 538 539 542 543 546 548 551 551 554 555 558 559 560 563 567 569 573 577 580 583 586 590 592 594 597 600 603 605 608 610 613 614 617 619 620 623 623 627 628 629 631 633 634 634 636 639 640 642 642
330 332 332 334 334 336 336 337 338 339 339 340 341 341 343 343 344 344 344 345 346 379 380 380 387 392 397 403 407 411 415 419 421 425 428 432 435 438 441 443 447 449 531 532 536 538 541 542 545 546 548 551 551 554 555 558 560 561 563 568 569 573 577 580 584 587 590 593 595 598 601 604 605 609 611 613 614 618 620 622 624 624 628 628 630 632 634 634 635 638 639 641 642 643
330 332 332 334 334 336 336 337 338 339 339 341 341 342 343 343 344 344 345 345 346 379 380 380 387 393 398 403 408 412 415 419 422 426 429 432 435 439 441 444 447 450 530 533 536 538 541 542 545 547 549 551 553 554 556 558 560 561 563 569 570 574 577 581 584 589 590 594 595 598 601 604 606 610 611 613 614 619 620 623 624 626 628 629 631 633 634 634 637 639 641 641 641 643
332 332 333 334 334 336 336 337 338 339 339 341 341 342 343 344 344 345 345 346 346 379 380 381 387 393 399 403 408 412 416 419 423 426 430 432 435 439 441 445 447 450 530 534 536 539 541 544 545 547 549 550 553 554 557 558 561 562 565 569 570 575 578 582 584 589 591 594 596 599 603 604 608 610 612 613 617 619 621 623 624 626 628 630 631 634 635 635 638 639 641 642 642 643
332 332 333 334 335 336 337 337 339 339 340 341 341 342 343 344 344 344 345 346 346 380 380 382 388 394 399 403 408 412 416 419 423 426 430 433 436 439 442 445 447 529 531 534 536 539 541 544 545 548 550 551 553 554 557 558 561 562 565 569 572 575 579 582 585 589 591 594 596 600 603 605 608 611 612 614 617 619 621 623 625 627 630 631 632 635 635 637 638 641 642 642 643 643
332 332 334 334 335 336 337 338 339 339 341 341 342 342 344 344 344 345 345 346 346 380 380 382 388 394 399 404 408 413 416 420 423 427 431 434 437 440 442 445 448 529 532 534 537 539 541 544 545 548 550 551 553 556 557 559 561 563 565 568 572 575 580 583 586 590 592 595 598 601 603 606 609 611 613 615 618 620 622 624 626 628 630 631 634 635 636 638 640 641 642 644 644 646
332 333 334 334 335 336 337 338 339 339 341 341 342 343 345 345 345 346 347 347 348 381 382 382 388 395 399 405 409 413 416 420 424 428 431 435 437 440 443 445 448 529 532 534 537 539 542 544 547 548 550 552 553 556 557 559 561 564 566 570 574 577 581 583 587 590 592 595 599 601 605 606 610 612 613 615 618 621 622 625 626 629 630 631 634 635 637 638 641 642 643 644 644 646
333 334 335 336 337 338 338 340 340 340 342 342 343 344 345 345 345 346 347 347 348 381 383 383 390 396 401 406 410 414 417 422 425 429 432 436 439 442 444 447 448 530 532 534 537 539 542 544 547 548 550 552 554 556 558 560 561 564 566 570 574 577 581 585 587 591 593 595 599 601 605 606 611 611 614 616 620 621 623 625 626 629 630 632 634 636 637 638 641 642 644 643 645 646
333 334 335 336 337 338 338 340 340 341 342 343 343 345 345 344 345 346 347 347 348 381 383 384 391 396 402 406 411 413 419 422 426 429 432 436 439 442 445 448 450 531 533 536 538 540 542 544 547 548 550 552 554 556 558 560 562 564 568 570 574 577 581 585 588 591 594 597 599 603 605 607 611 611 614 617 620 621 624 626 627 629 631 633 634 637 637 639 641 643 644 644 645 647
334 334 335 336 337 338 338 340 340 341 342 343 343 345 344 345 345 347 347 348 348 382 383 384 391 396 402 406 411 415 419 422 426 429 433 436 440 442 445 448 450 532 533 536 538 541 543 546 548 551 551 553 555 556 558 560 562 564 568 571 576 578 582 585 589 592 594 597 599 603 605 608 611 612 615 618 620 621 624 626 628 630 632 633 636 637 638 640 641 643 644 645 647 648
334 334 336 336 338 338 339 340 340 342 342 343 343 345 344 345 346 347 347 348 348 383 383 385 391 397 402 406 411 415 419 422 427 430 433 436 440 442 446 448 451 532 535 536 538 541 543 546 548 550 551 554 556 558 560 562 562 565 568 571 576 579 583 585 589 592 595 597 601 603 605 609 611 613 615 618 620 622 625 627 628 630 632 634 636 637 639 641 643 643 644 645 647 649
