testData/tiles/oneDegree/grid24.0-12.0-25.0-13.0.asc
ncols   200
nrows   200
xllcorner   24.0
yllcorner   12.0
cellsize   0.005
NODATA_value   -9999.0
[rows 0 to 41 of 200, columns 0 to 93 of 200]
259 258 258 257 257 256 255 255 254 254 253 253 252 252 251 251 250 250 249 248 248 247 247 245 245 244 244 243 243 242 242 241 240 240 239 239 238 238 237 237 236 236 235 234 234 232 232 231 231 230 230 229 228 228 227 227 226 226 225 225 224 224 223 221 221 220 220 219 219 218 218 217 217 216 215 215 214 213 212 212 211 211 210 209 209 208 208 208 208 208 207 207 207 207
259 258 257 257 256 256 255 255 254 254 253 253 252 252 251 250 250 249 249 248 248 247 247 246 246 245 244 243 242 242 241 241 240 240 239 239 238 238 237 236 236 235 235 234 234 233 233 232 231 230 229 229 228 228 227 227 226 226 225 225 224 223 223 222 222 220 220 219 219 218 218 217 216 216 215 215 214 214 213 212 211 210 210 209 209 208 208 208 208 208 208 208 207 207
258 258 257 257 256 256 255 255 254 254 253 252 252 251 251 250 250 249 249 248 248 247 247 246 246 245 244 244 243 242 241 241 240 240 239 239 238 237 237 236 236 235 235 234 234 233 233 232 231 231 229 229 228 228 227 227 226 226 225 224 224 223 223 222 222 221 221 219 219 218 217 217 216 216 215 215 214 214 213 213 212 210 210 209 209 208 208 208 208 208 208 208 208 208
259 259 258 257 256 256 255 254 254 253 253 252 252 251 251 250 250 249 249 248 248 247 246 246 245 245 244 244 243 243 242 242 240 240 239 238 238 237 237 236 236 235 235 234 234 233 232 232 231 231 230 230 228 228 227 227 226 225 225 224 224 223 223 222 222 221 221 220 218 218 217 217 216 216 215 215 214 214 213 212 212 211 210 209 209 208 208 208 208 208 208 208 208 208
259 258 258 257 257 256 256 254 254 253 253 252 252 251 251 250 250 249 248 248 247 247 246 246 245 245 244 244 243 243 242 241 241 240 240 238 238 237 237 236 236 235 235 234 233 233 232 232 231 231 230 230 229 229 227 226 226 225 225 224 224 223 223 222 222 221 220 220 219 219 217 217 216 216 215 215 214 213 213 212 212 211 211 210 209 208 208 208 208 208 208 208 208 208
259 258 258 257 257 256 256 255 255 254 254 252 251 251 250 250 249 249 248 248 247 247 246 246 245 245 244 243 243 242 242 241 241 240 240 239 239 237 237 236 235 235 234 234 233 233 232 232 231 231 230 230 229 228 228 227 226 225 225 224 224 223 223 222 221 221 220 220 219 219 218 218 216 216 215 214 214 213 213 212 212 211 211 210 210 209 208 208 208 208 208 208 208 208
259 258 258 257 257 256 255 255 254 254 253 253 252 252 251 250 249 249 248 248 247 247 246 245 245 244 244 243 243 242 242 241 241 240 240 239 239 238 237 237 235 235 234 234 233 233 232 232 231 230 230 229 229 228 228 227 227 226 225 224 224 223 222 222 221 221 220 220 219 219 218 218 217 216 215 214 214 213 213 212 212 211 211 210 209 209 209 208 208 208 208 208 208 208
258 258 257 257 256 256 255 255 254 254 253 253 252 252 251 251 250 250 248 247 247 246 246 245 245 244 244 243 243 242 242 241 241 240 239 239 238 238 237 237 236 236 234 234 233 233 232 231 231 230 230 229 229 228 228 227 227 226 225 225 223 223 222 222 221 221 220 220 219 219 218 217 217 216 216 214 214 213 213 212 212 211 210 210 209 209 209 209 209 208 208 208 208 208
258 258 257 257 256 256 255 255 254 254 253 252 252 251 251 250 250 249 249 248 248 246 246 245 245 244 244 243 243 242 241 241 240 240 239 239 238 238 237 237 236 236 235 234 233 232 232 231 231 230 230 229 229 228 228 227 226 226 225 225 224 224 222 222 221 221 220 219 219 218 218 217 217 216 216 215 215 213 212 212 211 211 210 210 209 209 209 209 209 209 208 208 208 208
258 257 257 256 256 255 255 254 254 253 253 252 252 251 251 250 250 249 249 248 248 247 247 246 244 244 243 243 242 242 241 241 240 240 239 239 238 238 237 236 236 235 235 234 234 233 232 231 231 230 230 229 228 228 227 227 226 226 225 225 224 224 223 223 221 220 220 219 219 218 218 217 217 216 216 215 214 214 213 212 211 211 210 210 209 209 209 209 209 209 209 209 208 208
258 257 257 256 256 255 255 254 254 253 253 252 252 251 251 250 249 249 248 248 247 247 246 246 245 245 244 243 242 242 241 241 240 240 239 238 238 237 237 236 236 235 235 234 234 233 233 232 232 230 229 229 228 228 227 227 226 226 225 225 224 224 223 222 222 221 220 219 219 218 218 217 217 216 215 215 214 214 213 213 211 211 210 210 209 209 209 209 209 209 209 209 209 208
258 257 256 256 255 255 254 254 253 253 252 252 251 251 250 250 249 249 248 248 247 247 246 246 245 245 244 244 243 242 241 240 240 239 239 238 238 237 237 236 236 235 235 234 234 233 232 232 231 231 230 229 228 228 227 227 226 226 225 224 224 223 223 222 222 221 221 220 219 218 218 217 216 216 215 215 214 214 213 213 212 212 210 209 209 209 209 209 209 209 209 209 209 209
258 258 257 257 255 255 254 254 253 253 252 252 251 251 250 250 249 249 248 248 247 247 246 245 245 244 244 243 243 242 242 241 241 239 239 238 238 237 237 236 235 235 234 234 233 233 232 232 231 231 230 230 229 228 227 226 226 225 225 224 224 223 223 222 222 221 221 220 219 218 217 217 216 216 215 215 214 214 213 213 212 211 211 209 209 209 209 209 209 209 209 209 209 209
258 258 257 257 256 256 255 255 253 252 252 251 251 250 250 249 249 248 248 247 247 246 246 245 245 244 244 243 243 242 242 241 241 240 240 238 237 237 236 236 235 235 234 234 233 233 232 232 231 231 230 229 229 228 228 226 226 225 225 224 224 223 223 222 221 221 220 220 219 219 218 217 216 216 215 215 214 213 213 212 212 211 211 210 210 209 209 209 209 209 209 209 209 209
258 257 257 256 256 255 255 254 254 253 253 252 251 250 250 249 249 248 248 247 247 246 246 245 245 244 244 243 242 242 241 241 240 240 239 239 238 238 236 236 235 235 234 234 233 233 232 231 231 230 230 229 229 228 228 227 227 225 225 224 223 223 222 222 221 221 220 220 219 219 218 218 217 216 215 214 214 213 213 212 212 211 211 210 210 210 209 209 209 209 209 209 209 209
258 257 257 256 256 255 255 254 254 253 253 252 252 251 251 249 248 248 247 247 246 246 245 245 244 244 243 243 242 242 241 241 240 240 239 239 238 238 237 237 235 234 234 233 233 232 232 231 231 230 230 229 229 228 228 227 226 226 225 224 223 223 222 222 221 221 220 220 219 219 218 217 217 216 215 214 214 213 213 212 212 211 211 210 210 210 210 210 209 209 209 209 209 209
257 257 256 256 255 255 254 254 253 253 252 252 251 251 250 250 249 249 247 247 246 246 245 245 244 244 243 243 242 242 241 241 240 239 239 238 238 237 237 236 236 235 234 233 233 232 232 231 231 230 230 229 228 228 227 227 226 226 225 225 224 223 222 222 221 221 220 219 219 218 218 217 217 216 216 215 214 213 213 212 211 211 210 210 210 210 210 210 210 209 209 209 209 209
257 257 256 256 255 255 254 254 253 253 252 252 251 251 250 250 249 249 248 248 247 245 245 244 244 243 243 242 242 241 241 240 240 239 239 238 238 237 237 236 236 235 235 234 233 232 231 231 230 230 229 229 228 228 227 227 226 226 225 225 224 224 222 221 221 220 220 219 219 218 218 217 217 216 216 215 214 214 212 212 211 211 210 210 210 210 210 210 210 210 210 209 209 209
257 256 256 255 255 254 254 253 253 252 252 251 251 250 250 249 249 248 248 247 247 246 246 245 244 243 243 242 242 241 241 240 240 239 239 238 238 237 236 236 235 235 234 234 233 233 232 231 230 230 229 229 228 228 227 227 226 225 225 224 224 223 223 222 221 220 220 219 219 218 218 217 216 216 215 215 214 214 213 212 211 211 210 210 210 210 210 210 210 210 210 210 209 209
256 256 255 255 255 254 254 253 253 252 252 251 251 250 250 249 249 248 248 247 247 246 246 245 245 244 244 242 241 241 240 240 239 239 238 238 237 237 236 236 235 235 234 234 233 233 232 232 231 230 229 228 228 227 227 226 226 225 225 224 224 223 223 222 222 221 220 219 218 218 217 217 216 216 215 215 214 214 213 213 212 211 210 210 210 210 210 210 210 210 210 210 210 210
256 256 255 255 254 254 253 253 252 252 251 251 250 250 249 249 248 248 247 247 246 246 245 245 244 244 243 243 242 242 240 240 239 239 238 238 237 237 236 236 235 235 234 234 233 232 232 231 231 230 230 228 228 227 227 226 226 225 225 224 224 223 223 222 221 221 220 220 218 218 217 217 216 216 215 215 214 214 213 212 212 211 210 210 210 210 210 210 210 210 210 210 210 210
257 256 256 254 254 253 253 253 252 252 251 251 250 250 249 249 248 248 247 247 246 246 245 245 244 244 243 243 242 242 241 241 239 238 238 237 237 236 236 235 235 234 234 233 233 232 232 231 231 230 230 229 229 227 227 226 226 225 224 224 223 223 222 222 221 221 220 220 219 218 217 217 216 215 215 214 214 213 213 212 212 211 211 211 210 210 210 210 210 210 210 210 210 210
257 256 256 255 255 254 254 252 252 251 251 250 250 249 249 248 248 247 247 246 246 245 245 244 244 243 243 242 242 241 241 240 240 239 239 237 237 236 236 235 235 234 234 233 233 232 232 231 231 230 229 229 228 228 227 226 225 225 224 224 223 223 222 222 221 221 220 220 219 218 218 216 216 215 215 214 214 213 213 212 212 211 211 211 211 210 210 210 210 210 210 210 210 210
256 256 255 255 254 254 253 253 252 252 251 250 250 249 249 248 248 247 247 246 246 245 245 244 244 243 243 242 242 241 241 240 240 239 239 238 238 236 235 235 234 234 233 233 232 232 231 231 230 230 229 229 228 228 227 227 226 225 224 224 223 223 222 221 221 220 220 219 219 218 218 217 217 215 215 214 214 213 213 212 211 211 211 211 211 211 211 210 210 210 210 210 210 210
256 256 255 255 254 254 253 253 252 252 251 251 250 250 248 248 247 247 246 246 245 245 244 244 243 243 242 242 241 241 240 240 239 239 238 238 237 237 236 235 234 234 233 233 232 232 231 231 230 230 229 229 228 228 227 226 226 225 224 223 223 222 222 221 221 220 220 219 219 218 218 217 217 216 214 214 213 213 212 212 211 211 211 211 211 211 211 211 210 210 210 210 210 210
256 255 255 254 254 253 253 252 252 251 251 250 250 250 249 249 248 247 246 246 245 245 244 244 243 243 242 242 241 241 240 240 239 239 238 238 237 237 236 236 235 235 233 233 232 231 231 230 230 229 229 228 228 227 227 226 226 225 225 224 223 222 222 221 221 220 220 219 218 218 217 217 216 216 215 215 213 213 212 212 211 211 211 211 211 211 211 211 211 210 210 210 210 210
255 255 254 254 254 253 253 252 252 251 251 250 250 249 249 248 248 247 247 246 245 244 244 243 243 242 242 241 241 240 240 239 239 238 238 237 237 236 236 235 235 234 234 233 232 231 231 230 230 229 229 228 228 227 227 226 226 225 225 224 223 223 221 221 220 220 219 219 218 218 217 217 216 216 215 215 214 213 212 212 211 211 211 211 211 211 211 211 211 211 211 210 210 210
255 255 254 254 253 253 252 252 251 251 250 250 249 249 249 248 248 247 247 246 246 245 245 243 243 242 242 241 241 240 240 239 239 238 238 237 237 236 236 235 235 234 234 233 233 232 231 230 230 229 228 228 227 227 226 226 225 225 224 224 223 223 222 222 220 220 219 219 218 218 217 217 216 215 215 214 214 213 213 211 211 211 211 211 211 211 211 211 211 211 211 211 210 210
255 254 254 253 253 252 252 252 251 251 250 250 249 249 248 248 247 247 246 246 245 245 244 244 243 243 241 241 240 240 239 239 238 238 237 237 236 236 235 235 234 234 233 233 232 232 231 231 229 229 228 228 227 227 226 226 225 225 224 224 223 223 222 222 221 220 219 218 218 217 217 216 216 215 215 214 214 213 213 212 211 211 211 211 211 211 211 211 211 211 211 211 211 210
254 254 254 253 253 252 252 251 251 250 250 249 249 248 248 247 247 247 246 246 245 245 244 244 243 243 242 242 240 240 239 239 238 238 237 237 236 236 235 235 234 234 233 233 232 232 231 231 230 230 228 228 227 227 226 225 225 224 224 223 223 222 222 221 221 220 220 218 218 217 217 216 216 215 215 214 214 213 213 212 212 212 211 211 211 211 211 211 211 211 211 211 211 211
254 254 253 253 252 252 251 251 250 250 250 249 249 248 248 247 247 246 246 245 245 244 244 243 243 242 242 241 241 240 240 238 238 237 237 236 236 235 235 234 234 233 233 232 232 231 231 230 230 229 229 228 227 226 226 225 225 224 224 223 223 222 222 221 221 220 220 219 219 217 217 216 215 215 214 214 213 213 212 212 212 212 212 211 211 211 211 211 211 211 211 211 211 211
255 254 254 253 252 252 251 251 250 250 249 249 248 248 247 247 246 246 245 245 245 244 244 243 243 242 242 241 241 240 240 239 239 237 237 236 236 235 235 234 234 233 233 232 232 231 231 230 230 229 229 228 228 227 226 225 225 224 224 223 223 222 221 221 220 220 219 219 218 218 216 216 215 215 214 214 213 213 212 212 212 212 212 212 212 211 211 211 211 211 211 211 211 211
254 254 254 253 253 252 252 250 250 249 249 248 248 248 247 247 246 246 245 245 244 244 243 243 242 242 241 241 240 240 239 239 238 238 237 236 235 235 234 234 233 233 232 232 231 231 230 230 229 229 228 228 227 227 226 225 224 224 223 223 222 222 221 221 220 220 219 219 218 218 217 217 215 215 214 214 213 212 212 212 212 212 212 212 212 212 211 211 211 211 211 211 211 211
254 254 253 253 252 252 251 251 251 250 250 248 248 247 247 246 246 245 245 244 244 243 243 243 242 242 241 241 240 240 239 239 238 238 237 237 236 236 234 234 233 233 232 232 231 231 230 230 229 229 228 228 227 227 226 226 225 224 223 223 222 222 221 221 220 220 219 218 218 217 217 216 216 214 214 213 213 212 212 212 212 212 212 212 212 212 212 211 211 211 211 211 211 211
254 253 253 252 252 252 251 251 250 250 249 249 248 248 246 246 246 245 245 244 244 243 243 242 242 241 241 240 240 239 239 238 238 237 237 236 236 235 235 234 233 232 232 231 231 230 230 229 229 228 228 227 227 226 226 225 225 224 224 222 222 221 221 220 220 219 219 218 218 217 217 216 216 215 215 213 213 212 212 212 212 212 212 212 212 212 212 212 212 211 211 211 211 211
253 253 253 252 252 251 251 250 250 249 249 249 248 248 247 247 246 245 244 244 243 243 242 242 241 241 241 240 240 239 239 238 238 237 237 236 236 235 235 234 234 233 232 231 231 230 230 229 229 228 228 227 227 226 226 225 225 224 224 223 223 221 221 220 220 219 219 218 218 217 217 216 215 215 214 214 212 212 212 212 212 212 212 212 212 212 212 212 212 212 211 211 211 211
253 253 252 252 251 251 250 250 250 249 249 248 248 247 247 246 246 245 245 245 243 243 242 242 241 241 240 240 239 239 238 238 237 237 236 236 235 235 234 234 233 233 232 232 230 230 229 229 228 228 227 227 226 226 225 225 224 224 223 223 222 222 220 220 219 219 218 218 217 217 216 216 215 215 214 214 213 213 212 212 212 212 212 212 212 212 212 212 212 212 212 211 211 211
253 252 252 251 251 251 250 250 249 249 248 248 247 247 247 246 246 245 245 244 244 243 243 241 241 240 240 239 239 239 238 238 237 237 236 236 235 235 234 234 233 233 232 232 231 231 229 229 228 228 227 227 226 226 225 225 224 224 223 223 222 222 221 221 219 219 218 218 217 217 216 216 215 215 214 214 213 213 213 212 212 212 212 212 212 212 212 212 212 212 212 212 212 211
252 252 251 251 251 250 250 249 249 248 248 248 247 247 246 246 245 245 244 244 243 243 243 242 242 240 240 239 239 238 238 237 237 236 236 235 235 234 234 233 233 232 232 231 231 230 230 229 228 227 227 226 226 225 225 224 224 223 223 222 222 221 221 220 220 218 218 217 217 216 216 215 215 214 214 213 213 213 213 213 213 212 212 212 212 212 212 212 212 212 212 212 212 212
252 252 251 251 250 250 249 249 249 248 248 247 247 246 246 245 245 245 244 244 243 243 242 242 241 241 240 240 238 238 237 237 237 236 236 235 235 234 234 233 233 232 232 231 231 230 230 229 229 228 227 226 226 225 225 224 224 223 223 222 222 221 221 220 220 219 219 217 217 216 216 215 215 214 214 213 213 213 213 213 213 213 212 212 212 212 212 212 212 212 212 212 212 212
252 251 251 250 250 249 249 249 248 248 247 247 246 246 246 245 245 244 244 243 243 242 242 241 241 241 240 240 239 239 237 237 236 236 235 235 234 234 233 233 232 232 231 231 230 230 229 229 228 228 227 226 225 225 225 224 224 223 223 222 222 221 221 220 219 219 218 218 217 216 215 215 214 214 213 213 213 213 213 213 213 213 213 212 212 212 212 212 212 212 212 212 212 212
252 252 250 250 250 249 249 248 248 247 247 247 246 246 245 245 244 244 243 243 243 242 242 241 241 240 240 239 239 238 238 237 236 235 235 235 234 234 233 233 232 232 231 231 230 230 229 229 228 228 227 227 226 225 224 224 223 223 222 222 221 221 220 220 219 219 218 218 217 217 215 215 214 214 213 213 213 213 213 213 213 213 213 213 213 212 212 212 212 212 212 212 212 212
