testData/tiles/oneDegree/grid21.0-18.0-22.0-19.0.asc
ncols   200
nrows   200
xllcorner   21.0
yllcorner   18.0
cellsize   0.005
NODATA_value   -9999.0
[rows 84 to 125 of 200, columns 0 to 93 of 200]
222 222 221 221 221 219 219 218 218 217 217 217 217 217 216 216 216 216 216 216 216 216 216 215 215 215 215 215 215 215 215 215 214 214 214 214 214 214 312 312 312 311 311 311 311 311 311 311 311 311 295 294 294 294 294 316 316 316 316 316 315 315 142 142 142 143 144 145 146 146 147 148 149 149 150 151 152 152 152 153 153 154 155 155 156 156 157 157 157 158 158 159 159 160
222 222 221 221 220 219 218 218 218 217 217 217 217 217 216 216 216 216 216 216 216 216 216 215 215 215 215 215 215 215 215 215 214 214 214 214 214 312 312 312 312 311 311 311 311 311 311 311 311 295 295 294 294 316 316 316 316 316 316 316 315 142 142 143 144 145 146 147 148 148 148 149 150 151 152 152 153 154 153 154 155 155 156 156 157 157 158 158 158 159 159 160 160 161
222 221 221 220 220 219 218 218 217 217 217 217 217 217 216 216 216 216 216 216 216 216 216 215 215 215 215 215 215 215 215 215 214 214 214 214 312 312 312 312 312 311 311 311 311 311 311 311 311 295 295 294 316 316 316 316 316 316 316 316 142 142 144 145 146 147 147 148 149 149 150 151 151 152 153 153 154 155 154 155 156 156 157 157 158 159 159 159 159 160 160 161 161 162
221 221 221 220 220 218 218 218 217 217 217 217 217 217 216 216 216 216 216 216 216 216 216 215 215 215 215 215 215 215 215 215 214 214 214 312 312 312 312 312 312 311 311 311 311 311 311 311 295 295 317 316 316 316 316 316 316 316 316 143 143 144 145 146 147 148 149 150 151 150 151 152 153 153 154 155 155 156 156 156 157 157 158 158 159 160 160 160 160 161 161 162 162 162
221 221 220 220 220 218 218 217 217 217 217 217 217 217 216 216 216 216 216 216 216 216 216 215 215 215 215 215 215 215 215 215 214 214 312 312 312 312 312 312 312 311 311 311 311 311 311 311 295 317 317 316 316 316 316 316 316 316 144 145 145 146 147 148 149 149 150 151 152 152 152 153 154 154 155 156 156 157 157 157 158 158 159 159 160 160 161 160 161 161 162 162 163 163
221 221 220 220 219 218 218 217 217 217 217 217 217 217 216 216 216 216 216 216 216 216 216 215 215 215 215 215 215 215 215 215 214 312 312 312 312 312 312 312 312 311 311 311 311 311 311 333 317 317 317 316 316 316 316 316 316 144 145 146 146 147 148 149 150 151 152 152 153 153 154 154 155 156 156 157 157 158 158 158 159 159 160 160 161 161 162 161 162 162 163 163 164 164
221 220 220 220 218 218 217 217 217 217 217 217 217 217 216 216 216 216 216 216 216 216 216 215 215 215 215 215 215 215 215 215 312 312 312 312 312 312 312 312 312 311 311 311 311 311 333 317 317 317 317 316 316 316 316 317 145 146 147 148 148 149 150 150 151 152 153 154 154 154 155 155 156 157 157 158 158 159 159 159 160 160 161 161 162 162 163 162 163 163 164 164 165 165
221 220 220 219 218 218 217 217 217 217 217 217 217 217 216 216 216 216 216 216 216 216 216 215 215 215 215 215 215 215 215 313 312 312 312 312 312 312 312 312 312 311 311 311 333 333 333 317 317 317 316 316 316 316 317 145 146 147 148 149 149 150 151 152 153 153 154 155 155 155 156 156 157 158 158 159 159 160 160 160 161 161 162 162 163 163 164 163 164 164 165 165 165 166
220 220 220 219 218 217 217 217 217 217 217 217 217 217 216 216 216 216 216 216 216 216 216 215 215 215 215 215 215 215 313 313 312 312 312 312 312 312 312 312 312 311 311 333 333 333 317 317 317 317 316 316 317 318 146 147 148 149 150 151 151 151 152 153 154 154 155 156 157 156 157 158 158 159 159 160 160 161 161 161 162 162 163 163 164 164 165 164 165 165 165 166 166 167
220 220 219 219 217 217 217 217 217 217 217 217 217 217 216 216 216 216 216 216 216 216 216 215 215 215 215 215 215 313 313 313 312 312 312 312 312 312 312 312 312 311 333 333 333 333 317 317 317 317 316 317 318 146 147 148 149 150 151 152 152 153 153 154 155 156 156 157 158 157 158 159 159 160 160 161 161 162 162 162 163 163 164 164 165 165 165 165 165 166 166 167 167 167
220 219 219 219 217 217 217 217 217 217 217 217 217 216 216 216 216 216 216 216 216 216 216 215 215 215 215 215 313 313 313 313 312 312 312 312 312 312 312 312 334 333 333 333 333 317 317 317 317 318 318 319 147 148 149 150 151 152 152 153 153 154 155 155 156 157 157 158 159 158 159 160 160 161 161 162 162 163 162 163 163 164 164 165 165 166 166 166 166 167 167 167 168 168
220 219 219 218 217 217 217 217 217 217 217 217 217 216 216 216 216 216 216 216 216 216 216 215 215 215 215 313 313 313 313 313 312 312 312 312 312 312 312 334 334 333 333 333 333 317 317 317 318 319 319 147 148 149 150 151 152 153 154 155 154 155 156 156 157 158 158 159 160 159 160 161 161 162 162 163 163 164 163 164 164 165 165 166 166 167 167 167 167 167 168 168 169 169
219 219 219 218 217 217 217 217 217 217 217 217 217 216 216 216 216 216 216 216 216 216 216 215 215 215 313 313 313 313 313 313 312 312 312 312 312 334 334 334 334 333 333 333 317 317 317 319 320 148 148 149 150 151 152 152 153 154 155 155 155 156 157 158 158 159 159 160 161 160 161 161 162 163 163 164 164 165 164 165 165 166 166 167 167 167 168 167 168 168 169 169 169 170
219 219 218 218 217 217 217 217 217 217 217 217 217 216 216 216 216 216 216 216 216 216 215 215 215 313 313 313 313 313 313 313 312 312 312 312 334 334 334 334 334 333 333 333 317 318 319 320 148 149 149 150 151 152 153 154 155 155 156 156 156 157 158 159 159 160 160 161 162 161 162 162 163 163 164 165 165 166 165 166 166 166 167 167 168 168 169 168 169 169 169 170 170 171
219 219 218 218 217 217 217 217 217 217 217 217 217 216 216 216 216 216 216 216 216 216 215 215 313 313 313 313 313 313 313 313 312 312 312 334 334 334 334 334 334 333 333 317 318 320 321 149 150 151 151 152 152 153 154 155 156 156 157 157 158 158 159 160 160 161 161 162 163 162 163 163 164 164 165 165 166 166 166 166 167 167 168 168 169 169 169 169 169 170 170 171 171 171
219 218 218 218 217 217 217 217 217 217 217 217 217 216 216 216 216 216 216 216 216 216 215 313 313 313 313 313 313 313 313 312 312 312 334 334 334 334 334 334 334 333 334 319 320 321 149 150 151 152 152 153 154 154 155 156 157 158 158 158 159 159 160 161 161 162 162 163 163 163 164 164 165 165 166 166 167 167 167 167 168 168 169 169 169 170 170 170 170 170 171 171 172 172
218 218 218 217 217 217 217 217 217 217 217 217 217 216 216 216 216 216 216 216 216 216 313 313 313 313 313 313 313 313 313 312 334 334 334 334 334 334 334 334 334 334 319 320 322 150 151 152 152 153 153 154 155 156 156 157 158 159 159 159 160 160 161 161 162 163 163 164 163 164 164 165 166 166 167 167 168 168 167 168 168 169 169 170 170 171 171 170 171 171 172 172 172 173
218 218 218 217 217 217 217 217 217 217 217 217 217 216 216 216 216 216 216 216 216 314 313 313 313 313 313 313 313 313 313 334 334 334 334 334 334 334 334 334 335 336 321 322 150 151 152 153 154 155 154 155 156 157 157 158 159 160 160 160 161 161 162 162 163 164 164 165 164 165 165 166 166 167 167 168 168 169 168 169 169 170 170 170 171 171 172 171 172 172 172 173 173 173
218 218 218 217 217 217 217 217 217 217 217 217 216 216 216 216 216 216 216 216 216 314 313 313 313 313 313 313 313 313 335 334 334 334 334 334 334 334 335 336 336 321 322 150 151 152 153 154 155 156 156 156 157 158 159 159 160 161 161 161 162 162 163 163 164 164 165 166 165 166 166 167 167 168 168 169 169 169 169 169 170 170 171 171 172 172 172 172 172 173 173 173 174 174
218 218 218 217 217 217 217 217 217 217 217 217 216 216 216 216 216 216 216 216 314 314 313 313 313 313 313 313 335 335 335 334 334 334 334 334 334 335 336 337 338 150 151 152 153 153 154 155 156 157 157 157 158 159 160 160 161 162 162 162 162 163 164 164 165 165 166 166 166 166 167 167 168 168 169 169 170 169 170 170 171 171 172 172 172 173 173 173 173 173 174 174 174 175
218 218 218 217 217 217 217 217 217 217 217 217 216 216 216 216 216 216 216 314 314 313 313 313 313 313 313 335 335 335 335 334 334 334 334 334 335 337 338 339 150 151 152 153 154 155 156 156 157 157 158 158 159 160 161 161 162 162 163 163 163 164 165 165 166 166 167 167 167 167 168 168 169 169 170 170 171 170 171 171 171 172 172 173 173 173 173 173 174 174 174 175 175 175
218 218 218 217 217 217 217 217 217 217 217 217 216 216 216 216 216 216 314 314 314 313 313 313 313 313 335 335 335 335 335 334 334 334 335 336 337 338 339 167 151 152 153 154 155 156 157 157 158 158 159 159 160 161 161 162 163 163 164 164 164 165 165 166 166 167 168 168 168 168 169 169 170 170 170 171 171 171 171 172 172 173 173 173 174 174 174 174 174 175 175 175 176 176
218 218 217 217 217 217 217 217 217 217 217 217 216 216 216 216 216 314 314 314 314 313 313 313 313 335 335 335 335 335 334 334 334 335 336 337 339 340 168 153 153 154 154 155 156 157 158 159 159 159 160 160 161 162 162 163 164 164 164 165 165 166 166 167 167 168 168 169 168 169 169 170 170 171 171 172 172 172 172 172 173 173 174 174 174 175 174 175 175 175 176 176 176 177
218 218 217 217 217 217 217 217 217 217 217 217 216 216 216 216 314 314 314 314 314 313 313 335 335 335 335 335 335 335 334 334 335 337 338 339 340 168 153 154 154 155 156 156 157 158 159 160 160 160 161 161 162 163 163 164 165 165 165 165 166 166 167 168 168 169 169 170 169 170 170 171 171 171 172 172 173 172 173 173 174 174 174 175 175 175 175 175 176 176 176 177 177 177
218 218 217 217 217 217 217 217 217 217 217 216 216 216 216 314 314 314 314 314 314 313 335 335 335 335 335 335 335 335 334 336 337 338 339 167 168 169 154 154 155 156 157 158 158 159 160 161 161 161 162 162 163 164 164 165 165 166 166 166 167 167 168 168 169 169 170 169 170 170 171 171 172 172 173 173 174 173 173 174 174 175 175 175 176 176 176 176 176 177 177 177 178 178
218 218 217 217 217 217 217 217 217 217 217 216 216 216 314 314 314 314 314 314 314 335 335 335 335 335 335 335 335 336 336 337 338 339 167 169 170 154 155 155 156 157 158 159 159 160 161 162 162 162 163 163 164 164 165 166 166 167 166 167 168 168 169 169 170 170 171 170 171 171 172 172 172 173 173 174 174 174 174 174 175 175 176 176 176 177 176 177 177 177 178 178 178 179
218 217 217 217 217 217 217 217 217 217 217 216 216 216 314 314 314 314 314 314 335 335 335 335 335 335 335 335 336 337 337 339 340 168 169 170 171 156 157 156 157 158 159 160 160 161 162 162 162 163 163 164 165 165 166 167 167 168 167 168 168 169 169 170 170 171 171 171 171 172 172 173 173 174 174 174 174 174 175 175 176 176 176 177 177 177 177 177 178 178 178 179 179 179
218 217 217 217 217 217 217 217 217 217 217 216 216 314 314 314 314 314 314 336 335 335 335 335 335 335 335 336 337 339 339 340 168 169 170 171 156 157 158 157 158 159 160 161 161 162 163 163 163 164 164 165 166 166 167 167 168 168 168 169 169 170 170 171 171 172 172 172 172 173 173 173 174 174 175 175 175 175 175 176 176 177 177 177 178 178 177 178 178 179 179 179 180 180
218 217 217 217 217 217 217 217 217 217 216 216 314 314 314 314 314 314 336 336 335 335 335 335 335 335 336 338 339 339 167 168 169 170 171 172 157 158 159 158 159 160 161 162 162 163 164 164 164 165 165 166 166 167 168 168 169 168 169 169 170 170 171 171 172 172 173 172 173 173 174 174 175 175 175 176 175 176 176 176 177 177 178 178 178 178 178 178 179 179 179 180 180 180
218 217 217 217 217 217 217 217 217 217 216 314 314 314 314 314 336 336 336 336 335 335 335 335 335 337 338 339 340 167 169 170 170 171 172 157 158 159 160 160 160 161 162 162 163 164 165 165 165 165 166 167 167 168 168 169 170 169 170 170 171 171 172 172 173 173 174 173 173 174 174 175 175 176 176 176 176 176 177 177 177 178 178 179 179 178 179 179 179 180 180 180 181 181
217 217 217 217 217 217 217 217 217 217 314 314 314 314 314 336 336 336 336 335 335 335 335 336 337 338 339 341 169 169 170 171 172 173 173 158 159 160 160 160 161 162 163 163 164 165 165 166 166 166 167 167 168 169 169 170 170 170 170 171 171 172 172 173 173 174 173 174 174 175 175 175 176 176 177 177 177 177 177 178 178 178 179 179 180 179 179 180 180 180 181 181 181 182
217 217 217 217 217 217 217 217 217 315 314 314 314 314 336 336 336 336 336 335 335 335 336 337 338 340 168 169 170 170 171 172 173 174 159 159 160 161 161 161 162 163 164 164 165 166 166 166 166 167 168 168 169 169 170 170 171 171 171 172 172 173 173 174 174 174 174 174 175 175 176 176 177 177 177 178 177 178 178 178 179 179 179 180 180 180 180 180 181 181 181 182 182 182
217 217 217 217 217 217 217 217 217 314 314 314 314 336 336 336 336 336 336 335 335 336 337 339 340 168 169 170 170 171 172 173 174 159 160 160 161 162 162 162 163 164 164 165 166 166 167 167 167 168 168 169 170 170 171 171 172 171 172 172 173 173 174 174 175 175 175 175 175 176 176 177 177 178 178 177 178 178 179 179 179 180 180 180 181 180 180 181 181 181 182 182 182 183
217 217 217 217 217 217 217 217 315 314 314 314 336 336 336 336 336 336 336 335 336 338 339 340 168 169 170 171 171 172 173 174 175 160 161 161 162 163 163 163 164 165 165 166 167 167 168 167 168 169 169 170 170 171 171 172 171 172 173 173 173 174 174 175 175 176 175 176 176 177 177 177 178 178 179 178 178 179 179 180 180 180 181 181 181 181 181 181 182 182 182 183 183 183
217 217 217 217 217 217 217 315 315 314 314 336 336 336 336 336 336 336 335 336 338 339 167 168 169 171 172 172 172 173 174 175 160 161 161 162 163 163 163 164 165 166 166 167 167 168 169 168 169 169 170 171 171 172 172 173 172 173 173 174 174 175 175 176 176 176 176 176 177 177 178 178 178 179 179 179 179 179 180 180 181 181 181 182 181 181 182 182 182 183 183 183 184 184
217 217 217 217 217 217 315 315 314 314 336 336 336 336 336 336 336 336 337 338 339 167 169 170 171 172 173 174 174 174 175 176 161 162 162 163 164 164 164 165 166 166 167 168 168 169 169 169 170 170 171 171 172 172 173 173 173 173 174 174 175 175 176 176 177 176 177 177 177 178 178 179 179 179 180 179 180 180 180 181 181 181 182 182 182 182 182 183 183 183 184 184 184 184
217 217 217 217 217 315 315 315 314 336 336 336 336 336 336 336 336 338 338 166 168 169 170 171 172 173 174 174 175 175 176 161 162 163 163 164 165 165 165 166 167 167 168 168 169 170 169 170 170 171 171 172 173 173 174 174 174 174 175 175 176 176 176 177 177 177 177 178 178 178 179 179 180 180 180 180 180 181 181 181 182 182 182 183 182 182 183 183 183 184 184 184 185 184
217 217 217 217 315 315 315 315 336 336 336 336 336 336 336 337 338 338 167 168 169 170 171 172 173 174 175 175 176 176 161 162 163 164 164 165 166 165 166 167 167 168 169 169 170 170 170 171 171 172 172 173 173 174 174 175 174 175 175 176 176 177 177 178 178 177 178 178 179 179 179 180 180 181 180 180 181 181 182 182 182 183 183 183 183 183 183 184 184 184 185 185 185 185
217 217 217 217 315 315 315 336 336 336 336 336 336 336 337 338 166 167 168 169 170 171 172 173 174 175 176 176 177 177 162 163 164 164 165 166 166 166 167 167 168 169 169 170 171 171 171 171 172 172 173 173 174 174 175 174 175 175 176 176 177 177 178 178 179 178 178 179 179 180 180 180 181 181 181 181 181 182 182 182 183 183 184 184 183 184 184 184 185 185 185 185 186 185
217 217 217 315 315 315 337 336 336 336 336 336 336 337 338 167 168 168 169 170 171 172 173 174 175 176 176 177 177 162 163 164 165 165 166 167 166 167 168 168 169 170 170 171 171 172 171 172 173 173 174 174 175 175 176 175 176 176 177 177 177 178 178 179 179 179 179 179 180 180 181 181 181 182 181 182 182 182 183 183 183 184 184 183 184 184 184 185 185 185 186 186 186 186
217 217 315 315 315 337 336 336 336 336 336 336 337 165 167 168 168 169 170 171 172 173 174 175 176 177 177 178 162 163 164 165 165 166 167 167 167 168 168 169 170 170 171 171 172 172 172 173 173 174 174 175 175 176 176 176 176 177 177 178 178 179 179 179 179 179 180 180 180 181 181 182 182 182 182 182 183 183 183 184 184 184 185 184 184 185 185 185 186 186 186 186 187 186
217 315 315 337 337 337 336 336 336 336 336 337 165 167 168 169 169 170 171 173 173 174 175 176 177 178 178 179 163 164 165 166 166 167 168 167 168 169 169 170 170 171 172 172 173 172 173 173 174 174 175 175 176 176 177 176 177 177 178 178 179 179 180 180 179 180 180 181 181 181 182 182 183 183 182 183 183 183 184 184 184 185 185 184 185 185 185 186 186 186 187 187 186 187
