testData/tiles/oneDegree/grid42.0-23.0-43.0-24.0.asc
ncols   200
nrows   200
xllcorner   42.0
yllcorner   23.0
cellsize   0.005
NODATA_value   -9999.0
[rows 126 to 167 of 200, columns 0 to 93 of 200]
609 609 609 609 609 609 609 609 608 608 608 608 608 608 609 610 610 611 611 612 613 613 614 613 614 615 615 616 616 617 618 618 619 619 619 619 626 627 627 628 628 629 630 630 630 630 631 632 632 633 633 634 633 634 635 635 636 636 637 637 637 638 638 639 639 640 640 640 571 571 572 572 573 572 573 573 574 575 575 575 575 576 576 577 443 444 444 445 445 446 445 446 446 447
608 608 608 608 608 608 608 608 608 608 608 608 608 608 608 609 609 610 611 611 612 612 613 614 614 615 614 615 615 616 617 617 618 618 619 620 620 626 626 627 628 628 629 629 630 631 630 631 631 632 632 633 634 634 634 634 635 636 636 637 637 637 637 638 639 639 640 640 570 570 571 572 572 573 572 573 573 574 574 575 574 575 576 443 444 443 444 444 445 445 445 445 446 446
607 607 607 607 607 607 607 607 607 607 607 607 607 608 608 609 609 609 610 610 611 611 612 613 613 614 614 615 616 615 616 616 617 618 618 619 619 620 627 626 627 627 628 629 629 630 630 631 630 631 632 632 633 633 634 635 634 635 635 636 636 637 638 637 638 638 639 640 570 570 570 571 571 572 572 572 573 573 574 574 575 574 575 442 443 443 443 444 444 445 445 445 445 446
607 607 607 607 607 606 606 606 606 606 606 606 606 607 607 608 609 609 610 610 610 611 611 612 612 613 614 614 615 615 616 617 616 617 617 618 619 619 626 626 627 628 627 628 628 629 630 630 631 631 631 631 632 633 633 634 634 635 635 635 636 636 637 637 637 638 638 639 639 570 570 570 571 571 572 572 573 572 573 574 574 575 441 442 442 443 443 443 443 444 444 445 444 445
606 606 606 606 606 606 606 606 606 606 605 605 605 606 607 607 608 608 609 610 610 611 611 612 612 612 613 613 614 615 615 616 616 617 617 617 618 618 619 626 626 627 627 628 627 628 629 629 630 630 631 632 631 632 632 633 634 634 635 634 635 635 636 637 637 638 637 638 639 569 570 570 570 570 571 572 572 573 572 573 573 574 441 441 442 442 443 443 443 443 444 444 445 444
605 605 605 605 605 605 605 605 605 605 605 605 605 605 606 606 607 607 608 609 609 610 610 611 612 612 612 612 613 614 614 615 615 616 617 617 618 617 618 619 625 626 626 627 628 627 628 628 629 630 630 631 631 631 632 632 633 633 634 635 634 635 635 636 636 637 638 637 638 638 569 569 570 570 570 571 571 572 571 572 573 440 441 441 441 441 442 442 443 443 443 444 444 444
604 604 604 604 604 604 604 604 604 604 604 604 605 605 606 606 607 607 607 608 608 609 610 610 611 611 612 613 613 613 613 614 615 615 616 616 617 618 618 618 618 625 626 626 627 627 628 628 628 629 629 630 631 631 632 631 632 633 633 634 634 635 634 635 636 636 637 637 637 638 568 569 569 570 569 570 571 571 572 571 572 439 440 441 440 441 441 442 442 442 442 443 443 444
604 604 604 604 604 603 603 603 603 603 603 603 604 604 605 605 606 607 607 608 608 608 609 609 610 611 611 612 612 613 614 613 614 614 615 616 616 617 617 618 618 618 625 625 626 627 627 628 628 628 629 629 630 630 631 632 631 632 632 633 633 634 635 634 635 635 636 637 637 637 567 568 568 569 569 569 570 570 571 572 438 439 439 440 440 440 440 441 442 442 442 442 443 443
603 603 603 603 603 603 603 603 602 602 602 602 603 603 604 605 605 606 606 607 608 608 608 608 609 610 610 611 611 612 613 613 614 613 614 615 615 616 616 617 618 618 618 624 625 626 626 627 627 628 628 628 629 629 630 631 631 631 631 632 633 633 634 634 634 635 635 636 636 637 637 567 568 568 569 568 569 570 570 571 437 438 438 439 440 439 440 440 441 441 441 441 442 443
602 602 602 602 602 602 602 602 602 602 602 602 602 602 603 604 604 605 606 606 607 607 608 609 608 609 609 610 611 611 612 612 613 614 614 614 614 615 616 616 617 617 618 618 624 625 625 626 627 627 628 627 628 629 629 630 630 631 631 631 632 632 633 634 633 634 634 635 636 636 636 566 567 567 568 569 568 569 569 437 438 437 438 438 439 439 439 440 440 441 440 441 441 442
601 601 601 601 601 601 601 601 601 601 601 601 602 603 602 603 603 604 605 605 606 606 607 608 608 609 608 609 610 610 611 612 612 613 613 614 614 614 615 615 616 617 617 618 618 624 625 625 626 626 627 628 627 628 628 629 630 630 631 630 631 632 632 633 633 633 634 634 635 635 636 565 566 567 567 568 567 568 569 436 437 436 437 437 438 439 438 439 439 440 439 440 441 441
601 600 600 600 600 600 600 600 600 600 600 600 601 602 602 603 603 603 604 604 605 606 606 607 607 608 609 609 609 609 610 611 611 612 612 613 614 613 614 614 615 616 616 617 617 618 624 624 625 626 626 627 627 627 628 628 629 629 630 631 630 631 631 632 633 633 633 633 634 634 635 635 565 566 566 567 568 567 435 435 436 437 436 437 437 438 437 438 439 439 440 439 440 440
600 600 600 600 599 599 599 599 599 599 599 600 600 601 601 602 603 603 603 603 604 605 605 606 606 607 608 608 609 608 609 610 610 611 612 612 613 613 614 614 614 615 615 616 617 617 618 623 624 625 625 626 626 627 627 627 628 628 629 630 629 630 630 631 632 632 632 632 633 634 634 635 564 565 566 566 567 566 434 435 435 436 435 436 436 623 623 623 624 624 625 625 625 626
599 599 599 599 599 599 599 598 598 598 598 599 599 600 600 601 602 602 603 603 603 604 604 605 606 606 607 607 608 609 609 609 609 610 611 611 612 612 613 614 613 614 614 615 616 616 617 617 623 624 624 625 626 626 626 626 627 628 628 629 629 629 630 630 631 631 631 632 632 633 633 634 564 564 565 565 566 433 433 434 434 621 621 621 622 622 622 622 623 624 624 624 624 625
598 598 598 598 598 598 598 598 598 597 597 598 598 599 600 600 601 601 602 603 603 604 603 604 605 605 606 606 607 608 608 609 609 609 610 610 611 612 612 613 612 613 614 614 615 615 616 617 616 623 623 624 625 625 626 625 626 627 627 628 629 628 629 629 630 631 631 631 631 632 633 633 633 563 564 565 565 432 618 619 620 620 620 620 621 621 621 622 622 623 622 623 624 624
597 597 597 597 597 597 597 597 597 597 597 597 597 598 599 599 600 600 601 602 602 603 603 603 604 604 605 606 606 607 607 608 609 608 609 609 610 611 611 612 612 612 613 613 614 615 615 616 615 616 623 623 624 624 625 625 625 626 626 627 628 627 628 628 629 630 630 630 630 631 632 632 632 562 563 564 617 617 617 618 619 619 619 619 620 621 620 621 621 622 623 623 624 624
596 596 596 596 596 596 596 596 596 596 596 597 596 597 598 598 599 599 600 601 601 602 603 603 603 603 604 605 605 606 606 607 608 607 608 609 609 610 610 611 612 612 612 612 613 614 614 615 615 615 616 622 623 623 624 624 624 625 626 626 627 626 627 628 628 629 629 629 630 630 631 631 631 818 748 749 616 616 617 617 618 617 618 619 619 620 620 621 622 622 623 623 624 625
595 595 595 595 595 595 595 595 595 595 595 596 596 596 597 597 598 599 599 600 600 601 602 602 603 602 603 604 604 605 606 606 607 607 607 608 608 609 609 610 611 611 611 611 612 613 613 614 615 614 615 615 622 623 623 623 623 624 625 625 626 625 626 627 627 628 628 628 629 629 630 631 816 817 747 615 616 615 616 616 617 618 618 619 619 620 621 621 622 622 623 624 624 625
594 594 594 594 594 594 594 594 594 594 594 595 596 596 596 596 597 598 598 599 599 600 601 601 602 602 602 603 603 604 605 605 606 606 606 607 607 608 608 609 610 610 610 611 611 612 612 613 614 613 614 614 615 622 622 622 622 623 624 624 625 625 625 626 626 627 628 627 628 628 815 816 815 816 746 614 615 615 616 616 617 618 618 619 619 620 621 621 622 622 623 624 624 625
593 593 593 593 593 593 593 593 593 593 593 594 595 595 596 595 596 597 597 598 598 599 600 600 601 601 601 602 602 603 604 604 605 605 605 606 606 607 608 608 609 609 609 610 610 611 611 612 613 612 613 614 614 615 621 621 622 622 623 623 624 624 624 625 625 626 626 626 813 814 814 815 815 816 684 614 615 615 616 617 617 618 618 619 620 620 621 621 622 623 623 624 624 625
593 592 592 592 592 592 592 592 592 592 592 593 594 594 595 594 595 596 596 597 598 598 599 599 600 601 600 601 601 602 603 603 604 605 604 605 605 606 607 607 608 608 608 609 609 610 611 611 612 611 612 613 613 614 614 620 621 621 622 622 623 623 623 624 625 625 626 812 813 814 814 815 815 683 684 614 615 615 616 617 617 618 619 619 620 620 621 622 622 623 623 624 625 625
592 592 591 591 591 591 591 591 591 591 591 592 593 593 594 594 594 595 595 596 597 597 598 598 599 600 599 600 601 601 602 602 603 604 603 604 604 605 606 606 607 607 607 608 608 609 610 610 610 610 611 612 612 613 613 613 620 620 621 622 622 623 623 624 625 625 812 812 813 814 814 815 816 683 684 614 615 616 616 617 617 618 619 619 620 620 621 622 622 623 623 624 625 625
591 591 590 590 590 590 590 590 590 590 590 591 592 592 593 593 593 594 594 595 596 596 597 597 598 598 598 599 600 600 601 601 602 603 602 603 603 604 605 605 606 606 606 607 607 608 609 609 609 609 610 611 611 612 613 613 614 614 621 622 622 623 623 624 811 811 812 813 813 814 814 815 683 683 684 684 615 616 616 617 617 618 619 619 620 621 621 622 622 623 624 624 625 625
590 590 589 589 589 589 589 589 589 589 590 590 591 591 592 592 592 593 593 594 595 595 596 597 597 597 597 598 599 599 600 600 601 602 601 602 603 603 604 604 605 605 605 606 606 607 608 608 609 609 610 611 611 612 613 613 614 614 615 622 622 623 623 810 811 811 812 813 813 814 814 815 683 683 684 684 615 616 616 617 618 618 619 619 620 621 621 622 622 623 624 624 625 625
589 588 588 588 588 588 588 588 588 588 589 589 590 590 590 591 591 592 592 593 594 594 595 596 595 596 596 597 598 598 599 599 600 600 600 601 602 602 603 603 604 605 605 606 606 607 608 608 609 610 610 611 611 612 613 613 614 614 615 616 622 623 810 810 811 811 812 813 813 814 814 682 683 683 684 685 615 616 616 617 618 618 619 619 620 621 621 622 623 623 624 624 625 626
587 587 587 587 587 587 587 587 587 587 588 588 589 589 589 590 590 591 591 592 593 593 594 595 594 595 595 596 597 597 598 598 599 600 600 601 602 602 603 603 604 605 605 606 606 607 608 608 609 610 610 611 611 612 613 613 614 614 615 616 616 809 810 810 811 811 812 813 813 814 814 682 683 683 684 685 685 616 616 617 618 618 619 619 620 621 621 622 623 623 624 624 625 626
586 586 586 586 586 586 586 586 586 586 587 587 588 587 588 589 589 590 590 591 592 592 593 594 594 595 595 596 597 597 598 598 599 600 600 601 602 602 603 603 604 605 605 606 606 607 608 608 609 610 610 611 611 612 613 613 614 615 615 616 802 803 804 810 811 811 812 813 813 814 682 682 683 683 684 685 685 616 616 617 618 618 619 620 620 621 621 622 623 623 624 624 625 626
585 585 585 585 585 585 585 585 585 585 586 586 587 587 588 589 589 590 590 591 592 592 593 594 594 595 595 596 597 597 598 599 599 600 600 601 602 602 603 603 604 605 605 606 607 607 608 608 609 610 610 611 611 612 613 613 614 615 615 802 802 803 804 804 811 811 812 813 813 681 682 682 683 683 684 685 685 616 616 617 618 618 619 620 620 621 621 622 623 623 624 624 625 626
585 585 585 585 585 585 585 585 585 585 586 586 587 587 588 589 589 590 590 591 592 592 593 594 594 595 595 596 597 597 598 599 599 600 600 601 602 602 603 603 604 605 605 606 607 607 608 608 609 610 610 611 611 612 613 613 614 615 801 802 802 803 804 804 805 805 812 813 813 681 682 682 683 683 684 685 685 686 616 617 618 618 619 620 620 621 621 622 623 623 624 624 625 626
585 585 585 585 585 585 585 585 585 585 586 586 587 587 588 589 589 590 590 591 592 592 593 594 594 595 595 596 597 597 598 599 599 600 600 601 602 602 603 603 604 605 605 606 607 607 608 608 609 610 610 611 611 612 613 613 614 615 801 802 802 803 804 804 805 805 806 813 680 681 682 682 683 683 684 685 685 686 616 617 618 618 619 620 620 621 621 622 623 623 624 624 625 626
585 585 585 585 585 585 585 585 585 585 586 586 587 587 588 589 589 590 590 591 592 592 593 594 594 595 595 596 597 597 598 598 599 600 600 601 602 602 603 603 604 605 605 606 606 607 608 608 609 610 610 611 611 612 613 613 614 801 801 802 802 803 804 804 805 805 806 807 674 681 682 682 683 683 684 685 685 686 616 617 618 618 619 620 620 621 621 622 623 623 624 624 625 626
585 585 585 585 585 585 585 585 585 585 586 586 587 587 588 589 589 590 590 591 592 592 593 594 594 595 595 596 597 597 598 598 599 600 600 601 602 602 603 603 604 605 605 606 606 607 608 608 609 610 610 611 611 612 613 613 800 800 801 802 802 803 804 804 805 805 806 674 674 675 681 682 683 683 684 685 685 686 616 617 618 618 619 619 620 621 621 622 623 623 624 624 625 626
585 585 585 585 585 585 585 585 585 585 586 586 587 587 588 589 589 590 590 591 592 592 593 594 594 595 595 596 597 597 598 598 599 600 600 601 602 602 603 603 604 605 605 606 606 607 608 608 609 610 610 611 611 612 613 799 800 800 801 802 802 803 804 804 805 805 673 674 674 675 675 676 683 683 684 685 685 686 686 617 618 618 619 619 620 621 621 622 623 623 624 624 625 626
585 585 585 585 585 585 585 585 585 585 586 586 587 587 588 589 589 590 590 591 592 592 593 594 594 595 595 596 597 597 598 598 599 600 600 601 602 602 603 603 604 605 605 606 606 607 608 608 609 609 610 611 611 612 613 799 800 800 801 802 802 803 803 804 805 805 673 674 674 675 675 676 677 683 684 684 685 686 686 617 618 618 619 619 620 621 621 622 622 623 624 624 625 625
585 585 585 585 585 585 585 585 585 585 585 586 587 587 588 589 589 590 590 591 592 592 593 593 594 595 595 596 597 597 598 598 599 600 600 601 601 602 603 603 604 605 605 606 606 607 608 608 609 609 610 611 611 612 799 799 800 800 801 802 802 803 803 804 805 672 673 674 674 675 675 676 677 677 678 684 685 686 686 617 617 618 619 619 620 621 621 622 622 623 624 624 625 625
585 585 585 585 585 585 585 585 585 585 585 586 587 587 588 589 589 590 590 591 592 592 593 593 594 595 595 596 597 597 598 598 599 600 600 601 601 602 603 603 604 604 605 606 606 607 608 608 609 609 610 611 611 612 798 799 800 800 801 802 802 803 803 804 672 672 673 673 674 675 675 676 677 677 678 678 679 686 686 687 617 618 619 619 620 620 621 622 622 623 623 624 625 625
585 585 585 585 585 585 585 585 585 585 585 586 587 587 588 588 589 590 590 591 592 592 593 593 594 595 595 596 596 597 598 598 599 600 600 601 601 602 603 603 604 604 605 606 606 607 608 608 609 609 610 611 611 798 798 799 800 800 801 801 802 803 803 804 672 672 673 673 674 675 675 676 676 677 678 678 679 679 680 687 617 618 619 619 620 620 621 622 622 623 623 624 625 625
585 585 585 585 585 585 585 585 585 585 585 586 587 587 588 588 589 590 590 591 591 592 593 593 594 595 595 596 596 597 598 598 599 599 600 601 601 602 603 603 604 604 605 606 606 607 607 608 609 609 610 611 797 798 798 799 800 800 801 801 802 803 803 671 671 672 673 673 674 675 675 676 676 677 678 678 679 679 680 681 611 618 618 619 620 620 621 621 622 623 623 624 624 625
585 585 585 585 585 585 585 585 585 585 585 586 587 587 588 588 589 590 590 591 591 592 593 593 594 595 595 596 596 597 598 598 599 599 600 601 601 602 602 603 604 604 605 606 606 607 607 608 609 609 610 610 797 798 798 799 799 800 801 801 802 803 670 671 671 672 673 673 674 674 675 676 676 677 677 678 679 679 680 680 681 612 612 619 619 620 621 621 622 622 623 624 624 625
585 585 585 585 585 585 585 585 585 585 585 586 586 587 588 588 589 590 590 591 591 592 593 593 594 594 595 596 596 597 598 598 599 599 600 601 601 602 602 603 604 604 605 605 606 607 607 608 609 609 610 610 797 798 798 799 799 800 801 801 802 802 670 671 671 672 672 673 674 674 675 676 676 677 677 678 679 679 680 680 681 612 612 613 613 620 621 621 622 622 623 624 624 625
585 585 585 585 585 585 585 585 585 585 585 586 586 587 588 588 589 589 590 591 591 592 593 593 594 594 595 596 596 597 597 598 599 599 600 601 601 602 602 603 604 604 605 605 606 607 607 608 608 609 610 796 797 797 798 799 799 800 801 801 802 669 670 671 671 672 672 673 674 674 675 675 676 677 677 678 678 679 680 680 681 611 612 613 613 614 614 621 622 622 623 623 624 567
585 585 585 585 585 585 585 585 585 585 585 586 586 587 588 588 589 589 590 591 591 592 592 593 594 594 595 596 596 597 597 598 599 599 600 600 601 602 602 603 603 604 605 605 606 607 607 608 608 609 610 796 797 797 798 799 799 800 800 801 669 669 670 670 671 672 672 673 673 674 675 675 676 676 677 678 678 679 679 680 681 611 612 612 613 614 614 615 615 564 565 565 566 566
