testData/tiles/oneDegree/grid45.0-27.0-46.0-28.0.asc
ncols   200
nrows   200
xllcorner   45.0
yllcorner   27.0
cellsize   0.005
NODATA_value   -9999.0
[rows 0 to 60 of 200, columns 96 to 191 of 200]
18 18 18 18 19 19 19 19 19 20 20 20 20 20 82 82 82 82 82 82 83 83 83 83 83 83 84 87 89 92 94 96 98 101 103 104 106 108 110 111 113 115 117 119 120 121 123 124 126 128 129 131 132 133 134 136 137 139 140 141 142 144 145 146 147 148 149 151 152 153 154 155 156 157 158 159 160 161 162 163 164 165 166 167 167 168 169 170 171 172 173 174 175 175 176 177
16 17 17 17 17 18 18 18 18 18 19 19 19 19 19 81 81 81 81 81 81 82 82 82 82 82 82 84 87 89 91 93 95 98 100 102 104 106 107 109 112 113 115 116 118 119 121 122 125 126 127 129 130 131 132 134 136 137 138 139 141 142 143 144 145 147 148 149 150 151 152 153 154 155 156 158 159 160 161 161 162 163 164 165 166 167 168 169 170 171 172 172 173 174 175 175
15 15 16 16 16 16 17 17 17 17 17 18 18 18 18 79 80 80 80 80 80 81 81 81 81 81 81 82 84 87 89 91 93 96 98 100 102 104 105 107 110 111 113 114 116 117 119 121 123 124 125 127 128 129 131 133 134 135 136 138 139 140 141 142 144 145 146 147 148 149 150 151 152 154 155 156 157 158 159 160 161 161 162 163 165 166 167 167 168 169 170 171 171 172 173 175
15 15 15 15 15 15 15 15 16 16 16 16 16 17 17 17 78 79 79 79 79 79 80 80 80 80 80 80 82 84 86 89 91 93 96 98 99 101 103 105 107 109 111 112 114 115 117 119 121 122 123 125 126 127 129 131 132 133 134 136 137 138 139 141 142 143 144 145 146 147 148 149 151 152 153 154 155 156 157 158 159 160 162 162 163 164 165 166 167 167 168 169 170 171 172 173
15 15 15 15 15 15 15 15 15 15 15 15 15 15 16 16 16 77 77 78 78 78 78 78 79 79 79 79 79 81 84 86 88 90 92 95 97 99 101 103 104 107 109 110 112 113 115 117 119 120 121 123 124 125 127 129 130 131 133 134 135 136 137 139 140 141 143 144 145 146 147 149 150 151 152 153 153 154 155 156 157 159 160 161 162 162 163 164 165 166 166 168 169 170 170 171
15 15 15 15 15 15 15 15 15 15 15 15 15 15 15 15 15 76 76 76 76 77 77 77 77 78 78 78 78 78 81 84 86 88 90 92 95 97 99 100 102 104 106 108 110 111 113 114 117 118 119 121 122 123 125 127 128 129 131 132 133 134 135 137 139 140 141 142 143 144 145 147 148 149 150 151 152 153 154 154 156 157 158 159 160 161 161 162 163 164 166 166 167 168 169 170
15 15 15 15 15 15 15 15 15 15 15 15 15 15 15 15 15 15 76 76 76 76 76 76 76 76 76 77 77 77 78 80 83 85 87 90 91 94 96 98 100 102 103 106 107 109 111 112 113 116 117 119 120 121 123 124 126 127 129 130 131 132 133 136 137 138 139 140 141 142 143 145 146 147 148 149 150 151 152 153 155 155 156 157 158 159 160 161 161 163 164 165 166 166 167 168
15 15 15 15 15 15 15 15 15 15 15 15 15 15 15 15 15 15 15 76 76 76 76 76 76 76 76 76 76 76 76 77 80 82 85 87 89 91 93 96 98 99 101 103 104 107 108 110 111 113 114 117 118 119 121 122 123 126 127 128 129 130 131 133 135 136 137 138 139 140 141 142 144 145 146 147 148 149 150 151 153 154 155 155 156 157 158 159 160 161 162 163 164 165 165 166
0 0 0 0 0 0 15 15 15 15 15 15 15 15 15 15 15 15 15 76 76 76 76 76 76 76 76 76 76 76 76 76 78 80 83 85 87 89 91 92 94 96 99 100 102 104 105 108 109 111 112 114 116 117 119 120 121 123 125 126 127 128 130 131 132 134 135 136 137 138 139 140 141 143 144 145 146 147 148 149 150 152 153 154 154 155 156 157 158 160 160 161 162 163 164 164
0 0 0 0 0 0 0 0 0 0 0 0 15 15 15 15 15 15 15 15 76 76 76 76 76 76 76 76 76 76 76 76 76 79 81 83 85 87 89 91 93 95 96 98 100 101 103 105 106 109 110 112 113 114 116 118 119 121 122 123 125 126 128 129 130 131 132 134 135 136 137 138 139 140 142 143 144 145 146 147 148 149 151 152 153 154 154 155 156 157 159 160 160 161 162 163
0 0 0 0 0 0 0 0 0 0 0 0 0 0 0 0 0 0 0 15 15 76 76 76 76 76 76 76 76 76 76 76 76 77 79 82 84 86 88 90 92 93 95 97 99 100 102 103 105 106 108 109 111 112 114 115 116 119 120 121 122 123 125 127 128 129 130 131 132 134 136 137 138 139 140 141 143 144 144 145 146 147 148 150 151 152 153 153 154 155 156 158 159 159 160 161
0 0 0 0 0 0 0 0 0 0 0 0 0 0 0 0 0 0 0 0 0 61 61 61 61 61 76 76 76 76 76 76 76 76 78 80 82 84 86 88 90 92 94 96 97 99 101 102 104 105 107 108 110 111 113 114 115 116 118 119 120 121 123 124 125 126 128 129 130 132 133 134 136 137 138 139 140 141 143 144 144 145 146 147 148 150 151 152 153 153 154 155 156 158 158 159
0 0 0 0 0 0 0 0 0 0 0 0 0 0 0 0 0 0 0 0 0 0 61 61 61 61 61 61 61 61 61 61 61 76 76 78 81 83 85 87 89 91 93 94 96 98 99 101 103 104 106 107 109 110 111 113 114 115 117 118 119 120 122 123 124 125 126 127 129 130 131 132 133 134 135 137 138 139 140 141 142 144 144 145 146 147 148 149 151 152 152 153 154 155 156 157
0 0 0 0 0 0 0 0 0 0 0 0 0 0 0 0 0 0 0 0 0 0 0 61 61 61 61 61 61 61 61 61 61 61 61 62 64 66 68 70 87 89 91 93 95 96 98 100 101 103 104 106 107 109 110 112 113 114 116 117 118 119 121 122 123 124 125 127 128 129 130 131 132 133 134 135 136 137 138 139 140 141 142 143 144 145 146 147 148 149 150 151 152 153 154 155
0 0 0 0 0 0 0 0 0 0 0 0 0 0 0 0 0 0 0 0 0 0 0 61 61 61 61 61 61 61 61 61 61 61 61 61 62 65 67 69 71 73 75 77 78 80 82 84 100 102 103 105 106 108 109 111 112 113 115 116 117 118 120 121 122 123 124 126 127 128 129 130 131 132 133 134 135 136 137 138 139 140 141 142 143 143 144 145 146 147 148 149 149 150 151 153
0 0 0 0 0 0 0 0 0 0 0 0 0 0 0 0 0 0 0 0 0 0 0 0 61 61 61 61 61 61 61 61 61 61 61 61 61 63 65 67 69 71 73 75 77 79 81 82 84 85 87 89 90 92 93 94 111 112 114 115 116 117 119 120 121 122 123 125 126 127 128 129 130 131 132 133 134 135 136 137 138 139 140 141 142 143 144 144 145 146 147 148 149 149 150 151
0 0 0 0 0 0 0 0 0 0 0 0 0 0 0 0 0 0 0 0 0 0 0 0 0 61 61 61 61 61 61 61 61 61 61 61 61 61 63 66 68 70 72 74 76 77 79 81 83 84 86 87 89 90 92 93 95 96 97 99 100 101 103 104 105 121 122 124 125 126 127 128 129 130 131 132 133 134 135 136 137 138 139 140 141 142 143 144 144 145 146 147 148 149 149 150
0 0 0 0 0 0 0 0 0 0 0 0 0 0 0 0 0 0 0 0 0 0 0 0 0 61 61 61 61 61 61 61 61 61 61 61 61 61 62 64 66 68 70 72 74 76 78 80 81 83 85 86 88 89 91 92 94 95 96 98 99 100 102 103 104 105 106 108 109 110 111 112 113 114 130 131 132 133 134 135 136 137 138 139 140 141 142 143 144 144 145 146 147 148 149 149
0 0 0 0 0 0 0 0 0 0 0 0 0 0 0 0 0 0 0 0 0 0 0 0 0 0 61 61 61 61 61 61 61 61 61 61 61 61 61 62 64 67 69 71 73 75 76 78 80 82 83 85 86 88 89 91 92 94 95 97 98 99 100 102 103 104 105 107 108 109 110 111 112 113 114 115 116 117 118 119 120 121 122 123 139 140 141 142 143 144 144 145 146 147 148 149
0 0 0 0 0 0 0 0 0 0 0 0 0 0 0 0 0 0 0 0 0 0 0 0 0 0 0 61 61 61 61 61 61 61 61 61 61 61 61 61 63 65 67 69 71 73 75 77 78 80 82 84 85 87 88 90 91 93 94 95 97 98 99 101 102 103 104 106 107 108 109 110 111 112 113 114 115 116 117 118 119 120 121 122 123 124 125 126 127 128 129 129 130 131 132 148
0 0 0 0 0 0 0 0 0 0 0 0 0 0 0 0 0 0 0 0 0 0 0 0 0 0 0 0 61 61 61 61 61 61 61 61 61 61 61 61 61 63 65 68 70 72 73 75 77 79 81 82 84 85 87 88 90 91 93 94 96 97 98 100 101 102 103 104 106 107 108 109 110 111 112 113 114 116 117 118 119 120 120 121 122 123 124 125 126 127 128 129 129 130 131 132
0 0 0 0 0 0 0 0 0 0 0 0 0 0 0 0 0 0 0 0 0 0 0 0 0 0 0 0 61 61 61 61 61 61 61 61 61 61 61 61 61 61 64 66 68 70 72 74 76 77 79 81 82 84 86 87 89 90 92 93 94 96 97 98 100 101 102 103 105 106 107 108 109 110 111 112 114 115 116 117 118 119 120 121 121 122 123 124 125 126 127 128 129 129 130 131
0 0 0 0 0 0 0 0 0 0 0 0 0 0 0 0 0 0 0 0 0 0 0 0 0 0 0 0 0 61 61 61 61 61 61 61 61 61 61 61 61 61 62 64 66 68 70 72 74 76 78 79 81 83 84 86 87 89 90 92 93 95 96 97 99 100 101 102 104 105 106 107 108 109 110 111 113 114 115 116 117 118 119 120 121 121 122 123 124 125 126 127 128 129 129 130
0 0 0 0 0 0 0 0 0 0 0 0 0 0 0 0 0 0 0 0 0 0 0 0 0 0 0 0 0 0 61 61 61 61 61 61 61 61 61 61 61 61 61 62 65 67 69 71 73 74 76 78 80 81 83 85 86 88 89 91 92 93 95 96 97 99 100 101 102 104 105 106 107 108 109 110 112 113 114 115 116 117 118 119 120 121 121 122 123 124 125 126 127 128 129 129
0 0 0 0 0 0 0 0 0 0 0 0 0 0 0 0 0 0 0 0 0 0 0 0 0 0 0 0 0 0 0 61 61 61 61 61 61 61 61 61 61 61 61 61 63 65 67 69 71 73 75 77 78 80 82 83 85 86 88 89 91 92 94 95 96 98 99 100 101 103 104 105 106 107 108 109 110 112 113 114 115 116 117 118 119 120 121 121 122 123 124 125 126 127 128 128
0 0 0 0 0 0 0 0 0 0 0 0 0 0 0 0 0 0 0 0 0 0 0 0 0 0 0 0 0 0 0 61 61 61 61 61 61 61 61 61 61 61 61 61 61 63 65 67 69 71 73 75 77 79 80 82 83 85 87 88 89 91 92 94 95 96 98 99 100 101 103 104 105 106 107 108 109 111 112 113 114 115 116 117 118 119 120 121 121 122 123 124 125 126 127 128
0 0 0 0 0 0 0 0 0 0 0 0 0 0 0 0 0 0 0 0 0 0 0 0 0 0 0 0 0 0 0 0 61 61 61 61 61 61 61 61 61 61 61 61 61 61 64 66 68 70 72 74 75 77 79 80 82 84 85 87 88 90 91 92 94 95 96 98 99 100 101 103 104 105 106 107 108 110 111 112 113 114 115 116 117 118 119 120 120 121 122 123 124 125 126 127
0 0 0 0 0 0 0 0 0 0 0 0 0 0 0 0 0 0 0 0 0 0 0 0 0 0 0 0 0 0 0 0 0 61 61 61 61 61 61 61 61 61 61 61 61 61 62 64 66 68 70 72 74 76 77 79 81 82 84 85 87 88 90 91 93 94 95 97 98 99 100 102 103 104 105 106 107 108 110 111 112 113 114 115 116 117 118 119 120 120 121 122 123 124 125 126
0 0 0 0 0 0 0 0 0 0 0 0 0 0 0 0 0 0 0 0 0 0 0 0 0 0 0 0 0 0 0 0 0 0 61 61 61 61 61 61 61 61 61 61 61 61 61 62 64 66 68 70 72 74 76 78 79 81 82 84 86 87 89 90 91 93 94 95 97 98 99 100 102 103 104 105 106 107 108 110 111 112 113 114 115 116 117 118 119 119 120 121 122 123 124 125
0 0 0 0 0 0 0 0 0 0 0 0 0 0 0 0 0 0 0 0 0 0 0 0 0 0 0 0 0 0 0 0 0 0 0 61 61 61 61 61 61 61 61 61 61 61 61 61 62 65 67 69 71 72 74 76 78 79 81 83 84 86 87 89 90 91 93 94 95 97 98 99 100 102 103 104 105 106 107 108 110 111 112 113 114 115 116 117 118 119 119 120 121 122 123 124
0 0 0 0 0 0 0 0 0 0 0 0 0 0 0 0 0 0 0 0 0 0 0 0 0 0 0 0 0 0 0 0 0 0 0 61 61 61 61 61 61 61 61 61 61 61 61 61 61 63 65 67 69 71 73 74 76 78 80 81 83 84 86 87 89 90 92 93 94 96 97 98 99 101 102 103 104 105 106 107 108 110 111 112 113 114 115 116 117 118 118 119 120 121 122 123
0 0 0 0 0 0 0 0 0 0 0 0 0 0 0 0 0 0 0 0 0 0 0 0 0 0 0 0 0 0 0 0 0 0 0 0 61 61 61 61 61 61 61 61 61 61 61 61 61 61 63 65 67 69 71 73 75 76 78 80 81 83 84 86 87 89 90 92 93 94 96 97 98 99 101 102 103 104 105 106 107 108 110 111 112 113 114 115 116 117 117 118 119 120 121 122
0 0 0 0 0 0 0 0 0 0 0 0 0 0 0 0 0 0 0 0 0 0 0 0 0 0 0 0 0 0 0 0 0 0 0 0 0 61 61 61 61 61 61 61 61 61 61 61 61 61 61 63 65 67 69 71 73 75 77 78 80 81 83 85 86 88 89 90 92 93 94 96 97 98 99 101 102 103 104 105 106 107 108 109 111 112 113 114 115 116 116 117 118 119 120 121
0 0 0 0 0 0 0 0 0 0 0 0 0 0 0 0 0 0 0 0 0 0 0 0 0 0 0 0 0 0 0 0 0 0 0 0 0 0 61 61 61 61 61 61 61 61 61 61 61 61 61 61 64 66 68 70 71 73 75 77 78 80 82 83 85 86 88 89 90 92 93 94 96 97 98 99 101 102 103 104 105 106 107 108 109 110 112 113 113 114 115 116 117 118 119 120
0 0 0 0 0 0 0 0 0 0 0 0 0 0 0 0 0 0 0 0 0 0 0 0 0 0 0 0 0 0 0 0 0 0 0 0 0 0 0 61 61 61 61 61 61 61 61 61 61 61 61 61 62 64 66 68 70 72 73 75 77 79 80 82 83 85 86 88 89 90 92 93 94 96 97 98 99 101 102 103 104 105 106 107 108 109 110 111 112 113 114 115 116 117 118 119
0 0 0 0 0 0 0 0 0 0 0 0 0 0 0 0 0 0 0 0 0 0 0 0 0 0 0 0 0 0 0 0 0 0 0 0 0 0 0 0 61 61 61 61 61 61 61 61 61 61 61 61 61 62 64 66 68 70 72 74 75 77 79 80 82 83 85 86 88 89 90 92 93 94 96 97 98 99 101 102 103 104 105 106 107 108 109 110 111 112 113 114 115 116 117 118
0 0 0 0 0 0 0 0 0 0 0 0 0 0 0 0 0 0 0 0 0 0 0 0 0 0 0 0 0 0 0 0 0 0 0 0 0 0 0 0 61 61 61 61 61 61 61 61 61 61 61 61 61 61 62 64 66 68 70 72 74 75 77 79 80 82 83 85 86 88 89 90 92 93 94 96 97 98 99 101 102 103 104 105 106 107 108 109 110 111 112 113 114 115 116 117
0 0 0 0 0 0 0 0 0 0 0 0 0 0 0 0 0 0 0 0 0 0 0 0 0 0 0 0 0 0 0 0 0 0 0 0 0 0 0 0 0 61 61 61 61 61 61 61 61 61 61 61 61 61 61 62 64 66 68 70 72 74 75 77 79 80 82 83 85 86 88 89 90 92 93 94 96 97 98 99 100 102 103 104 105 106 107 108 109 110 111 112 113 114 115 116
0 0 0 0 0 0 0 0 0 0 0 0 0 0 0 0 0 0 0 0 0 0 0 0 0 0 0 0 0 0 0 0 0 0 0 0 0 0 0 0 0 0 61 61 61 61 61 61 61 61 61 61 61 61 61 61 62 64 66 68 70 72 74 76 77 79 80 82 83 85 86 88 89 90 92 93 94 96 97 98 99 100 102 103 104 105 106 107 108 109 110 111 112 113 114 115
0 0 0 0 0 0 0 0 0 0 0 0 0 0 0 0 0 0 0 0 0 0 0 0 0 0 0 0 0 0 0 0 0 0 0 0 0 0 0 0 0 0 0 61 61 61 61 61 61 61 61 61 61 61 61 61 61 63 65 67 69 70 72 74 76 77 79 80 82 83 85 86 88 89 90 92 93 94 96 97 98 99 100 101 103 104 105 106 107 108 109 110 111 112 113 114
0 0 0 0 0 0 0 0 0 0 0 0 0 0 0 0 0 0 0 0 0 0 0 0 0 0 0 0 0 0 0 0 0 0 0 0 0 0 0 0 0 0 0 0 61 61 61 61 61 61 61 61 61 61 61 61 61 61 63 65 67 69 70 72 74 76 77 79 80 82 83 85 86 88 89 90 92 93 94 96 97 98 99 100 101 103 104 105 106 107 108 109 110 111 112 113
0 0 0 0 0 0 0 0 0 0 0 0 0 0 0 0 0 0 0 0 0 0 0 0 0 0 0 0 0 0 0 0 0 0 0 0 0 0 0 0 0 0 0 0 0 61 61 61 61 61 61 61 61 61 61 61 61 61 61 63 65 67 69 70 72 74 76 77 79 80 82 83 85 86 88 89 90 92 93 94 95 97 98 99 100 101 102 103 105 106 107 108 109 110 111 112
0 0 0 0 0 0 0 0 0 0 0 0 0 0 0 0 0 0 0 0 0 0 0 0 0 0 0 0 0 0 0 0 0 0 0 0 0 0 0 0 0 0 0 0 0 0 61 61 61 61 61 61 61 61 61 61 61 61 61 61 63 65 67 69 71 72 74 76 77 79 80 82 83 85 86 88 89 90 92 93 94 95 97 98 99 100 101 102 103 104 105 107 108 109 110 111
0 0 0 0 0 0 0 0 0 0 0 0 0 0 0 0 0 0 0 0 0 0 0 0 0 0 0 0 0 0 0 0 0 0 0 0 0 0 0 0 0 0 0 0 0 0 0 61 61 61 61 61 61 61 61 61 61 61 61 61 61 63 65 67 69 71 72 74 76 77 79 80 82 83 85 86 88 89 90 92 93 94 95 96 98 99 100 101 102 103 104 105 106 107 108 109
0 0 0 0 0 0 0 0 0 0 0 0 0 0 0 0 0 0 0 0 0 0 0 0 0 0 0 0 0 0 0 0 0 0 0 0 0 0 0 0 0 0 0 0 0 0 0 61 61 61 61 61 61 61 61 61 61 61 61 61 61 61 63 65 67 69 71 72 74 76 77 79 80 82 83 85 86 87 89 90 91 93 94 95 96 98 99 100 101 102 103 104 105 106 107 108
0 0 0 0 0 0 0 0 0 0 0 0 0 0 0 0 0 0 0 0 0 0 0 0 0 0 0 0 0 0 0 0 0 0 0 0 0 0 0 0 0 0 0 0 0 0 0 0 61 61 61 61 61 61 61 61 61 61 61 61 61 61 61 63 65 67 69 71 72 74 76 77 79 80 82 83 85 86 87 89 90 91 93 94 95 96 97 99 100 101 102 103 104 105 106 107
0 0 0 0 0 0 0 0 0 0 0 0 0 0 0 0 0 0 0 0 0 0 0 0 0 0 0 0 0 0 0 0 0 0 0 0 0 0 0 0 0 0 0 0 0 0 0 0 0 61 61 61 61 61 61 61 61 61 61 61 61 61 61 61 63 65 67 69 70 72 74 76 77 79 80 82 83 85 86 87 89 90 91 92 94 95 96 97 98 99 101 102 103 104 105 106
0 0 0 0 0 0 0 0 0 0 0 0 0 0 0 0 0 0 0 0 0 0 0 0 0 0 0 0 0 0 0 0 0 0 0 0 0 0 0 0 0 0 0 0 0 0 0 0 0 0 61 61 61 61 61 61 61 61 61 61 61 61 61 61 61 63 65 67 69 70 72 74 75 77 79 80 82 83 84 86 87 88 90 91 92 94 95 96 97 98 99 100 101 103 104 105
0 0 0 0 0 0 0 0 0 0 0 0 0 0 0 0 0 0 0 0 0 0 0 0 0 0 0 0 0 0 0 0 0 0 0 0 0 0 0 0 0 0 0 0 0 0 0 0 0 0 0 61 61 61 61 61 61 61 61 61 61 61 61 61 61 61 63 65 67 69 70 72 74 75 77 79 80 81 83 84 86 87 88 90 91 92 93 95 96 97 98 99 100 101 102 103
0 0 0 0 0 0 0 0 0 0 0 0 0 0 0 0 0 0 0 0 0 0 0 0 0 0 0 0 0 0 0 0 0 0 0 0 0 0 0 0 0 0 0 0 0 0 0 0 0 0 0 0 61 61 61 61 61 61 61 61 61 61 61 61 61 61 61 63 65 67 69 70 72 74 75 77 78 80 81 83 84 86 87 88 89 91 92 93 94 96 97 98 99 100 101 102
0 0 0 0 0 0 0 0 0 0 0 0 0 0 0 0 0 0 0 0 0 0 0 0 0 0 0 0 0 0 0 0 0 0 0 0 0 0 0 0 0 0 0 0 0 0 0 0 0 0 0 0 0 61 61 61 61 61 61 61 61 61 61 61 61 61 61 61 63 65 67 68 70 72 74 75 77 78 80 81 83 84 85 87 88 89 91 92 93 94 95 96 98 99 100 101
0 0 0 0 0 0 0 0 0 0 0 0 0 0 0 0 0 0 0 0 0 0 0 0 0 0 0 0 0 0 0 0 0 0 0 0 0 0 0 0 0 0 0 0 0 0 0 0 0 0 0 0 0 0 61 61 61 61 61 61 61 61 61 61 61 61 61 61 61 63 65 66 68 70 72 73 75 77 78 80 81 82 84 85 87 88 89 90 92 93 94 95 96 97 98 100
0 0 0 0 0 0 0 0 0 0 0 0 0 0 0 0 0 0 0 0 0 0 0 0 0 0 0 0 0 0 0 0 0 0 0 0 0 0 0 0 0 0 0 0 0 0 0 0 0 0 0 0 0 0 0 61 61 61 61 61 61 61 61 61 61 61 61 61 61 61 63 65 66 68 70 72 73 75 76 78 79 81 82 84 85 86 88 89 90 91 93 94 95 96 97 98
0 0 0 0 0 0 0 0 0 0 0 0 0 0 0 0 0 0 0 0 0 0 0 0 0 0 0 0 0 0 0 0 0 0 0 0 0 0 0 0 0 0 0 0 0 0 0 0 0 0 0 0 0 0 0 0 61 61 61 61 61 61 61 61 61 61 61 61 61 61 61 62 64 66 68 70 71 73 75 76 78 79 81 82 83 85 86 87 89 90 91 92 94 95 96 97
0 0 0 0 0 0 0 0 0 0 0 0 0 0 0 0 0 0 0 0 0 0 0 0 0 0 0 0 0 0 0 0 0 0 0 0 0 0 0 0 0 0 0 0 0 0 0 0 0 0 0 0 0 0 0 0 0 61 61 61 61 61 61 61 61 61 61 61 61 61 61 61 62 64 66 68 70 71 73 74 76 78 79 80 82 83 85 86 87 88 90 91 92 93 94 96
0 0 0 0 0 0 0 0 0 0 0 0 0 0 0 0 0 0 0 0 0 0 0 0 0 0 0 0 0 0 0 0 0 0 0 0 0 0 0 0 0 0 0 0 0 0 0 0 0 0 0 0 0 0 0 0 0 0 61 61 61 61 61 61 61 61 61 61 61 61 61 61 61 62 64 66 68 69 71 73 74 76 77 79 80 82 83 84 86 87 88 89 91 92 93 94
0 0 0 0 0 0 0 0 0 0 0 0 0 0 0 0 0 0 0 0 0 0 0 0 0 0 0 0 0 0 0 0 0 0 0 0 0 0 0 0 0 0 0 0 0 0 0 0 0 0 0 0 0 0 0 0 0 0 0 61 61 61 61 61 61 61 61 61 61 61 61 61 61 61 62 64 66 67 69 71 72 74 76 77 79 80 81 83 84 85 87 88 89 90 92 93
0 0 0 0 0 0 0 0 0 0 0 0 0 0 0 0 0 0 0 0 0 0 0 0 0 0 0 0 0 0 0 0 0 0 0 0 0 0 0 0 0 0 0 0 0 0 0 0 0 0 0 0 0 0 0 0 0 0 0 0 61 61 61 61 61 61 61 61 61 61 61 61 61 61 61 62 64 65 67 69 71 72 74 75 77 78 80 81 82 84 85 86 88 89 90 91
0 0 0 0 0 0 0 0 0 0 0 0 0 0 0 0 0 0 0 0 0 0 0 0 0 0 0 0 0 0 0 0 0 0 0 0 0 0 0 0 0 0 0 0 0 0 0 0 0 0 0 0 0 0 0 0 0 0 0 0 0 61 61 61 61 61 61 61 61 61 61 61 61 61 61 61 61 63 65 67 69 70 72 74 75 77 78 79 81 82 84 85 86 87 89 90
0 0 0 0 0 0 0 0 0 0 0 0 0 0 0 0 0 0 0 0 0 0 0 0 0 0 0 0 0 0 0 0 0 0 0 0 0 0 0 0 0 0 0 0 0 0 0 0 0 0 0 0 0 0 0 0 0 0 0 0 0 0 61 61 61 61 61 61 61 61 61 61 61 61 61 61 61 61 63 65 67 68 70 72 73 75 76 78 79 81 82 83 85 86 87 88
0 0 0 0 0 0 0 0 0 0 0 0 0 0 0 0 0 0 0 0 0 0 0 0 0 0 0 0 0 0 0 0 0 0 0 0 0 0 0 0 0 0 0 0 0 0 0 0 0 0 0 0 0 0 0 0 0 0 0 0 0 0 0 61 61 61 61 61 61 61 61 61 61 61 61 61 61 61 61 63 65 66 68 70 71 73 74 76 77 79 80 82 83 84 85 87
