testData/tiles/oneDegree/grid44.0-38.0-45.0-39.0.asc
ncols   200
nrows   200
xllcorner   44.0
yllcorner   38.0
cellsize   0.005
NODATA_value   -9999.0
[rows 0 to 41 of 200, columns 94 to 187 of 200]
482 482 481 482 481 480 480 479 480 479 479 478 477 477 476 476 475 474 474 473 474 473 472 472 470 470 470 470 469 468 468 466 466 466 465 465 464 464 462 461 463 462 462 462 460 460 460 460 460 460 459 458 459 458 457 456 456 457 455 455 455 454 453 452 453 452 452 451 451 451 449 449 468 467 466 465 466 465 464 464 462 463 462 461 460 459 460 458 458 457 456 456 455 455
483 483 482 482 481 480 481 480 480 479 478 478 478 478 477 476 475 474 475 474 474 473 472 472 471 471 470 469 469 468 468 468 467 466 465 465 464 464 463 463 463 462 463 462 460 461 461 461 461 460 459 458 459 458 458 458 457 457 456 456 455 454 454 454 454 453 453 452 451 470 468 469 468 468 467 467 467 465 464 464 464 463 462 461 460 461 461 459 459 458 456 457 456 455
484 484 483 482 482 481 481 480 480 479 479 479 478 478 477 476 476 475 475 474 474 473 473 473 472 471 470 469 470 469 469 468 466 466 465 466 465 465 465 463 463 463 463 463 463 462 461 462 461 460 459 460 460 459 459 458 457 457 457 456 456 455 456 454 454 453 453 471 470 470 471 470 469 468 467 467 467 466 464 465 464 464 463 462 462 461 461 459 459 459 457 457 456 455
484 484 484 484 483 481 481 480 481 480 479 479 478 478 478 477 477 475 475 474 475 474 473 473 472 472 471 470 470 469 469 468 467 467 466 466 465 466 465 463 465 464 464 463 463 462 461 462 462 461 461 460 460 459 460 458 457 459 458 457 456 456 456 454 473 473 473 472 471 472 471 470 469 468 469 467 467 467 466 466 465 464 463 463 462 461 461 459 459 459 458 458 457 456
485 485 484 483 483 482 482 481 481 480 479 479 479 479 478 477 477 476 476 475 474 474 473 473 473 473 472 470 470 469 469 469 468 468 466 466 465 465 466 465 465 464 464 464 463 463 463 463 462 462 462 460 460 460 460 459 459 459 458 458 457 475 475 475 475 474 473 473 472 472 471 469 469 469 470 468 468 468 466 466 465 465 464 463 463 462 462 462 460 460 459 458 457 457
485 485 484 483 484 483 483 481 480 480 480 480 479 479 478 478 478 477 477 475 474 474 474 474 473 473 472 470 471 470 470 469 468 468 466 467 467 466 466 466 466 464 465 465 464 465 463 463 462 462 462 461 462 461 460 460 459 459 458 477 477 476 476 476 475 474 473 474 472 472 472 471 471 470 470 468 468 468 467 466 465 466 465 464 464 462 463 462 460 460 459 458 458 457
485 485 485 484 484 483 483 482 481 481 480 480 479 480 479 478 478 477 477 476 475 475 474 474 473 472 473 472 471 470 470 469 468 469 468 468 467 466 467 466 467 466 465 465 464 465 464 463 464 463 463 463 462 461 460 461 478 479 478 478 478 476 477 476 476 474 473 475 473 473 472 472 471 470 470 470 468 468 468 467 467 467 465 464 464 463 463 462 460 460 459 460 459 458
486 486 485 484 484 483 484 483 482 482 480 481 480 479 479 478 478 478 478 477 475 475 474 474 474 473 473 472 472 470 469 470 469 469 468 468 467 466 468 467 467 467 465 465 465 465 465 464 464 463 464 463 462 480 481 481 480 479 479 478 478 476 477 476 476 475 475 475 474 473 473 472 471 470 472 471 469 469 468 468 467 466 466 464 465 464 464 463 462 461 461 460 459 458
486 485 485 484 485 484 484 483 482 483 482 481 480 479 479 479 479 478 477 477 476 475 475 475 474 473 473 472 473 471 470 470 469 469 469 468 468 468 468 467 468 467 465 467 466 466 466 464 464 463 464 482 481 482 481 481 480 480 479 478 478 478 478 477 476 476 475 475 474 474 473 473 473 472 472 471 469 469 469 469 467 466 467 466 466 465 464 463 463 462 461 461 459 458
486 485 486 485 485 484 483 484 483 483 482 482 480 480 480 479 479 478 477 477 477 477 475 475 474 473 474 473 473 472 470 470 469 471 470 469 470 468 468 468 468 468 468 467 466 466 466 465 464 484 484 483 483 482 481 481 481 480 480 479 480 479 478 477 477 477 475 475 476 474 474 473 473 472 472 471 470 470 469 470 468 467 468 466 466 465 463 464 463 462 461 461 460 460
487 486 486 485 485 484 484 484 483 483 482 482 482 480 480 479 479 478 478 478 477 477 476 474 475 474 474 473 473 472 470 471 470 471 470 469 470 468 469 469 468 468 468 467 466 467 486 485 485 484 484 483 483 482 481 483 482 481 480 480 480 479 478 478 478 478 476 477 476 475 474 473 474 472 471 472 472 471 470 470 468 468 468 466 466 465 464 464 464 463 462 461 461 460
487 486 486 485 486 485 484 484 483 484 483 482 482 481 480 479 480 479 478 478 477 477 477 475 475 474 474 473 472 473 472 471 471 471 470 470 471 470 470 469 468 469 468 467 487 486 486 485 486 484 484 484 484 484 482 483 482 481 481 480 480 480 479 479 478 478 477 477 476 475 474 474 475 474 472 473 472 471 470 469 469 468 468 467 467 467 466 465 464 464 462 462 462 460
487 486 487 486 485 485 484 484 484 484 483 482 482 481 482 480 479 479 478 478 478 478 477 476 475 474 474 474 473 473 472 473 471 470 472 471 471 471 470 469 469 489 488 489 487 486 486 486 486 484 485 485 484 484 483 483 482 481 481 481 481 480 480 479 478 478 478 477 476 476 476 475 475 474 473 473 472 471 470 470 471 469 469 468 468 467 466 465 464 464 463 462 462 461
489 488 487 486 485 485 485 485 484 484 483 482 483 482 482 480 479 479 479 479 478 477 477 476 477 475 475 474 473 473 472 474 472 471 472 471 471 471 470 489 489 489 488 489 487 486 487 487 487 486 485 485 484 485 483 483 483 483 483 481 481 481 480 479 478 480 479 477 477 477 477 475 475 474 473 473 473 473 472 471 471 469 469 469 467 467 466 465 464 466 464 463 463 461
489 488 488 486 486 486 485 485 484 483 484 483 483 482 482 481 480 480 479 479 478 477 478 477 477 475 474 474 473 474 474 474 473 472 472 471 472 491 490 490 489 489 489 488 489 488 488 487 487 487 485 485 485 486 485 483 484 483 483 481 482 481 481 480 480 480 479 477 478 477 477 475 474 476 475 474 473 474 472 471 471 469 470 469 467 468 467 466 466 465 464 463 463 462
489 488 488 488 486 486 485 485 485 484 484 483 483 482 482 482 481 480 479 479 479 478 478 477 477 476 474 475 474 475 474 473 474 472 473 492 492 491 491 491 489 490 490 489 489 488 488 487 488 487 486 486 486 486 485 484 484 483 483 483 482 482 481 482 480 480 479 479 478 477 478 476 476 476 475 474 473 473 472 471 471 471 471 470 469 468 467 468 466 465 465 463 464 462
490 489 488 488 487 487 486 485 485 484 484 483 484 483 482 482 481 481 480 479 479 478 478 477 477 477 476 475 474 475 474 473 475 493 492 492 491 491 491 491 490 491 490 489 490 489 488 488 488 488 487 487 486 486 485 484 484 484 485 484 482 482 482 482 480 479 479 480 479 478 478 478 476 476 475 474 474 473 474 472 472 472 470 470 469 468 468 468 466 465 465 465 465 464
490 489 488 488 488 488 487 485 485 484 485 484 484 483 482 482 482 482 480 479 479 478 478 478 477 477 476 475 475 475 494 494 494 493 493 492 491 493 492 492 491 491 490 490 490 490 489 489 488 488 488 487 486 485 487 486 485 484 485 484 482 482 482 482 481 480 481 480 479 478 478 478 476 476 475 476 475 474 474 472 473 472 470 470 469 469 468 469 467 466 467 465 465 464
489 489 489 489 488 488 487 486 486 485 485 484 483 483 483 483 482 482 481 479 479 479 479 478 477 477 476 476 495 494 495 494 494 494 494 493 493 493 492 493 492 490 490 491 491 490 490 489 488 489 488 488 487 487 487 486 485 485 484 484 483 484 483 483 482 481 481 480 480 479 478 479 477 477 477 476 475 474 474 473 473 472 470 471 471 470 469 468 467 467 467 465 465 464
489 490 489 489 488 487 488 487 487 485 485 484 484 484 483 483 482 481 481 481 480 479 479 478 477 477 496 497 495 494 495 494 494 495 494 493 493 493 492 493 493 491 492 491 491 491 490 489 488 490 489 489 488 487 487 486 486 485 485 485 485 484 483 482 483 481 481 480 482 480 479 479 477 478 477 476 475 474 475 473 474 473 472 472 471 471 469 468 469 467 467 466 464 464
490 490 489 489 488 488 488 487 487 486 484 485 484 484 483 483 482 482 482 481 481 479 478 479 497 497 497 497 496 495 495 495 496 495 494 495 493 493 494 493 493 493 492 491 491 491 491 490 490 490 489 488 488 487 487 488 488 486 485 486 485 484 483 483 483 482 482 481 481 480 479 479 479 478 477 476 476 476 476 475 473 473 473 472 471 471 469 469 469 468 468 467 465 466
490 490 489 489 489 488 488 487 487 487 486 485 484 484 483 483 483 482 482 481 481 480 498 498 497 497 497 496 497 496 496 496 496 495 495 495 494 495 494 493 493 493 492 491 492 492 491 492 490 490 489 489 489 488 488 488 487 486 485 486 485 484 484 484 484 483 482 482 481 480 479 480 479 478 478 477 478 476 476 475 473 474 473 472 471 470 471 470 470 468 468 467 466 466
490 491 490 489 489 488 488 488 487 487 486 485 484 485 484 483 483 482 482 481 500 500 498 498 497 498 498 497 498 497 496 496 495 495 496 496 495 495 494 493 494 493 494 493 492 492 491 492 490 489 491 490 490 488 489 488 487 486 486 486 486 485 485 484 484 483 483 482 481 481 480 481 480 478 478 478 478 476 476 475 474 474 474 473 472 472 471 470 470 468 467 468 466 466
491 491 490 489 489 489 489 488 487 487 486 487 485 484 484 483 483 482 502 501 500 500 498 498 498 498 498 498 498 497 497 496 496 497 496 496 496 494 494 495 495 494 494 493 492 492 492 492 491 490 491 490 490 489 488 488 487 489 487 487 486 486 485 484 484 484 482 483 482 482 481 481 480 479 479 478 478 476 475 477 475 475 474 474 473 472 472 470 470 469 468 468 467 467
491 490 490 490 490 489 488 488 487 488 487 487 486 484 484 483 503 502 501 501 500 500 500 499 499 498 498 498 498 498 498 497 496 497 496 496 496 495 495 495 495 494 494 493 492 494 493 493 492 491 491 490 490 490 489 489 489 489 487 487 487 486 485 484 485 485 483 483 482 483 481 480 480 479 479 479 479 477 477 477 476 475 474 473 473 472 472 470 471 471 469 469 468 467
491 490 491 490 490 489 488 488 488 488 487 486 486 485 504 503 503 502 501 501 501 501 500 499 499 498 499 499 499 499 498 497 497 497 496 497 497 496 496 495 495 495 494 495 493 494 493 492 493 491 491 490 492 491 489 489 489 489 487 486 487 487 487 485 486 485 484 483 483 483 481 480 481 481 480 479 478 477 477 477 476 475 474 474 473 473 473 471 471 471 469 469 468 467
492 491 491 490 490 489 489 489 488 488 487 486 506 505 504 503 502 502 502 502 501 501 500 500 499 499 500 499 499 499 498 499 497 498 498 497 497 496 496 495 494 496 495 495 494 494 493 492 493 492 492 492 491 491 489 490 489 489 488 488 488 487 487 486 485 485 484 484 483 484 483 481 482 481 480 479 478 479 477 477 476 475 476 475 474 473 473 472 471 471 469 469 468 467
493 491 491 490 490 490 489 489 488 487 488 506 506 505 505 503 502 503 502 502 501 500 501 501 501 500 500 499 499 499 498 500 498 497 498 497 497 497 498 496 496 496 495 496 494 493 493 494 494 493 492 492 491 491 490 490 490 489 490 488 488 487 488 486 485 485 485 485 484 483 483 482 482 481 480 479 479 479 478 478 477 476 476 475 474 473 473 472 471 471 469 470 470 468
493 492 491 491 490 490 489 489 489 507 507 506 506 505 504 505 503 503 502 502 501 501 502 501 501 500 499 500 499 500 500 500 499 498 498 497 499 498 497 497 496 496 495 496 496 494 495 494 494 493 492 492 491 492 492 491 490 490 490 488 488 487 487 487 486 486 486 485 484 483 484 482 482 481 481 481 480 480 478 478 478 476 476 475 475 474 473 474 472 472 471 470 470 468
493 493 492 491 490 490 489 508 508 507 507 506 506 506 505 505 503 503 502 501 502 502 502 501 502 501 499 501 500 500 500 499 499 498 499 498 499 498 497 497 496 496 497 496 496 494 495 494 494 494 492 493 492 493 492 490 490 490 490 488 488 489 488 488 486 487 486 485 484 483 484 483 483 482 482 481 480 480 478 478 478 477 476 475 477 475 474 474 472 472 472 470 470 469
493 493 492 492 490 510 509 508 508 507 507 507 506 506 505 505 504 503 503 502 502 502 502 502 501 502 501 501 500 501 500 499 501 499 499 499 498 498 498 498 497 497 497 496 496 495 495 494 493 495 494 493 493 493 492 490 491 490 491 490 489 489 488 488 487 487 486 485 485 485 485 484 482 483 482 481 480 480 480 478 479 478 477 476 476 475 474 474 472 473 472 470 470 469
493 493 492 512 511 509 509 508 508 508 508 507 506 506 505 505 505 504 503 502 503 502 502 503 502 502 501 501 500 500 501 501 501 500 499 499 498 498 499 499 497 497 497 496 497 496 496 495 495 495 494 493 493 492 492 493 492 491 491 491 489 489 488 488 487 486 487 486 486 485 485 484 482 483 482 481 480 480 481 479 479 478 477 477 476 475 474 474 473 472 472 471 471 470
493 493 512 512 511 510 509 508 509 508 507 507 506 506 506 506 505 504 503 502 503 503 503 503 502 503 502 501 502 501 501 501 501 500 499 499 499 500 499 499 498 497 497 496 498 497 495 496 495 495 494 494 493 493 493 493 492 491 490 491 489 489 488 490 488 487 487 487 486 485 484 484 483 483 483 483 481 481 481 479 479 478 477 477 476 475 474 476 474 473 473 471 471 471
513 513 512 511 511 510 511 509 509 508 507 507 507 507 506 505 505 504 504 504 504 503 503 503 502 503 503 502 502 501 502 501 501 501 500 500 499 500 499 498 499 497 498 498 498 497 495 496 495 495 496 494 494 493 494 493 492 491 491 491 490 490 490 489 489 487 487 487 487 485 484 486 484 484 483 482 482 481 481 479 479 479 477 477 477 477 476 475 475 473 473 471 472 471
513 512 512 511 512 511 511 510 508 508 507 508 507 507 506 505 505 505 505 504 503 504 503 503 504 504 503 503 502 501 502 501 501 502 501 500 500 500 499 499 500 498 498 498 497 497 497 496 496 496 496 495 494 494 494 493 491 492 492 492 491 491 490 489 489 487 488 487 487 486 486 486 484 484 483 483 482 481 481 479 480 480 479 478 477 477 476 475 475 473 473 473 471 471
513 512 512 512 512 511 510 510 508 509 508 508 507 506 506 506 506 505 506 505 503 504 504 504 504 503 504 503 502 502 503 502 502 502 501 501 500 500 500 500 500 498 499 498 497 498 498 497 496 496 496 495 494 494 494 494 493 493 492 492 491 490 490 489 489 489 489 488 487 486 486 486 485 483 484 483 482 482 482 482 480 480 479 478 477 477 476 475 475 473 474 474 472 472
513 513 513 512 512 511 510 511 510 509 508 507 507 506 507 506 506 505 505 505 505 505 504 505 504 503 504 503 504 503 502 502 502 502 501 503 501 500 501 500 500 500 498 498 498 499 498 497 497 496 496 495 495 495 494 494 494 493 492 492 492 490 490 490 491 489 488 488 487 487 486 486 485 483 485 484 483 482 481 482 480 480 479 478 478 477 476 476 476 474 474 474 472 472
514 513 513 512 511 511 511 511 510 510 508 507 508 507 507 506 505 506 505 506 506 505 505 504 504 504 505 504 505 503 502 503 502 503 503 502 501 501 501 500 500 501 499 499 499 499 498 496 497 496 497 497 496 495 494 495 494 493 492 492 493 491 491 490 491 489 488 488 488 487 486 486 486 485 485 484 484 482 482 482 480 480 479 478 479 478 477 476 476 475 474 474 472 472
514 513 512 512 512 512 511 511 510 509 509 508 508 507 507 506 505 507 506 507 506 504 505 504 505 505 505 504 504 503 502 504 503 503 503 502 501 501 501 501 501 501 499 499 499 499 498 498 498 497 497 497 496 495 494 495 494 493 493 493 493 492 491 491 490 490 488 489 489 489 487 486 487 485 485 484 483 483 482 482 480 481 481 479 479 478 477 476 476 475 474 474 472 472
514 513 513 513 512 512 511 510 510 510 510 508 508 507 506 507 507 507 506 507 506 506 506 505 506 505 504 505 504 505 504 504 503 503 503 502 502 502 502 501 501 501 499 500 499 498 499 499 498 497 498 497 496 495 495 496 495 493 494 493 493 492 492 491 490 490 489 490 489 488 487 487 487 485 485 484 484 484 483 483 481 481 481 479 479 478 478 477 476 476 474 475 473 473
513 514 513 513 512 512 511 511 511 510 510 509 507 508 507 507 507 507 507 506 507 507 506 505 506 505 504 506 505 505 504 503 503 503 503 503 504 502 501 502 501 501 501 499 500 499 500 499 498 497 497 497 496 497 496 496 495 495 494 493 493 492 491 492 491 491 490 490 489 488 487 487 487 486 485 486 485 484 483 483 481 481 481 480 479 478 478 477 477 477 475 475 475 473
514 514 513 513 512 512 512 511 511 510 510 509 508 508 507 508 507 506 508 507 508 507 506 506 505 505 506 506 505 506 504 503 504 504 504 504 503 502 502 502 501 501 502 500 500 500 500 499 497 498 497 498 497 497 496 495 495 495 494 493 494 494 492 492 491 492 490 489 489 488 488 487 488 487 485 486 485 484 483 482 483 481 481 480 480 480 479 478 477 477 475 475 475 473
