testData/tiles/oneDegree/grid17.0-23.0-18.0-24.0.asc
ncols   200
nrows   200
xllcorner   17.0
yllcorner   23.0
cellsize   0.005
NODATA_value   -9999.0
[rows 126 to 167 of 200, columns 0 to 93 of 200]
591 591 591 590 590 630 629 629 628 628 476 475 435 434 434 434 433 433 432 432 431 431 431 430 430 429 429 428 428 427 427 427 426 426 425 425 424 424 423 423 422 422 421 421 420 420 419 419 418 418 417 417 416 416 415 414 414 413 413 412 412 411 411 410 409 409 408 408 407 406 406 405 405 404 403 403 402 401 401 400 399 399 398 397 397 396 395 395 394 393 392 392 391 390
591 591 590 590 589 629 629 628 628 627 475 475 434 434 433 433 433 432 432 431 431 430 430 430 429 429 428 428 427 427 426 426 426 425 425 424 424 423 423 422 422 421 421 420 420 419 419 418 418 417 417 416 416 415 414 414 413 413 412 412 411 411 410 409 409 408 408 407 406 406 405 405 404 403 403 402 401 401 400 399 399 398 397 397 396 395 395 394 393 393 392 391 390 390
590 590 590 589 589 629 628 628 627 475 475 474 434 433 433 432 432 432 431 431 430 430 430 429 429 428 428 427 427 426 426 425 425 425 424 424 423 423 422 422 421 421 420 420 419 419 418 418 417 417 416 415 415 414 414 413 413 412 412 411 410 410 409 409 408 408 407 406 406 405 405 404 403 403 402 401 401 400 399 399 398 397 397 396 395 395 394 393 393 392 391 390 390 389
590 590 589 589 588 628 628 627 627 474 474 474 433 433 432 432 432 431 431 430 430 429 429 429 428 428 427 427 426 426 425 425 424 424 423 423 423 422 422 421 421 420 420 419 419 418 417 417 416 416 415 415 414 414 413 413 412 412 411 410 410 409 409 408 408 407 406 406 405 404 404 403 403 402 401 401 400 399 399 398 397 397 396 395 395 394 393 393 392 391 390 390 389 388
589 589 589 588 588 627 627 627 474 474 473 473 433 432 432 431 431 431 430 430 429 429 428 428 428 427 427 426 426 425 425 424 424 423 423 422 422 421 421 420 420 419 419 418 418 417 417 416 416 415 415 414 414 413 413 412 411 411 410 410 409 409 408 407 407 406 406 405 404 404 403 403 402 401 401 400 399 399 398 397 397 396 395 395 394 393 393 392 391 390 390 389 388 387
589 588 588 588 587 627 627 626 474 473 473 473 432 432 431 431 430 430 430 429 429 428 428 427 427 426 426 426 425 425 424 424 423 423 422 422 421 421 420 420 419 419 418 418 417 417 416 416 415 415 414 414 413 413 412 411 411 410 410 409 409 408 407 407 406 406 405 404 404 403 403 402 401 401 400 399 399 398 397 397 396 395 395 394 393 393 392 391 390 390 389 388 387 387
588 588 588 587 587 626 626 474 473 473 472 472 432 431 431 430 430 429 429 429 428 428 427 427 426 426 425 425 425 424 424 423 423 422 422 421 421 420 420 419 419 418 418 417 417 416 416 415 415 414 414 413 412 412 411 411 410 410 409 409 408 407 407 406 406 405 404 404 403 403 402 401 401 400 399 399 398 397 397 396 395 395 394 393 393 392 391 390 390 389 388 387 387 387
588 587 587 587 586 626 625 473 473 472 472 471 431 431 430 430 429 429 428 428 428 427 427 426 426 425 425 424 424 424 423 423 422 422 421 421 420 420 419 419 418 423 417 417 416 416 415 415 414 413 413 412 412 411 411 410 410 409 408 408 407 407 406 406 405 404 404 403 402 402 401 401 400 399 399 398 397 397 396 395 395 394 393 393 392 391 390 390 389 388 387 387 386 386
587 587 586 586 586 625 625 472 472 472 471 471 430 430 430 429 429 428 428 427 427 432 431 431 430 430 429 429 428 428 427 427 428 427 427 426 426 425 425 424 424 423 423 422 422 421 420 420 419 419 418 417 416 416 415 415 414 413 413 412 412 411 405 405 404 404 403 402 402 401 401 400 399 399 398 397 397 396 395 395 394 393 393 392 391 390 390 389 388 387 387 386 385 385
587 586 586 585 585 625 472 472 472 471 471 470 430 434 434 434 433 433 432 433 432 432 433 432 432 431 432 431 431 430 430 429 430 429 429 428 428 427 427 426 426 425 425 424 424 423 423 422 422 421 421 419 419 418 417 417 416 415 414 414 413 411 411 410 409 408 407 407 406 406 400 399 399 398 397 397 396 395 395 394 393 393 392 391 390 390 389 388 387 387 386 385 384 385
586 586 585 585 585 624 472 476 476 476 475 475 435 435 435 435 436 435 435 435 435 434 434 435 434 434 433 433 432 433 432 432 431 431 430 430 429 429 428 428 427 427 426 426 425 425 424 424 423 423 422 422 421 420 419 418 418 417 417 416 414 414 413 413 411 410 410 408 407 406 405 404 403 402 402 401 395 395 394 393 392 392 391 390 390 389 388 387 387 386 385 384 385 384
586 590 590 589 589 478 477 478 477 478 478 478 438 437 438 437 437 437 437 437 436 436 435 436 435 435 435 434 434 433 434 433 433 432 432 431 431 430 430 429 429 428 428 427 427 426 426 425 425 424 423 423 422 421 420 420 419 418 418 417 416 415 414 414 413 412 411 410 410 408 407 407 405 405 403 402 401 400 398 397 397 396 390 390 389 388 387 387 386 385 384 384 384 383
591 591 591 592 439 480 480 479 480 479 479 480 439 439 439 439 438 438 439 438 438 437 437 436 437 436 436 435 435 435 434 434 433 433 432 433 432 432 431 431 430 430 429 429 428 427 427 426 425 424 424 423 423 422 422 421 420 420 419 418 417 416 416 415 415 413 412 412 411 409 409 408 406 406 405 403 403 402 400 400 398 396 396 394 393 392 387 386 385 384 384 383 383 382
593 593 594 593 441 481 481 481 481 481 480 481 441 440 440 440 440 439 439 439 438 439 438 438 437 437 436 436 435 436 435 435 434 434 434 433 433 432 431 431 430 430 429 429 428 428 427 427 426 426 425 425 424 423 422 421 421 420 420 419 418 418 416 416 415 414 414 413 411 411 410 409 408 407 406 405 404 403 402 401 400 399 398 396 395 394 392 390 389 389 388 382 382 382
595 594 595 443 442 483 482 482 483 482 482 481 441 442 441 441 440 440 440 440 439 439 439 438 438 438 438 437 437 436 436 435 435 434 434 433 433 432 432 431 431 430 430 429 429 428 428 427 427 426 425 425 424 424 423 423 422 421 420 419 419 418 417 417 416 415 414 413 413 412 410 410 409 408 408 406 405 405 403 402 402 400 399 397 397 396 394 392 392 390 388 388 387 386
596 596 595 444 444 483 484 483 483 483 483 483 442 442 442 441 442 441 441 440 440 439 440 440 439 439 438 438 437 437 436 436 435 435 434 435 434 434 433 433 432 432 431 431 430 430 429 428 427 426 426 425 425 424 424 423 422 422 421 421 420 418 418 417 417 416 415 414 413 412 412 411 410 409 408 407 407 405 404 404 402 401 400 399 398 397 395 395 393 392 390 391 389 388
597 597 445 444 444 485 484 484 483 484 484 483 443 442 443 442 442 442 441 441 440 441 440 440 439 439 439 438 438 437 437 436 437 436 436 435 435 434 434 433 433 432 432 431 430 430 429 429 428 428 427 426 425 424 424 423 423 422 421 421 420 420 418 417 417 416 416 415 414 413 412 411 411 410 408 408 407 406 404 404 403 402 401 400 399 397 397 396 394 393 391 392 390 390
598 598 445 446 446 485 485 485 485 484 484 484 443 444 443 443 442 442 442 442 442 441 441 440 440 439 439 438 438 437 438 437 437 436 436 435 435 434 434 433 433 432 432 431 431 430 430 429 429 428 427 427 426 425 424 424 423 422 422 421 421 420 419 419 417 416 416 415 415 414 412 412 411 410 409 409 407 406 406 405 403 403 402 400 399 399 398 396 395 393 393 393 391 391
599 446 447 446 446 486 486 486 485 485 484 484 445 444 444 443 443 442 442 442 442 442 441 441 440 440 439 439 438 438 438 438 437 437 436 436 435 435 434 434 433 433 432 432 431 431 430 429 429 428 428 427 427 425 424 424 423 423 422 421 421 420 420 419 417 417 416 415 415 414 413 412 411 410 410 409 408 407 406 405 404 403 402 401 401 399 398 397 395 395 394 393 392 391
599 448 447 447 446 486 487 486 486 485 485 485 445 445 444 444 443 443 443 443 442 442 442 441 441 440 440 439 439 438 439 438 438 437 437 436 436 435 435 434 434 433 433 432 431 431 430 430 429 429 428 428 427 425 425 424 424 423 422 422 421 421 420 419 419 417 416 416 415 414 414 413 411 411 410 409 409 407 406 405 405 404 402 401 401 400 398 397 397 395 395 394 392 393
447 448 448 447 447 487 487 486 486 486 485 486 445 445 444 444 444 443 444 443 443 442 442 441 441 440 440 440 439 439 438 439 438 438 437 437 436 435 435 434 434 433 433 432 432 431 431 430 430 429 428 428 426 426 425 424 424 423 423 422 421 421 420 420 419 417 417 416 415 415 414 413 412 411 410 410 409 408 406 406 405 404 402 402 401 400 398 398 397 396 395 394 395 393
449 448 448 448 447 488 487 487 486 486 486 486 446 445 445 444 444 444 443 444 443 443 442 442 441 441 440 440 439 439 438 438 437 438 437 437 436 436 435 435 434 434 433 433 432 432 431 430 430 429 428 427 427 426 425 425 424 424 423 422 422 421 420 420 418 418 417 416 416 415 414 414 412 411 410 410 409 408 407 406 405 404 404 402 401 400 400 398 397 396 396 395 395 394
449 449 448 448 448 488 488 487 487 486 486 487 446 446 445 445 444 444 443 443 444 443 443 442 442 441 441 440 440 439 439 438 438 437 437 436 436 436 436 435 435 434 433 433 432 432 430 430 429 429 428 427 427 426 426 425 424 424 423 423 422 421 421 419 418 418 417 416 416 415 414 414 412 411 411 410 409 409 407 406 405 405 404 402 401 400 400 398 397 396 396 395 395 394
450 449 449 448 448 487 488 488 487 487 486 486 446 446 446 445 445 444 444 443 443 443 443 442 442 442 441 441 440 440 439 439 438 438 437 437 436 435 435 434 434 433 433 432 432 431 431 430 429 429 428 428 427 427 426 425 425 424 423 423 422 422 420 419 419 418 417 417 416 415 415 413 412 412 411 410 409 408 407 406 405 405 404 402 401 401 400 398 397 396 397 395 395 394
450 449 449 449 448 488 488 488 488 487 487 486 446 446 446 446 445 445 444 444 443 443 442 443 442 442 441 441 440 440 439 439 438 438 437 437 436 436 435 435 434 434 433 433 432 431 431 430 430 429 429 428 427 427 426 426 425 424 424 423 421 421 420 420 419 418 418 417 416 416 414 413 412 412 411 410 410 408 407 406 406 405 404 402 402 401 400 398 397 398 397 395 395 394
449 450 449 449 449 488 488 488 488 488 487 487 446 446 445 446 445 445 445 444 444 443 443 442 442 441 442 441 441 440 440 439 439 438 438 437 437 436 436 435 435 434 433 433 432 432 431 431 430 429 429 428 428 427 426 426 425 424 423 422 422 421 420 420 419 418 418 417 415 415 414 413 413 412 411 411 409 408 407 407 406 405 403 403 402 401 400 398 397 398 397 396 395 394
450 449 450 449 449 489 488 488 488 488 487 487 447 446 446 445 445 445 445 444 444 443 443 443 442 442 441 441 440 440 440 440 439 439 438 437 437 436 436 435 435 434 434 433 433 432 431 431 430 430 429 429 428 426 426 425 425 424 423 423 422 421 421 420 419 419 417 416 416 415 414 414 413 412 411 410 409 408 408 407 406 404 403 403 402 401 400 398 398 398 397 396 395 395
450 450 449 450 449 489 489 488 488 487 488 487 447 446 446 446 445 445 444 445 444 444 443 443 442 442 441 441 440 440 439 439 438 438 437 437 436 436 435 435 434 434 433 432 432 431 431 430 430 429 428 428 427 427 426 425 425 424 423 423 422 422 421 420 419 418 417 417 416 415 414 414 413 411 411 410 409 408 408 407 405 404 404 403 402 401 399 399 398 398 397 396 395 395
450 450 450 449 450 489 489 488 488 488 487 487 447 447 446 446 445 445 445 444 444 443 444 443 443 442 442 441 441 440 440 439 439 438 438 437 437 436 435 435 434 434 433 433 432 432 431 430 430 429 429 428 427 427 426 426 425 424 424 423 422 421 420 419 419 418 417 417 416 415 415 413 412 412 411 410 409 409 408 406 405 404 404 403 402 400 399 399 398 398 396 396 395 395
451 450 450 450 449 489 489 489 488 488 488 487 447 446 447 446 446 445 445 444 444 443 443 442 442 442 441 442 441 441 440 439 439 438 438 437 437 436 436 435 435 434 434 433 432 432 431 431 430 430 429 428 428 427 426 426 424 424 423 422 422 421 420 420 419 418 418 417 416 415 414 413 412 412 411 410 409 408 407 406 405 405 404 403 401 400 400 399 398 397 396 396 395 396
450 451 450 450 449 489 489 488 489 488 488 487 447 447 446 446 445 446 445 445 444 444 443 443 442 442 441 441 440 440 439 439 438 438 437 438 437 437 436 436 435 434 434 433 433 432 432 431 429 429 428 428 427 426 426 425 424 424 423 423 422 421 421 420 419 419 417 416 415 415 414 413 413 412 411 409 409 408 407 406 406 405 403 402 401 400 400 399 398 397 396 396 395 395
450 450 451 450 450 489 489 489 488 488 488 488 447 447 446 446 445 445 445 444 444 444 444 443 443 442 442 441 441 440 440 439 439 438 437 437 436 436 435 435 434 434 433 433 432 431 431 430 430 429 428 428 427 427 426 425 425 424 423 423 422 421 420 419 418 418 417 416 416 415 414 413 413 411 410 410 409 408 407 406 406 404 403 402 401 401 400 398 398 397 397 396 394 395
451 450 450 450 449 490 489 489 488 488 488 487 447 447 447 446 446 445 445 444 444 443 443 442 442 441 442 441 441 440 440 439 439 438 438 437 437 436 436 435 434 434 433 433 432 432 431 430 430 429 429 428 427 427 426 426 425 423 423 422 421 421 420 419 419 418 417 416 416 415 413 413 412 411 410 410 409 408 406 406 405 404 403 402 401 400 399 398 398 397 397 395 396 395
451 451 450 450 449 489 489 489 489 488 488 487 447 446 446 446 445 446 445 445 444 444 443 443 442 442 441 441 440 440 439 439 438 438 437 436 437 436 436 435 435 434 434 433 432 432 431 430 429 428 428 427 427 426 425 425 424 423 423 422 421 421 420 419 419 418 416 416 415 414 413 413 412 411 411 410 408 407 406 406 405 404 403 401 401 400 399 398 398 396 396 395 396 395
450 450 451 450 450 489 489 488 488 488 488 488 447 447 446 446 445 445 444 444 443 444 444 443 443 442 442 441 440 440 439 439 438 438 437 437 436 436 435 435 434 433 433 432 432 431 430 430 429 429 428 427 427 426 426 425 424 424 423 422 422 421 419 419 418 417 417 416 415 414 414 413 412 410 410 409 408 407 407 406 405 403 402 401 401 400 399 398 397 396 396 395 396 394
451 450 450 450 450 490 489 489 488 488 487 487 447 446 447 446 446 445 445 444 444 443 443 442 442 441 441 440 441 440 440 439 439 438 438 437 436 436 435 435 434 434 433 432 432 431 431 430 430 429 428 428 427 426 426 424 423 423 422 421 421 420 419 419 418 417 417 416 415 413 413 412 411 410 410 409 408 407 407 405 404 403 402 401 401 400 398 397 397 396 396 394 394 394
451 451 450 450 449 489 489 489 489 488 488 487 447 446 446 445 445 445 445 445 444 444 443 443 442 442 441 441 440 439 439 438 438 437 437 436 436 435 435 434 433 433 432 432 431 431 430 429 429 428 427 427 426 426 425 424 424 423 422 422 421 420 420 419 418 417 416 415 414 414 413 412 411 411 410 409 407 406 406 405 404 403 402 401 400 399 679 679 678 677 676 675 675 675
450 450 451 450 450 489 489 488 488 488 487 488 447 447 446 446 445 445 444 444 443 443 442 442 442 442 441 441 440 440 439 439 438 438 437 437 436 435 435 434 434 433 433 432 431 431 430 430 429 428 428 427 426 426 425 424 424 423 422 421 420 419 419 418 417 417 416 415 414 414 413 412 410 410 409 408 407 688 687 686 685 683 682 682 681 680 679 679 677 677 676 675 675 673
451 450 450 449 449 490 489 489 488 488 487 487 446 446 446 445 446 445 445 444 444 443 443 442 442 441 441 440 440 439 438 438 437 437 436 436 436 436 435 434 434 433 433 432 432 431 430 429 428 427 427 426 426 425 424 424 423 422 422 421 420 420 419 418 417 417 416 414 414 694 693 692 692 691 690 689 688 688 686 685 684 683 682 682 681 679 678 678 677 677 676 675 674 673
450 451 450 450 449 489 488 488 488 488 488 487 447 446 446 445 445 444 444 443 443 443 443 442 442 441 441 440 440 439 439 438 438 437 437 436 435 435 434 434 433 433 432 431 431 430 430 429 428 428 427 426 426 425 424 424 423 422 422 421 420 420 699 698 698 697 696 695 695 694 693 692 692 691 689 688 687 687 686 685 684 683 681 681 680 679 678 678 677 676 675 675 674 673
450 450 450 449 450 489 489 488 488 487 487 486 446 446 446 446 445 445 444 444 443 443 442 442 441 441 440 440 439 438 438 438 438 437 437 436 436 435 434 434 433 433 432 432 431 430 430 429 428 428 427 427 425 424 424 704 703 703 702 701 701 700 699 698 698 697 696 696 695 693 692 691 691 690 689 688 687 687 686 684 683 682 681 681 680 679 678 677 676 676 675 675 674 673
451 450 450 449 449 489 488 488 488 488 487 487 446 446 445 445 444 444 443 444 443 443 442 442 441 441 440 440 439 439 438 438 437 437 436 435 435 434 434 433 433 432 431 431 430 430 429 428 709 708 707 707 706 705 705 704 703 703 702 701 701 700 699 699 697 696 695 695 694 693 692 692 691 690 689 687 687 686 685 684 683 682 681 681 679 678 677 677 676 676 675 674 673 673
