testData/tiles/oneDegree/grid44.0-39.0-45.0-40.0.asc
ncols   200
nrows   200
xllcorner   44.0
yllcorner   39.0
cellsize   0.005
NODATA_value   -9999.0
[rows 126 to 167 of 200, columns 0 to 93 of 200]
548 547 547 546 547 546 546 323 323 323 322 322 322 322 321 320 320 320 320 319 319 318 317 318 317 317 316 316 315 316 315 314 314 313 313 313 313 312 311 311 310 310 309 309 309 385 385 384 384 383 383 382 381 381 380 381 380 379 379 378 378 392 398 402 404 407 408 409 409 410 410 409 409 443 442 440 439 436 432 429 423 417 401 401 400 399 399 398 398 397 397 396 395 395
548 548 547 547 547 546 546 324 324 323 322 323 322 322 321 321 321 320 320 319 319 319 319 318 318 317 316 317 316 316 315 315 314 313 314 313 313 312 312 311 310 310 310 387 386 386 385 384 384 383 383 382 383 382 381 381 380 380 379 378 378 392 398 401 405 406 407 409 409 410 409 410 408 443 442 440 438 435 433 428 423 417 401 401 400 400 399 398 398 397 397 396 395 395
548 548 548 548 547 546 547 324 324 323 324 323 322 322 321 322 321 321 320 320 320 319 319 318 318 317 318 317 316 316 315 315 314 315 314 313 313 312 312 311 312 388 387 387 386 386 385 385 384 383 384 383 383 382 381 381 380 380 379 379 378 391 398 401 404 406 408 410 410 411 410 410 409 445 443 441 439 436 433 429 425 417 402 402 401 401 400 399 398 397 397 396 396 395
548 549 548 548 547 548 547 324 324 323 324 323 323 322 323 322 321 321 320 321 320 320 319 318 318 318 318 317 317 316 315 316 315 315 314 314 313 312 312 389 389 388 388 387 386 386 385 385 385 384 384 383 383 382 382 381 380 380 379 379 378 391 398 402 405 407 409 409 411 410 410 410 445 444 443 441 439 436 433 429 424 416 402 402 401 401 400 400 399 398 398 397 397 395
550 549 548 548 548 548 547 325 324 325 324 323 323 323 323 322 322 321 321 321 320 320 319 319 319 318 318 317 317 316 317 316 315 315 314 314 313 391 390 389 389 388 388 387 386 386 386 386 385 385 384 383 383 382 382 381 381 380 379 380 379 392 398 402 405 406 409 409 410 410 411 410 445 444 442 441 439 435 433 428 424 416 403 402 401 401 400 400 399 399 398 397 397 396
550 549 549 548 549 548 547 325 325 325 324 324 324 323 323 322 322 322 322 321 320 320 319 320 319 319 318 317 317 317 317 316 316 315 314 391 391 391 390 390 389 388 388 387 388 387 386 386 385 385 384 384 383 382 382 381 382 381 381 380 379 391 397 402 404 407 408 409 410 410 411 410 445 444 442 441 438 436 432 428 423 415 403 402 402 401 400 400 399 399 398 397 397 396
550 549 549 549 549 548 548 326 325 325 324 325 324 324 323 322 323 322 322 321 321 320 320 320 319 319 318 318 318 317 317 316 316 392 393 392 391 391 390 390 389 388 389 388 388 387 387 386 385 385 384 384 383 384 383 382 382 381 381 380 380 390 397 402 404 407 408 409 410 410 410 445 445 444 442 441 438 436 432 429 423 414 403 402 402 401 401 400 399 399 398 398 397 396
550 550 550 549 549 548 549 326 326 325 324 325 324 324 323 324 323 322 322 321 321 321 321 320 319 319 319 319 318 318 317 393 393 393 393 392 391 391 390 390 389 390 389 388 388 387 387 386 386 385 384 385 384 384 383 383 382 381 381 380 380 390 397 401 404 407 408 409 410 411 411 446 446 445 444 441 439 437 433 429 423 416 404 403 403 402 401 400 399 399 398 398 397 397
550 551 550 550 549 549 549 326 326 325 326 325 324 324 324 324 323 323 322 321 322 321 321 320 320 320 319 319 318 318 394 393 394 393 393 392 392 391 390 391 390 390 389 389 388 387 387 386 386 386 386 385 384 384 383 383 382 382 381 380 380 390 397 401 404 407 408 410 410 411 411 446 446 444 443 441 439 436 432 429 423 416 404 403 403 402 402 401 401 400 399 398 397 397
551 551 550 550 550 550 549 326 326 326 326 325 325 325 324 324 323 323 322 323 322 321 321 320 321 320 319 319 395 395 395 395 394 393 393 392 392 391 392 391 390 390 389 389 388 388 387 387 387 386 386 385 385 384 383 383 382 382 381 380 381 391 397 401 405 407 408 410 410 411 411 447 446 444 443 441 439 436 432 428 422 416 404 404 403 402 402 401 401 400 400 399 398 465
552 551 550 550 550 550 549 327 327 326 326 325 325 325 325 324 323 323 323 323 322 322 321 321 321 320 397 396 395 396 395 395 394 394 393 392 393 392 392 391 391 390 389 389 388 389 388 388 387 386 386 385 385 384 383 383 382 383 382 382 381 391 397 401 405 407 409 410 410 411 446 446 445 444 443 441 439 436 433 428 422 416 404 404 403 403 402 401 401 400 400 399 398 465
552 551 551 551 550 550 549 328 327 327 326 325 326 325 325 324 324 324 323 323 322 322 322 321 398 397 397 396 397 396 395 395 394 394 393 394 393 392 392 391 391 390 390 390 389 389 388 388 387 386 386 385 385 384 385 384 383 383 382 382 381 392 396 401 404 406 409 409 410 410 446 446 445 444 443 440 439 435 432 428 422 416 404 404 403 403 402 401 401 400 400 399 466 465
552 551 552 551 551 550 550 328 327 327 326 327 326 325 325 324 325 324 323 323 322 323 322 399 398 397 397 397 397 396 396 395 394 395 394 394 393 393 392 391 391 391 391 390 389 389 388 388 387 387 386 385 386 385 385 384 384 383 382 382 381 392 396 400 404 406 408 409 410 410 446 446 445 444 443 442 439 436 433 428 423 416 404 404 403 403 402 402 401 400 400 466 466 465
552 552 552 551 551 550 551 328 327 327 327 327 326 325 325 325 325 324 324 323 323 400 399 399 398 398 398 397 397 396 396 395 396 395 394 394 393 393 392 391 392 391 391 390 390 389 388 388 387 387 387 387 386 385 385 384 384 383 382 382 381 392 395 401 404 406 409 410 411 411 447 447 445 445 443 442 439 436 433 428 422 417 406 405 404 404 403 403 402 400 467 466 466 465
552 553 552 551 551 551 551 328 327 328 327 327 326 326 326 325 325 324 324 401 401 400 399 399 398 399 398 398 397 396 396 396 396 395 394 394 393 393 393 393 392 391 391 390 390 389 389 388 388 388 387 387 386 385 385 384 384 383 383 382 381 381 395 401 404 407 409 409 411 447 447 446 445 445 443 441 439 436 432 427 421 406 406 405 404 404 403 403 402 402 468 467 467 465
553 553 552 552 552 551 551 328 329 328 327 327 326 327 326 326 325 324 402 401 401 400 400 399 399 399 398 398 397 397 397 396 396 395 395 394 393 394 393 393 392 392 391 390 390 389 390 389 388 388 387 387 386 386 385 384 384 383 383 383 383 382 395 401 404 407 408 409 410 446 447 446 446 444 442 441 438 436 432 427 421 406 406 405 405 404 403 403 402 469 468 467 467 466
553 553 552 553 552 551 551 329 329 328 328 327 327 327 326 326 402 403 402 401 401 400 401 400 400 399 398 398 397 398 397 396 396 395 395 394 395 394 393 393 392 392 391 391 391 390 390 389 389 388 387 387 386 386 385 385 385 384 384 383 383 382 394 400 403 407 408 410 410 446 447 446 446 444 442 441 438 436 431 427 420 406 406 405 405 404 403 403 469 469 468 468 467 466
553 553 553 553 552 552 551 329 329 328 328 328 328 327 403 403 403 403 402 402 401 401 401 400 400 399 398 399 398 398 397 397 396 395 396 395 395 394 394 393 392 392 392 392 391 390 390 389 389 388 388 387 386 387 386 386 385 384 384 383 383 382 394 400 403 406 408 409 410 446 446 446 445 444 443 440 438 435 431 427 419 407 406 405 405 404 404 470 469 469 468 468 467 467
554 553 553 553 552 552 552 330 329 328 329 328 328 404 404 404 403 403 402 402 401 401 401 400 400 399 400 399 398 398 397 397 396 397 396 395 395 394 394 393 392 393 392 392 391 391 390 389 389 388 388 388 387 387 386 386 385 385 384 383 383 382 394 399 403 406 407 409 410 446 446 446 446 444 444 441 439 436 432 427 420 408 407 406 405 404 404 470 470 469 468 468 467 467
554 554 554 553 552 553 552 330 329 329 329 405 405 404 405 404 403 403 402 402 402 402 401 400 400 400 400 399 399 398 397 397 397 397 396 395 395 394 394 394 394 393 392 392 391 391 390 389 389 389 389 388 388 387 386 386 385 385 384 383 383 382 393 399 403 406 408 410 446 447 447 447 446 444 443 441 439 435 431 427 419 408 407 407 406 405 472 471 471 470 468 468 467 467
555 554 554 553 554 553 552 330 329 330 406 405 405 405 405 404 404 403 402 403 402 402 401 401 401 400 400 399 399 398 397 398 397 397 396 396 395 394 395 394 394 393 392 392 391 391 390 391 390 389 389 388 388 387 387 386 385 385 384 384 383 383 394 399 404 406 409 410 446 447 446 447 445 444 443 441 439 435 432 426 419 408 407 407 406 472 472 471 471 470 470 469 468 468
555 554 554 553 554 553 552 330 407 407 406 406 405 405 405 404 404 403 404 403 402 402 401 402 401 400 400 399 399 398 399 398 397 397 396 396 395 395 395 394 394 393 393 392 391 391 391 391 390 390 389 388 388 387 387 386 385 385 385 385 384 384 394 399 403 406 408 409 446 447 446 446 445 445 443 440 438 435 431 426 419 408 407 407 406 473 472 471 471 470 470 469 468 468
555 554 554 554 554 553 553 408 407 407 406 406 406 406 405 404 404 404 404 403 402 402 402 402 401 401 400 399 400 399 399 398 397 397 396 397 396 396 395 394 394 393 393 392 393 392 391 391 390 390 389 388 388 387 387 386 387 386 385 385 384 384 394 398 403 405 408 409 446 446 446 446 445 444 442 440 438 434 431 425 420 408 407 407 473 473 472 471 471 470 470 469 468 468
555 555 555 554 554 630 631 408 408 407 406 407 406 406 405 404 405 404 404 403 403 403 402 402 401 401 400 400 400 399 399 398 398 397 397 397 396 396 395 395 394 393 394 393 393 392 391 391 390 390 389 389 388 388 388 387 387 386 385 385 384 384 394 398 402 405 407 408 446 446 445 446 444 444 442 440 437 434 430 424 420 408 407 474 473 473 472 471 471 470 470 469 469 468
555 555 555 555 631 630 631 408 408 407 407 407 406 406 405 406 405 404 404 403 404 403 403 402 401 401 401 401 400 399 399 398 398 398 398 397 396 396 395 395 394 394 394 393 393 392 392 391 390 390 389 390 389 388 388 387 387 386 386 385 384 384 394 398 402 404 407 408 446 446 445 445 445 445 443 441 438 434 431 425 421 409 475 474 473 473 472 472 471 470 470 469 469 468
555 556 632 632 631 631 631 408 408 408 408 407 406 406 406 406 405 405 404 404 404 403 403 402 401 402 401 401 400 400 399 398 399 398 398 397 396 396 395 395 395 395 394 393 393 392 392 391 390 391 390 390 389 389 388 387 387 386 386 385 384 384 394 397 401 404 408 409 446 446 447 446 445 444 442 441 438 434 430 424 421 409 476 475 474 474 473 473 472 470 470 469 469 468
556 633 632 632 632 632 631 408 408 408 408 407 407 407 406 406 405 405 404 404 404 403 403 402 403 402 401 401 400 400 399 399 399 398 398 397 397 396 396 396 395 395 394 393 393 392 392 391 392 391 390 390 389 389 388 387 387 386 386 385 384 384 384 397 402 406 407 444 446 446 446 446 444 444 442 440 437 435 430 423 410 476 476 475 474 474 473 473 472 472 471 470 470 468
634 633 632 632 632 632 409 409 409 408 408 407 407 407 406 406 405 405 405 405 404 403 403 403 403 402 401 401 400 400 400 400 399 398 398 397 397 397 396 396 395 395 394 394 393 392 393 392 392 391 390 390 389 389 388 387 387 386 386 386 386 385 384 396 401 405 407 444 445 446 446 445 445 444 441 440 437 434 429 422 477 476 476 475 475 474 473 473 472 472 471 470 470 469
634 633 633 633 632 632 409 410 409 408 408 407 408 407 407 406 405 406 405 405 404 403 404 403 403 402 402 401 400 401 400 400 399 398 398 397 398 397 397 396 395 395 394 394 394 393 393 392 392 391 390 390 389 389 388 388 388 387 387 386 386 385 384 396 401 405 406 445 445 445 446 445 445 443 441 440 436 434 429 423 477 476 476 475 475 474 473 473 472 472 471 470 470 469
634 633 634 633 632 632 409 410 409 409 408 408 408 407 407 406 406 406 405 405 404 405 404 403 403 402 402 401 401 401 400 400 399 399 399 398 398 397 397 396 395 395 394 395 394 393 393 392 392 391 391 390 389 389 389 389 388 387 387 386 386 385 385 395 400 404 406 444 445 445 445 445 444 443 442 439 436 433 428 489 477 476 476 475 475 474 473 473 472 472 471 471 470 469
634 633 634 633 633 632 410 410 409 409 409 408 408 407 407 407 407 406 405 405 404 405 404 403 403 402 402 402 402 401 400 400 399 400 399 398 398 397 397 396 395 396 395 395 394 394 393 392 392 391 391 390 390 390 389 389 388 388 387 386 386 385 385 395 399 404 406 444 444 445 445 444 444 442 441 439 436 433 494 489 477 476 476 475 475 474 474 473 472 472 471 471 470 469
634 634 634 633 633 633 410 410 409 409 409 409 408 407 408 407 407 406 405 405 405 405 404 404 403 402 403 402 402 401 400 400 400 400 399 398 398 397 397 396 397 396 395 395 394 394 393 392 392 391 392 391 391 390 389 389 388 388 387 386 386 385 385 395 400 403 405 443 445 446 446 445 445 443 442 439 436 433 495 490 478 478 477 476 476 475 475 473 472 472 471 471 470 469
635 634 634 633 634 633 411 410 409 410 409 409 408 407 408 407 407 406 406 406 405 405 404 404 403 403 403 402 402 401 400 401 400 400 399 399 398 397 397 397 397 396 395 395 394 394 393 393 393 392 392 391 391 390 389 389 388 388 387 386 386 385 385 395 400 404 406 444 445 446 445 445 444 443 442 439 437 500 494 490 478 478 477 476 476 475 475 474 473 473 472 471 470 470
635 635 634 633 634 633 411 410 410 410 409 409 408 409 408 407 407 406 407 406 405 405 404 404 404 403 403 402 402 401 402 401 400 400 399 399 398 397 398 397 397 396 396 395 394 394 393 394 393 392 392 391 391 390 389 389 388 388 387 387 386 386 386 396 399 403 405 443 444 445 445 445 444 442 441 438 503 499 493 490 478 478 477 476 476 475 475 474 474 473 472 472 471 471
635 635 634 634 634 411 411 411 411 410 409 409 409 409 408 407 407 407 407 406 405 405 404 405 404 404 403 402 402 402 402 401 400 400 399 399 399 399 398 397 397 396 396 395 394 395 394 394 393 392 392 391 391 390 390 389 388 388 388 388 387 386 386 396 399 402 406 443 444 445 445 445 444 442 441 438 503 498 493 490 478 478 477 477 476 475 475 474 474 473 472 472 471 471
635 635 635 634 634 411 411 411 411 410 409 410 409 409 408 407 408 407 407 406 406 405 405 405 404 404 403 402 403 402 402 401 401 400 399 400 399 399 398 397 397 396 396 395 395 395 394 394 393 393 392 391 391 390 390 389 389 389 388 388 387 386 386 385 398 402 405 443 443 444 444 444 443 441 440 505 502 498 493 479 478 478 477 477 476 475 475 474 474 473 472 472 471 471
635 635 635 635 634 411 412 411 411 410 409 410 409 409 408 408 408 407 407 406 406 406 405 405 404 404 403 404 403 402 402 401 401 400 400 400 399 399 398 397 397 396 397 396 396 395 394 394 393 393 392 391 391 391 391 390 389 389 388 388 387 387 386 385 397 401 405 442 443 444 444 444 443 441 440 504 502 497 492 479 478 478 477 477 476 475 475 474 474 473 473 472 471 471
635 636 635 635 634 412 412 411 411 410 411 410 409 409 408 409 408 407 407 406 407 406 405 405 404 404 404 404 403 402 402 401 401 401 400 400 399 399 398 398 397 397 397 396 396 395 394 394 393 393 392 391 392 391 391 390 390 389 388 388 387 387 386 385 396 400 404 442 442 444 443 444 442 442 507 505 502 497 492 480 479 478 477 477 476 475 475 474 474 473 473 472 471 471
635 636 635 635 634 413 412 411 411 411 411 410 409 409 409 409 408 407 407 407 407 406 406 405 404 405 404 404 403 402 402 401 402 401 401 400 399 399 398 398 398 397 397 396 396 395 394 394 393 393 393 393 392 391 391 390 390 389 388 388 387 387 386 385 396 400 404 442 444 444 444 444 443 509 507 504 502 497 492 480 479 479 478 478 477 477 476 475 474 473 473 472 471 471
637 636 635 635 635 413 412 411 411 411 411 410 409 410 409 409 408 408 407 407 407 406 406 405 405 405 404 404 403 402 402 402 402 401 401 400 399 399 398 399 398 397 397 396 396 395 395 394 394 394 393 393 392 391 391 390 390 389 388 388 387 387 386 387 397 400 404 442 443 444 443 444 442 509 506 504 501 496 492 480 480 479 478 478 477 477 476 475 475 474 474 473 471 471
637 636 635 635 413 413 412 411 412 411 411 410 410 410 409 409 408 408 408 407 407 406 406 405 405 405 404 404 403 403 403 402 402 401 401 400 399 400 399 399 398 397 397 396 396 395 395 395 394 394 393 393 392 391 391 390 390 389 388 388 387 388 387 387 397 399 403 441 443 443 443 443 509 508 506 504 500 495 492 480 480 479 478 478 477 477 476 475 475 474 474 473 473 472
637 636 635 636 413 413 412 413 412 411 411 410 411 410 409 409 408 409 408 407 407 406 406 406 406 405 404 404 403 404 403 402 402 401 401 400 400 400 399 399 398 398 397 396 396 396 396 395 394 394 393 393 392 391 391 390 390 389 390 389 388 388 387 387 397 399 439 441 442 443 442 510 508 508 505 504 500 495 492 480 480 479 478 478 477 477 476 475 475 474 474 473 473 472
