testData/tiles/oneDegree/grid31.0-15.0-32.0-16.0.asc
ncols   200
nrows   200
xllcorner   31.0
yllcorner   15.0
cellsize   0.005
NODATA_value   -9999.0
[rows 126 to 167 of 200, columns 94 to 187 of 200]
624 624 624 624 625 625 625 626 626 626 626 627 626 626 626 627 627 627 627 628 628 628 629 628 628 628 629 629 629 629 630 630 630 629 630 630 630 630 630 631 631 631 631 631 631 631 631 631 632 632 632 631 631 632 632 632 632 632 632 632 627 627 627 627 627 627 473 474 474 474 474 474 474 473 473 473 473 473 678 678 677 677 677 677 677 677 675 675 675 675 675 675 674 674
624 624 624 624 625 625 625 625 626 625 625 625 626 626 626 627 627 627 627 628 628 627 627 628 628 628 628 629 629 629 629 630 629 629 629 630 630 630 630 631 631 630 630 630 631 631 631 631 631 632 631 631 631 631 632 632 632 632 631 631 632 632 632 632 632 631 478 478 473 473 474 474 473 473 473 473 473 473 473 472 472 677 677 676 676 675 675 675 675 675 675 674 674 673
623 624 624 624 624 625 625 624 625 625 625 625 626 626 626 626 627 627 627 626 627 627 627 627 628 628 628 628 629 629 628 628 629 629 629 629 630 630 630 630 630 630 630 630 630 631 631 631 630 630 631 631 631 631 631 632 631 631 631 631 631 631 632 632 631 631 478 478 478 478 478 477 477 477 477 472 472 472 471 471 471 471 471 471 470 675 675 675 675 675 674 673 673 673
623 624 624 624 624 624 624 624 624 625 625 625 625 626 626 626 627 626 626 626 627 627 627 627 628 628 628 628 628 628 628 628 629 629 629 629 629 630 629 629 629 630 630 630 630 630 631 630 630 630 630 631 631 631 631 630 630 631 631 631 631 631 631 630 630 478 478 478 478 478 477 477 477 477 477 477 477 476 476 476 476 476 471 470 470 470 470 470 674 673 673 673 673 673
623 623 624 623 623 624 624 624 624 625 625 625 625 626 626 625 625 626 626 626 626 627 627 627 627 628 628 627 627 628 628 628 628 629 629 629 628 629 629 629 629 629 630 630 630 629 629 630 630 630 630 630 631 631 630 630 630 630 630 631 631 630 630 630 630 477 477 477 478 477 477 477 477 477 477 476 476 476 476 476 476 476 475 475 475 474 474 474 473 468 468 468 673 673
622 622 623 623 623 623 624 624 624 624 625 625 625 624 625 625 625 626 626 626 626 627 627 627 627 627 627 627 627 627 628 628 628 628 629 628 628 628 629 629 629 629 629 630 629 629 629 629 630 630 630 630 629 629 630 630 630 630 630 630 629 630 630 630 630 477 477 476 476 476 476 476 476 476 476 476 476 476 476 475 475 474 474 474 474 474 474 473 473 473 473 473 472 471
623 623 623 624 623 623 624 624 624 624 625 624 624 624 625 625 625 625 626 626 626 626 627 626 626 626 627 627 627 627 628 628 628 627 627 628 628 628 628 629 629 629 628 628 629 629 629 629 629 630 630 629 629 629 629 630 630 630 630 629 629 629 629 630 630 477 476 476 476 476 476 476 476 475 475 475 475 475 475 475 474 474 474 474 474 474 473 473 473 473 472 472 471 471
623 623 623 624 624 624 624 625 625 624 624 625 624 624 624 625 625 625 625 626 626 625 625 626 626 626 626 627 627 627 627 627 627 627 627 627 628 628 628 628 629 628 628 628 628 629 629 629 629 628 628 629 629 629 629 629 629 629 629 629 629 629 629 629 476 475 476 476 476 476 476 476 475 475 475 475 475 475 474 474 474 474 474 474 474 473 473 472 472 472 472 471 471 471
623 623 623 623 624 624 624 624 624 624 624 625 625 625 625 626 626 626 626 626 625 625 625 626 626 626 626 626 627 627 626 626 627 627 627 627 628 628 628 627 627 628 628 628 628 628 629 629 628 628 628 628 629 629 629 629 628 628 628 629 629 629 629 628 475 475 475 475 475 475 475 475 475 475 475 475 475 474 474 474 474 474 473 473 472 472 472 472 472 472 471 471 471 471
623 623 623 623 623 623 623 623 624 624 624 624 625 625 625 625 626 625 625 625 626 626 626 626 627 627 627 626 626 626 626 626 626 627 627 627 627 628 627 627 627 627 628 628 628 628 627 627 628 628 628 628 628 628 629 628 628 628 628 628 628 629 628 628 475 475 475 475 475 474 474 474 474 474 474 474 473 473 473 473 473 473 472 472 472 472 472 472 471 471 471 471 470 470
622 623 622 622 622 623 623 623 623 624 624 624 624 625 625 624 624 625 625 625 625 626 626 626 626 627 626 626 626 627 627 627 627 627 627 627 626 626 627 627 627 627 627 628 628 627 627 627 627 628 628 628 628 627 627 627 628 628 628 628 628 627 627 627 475 475 475 475 474 474 474 474 474 474 474 473 473 473 473 473 473 472 472 472 472 472 472 471 471 470 470 470 470 469
622 622 622 622 622 623 623 623 623 624 624 624 624 624 624 624 624 625 625 625 625 626 626 626 625 625 626 626 626 626 627 627 627 627 626 627 627 627 627 628 628 627 627 626 626 627 627 627 627 627 627 628 627 627 627 627 627 627 628 627 627 627 627 474 474 474 474 473 474 474 474 474 474 474 473 473 473 473 473 473 472 472 472 472 472 471 470 470 470 470 470 470 469 469
622 622 623 623 623 623 624 624 623 623 624 623 623 623 624 624 624 624 625 625 625 625 625 625 625 625 626 626 626 626 626 627 626 626 626 626 627 627 627 627 627 628 627 627 627 627 628 627 627 627 626 626 627 627 627 627 627 627 626 626 627 627 627 474 474 473 473 473 473 473 473 473 472 472 472 472 472 472 472 471 471 471 471 471 471 470 470 470 470 470 470 469 469 468
651 651 623 623 623 623 624 624 623 623 624 624 624 624 625 624 624 624 624 625 624 624 624 625 625 625 625 626 626 626 626 625 626 626 626 626 626 627 627 627 626 626 627 627 627 627 627 628 628 627 627 627 627 626 627 627 627 626 626 626 626 626 627 474 473 473 473 473 473 473 473 472 472 472 472 472 472 472 471 471 471 471 471 471 470 470 470 470 470 470 469 468 468 468
651 651 651 652 652 623 622 623 623 623 623 624 624 624 624 625 625 625 624 625 625 625 624 624 625 625 625 625 626 625 625 625 625 626 626 626 626 626 626 626 626 626 626 627 627 627 627 626 626 627 627 627 627 627 627 626 627 627 627 626 626 626 626 472 472 472 473 473 473 473 472 472 472 472 472 472 471 471 471 471 471 471 471 470 470 470 470 469 469 468 468 468 468 468
651 651 651 650 651 651 651 651 652 623 623 623 624 624 624 624 624 624 624 624 625 625 625 625 626 626 626 625 624 625 625 625 625 625 626 626 626 625 625 626 626 626 626 626 627 627 626 626 626 626 626 627 627 627 626 626 626 626 627 627 627 626 473 473 472 472 472 472 471 471 471 471 472 472 472 471 471 471 471 471 471 470 469 469 469 469 469 469 468 468 468 468 468 467
651 650 650 650 651 651 651 651 652 652 652 652 624 624 623 623 623 624 624 624 624 625 625 625 625 625 625 625 625 625 626 626 626 626 625 625 625 625 625 625 626 626 626 626 625 625 626 626 626 626 626 626 626 626 626 626 626 626 626 626 625 626 473 473 473 473 473 472 472 472 471 471 471 471 470 470 470 470 470 470 469 469 469 469 469 469 468 468 468 468 468 468 466 466
649 650 650 650 650 651 651 651 651 652 652 652 651 652 652 623 623 624 624 624 624 624 625 624 624 624 625 625 625 625 625 626 626 625 625 625 626 626 626 626 625 626 625 625 625 625 625 626 626 626 626 625 625 625 626 626 626 626 625 625 625 625 472 472 473 473 472 472 472 472 472 472 472 471 470 470 470 470 470 469 469 469 469 469 469 468 468 468 468 467 467 466 466 466
649 650 650 650 650 651 651 651 651 650 651 651 651 651 652 652 652 652 624 624 624 623 623 624 624 624 624 625 625 625 625 624 625 625 625 625 625 626 626 626 626 625 625 626 626 625 625 625 625 625 625 625 625 625 625 625 626 625 625 625 625 625 472 472 471 471 471 471 472 472 472 471 471 471 471 471 471 471 470 469 469 469 469 469 468 467 467 467 467 467 466 466 466 466
650 650 651 651 651 650 651 650 650 650 651 651 651 651 651 652 652 652 652 652 652 623 623 624 624 624 624 624 625 624 624 624 624 625 625 625 625 625 626 625 625 625 625 625 626 626 626 626 625 625 624 625 625 625 625 625 624 624 624 625 625 472 472 471 471 471 471 471 471 471 470 470 470 470 470 470 470 469 469 469 469 469 469 467 467 467 467 467 467 466 466 466 466 466
650 650 650 651 650 650 650 651 651 651 650 651 651 651 651 652 652 651 651 651 652 652 652 652 624 624 624 624 623 624 624 624 624 624 625 625 625 624 624 624 625 625 625 625 625 625 625 625 625 625 625 625 625 626 625 624 624 624 624 624 624 471 471 471 471 471 471 471 471 470 470 470 470 470 470 469 469 469 469 469 469 469 468 468 468 468 468 468 466 466 466 465 465 465
650 650 649 650 650 650 650 650 651 651 651 651 652 652 651 651 651 651 651 651 651 652 652 652 652 653 652 623 623 623 624 624 624 624 624 624 624 624 624 624 624 625 625 625 624 624 624 625 625 625 625 625 624 624 624 625 625 625 625 624 623 470 470 470 470 470 471 470 470 470 470 470 470 470 469 469 469 469 469 469 468 468 468 468 468 468 468 466 466 466 466 466 464 464
725 725 725 725 726 726 726 726 727 727 727 727 726 727 727 727 727 728 728 728 652 651 652 652 651 651 652 652 652 652 623 624 624 624 623 623 623 624 624 624 624 624 625 624 624 624 624 624 624 625 625 624 624 624 624 624 624 625 625 624 624 471 471 470 470 470 469 469 469 469 469 469 469 469 469 469 469 469 469 468 467 467 467 467 467 466 466 466 466 466 466 465 465 465
724 725 725 725 725 726 726 726 726 727 726 726 726 727 727 727 727 727 728 728 728 727 727 728 728 727 727 728 728 728 652 652 652 623 623 623 623 623 624 624 624 623 623 623 624 624 624 624 624 623 623 624 624 624 624 624 624 623 623 623 471 471 471 471 470 470 470 469 469 469 469 468 468 468 468 468 468 468 467 467 467 467 467 467 466 466 466 466 466 466 465 465 465 464
724 725 725 725 725 725 726 725 725 725 726 726 726 726 727 727 727 727 727 727 727 727 727 727 728 728 728 728 729 729 727 727 727 727 728 699 699 699 623 623 623 623 623 623 623 623 624 624 623 623 623 623 623 624 624 624 623 623 623 623 470 470 470 469 470 470 470 470 470 470 469 468 468 468 468 468 468 467 467 467 467 467 467 466 466 466 466 466 466 464 464 464 464 464
724 724 725 725 725 724 725 725 725 725 725 726 726 726 726 727 727 726 726 726 727 727 727 727 727 728 728 728 727 727 728 728 728 728 727 728 728 727 698 698 698 699 699 699 699 623 622 623 623 623 623 623 623 623 622 622 623 623 623 623 470 470 469 469 469 469 469 469 469 469 469 469 469 469 468 467 467 467 467 467 467 467 466 466 465 465 465 465 464 464 464 464 464 463
724 724 723 724 724 724 724 725 725 725 725 726 726 726 726 725 726 726 726 726 726 727 727 727 727 727 727 727 727 727 727 728 728 728 728 728 728 728 727 727 727 698 699 699 698 698 698 698 698 699 623 623 623 622 622 622 622 622 623 470 469 469 469 469 469 469 469 468 468 468 468 468 468 468 467 467 467 467 466 466 465 465 465 465 465 465 464 464 464 464 464 464 463 463
723 723 723 723 724 724 724 724 725 725 725 725 725 725 725 725 725 726 726 726 726 726 727 727 726 726 726 727 727 727 727 727 728 728 727 727 727 727 728 728 728 727 727 697 698 698 698 698 698 698 698 697 698 698 698 698 622 622 622 468 468 468 469 469 469 469 468 468 468 468 468 468 468 467 467 467 467 467 467 466 466 465 465 465 465 464 464 464 464 464 464 462 462 462
723 723 723 723 724 724 724 724 724 725 724 724 724 725 725 725 725 725 726 726 726 726 725 726 726 726 726 726 727 727 727 727 726 727 727 727 727 727 727 728 728 727 727 727 727 726 698 698 698 697 697 697 697 697 698 698 698 697 697 544 544 468 468 468 467 467 468 468 468 468 468 467 467 467 467 467 467 467 466 466 466 466 466 466 464 464 464 463 463 463 462 462 462 462
722 723 723 723 723 724 724 723 723 723 724 724 724 724 725 725 725 725 725 725 725 725 725 725 726 726 726 726 726 727 726 726 726 726 726 727 727 727 727 726 726 727 727 727 727 727 727 727 697 697 697 697 697 697 697 697 696 697 697 544 544 544 544 543 543 467 467 467 467 467 466 466 466 466 466 466 465 465 465 465 465 465 465 464 464 464 464 463 463 462 462 462 462 462
722 722 723 723 723 722 723 723 723 723 724 724 724 724 724 725 725 724 724 724 725 725 725 725 725 726 726 726 725 725 726 726 726 726 726 726 727 726 726 726 726 726 727 727 727 727 726 726 726 726 698 697 697 697 696 696 696 696 543 543 544 543 543 543 543 543 543 543 542 466 466 466 466 466 466 465 465 465 465 465 465 464 464 464 464 464 464 463 463 462 462 462 462 460
723 723 723 722 722 722 722 723 723 723 723 724 724 724 724 723 724 724 724 724 724 725 725 725 725 725 725 725 725 725 725 725 726 726 726 725 725 725 726 726 726 726 726 726 726 726 726 726 726 726 726 726 726 697 696 696 696 696 543 543 542 542 542 542 543 543 543 542 542 542 542 542 542 466 465 465 465 465 465 465 464 464 464 464 464 464 463 463 463 462 462 462 460 460
722 722 722 723 723 723 722 722 723 723 723 723 723 723 723 723 723 724 724 724 724 724 725 725 724 724 724 725 725 725 725 725 725 725 725 725 725 725 725 726 726 726 725 725 725 725 726 726 726 726 726 725 725 725 725 697 696 696 542 542 542 542 542 542 542 541 541 541 541 541 542 542 541 541 541 541 541 465 465 464 464 464 464 463 463 462 462 462 462 462 462 461 461 461
722 722 722 722 723 723 723 723 723 723 722 722 722 723 723 723 723 723 724 724 724 723 723 724 724 724 724 724 724 725 725 724 724 724 725 725 725 725 725 725 725 725 725 725 725 725 725 725 726 725 725 725 725 725 725 725 725 542 543 542 542 542 542 542 541 541 541 541 541 541 541 540 540 540 540 540 540 539 539 539 539 463 463 463 462 462 462 462 462 461 461 461 461 461
722 722 722 722 722 723 723 722 722 722 723 722 722 722 723 723 723 723 723 723 723 723 723 723 724 724 724 724 724 723 724 724 724 724 724 724 725 725 725 724 724 724 724 725 725 725 725 724 724 724 724 725 725 725 725 724 724 571 571 542 542 541 541 541 541 541 541 541 541 540 540 540 540 540 540 540 539 539 539 539 539 539 538 538 462 462 462 462 461 461 461 460 460 460
721 722 722 722 721 721 722 722 722 722 723 723 723 723 722 723 723 722 722 722 723 723 723 723 723 723 724 723 723 723 723 724 724 724 724 724 724 723 724 724 724 724 724 724 724 725 724 724 724 724 724 724 724 725 724 724 724 571 571 571 571 570 541 540 540 540 540 541 540 540 540 540 540 540 540 539 539 539 539 539 539 538 538 538 538 538 537 536 460 460 460 460 460 459
721 721 721 721 721 721 721 722 722 722 722 723 723 723 722 722 722 722 722 722 722 723 723 723 723 722 722 723 723 723 723 723 723 724 724 723 723 723 723 724 724 724 724 724 723 723 723 724 724 724 724 724 723 723 723 723 571 571 571 570 570 570 570 570 540 540 539 539 539 539 539 539 539 538 538 538 538 538 538 538 537 537 537 537 537 537 536 536 536 536 536 459 459 459
720 720 720 721 721 721 721 721 722 722 722 722 722 722 722 722 722 723 722 722 722 722 722 722 722 722 722 722 723 723 723 723 723 722 723 723 723 723 723 723 723 724 723 723 723 723 723 723 723 724 723 723 723 723 723 723 570 570 569 569 570 570 570 570 570 569 539 539 539 539 539 539 538 538 538 538 538 538 537 537 537 537 537 537 536 536 536 536 536 536 535 535 535 534
720 720 720 720 721 721 721 721 721 721 721 721 721 721 722 722 722 722 722 723 722 721 721 721 722 722 722 722 722 722 723 722 722 722 722 722 723 723 723 723 722 722 722 723 723 723 723 723 722 722 722 723 723 723 723 723 569 569 569 569 569 569 569 568 569 569 569 568 539 539 538 538 538 538 538 538 538 537 537 537 537 537 537 536 536 536 536 536 536 534 534 534 534 534
720 720 720 720 720 721 720 720 720 720 721 721 721 721 721 722 722 722 721 721 722 721 721 721 721 722 722 722 722 721 721 722 722 722 722 722 722 722 722 722 722 722 722 722 722 723 723 722 722 722 722 722 722 722 723 569 569 569 569 569 569 569 568 568 568 568 568 568 568 566 537 537 538 538 538 537 537 537 537 537 537 536 535 535 535 535 535 534 534 534 534 534 534 533
719 720 720 720 719 719 720 720 720 720 720 721 721 721 721 721 721 721 721 721 721 722 721 721 721 721 721 721 721 721 721 721 721 722 722 722 721 721 721 722 722 722 722 722 722 721 721 722 722 722 722 722 722 721 721 568 568 568 569 569 568 568 568 568 568 568 568 567 567 567 566 566 537 537 536 536 536 536 536 536 535 535 535 535 535 535 534 534 534 534 534 534 533 533
719 718 719 719 719 719 719 720 720 720 720 720 721 720 720 720 720 721 721 721 721 721 722 722 720 720 720 720 721 721 721 721 721 721 721 721 721 721 721 721 721 722 722 721 721 721 721 721 721 721 722 721 721 721 721 568 568 568 568 567 567 567 568 568 568 568 567 567 567 567 567 566 565 565 536 536 536 536 536 535 535 535 535 535 535 534 534 534 534 534 534 532 532 532
