testData/tiles/oneDegree/grid40.0-2.0-41.0-3.0.asc
ncols   200
nrows   200
xllcorner   40.0
yllcorner   2.0
cellsize   0.005
NODATA_value   -9999.0
[rows 0 to 41 of 200, columns 94 to 187 of 200]
395 395 395 395 395 395 396 396 396 396 396 396 396 396 396 396 396 396 396 396 396 397 397 397 397 397 397 397 397 397 397 397 397 397 397 397 397 397 397 397 397 397 397 397 397 397 397 397 397 397 397 397 397 397 398 398 398 398 398 398 398 397 397 397 397 398 398 398 398 398 399 399 399 399 400 400 400 400 400 401 401 401 401 401 407 407 407 407 408 408 408 408 408 409
395 395 395 395 395 395 395 395 395 395 395 396 396 396 396 396 396 396 396 396 396 396 396 396 396 396 396 396 397 397 397 397 397 397 397 397 397 397 397 397 397 397 397 397 397 397 397 397 397 397 397 397 397 397 397 397 397 397 397 397 397 397 397 397 397 398 398 398 398 398 399 399 399 399 400 400 400 400 400 401 401 401 406 406 407 407 407 406 406 407 407 407 407 408
394 394 394 395 395 395 395 395 395 395 395 395 395 395 395 395 395 396 396 396 396 396 396 396 396 396 396 396 396 396 396 396 396 396 396 396 396 396 397 397 397 397 397 397 397 397 397 397 397 397 397 397 397 397 397 397 397 397 397 397 397 397 397 397 397 398 398 398 398 398 399 399 399 399 399 400 400 399 399 400 400 405 405 405 406 406 406 406 406 407 407 407 407 407
394 394 394 394 394 394 394 394 395 395 395 395 395 395 395 395 395 395 395 395 395 395 395 396 396 396 396 396 396 396 396 396 396 396 396 396 396 396 396 396 396 396 396 396 396 396 396 396 396 396 396 396 396 396 396 396 396 396 396 396 396 396 396 396 396 397 397 397 397 397 398 398 398 398 398 399 399 399 399 399 405 405 405 405 406 406 406 406 406 407 407 407 406 406
394 394 394 394 394 394 394 394 394 394 394 394 394 395 395 395 395 395 395 395 395 395 395 395 395 395 395 395 395 395 395 396 396 396 396 396 396 396 396 396 396 396 396 396 396 396 396 396 396 396 396 396 396 396 396 396 396 396 396 396 396 396 396 396 396 396 397 397 397 397 398 398 398 398 398 399 399 399 399 404 405 405 405 405 404 405 405 405 405 406 406 406 406 406
393 393 393 393 393 394 394 394 394 394 394 394 394 394 394 394 394 394 394 395 395 395 395 395 395 395 395 395 395 395 395 395 395 395 395 395 395 395 395 395 395 395 395 396 396 396 396 396 396 396 396 396 396 396 396 396 396 396 396 396 396 396 396 396 396 396 397 397 397 397 397 398 397 397 397 398 398 398 403 403 404 404 404 404 404 405 405 405 405 405 406 406 406 406
393 393 393 393 393 393 393 393 393 394 394 394 394 394 394 394 394 394 394 394 394 394 394 394 394 394 395 395 395 395 395 395 395 395 395 395 395 395 395 395 395 395 395 395 395 395 395 395 395 395 395 395 395 395 395 395 395 395 395 395 395 395 395 395 395 395 396 396 396 396 396 397 397 397 397 397 398 403 403 403 404 404 404 404 404 405 405 405 405 404 405 405 405 405
392 392 393 393 393 393 393 393 393 393 393 393 393 393 393 394 394 394 394 394 394 394 394 394 394 394 394 394 394 394 394 394 394 394 395 395 395 395 395 395 395 395 395 395 395 395 395 395 395 395 395 395 395 395 395 395 395 395 395 395 395 395 395 395 395 395 396 396 396 396 396 397 397 397 397 402 403 403 403 403 403 403 403 403 403 404 404 404 404 404 405 405 405 405
392 392 392 392 392 392 393 393 393 393 393 393 393 393 393 393 393 393 393 393 393 394 394 394 394 394 394 394 394 394 394 394 394 394 394 394 394 394 394 394 394 394 394 394 394 394 394 394 394 394 394 395 395 395 395 395 395 395 395 395 395 395 395 395 394 394 394 395 395 395 395 396 396 396 401 401 402 402 402 402 402 403 403 403 403 403 404 404 404 404 404 405 405 405
392 392 392 392 392 392 392 392 392 392 392 392 393 393 393 393 393 393 393 393 393 393 393 393 393 393 393 393 393 394 394 394 394 394 394 394 394 394 394 394 394 394 394 394 394 394 394 394 394 394 394 394 394 394 394 394 394 394 394 394 394 394 394 394 394 394 394 395 395 395 395 395 396 401 401 401 402 402 402 402 402 403 403 403 403 403 403 403 403 403 403 404 404 404
391 391 391 391 392 392 392 392 392 392 392 392 392 392 392 392 392 393 393 393 393 393 393 393 393 393 393 393 393 393 393 393 393 393 393 393 393 393 393 394 394 394 394 394 394 394 394 394 394 394 394 394 394 394 394 394 394 394 394 394 394 394 394 394 394 394 394 395 395 395 395 395 401 401 401 401 400 401 401 401 401 401 402 402 402 402 403 403 403 403 403 404 404 404
391 391 391 391 391 391 391 391 391 392 392 392 392 392 392 392 392 392 392 392 392 392 392 392 393 393 393 393 393 393 393 393 393 393 393 393 393 393 393 393 393 393 393 393 393 393 393 393 393 393 393 393 393 393 393 393 393 393 393 393 393 393 393 393 393 393 393 394 394 394 394 399 400 400 400 400 400 401 401 401 401 401 402 402 402 402 402 403 403 403 403 403 403 403
390 391 391 391 391 391 391 391 391 391 391 391 391 391 392 392 392 392 392 392 392 392 392 392 392 392 392 392 392 392 392 392 392 393 393 393 393 393 393 393 393 393 393 393 393 393 393 393 393 393 393 393 393 393 393 393 393 393 393 393 393 393 393 393 393 393 393 393 394 394 399 399 400 400 400 400 400 401 401 401 401 401 401 401 401 401 401 402 402 402 402 402 403 403
390 390 390 390 390 390 391 391 391 391 391 391 391 391 391 391 391 391 391 391 392 392 392 392 392 392 392 392 392 392 392 392 392 392 392 392 392 392 392 392 392 392 392 392 392 392 393 393 393 393 393 393 393 393 393 393 393 393 393 393 393 393 393 393 393 393 393 393 394 398 398 398 398 399 399 399 399 399 400 400 400 400 401 401 401 401 401 402 402 402 402 402 403 403
390 390 390 390 390 390 390 390 390 390 390 391 391 391 391 391 391 391 391 391 391 391 391 391 391 391 391 391 392 392 392 392 392 392 392 392 392 392 392 392 392 392 392 392 392 392 392 392 392 392 392 392 392 392 392 392 392 392 392 392 392 392 392 392 392 392 392 392 398 398 398 398 398 399 399 399 399 399 400 400 400 400 400 401 401 401 401 400 401 401 401 401 402 402
389 389 389 389 390 390 390 390 390 390 390 390 390 390 390 390 390 391 391 391 391 391 391 391 391 391 391 391 391 391 391 391 391 391 391 391 391 391 392 392 392 392 392 392 392 392 392 392 392 392 392 392 392 392 392 392 392 392 392 392 392 392 392 392 392 392 392 397 397 398 398 398 398 399 399 399 399 398 399 399 399 399 399 400 400 400 400 400 401 401 401 401 401 402
389 389 389 389 389 389 389 389 389 390 390 390 390 390 390 390 390 390 390 390 390 390 390 390 391 391 391 391 391 391 391 391 391 391 391 391 391 391 391 391 391 391 391 391 391 391 391 391 391 391 391 391 391 391 391 391 391 391 391 391 391 391 391 391 391 391 396 396 396 397 397 397 397 397 398 398 398 398 398 399 399 399 399 400 400 400 400 400 401 401 401 400 400 402
388 388 389 389 389 389 389 389 389 389 389 389 389 389 390 390 390 390 390 390 390 390 390 390 390 390 390 390 390 390 390 390 391 391 391 391 391 391 391 391 391 391 391 391 391 391 391 391 391 391 391 391 391 391 391 391 391 391 391 391 391 391 391 391 391 396 396 396 396 397 397 397 397 397 398 398 398 398 398 399 399 399 399 398 399 399 399 399 399 400 400 400 401 401
388 388 388 388 388 388 389 389 389 389 389 389 389 389 389 389 389 389 389 389 390 390 390 390 390 390 390 390 390 390 390 390 390 390 390 390 390 390 390 390 390 390 390 390 390 390 391 391 391 391 391 391 391 391 391 391 391 391 391 391 391 391 391 391 396 396 396 396 396 395 396 396 396 396 397 397 397 397 397 398 398 398 398 398 399 399 399 399 400 401 401 402 402 402
260 388 388 388 388 388 388 388 388 388 388 388 389 389 389 389 389 389 389 389 389 389 389 389 389 389 389 389 390 390 390 390 390 390 390 390 390 390 390 390 390 390 390 390 390 390 390 390 390 390 390 390 390 390 390 390 390 390 390 390 390 390 390 395 395 395 395 395 395 395 396 396 396 396 396 397 397 397 397 398 399 399 399 399 400 400 400 399 399 400 401 401 401 402
259 259 387 387 388 388 388 388 388 388 388 388 388 388 388 388 388 388 389 389 389 389 389 389 389 389 389 389 389 389 389 389 389 389 389 389 389 389 389 390 390 390 390 390 390 390 390 390 390 390 390 390 390 390 390 390 390 390 390 390 390 390 395 395 395 395 395 395 395 395 396 396 396 397 397 398 397 397 397 397 398 398 398 399 399 400 400 400 400 401 402 402 402 402
259 259 259 259 387 387 387 387 387 388 388 388 388 388 388 388 388 388 388 388 388 388 388 388 388 389 389 389 389 389 389 389 389 389 389 389 389 389 389 389 389 389 389 389 389 389 389 389 389 389 389 389 389 389 389 389 389 389 389 389 389 394 394 394 394 394 394 395 395 395 395 396 396 396 396 397 398 398 398 398 399 399 399 399 399 400 400 401 402 402 402 402 402 402
258 258 258 259 259 387 387 387 387 387 387 387 387 387 387 388 388 388 388 388 388 388 388 388 388 388 388 388 388 388 388 388 388 388 389 389 389 389 389 389 389 389 389 389 389 389 389 389 389 389 389 389 389 389 389 389 389 389 389 389 389 394 395 395 395 395 395 395 395 395 396 397 397 397 397 397 398 398 398 399 399 399 399 399 399 399 400 401 401 401 401 402 402 403
258 258 258 258 258 258 386 386 387 387 387 387 387 387 387 387 387 387 387 387 387 387 388 388 388 388 388 388 388 388 388 388 388 388 388 388 388 388 388 388 388 388 388 388 388 388 388 388 388 388 389 389 389 389 389 389 389 389 390 390 395 395 395 395 395 395 395 395 395 395 395 396 396 397 397 397 398 398 398 398 398 399 399 400 400 400 402 402 402 402 402 403 403 402
257 258 258 258 258 258 258 386 386 386 386 386 386 387 387 387 387 387 387 387 387 387 387 387 387 387 387 387 387 387 388 388 388 388 388 388 388 388 388 388 388 388 388 388 388 388 388 388 388 388 388 388 388 388 389 389 389 389 389 394 395 395 395 395 395 395 395 396 396 396 396 396 397 397 397 397 399 399 399 399 399 400 400 400 400 400 401 402 402 402 402 403 403 403
257 257 257 257 257 257 258 258 258 386 386 386 386 386 386 386 386 386 386 387 387 387 387 387 387 387 387 387 387 387 387 387 387 387 387 387 387 387 387 387 387 387 388 388 388 388 388 388 388 388 389 389 389 389 389 389 390 390 395 395 395 395 395 396 396 396 396 396 396 396 397 397 398 397 397 397 397 398 398 399 399 399 400 400 401 401 401 402 402 402 402 402 404 404
257 257 257 257 257 257 257 257 257 257 385 386 386 386 386 386 386 386 386 386 386 386 386 386 386 386 386 387 387 387 387 387 387 387 387 387 387 387 387 387 387 387 387 387 387 387 387 388 388 388 388 388 389 389 389 389 389 394 395 395 395 395 395 395 395 396 396 396 396 396 396 396 397 398 398 398 398 399 399 399 399 399 400 402 402 402 402 403 402 402 402 402 403 404
256 256 256 256 257 257 257 257 257 257 257 385 385 385 385 385 385 386 386 386 386 386 386 386 386 386 386 386 386 386 386 386 386 386 386 386 386 387 387 387 387 387 387 387 388 388 388 388 388 389 389 389 389 389 390 390 395 395 395 395 396 396 396 396 396 396 396 397 397 397 397 397 397 398 398 398 399 399 399 399 399 399 400 401 401 401 401 402 403 403 403 403 404 405
256 256 256 256 256 256 256 256 256 257 257 257 385 385 385 385 385 385 385 385 385 385 385 385 386 386 386 386 386 386 386 386 386 386 386 386 386 386 386 386 386 387 387 387 387 387 388 388 388 388 388 389 389 389 389 389 395 395 395 395 395 395 395 396 396 396 396 396 396 396 397 397 397 398 398 398 398 398 399 400 400 401 401 402 402 402 402 402 403 403 403 403 404 405
255 255 255 256 256 256 256 256 256 256 256 256 256 256 384 385 385 385 385 385 385 385 385 385 385 385 385 385 385 385 385 385 385 386 386 386 386 386 387 387 387 387 388 388 388 388 388 389 389 389 389 389 389 390 390 395 395 395 396 396 396 396 396 396 396 397 397 397 397 397 397 397 397 398 399 399 399 399 400 400 401 401 401 401 402 402 402 402 402 403 404 404 404 404
255 255 255 255 255 255 255 255 256 256 256 256 256 256 256 384 384 384 384 384 384 384 385 385 385 385 385 385 385 385 385 385 385 385 385 386 386 386 386 387 387 387 387 387 388 388 388 388 388 390 390 390 390 390 395 396 396 396 396 396 396 397 397 397 397 397 396 397 397 397 397 397 397 397 398 398 399 399 399 401 401 401 401 401 402 402 403 403 403 404 405 405 405 404
254 254 255 255 255 255 255 255 255 255 255 255 255 255 256 256 384 384 384 384 384 384 384 384 384 384 384 384 384 384 385 385 386 386 386 386 386 387 387 387 387 388 388 388 388 388 389 389 389 389 389 390 390 395 395 395 395 396 396 396 396 396 396 397 397 397 397 397 397 397 398 398 398 398 399 399 399 399 399 402 402 402 402 402 403 402 402 402 402 404 404 405 405 405
254 254 254 254 254 254 254 255 255 255 255 255 255 255 255 255 255 255 383 383 384 384 384 384 384 384 384 384 384 384 385 385 385 385 386 386 386 386 387 387 387 387 387 389 389 389 389 389 390 390 390 390 390 396 396 396 396 396 396 397 397 397 397 397 397 398 398 398 398 398 398 398 397 398 398 399 399 399 400 400 401 401 402 402 402 403 403 403 404 404 405 405 405 405
253 254 254 254 254 254 254 254 254 254 254 254 255 255 255 255 255 255 255 383 383 383 383 383 383 383 383 384 385 385 385 386 386 386 386 387 387 387 387 387 388 388 388 388 389 389 389 389 389 390 390 390 395 395 395 396 396 396 396 396 396 397 397 397 397 397 397 398 398 398 398 398 398 398 398 400 400 401 401 401 402 402 402 402 402 403 404 404 404 404 405 405 405 405
253 253 253 253 253 253 254 254 254 254 254 254 254 254 254 254 254 254 254 255 383 383 383 383 383 384 384 384 384 385 385 385 385 386 386 386 386 387 387 388 388 389 389 389 389 389 390 390 390 390 390 396 396 396 396 396 396 397 397 397 397 397 397 398 398 398 398 398 398 398 399 399 399 399 399 399 400 400 400 401 401 402 402 402 402 402 404 404 404 404 404 406 406 406
253 253 253 253 253 253 253 253 253 253 253 254 254 254 254 254 254 254 254 254 254 254 382 383 383 383 385 385 385 385 386 386 386 386 387 387 387 387 387 388 388 388 388 389 389 389 389 389 390 390 395 395 395 396 396 396 396 396 396 397 397 397 397 397 397 398 398 398 398 398 398 398 398 399 399 400 401 401 401 401 401 402 403 403 403 404 405 405 405 404 404 405 405 405
252 252 252 252 252 253 253 253 253 253 253 253 253 253 253 253 253 254 254 254 255 255 255 383 384 384 384 384 385 385 385 385 386 386 386 386 388 388 388 388 389 389 389 389 389 390 390 390 390 390 396 396 396 396 396 397 397 397 397 397 397 398 398 398 398 398 398 398 399 399 399 399 399 399 399 401 401 402 402 401 401 401 402 402 403 403 404 405 405 405 405 405 406 406
252 252 252 252 252 252 252 252 252 252 253 253 253 253 253 253 253 253 254 254 254 254 255 255 383 385 385 385 385 386 386 386 386 387 387 387 387 388 388 388 388 388 389 389 389 389 390 390 390 395 395 396 396 396 396 396 396 397 397 397 397 397 397 398 398 398 398 398 398 398 399 399 399 399 400 400 400 401 402 402 402 402 403 403 404 404 404 405 405 405 405 405 406 406
251 251 251 251 252 252 252 252 252 252 252 252 252 252 252 252 254 254 254 255 255 255 255 256 256 256 384 385 385 385 385 386 386 386 387 388 388 388 388 389 389 389 389 390 390 390 390 390 396 396 396 396 396 397 397 397 397 397 397 398 398 398 398 398 398 399 399 399 399 399 399 399 399 401 401 401 401 401 402 402 402 401 402 404 404 404 404 404 405 405 405 405 405 406
251 251 251 251 251 251 251 251 251 251 252 252 252 252 253 253 253 254 254 254 254 255 255 256 257 257 257 385 386 386 386 386 387 387 387 387 388 388 388 388 389 389 389 389 389 390 390 390 395 395 396 396 396 396 397 398 398 398 398 398 398 398 398 398 398 398 398 398 399 399 399 399 400 400 400 401 401 401 402 402 402 402 403 404 404 404 405 405 406 406 406 406 405 405
250 250 250 250 251 251 251 251 251 251 251 251 252 252 252 253 254 254 254 255 255 255 256 256 256 256 257 257 257 385 386 386 386 387 388 388 388 388 389 389 389 389 390 390 390 390 390 396 396 396 396 396 397 397 397 397 397 398 398 398 398 398 398 399 399 399 399 399 399 399 400 400 401 401 401 401 401 401 403 403 403 404 403 403 404 404 404 404 404 405 406 406 406 407
250 250 250 250 250 250 250 250 250 251 252 252 252 253 253 253 253 254 254 254 255 255 256 256 257 257 257 258 258 258 386 387 387 387 387 388 388 388 388 389 389 389 389 389 390 390 390 395 397 397 397 397 397 397 398 398 398 398 398 399 399 399 399 399 399 400 400 399 399 399 399 400 400 401 401 401 401 401 401 402 403 403 404 404 405 405 405 405 405 406 406 406 407 406
