testData/tiles/oneDegree/grid38.0-26.0-39.0-27.0.asc
ncols   200
nrows   200
xllcorner   38.0
yllcorner   26.0
cellsize   0.005
NODATA_value   -9999.0
[rows 0 to 59 of 200, columns 0 to 95 of 200]
315 315 314 314 314 312 312 311 311 310 310 308 308 307 306 306 305 304 302 301 301 300 299 298 296 295 294 293 292 291 288 287 286 285 283 241 239 237 236 234 232 231 229 227 225 223 221 219 217 214 212 210 208 206 203 200 198 195 193 190 187 184 181 178 175 172 168 164 161 157 154 150 145 141 136 132 127 121 116 110 104 97 90 83 74 64 52 47 4 4 4 4 4 4 4 4
315 315 314 313 313 312 312 311 311 310 309 308 308 307 306 306 304 303 302 301 301 300 299 297 296 295 294 293 292 289 288 287 286 285 283 240 238 237 235 234 232 230 228 226 225 223 221 218 216 214 212 210 208 205 203 200 198 195 193 189 187 184 181 178 175 171 168 164 161 157 153 149 145 141 136 132 126 121 116 110 104 97 90 82 74 64 51 47 4 4 4 4 4 4 4 4
315 315 313 313 313 312 312 311 310 309 309 308 307 307 306 304 304 303 302 301 300 299 298 297 296 295 294 293 291 289 288 287 286 284 282 240 238 237 235 234 231 230 228 226 225 223 220 218 216 214 212 210 207 205 202 200 198 195 192 189 186 184 181 177 174 171 168 164 161 156 152 149 145 140 136 130 126 121 115 110 104 97 90 82 73 63 51 47 4 4 4 4 4 4 4 4
314 314 313 313 313 312 312 310 310 309 309 308 307 306 305 304 304 303 302 301 299 299 298 297 296 295 293 292 290 289 288 287 285 283 282 281 238 237 234 233 231 230 228 226 224 222 220 218 216 214 211 209 207 205 202 200 197 194 192 189 186 184 180 177 174 171 167 164 160 156 152 148 144 139 135 130 126 120 115 109 103 97 90 82 73 63 50 47 4 4 4 4 4 4 4 4
314 314 313 313 312 311 311 310 310 309 309 308 306 306 305 304 304 303 301 300 299 298 298 297 295 294 293 291 290 289 288 286 285 283 282 281 238 236 234 233 231 230 228 225 223 222 220 218 216 213 211 209 207 205 202 199 196 194 191 189 186 182 180 177 174 170 166 163 159 156 152 148 143 139 135 130 125 120 115 109 103 97 90 82 73 63 50 47 4 4 4 4 4 4 4 4
314 313 313 312 311 311 310 310 310 309 307 307 306 306 305 304 303 302 301 300 299 298 297 295 295 293 292 291 290 288 287 286 284 283 282 279 237 236 234 233 231 229 227 225 223 222 220 218 215 213 211 209 207 203 201 199 196 194 191 188 185 182 179 177 173 169 166 163 159 156 152 147 143 139 135 130 125 120 115 109 103 96 89 81 73 62 50 47 4 4 4 4 4 4 4 4
314 313 312 312 311 311 310 310 308 308 307 307 306 306 305 303 302 302 301 300 299 297 296 295 294 293 292 291 289 288 287 286 284 283 281 279 237 236 234 233 230 228 227 225 223 221 219 217 215 213 211 209 205 203 201 199 196 194 190 188 185 182 179 176 172 169 166 163 159 155 151 147 143 139 134 130 125 120 115 109 103 96 89 81 72 62 49 47 4 4 4 4 4 4 4 4
313 312 312 312 311 311 310 309 308 308 307 307 306 304 304 303 302 302 301 300 298 297 296 295 294 293 291 290 289 288 287 286 284 282 281 279 237 235 234 231 230 228 227 225 223 220 218 217 215 213 211 208 205 203 201 199 196 193 190 188 185 182 178 175 172 169 166 163 158 154 151 147 143 139 134 130 125 120 114 109 103 96 89 81 72 61 49 47 4 4 4 4 4 4 4 4
312 312 312 311 311 310 309 309 308 308 307 307 305 304 304 303 302 301 300 299 298 297 296 295 294 292 291 290 289 288 287 284 283 282 281 279 278 234 233 231 230 228 226 224 222 220 218 216 215 212 210 207 205 203 201 197 195 193 190 187 185 181 178 175 172 169 166 161 158 154 151 147 143 138 134 129 125 120 114 108 102 96 89 81 72 61 48 47 4 4 4 4 4 4 4 0
312 312 312 310 310 310 309 309 308 308 306 305 305 304 304 303 302 300 300 299 298 297 296 294 293 292 291 290 289 288 286 284 283 282 280 279 277 234 233 231 230 228 225 224 222 220 218 216 213 211 209 207 205 203 200 197 195 192 190 187 184 181 178 175 172 169 165 161 158 154 150 147 142 138 134 129 124 119 114 108 102 95 88 80 71 61 48 47 4 4 4 4 4 4 0 0
312 312 311 310 310 309 309 309 307 307 306 305 305 304 303 302 301 300 299 299 298 297 295 294 293 292 291 290 288 287 285 284 283 282 279 278 277 234 233 231 229 227 225 224 222 220 218 215 213 211 209 207 205 202 200 197 195 192 189 186 183 181 178 175 171 168 164 161 158 154 150 146 142 138 134 129 124 119 114 108 102 95 88 80 71 60 47 47 4 4 4 4 0 0 0 0
311 311 311 310 310 309 309 307 307 306 306 305 305 304 302 302 301 300 299 299 297 296 295 294 293 292 290 289 288 286 285 284 283 281 279 278 276 234 232 230 228 227 225 223 222 219 217 215 213 211 209 206 204 202 199 197 195 191 189 186 183 180 178 174 171 167 164 161 157 154 150 146 142 138 133 129 124 119 113 108 102 95 88 80 70 60 47 47 4 4 4 0 0 0 0 0
311 311 310 310 310 308 308 307 307 306 306 305 304 303 302 302 301 300 298 297 297 296 295 294 293 291 290 289 288 286 285 283 282 280 279 278 276 234 231 230 228 227 225 223 221 219 217 215 213 211 208 206 204 202 199 197 193 191 188 186 183 180 176 174 170 167 164 161 157 154 150 146 142 138 133 129 124 119 113 107 101 95 87 79 70 59 47 47 4 4 0 0 0 0 0 0
311 311 310 309 309 308 308 307 307 306 305 304 303 303 302 301 301 299 298 297 296 296 295 293 292 291 290 289 287 286 284 283 282 280 279 278 275 233 231 230 228 227 224 222 220 219 217 215 212 210 208 206 204 201 198 196 193 191 188 186 182 179 176 173 170 167 164 161 157 153 150 146 142 137 133 128 124 118 113 107 101 94 87 79 70 59 47 47 4 0 0 0 0 0 0 0
311 311 309 309 308 308 308 307 307 305 305 304 303 303 302 300 300 299 298 297 296 295 294 293 292 291 290 288 286 285 284 283 281 280 279 276 275 274 231 230 228 225 224 222 220 218 217 214 212 210 208 206 203 200 198 196 193 191 188 185 182 179 176 173 170 167 164 160 157 153 149 146 142 137 133 128 123 118 113 107 101 94 87 78 69 58 47 43 0 0 0 0 0 0 0 0
310 309 309 309 308 308 307 306 306 305 304 304 303 303 301 300 299 299 298 297 295 294 293 292 291 290 289 287 286 285 284 283 281 279 278 276 275 273 231 228 227 225 224 222 220 217 215 214 212 210 208 204 202 200 198 195 193 190 187 184 182 179 176 173 170 167 164 160 157 153 149 145 141 137 133 128 123 118 112 107 100 94 86 78 69 58 43 43 0 0 0 0 0 0 0 0
310 309 309 309 308 307 306 306 305 305 304 304 302 301 301 300 299 299 298 296 295 294 293 292 291 289 288 287 286 285 284 282 280 279 278 276 275 273 230 228 227 225 223 222 219 217 215 213 212 210 206 204 202 200 198 195 192 189 187 184 181 179 176 173 170 167 163 160 156 153 149 145 141 137 132 128 123 118 112 106 100 93 86 78 68 53 43 43 0 0 0 0 0 0 0 0
310 309 309 309 307 307 306 306 305 305 303 303 302 301 301 300 299 297 297 296 295 294 293 292 290 289 288 287 286 285 283 281 280 279 277 276 274 272 230 228 227 225 223 221 219 217 215 213 211 208 206 204 202 200 197 194 192 189 187 184 181 179 176 173 170 166 163 160 156 153 149 145 141 137 132 127 123 117 112 106 100 93 86 77 64 53 43 43 0 0 0 0 0 0 0 0
309 309 308 307 307 307 306 306 305 304 303 302 302 301 301 299 298 297 297 296 295 294 292 291 290 289 288 287 285 284 282 281 280 279 277 275 274 272 230 228 226 224 222 220 219 217 215 212 210 208 206 204 202 199 196 194 192 189 186 184 181 178 175 172 169 166 163 160 156 152 149 145 141 136 132 127 122 117 112 106 99 93 81 73 63 52 43 43 0 0 0 0 0 0 0 0
308 308 308 307 307 306 306 305 304 303 303 302 302 301 299 299 298 297 296 296 294 293 292 291 290 289 288 286 285 283 282 281 280 278 276 275 273 272 229 228 225 224 222 220 219 217 214 212 210 208 206 204 201 198 196 194 191 189 186 184 181 178 175 172 169 166 163 159 156 152 148 144 140 136 132 127 122 117 111 105 99 88 81 72 63 51 43 43 0 0 0 0 0 0 0 0
308 308 308 307 307 305 305 304 304 303 303 302 301 300 299 299 298 297 296 294 294 293 292 291 290 288 287 286 285 283 282 281 279 277 276 275 273 272 228 227 225 224 222 220 217 216 214 212 210 208 205 203 201 198 196 194 191 189 186 183 181 178 175 172 169 166 163 159 156 152 148 144 140 136 131 127 122 117 111 105 95 88 80 72 62 51 43 0 0 0 0 0 0 0 0 0
308 308 307 307 306 305 305 304 304 303 302 301 300 300 299 298 298 296 295 294 293 293 292 291 289 288 287 285 284 283 281 280 279 277 276 275 273 271 228 227 225 223 222 219 217 215 214 212 210 207 205 203 200 198 196 193 191 189 186 183 181 178 175 172 169 166 162 159 155 152 148 144 140 136 131 126 121 116 107 101 94 88 80 71 62 50 43 0 0 0 0 0 0 0 0 0
308 308 306 306 305 305 305 304 304 302 302 301 300 300 299 297 297 296 295 294 293 292 290 290 289 287 286 285 284 282 281 280 278 277 276 273 272 270 269 226 225 222 221 219 217 215 213 212 209 207 204 202 200 198 196 193 191 188 186 183 180 178 175 172 169 165 162 159 155 152 148 144 140 135 131 126 121 112 106 100 94 87 80 71 61 49 43 0 0 0 0 0 0 0 0 0
307 306 306 306 305 305 304 303 302 302 301 301 300 300 298 297 296 296 295 294 293 291 290 289 288 287 286 284 283 282 281 279 278 277 275 273 272 270 269 226 224 222 220 219 217 215 212 210 208 206 204 202 200 198 195 193 191 188 186 183 180 177 174 171 168 165 162 158 155 151 147 144 139 135 131 126 117 112 106 100 94 87 79 70 61 49 43 0 0 0 0 0 0 0 0 0
307 306 306 306 305 304 303 303 302 302 301 301 299 298 298 297 296 295 295 293 292 291 290 289 288 286 285 284 283 282 281 279 277 276 274 273 272 270 268 225 224 222 220 219 217 214 212 210 208 206 204 202 200 198 195 193 190 188 185 183 180 177 174 171 168 165 162 158 155 151 147 143 139 135 130 122 117 111 106 100 93 86 79 70 60 48 43 0 0 0 0 0 0 0 0 0
306 306 306 305 304 304 303 303 302 302 300 299 299 298 298 297 296 294 294 293 292 291 290 289 287 286 285 284 283 282 279 278 277 276 274 273 271 269 267 225 223 222 220 217 216 214 212 210 208 206 204 202 200 197 195 193 190 188 185 182 180 177 174 171 168 165 161 158 154 151 147 143 139 131 126 121 116 111 105 99 93 86 78 69 59 47 43 0 0 0 0 0 0 0 0 0
306 306 305 304 304 303 303 303 302 301 300 299 299 298 297 297 295 294 293 293 292 291 289 288 287 286 285 284 283 280 279 278 277 275 274 272 270 269 267 225 223 222 219 217 215 214 212 210 208 206 204 202 199 197 195 192 190 188 185 182 180 177 174 171 168 165 161 158 154 151 147 143 135 130 126 121 116 111 105 99 92 85 78 69 59 46 43 0 0 0 0 0 0 0 0 0
305 305 305 304 304 303 303 301 301 300 300 299 299 298 296 296 295 294 293 292 292 290 289 288 287 286 285 283 281 280 279 278 277 275 273 272 270 269 267 225 222 220 219 217 215 213 212 210 208 206 204 201 199 197 195 192 190 187 185 182 179 176 174 171 167 164 161 158 154 150 142 138 134 130 125 121 116 110 105 99 92 85 77 68 58 46 43 0 0 0 0 0 0 0 0 0
305 305 304 304 304 302 302 301 301 300 300 299 297 297 296 295 295 294 293 291 290 289 289 288 287 286 283 282 281 280 279 278 275 274 273 271 270 268 267 223 222 220 219 217 215 213 211 209 207 205 203 201 199 197 194 192 190 187 185 182 179 176 173 170 167 164 161 157 154 146 142 138 134 130 125 120 115 110 104 98 92 85 77 68 57 45 43 0 0 0 0 0 0 0 0 0
305 305 304 304 302 302 302 301 301 300 299 298 297 297 296 295 294 293 292 291 290 289 288 287 285 284 283 282 281 280 279 276 275 274 273 271 270 267 266 223 222 220 218 217 215 213 211 209 207 205 203 201 199 197 194 192 189 187 184 182 179 176 173 170 167 164 160 157 149 146 142 138 134 129 125 120 115 110 104 98 91 84 76 67 57 44 43 0 0 0 0 0 0 0 0 0
305 304 303 303 302 302 301 301 300 299 298 298 297 296 296 295 293 293 292 291 290 289 287 286 285 284 283 282 281 279 278 276 275 274 272 270 269 267 266 223 221 220 218 216 215 213 211 209 207 205 203 201 199 196 194 192 189 187 184 181 179 176 173 170 167 164 156 153 149 145 142 138 133 129 124 120 115 109 103 97 91 84 76 67 56 43 43 0 0 0 0 0 0 0 0 0
304 303 303 302 302 302 301 300 299 299 298 298 297 296 295 294 293 292 292 291 290 288 287 286 285 284 283 281 280 279 277 276 275 274 271 270 268 267 265 223 221 220 218 216 214 213 211 209 207 205 203 201 198 196 194 191 189 186 184 181 178 176 173 170 166 159 156 152 149 145 141 137 133 129 124 119 114 109 103 97 90 83 75 66 55 43 43 0 0 0 0 0 0 0 0 0
303 303 303 302 302 301 300 300 299 299 298 297 296 295 294 294 293 292 291 290 289 288 287 286 285 284 282 281 280 278 277 276 274 272 271 270 268 267 265 264 221 219 218 216 214 212 211 209 207 205 203 200 198 196 194 191 189 186 184 181 178 175 172 169 162 159 156 152 149 145 141 137 133 128 124 119 114 108 103 96 90 83 74 65 54 43 43 0 0 0 0 0 0 0 0 0
303 303 303 302 301 300 300 299 299 298 298 296 296 295 294 294 293 291 290 289 288 288 287 286 284 283 282 281 279 278 277 275 273 272 271 269 268 267 265 263 221 219 218 216 214 212 210 208 206 204 202 200 198 196 193 191 188 186 183 181 178 175 168 165 162 159 155 152 148 145 141 137 132 128 123 119 113 108 102 96 89 82 74 65 54 43 43 0 0 0 0 0 0 0 0 0
303 303 301 301 301 300 300 299 299 297 297 296 295 295 294 293 292 291 290 289 288 287 285 285 284 282 281 280 279 277 276 275 273 272 271 269 268 266 265 263 221 219 217 216 214 212 210 208 206 204 202 200 198 195 193 191 188 186 183 180 178 171 168 165 162 158 155 152 148 144 140 136 132 128 123 118 113 108 102 96 89 81 73 64 53 43 43 0 0 0 0 0 0 0 0 0
302 302 301 301 300 300 300 298 298 297 296 296 295 295 293 292 291 291 290 289 288 286 285 284 283 282 281 280 278 277 276 274 273 272 270 269 268 266 265 263 220 219 217 215 214 212 210 208 206 204 202 200 197 195 193 190 188 185 183 176 173 171 168 165 161 158 155 151 148 144 140 136 132 127 123 118 113 107 101 95 88 81 73 63 52 43 43 0 0 0 0 0 0 0 0 0
302 301 301 301 300 299 298 298 297 297 296 296 294 293 293 292 291 290 290 288 287 286 285 284 283 282 280 279 278 277 275 274 273 272 270 269 267 266 264 263 220 219 217 215 213 212 210 208 206 204 202 199 197 195 193 190 188 185 179 176 173 170 167 164 161 158 154 151 147 144 140 136 131 127 122 117 112 107 101 95 88 80 72 63 51 43 43 0 0 0 0 0 0 0 0 0
301 301 301 299 299 299 298 298 297 297 296 294 294 293 292 292 291 289 288 288 287 286 285 284 282 281 280 279 278 276 275 274 273 271 270 269 267 266 264 263 220 218 217 215 213 211 209 208 206 203 201 199 197 195 192 190 184 181 178 176 173 170 167 164 161 158 154 151 147 143 139 135 131 127 122 117 112 106 100 94 87 80 71 62 50 43 0 0 0 0 0 0 0 0 0 0
301 301 300 299 299 298 298 297 297 295 295 294 294 293 292 292 290 289 288 287 287 286 285 283 282 281 280 279 277 276 275 274 272 271 270 268 267 265 264 262 220 218 216 215 213 211 209 207 205 203 201 199 197 194 192 186 183 181 178 175 173 170 167 164 161 157 154 150 147 143 139 135 131 126 122 117 111 106 100 94 87 79 71 61 49 43 0 0 0 0 0 0 0 0 0 0
300 300 299 299 299 298 298 296 296 295 295 294 293 293 291 290 290 289 288 287 286 284 283 283 282 280 279 278 277 276 275 274 272 271 270 268 267 265 264 262 220 218 216 214 213 211 209 207 205 203 201 199 197 190 188 185 183 180 178 175 172 169 166 163 160 157 154 150 146 143 139 135 130 126 121 116 111 105 99 93 86 79 70 60 48 43 0 0 0 0 0 0 0 0 0 0
300 300 299 299 298 297 297 296 296 295 294 294 292 292 291 290 289 289 288 286 285 284 283 282 281 280 279 278 277 276 275 273 272 271 269 268 267 265 264 262 219 218 216 214 212 211 209 207 205 203 201 198 192 190 188 185 183 180 178 175 172 169 166 163 160 157 153 150 146 142 138 134 130 125 121 116 111 105 99 93 86 78 69 59 47 43 0 0 0 0 0 0 0 0 0 0
300 299 299 298 297 297 296 296 295 295 294 293 292 291 291 290 289 288 287 286 285 284 283 282 281 280 279 278 277 276 274 273 272 271 269 268 266 265 263 262 219 217 216 214 212 210 208 207 205 203 196 194 192 190 187 185 182 180 177 175 172 169 166 163 160 156 153 149 146 142 138 134 130 125 120 115 110 104 98 92 85 77 69 59 46 43 0 0 0 0 0 0 0 0 0 0
299 299 298 297 297 297 296 296 295 294 293 292 292 291 290 290 288 287 286 286 285 284 283 282 281 280 279 278 277 275 274 273 272 270 269 268 266 265 263 261 219 217 216 214 212 210 208 206 204 198 196 194 192 189 187 185 182 180 177 174 171 169 166 162 159 156 153 149 145 142 138 133 129 125 120 115 110 104 98 91 84 77 68 58 45 43 0 0 0 0 0 0 0 0 0 0
298 298 298 297 297 296 296 294 294 293 293 292 292 291 289 289 288 287 286 285 284 284 283 282 281 280 279 277 276 275 274 273 271 270 269 267 266 264 263 261 219 217 215 214 212 210 208 202 200 198 196 194 191 189 187 184 182 179 177 174 171 168 165 162 159 156 152 149 145 141 137 133 129 124 119 114 109 103 97 91 84 76 67 57 44 43 0 0 0 0 0 0 0 0 0 0
298 298 297 297 297 295 295 294 294 293 293 292 290 290 289 288 288 287 286 285 284 283 282 281 280 279 278 277 276 275 274 272 271 270 268 267 266 264 263 261 218 217 215 213 211 210 204 202 200 198 196 193 191 189 187 184 182 179 176 174 171 168 165 162 159 155 152 148 145 141 137 133 128 124 119 114 109 103 97 90 83 75 66 56 43 43 0 0 0 0 0 0 0 0 0 0
298 298 297 296 295 295 295 294 294 293 292 291 290 290 289 288 287 287 286 285 284 283 282 281 280 279 278 277 276 275 273 272 271 270 268 267 265 264 262 261 218 216 215 213 207 205 203 202 200 197 195 193 191 189 186 184 181 179 176 173 171 168 165 162 158 155 152 148 144 140 136 132 128 123 119 114 108 102 96 90 83 75 66 55 43 43 0 0 0 0 0 0 0 0 0 0
298 296 296 296 295 295 294 294 293 292 291 291 290 289 289 288 287 286 286 285 284 283 282 281 280 279 278 277 276 274 273 272 271 269 268 267 265 264 262 261 218 216 215 209 207 205 203 201 199 197 195 193 191 188 186 184 181 178 176 173 170 167 164 161 158 155 151 148 144 140 136 132 128 123 118 113 108 102 96 89 82 74 65 54 43 43 0 0 0 0 0 0 0 0 0 0
296 296 296 295 295 295 294 293 292 292 291 290 290 289 288 288 287 286 285 284 284 283 282 281 280 279 278 277 275 274 273 272 270 269 268 266 265 263 262 260 218 212 210 209 207 205 203 201 199 197 195 193 190 188 186 183 181 178 175 173 170 167 164 161 158 154 151 147 144 140 136 131 127 123 118 113 107 101 95 89 81 73 64 53 43 43 0 0 0 0 0 0 0 0 0 0
296 296 296 295 295 293 293 292 292 291 291 290 290 289 288 287 287 286 285 284 283 282 282 281 280 278 277 276 275 274 273 271 270 269 267 266 265 263 262 256 213 212 210 208 206 205 203 201 199 197 194 192 190 188 185 183 180 178 175 172 170 167 164 160 157 154 150 147 143 139 135 131 127 122 117 112 107 101 95 88 81 72 63 52 43 43 0 0 0 0 0 0 0 0 0 0
296 296 295 294 294 293 293 292 292 291 291 290 289 289 288 287 286 286 285 284 283 282 281 280 279 278 277 276 275 274 272 271 270 269 267 266 264 263 257 256 213 211 210 208 206 204 202 200 198 196 194 192 190 187 185 183 180 177 175 172 169 166 163 160 157 154 150 147 143 139 135 131 126 122 117 112 106 100 94 87 80 72 62 51 43 43 0 0 0 0 0 0 0 0 0 0
296 294 294 294 293 293 292 292 291 291 290 290 289 288 288 287 286 285 285 284 283 282 281 280 279 278 277 276 275 273 272 271 270 268 267 266 260 259 257 255 213 211 209 208 206 204 202 200 198 196 194 192 189 187 185 182 180 177 174 172 169 166 163 160 157 153 150 146 142 138 134 130 126 121 116 111 106 100 93 87 79 71 61 50 43 0 0 0 0 0 0 0 0 0 0 0
295 294 294 293 293 293 292 292 291 291 290 289 289 288 287 287 286 285 284 284 283 282 281 280 279 278 277 276 274 273 272 271 269 268 267 261 260 258 257 255 213 211 209 207 206 204 202 200 198 196 194 191 189 187 184 182 179 177 174 171 169 166 163 159 156 153 149 146 142 138 134 130 125 121 116 111 105 99 93 86 78 70 60 49 43 0 0 0 0 0 0 0 0 0 0 0
294 294 294 293 293 292 292 291 291 290 290 289 289 288 287 287 286 285 284 283 282 281 281 280 279 278 276 275 274 273 272 270 269 264 262 261 260 258 257 255 212 211 209 207 205 203 202 200 198 195 193 191 189 187 184 182 179 177 174 171 168 165 162 159 156 152 149 145 142 138 134 129 125 120 115 110 104 99 92 85 78 69 59 47 43 0 0 0 0 0 0 0 0 0 0 0
294 294 293 293 293 292 292 291 291 290 290 289 288 288 287 286 286 285 284 283 282 281 280 279 278 277 276 275 274 273 271 266 265 264 262 261 259 258 256 255 212 210 209 207 205 203 201 199 197 195 193 191 189 186 184 181 179 176 173 171 168 165 162 159 155 152 149 145 141 137 133 129 124 120 115 109 104 98 92 85 77 68 58 46 43 0 0 0 0 0 0 0 0 0 0 0
294 293 293 293 292 292 291 291 290 290 289 289 288 287 287 286 285 284 284 283 282 281 280 279 278 277 276 275 274 272 267 266 265 263 262 260 259 258 256 254 212 210 208 207 205 203 201 199 197 195 193 190 188 186 183 181 178 176 173 170 167 165 161 158 155 152 148 145 141 137 133 128 124 119 114 109 103 97 91 84 76 67 57 45 43 0 0 0 0 0 0 0 0 0 0 0
294 293 293 293 292 292 291 291 290 290 289 288 288 287 286 286 285 284 283 283 282 281 280 279 278 277 276 275 269 268 267 266 264 263 262 260 259 257 256 254 211 210 208 206 204 203 201 199 197 195 192 190 188 186 183 181 178 175 173 170 167 164 161 158 155 151 148 144 140 136 132 128 123 119 114 108 103 97 90 83 75 66 56 43 43 0 0 0 0 0 0 0 0 0 0 0
293 293 293 292 292 291 291 290 290 289 289 288 288 287 286 285 285 284 283 282 281 280 280 279 278 276 271 270 269 268 267 265 264 263 261 260 258 257 255 254 211 209 208 206 204 202 200 198 196 194 192 190 188 185 183 180 178 175 172 170 167 164 161 158 154 151 147 144 140 136 132 127 123 118 113 108 102 96 90 82 75 66 55 43 43 0 0 0 0 0 0 0 0 0 0 0
293 293 292 292 292 291 291 290 290 289 289 288 287 287 286 285 284 284 283 282 281 280 279 278 277 272 271 270 269 268 266 265 264 262 261 260 258 257 255 254 211 209 207 206 204 202 200 198 196 194 192 190 187 185 182 180 177 175 172 169 166 163 160 157 154 150 147 143 139 135 131 127 122 118 113 107 102 95 89 82 74 65 54 43 43 0 0 0 0 0 0 0 0 0 0 0
293 292 292 292 291 291 290 290 289 289 288 288 287 286 286 285 284 283 283 282 281 280 279 274 273 272 271 270 269 267 266 265 264 262 261 259 258 256 255 253 211 209 207 205 204 202 200 198 196 194 191 189 187 185 182 180 177 174 172 169 166 163 160 157 153 150 146 143 139 135 131 126 122 117 112 107 101 95 88 81 73 64 53 43 43 0 0 0 0 0 0 0 0 0 0 0
293 292 292 292 291 291 290 290 289 289 288 287 287 286 285 285 284 283 282 281 281 276 275 274 273 272 271 269 268 267 266 265 263 262 260 259 258 256 255 253 210 209 207 205 203 201 199 197 195 193 191 189 187 184 182 179 177 174 171 169 166 163 160 156 153 150 146 142 138 134 130 126 121 117 111 106 100 94 87 80 72 63 52 43 43 0 0 0 0 0 0 0 0 0 0 0
