testData/tiles/oneDegree/grid13.0-24.0-14.0-25.0.asc
ncols   200
nrows   200
xllcorner   13.0
yllcorner   24.0
cellsize   0.005
NODATA_value   -9999.0
[rows 84 to 125 of 200, columns 0 to 93 of 200]
374 374 186 186 185 185 184 184 183 183 182 182 181 181 180 180 179 179 178 178 177 271 270 270 269 269 268 268 267 267 266 266 265 265 264 264 263 263 262 262 261 261 260 260 259 259 258 258 257 257 256 256 255 255 254 254 253 253 252 252 251 251 250 250 249 249 248 248 247 247 246 246 245 245 244 244 243 243 242 242 241 241 240 240 239 239 238 238 237 237 236 236 235 235
374 374 186 186 185 185 184 184 183 183 182 182 181 181 180 180 179 179 178 178 271 271 270 270 269 269 268 268 267 267 266 266 265 265 264 264 263 263 262 262 261 261 260 260 259 259 258 258 257 257 256 256 255 255 254 254 253 253 252 252 251 251 250 250 249 249 248 248 247 247 246 246 245 245 244 244 243 243 242 242 241 241 240 240 239 239 238 238 237 237 236 236 235 235
374 374 186 186 185 185 184 184 183 183 182 182 181 181 180 180 179 179 178 178 271 271 270 270 269 269 268 268 267 267 266 266 265 265 264 264 263 263 262 262 261 261 260 260 259 259 258 258 257 257 256 256 255 255 254 254 253 253 252 252 251 251 250 250 249 249 248 248 247 247 246 246 245 245 244 244 243 243 242 242 241 241 240 240 239 239 238 238 237 237 236 236 235 235
374 374 186 186 185 185 184 184 183 183 182 182 181 181 180 180 179 179 178 272 271 271 270 270 269 269 268 268 267 267 266 266 265 265 264 264 263 263 262 262 261 261 260 260 259 259 258 258 257 257 256 256 255 255 254 254 253 253 252 252 251 251 250 250 249 249 248 248 247 247 246 246 245 245 244 244 243 243 242 242 241 241 240 240 239 239 238 238 237 237 236 236 235 235
374 374 186 186 185 185 184 184 183 183 182 182 181 181 180 180 179 179 272 272 271 271 270 270 269 269 268 268 267 267 266 266 265 265 264 264 263 263 262 262 261 261 260 260 259 259 258 258 257 257 256 256 255 255 254 254 253 253 252 252 251 251 250 250 249 249 248 248 247 247 246 246 245 245 244 244 243 243 242 242 241 241 240 240 239 239 238 238 237 237 236 236 235 235
374 374 186 186 185 185 184 184 183 183 182 182 181 181 180 180 179 179 272 272 271 271 270 270 269 269 268 268 267 267 266 266 265 265 264 264 263 263 262 262 261 261 260 260 259 259 258 258 257 257 256 256 255 255 254 254 253 253 252 252 251 251 250 250 249 249 248 248 247 247 246 246 245 245 244 244 243 243 242 242 241 241 240 240 239 239 238 238 237 236 236 235 235 234
374 374 186 186 185 185 184 184 183 183 182 182 181 181 180 180 179 273 272 272 271 271 270 270 269 269 268 268 267 267 266 266 265 265 264 264 263 263 262 262 261 261 260 260 259 259 258 258 257 257 256 256 255 255 254 254 253 253 252 252 251 251 250 250 249 249 248 248 247 247 246 246 245 245 244 244 243 243 242 242 241 240 240 239 239 238 238 237 237 236 236 235 235 234
374 374 186 186 185 185 184 184 183 183 182 182 181 181 180 180 179 273 272 272 271 271 270 270 269 269 268 268 267 267 266 266 265 265 264 264 263 263 262 262 261 261 260 260 259 259 258 258 257 257 256 256 255 255 254 254 253 253 252 252 251 251 250 250 249 249 248 248 247 246 246 245 245 244 244 243 243 242 242 241 241 240 240 239 239 238 238 237 237 236 236 235 235 234
374 374 186 186 185 185 184 184 183 183 182 182 181 181 180 180 273 273 272 272 271 271 270 270 269 269 268 268 267 267 266 266 265 265 264 264 263 263 262 262 261 261 260 260 259 259 258 258 257 257 256 256 255 255 254 253 253 252 252 251 251 250 250 249 249 248 248 247 247 246 246 245 245 244 244 243 243 242 242 241 241 240 240 239 239 238 238 237 237 236 236 235 235 234
374 374 186 186 185 185 184 184 183 183 182 182 181 181 180 180 273 273 272 272 271 271 270 270 269 269 268 268 267 267 266 266 265 265 264 263 263 262 262 261 261 260 260 259 259 258 258 257 257 256 256 255 255 254 254 253 253 252 252 251 251 250 250 249 249 248 248 247 247 246 246 245 245 244 244 243 243 242 242 241 241 240 240 239 239 238 238 237 237 236 236 235 235 234
374 373 186 185 185 184 184 183 183 182 182 181 181 180 180 273 273 272 272 271 271 270 270 269 269 268 268 267 267 266 266 265 265 264 264 263 263 262 262 261 261 260 260 259 259 258 258 257 257 256 256 255 255 254 254 253 253 252 252 251 251 250 250 249 249 248 248 247 247 246 246 245 245 244 244 243 243 242 242 241 241 240 240 239 239 238 238 237 237 236 236 235 235 234
374 373 186 185 185 184 184 183 183 182 182 181 181 180 180 273 273 272 272 271 271 270 270 269 269 268 268 267 267 266 266 265 265 264 264 263 263 262 262 261 261 260 260 259 259 258 258 257 257 256 256 255 255 254 254 253 253 252 252 251 251 250 250 249 249 248 248 247 247 246 246 245 245 244 244 243 243 242 242 241 241 240 240 239 239 238 238 237 237 236 236 235 235 234
374 373 186 185 185 184 184 183 183 182 182 181 181 180 274 273 273 272 272 271 271 270 270 269 269 268 268 267 267 266 266 265 265 264 264 263 263 262 262 261 261 260 260 259 259 258 258 257 257 256 256 255 255 254 254 253 253 252 252 251 251 250 250 249 249 248 248 247 247 246 246 245 245 244 244 243 243 242 242 241 241 240 240 239 239 238 238 237 237 236 236 235 235 234
374 373 186 185 185 184 184 183 183 182 182 181 181 274 274 273 273 272 272 271 271 270 270 269 269 268 268 267 267 266 266 265 265 264 264 263 263 262 262 261 261 260 260 259 259 258 258 257 257 256 256 255 255 254 254 253 253 252 252 251 251 250 250 249 249 248 248 247 247 246 246 245 245 244 244 243 243 242 242 241 241 240 240 239 239 238 238 237 237 236 236 235 235 234
374 373 186 185 185 184 184 183 183 182 182 181 181 274 274 273 273 272 272 271 271 270 270 269 269 268 268 267 267 266 266 265 265 264 264 263 263 262 262 261 261 260 260 259 259 258 258 257 257 256 256 255 255 254 254 253 253 252 252 251 251 250 250 249 249 248 248 247 247 246 246 245 245 244 244 243 243 242 242 241 241 240 240 239 239 238 238 237 237 236 236 235 235 234
374 373 186 185 185 184 184 183 183 182 182 181 275 274 274 273 273 272 272 271 271 270 270 269 269 268 268 267 267 266 266 265 265 264 264 263 263 262 262 261 261 260 260 259 259 258 258 257 257 256 256 255 255 254 254 253 253 252 252 251 251 250 250 249 249 248 248 247 247 246 246 245 245 244 244 243 243 242 242 241 241 240 240 239 239 238 238 237 237 236 236 235 235 234
374 373 186 185 185 184 184 183 183 182 182 181 275 274 274 273 273 272 272 271 271 270 270 269 269 268 268 267 267 266 266 265 265 264 264 263 263 262 262 261 261 260 260 259 259 258 258 257 257 256 256 255 255 254 254 253 253 252 252 251 251 250 250 249 249 248 248 247 247 246 246 245 245 244 244 243 243 242 242 241 241 240 240 239 239 238 238 237 237 236 236 235 235 234
374 373 186 185 185 184 184 183 183 182 182 275 275 274 274 273 273 272 272 271 271 270 270 269 269 268 268 267 267 266 266 265 265 264 264 263 263 262 262 261 261 260 260 259 259 258 258 257 257 256 256 255 255 254 254 253 253 252 252 251 251 250 250 249 249 248 248 247 247 246 246 245 245 244 244 243 243 242 242 241 241 240 240 239 239 238 238 237 237 236 236 235 235 234
374 373 186 185 185 184 184 183 183 182 182 275 275 274 274 273 273 272 272 271 271 270 270 269 269 268 268 267 267 266 266 265 265 264 264 263 263 262 262 261 261 260 260 259 259 258 258 257 257 256 256 255 255 254 254 253 253 252 252 251 251 250 250 249 249 248 248 247 247 246 246 245 245 244 244 243 243 242 242 241 241 240 240 239 239 238 238 237 237 236 236 235 235 234
373 373 185 185 184 184 183 183 182 182 275 275 274 274 273 273 272 272 271 271 270 270 269 269 269 268 268 267 267 266 266 265 265 264 264 263 263 262 262 261 261 260 260 259 259 258 258 257 257 256 256 255 255 254 254 253 253 252 252 251 251 250 250 249 249 248 248 247 247 246 246 245 245 244 244 243 243 242 242 241 241 240 240 239 239 238 238 237 237 236 236 235 235 234
373 373 185 185 184 184 183 183 182 182 275 275 274 274 273 273 272 272 271 271 270 270 269 269 268 268 267 267 266 266 265 265 264 264 263 263 262 262 261 261 260 260 259 259 258 258 257 257 256 256 255 255 254 254 253 253 252 252 251 251 251 250 250 249 249 248 248 247 247 246 246 245 245 244 244 243 243 242 242 241 241 240 240 239 239 238 238 237 237 236 236 235 235 234
373 373 185 185 184 184 183 183 182 276 275 275 274 274 273 273 272 272 271 271 270 270 269 269 268 268 267 267 266 266 265 265 264 264 263 263 262 262 261 261 260 260 259 259 258 258 257 257 256 256 255 255 254 254 253 253 252 252 251 251 250 250 249 249 248 248 247 247 246 246 245 245 244 244 243 243 242 242 241 241 240 240 239 239 238 238 237 237 236 236 235 235 234 234
373 373 185 185 184 184 183 183 182 276 275 275 274 274 273 273 272 272 271 271 270 270 269 269 268 268 267 267 266 266 265 265 264 264 263 263 262 262 261 261 260 260 259 259 258 258 257 257 256 256 255 255 254 254 253 253 252 252 251 251 250 250 249 249 248 248 247 247 246 246 245 245 244 244 243 243 242 242 241 241 240 240 239 239 238 238 237 237 236 236 235 235 234 234
373 373 185 185 184 184 183 183 276 276 275 275 274 274 273 273 272 272 271 271 270 270 269 269 268 268 267 267 266 266 265 265 264 264 263 263 262 262 261 261 260 260 259 259 258 258 257 257 256 256 255 255 254 254 253 253 252 252 251 251 250 250 249 249 248 248 247 247 246 246 245 245 244 244 243 243 242 242 241 241 240 240 239 239 238 238 237 237 236 236 235 235 234 234
373 372 185 185 184 184 183 183 276 276 275 275 274 274 273 273 272 272 271 271 270 270 269 269 268 268 267 267 266 266 265 265 264 264 263 263 262 262 261 261 260 260 259 259 258 258 257 257 256 256 255 255 254 254 253 253 252 252 251 251 250 250 249 249 248 248 247 247 246 246 245 245 244 244 243 243 242 242 241 241 240 240 239 239 238 238 237 237 236 236 235 235 234 234
373 185 185 184 184 183 183 276 276 275 275 274 274 273 273 272 272 272 271 271 270 270 269 269 268 268 267 267 266 266 265 265 264 264 263 263 262 262 261 261 260 260 259 259 258 258 257 257 256 256 255 255 254 254 253 253 252 252 251 251 250 250 249 249 248 248 247 247 246 246 245 245 244 244 243 243 242 242 241 241 240 240 239 239 238 238 237 237 236 236 235 235 234 234
373 185 185 184 184 183 183 276 276 275 275 274 274 273 273 272 272 271 271 270 270 269 269 268 268 267 267 266 266 265 265 264 264 264 263 263 262 262 261 261 260 260 259 259 258 258 257 257 256 256 255 255 254 254 253 253 252 252 251 251 250 250 249 249 248 248 247 247 246 246 245 245 244 244 243 243 242 242 241 241 240 240 239 239 238 238 237 237 236 236 235 235 234 234
373 185 185 184 184 183 183 276 276 275 275 274 274 273 273 272 272 271 271 270 270 269 269 268 268 267 267 266 266 265 265 264 264 263 263 262 262 261 261 260 260 259 259 258 258 257 257 256 256 255 255 255 254 254 253 253 252 252 251 251 250 250 249 249 248 248 247 247 246 246 245 245 244 244 243 243 242 242 241 241 240 240 239 239 238 238 237 237 236 236 235 235 234 234
373 185 185 184 184 183 277 276 276 275 275 274 274 273 273 272 272 271 271 270 270 269 269 268 268 267 267 266 266 265 265 264 264 263 263 262 262 261 261 260 260 259 259 258 258 257 257 256 256 255 255 254 254 253 253 252 252 251 251 250 250 249 249 248 248 247 247 246 246 245 245 245 244 244 243 243 242 242 241 241 240 240 239 239 238 238 237 237 236 236 235 235 234 234
372 185 184 184 183 183 277 276 276 275 275 274 274 273 273 272 272 271 271 270 270 269 269 268 268 267 267 266 266 265 265 264 264 263 263 262 262 261 261 260 260 259 259 258 258 257 257 256 256 255 255 254 254 253 253 252 252 251 251 250 250 249 249 248 248 247 247 246 246 245 245 244 244 243 243 242 242 241 241 240 240 239 239 238 238 237 237 236 236 235 235 234 234 233
372 185 184 184 183 277 276 276 275 275 274 274 273 273 272 272 271 271 271 270 270 269 269 268 268 267 267 266 266 265 265 264 264 263 263 262 262 261 261 260 260 259 259 258 258 257 257 256 256 255 255 254 254 253 253 252 252 251 251 250 250 249 249 248 248 247 247 246 246 245 245 244 244 243 243 242 242 241 241 240 240 239 239 238 238 237 237 236 236 235 235 234 234 233
372 185 184 184 183 277 276 276 275 275 274 274 273 273 272 272 271 271 270 270 269 269 268 268 267 267 266 266 265 265 265 264 264 263 263 262 262 261 261 260 260 259 259 258 258 257 257 256 256 255 255 254 254 253 253 252 252 251 251 250 250 249 249 248 248 247 247 246 246 245 245 244 244 243 243 242 242 241 241 240 240 239 239 238 238 237 237 236 236 235 235 234 234 233
372 185 184 184 277 277 276 276 275 275 274 274 273 273 272 272 271 271 270 270 269 269 268 268 267 267 266 266 265 265 264 264 263 263 262 262 261 261 260 260 259 259 259 258 258 257 257 256 256 255 255 254 254 253 253 252 252 251 251 250 250 249 249 248 248 247 247 246 246 245 245 244 244 243 243 242 242 241 241 240 240 239 239 238 238 237 237 236 236 235 235 234 234 233
372 184 184 183 277 277 276 276 275 275 274 274 273 273 272 272 271 271 270 270 269 269 268 268 267 267 266 266 265 265 264 264 263 263 262 262 261 261 260 260 259 259 258 258 257 257 256 256 255 255 254 254 253 253 252 252 252 251 251 250 250 249 249 248 248 247 247 246 246 245 245 244 244 243 243 242 242 241 241 240 240 239 239 238 238 237 237 236 236 235 235 234 234 233
372 184 184 277 277 276 276 275 275 274 274 273 273 272 272 272 271 271 270 270 269 269 268 268 267 267 266 266 265 265 264 264 263 263 262 262 261 261 260 260 259 259 258 258 257 257 256 256 255 255 254 254 253 253 252 252 251 251 250 250 249 249 248 248 247 247 246 246 245 245 245 244 244 243 243 242 242 241 241 240 240 239 239 238 238 237 237 236 236 235 235 234 234 233
372 184 184 277 277 276 276 275 275 274 274 273 273 272 272 271 271 270 270 269 269 268 268 268 267 267 266 266 265 265 264 264 263 263 262 262 261 261 260 260 259 259 258 258 257 257 256 256 255 255 254 254 253 253 252 252 251 251 250 250 249 249 248 248 247 247 246 246 245 245 244 244 243 243 242 242 241 241 240 240 239 239 238 238 237 237 237 236 236 235 235 234 234 233
372 184 184 277 277 276 276 275 275 274 274 273 273 272 272 271 271 270 270 269 269 268 268 267 267 266 266 265 265 264 264 263 263 263 262 262 261 261 260 260 259 259 258 258 257 257 256 256 255 255 254 254 253 253 252 252 251 251 250 250 249 249 248 248 247 247 246 246 245 245 244 244 243 243 242 242 241 241 240 240 239 239 238 238 237 237 236 236 235 235 234 234 233 233
371 184 277 277 276 276 275 275 275 274 274 273 273 272 272 271 271 270 270 269 269 268 268 267 267 266 266 265 265 264 264 263 263 262 262 261 261 260 260 259 259 258 258 257 257 257 256 256 255 255 254 254 253 253 252 252 251 251 250 250 249 249 248 248 247 247 246 246 245 245 244 244 243 243 242 242 241 241 240 240 239 239 238 238 237 237 236 236 235 235 234 234 233 233
371 184 277 277 276 276 275 275 274 274 273 273 272 272 271 271 271 270 270 269 269 268 268 267 267 266 266 265 265 264 264 263 263 262 262 261 261 260 260 259 259 258 258 257 257 256 256 255 255 254 254 253 253 252 252 252 251 251 250 250 249 249 248 248 247 247 246 246 245 245 244 244 243 243 242 242 241 241 240 240 239 239 238 238 237 237 236 236 235 235 234 234 233 233
371 278 277 277 276 276 275 275 274 274 273 273 272 272 271 271 270 270 269 269 268 268 267 267 267 266 266 265 265 264 264 263 263 262 262 261 261 260 260 259 259 258 258 257 257 256 256 255 255 254 254 253 253 252 252 251 251 250 250 249 249 248 248 247 247 246 246 246 245 245 244 244 243 243 242 242 241 241 240 240 239 239 238 238 237 237 236 236 235 235 234 234 233 233
371 277 277 276 276 276 275 275 274 274 273 273 272 272 271 271 270 270 269 269 268 268 267 267 266 266 265 265 264 264 263 263 263 262 262 261 261 260 260 259 259 258 258 257 257 256 256 255 255 254 254 253 253 252 252 251 251 250 250 249 249 248 248 247 247 246 246 245 245 244 244 243 243 242 242 241 241 240 240 240 239 239 238 238 237 237 236 236 235 235 234 234 233 233
465 277 277 276 276 275 275 274 274 273 273 273 272 272 271 271 270 270 269 269 268 268 267 267 266 266 265 265 264 264 263 263 262 262 261 261 260 260 259 259 258 258 258 257 257 256 256 255 255 254 254 253 253 252 252 251 251 250 250 249 249 248 248 247 247 246 246 245 245 244 244 243 243 242 242 241 241 240 240 239 239 238 238 237 237 236 236 235 235 234 234 233 233 233
