testData/tiles/oneDegree/grid10.0-47.0-11.0-48.0.asc
ncols   200
nrows   200
xllcorner   10.0
yllcorner   47.0
cellsize   0.005
NODATA_value   -9999.0
[rows 84 to 125 of 200, columns 94 to 187 of 200]
229 230 230 230 231 231 227 228 228 228 228 229 229 229 229 230 230 230 231 231 231 231 232 232 232 232 232 233 233 305 305 306 306 306 306 306 307 307 307 307 307 307 308 308 308 308 308 308 309 309 309 309 309 309 309 310 310 310 310 310 310 310 310 310 311 311 311 311 311 311 311 311 311 311 311 311 311 312 312 312 312 312 312 312 312 312 312 312 312 312 312 312 312 312
229 229 230 230 226 226 227 227 227 228 228 228 229 229 229 229 230 230 230 230 231 231 231 231 232 232 232 232 232 305 305 305 305 306 306 306 306 306 306 307 307 307 307 307 308 308 308 308 308 308 308 309 309 309 309 309 309 309 310 310 310 310 310 310 310 310 310 310 311 311 311 311 311 311 311 311 311 311 311 311 311 311 311 311 311 311 312 312 312 312 312 312 312 312
228 229 225 225 226 226 226 227 227 227 228 228 228 228 229 229 229 229 230 230 230 230 231 231 231 231 232 232 232 232 304 305 305 305 305 306 306 306 306 306 306 307 307 307 307 307 307 308 308 308 308 308 308 308 309 309 309 309 309 309 309 309 310 310 310 310 310 310 310 310 310 310 310 310 311 311 311 311 311 311 311 311 311 311 311 311 311 311 311 311 311 311 311 311
224 224 225 225 225 226 226 226 226 227 227 227 228 228 228 228 229 229 229 229 230 230 230 230 231 231 231 231 232 232 304 304 304 305 305 305 305 305 306 306 306 306 306 307 307 307 307 307 307 307 308 308 308 308 308 308 308 309 309 309 309 309 309 309 309 309 309 310 310 310 310 310 310 310 310 310 310 310 310 310 310 310 311 311 311 311 311 311 311 311 311 311 311 311
224 224 224 225 225 225 225 226 226 226 227 227 227 227 228 228 228 229 229 229 229 230 230 230 230 230 231 231 231 231 304 304 304 304 304 305 305 305 305 305 306 306 306 306 306 306 307 307 307 307 307 307 307 308 308 308 308 308 308 308 308 309 309 309 309 309 309 309 309 309 309 309 310 310 310 310 310 310 310 310 310 310 310 310 310 310 310 310 310 310 310 310 310 310
223 223 224 224 224 225 225 225 226 226 226 226 227 227 227 228 228 228 228 229 229 229 229 230 230 230 230 231 231 231 303 303 304 304 304 304 304 305 305 305 305 305 305 306 306 306 306 306 306 307 307 307 307 307 307 307 308 308 308 308 308 308 308 308 308 309 309 309 309 309 309 309 309 309 309 309 309 309 309 310 310 310 310 310 310 310 310 310 310 310 310 310 310 310
223 223 223 224 224 224 225 225 225 225 226 226 226 227 227 227 227 228 228 228 228 229 229 229 229 230 230 230 230 231 231 303 303 303 304 304 304 304 304 305 305 305 305 305 305 306 306 306 306 306 306 306 307 307 307 307 307 307 307 307 308 308 308 308 308 308 308 308 308 308 309 309 309 309 309 309 309 309 309 309 309 309 309 309 309 309 309 309 309 309 309 309 309 309
222 223 223 223 223 224 224 224 225 225 225 226 226 226 226 227 227 227 227 228 228 228 228 229 229 229 229 230 230 230 230 302 303 303 303 303 304 304 304 304 304 304 305 305 305 305 305 305 306 306 306 306 306 306 306 307 307 307 307 307 307 307 307 307 308 308 308 308 308 308 308 308 308 308 308 308 309 309 309 309 309 309 309 309 309 309 309 309 309 309 309 309 309 309
222 222 222 223 223 223 224 224 224 225 225 225 225 226 226 226 226 227 227 227 227 228 228 228 228 229 229 229 229 230 230 302 302 302 303 303 303 303 303 304 304 304 304 304 304 305 305 305 305 305 305 306 306 306 306 306 306 306 306 307 307 307 307 307 307 307 307 307 308 308 308 308 308 308 308 308 308 308 308 308 308 308 308 308 308 308 309 309 309 309 309 309 309 309
221 222 222 222 223 223 223 223 224 224 224 225 225 225 225 226 226 226 227 227 227 227 228 228 228 228 228 229 229 229 229 230 302 302 302 302 303 303 303 303 303 304 304 304 304 304 304 305 305 305 305 305 305 305 306 306 306 306 306 306 306 306 306 307 307 307 307 307 307 307 307 307 307 307 308 308 308 308 308 308 308 308 308 308 308 308 308 308 308 308 308 308 308 308
221 221 221 222 222 222 223 223 223 224 224 224 224 225 225 225 226 226 226 226 227 227 227 227 228 228 228 228 228 229 229 229 301 302 302 302 302 302 303 303 303 303 303 303 304 304 304 304 304 304 305 305 305 305 305 305 305 305 306 306 306 306 306 306 306 306 306 307 307 307 307 307 307 307 307 307 307 307 307 307 307 307 307 308 308 308 308 308 308 308 308 308 308 308
220 221 221 221 222 222 222 222 223 223 223 224 224 224 225 225 225 225 226 226 226 226 227 227 227 227 228 228 228 228 228 229 301 301 301 301 302 302 302 302 302 303 303 303 303 303 303 304 304 304 304 304 304 304 305 305 305 305 305 305 305 305 306 306 306 306 306 306 306 306 306 306 306 307 307 307 307 307 307 307 307 307 307 307 307 307 307 307 307 307 307 307 307 307
220 220 220 221 221 221 222 222 222 223 223 223 223 224 224 224 225 225 225 225 226 226 226 226 227 227 227 227 228 228 228 228 300 301 301 301 301 301 302 302 302 302 302 302 303 303 303 303 303 303 304 304 304 304 304 304 304 305 305 305 305 305 305 305 305 305 306 306 306 306 306 306 306 306 306 306 306 306 306 306 306 307 307 307 307 307 307 307 307 307 307 307 307 307
219 220 220 220 221 221 221 222 222 222 222 223 223 223 224 224 224 224 225 225 225 225 226 226 226 226 227 227 227 227 228 228 228 300 300 301 301 301 301 301 302 302 302 302 302 302 303 303 303 303 303 303 303 304 304 304 304 304 304 304 304 305 305 305 305 305 305 305 305 305 305 305 306 306 306 306 306 306 306 306 306 306 306 306 306 306 306 306 306 306 306 306 306 306
219 219 219 220 220 220 221 221 221 222 222 222 223 223 223 223 224 224 224 224 225 225 225 225 226 226 226 226 227 227 227 227 227 300 300 300 300 300 301 301 301 301 301 302 302 302 302 302 302 303 303 303 303 303 303 303 304 304 304 304 304 304 304 304 304 305 305 305 305 305 305 305 305 305 305 305 305 305 305 306 306 306 306 306 306 306 306 306 306 306 306 306 306 306
218 219 219 219 220 220 220 221 221 221 221 222 222 222 223 223 223 223 224 224 224 224 225 225 225 225 226 226 226 226 227 227 227 299 299 300 300 300 300 300 301 301 301 301 301 301 302 302 302 302 302 302 302 303 303 303 303 303 303 303 304 304 304 304 304 304 304 304 304 304 304 305 305 305 305 305 305 305 305 305 305 305 305 305 305 305 305 305 305 305 305 305 305 305
218 218 218 219 219 219 220 220 220 221 221 221 222 222 222 222 223 223 223 223 224 224 224 224 225 225 225 225 226 226 226 226 227 227 299 299 299 300 300 300 300 300 300 301 301 301 301 301 301 302 302 302 302 302 302 302 303 303 303 303 303 303 303 303 303 304 304 304 304 304 304 304 304 304 304 304 304 304 305 305 305 305 305 305 305 305 305 305 305 305 305 305 305 305
217 218 218 218 219 219 219 220 220 220 220 221 221 221 222 222 222 222 223 223 223 223 224 224 224 224 225 225 225 225 226 226 226 226 298 299 299 299 299 299 300 300 300 300 300 300 301 301 301 301 301 301 302 302 302 302 302 302 302 302 303 303 303 303 303 303 303 303 303 303 304 304 304 304 304 304 304 304 304 304 304 304 304 304 304 304 304 304 304 304 304 304 304 304
217 217 217 218 218 218 219 219 219 220 220 220 221 221 221 221 222 222 222 222 223 223 223 223 224 224 224 224 225 225 225 225 226 226 298 298 298 299 299 299 299 299 299 300 300 300 300 300 300 301 301 301 301 301 301 301 302 302 302 302 302 302 302 302 303 303 303 303 303 303 303 303 303 303 303 303 303 304 304 304 304 304 304 304 304 304 304 304 304 304 304 304 304 304
216 217 217 217 218 218 218 219 219 219 219 220 220 220 221 221 221 221 222 222 222 222 223 223 223 223 224 224 224 224 225 225 225 225 225 298 298 298 298 298 299 299 299 299 299 299 300 300 300 300 300 300 301 301 301 301 301 301 301 301 302 302 302 302 302 302 302 302 302 302 303 303 303 303 303 303 303 303 303 303 303 303 303 303 303 303 303 303 303 303 304 304 304 304
216 216 216 217 217 217 218 218 218 219 219 219 220 220 220 220 221 221 221 221 222 222 222 222 223 223 223 223 224 224 224 224 225 225 225 297 297 298 298 298 298 298 298 299 299 299 299 299 299 300 300 300 300 300 300 301 301 301 301 301 301 301 301 301 302 302 302 302 302 302 302 302 302 302 302 302 303 303 303 303 303 303 303 303 303 303 303 303 303 303 303 303 303 303
215 216 216 216 217 217 217 218 218 218 218 219 219 219 220 220 220 220 221 221 221 221 222 222 222 222 223 223 223 223 224 224 224 224 224 297 297 297 297 297 298 298 298 298 298 299 299 299 299 299 299 299 300 300 300 300 300 300 300 301 301 301 301 301 301 301 301 301 301 302 302 302 302 302 302 302 302 302 302 302 302 302 302 302 302 302 302 302 303 303 303 303 303 303
215 215 215 216 216 216 217 217 217 218 218 218 218 219 219 219 220 220 220 220 221 221 221 221 222 222 222 222 223 223 223 223 224 224 224 224 296 297 297 297 297 297 297 298 298 298 298 298 298 299 299 299 299 299 299 300 300 300 300 300 300 300 300 300 301 301 301 301 301 301 301 301 301 301 301 301 302 302 302 302 302 302 302 302 302 302 302 302 302 302 302 302 302 302
214 215 215 215 216 216 216 216 217 217 217 218 218 218 219 219 219 219 220 220 220 220 221 221 221 221 222 222 222 222 223 223 223 223 223 224 296 296 296 296 297 297 297 297 297 298 298 298 298 298 298 298 299 299 299 299 299 299 299 300 300 300 300 300 300 300 300 300 300 301 301 301 301 301 301 301 301 301 301 301 301 301 301 301 301 301 301 302 302 302 302 302 302 302
214 214 214 215 215 215 216 216 216 217 217 217 217 218 218 218 219 219 219 219 220 220 220 220 221 221 221 221 222 222 222 222 223 223 223 223 295 296 296 296 296 296 296 297 297 297 297 297 297 298 298 298 298 298 298 299 299 299 299 299 299 299 299 299 300 300 300 300 300 300 300 300 300 300 300 300 301 301 301 301 301 301 301 301 301 301 301 301 301 301 301 301 301 301
213 213 214 214 214 215 215 215 216 216 216 217 217 217 217 218 218 218 219 219 219 219 220 220 220 220 221 221 221 221 222 222 222 222 222 223 223 295 295 295 296 296 296 296 296 296 297 297 297 297 297 297 298 298 298 298 298 298 298 299 299 299 299 299 299 299 299 299 299 300 300 300 300 300 300 300 300 300 300 300 300 300 300 300 300 300 300 301 301 301 301 301 301 301
213 213 213 214 214 214 215 215 215 215 216 216 216 217 217 217 218 218 218 218 219 219 219 219 220 220 220 220 221 221 221 221 221 222 222 222 222 295 295 295 295 295 295 296 296 296 296 296 296 297 297 297 297 297 297 297 298 298 298 298 298 298 298 298 299 299 299 299 299 299 299 299 299 299 299 299 300 300 300 300 300 300 300 300 300 300 300 300 300 300 300 300 300 300
212 212 213 213 213 214 214 214 215 215 215 216 216 216 216 217 217 217 218 218 218 218 219 219 219 219 220 220 220 220 220 221 221 221 221 222 222 294 294 294 295 295 295 295 295 295 296 296 296 296 296 296 297 297 297 297 297 297 297 297 298 298 298 298 298 298 298 298 298 299 299 299 299 299 299 299 299 299 299 299 299 299 299 299 299 299 299 299 300 300 300 300 300 300
211 212 212 212 213 213 213 214 214 214 215 215 215 216 216 216 216 217 217 217 218 218 218 218 219 219 219 219 220 220 220 220 220 221 221 221 221 221 294 294 294 294 294 295 295 295 295 295 295 296 296 296 296 296 296 296 297 297 297 297 297 297 297 297 298 298 298 298 298 298 298 298 298 298 298 298 298 299 299 299 299 299 299 299 299 299 299 299 299 299 299 299 299 299
211 211 212 212 212 213 213 213 214 214 214 214 215 215 215 216 216 216 216 217 217 217 218 218 218 218 218 219 219 219 219 220 220 220 220 221 221 221 293 293 294 294 294 294 294 294 295 295 295 295 295 295 296 296 296 296 296 296 296 296 297 297 297 297 297 297 297 297 297 297 298 298 298 298 298 298 298 298 298 298 298 298 298 298 298 298 298 298 298 298 299 299 299 299
210 211 211 211 212 212 212 213 213 213 214 214 214 214 215 215 215 216 216 216 216 217 217 217 217 218 218 218 218 219 219 219 219 220 220 220 220 220 293 293 293 293 293 294 294 294 294 294 294 295 295 295 295 295 295 295 296 296 296 296 296 296 296 296 296 297 297 297 297 297 297 297 297 297 297 297 297 298 298 298 298 298 298 298 298 298 298 298 298 298 298 298 298 298
210 210 210 211 211 211 212 212 212 213 213 213 214 214 214 215 215 215 215 216 216 216 216 217 217 217 217 218 218 218 218 219 219 219 219 219 220 220 220 292 292 293 293 293 293 293 293 294 294 294 294 294 294 295 295 295 295 295 295 295 295 296 296 296 296 296 296 296 296 296 296 297 297 297 297 297 297 297 297 297 297 297 297 297 297 297 297 297 297 297 297 297 297 297
209 210 210 210 211 211 211 212 212 212 212 213 213 213 214 214 214 215 215 215 215 216 216 216 216 217 217 217 217 218 218 218 218 218 219 219 219 219 219 292 292 292 292 292 293 293 293 293 293 293 294 294 294 294 294 294 294 295 295 295 295 295 295 295 295 296 296 296 296 296 296 296 296 296 296 296 296 296 297 297 297 297 297 297 297 297 297 297 297 297 297 297 297 297
209 209 209 210 210 210 211 211 211 212 212 212 213 213 213 213 214 214 214 215 215 215 215 216 216 216 216 217 217 217 217 217 218 218 218 218 219 219 219 219 291 292 292 292 292 292 292 293 293 293 293 293 293 294 294 294 294 294 294 294 294 295 295 295 295 295 295 295 295 295 295 296 296 296 296 296 296 296 296 296 296 296 296 296 296 296 296 296 296 296 296 339 339 339
208 208 209 209 209 210 210 210 211 211 211 212 212 212 213 213 213 213 214 214 214 214 215 215 215 215 216 216 216 216 217 217 217 217 218 218 218 218 218 219 291 291 291 291 292 292 292 292 292 292 293 293 293 293 293 293 293 293 294 294 294 294 294 294 294 294 295 295 295 295 295 295 295 295 295 295 295 295 295 295 296 296 296 296 296 296 296 339 339 339 339 339 339 339
207 208 208 208 209 209 209 210 210 210 211 211 211 212 212 212 213 213 213 213 214 214 214 214 215 215 215 215 216 216 216 216 217 217 217 217 217 218 218 218 290 290 291 291 291 291 291 291 292 292 292 292 292 292 293 293 293 293 293 293 293 293 294 294 294 294 294 294 294 294 294 294 294 295 295 295 295 295 295 295 295 295 295 295 338 338 338 338 338 338 338 338 338 338
207 207 208 208 208 209 209 209 210 210 210 210 211 211 211 212 212 212 213 213 213 213 214 214 214 214 215 215 215 215 216 216 216 216 216 217 217 217 217 217 218 290 290 290 290 291 291 291 291 291 291 292 292 292 292 292 292 292 293 293 293 293 293 293 293 293 293 294 294 294 294 294 294 294 294 294 294 294 294 294 337 337 338 338 338 338 338 338 338 338 338 338 338 338
206 207 207 207 208 208 208 209 209 209 210 210 210 210 211 211 211 212 212 212 212 213 213 213 214 214 214 214 215 215 215 215 215 216 216 216 216 217 217 217 217 289 289 290 290 290 290 290 291 291 291 291 291 291 291 292 292 292 292 292 292 292 292 293 293 293 293 293 293 293 293 293 293 293 294 294 294 337 337 337 337 337 337 337 337 337 337 337 337 337 337 337 337 337
206 206 206 207 207 207 208 208 208 209 209 209 210 210 210 210 211 211 211 212 212 212 212 213 213 213 213 214 214 214 214 215 215 215 215 216 216 216 216 216 217 289 289 289 289 289 290 290 290 290 290 290 291 291 291 291 291 291 291 292 292 292 292 292 292 292 292 292 292 293 293 293 293 293 336 336 336 336 336 336 336 336 336 336 336 337 337 337 337 337 337 337 337 337
205 205 206 206 206 207 207 207 208 208 208 209 209 209 210 210 210 210 211 211 211 212 212 212 212 213 213 213 213 214 214 214 214 215 215 215 215 215 216 216 216 216 288 289 289 289 289 289 289 290 290 290 290 290 290 290 291 291 291 291 291 291 291 291 292 292 292 292 292 292 292 335 335 335 335 335 336 336 336 336 336 336 336 336 336 336 336 336 336 336 336 336 336 336
204 205 205 206 206 206 207 207 207 207 208 208 208 209 209 209 210 210 210 210 211 211 211 212 212 212 212 213 213 213 213 213 214 214 214 214 215 215 215 215 215 216 288 288 288 288 288 289 289 289 289 289 289 290 290 290 290 290 290 290 291 291 291 291 291 291 291 291 291 334 335 335 335 335 335 335 335 335 335 335 335 335 335 335 335 335 335 335 335 336 336 336 336 336
204 204 205 205 205 206 206 206 207 207 207 208 208 208 208 209 209 209 210 210 210 210 211 211 211 211 212 212 212 212 213 213 213 213 214 214 214 214 214 215 215 215 215 287 288 288 288 288 288 288 289 289 289 289 289 289 289 290 290 290 290 290 290 290 290 290 334 334 334 334 334 334 334 334 334 334 334 334 335 335 335 335 335 335 335 335 335 335 335 335 335 335 335 335
