testData/tiles/oneDegree/grid44.0-26.0-45.0-27.0.asc
ncols   200
nrows   200
xllcorner   44.0
yllcorner   26.0
cellsize   0.005
NODATA_value   -9999.0
[rows 126 to 167 of 200, columns 94 to 187 of 200]
262 261 260 260 259 258 257 257 255 255 254 254 253 253 252 252 251 251 250 250 249 249 248 248 248 247 247 246 246 245 245 238 238 237 237 236 236 235 235 234 234 233 233 232 232 232 232 232 232 232 232 232 232 232 232 232 232 226 226 226 226 226 226 226 226 226 226 226 226 226 226 226 226 226 226 226 226 226 226 226 226 226 226 226 226 226 226 226 226 226 226 226 226 226
262 261 260 260 258 258 257 257 255 255 254 254 253 253 252 252 251 251 250 250 249 249 248 248 248 247 247 246 246 245 245 238 238 237 237 236 236 235 235 234 234 233 233 232 232 232 232 232 232 232 232 232 232 232 232 232 232 226 226 226 226 226 226 226 226 226 226 226 226 226 226 226 226 226 226 226 226 226 226 226 226 226 226 226 226 226 226 226 226 226 226 226 226 226
262 261 260 260 258 258 257 256 255 255 254 254 253 253 252 252 251 251 250 250 249 249 248 248 248 247 247 246 246 245 245 238 238 237 237 236 236 235 235 234 234 233 233 232 232 232 232 232 232 232 232 232 232 232 232 232 232 226 226 226 226 226 226 226 226 226 226 226 226 226 226 226 226 226 226 226 226 226 226 226 226 226 226 226 226 226 226 226 226 226 226 226 226 226
262 261 260 260 258 258 257 256 255 255 254 254 253 253 252 252 251 251 250 250 249 249 248 248 248 247 247 246 246 245 239 238 238 237 237 236 236 235 235 234 234 233 233 232 232 232 232 232 232 232 232 232 232 232 232 232 232 226 226 226 226 226 226 226 226 226 226 226 226 226 226 226 226 226 226 226 226 226 226 226 226 226 226 226 226 226 226 226 226 226 226 226 226 226
307 261 260 260 258 258 257 256 255 255 254 254 253 253 252 252 251 251 250 250 249 249 248 248 248 247 247 246 246 245 239 238 238 237 237 236 236 235 235 234 234 233 233 232 232 232 232 232 232 232 232 232 232 232 232 232 232 226 226 226 226 226 226 226 226 226 226 226 226 226 226 226 226 226 226 226 226 226 226 226 226 226 226 226 226 226 226 226 226 226 226 226 226 226
307 307 306 305 304 258 257 256 255 255 254 254 253 253 252 252 251 251 250 250 249 249 248 248 248 247 247 246 246 245 239 238 238 237 237 236 236 235 235 234 234 233 233 232 232 232 232 232 232 232 232 232 232 232 232 232 232 226 226 226 226 226 226 226 226 226 226 226 226 226 226 226 226 226 226 226 226 226 226 226 226 226 226 226 226 226 226 226 226 226 226 226 226 226
307 307 306 305 304 304 303 302 301 255 254 254 253 253 252 252 251 251 250 250 249 249 248 248 248 247 247 246 246 245 239 238 238 237 237 236 236 235 235 234 234 233 233 232 232 232 232 232 232 232 232 232 232 232 232 232 232 226 226 226 226 226 226 226 226 226 226 226 226 226 226 226 226 226 226 226 226 226 226 226 226 226 226 226 226 226 226 226 226 226 226 226 226 226
307 307 306 305 304 304 302 302 301 301 300 300 299 253 252 252 251 251 250 250 249 249 248 248 247 247 247 246 246 245 239 238 238 237 237 236 236 235 235 234 234 233 233 232 232 232 232 232 232 232 232 232 232 232 232 232 232 226 226 226 226 226 226 226 226 226 226 226 226 226 226 226 226 226 226 226 226 226 226 226 226 226 226 226 226 226 226 226 226 226 226 226 226 226
307 307 306 305 304 304 302 302 301 301 300 300 299 299 298 298 251 251 250 250 249 249 248 248 247 247 247 246 246 239 239 238 238 237 237 236 236 235 235 234 234 233 233 232 232 232 232 232 232 232 232 232 232 232 232 232 232 226 226 226 226 226 226 226 226 226 226 226 226 226 226 226 226 226 226 226 226 226 226 226 226 226 226 226 226 226 226 226 226 226 226 226 226 226
307 307 306 305 304 304 302 302 301 301 300 300 299 299 298 298 297 297 296 296 249 249 248 248 247 247 246 246 246 239 239 238 238 237 237 236 236 235 235 234 234 233 233 232 232 232 232 232 232 232 232 232 232 232 232 232 232 226 226 226 226 226 226 226 226 226 226 226 226 226 226 226 226 226 226 226 226 226 226 226 226 226 226 226 226 226 226 226 226 226 226 226 226 226
307 307 305 305 304 304 302 302 301 301 300 300 299 299 298 298 297 297 296 296 295 295 294 248 247 247 246 246 246 239 239 238 238 237 237 236 236 235 235 234 234 233 233 232 232 232 232 232 232 232 232 232 232 232 232 232 232 226 226 226 226 226 226 226 226 226 226 226 226 226 226 226 226 226 226 226 226 226 226 226 226 226 226 226 226 226 226 226 226 226 226 226 226 226
307 307 305 305 304 303 302 302 301 301 300 300 299 299 298 298 297 297 296 296 295 295 294 294 293 293 246 246 245 239 239 238 238 237 237 236 236 235 235 234 234 233 233 232 232 232 232 232 232 232 232 232 232 232 232 232 232 226 226 226 226 226 226 226 226 226 226 226 226 226 226 226 226 226 226 226 226 226 226 226 226 226 226 226 226 226 226 226 226 226 226 226 226 226
307 307 305 305 304 303 302 302 301 301 300 300 299 299 298 298 297 297 296 296 295 295 294 294 293 293 292 292 285 285 239 238 238 237 237 236 236 235 235 234 234 233 233 232 232 232 232 232 232 232 232 232 232 232 232 232 232 226 226 226 226 226 226 226 226 226 226 226 226 226 226 226 226 226 226 226 226 226 226 226 226 226 226 226 226 226 226 226 226 226 226 226 226 226
307 307 305 305 304 303 302 302 301 301 300 300 299 299 298 298 297 297 296 296 295 295 294 294 293 293 292 292 285 285 284 284 284 237 237 236 236 235 235 234 234 233 233 232 232 232 232 232 232 232 232 232 232 232 232 232 232 226 226 226 226 226 226 226 226 226 226 226 226 226 226 226 226 226 226 226 226 226 226 226 226 226 226 226 226 226 226 226 226 226 226 226 226 226
307 306 305 305 304 303 302 302 301 301 300 300 299 299 298 298 297 297 296 296 295 295 294 294 293 293 292 292 285 285 284 284 283 283 283 282 236 235 235 234 234 233 233 232 232 232 232 232 232 232 232 232 232 232 232 232 232 226 226 226 226 226 226 226 226 226 226 226 226 226 226 226 226 226 226 226 226 226 226 226 226 226 226 226 226 226 226 226 226 226 226 226 226 226
307 306 305 305 303 303 302 302 301 301 300 300 299 299 298 298 297 297 296 296 295 295 294 294 293 293 292 292 285 285 284 284 283 283 283 282 282 281 281 234 234 233 233 232 232 232 232 232 232 232 232 232 232 232 232 232 232 226 226 226 226 226 226 226 226 226 226 226 226 226 226 226 226 226 226 226 226 226 226 226 226 226 226 226 226 226 226 226 226 226 226 226 226 226
307 305 305 305 303 303 302 302 301 301 300 300 299 299 298 298 297 297 296 296 295 295 294 294 293 293 292 286 285 285 284 284 283 283 282 282 282 281 281 280 280 279 233 232 232 232 232 232 232 232 232 232 232 232 232 232 232 226 226 226 226 226 226 226 226 226 226 226 226 226 226 226 226 226 226 226 226 226 226 226 226 226 226 226 226 226 226 226 226 226 226 226 226 226
307 305 305 304 303 303 302 302 301 301 300 300 299 299 298 298 297 297 296 296 295 295 294 294 293 293 292 286 285 285 284 284 283 283 282 282 281 281 281 280 280 279 279 278 232 232 232 232 232 232 232 232 232 232 232 232 232 226 226 226 226 226 226 226 226 226 226 226 226 226 226 226 226 226 226 226 226 226 226 226 226 226 226 226 226 226 226 226 226 226 226 226 226 226
306 305 305 304 303 302 302 302 301 301 300 300 299 299 298 298 297 297 296 296 295 295 294 294 293 293 292 286 285 285 284 284 283 283 282 282 281 281 280 280 280 279 279 278 278 278 278 232 232 232 232 232 232 232 232 232 232 226 226 226 226 226 226 226 226 226 226 226 226 226 226 226 226 226 226 226 226 226 226 226 226 226 226 226 226 226 226 226 226 226 226 226 226 226
306 305 305 303 303 302 302 301 301 301 300 300 299 299 298 298 297 297 296 296 295 295 294 294 293 293 292 286 285 285 284 284 283 283 282 282 281 281 280 280 279 279 279 278 278 278 278 278 278 278 232 232 232 232 232 232 232 226 226 226 226 226 226 226 226 226 226 226 226 226 226 226 226 226 226 226 226 226 226 226 226 226 226 226 226 226 226 226 226 226 226 226 226 226
306 305 305 303 303 302 302 301 301 300 300 300 299 299 298 298 297 297 296 296 295 295 294 294 293 293 292 286 285 285 284 284 283 283 282 282 281 281 280 280 279 279 278 278 278 278 278 278 278 278 278 278 232 232 232 232 232 226 226 226 226 226 226 226 226 226 226 226 226 226 226 226 226 226 226 226 226 226 226 226 226 226 226 226 226 226 226 226 226 226 226 226 226 226
306 305 305 303 303 302 302 301 301 300 300 299 299 299 298 298 297 297 296 296 295 295 294 294 293 293 286 286 285 285 284 284 283 283 282 282 281 281 280 280 279 279 278 278 278 278 278 278 278 278 278 278 278 278 278 232 232 226 226 226 226 226 226 226 226 226 226 226 226 226 226 226 226 226 226 226 226 226 226 226 226 226 226 226 226 226 226 226 226 226 226 226 226 226
306 305 305 303 303 302 302 301 301 300 300 299 299 298 298 297 297 297 296 296 295 295 294 294 293 293 286 286 285 285 284 284 283 283 282 282 281 281 280 280 279 279 278 278 278 278 278 278 278 278 278 278 278 278 278 278 278 226 226 226 226 226 226 226 226 226 226 226 226 226 226 226 226 226 226 226 226 226 226 226 226 226 226 226 226 226 226 226 226 226 226 226 226 226
306 305 304 303 303 302 302 301 301 300 300 299 299 298 298 297 297 296 296 296 295 295 294 294 293 293 286 286 285 285 284 284 283 283 282 282 281 281 280 280 279 279 278 278 278 278 278 278 278 278 278 278 278 278 278 278 278 272 272 272 226 226 226 226 226 226 226 226 226 226 226 226 226 226 226 226 226 226 226 226 226 226 226 226 226 226 226 226 226 226 226 226 226 226
306 305 304 303 303 302 302 301 301 300 300 299 299 298 298 297 297 296 296 295 295 295 294 294 293 287 286 286 285 285 284 284 283 283 282 282 281 281 280 280 279 279 278 278 278 278 278 278 278 278 278 278 278 278 278 278 278 272 272 272 272 272 226 226 226 226 226 226 226 226 226 226 226 226 226 226 226 226 226 226 226 226 226 226 226 226 226 226 226 226 226 226 226 226
306 305 304 303 303 302 302 301 301 300 300 299 299 298 298 297 297 296 296 295 295 294 294 294 293 287 286 286 285 285 284 284 283 283 282 282 281 281 280 280 279 279 278 278 278 278 278 278 278 278 278 278 278 278 278 278 278 272 272 272 272 272 272 272 272 226 226 226 226 226 226 226 226 226 226 226 226 226 226 226 226 226 226 226 226 226 226 226 226 226 226 226 226 226
306 304 304 303 303 302 302 301 301 300 300 299 299 298 298 297 297 296 296 295 295 294 294 293 293 286 286 286 285 285 284 284 283 283 282 282 281 281 280 280 279 279 278 278 278 278 278 278 278 278 278 278 278 278 278 278 272 272 272 272 272 272 272 272 272 272 272 226 226 226 226 226 226 226 226 226 226 226 226 226 226 226 226 226 226 226 226 226 226 226 226 226 226 226
306 304 304 303 303 302 302 301 301 300 300 299 299 298 298 297 297 296 296 295 295 294 294 293 293 286 286 285 285 285 284 284 283 283 282 282 281 281 280 280 279 279 278 278 278 278 278 278 278 278 278 278 278 278 278 278 272 272 272 272 272 272 272 272 272 272 272 272 272 226 226 226 226 226 226 226 226 226 226 226 226 226 226 226 226 226 226 226 226 226 226 226 226 226
305 304 304 303 303 302 302 301 301 300 300 299 299 298 298 297 297 296 296 295 295 294 294 293 287 286 286 285 285 284 284 284 283 283 282 282 281 281 280 280 279 279 278 278 278 278 278 278 278 278 278 278 278 278 278 278 272 272 272 272 272 272 272 272 272 272 272 272 272 272 272 226 226 226 226 226 226 226 226 226 226 226 226 226 226 226 226 226 226 226 226 226 226 226
305 304 303 303 302 302 302 301 301 300 300 299 299 298 298 297 297 296 296 295 295 294 294 293 287 286 286 285 285 284 284 283 283 282 282 282 281 281 280 280 279 279 278 278 278 278 278 278 278 278 278 278 278 278 278 278 272 272 272 272 272 272 272 272 272 272 272 272 272 272 272 272 272 272 226 226 226 226 226 226 226 226 226 226 226 226 226 226 226 226 226 226 226 226
304 304 303 303 302 302 301 301 301 300 300 299 299 298 298 297 297 296 296 295 295 294 294 293 287 286 286 285 285 284 284 283 283 282 282 281 281 281 280 280 279 279 278 278 278 278 278 278 278 278 278 278 278 278 278 278 272 272 272 272 272 272 272 272 272 272 272 272 272 272 272 272 272 272 272 272 226 226 226 226 226 226 226 226 226 226 226 226 226 226 226 226 226 226
304 304 303 303 302 302 301 301 300 300 299 299 299 298 298 297 297 296 296 295 295 294 294 293 287 286 286 285 285 284 284 283 283 282 282 281 281 280 280 279 279 279 278 278 278 278 278 278 278 278 278 278 278 278 278 278 272 272 272 272 272 272 272 272 272 272 272 272 272 272 272 272 272 272 272 272 272 272 226 226 226 226 226 226 226 226 226 226 226 226 226 226 226 226
304 304 303 303 302 302 301 301 300 300 299 299 298 298 298 297 297 296 296 295 295 294 294 287 287 286 286 285 285 284 284 283 283 282 282 281 281 280 280 279 279 278 278 278 278 278 278 278 278 278 278 278 278 278 278 278 272 272 272 272 272 272 272 272 272 272 272 272 272 272 272 272 272 272 272 272 272 272 272 272 226 226 226 226 226 226 226 226 226 226 226 226 226 226
304 304 303 303 302 302 301 301 300 300 299 299 298 298 297 297 296 296 296 295 295 294 294 287 287 286 286 285 285 284 284 283 283 282 282 281 281 280 280 279 279 278 278 278 278 278 278 278 278 278 278 278 278 278 278 278 272 272 272 272 272 272 272 272 272 272 272 272 272 272 272 272 272 272 272 272 272 272 272 272 272 272 226 226 226 226 226 226 226 226 226 226 226 226
304 304 303 303 302 302 301 301 300 300 299 299 298 298 297 297 296 296 295 295 295 294 294 287 287 286 286 285 285 284 284 283 283 282 282 281 281 280 280 279 279 278 278 278 278 278 278 278 278 278 278 278 278 278 278 278 272 272 272 272 272 272 272 272 272 272 272 272 272 272 272 272 272 272 272 272 272 272 272 272 272 272 272 272 226 226 226 226 226 226 226 226 226 226
304 304 303 303 302 302 301 301 300 300 299 299 298 298 297 297 296 296 295 295 294 294 287 287 287 286 286 285 285 284 284 283 283 282 282 281 281 280 280 279 279 278 278 278 278 278 278 278 278 278 278 278 278 278 278 278 272 272 272 272 272 272 272 272 272 272 272 272 272 272 272 272 272 272 272 272 272 272 272 272 272 272 272 272 272 272 226 226 226 226 226 226 226 226
304 304 303 303 302 302 301 301 300 300 299 299 298 298 297 297 296 296 295 295 294 294 287 287 286 286 285 285 285 284 284 283 283 282 282 281 281 280 280 279 279 278 278 278 278 278 278 278 278 278 278 278 278 278 278 278 272 272 272 272 272 272 272 272 272 272 272 272 272 272 272 272 272 272 272 272 272 272 272 272 272 272 272 272 272 272 272 272 226 226 226 226 226 226
304 303 303 303 302 302 301 301 300 300 299 299 298 298 297 297 296 296 295 295 294 294 287 287 286 286 285 285 284 284 284 283 283 282 282 281 281 280 280 279 279 278 278 278 278 278 278 278 278 278 278 278 278 278 278 272 272 272 272 272 272 272 272 272 272 272 272 272 272 272 272 272 272 272 272 272 272 272 272 272 272 272 272 272 272 272 272 272 272 272 226 226 226 226
304 303 303 302 302 301 301 301 300 300 299 299 298 298 297 297 296 296 295 295 294 294 287 287 286 286 285 285 284 284 283 283 282 282 282 281 281 280 280 279 279 278 278 278 278 278 278 278 278 278 278 278 278 278 278 272 272 272 272 272 272 272 272 272 272 272 272 272 272 272 272 272 272 272 272 272 272 272 272 272 272 272 272 272 272 272 272 272 272 272 272 272 226 226
304 303 303 302 302 301 301 300 300 299 299 299 298 298 297 297 296 296 295 295 294 288 287 287 286 286 285 285 284 284 283 283 282 282 281 281 280 280 280 279 279 278 278 278 278 278 278 278 278 278 278 278 278 278 278 272 272 272 272 272 272 272 272 272 272 272 272 272 272 272 272 272 272 272 272 272 272 272 272 272 272 272 272 272 272 272 272 272 272 272 272 272 272 272
304 303 303 302 302 301 301 300 300 299 299 298 298 297 297 297 296 296 295 295 294 288 287 287 286 286 285 285 284 284 283 283 282 282 281 281 280 280 279 279 279 278 278 278 278 278 278 278 278 278 278 278 278 278 278 272 272 272 272 272 272 272 272 272 272 272 272 272 272 272 272 272 272 272 272 272 272 272 272 272 272 272 272 272 272 272 272 272 272 272 272 272 272 272
304 303 303 302 302 301 301 300 300 299 299 298 298 297 297 296 296 295 295 295 294 288 287 287 286 286 285 285 284 284 283 283 282 282 281 281 280 280 279 279 278 278 278 278 278 278 278 278 278 278 278 278 278 278 278 272 272 272 272 272 272 272 272 272 272 272 272 272 272 272 272 272 272 272 272 272 272 272 272 272 272 272 272 272 272 272 272 272 272 272 272 272 272 272
