testData/tiles/oneDegree/grid9.0-2.0-10.0-3.0.asc
ncols   200
nrows   200
xllcorner   9.0
yllcorner   2.0
cellsize   0.005
NODATA_value   -9999.0
[rows 0 to 47 of 200, columns 96 to 191 of 200]
510 510 510 510 510 510 510 510 510 510 510 510 510 510 510 510 510 465 465 465 465 465 465 465 465 188 188 188 188 188 188 188 188 188 188 188 188 188 188 188 188 188 188 188 188 188 188 188 188 188 188 188 188 188 188 188 188 188 188 188 188 241 241 241 241 241 241 241 241 241 241 241 241 241 241 241 266 266 266 266 266 266 266 266 268 270 271 273 274 275 277 278 279 280 281 282
510 510 510 510 510 510 510 510 510 510 510 510 510 510 510 510 465 465 465 465 465 465 465 465 465 188 188 188 188 188 188 188 188 188 188 188 188 188 188 188 188 188 188 188 188 188 188 188 188 188 188 188 188 188 188 188 188 188 188 188 188 241 241 241 241 241 241 241 241 241 241 241 241 241 241 241 241 266 266 266 266 266 266 266 268 269 271 272 274 275 276 278 279 280 281 282
510 510 510 510 510 510 510 510 510 510 510 510 510 510 510 510 465 465 465 465 465 465 465 465 465 188 188 188 188 188 188 188 188 188 188 188 188 188 188 188 188 188 188 188 188 188 188 188 188 188 188 188 188 188 188 188 188 188 188 188 241 241 241 241 241 241 241 241 241 241 241 241 241 241 241 241 241 266 266 266 266 266 266 266 267 269 270 272 273 275 276 277 278 280 281 282
510 510 510 510 510 510 510 510 510 510 510 510 510 510 510 510 465 465 465 465 465 465 465 465 188 188 188 188 188 188 188 188 188 188 188 188 188 188 188 188 188 188 188 188 188 188 188 188 188 188 188 188 188 188 188 188 188 188 188 188 241 241 241 241 241 241 241 241 241 241 241 241 241 241 241 241 241 266 266 266 266 266 266 266 267 268 270 272 273 274 276 277 278 279 281 282
510 510 510 510 510 510 510 510 510 510 510 510 510 510 510 510 465 465 465 465 465 465 465 465 188 188 188 188 188 188 188 188 188 188 188 188 188 188 188 188 188 188 188 188 188 188 188 188 188 188 188 188 188 188 188 188 188 188 188 188 241 241 241 241 241 241 241 241 241 241 241 241 241 241 241 241 241 266 266 266 266 266 266 266 266 268 270 271 273 274 275 277 278 279 280 281
510 510 510 510 510 510 510 510 510 510 510 510 510 510 510 510 465 465 465 465 465 465 465 465 188 188 188 188 188 188 188 188 188 188 188 188 188 188 188 188 188 188 188 188 188 188 188 188 188 188 188 188 188 188 188 188 188 188 188 241 241 241 241 241 241 241 241 241 241 241 241 241 241 241 241 241 241 241 266 266 266 266 266 266 266 268 269 271 272 274 275 276 278 279 280 281
510 510 510 510 510 510 510 510 510 510 510 510 510 510 510 465 465 465 465 465 465 465 465 465 188 188 188 188 188 188 188 188 188 188 188 188 188 188 188 188 188 188 188 188 188 188 188 188 188 188 188 188 188 188 188 188 188 188 188 241 241 241 241 241 241 241 241 241 241 241 241 241 241 241 241 241 241 241 266 266 266 266 266 266 266 267 269 270 272 273 275 276 277 278 280 281
510 510 510 510 510 510 510 510 510 510 510 510 510 510 510 465 465 465 465 465 465 465 465 465 188 188 188 188 188 188 188 188 188 188 188 188 188 188 188 188 188 188 188 188 188 188 188 188 188 188 188 188 188 188 188 188 188 188 188 241 241 241 241 241 241 241 241 241 241 241 241 241 241 241 241 241 241 241 266 266 266 266 266 266 266 267 269 270 272 273 274 276 277 278 279 280
510 510 510 510 510 510 510 510 510 510 510 510 510 510 510 465 465 465 465 465 465 465 465 465 188 188 188 188 188 188 188 188 188 188 188 188 188 188 188 188 188 188 188 188 188 188 188 188 188 188 188 188 188 188 188 188 188 188 241 241 241 241 241 241 241 241 241 241 241 241 241 241 241 241 241 241 241 241 266 266 266 266 266 266 266 266 268 270 271 273 274 275 277 278 279 280
510 510 510 510 510 510 510 510 510 510 510 510 510 510 510 465 465 465 465 465 465 465 465 465 188 188 188 188 188 188 188 188 188 188 188 188 188 188 188 188 188 188 188 188 188 188 188 188 188 188 188 188 188 188 188 188 188 188 241 241 241 241 241 241 241 241 241 241 241 241 241 241 241 241 241 241 241 241 241 266 266 266 266 266 266 266 268 269 271 272 274 275 276 278 279 280
510 510 510 510 510 510 510 510 510 510 510 510 510 510 465 465 465 465 465 465 465 465 465 465 188 188 188 188 188 188 188 188 188 188 188 188 188 188 188 188 188 188 188 188 188 188 188 188 188 188 188 188 188 188 188 188 188 188 241 241 241 241 241 241 241 241 241 241 241 241 241 241 241 241 241 241 241 241 241 266 266 266 266 266 266 266 267 269 270 272 273 275 276 277 278 280
510 510 510 510 510 510 510 510 510 510 510 510 510 510 465 465 465 465 465 465 465 465 465 188 188 188 188 188 188 188 188 188 188 188 188 188 188 188 188 188 188 188 188 188 188 188 188 188 188 188 188 188 188 188 188 188 188 241 241 241 241 241 241 241 241 241 241 241 241 241 241 241 241 241 241 241 241 241 241 266 266 266 266 266 266 266 267 268 270 271 273 274 276 277 278 279
510 510 510 510 510 510 510 510 510 510 510 510 510 510 465 465 465 465 465 465 465 465 465 188 188 188 188 188 188 188 188 188 188 188 188 188 188 188 188 188 188 188 188 188 188 188 188 188 188 188 188 188 188 188 188 188 188 241 241 241 241 241 241 241 241 241 241 241 241 241 241 241 241 241 241 241 241 241 241 266 266 266 266 266 266 266 266 268 270 271 273 274 275 277 278 279
510 510 510 510 510 510 510 510 510 510 510 510 510 510 465 465 465 465 465 465 465 465 465 188 188 188 188 188 188 188 188 188 188 188 188 188 188 188 188 188 188 188 188 188 188 188 188 188 188 188 188 188 188 188 188 188 188 241 241 241 241 241 241 241 241 241 241 241 241 241 241 241 241 241 241 241 241 241 241 241 266 266 266 266 266 266 266 267 269 271 272 274 275 276 277 279
510 510 510 510 510 510 510 510 510 510 510 510 510 465 465 465 465 465 465 465 465 465 465 188 188 188 188 188 188 188 188 188 188 188 188 188 188 188 188 188 188 188 188 188 188 188 188 188 188 188 188 188 188 188 188 188 241 241 241 241 241 241 241 241 241 241 241 241 241 241 241 241 241 241 241 241 241 241 241 241 266 266 266 266 266 266 266 267 269 270 272 273 274 276 277 278
510 510 510 510 510 510 510 510 510 510 510 510 510 465 465 465 465 465 465 465 465 465 465 188 188 188 188 188 188 188 188 188 188 188 188 188 188 188 188 188 188 188 188 188 188 188 188 188 188 188 188 188 188 188 188 188 241 241 241 241 241 241 241 241 241 241 241 241 241 241 241 241 241 241 241 241 241 241 241 241 266 266 266 266 266 266 266 266 268 270 271 273 274 275 277 278
510 510 510 510 510 510 510 510 510 510 510 510 510 465 465 465 465 465 465 465 465 465 465 188 188 188 188 188 188 188 188 188 188 188 188 188 188 188 188 188 188 188 188 188 188 188 188 188 188 188 188 188 188 188 188 188 241 241 241 241 241 241 241 241 241 241 241 241 241 241 241 241 241 241 241 241 241 241 241 241 241 266 266 266 266 266 266 266 268 269 271 272 274 275 276 277
510 510 510 510 510 510 510 510 510 510 510 510 510 465 465 465 465 465 465 465 465 465 465 188 188 188 188 188 188 188 188 188 188 188 188 188 188 188 188 188 188 188 188 188 188 188 188 188 188 188 188 188 188 188 188 241 241 241 241 241 241 241 241 241 241 241 241 241 241 241 241 241 241 241 241 241 241 241 241 241 241 266 266 266 266 266 266 266 267 269 270 272 273 275 276 277
510 510 510 510 510 510 510 510 510 510 510 510 465 465 465 465 465 465 465 465 465 465 188 188 188 188 188 188 188 188 188 188 188 188 188 188 188 188 188 188 188 188 188 188 188 188 188 188 188 188 188 188 188 188 188 241 241 241 241 241 241 241 241 241 241 241 241 241 241 241 241 241 241 241 241 241 241 241 241 241 241 266 266 266 266 266 266 266 267 268 270 271 273 274 275 277
510 510 510 510 510 510 510 510 510 510 510 510 465 465 465 465 465 465 465 465 465 465 188 188 188 188 188 188 188 188 188 188 188 188 188 188 188 188 188 188 188 188 188 188 188 188 188 188 188 188 188 188 188 188 188 241 241 241 241 241 241 241 241 241 241 241 241 241 241 241 241 241 241 241 241 241 241 241 241 241 241 266 266 266 266 266 266 266 266 268 269 271 272 274 275 276
510 510 510 510 510 510 510 510 510 510 510 510 465 465 465 465 465 465 465 465 465 465 188 188 188 188 188 188 188 188 188 188 188 188 188 188 188 188 188 188 188 188 188 188 188 188 188 188 188 188 188 188 188 188 188 241 241 241 241 241 241 241 241 241 241 241 241 241 241 241 241 241 241 241 241 241 241 241 241 241 241 241 266 266 266 266 266 266 266 267 269 270 272 273 275 276
510 510 510 510 510 510 510 510 510 510 510 465 465 465 465 465 465 465 465 465 465 465 188 188 188 188 188 188 188 188 188 188 188 188 188 188 188 188 188 188 188 188 188 188 188 188 188 188 188 188 188 188 188 188 241 241 241 241 241 241 241 241 241 241 241 241 241 241 241 241 241 241 241 241 241 241 241 241 241 241 241 241 266 266 266 266 266 266 266 267 268 270 271 273 274 275
510 510 510 510 510 510 510 510 510 510 510 465 465 465 465 465 465 465 465 465 465 465 188 188 188 188 188 188 188 188 188 188 188 188 188 188 188 188 188 188 188 188 188 188 188 188 188 188 188 188 188 188 188 188 241 241 241 241 241 241 241 241 241 241 241 241 241 241 241 241 241 241 241 241 241 241 241 241 241 241 241 241 266 266 266 266 266 266 266 266 268 269 271 272 274 325
510 510 510 510 510 510 510 510 510 510 510 465 465 465 465 465 465 465 465 465 465 465 188 188 188 188 188 188 188 188 188 188 188 188 188 188 188 188 188 188 188 188 188 188 188 188 188 188 188 188 188 188 188 188 241 241 241 241 241 241 241 241 241 241 241 241 241 241 241 241 241 241 241 241 241 241 241 241 241 241 241 241 241 266 266 266 266 266 266 266 267 269 270 272 323 325
510 510 510 510 510 510 510 510 510 510 510 465 465 465 465 465 465 465 465 465 465 465 188 188 188 188 188 188 188 188 188 188 188 188 188 188 188 188 188 188 188 188 188 188 188 188 188 188 188 188 188 188 188 241 241 241 241 241 241 241 241 241 241 241 241 241 241 241 241 241 241 241 241 241 241 241 241 241 241 241 241 241 241 266 266 266 266 266 266 266 267 268 270 271 323 324
510 510 510 510 510 510 510 510 510 510 465 465 465 465 465 465 465 465 465 465 465 465 188 188 188 188 188 188 188 188 188 188 188 188 188 188 188 188 188 188 188 188 188 188 188 188 188 188 188 188 188 188 188 241 241 241 241 241 241 241 241 241 241 241 241 241 241 241 241 241 241 241 241 241 241 241 241 241 241 241 241 241 241 266 266 266 266 266 266 266 266 268 269 321 322 324
510 510 510 510 510 510 510 510 510 510 465 465 465 465 465 465 465 465 465 465 465 188 188 188 188 188 188 188 188 188 188 188 188 188 188 188 188 188 188 188 188 188 188 188 188 188 188 188 188 188 188 188 188 241 241 241 241 241 241 241 241 241 241 241 241 241 241 241 241 241 241 241 241 241 241 241 241 241 241 241 241 241 241 241 266 266 266 266 266 266 266 267 319 320 322 323
510 510 510 510 510 510 510 510 510 510 465 465 465 465 465 465 465 465 465 465 465 188 188 188 188 188 188 188 188 188 188 188 188 188 188 188 188 188 188 188 188 188 188 188 188 188 188 188 188 188 188 188 188 241 241 241 241 241 241 241 241 241 241 241 241 241 241 241 241 241 241 241 241 241 241 241 241 241 241 241 241 241 241 241 266 266 266 266 266 266 266 316 318 320 321 323
510 510 510 510 510 510 510 510 510 465 465 465 465 465 465 465 465 465 465 465 465 188 188 188 188 188 188 188 188 188 188 188 188 188 188 188 188 188 188 188 188 188 188 188 188 188 188 188 188 188 188 188 241 241 241 241 241 241 241 241 241 241 241 241 241 241 241 241 241 241 241 241 241 241 241 241 241 241 241 241 241 241 241 241 266 266 266 266 266 266 316 316 318 319 321 322
510 510 510 510 510 510 510 510 510 465 465 465 465 465 465 465 465 465 465 465 465 188 188 188 188 188 188 188 188 188 188 188 188 188 188 188 188 188 188 188 188 188 188 188 188 188 188 188 188 188 188 188 241 241 241 241 241 241 241 241 241 241 241 241 241 241 241 241 241 241 241 241 241 241 241 241 241 241 241 241 241 241 241 241 241 266 266 266 266 266 316 316 317 319 320 322
510 510 510 510 510 510 510 510 510 465 465 465 465 465 465 465 465 465 465 465 465 188 188 188 188 188 188 188 188 188 188 188 188 188 188 188 188 188 188 188 188 188 188 188 188 188 188 188 188 188 188 188 241 241 241 241 241 241 241 241 241 241 241 241 241 241 241 241 241 241 241 241 241 241 241 241 241 241 241 241 241 241 241 241 241 266 266 266 266 316 316 316 316 318 320 321
510 510 510 510 510 510 510 510 465 465 465 465 465 465 465 465 465 465 465 465 465 188 188 188 188 188 188 188 188 188 188 188 188 188 188 188 188 188 188 188 188 188 188 188 188 188 188 188 188 188 188 241 241 241 241 241 241 241 241 241 241 241 241 241 241 241 241 241 241 241 241 241 241 241 241 241 241 241 241 241 241 241 241 241 241 241 266 266 316 316 316 316 316 317 319 321
510 510 510 510 510 510 510 510 465 465 465 465 465 465 465 465 465 465 465 465 188 188 188 188 188 188 188 188 188 188 188 188 188 188 188 188 188 188 188 188 188 188 188 188 188 188 188 188 188 188 188 241 241 241 241 241 241 241 241 241 241 241 241 241 241 241 241 241 241 241 241 241 241 241 241 241 241 241 241 241 241 241 241 241 241 241 266 316 316 316 316 316 316 317 318 320
510 510 510 510 510 510 510 510 465 465 465 465 465 465 465 465 465 465 465 465 188 188 188 188 188 188 188 188 188 188 188 188 188 188 188 188 188 188 188 188 188 188 188 188 188 188 188 188 188 188 188 241 241 241 241 241 241 241 241 241 241 241 241 241 241 241 241 241 241 241 241 241 241 241 241 241 241 241 241 241 241 241 241 241 241 241 316 316 316 316 316 316 316 316 318 319
510 510 510 510 510 510 510 465 465 465 465 465 465 465 465 465 465 465 465 465 188 188 188 188 188 188 188 188 188 188 188 188 188 188 188 188 188 188 188 188 188 188 188 188 188 188 188 188 188 188 188 241 241 241 241 241 241 241 241 241 241 241 241 241 241 241 241 241 241 241 241 241 241 241 241 241 241 241 241 241 241 241 241 241 241 241 291 316 316 316 316 316 316 316 317 319
510 510 510 510 510 510 510 465 465 465 465 465 465 465 465 465 465 465 465 465 188 188 188 188 188 188 188 188 188 188 188 188 188 188 188 188 188 188 188 188 188 188 188 188 188 188 188 188 188 188 241 241 241 241 241 241 241 241 241 241 241 241 241 241 241 241 241 241 241 241 241 241 241 241 241 241 241 241 241 241 241 241 241 241 241 291 291 316 316 316 316 316 316 316 316 318
510 510 510 510 510 510 465 465 465 465 465 465 465 465 465 465 465 465 465 465 188 188 188 188 188 188 188 188 188 188 188 188 188 188 188 188 188 188 188 188 188 188 188 188 188 188 188 188 188 188 241 241 241 241 241 241 241 241 241 241 241 241 241 241 241 241 241 241 241 241 241 241 241 241 241 241 241 241 241 241 241 241 241 241 291 291 291 291 316 316 316 316 316 316 316 317
510 510 510 510 510 510 465 465 465 465 465 465 465 465 465 465 465 465 465 465 188 188 188 188 188 188 188 188 188 188 188 188 188 188 188 188 188 188 188 188 188 188 188 188 188 188 188 188 188 188 241 241 241 241 241 241 241 241 241 241 241 241 241 241 241 241 241 241 241 241 241 241 241 241 241 241 241 241 241 241 241 241 241 291 291 291 291 291 316 316 316 316 316 316 316 317
510 510 510 510 510 510 465 465 465 465 465 465 465 465 465 465 465 465 465 465 188 188 188 188 188 188 188 188 188 188 188 188 188 188 188 188 188 188 188 188 188 188 188 188 188 188 188 188 188 188 241 241 241 241 241 241 241 241 241 241 241 241 241 241 241 241 241 241 241 241 241 241 241 241 241 241 241 241 241 241 241 241 291 291 291 291 291 291 316 316 316 316 316 316 316 316
510 510 510 510 510 465 465 465 465 465 465 465 465 465 465 465 465 465 465 188 188 188 188 188 188 188 188 188 188 188 188 188 188 188 188 188 188 188 188 188 188 188 188 188 188 188 188 188 188 241 241 241 241 241 241 241 241 241 241 241 241 241 241 241 241 241 241 241 241 241 241 241 241 241 241 241 241 241 241 241 241 241 291 291 291 291 291 291 291 316 316 316 316 316 316 316
510 510 510 510 510 465 465 465 465 465 465 465 465 465 465 465 465 465 465 188 188 188 188 188 188 188 188 188 188 188 188 188 188 188 188 188 188 188 188 188 188 188 188 188 188 188 188 188 188 241 241 241 241 241 241 241 241 241 241 241 241 241 241 241 241 241 241 241 241 241 241 241 241 241 241 241 241 241 241 241 241 291 291 291 291 291 291 291 291 316 316 316 316 316 316 316
510 510 510 510 510 465 465 465 465 465 465 465 465 465 465 465 465 465 465 188 188 188 188 188 188 188 188 188 188 188 188 188 188 188 188 188 188 188 188 188 188 188 188 188 188 188 188 188 188 241 241 241 241 241 241 241 241 241 241 241 241 241 241 241 241 241 241 241 241 241 241 241 241 241 241 241 241 241 241 241 291 291 291 291 291 291 291 291 291 291 316 316 316 316 316 316
510 510 510 510 465 465 465 465 465 465 465 465 465 465 465 465 465 465 465 188 188 188 188 188 188 188 188 188 188 188 188 188 188 188 188 188 188 188 188 188 188 188 188 188 188 188 188 188 188 241 241 241 241 241 241 241 241 241 241 241 241 241 241 241 241 241 241 241 241 241 241 241 241 241 241 241 241 241 241 241 291 291 291 291 291 291 291 291 291 291 316 316 316 316 316 316
510 510 510 510 465 465 465 465 465 465 465 465 465 465 465 465 465 465 465 188 188 188 188 188 188 188 188 188 188 188 188 188 188 188 188 188 188 188 188 188 188 188 188 188 188 188 188 188 241 241 241 241 241 241 241 241 241 241 241 241 241 241 241 241 241 241 241 241 241 241 241 241 241 241 241 241 241 241 241 291 291 291 291 291 291 291 291 291 291 291 316 316 316 316 316 316
510 510 510 465 465 465 465 465 465 465 465 465 465 465 465 465 465 465 465 188 188 188 188 188 188 188 188 188 188 188 188 188 188 188 188 188 188 188 188 188 188 188 188 188 188 188 188 188 241 241 241 241 241 241 241 241 241 241 241 241 241 241 241 241 241 241 241 241 241 241 241 241 241 241 241 241 241 241 291 291 291 291 291 291 291 291 291 291 291 291 291 316 316 316 316 316
510 510 510 465 465 465 465 465 465 465 465 465 465 465 465 465 465 465 188 188 188 188 188 188 188 188 188 188 188 188 188 188 188 188 188 188 188 188 188 188 188 188 188 188 188 188 188 188 241 241 241 241 241 241 241 241 241 241 241 241 241 241 241 241 241 241 241 241 241 241 241 241 241 241 241 241 241 291 291 291 291 291 291 291 291 291 291 291 291 291 291 316 316 316 316 316
510 510 510 465 465 465 465 465 465 465 465 465 465 465 465 465 465 465 188 188 188 188 188 188 188 188 188 188 188 188 188 188 188 188 188 188 188 188 188 188 188 188 188 188 188 188 188 188 241 241 241 241 241 241 241 241 241 241 241 241 241 241 241 241 241 241 241 241 241 241 241 241 241 241 241 241 241 291 291 291 291 291 291 291 291 291 291 291 291 291 291 291 316 316 316 316
510 510 465 465 465 465 465 465 465 465 465 465 465 465 465 465 465 465 188 188 188 188 188 188 188 188 188 188 188 188 188 188 188 188 188 188 188 188 188 188 188 188 188 188 188 188 188 241 241 241 241 241 241 241 241 241 241 241 241 241 241 241 241 241 241 241 241 241 241 241 241 241 241 241 241 241 291 291 291 291 291 291 291 291 291 291 291 291 291 291 291 291 316 316 316 316
