testData/tiles/oneDegree/grid45.0-26.0-46.0-27.0.asc
ncols   200
nrows   200
xllcorner   45.0
yllcorner   26.0
cellsize   0.005
NODATA_value   -9999.0
[rows 144 to 191 of 200, columns 96 to 191 of 200]
16 16 16 16 16 16 16 16 16 16 16 16 16 16 16 16 16 16 16 16 16 16 16 16 16 16 16 16 16 72 72 72 72 72 72 72 72 72 72 72 72 72 72 72 72 74 76 77 79 81 82 84 85 86 120 121 123 124 125 126 128 129 130 147 148 149 151 152 153 154 155 156 157 158 159 160 161 162 163 164 166 168 170 171 173 175 177 178 180 182 184 185 187 189 191 193
16 16 16 16 16 16 16 16 16 16 16 16 16 16 16 16 16 16 16 16 16 16 16 16 16 16 16 16 72 72 72 72 72 72 72 72 72 72 72 72 72 72 72 72 73 75 77 78 80 81 115 116 118 119 121 122 123 125 126 127 128 129 131 148 149 150 151 152 153 154 156 157 158 159 160 161 162 162 163 164 166 168 170 172 174 176 178 179 181 183 185 187 188 189 191 193
16 16 16 16 16 16 16 16 16 16 16 16 16 16 16 16 16 16 16 16 16 16 16 16 16 16 16 16 72 72 72 72 72 72 72 72 72 72 72 72 72 72 72 72 74 76 109 111 113 114 116 117 119 120 121 123 124 125 126 128 129 130 131 148 150 151 152 153 154 155 156 157 158 159 160 161 162 163 164 165 167 169 171 172 174 176 178 180 182 184 185 187 189 191 194 195
16 16 16 16 16 16 16 16 16 16 16 16 16 16 16 16 16 16 16 16 16 16 16 16 16 16 16 72 72 72 72 72 72 72 72 72 72 72 72 72 72 72 104 105 107 109 110 112 113 115 116 118 119 121 122 123 125 126 127 128 130 131 132 149 150 151 152 153 155 156 157 158 159 160 161 162 163 164 164 165 167 169 171 173 175 177 179 180 183 185 187 189 192 193 195 197
16 16 16 16 16 16 16 16 16 16 16 16 16 16 16 16 16 16 16 16 16 16 16 16 16 16 16 72 72 72 72 72 72 72 72 72 72 72 72 104 104 104 104 106 108 109 111 113 114 116 117 119 120 121 123 124 125 127 128 129 130 131 133 150 151 152 153 154 155 156 157 158 159 160 161 162 163 164 165 166 168 170 172 174 176 178 181 183 185 187 189 191 193 195 198 199
16 16 16 16 16 16 16 16 16 16 16 16 16 16 16 16 16 16 16 16 16 16 16 16 16 16 72 72 72 72 72 72 72 72 72 104 104 104 104 104 104 104 105 107 109 110 112 113 115 116 118 119 121 122 123 125 126 127 128 130 131 132 149 150 151 152 154 155 156 157 158 159 160 161 162 163 164 165 166 167 169 172 174 176 179 181 183 184 187 189 191 193 195 197 199 201
16 16 16 16 16 16 16 16 16 16 16 16 16 16 16 16 16 16 16 16 16 16 16 16 16 16 72 72 72 72 72 72 104 104 104 104 104 104 104 104 104 104 106 108 110 111 113 114 116 117 119 120 121 123 124 125 127 128 129 130 131 133 150 151 152 153 154 155 156 157 158 254 160 162 163 164 166 167 168 170 172 174 176 178 180 182 185 187 189 190 193 195 197 199 200 203
16 16 16 16 16 16 16 16 16 16 16 16 16 16 16 16 16 16 16 16 16 16 16 16 16 16 72 72 104 104 104 104 104 104 104 104 104 104 104 104 104 105 107 109 110 112 113 115 116 118 119 121 122 123 125 126 127 223 225 226 227 228 245 246 248 249 250 251 253 254 255 257 258 259 261 262 263 264 265 266 268 271 273 275 277 280 186 188 190 193 195 197 198 201 203 205
16 16 16 16 16 16 16 16 16 16 16 16 16 16 16 16 16 16 16 16 16 16 16 16 16 104 104 104 104 104 104 104 104 104 104 104 104 104 104 104 104 106 108 109 111 113 114 116 117 119 120 216 218 219 220 222 223 224 225 226 228 229 246 247 249 250 251 253 254 255 257 258 259 261 262 263 265 266 267 268 271 273 275 276 279 281 283 285 288 289 291 293 201 203 204 206
16 16 16 16 16 16 16 16 16 16 16 16 16 16 16 16 16 16 16 16 16 16 48 48 48 104 104 104 104 104 104 104 104 104 104 104 104 104 104 104 105 107 109 110 112 113 210 211 213 214 216 217 218 220 221 222 223 225 226 227 229 230 248 250 251 253 254 255 257 258 259 261 262 263 264 266 267 268 269 270 272 274 277 279 281 283 285 287 289 291 293 295 297 299 301 304
16 16 16 16 16 16 16 16 16 16 16 16 16 16 16 16 16 16 16 48 48 48 48 48 104 104 104 104 104 104 104 104 104 104 104 104 104 104 104 104 106 108 109 206 208 209 211 212 214 215 216 218 219 220 222 223 225 226 228 230 231 233 250 251 253 254 255 257 258 259 261 262 263 264 266 267 268 270 271 273 275 278 278 280 282 285 287 289 290 292 295 297 299 300 302 305
16 16 16 16 16 16 16 16 16 16 16 16 16 16 16 16 48 48 48 48 48 48 48 48 104 104 104 104 104 104 104 104 104 104 104 104 104 104 104 200 202 204 205 207 208 210 211 213 214 216 217 218 221 222 224 225 227 229 230 231 233 234 252 254 255 256 258 259 260 262 263 264 265 267 268 269 271 271 272 274 277 279 281 283 286 286 288 290 292 295 296 298 300 302 305 306
16 16 16 16 16 16 16 16 16 16 16 16 16 48 48 48 48 48 48 48 48 48 48 104 104 104 104 104 104 104 104 104 104 104 104 104 199 199 199 201 203 204 206 208 209 211 212 214 216 217 220 221 222 225 226 227 229 230 233 234 235 236 254 255 256 258 259 260 262 263 264 265 267 268 269 271 272 273 274 277 279 280 282 284 287 289 291 293 294 296 298 300 301 304 306 308
16 16 16 16 16 16 16 16 16 16 48 48 48 48 48 48 48 48 48 48 48 48 48 104 104 104 104 104 104 104 104 104 104 199 199 199 199 199 200 202 203 205 207 208 211 212 214 216 218 220 221 223 225 226 228 230 231 233 234 235 237 239 256 257 259 260 261 263 264 265 266 268 269 270 271 273 273 274 275 278 280 282 284 287 288 290 292 294 297 299 300 302 303 306 307 309
16 16 16 16 16 16 16 48 48 48 48 48 48 48 48 48 48 48 48 48 48 48 104 104 104 104 104 104 104 104 104 199 199 199 199 199 199 199 201 203 204 207 208 211 213 215 216 218 220 222 223 225 227 229 230 231 233 235 236 237 239 240 257 259 260 261 263 264 265 266 268 269 270 271 273 274 275 276 278 280 281 283 286 288 290 292 294 296 298 300 302 304 306 308 310 311
16 16 16 16 48 48 48 48 48 48 48 48 48 48 48 48 48 48 48 48 48 48 104 104 104 104 104 104 104 199 199 199 199 199 199 199 199 201 203 205 207 209 211 213 215 217 218 221 222 223 226 227 228 230 232 233 235 236 237 239 241 242 260 261 262 263 265 266 267 269 270 271 272 274 275 275 276 278 279 281 283 285 288 289 291 293 295 298 300 301 303 305 308 309 311 313
16 48 48 48 48 48 48 48 48 48 48 48 48 48 48 48 48 48 48 48 48 104 104 104 104 104 199 199 199 199 199 199 199 199 200 200 201 203 205 207 209 211 213 215 217 218 221 222 224 226 227 228 231 232 233 235 237 238 240 241 242 244 261 262 263 265 266 267 268 270 271 272 273 275 276 277 278 280 281 282 284 286 289 291 293 295 296 299 301 303 305 306 309 311 313 314
48 48 48 48 48 48 48 48 48 48 48 48 48 48 48 48 48 48 48 48 48 104 104 104 199 199 199 199 199 199 200 200 200 201 201 202 203 205 207 209 211 213 216 217 219 221 222 224 226 227 229 231 232 234 236 237 238 240 241 242 244 246 263 264 265 267 268 269 271 272 273 274 276 277 277 278 279 281 282 284 286 289 290 292 294 296 299 301 302 304 306 308 310 312 314 316
48 48 48 48 48 48 48 48 48 48 48 48 48 48 48 48 48 48 48 48 48 104 199 199 199 199 199 200 200 201 201 201 202 202 203 203 205 207 209 212 213 215 217 219 221 223 224 226 228 229 231 233 234 236 237 238 240 242 243 244 246 247 264 265 267 268 269 270 272 273 274 275 277 278 279 280 281 283 283 285 287 290 292 294 296 297 300 302 304 306 307 309 312 314 315 317
48 48 48 48 48 48 48 48 48 48 48 48 48 48 48 48 48 48 48 48 199 199 199 199 200 200 201 201 202 202 202 203 203 204 204 205 207 209 212 213 215 217 219 220 223 224 226 228 229 231 233 234 235 238 239 240 242 243 244 245 248 249 266 267 269 270 271 272 274 275 276 277 279 279 280 281 282 284 285 287 289 291 293 295 297 299 301 303 305 307 309 310 313 315 317 319
48 48 48 48 48 48 48 48 48 48 48 48 48 48 48 48 48 48 48 143 199 200 200 201 201 202 202 203 203 203 204 204 205 205 205 207 209 212 213 215 218 219 221 223 225 226 228 230 231 233 234 236 237 239 240 242 244 245 246 247 249 250 267 268 270 271 272 273 275 276 277 278 280 281 282 283 284 285 286 288 290 292 295 297 298 300 302 305 307 308 310 312 314 316 318 320
48 48 48 48 48 48 48 48 48 48 48 48 48 48 48 48 48 143 144 200 201 201 202 202 203 203 203 204 204 205 205 206 206 206 207 209 211 213 215 217 219 221 222 225 226 228 230 231 233 235 236 237 240 241 242 243 245 246 247 248 251 252 269 270 272 273 274 275 277 278 279 279 281 282 283 284 285 287 288 290 291 293 296 298 300 302 303 306 308 310 311 313 315 318 320 321
48 48 48 48 48 48 48 48 48 48 48 48 48 48 48 144 144 145 145 202 202 203 203 204 204 204 205 205 206 206 206 207 207 208 209 211 214 215 217 219 221 222 225 226 228 230 231 233 234 236 238 239 241 242 243 245 247 248 249 251 252 253 270 271 273 274 275 276 278 279 280 281 283 284 285 286 286 288 289 291 293 295 298 299 301 303 305 307 309 311 313 315 316 318 321 323
48 48 48 48 48 48 48 48 48 48 48 48 49 49 145 145 146 146 203 203 204 204 204 205 205 206 206 206 207 207 208 208 208 209 211 213 215 217 218 221 223 224 227 228 229 232 233 234 237 238 239 240 243 244 245 246 248 249 250 252 254 255 272 273 275 276 277 278 280 280 281 282 283 285 286 287 288 290 291 292 294 296 298 301 303 304 306 308 311 312 314 316 318 319 321 324
48 48 48 48 48 48 48 48 48 49 49 50 145 146 146 147 147 148 204 204 205 205 206 206 206 207 207 208 208 208 209 209 210 211 213 215 217 219 221 223 224 227 228 230 231 233 235 236 238 239 241 242 244 245 246 248 250 251 252 253 255 256 273 274 276 277 278 279 281 282 283 284 285 287 287 288 289 290 292 294 296 297 299 302 304 306 307 309 311 314 316 317 319 321 323 324
48 48 48 48 48 48 48 49 50 50 51 146 147 147 147 148 148 149 205 206 206 206 207 207 208 208 208 209 209 210 210 210 211 212 214 217 219 220 223 224 226 228 230 231 233 235 236 237 240 241 242 243 246 247 248 249 251 252 253 254 256 257 275 276 278 278 279 280 281 283 284 285 286 288 289 290 291 291 292 295 297 299 301 302 305 307 309 311 312 314 317 319 320 322 324 326
48 48 48 48 49 49 50 50 51 146 147 147 148 148 149 149 150 206 206 207 207 208 208 208 209 209 210 210 210 211 211 211 212 214 216 219 220 222 224 226 227 230 231 233 234 236 238 239 241 243 244 245 247 248 249 251 253 254 255 256 258 259 276 277 279 280 281 282 283 285 286 287 287 288 290 291 292 293 294 297 298 300 302 304 306 308 310 312 314 316 317 320 322 324 325 327
48 49 49 50 50 51 51 52 147 148 148 149 149 150 150 150 151 207 208 208 208 209 209 210 210 210 211 211 211 212 212 212 214 216 218 220 222 224 226 228 229 232 233 234 236 238 239 241 243 244 245 246 249 250 251 252 254 255 256 257 259 260 277 278 279 281 282 283 284 285 287 288 289 290 291 293 293 294 295 297 300 302 303 305 307 309 312 313 315 317 319 320 323 325 327 328
50 50 51 51 52 52 53 148 149 149 149 150 150 151 151 152 208 208 209 209 210 210 210 211 211 211 212 212 212 213 213 214 216 218 219 222 224 225 228 229 231 233 234 236 237 240 241 242 243 246 247 248 249 251 252 253 255 257 258 259 260 262 279 280 281 282 284 285 286 287 288 289 290 291 292 293 295 296 296 298 300 303 305 307 308 310 312 315 316 318 320 322 324 325 328 330
51 51 52 52 53 148 149 149 150 150 151 151 152 152 152 153 209 210 210 210 211 211 211 212 212 213 213 213 214 214 214 216 218 219 221 224 225 227 229 231 232 235 236 237 239 241 242 244 245 247 248 249 251 253 254 255 256 258 259 260 261 278 280 281 282 283 285 286 287 288 289 291 292 293 293 294 295 297 298 300 302 303 306 308 310 312 313 315 318 320 321 323 325 327 328 331
52 53 53 54 149 150 150 151 151 151 152 152 153 153 154 154 210 211 211 211 212 212 213 213 213 214 214 214 215 215 215 218 219 221 223 225 227 228 231 232 234 235 238 239 240 243 244 245 246 249 250 251 252 254 255 256 257 259 261 262 263 264 282 283 284 285 286 288 288 289 290 291 293 294 295 296 297 297 299 301 303 305 306 308 311 313 315 316 318 320 323 324 326 328 330 331
54 54 54 150 150 151 151 152 152 153 153 153 154 154 155 211 211 212 212 212 213 213 214 214 214 215 215 215 216 216 216 218 221 223 224 227 228 230 233 234 235 237 239 240 242 243 245 247 248 249 251 252 254 255 257 258 259 260 262 263 264 265 282 284 285 286 287 288 290 291 292 293 293 295 296 297 298 299 300 302 304 306 308 310 311 314 316 318 320 321 323 326 328 329 331 333
55 55 151 151 152 152 152 153 153 154 154 155 155 155 156 212 212 213 213 214 214 214 215 215 215 216 216 216 216 217 218 220 223 224 226 229 230 232 233 236 237 238 241 242 243 245 247 248 249 250 253 254 255 256 257 259 260 261 262 264 266 267 284 284 286 287 288 289 290 292 293 294 295 296 298 298 299 300 301 303 306 307 309 311 313 315 317 319 321 323 324 326 328 331 332 334
151 151 152 152 153 153 154 154 154 155 155 156 156 156 157 213 213 214 214 215 215 215 216 216 216 216 217 217 217 218 220 222 224 226 228 229 232 233 235 237 238 240 241 244 245 246 247 250 251 252 253 255 256 258 259 261 262 263 264 265 267 268 285 286 287 289 290 291 292 293 294 295 296 297 298 299 301 301 302 304 306 308 311 312 314 316 318 319 322 324 326 327 329 331 333 335
152 153 153 153 154 154 155 155 155 156 156 157 157 157 214 214 214 215 215 215 216 216 216 217 217 217 218 218 218 220 221 223 226 228 229 231 233 235 236 238 240 241 243 245 246 248 249 250 252 253 255 256 258 259 260 261 263 264 265 266 267 269 286 287 288 289 291 292 293 294 295 297 298 298 299 300 301 303 304 305 307 309 311 314 315 317 319 321 323 324 327 329 330 332 334 336
153 154 154 154 155 155 156 156 156 157 157 158 158 158 215 215 215 216 216 216 217 217 217 218 218 218 219 219 219 221 223 225 227 229 231 232 235 236 238 239 242 243 244 246 248 249 250 252 254 255 256 257 258 260 261 263 264 266 267 268 269 270 288 289 290 291 292 293 294 295 296 297 298 300 301 301 302 303 304 307 309 310 312 314 316 319 320 322 324 326 327 329 332 334 335 337
154 155 155 156 156 156 157 157 158 158 158 159 159 215 216 216 216 217 217 217 218 218 218 219 219 219 220 220 220 222 225 227 228 231 232 234 235 238 239 241 242 244 246 247 248 251 252 253 254 256 257 259 260 261 263 264 265 266 268 269 270 271 288 290 291 292 293 294 295 297 298 298 299 300 302 303 304 305 305 307 310 312 314 315 317 319 321 323 325 327 329 330 332 334 337 338
155 156 156 157 157 157 158 158 158 159 159 160 160 216 217 217 217 218 218 218 219 219 219 220 220 220 220 221 222 224 226 228 230 231 234 235 237 238 241 242 244 245 247 249 250 251 253 254 256 257 259 260 261 262 263 265 266 267 269 270 272 272 289 290 291 293 294 295 296 297 299 300 301 301 302 303 305 306 307 308 310 312 315 317 318 320 322 324 325 328 330 332 333 335 337 339
156 157 157 158 158 158 159 159 159 160 160 161 161 217 218 218 218 219 219 219 219 220 220 220 221 221 221 222 224 225 227 230 231 233 235 237 238 240 242 244 245 246 249 250 251 252 254 256 257 258 259 261 263 264 265 266 268 269 270 271 272 274 291 292 293 294 296 297 297 298 299 300 302 303 304 305 305 306 308 310 312 313 315 317 320 322 323 325 327 329 330 333 335 336 338 340
157 158 158 159 159 159 160 160 160 161 161 161 218 218 218 219 219 219 220 220 220 221 221 221 222 222 222 222 225 227 229 231 233 235 236 239 240 241 243 245 247 248 249 251 253 254 255 256 258 260 261 262 264 265 266 267 268 270 271 272 273 274 292 293 294 295 296 297 299 300 301 301 302 304 305 306 307 308 308 310 313 315 317 318 320 322 325 326 328 330 332 333 335 337 339 341
158 159 159 160 160 160 161 161 161 162 162 162 219 219 219 220 220 220 221 221 221 221 222 222 222 223 223 224 227 229 230 232 235 236 238 239 242 243 244 246 248 249 251 252 254 255 257 258 259 261 262 263 264 265 268 269 270 271 273 274 275 276 293 294 295 296 297 298 299 301 302 303 304 304 305 307 308 309 310 311 313 315 318 320 321 323 325 327 328 331 333 335 336 338 340 341
159 160 160 160 161 161 162 162 162 163 163 163 220 220 220 221 221 221 221 222 222 222 223 223 223 223 224 226 227 230 232 233 235 238 239 241 242 244 246 247 249 251 252 253 255 257 258 259 260 261 264 265 266 267 268 270 271 272 273 274 276 277 294 295 296 298 299 300 300 301 302 304 305 306 307 308 308 310 311 313 315 316 318 320 323 324 326 328 330 331 333 336 338 339 341 343
160 161 161 161 162 162 162 163 163 163 164 220 220 221 221 221 222 222 222 223 223 223 223 224 224 224 225 227 229 231 233 235 237 238 241 242 244 245 247 249 250 251 254 255 256 257 258 261 262 263 264 266 267 268 269 270 272 273 274 275 276 277 295 296 297 298 299 301 302 303 304 304 305 307 308 309 310 310 311 314 316 318 319 321 323 325 327 329 331 333 334 336 338 340 342 344
161 162 162 162 163 163 163 164 164 164 165 221 221 222 222 222 222 223 223 223 224 224 224 225 225 225 226 229 231 232 234 237 238 240 241 244 245 246 248 250 251 253 254 256 257 259 260 261 263 264 265 267 268 270 271 272 273 274 276 277 278 279 296 298 299 299 300 301 302 304 305 306 307 307 308 310 311 312 313 314 316 318 321 323 324 326 328 330 331 334 336 337 339 341 343 344
162 162 163 163 163 164 164 164 165 165 165 222 222 222 223 223 223 224 224 224 224 225 225 225 226 226 228 229 232 234 236 237 240 241 243 244 247 248 249 251 253 254 255 257 258 260 261 262 264 266 267 268 269 270 272 273 274 275 276 277 279 280 297 298 299 301 302 303 303 304 305 307 308 309 310 310 311 313 314 316 317 319 321 323 326 327 329 331 333 334 336 338 340 342 344 345
163 163 164 164 164 165 165 165 166 166 222 223 223 223 223 224 224 224 225 225 225 226 226 226 226 227 229 231 233 235 237 239 240 243 244 246 247 249 251 252 253 255 257 258 259 261 263 264 265 266 267 269 270 271 272 273 275 276 277 278 279 281 298 299 300 301 302 304 305 306 307 307 308 310 311 312 313 313 314 316 319 321 322 324 326 328 329 332 334 336 337 339 340 341 343 346
164 164 164 165 165 165 166 166 166 167 223 223 224 224 224 225 225 225 225 226 226 226 227 227 227 228 231 233 234 236 239 240 242 243 246 247 248 250 252 253 255 256 257 260 261 262 263 264 266 267 269 270 271 273 274 275 276 277 279 280 281 282 299 301 302 302 303 304 305 307 308 309 310 310 311 313 314 315 315 317 319 321 324 325 327 329 331 332 333 335 338 339 341 343 344 346
165 165 165 166 166 166 167 167 167 168 224 224 224 225 225 225 226 226 226 226 227 227 227 228 228 230 231 234 236 238 239 242 243 245 246 249 250 251 253 254 256 257 259 260 262 263 264 266 267 269 270 271 272 273 275 276 277 278 279 280 282 283 300 301 302 304 305 306 306 307 308 310 311 312 313 313 314 315 317 319 320 322 324 326 327 329 331 333 334 336 338 340 341 344 346 347
