testData/tiles/oneDegree/grid25.0-41.0-26.0-42.0.asc
ncols   200
nrows   200
xllcorner   25.0
yllcorner   41.0
cellsize   0.005
NODATA_value   -9999.0
[rows 0 to 41 of 200, columns 94 to 187 of 200]
614 612 612 610 609 607 607 604 601 599 597 595 593 592 592 592 593 593 593 593 542 543 543 543 543 543 542 543 543 543 543 542 543 543 543 542 542 542 543 542 542 542 541 541 542 542 541 541 541 540 541 541 540 540 540 578 578 578 577 577 577 576 576 576 576 576 576 575 575 574 574 575 574 574 574 573 573 572 572 573 572 572 572 571 571 569 569 570 569 569 568 568 568 567
615 613 613 611 609 608 606 605 603 600 598 596 594 593 593 593 592 592 592 592 592 542 543 543 542 542 542 543 543 542 542 542 542 542 542 542 542 541 542 542 542 541 541 541 542 541 541 541 540 540 540 540 540 540 539 578 578 578 578 577 576 576 576 575 576 576 575 575 575 574 574 574 574 574 573 573 573 572 572 572 572 572 571 571 571 570 569 568 569 569 568 568 567 567
616 614 614 612 610 609 607 606 604 602 599 596 594 592 592 592 592 593 593 593 593 541 542 542 542 542 542 542 542 542 542 542 541 542 542 542 541 541 541 542 541 541 541 540 540 541 541 540 540 540 539 540 540 539 539 578 577 577 578 577 576 576 575 575 575 575 575 575 574 574 574 573 574 573 573 573 572 572 572 571 572 571 571 571 570 570 570 568 569 568 568 568 567 567
615 614 613 612 610 609 607 606 604 602 600 597 596 593 592 592 592 593 592 592 592 592 543 543 542 541 541 541 542 542 541 541 541 542 541 541 541 541 540 541 541 541 540 540 540 541 540 540 540 539 539 540 539 539 539 577 577 577 578 577 577 575 575 575 574 575 575 574 574 574 573 573 574 573 573 573 572 572 571 571 572 571 571 571 570 570 569 569 568 568 568 567 567 567
616 615 614 613 611 610 608 606 605 603 601 599 596 593 591 591 591 591 592 592 592 592 541 542 542 542 542 541 541 541 541 541 541 540 541 541 541 540 540 540 541 540 540 540 540 539 540 540 539 539 539 538 539 539 539 577 577 577 576 577 577 576 576 575 574 574 574 574 574 573 573 573 572 573 573 572 572 572 571 571 570 571 571 570 570 570 569 569 567 568 568 567 567 566
616 615 614 613 612 610 608 606 605 603 601 599 596 595 592 591 591 591 592 591 591 591 541 542 542 542 541 541 541 542 541 540 540 540 541 540 540 540 540 540 540 540 540 539 539 539 540 539 539 539 538 538 539 539 538 577 577 576 576 577 576 576 576 575 574 574 574 574 574 573 573 572 572 573 572 572 572 571 571 571 570 571 570 570 570 569 569 569 568 567 567 567 567 566
617 616 615 613 613 611 609 607 606 604 602 600 598 596 592 590 590 590 591 591 591 591 591 540 541 541 541 541 541 541 541 541 540 540 539 540 540 540 539 539 540 540 539 539 539 539 539 539 539 538 538 538 538 538 538 538 576 576 576 576 576 576 575 575 575 573 574 574 573 573 573 572 572 571 572 572 571 571 571 570 570 570 570 570 569 569 569 568 568 568 566 567 566 566
617 616 614 613 612 611 609 607 605 605 602 600 598 595 594 591 590 590 590 591 590 590 590 540 541 541 541 540 540 541 541 541 540 540 539 540 540 539 539 539 539 539 539 539 538 538 538 539 538 538 538 537 537 538 538 537 576 576 575 575 576 575 575 575 574 574 573 573 573 573 572 572 572 571 571 572 571 571 570 570 570 569 569 570 569 569 568 568 568 567 567 567 566 566
618 617 615 614 613 612 610 608 607 606 604 601 599 597 595 592 589 589 589 590 590 590 590 590 540 540 540 540 540 540 540 540 540 540 540 540 539 539 539 538 538 539 539 538 538 538 538 538 538 538 537 537 537 537 537 537 576 575 575 575 575 575 575 574 574 574 573 572 573 572 572 572 571 571 571 571 571 571 570 570 569 569 569 569 569 569 568 568 567 567 567 566 566 566
618 617 615 615 613 613 611 609 607 606 604 601 599 597 595 592 589 589 589 590 590 589 589 589 539 540 540 540 539 539 540 540 540 539 539 539 540 540 538 538 538 538 538 538 538 538 537 537 538 537 537 537 537 536 537 537 575 575 575 574 574 575 574 574 574 573 573 573 573 572 572 571 571 571 570 570 571 570 570 570 569 569 568 568 569 568 568 568 567 567 566 566 566 565
619 618 616 615 613 613 611 609 608 606 605 603 600 598 595 594 591 588 588 588 589 589 589 589 539 539 539 539 539 539 539 539 539 539 539 539 539 539 539 539 537 537 538 538 537 537 537 537 537 537 537 537 536 536 536 536 536 575 574 574 574 574 574 574 573 573 573 572 572 573 571 571 571 570 570 570 570 570 570 569 569 569 568 568 568 568 568 567 567 567 566 566 566 565
619 618 617 616 614 614 612 610 609 607 606 604 600 598 596 594 591 588 588 588 589 589 588 588 588 539 539 539 539 538 538 539 539 539 538 538 538 539 539 538 538 538 537 537 537 537 537 536 536 537 536 536 536 536 535 536 536 574 574 574 573 573 574 573 573 573 573 572 572 573 572 571 570 570 570 569 569 570 569 569 569 568 568 568 567 568 567 567 567 566 566 566 565 565
619 618 617 616 614 613 612 610 609 607 605 604 602 599 597 594 592 590 588 587 587 588 588 588 588 538 538 538 538 538 538 539 538 538 538 538 538 538 538 538 538 537 537 537 537 536 536 536 536 536 536 536 536 535 535 535 535 574 574 573 573 573 574 573 573 573 572 572 572 571 572 572 570 570 570 569 569 569 569 569 568 568 568 567 567 567 567 567 567 566 566 565 565 565
619 618 618 616 615 614 613 611 610 608 606 605 603 600 597 595 593 590 587 587 587 588 588 588 587 587 538 538 538 538 537 537 538 538 538 537 537 537 538 538 537 537 537 538 537 536 536 536 535 535 536 535 535 535 535 534 535 574 573 573 573 573 572 573 573 572 572 572 571 571 572 571 571 570 569 569 569 568 569 569 568 568 567 567 567 566 567 567 566 566 566 565 565 564
619 618 618 616 615 613 612 611 610 608 606 605 603 601 598 596 594 591 588 587 586 587 587 587 587 587 537 538 537 537 537 537 538 537 537 537 537 537 537 537 537 537 536 536 537 537 535 535 535 535 535 535 535 535 534 534 534 573 573 573 573 572 572 572 572 572 572 571 571 571 570 571 571 570 569 569 568 568 568 568 568 568 567 567 566 566 566 566 566 566 565 565 565 564
620 619 619 617 616 614 613 612 610 609 607 605 604 602 599 597 593 591 588 586 586 586 587 587 587 586 536 537 537 537 537 536 536 537 537 537 536 536 537 537 537 536 536 536 537 536 536 536 535 534 534 535 535 534 534 534 533 534 573 572 572 572 572 571 572 572 571 571 571 570 570 571 570 570 570 568 568 568 567 568 568 567 567 567 566 566 565 565 566 565 565 565 564 564
620 619 617 617 616 614 613 612 610 609 607 605 604 602 599 597 594 593 590 587 586 585 586 586 586 586 586 536 537 536 536 536 536 537 536 536 536 536 536 536 536 536 536 536 535 536 536 536 535 534 534 534 534 534 534 533 533 533 572 572 572 572 571 571 571 571 571 571 570 570 570 569 570 570 569 568 568 567 567 567 567 567 567 566 566 566 565 565 566 565 565 564 564 564
622 620 619 619 617 616 615 612 611 610 608 606 604 603 600 598 596 592 590 587 585 585 585 586 586 586 585 535 536 536 536 536 535 535 536 536 536 535 535 536 536 536 535 535 535 536 535 535 535 535 534 533 534 534 533 533 533 532 572 572 572 571 571 571 570 571 571 570 570 570 569 569 569 569 569 569 567 567 567 566 566 567 566 566 566 565 565 565 564 565 565 564 564 563
621 620 620 620 618 617 615 614 613 611 609 607 604 603 601 598 596 593 591 588 585 585 585 585 585 585 585 535 535 536 535 535 535 535 536 535 535 535 535 535 535 535 535 535 535 534 535 535 535 534 534 534 533 533 533 533 532 532 571 572 571 571 571 570 570 570 570 570 570 569 569 569 568 569 569 568 568 567 566 566 566 566 566 566 565 565 565 564 564 564 564 564 564 563
622 621 620 618 618 617 615 614 612 611 610 608 606 605 603 600 597 594 593 589 585 584 584 584 585 585 585 584 534 535 535 535 535 534 534 535 535 535 534 534 535 535 535 534 534 534 535 534 534 534 534 533 533 533 533 532 532 532 531 571 571 571 570 570 570 569 570 570 569 569 569 569 568 568 569 568 568 568 566 566 566 565 566 565 565 565 564 564 564 563 564 564 563 563
623 622 621 619 619 618 616 615 613 612 611 609 607 604 603 600 598 595 593 590 587 584 584 584 584 584 584 584 534 534 535 534 534 534 534 535 534 534 534 534 534 534 534 534 534 534 533 534 534 534 533 533 533 534 532 532 532 531 531 570 571 570 570 570 569 569 569 569 569 569 569 568 568 568 567 568 568 567 567 566 565 565 565 565 565 565 564 564 563 563 563 563 563 563
623 622 620 619 618 617 616 614 613 612 610 609 607 605 604 601 599 597 594 592 588 585 583 583 583 584 584 584 583 533 534 534 534 534 533 533 534 534 534 533 533 534 534 534 533 533 533 533 533 533 533 533 532 532 533 532 531 531 531 570 569 570 570 569 569 569 568 568 569 569 568 568 568 567 567 568 567 567 567 566 565 565 564 565 565 564 564 564 563 563 563 562 563 562
622 622 621 620 619 618 617 615 614 612 611 610 608 606 604 601 599 597 594 591 589 586 584 584 583 583 583 583 583 533 534 534 533 533 533 533 534 533 533 533 533 533 533 533 533 533 533 532 533 533 533 532 532 532 533 532 532 531 530 569 569 570 569 569 569 568 568 568 569 568 568 568 567 567 567 566 567 567 566 566 565 564 564 564 564 564 564 563 563 563 562 562 562 562
622 622 621 620 618 617 617 615 614 612 611 609 608 606 604 602 600 598 595 592 591 587 583 583 583 583 584 583 583 532 532 533 533 533 533 532 532 533 533 533 533 532 533 533 533 532 532 532 532 532 532 532 532 531 531 532 532 531 530 530 569 568 569 569 568 568 568 568 567 568 568 567 567 567 566 566 566 566 566 566 565 564 564 563 563 564 563 563 563 562 562 562 561 561
623 623 622 620 619 618 617 616 614 613 611 610 608 607 605 602 601 598 595 593 590 588 584 583 583 583 583 583 583 582 532 533 533 532 532 532 532 533 533 532 532 532 532 532 532 532 532 532 531 532 532 532 531 531 531 531 531 531 531 529 568 568 569 568 568 568 567 567 567 567 567 567 567 566 566 566 565 566 566 565 565 565 563 563 563 563 563 563 562 562 562 561 561 561
623 622 621 620 619 618 617 616 614 613 611 610 608 606 604 602 601 599 596 594 591 589 586 582 582 582 582 583 583 583 532 531 532 532 532 532 531 531 532 532 532 532 531 531 532 532 531 531 531 531 531 531 531 531 530 530 531 531 530 530 568 568 567 568 568 567 567 567 567 566 567 567 566 566 566 565 565 565 565 565 565 564 564 563 562 562 563 562 562 562 561 561 561 560
623 622 622 621 620 618 617 616 615 613 612 610 609 607 605 603 601 600 596 594 591 588 586 582 582 582 582 583 582 582 532 532 531 532 531 531 531 531 532 532 531 531 531 531 531 531 531 531 531 530 531 531 531 530 530 530 530 530 530 530 530 567 567 567 567 567 567 567 566 566 566 566 566 566 565 565 565 564 564 565 564 564 564 562 562 562 561 562 562 561 561 561 560 560
624 623 622 622 620 619 618 617 616 614 613 610 609 607 605 603 601 600 597 595 592 589 587 584 581 581 581 581 582 582 582 532 531 532 531 531 531 531 530 531 531 531 531 530 530 531 531 530 530 530 530 531 530 530 530 530 529 530 530 529 529 568 567 566 567 567 566 566 566 566 565 565 566 565 565 565 564 564 564 565 564 564 564 563 562 562 561 561 562 561 561 561 560 560
624 623 622 621 620 619 617 616 616 614 612 611 609 608 606 604 602 600 598 596 592 589 586 584 581 581 581 581 582 581 581 531 531 531 532 531 530 530 530 531 531 530 530 530 530 531 530 530 530 530 529 529 530 530 529 529 529 529 529 529 529 568 566 566 566 566 566 566 566 565 565 565 565 565 565 564 564 564 564 563 564 564 563 563 563 561 561 561 560 561 561 560 560 560
624 623 622 621 621 620 618 617 616 615 613 612 610 609 606 604 602 600 598 596 593 591 588 585 582 580 580 580 580 581 581 531 531 530 531 531 531 530 530 529 530 530 530 530 529 529 530 530 529 529 529 529 530 529 529 529 529 528 528 529 528 567 567 566 565 565 566 566 565 565 565 564 564 565 564 564 564 564 563 563 563 563 563 563 562 561 561 560 560 561 560 560 560 559
624 623 622 621 621 619 618 617 615 615 613 611 610 608 607 605 603 601 598 597 594 591 588 585 582 580 580 580 580 581 580 580 530 530 530 531 530 530 529 529 530 530 529 529 529 529 530 529 529 529 529 528 528 529 529 528 528 528 528 528 528 528 567 566 565 565 565 565 565 565 564 564 564 563 564 564 564 563 563 563 562 562 563 562 562 562 560 560 560 559 560 560 559 559
625 624 623 621 620 620 619 617 616 615 614 612 610 609 608 606 603 601 598 597 594 592 589 586 583 580 580 579 579 579 580 580 530 530 529 530 530 530 530 530 528 529 529 529 529 528 528 529 529 528 528 528 528 529 528 528 528 528 527 527 528 528 566 566 566 564 564 565 565 564 564 564 563 563 563 564 563 563 563 562 562 562 562 562 562 561 561 560 559 559 559 559 559 559
625 623 622 621 620 620 618 617 616 614 614 612 610 608 607 606 604 602 599 597 595 593 590 586 583 580 579 579 579 579 580 579 529 529 529 529 530 529 529 529 529 528 529 528 528 528 528 528 528 528 528 528 527 527 528 528 527 527 527 527 526 527 566 566 565 565 564 564 564 564 564 563 563 563 562 563 563 563 562 562 562 561 561 562 561 561 561 559 559 559 558 558 559 558
624 624 623 622 621 619 619 618 616 615 614 613 611 609 607 607 605 602 599 597 595 593 590 587 584 581 579 579 578 578 578 579 529 529 529 528 529 529 529 529 529 528 528 528 528 528 527 527 528 528 527 527 527 527 527 527 527 527 527 526 526 527 527 565 565 565 564 563 563 564 563 563 563 562 562 562 563 562 562 562 561 561 561 560 561 561 560 560 559 558 558 558 557 558
624 624 623 622 620 619 619 617 616 615 613 612 611 609 607 605 604 602 600 598 595 594 591 588 584 581 578 578 578 578 578 579 578 528 528 528 528 529 528 528 528 528 528 528 527 527 527 527 527 527 527 527 527 526 526 527 527 526 526 526 526 525 526 565 565 564 564 563 563 563 563 563 562 562 562 562 561 562 562 561 561 561 560 560 560 560 560 560 558 558 558 558 557 557
626 624 624 623 622 621 620 618 617 615 614 613 612 610 608 606 605 603 601 598 595 594 591 588 585 582 578 578 578 577 577 577 578 528 528 528 527 527 528 528 528 528 527 528 528 527 527 526 526 526 527 527 526 526 526 526 526 526 526 526 525 525 525 565 564 564 564 563 562 562 563 562 562 562 561 561 561 561 561 561 561 560 560 560 559 559 560 560 559 558 558 557 557 557
626 625 625 624 623 621 620 620 619 617 616 613 611 610 608 606 604 603 601 599 596 594 592 589 586 583 579 577 577 577 577 577 577 527 527 527 527 527 528 528 527 527 527 527 528 527 526 526 526 526 526 526 526 526 525 525 525 526 525 525 525 525 524 524 564 564 563 563 563 562 561 562 562 561 561 561 561 560 561 561 560 560 560 559 559 559 559 559 559 559 557 557 557 556
626 625 624 624 622 621 620 619 618 617 615 614 613 611 609 607 605 604 602 600 597 594 592 589 586 583 580 576 577 577 576 576 576 577 527 527 527 526 526 527 527 527 527 526 526 527 527 526 525 525 525 526 526 525 525 525 525 525 525 525 525 524 524 524 564 563 563 563 563 561 561 561 561 561 561 561 560 560 560 560 560 560 559 559 559 559 558 558 559 558 557 557 556 556
626 625 624 624 623 622 621 619 619 617 616 614 613 612 610 608 606 603 602 599 597 595 592 590 587 584 581 576 576 576 576 576 576 576 526 526 526 526 526 527 527 526 526 526 526 527 526 526 525 525 525 524 525 525 525 524 524 524 525 524 524 524 524 523 562 563 563 562 562 562 561 560 561 561 560 560 560 560 559 559 560 559 559 559 559 558 558 558 558 558 558 556 556 556
626 625 624 623 623 622 620 619 618 617 616 614 613 612 610 608 606 605 603 600 598 596 593 589 588 584 581 578 575 576 576 576 575 575 526 526 526 526 525 525 526 526 526 526 525 525 526 526 526 524 524 524 525 525 524 524 524 524 523 524 524 524 523 523 523 562 562 562 562 562 561 560 560 560 560 560 560 559 559 559 558 559 559 559 558 558 558 557 557 558 557 556 556 555
627 626 625 624 623 622 621 620 618 618 616 615 613 612 611 609 607 604 602 601 599 595 593 590 589 586 582 579 574 575 575 575 575 575 575 526 525 525 525 525 525 526 525 525 525 525 525 525 525 524 524 524 523 524 524 524 523 523 523 523 524 523 523 523 523 561 561 562 561 561 561 560 559 559 560 560 559 559 559 558 558 558 558 558 558 558 557 557 557 556 557 557 555 555
626 625 624 623 622 622 621 619 618 617 616 615 613 611 610 609 607 605 603 601 600 597 595 591 588 586 582 579 575 574 575 575 575 574 574 524 525 525 525 524 524 525 525 525 525 524 524 525 525 525 523 523 523 523 524 523 523 523 523 522 523 523 523 522 522 561 561 561 561 561 561 560 559 559 558 559 559 559 558 558 558 557 557 558 558 557 557 557 556 556 556 556 555 555
