testData/tiles/oneDegree/grid21.0-32.0-22.0-33.0.asc
ncols   200
nrows   200
xllcorner   21.0
yllcorner   32.0
cellsize   0.005
NODATA_value   -9999.0
[rows 126 to 167 of 200, columns 0 to 93 of 200]
299 299 299 299 298 299 298 298 298 297 297 296 297 296 296 296 296 296 295 294 293 294 293 293 382 381 382 381 380 379 379 379 379 379 378 378 376 376 375 376 376 375 375 374 373 372 372 372 372 375 377 378 379 381 382 384 385 387 388 390 390 392 393 395 396 397 399 399 377 378 380 381 382 382 383 385 386 398 399 400 400 401 402 403 403 404 404 405 406 407 408 409 409 410
300 301 300 300 300 300 299 299 300 298 298 298 298 297 297 298 297 297 296 295 295 295 294 383 383 383 383 382 381 380 380 381 380 380 379 379 377 377 377 377 377 376 376 375 374 373 373 375 376 378 380 382 382 384 385 387 388 390 391 392 393 395 396 397 399 400 401 402 380 381 382 383 385 385 386 387 388 400 401 403 403 404 405 406 407 407 407 408 409 410 411 412 412 413
302 302 301 302 301 301 300 301 301 299 300 299 299 298 299 299 298 298 297 297 296 296 384 384 385 384 384 383 382 381 382 382 381 381 380 380 378 379 378 378 378 377 377 376 375 374 377 379 380 381 383 385 385 387 388 390 391 393 394 395 396 398 399 400 401 403 404 404 383 384 385 386 387 387 389 390 391 403 404 405 405 406 407 408 409 410 410 410 411 412 413 414 414 415
303 303 303 303 302 302 302 302 302 300 301 300 300 299 300 300 299 299 299 298 297 386 385 386 386 385 385 384 383 383 383 383 382 382 381 381 380 380 380 379 379 378 378 377 377 379 380 382 383 385 386 388 388 390 391 393 394 396 397 398 399 400 402 403 404 405 407 384 385 386 388 389 390 390 391 392 393 405 407 408 408 409 410 411 412 413 413 414 414 415 416 416 416 417
304 304 304 304 303 304 303 303 303 302 302 301 301 301 301 301 300 301 300 299 387 387 387 387 387 386 386 385 385 384 384 384 383 383 382 383 381 381 380 380 380 379 379 379 381 382 384 385 386 388 389 391 391 393 394 396 397 399 400 400 402 403 404 406 407 408 409 387 388 389 390 391 392 393 394 395 396 408 409 410 410 411 412 413 414 415 415 416 417 417 418 419 419 420
305 306 305 305 305 305 304 304 305 303 303 302 303 302 302 302 301 302 301 389 388 388 388 388 388 387 387 386 386 385 385 385 384 384 383 384 382 382 381 381 381 380 382 382 384 385 387 388 389 391 392 394 394 396 397 399 400 401 403 403 404 406 407 409 411 412 412 390 391 393 393 394 395 395 396 397 398 410 411 413 413 414 415 416 417 418 417 418 419 419 420 421 421 422
307 307 306 306 306 306 305 305 306 304 304 303 304 303 303 303 303 303 391 390 389 390 389 389 389 388 388 388 387 386 386 386 385 385 385 385 383 383 382 382 382 383 385 387 387 388 390 391 392 393 395 397 397 398 400 401 403 404 405 406 407 409 411 412 413 414 392 393 394 395 396 397 397 398 399 400 401 413 414 415 415 416 417 418 419 420 420 421 422 423 423 423 423 424
308 308 307 308 307 307 306 307 307 305 305 305 305 304 304 304 393 393 391 391 390 391 390 390 390 389 389 388 388 387 387 387 386 386 386 386 384 384 383 383 385 386 388 390 390 391 393 394 395 396 398 399 400 401 403 404 405 407 408 408 410 412 413 415 416 417 394 395 396 398 399 400 400 400 401 402 403 415 416 417 417 418 419 420 421 422 422 423 424 425 425 426 426 427
309 309 308 309 308 308 307 308 308 306 306 306 306 305 305 394 394 394 392 392 391 392 391 391 391 390 390 389 389 388 388 388 387 387 387 387 385 385 385 387 388 389 391 393 393 394 396 397 398 399 401 402 403 404 405 407 408 409 411 411 412 414 416 417 418 419 397 398 399 400 401 401 402 402 404 405 406 407 419 420 420 421 422 423 424 425 424 425 426 427 427 428 428 429
310 310 310 310 309 309 309 309 309 307 307 307 307 306 395 396 395 395 393 393 392 393 392 392 392 391 391 390 390 389 389 389 388 388 388 388 386 387 388 390 392 392 394 396 396 397 398 400 400 402 403 405 405 407 408 409 411 412 413 414 415 416 417 419 421 399 399 400 401 402 403 404 405 405 406 407 408 409 421 422 422 423 424 425 426 427 427 428 429 429 429 430 430 431
311 311 311 311 310 310 310 310 310 308 309 308 308 396 396 397 396 396 394 394 394 394 393 393 393 392 392 391 391 390 390 390 389 389 389 389 388 390 391 393 395 395 397 398 399 400 401 403 403 405 406 408 408 409 411 412 413 415 416 416 417 419 420 421 422 400 401 402 403 404 405 406 407 407 408 409 410 411 423 424 424 425 426 427 428 429 429 430 431 431 432 432 432 433
312 312 312 312 311 311 311 311 310 309 310 309 398 397 397 397 397 397 395 395 395 395 394 394 394 393 393 392 392 391 391 390 390 390 390 392 391 393 394 396 397 398 400 400 402 402 404 404 406 407 409 410 411 412 413 415 416 417 418 419 420 421 422 424 402 403 403 404 405 406 407 408 410 410 411 412 413 414 426 427 427 428 429 429 430 431 431 432 433 433 434 435 435 435
313 313 313 313 312 312 312 312 311 310 311 399 399 398 398 398 398 398 396 396 395 396 395 395 395 394 394 393 393 392 392 391 391 391 392 395 394 396 397 399 400 401 403 403 404 405 407 407 409 410 411 413 413 415 416 417 418 420 421 421 422 424 425 426 404 405 405 407 408 409 410 411 412 412 413 414 415 416 428 428 429 430 431 432 433 434 433 434 434 435 436 437 437 438
314 314 314 314 313 313 313 313 312 311 401 400 400 399 399 399 399 399 397 397 396 397 396 396 396 395 395 394 394 393 393 392 392 394 395 398 397 399 400 402 403 404 405 406 406 407 409 410 411 413 414 414 416 417 418 420 421 422 423 424 425 426 427 428 407 408 408 409 410 411 412 413 414 414 415 416 417 418 430 430 431 432 433 434 435 436 436 436 436 437 438 439 439 440
467 467 467 467 314 314 314 314 312 401 402 401 401 400 400 400 400 400 398 398 397 398 397 397 396 396 396 394 395 394 394 393 395 397 398 399 400 402 403 404 405 407 408 409 409 410 411 412 414 415 417 417 418 420 421 422 423 425 426 426 427 428 430 408 409 410 410 411 412 413 414 415 416 416 417 418 419 420 432 432 433 434 435 436 437 438 437 438 439 439 440 441 441 442
468 468 468 468 467 467 467 467 402 402 402 402 402 401 401 400 401 401 399 399 398 398 398 398 397 397 397 395 396 395 395 396 398 400 401 401 402 405 405 407 408 409 411 410 412 412 414 414 415 418 419 419 421 422 423 425 426 427 428 428 430 431 432 410 411 412 412 413 415 416 417 418 419 419 420 421 422 423 435 435 436 436 437 438 438 439 439 440 441 442 442 443 443 444
469 468 469 469 468 468 468 557 555 555 555 403 403 402 402 401 402 401 400 400 399 399 399 399 398 398 398 396 396 396 398 399 401 403 404 404 405 407 408 410 410 412 413 413 414 415 416 417 418 419 421 422 423 425 426 427 428 429 431 431 432 433 411 412 414 415 415 416 417 418 419 420 420 421 422 423 424 425 437 437 438 439 439 439 440 440 441 442 443 444 445 445 445 446
470 469 470 470 469 469 558 558 556 556 556 556 556 555 555 402 402 401 401 401 400 400 399 400 399 399 398 397 397 398 401 402 404 405 406 407 408 409 410 412 413 415 416 415 417 417 419 419 420 422 423 423 425 426 428 429 431 432 432 433 434 435 414 415 416 417 417 418 419 420 421 422 422 423 424 425 426 427 439 438 439 440 441 442 442 442 443 444 445 446 447 446 447 448
471 470 471 471 470 559 558 559 557 557 556 556 557 556 556 555 555 554 402 402 401 401 400 401 400 400 398 398 400 401 403 405 407 407 409 410 410 412 413 414 415 417 419 418 419 420 421 422 423 424 426 426 427 428 430 431 432 433 434 435 437 415 416 417 418 418 419 420 421 422 423 424 424 425 426 426 427 428 440 440 441 442 443 444 445 444 445 446 447 448 449 449 448 449
472 471 471 471 560 560 559 559 558 558 557 557 558 557 557 556 556 554 555 555 554 554 401 401 401 401 399 401 403 404 406 407 409 410 412 412 413 415 415 417 417 419 420 421 422 422 424 424 425 427 428 428 429 431 432 433 434 435 436 437 438 416 417 418 419 419 420 421 422 424 425 426 426 427 427 428 429 430 442 442 443 444 445 446 447 447 447 448 449 450 451 450 450 451
473 472 472 472 561 561 560 559 559 559 558 558 558 558 558 557 557 555 555 555 555 555 554 554 553 402 402 404 406 407 409 409 411 413 414 415 416 417 418 419 420 421 422 422 424 425 426 426 428 429 430 431 432 433 434 435 437 438 438 439 440 418 419 420 422 422 423 424 425 426 427 428 428 429 430 431 432 432 444 444 445 446 447 448 449 449 449 450 451 451 452 452 452 453
474 473 473 561 562 562 561 560 560 560 559 559 558 558 559 558 558 556 556 555 556 556 555 555 554 556 557 559 409 410 411 412 414 414 416 417 418 420 420 422 422 424 424 424 426 426 427 429 430 431 432 433 434 435 436 438 439 440 440 441 419 420 422 423 424 424 425 426 427 428 429 430 430 431 432 433 434 435 446 446 447 448 449 450 451 451 450 451 452 453 454 454 454 455
475 474 563 562 563 562 562 561 560 561 560 560 559 559 560 559 559 557 557 556 556 557 556 556 557 559 559 561 563 564 566 415 416 417 418 418 420 422 423 424 425 426 426 427 428 429 430 430 431 433 434 435 436 438 439 440 441 442 442 443 422 423 424 425 426 426 427 428 429 430 431 432 432 433 434 435 436 437 448 448 449 450 451 451 452 452 453 453 454 455 456 456 456 457
476 564 564 563 563 563 563 562 561 561 561 561 560 560 560 560 559 558 558 557 557 556 557 559 560 562 562 564 564 567 569 569 571 572 420 421 422 424 424 427 427 428 428 429 430 431 432 432 434 435 435 436 438 439 440 442 443 444 445 423 424 425 426 427 428 428 429 430 431 432 433 434 434 435 436 437 438 439 449 449 450 451 452 453 454 454 455 455 456 457 458 458 458 459
565 565 565 564 564 564 563 563 562 562 561 562 561 561 560 560 560 559 559 558 558 557 559 562 563 564 564 566 567 569 570 572 574 574 575 575 577 425 427 428 428 431 430 432 432 433 434 435 436 437 437 439 440 441 442 443 444 445 446 424 425 426 427 429 430 430 431 432 433 434 434 434 435 436 437 438 439 440 440 451 452 453 454 455 455 456 457 457 458 459 460 460 459 460
566 566 566 565 565 564 564 563 563 563 562 562 562 562 561 561 560 560 560 559 559 560 562 564 566 566 567 569 570 571 572 574 575 577 577 578 579 580 581 430 431 432 432 433 434 435 437 437 438 439 440 441 442 443 444 446 447 447 425 426 427 428 429 430 430 431 432 433 434 435 436 436 437 438 439 440 441 442 442 453 454 455 456 457 457 458 458 459 460 460 461 461 461 462
566 566 567 566 566 565 564 564 564 564 563 563 562 563 562 562 561 560 560 560 562 563 565 565 567 568 570 571 572 574 574 576 578 578 579 580 582 582 583 585 585 587 434 435 435 437 437 439 440 442 442 443 444 445 447 448 449 449 427 428 429 430 431 432 432 433 434 435 436 437 438 438 439 440 441 442 443 444 444 455 456 457 458 459 459 460 459 460 461 462 462 462 463 464
567 567 567 567 567 566 565 564 565 564 564 564 563 563 563 563 561 561 561 561 564 565 567 568 570 571 571 573 575 576 577 578 580 580 581 581 583 584 586 586 587 589 588 589 590 439 439 440 442 442 443 444 446 448 449 450 451 428 429 430 431 432 433 434 434 435 436 437 438 439 440 440 441 442 443 444 445 446 446 457 458 458 459 460 460 461 461 462 463 464 464 464 465 466
568 568 567 567 568 567 566 565 565 565 565 565 564 564 563 563 562 562 563 564 566 567 570 571 572 572 574 576 576 579 579 581 581 582 583 584 585 586 587 587 590 590 590 592 592 593 593 595 444 444 445 446 448 449 450 451 452 429 430 432 433 434 435 436 436 437 438 439 440 441 442 442 443 444 444 445 446 446 447 458 459 460 461 462 462 462 463 464 465 466 465 466 467 467
569 569 568 568 568 567 567 566 566 565 566 565 565 565 564 563 563 564 565 567 569 570 571 573 574 575 576 578 579 580 581 582 584 584 586 586 588 588 589 590 591 590 592 594 594 595 596 597 598 598 447 449 450 451 452 453 431 431 432 433 434 435 436 437 437 438 439 440 441 442 443 443 444 445 446 447 448 448 448 460 461 462 463 464 464 464 465 466 467 468 466 467 468 469
569 570 569 569 568 567 568 567 567 566 566 565 566 566 565 564 564 566 568 570 571 572 574 575 575 577 579 580 581 583 583 585 585 586 587 588 590 590 592 592 593 593 594 595 595 597 597 599 600 600 601 603 604 453 454 455 432 433 434 435 436 437 438 439 439 440 441 442 443 444 444 445 446 447 448 449 450 450 450 462 463 464 465 466 465 466 466 467 468 468 468 469 470 471
570 570 570 570 569 568 568 568 568 567 567 566 566 567 566 565 566 568 569 572 573 575 577 577 578 579 580 582 583 585 585 587 587 588 588 590 591 592 594 594 595 595 596 597 597 599 599 600 601 601 603 604 606 607 608 434 434 435 436 437 438 439 440 440 441 442 443 444 445 446 446 447 448 449 450 451 452 451 452 464 465 465 466 466 466 467 468 469 470 470 470 471 472 472
571 571 570 571 570 569 568 568 569 568 568 567 567 566 566 568 569 571 572 574 574 577 579 580 580 581 583 583 585 587 588 589 589 590 591 592 592 594 595 595 598 597 598 598 600 601 601 602 602 604 605 606 607 608 609 587 587 588 437 438 439 440 442 442 443 444 445 446 447 448 448 448 449 450 451 452 452 452 453 465 466 467 468 467 468 469 470 471 471 471 472 473 474 473
572 572 571 571 570 570 569 569 569 568 569 568 568 567 568 570 572 574 574 576 577 579 579 581 583 583 585 585 587 588 589 590 591 592 593 594 594 596 597 597 598 598 599 599 602 603 603 604 604 606 607 608 609 610 588 589 589 590 591 592 441 442 443 443 444 445 446 447 448 449 449 450 451 452 453 454 454 454 455 467 468 469 469 469 470 471 472 472 473 472 473 474 474 475
573 572 572 572 570 570 570 570 569 569 569 569 569 569 570 571 573 575 577 579 579 581 582 582 584 586 587 588 589 590 591 593 592 594 594 596 597 598 598 600 600 600 601 602 603 603 604 605 605 608 609 610 611 612 590 591 591 592 593 594 595 596 445 445 446 447 448 449 450 451 451 452 453 454 455 455 455 456 457 469 470 470 471 471 471 472 473 473 474 474 475 475 476 477
573 572 573 573 571 571 570 571 570 570 570 569 570 572 573 574 576 577 578 580 582 584 584 585 585 587 589 589 592 592 593 594 594 596 596 597 598 599 600 602 602 602 603 604 605 605 606 607 607 609 610 611 612 590 591 591 593 594 595 596 597 598 599 599 600 449 450 451 452 452 453 454 455 455 456 457 457 457 458 470 470 471 472 472 473 474 474 475 476 476 476 477 478 479
574 573 573 572 572 572 571 571 570 571 570 570 572 572 574 576 578 579 581 582 583 585 586 587 588 589 591 591 593 593 596 595 596 598 598 600 600 601 601 603 602 603 605 606 607 607 608 609 609 611 612 613 614 592 593 593 594 595 596 597 598 599 599 600 601 602 603 452 453 453 454 455 455 456 457 458 458 459 460 471 472 473 473 474 475 475 476 477 478 477 478 478 479 479
575 574 574 572 573 573 572 572 571 571 571 573 574 575 577 578 580 581 583 584 586 587 587 588 590 591 592 594 595 595 597 596 598 599 600 602 602 603 604 604 604 605 606 607 608 608 609 610 611 613 614 615 593 594 595 595 596 597 598 599 600 601 601 602 603 604 605 606 607 455 456 456 457 458 459 460 460 461 461 473 474 475 475 476 476 477 477 478 477 478 479 480 480 481
575 575 575 573 573 572 573 573 572 572 573 575 577 577 579 580 582 583 584 586 588 589 589 591 591 593 593 596 597 598 599 598 600 600 601 603 603 605 606 606 606 607 608 609 610 610 611 611 612 614 615 616 594 595 597 597 598 599 600 601 602 603 603 604 605 606 607 608 609 608 609 458 459 460 461 462 462 462 463 463 475 476 476 476 477 478 479 479 479 480 481 482 482 483
575 575 575 574 574 573 573 572 573 574 575 577 577 579 581 583 584 585 587 587 589 591 591 593 593 595 595 597 597 599 601 600 602 602 604 604 605 606 607 607 607 609 609 611 612 612 613 613 614 615 617 595 596 597 597 598 599 600 601 602 603 604 604 605 606 607 608 608 609 609 610 611 612 461 462 462 462 463 464 465 477 478 477 478 479 480 480 481 481 482 483 483 483 484
576 576 575 574 575 574 574 573 573 576 578 579 579 581 582 584 587 587 589 590 591 591 592 594 596 597 598 599 599 601 601 602 603 604 606 606 607 608 609 609 609 610 610 612 612 613 615 615 616 617 595 597 598 599 599 600 601 602 603 604 605 605 606 607 608 608 609 610 610 611 612 613 614 615 615 463 464 465 466 467 478 479 479 480 481 481 482 482 482 482 483 484 485 485
577 577 575 575 575 575 575 574 576 577 579 582 582 584 584 586 587 589 591 592 594 593 595 595 597 598 600 601 601 603 602 604 605 605 607 607 608 609 610 611 611 612 612 614 614 615 615 616 617 618 596 597 598 600 601 602 603 604 605 606 607 607 607 608 609 610 611 612 612 613 614 615 616 616 617 617 618 619 468 467 479 479 480 481 481 482 483 484 483 484 485 486 486 487
