testData/tiles/oneDegree/grid43.0-22.0-44.0-23.0.asc
ncols   200
nrows   200
xllcorner   43.0
yllcorner   22.0
cellsize   0.005
NODATA_value   -9999.0
[rows 0 to 41 of 200, columns 0 to 93 of 200]
514 513 513 513 513 512 512 512 512 511 511 511 511 510 660 661 660 660 659 659 659 659 658 658 657 656 656 656 656 655 655 654 654 653 652 653 652 652 651 651 650 649 649 649 649 649 649 649 649 649 649 649 649 649 649 649 649 441 441 441 441 441 441 441 441 441 441 441 441 441 441 441 441 441 441 441 440 440 440 440 440 440 440 440 439 439 439 439 439 439 439 438 438 438
514 513 513 512 512 512 511 512 511 511 510 511 510 510 660 661 660 660 659 658 658 658 658 657 657 656 656 656 656 655 654 654 653 653 652 652 652 651 651 650 650 649 649 649 649 649 649 649 649 649 649 649 649 649 649 649 649 441 441 441 441 441 441 441 441 441 441 441 441 441 441 441 441 441 441 440 440 440 440 440 440 440 440 440 439 439 439 439 439 439 438 438 438 438
512 513 512 512 512 512 511 512 511 511 510 510 510 509 660 659 660 659 659 658 658 658 658 657 656 656 655 655 655 655 654 654 653 652 652 651 651 651 651 650 650 649 649 649 649 649 649 649 649 649 649 649 649 649 649 649 649 441 441 441 441 441 441 441 441 441 441 441 441 441 441 441 441 441 440 440 440 440 440 440 440 440 440 439 439 439 439 439 439 439 438 438 438 438
512 512 512 511 512 511 511 510 511 510 510 510 510 509 660 659 660 659 658 658 657 658 657 657 656 656 655 655 655 654 654 653 653 652 652 651 651 651 650 650 649 649 649 649 649 649 649 649 649 649 649 649 649 649 649 649 649 441 441 441 441 441 441 441 441 441 441 441 441 441 441 441 441 441 440 440 440 440 440 440 440 440 440 439 439 439 439 439 439 439 438 438 438 438
511 512 511 511 511 511 510 510 510 510 509 509 509 509 659 659 659 659 658 658 657 657 657 656 656 655 655 654 655 654 654 653 653 652 651 651 650 650 650 650 649 649 649 649 649 649 649 649 649 649 649 649 649 649 649 649 649 441 441 441 441 441 441 441 441 441 441 441 441 441 441 441 441 440 440 440 440 440 440 440 440 440 440 439 439 439 439 439 439 438 438 438 438 438
511 512 511 511 511 511 510 510 510 510 509 509 509 508 659 658 658 658 658 657 657 656 657 656 656 655 655 654 653 654 653 653 652 652 651 651 650 649 649 649 649 649 649 649 649 649 649 649 649 649 649 649 649 649 649 649 649 441 441 441 441 441 441 441 441 441 441 441 441 441 441 441 440 440 440 440 440 440 440 440 440 440 439 439 439 439 439 439 439 438 438 438 438 438
511 510 511 510 510 510 510 509 510 509 509 508 509 508 659 658 658 658 658 657 656 656 656 656 655 655 654 654 653 654 653 653 652 651 651 650 650 649 649 649 649 649 649 649 649 649 649 649 649 649 649 649 649 649 649 649 649 441 441 441 441 441 441 441 441 441 441 441 441 441 441 441 440 440 440 440 440 440 440 440 440 440 439 439 439 439 439 439 439 438 438 438 438 438
510 510 510 510 509 510 509 509 508 509 508 508 507 508 658 658 657 658 657 657 656 656 655 656 655 654 654 653 653 652 653 652 652 651 651 650 649 649 648 648 649 649 649 649 649 649 649 649 649 649 649 649 649 649 649 649 649 441 441 441 441 441 441 441 441 441 441 441 441 441 441 440 440 440 440 440 440 440 440 440 440 439 439 439 439 439 439 439 438 438 438 438 438 438
510 510 510 510 509 510 509 509 508 509 508 508 507 507 658 657 657 656 657 656 656 655 655 655 655 654 654 653 653 652 652 652 651 651 650 650 649 649 648 648 648 649 649 649 649 649 649 649 649 649 649 649 649 649 649 649 649 441 441 441 441 441 441 441 441 441 441 441 441 441 440 440 440 440 440 440 440 440 440 440 440 439 439 439 439 439 439 439 438 438 438 438 438 437
510 509 510 509 509 509 509 508 508 508 508 507 507 658 658 657 657 656 657 656 656 655 654 654 654 654 653 653 652 652 651 652 651 651 650 649 649 648 648 648 648 648 649 649 649 649 649 649 649 649 649 649 649 649 649 649 649 441 441 441 441 441 441 441 441 441 441 441 441 440 440 440 440 440 440 440 440 440 440 440 439 439 439 439 439 439 439 438 438 438 438 438 438 437
509 509 509 509 508 508 508 508 507 508 507 507 506 506 657 657 656 656 656 656 655 655 654 654 654 654 653 652 652 651 651 651 651 650 650 649 649 648 648 648 648 648 648 649 649 649 649 649 649 649 649 649 649 649 649 649 649 441 441 441 441 441 441 441 441 441 441 441 440 440 440 440 440 440 440 440 440 440 440 440 439 439 439 439 439 439 439 438 438 438 438 438 438 437
509 508 508 508 508 507 508 507 507 506 507 506 506 505 657 656 656 655 655 655 655 654 654 653 654 653 653 652 652 651 651 650 651 650 649 649 648 648 648 648 648 648 648 648 649 649 649 649 649 649 649 649 649 649 649 649 649 441 441 441 441 441 441 441 441 441 441 440 440 440 440 440 440 440 440 440 440 440 440 439 439 439 439 439 439 439 439 438 438 438 438 438 437 437
508 508 508 508 508 507 508 507 507 506 507 506 506 505 657 656 656 655 655 655 655 654 653 653 652 653 652 652 651 651 650 650 650 650 649 649 648 648 648 648 648 648 648 648 648 649 649 649 649 649 649 649 649 649 649 649 649 441 441 441 441 441 441 441 441 441 440 440 440 440 440 440 440 440 440 440 440 440 440 439 439 439 439 439 439 439 438 438 438 438 438 438 437 437
508 508 507 508 507 507 506 507 506 506 506 506 505 505 656 656 655 655 654 655 654 654 653 653 652 653 652 652 651 650 650 649 649 649 649 648 648 648 648 648 648 648 648 648 648 648 648 649 649 649 649 649 649 649 649 649 649 441 441 441 441 441 441 441 440 440 440 440 440 440 440 440 440 440 440 440 440 440 439 439 439 439 439 439 439 439 438 438 438 438 438 438 437 437
508 507 507 507 507 506 506 506 506 505 505 505 505 504 655 655 655 654 654 653 654 653 653 652 652 651 652 651 651 650 650 649 649 648 649 648 648 648 648 648 648 648 648 648 648 648 648 648 649 649 649 649 649 649 649 649 649 441 441 441 441 441 441 440 440 440 440 440 440 440 440 440 440 440 440 440 440 439 439 439 439 439 439 439 439 438 438 438 438 438 438 437 437 437
506 507 506 506 506 506 505 506 505 505 505 505 505 504 655 655 655 654 654 653 654 653 652 652 651 651 651 651 650 650 649 649 648 648 648 648 648 648 648 648 648 648 648 648 648 648 648 648 648 648 649 649 649 649 649 649 649 441 441 441 441 440 440 440 440 440 440 440 440 440 440 440 440 440 440 440 440 439 439 439 439 439 439 439 439 438 438 438 438 438 438 437 437 437
506 506 506 505 506 506 505 506 505 505 504 505 504 504 654 655 654 654 653 653 653 653 652 652 651 651 650 651 650 650 649 648 648 647 647 648 648 648 648 648 648 648 648 648 648 648 648 648 648 648 648 648 648 648 648 648 648 440 440 440 440 440 440 440 440 440 440 440 440 440 440 440 440 440 440 440 439 439 439 439 439 439 439 439 438 438 438 438 438 438 438 437 437 437
505 506 506 505 506 505 505 504 505 504 504 504 504 503 654 653 654 653 653 652 652 652 652 651 651 650 650 650 650 649 649 648 648 647 647 647 648 648 648 648 648 648 648 648 648 648 648 648 648 648 648 648 648 648 648 648 648 440 440 440 440 440 440 440 440 440 440 440 440 440 440 440 440 440 440 439 439 439 439 439 439 439 439 439 438 438 438 438 438 438 437 437 437 437
505 506 505 505 504 505 504 504 504 504 503 503 503 503 653 653 653 653 652 652 651 652 651 651 650 650 649 649 649 649 648 648 647 647 647 647 648 648 648 648 648 648 648 648 648 648 648 648 648 648 648 648 648 648 648 648 648 440 440 440 440 440 440 440 440 440 440 440 440 440 440 440 440 440 440 439 439 439 439 439 439 439 439 438 438 438 438 438 438 438 437 437 437 437
505 504 505 504 504 504 504 503 504 503 503 503 503 503 653 653 653 653 652 652 651 651 651 651 650 650 649 649 649 649 648 647 647 647 647 647 647 648 648 648 648 648 648 648 648 648 648 648 648 648 648 648 648 648 648 648 648 440 440 440 440 440 440 440 440 440 440 440 440 440 440 440 440 440 439 439 439 439 439 439 439 439 439 438 438 438 438 438 438 437 437 437 437 437
504 504 504 504 503 504 503 503 504 503 503 502 503 502 653 652 652 652 652 651 651 650 651 650 650 649 649 648 648 648 648 647 647 647 647 647 647 647 648 648 648 648 648 648 648 648 648 648 648 648 648 648 648 648 648 648 648 440 440 440 440 440 440 440 440 440 440 440 440 440 440 440 440 439 439 439 439 439 439 439 439 439 438 438 438 438 438 438 438 437 437 437 437 437
504 503 504 503 503 504 503 503 502 503 502 502 501 502 652 652 651 652 651 651 650 650 650 650 649 649 648 648 647 648 647 647 647 647 647 647 647 647 647 648 648 648 648 648 648 648 648 648 648 648 648 648 648 648 648 648 648 440 440 440 440 440 440 440 440 440 440 440 440 440 440 440 439 439 439 439 439 439 439 439 439 439 438 438 438 438 438 438 438 437 437 437 437 437
503 503 502 503 503 502 503 502 502 502 502 501 501 501 652 651 651 650 651 650 650 650 649 650 649 649 648 648 647 647 647 647 647 647 647 647 647 647 647 648 648 648 648 648 648 648 648 648 648 648 648 648 648 648 648 648 648 440 440 440 440 440 440 440 440 440 440 440 440 440 440 440 439 439 439 439 439 439 439 439 439 438 438 438 438 438 438 438 437 437 437 437 437 436
503 503 502 503 502 502 502 502 501 502 501 501 500 501 652 651 651 650 651 650 650 649 649 649 649 648 648 647 647 646 647 647 647 647 647 647 647 647 647 647 648 648 648 648 648 648 648 648 648 648 648 648 648 648 648 648 648 440 440 440 440 440 440 440 440 440 440 440 440 440 440 439 439 439 439 439 439 439 439 439 439 438 438 438 438 438 438 438 437 437 437 437 437 436
503 502 502 502 502 501 502 501 501 500 501 501 500 500 651 651 650 650 650 650 649 649 648 648 648 648 647 647 646 646 646 647 647 647 647 647 647 647 647 647 647 648 648 648 648 648 648 648 648 648 648 648 648 648 648 648 648 440 440 440 440 440 440 440 440 440 440 440 440 440 439 439 439 439 439 439 439 439 439 439 438 438 438 438 438 438 438 437 437 437 437 437 437 436
502 502 501 502 501 501 501 501 501 500 501 500 500 499 651 650 650 649 649 649 649 648 648 647 648 647 647 646 646 646 646 647 647 647 647 647 647 647 647 647 647 647 648 648 648 648 648 648 648 648 648 648 648 648 648 648 648 440 440 440 440 440 440 440 440 440 440 440 440 439 439 439 439 439 439 439 439 439 439 439 438 438 438 438 438 438 438 437 437 437 437 437 436 436
501 501 501 500 501 500 500 501 500 500 500 500 499 499 650 650 649 649 648 649 648 648 648 647 647 647 647 646 646 646 646 646 647 647 647 647 647 647 647 647 647 647 647 647 648 648 648 648 648 648 648 648 648 648 648 648 648 440 440 440 440 440 440 440 440 440 440 439 439 439 439 439 439 439 439 439 439 439 439 438 438 438 438 438 438 438 437 437 437 437 437 437 436 436
500 501 500 500 500 500 500 500 500 499 499 499 499 498 649 649 649 649 648 649 648 648 647 647 646 647 646 646 646 646 646 646 646 647 647 647 647 647 647 647 647 647 647 647 647 648 648 648 648 648 648 648 648 648 648 648 648 440 440 440 440 440 440 440 440 440 439 439 439 439 439 439 439 439 439 439 439 439 438 438 438 438 438 438 438 438 437 437 437 437 437 437 436 436
454 500 500 499 500 500 499 500 499 499 498 499 498 498 649 649 649 648 648 647 648 647 647 646 646 645 646 646 646 646 646 646 646 647 647 647 647 647 647 647 647 647 647 647 647 647 648 648 648 648 648 648 648 648 648 648 648 440 440 440 440 440 440 440 440 439 439 439 439 439 439 439 439 439 439 439 439 439 438 438 438 438 438 438 438 437 437 437 437 437 437 436 436 436
453 453 453 499 500 499 499 498 499 498 498 498 498 498 648 649 648 648 647 647 647 647 646 646 645 645 646 646 646 646 646 646 646 646 647 647 647 647 647 647 647 647 647 647 647 647 647 647 648 648 648 648 648 648 648 648 648 440 440 440 440 440 440 439 439 439 439 439 439 439 439 439 439 439 439 439 439 438 438 438 438 438 438 438 438 437 437 437 437 437 437 436 436 436
453 452 453 453 452 499 498 498 498 498 498 497 498 497 648 647 648 647 647 646 646 646 646 646 645 645 645 646 646 646 646 646 646 646 646 647 647 647 647 647 647 647 647 647 647 647 647 647 647 647 648 648 648 648 648 648 648 440 440 440 440 439 439 439 439 439 439 439 439 439 439 439 439 439 439 439 438 438 438 438 438 438 438 438 437 437 437 437 437 437 436 436 436 436
452 452 453 452 452 452 498 497 498 498 497 497 497 497 647 647 647 647 646 646 646 646 646 645 645 645 645 646 646 646 646 646 646 646 646 647 647 647 647 647 647 647 647 647 647 647 647 647 647 647 647 647 647 647 647 647 439 439 439 439 439 439 439 439 439 439 439 439 439 439 439 439 439 439 439 439 438 438 438 438 438 438 438 438 437 437 437 437 437 437 436 436 436 436
452 452 452 452 451 452 451 451 497 497 497 496 497 496 647 646 646 647 646 646 645 645 645 645 645 645 645 645 646 646 646 646 646 646 646 646 647 647 647 647 647 647 647 647 647 647 647 647 647 647 647 647 647 647 647 647 439 439 439 439 439 439 439 439 439 439 439 439 439 439 439 439 439 439 439 438 438 438 438 438 438 438 438 437 437 437 437 437 437 436 436 436 436 436
451 451 451 451 451 450 451 451 450 497 496 496 495 496 646 646 646 646 646 645 645 644 645 645 645 645 645 645 646 646 646 646 646 646 646 646 646 647 647 647 647 647 647 647 647 647 647 647 647 647 647 647 647 647 647 647 439 439 439 439 439 439 439 439 439 439 439 439 439 439 439 439 439 439 438 438 438 438 438 438 438 438 438 437 437 437 437 437 437 436 436 436 436 436
451 451 450 451 450 450 451 450 450 450 450 495 495 495 646 646 645 646 645 645 644 644 644 645 645 645 645 645 645 646 646 646 646 646 646 646 646 646 647 647 647 647 647 647 647 647 647 647 647 647 647 647 647 647 647 647 439 439 439 439 439 439 439 439 439 439 439 439 439 439 439 439 439 438 438 438 438 438 438 438 438 438 437 437 437 437 437 437 436 436 436 436 436 436
450 450 450 450 450 449 450 450 449 449 449 449 448 495 646 645 645 644 645 644 644 644 644 645 645 645 645 645 645 646 646 646 646 646 646 646 646 646 646 647 647 647 647 647 647 647 647 647 647 647 647 647 647 647 647 647 439 439 439 439 439 439 439 439 439 439 439 439 439 439 439 439 438 438 438 438 438 438 438 438 438 438 437 437 437 437 437 437 436 436 436 436 436 435
449 450 449 449 449 449 449 449 449 448 449 448 448 448 599 645 644 644 644 644 644 644 644 645 645 645 645 645 645 645 646 646 646 646 646 646 646 646 646 646 647 647 647 647 647 647 647 647 647 647 647 647 647 647 647 647 439 439 439 439 439 439 439 439 439 439 439 439 439 439 439 438 438 438 438 438 438 438 438 438 438 437 437 437 437 437 437 437 436 436 436 436 436 435
449 449 449 448 449 449 448 449 448 448 448 448 448 447 599 598 644 643 643 644 644 644 644 644 645 645 645 645 645 645 645 646 646 646 646 646 646 646 646 646 646 647 647 647 647 647 647 647 647 647 647 647 647 647 647 647 439 439 439 439 439 439 439 439 439 439 439 439 439 439 438 438 438 438 438 438 438 438 438 438 437 437 437 437 437 437 437 436 436 436 436 436 435 435
448 449 448 448 449 448 448 448 448 447 447 448 447 447 597 598 597 597 643 644 644 644 644 644 645 645 645 645 645 645 645 646 646 646 646 646 646 646 646 646 646 646 647 647 647 647 647 647 647 647 647 647 647 647 647 647 439 439 439 439 439 439 439 439 439 439 439 439 439 438 438 438 438 438 438 438 438 438 438 438 437 437 437 437 437 437 437 436 436 436 436 436 435 435
448 447 448 447 448 448 447 447 447 447 447 447 447 446 597 597 597 597 597 598 644 644 644 644 644 645 645 645 645 645 645 645 646 646 646 646 646 646 646 646 646 646 646 647 647 647 647 647 647 647 647 647 647 647 647 647 439 439 439 439 439 439 439 439 439 439 439 439 438 438 438 438 438 438 438 438 438 438 438 437 437 437 437 437 437 437 436 436 436 436 436 436 435 435
447 447 447 447 447 447 447 446 447 447 446 447 446 446 596 597 597 597 597 597 598 598 644 644 644 645 645 645 645 645 645 645 645 646 646 646 646 646 646 646 646 646 646 646 647 647 647 647 647 647 647 647 647 647 647 647 439 439 439 439 439 439 439 439 439 439 439 438 438 438 438 438 438 438 438 438 438 438 437 437 437 437 437 437 437 437 436 436 436 436 436 435 435 435
447 446 447 447 446 447 446 446 447 446 446 445 446 445 596 596 597 597 597 597 598 598 598 644 644 644 645 645 645 645 645 645 645 646 646 646 646 646 646 646 646 646 646 646 646 646 647 647 647 647 647 647 647 647 647 647 439 439 439 439 439 439 439 439 439 438 438 438 438 438 438 438 438 438 438 438 438 438 437 437 437 437 437 437 437 436 436 436 436 436 436 435 435 435
