testData/tiles/oneDegree/grid9.0-23.0-10.0-24.0.asc
ncols   200
nrows   200
xllcorner   9.0
yllcorner   23.0
cellsize   0.005
NODATA_value   -9999.0
[rows 73 to 145 of 200, columns 0 to 95 of 200]
6 6 7 7 7 7 7 7 7 7 7 7 7 7 7 7 7 7 7 7 7 7 7 7 7 7 7 7 7 7 7 7 7 7 7 7 7 7 7 7 7 7 7 7 7 8 8 8 8 8 8 8 8 8 8 8 8 8 8 8 8 8 8 8 8 8 8 8 8 8 8 8 8 8 8 8 8 8 8 8 8 8 8 8 8 8 8 8 8 8 8 8 8 8 8 8
6 6 7 7 7 7 7 7 7 7 7 7 7 7 7 7 7 7 7 7 7 7 7 7 7 7 7 7 7 7 7 7 7 7 7 7 7 7 7 7 7 7 7 7 8 8 8 8 8 8 8 8 8 8 8 8 8 8 8 8 8 8 8 8 8 8 8 8 8 8 8 8 8 8 8 8 8 8 8 8 8 8 8 8 8 8 8 8 8 8 8 8 8 8 8 8
6 7 7 7 7 7 7 7 7 7 7 7 7 7 7 7 7 7 7 7 7 7 7 7 7 7 7 7 7 7 7 7 7 7 7 7 7 7 7 7 7 7 7 7 8 8 8 8 8 8 8 8 8 8 8 8 8 8 8 8 8 8 8 8 8 8 8 8 8 8 8 8 8 8 8 8 8 8 8 8 8 8 8 8 8 8 8 8 8 8 8 8 8 8 8 8
7 7 7 7 7 7 7 7 7 7 7 7 7 7 7 7 7 7 7 7 7 7 7 7 7 7 7 7 7 7 7 7 7 7 7 7 7 7 7 7 7 7 7 8 8 8 8 8 8 8 8 8 8 8 8 8 8 8 8 8 8 8 8 8 8 8 8 8 8 8 8 8 8 8 8 8 8 8 8 8 8 8 8 8 8 8 8 8 8 8 8 8 8 8 8 8
7 7 7 7 7 7 7 7 7 7 7 7 7 7 7 7 7 7 7 7 7 7 7 7 7 7 7 7 7 7 7 7 7 7 7 7 7 7 7 7 7 7 8 8 8 8 8 8 8 8 8 8 8 8 8 8 8 8 8 8 8 8 8 8 8 8 8 8 8 8 8 8 8 8 8 8 8 8 8 8 8 8 8 8 8 8 8 8 8 8 8 8 8 8 8 8
7 7 7 7 7 7 7 7 7 7 7 7 7 7 7 7 7 7 7 7 7 7 7 7 7 7 7 7 7 7 7 7 7 7 7 7 7 7 7 7 7 7 8 8 8 8 8 8 8 8 8 8 8 8 8 8 8 8 8 8 8 8 8 8 8 8 8 8 8 8 8 8 8 8 8 8 8 8 8 8 8 8 8 8 8 8 8 8 8 8 8 8 8 8 8 8
30 30 7 7 7 7 7 7 7 7 7 7 7 7 7 7 7 7 7 7 7 7 7 7 7 7 7 7 7 7 7 7 7 7 7 7 7 7 7 7 7 8 8 8 8 8 8 8 8 8 8 8 8 8 8 8 8 8 8 8 8 8 8 8 8 8 8 8 8 8 8 8 8 8 8 8 8 8 8 8 8 8 8 8 8 8 8 8 8 8 8 8 8 8 8 8
30 30 30 30 7 7 7 7 7 7 7 7 7 7 7 7 7 7 7 7 7 7 7 7 7 7 7 7 7 7 7 7 7 7 7 7 7 7 7 7 7 8 8 8 8 8 8 8 8 8 8 8 8 8 8 8 8 8 8 8 8 8 8 8 8 8 8 8 8 8 8 8 8 8 8 8 8 8 8 8 8 8 8 8 8 8 8 8 8 8 8 8 8 8 8 8
31 30 30 30 30 30 7 7 7 7 7 7 7 7 7 7 7 7 7 7 7 7 7 7 7 7 7 7 7 7 7 7 7 7 7 7 7 7 7 7 8 8 8 8 8 8 8 8 8 8 8 8 8 8 8 8 8 8 8 8 8 8 8 8 8 8 8 8 8 8 8 8 8 8 8 8 8 8 8 8 8 8 8 8 8 8 8 8 8 8 8 8 8 8 8 8
35 34 32 30 30 30 30 30 30 7 7 7 7 7 7 7 7 7 7 7 7 7 7 7 7 7 7 7 7 7 7 7 7 7 7 7 7 7 7 7 8 8 8 8 8 8 8 8 8 8 8 8 8 8 8 8 8 8 8 8 8 8 8 8 8 8 8 8 8 8 8 8 8 8 8 8 8 8 8 8 8 8 8 8 8 8 8 8 8 8 8 8 8 8 8 8
39 38 36 34 32 30 30 30 30 30 30 7 7 7 7 7 7 7 7 7 7 7 7 7 7 7 7 7 7 7 7 7 7 7 7 7 7 7 7 8 8 8 8 8 8 8 8 8 8 8 8 8 8 8 8 8 8 8 8 8 8 8 8 8 8 8 8 8 8 8 8 8 8 8 8 8 8 8 8 8 8 8 8 8 8 8 8 8 8 8 8 8 8 8 8 8
43 41 40 38 37 35 33 31 30 30 30 30 30 7 7 7 7 7 7 7 7 7 7 7 7 7 7 7 7 7 7 7 7 7 7 7 7 7 7 8 8 8 8 8 8 8 8 8 8 8 8 8 8 8 8 8 8 8 8 8 8 8 8 8 8 8 8 8 8 8 8 8 8 8 8 8 8 8 8 8 8 8 8 8 8 8 8 8 8 8 8 8 8 8 8 8
46 44 43 42 40 39 37 35 33 31 30 30 30 30 30 7 7 7 7 7 7 7 7 7 7 7 7 7 7 7 7 7 7 7 7 7 7 7 7 8 8 8 8 8 8 8 8 8 8 8 8 8 8 8 8 8 8 8 8 8 8 8 8 8 8 8 8 8 8 8 8 8 8 8 8 8 8 8 8 8 8 8 8 8 8 8 8 8 8 8 8 8 8 8 8 8
49 47 46 45 43 42 41 39 37 36 34 32 30 30 30 30 30 7 7 7 7 7 7 7 7 7 7 7 7 7 7 7 7 7 7 7 7 7 8 8 8 8 8 8 8 8 8 8 8 8 8 8 8 8 8 8 8 8 8 8 8 8 8 8 8 8 8 8 8 8 8 8 8 8 8 8 8 8 8 8 8 8 8 8 8 8 8 8 8 8 8 8 8 8 8 8
51 50 49 48 46 45 44 42 41 39 38 36 34 32 30 30 30 30 30 7 7 7 7 7 7 7 7 7 7 7 7 7 7 7 7 7 7 7 8 8 8 8 8 8 8 8 8 8 8 8 8 8 8 8 8 8 8 8 8 8 8 8 8 8 8 8 8 8 8 8 8 8 8 8 8 8 8 8 8 8 8 8 8 8 8 8 8 8 8 8 8 8 8 8 8 8
54 53 52 50 49 48 47 45 44 43 41 40 38 36 34 32 30 30 30 30 30 7 7 7 7 7 7 7 7 7 7 7 7 7 7 7 7 7 8 8 8 8 8 8 8 8 8 8 8 8 8 8 8 8 8 8 8 8 8 8 8 8 8 8 8 8 8 8 8 8 8 8 8 8 8 8 8 8 8 8 8 8 8 8 8 8 8 8 8 8 8 8 8 8 8 8
56 55 54 53 52 51 50 48 47 46 44 43 41 40 38 36 35 33 30 30 30 30 30 7 7 7 7 7 7 7 7 7 7 7 7 7 7 7 8 8 8 8 8 8 8 8 8 8 8 8 8 8 8 8 8 8 8 8 8 8 8 8 8 8 8 8 8 8 8 8 8 8 8 8 8 8 8 8 8 8 8 8 8 8 8 8 8 8 8 8 8 8 8 8 8 8
58 57 56 55 54 53 52 51 50 49 47 46 45 43 42 40 38 37 35 33 30 30 30 30 30 7 7 7 7 7 7 7 7 7 7 7 7 7 8 8 8 8 8 8 8 8 8 8 8 8 8 8 8 8 8 8 8 8 8 8 8 8 8 8 8 8 8 8 8 8 8 8 8 8 8 8 8 8 8 8 8 8 8 8 8 8 8 8 8 8 8 8 8 8 8 8
60 60 59 58 57 56 55 53 52 51 50 49 47 46 45 43 42 40 38 37 35 33 30 30 30 30 30 7 7 7 7 7 7 7 7 7 7 7 8 8 8 8 8 8 8 8 8 8 8 8 8 8 8 8 8 8 8 8 8 8 8 8 8 8 8 8 8 8 8 8 8 8 8 8 8 8 8 8 8 8 8 8 8 8 8 8 8 8 8 8 8 8 8 8 8 8
63 62 61 60 59 58 57 56 55 54 53 51 50 49 48 46 45 43 42 40 39 37 35 33 30 30 30 30 30 7 7 7 7 7 7 7 7 7 8 8 8 8 8 8 8 8 8 8 8 8 8 8 8 8 8 8 8 8 8 8 8 8 8 8 8 8 8 8 8 8 8 8 8 8 8 8 8 8 8 8 8 8 8 8 8 8 8 8 8 8 8 8 8 8 8 8
65 64 63 62 61 60 59 58 57 56 55 54 53 51 50 49 48 46 45 43 42 40 39 37 35 33 30 30 30 30 30 7 7 7 7 7 7 7 8 8 8 8 8 8 8 8 8 8 8 8 8 8 8 8 8 8 8 8 8 8 8 8 8 8 8 8 8 8 8 8 8 8 8 8 8 8 8 8 8 8 8 8 8 8 8 8 8 8 8 8 8 8 8 8 8 8
66 66 65 64 63 62 61 60 59 58 57 56 55 54 53 52 50 49 48 46 45 43 42 40 38 37 35 32 30 30 30 30 30 7 7 7 7 7 8 8 8 8 8 8 8 8 8 8 8 8 8 8 8 8 8 8 8 8 8 8 8 8 8 8 8 8 8 8 8 8 8 8 8 8 8 8 8 8 8 8 8 8 8 8 8 8 8 8 8 8 8 8 8 8 8 8
68 67 67 66 65 64 63 62 61 60 59 58 57 56 55 54 53 52 50 49 48 46 45 43 42 40 38 36 34 32 30 30 30 30 30 7 7 7 7 8 8 8 8 8 8 8 8 8 8 8 8 8 8 8 8 8 8 8 8 8 8 8 8 8 8 8 8 8 8 8 8 8 8 8 8 8 8 8 8 8 8 8 8 8 8 8 8 8 8 8 8 8 8 8 8 8
70 69 68 68 67 66 65 64 63 62 61 60 59 58 57 56 55 54 53 52 50 49 48 46 45 43 42 40 38 36 34 32 30 30 30 30 30 7 7 8 8 8 8 8 8 8 8 8 8 8 8 8 8 8 8 8 8 8 8 8 8 8 8 8 8 8 8 8 8 8 8 8 8 8 8 8 8 8 8 8 8 8 8 8 8 8 8 8 8 8 8 8 8 8 8 8
72 71 70 69 69 68 67 66 65 64 63 62 62 61 60 58 57 56 55 54 53 52 50 49 48 46 45 43 41 40 38 36 34 31 30 30 30 30 30 8 8 8 8 8 8 8 8 8 8 8 8 8 8 8 8 8 8 8 8 8 8 8 8 8 8 8 8 8 8 8 8 8 8 8 8 8 8 8 8 8 8 8 8 8 8 8 8 8 8 8 8 8 8 8 8 8
73 73 72 71 70 70 69 68 67 66 65 64 64 63 62 61 60 59 57 56 55 54 53 52 50 49 48 46 45 43 41 39 38 36 33 31 30 30 30 30 8 8 8 8 8 8 8 8 8 8 8 8 8 8 8 8 8 8 8 8 8 8 8 8 8 8 8 8 8 8 8 8 8 8 8 8 8 8 8 8 8 8 8 8 8 8 8 8 8 8 8 8 8 8 8 8
75 74 74 73 72 71 71 70 69 68 67 66 65 65 64 63 62 61 60 59 57 56 55 54 53 51 50 49 47 46 44 43 41 39 37 35 33 30 30 30 31 31 8 8 8 8 8 8 8 8 8 8 8 8 8 8 8 8 8 8 8 8 8 8 8 8 8 8 8 8 8 8 8 8 8 8 8 8 8 8 8 8 8 8 8 8 8 8 8 8 8 8 8 8 8 8
77 76 75 75 74 73 72 71 71 70 69 68 67 66 65 65 64 63 62 61 60 58 57 56 55 54 53 51 50 49 47 46 44 42 41 39 37 35 32 30 30 31 31 31 8 8 8 8 8 8 8 8 8 8 8 8 8 8 8 8 8 8 8 8 8 8 8 8 8 8 8 8 8 8 8 8 8 8 8 8 8 8 8 8 8 8 8 8 8 8 8 8 8 8 8 8
78 78 77 76 75 75 74 73 72 72 71 70 69 68 67 66 65 65 64 63 62 61 59 58 57 56 55 54 52 51 50 48 47 45 44 42 40 38 36 34 32 31 31 31 31 8 8 8 8 8 8 8 8 8 8 8 8 8 8 8 8 8 8 8 8 8 8 8 8 8 8 8 8 8 8 8 8 8 8 8 8 8 8 8 8 8 8 8 8 8 8 8 8 8 8 8
80 79 78 78 77 76 76 75 74 73 72 72 71 70 69 68 67 66 65 65 64 63 61 60 59 58 57 56 55 54 52 51 50 48 47 45 43 42 40 38 36 34 32 31 31 31 31 8 8 8 8 8 8 8 8 8 8 8 8 8 8 8 8 8 8 8 8 8 8 8 8 8 8 8 8 8 8 8 8 8 8 8 8 8 8 8 8 8 8 8 8 8 8 8 8 8
81 81 80 79 79 78 77 76 76 75 74 73 72 72 71 70 69 68 67 66 65 64 63 62 61 60 59 58 57 56 55 53 52 51 49 48 46 45 43 41 39 37 36 34 31 31 31 31 31 8 8 8 8 8 8 8 8 8 8 8 8 8 8 8 8 8 8 8 8 8 8 8 8 8 8 8 8 8 8 8 8 8 8 8 8 8 8 8 8 8 8 8 8 8 8 8
83 82 81 81 80 79 79 78 77 76 76 75 74 73 72 72 71 70 69 68 67 66 65 64 63 62 61 60 59 58 57 56 54 53 52 50 49 47 46 44 42 41 39 38 35 33 31 31 31 31 8 8 8 8 8 8 8 8 8 8 8 8 8 8 8 8 8 8 8 8 8 8 8 8 8 8 8 8 8 8 8 8 8 8 8 8 8 8 8 8 8 8 8 8 8 8
83 83 83 82 81 81 80 79 79 78 77 76 76 75 74 73 72 72 71 70 69 68 67 66 65 64 63 62 61 60 59 58 57 55 54 53 51 50 48 47 45 44 42 40 39 37 35 32 31 31 31 31 8 8 8 8 8 8 8 8 8 8 8 8 8 8 8 8 8 8 8 8 8 8 8 8 8 8 8 8 8 8 8 8 8 8 8 8 8 8 8 8 8 8 8 8
84 84 84 84 83 82 82 81 80 79 79 78 77 76 76 75 74 73 72 72 71 70 69 68 67 66 65 64 63 62 61 60 59 57 56 55 54 52 51 50 48 47 45 43 42 40 38 36 34 31 31 31 31 31 8 8 8 8 8 8 8 8 8 8 8 8 8 8 8 8 8 8 8 8 8 8 8 8 8 8 8 8 8 8 8 8 8 8 8 8 8 8 8 8 8 8
86 85 86 85 84 84 83 82 82 81 80 79 79 78 77 76 76 75 74 73 72 71 71 70 69 68 67 66 65 64 63 62 61 60 58 57 56 55 53 52 51 49 48 46 44 44 42 40 38 35 33 31 31 31 31 8 8 8 8 8 8 8 8 8 8 8 8 8 8 8 8 8 8 8 8 8 8 8 8 8 8 8 8 8 8 8 8 8 8 8 8 8 8 8 8 8
87 87 86 86 86 85 84 84 83 82 82 81 80 79 79 78 77 76 76 75 74 73 72 71 70 70 69 68 67 66 65 64 63 62 60 59 58 57 56 54 53 52 50 49 47 45 45 43 41 39 37 34 32 31 31 31 31 8 8 8 8 8 8 8 8 8 8 8 8 8 8 8 8 8 8 8 8 8 8 8 8 8 8 8 8 8 8 8 8 8 8 8 8 8 8 8
88 88 87 88 87 86 86 85 84 84 83 82 82 81 80 79 79 78 77 76 76 75 74 73 72 71 70 69 68 68 67 66 64 63 62 61 60 59 58 56 55 54 53 51 50 48 46 46 44 42 40 38 36 33 31 31 31 31 8 8 8 8 8 8 8 8 8 8 8 8 8 8 8 8 8 8 8 8 8 8 8 8 8 8 8 8 8 8 8 8 8 8 8 8 8 8
90 89 89 88 88 88 87 86 86 85 84 84 83 82 82 81 80 79 79 78 77 76 75 75 74 73 72 71 70 69 68 67 66 65 64 63 62 61 60 59 57 56 55 53 52 51 49 47 47 45 43 41 39 37 35 32 31 31 31 31 8 8 8 8 8 8 8 8 8 8 8 8 8 8 8 8 8 8 8 8 8 8 8 8 8 8 8 8 8 8 8 8 8 8 8 8
91 90 90 89 89 89 88 88 87 86 86 85 84 84 83 82 82 81 80 79 79 78 77 76 75 74 74 73 72 71 70 69 68 67 66 65 64 63 62 61 59 58 57 56 54 53 51 50 48 48 46 44 43 41 38 36 34 31 31 31 31 8 8 8 8 8 8 8 8 8 8 8 8 8 8 8 8 8 8 8 8 8 8 8 8 8 8 8 8 8 8 8 8 8 8 8
92 92 91 90 90 89 90 89 88 88 87 86 86 85 84 84 83 82 81 81 80 79 78 78 77 76 75 74 73 73 72 71 70 69 68 67 66 65 64 62 61 60 59 58 56 55 54 52 51 49 49 47 45 44 42 40 37 35 32 31 31 31 31 8 8 8 8 8 8 8 8 8 8 8 8 8 8 8 8 8 8 8 8 8 8 8 8 8 8 8 8 8 8 8 8 8
93 93 92 92 91 90 90 90 90 89 88 88 87 86 86 85 84 84 83 82 81 81 80 79 78 77 77 76 75 74 73 72 71 70 69 68 67 66 65 64 63 62 61 60 59 57 56 55 53 52 50 49 48 46 45 43 41 39 36 34 31 31 31 31 8 8 8 8 8 8 8 8 8 8 8 8 8 8 8 8 8 8 8 8 8 8 8 8 8 8 8 8 8 8 8 8
95 94 93 93 92 92 91 92 91 90 90 89 88 88 87 86 86 85 84 84 83 82 81 81 80 79 78 77 76 76 75 74 73 72 71 70 69 68 67 66 65 64 63 62 60 59 58 57 55 54 53 51 50 49 47 46 44 42 40 37 35 32 31 31 31 31 8 8 8 8 8 8 8 8 8 8 8 8 8 8 8 8 8 8 8 8 8 8 8 8 8 8 8 8 8 8
96 95 95 94 94 93 92 92 92 92 91 90 90 89 88 88 87 86 86 85 84 83 83 82 81 80 80 79 78 77 76 75 75 74 73 72 71 70 69 68 67 66 65 64 62 61 60 59 58 56 55 53 52 50 50 48 47 45 43 41 39 36 34 31 31 31 31 8 8 8 8 8 8 8 8 8 8 8 8 8 8 8 8 8 8 8 8 8 8 8 8 8 8 8 8 8
97 96 96 95 95 94 94 93 92 93 92 91 91 90 90 89 88 88 87 86 85 85 84 83 83 82 81 80 79 79 78 77 76 75 74 73 72 71 71 70 69 67 66 65 64 63 62 61 60 58 57 56 54 53 51 50 49 47 46 44 42 40 37 35 32 31 31 31 31 8 8 8 8 8 8 8 8 8 8 8 8 8 8 8 8 8 8 8 8 8 8 8 8 8 8 8
98 97 97 96 96 95 95 94 94 93 93 93 92 91 91 90 90 89 88 87 87 86 85 85 84 83 82 82 81 80 79 78 78 77 76 75 74 73 72 71 70 69 68 67 66 65 64 63 61 60 59 58 56 55 54 52 51 50 48 47 45 43 41 38 36 33 31 31 31 31 8 8 8 8 8 8 8 8 8 8 8 8 8 8 8 8 8 8 8 8 8 8 8 8 8 8
99 99 98 98 97 96 96 95 95 94 94 94 93 93 92 91 91 90 89 89 88 87 87 86 85 84 84 83 82 81 81 80 79 78 77 76 75 75 74 73 72 71 70 69 68 67 66 64 63 62 61 60 58 57 56 54 53 51 50 49 47 46 44 42 39 37 35 32 31 31 31 31 8 8 8 8 8 8 8 8 8 8 8 8 8 8 8 8 8 8 8 8 8 8 8 8
100 100 99 99 98 98 97 96 96 95 95 94 94 94 93 93 92 91 91 90 89 89 88 87 87 86 85 84 84 83 82 81 80 80 79 78 77 76 75 74 73 72 71 70 69 68 67 66 65 64 63 62 60 59 58 56 55 54 52 50 50 48 46 45 43 40 38 36 33 31 31 31 31 8 8 8 8 8 8 8 8 8 8 8 8 8 8 8 8 8 8 8 8 8 8 8
101 101 100 100 99 99 98 98 97 96 96 95 95 94 94 94 93 93 92 91 91 90 89 88 88 87 86 86 85 84 83 83 82 81 80 79 78 78 77 76 75 74 73 72 71 70 69 68 67 66 65 63 62 61 60 58 57 56 54 53 51 50 49 47 45 43 41 39 37 34 31 31 31 31 8 8 8 8 8 8 8 8 8 8 8 8 8 8 8 8 8 8 8 8 8 8
102 102 101 101 100 100 99 99 98 98 97 96 96 95 95 95 94 94 93 92 92 91 90 90 89 88 88 87 86 85 85 84 83 82 81 81 80 79 78 77 76 75 74 74 73 72 71 70 68 67 66 65 64 63 62 60 59 58 56 55 53 52 50 49 48 46 44 42 40 38 35 32 31 31 31 31 8 8 8 8 8 8 8 8 8 8 8 8 8 8 8 8 8 8 8 8
103 103 102 102 101 101 100 100 99 99 98 97 97 96 96 95 95 95 94 94 93 92 92 91 90 90 89 88 87 87 86 85 84 84 83 82 81 80 79 79 78 77 76 75 74 73 72 71 70 69 68 67 66 65 63 62 61 60 58 57 56 54 53 51 49 48 47 45 43 41 39 36 33 31 31 31 31 8 8 8 8 8 8 8 8 8 8 8 8 8 8 8 8 8 8 8
104 104 103 103 102 102 101 101 100 100 99 99 98 97 97 96 96 96 95 95 94 93 93 92 91 91 90 89 89 88 87 86 86 85 84 83 83 82 81 80 79 78 77 76 76 75 74 73 72 71 70 69 67 66 65 64 63 62 60 59 58 56 55 53 52 50 48 47 46 44 42 39 37 34 32 31 31 31 8 8 8 8 8 8 8 8 8 8 8 8 8 8 8 8 8 8
105 105 104 104 103 103 102 102 101 101 100 100 99 98 98 97 97 96 95 96 95 95 94 93 93 92 91 91 90 89 88 88 87 86 85 85 84 83 82 81 81 80 79 78 77 76 75 74 73 72 71 70 69 68 67 66 65 63 62 61 60 58 57 55 54 52 51 49 47 45 45 43 40 38 35 33 31 31 31 31 8 8 8 8 8 8 8 8 8 8 8 8 8 8 8 8
106 106 105 105 104 104 103 103 102 102 101 101 100 100 99 98 98 97 97 96 96 96 95 94 94 93 92 92 91 90 90 89 88 87 87 86 85 84 84 83 82 81 80 79 78 77 77 76 75 74 73 72 71 70 68 67 66 65 64 63 61 60 59 57 56 54 53 51 50 48 46 44 42 41 39 36 34 31 31 31 31 8 8 8 8 8 8 8 8 8 8 8 8 8 8 8
107 107 106 106 105 105 104 104 103 103 102 102 101 101 100 99 99 98 98 97 96 96 96 96 95 94 94 93 92 92 91 90 89 89 88 87 86 86 85 84 83 82 82 81 80 79 78 77 76 75 74 73 72 71 70 69 68 67 66 64 63 62 61 59 58 57 55 54 52 50 49 47 45 43 41 40 37 34 31 31 31 31 8 8 8 8 8 8 8 8 8 8 8 8 8 8
108 108 107 107 106 106 105 105 104 104 103 103 102 102 101 101 100 99 99 98 98 97 96 97 96 95 95 94 93 93 92 91 91 90 89 88 88 87 86 85 84 84 83 82 81 80 79 78 78 77 76 75 74 73 72 71 69 68 67 66 65 64 62 61 60 58 57 56 54 53 51 49 47 46 44 42 39 37 35 32 31 31 31 8 8 8 8 8 8 8 8 8 8 8 8 8
109 109 108 108 107 107 106 106 105 105 104 104 103 103 102 102 101 100 100 99 99 98 97 97 96 97 96 95 95 94 93 92 92 91 90 90 89 88 87 87 86 85 84 83 82 82 81 80 79 78 77 76 75 74 73 72 71 70 69 68 67 65 64 63 62 60 59 58 56 55 53 51 50 48 46 44 42 40 38 35 32 31 31 31 31 8 8 8 8 8 8 8 8 8 8 8
110 110 109 109 108 108 107 107 106 106 105 105 104 104 103 103 102 101 101 100 100 99 98 98 97 97 97 96 96 95 94 94 93 92 92 91 90 89 89 88 87 86 85 85 84 83 82 81 80 79 78 78 77 76 75 74 73 72 70 69 68 67 66 65 63 62 61 60 58 57 55 54 52 50 49 47 45 43 41 38 36 33 30 30 31 31 8 8 8 8 8 8 8 8 8 8
111 111 110 110 109 109 108 108 107 107 106 106 105 105 104 104 103 102 102 101 101 100 100 99 98 98 97 96 97 96 95 95 94 93 93 92 91 90 90 89 88 87 87 86 85 84 83 82 82 81 80 79 78 77 76 75 74 73 72 71 70 69 68 66 65 64 63 61 60 59 57 56 54 53 51 49 47 45 43 41 39 37 34 31 30 30 30 8 8 8 8 8 8 8 8 8
112 112 111 111 110 110 109 109 108 108 107 107 106 106 105 105 104 103 103 102 102 101 101 100 99 99 98 97 97 96 97 96 95 94 94 93 92 92 91 90 89 89 88 87 86 85 85 84 83 82 81 80 79 78 77 76 75 74 73 72 71 70 69 68 67 66 64 63 62 60 59 58 56 55 53 51 50 48 46 44 42 40 37 35 32 30 30 30 7 7 7 8 8 8 8 8
113 113 112 112 111 111 110 110 109 109 108 108 107 107 106 106 105 104 104 103 103 102 102 101 100 100 99 99 98 97 97 96 96 96 95 94 93 93 92 91 91 90 89 88 87 87 86 85 84 83 82 82 81 80 79 78 77 76 75 74 73 72 71 70 68 67 66 65 64 62 61 60 58 57 55 54 52 50 48 47 45 43 40 38 35 32 30 30 30 30 7 7 7 7 7 8
114 114 113 113 112 112 111 111 110 110 109 109 108 108 107 107 106 105 105 104 104 103 103 102 101 101 100 100 99 98 98 97 96 96 96 95 95 94 93 92 92 91 90 89 89 88 87 86 85 85 84 83 82 81 80 79 78 77 76 75 74 73 72 71 70 69 68 66 65 64 63 61 60 59 57 56 54 52 51 49 47 45 43 41 38 36 33 30 30 30 30 7 7 7 7 7
115 114 114 114 113 113 112 112 111 111 110 110 109 109 108 108 107 106 106 105 105 104 104 103 102 102 101 101 100 99 99 98 97 97 96 95 96 95 94 94 93 92 91 91 90 89 88 87 87 86 85 84 83 82 81 81 80 79 78 77 76 75 74 73 71 70 69 68 67 66 64 63 62 60 59 58 56 54 53 51 49 48 46 44 41 39 37 34 31 30 30 30 7 7 7 7
115 114 115 114 114 113 113 113 112 112 111 111 110 109 109 108 108 107 107 106 106 105 105 104 103 103 102 102 101 100 100 99 98 98 97 96 96 95 95 95 94 93 92 92 91 90 89 89 88 87 86 85 84 84 83 82 81 80 79 78 77 76 75 74 73 72 71 70 68 67 66 65 63 62 61 59 58 56 55 53 52 50 48 46 44 42 40 37 34 31 30 30 30 7 7 7
116 115 115 115 115 114 114 113 113 112 112 111 111 110 110 109 109 108 108 107 107 106 106 105 104 104 103 103 102 101 101 100 99 99 98 98 97 96 95 95 95 94 94 93 92 91 91 90 89 88 87 87 86 85 84 83 82 81 80 79 78 77 76 75 74 73 72 71 70 69 68 66 65 64 63 61 60 58 57 55 54 52 50 48 47 45 42 40 38 35 32 30 30 30 7 7
116 116 116 115 115 115 115 114 114 113 113 112 112 111 111 110 110 109 109 108 108 107 106 106 105 105 104 104 103 102 102 101 100 100 99 99 98 97 97 96 95 94 95 94 93 92 92 91 90 89 89 88 87 86 85 84 83 83 82 81 80 79 78 77 76 75 74 73 71 70 69 68 67 65 64 63 62 60 59 57 56 54 52 51 49 47 45 43 41 38 35 33 30 30 30 30
117 117 116 116 116 115 115 115 115 114 114 113 113 112 112 111 111 110 110 109 109 108 107 107 106 106 105 105 104 103 103 102 101 101 100 100 99 98 98 97 96 95 95 94 93 94 93 92 91 91 90 89 88 87 86 86 85 84 83 82 81 80 79 78 77 76 75 74 73 72 71 69 68 67 66 65 63 62 60 59 58 56 54 53 51 49 47 45 43 41 39 36 33 30 30 30
118 118 117 117 116 116 115 115 116 115 115 114 114 113 113 112 112 111 111 110 109 109 108 108 107 107 106 106 105 104 104 103 102 102 101 101 100 99 99 98 97 97 96 95 94 94 93 93 92 92 91 90 89 88 88 87 86 85 84 83 82 81 80 79 78 77 76 75 74 73 72 71 70 69 67 66 65 64 62 61 59 58 56 55 53 51 50 48 46 44 41 39 36 34 30 30
119 119 118 118 117 117 116 116 115 115 115 115 114 114 113 113 112 112 111 111 110 110 109 109 108 108 107 106 106 105 105 104 103 103 102 102 101 100 100 99 98 98 97 96 95 95 94 93 93 92 92 91 90 90 89 88 87 86 85 84 84 83 82 81 80 79 78 77 76 75 74 72 71 70 69 68 66 65 64 63 61 60 58 57 55 53 52 50 48 46 44 42 39 37 34 31
120 119 119 119 118 118 117 117 116 116 115 115 115 115 114 114 113 113 112 112 111 111 110 110 109 109 108 107 107 106 106 105 104 104 103 103 102 101 101 100 99 99 98 97 96 96 95 94 94 93 92 91 91 91 90 89 88 87 87 86 85 84 83 82 81 80 79 78 77 76 75 74 73 72 70 69 68 67 66 64 63 61 60 59 57 55 54 52 50 48 46 44 42 40 37 35
121 120 120 119 119 118 118 118 117 117 116 116 115 115 115 115 114 114 113 113 112 112 111 111 110 109 109 108 108 107 107 106 105 105 104 104 103 102 102 101 100 100 99 98 98 97 96 95 95 94 93 92 92 91 90 90 89 89 88 87 86 85 84 83 82 81 80 79 78 77 76 75 74 73 72 71 70 68 67 66 64 63 62 60 59 57 56 54 52 51 49 47 45 43 40 38
121 121 121 120 120 119 119 118 118 117 117 117 116 116 115 115 115 115 114 114 113 112 112 111 111 110 110 109 109 108 107 107 106 106 105 104 104 103 103 102 101 101 100 99 99 98 97 96 96 95 94 93 93 92 91 90 89 89 89 88 87 86 85 84 84 83 82 81 80 79 78 77 76 74 73 72 71 70 69 67 66 65 63 62 61 59 58 56 54 53 51 49 47 45 43 41
122 122 121 121 121 120 120 119 119 118 118 117 117 116 116 115 115 114 115 114 114 113 113 112 112 111 111 110 110 109 108 108 107 107 106 105 105 104 104 103 102 102 101 100 100 99 98 97 97 96 95 94 94 93 92 91 91 90 89 88 87 87 87 86 85 84 83 82 81 80 79 78 77 76 75 74 72 71 70 69 68 66 65 64 62 61 59 58 56 55 53 51 49 47 45 43
123 123 122 122 121 121 120 120 120 119 119 118 118 117 117 116 116 115 115 114 114 114 114 113 113 112 112 111 110 110 109 109 108 108 107 106 106 105 104 104 103 103 102 101 101 100 99 98 98 97 96 96 95 94 93 92 92 91 90 89 88 88 87 86 85 85 84 83 82 81 80 79 78 77 76 75 74 73 72 70 69 68 67 65 64 63 61 60 58 57 55 53 51 50 48 46
