testData/tiles/oneDegree/grid26.0-21.0-27.0-22.0.asc
ncols   200
nrows   200
xllcorner   26.0
yllcorner   21.0
cellsize   0.005
NODATA_value   -9999.0
[rows 126 to 167 of 200, columns 94 to 187 of 200]
579 579 579 579 579 579 579 579 579 579 579 579 579 579 578 579 579 578 579 578 578 578 578 578 578 591 590 591 591 590 591 590 590 590 590 590 591 457 456 458 459 458 460 459 460 460 461 461 461 462 461 463 462 462 464 463 464 464 464 464 465 465 465 466 465 466 466 466 467 467 467 466 468 468 467 469 468 468 467 469 469 468 469 480 480 480 480 481 481 481 480 482 482 483
580 580 579 580 579 579 580 579 579 580 579 579 579 579 578 579 579 578 579 578 579 579 578 579 578 578 591 591 591 591 591 590 591 591 590 456 456 457 457 458 458 459 459 459 460 460 460 462 461 462 462 462 463 463 464 463 464 464 464 466 465 465 466 466 465 467 467 466 467 467 467 466 468 468 467 468 468 468 468 469 469 469 480 480 481 480 480 481 481 481 480 483 483 483
580 580 579 580 580 579 580 579 580 580 579 580 579 579 580 579 579 579 579 579 579 579 578 579 578 578 592 591 591 591 591 591 591 591 456 456 456 457 458 457 459 459 459 460 460 461 461 462 461 462 462 462 464 463 463 464 464 464 465 465 465 466 465 466 465 466 467 466 467 467 467 467 467 468 468 468 468 469 468 468 470 469 480 480 481 480 480 481 481 481 482 483 483 485
580 580 581 580 580 580 580 580 580 580 579 580 580 579 580 579 580 579 579 580 579 579 579 579 579 579 579 591 592 591 591 592 456 456 456 456 455 457 458 457 459 458 459 459 460 460 461 461 461 462 462 462 464 463 463 464 464 463 465 465 465 466 465 466 466 466 467 467 467 466 468 467 467 469 468 468 468 469 468 469 470 480 480 480 481 480 481 481 481 483 482 483 485 485
581 580 581 580 580 581 580 581 580 580 580 580 580 580 580 579 580 580 579 580 579 579 579 579 579 579 579 592 592 591 592 457 456 457 456 456 456 457 457 458 458 458 460 459 460 461 461 461 462 462 461 463 463 463 464 463 464 465 465 465 465 466 465 466 467 466 467 467 467 467 468 468 468 468 468 468 468 469 469 469 469 480 481 480 480 482 481 481 481 483 483 483 485 486
581 581 581 580 581 581 580 581 580 580 581 580 581 580 580 580 580 580 580 580 579 580 579 579 580 579 579 579 592 457 457 457 456 457 456 456 457 456 458 458 458 459 459 460 460 461 460 462 461 462 463 463 463 464 464 463 465 465 464 466 465 466 466 466 467 467 467 466 467 467 467 468 468 468 468 469 468 468 470 469 480 481 481 480 481 482 481 481 482 484 483 485 485 485
581 581 581 582 581 581 581 581 580 581 581 580 581 580 580 581 580 580 580 580 579 580 580 580 580 579 580 579 457 458 457 457 457 457 456 457 457 456 458 457 458 458 459 460 460 461 460 462 461 462 463 462 463 463 464 463 464 465 464 466 465 465 466 466 466 467 467 466 468 467 467 469 468 468 468 469 468 469 470 480 481 480 481 480 481 481 481 483 482 483 485 485 486 486
582 582 581 582 581 581 581 581 581 581 581 581 581 580 581 581 580 581 580 580 580 580 580 580 580 579 445 444 444 458 457 458 457 457 457 457 457 457 457 457 459 458 459 460 460 460 461 461 461 462 463 462 464 463 463 464 464 465 465 465 465 466 465 466 467 467 467 467 467 467 468 468 468 469 468 469 469 469 469 480 481 480 480 481 481 481 482 483 483 484 484 486 487 487
582 582 582 582 581 582 581 581 582 581 581 581 581 580 581 581 580 581 580 581 580 580 581 580 580 445 445 444 445 458 457 458 457 457 457 457 457 457 457 457 458 458 459 460 460 460 461 461 462 462 463 463 463 463 464 464 464 465 465 465 466 466 465 467 467 466 468 467 467 467 468 468 468 469 468 468 469 469 480 481 481 480 481 481 481 482 482 483 484 485 484 486 487 487
582 582 582 582 581 582 581 581 582 581 582 581 581 581 581 581 581 581 580 581 580 580 581 445 445 445 445 445 445 458 458 458 457 458 457 457 458 457 457 457 458 458 459 460 459 461 460 461 461 462 462 463 463 463 464 463 464 465 465 465 465 466 465 466 467 466 467 467 467 467 468 468 468 469 468 469 469 469 481 480 481 481 481 480 482 482 482 483 484 485 485 486 488 487
582 582 582 582 582 582 581 582 582 581 582 581 581 581 581 581 581 581 581 581 580 446 446 445 446 445 445 445 445 445 458 458 457 458 457 457 458 457 458 457 458 458 459 459 460 461 460 462 461 462 463 463 463 463 464 463 465 465 464 466 465 466 466 466 467 467 467 467 468 467 468 469 468 468 469 469 468 481 481 480 481 481 481 480 482 483 483 484 485 485 486 487 488 489
582 583 582 582 582 582 581 582 582 582 582 581 582 581 581 582 581 581 581 581 445 446 446 445 446 445 446 445 445 446 458 458 458 458 457 458 458 457 458 457 457 458 459 459 460 460 460 461 461 461 463 462 463 463 464 464 464 465 465 466 465 466 466 466 467 467 467 467 468 467 467 469 468 468 469 469 479 480 481 480 481 481 481 481 482 483 484 485 484 487 486 487 488 489
582 583 582 583 582 582 582 582 582 582 582 581 582 581 581 582 581 582 446 446 446 446 446 446 446 445 446 445 445 446 445 458 458 458 458 458 458 458 458 457 458 458 458 460 459 460 461 461 461 462 463 462 463 463 463 464 464 465 465 465 465 466 466 466 467 467 467 467 468 467 468 469 468 469 468 469 480 480 481 481 481 480 482 481 482 484 484 485 486 486 487 487 489 488
583 583 582 583 582 582 582 582 583 582 582 582 582 581 582 582 446 447 446 446 446 446 446 446 446 446 446 445 446 446 445 446 458 458 458 458 458 458 458 457 458 457 458 460 459 461 460 461 461 462 462 463 463 463 464 464 464 465 465 465 466 466 465 467 467 466 468 467 467 468 468 468 469 469 468 481 480 480 481 481 481 481 482 482 482 484 485 485 486 486 487 489 489 488
583 582 583 583 582 583 582 582 582 582 582 582 582 581 582 447 447 447 446 447 446 446 447 446 446 446 446 445 446 446 445 446 458 459 458 458 459 458 458 458 458 457 459 459 459 460 460 461 461 462 462 463 463 462 464 463 464 465 465 465 465 466 465 466 467 466 468 467 467 468 468 468 468 469 468 480 480 480 481 481 481 481 481 482 484 484 484 487 486 487 487 489 489 490
583 582 583 582 582 583 582 582 582 582 583 582 582 447 447 446 447 447 446 447 446 446 446 446 447 446 446 446 446 446 446 446 445 459 458 458 459 458 458 458 458 458 458 459 459 460 460 461 461 461 463 462 463 463 464 463 465 465 464 466 465 465 466 466 467 467 467 467 468 467 468 469 468 469 480 480 479 481 481 480 482 481 482 483 484 485 485 487 487 488 488 489 491 490
583 583 583 582 583 583 582 583 582 582 582 447 447 447 447 447 447 447 447 447 446 447 446 446 447 446 446 446 446 446 446 446 446 459 458 459 458 458 459 458 458 458 458 457 459 460 459 461 460 461 461 462 463 463 463 464 464 465 465 465 465 466 466 466 467 467 467 467 468 467 468 469 468 469 480 480 480 481 481 481 481 482 483 483 485 486 486 486 487 488 488 488 491 490
582 583 583 582 583 582 582 583 582 448 447 447 448 447 447 447 447 446 447 447 446 447 446 447 447 446 447 446 446 446 446 446 446 446 458 459 458 459 459 458 459 458 458 458 459 459 460 461 460 462 461 462 463 463 463 464 464 463 465 465 465 466 465 466 466 467 467 467 468 467 468 468 468 480 480 480 480 480 480 481 481 482 484 483 484 486 486 487 487 489 488 490 490 491
582 583 582 583 583 582 583 447 447 448 447 447 447 447 448 447 447 447 447 447 447 447 446 447 446 446 447 446 447 446 446 446 446 446 459 459 458 459 459 458 459 458 458 458 458 459 460 460 461 461 461 462 463 462 464 463 464 464 465 465 465 466 465 467 466 466 468 467 467 468 468 467 469 480 479 481 480 480 481 481 482 482 484 484 485 485 486 488 488 489 490 490 489 492
583 583 582 583 582 447 448 447 448 448 447 448 447 447 447 447 447 447 447 446 447 447 447 447 446 447 446 446 447 446 446 446 446 446 446 459 459 459 458 459 459 458 459 458 458 459 459 460 460 461 461 462 463 462 464 463 463 464 464 466 465 466 466 466 466 467 467 467 468 467 468 468 479 480 480 480 480 481 480 481 483 483 483 485 486 485 488 488 488 488 490 490 490 491
583 582 583 583 447 448 448 447 448 447 447 448 447 447 447 447 448 447 447 447 447 446 447 447 446 447 446 447 447 446 447 446 446 446 446 459 459 459 458 459 459 458 459 458 459 458 459 461 460 461 461 462 461 463 463 463 464 464 464 464 465 465 466 466 465 467 466 467 468 467 468 479 479 480 480 480 480 481 480 481 483 483 484 485 486 486 487 489 488 490 489 491 491 491
583 582 448 447 447 448 447 447 448 447 448 447 447 448 447 447 447 447 447 447 447 447 447 447 447 447 446 447 446 446 447 446 446 446 446 447 459 459 459 459 458 459 459 458 459 458 459 459 460 460 461 461 461 462 463 463 464 463 465 464 465 466 465 466 466 467 466 467 468 467 468 479 479 479 480 480 480 481 480 482 483 484 485 485 486 487 487 487 489 490 489 491 491 492
447 447 448 447 448 447 447 448 447 447 448 447 447 447 447 448 447 447 447 447 447 447 447 446 447 447 447 447 446 447 447 446 447 446 446 446 446 459 459 459 458 459 459 459 459 458 459 459 459 461 461 461 462 462 462 463 464 463 465 464 464 465 465 466 466 466 467 467 467 468 479 478 480 479 479 481 480 480 482 483 482 485 485 485 487 487 488 488 490 490 491 491 491 492
447 448 447 447 448 447 447 448 447 448 447 447 448 447 447 447 447 447 447 447 447 447 447 447 447 446 447 447 446 447 446 446 447 446 447 446 446 460 459 459 459 459 458 459 459 458 459 458 459 460 460 462 461 462 462 463 463 464 464 464 465 465 465 466 466 466 466 467 466 468 479 478 480 479 479 480 480 480 482 483 483 484 486 485 487 487 488 488 489 490 491 491 491 493
447 447 447 448 447 447 448 447 447 448 447 447 447 447 448 447 447 448 447 447 447 447 447 447 447 446 447 447 447 447 446 447 446 446 447 446 446 446 459 459 459 459 459 459 458 459 459 458 460 459 460 461 461 462 462 463 462 463 464 464 465 464 466 466 465 467 466 467 467 478 479 479 479 479 480 479 480 482 482 483 484 485 484 487 487 487 489 489 489 490 491 492 492 492
447 447 447 447 447 447 447 447 447 447 447 448 447 447 447 447 447 447 447 447 447 447 447 447 447 447 447 446 447 447 446 447 446 447 447 446 447 446 459 459 459 459 459 459 458 459 459 459 459 459 460 460 461 462 462 462 463 463 464 464 465 464 465 465 465 467 466 466 467 478 477 479 479 479 480 479 481 482 482 484 484 485 485 487 488 488 489 489 491 490 490 493 492 493
447 447 446 447 447 448 447 447 447 447 447 447 447 447 447 447 448 447 447 447 447 447 447 447 446 447 447 447 447 446 447 447 446 447 446 446 447 446 446 459 459 460 459 459 459 459 458 459 459 458 460 460 460 462 461 462 462 463 463 464 464 465 465 465 466 466 466 467 477 478 478 479 479 479 480 479 481 482 482 484 484 485 486 486 487 488 489 488 491 490 491 493 492 493
447 446 447 447 447 447 447 447 447 447 448 447 447 447 447 447 447 447 447 447 447 447 447 447 447 447 446 447 447 446 447 446 447 447 446 447 446 446 447 446 459 459 459 459 459 459 459 459 459 459 460 459 461 460 461 463 462 463 463 464 464 464 465 464 466 465 466 467 477 479 478 478 479 479 479 481 481 481 484 484 484 487 486 487 487 489 489 490 491 490 492 491 493 494
446 446 447 447 446 447 447 447 447 447 447 447 447 447 447 447 447 447 447 447 447 447 447 446 447 447 447 447 447 447 447 446 447 447 446 447 446 446 446 446 460 459 459 459 459 459 459 459 458 459 459 459 461 460 462 461 462 463 463 463 464 464 465 465 465 465 466 477 477 478 478 478 478 479 479 480 482 481 483 484 485 486 486 488 487 489 489 490 490 492 492 492 493 494
446 447 447 446 447 447 446 447 447 446 447 447 447 447 447 447 447 447 447 447 446 447 447 447 447 447 447 447 446 447 447 446 447 446 447 447 446 447 446 446 447 459 459 459 459 460 459 459 459 459 458 459 460 460 461 461 461 463 462 463 463 464 464 465 465 466 466 476 478 478 477 479 478 479 480 480 482 483 483 484 486 486 486 488 488 488 490 490 491 491 492 492 493 493
446 447 446 446 447 446 447 447 446 447 447 446 447 447 446 447 447 447 447 447 447 447 446 447 447 446 447 447 447 447 446 447 447 446 447 446 446 447 446 447 446 446 460 459 459 459 459 459 459 459 458 459 460 460 461 460 462 462 462 464 463 463 464 464 465 465 477 476 477 477 477 479 478 479 480 481 482 483 484 484 486 485 487 487 488 489 489 490 491 491 492 493 493 493
445 446 446 447 446 446 447 446 446 447 446 447 447 446 447 447 446 447 447 446 447 447 447 447 446 447 447 446 447 447 446 447 446 447 447 446 447 446 446 447 446 446 459 459 459 459 459 459 459 459 459 459 458 460 460 460 462 461 462 463 463 464 464 464 464 465 476 477 477 477 478 478 478 480 479 481 482 482 484 485 485 486 487 488 488 490 489 490 491 491 492 493 494 493
446 446 446 446 446 446 446 446 447 447 446 447 447 446 447 447 446 447 446 447 447 446 447 447 446 447 447 447 447 446 447 447 446 447 446 446 447 446 447 446 446 447 446 459 459 459 459 459 459 458 459 459 459 459 459 461 461 461 462 462 462 464 463 464 464 476 475 476 477 477 478 477 478 480 480 482 482 483 484 485 486 486 488 487 488 490 489 491 491 492 492 492 494 494
446 445 445 446 446 446 446 446 447 446 446 447 446 447 447 446 447 447 446 447 447 446 447 446 447 447 446 447 447 446 447 446 446 447 446 447 447 446 447 446 446 447 446 446 459 459 460 459 459 459 459 459 459 459 459 460 460 460 462 461 463 462 463 464 464 475 476 476 477 477 477 477 479 478 480 482 483 483 484 485 487 486 487 488 489 488 491 491 491 493 492 493 494 494
445 445 446 446 445 446 446 446 446 446 447 446 446 447 446 446 447 446 447 447 446 447 447 446 447 446 446 447 446 447 447 446 447 446 446 447 446 446 447 446 447 446 446 447 459 459 459 459 459 459 459 459 459 459 459 460 459 461 462 461 463 462 463 463 475 475 475 476 476 477 477 477 479 479 482 482 482 484 484 485 486 487 487 489 489 488 490 491 491 492 493 493 493 494
445 445 446 445 445 446 445 446 446 446 446 446 446 446 446 447 446 446 447 446 446 447 446 447 447 446 447 447 446 447 446 446 447 446 447 447 446 447 446 446 447 446 446 446 446 460 459 459 459 459 459 459 459 458 459 459 459 461 460 462 462 462 463 463 474 476 475 476 476 476 476 478 480 479 481 482 483 484 484 486 485 487 488 488 489 490 490 491 492 492 492 494 494 494
445 445 445 445 446 445 445 446 446 445 446 446 446 446 446 446 446 446 446 446 447 446 446 447 446 446 447 446 447 447 446 447 446 446 447 446 446 447 446 447 446 446 447 446 446 446 459 459 459 459 458 459 459 459 459 458 460 460 460 461 461 461 463 473 475 474 475 476 476 476 476 478 479 481 481 481 483 483 484 486 486 486 488 488 489 490 490 491 492 493 493 493 494 495
444 445 445 445 445 445 446 446 445 446 446 445 446 446 446 446 446 447 446 446 447 446 446 447 446 447 446 446 447 446 446 447 446 446 447 446 447 446 446 447 446 446 446 446 446 446 459 459 459 459 459 459 459 459 459 458 459 460 460 461 460 462 461 473 474 474 474 475 475 476 477 479 479 480 482 482 483 483 485 485 486 487 487 488 489 489 491 491 491 492 493 494 493 495
444 445 444 445 445 445 445 445 445 446 445 446 446 446 446 446 446 446 446 446 446 446 447 446 446 447 446 446 446 446 447 446 446 447 446 446 447 446 446 446 446 447 446 446 446 446 446 459 459 459 459 459 459 459 459 459 459 458 460 460 460 462 472 474 474 474 475 475 475 476 477 478 480 480 480 482 483 484 485 485 486 488 487 490 489 489 491 491 492 492 493 493 494 495
444 444 444 445 445 444 445 445 446 445 445 446 446 445 446 446 446 446 446 446 446 446 446 446 446 446 446 447 446 446 447 446 446 446 446 447 446 446 447 446 446 446 446 446 446 446 447 446 459 459 459 459 459 459 458 459 459 459 459 459 461 461 472 473 473 473 475 474 475 476 477 479 479 481 481 482 483 484 485 485 486 487 487 489 489 490 490 491 492 492 493 493 494 495
444 444 444 444 444 445 445 445 445 445 445 445 445 446 446 445 446 446 445 446 446 446 446 446 446 446 446 446 446 446 446 446 447 446 446 446 446 446 446 446 447 446 446 446 446 446 446 446 459 459 459 459 459 459 459 459 458 459 459 459 460 471 471 473 472 474 473 474 475 476 477 479 479 480 482 482 483 484 485 486 487 486 489 489 488 491 490 491 492 492 493 493 495 494
444 444 444 444 444 445 444 444 445 445 445 445 445 446 445 445 446 445 446 446 445 446 446 445 446 446 446 446 446 446 446 446 446 446 446 446 446 447 446 446 446 446 446 446 446 446 446 446 446 459 459 459 459 458 459 459 458 459 458 459 460 470 472 471 472 473 473 473 475 476 478 478 480 480 481 482 483 484 484 485 487 486 488 488 489 490 490 492 491 493 494 493 495 495
