testData/tiles/oneDegree/grid7.0-44.0-8.0-45.0.asc
ncols   200
nrows   200
xllcorner   7.0
yllcorner   44.0
cellsize   0.005
NODATA_value   -9999.0
[rows 94 to 140 of 200, columns 96 to 191 of 200]
98 98 98 97 97 97 96 96 95 95 95 94 94 93 93 92 92 92 91 91 90 90 89 88 88 87 87 86 86 85 84 84 83 121 120 120 119 118 117 116 115 114 113 112 111 109 108 106 105 105 105 95 95 95 95 95 95 95 95 95 95 95 95 95 95 95 95 95 95 95 95 95 95 95 95 95 95 95 95 95 95 95 95 95 95 95 95 95 95 95 95 95 95 95 95 95
99 98 98 98 97 97 96 96 96 95 95 94 94 94 93 93 92 92 91 91 90 90 89 89 88 88 87 86 86 85 84 84 83 82 82 120 119 118 117 116 116 114 113 112 111 110 108 107 105 105 105 95 95 95 95 95 95 95 95 95 95 95 95 95 95 95 95 95 95 95 95 95 95 95 95 95 95 95 95 95 95 95 95 95 95 95 95 95 95 95 95 95 95 95 95 95
99 98 98 98 97 97 97 96 96 95 95 95 94 94 93 93 92 92 91 91 90 90 89 89 88 88 87 87 86 85 85 84 83 83 82 81 80 118 118 117 116 115 114 113 111 110 109 107 105 105 105 95 95 95 95 95 95 95 95 95 95 95 95 95 95 95 95 95 95 95 95 95 95 95 95 95 95 95 95 95 95 95 95 95 95 95 95 95 95 95 95 95 95 95 95 95
99 99 98 98 97 97 97 96 96 96 95 95 94 94 93 93 93 92 92 91 91 90 90 89 88 88 87 87 86 86 85 84 84 83 82 81 81 80 79 78 116 115 114 113 112 110 109 107 106 105 105 95 95 95 95 95 95 95 95 95 95 95 95 95 95 95 95 95 95 95 95 95 95 95 95 95 95 95 95 95 95 95 95 95 95 95 95 95 95 95 95 95 95 95 95 95
99 99 98 98 98 97 97 96 96 96 95 95 94 94 94 93 93 92 92 91 91 90 90 89 89 88 88 87 86 86 85 84 84 83 82 82 81 80 79 78 77 76 114 113 112 111 109 108 106 105 105 105 95 95 95 95 95 95 95 95 95 95 95 95 95 95 95 95 95 95 95 95 95 95 95 95 95 95 95 95 95 95 95 95 95 95 95 95 95 95 95 95 95 95 95 95
99 99 98 98 98 97 97 97 96 96 95 95 95 94 94 93 93 92 92 91 91 90 90 89 89 88 88 87 87 86 85 85 84 83 83 82 81 80 79 79 78 77 76 75 73 111 110 108 107 105 105 105 95 95 95 95 95 95 95 95 95 95 95 95 95 95 95 95 95 95 95 95 95 95 95 95 95 95 95 95 95 95 95 95 95 95 95 95 95 95 95 95 95 95 95 95
99 99 99 98 98 98 97 97 96 96 96 95 95 94 94 93 93 93 92 92 91 91 90 90 89 88 88 87 87 86 85 85 84 83 83 82 81 80 80 79 78 77 76 75 74 73 71 70 107 105 105 105 95 95 95 95 95 95 95 95 95 95 95 95 95 95 95 95 95 95 95 95 95 95 95 95 95 95 95 95 95 95 95 95 95 95 95 95 95 95 95 95 95 95 95 95
99 99 99 98 98 98 97 97 97 96 96 95 95 94 94 94 93 93 92 92 91 91 90 90 89 89 88 88 87 86 86 85 84 84 83 82 82 81 80 79 78 77 76 75 74 73 72 70 69 67 105 105 95 95 95 95 95 95 95 95 95 95 95 95 95 95 95 95 95 95 95 95 95 95 95 95 95 95 95 95 95 95 95 95 95 95 95 95 95 95 95 95 95 95 95 95
100 99 99 98 98 98 97 97 97 96 96 95 95 95 94 94 93 93 92 92 91 91 90 90 89 89 88 88 87 87 86 85 85 84 83 82 82 81 80 79 78 77 77 75 74 73 72 71 69 67 66 66 66 95 95 95 95 95 95 95 95 95 95 95 95 95 95 95 95 95 95 95 95 95 95 95 95 95 95 95 95 95 95 95 95 95 95 95 95 95 95 95 95 95 95 95
100 99 99 99 98 98 98 97 97 96 96 96 95 95 94 94 93 93 93 92 92 91 91 90 90 89 88 88 87 87 86 85 85 84 83 83 82 81 80 80 79 78 77 76 75 74 72 71 69 68 66 66 66 56 56 56 95 95 95 95 95 95 95 95 95 95 95 95 95 95 95 95 95 95 95 95 95 95 95 95 95 95 95 95 95 95 95 95 95 95 95 95 95 95 95 95
100 99 99 99 98 98 98 97 97 97 96 96 95 95 95 94 94 93 93 92 92 91 91 90 90 89 89 88 87 87 86 86 85 84 84 83 82 81 81 80 79 78 77 76 75 74 73 71 70 68 66 66 66 56 56 56 56 56 56 95 95 95 95 95 95 95 95 95 95 95 95 95 95 95 95 95 95 95 95 95 95 95 95 95 95 95 95 95 95 95 95 95 95 95 95 95
100 100 99 99 99 98 98 97 97 97 96 96 95 95 95 94 94 93 93 92 92 91 91 90 90 89 89 88 88 87 86 86 85 85 84 83 82 82 81 80 79 78 77 76 75 74 73 72 70 69 67 66 66 56 56 56 56 56 56 56 56 56 95 95 95 95 95 95 95 95 95 95 95 95 95 95 95 95 95 95 95 95 95 95 95 95 95 95 95 95 95 95 95 95 95 95
100 100 99 99 99 98 98 98 97 97 96 96 96 95 95 94 94 93 93 93 92 92 91 91 90 90 89 88 88 87 87 86 85 85 84 83 83 82 81 80 79 79 78 77 76 74 73 72 71 69 67 66 66 66 56 56 56 56 56 56 56 56 56 56 56 95 95 95 95 95 95 95 95 95 95 95 95 95 95 95 95 95 95 95 95 95 95 95 95 95 95 95 95 95 95 95
100 100 100 99 99 98 98 98 97 97 97 96 96 95 95 95 94 94 93 93 92 92 91 91 90 90 89 89 88 87 87 86 86 85 84 84 83 82 81 80 80 79 78 77 76 75 74 72 71 70 68 66 66 66 56 56 56 56 56 56 56 56 56 56 56 56 56 56 56 95 95 95 95 95 95 95 95 95 95 95 95 95 95 95 95 95 95 95 95 95 95 95 95 95 95 95
100 100 100 99 99 99 98 98 97 97 97 96 96 96 95 95 94 94 93 93 92 92 91 91 90 90 89 89 88 88 87 86 86 85 84 84 83 82 82 81 80 79 78 77 76 75 74 73 71 70 68 67 66 66 56 56 56 56 56 56 56 56 56 56 56 56 56 56 56 56 56 56 95 95 95 95 95 95 95 95 95 95 95 95 95 95 95 95 95 95 95 95 95 95 95 95
100 100 100 99 99 99 98 98 98 97 97 96 96 96 95 95 94 94 93 93 93 92 92 91 91 90 89 89 88 88 87 87 86 85 85 84 83 82 82 81 80 79 78 77 76 75 74 73 72 70 69 67 66 66 56 56 56 56 56 56 56 56 56 56 56 56 56 56 56 56 56 56 56 56 56 95 95 95 95 95 95 95 95 95 95 95 95 95 95 95 95 95 95 95 95 95
101 100 100 100 99 99 99 98 98 97 97 97 96 96 95 95 95 94 94 93 93 92 92 91 91 90 90 89 89 88 87 87 86 85 85 84 83 83 82 81 80 79 79 78 77 76 75 73 72 71 69 67 66 66 66 56 56 56 56 56 56 56 56 56 56 56 56 56 56 56 56 56 56 56 56 56 56 56 56 95 95 95 95 95 95 95 95 95 95 95 95 95 95 95 95 95
101 100 100 100 99 99 99 98 98 98 97 97 96 96 96 95 95 94 94 93 93 92 92 91 91 90 90 89 89 88 88 87 86 86 85 84 84 83 82 81 81 80 79 78 77 76 75 74 72 71 70 68 66 66 66 56 56 56 56 56 56 56 56 56 56 56 56 56 56 56 56 56 56 56 56 56 56 56 56 56 56 56 56 95 95 95 95 95 95 95 95 95 95 95 95 95
101 100 100 100 99 99 99 98 98 98 97 97 96 96 96 95 95 94 94 93 93 93 92 92 91 91 90 89 89 88 88 87 87 86 85 85 84 83 82 82 81 80 79 78 77 76 75 74 73 71 70 68 67 66 66 56 56 56 56 56 56 56 56 56 56 56 56 56 56 56 56 56 56 56 56 56 56 56 56 56 56 56 56 56 56 56 56 95 95 95 95 95 95 95 95 95
101 101 100 100 100 99 99 99 98 98 97 97 97 96 96 95 95 95 94 94 93 93 92 92 91 91 90 90 89 88 88 87 87 86 85 85 84 83 83 82 81 80 79 78 77 76 75 74 73 72 70 69 67 66 66 56 56 56 56 56 56 56 56 56 56 56 56 56 56 56 56 56 56 56 56 56 56 56 56 56 56 56 56 56 56 56 56 56 56 56 56 95 95 95 95 95
101 101 100 100 100 99 99 99 98 98 98 97 97 96 96 96 95 95 94 94 93 93 92 92 91 91 90 90 89 89 88 87 87 86 86 85 84 84 83 82 81 80 80 79 78 77 76 75 73 72 71 69 67 66 66 66 56 56 56 56 56 56 56 56 56 56 56 56 56 56 56 56 56 56 56 56 56 56 56 56 56 56 56 56 56 56 56 56 56 56 56 56 56 56 56 95
101 101 101 100 100 100 99 99 98 98 98 97 97 96 96 96 95 95 94 94 93 93 92 92 92 91 90 90 89 89 88 88 87 86 86 85 84 84 83 82 81 81 80 79 78 77 76 75 74 72 71 70 68 66 66 66 56 56 56 56 56 56 56 56 56 56 56 56 56 56 56 56 56 56 56 56 56 56 56 56 56 56 56 56 56 56 56 56 56 56 56 56 56 56 56 56
101 101 101 100 100 100 99 99 99 98 98 97 97 97 96 96 95 95 95 94 94 93 93 92 92 91 91 90 90 89 88 88 87 87 86 85 85 84 83 82 82 81 80 79 78 77 76 75 74 73 71 70 68 66 66 66 56 56 56 56 56 56 56 56 56 56 56 56 56 56 56 56 56 56 56 56 56 56 56 56 56 56 56 56 56 56 56 56 56 56 56 56 56 56 56 56
101 101 101 100 100 100 99 99 99 98 98 98 97 97 96 96 96 95 95 94 94 93 93 92 92 91 91 90 90 89 89 88 87 87 86 85 85 84 83 83 82 81 80 79 78 78 77 75 74 73 72 70 69 67 66 66 56 56 56 56 56 56 56 56 56 56 56 56 56 56 56 56 56 56 56 56 56 56 56 56 56 56 56 56 56 56 56 56 56 56 56 56 56 56 56 56
102 101 101 101 100 100 100 99 99 98 98 98 97 97 96 96 96 95 95 94 94 93 93 92 92 91 91 90 90 89 89 88 88 87 86 86 85 84 84 83 82 81 80 80 79 78 77 76 75 73 72 71 69 67 66 66 66 56 56 56 56 56 56 56 56 56 56 56 56 56 56 56 56 56 56 56 56 56 56 56 56 56 56 56 56 56 56 56 56 56 56 56 56 56 56 56
102 101 101 101 100 100 100 99 99 99 98 98 97 97 97 96 96 95 95 94 94 94 93 93 92 92 91 91 90 89 89 88 88 87 86 86 85 84 84 83 82 81 81 80 79 78 77 76 75 74 72 71 70 68 66 66 66 56 56 56 56 56 56 56 56 56 56 56 56 56 56 56 56 56 56 56 56 56 56 56 56 56 56 56 56 56 56 56 56 56 56 56 56 56 56 56
102 101 101 101 100 100 100 99 99 99 98 98 98 97 97 96 96 95 95 95 94 94 93 93 92 92 91 91 90 90 89 88 88 87 87 86 85 85 84 83 82 82 81 80 79 78 77 76 75 74 73 71 70 68 66 66 66 56 56 56 56 56 56 56 56 56 56 56 56 56 56 56 56 56 56 56 56 56 56 56 56 56 56 56 56 56 56 56 56 56 56 56 56 56 56 56
102 102 101 101 101 100 100 100 99 99 98 98 98 97 97 96 96 96 95 95 94 94 93 93 92 92 91 91 90 90 89 89 88 87 87 86 86 85 84 83 83 82 81 80 79 78 78 77 75 74 73 72 70 69 67 66 66 56 56 56 56 56 56 56 56 56 56 56 56 56 56 56 56 56 56 56 56 56 56 56 56 56 56 56 56 56 56 56 56 56 56 56 56 56 56 56
102 102 101 101 101 100 100 100 99 99 99 98 98 97 97 97 96 96 95 95 94 94 94 93 93 92 92 91 90 90 89 89 88 88 87 86 86 85 84 84 83 82 81 80 80 79 78 77 76 75 73 72 71 69 67 66 66 66 56 56 56 56 56 56 56 56 56 56 56 56 56 56 56 56 56 56 56 56 56 56 56 56 56 56 56 56 56 56 56 56 56 56 56 56 56 56
102 102 101 101 101 100 100 100 99 99 99 98 98 98 97 97 96 96 95 95 95 94 94 93 93 92 92 91 91 90 90 89 88 88 87 87 86 85 85 84 83 82 82 81 80 79 78 77 76 75 74 72 71 70 68 66 66 66 56 56 56 56 56 56 56 56 56 56 56 56 56 56 56 56 56 56 56 56 56 56 56 56 56 56 56 56 56 56 56 56 56 56 56 56 56 56
102 102 102 101 101 101 100 100 100 99 99 98 98 98 97 97 96 96 96 95 95 94 94 93 93 92 92 91 91 90 90 89 89 88 87 87 86 85 85 84 83 82 82 81 80 79 78 77 76 75 74 73 71 70 68 66 66 66 56 56 56 56 56 56 56 56 56 56 56 56 56 56 56 56 56 56 56 56 56 56 56 56 56 56 56 56 56 56 56 56 56 56 56 56 56 56
102 102 102 101 101 101 100 100 100 99 99 99 98 98 97 97 97 96 96 95 95 94 94 93 93 92 92 91 91 90 90 89 89 88 87 87 86 86 85 84 83 83 82 81 80 79 78 78 76 75 74 73 72 70 69 67 66 66 56 56 56 56 56 56 56 56 56 56 56 56 56 56 56 56 56 56 56 56 56 56 56 56 56 56 56 56 56 56 56 56 56 56 56 56 56 56
102 102 102 101 101 101 100 100 100 99 99 99 98 98 98 97 97 96 96 95 95 95 94 94 93 93 92 92 91 91 90 89 89 88 88 87 86 86 85 84 84 83 82 81 80 80 79 78 77 76 75 73 72 71 69 67 66 66 56 56 56 56 56 56 56 56 56 56 56 56 56 56 56 56 56 56 56 56 56 56 56 56 56 56 56 56 56 56 56 56 56 56 56 56 56 56
103 102 102 102 101 101 101 100 100 100 99 99 98 98 98 97 97 96 96 96 95 95 94 94 93 93 92 92 91 91 90 90 89 88 88 87 87 86 85 85 84 83 82 82 81 80 79 78 77 76 75 74 72 71 69 68 66 66 66 56 56 56 56 56 56 56 56 56 56 56 56 56 56 56 56 56 56 56 56 56 56 56 56 56 56 56 56 56 56 56 56 56 56 56 56 56
103 102 102 102 101 101 101 100 100 100 99 99 99 98 98 97 97 97 96 96 95 95 94 94 93 93 92 92 91 91 90 90 89 89 88 87 87 86 85 85 84 83 82 82 81 80 79 78 77 76 75 74 73 71 70 68 66 66 66 56 56 56 56 56 56 56 56 56 56 56 56 56 56 56 56 56 56 56 56 56 56 56 56 56 56 56 56 56 56 56 56 56 56 56 56 56
103 102 102 102 102 101 101 100 100 100 99 99 99 98 98 97 97 97 96 96 95 95 94 94 94 93 93 92 92 91 90 90 89 89 88 88 87 86 86 85 84 83 83 82 81 80 79 78 77 76 75 74 73 72 70 68 67 66 66 56 56 56 56 56 56 56 56 56 56 56 56 56 56 56 56 56 56 56 56 56 56 56 56 56 56 56 56 56 56 56 56 56 56 56 56 56
103 103 102 102 102 101 101 101 100 100 100 99 99 98 98 98 97 97 96 96 95 95 95 94 94 93 93 92 92 91 91 90 89 89 88 88 87 86 86 85 84 84 83 82 81 80 80 79 78 77 76 74 73 72 70 69 67 66 66 56 56 56 56 56 56 56 56 56 56 56 56 56 56 56 56 56 56 56 56 56 56 56 56 56 56 56 56 56 56 56 56 56 56 56 56 56
103 103 102 102 102 101 101 101 100 100 100 99 99 99 98 98 97 97 96 96 96 95 95 94 94 93 93 92 92 91 91 90 90 89 88 88 87 87 86 85 85 84 83 82 81 81 80 79 78 77 76 75 74 72 71 69 67 66 66 66 56 56 56 56 56 56 56 56 56 56 56 56 56 56 56 56 56 56 56 56 56 56 56 56 56 56 56 56 56 56 56 56 56 56 56 56
103 103 102 102 102 102 101 101 100 100 100 99 99 99 98 98 97 97 97 96 96 95 95 94 94 93 93 92 92 91 91 90 90 89 89 88 87 87 86 85 85 84 83 82 82 81 80 79 78 77 76 75 74 73 71 70 68 66 66 66 56 56 56 56 56 56 56 56 56 56 56 56 56 56 56 56 56 56 56 56 56 56 56 56 56 56 56 56 56 56 56 56 56 56 56 56
103 103 103 102 102 102 101 101 101 100 100 100 99 99 98 98 98 97 97 96 96 95 95 95 94 94 93 93 92 92 91 90 90 89 89 88 88 87 86 86 85 84 83 83 82 81 80 79 78 77 76 75 74 73 71 70 68 66 66 66 56 56 56 56 56 56 56 56 56 56 56 56 56 56 56 56 56 56 56 56 56 56 56 56 56 56 56 56 56 56 56 56 56 56 56 56
103 103 103 102 102 102 101 101 101 100 100 100 99 99 98 98 98 97 97 96 96 96 95 95 94 94 93 93 92 92 91 91 90 89 89 88 88 87 86 86 85 84 84 83 82 81 80 80 79 78 77 76 74 73 72 70 69 67 66 66 56 56 56 56 56 56 56 56 56 56 56 56 56 56 56 56 56 56 56 56 56 56 56 56 56 56 56 56 56 56 56 56 56 56 56 56
103 103 103 102 102 102 101 101 101 100 100 100 99 99 99 98 98 97 97 97 96 96 95 95 94 94 93 93 92 92 91 91 90 90 89 88 88 87 87 86 85 85 84 83 82 81 81 80 79 78 77 76 75 73 72 71 69 67 66 66 56 56 56 56 56 56 56 56 56 56 56 56 56 56 56 56 56 56 56 56 56 56 56 56 56 56 56 56 56 56 56 56 56 56 56 56
104 103 103 103 102 102 102 101 101 101 100 100 99 99 99 98 98 98 97 97 96 96 95 95 94 94 93 93 92 92 91 91 90 90 89 89 88 87 87 86 85 85 84 83 82 82 81 80 79 78 77 76 75 74 72 71 69 68 66 66 66 56 56 56 56 56 56 56 56 56 56 56 56 56 56 56 56 56 56 56 56 56 56 56 56 56 56 56 56 56 56 56 56 56 56 56
104 103 103 103 102 102 102 101 101 101 100 100 100 99 99 98 98 98 97 97 96 96 95 95 95 94 94 93 93 92 92 91 90 90 89 89 88 88 87 86 86 85 84 83 83 82 81 80 79 78 77 76 75 74 73 71 70 68 66 66 66 56 56 56 56 56 56 56 56 56 56 56 56 56 56 56 56 56 56 56 56 56 56 56 56 56 56 56 56 56 56 56 56 56 56 56
104 103 103 103 102 102 102 101 101 101 100 100 100 99 99 99 98 98 97 97 96 96 96 95 95 94 94 93 93 92 92 91 91 90 89 89 88 88 87 86 86 85 84 84 83 82 81 80 79 78 78 76 75 74 73 72 70 68 66 66 66 56 56 56 56 56 56 56 56 56 56 56 56 56 56 56 56 56 56 56 56 56 56 56 56 56 56 56 56 56 56 56 56 56 56 56
104 104 103 103 103 102 102 102 101 101 101 100 100 99 99 99 98 98 97 97 97 96 96 95 95 94 94 93 93 92 92 91 91 90 90 89 88 88 87 87 86 85 84 84 83 82 81 81 80 79 78 77 76 74 73 72 70 69 67 66 66 56 56 56 56 56 56 56 56 56 56 56 56 56 56 56 56 56 56 56 56 56 56 56 56 56 56 56 56 56 56 56 56 56 56 56
104 104 103 103 103 102 102 102 101 101 101 100 100 100 99 99 98 98 98 97 97 96 96 95 95 94 94 94 93 93 92 91 91 90 90 89 89 88 87 87 86 85 85 84 83 82 82 81 80 79 78 77 76 75 73 72 71 69 67 66 66 56 56 56 56 56 56 56 56 56 56 56 56 56 56 56 56 56 56 56 56 56 56 56 56 56 56 56 56 56 56 56 56 56 56 56
