testData/tiles/oneDegree/grid40.0-4.0-41.0-5.0.asc
ncols   200
nrows   200
xllcorner   40.0
yllcorner   4.0
cellsize   0.005
NODATA_value   -9999.0
[rows 0 to 41 of 200, columns 94 to 187 of 200]
728 729 728 728 729 729 730 479 479 479 480 479 480 480 480 481 481 481 481 481 481 482 482 482 482 483 482 482 484 484 484 485 485 484 484 485 485 491 491 491 491 491 492 492 492 491 492 492 492 492 493 492 492 492 486 487 487 486 486 487 487 487 486 486 487 487 487 486 486 487 487 487 486 486 487 487 486 486 486 486 487 486 486 486 486 485 486 485 485 484 484 484 483 484
731 731 730 731 731 732 733 733 481 482 481 481 482 482 482 483 483 483 483 483 483 484 484 484 485 484 484 486 486 486 486 487 486 486 487 487 493 493 494 493 493 493 494 494 494 493 494 494 494 494 495 494 494 494 495 489 489 488 488 489 489 489 488 488 489 489 489 488 488 489 489 489 488 488 489 489 488 488 488 488 489 488 488 488 488 487 488 488 487 486 486 486 485 486
733 733 733 733 734 735 735 735 484 484 483 484 484 484 485 485 485 486 485 485 486 486 486 486 487 487 487 488 488 488 489 489 488 488 489 489 495 495 496 495 495 495 496 496 496 495 496 496 496 496 497 496 496 496 497 491 490 490 490 491 491 491 490 490 491 491 491 490 490 491 491 491 490 490 491 491 490 490 490 490 490 490 490 490 489 489 490 490 489 489 488 488 487 488
735 735 735 736 736 737 737 737 738 486 486 486 486 486 487 487 487 488 487 487 488 488 488 489 490 489 489 490 490 490 491 491 490 490 491 491 497 498 497 497 497 498 498 498 498 498 498 498 498 498 499 498 498 498 499 493 492 492 492 493 493 492 492 492 493 493 493 492 492 493 493 492 492 492 493 493 492 492 492 492 492 492 492 492 491 491 491 492 491 491 491 490 489 489
737 737 738 738 739 739 739 740 740 488 488 488 488 489 489 489 490 489 489 489 490 490 490 492 492 491 492 492 492 492 493 493 492 492 493 493 499 500 499 499 499 500 500 500 499 500 500 500 500 500 500 500 500 500 501 495 494 494 494 495 495 494 494 494 495 495 494 494 494 495 495 494 494 494 494 495 494 494 494 494 493 494 494 494 493 493 493 493 493 493 493 493 491 491
739 739 740 740 741 741 741 742 742 741 490 490 490 491 491 491 492 491 491 492 492 492 493 494 493 493 494 494 494 494 495 494 494 494 495 501 501 502 501 501 501 502 502 502 501 501 502 502 502 502 502 502 502 502 502 503 496 496 496 497 497 496 496 496 497 497 496 496 496 496 497 496 496 496 496 495 496 496 496 496 495 495 496 496 495 495 495 495 495 495 495 494 494 493
741 742 742 742 743 743 743 744 744 743 492 492 492 493 493 493 494 493 493 494 494 495 495 496 495 495 496 496 496 496 497 496 496 496 497 503 503 503 503 503 503 503 504 504 503 503 504 504 504 504 504 504 504 504 504 504 498 498 498 498 499 498 498 498 498 499 498 498 498 498 498 498 498 498 498 497 498 498 498 498 497 497 497 498 497 497 497 497 496 496 497 496 496 496
743 744 744 744 745 745 745 746 746 745 746 494 494 495 495 495 496 495 495 497 497 497 497 498 497 497 497 498 498 498 499 498 498 498 499 505 505 504 505 505 505 505 506 506 505 505 506 506 506 506 505 506 506 506 506 505 500 500 500 500 500 500 500 500 500 500 500 500 500 500 499 499 500 500 500 499 499 499 500 499 499 499 499 498 499 499 499 498 498 498 498 498 498 498
745 746 746 746 747 747 747 748 747 747 748 496 496 497 497 497 497 497 498 498 499 499 499 500 499 499 499 500 500 500 500 500 500 500 500 507 507 506 506 507 507 507 507 507 507 507 507 508 508 507 507 507 508 508 508 507 501 502 502 502 501 501 502 502 502 501 501 502 502 502 501 501 501 502 502 501 501 501 501 501 501 501 501 500 500 500 501 500 500 500 500 499 499 500
747 748 748 748 749 749 749 750 749 749 750 498 498 499 499 499 498 500 500 500 501 501 501 500 501 501 501 502 502 502 501 502 502 502 508 509 509 508 508 509 509 509 509 509 509 509 509 509 510 509 509 509 509 510 510 509 509 503 504 504 503 503 503 504 504 503 503 503 504 504 503 503 503 503 504 503 503 503 503 502 503 503 503 502 502 502 502 502 502 502 502 501 501 501
749 750 750 750 751 751 751 752 751 751 752 752 500 500 501 501 501 502 502 502 502 503 503 502 503 503 503 503 504 504 503 503 504 504 510 510 511 510 510 510 511 511 511 510 511 511 511 511 511 511 511 511 511 511 512 511 511 505 505 506 505 505 505 505 506 505 505 505 505 505 505 505 505 505 504 504 505 505 505 504 504 504 505 504 504 504 504 503 503 504 503 503 503 503
751 752 752 752 753 753 753 754 753 753 753 754 502 502 503 502 503 503 504 504 504 505 505 504 504 505 505 505 505 506 505 505 505 506 512 512 511 512 512 512 512 513 513 512 512 513 513 513 513 512 513 513 513 513 512 513 513 507 507 507 507 507 507 507 507 506 507 507 507 507 506 507 507 507 506 506 506 506 507 506 506 506 506 505 506 506 505 505 505 505 504 504 505 505
753 753 754 754 754 755 755 754 755 755 755 756 756 504 504 505 505 505 506 506 506 506 507 506 506 506 507 507 507 507 507 507 507 507 514 514 513 513 514 514 514 514 514 514 514 514 514 515 514 514 514 515 515 515 514 514 515 509 509 508 508 508 509 509 509 508 508 509 509 508 508 508 508 509 508 508 508 508 507 507 508 508 507 507 507 507 506 507 507 507 506 506 506 505
755 755 756 756 756 757 757 756 756 757 757 757 758 506 507 506 507 507 507 508 508 508 507 508 508 508 508 509 509 508 508 509 509 509 515 516 515 515 515 516 516 516 515 516 516 516 516 516 516 517 517 517 517 518 517 517 517 511 512 511 511 511 511 511 511 511 510 510 510 510 510 510 510 510 509 510 510 510 509 509 509 509 509 509 509 509 508 508 508 508 508 508 508 507
757 757 757 758 758 758 759 758 758 759 759 759 759 509 509 508 509 509 509 509 510 510 509 509 510 510 510 510 511 510 510 510 511 511 517 517 517 517 517 517 518 518 517 517 517 518 519 519 518 518 519 519 519 519 518 519 519 513 513 512 513 513 513 513 512 512 513 513 513 511 511 511 512 511 511 511 511 511 511 511 511 511 510 510 510 511 510 510 510 510 509 509 509 509
759 759 759 759 760 760 759 760 760 760 761 761 762 762 510 510 510 511 511 511 511 512 511 511 511 512 512 512 512 512 512 512 512 519 519 518 518 519 519 519 519 519 519 520 520 520 520 521 520 520 520 521 521 520 520 520 520 521 515 514 514 514 515 515 514 514 514 514 515 514 514 514 513 512 513 513 513 513 512 512 512 513 512 512 512 512 511 511 512 511 511 511 511 510
760 761 761 761 761 762 761 761 762 762 762 763 764 764 511 512 512 512 512 513 513 512 513 513 513 513 514 514 514 513 514 514 514 520 520 520 520 520 520 521 521 521 521 521 522 522 522 521 522 522 522 522 522 522 522 522 522 522 515 516 516 516 516 516 516 516 516 516 515 515 516 516 516 515 514 514 514 514 514 514 514 513 513 513 514 513 513 513 513 512 512 512 513 512
762 762 763 763 763 763 763 763 763 764 764 765 765 766 765 513 514 514 514 514 515 514 514 514 515 515 515 515 515 515 515 515 516 522 522 521 522 522 522 523 523 523 523 523 523 524 524 523 523 523 524 524 524 523 523 523 524 524 517 517 517 518 518 517 517 517 517 518 517 517 517 517 517 517 517 517 516 515 515 515 516 515 515 515 515 514 514 515 515 514 514 514 513 513
764 764 764 765 765 765 764 765 765 765 767 767 767 766 767 515 515 515 516 516 516 516 516 516 516 517 517 517 516 517 517 517 517 523 524 523 523 524 525 525 525 524 524 525 525 525 525 524 525 525 525 525 525 525 525 525 525 525 519 519 519 519 519 518 519 519 519 519 518 518 519 519 519 518 518 518 519 518 517 517 517 516 516 517 517 516 516 516 516 515 515 516 515 515
765 766 766 766 767 766 766 766 767 768 768 768 769 768 768 517 517 517 517 518 518 517 517 518 518 518 518 519 518 518 518 519 519 525 524 524 526 526 526 526 527 526 526 526 526 527 527 526 526 526 527 527 526 526 526 527 527 527 520 520 520 521 521 520 520 520 520 521 520 520 520 520 519 520 520 520 520 519 519 518 519 518 518 518 518 517 517 518 517 517 517 517 516 516
767 767 768 768 768 767 768 768 768 770 770 770 770 770 770 770 518 519 519 519 518 519 519 519 519 520 520 519 519 520 520 520 526 527 527 527 527 527 528 528 527 527 528 528 528 528 527 528 528 528 528 528 528 528 528 528 528 527 528 522 522 522 522 521 522 522 522 521 521 521 522 522 521 521 521 521 521 521 521 521 521 519 519 520 519 519 519 519 518 518 518 519 518 518
769 769 769 769 770 769 769 770 771 771 771 772 772 771 771 772 520 520 521 521 520 520 521 521 521 521 521 521 521 521 521 522 528 529 528 529 529 529 529 529 529 529 529 529 529 530 529 529 529 529 530 530 529 529 529 530 530 529 529 523 523 524 523 523 523 523 523 523 523 523 523 523 522 523 523 523 522 522 522 522 522 522 521 521 520 520 520 520 520 520 520 519 519 519
770 770 771 771 770 771 771 771 772 773 773 773 772 773 773 773 774 522 522 522 522 522 522 522 523 523 523 522 522 523 523 523 530 531 530 530 530 530 531 531 530 530 531 531 531 531 530 531 531 531 531 531 530 531 531 531 531 530 531 525 525 525 524 524 525 525 525 524 524 524 525 525 524 524 524 524 523 524 524 524 523 523 523 522 522 522 522 522 521 521 521 520 521 521
772 772 772 773 772 772 772 774 774 774 774 775 774 774 775 775 775 523 524 523 523 523 524 524 524 524 524 524 524 524 524 526 532 531 531 532 532 532 532 532 532 532 532 532 532 533 532 532 532 532 533 532 532 532 532 532 533 532 532 526 526 527 526 526 526 526 526 526 526 526 526 525 525 525 526 526 525 525 525 525 524 525 525 525 523 523 523 522 522 523 523 522 522 522
773 773 774 774 773 774 774 775 775 776 776 776 775 776 776 776 777 525 525 524 525 525 525 525 525 526 525 525 525 526 527 527 533 533 533 533 533 533 534 533 533 533 533 534 534 533 533 533 534 534 534 533 533 534 534 534 533 533 533 528 528 528 527 527 527 528 527 527 527 527 527 527 527 527 527 526 526 526 527 527 526 526 526 526 525 524 525 524 524 524 524 523 523 523
775 775 775 775 775 775 776 777 777 777 777 777 777 777 777 778 778 778 527 526 526 526 526 527 527 527 526 527 527 528 528 529 535 534 534 534 535 535 535 534 534 535 535 535 535 534 535 535 535 535 535 535 535 535 535 535 535 535 535 529 529 528 529 529 529 529 528 528 528 529 529 528 528 528 528 528 528 528 528 527 527 527 527 527 527 527 526 525 525 525 524 525 525 525
776 776 777 776 776 778 778 778 778 779 779 778 778 779 779 779 779 780 528 527 527 528 528 528 528 529 528 528 529 530 530 530 535 535 536 536 536 536 536 536 536 536 536 536 537 536 536 536 536 537 537 536 536 536 537 537 536 536 536 530 531 530 530 530 530 530 530 530 530 530 530 529 529 530 530 529 529 529 529 528 529 529 529 528 528 528 528 526 527 527 526 526 526 526
778 778 778 777 778 779 779 780 780 780 780 780 780 780 780 781 781 781 528 529 529 529 529 530 530 529 529 530 531 531 531 537 537 537 537 537 537 538 537 537 537 537 538 538 538 537 537 538 538 538 537 537 538 538 538 538 537 537 538 538 532 531 531 531 532 532 531 531 531 531 530 531 531 531 531 530 530 530 531 530 530 530 530 529 529 530 529 529 528 528 527 527 527 526
779 779 779 779 780 780 781 781 781 782 781 781 781 782 782 782 782 783 782 530 530 530 531 531 531 530 532 532 532 532 533 539 538 538 538 539 539 539 538 538 539 539 539 539 538 539 539 539 539 539 539 539 539 539 539 538 539 539 539 539 533 532 533 533 533 532 532 532 533 533 532 532 532 532 531 532 532 532 532 531 531 531 531 531 531 531 530 530 530 529 528 529 529 528
780 781 780 780 782 782 782 782 783 783 782 782 783 783 783 783 784 784 783 531 532 532 532 532 533 532 533 533 533 534 534 540 539 540 540 540 540 540 540 540 540 540 540 541 540 540 540 540 541 541 540 540 540 540 541 540 540 540 540 540 534 534 534 534 534 533 534 534 534 534 533 533 533 534 533 533 533 533 532 532 533 533 532 532 532 532 531 531 532 531 530 530 530 529
782 782 781 782 783 783 783 784 784 784 784 784 784 784 785 785 785 784 785 785 533 533 533 534 533 534 534 535 535 535 535 540 541 541 541 541 541 542 541 541 541 542 542 542 541 541 541 542 542 541 541 541 542 542 542 541 541 541 542 542 535 535 535 535 536 535 535 535 535 535 534 535 535 535 534 534 534 534 534 534 534 534 533 533 533 533 533 533 533 532 531 531 531 530
783 783 783 784 784 785 785 785 785 785 785 785 785 786 786 786 786 786 786 786 534 535 535 535 535 535 536 536 536 536 537 542 542 542 542 543 543 542 542 542 543 543 543 542 542 544 543 543 543 542 542 543 543 543 543 542 543 543 543 543 536 536 537 537 537 536 536 536 536 536 536 536 536 536 535 535 536 536 535 535 535 535 534 534 535 534 534 534 534 533 533 532 531 532
785 784 784 785 786 786 786 786 787 786 786 786 787 787 787 787 788 787 787 787 536 536 536 537 537 537 537 537 537 538 538 543 543 543 544 544 544 543 544 544 544 544 544 544 545 545 545 545 544 544 544 544 544 544 543 544 544 544 544 543 537 538 538 538 537 537 537 538 538 537 537 537 537 536 537 537 537 537 536 536 536 536 536 536 536 535 535 535 535 534 535 535 533 533
786 785 786 787 787 787 788 788 788 787 788 788 788 788 789 789 788 788 788 789 789 537 537 539 538 538 538 539 539 539 538 544 545 545 545 545 545 545 545 545 545 545 546 546 546 546 546 546 546 545 545 545 545 546 545 545 545 545 545 545 539 539 539 539 538 538 539 539 539 538 538 538 539 538 538 538 538 537 537 537 538 537 537 537 537 536 536 536 536 536 536 536 534 534
786 787 788 788 788 789 789 789 788 789 789 789 789 790 790 790 789 790 790 790 790 538 540 539 539 539 540 540 540 540 545 546 546 546 546 546 546 546 546 546 546 547 547 547 547 547 548 548 547 546 546 546 547 547 546 546 546 546 547 546 546 540 540 540 540 540 540 540 539 539 539 540 540 539 539 539 539 538 539 539 539 538 538 538 538 537 538 538 537 537 537 537 536 535
788 788 789 789 790 790 790 790 790 790 790 790 791 791 791 791 791 791 791 791 791 540 541 540 540 541 541 541 541 541 547 547 547 547 547 548 547 547 547 547 548 549 548 548 548 549 549 549 548 548 548 548 548 547 547 547 548 548 548 547 547 541 541 542 541 541 541 541 540 541 541 541 541 540 540 540 540 540 540 540 540 539 539 539 538 539 539 539 538 538 538 537 537 536
789 790 790 791 791 791 791 792 791 791 791 792 792 792 792 792 792 792 792 793 793 794 542 541 542 542 542 542 542 542 548 548 548 549 549 549 548 548 549 549 549 550 549 549 550 550 550 550 549 550 549 549 549 548 548 549 549 549 548 548 548 543 543 542 542 542 542 542 542 542 542 542 541 541 541 542 542 541 541 541 540 540 540 541 540 540 540 540 539 539 539 538 539 539
790 791 792 792 792 792 793 792 792 792 793 793 793 793 794 793 793 793 794 794 794 795 542 543 543 543 543 543 544 543 549 549 550 550 550 549 549 550 550 550 550 551 550 551 551 551 551 550 551 551 550 550 550 549 550 550 550 550 549 549 550 544 544 543 543 543 543 544 543 543 543 543 542 542 543 543 542 542 542 542 541 541 542 542 541 541 541 540 540 540 540 540 540 540
791 793 793 793 793 794 794 793 793 794 794 794 794 795 795 794 794 795 795 795 796 796 544 544 544 544 544 545 545 544 550 551 551 551 551 550 551 551 551 551 552 551 552 552 552 552 552 552 552 552 552 551 551 551 551 551 551 551 550 551 551 545 545 544 544 544 545 544 544 544 544 544 543 544 544 544 543 543 543 543 542 543 543 543 542 542 542 541 541 542 542 541 541 541
794 794 794 794 795 795 795 794 795 795 795 795 796 796 795 795 795 796 796 796 797 798 797 545 545 545 546 546 545 545 552 552 552 552 552 552 552 552 552 552 553 553 553 553 553 553 554 553 553 553 553 552 552 552 552 552 552 551 552 552 552 546 545 545 545 546 546 545 545 545 545 544 545 545 545 545 544 544 544 545 544 544 544 543 543 543 543 542 543 543 542 542 542 541
795 795 795 796 796 796 795 796 796 796 796 796 797 797 796 796 797 797 797 798 799 798 798 546 546 547 547 547 546 546 553 553 553 553 553 553 553 553 553 553 555 554 554 554 554 555 554 554 554 554 554 554 553 553 553 553 553 553 553 553 553 547 546 546 547 547 547 546 546 546 546 546 546 546 546 545 545 545 546 545 545 545 545 544 544 544 544 544 544 544 543 543 543 542
796 796 796 797 797 797 796 797 797 797 797 798 798 798 797 798 798 798 798 800 800 799 799 547 548 548 548 548 547 548 554 554 554 554 554 554 554 554 554 556 555 555 555 555 555 556 555 555 555 555 556 556 554 554 554 554 555 554 554 554 554 548 547 548 548 548 547 547 547 547 548 547 547 547 547 546 546 547 547 546 546 546 546 545 545 545 545 545 545 545 544 544 544 543
