testData/tiles/oneDegree/grid40.0-38.0-41.0-39.0.asc
ncols   200
nrows   200
xllcorner   40.0
yllcorner   38.0
cellsize   0.005
NODATA_value   -9999.0
[rows 84 to 125 of 200, columns 0 to 93 of 200]
866 865 865 864 863 863 862 861 860 859 858 858 858 857 856 737 737 736 736 735 734 734 733 732 732 731 730 729 728 727 727 727 725 725 724 724 723 722 722 720 720 719 718 717 716 716 715 714 713 713 712 711 711 710 709 709 708 706 705 705 639 639 639 637 637 636 636 635 634 634 631 631 629 629 629 627 627 626 625 624 624 623 621 621 619 619 618 617 617 615 615 613 613 612
866 865 865 864 863 863 862 862 861 859 858 858 858 857 856 855 737 737 736 735 734 734 733 732 732 731 731 728 728 727 727 726 725 725 724 723 723 722 722 720 720 719 719 717 716 716 715 714 714 713 712 711 711 710 709 709 708 707 705 641 639 639 639 637 637 636 635 635 634 633 632 631 629 629 629 627 627 626 625 624 624 623 622 620 619 619 618 617 617 615 615 613 613 613
866 865 865 863 863 863 862 862 861 860 858 858 858 857 856 855 855 855 735 735 734 734 733 732 732 731 731 729 729 728 727 726 725 725 724 723 723 722 722 720 720 719 719 718 717 716 714 714 714 713 712 711 711 709 709 709 708 707 706 641 639 639 639 637 637 636 635 635 634 633 632 632 629 629 629 627 627 626 625 625 624 623 622 621 619 619 618 617 617 615 615 613 613 613
866 865 865 863 863 863 862 862 860 860 860 859 858 856 856 855 855 855 853 735 734 734 732 732 732 731 731 729 729 729 727 726 725 725 724 723 723 722 722 720 720 719 719 718 717 717 714 714 714 713 712 711 711 709 709 709 707 707 642 642 640 639 639 637 637 636 635 635 634 633 632 632 630 629 629 627 627 626 625 625 623 623 622 621 620 619 618 617 616 615 615 613 613 612
866 865 865 863 863 863 862 862 860 860 860 859 859 856 856 855 855 855 853 853 734 734 733 732 732 731 730 729 729 729 728 726 725 725 724 723 723 722 722 720 720 720 718 718 717 717 715 714 714 712 712 711 711 709 709 709 707 707 642 641 641 639 639 637 637 636 635 635 634 633 632 632 630 630 629 627 627 625 625 625 623 623 622 621 620 620 618 617 616 615 615 613 613 612
866 865 864 864 863 863 862 862 860 860 860 859 859 857 857 855 855 854 853 853 852 734 733 732 732 731 730 729 729 729 727 727 726 725 723 723 723 722 721 720 720 720 718 718 717 717 715 715 714 712 712 711 711 709 709 709 707 707 642 641 641 640 639 637 637 635 635 635 634 633 632 631 630 630 629 627 627 625 625 625 623 623 622 621 620 619 619 617 616 615 615 613 613 612
866 865 864 864 863 863 862 861 860 860 860 859 858 857 857 856 855 854 853 853 852 851 733 732 732 731 730 729 729 729 727 727 726 726 723 723 723 722 721 720 720 720 718 718 717 716 715 715 715 713 712 711 710 709 709 709 707 643 642 641 641 640 639 638 637 635 635 635 633 633 632 631 630 630 629 628 627 625 625 625 623 623 622 621 620 619 619 618 616 615 614 614 613 612
866 865 864 864 863 863 862 861 860 860 860 859 858 857 857 856 856 855 853 853 852 851 851 850 732 731 730 729 729 729 727 727 726 726 724 723 723 722 721 720 720 719 718 718 717 716 715 715 715 713 713 711 710 709 709 708 707 643 642 641 641 640 639 638 638 635 635 635 633 633 632 631 631 630 629 628 628 625 625 625 623 623 621 621 620 619 619 618 617 615 614 614 613 612
866 864 864 864 863 863 861 861 860 860 860 858 858 857 857 856 855 855 854 853 852 851 851 850 850 730 730 729 729 728 727 727 726 725 724 724 724 721 721 720 720 719 718 718 717 716 715 715 714 713 713 712 710 709 709 708 643 643 641 641 641 640 639 638 638 636 635 635 633 633 632 631 631 630 629 628 628 626 625 624 623 623 621 621 620 619 619 617 617 616 614 614 612 612
867 864 864 864 863 863 861 861 860 860 860 858 858 857 857 856 855 855 854 854 852 851 851 850 850 848 730 729 729 728 727 727 726 725 724 724 724 722 721 720 720 719 718 718 716 716 715 715 714 713 713 712 711 709 709 708 643 643 641 641 641 639 639 638 637 636 636 635 633 633 632 631 631 629 629 628 627 626 626 624 623 623 621 621 619 619 619 617 617 616 615 614 612 612
866 865 864 864 863 863 861 861 860 860 860 858 858 857 857 855 855 855 854 854 852 852 851 850 849 848 848 729 729 728 727 727 726 725 724 724 724 722 722 720 720 719 718 718 716 716 715 715 714 713 713 711 711 710 709 708 643 643 641 641 641 639 639 638 637 636 636 635 633 633 631 631 630 629 629 628 627 626 626 625 623 623 621 621 619 619 619 617 617 615 615 615 612 612
866 865 865 865 863 862 861 861 860 860 859 858 858 857 857 855 855 855 854 854 852 852 852 850 849 848 848 847 728 728 727 727 725 725 724 724 723 722 722 721 719 719 718 718 716 716 715 714 714 713 713 711 711 710 709 644 643 643 641 641 641 639 639 638 637 636 636 635 634 633 631 631 630 629 629 628 627 626 626 625 624 622 621 621 619 619 619 617 617 615 615 614 613 612
866 865 865 864 864 862 861 861 860 860 859 858 858 857 857 855 855 855 854 853 852 852 852 851 850 848 848 847 846 728 727 727 725 725 724 724 723 722 722 721 720 720 718 718 716 716 715 714 714 713 713 711 711 710 709 645 644 642 641 641 641 639 639 638 637 636 636 635 634 634 631 631 630 629 629 628 627 626 625 625 624 623 621 621 619 619 618 617 617 615 615 614 613 613
866 865 865 864 863 863 862 861 860 859 859 858 858 857 856 855 855 855 854 853 852 852 851 850 850 849 848 847 846 846 845 727 725 725 724 724 723 722 722 720 720 719 719 717 716 716 715 714 714 713 712 711 711 710 645 645 644 643 641 641 640 639 639 637 637 636 635 635 634 633 632 631 629 629 629 627 627 626 625 625 624 623 622 620 619 619 618 617 617 615 615 613 613 613
866 865 865 864 863 863 862 862 860 859 858 858 858 857 856 855 855 855 853 853 852 852 851 850 850 849 849 846 846 846 845 844 725 725 724 723 723 722 722 720 720 719 719 718 716 716 714 714 714 713 712 711 711 709 645 645 644 643 642 641 639 639 639 637 637 636 635 635 634 633 632 632 629 629 629 627 627 626 625 625 624 623 622 621 619 619 618 617 616 615 615 613 613 612
866 865 865 863 863 863 862 862 860 860 858 858 858 856 856 855 855 855 853 853 852 852 850 850 850 849 849 847 847 845 845 844 843 725 724 723 723 722 722 720 720 719 718 718 717 716 714 714 714 713 712 711 711 709 645 645 643 643 642 642 639 639 639 637 637 636 635 635 634 633 632 632 630 629 629 627 627 625 625 624 623 623 622 621 620 619 618 617 616 615 615 613 613 612
866 865 865 863 863 863 862 862 860 860 859 858 858 856 856 855 855 854 853 853 852 852 850 850 850 849 848 847 847 846 845 844 843 843 723 723 723 722 721 720 720 719 718 718 717 717 714 714 713 712 712 711 711 645 645 645 643 643 642 641 640 639 638 637 637 635 635 635 634 633 632 631 630 630 628 627 627 625 625 624 623 623 622 621 620 619 618 617 616 615 614 613 613 612
866 865 864 863 863 862 862 861 860 860 859 859 858 856 856 855 855 853 853 853 852 852 850 850 850 849 848 847 847 846 845 844 843 843 841 723 722 722 721 720 720 719 718 718 717 716 715 714 713 712 712 711 710 645 645 645 643 643 642 641 640 640 638 637 637 635 635 634 633 633 632 631 630 630 629 627 627 625 625 624 623 623 621 621 620 619 619 617 616 615 614 613 613 612
866 865 864 863 863 862 862 861 860 860 859 859 857 857 856 855 855 853 853 853 852 851 850 850 849 848 848 847 847 846 845 845 843 843 841 841 722 722 721 720 720 718 718 718 717 716 715 715 713 712 712 711 646 645 645 643 643 643 642 641 640 640 639 637 637 635 635 634 633 633 632 631 630 630 629 628 627 625 625 623 623 623 621 621 620 619 618 617 616 615 614 613 612 612
865 864 864 863 863 862 861 861 860 860 859 858 857 857 857 855 854 853 853 853 852 851 850 850 849 848 848 847 847 845 845 845 844 843 841 841 840 721 721 720 720 718 718 717 717 716 715 715 713 713 712 711 646 645 645 643 643 643 641 641 640 639 639 638 636 635 635 634 633 633 631 631 630 629 628 628 627 625 625 623 623 623 621 621 619 619 618 617 617 615 614 613 612 612
864 864 864 863 863 862 861 860 860 860 859 858 857 857 857 856 855 853 853 852 851 851 850 850 849 848 848 847 847 845 845 844 844 843 842 841 840 839 721 720 719 718 718 717 716 716 715 715 713 713 713 646 646 645 645 643 643 643 641 641 640 639 638 638 637 635 635 633 633 633 631 631 630 629 628 628 627 626 625 623 623 622 621 621 619 619 618 617 617 615 614 613 612 611
864 864 863 863 863 861 861 860 860 860 858 858 857 857 856 855 855 854 853 852 851 851 850 850 848 848 847 847 846 845 845 844 843 843 842 842 839 839 838 720 719 718 718 717 716 716 715 714 713 713 712 647 646 645 644 643 643 642 641 641 640 639 638 638 637 636 635 633 633 633 631 631 630 629 628 628 627 626 625 623 623 621 621 621 619 619 617 617 617 615 615 612 612 611
864 864 863 863 863 861 861 860 860 860 858 858 857 857 856 855 855 854 854 851 851 851 850 850 848 848 847 847 846 845 845 844 843 843 842 842 840 839 838 838 719 718 718 716 716 716 715 714 713 713 711 647 647 645 644 643 643 641 641 641 639 639 638 637 637 636 635 633 633 631 631 631 629 629 628 627 627 626 625 624 623 621 621 620 619 619 617 617 617 615 615 612 612 611
864 864 863 863 861 861 861 860 860 858 858 858 857 857 855 855 855 854 854 852 852 850 850 849 848 848 847 846 846 845 845 843 843 842 842 841 840 840 838 837 837 718 718 716 716 715 714 714 713 713 647 647 647 645 644 643 643 641 641 641 639 639 638 637 637 636 635 634 633 631 631 631 629 629 628 627 627 626 625 624 622 621 621 620 619 619 617 617 615 615 615 613 612 610
865 864 863 862 861 861 861 860 860 858 858 858 857 856 855 855 854 854 853 852 852 851 850 849 848 848 847 846 845 845 845 843 843 842 842 841 840 840 839 837 836 836 717 716 716 715 714 714 713 713 647 647 646 645 645 643 642 641 641 640 639 639 638 637 636 636 635 634 634 631 631 631 629 629 627 627 626 625 625 624 623 621 621 620 619 618 617 617 615 615 614 613 613 610
865 865 864 862 861 861 861 860 859 858 858 857 857 856 855 855 854 853 853 852 852 851 850 848 848 848 846 846 845 845 844 843 843 842 841 841 840 840 838 838 836 836 835 716 716 715 714 714 713 648 647 647 645 645 645 644 642 641 641 640 639 639 637 637 636 635 635 634 633 632 631 630 629 629 627 627 626 625 625 624 623 622 620 619 619 618 617 617 615 615 614 613 613 611
865 864 863 863 861 861 860 859 859 858 858 857 856 856 855 855 854 853 852 852 852 850 850 849 848 848 846 846 845 845 844 843 843 842 841 840 840 840 838 838 837 835 835 834 834 714 714 713 713 648 647 647 645 645 645 643 643 641 641 639 639 639 637 637 636 635 635 634 633 632 631 629 629 629 627 627 626 625 625 623 623 622 621 619 619 618 617 616 615 615 614 613 612 611
865 863 863 863 862 862 860 859 859 858 858 857 856 855 855 855 853 853 852 852 852 850 850 849 849 847 846 846 845 844 843 843 843 841 841 840 840 839 838 838 837 836 834 834 834 832 714 713 648 648 647 647 645 645 644 643 643 642 640 639 639 638 637 637 635 635 634 633 633 632 631 629 629 628 627 627 625 625 624 623 623 622 621 620 618 618 617 616 615 614 613 613 612 611
865 863 863 862 862 862 860 859 858 858 858 856 856 855 855 855 853 853 852 852 850 850 850 849 849 847 847 846 845 844 843 843 843 841 841 840 840 838 838 838 836 836 835 834 833 832 832 713 648 647 647 646 645 645 643 643 643 642 641 639 639 638 637 637 635 635 634 633 633 632 631 630 629 628 627 627 625 625 623 623 623 621 621 620 619 618 616 616 615 614 613 613 612 611
864 863 863 862 862 861 860 860 858 858 856 856 856 855 855 853 853 853 852 852 850 850 850 849 848 847 847 847 844 844 843 843 841 841 841 840 839 838 838 838 836 836 835 835 833 832 832 766 648 647 647 646 645 645 643 643 643 641 641 640 638 637 637 637 635 635 634 633 633 632 631 630 629 627 627 626 625 625 623 623 623 621 621 619 619 618 616 616 615 614 613 612 612 611
863 863 863 862 862 860 860 860 859 858 856 856 856 855 854 853 853 853 852 851 850 850 849 848 848 847 847 846 845 844 843 843 841 841 841 840 839 838 838 836 836 836 835 834 833 833 832 766 766 647 646 646 645 645 643 643 642 641 641 640 638 637 637 636 635 635 633 633 632 631 631 630 629 628 627 626 625 625 623 623 621 621 621 619 619 618 616 616 614 614 613 612 611 610
863 863 862 862 861 860 860 859 859 858 857 856 855 855 854 853 853 852 851 851 850 850 849 848 848 847 847 845 845 845 843 842 841 841 840 839 839 838 838 836 836 836 835 834 833 833 767 766 766 765 646 645 645 644 643 643 641 641 641 640 639 637 637 635 635 635 633 633 632 631 631 630 629 628 627 625 625 624 623 623 621 621 621 619 619 617 617 616 614 614 612 612 611 610
863 863 862 861 861 860 860 859 858 858 857 857 855 854 854 853 853 852 851 851 850 850 848 848 847 847 846 845 845 844 844 842 841 841 840 839 839 838 837 836 836 835 834 834 833 833 767 766 766 764 764 645 645 644 643 643 641 641 640 639 639 638 636 635 635 634 633 633 631 631 631 629 629 628 627 626 625 624 623 623 621 621 620 619 619 617 617 615 614 614 612 612 610 610
863 863 861 861 860 860 860 859 858 857 857 857 855 854 853 853 853 851 851 850 850 850 848 848 847 847 846 845 845 844 843 843 841 841 839 839 838 838 837 836 836 835 834 834 833 832 767 767 766 764 764 763 644 643 643 642 641 641 640 639 639 638 637 635 635 634 633 633 631 631 630 629 629 628 627 626 624 624 623 622 621 621 619 619 618 617 617 615 615 614 612 612 610 610
863 863 861 861 860 860 860 858 858 857 857 857 855 855 853 853 851 851 851 850 850 848 848 848 847 846 845 845 845 843 843 842 842 840 839 839 838 837 837 836 836 834 834 833 833 768 767 767 765 764 764 763 762 643 643 642 641 641 639 639 638 637 637 636 634 633 633 632 631 631 629 629 629 627 627 626 625 623 623 622 621 620 619 619 618 617 617 615 615 612 612 612 610 610
863 861 861 861 860 860 858 858 858 857 857 855 855 855 854 854 851 851 851 850 849 848 848 848 847 846 845 845 845 843 843 842 842 840 839 839 838 837 836 836 835 834 834 833 832 768 767 767 765 765 764 762 762 761 642 641 641 641 639 639 638 637 637 636 635 633 633 632 631 631 629 629 628 627 627 625 625 624 622 622 621 620 619 619 617 617 616 615 615 613 612 611 610 610
862 861 861 860 860 859 858 858 857 857 856 855 855 854 854 853 852 851 850 850 849 848 848 847 846 846 845 845 843 843 843 842 841 840 840 839 837 837 836 836 835 834 834 832 768 767 767 766 765 765 763 762 762 761 760 641 641 640 639 639 637 637 637 635 635 634 632 631 631 630 629 629 627 627 627 625 625 624 623 621 621 620 619 618 617 617 616 615 614 613 613 611 610 609
861 861 861 860 859 858 858 858 857 856 856 855 855 854 853 853 852 852 850 849 849 848 848 846 846 846 845 844 843 843 842 842 841 840 840 838 837 837 836 835 834 834 834 832 768 767 766 766 765 765 763 763 762 760 760 759 641 639 639 639 637 637 636 635 635 634 633 631 631 630 629 629 627 627 626 625 625 623 623 622 620 620 619 618 617 616 616 615 614 613 612 611 610 609
861 861 861 860 859 858 858 858 857 856 855 855 855 854 853 852 852 852 850 849 848 848 848 846 846 845 845 844 843 843 842 841 841 840 840 838 838 837 836 835 834 834 833 768 768 767 766 765 765 764 763 763 762 760 760 759 640 639 639 638 637 637 635 635 635 633 633 631 630 629 629 628 627 627 625 625 625 623 623 622 620 619 618 618 617 616 615 614 614 613 612 611 609 609
861 861 860 859 859 858 858 857 856 856 855 855 854 853 853 852 852 850 850 850 848 848 846 846 846 845 844 843 843 843 841 841 840 840 839 838 838 837 835 835 834 834 832 768 768 766 766 765 765 764 763 763 761 761 760 758 758 639 639 637 637 637 635 635 634 633 633 632 630 629 629 628 627 627 625 625 623 623 623 621 621 619 618 618 616 616 615 614 614 613 612 611 610 608
861 861 859 859 858 858 858 856 856 855 855 855 853 853 853 852 852 850 850 850 849 847 846 846 846 844 844 843 843 843 841 841 840 840 839 838 838 836 836 834 834 833 768 768 767 766 766 765 764 763 763 763 761 761 760 758 758 757 638 637 637 636 635 635 633 633 632 631 631 629 628 627 627 626 625 625 623 623 623 621 621 619 618 618 616 616 615 614 613 612 612 611 610 609
862 859 859 859 858 858 856 856 856 855 855 854 853 853 852 852 851 850 850 849 848 848 846 846 845 844 844 843 843 841 841 841 840 839 838 838 838 836 836 835 833 833 768 768 766 766 766 765 764 763 763 762 761 761 759 759 757 757 756 637 637 635 635 635 633 633 632 631 631 630 628 627 627 626 625 624 623 623 621 621 621 619 619 616 616 616 614 614 613 612 612 610 610 609
