testData/tiles/oneDegree/grid32.0-36.0-33.0-37.0.asc
ncols   200
nrows   200
xllcorner   32.0
yllcorner   36.0
cellsize   0.005
NODATA_value   -9999.0
[rows 0 to 41 of 200, columns 94 to 187 of 200]
486 487 486 486 486 486 485 486 485 485 486 485 485 484 485 484 484 484 484 484 483 484 483 483 482 483 482 482 481 481 482 481 481 480 480 479 479 479 479 478 478 477 477 477 476 476 475 475 474 474 473 473 472 472 471 471 470 470 468 468 467 467 467 466 466 464 464 464 464 464 463 463 463 463 462 462 462 462 461 461 461 460 460 460 460 459 459 459 458 458 458 457 457 457
486 485 486 485 485 485 485 485 485 485 484 484 484 484 484 484 484 483 483 483 483 482 482 482 482 482 481 482 481 481 480 480 479 480 479 479 479 478 478 477 477 476 476 475 475 474 475 474 474 472 472 472 471 471 470 470 469 469 468 468 467 467 465 465 464 464 464 464 463 463 463 463 462 462 462 462 461 461 461 461 460 460 460 459 459 459 459 458 458 458 457 457 457 456
484 485 484 484 485 484 484 484 484 483 484 484 483 484 483 483 482 483 482 482 482 482 482 481 481 481 481 480 480 480 480 480 479 479 478 478 477 477 477 477 476 476 476 475 475 474 474 473 473 472 472 471 471 470 470 469 469 467 467 467 466 466 465 465 464 463 463 463 463 463 462 462 462 462 461 461 461 461 460 460 460 460 459 459 459 458 458 458 457 457 457 456 456 456
484 484 484 484 483 484 483 483 484 483 483 483 483 482 482 483 482 482 482 482 481 481 480 481 481 480 480 480 480 479 479 478 478 477 478 477 477 477 476 476 475 475 474 474 473 473 472 472 471 471 471 470 470 469 469 468 468 467 467 466 466 464 464 463 463 463 463 463 462 462 462 462 461 461 461 461 461 460 460 460 459 459 459 459 458 458 458 457 457 457 456 456 456 455
484 483 483 483 483 483 483 483 482 483 482 482 482 482 482 481 482 481 481 480 481 481 480 480 479 480 479 479 478 478 479 478 478 477 477 476 476 475 476 475 475 474 474 474 473 473 472 472 471 471 470 470 469 469 468 468 467 466 466 465 465 464 464 463 463 462 462 462 462 462 461 461 461 461 461 460 460 460 460 459 459 459 458 458 458 458 457 457 457 456 456 456 455 455
482 483 483 482 483 482 482 482 482 482 481 482 481 481 481 481 480 480 481 480 480 479 480 479 479 478 478 479 478 478 477 477 476 476 476 476 476 475 475 474 474 473 473 472 472 471 471 470 470 470 469 469 468 468 467 467 466 466 465 465 464 463 462 462 462 462 462 462 461 461 461 461 461 460 460 460 460 459 459 459 459 458 458 458 457 457 457 457 456 456 456 455 455 455
482 482 481 482 481 481 482 481 481 481 481 480 481 481 480 480 480 480 479 479 479 479 479 478 478 478 478 477 477 476 477 477 476 476 475 475 474 474 473 474 473 473 472 472 472 471 471 470 470 469 469 468 468 467 467 466 465 465 464 464 463 463 462 462 462 461 461 461 461 461 460 460 460 460 460 459 459 459 459 458 458 458 458 457 457 457 456 456 456 455 455 455 454 454
481 481 481 480 481 481 480 481 480 480 481 480 480 479 480 479 479 478 479 479 478 478 478 478 477 477 476 477 477 476 476 475 475 474 475 474 474 474 473 473 472 472 471 471 470 470 469 469 468 468 468 467 467 466 466 465 465 464 464 463 463 461 461 461 461 461 461 461 460 460 460 460 460 459 459 459 459 458 458 458 458 457 457 457 457 456 456 456 455 455 455 454 454 454
480 480 481 480 480 480 480 479 480 480 479 479 479 479 478 478 479 478 478 477 478 477 477 477 476 477 476 476 475 475 475 475 475 474 474 473 473 472 472 472 472 471 471 471 470 470 469 469 468 468 467 467 466 466 465 465 464 463 463 462 462 461 461 461 461 460 460 460 460 460 459 459 459 459 459 458 458 458 458 457 457 457 457 456 456 456 456 455 455 455 454 454 454 453
480 480 479 480 479 479 479 479 479 478 479 478 478 478 478 478 477 477 477 477 477 476 477 476 476 475 475 475 475 475 474 474 473 473 473 473 472 472 472 471 471 470 470 469 469 468 468 467 467 467 466 466 465 465 464 464 463 463 462 462 461 460 460 460 460 460 460 460 459 459 459 459 459 458 458 458 458 457 457 457 457 456 456 456 456 455 455 455 454 454 454 454 453 453
513 512 479 479 478 479 478 478 478 478 478 477 478 477 477 477 477 477 476 476 476 476 475 475 475 475 475 474 474 473 473 473 473 473 472 472 471 471 470 470 470 470 469 469 469 468 468 467 467 466 466 465 465 464 464 462 462 462 461 461 460 460 460 460 459 459 459 459 459 459 458 458 458 458 458 457 457 457 457 457 456 456 456 455 455 455 455 454 454 454 453 453 453 452
512 512 512 512 478 477 478 478 477 477 477 477 476 477 477 476 476 476 476 475 475 475 475 475 474 474 473 474 473 473 473 472 472 471 471 471 471 470 470 470 469 469 468 468 467 467 466 466 465 465 465 464 464 463 463 462 462 461 461 460 459 459 459 459 459 459 459 459 458 458 458 458 458 457 457 457 457 457 456 456 456 456 455 455 455 454 454 454 454 453 453 453 452 452
511 512 511 511 511 511 477 476 477 476 476 477 476 476 475 476 475 475 475 474 475 474 474 473 473 473 473 473 472 472 471 472 471 471 471 470 470 469 469 468 468 468 468 467 467 467 466 466 465 465 464 464 463 463 461 461 461 460 460 459 459 459 459 459 458 458 458 458 458 458 457 457 457 457 457 456 456 456 456 456 455 455 455 455 454 454 454 453 453 453 453 452 452 452
511 510 511 511 510 510 510 510 475 476 476 475 475 475 475 475 474 475 474 474 473 473 474 473 473 472 472 472 472 471 471 471 470 470 469 470 469 469 468 468 468 467 467 466 466 465 465 464 464 463 463 463 462 462 461 461 460 460 459 459 458 458 458 458 458 458 458 458 457 457 457 457 457 456 456 456 456 456 455 455 455 455 454 454 454 454 453 453 453 452 452 452 452 451
509 510 510 509 510 509 509 510 509 509 474 475 474 474 474 474 474 473 473 473 473 473 472 472 472 472 471 471 471 470 470 470 470 469 469 468 468 468 467 467 466 466 466 466 465 465 465 464 464 463 463 462 462 460 460 459 459 459 458 458 458 458 458 458 457 457 457 457 457 457 457 456 456 456 456 456 455 455 455 455 454 454 454 454 453 453 453 453 452 452 452 451 451 451
509 509 509 509 508 509 509 508 508 508 508 474 473 474 473 473 472 473 473 472 472 471 472 471 471 471 470 471 470 470 469 469 469 468 468 468 468 467 467 466 466 466 465 465 464 464 463 463 462 462 461 461 461 460 460 459 459 458 458 458 457 457 457 457 457 457 457 457 456 456 456 456 456 455 455 455 455 455 454 454 454 454 453 453 453 453 452 452 452 452 451 451 451 450
509 508 508 509 508 508 507 508 507 507 507 507 507 472 472 473 472 472 471 472 471 471 471 470 471 470 470 469 469 469 468 469 468 468 467 467 466 466 466 465 465 464 464 464 464 463 463 463 462 462 461 461 459 459 458 458 457 457 457 457 457 457 457 457 456 456 456 456 456 456 456 455 455 455 455 455 454 454 454 454 453 453 453 453 452 452 452 452 451 451 451 451 450 450
507 507 508 507 507 507 507 507 506 507 506 506 506 506 506 471 471 471 471 471 470 470 470 470 469 469 469 468 469 468 468 467 467 467 466 466 466 466 465 465 464 464 464 463 463 462 462 461 461 460 460 459 459 459 458 458 457 457 457 456 456 456 456 456 456 456 456 455 455 455 455 455 455 454 454 454 454 454 453 453 453 453 452 452 452 452 451 451 451 451 450 450 450 449
507 507 506 507 506 506 506 506 506 505 506 506 505 505 504 505 505 470 470 470 470 469 469 469 469 469 468 468 467 467 467 467 467 466 466 465 465 464 464 464 463 463 462 462 461 461 461 461 461 459 459 458 458 457 457 456 456 456 456 456 456 456 456 456 455 455 455 455 455 455 455 454 454 454 454 454 453 453 453 453 452 452 452 452 452 451 451 451 450 450 450 450 449 449
506 506 506 506 505 506 505 505 505 505 505 504 505 504 504 504 503 504 469 469 469 468 469 468 468 467 467 467 467 467 466 466 465 465 464 464 465 464 464 463 463 462 462 462 461 461 460 460 459 459 458 458 457 457 457 456 456 456 456 455 455 455 455 455 455 455 455 454 454 454 454 454 454 453 453 453 453 453 452 452 452 452 452 451 451 451 451 450 450 450 449 449 449 449
505 505 505 505 505 504 505 505 504 504 504 504 504 503 504 503 503 502 502 503 468 468 467 467 467 467 467 466 466 465 465 464 465 465 464 464 463 463 462 462 462 461 461 460 460 459 459 458 458 458 457 457 456 456 455 455 455 455 455 455 455 455 455 454 454 454 454 454 454 454 454 453 453 453 453 453 452 452 452 452 452 451 451 451 451 450 450 450 450 449 449 449 448 448
504 505 504 504 504 504 504 503 504 503 503 503 503 503 502 502 502 502 502 501 501 466 467 467 466 466 465 465 465 465 465 464 464 463 463 462 462 463 462 462 461 461 460 460 460 459 459 458 458 457 457 456 456 455 455 455 455 455 454 454 454 454 454 454 454 454 454 453 453 453 453 453 453 452 452 452 452 452 451 451 451 451 451 450 450 450 450 449 449 449 449 448 448 448
504 503 504 503 503 503 503 503 502 502 503 502 502 501 502 502 501 501 500 501 501 500 500 465 465 465 465 465 464 464 463 463 463 463 463 462 462 461 461 460 460 460 459 459 458 458 457 457 456 456 456 455 455 454 454 454 454 454 454 454 454 454 454 453 453 453 453 453 453 453 452 452 452 452 452 452 451 451 451 451 451 450 450 450 450 449 449 449 449 448 448 448 448 447
503 503 503 502 503 502 502 502 502 502 501 501 502 501 501 500 501 500 500 500 499 499 499 499 499 464 464 463 464 463 463 463 462 462 461 461 460 461 461 460 460 459 459 458 458 457 457 457 456 456 455 455 454 454 454 454 454 454 453 453 453 453 453 453 453 453 453 452 452 452 452 452 452 451 451 451 451 451 451 450 450 450 450 449 449 449 449 448 448 448 448 447 447 447
502 502 502 502 501 501 502 501 501 500 501 501 500 500 500 500 500 499 499 499 499 498 498 498 497 498 463 463 463 462 462 461 462 461 461 461 460 460 459 459 458 458 458 457 457 456 456 455 455 454 454 454 453 453 453 453 453 453 453 453 453 453 453 452 452 452 452 452 452 452 451 451 451 451 451 451 450 450 450 450 450 449 449 449 449 448 448 448 448 447 447 447 447 446
503 501 501 500 501 501 500 501 500 500 500 499 500 499 499 499 499 499 498 498 498 497 498 497 497 496 496 496 462 462 461 461 461 460 460 459 459 458 459 459 458 458 457 457 456 456 455 455 455 454 454 453 453 453 453 453 453 452 452 452 452 452 452 452 452 452 452 451 451 451 451 451 451 450 450 450 450 450 450 449 449 449 449 448 448 448 448 448 447 447 447 446 446 446
502 501 501 500 500 500 500 499 499 500 499 499 499 498 499 498 498 497 497 498 497 497 496 496 496 496 496 495 495 460 460 460 459 460 459 459 459 458 458 457 457 456 456 455 455 455 454 454 453 453 452 452 452 452 452 452 452 452 452 452 452 452 451 451 451 451 451 451 451 451 450 450 450 450 450 450 449 449 449 449 449 448 448 448 448 448 447 447 447 447 446 446 446 445
503 501 501 501 499 499 499 499 499 498 498 499 498 498 497 497 498 497 497 496 496 496 496 496 495 495 494 494 495 494 460 459 459 458 458 458 457 457 456 457 456 456 456 455 455 454 454 453 453 453 452 452 452 452 452 452 451 451 451 451 451 451 451 451 451 451 451 450 450 450 450 450 450 449 449 449 449 449 449 448 448 448 448 448 447 447 447 447 446 446 446 446 445 445
503 502 502 500 499 500 498 498 497 498 498 497 497 496 497 497 496 496 495 496 496 495 495 494 494 495 494 494 493 493 492 492 458 458 458 457 457 456 456 456 455 455 454 454 453 453 453 452 452 451 451 451 451 451 451 451 451 451 451 451 451 451 450 450 450 450 450 450 450 450 449 449 449 449 449 449 448 448 448 448 448 447 447 447 447 447 446 446 446 446 445 445 445 445
503 502 501 501 500 499 498 497 497 497 496 497 496 496 496 495 496 495 495 495 494 494 494 494 494 493 493 492 492 493 492 492 491 457 456 456 456 455 455 454 455 454 454 454 453 453 452 452 451 451 451 451 451 451 451 450 450 450 450 450 450 450 450 450 450 450 449 449 449 449 449 449 449 448 448 448 448 448 448 447 447 447 447 447 446 446 446 446 445 445 445 445 444 444
503 502 501 501 499 500 498 497 497 496 496 496 495 495 495 495 495 494 494 494 494 494 493 493 492 493 492 492 492 491 491 490 490 491 490 456 455 455 454 454 454 453 453 452 452 451 451 451 450 450 450 450 450 450 450 450 450 450 450 450 450 450 449 449 449 449 449 449 449 449 448 448 448 448 448 448 447 447 447 447 447 446 446 446 446 446 445 445 445 445 444 444 444 444
502 502 501 501 500 499 498 498 497 496 495 495 495 494 494 494 494 494 493 493 493 492 493 492 492 492 491 491 490 491 490 490 490 489 489 488 454 454 453 453 452 453 452 452 452 451 451 450 450 450 450 450 450 450 449 449 449 449 449 449 449 449 449 449 449 449 448 448 448 448 448 448 448 447 447 447 447 447 447 446 446 446 446 446 445 445 445 445 444 444 444 444 443 443
502 503 501 501 500 499 499 497 497 497 495 495 493 494 494 493 493 492 492 493 492 492 491 491 491 491 491 490 490 490 489 489 488 488 488 488 488 453 453 452 452 452 451 451 450 450 449 449 449 449 449 449 449 449 449 449 449 449 449 449 449 448 448 448 448 448 448 448 448 448 447 447 447 447 447 447 446 446 446 446 446 446 445 445 445 445 444 444 444 444 443 443 443 443
503 501 502 501 500 499 499 498 498 496 495 495 494 493 492 492 492 492 492 491 491 490 491 491 490 490 489 489 489 489 489 488 488 488 487 487 486 486 485 451 451 450 450 450 450 449 449 449 449 449 449 449 448 448 448 448 448 448 448 448 448 448 448 448 448 448 447 447 447 447 447 447 447 446 446 446 446 446 446 445 445 445 445 445 444 444 444 444 444 443 443 443 443 442
503 502 502 500 501 499 499 498 496 497 495 495 494 493 493 492 491 491 490 491 491 490 490 489 489 490 489 489 488 488 487 487 487 486 487 486 486 486 485 485 450 450 449 449 449 448 448 448 448 448 448 448 448 448 448 448 448 448 448 448 448 447 447 447 447 447 447 447 447 447 446 446 446 446 446 446 445 445 445 445 445 445 444 444 444 444 443 443 443 443 443 442 442 442
502 502 501 501 499 499 499 498 497 497 495 495 494 493 493 491 491 490 490 490 489 489 489 489 489 488 488 487 487 488 487 487 486 486 486 485 485 484 484 483 483 449 448 448 447 447 448 448 448 447 447 447 447 447 447 447 447 447 447 447 447 447 447 447 447 447 446 446 446 446 446 446 446 445 445 445 445 445 445 444 444 444 444 444 443 443 443 443 443 442 442 442 442 441
503 502 501 500 500 500 498 498 498 496 496 494 494 494 492 492 490 489 489 489 489 488 488 488 487 488 487 487 487 486 486 485 485 485 484 485 484 484 484 483 483 482 448 447 447 447 447 447 447 447 447 447 447 447 447 447 447 447 447 447 446 446 446 446 446 446 446 446 446 446 445 445 445 445 445 445 444 444 444 444 444 444 443 443 443 443 443 442 442 442 442 441 441 441
502 501 501 500 500 498 499 498 497 496 495 495 494 493 492 491 491 490 489 488 488 487 488 487 487 487 486 486 485 485 485 485 485 484 484 483 483 483 482 482 481 481 481 480 446 446 446 446 446 446 446 446 446 446 446 446 446 446 446 446 446 446 446 446 446 445 445 445 445 445 445 445 445 444 444 444 444 444 444 443 443 443 443 443 442 442 442 442 442 441 441 441 441 440
503 501 501 500 500 499 499 497 497 496 495 495 493 494 493 491 491 489 489 489 487 487 486 486 486 485 486 485 485 485 484 484 483 483 483 482 483 482 482 481 481 481 480 480 480 446 446 446 446 446 446 446 446 446 446 446 446 446 446 445 445 445 445 445 445 445 445 445 445 444 444 444 444 444 444 444 443 443 443 443 443 443 442 442 442 442 442 441 441 441 441 440 440 440
501 501 501 500 499 499 498 498 496 496 495 495 494 493 492 491 491 490 489 488 487 485 486 486 485 485 484 484 484 483 484 483 483 483 482 482 481 481 481 480 480 479 479 479 479 479 445 445 445 445 445 445 445 445 445 445 445 445 445 445 445 445 445 445 445 444 444 444 444 444 444 444 444 443 443 443 443 443 443 442 442 442 442 442 441 441 441 441 441 440 440 440 440 439
502 501 500 499 500 498 498 496 497 496 495 494 494 493 493 491 490 490 488 489 487 486 486 484 484 483 484 484 483 483 482 482 482 481 481 480 481 481 480 480 479 479 479 479 479 479 479 445 445 445 445 445 445 445 445 445 445 445 445 444 444 444 444 444 444 444 444 444 444 443 443 443 443 443 443 443 442 442 442 442 442 442 441 441 441 441 441 440 440 440 440 439 439 439
501 501 501 500 499 498 498 497 497 495 496 495 493 493 491 491 491 490 489 487 487 486 485 485 484 483 483 482 482 482 482 482 481 481 481 480 480 479 479 478 478 478 478 478 478 478 478 478 444 444 444 444 444 444 444 444 444 444 444 444 444 444 444 444 444 443 443 443 443 443 443 443 443 442 442 442 442 442 442 441 441 441 441 441 441 440 440 440 440 439 439 439 439 439
