testData/tiles/oneDegree/grid43.0-7.0-44.0-8.0.asc
ncols   200
nrows   200
xllcorner   43.0
yllcorner   7.0
cellsize   0.005
NODATA_value   -9999.0
[rows 0 to 41 of 200, columns 94 to 187 of 200]
534 533 535 535 535 535 536 537 537 536 537 537 537 537 537 537 536 536 536 536 536 535 535 534 534 533 533 533 532 532 531 530 529 530 529 529 527 527 525 524 522 522 520 518 517 515 513 511 509 507 504 503 503 504 504 478 478 478 478 479 478 478 479 479 478 479 479 479 479 479 479 479 479 478 478 478 477 477 477 476 476 476 475 475 475 474 473 472 472 471 469 469 467 466
534 533 535 534 534 536 535 535 536 536 536 537 537 536 536 537 536 536 535 535 534 536 536 535 535 534 534 533 532 530 530 529 529 528 527 527 527 525 525 523 522 520 520 518 517 515 512 510 508 506 503 502 503 503 504 478 477 478 478 478 478 478 478 479 478 478 478 478 478 478 478 478 478 479 478 478 478 477 477 476 476 476 475 474 474 473 473 472 471 470 468 468 467 464
533 533 533 534 534 535 535 535 535 535 536 536 536 536 536 535 536 535 535 536 535 535 534 534 533 533 532 532 531 531 529 529 528 527 526 526 524 525 524 523 520 520 518 517 515 514 512 509 507 505 503 503 502 503 477 478 477 477 478 478 477 478 478 478 477 478 478 477 477 477 478 477 478 478 477 477 477 476 476 476 475 475 474 474 473 472 472 471 470 469 467 466 465 463
532 534 533 534 533 534 535 534 534 534 535 536 535 536 535 535 535 534 536 535 535 534 534 533 533 532 532 532 531 531 530 529 527 527 526 525 524 524 522 523 521 518 518 516 515 513 512 508 506 504 502 503 502 502 477 477 476 477 477 477 477 477 477 478 477 477 477 478 477 477 477 476 476 476 476 477 477 476 476 476 474 474 473 473 473 471 471 470 469 468 466 465 464 462
532 533 533 533 533 534 533 534 534 534 535 534 534 534 535 535 534 535 534 535 534 534 534 533 533 532 532 531 531 530 529 528 527 526 525 524 524 522 522 520 520 518 517 515 513 512 510 508 505 502 502 502 502 502 476 477 477 476 477 477 477 477 477 477 476 477 477 477 476 476 477 476 476 476 475 475 475 474 475 475 474 474 473 472 472 470 470 469 468 467 465 464 462 462
531 532 533 532 533 533 533 534 533 534 533 534 534 533 533 534 534 534 534 534 533 533 533 533 532 532 531 530 529 529 528 528 526 525 524 524 522 522 520 520 518 517 515 515 513 511 510 506 504 502 501 502 501 502 476 476 477 476 476 477 477 476 476 477 476 476 476 477 476 476 476 475 475 475 474 474 474 473 473 473 472 473 473 471 471 470 469 468 467 466 465 462 462 462
531 532 531 532 533 533 533 532 533 534 533 533 533 533 532 532 534 534 534 533 533 532 532 531 531 531 530 530 529 529 528 528 526 525 524 523 522 522 520 518 518 516 514 512 511 510 508 507 503 501 501 501 502 501 475 476 476 475 476 476 476 476 476 476 476 476 476 476 475 475 475 475 475 475 474 474 474 473 473 472 471 471 471 469 470 469 468 467 466 465 463 461 462 462
531 531 531 532 532 532 532 532 533 533 533 532 532 533 532 533 532 532 532 533 532 532 532 531 531 530 530 529 529 528 527 526 526 525 523 522 522 520 520 518 517 516 513 512 510 509 506 504 502 500 501 501 501 475 475 475 476 475 475 476 476 475 475 476 476 475 475 475 475 475 475 474 474 474 473 473 473 472 472 472 471 470 470 469 468 468 466 466 464 463 462 461 462 449
530 531 531 530 532 532 531 532 532 532 532 532 532 531 532 532 532 531 531 531 531 532 531 531 530 530 529 529 527 527 526 526 525 524 522 522 520 520 518 518 516 515 512 510 509 507 506 503 499 499 500 501 501 474 475 475 475 475 475 475 475 475 475 475 475 475 475 475 474 474 474 473 473 473 473 472 472 471 471 471 470 469 469 468 467 467 465 464 462 461 460 461 449 449
530 530 530 531 532 531 531 531 532 532 531 532 531 531 531 532 532 531 531 530 530 529 530 529 529 528 528 528 527 527 526 526 524 524 523 520 520 518 518 516 516 514 513 510 508 507 504 503 499 498 499 499 500 474 474 474 475 474 474 475 475 474 474 475 475 474 474 474 473 474 474 474 473 473 473 472 472 472 470 470 469 469 468 467 466 466 464 463 461 459 460 460 448 448
530 529 530 531 530 531 531 530 532 531 531 530 531 531 531 531 530 531 530 530 529 529 529 528 529 528 528 527 527 526 525 524 524 523 522 520 520 518 516 516 514 513 511 509 507 505 504 501 499 498 498 499 499 472 473 474 474 475 474 474 474 474 474 474 474 473 474 474 473 473 473 473 472 472 472 471 471 471 470 469 468 468 467 466 465 464 463 461 459 459 460 447 448 448
529 528 529 530 530 530 530 531 530 531 531 530 530 530 531 530 530 529 529 530 529 529 528 528 527 527 527 527 525 525 524 524 523 522 521 520 518 518 516 515 514 512 511 508 507 504 502 500 498 498 498 498 473 472 472 473 473 474 473 474 474 474 473 474 474 473 473 473 473 472 472 473 472 472 471 470 470 470 469 469 468 467 466 465 464 463 461 460 459 459 460 447 448 448
527 528 527 529 530 529 529 530 530 530 530 530 529 530 530 530 530 529 529 528 528 527 527 526 526 525 525 524 525 524 524 523 522 521 521 519 518 516 516 514 513 511 509 507 505 504 501 499 498 497 497 498 472 472 472 472 472 473 472 472 473 474 473 473 473 472 473 473 473 472 472 472 471 471 471 470 470 469 468 468 467 466 465 464 463 462 460 458 459 459 447 447 448 449
527 527 527 528 528 529 529 530 530 529 529 529 529 530 529 529 529 529 528 528 527 527 527 526 526 525 525 524 524 523 523 522 522 521 519 519 516 516 514 513 512 511 509 506 505 502 501 498 497 497 497 497 472 472 471 472 472 472 471 472 472 472 472 472 473 472 472 472 472 471 471 471 470 470 470 469 469 469 467 467 466 465 464 463 462 461 458 458 459 446 447 447 448 449
527 526 527 527 527 528 527 529 529 529 529 528 529 529 529 528 528 527 528 528 527 527 526 526 525 525 524 524 522 522 521 521 520 520 519 518 516 514 514 512 511 509 508 506 503 502 499 496 497 496 497 497 471 472 471 471 471 472 471 471 471 472 471 471 471 471 471 471 471 471 471 471 469 469 469 468 468 468 466 466 466 464 463 461 460 459 457 458 459 446 447 447 448 449
526 526 526 527 527 526 527 527 527 529 528 528 527 529 528 528 528 527 527 526 526 526 526 525 525 523 523 522 522 521 521 519 519 518 517 517 515 514 512 512 510 509 507 506 502 500 498 496 496 496 496 470 471 471 470 471 471 471 470 471 471 471 470 470 470 470 470 470 471 470 470 470 469 469 469 467 467 467 465 465 465 463 462 461 459 458 457 458 446 446 447 447 448 449
525 526 526 526 526 526 526 527 527 526 527 527 528 528 527 528 527 527 526 526 525 525 524 524 523 523 522 522 521 521 519 519 518 517 516 516 513 513 512 510 509 507 506 504 501 499 497 496 496 495 496 470 470 471 470 470 470 471 470 470 470 470 470 470 470 470 469 469 469 468 468 469 468 468 468 467 466 466 465 464 463 462 461 460 457 457 457 445 446 446 447 447 448 449
525 524 526 525 526 526 526 526 526 526 526 526 528 527 527 526 526 526 526 525 525 525 524 524 523 523 522 522 520 520 519 518 517 516 516 514 514 511 510 510 508 507 505 504 500 498 496 495 495 495 495 469 470 470 469 470 470 470 469 470 470 470 469 469 469 469 468 469 469 468 467 467 466 466 467 466 465 465 464 463 462 461 460 458 456 457 457 445 446 446 447 447 448 449
524 524 526 525 525 525 526 525 526 526 525 525 526 526 526 526 526 525 525 525 525 524 524 523 523 521 521 520 520 519 519 517 517 516 514 514 512 511 509 508 506 505 504 502 500 497 494 495 495 494 495 469 469 470 469 469 469 470 469 469 469 469 468 469 469 469 468 468 468 467 467 467 466 465 465 464 464 464 463 462 461 459 458 457 456 457 444 445 446 446 447 447 448 449
524 524 524 525 524 524 526 525 525 525 525 524 525 525 525 525 525 525 524 524 523 523 522 522 521 521 520 520 519 519 517 517 516 515 514 512 512 509 508 507 506 504 502 501 498 495 494 494 495 495 468 468 469 469 468 469 469 469 468 468 469 469 468 468 468 468 467 467 467 466 466 466 465 465 464 463 463 462 460 460 460 458 457 456 456 444 444 445 446 446 447 447 448 449
523 523 524 523 524 524 524 525 524 524 524 524 525 524 524 523 524 523 524 523 523 522 522 521 521 520 520 519 518 517 517 516 515 514 513 512 510 509 507 506 504 503 501 499 496 494 493 494 494 494 468 468 468 468 468 468 468 468 468 468 468 468 467 467 467 467 466 466 466 465 465 465 464 464 463 462 462 461 459 459 458 455 454 456 456 444 444 445 446 446 447 447 448 449
522 522 524 523 523 523 524 523 524 524 523 523 524 524 523 523 522 522 522 522 523 522 522 521 521 519 519 518 517 517 516 515 514 513 512 511 510 507 506 505 504 502 500 498 495 493 492 492 494 494 467 467 468 468 467 467 468 468 467 467 467 467 467 467 467 467 466 466 466 465 464 464 463 463 462 461 461 460 458 457 456 454 454 455 442 443 444 445 446 446 447 447 448 449
522 522 523 523 522 523 524 523 523 523 523 522 523 523 523 523 522 522 521 521 520 520 520 520 519 519 518 518 517 516 515 514 513 512 512 510 509 507 505 504 502 501 499 497 494 491 491 492 492 492 466 467 467 467 467 467 467 467 466 467 467 467 466 466 466 466 465 465 465 464 464 463 462 462 461 460 459 459 457 456 454 453 454 442 442 443 443 444 445 446 447 447 448 449
521 521 522 522 522 522 523 523 522 522 522 522 523 522 522 522 522 521 521 520 520 519 519 518 519 518 518 516 516 515 515 513 512 512 510 510 508 506 504 503 502 500 498 496 492 491 491 491 492 466 465 465 466 467 466 466 467 467 466 466 466 466 465 465 465 465 464 464 464 463 463 463 461 461 460 459 458 457 456 454 453 453 454 442 442 443 443 444 445 445 446 446 447 449
519 520 522 521 522 521 522 522 522 522 521 522 522 522 521 521 520 520 520 520 519 519 518 518 517 516 516 516 515 515 513 513 512 510 510 508 507 505 504 502 500 499 497 494 491 490 490 491 491 465 465 465 465 465 465 465 466 466 465 465 465 466 465 465 465 465 464 464 463 462 462 462 460 460 459 458 457 456 454 453 453 453 441 442 442 443 443 444 445 445 446 446 447 448
519 519 520 520 520 521 521 521 522 521 521 520 521 521 521 520 520 519 519 518 518 517 517 516 516 515 515 514 515 513 513 512 511 510 508 508 506 504 502 501 500 497 496 493 490 490 490 490 490 465 464 464 465 465 464 464 464 464 465 465 465 465 464 464 464 464 463 463 463 461 461 461 459 459 458 457 456 455 452 452 453 440 441 442 442 443 443 444 445 445 446 446 447 448
519 518 519 519 519 519 521 521 520 521 520 520 520 520 520 520 520 519 519 518 518 517 517 516 516 515 514 513 512 512 512 511 510 509 508 506 506 503 502 500 498 497 494 492 489 489 489 490 490 463 463 464 464 464 463 464 464 464 463 463 463 464 463 463 463 463 462 462 462 460 460 460 458 458 457 455 454 453 451 452 453 440 441 442 442 443 443 444 445 445 446 446 447 448
517 518 518 519 519 518 519 519 520 519 519 519 520 520 519 519 518 519 518 518 517 517 516 516 514 514 513 513 512 510 510 509 509 508 507 506 504 502 500 498 497 495 494 491 488 489 489 489 463 463 463 463 463 464 463 463 463 463 462 462 462 463 462 461 462 462 461 461 461 460 459 459 457 457 456 454 453 451 451 452 440 440 441 442 442 443 443 444 445 445 446 446 447 448
517 518 518 518 518 518 517 518 518 518 519 518 520 519 519 518 518 517 517 516 516 515 515 514 514 513 513 512 511 510 509 508 507 506 505 504 503 501 500 498 496 494 492 489 488 488 488 489 463 462 462 463 463 463 462 462 462 463 462 462 462 462 461 461 461 461 460 460 460 459 458 458 456 455 455 452 451 451 451 439 440 440 441 442 442 443 443 444 445 445 446 446 447 448
517 516 517 517 517 517 517 518 517 518 517 517 517 518 518 518 517 517 516 516 515 515 514 514 513 513 511 511 510 510 508 507 506 505 504 503 500 500 498 497 495 493 491 488 487 487 488 488 462 462 462 462 462 462 462 462 462 462 461 461 461 461 460 460 460 459 459 458 458 458 457 457 455 454 453 451 450 451 451 439 440 440 441 442 442 443 443 444 445 445 446 446 447 448
516 516 515 517 517 516 517 517 517 516 517 516 516 516 517 516 516 516 516 515 515 514 514 512 512 511 511 510 510 508 508 506 505 504 503 502 499 498 497 496 493 492 489 487 487 487 487 487 462 461 461 461 462 462 461 461 461 461 460 460 460 460 459 459 459 458 458 457 457 456 455 454 454 453 452 449 450 451 438 439 440 440 441 441 442 443 443 444 445 445 446 446 447 448
515 515 515 516 516 516 515 517 516 516 515 515 515 516 516 515 516 515 515 514 514 513 512 512 511 511 510 509 508 508 506 505 505 503 502 501 498 497 495 493 492 489 488 486 486 486 487 461 461 460 461 461 461 461 460 460 460 461 460 460 460 460 458 458 458 457 457 456 456 454 454 453 451 450 449 449 450 438 438 439 440 440 441 441 442 443 443 444 445 445 446 446 447 448
514 514 515 515 515 515 515 515 516 515 515 515 514 515 515 515 514 514 514 514 513 513 512 511 511 509 509 508 508 506 506 505 503 503 501 500 497 496 495 492 490 489 486 484 486 486 486 460 461 460 460 460 460 460 460 460 460 460 459 459 459 459 458 457 457 456 456 455 455 453 453 452 450 448 448 448 449 437 438 439 440 440 441 441 442 443 443 444 445 445 446 446 447 448
514 514 513 515 514 514 514 515 515 514 515 514 514 513 514 513 513 513 513 512 513 512 511 510 510 509 508 508 506 506 505 504 503 501 500 498 496 495 493 491 489 487 484 484 484 484 485 460 460 459 459 459 460 459 459 459 459 459 458 458 458 458 457 457 456 455 455 454 454 452 451 450 448 447 448 448 436 437 437 438 439 439 441 441 442 443 443 444 445 445 446 446 447 447
514 513 513 514 514 514 513 514 514 514 513 514 513 513 513 513 512 512 511 511 510 510 510 510 509 509 507 506 506 505 504 503 501 501 499 497 495 493 492 490 488 486 484 483 483 484 484 458 458 459 459 459 459 458 458 458 458 458 457 457 457 456 456 456 455 454 454 453 452 451 450 449 446 447 448 435 436 437 437 438 438 439 440 440 441 443 443 444 444 445 446 446 447 447
511 513 512 513 514 513 513 512 514 513 513 512 512 511 513 512 512 511 511 510 510 509 509 508 508 507 506 506 504 504 503 502 501 499 498 496 494 493 491 488 487 484 483 483 483 483 457 457 457 457 457 458 458 457 457 458 458 457 457 456 456 455 455 455 454 453 453 452 450 449 448 447 446 447 435 435 436 437 437 438 438 439 440 440 441 442 442 443 443 445 446 446 447 447
511 511 511 512 512 513 512 512 512 512 512 512 511 511 510 511 510 510 510 510 508 508 507 507 506 506 506 504 504 503 502 501 499 499 496 495 493 491 490 488 485 482 482 482 482 482 457 457 456 456 456 457 457 456 457 457 457 456 456 456 455 454 454 454 453 452 451 451 449 448 447 445 446 447 435 435 436 436 437 438 438 439 440 440 441 442 442 443 443 444 445 445 447 447
511 510 510 510 511 511 511 511 512 511 511 511 511 510 510 510 510 509 509 508 508 507 507 506 506 504 504 503 503 502 501 500 499 497 495 493 492 491 488 486 484 482 481 481 482 482 456 456 455 456 456 456 456 455 455 455 455 455 455 455 455 453 453 453 452 451 450 449 447 446 445 536 446 434 434 435 436 436 437 438 438 439 440 440 441 442 442 443 443 444 445 445 446 446
508 510 509 509 510 510 509 510 511 511 511 510 510 509 510 509 510 509 508 508 507 507 506 505 504 504 503 501 501 500 500 499 497 495 494 492 491 489 487 485 483 572 572 572 572 546 546 547 546 546 546 546 546 545 545 545 545 544 544 545 545 543 543 543 542 541 540 539 537 535 536 536 524 525 525 526 527 527 528 529 529 530 531 531 532 532 533 534 534 535 536 536 537 537
508 508 509 508 509 510 509 509 508 511 510 510 509 509 508 508 507 508 507 506 506 505 505 504 504 503 502 501 500 590 589 587 587 585 584 582 580 579 577 575 572 571 571 571 571 546 546 545 545 545 545 545 544 544 544 544 544 543 543 543 543 541 542 542 540 539 538 537 535 535 536 523 524 525 525 526 527 527 528 529 529 530 531 531 532 532 533 534 534 535 536 536 537 537
507 508 507 508 508 508 509 508 508 508 508 509 509 508 508 507 507 507 507 597 596 596 595 595 593 593 592 591 590 589 588 587 584 583 582 581 580 578 575 574 571 570 570 571 571 545 545 544 544 544 545 545 544 544 544 544 544 542 542 542 542 540 540 539 538 538 537 536 534 535 536 523 524 525 525 526 527 527 528 529 529 530 531 531 532 532 533 534 534 535 535 536 537 537
506 508 507 507 507 508 507 507 507 507 507 598 597 598 598 598 597 597 597 597 596 594 594 593 593 592 591 590 589 588 587 584 584 582 580 579 577 576 575 572 570 569 570 570 570 544 544 544 544 544 544 544 543 543 543 543 542 541 541 541 540 539 539 538 536 535 534 533 534 535 523 523 524 525 525 526 527 527 528 529 529 530 530 531 532 532 533 534 534 535 535 536 537 537
