testData/tiles/oneDegree/grid30.0-22.0-31.0-23.0.asc
ncols   200
nrows   200
xllcorner   30.0
yllcorner   22.0
cellsize   0.005
NODATA_value   -9999.0
[rows 0 to 41 of 200, columns 0 to 93 of 200]
685 685 685 684 684 684 684 684 683 684 684 683 683 682 682 682 681 681 681 681 680 680 679 679 678 678 677 677 676 676 676 676 675 675 674 674 672 672 672 671 592 591 590 590 558 557 556 555 554 554 553 553 552 552 551 550 342 342 341 341 340 339 338 337 336 334 333 333 332 331 330 329 328 326 324 323 323 321 320 318 316 313 311 309 307 304 302 298 289 287 287 287 287 287
686 685 686 686 685 685 684 684 685 684 684 683 683 683 683 683 682 682 681 681 681 681 680 680 680 679 679 678 678 677 676 676 676 676 675 675 674 673 672 672 672 671 671 591 558 558 558 556 556 555 554 554 553 552 552 552 551 343 342 342 341 340 340 339 338 337 335 334 333 332 332 331 330 329 327 325 324 323 321 321 319 318 315 313 311 309 306 303 300 296 287 287 287 287
688 687 686 686 686 686 685 685 685 684 685 684 684 684 683 682 682 682 682 682 682 681 682 681 681 680 680 679 679 678 678 677 677 676 676 676 675 675 674 673 672 673 672 671 639 559 558 558 557 557 556 555 554 554 553 552 553 346 344 343 342 342 341 340 340 339 338 336 335 334 333 332 331 331 330 329 326 325 324 322 321 319 319 317 314 313 310 308 306 303 299 292 287 287
688 688 688 688 686 686 686 686 686 685 685 685 685 685 684 684 683 682 683 682 682 681 681 680 682 681 681 680 680 678 679 678 678 677 677 676 676 676 676 675 673 673 672 672 640 639 639 559 559 558 556 557 556 555 554 554 553 552 346 346 344 343 342 341 341 340 339 339 338 336 335 334 333 332 331 330 330 327 326 325 324 322 321 319 318 315 314 312 310 307 305 302 297 289
689 688 688 689 688 688 686 686 686 686 686 686 685 685 685 685 685 684 684 682 683 682 682 681 681 680 681 681 680 680 680 679 678 679 678 677 677 676 676 676 676 675 674 673 640 640 640 640 639 638 559 558 556 556 556 555 554 554 347 346 345 344 344 343 342 341 341 340 339 338 337 336 335 334 333 332 331 330 327 327 326 325 323 322 320 319 316 314 312 311 309 307 304 298
690 689 689 689 688 689 689 688 687 686 686 687 686 686 685 685 686 685 685 684 684 682 683 683 682 682 681 681 680 681 680 680 679 678 677 678 677 677 677 677 676 675 676 674 642 641 640 640 639 640 639 638 559 557 556 556 555 555 348 348 347 346 344 344 343 343 342 341 340 340 339 337 336 336 335 334 333 332 330 328 327 326 326 324 323 320 319 316 315 313 311 309 306 305
690 689 690 690 689 689 689 689 689 688 687 687 686 687 686 686 686 685 685 685 685 684 684 683 682 683 682 682 681 681 680 681 680 680 678 678 677 677 677 677 676 676 675 674 643 641 641 640 640 639 638 639 639 638 558 557 556 556 555 349 348 348 347 346 344 344 343 342 342 341 340 339 336 336 335 334 334 333 331 330 328 327 326 325 323 322 321 320 317 316 314 312 310 308
691 690 690 690 690 690 689 689 689 689 689 688 687 687 686 687 687 686 686 685 685 686 685 685 683 683 682 683 682 682 681 681 680 681 680 680 678 678 677 677 677 677 676 676 643 643 641 641 641 640 640 639 638 638 638 637 557 556 555 349 348 347 347 347 346 344 343 342 342 341 340 340 339 337 336 335 334 333 332 331 331 329 328 327 325 324 323 321 320 319 317 315 313 312
691 691 691 691 690 690 690 690 690 689 689 690 689 688 687 687 687 687 687 686 686 686 685 686 685 685 683 683 682 683 683 682 682 681 681 680 681 679 679 678 678 677 676 677 644 644 643 642 641 640 641 640 640 639 638 638 637 636 557 350 349 349 348 347 346 347 345 344 343 342 342 341 340 339 339 337 336 335 334 333 332 331 330 329 328 326 325 324 322 321 319 317 315 315
692 691 691 691 691 691 690 690 691 690 690 690 689 689 689 688 688 687 687 687 687 687 686 686 685 686 685 684 684 683 683 682 683 682 682 681 681 680 681 679 679 678 678 677 645 645 644 644 643 642 641 640 641 640 640 639 638 638 636 635 430 350 349 348 348 347 346 344 345 344 343 342 341 341 340 339 337 337 336 335 334 333 332 331 329 327 327 326 325 323 322 320 318 316
693 693 693 691 691 692 691 691 691 690 691 691 690 690 689 689 690 688 688 687 687 687 687 687 686 686 685 685 686 684 684 683 683 682 683 682 682 681 681 680 679 679 679 678 646 645 645 644 644 644 642 642 641 640 640 640 640 639 638 638 430 429 429 350 349 348 348 347 345 344 344 344 343 342 341 340 339 338 337 336 336 335 334 333 331 329 328 327 326 325 324 323 320 319
693 693 694 694 695 695 694 695 694 692 691 690 691 691 690 690 690 689 689 688 688 688 687 687 687 687 686 686 686 685 685 684 684 683 683 682 682 682 682 681 681 679 679 679 647 646 646 645 645 644 644 643 642 642 641 640 640 639 640 639 432 431 430 429 428 349 349 348 348 347 345 344 343 343 343 342 341 340 338 337 336 335 334 333 333 332 330 329 328 327 325 324 323 320
694 697 698 699 701 702 701 700 699 698 696 694 691 691 690 691 691 690 690 689 689 689 688 688 687 687 687 687 687 686 686 685 684 684 684 683 683 682 682 682 682 681 681 679 647 646 647 646 646 645 645 644 643 643 642 642 641 640 640 639 432 433 431 430 430 429 428 349 348 348 347 346 345 344 343 342 342 341 341 339 338 337 336 335 334 333 332 331 330 329 327 326 325 324
699 702 703 705 706 706 707 707 704 703 701 699 697 694 691 691 691 691 691 690 690 689 688 689 688 688 687 687 687 687 687 686 686 684 684 684 684 683 683 683 682 682 682 682 648 647 647 646 646 646 646 645 645 644 642 642 642 642 641 640 640 433 432 431 431 430 430 429 428 349 348 347 346 345 345 344 343 342 341 340 339 339 338 337 336 335 334 333 331 330 328 328 327 326
704 706 708 710 712 711 712 711 711 709 707 703 701 699 695 692 691 691 691 691 691 690 690 689 688 689 688 688 688 687 687 687 687 686 686 684 684 684 684 684 683 683 682 682 650 649 648 647 647 646 646 646 646 645 645 643 642 642 641 642 641 434 434 433 431 431 430 430 430 429 349 348 348 346 345 345 344 344 343 342 341 339 338 337 336 336 335 334 333 331 330 329 328 327
709 712 713 715 716 717 718 717 715 714 713 710 706 702 698 695 692 692 692 691 691 691 691 691 689 689 688 689 689 688 688 687 687 686 687 686 685 685 684 684 684 684 683 683 650 650 648 649 648 647 647 646 646 645 646 645 644 643 642 642 641 434 435 434 434 432 431 431 430 429 429 429 349 348 346 346 345 344 343 343 343 342 340 339 338 337 336 335 335 334 332 331 330 329
713 715 718 720 721 722 722 722 721 719 716 714 712 706 703 699 694 692 693 692 692 691 691 691 691 691 689 689 689 688 689 688 688 687 687 686 687 686 685 685 684 684 683 684 651 651 650 650 648 648 648 647 647 646 646 645 645 644 643 643 642 436 435 434 434 434 432 432 431 430 430 429 428 429 349 347 346 345 345 344 343 342 342 340 340 339 338 337 336 335 334 332 332 331
718 719 722 725 727 728 728 727 726 725 721 718 715 711 707 703 698 693 692 692 693 692 692 691 691 691 691 690 689 689 689 688 689 688 688 687 687 687 685 686 685 685 684 684 651 651 651 651 650 649 648 648 647 647 647 646 646 645 644 643 643 437 436 436 435 434 434 432 432 432 431 430 430 429 428 427 347 347 346 345 344 344 343 342 340 339 339 338 337 336 335 334 332 331
720 725 727 729 731 733 733 733 731 728 725 722 718 715 711 705 700 697 693 693 693 692 692 692 692 692 691 691 690 690 690 689 689 688 688 688 688 687 687 687 685 685 685 685 652 652 651 651 651 651 649 649 648 648 647 646 647 646 646 645 644 437 436 437 436 435 435 434 433 432 431 431 431 430 429 429 428 426 346 346 346 345 344 343 342 341 340 339 338 337 337 336 334 333
724 728 732 735 737 738 738 737 737 733 730 726 721 717 714 709 704 699 693 694 693 693 693 692 692 692 692 692 691 691 689 690 690 689 689 688 688 687 688 688 687 686 685 685 653 653 652 652 651 651 650 650 649 649 648 647 647 646 646 646 646 438 437 437 436 436 436 435 435 433 432 432 431 430 430 430 429 428 427 426 346 345 345 344 344 343 341 340 339 338 338 337 336 335
728 732 735 739 742 744 744 743 741 737 733 729 725 720 715 710 707 701 696 694 693 693 694 693 693 692 692 692 692 692 691 690 690 689 690 689 689 688 688 687 688 688 686 686 653 653 652 653 652 652 651 651 649 649 649 649 648 647 647 646 646 439 439 438 437 437 436 435 435 434 434 433 432 432 431 430 429 429 429 427 426 347 346 345 344 343 343 342 341 340 339 338 337 336
730 734 738 743 747 749 750 748 745 741 737 731 727 723 717 713 708 702 697 696 695 694 693 693 694 693 693 692 692 692 692 692 690 690 690 689 689 689 689 688 688 688 687 687 654 654 653 653 652 652 652 652 651 650 649 649 648 648 648 647 647 440 440 438 437 438 437 437 436 435 435 433 432 433 432 431 431 430 429 428 427 426 426 346 346 345 344 343 341 340 339 340 339 338
732 736 740 745 749 754 756 753 749 743 738 734 729 723 718 714 709 704 699 695 695 696 694 694 694 693 693 693 693 693 692 692 691 692 691 690 690 689 689 689 689 688 688 688 654 654 654 654 653 653 652 652 651 652 650 650 649 648 648 647 648 441 441 440 438 438 437 437 437 436 436 435 434 433 432 431 432 431 430 430 429 427 426 426 425 346 345 344 343 342 341 340 339 338
731 736 742 747 751 756 761 756 751 746 739 734 730 724 720 715 709 704 700 696 696 695 695 695 694 694 694 693 693 693 693 693 692 692 691 690 691 690 690 689 689 688 689 688 656 656 654 654 653 654 653 653 652 652 651 650 650 649 649 648 648 441 441 441 441 439 438 438 437 437 436 436 436 434 433 433 432 431 431 430 430 429 428 427 426 425 425 345 344 343 342 341 341 340
732 737 741 745 751 755 756 754 750 745 740 736 729 724 719 714 710 705 699 696 697 696 696 696 694 694 694 694 694 693 693 692 693 693 692 692 690 690 691 690 690 689 689 688 656 656 656 654 654 654 653 653 653 653 652 652 650 649 649 649 649 442 442 441 441 440 438 439 438 438 437 436 436 435 433 434 433 432 432 431 430 430 428 427 427 427 426 425 345 344 343 342 341 341
731 735 740 744 748 750 751 751 748 743 739 734 730 724 719 714 709 705 699 697 697 696 696 696 696 696 694 694 694 694 694 693 693 693 692 693 692 691 690 690 690 690 690 689 657 656 656 655 655 654 654 653 653 652 652 652 652 650 650 649 649 442 443 442 442 441 440 439 438 438 438 437 437 436 436 434 433 433 433 432 432 431 430 428 428 427 426 426 426 425 345 343 342 341
730 733 737 741 745 746 747 746 743 741 737 732 728 723 718 713 709 703 698 697 697 697 697 696 696 696 696 695 694 694 694 694 694 693 693 693 692 693 691 691 690 690 690 689 658 657 657 656 656 654 654 654 654 653 653 652 652 651 651 650 650 443 443 442 442 442 441 440 439 439 438 438 437 437 437 436 434 434 433 432 432 431 431 431 429 428 427 427 426 425 424 345 344 343
727 732 735 738 740 741 743 741 740 737 733 730 726 721 717 713 706 702 698 697 697 697 697 697 697 696 696 696 695 695 694 694 694 693 694 693 693 693 692 691 691 691 690 690 658 657 657 657 657 656 655 654 654 653 654 653 653 652 652 650 650 444 444 443 443 442 441 441 439 440 439 439 438 437 437 436 435 435 434 433 433 432 431 431 430 428 429 428 427 426 425 425 424 343
725 729 732 733 736 738 737 737 735 734 730 727 723 719 716 711 706 701 698 698 698 698 697 697 696 697 697 696 696 695 694 695 694 694 694 693 693 693 693 693 691 691 690 691 658 658 658 657 657 656 657 655 655 654 654 653 653 653 653 652 651 444 444 443 444 443 442 442 441 440 439 439 439 438 438 437 436 436 434 434 433 433 433 432 431 430 429 428 427 426 427 426 425 423
722 726 728 731 732 733 733 733 732 729 726 724 720 717 713 708 705 700 698 698 698 697 698 698 697 697 697 697 697 696 695 695 694 695 694 694 694 693 693 693 693 692 691 691 658 658 658 658 658 657 657 656 655 655 655 654 654 653 653 652 653 445 445 444 444 443 442 443 442 442 440 440 439 438 438 437 438 437 436 435 434 433 433 432 432 432 430 429 428 428 427 426 425 425
720 722 724 727 729 729 728 728 727 725 723 720 717 714 710 706 702 699 699 699 698 698 698 697 698 698 697 697 697 696 697 695 695 695 694 694 695 694 694 693 693 692 692 660 659 659 658 658 657 658 657 657 657 655 655 654 655 654 654 653 653 446 445 445 444 444 443 443 442 442 441 441 440 439 439 438 438 437 436 436 435 434 434 433 432 432 431 429 429 429 428 427 426 426
715 719 721 723 723 724 726 723 722 721 718 717 714 711 706 703 701 700 700 700 698 699 699 698 698 697 697 698 697 697 697 696 695 696 695 695 694 694 694 694 694 693 693 659 659 660 659 659 658 658 657 657 657 657 655 655 654 654 654 654 653 447 446 445 444 444 444 444 443 443 442 442 440 439 440 439 439 438 437 437 435 434 434 434 433 433 432 431 430 429 428 427 428 427
712 714 717 718 720 720 720 719 719 717 715 712 710 707 704 701 700 700 701 700 700 700 698 698 699 698 698 698 697 697 697 697 697 696 695 696 695 695 694 694 694 693 694 661 660 659 659 659 659 659 658 658 657 657 655 656 655 655 654 654 653 447 447 447 445 445 444 444 443 443 443 442 442 440 440 439 439 438 438 438 437 435 435 434 433 433 432 432 432 430 429 429 428 427
708 711 712 714 715 715 716 716 715 713 711 709 706 703 701 700 701 701 700 700 700 700 700 699 698 698 698 698 698 698 697 697 697 697 697 695 695 695 695 695 694 694 693 661 661 660 660 659 659 658 658 659 658 658 657 656 655 655 655 655 654 448 447 447 446 445 445 445 444 444 443 442 442 441 441 440 440 439 438 438 437 436 436 435 435 434 433 432 432 430 429 430 429 428
704 706 707 710 710 711 711 711 710 709 707 704 701 702 701 701 701 700 701 701 700 700 700 699 699 699 698 698 698 698 698 698 697 697 696 696 696 695 695 695 694 695 694 662 661 661 660 659 660 659 659 658 658 657 658 658 656 656 655 655 448 448 448 448 447 446 445 445 444 444 444 443 443 442 441 440 440 440 439 439 438 437 436 435 435 434 434 434 433 432 430 430 429 428
703 704 704 704 705 707 707 706 705 704 703 703 702 701 701 702 702 701 701 701 700 701 701 700 700 699 699 699 698 698 698 697 698 698 697 697 695 695 696 695 695 694 694 662 662 662 661 660 660 659 659 659 659 658 658 657 657 655 656 656 449 449 448 448 447 447 446 445 445 444 444 443 443 443 443 441 440 440 439 439 438 438 438 436 436 435 434 434 433 432 433 431 430 429
704 704 703 704 704 704 703 703 704 703 703 703 702 702 702 702 701 701 702 701 701 701 700 701 701 700 699 699 698 699 698 698 698 697 697 698 697 696 695 695 695 695 695 662 662 662 661 662 660 660 659 659 659 658 659 658 658 657 656 655 449 449 449 448 448 447 447 445 446 445 445 444 444 443 443 442 441 441 440 440 439 438 438 437 436 436 435 435 434 433 433 431 430 429
704 704 704 704 704 703 704 704 703 703 704 703 703 703 702 702 702 702 701 701 701 701 701 701 700 700 701 699 699 699 698 698 698 698 698 697 697 697 696 696 695 695 663 662 663 662 662 662 661 660 660 660 659 659 659 658 658 658 658 656 450 449 449 448 449 448 448 447 446 445 445 444 445 444 443 443 441 441 440 440 440 439 439 438 437 436 435 435 434 434 434 433 431 431
705 704 704 704 704 704 704 703 704 704 703 703 703 704 703 702 702 701 702 702 701 701 701 701 701 701 700 700 699 699 699 699 698 698 697 698 698 697 697 696 695 696 663 663 663 662 662 662 662 662 660 660 659 659 659 659 658 658 657 450 451 450 450 449 449 448 448 447 447 446 445 445 444 444 443 443 443 442 441 440 440 439 439 438 438 437 436 436 435 434 434 433 432 432
705 706 704 704 704 704 704 704 704 703 703 704 704 703 703 703 702 702 702 701 701 702 701 701 701 700 701 701 700 699 699 698 699 699 698 698 697 697 698 697 696 696 663 663 663 663 663 662 662 661 661 660 660 660 659 659 658 659 658 452 450 450 449 449 449 449 448 448 447 446 445 446 445 445 444 444 443 443 441 440 441 440 440 439 438 438 436 436 436 435 435 434 433 432
706 705 705 705 705 704 704 704 704 704 704 704 703 704 704 703 703 702 702 702 702 701 701 702 701 701 701 700 700 701 699 699 699 698 698 699 698 698 697 697 697 696 664 664 663 663 662 663 662 662 662 660 660 660 660 659 659 659 658 452 452 451 450 450 449 449 448 449 448 448 446 446 445 445 444 445 444 443 442 441 441 440 440 439 439 439 437 436 436 435 435 434 433 434
705 706 706 705 704 704 705 704 704 704 703 704 704 704 703 703 704 703 702 702 701 702 702 701 701 701 701 701 701 700 699 699 699 699 699 698 698 698 698 698 697 697 664 663 664 663 663 663 662 662 662 662 661 660 660 659 659 659 453 452 452 450 450 450 450 450 449 449 448 448 446 447 446 445 445 444 444 443 443 442 442 441 440 440 439 439 438 436 437 436 436 435 434 434
