testData/tiles/oneDegree/grid33.0-14.0-34.0-15.0.asc
ncols   200
nrows   200
xllcorner   33.0
yllcorner   14.0
cellsize   0.005
NODATA_value   -9999.0
[rows 42 to 83 of 200, columns 94 to 187 of 200]
253 254 255 255 255 255 255 255 255 254 254 252 252 249 247 243 244 244 244 245 245 246 246 246 247 247 247 247 248 248 248 248 248 250 250 250 250 250 250 250 250 250 250 250 250 250 250 250 249 249 248 248 248 247 247 247 247 246 246 246 245 245 244 244 244 243 243 242 242 241 241 240 240 239 239 238 237 237 236 236 235 233 233 232 231 231 230 229 229 228 227 227 226 225
254 254 254 256 256 256 255 256 255 255 254 253 252 250 248 244 244 245 245 246 246 246 247 247 247 248 248 248 249 249 249 249 249 250 250 250 250 250 250 250 250 250 250 250 250 250 250 250 249 249 249 249 249 248 248 248 247 247 247 246 246 246 245 245 244 244 244 243 243 242 242 241 240 240 239 239 238 238 237 236 235 234 234 233 232 232 231 230 229 229 228 227 227 226
255 255 255 255 256 257 256 256 256 256 254 254 252 251 248 245 245 246 246 247 247 247 248 248 248 249 249 249 250 250 250 250 250 250 251 251 251 251 251 251 251 251 251 251 251 251 251 250 250 250 250 250 250 249 249 249 248 248 248 247 247 247 246 246 245 245 244 244 243 243 242 242 241 241 240 240 239 238 237 236 236 235 234 234 233 232 232 231 230 229 229 228 227 227
255 256 256 256 256 256 257 257 257 257 255 255 253 252 249 246 246 247 247 247 248 248 249 249 249 250 250 250 250 251 251 251 251 251 252 252 252 252 252 252 252 252 252 252 252 252 252 251 251 251 251 251 250 250 250 250 249 249 249 248 248 247 247 247 246 246 245 245 244 244 243 243 242 242 241 240 240 238 238 237 236 236 235 234 234 233 232 232 231 230 229 229 228 227
256 257 256 257 256 257 257 256 257 256 256 256 254 253 249 247 247 247 248 248 249 249 250 250 250 251 251 251 251 252 252 252 252 252 253 253 253 253 253 253 253 253 253 253 253 253 253 252 252 252 252 252 251 251 251 251 250 250 250 249 249 248 248 247 247 247 246 246 245 245 244 243 243 242 242 240 239 239 238 238 237 236 236 235 234 234 233 232 231 231 230 229 229 227
257 257 257 258 257 258 257 257 257 257 257 256 255 253 250 247 248 248 249 249 250 250 250 251 251 251 252 252 252 253 253 253 253 253 253 254 254 254 254 254 254 254 254 254 254 254 253 253 253 253 253 253 252 252 252 251 251 251 250 250 250 249 249 248 248 247 247 246 246 245 245 244 244 243 241 241 240 240 239 238 238 237 236 236 235 234 234 233 232 231 231 229 228 227
257 258 258 258 258 259 258 258 257 257 257 257 256 254 251 248 249 249 250 250 250 251 251 252 252 252 253 253 253 253 254 254 254 254 254 255 255 255 255 255 255 255 255 255 255 255 254 254 254 254 254 253 253 253 253 252 252 252 251 251 250 250 250 249 249 248 248 247 247 246 246 245 243 243 242 242 241 240 240 239 238 238 237 236 236 235 234 234 233 232 230 230 229 228
258 259 258 259 259 259 259 259 258 258 257 257 255 255 252 249 250 250 250 251 251 252 252 253 253 253 254 254 254 254 255 255 255 255 255 256 256 256 256 256 256 256 256 256 256 256 255 255 255 255 255 254 254 254 254 253 253 253 252 252 251 251 250 250 250 249 249 248 247 247 245 245 244 244 243 242 242 241 240 240 239 238 238 237 236 236 235 234 233 232 231 230 229 229
259 259 259 260 259 260 260 259 259 259 258 258 256 254 250 250 250 251 251 252 252 253 253 253 254 254 254 255 255 255 256 256 256 256 256 256 257 257 257 257 257 257 257 257 257 256 256 256 256 256 256 255 255 255 254 254 254 253 253 253 252 252 251 251 250 250 249 249 247 247 246 246 245 244 244 243 242 242 241 240 240 239 238 238 237 236 236 235 233 232 232 231 230 229
259 260 260 260 260 261 260 260 260 259 259 258 257 255 251 250 250 252 252 253 253 254 254 254 255 255 255 256 256 256 257 257 257 257 257 257 258 258 258 258 258 258 258 258 258 257 257 257 257 257 257 256 256 256 255 255 255 254 254 254 253 253 252 252 251 251 249 249 248 247 247 246 246 245 244 244 243 242 242 241 240 240 239 238 238 237 236 234 234 233 232 231 231 230
260 260 261 261 261 262 261 261 260 260 260 258 258 255 252 250 251 252 252 253 254 254 255 255 256 256 256 257 257 257 257 258 258 258 258 258 259 259 259 259 259 259 259 259 259 258 258 258 258 258 257 257 257 257 256 256 256 255 255 254 254 253 253 253 251 250 250 249 249 248 248 247 246 246 245 245 244 243 243 242 241 240 240 239 238 238 236 235 234 234 233 232 231 230
261 260 261 262 262 261 262 262 261 261 260 259 259 256 252 251 252 252 253 253 254 254 256 256 256 257 257 258 258 258 258 259 259 259 259 259 259 260 260 260 260 260 260 260 259 259 259 259 259 259 258 258 258 258 257 257 256 256 256 255 255 253 253 252 252 251 251 250 250 249 248 248 247 247 246 245 245 244 243 242 242 241 240 240 239 237 236 236 235 234 233 233 232 231
261 261 262 263 262 262 263 262 262 262 261 260 258 257 253 252 253 253 254 254 255 255 256 256 256 258 258 258 259 259 259 260 260 260 260 260 260 261 261 261 261 261 261 261 260 260 260 260 260 260 259 259 259 258 258 258 257 257 256 255 255 254 254 253 253 252 252 251 250 250 249 249 248 247 247 246 245 245 244 243 242 242 241 239 238 238 237 236 235 235 234 233 232 232
261 262 263 263 263 263 263 263 263 262 262 261 259 258 252 253 253 254 254 255 255 256 256 257 257 258 258 258 260 260 260 261 261 261 261 261 261 262 262 262 262 262 262 262 261 261 261 261 261 261 260 260 260 259 259 258 257 257 256 256 255 255 254 254 253 253 252 252 251 251 250 249 249 248 247 247 246 245 245 244 243 242 241 240 239 238 238 237 236 235 234 234 233 232
262 261 262 263 264 263 264 264 263 263 263 261 260 258 253 254 254 255 255 256 256 257 257 258 258 259 259 259 260 260 260 260 261 261 262 262 262 262 263 263 263 263 263 262 262 262 262 262 262 260 260 260 260 259 259 259 258 258 257 257 256 256 255 255 254 254 253 252 252 251 251 250 249 249 248 247 247 246 245 244 243 242 241 240 240 239 238 237 237 236 235 234 233 233
262 262 263 263 264 264 265 264 264 264 263 262 261 259 254 254 255 256 256 257 257 258 258 259 259 259 260 260 261 261 261 261 262 262 262 262 262 262 263 263 263 263 263 262 262 262 262 262 262 261 261 261 261 260 260 259 259 259 258 258 257 257 256 256 255 254 254 253 253 252 251 251 250 249 249 248 247 247 246 244 243 243 242 241 240 240 239 238 237 236 236 235 234 233
263 263 263 263 264 264 265 265 265 264 263 263 261 259 255 255 256 256 257 257 258 258 259 259 260 260 261 261 261 262 262 262 263 263 263 263 263 263 263 264 264 264 263 263 263 263 263 263 263 262 262 262 261 261 261 260 260 259 259 258 258 257 257 256 256 255 255 254 253 253 252 251 251 250 249 249 248 246 245 245 244 243 242 242 241 240 239 238 238 237 236 235 234 234
263 263 264 264 265 264 264 266 265 265 264 263 262 260 255 256 257 257 258 258 259 259 260 260 261 261 262 262 262 263 263 263 264 264 264 264 264 264 264 264 265 264 264 264 264 264 264 264 264 263 263 263 262 262 262 261 261 260 260 259 259 258 258 257 257 256 255 255 254 253 253 252 251 251 250 249 248 247 246 245 245 244 243 242 241 241 240 239 238 237 237 236 235 234
263 264 265 264 265 265 265 265 265 266 264 264 263 260 256 257 257 258 259 259 260 260 261 261 262 262 262 263 263 264 264 264 264 265 265 265 265 265 265 265 265 265 265 265 265 265 265 265 264 264 264 264 263 263 262 262 262 261 261 260 260 259 259 258 257 257 256 255 255 254 253 253 252 251 250 249 248 247 247 246 245 244 244 243 242 241 240 240 239 238 237 236 235 235
264 264 265 265 266 266 265 266 266 265 264 265 263 261 257 257 258 259 259 260 260 261 261 262 262 263 263 264 264 264 265 265 265 266 266 266 266 266 266 266 266 266 266 266 266 266 266 266 265 265 265 264 264 264 263 263 262 262 261 261 260 260 259 259 258 257 257 256 255 255 254 253 252 251 250 250 249 248 247 246 246 245 244 243 243 242 241 240 239 238 238 237 236 235
264 265 266 266 266 266 266 266 266 265 265 264 263 262 258 258 259 259 260 261 261 262 262 263 263 264 264 265 265 265 266 266 266 267 267 267 267 267 267 267 267 267 267 267 267 267 267 267 266 266 266 265 265 265 264 264 263 263 262 262 261 261 260 259 259 258 258 257 256 255 254 253 252 252 251 250 249 249 248 247 246 245 245 244 243 242 241 241 240 239 238 237 236 235
265 266 266 266 267 267 266 266 266 266 265 264 263 262 257 259 260 260 261 261 262 263 263 264 264 265 265 266 266 266 267 267 267 268 268 268 268 268 268 268 268 268 268 268 268 268 268 268 267 267 267 266 266 266 265 265 264 264 263 263 262 261 261 260 260 259 258 258 256 255 254 254 253 252 251 251 250 249 248 248 247 246 245 244 244 243 242 241 240 239 239 238 237 236
265 266 267 267 268 267 267 267 267 266 266 265 264 261 258 259 259 261 262 262 263 263 264 264 265 265 266 266 267 267 268 268 268 268 269 269 269 269 269 269 269 269 269 269 269 269 269 268 268 268 268 267 267 266 266 265 265 264 264 263 263 262 262 261 260 260 258 257 257 256 255 254 254 253 252 251 251 250 249 248 247 247 246 245 244 243 242 242 241 240 239 238 237 236
266 267 266 267 267 268 268 267 267 267 267 265 264 262 259 259 260 261 261 263 264 264 265 265 266 266 267 267 268 268 268 269 269 269 270 270 270 270 270 270 270 270 270 270 270 270 270 269 269 269 268 268 268 267 267 266 266 265 265 264 264 263 262 262 260 259 259 258 257 256 256 255 254 253 253 252 251 250 249 249 248 247 246 245 245 244 243 242 241 240 239 239 238 237
266 267 267 268 268 268 268 268 268 268 267 266 265 263 259 260 261 261 262 263 263 264 265 266 267 267 268 268 269 269 269 270 270 270 271 271 271 271 271 271 271 271 271 271 271 271 271 270 270 270 269 269 269 268 268 267 267 266 265 265 264 263 262 261 261 260 259 259 258 257 256 256 255 254 253 252 252 251 250 249 248 248 247 246 245 244 243 242 242 241 240 239 238 237
267 268 268 268 268 269 269 269 268 268 268 267 265 263 260 261 261 262 263 263 264 265 265 266 266 267 268 269 269 270 270 271 271 271 272 272 272 272 272 272 272 272 272 272 272 272 272 271 271 271 270 270 269 269 268 268 267 266 265 265 264 263 263 262 261 261 260 259 258 258 257 256 255 255 254 253 252 251 251 250 249 248 247 246 245 245 244 243 242 241 240 239 238 238
267 268 268 269 269 269 269 269 269 269 269 267 266 264 261 261 262 263 263 264 265 265 266 267 267 268 268 269 269 270 271 272 272 272 272 273 273 273 273 273 273 273 273 273 273 273 272 272 272 272 271 271 270 269 268 268 267 267 266 265 265 264 263 263 262 261 261 260 259 258 258 257 256 255 254 253 253 252 251 250 249 248 248 247 246 245 244 243 242 242 241 240 239 238
268 269 268 269 269 270 270 270 269 269 269 268 267 263 261 262 263 263 264 265 265 266 267 267 268 269 269 270 270 271 271 271 272 272 272 273 273 273 274 274 274 274 274 274 274 273 272 272 272 271 271 271 270 270 269 269 268 267 267 266 265 265 264 263 263 262 261 260 260 259 258 257 256 256 255 254 253 252 251 251 250 249 248 247 246 245 245 244 243 242 241 240 239 238
268 269 269 270 270 270 270 270 270 270 269 268 267 264 262 263 263 264 265 265 266 267 267 268 269 269 270 270 271 271 272 272 273 273 273 274 274 274 274 274 274 274 274 274 274 274 273 273 273 272 272 271 271 270 270 269 269 268 267 267 266 265 265 264 263 263 262 261 260 259 259 258 257 256 255 254 254 253 252 251 250 249 248 248 247 246 245 244 243 242 241 240 240 239
269 270 269 270 270 270 271 271 270 270 269 269 267 265 262 263 264 265 265 266 267 268 268 269 269 270 271 271 272 272 273 273 274 274 274 274 275 275 275 275 275 275 275 275 275 274 274 274 274 273 273 272 272 271 271 270 269 269 268 268 267 266 265 265 264 263 262 262 261 260 259 258 257 257 256 255 254 253 252 252 251 250 249 248 247 246 245 244 244 243 242 241 240 239
269 269 270 271 271 270 271 271 271 271 270 269 267 264 263 264 264 265 266 267 267 268 269 270 270 271 271 272 273 273 274 274 274 275 275 275 276 276 276 276 276 276 276 276 276 275 275 275 274 274 274 273 273 272 271 271 270 270 269 268 267 267 266 265 264 264 263 262 261 260 260 259 258 257 256 255 255 254 253 252 251 250 249 248 248 247 246 245 244 243 242 241 240 239
269 269 270 271 271 271 272 272 271 271 270 269 268 265 263 264 265 266 267 267 268 269 270 270 271 272 272 273 273 274 274 275 275 276 276 276 277 277 277 277 277 277 277 277 277 276 276 276 275 275 274 274 273 273 272 272 271 270 270 269 268 267 267 266 265 264 263 263 262 261 260 259 258 258 257 256 255 254 253 252 251 251 250 249 248 247 246 245 244 243 242 241 241 240
270 270 271 270 271 271 272 272 272 272 271 269 268 265 264 265 266 266 267 268 269 269 270 271 272 272 273 274 274 275 275 276 276 277 277 277 278 278 278 278 278 278 278 278 278 277 277 277 276 276 275 275 274 274 273 272 272 271 270 269 269 268 267 266 266 265 264 263 262 261 261 260 259 258 257 256 255 254 254 253 252 251 250 249 248 247 246 245 245 244 243 242 241 240
270 270 271 271 272 272 272 272 272 271 271 270 269 265 264 265 266 267 268 269 269 270 271 272 272 273 274 274 275 276 276 277 277 277 278 278 278 279 279 279 279 279 279 279 278 278 278 277 277 277 276 276 275 274 274 273 272 272 271 270 269 269 268 267 266 265 264 264 263 262 261 260 259 258 258 257 256 255 254 253 252 251 250 249 249 248 247 246 245 244 243 242 241 240
270 270 271 271 272 272 272 273 273 272 271 270 269 265 265 266 267 267 268 269 270 271 271 272 273 274 274 275 276 276 277 277 278 278 279 279 279 280 280 280 280 280 280 280 279 279 279 278 278 277 277 276 276 275 274 274 273 272 271 271 270 269 268 267 267 266 265 264 263 262 261 261 260 259 258 257 256 255 254 253 252 252 251 250 249 248 247 246 245 244 243 242 241 240
271 271 272 272 272 272 272 272 272 272 272 271 270 265 265 266 267 268 269 270 270 271 272 273 274 274 275 276 276 277 278 278 279 279 280 280 280 281 281 281 281 281 281 281 280 280 280 279 279 278 278 277 276 276 275 274 274 273 272 271 270 270 269 268 267 266 265 265 264 263 262 261 260 259 258 257 256 256 255 254 253 252 251 250 249 248 247 246 245 244 244 243 242 241
270 271 272 272 273 273 273 273 272 272 272 271 269 265 266 267 268 268 269 270 271 272 273 273 274 275 276 276 277 278 278 279 280 280 281 281 281 282 282 282 282 282 282 282 281 281 281 280 280 279 278 278 277 276 276 275 274 273 273 272 271 270 269 268 268 267 266 265 264 263 262 261 260 260 259 258 257 256 255 254 253 252 251 250 249 248 248 247 246 245 244 243 242 241
270 271 272 272 273 273 273 273 273 273 273 271 269 265 266 267 268 269 270 271 271 272 273 274 275 276 276 277 278 278 279 280 280 281 281 282 282 282 283 283 283 283 283 282 282 282 281 281 280 280 279 278 278 277 276 276 275 274 273 272 271 271 270 269 268 267 266 265 264 263 263 262 261 260 259 258 257 256 255 254 253 252 251 251 250 249 248 247 246 245 244 243 242 241
271 272 272 272 273 273 273 273 273 273 273 272 270 266 267 267 268 269 270 271 272 273 274 274 275 276 277 278 278 279 280 280 281 282 282 283 283 283 284 284 284 284 284 283 283 283 282 282 281 280 280 279 278 278 277 276 275 274 274 273 272 271 270 269 268 267 267 266 265 264 263 262 261 260 259 258 257 256 255 255 254 253 252 251 250 249 248 247 246 245 244 243 242 241
271 272 273 273 273 274 273 273 273 273 272 272 270 266 267 268 269 270 271 271 272 273 274 275 276 277 277 278 279 280 280 281 282 282 283 284 284 284 285 285 285 285 285 284 284 284 283 282 282 281 280 280 279 278 277 277 276 275 274 273 272 271 271 270 269 268 267 266 265 264 263 262 261 260 259 259 258 257 256 255 254 253 252 251 250 249 248 247 246 245 244 243 242 241
271 272 272 273 273 274 274 274 274 274 272 271 270 266 267 268 269 270 271 272 273 274 274 275 276 277 278 279 280 280 281 282 283 283 284 284 285 285 286 286 286 286 286 285 285 284 284 283 283 282 281 280 280 279 278 277 276 275 274 274 273 272 271 270 269 268 267 266 265 264 263 263 262 261 260 259 258 257 256 255 254 253 252 251 250 249 248 247 246 245 245 244 243 242
271 272 272 273 273 274 274 274 274 274 273 272 270 267 267 268 269 270 271 272 273 274 275 276 277 277 278 279 280 281 282 282 283 284 285 285 286 286 286 287 287 287 286 286 286 285 285 284 283 282 282 281 280 279 278 277 277 276 275 274 273 272 271 270 269 268 267 267 266 265 264 263 262 261 260 259 258 257 256 255 254 253 252 251 250 249 248 248 247 246 245 244 243 242
