testData/tiles/oneDegree/grid48.0-25.0-49.0-26.0.asc
ncols   200
nrows   200
xllcorner   48.0
yllcorner   25.0
cellsize   0.005
NODATA_value   -9999.0
[rows 0 to 41 of 200, columns 94 to 187 of 200]
649 643 638 632 628 620 614 604 597 596 596 594 537 535 533 532 529 528 527 525 523 521 519 518 515 513 512 510 510 509 508 507 505 504 503 502 501 500 500 498 497 496 495 494 477 476 474 473 472 472 472 472 471 471 471 471 471 471 470 470 470 470 470 470 469 469 469 469 469 469 468 468 468 468 468 467 467 466 466 466 466 465 465 465 465 465 464 464 464 463 463 462 462 462
649 644 639 633 627 621 615 606 598 596 594 592 536 534 532 532 530 527 526 524 523 521 519 518 516 513 511 509 509 509 508 507 506 504 503 502 501 500 499 498 496 495 494 494 477 476 475 473 472 472 472 472 472 471 471 471 471 471 471 470 470 470 470 470 470 469 469 469 469 469 469 468 467 467 467 467 466 466 466 466 466 465 465 465 465 465 464 463 463 463 463 463 462 462
650 644 640 633 628 621 614 607 598 597 594 592 535 533 532 531 529 527 525 523 522 520 519 518 516 514 511 509 509 508 507 506 505 505 503 502 501 500 499 498 497 495 494 493 476 475 474 473 471 471 471 471 471 471 471 471 471 471 471 471 470 469 469 469 469 469 468 468 468 468 468 468 467 467 467 467 467 466 466 466 466 466 464 464 464 464 464 463 463 463 463 463 462 461
651 645 639 634 629 622 615 607 598 597 595 592 535 533 531 530 528 527 526 523 521 519 517 516 515 514 512 509 509 508 507 506 505 504 503 501 500 500 499 498 497 496 494 493 476 475 474 473 471 471 471 471 471 471 471 470 470 470 470 470 470 469 469 469 469 469 469 468 468 468 468 468 467 467 467 467 467 467 465 465 465 465 465 464 464 464 464 464 463 463 462 462 462 461
651 646 641 634 628 622 616 608 599 596 594 593 535 533 531 530 528 526 525 524 522 519 517 516 514 512 510 509 508 508 507 506 505 504 503 502 500 499 498 497 496 495 494 493 476 475 474 473 472 471 471 471 471 471 471 471 470 470 470 470 470 470 469 469 469 469 469 468 468 468 468 468 467 466 466 466 466 466 465 465 465 465 465 465 464 464 463 463 463 462 462 462 462 462
652 646 641 635 629 622 616 609 600 596 594 592 535 532 531 530 528 526 524 523 521 519 517 516 514 512 510 509 509 507 506 505 505 504 503 502 501 499 498 497 496 495 494 493 475 474 473 472 471 471 470 470 470 471 471 471 470 470 470 470 470 470 468 468 468 468 468 468 467 467 467 467 467 467 466 466 466 466 466 465 465 465 465 464 463 463 463 463 463 462 462 462 462 461
651 646 642 636 631 623 616 608 600 596 594 592 535 533 530 529 528 526 524 523 521 519 517 515 513 512 510 509 509 508 506 505 504 503 502 501 500 500 498 497 496 495 494 493 475 474 473 472 471 471 471 470 470 470 470 470 470 469 469 469 469 469 469 468 468 468 468 468 468 467 467 467 467 467 466 466 466 466 465 465 464 464 464 464 464 463 463 463 463 463 461 461 461 461
651 645 641 636 631 624 618 609 601 595 593 592 591 533 531 529 527 525 523 523 521 519 517 516 513 511 509 508 509 508 507 505 504 503 502 501 500 499 497 496 495 494 494 493 476 474 473 472 471 471 471 471 470 470 470 470 470 470 469 469 469 469 469 469 468 468 468 468 468 468 467 467 467 466 466 465 465 465 465 465 465 464 464 464 464 464 463 462 462 462 462 461 461 461
651 646 641 635 630 623 617 610 601 595 593 591 590 533 531 530 527 525 523 522 520 519 517 516 514 511 509 508 507 507 506 505 504 503 502 501 500 499 498 496 495 494 493 476 475 474 472 471 470 470 470 470 471 470 470 470 470 470 470 469 469 469 469 468 468 467 467 467 467 467 466 466 466 466 466 466 465 465 465 465 465 464 464 463 463 463 462 462 462 462 462 461 461 461
651 646 642 636 630 624 617 610 602 594 592 590 589 532 530 530 528 525 523 522 520 518 516 515 514 512 509 508 507 507 506 505 504 502 501 500 500 499 498 497 495 494 493 476 475 474 473 471 470 470 470 470 470 469 469 469 469 469 469 469 468 468 468 468 468 467 467 467 467 467 467 466 466 466 466 466 466 465 465 464 464 464 463 463 463 463 463 462 462 462 462 461 460 460
651 646 641 636 631 624 617 610 602 594 592 590 589 531 529 527 526 524 523 522 520 518 516 515 513 511 508 507 507 507 506 505 504 503 501 500 499 498 497 496 495 493 493 476 475 474 473 472 470 470 470 470 470 470 469 469 469 469 469 469 468 468 468 468 468 468 467 467 467 467 467 467 466 465 465 465 465 464 464 464 464 464 463 463 463 463 463 462 461 461 461 461 461 460
653 647 642 636 631 625 618 611 603 594 592 589 589 531 529 527 526 524 522 520 518 517 515 513 513 511 509 507 506 505 505 505 504 503 502 500 499 498 497 496 495 494 492 475 474 473 472 471 470 469 469 469 470 470 470 469 469 469 469 469 469 468 468 467 467 467 467 466 466 466 466 466 465 465 465 465 465 465 464 464 464 464 464 463 462 462 462 462 461 461 461 461 461 460
653 648 643 636 630 625 618 612 604 595 592 590 587 530 528 527 526 524 522 520 518 516 514 512 512 510 509 508 506 505 505 504 503 502 501 500 499 498 497 496 495 494 493 475 474 473 472 471 470 469 469 469 469 469 469 469 468 468 468 468 468 468 467 467 467 467 467 467 466 466 466 466 466 465 465 465 465 465 465 463 463 463 463 463 462 462 462 462 462 461 461 460 460 460
653 648 644 638 631 625 618 612 603 595 592 590 588 530 528 526 525 524 522 520 519 516 514 512 511 509 508 508 507 505 504 504 503 502 501 500 498 497 496 495 494 494 493 475 474 473 472 470 470 470 469 469 469 469 469 469 468 468 468 468 468 468 467 467 467 467 467 467 466 466 466 466 466 466 464 464 464 464 464 463 463 463 463 463 462 462 462 462 461 460 460 460 460 460
652 647 642 637 632 626 619 612 604 595 591 589 588 531 528 526 525 523 521 519 519 517 514 512 510 509 508 507 506 505 503 504 503 502 501 500 499 497 496 495 494 493 492 475 473 472 470 469 469 469 469 469 469 469 469 469 469 468 468 468 468 468 468 467 466 466 466 466 466 465 465 465 465 465 464 464 464 464 464 464 463 463 463 463 462 461 461 461 461 461 460 460 460 460
653 648 642 637 631 625 619 611 604 596 591 589 587 530 529 526 524 523 521 519 518 516 514 512 510 509 508 507 506 505 504 502 502 501 500 500 499 498 496 495 494 493 476 475 474 472 470 469 469 469 469 468 468 468 468 468 468 468 467 467 467 467 467 467 466 466 466 466 466 465 465 465 465 465 465 464 464 464 464 464 462 462 462 462 462 462 461 461 461 461 461 460 459 459
652 648 643 638 632 626 619 611 604 596 590 588 586 529 527 526 523 523 521 519 517 516 514 512 509 508 508 507 506 505 504 503 501 501 500 499 498 497 496 494 493 493 476 475 474 472 470 469 469 469 469 469 468 468 468 468 468 468 467 467 467 467 467 467 466 466 466 466 466 466 465 465 465 465 464 464 463 463 463 463 463 462 462 462 462 462 461 461 461 460 460 459 459 459
652 648 642 638 632 627 620 612 604 596 588 588 586 584 527 525 523 521 519 518 517 516 514 512 510 507 507 506 505 504 504 503 501 500 500 499 498 497 496 495 493 492 475 474 472 471 469 468 468 468 469 469 469 468 468 468 468 468 468 467 467 467 467 467 467 465 465 465 465 465 465 464 464 464 464 464 463 463 463 463 463 463 462 462 462 461 461 460 460 460 460 460 459 459
652 648 643 638 632 625 620 613 606 597 588 587 585 584 527 525 523 522 519 517 515 514 512 511 509 508 507 506 505 504 503 502 501 499 498 499 498 497 496 495 493 492 474 473 472 471 470 468 468 468 468 468 468 468 467 467 467 467 467 467 466 466 466 466 466 466 465 465 465 465 465 464 464 464 464 464 464 463 463 463 462 462 461 461 461 461 461 460 460 460 460 460 458 458
652 649 643 638 632 626 620 613 607 598 588 587 585 583 526 524 523 521 519 517 515 513 512 510 508 507 506 506 505 504 503 502 501 500 498 497 496 495 494 493 492 491 474 473 472 471 470 469 468 468 468 468 468 468 467 467 467 467 467 467 466 466 466 466 466 466 465 465 465 465 465 465 464 464 463 463 463 462 462 462 462 462 462 461 461 461 461 461 460 459 459 459 459 458
652 647 642 637 632 626 621 613 606 598 590 586 585 583 525 524 522 520 519 517 515 513 512 510 508 507 506 504 504 503 503 502 501 500 499 497 496 495 494 493 492 491 473 472 471 470 469 468 467 467 468 468 468 468 468 467 467 467 467 467 467 466 466 466 466 465 465 464 464 464 464 464 464 463 463 463 463 463 462 462 462 462 462 461 461 460 460 460 459 459 459 459 459 458
653 649 642 636 631 626 620 613 605 598 590 586 584 583 525 524 522 520 518 517 514 512 511 510 508 507 506 505 504 503 502 501 500 499 499 497 496 495 494 493 492 491 473 472 471 470 469 468 468 467 467 467 467 467 467 467 466 466 466 466 466 466 465 465 465 465 465 464 464 464 464 464 464 463 463 463 463 463 463 462 462 461 461 461 460 460 460 460 460 459 459 459 459 458
653 648 644 637 632 626 619 614 606 599 589 585 583 581 523 524 522 520 518 517 515 512 510 509 507 507 506 505 504 503 502 501 500 499 498 497 495 494 493 492 492 475 474 472 471 470 469 468 468 468 467 467 467 467 467 467 466 466 466 466 466 466 465 465 465 465 465 465 464 464 464 464 464 464 463 462 462 462 462 461 461 461 461 461 460 460 460 460 460 459 458 458 458 458
653 647 644 638 632 626 619 613 606 597 590 585 583 581 523 521 520 518 517 516 514 513 510 508 507 506 505 504 503 502 502 501 500 499 498 497 496 494 493 492 491 474 473 472 470 469 468 467 467 468 467 467 467 467 467 467 467 466 466 466 466 466 466 465 465 465 464 464 464 463 463 463 463 463 462 462 462 462 462 462 461 461 461 461 461 460 459 459 459 459 458 458 458 458
653 648 644 638 633 627 620 614 606 598 590 584 583 582 523 521 520 518 516 514 513 512 509 507 506 506 505 504 503 502 500 500 499 498 498 497 496 495 493 492 491 474 473 472 470 468 467 467 467 467 467 466 466 466 466 466 466 465 465 465 465 465 465 464 464 464 464 464 464 463 463 463 463 463 463 462 462 462 462 462 461 460 460 460 460 459 459 459 459 459 458 458 458 458
653 647 642 637 632 627 621 614 607 599 591 584 582 581 523 521 519 518 516 514 512 511 509 506 505 506 505 504 503 502 501 499 498 498 497 496 495 494 492 491 491 474 473 472 470 468 467 467 467 467 467 467 466 466 466 466 466 466 465 465 465 465 465 465 464 464 464 464 464 464 463 463 463 463 463 461 461 461 461 461 461 460 460 460 460 460 459 459 459 459 458 457 457 457
651 648 643 638 632 627 620 612 606 600 591 584 582 580 523 521 518 517 516 514 512 511 509 507 505 504 504 503 502 502 501 500 498 497 496 496 495 494 493 491 490 472 471 470 469 468 466 466 466 467 467 467 466 466 466 466 466 466 465 465 465 465 465 465 464 464 463 463 463 463 462 462 462 462 462 462 461 461 461 461 461 460 460 460 460 460 458 458 458 458 458 457 457 457
651 647 642 638 632 626 621 613 606 598 589 583 581 579 579 521 518 516 515 513 511 510 509 507 506 504 503 503 502 501 500 499 497 497 496 495 494 493 492 490 473 472 471 470 469 468 466 466 466 466 466 466 466 465 465 465 465 465 465 464 464 464 464 464 464 463 463 463 463 463 463 462 462 462 462 462 461 461 461 461 461 461 459 459 459 459 459 458 458 458 458 458 457 457
652 648 642 637 632 626 621 614 606 599 590 581 580 578 577 520 518 515 514 513 511 509 508 506 506 504 503 502 502 501 500 499 498 496 495 494 493 492 491 491 473 472 471 470 469 468 467 466 466 466 466 466 466 465 465 465 465 465 465 465 464 464 464 464 464 464 463 463 463 463 463 462 462 462 462 462 461 460 460 460 460 460 459 459 459 459 459 458 458 458 458 457 456 456
652 648 643 637 633 626 621 614 608 600 591 581 580 578 576 519 517 516 513 512 510 508 506 506 505 504 502 501 501 501 500 499 498 497 495 494 493 492 491 490 473 471 470 469 468 467 466 465 466 466 466 466 466 466 465 465 465 465 465 465 464 464 464 464 464 464 463 462 462 462 462 462 461 461 461 461 461 460 460 460 460 460 460 459 459 459 459 458 457 457 457 457 457 456
651 646 641 637 632 627 620 615 607 600 591 582 580 578 576 518 517 515 512 511 510 508 506 505 505 504 503 501 500 499 498 498 497 497 495 494 493 492 491 490 473 471 470 469 468 466 466 466 465 465 465 465 465 465 464 464 464 464 464 464 464 463 463 463 463 463 463 462 462 462 462 462 461 461 461 461 461 461 460 460 460 460 459 458 458 458 458 458 457 457 457 457 457 456
652 646 642 636 631 626 620 614 607 599 592 582 578 577 576 518 517 515 513 510 509 507 505 504 504 504 503 501 500 499 498 497 496 496 495 493 492 491 490 490 473 472 470 468 467 466 466 466 466 465 465 465 465 465 465 464 464 464 464 464 464 463 463 463 463 463 463 462 462 462 462 462 462 461 461 461 460 460 459 459 459 459 459 458 458 458 458 458 458 457 457 456 456 456
653 648 641 637 631 626 620 613 607 600 592 582 577 576 574 517 516 515 513 511 508 507 505 504 503 502 502 501 500 499 498 497 496 495 494 492 492 491 490 473 471 470 468 467 466 465 465 465 466 465 465 465 465 465 465 464 464 464 464 464 464 464 463 463 463 463 463 461 461 461 461 461 461 460 460 460 460 460 460 459 459 459 459 459 458 458 458 457 457 456 456 456 456 456
651 647 643 637 631 626 620 613 607 599 592 583 577 575 574 516 514 512 511 509 508 506 505 504 503 502 501 501 499 498 497 496 496 495 494 493 491 490 489 472 471 470 469 467 466 465 465 465 465 465 464 464 464 464 464 464 463 463 463 463 463 463 462 462 462 462 462 462 461 461 461 461 461 461 460 460 460 460 460 459 459 459 459 458 457 457 457 457 457 456 456 456 456 456
651 646 641 637 632 626 621 614 607 600 592 583 577 575 573 516 514 512 511 509 507 504 503 504 503 502 501 500 500 498 497 496 495 494 493 492 490 489 489 472 471 470 469 467 466 465 465 465 465 465 464 464 464 464 464 464 463 463 463 463 463 463 463 462 462 462 462 462 461 461 461 461 461 461 460 460 460 459 459 458 458 458 458 458 458 457 457 457 457 457 456 456 455 455
651 647 642 636 630 624 619 613 607 601 592 583 577 574 572 515 514 512 510 509 507 505 503 502 502 501 500 500 499 498 497 496 495 494 493 492 491 489 488 471 470 469 468 467 465 464 464 465 465 465 465 464 464 464 464 464 464 463 463 463 463 463 463 462 462 462 462 462 461 460 460 460 460 460 459 459 459 459 459 459 458 458 458 458 458 457 457 457 456 456 455 455 455 455
650 646 642 637 632 625 619 613 606 599 592 583 575 575 572 514 513 511 509 508 507 505 503 502 501 501 500 499 498 497 495 494 495 494 493 492 491 490 488 471 470 469 468 466 464 464 464 464 464 464 464 463 463 463 463 463 463 462 462 462 462 462 462 461 461 461 461 461 461 460 460 460 460 460 460 459 459 459 459 459 458 458 458 457 457 457 456 456 456 456 456 455 455 455
651 646 642 636 631 625 619 613 606 599 592 583 575 574 572 513 511 510 509 507 505 504 503 502 501 500 500 499 498 497 496 494 493 492 491 490 489 488 471 470 469 468 467 466 465 464 464 464 464 464 464 464 463 463 463 463 463 463 462 462 462 462 462 462 461 461 461 461 461 461 460 460 460 460 460 459 459 458 458 458 458 457 457 457 457 457 456 456 456 456 456 455 454 454
650 645 641 637 631 626 620 613 607 599 591 583 574 572 571 569 511 510 508 506 504 503 503 501 500 499 498 499 498 497 496 494 493 492 491 490 489 488 471 469 468 467 466 465 464 463 464 464 464 464 464 464 463 463 463 463 463 463 462 462 462 462 462 462 461 461 461 461 461 460 459 459 459 459 459 459 458 458 458 458 458 457 457 457 457 457 456 456 455 455 455 454 454 454
649 646 640 636 630 624 619 613 606 600 592 584 574 572 570 569 510 508 507 506 504 503 502 502 500 499 498 497 496 496 495 494 493 492 491 490 489 488 471 469 468 467 466 465 464 464 463 463 463 463 463 463 462 462 462 462 462 462 462 461 461 461 461 461 461 460 460 460 460 460 459 459 459 459 459 459 458 458 458 458 458 457 457 456 456 456 456 455 455 455 455 455 454 454
649 645 640 635 631 625 620 612 605 599 591 582 575 572 570 569 510 508 506 505 503 502 502 501 500 499 498 497 496 495 494 494 492 491 490 489 488 488 471 469 468 467 466 464 464 464 463 463 463 463 463 463 463 462 462 462 462 462 462 461 461 461 461 461 461 460 460 460 460 460 460 459 459 459 459 459 458 458 457 457 457 457 456 456 456 456 456 455 455 455 455 455 454 453
649 644 640 635 630 624 619 614 606 598 591 582 573 570 568 567 510 508 506 504 503 502 501 500 499 498 498 497 496 495 494 493 492 490 489 489 488 471 470 469 466 465 464 463 463 463 464 463 463 463 463 463 463 462 462 462 462 462 462 462 461 461 461 461 461 461 460 460 460 459 459 458 458 458 458 458 458 457 457 457 457 457 456 456 456 456 456 455 455 454 454 454 453 453
