testData/tiles/oneDegree/grid45.0-39.0-46.0-40.0.asc
ncols   200
nrows   200
xllcorner   45.0
yllcorner   39.0
cellsize   0.005
NODATA_value   -9999.0
[rows 126 to 167 of 200, columns 94 to 187 of 200]
373 373 373 373 373 373 373 373 373 247 247 182 182 181 181 181 181 181 181 181 181 181 145 145 145 144 144 144 144 144 144 144 144 144 144 144 144 144 144 144 144 144 144 144 144 144 144 144 144 144 144 144 144 144 144 144 144 144 144 144 144 144 144 144 144 144 144 144 144 144 144 144 144 144 144 144 144 144 144 144 144 144 144 144 144 144 144 144 144 144 144 144 144 144
374 373 373 373 373 373 373 373 373 373 247 182 182 182 182 182 182 182 181 181 181 181 145 145 145 145 145 145 144 144 144 144 144 144 144 144 144 144 144 144 144 144 144 144 144 144 144 144 144 144 144 144 144 144 144 144 144 144 144 144 144 144 144 144 144 144 144 144 144 144 144 144 144 144 144 144 144 144 144 144 144 144 144 144 144 144 144 144 144 144 144 144 144 144
374 374 374 374 374 374 374 374 373 373 247 182 182 182 182 182 182 182 182 182 182 181 145 145 145 145 145 145 145 145 145 144 144 144 144 144 144 144 144 144 144 144 144 144 144 144 144 144 144 144 144 144 144 144 144 144 144 144 144 144 144 144 144 144 144 144 144 144 144 144 144 144 144 144 144 144 144 144 144 144 144 144 144 144 144 144 144 144 144 144 144 144 144 144
374 374 374 374 374 374 374 374 374 374 248 183 183 182 182 182 182 182 182 182 182 182 182 146 146 145 145 145 145 145 145 145 145 145 144 144 144 144 144 144 144 144 144 144 144 144 144 144 144 144 144 144 144 144 144 144 144 144 144 144 144 144 144 144 144 144 144 144 144 144 144 144 144 144 144 144 144 144 144 144 144 144 144 144 144 144 144 144 144 144 144 144 144 144
375 374 374 374 374 374 374 374 374 374 248 248 183 183 183 183 183 183 182 182 182 182 182 146 146 146 146 146 145 145 145 145 145 145 145 145 145 144 144 144 144 144 144 144 144 144 144 144 144 144 144 144 144 144 144 144 144 144 144 144 144 144 144 144 144 144 144 144 144 144 144 144 144 144 144 144 144 144 144 144 144 144 144 144 144 144 144 144 144 144 144 144 144 144
375 375 375 375 375 375 375 375 374 374 374 248 183 183 183 183 183 183 183 183 183 182 182 146 146 146 146 146 146 146 146 145 145 145 145 145 145 145 145 145 144 144 144 144 144 144 144 144 144 144 144 144 144 144 144 144 144 144 144 144 144 144 144 144 144 144 144 144 144 144 144 144 144 144 144 144 144 144 144 144 144 144 144 144 144 144 144 144 144 144 144 144 144 144
375 375 375 375 375 375 375 375 375 375 375 249 184 183 183 183 183 183 183 183 183 183 183 183 147 146 146 146 146 146 146 146 146 146 145 145 145 145 145 145 145 145 144 144 144 144 144 144 144 144 144 144 144 144 144 144 144 144 144 144 144 144 144 144 144 144 144 144 144 144 144 144 144 144 144 144 144 144 144 144 144 144 144 144 144 144 144 144 144 144 144 144 144 144
375 375 375 375 375 375 375 375 375 375 375 249 184 184 184 184 184 183 183 183 183 183 183 183 147 147 147 147 146 146 146 146 146 146 146 146 146 145 145 145 145 145 145 145 144 144 144 144 144 144 144 144 144 144 144 144 144 144 144 144 144 144 144 144 144 144 144 144 144 144 144 144 144 144 144 144 144 144 144 144 144 144 144 144 144 144 144 144 144 144 144 144 144 144
376 376 376 376 376 376 376 375 375 375 375 375 184 184 184 184 184 184 184 184 184 183 183 183 147 147 147 147 147 147 147 146 146 146 146 146 146 146 146 146 145 145 145 145 145 145 145 144 144 144 144 144 144 144 144 144 144 144 144 144 144 144 144 144 144 144 144 144 144 144 144 144 144 144 144 144 144 144 144 144 144 144 144 144 144 144 144 144 144 144 144 144 144 144
376 376 376 376 376 376 376 376 376 376 376 376 184 184 184 184 184 184 184 184 184 184 184 184 148 147 147 147 147 147 147 147 147 147 146 146 146 146 146 146 146 146 145 145 145 145 145 145 145 144 144 144 144 144 144 144 144 144 144 144 144 144 144 144 144 144 144 144 144 144 144 144 144 144 144 144 144 144 144 144 144 144 144 144 144 144 144 144 144 144 144 144 144 144
376 376 376 376 376 376 376 376 376 376 376 376 185 185 185 185 185 184 184 184 184 184 184 184 184 148 148 148 147 147 147 147 147 147 147 147 147 146 146 146 146 146 146 146 145 145 145 145 145 145 145 144 144 144 144 144 144 144 144 144 144 144 144 144 144 144 144 144 144 144 144 144 144 144 144 144 144 144 144 144 144 144 144 144 144 144 144 144 144 144 144 144 144 144
377 377 377 377 377 377 376 376 376 376 376 376 185 185 185 185 185 185 185 185 185 184 184 184 184 148 148 148 148 148 148 147 147 147 147 147 147 147 147 146 146 146 146 146 146 146 146 145 145 145 145 145 145 144 144 144 144 144 144 144 144 144 144 144 144 144 144 144 144 144 144 144 144 144 144 144 144 144 144 144 144 144 144 144 144 144 144 144 144 144 144 144 144 144
377 377 377 377 377 377 377 377 377 377 377 376 311 185 185 185 185 185 185 185 185 185 185 185 184 148 148 148 148 148 148 148 148 148 147 147 147 147 147 147 147 147 146 146 146 146 146 146 146 145 145 145 145 145 145 144 144 144 144 144 144 144 144 144 144 144 144 144 144 144 144 144 144 144 144 144 144 144 144 144 144 144 144 144 144 144 144 144 144 144 144 144 144 144
377 377 377 377 377 377 377 377 377 377 377 377 312 186 186 186 185 185 185 185 185 185 185 185 185 149 149 148 148 148 148 148 148 148 148 148 147 147 147 147 147 147 147 147 146 146 146 146 146 146 146 145 145 145 145 145 145 144 144 144 144 144 144 144 144 144 144 144 144 144 144 144 144 144 144 144 144 144 144 144 144 144 144 144 144 144 144 144 144 144 144 144 144 144
378 378 378 378 377 377 377 377 377 377 377 377 377 186 186 186 186 186 186 186 185 185 185 185 185 185 149 149 149 149 148 148 148 148 148 148 148 148 148 147 147 147 147 147 147 147 146 146 146 146 146 146 146 145 145 145 145 145 145 144 144 144 144 144 144 144 144 144 144 144 144 144 144 144 144 144 144 144 144 144 144 144 144 144 144 144 144 144 144 144 144 144 144 144
378 378 378 378 378 378 378 378 378 377 377 377 377 186 186 186 186 186 186 186 186 186 186 185 185 185 149 149 149 149 149 149 149 148 148 148 148 148 148 148 148 147 147 147 147 147 147 147 146 146 146 146 146 146 146 145 145 145 145 145 145 144 144 144 144 144 144 144 144 144 144 144 144 144 144 144 144 144 144 144 144 144 144 144 144 144 144 144 144 144 144 144 144 144
378 378 378 378 378 378 378 378 378 378 378 378 378 313 186 186 186 186 186 186 186 186 186 186 186 186 149 149 149 149 149 149 149 149 149 149 148 148 148 148 148 148 148 148 147 147 147 147 147 147 147 146 146 146 146 146 146 145 145 145 145 145 144 144 144 144 144 144 144 144 144 144 144 144 144 144 144 144 144 144 144 144 144 144 144 144 144 144 144 144 144 144 144 144
379 378 378 378 378 378 378 378 378 378 378 378 378 313 187 187 187 187 186 186 186 186 186 186 186 186 150 150 150 149 149 149 149 149 149 149 149 149 148 148 148 148 148 148 148 148 147 147 147 147 147 147 147 146 146 146 146 146 146 145 145 145 145 145 144 144 144 144 144 144 144 144 144 144 144 144 144 144 144 144 144 144 144 144 144 144 144 144 144 144 144 144 144 144
379 379 379 379 379 379 379 378 378 378 378 378 378 313 187 187 187 187 187 187 187 187 186 186 186 186 150 150 150 150 150 150 149 149 149 149 149 149 149 149 149 148 148 148 148 148 148 148 147 147 147 147 147 147 146 146 146 146 146 146 145 145 145 145 145 145 144 144 144 144 144 144 144 144 144 144 144 144 144 144 144 144 144 144 144 144 144 144 144 144 144 144 144 144
379 379 379 379 379 379 379 379 379 379 379 379 378 313 187 187 187 187 187 187 187 187 187 187 187 186 186 150 150 150 150 150 150 150 150 149 149 149 149 149 149 149 149 148 148 148 148 148 148 148 147 147 147 147 147 147 146 146 146 146 146 146 145 145 145 145 145 144 144 144 144 144 144 144 144 144 144 144 144 144 144 144 144 144 144 144 144 144 144 144 144 144 144 144
379 379 379 379 379 379 379 379 379 379 379 379 379 314 314 188 188 187 187 187 187 187 187 187 187 187 187 151 150 150 150 150 150 150 150 150 150 150 149 149 149 149 149 149 149 148 148 148 148 148 148 148 147 147 147 147 147 147 146 146 146 146 146 146 145 145 145 145 145 144 144 144 144 144 144 144 144 144 144 144 144 144 144 144 144 144 144 144 144 144 144 144 144 144
380 380 380 380 379 379 379 379 379 379 379 379 379 314 314 188 188 188 188 188 187 187 187 187 187 187 187 151 151 151 151 150 150 150 150 150 150 150 150 150 149 149 149 149 149 149 149 148 148 148 148 148 148 148 147 147 147 147 147 147 146 146 146 146 146 145 145 145 145 145 144 144 144 144 144 144 144 144 144 144 144 144 144 144 144 144 144 144 144 144 144 144 144 144
380 380 380 380 380 380 380 380 380 380 379 379 379 314 314 188 188 188 188 188 188 188 188 188 187 187 187 151 151 151 151 151 151 151 150 150 150 150 150 150 150 150 149 149 149 149 149 149 149 148 148 148 148 148 148 148 147 147 147 147 147 147 146 146 146 146 146 145 145 145 145 145 144 144 144 144 144 144 144 144 144 144 144 144 144 144 144 144 144 144 144 144 144 144
381 381 381 381 381 381 381 381 380 380 380 380 380 315 314 188 188 188 188 188 188 188 188 188 188 188 188 151 151 151 151 151 151 151 151 151 150 150 150 150 150 150 150 150 149 149 149 149 149 149 149 148 148 148 148 148 148 148 147 147 147 147 147 146 146 146 146 146 146 145 145 145 145 144 144 144 144 144 144 144 144 144 144 144 144 144 144 144 144 144 144 144 144 144
382 381 381 381 381 381 381 381 381 381 381 381 381 316 316 189 189 189 188 188 188 188 188 188 188 188 188 152 152 152 151 151 151 151 151 151 151 151 151 150 150 150 150 150 150 150 150 149 149 149 149 149 149 148 148 148 148 148 148 147 147 147 147 147 147 146 146 146 146 146 145 145 145 145 145 144 144 144 144 144 144 144 144 144 144 144 144 144 144 144 144 144 144 144
383 383 383 383 383 383 383 381 381 381 381 381 381 316 316 316 190 190 190 190 190 189 188 188 188 188 188 152 152 152 152 152 152 151 151 151 151 151 151 151 151 150 150 150 150 150 150 150 150 149 149 149 149 149 149 148 148 148 148 148 148 147 147 147 147 147 147 146 146 146 146 146 145 145 145 145 144 144 144 144 144 144 144 144 144 144 144 144 144 144 144 144 144 144
383 383 383 383 383 383 383 383 383 383 383 383 382 317 317 316 190 190 190 190 190 190 190 190 190 189 189 188 152 152 152 152 152 152 152 151 151 151 151 151 151 151 151 150 150 150 150 150 150 150 150 149 149 149 149 149 149 148 148 148 148 148 148 147 147 147 147 147 146 146 146 146 146 145 145 145 145 145 144 144 144 144 144 144 144 144 144 144 144 144 144 144 144 144
384 384 384 384 384 384 384 383 383 383 383 383 383 383 318 318 191 191 191 191 191 190 190 190 190 190 190 190 153 153 153 153 152 152 152 152 152 152 151 151 151 151 151 151 151 151 150 150 150 150 150 150 150 149 149 149 149 149 149 148 148 148 148 148 147 147 147 147 147 147 146 146 146 146 146 145 145 145 145 144 144 144 144 144 144 144 144 144 144 144 144 144 144 144
385 385 385 384 384 384 384 384 384 384 384 384 384 384 318 318 192 192 192 192 191 191 191 191 191 191 190 190 154 154 154 153 153 153 153 153 153 152 152 152 151 151 151 151 151 151 151 151 150 150 150 150 150 150 149 149 149 149 149 149 148 148 148 148 148 148 147 147 147 147 147 146 146 146 146 146 145 145 145 145 144 144 144 144 144 144 144 144 144 144 144 144 144 144
386 386 386 386 386 386 385 385 384 384 384 384 384 384 319 319 319 193 193 193 192 192 192 191 191 191 191 191 155 155 155 155 154 154 153 153 153 153 153 153 153 152 151 151 151 151 151 151 151 151 150 150 150 150 150 150 149 149 149 149 149 149 148 148 148 148 148 148 147 147 147 147 147 146 146 146 146 145 145 145 145 145 144 144 144 144 144 144 144 144 144 144 144 144
386 386 386 386 386 386 386 386 386 386 386 386 386 384 319 319 319 193 193 193 193 193 193 193 193 193 191 191 155 155 155 155 155 155 155 155 153 153 153 153 153 153 153 153 152 152 151 151 151 151 151 150 150 150 150 150 150 150 149 149 149 149 149 149 148 148 148 148 148 147 147 147 147 147 146 146 146 146 146 145 145 145 145 144 144 144 144 144 144 144 144 144 144 144
387 387 387 387 387 386 386 386 386 386 386 386 386 386 321 321 321 194 194 193 193 193 193 193 193 193 193 193 157 156 156 155 155 155 155 155 155 155 154 154 154 153 153 153 153 153 152 152 152 152 151 151 151 150 150 150 150 150 150 150 149 149 149 149 149 148 148 148 148 148 148 147 147 147 147 146 146 146 146 146 145 145 145 145 144 144 144 144 144 144 144 144 144 144
388 388 388 388 387 387 387 387 387 387 387 387 386 386 321 321 321 195 195 195 195 194 194 194 194 193 193 193 157 157 157 157 156 156 156 156 155 155 155 155 155 154 154 154 154 153 153 153 152 152 152 152 152 152 151 150 150 150 150 150 150 149 149 149 149 149 149 148 148 148 148 148 147 147 147 147 147 146 146 146 146 145 145 145 145 145 144 144 144 144 144 144 144 144
389 389 389 388 388 388 388 388 388 387 387 387 387 387 322 322 322 196 195 195 195 195 195 195 194 194 194 194 158 158 157 157 157 157 156 156 156 156 156 156 155 155 155 154 154 154 154 154 154 153 152 152 152 152 152 152 152 150 150 150 150 150 150 149 149 149 149 149 148 148 148 148 148 147 147 147 147 147 146 146 146 146 146 145 145 145 145 144 144 144 144 144 144 144
389 389 389 389 389 389 389 389 389 389 389 388 388 388 322 322 322 322 196 196 196 196 196 196 195 195 195 194 158 158 158 158 158 158 158 157 157 156 156 156 156 156 156 156 156 154 154 154 154 154 154 154 153 152 152 152 152 152 152 151 151 150 150 150 149 149 149 149 149 149 148 148 148 148 148 147 147 147 147 147 146 146 146 146 145 145 145 145 144 144 144 144 144 144
390 389 389 389 389 389 389 389 389 389 389 389 389 389 324 324 324 323 196 196 196 196 196 196 196 196 196 196 160 159 158 158 158 158 158 158 158 158 158 157 156 156 156 156 156 156 156 155 155 154 154 154 154 154 153 153 153 152 152 152 151 151 151 151 150 150 149 149 149 149 149 148 148 148 148 148 147 147 147 147 147 146 146 146 146 145 145 145 145 144 144 144 144 144
391 391 391 391 390 390 390 390 390 389 389 389 389 389 324 324 324 324 198 198 198 197 197 196 196 196 196 196 160 160 160 160 159 159 158 158 158 158 158 158 158 157 157 157 156 156 156 156 156 155 155 155 155 154 154 154 153 153 153 153 152 152 151 151 151 151 151 151 149 149 149 149 149 148 148 148 148 148 147 147 147 147 146 146 146 146 145 145 145 145 145 144 144 144
391 391 391 391 391 391 391 391 391 391 390 390 390 390 325 324 324 324 198 198 198 198 198 198 197 197 197 197 160 160 160 160 160 160 160 159 159 159 159 158 158 158 158 157 157 157 157 157 156 156 156 155 155 155 155 155 154 153 153 153 153 153 153 152 151 151 151 151 151 150 150 149 149 149 148 148 148 148 148 147 147 147 147 146 146 146 146 146 145 145 145 145 144 144
392 392 392 392 392 392 392 391 391 391 391 391 391 391 325 325 325 325 199 199 199 198 198 198 198 198 198 197 161 161 161 161 161 160 160 160 160 159 159 159 159 159 159 158 158 157 157 157 157 157 157 157 156 155 155 155 155 155 155 154 153 153 153 153 153 152 152 151 151 151 150 150 150 150 149 148 148 148 148 148 147 147 147 147 147 146 146 146 146 145 145 145 145 144
392 392 392 392 392 392 392 392 392 392 392 392 392 391 326 326 326 326 325 199 199 199 199 199 199 199 199 198 162 162 161 161 161 161 161 161 161 161 160 159 159 159 159 159 159 159 159 157 157 157 157 157 157 157 156 156 155 155 155 155 155 154 154 153 153 153 152 152 152 152 151 151 150 150 150 150 150 148 148 148 148 147 147 147 147 147 146 146 146 146 145 145 145 145
394 394 394 394 392 392 392 392 392 392 392 392 392 392 327 327 327 327 327 200 200 199 199 199 199 199 199 199 163 163 163 163 161 161 161 161 161 161 161 161 161 160 159 159 159 159 159 159 159 158 158 157 157 157 157 157 156 156 156 155 155 155 154 154 154 154 154 153 152 152 152 152 152 151 150 150 150 150 149 149 148 148 148 147 147 147 147 146 146 146 146 145 145 145
394 394 394 394 394 394 394 394 394 393 393 392 392 392 327 327 327 327 327 201 201 201 201 201 200 199 199 199 163 163 163 163 163 163 163 162 161 161 161 161 161 161 161 161 160 160 159 159 159 159 159 158 158 158 158 157 157 157 156 156 156 156 156 155 154 154 154 154 154 153 152 152 152 152 152 151 151 150 150 149 149 149 149 148 147 147 147 147 146 146 146 146 145 145
