testData/tiles/oneDegree/grid44.0-5.0-45.0-6.0.asc
ncols   200
nrows   200
xllcorner   44.0
yllcorner   5.0
cellsize   0.005
NODATA_value   -9999.0
[rows 42 to 83 of 200, columns 0 to 93 of 200]
251 251 251 250 250 249 250 250 250 249 248 248 248 248 248 247 246 246 247 247 246 246 245 245 244 244 244 244 242 242 242 242 241 242 242 242 241 241 241 241 240 240 240 240 239 239 239 239 239 239 239 239 238 238 238 237 237 237 237 236 236 236 236 235 235 235 235 235 235 235 228 228 228 227 227 227 227 226 226 226 225 225 225 225 224 225 225 224 224 224 224 223 223 223
252 251 250 250 250 251 250 250 250 249 249 248 248 248 248 247 246 246 247 247 247 245 245 245 245 244 244 244 243 242 242 242 243 242 242 242 242 241 241 241 241 240 240 240 240 239 239 239 240 239 239 239 238 238 238 238 237 237 237 237 236 236 236 235 235 236 236 235 235 229 228 228 228 228 227 227 227 226 226 226 226 225 225 225 224 225 225 225 224 224 224 223 223 223
252 251 250 250 250 251 251 251 249 249 249 249 249 248 247 247 247 246 247 247 247 246 245 245 245 245 244 243 243 243 242 242 243 243 242 242 242 242 241 241 241 241 240 240 240 240 239 239 240 239 239 239 239 238 238 238 238 237 237 237 236 236 236 236 235 236 236 235 235 229 229 228 228 228 227 227 227 227 226 226 226 225 225 225 226 225 225 225 224 224 224 223 223 362
251 251 251 251 250 251 251 250 250 249 249 249 249 248 247 247 247 247 247 247 246 246 246 245 245 245 244 243 243 243 243 242 243 243 243 242 242 242 242 241 241 241 240 240 240 240 239 239 240 240 239 239 239 239 238 238 238 237 237 237 237 236 236 236 235 236 236 236 229 229 229 228 228 228 228 227 227 227 226 226 226 226 225 225 226 225 225 225 225 224 224 224 362 362
251 251 251 251 251 251 250 250 250 250 249 249 249 248 248 247 247 247 248 246 246 246 246 245 245 244 244 244 243 243 243 243 243 243 243 243 242 242 242 241 241 241 241 240 240 240 240 239 240 240 240 239 239 239 238 238 238 238 237 237 237 236 236 236 236 236 236 236 229 229 229 229 228 228 228 227 227 227 227 226 226 226 225 225 226 226 225 225 225 224 224 363 362 362
252 251 251 251 251 251 250 250 250 250 250 249 248 248 248 248 247 247 247 247 246 246 246 246 245 244 244 244 243 243 243 243 243 243 243 243 242 242 242 242 241 241 241 241 240 240 240 240 240 240 240 239 239 239 239 238 238 238 237 237 237 237 236 236 236 236 236 230 230 229 229 229 228 228 228 228 227 227 227 226 226 226 226 225 226 226 225 225 225 224 363 363 363 362
252 252 252 251 250 251 251 251 250 250 250 249 248 248 248 248 248 248 247 247 247 246 246 246 245 244 244 244 244 243 243 243 244 243 243 243 243 242 242 242 242 241 241 241 240 240 240 241 240 240 240 240 239 239 239 238 238 238 238 237 237 237 236 236 236 237 230 230 230 229 229 229 229 228 228 228 227 227 227 227 226 226 226 225 226 226 225 225 225 364 363 363 363 362
252 252 252 252 250 251 251 251 251 250 249 249 249 248 248 248 248 248 247 247 247 247 246 245 245 245 244 244 244 244 243 243 244 244 243 243 243 243 242 242 242 241 241 241 241 240 240 241 241 240 240 240 239 239 239 239 238 238 238 237 237 237 237 236 237 237 230 230 230 230 229 229 229 228 228 228 228 227 227 227 226 226 226 225 226 226 226 225 364 364 363 363 363 362
252 252 252 251 252 251 251 251 251 250 249 249 249 249 248 248 247 248 248 247 247 247 246 245 245 245 245 244 244 244 244 244 244 244 244 243 243 243 242 242 242 242 241 241 241 241 240 241 241 240 240 240 240 239 239 239 238 238 238 238 237 237 237 236 237 231 231 230 230 230 229 229 229 229 228 228 228 227 227 227 226 226 226 227 226 226 226 364 364 364 364 363 363 363
253 252 251 251 252 252 251 251 251 250 250 249 249 249 249 247 247 248 248 248 247 247 246 246 245 245 245 245 244 244 244 244 244 244 244 243 243 243 243 242 242 242 242 241 241 241 240 241 241 241 240 240 240 239 239 239 239 238 238 238 237 237 237 237 237 231 231 230 230 230 230 229 229 229 228 228 228 228 227 227 227 226 226 227 226 226 365 365 364 364 364 363 363 363
253 252 252 251 252 252 252 252 250 250 250 250 249 249 248 248 247 248 248 248 247 246 246 246 245 245 245 245 244 244 244 245 244 244 244 244 243 243 243 243 242 242 242 241 241 241 241 241 241 241 240 240 240 240 239 239 239 238 238 238 238 237 237 237 231 231 231 231 230 230 230 229 229 229 229 228 228 228 227 227 227 226 226 227 227 365 365 365 364 364 364 363 363 363
252 252 252 252 252 252 252 251 251 250 250 250 250 249 248 248 248 248 248 248 247 246 246 246 246 245 245 245 245 244 244 245 245 244 244 244 244 243 243 243 242 242 242 242 241 241 241 241 241 241 241 240 240 240 239 239 239 239 238 238 238 237 237 237 232 231 231 231 230 230 230 230 229 229 229 228 228 228 227 227 227 227 226 227 366 365 365 365 364 364 364 364 363 363
252 252 252 252 253 252 251 251 251 251 250 250 250 249 248 248 248 249 248 247 247 247 246 246 246 246 245 245 245 245 244 245 245 244 244 244 244 243 243 243 243 242 242 242 241 241 242 242 241 241 241 240 240 240 240 239 239 239 238 238 238 238 237 231 232 231 231 231 231 230 230 230 229 229 229 228 228 228 228 227 227 227 365 366 366 365 365 365 365 364 364 364 363 363
253 252 252 252 253 252 251 251 251 251 251 250 249 249 249 248 248 249 249 247 247 247 247 246 246 246 246 245 245 245 244 245 245 245 244 244 244 244 243 243 243 242 242 242 242 241 242 242 241 241 241 241 240 240 240 239 239 239 239 238 238 238 231 231 232 232 231 231 231 230 230 230 229 229 229 229 228 228 228 227 227 366 365 366 366 366 365 365 365 364 364 364 363 363
253 253 253 252 252 252 252 251 251 251 251 250 249 249 249 249 249 249 248 248 247 247 247 247 246 246 246 245 245 245 245 245 245 245 245 244 244 244 243 243 243 243 242 242 242 241 242 242 242 241 241 241 240 240 240 240 239 239 239 238 238 238 232 232 232 232 231 231 231 230 230 230 230 229 229 229 228 228 228 227 366 366 366 366 366 366 365 365 365 364 364 364 364 363
253 253 253 252 252 252 252 252 251 251 250 250 249 249 249 249 249 248 248 248 247 247 247 247 246 246 246 246 245 245 246 246 245 245 245 244 244 244 244 243 243 243 242 242 242 242 242 242 242 241 241 241 241 240 240 240 239 239 239 239 238 232 232 232 232 232 232 231 231 231 230 230 230 229 229 229 229 228 228 367 366 366 367 366 366 366 365 365 365 365 364 364 364 363
253 253 252 253 253 252 252 252 252 250 250 250 250 249 249 249 249 248 248 248 248 247 247 247 247 246 246 246 246 245 246 246 245 245 245 245 244 244 244 243 243 243 243 242 242 242 242 242 242 242 241 241 241 240 240 240 240 239 239 239 232 232 232 233 232 232 232 231 231 231 230 230 230 230 229 229 229 228 367 367 366 366 367 366 366 366 366 365 365 365 364 364 364 363
254 252 252 253 253 253 252 252 251 251 250 250 250 250 249 248 249 249 248 248 248 248 247 247 247 247 246 246 246 245 246 246 246 245 245 245 244 244 244 244 243 243 243 243 242 242 243 242 242 242 241 241 241 241 240 240 240 239 239 239 233 232 232 233 232 232 232 231 231 231 231 230 230 230 229 229 229 367 367 367 367 366 367 367 366 366 366 365 365 365 364 364 364 364
253 253 252 253 253 253 253 251 251 251 251 250 250 250 249 248 249 249 249 248 248 248 248 247 247 247 246 246 246 246 246 246 246 245 245 245 245 244 244 244 244 243 243 243 242 242 243 242 242 242 242 241 241 241 240 240 240 240 239 233 233 232 232 233 232 232 232 232 231 231 231 230 230 230 229 229 368 368 367 367 367 366 367 367 366 366 366 365 365 365 365 364 364 364
253 253 253 253 253 253 253 252 251 251 251 251 250 249 249 249 249 249 249 248 248 248 248 247 247 247 247 246 246 246 246 246 246 246 245 245 245 245 244 244 244 243 243 243 242 242 243 243 242 242 242 241 241 241 241 240 240 240 233 233 233 232 232 233 233 232 232 232 231 231 231 230 230 230 230 368 368 368 367 367 367 366 367 367 366 366 366 366 365 365 365 364 364 364
253 253 253 254 253 253 252 252 251 251 251 251 250 249 249 249 249 249 249 249 248 248 248 248 247 247 247 246 246 246 247 246 246 246 246 245 245 245 244 244 244 244 243 243 243 242 243 243 242 242 242 242 241 241 241 240 240 240 233 233 233 233 232 233 233 232 232 232 231 231 231 231 230 230 369 368 368 368 367 367 367 367 367 367 367 366 366 366 365 365 365 364 364 364
254 253 253 254 254 252 252 252 252 251 251 251 250 249 249 249 250 249 249 249 249 248 248 248 247 247 247 247 246 246 247 247 246 246 246 245 245 245 245 244 244 244 243 243 243 243 243 243 243 242 242 242 241 241 241 240 240 234 234 233 233 233 232 233 233 232 232 232 232 231 231 231 230 369 369 368 368 368 368 367 367 367 367 367 367 366 366 366 365 365 365 365 364 364
254 254 253 254 253 253 252 252 252 252 251 250 250 250 249 249 250 250 249 249 249 248 248 248 248 247 247 247 247 246 247 247 246 246 246 246 245 245 245 244 244 244 243 243 243 244 243 243 243 242 242 242 242 241 241 241 234 234 234 233 233 233 233 233 233 233 232 232 232 231 231 231 369 369 369 369 368 368 368 367 367 367 367 367 367 366 366 366 366 365 365 365 364 364
254 254 254 253 253 253 253 252 252 252 251 250 250 250 250 249 250 250 249 249 249 249 248 248 248 248 247 247 247 246 247 247 247 246 246 246 245 245 245 244 244 244 244 243 243 244 243 243 243 243 242 242 242 241 241 241 234 234 234 234 233 233 233 233 233 233 232 232 232 231 231 370 370 369 369 369 368 368 368 367 367 367 367 367 367 367 366 366 366 365 365 365 364 364
254 254 253 254 253 253 253 253 252 251 251 251 250 250 250 249 250 250 250 249 249 249 249 248 248 248 247 247 247 247 247 247 247 246 246 246 245 245 245 245 244 244 244 243 243 244 244 243 243 243 242 242 242 241 241 235 235 234 234 234 233 233 234 233 233 233 232 232 232 232 370 370 370 369 369 369 368 368 368 367 367 367 368 367 367 367 366 366 366 365 365 365 364 364
254 253 253 254 254 253 253 253 251 251 251 251 250 250 250 250 250 250 250 250 249 249 249 248 248 248 248 247 247 247 247 247 247 247 246 246 246 245 245 245 244 244 244 244 243 244 244 243 243 243 242 242 242 242 235 235 235 234 234 234 233 233 234 234 233 233 233 232 232 371 370 370 370 369 369 369 369 368 368 368 367 368 368 367 367 367 366 366 366 365 365 365 365 364
254 253 253 254 254 253 253 252 252 251 251 251 251 250 250 250 251 250 250 250 249 249 249 249 248 248 248 247 247 247 248 247 247 247 246 246 246 245 245 245 245 244 244 244 243 244 244 243 243 243 243 242 242 236 235 235 235 234 234 234 234 233 234 234 233 233 233 232 371 371 370 370 370 370 369 369 369 368 368 368 367 368 368 367 367 367 366 366 366 366 365 365 365 364
254 254 253 254 254 254 252 252 252 252 251 251 251 250 250 251 251 250 250 250 250 249 249 249 248 248 248 248 247 247 248 247 247 247 246 246 246 246 245 245 245 244 244 244 243 244 244 244 243 243 243 242 242 236 235 235 235 235 234 234 234 233 234 234 233 233 233 371 371 371 371 370 370 370 369 369 369 368 368 368 367 368 368 367 367 367 367 366 366 366 365 365 365 364
254 254 254 254 254 253 253 252 252 252 251 251 251 251 250 251 251 251 250 250 250 249 249 249 249 248 248 248 247 247 248 247 247 247 247 246 246 246 245 245 245 244 244 244 244 244 244 244 243 243 243 242 236 236 236 235 235 235 234 234 234 233 234 234 233 233 233 372 371 371 371 370 370 370 369 369 369 368 368 368 368 368 368 368 367 367 367 366 366 366 365 365 365 364
254 254 254 255 253 253 253 252 252 252 252 251 251 251 251 251 251 251 250 250 250 250 249 249 249 248 248 248 247 248 248 248 247 247 247 246 246 246 246 245 245 245 244 244 244 244 244 244 243 243 243 237 236 236 236 235 235 235 234 234 234 233 234 234 234 233 372 372 371 371 371 370 370 370 369 369 369 369 368 368 368 368 368 368 367 367 367 366 366 366 365 365 365 365
255 254 254 254 253 253 253 253 252 252 252 252 251 251 251 251 251 251 251 250 250 250 249 249 249 249 248 248 248 248 248 248 247 247 247 247 246 246 246 245 245 245 244 244 244 244 244 244 244 243 237 237 236 236 236 235 235 235 234 234 234 234 234 234 234 372 372 372 371 371 371 370 370 370 370 369 369 369 368 368 368 368 368 368 367 367 367 366 366 366 366 365 365 365
255 254 253 254 254 253 253 253 253 252 252 252 251 251 251 252 251 251 251 250 250 250 250 249 249 249 248 248 248 248 248 248 248 247 247 247 246 246 246 245 245 245 245 244 244 245 244 244 244 243 237 237 236 236 236 236 235 235 235 234 234 234 234 234 373 372 372 372 371 371 371 371 370 370 370 369 369 369 368 368 368 368 368 368 367 367 367 367 366 366 366 365 365 365
255 254 254 254 254 254 253 253 253 252 252 252 252 251 251 252 251 251 251 251 250 250 250 249 249 249 248 248 248 249 248 248 248 247 247 247 246 246 246 246 245 245 245 244 244 245 244 244 244 237 237 237 237 236 236 236 235 235 235 234 234 234 234 373 373 372 372 372 372 371 371 371 370 370 370 369 369 369 368 368 368 368 368 368 368 367 367 367 366 366 366 365 365 365
254 254 255 254 254 254 253 253 253 253 252 252 252 251 251 252 252 251 251 251 250 250 250 249 249 249 249 248 248 249 248 248 248 247 247 247 247 246 246 246 245 245 245 244 244 245 244 244 238 238 237 237 237 236 236 236 235 235 235 234 234 234 373 373 373 373 372 372 372 371 371 371 370 370 370 369 369 369 368 368 368 369 368 368 368 367 367 367 366 366 366 365 365 365
254 254 255 254 254 254 254 253 253 253 252 252 252 252 251 252 252 251 251 251 250 250 250 250 249 249 249 248 248 249 248 248 248 248 247 247 247 246 246 246 245 245 245 244 244 245 245 238 238 238 237 237 237 236 236 236 235 235 235 235 234 373 374 373 373 373 372 372 372 371 371 371 370 370 370 369 369 369 369 368 368 369 368 368 368 367 367 367 366 366 366 365 365 365
254 254 255 255 254 254 254 253 253 253 253 252 252 252 251 252 252 251 251 251 251 250 250 250 249 249 249 248 248 249 249 248 248 248 247 247 247 246 246 246 245 245 245 245 244 245 245 238 238 238 237 237 237 236 236 236 236 235 235 235 373 373 374 373 373 373 372 372 372 371 371 371 370 370 370 370 369 369 369 368 368 369 368 368 368 367 367 367 366 366 366 365 365 365
255 254 255 255 254 254 254 254 253 253 253 252 252 252 252 252 252 252 251 251 251 250 250 250 249 249 249 249 248 249 249 248 248 248 247 247 247 247 246 246 246 245 245 245 244 245 239 238 238 238 237 237 237 237 236 236 236 235 235 374 373 373 374 373 373 373 372 372 372 371 371 371 371 370 370 370 369 369 369 368 368 369 368 368 368 367 367 367 366 366 366 366 365 365
255 254 255 255 255 254 254 254 253 253 253 253 252 252 252 252 252 252 251 251 251 251 250 250 250 249 249 249 248 249 249 248 248 248 248 247 247 247 246 246 246 245 245 245 244 239 239 238 238 238 238 237 237 237 236 236 236 235 374 374 373 373 374 373 373 373 373 372 372 372 371 371 371 370 370 370 369 369 369 368 368 369 368 368 368 367 367 367 367 366 366 366 365 365
255 255 255 255 255 254 254 254 254 253 253 253 252 252 252 252 252 252 252 251 251 251 250 250 250 249 249 249 248 249 249 249 248 248 248 247 247 247 246 246 246 245 245 245 238 239 239 239 238 238 238 237 237 237 236 236 236 374 374 374 373 373 374 374 373 373 373 372 372 372 371 371 371 370 370 370 369 369 369 368 368 369 368 368 368 368 367 367 367 366 366 366 365 365
255 255 255 255 255 255 254 254 254 253 253 253 252 252 252 253 252 252 252 251 251 251 250 250 250 249 249 249 249 249 249 249 248 248 248 247 247 247 246 246 246 245 245 239 239 239 239 239 238 238 238 237 237 237 236 236 236 374 374 374 374 373 374 374 373 373 373 372 372 372 371 371 371 370 370 370 369 369 369 368 368 369 369 368 368 368 367 367 367 366 366 366 365 365
255 255 256 255 255 255 254 254 254 253 253 253 253 252 252 253 252 252 252 251 251 251 250 250 250 250 249 249 249 249 249 249 248 248 248 247 247 247 247 246 246 246 239 239 239 239 239 239 238 238 238 237 237 237 236 236 375 375 374 374 374 373 374 374 373 373 373 372 372 372 371 371 371 370 370 370 369 369 369 369 368 369 369 368 368 368 367 367 367 366 366 366 365 365
255 255 256 255 255 255 254 254 254 254 253 253 253 252 252 253 252 252 252 252 251 251 251 250 250 250 249 249 249 249 249 249 248 248 248 248 247 247 247 246 246 246 239 239 239 239 239 239 238 238 238 237 237 237 237 375 375 375 374 374 374 373 374 374 373 373 373 372 372 372 371 371 371 370 370 370 370 369 369 369 368 369 369 368 368 368 367 367 367 366 366 366 365 365
