testData/tiles/oneDegree/grid3.0-33.0-4.0-34.0.asc
ncols   200
nrows   200
xllcorner   3.0
yllcorner   33.0
cellsize   0.005
NODATA_value   -9999.0
[rows 136 to 152 of 200, columns 148 to 184 of 200]
1.550000000000000000e+02 1.550000000000000000e+02 1.550000000000000000e+02 1.560000000000000000e+02 1.560000000000000000e+02 1.560000000000000000e+02 1.560000000000000000e+02 1.570000000000000000e+02 1.570000000000000000e+02 1.570000000000000000e+02 1.580000000000000000e+02 1.580000000000000000e+02 1.580000000000000000e+02 1.580000000000000000e+02 1.590000000000000000e+02 1.590000000000000000e+02 1.590000000000000000e+02 1.600000000000000000e+02 1.600000000000000000e+02 1.600000000000000000e+02 1.600000000000000000e+02 1.610000000000000000e+02 1.610000000000000000e+02 1.620000000000000000e+02 1.630000000000000000e+02 1.650000000000000000e+02 1.650000000000000000e+02 1.660000000000000000e+02 1.670000000000000000e+02 1.680000000000000000e+02 1.690000000000000000e+02 1.690000000000000000e+02 1.700000000000000000e+02 1.720000000000000000e+02 1.720000000000000000e+02 1.730000000000000000e+02 1.730000000000000000e+02
1.540000000000000000e+02 1.550000000000000000e+02 1.550000000000000000e+02 1.550000000000000000e+02 1.550000000000000000e+02 1.560000000000000000e+02 1.560000000000000000e+02 1.560000000000000000e+02 1.570000000000000000e+02 1.570000000000000000e+02 1.570000000000000000e+02 1.570000000000000000e+02 1.580000000000000000e+02 1.580000000000000000e+02 1.580000000000000000e+02 1.590000000000000000e+02 1.590000000000000000e+02 1.590000000000000000e+02 1.590000000000000000e+02 1.600000000000000000e+02 1.600000000000000000e+02 1.610000000000000000e+02 1.620000000000000000e+02 1.630000000000000000e+02 1.640000000000000000e+02 1.640000000000000000e+02 1.660000000000000000e+02 1.670000000000000000e+02 1.670000000000000000e+02 1.680000000000000000e+02 1.700000000000000000e+02 1.700000000000000000e+02 1.710000000000000000e+02 1.710000000000000000e+02 1.730000000000000000e+02 1.730000000000000000e+02 1.740000000000000000e+02
1.540000000000000000e+02 1.540000000000000000e+02 1.540000000000000000e+02 1.550000000000000000e+02 1.550000000000000000e+02 1.550000000000000000e+02 1.560000000000000000e+02 1.560000000000000000e+02 1.560000000000000000e+02 1.560000000000000000e+02 1.570000000000000000e+02 1.570000000000000000e+02 1.570000000000000000e+02 1.580000000000000000e+02 1.580000000000000000e+02 1.580000000000000000e+02 1.580000000000000000e+02 1.590000000000000000e+02 1.590000000000000000e+02 1.590000000000000000e+02 1.610000000000000000e+02 1.610000000000000000e+02 1.620000000000000000e+02 1.630000000000000000e+02 1.650000000000000000e+02 1.650000000000000000e+02 1.660000000000000000e+02 1.660000000000000000e+02 1.680000000000000000e+02 1.690000000000000000e+02 1.690000000000000000e+02 1.700000000000000000e+02 1.710000000000000000e+02 1.720000000000000000e+02 1.730000000000000000e+02 1.730000000000000000e+02 1.750000000000000000e+02
1.530000000000000000e+02 1.540000000000000000e+02 1.540000000000000000e+02 1.540000000000000000e+02 1.540000000000000000e+02 1.550000000000000000e+02 1.550000000000000000e+02 1.550000000000000000e+02 1.560000000000000000e+02 1.560000000000000000e+02 1.560000000000000000e+02 1.570000000000000000e+02 1.570000000000000000e+02 1.570000000000000000e+02 1.570000000000000000e+02 1.580000000000000000e+02 1.580000000000000000e+02 1.580000000000000000e+02 1.590000000000000000e+02 1.600000000000000000e+02 1.610000000000000000e+02 1.610000000000000000e+02 1.630000000000000000e+02 1.640000000000000000e+02 1.640000000000000000e+02 1.650000000000000000e+02 1.670000000000000000e+02 1.670000000000000000e+02 1.680000000000000000e+02 1.680000000000000000e+02 1.700000000000000000e+02 1.710000000000000000e+02 1.710000000000000000e+02 1.720000000000000000e+02 1.730000000000000000e+02 1.740000000000000000e+02 1.740000000000000000e+02
1.530000000000000000e+02 1.530000000000000000e+02 1.530000000000000000e+02 1.540000000000000000e+02 1.540000000000000000e+02 1.540000000000000000e+02 1.550000000000000000e+02 1.550000000000000000e+02 1.550000000000000000e+02 1.550000000000000000e+02 1.560000000000000000e+02 1.560000000000000000e+02 1.560000000000000000e+02 1.570000000000000000e+02 1.570000000000000000e+02 1.570000000000000000e+02 1.570000000000000000e+02 1.580000000000000000e+02 1.590000000000000000e+02 1.600000000000000000e+02 1.600000000000000000e+02 1.620000000000000000e+02 1.630000000000000000e+02 1.630000000000000000e+02 1.650000000000000000e+02 1.660000000000000000e+02 1.660000000000000000e+02 1.670000000000000000e+02 1.690000000000000000e+02 1.690000000000000000e+02 1.700000000000000000e+02 1.700000000000000000e+02 1.720000000000000000e+02 1.720000000000000000e+02 1.730000000000000000e+02 1.730000000000000000e+02 1.750000000000000000e+02
1.520000000000000000e+02 1.520000000000000000e+02 1.530000000000000000e+02 1.530000000000000000e+02 1.530000000000000000e+02 1.540000000000000000e+02 1.540000000000000000e+02 1.540000000000000000e+02 1.540000000000000000e+02 1.550000000000000000e+02 1.550000000000000000e+02 1.550000000000000000e+02 1.560000000000000000e+02 1.560000000000000000e+02 1.560000000000000000e+02 1.560000000000000000e+02 1.570000000000000000e+02 1.580000000000000000e+02 1.590000000000000000e+02 1.610000000000000000e+02 1.610000000000000000e+02 1.620000000000000000e+02 1.630000000000000000e+02 1.640000000000000000e+02 1.650000000000000000e+02 1.650000000000000000e+02 1.660000000000000000e+02 1.680000000000000000e+02 1.680000000000000000e+02 1.690000000000000000e+02 1.700000000000000000e+02 1.710000000000000000e+02 1.720000000000000000e+02 1.720000000000000000e+02 1.740000000000000000e+02 1.740000000000000000e+02 1.750000000000000000e+02
1.510000000000000000e+02 1.520000000000000000e+02 1.520000000000000000e+02 1.520000000000000000e+02 1.530000000000000000e+02 1.530000000000000000e+02 1.530000000000000000e+02 1.530000000000000000e+02 1.540000000000000000e+02 1.540000000000000000e+02 1.540000000000000000e+02 1.550000000000000000e+02 1.550000000000000000e+02 1.550000000000000000e+02 1.560000000000000000e+02 1.570000000000000000e+02 1.570000000000000000e+02 1.580000000000000000e+02 1.600000000000000000e+02 1.600000000000000000e+02 1.610000000000000000e+02 1.620000000000000000e+02 1.630000000000000000e+02 1.640000000000000000e+02 1.650000000000000000e+02 1.660000000000000000e+02 1.670000000000000000e+02 1.670000000000000000e+02 1.680000000000000000e+02 1.700000000000000000e+02 1.700000000000000000e+02 1.710000000000000000e+02 1.710000000000000000e+02 1.730000000000000000e+02 1.730000000000000000e+02 1.740000000000000000e+02 1.740000000000000000e+02
1.510000000000000000e+02 1.510000000000000000e+02 1.510000000000000000e+02 1.510000000000000000e+02 1.520000000000000000e+02 1.520000000000000000e+02 1.520000000000000000e+02 1.530000000000000000e+02 1.530000000000000000e+02 1.530000000000000000e+02 1.540000000000000000e+02 1.540000000000000000e+02 1.540000000000000000e+02 1.540000000000000000e+02 1.560000000000000000e+02 1.560000000000000000e+02 1.570000000000000000e+02 1.590000000000000000e+02 1.590000000000000000e+02 1.600000000000000000e+02 1.610000000000000000e+02 1.620000000000000000e+02 1.630000000000000000e+02 1.640000000000000000e+02 1.650000000000000000e+02 1.660000000000000000e+02 1.670000000000000000e+02 1.670000000000000000e+02 1.690000000000000000e+02 1.690000000000000000e+02 1.700000000000000000e+02 1.700000000000000000e+02 1.720000000000000000e+02 1.720000000000000000e+02 1.730000000000000000e+02 1.730000000000000000e+02 1.750000000000000000e+02
1.500000000000000000e+02 1.500000000000000000e+02 1.500000000000000000e+02 1.510000000000000000e+02 1.510000000000000000e+02 1.510000000000000000e+02 1.520000000000000000e+02 1.520000000000000000e+02 1.520000000000000000e+02 1.520000000000000000e+02 1.530000000000000000e+02 1.530000000000000000e+02 1.530000000000000000e+02 1.550000000000000000e+02 1.550000000000000000e+02 1.560000000000000000e+02 1.580000000000000000e+02 1.590000000000000000e+02 1.590000000000000000e+02 1.600000000000000000e+02 1.620000000000000000e+02 1.620000000000000000e+02 1.630000000000000000e+02 1.630000000000000000e+02 1.650000000000000000e+02 1.660000000000000000e+02 1.660000000000000000e+02 1.680000000000000000e+02 1.680000000000000000e+02 1.690000000000000000e+02 1.690000000000000000e+02 1.710000000000000000e+02 1.710000000000000000e+02 1.720000000000000000e+02 1.730000000000000000e+02 1.740000000000000000e+02 1.750000000000000000e+02
1.490000000000000000e+02 1.490000000000000000e+02 1.490000000000000000e+02 1.500000000000000000e+02 1.500000000000000000e+02 1.500000000000000000e+02 1.510000000000000000e+02 1.510000000000000000e+02 1.510000000000000000e+02 1.520000000000000000e+02 1.520000000000000000e+02 1.520000000000000000e+02 1.530000000000000000e+02 1.550000000000000000e+02 1.550000000000000000e+02 1.560000000000000000e+02 1.580000000000000000e+02 1.580000000000000000e+02 1.590000000000000000e+02 1.600000000000000000e+02 1.610000000000000000e+02 1.620000000000000000e+02 1.630000000000000000e+02 1.640000000000000000e+02 1.650000000000000000e+02 1.650000000000000000e+02 1.660000000000000000e+02 1.670000000000000000e+02 1.680000000000000000e+02 1.690000000000000000e+02 1.700000000000000000e+02 1.710000000000000000e+02 1.710000000000000000e+02 1.720000000000000000e+02 1.730000000000000000e+02 1.740000000000000000e+02 1.740000000000000000e+02
1.480000000000000000e+02 1.480000000000000000e+02 1.480000000000000000e+02 1.490000000000000000e+02 1.490000000000000000e+02 1.490000000000000000e+02 1.500000000000000000e+02 1.500000000000000000e+02 1.500000000000000000e+02 1.510000000000000000e+02 1.510000000000000000e+02 1.520000000000000000e+02 1.530000000000000000e+02 1.540000000000000000e+02 1.550000000000000000e+02 1.560000000000000000e+02 1.570000000000000000e+02 1.580000000000000000e+02 1.590000000000000000e+02 1.600000000000000000e+02 1.610000000000000000e+02 1.620000000000000000e+02 1.620000000000000000e+02 1.640000000000000000e+02 1.640000000000000000e+02 1.650000000000000000e+02 1.670000000000000000e+02 1.670000000000000000e+02 1.680000000000000000e+02 1.680000000000000000e+02 1.700000000000000000e+02 1.700000000000000000e+02 1.710000000000000000e+02 1.710000000000000000e+02 1.730000000000000000e+02 1.730000000000000000e+02 1.740000000000000000e+02
1.470000000000000000e+02 1.470000000000000000e+02 1.470000000000000000e+02 1.480000000000000000e+02 1.480000000000000000e+02 1.480000000000000000e+02 1.490000000000000000e+02 1.490000000000000000e+02 1.490000000000000000e+02 1.500000000000000000e+02 1.510000000000000000e+02 1.520000000000000000e+02 1.520000000000000000e+02 1.540000000000000000e+02 1.550000000000000000e+02 1.550000000000000000e+02 1.570000000000000000e+02 1.580000000000000000e+02 1.580000000000000000e+02 1.600000000000000000e+02 1.610000000000000000e+02 1.610000000000000000e+02 1.620000000000000000e+02 1.630000000000000000e+02 1.640000000000000000e+02 1.650000000000000000e+02 1.660000000000000000e+02 1.670000000000000000e+02 1.670000000000000000e+02 1.680000000000000000e+02 1.690000000000000000e+02 1.700000000000000000e+02 1.700000000000000000e+02 1.710000000000000000e+02 1.720000000000000000e+02 1.730000000000000000e+02 1.730000000000000000e+02
1.460000000000000000e+02 1.460000000000000000e+02 1.460000000000000000e+02 1.470000000000000000e+02 1.470000000000000000e+02 1.470000000000000000e+02 1.470000000000000000e+02 1.480000000000000000e+02 1.480000000000000000e+02 1.490000000000000000e+02 1.510000000000000000e+02 1.510000000000000000e+02 1.520000000000000000e+02 1.540000000000000000e+02 1.550000000000000000e+02 1.550000000000000000e+02 1.570000000000000000e+02 1.570000000000000000e+02 1.580000000000000000e+02 1.590000000000000000e+02 1.600000000000000000e+02 1.610000000000000000e+02 1.620000000000000000e+02 1.630000000000000000e+02 1.640000000000000000e+02 1.640000000000000000e+02 1.650000000000000000e+02 1.660000000000000000e+02 1.670000000000000000e+02 1.670000000000000000e+02 1.690000000000000000e+02 1.690000000000000000e+02 1.700000000000000000e+02 1.700000000000000000e+02 1.720000000000000000e+02 1.720000000000000000e+02 1.730000000000000000e+02
1.440000000000000000e+02 1.450000000000000000e+02 1.450000000000000000e+02 1.450000000000000000e+02 1.460000000000000000e+02 1.460000000000000000e+02 1.460000000000000000e+02 1.470000000000000000e+02 1.480000000000000000e+02 1.490000000000000000e+02 1.500000000000000000e+02 1.510000000000000000e+02 1.520000000000000000e+02 1.530000000000000000e+02 1.540000000000000000e+02 1.550000000000000000e+02 1.560000000000000000e+02 1.570000000000000000e+02 1.580000000000000000e+02 1.580000000000000000e+02 1.600000000000000000e+02 1.610000000000000000e+02 1.610000000000000000e+02 1.620000000000000000e+02 1.630000000000000000e+02 1.640000000000000000e+02 1.640000000000000000e+02 1.660000000000000000e+02 1.660000000000000000e+02 1.670000000000000000e+02 1.670000000000000000e+02 1.690000000000000000e+02 1.690000000000000000e+02 1.700000000000000000e+02 1.700000000000000000e+02 1.720000000000000000e+02 1.720000000000000000e+02
1.430000000000000000e+02 1.430000000000000000e+02 1.440000000000000000e+02 1.440000000000000000e+02 1.440000000000000000e+02 1.450000000000000000e+02 1.450000000000000000e+02 1.460000000000000000e+02 1.480000000000000000e+02 1.490000000000000000e+02 1.490000000000000000e+02 1.510000000000000000e+02 1.520000000000000000e+02 1.520000000000000000e+02 1.540000000000000000e+02 1.550000000000000000e+02 1.550000000000000000e+02 1.560000000000000000e+02 1.570000000000000000e+02 1.580000000000000000e+02 1.590000000000000000e+02 1.600000000000000000e+02 1.610000000000000000e+02 1.610000000000000000e+02 1.620000000000000000e+02 1.630000000000000000e+02 1.640000000000000000e+02 1.650000000000000000e+02 1.660000000000000000e+02 1.670000000000000000e+02 1.670000000000000000e+02 1.680000000000000000e+02 1.690000000000000000e+02 1.700000000000000000e+02 1.700000000000000000e+02 1.710000000000000000e+02 1.720000000000000000e+02
1.430000000000000000e+02 1.430000000000000000e+02 1.430000000000000000e+02 1.430000000000000000e+02 1.430000000000000000e+02 1.430000000000000000e+02 1.450000000000000000e+02 1.460000000000000000e+02 1.470000000000000000e+02 1.480000000000000000e+02 1.490000000000000000e+02 1.500000000000000000e+02 1.510000000000000000e+02 1.520000000000000000e+02 1.530000000000000000e+02 1.530000000000000000e+02 1.550000000000000000e+02 1.550000000000000000e+02 1.560000000000000000e+02 1.580000000000000000e+02 1.580000000000000000e+02 1.590000000000000000e+02 1.600000000000000000e+02 1.610000000000000000e+02 1.620000000000000000e+02 1.620000000000000000e+02 1.640000000000000000e+02 1.640000000000000000e+02 1.650000000000000000e+02 1.660000000000000000e+02 1.670000000000000000e+02 1.670000000000000000e+02 1.680000000000000000e+02 1.690000000000000000e+02 1.700000000000000000e+02 1.700000000000000000e+02 1.710000000000000000e+02
1.430000000000000000e+02 1.430000000000000000e+02 1.430000000000000000e+02 1.430000000000000000e+02 1.430000000000000000e+02 1.440000000000000000e+02 1.450000000000000000e+02 1.460000000000000000e+02 1.460000000000000000e+02 1.470000000000000000e+02 1.480000000000000000e+02 1.490000000000000000e+02 1.500000000000000000e+02 1.510000000000000000e+02 1.520000000000000000e+02 1.530000000000000000e+02 1.540000000000000000e+02 1.550000000000000000e+02 1.560000000000000000e+02 1.560000000000000000e+02 1.580000000000000000e+02 1.580000000000000000e+02 1.590000000000000000e+02 1.610000000000000000e+02 1.610000000000000000e+02 1.620000000000000000e+02 1.620000000000000000e+02 1.640000000000000000e+02 1.640000000000000000e+02 1.650000000000000000e+02 1.660000000000000000e+02 1.670000000000000000e+02 1.670000000000000000e+02 1.680000000000000000e+02 1.690000000000000000e+02 1.700000000000000000e+02 1.700000000000000000e+02
