testData/tiles/oneDegree/grid36.0-23.0-37.0-24.0.asc
ncols   200
nrows   200
xllcorner   36.0
yllcorner   23.0
cellsize   0.005
NODATA_value   -9999.0
[rows 84 to 125 of 200, columns 94 to 187 of 200]
419 419 421 422 423 425 426 427 428 429 430 432 432 433 434 435 436 437 438 439 441 440 441 443 443 444 446 445 446 447 448 449 449 449 450 451 452 453 454 454 454 454 456 456 457 457 458 458 459 459 460 461 324 323 324 324 325 326 326 326 326 326 328 328 329 329 328 329 329 331 331 331 331 331 331 332 332 332 332 332 333 334 334 334 335 334 334 334 335 335 335 335 335 335
419 420 421 422 424 425 426 428 427 428 430 431 433 434 434 435 436 437 438 439 440 440 441 442 443 444 445 445 445 447 447 448 450 449 450 450 452 453 453 454 454 455 455 456 457 458 457 458 458 460 460 460 461 460 324 324 325 325 326 325 326 327 327 328 328 328 328 329 329 330 330 331 330 330 331 331 332 333 332 332 333 333 333 334 334 333 333 334 334 334 335 334 334 334
419 419 420 422 423 425 426 427 428 429 430 432 432 433 434 435 435 437 438 439 439 440 441 441 443 444 444 445 446 446 447 448 449 449 450 451 451 452 453 454 453 454 454 456 456 457 456 458 458 459 459 460 461 461 461 462 324 324 326 325 326 326 326 327 328 328 328 328 329 329 329 330 330 331 331 331 332 332 331 332 332 332 332 333 333 332 334 334 334 335 335 334 334 335
419 420 421 422 424 425 426 428 427 428 430 431 432 434 433 434 436 437 437 439 439 439 441 442 442 443 445 444 445 447 447 448 448 449 450 450 451 452 453 453 453 454 455 455 456 457 457 457 458 458 460 460 461 460 460 461 462 463 325 325 325 325 327 327 327 327 327 328 328 329 330 330 329 330 330 330 331 331 330 331 332 332 333 333 333 333 333 333 334 334 334 333 334 334
419 419 420 422 423 424 426 426 427 429 430 430 432 433 433 435 435 436 438 438 438 440 440 441 443 443 444 444 445 446 447 448 449 448 449 450 451 451 452 454 453 454 454 455 456 457 456 457 458 458 459 459 459 459 461 461 462 462 462 463 325 326 326 326 327 326 328 328 328 329 329 329 329 329 329 330 331 331 331 331 331 332 332 332 333 332 332 332 333 333 333 333 333 333
419 419 421 422 423 425 426 426 427 428 430 431 432 433 433 434 436 436 437 438 439 439 440 442 442 443 444 444 445 445 447 447 448 448 449 450 450 451 452 452 452 453 454 455 455 456 455 457 457 458 458 459 459 460 460 460 461 462 463 462 462 463 325 326 327 326 327 327 328 328 328 329 329 329 330 330 330 331 330 330 331 331 331 332 331 331 332 333 333 333 334 333 333 333
418 419 420 422 423 424 426 426 427 429 429 430 432 433 433 434 435 436 437 438 438 439 440 441 442 443 444 443 444 446 446 447 448 448 448 449 451 451 452 451 453 453 454 454 455 456 456 456 457 457 459 459 458 459 459 461 461 462 462 461 462 463 464 464 326 326 326 326 327 328 329 329 328 329 329 329 330 330 329 330 331 331 331 332 331 331 332 332 332 333 333 332 332 333
419 419 421 422 423 425 425 425 427 428 429 431 431 432 433 434 434 436 437 438 438 439 440 440 442 443 442 444 444 445 446 447 448 447 448 449 450 450 451 451 452 453 453 455 455 455 455 455 457 457 458 458 458 459 460 460 460 461 461 462 462 462 463 463 464 463 326 327 327 327 328 327 327 328 328 329 330 330 329 330 330 330 331 331 330 331 331 331 332 332 332 331 332 332
417 419 420 421 423 424 425 426 427 427 429 430 431 432 432 433 435 436 436 438 438 438 440 441 441 442 442 443 444 445 446 446 447 448 448 449 449 451 451 451 451 453 453 454 454 455 455 456 456 457 457 459 458 458 459 459 460 461 461 461 461 462 462 463 464 463 464 464 326 327 327 326 328 328 328 329 329 329 329 329 329 330 330 330 330 330 331 331 332 332 332 332 332 332
418 419 421 422 422 424 425 425 427 428 429 430 431 431 433 433 434 435 437 437 437 439 439 440 442 442 442 442 444 445 445 446 447 447 447 448 450 450 451 450 452 452 453 453 455 455 455 455 455 457 457 458 457 458 458 460 460 460 460 460 461 462 462 463 463 462 463 463 464 465 327 327 327 327 328 328 328 329 328 328 330 330 330 331 330 330 330 331 331 331 332 331 331 331
417 419 420 421 423 424 425 426 426 427 429 430 431 431 432 433 435 435 436 437 437 438 439 440 441 442 441 443 443 444 446 446 447 446 448 448 449 449 451 450 451 451 452 453 454 453 454 455 456 456 457 457 457 458 458 459 459 460 459 460 461 461 462 462 462 462 463 463 464 464 465 464 326 327 327 328 329 329 328 329 329 329 329 330 329 329 330 330 330 331 330 330 330 331
418 419 419 421 422 423 425 425 426 428 428 429 431 431 431 433 434 435 436 436 437 437 439 440 440 442 441 442 443 444 445 445 445 447 447 448 448 450 450 450 450 452 452 453 453 453 454 455 455 455 456 457 457 457 458 458 459 460 459 460 460 460 461 462 463 462 462 463 463 463 464 464 464 465 327 327 328 328 327 328 328 328 329 329 328 329 330 330 330 331 330 330 331 331
417 418 420 421 423 424 423 425 426 427 429 430 430 430 432 433 433 435 436 435 437 438 438 439 441 441 441 442 443 444 444 446 445 446 446 448 448 449 449 450 450 451 451 452 453 453 453 454 454 456 456 457 456 456 458 458 459 459 459 459 459 461 461 462 462 461 462 462 463 464 464 463 464 464 464 465 327 326 327 328 328 329 329 329 329 329 329 329 330 330 329 330 330 330
417 418 419 421 422 423 424 425 426 427 428 429 431 430 431 432 434 434 435 436 436 437 439 439 440 440 441 442 442 443 444 445 445 445 447 447 448 448 450 449 450 450 452 452 453 452 453 454 455 455 455 456 456 457 457 458 458 458 459 459 460 460 460 461 460 462 462 462 463 463 463 463 463 463 464 465 465 465 327 327 328 328 328 328 328 328 328 329 329 329 328 329 329 329
417 418 420 421 422 423 423 424 426 427 428 429 430 430 432 432 433 435 435 435 436 437 438 439 440 441 440 441 443 443 444 444 445 445 446 446 448 449 448 449 450 451 451 452 452 452 453 453 454 454 456 455 456 456 456 457 458 459 458 458 459 459 460 461 460 461 461 461 462 462 463 463 463 464 464 464 465 464 464 464 327 327 327 328 327 327 329 329 329 329 329 329 329 330
416 418 419 420 422 423 423 424 425 426 428 429 428 430 431 432 433 434 435 434 436 437 437 439 440 439 440 441 442 442 444 445 444 445 446 447 447 448 447 449 449 450 450 452 452 452 452 453 454 455 455 454 455 455 457 457 458 458 457 458 459 459 460 460 460 460 460 461 462 462 463 462 462 463 463 463 464 463 463 465 465 465 328 328 327 328 328 328 328 329 328 328 328 329
417 418 420 420 421 423 423 424 426 426 427 428 429 429 430 432 433 433 435 435 435 436 438 438 439 439 440 441 441 443 443 444 443 445 446 446 447 448 448 448 449 449 451 451 452 451 452 453 453 454 454 454 455 456 456 456 457 457 458 458 458 459 459 459 459 460 461 461 461 462 462 461 462 462 462 464 464 463 464 464 464 465 465 326 326 327 327 327 328 328 327 327 328 328
416 418 419 420 422 423 422 424 425 426 428 428 428 430 431 431 432 434 434 434 436 436 437 438 439 439 439 441 441 442 443 444 444 444 445 445 447 447 447 447 449 449 450 450 451 451 452 452 453 453 454 454 454 455 455 456 457 456 457 457 458 458 459 460 459 459 460 460 461 461 460 462 462 462 463 463 463 463 463 463 463 464 464 463 464 327 327 328 328 328 327 328 328 328
417 417 418 420 421 421 423 424 424 426 427 428 428 429 430 432 432 433 433 434 435 436 437 438 438 438 440 440 441 441 443 442 443 444 445 446 446 447 447 448 448 449 449 451 450 451 451 451 453 453 454 453 454 455 455 456 456 456 456 456 458 458 459 459 458 459 459 459 461 461 460 461 461 461 462 462 462 462 462 463 464 464 464 464 464 464 464 327 327 327 327 327 327 327
416 417 419 420 420 421 422 423 425 426 426 428 428 428 430 431 432 433 433 434 434 436 436 437 438 438 439 439 441 442 442 442 443 444 444 445 445 447 446 447 447 449 449 450 449 450 451 452 452 453 453 453 454 454 455 455 456 455 456 457 457 457 458 458 458 459 459 460 460 460 460 460 460 461 462 462 463 462 462 463 463 463 464 463 463 463 464 464 464 327 326 326 326 327
416 417 418 420 421 421 423 423 424 426 427 427 427 429 430 430 432 433 432 433 435 435 436 437 438 438 438 440 440 441 441 442 443 443 444 445 446 446 446 447 448 448 449 449 450 450 450 451 451 453 453 453 453 454 454 455 456 455 456 456 456 457 458 458 458 458 459 459 459 460 459 460 461 461 461 462 461 461 462 462 462 462 463 462 462 464 464 464 464 464 326 326 327 327
416 417 419 419 420 421 422 423 424 425 426 427 427 428 429 431 431 432 433 433 434 434 436 437 436 438 438 439 440 441 442 441 442 443 444 444 445 444 446 446 447 447 449 449 449 449 450 451 452 452 451 452 452 454 454 455 455 454 455 455 457 457 457 457 457 457 458 459 459 460 459 459 460 460 460 461 460 460 461 462 462 463 463 462 463 463 463 463 464 463 463 464 326 326
415 417 418 419 421 420 421 423 424 425 426 426 427 428 429 430 431 432 432 432 434 435 435 436 437 437 438 438 440 440 441 441 442 443 443 444 445 445 445 446 446 448 448 449 448 449 450 450 451 451 451 452 453 453 453 454 454 455 455 455 456 456 457 456 457 458 458 458 459 459 458 459 459 459 461 461 460 461 461 461 462 462 462 461 462 462 462 463 463 462 462 463 463 463
415 416 418 419 420 420 422 422 423 425 426 425 427 428 428 430 431 431 431 433 433 434 436 436 436 436 438 439 439 440 441 441 441 442 443 444 444 444 444 446 446 447 447 448 448 449 449 450 450 452 451 451 452 452 453 454 454 454 454 455 455 455 457 456 456 457 457 458 458 458 459 459 459 460 460 460 460 460 460 460 461 461 461 461 461 462 463 463 463 462 463 463 463 463
416 417 418 418 419 420 421 423 423 424 425 426 426 427 429 429 430 431 431 432 433 434 435 436 435 437 437 438 438 440 440 440 441 442 443 443 444 444 445 445 446 446 448 447 448 448 448 450 450 451 450 451 451 452 453 453 453 453 453 455 455 456 456 455 456 456 456 458 458 457 458 458 458 459 459 459 459 459 459 461 461 461 461 461 461 461 462 462 462 462 462 462 462 463
416 417 418 419 419 419 421 422 423 425 425 425 426 427 428 429 430 430 431 431 433 434 434 436 435 436 437 438 439 439 439 440 441 441 442 443 444 443 444 444 446 446 447 446 447 448 449 449 450 450 449 451 451 452 452 453 452 453 454 454 454 455 455 455 456 456 457 457 457 457 457 457 458 458 459 460 459 459 460 460 460 461 460 460 460 461 461 461 462 461 461 461 462 462
417 417 418 419 419 420 421 421 423 424 424 425 426 427 427 429 430 429 431 432 432 433 435 435 435 435 437 437 438 439 439 440 440 441 442 443 443 443 444 445 445 446 446 447 447 447 448 448 449 450 450 450 451 451 452 453 452 453 453 453 454 455 455 455 455 456 456 456 457 456 457 458 458 458 459 459 458 459 459 459 459 460 459 459 460 461 461 461 462 461 461 462 462 462
417 418 419 419 419 420 421 422 422 423 424 425 425 427 428 428 429 430 430 431 433 433 434 433 435 436 436 437 438 439 438 439 440 441 441 442 441 443 443 444 444 446 446 446 446 447 447 449 449 448 449 449 451 451 452 452 451 452 452 454 454 454 454 454 454 455 455 456 457 456 456 457 457 457 458 457 457 458 459 459 460 460 459 460 460 460 460 461 460 460 460 461 461 461
417 418 419 419 420 420 421 422 423 423 423 424 426 426 427 429 429 429 430 431 432 432 433 434 434 435 435 437 437 438 438 439 440 440 441 442 442 442 443 443 445 445 446 445 446 447 447 448 448 448 449 450 450 450 451 451 452 452 452 453 453 453 453 453 455 455 455 456 456 455 456 456 456 457 458 457 458 458 458 459 459 459 458 459 459 459 460 460 459 459 460 460 460 460
418 418 419 419 420 421 421 422 423 424 423 424 425 426 427 428 428 429 430 430 431 433 433 433 433 435 436 436 437 437 438 438 439 440 441 441 441 441 443 443 444 444 445 445 446 446 447 447 448 448 448 449 449 450 451 451 451 451 452 452 452 454 453 453 454 454 454 455 455 455 456 456 457 457 457 456 457 457 457 458 458 458 458 458 458 459 460 460 459 460 460 460 460 461
418 419 420 419 420 421 422 423 423 424 424 424 425 426 427 427 428 428 429 430 431 432 433 433 434 434 435 436 437 437 437 438 439 440 440 441 441 442 442 443 443 445 444 445 445 445 447 447 448 447 448 448 449 450 450 450 450 450 452 452 453 453 452 453 453 453 454 455 454 455 455 455 456 456 456 456 456 456 458 458 458 458 458 458 458 459 459 459 458 459 459 459 460 460
418 419 420 420 421 421 422 423 424 423 424 425 425 426 427 427 427 428 429 430 431 431 433 432 433 434 435 436 436 436 437 438 438 439 440 441 440 441 441 443 443 444 443 444 445 446 446 447 447 446 448 448 449 449 449 449 450 451 451 451 452 452 451 452 453 454 454 454 454 454 454 455 455 455 457 456 456 456 457 457 457 457 457 457 458 458 458 458 458 458 458 458 459 459
419 419 420 420 421 422 422 423 424 424 424 425 426 426 427 428 427 428 429 429 430 431 431 432 433 434 434 435 436 436 437 437 438 439 440 439 440 441 442 442 443 443 443 444 444 445 445 446 446 447 447 447 448 448 450 449 449 450 450 451 451 452 452 452 452 453 453 453 453 453 454 455 455 455 456 455 455 456 456 456 457 456 456 456 457 458 458 459 458 458 458 459 459 459
419 420 420 420 421 422 423 423 424 424 425 425 426 427 427 427 428 428 429 430 430 431 430 432 432 433 434 435 436 435 436 437 438 438 439 438 440 440 441 441 443 443 443 443 444 444 445 446 445 446 446 448 448 448 449 448 449 449 450 451 451 451 451 451 452 452 453 454 453 453 454 454 454 455 454 454 455 455 456 456 457 456 456 457 457 457 457 457 457 457 458 458 458 458
419 420 420 421 421 422 423 424 424 424 425 426 426 427 428 427 428 429 429 430 430 431 431 431 432 433 434 434 434 436 436 437 437 438 439 439 439 440 440 442 442 442 442 442 444 444 445 445 445 446 446 447 447 448 448 447 449 449 450 450 450 450 450 451 452 452 452 453 452 453 453 453 453 455 454 454 455 455 455 456 456 455 456 456 456 456 457 456 456 456 457 457 457 458
420 420 420 421 422 423 423 424 424 424 425 426 427 427 428 428 428 429 429 430 431 431 431 431 432 433 433 434 434 435 435 436 437 438 438 438 438 440 440 441 441 441 442 443 443 443 444 445 445 445 446 446 446 448 447 448 448 448 449 449 451 450 450 451 451 451 452 451 451 453 453 453 454 454 453 454 454 454 455 455 455 454 455 455 456 457 457 456 456 457 457 457 457 458
420 421 420 421 422 423 424 424 424 425 425 426 427 427 428 428 428 429 430 430 431 430 431 432 432 433 433 434 433 434 434 436 437 437 438 438 439 439 439 440 441 441 441 442 442 444 444 445 444 444 445 446 447 447 446 447 447 448 449 449 450 449 449 450 450 451 452 451 452 452 452 453 453 453 453 453 453 453 455 455 454 455 455 455 455 456 456 455 456 456 456 456 457 456
420 420 421 422 422 423 424 425 424 425 426 426 427 428 427 428 429 429 430 431 431 431 431 432 432 433 434 434 434 434 435 435 436 437 437 437 438 438 440 440 441 440 441 442 442 443 443 443 443 445 445 445 446 446 446 447 447 448 448 449 449 448 449 450 450 451 451 450 451 451 451 452 452 453 453 453 453 454 454 454 454 454 454 454 455 455 455 454 455 455 455 456 456 455
420 420 421 422 423 423 424 425 425 425 426 427 427 428 428 428 429 430 430 431 431 431 432 432 433 433 434 433 434 434 435 435 436 436 436 436 438 438 439 439 440 440 441 441 442 442 443 443 443 444 444 445 445 446 446 446 447 447 447 448 448 448 449 449 450 450 450 450 450 451 452 452 452 452 452 452 452 453 453 453 453 453 453 454 455 455 454 455 455 455 455 456 456 455
421 421 421 422 423 424 424 424 425 426 426 427 428 428 428 429 429 430 430 431 432 431 432 432 433 433 434 434 434 435 435 436 436 437 436 437 437 438 438 440 439 440 440 440 441 442 443 442 443 443 443 445 445 446 445 445 446 447 448 448 447 448 448 448 449 449 450 450 450 450 451 451 451 451 451 451 452 452 453 454 453 453 453 454 454 454 454 454 454 454 455 455 455 454
420 421 422 422 423 424 425 424 425 426 426 427 428 428 428 429 429 430 431 431 431 431 432 433 433 434 434 434 434 435 435 436 436 437 436 437 437 438 438 439 438 439 439 441 441 441 442 441 442 443 444 444 444 444 444 446 446 446 447 447 446 447 447 449 449 449 449 449 449 450 450 450 451 451 451 452 452 452 452 453 452 452 453 453 453 453 453 453 453 454 454 454 454 454
420 421 422 423 423 424 425 425 425 426 427 427 428 428 428 429 430 430 431 431 431 432 432 433 433 434 434 434 435 435 436 436 437 436 437 437 438 438 439 439 438 439 439 440 440 441 442 442 442 442 443 443 444 444 444 445 445 446 446 446 447 447 447 448 448 448 448 448 448 450 450 450 451 450 450 451 451 451 452 451 451 451 452 452 453 454 453 453 453 454 454 454 453 454
