testData/tiles/oneDegree/grid2.0-22.0-3.0-23.0.asc
ncols   200
nrows   200
xllcorner   2.0
yllcorner   22.0
cellsize   0.005
NODATA_value   -9999.0
[rows 0 to 41 of 200, columns 0 to 93 of 200]
568 569 569 569 570 570 570 570 571 571 571 572 572 572 572 572 572 572 572 573 573 573 573 574 574 574 574 574 575 575 575 575 575 575 575 716 716 716 716 717 717 717 717 717 717 717 717 717 718 718 717 717 717 717 717 717 717 717 717 717 717 717 717 717 716 716 716 716 716 715 715 715 715 715 716 716 716 715 714 714 715 715 715 715 714 714 715 715 715 713 713 713 713 714
569 569 569 570 570 570 570 571 571 571 572 572 572 572 573 573 572 572 573 573 573 573 574 574 574 574 574 575 575 575 575 575 576 576 575 575 716 717 717 717 717 717 717 717 717 718 718 718 718 718 717 717 717 717 717 717 717 717 717 717 717 717 717 717 717 716 716 716 716 716 716 716 715 715 715 716 716 716 715 715 714 715 715 715 715 714 714 715 715 714 713 713 713 713
569 569 570 570 570 570 571 571 571 571 572 572 572 573 573 573 573 573 573 573 573 574 574 574 574 575 575 575 575 575 576 576 576 576 576 576 717 717 717 717 717 717 718 718 718 718 718 718 718 718 718 717 718 718 718 718 718 718 718 718 718 718 718 718 718 716 716 716 716 716 716 716 716 716 716 715 716 716 715 715 715 715 715 715 715 715 715 714 715 715 714 714 713 713
569 569 570 570 570 571 571 571 571 572 572 572 573 573 573 573 574 574 573 573 574 574 574 574 575 575 575 575 575 576 576 576 576 577 577 577 576 717 717 718 718 718 718 718 718 718 718 719 719 719 719 719 718 718 718 718 718 718 718 718 718 718 718 718 718 718 717 717 717 717 716 716 716 716 716 716 716 717 716 715 715 715 715 716 715 715 715 715 714 715 715 714 714 713
569 570 570 570 571 571 571 571 572 572 572 573 573 573 573 574 574 574 573 574 574 574 574 575 575 575 575 576 576 576 576 576 577 577 577 577 576 577 718 718 718 718 718 718 719 719 719 719 719 719 719 719 718 718 718 718 718 718 718 718 718 718 718 718 718 718 718 717 717 717 717 717 717 716 716 716 716 716 717 716 715 715 715 715 716 715 715 715 715 715 715 714 714 714
570 570 570 570 571 571 571 572 572 572 572 573 573 573 574 574 574 574 575 574 574 574 575 575 575 575 576 576 576 576 577 577 577 577 577 578 578 577 577 718 718 718 719 719 719 719 719 719 719 719 719 720 720 719 719 719 719 719 719 719 719 719 719 719 719 719 718 717 717 717 717 717 717 717 717 716 716 716 717 717 716 716 715 715 715 716 716 715 715 715 715 715 714 714
570 570 570 571 571 571 572 572 572 572 573 573 573 574 574 574 574 575 575 575 574 575 575 575 575 576 576 576 576 577 577 577 577 577 578 578 578 578 577 578 719 719 719 719 719 719 719 720 720 720 720 720 720 720 719 719 719 719 719 719 719 719 719 719 719 719 719 719 718 718 717 717 717 717 717 717 717 717 716 717 717 716 716 715 715 715 716 716 715 715 715 715 518 518
570 570 571 571 571 571 572 572 572 573 573 573 574 574 574 574 575 575 575 575 576 575 575 575 576 576 576 576 577 577 577 577 578 578 578 578 578 579 578 578 578 719 719 719 720 720 720 720 720 720 720 720 720 720 719 719 719 720 720 720 719 719 719 719 719 719 719 719 718 718 718 718 718 717 717 717 717 717 717 717 717 716 716 716 716 715 715 520 520 519 519 519 519 518
571 570 571 571 571 572 572 572 573 573 573 573 574 574 574 575 575 575 575 576 576 575 575 576 576 576 576 577 577 577 577 578 578 578 578 578 579 579 579 578 578 720 720 720 720 720 720 720 720 720 721 721 721 721 721 720 720 720 720 720 720 720 720 720 720 720 720 719 719 718 718 718 718 718 718 718 717 717 717 717 717 717 716 520 520 520 519 519 520 520 519 519 519 518
571 572 571 571 572 572 572 573 573 573 573 574 574 574 575 575 575 575 576 576 576 576 576 576 576 577 577 577 577 577 578 578 578 578 579 579 579 579 579 580 579 579 720 720 720 720 721 721 721 721 721 721 721 721 721 721 720 720 720 720 720 720 720 720 720 720 720 720 720 720 719 718 718 718 718 718 718 718 521 521 521 521 521 520 520 520 520 519 519 520 520 520 519 519
572 572 572 571 572 572 572 573 573 573 574 574 574 575 575 575 575 576 576 576 576 577 577 576 577 577 577 577 578 578 578 578 578 579 579 579 579 579 580 580 579 579 579 720 721 721 721 721 721 721 721 721 721 721 722 722 721 721 721 721 721 721 721 720 720 720 720 720 720 720 719 719 719 522 522 522 522 522 522 521 521 521 521 521 520 520 520 520 520 519 520 520 520 519
572 572 572 572 572 572 573 573 573 574 574 574 574 575 575 575 576 576 576 576 577 577 577 577 577 577 577 578 578 578 578 579 579 579 579 579 580 580 580 580 580 580 580 580 721 721 721 721 721 722 722 722 722 722 722 722 722 721 721 721 721 721 721 721 721 721 721 721 524 524 524 523 523 523 523 523 522 522 522 522 522 521 521 520 521 521 520 520 520 520 519 520 520 520
572 572 573 573 572 573 573 573 573 574 574 574 575 575 575 576 576 576 576 577 577 577 578 578 577 577 578 578 578 578 579 579 579 579 579 580 580 580 580 580 581 581 580 580 580 721 722 722 722 722 722 722 722 722 722 722 722 721 721 721 721 721 525 525 525 525 525 525 525 525 525 523 523 523 523 523 523 522 522 522 522 522 521 521 520 521 521 520 520 520 520 519 520 520
572 572 573 573 573 573 573 573 574 574 574 575 575 575 575 576 576 576 577 577 577 577 578 578 578 578 578 578 578 579 579 579 579 580 580 580 580 580 581 581 581 581 580 580 581 581 722 722 722 722 722 722 723 723 723 723 527 527 526 526 526 526 526 526 526 525 525 525 525 525 525 525 524 523 523 523 523 523 523 522 522 522 522 522 520 520 521 521 520 520 520 520 519 520
572 573 573 573 574 573 573 574 574 574 574 575 575 575 576 576 576 577 577 577 577 578 578 578 579 578 578 578 579 579 579 579 580 580 580 580 581 581 581 581 581 581 582 581 581 581 722 722 723 527 527 527 527 527 527 527 527 527 526 526 526 526 526 526 526 526 526 526 526 525 525 525 524 524 524 523 523 523 523 523 523 522 522 522 522 520 520 521 521 520 520 520 520 519
572 573 573 573 574 574 573 574 574 574 575 575 575 576 576 576 576 577 577 577 578 578 578 579 579 579 578 579 579 579 579 580 580 580 580 581 581 581 581 581 582 582 386 385 385 385 386 527 527 527 527 527 527 527 527 527 527 527 527 526 526 526 526 526 526 526 526 526 526 526 526 525 525 524 524 524 524 523 523 523 523 523 522 522 522 521 520 520 521 521 520 520 520 520
551 551 551 552 552 552 553 552 552 553 575 575 575 576 576 576 577 577 577 578 578 578 578 579 579 579 580 579 579 579 580 580 580 580 385 385 385 385 386 386 386 386 386 386 386 386 386 386 527 527 527 528 528 528 528 528 528 528 528 528 527 527 527 527 527 527 526 526 526 526 526 526 526 524 524 524 524 524 524 523 523 523 523 522 522 522 521 520 520 521 521 520 520 520
551 551 551 552 552 552 553 552 552 553 553 553 554 554 554 555 555 555 556 556 556 556 557 557 361 362 362 361 361 362 362 384 384 385 385 385 385 386 386 386 386 386 387 387 387 386 386 386 387 528 528 528 528 528 528 528 528 528 528 528 527 527 527 527 527 527 527 527 527 526 526 526 526 526 525 524 524 524 524 524 523 523 523 523 522 522 521 521 520 520 520 521 520 520
551 551 552 552 552 553 553 553 553 553 553 358 358 358 358 359 359 359 360 360 360 361 361 361 362 362 362 362 362 362 362 362 363 363 363 363 364 364 364 364 365 365 365 365 365 364 365 365 365 365 506 506 506 506 506 528 529 529 529 529 529 527 527 527 527 527 527 527 527 527 527 526 526 526 525 525 525 524 524 524 524 523 523 523 523 522 522 521 521 520 520 520 521 520
355 355 356 356 356 357 357 357 358 357 357 358 358 358 359 359 359 360 360 360 361 361 361 361 362 362 362 363 362 362 362 363 363 363 363 364 364 364 364 365 365 365 365 365 366 366 365 365 365 365 365 507 507 507 507 507 507 507 507 507 507 506 506 506 506 506 505 505 505 505 505 505 505 504 504 503 503 503 502 502 502 502 501 523 523 523 522 521 521 521 520 520 520 520
355 356 356 356 357 357 357 358 358 357 358 358 358 359 359 359 360 360 360 360 361 361 361 362 362 362 363 363 363 362 363 363 363 363 364 364 364 364 365 365 365 365 366 366 366 366 365 365 366 366 366 366 507 507 507 507 507 507 507 507 507 507 506 506 506 506 506 506 506 505 505 505 505 505 505 503 503 503 503 502 502 502 502 501 501 501 501 500 499 499 499 498 498 498
355 356 356 356 357 357 357 358 358 358 358 358 358 359 359 359 360 360 360 361 361 361 362 362 362 362 363 363 363 364 363 363 363 364 364 364 365 365 365 365 365 366 366 366 366 366 367 366 366 366 366 366 366 507 508 508 508 508 508 508 508 508 507 506 506 506 506 506 506 506 506 505 505 505 505 505 503 503 503 503 503 502 502 502 501 501 501 501 499 499 499 498 498 488
356 356 356 357 357 357 358 358 358 359 359 358 359 359 359 360 360 360 361 361 361 361 362 362 362 363 363 363 364 364 363 363 364 364 364 365 365 365 365 366 366 366 366 366 367 367 367 366 366 366 367 367 367 508 508 508 508 508 508 508 508 508 507 507 507 507 507 506 506 506 506 506 506 505 505 505 504 504 503 503 503 503 502 502 502 501 501 501 501 499 499 499 488 488
356 356 356 357 357 357 358 358 358 359 359 358 359 359 359 360 360 360 361 361 361 362 362 362 363 363 363 364 364 364 364 364 364 364 365 365 365 365 366 366 366 366 366 367 367 367 367 367 367 367 367 367 367 367 508 508 508 508 508 508 508 508 508 507 507 507 507 507 507 506 506 506 506 506 505 505 505 504 504 503 503 503 503 502 502 502 501 501 501 500 499 489 489 488
356 356 356 357 357 358 358 358 359 359 359 360 359 359 360 360 360 361 361 361 362 362 362 362 363 363 363 364 364 364 365 364 364 364 365 365 365 366 366 366 366 367 367 367 367 367 368 368 367 367 367 367 367 368 368 509 509 509 509 509 509 509 509 508 507 507 507 507 507 507 507 506 506 506 506 506 505 504 504 504 503 503 503 502 502 502 502 501 501 500 489 489 489 488
356 356 357 357 357 358 358 358 359 359 359 360 359 359 360 360 360 361 361 361 362 362 362 363 363 363 364 364 364 365 365 365 364 365 365 365 366 366 366 366 367 367 367 367 368 368 368 368 368 367 368 368 368 368 368 368 509 509 509 509 509 509 509 509 508 508 508 507 507 507 507 507 507 506 506 506 506 505 504 504 504 503 503 503 502 502 502 502 501 491 490 489 489 489
356 356 357 357 357 358 358 358 359 359 359 360 360 360 360 360 361 361 361 362 362 362 363 363 363 363 364 364 364 365 365 365 365 365 365 366 366 366 366 367 367 367 367 368 368 368 368 368 369 368 368 368 368 368 368 368 368 509 510 509 509 509 509 509 508 508 508 508 508 507 507 507 507 507 506 506 506 506 504 504 504 504 503 503 503 502 502 502 491 491 490 489 489 489
356 356 357 357 358 358 358 359 359 359 360 360 360 360 360 360 361 361 361 362 362 362 363 363 363 364 364 364 365 365 365 366 366 365 365 366 366 366 367 367 367 367 368 368 368 368 369 369 369 369 368 368 369 369 369 369 369 369 510 510 510 510 510 510 510 508 508 508 508 508 508 507 507 507 507 506 506 506 505 504 504 504 503 503 503 503 502 492 492 491 491 490 489 489
356 357 357 357 358 358 358 359 359 359 360 360 360 361 360 360 361 361 361 362 362 363 363 363 364 364 364 364 365 365 365 366 366 365 366 366 366 367 367 367 367 368 368 368 368 369 369 369 369 369 369 369 369 369 369 369 369 369 369 510 510 510 510 510 510 509 509 508 508 508 508 508 507 507 507 507 506 506 506 505 504 504 504 503 503 503 492 492 492 491 491 490 490 489
356 357 357 357 358 358 358 359 359 360 360 360 361 361 360 361 361 361 362 362 362 363 363 363 364 364 364 365 365 365 366 366 366 366 366 366 366 367 367 367 368 368 368 368 369 369 369 369 370 370 369 369 369 369 369 370 370 370 370 370 511 511 510 510 510 509 509 509 509 508 508 508 508 507 507 507 507 506 506 505 504 504 504 504 503 493 493 492 492 492 491 490 490 489
356 357 357 358 358 358 359 359 359 360 360 360 361 361 361 361 361 361 362 362 362 363 363 363 364 364 364 365 365 365 366 366 366 367 366 366 367 367 367 368 368 368 368 369 369 369 369 370 370 370 370 369 370 370 370 370 370 370 370 370 370 511 511 511 511 510 509 509 509 509 508 508 508 508 507 507 507 507 506 505 505 504 504 504 493 493 493 492 492 492 491 491 490 489
357 357 357 358 358 358 359 359 359 360 360 360 361 361 361 361 361 362 362 362 363 363 363 364 364 364 365 365 365 366 366 366 367 367 366 367 367 367 368 368 368 368 369 369 369 369 370 370 370 370 371 370 370 370 370 370 370 370 370 370 370 370 511 511 511 511 510 509 509 509 509 508 508 508 508 507 507 507 507 506 505 505 494 494 494 493 493 493 492 492 492 491 490 490
357 357 357 358 358 358 359 359 359 360 360 361 361 361 362 362 361 362 362 362 363 363 363 364 364 364 365 365 365 366 366 366 367 367 367 367 367 367 368 368 368 369 369 369 369 370 370 370 370 371 371 371 370 370 370 371 371 371 371 371 371 371 370 511 511 511 511 510 509 509 509 509 508 508 508 508 507 507 507 506 505 495 494 494 494 493 493 493 492 492 492 491 490 490
357 357 357 358 358 358 359 359 360 360 360 361 361 361 362 362 361 362 362 362 363 363 364 364 364 365 365 365 366 366 366 367 367 367 368 367 367 368 368 368 369 369 369 369 370 370 370 371 371 371 371 371 371 371 371 371 371 371 371 371 371 371 371 371 512 511 511 510 510 510 509 509 509 508 508 508 508 507 507 507 495 495 495 494 494 494 493 493 493 492 492 492 491 490
357 357 357 358 358 359 359 359 360 360 360 361 361 361 362 362 363 362 362 363 363 363 364 364 364 365 365 365 366 366 366 367 367 367 368 368 367 368 368 368 369 369 369 370 370 370 371 371 371 371 371 372 371 371 371 371 371 371 371 371 371 371 371 371 371 512 511 510 510 510 510 509 509 509 508 508 508 507 507 497 496 495 495 494 494 494 493 493 493 492 492 492 491 490
357 357 358 358 358 359 359 359 360 360 360 361 361 362 362 362 363 362 362 363 363 363 364 364 364 365 365 366 366 366 367 367 367 368 368 368 368 368 368 369 369 369 370 370 370 370 371 371 371 372 372 372 372 371 372 372 372 372 372 372 372 372 372 371 371 371 512 512 510 510 510 509 509 509 509 508 508 508 497 497 497 495 495 495 494 494 494 493 493 493 492 492 491 490
357 357 358 358 358 359 359 359 360 360 361 361 361 362 362 362 363 362 362 363 363 363 364 364 365 365 365 366 366 366 367 367 367 368 368 368 368 368 368 369 369 369 370 370 370 371 371 371 372 372 372 372 373 372 372 372 372 372 372 372 372 372 372 372 372 371 371 512 511 510 510 510 509 509 509 508 508 498 497 497 497 495 495 495 494 494 494 493 493 493 492 492 492 491
357 357 358 358 358 359 359 359 360 360 361 361 361 362 362 362 363 363 362 363 363 364 364 364 365 365 365 366 366 366 367 367 367 368 368 369 369 368 369 369 369 370 370 370 371 371 371 371 372 372 372 373 373 372 372 372 372 373 373 373 372 372 372 372 372 372 371 371 511 510 510 510 510 509 509 499 498 498 498 497 497 497 495 495 494 494 494 493 493 493 492 492 492 491
357 357 358 358 358 359 359 360 360 360 361 361 361 362 362 362 363 363 363 363 363 364 364 364 365 365 365 366 366 367 367 367 368 368 368 369 369 368 369 369 369 370 370 370 371 371 371 372 372 372 373 373 373 373 373 373 373 373 373 373 373 373 373 372 372 372 372 371 371 511 510 510 510 509 499 499 498 498 498 497 497 497 495 495 495 494 494 494 493 493 492 492 492 491
357 357 358 358 358 359 359 360 360 360 361 361 361 362 362 363 363 363 364 363 363 364 364 364 365 365 366 366 366 367 367 367 368 368 368 369 369 368 369 369 370 370 370 371 371 371 372 372 372 373 373 373 373 374 373 373 373 373 373 373 373 373 373 373 372 372 372 372 371 370 511 510 510 500 499 499 499 498 498 497 497 497 495 495 495 494 494 494 493 493 493 492 492 491
357 357 358 358 359 359 359 360 360 360 361 361 361 362 362 363 363 363 364 363 363 364 364 364 365 365 366 366 366 367 367 367 368 368 368 369 369 370 369 369 370 370 370 371 371 371 372 372 372 373 373 373 374 374 373 373 374 374 374 374 374 373 373 373 373 372 372 372 371 370 370 510 500 500 499 499 499 498 498 498 497 497 496 495 495 494 494 494 493 493 493 492 492 491
357 357 358 358 359 359 359 360 360 360 361 361 361 362 362 363 363 363 364 363 363 364 364 365 365 365 366 366 366 367 367 367 368 368 369 369 369 370 369 369 370 370 370 371 371 371 372 372 373 373 373 374 374 374 374 374 374 374 374 374 374 374 373 373 373 373 372 372 372 370 370 359 500 500 499 499 499 498 498 498 497 497 497 495 495 494 494 494 493 493 493 492 492 492
