testData/tiles/oneDegree/grid18.0-21.0-19.0-22.0.asc
ncols   200
nrows   200
xllcorner   18.0
yllcorner   21.0
cellsize   0.005
NODATA_value   -9999.0
[rows 126 to 167 of 200, columns 94 to 187 of 200]
646 644 644 642 641 640 639 639 638 637 636 635 634 633 631 630 628 627 626 624 623 621 619 617 613 610 603 603 603 603 603 603 603 602 602 602 602 602 602 559 559 558 558 558 558 558 558 558 557 557 557 557 557 557 556 556 556 556 556 556 556 555 540 540 540 540 539 539 539 539 539 539 538 538 538 538 538 537 537 537 537 537 536 536 536 536 536 535 535 535 535 534 534 534
647 646 645 643 642 641 640 639 639 638 637 636 635 634 633 630 629 628 627 625 624 622 620 618 615 611 604 604 604 604 604 604 604 603 603 603 603 603 603 603 560 559 559 559 559 559 559 559 558 558 558 558 558 558 558 557 557 557 557 557 557 541 541 541 541 541 541 540 540 540 540 540 539 539 539 539 539 539 538 538 538 538 538 537 537 537 537 537 536 536 536 536 535 535
649 647 647 644 643 642 641 640 640 639 638 637 636 635 634 631 630 629 628 626 625 623 621 619 616 612 605 605 605 605 605 605 605 604 604 604 604 604 604 604 604 560 560 560 560 560 560 560 559 559 559 559 559 559 559 558 558 558 558 558 543 542 542 542 542 542 542 541 541 541 541 541 541 540 540 540 540 540 539 539 539 539 539 538 538 538 538 538 537 537 537 537 537 536
650 649 647 646 644 643 642 641 641 640 639 638 637 636 634 632 631 630 629 627 626 624 622 620 616 613 606 606 606 606 606 606 606 605 605 605 605 605 605 605 605 604 561 561 561 561 561 561 560 560 560 560 560 560 560 559 559 559 559 544 544 543 543 543 543 543 543 542 542 542 542 542 542 541 541 541 541 541 540 540 540 540 540 539 539 539 539 539 538 538 538 538 538 537
652 649 648 647 646 644 643 642 642 641 640 639 638 636 635 633 632 631 630 628 627 625 623 620 617 614 607 607 607 607 607 607 606 606 606 606 606 606 606 606 605 605 562 562 562 562 562 562 561 561 561 561 561 561 561 560 560 560 545 545 545 544 544 544 544 544 544 543 543 543 543 543 543 542 542 542 542 542 541 541 541 541 541 540 540 540 540 540 539 539 539 539 539 538
652 651 649 649 647 645 644 643 643 642 641 640 638 637 636 634 633 632 631 629 628 626 623 621 618 615 608 608 608 608 608 607 607 607 607 607 607 607 607 606 606 606 606 563 563 563 563 562 562 562 562 562 562 562 561 561 561 546 546 546 545 545 545 545 545 545 544 544 544 544 544 544 543 543 543 543 543 543 542 542 542 542 542 541 541 541 541 541 540 540 540 540 539 539
653 652 650 650 648 647 645 644 643 642 641 640 639 638 636 635 634 633 632 630 627 626 624 622 619 615 609 609 609 609 608 608 608 608 608 608 608 608 607 607 607 607 607 607 564 564 563 563 563 563 563 563 563 562 562 562 547 547 547 546 546 546 546 546 546 546 545 545 545 545 545 544 544 544 544 544 544 543 543 543 543 543 542 542 542 542 542 541 541 541 541 541 540 540
655 653 652 651 650 648 647 644 643 643 642 641 640 639 637 636 635 634 631 630 628 627 625 623 620 616 610 610 609 609 609 609 609 609 609 609 609 608 608 608 608 608 608 608 564 564 564 564 564 564 564 564 563 563 563 548 548 548 547 547 547 547 547 547 546 546 546 546 546 546 545 545 545 545 545 545 544 544 544 544 544 543 543 543 543 543 542 542 542 542 542 541 541 541
656 655 653 652 650 649 647 646 644 644 643 642 641 640 638 636 635 634 632 631 629 628 626 624 621 617 610 610 610 610 610 610 610 610 609 609 609 609 609 609 609 609 609 608 608 565 565 565 565 565 564 564 564 564 549 549 549 548 548 548 548 548 548 547 547 547 547 547 547 546 546 546 546 546 546 545 545 545 545 545 544 544 544 544 544 543 543 543 543 543 542 542 542 542
657 655 654 653 652 650 649 647 645 644 644 643 641 639 638 637 636 635 633 632 630 629 627 623 621 617 611 611 611 611 611 611 610 610 610 610 610 610 610 610 609 609 609 609 609 609 566 566 565 565 565 565 565 550 550 549 549 549 549 549 549 548 548 548 548 548 548 548 547 547 547 547 547 546 546 546 546 546 546 545 545 545 545 545 544 544 544 544 544 543 543 543 543 543
658 657 655 655 653 652 650 648 646 644 643 643 641 640 639 638 637 636 634 632 630 629 627 624 622 618 612 612 612 611 611 611 611 611 611 611 611 611 610 610 610 610 610 610 610 609 566 566 566 566 566 566 551 550 550 550 550 550 550 549 549 549 549 549 549 549 548 548 548 548 548 548 547 547 547 547 547 546 546 546 546 546 546 545 545 545 545 545 544 544 544 544 544 543
659 658 656 655 653 652 650 649 647 646 644 643 642 641 640 638 637 636 634 633 631 629 627 625 622 619 612 612 612 612 612 612 612 612 612 611 611 611 611 611 611 611 611 610 610 610 610 567 567 567 566 551 551 551 551 551 551 550 550 550 550 550 550 550 549 549 549 549 549 549 548 548 548 548 548 547 547 547 547 547 547 546 546 546 546 546 545 545 545 545 545 544 544 544
660 658 657 655 655 653 652 650 649 647 645 643 642 641 640 639 638 637 635 634 632 629 627 625 622 618 613 613 613 613 613 612 612 612 612 612 612 612 612 612 611 611 611 611 611 611 611 610 567 567 552 552 552 552 551 551 551 551 551 551 551 550 550 550 550 550 550 549 549 549 549 549 549 548 548 548 548 548 548 547 547 547 547 547 546 546 546 546 546 545 545 545 545 545
661 660 658 657 656 654 652 651 649 648 646 644 643 642 641 640 639 637 635 634 632 630 628 626 623 619 614 613 613 613 613 613 613 613 613 613 612 612 612 612 612 612 612 612 611 611 611 611 553 553 553 552 552 552 552 552 552 552 551 551 551 551 551 551 551 550 550 550 550 550 550 549 549 549 549 549 548 548 548 548 548 548 547 547 547 547 547 546 546 546 546 546 545 545
661 660 659 657 657 655 654 652 651 649 647 645 643 642 641 640 639 637 636 635 633 631 628 626 623 619 614 614 614 614 614 614 613 613 613 613 613 613 613 613 612 612 612 612 612 612 612 597 596 553 553 553 553 553 553 552 552 552 552 552 552 552 551 551 551 551 551 551 550 550 550 550 550 550 549 549 549 549 549 548 548 548 548 548 548 547 547 547 547 547 546 546 546 546
663 661 660 658 657 655 654 652 651 649 648 646 645 643 642 641 640 637 636 635 633 631 629 627 624 620 615 614 614 614 614 614 614 614 614 614 613 613 613 613 613 613 613 613 612 612 597 597 597 554 554 553 553 553 553 553 553 553 552 552 552 552 552 552 552 551 551 551 551 551 551 550 550 550 550 550 550 549 549 549 549 549 548 548 548 548 548 547 547 547 547 547 546 546
663 662 660 659 658 657 655 654 652 651 648 647 645 644 642 641 640 638 637 635 634 631 629 627 624 620 615 615 615 615 615 614 614 614 614 614 614 614 614 614 613 613 613 613 613 598 598 597 597 597 554 554 554 554 554 553 553 553 553 553 553 552 552 552 552 552 552 552 551 551 551 551 551 551 550 550 550 550 550 549 549 549 549 549 549 548 548 548 548 548 547 547 547 547
665 663 661 659 658 657 656 654 653 651 650 648 647 645 643 641 640 638 637 635 634 632 630 628 625 620 615 615 615 615 615 615 615 615 615 614 614 614 614 614 614 614 614 613 598 598 598 598 598 598 597 554 554 554 554 554 554 553 553 553 553 553 553 553 552 552 552 552 552 552 551 551 551 551 551 551 550 550 550 550 550 550 549 549 549 549 549 548 548 548 548 548 547 547
665 663 662 660 659 659 657 655 653 652 650 648 647 645 644 642 640 639 638 635 634 632 630 627 624 621 616 616 616 615 615 615 615 615 615 615 615 615 614 614 614 614 614 599 599 599 598 598 598 598 598 555 555 554 554 554 554 554 554 554 553 553 553 553 553 553 552 552 552 552 552 552 552 551 551 551 551 551 550 550 550 550 550 550 549 549 549 549 549 548 548 548 548 548
664 664 662 661 659 659 657 656 654 653 651 649 647 646 644 643 640 639 638 636 635 633 630 627 624 621 616 616 616 616 616 616 615 615 615 615 615 615 615 615 614 599 599 599 599 599 599 599 598 598 598 598 555 555 555 555 554 554 554 554 554 554 553 553 553 553 553 553 553 552 552 552 552 552 552 551 551 551 551 551 550 550 550 550 550 550 549 549 549 549 549 548 548 548
666 665 663 661 660 659 658 656 655 653 652 650 649 647 646 643 640 639 638 636 634 633 631 628 625 621 616 616 616 616 616 616 616 616 616 615 615 615 615 615 600 600 600 599 599 599 599 599 599 599 599 598 555 555 555 555 555 555 554 554 554 554 554 554 553 553 553 553 553 553 552 552 552 552 552 552 551 551 551 551 551 551 550 550 550 550 550 549 549 549 549 549 548 548
666 665 664 663 661 659 658 657 655 654 652 651 649 647 646 644 642 639 638 636 634 632 630 628 625 622 617 617 616 616 616 616 616 616 616 616 616 615 615 600 600 600 600 600 600 599 599 599 599 599 599 599 598 555 555 555 555 555 555 554 554 554 554 554 554 554 553 553 553 553 553 553 552 552 552 552 552 552 551 551 551 551 551 550 550 550 550 550 550 549 549 549 549 549
666 666 664 663 661 660 659 658 655 654 652 651 649 648 646 644 642 641 638 637 634 632 630 628 625 622 617 617 617 617 616 616 616 616 616 616 616 616 601 600 600 600 600 600 600 600 600 599 599 599 599 599 599 599 555 555 555 555 555 555 555 554 554 554 554 554 554 553 553 553 553 553 553 552 552 552 552 552 552 551 551 551 551 551 551 550 550 550 550 550 549 549 549 549
667 666 665 663 662 660 659 658 657 655 654 651 650 648 647 644 643 641 638 637 635 633 630 628 624 617 617 617 617 617 617 617 616 616 616 616 616 601 601 601 600 600 600 600 600 600 600 600 599 599 599 599 599 599 556 556 555 555 555 555 555 555 554 554 554 554 554 554 554 553 553 553 553 553 553 552 552 552 552 552 551 551 551 551 551 551 550 550 550 550 550 549 549 549
667 665 665 664 662 661 659 659 657 656 654 653 651 649 646 645 643 641 639 637 635 633 631 628 624 617 617 617 617 617 617 617 617 616 616 601 601 601 601 601 601 601 600 600 600 600 600 600 600 599 599 599 599 599 599 556 556 555 555 555 555 555 555 554 554 554 554 554 554 554 553 553 553 553 553 553 552 552 552 552 552 551 551 551 551 551 551 550 550 550 550 550 549 549
668 666 665 664 662 661 659 658 657 656 654 653 651 650 646 645 643 642 639 638 635 633 631 628 625 617 617 617 617 617 617 617 617 617 601 601 601 601 601 601 601 601 601 600 600 600 600 600 600 600 599 599 599 599 599 556 556 555 555 555 555 555 555 555 554 554 554 554 554 554 553 553 553 553 553 553 552 552 552 552 552 552 551 551 551 551 551 550 550 550 550 550 549 549
668 667 666 664 663 661 660 658 658 656 655 653 652 649 648 645 644 641 640 637 635 633 631 628 624 618 617 617 617 617 617 617 617 602 602 601 601 601 601 601 601 601 601 600 600 600 600 600 600 600 600 599 599 599 599 599 556 556 555 555 555 555 555 555 555 554 554 554 554 554 554 553 553 553 553 553 553 552 552 552 552 552 551 551 551 551 551 551 550 550 550 550 550 549
669 667 667 664 663 662 660 659 657 657 655 654 651 650 648 647 644 642 640 637 636 633 631 628 624 618 617 617 617 617 617 602 602 602 602 601 601 601 601 601 601 601 601 601 600 600 600 600 600 600 600 599 599 599 599 599 599 556 555 555 555 555 555 555 555 554 554 554 554 554 554 553 553 553 553 553 553 552 552 552 552 552 552 551 551 551 551 551 550 550 550 550 550 549
669 668 666 665 663 662 660 659 657 656 654 653 651 650 648 647 644 642 640 638 635 634 630 628 624 618 617 617 617 617 602 602 602 602 602 602 601 601 601 601 601 601 601 601 600 600 600 600 600 600 600 600 599 599 599 599 599 556 556 555 555 555 555 555 555 554 554 554 554 554 554 553 553 553 553 553 553 552 552 552 552 552 552 551 551 551 551 551 550 550 550 550 550 549
669 668 667 665 664 662 661 659 658 656 655 653 652 650 649 647 645 642 641 638 636 633 630 627 623 618 617 617 617 602 602 602 602 602 602 601 601 601 601 601 601 601 601 601 600 600 600 600 600 600 600 599 599 599 599 599 599 599 555 555 555 555 555 555 555 554 554 554 554 554 554 553 553 553 553 553 553 552 552 552 552 552 552 551 551 551 551 551 550 550 550 550 550 549
670 668 666 665 664 662 661 660 658 657 655 654 652 651 649 647 644 643 641 638 636 633 631 627 623 618 617 617 602 602 602 602 602 602 602 601 601 601 601 601 601 601 601 600 600 600 600 600 600 600 600 599 599 599 599 599 599 599 555 555 555 555 555 555 555 554 554 554 554 554 554 553 553 553 553 553 553 552 552 552 552 552 551 551 551 551 551 551 550 550 550 550 269 268
670 668 666 665 664 663 661 660 658 657 655 654 652 651 648 647 644 643 640 639 636 634 631 628 623 617 602 602 602 602 602 602 602 602 601 601 601 601 601 601 601 601 601 600 600 600 600 600 600 600 599 599 599 599 599 599 599 598 598 555 555 555 555 555 554 554 554 554 554 554 553 553 553 553 553 553 552 552 552 552 552 552 551 551 551 551 551 550 550 550 269 269 268 268
669 668 666 665 665 663 662 660 659 657 656 654 653 650 649 647 645 643 641 639 637 634 632 628 622 602 602 602 602 602 602 602 602 601 601 601 601 601 601 601 601 601 600 600 600 600 600 600 600 599 599 599 599 599 599 599 599 598 598 555 555 555 555 554 554 554 554 554 554 554 553 553 553 553 553 553 552 552 552 552 552 551 551 551 551 551 551 269 269 269 269 269 268 268
670 668 667 665 665 663 662 660 659 658 656 654 652 651 649 647 645 644 641 640 637 634 630 626 608 602 602 602 602 602 602 602 601 601 601 601 601 601 601 601 600 600 600 600 600 600 600 600 599 599 599 599 599 599 599 599 598 598 598 598 555 555 554 554 554 554 554 554 554 553 553 553 553 553 553 552 552 552 552 552 551 551 551 551 270 270 269 269 269 269 269 268 268 268
670 668 667 666 664 664 662 661 658 657 655 654 652 651 649 647 645 644 641 639 636 634 615 612 608 602 602 602 602 602 601 601 601 601 601 601 601 601 601 600 600 600 600 600 600 600 600 599 599 599 599 599 599 599 598 598 598 598 598 598 555 554 554 554 554 554 554 553 553 553 553 553 553 552 552 552 552 552 552 551 551 270 270 270 270 269 269 269 269 269 268 268 268 268
670 669 667 666 664 663 662 660 659 657 656 654 653 651 649 647 646 642 641 638 636 618 616 612 608 603 602 602 601 601 601 601 601 601 601 601 601 600 600 600 600 600 600 600 600 599 599 599 599 599 599 599 598 598 598 598 598 598 598 597 597 554 554 554 554 554 553 553 553 553 553 553 552 552 552 552 552 552 270 270 270 270 270 269 269 269 269 269 269 268 268 268 268 268
669 669 667 665 664 662 662 660 659 657 656 655 653 652 649 647 645 643 641 624 621 618 616 611 604 602 602 601 601 601 601 601 601 601 601 600 600 600 600 600 600 600 600 599 599 599 599 599 599 599 599 598 598 598 598 598 598 598 597 597 597 597 554 554 553 553 553 553 553 553 552 552 552 552 271 271 270 270 270 270 270 270 269 269 269 269 269 268 268 268 268 268 267 267
669 668 667 665 664 663 661 661 659 658 656 654 652 650 648 647 645 643 626 624 621 619 614 611 603 603 602 601 601 601 601 601 600 600 600 600 600 600 600 600 599 599 599 599 599 599 599 599 598 598 598 598 598 598 598 598 597 597 597 597 597 597 553 553 553 553 553 553 553 552 552 271 271 271 271 270 270 270 270 270 269 269 269 269 269 269 268 268 268 268 268 267 267 267
669 669 667 666 664 663 661 659 658 657 656 654 652 650 649 647 645 628 626 623 621 618 615 611 603 603 602 602 601 600 600 600 600 600 600 600 600 600 599 599 599 599 599 599 599 599 598 598 598 598 598 598 598 597 597 597 597 597 597 597 596 596 596 553 553 553 552 552 271 271 271 271 271 270 270 270 270 270 269 269 269 269 269 269 268 268 268 268 268 267 267 267 267 267
669 668 666 665 664 662 661 659 658 656 655 653 652 650 649 631 629 628 625 623 621 618 615 610 604 602 602 601 600 600 600 600 600 600 600 599 599 599 599 599 599 599 599 598 598 598 598 598 598 598 597 597 597 597 597 597 597 596 596 596 596 596 596 553 552 271 271 271 271 271 270 270 270 270 270 270 269 269 269 269 269 269 268 268 268 268 268 267 267 267 267 267 266 266
668 667 667 665 664 662 661 660 658 657 654 653 651 650 633 632 629 628 625 623 621 617 614 610 603 603 602 601 601 600 600 599 599 599 599 599 599 599 599 599 598 598 598 598 598 598 598 597 597 597 597 597 597 597 597 596 596 596 596 596 596 314 314 314 271 271 271 271 270 270 270 270 270 270 269 269 269 269 269 268 268 268 268 268 268 267 267 267 267 267 266 266 266 266
669 667 667 665 663 662 660 659 657 656 654 653 637 635 634 631 630 627 625 622 620 617 614 609 603 603 602 601 600 600 599 599 599 599 599 599 598 598 598 598 598 598 598 598 597 597 597 597 597 597 597 596 596 596 596 596 596 596 314 314 314 314 314 314 271 270 270 270 270 270 270 269 269 269 269 269 269 268 268 268 268 268 267 267 267 267 267 266 266 266 266 266 265 265
