testData/tiles/oneDegree/grid14.0-45.0-15.0-46.0.asc
ncols   200
nrows   200
xllcorner   14.0
yllcorner   45.0
cellsize   0.005
NODATA_value   -9999.0
[rows 104 to 155 of 200, columns 0 to 95 of 200]
334 332 329 327 325 323 319 317 315 313 265 262 260 257 254 251 249 245 242 238 235 231 227 222 219 214 209 204 199 193 187 185 186 186 186 186 187 187 85 85 86 86 86 86 87 87 87 87 88 88 88 88 89 89 89 89 89 90 90 90 90 91 91 91 91 92 92 92 92 93 93 93 93 94 94 94 94 95 95 95 95 96 96 96 42 43 43 43 43 44 44 44 44 45 45 45
334 331 329 327 325 277 274 272 270 268 265 262 260 257 254 251 249 245 242 238 235 231 227 223 219 214 209 204 199 193 187 185 186 186 186 186 187 187 85 85 86 86 86 86 87 87 87 87 88 88 88 88 89 89 89 89 90 90 90 90 91 91 91 91 92 92 92 92 92 93 93 93 93 94 94 94 94 95 95 95 95 96 96 96 42 43 43 43 43 44 44 44 44 45 45 45
333 286 284 282 279 277 275 272 270 268 265 262 260 257 254 251 249 245 242 238 235 231 227 223 219 214 209 204 200 194 187 185 186 186 186 186 187 187 85 85 86 86 86 86 87 87 87 87 88 88 88 88 89 89 89 89 90 90 90 90 91 91 91 91 92 92 92 92 93 93 93 93 94 94 94 94 94 95 95 95 95 96 96 42 42 43 43 43 43 44 44 44 44 45 45 45
288 286 284 281 279 277 275 272 271 268 265 262 260 257 254 251 249 245 242 238 235 231 227 223 219 214 210 204 200 194 187 185 186 186 186 186 187 187 85 85 86 86 86 86 87 87 87 87 88 88 88 88 89 89 89 89 90 90 90 90 91 91 91 91 92 92 92 92 93 93 93 93 94 94 94 94 95 95 95 95 96 96 42 42 43 43 43 43 43 44 44 44 44 45 45 45
288 286 283 281 279 277 275 272 271 268 265 262 261 258 254 251 249 245 242 238 235 231 227 223 219 215 210 204 200 194 188 185 186 186 186 186 187 187 85 85 86 86 86 86 87 87 87 87 88 88 88 88 89 89 89 89 90 90 90 90 91 91 91 91 92 92 92 92 93 93 93 93 94 94 94 94 95 95 95 95 96 42 42 42 43 43 43 43 44 44 44 44 45 45 45 45
287 285 283 281 280 277 275 272 271 268 265 262 261 258 254 251 249 246 242 238 235 231 227 223 219 215 210 204 200 194 188 185 186 186 186 186 187 187 85 85 86 86 86 86 87 87 87 87 88 88 88 88 89 89 89 89 90 90 90 90 91 91 91 91 92 92 92 92 93 93 93 93 94 94 94 94 95 95 95 95 96 42 42 42 43 43 43 43 44 44 44 44 45 45 45 45
287 285 283 281 280 277 275 272 271 268 265 263 261 258 255 251 249 246 242 238 236 232 227 223 220 215 210 205 200 194 188 185 186 186 186 186 187 187 85 85 86 86 86 86 87 87 87 87 88 88 88 88 89 89 89 89 90 90 90 90 91 91 91 91 92 92 92 92 93 93 93 93 94 94 94 94 95 95 95 95 42 42 42 42 43 43 43 43 44 44 44 44 45 45 45 45
287 285 283 281 280 277 275 272 271 268 265 263 261 258 255 251 249 246 242 238 236 232 227 223 220 215 210 205 200 194 188 185 186 186 186 186 187 187 85 85 86 86 86 86 87 87 87 87 88 88 88 88 89 89 89 89 90 90 90 90 91 91 91 91 92 92 92 92 93 93 93 93 94 94 94 94 95 95 95 41 42 42 42 42 43 43 43 43 44 44 44 44 45 45 45 45
287 285 283 282 280 277 275 273 271 268 266 263 261 258 255 251 249 246 242 239 236 232 228 223 220 215 210 205 200 194 188 185 186 186 186 186 187 187 85 85 86 86 86 86 87 87 87 87 88 88 88 88 89 89 89 89 90 90 90 90 91 91 91 91 92 92 92 92 93 93 93 93 94 94 94 94 95 95 41 41 42 42 42 42 43 43 43 43 44 44 44 44 45 45 45 45
288 285 283 282 280 277 275 274 271 268 266 264 261 258 255 253 249 246 242 239 236 232 228 223 220 215 210 205 200 194 188 185 186 186 186 186 187 187 85 85 86 86 86 86 87 87 87 87 88 88 88 88 89 89 89 89 90 90 90 90 91 91 91 91 92 92 92 92 93 93 93 93 94 94 94 94 95 41 41 41 42 42 42 42 43 43 43 43 44 44 44 44 45 45 45 45
288 286 283 282 280 277 275 274 271 268 266 264 261 258 255 253 249 246 242 240 236 232 228 224 220 215 210 205 200 195 188 185 186 186 186 186 187 187 85 85 86 86 86 86 87 87 87 87 88 88 88 88 89 89 89 89 90 90 90 90 91 91 91 91 92 92 92 92 93 93 93 93 94 94 94 94 95 41 41 41 42 42 42 42 43 43 43 43 44 44 44 44 45 45 45 45
288 286 283 282 280 278 275 274 271 268 266 264 261 258 255 253 249 246 242 240 236 232 228 224 220 215 210 206 200 195 188 186 186 186 186 186 187 187 85 85 86 86 86 86 87 87 87 87 88 88 88 88 89 89 89 89 90 90 90 90 91 91 91 91 92 92 92 92 93 93 93 93 94 94 94 94 41 41 41 41 42 42 42 42 43 43 43 43 44 44 44 44 45 45 45 45
288 286 283 282 280 278 275 274 271 268 266 264 261 258 255 253 249 246 242 240 236 232 228 225 220 215 210 206 201 195 188 186 186 186 186 187 187 187 85 86 86 86 86 86 87 87 87 87 88 88 88 88 89 89 89 89 90 90 90 90 91 91 91 91 92 92 92 92 93 93 93 93 94 94 94 40 41 41 41 41 42 42 42 42 43 43 43 43 44 44 44 44 45 45 45 45
288 286 284 282 280 278 275 274 271 269 266 264 261 258 255 253 250 246 243 240 236 232 228 225 220 215 210 206 201 195 189 186 186 186 186 187 187 187 85 86 86 86 86 87 87 87 87 88 88 88 88 88 89 89 89 89 90 90 90 90 91 91 91 91 92 92 92 92 93 93 93 93 94 94 40 40 41 41 41 41 42 42 42 42 43 43 43 43 44 44 44 44 45 45 45 45
288 286 284 282 280 278 275 274 271 269 266 264 261 258 255 253 250 246 243 240 236 232 228 225 220 215 211 206 201 195 189 186 186 186 186 187 187 187 85 86 86 86 86 87 87 87 87 88 88 88 88 89 89 89 89 90 90 90 90 90 91 91 91 91 92 92 92 92 93 93 93 93 94 40 40 40 41 41 41 41 42 42 42 42 43 43 43 43 44 44 44 44 45 45 45 45
288 286 284 282 280 278 275 274 271 269 266 264 261 258 255 253 250 246 243 240 236 232 228 225 220 216 211 206 201 195 189 186 186 186 186 187 187 187 85 86 86 86 86 87 87 87 87 88 88 88 88 89 89 89 89 90 90 90 90 91 91 91 91 92 92 92 92 92 93 93 93 93 94 40 40 40 41 41 41 41 42 42 42 42 43 43 43 43 44 44 44 44 45 45 45 45
288 286 284 282 280 278 275 274 271 269 266 264 261 258 255 253 250 246 243 240 236 232 228 225 220 216 211 206 201 195 189 186 186 186 186 187 187 187 85 86 86 86 86 87 87 87 87 88 88 88 88 89 89 89 89 90 90 90 90 91 91 91 91 92 92 92 92 93 93 93 93 94 40 40 40 40 41 41 41 41 42 42 42 42 43 43 43 43 44 44 44 44 45 45 45 45
288 286 284 282 280 278 275 274 271 269 266 264 261 258 255 253 250 246 243 240 236 232 228 225 220 216 211 207 201 195 189 186 186 186 186 187 187 187 85 86 86 86 86 87 87 87 87 88 88 88 88 89 89 89 89 90 90 90 90 91 91 91 91 92 92 92 92 93 93 93 93 40 40 40 40 41 41 41 41 41 42 42 42 42 43 43 43 43 44 44 44 44 45 45 45 45
288 286 284 283 280 278 275 274 271 269 266 264 261 258 255 253 250 246 243 240 236 232 228 225 220 216 211 207 201 195 189 186 186 186 186 187 187 187 85 86 86 86 86 87 87 87 87 88 88 88 88 89 89 89 89 90 90 90 90 91 91 91 91 92 92 92 92 93 93 93 39 40 40 40 40 41 41 41 41 42 42 42 42 43 43 43 43 43 44 44 44 44 45 45 45 45
288 286 284 283 280 278 276 274 271 269 266 264 261 258 255 253 250 246 243 240 236 232 228 225 221 216 211 207 201 195 189 186 186 186 186 187 187 187 85 86 86 86 86 87 87 87 87 88 88 88 88 89 89 89 89 90 90 90 90 91 91 91 91 92 92 92 92 93 93 39 39 40 40 40 40 41 41 41 41 42 42 42 42 43 43 43 43 44 44 44 44 45 45 45 45 45
288 286 284 283 280 278 276 274 272 269 266 264 261 258 255 253 250 246 243 240 236 232 228 225 221 216 211 207 201 195 189 186 186 186 186 187 187 187 85 86 86 86 86 87 87 87 87 88 88 88 88 89 89 89 89 90 90 90 90 91 91 91 91 92 92 92 92 93 39 39 39 40 40 40 40 41 41 41 41 42 42 42 42 43 43 43 43 44 44 44 44 45 45 45 45 46
288 286 284 283 280 278 276 274 272 269 266 264 261 259 255 253 250 247 243 240 237 233 228 225 221 216 211 207 201 195 189 186 186 186 186 187 187 187 85 86 86 86 86 87 87 87 87 88 88 88 88 89 89 89 89 90 90 90 90 91 91 91 91 92 92 92 92 39 39 39 39 40 40 40 40 41 41 41 41 42 42 42 42 43 43 43 43 44 44 44 44 45 45 45 45 46
288 286 284 283 280 278 276 274 272 269 266 264 262 259 255 253 250 247 243 240 237 233 228 225 221 216 211 207 201 196 189 186 186 186 186 187 187 187 85 86 86 86 86 87 87 87 87 88 88 88 88 89 89 89 89 90 90 90 90 91 91 91 91 92 92 92 92 39 39 39 39 40 40 40 40 41 41 41 41 42 42 42 42 43 43 43 43 44 44 44 44 45 45 45 45 46
288 286 284 283 280 278 276 274 272 269 266 264 262 259 256 253 250 247 243 240 237 233 229 225 221 216 211 207 201 196 189 186 186 186 186 187 187 187 85 86 86 86 86 87 87 87 87 88 88 88 88 89 89 89 89 90 90 90 90 91 91 91 91 92 92 92 38 39 39 39 39 40 40 40 40 41 41 41 41 42 42 42 42 43 43 43 43 44 44 44 44 45 45 45 45 46
288 286 284 283 280 278 276 274 272 269 266 265 262 259 256 253 250 247 243 240 237 233 229 225 221 216 211 207 201 196 189 186 186 186 186 187 187 187 85 86 86 86 86 87 87 87 87 88 88 88 88 89 89 89 89 90 90 90 90 91 91 91 91 92 92 38 38 39 39 39 39 40 40 40 40 41 41 41 41 42 42 42 42 43 43 43 43 44 44 44 44 45 45 45 45 46
288 286 284 283 281 278 276 274 272 269 266 265 262 259 256 253 250 247 243 240 237 233 229 225 221 216 211 207 202 196 189 186 186 186 186 187 187 187 85 86 86 86 86 87 87 87 87 88 88 88 88 89 89 89 89 90 90 90 90 91 91 91 91 92 38 38 38 39 39 39 39 40 40 40 40 41 41 41 41 42 42 42 42 43 43 43 43 44 44 44 44 45 45 45 45 46
288 286 284 283 281 278 276 274 272 269 266 265 262 259 256 253 250 247 243 241 237 233 229 225 221 216 211 207 202 196 190 186 186 186 186 187 187 187 85 86 86 86 86 87 87 87 87 88 88 88 88 89 89 89 89 90 90 90 90 91 91 91 91 38 38 38 38 39 39 39 39 40 40 40 40 41 41 41 41 42 42 42 42 43 43 43 43 44 44 44 44 45 45 45 45 46
288 286 284 283 281 278 276 274 272 269 266 265 262 259 256 253 250 247 243 241 237 233 229 225 221 216 211 207 202 196 190 186 186 186 186 187 187 187 85 86 86 86 86 87 87 87 87 88 88 88 88 89 89 89 89 90 90 90 90 91 91 91 37 38 38 38 38 39 39 39 39 40 40 40 40 41 41 41 41 42 42 42 42 43 43 43 43 44 44 44 44 45 45 45 45 46
288 286 284 283 281 278 276 274 272 269 266 265 262 259 256 253 250 247 243 241 237 233 229 225 221 216 211 207 202 196 190 186 186 186 186 187 187 187 85 86 86 86 86 87 87 87 87 88 88 88 88 89 89 89 89 90 90 90 90 91 91 37 37 38 38 38 38 39 39 39 39 40 40 40 40 41 41 41 41 42 42 42 42 43 43 43 43 44 44 44 44 45 45 45 45 46
288 286 284 283 281 278 276 274 272 269 266 265 262 259 256 254 250 247 243 241 237 233 229 225 221 216 211 207 202 196 190 186 186 186 186 187 187 187 85 86 86 86 86 87 87 87 87 88 88 88 88 89 89 89 89 90 90 90 90 91 37 37 37 38 38 38 38 39 39 39 39 40 40 40 40 41 41 41 41 42 42 42 42 43 43 43 43 44 44 44 44 45 45 45 45 46
288 286 284 283 281 278 276 274 272 269 266 265 262 259 256 254 250 247 243 241 237 233 229 226 221 216 211 207 202 196 190 186 186 186 186 187 187 187 85 86 86 86 86 87 87 87 87 88 88 88 88 89 89 89 89 90 90 90 90 37 37 37 37 38 38 38 38 39 39 39 39 40 40 40 40 41 41 41 41 42 42 42 42 43 43 43 43 44 44 44 44 45 45 45 45 46
288 286 284 283 281 278 276 274 272 269 267 265 262 259 256 254 250 247 243 241 237 233 229 226 221 216 211 207 202 196 190 186 186 186 186 187 187 187 85 86 86 86 86 87 87 87 87 88 88 88 88 89 89 89 89 90 90 90 36 37 37 37 37 38 38 38 38 39 39 39 39 40 40 40 40 41 41 41 41 42 42 42 42 43 43 43 43 44 44 44 44 45 45 45 45 46
288 286 284 283 281 278 276 274 272 269 267 265 262 259 256 254 250 247 243 241 237 233 229 226 221 216 211 207 202 196 190 186 186 186 186 187 187 187 85 86 86 86 86 87 87 87 87 88 88 88 88 89 89 89 89 90 90 36 36 37 37 37 37 38 38 38 38 39 39 39 39 40 40 40 40 41 41 41 41 42 42 42 42 43 43 43 43 44 44 44 44 45 45 45 45 46
288 286 284 283 281 278 276 274 272 269 267 265 262 259 256 254 250 247 243 241 237 233 229 226 221 216 212 207 202 196 190 186 186 186 186 187 187 187 85 86 86 86 86 87 87 87 87 88 88 88 88 89 89 89 89 90 90 36 36 37 37 37 37 38 38 38 38 39 39 39 39 40 40 40 40 41 41 41 41 42 42 42 42 43 43 43 43 44 44 44 44 45 45 45 45 45
288 286 284 283 281 278 276 274 272 269 267 265 262 259 256 254 250 247 243 241 237 233 229 226 221 216 212 207 202 196 190 186 186 186 186 187 187 187 85 86 86 86 86 87 87 87 87 88 88 88 88 89 89 89 89 90 36 36 36 37 37 37 37 38 38 38 38 39 39 39 39 40 40 40 40 41 41 41 41 42 42 42 42 43 43 43 43 43 44 44 44 44 45 45 45 45
288 286 284 283 281 278 276 275 272 269 267 265 262 259 256 254 250 247 243 241 237 233 229 226 221 217 212 207 202 196 190 186 186 186 186 187 187 187 85 86 86 86 86 87 87 87 87 88 88 88 88 89 89 89 89 36 36 36 36 37 37 37 37 38 38 38 38 39 39 39 39 40 40 40 40 41 41 41 41 41 42 42 42 42 43 43 43 43 44 44 44 44 45 45 45 45
288 286 284 283 281 278 276 275 272 269 267 265 262 259 256 254 250 247 243 241 237 233 229 226 221 217 212 207 202 196 190 186 186 186 186 187 187 187 85 86 86 86 86 87 87 87 87 88 88 88 88 89 89 89 35 36 36 36 36 37 37 37 37 38 38 38 38 39 39 39 39 40 40 40 40 40 41 41 41 41 42 42 42 42 43 43 43 43 44 44 44 44 45 45 45 45
288 286 284 283 281 278 276 275 272 269 267 265 262 259 256 254 250 247 243 241 237 233 229 226 221 217 212 207 202 196 190 186 186 186 186 187 187 187 85 86 86 86 86 87 87 87 87 88 88 88 88 89 89 35 35 36 36 36 36 37 37 37 37 38 38 38 38 38 39 39 39 39 40 40 40 40 41 41 41 41 42 42 42 42 43 43 43 43 44 44 44 44 45 45 45 45
288 286 284 283 281 278 276 275 272 269 267 265 262 259 256 254 250 247 244 241 237 233 229 226 221 217 212 207 202 196 190 186 186 186 186 187 187 187 85 86 86 86 86 87 87 87 87 88 88 88 88 89 35 35 35 36 36 36 36 36 37 37 37 37 38 38 38 38 39 39 39 39 40 40 40 40 41 41 41 41 42 42 42 42 43 43 43 43 44 44 44 44 45 45 45 45
288 286 284 283 281 278 276 275 272 269 267 265 262 259 256 254 250 247 244 241 237 233 229 226 221 217 212 207 202 196 190 186 186 186 186 187 187 187 85 86 86 86 86 87 87 87 87 88 88 88 88 34 35 35 35 35 36 36 36 36 37 37 37 37 38 38 38 38 39 39 39 39 40 40 40 40 41 41 41 41 42 42 42 42 43 43 43 43 44 44 44 44 45 45 45 45
289 286 284 283 281 278 276 275 272 269 267 265 262 259 256 254 250 247 244 241 237 233 229 226 221 217 212 208 202 196 190 186 186 186 186 187 187 187 85 86 86 86 86 86 87 87 87 87 88 88 34 34 35 35 35 35 36 36 36 36 37 37 37 37 38 38 38 38 39 39 39 39 40 40 40 40 41 41 41 41 42 42 42 42 43 43 43 43 44 44 44 44 45 45 45 45
289 286 284 283 281 278 276 275 272 269 267 265 262 259 256 254 250 247 244 241 237 233 229 226 221 217 212 208 202 196 190 186 186 186 186 186 187 187 85 85 86 86 86 86 87 87 87 87 88 34 34 34 35 35 35 35 36 36 36 36 37 37 37 37 38 38 38 38 39 39 39 39 40 40 40 40 41 41 41 41 42 42 42 42 43 43 43 43 44 44 44 44 45 45 45 45
289 286 284 283 281 278 276 275 272 269 267 265 262 259 256 254 250 247 244 241 237 233 229 226 221 217 212 207 202 196 190 185 186 186 186 186 187 187 85 85 86 86 86 86 87 87 87 87 34 34 34 34 35 35 35 35 36 36 36 36 37 37 37 37 38 38 38 38 39 39 39 39 40 40 40 40 41 41 41 41 42 42 42 42 43 43 43 43 44 44 44 44 45 45 45 45
289 286 284 283 281 278 276 275 272 269 267 265 262 259 256 254 250 247 244 240 237 233 229 225 221 217 212 207 202 196 190 185 186 186 186 186 187 187 85 85 86 86 86 86 87 87 87 33 34 34 34 34 35 35 35 35 36 36 36 36 37 37 37 37 38 38 38 38 39 39 39 39 40 40 40 40 41 41 41 41 42 42 42 42 43 43 43 43 44 44 44 44 45 45 45 45
289 286 284 283 281 278 276 275 272 269 267 264 262 259 256 253 250 247 244 240 237 233 229 225 221 217 212 207 202 196 190 185 186 186 186 186 187 187 85 85 86 86 86 86 87 87 33 33 34 34 34 34 35 35 35 35 36 36 36 36 37 37 37 37 38 38 38 38 39 39 39 39 40 40 40 40 41 41 41 41 42 42 42 42 43 43 43 43 44 44 44 44 45 45 45 45
289 286 284 282 281 278 276 274 272 269 267 264 262 259 256 253 250 247 244 240 237 233 229 225 221 217 212 207 202 196 190 185 186 186 186 186 187 187 85 85 86 86 86 86 87 33 33 33 34 34 34 34 35 35 35 35 36 36 36 36 37 37 37 37 38 38 38 38 39 39 39 39 40 40 40 40 41 41 41 41 42 42 42 42 43 43 43 43 44 44 44 44 45 45 45 45
289 286 284 282 281 278 276 274 272 269 267 264 262 259 256 253 250 247 244 240 237 233 229 225 221 217 212 207 202 196 190 185 186 186 186 186 187 187 85 85 86 86 86 86 33 33 33 33 34 34 34 34 35 35 35 35 36 36 36 36 37 37 37 37 38 38 38 38 39 39 39 39 40 40 40 40 41 41 41 41 42 42 42 42 43 43 43 43 44 44 44 44 45 45 45 45
289 286 284 282 281 278 276 274 272 269 267 264 262 259 256 253 250 247 244 240 237 233 229 225 221 217 212 207 202 196 190 185 186 186 186 186 187 187 85 85 86 86 86 32 33 33 33 33 34 34 34 34 35 35 35 35 36 36 36 36 37 37 37 37 38 38 38 38 39 39 39 39 40 40 40 40 41 41 41 41 42 42 42 42 43 43 43 43 44 44 44 44 45 45 45 45
289 286 284 282 281 278 276 274 272 269 267 264 262 259 256 253 250 247 244 240 237 233 229 225 221 217 212 207 202 196 190 185 186 186 186 186 187 187 85 85 86 86 32 32 33 33 33 33 34 34 34 34 35 35 35 35 36 36 36 36 37 37 37 37 38 38 38 38 39 39 39 39 40 40 40 40 41 41 41 41 42 42 42 42 43 43 43 43 44 44 44 44 45 45 45 45
289 286 284 282 281 278 276 274 272 269 267 264 262 259 256 253 250 247 244 240 237 233 229 225 221 217 212 207 202 196 190 185 186 186 186 186 187 187 85 85 86 32 32 32 33 33 33 33 34 34 34 34 35 35 35 35 36 36 36 36 37 37 37 37 38 38 38 38 39 39 39 39 40 40 40 40 41 41 41 41 42 42 42 42 43 43 43 43 43 44 44 44 44 45 45 45
289 286 284 282 281 278 276 274 272 269 267 264 262 259 256 253 250 247 244 240 237 233 229 225 221 217 212 207 202 196 190 185 186 186 186 186 187 187 85 31 32 32 32 32 33 33 33 33 34 34 34 34 35 35 35 35 36 36 36 36 37 37 37 37 38 38 38 38 39 39 39 39 40 40 40 40 40 41 41 41 41 42 42 42 42 43 43 43 43 44 44 44 44 45 45 45
288 286 284 282 281 278 276 274 272 269 267 264 262 259 256 253 250 247 244 240 237 233 229 225 221 217 212 206 202 196 190 185 186 186 186 186 187 187 31 31 32 32 32 32 33 33 33 33 34 34 34 34 35 35 35 35 36 36 36 36 37 37 37 37 38 38 38 38 38 39 39 39 39 40 40 40 40 41 41 41 41 42 42 42 42 43 43 43 43 44 44 44 44 45 45 45
