testData/tiles/oneDegree/grid13.0-44.0-14.0-45.0.asc
ncols   200
nrows   200
xllcorner   13.0
yllcorner   44.0
cellsize   0.005
NODATA_value   -9999.0
[rows 42 to 83 of 200, columns 94 to 187 of 200]
318 321 323 325 327 329 331 333 335 336 338 340 341 343 344 346 347 348 350 351 352 353 355 356 357 358 359 360 361 362 362 363 380 381 381 382 383 383 384 384 385 385 386 386 386 387 387 387 387 388 388 388 388 388 388 388 388 388 388 388 387 387 387 387 386 386 386 385 385 384 384 383 383 382 381 381 380 379 378 378 304 303 302 301 300 299 298 296 295 294 293 291 290 289
318 321 323 325 327 329 331 333 334 336 338 339 341 343 344 346 347 348 350 351 352 353 355 356 357 358 359 360 361 361 362 363 364 381 381 382 383 383 384 384 385 385 386 386 386 387 387 387 387 388 388 388 388 388 388 388 388 388 388 388 387 387 387 387 386 386 386 385 385 384 384 383 383 382 381 381 380 379 378 377 377 303 302 301 300 299 298 296 295 294 293 291 290 289
318 320 323 325 327 329 331 332 334 336 338 339 341 342 344 345 347 348 350 351 352 353 354 355 357 358 359 360 360 361 362 363 364 380 381 382 382 383 384 384 385 385 385 386 386 387 387 387 387 387 388 388 388 388 388 388 388 388 388 387 387 387 387 387 386 386 385 385 385 384 384 383 382 382 381 380 380 379 378 377 376 303 302 301 300 298 297 296 295 294 293 291 290 288
318 320 322 325 327 329 330 332 334 336 338 339 341 342 344 345 347 348 349 351 352 353 354 355 356 357 358 359 360 361 362 363 364 380 381 382 382 383 383 384 384 385 385 386 386 386 387 387 387 387 387 388 388 388 388 388 388 388 387 387 387 387 387 386 386 386 385 385 384 384 383 383 382 382 381 380 380 379 378 377 376 302 301 300 299 298 297 296 295 294 292 291 290 288
318 320 322 324 326 328 330 332 334 336 337 339 341 342 344 345 347 348 349 351 352 353 354 355 356 357 358 359 360 361 362 363 363 380 381 382 382 383 383 384 384 385 385 386 386 386 387 387 387 387 387 387 388 388 388 388 388 387 387 387 387 387 387 386 386 386 385 385 384 384 383 383 382 382 381 380 379 379 378 377 376 375 301 300 299 298 297 296 295 294 292 291 290 288
318 320 322 324 326 328 330 332 334 336 337 339 341 342 344 345 346 348 349 350 352 353 354 355 356 357 358 359 360 361 362 363 363 364 381 381 382 383 383 384 384 385 385 385 386 386 386 387 387 387 387 387 387 387 387 387 387 387 387 387 387 387 386 386 386 385 385 385 384 384 383 383 382 381 381 380 379 379 378 377 376 375 301 300 299 298 297 296 295 293 292 291 289 288
318 320 322 324 326 328 330 332 334 335 337 339 340 342 343 345 346 348 349 350 352 353 354 355 356 357 358 359 360 361 362 362 363 364 381 381 382 383 383 384 384 385 385 385 386 386 386 387 387 387 387 387 387 387 387 387 387 387 387 387 387 387 386 386 386 385 385 385 384 384 383 383 382 381 381 380 379 378 378 377 376 375 374 300 299 298 297 296 295 293 292 291 289 288
317 320 322 324 326 328 330 332 334 335 337 339 340 342 343 345 346 348 349 350 351 353 354 355 356 357 358 359 360 361 362 362 363 364 381 381 382 382 383 383 384 384 385 385 386 386 386 386 387 387 387 387 387 387 387 387 387 387 387 387 387 386 386 386 386 385 385 384 384 383 383 382 382 381 381 380 379 378 378 377 376 375 374 300 299 298 297 296 294 293 292 291 289 288
317 319 322 324 326 328 330 332 333 335 337 338 340 342 343 345 346 347 349 350 351 352 354 355 356 357 358 359 360 361 361 362 363 364 364 381 382 382 383 383 384 384 385 385 385 386 386 386 387 387 387 387 387 387 387 387 387 387 387 387 387 386 386 386 385 385 385 384 384 383 383 382 382 381 380 380 379 378 377 377 376 375 374 373 299 298 297 295 294 293 292 290 289 288
317 319 321 324 326 328 330 331 333 335 337 338 340 341 343 344 346 347 349 350 351 352 353 355 356 357 358 359 360 360 361 362 363 364 364 381 382 382 383 383 384 384 385 385 385 386 386 386 386 387 387 387 387 387 387 387 387 387 387 387 386 386 386 386 385 385 385 384 384 383 383 382 382 381 380 380 379 378 377 376 376 375 374 373 299 298 296 295 294 293 292 290 289 287
317 319 321 323 325 327 329 331 333 335 337 338 340 341 343 344 346 347 348 350 351 352 353 354 356 357 358 358 359 360 361 362 363 363 364 381 381 382 383 383 384 384 384 385 385 386 386 386 386 386 387 387 387 387 387 387 387 387 387 386 386 386 386 386 385 385 384 384 384 383 383 382 381 381 380 379 379 378 377 376 375 374 374 373 372 297 296 295 294 293 291 290 289 287
317 319 321 323 325 327 329 331 333 335 336 338 340 341 343 344 346 347 348 350 351 352 353 354 355 356 357 358 359 360 361 362 363 363 364 365 381 382 382 383 383 384 384 385 385 385 386 386 386 386 386 387 387 387 387 387 387 387 386 386 386 386 386 385 385 385 384 384 383 383 382 382 381 381 380 379 379 378 377 376 375 374 373 372 371 297 296 295 294 293 291 290 289 287
317 319 321 323 325 327 329 331 333 335 336 338 339 341 343 344 345 347 348 349 351 352 353 354 355 356 357 358 359 360 361 362 362 363 364 365 381 382 382 383 383 384 384 385 385 385 386 386 386 386 386 386 387 387 387 387 387 386 386 386 386 386 386 385 385 385 384 384 383 383 382 382 381 381 380 379 378 378 377 376 375 374 373 372 371 297 296 295 294 292 291 290 288 287
316 319 321 323 325 327 329 331 333 334 336 338 339 341 342 344 345 347 348 349 351 352 353 354 355 356 357 358 359 360 361 362 362 363 364 364 381 382 382 383 383 384 384 384 385 385 385 386 386 386 386 386 386 386 386 386 386 386 386 386 386 386 385 385 385 384 384 384 383 383 382 382 381 380 380 379 378 378 377 376 375 374 373 372 371 370 296 295 294 292 291 290 288 287
316 318 321 323 325 327 329 331 332 334 336 338 339 341 342 344 345 347 348 349 350 352 353 354 355 356 357 358 359 360 361 361 362 363 364 364 365 381 382 383 383 383 384 384 385 385 385 385 386 386 386 386 386 386 386 386 386 386 386 386 386 385 385 385 385 384 384 383 383 383 382 381 381 380 380 379 378 377 377 376 375 374 373 372 371 370 296 295 293 292 291 290 288 287
316 318 320 323 325 327 329 330 332 334 336 337 339 341 342 344 345 346 348 349 350 351 353 354 355 356 357 358 359 360 360 361 362 363 363 364 365 381 382 382 383 383 384 384 385 385 385 385 386 386 386 386 386 386 386 386 386 386 386 386 386 385 385 385 385 384 384 383 383 382 382 381 381 380 379 379 378 377 376 376 375 374 373 372 371 370 369 294 293 292 291 289 288 287
316 318 320 322 324 326 328 330 332 334 336 337 339 340 342 343 345 346 348 349 350 351 352 354 355 356 357 358 359 359 360 361 362 363 363 364 365 381 382 382 383 383 384 384 384 385 385 385 385 386 386 386 386 386 386 386 386 386 386 386 385 385 385 385 384 384 384 383 383 382 382 381 381 380 379 379 378 377 376 375 375 374 373 372 371 370 368 294 293 292 291 289 288 286
316 318 320 322 324 326 328 330 332 334 335 337 339 340 342 343 345 346 347 349 350 351 352 353 354 356 357 357 358 359 360 361 362 362 363 364 364 365 382 382 383 383 383 384 384 385 385 385 385 385 386 386 386 386 386 386 386 386 386 385 385 385 385 385 384 384 383 383 383 382 382 381 380 380 379 378 378 377 376 375 374 373 373 372 370 369 368 367 293 292 290 289 288 286
316 318 320 322 324 326 328 330 332 334 335 337 339 340 342 343 345 346 347 349 350 351 352 353 354 355 356 357 358 359 360 361 362 362 363 364 364 365 381 382 382 383 383 384 384 384 385 385 385 385 385 386 386 386 386 386 386 386 385 385 385 385 385 384 384 384 383 383 382 382 381 381 380 380 379 378 378 377 376 375 374 373 372 371 370 369 368 367 293 292 290 289 288 286
315 318 320 322 324 326 328 330 332 333 335 337 338 340 341 343 344 346 347 348 350 351 352 353 354 355 356 357 358 359 360 361 361 362 363 364 364 365 381 382 382 383 383 384 384 384 385 385 385 385 385 385 386 386 386 386 386 385 385 385 385 385 385 384 384 384 383 383 382 382 381 381 380 380 379 378 377 377 376 375 374 373 372 371 370 369 368 367 293 291 290 289 287 286
315 317 320 322 324 326 328 330 331 333 335 337 338 340 341 343 344 346 347 348 349 351 352 353 354 355 356 357 358 359 360 361 361 362 363 363 364 365 365 382 382 383 383 383 384 384 384 385 385 385 385 385 385 385 385 385 385 385 385 385 385 385 384 384 384 383 383 383 382 382 381 381 380 379 379 378 377 377 376 375 374 373 372 371 370 369 368 367 365 291 290 289 287 286
324 317 319 322 324 326 328 329 331 333 335 336 338 340 341 343 344 345 347 348 349 351 352 353 354 355 356 357 358 359 360 360 361 362 363 363 364 364 365 382 382 382 383 383 384 384 384 385 385 385 385 385 385 385 385 385 385 385 385 385 385 385 384 384 384 383 383 382 382 382 381 380 380 379 379 378 377 376 376 375 374 373 372 371 370 369 368 367 365 291 290 288 287 286
324 326 319 321 323 325 327 329 331 333 335 336 338 339 341 342 344 345 347 348 349 350 352 353 354 355 356 357 358 359 359 360 361 362 362 363 364 364 365 381 382 382 383 383 384 384 384 384 385 385 385 385 385 385 385 385 385 385 385 385 385 384 384 384 384 383 383 382 382 381 381 380 380 379 378 378 377 376 375 375 374 373 372 371 370 369 368 366 365 364 290 288 287 285
324 326 328 330 323 325 327 329 331 333 334 336 338 339 341 342 344 345 346 348 349 350 351 352 354 355 356 357 358 358 359 360 361 362 362 363 364 364 365 365 382 382 383 383 383 384 384 384 384 385 385 385 385 385 385 385 385 385 385 385 384 384 384 384 383 383 383 382 382 381 381 380 380 379 378 378 377 376 375 374 374 373 372 371 370 368 367 366 365 364 289 288 287 285
323 326 328 330 332 334 327 329 331 333 334 336 338 339 341 342 344 345 346 348 349 350 351 352 353 354 355 356 357 358 359 360 361 361 362 363 363 364 365 365 382 382 382 383 383 384 384 384 384 384 385 385 385 385 385 385 385 385 385 384 384 384 384 384 383 383 382 382 382 381 381 380 379 379 378 377 377 376 375 374 373 372 371 370 369 368 367 366 365 364 289 288 287 285
323 325 328 330 332 334 336 329 331 332 334 336 337 339 340 342 343 345 346 347 349 350 351 352 353 354 355 356 357 358 359 360 361 361 362 363 363 364 364 365 381 382 382 383 383 383 384 384 384 384 384 385 385 385 385 385 385 385 384 384 384 384 384 383 383 383 382 382 381 381 380 380 379 379 378 377 377 376 375 374 373 372 371 370 369 368 367 366 365 363 362 288 286 285
323 325 327 330 332 334 336 338 339 332 334 336 337 339 340 342 343 345 346 347 348 350 351 352 353 354 355 356 357 358 359 360 360 361 362 362 363 364 364 365 365 382 382 383 383 383 384 384 384 384 384 384 385 385 385 385 385 384 384 384 384 384 384 383 383 383 382 382 381 381 380 380 379 378 378 377 376 376 375 374 373 372 371 370 369 368 367 366 364 363 362 288 286 285
323 325 327 329 332 334 335 337 339 341 343 335 337 339 340 342 343 344 346 347 348 350 351 352 353 354 355 356 357 358 359 359 360 361 362 362 363 364 364 365 365 382 382 382 383 383 383 384 384 384 384 384 384 384 384 384 384 384 384 384 384 384 383 383 383 382 382 382 381 381 380 380 379 378 378 377 376 375 375 374 373 372 371 370 369 368 367 366 364 363 362 360 286 285
323 325 327 329 331 333 335 337 339 341 343 344 337 338 340 341 343 344 346 347 348 349 351 352 353 354 355 356 357 358 358 359 360 361 361 362 363 363 364 364 365 381 382 382 383 383 383 383 384 384 384 384 384 384 384 384 384 384 384 384 384 383 383 383 383 382 382 381 381 380 380 379 379 378 377 377 376 375 374 374 373 372 371 370 369 368 367 365 364 363 362 360 286 284
322 325 327 329 331 333 335 337 339 341 342 344 346 347 340 341 343 344 345 347 348 349 350 352 353 354 355 356 357 357 358 359 360 361 361 362 363 363 364 364 365 365 382 382 382 383 383 383 384 384 384 384 384 384 384 384 384 384 384 384 384 383 383 383 382 382 382 381 381 380 380 379 379 378 377 377 376 375 374 373 373 372 371 370 369 368 366 365 364 363 361 360 286 284
322 325 327 329 331 333 335 337 339 340 342 344 345 347 349 341 343 344 345 347 348 349 350 351 352 353 354 355 356 357 358 359 360 360 361 362 362 363 364 364 365 365 382 382 382 383 383 383 383 384 384 384 384 384 384 384 384 384 384 384 383 383 383 383 382 382 382 381 381 380 380 379 378 378 377 376 376 375 374 373 372 371 370 369 368 367 366 365 364 363 361 360 359 284
322 324 327 329 331 333 335 337 338 340 342 344 345 347 348 350 351 344 345 346 348 349 350 351 352 353 354 355 356 357 358 359 360 360 361 362 362 363 363 364 364 365 365 382 382 382 383 383 383 383 384 384 384 384 384 384 384 384 384 383 383 383 383 382 382 382 381 381 380 380 379 379 378 378 377 376 376 375 374 373 372 371 370 369 368 367 366 365 364 362 361 360 358 284
322 324 326 328 331 333 335 336 338 340 342 343 345 347 348 350 351 353 345 346 347 349 350 351 352 353 354 355 356 357 358 359 359 360 361 362 362 363 363 364 364 365 365 382 382 382 383 383 383 383 383 383 384 384 384 384 384 383 383 383 383 383 383 382 382 382 381 381 380 380 379 379 378 378 377 376 375 375 374 373 372 371 370 369 368 367 366 365 363 362 361 360 358 357
322 324 326 328 330 332 334 336 338 340 342 343 345 347 348 350 351 352 354 355 347 349 350 351 352 353 354 355 356 357 358 358 359 360 361 361 362 363 363 364 364 365 365 381 382 382 382 383 383 383 383 383 383 383 383 383 383 383 383 383 383 383 382 382 382 381 381 381 380 380 379 379 378 377 377 376 375 374 374 373 372 371 370 369 368 367 366 365 363 362 361 359 358 357
321 324 326 328 330 332 334 336 338 340 341 343 345 346 348 349 351 352 354 355 356 348 350 351 352 353 354 355 356 357 357 358 359 360 361 361 362 362 363 364 364 364 365 365 382 382 382 382 383 383 383 383 383 383 383 383 383 383 383 383 383 382 382 382 382 381 381 380 380 380 379 378 378 377 377 376 375 374 373 373 372 371 370 369 368 367 366 364 363 362 361 359 358 356
322 323 326 328 330 332 334 336 338 339 341 343 345 346 348 349 351 352 353 355 356 357 349 350 352 353 354 355 356 356 357 358 359 360 360 361 362 362 363 363 364 364 365 365 381 382 382 382 383 383 383 383 383 383 383 383 383 383 383 383 383 382 382 382 381 381 381 380 380 379 379 378 378 377 376 376 375 374 373 372 372 371 370 369 368 366 365 364 363 362 360 359 358 356
323 324 326 328 330 332 334 336 338 339 341 343 344 346 348 349 350 352 353 354 356 357 358 359 351 352 353 354 355 356 357 358 359 359 360 361 361 362 363 363 364 364 365 365 381 382 382 382 382 383 383 383 383 383 383 383 383 383 383 383 382 382 382 382 381 381 381 380 380 379 379 378 377 377 376 375 375 374 373 372 371 370 369 368 367 366 365 364 363 361 360 359 357 356
323 325 326 328 330 332 334 335 337 339 341 343 344 346 347 349 350 352 353 354 356 357 358 359 360 352 353 354 355 356 357 358 359 359 360 361 361 362 362 363 363 364 364 365 365 381 382 382 382 382 383 383 383 383 383 383 383 383 383 382 382 382 382 381 381 381 380 380 379 379 378 378 377 377 376 375 375 374 373 372 371 370 369 368 367 366 365 364 363 361 360 359 357 356
324 326 327 329 330 332 333 335 337 339 341 342 344 346 347 349 350 351 353 354 355 357 358 359 360 361 353 354 355 356 357 358 358 359 360 361 361 362 362 363 363 364 364 365 365 381 382 382 382 382 382 382 383 383 383 383 383 382 382 382 382 382 382 381 381 381 380 380 379 379 378 378 377 377 376 375 374 374 373 372 371 370 369 368 367 366 365 364 362 361 360 358 357 356
324 326 328 329 331 332 334 336 337 339 340 342 344 345 347 348 350 351 353 354 355 356 358 359 360 361 362 363 355 356 357 357 358 359 360 360 361 362 362 363 363 364 364 364 365 365 381 382 382 382 382 382 382 382 382 382 382 382 382 382 382 382 381 381 381 380 380 380 379 379 378 378 377 376 376 375 374 373 373 372 371 370 369 368 367 366 365 363 362 361 360 358 357 355
324 326 329 330 332 333 335 336 338 339 340 342 344 345 347 348 350 351 352 354 355 356 357 359 360 361 362 363 364 356 356 357 358 359 359 360 361 361 362 362 363 363 364 364 365 365 381 381 382 382 382 382 382 382 382 382 382 382 382 382 382 381 381 381 381 380 380 379 379 378 378 377 377 376 375 375 374 373 372 372 371 370 369 368 367 366 364 363 362 361 359 358 357 355
325 327 328 331 332 334 335 337 337 339 341 342 343 345 347 348 349 351 352 354 355 356 357 358 359 361 362 363 363 364 356 357 358 359 359 360 361 361 362 362 363 363 364 364 364 365 381 381 382 382 382 382 382 382 382 382 382 382 382 382 382 381 381 381 380 380 380 379 379 378 378 377 377 376 375 375 374 373 372 371 370 370 369 368 366 365 364 363 362 361 359 358 356 355
