testData/tiles/oneDegree/grid48.0-17.0-49.0-18.0.asc
ncols   200
nrows   200
xllcorner   48.0
yllcorner   17.0
cellsize   0.005
NODATA_value   -9999.0
[rows 126 to 167 of 200, columns 0 to 93 of 200]
906 907 908 908 908 910 910 911 912 912 913 914 915 915 917 917 917 919 919 919 920 920 921 921 923 923 923 925 925 926 925 926 927 927 928 929 929 930 931 931 931 931 932 933 934 934 937 937 937 938 940 940 942 942 944 945 945 946 947 949 949 951 730 731 732 734 734 735 736 737 738 739 740 740 740 742 743 743 744 744 745 747 748 749 748 749 750 752 751 752 753 754 753 754
907 907 908 909 909 911 911 912 913 914 914 915 916 916 918 917 918 919 919 920 920 922 922 922 924 924 925 926 925 926 926 927 928 928 930 930 930 931 931 931 932 932 933 934 935 935 937 937 938 939 940 941 943 944 943 946 946 947 948 949 949 731 731 732 733 735 736 735 737 737 739 740 740 740 741 743 744 743 745 746 746 748 748 749 749 750 751 751 752 753 754 754 755 755
908 908 909 910 910 912 912 913 914 915 915 916 916 916 918 918 919 919 920 921 921 923 923 923 925 924 925 925 926 927 927 929 929 929 930 930 930 931 931 932 933 933 933 935 935 936 937 938 940 940 941 943 943 944 945 946 947 948 949 949 950 732 732 733 734 735 736 736 738 738 739 740 741 741 743 743 744 744 746 747 747 747 749 750 750 751 751 752 752 754 755 755 756 756
909 909 910 911 911 912 913 914 913 915 915 916 917 917 918 919 920 920 921 922 922 924 923 923 924 925 926 926 927 928 928 929 930 929 930 931 931 932 932 933 934 934 934 935 936 937 938 939 941 941 941 943 944 945 946 947 948 949 949 950 730 733 733 733 735 735 737 738 739 738 739 741 742 742 744 743 744 746 747 748 747 748 749 751 750 752 752 753 753 754 756 756 757 757
910 910 911 912 911 912 913 914 914 916 916 917 918 918 919 920 921 921 923 922 922 923 924 925 925 926 927 927 928 929 928 929 930 930 931 931 932 933 933 934 934 934 935 935 937 938 939 939 941 941 942 944 945 946 947 947 947 950 950 951 731 733 733 734 736 736 737 739 739 739 740 741 743 742 744 744 745 746 747 748 748 749 750 750 750 753 753 753 754 755 756 756 757 758
909 910 911 912 912 913 914 915 915 917 917 918 919 919 920 920 921 921 922 923 923 924 925 926 926 926 928 928 927 929 929 930 930 931 932 932 932 934 933 934 935 935 936 936 937 939 939 939 941 942 943 945 945 946 947 948 948 950 951 732 731 733 734 735 737 737 737 738 740 740 741 742 742 742 745 746 746 746 747 749 749 750 750 751 751 753 753 754 755 756 756 756 757 759
910 911 912 912 913 914 914 916 916 917 918 919 918 919 920 920 922 922 923 924 924 925 925 927 927 926 928 928 928 929 930 931 931 932 933 932 932 934 934 935 935 936 937 937 937 939 940 940 942 943 944 945 945 946 948 949 949 951 950 732 732 734 735 735 737 737 738 739 740 741 741 742 743 743 745 746 746 747 748 749 748 750 751 752 752 753 753 754 756 756 757 757 758 758
911 912 913 913 914 915 915 917 916 917 918 919 919 920 921 921 922 923 923 924 925 926 925 926 927 927 928 929 929 930 931 932 932 931 933 933 933 934 935 935 936 936 937 937 938 939 941 941 943 943 943 946 946 947 948 950 949 951 731 732 733 735 736 735 737 738 739 740 740 740 742 743 744 744 745 746 747 748 749 749 749 750 752 752 752 754 755 755 755 757 758 758 758 759
912 912 913 914 913 915 915 916 917 918 918 919 920 920 922 922 923 924 924 924 924 926 926 926 928 928 929 929 930 931 930 932 932 932 933 934 934 935 935 935 936 936 936 938 939 940 941 941 943 944 944 946 947 948 948 949 950 951 732 733 733 735 736 736 738 738 740 739 741 741 742 743 744 745 746 747 747 747 749 750 750 751 751 752 753 754 755 755 756 756 757 758 759 759
912 912 912 914 914 915 916 917 917 919 919 919 921 921 922 922 923 923 924 925 925 927 927 927 928 929 930 929 930 931 931 931 933 933 934 934 935 935 935 935 937 937 937 938 940 939 941 941 943 945 945 946 946 948 948 950 950 731 733 733 734 735 736 737 739 738 739 739 742 742 742 743 744 746 746 748 747 748 749 751 750 751 752 753 753 753 756 756 757 756 758 758 759 759
912 913 913 915 915 916 917 918 918 919 920 920 921 921 922 922 923 924 924 926 926 926 928 928 928 928 929 930 930 932 932 932 933 934 933 934 934 936 936 936 937 938 938 938 939 940 942 942 943 945 945 946 947 948 949 951 951 731 732 734 735 736 737 736 738 739 740 740 742 742 743 744 745 746 745 748 748 749 749 750 750 752 753 753 753 754 756 756 757 757 759 758 759 759
912 914 914 915 916 917 917 917 918 918 920 920 921 922 922 923 923 925 925 926 927 926 927 928 929 929 929 931 931 932 933 933 933 933 934 935 935 935 937 937 938 937 938 939 940 940 943 943 943 945 945 947 948 949 949 950 731 732 733 734 736 735 737 737 738 739 741 740 742 742 743 744 745 746 746 748 748 749 749 751 751 752 751 754 755 755 755 756 757 757 758 759 760 760
913 914 915 915 915 916 917 917 919 919 920 921 922 922 923 924 924 926 925 925 926 927 928 928 929 930 930 931 932 931 932 932 934 934 934 936 936 936 936 937 937 938 938 938 941 941 941 943 944 946 946 947 948 949 949 950 731 733 733 735 735 735 738 738 739 739 740 741 742 743 744 743 745 747 747 748 748 749 749 752 751 752 752 754 755 754 756 757 758 757 758 759 760 760
913 913 914 915 916 916 918 918 919 920 920 921 922 923 922 924 924 924 926 926 927 927 928 929 929 931 930 930 931 932 933 933 933 935 935 935 935 936 937 937 937 939 939 939 940 941 942 944 944 946 947 947 947 949 950 731 732 733 732 735 736 736 738 738 739 739 741 741 742 743 744 744 745 747 746 748 749 750 750 750 751 753 753 753 755 755 756 755 758 758 759 758 760 760
913 914 915 915 917 917 918 919 919 920 920 921 921 923 923 923 925 925 926 926 928 928 928 929 929 930 930 931 932 932 933 934 934 934 935 935 936 936 937 938 938 937 939 939 941 941 943 945 945 945 946 948 948 950 950 731 731 733 733 734 736 737 737 738 739 739 742 741 742 742 744 745 745 747 747 748 748 750 750 751 752 753 752 753 756 756 756 756 758 758 758 759 761 760
914 914 916 916 916 917 917 918 919 920 920 922 922 922 924 924 925 926 927 926 926 928 928 929 930 930 931 931 932 933 932 933 934 934 935 935 936 937 937 937 938 938 939 939 941 942 943 943 945 946 946 948 948 950 730 731 731 734 734 735 736 736 738 738 740 739 740 741 743 743 745 744 745 746 748 749 748 750 750 751 751 753 753 754 754 755 757 757 757 758 759 759 759 760
913 914 914 916 916 917 918 919 919 920 921 921 923 923 924 925 924 925 925 927 927 928 929 929 930 930 932 931 931 933 933 933 934 935 936 936 935 937 937 937 938 939 939 940 940 941 943 944 944 946 947 947 948 729 730 732 732 733 733 735 736 737 738 738 739 740 741 741 743 742 744 745 746 747 747 748 749 750 750 751 751 752 754 754 755 755 757 756 757 759 760 759 760 760
913 915 915 916 917 917 918 919 920 920 922 922 922 923 923 924 924 926 926 926 928 928 929 930 930 930 930 932 932 932 933 934 935 935 934 936 936 936 937 938 939 939 938 940 941 941 943 944 945 946 946 947 949 730 730 732 732 733 734 735 736 737 738 738 739 740 741 741 743 743 744 744 746 747 747 749 749 749 749 752 752 752 752 754 755 755 757 757 758 757 759 759 761 760
914 914 916 916 917 918 919 918 920 920 920 922 922 923 923 925 925 925 927 927 928 928 928 929 929 931 931 931 932 933 934 933 934 935 935 935 937 937 938 937 938 939 939 939 941 942 943 943 944 946 947 948 728 730 730 731 732 733 733 736 736 736 738 738 740 739 741 741 742 744 744 744 746 747 747 748 749 750 750 750 751 753 753 755 754 755 756 757 758 758 759 759 760 760
915 915 915 916 916 917 918 919 919 921 921 922 922 923 924 924 926 925 926 927 927 928 928 930 930 930 932 932 932 932 933 934 934 934 936 936 937 936 937 938 938 938 940 940 941 941 942 943 945 946 946 948 728 729 730 731 732 734 733 734 736 737 738 738 739 739 742 742 743 742 744 744 746 747 747 748 748 750 750 751 751 753 752 753 755 756 756 756 758 758 758 758 761 760
913 914 915 916 916 918 918 919 920 920 921 922 923 922 924 924 924 926 926 927 927 928 929 929 931 930 930 931 932 933 933 933 935 935 935 935 936 937 937 937 939 939 938 939 941 941 943 943 945 946 946 728 728 730 731 732 731 732 734 735 735 736 737 738 740 740 741 741 742 743 744 745 745 746 747 749 748 749 750 751 750 753 753 754 753 755 756 756 757 758 759 759 759 760
914 914 915 916 917 917 919 919 919 920 921 921 922 923 923 924 925 926 926 927 928 927 929 929 929 930 931 932 932 932 934 933 934 934 935 936 936 936 938 937 937 938 939 940 941 941 944 943 944 946 946 728 729 729 729 732 732 733 734 734 735 736 738 738 739 739 741 741 743 743 743 744 746 746 746 748 748 749 750 751 751 752 753 753 754 755 757 756 757 757 758 759 760 760
914 915 916 915 916 917 917 919 919 920 920 922 922 922 924 924 925 925 926 926 926 928 928 929 930 930 931 931 932 932 932 933 934 935 935 935 937 936 936 937 938 938 939 939 941 941 942 943 945 946 727 727 727 730 730 731 732 732 733 735 735 736 737 738 739 739 741 741 741 743 744 744 745 745 747 748 749 749 749 750 751 752 752 753 754 754 754 756 758 757 758 759 759 759
913 914 914 916 916 917 918 918 919 920 921 921 923 922 923 924 924 925 925 927 927 927 929 929 930 929 931 931 931 932 933 933 934 934 935 935 935 936 937 937 938 938 939 939 940 941 943 943 945 944 725 728 728 729 730 730 731 733 733 734 735 736 737 737 739 739 740 741 742 742 744 743 745 745 747 747 747 749 750 750 750 752 752 752 753 755 755 755 756 757 757 757 759 760
913 914 915 915 917 917 918 919 920 919 919 921 921 922 923 924 924 925 926 926 927 927 928 928 929 930 930 931 932 932 933 932 933 934 934 935 936 936 937 936 937 938 938 939 941 941 942 942 943 725 726 727 728 729 729 731 731 732 734 734 734 735 736 738 738 739 740 740 742 742 743 743 745 744 745 747 748 749 748 750 750 752 752 753 753 753 754 755 757 756 758 758 758 758
913 914 914 915 915 916 917 918 918 920 920 920 922 922 923 923 925 924 924 926 926 927 927 929 929 929 931 931 931 931 932 933 933 933 935 935 935 935 936 937 937 937 939 939 939 940 941 943 724 724 725 727 727 729 729 730 731 732 732 733 734 736 735 737 738 738 741 740 741 742 743 743 744 745 746 746 747 748 749 750 750 751 751 752 752 754 754 755 755 756 757 757 759 759
912 913 914 914 916 916 917 917 919 919 920 921 921 921 922 923 923 925 925 925 926 927 928 928 928 929 929 930 931 932 932 932 934 933 933 934 935 936 936 936 938 937 937 938 939 940 942 942 722 724 725 725 727 728 728 730 730 731 732 734 733 735 735 736 738 738 739 740 741 741 742 743 744 744 745 745 747 747 748 749 749 751 751 752 752 754 753 754 754 756 757 757 757 758
913 913 913 915 915 916 917 918 917 919 919 920 920 921 922 922 924 924 925 926 926 926 926 928 928 929 929 930 931 931 931 932 932 933 934 934 935 935 936 936 936 937 937 938 940 939 940 722 723 723 725 725 726 728 728 729 730 732 731 733 733 734 736 736 736 738 739 740 740 741 742 742 743 744 745 746 746 746 747 750 749 750 750 752 751 752 754 754 754 755 756 756 757 757
912 913 914 913 914 915 916 916 918 918 919 920 921 921 921 923 923 923 924 925 925 926 927 927 928 929 929 929 929 931 931 931 932 933 934 933 933 935 935 935 936 937 938 937 938 940 941 721 723 722 724 725 726 726 728 729 729 731 731 732 734 734 734 736 736 738 737 739 740 740 741 742 743 744 744 744 745 747 747 747 749 750 749 751 752 753 752 753 754 754 754 756 756 757
912 912 912 913 914 915 915 917 917 918 919 920 919 921 921 921 922 923 924 924 926 926 926 926 927 928 928 929 930 930 931 932 931 932 932 933 934 934 935 936 935 936 936 936 939 939 720 720 722 723 724 724 726 726 727 729 729 730 731 732 732 733 734 736 735 737 737 738 740 740 741 742 743 742 744 745 746 745 747 747 747 749 750 751 750 751 752 752 753 754 754 755 755 756
911 911 913 913 914 915 916 915 916 917 918 918 920 920 920 922 922 923 923 924 924 924 926 926 927 927 928 929 929 929 930 930 931 931 933 933 933 933 934 935 935 935 937 937 937 718 720 720 722 722 723 724 725 725 727 727 728 730 730 731 732 733 733 735 735 736 737 738 738 739 741 740 742 743 744 743 745 745 747 746 748 748 748 749 750 752 751 753 753 753 753 755 754 756
910 911 911 912 913 914 914 916 916 917 917 919 919 919 921 920 921 922 923 923 923 925 925 926 926 928 927 927 929 929 930 930 931 932 931 932 933 933 934 934 935 935 935 935 936 718 720 720 720 722 723 723 725 725 726 727 728 728 730 731 731 733 733 734 734 736 736 737 738 738 739 741 742 741 742 743 745 744 746 746 746 746 748 749 749 751 751 751 751 753 753 754 754 755
910 910 911 912 913 913 915 915 916 917 918 917 917 919 919 920 921 922 922 923 924 924 924 925 926 926 926 928 928 929 929 929 930 930 931 932 932 933 933 933 934 934 935 936 716 717 718 718 721 721 722 722 724 724 726 726 727 728 729 730 731 732 731 734 734 735 736 736 737 739 739 739 740 741 743 742 744 744 745 744 747 747 747 748 749 749 749 752 751 752 752 753 753 754
909 910 911 912 912 913 913 914 915 916 916 916 918 918 919 920 921 921 922 922 922 923 924 925 925 925 927 926 927 927 928 929 929 931 931 931 931 931 933 933 933 934 935 934 715 716 717 719 720 720 721 722 724 724 724 725 727 727 729 729 729 732 732 733 732 734 735 736 737 737 737 739 740 740 741 742 743 742 745 745 745 745 747 747 747 749 750 750 750 752 751 752 751 754
908 909 910 910 912 912 912 914 914 915 915 917 917 917 918 919 919 920 921 921 922 923 924 924 923 925 925 926 927 928 928 928 929 929 929 930 931 932 932 932 933 933 933 714 714 717 716 717 718 720 721 722 722 722 725 725 726 726 727 728 730 730 730 732 732 734 735 735 735 736 738 738 738 740 740 740 743 743 743 743 745 745 745 747 748 747 748 749 749 750 751 752 752 752
908 908 909 910 911 911 913 913 913 913 915 915 916 917 918 918 919 920 920 921 921 922 922 923 924 924 925 926 926 926 926 928 928 928 929 930 931 930 930 932 932 933 713 712 714 715 715 717 718 718 720 720 721 723 724 723 725 725 727 728 728 728 730 732 731 733 733 734 735 736 736 738 738 738 738 741 740 741 743 743 743 744 746 745 746 747 747 747 749 749 750 751 750 752
907 908 908 909 909 911 911 912 912 914 914 915 916 916 917 917 918 918 919 920 921 921 922 923 923 923 924 924 925 925 927 927 927 927 928 929 929 929 931 931 931 931 712 713 713 714 715 716 716 718 718 721 721 721 723 723 725 726 726 726 728 728 729 729 731 732 732 734 734 735 736 736 736 739 738 739 739 741 740 742 744 743 744 744 745 745 747 746 748 748 748 749 749 750
906 907 908 908 909 910 910 911 912 913 913 914 914 915 916 917 917 918 919 919 920 920 921 921 922 923 923 924 924 926 925 925 926 927 928 928 928 929 929 930 930 711 712 712 711 713 714 715 716 717 718 719 719 721 722 722 724 724 725 726 727 727 729 729 729 730 732 733 732 734 734 736 736 737 737 739 738 739 740 741 741 742 743 743 745 744 746 746 746 746 748 747 749 748
905 906 907 907 909 908 909 910 911 911 913 913 914 914 915 916 916 917 917 918 918 920 920 920 922 922 922 922 924 924 924 925 926 927 926 926 928 928 929 929 930 710 710 710 712 713 713 714 714 717 717 718 719 719 720 722 723 723 724 725 726 727 727 727 730 730 730 731 732 733 733 735 735 736 736 737 738 739 739 740 739 741 741 742 744 744 744 744 746 745 747 746 748 748
904 905 905 907 907 908 909 909 910 911 912 912 912 913 914 914 916 916 917 917 918 919 918 920 920 921 921 922 923 923 924 924 924 925 925 927 927 927 927 928 709 709 709 711 710 711 712 713 715 716 715 717 717 719 720 720 720 722 724 724 725 725 726 728 728 728 730 730 730 732 733 734 733 735 735 736 737 738 738 738 739 741 740 742 741 742 743 743 745 745 746 746 746 746
903 904 905 906 906 908 908 908 908 910 910 911 912 913 913 914 915 915 915 916 917 917 918 919 919 920 921 921 921 922 923 923 924 924 926 925 925 926 927 708 708 707 708 709 709 711 711 712 713 714 715 716 716 718 718 719 720 721 721 723 724 724 726 726 727 728 728 729 731 731 731 731 733 734 734 736 736 736 737 738 738 739 740 740 740 741 741 743 743 744 744 744 744 745
901 902 903 904 904 906 906 907 908 909 909 911 911 911 911 913 913 914 915 915 916 916 918 917 918 919 920 920 920 922 922 922 922 923 924 924 925 926 925 706 706 707 708 708 708 708 710 712 712 713 713 715 716 717 717 718 719 720 721 721 721 724 725 725 726 726 728 728 729 729 730 730 732 732 733 733 734 736 735 737 737 738 738 738 739 741 740 741 741 742 742 742 744 744
