testData/tiles/oneDegree/grid9.0-25.0-10.0-26.0.asc
ncols   200
nrows   200
xllcorner   9.0
yllcorner   25.0
cellsize   0.005
NODATA_value   -9999.0
[rows 42 to 83 of 200, columns 94 to 187 of 200]
456 456 455 456 456 455 455 454 454 454 453 453 453 452 452 452 451 451 450 450 450 449 449 449 448 448 447 447 446 446 446 445 444 443 443 442 442 441 441 441 440 440 439 439 438 438 437 437 436 436 436 436 436 436 436 436 436 435 435 435 435 435 435 435 435 434 434 434 434 434 434 434 433 433 433 433 433 433 432 432 432 432 432 431 431 431 431 431 430 430 430 430 429 429
456 456 455 455 455 454 454 454 454 454 453 453 453 452 452 452 451 451 451 450 450 449 449 449 448 448 447 446 446 445 445 444 444 443 443 442 442 442 441 441 440 440 439 439 438 437 436 436 436 436 436 436 436 436 436 436 435 435 435 435 435 435 435 435 434 434 434 434 434 434 433 433 433 433 433 433 432 432 432 432 432 432 431 431 431 431 431 430 430 430 430 430 429 429
456 456 455 455 455 454 454 454 453 453 453 452 452 451 451 451 450 450 450 449 449 448 448 448 447 447 446 446 446 445 445 444 444 443 443 443 442 442 441 441 440 440 439 438 437 437 436 436 436 436 436 436 436 436 435 435 435 435 435 435 435 435 434 434 434 434 434 434 434 433 433 433 433 433 433 432 432 432 432 432 432 431 431 431 431 431 430 430 430 430 430 429 429 429
456 456 455 455 455 454 454 454 453 453 453 452 452 452 451 451 450 450 450 449 449 449 448 448 447 447 447 446 446 445 445 444 444 444 443 443 442 442 441 441 439 439 438 438 437 437 436 436 436 436 436 436 435 435 435 435 435 435 435 435 435 434 434 434 434 434 434 434 433 433 433 433 433 433 432 432 432 432 432 432 431 431 431 431 431 430 430 430 430 430 429 429 429 429
456 456 455 455 455 454 454 454 453 453 453 452 452 452 451 451 450 450 450 449 449 449 448 448 447 447 447 446 446 445 445 444 444 444 443 443 441 441 440 440 439 439 438 438 437 437 436 436 436 436 435 435 435 435 435 435 435 435 435 434 434 434 434 434 434 434 433 433 433 433 433 433 433 432 432 432 432 432 432 431 431 431 431 431 430 430 430 430 430 429 429 429 429 428
455 455 454 455 455 454 454 454 453 453 453 452 452 452 451 451 451 450 450 449 449 449 448 448 447 447 447 446 446 445 445 445 443 443 442 442 441 441 440 440 439 439 438 438 437 437 436 435 435 435 435 435 435 435 435 435 435 434 434 434 434 434 434 434 434 433 433 433 433 433 433 433 432 432 432 432 432 431 431 431 431 431 431 430 430 430 430 430 429 429 429 429 428 428
455 455 455 454 454 454 453 453 452 453 453 452 452 452 451 451 451 450 450 449 449 449 448 448 448 447 446 445 445 444 444 444 443 443 442 442 441 441 440 440 440 439 439 438 438 436 436 435 435 435 435 435 435 435 435 434 434 434 434 434 434 434 434 433 433 433 433 433 433 433 432 432 432 432 432 432 431 431 431 431 431 431 430 430 430 430 430 429 429 429 429 428 428 428
455 455 455 454 454 454 453 453 453 452 452 451 451 451 450 450 450 449 449 449 448 448 447 447 447 446 446 445 445 445 444 444 443 443 442 442 441 441 441 440 440 439 438 437 437 436 436 435 435 435 435 435 435 434 434 434 434 434 434 434 434 434 433 433 433 433 433 433 433 432 432 432 432 432 432 431 431 431 431 431 430 430 430 430 430 429 429 429 429 429 428 428 428 428
455 455 455 454 454 454 453 453 453 452 452 452 451 451 450 450 450 449 449 449 448 448 447 447 447 446 446 445 445 445 444 444 443 443 442 442 442 441 440 439 439 438 438 437 437 436 436 435 435 435 435 434 434 434 434 434 434 434 434 434 433 433 433 433 433 433 433 432 432 432 432 432 432 431 431 431 431 431 431 430 430 430 430 430 429 429 429 429 429 428 428 428 428 428
454 455 455 454 454 454 453 453 453 452 452 452 451 451 451 450 450 449 449 449 448 448 447 447 447 446 446 445 445 445 444 444 443 443 441 441 441 440 440 439 439 438 438 437 437 436 436 435 434 434 434 434 434 434 434 434 434 434 433 433 433 433 433 433 433 432 432 432 432 432 432 432 431 431 431 431 431 431 430 430 430 430 430 429 429 429 429 429 428 428 428 428 427 427
454 454 454 453 453 453 452 453 453 452 452 452 451 451 451 450 450 449 449 449 448 448 448 447 447 446 446 446 444 444 443 443 442 442 442 441 441 440 440 439 439 438 438 437 437 436 435 434 434 434 434 434 434 434 434 434 433 433 433 433 433 433 433 433 432 432 432 432 432 432 432 431 431 431 431 431 430 430 430 430 430 430 429 429 429 429 429 428 428 428 428 427 427 427
454 454 454 453 453 453 452 452 452 451 451 451 450 450 450 449 449 449 448 448 447 447 447 446 446 445 445 445 444 444 443 443 442 442 442 441 441 440 440 439 439 438 438 436 436 435 435 434 434 434 434 434 434 434 433 433 433 433 433 433 433 433 432 432 432 432 432 432 432 431 431 431 431 431 431 430 430 430 430 430 430 429 429 429 429 429 428 428 428 428 427 427 427 427
454 454 454 454 453 453 453 452 452 451 451 451 450 450 450 449 449 449 448 448 447 447 447 446 446 445 445 445 444 444 443 443 443 442 442 441 441 440 440 438 438 437 437 436 436 435 435 434 434 434 434 433 433 433 433 433 433 433 433 433 432 432 432 432 432 432 432 431 431 431 431 431 431 431 430 430 430 430 430 429 429 429 429 429 428 428 428 428 428 427 427 427 427 427
454 454 454 454 453 453 453 452 452 452 451 451 450 450 450 449 449 449 448 448 447 447 447 446 446 446 445 445 444 444 443 443 443 442 441 440 440 439 439 438 438 437 437 437 436 436 435 435 434 433 433 433 433 433 433 433 433 433 432 432 432 432 432 432 432 432 431 431 431 431 431 431 430 430 430 430 430 430 429 429 429 429 429 428 428 428 428 428 427 427 427 427 426 426
454 453 453 453 452 452 452 452 452 452 451 451 451 450 450 449 449 449 448 448 448 447 447 446 446 446 445 445 443 443 442 442 442 441 441 440 440 439 439 438 438 438 437 437 436 436 434 434 433 433 433 433 433 433 433 433 432 432 432 432 432 432 432 432 431 431 431 431 431 431 430 430 430 430 430 430 429 429 429 429 429 429 428 428 428 428 428 427 427 427 427 426 426 426
454 453 453 453 452 452 452 451 451 451 450 450 450 449 449 448 448 448 447 447 447 446 446 445 445 445 444 444 443 443 443 442 442 441 441 440 440 439 439 439 438 438 436 436 435 435 434 434 433 433 433 433 433 432 432 432 432 432 432 432 432 432 431 431 431 431 431 431 431 430 430 430 430 430 430 429 429 429 429 429 428 428 428 428 428 427 427 427 427 427 426 426 426 426
454 453 453 453 452 452 452 451 451 451 450 450 450 449 449 449 448 448 447 447 447 446 446 445 445 445 444 444 443 443 443 442 442 441 441 440 440 440 438 438 437 437 436 436 435 435 434 434 433 433 433 432 432 432 432 432 432 432 432 432 431 431 431 431 431 431 431 430 430 430 430 430 430 429 429 429 429 429 429 428 428 428 428 428 427 427 427 427 427 426 426 426 426 425
453 452 453 453 452 452 452 451 451 451 450 450 450 449 449 449 448 448 447 447 447 446 446 446 445 445 444 444 443 443 443 442 442 440 440 439 439 439 438 438 437 437 436 436 435 435 434 434 432 432 432 432 432 432 432 432 432 431 431 431 431 431 431 431 431 430 430 430 430 430 430 429 429 429 429 429 429 428 428 428 428 428 428 427 427 427 427 426 426 426 426 426 425 425
453 452 452 452 451 451 451 450 450 450 450 450 450 449 449 449 448 448 447 447 447 446 446 446 445 444 443 443 443 442 442 441 441 440 440 440 439 439 438 438 437 437 436 436 434 434 433 433 432 432 432 432 432 432 432 431 431 431 431 431 431 431 431 430 430 430 430 430 430 430 429 429 429 429 429 429 428 428 428 428 428 427 427 427 427 427 426 426 426 426 426 425 425 425
453 452 452 452 451 451 451 450 450 450 449 449 449 448 448 448 447 447 447 446 446 445 445 445 444 444 443 443 443 442 442 441 441 440 440 440 439 439 438 438 437 436 435 435 434 434 433 433 432 432 432 432 431 431 431 431 431 431 431 431 431 430 430 430 430 430 430 430 429 429 429 429 429 429 428 428 428 428 428 428 427 427 427 427 427 426 426 426 426 425 425 425 425 425
453 453 452 452 452 451 451 451 450 450 449 449 449 448 448 448 447 447 447 446 446 445 445 445 444 444 443 443 443 442 442 441 441 441 440 440 438 438 437 437 436 436 435 435 434 434 433 433 432 431 431 431 431 431 431 431 431 431 430 430 430 430 430 430 430 430 429 429 429 429 429 429 428 428 428 428 428 428 427 427 427 427 427 426 426 426 426 426 425 425 425 425 424 424
452 452 451 451 451 450 451 451 450 450 450 449 449 448 448 448 447 447 447 446 446 445 445 445 444 444 443 443 443 441 441 440 440 440 439 439 438 438 437 437 436 436 435 435 434 434 432 432 431 431 431 431 431 431 431 431 430 430 430 430 430 430 430 430 429 429 429 429 429 429 428 428 428 428 428 428 427 427 427 427 427 427 426 426 426 426 426 425 425 425 425 424 424 424
452 452 451 451 451 450 450 450 449 449 449 448 448 448 447 447 446 446 446 445 445 445 444 444 443 443 443 442 442 441 441 440 440 440 439 439 438 438 437 437 436 436 434 434 434 433 433 432 432 431 431 431 431 430 430 430 430 430 430 430 430 430 429 429 429 429 429 429 428 428 428 428 428 428 428 427 427 427 427 427 426 426 426 426 426 425 425 425 425 425 424 424 424 424
452 452 451 451 451 450 450 450 449 449 449 448 448 448 447 447 446 446 446 445 445 445 444 444 443 443 443 442 442 441 441 441 440 440 439 439 438 438 436 436 435 435 435 434 434 433 433 432 432 431 430 430 430 430 430 430 430 430 430 429 429 429 429 429 429 429 428 428 428 428 428 428 428 427 427 427 427 427 426 426 426 426 426 425 425 425 425 425 424 424 424 424 424 423
451 451 450 450 451 450 450 450 449 449 449 448 448 448 447 447 446 446 446 445 445 445 444 444 443 443 443 442 442 441 441 440 439 439 438 438 437 437 436 436 436 435 435 434 434 433 433 431 431 430 430 430 430 430 430 430 430 429 429 429 429 429 429 429 428 428 428 428 428 428 428 427 427 427 427 427 427 426 426 426 426 426 425 425 425 425 425 424 424 424 424 423 423 423
451 451 450 450 450 449 449 449 448 448 448 447 447 447 446 446 446 445 445 444 444 444 443 443 442 442 442 441 441 440 440 440 439 439 438 438 437 437 437 436 436 435 435 433 433 432 432 431 431 430 430 430 430 430 429 429 429 429 429 429 429 429 428 428 428 428 428 428 428 427 427 427 427 427 427 426 426 426 426 426 425 425 425 425 425 424 424 424 424 424 423 423 423 423
451 451 450 450 450 449 449 449 448 448 448 447 447 447 446 446 446 445 445 444 444 444 443 443 443 442 442 441 441 440 440 440 439 439 438 438 437 437 436 435 435 434 434 433 433 432 432 431 431 430 430 429 429 429 429 429 429 429 429 428 428 428 428 428 428 428 428 427 427 427 427 427 427 426 426 426 426 426 425 425 425 425 425 425 424 424 424 424 423 423 423 423 423 422
450 450 449 450 450 449 449 449 448 448 448 447 447 447 446 446 446 445 445 444 444 444 443 443 443 442 442 441 441 441 440 440 438 438 437 437 436 436 436 435 435 434 434 433 433 432 432 430 430 429 429 429 429 429 429 429 429 428 428 428 428 428 428 428 427 427 427 427 427 427 427 426 426 426 426 426 426 425 425 425 425 425 424 424 424 424 424 423 423 423 423 422 422 422
450 450 449 449 449 448 448 448 447 447 447 446 446 446 445 445 445 444 444 444 443 443 442 442 442 441 441 440 440 440 439 439 438 438 437 437 437 436 436 435 435 434 434 432 432 431 431 430 430 429 429 429 429 429 428 428 428 428 428 428 428 428 427 427 427 427 427 427 427 426 426 426 426 426 426 425 425 425 425 425 424 424 424 424 424 423 423 423 423 423 422 422 422 422
450 450 450 449 449 449 448 448 448 447 447 446 446 446 445 445 445 444 444 444 443 443 442 442 442 441 441 440 440 440 439 439 438 438 437 437 437 436 435 434 434 433 433 432 432 431 431 430 430 429 429 428 428 428 428 428 428 428 428 427 427 427 427 427 427 427 427 426 426 426 426 426 426 425 425 425 425 425 424 424 424 424 424 423 423 423 423 423 422 422 422 422 422 421
449 449 449 449 449 449 448 448 448 447 447 447 446 446 445 445 445 444 444 444 443 443 442 442 442 441 441 440 440 440 439 439 437 437 436 436 436 435 435 434 434 433 433 432 432 431 431 429 429 428 428 428 428 428 428 428 427 427 427 427 427 427 427 427 426 426 426 426 426 426 426 425 425 425 425 425 424 424 424 424 424 424 423 423 423 423 423 422 422 422 422 421 421 421
449 449 449 448 448 448 447 447 447 446 446 446 445 445 444 444 444 443 443 443 442 442 441 441 441 440 440 439 439 439 438 438 437 437 437 436 436 435 435 434 434 433 433 431 431 430 430 429 429 428 428 428 428 427 427 427 427 427 427 427 427 427 426 426 426 426 426 426 425 425 425 425 425 425 424 424 424 424 424 424 423 423 423 423 423 422 422 422 422 421 421 421 421 421
449 449 449 448 448 448 447 447 447 446 446 446 445 445 444 444 444 443 443 443 442 442 442 441 441 440 440 440 439 439 438 438 437 437 437 436 436 434 434 433 433 432 432 431 431 430 430 429 429 428 427 427 427 427 427 427 427 427 427 426 426 426 426 426 426 426 425 425 425 425 425 425 424 424 424 424 424 424 423 423 423 423 423 422 422 422 422 422 421 421 421 421 420 420
448 448 448 447 447 448 447 447 447 446 446 446 445 445 445 444 444 443 443 443 442 442 442 441 441 440 440 440 439 439 437 437 436 436 436 435 435 434 434 433 433 432 432 431 431 430 429 428 428 427 427 427 427 427 427 427 426 426 426 426 426 426 426 426 425 425 425 425 425 425 424 424 424 424 424 424 423 423 423 423 423 422 422 422 422 422 421 421 421 421 421 420 420 420
448 448 448 447 447 447 446 446 446 445 445 445 444 444 444 443 443 442 442 442 441 441 441 440 440 439 439 439 438 438 437 437 436 436 436 435 435 434 434 433 433 431 431 431 430 430 429 429 428 428 427 427 426 426 426 426 426 426 426 426 426 425 425 425 425 425 425 425 424 424 424 424 424 424 423 423 423 423 423 422 422 422 422 422 421 421 421 421 421 420 420 420 420 419
448 448 448 447 447 447 446 446 446 445 445 445 444 444 444 443 443 442 442 442 441 441 441 440 440 439 439 439 438 438 437 437 437 436 436 435 434 433 433 432 432 431 431 431 430 430 429 429 428 427 426 426 426 426 426 426 426 426 425 425 425 425 425 425 425 424 424 424 424 424 424 424 423 423 423 423 423 422 422 422 422 422 421 421 421 421 421 420 420 420 420 420 419 419
447 447 447 446 446 446 445 445 445 445 445 445 444 444 444 443 443 443 442 442 441 441 441 440 440 439 438 438 437 437 436 436 436 435 435 434 434 433 433 432 432 432 431 431 430 429 428 428 427 427 426 426 426 426 426 425 425 425 425 425 425 425 425 424 424 424 424 424 424 423 423 423 423 423 423 422 422 422 422 422 421 421 421 421 421 420 420 420 420 420 419 419 419 419
447 447 447 446 446 446 445 445 445 444 444 444 443 443 443 442 442 442 441 441 440 440 440 439 439 438 438 438 437 437 436 436 436 435 435 434 434 433 433 431 431 431 430 430 429 429 428 428 427 427 426 425 425 425 425 425 425 425 425 425 424 424 424 424 424 424 424 423 423 423 423 423 423 422 422 422 422 422 421 421 421 421 421 420 420 420 420 420 419 419 419 419 418 418
446 446 446 446 446 446 445 445 445 444 444 444 443 443 443 442 442 442 441 441 440 440 440 439 439 438 438 438 437 437 436 436 435 434 434 433 433 432 432 432 431 431 430 430 429 429 428 427 426 426 425 425 425 425 425 425 425 424 424 424 424 424 424 424 423 423 423 423 423 423 423 422 422 422 422 422 421 421 421 421 421 420 420 420 420 420 419 419 419 419 419 418 418 418
446 446 446 445 445 445 444 444 444 443 443 443 442 442 442 441 441 441 440 440 439 439 439 438 438 438 437 437 436 436 435 435 435 434 434 433 433 432 432 432 431 431 429 429 428 428 427 427 426 426 425 425 425 424 424 424 424 424 424 424 424 423 423 423 423 423 423 423 422 422 422 422 422 422 421 421 421 421 421 420 420 420 420 420 419 419 419 419 419 418 418 418 418 417
446 446 446 445 445 445 444 444 444 443 443 443 442 442 442 441 441 441 440 440 439 439 439 438 438 438 437 437 436 436 436 435 435 434 434 433 432 431 431 431 430 430 429 429 428 428 427 427 426 425 424 424 424 424 424 424 424 424 423 423 423 423 423 423 423 422 422 422 422 422 422 422 421 421 421 421 421 420 420 420 420 420 419 419 419 419 419 418 418 418 418 417 417 417
445 445 445 444 444 444 444 443 444 443 443 443 442 442 442 441 441 441 440 440 440 439 439 438 438 438 437 436 435 435 435 434 434 433 433 432 432 431 431 431 430 430 429 429 428 427 426 426 425 425 424 424 424 424 424 423 423 423 423 423 423 423 423 422 422 422 422 422 422 421 421 421 421 421 421 420 420 420 420 420 419 419 419 419 419 418 418 418 418 418 417 417 417 417
