testData/tiles/oneDegree/grid5.0-43.0-6.0-44.0.asc
ncols   200
nrows   200
xllcorner   5.0
yllcorner   43.0
cellsize   0.005
NODATA_value   -9999.0
[rows 82 to 122 of 200, columns 0 to 91 of 200]
737 737 737 737 737 737 737 737 737 737 805 805 805 805 805 805 874 874 874 874 874 874 873 873 873 873 873 873 873 873 873 873 873 873 873 873 873 873 872 872 872 872 872 873 874 875 876 877 878 879 880 880 881 881 882 883 884 885 885 886 887 887 887 888 889 890 890 891 891 892 893 892 893 893 894 894 895 895 896 896 896 896 897 897 898 898 899 899 898 899 899 899
738 738 738 738 738 738 737 805 805 805 805 805 805 805 805 805 874 874 874 874 874 874 874 874 874 874 874 873 873 873 873 873 873 873 873 873 873 873 873 873 873 873 872 873 874 875 877 878 878 879 880 881 882 882 883 884 885 885 886 887 888 888 889 890 889 890 891 891 892 893 893 894 894 894 894 895 896 896 897 897 897 898 897 898 898 899 899 899 900 900 900 900
738 738 738 806 806 806 806 806 806 806 806 806 806 805 805 874 874 874 874 874 874 874 874 874 874 874 874 874 874 874 874 873 873 873 873 873 873 873 873 873 873 873 874 875 876 876 877 878 879 880 881 882 883 884 885 885 885 886 887 888 888 889 890 890 891 892 891 892 893 893 894 894 895 896 896 896 896 897 897 898 898 899 899 899 899 899 900 900 900 901 901 901
806 806 806 806 806 806 806 806 806 806 806 806 806 806 806 875 875 875 875 874 874 874 874 874 874 874 874 874 874 874 874 874 874 874 874 873 873 873 873 873 873 874 875 876 877 878 879 880 880 881 882 883 884 884 885 886 887 888 888 888 889 890 890 891 892 892 893 894 894 894 894 895 896 896 897 897 898 897 898 898 899 899 900 900 900 901 900 901 901 901 902 902
806 806 806 806 806 806 806 806 806 806 806 806 806 806 875 875 875 875 875 875 875 875 875 875 874 874 874 874 874 874 874 874 874 874 874 874 874 874 874 873 873 874 876 877 878 879 880 881 882 883 884 883 884 885 886 887 888 888 889 890 891 890 891 892 892 893 894 894 895 895 896 896 896 897 897 898 898 899 899 900 899 900 900 901 901 901 902 902 901 902 902 903
807 807 807 807 807 807 807 807 806 806 806 806 806 806 875 875 875 875 875 875 875 875 875 875 875 875 875 875 874 874 874 874 874 874 874 874 874 874 874 874 875 876 876 877 878 879 880 881 882 883 884 885 886 887 887 887 888 889 890 890 891 892 893 893 893 894 894 895 895 896 897 897 898 897 898 898 899 899 900 900 901 901 901 901 901 902 902 903 903 903 903 903
807 807 807 807 807 807 807 807 807 807 807 807 807 876 875 875 875 875 875 875 875 875 875 875 875 875 875 875 875 875 875 875 874 874 874 874 874 874 874 875 876 877 878 879 880 880 881 882 883 884 885 886 887 887 888 889 889 890 890 891 892 893 893 894 895 895 895 895 896 897 897 898 898 899 899 899 899 900 900 901 901 902 902 903 902 902 903 903 904 904 904 904
807 807 807 807 807 807 807 807 807 807 807 807 807 876 876 876 876 876 876 876 875 875 875 875 875 875 875 875 875 875 875 875 875 875 875 875 874 874 874 875 877 878 879 880 881 882 883 884 884 885 886 886 887 888 889 890 891 891 892 892 892 893 894 895 895 896 896 897 898 897 898 898 899 899 900 900 901 900 901 901 902 902 903 903 904 903 903 904 904 904 905 905
808 808 807 807 807 807 807 807 807 807 807 807 876 876 876 876 876 876 876 876 876 876 876 876 876 875 875 875 875 875 875 875 875 875 875 875 875 875 876 876 877 878 880 881 882 883 884 885 885 886 887 887 888 889 890 890 891 892 893 893 894 894 894 895 896 896 897 898 898 899 899 899 899 900 900 901 902 902 902 902 902 903 903 904 904 904 905 904 905 905 905 906
808 808 808 808 808 808 808 808 808 808 807 807 876 876 876 876 876 876 876 876 876 876 876 876 876 876 876 876 876 875 875 875 875 875 875 875 875 876 877 878 879 880 881 881 882 883 884 885 886 887 888 889 890 890 890 891 892 893 893 894 895 895 896 897 896 897 898 898 899 899 900 900 901 901 901 902 902 903 903 903 904 903 904 904 905 905 905 906 906 905 906 906
808 808 808 808 808 808 808 808 808 808 808 877 877 877 877 877 876 876 876 876 876 876 876 876 876 876 876 876 876 876 876 876 876 875 875 875 875 876 878 879 880 881 882 883 884 885 885 886 887 888 889 889 890 891 892 893 893 893 894 895 895 896 897 897 898 899 898 899 899 900 900 901 902 902 903 902 903 903 904 904 904 905 905 905 905 906 906 906 907 907 907 907
808 808 808 808 808 808 808 808 808 808 808 877 877 877 877 877 877 877 877 877 877 876 876 876 876 876 876 876 876 876 876 876 876 876 876 876 876 877 878 880 881 882 883 884 885 886 887 888 888 888 889 890 891 892 892 893 894 895 895 895 896 897 897 898 898 899 900 900 900 900 901 902 902 903 903 904 904 904 904 905 905 905 906 906 907 906 906 907 907 908 908 908
809 809 809 809 808 808 808 808 808 808 877 877 877 877 877 877 877 877 877 877 877 877 877 877 877 877 876 876 876 876 876 876 876 876 876 877 878 879 880 881 881 882 883 884 885 886 887 888 889 890 891 891 891 892 893 894 895 895 896 897 897 897 898 898 899 900 900 901 901 902 903 902 903 903 904 904 905 905 906 905 905 906 906 907 907 908 908 907 908 908 908 909
809 809 809 809 809 809 809 809 809 809 878 877 877 877 877 877 877 877 877 877 877 877 877 877 877 877 877 877 877 877 876 876 876 876 876 877 879 880 881 882 883 884 885 885 886 887 888 889 890 891 891 892 893 894 894 894 895 896 897 897 898 899 899 900 900 900 901 901 902 903 903 904 904 904 904 905 905 906 906 907 907 906 907 907 908 908 908 909 909 909 909 909
809 809 809 809 809 809 809 809 809 878 878 878 878 878 878 878 878 877 877 877 877 877 877 877 877 877 877 877 877 877 877 877 877 876 877 878 879 880 882 883 884 885 886 887 888 889 889 890 890 891 892 893 894 895 895 896 897 897 897 898 899 899 900 901 901 902 901 902 903 903 904 904 905 905 906 905 906 906 907 907 908 908 908 908 908 909 909 909 910 910 910 910
809 809 809 809 809 809 809 809 809 878 878 878 878 878 878 878 878 878 878 878 878 878 877 877 877 877 877 877 877 877 877 877 877 877 879 880 881 881 882 883 884 885 886 887 888 889 890 891 892 892 893 894 894 895 896 897 897 898 899 898 899 900 900 901 902 902 903 904 903 904 904 905 905 906 906 907 907 907 907 908 908 908 909 909 910 909 909 910 910 911 911 911
810 810 810 810 810 810 810 809 878 878 878 878 878 878 878 878 878 878 878 878 878 878 878 878 878 878 877 877 877 877 877 877 877 878 879 881 882 883 884 885 885 886 887 888 889 890 891 892 893 893 894 895 895 896 896 897 898 899 899 900 901 900 901 902 902 903 903 904 905 905 905 905 906 906 907 907 908 908 909 908 909 909 909 910 910 911 911 910 911 911 911 912
810 810 810 810 810 810 810 810 879 879 879 879 879 878 878 878 878 878 878 878 878 878 878 878 878 878 878 878 878 878 877 877 878 879 880 881 882 884 885 886 887 888 889 889 890 891 892 892 893 894 895 896 897 897 897 898 899 899 900 901 901 902 903 903 903 903 904 905 905 906 906 907 907 907 907 908 908 909 909 910 910 909 910 910 911 911 911 912 911 911 912 912
810 810 810 810 810 810 810 879 879 879 879 879 879 879 879 879 879 879 878 878 878 878 878 878 878 878 878 878 878 878 878 878 879 881 881 882 883 884 885 886 887 888 889 890 891 892 892 893 894 895 896 896 897 898 899 899 900 900 901 901 902 902 903 904 904 905 905 905 906 906 907 907 908 908 909 908 909 909 910 910 911 911 911 911 911 912 912 912 913 913 912 913
834 810 810 810 810 810 810 879 879 879 879 879 879 879 879 879 879 879 879 879 879 879 879 878 878 878 878 878 878 878 878 879 880 881 883 884 885 885 886 887 888 889 890 891 892 893 894 895 895 895 896 897 898 898 899 900 901 901 902 902 902 903 904 904 905 905 906 907 906 907 907 908 908 909 909 910 910 910 910 911 911 911 912 912 912 912 912 913 913 913 914 914
834 834 834 811 811 811 880 880 880 879 879 879 879 879 879 879 879 879 879 879 879 879 879 879 879 879 879 878 878 878 878 880 881 882 883 884 886 887 888 889 890 890 891 892 893 893 894 895 896 897 898 899 898 899 900 901 901 902 903 903 904 904 904 905 905 906 907 907 908 908 908 908 909 909 910 910 911 911 911 911 912 912 912 913 913 914 913 913 914 914 914 915
834 834 834 834 811 811 880 880 880 880 880 880 880 880 879 879 879 879 879 879 879 879 879 879 879 879 879 879 879 879 880 880 882 883 884 885 886 887 888 889 890 891 892 893 893 894 895 896 897 897 898 899 900 901 900 901 902 902 903 904 904 905 906 906 906 907 907 908 908 909 909 910 909 910 910 911 911 912 912 913 912 912 913 913 914 914 914 915 914 914 915 915
834 834 834 834 834 880 880 880 880 880 880 880 880 880 880 880 880 880 880 880 879 879 879 879 879 879 879 879 879 880 881 882 883 885 886 886 887 888 889 890 891 892 893 894 895 896 896 896 897 898 899 900 900 901 902 903 903 903 904 904 905 906 906 907 907 908 908 908 909 909 910 910 911 911 911 911 912 912 913 913 913 914 913 914 914 914 915 915 916 916 915 916
835 835 835 834 834 903 903 880 880 880 880 880 880 880 880 880 880 880 880 880 880 880 880 880 879 879 879 879 879 880 882 883 884 885 886 887 889 890 890 891 892 893 894 895 895 896 897 898 899 899 899 900 901 902 902 903 904 905 905 905 906 906 907 907 908 909 909 910 909 910 910 911 911 912 912 913 912 913 913 914 914 914 915 915 915 915 915 916 916 916 917 916
835 835 835 835 904 904 904 904 881 881 880 880 880 880 880 880 880 880 880 880 880 880 880 880 880 880 880 880 880 881 882 884 885 886 887 888 889 890 891 892 893 893 894 895 896 897 898 899 899 900 901 902 902 902 903 904 904 905 906 906 907 907 907 908 909 909 910 910 911 911 911 911 912 912 913 913 914 914 914 914 914 915 915 916 916 916 916 916 916 917 917 917
835 835 835 835 904 904 904 904 904 904 881 881 881 881 881 881 880 880 880 880 880 880 880 880 880 880 880 880 882 883 884 885 885 887 888 889 890 891 892 893 894 895 896 897 897 897 898 899 900 901 902 902 903 904 904 904 905 906 906 907 908 908 909 909 909 910 910 911 911 912 912 913 912 913 913 914 914 915 915 916 915 915 916 916 916 917 917 917 917 917 918 918
835 835 835 904 904 904 904 904 904 904 904 881 881 881 881 881 881 881 881 881 881 880 880 880 880 880 880 881 882 884 885 886 887 888 889 889 891 892 893 894 895 895 896 897 898 899 900 900 901 901 902 903 904 904 905 906 906 906 907 907 908 909 909 910 911 911 911 911 912 912 913 913 914 914 914 914 915 915 916 916 916 917 916 917 917 917 918 918 918 918 918 918
836 836 836 905 905 904 904 904 904 904 904 904 881 881 881 881 881 881 881 881 881 881 881 881 881 880 880 882 883 884 885 887 888 889 890 891 892 893 893 894 895 896 897 898 899 900 900 901 902 902 903 903 904 905 906 906 907 908 908 908 909 909 910 910 911 912 912 913 912 913 913 914 914 915 915 916 915 916 916 916 917 917 918 918 917 918 918 918 919 919 919 1066
836 836 836 905 905 905 905 905 905 905 905 905 904 904 881 881 881 881 881 881 881 881 881 881 881 881 882 883 885 885 886 887 888 890 891 892 893 894 895 896 897 897 898 898 899 900 901 902 903 903 904 905 905 905 906 907 908 908 909 909 910 910 910 911 912 912 913 913 914 914 914 914 915 915 916 916 917 917 916 917 917 918 918 918 919 918 919 919 919 920 920 1067
836 836 905 905 905 905 905 905 905 905 905 905 905 905 905 882 882 881 881 881 881 881 881 881 881 882 883 884 885 887 888 889 889 890 891 892 893 894 895 896 897 898 899 900 900 901 902 902 903 904 905 905 906 907 907 907 908 909 909 910 911 911 912 911 912 913 913 914 914 915 915 916 915 916 916 917 917 918 918 918 918 918 919 919 919 920 920 919 920 920 920 1068
836 836 905 905 905 905 905 905 905 905 905 905 905 905 905 905 905 882 882 882 882 882 881 881 881 882 884 885 886 887 888 890 891 892 893 894 894 895 896 897 898 899 900 901 901 902 903 903 904 905 905 906 907 907 908 909 910 909 910 910 911 912 912 913 913 914 914 914 915 915 916 916 917 917 917 917 918 918 918 919 919 919 919 919 920 920 920 921 921 920 921 1068
837 906 906 906 906 906 906 905 905 905 905 905 905 905 905 905 905 905 882 882 882 882 882 882 883 884 884 886 887 888 889 890 891 892 894 895 896 897 898 898 898 899 900 901 902 903 904 904 905 905 906 907 907 908 909 909 910 911 911 911 912 912 913 913 914 915 915 916 915 916 916 917 917 918 918 919 918 918 919 919 920 920 920 920 920 921 921 921 922 922 921 1069
837 906 906 906 906 906 906 906 906 906 906 906 906 905 905 905 905 905 905 882 882 882 882 882 883 885 886 887 888 889 890 891 892 893 894 895 896 897 898 899 900 901 901 902 903 903 904 905 906 907 907 908 908 908 909 910 911 911 912 912 913 913 913 914 914 915 916 916 917 917 917 917 918 918 919 919 919 919 919 920 920 921 921 921 922 921 921 922 922 922 923 1198
906 906 906 906 906 906 906 906 906 906 906 906 906 906 906 906 906 906 905 905 882 882 882 883 884 885 887 888 889 890 891 893 894 894 895 896 897 898 899 900 901 902 902 903 903 904 905 906 906 907 908 909 909 910 910 910 911 912 912 913 914 914 915 914 915 915 916 917 917 918 918 918 918 919 919 919 920 920 921 920 921 921 921 922 922 922 922 922 922 923 1051 1198
907 907 906 906 906 906 906 906 906 906 906 906 906 906 906 906 906 906 906 906 906 906 882 883 885 886 887 889 890 891 892 893 894 895 896 897 897 898 899 900 901 902 903 904 905 905 906 906 907 908 908 909 910 911 911 912 913 912 913 913 914 915 915 916 916 916 916 917 918 918 919 919 920 919 919 920 920 921 921 922 922 921 922 922 923 923 923 924 923 1051 1052 1199
907 907 907 907 907 907 907 907 907 906 906 906 906 906 906 906 906 906 906 906 906 906 907 885 886 888 888 889 890 892 893 894 895 896 897 898 899 900 901 901 902 903 903 904 905 906 907 908 908 909 909 910 910 911 912 912 913 914 914 914 915 915 916 916 917 917 918 917 918 918 919 919 920 920 921 920 921 921 922 922 922 923 923 923 923 923 924 924 1052 1053 1052 1199
907 907 907 907 907 907 907 907 907 907 907 907 907 907 906 906 906 906 906 906 906 906 907 909 887 888 890 891 892 893 893 894 895 897 898 899 900 901 901 902 903 904 904 905 906 907 907 908 909 910 910 911 911 912 912 913 914 914 915 915 916 916 916 917 917 918 918 919 919 919 919 920 920 921 921 922 922 922 922 922 923 923 924 924 923 924 924 1052 1053 1053 1053 1249
907 907 907 907 907 907 907 907 907 907 907 907 907 907 907 907 907 907 907 906 906 907 908 909 911 889 890 891 893 894 895 896 897 897 898 899 900 901 902 903 904 905 906 906 907 907 908 909 909 910 911 912 912 913 913 913 914 915 915 916 916 917 918 917 918 918 919 919 920 920 921 920 921 921 922 922 923 923 923 923 923 924 924 924 925 925 1052 1053 1053 1102 1103 1250
908 908 908 908 907 907 907 907 907 907 907 907 907 907 907 907 907 907 907 907 907 908 910 910 911 913 891 892 893 894 896 897 898 899 900 901 901 902 903 903 904 905 906 907 908 909 909 909 910 911 911 912 913 913 914 915 915 915 916 916 917 918 918 919 919 919 919 920 920 921 921 922 922 922 922 923 923 924 924 924 924 924 924 925 925 926 1054 1053 1103 1103 1103 1250
908 908 908 908 908 908 908 908 908 908 907 907 907 907 907 907 907 907 907 907 908 909 910 912 913 914 916 916 894 895 896 897 898 899 900 901 902 903 904 904 905 906 907 907 908 909 910 911 911 912 912 913 913 914 915 915 916 917 917 917 917 918 919 919 920 920 921 920 921 921 922 922 923 923 924 923 924 924 924 925 925 926 925 925 926 1054 1054 1104 1104 1103 1104 1251
908 908 908 908 908 908 908 908 908 908 908 908 908 908 908 908 907 907 907 907 908 910 911 912 914 915 916 917 918 897 897 898 899 900 901 902 903 904 905 906 906 907 907 908 909 910 910 911 912 913 913 914 914 914 915 916 916 917 918 918 919 918 919 920 920 921 921 922 922 922 922 923 923 924 924 925 925 924 925 925 926 926 926 927 1054 1054 1104 1104 1104 1105 1105 1251
