testData/tiles/oneDegree/grid29.0-43.0-30.0-44.0.asc
ncols   200
nrows   200
xllcorner   29.0
yllcorner   43.0
cellsize   0.005
NODATA_value   -9999.0
[rows 126 to 167 of 200, columns 94 to 187 of 200]
658 658 658 658 658 658 658 658 658 658 657 657 658 658 658 658 658 658 658 657 657 657 657 657 657 657 657 656 656 656 656 656 656 656 656 655 378 378 378 378 378 377 377 377 377 377 377 376 376 376 376 376 376 375 375 375 375 375 374 375 375 375 375 374 374 374 374 374 373 373 373 373 372 372 372 372 371 371 371 371 370 370 370 370 369 369 369 369 368 368 368 367 165 165
658 658 658 658 658 658 657 657 657 657 657 658 658 658 658 658 657 657 657 657 657 657 657 657 656 656 656 656 656 656 656 656 655 655 655 378 378 378 377 377 377 377 377 377 377 376 376 376 376 376 375 375 375 375 375 375 374 374 375 375 375 374 374 374 374 373 373 373 373 373 372 372 372 372 371 371 371 371 370 370 370 370 369 369 369 369 368 368 368 368 367 367 165 164
658 657 657 657 657 657 657 657 657 657 657 658 657 657 657 657 657 657 657 657 657 656 656 656 656 656 656 656 656 655 655 655 655 655 378 378 377 377 377 377 377 377 376 376 376 376 376 376 375 375 375 375 375 374 374 374 374 374 375 374 374 374 374 373 373 373 373 373 372 372 372 372 371 371 371 371 371 370 370 370 370 369 369 369 368 368 368 368 367 367 367 367 366 164
657 657 657 657 657 657 657 657 656 656 656 657 657 657 657 657 657 656 656 656 656 656 656 656 656 655 655 655 655 655 655 655 655 377 377 377 377 377 377 376 376 376 376 376 376 375 375 375 375 375 375 374 374 374 374 374 373 374 374 374 374 373 373 373 373 373 372 372 372 372 371 371 371 371 371 370 370 370 370 369 369 369 369 368 368 368 367 367 367 367 366 366 366 163
657 657 657 656 656 656 656 656 656 656 656 657 657 656 656 656 656 656 656 656 656 656 655 655 655 655 655 655 655 655 654 654 377 377 377 377 377 376 376 376 376 376 376 375 375 375 375 375 375 374 374 374 374 374 373 373 373 374 374 373 373 373 373 373 372 372 372 372 371 371 371 371 371 370 370 370 370 369 369 369 369 368 368 368 368 367 367 367 366 366 366 366 365 163
656 656 656 656 656 656 656 656 656 655 656 656 656 656 656 656 656 656 655 655 655 655 655 655 655 655 655 654 654 654 377 377 377 377 376 376 376 376 376 376 375 375 375 375 375 375 374 374 374 374 374 374 373 373 373 373 374 373 373 373 373 373 372 372 372 372 371 371 371 371 371 370 370 370 370 369 369 369 369 368 368 368 368 367 367 367 367 366 366 366 365 365 365 163
656 656 656 656 656 655 655 655 655 655 656 656 656 656 656 655 655 655 655 655 655 655 655 654 654 654 654 654 654 377 377 376 376 376 376 376 376 375 375 375 375 375 375 375 374 374 374 374 374 373 373 373 373 373 373 372 373 373 373 373 372 372 372 372 371 371 371 371 371 370 370 370 370 369 369 369 369 368 368 368 368 367 367 367 367 366 366 366 365 365 365 365 364 162
655 655 655 655 655 655 655 655 655 655 656 655 655 655 655 655 655 655 655 655 654 654 654 654 654 654 654 653 376 376 376 376 376 376 375 375 375 375 375 375 375 374 374 374 374 374 374 373 373 373 373 373 372 372 372 372 373 372 372 372 372 372 371 371 371 371 371 370 370 370 370 369 369 369 369 368 368 368 368 367 367 367 367 366 366 366 366 365 365 365 364 364 364 162
655 655 655 655 655 655 654 654 654 654 655 655 655 655 655 655 654 654 654 654 654 654 654 654 653 653 653 376 376 376 376 375 375 375 375 375 375 375 374 374 374 374 374 374 373 373 373 373 373 373 372 372 372 372 372 372 372 372 372 372 371 371 371 371 371 370 370 370 370 369 369 369 369 368 368 368 368 367 367 367 367 366 366 366 366 365 365 365 364 364 364 364 363 161
655 654 654 654 654 654 654 654 654 655 655 655 654 654 654 654 654 654 654 654 654 653 653 653 653 376 376 376 375 375 375 375 375 375 375 374 374 374 374 374 374 373 373 373 373 373 373 372 372 372 372 372 372 371 371 372 372 372 371 371 371 371 370 370 370 370 370 369 369 369 369 368 368 368 368 367 367 367 367 366 366 366 366 365 365 365 365 364 364 364 363 363 363 363
654 654 654 654 654 654 654 654 653 654 654 654 654 654 654 654 654 653 653 653 653 653 653 653 376 375 375 375 375 375 375 375 374 374 374 374 374 374 374 373 373 373 373 373 373 372 372 372 372 372 371 371 371 371 371 371 371 371 371 371 370 370 370 370 370 369 369 369 369 368 368 368 368 367 367 367 367 366 366 366 366 365 365 365 365 364 364 364 363 363 363 363 362 362
654 654 654 653 653 653 653 653 653 654 654 654 654 653 653 653 653 653 653 653 653 653 652 375 375 375 375 375 375 374 374 374 374 374 374 374 373 373 373 373 373 373 372 372 372 372 372 372 371 371 371 371 371 370 371 371 371 371 370 370 370 370 370 369 369 369 369 368 368 368 368 367 367 367 367 366 366 366 366 365 365 365 365 364 364 364 364 363 363 363 362 362 362 362
653 653 653 653 653 653 653 653 653 653 653 653 653 653 653 653 653 653 652 652 652 652 375 375 375 375 374 374 374 374 374 374 374 373 373 373 373 373 373 372 372 372 372 372 372 371 371 371 371 371 371 370 370 370 371 371 370 370 370 370 369 369 369 369 369 368 368 368 368 367 367 367 367 367 366 366 366 365 365 365 365 364 364 364 364 363 363 363 362 362 362 362 361 361
653 653 653 653 652 652 652 652 653 653 653 653 653 653 652 652 652 652 652 652 375 375 374 374 374 374 374 374 374 374 373 373 373 373 373 373 372 372 372 372 372 372 371 371 371 371 371 371 370 370 370 370 370 369 370 370 370 370 369 369 369 369 369 368 368 368 368 367 367 367 367 366 366 366 366 366 365 365 365 364 364 364 364 363 363 363 363 362 362 362 361 361 361 361
652 652 652 652 652 652 652 652 653 653 652 652 652 652 652 652 652 652 652 374 374 374 374 374 374 374 373 373 373 373 373 373 373 372 372 372 372 372 372 372 371 371 371 371 371 370 370 370 370 370 370 369 369 370 370 370 369 369 369 369 369 368 368 368 368 367 367 367 367 366 366 366 366 366 365 365 365 364 364 364 364 363 363 363 363 362 362 362 361 361 361 361 361 361
652 652 652 652 652 651 651 651 652 652 652 652 652 652 652 651 651 651 374 374 374 374 374 373 373 373 373 373 373 373 372 372 372 372 372 372 372 371 371 371 371 371 371 370 370 370 370 370 369 369 369 369 369 370 369 369 369 369 368 368 368 368 368 367 367 367 367 366 366 366 366 366 365 365 365 365 364 364 364 363 363 363 363 362 362 362 362 361 361 361 361 361 361 361
651 651 651 651 651 651 651 651 652 652 652 651 651 651 651 651 374 374 374 373 373 373 373 373 373 373 373 372 372 372 372 372 372 372 371 371 371 371 371 371 370 370 370 370 370 370 369 369 369 369 369 368 368 369 369 369 368 368 368 368 368 367 367 367 367 366 366 366 366 365 365 365 365 365 364 364 364 363 363 363 363 362 362 362 362 361 361 361 361 361 361 361 361 361
651 651 651 651 651 651 650 651 651 651 651 651 651 651 651 374 373 373 373 373 373 373 373 373 372 372 372 372 372 372 372 371 371 371 371 371 371 370 370 370 370 370 370 369 369 369 369 369 369 368 368 368 368 369 368 368 368 368 367 367 367 367 367 366 366 366 366 365 365 365 365 365 364 364 364 363 363 363 363 362 362 362 362 361 361 361 361 361 361 361 361 361 361 361
651 650 650 650 650 650 650 651 651 651 651 650 650 650 373 373 373 373 373 373 372 372 372 372 372 372 372 372 371 371 371 371 371 371 370 370 370 370 370 370 369 369 369 369 369 369 368 368 368 368 368 367 368 368 368 368 367 367 367 367 367 366 366 366 366 365 365 365 365 364 364 364 364 363 363 363 363 362 362 362 362 361 361 361 361 361 361 361 361 361 361 361 361 361
650 650 650 650 650 650 650 650 650 650 650 650 373 373 373 373 372 372 372 372 372 372 372 372 371 371 371 371 371 371 371 370 370 370 370 370 370 369 369 369 369 369 369 368 368 368 368 368 368 367 367 367 368 368 367 367 367 367 367 366 366 366 366 365 365 365 365 364 364 364 364 363 363 363 363 362 362 362 362 361 361 361 361 361 361 361 361 361 361 361 361 361 361 361
650 650 649 649 649 649 649 650 650 650 650 373 372 372 372 372 372 372 372 372 371 371 371 371 371 371 371 371 370 370 370 370 370 370 369 369 369 369 369 369 369 368 368 368 368 368 367 367 367 367 367 366 367 367 367 367 366 366 366 366 366 365 365 365 365 364 364 364 364 363 363 363 363 362 362 362 362 361 361 361 361 361 361 361 361 361 361 361 361 361 361 361 361 361
649 649 649 649 649 649 649 650 649 372 372 372 372 372 372 372 372 371 371 371 371 371 371 371 370 370 370 370 370 370 370 369 369 369 369 369 369 369 368 368 368 368 368 367 367 367 367 367 367 366 366 366 367 367 366 366 366 366 365 365 365 365 365 364 364 364 364 363 363 363 363 362 362 362 362 361 361 361 361 361 361 361 361 361 361 361 361 361 361 361 361 361 361 361
649 649 649 648 648 648 649 649 372 372 372 372 372 371 371 371 371 371 371 371 371 370 370 370 370 370 370 370 369 369 369 369 369 369 369 368 368 368 368 368 368 367 367 367 367 367 366 366 366 366 366 366 366 366 366 366 365 365 365 365 365 364 364 364 364 363 363 363 363 362 362 362 362 361 361 361 361 361 361 361 361 361 361 361 361 361 361 361 361 361 361 361 361 361
648 648 648 648 648 648 372 372 371 371 371 371 371 371 371 371 371 370 370 370 370 370 370 370 370 369 369 369 369 369 369 369 368 368 368 368 368 368 367 367 367 367 367 366 366 366 366 366 366 365 365 366 366 366 365 365 365 365 364 364 364 364 364 363 363 363 363 362 362 362 362 361 361 361 361 361 361 361 361 361 361 361 361 361 361 361 361 361 361 361 361 361 361 361
648 648 648 647 647 370 371 371 371 371 371 371 371 370 370 370 370 370 370 370 370 369 369 369 369 369 369 369 368 368 368 368 368 368 368 367 367 367 367 367 367 366 366 366 366 366 365 365 365 365 365 365 365 365 365 365 364 364 364 364 364 363 363 363 363 362 362 362 362 361 361 361 361 361 361 361 361 361 361 361 361 361 361 361 361 361 361 361 361 361 361 361 361 361
647 647 647 647 370 370 371 371 371 370 370 370 370 370 370 370 370 369 369 369 369 369 369 369 369 368 368 368 368 368 368 368 367 367 367 367 367 367 366 366 366 366 366 365 365 365 365 365 365 364 364 365 365 365 364 364 364 364 363 363 363 363 363 362 362 362 362 361 361 361 361 361 361 361 361 361 361 361 361 361 361 361 361 361 361 361 361 361 361 361 361 361 361 361
647 647 370 370 369 369 370 370 370 370 370 370 370 369 369 369 369 369 369 369 369 368 368 368 368 368 368 368 367 367 367 367 367 367 367 366 366 366 366 366 366 365 365 365 365 365 364 364 364 364 365 364 364 364 364 364 363 363 363 363 362 362 362 362 362 361 361 361 361 361 361 361 361 361 361 361 361 361 361 361 361 361 361 361 361 361 361 361 361 361 361 361 361 361
646 369 369 369 369 369 370 370 370 369 369 369 369 369 369 369 369 368 368 368 368 368 368 368 368 367 367 367 367 367 367 367 366 366 366 366 366 366 365 365 365 365 365 364 364 364 364 364 363 363 364 364 364 363 363 363 363 363 362 362 362 362 361 361 361 361 361 361 361 361 361 361 361 361 361 361 361 361 361 361 361 361 361 361 361 361 361 361 361 361 361 361 361 361
369 369 369 369 368 368 369 369 369 369 369 369 369 368 368 368 368 368 368 368 368 367 367 367 367 367 367 367 366 366 366 366 366 366 366 365 365 365 365 365 364 364 364 364 364 364 363 363 363 363 364 363 363 363 363 363 362 362 362 362 361 361 361 361 361 361 361 361 361 361 361 361 361 361 361 361 361 361 361 361 361 361 361 361 361 361 361 361 361 361 361 361 361 361
368 368 368 368 368 369 369 369 369 368 368 368 368 368 368 368 368 367 367 367 367 367 367 367 367 366 366 366 366 366 366 365 365 365 365 365 365 364 364 364 364 364 364 363 363 363 363 363 362 362 363 363 363 362 362 362 362 362 361 361 361 361 361 361 361 361 361 361 361 361 361 361 361 361 361 361 361 361 361 361 361 361 361 361 361 361 361 361 361 361 361 361 361 361
368 368 368 368 367 368 368 368 368 368 368 368 368 367 367 367 367 367 367 367 367 366 366 366 366 366 366 366 365 365 365 365 365 365 364 364 364 364 364 364 363 363 363 363 363 363 362 362 362 362 363 362 362 362 362 361 361 361 361 361 361 361 361 361 361 361 361 361 361 361 361 361 361 361 361 361 361 361 361 361 361 361 361 361 361 361 361 361 361 361 361 361 361 361
367 367 367 367 367 368 368 368 368 367 367 367 367 367 367 367 367 366 366 366 366 366 366 366 366 365 365 365 365 365 365 364 364 364 364 364 364 363 363 363 363 363 363 362 362 362 362 362 361 362 362 362 362 361 361 361 361 361 361 361 361 361 361 361 361 361 361 361 361 361 361 361 361 361 361 361 361 361 361 361 361 361 361 361 361 361 361 361 361 361 361 361 361 361
367 367 367 367 366 367 367 367 367 367 367 367 367 366 366 366 366 366 366 366 366 365 365 365 365 365 365 365 364 364 364 364 364 364 363 363 363 363 363 363 362 362 362 362 362 361 361 361 361 362 361 361 361 361 361 361 361 361 361 361 361 361 361 361 361 361 361 361 361 361 361 361 361 361 361 361 361 361 361 361 361 361 361 361 361 361 361 361 361 361 361 361 361 361
366 366 366 366 366 367 367 367 367 366 366 366 366 366 366 366 366 365 365 365 365 365 365 365 364 364 364 364 364 364 364 363 363 363 363 363 363 362 362 362 362 362 361 361 361 361 361 360 360 361 361 361 361 361 361 361 361 361 361 361 361 361 361 361 361 361 361 361 361 361 361 361 361 361 361 361 361 361 361 361 361 361 361 361 361 361 361 361 361 361 361 361 361 361
366 366 366 366 365 366 366 366 366 366 366 366 366 365 365 365 365 365 365 365 365 364 364 364 364 364 364 364 363 363 363 363 363 363 362 362 362 362 362 361 361 361 361 361 361 360 360 360 360 361 361 361 361 361 361 361 361 361 361 361 361 361 361 361 361 361 361 361 361 361 361 361 361 361 361 361 361 361 361 361 361 361 361 361 361 361 361 361 361 361 361 361 361 361
365 365 365 365 365 366 366 366 365 365 365 365 365 365 365 365 365 364 364 364 364 364 364 364 363 363 363 363 363 363 363 362 362 362 362 362 361 361 361 361 361 361 360 360 360 360 360 360 360 361 361 361 361 361 361 361 361 361 361 361 361 361 361 361 361 361 361 361 361 361 361 361 361 361 361 361 361 361 361 361 361 361 361 361 361 361 361 361 361 361 361 361 361 362
365 365 365 364 364 365 365 365 365 365 365 365 364 364 364 364 364 364 364 364 363 363 363 363 363 363 363 362 362 362 362 362 362 361 361 361 361 361 361 360 360 360 360 360 360 360 360 360 360 361 361 361 361 361 361 361 361 361 361 361 361 361 361 361 361 361 361 361 361 361 361 361 361 361 361 361 361 361 361 361 361 361 361 361 361 361 361 361 361 361 361 361 361 362
364 364 364 364 364 365 365 365 364 364 364 364 364 364 364 364 363 363 363 363 363 363 363 363 362 362 362 362 362 362 361 361 361 361 361 361 360 360 360 360 360 360 360 360 360 360 360 360 360 361 361 361 361 361 361 361 361 361 361 361 361 361 361 361 361 361 361 361 361 361 361 361 361 361 361 361 361 361 361 361 361 361 361 361 361 361 361 361 361 361 361 361 361 362
364 364 364 363 364 364 364 364 364 364 364 364 363 363 363 363 363 363 363 363 362 362 362 362 362 362 362 361 361 361 361 361 361 360 360 360 360 360 360 360 360 360 360 360 360 360 360 360 360 361 361 361 361 361 361 361 361 361 361 361 361 361 361 361 361 361 361 361 361 361 361 361 361 361 361 361 361 361 361 361 361 361 361 361 361 361 361 361 361 361 361 361 361 362
363 363 363 363 364 364 364 363 363 363 363 363 363 363 363 363 362 362 362 362 362 362 362 361 361 361 361 361 361 360 360 360 360 360 360 360 360 360 360 360 360 360 360 360 360 360 360 360 361 361 361 361 361 361 361 361 361 361 361 361 361 361 361 361 361 361 361 361 361 361 361 361 361 361 361 361 361 361 361 361 361 361 361 361 361 361 361 361 361 361 361 361 361 362
363 363 362 362 363 363 363 363 363 363 363 362 362 362 362 362 362 362 362 361 361 361 361 361 361 361 360 360 360 360 360 360 360 360 360 360 360 360 360 360 360 360 360 360 360 360 360 360 361 361 361 361 361 361 361 361 361 361 361 361 361 361 361 361 361 361 361 361 361 361 361 361 361 361 361 361 361 361 361 361 361 361 361 361 361 361 361 361 361 361 361 361 361 362
362 362 362 362 363 363 362 362 362 362 362 362 362 362 362 361 361 361 361 361 361 361 360 360 360 360 360 360 360 360 360 360 360 360 360 360 360 360 360 360 360 360 360 360 360 360 360 360 361 361 361 361 361 361 361 361 361 361 361 361 361 361 361 361 361 361 361 361 361 361 361 361 361 361 361 361 361 361 361 361 361 361 361 361 361 361 361 361 361 361 361 361 362 362
