testData/tiles/oneDegree/grid2.0-5.0-3.0-6.0.asc
ncols   200
nrows   200
xllcorner   2.0
yllcorner   5.0
cellsize   0.005
NODATA_value   -9999.0
[rows 42 to 83 of 200, columns 94 to 187 of 200]
547 547 547 547 547 547 547 547 547 547 547 547 547 547 547 547 547 547 547 547 547 480 480 480 480 480 480 480 607 607 607 607 607 609 610 611 611 611 612 612 613 613 613 614 614 614 615 615 615 615 615 615 615 615 615 615 616 616 617 617 618 619 619 620 621 622 623 623 624 624 625 626 626 627 626 627 627 628 628 628 627 627 627 628 628 628 627 627 627 626 626 626 624 624
547 547 547 547 547 547 547 547 547 547 547 547 547 547 547 547 547 547 547 547 480 480 480 480 480 480 480 480 480 606 606 606 606 608 609 610 611 611 612 612 613 613 614 614 614 615 614 614 614 615 615 615 615 615 615 616 615 616 617 618 618 619 620 621 622 622 623 624 624 625 626 626 626 627 627 628 628 629 628 628 629 628 628 629 628 628 628 628 628 628 626 626 625 625
567 546 546 546 546 546 546 546 546 546 546 546 546 546 546 546 546 546 546 479 479 479 479 479 479 479 479 479 479 606 606 606 608 608 609 610 611 612 612 613 612 612 613 613 613 614 614 614 614 615 615 615 614 614 615 615 616 617 617 618 619 619 621 621 622 623 624 624 625 625 625 626 627 627 628 628 628 628 629 629 630 630 629 629 629 629 629 629 628 628 628 627 626 625
567 546 546 546 546 546 546 546 546 546 546 546 546 546 546 546 546 546 479 479 479 479 479 479 479 479 479 479 479 479 606 606 608 609 609 610 610 611 611 612 612 613 613 613 614 614 614 614 614 614 614 614 614 615 615 615 616 617 617 618 619 620 621 622 623 623 623 624 625 625 626 627 627 627 628 628 629 629 630 630 630 630 630 631 630 630 629 629 629 629 629 628 626 626
566 566 545 545 545 545 546 546 546 546 546 546 546 546 546 546 546 479 479 479 479 479 479 478 478 478 478 478 478 478 605 605 607 608 609 610 610 611 612 612 612 613 613 612 613 613 613 614 614 614 614 614 615 615 614 615 616 616 617 619 620 621 622 621 622 623 624 625 625 626 627 627 627 628 628 629 630 629 630 630 631 631 631 631 631 631 630 630 630 629 629 628 628 627
566 566 566 545 545 545 545 545 545 545 545 545 545 545 545 545 478 478 478 478 478 478 478 478 478 478 478 478 478 478 478 607 608 609 609 610 611 610 611 611 612 612 612 613 613 613 613 614 614 614 613 613 614 614 614 615 616 617 619 620 619 620 621 622 623 624 624 625 625 626 626 627 628 629 629 629 629 630 631 631 631 631 631 631 632 632 632 630 630 630 630 629 629 627
566 566 566 566 545 545 545 545 545 545 545 545 545 545 545 478 478 478 478 478 478 478 478 478 478 478 478 478 478 477 477 479 607 608 609 609 610 610 611 611 612 612 612 613 613 613 613 613 613 613 613 614 614 614 615 616 615 617 618 619 620 621 622 623 623 623 624 625 626 626 627 628 628 628 629 630 630 631 631 631 631 632 632 632 633 632 632 632 631 631 631 629 629 629
565 565 565 565 544 544 544 544 544 544 544 544 544 477 477 477 477 477 477 477 477 477 477 477 477 477 477 477 477 477 477 479 607 608 609 610 610 611 611 612 611 611 612 612 612 612 613 613 613 613 614 614 614 613 614 615 617 618 619 620 620 621 621 622 623 624 625 625 626 627 627 627 628 629 630 630 631 631 631 632 632 633 633 632 633 633 633 633 633 631 631 630 630 630
565 565 565 565 565 544 544 544 544 544 544 544 477 477 477 477 477 477 477 477 477 477 477 477 477 477 477 477 477 477 479 480 481 609 608 609 609 610 610 611 611 611 612 612 612 613 613 613 612 612 613 613 613 613 614 615 617 618 619 619 620 621 622 622 623 624 625 626 627 627 628 629 630 631 630 631 632 632 632 632 633 632 633 633 633 634 634 633 633 632 631 631 631 629
564 564 564 564 564 564 543 544 544 544 544 477 477 477 477 477 477 477 477 477 477 477 476 476 476 476 476 476 476 476 478 479 480 608 608 609 610 610 610 611 611 612 612 611 611 612 612 612 612 613 613 613 613 614 615 616 617 617 618 619 620 621 622 623 623 625 625 626 627 628 629 630 629 630 631 632 632 633 633 633 633 633 634 634 634 634 634 634 634 634 632 631 631 630
564 564 564 564 564 564 564 543 543 543 476 476 476 476 476 476 476 476 476 476 476 476 476 476 476 476 476 476 476 476 478 479 480 481 609 609 610 609 610 610 610 611 611 611 612 612 612 612 613 613 613 612 612 613 615 616 617 618 619 620 621 620 621 623 624 625 626 627 628 627 628 629 630 631 632 632 632 633 633 634 635 635 634 634 634 635 635 635 634 634 633 632 632 631
564 564 564 564 564 564 564 543 543 476 476 476 476 476 476 476 476 476 476 476 476 476 476 476 476 476 476 476 476 477 478 479 480 480 608 608 609 609 610 610 611 611 611 611 612 612 611 611 612 612 612 612 612 614 615 616 617 617 618 619 620 621 623 624 625 625 625 626 627 628 629 630 631 630 631 632 633 633 634 635 634 635 635 635 635 636 635 635 635 635 634 634 631 631
563 563 563 563 563 563 563 496 475 475 475 475 475 475 475 475 475 475 475 475 475 475 475 475 475 475 475 475 475 477 478 479 480 481 481 609 609 610 610 610 611 610 610 611 611 611 611 612 612 612 612 612 614 614 615 615 616 617 618 619 620 622 623 623 624 625 626 627 627 628 628 629 630 631 632 632 633 634 634 635 635 636 636 637 635 635 636 636 636 635 634 634 633 632
563 563 563 563 563 563 496 496 475 475 475 475 475 475 475 475 475 475 475 475 475 475 475 475 475 475 475 475 475 477 478 479 480 481 480 608 608 609 609 609 610 610 610 611 611 611 611 612 612 611 611 611 613 614 615 616 617 618 619 619 620 621 622 623 624 625 626 627 627 628 629 630 630 631 632 632 633 634 634 635 636 637 636 637 637 637 637 637 636 635 635 635 634 633
562 562 562 562 562 495 495 495 496 475 475 475 475 475 475 475 475 475 475 475 475 474 474 474 474 474 474 474 476 477 478 479 479 480 480 481 608 609 609 610 610 610 611 611 610 610 611 611 611 611 611 612 613 614 615 615 616 617 619 620 621 622 623 623 623 624 625 626 627 628 629 630 630 631 632 632 633 634 635 635 636 636 637 637 638 638 638 637 637 636 636 635 635 634
562 562 562 562 495 495 495 495 495 495 474 474 474 474 474 474 474 474 474 474 474 474 474 474 474 474 474 474 476 477 478 479 480 480 481 481 609 608 608 609 609 609 610 610 610 610 611 611 611 611 612 611 612 613 614 615 616 617 619 620 621 621 622 623 624 625 626 626 627 627 628 629 630 631 632 633 634 634 634 635 636 637 638 637 638 638 639 638 638 637 637 636 636 635
562 562 495 495 495 495 495 495 495 495 474 474 474 474 474 474 474 474 474 474 474 474 474 474 474 474 474 474 476 476 477 478 479 479 480 480 481 608 609 609 609 610 610 610 610 611 610 610 610 610 611 611 612 613 614 615 616 617 618 619 620 621 622 623 624 625 625 626 627 628 629 629 630 631 631 632 633 634 635 636 637 636 637 638 639 639 639 640 638 638 638 637 636 635
561 494 494 494 494 494 494 494 494 494 494 473 473 473 473 473 473 473 473 473 473 473 473 473 473 473 473 475 476 477 478 478 479 480 480 480 481 481 609 609 609 609 609 609 609 610 610 610 610 611 611 611 612 612 613 614 616 617 618 619 620 621 622 622 623 624 625 626 627 628 629 629 630 631 632 632 633 634 634 635 636 637 638 639 639 640 640 641 640 639 638 638 637 636
494 494 494 494 494 494 494 494 494 494 494 473 473 473 473 473 473 473 473 473 473 473 473 473 473 473 473 475 476 477 478 479 479 480 479 480 480 480 608 608 608 609 609 609 610 610 610 610 610 610 610 610 611 612 613 615 616 617 618 619 619 620 621 622 623 624 625 626 627 628 629 630 631 632 633 634 634 634 635 635 636 637 638 639 640 641 641 642 641 641 639 638 637 639
493 493 493 493 493 493 493 493 493 494 494 494 473 473 473 473 473 473 473 473 472 472 472 472 472 472 472 474 475 476 477 478 478 479 479 480 480 481 481 608 609 609 609 609 609 609 609 609 610 610 610 611 611 612 614 615 615 616 617 618 619 620 621 622 623 624 625 626 627 628 629 630 631 631 632 633 634 635 636 637 637 638 639 639 640 641 642 643 642 641 640 638 641 640
493 493 493 493 493 493 493 493 493 493 493 493 493 472 472 472 472 472 472 472 472 472 472 472 472 472 472 474 476 477 477 478 479 479 480 480 480 480 480 607 608 608 608 609 609 609 609 609 610 610 610 611 610 611 613 614 615 616 617 618 619 620 620 621 623 624 625 626 627 628 628 629 630 631 632 633 634 635 636 637 638 638 639 640 641 642 643 644 643 642 644 642 641 640
492 493 493 493 493 493 493 493 493 493 493 493 493 472 472 472 472 472 472 472 472 472 472 472 472 472 474 475 475 476 476 477 478 478 479 479 480 480 480 481 608 608 608 609 609 609 609 609 609 609 609 610 610 612 613 614 615 616 616 617 618 619 621 622 623 624 625 625 626 627 628 629 630 631 632 633 634 635 636 637 638 639 640 639 640 641 642 643 642 644 643 642 641 640
492 492 492 492 492 492 492 492 492 492 492 492 492 492 471 471 471 471 471 471 471 471 471 471 471 471 473 474 475 476 477 477 478 478 479 479 480 480 480 481 481 607 608 608 608 608 608 609 609 609 609 609 611 612 612 613 614 615 616 617 618 620 621 622 622 623 624 625 626 627 628 629 630 631 632 633 634 635 636 636 637 638 639 640 640 641 641 642 644 644 643 642 641 639
492 492 492 492 492 492 492 492 492 492 492 492 492 492 471 471 471 471 471 471 471 471 471 471 471 471 473 474 475 476 477 477 478 478 478 478 479 479 479 480 480 607 608 608 608 608 609 609 609 608 608 608 610 611 612 613 614 615 616 617 618 619 620 621 622 623 624 625 626 627 628 629 630 631 632 632 633 634 635 636 637 638 639 640 640 640 640 644 643 643 642 642 641 639
491 491 491 491 491 491 491 491 491 491 492 492 492 492 492 471 471 471 471 470 470 470 470 470 470 472 473 474 475 475 476 477 477 478 478 479 479 479 480 480 480 480 608 608 607 607 608 608 608 608 608 609 610 611 612 613 613 614 615 617 618 619 620 621 622 623 624 625 626 627 628 628 629 630 631 632 633 634 635 636 637 637 638 639 640 640 642 643 642 642 642 641 640 639
492 491 491 491 491 491 491 491 491 491 491 491 491 491 491 470 470 470 470 470 470 470 470 470 470 472 473 474 475 476 476 477 477 478 478 479 479 478 479 479 479 480 607 607 607 608 608 608 608 608 608 609 609 610 611 612 613 614 616 617 618 619 620 621 622 623 624 624 625 626 627 628 629 630 631 632 633 634 634 635 636 637 638 638 639 642 643 642 642 641 641 640 640 639
492 491 491 491 491 491 491 491 491 491 491 491 491 491 491 470 470 470 470 470 470 470 470 470 470 472 473 474 474 475 475 476 476 477 477 478 478 478 479 479 479 480 480 607 607 608 608 607 607 607 608 608 609 610 611 612 613 615 616 617 618 619 620 620 621 622 623 624 625 626 627 628 629 630 631 631 632 633 634 635 636 636 637 637 641 641 642 642 641 640 640 639 639 638
492 491 490 490 490 490 490 490 490 490 490 490 490 490 490 490 469 469 469 469 469 469 469 469 469 471 473 474 474 475 476 476 477 477 478 478 478 479 479 479 480 479 479 479 607 607 607 607 607 608 608 608 609 610 611 612 613 615 616 616 617 618 619 620 621 622 623 624 625 626 627 628 628 629 630 631 632 633 633 634 635 636 636 640 640 640 641 641 640 639 639 639 638 638
493 492 490 490 490 490 490 490 490 490 490 490 490 490 490 490 469 469 469 469 469 469 469 469 471 472 473 474 475 475 476 476 477 476 477 477 477 478 478 478 479 479 479 479 607 607 607 607 607 608 608 608 609 610 611 611 613 614 615 616 617 618 619 620 621 622 623 624 624 625 626 627 628 629 630 630 631 632 633 634 634 635 638 639 639 639 640 640 640 638 638 638 637 637
493 491 490 489 489 489 489 489 489 489 489 489 489 490 490 490 489 468 468 468 468 468 468 468 470 471 472 473 474 474 475 475 476 476 477 477 477 478 478 478 479 479 479 479 480 607 607 607 608 608 608 608 608 609 610 612 613 614 615 616 617 618 619 620 621 621 622 623 624 625 626 627 628 628 629 630 631 631 632 633 633 637 637 638 638 639 639 639 639 639 637 637 636 636
494 492 491 489 489 489 489 489 489 489 489 489 489 489 489 489 489 468 468 468 468 468 468 468 470 471 472 473 474 474 475 476 476 476 477 477 478 478 478 479 479 479 479 480 480 607 607 607 608 608 608 608 608 609 610 612 613 614 615 616 617 617 618 619 620 621 622 623 625 625 626 627 628 629 630 630 631 631 631 632 636 636 637 637 637 638 638 638 638 638 636 636 636 635
495 493 491 490 489 489 489 489 489 489 489 489 489 489 489 489 489 489 468 468 468 468 468 468 470 472 473 473 474 475 475 476 476 477 477 477 478 478 478 479 479 479 479 480 480 480 607 608 608 608 608 608 608 609 611 612 613 613 614 615 616 617 618 619 620 621 622 623 624 625 626 627 627 628 629 630 630 631 632 634 635 635 636 636 636 637 637 637 637 637 636 635 635 634
495 494 492 491 489 489 489 489 489 489 489 489 489 489 489 489 489 489 468 468 468 468 468 470 471 472 473 474 474 475 475 476 476 477 477 477 478 478 478 479 479 479 480 480 480 480 480 608 608 608 608 608 608 609 610 611 612 613 614 615 616 617 618 618 620 621 622 623 624 624 625 626 627 628 628 629 630 630 634 634 635 634 635 635 635 636 636 636 636 636 635 635 634 633
496 494 493 491 490 489 489 489 489 489 489 489 489 489 489 489 489 489 468 468 468 468 468 470 471 472 473 474 474 475 475 476 476 477 477 478 478 478 479 479 479 479 480 480 480 480 480 608 608 608 608 608 608 609 610 611 612 613 614 615 615 616 617 619 620 621 622 622 623 624 625 625 626 627 628 628 629 633 633 634 634 635 634 634 635 635 635 635 635 635 635 634 633 633
497 495 494 492 490 489 489 489 489 489 489 489 489 489 489 489 489 489 489 468 468 468 468 470 471 472 473 474 475 475 476 476 477 477 477 478 478 478 479 479 479 479 480 480 480 480 481 481 608 608 608 608 609 609 610 611 611 612 613 614 615 616 618 619 619 620 621 622 623 623 624 625 626 626 627 628 631 632 632 633 633 634 634 633 634 634 634 634 634 634 634 633 633 632
497 496 494 493 491 489 489 489 489 489 489 489 489 489 489 489 489 489 489 468 468 468 468 470 471 473 473 474 475 475 476 476 477 477 477 478 478 478 479 479 479 480 480 480 480 480 481 481 481 608 608 608 609 609 609 610 611 612 613 614 614 616 617 618 619 620 620 621 622 623 623 624 625 626 626 630 630 631 632 632 632 633 633 633 633 633 633 633 633 633 633 632 632 631
498 497 495 493 492 490 489 489 489 489 489 489 489 489 489 489 489 489 489 489 468 468 468 470 472 473 474 474 475 475 476 476 477 477 478 478 478 479 479 479 479 480 480 480 480 481 481 481 481 608 608 609 609 609 609 610 611 611 612 613 615 616 617 617 618 619 620 621 621 622 623 624 624 625 628 629 630 630 631 631 632 632 632 632 633 632 632 632 654 654 654 653 653 653
500 498 497 495 493 492 490 490 490 490 489 489 489 489 489 489 489 489 489 489 468 468 470 471 472 473 474 474 475 475 476 476 477 477 478 478 478 479 479 479 479 480 480 480 480 481 481 481 481 481 608 609 609 609 609 609 610 611 612 614 615 615 616 617 618 618 619 620 621 621 622 623 623 627 628 628 651 651 652 652 653 653 653 654 654 654 653 653 653 653 653 653 652 652
500 499 497 496 494 492 491 490 490 490 490 490 490 490 490 490 490 490 490 490 469 468 470 471 472 473 474 474 475 476 476 477 477 477 478 478 478 479 479 479 480 480 480 480 480 481 481 481 481 481 482 609 609 609 609 609 610 611 612 613 614 615 616 616 617 640 641 641 642 643 643 644 648 648 649 649 650 650 651 651 652 652 652 653 653 653 653 652 652 652 652 652 651 651
501 499 498 496 495 493 491 490 490 490 490 490 490 490 490 490 490 490 490 490 490 469 471 472 473 474 475 476 476 476 476 477 477 477 478 478 479 479 479 479 480 480 480 480 481 481 481 481 481 481 482 609 609 609 609 609 631 632 634 635 635 636 637 638 639 639 640 641 641 642 643 646 647 648 648 649 649 650 650 650 651 651 651 652 652 652 652 651 651 651 651 651 650 650
502 500 498 497 495 494 492 490 490 490 490 490 490 490 490 490 490 490 490 490 490 469 471 473 474 474 475 476 476 477 477 478 478 479 479 479 480 479 479 479 480 480 480 480 481 481 481 503 503 504 504 504 631 631 631 631 631 632 633 634 635 636 636 637 638 639 639 640 641 641 645 646 646 647 647 648 648 649 649 650 650 650 650 651 651 651 651 651 650 650 650 650 649 649
502 501 499 497 496 494 493 491 490 490 490 490 490 490 490 490 490 490 490 490 490 469 472 473 474 475 475 476 476 477 477 478 478 479 479 479 480 480 480 503 503 503 503 502 503 503 503 503 503 504 504 504 504 631 631 631 632 632 633 633 634 635 636 637 637 638 639 639 640 644 644 645 645 646 647 647 647 648 648 649 649 649 650 650 650 650 650 650 650 649 649 649 649 648
