testData/tiles/oneDegree/grid9.0-38.0-10.0-39.0.asc
ncols   200
nrows   200
xllcorner   9.0
yllcorner   38.0
cellsize   0.005
NODATA_value   -9999.0
[rows 170 to 186 of 200, columns 111 to 147 of 200]
6.390000000000000000e+02 6.390000000000000000e+02 6.390000000000000000e+02 6.390000000000000000e+02 6.390000000000000000e+02 5.720000000000000000e+02 5.720000000000000000e+02 5.730000000000000000e+02 5.730000000000000000e+02 5.740000000000000000e+02 5.740000000000000000e+02 5.740000000000000000e+02 5.750000000000000000e+02 5.750000000000000000e+02 5.760000000000000000e+02 5.760000000000000000e+02 5.760000000000000000e+02 5.770000000000000000e+02 5.770000000000000000e+02 5.770000000000000000e+02 5.780000000000000000e+02 5.780000000000000000e+02 5.790000000000000000e+02 5.790000000000000000e+02 5.790000000000000000e+02 5.800000000000000000e+02 5.800000000000000000e+02 5.800000000000000000e+02 5.810000000000000000e+02 5.810000000000000000e+02 5.810000000000000000e+02 5.820000000000000000e+02 5.820000000000000000e+02 5.820000000000000000e+02 5.830000000000000000e+02 5.830000000000000000e+02 5.830000000000000000e+02
6.390000000000000000e+02 6.390000000000000000e+02 6.390000000000000000e+02 6.390000000000000000e+02 6.390000000000000000e+02 6.400000000000000000e+02 5.730000000000000000e+02 5.730000000000000000e+02 5.740000000000000000e+02 5.740000000000000000e+02 5.750000000000000000e+02 5.750000000000000000e+02 5.750000000000000000e+02 5.760000000000000000e+02 5.760000000000000000e+02 5.770000000000000000e+02 5.770000000000000000e+02 5.770000000000000000e+02 5.780000000000000000e+02 5.780000000000000000e+02 5.780000000000000000e+02 5.790000000000000000e+02 5.790000000000000000e+02 5.790000000000000000e+02 5.800000000000000000e+02 5.800000000000000000e+02 5.810000000000000000e+02 5.810000000000000000e+02 5.810000000000000000e+02 5.820000000000000000e+02 5.820000000000000000e+02 5.820000000000000000e+02 5.830000000000000000e+02 5.830000000000000000e+02 5.830000000000000000e+02 5.840000000000000000e+02 5.840000000000000000e+02
6.390000000000000000e+02 6.390000000000000000e+02 6.390000000000000000e+02 6.390000000000000000e+02 6.400000000000000000e+02 6.400000000000000000e+02 6.410000000000000000e+02 5.740000000000000000e+02 5.740000000000000000e+02 5.750000000000000000e+02 5.750000000000000000e+02 5.750000000000000000e+02 5.760000000000000000e+02 5.760000000000000000e+02 5.770000000000000000e+02 5.770000000000000000e+02 5.770000000000000000e+02 5.780000000000000000e+02 5.780000000000000000e+02 5.790000000000000000e+02 5.790000000000000000e+02 5.790000000000000000e+02 5.800000000000000000e+02 5.800000000000000000e+02 5.800000000000000000e+02 5.810000000000000000e+02 5.810000000000000000e+02 5.810000000000000000e+02 5.820000000000000000e+02 5.820000000000000000e+02 5.830000000000000000e+02 5.830000000000000000e+02 5.830000000000000000e+02 5.840000000000000000e+02 5.840000000000000000e+02 5.840000000000000000e+02 5.850000000000000000e+02
6.390000000000000000e+02 6.390000000000000000e+02 6.390000000000000000e+02 6.400000000000000000e+02 6.400000000000000000e+02 6.410000000000000000e+02 6.410000000000000000e+02 6.410000000000000000e+02 5.750000000000000000e+02 5.750000000000000000e+02 5.760000000000000000e+02 5.760000000000000000e+02 5.760000000000000000e+02 5.770000000000000000e+02 5.770000000000000000e+02 5.780000000000000000e+02 5.780000000000000000e+02 5.780000000000000000e+02 5.790000000000000000e+02 5.790000000000000000e+02 5.790000000000000000e+02 5.800000000000000000e+02 5.800000000000000000e+02 5.810000000000000000e+02 5.810000000000000000e+02 5.810000000000000000e+02 5.820000000000000000e+02 5.820000000000000000e+02 5.820000000000000000e+02 5.830000000000000000e+02 5.830000000000000000e+02 5.830000000000000000e+02 5.840000000000000000e+02 5.840000000000000000e+02 5.840000000000000000e+02 5.850000000000000000e+02 5.850000000000000000e+02
6.390000000000000000e+02 6.390000000000000000e+02 6.400000000000000000e+02 6.400000000000000000e+02 6.410000000000000000e+02 6.410000000000000000e+02 6.420000000000000000e+02 6.420000000000000000e+02 6.420000000000000000e+02 5.760000000000000000e+02 5.760000000000000000e+02 5.770000000000000000e+02 5.770000000000000000e+02 5.770000000000000000e+02 5.780000000000000000e+02 5.780000000000000000e+02 5.780000000000000000e+02 5.790000000000000000e+02 5.790000000000000000e+02 5.800000000000000000e+02 5.800000000000000000e+02 5.800000000000000000e+02 5.810000000000000000e+02 5.810000000000000000e+02 5.810000000000000000e+02 5.820000000000000000e+02 5.820000000000000000e+02 5.830000000000000000e+02 5.830000000000000000e+02 5.830000000000000000e+02 5.840000000000000000e+02 5.840000000000000000e+02 5.840000000000000000e+02 5.850000000000000000e+02 5.850000000000000000e+02 5.850000000000000000e+02 5.860000000000000000e+02
6.400000000000000000e+02 6.400000000000000000e+02 6.400000000000000000e+02 6.410000000000000000e+02 6.410000000000000000e+02 6.420000000000000000e+02 6.420000000000000000e+02 6.420000000000000000e+02 6.430000000000000000e+02 6.430000000000000000e+02 5.770000000000000000e+02 5.770000000000000000e+02 5.770000000000000000e+02 5.780000000000000000e+02 5.780000000000000000e+02 5.790000000000000000e+02 5.790000000000000000e+02 5.790000000000000000e+02 5.800000000000000000e+02 5.800000000000000000e+02 5.810000000000000000e+02 5.810000000000000000e+02 5.810000000000000000e+02 5.820000000000000000e+02 5.820000000000000000e+02 5.820000000000000000e+02 5.830000000000000000e+02 5.830000000000000000e+02 5.830000000000000000e+02 5.840000000000000000e+02 5.840000000000000000e+02 5.850000000000000000e+02 5.850000000000000000e+02 5.850000000000000000e+02 5.860000000000000000e+02 5.860000000000000000e+02 5.860000000000000000e+02
6.400000000000000000e+02 6.400000000000000000e+02 6.410000000000000000e+02 6.410000000000000000e+02 6.420000000000000000e+02 6.420000000000000000e+02 6.430000000000000000e+02 6.430000000000000000e+02 6.430000000000000000e+02 6.440000000000000000e+02 6.440000000000000000e+02 5.780000000000000000e+02 5.780000000000000000e+02 5.780000000000000000e+02 5.790000000000000000e+02 5.790000000000000000e+02 5.800000000000000000e+02 5.800000000000000000e+02 5.800000000000000000e+02 5.810000000000000000e+02 5.810000000000000000e+02 5.810000000000000000e+02 5.820000000000000000e+02 5.820000000000000000e+02 5.830000000000000000e+02 5.830000000000000000e+02 5.830000000000000000e+02 5.840000000000000000e+02 5.840000000000000000e+02 5.840000000000000000e+02 5.850000000000000000e+02 5.850000000000000000e+02 5.850000000000000000e+02 5.860000000000000000e+02 5.860000000000000000e+02 5.860000000000000000e+02 5.870000000000000000e+02
6.410000000000000000e+02 6.410000000000000000e+02 6.410000000000000000e+02 6.420000000000000000e+02 6.420000000000000000e+02 6.430000000000000000e+02 6.430000000000000000e+02 6.430000000000000000e+02 6.440000000000000000e+02 6.440000000000000000e+02 6.450000000000000000e+02 6.450000000000000000e+02 5.780000000000000000e+02 5.790000000000000000e+02 5.790000000000000000e+02 5.800000000000000000e+02 5.800000000000000000e+02 5.800000000000000000e+02 5.810000000000000000e+02 5.810000000000000000e+02 5.820000000000000000e+02 5.820000000000000000e+02 5.820000000000000000e+02 5.830000000000000000e+02 5.830000000000000000e+02 5.830000000000000000e+02 5.840000000000000000e+02 5.840000000000000000e+02 5.850000000000000000e+02 5.850000000000000000e+02 5.850000000000000000e+02 5.860000000000000000e+02 5.860000000000000000e+02 5.860000000000000000e+02 5.870000000000000000e+02 5.870000000000000000e+02 5.870000000000000000e+02
6.410000000000000000e+02 6.420000000000000000e+02 6.420000000000000000e+02 6.420000000000000000e+02 6.430000000000000000e+02 6.430000000000000000e+02 6.440000000000000000e+02 6.440000000000000000e+02 6.440000000000000000e+02 6.450000000000000000e+02 6.450000000000000000e+02 6.460000000000000000e+02 6.460000000000000000e+02 5.790000000000000000e+02 5.800000000000000000e+02 5.800000000000000000e+02 5.810000000000000000e+02 5.810000000000000000e+02 5.810000000000000000e+02 5.820000000000000000e+02 5.820000000000000000e+02 5.820000000000000000e+02 5.830000000000000000e+02 5.830000000000000000e+02 5.840000000000000000e+02 5.840000000000000000e+02 5.840000000000000000e+02 5.850000000000000000e+02 5.850000000000000000e+02 5.850000000000000000e+02 5.860000000000000000e+02 5.860000000000000000e+02 5.870000000000000000e+02 5.870000000000000000e+02 5.870000000000000000e+02 5.880000000000000000e+02 5.880000000000000000e+02
6.420000000000000000e+02 6.420000000000000000e+02 6.420000000000000000e+02 6.430000000000000000e+02 6.430000000000000000e+02 6.440000000000000000e+02 6.440000000000000000e+02 6.440000000000000000e+02 6.450000000000000000e+02 6.450000000000000000e+02 6.460000000000000000e+02 6.460000000000000000e+02 6.470000000000000000e+02 6.470000000000000000e+02 5.800000000000000000e+02 5.810000000000000000e+02 5.810000000000000000e+02 5.810000000000000000e+02 5.820000000000000000e+02 5.820000000000000000e+02 5.830000000000000000e+02 5.830000000000000000e+02 5.830000000000000000e+02 5.840000000000000000e+02 5.840000000000000000e+02 5.850000000000000000e+02 5.850000000000000000e+02 5.850000000000000000e+02 5.860000000000000000e+02 5.860000000000000000e+02 5.860000000000000000e+02 5.870000000000000000e+02 5.870000000000000000e+02 5.870000000000000000e+02 5.880000000000000000e+02 5.880000000000000000e+02 5.880000000000000000e+02
6.420000000000000000e+02 6.420000000000000000e+02 6.430000000000000000e+02 6.430000000000000000e+02 6.440000000000000000e+02 6.440000000000000000e+02 6.450000000000000000e+02 6.450000000000000000e+02 6.450000000000000000e+02 6.460000000000000000e+02 6.460000000000000000e+02 6.470000000000000000e+02 6.470000000000000000e+02 6.470000000000000000e+02 6.480000000000000000e+02 5.810000000000000000e+02 5.820000000000000000e+02 5.820000000000000000e+02 5.820000000000000000e+02 5.830000000000000000e+02 5.830000000000000000e+02 5.840000000000000000e+02 5.840000000000000000e+02 5.840000000000000000e+02 5.850000000000000000e+02 5.850000000000000000e+02 5.850000000000000000e+02 5.860000000000000000e+02 5.860000000000000000e+02 5.870000000000000000e+02 5.870000000000000000e+02 5.870000000000000000e+02 5.880000000000000000e+02 5.880000000000000000e+02 5.880000000000000000e+02 5.890000000000000000e+02 5.890000000000000000e+02
6.430000000000000000e+02 6.430000000000000000e+02 6.430000000000000000e+02 6.440000000000000000e+02 6.440000000000000000e+02 6.450000000000000000e+02 6.450000000000000000e+02 6.460000000000000000e+02 6.460000000000000000e+02 6.460000000000000000e+02 6.470000000000000000e+02 6.470000000000000000e+02 6.480000000000000000e+02 6.480000000000000000e+02 6.480000000000000000e+02 6.490000000000000000e+02 5.820000000000000000e+02 5.830000000000000000e+02 5.830000000000000000e+02 5.830000000000000000e+02 5.840000000000000000e+02 5.840000000000000000e+02 5.840000000000000000e+02 5.850000000000000000e+02 5.850000000000000000e+02 5.860000000000000000e+02 5.860000000000000000e+02 5.860000000000000000e+02 5.870000000000000000e+02 5.870000000000000000e+02 5.870000000000000000e+02 5.880000000000000000e+02 5.880000000000000000e+02 5.890000000000000000e+02 5.890000000000000000e+02 5.890000000000000000e+02 5.900000000000000000e+02
6.430000000000000000e+02 6.430000000000000000e+02 6.440000000000000000e+02 6.440000000000000000e+02 6.450000000000000000e+02 6.450000000000000000e+02 6.460000000000000000e+02 6.460000000000000000e+02 6.460000000000000000e+02 6.470000000000000000e+02 6.470000000000000000e+02 6.480000000000000000e+02 6.480000000000000000e+02 6.480000000000000000e+02 6.490000000000000000e+02 6.490000000000000000e+02 6.500000000000000000e+02 5.830000000000000000e+02 5.830000000000000000e+02 5.840000000000000000e+02 5.840000000000000000e+02 5.850000000000000000e+02 5.850000000000000000e+02 5.850000000000000000e+02 5.860000000000000000e+02 5.860000000000000000e+02 5.870000000000000000e+02 5.870000000000000000e+02 5.870000000000000000e+02 5.880000000000000000e+02 5.880000000000000000e+02 5.880000000000000000e+02 5.890000000000000000e+02 5.890000000000000000e+02 5.890000000000000000e+02 5.900000000000000000e+02 5.900000000000000000e+02
6.440000000000000000e+02 6.440000000000000000e+02 6.440000000000000000e+02 6.450000000000000000e+02 6.450000000000000000e+02 6.460000000000000000e+02 6.460000000000000000e+02 6.470000000000000000e+02 6.470000000000000000e+02 6.470000000000000000e+02 6.480000000000000000e+02 6.480000000000000000e+02 6.490000000000000000e+02 6.490000000000000000e+02 6.490000000000000000e+02 6.500000000000000000e+02 6.500000000000000000e+02 6.510000000000000000e+02 5.840000000000000000e+02 5.840000000000000000e+02 5.850000000000000000e+02 5.850000000000000000e+02 5.860000000000000000e+02 5.860000000000000000e+02 5.860000000000000000e+02 5.870000000000000000e+02 5.870000000000000000e+02 5.870000000000000000e+02 5.880000000000000000e+02 5.880000000000000000e+02 5.890000000000000000e+02 5.890000000000000000e+02 5.890000000000000000e+02 5.900000000000000000e+02 5.900000000000000000e+02 5.900000000000000000e+02 5.910000000000000000e+02
6.440000000000000000e+02 6.440000000000000000e+02 6.450000000000000000e+02 6.450000000000000000e+02 6.460000000000000000e+02 6.460000000000000000e+02 6.470000000000000000e+02 6.470000000000000000e+02 6.470000000000000000e+02 6.480000000000000000e+02 6.480000000000000000e+02 6.490000000000000000e+02 6.490000000000000000e+02 6.490000000000000000e+02 6.500000000000000000e+02 6.500000000000000000e+02 6.510000000000000000e+02 6.510000000000000000e+02 6.510000000000000000e+02 5.850000000000000000e+02 5.850000000000000000e+02 5.860000000000000000e+02 5.860000000000000000e+02 5.860000000000000000e+02 5.870000000000000000e+02 5.870000000000000000e+02 5.880000000000000000e+02 5.880000000000000000e+02 5.880000000000000000e+02 5.890000000000000000e+02 5.890000000000000000e+02 5.890000000000000000e+02 5.900000000000000000e+02 5.900000000000000000e+02 5.910000000000000000e+02 5.910000000000000000e+02 5.910000000000000000e+02
6.450000000000000000e+02 6.450000000000000000e+02 6.450000000000000000e+02 6.460000000000000000e+02 6.460000000000000000e+02 6.470000000000000000e+02 6.470000000000000000e+02 6.480000000000000000e+02 6.480000000000000000e+02 6.480000000000000000e+02 6.490000000000000000e+02 6.490000000000000000e+02 6.500000000000000000e+02 6.500000000000000000e+02 6.500000000000000000e+02 6.510000000000000000e+02 6.510000000000000000e+02 6.520000000000000000e+02 6.520000000000000000e+02 6.520000000000000000e+02 5.860000000000000000e+02 5.860000000000000000e+02 5.870000000000000000e+02 5.870000000000000000e+02 5.870000000000000000e+02 5.880000000000000000e+02 5.880000000000000000e+02 5.880000000000000000e+02 5.890000000000000000e+02 5.890000000000000000e+02 5.900000000000000000e+02 5.900000000000000000e+02 5.900000000000000000e+02 5.910000000000000000e+02 5.910000000000000000e+02 5.910000000000000000e+02 5.920000000000000000e+02
6.450000000000000000e+02 6.450000000000000000e+02 6.460000000000000000e+02 6.460000000000000000e+02 6.470000000000000000e+02 6.470000000000000000e+02 6.480000000000000000e+02 6.480000000000000000e+02 6.480000000000000000e+02 6.490000000000000000e+02 6.490000000000000000e+02 6.500000000000000000e+02 6.500000000000000000e+02 6.510000000000000000e+02 6.510000000000000000e+02 6.510000000000000000e+02 6.520000000000000000e+02 6.520000000000000000e+02 6.530000000000000000e+02 6.530000000000000000e+02 5.860000000000000000e+02 5.870000000000000000e+02 5.870000000000000000e+02 5.870000000000000000e+02 5.880000000000000000e+02 5.880000000000000000e+02 5.890000000000000000e+02 5.890000000000000000e+02 5.890000000000000000e+02 5.900000000000000000e+02 5.900000000000000000e+02 5.910000000000000000e+02 5.910000000000000000e+02 5.910000000000000000e+02 5.920000000000000000e+02 5.920000000000000000e+02 5.920000000000000000e+02
