testData/tiles/oneDegree/grid42.0-24.0-43.0-25.0.asc
ncols   200
nrows   200
xllcorner   42.0
yllcorner   24.0
cellsize   0.005
NODATA_value   -9999.0
[rows 84 to 125 of 200, columns 0 to 93 of 200]
812 810 810 810 810 810 810 809 809 809 809 809 808 808 808 808 807 742 742 742 741 741 740 830 875 875 875 874 874 874 873 873 873 872 872 871 871 870 870 870 869 868 867 867 866 866 865 865 864 864 863 863 862 861 861 859 859 858 857 857 856 647 647 646 645 644 644 642 641 640 640 639 638 638 638 638 638 638 637 637 637 637 637 637 637 637 637 637 636 636 636 636 636 636
816 814 812 810 810 810 809 809 809 809 809 809 808 808 808 808 807 807 807 742 741 741 741 740 785 875 875 874 874 874 873 873 872 872 872 871 871 870 870 870 869 868 867 867 866 866 865 865 864 864 863 862 862 861 861 860 859 858 857 857 856 855 855 646 645 644 644 643 641 640 640 639 638 638 638 638 638 638 638 637 637 637 637 637 637 637 637 637 637 636 636 636 636 636
819 818 816 814 812 810 809 809 809 809 809 809 808 808 808 808 807 807 807 807 806 741 741 741 785 785 875 874 874 874 873 873 872 872 872 871 871 870 870 870 869 869 867 867 866 866 865 865 864 864 863 862 862 861 861 860 859 858 857 857 856 855 855 854 853 644 644 643 642 640 640 639 638 638 638 638 638 638 638 637 637 637 637 637 637 637 637 637 637 636 636 636 636 636
823 821 819 818 816 814 811 809 809 809 809 809 808 808 808 808 807 807 807 807 806 806 806 740 786 785 785 784 874 874 873 873 872 872 872 871 871 870 870 870 869 869 868 867 866 866 865 865 864 864 863 862 862 861 861 860 859 858 857 857 856 855 854 854 853 852 852 643 642 640 639 639 638 638 638 638 638 638 638 638 637 637 637 637 637 637 637 637 637 637 636 636 636 636
827 824 823 821 819 818 815 813 811 809 809 808 808 808 808 808 807 807 807 807 806 806 806 805 851 786 785 784 784 873 873 873 872 872 872 871 871 870 870 869 869 869 868 868 866 866 865 865 864 864 863 862 862 861 861 860 859 859 857 856 856 855 854 854 853 852 852 851 850 641 639 639 638 638 638 638 638 638 638 638 637 637 637 637 637 637 637 637 637 637 636 636 636 636
830 829 826 824 823 821 818 816 815 813 811 808 808 808 808 808 807 807 807 807 806 806 806 805 851 851 850 784 784 783 783 873 872 872 872 871 871 870 870 869 869 869 868 868 867 866 865 865 864 863 863 862 862 861 861 860 859 859 857 856 856 855 854 854 853 852 852 851 850 849 847 639 638 638 638 638 638 638 638 638 638 637 637 637 637 637 637 637 637 637 637 636 636 636
833 832 830 828 826 823 822 820 818 816 814 812 810 808 808 808 807 807 807 807 806 806 806 805 851 851 850 850 849 783 783 783 872 872 872 871 871 870 870 869 869 868 868 868 867 866 865 865 864 863 863 862 862 861 861 860 859 859 858 856 856 855 854 854 853 852 851 851 850 849 848 847 846 638 638 638 638 638 638 638 638 637 637 637 637 637 637 637 637 637 637 636 636 636
836 834 833 831 830 826 825 823 821 820 818 815 813 811 809 808 807 807 807 806 806 806 806 805 851 851 850 850 850 848 783 783 782 782 871 871 871 870 870 869 869 868 868 868 867 867 865 864 864 863 863 862 862 861 861 860 859 859 858 857 856 855 854 854 853 852 851 851 850 849 848 847 846 846 638 638 638 638 638 638 638 638 637 637 637 637 637 637 637 637 637 636 636 636
839 837 836 834 833 830 828 826 825 823 821 818 817 815 813 810 808 807 807 806 806 806 806 805 851 851 850 850 850 849 848 848 782 782 781 871 871 870 870 869 869 868 868 867 867 866 865 864 864 863 863 862 862 861 860 860 859 859 858 857 856 855 854 854 853 852 851 851 850 849 848 847 846 846 846 846 638 638 638 638 638 638 637 637 637 637 637 637 637 637 637 637 636 636
841 840 838 837 836 833 832 829 828 826 824 822 820 818 816 813 811 809 807 806 806 806 806 805 851 851 850 850 850 849 849 848 847 847 781 781 781 870 870 869 869 868 868 867 867 866 866 864 864 863 863 862 862 861 860 860 859 859 858 857 857 855 854 854 853 852 851 851 850 849 848 847 846 846 846 846 846 846 638 638 638 638 638 637 637 637 637 637 637 637 637 637 636 636
844 842 841 840 837 836 834 833 831 829 826 825 823 821 819 817 815 813 811 808 806 806 806 805 851 851 850 850 850 849 849 848 847 847 846 781 781 780 870 869 869 868 868 867 867 866 866 865 864 863 863 862 862 861 860 860 859 859 858 857 857 855 854 853 853 852 851 851 850 849 848 847 847 846 846 846 846 846 846 846 638 638 638 637 637 637 637 637 637 637 637 637 636 636
846 845 844 842 840 838 837 836 834 833 829 827 826 824 823 820 818 816 814 811 809 807 805 805 851 851 850 850 850 849 849 848 847 847 846 846 846 780 780 779 869 868 868 867 867 866 866 865 864 863 863 862 862 861 860 860 859 858 858 857 857 855 854 853 853 852 851 850 850 849 848 847 847 846 846 846 846 846 846 846 846 638 638 637 637 637 637 637 637 637 637 637 637 636
848 847 846 845 842 841 840 838 837 835 832 830 829 827 825 823 821 819 818 815 813 811 808 806 851 851 850 850 850 849 849 848 848 847 846 846 845 845 845 779 779 778 868 867 867 866 866 865 865 863 863 862 861 861 860 860 859 858 858 857 856 856 854 853 853 852 851 850 850 849 848 847 847 846 846 846 846 846 846 846 846 846 846 638 637 637 637 637 637 637 637 637 637 636
851 849 848 847 845 843 842 841 839 838 835 833 831 830 827 826 824 822 821 818 816 814 811 809 853 850 850 850 849 849 849 848 848 847 846 846 845 845 845 844 779 778 778 867 867 866 866 865 865 863 863 862 861 861 860 860 859 858 858 857 856 856 854 853 853 852 851 850 850 849 848 847 847 847 846 846 846 846 846 846 846 846 846 846 845 637 637 637 637 637 637 637 637 636
853 852 850 848 847 846 844 843 842 839 838 836 834 832 830 828 827 825 822 821 819 817 814 812 856 853 851 850 849 849 849 848 848 848 846 846 845 845 845 844 844 843 778 777 777 866 866 865 865 863 863 862 861 861 860 860 859 858 858 857 856 856 855 853 853 852 851 850 850 849 848 847 847 847 846 846 846 846 846 846 846 846 846 846 845 845 637 637 637 637 637 637 637 637
855 854 853 850 849 848 847 845 844 842 840 839 837 835 832 831 829 828 825 823 822 820 817 815 860 857 855 853 849 849 849 848 848 848 846 846 845 845 844 844 844 843 843 777 777 776 776 865 865 864 862 862 861 861 860 860 859 858 858 857 856 856 855 853 853 852 851 850 850 849 848 847 847 847 846 846 846 846 846 846 846 846 846 846 846 845 845 845 637 637 637 637 637 637
857 856 855 852 851 850 849 847 846 844 842 841 840 837 835 833 832 830 828 826 825 823 820 818 863 860 858 856 853 851 849 848 848 847 846 846 845 845 844 844 844 843 843 842 842 776 776 775 865 864 862 862 861 861 860 859 859 858 858 857 856 856 855 853 852 852 851 850 849 849 848 847 847 847 847 846 846 846 846 846 846 846 846 846 846 845 845 845 845 637 637 637 637 637
859 858 856 854 853 852 851 850 848 846 845 843 842 841 837 836 834 833 830 829 827 825 823 821 865 863 861 859 856 854 852 849 848 847 847 846 845 845 844 844 843 843 843 842 842 841 776 775 774 774 863 862 861 861 860 859 859 858 858 857 856 856 855 854 852 852 851 850 849 849 848 847 847 847 847 846 846 846 846 846 846 846 846 846 846 845 845 845 845 845 845 637 637 637
861 860 858 856 855 854 853 852 849 848 847 846 844 842 840 838 837 835 833 831 830 827 825 824 868 865 864 862 859 857 855 852 850 847 847 846 845 845 844 844 843 843 842 842 841 841 840 840 774 774 773 772 861 861 860 859 859 858 857 857 856 855 855 854 852 852 851 850 849 849 848 847 847 847 847 846 846 846 846 846 846 846 846 846 846 845 845 845 845 845 845 845 845 637
863 861 860 858 857 856 855 854 851 850 849 848 846 844 843 840 839 836 835 834 832 829 828 826 870 868 866 865 862 860 857 855 853 850 848 847 845 845 844 844 843 843 842 842 841 841 840 840 839 774 773 772 771 861 860 859 859 858 857 857 856 855 855 854 852 852 851 850 849 848 848 847 847 847 847 846 846 846 846 846 846 846 846 846 846 845 845 845 845 845 845 845 845 845
865 862 861 860 859 858 857 856 853 852 851 850 848 846 845 842 841 839 837 836 834 832 830 875 872 871 869 866 864 863 860 858 856 853 851 848 845 845 844 844 843 843 842 842 841 841 840 840 839 839 838 772 771 770 770 859 859 858 857 857 856 855 855 854 852 851 851 850 849 848 848 847 847 847 847 846 846 846 846 846 846 846 846 846 846 846 845 845 845 845 845 845 845 845
865 864 863 862 861 860 859 856 855 854 853 852 850 848 847 845 843 841 839 838 837 834 833 831 875 873 871 869 867 865 862 861 859 856 854 851 848 845 844 844 843 843 842 842 841 841 840 840 839 839 838 838 771 770 770 769 769 858 857 857 856 855 855 854 852 851 851 850 849 848 848 847 847 847 847 847 846 846 846 846 846 846 846 846 846 846 845 845 845 845 845 845 845 845
867 866 865 864 863 862 860 858 857 856 855 854 851 850 849 847 845 843 841 840 839 836 835 833 877 875 874 871 869 868 865 863 861 859 857 854 851 848 845 844 843 843 842 842 841 841 840 840 839 839 838 837 836 770 770 769 768 768 767 857 856 855 855 854 853 851 851 850 849 848 847 847 847 847 847 847 846 846 846 846 846 846 846 846 846 846 845 845 845 845 845 845 845 845
869 868 867 866 864 863 862 860 859 858 857 855 853 852 851 849 846 845 843 842 840 838 837 835 879 877 876 873 872 870 867 866 863 861 859 856 854 850 848 846 843 843 842 842 841 841 840 840 839 839 838 837 836 835 835 769 768 768 767 766 766 855 854 854 853 851 851 850 849 848 847 847 847 847 847 847 846 846 846 846 846 846 846 846 846 846 845 845 845 845 845 845 845 845
870 869 868 867 866 865 863 862 861 860 858 857 855 854 853 851 849 847 845 844 842 840 839 838 881 880 878 876 874 872 870 868 865 864 862 859 857 853 851 848 846 844 842 842 841 841 840 840 839 838 838 837 836 835 835 834 768 768 767 766 766 765 854 854 853 851 850 850 849 848 847 847 847 847 847 847 846 846 846 846 846 846 846 846 846 846 845 845 845 845 845 845 845 845
872 871 870 869 868 867 865 863 862 861 860 858 857 856 854 853 851 849 847 846 844 842 841 839 883 882 879 878 876 874 872 870 868 866 864 862 860 856 854 851 849 847 844 842 841 841 840 840 839 838 838 837 836 835 835 834 833 768 767 766 766 765 764 764 853 851 850 850 849 848 847 847 847 847 847 847 846 846 846 846 846 846 846 846 846 846 845 845 845 845 845 845 845 845
873 872 871 870 869 868 866 865 864 863 862 860 858 857 856 855 853 850 849 848 846 844 843 841 885 884 881 880 878 876 874 873 870 868 866 864 862 858 856 854 852 849 846 843 841 840 840 839 839 838 838 837 836 835 834 834 833 833 767 766 766 765 764 764 763 761 850 850 849 848 847 847 847 847 847 847 846 846 846 846 846 846 846 846 846 846 845 845 845 845 845 845 845 845
875 874 873 872 871 869 868 867 866 864 863 861 860 859 858 856 854 852 851 849 847 846 845 842 887 886 883 882 880 878 876 875 872 871 868 866 864 861 859 856 854 851 849 846 844 841 840 839 839 838 838 837 836 835 834 834 833 833 832 831 766 765 764 763 763 761 760 759 849 848 847 847 847 847 847 847 846 846 846 846 846 846 846 846 846 846 845 845 845 845 845 845 845 845
876 875 874 873 872 870 869 868 867 866 865 863 862 861 859 857 856 854 853 850 849 848 847 844 889 887 885 884 882 880 878 877 874 873 870 868 867 863 861 858 857 854 852 849 847 843 841 839 839 838 838 837 836 835 834 834 833 832 832 831 830 765 764 763 763 761 760 759 759 758 847 847 847 847 847 847 846 846 846 846 846 846 846 846 846 846 845 845 845 845 845 845 845 845
878 877 876 875 873 872 871 870 869 868 865 864 863 862 861 859 858 855 854 852 851 850 847 846 891 889 887 886 884 882 880 878 876 875 872 871 868 865 863 861 859 856 854 851 849 846 844 841 839 838 838 837 835 835 834 834 833 832 832 831 830 830 764 763 763 761 760 759 759 758 757 757 847 847 847 847 846 846 846 846 846 846 846 846 846 846 845 845 845 845 845 845 845 845
879 878 877 876 874 873 872 871 870 869 867 866 865 864 863 860 859 857 856 854 852 851 849 848 892 890 889 887 885 884 882 880 878 877 874 873 870 867 866 863 861 858 856 854 852 849 847 843 841 838 838 837 835 835 834 834 833 832 832 831 830 830 829 763 762 761 760 759 758 758 757 757 757 757 847 847 846 846 846 846 846 846 846 846 846 846 845 845 845 845 845 845 845 845
880 880 879 877 876 875 874 873 872 869 868 867 866 865 863 862 861 859 856 855 854 853 851 849 894 892 890 889 887 885 884 881 880 879 876 874 872 869 867 865 863 861 859 856 854 851 849 846 844 841 837 837 835 835 834 833 833 832 832 831 830 830 829 828 762 761 760 759 758 758 757 757 757 757 757 757 846 846 846 846 846 846 846 846 846 846 845 845 845 845 845 845 845 845
882 881 880 878 877 876 875 874 873 871 870 869 868 867 865 863 862 860 858 857 856 854 852 851 896 893 892 891 888 887 886 883 882 879 878 876 874 871 869 867 864 863 861 858 856 853 851 848 845 843 840 838 835 835 834 833 833 832 831 831 830 829 829 828 827 761 760 759 758 758 757 757 757 757 757 757 756 756 846 846 846 846 846 846 846 846 845 845 845 845 845 845 845 845
883 882 880 879 878 877 876 875 874 872 871 870 869 868 866 865 863 862 859 858 857 855 854 852 897 895 894 892 890 889 887 885 884 881 880 878 876 873 871 869 866 865 862 860 857 856 853 851 848 846 843 840 836 835 834 833 833 832 831 831 830 829 829 828 827 826 825 759 758 757 757 757 757 757 757 757 756 756 756 756 846 846 846 846 846 846 845 845 845 845 845 845 845 845
884 883 881 880 880 879 878 877 875 874 873 872 870 868 867 866 864 863 861 860 859 856 855 854 899 897 895 894 892 890 888 887 885 883 881 880 876 875 872 871 868 867 864 862 859 858 855 853 850 848 845 843 839 835 834 833 833 832 831 831 830 829 829 828 827 825 825 824 758 757 757 757 757 757 757 757 756 756 756 756 756 756 846 846 846 846 845 845 845 845 845 845 851 851
886 884 883 882 881 880 879 878 876 875 874 873 872 870 869 868 865 863 862 861 860 858 857 855 899 898 897 894 893 892 890 888 887 884 883 881 878 877 874 873 870 868 866 864 861 860 857 855 852 850 847 845 841 838 836 833 833 832 831 831 830 829 829 828 826 825 825 824 823 757 757 757 757 757 757 757 756 756 756 756 756 756 756 756 846 846 845 845 845 851 851 851 851 851
887 885 884 883 882 881 880 878 877 876 875 874 873 871 870 868 867 865 864 862 861 859 858 857 901 899 898 896 895 893 891 890 888 886 885 882 880 878 876 874 872 870 868 866 863 862 859 857 854 852 849 845 843 840 838 835 832 832 831 830 830 829 828 828 826 825 824 824 823 822 757 757 757 757 757 756 756 756 756 756 756 756 756 756 756 756 755 851 851 851 851 851 851 851
887 886 885 884 883 882 881 879 878 877 876 875 873 872 871 869 868 866 865 864 862 861 859 858 902 901 900 897 896 895 893 891 889 888 886 884 881 879 878 876 874 872 869 868 865 863 861 859 856 854 851 848 846 842 840 837 834 832 831 830 830 829 828 828 826 825 824 824 823 822 822 757 757 757 757 756 756 756 756 756 756 756 756 756 756 761 761 761 761 851 851 851 851 851
888 887 886 885 884 883 882 880 880 879 878 877 875 874 872 870 868 867 866 865 863 862 861 860 903 902 901 899 898 896 894 893 890 889 888 884 883 881 879 877 875 874 871 870 867 865 863 861 858 855 853 850 848 845 843 839 836 834 831 830 830 829 828 828 826 825 824 824 823 822 822 822 757 757 757 756 756 756 756 756 756 756 756 762 762 761 761 761 761 761 761 851 851 851
889 888 887 886 885 885 883 882 881 880 879 877 876 875 873 872 870 869 867 866 864 863 862 860 905 904 901 900 899 897 895 894 892 891 889 886 885 882 881 878 877 874 873 870 869 866 864 862 860 857 855 852 850 847 844 842 838 836 833 830 830 829 828 827 826 825 824 823 823 822 822 822 822 757 757 756 756 756 756 756 756 762 762 762 762 761 761 761 761 761 761 761 761 851
890 889 888 887 887 886 884 883 882 881 880 878 877 875 874 873 871 870 869 868 865 864 863 861 906 905 903 901 900 898 897 896 893 892 889 887 886 884 882 880 878 876 874 872 870 868 866 863 862 859 856 853 852 849 846 844 841 837 835 832 829 829 828 826 826 825 824 823 823 822 822 822 822 822 757 756 756 756 756 762 762 762 762 762 762 761 761 761 761 761 761 761 761 761
891 890 889 889 888 886 885 884 883 882 881 879 878 876 875 873 872 871 870 868 867 866 864 862 907 906 904 903 902 899 898 897 895 893 890 889 887 885 884 881 880 877 876 873 872 869 868 865 863 861 858 855 852 850 848 846 843 839 837 834 831 829 828 826 826 825 824 823 822 822 822 822 822 822 756 756 756 762 762 762 762 762 762 762 762 761 761 761 761 761 761 761 761 761
