testData/tiles/oneDegree/grid26.0-49.0-27.0-50.0.asc
ncols   200
nrows   200
xllcorner   26.0
yllcorner   49.0
cellsize   0.005
NODATA_value   -9999.0
[rows 46 to 91 of 200, columns 96 to 191 of 200]
63 63 63 62 62 62 62 62 62 62 62 62 61 61 61 60 60 60 60 59 59 59 59 59 59 58 58 58 57 57 57 56 56 56 55 55 55 54 54 53 54 53 53 53 52 52 51 51 50 49 49 48 48 47 46 102 102 102 102 102 102 102 102 91 94 97 100 102 106 108 111 113 115 118 120 122 124 126 128 129 131 133 135 137 138 140 141 143 145 146 148 149 151 152 153 155
64 63 63 63 64 63 63 63 63 62 62 62 62 61 61 61 61 61 61 61 60 60 60 60 59 59 59 58 58 58 57 57 57 56 57 57 56 56 55 55 55 54 54 53 53 52 52 51 51 50 50 49 48 48 47 103 104 103 103 103 103 103 103 103 96 98 101 104 107 109 111 114 116 118 120 122 124 126 128 130 132 134 135 137 139 140 142 144 145 147 148 150 151 152 154 155
65 65 65 64 64 64 64 63 63 63 63 62 62 63 63 62 62 62 62 61 61 61 60 60 60 59 59 59 60 59 59 59 58 58 57 57 57 56 56 56 55 55 54 54 53 53 53 52 53 52 51 51 50 50 106 105 105 104 103 103 103 103 103 104 107 110 102 105 107 110 112 114 117 119 121 123 125 127 129 131 132 134 136 138 139 141 142 144 146 147 149 150 151 153 154 156
65 65 65 65 64 64 64 64 64 64 64 64 64 63 63 63 63 62 62 62 61 61 61 62 61 61 61 60 60 60 59 59 59 58 58 58 57 57 57 56 56 56 56 56 55 55 54 54 53 53 52 52 51 51 107 106 106 105 104 103 103 103 103 105 108 111 114 105 108 110 114 116 118 120 122 124 126 128 130 132 134 136 137 139 141 142 144 145 147 148 150 151 153 154 156 157
66 66 65 65 65 66 65 65 65 65 64 64 64 64 63 63 63 63 63 63 63 63 62 62 62 61 61 61 60 60 60 60 59 59 59 59 59 58 58 58 57 57 57 56 56 55 55 54 54 53 53 52 52 51 108 107 107 106 106 106 105 104 104 107 110 113 115 118 110 112 114 117 119 121 123 125 127 129 131 133 134 136 138 139 141 143 144 146 147 149 150 152 153 155 156 157
66 67 67 66 66 66 66 66 65 65 65 65 64 64 65 65 64 64 64 64 63 63 63 62 62 62 62 61 61 62 61 61 61 60 60 60 59 59 59 58 58 57 57 57 56 56 55 55 55 55 55 54 54 53 110 109 108 108 107 106 106 105 105 108 111 113 116 119 121 113 115 117 119 121 124 126 127 129 131 133 135 137 138 140 142 143 145 146 148 149 151 152 154 155 156 158
67 67 67 67 67 66 66 66 66 65 66 66 66 65 65 65 65 64 64 64 64 63 63 63 64 63 63 63 62 62 62 61 61 61 60 60 60 59 59 59 58 58 59 58 58 57 57 57 56 56 55 55 54 111 110 110 109 109 108 107 107 106 106 108 111 114 117 119 122 124 127 118 121 123 125 127 129 131 133 135 136 138 140 141 143 145 146 148 149 151 152 154 155 156 158 159
68 68 67 67 67 67 68 67 67 67 67 66 66 66 66 65 65 65 65 65 65 65 65 64 64 64 63 63 63 63 62 62 62 61 61 61 61 61 61 60 60 60 59 59 58 58 58 57 57 56 56 55 55 111 111 110 110 109 109 108 109 108 109 111 114 116 119 121 123 126 128 130 121 124 126 128 129 131 133 135 137 138 140 142 143 145 147 148 150 151 153 154 155 157 158 160
68 68 69 69 68 68 68 68 67 67 67 67 66 66 66 67 67 66 66 66 65 65 65 65 64 64 64 64 63 63 64 63 63 63 62 62 62 61 61 61 60 60 60 59 59 59 58 58 57 57 56 57 57 113 113 112 112 111 110 110 109 109 111 113 116 118 119 122 124 126 129 131 133 124 126 128 130 132 134 135 137 139 141 142 144 145 147 149 150 152 153 154 156 157 159 160
69 69 69 69 69 68 68 68 68 68 67 68 68 68 67 67 67 67 66 66 66 66 65 65 65 66 65 65 65 64 64 64 63 63 63 63 62 62 62 61 61 61 60 61 60 60 60 59 59 58 58 58 57 114 113 113 112 112 111 111 110 110 113 115 117 119 121 122 125 127 129 131 134 136 127 130 131 133 135 137 139 140 142 144 145 147 148 150 151 153 154 156 157 159 160 161
70 70 69 69 69 69 69 69 69 69 69 68 68 68 68 67 67 67 67 67 67 67 67 66 66 66 66 65 65 65 65 64 64 64 63 63 63 63 63 63 62 62 62 61 61 61 60 60 59 59 59 58 115 114 114 113 113 112 112 111 111 112 115 117 119 122 123 125 126 129 131 133 135 137 139 141 132 134 136 137 139 141 143 144 146 147 149 150 152 153 155 156 158 159 160 162
70 70 70 71 70 70 70 70 69 69 69 69 69 68 68 68 69 68 68 68 68 67 67 67 67 66 66 66 65 65 65 66 65 65 65 64 64 64 63 63 63 62 62 62 61 61 61 60 60 59 59 59 116 116 115 115 114 114 113 113 112 114 116 119 121 123 125 126 128 130 131 134 136 138 140 142 143 134 136 138 140 141 143 145 146 148 149 151 152 154 155 157 158 159 161 162
71 71 71 71 71 70 70 70 70 70 69 69 70 70 69 69 69 69 68 68 68 68 67 67 67 67 67 67 67 67 66 66 66 65 65 65 65 64 64 64 63 63 63 62 62 62 62 62 61 61 61 60 117 116 116 115 115 115 114 114 113 116 118 120 123 124 127 128 129 131 133 134 136 138 140 142 144 146 138 139 141 143 144 146 148 149 151 152 154 155 157 158 159 161 162 163
72 72 71 71 71 71 71 70 71 71 71 70 70 70 70 70 69 69 69 69 68 69 69 69 68 68 68 68 67 67 67 66 66 66 66 65 65 65 65 65 65 64 64 64 63 63 63 62 62 61 61 61 117 117 116 116 116 115 115 114 114 117 120 122 124 127 128 131 132 133 135 137 138 140 142 144 145 147 149 140 141 143 145 146 148 150 151 153 154 155 157 158 160 161 162 164
72 72 72 71 72 72 72 72 71 71 71 71 71 70 70 70 70 70 70 70 70 69 69 69 69 68 68 68 68 67 67 67 67 67 67 67 66 66 66 65 65 65 64 64 64 63 63 63 62 62 62 118 118 118 118 118 117 117 116 116 116 119 121 124 126 128 130 131 134 135 136 138 139 140 142 144 146 148 149 151 142 144 145 147 148 150 151 153 154 156 157 159 160 161 163 164
73 73 73 73 73 72 72 72 72 72 71 71 71 72 71 71 71 71 70 70 70 70 70 69 69 69 68 69 69 69 68 68 68 68 67 67 67 66 66 66 65 65 65 64 64 64 64 64 64 63 63 120 119 119 118 118 118 117 117 116 118 120 123 125 127 129 131 133 134 136 137 139 141 142 143 144 146 148 150 152 153 144 147 148 150 151 153 154 156 157 159 160 161 163 164 165
74 73 73 73 73 73 72 72 72 73 73 72 72 72 72 71 71 71 71 71 70 70 71 71 70 70 70 70 69 69 69 68 68 68 68 67 67 67 66 67 67 67 66 66 66 65 65 65 64 64 63 120 120 119 119 118 118 118 117 117 119 122 124 126 128 132 133 135 137 139 140 141 143 144 145 146 148 150 151 153 155 156 147 149 150 152 153 155 156 158 159 160 162 163 164 166
74 74 74 73 73 74 74 74 73 73 73 73 72 72 72 72 72 71 72 72 72 71 71 71 71 70 70 70 70 69 69 69 69 69 69 69 68 68 68 68 67 67 67 66 66 66 65 65 65 64 64 120 120 120 119 120 120 119 119 118 121 123 126 128 131 132 134 136 138 139 141 143 144 146 146 147 148 150 152 153 155 157 158 149 151 152 154 155 157 158 159 161 162 163 165 166
74 75 75 75 74 74 74 74 74 73 73 73 73 73 73 73 73 73 72 72 72 72 71 71 71 71 70 70 71 71 70 70 70 70 69 69 69 68 68 68 68 67 67 67 66 66 66 66 66 66 65 122 122 121 121 120 120 120 119 120 122 125 127 130 131 134 135 137 139 141 142 144 145 146 148 149 150 150 152 154 155 157 159 160 151 152 154 155 157 159 161 162 163 165 166 167
75 75 75 75 75 74 74 74 74 74 74 74 74 74 74 73 73 73 73 72 72 72 72 73 72 72 72 72 71 71 71 70 70 70 70 69 69 69 69 68 69 69 68 68 68 67 67 67 66 66 123 122 122 122 121 121 120 120 120 121 124 126 128 130 133 134 137 139 141 142 144 145 147 148 149 151 152 153 153 155 157 159 160 162 163 154 155 157 158 160 161 162 164 165 166 168
76 76 75 75 75 75 76 75 75 75 75 75 74 74 74 74 73 73 73 74 74 73 73 73 73 72 72 72 72 71 71 71 71 70 70 71 70 70 70 70 69 69 69 68 68 68 67 67 67 66 123 123 122 122 122 121 122 121 121 123 125 128 130 133 134 137 139 140 142 144 145 147 148 150 151 152 153 154 155 156 157 159 160 162 164 165 156 157 159 160 161 163 164 165 167 168
76 76 77 76 76 76 76 76 75 75 75 75 75 74 74 75 75 75 74 74 74 74 73 73 73 73 72 72 72 73 72 72 72 72 71 71 71 70 70 70 70 69 69 69 68 68 68 67 68 68 124 124 124 123 123 123 122 122 121 124 127 129 132 133 136 137 140 142 143 145 146 147 149 150 152 153 154 156 156 157 158 159 161 162 164 165 167 157 159 160 162 163 164 166 167 168
77 77 77 77 76 76 76 76 76 75 75 76 76 76 75 75 75 75 75 74 74 74 74 73 74 74 74 73 73 73 73 72 72 72 72 71 71 71 71 70 70 70 70 70 70 69 69 69 68 68 125 124 124 124 123 123 123 122 122 126 128 130 132 135 136 139 140 142 145 147 149 150 151 153 154 155 156 157 159 159 160 161 162 164 165 167 168 170 160 162 163 164 166 167 168 170
77 77 77 77 77 77 76 77 77 77 77 76 76 76 76 75 75 75 75 75 75 75 75 75 74 74 74 74 73 73 73 73 72 72 72 72 72 72 72 72 71 71 71 70 70 70 69 69 69 69 125 125 124 124 124 123 123 123 124 127 130 132 135 136 139 140 143 144 146 148 149 151 152 153 155 156 158 158 159 161 161 162 163 164 166 167 169 170 172 162 163 165 166 167 169 170
78 78 77 78 78 78 78 77 77 77 77 77 76 76 76 76 77 76 76 76 76 75 75 75 75 74 74 74 74 74 74 74 74 74 73 73 73 72 72 72 72 71 71 71 70 70 70 69 69 126 127 126 126 126 125 125 124 124 126 128 131 134 135 138 139 142 143 145 146 149 151 152 153 154 155 157 158 160 160 161 163 163 164 164 166 167 169 170 172 173 164 165 166 168 169 170
79 79 79 78 78 78 78 78 77 77 77 77 78 77 77 77 77 77 76 76 76 76 75 75 75 76 76 75 75 75 75 74 74 74 74 73 73 73 72 72 72 72 71 72 72 71 71 71 70 127 127 127 126 126 126 125 125 124 126 129 131 134 137 138 141 142 144 146 148 149 151 153 155 156 158 159 160 161 163 163 164 165 166 167 167 169 170 172 173 175 176 166 168 169 170 172
79 79 79 79 78 78 78 78 79 78 78 78 78 78 77 77 77 77 77 76 76 77 77 76 76 76 76 76 75 75 75 75 74 74 74 74 73 74 74 73 73 73 73 72 72 72 71 71 71 128 127 127 127 126 126 126 125 125 127 131 134 136 138 141 142 145 146 148 149 151 152 154 155 157 158 160 161 162 163 164 165 166 167 168 169 169 171 172 173 175 176 178 168 169 171 172
79 79 79 79 80 79 79 79 79 79 79 78 78 78 78 78 77 78 78 78 77 77 77 77 77 76 76 76 76 75 75 76 76 75 75 75 75 74 74 74 73 73 73 73 72 72 72 71 71 128 128 128 128 128 127 127 126 126 130 132 134 137 139 141 143 145 147 149 151 152 154 155 157 158 159 160 162 163 164 165 166 167 168 168 170 170 171 172 174 175 177 178 168 170 171 172
80 80 80 80 80 80 80 79 79 79 79 79 78 79 79 79 79 78 78 78 78 77 77 77 77 77 77 77 77 77 76 76 76 76 75 75 75 75 74 74 74 73 73 73 74 73 73 73 72 129 129 128 128 128 128 127 127 127 130 133 135 138 140 142 144 146 148 150 151 153 154 156 157 160 161 163 163 165 166 167 168 169 170 171 171 172 173 174 175 176 178 179 181 171 172 173
81 81 81 80 80 80 80 80 79 80 80 80 80 79 79 79 79 79 78 78 78 78 78 78 78 78 78 77 77 77 77 76 76 76 76 75 75 75 76 75 75 75 74 74 74 74 73 73 130 129 129 129 128 128 128 127 127 129 131 134 137 139 142 144 146 148 149 151 154 155 157 158 160 160 162 163 165 165 167 168 169 170 171 172 173 173 174 174 175 177 178 179 181 182 172 174
81 81 81 81 80 81 81 81 81 80 80 80 80 80 79 79 79 79 80 79 79 79 79 78 78 78 78 78 77 77 77 77 77 77 77 77 76 76 76 76 75 75 75 74 74 74 74 73 130 130 129 129 130 129 129 129 128 130 133 135 138 141 142 145 147 148 151 152 154 156 157 159 160 162 163 164 165 167 167 169 170 170 172 172 173 174 175 175 176 177 178 180 181 182 184 174
81 81 82 82 82 81 81 81 81 81 80 80 80 80 81 80 80 80 80 80 79 79 79 79 78 78 78 79 79 78 78 78 78 77 77 77 77 76 76 76 76 75 75 75 74 75 75 75 131 131 131 130 130 130 129 129 129 131 134 137 139 141 144 145 148 150 151 153 154 156 157 159 161 162 164 165 167 168 170 170 171 173 173 175 175 176 177 178 178 178 180 181 182 184 185 186
82 82 82 82 82 82 81 81 81 81 82 81 81 81 81 81 80 80 80 80 80 79 79 80 80 79 79 79 79 79 78 78 78 78 77 77 77 77 76 77 77 77 76 76 76 75 75 75 132 131 131 131 130 130 130 129 129 132 134 137 140 142 144 148 149 151 152 155 157 158 160 161 163 163 165 167 168 169 170 172 172 173 174 175 176 177 177 178 179 180 180 181 183 184 185 186
83 83 82 82 82 82 83 82 82 82 82 82 81 81 81 81 81 80 80 81 81 81 80 80 80 80 79 79 79 79 79 78 78 79 79 78 78 78 78 77 77 77 77 76 76 76 75 75 132 132 131 131 131 130 131 131 131 134 137 139 141 144 146 148 150 152 154 155 157 159 160 162 163 165 166 167 168 170 170 172 173 174 175 176 177 177 179 179 180 180 181 182 183 184 185 187
83 83 83 83 83 83 83 83 82 82 82 82 82 81 82 82 82 82 81 81 81 81 81 80 80 80 80 79 80 80 80 80 79 79 79 79 78 78 78 78 77 77 77 77 76 76 77 76 133 133 133 132 132 132 131 131 132 134 137 140 142 145 147 148 151 152 154 156 157 160 161 162 164 165 167 168 169 170 172 173 175 176 177 178 179 180 180 181 182 182 183 183 184 185 187 188
84 84 84 84 83 83 83 83 83 82 82 83 83 83 82 82 82 82 82 81 81 81 81 81 81 81 81 81 80 80 80 80 80 79 79 79 79 78 78 78 79 78 78 78 77 77 77 134 133 133 133 132 132 132 132 131 133 136 138 141 143 145 147 150 152 154 156 158 160 161 163 164 166 167 168 170 171 172 173 175 175 177 177 179 179 180 181 182 182 183 184 184 184 186 187 188
84 84 84 84 84 83 83 84 84 84 83 83 83 83 83 82 82 82 82 82 82 82 82 82 82 81 81 81 81 80 80 80 80 80 79 80 80 80 79 79 79 79 78 78 78 77 77 134 134 133 133 133 132 132 132 132 134 137 140 142 145 147 149 151 153 155 157 158 160 162 163 165 166 168 169 170 172 173 174 175 177 177 179 179 180 181 181 183 183 184 184 185 186 186 187 188
84 84 84 85 85 85 84 84 84 84 84 83 83 83 83 84 83 83 83 83 83 82 82 82 82 82 81 81 81 81 81 81 81 81 80 80 80 80 80 79 79 79 78 78 78 78 77 134 135 135 134 134 134 133 133 133 135 138 141 143 145 148 149 152 154 155 157 160 161 163 163 165 167 168 170 171 172 173 175 176 177 177 179 180 182 182 184 184 185 186 186 187 187 188 188 190
86 85 85 85 85 85 85 84 84 84 84 84 84 84 84 84 84 83 83 83 83 83 82 82 82 83 83 82 82 82 82 81 81 81 81 80 80 80 80 79 79 80 80 79 79 79 79 135 135 135 134 134 134 134 133 133 136 138 141 144 146 148 151 152 154 157 159 161 163 164 166 167 169 170 171 173 174 175 176 178 178 180 180 182 182 184 184 184 186 186 187 188 188 188 189 190
86 86 85 85 85 85 85 85 85 85 85 85 85 84 84 84 84 84 83 83 84 84 84 83 83 83 83 83 82 82 82 82 81 81 81 81 81 81 81 81 80 80 80 80 79 79 79 136 135 135 135 134 134 134 134 134 138 141 143 146 148 150 152 154 156 158 160 161 163 164 166 168 169 171 171 173 175 176 177 178 179 180 181 182 183 184 185 186 186 187 188 188 189 190 190 190
86 86 86 85 86 86 86 86 86 85 85 85 85 85 84 84 85 85 85 84 84 84 84 84 83 83 83 83 82 82 82 83 83 82 82 82 82 81 81 81 81 80 80 80 80 79 79 136 136 136 136 136 135 135 135 135 138 141 144 146 149 151 152 155 157 158 160 162 164 166 166 168 170 171 173 173 175 176 177 179 180 181 182 183 184 184 186 186 187 188 188 189 191 190 190 191
86 87 87 87 86 86 86 86 86 85 85 85 85 86 86 85 85 85 85 85 84 84 84 84 84 83 84 84 84 83 83 83 83 83 82 82 82 82 81 81 81 81 81 81 81 81 137 137 137 136 136 136 136 135 135 137 139 142 145 146 149 151 153 155 157 159 161 163 165 167 169 170 171 172 174 176 176 178 179 180 181 182 183 184 185 186 187 188 189 190 190 191 192 192 192 193
87 87 87 87 87 86 86 86 86 87 86 86 86 86 86 86 85 85 85 85 85 85 85 85 85 84 84 84 84 84 83 83 83 83 82 82 82 83 83 82 82 82 82 81 81 81 137 137 137 137 136 136 136 136 135 137 140 142 146 149 150 153 155 157 159 161 162 164 166 167 169 170 172 174 174 176 177 178 180 181 182 183 184 185 186 187 188 188 190 190 190 192 192 192 193 194
87 87 87 87 87 88 87 87 87 87 87 86 86 86 86 86 85 86 86 86 86 85 85 85 85 85 84 84 84 84 84 83 84 84 84 83 83 83 83 82 82 82 82 81 81 81 138 137 137 137 138 137 137 137 136 139 142 145 146 149 152 153 156 158 159 161 163 164 166 168 169 171 172 174 176 176 178 179 180 181 182 184 184 186 186 188 188 189 190 190 192 192 192 194 194 194
88 87 88 88 88 88 88 87 87 87 87 87 86 86 87 87 87 86 86 86 86 86 85 85 85 85 85 85 85 85 85 85 84 84 84 84 83 83 83 83 82 82 82 82 82 82 139 139 138 138 138 137 137 137 137 139 142 145 147 150 152 154 156 158 160 162 164 165 167 169 171 172 174 175 177 178 179 181 181 183 184 185 186 187 188 189 189 191 191 193 193 193 194 195 195 196
89 89 88 88 88 88 88 87 87 87 88 88 88 87 87 87 87 87 86 86 86 86 87 86 86 86 86 86 85 85 85 85 84 84 84 84 84 83 84 84 84 83 83 83 83 82 139 139 139 138 138 138 137 137 137 141 143 145 148 151 153 156 157 160 162 163 165 167 168 170 172 173 175 175 177 179 179 181 182 183 185 185 187 187 189 189 191 191 192 193 193 194 195 196 196 196
