testData/tiles/oneDegree/grid22.0-40.0-23.0-41.0.asc
ncols   200
nrows   200
xllcorner   22.0
yllcorner   40.0
cellsize   0.005
NODATA_value   -9999.0
[rows 126 to 167 of 200, columns 0 to 93 of 200]
596 596 596 596 596 596 596 596 596 596 595 595 595 595 595 595 595 595 595 595 595 595 595 595 595 595 594 594 594 594 594 594 594 594 619 619 619 619 617 617 617 617 617 617 617 617 617 616 616 616 616 616 616 616 616 615 615 615 615 615 615 614 614 614 614 613 613 612 612 612 612 612 728 728 728 728 728 728 727 727 727 727 726 726 726 726 726 725 725 725 725 723 723 723
596 596 596 596 596 596 596 596 596 596 595 595 595 595 595 594 594 594 594 594 594 594 594 594 594 594 594 594 594 594 594 594 594 593 618 618 618 618 617 617 617 617 617 616 616 616 616 616 616 616 616 615 615 615 615 615 615 615 614 614 614 614 614 614 613 612 612 612 729 729 728 728 728 728 728 727 727 727 727 727 726 726 726 726 726 725 725 725 725 724 724 723 723 722
595 595 595 595 595 595 595 595 595 594 594 594 594 594 594 594 594 594 594 594 594 594 594 594 594 593 593 593 593 593 593 593 593 618 618 618 618 617 616 616 616 616 616 616 616 616 616 615 615 615 615 615 615 615 614 614 614 614 614 614 614 613 613 613 612 729 729 728 728 728 728 728 727 727 727 727 727 727 726 726 726 726 725 725 725 725 725 724 724 724 724 722 722 722
595 595 595 595 595 595 595 595 595 594 594 594 594 593 593 593 593 593 593 593 593 593 593 593 593 593 593 593 593 593 593 593 592 617 617 617 617 616 616 616 616 616 615 615 615 615 615 615 615 615 615 614 614 614 614 614 614 614 613 613 613 613 730 730 728 728 728 728 728 728 727 727 727 727 727 726 726 726 726 726 725 725 725 725 725 724 724 724 724 723 723 722 722 722
594 594 594 594 594 594 594 594 593 593 593 593 593 593 593 593 593 593 593 593 593 593 593 593 592 592 592 592 592 592 592 592 592 617 617 617 617 615 615 615 615 615 615 615 615 615 615 614 614 614 614 614 614 614 613 613 613 613 613 730 730 729 729 729 728 728 728 727 727 727 727 727 726 726 726 726 726 726 725 725 725 725 724 724 724 724 724 723 723 723 723 722 721 721
594 594 594 594 594 594 594 594 593 592 592 592 592 592 592 592 592 592 592 592 592 592 592 592 592 592 592 592 592 592 592 591 591 616 616 616 615 615 615 615 615 615 614 614 614 614 614 614 614 614 613 613 613 613 613 613 730 730 729 729 729 729 729 729 727 727 727 727 727 727 726 726 726 726 726 725 725 725 725 725 724 724 724 724 724 723 723 723 723 722 722 721 721 721
593 593 593 593 593 593 593 592 592 592 592 592 592 592 592 592 592 592 592 592 592 592 592 591 591 591 591 591 591 591 591 591 616 616 616 616 615 614 614 614 614 614 614 614 614 614 613 613 613 613 613 613 613 613 729 729 729 729 729 729 729 728 728 727 727 727 727 726 726 726 726 726 725 725 725 725 725 725 724 724 724 724 724 723 723 723 723 722 722 722 721 721 720 720
592 592 592 592 592 592 592 591 591 591 591 591 591 591 591 591 591 591 591 591 591 591 591 591 591 591 591 591 591 591 590 590 615 615 615 615 614 614 614 614 614 613 613 613 613 613 613 613 613 613 612 729 729 729 729 729 729 728 728 728 728 728 728 727 726 726 726 726 726 726 725 725 725 725 725 724 724 724 724 724 723 723 723 723 723 722 722 722 722 722 720 720 720 720
664 664 592 592 592 592 591 591 591 591 591 591 591 591 591 591 591 591 591 591 591 591 590 590 590 590 590 590 590 590 590 590 615 615 615 614 613 613 613 613 613 613 613 613 613 613 612 612 612 729 729 729 729 729 728 728 728 728 728 728 728 727 727 726 726 726 726 725 725 725 725 725 724 724 724 724 724 724 723 723 723 723 723 722 722 722 722 721 721 721 720 720 719 719
663 663 663 663 591 590 590 590 590 590 590 590 590 590 590 590 590 590 590 590 590 590 590 590 590 590 590 590 590 589 589 589 614 614 614 613 613 613 613 613 613 612 612 612 612 612 729 729 729 729 728 728 728 728 728 728 728 727 727 727 727 727 727 726 725 725 725 725 725 725 724 724 724 724 724 723 723 723 723 723 722 722 722 722 722 721 721 721 721 721 719 719 719 719
663 663 663 663 663 662 590 590 590 590 590 590 590 590 590 590 590 590 590 590 589 589 589 589 589 589 589 589 589 589 589 589 614 614 613 612 612 612 612 612 612 612 612 612 729 728 728 728 728 728 728 728 728 727 727 727 727 727 727 727 726 726 725 725 725 725 725 724 724 724 724 724 723 723 723 723 723 723 722 722 722 722 722 721 721 721 721 720 720 720 719 719 718 718
662 662 662 662 661 661 661 589 589 589 589 589 589 589 589 589 589 589 589 589 589 589 589 589 589 589 589 589 589 588 588 613 613 613 612 612 612 612 612 612 611 728 728 728 728 728 728 728 728 727 727 727 727 727 727 727 727 726 726 726 726 726 725 725 724 724 724 724 724 724 723 723 723 723 723 722 722 722 722 722 721 721 721 721 721 720 720 720 720 719 718 718 718 718
662 662 662 661 661 661 661 661 661 589 589 589 589 589 589 589 589 589 589 588 588 588 588 588 588 588 588 588 588 588 588 613 613 613 612 611 611 611 611 728 728 728 728 728 728 727 727 727 727 727 727 727 727 726 726 726 726 726 726 726 725 725 724 724 724 724 724 723 723 723 723 723 722 722 722 722 722 722 721 721 721 721 721 720 720 720 720 720 719 718 718 718 717 717
661 661 660 660 660 660 660 660 660 660 660 588 588 588 588 588 588 588 588 588 588 588 588 588 588 588 588 588 587 587 587 612 612 611 611 611 611 728 728 728 727 727 727 727 727 727 727 727 727 726 726 726 726 726 726 726 726 725 725 725 725 724 724 723 723 723 723 723 723 722 722 722 722 722 722 721 721 721 721 721 720 720 720 720 720 719 719 719 719 718 717 717 717 717
661 661 660 660 660 660 660 660 660 660 660 660 660 588 588 588 588 587 587 587 587 587 587 587 587 587 587 587 587 587 587 612 612 611 610 727 727 727 727 727 727 727 727 727 727 726 726 726 726 726 726 726 726 725 725 725 725 725 725 725 724 723 723 723 723 723 722 722 722 722 722 722 721 721 721 721 721 721 720 720 720 720 720 719 719 719 719 719 717 717 717 717 716 716
660 659 659 659 659 659 659 659 659 659 659 659 659 659 587 587 587 587 587 587 587 587 587 587 587 587 587 586 586 586 611 611 610 727 727 727 727 727 727 726 726 726 726 726 726 726 726 726 726 725 725 725 725 725 725 725 724 724 724 724 724 723 723 722 722 722 722 722 722 721 721 721 721 721 721 720 720 720 720 720 719 719 719 719 719 718 718 718 717 717 716 716 716 716
659 659 659 659 659 659 659 659 659 659 659 659 659 659 659 658 586 586 586 586 586 586 586 586 586 586 586 586 586 586 611 728 727 726 726 726 726 726 726 726 726 726 726 726 725 725 725 725 725 725 725 725 725 724 724 724 724 724 724 724 722 722 722 722 722 722 721 721 721 721 721 721 720 720 720 720 720 720 719 719 719 719 719 718 718 718 718 718 716 716 716 716 715 715
658 658 658 658 658 658 658 658 658 658 658 658 658 658 658 658 658 658 586 586 586 586 586 586 586 586 585 585 585 702 727 726 726 726 726 726 726 726 726 725 725 725 725 725 725 725 725 725 724 724 724 724 724 724 724 724 723 723 723 723 722 722 722 721 721 721 721 721 721 720 720 720 720 720 720 719 719 719 719 719 718 718 718 718 718 717 717 717 716 716 715 715 715 715
658 658 658 658 658 658 658 658 658 658 658 658 657 657 657 657 657 657 657 585 585 585 585 585 585 585 585 702 702 702 727 726 726 725 725 725 725 725 725 725 725 725 725 725 724 724 724 724 724 724 724 724 723 723 723 723 723 723 723 723 721 721 721 721 721 721 720 720 720 720 720 720 719 719 719 719 719 719 718 718 718 718 718 717 717 717 717 716 715 715 715 715 714 714
657 657 657 657 657 657 657 657 657 657 657 657 657 657 657 657 657 657 657 657 657 585 585 585 584 701 701 701 701 701 725 725 725 725 725 725 725 725 724 724 724 724 724 724 724 724 724 724 723 723 723 723 723 723 723 723 722 722 722 721 721 721 721 720 720 720 720 720 720 719 719 719 719 719 719 718 718 718 718 718 717 717 717 717 717 716 716 715 715 715 714 714 714 714
656 656 656 656 657 656 656 656 656 656 656 656 656 656 656 656 656 656 656 656 656 656 656 701 701 701 701 701 701 725 725 725 724 724 724 724 724 724 724 724 724 724 724 723 723 723 723 723 723 723 723 723 722 722 722 722 722 722 722 720 720 720 720 720 720 720 719 719 719 719 719 719 718 718 718 718 718 718 717 717 717 717 717 716 716 716 716 715 714 714 714 714 714 713
656 656 656 656 656 656 656 656 656 656 656 656 656 656 656 656 656 656 656 656 656 773 773 772 700 700 700 700 700 724 724 724 724 724 724 724 724 724 723 723 723 723 723 723 723 723 723 723 722 722 722 722 722 722 722 722 721 721 720 720 720 720 720 719 719 719 719 719 719 718 718 718 718 718 718 717 717 717 717 717 716 716 716 716 716 715 714 714 714 714 713 713 713 713
655 655 655 655 655 655 655 655 655 655 655 655 655 655 655 655 655 655 655 772 772 772 772 772 772 772 700 700 699 724 724 723 723 723 723 723 723 723 723 723 723 723 723 722 722 722 722 722 722 722 722 722 721 721 721 721 721 721 720 719 719 719 719 719 719 719 718 718 718 718 718 718 717 717 717 717 717 717 716 716 716 716 716 715 715 715 714 714 713 713 713 713 713 712
655 655 655 655 655 655 655 655 655 655 655 655 655 655 655 655 655 655 772 772 772 772 771 771 771 771 771 699 698 723 723 723 723 723 723 723 723 722 722 722 722 722 722 722 722 722 722 721 721 721 721 721 721 721 721 720 720 719 719 719 719 719 719 718 718 718 718 718 718 717 717 717 717 717 717 716 716 716 716 716 715 715 715 715 715 714 713 713 713 713 712 712 712 712
654 654 654 654 654 654 654 654 654 654 654 654 654 654 654 654 771 771 771 771 771 771 771 771 771 771 771 770 770 723 722 722 722 722 722 722 722 722 722 722 722 722 721 721 721 721 721 721 721 721 721 720 720 720 720 720 720 719 719 718 718 718 718 718 718 718 717 717 717 717 717 717 716 716 716 716 716 716 715 715 715 715 715 714 714 713 713 713 712 712 712 712 712 711
654 654 654 654 654 654 654 654 654 654 654 654 654 654 771 771 771 771 771 771 770 770 770 770 770 770 769 769 794 794 722 722 722 722 722 722 721 721 721 721 721 721 721 721 721 721 721 720 720 720 720 720 720 720 720 719 719 718 718 718 718 718 717 717 717 717 717 717 717 716 716 716 716 716 716 715 715 715 715 715 714 714 714 714 714 712 712 712 712 712 711 711 711 711
653 653 653 653 653 653 653 653 653 653 653 653 653 770 770 770 770 770 770 770 770 770 770 770 770 770 769 769 794 793 793 793 721 721 721 721 721 721 721 721 721 721 720 720 720 720 720 720 720 720 720 719 719 719 719 719 718 718 718 717 717 717 717 717 717 717 716 716 716 716 716 716 715 715 715 715 715 715 714 714 714 714 714 713 713 712 712 712 711 711 711 711 711 711
653 653 653 653 653 653 653 653 653 653 653 770 770 770 770 770 770 770 769 769 769 769 769 769 769 768 768 768 793 793 793 793 793 721 721 721 720 720 720 720 720 720 720 720 720 720 719 719 719 719 719 719 719 719 719 718 717 717 717 717 717 717 716 716 716 716 716 716 716 715 715 715 715 715 715 714 714 714 714 714 713 713 713 713 712 711 711 711 711 711 711 711 711 711
652 652 652 652 652 652 652 652 652 769 769 769 769 769 769 769 769 769 769 769 769 769 769 769 768 768 768 768 792 792 792 792 792 792 792 720 720 720 720 720 720 719 719 719 719 719 719 719 719 719 719 718 718 718 718 717 717 717 716 716 716 716 716 716 716 715 715 715 715 715 715 715 714 714 714 714 714 713 713 713 713 713 713 712 711 711 711 711 711 711 711 711 711 711
652 652 652 652 652 652 652 652 769 769 769 769 769 769 769 769 768 768 768 768 768 768 768 767 767 767 767 767 792 792 792 792 792 792 792 791 719 719 719 719 719 719 719 719 719 719 718 718 718 718 718 718 718 718 717 716 716 716 716 716 716 716 715 715 715 715 715 715 715 714 714 714 714 714 714 713 713 713 713 713 712 712 712 711 711 711 711 711 711 711 711 711 711 711
651 651 651 651 651 651 768 768 768 768 768 768 768 768 768 768 768 768 768 768 768 768 768 767 767 767 767 791 791 791 791 791 791 791 791 791 791 791 719 719 718 718 718 718 718 718 718 718 718 718 717 717 717 717 716 716 716 716 715 715 715 715 715 715 715 714 714 714 714 714 714 714 713 713 713 713 713 712 712 712 712 712 712 711 711 711 711 711 711 711 711 711 711 711
651 651 651 651 651 768 768 768 768 768 768 768 768 768 767 767 767 767 767 767 767 767 766 766 766 766 766 791 791 791 791 791 791 791 790 790 790 790 790 718 718 718 718 718 718 717 717 717 717 717 717 717 717 716 715 715 715 715 715 715 715 715 714 714 714 714 714 714 713 713 713 713 713 713 713 712 712 712 712 712 712 712 712 711 711 711 711 711 711 711 711 711 711 711
650 650 650 767 767 767 767 767 767 767 767 767 767 767 767 767 767 767 767 767 767 766 766 766 766 766 765 790 790 790 790 790 790 790 790 790 790 790 790 790 789 717 717 717 717 717 717 717 717 717 716 716 716 715 715 715 715 715 714 714 714 714 714 714 714 713 713 713 713 713 713 712 712 712 712 712 712 712 712 712 712 712 711 711 711 711 711 711 711 711 711 711 711 711
650 650 767 767 767 767 767 767 767 767 766 766 766 766 766 766 766 766 766 766 765 765 765 765 765 765 765 790 790 790 790 790 790 789 789 789 789 789 789 789 789 789 717 717 717 716 716 716 716 716 716 716 715 715 714 714 714 714 714 714 714 713 713 713 713 713 713 713 712 712 712 712 712 712 712 712 712 712 712 712 712 712 711 711 711 711 711 711 711 711 711 711 711 711
766 766 766 766 766 766 766 766 766 766 766 766 766 766 766 766 766 766 766 765 765 765 765 765 765 764 764 789 789 789 789 789 789 789 789 789 789 789 789 788 788 788 788 788 716 716 716 716 716 715 715 715 714 714 714 714 714 714 713 713 713 713 713 713 713 712 712 712 712 712 712 712 712 712 712 712 712 712 712 712 712 711 711 711 711 711 711 711 711 711 711 711 711 711
765 765 765 765 765 765 765 765 765 765 765 765 765 765 765 765 765 765 764 764 764 764 764 764 764 764 764 789 789 789 789 789 788 788 788 788 788 788 788 788 788 788 788 788 787 715 715 715 715 715 715 714 714 713 713 713 713 713 713 713 713 712 712 712 712 712 712 712 712 712 712 712 712 712 712 712 712 712 712 712 712 711 711 711 711 711 711 711 711 711 711 711 711 711
765 765 765 765 765 765 765 765 765 765 765 765 765 765 765 765 765 764 764 764 764 764 764 763 763 763 788 788 788 788 788 788 788 788 788 788 788 788 787 787 787 787 787 787 787 787 787 715 715 714 714 713 713 713 713 713 713 712 712 712 712 712 712 712 712 712 712 712 712 712 712 712 712 712 712 712 712 712 712 712 711 711 711 711 711 711 711 711 711 711 711 711 711 711
764 764 764 764 764 764 764 764 764 764 764 764 764 764 764 764 763 763 763 763 763 763 763 763 763 763 788 788 788 788 788 787 787 787 787 787 787 787 787 787 787 787 787 787 786 786 786 786 714 714 713 713 713 712 712 712 712 712 712 712 712 712 712 712 712 712 712 712 712 712 712 712 712 712 712 712 712 712 712 712 711 711 711 711 711 711 711 711 711 711 711 711 711 711
764 764 764 764 764 764 764 764 764 764 764 764 764 764 764 763 763 763 763 763 763 763 762 762 762 762 787 787 787 787 787 787 787 787 787 787 787 787 786 786 786 786 786 786 786 786 786 786 785 712 712 712 712 712 712 712 712 712 712 712 712 712 712 712 712 712 712 712 712 712 712 712 712 712 712 712 712 712 712 711 711 711 711 711 711 711 711 711 711 711 711 711 711 711
763 763 763 763 763 763 763 763 763 763 763 763 763 763 762 762 762 762 762 762 762 762 762 762 762 762 787 787 787 787 786 786 786 786 786 786 786 786 786 786 786 786 786 785 785 785 785 785 785 784 784 712 712 712 712 712 712 712 712 712 712 712 712 712 712 712 712 712 712 712 712 712 712 712 712 712 712 712 712 711 711 711 711 711 711 711 711 711 711 711 711 711 711 711
763 763 763 763 763 763 763 763 763 763 763 763 763 762 762 762 762 762 762 762 761 761 761 761 761 761 786 786 786 786 786 786 786 786 786 786 786 785 785 785 785 785 785 785 785 785 785 785 784 784 784 784 712 712 712 712 712 712 712 712 712 712 712 712 712 712 712 712 712 712 712 712 712 712 712 712 712 712 711 711 711 711 711 711 711 711 711 711 711 711 711 711 711 711
762 762 762 762 762 762 762 762 762 762 762 762 761 761 761 761 761 761 761 761 761 761 761 761 761 761 786 786 786 785 785 785 785 785 785 785 785 785 785 785 785 785 785 785 785 785 785 784 784 784 784 784 784 712 712 712 712 712 712 712 712 712 712 712 712 712 712 712 712 712 712 712 712 712 712 712 712 712 711 711 711 711 711 711 711 711 711 711 711 711 711 711 711 711
