testData/tiles/oneDegree/grid9.0-47.0-10.0-48.0.asc
ncols   200
nrows   200
xllcorner   9.0
yllcorner   47.0
cellsize   0.005
NODATA_value   -9999.0
[rows 90 to 134 of 200, columns 96 to 191 of 200]
95 95 95 94 94 94 94 94 94 94 94 93 93 93 93 93 93 93 93 92 92 92 92 92 92 137 137 137 137 137 141 145 149 152 156 159 162 165 129 132 134 137 100 103 105 107 109 111 113 115 117 119 120 122 124 126 127 129 130 132 133 135 136 138 139 141 142 144 145 146 148 149 150 151 153 154 155 156 157 159 160 161 162 163 164 165 166 167 168 169 170 171 172 173 174 175
95 95 95 94 94 94 94 94 94 94 94 93 93 93 93 93 93 93 93 92 92 92 92 92 92 92 133 133 137 137 138 143 147 150 154 157 160 163 128 131 133 136 138 101 104 106 108 110 112 114 116 118 119 121 123 125 126 128 129 131 133 134 136 137 139 140 141 143 144 145 147 148 149 151 152 153 154 155 157 158 159 160 161 162 163 164 166 167 168 169 170 171 172 173 174 175
95 95 95 94 94 94 94 94 94 94 94 93 93 93 93 93 93 93 93 92 92 92 92 92 92 92 133 133 133 133 133 141 145 149 152 155 159 162 126 129 132 134 137 139 102 105 107 109 111 113 115 117 118 120 122 124 125 127 129 130 132 133 135 136 138 139 141 142 143 145 146 147 149 150 151 152 153 155 156 157 158 159 160 162 163 164 165 166 167 168 169 170 171 172 173 174
95 95 94 94 94 94 94 94 94 94 94 93 93 93 93 93 93 93 93 92 92 92 92 92 92 92 92 133 133 133 133 134 139 143 150 154 157 160 163 128 130 133 135 138 101 103 105 108 110 112 114 115 117 119 121 123 124 126 128 129 131 132 134 135 137 138 140 141 142 144 145 146 148 149 150 152 153 154 155 156 157 159 160 161 162 163 164 165 166 167 168 169 170 171 172 173
95 95 94 94 94 94 94 94 94 94 93 93 93 93 93 93 93 93 92 92 92 92 92 92 92 92 92 133 133 133 133 133 136 141 144 148 151 158 161 126 129 132 134 137 139 102 104 106 109 111 112 114 116 118 120 122 123 125 127 128 130 131 133 134 136 137 139 140 142 143 144 146 147 148 149 151 152 153 154 156 157 158 159 160 161 162 163 164 166 167 168 169 170 171 172 173
95 95 94 94 94 94 94 94 94 94 93 93 93 93 93 93 93 93 92 92 92 92 92 92 92 92 92 92 133 133 133 133 134 138 142 146 150 153 156 121 128 130 133 135 138 140 103 105 107 109 111 113 115 117 119 121 122 124 126 127 129 131 132 134 135 137 138 139 141 142 144 145 146 147 149 150 151 152 154 155 156 157 158 159 161 162 163 164 165 166 167 168 169 170 171 172
95 95 94 94 94 94 94 94 94 94 93 93 93 93 93 93 93 93 92 92 92 92 92 92 92 92 92 92 133 133 133 133 133 136 140 144 148 151 154 157 122 125 127 134 136 139 141 104 106 108 110 112 114 116 118 120 121 123 125 126 128 130 131 133 134 136 137 139 140 141 143 144 145 147 148 149 150 152 153 154 155 156 158 159 160 161 162 163 164 165 166 167 168 169 170 171
95 94 94 94 94 94 94 94 94 94 93 93 93 93 93 93 93 93 92 92 92 92 92 92 92 92 92 92 92 133 133 133 133 134 138 142 146 149 153 156 120 123 126 128 131 133 136 142 105 107 109 111 113 115 117 119 120 122 124 125 127 129 130 132 133 135 136 138 139 140 142 143 145 146 147 148 150 151 152 153 154 156 157 158 159 160 161 162 163 164 165 167 168 169 170 171
95 94 94 94 94 94 94 94 94 93 93 93 93 93 93 93 93 92 92 92 92 92 92 92 92 92 92 92 92 133 133 133 133 133 136 140 144 147 151 154 119 122 124 127 130 132 134 137 139 102 104 110 112 114 116 118 119 121 123 124 126 128 129 131 132 134 135 137 138 140 141 142 144 145 146 148 149 150 151 152 154 155 156 157 158 159 160 162 163 164 165 166 167 168 169 170
95 94 94 94 94 94 94 94 94 93 93 93 93 93 93 93 93 92 92 92 92 92 92 92 92 92 92 92 92 92 133 133 133 133 133 138 142 145 149 152 155 120 123 126 128 131 133 135 137 140 103 105 107 109 111 116 118 120 122 123 125 127 128 130 131 133 134 136 137 139 140 141 143 144 145 147 148 149 150 152 153 154 155 156 158 159 160 161 162 163 164 165 166 167 168 169
95 94 94 94 94 94 94 94 94 93 93 93 93 93 93 93 93 92 92 92 92 92 92 92 92 92 92 92 92 92 92 133 133 133 133 135 140 143 147 150 154 119 121 124 127 129 132 134 136 138 141 104 106 108 109 111 113 115 117 122 124 126 127 129 130 132 133 135 136 138 139 141 142 143 145 146 147 148 150 151 152 153 154 156 157 158 159 160 161 162 163 164 165 166 167 168
94 94 94 94 94 94 94 94 93 93 93 93 93 93 93 93 93 92 92 92 92 92 92 92 92 92 92 92 92 92 92 133 133 133 133 133 137 141 145 149 152 117 120 123 125 128 130 133 135 137 139 141 104 106 108 110 112 114 116 117 119 121 122 124 126 131 133 134 135 137 138 140 141 142 144 145 146 148 149 150 151 152 154 155 156 157 158 159 160 162 163 164 165 166 167 168
94 94 94 94 94 94 94 94 93 93 93 93 93 93 93 93 92 92 92 92 92 92 92 92 92 92 92 92 92 92 92 92 133 133 133 133 135 139 143 147 150 153 118 121 124 126 129 131 134 136 138 140 142 105 107 109 111 113 115 116 118 120 121 123 125 126 128 129 131 132 137 139 140 142 143 144 145 147 148 149 150 152 153 154 155 156 157 159 160 161 162 163 164 165 166 167
94 94 94 94 94 94 94 94 93 93 93 93 93 93 93 93 92 92 92 92 92 92 92 92 92 92 92 92 92 92 92 92 133 133 133 133 133 137 141 145 148 151 116 119 122 125 127 130 132 135 137 139 141 143 106 108 110 112 113 115 117 119 120 122 124 125 127 128 130 131 133 134 135 137 138 139 141 146 147 148 150 151 152 153 154 156 157 158 159 160 161 162 163 164 165 166
94 94 94 94 94 94 94 94 93 93 93 93 93 93 93 93 92 92 92 92 92 92 92 92 92 92 92 92 92 92 92 92 92 133 133 133 133 134 139 143 146 149 115 118 121 123 126 128 131 133 135 138 140 142 144 107 109 111 112 114 116 118 119 121 123 124 126 127 129 130 132 133 134 136 137 138 140 141 142 144 145 146 147 148 150 151 156 157 158 159 160 161 162 163 164 165
94 94 94 94 94 94 94 93 93 93 93 93 93 93 93 93 92 92 92 92 92 92 92 92 92 92 92 92 92 92 92 92 92 133 133 133 133 133 136 140 225 148 113 116 119 122 124 127 129 132 134 136 138 141 143 145 108 109 111 113 115 117 118 120 122 123 125 126 128 129 131 132 133 135 136 138 139 140 141 143 144 145 146 148 149 150 151 152 153 154 156 157 158 159 160 161
94 94 94 94 94 94 94 93 93 93 93 93 93 93 93 92 92 92 92 92 92 92 92 92 92 92 92 92 92 92 92 92 173 173 214 214 214 214 215 219 223 227 230 195 198 201 204 206 209 130 133 135 137 139 141 143 106 108 110 112 114 115 117 119 120 122 124 125 127 128 130 131 133 134 135 137 138 139 141 142 143 144 146 147 148 149 150 151 153 154 155 156 157 158 159 160
94 94 94 94 94 94 94 93 93 93 93 93 93 93 93 92 92 92 92 92 92 92 92 92 92 92 92 92 173 173 173 173 173 173 214 214 214 214 214 217 221 224 228 193 196 199 202 205 207 210 212 215 217 138 140 142 144 107 109 111 113 114 116 118 119 121 123 124 126 127 129 130 132 133 134 136 137 138 140 141 142 143 145 146 147 148 149 151 152 153 154 155 156 157 158 159
94 94 94 94 94 94 93 93 93 93 93 93 93 93 93 92 92 92 92 92 92 92 92 92 92 173 173 173 173 173 173 173 173 173 173 214 214 214 214 214 218 222 226 191 195 198 200 203 206 208 211 213 215 218 220 222 143 145 108 110 111 113 115 117 118 120 122 123 125 126 128 129 131 132 133 135 136 138 139 140 141 143 144 145 146 147 149 150 151 152 153 154 155 156 157 158
94 94 94 94 94 94 93 93 93 93 93 93 93 93 92 92 92 92 92 92 92 92 92 173 173 173 173 173 173 173 173 173 173 173 173 173 214 214 214 214 216 220 224 227 193 196 199 202 204 207 209 212 214 216 218 221 223 225 146 108 110 112 114 116 117 119 121 122 124 125 127 128 130 131 133 134 135 137 138 139 140 142 143 144 145 147 148 149 150 151 152 153 155 156 157 158
94 94 94 94 94 94 93 93 93 93 93 93 93 93 92 92 92 92 92 92 92 173 173 173 173 173 173 173 173 173 173 173 173 173 173 173 214 214 214 214 214 218 222 225 191 194 197 200 203 205 208 210 213 215 217 219 221 223 225 227 109 111 113 114 116 118 119 121 123 124 126 127 129 130 132 133 134 136 137 138 140 141 142 143 145 146 147 148 149 150 151 153 154 155 156 157
94 94 94 94 94 93 93 93 93 93 93 93 93 93 92 92 92 92 92 173 173 173 173 173 173 173 173 173 173 173 173 173 173 173 173 173 173 214 214 214 214 215 219 223 189 192 195 198 201 204 206 209 211 213 216 218 220 222 224 226 228 191 112 113 115 117 118 120 122 123 125 126 128 129 131 132 133 135 136 137 139 140 141 142 144 145 146 147 148 150 151 152 153 154 155 156
94 94 94 94 94 93 93 93 93 93 93 93 93 92 92 92 92 173 173 173 173 173 173 173 173 173 173 173 173 173 173 173 173 173 173 173 173 214 214 214 214 214 217 221 186 190 193 196 199 202 205 207 210 212 214 217 219 221 223 225 227 229 191 193 114 116 117 119 121 122 124 125 127 128 130 131 132 134 135 136 138 139 140 142 143 144 145 146 148 149 150 151 152 153 154 155
94 94 94 94 94 93 93 93 93 93 93 93 93 92 92 92 173 173 173 173 173 173 173 173 173 173 173 173 173 173 173 173 173 173 173 173 173 173 214 214 214 214 214 218 222 188 191 194 197 200 203 206 208 211 213 215 217 219 221 223 225 227 190 192 194 114 116 118 119 121 123 124 126 127 129 130 131 133 134 135 137 138 139 141 142 143 144 146 147 148 149 150 151 152 153 154
94 94 94 94 93 93 93 93 93 93 93 93 93 92 173 173 173 173 173 173 173 173 173 173 173 173 173 173 173 173 173 173 173 173 173 173 173 173 173 214 214 214 214 216 220 186 189 192 196 198 201 204 207 209 211 214 216 218 220 222 224 226 228 191 193 194 196 117 118 120 122 123 125 126 128 129 130 132 133 135 136 137 138 140 141 142 143 145 146 147 148 149 150 151 153 154
94 94 94 94 93 93 93 93 93 93 93 93 92 173 173 173 173 173 173 173 173 173 173 173 173 173 173 173 173 173 173 173 173 173 173 173 173 173 173 214 214 214 214 214 217 183 187 190 194 197 200 202 205 207 210 212 214 217 219 221 223 225 227 229 191 193 195 197 117 119 120 122 124 125 127 128 129 131 132 134 135 136 138 139 140 141 143 144 145 146 147 148 150 151 152 153
94 94 94 94 93 93 93 93 93 93 93 174 173 173 173 173 173 173 173 173 173 173 173 173 173 173 173 173 173 173 173 173 173 173 173 173 173 173 173 173 214 214 214 214 215 181 185 188 192 195 198 201 203 206 208 211 213 215 217 219 221 223 225 227 229 192 194 195 197 199 119 121 122 124 125 127 128 130 131 133 134 135 137 138 139 140 142 143 144 145 146 148 149 150 151 152
94 94 94 93 93 93 93 93 93 93 174 174 173 173 173 173 173 173 173 173 173 173 173 173 173 173 173 173 173 173 173 173 173 173 173 173 173 173 173 173 214 214 214 214 214 216 182 186 189 193 196 199 201 204 207 209 211 214 216 218 220 222 224 226 228 230 192 194 196 198 199 120 121 123 124 126 127 129 130 132 133 134 136 137 138 139 141 142 143 144 145 147 148 149 150 151
94 94 94 93 93 93 93 93 93 174 174 173 173 173 173 173 173 173 173 173 173 173 173 173 173 173 173 173 173 173 173 173 173 173 173 173 173 173 173 173 173 214 214 214 214 214 180 184 187 191 194 197 200 202 205 207 210 212 214 217 219 221 223 225 227 228 191 193 195 196 198 200 120 122 123 125 126 128 129 131 132 133 135 136 137 138 140 141 142 143 145 146 147 148 149 150
94 94 94 93 93 93 93 93 174 174 174 173 173 173 173 173 173 173 173 173 173 173 173 173 173 173 173 173 173 173 173 173 173 173 173 173 173 173 173 173 173 173 214 214 214 214 177 181 185 189 192 195 198 201 203 206 208 211 213 215 217 219 221 223 225 227 229 192 194 195 197 199 200 121 122 124 125 127 128 130 131 132 134 135 136 138 139 140 141 142 144 145 146 147 148 149
94 94 93 93 93 93 174 174 174 174 174 173 173 173 173 173 173 173 173 173 173 173 173 173 173 173 173 173 173 173 173 173 173 173 173 173 173 173 173 173 173 173 214 214 214 214 176 179 183 186 190 193 196 199 202 204 207 209 211 214 216 218 220 222 224 226 228 230 192 194 196 197 199 201 202 123 124 126 127 129 130 131 133 134 135 137 138 139 140 142 143 144 145 146 147 148
94 94 93 93 93 174 174 174 174 174 173 173 173 173 173 173 173 173 173 173 173 173 173 173 173 173 173 173 173 173 173 173 173 173 173 173 173 173 173 173 173 173 173 214 214 214 214 176 180 184 187 191 194 197 200 202 205 207 210 212 214 217 219 221 223 225 226 228 230 193 195 196 198 199 201 203 123 125 126 127 129 130 132 133 134 136 137 138 139 141 142 143 144 145 146 148
94 93 93 93 174 174 174 174 174 174 173 173 173 173 173 173 173 173 173 173 173 173 173 173 173 173 173 173 173 173 173 173 173 173 173 173 173 173 173 173 173 173 173 173 214 214 214 176 177 181 185 189 192 195 198 201 203 206 208 211 213 215 217 219 221 223 225 227 229 231 193 195 197 198 200 201 203 123 125 126 128 129 131 132 133 135 136 137 138 140 141 142 143 144 146 147
94 93 93 174 174 174 174 174 174 174 173 173 173 173 173 173 173 173 173 173 173 173 173 173 173 173 173 173 173 173 173 173 173 173 173 173 173 173 173 173 173 173 173 173 214 214 214 176 176 179 183 186 190 193 196 199 201 204 207 209 211 214 216 218 220 222 224 226 227 229 192 194 195 197 199 200 202 203 124 125 127 128 130 131 132 134 135 136 137 139 140 141 142 143 145 146
94 93 174 174 174 174 174 174 174 173 173 173 173 173 173 173 173 173 173 173 173 173 173 173 173 173 173 173 173 173 173 173 173 173 173 173 173 173 173 173 173 173 173 173 173 214 214 176 176 176 180 184 187 191 194 197 200 202 205 207 210 212 214 216 218 220 222 224 226 228 230 193 194 196 198 199 201 202 204 124 126 127 128 130 131 133 134 135 136 138 139 140 141 142 144 145
93 174 174 174 174 174 174 174 174 173 173 173 173 173 173 173 173 173 173 173 173 173 173 173 173 173 173 173 173 173 173 173 173 173 173 173 173 173 173 173 173 173 173 173 173 173 214 214 176 176 177 181 185 189 192 195 198 200 203 206 208 210 213 215 217 219 221 223 225 227 228 230 193 195 196 198 199 201 203 204 125 126 127 129 130 131 133 134 135 137 138 139 140 142 143 144
174 174 174 174 174 174 174 174 173 173 173 173 173 173 173 173 173 173 173 173 173 173 173 173 173 173 173 173 173 173 173 173 173 173 173 173 173 173 173 173 173 173 173 173 173 173 214 214 176 176 176 179 183 186 190 193 196 199 201 204 206 209 211 213 215 218 220 222 223 225 227 229 231 193 195 197 198 200 201 203 204 125 126 128 129 130 132 133 134 136 137 138 139 141 142 143
174 174 174 174 174 174 174 174 173 173 173 173 173 173 173 173 173 173 173 173 173 173 173 173 173 173 173 173 173 173 173 173 173 173 173 173 173 173 173 173 173 173 173 173 173 173 173 214 176 176 176 176 180 184 187 191 194 197 199 202 205 207 209 212 214 216 218 220 222 224 226 228 229 192 194 195 197 199 200 202 203 124 125 127 128 129 131 132 133 135 136 137 138 140 141 142
174 174 174 174 174 174 174 174 173 173 173 173 173 173 173 173 173 173 173 173 173 173 173 173 173 173 173 173 173 173 173 173 173 173 173 173 173 173 173 173 173 173 173 173 173 173 173 173 176 176 176 176 177 181 185 188 192 195 197 200 203 205 208 210 212 214 217 219 221 223 224 226 228 230 193 194 196 197 199 201 202 204 124 125 127 128 130 131 132 134 135 136 137 139 140 141
174 174 174 174 174 174 174 173 173 173 173 173 173 173 173 173 173 173 173 173 173 173 173 173 173 173 173 173 173 173 173 173 173 173 173 173 173 173 173 173 173 173 173 173 173 173 173 173 214 176 176 176 176 178 182 186 189 192 195 198 201 204 206 208 211 213 215 217 219 221 223 225 227 229 230 193 195 196 198 199 201 202 204 124 126 127 129 130 131 133 134 135 136 138 139 140
174 174 174 174 174 174 174 173 173 173 173 173 173 173 173 173 173 173 173 173 173 173 173 173 173 173 173 173 173 173 173 173 173 173 173 173 173 173 173 173 173 173 173 173 173 173 173 173 173 176 176 176 176 176 180 183 187 190 193 196 199 202 204 207 209 211 213 216 218 220 222 224 225 227 229 231 193 195 197 198 200 201 203 204 125 126 127 129 130 131 133 134 135 137 138 139
174 174 174 174 174 174 173 173 173 173 173 173 173 173 173 173 173 173 173 173 173 173 173 173 173 173 173 173 173 173 173 173 173 173 173 173 173 173 173 173 173 173 173 173 173 173 173 173 173 135 176 176 176 176 177 181 185 188 191 194 197 200 202 205 207 210 212 214 216 218 220 222 224 226 228 229 192 194 195 197 199 200 202 203 204 125 126 128 129 130 132 133 134 135 137 138
174 174 174 174 174 174 173 173 173 173 173 173 173 173 173 173 173 173 173 173 173 173 173 173 173 173 173 173 173 173 173 173 173 173 173 173 173 173 173 173 173 173 173 173 173 173 173 173 173 135 176 176 176 176 176 178 182 186 189 192 195 198 200 203 206 208 210 212 215 217 219 221 223 224 226 228 230 192 194 196 197 199 200 202 203 205 125 127 128 129 131 132 133 134 136 137
174 174 174 174 174 173 173 173 173 173 173 173 173 173 173 173 173 173 173 173 173 173 173 173 173 173 173 173 173 173 173 173 173 173 173 173 173 173 173 173 173 173 173 173 173 173 173 173 173 135 135 176 176 176 176 176 179 183 186 190 193 196 199 201 204 206 209 211 213 215 217 219 221 223 225 227 228 230 193 194 196 198 199 201 202 204 124 125 127 128 129 131 132 133 135 136
174 174 174 174 174 173 173 173 173 173 173 173 173 173 173 173 173 173 173 173 173 173 173 173 173 173 173 173 173 173 173 173 173 173 173 173 173 173 173 173 173 173 173 173 173 173 173 173 173 173 135 135 176 176 176 176 176 180 184 187 191 194 197 199 202 204 207 209 211 213 216 218 220 221 223 225 227 229 230 193 195 196 198 199 201 202 204 124 126 127 128 130 131 132 134 135
