testData/tiles/oneDegree/grid24.0-0.0-25.0-1.0.asc
ncols   200
nrows   200
xllcorner   24.0
yllcorner   0.0
cellsize   0.005
NODATA_value   -9999.0
[rows 0 to 57 of 200, columns 0 to 95 of 200]
126 125 125 125 124 124 124 123 123 123 47 47 47 46 46 45 45 45 44 44 44 43 43 42 42 42 41 41 40 40 40 39 39 38 38 38 37 37 36 115 114 114 113 241 241 240 240 239 239 238 238 237 237 237 237 237 237 237 237 237 237 237 237 237 237 237 237 237 237 237 237 237 237 237 237 237 237 237 237 237 237 237 237 237 237 237 237 237 237 237 237 237 237 237 237 237
125 125 124 124 124 123 123 123 122 122 122 46 46 45 45 45 44 44 44 43 43 42 42 42 41 41 41 40 40 39 39 38 38 38 37 37 36 36 36 114 114 113 113 112 240 239 239 239 238 238 237 237 237 237 237 237 237 237 237 237 237 237 237 237 237 237 237 237 237 237 237 237 237 237 237 237 237 237 237 237 237 237 237 237 237 237 237 237 237 237 237 237 237 237 237 237
124 124 124 123 123 123 122 122 122 121 121 45 45 45 44 44 44 43 43 43 42 42 41 41 41 40 40 39 39 39 38 38 37 37 37 36 36 35 35 34 113 113 112 112 111 239 238 238 237 237 237 237 237 237 237 237 237 237 237 237 237 237 237 237 237 237 237 237 237 237 237 237 237 237 237 237 237 237 237 237 237 237 237 237 237 237 237 237 237 237 237 237 237 237 237 237
123 123 123 122 122 122 121 121 121 120 120 45 44 44 44 43 43 43 42 42 41 41 41 40 40 39 39 39 38 38 37 37 37 36 36 35 35 35 34 34 112 112 111 111 111 110 238 237 237 237 237 237 237 237 237 237 237 237 237 237 237 237 237 237 237 237 237 237 237 237 237 237 237 237 237 237 237 237 237 237 237 237 237 237 237 237 237 237 237 237 237 237 237 237 237 237
123 122 122 122 121 121 121 120 120 120 119 119 44 43 43 43 42 42 41 41 41 40 40 40 39 39 38 38 38 37 37 36 36 36 35 35 34 34 33 33 112 111 111 110 110 109 109 237 237 237 237 237 237 237 237 237 237 237 237 237 237 237 237 237 237 237 237 237 237 237 237 237 237 237 237 237 237 237 237 237 237 237 237 237 237 237 237 237 237 237 237 237 237 237 237 237
122 122 121 121 121 120 120 120 119 119 119 118 43 43 42 42 41 41 41 40 40 40 39 39 38 38 38 37 37 36 36 36 35 35 34 34 34 33 33 32 111 110 110 110 109 109 109 109 237 237 237 237 237 237 237 237 237 237 237 237 237 237 237 237 237 237 237 237 237 237 237 237 237 237 237 237 237 237 237 237 237 237 237 237 237 237 237 237 237 237 237 237 237 237 237 237
121 121 121 120 120 120 119 119 119 118 118 117 42 42 41 41 41 40 40 40 39 39 38 38 38 37 37 37 36 36 35 35 34 34 34 33 33 32 32 32 110 110 109 109 109 109 109 109 109 237 237 237 237 237 237 237 237 237 237 237 237 237 237 237 237 237 237 237 237 237 237 237 237 237 237 237 237 237 237 237 237 237 237 237 237 237 237 237 237 237 237 237 237 237 237 237
120 120 120 119 119 119 118 118 118 117 117 117 116 41 41 40 40 40 39 39 38 38 38 37 37 37 36 36 35 35 35 34 34 33 33 33 32 32 31 31 30 109 109 109 109 109 109 109 109 109 237 237 237 237 237 237 237 237 237 237 237 237 237 237 237 237 237 237 237 237 237 237 237 237 237 237 237 237 237 237 237 237 237 237 237 237 237 237 237 237 237 237 237 237 237 237
120 119 119 119 118 118 118 117 117 117 116 116 116 40 40 40 39 39 38 38 38 37 37 37 36 36 35 35 35 34 34 33 33 33 32 32 31 31 31 30 30 109 109 109 109 109 109 109 109 109 109 237 237 237 237 237 237 237 237 237 237 237 237 237 237 237 237 237 237 237 237 237 237 237 237 237 237 237 237 237 237 237 237 237 237 237 237 237 237 237 237 237 237 237 237 237
119 119 118 118 118 117 117 117 116 116 116 115 115 40 39 39 38 38 38 37 37 37 36 36 35 35 35 34 34 34 33 33 32 32 32 31 31 30 30 30 30 109 109 109 109 109 109 109 109 109 109 237 237 237 237 237 237 237 237 237 237 237 237 237 237 237 237 237 237 237 237 237 237 237 237 237 237 237 237 237 237 237 237 237 237 237 237 237 237 237 237 237 237 237 237 237
118 118 118 117 117 117 116 116 116 115 115 115 114 39 38 38 38 37 37 37 36 36 36 35 35 34 34 34 33 33 32 32 32 31 31 30 30 30 30 30 30 109 109 109 109 109 109 109 109 109 109 109 237 237 237 237 237 237 237 237 237 237 237 237 237 237 237 237 237 237 237 237 237 237 237 237 237 237 237 237 237 237 237 237 237 237 237 237 237 237 237 237 237 237 237 237
117 117 117 116 116 116 115 115 115 114 114 114 113 113 38 37 37 37 36 36 36 35 35 34 34 34 33 33 32 32 32 31 31 31 30 30 30 30 30 30 30 109 109 109 109 109 109 109 109 109 109 109 109 237 237 237 237 237 237 237 237 237 237 237 237 237 237 237 237 237 237 237 237 237 237 237 237 237 237 237 237 237 237 237 237 237 237 237 237 237 237 237 237 237 237 237
117 116 116 116 115 115 115 114 114 114 113 113 113 112 37 37 36 36 36 35 35 34 34 34 33 33 33 32 32 31 31 31 30 30 30 30 30 30 30 30 30 30 109 109 109 109 109 109 109 109 109 109 109 109 237 237 237 237 237 237 237 237 237 237 237 237 237 237 237 237 237 237 237 237 237 237 237 237 237 237 237 237 237 237 237 237 237 237 237 237 237 237 237 237 237 237
116 116 115 115 115 114 114 114 113 113 113 112 112 112 36 36 36 35 35 34 34 34 33 33 33 32 32 31 31 31 30 30 30 30 30 30 30 30 30 30 30 30 109 109 109 109 109 109 109 109 109 109 109 109 109 237 237 237 237 237 237 237 237 237 237 237 237 237 237 237 237 237 237 237 237 237 237 237 237 237 237 237 237 237 237 237 237 237 237 237 237 237 237 237 237 237
115 115 114 114 114 114 113 113 113 112 112 112 111 111 110 35 35 34 34 34 33 33 33 32 32 31 31 31 30 30 30 30 30 30 30 30 30 30 30 30 30 30 109 109 109 109 109 109 109 109 109 109 109 109 109 109 237 237 237 237 237 237 237 237 237 237 237 237 237 237 237 237 237 237 237 237 237 237 237 237 237 237 237 237 237 237 237 237 237 237 237 237 237 237 237 207
114 114 114 113 113 113 112 112 112 111 111 111 110 110 110 34 34 34 33 33 33 32 32 31 31 31 30 30 30 30 30 30 30 30 30 30 30 30 30 30 30 30 109 109 109 109 109 109 109 109 109 109 109 109 109 109 109 237 237 237 237 237 237 237 237 237 237 237 237 237 237 237 237 237 237 237 237 237 237 237 237 237 237 237 237 237 237 237 237 237 237 237 237 237 207 207
114 113 113 113 112 112 112 111 111 111 110 110 110 109 109 34 33 33 33 32 32 31 31 31 30 30 30 30 30 30 30 30 30 30 30 30 30 30 30 30 30 30 30 109 109 109 109 109 109 109 109 109 109 109 109 109 109 109 237 237 237 237 237 237 237 237 237 237 237 237 237 237 237 237 237 237 237 237 237 237 237 237 237 237 237 237 237 237 237 237 237 237 237 207 207 207
113 112 112 112 112 111 111 111 110 110 110 109 109 109 108 33 33 32 32 31 31 31 30 30 30 30 30 30 30 30 30 30 30 30 30 30 30 30 30 30 30 30 30 109 109 109 109 109 109 109 109 109 109 109 109 109 109 109 109 237 237 237 237 237 237 237 237 237 237 237 237 237 237 237 237 237 237 237 237 237 237 237 237 237 237 237 237 237 237 237 237 237 207 207 207 207
112 112 111 111 111 110 110 110 109 109 109 108 108 108 107 107 32 31 31 31 30 30 30 30 30 30 30 30 30 30 30 30 30 30 30 30 30 30 30 30 30 30 30 109 109 109 109 109 109 109 109 109 109 109 109 109 109 109 109 109 237 237 237 237 237 237 237 237 237 237 237 237 237 237 237 237 237 237 237 237 237 237 237 237 237 237 237 237 237 237 207 207 207 207 207 207
111 111 111 110 110 110 109 109 109 108 108 108 107 107 107 106 31 31 30 30 30 30 30 30 30 30 30 30 30 30 30 30 30 30 30 30 30 30 30 30 30 30 30 109 109 109 109 109 109 109 109 109 109 109 109 109 109 109 109 109 109 237 237 237 237 237 237 237 237 237 237 237 237 237 237 237 237 237 237 237 237 237 237 237 237 237 237 237 237 207 207 207 207 207 207 207
111 110 110 110 109 109 109 108 108 108 107 107 107 106 106 106 30 30 30 30 30 30 30 30 30 30 30 30 30 30 30 30 30 30 30 30 30 30 30 30 30 30 30 30 109 109 109 109 109 109 109 109 109 109 109 109 109 109 109 109 109 109 237 237 237 237 237 237 237 237 237 237 237 237 237 237 237 237 237 237 237 237 237 237 237 237 237 237 207 207 207 207 207 207 207 207
110 109 109 109 109 108 108 108 107 107 107 106 106 106 105 105 105 30 30 30 30 30 30 30 30 30 30 30 30 30 30 30 30 30 30 30 30 30 30 30 30 30 30 30 109 109 109 109 109 109 109 109 109 109 109 109 109 109 109 109 109 109 109 237 237 237 237 237 237 237 237 237 237 237 237 237 237 237 237 237 237 237 237 237 237 237 207 207 207 207 207 207 207 207 207 207
109 109 108 108 108 107 107 107 106 106 106 105 105 105 105 105 105 30 30 30 30 30 30 30 30 30 30 30 30 30 30 30 30 30 30 30 30 30 30 30 30 30 30 30 109 109 109 109 109 109 109 109 109 109 109 109 109 109 109 109 109 109 109 109 237 237 237 237 237 237 237 237 237 237 237 237 237 237 237 237 237 237 237 237 237 207 207 207 207 207 207 207 207 207 207 207
108 108 108 107 107 107 106 106 106 105 105 105 105 105 105 105 105 30 30 30 30 30 30 30 30 30 30 30 30 30 30 30 30 30 30 30 30 30 30 30 30 30 30 30 109 109 109 109 109 109 109 109 109 109 109 109 109 109 109 109 109 109 109 109 109 237 237 237 237 237 237 237 237 237 237 237 237 237 237 237 237 237 237 237 207 207 207 207 207 207 207 207 207 207 207 207
107 107 107 107 106 106 106 105 105 105 105 105 105 105 105 105 105 30 30 30 30 30 30 30 30 30 30 30 30 30 30 30 30 30 30 30 30 30 30 30 30 30 30 30 30 109 109 109 109 109 109 109 109 109 109 109 109 109 109 109 109 109 109 109 109 109 237 237 237 237 237 237 237 237 237 237 237 237 237 237 237 237 207 207 207 207 207 207 207 207 207 207 207 207 207 207
107 106 106 106 105 105 105 105 105 105 105 105 105 105 105 105 105 105 30 30 30 30 30 30 30 30 30 30 30 30 30 30 30 30 30 30 30 30 30 30 30 30 30 30 30 109 109 109 109 109 109 109 109 109 109 109 109 109 109 109 109 109 109 109 109 109 109 237 237 237 237 237 237 237 237 237 237 237 237 237 237 207 207 207 207 207 207 207 207 207 207 207 207 207 207 207
106 106 105 105 105 105 105 105 105 105 105 105 105 105 105 105 105 105 30 30 30 30 30 30 30 30 30 30 30 30 30 30 30 30 30 30 30 30 30 30 30 30 30 30 30 109 109 109 109 109 109 109 109 109 109 109 109 109 109 109 109 109 109 109 109 109 109 109 237 237 237 237 237 237 237 237 237 237 237 237 207 207 207 207 207 207 207 207 207 207 207 207 207 207 207 207
105 105 105 105 105 105 105 105 105 105 105 105 105 105 105 105 105 105 30 30 30 30 30 30 30 30 30 30 30 30 30 30 30 30 30 30 30 30 30 30 30 30 30 30 30 109 109 109 109 109 109 109 109 109 109 109 109 109 109 109 109 109 109 109 109 109 109 109 109 237 237 237 237 237 237 237 237 237 207 207 207 207 207 207 207 207 207 207 207 207 207 207 207 207 207 207
105 105 105 105 105 105 105 105 105 105 105 105 105 105 105 105 105 105 30 30 30 30 30 30 30 30 30 30 30 30 30 30 30 30 30 30 30 30 30 30 30 30 30 30 30 30 109 109 109 109 109 109 109 109 109 109 109 109 109 109 109 109 109 109 109 109 109 109 109 109 237 237 237 237 237 237 237 207 207 207 207 207 207 207 207 207 207 207 207 207 207 207 207 207 207 207
105 105 105 105 105 105 105 105 105 105 105 105 105 105 105 105 105 105 105 30 30 30 30 30 30 30 30 30 30 30 30 30 30 30 30 30 30 30 30 30 30 30 30 30 30 30 109 109 109 109 109 109 109 109 109 109 109 109 109 109 109 109 109 109 109 109 109 109 109 109 109 237 237 237 237 237 207 207 207 207 207 207 207 207 207 207 207 207 207 207 207 207 207 207 207 207
105 105 105 105 105 105 105 105 105 105 105 105 105 105 105 105 105 105 105 30 30 30 30 30 30 30 30 30 30 30 30 30 30 30 30 30 30 30 30 30 30 30 30 30 30 30 109 109 109 109 109 109 109 109 109 109 109 109 109 109 109 109 109 109 109 109 109 109 109 109 109 109 237 237 207 207 207 207 207 207 207 207 207 207 207 207 207 207 207 207 207 207 207 207 207 207
105 105 105 105 105 105 105 105 105 105 105 105 105 105 105 105 105 105 105 30 30 30 30 30 30 30 30 30 30 30 30 30 30 30 30 30 30 30 30 30 30 30 30 30 30 30 109 109 109 109 109 109 109 109 109 109 109 109 109 109 109 109 109 109 109 109 109 109 109 109 109 109 109 207 207 207 207 207 207 207 207 207 207 207 207 207 207 207 207 207 207 207 207 207 207 207
105 105 105 105 105 105 105 105 105 105 105 105 105 105 105 105 105 105 105 30 30 30 30 30 30 30 30 30 30 30 30 30 30 30 30 30 30 30 30 30 30 30 30 30 30 30 30 109 109 109 109 109 109 109 109 109 109 109 109 109 109 109 109 109 109 109 109 109 109 109 109 79 79 79 207 207 207 207 207 207 207 207 207 207 207 207 207 207 207 207 207 207 207 207 207 207
105 105 105 105 105 105 105 105 105 105 105 105 105 105 105 105 105 105 105 105 30 30 30 30 30 30 30 30 30 30 30 30 30 30 30 30 30 30 30 30 30 30 30 30 30 30 30 109 109 109 109 109 109 109 109 109 109 109 109 109 109 109 109 109 109 109 109 109 109 109 79 79 79 79 79 207 207 207 207 207 207 207 207 207 207 207 207 207 207 207 207 207 207 207 207 207
105 105 105 105 105 105 105 105 105 105 105 105 105 105 105 105 105 105 105 105 30 30 30 30 30 30 30 30 30 30 30 30 30 30 30 30 30 30 30 30 30 30 30 30 30 30 30 109 109 109 109 109 109 109 109 109 109 109 109 109 109 109 109 109 109 109 109 109 79 79 79 79 79 79 79 79 207 207 207 207 207 207 207 207 207 207 207 207 207 207 207 207 207 207 207 207
105 105 105 105 105 105 105 105 105 105 105 105 105 105 105 105 105 105 105 105 30 30 30 30 30 30 30 30 30 30 30 30 30 30 30 30 30 30 30 30 30 30 30 30 30 30 30 30 109 109 109 109 109 109 109 109 109 109 109 109 109 109 109 109 109 109 109 79 79 79 79 79 79 79 79 79 79 207 207 207 207 207 207 207 207 207 207 207 207 207 207 207 207 207 207 207
105 105 105 105 105 105 105 105 105 105 105 105 105 105 105 105 105 105 105 105 30 30 30 30 30 30 30 30 30 30 30 30 30 30 30 30 30 30 30 30 30 30 30 30 30 30 30 30 109 109 109 109 109 109 109 109 109 109 109 109 109 109 109 109 109 79 79 79 79 79 79 79 79 79 79 79 79 79 207 207 207 207 207 207 207 207 207 207 207 207 207 207 207 207 207 207
105 105 105 105 105 105 105 105 105 105 105 105 105 105 105 105 105 105 105 105 30 30 30 30 30 30 30 30 30 30 30 30 30 30 30 30 30 30 30 30 30 30 30 30 30 30 30 30 109 109 109 109 109 109 109 109 109 109 109 109 109 109 109 79 79 79 79 79 79 79 79 79 79 79 79 79 79 79 79 79 207 207 207 207 207 207 207 207 207 207 207 207 207 207 207 207
105 105 105 105 105 105 105 105 105 105 105 105 105 105 105 105 105 105 105 105 105 30 30 30 30 30 30 30 30 30 30 30 30 30 30 30 30 30 30 30 30 30 30 30 30 30 30 30 30 109 109 109 109 109 109 109 109 109 109 109 109 109 79 79 79 79 79 79 79 79 79 79 79 79 79 79 79 79 79 79 79 207 207 207 207 207 207 207 207 207 207 207 207 207 207 207
105 105 105 105 105 105 105 105 105 105 105 105 105 105 105 105 105 105 105 105 105 30 30 30 30 30 30 30 30 30 30 30 30 30 30 30 30 30 30 30 30 30 30 30 30 30 30 30 30 109 109 109 109 109 109 109 109 109 109 109 79 79 79 79 79 79 79 79 79 79 79 79 79 79 79 79 79 79 79 79 79 79 207 207 207 207 207 207 207 207 207 207 207 207 207 207
105 105 105 105 105 105 105 105 105 105 105 105 105 105 105 105 105 105 105 105 105 30 30 30 30 30 30 30 30 30 30 30 30 30 30 30 30 30 30 30 30 30 30 30 30 30 30 30 30 109 109 109 109 109 109 109 109 109 79 79 79 79 79 79 79 79 79 79 79 79 79 79 79 79 79 79 79 79 79 79 79 79 79 207 207 207 207 207 207 207 207 207 207 207 207 207
105 105 105 105 105 105 105 105 105 105 105 105 105 105 105 105 105 105 105 105 105 30 30 30 30 30 30 30 30 30 30 30 30 30 30 30 30 30 30 30 30 30 30 30 30 30 30 30 30 30 109 109 109 109 109 109 109 79 79 79 79 79 79 79 79 79 79 79 79 79 79 79 79 79 79 79 79 79 79 79 79 79 79 79 207 207 207 207 207 207 207 207 207 207 207 207
105 105 105 105 105 105 105 105 105 105 105 105 105 105 105 105 105 105 105 105 105 30 30 30 30 30 30 30 30 30 30 30 30 30 30 30 30 30 30 30 30 30 30 30 30 30 30 30 30 30 109 109 109 109 109 79 79 79 79 79 79 79 79 79 79 79 79 79 79 79 79 79 79 79 79 79 79 79 79 79 79 79 79 79 79 207 207 207 207 207 207 207 207 207 207 207
105 105 105 105 105 105 105 105 105 105 105 105 105 105 105 105 105 105 105 105 105 105 30 30 30 30 30 30 30 30 30 30 30 30 30 30 30 30 30 30 30 30 30 30 30 30 30 30 30 30 109 109 109 79 79 79 79 79 79 79 79 79 79 79 79 79 79 79 79 79 79 79 79 79 79 79 79 79 79 79 79 79 79 79 79 79 207 207 207 207 207 207 207 207 207 207
105 105 105 105 105 105 105 105 105 105 105 105 105 105 105 105 105 105 105 105 105 105 30 30 30 30 30 30 30 30 30 30 30 30 30 30 30 30 30 30 30 30 30 30 30 30 30 30 30 30 30 109 79 79 79 79 79 79 79 79 79 79 79 79 79 79 79 79 79 79 79 79 79 79 79 79 79 79 79 79 79 79 79 79 79 79 79 207 207 207 207 207 207 207 207 207
105 105 105 105 105 105 105 105 105 105 105 105 105 105 105 105 105 105 105 105 105 105 30 30 30 30 30 30 30 30 30 30 30 30 30 30 30 30 30 30 30 30 30 30 30 30 30 30 30 30 0 79 79 79 79 79 79 79 79 79 79 79 79 79 79 79 79 79 79 79 79 79 79 79 79 79 79 79 79 79 79 79 79 79 79 79 79 79 79 207 207 207 207 207 207 207
105 105 105 105 105 105 105 105 105 105 105 105 105 105 105 105 105 105 105 105 105 105 30 30 30 30 30 30 30 30 30 30 30 30 30 30 30 30 30 30 30 30 30 30 30 30 30 30 0 0 0 79 79 79 79 79 79 79 79 79 79 79 79 79 79 79 79 79 79 79 79 79 79 79 79 79 79 79 79 79 79 79 79 79 79 79 79 79 79 79 207 207 207 207 207 207
105 105 105 105 105 105 105 105 105 105 105 105 105 105 105 105 105 105 105 105 105 105 30 30 30 30 30 30 30 30 30 30 30 30 30 30 30 30 30 30 30 30 30 30 30 30 0 0 0 0 0 0 79 79 79 79 79 79 79 79 79 79 79 79 79 79 79 79 79 79 79 79 79 79 79 79 79 79 79 79 79 79 79 79 79 79 79 79 79 79 79 207 207 207 207 207
105 105 105 105 105 105 105 105 105 105 105 105 105 105 105 105 105 105 105 105 105 105 105 30 30 30 30 30 30 30 30 30 30 30 30 30 30 30 30 30 30 30 30 30 0 0 0 0 0 0 0 0 79 79 79 79 79 79 79 79 79 79 79 79 79 79 79 79 79 79 79 79 79 79 79 79 79 79 79 79 79 79 79 79 79 79 79 79 79 79 79 79 207 207 207 207
105 105 105 105 105 105 105 105 105 105 105 105 105 105 105 105 105 105 105 105 105 105 105 30 30 30 30 30 30 30 30 30 30 30 30 30 30 30 30 30 30 30 0 0 0 0 0 0 0 0 0 0 79 79 79 79 79 79 79 79 79 79 79 79 79 79 79 79 79 79 79 79 79 79 79 79 79 79 79 79 79 79 79 79 79 79 79 79 79 79 79 79 79 207 207 207
105 105 105 105 105 105 105 105 105 105 105 105 105 105 105 105 105 105 105 105 105 105 105 30 30 30 30 30 30 30 30 30 30 30 30 30 30 30 30 30 0 0 0 0 0 0 0 0 0 0 0 0 0 79 79 79 79 79 79 79 79 79 79 79 79 79 79 79 79 79 79 79 79 79 79 79 79 79 79 79 79 79 79 79 79 79 79 79 79 79 79 79 79 79 207 207
105 105 105 105 105 105 105 105 105 105 105 105 105 105 105 105 105 105 105 105 105 105 105 30 30 30 30 30 30 30 30 30 30 30 30 30 30 30 0 0 0 0 0 0 0 0 0 0 0 0 0 0 0 79 79 79 79 79 79 79 79 79 79 79 79 79 79 79 79 79 79 79 79 79 79 79 79 79 79 79 79 79 79 79 79 79 79 79 79 79 79 79 79 79 79 79
105 105 105 105 105 105 105 105 105 105 105 105 105 105 105 105 105 105 105 105 105 105 105 30 30 30 30 30 30 30 30 30 30 30 30 30 0 0 0 0 0 0 0 0 0 0 0 0 0 0 0 0 0 79 79 79 79 79 79 79 79 79 79 79 79 79 79 79 79 79 79 79 79 79 79 79 79 79 79 79 79 79 79 79 79 79 79 79 79 79 79 79 79 79 79 79
105 105 105 105 105 105 105 105 105 105 105 105 105 105 105 105 105 105 105 105 105 105 105 30 30 30 30 30 30 30 30 30 30 30 0 0 0 0 0 0 0 0 0 0 0 0 0 0 0 0 0 0 0 0 79 79 79 79 79 79 79 79 79 79 79 79 79 79 79 79 79 79 79 79 79 79 79 79 79 79 79 79 79 79 79 79 79 79 79 79 79 79 79 79 79 79
105 105 105 105 105 105 105 105 105 105 105 105 105 105 105 105 105 105 105 105 105 105 105 105 30 30 30 30 30 30 30 30 0 0 0 0 0 0 0 0 0 0 0 0 0 0 0 0 0 0 0 0 0 0 79 79 79 79 79 79 79 79 79 79 79 79 79 79 79 79 79 79 79 79 79 79 79 79 79 79 79 79 79 79 79 79 79 79 79 79 79 79 79 79 79 79
105 105 105 105 105 105 105 105 105 105 105 105 105 105 105 105 105 105 105 105 105 105 105 105 30 30 30 30 30 30 0 0 0 0 0 0 0 0 0 0 0 0 0 0 0 0 0 0 0 0 0 0 0 0 0 79 79 79 79 79 79 79 79 79 79 79 79 79 79 79 79 79 79 79 79 79 79 79 79 79 79 79 79 79 79 79 79 79 79 79 79 79 79 79 79 79
105 105 105 105 105 105 105 105 105 105 105 105 105 105 105 105 105 105 105 105 105 105 105 105 30 30 30 30 0 0 0 0 0 0 0 0 0 0 0 0 0 0 0 0 0 0 0 0 0 0 0 0 0 0 0 79 79 79 79 79 79 79 79 79 79 79 79 79 79 79 79 79 79 79 79 79 79 79 79 79 79 79 79 79 79 79 79 79 79 79 79 79 79 79 79 79
105 105 105 105 105 105 105 105 105 105 105 105 105 105 105 105 105 105 105 105 105 105 105 105 30 0 0 0 0 0 0 0 0 0 0 0 0 0 0 0 0 0 0 0 0 0 0 0 0 0 0 0 0 0 0 79 79 79 79 79 79 79 79 79 79 79 79 79 79 79 79 79 79 79 79 79 79 79 79 79 79 79 79 79 79 79 79 79 79 79 79 79 79 79 79 79
