testData/tiles/oneDegree/grid19.0-45.0-20.0-46.0.asc
ncols   200
nrows   200
xllcorner   19.0
yllcorner   45.0
cellsize   0.005
NODATA_value   -9999.0
[rows 126 to 167 of 200, columns 0 to 93 of 200]
385 385 386 386 387 388 388 389 390 390 390 392 392 392 394 394 394 395 396 396 397 398 398 399 399 400 401 467 467 468 469 469 478 488 493 497 500 505 508 511 514 517 520 522 525 527 529 532 533 536 538 539 542 544 546 547 549 552 553 555 556 557 559 562 563 564 565 567 568 570 571 572 574 576 577 579 579 581 582 583 584 585 587 589 590 591 592 592 593 595 597 598 599 599
385 385 387 387 387 389 389 389 391 391 391 392 393 393 394 395 395 396 396 397 398 398 398 400 400 400 467 468 468 468 469 470 470 471 478 488 493 498 502 505 509 513 515 517 522 524 526 528 531 533 535 537 538 541 543 545 546 549 550 552 554 555 557 559 560 562 564 565 567 568 569 571 573 574 575 576 577 579 581 582 583 584 585 587 588 590 590 591 592 593 595 596 597 598
386 386 387 388 388 389 390 390 391 391 392 393 393 394 395 395 395 397 397 397 398 399 399 400 400 467 468 468 468 469 470 470 470 472 472 472 477 488 494 498 503 506 510 513 516 519 522 524 527 529 531 534 536 538 540 541 543 546 548 549 551 552 555 557 558 559 561 563 565 566 567 568 570 571 573 575 576 578 579 580 581 583 584 585 586 587 588 589 590 593 594 595 595 596
386 387 388 388 389 390 390 390 392 392 392 394 394 395 395 396 396 397 398 398 399 399 400 401 467 467 469 469 469 469 471 471 471 472 472 473 473 474 474 488 495 499 503 506 511 514 517 519 522 526 528 530 532 534 537 539 540 543 544 547 548 551 552 554 555 557 560 561 562 563 564 568 569 570 571 572 573 575 577 578 579 580 581 583 584 586 587 588 589 591 592 592 593 595
387 387 389 389 389 390 391 391 392 393 394 394 394 396 396 396 398 398 398 398 400 400 400 467 468 468 469 469 470 471 471 471 472 473 473 473 473 475 475 475 476 487 494 499 504 508 512 514 518 520 523 526 529 531 533 535 537 540 542 543 545 547 550 551 553 554 556 558 560 561 562 565 566 567 569 570 571 573 575 576 577 579 580 582 583 584 585 585 586 589 590 591 592 593
388 388 389 389 390 391 391 392 393 393 394 395 395 396 397 397 398 398 399 399 400 400 401 468 468 468 470 470 470 471 472 472 472 473 474 474 474 475 475 476 477 477 477 485 494 500 504 507 513 515 518 521 524 526 529 531 533 536 538 540 542 545 546 548 549 552 554 555 557 558 559 563 564 565 566 567 569 571 573 574 575 576 577 579 580 582 583 584 585 587 588 589 590 592
388 388 390 390 390 392 392 392 393 394 395 395 396 397 397 397 399 399 399 399 401 401 467 468 469 469 470 470 471 472 472 472 473 474 474 474 475 476 476 476 477 478 478 478 479 479 493 499 504 508 511 515 519 522 524 526 529 532 534 536 538 541 543 545 547 548 551 552 554 556 557 559 561 562 564 565 567 569 570 571 572 574 575 577 578 579 580 581 582 585 586 587 588 589
389 389 390 391 391 392 392 393 394 394 396 396 396 397 398 398 399 400 400 400 401 468 468 469 469 470 471 471 471 472 473 473 473 474 475 475 475 476 477 477 478 478 478 479 480 480 480 480 492 499 504 508 512 516 519 522 524 527 529 532 534 537 539 541 543 545 548 549 551 552 554 557 558 560 561 562 563 566 568 569 570 571 572 575 576 578 579 580 581 583 584 585 586 588
389 390 391 391 391 393 393 393 395 395 396 396 397 398 398 399 400 400 400 401 468 468 468 470 470 470 471 472 472 473 473 473 474 475 475 475 476 477 477 477 478 479 479 479 480 480 481 481 482 482 487 497 504 508 512 515 519 522 525 527 529 533 535 537 539 541 544 545 548 549 551 553 555 556 559 560 561 563 565 566 567 568 570 573 574 575 576 577 578 581 582 583 584 585
390 390 391 392 392 393 394 394 395 395 396 397 397 399 399 399 399 401 401 467 468 469 469 470 470 471 472 472 472 473 474 474 474 475 476 476 476 477 478 478 479 479 479 480 481 481 481 481 483 483 483 483 484 496 503 507 511 515 518 522 525 528 530 532 534 537 540 542 544 545 547 551 552 554 555 556 558 560 562 564 565 566 567 570 571 573 574 575 576 578 579 580 581 582
390 391 392 392 393 394 394 394 396 396 396 398 398 398 399 400 400 401 401 468 469 469 469 471 471 471 472 473 473 473 474 475 475 476 476 476 477 478 478 478 479 480 480 480 481 482 482 482 483 483 483 484 484 485 485 491 501 507 511 515 518 521 525 528 530 532 535 537 540 542 544 545 548 550 551 554 555 557 559 560 562 563 565 567 569 570 571 572 573 575 577 578 579 580
391 391 393 393 393 394 395 395 396 397 397 398 398 399 400 400 400 402 468 468 469 470 470 471 471 472 473 473 473 474 475 475 475 477 477 477 477 478 479 479 479 480 480 481 482 482 482 482 484 484 484 484 484 486 486 486 486 487 498 505 510 514 518 521 524 527 531 533 535 537 539 542 545 546 548 550 551 554 556 557 559 560 562 564 565 566 569 570 571 572 574 575 576 578
392 392 393 393 394 395 395 396 397 397 397 399 399 399 400 401 401 468 468 469 470 470 470 472 472 472 473 474 474 474 475 476 476 477 477 477 478 479 479 479 480 481 481 481 482 483 483 483 483 484 484 485 485 486 486 486 487 488 488 488 493 502 509 514 517 520 523 527 530 533 535 537 540 542 543 546 548 550 552 554 555 556 559 561 563 564 565 566 568 569 572 573 574 575
392 392 394 394 394 396 396 396 397 398 398 399 399 400 401 401 468 469 469 469 471 471 471 472 472 473 474 474 474 475 476 476 476 478 478 478 478 479 480 480 480 481 481 482 482 483 483 483 484 485 485 485 485 486 487 487 487 488 488 489 489 489 490 499 506 512 516 520 523 526 529 531 535 537 539 541 543 546 548 550 552 553 555 557 559 560 562 564 565 566 569 570 571 572
393 393 394 395 395 396 396 397 398 398 398 400 400 400 402 402 468 469 470 470 471 471 472 473 473 473 473 475 475 475 476 477 477 478 478 478 479 480 480 480 480 482 482 482 482 483 484 484 484 485 485 486 486 487 487 487 488 489 489 489 489 489 491 491 491 491 503 510 514 519 522 525 529 531 534 537 539 541 544 545 547 549 551 553 556 557 559 560 561 563 565 567 569 570
393 394 394 395 395 397 397 397 398 399 399 400 401 401 402 468 469 470 470 470 472 472 472 473 474 474 474 475 475 476 477 477 477 478 479 479 479 480 481 481 481 482 482 483 483 484 484 484 485 486 486 486 486 487 488 488 488 488 489 489 490 490 491 491 491 491 492 493 498 507 512 516 522 525 528 530 533 535 538 541 543 545 547 549 551 553 554 557 558 560 562 563 565 566
394 394 394 396 396 397 397 398 399 399 400 401 401 401 469 469 469 470 471 471 472 472 473 473 474 474 474 476 476 476 477 478 478 478 479 479 480 481 481 481 481 483 483 483 483 484 485 485 485 486 486 487 487 488 488 488 488 489 490 490 490 490 491 492 492 492 492 493 493 494 494 501 509 515 519 522 526 529 533 535 537 540 542 544 547 549 551 552 554 555 557 559 562 563
394 395 395 396 396 397 398 398 400 400 400 401 402 468 469 469 470 471 471 471 473 473 473 473 475 475 475 476 476 477 478 478 478 479 480 480 480 480 482 482 482 483 483 484 484 485 485 485 485 487 487 487 487 487 489 489 489 489 490 490 491 491 491 492 492 492 493 493 494 494 494 494 494 496 505 512 517 521 525 528 532 534 536 539 542 544 546 547 550 552 553 556 558 559
395 395 395 397 397 397 398 399 399 400 401 402 402 468 470 470 470 470 472 472 472 473 474 474 475 475 475 477 477 477 477 479 479 479 480 480 481 481 482 482 482 483 484 484 484 484 486 486 486 486 487 488 488 488 489 489 489 490 491 491 491 491 491 493 493 493 493 493 494 494 495 495 495 496 496 496 496 507 514 519 523 526 529 532 535 539 541 543 545 547 548 551 553 555
395 396 396 397 397 398 399 399 400 401 401 401 469 469 469 470 471 471 472 472 473 474 474 474 475 476 476 477 477 478 478 479 479 479 481 481 481 481 483 483 483 483 484 484 485 485 486 486 486 487 488 488 488 488 490 490 490 490 490 491 492 492 492 493 493 493 493 494 495 495 495 495 495 496 497 497 497 497 497 498 509 516 521 524 527 531 534 536 539 542 544 546 549 550
395 396 396 398 398 398 400 400 400 401 402 468 469 469 470 471 471 471 473 473 473 474 475 475 476 476 476 477 478 478 478 480 480 480 480 481 482 482 483 483 483 484 485 485 485 485 487 487 487 487 488 488 489 489 490 490 490 490 491 492 492 492 492 492 494 494 494 494 495 495 496 496 496 496 497 497 497 497 498 499 499 499 499 510 516 522 526 529 532 535 537 540 543 545
395 397 397 397 398 399 400 400 401 402 468 468 470 470 470 471 472 472 473 473 474 475 475 475 475 477 477 477 478 479 479 480 480 480 481 482 482 482 482 484 484 484 485 485 486 486 487 487 487 488 489 489 489 489 489 491 491 491 491 492 492 493 493 493 494 494 494 495 495 496 496 496 496 496 498 498 498 498 498 498 499 499 500 500 500 500 512 518 522 526 530 533 536 539
396 397 397 398 399 399 400 401 401 402 469 469 470 470 471 472 472 472 474 474 474 474 475 476 476 477 477 478 479 479 479 479 481 481 481 482 483 483 483 484 484 484 485 486 486 486 486 488 488 488 488 489 490 490 490 491 491 491 492 493 493 493 493 493 494 495 495 495 495 496 496 497 497 497 497 498 498 498 499 499 500 500 500 500 500 500 502 502 502 513 519 523 527 531
396 398 398 398 399 400 400 401 402 468 469 469 470 471 471 471 473 473 473 474 474 475 476 476 476 478 478 478 479 480 480 480 481 481 482 483 483 483 483 485 485 485 485 486 487 487 487 488 488 488 489 490 490 490 490 491 492 492 492 492 493 493 494 494 494 495 495 495 496 496 497 497 497 497 497 499 499 499 499 499 499 500 500 501 501 501 501 502 502 502 502 503 513 519
397 398 398 399 400 400 401 402 468 468 470 470 470 471 472 472 473 473 474 475 475 475 476 477 477 478 478 479 479 480 480 480 482 482 482 482 483 484 484 485 485 485 486 487 487 487 487 489 489 489 489 490 490 491 491 491 492 492 492 493 494 494 494 494 494 496 496 496 496 496 497 497 498 498 498 499 499 499 499 499 500 501 501 501 501 501 501 502 503 503 503 503 503 503
397 398 399 399 400 401 401 468 469 469 470 470 471 472 472 472 473 474 474 475 475 476 477 477 477 478 479 479 479 480 481 481 482 482 482 483 484 484 484 484 486 486 486 486 487 488 488 488 489 489 490 490 491 491 491 491 493 493 493 493 493 494 494 495 495 496 496 496 496 497 498 498 498 498 498 498 500 500 500 500 500 500 501 501 502 502 502 502 503 503 503 503 503 504
398 398 399 400 400 401 401 468 469 469 471 471 471 472 472 473 474 474 474 476 476 476 476 478 478 478 479 479 480 481 481 481 482 483 483 483 484 485 485 485 486 486 486 487 488 488 488 488 490 490 490 490 491 491 492 492 493 493 493 493 494 495 495 495 495 495 497 497 497 497 497 498 498 499 499 499 500 500 500 500 500 501 502 502 502 502 502 502 502 504 504 504 504 504
398 399 400 400 400 402 468 468 469 470 470 471 471 472 473 473 473 475 475 475 476 477 477 478 478 478 480 480 480 480 482 482 482 483 483 484 484 485 485 485 487 487 487 487 488 488 489 489 490 490 490 491 491 492 492 492 492 494 494 494 494 495 495 496 496 496 497 497 497 497 498 499 499 499 499 499 499 501 501 501 501 501 501 502 502 503 503 503 503 504 504 504 504 504
399 399 399 401 401 468 468 469 470 470 470 472 472 472 473 474 474 475 475 476 477 477 477 478 479 479 479 480 481 481 482 482 482 484 484 484 484 485 486 486 486 487 487 488 488 489 489 489 489 491 491 491 491 492 492 493 493 494 494 494 494 495 496 496 496 496 496 498 498 498 498 498 499 499 500 500 500 501 501 501 501 501 502 503 503 503 503 503 503 503 504 505 505 505
399 400 400 401 401 468 469 469 470 471 471 472 472 473 474 474 474 476 476 476 477 478 478 478 479 479 480 481 481 481 482 483 483 483 484 484 485 485 486 486 486 488 488 488 488 489 490 490 490 491 491 491 492 493 493 493 493 493 495 495 495 495 496 496 497 497 497 498 498 498 498 499 499 500 500 500 500 500 501 502 502 502 502 502 503 503 503 504 504 504 504 505 505 505
400 400 400 402 468 468 469 470 470 471 471 472 473 473 473 475 475 475 476 476 477 478 478 478 480 480 480 481 481 482 482 483 483 483 485 485 485 485 486 487 487 487 488 488 489 489 490 490 490 490 492 492 492 492 493 494 494 494 495 495 495 495 496 497 497 497 497 497 499 499 499 499 499 500 500 500 501 501 501 502 502 502 502 502 503 504 504 504 504 504 504 505 506 506
399 401 401 468 468 469 470 470 470 472 472 472 473 474 474 475 475 475 477 477 477 478 479 479 480 480 480 481 482 482 482 484 484 484 484 485 486 486 487 487 487 487 489 489 489 489 490 491 491 491 492 492 492 493 494 494 494 494 494 496 496 496 496 496 497 497 498 498 499 499 499 499 499 500 501 501 501 501 501 502 503 503 503 503 503 504 504 504 504 505 505 505 506 506
400 401 401 468 469 469 469 471 471 472 472 473 474 474 474 475 476 476 477 477 478 478 479 479 479 481 481 481 482 483 483 483 484 484 485 486 486 486 486 488 488 488 488 489 489 490 490 491 491 491 492 493 493 493 493 494 495 495 495 496 496 496 496 497 498 498 498 498 498 499 500 500 500 500 501 501 501 502 502 502 503 503 503 503 503 504 505 505 505 505 505 505 505 506
400 401 468 468 469 469 470 471 471 471 473 473 473 474 475 475 476 476 477 478 478 478 479 480 480 481 481 482 482 483 483 483 485 485 485 485 486 487 487 488 488 488 489 490 490 490 490 491 492 492 492 493 493 493 494 495 495 495 495 495 497 497 497 497 497 498 498 499 499 499 500 500 500 500 501 502 502 502 502 502 502 503 504 504 504 504 504 505 505 505 506 506 506 506
401 467 468 468 469 470 470 471 472 472 473 473 474 475 475 475 477 477 477 478 478 479 480 480 480 481 482 482 482 483 484 484 484 485 485 486 487 487 487 487 489 489 489 489 490 490 491 491 492 492 492 493 494 494 494 494 495 495 496 496 496 497 497 497 498 499 499 499 499 499 500 501 501 501 501 501 502 502 502 503 503 503 504 504 504 504 504 505 506 506 506 506 506 523
467 467 469 469 469 470 471 471 472 472 473 474 474 474 476 476 476 477 477 478 479 479 479 481 481 481 482 482 483 483 484 484 484 486 486 486 486 487 488 488 489 489 489 490 491 491 491 491 492 493 493 493 494 494 494 495 495 496 496 496 496 498 498 498 498 498 499 499 500 500 500 501 501 501 501 501 503 503 503 503 503 503 504 504 505 505 505 505 505 506 506 506 506 524
468 468 468 469 470 471 471 471 473 473 473 474 475 475 476 476 476 478 478 478 479 480 480 481 481 481 482 483 483 483 484 485 485 486 486 486 487 488 488 488 488 490 490 490 490 491 491 492 492 493 493 493 493 495 495 495 495 496 496 497 497 497 498 498 498 498 499 500 500 500 500 500 501 502 502 502 502 503 503 503 504 504 504 505 505 505 505 505 505 506 507 507 507 524
468 468 469 470 470 470 472 472 472 473 473 474 475 475 476 477 477 477 478 479 479 480 480 480 482 482 482 483 483 484 484 485 485 485 487 487 487 487 488 489 489 490 490 490 491 492 492 492 492 493 494 494 494 495 495 495 496 496 497 497 497 497 498 499 499 499 499 500 500 500 501 501 501 502 502 502 502 503 504 504 504 504 504 504 505 505 506 506 506 506 506 507 507 524
467 469 469 470 470 471 472 472 472 474 474 474 475 476 476 477 477 478 479 479 479 480 481 481 482 482 482 483 484 484 484 485 486 486 486 487 487 488 489 489 489 489 491 491 491 491 492 492 493 493 494 494 494 494 496 496 496 496 496 497 498 498 498 499 499 499 499 500 501 501 501 501 501 502 503 503 503 503 503 504 504 504 505 505 505 506 506 506 506 506 506 507 508 525
468 469 469 470 471 471 471 473 473 473 474 475 476 476 476 478 478 478 479 479 480 480 481 481 481 483 483 483 484 484 485 485 486 486 486 488 488 488 488 489 490 490 490 491 491 491 493 493 493 493 493 495 495 495 495 496 496 496 497 498 498 498 498 498 500 500 500 500 500 501 501 502 502 502 503 503 503 503 503 504 505 505 505 505 505 505 506 506 507 507 507 507 507 525
468 469 470 470 471 472 472 473 473 474 475 475 475 476 477 477 478 478 479 480 480 480 481 482 482 483 483 483 484 485 485 485 486 487 487 487 488 488 489 490 490 490 490 492 492 492 492 493 493 494 494 495 495 495 495 497 497 497 497 497 498 498 499 499 499 500 500 500 500 501 502 502 502 502 502 503 504 504 504 504 504 505 505 505 506 506 506 507 507 507 507 507 507 524
469 469 470 470 471 472 472 472 474 474 474 475 476 477 477 477 479 479 479 479 480 481 481 482 482 482 484 484 484 485 486 486 486 487 487 487 489 489 489 489 490 491 491 491 492 492 492 493 494 494 494 494 495 496 496 496 497 497 497 498 498 499 499 499 499 500 501 501 501 501 501 502 502 503 503 503 504 504 504 504 504 505 506 506 506 506 506 506 507 507 508 508 508 525
