testData/tiles/oneDegree/grid41.0-16.0-42.0-17.0.asc
ncols   200
nrows   200
xllcorner   41.0
yllcorner   16.0
cellsize   0.005
NODATA_value   -9999.0
[rows 126 to 167 of 200, columns 0 to 93 of 200]
66 66 66 66 67 67 67 123 123 124 124 124 124 124 124 125 125 125 125 125 125 126 126 126 126 126 126 127 127 127 127 127 128 128 128 128 111 111 112 112 112 112 112 112 113 113 113 113 113 113 114 114 114 114 114 115 115 115 115 115 115 116 116 116 116 116 116 117 117 117 117 117 117 118 118 118 118 118 118 119 119 119 119 119 119 120 120 120 120 120 120 121 121 121
66 66 66 66 67 67 67 67 67 123 124 124 124 124 124 125 125 125 125 125 125 126 126 126 126 126 126 127 127 127 127 127 127 128 128 128 128 111 112 112 112 112 112 112 113 113 113 113 113 113 114 114 114 114 114 114 115 115 115 115 115 115 116 116 116 116 116 117 117 117 117 117 117 118 118 118 118 118 118 119 119 119 119 119 119 120 120 120 120 120 120 121 121 121
66 66 66 66 67 67 67 67 67 67 68 124 124 124 124 124 125 125 125 125 125 125 126 126 126 126 126 127 127 127 127 127 127 128 128 128 128 111 111 112 112 112 112 112 112 113 113 113 113 113 114 114 114 114 114 114 115 115 115 115 115 115 116 116 116 116 116 116 117 117 117 117 117 117 118 118 118 118 118 118 119 119 119 119 119 119 120 120 120 120 120 120 121 121
66 66 66 66 66 67 67 67 67 67 68 68 68 124 124 124 125 125 125 125 125 125 126 126 126 126 126 126 127 127 127 127 127 128 128 128 128 111 111 112 112 112 112 112 112 113 113 113 113 113 113 114 114 114 114 114 114 115 115 115 115 115 116 116 116 116 116 116 117 117 117 117 117 117 118 118 118 118 118 118 119 119 119 119 119 119 120 120 120 120 120 120 121 121
66 66 66 66 66 67 67 67 67 67 67 68 68 68 68 124 125 125 125 125 125 125 126 126 126 126 126 126 127 127 127 127 127 127 128 128 128 111 111 111 112 112 112 112 112 113 113 113 113 113 113 114 114 114 114 114 114 115 115 115 115 115 115 116 116 116 116 116 116 117 117 117 117 117 117 118 118 118 118 118 118 119 119 119 119 119 120 120 120 120 120 120 121 121
66 66 66 66 66 67 67 67 67 67 67 68 68 68 68 68 68 69 125 125 125 125 125 126 126 126 126 126 127 127 127 127 127 127 128 128 128 111 111 111 112 112 112 112 112 112 113 113 113 113 113 113 114 114 114 114 114 115 115 115 115 115 115 116 116 116 116 116 116 117 117 117 117 117 117 118 118 118 118 118 118 119 119 119 119 119 119 120 120 120 120 120 120 121
66 66 66 66 66 66 67 67 67 67 67 68 68 68 68 68 68 69 69 69 125 125 125 126 126 126 126 126 126 127 127 127 127 127 128 128 128 128 111 111 112 112 112 112 112 112 113 113 113 113 113 113 114 114 114 114 114 114 115 115 115 115 115 115 116 116 116 116 116 116 117 117 117 117 117 118 118 118 118 118 118 119 119 119 119 119 119 120 120 120 120 120 120 121
66 66 66 66 66 66 67 67 67 67 67 67 68 68 68 68 68 68 69 69 69 69 125 126 126 126 126 126 126 127 127 127 127 127 127 128 128 128 111 111 111 112 112 112 112 112 112 113 113 113 113 113 114 114 114 114 114 114 115 115 115 115 115 115 116 116 116 116 116 116 117 117 117 117 117 117 118 118 118 118 118 118 119 119 119 119 119 119 120 120 120 120 120 120
65 66 66 66 66 66 67 67 67 67 67 67 68 68 68 68 68 68 69 69 69 69 69 69 126 126 126 126 126 127 127 127 127 127 127 128 128 128 111 111 111 112 112 112 112 112 112 113 113 113 113 113 113 114 114 114 114 114 114 115 115 115 115 115 115 116 116 116 116 116 117 117 117 117 117 117 118 118 118 118 118 118 119 119 119 119 119 119 120 120 120 120 120 120
65 66 66 66 66 66 66 67 67 67 67 67 67 68 68 68 68 68 69 69 69 69 69 69 70 70 70 126 126 126 127 127 127 127 127 127 128 128 111 111 111 112 112 112 112 112 112 113 113 113 113 113 113 114 114 114 114 114 114 115 115 115 115 115 115 116 116 116 116 116 116 117 117 117 117 117 117 118 118 118 118 118 118 119 119 119 119 119 119 120 120 120 120 120
65 66 66 66 66 66 66 67 67 67 67 67 67 68 68 68 68 68 68 69 69 69 69 69 70 70 70 70 70 126 127 127 127 127 127 127 128 128 111 111 111 111 112 112 112 112 112 112 113 113 113 113 113 113 114 114 114 114 114 115 115 115 115 115 115 116 116 116 116 116 116 117 117 117 117 117 117 118 118 118 118 118 118 119 119 119 119 119 119 120 120 120 120 120
65 65 66 66 66 66 66 67 67 67 67 67 67 68 68 68 68 68 68 69 69 69 69 69 69 70 70 70 70 70 70 127 127 127 127 127 128 128 128 111 111 111 112 112 112 112 112 112 113 113 113 113 113 113 114 114 114 114 114 114 115 115 115 115 115 115 116 116 116 116 116 116 117 117 117 117 117 117 118 118 118 118 118 118 119 119 119 119 119 119 120 120 120 120
65 65 66 66 66 66 66 66 67 67 67 67 67 67 68 68 68 68 68 69 69 69 69 69 69 70 70 70 70 70 70 71 71 71 127 127 127 128 128 111 111 111 111 112 112 112 112 112 112 113 113 113 113 113 114 114 114 114 114 114 115 115 115 115 115 115 116 116 116 116 116 116 117 117 117 117 117 117 118 118 118 118 118 118 119 119 119 119 119 119 120 120 120 120
65 65 66 66 66 66 66 66 67 67 67 67 67 67 68 68 68 68 68 68 69 69 69 69 69 69 70 70 70 70 70 71 71 71 71 71 127 128 128 111 111 111 111 112 112 112 112 112 112 113 113 113 113 113 113 114 114 114 114 114 114 115 115 115 115 115 115 116 116 116 116 116 116 117 117 117 117 117 117 118 118 118 118 118 118 119 119 119 119 119 119 120 120 120
65 65 65 66 66 66 66 66 66 67 67 67 67 67 68 68 68 68 68 68 69 69 69 69 69 69 70 70 70 70 70 70 71 71 71 71 71 71 72 111 111 111 111 111 112 112 112 112 112 113 113 113 113 113 113 114 114 114 114 114 114 115 115 115 115 115 115 116 116 116 116 116 116 117 117 117 117 117 117 118 118 118 118 118 118 119 119 119 119 119 119 120 120 120
65 65 65 66 66 66 66 66 66 67 67 67 67 67 67 68 68 68 68 68 68 69 69 69 69 69 70 70 70 70 70 70 71 71 71 71 71 71 72 55 55 111 111 111 112 112 112 112 112 112 113 113 113 113 113 113 114 114 114 114 114 114 115 115 115 115 115 115 116 116 116 116 116 116 117 117 117 117 117 117 118 118 118 118 118 118 119 119 119 119 119 119 120 120
65 65 65 65 66 66 66 66 66 67 67 67 67 67 67 68 68 68 68 68 68 69 69 69 69 69 69 70 70 70 70 70 70 71 71 71 71 71 72 55 55 55 55 55 112 112 112 112 112 112 113 113 113 113 113 113 114 114 114 114 114 114 115 115 115 115 115 115 116 116 116 116 116 116 117 117 117 117 117 117 118 118 118 118 118 118 119 119 119 119 119 119 120 120
65 65 65 65 66 66 66 66 66 66 67 67 67 67 67 68 68 68 68 68 68 69 69 69 69 69 69 70 70 70 70 70 70 71 71 71 71 71 71 72 55 55 55 55 55 56 56 112 112 112 112 113 113 113 113 113 113 114 114 114 114 114 114 115 115 115 115 115 115 116 116 116 116 116 116 117 117 117 117 117 117 118 118 118 118 118 118 119 119 119 119 119 119 120
65 65 65 65 66 66 66 66 66 66 67 67 67 67 67 67 68 68 68 68 68 68 69 69 69 69 69 69 70 70 70 70 70 71 71 71 71 71 71 72 55 55 55 55 55 56 56 56 56 112 112 113 113 113 113 113 113 114 114 114 114 114 114 115 115 115 115 115 115 116 116 116 116 116 116 117 117 117 117 117 117 118 118 118 118 118 118 119 119 119 119 119 119 120
65 65 65 65 65 66 66 66 66 66 67 67 67 67 67 67 68 68 68 68 68 68 69 69 69 69 69 69 70 70 70 70 70 70 71 71 71 71 71 71 55 55 55 55 55 55 56 56 56 56 56 56 113 113 113 113 113 113 114 114 114 114 114 114 115 115 115 115 115 115 116 116 116 116 116 116 117 117 117 117 117 117 118 118 118 118 118 118 119 119 119 119 119 119
65 65 65 65 65 66 66 66 66 66 66 67 67 67 67 67 67 68 68 68 68 68 68 69 69 69 69 69 70 70 70 70 70 70 71 71 71 71 71 71 55 55 55 55 55 55 56 56 56 56 56 56 57 57 57 113 113 113 114 114 114 114 114 114 115 115 115 115 115 115 116 116 116 116 116 116 117 117 117 117 117 117 118 118 118 118 118 118 119 119 119 119 119 119
65 65 65 65 65 66 66 66 66 66 66 67 67 67 67 67 67 68 68 68 68 68 68 69 69 69 69 69 69 70 70 70 70 70 70 71 71 71 71 71 54 55 55 55 55 55 55 56 56 56 56 56 56 57 57 57 57 57 113 114 114 114 114 114 114 115 115 115 115 115 115 116 116 116 116 116 116 117 117 117 117 117 117 118 118 118 118 118 118 119 119 119 119 119
65 65 65 65 65 65 66 66 66 66 66 66 67 67 67 67 67 68 68 68 68 68 68 69 69 69 69 69 69 70 70 70 70 70 70 71 71 71 71 71 54 55 55 55 55 55 55 56 56 56 56 56 56 57 57 57 57 57 57 58 58 114 114 114 114 115 115 115 115 115 115 116 116 116 116 116 116 117 117 117 117 117 117 118 118 118 118 118 118 119 119 119 119 119
65 65 65 65 65 65 66 66 66 66 66 66 67 67 67 67 67 67 68 68 68 68 68 68 69 69 69 69 69 69 70 70 70 70 70 70 71 71 71 71 54 54 55 55 55 55 55 56 56 56 56 56 56 57 57 57 57 57 57 58 58 58 58 58 114 114 115 115 115 115 115 115 116 116 116 116 116 116 117 117 117 117 117 117 118 118 118 118 118 118 119 119 119 119
64 65 65 65 65 65 65 66 66 66 66 66 67 67 67 67 67 67 68 68 68 68 68 68 69 69 69 69 69 69 70 70 70 70 70 70 71 71 71 71 71 54 55 55 55 55 55 55 56 56 56 56 56 56 57 57 57 57 57 57 58 58 58 58 58 58 59 115 115 115 115 115 116 116 116 116 116 116 117 117 117 117 117 117 118 118 118 118 118 118 118 119 119 119
64 65 65 65 65 65 65 66 66 66 66 66 66 67 67 67 67 67 67 68 68 68 68 68 68 69 69 69 69 69 69 70 70 70 70 70 71 71 71 71 71 54 55 55 55 55 55 55 56 56 56 56 56 56 57 57 57 57 57 57 58 58 58 58 58 58 58 59 59 59 59 115 115 116 116 116 116 116 116 117 117 117 117 117 117 118 118 118 118 118 118 119 119 119
64 64 65 65 65 65 65 66 66 66 66 66 66 67 67 67 67 67 67 68 68 68 68 68 68 69 69 69 69 69 69 70 70 70 70 70 70 71 71 71 71 54 54 55 55 55 55 55 55 56 56 56 56 56 56 57 57 57 57 57 57 58 58 58 58 58 58 59 59 59 59 59 59 60 116 116 116 116 116 117 117 117 117 117 117 118 118 118 118 118 118 118 119 119
64 64 65 65 65 65 65 65 66 66 66 66 66 66 67 67 67 67 67 67 68 68 68 68 68 69 69 69 69 69 69 70 70 70 70 70 70 71 71 71 71 54 54 55 55 55 55 55 55 56 56 56 56 56 56 57 57 57 57 57 57 58 58 58 58 58 58 58 59 59 59 59 59 59 60 60 60 116 116 116 117 117 117 117 117 117 118 118 118 118 118 118 119 119
64 64 65 65 65 65 65 65 66 66 66 66 66 66 67 67 67 67 67 67 68 68 68 68 68 68 69 69 69 69 69 69 70 70 70 70 70 70 71 71 71 54 54 54 55 55 55 55 55 55 56 56 56 56 56 56 57 57 57 57 57 57 58 58 58 58 58 58 59 59 59 59 59 59 60 60 60 60 60 60 61 117 117 117 117 117 117 118 118 118 118 118 118 119
64 64 64 65 65 65 65 65 65 66 66 66 66 66 66 67 67 67 67 67 68 68 68 68 68 68 69 69 69 69 69 69 70 70 70 70 70 70 71 71 71 54 54 54 55 55 55 55 55 55 56 56 56 56 56 56 57 57 57 57 57 57 58 58 58 58 58 58 58 59 59 59 59 59 59 60 60 60 60 60 60 61 61 61 61 117 117 118 118 118 118 118 118 119
64 64 64 65 65 65 65 65 65 66 66 66 66 66 66 67 67 67 67 67 67 68 68 68 68 68 68 69 69 69 69 69 69 70 70 70 70 70 70 71 71 54 54 54 54 55 55 55 55 55 55 56 56 56 56 56 56 57 57 57 57 57 57 58 58 58 58 58 58 59 59 59 59 59 59 60 60 60 60 60 60 60 61 61 61 61 61 61 62 118 118 118 118 118
64 64 64 64 65 65 65 65 65 66 66 66 66 66 66 67 67 67 67 67 67 68 68 68 68 68 68 69 69 69 69 69 69 70 70 70 70 70 70 71 71 71 54 54 54 55 55 55 55 55 55 56 56 56 56 56 56 57 57 57 57 57 57 57 58 58 58 58 58 58 59 59 59 59 59 59 60 60 60 60 60 60 61 61 61 61 61 61 62 62 62 62 62 118
64 64 64 64 65 65 65 65 65 65 66 66 66 66 66 66 67 67 67 67 67 67 68 68 68 68 68 68 69 69 69 69 69 69 70 70 70 70 70 70 71 71 54 54 54 54 55 55 55 55 55 55 56 56 56 56 56 56 57 57 57 57 57 57 58 58 58 58 58 58 59 59 59 59 59 59 60 60 60 60 60 60 60 61 61 61 61 61 61 62 62 62 62 62
64 64 64 64 65 65 65 65 65 65 66 66 66 66 66 66 67 67 67 67 67 67 68 68 68 68 68 68 69 69 69 69 69 69 70 70 70 70 70 70 71 71 54 54 54 54 55 55 55 55 55 55 56 56 56 56 56 56 57 57 57 57 57 57 57 58 58 58 58 58 58 59 59 59 59 59 59 60 60 60 60 60 60 61 61 61 61 61 61 61 62 62 62 62
64 64 64 64 64 65 65 65 65 65 65 66 66 66 66 66 66 67 67 67 67 67 67 68 68 68 68 68 68 69 69 69 69 69 69 70 70 70 70 70 70 71 54 54 54 54 54 55 55 55 55 55 55 56 56 56 56 56 56 57 57 57 57 57 57 58 58 58 58 58 58 59 59 59 59 59 59 59 60 60 60 60 60 60 61 61 61 61 61 61 62 62 62 62
64 64 64 64 64 65 65 65 65 65 65 66 66 66 66 66 66 67 67 67 67 67 67 68 68 68 68 68 68 69 69 69 69 69 69 70 70 70 70 70 70 71 54 54 54 54 54 55 55 55 55 55 55 56 56 56 56 56 56 56 57 57 57 57 57 57 58 58 58 58 58 58 59 59 59 59 59 59 60 60 60 60 60 60 61 61 61 61 61 61 61 62 62 62
64 64 64 64 64 64 65 65 65 65 65 65 66 66 66 66 66 66 67 67 67 67 67 67 68 68 68 68 68 68 69 69 69 69 69 69 70 70 70 70 70 70 54 54 54 54 54 54 55 55 55 55 55 55 56 56 56 56 56 56 57 57 57 57 57 57 58 58 58 58 58 58 59 59 59 59 59 59 59 60 60 60 60 60 60 61 61 61 61 61 61 62 62 62
64 64 64 64 64 64 65 65 65 65 65 65 66 66 66 66 66 66 67 67 67 67 67 67 68 68 68 68 68 68 69 69 69 69 69 69 70 70 70 70 70 70 54 54 54 54 54 54 55 55 55 55 55 55 56 56 56 56 56 56 56 57 57 57 57 57 57 58 58 58 58 58 58 59 59 59 59 59 59 60 60 60 60 60 60 60 61 61 61 61 61 61 62 62
63 64 64 64 64 64 64 65 65 65 65 65 65 66 66 66 66 66 66 67 67 67 67 67 67 68 68 68 68 68 68 69 69 69 69 69 69 70 70 70 70 70 53 54 54 54 54 54 54 55 55 55 55 55 55 56 56 56 56 56 56 57 57 57 57 57 57 58 58 58 58 58 58 58 59 59 59 59 59 59 60 60 60 60 60 60 61 61 61 61 61 61 61 62
63 64 64 64 64 64 64 65 65 65 65 65 65 66 66 66 66 66 66 67 67 67 67 67 67 68 68 68 68 68 68 69 69 69 69 69 69 70 70 70 70 70 70 54 54 54 54 54 54 55 55 55 55 55 55 55 56 56 56 56 56 56 57 57 57 57 57 57 58 58 58 58 58 58 59 59 59 59 59 59 59 60 60 60 60 60 60 61 61 61 61 61 61 62
63 63 64 64 64 64 64 64 65 65 65 65 65 65 66 66 66 66 66 66 67 67 67 67 67 67 68 68 68 68 68 68 69 69 69 69 69 69 70 70 70 70 70 53 54 54 54 54 54 54 55 55 55 55 55 55 56 56 56 56 56 56 57 57 57 57 57 57 58 58 58 58 58 58 58 59 59 59 59 59 59 60 60 60 60 60 60 61 61 61 61 61 61 61
63 63 64 64 64 64 64 64 65 65 65 65 65 65 66 66 66 66 66 66 67 67 67 67 67 67 68 68 68 68 68 68 69 69 69 69 69 69 70 70 70 70 70 53 54 54 54 54 54 54 55 55 55 55 55 55 55 56 56 56 56 56 56 57 57 57 57 57 57 58 58 58 58 58 58 59 59 59 59 59 59 59 60 60 60 60 60 60 61 61 61 61 61 61
