testData/tiles/oneDegree/grid34.0-24.0-35.0-25.0.asc
ncols   200
nrows   200
xllcorner   34.0
yllcorner   24.0
cellsize   0.005
NODATA_value   -9999.0
[rows 0 to 41 of 200, columns 94 to 187 of 200]
466 466 466 466 466 466 466 466 465 465 465 464 464 464 464 464 464 464 463 463 463 462 462 462 461 461 461 461 461 461 310 310 310 309 309 308 308 308 308 308 328 327 327 326 326 325 325 325 324 324 323 324 323 323 322 322 321 321 321 320 320 319 319 318 318 318 317 317 316 316 315 315 314 314 313 312 312 311 311 311 310 310 309 309 308 307 307 306 305 305 304 303 302 302
467 466 466 467 467 466 466 466 466 465 465 465 465 464 465 465 464 464 464 463 463 463 462 462 462 462 462 462 461 461 311 310 310 310 309 309 309 309 309 308 308 328 327 327 326 326 325 325 325 325 325 324 324 323 323 322 322 321 321 320 320 319 320 319 319 318 318 317 317 316 316 315 315 314 313 313 312 313 312 311 311 310 310 309 308 308 307 306 306 305 304 304 304 303
467 467 468 467 467 467 467 466 466 466 465 465 466 466 465 465 465 464 464 464 463 463 463 463 463 463 463 462 462 461 311 311 310 310 310 310 310 310 309 309 308 308 328 327 327 326 326 325 326 326 325 325 324 324 323 323 322 322 321 321 320 321 320 320 319 319 318 318 317 317 316 316 315 314 314 314 314 313 313 312 311 311 310 309 309 308 307 307 306 305 306 305 304 304
468 468 468 468 467 467 467 467 466 466 466 467 466 466 466 465 465 465 464 464 464 464 464 464 464 463 463 463 462 462 311 311 311 310 311 311 310 310 310 309 309 308 308 307 327 327 327 327 326 326 325 325 325 324 324 323 323 322 322 322 322 321 321 320 320 319 319 318 318 317 317 316 315 316 315 315 314 314 313 312 312 311 310 310 309 309 308 307 308 307 306 306 305 304
469 469 468 468 468 468 467 467 467 466 467 467 467 466 466 466 465 465 465 465 464 465 465 464 464 464 463 463 463 462 312 312 312 312 311 311 311 310 310 309 309 309 308 308 308 328 328 327 327 326 326 325 325 325 324 324 323 324 323 323 322 322 321 321 320 320 319 319 318 318 317 317 317 316 316 315 315 314 313 313 312 312 311 310 310 310 309 309 308 307 307 306 305 305
469 469 469 468 468 468 468 467 468 468 468 467 467 467 466 466 466 466 465 466 466 465 465 465 464 464 464 463 463 463 462 313 313 312 312 311 311 311 310 310 309 309 309 309 309 308 328 328 327 327 326 326 325 325 324 325 325 324 324 323 323 322 322 321 321 320 320 319 318 319 318 318 317 317 316 316 315 314 314 313 313 312 311 312 311 310 310 309 308 308 307 306 306 305
469 469 469 469 468 468 468 469 468 468 468 468 467 467 467 466 466 466 467 466 466 466 465 465 465 464 464 464 463 464 464 313 313 313 312 312 311 311 311 310 310 310 310 310 309 309 308 328 328 327 327 326 326 326 326 325 325 324 324 323 323 322 322 321 321 320 320 320 320 319 319 318 318 317 317 316 315 315 314 314 313 313 313 312 312 311 310 310 309 308 308 307 306 306
470 470 469 469 469 469 469 469 469 468 468 468 468 467 467 467 468 467 467 467 466 466 466 465 465 465 464 464 465 464 464 314 313 313 313 312 312 311 311 312 311 311 310 310 310 309 309 308 328 327 327 327 327 327 326 326 325 325 324 324 323 323 322 322 321 322 321 321 320 320 319 319 318 317 317 316 316 315 315 315 314 314 313 313 312 311 311 310 309 309 308 307 307 306
470 470 470 469 470 470 470 469 469 469 469 468 468 468 467 468 468 468 467 467 467 466 466 466 465 465 466 465 465 465 464 314 314 313 313 312 312 312 312 312 312 311 311 310 310 310 309 309 308 308 328 328 327 327 327 326 326 325 325 324 324 323 323 323 323 322 322 321 321 320 320 319 318 318 317 317 316 317 316 315 315 314 314 313 312 312 311 310 310 309 308 308 308 307
470 470 470 471 470 470 470 470 469 469 469 469 468 468 469 468 468 468 468 467 467 467 466 466 466 466 466 466 465 465 465 314 314 314 313 313 313 313 313 312 312 312 311 311 310 310 309 309 310 309 309 328 328 327 327 326 326 326 325 325 324 325 324 324 323 323 322 322 321 320 320 319 319 318 318 318 318 317 316 316 315 315 314 313 313 312 311 311 310 310 310 309 308 308
471 471 471 471 471 471 470 470 470 469 469 469 470 469 469 469 469 468 468 468 467 467 467 467 467 467 466 466 466 465 465 315 314 314 314 314 314 313 313 313 312 312 311 311 311 310 310 310 310 310 309 309 328 328 327 327 326 326 325 326 325 325 324 324 323 323 322 322 321 321 320 320 319 320 319 319 318 317 317 316 316 315 314 314 313 313 312 311 312 311 310 310 309 308
471 472 472 471 471 471 471 470 470 470 470 470 470 470 469 469 469 469 468 468 468 467 468 468 467 467 467 466 466 466 465 315 315 315 315 315 314 314 313 313 313 312 312 311 311 312 311 311 310 310 309 309 309 328 328 327 327 326 327 326 326 325 325 324 324 323 323 322 322 321 321 321 321 320 319 319 318 318 317 317 316 315 315 314 314 313 313 313 312 311 311 310 309 309
472 472 472 472 471 471 471 471 470 470 471 471 470 470 470 469 469 469 469 468 469 469 468 468 468 467 467 467 466 466 466 465 316 316 315 315 314 314 314 313 313 313 312 313 312 312 311 311 311 310 310 309 309 308 308 328 328 328 327 327 326 326 325 325 324 324 323 323 322 323 322 321 321 320 320 319 319 318 318 317 316 316 315 316 315 314 314 313 312 312 311 310 310 309
473 472 472 472 472 471 471 471 472 471 471 471 471 470 470 470 469 469 469 470 469 469 469 468 468 468 467 467 467 466 467 467 316 316 316 315 315 314 314 314 313 313 313 313 313 312 312 311 311 311 310 310 309 309 309 309 328 328 327 327 327 326 326 325 325 324 323 324 323 323 322 322 321 321 320 320 319 318 318 317 317 317 317 316 315 315 314 313 313 312 311 311 310 309
473 473 473 472 472 472 472 472 472 472 471 471 471 471 470 470 470 469 470 470 470 469 469 469 468 468 468 467 467 468 467 467 317 316 316 315 315 315 314 314 315 314 314 313 313 313 312 312 311 311 310 310 311 310 310 309 309 328 328 327 327 326 326 325 325 325 325 324 324 323 323 322 322 321 321 320 319 319 318 319 318 317 317 316 316 315 314 314 313 312 312 311 310 310
473 473 473 473 472 472 473 473 472 472 472 471 471 471 471 470 471 471 470 470 470 470 469 469 469 468 468 469 468 468 468 467 317 317 316 316 315 315 315 315 315 314 314 314 313 313 312 312 312 311 311 311 311 310 310 310 309 309 308 328 327 327 326 326 326 326 325 325 324 324 323 323 322 321 321 320 320 320 320 319 318 318 317 317 316 315 315 314 313 313 312 311 312 311
474 473 473 473 473 473 473 473 473 472 472 472 472 471 471 472 471 471 471 470 470 470 470 469 469 469 469 469 469 468 468 468 317 317 316 316 316 316 316 316 315 315 314 314 314 313 313 312 312 313 312 312 311 311 310 310 309 309 308 308 327 327 328 327 327 326 326 325 324 324 323 323 322 322 321 322 321 321 320 319 319 318 318 317 316 316 315 314 314 313 314 313 312 312
474 474 473 474 474 474 473 473 473 473 472 472 472 472 472 472 472 471 471 471 470 470 470 470 470 470 470 469 469 469 468 468 317 317 317 316 317 317 316 316 315 315 315 314 314 313 313 313 313 313 312 312 312 311 311 310 310 309 309 308 309 328 328 327 327 326 326 325 325 324 324 323 323 323 323 322 321 321 320 320 319 319 318 317 317 316 315 315 315 315 314 313 313 312
474 474 475 474 474 474 474 473 473 473 473 472 473 473 473 472 472 472 471 471 471 470 470 471 470 470 470 469 469 469 468 468 318 317 318 318 317 317 317 316 316 315 315 315 314 314 314 314 314 313 313 312 312 311 311 310 310 310 310 310 309 309 308 328 327 327 326 326 325 325 324 325 324 323 323 322 322 321 321 320 319 319 318 318 317 316 317 316 316 315 314 314 313 312
474 475 475 475 474 474 474 474 473 473 473 474 473 473 473 473 472 472 472 471 471 471 471 471 471 470 470 470 469 469 469 468 468 319 318 318 318 317 317 316 316 316 315 315 315 315 315 314 314 313 313 313 312 312 311 311 310 311 310 310 309 309 308 308 327 327 326 326 325 325 325 325 324 324 323 323 322 322 321 320 320 319 319 318 318 318 317 316 316 315 315 314 313 313
476 475 475 475 475 474 474 474 474 473 474 474 474 473 473 473 472 472 472 472 472 472 472 471 471 471 470 470 470 469 469 470 469 319 319 318 318 318 317 317 316 316 316 316 316 315 315 315 314 314 313 313 312 312 312 312 312 311 311 310 310 309 309 308 308 327 327 326 327 326 326 325 325 324 324 323 322 322 321 321 320 319 320 319 319 318 317 317 316 316 315 314 314 313
476 476 475 475 475 475 474 474 474 475 474 474 474 474 473 473 473 472 472 473 473 472 472 472 471 471 471 470 470 470 470 470 470 319 319 319 318 318 317 317 317 317 317 316 316 316 315 315 314 314 314 313 313 313 313 312 312 311 311 310 310 310 309 309 308 308 308 328 327 327 326 325 325 324 324 323 323 322 322 321 321 321 320 320 319 318 318 317 316 316 315 315 314 313
476 476 476 475 475 475 475 475 475 475 475 474 474 474 474 473 473 473 473 473 473 473 472 472 472 471 471 471 470 471 471 470 470 320 319 319 318 318 318 317 318 318 317 317 316 316 316 315 315 314 314 313 314 314 313 313 312 312 311 311 310 310 309 309 309 309 308 308 327 327 326 326 325 325 324 324 323 322 323 322 322 321 321 320 319 319 318 317 317 316 316 315 315 315
476 476 476 476 475 475 476 476 475 475 475 475 474 474 474 474 474 474 474 473 473 473 472 472 472 472 471 472 472 471 471 470 470 320 319 319 319 318 319 319 318 318 317 317 317 316 316 315 315 315 315 315 314 314 313 313 312 312 312 311 311 310 311 310 310 309 309 308 308 307 327 326 325 325 324 324 324 324 323 323 322 321 321 320 320 319 318 318 317 316 317 316 316 315
481 476 476 476 476 476 476 476 476 475 475 475 475 474 474 475 475 474 474 474 473 473 473 472 472 472 472 472 472 471 471 471 470 320 320 319 319 320 319 319 318 318 318 317 317 316 316 316 316 316 315 315 315 314 314 313 313 312 312 311 311 311 311 310 310 309 309 308 308 307 307 326 326 325 326 325 325 324 323 323 322 322 321 321 320 319 319 318 318 318 317 316 316 315
481 481 476 476 477 477 476 476 476 476 475 475 475 475 475 475 475 474 474 474 474 473 473 473 473 473 473 472 472 472 471 471 471 320 320 321 320 320 319 319 319 318 318 318 317 317 316 317 316 316 316 315 315 314 314 313 313 313 312 313 312 312 311 311 310 310 309 309 308 308 307 307 307 327 326 325 325 324 324 323 323 322 321 321 320 320 320 319 319 318 317 317 316 315
481 481 478 477 477 477 477 476 476 476 476 475 475 476 476 475 475 475 474 474 474 474 473 474 474 473 473 473 472 472 472 471 471 321 321 321 320 320 320 319 319 319 318 318 317 318 318 317 317 316 316 315 315 315 314 314 313 314 313 313 312 312 311 311 310 310 309 309 308 308 308 308 307 307 326 326 325 325 324 323 323 322 322 321 321 321 320 320 319 318 318 317 316 316
481 482 482 478 477 477 477 477 476 476 476 477 476 476 476 476 475 475 475 474 474 474 474 474 474 473 473 473 473 472 472 471 471 472 321 321 321 320 320 320 319 319 318 318 319 318 318 317 317 317 316 316 315 315 314 314 315 314 314 313 313 312 312 311 311 310 310 309 310 309 309 308 308 307 307 306 325 325 324 324 323 323 323 322 322 321 321 320 319 319 318 317 317 316
483 482 482 482 478 477 477 477 477 476 477 477 477 476 476 476 475 475 475 475 475 475 475 474 474 474 473 473 473 472 472 473 472 472 322 321 321 321 320 320 319 319 320 319 319 318 318 318 317 317 316 316 316 315 316 315 315 314 314 313 313 312 312 311 311 310 310 310 310 309 309 308 308 307 307 306 306 325 325 324 324 324 323 323 322 321 321 320 320 319 318 318 317 316
483 483 482 482 482 478 477 477 477 478 477 477 477 477 476 476 476 475 475 476 476 475 475 475 474 474 474 473 473 473 473 473 473 472 322 322 321 321 320 320 320 320 320 320 319 319 318 318 317 317 317 316 316 316 316 315 315 315 314 314 313 313 312 312 311 312 311 311 310 310 309 309 308 308 307 306 306 305 306 325 325 324 323 323 322 322 321 320 320 319 319 318 318 318
483 483 483 482 482 482 478 477 478 478 478 477 477 477 476 476 476 476 476 476 476 475 475 475 474 474 474 474 474 474 474 473 473 472 322 322 321 321 321 321 321 321 320 320 319 319 319 318 318 317 317 317 317 317 316 316 315 315 314 314 313 313 312 313 312 312 311 311 310 310 309 309 308 308 307 307 307 307 306 305 326 325 325 324 324 323 322 322 321 320 321 320 320 319
483 483 483 483 482 482 483 479 478 478 478 478 477 477 477 476 476 477 477 476 476 476 475 475 475 474 474 475 474 474 474 473 473 473 322 322 322 321 322 322 321 321 320 320 320 319 319 318 318 319 318 318 317 317 316 316 315 315 315 314 314 314 314 313 313 312 312 311 311 310 310 310 310 309 310 309 308 308 307 307 306 306 325 324 324 323 323 322 322 322 321 320 320 319
483 483 483 483 483 483 483 479 479 478 478 478 477 477 477 478 477 477 477 476 476 476 476 475 475 475 475 475 475 474 474 474 473 473 323 322 322 322 322 322 321 321 321 320 320 319 319 319 319 319 318 318 317 317 317 316 316 315 315 314 315 314 314 313 314 313 313 312 312 311 311 310 310 310 310 309 309 308 308 307 306 306 305 305 324 323 324 323 323 322 321 321 320 319
484 483 483 483 484 483 483 483 479 478 478 478 478 477 478 478 478 477 477 477 476 476 476 475 476 476 475 475 475 474 474 474 473 473 323 323 323 323 322 322 322 321 321 320 320 320 320 320 319 319 319 318 318 317 317 316 316 315 316 317 316 316 315 315 314 314 313 313 312 312 311 312 311 311 310 309 310 309 309 308 308 307 306 306 306 326 325 324 324 323 323 322 321 321
484 484 483 484 484 484 483 483 483 479 478 478 478 479 478 478 478 477 477 477 477 476 476 477 476 476 476 475 475 475 474 474 474 473 324 324 323 323 323 322 322 321 321 321 320 321 320 320 320 319 319 318 318 317 318 318 317 318 317 317 316 316 315 315 314 314 313 313 313 314 313 313 312 312 311 311 310 310 309 308 308 307 308 307 307 306 305 325 324 323 323 322 322 321
484 484 485 484 484 484 484 483 483 483 479 478 479 479 478 478 478 478 477 477 477 476 477 477 477 476 476 476 475 475 475 474 475 475 324 324 323 323 323 322 322 322 321 322 321 321 321 320 320 319 320 320 319 319 318 319 318 318 317 317 316 316 317 316 316 315 315 315 315 314 314 313 313 312 311 311 310 310 309 309 309 309 308 307 308 307 307 306 305 325 324 323 323 322
484 485 485 485 484 484 484 484 483 483 480 480 479 479 479 478 478 478 478 477 477 478 477 477 477 476 476 476 475 475 475 475 475 475 324 324 324 323 323 323 322 322 322 322 322 321 321 321 321 321 320 320 319 320 319 319 319 319 319 318 318 317 317 316 316 315 316 315 315 314 314 313 313 313 313 312 312 311 310 311 310 310 309 309 308 307 307 306 306 305 324 324 323 323
485 485 485 485 484 484 484 484 483 484 484 480 479 479 479 479 478 478 478 478 478 478 478 477 477 477 476 476 476 475 476 476 475 475 475 324 324 323 323 323 322 323 323 323 323 322 322 322 321 321 320 320 320 321 321 320 320 319 319 318 318 317 317 316 317 317 317 317 316 315 315 314 314 313 313 312 312 312 312 311 311 310 309 309 308 308 307 306 306 305 305 305 324 324
486 485 485 485 485 484 484 484 485 484 484 484 480 479 479 479 478 478 479 479 478 478 478 477 477 477 476 476 477 476 476 476 475 475 475 324 324 324 323 324 325 324 324 323 323 323 322 322 321 322 323 322 322 321 321 320 320 319 319 319 318 319 319 319 318 318 317 317 316 316 315 315 314 314 313 314 313 312 312 312 312 311 311 310 309 309 308 308 307 307 307 306 305 305
486 486 485 485 485 485 484 485 485 485 484 484 484 479 479 479 479 479 479 479 478 478 478 478 477 477 477 477 477 477 476 476 476 475 475 325 324 325 325 325 325 324 324 324 323 323 323 323 323 323 323 322 322 321 321 321 321 321 320 320 319 320 319 319 318 318 317 317 316 316 315 316 315 316 315 315 314 314 313 313 312 311 311 310 310 309 308 309 308 308 307 306 306 305
486 486 485 485 485 485 485 485 485 485 484 484 484 480 479 479 480 480 479 479 479 478 478 478 477 477 478 477 477 477 476 476 476 475 476 326 326 326 326 325 325 325 325 325 324 324 324 324 324 323 323 322 323 323 322 322 321 321 320 321 320 320 320 319 320 319 319 318 318 317 317 317 317 316 315 315 314 314 313 313 312 312 311 310 310 310 310 309 308 308 307 306 306 305
486 486 486 485 485 486 486 485 485 485 485 484 484 484 481 480 480 480 479 479 479 479 478 478 478 478 478 478 477 477 477 476 477 477 476 327 327 326 326 326 326 326 325 325 325 324 325 324 325 324 324 324 323 323 322 322 321 321 322 322 322 321 321 320 320 319 319 318 318 317 318 317 317 316 316 315 316 315 314 314 313 313 312 313 312 311 311 310 310 309 308 308 307 306
