testData/tiles/oneDegree/grid17.0-37.0-18.0-38.0.asc
ncols   200
nrows   200
xllcorner   17.0
yllcorner   37.0
cellsize   0.005
NODATA_value   -9999.0
[rows 41 to 81 of 200, columns 93 to 185 of 200]
808 809 809 810 811 812 813 814 814 815 816 817 817 818 819 820 820 821 822 822 822 823 824 836 837 837 838 839 839 840 841 841 841 841 843 844 845 846 847 848 849 849 850 851 851 853 853 855 855 855 856 857 857 859 859 859 859 860 928 928 930 930 929 930 931 931 932 931 932 933 933 934 934 934 934 935 936 935 936 936 936 937 937 937 937 938 938 938 938 938 938 939 939
808 809 809 810 811 812 813 814 814 815 816 817 817 818 819 820 819 820 821 822 822 823 836 836 837 838 838 839 839 839 840 840 841 842 843 845 845 847 847 847 848 849 850 851 852 853 853 854 854 855 856 857 857 859 858 859 860 860 861 861 929 929 929 931 931 931 931 932 933 933 933 934 934 934 935 935 935 935 936 936 936 937 937 937 936 938 938 938 938 938 938 939 938
808 809 809 810 811 812 813 814 814 815 816 816 817 817 818 819 819 820 821 822 822 823 836 836 837 838 837 838 838 839 840 840 841 842 843 845 845 846 846 848 848 850 850 851 852 852 852 854 854 856 856 857 857 858 858 859 860 860 860 861 862 929 929 931 930 931 931 932 933 932 932 934 934 934 934 935 935 935 936 935 936 937 937 936 936 938 938 937 937 938 939 938 938
839 809 810 809 810 811 812 813 813 814 815 816 817 817 818 819 820 820 821 822 822 823 836 835 836 837 837 838 839 839 840 840 841 843 842 844 844 846 846 848 848 850 850 850 851 852 853 854 854 856 855 856 857 858 858 860 860 859 860 861 862 862 863 930 930 931 932 932 932 932 933 934 934 933 934 935 935 935 935 936 936 937 936 936 937 938 937 937 937 938 938 938 938
838 808 809 809 810 811 812 813 814 814 815 816 817 817 818 819 820 820 821 821 821 834 835 835 836 837 837 838 839 839 840 839 841 842 843 844 845 846 847 848 848 849 849 851 852 852 854 854 853 855 855 856 857 858 858 859 859 859 861 861 862 861 862 863 863 931 932 931 932 932 933 934 933 933 935 935 934 935 935 936 936 936 936 936 937 937 937 937 937 938 938 938 938
838 839 809 809 810 811 812 813 814 814 815 816 817 817 818 818 819 819 820 821 821 834 835 835 836 837 837 838 839 838 839 839 841 842 843 844 845 846 846 847 848 849 850 851 852 852 853 853 854 855 855 857 857 857 857 859 859 860 861 860 861 861 862 863 863 863 864 931 932 932 932 933 933 933 935 934 934 935 935 936 935 936 936 936 936 937 937 937 936 938 938 938 937
838 839 809 810 810 811 812 813 814 813 814 815 816 816 817 818 819 819 820 821 821 834 835 835 836 836 836 837 838 838 839 839 841 842 843 844 844 845 846 847 849 849 850 851 851 852 853 853 855 855 855 856 856 857 858 859 859 860 860 860 861 862 863 863 862 864 864 864 932 932 932 933 933 933 934 934 934 935 935 935 935 936 936 936 937 937 937 936 937 938 938 937 937
837 838 839 809 809 810 811 812 813 813 814 815 816 816 817 818 819 819 820 821 833 834 834 834 835 836 836 837 838 838 839 839 841 842 842 844 844 845 846 847 849 849 850 850 851 852 853 853 855 855 855 856 856 857 858 859 858 860 860 860 861 862 862 862 862 864 864 863 864 865 932 933 932 933 934 934 934 934 935 935 935 935 935 936 937 937 936 936 937 938 937 937 937
837 838 839 809 809 810 811 812 813 813 814 815 816 816 817 818 819 819 819 820 832 833 834 835 835 836 836 837 838 838 838 840 840 842 842 844 844 846 847 847 848 848 850 850 851 852 853 854 854 854 856 856 856 857 857 858 858 860 860 860 860 861 862 862 862 864 863 863 864 865 865 865 932 933 934 934 933 934 935 935 935 935 935 936 936 936 936 936 937 937 937 937 936
837 838 839 840 809 810 811 812 813 813 814 815 816 816 816 817 818 818 819 820 833 833 834 835 835 836 836 836 837 837 838 840 840 842 842 844 844 845 846 847 848 848 850 850 852 852 852 853 854 854 856 856 855 857 857 858 858 860 860 859 861 861 862 862 862 863 863 863 865 865 864 865 865 866 933 933 933 935 935 934 935 935 936 935 936 936 936 936 937 937 937 936 936
837 838 839 840 809 810 810 811 812 813 813 814 815 816 816 817 818 818 819 820 833 833 834 835 834 835 835 836 837 837 838 840 840 842 842 843 843 845 846 847 848 848 850 849 851 851 852 853 854 854 856 855 855 857 857 858 858 859 859 859 861 861 862 861 862 863 863 863 864 864 865 865 866 865 866 866 933 935 934 934 935 935 935 935 936 936 935 936 937 937 936 936 936
836 837 838 839 840 809 810 811 812 813 813 814 815 816 816 817 818 818 819 820 832 832 833 834 834 835 836 836 837 837 838 840 840 841 842 843 843 845 846 847 848 848 849 849 851 851 852 853 854 853 855 855 856 857 857 857 858 859 859 859 861 860 861 861 862 863 863 863 864 864 865 865 865 866 866 866 865 867 934 934 935 934 935 935 936 935 935 936 937 936 936 936 937
836 837 838 839 840 809 810 811 812 813 813 814 815 816 816 817 817 818 818 831 832 832 833 834 834 835 836 836 837 836 838 839 840 841 842 843 845 845 846 846 847 848 849 849 851 851 852 852 853 853 855 855 856 856 856 857 858 859 859 859 860 860 861 861 862 862 862 863 864 864 864 864 865 866 866 865 865 867 867 866 934 935 935 935 935 935 935 936 936 936 936 936 936
836 837 838 839 840 840 810 811 812 813 812 813 814 815 815 816 817 818 818 831 832 832 833 834 834 835 835 835 836 836 838 839 840 841 842 843 844 844 846 846 847 848 849 849 850 850 852 852 853 854 855 854 855 856 856 857 858 859 858 859 860 860 861 861 861 862 862 864 864 863 864 864 865 866 865 865 866 867 866 866 867 868 934 934 935 935 936 935 936 936 935 935 937
836 837 837 838 839 839 809 810 811 812 812 813 814 815 815 816 817 818 818 831 832 832 832 833 833 834 835 835 836 836 838 839 840 840 841 842 844 844 846 846 847 848 848 849 850 850 852 852 853 854 854 854 856 856 856 857 857 858 858 860 860 860 860 861 861 862 862 863 863 863 864 864 864 865 865 865 866 866 866 866 867 867 867 867 935 934 935 935 936 935 935 935 937
835 836 837 838 839 839 809 810 811 812 812 813 814 815 815 816 817 818 817 830 831 831 832 833 833 834 835 835 836 836 838 838 839 840 841 842 844 844 846 846 846 847 848 849 850 850 852 851 852 853 854 854 856 856 855 856 857 858 858 860 859 859 860 861 862 862 861 863 863 863 864 864 864 865 865 864 866 866 866 866 866 867 867 867 867 867 935 935 935 935 935 935 936
835 836 837 838 839 839 840 810 811 812 812 813 814 814 814 815 816 817 817 830 831 831 832 833 833 834 835 834 835 835 837 838 839 840 841 842 844 843 845 845 846 847 848 849 850 849 851 851 852 853 854 854 855 855 855 857 857 858 857 859 859 859 860 861 861 861 861 863 863 862 863 864 864 865 864 864 866 866 865 865 866 867 867 866 867 867 868 867 935 935 935 935 936
835 836 837 838 839 839 839 809 810 811 811 812 813 814 814 815 816 817 817 830 831 831 832 833 832 833 834 834 835 836 837 838 839 840 841 841 843 843 845 845 847 847 848 848 849 849 851 851 852 853 853 853 855 855 856 857 857 857 857 859 859 859 859 860 861 861 861 863 862 862 863 864 864 864 864 864 866 865 865 865 866 866 866 866 867 867 867 867 868 867 934 935 936
834 835 836 837 838 838 839 840 810 811 811 812 813 814 814 815 816 817 817 830 830 830 831 832 832 833 834 834 835 836 837 838 838 840 840 841 843 843 845 845 847 846 847 848 849 849 851 851 851 852 853 853 855 855 856 856 856 857 857 859 859 858 859 860 861 861 860 862 862 862 863 863 863 864 864 864 865 865 865 865 866 866 866 866 866 866 867 867 867 867 867 868 935
834 835 836 837 838 838 839 840 810 811 811 812 813 814 814 814 815 816 816 829 830 830 831 832 832 833 834 834 835 835 836 838 838 840 840 841 843 843 844 844 846 846 847 848 849 849 850 850 851 852 853 853 855 854 855 856 856 857 857 858 858 858 859 860 860 860 860 862 862 862 862 863 863 864 863 864 865 865 865 864 866 866 866 866 866 866 867 866 867 867 867 867 868
834 835 836 837 838 838 839 840 841 810 810 811 812 813 813 814 815 816 816 829 830 830 831 832 832 832 833 833 834 835 836 838 838 840 840 841 842 842 844 844 846 846 847 848 848 848 850 850 851 852 853 852 854 854 855 856 856 856 856 858 858 858 859 859 860 860 860 862 861 861 862 863 863 863 863 864 865 864 864 864 866 866 865 866 866 867 866 866 867 867 866 867 868
834 834 835 836 837 837 838 839 840 810 810 811 812 813 813 814 815 816 816 829 830 829 830 831 831 832 833 833 834 835 836 838 838 839 839 841 842 842 844 844 846 845 846 847 848 848 850 850 851 851 852 852 854 854 855 855 855 856 856 858 858 857 859 859 860 860 859 861 861 861 862 862 862 863 863 864 864 864 864 864 865 865 865 866 865 866 866 866 866 866 866 867 867
834 834 835 836 837 837 838 839 840 810 810 811 812 813 813 814 815 815 827 828 829 829 830 831 831 832 833 833 834 834 835 837 837 839 839 841 842 842 844 843 845 845 846 847 848 848 850 849 850 851 852 852 854 853 854 855 855 856 856 857 857 857 859 859 860 859 859 861 861 861 861 862 862 863 863 863 864 864 864 863 865 865 865 865 865 866 866 866 866 866 866 866 867
835 834 835 836 837 837 838 839 840 841 810 810 811 812 812 813 814 815 815 828 829 829 830 831 831 832 832 832 833 834 835 837 837 839 839 841 841 841 843 843 845 845 846 847 847 847 849 849 850 851 852 851 853 853 854 855 855 855 855 857 857 857 859 858 859 859 859 861 860 860 861 862 862 862 862 863 864 864 863 863 865 865 864 865 865 866 865 866 866 866 865 866 867
836 835 835 835 836 836 837 838 839 840 809 810 811 812 812 813 814 815 815 828 829 829 829 830 830 831 832 832 833 834 835 837 837 838 838 840 841 841 843 843 845 845 845 846 847 847 849 849 850 850 851 851 853 853 854 855 854 855 855 857 857 856 857 858 859 859 859 860 860 860 861 862 861 862 862 863 863 863 863 863 864 864 864 865 865 865 865 866 865 865 865 866 866
835 835 834 835 836 836 837 838 839 840 840 810 811 812 812 813 814 815 814 827 828 828 829 830 830 831 832 832 833 834 834 836 836 838 838 839 841 841 843 842 844 844 845 846 847 847 849 848 849 850 851 851 853 853 853 854 854 855 855 857 856 856 857 858 859 858 858 860 860 860 860 861 861 862 862 862 863 863 863 862 864 864 864 864 864 864 865 864 865 865 865 865 866
836 835 834 835 836 836 837 838 839 840 840 810 810 811 811 812 813 814 814 827 828 828 829 830 830 831 832 831 832 833 834 835 836 838 838 839 841 840 842 842 844 844 845 846 847 846 848 848 849 850 851 851 852 852 853 854 854 855 854 856 856 856 857 857 858 858 858 860 859 859 860 861 861 861 861 861 863 863 862 862 864 864 863 864 864 864 864 864 865 865 864 865 866
837 836 835 835 836 835 836 837 838 839 839 809 810 811 811 812 813 814 814 827 828 828 829 829 829 830 831 831 832 833 834 835 836 837 837 838 840 840 842 842 844 844 844 845 846 846 848 848 849 849 850 850 852 852 853 854 853 854 854 856 856 855 856 857 858 858 858 859 859 859 860 861 860 861 861 861 862 862 862 862 862 863 863 864 864 863 864 864 864 864 864 865 866
836 836 835 834 835 835 836 837 838 839 839 840 810 811 811 812 813 814 814 826 827 827 828 829 829 830 831 831 832 833 834 834 835 836 837 838 840 840 842 842 842 843 844 845 846 846 848 847 848 849 850 850 852 852 852 853 853 854 854 856 855 855 856 857 858 857 857 859 859 859 859 860 860 861 861 860 862 862 862 861 862 863 863 862 863 863 864 863 864 864 865 865 866
837 836 836 835 835 835 836 837 838 839 839 840 810 810 810 811 812 813 813 826 827 827 828 829 829 830 831 830 831 832 833 834 835 836 837 838 840 839 841 841 842 843 844 845 846 845 847 847 848 849 850 850 851 851 852 852 853 854 853 855 855 855 856 856 857 857 857 859 858 858 859 860 860 860 860 860 862 862 861 861 862 863 862 862 863 863 863 863 864 865 864 865 867
838 837 836 835 835 835 835 836 837 838 838 839 809 810 810 811 812 813 813 826 827 827 828 828 828 829 830 830 831 831 833 834 835 836 836 837 839 839 841 841 842 843 843 844 845 845 847 847 848 849 849 849 851 851 851 852 852 853 853 855 855 855 855 856 857 857 857 858 858 858 859 859 859 860 860 860 861 861 861 861 861 862 862 862 862 862 863 864 864 864 865 865 867
837 837 836 835 834 834 835 836 837 838 838 839 840 810 810 811 812 813 813 825 826 826 827 828 828 829 830 830 831 831 833 833 834 835 836 837 839 839 841 841 841 842 843 843 845 845 847 846 847 848 849 849 850 851 850 851 852 853 853 854 854 854 855 856 857 856 856 858 858 858 858 858 859 860 860 859 861 861 861 860 861 862 862 861 862 862 864 863 865 865 865 865 867
838 837 836 836 835 834 835 836 837 838 838 839 840 810 809 810 811 812 812 825 826 826 827 828 828 829 830 830 830 830 832 833 834 835 836 837 839 838 839 840 841 842 843 843 845 844 845 846 847 847 849 849 849 850 850 851 852 853 852 853 854 854 855 854 855 856 856 857 857 857 858 858 859 859 859 859 859 860 860 860 861 862 861 861 862 863 862 864 865 865 865 865 868
838 838 837 836 836 834 835 835 836 837 837 838 839 809 809 810 811 812 812 813 826 826 827 828 827 828 829 829 830 830 831 833 834 835 835 836 837 838 839 840 841 842 842 842 844 844 845 846 847 847 848 848 849 850 850 851 851 852 852 853 854 853 854 854 855 856 856 856 857 857 858 857 858 859 859 859 858 860 860 860 860 860 861 862 862 862 863 864 865 865 866 866 867
838 837 837 836 835 833 834 835 836 837 837 838 839 840 809 810 811 812 812 812 825 825 826 827 827 828 829 829 830 830 831 832 832 834 834 836 837 838 839 840 840 840 842 842 844 844 845 845 846 846 848 848 849 850 849 850 850 852 852 853 853 853 854 854 855 855 855 856 857 857 857 857 858 859 858 858 858 860 860 859 860 860 862 861 863 863 863 864 865 866 865 866 866
838 838 837 837 836 834 834 835 836 837 837 838 839 840 808 809 810 810 811 812 825 825 826 827 827 828 829 829 829 829 830 832 832 834 834 836 836 837 838 839 840 840 842 842 844 843 844 845 846 846 848 848 848 849 849 850 850 852 851 851 853 853 854 853 854 855 855 856 856 856 857 857 857 858 858 858 858 859 859 859 860 860 861 862 863 863 863 864 866 865 866 866 867
839 838 838 837 835 835 834 834 835 836 836 837 838 839 808 809 810 810 811 812 825 825 826 827 826 827 827 828 829 829 830 832 832 834 833 835 835 837 838 838 840 840 841 841 842 843 844 845 846 845 847 847 847 848 849 850 849 851 851 851 852 852 853 853 853 855 854 854 855 856 857 856 856 857 858 858 857 858 859 860 860 860 861 862 863 863 864 864 866 866 866 866 866
838 838 837 837 835 834 833 834 835 835 836 837 838 839 839 809 810 810 811 811 824 824 825 826 826 827 827 828 829 829 830 830 831 833 833 835 835 836 838 838 839 839 841 841 842 843 844 843 845 845 846 847 847 848 848 849 849 851 851 850 851 852 853 853 853 854 854 854 855 856 855 856 856 857 857 857 857 858 859 859 861 861 861 862 863 864 863 864 866 867 866 866 867
839 838 838 837 836 835 834 834 835 835 836 837 838 838 838 808 809 809 810 811 811 824 825 826 826 827 827 827 828 828 829 830 831 832 833 834 835 835 837 837 839 839 840 841 842 842 843 843 845 845 846 846 846 847 848 849 849 849 850 850 851 852 853 852 852 854 854 854 854 855 855 856 856 855 857 857 857 858 859 860 861 861 861 863 864 863 864 864 867 866 867 867 866
839 839 838 838 836 835 834 833 834 834 835 836 837 837 838 808 809 809 810 811 811 824 825 824 825 826 826 827 828 828 829 829 831 832 832 833 834 835 836 837 839 839 839 840 841 841 843 843 845 844 845 846 846 847 847 848 848 849 850 850 851 850 852 852 852 853 853 853 854 854 855 855 855 855 857 857 857 858 859 860 860 861 862 862 864 864 864 864 864 867 867 867 867
839 838 838 837 836 835 834 833 834 834 835 836 837 837 838 839 809 809 810 810 810 823 824 824 825 826 826 827 828 828 828 828 830 831 832 833 834 835 836 836 837 838 839 840 841 841 843 842 843 844 844 845 846 846 846 848 848 849 850 849 850 850 852 852 851 852 853 853 854 853 854 855 855 855 857 857 858 859 858 860 860 862 861 862 864 865 864 864 865 867 867 867 868
