testData/tiles/oneDegree/grid47.0-33.0-48.0-34.0.asc
ncols   200
nrows   200
xllcorner   47.0
yllcorner   33.0
cellsize   0.005
NODATA_value   -9999.0
[rows 0 to 37 of 200, columns 86 to 171 of 200]
1121 1118 1116 1112 1110 1106 1103 1101 1098 1095 1091 1087 1085 1080 1078 1074 1070 1067 1062 1059 1055 1050 1046 1042 1038 1033 1028 1023 1018 1012 1007 1002 996 988 981 974 956 954 950 947 944 940 937 933 931 926 923 919 916 911 908 903 900 896 891 888 883 878 874 870 864 859 854 849 844 838 833 825 819 812 805 799 799 798 796 742 741 739 738 737 735 734 734 732 731 730
1120 1118 1115 1112 1108 1105 1102 1100 1098 1093 1090 1087 1085 1081 1077 1073 1069 1066 1063 1057 1054 1050 1046 1041 1037 1031 1028 1022 1019 1011 1006 1001 995 988 980 974 957 953 949 947 945 940 937 934 931 926 922 919 916 911 907 905 900 896 891 887 883 879 874 870 863 859 855 850 844 838 833 825 820 813 805 799 798 797 795 741 740 739 738 737 735 734 733 731 730 729
1119 1118 1114 1111 1108 1105 1103 1100 1098 1092 1089 1087 1083 1080 1076 1073 1068 1065 1062 1057 1053 1049 1046 1040 1036 1031 1027 1022 1016 1012 1006 1001 994 987 979 973 956 953 949 947 944 939 937 933 930 926 923 919 916 912 908 904 900 895 892 888 882 878 873 870 865 860 855 849 844 839 834 826 820 813 805 798 798 797 795 741 740 738 737 736 734 734 733 731 730 729
1119 1116 1113 1110 1107 1104 1102 1099 1096 1092 1089 1087 1083 1079 1074 1072 1068 1065 1061 1056 1053 1048 1045 1040 1035 1030 1027 1022 1016 1011 1006 1000 993 986 978 974 956 952 950 946 944 940 937 933 931 926 923 918 916 912 907 904 900 896 891 888 882 879 874 870 865 860 855 849 845 839 833 826 820 814 806 799 797 795 794 793 739 738 737 736 734 733 732 730 729 728
1118 1115 1112 1109 1106 1103 1101 1098 1095 1091 1088 1085 1082 1079 1074 1071 1067 1064 1061 1056 1052 1047 1044 1039 1035 1031 1025 1022 1015 1010 1004 999 992 985 978 973 955 953 950 946 944 939 936 933 930 925 922 920 915 911 907 905 899 896 891 888 883 879 875 870 866 860 856 849 845 839 834 827 821 815 807 800 796 795 794 793 738 737 736 735 733 733 732 730 729 728
1118 1114 1112 1109 1106 1104 1100 1098 1095 1091 1088 1084 1081 1077 1074 1071 1067 1063 1060 1054 1052 1047 1043 1038 1033 1030 1025 1021 1015 1010 1004 998 990 984 976 972 955 952 949 946 943 939 936 933 929 925 923 919 914 911 908 904 899 895 892 888 882 878 875 869 865 860 856 849 845 839 833 827 821 815 808 801 796 794 793 792 737 737 736 734 733 732 731 729 728 727
1116 1113 1111 1108 1105 1102 1099 1097 1094 1090 1086 1084 1081 1077 1073 1069 1067 1062 1059 1053 1051 1047 1042 1038 1033 1029 1024 1020 1013 1010 1003 998 990 983 976 972 955 952 949 946 942 938 936 932 928 925 922 919 914 911 907 904 899 896 891 888 882 879 875 869 865 860 856 850 845 839 833 828 822 816 808 801 795 793 793 792 737 736 735 733 732 732 730 729 728 726
1115 1113 1110 1107 1103 1102 1099 1096 1092 1088 1085 1083 1080 1075 1073 1069 1066 1061 1058 1053 1050 1046 1042 1038 1032 1029 1023 1018 1012 1008 1001 997 988 983 975 971 955 951 949 945 942 939 936 932 929 926 922 918 914 911 907 904 899 895 891 887 884 879 875 869 866 860 856 850 845 840 834 828 822 815 808 802 795 793 792 791 736 735 735 733 732 731 729 728 727 725
1115 1113 1110 1106 1103 1101 1098 1096 1092 1088 1086 1083 1079 1075 1071 1068 1066 1061 1056 1053 1049 1045 1040 1037 1032 1028 1023 1017 1012 1007 1001 995 988 982 975 958 954 950 949 945 942 938 935 932 928 925 921 919 914 911 907 903 899 895 891 887 883 878 875 869 865 860 855 850 846 840 834 829 823 817 809 803 795 792 792 791 789 735 734 732 731 730 729 728 727 725
1114 1112 1108 1105 1102 1100 1097 1095 1090 1087 1085 1081 1079 1075 1071 1067 1064 1060 1056 1053 1048 1045 1039 1035 1031 1027 1022 1017 1011 1006 1000 994 987 981 974 956 954 951 948 944 942 938 935 932 928 925 922 918 913 911 907 903 898 896 891 886 883 879 875 869 865 861 856 850 846 840 835 830 823 817 809 803 796 792 791 790 788 734 734 732 731 730 728 727 726 724
1112 1110 1107 1105 1102 1100 1097 1094 1090 1087 1084 1080 1078 1073 1070 1067 1064 1058 1055 1051 1048 1044 1038 1035 1030 1026 1022 1015 1011 1005 1000 993 987 979 974 956 953 950 948 944 941 937 935 930 927 925 921 917 914 911 906 902 899 895 891 887 883 879 874 869 866 861 855 850 846 840 835 830 823 818 811 804 796 791 790 789 788 734 733 731 730 729 728 727 726 724
1112 1110 1106 1104 1101 1099 1095 1092 1089 1086 1083 1080 1077 1073 1069 1065 1063 1057 1055 1050 1046 1043 1039 1034 1030 1025 1019 1015 1009 1005 998 992 985 977 974 955 954 950 947 943 940 937 935 930 928 925 921 918 913 910 906 903 898 895 891 887 883 878 874 869 865 860 855 851 846 839 835 830 824 818 811 804 796 791 790 788 787 733 731 731 730 729 727 726 725 501
1111 1109 1105 1103 1100 1097 1094 1091 1088 1084 1082 1079 1075 1072 1069 1065 1062 1056 1053 1050 1045 1041 1037 1033 1028 1024 1018 1013 1009 1003 997 990 984 976 973 955 953 949 948 943 940 937 934 929 927 924 920 917 913 910 906 902 898 895 890 886 883 879 874 869 865 861 856 850 846 839 835 830 823 817 811 805 798 790 789 787 787 733 731 730 729 727 726 726 502 501
1110 1108 1105 1103 1099 1097 1094 1091 1087 1084 1081 1078 1074 1071 1067 1064 1061 1056 1052 1048 1045 1040 1036 1032 1028 1023 1018 1013 1007 1004 995 990 983 975 972 954 952 949 947 942 939 937 934 930 927 924 921 917 912 910 905 902 898 895 889 886 883 878 874 869 866 860 855 850 847 840 835 829 823 818 812 805 798 790 789 787 786 785 730 729 729 727 726 725 501 500
1110 1106 1103 1101 1098 1096 1092 1090 1086 1083 1080 1076 1073 1071 1066 1063 1059 1054 1052 1048 1043 1039 1036 1031 1027 1022 1016 1013 1006 1002 994 989 981 975 957 955 952 948 945 942 940 936 932 929 926 923 919 916 913 910 905 902 898 894 889 886 882 878 873 869 865 859 855 851 846 840 835 830 824 818 812 805 799 792 788 786 785 784 730 729 728 726 725 502 501 500
1108 1104 1102 1099 1097 1095 1091 1088 1085 1082 1078 1075 1072 1069 1066 1062 1059 1053 1051 1047 1044 1037 1034 1029 1025 1021 1016 1011 1006 1001 993 988 980 974 956 954 951 949 945 941 939 935 933 929 926 923 919 916 912 909 904 902 897 894 890 886 881 878 874 869 865 860 856 851 845 840 836 830 824 818 813 806 799 792 786 786 785 784 729 728 727 726 503 502 500 499
1107 1104 1102 1099 1097 1094 1090 1088 1085 1081 1078 1075 1070 1068 1064 1061 1057 1054 1050 1046 1042 1037 1033 1028 1025 1019 1014 1011 1004 999 992 987 978 974 955 953 951 948 944 942 939 935 932 928 926 922 918 916 912 909 905 901 897 894 889 886 882 877 874 869 866 860 856 850 846 840 836 830 825 819 813 806 799 793 786 785 784 782 728 728 727 725 502 501 499 499
1105 1103 1101 1098 1095 1092 1089 1086 1084 1080 1077 1074 1070 1068 1063 1060 1055 1053 1049 1045 1040 1036 1033 1028 1023 1018 1013 1009 1003 997 991 985 978 972 954 953 949 947 944 941 938 935 932 928 926 922 919 915 912 908 904 901 898 893 889 885 882 877 872 869 864 859 855 851 846 840 835 830 824 818 813 806 800 793 785 784 783 782 728 727 725 502 502 500 499 498
1104 1102 1099 1096 1094 1090 1088 1085 1082 1078 1075 1072 1069 1066 1062 1058 1055 1051 1047 1044 1040 1035 1031 1027 1023 1017 1012 1007 1002 997 990 984 976 971 955 952 950 946 942 940 938 934 931 928 925 920 918 914 911 908 904 900 897 893 888 886 881 876 873 869 864 859 856 851 845 840 836 829 824 818 813 807 800 794 785 784 783 781 780 726 503 502 501 499 498 497
1103 1101 1098 1096 1093 1090 1087 1084 1082 1078 1074 1071 1069 1065 1061 1057 1054 1051 1046 1043 1038 1034 1031 1026 1021 1016 1011 1006 1001 994 989 982 974 971 954 952 949 945 943 940 937 933 930 928 925 921 918 914 911 906 903 901 897 892 889 885 880 877 872 869 863 860 856 850 846 841 836 829 825 819 812 807 800 795 787 783 782 780 780 726 502 501 500 499 498 497
1102 1099 1097 1094 1092 1089 1085 1083 1080 1076 1073 1070 1067 1064 1060 1056 1052 1050 1045 1041 1037 1032 1028 1025 1019 1015 1010 1005 1000 993 988 979 974 956 954 951 948 945 942 939 937 933 930 927 924 920 917 913 911 906 904 899 896 893 888 885 880 877 872 868 863 859 854 850 846 840 836 830 825 819 812 808 801 794 787 782 782 780 779 503 501 501 500 498 497 496
1100 1098 1096 1093 1089 1086 1084 1082 1078 1074 1071 1068 1066 1063 1058 1054 1052 1048 1044 1040 1036 1032 1027 1024 1018 1013 1010 1004 998 992 986 978 972 955 953 951 948 944 942 939 936 932 929 926 924 920 917 914 910 905 903 899 895 891 888 884 880 876 872 869 863 859 855 850 845 840 835 830 825 819 813 808 801 794 788 782 780 779 556 503 501 500 499 497 497 496
1099 1098 1095 1092 1089 1086 1084 1080 1078 1074 1071 1068 1065 1062 1057 1053 1051 1047 1043 1038 1035 1031 1027 1021 1016 1013 1007 1003 998 990 985 976 972 955 953 950 946 945 941 938 934 932 929 926 922 919 916 913 909 906 903 898 895 891 887 885 879 876 872 867 862 860 854 849 844 841 835 829 824 819 813 807 801 795 788 781 779 779 556 501 500 499 498 497 496 494
1099 1095 1093 1091 1087 1085 1082 1079 1077 1072 1069 1067 1063 1061 1055 1053 1049 1046 1041 1037 1034 1028 1025 1021 1015 1011 1007 1001 995 989 983 976 971 955 952 949 946 943 940 939 934 932 928 925 921 919 916 913 908 905 902 899 895 890 888 882 879 876 872 867 863 859 854 849 845 840 834 829 825 818 813 808 802 795 788 781 779 556 555 500 500 499 497 496 495 493
1096 1094 1092 1088 1086 1083 1081 1079 1076 1070 1068 1064 1062 1059 1054 1051 1048 1045 1039 1036 1033 1028 1024 1019 1014 1011 1005 999 993 989 980 974 970 954 951 949 945 942 940 937 933 932 928 926 921 918 915 912 908 905 902 898 894 890 887 882 878 875 871 866 863 859 853 850 844 840 835 830 825 818 814 808 801 795 790 782 556 555 554 553 499 498 496 495 495 493
1095 1094 1091 1088 1085 1082 1080 1078 1073 1070 1068 1064 1062 1057 1053 1050 1046 1044 1038 1035 1031 1027 1022 1018 1014 1008 1005 998 992 987 979 972 955 953 951 947 945 942 939 936 933 930 927 925 920 918 914 910 907 904 901 897 894 890 887 882 879 874 871 866 862 858 853 849 844 841 834 830 824 819 814 808 801 796 790 559 555 555 554 552 498 497 496 495 494 492
1095 1092 1089 1086 1084 1081 1079 1075 1071 1069 1065 1063 1060 1056 1052 1049 1046 1042 1037 1034 1030 1026 1021 1017 1013 1007 1003 996 991 986 977 972 954 953 949 947 944 941 939 935 932 929 927 923 920 918 914 911 907 904 901 896 893 890 886 882 879 874 870 866 862 858 853 849 844 839 834 829 825 819 813 808 802 796 790 560 555 554 552 551 498 496 495 494 493 492
1093 1090 1087 1085 1082 1080 1078 1074 1071 1066 1064 1061 1057 1054 1051 1047 1045 1040 1036 1032 1028 1025 1019 1015 1011 1006 1000 994 990 983 976 971 954 952 950 946 943 941 939 934 933 929 927 922 919 916 913 910 906 904 900 896 893 889 884 882 878 875 870 865 862 858 853 848 844 839 834 830 823 818 813 809 802 796 568 561 554 553 551 551 497 495 494 494 492 491
1091 1090 1087 1084 1081 1079 1076 1073 1069 1066 1064 1060 1057 1054 1049 1046 1043 1039 1035 1031 1027 1023 1018 1014 1009 1004 999 993 988 981 972 970 954 952 949 945 943 940 937 934 932 928 926 922 920 916 913 909 906 904 899 896 892 889 884 881 877 874 869 865 862 856 852 848 844 839 834 830 823 818 814 808 802 575 569 561 553 553 551 550 496 494 494 493 491 490
1091 1087 1085 1082 1080 1077 1075 1071 1067 1065 1062 1059 1055 1052 1048 1046 1042 1037 1033 1029 1026 1021 1016 1013 1008 1003 997 993 985 980 971 955 953 950 947 945 942 940 936 933 930 928 924 921 919 915 912 908 905 902 898 896 892 888 884 881 877 873 868 865 862 856 853 848 843 838 834 829 823 819 814 808 581 575 568 561 555 552 550 549 549 494 493 492 490 490
1089 1085 1083 1081 1078 1076 1072 1070 1067 1063 1060 1056 1054 1050 1047 1043 1039 1037 1032 1028 1024 1020 1016 1010 1007 1000 995 991 984 977 970 954 953 949 947 943 942 938 935 933 930 927 923 920 918 915 912 908 906 902 897 894 891 889 883 880 877 872 868 865 860 856 852 847 843 838 834 828 823 819 814 808 581 575 568 562 555 550 549 549 548 493 492 492 490 489
1087 1084 1082 1080 1078 1075 1071 1069 1065 1062 1059 1056 1052 1050 1045 1042 1038 1034 1031 1027 1021 1018 1013 1010 1005 998 994 988 982 975 970 954 951 949 946 943 941 938 935 932 929 927 923 921 917 914 910 907 905 901 898 894 891 886 883 881 876 872 868 864 859 856 851 847 843 838 833 828 823 818 814 586 581 575 569 562 555 549 549 548 546 492 492 490 489 488
1086 1083 1081 1078 1076 1073 1070 1067 1063 1060 1058 1054 1051 1048 1044 1040 1037 1033 1030 1025 1021 1018 1011 1008 1003 997 992 987 980 972 970 953 951 947 945 943 940 937 934 931 929 926 922 920 916 914 910 907 904 900 897 893 891 886 882 879 876 872 868 864 859 855 851 848 841 837 834 827 823 819 591 586 581 576 569 562 556 549 548 547 546 492 491 489 488 488
1084 1082 1079 1076 1074 1071 1068 1065 1062 1059 1055 1052 1050 1046 1042 1039 1035 1032 1029 1023 1019 1015 1011 1006 1001 996 990 985 979 970 955 951 950 946 944 942 939 936 933 931 928 924 922 919 916 913 909 907 903 900 896 893 891 885 883 879 874 871 867 863 859 855 851 846 841 838 833 827 823 597 591 586 581 575 569 563 556 548 547 547 545 491 490 489 488 487
1082 1080 1078 1076 1073 1070 1067 1065 1061 1058 1054 1052 1048 1046 1041 1036 1034 1031 1027 1022 1018 1014 1009 1005 999 995 989 983 974 970 954 951 949 946 943 942 938 935 932 930 927 924 921 918 915 911 908 906 902 899 895 893 888 885 882 878 875 870 867 863 858 855 851 846 841 838 832 827 823 597 591 587 581 575 570 563 555 548 547 546 544 490 490 488 487 486
1081 1079 1077 1074 1070 1068 1065 1062 1059 1055 1053 1049 1047 1044 1039 1036 1033 1028 1025 1020 1016 1013 1007 1003 998 993 987 982 973 969 953 950 948 945 943 940 937 935 931 930 926 923 919 918 915 911 908 905 901 899 895 893 887 885 881 878 874 870 866 862 858 854 850 845 841 837 831 827 601 596 591 586 581 575 570 563 555 549 546 544 543 543 488 487 486 485
1080 1077 1075 1072 1069 1066 1064 1060 1057 1054 1050 1048 1045 1042 1037 1034 1031 1028 1025 1018 1015 1011 1007 1000 995 991 986 979 971 968 952 950 946 945 942 939 936 933 931 929 925 923 920 917 913 910 908 904 900 897 894 892 887 885 880 876 873 869 867 861 857 854 850 845 841 837 831 605 601 596 591 586 581 575 569 563 557 549 545 543 543 542 487 487 486 484
1078 1075 1073 1072 1068 1065 1063 1059 1057 1052 1050 1047 1044 1041 1036 1032 1029 1026 1021 1017 1014 1009 1005 999 995 989 983 976 970 953 951 950 945 944 940 939 935 933 931 927 925 922 919 916 913 910 907 904 901 897 895 891 886 884 880 877 872 869 865 861 858 853 848 844 840 835 609 605 600 596 591 586 581 575 569 564 557 549 544 543 542 541 487 486 485 483
