testData/tiles/oneDegree/grid16.0-11.0-17.0-12.0.asc
ncols   200
nrows   200
xllcorner   16.0
yllcorner   11.0
cellsize   0.005
NODATA_value   -9999.0
[rows 150 to 199 of 200, columns 0 to 95 of 200]
181 180 179 178 177 176 175 174 173 172 171 170 169 168 167 166 164 163 162 161 160 158 157 156 155 153 152 151 149 148 146 145 143 142 140 138 137 135 133 132 130 128 126 124 122 119 117 115 112 110 107 104 101 97 93 89 84 84 84 60 60 60 60 60 60 60 60 60 60 60 60 60 60 60 60 60 60 60 60 60 60 60 60 60 60 60 60 60 60 60 60 60 60 60 60 60
182 181 180 179 178 177 176 175 174 173 172 171 170 169 167 166 165 164 163 162 161 159 158 157 155 154 153 151 150 149 147 146 144 143 141 140 138 136 135 133 131 129 127 125 123 121 119 116 114 111 109 106 103 99 96 92 87 84 84 60 60 60 60 60 60 60 60 60 60 60 60 60 60 60 60 60 60 60 60 60 60 60 60 60 60 60 60 60 60 60 60 60 60 60 60 60
182 181 181 180 179 178 177 176 175 174 173 172 170 169 168 167 166 165 164 163 161 160 159 158 156 155 154 152 151 150 148 147 145 144 142 141 139 137 136 134 132 130 128 126 124 122 120 118 115 113 110 108 105 101 98 94 90 85 84 84 60 60 60 60 60 60 60 60 60 60 60 60 60 60 60 60 60 60 60 60 60 60 60 60 60 60 60 60 60 60 60 60 60 60 60 60
183 182 181 180 179 178 177 176 175 174 173 172 171 170 169 168 167 166 165 163 162 161 160 159 157 156 155 153 152 151 149 148 146 145 143 142 140 138 137 135 133 131 130 128 126 124 121 119 117 115 112 109 106 103 100 97 93 88 84 84 60 60 60 60 60 60 60 60 60 60 60 60 60 60 60 60 60 60 60 60 60 60 60 60 60 60 60 60 60 60 60 60 60 60 60 60
184 183 182 181 180 179 178 177 176 175 174 173 172 171 170 169 168 167 165 164 163 162 161 159 158 157 156 154 153 152 150 149 147 146 144 143 141 140 138 136 134 133 131 129 127 125 123 121 118 116 114 111 108 105 102 99 95 91 86 84 84 60 60 60 60 60 60 60 60 60 60 60 60 60 60 60 60 60 60 60 60 60 60 60 60 60 60 60 60 60 60 60 60 60 60 60
184 184 183 182 181 180 179 178 177 176 175 174 173 172 171 170 168 167 166 165 164 163 161 160 159 158 156 155 154 152 151 150 148 147 145 144 142 141 139 137 136 134 132 130 128 126 124 122 120 118 115 113 110 107 104 101 97 93 89 84 84 84 60 60 60 60 60 60 60 60 60 60 60 60 60 60 60 60 60 60 60 60 60 60 60 60 60 60 60 60 60 60 60 60 60 60
185 184 183 182 181 181 180 179 178 177 176 175 174 172 171 170 169 168 167 166 165 163 162 161 160 159 157 156 155 153 152 151 149 148 146 145 143 142 140 138 137 135 133 131 129 127 125 123 121 119 117 114 112 109 106 103 100 96 92 87 84 84 60 60 60 60 60 60 60 60 60 60 60 60 60 60 60 60 60 60 60 60 60 60 60 60 60 60 60 60 60 60 60 60 60 60
186 185 184 183 182 181 180 179 178 177 176 175 174 173 172 171 170 169 168 167 165 164 163 162 161 159 158 157 156 154 153 151 150 149 147 146 144 143 141 139 138 136 134 132 131 129 127 125 123 120 118 116 113 111 108 105 102 98 94 90 85 84 84 60 60 60 60 60 60 60 60 60 60 60 60 60 60 60 60 60 60 60 60 60 60 60 60 60 60 60 60 60 60 60 60 60
186 186 185 184 183 182 181 180 179 178 177 176 175 174 173 172 171 170 169 167 166 165 164 163 161 160 159 158 156 155 154 152 151 150 148 147 145 144 142 140 139 137 135 134 132 130 128 126 124 122 119 117 115 112 109 107 104 100 97 93 88 84 84 60 60 60 60 60 60 60 60 60 60 60 60 60 60 60 60 60 60 60 60 60 60 60 60 60 60 60 60 60 60 60 60 60
187 186 185 184 183 183 182 181 180 179 178 177 176 175 174 173 171 170 169 168 167 166 165 163 162 161 160 159 157 156 155 153 152 151 149 148 146 145 143 141 140 138 136 135 133 131 129 127 125 123 121 119 116 114 111 108 105 102 99 95 91 86 84 84 60 60 60 60 60 60 60 60 60 60 60 60 60 60 60 60 60 60 60 60 60 60 60 60 60 60 60 60 60 60 60 60
188 187 186 185 184 183 182 181 180 179 178 177 176 175 174 173 172 171 170 169 168 167 165 164 163 162 161 159 158 157 155 154 153 151 150 149 147 146 144 142 141 139 138 136 134 132 130 128 126 124 122 120 118 115 113 110 107 104 101 97 93 89 84 84 84 60 60 60 60 60 60 60 60 60 60 60 60 60 60 60 60 60 60 60 60 60 60 60 60 60 60 60 60 60 60 60
188 188 187 186 185 184 183 182 181 180 179 178 177 176 175 174 173 172 171 170 169 167 166 165 164 163 161 160 159 158 156 155 154 152 151 149 148 147 145 143 142 140 139 137 135 133 131 130 128 126 123 121 119 117 114 112 109 106 103 99 96 91 87 84 84 60 60 60 60 60 60 60 60 60 60 60 60 60 60 60 60 60 60 60 60 60 60 60 60 60 60 60 60 60 60 60
189 188 187 186 185 185 184 183 182 181 180 179 178 177 176 175 174 173 171 170 169 168 167 166 165 163 162 161 160 158 157 156 155 153 152 150 149 147 146 144 143 141 140 138 136 134 133 131 129 127 125 123 120 118 116 113 110 108 105 101 98 94 89 84 84 84 60 60 60 60 60 60 60 60 60 60 60 60 60 60 60 60 60 60 60 60 60 60 60 60 60 60 60 60 60 60
190 189 188 187 186 185 184 183 182 181 180 179 178 177 176 175 174 173 172 171 170 169 168 167 165 164 163 162 161 159 158 157 155 154 153 151 150 148 147 145 144 142 141 139 137 135 134 132 130 128 126 124 122 119 117 115 112 109 106 103 100 96 92 87 84 84 60 60 60 60 60 60 60 60 60 60 60 60 60 60 60 60 60 60 60 60 60 60 60 60 60 60 60 60 60 60
190 189 189 188 187 186 185 184 183 182 181 180 179 178 177 176 175 174 173 172 171 170 168 167 166 165 164 163 161 160 159 158 156 155 153 152 151 149 148 146 145 143 142 140 138 137 135 133 131 129 127 125 123 121 118 116 113 111 108 105 102 98 94 90 85 84 84 60 60 60 60 60 60 60 60 60 60 60 60 60 60 60 60 60 60 60 60 60 60 60 60 60 60 60 60 60
191 190 189 188 187 186 186 185 184 183 182 181 180 179 178 177 176 175 174 173 171 170 169 168 167 166 165 163 162 161 160 158 157 156 154 153 152 150 149 147 146 144 143 141 139 138 136 134 132 130 128 126 124 122 120 117 115 112 110 107 104 100 97 93 88 84 84 60 60 60 60 60 60 60 60 60 60 60 60 60 60 60 60 60 60 60 60 60 60 60 60 60 60 60 60 60
191 191 190 189 188 187 186 185 184 183 182 181 180 179 178 177 176 175 174 173 172 171 170 169 168 166 165 164 163 162 160 159 158 157 155 154 152 151 150 148 147 145 143 142 140 139 137 135 133 131 129 127 125 123 121 119 116 114 111 108 105 102 99 95 91 86 84 84 60 60 60 60 60 60 60 60 60 60 60 60 60 60 60 60 60 60 60 60 60 60 60 60 60 60 60 60
192 191 190 189 189 188 187 186 185 184 183 182 181 180 179 178 177 176 175 174 173 172 171 169 168 167 166 165 164 162 161 160 159 157 156 155 153 152 150 149 147 146 144 143 141 140 138 136 134 132 131 129 127 124 122 120 118 115 113 110 107 104 101 97 93 88 84 84 60 60 60 60 60 60 60 60 60 60 60 60 60 60 60 60 60 60 60 60 60 60 60 60 60 60 60 60
193 192 191 190 189 188 187 186 186 185 184 183 182 181 180 179 178 177 176 175 174 172 171 170 169 168 167 166 164 163 162 161 159 158 157 155 154 153 151 150 148 147 145 144 142 140 139 137 135 133 132 130 128 126 124 121 119 117 114 111 109 106 103 99 95 91 86 84 84 60 60 60 60 60 60 60 60 60 60 60 60 60 60 60 60 60 60 60 60 60 60 60 60 60 60 60
193 192 192 191 190 189 188 187 186 185 184 183 182 181 180 179 178 177 176 175 174 173 172 171 170 169 167 166 165 164 163 161 160 159 158 156 155 154 152 151 149 148 146 145 143 141 140 138 136 135 133 131 129 127 125 123 120 118 116 113 110 107 104 101 97 93 89 84 84 60 60 60 60 60 60 60 60 60 60 60 60 60 60 60 60 60 60 60 60 60 60 60 60 60 60 60
194 193 192 191 190 189 189 188 187 186 185 184 183 182 181 180 179 178 177 176 175 174 173 172 170 169 168 167 166 165 163 162 161 160 158 157 156 154 153 152 150 149 147 146 144 142 141 139 137 136 134 132 130 128 126 124 122 119 117 114 112 109 106 103 99 96 91 86 84 84 60 60 60 60 60 60 60 60 60 60 60 60 60 60 60 60 60 60 60 60 60 60 60 60 60 60
194 194 193 192 191 190 189 188 187 186 185 185 184 183 182 181 180 179 178 177 176 174 173 172 171 170 169 168 167 165 164 163 162 160 159 158 156 155 154 152 151 149 148 146 145 143 142 140 138 137 135 133 131 129 127 125 123 121 118 116 113 110 108 104 101 98 94 89 84 84 84 60 60 60 60 60 60 60 60 60 60 60 60 60 60 60 60 60 60 60 60 60 60 60 60 60
195 194 193 192 192 191 190 189 188 187 186 185 184 183 182 181 180 179 178 177 176 175 174 173 172 171 170 168 167 166 165 164 162 161 160 159 157 156 155 153 152 150 149 147 146 144 143 141 139 138 136 134 132 130 128 126 124 122 119 117 115 112 109 106 103 100 96 92 87 84 84 60 60 60 60 60 60 60 60 60 60 60 60 60 60 60 60 60 60 60 60 60 60 60 60 60
195 195 194 193 192 191 190 189 189 188 187 186 185 184 183 182 181 180 179 178 177 176 175 174 172 171 170 169 168 167 166 164 163 162 161 159 158 157 155 154 153 151 150 148 147 145 143 142 140 138 137 135 133 131 129 127 125 123 121 118 116 113 111 108 105 101 98 94 89 84 84 84 60 60 60 60 60 60 60 60 60 60 60 60 60 60 60 60 60 60 60 60 60 60 60 60
196 195 194 194 193 192 191 190 189 188 187 186 185 184 183 182 182 181 179 178 177 176 175 174 173 172 171 170 169 167 166 165 164 163 161 160 159 157 156 155 153 152 150 149 147 146 144 143 141 139 138 136 134 132 130 128 126 124 122 120 117 115 112 109 106 103 100 96 92 87 84 84 60 60 60 60 60 60 60 60 60 60 60 60 60 60 60 60 60 60 60 60 60 60 60 60
197 196 195 194 193 192 191 191 190 189 188 187 186 185 184 183 182 181 180 179 178 177 176 175 174 173 172 170 169 168 167 166 165 163 162 161 160 158 157 155 154 153 151 150 148 147 145 144 142 140 139 137 135 133 131 129 127 125 123 121 118 116 113 111 108 105 101 98 94 89 84 84 84 60 60 60 60 60 60 60 60 60 60 60 60 60 60 60 60 60 60 60 60 60 60 60
197 196 195 195 194 193 192 191 190 189 188 187 187 186 185 184 183 182 181 180 179 178 177 176 174 173 172 171 170 169 168 166 165 164 163 162 160 159 158 156 155 153 152 151 149 148 146 144 143 141 140 138 136 134 132 130 128 126 124 122 120 117 115 112 109 106 103 100 96 92 87 84 84 60 60 60 60 60 60 60 60 60 60 60 60 60 60 60 60 60 60 60 60 60 60 60
198 197 196 195 194 193 193 192 191 190 189 188 187 186 185 184 183 182 181 180 179 178 177 176 175 174 173 172 171 169 168 167 166 165 163 162 161 160 158 157 156 154 153 151 150 148 147 145 144 142 140 139 137 135 133 131 129 127 125 123 121 119 116 113 111 108 105 102 98 94 89 84 84 84 60 60 60 60 60 60 60 60 60 60 60 60 60 60 60 60 60 60 60 60 60 60
198 197 197 196 195 194 193 192 191 190 190 189 188 187 186 185 184 183 182 181 180 179 178 177 176 175 174 172 171 170 169 168 167 165 164 163 162 160 159 158 156 155 154 152 151 149 148 146 145 143 141 140 138 136 134 132 130 128 126 124 122 120 117 115 112 109 106 103 100 96 92 87 84 84 60 60 60 60 60 60 60 60 60 60 60 60 60 60 60 60 60 60 60 60 60 60
230 198 197 196 195 194 194 193 192 191 190 189 188 187 186 185 184 183 182 181 180 179 178 177 176 175 174 173 172 171 170 168 167 166 165 164 162 161 160 158 157 156 154 153 152 150 149 147 145 144 142 141 139 137 135 133 131 130 127 125 123 121 119 116 114 111 108 105 101 98 94 89 84 84 84 60 60 60 60 60 60 60 60 60 60 60 60 60 60 60 60 60 60 60 60 60
230 198 198 197 196 195 194 193 192 192 191 190 189 188 187 186 185 184 183 182 181 180 179 178 177 176 175 174 173 171 170 169 168 167 166 164 163 162 160 159 158 156 155 154 152 151 149 148 146 145 143 141 140 138 136 134 132 131 129 126 124 122 120 117 115 112 109 106 103 100 96 92 87 84 84 60 60 60 60 60 60 60 60 60 60 60 60 60 60 60 60 60 60 60 60 60
231 199 198 197 196 196 195 194 193 192 191 190 189 188 187 187 186 185 184 183 182 181 180 179 178 176 175 174 173 172 171 170 169 167 166 165 164 162 161 160 159 157 156 154 153 152 150 149 147 146 144 142 141 139 137 135 133 132 130 127 125 123 121 119 116 113 111 108 105 101 98 94 89 84 84 60 60 60 60 60 60 60 60 60 60 60 60 60 60 60 60 60 60 60 60 60
231 199 199 198 197 196 195 194 193 193 192 191 190 189 188 187 186 185 184 183 182 181 180 179 178 177 176 175 174 173 172 170 169 168 167 166 164 163 162 161 159 158 157 155 154 152 151 149 148 146 145 143 141 140 138 136 134 132 131 129 126 124 122 120 117 115 112 109 106 103 100 96 91 86 84 84 60 60 60 60 60 60 60 60 60 60 60 60 60 60 60 60 60 60 60 60
232 200 199 198 197 197 196 195 194 193 192 191 190 189 189 188 187 186 185 184 183 182 181 180 179 178 177 175 174 173 172 171 170 169 168 166 165 164 163 161 160 159 157 156 155 153 152 150 149 147 146 144 142 141 139 137 135 133 131 130 127 125 123 121 118 116 113 111 108 105 101 98 94 89 84 84 60 60 60 60 60 60 60 60 60 60 60 60 60 60 60 60 60 60 60 60
232 200 200 199 198 197 196 195 194 194 193 192 191 190 189 188 187 186 185 184 183 182 181 180 179 178 177 176 175 174 173 172 170 169 168 167 166 164 163 162 161 159 158 157 155 154 152 151 149 148 146 145 143 141 140 138 136 134 132 130 128 126 124 122 120 117 115 112 109 106 103 99 95 91 86 84 84 60 60 60 60 60 60 60 60 60 60 60 60 60 60 60 60 60 60 60
233 201 200 199 198 198 197 196 195 194 193 192 191 191 190 189 188 187 186 185 184 183 182 181 180 179 178 177 176 174 173 172 171 170 169 168 166 165 164 163 161 160 159 157 156 155 153 152 150 149 147 146 144 142 141 139 137 135 133 131 129 127 125 123 121 118 116 113 110 108 104 101 97 93 89 84 84 60 60 60 60 60 60 60 60 60 60 60 60 60 60 60 60 60 104 60
233 201 201 200 199 198 197 196 195 195 194 193 192 191 190 189 188 187 186 185 184 183 182 181 180 179 178 177 176 175 174 173 172 171 169 168 167 166 165 163 162 161 159 158 157 155 154 152 151 149 148 146 145 143 141 140 138 136 134 132 130 128 126 124 122 120 117 115 112 109 106 103 99 95 91 86 84 84 60 60 60 60 60 60 60 60 60 104 104 104 104 104 104 104 104 104
234 202 201 200 199 199 198 197 196 195 194 193 192 192 191 190 189 188 187 186 185 184 183 182 181 180 179 178 177 176 175 173 172 171 170 169 168 166 165 164 163 161 160 159 157 156 155 153 152 150 149 147 146 144 142 141 139 137 135 133 131 129 127 125 123 121 118 116 113 110 107 104 101 97 93 88 84 84 60 60 60 60 60 60 104 104 104 104 104 104 104 104 104 104 104 104
234 202 201 201 200 199 198 197 196 196 195 194 193 192 191 190 189 188 187 186 186 185 184 183 182 180 179 178 177 176 175 174 173 172 171 169 168 167 166 165 163 162 161 159 158 157 155 154 152 151 149 148 146 145 143 141 140 138 136 134 132 130 128 126 124 122 119 117 114 112 109 106 102 99 95 90 85 84 84 60 60 60 104 104 104 104 104 104 104 104 104 104 104 104 104 104
235 203 202 201 200 199 199 198 197 196 195 194 193 193 192 191 190 189 188 187 186 185 184 183 182 181 180 179 178 177 176 175 173 172 171 170 169 168 166 165 164 163 161 160 159 157 156 155 153 152 150 149 147 145 144 142 140 139 137 135 133 131 129 127 125 123 120 118 116 113 110 107 104 100 97 92 88 84 84 60 104 104 104 104 104 104 104 104 104 104 104 104 104 104 104 104
235 234 202 202 201 200 199 198 197 197 196 195 194 193 192 191 190 189 188 188 187 186 185 184 183 182 181 179 178 177 176 175 174 173 172 171 169 168 167 166 165 163 162 161 159 158 157 155 154 152 151 149 148 146 145 143 141 140 138 136 134 132 130 128 126 124 122 119 117 114 111 108 105 102 98 94 90 84 84 128 104 104 104 104 104 104 104 104 104 104 104 104 104 104 104 104
235 235 203 202 201 200 200 199 198 197 196 195 194 194 193 192 191 190 189 188 187 186 185 184 183 182 181 180 179 178 177 176 175 173 172 171 170 169 168 166 165 164 163 161 160 159 157 156 154 153 152 150 149 147 145 144 142 140 139 137 135 133 131 129 127 125 123 120 118 115 113 110 107 103 100 96 92 87 128 128 104 104 104 104 104 104 104 104 104 104 104 104 104 104 104 104
236 235 203 203 202 201 200 199 198 198 197 196 195 194 193 192 191 190 189 189 188 187 186 185 184 183 182 181 180 178 177 176 175 174 173 172 171 169 168 167 166 165 163 162 161 159 158 157 155 154 152 151 149 148 146 144 143 141 139 138 136 134 132 130 128 126 124 121 119 116 114 111 108 105 102 98 138 133 128 128 104 104 104 104 104 104 104 104 104 104 104 104 104 104 104 104
236 236 204 203 202 201 201 200 199 198 197 196 195 195 194 193 192 191 190 189 188 187 186 185 184 183 182 181 180 179 178 177 176 175 173 172 171 170 169 168 166 165 164 163 161 160 159 157 156 154 153 151 150 148 147 145 144 142 140 138 137 135 133 131 129 127 125 122 120 118 115 112 109 106 103 144 140 135 130 128 128 104 104 104 104 104 104 104 104 104 104 104 104 104 104 104
237 236 204 203 203 202 201 200 199 198 198 197 196 195 194 193 192 191 190 190 189 188 187 186 185 184 183 182 181 180 178 177 176 175 174 173 172 171 169 168 167 166 164 163 162 161 159 158 156 155 154 152 151 149 148 146 144 143 141 139 137 136 134 132 130 128 126 123 121 119 116 113 111 108 148 145 141 137 132 128 128 104 104 104 104 104 104 104 104 104 104 104 104 104 104 104
237 236 205 204 203 202 201 201 200 199 198 197 196 195 195 194 193 192 191 190 189 188 187 186 185 184 183 182 181 180 179 178 177 176 175 173 172 171 170 169 168 166 165 164 163 161 160 159 157 156 154 153 151 150 148 147 145 143 142 140 138 136 135 133 131 129 126 124 122 120 117 115 112 109 150 147 143 139 134 129 128 128 104 104 104 104 104 104 104 104 104 104 104 104 104 104
238 237 205 204 203 203 202 201 200 199 198 198 197 196 195 194 193 192 191 190 190 189 188 187 186 185 184 183 182 181 180 178 177 176 175 174 173 172 171 169 168 167 166 164 163 162 160 159 158 156 155 154 152 151 149 147 146 144 143 141 139 137 135 133 132 130 127 125 123 121 118 116 113 154 151 148 145 141 136 131 128 128 104 104 104 104 104 104 104 104 104 104 104 104 104 104
238 237 205 205 204 203 202 201 201 200 199 198 197 196 195 195 194 193 192 191 190 189 188 187 186 185 184 183 182 181 180 179 178 177 176 175 173 172 171 170 169 167 166 165 164 162 161 160 158 157 156 154 153 151 150 148 147 145 143 142 140 138 136 134 132 130 128 126 124 122 119 117 158 155 152 149 146 142 138 134 128 128 128 104 104 104 104 104 104 104 104 104 104 104 104 104
238 238 206 205 204 204 203 202 201 200 199 199 198 197 196 195 194 193 192 191 190 190 189 188 187 186 185 184 183 182 181 179 178 177 176 175 174 173 172 170 169 168 167 166 164 163 162 160 159 158 156 155 153 152 150 149 147 146 144 142 141 139 137 135 133 131 129 127 125 123 120 162 159 157 154 151 147 144 140 136 130 128 128 104 104 104 104 104 104 104 104 104 104 104 104 104
239 238 206 206 205 204 203 202 201 201 200 199 198 197 196 195 195 194 193 192 191 190 189 188 187 186 185 184 183 182 181 180 179 178 177 176 174 173 172 171 170 169 167 166 165 164 162 161 160 158 157 155 154 153 151 149 148 146 145 143 141 140 138 136 134 132 130 128 126 124 121 163 160 158 155 152 149 145 142 137 133 128 128 104 104 104 104 104 104 104 104 104 104 104 104 104
