testData/tiles/oneDegree/grid26.0-12.0-27.0-13.0.asc
ncols   200
nrows   200
xllcorner   26.0
yllcorner   12.0
cellsize   0.005
NODATA_value   -9999.0
[rows 129 to 171 of 200, columns 0 to 95 of 200]
291 290 290 290 289 289 289 289 288 288 288 287 287 287 286 286 286 285 285 285 284 284 284 283 283 283 282 282 281 281 281 280 280 279 279 278 278 278 277 277 276 276 275 275 274 274 273 273 272 272 271 271 270 269 269 268 268 267 266 266 265 265 264 263 263 262 277 276 276 275 274 273 273 272 272 272 272 272 272 272 272 272 272 272 293 293 293 293 293 293 293 293 293 293 293 293
291 291 290 290 290 290 289 289 289 288 288 288 288 287 287 287 286 286 286 285 285 285 284 284 283 283 283 282 282 282 281 281 280 280 279 279 279 278 278 277 277 276 276 275 275 274 274 273 273 272 272 271 271 270 269 269 268 268 267 266 266 265 265 264 263 263 278 277 276 276 275 274 273 273 272 272 272 272 272 272 272 272 272 272 272 293 293 293 293 293 293 293 293 293 293 293
291 291 291 291 290 290 290 290 289 289 289 288 288 288 287 287 287 286 286 286 285 285 285 284 284 284 283 283 282 282 282 281 281 280 280 280 279 279 278 278 277 277 276 276 275 275 274 274 273 273 272 272 271 271 270 269 269 268 268 267 266 266 265 265 264 263 262 278 277 276 276 275 274 273 272 272 272 272 272 272 272 272 272 272 272 272 272 293 293 293 293 293 293 293 293 293
292 292 291 291 291 291 290 290 290 289 289 289 288 288 288 288 287 287 287 286 286 285 285 285 284 284 284 283 283 282 282 282 281 281 280 280 280 279 279 278 278 277 277 276 276 275 275 274 274 273 273 272 272 271 271 270 269 269 268 268 267 266 266 265 264 264 263 262 278 277 276 276 275 274 273 272 272 272 272 272 272 272 272 272 272 272 272 272 272 293 293 293 293 293 293 293
292 292 292 292 291 291 291 290 290 290 290 289 289 289 288 288 288 287 287 287 286 286 286 285 285 284 284 284 283 283 283 282 282 281 281 281 280 280 279 279 278 278 277 277 276 276 275 275 274 274 273 273 272 272 271 271 270 269 269 268 268 267 266 266 265 264 264 263 278 278 277 276 275 275 274 273 272 272 272 272 272 272 272 272 272 272 272 272 272 272 272 293 293 293 293 293
293 292 292 292 292 291 291 291 291 290 290 290 289 289 289 288 288 288 287 287 287 286 286 286 285 285 285 284 284 283 283 283 282 282 281 281 281 280 280 279 279 278 278 277 277 276 276 275 275 274 274 273 273 272 272 271 271 270 269 269 268 268 267 266 266 265 264 264 263 278 278 277 276 275 275 274 273 272 272 272 272 272 272 272 272 272 272 272 272 272 272 272 293 293 293 293
293 293 293 292 292 292 292 291 291 291 290 290 290 289 289 289 289 288 288 288 287 287 287 286 286 285 285 285 284 284 284 283 283 282 282 281 281 281 280 280 279 279 278 278 277 277 276 276 275 275 274 274 273 273 272 272 271 271 270 269 269 268 268 267 266 266 265 264 264 263 278 277 277 276 275 274 274 273 272 272 272 272 272 272 272 272 272 272 272 272 272 272 272 272 293 293
294 293 293 293 293 292 292 292 291 291 291 291 290 290 290 289 289 289 288 288 288 287 287 287 286 286 286 285 285 284 284 284 283 283 282 282 282 281 281 280 280 279 279 278 278 277 277 276 276 275 275 274 274 273 273 272 272 271 271 270 269 269 268 268 267 266 266 265 264 264 263 278 277 277 276 275 274 274 273 272 272 272 272 272 272 272 272 272 272 272 272 272 272 272 272 272
294 294 294 293 293 293 292 292 292 292 291 291 291 290 290 290 289 289 289 288 288 288 287 287 287 286 286 286 285 285 284 284 284 283 283 282 282 282 281 281 280 280 279 279 278 278 277 277 277 276 275 275 274 274 273 273 272 272 271 271 270 269 269 268 267 267 266 266 265 264 263 279 278 277 277 276 275 274 273 273 272 272 272 272 272 272 272 272 272 272 272 272 272 272 272 272
294 294 294 294 293 293 293 293 292 292 292 291 291 291 291 290 290 290 289 289 289 288 288 288 287 287 286 286 286 285 285 285 284 284 283 283 283 282 282 281 281 280 280 279 279 278 278 278 277 277 276 275 275 274 274 273 273 272 272 271 270 270 269 269 268 267 267 266 265 265 264 263 279 278 277 276 276 275 274 273 272 272 272 272 272 272 272 272 272 272 272 272 272 272 272 272
295 295 294 294 294 294 293 293 293 292 292 292 292 291 291 291 290 290 290 289 289 289 288 288 288 287 287 287 286 286 285 285 285 284 284 283 283 283 282 282 281 281 280 280 279 279 278 278 278 277 277 276 275 275 274 274 273 273 272 272 271 270 270 269 269 268 267 267 266 265 265 264 263 279 278 277 276 276 275 274 273 272 272 272 272 272 272 272 272 272 272 272 272 272 272 272
295 295 295 294 294 294 294 293 293 293 293 292 292 292 291 291 291 290 290 290 289 289 289 288 288 288 287 287 287 286 286 285 285 285 284 284 283 283 283 282 282 281 281 280 280 279 279 279 278 278 277 277 276 275 275 274 274 273 273 272 272 271 270 270 269 269 268 267 267 266 265 265 264 263 278 278 277 276 275 275 274 273 272 272 272 272 272 272 272 272 272 272 272 272 272 272
296 295 295 295 295 294 294 294 294 293 293 293 292 292 292 291 291 291 291 290 290 290 289 289 288 288 288 287 287 287 286 286 286 285 285 284 284 283 283 283 282 282 281 281 280 280 279 279 279 278 278 277 276 276 275 275 274 274 273 273 272 272 271 270 270 269 268 268 267 267 266 265 264 264 279 278 278 277 276 275 274 274 273 272 272 272 272 272 272 272 272 272 272 272 272 272
296 296 296 295 295 295 295 294 294 294 293 293 293 293 292 292 292 291 291 291 290 290 290 289 289 289 288 288 287 287 287 286 286 286 285 285 284 284 284 283 283 282 282 281 281 280 280 279 279 279 278 278 277 276 276 275 275 274 274 273 273 272 271 271 270 270 269 268 268 267 266 266 265 264 264 279 278 277 277 276 275 274 273 273 272 272 272 272 272 272 272 272 272 272 272 272
296 296 296 296 295 295 295 295 294 294 294 294 293 293 293 292 292 292 291 291 291 290 290 290 289 289 289 288 288 288 287 287 286 286 286 285 285 284 284 284 283 283 282 282 281 281 280 280 279 279 279 278 277 277 276 276 275 275 274 274 273 273 272 271 271 270 270 269 268 268 267 266 266 265 264 263 279 278 277 276 276 275 274 273 272 272 272 272 272 272 272 272 272 272 272 272
297 297 296 296 296 296 295 295 295 294 294 294 294 293 293 293 292 292 292 291 291 291 290 290 290 289 289 289 288 288 288 287 287 286 286 286 285 285 284 284 284 283 283 282 282 281 281 280 280 279 279 278 278 277 277 276 276 275 275 274 274 273 273 272 271 271 270 269 269 268 268 267 266 266 265 264 263 279 278 277 276 276 275 274 273 272 272 272 272 272 272 272 272 272 272 272
297 297 297 297 296 296 296 295 295 295 295 294 294 294 293 293 293 293 292 292 292 291 291 291 290 290 290 289 289 288 288 288 287 287 287 286 286 285 285 284 284 284 283 283 282 282 281 281 280 280 279 279 278 278 277 277 276 276 275 275 274 274 273 272 272 271 271 270 269 269 268 267 267 266 265 265 264 279 278 278 277 276 275 275 274 273 272 272 272 272 272 272 272 272 272 272
298 297 297 297 297 296 296 296 296 295 295 295 294 294 294 294 293 293 293 292 292 292 291 291 291 290 290 290 289 289 288 288 288 287 287 287 286 286 285 285 284 284 284 283 283 282 282 281 281 280 280 279 279 278 278 277 277 276 276 275 275 274 274 273 272 272 271 271 270 269 269 268 267 267 266 265 265 264 279 278 278 277 276 275 274 273 273 272 272 272 272 272 272 272 272 272
298 298 298 297 297 297 297 296 296 296 295 295 295 295 294 294 294 293 293 293 292 292 292 291 291 291 290 290 290 289 289 289 288 288 287 287 287 286 286 285 285 285 284 284 283 283 282 282 281 281 280 280 279 279 278 278 277 277 276 276 275 275 274 274 273 272 272 271 270 270 269 269 268 267 267 266 265 264 264 279 278 277 277 276 275 274 273 272 272 272 272 272 272 272 272 272
298 298 298 298 297 297 297 297 296 296 296 296 295 295 295 294 294 294 293 293 293 292 292 292 291 291 291 290 290 290 289 289 289 288 288 287 287 287 286 286 285 285 285 284 284 283 283 282 282 281 281 280 280 279 279 278 278 277 277 276 276 275 275 274 273 273 272 272 271 270 270 269 268 268 267 266 266 265 264 264 279 278 277 276 276 275 274 273 272 272 272 272 272 272 272 272
299 299 298 298 298 298 297 297 297 296 296 296 296 295 295 295 294 294 294 294 293 293 293 292 292 292 291 291 290 290 290 289 289 289 288 288 287 287 287 286 286 285 285 285 284 284 283 283 282 282 281 281 280 280 279 279 278 278 277 277 276 276 275 275 274 273 273 272 272 271 270 270 269 268 268 267 266 266 265 264 279 279 278 277 276 275 275 274 273 272 272 272 272 272 272 272
299 299 299 298 298 298 298 297 297 297 297 296 296 296 295 295 295 295 294 294 294 293 293 293 292 292 292 291 291 291 290 290 289 289 289 288 288 287 287 287 286 286 285 285 285 284 284 283 283 282 282 281 281 280 280 279 279 278 278 277 277 276 276 275 274 274 273 273 272 271 271 270 270 269 268 267 267 266 265 265 264 279 278 278 277 276 275 274 273 273 272 272 272 272 272 272
300 299 299 299 299 298 298 298 298 297 297 297 296 296 296 296 295 295 295 294 294 294 293 293 293 292 292 292 291 291 291 290 290 289 289 289 288 288 288 287 287 286 286 285 285 285 284 284 283 283 282 282 281 281 280 280 279 279 278 278 277 277 276 275 275 274 274 273 273 272 271 271 270 269 269 268 267 267 266 265 264 264 279 278 277 277 276 275 274 273 272 272 272 272 272 272
300 300 299 299 299 299 298 298 298 298 297 297 297 297 296 296 296 295 295 295 294 294 294 293 293 293 292 292 292 291 291 291 290 290 289 289 289 288 288 288 287 287 286 286 285 285 285 284 284 283 283 282 282 281 281 280 280 279 279 278 278 277 277 276 275 275 274 274 273 272 272 271 271 270 269 269 268 267 266 266 265 264 264 279 278 277 276 276 275 274 273 272 272 272 272 272
300 300 300 300 299 299 299 299 298 298 298 297 297 297 297 296 296 296 295 295 295 294 294 294 293 293 293 292 292 292 291 291 291 290 290 290 289 289 288 288 288 287 287 286 286 285 285 285 284 284 283 283 282 282 281 281 280 280 279 279 278 278 277 276 276 275 275 274 274 273 272 272 271 270 270 269 268 268 267 266 266 265 264 263 279 278 277 276 275 274 274 273 272 272 272 272
301 300 300 300 300 299 299 299 299 298 298 298 298 297 297 297 296 296 296 295 295 295 295 294 294 294 293 293 292 292 292 291 291 291 290 290 290 289 289 288 288 288 287 287 286 286 285 285 284 284 284 283 283 282 282 281 281 280 280 279 279 278 277 277 276 276 275 275 274 273 273 272 272 271 270 270 269 268 268 267 266 265 265 264 279 278 278 277 276 275 274 273 272 272 272 272
301 301 301 300 300 300 300 299 299 299 298 298 298 298 297 297 297 296 296 296 296 295 295 295 294 294 294 293 293 293 292 292 291 291 291 290 290 290 289 289 288 288 288 287 287 286 286 285 285 284 284 284 283 283 282 282 281 281 280 280 279 278 278 277 277 276 276 275 275 274 273 273 272 271 271 270 269 269 268 267 267 266 265 264 264 279 278 277 277 276 275 274 273 272 272 272
301 301 301 301 300 300 300 300 299 299 299 299 298 298 298 297 297 297 297 296 296 296 295 295 295 294 294 294 293 293 293 292 292 291 291 291 290 290 290 289 289 288 288 288 287 287 286 286 285 285 284 284 283 283 283 282 282 281 281 280 279 279 278 278 277 277 276 276 275 274 274 273 273 272 271 271 270 269 269 268 267 267 266 265 264 264 279 278 277 276 275 275 274 273 272 272
302 302 301 301 301 301 300 300 300 299 299 299 299 298 298 298 298 297 297 297 296 296 296 295 295 295 294 294 294 293 293 293 292 292 292 291 291 290 290 290 289 289 288 288 288 287 287 286 286 285 285 284 284 283 283 282 282 281 281 280 280 279 279 278 278 277 277 276 275 275 274 274 273 272 272 271 271 270 269 268 268 267 266 266 265 264 263 279 278 277 276 275 274 273 273 272
302 302 302 301 301 301 301 300 300 300 300 299 299 299 298 298 298 298 297 297 297 296 296 296 295 295 295 294 294 294 293 293 293 292 292 292 291 291 290 290 290 289 289 288 288 287 287 287 286 286 285 285 284 284 283 283 282 282 281 281 280 280 279 279 278 278 277 277 276 275 275 274 274 273 272 272 271 270 270 269 268 268 267 266 265 265 264 263 278 277 277 276 275 274 273 272
302 302 302 302 301 301 301 301 300 300 300 300 299 299 299 299 298 298 298 297 297 297 296 296 296 295 295 295 294 294 294 293 293 293 292 292 292 291 291 290 290 290 289 289 288 288 287 287 287 286 286 285 285 284 284 283 283 282 282 281 281 280 280 279 279 278 278 277 276 276 275 275 274 273 273 272 272 271 270 270 269 268 267 267 266 265 264 264 263 278 277 276 276 275 274 273
303 303 302 302 302 302 301 301 301 301 300 300 300 299 299 299 299 298 298 298 297 297 297 296 296 296 295 295 295 294 294 294 293 293 293 292 292 292 291 291 290 290 290 289 289 288 288 287 287 287 286 286 285 285 284 284 283 283 282 282 281 281 280 280 279 279 278 277 277 276 276 275 275 274 273 273 272 271 271 270 269 269 268 267 266 266 265 264 263 279 278 277 276 275 274 273
315 303 303 302 302 302 302 301 301 301 301 300 300 300 300 299 299 299 298 298 298 297 297 297 297 296 296 296 295 295 294 294 294 293 293 293 292 292 292 291 291 290 290 290 289 289 288 288 287 287 287 286 286 285 285 284 284 283 283 282 282 281 281 280 280 279 278 278 277 277 276 276 275 274 274 273 272 272 271 271 270 269 268 268 267 266 266 265 264 263 278 278 277 276 275 274
315 303 303 303 303 302 302 302 302 301 301 301 300 300 300 300 299 299 299 298 298 298 298 297 297 297 296 296 296 295 295 295 294 294 293 293 293 292 292 292 291 291 290 290 290 289 289 288 288 287 287 286 286 286 285 285 284 284 283 283 282 282 281 281 280 279 279 278 278 277 277 276 275 275 274 274 273 272 272 271 270 270 269 268 268 267 266 265 265 264 263 278 277 276 276 275
316 304 303 303 303 303 302 302 302 302 301 301 301 301 300 300 300 299 299 299 298 298 298 298 297 297 297 296 296 296 295 295 295 294 294 293 293 293 292 292 292 291 291 290 290 289 289 289 288 288 287 287 286 286 285 285 285 284 284 283 283 282 282 281 280 280 279 279 278 278 277 277 276 275 275 274 273 273 272 271 271 270 269 269 268 267 267 266 265 264 263 263 278 277 276 275
316 304 304 303 303 303 303 302 302 302 302 301 301 301 301 300 300 300 299 299 299 299 298 298 298 297 297 297 296 296 296 295 295 295 294 294 293 293 293 292 292 292 291 291 290 290 289 289 289 288 288 287 287 286 286 285 285 284 284 283 283 282 282 281 281 280 280 279 279 278 278 277 276 276 275 275 274 273 273 272 271 271 270 269 269 268 267 266 266 265 264 263 262 278 277 276
316 304 304 304 304 303 303 303 303 302 302 302 301 301 301 301 300 300 300 299 299 299 299 298 298 298 297 297 297 296 296 296 295 295 295 294 294 293 293 293 292 292 291 291 291 290 290 289 289 289 288 288 287 287 286 286 285 285 284 284 283 283 282 282 281 281 280 280 279 279 278 277 277 276 276 275 274 274 273 272 272 271 270 270 269 268 268 267 266 265 265 264 263 262 277 276
317 305 304 304 304 304 303 303 303 303 302 302 302 302 301 301 301 300 300 300 300 299 299 299 298 298 298 297 297 297 296 296 296 295 295 295 294 294 293 293 293 292 292 291 291 291 290 290 289 289 289 288 288 287 287 286 286 285 285 284 284 283 283 282 282 281 281 280 280 279 278 278 277 277 276 275 275 274 274 273 272 272 271 270 270 269 268 267 267 266 265 264 263 263 262 277
317 305 305 304 304 304 304 303 303 303 303 302 302 302 302 301 301 301 300 300 300 300 299 299 299 298 298 298 297 297 297 296 296 296 295 295 295 294 294 293 293 293 292 292 291 291 291 290 290 289 289 288 288 288 287 287 286 286 285 285 284 284 283 283 282 282 281 281 280 279 279 278 278 277 277 276 275 275 274 273 273 272 271 271 270 269 269 268 267 266 266 265 264 263 262 262
317 305 305 305 305 304 304 304 304 303 303 303 303 302 302 302 301 301 301 301 300 300 300 299 299 299 298 298 298 297 297 297 296 296 296 295 295 295 294 294 293 293 293 292 292 291 291 291 290 290 289 289 288 288 287 287 287 286 286 285 285 284 284 283 283 282 282 281 280 280 279 279 278 278 277 276 276 275 274 274 273 273 272 271 271 270 269 268 268 267 266 265 265 264 263 262
318 318 305 305 305 305 304 304 304 304 303 303 303 303 302 302 302 301 301 301 301 300 300 300 299 299 299 298 298 298 297 297 297 296 296 296 295 295 295 294 294 293 293 293 292 292 291 291 291 290 290 289 289 288 288 287 287 286 286 286 285 285 284 284 283 282 282 281 281 280 280 279 279 278 277 277 276 276 275 274 274 273 272 272 271 270 270 269 268 267 267 266 265 264 263 263
318 318 306 305 305 305 305 304 304 304 304 303 303 303 303 302 302 302 301 301 301 301 300 300 300 299 299 299 298 298 298 297 297 297 296 296 296 295 295 295 294 294 293 293 293 292 292 291 291 290 290 290 289 289 288 288 287 287 286 286 285 285 284 284 283 283 282 282 281 281 280 280 279 278 278 277 277 276 275 275 274 273 273 272 271 271 270 269 269 268 267 266 266 265 264 263
318 318 306 306 306 305 305 305 305 304 304 304 303 303 303 303 302 302 302 302 301 301 301 300 300 300 299 299 299 298 298 298 297 297 297 296 296 296 295 295 294 294 294 293 293 293 292 292 291 291 290 290 290 289 289 288 288 287 287 286 286 285 285 284 284 283 283 282 282 281 281 280 279 279 278 278 277 276 276 275 275 274 273 273 272 271 271 270 269 268 268 267 266 265 265 264
