testData/tiles/oneDegree/grid3.0-16.0-4.0-17.0.asc
ncols   200
nrows   200
xllcorner   3.0
yllcorner   16.0
cellsize   0.005
NODATA_value   -9999.0
[rows 136 to 152 of 200, columns 37 to 73 of 200]
1.186000000000000000e+03 1.185000000000000000e+03 1.185000000000000000e+03 1.185000000000000000e+03 1.184000000000000000e+03 1.184000000000000000e+03 1.185000000000000000e+03 1.185000000000000000e+03 1.183000000000000000e+03 1.183000000000000000e+03 1.183000000000000000e+03 1.182000000000000000e+03 1.182000000000000000e+03 1.422000000000000000e+03 1.421000000000000000e+03 1.420000000000000000e+03 1.419000000000000000e+03 1.420000000000000000e+03 1.420000000000000000e+03 1.420000000000000000e+03 1.420000000000000000e+03 1.421000000000000000e+03 1.420000000000000000e+03 1.420000000000000000e+03 1.419000000000000000e+03 1.419000000000000000e+03 1.419000000000000000e+03 1.419000000000000000e+03 1.418000000000000000e+03 1.419000000000000000e+03 1.419000000000000000e+03 1.418000000000000000e+03 1.418000000000000000e+03 1.419000000000000000e+03 1.418000000000000000e+03 1.418000000000000000e+03 1.199000000000000000e+03
1.187000000000000000e+03 1.184000000000000000e+03 1.184000000000000000e+03 1.185000000000000000e+03 1.184000000000000000e+03 1.184000000000000000e+03 1.184000000000000000e+03 1.184000000000000000e+03 1.182000000000000000e+03 1.182000000000000000e+03 1.183000000000000000e+03 1.183000000000000000e+03 1.182000000000000000e+03 1.182000000000000000e+03 1.181000000000000000e+03 1.181000000000000000e+03 1.180000000000000000e+03 1.180000000000000000e+03 1.181000000000000000e+03 1.181000000000000000e+03 1.180000000000000000e+03 1.180000000000000000e+03 1.181000000000000000e+03 1.181000000000000000e+03 1.180000000000000000e+03 1.179000000000000000e+03 1.179000000000000000e+03 1.179000000000000000e+03 1.179000000000000000e+03 1.179000000000000000e+03 1.180000000000000000e+03 1.180000000000000000e+03 1.178000000000000000e+03 1.178000000000000000e+03 1.179000000000000000e+03 1.179000000000000000e+03 9.600000000000000000e+02
1.186000000000000000e+03 1.184000000000000000e+03 1.184000000000000000e+03 1.184000000000000000e+03 1.185000000000000000e+03 1.184000000000000000e+03 1.183000000000000000e+03 1.184000000000000000e+03 1.182000000000000000e+03 1.182000000000000000e+03 1.182000000000000000e+03 1.183000000000000000e+03 1.182000000000000000e+03 1.181000000000000000e+03 1.180000000000000000e+03 1.181000000000000000e+03 1.180000000000000000e+03 1.180000000000000000e+03 1.180000000000000000e+03 1.180000000000000000e+03 1.180000000000000000e+03 1.180000000000000000e+03 1.181000000000000000e+03 1.181000000000000000e+03 1.180000000000000000e+03 1.178000000000000000e+03 1.179000000000000000e+03 1.179000000000000000e+03 1.179000000000000000e+03 1.179000000000000000e+03 1.179000000000000000e+03 1.179000000000000000e+03 1.178000000000000000e+03 1.178000000000000000e+03 1.178000000000000000e+03 1.179000000000000000e+03 9.600000000000000000e+02
1.185000000000000000e+03 1.185000000000000000e+03 1.184000000000000000e+03 1.184000000000000000e+03 1.184000000000000000e+03 1.183000000000000000e+03 1.183000000000000000e+03 1.183000000000000000e+03 1.183000000000000000e+03 1.182000000000000000e+03 1.182000000000000000e+03 1.181000000000000000e+03 1.181000000000000000e+03 1.181000000000000000e+03 1.180000000000000000e+03 1.181000000000000000e+03 1.180000000000000000e+03 1.180000000000000000e+03 1.179000000000000000e+03 1.180000000000000000e+03 1.180000000000000000e+03 1.180000000000000000e+03 1.180000000000000000e+03 1.181000000000000000e+03 1.179000000000000000e+03 1.178000000000000000e+03 1.178000000000000000e+03 1.179000000000000000e+03 1.179000000000000000e+03 1.179000000000000000e+03 1.178000000000000000e+03 1.179000000000000000e+03 1.178000000000000000e+03 1.178000000000000000e+03 1.178000000000000000e+03 1.056000000000000000e+03 1.055000000000000000e+03
1.185000000000000000e+03 1.184000000000000000e+03 1.184000000000000000e+03 1.183000000000000000e+03 1.183000000000000000e+03 1.183000000000000000e+03 1.183000000000000000e+03 1.183000000000000000e+03 1.182000000000000000e+03 1.182000000000000000e+03 1.181000000000000000e+03 1.181000000000000000e+03 1.182000000000000000e+03 1.181000000000000000e+03 1.180000000000000000e+03 1.180000000000000000e+03 1.180000000000000000e+03 1.179000000000000000e+03 1.179000000000000000e+03 1.179000000000000000e+03 1.180000000000000000e+03 1.180000000000000000e+03 1.180000000000000000e+03 1.179000000000000000e+03 1.179000000000000000e+03 1.179000000000000000e+03 1.056000000000000000e+03 1.056000000000000000e+03 1.057000000000000000e+03 1.056000000000000000e+03 1.056000000000000000e+03 1.056000000000000000e+03 1.056000000000000000e+03 1.056000000000000000e+03 1.056000000000000000e+03 1.055000000000000000e+03 1.055000000000000000e+03
1.063000000000000000e+03 1.061000000000000000e+03 1.061000000000000000e+03 1.061000000000000000e+03 1.061000000000000000e+03 1.061000000000000000e+03 1.061000000000000000e+03 1.061000000000000000e+03 1.059000000000000000e+03 1.058000000000000000e+03 1.059000000000000000e+03 1.059000000000000000e+03 1.059000000000000000e+03 1.059000000000000000e+03 1.058000000000000000e+03 1.057000000000000000e+03 1.057000000000000000e+03 1.057000000000000000e+03 1.057000000000000000e+03 1.057000000000000000e+03 1.057000000000000000e+03 1.057000000000000000e+03 1.057000000000000000e+03 1.057000000000000000e+03 1.057000000000000000e+03 1.057000000000000000e+03 1.056000000000000000e+03 1.055000000000000000e+03 1.055000000000000000e+03 1.056000000000000000e+03 1.056000000000000000e+03 1.056000000000000000e+03 1.055000000000000000e+03 1.055000000000000000e+03 1.055000000000000000e+03 1.055000000000000000e+03 1.054000000000000000e+03
1.062000000000000000e+03 1.061000000000000000e+03 1.061000000000000000e+03 1.061000000000000000e+03 1.061000000000000000e+03 1.061000000000000000e+03 1.060000000000000000e+03 1.060000000000000000e+03 1.059000000000000000e+03 1.059000000000000000e+03 1.059000000000000000e+03 1.059000000000000000e+03 1.059000000000000000e+03 1.057000000000000000e+03 1.057000000000000000e+03 1.057000000000000000e+03 1.057000000000000000e+03 1.056000000000000000e+03 1.057000000000000000e+03 1.057000000000000000e+03 1.056000000000000000e+03 1.056000000000000000e+03 1.057000000000000000e+03 1.057000000000000000e+03 1.057000000000000000e+03 1.056000000000000000e+03 1.055000000000000000e+03 1.055000000000000000e+03 1.055000000000000000e+03 1.055000000000000000e+03 1.056000000000000000e+03 1.056000000000000000e+03 1.054000000000000000e+03 1.054000000000000000e+03 1.055000000000000000e+03 1.055000000000000000e+03 1.054000000000000000e+03
1.062000000000000000e+03 1.061000000000000000e+03 1.061000000000000000e+03 1.060000000000000000e+03 1.061000000000000000e+03 1.060000000000000000e+03 1.059000000000000000e+03 1.060000000000000000e+03 1.059000000000000000e+03 1.059000000000000000e+03 1.058000000000000000e+03 1.059000000000000000e+03 1.058000000000000000e+03 1.058000000000000000e+03 1.056000000000000000e+03 1.057000000000000000e+03 1.057000000000000000e+03 1.056000000000000000e+03 1.056000000000000000e+03 1.056000000000000000e+03 1.056000000000000000e+03 1.056000000000000000e+03 1.057000000000000000e+03 1.057000000000000000e+03 1.057000000000000000e+03 1.055000000000000000e+03 1.055000000000000000e+03 1.055000000000000000e+03 1.055000000000000000e+03 1.055000000000000000e+03 1.056000000000000000e+03 1.055000000000000000e+03 1.054000000000000000e+03 1.054000000000000000e+03 1.054000000000000000e+03 1.055000000000000000e+03 1.054000000000000000e+03
1.061000000000000000e+03 1.061000000000000000e+03 1.061000000000000000e+03 1.060000000000000000e+03 1.059000000000000000e+03 1.060000000000000000e+03 1.060000000000000000e+03 1.059000000000000000e+03 1.059000000000000000e+03 1.059000000000000000e+03 1.058000000000000000e+03 1.057000000000000000e+03 1.058000000000000000e+03 1.058000000000000000e+03 1.056000000000000000e+03 1.056000000000000000e+03 1.057000000000000000e+03 1.055000000000000000e+03 1.055000000000000000e+03 1.056000000000000000e+03 1.056000000000000000e+03 1.056000000000000000e+03 1.056000000000000000e+03 1.057000000000000000e+03 1.056000000000000000e+03 1.055000000000000000e+03 1.054000000000000000e+03 1.055000000000000000e+03 1.055000000000000000e+03 1.055000000000000000e+03 1.054000000000000000e+03 1.055000000000000000e+03 1.054000000000000000e+03 1.054000000000000000e+03 1.054000000000000000e+03 1.055000000000000000e+03 1.053000000000000000e+03
1.061000000000000000e+03 1.060000000000000000e+03 1.060000000000000000e+03 1.060000000000000000e+03 1.059000000000000000e+03 1.060000000000000000e+03 1.060000000000000000e+03 1.059000000000000000e+03 1.058000000000000000e+03 1.058000000000000000e+03 1.058000000000000000e+03 1.057000000000000000e+03 1.057000000000000000e+03 1.058000000000000000e+03 1.056000000000000000e+03 1.056000000000000000e+03 1.056000000000000000e+03 1.055000000000000000e+03 1.055000000000000000e+03 1.055000000000000000e+03 1.056000000000000000e+03 1.056000000000000000e+03 1.055000000000000000e+03 1.055000000000000000e+03 1.056000000000000000e+03 1.055000000000000000e+03 1.054000000000000000e+03 1.054000000000000000e+03 1.054000000000000000e+03 1.054000000000000000e+03 1.054000000000000000e+03 1.054000000000000000e+03 1.054000000000000000e+03 1.054000000000000000e+03 1.054000000000000000e+03 1.053000000000000000e+03 1.053000000000000000e+03
1.060000000000000000e+03 1.059000000000000000e+03 1.059000000000000000e+03 1.060000000000000000e+03 1.059000000000000000e+03 1.059000000000000000e+03 1.060000000000000000e+03 1.059000000000000000e+03 1.058000000000000000e+03 1.057000000000000000e+03 1.058000000000000000e+03 1.057000000000000000e+03 1.057000000000000000e+03 1.058000000000000000e+03 1.056000000000000000e+03 1.055000000000000000e+03 1.055000000000000000e+03 1.055000000000000000e+03 1.055000000000000000e+03 1.055000000000000000e+03 1.055000000000000000e+03 1.055000000000000000e+03 1.055000000000000000e+03 1.055000000000000000e+03 1.055000000000000000e+03 1.055000000000000000e+03 1.054000000000000000e+03 1.053000000000000000e+03 1.053000000000000000e+03 1.054000000000000000e+03 1.054000000000000000e+03 1.054000000000000000e+03 1.053000000000000000e+03 1.053000000000000000e+03 1.053000000000000000e+03 1.053000000000000000e+03 1.052000000000000000e+03
1.061000000000000000e+03 1.059000000000000000e+03 1.059000000000000000e+03 1.060000000000000000e+03 1.059000000000000000e+03 1.059000000000000000e+03 1.058000000000000000e+03 1.059000000000000000e+03 1.058000000000000000e+03 1.057000000000000000e+03 1.057000000000000000e+03 1.057000000000000000e+03 1.057000000000000000e+03 1.056000000000000000e+03 1.056000000000000000e+03 1.055000000000000000e+03 1.055000000000000000e+03 1.054000000000000000e+03 1.055000000000000000e+03 1.054000000000000000e+03 1.054000000000000000e+03 1.054000000000000000e+03 1.055000000000000000e+03 1.055000000000000000e+03 1.055000000000000000e+03 1.054000000000000000e+03 1.053000000000000000e+03 1.053000000000000000e+03 1.053000000000000000e+03 1.053000000000000000e+03 1.054000000000000000e+03 1.054000000000000000e+03 1.052000000000000000e+03 1.052000000000000000e+03 1.053000000000000000e+03 1.053000000000000000e+03 1.052000000000000000e+03
1.060000000000000000e+03 1.059000000000000000e+03 1.059000000000000000e+03 1.059000000000000000e+03 1.058000000000000000e+03 1.058000000000000000e+03 1.058000000000000000e+03 1.058000000000000000e+03 1.058000000000000000e+03 1.057000000000000000e+03 1.057000000000000000e+03 1.057000000000000000e+03 1.056000000000000000e+03 1.056000000000000000e+03 1.055000000000000000e+03 1.055000000000000000e+03 1.055000000000000000e+03 1.054000000000000000e+03 1.053000000000000000e+03 1.054000000000000000e+03 1.054000000000000000e+03 1.054000000000000000e+03 1.054000000000000000e+03 1.055000000000000000e+03 1.054000000000000000e+03 1.053000000000000000e+03 1.052000000000000000e+03 1.053000000000000000e+03 1.053000000000000000e+03 1.053000000000000000e+03 1.053000000000000000e+03 1.053000000000000000e+03 1.052000000000000000e+03 1.052000000000000000e+03 1.052000000000000000e+03 1.053000000000000000e+03 1.052000000000000000e+03
1.060000000000000000e+03 1.058000000000000000e+03 1.059000000000000000e+03 1.058000000000000000e+03 1.058000000000000000e+03 1.058000000000000000e+03 1.058000000000000000e+03 1.058000000000000000e+03 1.057000000000000000e+03 1.057000000000000000e+03 1.056000000000000000e+03 1.056000000000000000e+03 1.056000000000000000e+03 1.056000000000000000e+03 1.055000000000000000e+03 1.055000000000000000e+03 1.055000000000000000e+03 1.053000000000000000e+03 1.053000000000000000e+03 1.053000000000000000e+03 1.054000000000000000e+03 1.054000000000000000e+03 1.054000000000000000e+03 1.054000000000000000e+03 1.054000000000000000e+03 1.053000000000000000e+03 1.052000000000000000e+03 1.053000000000000000e+03 1.053000000000000000e+03 1.052000000000000000e+03 1.052000000000000000e+03 1.053000000000000000e+03 1.052000000000000000e+03 1.052000000000000000e+03 1.052000000000000000e+03 1.052000000000000000e+03 1.051000000000000000e+03
1.060000000000000000e+03 1.057000000000000000e+03 1.058000000000000000e+03 1.058000000000000000e+03 1.058000000000000000e+03 1.057000000000000000e+03 1.058000000000000000e+03 1.058000000000000000e+03 1.057000000000000000e+03 1.056000000000000000e+03 1.056000000000000000e+03 1.056000000000000000e+03 1.055000000000000000e+03 1.056000000000000000e+03 1.055000000000000000e+03 1.054000000000000000e+03 1.053000000000000000e+03 1.053000000000000000e+03 1.053000000000000000e+03 1.053000000000000000e+03 1.054000000000000000e+03 1.054000000000000000e+03 1.053000000000000000e+03 1.053000000000000000e+03 1.054000000000000000e+03 1.053000000000000000e+03 1.052000000000000000e+03 1.052000000000000000e+03 1.052000000000000000e+03 1.052000000000000000e+03 1.052000000000000000e+03 1.052000000000000000e+03 1.052000000000000000e+03 1.052000000000000000e+03 1.051000000000000000e+03 1.051000000000000000e+03 1.050000000000000000e+03
1.059000000000000000e+03 1.058000000000000000e+03 1.057000000000000000e+03 1.058000000000000000e+03 1.058000000000000000e+03 1.057000000000000000e+03 1.057000000000000000e+03 1.057000000000000000e+03 1.057000000000000000e+03 1.055000000000000000e+03 1.056000000000000000e+03 1.056000000000000000e+03 1.056000000000000000e+03 1.055000000000000000e+03 1.054000000000000000e+03 1.054000000000000000e+03 1.053000000000000000e+03 1.053000000000000000e+03 1.053000000000000000e+03 1.053000000000000000e+03 1.052000000000000000e+03 1.053000000000000000e+03 1.053000000000000000e+03 1.053000000000000000e+03 1.053000000000000000e+03 1.053000000000000000e+03 1.052000000000000000e+03 1.051000000000000000e+03 1.051000000000000000e+03 1.052000000000000000e+03 1.052000000000000000e+03 1.052000000000000000e+03 1.051000000000000000e+03 1.051000000000000000e+03 1.051000000000000000e+03 1.051000000000000000e+03 1.050000000000000000e+03
1.059000000000000000e+03 1.058000000000000000e+03 1.057000000000000000e+03 1.057000000000000000e+03 1.058000000000000000e+03 1.057000000000000000e+03 1.056000000000000000e+03 1.057000000000000000e+03 1.057000000000000000e+03 1.055000000000000000e+03 1.055000000000000000e+03 1.056000000000000000e+03 1.055000000000000000e+03 1.054000000000000000e+03 1.053000000000000000e+03 1.054000000000000000e+03 1.053000000000000000e+03 1.052000000000000000e+03 1.053000000000000000e+03 1.052000000000000000e+03 1.052000000000000000e+03 1.052000000000000000e+03 1.053000000000000000e+03 1.053000000000000000e+03 1.053000000000000000e+03 1.051000000000000000e+03 1.051000000000000000e+03 1.051000000000000000e+03 1.051000000000000000e+03 1.051000000000000000e+03 1.052000000000000000e+03 1.052000000000000000e+03 1.050000000000000000e+03 1.050000000000000000e+03 1.051000000000000000e+03 1.051000000000000000e+03 1.050000000000000000e+03
