testData/tiles/oneDegree/grid16.0-6.0-17.0-7.0.asc
ncols   200
nrows   200
xllcorner   16.0
yllcorner   6.0
cellsize   0.005
NODATA_value   -9999.0
[rows 45 to 89 of 200, columns 0 to 95 of 200]
324 325 325 325 326 326 326 327 327 327 328 328 328 329 329 329 329 330 330 330 331 331 331 332 332 332 332 333 333 333 334 334 334 334 335 335 335 336 336 336 336 337 337 337 338 338 338 338 339 339 339 339 340 340 340 340 341 341 341 341 342 342 342 342 343 343 343 343 344 344 344 344 345 345 345 345 345 346 346 346 346 347 347 347 347 347 348 348 348 348 348 349 349 349 349 349
324 324 325 325 325 326 326 326 327 327 327 327 328 328 328 329 329 329 330 330 330 331 331 331 331 332 332 332 333 333 333 333 334 334 334 335 335 335 335 336 336 336 337 337 337 337 338 338 338 338 339 339 339 339 340 340 340 341 341 341 341 341 342 342 342 342 343 343 343 343 344 344 344 344 345 345 345 345 345 346 346 346 346 347 347 347 347 347 348 348 348 348 348 349 349 349
324 324 324 325 325 325 326 326 326 326 327 327 327 328 328 328 329 329 329 330 330 330 330 331 331 331 332 332 332 332 333 333 333 334 334 334 334 335 335 335 336 336 336 336 337 337 337 337 338 338 338 339 339 339 339 340 340 340 340 341 341 341 341 342 342 342 342 342 343 343 343 343 344 344 344 344 345 345 345 345 345 346 346 346 346 346 347 347 347 347 347 348 348 348 348 348
323 324 324 324 324 325 325 325 326 326 326 327 327 327 328 328 328 329 329 329 329 330 330 330 331 331 331 331 332 332 332 333 333 333 333 334 334 334 335 335 335 335 336 336 336 336 337 337 337 338 338 338 338 339 339 339 339 340 340 340 340 341 341 341 341 342 342 342 342 342 343 343 343 343 344 344 344 344 345 345 345 345 345 346 346 346 346 346 347 347 347 347 347 348 348 348
323 323 323 324 324 324 325 325 325 326 326 326 327 327 327 327 328 328 328 329 329 329 330 330 330 330 331 331 331 332 332 332 332 333 333 333 334 334 334 334 335 335 335 336 336 336 336 337 337 337 337 338 338 338 338 339 339 339 339 340 340 340 340 341 341 341 341 342 342 342 342 342 343 343 343 343 344 344 344 344 344 345 345 345 345 346 346 346 346 346 347 347 347 347 347 347
322 323 323 323 324 324 324 325 325 325 326 326 326 326 327 327 327 328 328 328 329 329 329 329 330 330 330 331 331 331 331 332 332 332 333 333 333 333 334 334 334 335 335 335 335 336 336 336 336 337 337 337 337 338 338 338 338 339 339 339 339 340 340 340 340 341 341 341 341 342 342 342 342 342 343 343 343 343 344 344 344 344 344 345 345 345 345 345 346 346 346 346 346 347 347 347
322 322 323 323 323 324 324 324 324 325 325 325 326 326 326 327 327 327 328 328 328 328 329 329 329 330 330 330 330 331 331 331 332 332 332 332 333 333 333 334 334 334 334 335 335 335 335 336 336 336 336 337 337 337 337 338 338 338 338 339 339 339 339 340 340 340 340 341 341 341 341 342 342 342 342 342 343 343 343 343 344 344 344 344 344 345 345 345 345 345 346 346 346 346 346 347
322 322 322 323 323 323 323 324 324 324 325 325 325 326 326 326 327 327 327 327 328 328 328 329 329 329 329 330 330 330 331 331 331 331 332 332 332 333 333 333 333 334 334 334 334 335 335 335 336 336 336 336 337 337 337 337 338 338 338 338 339 339 339 339 339 340 340 340 340 341 341 341 341 342 342 342 342 342 343 343 343 343 343 344 344 344 344 345 345 345 345 345 345 346 346 346
321 321 322 322 322 323 323 323 324 324 324 325 325 325 326 326 326 326 327 327 327 328 328 328 328 329 329 329 330 330 330 330 331 331 331 332 332 332 332 333 333 333 333 334 334 334 335 335 335 335 336 336 336 336 337 337 337 337 338 338 338 338 339 339 339 339 339 340 340 340 340 341 341 341 341 342 342 342 342 342 343 343 343 343 343 344 344 344 344 344 345 345 345 345 345 346
321 321 321 322 322 322 323 323 323 324 324 324 324 325 325 325 326 326 326 327 327 327 327 328 328 328 329 329 329 329 330 330 330 331 331 331 331 332 332 332 333 333 333 333 334 334 334 334 335 335 335 335 336 336 336 336 337 337 337 337 338 338 338 338 339 339 339 339 339 340 340 340 340 341 341 341 341 341 342 342 342 342 343 343 343 343 343 344 344 344 344 344 345 345 345 345
320 321 321 321 322 322 322 323 323 323 323 324 324 324 325 325 325 326 326 326 326 327 327 327 328 328 328 328 329 329 329 330 330 330 330 331 331 331 332 332 332 332 333 333 333 333 334 334 334 334 335 335 335 335 336 336 336 336 337 337 337 337 338 338 338 338 339 339 339 339 339 340 340 340 340 341 341 341 341 341 342 342 342 342 342 343 343 343 343 343 344 344 344 344 344 345
320 320 321 321 321 322 322 322 322 323 323 323 324 324 324 325 325 325 325 326 326 326 327 327 327 327 328 328 328 329 329 329 329 330 330 330 331 331 331 331 332 332 332 332 333 333 333 333 334 334 334 334 335 335 335 335 336 336 336 336 337 337 337 337 338 338 338 338 339 339 339 339 339 340 340 340 340 341 341 341 341 341 342 342 342 342 342 343 343 343 343 343 344 344 344 344
320 320 320 320 321 321 321 322 322 322 323 323 323 324 324 324 324 325 325 325 326 326 326 326 327 327 327 328 328 328 328 329 329 329 330 330 330 330 331 331 331 331 332 332 332 333 333 333 333 334 334 334 334 335 335 335 335 336 336 336 336 336 337 337 337 337 338 338 338 338 339 339 339 339 339 340 340 340 340 341 341 341 341 341 342 342 342 342 342 343 343 343 343 343 343 344
319 319 320 320 320 321 321 321 322 322 322 323 323 323 323 324 324 324 325 325 325 325 326 326 326 327 327 327 327 328 328 328 329 329 329 329 330 330 330 330 331 331 331 332 332 332 332 333 333 333 333 334 334 334 334 335 335 335 335 336 336 336 336 337 337 337 337 337 338 338 338 338 339 339 339 339 339 340 340 340 340 340 341 341 341 341 341 342 342 342 342 342 343 343 343 343
319 319 319 320 320 320 321 321 321 321 322 322 322 323 323 323 324 324 324 324 325 325 325 326 326 326 326 327 327 327 328 328 328 328 329 329 329 330 330 330 330 331 331 331 331 332 332 332 332 333 333 333 333 334 334 334 334 335 335 335 335 336 336 336 336 337 337 337 337 337 338 338 338 338 339 339 339 339 339 340 340 340 340 340 341 341 341 341 341 342 342 342 342 342 343 343
318 319 319 319 320 320 320 320 321 321 321 322 322 322 323 323 323 323 324 324 324 325 325 325 325 326 326 326 327 327 327 327 328 328 328 329 329 329 329 330 330 330 330 331 331 331 331 332 332 332 332 333 333 333 333 334 334 334 334 335 335 335 335 336 336 336 336 336 337 337 337 337 338 338 338 338 338 339 339 339 339 340 340 340 340 340 341 341 341 341 341 341 342 342 342 342
318 318 319 319 319 319 320 320 320 321 321 321 322 322 322 322 323 323 323 324 324 324 324 325 325 325 326 326 326 326 327 327 327 328 328 328 328 329 329 329 329 330 330 330 330 331 331 331 331 332 332 332 332 333 333 333 333 334 334 334 334 335 335 335 335 336 336 336 336 336 337 337 337 337 338 338 338 338 338 339 339 339 339 339 340 340 340 340 340 341 341 341 341 341 342 342
317 318 318 318 319 319 319 320 320 320 321 321 321 321 322 322 322 323 323 323 323 324 324 324 325 325 325 325 326 326 326 327 327 327 327 328 328 328 328 329 329 329 330 330 330 330 331 331 331 331 332 332 332 332 333 333 333 333 333 334 334 334 334 335 335 335 335 336 336 336 336 336 337 337 337 337 338 338 338 338 338 339 339 339 339 339 340 340 340 340 340 341 341 341 341 341
317 317 318 318 318 319 319 319 320 320 320 320 321 321 321 322 322 322 322 323 323 323 324 324 324 324 325 325 325 326 326 326 326 327 327 327 327 328 328 328 329 329 329 329 330 330 330 330 331 331 331 331 332 332 332 332 333 333 333 333 334 334 334 334 334 335 335 335 335 336 336 336 336 336 337 337 337 337 337 338 338 338 338 338 339 339 339 339 339 340 340 340 340 340 341 341
317 317 317 318 318 318 319 319 319 319 320 320 320 321 321 321 321 322 322 322 323 323 323 323 324 324 324 325 325 325 325 326 326 326 327 327 327 327 328 328 328 328 329 329 329 329 330 330 330 330 331 331 331 331 332 332 332 332 333 333 333 333 334 334 334 334 334 335 335 335 335 336 336 336 336 336 337 337 337 337 337 338 338 338 338 338 339 339 339 339 339 340 340 340 340 340
316 317 317 317 317 318 318 318 319 319 319 320 320 320 320 321 321 321 322 322 322 322 323 323 323 324 324 324 324 325 325 325 326 326 326 326 327 327 327 327 328 328 328 328 329 329 329 329 330 330 330 330 331 331 331 331 332 332 332 332 333 333 333 333 334 334 334 334 334 335 335 335 335 335 336 336 336 336 337 337 337 337 337 338 338 338 338 338 339 339 339 339 339 339 340 340
316 316 316 317 317 317 318 318 318 319 319 319 319 320 320 320 321 321 321 321 322 322 322 323 323 323 323 324 324 324 325 325 325 325 326 326 326 326 327 327 327 327 328 328 328 328 329 329 329 329 330 330 330 330 331 331 331 331 332 332 332 332 333 333 333 333 333 334 334 334 334 335 335 335 335 335 336 336 336 336 336 337 337 337 337 337 338 338 338 338 338 339 339 339 339 339
315 316 316 316 317 317 317 318 318 318 318 319 319 319 320 320 320 320 321 321 321 322 322 322 322 323 323 323 324 324 324 324 325 325 325 325 326 326 326 327 327 327 327 328 328 328 328 329 329 329 329 330 330 330 330 330 331 331 331 331 332 332 332 332 333 333 333 333 333 334 334 334 334 335 335 335 335 335 336 336 336 336 336 337 337 337 337 337 338 338 338 338 338 338 339 339
315 315 316 316 316 317 317 317 317 318 318 318 319 319 319 319 320 320 320 321 321 321 321 322 322 322 323 323 323 323 324 324 324 324 325 325 325 326 326 326 326 327 327 327 327 328 328 328 328 329 329 329 329 330 330 330 330 331 331 331 331 331 332 332 332 332 333 333 333 333 333 334 334 334 334 334 335 335 335 335 336 336 336 336 336 336 337 337 337 337 337 338 338 338 338 338
315 315 315 316 316 316 316 317 317 317 318 318 318 318 319 319 319 320 320 320 320 321 321 321 322 322 322 322 323 323 323 324 324 324 324 325 325 325 325 326 326 326 326 327 327 327 327 328 328 328 328 329 329 329 329 330 330 330 330 331 331 331 331 331 332 332 332 332 333 333 333 333 333 334 334 334 334 334 335 335 335 335 335 336 336 336 336 336 337 337 337 337 337 337 338 338
314 314 315 315 315 316 316 316 317 317 317 317 318 318 318 319 319 319 319 320 320 320 321 321 321 321 322 322 322 323 323 323 323 324 324 324 324 325 325 325 325 326 326 326 326 327 327 327 327 328 328 328 328 329 329 329 329 330 330 330 330 331 331 331 331 331 332 332 332 332 333 333 333 333 333 334 334 334 334 334 335 335 335 335 335 336 336 336 336 336 336 337 337 337 337 337
314 314 314 315 315 315 316 316 316 316 317 317 317 318 318 318 318 319 319 319 320 320 320 320 321 321 321 322 322 322 322 323 323 323 323 324 324 324 324 325 325 325 325 326 326 326 326 327 327 327 327 328 328 328 328 329 329 329 329 330 330 330 330 331 331 331 331 331 332 332 332 332 332 333 333 333 333 333 334 334 334 334 334 335 335 335 335 335 336 336 336 336 336 337 337 337
313 314 314 314 315 315 315 315 316 316 316 317 317 317 317 318 318 318 319 319 319 319 320 320 320 321 321 321 321 322 322 322 322 323 323 323 324 324 324 324 325 325 325 325 326 326 326 326 327 327 327 327 327 328 328 328 328 329 329 329 329 330 330 330 330 330 331 331 331 331 332 332 332 332 332 333 333 333 333 333 334 334 334 334 334 335 335 335 335 335 336 336 336 336 336 336
313 313 314 314 314 314 315 315 315 316 316 316 316 317 317 317 318 318 318 318 319 319 319 320 320 320 320 321 321 321 321 322 322 322 323 323 323 323 324 324 324 324 325 325 325 325 326 326 326 326 327 327 327 327 328 328 328 328 328 329 329 329 329 330 330 330 330 330 331 331 331 331 332 332 332 332 332 333 333 333 333 333 334 334 334 334 334 334 335 335 335 335 335 336 336 336
313 313 313 313 314 314 314 315 315 315 315 316 316 316 317 317 317 317 318 318 318 319 319 319 319 320 320 320 321 321 321 321 322 322 322 322 323 323 323 323 324 324 324 324 325 325 325 325 326 326 326 326 327 327 327 327 328 328 328 328 328 329 329 329 329 330 330 330 330 330 331 331 331 331 331 332 332 332 332 332 333 333 333 333 333 334 334 334 334 334 335 335 335 335 335 335
312 312 313 313 313 314 314 314 314 315 315 315 316 316 316 316 317 317 317 318 318 318 318 319 319 319 320 320 320 320 321 321 321 321 322 322 322 322 323 323 323 323 324 324 324 324 325 325 325 325 326 326 326 326 327 327 327 327 328 328 328 328 328 329 329 329 329 330 330 330 330 330 331 331 331 331 331 332 332 332 332 332 333 333 333 333 333 334 334 334 334 334 334 335 335 335
312 312 312 313 313 313 313 314 314 314 315 315 315 315 316 316 316 317 317 317 317 318 318 318 319 319 319 319 320 320 320 320 321 321 321 321 322 322 322 322 323 323 323 323 324 324 324 324 325 325 325 325 326 326 326 326 327 327 327 327 328 328 328 328 328 329 329 329 329 329 330 330 330 330 331 331 331 331 331 332 332 332 332 332 332 333 333 333 333 333 334 334 334 334 334 334
311 312 312 312 312 313 313 313 314 314 314 314 315 315 315 316 316 316 316 317 317 317 318 318 318 318 319 319 319 319 320 320 320 320 321 321 321 322 322 322 322 323 323 323 323 324 324 324 324 324 325 325 325 325 326 326 326 326 327 327 327 327 327 328 328 328 328 329 329 329 329 329 330 330 330 330 330 331 331 331 331 331 332 332 332 332 332 333 333 333 333 333 333 334 334 334
311 311 311 312 312 312 313 313 313 313 314 314 314 315 315 315 315 316 316 316 317 317 317 317 318 318 318 318 319 319 319 320 320 320 320 321 321 321 321 322 322 322 322 323 323 323 323 324 324 324 324 325 325 325 325 325 326 326 326 326 327 327 327 327 327 328 328 328 328 329 329 329 329 329 330 330 330 330 330 331 331 331 331 331 332 332 332 332 332 332 333 333 333 333 333 333
311 311 311 311 312 312 312 312 313 313 313 314 314 314 314 315 315 315 316 316 316 316 317 317 317 317 318 318 318 319 319 319 319 320 320 320 320 321 321 321 321 322 322 322 322 323 323 323 323 324 324 324 324 325 325 325 325 325 326 326 326 326 327 327 327 327 327 328 328 328 328 328 329 329 329 329 329 330 330 330 330 330 331 331 331 331 331 332 332 332 332 332 332 333 333 333
311 311 311 311 311 311 312 312 312 313 313 313 313 314 314 314 315 315 315 315 316 316 316 317 317 317 317 318 318 318 318 319 319 319 319 320 320 320 320 321 321 321 321 322 322 322 322 323 323 323 323 324 324 324 324 325 325 325 325 325 326 326 326 326 327 327 327 327 327 328 328 328 328 328 329 329 329 329 329 330 330 330 330 330 331 331 331 331 331 331 332 332 332 332 332 333
311 311 311 311 311 311 311 312 312 312 312 313 313 313 314 314 314 314 315 315 315 316 316 316 316 317 317 317 317 318 318 318 318 319 319 319 319 320 320 320 320 321 321 321 321 322 322 322 322 323 323 323 323 324 324 324 324 325 325 325 325 325 326 326 326 326 326 327 327 327 327 328 328 328 328 328 329 329 329 329 329 330 330 330 330 330 330 331 331 331 331 331 332 332 332 332
311 311 311 311 311 311 311 311 311 312 312 312 313 313 313 313 314 314 314 315 315 315 315 316 316 316 316 317 317 317 317 318 318 318 319 319 319 319 320 320 320 320 321 321 321 321 321 322 322 322 322 323 323 323 323 324 324 324 324 325 325 325 325 325 326 326 326 326 326 327 327 327 327 327 328 328 328 328 328 329 329 329 329 329 330 330 330 330 330 330 331 331 331 331 331 332
311 311 311 311 311 311 311 311 311 311 312 312 312 312 313 313 313 314 314 314 314 315 315 315 315 316 316 316 317 317 317 317 318 318 318 318 319 319 319 319 320 320 320 320 321 321 321 321 322 322 322 322 322 323 323 323 323 324 324 324 324 324 325 325 325 325 326 326 326 326 326 327 327 327 327 327 328 328 328 328 328 329 329 329 329 329 329 330 330 330 330 330 331 331 331 331
311 311 311 311 311 311 311 311 311 311 311 311 312 312 312 313 313 313 313 314 314 314 314 315 315 315 316 316 316 316 317 317 317 317 318 318 318 318 319 319 319 319 320 320 320 320 321 321 321 321 322 322 322 322 322 323 323 323 323 324 324 324 324 324 325 325 325 325 325 326 326 326 326 327 327 327 327 327 328 328 328 328 328 328 329 329 329 329 329 330 330 330 330 330 296 297
311 311 311 311 311 311 311 311 311 311 311 311 311 312 312 312 312 313 313 313 314 314 314 314 315 315 315 315 316 316 316 316 317 317 317 317 318 318 318 318 319 319 319 319 320 320 320 320 321 321 321 321 322 322 322 322 322 323 323 323 323 324 324 324 324 324 325 325 325 325 325 326 326 326 326 326 327 327 327 327 327 328 328 328 328 328 329 329 295 295 295 295 296 296 296 296
277 277 277 277 277 311 311 311 311 311 311 311 311 311 311 312 312 312 313 313 313 313 314 314 314 314 315 315 315 315 316 316 316 316 317 317 317 317 318 318 318 318 319 319 319 319 320 320 320 320 321 321 321 321 322 322 322 322 322 323 323 323 323 324 324 324 324 324 325 325 325 325 325 326 326 326 326 326 327 327 327 327 293 293 294 294 294 294 294 295 295 295 295 295 295 296
277 277 277 277 277 277 277 277 277 277 277 277 311 311 311 311 312 312 312 312 313 313 313 313 314 314 314 314 315 315 315 316 316 316 316 317 317 317 317 318 318 318 318 318 319 319 319 319 320 320 320 320 321 321 321 321 322 322 322 322 322 323 323 323 323 323 324 324 324 324 324 325 325 325 325 291 292 292 292 292 292 293 293 293 293 293 294 294 294 294 294 294 295 295 295 295
277 277 277 277 277 277 277 277 277 277 277 277 277 277 277 277 277 277 278 278 278 312 313 313 313 314 314 314 314 315 315 315 315 316 316 316 316 317 317 317 317 318 318 318 318 319 319 319 319 319 320 320 320 320 321 321 321 321 321 322 322 322 322 323 323 323 289 289 290 290 290 290 290 291 291 291 291 291 292 292 292 292 292 293 293 293 293 293 293 294 294 294 294 294 294 295
277 277 277 277 277 277 277 277 277 277 277 277 277 277 277 277 277 277 277 277 278 278 278 279 279 279 279 280 280 280 280 281 281 281 281 282 282 282 282 283 283 283 283 284 284 284 284 285 285 285 285 285 286 286 286 286 287 287 287 287 287 288 288 288 288 289 289 289 289 289 290 290 290 290 290 291 291 291 291 291 291 292 292 292 292 292 293 293 293 293 293 293 294 294 294 294
