testData/tiles/oneDegree/grid25.0-31.0-26.0-32.0.asc
ncols   200
nrows   200
xllcorner   25.0
yllcorner   31.0
cellsize   0.005
NODATA_value   -9999.0
[rows 126 to 167 of 200, columns 94 to 187 of 200]
640 640 641 642 642 643 643 643 644 645 645 645 646 646 647 680 681 681 681 682 683 683 683 684 684 684 685 686 686 686 686 687 688 688 688 688 689 689 689 690 691 691 691 691 691 692 692 693 693 693 694 694 694 694 694 695 696 696 696 696 696 696 697 520 520 520 520 520 520 521 521 521 521 522 522 522 523 523 523 523 523 523 523 523 525 525 525 525 525 525 501 501 501 501
641 642 642 643 644 644 644 645 646 646 646 647 647 647 682 682 682 682 683 683 684 684 685 685 685 685 687 687 687 687 688 688 689 689 690 690 690 690 690 692 692 692 692 692 693 693 693 694 694 695 695 695 695 695 696 697 697 697 697 697 698 698 520 521 521 521 521 522 522 522 522 522 522 523 524 524 524 524 524 524 524 524 525 525 526 526 526 526 526 526 502 502 503 503
643 643 643 645 645 645 646 646 647 648 648 648 648 682 683 683 684 684 684 684 686 686 686 686 687 687 688 688 689 689 689 689 690 691 691 691 691 692 692 693 693 693 694 694 694 694 694 696 696 696 696 696 696 697 697 698 698 698 698 699 699 521 521 522 522 523 523 523 523 523 523 523 524 525 525 525 525 525 525 525 525 526 526 526 527 527 527 527 527 527 504 504 504 504
644 645 645 646 647 647 647 647 649 649 649 683 683 683 684 685 685 685 685 686 687 687 687 688 688 688 689 690 690 690 690 691 692 692 692 692 693 693 693 694 694 695 695 695 695 695 696 697 697 697 697 698 698 698 698 699 699 700 700 700 522 522 522 523 524 524 524 524 524 524 524 525 525 526 526 526 526 526 526 527 527 527 527 527 528 528 528 528 529 529 529 505 505 505
646 646 646 648 648 648 648 649 650 650 684 684 684 684 686 686 686 686 687 687 688 688 689 689 689 689 691 691 691 691 692 692 693 693 693 694 694 694 694 695 696 696 696 696 696 697 697 698 698 698 699 699 699 699 699 700 701 701 701 523 523 523 524 525 525 525 525 525 525 525 526 526 526 527 527 527 527 528 528 528 528 528 528 528 529 529 529 530 530 530 530 506 506 506
647 647 648 649 649 650 650 650 651 685 685 685 685 686 687 687 688 688 688 688 690 690 690 690 690 691 692 692 692 693 693 693 694 694 695 695 695 695 696 697 697 697 697 697 698 698 698 699 699 700 700 700 700 700 700 702 702 524 524 524 524 525 525 526 526 526 526 526 527 527 527 527 527 528 528 528 529 529 529 529 529 529 529 529 530 531 531 531 531 531 531 507 507 507
648 649 649 650 651 651 651 684 686 686 686 686 687 687 688 689 689 689 689 690 691 691 691 691 692 692 693 693 694 694 694 694 695 696 696 696 696 697 697 698 698 698 698 699 699 699 699 700 701 701 701 701 701 701 702 703 525 525 525 525 526 526 526 527 527 527 527 528 528 528 528 528 528 529 529 530 530 530 530 530 530 530 530 530 532 532 532 532 532 532 532 508 508 508
650 650 650 652 652 652 685 686 687 687 687 688 688 688 690 690 690 690 691 691 692 692 692 693 693 693 694 695 695 695 695 695 697 697 697 697 698 698 698 699 699 699 700 700 700 700 700 702 702 702 702 702 702 703 703 526 526 526 526 527 527 527 527 528 528 528 529 529 529 529 529 529 529 530 531 531 531 531 531 531 531 531 531 532 533 533 533 533 533 533 533 509 509 510
651 651 652 653 653 686 687 687 688 688 689 689 689 690 691 691 691 691 692 692 693 693 694 694 694 694 696 696 696 696 696 697 698 698 698 698 699 699 699 700 700 701 701 701 701 701 702 703 703 703 703 703 704 704 526 527 527 527 528 528 528 528 528 529 529 530 530 530 530 530 530 530 530 532 532 532 532 532 532 532 532 532 533 533 534 534 534 534 534 534 534 510 511 511
652 653 653 654 687 688 688 688 689 690 690 690 690 691 692 692 692 693 693 693 694 695 695 695 695 696 697 697 697 697 698 698 699 699 699 700 700 700 700 701 702 702 702 702 702 703 703 704 704 704 704 705 705 527 527 528 528 528 529 529 529 529 529 529 530 531 531 531 531 531 531 531 532 533 533 533 533 533 533 533 533 534 534 534 535 535 535 535 535 535 535 511 512 512
653 654 687 688 689 689 689 689 691 691 691 691 692 692 693 693 694 694 694 694 696 696 696 696 696 697 698 698 698 699 699 699 699 700 701 701 701 701 701 702 703 703 703 703 703 704 704 705 705 705 705 528 528 528 528 529 529 530 530 530 530 530 530 530 532 532 532 532 532 532 532 532 533 534 534 534 534 534 534 534 535 535 535 535 536 536 536 536 536 536 536 513 513 513
655 688 688 690 690 690 690 691 692 692 692 693 693 693 694 695 695 695 695 696 697 697 697 697 698 698 699 699 699 700 700 700 700 702 702 702 702 702 702 703 704 704 704 704 705 705 705 706 706 706 529 529 529 529 529 530 530 531 531 531 531 531 531 532 533 533 533 533 533 533 533 534 534 534 535 535 535 535 535 535 536 536 536 536 536 537 537 537 537 537 538 514 514 514
689 689 689 691 691 691 691 692 693 693 693 694 694 694 695 696 696 696 696 697 698 698 698 699 699 699 700 700 701 701 701 701 701 703 703 703 703 703 704 704 705 705 705 705 706 706 706 707 707 529 530 530 530 530 530 531 532 532 532 532 532 532 532 533 534 534 534 534 534 534 534 535 535 535 536 536 536 536 536 536 537 537 537 537 537 538 538 538 538 538 539 539 515 515
690 690 691 692 692 692 693 693 693 694 695 695 695 695 697 697 697 697 698 698 699 699 699 700 700 700 701 701 702 702 702 702 703 704 704 704 704 704 705 705 706 706 706 707 707 707 707 708 530 531 531 531 531 531 531 532 533 533 533 533 533 533 533 534 535 535 535 535 535 535 535 536 536 536 537 537 537 537 537 538 538 538 538 538 538 539 539 539 539 539 540 540 516 516
691 691 692 693 693 694 694 694 694 696 696 696 696 696 698 698 698 698 699 699 700 700 701 701 701 701 701 703 703 703 703 703 704 705 705 705 705 706 706 706 707 707 707 708 708 708 530 530 531 532 532 532 532 532 532 533 534 534 534 534 534 534 534 535 536 536 536 536 536 536 537 537 537 537 538 538 538 538 538 539 539 539 539 539 539 540 540 540 540 540 541 541 517 517
692 693 693 694 694 695 695 695 695 697 697 697 697 698 698 699 699 700 700 700 701 701 702 702 702 702 702 704 704 704 704 704 705 706 706 706 706 707 707 707 708 708 708 709 709 531 531 531 532 533 533 533 533 533 533 534 535 535 535 535 535 535 536 536 536 537 537 537 537 537 538 538 538 538 539 539 539 539 539 540 540 540 540 540 540 540 541 541 541 541 542 542 518 518
693 694 694 694 695 696 696 696 696 698 698 698 698 699 699 700 700 701 701 701 701 702 703 703 703 703 703 705 705 705 705 705 706 707 707 707 707 708 708 708 709 709 709 710 532 532 532 532 533 534 534 534 534 534 534 535 536 536 536 536 536 536 536 537 537 538 538 538 538 538 538 539 539 539 539 540 540 540 540 540 541 541 541 541 541 541 542 542 542 542 543 543 519 519
695 695 695 695 697 697 697 697 698 699 699 699 700 700 700 701 701 702 702 702 702 704 704 704 704 704 705 706 706 706 706 707 707 707 708 708 708 709 709 709 709 710 710 533 533 533 533 533 534 535 535 535 535 535 535 536 537 537 537 537 537 537 537 538 538 539 539 539 539 539 539 540 540 540 540 541 541 541 541 541 542 542 542 542 542 542 543 543 543 543 543 544 520 520
696 696 696 696 698 698 698 698 699 700 700 700 701 701 701 702 702 703 703 703 703 705 705 705 705 705 706 707 707 707 707 708 708 708 709 709 709 710 710 710 710 533 533 534 534 534 534 534 535 536 536 536 536 536 536 536 537 538 538 538 538 538 538 539 539 540 540 540 540 540 540 541 541 541 541 542 542 542 542 542 543 543 543 543 543 543 543 544 544 544 544 544 521 521
697 697 697 697 699 699 699 699 700 700 701 701 702 702 702 703 703 704 704 704 704 706 706 706 706 706 707 708 708 708 708 709 709 709 710 710 710 711 711 711 533 534 534 535 535 535 535 535 535 537 537 537 537 537 537 537 538 539 539 539 539 539 539 540 540 540 541 541 541 541 541 542 542 542 542 542 543 543 543 543 543 544 544 544 544 544 544 545 545 545 545 545 522 522
698 698 698 698 700 700 700 700 701 701 702 702 703 703 703 704 704 705 705 705 705 707 707 707 707 707 708 708 709 709 709 710 710 710 711 711 711 712 712 534 534 535 535 536 536 536 536 536 536 538 538 538 538 538 538 538 539 540 540 540 540 540 540 540 541 541 542 542 542 542 542 542 543 543 543 543 544 544 544 544 544 544 545 545 545 545 545 545 546 546 546 546 522 523
699 699 699 700 700 701 701 701 702 702 703 703 704 704 704 704 705 706 706 706 706 707 708 708 708 708 709 709 710 710 710 710 711 711 711 712 712 535 535 535 535 535 536 537 537 537 537 537 537 538 539 539 539 539 539 539 539 541 541 541 541 541 541 541 542 542 543 543 543 543 543 543 543 544 544 544 545 545 545 545 545 545 545 546 546 546 546 546 547 547 547 547 523 523
700 700 700 701 701 702 702 702 703 703 704 704 705 705 705 705 706 707 707 707 707 708 709 709 709 709 710 710 711 711 711 711 712 712 712 713 535 536 536 536 536 536 537 537 538 538 538 538 538 538 540 540 540 540 540 540 540 541 542 542 542 542 542 542 542 543 543 544 544 544 544 544 544 544 545 545 545 546 546 546 546 546 546 546 547 547 547 547 547 548 548 548 524 524
701 701 701 702 702 703 703 703 704 704 705 705 706 706 706 706 707 708 708 708 708 708 710 710 710 710 710 711 711 712 712 712 713 713 713 536 536 536 537 537 537 537 538 538 539 539 539 539 539 539 540 541 541 541 541 541 541 541 543 543 543 543 543 543 543 543 544 545 545 545 545 545 545 545 545 546 546 547 547 547 547 547 547 547 547 548 548 548 548 549 549 549 525 525
702 702 702 703 703 704 704 704 705 705 705 706 707 707 707 707 708 709 709 709 709 709 710 711 711 711 711 712 712 713 713 713 714 536 536 536 537 537 538 538 538 538 538 539 540 540 540 540 540 540 541 542 542 542 542 542 542 542 543 544 544 544 544 544 544 544 544 545 546 546 546 546 546 546 546 546 547 547 548 548 548 548 548 548 548 548 549 549 549 549 550 550 550 526
703 703 703 703 704 704 705 705 706 706 706 707 708 708 708 708 708 710 710 710 710 710 711 712 712 712 712 713 713 714 714 714 536 537 537 537 538 538 538 539 539 539 539 540 540 541 541 541 541 541 541 542 543 543 543 543 543 543 543 545 545 545 545 545 545 545 545 545 547 547 547 547 547 547 547 547 547 548 549 549 549 549 549 549 549 549 549 549 550 550 551 551 551 527
704 704 704 704 705 705 706 706 707 707 707 708 708 709 709 709 709 710 711 711 711 711 711 713 713 713 713 713 714 715 715 537 537 538 538 538 539 539 539 540 540 540 540 541 541 541 542 542 542 542 542 543 543 544 544 544 544 544 544 545 546 546 546 546 546 546 546 546 546 548 548 548 548 548 548 548 548 548 549 550 550 550 550 550 550 550 550 550 550 550 551 552 552 528
704 705 705 705 706 706 707 707 708 708 708 708 709 710 710 710 710 711 712 712 712 712 712 714 714 714 714 714 715 537 538 538 538 538 539 539 539 540 540 540 541 541 541 541 542 542 542 543 543 543 543 543 544 544 545 545 545 545 545 545 546 547 547 547 547 547 547 547 547 548 549 549 549 549 549 549 549 549 549 549 551 551 551 551 551 551 551 551 551 551 551 551 553 529
705 706 706 706 707 707 708 708 708 709 709 709 710 710 711 711 711 711 713 713 713 713 713 713 715 715 715 715 537 538 539 539 539 539 539 540 540 541 541 541 541 542 542 542 543 543 543 543 544 544 544 544 545 545 545 546 546 546 546 546 547 547 547 548 548 548 548 548 548 548 549 550 550 550 550 550 550 550 550 550 551 551 552 552 552 552 552 552 552 552 552 552 553 529
706 707 707 707 707 708 708 709 709 710 710 710 711 711 712 712 712 712 713 714 714 714 714 714 716 716 716 538 538 538 539 540 540 540 540 540 541 542 542 542 542 542 543 543 543 544 544 544 544 545 545 545 546 546 546 546 547 547 547 547 547 548 548 548 549 549 549 549 549 549 550 550 550 551 551 551 551 551 551 551 551 552 552 552 553 553 553 553 553 553 553 553 553 530
706 707 708 708 708 709 709 710 710 710 711 711 711 712 712 713 713 713 714 714 715 715 715 715 715 539 539 539 539 539 540 541 541 541 541 541 542 542 543 543 543 543 543 544 544 545 545 545 545 545 546 546 546 547 547 547 547 548 548 548 548 549 549 549 549 550 550 550 550 550 550 551 551 551 551 552 552 552 552 552 552 553 553 553 553 553 554 554 554 554 554 554 554 530
707 708 709 709 709 709 710 711 711 711 712 712 712 713 713 714 714 714 714 715 716 716 716 716 538 539 540 540 540 540 540 542 542 542 542 542 542 543 544 544 544 544 544 544 545 545 546 546 546 546 546 547 547 548 548 548 548 548 549 549 549 549 550 550 550 550 550 551 551 551 551 552 552 552 552 552 552 553 553 553 553 553 554 554 554 554 554 554 555 555 555 555 555 531
708 708 710 710 710 710 711 711 712 712 712 713 713 714 714 714 715 715 715 716 716 717 539 539 539 540 540 541 541 541 541 541 543 543 543 543 543 543 544 545 545 545 545 545 545 546 547 547 547 547 547 547 548 548 549 549 549 549 549 549 550 550 550 551 551 551 551 551 551 552 552 552 553 553 553 553 553 553 553 554 554 554 554 555 555 555 555 555 555 555 555 556 556 532
709 709 710 711 711 711 711 712 713 713 713 713 714 714 715 715 715 716 716 716 717 539 540 540 540 540 541 542 542 542 542 542 543 544 544 544 544 544 544 545 546 546 546 546 546 546 547 548 548 548 548 548 548 548 549 550 550 550 550 550 550 550 551 552 552 552 552 552 552 552 552 553 553 554 554 554 554 554 554 554 554 555 555 555 556 556 556 556 556 556 556 556 556 532
710 710 710 712 712 712 712 712 713 714 714 714 715 715 716 716 716 717 717 539 540 540 540 541 541 541 542 542 543 543 543 543 543 544 545 545 545 545 545 545 546 547 547 547 547 547 547 548 549 549 549 549 549 549 549 551 551 551 551 551 551 551 551 552 553 553 553 553 553 553 553 553 553 555 555 555 555 555 555 555 555 555 555 555 557 557 557 557 557 557 557 557 557 533
711 711 711 711 713 713 713 713 714 715 715 715 715 716 716 717 717 717 540 540 540 541 541 541 542 542 542 543 543 543 544 544 544 545 545 545 546 546 546 546 547 547 548 548 548 548 548 548 549 550 550 550 550 550 550 550 551 552 552 552 552 552 552 552 553 554 554 554 554 554 554 554 554 554 555 556 556 556 556 556 556 556 556 556 556 557 558 558 558 558 558 558 558 534
712 712 712 712 714 714 714 714 714 716 716 716 716 716 717 718 540 540 540 541 541 542 542 542 542 543 543 544 544 544 544 545 545 545 546 546 546 547 547 547 547 548 548 548 549 549 549 549 550 550 550 551 551 551 551 551 552 552 552 553 553 553 553 553 553 554 554 555 555 555 555 555 555 555 555 556 556 557 557 557 557 557 557 557 557 557 558 558 558 558 559 559 559 535
712 713 713 713 714 715 715 715 715 715 717 717 717 717 717 540 541 541 541 541 542 543 543 543 543 543 544 544 545 545 545 545 546 546 547 547 547 547 548 548 548 549 549 549 549 550 550 550 550 551 551 551 552 552 552 552 552 553 553 553 553 554 554 554 554 554 555 555 555 555 556 556 556 556 556 556 557 557 557 557 558 558 558 558 558 558 558 559 559 559 559 559 559 536
713 714 714 714 714 715 716 716 716 716 717 718 718 540 540 540 542 542 542 542 542 542 544 544 544 544 544 545 546 546 546 546 546 547 547 548 548 548 548 548 549 549 550 550 550 550 550 551 551 552 552 552 552 552 553 553 553 553 554 554 554 554 554 555 555 555 555 556 556 556 556 556 557 557 557 557 557 558 558 558 558 558 558 559 559 559 559 559 560 560 560 560 560 536
714 714 715 715 715 716 716 717 717 717 717 718 541 541 541 541 542 543 543 543 543 543 544 545 545 545 545 545 545 547 547 547 547 547 547 549 549 549 549 549 549 550 550 551 551 551 551 551 552 552 553 553 553 553 553 553 554 554 555 555 555 555 555 555 555 556 556 557 557 557 557 557 557 557 557 558 558 559 559 559 559 559 559 559 559 559 560 560 560 561 561 561 561 537
715 715 715 716 716 716 717 717 718 718 540 541 541 542 542 542 542 543 544 544 544 544 544 545 546 546 546 546 546 547 548 548 548 548 548 548 550 550 550 550 550 550 550 552 552 552 552 552 552 552 553 554 554 554 554 554 554 554 555 556 556 556 556 556 556 556 556 557 558 558 558 558 558 558 558 558 558 558 560 560 560 560 560 560 560 560 560 560 560 560 562 562 562 538
715 716 716 716 717 717 718 718 718 541 541 541 542 542 543 543 543 544 544 544 545 545 545 545 546 547 547 547 547 547 548 549 549 549 549 549 549 550 551 551 551 551 551 551 552 553 553 553 553 553 553 554 555 555 555 555 555 555 555 555 556 557 557 557 557 557 557 557 557 558 559 559 559 559 559 559 559 559 559 560 560 561 561 561 561 561 561 561 561 561 561 562 562 538
