testData/tiles/oneDegree/grid15.0-23.0-16.0-24.0.asc
ncols   200
nrows   200
xllcorner   15.0
yllcorner   23.0
cellsize   0.005
NODATA_value   -9999.0
[rows 0 to 41 of 200, columns 94 to 187 of 200]
590 590 591 591 591 591 591 592 592 592 593 593 593 593 594 594 594 594 595 595 595 595 596 596 596 596 596 597 597 597 598 598 598 598 598 598 599 599 600 600 600 600 600 600 600 600 460 460 461 461 461 461 461 461 462 462 462 462 462 462 462 462 462 464 464 464 464 464 464 464 464 464 465 465 466 467 468 469 470 471 472 474 475 476 477 478 479 629 631 632 633 634 635 636
590 590 590 590 591 591 591 592 592 592 592 593 593 593 593 594 594 594 594 595 595 595 595 596 596 596 596 596 597 597 597 598 598 598 598 598 598 598 599 600 600 600 459 459 459 459 459 460 460 460 461 461 461 461 461 462 462 462 462 462 462 462 462 463 463 463 464 464 464 464 464 464 465 465 467 468 469 470 471 472 473 474 476 477 478 479 480 630 631 632 633 633 634 636
590 590 590 590 590 591 591 592 592 592 592 592 593 593 593 594 594 594 594 594 594 595 595 596 596 596 596 596 596 596 597 598 598 598 598 598 598 457 457 458 459 459 459 459 459 459 459 460 460 460 460 460 460 461 461 462 462 462 462 462 462 462 462 462 463 463 463 463 463 464 464 464 464 466 467 468 469 470 472 473 474 475 476 478 479 480 481 631 632 633 633 634 635 636
590 590 590 590 590 590 591 592 592 592 592 592 592 592 593 594 594 594 594 594 594 594 595 596 596 596 596 596 596 596 596 597 598 457 457 457 457 457 457 458 458 458 459 459 459 459 459 460 460 460 460 460 460 460 460 461 462 462 462 462 462 462 462 462 462 463 463 463 463 463 463 463 464 466 468 469 470 471 472 473 474 475 476 477 480 481 482 631 632 633 634 635 636 637
590 590 590 590 590 590 590 590 592 592 592 592 592 592 592 594 594 594 594 594 594 594 594 595 596 596 596 596 455 455 455 455 456 457 457 457 457 457 457 457 458 458 458 458 459 459 459 459 460 460 460 460 460 460 460 460 461 461 462 462 462 462 462 462 462 463 463 463 463 463 463 464 465 466 468 469 470 471 473 474 475 476 477 478 479 481 482 632 633 634 635 636 637 638
589 589 590 590 590 590 590 590 591 592 592 592 592 592 592 592 593 594 594 594 594 594 453 453 454 455 455 455 455 455 455 455 456 456 456 457 457 457 457 457 458 458 458 458 458 458 458 459 460 460 460 460 460 460 460 460 460 461 461 461 461 462 462 462 462 462 463 463 463 463 463 464 465 466 468 470 471 472 473 474 475 476 477 479 480 481 483 633 634 635 636 637 638 639
589 589 589 590 590 590 590 590 591 591 592 592 592 592 592 592 452 452 453 453 453 453 453 453 454 454 454 455 455 455 455 455 456 456 456 456 456 457 457 457 458 458 458 458 458 458 458 458 458 460 460 460 460 460 460 460 460 461 461 461 461 461 461 461 462 462 463 463 463 463 464 465 466 467 468 469 472 473 474 475 476 477 478 479 480 481 482 633 634 635 637 638 639 640
589 589 589 589 590 590 590 590 591 450 450 450 451 451 451 451 452 452 452 452 453 453 453 453 454 454 454 454 454 455 455 455 455 456 456 456 456 456 456 457 457 458 458 458 458 458 458 458 458 459 459 460 460 460 460 460 460 460 461 461 461 461 461 461 461 461 461 463 463 463 465 466 467 468 469 470 471 473 474 476 477 478 479 480 481 482 483 633 635 636 637 638 639 640
588 448 448 448 448 448 449 449 449 450 450 450 450 451 451 451 451 452 452 452 452 452 453 453 453 454 454 454 454 454 454 455 455 456 456 456 456 456 456 456 456 458 458 458 458 458 458 458 458 458 459 459 459 459 460 460 460 460 460 461 461 461 461 461 461 461 461 461 462 463 464 466 468 469 470 471 472 473 475 476 477 478 480 481 482 483 484 634 635 636 638 639 640 641
447 448 448 448 448 448 448 449 449 450 450 450 450 450 450 451 451 452 452 452 452 452 452 453 453 454 454 454 454 454 454 454 454 456 456 456 456 456 456 456 456 456 457 458 458 458 458 458 458 458 459 459 459 459 459 459 459 460 460 461 461 461 461 461 461 461 461 461 462 464 465 466 467 468 469 472 473 474 475 477 478 479 480 481 482 484 485 635 636 637 638 640 641 642
446 448 448 448 448 448 448 448 448 450 450 450 450 450 450 450 451 452 452 452 452 452 452 452 452 453 454 454 454 454 454 454 454 454 456 456 456 456 456 456 456 456 457 457 457 457 458 458 458 458 458 459 459 459 459 459 459 459 459 459 461 461 461 461 461 461 461 461 462 464 466 467 468 469 470 471 472 474 475 476 479 480 481 482 483 484 485 635 636 638 639 640 641 643
446 446 447 448 448 448 448 448 448 448 450 450 450 450 450 450 450 450 452 452 452 452 452 452 452 452 453 454 454 454 454 454 454 454 455 455 456 456 456 456 456 456 456 457 457 457 457 457 458 458 458 458 459 459 459 459 459 459 459 459 459 460 460 461 461 461 461 462 463 464 466 467 469 470 471 472 473 474 475 476 478 480 481 482 483 484 485 636 637 638 639 640 641 642
446 446 447 447 448 448 448 448 448 448 449 450 450 450 450 450 450 450 451 451 452 452 452 452 452 452 453 453 454 454 454 454 454 454 454 455 455 455 455 456 456 456 456 457 457 457 457 457 457 457 457 458 459 459 459 459 459 459 459 459 459 460 460 460 460 460 461 462 464 465 466 468 469 470 471 473 474 475 476 477 478 479 482 483 484 485 486 636 637 638 639 640 641 642
446 446 447 447 447 447 448 448 448 448 449 449 449 450 450 450 450 450 450 451 451 452 452 452 452 452 452 453 453 453 454 454 454 454 454 455 455 455 455 455 455 456 456 456 457 457 457 457 457 457 457 457 457 459 459 459 459 459 459 459 459 459 460 460 460 460 461 462 463 464 466 468 470 471 472 473 474 476 477 478 479 480 481 482 484 486 487 637 638 639 640 641 642 643
446 446 446 447 447 447 447 448 448 448 448 449 449 449 449 450 450 450 450 451 451 451 451 452 452 452 452 453 453 453 453 453 454 454 454 454 455 455 455 455 455 455 455 456 457 457 457 457 457 457 457 457 457 458 458 458 459 459 459 459 459 459 459 460 460 460 461 463 464 465 466 467 468 471 473 474 475 476 477 479 480 481 482 483 484 486 487 638 639 640 641 642 643 644
445 446 446 447 447 447 447 447 448 448 448 449 449 449 449 449 450 450 450 451 451 451 451 451 451 452 452 452 453 453 453 453 453 453 454 454 455 455 455 455 455 455 455 455 455 457 457 457 457 457 457 457 457 457 458 458 458 458 458 459 459 459 459 459 460 461 462 463 464 465 467 468 469 470 472 474 475 476 477 479 480 482 483 484 485 486 487 638 639 640 642 643 644 645
445 445 445 447 447 447 447 447 447 447 448 448 449 449 449 449 449 449 450 450 451 451 451 451 451 451 452 452 453 453 453 453 453 453 453 453 454 455 455 455 455 455 455 455 455 455 456 456 457 457 457 457 457 457 457 458 458 458 458 458 458 458 459 459 459 461 462 464 465 466 467 468 470 471 472 474 475 477 478 479 480 481 482 483 485 486 488 638 640 641 642 643 644 646
445 445 445 445 447 447 447 447 447 447 447 448 449 449 449 449 449 449 449 450 451 451 451 451 451 451 451 451 452 453 453 453 453 453 453 453 453 454 455 455 455 455 455 455 455 455 456 456 456 456 457 457 457 457 457 457 458 458 458 458 458 458 458 458 459 461 463 464 465 467 468 469 470 471 473 474 476 477 478 479 481 482 483 484 485 486 488 638 639 640 642 643 644 645
445 445 445 445 446 446 447 447 447 447 447 447 448 449 449 449 449 449 449 449 449 451 451 451 451 451 451 451 451 452 453 453 453 453 453 453 453 453 454 454 454 455 455 455 455 455 455 456 456 456 456 456 456 457 457 457 458 458 458 458 458 458 458 458 459 460 463 464 465 466 468 470 471 472 473 474 476 477 479 480 481 482 484 485 486 487 488 638 639 641 642 643 645 646
445 445 445 445 445 446 446 447 447 447 447 447 447 448 448 449 449 449 449 449 449 450 450 451 451 451 451 451 451 451 452 452 453 453 453 453 453 453 453 454 454 454 454 455 455 455 455 455 456 456 456 456 456 456 456 456 457 458 458 458 458 458 458 458 460 461 462 464 465 467 468 469 470 472 474 475 476 477 479 481 482 483 484 485 487 488 489 639 640 641 642 644 645 646
444 444 445 445 445 446 446 446 446 447 447 447 447 448 448 448 449 449 449 449 449 449 450 450 450 451 451 451 451 451 452 452 452 452 453 453 453 453 453 454 454 454 454 454 454 455 455 455 456 456 456 456 456 456 456 456 456 456 457 458 458 458 458 459 460 461 463 464 466 467 468 470 471 472 473 474 476 477 478 480 482 484 485 486 487 488 490 491 641 642 643 644 645 646
444 444 444 445 445 446 446 446 446 446 447 447 447 447 448 448 448 448 449 449 449 449 450 450 450 450 450 451 451 451 451 452 452 452 452 452 452 453 453 453 454 454 454 454 454 454 454 454 455 456 456 456 456 456 456 456 456 456 456 457 457 457 457 459 461 462 463 464 465 468 469 470 471 473 474 475 476 477 479 480 481 482 484 486 487 488 490 491 641 643 644 645 646 647
444 444 444 444 444 445 446 446 446 446 446 446 447 447 448 448 448 448 448 448 449 449 449 450 450 450 450 450 450 451 451 452 452 452 452 452 452 452 452 453 454 454 454 454 454 454 454 454 454 454 455 456 456 456 456 456 456 456 456 456 457 457 457 459 460 461 463 465 466 467 468 471 472 473 474 476 477 478 479 480 482 483 484 485 487 489 490 491 641 642 643 645 646 647
444 444 444 444 444 444 446 446 446 446 446 446 446 446 447 448 448 448 448 448 448 448 449 450 450 450 450 450 450 450 450 451 452 452 452 452 452 452 452 452 452 454 454 454 454 454 454 454 454 454 454 455 455 455 456 456 456 456 456 456 456 457 458 459 460 462 463 464 465 467 469 470 472 474 475 476 477 479 480 481 482 483 485 486 487 489 490 492 642 643 644 645 646 648
443 444 444 444 444 444 444 445 446 446 446 446 446 446 446 448 448 448 448 448 448 448 448 448 450 450 450 450 450 450 450 450 450 452 452 452 452 452 452 452 452 452 453 453 454 454 454 454 454 454 454 455 455 455 455 455 455 456 456 456 456 456 458 460 461 462 463 465 466 467 468 470 471 473 474 477 478 479 480 481 483 484 485 486 488 489 490 492 642 643 645 646 647 648
443 443 444 444 444 444 444 445 445 446 446 446 446 446 446 446 447 448 448 448 448 448 448 448 449 450 450 450 450 450 450 450 450 451 451 452 452 452 452 452 452 452 452 453 453 453 454 454 454 454 454 454 455 455 455 455 455 455 455 455 456 456 458 460 461 462 464 465 466 468 469 470 471 473 475 476 477 478 480 481 482 484 486 487 488 489 490 492 642 644 645 646 648 649
443 443 443 443 444 444 444 444 445 445 445 446 446 446 446 446 447 447 447 448 448 448 448 448 448 449 449 450 450 450 450 450 450 450 451 451 451 452 452 452 452 452 452 453 453 453 453 453 453 454 454 454 454 455 455 455 455 455 455 455 455 456 457 458 462 463 464 465 467 468 469 470 472 473 474 475 478 479 480 481 483 484 485 486 488 489 490 491 641 644 645 646 648 649
443 443 443 443 443 444 444 444 445 445 445 445 445 446 446 446 446 447 447 447 447 448 448 448 448 448 449 449 449 449 450 450 450 450 450 451 451 451 451 451 452 452 452 452 453 453 453 453 453 453 453 453 454 454 455 455 455 455 455 455 455 456 457 459 460 462 464 465 467 468 470 471 472 473 475 476 477 479 481 482 483 484 486 487 488 489 491 492 642 643 644 646 647 648
443 443 443 443 443 443 443 444 444 445 445 445 445 445 446 446 446 447 447 447 447 447 447 448 448 448 449 449 449 449 449 449 450 450 450 451 451 451 451 451 451 451 452 452 452 453 453 453 453 453 453 453 453 453 453 455 455 455 455 455 455 457 458 459 460 462 464 465 466 468 469 470 473 474 475 476 478 479 480 482 484 485 486 487 489 490 491 492 642 644 645 646 647 649
441 443 443 443 443 443 443 443 444 445 445 445 445 445 445 445 446 446 447 447 447 447 447 447 447 448 448 449 449 449 449 449 449 449 450 450 451 451 451 451 451 451 451 451 451 452 453 453 453 453 453 453 453 453 453 453 454 454 455 455 456 457 458 459 461 462 463 466 467 468 469 471 472 473 474 476 477 478 480 482 484 485 487 488 489 490 491 493 643 644 645 647 648 649
441 442 442 443 443 443 443 443 443 443 445 445 445 445 445 445 445 445 446 447 447 447 447 447 447 447 447 449 449 449 449 449 449 449 449 449 450 451 451 451 451 451 451 451 451 451 452 452 453 453 453 453 453 453 453 453 453 454 454 454 455 456 458 460 461 462 464 465 467 468 470 471 472 474 475 476 477 479 480 481 482 484 486 487 489 491 492 493 494 645 646 647 648 650
441 441 442 442 442 443 443 443 443 443 444 444 445 445 445 445 445 445 445 446 447 447 447 447 447 447 447 447 448 449 449 449 449 449 449 449 449 450 450 451 451 451 451 451 451 451 451 452 452 452 453 453 453 453 453 453 453 453 454 454 455 456 458 459 460 462 464 465 466 468 470 471 473 474 475 476 478 479 480 482 483 484 485 487 489 490 491 493 494 644 645 647 648 649
441 441 442 442 442 442 443 443 443 443 443 444 444 444 445 445 445 445 445 445 446 446 447 447 447 447 447 447 447 448 448 449 449 449 449 449 449 449 450 450 450 451 451 451 451 451 451 451 452 452 452 452 452 452 453 453 453 453 453 454 455 457 458 459 461 462 463 464 466 467 469 472 473 474 476 477 478 479 481 482 483 484 486 487 488 490 492 493 494 645 646 647 648 650
440 441 441 442 442 442 442 442 443 443 443 444 444 444 444 444 445 445 445 445 446 446 446 446 447 447 447 447 447 448 448 448 448 449 449 449 449 449 449 450 450 450 450 450 451 451 451 451 451 452 452 452 452 452 452 452 452 453 453 453 456 457 458 460 461 462 463 465 466 467 469 470 472 474 475 477 478 480 481 482 484 485 486 487 489 490 491 492 494 645 646 647 649 650
440 440 440 442 442 442 442 442 442 442 443 443 444 444 444 444 444 445 445 445 445 446 446 446 446 446 447 447 447 447 448 448 448 448 448 449 449 449 449 449 450 450 450 450 450 450 450 451 451 451 452 452 452 452 452 452 452 452 452 453 455 457 459 460 461 462 464 465 466 468 469 470 472 473 475 476 478 479 480 482 483 485 486 488 489 490 492 493 494 644 646 647 649 650
440 440 440 440 442 442 442 442 442 442 442 443 443 444 444 444 444 444 444 445 445 445 446 446 446 446 446 446 447 447 447 448 448 448 448 448 448 448 449 449 449 450 450 450 450 450 450 450 450 451 451 452 452 452 452 452 452 452 452 453 454 455 458 459 461 463 464 465 467 468 469 470 472 473 474 476 478 479 481 482 483 484 486 487 488 490 491 492 493 644 646 647 649 650
440 440 440 440 441 441 442 442 442 442 442 442 442 444 444 444 444 444 444 444 444 445 446 446 446 446 446 446 446 446 447 447 448 448 448 448 448 448 448 448 449 449 450 450 450 450 450 450 450 450 450 450 451 452 452 452 452 452 452 453 454 456 457 458 461 462 463 465 466 468 469 471 472 473 475 476 477 480 481 482 483 485 486 487 489 490 491 492 494 644 645 647 648 649
439 440 440 440 440 441 441 441 442 442 442 442 442 442 443 444 444 444 444 444 444 444 444 446 446 446 446 446 446 446 446 446 447 448 448 448 448 448 448 448 448 448 449 450 450 450 450 450 450 450 450 450 450 451 451 451 452 452 452 453 455 456 457 459 460 462 463 465 466 467 469 470 471 473 475 476 477 479 480 482 484 485 486 488 489 490 491 493 494 644 646 647 648 649
439 439 440 440 440 440 441 441 441 442 442 442 442 442 443 443 443 444 444 444 444 444 444 444 445 446 446 446 446 446 446 446 446 447 447 448 448 448 448 448 448 448 448 449 449 449 450 450 450 450 450 450 450 450 451 451 451 451 451 452 455 456 457 459 460 461 464 465 466 468 469 470 471 473 474 475 477 478 479 481 483 485 487 488 489 490 492 493 494 496 646 647 649 650
439 439 439 439 440 440 441 441 441 441 441 442 442 442 442 443 443 443 443 444 444 444 444 444 445 445 445 445 446 446 446 446 446 446 447 447 447 448 448 448 448 448 448 448 449 449 449 449 449 450 450 450 450 450 450 451 451 451 451 453 454 455 457 459 460 461 463 464 466 468 469 470 472 473 474 476 477 478 480 481 482 483 485 487 488 490 491 492 495 496 646 647 649 650
439 439 439 439 439 439 440 441 441 441 441 441 441 442 442 442 443 443 443 443 443 444 444 444 444 445 445 445 445 445 446 446 446 446 446 447 447 447 447 447 448 448 448 448 448 449 449 449 449 449 449 449 450 450 450 450 451 451 451 453 454 455 457 458 459 461 462 463 466 468 469 471 472 473 474 476 477 478 480 481 482 484 485 486 488 489 491 493 494 495 645 647 648 649
438 439 439 439 439 439 439 440 441 441 441 441 441 441 441 442 443 443 443 443 443 443 443 444 444 444 445 445 445 445 445 445 446 446 446 446 447 447 447 447 447 447 447 448 448 448 449 449 449 449 449 449 449 449 449 449 450 450 452 453 454 456 457 458 459 461 462 463 465 466 467 470 471 473 475 476 477 479 480 481 483 484 485 486 488 489 490 492 493 495 646 647 648 650
