testData/tiles/oneDegree/grid21.0-30.0-22.0-31.0.asc
ncols   200
nrows   200
xllcorner   21.0
yllcorner   30.0
cellsize   0.005
NODATA_value   -9999.0
[rows 42 to 83 of 200, columns 94 to 187 of 200]
736 737 738 738 739 740 741 742 743 743 742 745 748 751 754 755 758 761 764 765 768 771 773 775 778 779 781 783 786 787 790 792 793 796 797 799 801 802 804 806 806 808 811 812 814 815 818 818 820 822 823 825 826 829 830 831 832 834 835 836 837 839 840 841 842 844 845 847 848 850 850 851 877 878 879 879 774 774 775 777 778 780 779 780 781 782 784 785 786 786 787 789 789 790
736 737 738 738 739 740 741 742 743 744 743 746 748 750 753 755 758 761 763 766 768 771 773 775 777 780 781 783 785 788 789 792 793 796 798 798 801 803 803 806 807 809 811 812 814 815 817 819 820 822 823 825 826 828 829 832 832 834 835 836 837 839 840 842 842 844 845 847 848 850 851 851 852 877 879 773 774 775 775 777 778 779 780 781 781 782 784 784 786 787 787 789 789 790
736 737 738 739 739 740 741 742 743 744 745 745 748 751 753 756 757 760 763 766 767 770 773 774 777 780 782 784 785 788 789 791 793 795 798 799 800 803 804 806 807 809 811 812 815 816 817 818 820 822 823 825 826 828 829 831 832 833 834 836 837 839 840 842 843 844 845 846 847 849 850 851 852 770 772 773 775 775 777 776 777 779 780 782 782 781 783 784 786 787 786 788 789 790
736 737 738 739 739 740 741 742 743 744 745 745 747 750 753 756 757 760 762 765 767 770 772 774 776 779 781 783 786 788 788 791 793 795 797 798 801 802 804 806 807 808 811 812 814 815 818 819 821 822 822 824 825 828 829 831 832 834 834 836 837 838 839 841 842 844 844 846 847 849 850 851 746 770 772 773 774 775 777 776 777 779 780 781 781 781 783 784 786 786 787 788 789 789
736 737 738 739 739 740 741 742 743 744 745 745 748 749 752 755 757 760 762 764 766 769 771 773 776 778 781 782 785 787 789 790 793 794 796 798 800 803 803 805 806 809 810 811 813 815 817 819 820 822 824 825 825 827 828 830 831 833 834 835 837 839 839 841 842 844 845 846 847 848 849 744 745 770 771 772 774 775 777 778 776 778 779 781 782 782 782 783 785 786 787 788 788 789
737 738 738 739 739 740 741 742 743 744 745 745 746 748 751 754 756 759 762 764 765 768 770 772 775 777 780 781 784 786 788 790 793 793 796 797 799 802 802 804 807 808 810 811 813 814 816 818 820 822 823 825 825 827 827 830 831 833 834 836 836 838 838 840 841 843 844 846 846 741 742 744 745 770 771 771 773 774 776 777 778 778 778 780 781 782 783 783 784 785 786 788 789 788
737 738 739 740 740 740 741 742 743 744 745 745 746 748 750 753 755 758 761 763 765 768 769 772 774 776 779 780 783 785 787 789 792 793 795 796 798 801 802 803 806 807 809 811 812 813 815 818 819 821 822 824 825 826 828 830 830 832 833 835 836 837 838 839 840 842 843 845 739 740 741 743 744 769 771 771 773 773 775 776 777 779 779 780 780 781 782 783 784 785 785 787 788 789
737 738 739 740 741 741 742 742 743 744 745 745 746 747 750 752 753 756 759 762 764 766 769 771 772 775 778 779 782 784 786 788 791 792 795 795 797 800 801 803 805 806 808 810 812 812 814 817 818 820 821 823 824 826 827 829 830 832 832 834 835 837 837 839 839 841 842 737 738 739 740 742 743 744 770 771 772 773 774 775 776 778 778 780 780 780 782 782 783 784 785 786 787 789
737 738 739 740 741 741 742 743 744 744 745 745 746 747 748 751 752 755 758 760 762 765 768 770 772 774 776 778 780 783 784 787 789 791 793 796 797 798 800 802 804 805 807 808 811 812 814 815 817 819 820 822 823 825 827 828 829 831 832 834 834 836 837 838 838 733 734 736 737 739 739 741 742 743 769 770 772 772 773 774 775 777 778 779 780 780 781 781 783 783 784 785 786 788
737 738 739 740 741 741 742 743 744 745 746 745 746 747 748 749 751 753 756 759 760 763 766 769 770 773 775 776 779 781 783 785 788 789 792 794 796 798 798 801 803 803 806 807 809 811 813 815 815 817 819 821 822 824 825 827 828 830 831 833 834 836 836 838 731 732 733 735 736 738 739 740 741 742 768 769 771 772 772 773 774 776 777 779 779 779 780 781 782 783 783 784 785 787
737 738 739 740 741 741 742 743 744 745 746 747 747 747 748 749 749 752 754 757 759 761 764 767 769 771 774 776 777 780 781 784 786 788 790 793 794 796 798 799 802 803 804 806 808 809 811 814 815 816 817 819 821 823 824 826 827 828 829 831 833 835 836 731 731 732 732 734 735 737 738 740 740 741 767 767 769 770 771 772 773 775 776 778 778 778 780 780 782 782 781 783 784 786
737 738 739 740 741 741 742 743 744 745 746 747 747 748 749 749 749 750 752 755 756 759 762 765 767 769 772 774 776 778 779 782 784 786 788 791 792 795 796 799 800 801 804 804 806 807 810 812 813 815 816 818 819 821 822 825 826 828 828 830 831 726 727 729 730 731 730 732 733 735 736 738 739 739 765 766 768 769 771 771 772 774 774 776 777 778 779 780 781 780 781 782 783 785
737 738 739 740 741 741 742 743 744 745 746 747 747 748 749 750 750 750 751 752 754 757 760 763 764 767 770 771 774 777 778 780 782 784 786 789 790 793 794 797 799 799 802 803 804 807 808 810 812 814 815 816 817 820 821 823 824 826 827 828 722 725 726 728 729 731 732 731 732 734 735 737 738 740 740 765 767 767 769 770 770 772 773 775 776 778 777 778 780 780 780 782 781 783
737 738 739 740 741 742 742 743 744 745 746 747 747 748 749 750 750 751 752 752 752 754 757 760 762 765 767 769 772 774 776 779 780 782 784 787 788 791 792 795 797 798 801 801 802 805 806 808 810 812 813 815 816 818 819 821 822 824 825 721 721 723 724 726 727 729 730 731 730 732 733 735 736 738 738 763 765 766 768 769 770 771 771 773 774 776 777 777 779 779 779 780 780 782
738 739 739 740 741 742 742 743 744 745 746 747 747 748 749 750 750 751 752 753 752 752 755 757 759 762 765 767 769 772 774 776 779 779 782 784 786 788 790 792 795 796 799 800 801 803 804 806 808 810 811 813 815 816 817 819 820 715 717 719 720 721 722 724 725 727 728 730 729 731 731 733 734 736 737 761 763 764 766 767 769 769 770 772 773 774 775 775 777 778 779 778 779 780
738 739 740 741 742 742 742 743 744 745 746 747 747 748 749 750 751 751 752 753 753 754 753 754 756 759 762 764 767 769 771 774 776 778 779 782 783 786 787 790 792 794 796 798 800 801 802 804 805 808 809 811 812 815 815 817 711 713 714 717 718 720 720 722 723 725 726 728 729 729 730 731 732 734 735 760 761 762 764 765 767 768 768 770 771 773 773 774 775 776 777 779 778 779
738 739 740 741 742 743 743 743 744 745 747 748 748 749 750 751 752 752 753 754 754 755 755 755 755 757 760 762 765 766 768 771 773 775 778 780 781 783 785 787 790 791 794 795 797 800 799 802 803 805 806 809 810 812 706 708 709 711 712 714 716 718 719 720 721 723 724 726 727 729 728 730 730 732 733 758 760 760 762 763 765 766 767 768 769 771 772 772 774 774 775 777 777 777
738 739 740 741 742 744 744 745 746 746 747 748 748 749 750 751 752 752 753 754 754 755 756 756 756 756 757 758 761 764 766 769 771 773 775 777 779 780 782 784 787 788 791 792 795 797 799 799 800 803 804 806 807 703 704 706 706 709 710 712 713 715 716 718 719 721 722 724 725 727 727 728 729 731 731 732 758 758 760 761 763 764 765 767 767 769 769 770 772 772 773 775 776 776
738 740 741 742 743 744 744 745 746 747 748 748 748 749 750 751 752 752 753 754 755 755 756 757 756 757 757 757 758 761 762 765 768 770 772 775 777 779 779 781 784 785 788 789 792 794 796 798 797 800 801 696 698 700 701 704 704 706 707 709 711 713 714 716 716 718 719 722 723 725 726 726 727 729 730 730 756 757 758 759 761 762 763 765 764 766 767 768 770 771 771 773 773 775
622 740 741 742 743 744 744 745 746 747 748 749 749 749 750 751 752 752 753 754 755 755 756 757 757 757 758 758 758 759 759 761 764 766 769 771 773 776 777 779 782 783 785 786 789 791 793 795 795 797 691 694 695 697 698 701 702 703 704 707 708 710 711 713 715 716 717 719 720 722 723 725 724 726 727 728 753 754 756 756 758 759 760 762 763 764 765 766 768 769 769 770 771 773
623 623 624 742 743 744 744 745 746 747 748 749 749 750 751 751 752 752 753 754 755 755 756 757 757 757 758 758 759 759 759 760 761 762 765 768 769 772 774 776 778 780 782 784 785 788 789 792 686 688 688 690 692 694 695 698 699 701 701 704 705 707 708 711 712 714 714 716 717 719 720 723 723 724 725 726 752 752 754 754 756 757 758 760 761 762 762 763 765 766 767 768 769 771
623 624 624 625 626 744 744 745 746 747 748 749 749 750 751 752 753 752 753 754 755 755 756 757 757 758 758 758 759 760 759 760 761 761 762 764 765 768 770 773 775 776 779 780 783 785 787 681 683 685 686 687 688 691 692 694 696 698 699 701 702 704 705 707 709 711 712 713 714 716 718 720 721 722 722 723 749 750 751 752 753 754 755 757 758 760 760 761 763 764 764 766 766 768
623 624 625 625 626 627 627 745 746 747 748 749 749 750 751 752 753 753 753 754 755 755 756 757 757 758 759 758 759 760 760 761 761 761 762 763 763 764 766 768 771 773 775 776 779 781 676 678 680 681 683 684 685 687 689 691 692 695 696 698 698 701 702 704 705 708 709 710 711 713 714 717 718 719 719 720 722 747 749 749 751 751 752 754 755 757 758 758 760 761 762 764 764 765
624 624 625 625 626 627 627 628 629 747 748 749 749 750 751 752 753 753 754 755 755 755 756 757 757 758 759 759 759 760 760 761 762 761 762 763 763 764 764 765 767 768 771 772 668 670 672 674 676 678 680 680 682 683 685 687 689 691 692 695 696 697 698 701 702 704 705 708 708 710 711 713 714 716 717 717 719 744 746 747 748 748 749 751 752 754 755 755 757 758 759 761 762 762
624 625 626 627 626 627 627 628 629 630 631 632 749 750 751 752 753 753 754 755 756 755 756 757 757 758 759 759 759 760 760 761 762 762 762 763 763 764 764 765 766 766 660 661 663 666 667 670 672 674 676 678 679 680 681 683 685 687 688 691 692 694 695 697 698 701 702 704 705 706 708 710 711 713 714 714 715 740 743 744 746 746 746 748 749 751 752 753 754 755 756 758 758 760
624 625 626 627 628 628 627 628 629 630 631 632 632 633 751 752 753 753 754 755 756 756 757 757 757 758 759 759 760 760 760 761 762 762 763 763 763 764 764 765 766 659 660 660 661 661 663 665 667 670 671 674 675 677 677 679 680 683 684 687 688 690 691 693 694 697 698 700 701 704 704 706 707 709 711 711 712 737 739 740 742 743 743 744 745 747 748 749 751 751 752 754 755 757
624 625 626 627 628 629 628 629 629 630 631 632 632 633 634 635 636 753 754 755 756 756 757 758 757 758 759 759 760 761 760 761 762 762 763 764 763 764 764 658 659 659 660 660 661 662 661 662 662 665 666 669 671 672 674 675 676 678 680 682 684 686 687 689 690 692 694 696 697 700 700 702 703 705 707 708 709 733 735 736 738 740 741 741 742 744 745 746 748 748 749 751 752 754
624 625 626 627 628 629 629 629 630 631 631 632 632 633 634 635 636 636 637 755 755 756 757 758 758 759 759 759 760 761 761 761 762 762 763 764 764 764 657 658 659 659 660 660 661 662 662 662 662 663 663 664 665 668 669 671 672 674 675 677 679 681 683 685 686 688 689 692 693 695 697 698 699 701 703 704 706 706 731 732 734 736 737 739 738 740 741 742 744 745 745 747 748 750
624 625 626 627 628 629 629 629 630 631 632 633 632 633 634 635 636 636 637 638 638 639 757 758 758 759 760 759 760 761 761 761 762 762 763 764 657 658 658 658 659 659 660 660 661 662 662 663 662 663 663 664 664 665 664 666 668 669 671 673 674 676 678 680 682 683 685 687 688 691 692 694 695 697 698 699 702 702 727 728 730 731 733 735 736 736 737 738 740 741 742 743 744 746
624 625 626 627 628 629 629 630 630 631 632 633 633 634 634 635 636 636 637 638 638 639 640 641 641 759 760 760 760 761 761 762 762 762 763 657 657 658 658 659 659 659 660 660 661 662 662 663 663 663 663 664 664 665 665 665 665 666 665 668 669 671 673 675 677 678 680 682 683 686 687 689 691 692 693 695 697 698 723 724 726 727 728 730 731 733 733 734 736 737 738 739 740 742
624 625 626 627 628 629 629 630 631 631 632 633 633 634 635 635 635 636 637 638 638 639 640 641 641 642 643 643 761 761 761 762 763 655 656 657 657 658 658 659 660 659 660 660 661 662 662 663 663 664 663 664 664 665 665 666 665 666 666 666 666 667 667 669 671 674 674 677 678 680 682 684 686 687 688 690 692 693 719 720 721 722 723 726 727 729 729 729 731 732 734 736 736 738
624 625 626 627 628 629 629 630 631 632 632 633 633 634 635 636 636 636 637 638 638 639 640 641 641 642 643 643 644 645 645 645 656 655 656 657 657 658 658 659 660 660 660 660 661 662 662 663 663 664 664 664 664 665 665 666 665 666 666 666 666 667 667 668 667 668 669 671 672 675 676 679 680 683 683 684 687 688 690 715 715 717 718 721 722 724 725 725 727 728 729 731 731 733
624 625 626 627 628 628 629 630 631 632 632 633 633 634 635 636 636 637 637 638 638 639 640 641 641 642 643 643 644 645 538 539 539 539 539 657 657 658 658 659 660 660 661 660 661 662 662 663 663 664 664 665 664 665 665 666 666 666 666 667 666 667 667 668 668 668 668 669 668 669 670 673 674 677 678 679 681 682 685 709 710 712 713 715 717 719 720 720 722 723 724 726 727 728
625 625 626 627 628 628 629 630 631 632 633 633 633 634 635 636 636 637 638 639 638 639 640 641 641 642 643 643 537 538 538 539 540 539 540 540 540 541 541 659 660 660 661 660 661 661 662 663 663 664 664 665 665 665 665 666 666 667 666 667 667 667 667 668 668 669 668 669 668 669 669 670 670 670 672 672 675 676 679 704 705 707 707 710 711 713 715 716 717 717 718 721 722 723
625 626 627 627 628 628 629 630 631 632 633 634 633 634 635 636 636 637 638 639 639 639 640 641 641 642 643 536 537 538 538 539 540 540 540 540 540 541 541 542 543 543 544 661 661 661 662 663 663 664 664 665 665 666 665 666 666 667 666 667 667 668 667 668 668 669 669 669 669 669 669 670 670 670 671 671 671 671 672 698 699 701 701 703 705 706 709 710 711 712 713 715 716 718
625 626 627 628 629 628 629 630 631 632 633 633 634 634 635 636 636 637 638 639 639 640 641 641 641 535 536 536 537 538 538 539 540 540 541 541 540 541 541 542 543 543 544 544 545 544 662 663 663 664 664 665 665 666 665 666 666 667 667 667 667 668 667 668 668 669 669 670 669 670 669 670 670 670 671 671 672 671 672 672 696 696 696 697 698 700 702 703 706 706 708 709 710 712
625 626 627 628 629 629 630 630 631 632 633 633 634 634 635 636 636 637 638 639 639 640 641 535 534 535 536 536 537 538 538 539 540 540 541 542 541 541 541 542 543 543 544 544 545 545 545 546 546 547 547 665 665 666 666 666 666 667 667 667 667 668 668 668 668 669 669 670 670 670 669 670 670 670 671 671 672 671 672 672 696 697 696 696 696 696 697 697 699 699 701 703 704 706
625 626 627 628 629 629 630 631 632 632 633 633 634 635 635 636 636 637 638 639 639 640 534 535 535 535 536 536 537 538 538 539 540 540 541 541 542 541 541 542 543 543 544 544 545 545 546 546 546 547 547 548 548 549 549 667 666 667 667 668 667 668 668 669 668 669 669 670 670 671 670 670 670 670 671 671 672 672 672 672 696 697 696 697 696 696 697 697 698 698 697 698 697 699
625 626 627 628 629 629 630 631 632 633 634 633 634 635 636 636 636 637 638 639 532 533 534 535 535 536 536 536 537 538 538 539 540 540 541 541 542 543 541 542 543 543 544 544 545 545 546 547 546 547 547 548 548 549 549 550 550 550 550 668 668 668 668 669 669 669 669 670 670 671 671 671 670 670 671 671 672 672 672 672 696 697 697 697 697 696 697 697 698 698 697 698 698 698
625 626 627 628 628 629 630 631 632 633 634 634 635 635 636 636 636 637 531 532 532 533 534 534 535 536 537 536 537 538 538 539 540 540 541 541 542 543 543 542 543 543 544 544 545 545 546 547 547 547 547 548 548 549 549 550 550 550 550 551 551 551 551 552 669 669 669 670 670 671 671 672 670 670 671 671 672 672 673 672 672 697 697 697 697 696 697 697 698 698 698 698 698 698
625 626 627 628 628 629 630 631 632 633 635 635 636 637 637 638 530 531 532 533 533 534 535 535 536 537 538 538 539 538 538 539 540 540 541 541 542 543 543 543 542 543 544 544 545 545 546 547 547 548 547 548 548 549 549 550 550 551 550 551 551 552 551 552 552 553 552 553 553 671 671 672 672 670 671 671 672 672 673 673 672 697 697 698 697 697 697 697 698 698 698 699 698 698
625 626 627 628 628 629 631 632 633 634 635 635 636 637 638 532 531 531 532 533 533 534 535 535 536 537 538 538 539 540 539 540 541 540 541 541 542 543 543 544 543 543 544 544 545 545 546 546 547 548 547 548 548 549 549 550 550 551 551 551 551 552 551 552 552 553 553 553 553 554 554 554 555 555 671 671 672 672 673 673 672 697 697 698 697 697 697 697 698 698 698 699 698 698
