testData/tiles/oneDegree/grid22.0-31.0-23.0-32.0.asc
ncols   200
nrows   200
xllcorner   22.0
yllcorner   31.0
cellsize   0.005
NODATA_value   -9999.0
[rows 84 to 125 of 200, columns 94 to 187 of 200]
924 926 819 820 820 820 822 769 770 770 772 772 773 774 775 775 775 775 954 955 956 956 956 958 959 959 959 959 960 960 960 960 961 961 961 961 962 961 961 961 961 962 961 962 961 961 961 960 960 959 959 958 957 956 956 955 954 952 951 949 946 942 933 932 933 934 934 936 937 937 938 939 941 942 943 944 946 947 947 947 948 950 951 952 953 954 954 954 955 956 958 959 959 960
924 925 819 819 819 821 822 823 771 771 772 773 773 773 774 775 775 775 955 955 956 956 956 957 957 957 957 958 958 959 959 959 960 960 959 959 960 961 961 961 962 961 961 961 961 961 961 960 960 960 960 959 958 958 957 956 955 954 953 951 948 943 940 931 932 933 934 936 936 937 938 940 941 941 941 942 944 945 946 947 949 950 950 951 951 953 954 954 954 956 957 958 959 959
924 818 819 820 820 822 823 823 770 772 772 772 773 774 775 775 776 777 778 956 956 956 957 958 958 958 958 959 959 959 959 960 960 961 961 961 962 962 962 962 962 962 962 962 962 962 962 961 961 960 960 959 958 959 958 956 954 954 953 951 949 946 943 937 932 933 934 935 936 937 938 939 939 940 941 943 943 944 945 946 948 948 949 950 951 952 953 954 955 956 955 956 957 959
923 818 819 819 820 822 822 822 823 771 771 772 772 773 774 775 775 775 776 777 955 956 957 957 957 957 959 959 959 959 960 961 961 961 961 962 962 962 962 962 962 962 962 962 962 962 961 960 961 960 960 959 958 959 958 957 956 956 953 952 950 948 945 941 931 932 933 934 935 936 938 938 939 940 941 942 943 944 944 945 946 947 948 949 951 952 952 952 954 955 956 955 956 958
818 818 819 820 821 821 823 823 823 825 772 772 772 775 775 775 775 777 777 777 777 955 957 957 957 957 958 959 959 959 961 961 961 961 961 962 961 961 961 962 962 962 962 962 962 962 961 961 961 960 960 959 959 959 958 957 956 956 955 953 951 949 947 943 937 931 932 933 934 935 937 938 939 940 941 941 942 943 943 945 946 946 947 949 949 950 951 951 953 954 955 956 956 956
817 818 819 819 820 821 821 821 823 823 770 772 774 775 775 776 776 777 777 778 778 779 957 957 959 959 960 960 959 959 960 960 960 960 961 961 961 961 961 962 962 962 961 962 962 962 961 962 962 961 961 960 960 960 959 957 956 955 954 953 951 950 948 945 941 934 932 933 933 934 935 936 937 938 940 941 942 942 944 945 946 945 946 947 948 949 950 952 953 953 953 954 956 957
818 819 819 820 821 821 822 822 823 825 825 772 773 774 774 774 775 776 776 776 776 778 780 958 958 959 959 960 960 960 961 961 961 961 962 962 962 962 963 963 963 962 962 963 963 961 961 961 960 960 960 960 959 959 958 957 957 956 955 954 954 952 949 947 943 940 930 931 932 934 935 936 936 937 939 940 941 942 943 943 944 945 947 947 948 948 949 950 951 952 952 954 955 956
818 818 819 819 820 821 821 822 825 825 825 826 774 774 775 775 776 776 777 777 778 779 779 780 958 959 959 959 959 960 960 960 960 960 961 961 961 960 961 961 961 961 963 963 963 962 962 963 962 962 962 962 961 961 959 959 959 958 957 956 954 953 951 948 946 942 935 930 931 933 934 935 936 938 937 938 939 940 942 943 944 944 946 947 947 947 948 949 950 951 952 953 953 954
817 818 818 820 820 820 822 823 823 824 824 824 773 773 774 774 776 776 777 777 779 779 779 779 779 958 959 959 959 960 960 960 960 961 961 961 961 962 963 963 963 963 964 964 963 962 963 963 962 962 961 962 961 960 959 960 959 958 957 957 955 953 952 950 948 945 941 931 932 932 932 933 934 936 937 938 938 940 941 942 943 943 945 945 946 947 949 949 949 949 950 952 952 953
817 817 818 820 820 822 822 823 824 824 824 826 826 773 774 774 776 776 777 777 778 778 778 779 780 780 958 959 959 961 961 961 960 962 962 962 962 963 963 963 962 962 962 962 962 962 963 962 962 962 962 962 960 960 959 960 959 958 957 957 956 955 953 952 948 946 942 937 931 932 933 934 934 935 936 937 938 939 939 940 941 943 944 945 945 946 947 948 949 948 950 951 952 952
816 817 817 819 820 820 821 822 822 824 824 825 826 773 774 775 776 776 776 776 778 778 778 778 779 780 780 958 959 959 960 960 960 961 961 962 962 963 962 962 962 963 963 962 962 962 962 962 962 962 962 962 961 961 961 961 960 958 956 956 955 954 953 952 950 948 945 941 932 931 932 933 935 935 935 935 937 938 939 940 940 942 943 943 944 945 946 947 948 949 950 949 950 951
817 817 820 820 820 821 821 822 823 823 823 825 825 826 774 775 775 776 777 778 778 778 779 779 780 780 780 781 961 961 961 961 961 961 961 961 961 962 962 962 962 963 963 963 963 963 963 963 963 962 961 961 960 960 960 960 959 958 958 957 956 954 953 953 951 949 946 944 938 929 930 932 933 934 935 936 937 938 938 938 940 941 941 942 943 945 945 946 946 948 949 949 949 950
815 817 818 818 819 820 822 822 822 823 823 825 826 826 826 774 775 775 775 776 777 777 777 778 778 780 780 780 781 959 959 960 961 961 961 961 962 962 962 962 962 963 962 961 961 962 962 962 961 962 962 961 961 961 961 960 959 958 958 958 957 956 954 953 950 949 946 945 941 933 930 932 932 933 934 935 936 937 937 938 939 940 941 941 943 943 944 944 945 947 948 948 949 950
817 817 819 819 819 820 821 821 822 823 824 825 826 826 828 775 775 775 776 777 777 777 779 780 780 780 780 782 782 782 960 959 960 960 960 960 961 961 961 961 962 962 962 962 962 963 963 962 961 962 962 961 961 961 961 959 959 958 959 957 956 955 955 953 952 950 949 946 943 938 928 930 931 931 932 934 935 936 937 938 939 939 940 940 941 942 943 944 945 946 946 947 947 949
816 818 819 819 820 820 821 822 823 824 825 825 825 825 826 826 774 774 775 775 777 777 777 778 779 780 780 781 781 781 960 961 961 961 961 961 962 962 962 962 962 962 961 962 963 963 962 962 962 963 962 962 962 961 961 960 960 960 960 959 958 957 955 954 952 950 949 947 944 940 934 929 930 931 932 933 934 934 935 937 937 938 939 941 942 941 941 942 944 944 945 946 948 948
816 817 817 818 818 820 820 821 822 823 824 825 825 825 827 827 774 774 777 777 777 777 779 779 779 779 779 781 781 781 780 959 959 959 960 961 961 961 962 962 963 963 963 962 963 963 962 962 963 962 962 962 962 962 962 961 960 960 959 958 957 957 956 955 953 951 951 948 945 942 939 928 928 929 931 932 933 933 934 936 937 938 938 939 940 941 941 942 943 944 944 944 946 946
816 817 818 818 819 821 821 822 822 823 824 824 824 825 826 825 827 774 775 776 777 777 778 778 779 779 780 780 780 781 781 782 960 960 961 962 962 962 961 962 962 962 962 962 963 963 963 963 962 962 961 961 961 961 961 960 960 960 959 958 957 957 956 955 954 954 952 948 946 944 941 934 928 928 930 931 932 933 933 934 935 936 937 938 939 940 941 941 942 942 943 943 945 946
815 816 816 817 818 819 820 821 822 823 823 824 824 825 826 827 827 827 776 776 776 776 778 778 778 778 780 780 779 779 780 781 781 960 960 961 961 961 961 962 962 962 962 963 962 962 962 961 962 962 962 961 962 962 960 960 961 960 959 959 957 957 955 954 953 953 952 950 948 946 943 939 928 929 928 929 930 931 933 933 934 935 937 938 937 938 939 941 941 942 942 943 943 944
816 816 817 818 819 820 820 821 821 822 823 823 823 826 826 826 827 828 775 775 776 776 777 777 778 778 779 779 780 781 782 782 782 782 961 961 960 960 961 962 962 962 962 962 962 962 962 963 962 962 961 961 961 961 960 960 960 959 958 958 958 957 957 956 955 953 952 951 949 947 943 940 934 928 929 930 930 930 932 933 932 933 935 936 936 937 939 940 939 940 941 943 942 943
814 816 816 817 818 819 820 820 820 822 822 823 824 825 825 826 826 827 828 775 775 776 777 777 777 777 780 779 779 779 780 780 781 781 782 960 960 960 961 961 961 960 960 961 961 961 961 962 962 961 961 962 961 960 960 960 960 960 959 958 958 957 956 955 955 954 951 950 949 948 945 942 937 930 928 928 929 930 931 931 932 932 934 935 936 935 937 938 939 939 941 942 942 941
816 816 817 817 818 819 819 820 821 821 823 823 824 826 826 825 826 827 827 774 775 776 776 777 778 779 779 779 780 781 781 781 781 781 781 782 960 960 961 961 961 961 962 962 962 962 961 961 961 961 961 962 961 961 960 959 959 959 958 959 958 957 956 955 955 954 953 951 950 948 945 943 940 934 926 927 928 930 930 931 931 933 932 933 934 935 936 937 938 937 939 940 941 941
814 815 815 815 818 818 819 819 820 822 822 822 824 824 824 825 826 826 827 827 774 776 777 777 777 777 778 778 778 779 779 780 780 781 781 781 781 959 960 959 959 959 960 960 960 960 961 961 962 961 961 961 961 961 961 961 961 958 958 959 958 957 957 956 954 953 952 951 950 948 946 944 942 938 929 926 927 928 929 929 930 932 933 933 933 934 935 935 936 937 938 939 940 939
815 815 815 817 817 818 818 819 821 821 822 822 824 825 824 824 826 826 826 827 776 776 776 776 777 778 778 778 779 780 780 780 779 780 781 781 781 782 960 960 960 961 962 961 961 961 962 962 962 962 962 962 961 961 960 960 960 959 959 958 958 957 957 957 955 953 952 952 951 949 946 943 942 939 934 924 926 927 928 929 930 930 931 932 932 934 934 934 935 937 936 937 938 939
813 813 814 816 817 817 818 820 820 821 821 821 823 823 823 824 825 825 827 827 828 775 776 775 776 776 777 778 778 779 779 780 780 781 781 781 782 782 782 961 960 961 961 961 961 961 961 960 960 960 961 961 961 960 961 960 959 959 960 959 959 957 957 957 955 954 953 952 951 949 947 946 943 940 936 930 924 925 926 927 929 929 930 931 932 933 933 933 933 935 936 936 937 938
813 814 814 816 816 818 818 819 820 820 820 823 823 822 823 823 825 826 826 826 828 775 775 775 777 777 777 777 779 779 778 778 778 780 781 781 781 782 782 782 960 960 960 960 960 961 961 961 961 961 961 961 960 960 961 961 959 958 959 958 958 957 957 956 955 954 953 953 951 950 948 947 944 940 937 933 924 924 925 926 928 927 928 929 931 931 932 933 934 934 934 934 935 937
812 812 813 816 817 817 817 819 819 819 820 821 822 822 823 825 825 825 826 826 827 826 774 774 775 775 777 777 778 778 779 780 781 781 781 780 780 781 782 782 782 960 960 960 959 960 960 960 960 961 960 960 959 959 960 959 959 959 959 958 957 957 957 957 954 953 953 952 951 949 948 947 945 943 939 936 928 923 923 925 926 927 927 928 930 930 930 931 933 933 934 934 935 935
812 813 815 816 816 816 817 818 819 819 819 821 821 822 823 824 824 825 825 826 827 827 827 774 776 776 776 777 778 778 778 778 779 780 780 780 781 781 781 780 780 781 959 959 959 960 960 959 959 960 960 960 960 961 959 959 958 957 958 958 956 956 956 956 955 954 953 953 952 950 950 947 945 943 941 937 933 923 923 924 925 925 926 927 928 929 929 930 932 932 932 933 933 934
811 812 814 815 815 816 817 818 818 818 819 821 821 822 822 823 824 824 824 825 825 825 826 774 774 775 776 777 778 778 778 779 779 779 779 779 780 781 781 781 781 781 780 958 959 959 959 959 959 960 959 959 958 959 959 959 958 958 958 957 957 957 956 956 954 953 953 952 951 950 949 948 945 944 942 940 934 928 922 924 923 924 925 926 927 927 928 929 930 931 931 932 934 933
812 813 814 814 815 815 817 817 817 818 819 819 821 821 822 823 823 824 824 825 825 826 826 828 776 775 775 776 777 777 777 778 778 779 779 779 779 779 779 779 780 780 781 781 960 959 959 959 959 959 959 959 958 959 959 957 957 958 957 956 956 956 956 954 954 953 953 953 951 950 949 947 946 943 942 940 937 931 922 923 923 923 923 925 925 926 927 928 929 929 929 931 932 932
810 811 812 813 814 815 816 816 818 818 820 820 820 821 822 822 823 823 822 824 824 825 826 827 774 774 775 776 776 776 775 777 777 777 777 778 779 779 779 778 779 779 779 779 780 780 958 957 959 959 959 959 960 960 958 958 958 958 957 957 956 956 956 954 954 953 952 952 951 950 949 948 946 944 943 940 937 932 927 921 922 922 924 925 924 924 925 926 927 928 928 930 931 930
811 811 813 813 814 814 815 817 816 817 818 818 819 820 821 822 822 822 824 825 825 826 826 826 827 774 774 775 776 776 776 777 777 778 777 778 778 778 778 779 780 781 780 780 781 781 781 959 960 959 959 958 959 959 958 958 958 957 957 957 956 956 956 955 954 954 952 952 951 950 948 947 945 945 942 940 938 935 931 920 920 921 922 923 924 924 925 926 926 926 927 928 929 929
809 811 811 812 812 814 816 816 817 817 818 819 819 819 821 820 821 821 823 824 824 824 825 826 826 773 775 775 774 774 774 776 776 776 776 777 779 778 778 779 779 779 779 780 780 779 779 779 958 958 958 957 958 958 958 958 958 957 957 957 957 957 954 954 953 954 953 951 951 950 949 947 946 945 944 940 938 936 933 926 919 920 921 922 922 922 924 924 924 925 927 927 927 928
810 811 812 812 812 815 815 815 815 816 817 817 818 818 819 820 822 822 824 824 824 824 825 825 825 826 774 774 774 775 776 775 775 777 777 778 778 778 778 779 779 779 779 780 780 780 780 780 780 958 958 957 958 957 956 956 957 957 957 955 956 956 955 954 954 954 953 952 950 950 949 948 945 945 943 941 938 937 934 928 917 919 920 920 921 922 923 924 924 923 925 925 926 927
808 809 810 811 812 813 814 815 815 817 817 818 818 818 820 820 820 821 822 822 823 823 824 825 825 824 772 773 773 773 775 776 776 776 777 776 777 777 777 778 778 778 777 778 778 778 778 779 779 778 956 957 957 957 957 956 957 956 956 956 955 954 954 953 953 952 952 951 952 950 949 948 947 945 943 941 938 937 934 931 924 918 919 918 919 921 921 922 923 923 925 924 924 925
807 810 811 812 812 813 813 813 814 815 816 816 816 819 819 819 820 821 821 822 822 822 824 824 824 825 826 773 774 774 775 775 775 776 777 777 777 776 777 777 778 778 778 779 778 778 778 779 778 778 778 956 956 956 956 956 955 955 955 955 955 954 954 953 954 952 951 950 951 950 948 947 947 945 944 942 941 938 934 931 926 916 917 917 918 920 920 920 921 922 923 924 923 924
808 809 810 810 811 812 812 813 813 815 816 816 817 818 819 819 819 821 821 821 822 823 823 822 823 823 825 773 773 773 774 775 774 774 775 775 776 776 777 777 776 776 777 777 778 778 777 778 778 778 778 779 955 955 955 956 956 954 954 954 954 954 952 953 953 952 951 950 950 950 948 946 946 945 943 942 941 939 936 932 930 923 915 916 916 918 919 919 920 922 921 922 922 924
808 809 809 810 811 811 812 812 813 814 815 816 816 818 818 818 818 819 819 820 820 821 822 822 823 824 826 825 772 773 774 774 774 774 776 775 775 775 776 777 777 776 776 776 776 776 777 777 776 776 776 777 777 955 954 955 955 954 954 954 954 953 953 953 951 951 950 950 949 949 948 946 946 945 944 942 940 939 936 933 931 925 914 915 916 916 917 917 918 920 920 921 921 922
808 808 808 809 810 811 811 812 813 813 814 814 815 817 817 818 818 819 820 820 820 821 822 822 823 824 824 824 772 773 772 772 773 774 774 774 775 774 775 775 775 775 776 776 776 776 777 777 777 777 777 777 777 777 954 953 953 953 953 954 952 952 952 952 951 951 950 951 949 947 947 947 945 944 943 941 941 939 937 934 931 928 921 913 915 915 916 916 917 918 918 919 920 921
807 806 807 807 809 809 811 811 813 814 814 815 816 816 816 816 817 818 818 818 820 821 821 822 821 822 823 823 823 771 772 772 771 772 773 773 773 774 774 774 774 774 775 776 776 776 776 776 776 776 777 776 776 776 777 955 954 954 955 954 954 952 951 951 951 949 949 949 949 947 947 947 945 944 942 942 940 938 937 934 932 929 924 912 914 913 914 915 916 917 917 917 919 919
805 807 807 808 809 810 811 810 812 812 813 813 814 815 815 815 817 817 818 819 820 821 821 821 822 823 823 822 823 771 771 771 772 773 773 772 772 774 775 775 775 775 775 776 776 776 777 776 775 775 776 776 776 775 776 776 953 952 953 953 953 953 952 952 952 951 949 948 948 947 946 946 945 943 942 942 940 939 936 934 932 929 925 919 913 913 913 913 914 915 916 916 918 918
805 805 806 806 807 809 809 810 811 812 813 813 814 814 815 815 816 818 818 818 820 820 819 820 821 821 822 822 822 823 770 770 770 771 772 773 773 773 773 773 774 775 775 774 774 775 775 775 775 774 775 775 775 775 775 775 775 952 952 952 951 951 952 951 950 950 951 949 949 948 945 945 944 943 941 941 940 938 936 936 933 929 926 922 911 912 912 913 913 913 914 914 916 916
804 805 805 806 809 808 809 809 811 811 811 812 813 814 814 815 816 816 816 817 818 818 819 819 820 820 820 820 822 822 822 769 770 771 771 771 771 773 773 772 772 773 773 774 774 774 774 774 774 775 774 774 774 774 775 774 774 774 774 951 951 951 952 949 949 949 949 948 947 947 947 946 945 943 941 940 939 937 936 935 932 930 927 924 917 910 910 912 912 913 913 913 914 914
