testData/tiles/oneDegree/grid10.0-15.0-11.0-16.0.asc
ncols   200
nrows   200
xllcorner   10.0
yllcorner   15.0
cellsize   0.005
NODATA_value   -9999.0
[rows 42 to 83 of 200, columns 94 to 187 of 200]
462 462 462 463 463 463 464 537 537 538 538 538 539 540 540 541 541 541 541 541 541 541 542 542 542 543 543 543 543 544 544 544 545 545 545 545 545 545 545 545 546 546 546 546 545 546 546 546 546 547 546 546 546 546 547 547 546 546 418 419 418 418 418 418 417 418 418 418 417 417 417 416 417 417 416 416 416 415 415 415 414 415 414 414 413 413 485 484 484 483 483 482 482 481
462 463 464 464 465 465 465 539 539 539 540 540 540 541 541 541 542 542 542 542 543 543 543 544 544 544 544 545 545 544 545 545 545 545 546 546 546 546 547 547 546 546 547 547 547 547 548 547 547 547 547 548 548 547 547 547 548 548 419 419 419 420 419 419 419 419 418 418 419 419 418 418 418 417 417 418 417 417 416 416 416 415 415 415 414 415 486 486 485 485 484 484 483 483
464 464 464 465 465 465 466 466 540 540 540 541 541 541 541 542 542 542 543 543 543 544 544 544 545 545 545 545 546 546 546 547 547 547 547 547 547 547 547 548 548 548 548 549 548 548 548 548 549 549 548 548 549 549 549 548 548 548 421 421 420 420 420 421 420 420 420 420 419 419 420 419 419 419 418 418 418 417 418 418 417 417 417 416 416 415 487 486 486 486 486 485 485 484
464 465 465 466 467 467 467 468 541 541 542 542 542 543 543 543 544 544 544 545 545 545 546 546 546 546 547 547 546 547 547 547 547 548 548 548 548 549 549 548 548 549 549 549 549 550 550 549 549 550 550 550 550 549 550 550 550 550 421 422 422 422 421 421 421 422 421 421 421 421 420 420 421 420 420 420 419 419 419 418 418 418 418 418 417 417 416 488 487 487 487 486 486 485
466 466 467 467 467 468 468 468 542 542 542 543 543 543 544 544 544 545 545 545 546 546 546 546 547 547 547 548 548 548 549 549 549 549 549 549 549 549 550 550 550 550 551 550 550 550 551 551 551 551 550 551 551 551 551 550 551 551 423 423 422 423 423 423 422 422 422 422 422 422 422 421 421 421 420 421 421 420 420 420 419 419 419 418 419 418 418 490 489 489 488 488 487 487
467 467 467 468 468 468 470 470 470 544 544 544 545 545 545 546 546 546 547 547 547 548 548 548 548 548 548 548 549 549 549 549 550 550 550 550 551 551 550 551 551 551 551 551 552 552 551 551 552 552 552 552 551 552 552 552 552 423 424 424 424 424 423 424 424 424 423 423 423 423 423 423 423 422 422 422 421 421 422 421 421 421 420 420 419 419 419 490 491 490 490 489 489 488
468 468 469 469 470 470 470 471 471 544 545 545 545 546 546 546 547 547 547 548 548 548 548 549 549 549 550 550 550 550 551 551 550 551 551 551 551 552 552 552 552 553 552 552 552 553 553 553 553 552 553 553 553 553 554 553 553 425 425 424 425 425 425 425 424 425 425 425 424 424 424 423 424 424 423 423 423 422 422 422 422 422 422 421 421 420 420 492 491 491 490 490 489 490
469 469 469 470 470 470 471 471 472 545 545 547 547 547 548 548 548 548 549 549 548 549 549 549 550 550 550 551 551 551 551 552 552 552 552 553 553 552 553 553 553 553 554 554 554 553 553 554 554 554 554 555 554 554 554 554 555 426 426 426 426 426 426 426 426 426 425 426 426 425 425 425 425 424 424 425 424 424 424 423 423 423 422 422 422 422 422 493 493 492 492 491 491 490
469 470 471 471 472 472 472 473 473 473 547 547 547 548 548 548 549 549 549 550 550 550 551 551 551 552 552 552 552 552 552 552 553 553 553 553 554 554 554 554 555 554 554 554 555 555 555 555 555 555 555 555 555 556 555 555 555 427 428 427 427 427 427 427 427 427 427 426 426 426 427 426 426 426 425 425 425 425 425 425 424 424 424 423 423 423 422 422 494 494 493 493 492 492
471 471 472 472 472 473 473 473 474 474 547 548 548 548 549 549 549 550 550 550 551 551 551 552 552 552 552 553 553 553 554 554 554 554 555 554 554 555 555 555 555 556 556 556 555 556 556 556 556 556 557 556 556 556 557 557 556 428 428 428 429 428 428 428 428 428 428 428 428 427 427 427 428 427 427 427 426 426 426 425 426 426 425 425 424 424 424 423 495 494 494 493 494 494
471 472 472 473 473 474 475 475 475 476 549 549 550 550 550 551 551 551 552 552 552 553 553 553 554 554 553 553 554 554 554 555 555 555 555 556 556 556 556 556 556 556 556 557 557 557 557 557 557 557 557 558 558 557 557 557 430 430 429 429 429 430 430 429 429 429 429 429 429 429 429 428 428 428 428 428 428 427 427 427 426 426 426 426 426 426 425 425 496 496 495 495 495 494
473 473 474 474 474 475 475 476 476 476 477 550 550 551 551 551 552 552 552 553 553 553 554 554 554 554 555 555 555 556 556 556 555 556 556 556 557 557 557 557 558 558 557 557 558 558 558 558 559 559 558 558 558 559 559 558 430 430 431 431 430 430 430 431 431 430 430 430 430 429 430 430 429 429 429 429 428 429 429 428 428 428 427 427 426 426 426 426 498 497 497 497 496 496
474 474 474 475 475 475 476 476 476 477 477 551 551 552 553 553 553 554 553 553 553 554 554 554 555 555 555 556 556 556 557 557 557 557 558 558 558 557 558 558 558 558 559 559 559 558 559 559 559 559 560 560 559 559 559 560 432 431 431 431 432 432 431 431 431 432 431 431 431 431 430 430 431 431 430 430 430 429 429 429 429 429 429 428 428 428 427 427 426 498 497 498 498 497
474 475 476 476 477 477 477 478 478 478 479 479 552 553 553 553 554 554 554 555 555 555 556 556 556 557 557 557 558 557 557 557 558 558 558 559 559 559 559 560 560 559 559 560 560 560 560 561 560 560 560 560 561 561 560 560 433 433 433 432 432 433 433 433 432 432 432 433 432 432 432 432 431 431 432 431 431 431 430 430 430 429 429 430 429 429 429 428 428 499 499 499 498 498
476 476 476 477 477 478 478 478 479 479 479 480 553 553 554 554 554 555 555 555 556 556 556 557 557 557 558 558 558 558 559 559 559 560 559 559 559 560 560 560 561 561 561 561 561 561 561 561 561 562 562 561 561 562 562 434 433 433 434 434 434 433 433 434 434 434 433 433 433 434 433 433 433 432 432 432 432 432 432 432 431 431 431 430 430 429 430 430 429 501 500 500 500 499
476 477 477 477 478 478 479 479 480 481 481 481 555 555 555 556 556 556 557 557 557 558 558 557 558 558 558 559 559 559 559 560 560 560 561 561 561 561 561 561 561 561 562 562 562 562 563 562 562 562 563 563 563 562 562 435 435 435 434 434 435 435 435 434 434 435 435 434 434 434 434 433 434 434 434 433 433 433 432 433 433 432 432 432 431 431 431 430 430 501 502 501 501 501
478 478 479 479 479 480 480 480 481 481 482 482 482 556 556 556 557 557 557 558 558 558 559 559 559 560 560 560 560 561 561 560 561 561 561 561 562 562 562 563 563 563 562 563 563 563 563 564 564 563 563 563 564 564 564 435 436 436 436 436 435 435 436 436 436 435 435 436 436 435 435 435 435 434 435 435 434 434 434 433 433 433 433 433 433 432 432 432 431 503 502 502 502 501
478 479 479 480 480 480 481 481 481 482 482 482 483 556 557 557 557 558 558 558 559 559 559 559 560 560 560 561 561 561 562 562 562 563 563 562 562 563 563 563 563 564 564 564 564 564 564 564 564 565 565 565 564 565 565 437 437 436 437 437 437 437 436 437 437 437 437 436 436 437 437 436 436 436 435 435 436 435 435 435 435 434 434 434 433 433 433 433 433 432 504 503 503 503
479 479 480 480 481 481 482 483 483 483 484 484 484 485 558 558 559 559 559 560 560 560 561 561 561 561 561 561 562 562 562 563 563 563 563 564 564 564 565 564 564 564 565 565 565 565 566 565 565 565 566 566 566 566 437 438 438 438 438 437 438 438 438 438 437 438 438 438 437 437 437 437 437 437 437 437 436 436 436 436 436 436 435 435 435 434 434 433 433 433 505 505 504 504
481 481 481 482 482 482 483 483 484 484 484 485 485 485 559 559 559 560 560 560 561 561 561 562 562 562 563 563 563 564 564 563 563 564 564 564 565 565 565 565 566 566 565 565 566 566 566 566 567 567 566 566 567 567 439 439 438 439 439 439 439 438 439 439 439 439 438 439 439 439 438 438 438 437 438 438 438 437 437 437 436 436 437 436 436 436 435 435 435 434 506 505 505 504
481 482 482 482 483 483 483 484 484 485 485 485 486 486 559 560 560 560 561 561 561 562 562 562 563 563 563 564 564 564 564 565 565 565 566 566 565 566 566 566 566 567 567 567 567 567 567 567 567 568 568 568 567 567 440 440 440 440 440 440 440 440 440 440 440 440 440 439 439 440 440 439 439 439 439 438 439 439 438 438 438 437 437 437 436 437 437 436 436 436 507 507 506 506
482 482 483 483 483 485 485 485 486 486 486 487 487 488 488 561 562 562 562 563 563 563 564 564 564 565 564 564 565 565 565 565 566 566 566 567 567 567 567 568 567 567 567 568 568 568 569 569 568 568 568 569 569 569 440 441 441 441 441 441 441 441 441 441 440 441 441 441 441 440 440 441 441 440 440 440 439 439 439 439 439 439 439 438 438 437 437 437 436 437 437 508 508 507
483 484 484 484 485 485 486 486 486 487 487 487 488 488 488 562 562 563 563 563 564 564 564 565 565 565 565 566 566 566 567 567 566 567 567 567 567 568 568 568 569 569 569 568 569 569 569 569 570 570 569 569 570 442 442 442 441 442 442 442 442 441 442 442 442 442 441 442 442 442 441 441 441 441 441 441 441 440 440 440 440 439 440 440 439 439 439 438 438 437 437 509 508 508
484 484 485 485 485 486 486 487 487 487 488 488 488 489 489 489 563 563 563 564 564 564 565 565 565 566 566 566 567 567 567 568 568 568 569 569 568 568 569 569 569 570 570 570 570 570 570 570 570 571 571 571 570 442 443 443 443 443 443 443 443 443 443 442 443 443 443 443 442 443 443 443 442 442 442 441 442 442 442 441 441 441 440 440 440 440 440 440 439 439 438 510 510 509
484 485 485 486 486 486 488 488 488 489 489 490 490 490 491 491 564 565 565 565 566 566 566 567 567 566 567 567 567 568 568 568 569 569 569 569 570 570 570 571 570 570 570 571 571 571 571 572 571 571 571 572 572 444 443 444 444 444 444 444 444 444 444 444 444 444 444 444 444 443 443 444 444 443 443 443 443 442 442 443 442 442 442 441 441 441 440 440 441 440 440 511 511 511
486 486 487 487 488 488 488 489 489 489 490 490 491 491 491 492 492 565 566 566 566 567 567 567 568 568 568 569 569 569 570 569 569 569 570 570 570 571 571 571 571 572 572 571 572 572 572 572 573 573 572 572 573 445 445 445 444 445 445 445 445 445 445 445 445 445 444 445 445 445 444 444 444 444 444 444 444 444 443 443 443 443 443 443 442 442 442 441 441 441 440 440 511 512
333 333 333 488 488 489 489 489 490 490 490 491 491 491 492 492 493 566 566 567 567 567 568 568 568 569 569 569 570 570 570 571 571 571 571 572 571 571 572 572 572 572 573 573 573 572 573 573 573 573 574 574 445 445 446 446 446 446 445 446 446 446 446 445 446 446 446 446 445 446 446 446 445 445 445 445 445 445 445 444 444 444 443 443 444 443 443 443 442 442 442 441 513 512
333 334 334 334 335 489 489 491 491 492 492 492 493 493 493 494 494 568 568 568 569 569 569 570 569 569 570 570 570 571 571 571 571 572 572 572 573 573 573 572 573 573 573 574 574 574 574 575 574 574 574 575 447 447 446 447 447 447 447 447 447 447 447 447 447 447 447 447 447 446 446 447 447 446 446 446 446 445 446 446 445 445 445 444 444 444 443 443 444 443 443 443 514 514
334 335 335 336 336 337 337 337 492 492 493 493 493 494 494 494 495 495 568 569 569 569 570 570 570 571 571 571 572 572 571 572 572 572 573 573 573 574 574 574 574 575 574 574 574 575 575 575 575 576 575 575 447 448 448 448 447 448 448 448 448 448 448 448 448 448 447 448 448 448 448 447 447 448 447 447 447 447 446 446 446 446 446 446 446 445 445 444 444 444 443 443 516 515
335 336 336 336 337 337 338 338 338 339 493 494 494 494 495 495 495 496 569 569 570 570 570 571 571 571 572 572 572 573 573 573 574 574 574 574 574 574 574 575 575 575 576 576 576 575 576 576 576 576 577 449 448 448 449 449 449 449 448 449 449 449 449 448 449 449 449 449 448 449 449 449 448 448 448 448 448 448 448 447 447 447 447 446 447 447 446 446 445 445 445 444 444 516
336 336 337 337 337 338 338 339 339 339 340 341 341 496 496 497 497 497 498 571 570 571 571 571 572 572 572 573 573 573 574 574 574 575 575 575 575 576 575 575 576 576 576 576 577 577 577 577 577 577 577 450 450 450 449 449 450 450 450 450 450 450 450 450 450 450 450 450 450 449 449 450 450 449 449 449 449 448 449 449 448 448 448 448 447 447 447 447 447 446 446 446 445 517
336 337 337 339 339 339 340 340 341 341 341 342 342 342 343 343 498 498 498 572 572 572 573 573 573 574 574 574 574 574 574 575 575 575 576 576 576 576 577 577 577 577 577 577 577 578 578 578 578 578 578 450 450 451 451 451 450 451 451 451 451 450 451 451 451 451 450 451 451 451 451 450 450 451 451 450 450 450 449 449 449 450 449 449 449 448 448 448 447 447 446 447 447 518
338 338 339 339 340 340 340 341 341 341 342 342 343 343 343 344 344 344 499 499 573 573 573 574 574 574 575 575 575 576 576 576 577 576 576 576 577 577 577 578 578 578 578 579 578 578 579 579 579 579 452 452 451 451 452 452 452 452 451 452 452 452 452 451 452 452 452 452 451 452 452 452 451 451 451 451 451 451 451 450 450 450 450 449 450 450 449 449 449 448 448 447 447 519
338 339 339 340 340 340 341 341 342 342 342 343 343 344 344 344 345 345 345 346 419 573 574 574 574 575 575 576 576 576 576 577 577 577 578 578 578 578 578 578 579 579 579 579 580 580 579 579 580 580 452 452 453 452 452 452 453 453 453 452 452 453 453 453 452 452 453 453 453 452 452 453 453 452 452 452 452 451 452 452 451 451 451 451 450 450 450 450 450 450 449 449 448 448
339 339 340 340 341 341 342 343 343 344 344 344 345 345 346 346 346 347 347 347 348 421 421 422 576 575 576 576 576 577 577 577 578 578 578 579 579 579 580 580 579 579 580 580 580 581 581 581 581 581 453 453 453 454 454 453 453 454 454 454 454 453 454 454 454 454 453 454 454 454 453 453 453 454 453 453 453 453 452 452 453 453 452 452 452 451 451 451 450 450 451 450 450 449
341 341 341 342 342 343 343 343 344 344 345 345 345 346 346 346 347 347 348 348 348 422 422 422 423 423 423 578 578 578 579 578 578 579 579 579 580 580 580 580 581 581 581 581 581 581 581 582 582 582 454 454 454 454 454 455 455 454 454 455 455 455 454 454 455 455 455 454 454 455 455 455 454 454 454 455 454 454 454 453 453 453 453 453 453 453 452 452 452 451 451 451 450 450
341 342 342 342 343 343 344 344 344 345 345 346 346 346 347 347 347 348 348 349 349 349 423 423 423 424 424 424 425 579 579 580 580 580 581 580 580 581 581 581 581 582 582 582 583 582 582 582 583 455 455 455 456 455 455 455 456 456 456 455 455 456 456 456 455 455 456 456 456 455 455 456 456 455 455 455 455 454 455 455 454 454 454 454 453 453 454 453 453 453 452 452 451 451
342 342 343 343 343 344 344 345 345 345 346 346 346 347 348 349 349 348 349 349 349 350 423 424 424 424 425 425 425 426 426 426 581 581 581 582 582 582 581 582 582 582 583 583 583 583 584 583 583 456 456 456 456 457 456 456 456 456 457 457 456 456 457 457 457 456 456 457 457 457 456 456 456 457 456 456 456 456 455 455 456 455 455 455 455 454 454 454 453 453 454 453 453 452
342 343 343 343 345 345 346 346 346 347 347 348 348 348 349 349 350 350 350 351 351 351 352 425 425 426 426 426 426 426 427 427 427 427 428 582 582 583 583 583 584 583 583 584 584 584 584 585 585 456 456 457 457 457 457 458 457 457 457 458 458 458 457 457 458 458 458 457 457 458 458 457 457 457 457 457 457 457 457 456 456 456 455 456 456 456 455 455 455 454 454 453 453 453
344 344 345 345 345 346 346 347 347 347 348 348 349 349 349 350 350 351 351 351 352 352 352 426 426 426 427 427 427 428 428 428 428 428 428 429 429 429 430 584 584 585 585 585 584 585 585 585 458 458 458 457 458 458 458 458 459 459 458 458 458 459 459 458 458 458 459 459 458 458 458 459 458 458 458 458 457 457 458 458 457 457 457 456 456 456 457 456 456 456 455 455 454 454
344 345 345 346 346 346 347 347 348 348 348 349 349 350 350 350 351 351 351 352 352 353 353 353 427 427 427 428 428 428 429 429 429 430 430 430 430 430 430 431 431 431 585 586 586 586 586 586 458 458 459 459 459 458 459 459 459 459 460 459 459 459 460 460 460 459 459 460 460 459 459 459 459 460 459 459 459 458 458 458 459 458 458 458 457 457 457 456 456 457 456 456 456 455
345 345 346 346 347 347 347 348 348 349 349 350 351 351 352 352 352 353 353 353 353 353 354 354 427 428 428 428 429 429 429 430 430 430 431 431 431 432 432 431 431 432 432 432 433 587 587 588 459 459 459 460 460 460 460 460 460 460 460 461 461 460 460 460 461 461 460 460 460 461 460 460 460 460 460 460 460 460 459 459 459 459 458 459 459 458 458 458 457 457 457 456 456 457
