testData/tiles/oneDegree/grid15.0-47.0-16.0-48.0.asc
ncols   200
nrows   200
xllcorner   15.0
yllcorner   47.0
cellsize   0.005
NODATA_value   -9999.0
[rows 126 to 167 of 200, columns 0 to 93 of 200]
714 714 713 713 713 713 712 712 712 711 711 711 711 710 710 710 727 727 727 727 726 726 726 725 725 725 724 724 724 724 723 723 723 723 723 723 723 723 723 723 723 723 723 723 723 723 723 723 723 723 723 723 723 723 723 723 723 784 784 784 784 784 784 784 784 784 784 784 784 784 784 784 784 784 784 784 800 800 800 800 800 800 800 800 800 800 800 800 800 800 800 800 800 800
714 714 713 713 713 712 712 712 712 711 711 711 710 728 728 728 727 727 727 726 726 726 726 725 725 725 724 724 724 723 723 723 723 723 723 723 723 723 723 723 723 723 723 723 723 723 723 723 723 723 723 723 723 723 723 723 723 723 723 784 784 784 784 784 784 784 784 800 800 800 800 800 800 800 800 800 800 800 800 800 800 800 800 800 800 800 800 800 800 800 800 800 800 800
714 714 713 713 713 712 712 712 712 711 729 729 728 728 728 727 727 727 727 726 726 726 725 725 725 725 724 724 724 723 723 723 723 723 723 723 723 723 723 723 723 723 723 723 723 723 723 723 723 723 723 723 723 723 723 723 723 723 723 723 739 800 800 800 800 800 800 800 800 800 800 800 800 800 800 800 800 800 800 800 800 800 800 800 800 800 800 800 800 800 800 800 800 800
714 713 713 713 713 712 712 730 729 729 729 729 728 728 728 727 727 727 726 726 726 726 725 725 725 724 724 724 724 723 723 723 723 723 723 723 723 723 723 723 723 723 723 723 723 723 723 723 723 723 723 723 723 739 739 739 739 739 739 739 739 739 800 800 800 800 800 800 800 800 800 800 800 800 800 800 800 800 800 800 800 800 800 800 800 800 800 800 800 800 800 800 800 800
714 713 713 713 712 730 730 730 729 729 729 728 728 728 728 727 727 727 726 726 726 726 725 725 725 724 724 724 723 723 723 723 723 723 723 723 723 723 723 723 723 723 723 723 723 723 723 739 739 739 739 739 739 739 739 739 739 739 739 739 739 739 739 739 800 800 800 800 800 800 800 800 800 800 800 800 800 800 800 800 800 800 800 800 800 800 800 800 800 800 800 800 800 800
714 713 731 731 730 730 730 729 729 729 729 728 728 728 727 727 727 727 726 726 726 725 725 725 725 724 724 724 723 723 723 723 723 723 723 723 723 723 723 723 723 739 739 739 739 739 739 739 739 739 739 739 739 739 739 739 739 739 739 739 739 739 739 739 739 739 800 800 800 800 800 800 800 800 800 800 800 800 800 800 800 800 800 800 800 800 800 800 800 800 800 800 800 800
731 731 731 731 730 730 730 729 729 729 729 728 728 728 727 727 727 726 726 726 726 725 725 725 724 724 724 724 723 723 723 723 723 723 723 723 739 739 739 739 739 739 739 739 739 739 739 739 739 739 739 739 739 739 739 739 739 739 739 739 739 739 739 739 739 739 739 739 800 800 800 800 800 800 800 800 800 800 800 800 800 800 800 800 800 800 800 800 800 800 800 800 800 800
731 731 731 730 730 730 730 729 729 729 728 728 728 728 727 727 727 726 726 726 726 725 725 725 724 724 724 723 723 723 723 739 739 739 739 739 739 739 739 739 739 739 739 739 739 739 739 739 739 739 739 739 739 739 739 739 739 739 739 739 739 739 739 739 739 739 739 739 739 800 800 800 800 800 800 800 800 800 800 800 800 800 800 800 800 800 800 800 800 800 800 800 800 800
731 731 731 730 730 730 729 729 729 729 728 728 728 727 727 727 727 726 726 726 725 725 725 725 724 724 724 739 739 739 739 739 739 739 739 739 739 739 739 739 739 739 739 739 739 739 739 739 739 739 739 739 739 739 739 739 739 739 739 739 739 739 739 739 739 739 739 739 739 739 739 800 800 800 800 800 800 800 800 800 800 800 800 800 800 800 800 800 800 800 800 800 800 800
731 731 730 730 730 730 729 729 729 728 728 728 728 727 727 727 726 726 726 726 725 725 725 740 740 740 740 739 739 739 739 739 739 739 739 739 739 739 739 739 739 739 739 739 739 739 739 739 739 739 739 739 739 739 739 739 739 739 739 739 739 739 739 739 739 739 739 739 739 739 739 739 739 800 800 800 800 800 800 800 800 800 800 800 800 800 800 800 800 800 800 800 800 800
731 731 730 730 730 730 729 729 729 728 728 728 727 727 727 727 726 726 726 741 741 741 741 740 740 740 739 739 739 739 739 739 739 739 739 739 739 739 739 739 739 739 739 739 739 739 739 739 739 739 739 739 739 739 739 739 739 739 739 739 739 739 739 739 739 739 739 739 739 739 739 739 739 739 739 800 800 800 800 800 800 800 800 800 800 800 800 800 800 800 800 800 800 800
731 731 730 730 730 729 729 729 729 728 728 728 727 727 727 743 742 742 742 741 741 741 741 740 740 740 739 739 739 739 739 739 739 739 739 739 739 739 739 739 739 739 739 739 739 739 739 739 739 739 739 739 739 739 739 739 739 739 739 739 739 739 739 739 739 739 739 739 739 739 739 739 739 739 739 739 739 800 800 800 800 800 800 800 800 800 800 800 800 800 800 800 800 800
731 730 730 730 730 729 729 729 728 728 728 744 743 743 743 742 742 742 742 741 741 741 740 740 740 740 739 739 739 739 739 739 739 739 739 739 739 739 739 739 739 739 739 739 739 739 739 739 739 739 739 739 739 739 739 739 739 739 739 739 739 739 739 739 739 739 739 739 739 739 739 739 739 739 739 739 739 739 800 800 800 800 800 800 800 800 800 800 800 800 800 800 800 800
731 730 730 730 729 729 729 745 744 744 744 743 743 743 743 742 742 742 741 741 741 741 740 740 740 739 739 739 739 739 739 739 739 739 739 739 739 739 739 739 739 739 739 739 739 739 739 739 739 739 739 739 739 739 739 739 739 739 739 739 739 739 739 739 739 739 739 739 739 739 739 739 739 739 739 739 739 739 739 739 800 800 800 800 800 800 800 800 800 800 800 800 800 800
730 730 730 730 745 745 745 744 744 744 744 743 743 743 742 742 742 742 741 741 741 740 740 740 740 739 739 739 739 739 739 739 739 739 739 739 739 739 739 739 739 739 739 739 739 739 739 739 739 739 739 739 739 739 739 739 739 739 739 739 739 739 739 739 739 739 739 739 739 739 739 739 739 739 739 739 739 739 739 739 739 739 800 800 800 800 800 800 800 800 800 800 800 800
746 746 746 746 745 745 745 744 744 744 744 743 743 743 742 742 742 742 741 741 741 740 740 740 739 739 739 739 739 739 739 739 739 739 739 739 739 739 739 739 739 739 739 739 739 739 739 739 739 739 739 739 739 739 739 739 739 739 739 739 739 739 739 739 739 739 739 739 739 739 739 739 739 739 739 739 739 739 739 739 739 739 739 739 800 800 800 800 800 800 800 800 800 800
746 746 746 745 745 745 745 744 744 744 743 743 743 743 742 742 742 741 741 741 741 740 740 740 739 739 739 739 739 739 739 739 739 739 739 739 739 739 739 739 739 739 739 739 739 739 739 739 739 739 739 739 739 739 739 739 739 739 739 739 739 739 739 739 739 739 739 739 739 739 739 739 739 739 739 739 739 739 739 739 739 739 739 739 739 739 800 800 800 800 800 800 800 800
746 746 746 745 745 745 744 744 744 744 743 743 743 742 742 742 742 741 741 741 740 740 740 740 739 739 739 739 739 739 739 739 739 739 739 739 739 739 739 739 739 739 739 739 739 739 739 739 739 739 739 739 739 739 739 739 739 739 739 739 739 739 739 739 739 739 739 739 739 739 739 739 739 739 739 739 739 739 739 739 739 739 739 739 739 739 739 739 800 800 800 800 800 800
746 746 745 745 745 745 744 744 744 743 743 743 743 742 742 742 741 741 741 741 740 740 740 739 739 739 739 739 739 739 739 739 739 739 739 739 739 739 739 739 739 739 739 739 739 739 739 739 739 739 739 739 739 739 739 739 739 739 739 739 739 739 739 739 739 739 739 739 739 739 739 739 739 739 739 739 739 739 739 739 739 739 739 739 739 739 739 739 739 739 800 800 800 800
746 746 745 745 745 744 744 744 744 743 743 743 742 742 742 742 741 741 741 740 740 740 740 739 739 739 739 739 739 739 739 739 739 739 739 739 739 739 739 739 739 739 739 739 739 739 739 739 739 739 739 739 739 739 739 739 739 739 739 739 739 739 739 739 739 739 739 739 739 739 739 739 739 739 739 739 739 739 739 739 739 739 739 739 739 739 739 739 739 739 739 739 800 800
746 746 745 745 745 744 744 744 744 743 743 743 742 742 742 742 741 741 741 740 740 740 740 739 739 739 739 739 739 739 739 739 739 739 739 739 739 739 739 739 739 739 739 739 739 739 739 739 739 739 739 739 739 739 739 739 739 739 739 739 739 739 739 739 739 739 739 739 739 739 739 739 739 739 739 739 739 739 739 739 739 739 739 739 739 739 739 739 739 739 739 739 739 739
746 745 745 745 745 744 744 744 743 743 743 743 742 742 742 741 741 741 741 740 740 740 739 739 739 739 739 739 739 739 739 739 739 739 739 739 739 739 739 739 739 739 739 739 739 739 739 739 739 739 739 739 739 739 739 739 739 739 739 739 739 739 739 739 739 739 739 739 739 739 739 739 739 739 739 739 739 739 739 739 739 739 739 739 739 739 739 739 739 739 739 739 739 739
746 745 745 745 744 744 744 744 743 743 743 742 742 742 742 741 741 741 740 740 740 740 739 739 739 739 739 739 739 739 739 739 739 739 739 739 739 739 739 739 739 739 739 739 739 739 739 739 739 739 739 739 739 739 739 739 739 739 739 739 739 739 739 739 739 739 739 739 739 739 739 739 739 739 739 739 739 739 739 739 739 739 739 739 739 739 739 739 739 739 739 739 739 739
745 745 745 745 744 744 744 743 743 743 743 742 742 742 741 741 741 741 740 740 740 739 739 739 739 739 739 739 739 739 739 739 739 739 739 739 739 739 739 739 739 739 739 739 739 739 739 739 739 739 739 739 739 739 739 739 739 739 739 739 739 739 739 739 739 739 739 739 739 739 739 739 739 739 739 739 739 739 739 739 739 739 739 739 739 739 739 739 739 739 739 739 739 739
745 745 745 744 744 744 744 743 743 743 742 742 742 742 741 741 741 740 740 740 740 739 739 739 739 739 739 739 739 739 739 739 739 739 739 739 739 739 739 739 739 739 739 740 740 740 740 740 740 740 740 740 740 740 740 740 740 740 740 740 740 740 740 740 740 740 740 740 739 739 739 739 739 739 739 739 739 739 739 739 739 739 739 739 739 739 739 739 739 739 739 739 739 739
745 745 745 744 744 744 743 743 743 743 742 742 742 741 741 741 741 740 740 740 740 739 739 739 739 739 739 739 739 739 739 739 739 739 739 739 739 740 740 740 740 740 740 740 740 740 740 740 740 741 741 741 741 741 741 741 741 741 741 741 741 741 740 740 740 740 740 740 740 740 740 740 740 740 739 739 739 739 739 739 739 739 739 739 739 739 739 739 739 739 739 739 739 739
745 745 744 744 744 744 743 743 743 743 742 742 742 741 741 741 741 740 740 740 739 739 739 739 739 739 739 739 739 739 739 739 740 740 740 740 740 740 740 740 741 741 741 741 741 741 741 741 741 741 741 741 741 741 741 741 741 741 741 741 741 741 741 741 741 741 741 741 741 741 741 740 740 740 740 740 740 740 740 739 739 739 739 739 739 739 739 739 739 739 739 739 739 739
745 745 744 744 744 744 743 743 743 742 742 742 742 741 741 741 740 740 740 740 739 739 739 739 739 739 739 739 740 740 740 740 740 740 741 741 741 741 741 741 741 741 741 741 742 742 742 742 742 742 742 742 742 742 742 742 742 742 742 742 742 742 742 742 742 742 742 741 741 741 741 741 741 741 741 741 741 740 740 740 740 740 740 739 739 739 739 739 739 739 739 739 739 739
745 745 744 744 744 743 743 743 743 742 742 742 741 741 741 741 740 740 740 739 739 739 739 739 740 740 740 740 740 740 741 741 741 741 741 741 741 742 742 742 742 742 742 742 742 742 742 742 742 742 742 743 743 743 743 743 743 743 743 743 742 742 742 742 742 742 742 742 742 742 742 742 742 742 741 741 741 741 741 741 741 740 740 740 740 740 740 739 739 739 739 739 739 739
745 744 744 744 744 743 743 743 742 742 742 742 741 741 741 740 740 740 740 739 739 740 740 740 740 740 741 741 741 741 741 741 742 742 742 742 742 742 742 742 742 743 743 743 743 743 743 743 743 743 743 743 743 743 743 743 743 743 743 743 743 743 743 743 743 743 743 743 743 743 742 742 742 742 742 742 742 742 742 741 741 741 741 741 741 740 740 740 740 740 739 739 739 739
745 744 744 744 743 743 743 743 742 742 742 741 741 741 741 740 740 740 739 740 740 740 740 741 741 741 741 741 742 742 742 742 742 742 742 743 743 743 743 743 743 743 743 743 743 744 744 744 744 744 744 744 744 744 744 744 744 744 744 744 744 744 744 744 744 744 743 743 743 743 743 743 743 743 743 743 742 742 742 742 742 742 742 741 741 741 741 741 740 740 740 740 739 739
744 744 744 744 743 743 743 742 742 742 742 741 741 741 740 740 741 741 740 740 741 741 741 741 741 742 742 742 742 742 742 743 743 743 743 743 743 743 744 744 744 744 744 744 744 744 744 744 744 744 744 744 744 745 745 745 745 745 744 744 744 744 744 744 744 744 744 744 744 744 744 744 744 743 743 743 743 743 743 743 742 742 742 742 742 742 741 741 741 741 741 740 740 740
744 744 744 743 743 743 743 742 742 742 741 741 741 741 741 741 741 741 741 741 741 741 742 742 742 742 742 743 743 743 743 743 743 744 744 744 744 744 744 744 744 745 745 745 745 745 745 745 745 745 745 745 745 745 745 745 745 745 745 745 745 745 745 745 745 745 745 745 745 745 744 744 744 744 744 744 744 744 743 743 743 743 743 743 742 742 742 742 742 741 741 741 741 740
744 744 744 743 743 743 742 742 742 742 741 742 742 742 741 742 742 741 741 742 742 742 742 742 743 743 743 743 743 744 744 744 744 744 744 744 745 745 745 745 745 745 745 745 745 745 746 746 746 746 746 746 746 746 746 746 746 746 746 746 746 746 746 746 746 745 745 745 745 745 745 745 745 745 745 744 744 744 744 744 744 744 743 743 743 743 743 742 742 742 742 742 741 741
744 744 743 743 743 743 742 742 742 743 742 742 742 742 742 742 742 742 742 742 742 743 743 743 743 743 744 744 744 744 744 745 745 745 745 745 745 745 745 746 746 746 746 746 746 746 746 746 746 746 746 746 746 746 746 746 746 746 746 746 746 746 746 746 746 746 746 746 746 746 746 746 745 745 745 745 745 745 745 745 744 744 744 744 744 743 743 743 743 743 742 742 742 742
744 744 743 743 743 743 742 743 743 742 742 743 743 742 743 743 742 742 743 743 743 743 743 744 744 744 744 744 745 745 745 745 745 745 746 746 746 746 746 746 746 746 747 747 747 747 747 747 747 747 747 747 747 747 747 747 747 747 747 747 747 747 747 747 747 747 747 747 747 746 746 746 746 746 746 746 746 745 745 745 745 745 745 744 744 744 744 744 743 743 743 743 743 742
744 743 743 743 743 743 743 743 743 743 743 743 743 743 743 743 743 743 743 743 744 744 744 744 744 745 745 745 745 745 746 746 746 746 746 746 747 747 747 747 747 747 747 747 747 747 747 748 748 748 748 748 748 748 748 748 748 748 748 748 748 748 748 748 747 747 747 747 747 747 747 747 747 747 747 746 746 746 746 746 746 745 745 745 745 745 744 744 744 744 744 743 743 743
744 743 743 743 744 743 743 744 743 743 744 744 743 743 744 743 743 743 744 744 744 744 745 745 745 745 745 746 746 746 746 746 747 747 747 747 747 747 747 748 748 748 748 748 748 748 748 748 748 748 748 748 748 748 748 748 748 748 748 748 748 748 748 748 748 748 748 748 748 748 748 748 747 748 748 748 748 748 748 747 747 747 747 747 746 746 746 746 746 745 745 745 745 744
743 743 744 744 743 744 744 744 744 744 744 743 744 744 744 744 744 744 744 745 745 745 745 745 746 746 746 746 746 747 747 747 747 747 747 748 748 748 748 748 748 748 748 749 749 749 749 749 749 749 749 749 749 749 749 749 749 749 749 749 749 749 749 749 749 749 750 750 749 749 749 750 750 750 750 750 749 749 749 749 749 749 748 748 748 748 748 747 747 747 747 747 746 746
744 744 744 745 744 744 745 744 744 744 745 744 744 745 744 744 744 745 745 745 745 746 746 746 746 747 747 747 747 747 747 748 748 748 748 748 748 749 749 749 749 749 749 749 749 749 749 749 750 750 750 750 750 750 750 750 750 750 750 750 750 751 751 750 750 751 751 751 751 751 752 752 752 752 751 751 751 751 751 752 751 751 751 751 751 751 750 750 750 750 748 748 748 748
744 744 745 744 744 745 745 744 745 745 744 745 745 745 744 745 745 745 746 746 746 746 746 747 747 747 747 748 748 748 748 748 748 749 749 749 749 749 749 749 750 750 750 750 750 750 750 750 750 750 750 750 750 750 750 750 750 751 751 751 752 752 752 752 753 753 753 753 753 754 754 753 753 753 753 753 754 754 753 753 753 753 753 753 752 752 752 752 751 751 751 751 751 749
745 745 745 745 745 745 745 745 745 746 745 745 745 745 745 745 746 746 746 746 747 747 747 747 748 748 748 748 748 749 749 749 749 749 749 750 750 750 750 750 750 750 750 750 751 751 751 751 751 751 751 751 751 752 752 752 753 753 753 753 754 754 754 754 755 755 755 754 755 755 755 755 755 755 756 756 755 755 755 755 755 755 754 754 754 754 754 753 753 753 753 752 752 752
