testData/tiles/oneDegree/grid14.0-34.0-15.0-35.0.asc
ncols   200
nrows   200
xllcorner   14.0
yllcorner   34.0
cellsize   0.005
NODATA_value   -9999.0
[rows 84 to 125 of 200, columns 94 to 187 of 200]
307 307 307 307 307 307 307 307 307 307 307 307 307 307 307 307 307 307 307 307 307 307 307 307 307 307 307 307 307 307 307 307 307 307 307 307 307 307 307 307 307 307 307 307 307 307 307 350 350 350 350 350 501 501 501 501 501 501 501 501 502 502 502 502 503 503 503 504 504 504 505 505 505 505 506 506 506 507 507 507 508 510 511 512 514 514 515 515 517 517 518 518 519 519
307 307 307 307 307 307 307 307 307 307 307 307 307 307 307 307 307 307 307 307 307 307 307 307 307 307 307 307 307 307 307 307 307 307 307 307 307 307 307 307 307 307 307 307 307 307 350 350 350 350 350 350 350 501 501 501 501 501 501 501 501 502 502 502 502 503 503 503 504 504 504 505 505 505 505 506 506 506 508 509 510 511 512 513 514 515 516 517 518 518 519 520 520 520
307 307 307 307 307 307 307 307 307 307 307 307 307 307 307 307 307 307 307 307 307 307 307 307 307 307 307 307 307 307 307 307 307 307 307 307 307 307 307 307 307 307 307 307 307 307 350 350 350 350 350 350 350 501 501 501 501 501 501 501 501 501 501 502 502 502 503 503 503 504 504 504 505 505 505 505 506 507 508 510 511 512 513 515 516 516 517 519 519 520 520 521 522 522
307 307 307 307 307 307 307 307 307 307 307 307 307 307 307 307 307 307 307 307 307 307 307 307 307 307 307 307 307 307 307 307 307 307 307 307 307 307 307 307 307 307 307 307 307 307 350 350 350 350 350 350 350 350 501 501 501 501 501 501 501 501 501 501 502 502 502 503 503 503 504 504 504 504 505 505 506 508 509 510 511 513 514 515 517 518 519 519 521 521 522 522 523 523
307 307 307 307 307 307 307 307 307 307 307 307 307 307 307 307 307 307 307 307 307 307 307 307 307 307 307 307 307 307 307 307 307 307 307 307 307 307 307 307 307 307 307 307 307 350 350 350 350 350 350 350 350 350 350 501 501 501 501 501 501 501 501 501 501 502 502 502 503 503 503 504 504 504 504 506 507 508 510 512 513 514 516 517 518 519 520 521 521 523 523 524 524 525
307 307 307 307 307 307 307 307 307 307 307 307 307 307 307 307 307 307 307 307 307 307 307 307 307 307 307 307 307 307 307 307 307 307 307 307 307 307 307 307 307 307 307 307 307 350 350 350 350 350 350 350 350 350 350 350 501 501 501 501 501 501 501 501 501 501 502 502 502 503 503 503 504 504 505 506 508 509 511 513 514 515 516 518 519 520 521 522 523 523 525 525 526 526
307 307 307 307 307 307 307 307 307 307 307 307 307 307 307 307 307 307 307 307 307 307 307 307 307 307 307 307 307 307 307 307 307 307 307 307 307 307 307 307 307 307 307 307 307 350 350 350 350 350 350 350 350 350 350 350 350 501 501 501 501 501 501 501 501 501 501 502 502 502 503 503 503 503 506 507 508 511 512 513 514 516 517 518 520 521 522 523 524 525 526 526 527 527
307 307 307 307 307 307 307 307 307 307 307 307 307 307 307 307 307 307 307 307 307 307 307 307 307 307 307 307 307 307 307 307 307 307 307 307 307 307 307 307 307 307 307 307 350 350 350 350 350 350 350 350 350 350 350 350 350 350 501 501 501 501 501 501 501 501 501 501 502 502 502 503 503 504 506 508 509 511 513 514 515 517 519 520 521 523 524 524 525 527 527 528 528 529
307 307 307 307 307 307 307 307 307 307 307 307 307 307 307 307 307 307 307 307 307 307 307 307 307 307 307 307 307 307 307 307 307 307 307 307 307 307 307 307 307 307 307 307 350 350 350 350 350 350 350 350 350 350 350 350 350 350 350 501 501 501 501 501 501 501 501 501 501 502 502 502 503 505 507 508 510 512 513 515 517 518 519 521 522 523 524 526 527 527 529 529 529 530
307 307 307 307 307 307 307 307 307 307 307 307 307 307 307 307 307 307 307 307 307 307 307 307 307 307 307 307 307 307 307 307 307 307 307 307 307 307 307 307 307 307 307 307 350 350 350 350 350 350 350 350 350 350 350 350 350 350 350 350 501 501 501 501 501 501 501 501 501 501 501 502 504 505 507 509 510 513 514 515 517 519 520 521 523 524 525 526 528 529 529 530 531 531
307 307 307 307 307 307 307 307 307 307 307 307 307 307 307 307 307 307 307 307 307 307 307 307 307 307 307 307 307 307 307 307 307 307 307 307 307 307 307 307 307 307 307 307 350 350 350 350 350 350 350 350 350 350 350 350 350 350 350 350 501 501 501 501 501 501 501 501 501 501 501 502 504 506 507 510 511 513 515 516 518 519 521 522 524 526 527 528 529 530 531 531 532 533
307 307 307 307 307 307 307 307 307 307 307 307 307 307 307 307 307 307 307 307 307 307 307 307 307 307 307 307 307 307 307 307 307 307 307 307 307 307 307 307 307 307 307 350 350 350 350 350 350 350 350 350 350 350 350 350 350 350 350 350 350 501 501 501 501 501 501 501 501 501 501 503 504 507 508 510 512 514 515 516 519 520 521 524 525 526 527 529 530 531 532 533 533 534
307 307 307 307 307 307 307 307 307 307 307 307 307 307 307 307 307 307 307 307 307 307 307 307 307 307 307 307 307 307 307 307 307 307 307 307 307 307 307 307 307 307 307 350 350 350 350 350 350 350 350 350 350 350 350 350 350 350 350 350 350 350 501 501 501 501 501 501 501 501 502 503 505 506 509 510 512 514 516 517 519 521 522 524 526 527 528 529 531 532 533 534 535 535
307 307 307 307 307 307 307 307 307 307 307 307 307 307 307 307 307 307 307 307 307 307 307 307 307 307 307 307 307 307 307 307 307 307 307 307 307 307 307 307 307 307 307 350 350 350 350 350 350 350 350 350 350 350 350 350 350 350 350 350 350 350 350 501 501 501 501 501 501 501 502 504 505 507 508 511 513 514 516 518 520 521 523 525 526 527 530 531 532 534 535 535 536 537
307 307 307 307 307 307 307 307 307 307 307 307 307 307 307 307 307 307 307 307 307 307 307 307 307 307 307 307 307 307 307 307 307 307 307 307 307 307 307 307 307 307 307 350 350 350 350 350 350 350 350 350 350 350 350 350 350 350 350 350 350 350 350 350 501 501 501 501 501 501 503 504 506 507 509 511 512 515 516 518 520 522 523 526 527 528 530 532 533 534 536 537 537 538
307 307 307 307 307 307 307 307 307 307 307 307 307 307 307 307 307 307 307 307 307 307 307 307 307 307 307 307 307 307 307 307 307 307 307 307 307 307 307 307 307 307 307 350 350 350 350 350 350 350 350 350 350 350 350 350 350 350 350 350 350 350 350 350 350 501 501 501 501 501 503 505 506 508 510 511 513 514 517 518 520 523 524 526 527 529 531 532 534 535 536 537 539 539
255 307 307 307 307 307 307 307 307 307 307 307 307 307 307 307 307 307 307 307 307 307 307 307 307 307 307 307 307 307 307 307 307 307 307 307 307 307 307 307 307 307 307 350 350 350 350 350 350 350 350 350 350 350 350 350 350 350 350 350 350 350 350 350 350 350 501 501 501 502 503 505 507 508 510 512 513 515 516 519 521 522 525 526 528 529 532 533 534 537 538 539 539 541
255 255 307 307 307 307 307 307 307 307 307 307 307 307 307 307 307 307 307 307 307 307 307 307 307 307 307 307 307 307 307 307 307 307 307 307 307 307 307 307 307 307 307 350 350 350 350 350 350 350 350 350 350 350 350 350 350 350 350 350 350 350 350 350 350 350 350 501 501 502 504 505 507 509 510 512 514 515 517 519 521 523 524 526 528 530 532 534 535 537 538 540 541 542
255 255 255 307 307 307 307 307 307 307 307 307 307 307 307 307 307 307 307 307 307 307 307 307 307 307 307 307 307 307 307 307 307 307 307 307 307 307 307 307 307 307 307 350 350 350 350 350 350 350 350 350 350 350 350 350 350 350 350 350 350 350 350 350 350 350 350 350 501 502 504 506 507 509 511 512 514 516 517 519 521 522 525 526 528 531 532 534 536 538 539 540 542 543
255 255 255 255 307 307 307 307 307 307 307 307 307 307 307 307 307 307 307 307 307 307 307 307 307 307 307 307 307 307 307 307 307 307 307 307 307 307 307 307 307 307 307 350 350 350 350 350 350 350 350 350 350 350 350 350 350 350 350 350 350 350 350 350 350 350 350 350 350 503 504 506 508 509 511 513 514 516 518 519 521 522 524 527 528 530 533 534 536 537 540 541 543 545
255 255 255 255 255 307 307 307 307 307 307 307 307 307 307 307 307 307 307 307 307 307 307 307 307 307 307 307 307 307 307 307 307 307 307 307 307 307 307 307 307 307 307 350 350 350 350 350 350 350 350 350 350 350 350 350 350 350 350 350 350 350 350 350 350 350 350 350 350 352 504 506 508 509 511 513 514 516 518 519 521 523 524 526 529 530 532 535 536 538 540 542 544 545
255 255 255 255 255 255 307 307 307 307 307 307 307 307 307 307 307 307 307 307 307 307 307 307 307 307 307 307 307 307 307 307 307 307 307 307 307 307 307 307 307 307 350 350 350 350 350 350 350 350 350 350 350 350 350 350 350 350 350 350 350 350 350 350 350 350 350 350 350 352 353 506 508 509 511 513 514 516 518 519 521 523 524 526 528 530 532 534 535 538 540 541 544 546
255 255 255 255 255 255 255 307 307 307 307 307 307 307 307 307 307 307 307 307 307 307 307 307 307 307 307 307 307 307 307 307 307 307 307 307 307 307 307 307 307 307 307 350 350 350 350 350 350 350 350 350 350 350 350 350 350 350 350 350 350 350 350 350 350 350 350 350 350 352 353 355 508 509 511 513 514 516 518 519 521 523 524 526 528 529 531 534 535 537 540 541 543 544
255 255 255 255 255 255 255 255 307 307 307 307 307 307 307 307 307 307 307 307 307 307 307 307 307 307 307 307 307 307 307 307 307 307 307 307 307 307 307 307 307 307 307 350 350 350 350 350 350 350 350 350 350 350 350 350 350 350 350 350 350 350 350 350 350 350 350 350 350 352 353 355 357 509 511 513 514 516 518 519 521 522 524 526 527 529 531 532 535 536 538 540 542 543
255 255 255 255 255 255 255 255 255 307 307 307 307 307 307 307 307 307 307 307 307 307 307 307 307 307 307 307 307 307 307 307 307 307 307 307 307 307 307 307 307 307 307 350 350 350 350 350 350 350 350 350 350 350 350 350 350 350 350 350 350 350 350 350 350 350 350 350 350 351 353 355 356 358 511 512 514 516 517 519 521 522 524 525 527 529 530 532 533 536 537 538 539 541
255 255 255 255 255 255 255 255 255 255 307 307 307 307 307 307 307 307 307 307 307 307 307 307 307 307 307 307 307 307 307 307 307 307 307 307 307 307 307 307 307 307 307 350 350 350 350 350 350 350 350 350 350 350 350 350 350 350 350 350 350 350 350 350 350 350 350 350 350 351 353 354 356 358 359 512 514 515 517 519 520 522 523 525 526 528 530 531 532 534 535 537 538 539
255 255 255 255 255 255 255 255 255 255 255 255 307 307 307 307 307 307 307 307 307 307 307 307 307 307 307 307 307 307 307 307 307 307 307 307 307 307 307 307 307 307 307 350 350 350 350 350 350 350 350 350 350 350 350 350 350 350 350 350 350 350 350 350 350 350 350 350 350 351 352 354 356 357 359 361 513 515 516 518 520 521 523 524 526 527 529 530 531 533 534 535 536 537
255 255 255 255 255 255 255 255 255 255 255 255 255 307 307 307 307 307 307 307 307 307 307 307 307 307 307 307 307 307 307 307 307 307 307 307 307 307 307 307 307 307 307 350 350 350 350 350 350 350 350 350 350 350 350 350 350 350 350 350 350 350 350 350 350 350 350 350 350 350 352 354 355 357 359 360 362 514 516 517 519 521 522 524 525 526 528 529 530 531 532 533 534 535
255 255 255 255 255 255 255 255 255 255 255 255 255 255 307 307 307 307 307 307 307 307 307 307 307 307 307 307 307 307 307 307 307 307 307 307 307 307 307 307 307 307 307 350 350 350 350 350 350 350 350 350 350 350 350 350 350 350 350 350 350 350 350 350 350 350 350 350 350 350 352 353 355 356 358 360 361 363 515 517 518 520 521 523 524 525 527 528 529 530 531 532 532 533
255 255 255 255 255 255 255 255 255 255 255 255 255 255 255 307 307 307 307 307 307 307 307 307 307 307 307 307 307 307 307 307 307 307 307 307 307 307 307 307 307 307 307 350 350 350 350 350 350 350 350 350 350 350 350 350 350 350 350 350 350 350 350 350 350 350 350 350 350 350 351 353 354 356 357 359 361 362 364 516 518 519 520 522 523 524 526 527 528 529 530 530 531 531
255 255 255 255 255 255 255 255 255 255 255 255 255 255 255 255 307 307 307 307 307 307 307 307 307 307 307 307 307 307 307 307 307 307 307 307 307 307 307 307 307 307 307 350 350 350 350 350 350 350 350 350 350 350 350 350 350 350 350 350 350 350 350 350 350 350 350 350 350 350 351 352 354 355 357 358 360 361 363 364 517 518 519 521 522 523 524 525 526 527 528 529 529 529
255 255 255 255 255 255 255 255 255 255 255 255 255 255 255 255 255 307 307 307 307 307 307 307 307 307 307 307 307 307 307 307 307 307 307 307 307 307 307 307 307 307 307 350 350 350 350 350 350 350 350 350 350 350 350 350 350 350 350 350 350 350 350 350 350 350 350 350 350 350 350 352 353 355 356 358 359 361 362 363 365 366 518 520 521 522 523 524 525 526 526 527 527 528
255 255 255 255 255 255 255 255 255 255 255 255 255 255 255 255 255 255 307 307 307 307 307 307 307 307 307 307 307 307 307 307 307 307 307 307 307 307 307 307 307 307 307 307 350 350 350 350 350 350 350 350 350 350 350 350 350 350 350 350 350 350 350 350 350 350 350 350 350 350 350 351 352 354 355 357 358 360 361 362 364 365 366 518 520 521 522 523 524 524 525 525 526 526
255 255 255 255 255 255 255 255 255 255 255 255 255 255 255 255 255 255 255 307 307 307 307 307 307 307 307 307 307 307 307 307 307 307 307 307 307 307 307 307 307 307 307 307 350 350 350 350 350 350 350 350 350 350 350 350 350 350 350 350 350 350 350 350 350 350 350 350 350 350 350 350 352 353 354 356 357 359 360 361 363 364 365 366 518 519 520 521 522 523 523 524 524 524
255 255 255 255 255 255 255 255 255 255 255 255 255 255 255 255 255 255 255 255 307 307 307 307 307 307 307 307 307 307 307 307 307 307 307 307 307 307 307 307 307 307 307 307 350 350 350 350 350 350 350 350 350 350 350 350 350 350 350 350 350 350 350 350 350 350 350 350 350 350 350 350 351 352 354 355 356 358 359 360 362 363 364 365 366 518 519 520 521 521 522 522 522 523
255 255 255 255 255 255 255 255 255 255 255 255 255 255 255 255 255 255 255 255 255 255 307 307 307 307 307 307 307 307 307 307 307 307 307 307 307 307 307 307 307 307 307 307 350 350 350 350 350 350 350 350 350 350 350 350 350 350 350 350 350 350 350 350 350 350 350 350 350 350 350 350 350 351 353 354 355 357 358 359 360 362 363 364 365 366 518 518 519 520 520 521 521 521
255 255 255 255 255 255 255 255 255 255 255 255 255 255 255 255 255 255 255 255 255 255 255 307 307 307 307 307 307 307 307 307 307 307 307 307 307 307 307 307 307 307 307 307 307 350 350 350 350 350 350 350 350 350 350 350 350 350 350 350 350 350 350 350 350 350 350 350 350 350 350 350 350 350 352 353 354 356 357 358 359 360 361 362 363 364 365 517 517 518 519 519 519 519
255 255 255 255 255 255 255 255 255 255 255 255 255 255 255 255 255 255 255 255 255 255 255 255 307 307 307 307 307 307 307 307 307 307 307 307 307 307 307 307 307 307 307 307 307 350 350 350 350 350 350 350 350 350 350 350 350 350 350 350 350 350 350 350 350 350 350 350 350 350 350 350 350 350 351 352 353 354 356 357 358 359 360 361 362 363 364 364 516 516 517 517 518 518
255 255 255 255 255 255 255 255 255 255 255 255 255 255 255 255 255 255 255 255 255 255 255 255 255 307 307 307 307 307 307 307 307 307 307 307 307 307 307 307 307 307 307 307 307 350 350 350 350 350 350 350 350 350 350 350 350 350 350 350 350 350 350 350 350 350 350 350 350 350 350 350 350 350 350 351 352 353 354 356 357 358 359 360 361 361 362 363 363 364 515 516 516 516
255 255 255 255 255 255 255 255 255 255 255 255 255 255 255 255 255 255 255 255 255 255 255 255 255 255 307 307 307 307 307 307 307 307 307 307 307 307 307 307 307 307 307 307 307 307 350 350 350 350 350 350 350 350 350 350 350 350 350 350 350 350 350 350 350 350 350 350 350 350 350 350 350 350 350 350 351 352 353 354 355 356 357 358 359 360 361 361 362 362 363 514 514 514
255 255 255 255 255 255 255 255 255 255 255 255 255 255 255 255 255 255 255 255 255 255 255 255 255 255 255 307 307 307 307 307 307 307 307 307 307 307 307 307 307 307 307 307 307 307 350 350 350 350 350 350 350 350 350 350 350 350 350 350 350 350 350 350 350 350 350 350 350 350 350 350 350 350 350 350 350 351 352 353 354 355 356 357 358 358 359 360 360 361 361 361 513 513
255 255 255 255 255 255 255 255 255 255 255 255 255 255 255 255 255 255 255 255 255 255 255 255 255 255 255 255 255 307 307 307 307 307 307 307 307 307 307 307 307 307 307 307 307 307 350 350 350 350 350 350 350 350 350 350 350 350 350 350 350 350 350 350 350 350 350 350 350 350 350 350 350 350 350 350 350 350 351 352 353 354 354 355 356 357 357 358 359 359 359 360 360 511
