testData/tiles/oneDegree/grid27.0-28.0-28.0-29.0.asc
ncols   200
nrows   200
xllcorner   27.0
yllcorner   28.0
cellsize   0.005
NODATA_value   -9999.0
[rows 42 to 83 of 200, columns 94 to 187 of 200]
120 119 118 117 116 115 114 113 112 112 111 111 256 256 256 256 256 256 255 255 255 255 255 255 254 254 258 258 258 258 257 257 257 257 257 257 256 256 256 256 256 256 255 255 255 255 255 254 254 254 254 254 254 253 253 253 253 253 252 252 252 252 252 252 251 251 251 251 251 250 250 250 250 250 249 249 249 249 249 249 191 191 191 191 191 190 190 190 190 190 189 189 189 189
120 119 119 118 116 115 115 114 113 112 111 110 110 256 256 256 256 255 255 255 255 255 255 254 254 254 258 258 258 257 257 257 257 257 257 256 256 256 256 256 256 255 255 255 255 255 254 254 254 254 254 254 253 253 253 253 253 252 252 252 252 252 252 251 251 251 251 251 250 250 250 250 250 249 249 249 249 249 249 248 249 191 191 191 190 190 190 190 190 189 189 189 189 189
121 120 119 118 117 116 115 114 114 112 111 110 110 110 256 256 255 255 255 255 255 255 254 254 254 258 258 258 257 257 257 257 257 257 256 256 256 256 256 256 255 255 255 255 255 254 254 254 254 254 254 253 253 253 253 253 252 252 252 252 252 252 251 251 251 251 251 250 250 250 250 250 250 249 249 249 249 249 248 249 249 191 191 190 190 190 190 190 189 189 189 189 189 188
122 120 119 118 117 117 116 115 113 112 112 111 110 110 109 255 255 255 255 255 255 254 254 254 254 258 258 257 257 257 257 257 257 256 256 256 256 256 256 255 255 255 255 255 254 254 254 254 254 254 253 253 253 253 253 253 252 252 252 252 252 251 251 251 251 251 250 250 250 250 250 250 249 249 249 249 249 248 248 249 249 249 190 190 190 190 190 189 189 189 189 189 188 188
121 120 120 119 118 117 117 115 114 113 112 112 111 109 109 109 255 255 255 254 254 254 254 254 254 258 257 257 257 257 257 257 256 256 256 256 256 256 255 255 255 255 255 254 254 254 254 254 254 253 253 253 253 253 253 252 252 252 252 252 251 251 251 251 251 250 250 250 250 250 250 249 249 249 249 249 248 248 249 249 249 248 190 190 190 190 189 189 189 189 189 189 188 188
122 121 120 120 119 117 116 115 115 114 113 112 110 110 109 109 255 255 254 254 254 254 254 254 257 257 257 257 257 257 257 256 256 256 256 256 255 255 255 255 255 255 254 254 254 254 254 254 253 253 253 253 253 253 252 252 252 252 252 251 251 251 251 251 251 250 250 250 250 250 249 249 249 249 249 248 248 248 249 249 248 248 248 190 190 190 189 189 189 189 189 188 188 188
123 122 121 120 118 118 117 116 115 114 114 112 111 110 109 109 109 254 254 254 254 254 254 253 257 257 257 257 257 256 256 256 256 256 256 255 255 255 255 255 255 254 254 254 254 254 254 253 253 253 253 253 253 252 252 252 252 252 251 251 251 251 251 251 250 250 250 250 250 249 249 249 249 249 248 248 248 249 249 249 248 248 248 248 190 189 189 189 189 189 188 188 188 188
123 122 122 120 119 118 117 117 116 114 113 112 112 111 110 109 108 108 254 254 254 254 253 257 257 257 257 257 256 256 256 256 256 256 255 255 255 255 255 255 254 254 254 254 254 254 253 253 253 253 253 253 252 252 252 252 252 251 251 251 251 251 251 250 250 250 250 250 249 249 249 249 249 248 248 248 248 249 249 248 248 248 248 248 189 189 189 189 189 188 188 188 188 188
124 122 121 120 120 119 118 117 116 115 114 113 112 112 110 109 108 108 108 254 254 253 253 257 257 257 257 256 256 256 256 256 256 255 255 255 255 255 255 254 254 254 254 254 254 253 253 253 253 253 253 252 252 252 252 252 251 251 251 251 251 251 250 250 250 250 250 249 249 249 249 249 248 248 248 248 249 249 248 248 248 248 248 247 247 189 189 189 188 188 188 188 188 187
124 123 122 121 120 120 119 117 116 115 115 114 113 111 110 110 109 108 108 108 253 253 253 257 257 257 256 256 256 256 256 256 255 255 255 255 255 255 254 254 254 254 254 254 253 253 253 253 253 252 252 252 252 252 252 251 251 251 251 251 251 250 250 250 250 250 249 249 249 249 249 249 248 248 248 248 249 248 248 248 248 248 247 247 247 189 189 188 188 188 188 188 188 187
124 123 123 122 121 119 118 118 117 116 115 114 113 112 111 110 109 108 107 107 107 253 257 257 257 256 256 256 256 256 256 255 255 255 255 255 255 254 254 254 254 254 254 253 253 253 253 253 252 252 252 252 252 252 251 251 251 251 251 251 250 250 250 250 250 249 249 249 249 249 249 248 248 248 248 249 248 248 248 248 248 247 247 247 247 247 189 188 188 188 188 188 187 187
125 124 123 122 121 120 119 118 117 117 116 114 113 112 112 111 110 108 107 107 107 107 257 256 256 256 256 256 256 256 255 255 255 255 255 255 254 254 254 254 254 254 253 253 253 253 253 252 252 252 252 252 252 251 251 251 251 251 251 250 250 250 250 250 249 249 249 249 249 249 248 248 248 248 248 248 248 248 248 248 247 247 247 247 247 247 188 188 188 188 188 187 187 187
125 125 123 122 121 120 120 119 118 116 115 115 114 113 112 111 110 109 108 107 107 107 110 256 256 256 256 256 255 255 255 255 255 255 254 254 254 254 254 254 253 253 253 253 253 253 252 252 252 252 252 252 251 251 251 251 251 251 250 250 250 250 250 249 249 249 249 249 249 248 248 248 248 248 248 248 248 248 248 248 247 247 247 247 247 246 246 188 188 188 187 187 187 187
126 124 124 123 122 121 120 119 118 117 116 115 114 114 112 111 110 109 109 108 107 110 110 110 110 256 256 255 255 255 255 255 255 254 254 254 254 254 254 253 253 253 253 253 253 252 252 252 252 252 252 251 251 251 251 251 251 250 250 250 250 250 249 249 249 249 249 249 248 248 248 248 248 247 248 248 248 248 248 247 247 247 247 247 246 246 246 246 188 187 187 187 187 187
126 125 124 123 123 122 120 119 118 118 117 116 115 113 112 112 111 110 109 108 106 110 110 110 110 110 255 255 255 255 255 255 254 254 254 254 254 254 253 253 253 253 253 253 252 252 252 252 252 252 251 251 251 251 251 251 250 250 250 250 250 249 249 249 249 249 249 248 248 248 248 248 247 248 248 248 248 248 247 247 247 247 247 246 246 246 246 246 187 187 187 187 187 187
126 126 125 124 123 121 121 120 119 118 117 116 115 114 113 112 111 111 109 108 111 110 110 110 110 109 109 255 255 255 255 254 254 254 254 254 254 253 253 253 253 253 253 252 252 252 252 252 252 251 251 251 251 251 251 250 250 250 250 250 249 249 249 249 249 249 248 248 248 248 248 247 247 248 248 248 248 247 247 247 247 247 246 246 246 246 246 245 245 187 187 187 187 186
127 126 125 124 123 122 121 120 120 119 117 116 115 114 114 113 112 110 109 108 112 111 110 109 109 109 109 109 255 255 254 254 254 254 254 254 253 253 253 253 253 253 252 252 252 252 252 252 251 251 251 251 251 251 250 250 250 250 250 249 249 249 249 249 249 248 248 248 248 248 247 247 247 248 248 248 247 247 247 247 247 246 246 246 246 246 246 245 245 187 187 187 186 186
128 127 125 124 123 123 122 121 120 118 118 117 116 115 114 113 112 111 110 109 112 111 110 109 109 109 109 109 109 254 254 254 254 254 254 253 253 253 253 253 253 252 252 252 252 252 252 251 251 251 251 251 251 250 250 250 250 250 249 249 249 249 249 249 248 248 248 248 248 247 247 247 248 248 248 247 247 247 247 247 246 246 246 246 246 246 245 245 245 245 187 186 186 186
127 126 126 125 124 123 122 122 120 119 118 117 116 116 114 113 112 111 110 114 113 111 110 109 109 109 109 108 108 108 108 254 254 254 253 253 253 253 253 253 252 252 252 252 252 252 251 251 251 251 251 250 250 250 250 250 250 249 249 249 249 249 249 248 248 248 248 248 247 247 247 247 248 248 247 247 247 247 247 246 246 246 246 246 246 245 245 245 245 245 186 186 186 186
128 127 126 125 125 124 122 121 120 120 119 118 117 115 114 114 113 112 111 114 112 112 111 110 109 109 108 108 108 108 108 108 253 253 253 253 253 253 252 252 252 252 252 252 251 251 251 251 251 251 250 250 250 250 250 250 249 249 249 249 249 249 248 248 248 248 248 247 247 247 247 248 248 247 247 247 247 247 246 246 246 246 246 246 245 245 245 245 245 244 244 186 186 186
129 128 127 126 125 123 123 122 121 120 119 119 117 116 115 114 113 113 111 114 113 112 111 110 110 108 108 108 108 108 108 107 107 107 253 253 253 252 252 252 252 252 252 251 251 251 251 251 251 250 250 250 250 250 250 249 249 249 249 249 249 248 248 248 248 248 247 247 247 247 247 248 247 247 247 247 247 246 246 246 246 246 246 245 245 245 245 245 244 244 244 186 186 186
129 128 128 126 125 124 123 122 122 121 119 118 117 116 116 115 114 112 115 114 114 113 112 110 109 108 108 108 108 108 107 107 107 107 107 253 252 252 252 252 252 252 251 251 251 251 251 251 250 250 250 250 250 250 249 249 249 249 249 249 248 248 248 248 248 247 247 247 247 247 248 247 247 247 247 247 247 246 246 246 246 246 245 245 245 245 245 244 244 244 244 244 186 185
130 129 127 126 126 125 124 123 122 120 120 119 118 117 116 115 114 113 116 115 114 113 111 111 110 109 108 108 108 107 107 107 107 107 107 106 252 252 252 252 252 251 251 251 251 251 251 250 250 250 250 250 250 249 249 249 249 249 249 248 248 248 248 248 247 247 247 247 247 247 247 247 247 247 247 247 246 246 246 246 246 245 245 245 245 245 244 244 244 244 244 244 185 185
129 129 128 127 126 125 124 123 122 121 120 119 118 118 116 115 114 113 116 116 115 113 112 111 110 109 109 107 107 107 107 107 107 107 106 106 106 106 252 252 251 251 251 251 251 251 250 250 250 250 250 250 249 249 249 249 249 249 248 248 248 248 248 247 247 247 247 247 247 246 247 247 247 247 247 246 246 246 246 246 245 245 245 245 245 244 244 244 244 244 244 243 243 185
130 129 128 128 127 126 124 123 122 122 121 120 119 117 116 116 115 118 117 115 114 113 113 112 111 110 108 107 107 107 107 107 106 106 106 106 106 106 106 105 251 251 251 251 251 250 250 250 250 250 250 249 249 249 249 249 249 248 248 248 248 248 247 247 247 247 247 247 246 247 247 247 247 247 246 246 246 246 246 245 245 245 245 245 245 244 244 244 244 244 243 243 243 185
131 130 129 128 126 125 125 124 123 122 121 119 119 118 117 116 115 118 117 116 115 114 113 112 111 110 109 108 107 107 107 106 106 106 106 106 106 105 105 105 105 251 251 251 250 250 250 250 250 250 249 249 249 249 249 248 248 248 248 248 248 247 247 247 247 247 247 246 246 247 247 247 247 246 246 246 246 246 245 245 245 245 245 245 244 244 244 244 244 243 243 243 243 243
131 130 130 128 127 126 125 124 124 123 121 120 119 118 118 117 120 118 117 116 115 115 114 112 111 110 109 108 107 107 106 106 106 106 106 106 105 105 105 105 105 105 104 250 250 250 250 250 249 249 249 249 249 249 248 248 248 248 248 248 247 247 247 247 247 247 246 246 247 247 247 247 246 246 246 246 246 245 245 245 245 245 245 244 244 244 244 244 243 243 243 243 243 267
132 130 129 128 128 127 126 125 123 122 121 121 120 119 118 116 119 119 118 117 116 115 113 112 112 111 110 109 108 106 106 106 106 106 106 105 105 105 105 105 105 104 104 104 250 250 250 249 249 249 249 249 249 248 248 248 248 248 248 247 247 247 247 247 247 246 246 246 247 247 247 246 246 246 246 246 245 245 245 245 245 245 244 244 244 244 244 243 243 243 268 268 268 311
131 131 130 129 128 127 126 125 124 123 122 121 120 120 118 117 120 119 118 117 117 115 114 113 112 111 110 108 108 107 106 106 106 106 105 105 105 105 105 105 104 104 104 104 104 104 249 249 249 249 249 249 248 248 248 248 248 248 247 247 247 247 247 247 246 246 246 247 247 247 246 246 246 246 246 245 245 245 245 245 245 244 244 244 244 244 243 268 268 268 268 268 311 311
132 131 130 130 129 127 126 125 124 123 123 122 120 119 118 121 121 120 119 117 116 115 114 113 113 112 110 109 108 107 106 106 105 105 105 105 105 105 105 104 104 104 104 104 104 103 103 103 249 249 249 248 248 248 248 248 248 247 247 247 247 247 247 246 246 246 246 247 247 246 246 246 246 246 245 245 245 245 245 245 244 244 244 244 244 268 268 268 268 268 268 311 311 312
133 132 131 130 128 127 127 126 125 124 123 121 120 120 119 122 121 120 118 117 117 116 115 114 113 111 110 110 109 108 107 105 105 105 105 105 105 105 104 104 104 104 104 104 103 103 103 103 103 103 248 248 248 248 248 248 247 247 247 247 247 247 246 246 246 246 246 246 246 246 246 246 246 245 245 245 245 245 245 244 244 244 244 244 268 268 268 268 268 312 311 311 311 312
133 132 131 130 129 128 127 126 125 124 123 122 121 120 119 122 121 120 119 118 117 116 115 114 113 112 111 110 109 108 106 106 105 105 105 105 104 104 104 104 104 104 104 103 103 103 103 103 103 102 102 102 248 248 248 247 247 247 247 247 247 246 246 246 246 246 246 246 246 246 246 246 245 245 245 245 245 245 244 244 244 244 269 268 268 268 268 268 312 311 311 311 312 312
134 132 131 130 129 129 128 127 125 124 123 122 122 121 124 122 121 120 119 119 118 117 115 114 113 112 111 111 110 108 107 106 105 105 105 104 104 104 104 104 104 103 103 103 103 103 103 103 102 102 102 102 102 102 247 247 247 247 247 247 246 246 246 246 246 245 246 246 246 246 246 245 245 245 245 245 245 244 244 244 244 269 268 268 268 268 268 312 311 311 311 311 312 312
133 133 132 131 130 129 127 126 126 125 124 123 122 121 123 123 122 121 120 119 117 116 115 115 114 113 112 110 109 108 107 107 106 105 104 104 104 104 104 104 103 103 103 103 103 103 102 102 102 102 102 102 101 101 101 247 247 247 246 246 246 246 246 246 245 246 246 246 246 246 245 245 245 245 245 245 244 244 244 269 269 268 268 268 268 268 312 311 311 311 311 311 312 312
134 133 132 131 131 129 128 127 126 125 124 124 122 121 124 123 122 121 121 119 118 117 116 115 114 113 112 111 110 109 108 107 105 104 104 104 104 104 104 103 103 103 103 103 103 102 102 102 102 102 102 101 101 101 101 101 101 246 246 246 246 246 246 245 245 246 246 246 246 245 245 245 245 245 245 244 244 244 269 269 268 268 268 268 268 312 311 311 311 311 311 312 312 312
135 134 133 131 130 129 128 128 127 126 125 123 122 125 125 124 123 122 120 119 118 117 117 116 114 113 112 111 110 109 108 107 106 105 104 104 104 104 103 103 103 103 103 103 102 102 102 102 102 102 101 101 101 101 101 101 100 100 100 100 246 246 245 245 245 246 246 246 245 245 245 245 245 245 244 244 244 269 269 268 268 268 268 268 312 311 311 311 311 311 311 312 312 312
135 134 132 132 131 130 129 128 127 125 125 124 123 126 125 124 122 121 121 120 119 118 117 115 114 113 113 112 111 110 108 107 106 105 104 104 103 103 103 103 103 103 103 102 102 102 102 102 102 101 101 101 101 101 101 100 100 100 100 100 100 99 245 245 246 246 246 245 245 245 245 245 245 244 244 244 269 269 268 268 268 268 268 312 311 311 311 311 311 311 312 312 312 312
135 134 133 132 131 130 130 128 127 126 125 124 123 126 126 124 123 122 121 120 119 118 117 116 115 114 113 112 110 109 109 108 107 106 105 103 103 103 103 103 103 102 102 102 102 102 102 102 101 101 101 101 101 101 100 100 100 100 100 100 99 99 99 99 246 246 245 245 245 245 245 245 244 244 244 269 269 268 268 268 268 268 312 311 311 311 311 311 311 311 312 312 312 312
135 134 134 133 132 131 129 128 127 127 126 125 128 126 125 124 123 123 122 121 119 118 117 116 115 114 114 112 111 110 109 108 107 106 104 104 103 103 103 103 102 102 102 102 102 102 101 101 101 101 101 101 101 100 100 100 100 100 100 99 99 99 99 100 100 99 245 245 245 245 244 244 244 269 269 269 268 268 268 268 268 312 311 311 311 311 311 311 311 312 312 312 312 312
136 135 134 133 131 131 130 129 128 127 126 125 127 127 126 125 124 123 122 120 119 119 118 117 116 115 113 112 111 110 110 109 107 106 105 104 103 103 103 102 102 102 102 102 102 101 101 101 101 101 101 100 100 100 100 100 100 100 99 99 99 99 99 100 99 99 99 99 245 244 244 244 269 269 269 268 268 268 268 268 312 311 311 311 311 311 311 311 311 312 312 312 312 312
136 136 135 133 132 131 130 129 128 128 126 125 128 127 126 125 124 123 122 121 120 119 118 117 115 114 114 113 112 111 110 108 107 106 105 105 104 103 102 102 102 102 102 102 101 101 101 101 101 101 100 100 100 100 100 100 99 99 99 99 99 99 98 99 99 99 99 99 98 98 98 244 269 269 268 268 268 268 268 312 311 311 311 311 311 311 311 311 311 312 312 312 312 312
137 135 134 133 132 132 131 130 128 127 126 125 129 128 127 126 124 123 122 121 120 120 119 117 116 115 114 113 112 111 109 109 108 107 106 105 103 102 102 102 102 102 102 101 101 101 101 101 101 100 100 100 100 100 100 99 99 99 99 99 99 98 99 99 99 99 99 98 98 98 98 123 123 268 268 268 268 268 312 311 311 311 311 311 311 311 311 311 312 312 312 312 312 312
