testData/tiles/oneDegree/grid28.0-10.0-29.0-11.0.asc
ncols   200
nrows   200
xllcorner   28.0
yllcorner   10.0
cellsize   0.005
NODATA_value   -9999.0
[rows 160 to 199 of 200, columns 91 to 181 of 200]
837 838 838 838 838 838 838 838 838 838 838 839 839 840 840 841 841 841 842 852 747 748 748 749 749 749 751 751 751 762 762 762 763 763 763 763 763 763 763 764 764 764 763 764 764 764 764 765 764 764 764 765 765 764 764 764 765 765 764 764 764 764 765 764 764 764 764 764 763 764 764 764 763 763 763 763 762 762 763 763 762 762 762 762 761 761 761 761 760 760 760
838 839 839 839 839 839 839 839 839 839 838 838 838 838 839 839 839 840 850 852 852 747 748 747 747 748 748 748 750 750 761 761 761 761 762 762 762 763 762 762 762 763 763 763 762 763 763 763 763 764 763 763 763 763 764 763 763 763 763 764 764 763 763 763 762 763 763 763 763 762 762 762 762 762 762 762 762 761 761 761 761 760 760 760 761 760 760 760 760 759 759
838 839 839 839 839 839 839 839 839 839 839 839 839 839 839 838 838 848 849 850 850 746 746 746 747 747 747 747 747 749 760 760 760 760 760 760 761 761 761 762 761 761 761 762 762 762 761 762 762 762 762 762 762 762 762 762 762 762 762 762 762 761 762 762 762 761 761 761 762 762 761 761 761 761 760 760 760 761 760 760 760 760 759 759 759 759 758 758 758 758 757
838 839 839 839 839 839 839 839 839 839 839 839 839 839 839 849 849 849 849 849 849 744 744 745 745 746 746 746 746 746 746 759 759 759 760 760 759 759 760 760 760 761 760 760 760 761 761 760 760 761 761 761 760 760 761 761 761 760 760 761 761 761 760 760 760 761 760 760 760 760 760 759 760 760 760 759 759 759 759 758 758 758 758 758 758 758 758 757 757 757 757
839 840 840 840 840 840 840 840 840 840 839 839 839 839 849 849 849 849 849 850 850 850 744 744 744 744 744 745 745 745 746 756 756 758 758 758 759 758 758 758 759 759 759 759 759 759 759 760 760 759 759 759 760 760 759 759 760 760 760 759 759 759 760 759 759 759 759 759 758 759 759 759 758 758 758 758 757 758 758 758 757 757 757 757 756 756 756 756 755 755 755
839 840 840 840 840 840 840 840 840 840 840 840 840 850 850 849 849 849 849 850 850 850 745 745 745 744 744 744 744 744 744 744 756 755 755 756 757 757 758 757 757 757 758 758 758 757 758 758 758 758 758 758 758 758 759 758 758 758 758 759 758 758 758 758 757 758 758 758 758 757 757 757 757 757 757 757 757 756 756 756 756 755 755 755 756 755 755 755 754 754 754
839 840 840 840 840 840 840 840 840 840 840 840 850 850 850 850 850 850 850 850 850 850 745 745 745 745 745 745 744 744 744 744 755 755 755 754 754 755 756 756 757 756 756 756 757 757 756 756 757 757 757 757 757 757 757 757 756 757 757 757 757 756 756 757 757 756 756 756 756 757 756 756 756 756 755 755 755 755 755 755 755 755 754 754 754 753 753 753 753 752 752
840 840 841 841 841 841 841 841 841 841 840 850 850 850 850 850 850 850 850 851 851 851 850 745 745 745 745 745 745 745 744 744 744 755 755 755 755 754 754 754 755 755 755 755 755 755 755 756 755 755 755 756 756 755 755 756 756 756 755 755 756 756 755 755 755 755 755 755 755 755 755 754 754 754 755 754 754 754 754 753 753 753 752 752 752 752 752 752 752 753 752
840 840 841 841 841 841 841 841 841 851 851 851 851 851 851 850 850 850 850 851 851 851 851 746 746 745 745 745 745 745 745 745 744 755 755 755 755 755 755 754 754 754 754 755 754 754 754 754 754 754 754 754 754 755 754 754 754 754 755 754 754 754 754 753 754 754 754 753 753 753 753 754 753 753 753 753 752 752 752 751 752 752 752 751 751 751 751 750 751 751 751
840 840 841 841 841 841 841 841 851 851 851 851 851 851 851 851 851 851 851 851 851 851 851 746 746 746 746 745 745 745 745 745 745 745 755 755 755 755 755 755 754 754 754 754 754 754 754 754 754 754 754 753 753 753 753 752 752 753 753 753 752 752 753 753 752 752 752 752 752 752 752 752 751 751 751 751 751 751 751 751 750 750 750 750 749 749 750 750 749 749 750
840 841 842 842 842 842 842 852 852 852 851 851 851 851 851 851 851 851 851 852 852 852 851 746 746 746 746 746 746 746 745 745 745 745 756 756 755 755 755 755 755 755 754 754 754 754 754 753 753 754 754 754 753 753 753 753 753 752 752 752 752 751 751 751 751 750 751 751 751 750 750 750 750 750 750 750 750 749 749 749 749 748 748 749 750 749 749 749 749 748 748
840 840 842 842 842 842 852 852 852 852 852 852 852 852 852 851 851 851 851 852 852 852 852 852 746 746 746 746 746 746 746 746 745 745 745 756 756 756 755 755 755 755 755 754 754 754 754 754 753 753 753 753 753 753 753 753 753 753 752 752 752 752 751 751 751 751 750 750 750 750 749 749 749 749 748 748 748 748 747 748 748 748 748 748 748 748 747 747 747 746 746
840 840 841 842 842 852 852 852 852 852 852 852 852 852 852 852 852 852 851 852 852 852 852 852 747 747 747 746 746 746 746 746 746 746 745 756 756 756 756 755 755 755 755 755 755 754 754 754 754 754 753 753 753 753 752 752 752 752 753 752 752 752 752 751 751 751 751 750 750 750 750 749 749 749 749 748 748 748 748 747 747 748 748 747 747 747 746 746 746 746 745
841 841 842 852 852 853 853 853 853 853 852 852 852 852 852 852 852 852 852 853 853 852 852 852 747 747 747 747 747 746 746 746 746 746 746 745 756 756 756 756 756 755 755 755 755 755 754 754 754 754 754 753 753 753 753 752 752 752 752 752 751 751 751 751 751 751 751 751 750 750 750 750 749 749 749 749 748 748 748 749 748 748 748 747 747 747 747 746 746 745 745
841 841 852 852 852 852 853 853 853 853 853 853 853 853 853 852 852 852 852 853 853 853 853 853 852 747 747 747 747 747 747 746 746 746 746 746 746 756 756 756 756 756 755 755 755 755 755 754 754 754 754 754 753 753 753 753 753 752 752 752 752 751 751 751 751 750 750 750 750 749 749 749 749 748 748 748 748 747 748 748 748 747 747 747 746 746 746 746 745 745 745
842 851 852 852 852 852 852 852 853 853 853 853 853 853 853 853 853 853 852 852 853 853 853 853 853 748 747 747 747 747 747 747 747 746 746 746 746 757 757 756 756 756 756 756 755 755 755 755 755 754 754 754 754 753 753 753 753 753 752 752 752 752 751 751 751 751 750 750 750 750 749 749 749 749 748 748 749 749 748 748 748 747 747 747 747 746 746 746 746 745 745
852 852 853 853 853 853 853 853 853 854 853 853 853 853 853 853 853 853 853 853 854 853 853 853 853 748 748 748 747 747 747 747 747 747 747 746 746 746 757 757 756 756 756 756 756 755 755 755 755 755 754 754 754 754 753 753 753 753 753 752 752 752 752 751 751 751 751 750 750 750 750 749 749 749 750 749 749 749 748 748 748 748 747 747 747 747 746 746 746 745 745
852 852 853 853 853 853 853 853 853 853 853 854 854 854 853 853 853 853 853 853 854 854 854 854 853 748 748 748 748 748 747 747 747 747 747 747 746 746 757 757 757 757 756 756 756 756 755 755 755 755 755 754 754 754 754 753 753 753 753 753 752 752 752 752 751 751 751 751 750 750 750 750 749 750 750 749 749 749 749 748 748 748 748 747 747 747 746 746 746 746 745
853 853 853 853 853 853 853 853 853 853 853 853 854 854 854 854 854 854 853 853 854 854 854 854 854 854 748 748 748 748 748 748 747 747 747 747 747 747 746 757 757 757 757 756 756 756 756 756 755 755 755 755 754 754 754 754 754 753 753 753 753 752 752 752 752 751 751 751 751 750 750 751 750 750 750 750 749 749 749 749 748 748 748 747 747 747 747 746 746 747 747
853 853 853 854 854 854 854 854 854 854 853 853 853 853 854 854 854 854 854 854 855 854 854 854 854 854 749 749 748 748 748 748 748 748 747 747 747 747 747 757 757 757 757 757 756 756 756 756 756 755 755 755 755 754 754 754 754 754 753 753 753 753 752 752 752 752 751 751 751 750 751 751 751 750 750 750 750 749 749 749 749 748 748 748 747 747 747 748 747 747 747
853 853 853 854 854 854 854 854 854 854 854 854 854 854 853 853 854 854 854 854 854 855 855 854 854 854 749 749 749 749 748 748 748 748 748 748 747 747 747 747 758 757 757 757 757 756 756 756 756 756 755 755 755 755 754 754 754 754 753 753 753 753 752 752 752 752 751 751 752 752 751 751 751 751 750 750 750 750 749 749 749 748 748 748 748 748 748 748 747 747 747
854 854 853 854 854 854 854 854 854 854 854 854 854 854 854 854 854 854 854 854 854 855 855 855 855 854 854 749 749 749 749 749 748 748 748 748 748 747 747 747 747 758 757 757 757 757 757 756 756 756 756 755 755 755 755 754 754 754 754 753 753 753 753 752 752 752 752 752 752 752 752 751 751 751 751 750 750 750 749 749 749 749 748 748 749 748 748 748 748 747 747
854 854 854 855 855 855 855 855 855 855 854 854 854 854 854 854 854 854 854 855 854 855 855 855 855 855 855 749 749 749 749 749 749 748 748 748 748 748 747 747 747 758 758 757 757 757 757 757 756 756 756 756 755 755 755 755 754 754 754 754 753 753 753 753 752 753 753 753 752 752 752 752 751 751 751 750 750 750 750 749 749 749 750 749 749 749 748 748 748 748 747
854 854 854 855 855 855 855 855 855 855 855 855 855 855 854 854 854 854 854 854 854 856 856 855 855 855 855 750 750 749 749 749 749 749 749 748 748 748 748 748 747 747 758 758 757 757 757 757 757 756 756 756 756 755 755 755 755 754 754 754 754 753 753 753 754 753 753 753 753 752 752 752 751 751 751 751 750 750 750 750 749 750 750 749 749 749 749 748 748 748 747
855 855 855 855 855 855 855 855 855 855 855 855 855 855 855 855 855 854 854 854 854 854 855 856 856 855 855 750 750 750 750 749 749 749 749 749 748 748 748 748 748 747 758 758 758 758 757 757 757 757 756 756 756 756 755 755 755 755 754 754 754 754 754 754 754 754 753 753 753 753 752 752 752 751 751 751 751 750 750 751 750 750 750 750 749 749 749 748 748 748 748
855 855 855 855 856 856 856 856 856 856 855 855 855 855 855 855 855 855 855 855 854 854 855 855 855 856 856 855 750 750 750 750 749 749 749 749 749 749 748 748 748 748 747 758 758 758 758 757 757 757 757 756 756 756 756 755 755 755 755 754 754 755 755 754 754 754 754 753 753 753 752 752 752 752 751 751 751 750 751 751 751 750 750 750 749 749 749 749 748 748 748
855 855 855 855 856 856 856 856 856 856 856 856 856 856 855 855 855 855 855 855 855 855 855 855 855 855 855 856 750 750 750 750 750 750 749 749 749 749 749 748 748 748 748 747 758 758 758 758 757 757 757 757 756 756 756 756 755 755 755 755 755 755 755 755 754 754 754 753 753 753 753 752 752 752 752 751 752 752 751 751 751 751 750 750 750 749 749 749 748 748 748
856 856 856 855 856 856 856 856 856 856 856 856 856 856 856 856 856 855 855 855 855 855 856 856 855 855 855 855 750 750 750 750 750 750 750 749 749 749 749 749 748 748 748 748 759 758 758 758 758 757 757 757 757 756 756 756 756 755 756 756 756 755 755 755 754 754 754 754 753 753 753 753 752 752 753 752 752 752 752 751 751 751 750 750 750 750 749 749 749 748 748
856 856 856 856 857 857 857 857 857 857 856 856 856 856 856 856 856 856 856 855 855 855 855 856 856 856 855 855 750 750 750 750 750 750 750 750 750 749 749 749 749 748 748 748 748 759 758 758 758 758 757 757 757 757 756 756 756 757 756 756 756 755 755 755 755 754 754 754 754 753 753 753 752 753 753 753 752 752 752 751 751 751 751 750 750 750 749 749 749 749 748
856 856 856 856 857 857 857 857 857 857 857 857 857 856 856 856 856 856 856 856 856 855 855 856 856 856 856 856 855 750 750 750 750 749 749 750 750 750 749 749 749 749 748 748 748 748 759 758 758 758 758 757 757 757 757 756 757 757 756 756 756 756 755 755 755 755 754 754 754 753 753 753 754 753 753 753 753 752 752 752 751 751 751 750 750 750 750 749 749 749 748
857 857 857 857 856 857 857 857 857 857 857 857 857 857 857 857 856 856 856 856 856 856 856 856 856 856 856 856 856 750 750 750 750 750 749 749 749 749 750 749 749 749 749 748 748 748 759 759 758 758 758 758 757 757 758 757 757 757 757 756 756 756 756 755 755 755 755 754 754 754 754 754 754 754 753 753 753 752 752 752 752 751 751 751 750 750 750 749 749 750 750
857 857 857 857 857 858 858 858 858 857 857 857 857 857 857 857 857 857 857 856 856 856 856 856 857 856 856 856 856 751 751 750 750 750 750 750 749 749 749 749 748 749 749 749 748 748 748 759 759 758 758 758 757 758 758 758 757 757 757 757 756 756 756 756 755 755 755 754 754 755 755 754 754 754 753 753 753 753 752 752 752 751 751 751 750 750 750 751 750 750 750
857 857 857 857 857 858 858 858 858 858 858 858 858 857 857 857 857 857 857 857 857 856 856 856 857 857 857 856 856 751 751 751 750 750 750 750 750 749 749 749 749 748 748 748 749 748 748 748 759 758 758 758 759 758 758 758 758 757 757 757 757 756 756 756 755 755 755 756 755 755 755 754 754 754 754 753 753 753 752 752 752 752 751 751 751 750 751 751 750 750 750
857 858 858 858 857 858 858 858 858 858 858 858 858 858 858 858 857 857 857 857 857 857 857 856 856 857 857 857 856 856 751 751 751 750 750 750 750 750 749 749 749 749 748 748 748 748 747 747 759 759 759 759 759 759 758 758 758 758 757 757 757 756 756 756 756 755 756 756 756 755 755 755 754 754 754 753 753 753 753 752 752 752 751 751 752 752 751 751 751 750 750
857 857 857 858 858 858 859 859 859 858 858 858 858 858 858 858 858 858 857 857 857 857 857 857 856 857 857 857 857 857 751 751 751 751 751 750 750 750 750 749 749 749 749 748 748 748 748 747 747 759 759 758 758 759 759 758 758 758 758 757 757 757 756 756 757 757 756 756 756 755 755 755 755 754 754 754 753 753 753 752 752 752 752 752 752 752 751 751 751 750 750
857 857 857 857 858 858 859 859 859 859 859 859 859 858 858 858 858 858 858 858 857 857 857 857 857 858 857 857 857 857 752 751 751 751 751 751 750 750 750 750 749 749 749 749 748 748 748 748 748 748 759 759 758 758 758 758 757 757 758 757 757 757 757 757 757 757 756 756 756 756 755 755 755 754 754 754 754 753 753 753 752 753 753 752 752 752 752 751 751 751 750
858 858 858 858 857 857 859 859 859 859 859 859 859 859 859 858 858 858 858 858 858 858 857 857 857 857 858 858 857 857 752 752 751 751 751 751 751 750 750 750 750 749 749 749 749 748 749 749 749 748 759 759 759 758 758 758 757 757 757 757 756 756 757 756 756 756 756 756 756 756 755 755 755 755 754 754 754 753 753 753 753 753 753 753 752 752 751 750 750 750 749
858 858 858 858 858 858 858 859 860 859 859 859 859 859 859 859 859 859 858 858 858 858 858 858 857 857 858 858 858 857 857 752 752 752 751 751 751 751 750 750 750 750 749 749 749 750 749 749 749 749 748 759 759 758 758 758 758 757 757 757 758 757 757 757 756 756 756 756 755 755 755 754 754 754 753 753 753 753 753 753 753 752 752 752 751 751 751 750 750 750 750
858 858 858 858 858 858 858 859 859 859 860 860 859 859 859 859 859 859 859 859 858 858 858 858 858 857 857 858 858 858 857 752 752 752 752 751 751 751 751 750 750 750 750 749 750 750 750 749 749 749 749 748 759 759 758 758 758 758 757 758 758 757 757 757 757 756 756 756 755 755 755 754 754 754 754 753 753 754 753 753 753 752 752 752 752 751 751 751 750 750 750
859 859 859 859 858 858 858 859 859 859 859 860 860 860 860 859 859 859 859 859 859 858 858 858 858 858 858 858 858 858 858 752 752 752 752 752 751 751 751 751 750 750 750 751 750 750 750 750 749 749 749 748 759 759 759 758 758 758 758 758 758 758 757 757 757 756 756 756 756 755 755 755 754 754 754 754 754 754 754 753 753 753 752 752 752 751 751 751 750 750 750
