testData/tiles/oneDegree/grid35.0-43.0-36.0-44.0.asc
ncols   200
nrows   200
xllcorner   35.0
yllcorner   43.0
cellsize   0.005
NODATA_value   -9999.0
[rows 84 to 125 of 200, columns 94 to 187 of 200]
665 665 665 665 666 666 666 667 667 667 668 668 668 668 669 669 669 669 670 670 670 671 671 671 671 672 672 672 672 673 673 673 673 674 674 674 674 675 675 675 675 676 676 676 676 676 677 677 677 677 678 678 678 678 678 679 679 679 679 679 680 680 680 680 680 681 681 681 681 681 681 682 682 682 682 682 683 683 683 683 683 683 684 684 684 684 684 684 685 685 685 685 685 685
664 665 665 665 665 666 666 666 667 667 667 668 668 668 668 669 669 669 669 670 670 670 671 671 671 671 672 672 672 672 673 673 673 673 674 674 674 674 675 675 675 675 675 676 676 676 676 677 677 677 677 677 678 678 678 678 679 679 679 679 679 680 680 680 680 680 681 681 681 681 681 681 682 682 682 682 682 683 683 683 683 683 683 684 684 684 684 684 684 684 685 685 685 685
664 664 665 665 665 666 666 666 666 667 667 667 668 668 668 668 669 669 669 669 670 670 670 671 671 671 671 672 672 672 672 673 673 673 673 674 674 674 674 675 675 675 675 675 676 676 676 676 677 677 677 677 677 678 678 678 678 678 679 679 679 679 679 680 680 680 680 680 681 681 681 681 681 682 682 682 682 682 682 683 683 683 683 683 683 684 684 684 684 684 684 685 685 685
664 664 664 665 665 665 666 666 666 666 667 667 667 668 668 668 668 669 669 669 670 670 670 670 671 671 671 671 672 672 672 672 673 673 673 673 674 674 674 674 675 675 675 675 675 676 676 676 676 677 677 677 677 677 678 678 678 678 678 679 679 679 679 679 680 680 680 680 680 681 681 681 681 681 681 682 682 682 682 682 683 683 683 683 683 683 683 684 684 684 684 684 684 685
663 664 664 664 665 665 665 666 666 666 666 667 667 667 668 668 668 668 669 669 669 670 670 670 670 671 671 671 671 672 672 672 672 673 673 673 673 674 674 674 674 674 675 675 675 675 676 676 676 676 677 677 677 677 677 678 678 678 678 678 679 679 679 679 679 680 680 680 680 680 681 681 681 681 681 681 682 682 682 682 682 682 683 683 683 683 683 683 684 684 684 684 684 684
663 664 664 664 664 665 665 665 666 666 666 666 667 667 667 668 668 668 668 669 669 669 670 670 670 670 671 671 671 671 672 672 672 672 673 673 673 673 674 674 674 674 674 675 675 675 675 676 676 676 676 676 677 677 677 677 678 678 678 678 678 679 679 679 679 679 680 680 680 680 680 680 681 681 681 681 681 682 682 682 682 682 682 683 683 683 683 683 683 683 684 684 684 684
663 663 664 664 664 664 665 665 665 666 666 666 666 667 667 667 668 668 668 668 669 669 669 670 670 670 670 671 671 671 671 672 672 672 672 673 673 673 673 673 674 674 674 674 675 675 675 675 676 676 676 676 676 677 677 677 677 677 678 678 678 678 678 679 679 679 679 679 680 680 680 680 680 681 681 681 681 681 681 682 682 682 682 682 682 683 683 683 683 683 683 684 684 684
663 663 663 664 664 664 664 665 665 665 666 666 666 666 667 667 667 668 668 668 668 669 669 669 669 670 670 670 671 671 671 671 672 672 672 672 673 673 673 673 673 674 674 674 674 675 675 675 675 676 676 676 676 676 677 677 677 677 677 678 678 678 678 678 679 679 679 679 679 680 680 680 680 680 680 681 681 681 681 681 682 682 682 682 682 682 682 683 683 683 683 683 683 684
662 663 663 663 664 664 664 664 665 665 665 666 666 666 667 667 667 667 668 668 668 668 669 669 669 669 670 670 670 671 671 671 671 672 672 672 672 672 673 673 673 673 674 674 674 674 675 675 675 675 675 676 676 676 676 677 677 677 677 677 678 678 678 678 678 679 679 679 679 679 679 680 680 680 680 680 681 681 681 681 681 681 682 682 682 682 682 682 683 683 683 683 683 683
662 662 663 663 663 664 664 664 665 665 665 665 666 666 666 667 667 667 667 668 668 668 668 669 669 669 669 670 670 670 670 671 671 671 671 672 672 672 672 673 673 673 673 674 674 674 674 675 675 675 675 675 676 676 676 676 676 677 677 677 677 677 678 678 678 678 678 679 679 679 679 679 680 680 680 680 680 680 681 681 681 681 681 681 682 682 682 682 682 682 683 683 683 683
662 662 662 663 663 663 664 664 664 665 665 665 665 666 666 666 667 667 667 667 668 668 668 668 669 669 669 669 670 670 670 670 671 671 671 671 672 672 672 672 673 673 673 673 674 674 674 674 674 675 675 675 675 676 676 676 676 676 677 677 677 677 677 678 678 678 678 678 679 679 679 679 679 679 680 680 680 680 680 681 681 681 681 681 681 682 682 682 682 682 682 682 683 683
662 662 662 662 663 663 663 664 664 664 665 665 665 665 666 666 666 666 667 667 667 668 668 668 668 669 669 669 669 670 670 670 670 671 671 671 671 672 672 672 672 673 673 673 673 674 674 674 674 674 675 675 675 675 676 676 676 676 676 677 677 677 677 677 678 678 678 678 678 678 679 679 679 679 679 680 680 680 680 680 680 681 681 681 681 681 681 682 682 682 682 682 682 683
661 662 662 662 662 663 663 663 664 664 664 665 665 665 665 666 666 666 666 667 667 667 668 668 668 668 669 669 669 669 670 670 670 670 671 671 671 671 672 672 672 672 673 673 673 673 673 674 674 674 674 675 675 675 675 675 676 676 676 676 676 677 677 677 677 677 678 678 678 678 678 679 679 679 679 679 679 680 680 680 680 680 681 681 681 681 681 681 681 682 682 682 682 683
661 661 662 662 662 662 663 663 663 664 664 664 665 665 665 665 666 666 666 666 667 667 667 668 668 668 668 669 669 669 669 670 670 670 670 671 671 671 671 672 672 672 672 673 673 673 673 673 674 674 674 674 675 675 675 675 675 676 676 676 676 676 677 677 677 677 677 678 678 678 678 678 678 679 679 679 679 679 680 680 680 680 680 680 681 681 681 681 681 681 682 682 683 683
661 661 661 662 662 662 662 663 663 663 664 664 664 665 665 665 665 666 666 666 666 667 667 667 668 668 668 668 669 669 669 669 670 670 670 670 671 671 671 671 672 672 672 672 672 673 673 673 673 674 674 674 674 674 675 675 675 675 676 676 676 676 676 677 677 677 677 677 677 678 678 678 678 678 679 679 679 679 679 679 680 680 680 680 680 680 681 681 681 681 681 682 683 683
660 661 661 661 662 662 662 662 663 663 663 664 664 664 664 665 665 665 666 666 666 666 667 667 667 667 668 668 668 669 669 669 669 670 670 670 670 671 671 671 671 671 672 672 672 672 673 673 673 673 674 674 674 674 674 675 675 675 675 675 676 676 676 676 676 677 677 677 677 677 678 678 678 678 678 678 679 679 679 679 679 680 680 680 680 680 680 681 681 681 682 682 682 683
660 660 661 661 661 662 662 662 662 663 663 663 664 664 664 664 665 665 665 666 666 666 666 667 667 667 667 668 668 668 668 669 669 669 669 670 670 670 670 671 671 671 671 672 672 672 672 673 673 673 673 673 674 674 674 674 675 675 675 675 675 676 676 676 676 676 677 677 677 677 677 677 678 678 678 678 678 679 679 679 679 679 679 680 680 680 680 680 680 682 682 682 682 683
660 660 660 661 661 661 662 662 662 662 663 663 663 664 664 664 664 665 665 665 666 666 666 666 667 667 667 667 668 668 668 668 669 669 669 669 670 670 670 670 671 671 671 671 672 672 672 672 672 673 673 673 673 674 674 674 674 674 675 675 675 675 675 676 676 676 676 676 677 677 677 677 677 678 678 678 678 678 678 679 679 679 679 679 679 680 680 680 680 681 681 682 683 683
659 660 660 660 661 661 661 662 662 662 662 663 663 663 664 664 664 664 665 665 665 666 666 666 666 667 667 667 667 668 668 668 668 669 669 669 669 670 670 670 670 671 671 671 671 672 672 672 672 672 673 673 673 673 674 674 674 674 674 675 675 675 675 675 676 676 676 676 676 677 677 677 677 677 677 678 678 678 678 678 678 679 679 679 679 679 679 680 681 681 681 682 682 683
659 659 660 660 660 661 661 661 662 662 662 662 663 663 663 664 664 664 664 665 665 665 665 666 666 666 667 667 667 667 668 668 668 668 669 669 669 669 670 670 670 670 671 671 671 671 671 672 672 672 672 673 673 673 673 673 674 674 674 674 674 675 675 675 675 675 676 676 676 676 676 677 677 677 677 677 678 678 678 678 678 678 679 679 679 679 679 680 681 681 682 682 682 683
659 659 659 660 660 660 661 661 661 662 662 662 662 663 663 663 664 664 664 664 665 665 665 665 666 666 666 667 667 667 667 668 668 668 668 669 669 669 669 670 670 670 670 670 671 671 671 671 672 672 672 672 672 673 673 673 673 674 674 674 674 674 675 675 675 675 675 676 676 676 676 676 676 677 677 677 677 677 678 678 678 678 678 678 679 679 680 680 680 681 682 682 682 683
658 659 659 659 660 660 660 661 661 661 661 662 662 662 663 663 663 664 664 664 664 665 665 665 665 666 666 666 666 667 667 667 667 668 668 668 668 669 669 669 669 670 670 670 670 671 671 671 671 672 672 672 672 672 673 673 673 673 673 674 674 674 674 674 675 675 675 675 675 676 676 676 676 676 677 677 677 677 677 677 678 678 678 678 678 678 680 680 680 681 681 681 683 683
658 658 659 659 659 660 660 660 661 661 661 661 662 662 662 663 663 663 663 664 664 664 665 665 665 665 666 666 666 666 667 667 667 667 668 668 668 668 669 669 669 669 670 670 670 670 671 671 671 671 671 672 672 672 672 673 673 673 673 673 674 674 674 674 674 675 675 675 675 675 676 676 676 676 676 676 677 677 677 677 677 677 678 678 678 679 679 679 681 681 681 682 682 682
658 658 658 659 659 659 660 660 660 661 661 661 661 662 662 662 663 663 663 663 664 664 664 665 665 665 665 666 666 666 666 667 667 667 667 668 668 668 668 669 669 669 669 670 670 670 670 670 671 671 671 671 672 672 672 672 672 673 673 673 673 673 674 674 674 674 674 675 675 675 675 675 676 676 676 676 676 676 677 677 677 677 677 678 679 679 679 680 680 681 682 682 682 682
657 658 658 658 659 659 659 660 660 660 661 661 661 661 662 662 662 663 663 663 663 664 664 664 664 665 665 665 666 666 666 666 667 667 667 667 668 668 668 668 669 669 669 669 669 670 670 670 670 671 671 671 671 671 672 672 672 672 673 673 673 673 673 674 674 674 674 674 675 675 675 675 675 675 676 676 676 676 676 677 677 677 677 678 678 679 679 680 680 680 681 682 682 683
657 657 658 658 658 659 659 659 660 660 660 661 661 661 661 662 662 662 663 663 663 663 664 664 664 664 665 665 665 665 666 666 666 666 667 667 667 667 668 668 668 668 669 669 669 669 670 670 670 670 671 671 671 671 671 672 672 672 672 672 673 673 673 673 673 674 674 674 674 674 675 675 675 675 675 676 676 676 676 676 676 677 677 678 678 678 679 680 680 681 681 681 682 683
657 657 657 658 658 658 659 659 659 660 660 660 660 661 661 661 662 662 662 662 663 663 663 664 664 664 664 665 665 665 665 666 666 666 666 667 667 667 667 668 668 668 668 669 669 669 669 670 670 670 670 670 671 671 671 671 671 672 672 672 672 673 673 673 673 673 674 674 674 674 674 674 675 675 675 675 675 676 676 676 676 676 677 678 678 679 679 679 680 681 681 681 682 682
656 657 657 657 658 658 658 659 659 659 660 660 660 660 661 661 661 662 662 662 662 663 663 663 663 664 664 664 665 665 665 665 666 666 666 666 667 667 667 667 668 668 668 668 669 669 669 669 669 670 670 670 670 671 671 671 671 671 672 672 672 672 672 673 673 673 673 673 674 674 674 674 674 675 675 675 675 675 675 676 676 677 677 677 677 679 679 679 680 680 680 682 682 682
656 656 657 657 657 658 658 658 659 659 659 660 660 660 660 661 661 661 662 662 662 662 663 663 663 663 664 664 664 664 665 665 665 666 666 666 666 667 667 667 667 667 668 668 668 668 669 669 669 669 670 670 670 670 670 671 671 671 671 671 672 672 672 672 673 673 673 673 673 673 674 674 674 674 674 675 675 675 675 675 675 677 677 677 678 678 678 680 680 680 681 681 681 683
656 656 656 657 657 657 658 658 658 659 659 659 659 660 660 660 661 661 661 661 662 662 662 663 663 663 663 664 664 664 664 665 665 665 665 666 666 666 666 667 667 667 667 668 668 668 668 669 669 669 669 669 670 670 670 670 671 671 671 671 671 672 672 672 672 672 673 673 673 673 673 674 674 674 674 674 674 675 675 675 676 676 677 678 678 678 679 679 679 680 681 681 681 682
655 656 656 656 657 657 657 658 658 658 659 659 659 659 660 660 660 661 661 661 661 662 662 662 662 663 663 663 664 664 664 664 665 665 665 665 666 666 666 666 667 667 667 667 668 668 668 668 668 669 669 669 669 670 670 670 670 670 671 671 671 671 671 672 672 672 672 672 673 673 673 673 673 674 674 674 674 674 674 675 676 676 676 677 678 678 679 679 679 680 680 681 682 682
655 655 656 656 656 657 657 657 658 658 658 658 659 659 659 660 660 660 660 661 661 661 662 662 662 662 663 663 663 663 664 664 664 665 665 665 665 666 666 666 666 666 667 667 667 667 668 668 668 668 669 669 669 669 669 670 670 670 670 671 671 671 671 671 672 672 672 672 672 673 673 673 673 673 673 674 674 674 674 675 676 676 677 677 677 678 679 679 680 680 680 681 681 682
655 655 655 656 656 656 657 657 657 658 658 658 658 659 659 659 660 660 660 660 661 661 661 662 662 662 662 663 663 663 663 664 664 664 664 665 665 665 665 666 666 666 666 667 667 667 667 668 668 668 668 668 669 669 669 669 670 670 670 670 670 671 671 671 671 671 672 672 672 672 672 673 673 673 673 673 673 674 675 675 675 676 677 677 678 678 678 678 680 680 680 681 681 681
654 655 655 655 656 656 656 657 657 657 657 658 658 658 659 659 659 660 660 660 660 661 661 661 661 662 662 662 663 663 663 663 664 664 664 664 665 665 665 665 666 666 666 666 667 667 667 667 667 668 668 668 668 669 669 669 669 669 670 670 670 670 670 671 671 671 671 671 672 672 672 672 672 673 673 673 673 673 675 675 675 676 676 676 678 678 678 679 679 679 681 681 681 682
654 654 655 655 655 656 656 656 657 657 657 657 658 658 658 659 659 659 659 660 660 660 661 661 661 661 662 662 662 662 663 663 663 663 664 664 664 664 665 665 665 665 666 666 666 666 667 667 667 667 668 668 668 668 668 669 669 669 669 670 670 670 670 670 671 671 671 671 671 672 672 672 672 672 672 673 673 674 674 674 676 676 676 677 677 677 679 679 679 679 680 680 681 682
654 654 654 655 655 655 656 656 656 656 657 657 657 658 658 658 659 659 659 659 660 660 660 660 661 661 661 662 662 662 662 663 663 663 663 664 664 664 664 665 665 665 665 666 666 666 666 667 667 667 667 667 668 668 668 668 669 669 669 669 669 670 670 670 670 670 671 671 671 671 671 672 672 672 672 672 672 674 674 674 675 675 676 677 677 677 678 678 679 680 680 680 681 681
653 654 654 654 655 655 655 656 656 656 656 657 657 657 658 658 658 658 659 659 659 660 660 660 660 661 661 661 661 662 662 662 663 663 663 663 664 664 664 664 665 665 665 665 665 666 666 666 666 667 667 667 667 668 668 668 668 668 669 669 669 669 669 670 670 670 670 670 671 671 671 671 671 672 672 672 673 673 674 675 675 675 676 676 677 678 678 678 679 679 680 680 681 681
653 653 654 654 654 655 655 655 655 656 656 656 657 657 657 658 658 658 658 659 659 659 660 660 660 660 661 661 661 661 662 662 662 662 663 663 663 663 664 664 664 664 665 665 665 665 666 666 666 666 667 667 667 667 667 668 668 668 668 668 669 669 669 669 670 670 670 670 670 670 671 671 671 671 671 672 673 673 673 674 675 675 676 676 676 677 678 678 679 679 679 680 681 681
653 653 653 654 654 654 654 655 655 655 656 656 656 657 657 657 657 658 658 658 659 659 659 659 660 660 660 661 661 661 661 662 662 662 662 663 663 663 663 664 664 664 664 665 665 665 665 665 666 666 666 666 667 667 667 667 667 668 668 668 668 669 669 669 669 669 670 670 670 670 670 671 671 671 671 672 672 673 674 674 674 675 676 676 677 677 677 678 679 679 680 680 680 680
652 653 653 653 653 654 654 654 655 655 655 656 656 656 656 657 657 657 658 658 658 658 659 659 659 660 660 660 660 661 661 661 661 662 662 662 662 663 663 663 663 664 664 664 664 665 665 665 665 666 666 666 666 666 667 667 667 667 668 668 668 668 668 669 669 669 669 669 670 670 670 670 670 671 671 672 672 672 673 674 674 675 675 675 677 677 677 678 678 678 680 680 680 681
652 652 652 653 653 653 654 654 654 655 655 655 656 656 656 656 657 657 657 658 658 658 658 659 659 659 660 660 660 660 661 661 661 661 662 662 662 662 663 663 663 663 664 664 664 664 665 665 665 665 665 666 666 666 666 667 667 667 667 667 668 668 668 668 668 669 669 669 669 669 670 670 670 670 671 672 672 673 673 673 674 675 675 676 676 676 678 678 678 679 679 679 679 681
651 652 652 652 653 653 653 654 654 654 655 655 655 655 656 656 656 657 657 657 657 658 658 658 659 659 659 659 660 660 660 660 661 661 661 661 662 662 662 662 663 663 663 663 664 664 664 664 665 665 665 665 666 666 666 666 666 667 667 667 667 667 668 668 668 668 669 669 669 669 669 669 670 670 671 671 671 673 673 673 674 674 674 676 676 676 677 677 677 679 679 679 680 680
