testData/tiles/oneDegree/grid25.0-18.0-26.0-19.0.asc
ncols   200
nrows   200
xllcorner   25.0
yllcorner   18.0
cellsize   0.005
NODATA_value   -9999.0
[rows 42 to 83 of 200, columns 0 to 93 of 200]
841 842 842 842 842 842 843 843 842 843 843 844 842 842 843 843 843 843 843 844 843 843 843 843 843 843 844 843 843 844 842 843 843 843 843 843 843 842 842 843 842 842 842 842 842 841 841 842 841 841 840 616 617 616 616 616 615 614 615 614 615 615 613 614 614 613 614 612 613 613 612 612 611 611 610 612 610 609 609 610 609 609 609 610 611 610 609 610 611 610 611 611 611 586
841 842 842 842 843 842 843 843 843 842 842 843 843 843 843 843 844 843 843 843 843 843 843 844 843 843 844 843 842 843 843 843 843 843 843 842 843 842 842 843 842 843 842 841 842 842 841 842 840 841 841 616 617 616 616 616 615 616 615 615 614 614 613 614 613 614 613 613 613 614 611 611 611 611 612 610 609 611 610 608 608 609 609 610 609 610 610 610 609 610 611 611 611 611
842 842 842 842 842 841 842 842 843 843 842 843 843 844 843 842 843 843 843 843 843 843 843 844 843 842 843 843 843 843 843 844 842 843 843 842 843 843 843 842 842 842 842 843 842 842 841 841 841 841 768 618 616 616 616 616 615 616 615 615 615 614 615 613 613 613 613 613 613 611 612 612 611 611 611 610 611 610 609 609 609 608 608 609 609 610 608 609 610 610 609 610 610 611
842 842 841 842 842 843 842 842 843 843 843 842 842 843 843 843 843 843 843 843 844 843 842 843 843 844 843 843 844 842 843 843 842 843 843 844 843 842 843 842 843 843 842 842 841 841 842 841 842 842 767 617 616 617 617 616 616 615 615 615 615 614 614 613 614 613 612 612 613 611 612 610 612 611 610 611 610 609 610 609 608 608 608 608 609 608 608 609 609 608 610 610 610 609
842 842 842 842 842 843 843 841 842 842 843 842 843 843 843 843 843 843 843 842 843 843 844 843 843 844 842 843 843 843 843 843 844 843 842 843 842 842 843 842 843 842 841 842 842 842 842 841 841 841 768 617 617 616 616 615 616 615 616 615 614 615 614 614 613 613 613 613 611 611 611 610 611 611 610 610 609 609 610 608 609 608 608 608 608 607 608 608 608 608 609 608 609 610
842 842 842 841 841 842 842 843 842 842 843 843 843 843 842 843 842 843 843 843 843 843 844 843 842 843 843 843 843 843 844 842 843 843 842 843 843 843 842 842 842 842 843 842 842 842 841 842 841 768 769 616 617 616 616 617 616 615 615 615 615 615 613 614 614 613 613 612 611 611 610 612 610 610 610 610 610 609 608 609 609 607 606 607 608 606 607 607 607 609 608 608 609 608
841 841 842 842 842 842 842 843 843 843 842 842 843 842 843 843 843 843 843 844 843 842 843 843 843 843 843 844 842 843 843 842 843 843 843 843 842 843 842 843 843 842 843 841 842 842 841 842 842 768 768 617 617 617 616 616 615 616 616 615 615 614 614 614 614 613 613 611 612 611 610 610 610 611 610 609 609 609 609 609 607 608 608 607 605 606 607 607 607 607 607 609 608 608
841 841 842 842 843 842 841 842 842 842 842 842 843 843 843 843 843 843 842 843 843 843 843 843 844 842 843 843 843 843 843 844 843 842 843 842 843 843 842 843 842 842 842 842 842 842 843 841 768 769 768 617 617 616 617 616 616 616 615 615 615 614 615 614 613 614 612 613 611 611 611 610 610 609 610 609 609 609 608 608 608 608 606 606 606 606 605 606 607 607 607 607 607 608
842 841 841 841 842 842 842 842 842 843 842 843 842 842 842 842 843 843 842 843 843 844 842 842 843 843 843 843 843 843 842 843 843 843 843 843 843 842 843 842 842 843 842 842 842 841 842 842 768 769 767 617 617 616 617 616 616 616 615 616 615 614 614 614 614 613 612 612 611 612 611 610 610 610 609 609 609 608 608 608 608 607 607 606 605 605 606 606 606 606 607 607 608 607
841 842 841 841 842 842 843 842 841 842 842 842 842 843 843 842 843 843 843 842 842 843 843 843 843 843 843 842 843 843 842 843 843 843 843 842 842 842 843 843 842 843 842 842 842 841 842 842 768 768 768 617 617 617 616 616 616 616 616 615 614 615 615 614 614 612 613 612 612 611 611 610 610 610 609 609 608 608 609 607 607 607 606 605 604 604 605 605 606 606 606 606 606 607
841 842 842 842 841 841 842 841 842 842 842 843 842 843 843 842 842 842 843 843 843 843 843 844 842 843 843 842 843 843 844 843 842 843 842 843 843 842 843 842 842 842 842 842 842 842 841 768 769 768 769 617 616 617 616 617 616 615 616 615 615 615 614 613 613 612 613 611 612 611 611 611 610 609 610 609 609 608 607 608 608 605 605 605 605 604 604 604 605 604 605 606 606 605
840 841 841 842 841 841 842 842 842 842 843 842 841 842 842 843 843 842 843 843 842 842 842 843 842 843 843 843 843 842 843 842 843 843 843 843 842 843 842 842 843 842 843 842 841 842 842 769 769 767 768 617 617 617 617 616 616 615 616 615 615 615 613 614 613 613 612 612 612 612 610 611 610 611 610 608 609 608 608 607 605 605 606 605 604 603 603 605 604 604 605 605 605 606
840 841 841 842 841 842 841 841 842 841 842 842 842 842 842 843 843 842 842 842 843 842 843 843 843 843 842 843 843 842 843 843 843 842 842 842 842 843 842 842 842 842 842 842 841 842 769 768 768 768 768 617 618 616 616 616 616 617 615 615 614 614 614 613 612 613 612 613 611 611 611 611 610 610 609 610 609 607 608 606 606 606 604 603 605 604 603 603 603 605 604 604 605 801
841 840 839 841 841 841 841 841 842 842 842 842 843 842 841 842 842 843 842 842 843 843 842 842 842 843 842 843 843 843 842 842 843 842 843 843 842 843 842 842 842 842 842 842 842 841 768 769 768 769 768 616 617 616 617 617 615 616 614 615 615 613 614 613 614 613 612 612 612 611 612 610 611 610 610 610 608 609 607 607 606 605 605 605 603 602 604 603 603 603 603 604 603 800
840 839 840 840 840 842 841 842 842 841 841 841 842 842 842 842 842 843 843 842 842 842 843 842 843 843 842 842 842 843 842 842 843 842 843 842 842 842 842 843 842 842 842 841 842 842 769 769 768 768 768 617 617 617 616 616 615 615 615 614 614 614 614 613 613 613 612 613 612 612 611 611 611 610 610 609 609 608 607 606 606 606 605 604 603 604 602 601 603 603 602 602 602 799
840 840 840 840 839 840 840 840 841 842 842 841 842 842 843 841 841 842 842 842 842 842 843 842 842 842 843 842 842 843 843 843 842 842 842 842 843 842 842 842 841 842 842 841 842 768 768 768 768 768 617 617 616 615 615 615 616 614 614 614 614 615 613 613 613 613 613 612 611 612 611 612 610 610 610 610 608 607 607 607 606 605 605 605 605 603 602 603 602 601 601 602 601 799
839 839 840 839 840 840 840 841 840 841 841 841 841 841 842 842 841 842 842 843 841 842 842 842 842 842 843 843 841 842 842 842 842 842 843 842 842 842 842 842 842 842 841 842 841 768 769 768 769 768 615 616 615 616 615 614 615 615 615 615 613 614 613 614 613 612 613 612 613 612 611 611 611 611 608 608 608 608 607 607 606 606 606 604 604 603 603 602 601 601 601 600 601 798
839 839 840 840 840 840 839 840 839 840 840 841 841 840 841 842 842 841 841 842 842 842 842 842 843 841 842 842 842 842 842 843 842 842 842 841 842 842 843 842 841 842 841 842 769 769 767 767 767 767 616 616 615 615 615 616 615 614 614 614 614 614 614 613 613 613 613 612 612 611 612 611 610 609 609 608 609 607 607 607 606 606 605 605 605 603 603 602 601 600 600 600 601 797
839 838 839 839 840 839 840 840 840 840 840 841 840 839 840 840 841 841 841 841 841 843 841 842 842 841 842 842 843 842 841 842 842 842 842 843 842 841 842 841 841 841 840 840 767 767 767 767 767 766 616 615 615 616 615 615 614 615 615 614 614 613 614 613 613 613 612 613 612 612 611 610 609 610 609 609 608 607 608 606 607 606 605 605 604 603 602 601 601 600 600 600 797 797
839 839 839 839 840 839 840 840 839 840 839 840 840 841 840 840 841 841 840 840 840 841 840 841 841 841 840 840 841 841 841 841 841 841 840 841 841 840 841 841 841 840 841 767 767 768 767 767 767 766 616 616 616 615 614 615 615 615 614 613 614 614 614 613 612 613 612 613 611 610 610 610 610 609 608 609 608 608 607 607 607 605 606 605 604 603 602 601 601 600 600 600 797 797
839 839 839 838 839 839 839 839 840 840 840 840 840 841 840 839 840 840 841 840 841 841 841 840 840 841 841 840 841 841 841 840 840 841 840 841 841 841 840 840 840 840 841 768 766 767 766 767 767 766 615 615 615 615 616 615 614 614 614 615 614 613 613 613 613 613 612 611 611 611 611 609 610 609 610 608 608 608 607 607 606 606 606 605 603 603 602 601 601 600 600 599 797 797
838 839 838 838 839 839 840 839 840 839 839 839 839 840 840 841 840 840 841 840 840 840 840 841 840 841 841 840 840 840 841 840 841 841 841 840 840 841 840 840 841 839 767 767 767 767 767 766 766 767 615 615 616 614 615 614 614 615 614 614 613 614 614 613 612 611 612 611 610 610 610 610 610 608 609 608 609 607 607 607 607 607 604 604 604 603 602 602 601 601 600 599 797 796
838 839 839 839 838 838 839 839 839 839 839 840 839 840 840 840 839 839 840 840 840 840 841 841 839 840 840 841 840 840 841 840 840 840 840 840 840 841 839 840 840 840 767 767 768 766 766 767 766 767 616 615 615 614 615 615 614 614 613 614 614 612 612 611 612 612 611 611 610 611 610 610 609 609 609 608 608 608 607 607 605 605 605 604 603 603 603 602 600 601 600 599 796 795
836 837 837 839 838 838 839 839 839 839 839 839 839 839 839 840 840 839 840 840 840 839 840 840 840 840 840 841 840 839 840 840 840 840 841 840 839 840 840 840 840 767 766 766 767 766 767 767 765 766 615 615 615 615 614 614 614 614 614 612 612 612 612 613 611 611 611 611 611 610 609 610 609 609 608 608 608 608 606 606 605 606 604 604 604 603 602 602 602 601 599 600 795 794
836 837 837 838 838 838 837 838 839 838 839 839 839 840 839 840 839 840 839 839 840 840 840 840 839 840 839 840 840 840 840 840 840 839 840 840 839 840 840 840 839 767 767 766 767 766 766 766 766 766 615 615 614 615 613 613 614 612 613 613 612 613 611 612 611 611 612 610 611 610 611 609 609 609 609 609 607 606 607 606 605 605 604 605 603 603 603 602 601 600 600 599 794 795
835 836 836 837 837 837 837 837 838 838 838 838 839 839 838 839 839 840 840 839 840 839 840 839 840 840 839 840 840 840 839 839 840 840 840 840 840 839 839 840 766 767 766 765 766 766 767 766 766 765 613 614 613 614 613 612 613 613 613 612 612 612 612 612 611 611 611 610 611 609 610 609 609 609 607 607 607 606 606 605 606 605 605 604 603 604 602 601 602 600 599 598 794 794
837 836 836 837 837 838 837 836 837 837 838 837 838 838 838 838 838 838 839 839 839 839 840 839 840 839 839 839 839 840 840 840 840 839 839 839 840 840 839 839 766 766 766 766 765 765 765 764 765 765 613 613 613 613 613 614 613 612 612 612 613 612 611 611 611 611 611 611 610 610 610 608 608 608 607 608 606 607 606 606 605 604 605 604 603 603 602 602 600 599 599 599 795 794
837 836 835 836 836 837 837 837 837 837 838 837 837 837 837 838 837 838 838 839 838 837 838 838 838 838 839 839 838 838 838 838 838 838 839 838 838 838 838 765 765 766 765 765 765 764 765 765 765 764 614 613 613 613 612 613 612 612 613 611 612 611 612 612 610 611 610 611 609 608 608 608 609 608 608 607 607 607 605 606 605 605 604 604 604 602 601 601 600 601 599 598 795 793
836 836 836 836 836 837 837 837 836 836 837 837 837 837 838 838 837 837 837 838 838 837 838 838 839 838 838 838 837 838 838 839 838 838 838 838 838 838 839 765 764 765 764 765 765 765 764 764 764 764 614 613 612 613 612 613 613 612 612 611 612 612 611 611 610 610 610 609 609 609 609 607 608 607 608 607 606 606 606 606 605 604 604 603 602 602 602 601 600 600 599 598 795 794
836 836 836 836 835 836 836 837 836 836 837 837 838 836 837 837 837 837 837 838 838 838 837 837 838 837 838 838 838 838 837 838 838 838 838 838 838 837 765 765 765 765 765 764 764 765 764 764 765 763 613 613 613 613 612 612 612 612 612 612 611 611 610 610 610 609 609 609 609 608 608 607 608 607 607 607 607 607 605 605 604 604 603 602 603 602 601 601 600 600 599 599 795 792
834 834 835 836 835 836 836 837 836 836 836 836 837 837 837 837 837 838 836 837 837 838 837 837 838 838 837 837 838 838 837 838 838 837 837 837 838 837 765 765 764 764 764 764 764 765 763 764 764 763 613 613 612 612 612 612 612 612 610 611 610 610 610 609 610 609 609 609 608 609 608 608 607 607 607 607 606 606 604 605 603 604 603 603 602 601 602 601 600 600 599 598 793 794
834 834 834 834 834 834 834 835 835 837 836 836 837 836 836 836 837 837 837 837 837 838 837 836 837 837 838 837 838 838 836 837 837 838 837 838 838 763 764 764 765 764 764 764 763 764 764 764 764 612 612 612 612 611 611 611 610 611 610 610 610 609 610 609 609 609 609 609 608 608 607 608 608 606 607 605 606 605 605 604 603 604 602 603 602 602 601 600 601 598 597 597 794 793
834 833 834 834 834 835 834 835 834 835 834 834 835 835 836 835 837 837 836 836 836 837 837 837 837 837 837 836 837 837 837 837 837 837 837 837 837 764 764 764 764 763 764 764 764 763 762 763 762 611 612 611 611 610 611 611 610 610 610 610 610 610 609 609 609 609 609 608 608 608 608 607 606 606 606 604 605 604 605 604 603 603 603 602 601 602 601 599 599 598 599 794 793 793
834 834 834 833 834 834 834 834 834 835 835 834 835 834 835 835 835 835 835 836 835 836 835 836 835 835 836 836 836 836 835 836 835 836 836 836 763 762 763 762 763 763 763 762 762 762 762 763 762 611 611 610 611 611 610 610 610 610 610 609 609 610 609 609 608 608 609 608 609 606 606 606 606 606 605 605 605 604 604 604 604 602 602 602 602 600 599 599 599 598 598 597 794 793
833 833 833 833 834 834 834 834 833 834 834 834 834 834 835 835 835 835 834 835 835 835 835 836 836 835 835 835 835 835 836 836 835 835 835 836 762 762 763 762 762 762 763 762 762 763 761 762 762 611 611 610 610 610 611 610 611 609 609 610 609 610 609 608 609 607 607 606 607 607 606 606 605 606 605 605 604 604 604 603 603 603 601 601 600 600 600 599 599 598 598 596 794 793
832 833 834 832 833 833 833 834 833 834 834 835 835 833 834 834 835 834 834 835 835 835 834 835 835 834 835 835 836 835 835 835 835 835 835 763 761 762 762 762 762 762 763 761 761 762 761 762 762 610 610 610 610 610 610 609 610 610 609 609 608 608 608 608 607 607 607 607 606 606 605 606 605 605 605 605 605 603 604 602 602 601 601 601 600 600 599 599 599 597 598 597 793 791
831 831 832 832 832 832 833 834 833 833 833 834 834 833 834 834 835 835 834 834 834 835 834 835 835 835 834 834 835 835 835 835 835 834 834 762 762 762 762 762 761 761 762 762 762 762 761 761 761 611 610 609 610 609 610 609 608 608 607 608 608 607 607 608 607 607 606 606 606 606 607 605 605 605 605 604 603 602 603 601 602 601 602 600 600 600 599 599 598 598 596 595 792 792
831 831 832 831 832 831 831 832 832 832 832 833 833 833 833 833 834 834 834 834 834 835 834 834 834 834 835 834 835 834 834 834 834 835 761 762 761 762 761 761 762 761 761 761 761 761 761 761 759 609 608 609 609 608 608 608 608 608 608 607 607 608 607 608 606 606 607 606 606 605 606 605 604 603 603 604 603 603 602 602 602 600 601 600 599 599 599 599 596 597 596 595 792 791
830 830 831 831 832 831 831 832 831 832 831 832 832 832 833 832 833 832 833 832 832 833 833 833 833 833 833 832 833 833 834 833 833 833 760 760 760 761 760 759 760 760 760 760 761 759 759 760 759 609 609 608 608 608 608 608 608 607 607 608 607 607 606 607 607 606 606 605 606 604 604 604 603 604 602 603 602 603 601 601 601 601 600 600 599 599 597 597 597 597 595 595 792 790
831 830 830 830 831 831 830 831 831 832 832 832 832 831 832 831 832 832 833 833 832 832 832 833 832 833 833 833 833 832 833 833 832 760 760 760 759 760 760 759 760 760 759 759 760 759 759 760 759 608 608 609 608 607 608 607 608 607 607 607 606 607 607 606 606 604 605 605 604 604 604 604 602 603 602 603 602 602 602 601 601 600 599 599 598 598 597 598 596 596 596 594 791 791
829 830 830 830 831 831 831 830 830 831 831 832 831 831 832 832 832 831 832 832 831 832 832 833 832 832 832 832 832 832 833 833 759 759 759 760 759 760 760 758 759 759 760 759 760 759 758 759 759 608 607 608 607 607 608 606 607 607 607 607 605 605 605 605 605 604 604 604 604 604 603 603 603 603 602 602 602 602 601 599 600 599 599 598 599 598 596 597 596 596 595 595 791 789
829 828 829 828 829 829 829 830 830 831 831 832 830 830 831 831 832 831 832 832 832 831 831 832 832 832 832 832 832 831 832 832 760 759 759 759 758 759 759 759 759 758 759 758 759 759 759 758 758 608 607 608 608 605 606 606 606 606 605 605 605 605 604 605 604 605 604 603 604 603 604 602 602 602 602 601 600 601 600 599 599 598 599 597 598 597 597 596 596 595 594 594 790 789
