testData/tiles/oneDegree/grid49.0-30.0-50.0-31.0.asc
ncols   200
nrows   200
xllcorner   49.0
yllcorner   30.0
cellsize   0.005
NODATA_value   -9999.0
[rows 42 to 83 of 200, columns 94 to 187 of 200]
360 513 513 513 513 513 514 514 514 514 515 515 515 514 515 515 515 515 515 515 516 516 515 515 515 516 515 516 516 516 516 517 518 517 517 517 518 521 522 524 526 526 528 530 531 532 533 535 537 539 539 540 541 541 542 544 545 545 545 546 548 548 550 551 550 551 551 551 552 552 553 553 553 553 554 554 554 553 553 553 553 553 553 553 553 553 553 553 553 551 551 551 551 550
359 512 513 513 513 513 514 514 514 514 515 515 514 514 514 515 515 515 514 516 516 516 514 514 515 516 515 515 515 516 516 517 516 516 517 517 519 520 523 525 526 527 528 529 531 533 534 536 536 537 538 540 541 542 543 544 544 545 546 548 548 549 549 549 550 551 552 552 552 553 552 552 553 553 554 554 553 554 554 554 554 554 554 553 553 553 552 552 552 552 552 551 551 551
359 512 512 513 513 513 513 514 514 514 513 514 514 514 514 514 515 515 514 515 516 515 514 514 515 516 515 515 515 515 516 516 516 516 516 518 519 522 523 524 526 527 529 530 531 532 536 536 537 538 539 540 541 543 543 543 544 545 547 547 549 549 549 550 550 551 551 551 553 552 553 553 553 553 554 554 553 553 554 554 554 555 554 554 554 554 554 554 553 552 552 552 551 549
359 512 512 512 514 513 513 513 514 513 513 513 514 515 514 514 514 515 515 515 514 514 514 514 515 515 515 515 515 514 515 516 516 516 516 517 519 522 523 524 526 527 529 531 532 534 534 535 537 538 539 540 541 542 542 544 546 546 547 548 548 548 550 550 551 551 552 552 551 552 552 553 554 554 554 553 553 555 555 555 555 554 554 555 555 555 554 553 553 553 553 552 552 551
512 512 512 512 513 513 513 512 513 513 513 513 513 513 514 514 514 514 514 514 514 514 513 515 515 515 514 514 514 515 515 515 515 516 516 518 520 521 523 525 526 528 529 530 532 534 535 536 537 538 540 541 542 542 543 544 545 547 548 548 548 548 549 550 550 552 552 551 552 552 553 553 553 553 555 555 555 555 555 555 554 554 554 554 554 554 553 553 553 553 553 553 552 551
512 511 512 512 513 512 512 512 513 512 513 513 514 513 513 514 514 514 513 514 514 514 513 514 515 515 514 513 513 515 515 515 515 515 517 518 520 522 523 524 527 528 529 531 532 533 535 536 537 538 539 540 541 542 544 545 546 546 547 548 548 549 550 550 551 551 551 552 552 553 553 553 555 554 554 554 554 555 556 555 555 555 555 555 555 554 553 553 553 553 553 551 551 551
512 511 511 513 512 511 511 513 513 512 512 513 514 513 513 512 513 514 513 513 513 514 514 514 514 514 513 513 514 514 514 515 515 515 516 518 521 522 524 525 526 529 530 531 532 534 535 537 538 539 540 540 541 543 544 545 546 547 547 547 548 548 550 551 551 551 551 551 552 552 555 555 554 554 555 555 555 555 554 554 554 554 554 555 554 554 554 554 554 553 552 552 552 551
511 511 510 511 512 511 511 512 513 512 512 513 513 513 512 512 513 514 513 513 513 513 514 514 513 513 512 513 514 514 514 514 515 514 517 519 520 523 524 525 527 528 530 532 533 534 535 536 537 539 539 540 542 543 544 545 547 546 547 548 548 549 549 550 551 551 551 552 553 554 554 553 554 554 555 555 555 554 555 555 555 555 555 554 554 553 553 553 553 553 553 552 552 552
510 510 511 511 511 511 511 512 512 512 512 513 512 511 512 512 513 512 513 513 513 514 513 513 513 513 512 513 514 514 514 514 513 515 517 519 521 522 524 526 527 528 530 531 532 535 536 537 538 538 539 541 543 544 544 545 545 546 546 548 549 549 550 549 550 550 552 553 554 554 553 554 554 554 554 555 554 554 555 555 555 555 555 554 554 554 554 554 552 552 552 552 551 551
509 509 511 511 511 510 512 512 512 511 512 512 512 511 511 513 513 512 512 512 513 513 512 512 512 513 513 513 513 513 514 513 513 515 517 520 521 523 524 525 526 529 530 532 533 534 535 537 537 538 539 541 542 543 545 545 545 546 547 548 548 550 549 550 550 552 552 553 553 553 554 554 554 555 555 555 554 554 554 555 555 555 554 555 554 554 554 554 553 553 552 552 552 551
600 600 601 602 601 601 602 603 603 601 602 602 603 602 602 603 513 512 512 512 512 513 512 512 512 512 513 513 513 513 512 513 513 516 517 519 521 523 524 525 527 529 530 532 533 535 535 536 537 539 541 542 543 543 543 544 546 547 547 548 549 548 549 550 552 552 553 553 553 553 553 554 554 554 555 554 555 555 555 555 555 554 554 554 554 554 554 552 552 553 553 553 551 551
600 601 601 601 601 602 602 602 602 601 602 602 602 602 603 603 603 603 602 602 603 602 603 603 603 604 603 604 512 512 512 512 514 516 518 520 521 522 524 525 528 529 530 532 534 534 535 536 537 539 540 542 543 543 544 545 545 546 548 548 548 549 550 551 551 552 552 553 553 553 554 554 554 554 554 554 554 554 555 555 554 554 554 554 554 554 553 553 553 552 552 551 551 550
600 601 601 601 600 602 601 601 600 602 602 602 602 601 603 603 603 601 601 603 603 602 602 602 603 604 603 602 602 603 603 604 605 607 609 611 612 613 523 526 528 530 531 532 532 533 536 537 539 540 541 542 541 543 544 545 546 546 547 547 547 550 551 551 552 552 552 552 552 553 554 554 555 554 554 554 554 555 555 554 554 554 554 555 555 554 553 553 553 553 553 551 551 551
599 600 601 601 599 600 601 601 600 601 601 602 602 601 602 602 602 601 601 602 603 602 602 602 603 602 602 602 602 602 603 604 605 607 608 609 612 613 616 617 619 620 622 622 624 625 535 537 539 540 541 541 542 543 544 545 546 547 546 547 549 549 550 551 552 551 552 552 553 553 553 554 553 553 554 555 555 555 554 554 554 554 554 554 553 553 553 553 552 553 552 552 551 551
600 600 599 600 600 600 600 601 600 601 601 601 602 602 601 601 601 601 602 602 602 602 602 602 602 601 601 602 602 602 603 603 606 607 608 610 611 613 616 618 619 620 621 622 624 625 626 628 629 630 631 632 633 543 544 545 545 545 548 549 549 550 550 551 550 551 552 553 553 553 554 553 553 554 554 554 554 553 554 554 554 554 554 553 553 553 553 553 553 552 551 551 551 550
599 599 599 599 600 600 600 600 601 601 601 601 599 601 601 601 601 600 602 602 602 601 600 602 602 601 601 601 602 602 603 604 604 606 609 610 612 614 616 618 618 620 621 622 623 625 628 629 629 630 631 632 633 634 635 636 636 638 638 548 550 550 551 550 551 551 552 552 552 553 553 553 554 554 554 554 553 554 554 554 554 555 554 555 555 555 554 554 553 553 553 552 551 551
598 599 599 600 599 600 600 600 600 600 600 600 600 600 601 601 601 601 601 602 602 600 600 601 602 601 601 601 601 602 602 603 605 606 608 611 613 615 616 617 618 620 621 623 624 626 627 627 629 630 631 632 633 634 635 635 637 638 639 639 640 640 640 642 642 552 552 552 552 552 552 553 553 554 554 554 554 555 555 555 555 554 554 554 554 554 554 553 552 552 553 553 552 552
598 598 599 599 599 599 600 601 600 599 599 600 600 600 600 600 600 601 601 600 600 600 601 601 601 600 601 601 601 601 601 603 605 607 608 610 613 615 615 617 618 620 621 623 625 626 626 627 629 630 631 632 633 633 634 636 636 638 639 640 640 640 640 641 641 642 643 643 643 643 553 553 553 554 554 554 554 554 555 555 554 554 554 554 554 554 553 553 553 553 552 552 552 551
598 598 598 599 599 599 599 600 599 599 599 600 600 600 600 600 600 601 600 600 600 599 601 601 601 600 600 600 601 601 601 603 605 607 609 611 612 613 615 617 619 620 621 622 625 626 627 628 629 630 631 632 633 633 635 636 637 638 638 638 639 640 641 641 642 642 642 642 642 644 644 644 646 645 645 554 554 555 555 554 554 554 554 555 555 554 553 553 553 553 553 552 552 552
598 598 599 598 599 598 598 598 598 599 599 600 599 600 600 600 599 599 600 600 599 600 600 601 601 600 599 599 600 601 601 603 605 607 608 611 612 614 615 617 618 620 621 623 624 625 626 628 629 630 631 631 632 634 636 636 637 638 638 638 639 639 640 641 642 641 642 642 643 643 644 645 644 645 645 646 646 646 645 645 554 554 554 554 553 553 553 553 552 552 553 553 552 552
597 598 599 597 597 598 599 598 598 598 599 600 599 599 598 599 599 599 599 599 599 600 600 600 599 599 599 600 600 600 602 604 605 607 609 610 613 614 616 617 618 620 621 623 624 625 626 627 628 630 630 631 633 634 635 636 636 637 638 638 639 640 640 641 640 641 642 643 644 644 645 644 644 644 645 645 645 644 645 645 645 645 645 644 644 553 553 553 553 552 552 552 552 551
597 596 598 597 597 597 599 598 598 598 599 599 599 598 598 599 599 599 599 599 598 600 600 599 598 598 598 600 600 600 601 603 605 607 609 610 612 613 616 617 619 620 621 622 623 626 627 628 628 629 630 631 634 634 635 636 636 636 637 638 639 640 641 640 641 641 641 643 643 645 644 644 644 645 645 645 644 644 645 645 645 645 644 645 645 644 644 644 644 553 552 552 552 552
596 597 597 597 597 598 598 597 598 598 599 597 598 598 598 599 598 599 599 599 599 598 598 599 598 598 599 599 600 600 601 602 604 607 609 611 612 614 615 615 618 620 621 623 624 625 626 627 628 629 630 632 633 634 635 635 636 637 637 638 639 639 639 640 641 642 643 643 643 643 643 643 644 645 645 644 645 645 645 645 645 644 644 644 644 644 644 643 643 643 644 643 643 552
596 597 596 596 597 598 598 597 597 597 598 597 597 597 599 598 598 598 598 599 598 598 598 598 598 598 599 599 599 598 601 602 605 607 608 610 613 614 614 616 618 619 622 623 624 625 625 626 627 629 631 632 633 633 634 634 635 637 638 638 639 638 639 640 641 642 643 642 643 643 643 644 644 644 643 644 644 644 645 645 644 644 644 644 644 644 644 644 643 643 643 643 642 642
595 597 596 596 596 598 598 596 596 597 598 597 597 597 598 598 598 598 597 598 598 598 598 598 597 598 599 599 598 598 600 603 605 607 609 610 611 613 615 616 618 620 621 622 623 624 625 627 628 630 630 632 632 633 634 635 635 636 637 638 638 639 639 641 641 642 641 642 642 643 644 644 644 643 644 644 644 644 644 643 643 643 643 644 644 644 644 644 644 643 643 643 643 642
596 596 596 596 597 596 595 596 596 597 597 596 597 597 598 597 596 597 597 597 597 597 598 598 597 598 597 598 598 598 600 603 605 607 609 610 611 613 614 617 619 620 621 621 623 624 626 627 629 630 631 631 632 632 634 635 636 636 636 637 637 639 640 641 642 641 641 642 642 643 643 642 642 644 644 644 644 644 643 644 644 644 644 644 643 643 643 643 643 643 642 643 643 643
596 596 595 595 596 596 595 595 597 597 596 596 596 598 597 596 596 596 598 597 597 597 597 597 597 597 597 597 597 599 601 603 605 606 607 610 611 613 615 617 618 620 620 622 623 624 625 626 629 629 630 631 632 633 633 634 636 636 636 637 639 639 640 640 640 641 642 642 642 643 642 642 643 643 643 643 642 643 644 644 644 644 644 644 644 644 643 643 643 643 643 642 642 642
596 594 594 594 596 596 595 595 596 597 596 596 595 596 597 596 596 596 597 596 597 597 597 595 596 597 597 597 597 598 601 604 604 606 607 609 611 613 615 617 617 618 620 622 623 624 625 627 627 628 629 631 632 633 634 633 634 635 636 638 639 639 639 639 640 640 641 641 642 642 642 643 643 643 643 642 643 643 643 643 643 643 643 644 644 644 644 643 643 643 643 643 642 642
594 594 594 595 595 595 595 595 596 596 595 595 596 596 595 595 596 597 597 596 596 596 596 596 596 596 596 597 597 598 600 602 603 606 608 609 611 613 615 616 617 619 620 621 622 623 626 626 627 628 629 630 631 633 633 634 634 635 637 637 638 638 639 640 640 641 641 641 641 641 641 642 642 643 642 643 643 643 643 643 643 643 643 643 643 643 643 643 642 642 642 643 642 642
594 593 594 595 595 594 594 596 596 595 594 594 596 596 595 595 595 597 596 595 595 595 595 596 596 596 596 596 597 598 600 602 604 605 608 609 612 612 614 615 616 619 620 621 622 623 625 626 628 629 630 630 631 631 632 633 634 636 637 638 637 638 638 639 639 641 641 641 641 641 642 642 642 641 642 642 642 642 643 643 643 643 644 644 644 644 644 644 644 643 643 642 642 641
594 593 593 594 595 594 594 594 595 594 594 594 595 596 595 595 595 595 594 595 595 595 596 595 596 596 596 595 595 598 600 602 604 606 607 609 611 613 614 615 617 618 619 621 622 624 625 626 627 628 630 630 630 631 632 633 635 635 636 637 637 638 638 639 639 639 639 640 640 641 642 642 641 642 642 642 642 643 643 643 643 644 643 644 644 644 644 644 644 644 643 643 643 642
593 593 594 594 593 593 594 594 594 593 594 595 595 595 594 594 595 595 594 594 595 595 595 595 595 594 595 595 596 598 600 601 604 606 606 609 610 612 614 616 617 618 618 620 622 624 625 626 627 628 628 629 630 631 632 634 635 635 635 636 636 637 639 639 639 639 640 640 640 641 641 640 641 642 642 643 643 643 644 644 644 644 644 644 644 643 643 643 643 643 643 642 643 643
592 593 593 593 593 592 594 594 594 593 593 595 595 593 593 593 595 595 594 594 594 595 595 594 594 594 594 594 596 598 600 602 603 604 606 609 610 612 613 615 617 617 619 621 622 623 624 626 627 627 628 629 630 631 632 634 634 635 635 636 637 637 638 637 638 639 640 640 640 640 640 640 642 642 642 642 642 643 644 644 644 644 644 644 644 644 643 643 643 643 643 642 642 642
591 591 592 593 592 592 593 593 594 593 594 594 593 593 593 594 594 593 594 594 594 595 593 593 594 594 594 595 595 598 600 601 602 604 607 608 611 612 613 614 615 616 619 621 622 623 624 624 625 626 628 629 630 632 633 632 633 634 635 636 637 636 637 637 638 638 639 639 639 640 640 642 642 642 642 642 643 643 643 643 643 643 643 643 644 644 644 643 643 643 643 643 642 642
591 592 592 592 592 593 593 593 592 592 593 593 593 592 593 594 594 593 593 593 594 594 593 593 593 594 594 595 595 596 598 601 603 604 607 608 610 611 613 614 615 617 619 620 621 623 623 624 625 626 627 628 631 631 632 632 633 634 635 635 635 636 637 637 638 638 639 638 639 640 640 641 641 642 642 643 643 643 643 643 643 643 643 643 643 643 643 643 642 642 642 642 641 642
591 592 592 592 591 593 593 592 591 591 593 593 593 592 592 593 594 593 592 592 593 593 593 593 593 593 594 594 595 596 598 600 602 605 607 608 609 610 612 613 615 618 619 620 620 621 622 624 625 626 627 628 629 630 631 633 633 634 635 634 635 636 636 637 637 638 638 639 640 640 640 641 641 641 641 642 642 642 643 643 643 643 643 643 643 643 643 643 642 642 642 642 641 641
590 591 592 591 591 591 591 592 591 592 592 592 592 592 593 593 592 592 592 592 593 592 592 593 593 593 593 593 594 597 598 600 602 604 605 607 609 610 612 613 614 617 619 619 620 621 623 624 625 627 626 628 629 630 631 632 632 632 634 634 635 636 636 637 636 637 638 638 640 640 641 641 641 641 642 642 642 642 642 642 642 642 642 642 643 643 643 643 643 642 642 642 642 641
591 591 591 590 591 591 591 591 591 592 592 592 591 592 592 592 591 591 591 593 593 592 592 592 591 593 593 593 594 596 597 600 603 603 605 607 608 611 612 613 616 616 617 618 620 622 623 624 625 625 627 627 629 630 631 632 631 632 633 633 634 636 636 636 636 638 638 639 639 639 640 640 640 641 642 642 642 642 642 642 642 642 642 642 642 642 642 642 642 641 641 641 641 641
591 590 590 589 591 591 591 590 590 591 592 592 590 591 591 592 591 591 591 592 593 592 591 591 591 592 593 593 594 596 598 598 602 604 605 607 608 610 611 613 615 616 617 618 619 621 622 623 624 626 627 628 628 629 630 631 632 632 633 634 634 634 634 636 636 638 638 639 639 639 640 640 640 640 641 641 641 641 642 642 642 642 642 642 642 642 642 642 642 641 641 641 641 640
589 590 589 589 590 590 591 590 591 591 590 590 590 591 591 591 591 591 592 592 590 590 591 591 592 592 592 592 594 595 597 599 601 603 605 607 608 610 610 612 614 616 617 618 620 621 621 622 623 626 627 628 628 628 629 630 631 631 633 634 633 634 635 636 636 637 637 638 639 639 640 640 640 641 641 641 641 641 641 641 641 641 641 641 642 642 642 642 642 642 641 641 641 640
589 589 589 590 590 590 590 590 590 590 590 589 589 591 591 591 590 590 591 591 590 590 590 590 592 592 592 591 592 594 597 599 601 603 604 606 606 609 611 612 614 615 616 617 619 620 621 622 624 625 626 627 628 628 629 630 631 631 632 632 632 635 635 636 636 637 637 638 638 638 639 639 639 641 641 641 641 641 641 641 641 641 641 641 641 641 641 641 641 641 640 640 640 639
589 589 588 589 590 589 588 589 589 590 590 589 590 590 591 590 589 589 590 590 590 590 590 591 591 591 591 591 592 594 597 598 601 603 603 605 606 608 610 612 614 615 615 616 618 619 621 623 624 625 625 626 627 627 629 630 631 630 631 632 633 634 634 635 636 637 637 638 638 638 639 639 639 640 640 640 640 640 641 641 641 641 641 641 641 641 641 641 641 641 640 640 640 639
