testData/tiles/oneDegree/grid12.0-23.0-13.0-24.0.asc
ncols   200
nrows   200
xllcorner   12.0
yllcorner   23.0
cellsize   0.005
NODATA_value   -9999.0
[rows 84 to 125 of 200, columns 0 to 93 of 200]
124 124 124 124 124 124 125 125 125 125 125 125 126 126 126 126 126 126 126 127 127 127 127 127 127 127 127 128 128 128 128 128 128 128 128 128 129 129 129 129 129 129 129 129 129 129 129 130 148 148 148 148 148 148 148 148 148 148 148 148 148 148 148 148 148 148 148 148 148 149 149 150 150 150 150 150 150 150 150 150 150 150 150 150 149 149 149 149 149 149 149 149 149 149
123 123 123 124 124 124 124 124 124 125 125 125 125 125 125 126 126 126 126 126 126 126 127 127 127 127 127 127 127 127 127 128 128 128 128 128 128 128 128 128 128 129 129 129 129 129 129 129 147 147 147 147 147 147 147 148 148 148 148 148 148 148 148 148 148 148 148 148 148 148 148 149 149 149 149 149 149 149 149 149 149 149 149 149 149 149 149 149 149 149 149 149 149 149
123 123 123 123 123 124 124 124 124 124 124 124 125 125 125 125 125 125 125 126 126 126 126 126 126 126 127 127 127 127 127 127 127 127 127 128 128 128 128 128 128 128 128 128 128 128 128 129 147 147 147 147 147 147 147 147 147 147 147 147 147 147 147 147 147 147 147 147 147 148 148 148 149 149 149 149 149 149 149 149 149 149 149 149 148 148 148 148 148 148 148 148 148 148
122 122 123 123 123 123 123 123 124 124 124 124 124 124 124 125 125 125 125 125 125 125 126 126 126 126 126 126 126 126 126 127 127 127 127 127 127 127 127 127 127 128 128 128 128 128 128 128 146 146 146 146 146 146 146 147 147 147 147 147 147 147 147 147 147 147 147 147 147 147 147 147 148 148 148 148 148 148 148 148 148 148 148 148 148 148 148 148 148 148 148 148 148 148
122 122 122 122 122 123 123 123 123 123 123 124 124 124 124 124 124 124 125 125 125 125 125 125 125 125 126 126 126 126 126 126 126 126 126 127 127 127 127 127 127 127 127 127 127 127 127 128 146 146 146 146 146 146 146 146 146 146 146 146 146 146 146 146 146 146 146 146 146 146 147 147 148 148 148 148 148 148 148 148 148 148 148 147 147 147 147 147 147 147 147 147 147 147
121 121 122 122 122 122 122 122 123 123 123 123 123 123 123 124 124 124 124 124 124 124 125 125 125 125 125 125 125 125 126 126 126 126 126 126 126 126 126 126 126 127 127 127 127 127 127 127 127 145 145 145 145 145 145 146 146 146 146 146 146 146 146 146 146 146 146 146 146 146 146 146 147 147 147 147 147 147 147 147 147 147 147 147 147 147 147 147 147 147 147 147 147 147
121 121 121 121 121 122 122 122 122 122 122 123 123 123 123 123 123 123 124 124 124 124 124 124 124 124 125 125 125 125 125 125 125 125 125 126 126 126 126 126 126 126 126 126 126 126 126 127 127 145 145 145 145 145 145 145 145 145 145 145 145 145 145 145 145 145 145 145 145 145 146 146 147 147 147 147 147 147 147 147 147 147 147 146 146 146 146 146 146 146 146 146 146 146
120 120 121 121 121 121 121 121 122 122 122 122 122 122 123 123 123 123 123 123 123 123 124 124 124 124 124 124 124 124 125 125 125 125 125 125 125 125 125 125 125 126 126 126 126 126 126 126 126 144 144 144 144 144 144 145 145 145 145 145 145 145 145 145 145 145 145 145 145 145 145 145 146 146 146 146 146 146 146 146 146 146 146 146 146 146 146 146 146 146 146 146 146 146
120 120 120 120 120 121 121 121 121 121 121 122 122 122 122 122 122 122 123 123 123 123 123 123 123 123 124 124 124 124 124 124 124 124 124 125 125 125 125 125 125 125 125 125 125 125 125 126 126 144 144 144 144 144 144 144 144 144 144 144 144 144 144 144 144 144 144 144 144 144 145 145 146 146 146 146 146 146 146 146 146 146 146 145 145 145 145 145 145 145 145 145 145 145
287 288 288 288 288 288 120 120 121 121 121 121 121 121 122 122 122 122 122 122 122 122 123 123 123 123 123 123 123 123 124 124 124 124 124 124 124 124 124 124 125 125 125 125 125 125 125 125 125 143 143 143 143 143 143 144 144 144 144 144 144 144 144 144 144 144 144 144 144 144 144 144 145 145 145 145 145 145 145 145 145 145 145 145 145 145 145 145 145 145 145 145 145 145
287 287 287 287 288 288 288 288 288 288 288 289 289 289 121 121 121 121 122 122 122 122 122 122 122 122 123 123 123 123 123 123 123 123 123 124 124 124 124 124 124 124 124 124 124 124 124 125 125 125 143 143 143 143 143 143 143 143 143 143 143 143 143 143 143 143 143 143 143 143 144 144 144 145 145 145 145 145 145 145 145 145 145 144 144 144 144 144 144 144 144 144 144 144
286 287 287 287 287 287 287 288 288 288 288 288 288 288 289 289 289 289 289 289 121 122 122 122 122 122 122 122 122 122 123 123 123 123 123 123 123 123 123 123 124 124 124 124 124 124 124 124 124 124 142 142 142 142 142 143 143 143 143 143 143 143 143 143 143 143 143 143 143 143 143 143 143 144 144 144 144 144 144 144 144 144 144 144 144 144 144 144 144 144 144 144 144 144
286 286 286 286 287 287 287 287 287 287 288 288 288 288 288 288 288 289 289 289 289 289 289 289 289 290 122 122 122 122 122 122 122 122 122 123 123 123 123 123 123 123 123 123 123 123 123 124 124 124 142 142 142 142 142 142 142 142 142 142 142 142 142 142 142 142 142 142 142 142 142 143 143 144 144 144 144 144 144 144 144 144 143 143 143 143 143 143 143 143 143 143 143 143
285 286 286 286 286 286 286 287 287 287 287 287 287 287 288 288 288 288 288 288 288 289 289 289 289 289 289 289 289 289 290 290 122 122 122 122 122 122 122 122 123 123 123 123 123 123 123 123 123 123 141 141 141 141 141 142 142 142 142 142 142 142 142 142 142 142 142 142 142 142 142 142 142 143 143 143 143 143 143 143 143 143 143 143 143 143 143 143 143 143 143 143 143 143
285 285 285 285 286 286 286 286 286 286 287 287 287 287 287 287 287 288 288 288 288 288 288 288 288 289 289 289 289 289 289 289 289 289 289 290 290 122 122 122 122 122 122 122 122 122 122 123 123 123 141 141 141 141 141 141 141 141 141 141 141 141 141 141 141 141 141 141 141 141 141 142 142 143 143 143 143 143 143 143 143 143 142 142 142 142 142 142 142 142 142 142 142 142
285 285 285 285 285 285 285 286 286 286 286 286 286 287 287 287 287 287 287 287 287 288 288 288 288 288 288 288 288 288 289 289 289 289 289 289 289 289 289 289 290 290 122 122 122 122 122 122 122 122 122 140 140 140 140 141 141 141 141 141 141 141 141 141 141 141 141 141 141 141 141 141 141 142 142 142 142 142 142 142 142 142 142 142 142 142 142 142 142 142 142 142 142 142
284 284 284 285 285 285 285 285 285 285 286 286 286 286 286 286 286 287 287 287 287 287 287 287 287 288 288 288 288 288 288 288 288 288 289 289 289 289 289 289 289 289 289 289 289 289 289 122 122 122 122 140 140 140 140 140 140 140 140 140 140 140 140 140 140 140 140 140 140 140 140 141 141 142 142 142 142 142 142 142 142 142 141 141 141 141 141 141 141 141 141 141 141 141
284 284 284 284 284 284 285 285 285 285 285 285 285 286 286 286 286 286 286 286 286 287 287 287 287 287 287 287 287 288 288 288 288 288 288 288 288 288 288 288 289 289 289 289 289 289 289 289 289 289 289 139 139 139 139 140 140 140 140 140 140 140 140 140 140 140 140 140 140 140 140 140 140 140 141 141 141 141 141 141 141 141 141 141 141 141 141 141 141 141 141 141 141 141
283 283 283 284 284 284 284 284 284 284 285 285 285 285 285 285 285 286 286 286 286 286 286 286 286 287 287 287 287 287 287 287 287 287 288 288 288 288 288 288 288 288 288 288 288 288 288 289 289 289 289 307 307 307 307 307 139 139 139 139 139 139 139 139 139 139 139 139 139 139 139 139 140 140 141 141 141 141 141 141 141 140 140 140 140 140 140 140 140 140 140 140 140 140
283 283 283 283 283 283 284 284 284 284 284 284 284 285 285 285 285 285 285 285 286 286 286 286 286 286 286 286 286 287 287 287 287 287 287 287 287 287 287 287 288 288 288 288 288 288 288 288 288 288 288 306 306 306 306 307 307 307 307 307 139 139 139 139 139 139 139 139 139 139 139 139 139 139 140 140 140 140 140 140 140 140 140 140 140 140 140 140 140 140 140 140 140 140
282 282 282 283 283 283 283 283 283 284 284 284 284 284 284 284 285 285 285 285 285 285 285 285 285 286 286 286 286 286 286 286 286 286 287 287 287 287 287 287 287 287 287 287 287 287 288 288 288 288 288 288 306 306 306 306 306 306 306 306 306 306 306 138 138 138 138 138 138 138 138 138 139 139 140 140 140 140 140 140 140 139 139 139 139 139 139 139 139 139 139 139 139 139
282 282 282 282 282 282 283 283 283 283 283 283 283 284 284 284 284 284 284 284 285 285 285 285 285 285 285 285 285 286 286 286 286 286 286 286 286 286 286 286 287 287 287 287 287 287 287 287 287 287 287 287 305 305 305 306 306 306 306 306 306 306 306 306 306 306 306 138 138 138 138 138 138 138 139 139 139 139 139 139 139 139 139 139 139 139 139 139 139 139 139 139 139 139
281 281 282 282 282 282 282 282 282 283 283 283 283 283 283 283 284 284 284 284 284 284 284 284 285 285 285 285 285 285 285 285 285 285 286 286 286 286 286 286 286 286 286 286 286 286 287 287 287 287 287 287 305 305 305 305 305 305 305 305 305 305 305 305 305 305 305 305 305 305 305 137 137 138 139 139 139 139 139 139 138 138 138 138 138 138 138 138 138 138 138 138 138 138
281 281 281 281 281 281 282 282 282 282 282 282 283 283 283 283 283 283 283 283 284 284 284 284 284 284 284 284 284 285 285 285 285 285 285 285 285 285 285 285 286 286 286 286 286 286 286 286 286 286 286 286 304 304 304 305 305 305 305 305 305 305 305 305 305 305 305 305 305 305 305 305 305 305 137 138 138 138 138 138 138 138 138 138 138 138 138 138 138 138 138 138 138 138
280 280 281 281 281 281 281 281 281 282 282 282 282 282 282 282 283 283 283 283 283 283 283 283 284 284 284 284 284 284 284 284 284 284 285 285 285 285 285 285 285 285 285 285 285 285 286 286 286 286 286 286 286 304 304 304 304 304 304 304 304 304 304 304 304 304 304 304 304 304 304 304 304 305 305 306 306 306 138 138 137 137 137 137 137 137 137 137 137 137 137 137 137 137
280 280 280 280 280 281 281 281 281 281 281 281 282 282 282 282 282 282 282 282 283 283 283 283 283 283 283 283 283 284 284 284 284 284 284 284 284 284 284 284 285 285 285 285 285 285 285 285 285 285 285 285 285 303 303 304 304 304 304 304 304 304 304 304 304 304 304 304 304 304 304 304 304 304 304 305 305 305 305 305 305 137 137 137 137 137 137 137 137 137 137 137 137 137
279 279 280 280 280 280 280 280 281 281 281 281 281 281 281 281 282 282 282 282 282 282 282 282 283 283 283 283 283 283 283 283 283 283 284 284 284 284 284 284 284 284 284 284 284 284 285 285 285 285 285 285 285 303 303 303 303 303 303 303 303 303 303 303 303 303 303 303 303 303 303 303 303 303 304 305 305 305 305 304 304 304 304 304 136 136 136 136 136 136 136 136 136 136
279 279 279 279 279 280 280 280 280 280 280 280 281 281 281 281 281 281 281 281 282 282 282 282 282 282 282 282 282 283 283 283 283 283 283 283 283 283 283 284 284 284 284 284 284 284 284 284 284 284 284 284 284 302 302 303 303 303 303 303 303 303 303 303 303 303 303 303 303 303 303 303 303 303 303 304 304 304 304 304 304 304 304 304 304 304 304 136 136 136 136 136 136 136
278 278 279 279 279 279 279 279 280 280 280 280 280 280 280 280 281 281 281 281 281 281 281 281 282 282 282 282 282 282 282 282 282 282 283 283 283 283 283 283 283 283 283 283 283 283 284 284 284 284 284 284 284 284 302 302 302 302 302 302 302 302 302 302 302 302 302 302 302 302 302 302 302 302 302 303 304 304 303 303 303 303 303 303 303 303 303 303 303 303 135 135 135 135
278 278 278 278 278 279 279 279 279 279 279 279 280 280 280 280 280 280 280 281 281 281 281 281 281 281 281 281 282 282 282 282 282 282 282 282 282 282 282 283 283 283 283 283 283 283 283 283 283 283 283 283 283 283 301 302 302 302 302 302 302 302 302 302 302 302 302 302 302 302 302 302 302 302 302 302 303 303 303 303 303 303 303 303 303 303 303 303 303 303 303 303 303 135
277 278 278 278 278 278 278 278 279 279 279 279 279 279 279 280 280 280 280 280 280 280 280 280 281 281 281 281 281 281 281 281 281 282 282 282 282 282 282 282 282 282 282 282 282 282 283 283 283 283 283 283 283 283 301 301 301 301 301 301 301 301 301 301 301 301 301 301 301 301 301 301 301 301 301 301 303 302 302 302 302 302 302 302 302 302 302 302 302 302 302 302 302 302
277 277 277 277 278 278 278 278 278 278 278 279 279 279 279 279 279 279 279 280 280 280 280 280 280 280 280 280 281 281 281 281 281 281 281 281 281 281 281 282 282 282 282 282 282 282 282 282 282 282 282 282 282 282 300 301 301 301 301 301 301 301 301 301 301 301 301 301 301 301 301 301 301 301 301 301 302 302 302 302 302 302 302 302 302 302 302 302 302 302 302 302 302 302
276 277 277 277 277 277 277 277 278 278 278 278 278 278 278 279 279 279 279 279 279 279 279 280 280 280 280 280 280 280 280 280 280 281 281 281 281 281 281 281 281 281 281 281 281 281 282 282 282 282 282 282 282 282 282 300 300 300 300 300 300 300 300 300 300 300 300 300 300 300 300 300 300 300 300 300 301 301 301 301 301 301 301 301 301 301 301 301 301 301 301 301 301 301
276 276 276 276 277 277 277 277 277 277 277 278 278 278 278 278 278 278 278 279 279 279 279 279 279 279 279 279 280 280 280 280 280 280 280 280 280 280 280 281 281 281 281 281 281 281 281 281 281 281 281 281 281 281 281 300 300 300 300 300 300 300 300 300 300 300 300 300 300 300 300 300 300 300 300 300 300 301 301 301 301 301 301 301 301 301 301 301 301 301 301 301 301 301
275 276 276 276 276 276 276 277 277 277 277 277 277 277 277 278 278 278 278 278 278 278 278 279 279 279 279 279 279 279 279 279 279 280 280 280 280 280 280 280 280 280 280 280 280 280 281 281 281 281 281 281 281 281 281 299 299 299 299 299 299 299 299 299 299 299 299 299 299 299 299 299 299 299 299 299 299 300 300 300 300 300 300 300 300 300 300 300 300 300 300 300 300 300
275 275 275 275 276 276 276 276 276 276 276 277 277 277 277 277 277 277 277 278 278 278 278 278 278 278 278 278 279 279 279 279 279 279 279 279 279 279 279 280 280 280 280 280 280 280 280 280 280 280 280 280 280 280 280 281 299 299 299 299 299 299 299 299 299 299 299 299 299 299 299 299 299 299 299 299 299 300 300 300 300 300 300 300 300 300 300 300 300 300 300 300 300 300
275 275 275 275 275 275 275 276 276 276 276 276 276 276 276 277 277 277 277 277 277 277 277 278 278 278 278 278 278 278 278 278 278 279 279 279 279 279 279 279 279 279 279 279 279 279 280 280 280 280 280 280 280 280 280 280 298 298 298 298 298 298 298 298 298 298 298 298 298 298 298 298 298 298 298 298 298 299 299 299 299 299 299 299 299 299 299 299 299 299 299 299 299 299
274 274 274 274 275 275 275 275 275 275 275 276 276 276 276 276 276 276 276 277 277 277 277 277 277 277 277 277 278 278 278 278 278 278 278 278 278 278 278 279 279 279 279 279 279 279 279 279 279 279 279 279 279 279 279 280 298 298 298 298 298 298 298 298 298 298 298 298 298 298 298 298 298 298 298 298 298 299 299 299 299 299 299 299 299 299 299 299 299 299 299 299 299 299
274 274 274 274 274 274 274 275 275 275 275 275 275 275 276 276 276 276 276 276 276 276 276 277 277 277 277 277 277 277 277 277 277 278 278 278 278 278 278 278 278 278 278 278 278 278 279 279 279 279 279 279 279 279 279 279 279 297 297 297 297 297 297 297 297 297 297 297 297 297 297 297 297 297 297 297 297 297 298 298 298 298 298 298 298 298 298 298 298 298 298 298 298 298
273 273 273 274 274 274 274 274 274 274 275 275 275 275 275 275 275 275 276 276 276 276 276 276 276 276 276 276 277 277 277 277 277 277 277 277 277 277 277 278 278 278 278 278 278 278 278 278 278 278 278 278 278 278 278 279 279 297 297 297 297 297 297 297 297 297 297 297 297 297 297 297 297 297 297 297 297 297 298 298 298 298 298 298 298 298 298 298 298 298 298 298 298 298
273 273 273 273 273 273 273 274 274 274 274 274 274 274 275 275 275 275 275 275 275 275 275 276 276 276 276 276 276 276 276 276 276 277 277 277 277 277 277 277 277 277 277 277 277 277 278 278 278 278 278 278 278 278 278 278 278 296 296 296 296 296 296 296 296 296 296 296 296 296 296 296 296 296 296 296 296 296 297 297 297 297 297 297 297 297 297 297 297 297 297 297 297 297
272 272 272 273 273 273 273 273 273 273 274 274 274 274 274 274 274 274 275 275 275 275 275 275 275 275 275 276 276 276 276 276 276 276 276 276 276 276 276 277 277 277 277 277 277 277 277 277 277 277 277 277 277 277 277 278 278 296 296 296 296 296 296 296 296 296 296 296 296 296 296 296 296 296 296 296 296 296 297 297 297 297 297 297 297 297 297 297 297 297 297 297 297 297
