testData/tiles/oneDegree/grid15.0-4.0-16.0-5.0.asc
ncols   200
nrows   200
xllcorner   15.0
yllcorner   4.0
cellsize   0.005
NODATA_value   -9999.0
[rows 48 to 95 of 200, columns 0 to 95 of 200]
156 156 156 155 155 155 154 154 154 154 153 153 153 152 152 152 152 151 151 151 150 150 150 150 149 149 149 148 148 148 147 147 147 146 146 146 145 145 145 144 144 144 143 143 143 142 142 142 141 141 141 140 140 140 139 139 138 138 138 137 137 137 136 136 135 135 135 134 134 133 133 133 132 132 131 131 130 130 130 129 129 128 128 127 127 126 126 126 125 125 124 124 123 123 122 122
156 156 155 155 155 155 154 154 154 153 153 153 153 152 152 152 151 151 151 151 150 150 150 149 149 149 148 148 148 147 147 147 147 146 146 146 145 145 145 144 144 144 143 143 142 142 142 141 141 141 140 140 140 139 139 139 138 138 137 137 137 136 136 136 135 135 134 134 134 133 133 132 132 131 131 131 130 130 129 129 128 128 128 127 127 126 126 125 125 124 124 123 123 122 122 121
156 155 155 155 155 154 154 154 154 153 153 153 152 152 152 152 151 151 151 150 150 150 149 149 149 148 148 148 148 147 147 147 146 146 146 145 145 145 144 144 144 143 143 143 142 142 142 141 141 141 140 140 139 139 139 138 138 138 137 137 136 136 136 135 135 134 134 134 133 133 132 132 132 131 131 130 130 129 129 129 128 128 127 127 126 126 125 125 125 124 124 123 123 122 122 121
155 155 155 155 154 154 154 154 153 153 153 152 152 152 152 151 151 151 150 150 150 150 149 149 149 148 148 148 147 147 147 146 146 146 145 145 145 144 144 144 143 143 143 142 142 142 141 141 141 140 140 140 139 139 138 138 138 137 137 137 136 136 135 135 135 134 134 133 133 133 132 132 131 131 131 130 130 129 129 128 128 127 127 127 126 126 125 125 124 124 123 123 122 122 121 121
155 155 155 154 154 154 154 153 153 153 153 152 152 152 151 151 151 150 150 150 150 149 149 149 148 148 148 147 147 147 146 146 146 146 145 145 145 144 144 144 143 143 143 142 142 141 141 141 140 140 140 139 139 139 138 138 137 137 137 136 136 136 135 135 134 134 134 133 133 132 132 132 131 131 130 130 129 129 129 128 128 127 127 126 126 125 125 124 124 123 123 123 122 122 121 121
155 155 155 154 154 154 153 153 153 153 152 152 152 151 151 151 151 150 150 150 149 149 149 148 148 148 148 147 147 147 146 146 146 145 145 145 144 144 144 143 143 143 142 142 142 141 141 141 140 140 139 139 139 138 138 138 137 137 136 136 136 135 135 135 134 134 133 133 133 132 132 131 131 130 130 130 129 129 128 128 127 127 126 126 126 125 125 124 124 123 123 122 122 121 121 120
155 155 154 154 154 154 153 153 153 152 152 152 152 151 151 151 150 150 150 149 149 149 149 148 148 148 147 147 147 146 146 146 145 145 145 144 144 144 143 143 143 142 142 142 141 141 141 140 140 140 139 139 138 138 138 137 137 137 136 136 135 135 135 134 134 133 133 133 132 132 131 131 131 130 130 129 129 128 128 128 127 127 126 126 125 125 124 124 123 123 122 122 121 121 120 120
155 154 154 154 154 153 153 153 152 152 152 152 151 151 151 150 150 150 150 149 149 149 148 148 148 147 147 147 146 146 146 145 145 145 145 144 144 144 143 143 142 142 142 141 141 141 140 140 140 139 139 139 138 138 137 137 137 136 136 136 135 135 134 134 134 133 133 132 132 132 131 131 130 130 129 129 129 128 128 127 127 126 126 125 125 125 124 124 123 123 122 122 121 121 120 120
154 154 154 154 153 153 153 153 152 152 152 151 151 151 151 150 150 150 149 149 149 148 148 148 147 147 147 147 146 146 146 145 145 145 144 144 144 143 143 143 142 142 142 141 141 141 140 140 139 139 139 138 138 138 137 137 136 136 136 135 135 135 134 134 133 133 133 132 132 131 131 130 130 130 129 129 128 128 127 127 127 126 126 125 125 124 124 123 123 122 122 121 121 120 120 119
154 154 154 153 153 153 153 152 152 152 151 151 151 151 150 150 150 149 149 149 148 148 148 148 147 147 147 146 146 146 145 145 145 144 144 144 143 143 143 142 142 142 141 141 141 140 140 140 139 139 138 138 138 137 137 137 136 136 135 135 135 134 134 133 133 133 132 132 131 131 131 130 130 129 129 128 128 128 127 127 126 126 125 125 124 124 123 123 123 122 122 121 121 120 120 119
154 154 153 153 153 153 152 152 152 151 151 151 151 150 150 150 149 149 149 149 148 148 148 147 147 147 146 146 146 145 145 145 144 144 144 143 143 143 142 142 142 141 141 141 140 140 140 139 139 139 138 138 137 137 137 136 136 136 135 135 134 134 134 133 133 132 132 132 131 131 130 130 129 129 129 128 128 127 127 126 126 125 125 125 124 124 123 123 122 122 121 121 120 120 119 119
154 154 153 153 153 152 152 152 152 151 151 151 150 150 150 150 149 149 149 148 148 148 147 147 147 146 146 146 145 145 145 145 144 144 144 143 143 143 142 142 142 141 141 140 140 140 139 139 139 138 138 138 137 137 136 136 136 135 135 135 134 134 133 133 133 132 132 131 131 130 130 130 129 129 128 128 127 127 127 126 126 125 125 124 124 123 123 122 122 121 121 120 120 119 119 118
154 153 153 153 152 152 152 152 151 151 151 150 150 150 150 149 149 149 148 148 148 147 147 147 147 146 146 146 145 145 145 144 144 144 143 143 143 142 142 142 141 141 141 140 140 139 139 139 138 138 138 137 137 137 136 136 135 135 135 134 134 133 133 133 132 132 131 131 131 130 130 129 129 128 128 128 127 127 126 126 125 125 124 124 123 123 123 122 122 121 121 120 120 119 119 118
153 153 153 152 152 152 152 151 151 151 150 150 150 150 149 149 149 148 148 148 148 147 147 147 146 146 146 145 145 145 144 144 144 143 143 143 142 142 142 141 141 141 140 140 140 139 139 138 138 138 137 137 137 136 136 136 135 135 134 134 134 133 133 132 132 132 131 131 130 130 129 129 129 128 128 127 127 126 126 125 125 125 124 124 123 123 122 122 121 121 120 120 119 119 118 118
153 153 153 152 152 152 151 151 151 151 150 150 150 149 149 149 148 148 148 148 147 147 147 146 146 146 145 145 145 144 144 144 143 143 143 142 142 142 141 141 141 140 140 140 139 139 139 138 138 137 137 137 136 136 136 135 135 134 134 134 133 133 132 132 132 131 131 130 130 130 129 129 128 128 127 127 127 126 126 125 125 124 124 123 123 122 122 121 121 120 120 119 119 118 118 117
153 153 152 152 152 151 151 151 151 150 150 150 149 149 149 149 148 148 148 147 147 147 146 146 146 145 145 145 144 144 144 143 143 143 142 142 142 141 141 141 140 140 140 139 139 139 138 138 138 137 137 136 136 136 135 135 135 134 134 133 133 133 132 132 131 131 131 130 130 129 129 128 128 128 127 127 126 126 125 125 124 124 123 123 123 122 122 121 121 120 120 119 119 118 118 117
153 152 152 152 151 151 151 151 150 150 150 149 149 149 149 148 148 148 147 147 147 146 146 146 145 145 145 145 144 144 144 143 143 143 142 142 142 141 141 141 140 140 139 139 139 138 138 138 137 137 137 136 136 135 135 135 134 134 133 133 133 132 132 131 131 131 130 130 129 129 129 128 128 127 127 126 126 125 125 125 124 124 123 123 122 122 121 121 120 120 119 119 118 118 117 117
152 152 152 152 151 151 151 150 150 150 149 149 149 149 148 148 148 147 147 147 146 146 146 146 145 145 145 144 144 144 143 143 143 142 142 142 141 141 141 140 140 140 139 139 138 138 138 137 137 137 136 136 136 135 135 134 134 134 133 133 132 132 132 131 131 130 130 129 129 129 128 128 127 127 126 126 126 125 125 124 124 123 123 122 122 121 121 120 120 119 119 118 118 117 117 116
152 152 152 151 151 151 150 150 150 150 149 149 149 148 148 148 147 147 147 147 146 146 146 145 145 145 144 144 144 143 143 143 142 142 142 141 141 141 140 140 140 139 139 139 138 138 137 137 137 136 136 136 135 135 134 134 134 133 133 132 132 132 131 131 130 130 130 129 129 128 128 127 127 127 126 126 125 125 124 124 123 123 122 122 121 121 121 120 120 119 119 118 117 117 116 116
152 152 151 151 151 150 150 150 150 149 149 149 148 148 148 147 147 147 147 146 146 146 145 145 145 144 144 144 143 143 143 142 142 142 141 141 141 140 140 140 139 139 139 138 138 138 137 137 136 136 136 135 135 135 134 134 133 133 133 132 132 131 131 131 130 130 129 129 128 128 128 127 127 126 126 125 125 124 124 124 123 123 122 122 121 121 120 120 119 119 118 118 117 117 116 116
152 151 151 151 150 150 150 150 149 149 149 148 148 148 148 147 147 147 146 146 146 145 145 145 144 144 144 143 143 143 142 142 142 141 141 141 140 140 140 139 139 139 138 138 138 137 137 136 136 136 135 135 135 134 134 133 133 133 132 132 131 131 131 130 130 129 129 129 128 128 127 127 126 126 125 125 125 124 124 123 123 122 122 121 121 120 120 119 119 118 118 117 117 116 116 115
151 151 151 150 150 150 150 149 149 149 148 148 148 148 147 147 147 146 146 146 145 145 145 144 144 144 143 143 143 142 142 142 141 141 141 140 140 140 139 139 139 138 138 138 137 137 137 136 136 135 135 135 134 134 134 133 133 132 132 132 131 131 130 130 129 129 129 128 128 127 127 126 126 126 125 125 124 124 123 123 122 122 121 121 120 120 119 119 118 118 117 117 116 116 115 115
151 151 150 150 150 150 149 149 149 148 148 148 148 147 147 147 146 146 146 145 145 145 144 144 144 144 143 143 143 142 142 142 141 141 141 140 140 139 139 139 138 138 138 137 137 137 136 136 135 135 135 134 134 134 133 133 132 132 132 131 131 130 130 130 129 129 128 128 127 127 127 126 126 125 125 124 124 123 123 122 122 122 121 121 120 120 119 119 118 118 117 116 116 115 115 114
151 150 150 150 150 149 149 149 148 148 148 148 147 147 147 146 146 146 145 145 145 144 144 144 144 143 143 143 142 142 142 141 141 141 140 140 140 139 139 138 138 138 137 137 137 136 136 136 135 135 134 134 134 133 133 132 132 132 131 131 130 130 130 129 129 128 128 128 127 127 126 126 125 125 124 124 123 123 123 122 122 121 121 120 120 119 119 118 118 117 117 116 116 115 114 114
150 150 150 150 149 149 149 148 148 148 148 147 147 147 146 146 146 145 145 145 145 144 144 144 143 143 143 142 142 142 141 141 141 140 140 140 139 139 139 138 138 137 137 137 136 136 136 135 135 134 134 134 133 133 133 132 132 131 131 131 130 130 129 129 128 128 128 127 127 126 126 125 125 125 124 124 123 123 122 122 121 121 120 120 119 119 118 118 117 117 116 116 115 115 114 114
150 150 150 149 149 149 148 148 148 148 147 147 147 146 146 146 145 145 145 145 144 144 144 143 143 143 142 142 142 141 141 141 140 140 140 139 139 139 138 138 137 137 137 136 136 136 135 135 135 134 134 133 133 133 132 132 131 131 131 130 130 129 129 129 128 128 127 127 126 126 125 125 125 124 124 123 123 122 122 121 121 120 120 119 119 118 118 117 117 116 116 115 115 114 114 113
150 150 149 149 149 148 148 148 148 147 147 147 146 146 146 145 145 145 145 144 144 144 143 143 143 142 142 142 141 141 141 140 140 140 139 139 139 138 138 138 137 137 136 136 136 135 135 135 134 134 133 133 133 132 132 131 131 131 130 130 129 129 129 128 128 127 127 126 126 126 125 125 124 124 123 123 122 122 121 121 120 120 119 119 118 118 117 117 116 116 115 115 114 114 113 113
150 149 149 149 148 148 148 148 147 147 147 146 146 146 145 145 145 145 144 144 144 143 143 143 142 142 142 141 141 141 140 140 140 139 139 139 138 138 138 137 137 136 136 136 135 135 135 134 134 133 133 133 132 132 132 131 131 130 130 129 129 129 128 128 127 127 127 126 126 125 125 124 124 123 123 122 122 122 121 121 120 120 119 119 118 118 117 117 116 116 115 114 114 113 113 112
149 149 149 148 148 148 148 147 147 147 146 146 146 146 145 145 145 144 144 144 143 143 143 142 142 142 141 141 141 140 140 140 139 139 139 138 138 138 137 137 136 136 136 135 135 135 134 134 134 133 133 132 132 132 131 131 130 130 130 129 129 128 128 127 127 127 126 126 125 125 124 124 123 123 123 122 122 121 121 120 120 119 119 118 118 117 117 116 116 115 115 114 113 113 112 112
149 149 148 148 148 148 147 147 147 146 146 146 145 145 145 145 144 144 144 143 143 143 142 142 142 141 141 141 140 140 140 139 139 139 138 138 138 137 137 137 136 136 135 135 135 134 134 134 133 133 132 132 132 131 131 130 130 130 129 129 128 128 128 127 127 126 126 125 125 124 124 124 123 123 122 122 121 121 120 120 119 119 118 118 117 117 116 116 115 115 114 114 113 112 112 111
149 148 148 148 148 147 147 147 146 146 146 145 145 145 145 144 144 144 143 143 143 142 142 142 141 141 141 140 140 140 139 139 139 138 138 138 137 137 137 136 136 135 135 135 134 134 134 133 133 132 132 132 131 131 130 130 130 129 129 128 128 128 127 127 126 126 125 125 125 124 124 123 123 122 122 121 121 120 120 119 119 118 118 117 117 116 116 115 115 114 114 113 113 112 111 111
148 148 148 148 147 147 147 146 146 146 145 145 145 145 144 144 144 143 143 143 142 142 142 141 141 141 140 140 140 139 139 139 138 138 138 137 137 137 136 136 135 135 135 134 134 134 133 133 132 132 132 131 131 130 130 130 129 129 128 128 128 127 127 126 126 125 125 125 124 124 123 123 122 122 121 121 120 120 119 119 118 118 117 117 116 116 115 115 114 114 113 113 112 112 111 110
148 148 148 147 147 147 146 146 146 145 145 145 145 144 144 144 143 143 143 142 142 142 141 141 141 140 140 140 139 139 139 138 138 138 137 137 137 136 136 135 135 135 134 134 134 133 133 132 132 132 131 131 131 130 130 129 129 128 128 128 127 127 126 126 125 125 125 124 124 123 123 122 122 121 121 120 120 119 119 119 118 118 117 116 116 115 115 114 114 113 113 112 112 111 111 110
148 148 147 147 147 146 146 146 145 145 145 145 144 144 144 143 143 143 142 142 142 141 141 141 140 140 140 139 139 139 138 138 138 137 137 137 136 136 136 135 135 134 134 134 133 133 133 132 132 131 131 131 130 130 129 129 129 128 128 127 127 126 126 126 125 125 124 124 123 123 122 122 121 121 121 120 120 119 119 118 118 117 117 116 116 115 114 114 113 113 112 112 111 111 110 109
147 147 147 147 146 146 146 145 145 145 145 144 144 144 143 143 143 142 142 142 141 141 141 140 140 140 139 139 139 138 138 138 137 137 137 136 136 136 135 135 134 134 134 133 133 133 132 132 131 131 131 130 130 129 129 129 128 128 127 127 126 126 126 125 125 124 124 123 123 122 122 122 121 121 120 120 119 119 118 118 117 117 116 116 115 115 114 113 113 112 112 111 111 110 110 109
147 147 147 146 146 146 145 145 145 144 144 144 144 143 143 143 142 142 142 141 141 141 140 140 140 139 139 139 138 138 138 137 137 137 136 136 136 135 135 134 134 134 133 133 133 132 132 131 131 131 130 130 129 129 129 128 128 127 127 126 126 126 125 125 124 124 123 123 122 122 122 121 121 120 120 119 119 118 118 117 117 116 116 115 115 114 114 113 112 112 111 111 110 110 109 108
147 147 146 146 146 145 145 145 144 144 144 144 143 143 143 142 142 142 141 141 141 140 140 140 139 139 139 138 138 138 137 137 137 136 136 136 135 135 134 134 134 133 133 133 132 132 131 131 131 130 130 129 129 129 128 128 127 127 126 126 126 125 125 124 124 123 123 123 122 122 121 121 120 120 119 119 118 118 117 117 116 116 115 115 114 114 113 113 112 111 111 110 110 109 109 108
147 146 146 146 145 145 145 144 144 144 144 143 143 143 142 142 142 141 141 141 140 140 140 139 139 139 138 138 138 137 137 137 136 136 135 135 135 134 134 134 133 133 133 132 132 131 131 131 130 130 129 129 129 128 128 127 127 127 126 126 125 125 124 124 123 123 123 122 122 121 121 120 120 119 119 118 118 117 117 116 116 115 115 114 114 113 113 112 111 111 110 110 109 109 108 107
146 146 146 145 145 145 144 144 144 143 143 143 143 142 142 142 141 141 141 140 140 140 139 139 139 138 138 138 137 137 137 136 136 135 135 135 134 134 134 133 133 133 132 132 131 131 131 130 130 129 129 129 128 128 127 127 127 126 126 125 125 124 124 123 123 123 122 122 121 121 120 120 119 119 118 118 117 117 116 116 115 115 114 114 113 113 112 112 111 110 110 109 109 108 108 107
146 146 145 145 145 144 144 144 143 143 143 142 142 142 142 141 141 141 140 140 140 139 139 139 138 138 138 137 137 137 136 136 135 135 135 134 134 134 133 133 133 132 132 131 131 131 130 130 129 129 129 128 128 127 127 127 126 126 125 125 124 124 123 123 123 122 122 121 121 120 120 119 119 118 118 117 117 116 116 115 115 114 114 113 113 112 112 111 110 110 109 109 108 108 107 106
145 145 145 145 144 144 144 143 143 143 142 142 142 142 141 141 141 140 140 140 139 139 139 138 138 138 137 137 137 136 136 135 135 135 134 134 134 133 133 133 132 132 131 131 131 130 130 129 129 129 128 128 127 127 127 126 126 125 125 124 124 124 123 123 122 122 121 121 120 120 119 119 118 118 117 117 116 116 115 115 114 114 113 113 112 112 111 111 110 109 109 108 108 107 106 106
145 145 145 144 144 144 143 143 143 142 142 142 141 141 141 141 140 140 140 139 139 139 138 138 138 137 137 136 136 136 135 135 135 134 134 134 133 133 132 132 132 131 131 131 130 130 129 129 129 128 128 127 127 127 126 126 125 125 124 124 124 123 123 122 122 121 121 120 120 119 119 118 118 117 117 116 116 115 115 114 114 113 113 112 112 111 111 110 109 109 108 108 107 107 106 105
145 144 144 144 144 143 143 143 142 142 142 141 141 141 140 140 140 139 139 139 138 138 138 137 137 137 136 136 136 135 135 135 134 134 134 133 133 132 132 132 131 131 131 130 130 129 129 129 128 128 127 127 127 126 126 125 125 124 124 124 123 123 122 122 121 121 120 120 119 119 118 118 117 117 116 116 115 115 114 114 113 113 112 112 111 111 110 109 109 108 108 107 107 106 105 105
144 144 144 144 143 143 143 142 142 142 141 141 141 140 140 140 139 139 139 138 138 138 137 137 137 136 136 136 135 135 135 134 134 134 133 133 132 132 132 131 131 131 130 130 129 129 129 128 128 127 127 127 126 126 125 125 124 124 123 123 123 122 122 121 121 120 120 119 119 118 118 117 117 116 116 115 115 114 114 113 113 112 112 111 111 110 110 109 108 108 107 107 106 105 105 104
144 144 143 143 143 143 142 142 142 141 141 141 140 140 140 139 139 139 138 138 138 137 137 137 136 136 136 135 135 135 134 134 134 133 133 132 132 132 131 131 130 130 130 129 129 129 128 128 127 127 126 126 126 125 125 124 124 123 123 123 122 122 121 121 120 120 119 119 118 118 117 117 116 116 115 115 114 114 113 113 112 112 111 111 110 110 109 108 108 107 107 106 105 105 104 104
144 143 143 143 142 142 142 142 141 141 141 140 140 140 139 139 139 138 138 138 137 137 137 136 136 136 135 135 135 134 134 133 133 133 132 132 132 131 131 130 130 130 129 129 128 128 128 127 127 126 126 126 125 125 124 124 123 123 123 122 122 121 121 120 120 119 119 118 118 117 117 116 116 115 115 114 114 113 113 112 112 111 111 110 110 109 108 108 107 107 106 105 105 104 104 103
143 143 143 142 142 142 141 141 141 141 140 140 140 139 139 139 138 138 138 137 137 137 136 136 136 135 135 134 134 134 133 133 133 132 132 132 131 131 130 130 130 129 129 128 128 128 127 127 126 126 126 125 125 124 124 123 123 123 122 122 121 121 120 120 119 119 118 118 117 117 116 116 115 115 114 114 113 113 112 112 111 111 110 110 109 108 108 107 107 106 105 105 104 104 103 102
143 143 142 142 142 141 141 141 140 140 140 140 139 139 139 138 138 138 137 137 137 136 136 135 135 135 134 134 134 133 133 133 132 132 132 131 131 130 130 130 129 129 128 128 128 127 127 126 126 126 125 125 124 124 123 123 123 122 122 121 121 120 120 119 119 118 118 117 117 116 116 115 115 114 114 113 113 112 112 111 111 110 110 109 108 108 107 107 106 106 105 104 104 103 102 102
