testData/tiles/oneDegree/grid24.0-38.0-25.0-39.0.asc
ncols   200
nrows   200
xllcorner   24.0
yllcorner   38.0
cellsize   0.005
NODATA_value   -9999.0
[rows 84 to 125 of 200, columns 94 to 187 of 200]
880 881 884 884 885 887 888 890 890 893 893 894 894 895 896 895 896 896 895 896 896 897 895 896 896 895 894 895 894 893 893 892 889 888 887 886 885 884 881 880 878 877 875 873 870 869 866 862 860 858 854 851 847 844 840 836 833 828 823 817 812 805 799 792 787 786 787 787 787 788 685 685 683 684 685 685 685 685 686 686 686 687 687 687 686 687 687 687 687 689 688 688 688 689
878 879 881 883 885 885 886 887 888 889 891 892 891 892 893 892 893 894 893 893 894 894 894 893 894 893 892 893 892 892 891 889 888 885 885 884 882 881 880 878 875 874 873 870 868 867 863 859 856 855 851 848 846 842 837 832 829 824 819 813 808 801 794 788 787 787 787 787 788 788 684 684 684 684 685 685 685 685 687 686 686 686 687 687 687 686 687 687 687 688 689 688 688 688
875 876 878 880 882 883 886 886 886 887 887 889 889 891 891 891 892 892 891 891 892 892 892 891 892 891 890 889 889 888 887 887 886 884 881 882 880 878 878 876 874 872 870 868 864 863 860 857 854 852 848 844 842 838 834 829 826 821 814 808 804 798 789 785 787 787 787 788 788 684 683 684 684 685 684 685 685 686 686 687 686 686 685 687 687 687 686 687 688 688 689 689 688 687
874 874 876 878 880 880 882 883 884 885 886 886 886 887 889 888 889 890 890 890 888 890 889 889 890 889 889 887 886 886 885 884 884 881 880 880 877 875 874 873 871 870 868 864 861 859 857 854 852 848 845 841 838 835 831 827 822 816 810 805 799 793 786 786 787 787 787 787 789 684 683 683 685 685 685 685 685 686 686 687 687 686 686 687 687 687 687 688 688 688 688 689 688 687
871 873 874 875 876 877 879 880 882 882 883 885 885 885 886 887 887 887 888 887 888 888 887 887 886 885 885 884 884 884 882 881 881 879 877 877 875 874 872 870 868 866 863 862 860 856 854 851 849 845 843 840 835 830 827 822 817 813 806 801 794 788 786 787 787 787 787 788 683 684 684 683 685 685 685 685 686 686 686 686 686 686 687 686 687 687 687 688 689 688 688 687 688 689
869 870 871 873 874 875 876 878 879 879 881 882 882 883 884 885 884 884 886 884 885 885 885 884 882 883 883 882 882 881 880 880 878 876 875 873 873 872 870 867 864 863 860 859 857 854 851 849 845 842 839 836 832 827 822 818 813 807 802 797 789 785 786 787 787 788 787 683 683 684 684 685 685 685 685 685 686 687 687 685 685 687 687 687 687 687 687 688 689 689 688 687 687 689
864 867 868 870 872 874 874 875 877 877 878 879 881 881 881 883 883 883 883 882 882 881 881 882 881 881 880 879 879 879 877 877 876 875 872 871 870 869 866 863 863 860 857 854 854 851 848 846 842 838 834 832 828 823 819 814 808 802 798 792 786 786 787 787 787 787 788 684 683 683 684 685 685 686 685 685 686 687 686 686 685 687 687 687 687 688 688 688 688 689 688 688 688 689
862 865 865 867 868 871 871 873 875 875 876 876 878 878 878 880 880 881 880 879 879 878 879 879 878 878 878 877 876 875 874 874 873 872 870 868 866 865 862 860 860 857 855 852 850 847 844 842 839 835 831 828 823 818 814 810 805 798 792 786 786 786 787 787 787 786 684 684 684 683 684 685 685 685 686 686 686 685 686 686 687 686 687 687 687 687 689 688 688 687 688 688 689 688
859 862 863 865 865 868 868 870 872 872 873 874 876 876 876 876 877 877 876 877 877 876 875 876 875 875 875 874 874 873 872 871 869 869 867 864 862 862 859 857 856 854 851 850 847 844 841 838 835 831 827 823 819 814 810 804 800 794 786 786 786 786 787 788 787 682 683 684 684 684 685 685 685 685 685 687 686 685 685 686 687 687 687 687 687 688 688 689 687 687 687 689 689 689
857 858 861 862 863 866 866 867 868 870 870 871 873 873 874 873 873 874 873 874 874 873 873 874 872 872 871 872 871 870 870 869 866 865 863 861 860 858 857 855 852 851 848 846 843 841 838 834 830 826 823 819 815 810 805 799 794 789 786 786 786 787 786 786 787 684 683 683 684 684 685 686 685 685 685 686 686 686 685 686 687 687 687 688 687 688 688 688 688 688 687 689 689 689
854 855 858 859 861 862 863 865 866 867 867 869 868 869 870 870 872 872 870 871 871 870 870 870 871 870 868 869 868 866 866 866 863 862 860 858 857 855 853 852 849 846 845 842 839 837 834 830 825 823 819 814 809 806 801 794 787 786 786 786 787 786 786 786 683 684 684 684 684 685 685 685 686 686 685 685 686 686 686 687 687 687 687 687 689 688 687 687 688 688 689 688 689 689
851 853 854 856 858 858 860 862 862 863 864 865 865 866 867 867 868 868 868 869 867 868 867 866 868 867 866 866 864 863 862 861 860 859 856 855 853 851 849 848 846 843 842 838 835 832 829 826 822 818 814 809 804 801 795 789 784 786 786 786 785 787 787 682 682 684 684 684 684 685 685 685 685 685 686 685 685 686 686 687 687 687 687 687 688 688 688 687 687 688 689 689 688 689
849 849 851 853 855 855 858 857 858 859 861 862 862 863 864 863 864 865 866 865 864 865 864 863 864 863 862 862 861 861 858 857 857 855 853 852 850 848 845 844 842 839 837 835 831 827 825 821 817 814 810 805 800 794 789 785 786 786 786 785 786 786 683 683 683 684 684 684 684 686 685 685 684 686 686 686 685 686 687 687 687 688 687 687 687 688 688 688 687 689 689 689 689 688
845 846 848 849 851 852 853 855 856 856 857 859 859 860 861 861 861 861 862 862 861 862 861 861 861 860 859 858 856 857 856 854 853 852 850 848 847 844 843 839 838 835 833 830 826 824 819 816 813 809 804 800 795 788 784 785 786 785 786 786 786 786 683 683 684 684 684 684 685 685 686 685 684 685 686 686 686 686 687 687 687 687 688 687 687 687 688 688 688 688 689 689 689 689
842 842 843 844 847 848 850 851 853 853 853 855 855 857 858 859 858 858 860 858 858 857 858 858 856 856 856 854 853 853 852 850 849 849 846 844 842 840 839 836 834 831 827 824 822 819 815 811 808 803 798 794 789 785 785 785 785 785 785 786 787 682 682 683 684 684 684 684 685 684 684 685 685 685 685 686 686 686 687 687 687 687 686 688 688 687 687 688 689 689 688 689 689 689
837 839 840 841 843 844 846 847 849 850 851 852 852 853 853 855 855 854 855 856 856 854 853 853 852 851 852 851 849 849 848 846 845 845 843 841 837 836 834 832 828 827 824 819 818 814 810 806 803 798 792 787 785 785 785 785 785 785 785 787 683 683 683 684 684 684 684 685 685 684 684 685 686 686 686 686 686 687 687 688 687 686 687 688 688 688 687 687 689 689 689 689 689 688
833 836 836 838 840 842 842 843 845 846 847 848 849 850 849 851 851 851 851 851 851 850 849 849 848 847 848 847 847 845 844 843 841 839 839 836 834 832 829 826 823 822 819 815 813 809 805 800 796 792 787 784 785 784 784 785 786 786 785 682 683 683 683 684 684 684 684 684 685 685 684 684 686 686 686 686 686 687 687 687 687 687 687 687 688 688 688 687 689 689 689 689 688 688
828 832 832 834 835 838 839 840 840 842 843 844 846 846 846 847 848 847 846 847 847 846 845 846 845 844 843 843 842 841 840 840 837 835 835 832 828 827 825 821 818 816 814 810 807 804 799 795 790 786 784 785 784 784 784 785 785 786 682 682 682 683 683 684 684 684 683 684 684 685 685 684 685 686 686 686 687 687 687 686 686 687 688 687 687 688 688 689 689 689 689 688 688 690
825 826 828 830 831 834 835 837 837 839 839 839 841 842 841 842 843 843 843 842 843 842 842 841 841 841 840 838 838 837 835 835 833 831 828 826 823 822 820 817 815 811 808 804 801 797 794 790 783 783 783 784 784 784 785 785 785 682 683 683 683 683 684 684 683 684 684 684 684 685 685 686 686 686 686 686 687 687 687 686 686 688 688 688 687 687 688 689 689 689 688 688 688 689
822 823 824 826 827 829 830 832 833 834 836 836 836 837 838 838 837 839 839 838 840 837 837 837 837 836 835 834 835 832 830 830 828 825 824 822 818 817 814 812 810 806 802 800 795 791 787 784 784 783 784 784 784 784 786 786 681 681 683 683 683 683 684 683 683 683 685 685 684 684 685 686 686 686 686 686 686 686 687 687 686 687 688 688 688 687 689 689 689 688 688 688 689 689
817 818 820 822 823 825 826 828 828 829 830 831 832 833 834 833 833 835 834 835 834 834 834 832 832 832 831 829 830 828 825 824 823 821 819 817 814 812 808 806 804 800 796 794 789 784 782 783 783 783 784 784 784 784 785 682 682 681 682 683 683 683 683 684 683 683 684 685 685 685 684 686 686 686 686 686 686 686 686 687 687 687 687 688 688 688 689 689 688 688 688 688 689 689
812 813 816 817 818 820 820 823 822 824 826 826 827 827 829 829 830 829 830 830 829 830 829 828 828 827 826 825 823 822 821 819 817 816 814 811 809 806 803 799 798 794 790 786 783 783 782 782 783 783 784 785 785 784 681 682 682 683 683 683 683 682 683 684 684 683 684 685 685 685 686 686 686 686 685 687 687 686 686 686 688 688 687 687 688 688 688 688 688 688 688 688 690 689
807 809 809 811 813 814 815 818 818 820 821 822 822 822 824 824 825 825 826 825 824 824 824 823 823 823 820 819 817 817 816 814 812 811 808 805 802 800 797 795 791 787 782 782 782 782 783 783 783 783 784 784 681 682 681 681 682 683 683 682 682 683 683 683 684 684 684 684 685 685 686 686 686 685 685 686 687 687 686 686 688 688 688 688 687 688 688 688 688 688 688 689 689 690
801 802 805 805 808 809 811 812 813 815 815 818 818 817 818 819 820 820 819 821 820 820 819 818 817 815 815 814 813 810 810 808 806 804 803 800 796 794 790 788 784 782 782 781 781 782 783 783 783 784 784 680 680 682 682 682 681 683 682 682 682 684 683 683 683 685 685 685 684 685 686 686 685 686 686 686 686 687 687 687 687 688 688 688 687 688 688 688 688 688 688 689 689 689
794 797 799 800 803 804 806 806 808 809 810 811 813 814 814 814 815 814 815 815 815 815 812 811 811 810 808 809 807 805 804 802 800 798 796 793 790 787 783 781 781 780 782 782 781 781 783 783 783 785 681 680 680 682 682 682 681 682 682 682 682 684 684 683 683 685 685 685 685 686 685 685 685 685 687 686 686 686 687 688 687 687 688 687 687 688 688 688 688 688 689 689 689 689
788 790 793 794 796 798 800 801 804 804 804 806 807 808 808 808 810 809 809 808 808 808 806 806 806 804 803 802 801 800 798 796 794 791 788 787 783 780 781 780 780 780 782 782 782 783 783 783 679 680 681 681 680 681 682 681 682 682 683 682 683 683 684 684 684 684 685 685 685 685 685 685 685 685 687 687 686 686 687 688 688 688 686 687 688 688 688 688 688 688 689 689 690 689
782 785 787 788 790 792 794 795 797 798 799 799 800 802 802 802 804 802 803 801 802 802 800 800 800 798 798 795 794 793 791 789 788 785 781 781 780 779 780 781 781 780 781 782 782 783 783 679 679 680 680 681 682 681 680 681 682 682 682 683 683 683 683 684 685 685 684 685 684 685 685 686 685 685 686 687 687 686 687 688 688 687 687 686 688 688 688 688 688 688 689 689 689 689
775 778 781 783 784 784 787 788 790 792 794 794 794 796 795 796 795 796 797 796 795 795 793 793 793 791 791 789 788 786 783 781 780 780 780 780 779 779 780 780 781 782 782 782 782 679 679 680 681 680 680 681 681 681 681 681 682 682 682 683 684 683 683 684 685 685 684 684 684 685 685 685 686 686 686 686 687 687 688 687 687 687 687 688 688 688 688 688 688 690 689 689 688 689
767 770 772 776 776 778 781 781 783 784 787 786 786 788 789 789 788 789 790 789 789 789 787 786 784 784 783 781 779 779 778 778 780 779 779 780 780 779 780 780 781 782 782 782 678 679 679 679 681 681 680 679 681 681 681 681 683 682 682 682 684 684 684 683 685 684 684 684 686 685 685 685 686 687 686 686 686 687 687 687 686 687 687 688 688 688 688 688 688 689 690 688 688 688
765 766 766 768 768 771 772 774 775 775 778 779 780 780 781 782 782 781 782 781 781 780 780 779 777 776 777 777 777 779 779 778 778 779 779 780 779 780 781 780 780 782 678 678 679 680 679 679 679 680 680 680 680 681 681 682 682 683 682 683 683 684 684 684 683 684 684 684 685 686 685 685 685 687 687 687 686 686 687 687 687 686 687 688 688 688 689 688 688 689 688 689 688 688
766 767 767 767 766 767 767 768 769 769 770 770 772 772 772 774 774 774 775 774 775 775 776 776 776 776 778 777 778 777 778 779 779 779 780 780 779 779 781 781 677 678 678 678 679 680 680 678 679 680 680 681 681 681 681 682 682 683 683 684 683 684 683 684 684 683 684 684 685 685 686 685 686 686 687 687 686 686 687 687 687 687 686 688 688 688 688 689 689 688 688 688 689 688
765 766 766 767 767 767 767 768 769 769 770 771 772 772 771 773 773 774 774 775 776 775 775 776 776 777 776 777 778 777 778 779 779 779 781 781 780 780 677 677 677 678 678 678 679 678 679 680 680 679 680 681 681 681 682 682 682 682 683 684 684 682 683 684 684 684 685 685 685 685 685 686 686 686 686 686 686 687 686 687 687 687 688 687 688 688 688 688 689 688 688 688 688 689
766 766 766 767 766 768 768 768 769 769 770 770 772 772 773 773 773 774 774 774 776 776 777 776 775 776 776 777 778 778 777 779 779 779 780 677 677 676 676 677 678 678 678 678 678 678 678 680 680 680 679 681 681 681 681 683 682 682 682 683 683 683 682 684 684 684 684 686 685 685 685 686 687 686 685 685 686 687 687 686 687 687 688 688 688 688 688 687 688 689 688 688 688 688
767 766 767 767 767 768 768 769 769 771 770 770 772 772 773 773 774 775 774 775 776 776 776 775 776 776 776 776 778 778 778 779 779 675 676 677 677 677 677 677 678 677 677 678 679 678 678 680 680 680 680 682 681 681 682 683 683 683 682 682 683 683 683 684 684 684 684 685 686 685 685 685 686 686 686 685 686 687 687 687 686 687 688 688 688 688 687 688 688 688 689 688 688 689
767 767 768 767 767 767 768 769 769 771 771 771 771 772 773 773 773 775 775 775 774 775 776 775 776 777 777 776 778 674 674 675 676 676 676 676 677 677 677 676 678 677 677 678 679 679 679 679 680 680 681 681 682 681 682 682 682 682 683 682 683 683 684 684 685 684 684 685 685 686 686 685 685 686 686 686 686 687 687 687 687 688 688 688 687 687 688 688 688 688 688 689 688 689
663 663 664 664 769 768 768 769 769 770 771 771 772 772 773 773 772 774 774 775 775 775 776 775 775 673 673 674 674 674 675 675 675 677 677 677 676 677 676 676 677 678 677 678 678 679 679 680 679 680 681 681 681 682 683 681 681 682 683 683 682 683 684 684 684 685 685 685 685 684 685 686 685 685 686 686 687 686 687 687 687 688 688 687 687 687 687 689 688 688 688 688 689 689
663 663 664 664 665 664 664 666 665 666 667 668 668 667 669 669 669 669 670 671 671 671 673 671 672 672 673 674 674 674 675 675 675 677 677 676 677 676 676 676 677 678 678 679 678 679 680 680 680 681 681 681 681 681 682 682 681 681 683 683 683 683 684 684 684 684 686 685 684 684 685 686 686 685 685 686 687 687 687 687 687 688 687 687 687 687 688 688 689 688 688 688 689 690
664 663 664 664 665 664 665 666 666 667 665 667 667 667 668 669 670 670 669 671 671 671 673 672 673 672 673 674 674 674 676 676 675 675 676 676 677 676 677 677 677 677 678 679 679 678 680 680 680 680 682 680 680 680 682 682 682 681 683 683 683 683 684 684 684 684 685 685 685 684 684 686 686 686 685 686 687 687 687 687 688 687 687 687 687 687 688 688 688 689 688 688 689 688
664 664 665 665 665 664 664 664 665 666 666 668 667 667 668 669 670 670 670 672 671 672 672 672 673 673 673 674 674 674 675 675 675 676 675 676 677 676 676 678 677 677 677 679 679 679 680 680 680 680 680 681 681 681 681 682 682 683 683 683 683 684 684 685 684 683 684 684 685 685 685 685 686 686 686 686 686 687 687 686 687 687 687 687 687 687 688 688 688 688 689 688 688 688
664 664 664 664 665 664 664 664 666 666 666 667 668 669 668 668 670 670 670 671 672 672 672 671 673 673 673 675 675 673 674 675 675 676 676 676 677 676 676 678 678 678 678 679 679 679 680 681 679 680 680 680 681 682 681 681 682 683 683 683 683 684 684 684 684 684 684 684 684 685 686 685 685 686 686 687 687 687 686 686 687 687 687 687 687 688 688 688 688 688 688 688 688 688
663 664 664 664 665 664 665 665 665 666 666 667 667 669 669 669 670 670 671 671 672 673 673 671 673 673 672 673 674 674 674 674 675 676 676 676 678 676 676 677 678 678 679 678 679 679 679 679 680 680 680 680 681 682 682 681 682 683 683 683 683 684 683 683 683 685 685 684 684 685 686 686 685 685 686 687 687 686 686 686 687 687 687 687 687 688 688 688 688 688 687 688 688 688
664 665 664 664 665 664 665 665 666 667 666 667 667 669 669 669 670 671 671 671 671 673 673 672 672 672 673 673 673 675 675 675 675 676 676 676 677 677 676 677 677 678 679 679 678 678 679 679 679 681 681 680 680 682 682 682 682 683 683 683 683 683 684 683 683 684 685 685 684 684 686 686 686 686 686 686 686 686 686 687 687 687 687 687 687 688 688 688 688 687 687 688 688 688
