testData/tiles/oneDegree/grid46.0-44.0-47.0-45.0.asc
ncols   200
nrows   200
xllcorner   46.0
yllcorner   44.0
cellsize   0.005
NODATA_value   -9999.0
[rows 42 to 83 of 200, columns 0 to 93 of 200]
390 390 389 389 387 387 386 386 385 384 383 383 383 382 382 380 379 378 378 377 376 375 375 374 374 372 372 371 370 368 368 367 367 366 365 364 364 363 361 360 360 359 358 357 357 356 355 355 355 355 354 354 349 349 348 359 366 371 374 378 382 384 387 388 390 392 394 395 396 398 256 258 259 260 261 263 263 265 266 266 267 269 269 270 271 271 272 272 273 274 274 275 275 276
392 391 391 390 389 388 388 387 387 386 385 385 383 383 382 382 380 380 379 379 378 377 376 376 375 374 372 372 371 371 369 369 368 368 366 366 364 364 363 362 361 361 360 359 357 357 357 356 356 356 355 354 354 350 360 367 372 376 379 382 386 387 389 392 393 395 397 399 399 401 260 260 261 262 263 264 266 266 267 268 269 270 270 271 272 272 273 274 274 275 275 276 277 277
393 393 392 392 391 390 389 389 387 387 387 385 385 384 384 383 382 381 381 380 380 378 378 376 376 375 374 373 373 372 372 370 370 368 368 366 366 365 365 363 363 362 361 359 359 358 358 357 357 356 356 355 355 366 367 372 376 380 383 386 389 390 392 395 397 398 400 401 402 404 262 262 263 265 265 267 267 268 269 270 270 271 273 273 274 274 275 276 276 277 278 277 278 278
395 393 393 392 392 391 390 390 389 389 388 387 386 386 385 385 384 383 382 382 380 380 378 378 377 377 376 375 374 374 373 371 370 370 369 369 367 367 366 366 363 363 362 362 360 360 359 358 357 357 357 356 356 371 377 377 381 385 387 390 392 394 396 398 400 400 402 404 405 406 264 264 266 267 268 268 270 270 271 272 272 273 274 274 275 276 276 277 277 278 279 279 279 280
395 395 394 394 393 393 392 391 391 390 390 389 388 387 387 386 385 383 383 382 382 381 380 379 379 378 378 376 375 374 374 373 372 371 371 370 369 368 367 366 365 364 364 363 362 361 360 359 358 358 358 358 371 377 382 385 385 388 392 392 395 397 399 401 402 404 405 407 408 408 410 268 269 270 270 271 272 273 274 274 275 275 276 275 276 277 277 278 279 279 280 280 281 281
398 396 396 396 395 395 394 393 392 392 391 390 389 388 387 387 386 386 384 384 383 383 382 381 380 379 378 378 376 376 375 375 373 373 372 372 369 369 368 368 367 366 365 365 363 362 361 361 359 359 359 370 377 382 387 391 393 391 394 396 398 400 403 403 405 407 407 409 410 411 412 271 271 271 273 273 274 276 275 276 277 277 277 278 278 279 278 279 280 280 281 282 282 283
399 398 398 397 397 395 395 393 393 392 392 391 391 389 389 388 388 387 386 385 385 384 383 381 381 380 380 379 378 377 377 376 375 373 373 372 372 370 370 369 369 367 366 365 365 363 363 362 362 359 370 378 384 387 391 395 396 399 397 400 401 403 405 406 408 409 410 411 413 413 415 273 273 274 275 276 277 277 277 278 280 279 280 281 281 281 282 282 283 281 282 283 283 284
400 400 398 398 397 397 396 396 394 394 393 393 392 391 390 390 389 389 387 386 385 385 384 384 382 382 381 381 379 379 377 377 376 375 374 374 373 372 371 371 369 368 367 367 366 365 364 363 362 372 377 384 388 391 394 397 399 402 405 403 403 405 407 408 410 412 413 413 415 417 417 275 276 276 278 279 278 279 281 281 281 282 282 283 283 283 284 284 285 285 284 285 284 285
402 401 400 399 399 398 398 397 396 395 395 394 394 393 391 390 390 389 389 387 387 386 386 385 384 383 383 381 381 379 379 378 378 376 376 375 375 373 372 371 371 370 369 368 368 366 365 364 375 378 385 389 392 394 398 401 404 405 408 409 406 408 410 412 412 414 415 416 418 419 419 277 278 279 280 280 280 282 283 282 283 284 284 285 285 285 286 286 286 287 286 287 286 287
403 403 402 401 400 400 399 399 397 396 395 395 394 394 392 392 391 391 390 389 388 388 387 387 384 384 383 383 382 381 380 380 379 379 376 376 375 375 373 373 372 372 370 369 368 368 366 366 379 386 389 392 396 398 401 404 407 407 410 412 413 411 413 414 415 416 418 419 419 421 421 279 281 280 281 283 283 284 284 284 285 286 286 286 287 287 288 287 288 289 289 288 289 289
404 403 403 401 401 400 400 399 399 397 397 396 396 395 395 393 393 392 392 391 389 388 388 387 387 385 385 384 384 382 382 380 380 379 378 377 377 376 375 374 374 372 371 370 370 369 368 379 386 391 393 397 400 403 405 406 409 410 413 415 417 417 415 416 417 419 420 420 422 423 423 425 282 282 284 285 285 285 286 286 287 288 287 288 289 289 289 290 290 291 290 290 291 291
405 405 404 403 402 402 401 401 400 399 398 398 397 397 396 394 393 393 392 392 390 390 389 389 388 387 386 386 384 384 382 382 381 381 379 379 378 378 375 375 374 374 372 372 371 371 379 387 392 396 398 401 404 405 407 410 412 413 416 418 419 420 421 419 420 420 422 422 424 425 427 426 284 286 286 287 287 287 289 290 289 290 290 291 292 290 291 292 292 292 292 293 293 292
407 406 406 405 404 403 403 402 401 400 399 398 398 397 397 395 395 394 394 393 392 391 391 390 389 387 387 386 386 385 384 383 383 382 381 379 379 378 377 376 376 375 375 373 372 382 388 392 397 401 402 405 407 410 410 413 415 417 417 419 421 422 424 422 421 423 424 426 426 427 428 428 287 288 287 288 289 290 291 291 291 292 292 293 293 293 293 294 293 294 295 295 294 294
407 407 406 406 404 404 403 403 402 402 400 400 399 399 399 397 397 396 396 395 393 392 392 391 390 389 388 388 387 387 385 385 383 383 381 381 380 380 379 378 377 376 375 374 373 388 394 398 402 405 406 408 411 413 414 416 417 419 420 422 424 425 425 427 424 425 427 428 428 429 430 431 289 289 289 291 292 292 292 293 293 294 294 294 295 295 296 295 295 296 297 296 296 296
409 408 408 407 406 405 405 404 404 403 402 402 401 401 400 398 397 397 396 396 394 394 393 393 392 391 390 389 388 387 386 385 385 384 383 382 382 381 380 378 378 377 377 375 388 395 400 402 406 408 411 413 414 417 416 419 420 422 423 425 426 426 428 430 431 428 428 430 430 431 433 432 290 291 292 293 294 293 294 295 295 295 296 296 297 297 297 297 297 298 298 298 298 298
410 410 409 409 407 407 406 406 405 404 403 402 402 401 401 399 399 398 398 397 397 395 395 394 393 391 391 390 389 389 387 387 386 386 385 383 382 382 381 380 379 379 378 388 394 400 404 407 410 412 415 416 417 419 420 421 424 425 424 426 428 429 430 432 433 433 431 432 432 434 434 434 292 294 294 294 295 295 296 297 296 297 298 298 298 298 299 299 299 299 300 300 300 299
411 410 410 409 408 408 407 407 406 406 404 404 403 403 402 402 400 400 399 399 397 396 395 395 394 394 392 392 391 390 389 388 387 386 386 384 384 383 383 381 381 379 390 394 401 405 409 411 414 415 417 419 420 423 423 425 425 427 427 429 431 431 432 433 435 435 437 434 434 435 436 436 438 296 295 296 297 297 297 298 298 299 300 299 300 301 301 302 300 301 302 302 301 301
412 412 412 411 410 409 409 408 408 407 406 405 405 404 403 402 401 400 400 399 399 397 397 396 396 395 394 393 392 391 389 389 388 388 387 386 385 385 383 382 381 381 395 401 405 410 413 414 417 419 421 422 424 426 426 427 429 430 431 431 433 433 434 436 437 438 438 440 436 437 438 439 439 297 297 298 299 298 299 300 300 301 301 301 302 303 302 303 302 303 304 303 303 303
414 414 413 413 411 411 409 409 408 408 406 406 405 405 404 404 402 402 401 401 400 399 398 398 396 396 394 394 393 392 391 390 390 389 389 386 386 385 385 383 383 394 402 406 410 413 417 418 420 423 424 426 426 428 429 431 431 433 432 434 435 435 437 438 440 439 441 442 442 439 440 440 441 299 299 299 300 300 301 302 301 302 303 303 304 304 304 305 304 304 305 305 305 304
415 414 414 413 412 411 411 410 410 409 408 407 407 406 406 404 404 403 402 401 401 399 399 398 398 396 396 395 395 394 392 391 390 390 389 388 387 387 386 385 395 401 407 411 414 418 420 422 424 425 427 428 430 431 432 433 434 435 436 436 437 438 439 440 441 441 443 444 443 441 442 442 443 301 300 301 303 303 304 304 303 304 305 305 305 305 306 307 305 306 307 307 306 306
416 416 415 415 413 413 412 412 411 411 409 409 407 407 406 405 404 404 403 403 401 401 400 400 399 398 397 396 395 395 393 392 392 391 390 389 389 388 387 385 401 407 412 415 419 421 423 424 426 429 430 431 433 435 434 436 437 438 438 439 439 439 440 442 443 444 444 445 446 447 444 444 444 302 303 304 305 304 305 306 306 306 306 306 307 307 308 307 307 308 309 308 308 308
418 417 417 415 414 413 413 412 412 411 410 409 409 408 408 406 406 405 405 404 403 402 401 400 400 398 398 397 397 396 394 394 393 393 390 390 389 389 388 400 407 413 417 419 421 425 427 428 430 432 433 433 435 436 437 438 440 441 439 441 442 442 443 444 444 445 446 447 448 449 449 445 446 305 305 305 306 306 307 308 307 307 308 308 309 308 309 309 309 310 310 309 310 310
418 418 417 417 415 415 414 414 413 413 411 411 410 410 409 408 406 406 405 405 403 403 402 402 401 400 399 399 398 398 395 394 394 393 392 391 391 390 400 407 413 416 421 422 426 428 430 432 432 434 435 437 438 440 440 442 442 443 443 443 445 445 445 445 446 447 448 450 449 450 451 451 449 307 306 307 308 308 309 309 309 309 309 310 310 310 311 311 310 311 312 311 311 311
420 419 419 417 417 416 416 415 415 412 412 411 411 410 410 408 408 407 407 406 405 404 404 403 403 400 400 399 399 398 396 396 395 395 393 393 391 402 406 413 417 422 423 427 429 431 432 433 436 437 438 440 442 442 442 443 445 445 445 447 446 447 447 449 448 449 450 450 451 452 453 454 454 451 308 309 310 309 310 311 311 311 310 311 312 312 313 312 312 313 313 312 313 313
420 420 419 418 417 417 416 416 415 414 413 413 412 412 411 410 409 409 408 408 405 405 404 404 403 402 401 401 400 399 398 397 396 395 394 393 393 406 413 418 422 425 427 429 432 434 435 437 439 441 440 442 443 445 445 447 447 446 448 448 450 449 450 451 450 450 452 452 453 454 453 455 456 456 310 310 310 311 312 312 312 312 312 313 314 313 314 314 314 315 314 314 315 315
422 421 421 419 419 418 418 417 417 415 415 414 414 412 411 410 410 409 409 407 407 406 406 405 404 403 403 402 401 399 398 398 397 397 395 395 405 414 418 422 425 429 430 434 435 437 439 439 441 443 444 445 447 446 448 448 449 449 450 451 451 452 452 453 452 453 454 454 454 455 456 457 458 457 311 312 312 313 314 313 313 314 314 314 315 315 315 315 315 316 315 316 316 315
423 423 421 420 419 419 418 418 416 416 415 415 414 414 412 412 411 411 410 409 408 408 407 406 404 404 403 403 402 401 400 399 399 397 397 406 412 418 423 426 430 432 435 437 437 440 441 443 444 445 446 448 448 449 450 450 452 452 453 453 453 453 455 455 454 455 455 455 456 458 458 458 459 459 317 314 314 314 315 315 315 316 315 316 317 317 317 316 317 318 317 317 317 317
424 423 422 421 421 420 420 419 418 417 417 416 416 414 414 413 412 411 411 409 409 408 408 407 406 405 405 404 403 402 400 400 399 398 397 411 418 423 427 431 433 435 437 440 441 442 444 446 448 447 449 450 452 451 453 454 452 454 454 456 455 457 457 456 457 457 458 457 458 459 459 460 461 461 319 319 315 316 317 317 316 317 317 318 318 318 318 318 319 318 318 319 319 319
425 424 423 423 422 422 421 420 418 418 417 417 416 415 414 414 413 413 411 411 410 410 409 408 407 406 405 405 403 403 402 401 400 399 410 418 424 426 431 433 437 438 441 443 444 446 446 448 449 450 451 453 454 455 454 455 456 456 458 458 458 458 459 458 459 460 459 459 460 460 461 462 462 462 320 320 321 318 317 317 318 318 319 319 319 319 320 320 320 319 320 321 319 320
426 424 424 423 423 422 422 420 420 419 419 418 418 416 416 415 415 414 413 411 411 410 410 408 408 407 407 406 405 404 403 403 400 411 416 423 427 431 434 438 440 442 443 444 447 447 450 451 452 453 455 455 455 456 457 458 458 459 459 459 460 461 461 461 461 461 461 461 463 462 462 463 463 464 465 322 322 319 319 319 320 319 320 321 321 321 320 321 322 321 322 322 321 322
426 426 425 425 424 424 422 422 421 421 420 419 417 417 416 416 415 414 413 413 412 412 410 410 409 409 408 406 405 404 404 403 402 415 423 428 432 435 438 440 442 444 447 448 449 451 452 453 453 455 456 458 458 458 460 459 460 461 462 461 463 463 461 463 463 464 463 464 464 463 464 465 465 466 466 323 324 325 320 320 321 321 322 322 321 322 322 323 323 322 323 322 323 323
427 426 426 425 425 424 423 422 422 421 421 419 419 418 418 417 417 415 415 414 414 412 411 410 410 409 409 407 407 406 405 404 414 423 427 432 435 439 441 444 445 448 450 451 451 453 455 456 457 458 460 459 459 461 461 462 462 464 463 464 464 464 465 465 466 465 465 465 466 466 466 466 466 467 467 325 326 325 325 322 322 323 323 323 323 324 324 324 323 324 325 324 324 325
428 428 427 427 426 425 424 424 423 423 422 421 420 420 418 418 416 416 415 415 414 413 412 412 411 411 409 409 408 406 406 404 421 427 433 435 439 442 445 446 448 450 451 453 454 456 457 458 459 460 461 462 462 463 464 464 464 465 465 466 466 466 467 467 467 467 467 469 468 467 468 467 468 469 469 326 327 326 327 328 323 324 325 324 325 324 325 325 325 326 325 325 326 325
430 429 429 428 426 425 425 424 424 423 422 421 421 420 420 419 418 417 417 416 416 414 414 412 412 410 410 409 408 408 406 419 427 433 436 439 442 445 447 449 451 453 455 455 458 458 460 460 462 462 463 464 465 465 465 466 467 468 467 468 468 467 469 469 469 469 470 470 469 470 470 470 470 470 470 328 328 328 328 328 329 326 326 325 326 326 327 327 326 327 326 327 328 326
431 430 430 429 427 427 426 426 425 424 423 423 422 422 421 420 418 418 417 417 415 415 414 414 413 412 411 411 410 408 419 425 432 436 440 443 446 448 450 452 454 455 456 458 459 461 461 463 464 466 464 465 467 467 468 468 470 468 470 470 470 471 471 472 470 471 471 471 472 472 471 471 472 471 472 329 328 329 330 330 331 327 326 327 328 328 327 327 328 328 328 328 327 328
432 432 431 430 429 428 428 426 426 424 424 423 423 422 421 420 420 419 419 417 417 416 416 415 414 412 412 411 410 409 424 432 436 440 443 447 449 451 452 455 457 458 459 460 463 464 464 464 466 466 467 468 469 470 469 471 471 471 472 472 472 472 473 472 473 473 473 473 473 474 473 474 474 473 472 330 330 331 332 331 332 331 328 329 328 329 329 329 330 328 329 330 329 330
433 432 431 430 430 429 428 428 426 426 425 425 424 423 422 422 421 421 419 418 417 417 416 415 414 414 413 412 411 422 431 436 440 443 447 449 452 453 456 458 459 461 461 463 464 465 466 468 469 468 470 470 470 471 472 473 473 473 473 473 473 475 475 475 475 474 474 474 476 475 476 475 474 474 474 474 332 332 332 333 334 333 333 330 330 330 330 330 330 330 331 331 330 331
434 433 432 432 431 431 430 428 428 426 426 425 425 423 423 422 422 421 420 419 419 418 418 416 416 415 414 412 422 429 435 441 443 447 450 453 454 457 458 459 461 462 464 465 466 467 469 469 469 471 471 473 472 474 474 474 474 475 476 475 476 477 476 476 476 477 476 477 477 476 476 476 476 476 477 475 333 334 334 335 333 334 335 331 331 331 331 332 332 332 332 331 332 332
434 433 433 432 432 431 430 429 428 428 427 427 425 425 424 424 423 422 421 420 419 419 417 417 416 416 415 413 428 435 441 444 448 450 453 455 457 459 461 463 463 466 467 468 468 470 471 472 472 473 474 474 475 475 476 476 476 478 477 477 477 479 478 478 479 478 478 478 478 478 478 478 477 478 477 478 335 335 335 335 335 336 337 336 332 332 333 333 332 333 333 333 334 332
435 435 434 434 433 432 431 431 430 429 429 426 426 425 425 424 423 422 422 421 421 419 419 418 418 417 415 425 433 440 443 447 450 454 456 458 460 463 464 464 466 467 469 469 471 472 474 474 473 475 476 476 477 478 478 478 478 479 479 479 480 480 480 480 479 480 480 480 480 479 480 479 480 480 480 479 336 336 336 336 337 337 337 337 338 334 334 333 334 335 334 334 334 334
436 435 435 434 433 432 432 431 431 430 428 428 427 427 426 425 424 424 423 423 420 420 419 419 418 417 416 432 439 444 448 451 455 457 458 460 463 464 465 467 468 471 471 473 473 474 474 475 477 477 478 478 479 478 479 480 480 481 481 482 480 482 482 482 482 482 483 481 481 482 481 482 482 481 481 481 338 337 337 337 338 339 338 339 338 339 335 335 336 334 335 336 335 335
437 437 436 435 434 434 433 433 432 430 430 429 428 427 426 425 425 424 424 422 422 421 421 420 419 418 430 439 443 447 450 454 457 459 461 464 466 466 468 469 471 471 473 474 476 476 476 478 479 478 479 480 481 481 482 482 482 482 483 483 483 484 484 484 483 484 483 484 484 483 483 483 483 483 483 483 338 339 338 339 340 338 339 340 340 340 336 336 336 336 337 335 336 337
