testData/tiles/oneDegree/grid36.0-6.0-37.0-7.0.asc
ncols   200
nrows   200
xllcorner   36.0
yllcorner   6.0
cellsize   0.005
NODATA_value   -9999.0
[rows 44 to 87 of 200, columns 0 to 95 of 200]
147 147 147 148 148 149 149 150 150 150 151 151 152 152 152 153 153 154 154 155 155 68 69 69 70 70 70 71 71 72 72 72 73 73 74 74 74 75 75 76 76 76 77 77 78 78 78 79 79 80 81 81 82 82 82 83 83 83 84 84 85 85 85 86 86 86 87 87 87 88 88 89 89 89 90 90 90 91 91 91 92 92 92 93 93 93 94 94 94 95 95 95 96 96 96 97
146 147 147 147 148 148 149 149 150 150 150 151 151 152 152 153 153 153 154 154 155 155 68 69 69 70 70 70 71 71 72 72 72 73 73 74 74 74 75 75 76 76 76 77 77 78 78 78 80 80 80 81 81 82 82 82 83 83 83 84 84 85 85 85 86 86 86 87 87 87 88 88 88 89 89 90 90 90 91 91 91 92 92 92 93 93 93 94 94 94 95 95 95 95 96 96
146 146 147 147 148 148 148 149 149 150 150 150 151 151 152 152 153 153 153 154 154 155 68 68 69 69 70 70 70 71 71 72 72 72 73 73 74 74 74 75 75 76 76 76 77 77 78 78 79 80 80 80 81 81 82 82 82 83 83 83 84 84 84 85 85 86 86 86 87 87 87 88 88 88 89 89 89 90 90 90 91 91 91 92 92 92 93 93 93 94 94 94 95 95 95 96
145 146 146 147 147 148 148 148 149 149 150 150 151 151 151 152 152 153 153 153 154 154 155 68 68 69 69 70 70 70 71 71 72 72 72 73 73 74 74 74 75 75 76 76 76 77 77 77 79 79 80 80 80 81 81 81 82 82 83 83 83 84 84 84 85 85 85 86 86 87 87 87 88 88 88 89 89 89 90 90 90 91 91 91 92 92 92 93 93 93 94 94 94 95 95 95
145 146 146 146 147 147 148 148 148 149 149 150 150 151 151 151 152 152 153 153 153 154 154 155 68 68 69 69 70 70 70 71 71 72 72 72 73 73 74 74 74 75 75 76 76 76 77 77 78 79 79 80 80 80 81 81 81 82 82 83 83 83 84 84 84 85 85 85 86 86 86 87 87 88 88 88 89 89 89 90 90 90 91 91 91 92 92 92 93 93 93 93 94 94 94 95
145 145 146 146 146 147 147 148 148 149 149 149 150 150 151 151 151 152 152 153 153 153 154 154 155 68 68 69 69 70 70 70 71 71 72 72 72 73 73 74 74 74 75 75 76 76 76 77 78 78 79 79 80 80 80 81 81 81 82 82 82 83 83 84 84 84 85 85 85 86 86 86 87 87 87 88 88 88 89 89 89 90 90 90 91 91 91 92 92 92 93 93 93 94 94 94
144 145 145 146 146 147 147 147 148 148 149 149 149 150 150 151 151 151 152 152 153 153 153 154 154 68 68 68 69 69 70 70 70 71 71 72 72 72 73 73 74 74 74 75 75 76 76 76 78 78 78 79 79 79 80 80 81 81 81 82 82 82 83 83 83 84 84 85 85 85 86 86 86 87 87 87 88 88 88 89 89 89 90 90 90 91 91 91 92 92 92 93 93 93 94 94
144 144 145 145 146 146 147 147 147 148 148 149 149 149 150 150 151 151 151 152 152 153 153 154 154 154 68 68 69 69 69 70 70 70 71 71 72 72 72 73 73 74 74 74 75 75 75 76 77 78 78 78 79 79 79 80 80 81 81 81 82 82 82 83 83 83 84 84 84 85 85 86 86 86 87 87 87 88 88 88 89 89 89 90 90 90 91 91 91 91 92 92 92 93 93 93
144 144 145 145 145 146 146 147 147 147 148 148 149 149 149 150 150 151 151 152 152 152 153 153 154 154 154 68 68 69 69 69 70 70 70 71 71 72 72 72 73 73 74 74 74 75 75 75 77 77 78 78 78 79 79 79 80 80 80 81 81 82 82 82 83 83 83 84 84 84 85 85 85 86 86 86 87 87 87 88 88 88 89 89 89 90 90 90 91 91 91 92 92 92 93 93
143 144 144 145 145 145 146 146 147 147 147 148 148 149 149 150 150 150 151 151 152 152 152 153 153 154 154 67 68 68 69 69 69 70 70 70 71 71 72 72 72 73 73 74 74 74 75 75 76 77 77 78 78 78 79 79 79 80 80 80 81 81 81 82 82 83 83 83 84 84 84 85 85 85 86 86 86 87 87 87 88 88 88 89 89 89 90 90 90 91 91 91 92 92 92 92
143 143 144 144 145 145 145 146 146 147 147 147 148 148 149 149 150 150 150 151 151 152 152 152 153 153 154 154 67 68 68 68 69 69 70 70 70 71 71 72 72 72 73 73 73 74 74 75 76 76 77 77 77 78 78 79 79 79 80 80 80 81 81 81 82 82 82 83 83 84 84 84 85 85 85 86 86 86 87 87 87 88 88 88 89 89 89 89 90 90 90 91 91 91 92 92
143 143 143 144 144 145 145 145 146 146 147 147 148 148 148 149 149 150 150 150 151 151 152 152 152 153 153 154 154 67 68 68 68 69 69 70 70 70 71 71 72 72 72 73 73 73 74 74 76 76 76 77 77 77 78 78 78 79 79 80 80 80 81 81 81 82 82 82 83 83 83 84 84 84 85 85 85 86 86 86 87 87 87 88 88 88 89 89 89 90 90 90 91 91 91 91
142 143 143 143 144 144 145 145 146 146 146 147 147 148 148 148 149 149 150 150 150 151 151 152 152 152 153 153 154 154 67 68 68 68 69 69 70 70 70 71 71 72 72 72 73 73 73 74 75 76 76 76 77 77 77 78 78 78 79 79 79 80 80 81 81 81 82 82 82 83 83 83 84 84 84 85 85 85 86 86 86 87 87 87 88 88 88 89 89 89 89 90 90 90 91 91
142 142 143 143 143 144 144 145 145 146 146 146 147 147 148 148 148 149 149 150 150 150 151 151 152 152 152 153 153 154 67 67 68 68 68 69 69 70 70 70 71 71 71 72 72 73 73 73 75 75 75 76 76 77 77 77 78 78 78 79 79 79 80 80 80 81 81 81 82 82 83 83 83 84 84 84 85 85 85 86 86 86 86 87 87 87 88 88 88 89 89 89 90 90 90 91
141 142 142 143 143 144 144 144 145 145 146 146 146 147 147 148 148 148 149 149 150 150 150 151 151 152 152 152 153 153 154 67 67 68 68 68 69 69 70 70 70 71 71 71 72 72 73 73 73 75 75 75 76 76 76 77 77 78 78 78 79 79 79 80 80 80 81 81 81 82 82 82 83 83 83 84 84 84 85 85 85 86 86 86 87 87 87 88 88 88 89 89 89 89 90 90
141 142 142 142 143 143 144 144 144 145 145 146 146 146 147 147 148 148 148 149 149 150 150 150 151 151 152 152 152 153 153 153 67 67 68 68 68 69 69 70 70 70 71 71 71 72 72 73 73 74 75 75 75 76 76 76 77 77 77 78 78 79 79 79 80 80 80 81 81 81 82 82 82 83 83 83 84 84 84 85 85 85 86 86 86 87 87 87 87 88 88 88 89 89 89 90
141 141 142 142 142 143 143 144 144 144 145 145 146 146 146 147 147 148 148 148 149 149 150 150 150 151 151 152 152 152 153 153 66 67 67 68 68 68 69 69 70 70 70 71 71 71 72 72 72 74 74 75 75 75 76 76 76 77 77 77 78 78 78 79 79 79 80 80 81 81 81 82 82 82 83 83 83 84 84 84 84 85 85 85 86 86 86 87 87 87 88 88 88 89 89 89
140 141 141 142 142 142 143 143 144 144 144 145 145 146 146 146 147 147 148 148 148 149 149 150 150 150 151 151 152 152 152 153 153 66 67 67 68 68 68 69 69 69 70 70 71 71 71 72 72 73 74 74 74 75 75 76 76 76 77 77 77 78 78 78 79 79 79 80 80 80 81 81 81 82 82 82 83 83 83 84 84 84 85 85 85 86 86 86 87 87 87 87 88 88 88 89
140 140 141 141 142 142 142 143 143 144 144 144 145 145 146 146 146 147 147 148 148 148 149 149 150 150 150 151 151 152 152 152 153 153 66 67 67 68 68 68 69 69 69 70 70 71 71 71 72 73 73 74 74 74 75 75 75 76 76 77 77 77 78 78 78 79 79 79 80 80 80 81 81 81 82 82 82 83 83 83 84 84 84 85 85 85 85 86 86 86 87 87 87 88 88 88
140 140 140 141 141 142 142 142 143 143 144 144 144 145 145 146 146 146 147 147 148 148 148 149 149 150 150 150 151 151 151 152 152 153 66 66 67 67 68 68 68 69 69 69 70 70 70 71 71 73 73 73 74 74 74 75 75 75 76 76 76 77 77 77 78 78 79 79 79 80 80 80 81 81 81 82 82 82 82 83 83 83 84 84 84 85 85 85 86 86 86 87 87 87 87 88
139 140 140 140 141 141 142 142 142 143 143 144 144 144 145 145 146 146 146 147 147 148 148 148 149 149 150 150 150 151 151 151 152 152 153 66 66 67 67 67 68 68 69 69 69 70 70 70 71 72 72 73 73 74 74 74 75 75 75 76 76 76 77 77 77 78 78 78 79 79 79 80 80 80 81 81 81 82 82 82 83 83 83 84 84 84 85 85 85 85 86 86 86 87 87 87
139 139 140 140 140 141 141 142 142 142 143 143 144 144 144 145 145 146 146 146 147 147 148 148 148 149 149 150 150 150 151 151 151 152 152 153 66 66 67 67 67 68 68 69 69 69 70 70 70 72 72 72 73 73 73 74 74 75 75 75 76 76 76 77 77 77 78 78 78 79 79 79 80 80 80 81 81 81 82 82 82 83 83 83 83 84 84 84 85 85 85 86 86 86 117 118
138 139 139 140 140 140 141 141 142 142 142 143 143 144 144 144 145 145 146 146 146 147 147 148 148 148 149 149 150 150 150 151 151 151 152 152 66 66 66 67 67 67 68 68 68 69 69 70 70 70 72 72 72 73 73 73 74 74 74 75 75 75 76 76 77 77 77 78 78 78 79 79 79 79 80 80 80 81 81 81 82 82 82 83 83 83 84 84 84 85 85 116 116 117 117 117
138 138 139 139 140 140 140 141 141 142 142 142 143 143 144 144 144 145 145 146 146 146 147 147 148 148 148 149 149 149 150 150 151 151 151 152 152 65 66 66 67 67 67 68 68 68 69 69 69 70 71 72 72 72 73 73 73 74 74 74 75 75 75 76 76 76 77 77 77 78 78 78 79 79 79 80 80 80 81 81 81 82 82 82 83 83 83 83 115 115 115 116 116 116 117 117
138 138 138 139 139 140 140 141 141 141 142 142 142 143 143 144 144 144 145 145 146 146 146 147 147 148 148 148 149 149 149 150 150 151 151 151 152 152 65 66 66 67 67 67 68 68 68 69 69 69 71 71 71 72 72 73 73 73 74 74 74 75 75 75 76 76 76 77 77 77 78 78 78 79 79 79 80 80 80 81 81 81 81 82 82 82 114 114 114 115 115 115 115 116 116 116
137 138 138 139 139 139 140 140 141 141 141 142 142 142 143 143 144 144 144 145 145 146 146 146 147 147 148 148 148 149 149 149 150 150 151 151 151 152 65 65 66 66 66 67 67 68 68 68 69 69 70 71 71 71 72 72 72 73 73 73 74 74 74 75 75 76 76 76 77 77 77 77 78 78 78 79 79 79 80 80 80 81 81 81 113 113 113 114 114 114 114 115 115 115 116 116
137 137 138 138 139 139 139 140 140 141 141 141 142 142 142 143 143 144 144 144 145 145 146 146 146 147 147 147 148 148 149 149 149 150 150 150 151 151 152 65 65 66 66 66 67 67 67 68 68 69 70 70 71 71 71 72 72 72 73 73 73 74 74 74 75 75 75 76 76 76 77 77 77 78 78 78 79 79 79 80 80 80 112 112 112 112 113 113 113 114 114 114 115 115 115 115
137 137 137 138 138 139 139 139 140 140 141 141 141 142 142 142 143 143 144 144 144 145 145 146 146 146 147 147 147 148 148 149 149 149 150 150 150 151 151 65 65 65 66 66 66 67 67 67 68 68 68 70 70 71 71 71 72 72 72 73 73 73 74 74 74 75 75 75 76 76 76 77 77 77 78 78 78 78 79 79 110 111 111 111 112 112 112 113 113 113 113 114 114 114 115 115
136 137 137 137 138 138 139 139 139 140 140 141 141 141 142 142 142 143 143 144 144 144 145 145 146 146 146 147 147 147 148 148 149 149 149 150 150 150 151 151 64 65 65 66 66 66 67 67 67 68 68 69 70 70 70 71 71 71 72 72 72 73 73 73 74 74 74 75 75 75 76 76 76 77 77 77 78 78 109 110 110 110 111 111 111 112 112 112 112 113 113 113 114 114 114 114
136 136 137 137 137 138 138 139 139 139 140 140 141 141 141 142 142 142 143 143 144 144 144 145 145 146 146 146 147 147 147 148 148 148 149 149 150 150 150 151 151 64 65 65 65 66 66 67 67 67 68 69 69 70 70 70 71 71 71 72 72 72 73 73 73 74 74 74 75 75 75 76 76 76 77 77 77 109 109 109 110 110 110 110 111 111 111 112 112 112 113 113 113 113 114 114
135 136 136 137 137 137 138 138 139 139 139 140 140 141 141 141 142 142 142 143 143 144 144 144 145 145 145 146 146 147 147 147 148 148 148 149 149 150 150 150 151 64 64 65 65 65 66 66 66 67 67 68 69 69 70 70 70 71 71 71 72 72 72 73 73 73 74 74 74 75 75 75 76 76 76 107 108 108 108 109 109 109 110 110 110 111 111 111 111 112 112 112 113 113 113 113
135 135 136 136 137 137 137 138 138 139 139 139 140 140 140 141 141 142 142 142 143 143 144 144 144 145 145 145 146 146 147 147 147 148 148 148 149 149 149 150 150 151 64 64 65 65 65 66 66 66 67 67 68 69 69 69 70 70 70 71 71 71 72 72 72 73 73 73 74 74 74 75 75 75 107 107 107 108 108 108 109 109 109 109 110 110 110 111 111 111 112 112 112 112 113 113
135 135 135 136 136 137 137 137 138 138 139 139 139 140 140 140 141 141 142 142 142 143 143 144 144 144 145 145 145 146 146 147 147 147 148 148 148 149 149 149 150 150 150 64 64 65 65 65 66 66 66 67 68 68 69 69 69 70 70 70 71 71 71 72 72 72 73 73 73 74 74 74 75 106 106 107 107 107 107 108 108 108 109 109 109 110 110 110 111 111 111 111 112 112 112 113
134 135 135 135 136 136 137 137 137 138 138 139 139 139 140 140 140 141 141 142 142 142 143 143 143 144 144 145 145 145 146 146 146 147 147 148 148 148 149 149 149 150 150 63 64 64 64 65 65 66 66 66 68 68 68 69 69 69 70 70 70 71 71 71 72 72 72 73 73 73 74 105 105 105 106 106 106 107 107 107 108 108 108 109 109 109 109 110 110 110 111 111 111 111 112 112
134 134 135 135 135 136 136 137 137 137 138 138 139 139 139 140 140 140 141 141 142 142 142 143 143 143 144 144 145 145 145 146 146 146 147 147 147 148 148 149 149 149 150 150 63 64 64 64 65 65 65 66 66 67 68 68 68 69 69 69 70 70 70 71 71 71 72 72 72 73 104 104 105 105 105 106 106 106 107 107 107 107 108 108 108 109 109 109 110 110 110 110 111 111 111 112
133 134 134 135 135 135 136 136 137 137 137 138 138 138 139 139 140 140 140 141 141 142 142 142 143 143 143 144 144 145 145 145 146 146 146 147 147 147 148 148 148 149 149 150 63 63 64 64 64 65 65 65 66 67 67 68 68 68 69 69 69 70 70 70 71 71 71 72 72 103 104 104 104 105 105 105 105 106 106 106 107 107 107 108 108 108 109 109 109 109 110 110 110 111 111 111
133 133 134 134 135 135 135 136 136 137 137 137 138 138 138 139 139 140 140 140 141 141 142 142 142 143 143 143 144 144 144 145 145 146 146 146 147 147 147 148 148 148 149 149 149 63 63 64 64 64 65 65 65 67 67 67 68 68 68 69 69 69 70 70 70 71 71 71 103 103 103 103 104 104 104 105 105 105 106 106 106 107 107 107 107 108 108 108 109 109 109 109 110 110 110 111
133 133 133 134 134 135 135 135 136 136 137 137 137 138 138 138 139 139 140 140 140 141 141 141 142 142 143 143 143 144 144 144 145 145 145 146 146 147 147 147 148 148 148 149 149 149 63 63 63 64 64 64 65 65 66 67 67 67 68 68 68 69 69 69 70 70 70 102 102 102 103 103 103 104 104 104 105 105 105 105 106 106 106 107 107 107 108 108 108 108 109 109 109 110 110 110
132 133 133 133 134 134 135 135 135 136 136 137 137 137 138 138 138 139 139 140 140 140 141 141 141 142 142 143 143 143 144 144 144 145 145 145 146 146 146 147 147 148 148 148 149 149 62 63 63 63 64 64 64 65 66 66 67 67 67 68 68 68 69 69 69 70 101 101 102 102 102 103 103 103 103 104 104 104 105 105 105 106 106 106 106 107 107 107 108 108 108 109 109 109 109 110
132 132 133 133 133 134 134 135 135 135 136 136 136 137 137 138 138 138 139 139 140 140 140 141 141 141 142 142 142 143 143 144 144 144 145 145 145 146 146 146 147 147 147 148 148 149 149 62 63 63 63 64 64 64 65 66 66 67 67 67 68 68 68 69 69 100 101 101 101 101 102 102 102 103 103 103 104 104 104 105 105 105 105 106 106 106 107 107 107 107 108 108 108 109 109 109
131 132 132 133 133 133 134 134 135 135 135 136 136 136 137 137 138 138 138 139 139 139 140 140 141 141 141 142 142 142 143 143 143 144 144 145 145 145 146 146 146 147 147 147 148 148 148 62 62 62 63 63 63 64 64 65 66 66 66 67 67 67 68 68 99 100 100 100 101 101 101 102 102 102 103 103 103 103 104 104 104 105 105 105 106 106 106 106 107 107 107 108 108 108 108 109
131 131 132 132 133 133 133 134 134 135 135 135 136 136 136 137 137 138 138 138 139 139 139 140 140 141 141 141 142 142 142 143 143 143 144 144 144 145 145 146 146 146 147 147 147 148 148 148 62 62 62 63 63 63 64 64 65 66 66 66 67 67 67 99 99 99 100 100 100 101 101 101 101 102 102 102 103 103 103 104 104 104 104 105 105 105 106 106 106 107 107 107 107 108 108 108
131 131 131 132 132 133 133 133 134 134 135 135 135 136 136 136 137 137 138 138 138 139 139 139 140 140 140 141 141 142 142 142 143 143 143 144 144 144 145 145 145 146 146 147 147 147 148 148 61 62 62 62 63 63 63 64 65 65 66 66 66 67 98 98 98 99 99 99 100 100 100 101 101 101 102 102 102 103 103 103 103 104 104 104 105 105 105 105 106 106 106 107 107 107 107 108
130 131 131 131 132 132 133 133 133 134 134 134 135 135 136 136 136 137 137 137 138 138 139 139 139 140 140 140 141 141 141 142 142 143 143 143 144 144 144 145 145 145 146 146 146 147 147 147 148 61 61 62 62 62 63 63 64 65 65 65 66 97 97 98 98 98 99 99 99 100 100 100 101 101 101 101 102 102 102 103 103 103 104 104 104 104 105 105 105 106 106 106 106 107 107 107
