testData/tiles/oneDegree/grid48.0-26.0-49.0-27.0.asc
ncols   200
nrows   200
xllcorner   48.0
yllcorner   26.0
cellsize   0.005
NODATA_value   -9999.0
[rows 84 to 125 of 200, columns 0 to 93 of 200]
741 742 742 741 741 740 739 739 740 739 738 737 736 735 735 735 734 734 734 733 733 732 731 732 731 730 730 729 728 728 818 817 817 816 815 815 814 813 812 811 811 810 809 808 808 807 806 805 804 803 803 803 801 800 799 797 796 852 851 849 850 849 847 847 846 844 844 841 840 840 838 838 837 836 834 834 833 831 829 828 827 825 768 768 766 766 764 763 761 759 758 758 757 756
743 743 742 741 742 742 741 741 740 739 740 739 739 739 738 737 737 736 735 734 735 734 733 733 731 730 730 729 729 729 728 818 818 817 816 816 815 815 815 813 812 812 811 810 810 807 807 807 806 805 804 803 802 802 800 799 799 855 853 852 851 849 848 848 846 845 845 844 843 842 841 840 838 837 835 835 833 832 831 831 829 828 770 769 767 767 765 763 763 761 759 758 758 757
744 745 744 743 743 743 742 742 742 741 741 740 739 740 739 738 739 738 737 737 736 735 735 734 734 733 733 732 731 731 730 729 729 819 818 818 816 815 815 814 813 813 813 812 811 810 809 809 808 806 806 804 804 803 802 801 857 855 854 854 852 851 850 850 848 847 846 845 844 843 842 840 840 838 837 838 835 834 833 832 830 829 828 770 770 768 766 765 764 763 761 761 759 758
746 747 746 745 745 745 744 745 744 743 743 742 742 742 741 740 740 739 738 738 738 737 737 736 735 735 734 733 733 733 732 731 731 729 819 819 818 817 818 817 815 815 813 812 812 811 810 810 809 808 808 807 805 805 804 803 857 856 855 855 854 853 852 851 850 849 848 847 845 844 843 842 842 840 839 838 837 835 835 833 831 830 829 772 772 770 768 768 766 764 763 761 760 758
747 747 747 747 747 746 745 745 744 745 745 744 743 743 742 741 741 741 740 740 739 738 738 737 736 737 736 734 734 733 732 732 731 730 731 730 820 819 819 818 816 816 815 814 815 814 812 811 810 809 809 807 806 806 805 860 860 859 857 857 856 854 853 852 850 850 850 848 848 847 845 845 843 841 840 839 837 836 837 835 833 833 831 829 772 771 769 769 767 765 765 763 761 761
750 750 748 747 747 748 747 747 746 745 745 744 744 745 744 743 743 742 741 741 740 739 740 739 738 738 737 736 736 735 734 735 734 733 733 731 730 820 819 818 819 818 817 817 815 814 813 813 812 810 810 810 809 808 806 861 861 859 858 858 857 855 856 855 853 853 850 849 849 847 846 845 844 843 843 842 840 839 837 836 835 834 832 831 774 772 771 770 769 767 766 765 763 763
750 751 751 750 750 749 748 749 748 747 748 747 746 746 745 744 745 744 744 743 742 741 741 740 739 739 738 738 738 737 736 736 735 733 733 732 732 732 731 821 821 820 817 817 816 815 815 815 813 813 812 811 809 809 864 863 862 861 860 860 858 857 857 855 854 853 852 851 850 849 848 847 846 844 844 842 841 840 839 837 837 834 833 833 832 774 774 772 770 769 767 766 764 763
753 752 751 751 751 750 750 750 749 748 749 748 747 747 747 746 746 745 744 744 743 742 742 742 741 741 740 739 739 737 736 736 736 735 735 734 733 733 732 730 730 820 820 820 819 818 817 816 815 814 813 811 811 811 866 865 864 863 861 861 860 859 858 856 855 855 854 852 852 851 849 849 847 846 845 843 842 841 841 839 839 837 836 835 832 775 774 773 771 771 769 767 768 766
755 754 753 754 753 753 753 752 750 749 749 749 748 749 748 747 747 746 745 746 745 744 744 743 742 742 741 740 741 740 739 739 738 737 737 736 734 733 733 732 732 731 821 821 819 818 818 817 816 816 815 814 814 813 866 866 865 863 863 862 861 861 860 859 857 857 855 853 854 852 851 850 848 847 847 846 844 844 841 840 839 838 836 836 834 777 776 774 773 772 771 769 768 767
756 755 755 755 754 753 753 754 753 753 752 751 751 750 749 749 749 749 748 748 747 746 745 744 743 744 743 742 742 741 740 740 738 737 738 737 736 736 735 734 734 733 731 731 820 820 820 818 817 817 816 815 814 869 868 868 866 866 866 863 862 862 861 859 859 858 857 858 856 856 856 853 851 848 848 846 845 844 843 842 841 840 837 837 836 834 778 776 775 774 772 770 769 767
757 756 755 756 756 755 755 754 753 753 753 752 753 752 751 751 750 749 749 748 747 747 747 746 745 745 744 743 743 742 742 741 740 739 739 738 737 737 736 734 734 734 733 733 732 821 821 820 819 819 816 815 815 871 870 869 868 867 866 865 864 864 862 861 861 861 860 860 859 858 857 856 853 853 851 847 847 845 844 843 843 841 840 839 838 835 778 777 775 775 773 771 771 770
760 759 758 758 757 756 757 756 756 756 755 753 753 752 752 752 751 751 751 750 749 749 748 747 746 746 745 745 745 744 743 743 742 741 741 739 738 739 738 736 736 735 734 733 732 731 731 821 821 820 819 818 818 872 871 870 869 867 867 866 864 865 864 863 864 864 863 863 862 860 860 857 856 855 853 851 849 848 846 845 843 842 841 840 838 837 780 779 777 776 775 773 773 771
760 759 759 759 759 758 758 757 757 757 756 755 755 755 754 754 753 752 752 751 751 751 750 750 749 748 747 747 746 744 743 743 742 742 742 741 740 740 739 738 738 736 735 735 735 733 733 731 730 821 820 819 874 873 872 872 871 870 870 868 866 866 864 865 866 865 865 865 864 863 864 861 859 857 855 852 850 848 847 847 845 844 843 840 840 839 838 780 780 778 776 775 773 772
761 761 760 760 760 759 759 758 757 758 757 756 757 756 755 755 754 753 753 753 752 752 751 750 750 749 748 748 747 747 747 746 744 744 743 742 741 740 739 738 739 738 737 737 736 734 734 733 732 732 821 819 876 875 873 873 872 871 870 869 868 867 868 868 868 868 868 868 867 866 865 864 861 860 857 855 853 849 848 847 847 845 845 843 842 841 838 781 780 779 777 777 775 773
763 763 762 762 761 760 761 761 760 760 759 758 758 756 755 756 756 755 755 754 753 753 752 751 751 751 750 750 749 748 748 747 746 745 744 743 744 743 742 742 740 739 737 737 736 735 735 734 733 733 732 731 878 876 875 875 872 871 871 870 868 870 871 870 872 872 870 871 870 867 867 865 863 863 860 858 856 853 850 850 847 846 845 844 842 842 840 783 782 779 778 778 777 775
764 763 763 764 763 762 762 761 760 760 760 760 760 759 758 758 757 756 756 755 754 755 754 753 753 751 750 750 749 748 748 747 747 747 746 745 745 744 743 742 741 740 740 740 739 738 736 735 734 734 733 787 787 786 876 875 875 874 874 872 872 873 872 873 874 873 872 873 871 870 870 869 867 865 863 860 858 855 852 850 849 847 847 844 843 842 842 840 784 782 780 780 778 776
766 765 764 764 763 762 763 763 762 762 761 760 760 759 759 759 758 758 758 757 756 756 755 754 754 753 752 753 752 751 751 750 749 748 747 745 745 744 743 744 743 742 742 740 739 739 738 737 737 735 734 788 789 787 786 786 876 874 874 873 874 875 876 876 876 875 876 875 874 873 872 871 869 868 865 863 861 857 854 851 850 849 849 847 846 845 843 841 784 783 781 780 779 777
767 766 766 767 766 765 765 764 763 764 763 762 762 762 760 760 759 758 758 757 756 756 756 756 756 755 754 753 752 751 751 750 749 749 748 748 748 747 746 746 743 742 742 741 740 740 739 738 738 737 736 792 790 789 788 788 785 875 875 874 875 878 879 878 879 879 878 878 877 875 875 872 871 869 867 865 864 861 857 855 851 850 849 848 846 846 844 842 786 784 782 781 779 779
769 768 767 767 766 766 766 765 764 765 764 763 764 763 762 762 761 760 760 760 759 759 758 757 757 755 754 754 753 752 752 752 751 751 750 749 749 747 746 746 745 744 744 744 742 742 740 739 739 738 792 792 791 790 789 788 787 787 786 878 879 879 880 880 880 880 880 879 879 878 877 875 874 872 870 867 866 862 859 856 853 851 851 849 847 846 845 843 844 786 784 784 782 780
769 768 768 768 767 767 767 766 766 766 765 764 764 763 762 763 762 761 762 761 760 760 759 758 758 757 757 757 756 755 755 753 752 751 750 749 749 748 747 748 747 745 745 744 743 743 742 740 740 739 794 793 792 791 791 790 788 788 788 790 790 882 883 882 883 882 881 882 882 880 880 877 876 875 872 870 868 864 861 859 854 852 851 851 849 849 847 845 844 787 785 784 783 781
771 771 770 770 770 769 769 768 767 767 766 767 767 766 764 764 763 762 762 761 760 760 760 759 759 758 757 757 756 755 755 754 753 753 753 752 752 751 749 749 747 746 746 745 744 743 742 741 742 741 795 795 794 793 793 791 789 789 790 791 792 794 794 885 886 885 885 885 884 882 881 879 878 876 874 871 870 867 864 862 858 853 853 851 850 849 848 846 846 788 786 785 783 782
772 772 771 771 770 769 769 770 769 769 768 767 767 766 765 765 765 764 765 764 763 763 762 761 761 759 758 758 757 756 757 756 755 754 753 752 752 751 750 750 749 748 747 747 746 746 744 743 742 741 796 796 795 793 793 792 791 791 794 795 795 796 796 795 797 887 886 886 886 884 884 882 880 878 877 874 872 870 867 864 861 856 855 853 851 850 848 847 846 789 787 788 786 783
773 772 771 773 772 771 771 770 769 769 769 768 768 767 767 767 766 765 765 764 763 763 762 761 761 760 760 760 759 758 758 757 756 755 754 753 753 752 751 751 750 749 749 748 747 747 745 744 744 799 798 796 795 795 795 793 792 794 796 796 797 799 798 799 800 797 797 888 887 887 887 884 883 881 880 877 875 872 868 866 862 858 855 854 852 852 850 849 848 846 789 788 787 785
775 775 774 774 773 772 773 772 771 771 771 770 770 768 767 768 767 766 766 765 764 765 764 763 763 762 761 761 760 759 759 758 757 757 756 755 755 754 753 753 751 750 750 748 747 747 746 745 745 800 799 799 798 796 796 795 794 796 797 798 799 800 800 801 802 801 801 800 800 888 888 886 884 883 881 879 877 874 871 868 864 860 858 855 854 853 852 850 850 848 789 789 787 786
776 775 774 775 774 773 774 773 772 772 772 771 771 770 769 769 768 768 768 767 766 766 765 764 763 762 761 761 760 759 760 759 758 758 757 756 756 755 754 753 752 751 751 750 750 750 747 746 746 801 800 799 798 797 797 795 796 798 800 801 802 803 802 803 804 802 802 802 801 800 891 888 887 884 883 881 878 877 873 871 867 864 860 857 854 854 852 851 850 849 791 790 789 786
777 777 776 776 775 774 775 774 773 773 772 771 771 771 770 771 770 769 769 768 767 767 766 765 765 765 764 764 763 762 762 761 759 759 757 756 756 755 754 755 754 753 753 751 750 750 749 748 748 802 801 800 799 797 796 797 799 800 802 804 804 805 805 806 806 804 804 803 803 802 801 799 889 888 887 884 882 878 875 873 869 865 862 857 856 855 854 851 851 849 792 792 790 789
779 778 777 778 777 776 776 775 774 775 775 773 773 772 771 771 770 769 769 768 767 768 767 766 766 765 764 764 763 762 762 761 760 760 759 759 759 758 757 755 754 753 753 752 751 751 749 748 804 803 803 801 801 800 799 800 801 802 805 805 805 807 807 807 808 807 806 807 806 804 804 801 800 799 888 886 883 881 877 876 871 867 864 860 856 856 855 854 853 852 849 792 791 789
780 779 778 778 778 777 778 777 776 776 775 774 774 773 772 773 773 772 772 771 770 770 769 767 767 766 765 765 764 763 764 763 762 762 760 759 759 758 757 757 756 755 755 753 752 751 751 750 805 804 803 802 802 800 799 802 804 804 807 808 807 808 809 810 810 809 809 808 808 807 806 804 802 800 799 796 885 882 879 877 874 870 868 862 858 857 856 854 854 852 851 794 792 790
781 780 779 780 779 778 778 777 776 776 776 775 776 775 774 774 773 772 772 771 770 770 769 768 768 768 767 767 766 765 765 763 762 762 761 760 760 759 758 757 757 756 755 755 754 753 752 751 806 806 804 802 802 801 801 804 805 807 810 810 810 812 812 811 811 811 810 810 809 808 807 805 804 803 800 798 796 794 881 880 876 872 869 865 860 859 856 855 854 853 851 795 793 791
783 782 781 781 780 779 780 778 778 778 777 776 776 775 774 775 774 773 773 772 771 772 771 770 770 769 768 768 767 766 766 765 764 764 762 761 761 761 759 758 758 757 756 755 754 753 753 808 807 806 805 804 805 804 804 806 808 809 811 812 812 813 813 813 813 813 813 812 810 809 808 808 806 805 803 800 799 796 793 790 878 875 871 867 862 859 858 856 856 853 852 852 795 793
783 782 781 783 782 781 781 780 779 779 779 778 778 777 776 776 776 775 775 774 772 772 771 770 770 769 768 768 767 766 765 766 765 764 764 763 762 762 761 759 759 758 757 757 755 754 753 809 808 808 807 805 805 804 806 809 810 812 814 813 813 815 815 814 815 815 815 815 814 812 812 810 808 807 804 802 800 798 794 793 790 786 874 868 864 860 859 858 857 856 854 853 795 793
785 784 783 783 782 781 782 781 780 780 779 778 779 778 777 778 777 776 776 775 774 774 773 772 771 771 771 770 770 768 767 767 766 765 764 763 762 762 761 760 760 759 758 758 757 756 756 811 810 808 807 806 806 805 807 810 812 813 815 816 816 818 818 817 817 817 817 816 815 814 813 812 810 809 807 803 802 799 796 794 791 789 785 781 776 863 860 858 857 856 855 853 797 795
786 784 783 784 783 782 782 781 781 781 781 780 780 779 778 778 777 776 776 775 774 773 774 773 772 772 771 770 770 769 768 768 767 766 766 765 763 763 763 761 761 760 759 759 758 757 756 811 810 810 809 807 807 808 810 812 814 816 818 818 818 820 820 819 820 820 818 818 817 815 815 813 811 811 808 806 805 803 799 796 794 790 786 783 779 773 771 860 858 857 855 854 797 796
786 786 785 786 785 784 784 784 783 783 782 781 781 780 779 778 779 778 777 777 776 775 775 774 773 773 772 771 771 770 769 769 768 767 767 766 765 765 764 763 763 762 759 759 758 757 757 812 810 810 809 809 809 810 813 816 817 818 819 820 820 821 821 821 821 821 820 820 819 818 817 816 813 812 811 808 806 804 801 798 796 793 787 785 780 775 771 769 768 858 857 855 798 796
788 787 786 786 786 785 785 784 783 782 782 782 781 782 781 780 780 779 778 778 777 776 776 775 774 774 772 771 772 771 770 770 769 768 768 767 766 766 764 763 763 762 761 761 760 758 815 813 812 812 811 809 810 813 815 817 818 820 822 822 822 824 822 822 822 823 822 821 821 820 819 817 816 815 812 810 807 806 802 800 797 794 790 787 783 777 773 770 769 769 767 857 856 799
788 788 787 786 786 785 784 785 785 784 784 783 782 782 781 780 780 779 779 779 778 777 777 777 776 776 775 774 774 773 772 771 770 769 768 767 766 766 765 764 764 764 762 762 761 760 816 815 813 813 812 811 812 814 816 819 820 821 822 824 824 825 826 826 825 825 824 822 823 822 820 819 817 815 815 812 810 808 804 801 799 796 791 790 785 781 776 772 770 769 768 766 766 799
789 789 788 788 789 788 787 787 786 785 785 784 783 783 782 781 781 780 779 780 779 778 778 777 776 776 775 774 774 773 772 772 771 770 770 769 769 768 767 766 765 764 763 763 762 760 816 815 814 814 812 811 813 817 819 820 823 824 825 825 826 826 827 827 827 826 826 825 824 823 821 820 819 816 816 814 811 809 807 804 802 798 793 791 787 782 777 773 771 770 769 767 765 709
790 790 790 789 789 788 787 787 787 786 786 785 784 784 784 783 783 782 781 781 781 780 780 778 777 777 776 775 775 773 772 773 772 771 771 770 769 769 768 767 767 765 764 764 763 761 816 815 814 813 813 814 815 819 821 823 825 826 827 828 828 827 828 829 827 828 828 826 826 824 823 823 821 819 818 816 813 811 809 805 804 800 796 792 788 783 778 774 772 770 770 768 767 710
791 791 790 789 789 789 788 788 787 787 787 786 785 786 785 784 784 783 782 782 781 780 780 779 778 778 778 777 777 776 775 774 773 772 772 771 769 768 768 767 766 766 765 764 763 819 818 818 817 816 814 815 818 821 822 824 826 827 827 829 830 830 830 830 830 829 828 829 828 827 826 825 823 821 820 818 814 812 810 807 803 801 797 794 790 786 781 776 772 771 770 769 768 768
792 792 792 791 791 790 789 789 788 788 788 787 786 786 785 784 784 783 782 782 781 781 781 780 779 779 778 777 777 776 775 774 774 773 772 772 771 769 769 768 767 767 766 765 765 820 819 818 817 816 816 818 820 823 825 826 827 828 829 831 831 831 833 832 832 833 831 831 829 828 827 826 824 823 820 819 817 814 813 809 805 802 799 795 792 787 783 779 775 773 772 770 769 767
794 794 793 792 792 791 791 791 790 789 789 788 787 787 786 786 787 786 784 784 783 782 782 781 780 779 779 778 777 777 776 775 775 774 772 773 772 771 771 770 769 769 768 765 765 820 819 819 818 816 816 819 822 825 826 828 830 832 832 833 833 833 833 834 834 832 833 832 831 831 829 827 826 823 822 820 818 816 813 811 807 805 802 798 794 790 785 780 775 774 772 772 769 767
794 794 793 793 793 792 791 791 790 789 789 789 789 789 788 787 787 786 785 784 784 783 782 782 781 780 780 778 777 777 777 776 776 775 774 774 773 772 771 770 769 769 768 767 767 822 820 820 818 817 818 820 824 827 829 831 831 833 834 834 835 836 836 835 835 834 834 833 832 831 830 829 828 826 824 822 820 818 816 813 810 806 804 800 796 792 787 781 777 774 773 772 770 769
