testData/tiles/oneDegree/grid31.0-21.0-32.0-22.0.asc
ncols   200
nrows   200
xllcorner   31.0
yllcorner   21.0
cellsize   0.005
NODATA_value   -9999.0
[rows 0 to 42 of 200, columns 96 to 191 of 200]
238 238 239 238 238 239 239 239 239 239 238 239 238 238 237 238 238 238 237 237 237 237 405 405 404 404 403 403 402 403 402 402 401 401 399 398 398 396 396 394 393 391 390 387 384 381 376 377 377 377 378 378 379 379 379 380 380 381 381 381 382 382 382 214 214 215 215 215 217 217 217 218 218 218 219 219 219 220 220 247 248 248 248 249 249 249 250 250 250 251 251 251 251 252 252 252
237 238 237 237 239 238 238 238 238 237 238 238 237 238 237 238 237 237 237 237 236 236 404 404 403 403 402 402 402 402 401 400 400 399 398 397 397 395 394 393 391 389 387 385 382 376 376 376 377 377 378 378 378 379 379 380 380 380 381 381 382 382 382 214 214 215 216 216 216 217 217 217 218 218 219 219 219 220 247 247 248 248 248 248 249 249 249 250 250 250 251 251 251 252 252 252
237 237 237 238 237 238 238 237 238 237 237 236 237 236 237 236 237 236 236 235 235 234 404 403 403 402 402 402 402 400 400 399 399 398 397 396 395 394 392 391 389 388 386 383 375 375 376 376 377 377 377 378 378 379 379 379 380 380 381 381 381 382 382 214 215 215 216 216 216 217 217 217 218 218 218 219 219 246 247 247 247 248 248 248 249 249 249 250 250 250 250 251 251 251 252 252
236 236 237 237 237 237 236 237 236 236 237 236 236 236 237 236 236 235 235 234 235 234 403 402 402 401 402 401 401 400 399 398 398 397 395 395 393 393 391 390 387 387 383 379 375 375 376 376 376 377 377 378 378 378 379 379 380 380 380 381 381 383 383 214 215 215 215 216 216 216 217 217 217 218 218 218 246 246 247 247 247 247 248 248 248 249 249 249 250 250 250 251 251 251 252 252
236 236 237 236 236 236 236 236 235 236 235 235 236 236 235 235 234 235 235 234 234 233 402 401 401 401 400 400 399 399 398 397 396 396 394 394 392 391 389 388 386 383 380 374 375 375 375 376 376 377 377 377 378 378 379 379 379 380 380 382 382 382 383 214 214 215 215 216 216 216 217 217 217 218 218 245 246 246 246 247 247 247 248 248 248 249 249 249 250 250 250 250 251 251 251 252
234 236 235 235 236 235 235 235 235 234 234 236 235 235 234 235 234 234 233 233 232 401 400 401 400 400 399 399 398 398 397 396 395 395 393 391 391 389 389 386 384 380 374 374 374 375 375 376 376 376 377 377 378 378 378 379 379 381 381 381 382 382 382 383 214 215 215 215 216 216 216 217 217 217 245 245 245 246 246 246 247 247 247 248 248 248 249 249 249 250 250 250 251 252 252 252
235 235 234 235 234 234 234 234 234 234 235 234 234 234 234 233 233 232 232 232 232 401 401 401 400 400 398 397 397 396 396 394 394 392 392 390 389 388 387 384 380 378 373 374 374 375 375 375 376 376 377 377 377 378 378 380 380 380 381 381 382 382 382 383 214 214 215 215 215 216 216 216 217 244 245 245 245 246 246 246 247 247 247 248 248 248 248 250 250 250 251 251 251 252 252 252
234 234 234 233 234 234 233 233 233 234 233 233 234 233 233 232 232 231 232 231 231 400 400 399 399 398 398 396 396 395 395 393 393 391 390 390 388 386 384 381 377 373 373 373 374 374 375 375 376 376 376 377 377 379 379 379 380 380 381 381 381 382 382 382 214 214 214 215 215 216 216 216 244 244 244 245 245 245 246 246 246 247 247 248 249 249 249 250 250 250 250 251 251 251 252 252
233 233 233 233 233 232 233 232 233 233 233 233 232 232 231 232 231 231 230 230 230 399 398 398 397 397 396 395 394 394 393 392 391 390 389 388 386 384 381 377 372 372 373 373 374 374 374 375 375 376 376 376 378 378 379 379 379 380 380 381 381 381 382 382 213 214 214 215 215 215 216 216 243 244 244 244 245 245 245 247 247 247 248 248 248 249 249 249 250 250 250 251 251 251 251 252
232 232 232 232 231 232 232 232 232 232 232 231 231 231 231 231 230 230 229 230 229 398 397 397 396 396 395 394 393 393 391 391 389 389 388 385 384 381 378 371 372 372 372 373 373 374 374 375 375 375 377 377 378 378 378 379 379 380 380 380 381 381 381 382 213 214 214 214 215 215 215 243 243 243 244 244 245 246 246 246 247 247 247 248 248 248 249 249 249 250 250 250 251 251 251 252
232 231 231 230 231 231 230 232 231 231 230 230 231 230 230 229 229 228 229 228 228 396 396 395 395 394 394 392 392 391 390 389 389 387 386 384 381 378 370 371 371 372 372 373 373 373 374 374 375 376 377 377 377 378 378 379 379 379 380 380 380 381 381 382 213 213 214 214 214 215 242 242 243 244 245 245 245 246 246 246 247 247 247 248 248 248 248 249 249 249 250 250 250 251 251 251
230 230 230 230 230 229 231 230 230 230 230 230 229 229 228 228 227 229 228 228 396 396 394 394 393 393 392 391 390 390 389 388 386 385 383 381 378 375 370 371 371 371 372 372 373 373 374 375 375 376 376 377 377 377 378 378 379 379 379 380 380 381 381 381 382 213 213 214 214 241 242 243 244 244 244 245 245 245 246 246 246 247 247 247 248 248 248 249 249 249 249 250 250 250 251 251
229 229 229 229 229 230 229 229 230 229 229 228 228 227 228 227 228 228 227 227 395 395 394 393 392 392 391 390 389 389 388 387 385 383 381 378 374 369 370 370 371 371 371 372 372 373 374 375 375 375 376 376 377 377 377 378 378 379 379 379 380 380 381 381 381 213 213 213 242 242 243 243 243 244 244 244 245 245 245 246 246 246 247 247 247 248 248 248 249 249 249 249 250 250 250 251
228 228 228 228 229 228 228 229 228 228 227 227 227 227 227 227 227 226 226 225 394 393 393 391 391 390 390 388 389 387 386 384 383 381 378 374 368 369 369 370 370 371 371 372 373 373 374 374 375 375 376 376 376 377 377 378 378 378 379 379 380 380 380 381 381 212 214 214 241 242 242 243 243 243 244 244 244 245 245 245 246 246 246 247 247 247 248 248 248 249 249 249 249 250 250 250
227 227 227 228 227 228 228 227 227 226 227 226 226 226 226 226 225 225 224 224 392 392 391 390 389 389 387 388 386 385 384 382 380 378 374 368 368 369 369 369 370 370 371 372 373 373 374 374 374 375 375 376 376 376 377 377 378 378 378 379 379 380 380 380 382 213 213 241 241 242 242 242 243 243 243 244 244 244 245 245 245 246 246 246 247 247 247 248 248 248 249 249 249 249 250 250
227 226 227 226 227 227 226 226 225 226 225 225 225 225 225 224 224 223 223 222 391 390 390 388 388 387 387 386 385 383 382 380 378 374 367 367 368 368 369 369 370 371 371 372 372 373 373 374 374 374 375 375 376 376 376 377 377 378 378 378 379 379 381 381 381 213 240 240 241 241 242 242 242 243 243 243 244 244 244 245 245 245 246 246 246 247 247 247 248 248 248 249 249 249 249 246
225 226 225 226 225 225 225 225 225 224 224 224 224 224 223 223 222 222 221 221 389 389 388 387 387 386 386 384 383 381 379 377 374 371 366 367 367 368 368 369 370 371 371 371 372 372 373 373 374 374 374 375 375 376 376 376 377 377 378 378 379 380 380 381 381 212 240 240 240 241 241 242 242 242 243 243 243 244 244 244 245 245 245 246 246 246 247 243 243 244 244 244 244 245 245 245
224 225 225 224 224 224 224 224 223 223 223 223 223 222 223 222 221 220 220 388 388 388 386 386 386 385 383 383 381 379 377 374 370 365 366 366 367 367 368 369 370 370 371 371 371 372 372 373 373 374 374 374 375 375 376 376 376 377 378 379 379 379 380 380 381 408 239 240 240 240 241 241 241 242 242 243 243 243 244 240 240 241 241 241 242 242 242 243 243 243 244 244 244 244 245 245
224 224 223 223 223 223 223 222 222 221 221 223 222 222 221 221 220 219 218 387 387 386 385 385 384 383 382 380 379 376 374 369 365 365 366 366 366 368 368 369 369 370 370 371 371 371 372 372 373 373 374 374 374 375 375 376 376 377 378 378 379 379 379 380 407 408 239 239 240 236 236 237 237 237 238 238 239 239 239 240 240 240 241 241 241 242 242 242 243 243 243 243 245 245 245 246
222 222 222 222 222 222 221 221 220 221 222 221 221 220 220 219 219 217 217 386 385 384 384 383 382 381 379 378 376 374 369 364 364 365 365 366 367 367 368 368 369 369 370 370 371 371 371 372 372 373 373 374 374 374 375 376 377 373 373 374 374 375 375 375 403 403 235 235 235 236 236 236 237 237 237 238 238 238 239 239 239 240 240 240 241 241 241 243 243 243 244 244 244 245 245 245
217 217 217 217 216 216 216 216 216 216 216 216 215 215 214 214 213 212 211 380 380 379 379 377 376 374 373 371 369 365 359 359 360 360 361 362 363 363 363 364 364 365 365 366 366 367 367 367 368 368 369 369 370 371 371 372 372 373 373 373 374 374 375 402 402 403 234 234 235 235 236 236 236 237 237 237 238 238 238 239 239 239 240 241 241 242 242 242 243 243 243 244 244 244 245 245
216 216 216 215 215 214 215 215 215 215 214 214 214 213 213 212 212 210 210 378 378 378 376 376 374 373 370 368 365 358 358 359 359 360 361 362 362 363 363 363 364 364 365 365 366 366 367 367 367 368 368 369 370 371 371 371 372 372 373 373 373 374 401 402 402 402 234 234 234 235 235 235 236 236 237 237 237 238 238 238 240 240 240 241 241 241 242 242 242 243 243 243 244 244 244 244
215 214 214 214 214 214 213 214 214 213 213 212 212 212 211 211 209 209 208 378 376 375 375 373 372 370 368 364 362 357 358 358 359 360 361 361 362 362 362 363 363 364 364 365 365 366 366 367 367 367 369 369 370 370 370 371 371 372 372 372 373 373 401 401 401 402 233 234 234 234 235 235 235 236 236 236 237 238 239 239 239 240 240 240 241 241 241 242 242 242 243 243 243 243 244 244
213 213 212 213 213 212 213 212 212 212 211 211 210 210 210 209 208 207 208 375 375 373 372 371 369 367 364 361 356 357 357 358 359 360 360 361 361 362 362 362 363 363 364 364 365 365 366 366 366 368 368 369 369 370 370 370 371 371 372 372 372 400 400 401 401 401 233 233 233 234 234 235 235 235 237 237 237 238 238 238 239 239 239 240 240 240 241 241 241 242 242 242 243 243 243 244
211 211 212 211 211 212 211 211 210 210 210 209 209 208 208 207 206 207 374 374 372 371 369 368 366 363 360 355 356 356 357 358 359 359 360 360 360 361 361 362 362 363 363 364 364 365 365 367 367 367 368 368 369 369 369 370 370 371 371 372 399 399 400 400 400 401 401 233 233 233 234 234 235 236 236 237 237 237 238 238 238 239 239 239 240 240 240 241 241 241 242 242 242 243 243 243
211 210 210 210 209 210 210 209 209 208 208 208 207 207 206 205 206 204 373 371 371 369 367 365 363 358 354 354 355 356 357 357 358 358 359 359 360 360 361 361 362 362 363 363 364 364 366 366 366 367 367 368 368 369 369 369 370 370 371 371 398 399 399 400 400 400 401 232 233 234 234 235 235 235 236 236 236 237 237 237 238 238 239 239 239 240 240 240 241 241 241 241 242 242 242 243
209 209 208 208 209 208 208 208 207 207 206 206 206 205 204 204 204 202 370 370 368 367 364 362 357 353 353 354 355 356 356 357 357 358 358 359 359 360 360 361 361 362 362 363 363 365 365 365 366 366 367 367 368 368 368 369 369 370 370 397 398 398 399 399 399 400 400 233 233 233 234 234 234 235 235 236 236 236 237 237 237 238 238 238 239 239 239 240 240 240 241 241 241 242 242 242
207 207 207 207 207 207 206 206 206 205 205 204 204 203 203 203 201 201 368 367 366 363 361 357 352 352 353 354 355 355 356 356 357 357 358 358 359 359 360 360 361 361 362 363 364 364 364 365 365 366 366 367 367 367 368 368 369 369 370 397 397 398 398 399 399 400 401 232 232 233 233 234 234 234 235 235 235 236 236 236 237 237 238 238 238 239 239 239 240 240 240 240 241 241 241 242
206 205 206 206 205 205 205 204 204 203 203 203 202 202 201 200 200 198 366 364 362 360 356 350 351 352 353 354 354 355 355 356 356 357 357 358 358 359 359 360 360 361 362 362 363 363 364 364 365 365 366 366 366 367 367 368 368 369 396 396 397 397 398 399 399 400 400 232 232 232 233 233 233 234 234 235 235 235 236 236 236 237 237 237 238 238 238 239 239 239 240 240 240 241 241 241
204 204 204 204 204 203 203 202 202 202 201 201 200 200 199 198 197 195 363 362 359 356 349 350 350 352 352 353 353 354 355 355 356 356 357 357 358 358 359 359 359 361 361 362 362 363 363 364 364 365 365 365 366 366 367 367 368 368 395 396 396 397 398 398 399 399 400 231 231 232 232 232 233 233 234 234 234 235 235 235 236 236 236 237 237 237 238 238 238 239 239 239 240 240 240 241
202 203 202 202 202 201 201 201 200 200 200 198 199 197 197 196 194 193 360 358 354 348 349 349 351 351 352 352 353 353 354 354 355 355 356 356 357 357 358 358 360 360 361 361 362 362 363 363 364 364 364 365 365 366 366 367 367 394 395 395 397 397 397 398 398 399 399 230 231 231 232 232 232 233 233 233 234 234 234 235 235 236 236 236 237 237 237 238 238 238 239 239 239 240 240 240
201 201 201 200 200 200 199 199 199 198 197 197 196 196 194 193 191 359 357 353 347 347 348 349 350 351 351 352 352 353 353 354 354 355 355 356 356 357 358 359 359 360 360 361 361 362 362 362 363 363 364 364 365 365 366 366 366 394 395 396 396 396 397 397 398 398 398 399 230 231 231 231 232 232 232 233 233 234 234 234 235 235 235 236 236 236 237 237 237 238 238 238 239 239 239 240
199 199 199 198 198 198 197 197 197 195 196 196 194 193 191 190 189 355 352 345 346 347 347 349 349 350 350 351 351 352 352 353 354 354 355 355 356 357 358 358 358 359 359 360 360 361 361 362 362 363 363 364 364 364 365 365 393 394 395 395 395 396 396 397 397 397 398 398 230 230 230 231 231 231 232 232 233 233 233 234 234 234 235 235 235 236 236 236 237 237 237 238 238 238 240 240
197 197 197 197 196 196 196 195 194 195 194 193 191 190 189 187 185 351 344 345 345 346 347 348 348 349 350 350 351 351 352 352 353 353 354 354 356 356 357 357 358 358 359 359 360 360 361 361 362 362 362 363 363 364 364 366 393 393 394 394 395 395 396 396 396 397 397 398 229 229 230 230 230 231 231 232 232 232 233 233 233 234 234 234 235 235 236 236 237 238 238 238 239 239 239 239
196 195 195 195 194 194 194 192 192 193 191 190 190 187 186 183 181 343 343 344 344 346 347 347 348 348 349 349 350 350 351 352 352 353 353 355 355 356 356 357 357 358 358 359 359 359 360 360 361 361 362 362 363 363 365 392 392 393 393 394 394 394 395 395 396 396 397 397 228 229 229 229 230 230 231 231 231 232 232 232 233 233 234 234 234 236 236 236 237 237 237 238 238 238 239 239
194 193 193 193 192 192 191 191 191 190 188 188 187 184 182 180 172 342 342 343 345 345 346 346 347 347 348 349 349 350 350 351 351 352 353 354 354 355 355 356 356 357 357 358 358 359 359 360 360 361 361 362 363 363 364 391 392 392 393 393 393 394 394 395 395 395 396 396 228 228 228 229 229 230 230 230 231 231 231 232 232 234 234 234 235 235 235 236 236 236 237 237 237 238 238 238
192 191 191 191 191 189 189 190 188 187 187 185 183 181 178 171 171 341 342 343 344 344 345 346 346 347 347 348 348 349 349 350 350 352 353 353 354 354 355 355 356 356 357 357 358 358 358 359 359 360 360 362 362 363 390 391 391 391 392 392 393 393 394 394 394 395 395 396 227 227 228 228 229 229 229 230 230 230 232 232 233 233 233 234 234 234 235 235 235 236 236 236 237 237 237 238
190 189 189 189 188 187 188 187 185 185 183 181 179 177 169 170 170 340 342 342 343 344 344 345 345 346 346 347 348 348 349 349 351 351 352 352 353 353 354 354 355 355 356 356 357 357 358 358 359 360 361 361 361 362 389 390 390 391 391 392 392 392 393 393 394 394 394 395 226 227 227 227 228 228 229 229 230 231 231 231 232 232 233 233 233 234 234 234 235 235 235 236 236 236 237 237
188 187 187 186 186 185 185 184 182 181 180 177 175 168 168 169 339 340 341 341 342 343 343 344 344 345 346 346 347 347 348 349 350 350 351 351 352 352 353 354 354 355 355 355 356 356 357 357 359 359 360 360 361 388 389 389 390 390 390 391 391 392 392 393 393 393 394 394 395 226 226 227 227 229 229 229 230 230 230 231 231 232 232 232 233 233 233 234 234 234 235 235 235 236 236 236
186 185 184 184 183 183 182 181 179 178 176 173 166 167 167 168 339 339 340 341 341 342 342 343 344 344 345 345 346 346 348 348 349 350 350 351 351 352 352 353 353 354 354 355 355 356 356 358 358 359 359 359 360 387 388 388 389 389 390 390 390 391 391 392 392 393 393 393 394 225 226 227 227 228 228 229 229 229 230 230 230 231 231 232 232 232 233 233 233 234 234 234 235 235 235 236
182 182 182 181 181 180 179 178 176 174 172 164 165 166 166 167 338 338 339 340 340 341 341 342 343 343 344 344 345 346 347 348 348 349 349 350 350 351 351 352 352 353 353 354 354 355 356 357 357 358 358 359 386 387 387 388 388 388 389 389 390 390 391 391 391 392 392 393 393 225 226 226 227 227 227 228 228 229 229 229 230 230 230 231 231 232 232 232 233 233 233 234 234 234 235 333
180 180 179 180 178 177 176 175 172 169 163 163 164 165 165 167 337 337 338 339 339 340 340 341 342 342 343 343 345 346 346 347 347 348 348 349 349 350 350 351 351 352 352 353 354 355 355 356 356 357 357 358 385 386 386 387 387 388 388 388 389 389 390 390 391 391 391 393 393 225 225 225 226 226 227 227 227 228 228 229 229 229 230 230 230 231 231 232 232 232 233 233 233 234 332 332
178 177 177 176 175 174 173 170 167 161 162 162 163 164 165 166 336 336 337 338 338 339 339 340 341 341 342 343 344 345 345 346 346 347 347 348 348 349 350 350 351 351 352 353 354 354 355 355 356 356 357 357 384 385 385 386 386 387 387 388 388 389 389 389 390 391 392 392 392 224 224 225 225 226 226 226 227 227 227 228 228 229 229 229 230 230 230 231 231 231 232 232 233 331 331 332
