testData/tiles/oneDegree/grid32.0-31.0-33.0-32.0.asc
ncols   200
nrows   200
xllcorner   32.0
yllcorner   31.0
cellsize   0.005
NODATA_value   -9999.0
[rows 84 to 125 of 200, columns 94 to 187 of 200]
293 294 158 158 158 158 158 158 158 158 158 158 119 119 119 119 119 119 119 120 119 119 119 119 119 119 119 119 119 119 119 119 119 119 119 119 119 119 118 118 118 118 118 118 118 118 117 117 117 117 117 117 116 116 116 116 116 115 115 115 115 115 114 114 114 114 114 114 114 114 114 114 114 114 193 193 193 193 193 193 193 193 193 193 193 193 193 193 193 193 193 193 193 193
294 158 158 158 158 158 159 159 159 159 159 159 159 159 159 159 159 120 120 120 120 120 120 120 120 120 120 120 120 120 120 120 120 119 119 119 119 119 119 119 119 119 119 118 118 118 118 118 118 117 117 117 117 117 117 116 116 116 116 116 115 115 115 115 114 114 114 114 114 114 114 114 114 193 193 193 193 193 193 193 193 193 193 193 193 193 193 193 193 193 193 193 193 193
159 159 159 159 159 159 159 159 159 159 159 159 159 160 160 160 160 160 160 160 160 121 121 121 121 121 120 120 120 120 120 120 120 120 120 120 120 120 120 119 119 119 119 119 119 119 118 118 118 118 118 118 117 117 117 117 117 116 116 116 116 116 115 115 115 115 114 114 114 114 114 114 114 193 193 193 193 193 193 193 193 193 193 193 193 193 193 193 193 193 193 193 193 193
159 159 159 159 160 160 160 160 160 160 160 160 160 160 160 160 160 160 160 160 160 160 160 160 160 121 121 121 121 121 121 121 121 121 121 120 120 120 120 120 120 120 120 119 119 119 119 119 119 119 118 118 118 118 118 117 117 117 117 117 116 116 116 116 115 115 115 115 114 114 114 114 193 193 193 193 193 193 193 193 193 193 193 193 193 193 193 193 193 193 193 193 193 193
160 160 160 160 160 160 160 160 160 160 161 161 161 161 161 161 161 161 161 161 161 161 161 161 161 161 161 161 122 121 121 121 121 121 121 121 121 121 121 121 120 120 120 120 120 120 120 119 119 119 119 119 119 118 118 118 118 118 117 117 117 117 116 116 116 116 115 115 115 115 114 193 193 193 193 193 193 193 193 193 193 193 193 193 193 193 193 193 193 193 193 193 193 193
160 160 160 161 161 161 161 161 161 161 161 161 161 161 161 161 161 161 161 161 161 161 161 161 161 161 161 161 161 161 161 122 122 122 122 122 121 121 121 121 121 121 121 121 120 120 120 120 120 120 119 119 119 119 119 118 118 118 118 118 117 117 117 117 116 116 116 116 115 115 115 194 193 193 193 193 193 193 193 193 193 193 193 193 193 193 193 193 193 193 193 193 193 193
161 161 161 161 161 161 161 161 161 162 162 162 162 162 162 162 162 162 162 162 162 162 162 162 162 162 162 162 162 162 161 161 161 161 122 122 122 122 122 122 122 121 121 121 121 121 121 120 120 120 120 120 120 119 119 119 119 119 118 118 118 118 117 117 117 117 116 116 116 116 194 194 194 193 193 193 193 193 193 193 193 193 193 193 193 193 193 193 193 193 193 193 193 193
161 161 162 162 162 162 162 162 162 162 162 162 162 162 162 162 162 162 162 162 162 162 162 162 162 162 162 162 162 162 162 162 162 162 162 162 123 122 122 122 122 122 122 122 121 121 121 121 121 121 120 120 120 120 120 119 119 119 119 119 118 118 118 118 117 117 117 117 116 195 195 195 194 194 194 193 193 193 193 193 193 193 193 193 193 193 193 193 193 193 193 193 193 193
162 162 162 162 162 162 162 163 163 163 163 163 163 163 163 163 163 163 163 163 163 163 163 163 163 163 163 163 163 163 163 163 162 162 162 162 162 162 123 123 123 122 122 122 122 122 122 122 121 121 121 121 121 120 120 120 120 120 119 119 119 119 118 118 118 118 117 117 117 196 195 195 195 194 194 194 194 193 193 193 193 193 193 193 193 193 193 193 193 193 193 193 193 193
162 163 163 163 163 163 163 163 163 163 163 163 163 163 163 164 164 164 164 164 164 164 164 164 163 163 163 163 163 163 163 163 163 163 163 163 163 163 162 162 162 123 123 123 123 122 122 122 122 122 122 121 121 121 121 121 120 120 120 120 119 119 119 119 118 118 118 118 196 196 196 195 195 195 195 194 194 194 193 193 193 193 193 193 193 193 193 193 193 193 193 193 193 193
163 163 163 163 163 163 164 164 164 164 164 164 164 164 164 164 164 164 164 164 164 164 164 164 164 164 164 164 164 164 164 164 164 163 163 163 163 163 163 163 163 163 162 123 123 123 123 123 122 122 122 122 122 121 121 121 121 121 120 120 120 120 119 119 119 119 118 197 197 197 196 196 196 195 195 195 194 194 194 194 193 193 193 193 193 193 193 193 193 193 193 193 193 193
164 164 164 164 164 164 164 164 164 164 164 164 165 165 165 165 165 165 165 165 165 165 165 165 165 165 165 164 164 164 164 164 164 164 164 164 164 164 164 163 163 163 163 163 163 124 123 123 123 123 123 122 122 122 122 122 121 121 121 121 120 120 120 120 119 119 119 198 197 197 197 196 196 196 196 195 195 195 194 194 194 193 193 193 193 193 193 193 193 193 193 193 193 193
164 164 164 164 165 165 165 165 165 165 165 165 165 165 165 165 165 165 165 165 165 165 165 165 165 165 165 165 165 165 165 165 165 165 165 164 164 164 164 164 164 164 164 163 163 163 163 124 124 123 123 123 123 123 122 122 122 122 121 121 121 121 120 120 120 120 198 198 198 198 197 197 197 196 196 196 195 195 195 194 194 194 193 193 193 193 193 193 193 193 193 193 193 193
165 165 165 165 165 165 165 165 165 165 166 166 166 166 166 166 166 166 166 166 166 166 166 166 166 166 166 166 166 165 165 165 165 165 165 165 165 165 165 164 164 164 164 164 164 164 163 163 163 124 124 123 123 123 123 123 122 122 122 122 121 121 121 121 120 120 199 199 198 198 198 197 197 197 196 196 196 196 195 195 195 194 194 194 193 193 193 193 193 193 193 193 193 193
165 165 165 166 166 166 166 166 166 166 166 166 166 166 166 166 166 166 166 166 166 166 166 166 166 166 166 166 166 166 166 166 166 166 166 166 165 165 165 165 165 165 165 164 164 164 164 164 164 163 163 124 124 124 123 123 123 123 122 122 122 122 121 121 121 200 199 199 199 198 198 198 198 197 197 197 196 196 196 195 195 195 194 194 194 193 193 193 193 193 193 193 193 193
166 166 166 166 166 166 166 166 167 167 167 167 167 167 167 167 167 167 167 167 167 167 167 167 167 167 167 167 167 167 167 166 166 166 166 166 166 166 166 166 165 165 165 165 165 165 164 164 164 164 164 164 124 124 124 124 123 123 123 123 122 122 122 122 200 200 200 200 199 199 199 198 198 198 197 197 197 196 196 196 195 195 195 194 194 194 193 193 193 193 193 193 193 193
166 166 166 167 167 167 167 167 167 167 167 167 167 167 167 167 167 167 167 168 167 167 167 167 167 167 167 167 167 167 167 167 167 167 167 167 166 166 166 166 166 166 166 166 165 165 165 165 165 164 164 164 164 164 124 124 124 124 123 123 123 123 122 122 201 201 200 200 200 199 199 199 199 198 198 198 197 197 197 196 196 196 195 195 195 194 194 193 193 193 193 193 193 193
167 167 167 167 167 167 167 168 168 168 168 168 168 168 168 168 168 168 168 168 168 168 168 168 168 168 168 168 168 168 168 168 167 167 167 167 167 167 167 167 167 166 166 166 166 166 166 165 165 165 165 165 164 164 164 164 124 124 124 124 123 123 123 202 201 201 201 201 200 200 200 199 199 199 198 198 198 197 197 197 196 196 196 195 195 195 194 194 193 193 193 193 193 193
167 167 168 168 168 168 168 168 168 168 168 168 168 168 169 169 169 169 169 169 169 169 169 169 169 168 168 168 168 168 168 168 168 168 168 168 168 167 167 167 167 167 167 167 166 166 166 166 166 165 165 165 165 165 164 164 164 125 124 124 124 124 123 202 202 202 201 201 201 200 200 200 199 199 199 198 198 198 197 197 197 196 196 196 195 195 195 194 194 194 193 193 193 193
168 168 168 168 168 168 169 169 169 169 169 169 169 169 169 169 169 169 169 169 169 169 169 169 169 169 169 169 169 169 169 169 169 168 168 168 168 168 168 168 168 167 167 167 167 167 167 166 166 166 166 166 165 165 165 165 164 164 164 125 124 124 203 203 202 202 202 201 201 201 201 200 200 200 199 199 199 198 198 198 197 197 197 196 196 195 195 195 194 194 194 193 193 193
168 169 169 169 169 169 169 169 169 169 169 170 170 170 170 170 170 170 170 170 170 170 170 170 170 170 170 170 169 169 169 169 169 169 169 169 169 169 168 168 168 168 168 168 167 167 167 167 167 167 166 166 166 166 165 165 165 165 164 164 125 204 203 203 203 203 202 202 202 201 201 201 200 200 200 199 199 199 198 198 198 197 197 197 196 196 196 195 195 194 194 194 193 193
169 169 169 169 169 170 170 170 170 170 170 170 170 170 170 170 170 170 170 170 170 170 170 170 170 170 170 170 170 170 170 170 170 170 169 169 169 169 169 169 169 169 168 168 168 168 168 167 167 167 167 167 166 166 166 166 165 165 165 165 164 243 204 204 203 203 203 202 202 202 201 201 201 201 200 200 200 199 199 198 198 198 197 197 197 196 196 196 195 195 194 194 194 193
170 170 170 170 170 170 170 170 170 170 171 171 171 171 171 171 171 171 171 171 171 171 171 171 171 171 171 171 171 170 170 170 170 170 170 170 170 170 170 169 169 169 169 169 169 168 168 168 168 168 167 167 167 167 166 166 166 166 165 165 244 244 243 204 204 203 203 203 203 202 202 202 201 201 201 200 200 200 199 199 199 198 198 197 197 197 196 196 196 195 195 194 194 194
170 170 170 170 171 171 171 171 171 171 171 171 171 171 171 171 171 171 171 171 171 171 171 171 171 171 171 171 171 171 171 171 171 171 171 170 170 170 170 170 170 170 169 169 169 169 169 169 168 168 168 168 167 167 167 167 166 166 166 166 244 244 244 244 243 204 204 203 203 203 202 202 202 201 201 201 200 200 200 199 199 199 198 198 198 197 197 196 196 196 195 195 194 194
171 171 171 171 171 171 171 171 172 172 172 172 172 172 172 172 172 172 172 172 172 172 172 172 172 172 172 172 172 172 172 171 171 171 171 171 171 171 171 170 170 170 170 170 170 169 169 169 169 169 168 168 168 168 167 167 167 167 166 245 245 245 244 244 244 243 204 204 204 203 203 203 202 202 202 201 201 200 200 200 199 199 199 198 198 198 197 197 196 196 196 195 195 194
171 171 171 172 172 172 172 172 172 172 172 172 172 172 172 172 173 173 173 173 173 173 173 172 172 172 172 172 172 172 172 172 172 172 172 172 171 171 171 171 171 171 171 170 170 170 170 170 169 169 169 169 168 168 168 168 167 167 246 246 245 245 245 245 244 244 244 204 204 204 203 203 203 202 202 202 201 201 201 200 200 199 199 199 198 198 198 197 197 196 196 196 195 195
172 172 172 172 172 172 172 173 173 173 173 173 173 173 173 173 173 173 173 173 173 173 173 173 173 173 173 173 173 173 173 173 172 172 172 172 172 172 172 172 171 171 171 171 171 170 170 170 170 170 169 169 169 169 168 168 168 168 246 246 246 246 245 245 245 244 244 244 204 204 204 203 203 203 202 202 202 201 201 201 200 200 200 199 199 198 198 198 197 197 196 196 196 195
172 172 173 173 173 173 173 173 173 173 173 173 173 174 174 174 174 174 174 174 174 174 174 174 174 174 173 173 173 173 173 173 173 173 173 173 173 172 172 172 172 172 172 171 171 171 171 171 170 170 170 170 169 169 169 169 168 247 247 247 246 246 246 245 245 245 245 244 244 244 204 204 204 203 203 203 202 202 201 201 201 200 200 200 199 199 198 198 198 197 197 196 196 196
173 173 173 173 173 173 174 174 174 174 174 174 174 174 174 174 174 174 174 174 174 174 174 174 174 174 174 174 174 174 174 174 174 173 173 173 173 173 173 173 172 172 172 172 172 172 171 171 171 171 170 170 170 170 169 169 169 248 247 247 247 247 246 246 246 245 245 245 244 244 244 204 204 204 203 203 203 202 202 201 201 201 200 200 200 199 199 198 198 198 197 197 196 196
173 173 174 174 174 174 174 174 174 174 174 175 175 175 175 175 175 175 175 175 175 175 175 175 175 175 175 175 174 174 174 174 174 174 174 174 174 173 173 173 173 173 173 172 172 172 172 172 171 171 171 171 170 170 170 170 248 248 248 248 247 247 247 246 246 246 245 245 245 244 244 244 204 204 204 203 203 203 202 202 202 201 201 200 200 200 199 199 198 198 198 197 197 196
174 174 174 174 174 175 175 175 175 175 175 175 175 175 175 175 175 175 175 175 175 175 175 175 175 175 175 175 175 175 175 175 175 175 174 174 174 174 174 174 174 173 173 173 173 173 172 172 172 172 171 171 171 171 170 170 249 249 248 248 248 247 247 247 247 246 246 246 245 245 245 244 244 205 204 204 203 203 203 202 202 202 201 201 200 200 200 199 199 198 198 198 197 197
174 175 175 175 175 175 175 175 175 176 176 176 176 176 176 176 176 176 176 176 176 176 176 176 176 176 176 176 176 176 175 175 175 175 175 175 175 175 174 174 174 174 174 174 173 173 173 173 172 172 172 172 171 171 171 250 249 249 249 249 248 248 248 247 247 247 246 246 246 245 245 245 244 244 205 204 204 203 203 203 202 202 202 201 201 200 200 200 199 199 198 198 198 197
175 175 175 175 176 176 176 176 176 176 176 176 176 176 176 176 176 176 176 177 176 176 176 176 176 176 176 176 176 176 176 176 176 176 176 175 175 175 175 175 175 174 174 174 174 174 173 173 173 173 172 172 172 172 171 250 250 250 249 249 249 248 248 248 247 247 247 247 246 246 245 245 245 244 244 205 204 204 204 203 203 202 202 202 201 201 200 200 200 199 199 198 198 197
175 176 176 176 176 176 176 176 177 177 177 177 177 177 177 177 177 177 177 177 177 177 177 177 177 177 177 177 177 177 177 176 176 176 176 176 176 176 175 175 175 175 175 175 174 174 174 174 173 173 173 173 172 172 251 251 250 250 250 250 249 249 249 248 248 248 247 247 247 246 246 246 245 245 244 244 205 204 204 204 203 203 202 202 202 201 201 200 200 200 199 199 198 198
176 176 176 176 177 177 177 177 177 177 177 177 177 177 178 178 178 178 178 178 178 178 178 178 178 177 177 177 177 177 177 177 177 177 177 176 176 176 176 176 176 175 175 175 175 175 174 174 174 174 174 173 173 173 251 251 251 251 250 250 250 249 249 249 248 248 248 247 247 247 246 246 246 245 245 245 244 205 204 204 204 203 203 202 202 202 201 201 200 200 199 199 199 198
177 177 177 177 177 177 177 178 178 178 178 178 178 178 178 178 178 178 178 178 178 178 178 178 178 178 178 178 178 178 178 178 177 177 177 177 177 177 177 176 176 176 176 176 175 175 175 175 175 174 174 174 173 252 252 252 251 251 251 250 250 250 250 249 249 249 248 248 247 247 247 246 246 246 245 245 245 244 205 204 204 204 203 203 202 202 202 201 201 200 200 199 199 199
177 177 177 178 178 178 178 178 178 178 178 178 179 179 179 179 179 179 179 179 179 179 179 179 179 179 179 178 178 178 178 178 178 178 178 178 177 177 177 177 177 177 176 176 176 176 175 175 175 175 175 174 174 253 252 252 252 252 251 251 251 250 250 250 249 249 249 248 248 248 247 247 246 246 246 245 245 245 244 205 204 204 204 203 203 202 202 201 201 201 200 200 199 199
178 178 178 178 178 178 179 179 179 179 179 179 179 179 179 179 179 179 179 179 179 179 179 179 179 179 179 179 179 179 179 179 179 178 178 178 178 178 178 177 177 177 177 177 176 176 176 176 176 175 175 175 253 253 253 253 252 252 252 251 251 251 250 250 250 249 249 249 248 248 248 247 247 247 246 246 245 245 245 244 205 204 204 204 203 203 202 202 201 201 201 200 200 199
178 178 179 179 179 179 179 179 179 179 179 180 180 180 180 180 180 180 180 180 180 180 180 180 180 180 180 180 179 179 179 179 179 179 179 179 179 178 178 178 178 178 177 177 177 177 177 176 176 176 176 175 254 254 253 253 253 252 252 252 252 251 251 251 250 250 250 249 249 248 248 248 247 247 247 246 246 245 245 245 244 205 204 204 203 203 203 202 202 201 201 200 200 200
179 179 179 179 179 179 180 180 180 180 180 180 180 180 180 180 180 180 180 180 180 180 180 180 180 180 180 180 180 180 180 180 180 179 179 179 179 179 179 179 178 178 178 178 177 177 177 177 177 176 176 255 254 254 254 254 253 253 253 252 252 252 251 251 251 250 250 250 249 249 248 248 248 247 247 247 246 246 245 245 245 244 205 204 204 203 203 203 202 202 201 201 200 200
179 179 180 180 180 180 180 180 180 181 181 181 181 181 181 181 181 181 181 181 181 181 181 181 181 181 181 181 181 181 180 180 180 180 180 180 180 179 179 179 179 179 178 178 178 178 178 177 177 177 176 255 255 255 254 254 254 253 253 253 252 252 252 251 251 251 250 250 250 249 249 249 248 248 247 247 247 246 246 245 245 245 244 205 204 204 203 203 203 202 202 201 201 200
180 180 180 180 180 181 181 181 181 181 181 181 181 181 181 181 182 182 182 182 182 182 182 181 181 181 181 181 181 181 181 181 181 181 180 180 180 180 180 180 179 179 179 179 179 178 178 178 178 177 256 256 255 255 255 255 254 254 254 253 253 253 252 252 252 251 251 250 250 250 249 249 249 248 248 247 247 247 246 246 245 245 244 244 205 204 204 203 203 202 202 202 201 201
