testData/tiles/oneDegree/grid20.0-4.0-21.0-5.0.asc
ncols   200
nrows   200
xllcorner   20.0
yllcorner   4.0
cellsize   0.005
NODATA_value   -9999.0
[rows 0 to 48 of 200, columns 96 to 191 of 200]
72 74 75 76 78 79 81 82 84 85 87 88 90 91 93 94 95 97 98 100 101 103 104 105 107 108 110 111 112 114 115 117 118 119 121 122 124 125 126 128 129 130 132 133 134 136 137 138 140 141 142 144 145 146 148 149 150 151 153 154 155 156 158 159 139 140 141 143 144 145 146 147 148 150 151 152 153 154 155 156 157 158 159 160 161 162 163 164 165 166 166 167 168 169 170 170
73 74 76 77 79 80 81 83 84 86 87 89 90 92 93 95 96 97 99 100 102 103 105 106 108 109 110 112 113 115 116 117 119 120 122 123 124 126 127 129 130 131 133 134 135 137 138 139 141 142 143 145 146 147 149 150 151 152 154 155 156 157 159 139 140 141 143 144 145 146 147 148 150 151 152 153 154 155 156 157 158 159 160 161 162 163 164 165 166 167 168 169 169 170 171 172
73 75 76 78 79 81 82 84 85 87 88 89 91 92 94 95 97 98 100 101 102 104 105 107 108 110 111 113 114 115 117 118 120 121 122 124 125 127 128 129 131 132 133 135 136 138 139 140 142 143 144 146 147 148 149 151 152 153 155 156 157 158 160 140 141 142 144 145 146 147 148 149 151 152 153 154 155 156 157 158 159 160 161 162 163 164 165 166 167 168 169 170 171 172 172 173
74 75 77 78 80 81 83 84 86 87 89 90 92 93 94 96 97 99 100 102 103 105 106 107 109 110 112 113 115 116 117 119 120 122 123 125 126 127 129 130 131 133 134 136 137 138 140 141 142 144 145 146 148 149 150 152 153 154 156 157 158 159 161 141 142 143 145 146 147 148 149 151 152 153 154 155 156 157 158 160 161 162 163 164 165 166 167 168 169 169 170 171 172 173 174 175
74 76 77 79 80 82 83 85 86 88 89 91 92 94 95 97 98 99 101 102 104 105 107 108 110 111 112 114 115 117 118 120 121 122 124 125 127 128 129 131 132 134 135 136 138 139 141 142 143 145 146 147 149 150 151 153 154 155 156 158 159 160 162 142 143 144 146 147 148 149 150 152 153 154 155 156 157 158 160 161 162 163 164 165 166 167 168 169 170 171 172 173 173 174 175 176
75 76 78 79 81 82 84 85 87 88 90 91 93 94 96 97 99 100 102 103 104 106 107 109 110 112 113 115 116 117 119 120 122 123 125 126 127 129 130 132 133 134 136 137 139 140 141 143 144 145 147 148 149 151 152 153 155 156 157 159 160 161 142 143 144 145 147 148 149 150 151 153 154 155 156 157 158 160 161 162 163 164 165 166 167 168 169 170 171 172 173 174 175 176 176 177
75 77 78 80 81 83 84 86 87 89 90 92 93 95 96 98 99 101 102 104 105 107 108 109 111 112 114 115 117 118 120 121 122 124 125 127 128 130 131 132 134 135 137 138 139 141 142 144 145 146 148 149 150 152 153 154 156 157 158 160 161 162 142 144 145 146 148 149 150 151 153 154 155 156 157 158 160 161 162 163 164 165 166 167 168 169 170 171 172 173 174 175 176 177 178 179
76 77 79 80 82 83 85 86 88 89 91 92 94 95 97 98 100 101 103 104 106 107 109 110 112 113 114 116 117 119 120 122 123 125 126 127 129 130 132 133 135 136 137 139 140 142 143 144 146 147 148 150 151 153 154 155 157 158 159 161 162 163 143 145 146 147 149 150 151 152 154 155 156 157 158 160 161 162 163 164 165 166 167 169 170 171 172 173 174 175 176 176 177 178 179 180
76 78 80 81 83 84 86 87 88 90 91 93 94 96 97 99 100 102 103 105 106 108 109 111 112 114 115 117 118 119 121 122 124 125 127 128 130 131 132 134 135 137 138 139 141 142 144 145 146 148 149 151 152 153 155 156 157 159 160 161 163 164 144 146 147 148 149 151 152 153 155 156 157 158 159 161 162 163 164 165 166 167 169 170 171 172 173 174 175 176 177 178 179 180 180 181
77 79 80 82 83 85 86 88 89 91 92 94 95 97 98 99 101 102 104 105 107 108 110 111 113 114 116 117 119 120 122 123 124 126 127 129 130 132 133 135 136 137 139 140 142 143 144 146 147 149 150 151 153 154 156 157 158 160 161 162 164 144 145 147 148 149 150 152 153 154 156 157 158 159 160 162 163 164 165 166 167 169 170 171 172 173 174 175 176 177 178 179 180 181 182 183
77 79 81 82 84 85 87 88 90 91 93 94 96 97 99 100 102 103 104 106 107 109 110 112 113 115 116 118 119 121 122 124 125 127 128 129 131 132 134 135 137 138 140 141 142 144 145 147 148 149 151 152 154 155 156 158 159 160 162 163 164 145 146 147 149 150 151 153 154 155 156 158 159 160 161 163 164 165 166 167 169 170 171 172 173 174 175 176 177 178 179 180 181 182 183 184
78 79 81 83 84 86 87 89 90 92 93 95 96 98 99 101 102 104 105 107 108 110 111 112 114 115 117 118 120 121 123 124 126 127 129 130 132 133 134 136 137 139 140 142 143 144 146 147 149 150 152 153 154 156 157 158 160 161 163 164 165 146 147 148 150 151 152 154 155 156 157 159 160 161 162 164 165 166 167 169 170 171 172 173 174 175 176 177 179 180 181 182 183 183 184 185
78 80 81 83 85 86 88 89 91 92 94 95 97 98 100 101 103 104 106 107 109 110 112 113 115 116 118 119 120 122 123 125 126 128 129 131 132 134 135 137 138 139 141 142 144 145 147 148 149 151 152 154 155 156 158 159 161 162 163 165 166 146 148 149 151 152 153 154 156 157 158 160 161 162 163 165 166 167 168 170 171 172 173 174 175 176 178 179 180 181 182 183 184 185 186 187
79 80 82 83 85 87 88 90 91 93 94 96 97 99 100 102 103 105 106 108 109 111 112 114 115 117 118 120 121 123 124 125 127 128 130 131 133 134 136 137 139 140 142 143 144 146 147 149 150 152 153 154 156 157 159 160 161 163 164 166 146 147 149 150 151 153 154 155 157 158 159 161 162 163 164 166 167 168 169 171 172 173 174 175 176 178 179 180 181 182 183 184 185 186 187 188
79 81 82 84 85 87 88 90 92 93 95 96 98 99 101 102 104 105 107 108 110 111 113 114 116 117 119 120 122 123 125 126 128 129 130 132 133 135 136 138 139 141 142 144 145 147 148 149 151 152 154 155 157 158 159 161 162 164 165 166 147 148 149 151 152 154 155 156 158 159 160 162 163 164 165 167 168 169 170 172 173 174 175 176 178 179 180 181 182 183 184 185 186 187 188 189
80 81 83 84 86 87 89 90 92 94 95 97 98 100 101 103 104 106 107 109 110 112 113 115 116 118 119 121 122 124 125 127 128 130 131 133 134 136 137 138 140 141 143 144 146 147 149 150 152 153 154 156 157 159 160 162 163 164 166 167 148 149 150 152 153 154 156 157 158 160 161 162 164 165 166 168 169 170 171 173 174 175 176 177 179 180 181 182 183 184 185 186 187 189 190 190
80 82 83 85 86 88 89 91 92 94 95 97 99 100 102 103 105 106 108 109 111 112 114 115 117 118 120 121 123 124 126 127 129 130 132 133 135 136 138 139 141 142 143 145 146 148 149 151 152 154 155 157 158 159 161 162 164 165 166 147 148 150 151 152 154 155 157 158 159 161 162 163 165 166 167 169 170 171 172 174 175 176 177 179 180 181 182 183 184 185 187 188 189 190 191 192
81 82 84 85 87 88 90 91 93 94 96 97 99 101 102 104 105 107 108 110 111 113 114 116 117 119 120 122 123 125 126 128 129 131 132 134 135 137 138 140 141 143 144 146 147 148 150 151 153 154 156 157 159 160 162 163 164 166 167 148 149 150 152 153 155 156 157 159 160 161 163 164 166 167 168 169 171 172 173 175 176 177 178 180 181 182 183 184 185 187 188 189 190 191 192 193
81 83 84 86 87 89 90 92 93 95 96 98 99 101 102 104 106 107 109 110 112 113 115 116 118 119 121 122 124 125 127 128 130 131 133 134 136 137 139 140 142 143 145 146 148 149 151 152 153 155 156 158 159 161 162 164 165 167 168 148 150 151 153 154 155 157 158 160 161 162 164 165 166 168 169 170 172 173 174 176 177 178 179 181 182 183 184 185 187 188 189 190 191 192 193 194
81 83 84 86 88 89 91 92 94 95 97 98 100 101 103 104 106 108 109 111 112 114 115 117 118 120 121 123 124 126 127 129 130 132 133 135 136 138 139 141 142 144 145 147 148 150 151 153 154 156 157 158 160 161 163 164 166 167 169 149 150 152 153 155 156 158 159 160 162 163 164 166 167 169 170 171 173 174 175 176 178 179 180 182 183 184 185 186 188 189 190 191 192 193 194 195
82 83 85 86 88 90 91 93 94 96 97 99 100 102 103 105 106 108 109 111 113 114 116 117 119 120 122 123 125 126 128 129 131 132 134 135 137 138 140 141 143 144 146 147 149 150 152 153 155 156 158 159 161 162 163 165 166 168 148 150 151 153 154 155 157 158 160 161 163 164 165 167 168 169 171 172 173 175 176 177 179 180 181 183 184 185 186 187 189 190 191 192 193 194 196 197
82 84 85 87 88 90 91 93 95 96 98 99 101 102 104 105 107 108 110 111 113 114 116 118 119 121 122 124 125 127 128 130 131 133 134 136 137 139 140 142 143 145 146 148 149 151 152 154 155 157 158 160 161 163 164 166 167 169 149 150 152 153 155 156 158 159 160 162 163 165 166 167 169 170 172 173 174 176 177 178 180 181 182 183 185 186 187 189 190 191 192 193 194 196 197 198
83 84 86 87 89 90 92 93 95 96 98 100 101 103 104 106 107 109 110 112 113 115 116 118 120 121 123 124 126 127 129 130 132 133 135 136 138 139 141 142 144 145 147 148 150 151 153 154 156 157 159 160 162 163 165 166 168 169 150 151 153 154 155 157 158 160 161 163 164 165 167 168 170 171 172 174 175 176 178 179 180 182 183 184 186 187 188 190 191 192 193 194 196 197 198 199
83 84 86 88 89 91 92 94 95 97 98 100 101 103 105 106 108 109 111 112 114 115 117 118 120 121 123 125 126 128 129 131 132 134 135 137 138 140 141 143 144 146 147 149 150 152 153 155 156 158 159 161 162 164 165 167 168 149 150 152 153 155 156 158 159 160 162 163 165 166 168 169 170 172 173 175 176 177 179 180 181 183 184 185 187 188 189 190 192 193 194 195 197 198 199 200
83 85 86 88 89 91 93 94 96 97 99 100 102 103 105 106 108 110 111 113 114 116 117 119 120 122 123 125 126 128 130 131 133 134 136 137 139 140 142 143 145 146 148 149 151 152 154 155 157 158 160 161 163 164 166 167 169 149 151 152 154 155 157 158 160 161 163 164 165 167 168 170 171 173 174 175 177 178 179 181 182 184 185 186 188 189 190 191 193 194 195 196 198 199 200 201
83 85 87 88 90 91 93 94 96 97 99 101 102 104 105 107 108 110 111 113 115 116 118 119 121 122 124 125 127 128 130 131 133 135 136 138 139 141 142 144 145 147 148 150 151 153 154 156 157 159 160 162 163 165 166 168 169 150 151 153 154 156 157 159 160 162 163 165 166 167 169 170 172 173 175 176 177 179 180 182 183 184 186 187 188 190 191 192 194 195 196 197 199 200 201 202
84 85 87 88 90 92 93 95 96 98 99 101 102 104 106 107 109 110 112 113 115 116 118 120 121 123 124 126 127 129 130 132 133 135 137 138 140 141 143 144 146 147 149 150 152 153 155 156 158 159 161 162 164 165 167 168 170 150 152 153 155 156 158 159 161 162 164 165 167 168 170 171 172 174 175 177 178 180 181 182 184 185 187 188 189 191 192 193 195 196 197 198 200 201 202 203
84 86 87 89 90 92 93 95 97 98 100 101 103 104 106 107 109 111 112 114 115 117 118 120 121 123 125 126 128 129 131 132 134 135 137 138 140 142 143 145 146 148 149 151 152 154 155 157 158 160 161 163 164 166 167 169 149 151 152 154 155 157 158 160 161 163 164 166 167 169 170 172 173 175 176 177 179 180 182 183 185 186 187 189 190 191 193 194 195 197 198 199 201 202 203 204
84 86 87 89 91 92 94 95 97 98 100 102 103 105 106 108 109 111 112 114 116 117 119 120 122 123 125 126 128 130 131 133 134 136 137 139 140 142 143 145 147 148 150 151 153 154 156 157 159 160 162 163 165 166 168 169 150 151 153 154 156 157 159 160 162 163 165 166 168 169 171 172 174 175 177 178 180 181 182 184 185 187 188 190 191 192 194 195 196 198 199 200 202 203 204 205
85 86 88 89 91 92 94 96 97 99 100 102 103 105 107 108 110 111 113 114 116 117 119 121 122 124 125 127 128 130 131 133 135 136 138 139 141 142 144 145 147 148 150 152 153 155 156 158 159 161 162 164 165 167 168 170 150 152 153 155 156 158 160 161 163 164 166 167 168 170 171 173 174 176 177 179 180 182 183 185 186 187 189 190 192 193 194 196 197 199 200 201 203 204 205 206
85 86 88 90 91 93 94 96 97 99 101 102 104 105 107 108 110 112 113 115 116 118 119 121 122 124 126 127 129 130 132 133 135 136 138 140 141 143 144 146 147 149 150 152 153 155 157 158 160 161 163 164 166 167 169 149 151 152 154 155 157 158 160 162 163 165 166 168 169 171 172 174 175 176 178 179 181 182 184 185 187 188 190 191 192 194 195 197 198 199 201 202 203 205 206 207
85 87 88 90 91 93 95 96 98 99 101 102 104 106 107 109 110 112 113 115 116 118 120 121 123 124 126 127 129 131 132 134 135 137 138 140 141 143 145 146 148 149 151 152 154 155 157 158 160 162 163 165 166 168 169 150 151 153 154 156 157 159 160 162 164 165 167 168 170 171 173 174 176 177 179 180 181 183 184 186 187 189 190 192 193 195 196 197 199 200 202 203 204 206 207 208
85 87 88 90 92 93 95 96 98 99 101 103 104 106 107 109 110 112 114 115 117 118 120 121 123 125 126 128 129 131 132 134 136 137 139 140 142 143 145 146 148 150 151 153 154 156 157 159 160 162 163 165 167 168 170 150 152 153 155 156 158 159 161 162 164 166 167 169 170 172 173 175 176 178 179 181 182 184 185 187 188 189 191 192 194 195 197 198 200 201 202 204 205 206 208 209
86 87 89 90 92 93 95 97 98 100 101 103 104 106 108 109 111 112 114 115 117 119 120 122 123 125 126 128 130 131 133 134 136 137 139 141 142 144 145 147 148 150 151 153 155 156 158 159 161 162 164 165 167 169 149 151 152 154 155 157 158 160 161 163 164 166 167 169 171 172 174 175 177 178 180 181 183 184 186 187 189 190 192 193 194 196 197 199 200 202 203 204 206 207 209 210
86 87 89 90 92 94 95 97 98 100 102 103 105 106 108 109 111 113 114 116 117 119 120 122 124 125 127 128 130 131 133 135 136 138 139 141 142 144 145 147 149 150 152 153 155 156 158 160 161 163 164 166 167 169 149 151 153 154 156 157 159 160 162 163 165 166 168 169 171 173 174 176 177 179 180 182 183 185 186 188 189 191 192 194 195 197 198 199 201 202 204 205 207 208 209 211
86 88 89 91 92 94 95 97 99 100 102 103 105 106 108 110 111 113 114 116 117 119 121 122 124 125 127 128 130 132 133 135 136 138 139 141 143 144 146 147 149 150 152 154 155 157 158 160 161 163 165 166 168 169 150 151 153 154 156 158 159 161 162 164 165 167 168 170 171 173 174 176 178 179 181 182 184 185 187 188 190 191 193 194 196 197 199 200 202 203 204 206 207 209 210 212
86 88 89 91 92 94 96 97 99 100 102 103 105 107 108 110 111 113 115 116 118 119 121 122 124 126 127 129 130 132 133 135 137 138 140 141 143 144 146 148 149 151 152 154 155 157 159 160 162 163 165 166 168 148 150 152 153 155 156 158 159 161 163 164 166 167 169 170 172 173 175 176 178 179 181 183 184 186 187 189 190 192 193 195 196 198 199 201 202 204 205 207 208 209 211 212
86 88 89 91 93 94 96 97 99 101 102 104 105 107 108 110 112 113 115 116 118 119 121 123 124 126 127 129 131 132 134 135 137 138 140 142 143 145 146 148 149 151 153 154 156 157 159 160 162 164 165 167 168 149 150 152 153 155 157 158 160 161 163 164 166 167 169 171 172 174 175 177 178 180 181 183 184 186 188 189 191 192 194 195 197 198 200 201 203 204 206 207 209 210 212 213
86 88 90 91 93 94 96 98 99 101 102 104 105 107 109 110 112 113 115 116 118 120 121 123 124 126 128 129 131 132 134 135 137 139 140 142 143 145 146 148 150 151 153 154 156 157 159 161 162 164 165 167 168 149 151 152 154 155 157 158 160 162 163 165 166 168 169 171 172 174 176 177 179 180 182 183 185 186 188 190 191 193 194 196 197 199 200 202 203 205 206 208 209 211 212 214
87 88 90 91 93 94 96 98 99 101 102 104 106 107 109 110 112 113 115 117 118 120 121 123 125 126 128 129 131 132 134 136 137 139 140 142 144 145 147 148 150 151 153 155 156 158 159 161 162 164 166 167 169 149 151 152 154 156 157 159 160 162 163 165 167 168 170 171 173 174 176 177 179 181 182 184 185 187 188 190 191 193 195 196 198 199 201 202 204 205 207 208 210 211 213 214
87 88 90 91 93 95 96 98 99 101 103 104 106 107 109 110 112 114 115 117 118 120 122 123 125 126 128 129 131 133 134 136 137 139 141 142 144 145 147 148 150 152 153 155 156 158 159 161 163 164 166 167 148 150 151 153 154 156 157 159 161 162 164 165 167 168 170 172 173 175 176 178 179 181 182 184 186 187 189 190 192 193 195 196 198 200 201 203 204 206 207 209 210 212 213 215
87 88 90 92 93 95 96 98 99 101 103 104 106 107 109 111 112 114 115 117 119 120 122 123 125 126 128 130 131 133 134 136 138 139 141 142 144 145 147 149 150 152 153 155 156 158 160 161 163 164 166 168 148 150 151 153 154 156 158 159 161 162 164 165 167 169 170 172 173 175 176 178 180 181 183 184 186 187 189 191 192 194 195 197 198 200 201 203 205 206 208 209 211 212 214 215
87 89 90 92 93 95 96 98 100 101 103 104 106 108 109 111 112 114 115 117 119 120 122 123 125 127 128 130 131 133 134 136 138 139 141 142 144 146 147 149 150 152 153 155 157 158 160 161 163 165 166 168 148 150 151 153 155 156 158 159 161 163 164 166 167 169 170 172 174 175 177 178 180 181 183 185 186 188 189 191 192 194 196 197 199 200 202 203 205 206 208 210 211 213 214 216
87 89 90 92 93 95 97 98 100 101 103 104 106 108 109 111 112 114 116 117 119 120 122 123 125 127 128 130 131 133 135 136 138 139 141 143 144 146 147 149 150 152 154 155 157 158 160 162 163 165 166 147 148 150 152 153 155 156 158 160 161 163 164 166 167 169 171 172 174 175 177 178 180 182 183 185 186 188 190 191 193 194 196 197 199 201 202 204 205 207 208 210 211 213 215 216
87 89 90 92 93 95 97 98 100 101 103 105 106 108 109 111 112 114 116 117 119 120 122 124 125 127 128 130 132 133 135 136 138 139 141 143 144 146 147 149 151 152 154 155 157 158 160 162 163 165 166 147 149 150 152 153 155 156 158 160 161 163 164 166 168 169 171 172 174 175 177 179 180 182 183 185 187 188 190 191 193 194 196 198 199 201 202 204 205 207 209 210 212 213 215 216
87 89 90 92 93 95 97 98 100 101 103 105 106 108 109 111 113 114 116 117 119 120 122 124 125 127 128 130 132 133 135 136 138 140 141 143 144 146 147 149 151 152 154 155 157 159 160 162 163 165 167 147 149 150 152 153 155 157 158 160 161 163 165 166 168 169 171 172 174 176 177 179 180 182 184 185 187 188 190 191 193 195 196 198 199 201 203 204 206 207 209 210 212 214 215 217
87 89 90 92 94 95 97 98 100 101 103 105 106 108 109 111 113 114 116 117 119 121 122 124 125 127 128 130 132 133 135 136 138 140 141 143 144 146 148 149 151 152 154 155 157 159 160 162 163 165 146 147 149 150 152 154 155 157 158 160 161 163 165 166 168 169 171 173 174 176 177 179 180 182 184 185 187 188 190 192 193 195 196 198 200 201 203 204 206 207 209 211 212 214 215 217
87 89 90 92 94 95 97 98 100 102 103 105 106 108 109 111 113 114 116 117 119 121 122 124 125 127 129 130 132 133 135 136 138 140 141 143 144 146 148 149 151 152 154 156 157 159 160 162 163 165 146 147 149 150 152 154 155 157 158 160 162 163 165 166 168 169 171 173 174 176 177 179 181 182 184 185 187 189 190 192 193 195 196 198 200 201 203 204 206 208 209 211 212 214 215 217
87 89 90 92 94 95 97 98 100 102 103 105 106 108 109 111 113 114 116 117 119 121 122 124 125 127 129 130 132 133 135 136 138 140 141 143 144 146 148 149 151 152 154 156 157 159 160 162 163 165 146 147 149 150 152 154 155 157 158 160 162 163 165 166 168 170 171 173 174 176 177 179 181 182 184 185 187 189 190 192 193 195 197 198 200 201 203 204 206 208 209 211 212 214 216 217
