testData/tiles/oneDegree/grid44.0-12.0-45.0-13.0.asc
ncols   200
nrows   200
xllcorner   44.0
yllcorner   12.0
cellsize   0.005
NODATA_value   -9999.0
[rows 0 to 41 of 200, columns 0 to 93 of 200]
583 582 580 578 577 575 573 571 569 568 566 564 562 559 557 674 672 669 667 664 662 659 656 623 620 616 613 609 604 599 594 504 494 479 479 479 479 479 479 479 479 479 479 479 479 479 479 479 479 479 479 479 479 479 479 479 479 479 479 479 479 479 479 479 479 479 479 479 479 479 479 479 347 347 347 347 347 347 347 347 347 347 347 347 347 347 347 347 347 347 347 347 347 347
583 581 580 578 576 575 573 571 569 567 565 564 561 559 557 674 672 669 667 664 662 629 626 623 620 616 612 608 604 599 593 586 493 479 479 479 479 479 479 479 479 479 479 479 479 479 479 479 479 479 479 479 479 479 479 479 479 479 479 479 479 479 479 479 479 479 479 479 479 479 479 347 347 347 347 347 347 347 347 347 347 347 347 347 347 347 347 347 347 347 347 347 347 347
583 581 580 578 576 575 573 571 569 567 565 563 561 559 676 674 672 669 667 664 631 629 626 623 619 616 612 608 604 599 593 586 492 479 479 479 479 479 479 479 479 479 479 479 479 479 479 479 479 479 479 479 479 479 479 479 479 479 479 479 479 479 479 479 479 479 479 479 479 479 479 347 347 347 347 347 347 347 347 347 347 347 347 347 347 347 347 347 347 347 347 347 347 347
583 581 580 578 576 574 573 571 569 567 565 563 561 678 676 674 671 669 666 634 631 628 625 622 619 616 612 608 603 598 592 585 574 479 479 479 479 479 479 479 479 479 479 479 479 479 479 479 479 479 479 479 479 479 479 479 479 479 479 479 479 479 479 479 479 479 479 479 479 479 347 347 347 347 347 347 347 347 347 347 347 347 347 347 347 347 347 347 347 347 347 347 347 347
583 581 579 578 576 574 573 571 569 567 565 563 561 678 676 673 671 669 636 634 631 628 625 622 619 615 612 608 603 598 592 585 573 479 479 479 479 479 479 479 479 479 479 479 479 479 479 479 479 479 479 479 479 479 479 479 479 479 479 479 479 479 479 479 479 479 479 479 479 347 347 347 347 347 347 347 347 347 347 347 347 347 347 347 347 347 347 347 347 347 347 347 347 347
583 581 579 578 576 574 572 571 569 567 565 563 680 678 676 673 641 639 636 634 631 628 625 622 619 615 611 607 603 598 592 584 572 562 479 479 479 479 479 479 479 479 479 479 479 479 479 479 479 479 479 479 479 479 479 479 479 479 479 479 479 479 479 479 479 479 479 479 347 347 347 347 347 347 347 347 347 347 347 347 347 347 347 347 347 347 347 347 347 347 347 347 347 347
582 581 579 577 576 574 572 570 569 567 565 563 680 678 675 643 641 638 636 633 631 628 625 622 618 615 611 607 602 597 591 583 572 562 562 479 479 479 479 479 479 479 479 479 479 479 479 479 479 479 479 479 479 479 479 479 479 479 479 479 479 479 479 479 479 479 479 347 347 347 347 347 347 347 347 347 347 347 347 347 347 347 347 347 347 347 347 347 347 347 347 347 347 347
582 581 579 577 576 574 572 570 568 567 565 682 679 677 645 643 641 638 636 633 630 628 625 621 618 615 611 607 602 597 590 582 572 562 562 479 479 479 479 479 479 479 479 479 479 479 479 479 479 479 479 479 479 479 479 479 479 479 479 479 479 479 479 479 479 479 347 347 347 347 347 347 347 347 347 347 347 347 347 347 347 347 347 347 347 347 347 347 347 347 347 347 347 347
582 580 579 577 575 574 572 570 568 566 564 681 649 647 645 643 640 638 635 633 630 627 624 621 618 614 610 606 601 596 590 582 572 562 562 562 479 479 479 479 479 479 479 479 479 479 479 479 479 479 479 479 479 479 479 479 479 479 479 479 479 479 479 479 479 479 347 347 347 347 347 347 347 347 347 347 347 347 347 347 347 347 347 347 347 347 347 347 347 347 347 347 347 347
582 580 579 577 575 574 572 570 568 566 683 651 649 647 645 642 640 638 635 633 630 627 624 621 617 614 610 606 601 596 589 581 562 562 562 562 479 479 479 479 479 479 479 479 479 479 479 479 479 479 479 479 479 479 479 479 479 479 479 479 479 479 479 479 479 347 347 347 347 347 347 347 347 347 347 347 347 347 347 347 347 347 347 347 347 347 347 347 347 347 347 347 347 347
582 580 579 577 575 573 572 570 568 685 653 651 649 647 645 642 640 637 635 632 630 627 624 620 617 613 610 605 601 595 589 580 562 562 562 562 562 479 479 479 479 479 479 479 479 479 479 479 479 479 479 479 479 479 479 479 479 479 479 479 479 479 479 479 347 347 347 347 347 347 347 347 347 347 347 347 347 347 347 347 347 347 347 347 347 347 347 347 347 347 347 347 347 347
582 580 578 577 575 573 571 570 538 655 653 651 649 647 644 642 640 637 635 632 629 626 623 620 617 613 609 605 600 595 588 579 562 562 562 562 562 562 479 479 479 479 479 479 479 479 479 479 479 479 479 479 479 479 479 479 479 479 479 479 479 479 479 347 347 347 347 347 347 347 347 347 347 347 347 347 347 347 347 347 347 347 347 347 347 347 347 347 347 347 347 347 347 347
581 580 578 576 575 573 571 539 656 655 653 651 648 646 644 642 639 637 634 632 629 626 623 620 616 613 609 604 600 594 587 577 562 562 562 562 562 562 479 479 479 479 479 479 479 479 479 479 479 479 479 479 479 479 479 479 479 479 479 479 479 479 347 347 347 347 347 347 347 347 347 347 347 347 347 347 347 347 347 347 347 347 347 347 347 347 347 347 347 347 347 347 347 347
581 580 578 576 575 543 541 539 656 654 652 650 648 646 644 642 639 637 634 631 629 626 623 619 616 612 608 604 599 593 586 576 562 562 562 562 562 562 562 479 479 479 479 479 479 479 479 479 479 479 479 479 479 479 479 479 479 479 479 479 479 347 347 347 347 347 347 347 347 347 347 347 347 347 347 347 347 347 347 347 347 347 347 347 347 347 347 347 347 347 347 347 347 347
581 579 578 576 544 543 541 658 656 654 652 650 648 646 644 641 639 636 634 631 628 625 622 619 616 612 608 603 598 593 585 574 562 562 562 562 562 562 562 479 479 479 479 479 479 479 479 479 479 479 479 479 479 479 479 479 479 479 479 347 347 347 347 347 347 347 347 347 347 347 347 347 347 347 347 347 347 347 347 347 347 347 347 347 347 347 347 347 347 347 347 347 347 347
581 579 548 546 544 542 541 658 656 654 652 650 648 646 643 641 639 636 634 631 628 625 622 619 615 611 607 603 598 592 584 573 562 562 562 562 562 562 562 562 479 479 479 479 479 479 479 479 479 479 479 479 479 479 479 479 479 479 347 347 347 347 347 347 347 347 347 347 347 347 347 347 347 347 347 347 347 347 347 347 347 347 347 347 347 347 347 347 347 347 347 347 347 347
581 549 547 546 544 542 659 657 656 654 652 650 647 645 643 641 638 636 633 630 628 625 622 618 615 611 607 602 597 591 583 572 562 562 562 562 562 562 562 562 479 479 479 479 479 479 479 479 479 479 479 479 479 479 479 479 479 347 347 347 347 347 347 347 347 347 347 347 347 347 347 347 347 347 347 347 347 347 347 347 347 347 347 347 347 347 347 347 347 347 347 347 347 347
550 549 547 545 544 542 659 657 655 653 651 649 647 645 643 640 638 635 633 630 627 624 621 618 614 610 606 602 596 590 582 572 562 562 562 562 562 562 562 562 562 479 479 479 479 479 479 479 479 479 479 479 479 479 479 479 347 347 347 347 347 347 347 347 347 347 347 347 347 347 347 347 347 347 347 347 347 347 347 347 347 347 347 347 347 347 347 347 347 347 347 347 347 347
550 549 547 545 543 661 659 657 655 653 651 649 647 645 642 640 638 635 633 630 627 624 621 617 614 610 606 601 596 589 581 562 562 562 562 562 562 562 562 562 562 479 479 479 479 479 479 479 479 479 479 479 479 479 479 347 347 347 347 347 347 347 347 347 347 347 347 347 347 347 347 347 347 347 347 347 347 347 347 347 347 347 347 347 347 347 347 347 347 347 347 347 347 347
550 548 547 545 543 660 659 657 655 653 651 649 647 644 642 640 637 635 632 629 627 624 620 617 613 609 605 600 595 588 580 562 562 562 562 562 562 562 562 562 562 562 479 479 479 479 479 479 479 479 479 479 479 347 347 347 347 347 347 347 347 347 347 347 347 347 347 347 347 347 347 347 347 347 347 347 347 347 347 347 347 347 347 347 347 347 347 347 347 347 347 347 347 347
550 548 546 545 662 660 658 656 654 652 650 648 646 644 642 639 637 634 632 629 626 623 620 617 613 609 605 600 594 587 578 562 562 562 562 562 562 562 562 562 562 562 479 479 479 479 479 479 479 479 479 479 347 347 347 347 347 347 347 347 347 347 347 347 347 347 347 347 347 347 347 347 347 347 347 347 347 347 347 347 347 347 347 347 347 347 347 347 347 347 347 347 347 347
549 548 546 544 662 660 658 656 654 652 650 648 646 644 641 639 637 634 631 629 626 623 619 616 612 608 604 599 593 586 576 562 562 562 562 562 562 562 562 562 562 562 562 479 479 479 479 479 479 479 347 347 347 347 347 347 347 347 347 347 347 347 347 347 347 347 347 347 347 347 347 347 347 347 347 347 347 347 347 347 347 347 347 347 347 347 347 347 347 347 347 347 347 347
549 548 546 663 661 660 658 656 654 652 650 648 646 643 641 639 636 634 631 628 625 622 619 616 612 608 603 598 592 585 574 562 562 562 562 562 562 562 562 562 562 562 562 479 479 479 479 479 479 347 347 347 347 347 347 347 347 347 347 347 347 347 347 347 347 347 347 347 347 347 347 347 347 347 347 347 347 347 347 347 347 347 347 347 347 347 347 347 347 347 347 347 347 347
549 547 546 663 661 659 657 656 654 652 650 647 645 643 641 638 636 633 631 628 625 622 618 615 611 607 603 598 592 584 572 562 562 562 562 562 562 562 562 562 562 562 562 562 479 479 479 347 347 347 347 347 347 347 347 347 347 347 347 347 347 347 347 347 347 347 347 347 347 347 347 347 347 347 347 347 347 347 347 347 347 347 347 347 347 347 347 347 347 347 347 347 347 347
549 547 664 663 661 659 657 655 653 651 649 647 645 643 640 638 635 633 630 627 624 621 618 614 611 606 602 597 591 583 572 562 562 562 562 562 562 562 562 562 562 562 562 562 479 347 347 347 347 347 347 347 347 347 347 347 347 347 347 347 347 347 347 347 347 347 347 347 347 347 347 347 347 347 347 347 347 347 347 347 347 347 347 347 347 347 347 347 347 347 347 347 347 347
548 547 664 662 660 659 657 655 653 651 649 647 645 642 640 638 635 632 630 627 624 621 617 614 610 606 601 596 590 581 562 562 562 562 562 562 562 562 562 562 562 562 562 430 430 347 347 347 347 347 347 347 347 347 347 347 347 347 347 347 347 347 347 347 347 347 347 347 347 347 347 347 347 347 347 347 347 347 347 347 347 347 347 347 347 347 347 347 347 347 347 347 347 347
416 533 664 662 660 658 656 655 653 651 649 646 644 642 640 637 635 632 629 626 623 620 617 613 609 605 600 595 588 580 562 562 562 562 562 562 562 562 562 562 562 430 430 430 430 347 347 347 347 347 347 347 347 347 347 347 347 347 347 347 347 347 347 347 347 347 347 347 347 347 347 347 347 347 347 347 347 347 347 347 347 347 347 347 347 347 347 347 347 347 347 347 347 347
416 533 531 530 528 658 656 654 652 650 648 646 644 642 639 637 634 632 629 626 623 620 616 613 609 604 600 594 587 578 562 562 562 562 562 562 562 562 430 430 430 430 430 430 430 430 347 347 347 347 347 347 347 347 347 347 347 347 347 347 347 347 347 347 347 347 347 347 347 347 347 347 347 347 347 347 347 347 347 347 347 347 347 347 347 347 347 347 347 347 347 347 347 347
534 533 531 529 528 526 524 522 652 650 648 646 643 641 639 636 634 631 628 625 622 619 616 612 608 604 599 593 586 576 562 562 562 562 562 430 430 430 430 430 430 430 430 430 430 430 347 347 347 347 347 347 347 347 347 347 347 347 347 347 347 347 347 347 347 347 347 347 347 347 347 347 347 347 347 347 347 347 347 347 347 347 347 347 347 347 347 347 347 347 347 347 347 347
534 532 531 529 527 525 523 522 520 517 515 513 643 641 638 636 633 631 628 625 622 619 615 611 607 603 598 592 585 573 562 430 430 430 430 430 430 430 430 430 430 430 430 430 430 430 430 347 347 347 347 347 347 347 347 347 347 347 347 347 347 347 347 347 347 347 347 347 347 347 347 347 347 347 347 347 347 347 347 347 347 347 347 347 347 347 347 347 347 347 347 347 347 347
534 532 530 529 527 525 523 521 519 517 515 513 511 508 506 503 501 498 495 492 489 486 482 479 475 470 465 459 451 440 430 430 430 430 430 430 430 430 430 430 430 430 430 430 430 430 430 347 347 347 347 347 347 347 347 347 347 347 347 347 347 347 347 347 347 347 347 347 347 347 347 347 347 347 347 347 347 347 347 347 347 347 347 347 347 347 347 347 347 347 347 347 347 347
533 532 530 528 526 525 523 521 519 517 515 512 510 508 505 503 500 498 495 492 489 485 482 478 474 469 464 458 449 430 430 430 430 430 430 430 430 430 430 430 430 430 430 430 430 430 430 430 347 347 347 347 347 347 347 347 347 347 347 347 347 347 347 347 347 347 347 347 347 347 347 347 347 347 347 347 347 347 347 347 347 347 347 347 347 347 347 347 347 347 347 347 347 347
533 531 530 528 526 524 522 520 518 516 514 512 510 507 505 502 500 497 494 491 488 485 481 477 473 468 463 456 448 430 430 430 430 430 430 430 430 430 430 430 430 430 430 430 430 430 430 430 347 347 347 347 347 347 347 347 347 347 347 347 347 347 347 347 347 347 347 347 347 347 347 347 347 347 347 347 347 347 347 347 347 347 347 347 347 347 347 347 347 347 347 347 347 347
533 531 529 528 526 524 522 520 518 516 514 512 509 507 504 502 499 497 494 491 487 484 480 476 472 467 462 455 445 430 430 430 430 430 430 430 430 430 430 430 430 430 430 430 430 430 430 430 430 347 347 347 347 347 347 347 347 347 347 347 347 347 347 347 347 347 347 347 347 347 347 347 347 347 347 347 347 347 347 347 347 347 347 347 347 347 347 347 347 347 347 347 347 347
532 531 529 527 525 523 522 520 518 515 513 511 509 506 504 501 499 496 493 490 487 483 480 476 471 466 461 453 443 430 430 430 430 430 430 430 430 430 430 430 430 430 430 430 430 430 430 430 430 347 347 347 347 347 347 347 347 347 347 347 347 347 347 347 347 347 347 347 347 347 347 347 347 347 347 347 347 347 347 347 347 347 347 347 347 347 347 347 347 347 347 347 347 347
532 530 529 527 525 523 521 519 517 515 513 511 508 506 503 501 498 495 493 489 486 483 479 475 470 465 459 452 440 430 430 430 430 430 430 430 430 430 430 430 430 430 430 430 430 430 430 430 430 347 347 347 347 347 347 347 347 347 347 347 347 347 347 347 347 347 347 347 347 347 347 347 347 347 347 347 347 347 347 347 347 347 347 347 347 347 347 347 347 347 347 347 347 347
532 530 528 526 525 523 521 519 517 515 512 510 508 505 503 500 498 495 492 489 486 482 478 474 469 464 458 450 440 430 430 430 430 430 430 430 430 430 430 430 430 430 430 430 430 430 430 430 430 430 347 347 347 347 347 347 347 347 347 347 347 347 347 347 347 347 347 347 347 347 347 347 347 347 347 347 347 347 347 347 347 347 347 347 347 347 347 347 347 347 347 347 347 347
531 530 528 526 524 522 520 518 516 514 512 510 507 505 502 500 497 494 491 488 485 481 477 473 468 463 457 448 430 430 430 430 430 430 430 430 430 430 430 430 430 430 430 430 430 430 430 430 430 430 347 347 347 347 347 347 347 347 347 347 347 347 347 347 347 347 347 347 347 347 347 347 347 347 347 347 347 347 347 347 347 347 347 347 347 347 347 347 347 347 347 347 347 347
531 529 527 526 524 522 520 518 516 514 511 509 507 504 502 499 497 494 491 487 484 480 477 472 467 462 455 446 430 430 430 430 430 430 430 430 430 430 430 430 430 430 430 430 430 430 430 430 430 430 430 347 347 347 347 347 347 347 347 347 347 347 347 347 347 347 347 347 347 347 347 347 347 347 347 347 347 347 347 347 347 347 347 347 347 347 347 347 347 347 347 347 347 347
531 529 527 525 523 521 519 517 515 513 511 509 506 504 501 499 496 493 490 487 483 480 476 471 466 461 454 443 430 430 430 430 430 430 430 430 430 430 430 430 430 430 430 430 430 430 430 430 430 430 430 347 347 347 347 347 347 347 347 347 347 347 347 347 347 347 347 347 347 347 347 347 347 347 347 347 347 347 347 347 347 347 347 347 347 347 347 347 347 347 347 347 347 347
530 528 527 525 523 521 519 517 515 513 510 508 506 503 501 498 495 492 489 486 483 479 475 470 465 459 452 440 430 430 430 430 430 430 430 430 430 430 430 430 430 430 430 430 430 430 430 430 430 430 430 430 347 347 347 347 347 347 347 347 347 347 347 347 347 347 347 347 347 347 347 347 347 347 347 347 347 347 347 347 347 347 347 347 347 347 347 347 347 347 347 347 347 347
530 528 526 524 522 520 518 516 514 512 510 508 505 503 500 497 495 492 489 485 482 478 474 469 464 458 450 440 430 430 430 430 430 430 430 430 430 430 430 430 430 430 430 430 430 430 430 430 430 430 430 430 347 347 347 347 347 347 347 347 347 347 347 347 347 347 347 347 347 347 347 347 347 347 347 347 347 347 347 347 347 347 347 347 347 347 347 347 347 347 347 347 347 347
