testData/tiles/oneDegree/grid9.0-34.0-10.0-35.0.asc
ncols   200
nrows   200
xllcorner   9.0
yllcorner   34.0
cellsize   0.005
NODATA_value   -9999.0
[rows 126 to 167 of 200, columns 0 to 93 of 200]
617 617 616 615 615 616 615 615 615 616 617 617 618 618 618 619 620 620 620 621 621 621 623 623 623 624 624 624 624 625 626 626 626 627 627 627 627 603 603 603 537 538 538 538 538 539 539 539 539 539 540 540 540 540 540 541 541 542 542 542 543 543 543 543 543 543 544 544 544 544 544 544 545 545 545 545 545 545 544 545 545 545 545 545 545 545 546 546 546 546 546 546 546 546
616 615 616 615 616 615 614 615 615 616 617 617 617 618 618 619 620 620 620 621 621 621 623 623 623 623 624 624 624 624 626 626 626 627 627 627 602 603 536 537 537 537 538 538 538 538 539 539 539 539 539 540 540 540 540 540 542 542 542 542 542 543 543 543 543 543 543 544 544 544 544 544 544 545 545 545 545 545 545 544 545 545 545 545 545 545 545 546 546 546 546 546 546 546
616 615 615 614 615 615 614 614 615 616 617 617 617 618 618 619 620 620 620 620 621 621 622 623 623 623 624 624 624 625 626 626 626 626 627 627 535 535 536 537 537 537 538 538 538 538 538 539 539 539 539 540 540 540 541 541 542 542 542 542 542 542 543 543 543 543 543 544 544 544 544 544 544 544 545 545 545 545 545 545 546 545 545 545 545 545 545 545 546 546 546 546 546 546
615 614 614 614 614 614 614 614 615 616 616 617 617 617 618 619 619 620 620 620 621 622 622 623 623 623 623 624 624 625 625 626 626 626 627 535 535 535 537 537 537 537 537 538 538 538 538 539 539 539 539 539 540 541 541 541 541 542 542 542 542 542 543 543 543 543 543 543 544 544 544 544 544 544 545 545 545 545 545 545 545 546 545 545 545 545 545 545 545 546 546 546 546 546
614 614 613 613 614 613 614 614 615 616 616 617 617 617 619 619 619 620 620 620 620 622 622 622 623 623 623 624 625 625 625 626 626 559 559 535 535 535 536 537 537 537 537 538 538 538 538 538 539 539 539 539 540 541 541 541 541 541 542 542 542 542 542 543 543 543 543 543 543 544 544 544 544 544 544 545 545 545 545 545 545 545 546 545 545 545 545 545 545 545 546 546 546 546
613 613 613 613 613 613 614 614 615 616 616 616 617 617 618 619 619 619 620 620 620 622 622 622 623 623 623 623 625 625 625 625 559 559 559 534 535 536 536 536 537 537 537 537 538 538 538 538 539 539 539 540 540 541 541 541 541 541 542 542 542 542 542 542 543 543 543 543 543 543 544 544 544 544 544 544 545 545 545 545 545 545 545 546 545 545 545 545 545 545 545 546 546 546
613 613 612 612 613 613 613 614 615 616 616 616 617 617 618 619 619 619 620 620 621 621 622 622 622 623 623 623 624 625 558 558 559 559 534 534 535 536 536 536 537 537 537 537 538 538 538 538 538 539 540 540 540 540 541 541 541 541 541 542 542 542 542 542 543 543 543 543 543 543 544 544 544 544 544 544 544 545 545 545 545 545 545 545 546 545 545 545 545 545 545 545 546 546
612 611 612 612 613 613 613 614 615 615 616 616 616 617 618 618 619 619 619 620 621 621 622 622 622 622 623 624 624 558 558 558 558 559 534 534 535 536 536 536 536 537 537 537 537 538 538 538 538 538 540 540 540 540 540 541 541 541 541 541 542 542 542 542 542 543 543 543 543 543 543 544 544 544 544 544 544 544 545 545 545 545 545 545 545 545 545 545 545 545 545 545 545 546
612 611 611 612 612 613 613 613 615 615 616 616 616 618 618 618 619 619 619 620 621 621 621 622 622 622 623 557 557 557 558 558 558 534 534 534 535 536 536 536 536 537 537 537 537 537 538 538 538 539 540 540 540 540 540 541 541 541 541 541 542 542 542 542 542 542 543 543 543 543 543 543 544 544 544 544 544 544 544 545 545 545 545 545 545 545 545 545 545 545 545 545 545 545
611 610 611 612 612 613 613 613 615 615 615 616 616 617 618 618 618 619 619 620 621 621 621 622 622 555 555 557 557 557 558 558 558 533 534 534 535 535 536 536 536 536 537 537 537 537 538 538 539 539 539 540 540 540 540 540 541 541 541 541 541 542 542 542 542 542 542 543 543 543 543 543 543 544 544 544 544 544 544 544 545 545 545 545 545 545 545 545 545 545 545 545 545 545
610 610 611 612 612 612 613 614 614 615 615 616 616 617 618 618 618 619 619 620 621 621 621 621 555 555 556 557 557 557 557 558 533 533 534 535 535 535 536 536 536 536 536 537 537 537 537 538 539 539 539 539 540 540 540 540 540 541 541 541 541 541 542 542 542 542 542 542 543 543 543 543 543 543 544 544 544 544 544 544 545 545 545 545 545 545 545 544 545 545 545 545 545 545
609 610 611 611 612 612 613 614 614 615 615 615 616 617 617 618 618 618 619 620 620 621 554 554 555 555 556 556 557 557 557 558 533 533 533 535 535 535 535 536 536 536 536 537 537 537 537 538 539 539 539 539 540 540 540 540 540 541 541 541 541 541 541 542 542 542 542 542 543 543 543 543 543 543 543 544 544 544 544 544 544 545 545 545 545 545 545 545 544 545 545 545 545 545
609 609 611 611 612 612 612 614 614 614 615 615 616 617 617 618 618 618 619 620 553 554 554 554 554 555 556 556 557 557 557 532 533 533 534 534 535 535 535 535 536 536 536 536 537 537 537 538 539 539 539 539 539 540 540 540 540 540 541 541 541 541 541 542 542 542 542 542 542 543 543 543 543 543 543 544 544 544 544 544 544 544 545 545 545 545 545 545 544 544 545 545 545 545
609 609 611 611 611 612 612 614 614 614 615 615 616 617 617 617 618 618 618 553 553 553 554 554 554 555 556 556 556 557 557 532 533 533 534 534 535 535 535 535 536 536 536 536 536 537 538 538 538 539 539 539 539 539 540 540 540 540 540 541 541 541 541 541 542 542 542 542 542 542 543 543 543 543 543 543 544 544 544 544 544 544 544 545 545 545 545 545 545 544 544 545 545 545
609 609 610 611 611 612 612 613 614 614 614 615 616 617 617 617 618 551 552 553 553 553 553 554 554 555 556 556 556 557 532 532 532 533 534 534 534 535 535 535 535 536 536 536 536 537 538 538 538 538 539 539 539 539 540 540 540 540 540 540 541 541 541 541 541 542 542 542 542 542 542 543 543 543 543 543 543 544 544 544 544 544 544 544 545 545 545 545 545 544 544 544 545 545
608 610 610 611 611 611 612 613 614 614 614 615 616 616 617 550 550 551 552 552 553 553 553 554 554 555 556 556 556 556 532 532 532 532 534 534 534 534 535 535 535 535 536 536 536 537 538 538 538 538 539 539 539 539 539 540 540 540 540 540 541 541 541 541 541 541 542 542 542 542 542 542 543 543 543 543 543 543 544 544 544 544 544 544 544 545 545 545 545 545 544 544 544 545
608 610 610 610 611 611 613 613 613 614 614 614 616 549 550 550 550 551 552 552 553 553 553 553 554 555 555 556 556 531 531 532 532 533 534 534 534 534 535 535 535 535 536 536 536 537 537 538 538 538 538 539 539 539 539 539 540 540 540 540 540 541 541 541 541 541 541 542 542 542 542 542 542 543 543 543 543 543 543 544 544 544 544 544 544 544 545 545 545 545 544 544 544 544
608 609 610 610 611 611 612 613 613 614 614 614 549 549 549 550 550 550 552 552 552 553 553 553 554 555 555 555 556 531 531 532 532 533 533 534 534 534 534 535 535 535 535 536 537 537 537 538 538 538 538 538 539 539 539 539 539 540 540 540 540 540 541 541 541 541 541 542 542 542 542 542 542 542 543 543 543 543 543 543 544 544 544 544 544 544 544 545 545 545 545 544 544 544
608 609 610 610 610 611 612 613 613 613 547 547 548 549 549 550 550 550 552 552 552 552 553 553 553 555 555 555 531 531 531 531 532 533 533 533 534 534 534 535 535 535 535 535 537 537 537 537 538 538 538 538 538 539 539 539 539 540 540 540 540 540 540 541 541 541 541 541 542 542 542 542 542 542 543 543 543 543 543 543 543 544 544 544 544 544 544 544 544 545 545 544 544 544
608 609 609 610 610 611 612 612 546 546 547 548 548 549 549 549 550 551 551 552 552 552 553 553 554 555 555 530 530 531 531 531 532 533 533 533 534 534 534 534 535 535 535 535 537 537 537 537 537 538 538 538 538 539 539 539 539 539 540 540 540 540 540 540 541 541 541 541 541 542 542 542 542 542 542 543 543 543 543 543 543 543 544 544 544 544 544 544 544 544 545 544 544 544
607 609 609 610 610 610 545 545 546 546 546 548 548 548 549 549 549 551 551 551 552 552 552 553 554 554 555 530 530 531 531 531 531 533 533 533 533 534 534 534 534 535 535 535 536 537 537 537 537 538 538 538 538 538 539 539 539 539 539 540 540 540 540 540 541 541 541 541 541 541 542 542 542 542 542 542 543 543 543 543 543 543 543 544 544 544 544 544 544 544 544 544 544 544
607 609 609 609 543 543 545 545 545 546 546 548 548 548 549 549 549 551 551 551 552 552 552 553 554 554 529 530 530 530 531 531 532 532 533 533 533 534 534 534 534 535 535 536 536 536 537 537 537 537 538 538 538 538 538 539 539 539 539 539 540 540 540 540 540 541 541 541 541 541 541 542 542 542 542 542 542 543 543 543 543 543 543 543 544 544 544 544 544 544 544 544 544 544
607 608 542 542 543 543 544 545 545 546 546 547 548 548 548 549 549 550 551 551 551 552 552 552 554 554 529 530 530 530 530 531 532 532 533 533 533 533 534 534 534 534 535 536 536 536 537 537 537 537 537 538 538 538 538 538 539 539 539 539 539 540 540 540 540 540 541 541 541 541 541 541 542 542 542 542 542 542 543 543 543 543 543 543 543 544 544 544 544 544 544 544 543 544
607 541 542 542 542 543 544 545 545 545 546 547 547 548 548 549 549 550 551 551 551 552 552 552 553 529 529 529 530 530 530 531 532 532 532 533 533 533 533 534 534 534 534 536 536 536 536 537 537 537 537 537 538 538 538 538 539 539 539 539 539 540 540 540 540 540 540 541 541 541 541 541 541 542 542 542 542 542 542 543 543 543 543 543 543 543 544 544 544 544 544 544 543 543
539 541 541 542 542 543 544 544 545 545 546 547 547 548 548 548 549 550 550 551 551 551 552 552 528 529 529 529 530 530 530 530 532 532 532 532 533 533 533 534 534 534 534 535 536 536 536 536 537 537 537 537 538 538 538 538 538 539 539 539 539 539 540 540 540 540 540 540 541 541 541 541 541 541 542 542 542 542 542 542 543 543 543 543 543 543 543 543 544 544 544 544 543 543
539 541 541 542 542 543 544 544 545 545 545 547 547 547 548 548 549 550 550 551 551 551 551 527 528 528 529 529 529 530 530 530 531 532 532 532 533 533 533 533 534 534 535 535 536 536 536 536 536 537 537 537 537 538 538 538 538 538 539 539 539 539 539 540 540 540 540 540 540 541 541 541 541 541 541 542 542 542 542 542 542 543 543 543 543 543 543 543 543 544 544 544 544 543
540 540 541 541 542 543 544 544 544 545 545 546 547 547 548 548 548 550 550 550 551 551 551 527 528 528 529 529 529 529 530 530 531 532 532 532 532 533 533 533 533 534 535 535 535 536 536 536 536 537 537 537 537 537 538 538 538 538 538 539 539 539 539 539 540 540 540 540 540 540 541 541 541 541 541 541 542 542 542 542 542 542 543 543 543 543 543 543 543 543 544 544 544 543
540 540 541 541 542 543 543 544 544 545 545 546 547 547 547 548 548 549 550 550 550 551 526 526 528 528 528 529 529 529 530 530 531 531 532 532 532 532 533 533 533 533 535 535 535 535 536 536 536 536 537 537 537 537 537 538 538 538 538 538 539 539 539 539 539 540 540 540 540 540 540 541 541 541 541 541 541 542 542 542 542 542 542 542 543 543 543 543 543 543 543 544 544 543
540 540 540 541 541 543 543 544 544 544 545 546 546 547 547 548 548 549 550 550 550 526 526 527 528 528 528 528 529 529 529 530 531 531 531 532 532 532 533 533 533 533 535 535 535 535 536 536 536 536 536 537 537 537 537 537 538 538 538 538 539 539 539 539 539 539 540 540 540 540 540 540 541 541 541 541 541 541 542 542 542 542 542 542 542 543 543 543 543 543 543 543 544 543
539 540 540 541 541 542 543 543 544 544 544 546 546 547 547 547 548 549 549 550 525 525 526 527 527 528 528 528 529 529 529 529 531 531 531 532 532 532 532 533 533 533 534 535 535 535 535 536 536 536 536 536 537 537 537 537 538 538 538 538 538 539 539 539 539 539 539 540 540 540 540 540 541 541 541 541 541 541 541 542 542 542 542 542 542 542 543 543 543 543 543 543 543 542
539 540 540 540 541 542 543 543 543 544 544 546 546 546 547 547 547 549 549 550 525 525 526 527 527 527 528 528 528 529 529 530 531 531 531 531 532 532 532 532 533 533 534 534 535 535 535 535 536 536 536 536 537 537 537 537 537 538 538 538 538 538 539 539 539 539 539 539 540 540 540 540 540 541 541 541 541 541 541 541 542 542 542 542 542 542 542 543 543 543 543 543 543 542
539 539 540 540 541 542 542 543 543 544 544 545 546 546 547 547 547 549 549 524 525 525 525 527 527 527 528 528 528 528 529 530 530 531 531 531 531 532 532 532 532 533 534 534 534 535 535 535 535 536 536 536 536 537 537 537 537 537 538 538 538 538 538 539 539 539 539 539 539 540 540 540 540 540 541 541 541 541 541 541 541 542 542 542 542 542 542 542 543 543 543 543 543 542
539 539 539 540 540 542 542 543 543 543 544 545 546 546 546 547 547 548 524 524 524 525 525 526 527 527 527 528 528 528 529 530 530 530 531 531 531 532 532 532 532 533 534 534 534 535 535 535 535 535 536 536 536 536 537 537 537 537 537 538 538 538 538 538 539 539 539 540 539 539 540 540 540 540 540 540 541 541 541 541 541 541 542 542 542 542 542 542 542 543 543 543 543 542
628 629 629 630 630 632 632 632 633 633 544 545 545 546 546 546 547 523 524 524 524 525 525 526 527 527 527 527 528 528 528 530 530 530 531 531 531 531 532 532 532 532 534 534 534 534 535 535 535 535 536 536 536 536 536 537 537 537 537 537 538 538 538 538 538 539 539 539 539 539 539 540 540 540 540 540 540 541 541 541 541 541 541 542 542 542 542 542 542 542 542 543 543 542
628 629 629 629 630 631 632 632 633 633 633 635 635 635 636 636 522 523 523 524 524 524 525 526 526 527 527 527 528 528 528 529 530 530 530 531 531 531 531 532 532 532 533 534 534 534 534 535 535 535 535 536 536 536 536 536 537 537 537 537 537 538 538 538 538 538 539 539 539 539 539 539 540 540 540 540 540 540 541 541 541 541 541 541 542 542 542 542 542 542 542 542 543 542
628 628 629 629 630 631 631 632 632 633 633 634 635 635 636 611 611 613 613 613 614 524 524 526 526 526 527 527 527 528 528 528 530 530 530 530 531 531 531 531 532 532 533 534 534 534 534 534 535 535 535 535 536 536 536 536 536 537 537 537 537 537 538 538 538 538 538 539 539 539 539 539 539 540 540 540 540 540 540 541 541 541 541 541 541 541 542 542 542 542 542 542 542 542
628 628 628 629 629 631 631 632 632 632 633 634 635 635 610 611 611 613 613 613 614 614 614 616 616 526 527 527 527 527 528 528 529 530 530 530 530 531 531 531 532 532 533 533 534 534 534 534 535 535 535 535 535 536 536 536 536 537 537 537 537 537 538 538 538 538 538 538 539 539 539 539 539 539 540 540 540 540 540 540 541 541 541 541 541 541 541 542 542 542 542 542 542 541
627 628 628 629 629 631 631 631 632 632 633 634 634 610 610 611 611 612 613 613 613 614 614 614 616 616 616 617 617 527 528 528 529 529 530 530 530 531 531 531 531 532 533 533 533 534 534 534 534 535 535 535 535 535 536 536 536 536 537 537 537 537 537 538 538 538 538 538 538 539 539 539 539 539 539 540 540 540 540 540 540 541 541 541 541 541 541 541 542 542 542 542 542 541
627 627 628 628 629 630 631 631 632 632 632 634 609 610 610 610 611 612 612 613 613 613 614 614 615 616 616 616 617 617 617 618 529 529 530 530 530 530 531 531 531 531 533 533 533 533 534 534 534 534 535 535 535 535 535 536 536 536 536 537 537 537 537 537 538 538 538 538 538 538 539 539 539 539 539 539 540 540 540 540 540 540 541 541 541 541 541 541 541 542 542 542 542 541
626 627 628 628 629 630 630 631 631 632 632 609 609 609 610 610 610 612 612 613 613 613 614 614 615 616 616 616 617 617 617 617 619 619 619 530 530 530 530 531 531 531 532 533 533 533 533 534 534 534 534 535 535 535 535 536 536 536 536 536 537 537 537 537 537 538 538 538 538 538 538 539 539 539 539 539 539 540 540 540 540 540 540 541 541 541 541 541 541 541 541 542 542 541
625 627 627 628 628 629 630 631 631 631 607 608 609 609 609 610 610 612 612 612 613 613 613 614 615 615 616 616 616 617 617 617 619 619 619 619 620 620 530 530 531 531 531 533 533 533 533 534 534 534 534 534 535 535 535 535 536 536 536 536 536 537 537 537 537 537 538 538 538 538 538 538 539 539 539 539 539 539 540 540 540 540 540 540 540 541 541 541 541 541 541 541 541 541
625 627 627 628 628 628 630 630 631 606 607 608 608 609 609 610 610 611 612 612 612 613 613 613 615 615 615 616 616 616 617 617 618 619 619 619 619 620 620 620 531 531 531 532 533 533 533 533 534 534 534 534 534 535 535 535 535 536 536 536 536 536 537 537 537 537 537 538 538 538 538 538 538 539 539 539 539 539 539 540 540 540 540 540 540 540 541 541 541 541 541 541 540 541
