testData/tiles/oneDegree/grid40.0-21.0-41.0-22.0.asc
ncols   200
nrows   200
xllcorner   40.0
yllcorner   21.0
cellsize   0.005
NODATA_value   -9999.0
[rows 0 to 41 of 200, columns 0 to 93 of 200]
706 706 706 705 705 705 705 705 705 705 705 705 705 704 704 704 704 704 704 704 704 704 704 703 703 703 703 703 703 703 703 703 703 702 702 702 702 702 702 702 702 701 701 701 701 701 701 701 701 701 700 700 700 700 700 700 700 700 699 699 699 699 699 699 699 699 698 698 698 698 698 698 698 698 697 697 697 697 697 697 697 697 696 696 696 696 696 696 696 695 695 695 695 695
705 705 705 705 705 705 705 705 705 705 705 704 704 704 704 704 704 704 704 704 704 703 703 703 703 703 703 703 703 703 703 702 702 702 702 702 702 702 702 702 701 701 701 701 701 701 701 701 700 700 700 700 700 700 700 700 700 699 699 699 699 699 699 699 699 698 698 698 698 698 698 698 697 697 697 697 697 697 697 697 696 696 696 696 696 696 696 695 695 695 695 695 695 695
705 705 705 705 705 705 705 705 705 704 704 704 704 704 704 704 704 704 704 703 703 703 703 703 703 703 703 703 703 702 702 702 702 702 702 702 702 702 701 701 701 701 701 701 701 701 700 700 700 700 700 700 700 700 700 699 699 699 699 699 699 699 699 698 698 698 698 698 698 698 698 697 697 697 697 697 697 697 697 696 696 696 696 696 696 696 695 695 695 695 695 695 695 694
705 705 705 705 705 705 704 704 704 704 704 704 704 704 704 704 704 703 703 703 703 703 703 703 703 703 702 702 702 702 702 702 702 702 702 702 701 701 701 701 701 701 701 701 701 700 700 700 700 700 700 700 700 699 699 699 699 699 699 699 699 698 698 698 698 698 698 698 698 697 697 697 697 697 697 697 697 696 696 696 696 696 696 696 695 695 695 695 695 695 695 695 694 694
705 705 705 705 704 704 704 704 704 704 704 704 704 704 703 703 703 703 703 703 703 703 703 703 702 702 702 702 702 702 702 702 702 702 701 701 701 701 701 701 701 701 701 700 700 700 700 700 700 700 700 699 699 699 699 699 699 699 699 699 698 698 698 698 698 698 698 698 697 697 697 697 697 697 697 696 696 696 696 696 696 696 696 695 695 695 695 695 695 695 694 694 694 694
497 704 704 704 704 704 704 704 704 704 704 704 703 703 703 703 703 703 703 703 703 703 702 702 702 702 702 702 702 702 702 702 701 701 701 701 701 701 701 701 701 700 700 700 700 700 700 700 700 700 699 699 699 699 699 699 699 699 698 698 698 698 698 698 698 698 697 697 697 697 697 697 697 697 696 696 696 696 696 696 696 695 695 695 695 695 695 695 695 694 694 694 694 694
496 496 704 704 704 704 704 704 704 704 703 703 703 703 703 703 703 703 703 703 702 702 702 702 702 702 702 702 702 702 701 701 701 701 701 701 701 701 701 700 700 700 700 700 700 700 700 700 699 699 699 699 699 699 699 699 698 698 698 698 698 698 698 698 697 697 697 697 697 697 697 697 696 696 696 696 696 696 696 696 695 695 695 695 695 695 695 694 694 694 694 694 694 694
496 496 704 704 704 704 704 703 703 703 703 703 703 703 703 703 703 703 702 702 702 702 702 702 702 702 702 702 701 701 701 701 701 701 701 701 701 700 700 700 700 700 700 700 700 700 699 699 699 699 699 699 699 699 699 698 698 698 698 698 698 698 698 697 697 697 697 697 697 697 697 696 696 696 696 696 696 696 695 695 695 695 695 695 695 695 694 694 694 694 694 694 694 693
496 496 496 704 704 703 703 703 703 703 703 703 703 703 703 703 702 702 702 702 702 702 702 702 702 702 701 701 701 701 701 701 701 701 701 700 700 700 700 700 700 700 700 700 699 699 699 699 699 699 699 699 699 698 698 698 698 698 698 698 698 697 697 697 697 697 697 697 697 696 696 696 696 696 696 696 696 695 695 695 695 695 695 695 694 694 694 694 694 694 694 694 693 693
496 496 495 495 703 703 703 703 703 703 703 703 703 702 702 702 702 702 702 702 702 702 702 701 701 701 701 701 701 701 701 701 701 700 700 700 700 700 700 700 700 700 699 699 699 699 699 699 699 699 699 698 698 698 698 698 698 698 698 697 697 697 697 697 697 697 697 696 696 696 696 696 696 696 696 695 695 695 695 695 695 695 695 694 694 694 694 694 694 694 693 693 693 693
495 495 495 495 703 703 703 703 703 703 703 702 702 702 702 702 702 702 702 702 702 701 701 701 701 701 701 701 701 701 701 700 700 700 700 700 700 700 700 700 699 699 699 699 699 699 699 699 699 698 698 698 698 698 698 698 698 698 697 697 697 697 697 697 697 697 696 696 696 696 696 696 696 696 695 695 695 695 695 695 695 694 694 694 694 694 694 694 694 693 693 693 693 693
495 495 495 495 495 703 703 703 702 702 702 702 702 702 702 702 702 702 702 701 701 701 701 701 701 701 701 701 701 700 700 700 700 700 700 700 700 700 699 699 699 699 699 699 699 699 699 698 698 698 698 698 698 698 698 698 697 697 697 697 697 697 697 697 696 696 696 696 696 696 696 696 695 695 695 695 695 695 695 695 694 694 694 694 694 694 694 693 693 693 693 693 693 693
495 495 495 495 495 495 702 702 702 702 702 702 702 702 702 702 702 701 701 701 701 701 701 701 701 701 701 700 700 700 700 700 700 700 700 700 699 699 699 699 699 699 699 699 699 698 698 698 698 698 698 698 698 698 697 697 697 697 697 697 697 697 696 696 696 696 696 696 696 696 696 695 695 695 695 695 695 695 694 694 694 694 694 694 694 694 693 693 693 693 693 693 693 692
586 586 586 585 585 494 494 702 702 702 702 702 702 702 701 701 701 701 701 701 701 701 701 701 701 700 700 700 700 700 700 700 700 700 699 699 699 699 699 699 699 699 699 699 698 698 698 698 698 698 698 698 697 697 697 697 697 697 697 697 697 696 696 696 696 696 696 696 696 695 695 695 695 695 695 695 695 694 694 694 694 694 694 694 693 693 693 693 693 693 693 693 692 692
586 585 585 585 585 585 585 793 793 793 702 702 701 701 701 701 701 701 701 701 701 701 700 700 700 700 700 700 700 700 700 700 699 699 699 699 699 699 699 699 699 699 698 698 698 698 698 698 698 698 697 697 697 697 697 697 697 697 697 696 696 696 696 696 696 696 696 695 695 695 695 695 695 695 695 694 694 694 694 694 694 694 694 693 693 693 693 693 693 693 692 692 692 692
585 585 585 585 585 585 585 585 793 793 792 792 792 792 701 701 701 701 701 701 700 700 700 700 700 700 700 700 700 700 699 699 699 699 699 699 699 699 699 699 698 698 698 698 698 698 698 698 698 697 697 697 697 697 697 697 697 696 696 696 696 696 696 696 696 696 695 695 695 695 695 695 695 695 694 694 694 694 694 694 694 693 693 693 693 693 693 693 693 692 692 692 692 692
585 585 585 585 585 585 585 584 584 792 792 792 792 792 792 792 792 792 791 700 700 700 700 700 700 700 700 700 699 699 699 699 699 699 699 699 699 699 698 698 698 698 698 698 698 698 698 697 697 697 697 697 697 697 697 696 696 696 696 696 696 696 696 696 695 695 695 695 695 695 695 695 694 694 694 694 694 694 694 694 693 693 693 693 693 693 693 692 692 692 692 692 692 692
585 585 585 585 585 584 584 584 584 584 792 792 792 792 792 792 791 791 791 791 791 791 791 700 700 700 699 699 699 699 699 699 699 699 699 699 698 698 698 698 698 698 698 698 698 697 697 697 697 697 697 697 697 697 696 696 696 696 696 696 696 696 695 695 695 695 695 695 695 695 694 694 694 694 694 694 694 694 693 693 693 693 693 693 693 693 692 692 692 692 692 692 692 691
585 585 584 584 584 584 584 584 584 584 792 792 792 791 791 791 791 791 791 791 791 791 791 791 790 790 790 699 699 699 699 699 699 699 698 698 698 698 698 698 698 698 698 697 697 697 697 697 697 697 697 697 696 696 696 696 696 696 696 696 695 695 695 695 695 695 695 695 695 694 694 694 694 694 694 694 694 693 693 693 693 693 693 693 692 692 692 692 692 692 692 692 691 691
584 584 584 584 584 584 584 584 584 584 584 791 791 791 791 791 791 791 791 791 791 790 790 790 790 790 790 790 790 790 790 698 698 698 698 698 698 698 698 698 698 697 697 697 697 697 697 697 697 697 696 696 696 696 696 696 696 696 696 695 695 695 695 695 695 695 695 694 694 694 694 694 694 694 694 693 693 693 693 693 693 693 693 692 692 692 692 692 692 692 691 691 691 691
585 585 585 585 584 584 584 584 583 583 583 583 791 791 791 791 791 791 791 790 790 790 790 790 790 790 790 790 790 789 789 789 789 789 789 698 698 698 698 697 697 697 697 697 697 697 697 697 696 696 696 696 696 696 696 696 696 695 695 695 695 695 695 695 695 694 694 694 694 694 694 694 694 693 693 693 693 693 693 693 693 692 692 692 692 692 692 692 692 691 691 691 691 691
586 586 585 585 585 585 584 584 583 583 583 583 583 791 791 791 791 790 790 790 790 790 790 790 790 790 790 789 789 789 789 789 789 789 789 789 789 788 697 697 697 697 697 697 697 697 696 696 696 696 696 696 696 696 696 695 695 695 695 695 695 695 695 694 694 694 694 694 694 694 694 694 693 693 693 693 693 693 693 693 692 692 692 692 692 692 692 691 691 691 691 691 691 691
586 586 586 585 585 584 584 584 584 584 584 583 583 791 790 790 790 790 790 790 790 790 790 790 790 789 789 789 789 789 789 789 789 789 789 788 788 788 788 788 788 788 697 697 696 696 696 696 696 696 696 696 696 695 695 695 695 695 695 695 695 695 694 694 694 694 694 694 694 694 693 693 693 693 693 693 693 693 692 692 692 692 692 692 692 692 691 691 691 691 691 691 691 690
586 586 586 585 585 585 585 585 585 584 584 584 583 583 790 790 790 790 790 790 790 790 790 789 789 789 789 789 789 789 789 789 789 788 788 788 788 788 788 788 788 788 787 787 787 696 696 696 696 696 696 695 695 695 695 695 695 695 695 695 694 694 694 694 694 694 694 694 693 693 693 693 693 693 693 693 692 692 692 692 692 692 692 692 691 691 691 691 691 691 691 691 690 690
586 586 586 586 586 586 585 585 585 584 584 584 583 583 583 791 791 791 790 790 789 789 789 789 789 789 789 789 789 789 789 788 788 788 788 788 788 788 788 788 787 787 787 787 787 787 787 787 787 695 695 695 695 695 695 695 695 695 694 694 694 694 694 694 694 694 694 693 693 693 693 693 693 693 693 692 692 692 692 692 692 692 692 691 691 691 691 691 691 691 690 690 690 690
587 587 587 587 586 586 586 585 585 585 584 584 584 584 584 583 791 791 790 790 790 789 789 789 789 789 789 789 788 788 788 788 788 788 788 788 788 788 787 787 787 787 787 787 787 787 787 786 786 786 786 786 695 695 695 695 694 694 694 694 694 694 694 694 694 693 693 693 693 693 693 693 693 692 692 692 692 692 692 692 692 691 691 691 691 691 691 691 691 690 690 690 690 690
588 587 587 587 586 586 586 585 585 585 585 585 585 584 584 584 791 791 791 790 790 790 790 790 789 789 788 788 788 788 788 788 788 788 788 788 787 787 787 787 787 787 787 787 787 786 786 786 786 786 786 786 786 786 785 694 694 694 694 694 694 694 694 693 693 693 693 693 693 693 693 692 692 692 692 692 692 692 692 691 691 691 691 691 691 691 691 690 690 690 690 690 690 690
588 588 587 587 587 586 586 586 586 586 586 585 585 584 584 584 583 791 791 791 791 791 790 790 789 789 789 788 788 788 788 788 788 788 787 787 787 787 787 787 787 787 787 786 786 786 786 786 786 786 786 786 785 785 785 785 785 785 694 694 694 693 693 693 693 693 693 693 693 693 692 692 692 692 692 692 692 692 691 691 691 691 691 691 691 691 690 690 690 690 690 690 690 689
588 588 588 587 587 587 587 587 586 586 586 585 585 585 584 584 584 584 792 791 791 791 790 790 790 789 789 789 789 789 788 788 787 787 787 787 787 787 787 787 787 786 786 786 786 786 786 786 786 786 786 785 785 785 785 785 785 785 785 784 784 693 693 693 693 693 693 693 692 692 692 692 692 692 692 692 691 691 691 691 691 691 691 691 690 690 690 690 690 690 690 690 689 689
588 588 588 588 588 588 587 587 586 586 586 586 585 585 585 585 585 584 584 791 791 791 791 790 790 790 790 790 789 789 788 788 787 787 787 787 787 787 787 786 786 786 786 786 786 786 786 786 786 785 785 785 785 785 785 785 785 785 784 784 784 784 784 784 693 693 692 692 692 692 692 692 692 692 691 691 691 691 691 691 691 691 690 690 690 690 690 690 690 690 689 689 689 689
589 589 589 589 588 587 587 587 587 586 586 586 586 586 586 585 585 584 584 584 791 791 791 791 791 790 790 789 789 789 788 788 788 788 788 787 787 786 786 786 786 786 786 786 786 786 786 785 785 785 785 785 785 785 785 785 784 784 784 784 784 784 784 784 783 783 783 692 692 692 692 692 692 691 691 691 691 691 691 691 691 690 690 690 690 690 690 690 690 689 689 689 689 689
590 589 589 588 588 588 588 587 587 587 587 587 587 586 585 585 585 585 584 584 792 792 792 791 791 790 790 790 789 789 789 789 789 788 788 787 787 787 786 786 786 786 786 786 786 785 785 785 785 785 785 785 785 785 784 784 784 784 784 784 784 784 784 783 783 783 783 783 783 783 692 691 691 691 691 691 691 691 691 690 690 690 690 690 690 690 690 689 689 689 689 689 689 689
589 589 589 589 589 588 588 588 588 588 587 587 586 586 586 586 585 585 585 585 585 792 792 791 791 791 790 790 790 790 790 789 789 788 788 788 787 787 787 787 787 786 786 785 785 785 785 785 785 785 785 785 784 784 784 784 784 784 784 784 784 783 783 783 783 783 783 783 783 782 782 782 782 691 691 691 691 690 690 690 690 690 690 690 690 689 689 689 689 689 689 689 689 688
590 590 589 589 589 589 589 589 588 587 587 587 587 587 586 586 586 586 586 585 584 584 792 792 791 791 791 791 791 790 790 789 789 789 788 788 788 788 788 787 787 786 786 785 785 785 785 785 785 785 784 784 784 784 784 784 784 784 784 783 783 783 783 783 783 783 783 782 782 782 782 782 782 782 782 782 690 690 690 690 690 690 690 690 689 689 689 689 689 689 689 689 688 688
590 590 590 590 590 590 589 588 588 588 588 587 587 587 587 587 587 586 585 585 585 585 584 792 792 792 792 791 791 790 790 790 789 789 789 789 789 788 787 787 787 786 786 786 786 786 785 785 784 784 784 784 784 784 784 784 784 783 783 783 783 783 783 783 783 783 782 782 782 782 782 782 782 782 781 781 781 781 690 690 690 690 689 689 689 689 689 689 689 689 688 688 688 688
591 591 591 590 589 589 589 589 589 588 588 588 588 588 588 586 586 586 586 586 585 585 585 585 793 792 791 791 791 791 790 790 790 790 790 789 788 788 788 787 787 787 787 787 786 786 785 785 784 784 784 784 784 784 784 783 783 783 783 783 783 783 783 783 782 782 782 782 782 782 782 782 781 781 781 781 781 781 781 781 781 689 689 689 689 689 689 689 688 688 688 688 688 688
592 590 590 590 590 590 590 589 589 589 589 589 588 587 587 587 587 587 586 586 586 586 586 585 584 792 792 792 791 791 791 791 791 790 789 789 789 788 788 788 788 788 787 787 786 786 785 785 785 785 785 784 784 783 783 783 783 783 783 783 783 783 782 782 782 782 782 782 782 782 782 781 781 781 781 781 781 781 781 780 780 780 780 689 689 689 689 688 688 688 688 688 688 688
591 591 591 591 590 590 590 590 590 590 588 588 588 588 588 588 587 587 587 587 587 586 585 585 585 793 792 792 792 792 792 791 790 790 790 789 789 789 789 789 788 788 787 787 786 786 786 786 786 785 785 784 784 783 783 783 783 783 783 783 782 782 782 782 782 782 782 782 782 781 781 781 781 781 781 781 781 780 780 780 780 780 780 780 780 779 688 688 688 688 688 688 688 687
592 592 591 591 591 591 591 591 589 589 589 589 589 588 588 588 588 588 588 586 586 586 586 586 585 585 793 793 793 792 791 791 791 790 790 790 790 790 789 789 788 788 787 787 787 787 787 786 786 785 785 784 784 784 784 783 783 783 782 782 782 782 782 782 782 782 782 781 781 781 781 781 781 781 781 780 780 780 780 780 780 780 780 780 779 779 779 779 688 688 688 687 687 687
592 592 592 592 592 591 590 590 590 590 590 589 589 589 589 589 589 587 587 587 587 587 586 586 586 586 586 792 792 792 792 791 791 791 791 791 790 790 789 789 789 788 788 788 788 787 787 786 786 785 785 785 785 784 784 784 783 783 782 782 782 782 782 782 782 781 781 781 781 781 781 781 781 781 780 780 780 780 780 780 780 780 779 779 779 779 779 779 779 779 778 687 687 687
593 593 592 591 591 591 591 591 591 590 590 590 590 590 588 588 588 588 588 588 587 587 587 587 587 585 585 585 793 792 792 792 792 792 791 790 790 790 790 789 789 789 789 788 788 787 787 786 786 786 786 786 785 785 784 784 783 783 783 783 782 782 782 781 781 781 781 781 781 781 781 781 780 780 780 780 780 780 780 780 779 779 779 779 779 779 779 779 778 778 778 778 778 687
593 592 592 592 592 592 592 591 591 591 591 590 589 589 589 589 589 588 588 588 588 588 587 586 586 586 586 585 585 793 793 793 792 791 791 791 791 790 790 790 790 789 789 788 788 788 787 787 787 787 786 786 785 785 784 784 784 784 783 783 783 782 781 781 781 781 781 781 781 781 780 780 780 780 780 780 780 780 780 779 779 779 779 779 779 779 779 778 778 778 778 778 778 778
