testData/tiles/oneDegree/grid49.0-23.0-50.0-24.0.asc
ncols   200
nrows   200
xllcorner   49.0
yllcorner   23.0
cellsize   0.005
NODATA_value   -9999.0
[rows 42 to 83 of 200, columns 0 to 93 of 200]
399 397 395 393 391 389 386 384 381 378 375 372 369 365 362 362 362 362 362 362 362 362 297 297 297 297 297 297 297 297 297 297 297 297 297 297 297 297 297 281 281 281 281 281 281 281 281 281 281 281 281 281 281 281 281 282 282 283 284 284 285 285 286 287 287 288 288 289 290 290 291 291 292 292 293 293 294 294 295 295 296 296 296 297 297 298 298 299 299 299 300 300 300 301
399 397 395 393 391 388 386 383 381 378 375 372 369 365 362 362 362 362 362 362 362 362 297 297 297 297 297 297 297 297 297 297 297 297 297 297 297 297 297 297 281 281 281 281 281 281 281 281 281 281 281 281 281 281 281 281 282 283 283 284 285 285 286 287 287 288 288 289 289 290 291 291 292 292 293 293 294 294 295 295 296 296 296 297 297 298 298 299 299 299 300 300 300 301
399 397 395 393 390 388 386 383 381 378 375 372 368 365 362 362 362 362 362 362 362 362 297 297 297 297 297 297 297 297 297 297 297 297 297 297 297 297 297 297 281 281 281 281 281 281 281 281 281 281 281 281 281 281 281 281 282 283 283 284 285 285 286 287 287 288 288 289 289 290 291 291 292 292 293 293 294 294 295 295 295 296 296 297 297 298 298 298 299 299 300 300 300 301
398 397 395 392 390 388 386 383 380 378 375 371 368 365 362 362 362 362 362 362 362 362 297 297 297 297 297 297 297 297 297 297 297 297 297 297 297 297 297 297 297 281 281 281 281 281 281 281 281 281 281 281 281 281 281 281 282 283 283 284 285 285 286 286 287 288 288 289 289 290 290 291 292 292 293 293 294 294 295 295 295 296 296 297 297 298 298 298 299 299 300 300 300 301
398 396 394 392 390 388 385 383 380 377 374 371 368 364 362 362 362 362 362 362 362 362 297 297 297 297 297 297 297 297 297 297 297 297 297 297 297 297 297 297 297 281 281 281 281 281 281 281 281 281 281 281 281 281 281 281 282 283 283 284 285 285 286 286 287 288 288 289 289 290 290 291 291 292 292 293 293 294 294 295 295 296 296 297 297 298 298 298 299 299 299 300 300 301
398 396 394 392 390 388 385 383 380 377 374 371 368 364 362 362 362 362 362 362 362 362 297 297 297 297 297 297 297 297 297 297 297 297 297 297 297 297 297 297 297 297 281 281 281 281 281 281 281 281 281 281 281 281 281 281 282 283 283 284 285 285 286 286 287 288 288 289 289 290 290 291 291 292 292 293 293 294 294 295 295 296 296 297 297 297 298 298 299 299 299 300 300 301
398 396 394 392 390 387 385 382 380 377 374 371 367 364 362 362 362 362 362 362 362 362 297 297 297 297 297 297 297 297 297 297 297 297 297 297 297 297 297 297 297 297 281 281 281 281 281 281 281 281 281 281 281 281 281 281 282 283 283 284 284 285 286 286 287 287 288 289 289 290 290 291 291 292 292 293 293 294 294 295 295 296 296 297 297 297 298 298 299 299 299 300 300 300
398 396 394 392 390 387 385 382 380 377 374 371 367 364 362 362 362 362 362 362 362 362 297 297 297 297 297 297 297 297 297 297 297 297 297 297 297 297 297 297 297 297 297 281 281 281 281 281 281 281 281 281 281 281 281 281 282 282 283 284 284 285 286 286 287 287 288 289 289 290 290 291 291 292 292 293 293 294 294 295 295 296 296 297 297 297 298 298 299 299 299 300 300 300
398 396 394 392 389 387 385 382 379 377 374 370 367 363 362 362 362 362 362 362 362 362 297 297 297 297 297 297 297 297 297 297 297 297 297 297 297 297 297 297 297 297 297 281 281 281 281 281 281 281 281 281 281 281 281 281 282 282 283 284 284 285 286 286 287 287 288 289 289 290 290 291 291 292 292 293 293 294 294 295 295 296 296 296 297 297 298 298 298 299 299 300 300 300
397 396 393 391 389 387 384 382 379 376 373 370 367 363 362 362 362 362 362 362 362 362 297 297 297 297 297 297 297 297 297 297 297 297 297 297 297 297 297 297 297 297 297 297 281 281 281 281 281 281 281 281 281 281 281 281 282 282 283 284 284 285 286 286 287 287 288 288 289 290 290 291 291 292 292 293 293 294 294 295 295 296 296 296 297 297 298 298 298 299 299 300 300 300
397 395 393 391 389 387 384 382 379 376 373 370 366 363 362 362 362 362 362 362 362 362 297 297 297 297 297 297 297 297 297 297 297 297 297 297 297 297 297 297 297 297 297 297 297 281 281 281 281 281 281 281 281 281 281 281 282 282 283 284 284 285 285 286 287 287 288 288 289 289 290 291 291 292 292 293 293 294 294 295 295 295 296 296 297 297 298 298 298 299 299 300 300 300
397 395 393 391 389 386 384 381 379 376 373 370 366 362 362 362 362 362 362 362 362 362 297 297 297 297 297 297 297 297 297 297 297 297 297 297 297 297 297 297 297 297 297 297 297 281 281 281 281 281 281 281 281 281 281 281 282 282 283 283 284 285 285 286 287 287 288 288 289 289 290 291 291 292 292 293 293 294 294 294 295 295 296 296 297 297 298 298 298 299 299 299 300 300
397 395 393 391 389 386 384 381 378 376 373 369 366 362 362 362 362 362 362 362 362 297 297 297 297 297 297 297 297 297 297 297 297 297 297 297 297 297 297 297 297 297 297 297 297 297 281 281 281 281 281 281 281 281 281 281 281 282 283 283 284 285 285 286 287 287 288 288 289 289 290 290 291 291 292 292 293 293 294 294 295 295 296 296 297 297 297 298 298 299 299 299 300 300
397 395 393 391 388 386 383 381 378 375 372 369 366 362 362 362 362 362 362 362 362 297 297 297 297 297 297 297 297 297 297 297 297 297 297 297 297 297 297 297 297 297 297 297 297 297 281 281 281 281 281 281 281 281 281 281 281 282 283 283 284 285 285 286 286 287 288 288 289 289 290 290 291 291 292 292 293 293 294 294 295 295 296 296 297 297 297 298 298 299 299 299 300 300
396 395 392 390 388 386 383 381 378 375 372 369 365 362 362 362 362 362 362 362 362 297 297 297 297 297 297 297 297 297 297 297 297 297 297 297 297 297 297 297 297 297 297 297 297 297 297 281 281 281 281 281 281 281 281 281 281 282 283 283 284 285 285 286 286 287 288 288 289 289 290 290 291 291 292 292 293 293 294 294 295 295 296 296 296 297 297 298 298 298 299 299 300 300
396 394 392 390 388 385 383 380 378 375 372 368 365 362 362 362 362 362 362 362 362 297 297 297 297 297 297 297 297 297 297 297 297 297 297 297 297 297 297 297 297 297 297 297 297 297 297 281 281 281 281 281 281 281 281 281 281 282 283 283 284 284 285 286 286 287 287 288 289 289 290 290 291 291 292 292 293 293 294 294 295 295 296 296 296 297 297 298 298 298 299 299 300 300
396 394 392 390 388 385 383 380 377 375 371 368 365 362 362 362 362 362 362 362 362 297 297 297 297 297 297 297 297 297 297 297 297 297 297 297 297 297 297 297 297 297 297 297 297 297 297 297 281 281 281 281 281 281 281 281 281 282 282 283 284 284 285 286 286 287 287 288 289 289 290 290 291 291 292 292 293 293 294 294 295 295 295 296 296 297 297 298 298 298 299 299 299 300
396 394 392 390 387 385 383 380 377 374 371 368 364 362 362 362 362 362 362 362 362 297 297 297 297 297 297 297 297 297 297 297 297 297 297 297 297 297 297 297 297 297 297 297 297 297 297 297 281 281 281 281 281 281 281 281 281 282 282 283 284 284 285 286 286 287 287 288 288 289 290 290 291 291 292 292 293 293 294 294 295 295 295 296 296 297 297 298 298 298 299 299 299 300
396 394 392 389 387 385 382 380 377 374 371 368 364 362 362 362 362 362 362 362 362 297 297 297 297 297 297 297 297 297 297 297 297 297 297 297 297 297 297 297 297 297 297 297 297 297 297 297 297 281 281 281 281 281 281 281 281 282 282 283 284 284 285 285 286 287 287 288 288 289 289 290 291 291 292 292 293 293 294 294 294 295 295 296 296 297 297 297 298 298 299 299 299 300
395 393 391 389 387 385 382 379 377 374 371 367 364 362 362 362 362 362 362 362 362 297 297 297 297 297 297 297 297 297 297 297 297 297 297 297 297 297 297 297 297 297 297 297 297 297 297 297 297 281 281 281 281 281 281 281 281 282 282 283 284 284 285 285 286 287 287 288 288 289 289 290 290 291 291 292 292 293 293 294 294 295 295 296 296 297 297 297 298 298 299 299 299 300
395 393 391 389 387 384 382 379 376 373 370 367 363 362 362 362 362 362 362 362 362 297 297 297 297 297 297 297 297 297 297 297 297 297 297 297 297 297 297 297 297 297 297 297 297 297 297 297 297 281 281 281 281 281 281 281 281 282 282 283 283 284 285 285 286 286 287 288 288 289 289 290 290 291 291 292 292 293 293 294 294 295 295 296 296 296 297 297 298 298 298 299 299 300
395 393 391 389 386 384 382 379 376 373 370 367 363 362 362 362 362 362 362 362 362 297 297 297 297 297 297 297 297 297 297 297 297 297 297 297 297 297 297 297 297 297 297 297 297 297 297 297 297 297 281 281 281 281 281 281 281 281 282 283 283 284 285 285 286 286 287 288 288 289 289 290 290 291 291 292 292 293 293 294 294 295 295 296 296 296 297 297 298 298 298 299 299 299
395 393 391 388 386 384 381 379 376 373 370 366 363 362 362 362 362 362 362 362 362 297 297 297 297 297 297 297 297 297 297 297 297 297 297 297 297 297 297 297 297 297 297 297 297 297 297 297 297 297 281 281 281 281 281 281 281 281 282 283 283 284 285 285 286 286 287 287 288 289 289 290 290 291 291 292 292 293 293 294 294 295 295 295 296 296 297 297 298 298 298 299 299 299
395 393 390 388 386 384 381 378 375 373 369 366 362 362 362 362 362 362 362 362 362 297 297 297 297 297 297 297 297 297 297 297 297 297 297 297 297 297 297 297 297 297 297 297 297 297 297 297 297 297 297 281 281 281 281 281 281 281 282 283 283 284 284 285 286 286 287 287 288 289 289 290 290 291 291 292 292 293 293 294 294 295 295 295 296 296 297 297 297 298 298 299 299 299
394 392 390 388 386 383 381 378 375 372 369 366 362 362 362 362 362 362 362 362 362 297 297 297 297 297 297 297 297 297 297 297 297 297 297 297 297 297 297 297 297 297 297 297 297 297 297 297 297 297 297 281 281 281 281 281 281 281 282 282 283 284 284 285 286 286 287 287 288 288 289 290 290 291 291 292 292 293 293 294 294 294 295 295 296 296 297 297 297 298 298 299 299 299
394 392 390 388 385 383 380 378 375 372 369 365 362 362 362 362 362 362 362 362 297 297 297 297 297 297 297 297 297 297 297 297 297 297 297 297 297 297 297 297 297 297 297 297 297 297 297 297 297 297 297 297 281 281 281 281 281 281 282 282 283 284 284 285 285 286 287 287 288 288 289 289 290 290 291 292 292 292 293 293 294 294 295 295 296 296 296 297 297 298 298 298 299 299
394 392 390 387 385 383 380 377 375 372 368 365 362 362 362 362 362 362 362 362 297 297 297 297 297 297 297 297 297 297 297 297 297 297 297 297 297 297 297 297 297 297 297 297 297 297 297 297 297 297 297 297 281 281 281 281 281 281 282 282 283 284 284 285 285 286 287 287 288 288 289 289 290 290 291 291 292 292 293 293 294 294 295 295 296 296 296 297 297 298 298 298 299 299
394 391 389 387 385 382 380 377 374 371 368 365 362 362 362 362 362 362 362 362 297 297 297 297 297 297 297 297 297 297 297 297 297 297 297 297 297 297 297 297 297 297 297 297 297 297 297 297 297 297 297 297 297 281 281 281 281 281 282 282 283 283 284 285 285 286 286 287 288 288 289 289 290 290 291 291 292 292 293 293 294 294 295 295 295 296 296 297 297 298 298 298 299 299
393 391 389 387 385 382 380 377 374 371 368 364 362 362 362 362 362 362 362 362 297 297 297 297 297 297 297 297 297 297 297 297 297 297 297 297 297 297 297 297 297 297 297 297 297 297 297 297 297 297 297 297 297 281 281 281 281 281 281 282 283 283 284 285 285 286 286 287 288 288 289 289 290 290 291 291 292 292 293 293 294 294 295 295 295 296 296 297 297 297 298 298 299 299
393 391 389 387 384 382 379 377 374 371 367 364 362 362 362 362 362 362 362 362 297 297 297 297 297 297 297 297 297 297 297 297 297 297 297 297 297 297 297 297 297 297 297 297 297 297 297 297 297 297 297 297 297 281 281 281 281 281 281 282 283 283 284 285 285 286 286 287 287 288 289 289 290 290 291 291 292 292 293 293 294 294 294 295 295 296 296 297 297 297 298 298 298 299
393 391 389 386 384 382 379 376 373 370 367 363 362 362 362 362 362 362 362 362 297 297 297 297 297 297 297 297 297 297 297 297 297 297 297 297 297 297 297 297 297 297 297 297 297 297 297 297 297 297 297 297 297 297 281 281 281 281 281 282 283 283 284 284 285 286 286 287 287 288 288 289 290 290 291 291 292 292 293 293 293 294 294 295 295 296 296 296 297 297 298 298 298 299
392 390 388 386 384 381 379 376 373 370 367 363 362 362 362 362 362 362 362 362 297 297 297 297 297 297 297 297 297 297 297 297 297 297 297 297 297 297 297 297 297 297 297 297 297 297 297 297 297 297 297 297 297 297 281 281 281 281 281 282 282 283 284 284 285 286 286 287 287 288 288 289 289 290 290 291 291 292 292 293 293 294 294 295 295 296 296 296 297 297 298 298 298 299
392 390 388 386 383 381 378 376 373 370 366 363 362 362 362 362 362 362 362 362 297 297 297 297 297 297 297 297 297 297 297 297 297 297 297 297 297 297 297 297 297 297 297 297 297 297 297 297 297 297 297 297 297 297 297 281 281 281 281 282 282 283 284 284 285 285 286 287 287 288 288 289 289 290 290 291 291 292 292 293 293 294 294 295 295 295 296 296 297 297 297 298 298 299
392 390 388 385 383 381 378 375 372 369 366 362 362 362 362 362 362 362 362 362 297 297 297 297 297 297 297 297 297 297 297 297 297 297 297 297 297 297 297 297 297 297 297 297 297 297 297 297 297 297 297 297 297 297 297 281 281 281 281 282 282 283 284 284 285 285 286 287 287 288 288 289 289 290 290 291 291 292 292 293 293 294 294 295 295 295 296 296 297 297 297 298 298 298
392 390 387 385 383 380 378 375 372 369 365 362 362 362 362 362 362 362 362 362 297 297 297 297 297 297 297 297 297 297 297 297 297 297 297 297 297 297 297 297 297 297 297 297 297 297 297 297 297 297 297 297 297 297 297 297 281 281 281 282 282 283 283 284 285 285 286 286 287 288 288 289 289 290 290 291 291 292 292 293 293 294 294 294 295 295 296 296 297 297 297 298 298 298
391 389 387 385 382 380 377 375 372 368 365 362 362 362 362 362 362 362 362 362 297 297 297 297 297 297 297 297 297 297 297 297 297 297 297 297 297 297 297 297 297 297 297 297 297 297 297 297 297 297 297 297 297 297 297 297 281 281 281 281 282 283 283 284 285 285 286 286 287 287 288 289 289 290 290 291 291 292 292 293 293 293 294 294 295 295 296 296 296 297 297 298 298 298
391 389 387 385 382 380 377 374 371 368 365 362 362 362 362 362 362 362 362 297 297 297 297 297 297 297 297 297 297 297 297 297 297 297 297 297 297 297 297 297 297 297 297 297 297 297 297 297 297 297 297 297 297 297 297 297 281 281 281 281 282 283 283 284 284 285 286 286 287 287 288 288 289 289 290 291 291 291 292 292 293 293 294 294 295 295 296 296 296 297 297 297 298 298
391 389 387 384 382 379 377 374 371 368 364 362 362 362 362 362 362 362 362 297 297 297 297 297 297 297 297 297 297 297 297 297 297 297 297 297 297 297 297 297 297 297 297 297 297 297 297 297 297 297 297 297 297 297 297 297 297 281 281 281 282 283 283 284 284 285 286 286 287 287 288 288 289 289 290 290 291 291 292 292 293 293 294 294 295 295 295 296 296 297 297 297 298 298
390 388 386 384 381 379 376 373 370 367 364 362 362 362 362 362 362 362 362 297 297 297 297 297 297 297 297 297 297 297 297 297 297 297 297 297 297 297 297 297 297 297 297 297 297 297 297 297 297 297 297 297 297 297 297 297 297 281 281 281 282 282 283 284 284 285 285 286 287 287 288 288 289 289 290 290 291 291 292 292 293 293 294 294 294 295 295 296 296 297 297 297 298 298
390 388 386 384 381 379 376 373 370 367 363 362 362 362 362 362 362 362 362 297 297 297 297 297 297 297 297 297 297 297 297 297 297 297 297 297 297 297 297 297 297 297 297 297 297 297 297 297 297 297 297 297 297 297 297 297 297 297 281 281 282 282 283 284 284 285 285 286 286 287 288 288 289 289 290 290 291 291 292 292 293 293 294 294 294 295 295 296 296 296 297 297 298 298
390 388 386 383 381 378 376 373 370 366 363 362 362 362 362 362 362 362 362 297 297 297 297 297 297 297 297 297 297 297 297 297 297 297 297 297 297 297 297 297 297 297 297 297 297 297 297 297 297 297 297 297 297 297 297 297 297 297 281 281 282 282 283 283 284 285 285 286 286 287 287 288 289 289 290 290 291 291 292 292 293 293 293 294 294 295 295 296 296 296 297 297 297 298
390 387 385 383 380 378 375 372 369 366 363 362 362 362 362 362 362 362 362 297 297 297 297 297 297 297 297 297 297 297 297 297 297 297 297 297 297 297 297 297 297 297 297 297 297 297 297 297 297 297 297 297 297 297 297 297 297 297 281 281 281 282 283 283 284 285 285 286 286 287 287 288 288 289 289 290 291 291 291 292 292 293 293 294 294 295 295 295 296 296 297 297 297 298
