testData/tiles/oneDegree/grid21.0-19.0-22.0-20.0.asc
ncols   200
nrows   200
xllcorner   21.0
yllcorner   19.0
cellsize   0.005
NODATA_value   -9999.0
[rows 135 to 179 of 200, columns 0 to 95 of 200]
258 255 253 251 249 248 247 246 245 243 243 237 237 235 234 233 232 231 229 228 226 226 224 223 222 221 219 219 217 216 215 214 213 210 209 209 208 207 206 206 206 206 206 206 206 206 206 205 205 205 205 205 205 205 205 205 205 205 205 205 205 204 204 204 204 204 204 204 204 204 188 188 188 188 187 187 187 187 187 187 187 187 187 187 187 187 186 186 186 186 186 186 186 186 186 186
258 256 253 251 250 248 247 246 245 243 243 237 237 235 234 234 232 231 230 228 226 226 224 223 222 221 219 219 218 216 215 214 213 211 209 209 208 207 206 206 206 206 206 206 206 206 206 206 206 205 205 205 205 205 205 205 205 205 205 205 205 205 204 204 204 204 204 204 204 204 188 188 188 188 188 187 187 187 187 187 187 187 187 187 187 187 187 186 186 186 186 186 186 186 186 186
258 256 255 252 249 248 247 246 245 243 239 237 237 236 234 234 232 231 230 229 227 226 224 223 222 221 220 218 218 216 215 214 213 211 210 209 208 207 206 206 206 206 206 206 206 206 206 206 206 206 205 205 205 205 205 205 205 205 205 205 205 205 205 204 204 204 204 204 204 204 188 188 188 188 188 188 187 187 187 187 187 187 187 187 187 187 187 187 186 186 186 186 186 186 186 186
259 256 254 252 250 249 247 246 245 243 239 238 236 236 234 234 232 231 230 229 227 227 224 223 223 221 220 218 218 216 215 213 213 211 210 209 209 207 206 206 206 206 206 206 206 206 206 206 206 206 206 205 205 205 205 205 205 205 205 205 205 205 205 205 204 204 204 204 204 204 188 188 188 188 188 188 188 187 187 187 187 187 187 187 187 187 187 187 187 186 186 186 186 186 186 186
259 256 254 252 250 249 248 245 245 244 239 238 236 236 234 233 232 231 230 229 227 227 226 223 222 221 220 218 218 216 215 213 213 211 210 209 209 208 206 206 206 206 206 206 206 206 206 206 206 206 206 206 205 205 205 205 205 205 205 205 205 205 205 205 205 204 204 204 204 204 188 188 188 188 188 188 188 187 187 187 187 187 187 187 187 187 187 187 187 187 186 186 186 186 186 186
258 256 254 252 250 249 248 247 246 244 239 238 236 236 234 233 232 231 229 229 228 226 226 224 223 221 220 218 218 216 215 213 213 212 210 209 208 208 207 206 206 206 206 206 206 206 206 206 206 206 206 206 206 205 205 205 205 205 205 205 205 205 205 205 205 205 204 204 204 204 188 188 188 188 188 188 188 188 187 187 187 187 187 187 187 187 187 187 187 187 186 186 186 186 186 186
257 256 254 252 250 250 248 247 246 245 238 238 236 236 234 233 232 231 230 229 228 226 226 224 223 222 220 218 217 216 215 214 212 212 210 209 208 208 207 207 206 206 206 206 206 206 206 206 206 206 206 206 206 206 205 205 205 205 205 205 205 205 205 205 205 205 205 204 204 204 204 188 188 188 188 188 188 188 188 187 187 187 187 187 187 187 187 187 187 187 187 186 186 186 186 186
257 255 254 252 250 249 248 247 246 245 239 239 236 236 234 233 233 231 230 229 228 226 226 224 223 221 221 218 217 217 215 214 212 212 210 209 208 208 207 207 207 206 206 206 206 206 206 206 206 206 206 206 206 206 206 205 205 205 205 205 205 205 205 205 205 205 205 205 204 204 204 188 188 188 188 188 188 188 188 188 187 187 187 187 187 187 187 187 187 187 187 187 186 186 186 186
257 255 254 253 250 249 248 247 246 245 239 239 237 235 234 233 233 231 230 229 228 226 225 224 223 221 221 219 217 217 215 214 212 212 210 209 208 207 207 207 207 207 207 206 206 206 206 206 206 206 206 206 206 206 206 206 205 205 205 205 205 205 205 205 205 205 205 205 205 204 204 188 188 188 188 188 188 188 188 188 188 187 187 187 187 187 187 187 187 187 187 187 187 186 186 186
257 256 253 252 250 249 248 247 245 245 239 239 237 236 236 233 232 231 230 228 228 226 225 224 223 221 221 220 218 217 215 214 212 211 210 209 208 207 207 207 207 207 207 207 206 206 206 206 206 206 206 206 206 206 206 206 206 205 205 205 205 205 205 205 205 205 205 205 205 205 204 188 188 188 188 188 188 188 188 188 188 188 187 187 187 187 187 187 187 187 187 187 187 187 186 186
257 255 253 251 250 249 248 247 245 241 239 239 238 236 236 234 232 231 230 228 228 226 225 224 223 222 221 220 218 217 216 214 212 211 210 209 208 207 207 207 207 207 207 207 207 206 206 206 206 206 206 206 206 206 206 206 206 206 205 205 205 205 205 205 205 205 205 205 205 205 204 188 188 188 188 188 188 188 188 188 188 188 188 187 187 187 187 187 187 187 187 187 187 187 186 186
258 255 253 251 250 249 247 247 245 241 240 238 238 236 236 234 233 231 230 228 228 226 225 225 223 222 220 220 218 217 215 215 212 211 209 209 208 207 207 207 207 207 207 207 207 207 206 206 206 206 206 206 206 206 206 206 206 206 206 205 205 205 205 205 205 205 205 205 205 205 205 188 188 188 188 188 188 188 188 188 188 188 188 187 187 187 187 187 187 187 187 187 187 187 187 186
258 256 254 251 250 249 247 247 246 241 240 238 238 236 235 234 233 231 231 228 227 227 225 224 223 222 220 220 218 217 215 215 213 211 209 209 208 207 207 207 207 207 207 207 207 207 207 206 206 206 206 206 206 206 206 206 206 206 206 206 205 205 205 205 205 205 205 205 205 205 205 189 188 188 188 188 188 188 188 188 188 188 188 188 187 187 187 187 187 187 187 187 187 187 187 187
258 256 254 252 249 249 247 247 246 240 240 238 238 236 235 234 233 231 231 229 227 227 225 224 223 222 220 219 218 217 215 215 213 212 210 208 208 207 207 207 207 207 207 207 207 207 207 207 206 206 206 206 206 206 206 206 206 206 206 206 206 205 205 205 205 205 205 205 205 205 205 189 189 188 188 188 188 188 188 188 188 188 188 188 188 187 187 187 187 187 187 187 187 187 187 187
257 256 253 252 250 250 248 247 246 240 240 238 237 236 235 234 233 231 231 230 228 227 225 224 222 222 220 219 218 217 215 214 214 212 211 208 208 207 207 207 207 207 207 207 207 207 207 207 207 206 206 206 206 206 206 206 206 206 206 206 206 206 205 205 205 205 205 205 205 205 205 189 189 189 188 188 188 188 188 188 188 188 188 188 188 188 187 187 187 187 187 187 187 187 187 187
257 255 253 252 251 250 249 246 246 240 240 238 237 236 235 233 233 232 230 230 228 227 225 224 222 222 220 219 217 217 215 214 214 212 211 209 208 207 207 207 207 207 207 207 207 207 207 207 207 207 206 206 206 206 206 206 206 206 206 206 206 206 206 205 205 205 205 205 205 205 205 189 189 189 189 188 188 188 188 188 188 188 188 188 188 188 188 187 187 187 187 187 187 187 187 187
256 255 253 252 251 250 249 247 243 240 239 238 237 236 235 233 233 232 230 230 228 227 226 225 222 222 220 219 217 217 216 214 213 212 211 209 208 208 207 207 207 207 207 207 207 207 207 207 207 207 207 206 206 206 206 206 206 206 206 206 206 206 206 205 205 205 205 205 205 205 205 205 189 189 189 189 188 188 188 188 188 188 188 188 188 188 188 187 187 187 187 187 187 187 187 187
256 255 253 252 251 249 249 247 243 241 239 238 237 235 235 234 233 232 230 230 228 227 225 225 223 221 220 219 218 216 216 214 213 211 211 209 208 208 208 207 207 207 207 207 207 207 207 207 207 207 207 207 206 206 206 206 206 206 206 206 206 206 206 206 205 205 205 205 205 205 205 205 189 189 189 189 188 188 188 188 188 188 188 188 188 188 188 188 187 187 187 187 187 187 187 187
257 255 253 251 251 249 249 247 242 241 240 238 237 236 235 234 232 232 230 229 228 227 225 225 223 222 220 219 218 216 216 214 213 211 211 209 208 208 208 208 207 207 207 207 207 207 207 207 207 207 207 207 207 206 206 206 206 206 206 206 206 206 206 206 206 205 205 205 205 205 205 205 189 189 189 189 189 188 188 188 188 188 188 188 188 188 188 188 188 187 187 187 187 187 187 187
257 254 253 251 251 249 249 247 242 241 240 238 238 236 235 234 232 232 230 229 228 227 225 224 223 222 221 219 218 216 215 214 213 211 210 209 208 208 208 208 208 207 207 207 207 207 207 207 207 207 207 207 207 207 206 206 206 206 206 206 206 206 206 206 206 206 205 205 205 205 205 205 189 189 189 189 189 189 188 188 188 188 188 188 188 188 188 188 188 188 187 187 187 187 187 187
256 254 253 251 251 249 248 247 242 241 240 239 238 237 234 234 232 231 230 229 227 227 225 224 223 222 221 220 218 216 215 214 213 211 210 208 208 208 208 208 208 208 207 207 207 207 207 207 207 207 207 207 207 207 207 206 206 206 206 206 206 206 206 206 206 206 206 205 205 205 205 205 189 189 189 189 189 189 189 188 188 188 188 188 188 188 188 188 188 188 187 187 187 187 187 187
256 253 253 251 250 249 248 243 242 240 240 239 238 237 235 234 232 231 230 229 227 227 225 224 223 222 221 219 219 217 215 213 213 211 210 208 208 208 208 208 208 208 208 207 207 207 207 207 207 207 207 207 207 207 207 207 206 206 206 206 206 206 206 206 206 206 206 206 205 205 205 205 189 189 189 189 189 189 189 189 188 188 188 188 188 188 188 188 188 188 188 187 187 187 187 187
257 253 252 251 250 249 248 242 242 241 240 239 237 237 235 234 232 231 229 229 227 226 225 224 223 222 221 219 218 217 216 213 212 211 210 208 208 208 208 208 208 208 208 208 207 207 207 207 207 207 207 207 207 207 207 207 206 206 206 206 206 206 206 206 206 206 206 206 206 205 205 205 189 189 189 189 189 189 189 189 188 188 188 188 188 188 188 188 188 188 188 188 187 187 187 187
256 254 253 251 250 249 248 242 242 241 239 239 237 237 235 234 233 232 229 229 227 226 226 224 223 221 221 219 218 217 216 214 212 211 210 208 208 208 208 208 208 208 208 208 208 207 207 207 207 207 207 207 207 207 207 207 207 206 206 206 206 206 206 206 206 206 206 206 206 205 205 205 189 189 189 189 189 189 189 189 189 188 188 188 188 188 188 188 188 188 188 188 188 187 187 187
256 254 253 252 250 248 248 243 242 241 239 239 237 236 235 234 232 232 230 228 227 226 225 224 223 221 221 219 218 216 216 214 213 210 210 209 208 208 208 208 208 208 208 208 208 208 207 207 207 207 207 207 207 207 207 207 207 207 206 206 206 206 206 206 206 206 206 206 206 206 205 205 189 189 189 189 189 189 189 189 189 189 188 188 188 188 188 188 188 188 188 188 188 187 187 187
256 254 253 251 251 248 248 243 241 241 239 239 237 236 235 234 232 232 230 229 228 226 225 224 223 221 220 219 218 216 215 214 213 211 209 209 208 208 208 208 208 208 208 208 208 208 208 207 207 207 207 207 207 207 207 207 207 207 207 206 206 206 206 206 206 206 206 206 206 206 206 205 189 189 189 189 189 189 189 189 189 189 189 188 188 188 188 188 188 188 188 188 188 188 187 187
255 253 253 251 251 250 244 243 241 241 239 238 237 236 234 234 232 231 230 229 228 226 225 223 223 221 220 218 218 216 215 214 213 211 210 209 208 208 208 208 208 208 208 208 208 208 208 208 207 207 207 207 207 207 207 207 207 207 207 207 206 206 206 206 206 206 206 206 206 206 206 206 189 189 189 189 189 189 189 189 189 189 189 188 188 188 188 188 188 188 188 188 188 188 188 187
255 253 253 251 250 250 244 244 241 240 239 238 237 236 234 234 232 231 230 229 228 227 225 223 222 221 220 218 218 216 215 213 213 212 210 210 208 208 208 208 208 208 208 208 208 208 208 208 208 207 207 207 207 207 207 207 207 207 207 207 207 206 206 206 206 206 206 206 206 206 206 206 190 189 189 189 189 189 189 189 189 189 189 189 188 188 188 188 188 188 188 188 188 188 188 187
255 253 252 251 250 250 244 243 242 240 239 238 236 236 234 233 232 231 230 229 228 226 226 224 222 221 220 218 217 216 215 213 212 212 210 210 209 208 208 208 208 208 208 208 208 208 208 208 208 207 207 207 207 207 207 207 207 207 207 207 207 207 206 206 206 206 206 206 206 206 206 206 190 189 189 189 189 189 189 189 189 189 189 189 189 188 188 188 188 188 188 188 188 188 188 188
254 253 252 252 250 249 244 243 242 241 239 238 236 236 234 233 232 231 230 229 228 226 225 224 223 220 220 218 217 215 215 213 212 211 210 210 209 209 208 208 208 208 208 208 208 208 208 208 208 208 207 207 207 207 207 207 207 207 207 207 207 207 206 206 206 206 206 206 206 206 206 206 190 190 189 189 189 189 189 189 189 189 189 189 189 189 188 188 188 188 188 188 188 188 188 188
254 253 252 251 250 245 244 243 241 241 239 239 236 235 234 233 231 231 230 228 228 226 225 224 223 221 219 218 217 215 214 214 212 211 210 210 209 209 209 208 208 208 208 208 208 208 208 208 208 208 208 207 207 207 207 207 207 207 207 207 207 207 207 206 206 206 206 206 206 206 206 206 190 190 190 189 189 189 189 189 189 189 189 189 189 189 188 188 188 188 188 188 188 188 188 188
254 252 252 251 250 245 243 243 241 241 239 238 237 235 233 233 232 230 230 228 227 226 225 223 223 221 220 217 217 215 214 213 212 211 210 210 209 209 209 209 208 208 208 208 208 208 208 208 208 208 208 208 207 207 207 207 207 207 207 207 207 207 207 207 206 206 206 206 206 206 206 206 190 190 190 190 189 189 189 189 189 189 189 189 189 189 189 188 188 188 188 188 188 188 188 188
254 253 252 251 249 245 243 243 241 240 239 238 237 236 233 233 232 230 230 228 227 226 225 223 222 221 220 218 217 215 214 213 211 211 210 210 209 209 209 209 209 208 208 208 208 208 208 208 208 208 208 208 208 207 207 207 207 207 207 207 207 207 207 207 207 206 206 206 206 206 206 206 190 190 190 190 189 189 189 189 189 189 189 189 189 189 189 189 188 188 188 188 188 188 188 188
255 253 251 251 249 245 243 242 241 240 239 238 236 236 234 232 232 230 229 228 227 225 225 223 222 220 220 218 217 215 214 213 211 211 210 210 209 209 209 209 209 209 208 208 208 208 208 208 208 208 208 208 208 208 207 207 207 207 207 207 207 207 207 207 207 207 206 206 206 206 206 206 190 190 190 190 190 189 189 189 189 189 189 189 189 189 189 189 188 188 188 188 188 188 188 188
254 254 251 251 245 244 243 242 241 240 238 238 236 235 234 233 232 230 229 227 227 225 224 223 222 220 220 218 217 216 214 213 211 211 210 210 209 209 209 209 209 209 209 208 208 208 208 208 208 208 208 208 208 208 208 207 207 207 207 207 207 207 207 207 207 207 206 206 206 206 206 206 190 190 190 190 190 190 189 189 189 189 189 189 189 189 189 189 189 188 188 188 188 188 188 188
254 254 252 250 245 244 243 242 240 240 238 238 236 235 234 233 232 231 229 227 227 225 224 222 222 220 219 218 217 216 214 213 211 211 210 210 209 209 209 209 209 209 209 208 208 208 208 208 208 208 208 208 208 208 208 207 207 207 207 207 207 207 207 207 207 207 207 206 206 206 206 206 190 190 190 190 190 190 189 189 189 189 189 189 189 189 189 189 189 189 188 188 188 188 188 188
254 253 252 251 246 244 242 242 240 240 238 237 236 235 234 233 232 230 230 227 226 225 224 222 222 220 219 217 217 216 214 213 211 211 210 210 209 209 209 209 209 209 209 209 208 208 208 208 208 208 208 208 208 208 208 208 207 207 207 207 207 207 207 207 207 207 207 207 206 206 206 206 190 190 190 190 190 190 190 189 189 189 189 189 189 189 189 189 189 189 188 188 188 188 188 188
254 253 252 247 245 245 242 242 240 239 238 237 235 235 234 232 232 230 229 228 226 224 224 222 221 220 219 217 216 216 214 213 212 211 210 210 209 209 209 209 209 209 209 209 209 208 208 208 208 208 208 208 208 208 208 208 208 207 207 207 207 207 207 207 207 207 207 207 207 206 206 206 190 190 190 190 190 190 190 190 189 189 189 189 189 189 189 189 189 189 189 188 188 188 188 188
254 253 251 247 245 245 243 241 240 239 237 237 235 235 234 232 232 230 229 228 227 224 223 222 221 219 219 217 216 215 214 213 212 212 210 210 209 209 209 209 209 209 209 209 209 209 208 208 208 208 208 208 208 208 208 208 208 208 207 207 207 207 207 207 207 207 207 207 207 206 206 206 190 190 190 190 190 190 190 190 190 189 189 189 189 189 189 189 189 189 189 189 188 188 188 188
253 253 251 247 245 244 243 242 240 239 237 237 235 234 234 232 231 230 229 227 227 225 223 221 221 219 218 217 216 215 213 213 212 212 211 210 209 209 209 209 209 209 209 209 209 209 209 208 208 208 208 208 208 208 208 208 208 208 208 207 207 207 207 207 207 207 207 207 207 207 206 206 190 190 190 190 190 190 190 190 190 189 189 189 189 189 189 189 189 189 189 189 188 188 188 188
253 252 247 246 245 244 242 242 240 239 237 236 235 234 233 232 231 229 229 227 226 225 224 221 221 219 218 216 216 215 213 213 212 212 211 211 209 209 209 209 209 209 209 209 209 209 209 209 208 208 208 208 208 208 208 208 208 208 208 207 207 207 207 207 207 207 207 207 207 207 207 206 190 190 190 190 190 190 190 190 190 190 189 189 189 189 189 189 189 189 189 189 189 188 188 188
253 252 247 246 244 244 242 242 240 239 237 236 234 234 233 231 231 229 228 227 226 224 224 222 220 219 218 216 215 215 213 213 212 212 211 211 209 209 209 209 209 209 209 209 209 209 209 209 208 208 208 208 208 208 208 208 208 208 208 208 207 207 207 207 207 207 207 207 207 207 207 206 190 190 190 190 190 190 190 190 190 190 190 189 189 189 189 189 189 189 189 189 189 188 188 188
253 252 246 246 244 244 242 241 240 239 237 237 234 234 233 231 231 229 228 227 226 224 223 222 221 218 218 216 215 214 213 213 212 212 211 211 210 209 209 209 209 209 209 209 209 209 209 209 209 208 208 208 208 208 208 208 208 208 208 208 208 207 207 207 207 207 207 207 207 207 207 207 190 190 190 190 190 190 190 190 190 190 190 189 189 189 189 189 189 189 189 189 189 189 188 188
252 248 246 246 244 243 242 241 239 239 237 237 235 233 232 231 230 229 228 226 226 224 223 221 221 219 217 216 215 214 213 213 212 212 211 211 210 210 209 209 209 209 209 209 209 209 209 209 209 209 208 208 208 208 208 208 208 208 208 208 208 208 207 207 207 207 207 207 207 207 207 207 191 190 190 190 190 190 190 190 190 190 190 190 189 189 189 189 189 189 189 189 189 189 189 188
252 247 246 245 244 243 241 241 239 239 237 236 235 234 231 231 230 228 228 226 225 224 223 221 220 219 218 215 214 214 213 213 212 212 211 211 210 210 210 209 209 209 209 209 209 209 209 209 209 209 209 208 208 208 208 208 208 208 208 208 208 208 207 207 207 207 207 207 207 207 207 207 191 190 190 190 190 190 190 190 190 190 190 190 189 189 189 189 189 189 189 189 189 189 189 188
