testData/tiles/oneDegree/grid40.0-37.0-41.0-38.0.asc
ncols   200
nrows   200
xllcorner   40.0
yllcorner   37.0
cellsize   0.005
NODATA_value   -9999.0
[rows 0 to 41 of 200, columns 0 to 93 of 200]
536 534 534 534 534 533 532 532 532 530 530 529 529 528 528 527 527 526 526 525 525 524 524 523 522 522 522 521 520 520 518 517 517 517 516 515 515 514 513 513 513 511 511 511 510 509 509 507 506 506 505 504 504 503 502 502 501 500 500 499 498 498 497 495 494 494 494 493 493 492 491 492 490 490 490 488 489 487 486 486 485 485 484 484 482 482 483 481 481 480 478 477 478 476
534 534 534 534 532 532 532 532 531 529 529 529 528 527 527 527 526 525 525 524 524 523 523 522 522 521 521 520 520 519 517 517 516 516 515 515 514 513 513 512 511 511 511 510 509 509 508 506 506 505 504 504 503 502 502 501 500 500 499 498 498 497 497 494 494 495 493 493 493 491 492 491 490 490 489 489 488 486 486 485 484 484 484 482 482 481 481 481 480 479 477 478 476 476
534 534 532 532 532 532 532 530 530 530 529 527 527 527 527 526 525 525 524 524 523 523 522 522 521 521 520 519 519 518 517 516 516 515 515 514 513 513 512 511 511 510 510 509 508 508 507 507 505 504 504 503 502 502 501 501 499 499 499 497 497 497 495 494 494 493 493 492 491 491 491 490 489 489 488 488 488 485 485 485 484 484 483 482 481 482 481 480 479 478 478 476 476 475
533 532 532 532 532 530 530 530 530 529 527 527 527 526 525 525 525 524 523 523 523 522 521 521 520 520 519 519 518 517 516 516 515 514 514 513 512 512 511 511 510 510 509 508 508 507 506 506 504 503 503 502 501 501 501 499 499 499 497 497 497 495 495 494 493 493 492 491 491 491 490 489 489 488 488 488 486 486 485 484 484 483 482 481 482 481 480 480 478 478 478 476 475 474
532 532 532 531 530 530 530 530 528 528 527 527 525 525 525 525 523 523 523 523 521 521 521 520 519 519 519 518 517 517 515 514 514 514 513 512 512 511 510 510 510 509 508 508 507 506 506 505 503 503 503 501 501 501 499 499 499 497 497 497 495 495 494 494 493 492 491 491 490 490 489 489 488 487 488 486 486 486 483 484 483 482 481 481 481 480 480 478 478 478 477 475 475 473
532 531 530 530 530 530 528 528 528 528 526 525 525 525 525 523 523 523 522 521 521 521 520 519 519 519 517 517 517 516 514 514 514 512 512 512 511 510 510 510 508 508 508 506 506 506 505 504 503 503 501 501 501 499 499 498 497 497 496 495 495 494 493 494 492 491 490 490 490 489 489 488 487 488 487 486 485 484 484 483 482 481 481 480 480 480 478 478 478 477 476 475 473 473
531 530 530 530 529 528 528 528 527 526 525 525 525 523 523 523 523 521 521 521 521 519 519 519 519 517 517 517 515 515 515 514 512 512 512 510 510 510 510 508 508 508 506 506 506 504 504 504 502 501 501 500 499 499 498 497 497 496 495 495 494 493 493 493 492 490 490 491 489 489 488 487 488 487 486 485 485 485 483 483 481 481 480 480 480 479 478 477 478 476 476 473 473 473
530 530 529 529 528 528 527 527 526 526 526 524 523 523 523 522 521 521 521 520 519 519 519 517 517 517 517 515 515 515 514 512 512 512 510 510 510 509 508 508 508 506 506 506 504 504 504 503 501 501 500 499 499 498 497 497 496 495 494 494 494 492 493 493 490 490 490 489 489 488 487 487 487 486 485 485 484 484 483 481 481 480 480 479 479 478 477 478 476 476 475 473 473 473
529 529 528 528 527 527 526 526 526 525 524 523 523 522 522 521 521 520 519 519 519 518 517 517 517 516 515 515 515 514 513 512 511 510 510 510 509 508 508 507 506 506 505 504 504 503 503 502 500 500 499 498 498 497 496 496 496 494 494 494 492 493 493 491 490 489 489 489 488 487 486 487 486 485 485 483 484 484 481 481 480 480 479 479 478 477 478 476 476 475 474 472 473 471
528 528 527 527 527 526 526 525 525 524 524 522 522 521 521 521 520 519 519 519 518 517 517 516 516 515 515 514 513 513 513 511 510 510 509 509 508 508 507 506 506 505 504 504 503 503 502 501 501 499 498 498 497 496 496 496 494 494 494 492 492 492 491 491 489 488 489 488 487 486 486 486 485 485 483 483 484 482 481 480 479 479 479 477 477 477 476 476 475 474 473 473 471 471
527 527 527 526 526 525 525 525 524 523 523 522 521 521 520 520 519 519 518 518 517 517 516 516 515 514 514 513 513 512 512 510 510 509 508 508 507 507 506 505 505 504 504 503 503 502 501 501 500 498 498 497 496 496 495 494 494 493 492 492 492 491 491 490 488 488 488 487 486 486 486 485 485 484 483 483 483 482 480 480 479 479 478 477 477 477 476 475 475 473 474 472 471 470
527 527 526 525 525 525 524 524 523 523 522 521 520 520 519 519 518 518 517 517 516 516 515 515 514 514 513 512 512 512 511 509 509 508 507 507 507 506 505 505 504 503 503 503 501 501 501 499 499 498 497 496 496 495 494 494 493 492 492 492 491 490 490 489 488 488 488 486 486 486 485 485 484 483 483 483 482 481 480 479 479 478 477 476 476 476 475 475 473 473 473 471 470 470
526 525 525 525 525 524 523 523 523 522 521 520 520 519 518 518 518 517 516 516 516 515 514 514 514 513 512 512 512 510 510 509 508 507 507 507 505 505 505 504 503 503 503 501 501 501 499 499 499 497 496 496 495 494 494 493 492 491 491 491 490 490 490 488 488 487 486 486 485 485 484 484 483 482 483 481 481 481 478 479 478 477 476 476 476 475 475 473 473 473 472 470 470 468
525 525 525 523 523 523 523 522 521 521 521 520 518 518 518 518 516 516 516 516 514 514 514 514 512 512 512 511 510 510 510 507 507 507 507 505 505 505 503 503 503 502 501 501 500 499 499 498 498 496 495 495 494 493 493 492 491 491 491 490 490 489 488 489 487 486 486 485 485 484 484 483 482 483 481 481 480 479 479 478 477 476 476 475 475 475 473 473 473 472 471 470 468 469
525 523 523 523 523 523 521 521 521 521 519 518 518 518 516 516 516 516 514 514 514 514 512 512 512 512 510 510 510 510 508 507 507 506 505 505 504 503 503 503 502 509 501 500 499 499 498 498 497 495 495 494 493 493 492 491 491 490 490 490 489 488 488 488 486 485 485 484 484 484 482 482 482 481 481 480 479 479 479 478 476 476 475 475 474 474 473 472 473 471 471 469 468 468
523 523 523 523 521 521 521 521 520 519 519 518 518 516 516 516 516 514 514 514 513 512 512 512 511 510 510 510 509 508 508 506 505 505 505 512 511 511 510 510 509 508 508 507 506 506 506 504 496 495 493 493 493 491 491 491 490 490 490 489 488 487 488 487 485 485 484 484 484 482 482 482 482 481 480 480 478 479 479 476 476 475 475 474 474 472 472 473 471 471 470 468 468 468
523 523 522 521 521 521 520 519 519 519 519 516 516 516 516 515 514 514 514 513 512 512 511 511 510 510 509 508 508 508 507 505 513 512 512 511 510 510 509 509 508 508 507 506 506 505 504 504 504 501 501 493 491 491 491 490 489 489 489 488 487 487 487 486 485 483 483 484 483 482 481 481 481 480 480 478 479 478 477 476 475 475 474 474 472 472 471 471 471 470 469 467 468 466
522 521 521 521 520 520 519 519 519 518 517 516 516 515 514 514 514 513 512 512 512 511 510 510 509 509 508 508 507 507 514 512 512 512 511 510 510 509 508 508 508 506 506 506 504 504 504 503 502 501 500 499 499 490 490 489 489 489 488 487 487 486 486 486 484 483 484 483 482 481 481 481 480 480 478 478 478 477 477 475 474 474 474 472 472 471 471 470 470 468 468 469 466 466
521 521 520 520 519 519 518 518 517 517 517 515 515 514 514 513 513 512 512 511 511 510 510 509 509 508 507 507 515 514 513 512 512 510 510 510 509 508 508 508 506 506 506 504 504 504 503 502 502 500 499 499 498 498 497 488 489 487 487 487 485 486 486 485 484 483 483 482 481 481 480 480 480 478 478 478 477 476 476 474 474 474 472 472 471 471 470 470 468 468 468 467 465 465
520 520 519 519 518 518 518 517 517 516 516 514 514 513 513 513 512 511 511 511 510 509 509 509 507 507 507 515 513 513 513 511 510 510 510 508 508 508 507 506 506 505 504 504 503 503 502 501 501 499 498 498 498 496 496 497 487 487 487 485 486 485 485 484 483 483 481 481 481 479 480 479 478 478 477 477 476 476 474 473 474 473 472 471 471 470 470 469 468 467 468 466 465 464
520 519 518 518 518 517 517 516 516 516 515 513 513 513 512 511 511 511 510 509 509 509 508 507 507 515 513 513 513 513 511 510 510 509 508 508 508 507 506 506 505 504 504 503 503 502 501 501 500 498 498 498 496 496 495 495 495 494 485 485 485 485 484 483 484 481 481 481 479 480 479 478 477 477 478 476 476 475 474 473 473 472 471 471 470 470 469 468 467 468 466 466 464 463
518 518 518 518 516 516 516 516 515 514 514 513 513 511 511 511 511 509 509 509 509 507 507 507 515 513 513 513 512 511 511 510 509 508 508 507 506 506 505 505 504 503 503 503 501 501 501 499 499 498 497 496 496 495 495 495 494 493 492 485 485 483 483 483 482 481 480 479 479 479 478 477 477 477 476 476 475 474 473 473 471 471 471 469 470 469 468 467 467 466 466 465 463 462
518 518 516 516 516 516 516 514 514 514 514 511 511 511 511 509 509 509 509 508 507 507 507 514 513 513 512 512 511 511 510 508 508 507 507 506 505 505 505 504 503 503 502 501 501 501 499 499 499 497 496 496 495 494 494 494 493 492 493 493 483 483 482 482 481 480 479 478 479 479 477 477 476 476 476 475 474 473 474 471 471 470 469 469 469 468 467 467 466 466 465 463 462 463
516 516 516 516 516 514 514 514 514 512 512 511 511 510 509 509 509 508 507 507 507 506 513 513 512 512 511 511 510 510 509 507 507 507 506 505 505 505 503 503 503 501 501 501 500 499 499 498 497 496 495 495 494 494 494 493 492 492 492 491 491 482 481 481 480 479 478 478 478 477 477 476 475 475 475 474 473 473 472 471 470 469 469 469 467 467 467 467 466 465 465 462 463 462
516 516 515 514 514 514 514 513 512 512 512 510 509 509 509 508 508 507 507 506 506 513 513 512 512 511 510 510 510 509 508 507 507 505 505 505 503 503 503 502 501 501 501 500 499 499 498 497 496 495 495 493 493 494 492 492 492 492 491 490 490 489 481 481 479 478 478 478 477 477 476 475 475 475 473 473 473 472 472 470 469 468 469 468 467 466 466 465 465 464 463 461 462 460
515 514 514 514 514 513 512 512 512 511 511 509 509 508 508 507 507 506 506 505 513 512 512 511 510 510 510 509 508 508 508 505 505 505 505 503 503 503 502 501 501 500 500 499 498 498 497 496 496 495 493 493 494 492 492 491 491 491 490 490 489 488 489 479 478 478 477 477 476 476 475 474 475 473 473 472 472 471 470 470 468 469 468 467 466 466 465 465 464 463 462 462 460 460
514 514 513 513 512 512 512 511 511 510 510 508 508 508 507 506 506 506 505 512 512 512 510 510 510 510 508 508 508 508 506 505 505 504 503 503 502 502 501 500 500 499 498 498 498 496 496 496 495 493 493 492 492 492 491 491 491 490 490 488 488 489 487 487 477 477 477 476 476 474 474 475 473 473 472 472 471 471 469 468 468 468 467 466 466 464 465 464 463 462 462 460 460 459
513 513 513 512 511 511 511 510 510 509 509 508 507 506 506 506 505 504 512 512 512 510 510 510 509 508 508 508 507 506 506 504 504 503 502 502 502 501 500 500 499 498 498 498 496 496 496 495 494 493 492 492 491 491 491 489 490 490 488 488 487 487 487 486 485 475 476 476 474 474 474 473 473 472 472 471 471 470 468 467 468 466 466 466 464 465 464 463 462 462 461 460 459 458
513 512 511 511 511 511 510 509 509 509 508 506 506 506 506 504 504 512 512 510 510 510 509 508 508 508 507 506 506 505 505 503 503 502 502 501 500 500 500 498 498 498 497 496 496 495 494 494 493 492 491 491 491 491 489 490 489 488 488 487 487 486 486 486 483 484 475 474 474 473 473 472 472 472 470 471 470 469 467 467 466 466 465 464 463 464 463 462 462 461 461 459 459 457
511 511 511 511 509 509 509 509 509 507 507 506 506 504 504 504 512 511 510 510 509 509 508 508 507 507 506 505 505 505 504 502 502 502 500 500 500 499 498 498 497 497 496 495 495 494 493 493 493 490 491 491 489 489 489 489 488 487 487 486 486 486 485 484 483 483 482 473 473 473 472 472 471 470 470 470 469 468 467 466 466 465 464 463 464 463 462 461 461 460 460 458 457 456
511 511 509 509 509 509 508 507 507 507 506 505 504 504 503 511 510 510 509 509 508 508 507 507 507 506 505 505 505 503 503 502 501 500 500 500 499 498 498 497 496 496 495 495 494 493 493 493 490 490 490 489 489 488 488 488 487 487 485 486 486 485 484 484 483 482 481 481 472 472 472 471 470 469 470 468 468 468 465 466 465 465 463 463 463 462 461 461 460 460 459 457 456 457
509 509 509 509 508 507 507 507 506 506 505 504 503 503 503 510 509 509 509 508 507 507 507 506 505 505 505 503 503 503 502 500 500 500 499 498 498 497 497 496 495 495 495 493 493 493 492 491 490 490 489 489 488 488 487 487 487 485 485 486 485 484 483 483 482 481 481 480 472 471 471 470 469 470 468 468 467 466 465 465 465 463 463 463 462 461 461 459 460 459 458 456 456 455
509 509 508 507 507 507 506 506 505 505 503 503 503 502 509 509 509 508 507 507 507 507 505 505 505 504 503 503 503 502 501 500 499 499 498 497 497 497 495 495 495 494 493 493 492 491 491 490 489 489 488 488 488 486 487 486 485 485 485 485 484 483 483 482 481 481 480 479 479 471 469 469 469 468 468 467 466 465 465 464 463 462 463 461 461 461 459 460 459 458 457 455 455 454
508 508 507 507 506 506 506 505 504 504 503 502 501 509 509 509 507 507 507 507 505 505 505 504 504 503 503 502 502 501 499 499 499 497 497 497 497 495 495 495 493 493 493 492 491 491 490 490 488 488 488 487 486 487 486 485 484 484 485 483 483 483 481 482 480 480 478 479 479 477 469 468 468 467 467 467 465 466 464 463 462 462 461 461 460 459 458 459 457 457 456 455 454 454
507 506 506 506 506 505 504 504 504 504 501 501 509 509 507 507 507 507 506 505 505 504 504 503 503 502 502 501 500 500 499 498 497 497 497 495 495 495 494 493 493 492 492 491 490 490 490 488 488 488 486 486 485 486 485 484 484 485 483 483 482 481 482 481 479 478 478 478 477 477 476 467 467 467 466 465 464 465 463 462 462 461 461 460 459 458 459 458 457 456 456 454 454 453
506 506 506 504 504 504 504 504 502 502 501 501 508 507 507 506 506 505 505 504 504 504 503 502 502 502 500 500 500 500 497 497 497 496 495 495 494 494 493 492 492 492 490 490 490 489 488 489 487 486 486 485 486 484 484 484 482 483 483 482 481 480 481 479 478 478 477 477 476 476 475 467 467 466 465 464 465 463 462 461 460 461 460 459 458 458 458 457 456 456 454 454 453 451
506 504 504 504 504 503 502 502 502 501 500 507 507 506 506 506 505 504 504 504 503 502 502 502 500 500 500 500 499 498 497 496 496 495 494 494 494 492 492 492 490 490 490 489 488 488 487 488 486 485 485 485 484 484 483 482 482 482 482 481 480 481 479 478 477 477 477 476 476 474 474 474 466 465 464 464 463 462 461 460 460 460 458 458 457 458 456 456 455 454 453 453 451 451
504 504 504 503 502 502 502 501 501 499 507 506 506 506 505 504 504 504 503 502 502 502 501 500 500 500 499 498 498 497 496 495 494 494 494 493 492 492 492 490 490 490 489 488 487 487 487 485 485 485 484 484 484 483 482 481 482 482 480 480 479 479 479 477 477 475 476 476 474 474 474 474 472 464 463 463 463 461 460 459 460 459 458 457 457 456 456 455 454 453 453 451 451 450
503 503 502 502 502 501 501 500 500 498 506 506 505 504 504 504 504 502 502 502 501 500 500 500 499 499 498 497 497 497 494 494 494 494 492 492 492 491 490 490 489 489 488 487 487 487 486 485 484 483 483 483 483 482 481 481 481 480 480 479 479 478 478 477 475 476 475 474 474 473 474 472 472 463 462 462 462 459 459 460 459 458 457 457 456 456 455 454 453 454 451 450 450 449
502 502 501 501 501 500 499 499 499 506 504 504 504 504 503 502 502 502 501 501 500 500 499 499 498 497 497 497 496 494 494 494 493 492 492 491 491 490 489 489 489 487 487 487 485 485 486 484 483 482 483 483 481 481 481 481 480 479 479 478 478 478 477 475 475 475 474 473 473 473 472 472 471 470 462 462 460 459 458 459 457 457 456 455 455 455 453 453 452 452 450 450 449 449
501 501 501 501 499 499 499 499 498 504 504 504 503 502 502 502 501 501 500 500 499 499 499 497 497 497 497 495 495 494 493 492 492 491 491 490 489 489 489 487 487 487 486 485 485 485 485 483 482 482 482 481 481 480 479 480 479 479 477 478 478 477 476 474 475 474 473 473 472 472 471 471 469 469 462 460 460 458 459 457 457 456 455 455 455 453 453 452 453 451 450 449 448 448
501 501 499 499 499 499 498 497 504 504 503 503 502 502 501 501 500 499 499 499 499 497 497 497 497 495 495 495 494 493 492 491 491 491 489 489 489 488 487 487 486 486 485 484 484 485 483 482 482 480 481 480 480 479 479 479 479 477 477 477 476 476 474 474 473 473 472 471 472 471 471 469 469 469 468 459 459 457 457 456 456 455 454 455 453 453 452 451 451 450 449 447 448 447
