testData/tiles/oneDegree/grid8.0-16.0-9.0-17.0.asc
ncols   200
nrows   200
xllcorner   8.0
yllcorner   16.0
cellsize   0.005
NODATA_value   -9999.0
[rows 126 to 167 of 200, columns 94 to 187 of 200]
603 604 605 606 607 608 609 611 612 612 613 613 614 614 615 615 615 615 615 615 615 615 616 616 616 615 614 613 613 612 612 611 610 609 608 607 606 605 603 601 600 598 597 595 593 591 589 586 584 581 579 577 574 572 568 565 563 560 556 553 549 544 541 537 533 528 523 518 514 508 502 496 490 483 477 469 459 451 442 431 419 403 384 337 337 336 336 336 335 334 334 334 333 333
603 604 606 607 608 609 610 611 612 612 613 613 614 614 615 615 615 615 615 615 615 615 615 615 615 614 614 613 613 612 612 610 609 608 607 606 605 604 603 601 600 598 596 594 592 591 589 587 585 582 579 577 574 572 568 565 562 559 555 552 549 545 541 537 533 527 523 518 513 508 502 497 491 482 476 468 460 452 442 430 418 403 383 337 337 336 335 335 335 335 334 333 333 333
602 604 605 606 607 608 609 610 612 612 613 613 614 614 615 615 615 615 615 615 615 615 614 615 615 614 614 613 613 612 612 611 610 609 608 606 605 604 602 601 600 598 597 595 591 590 588 586 584 581 579 577 573 571 568 565 563 560 556 551 548 544 540 537 532 527 523 518 514 508 501 496 490 483 475 468 459 451 442 430 418 403 383 336 336 336 336 335 334 334 334 333 333 332
601 603 604 606 607 608 609 610 611 611 612 612 613 613 615 615 615 615 615 615 615 615 615 615 615 614 614 612 612 611 611 610 609 608 607 606 605 604 602 600 599 597 596 594 592 591 589 586 584 581 579 577 574 571 567 564 562 559 555 552 549 544 540 537 532 527 522 517 513 508 502 496 489 482 475 468 459 451 442 430 417 402 383 337 336 335 335 335 334 334 333 333 332 332
602 604 605 606 607 608 609 610 612 612 613 613 614 614 614 614 614 614 614 614 614 614 614 615 615 614 614 613 613 612 612 610 609 608 607 606 605 604 602 601 600 598 596 594 591 590 588 586 584 581 578 576 573 571 568 565 561 558 555 551 548 544 539 536 532 527 523 518 512 506 501 496 490 482 475 467 459 450 440 430 418 403 382 336 336 336 335 334 334 333 333 333 333 331
601 603 604 606 607 608 609 610 610 611 612 612 613 613 615 615 615 615 615 615 615 615 614 614 614 613 613 612 612 611 610 610 609 608 607 605 604 603 601 600 599 597 596 594 591 590 588 586 584 581 579 577 573 570 567 564 561 558 554 551 548 544 540 537 531 526 522 517 513 506 501 495 489 482 474 467 459 451 441 429 417 402 383 336 335 335 335 334 334 334 332 332 332 332
601 603 604 605 606 607 608 609 610 611 612 612 613 613 614 614 614 614 614 614 614 614 614 614 615 614 614 612 612 611 610 610 609 608 607 606 605 604 601 600 599 597 596 593 591 589 588 585 583 580 578 576 573 571 567 564 561 558 555 551 547 543 539 536 532 527 522 517 512 506 501 494 488 482 475 466 458 450 440 430 417 401 382 336 335 335 335 334 333 333 333 332 331 331
601 603 604 605 607 608 609 610 610 611 612 612 613 613 613 614 614 614 614 614 614 614 614 614 614 613 613 612 612 611 610 609 608 607 606 605 604 603 601 600 599 596 595 593 591 589 588 586 584 580 578 576 572 570 567 564 560 557 554 551 548 544 539 535 531 526 522 516 511 506 501 494 487 481 474 467 459 450 439 429 417 401 382 336 335 334 334 334 334 332 332 332 331 331
601 603 604 605 606 607 608 609 609 611 612 612 613 613 614 614 614 614 614 614 614 613 613 613 614 613 613 612 612 611 610 610 609 608 607 605 604 603 601 600 599 597 596 593 590 588 587 585 582 580 578 575 572 570 567 564 561 558 553 550 547 543 539 534 530 526 522 516 511 505 500 494 488 481 474 466 458 450 439 429 417 401 381 335 335 335 333 333 333 333 332 332 331 330
600 602 603 604 606 607 608 609 609 610 611 611 612 612 613 614 614 614 614 614 614 614 614 614 614 613 612 611 611 610 609 609 608 607 606 605 604 603 600 599 598 596 595 593 591 589 587 585 582 580 578 576 572 569 566 563 560 557 554 550 547 543 539 534 530 525 521 516 511 506 500 493 487 481 474 466 458 450 439 428 415 401 381 334 334 334 334 333 333 332 332 331 331 331
601 603 604 605 606 607 608 609 609 611 612 612 612 612 613 613 613 613 613 613 613 613 613 613 613 613 613 612 612 611 609 609 608 607 606 605 604 603 601 600 598 596 594 592 590 588 586 584 581 579 577 575 572 570 567 563 560 557 553 550 547 542 538 534 530 526 521 515 510 505 500 493 487 481 473 466 457 449 439 429 414 400 380 335 334 334 333 333 332 332 332 331 330 330
600 602 603 604 606 607 608 609 609 610 611 611 612 612 612 614 614 614 614 614 613 613 613 613 612 612 612 611 611 610 609 609 608 607 605 604 603 602 600 599 598 596 594 592 590 588 586 584 582 580 577 575 571 569 566 563 560 556 553 550 546 543 539 533 529 525 521 516 510 505 500 493 487 480 473 466 458 447 438 427 415 400 380 334 334 333 333 333 332 331 331 331 330 329
600 602 603 604 605 606 607 608 608 609 611 611 612 612 612 613 613 613 613 613 613 613 613 613 612 612 612 611 611 610 609 609 608 607 606 605 603 602 600 599 598 596 593 592 590 587 585 583 581 579 577 575 571 569 566 563 560 556 552 549 545 542 538 534 529 525 521 515 510 504 499 493 487 481 472 465 457 448 438 427 414 399 379 334 334 333 332 332 332 332 331 330 330 329
600 601 603 604 605 606 607 607 608 609 610 610 611 611 611 612 613 613 613 613 613 613 613 613 612 612 612 611 610 609 608 607 607 606 605 604 603 601 600 598 596 595 593 592 590 588 586 583 581 579 577 574 571 569 565 562 559 556 553 550 545 542 537 533 529 524 520 515 510 505 498 492 486 480 473 465 457 447 438 426 414 399 380 333 333 333 333 332 331 331 330 330 330 329
599 601 603 604 605 606 607 607 608 609 611 611 612 612 612 613 612 612 612 612 612 612 612 612 611 611 612 611 611 610 609 608 607 606 605 604 603 601 600 599 597 594 592 591 589 587 585 583 581 578 576 573 571 568 566 563 559 555 552 549 545 541 537 533 529 525 520 514 509 504 499 492 486 479 472 465 456 447 438 426 413 398 378 334 333 332 332 332 331 331 330 329 329 329
599 600 602 603 604 606 607 607 608 609 609 610 611 611 611 612 613 613 613 613 613 613 612 612 611 611 611 610 609 609 608 607 607 606 605 603 602 600 599 598 596 595 593 592 589 587 585 583 581 579 577 572 570 567 565 562 559 555 552 549 545 542 537 532 528 524 519 515 509 504 498 492 485 479 472 464 456 446 437 426 414 398 377 333 333 332 332 331 330 330 330 330 328 328
598 600 601 603 604 605 606 606 607 608 609 610 610 611 611 612 612 612 612 612 612 612 612 612 611 611 609 610 609 609 608 607 607 606 605 604 602 600 599 598 595 594 592 591 589 587 584 582 580 578 576 573 571 567 565 562 559 555 552 548 544 541 537 533 528 524 518 514 509 503 497 492 486 478 471 463 456 447 436 425 413 398 377 333 332 332 331 331 331 329 329 329 329 328
599 600 601 603 604 605 606 607 608 609 608 609 609 610 610 610 611 612 612 612 612 612 612 611 611 611 610 610 609 608 607 606 605 605 604 603 601 600 599 597 595 594 592 591 589 587 585 582 580 578 575 572 570 567 564 561 558 555 552 549 544 540 536 532 528 523 518 514 509 503 496 491 485 478 471 463 454 446 436 425 412 398 377 332 332 332 331 330 330 330 329 329 328 327
598 599 601 602 604 605 605 606 607 608 608 610 610 611 611 611 612 612 611 611 611 611 611 610 610 610 609 609 609 609 608 607 605 605 604 602 601 600 599 597 595 594 591 590 588 586 584 582 580 577 575 572 570 567 565 561 557 554 551 547 544 539 536 532 528 523 517 513 508 503 497 491 484 477 470 462 454 446 436 424 411 396 376 332 331 331 331 330 330 329 328 328 328 328
598 599 600 601 602 603 605 606 607 608 608 609 609 610 610 610 611 612 612 612 612 612 611 610 610 610 609 609 608 608 607 606 605 604 603 601 600 599 598 597 595 594 592 589 588 586 584 582 580 578 575 571 569 566 563 561 558 554 551 547 544 539 535 531 527 523 518 513 508 502 496 491 484 477 470 462 453 445 435 424 411 395 375 332 331 331 330 330 329 329 329 327 327 327
597 598 600 601 602 603 604 605 606 607 607 609 609 610 610 610 611 611 611 611 611 611 611 610 610 610 608 608 608 608 607 606 605 604 603 602 601 599 598 595 594 593 591 589 588 585 583 581 579 577 574 572 569 566 563 561 557 554 550 546 543 539 536 531 527 521 517 512 507 501 496 490 483 476 469 462 454 444 434 423 411 395 374 331 331 330 330 330 328 328 328 328 327 326
598 599 600 601 602 603 605 606 607 607 607 608 608 609 609 609 609 611 611 611 611 611 610 610 610 610 609 609 608 607 606 605 604 603 602 601 600 599 598 595 594 593 591 589 588 586 584 581 579 577 573 571 569 565 562 560 557 554 550 546 543 538 535 531 526 521 517 512 506 500 495 489 483 477 469 461 453 444 434 423 411 395 373 331 331 330 329 329 329 328 327 327 326 326
597 598 600 601 602 603 604 605 606 606 607 609 609 610 610 610 609 610 610 610 610 610 609 609 609 609 608 608 607 607 607 605 604 603 602 601 600 599 597 595 594 591 590 588 587 585 583 581 578 576 573 571 568 566 563 559 556 553 549 546 542 538 534 531 527 520 516 511 506 501 495 489 482 476 468 461 453 444 433 422 409 394 373 330 330 330 329 329 328 327 327 327 326 325
597 598 599 600 601 602 603 605 606 606 607 608 608 608 609 609 609 610 611 611 610 610 609 609 609 608 608 608 607 606 606 605 604 602 601 600 599 598 597 595 594 592 590 588 586 585 583 581 579 574 572 570 567 565 562 559 555 552 549 546 542 537 533 529 525 521 516 511 505 500 495 488 482 476 468 459 452 443 433 422 408 393 372 330 330 329 328 328 328 328 326 326 326 325
596 597 598 600 601 602 603 604 605 605 606 606 608 608 609 609 609 609 610 610 610 609 609 609 608 607 607 606 606 605 605 605 604 603 602 600 598 597 596 594 593 591 590 588 585 584 582 580 578 575 573 570 567 565 562 558 555 551 548 545 542 538 533 529 524 520 516 510 505 500 495 487 481 475 468 460 451 442 432 421 408 393 371 329 329 329 329 327 327 327 326 326 325 324
595 597 598 599 600 601 602 604 605 605 606 606 607 607 608 608 608 608 609 609 609 609 609 609 609 608 608 606 606 605 605 604 603 602 601 600 599 597 595 594 593 591 590 588 586 583 582 580 577 574 572 570 566 564 561 558 555 552 548 545 540 537 533 528 524 520 516 511 504 499 494 488 481 474 467 459 450 442 432 421 407 391 370 330 329 328 328 327 327 326 326 325 325 325
595 597 598 600 601 602 603 604 604 605 606 605 607 607 608 608 608 608 608 608 608 608 608 608 608 607 607 606 606 604 603 603 602 602 600 599 598 597 595 593 592 590 589 587 585 583 580 578 576 574 572 570 567 564 561 557 554 551 548 544 540 537 533 529 523 519 514 510 504 499 493 487 481 473 466 459 451 440 431 420 407 391 369 329 328 328 328 327 326 326 326 324 324 324
595 597 598 599 600 601 602 603 604 605 606 606 607 607 608 608 607 607 607 608 608 608 608 608 608 607 607 606 606 605 604 603 602 601 600 599 598 597 595 594 592 590 588 587 585 583 581 579 575 573 571 569 566 563 560 557 554 551 548 543 539 536 532 528 523 519 514 509 504 498 492 487 481 473 465 458 450 440 431 419 406 390 368 329 328 327 327 327 326 325 325 324 324 323
594 595 597 598 600 601 602 603 603 604 605 605 606 607 607 608 608 608 608 608 607 607 607 607 606 606 606 605 605 604 603 603 602 600 599 598 597 595 594 593 591 590 587 586 584 582 580 578 576 573 571 568 566 563 560 556 553 550 547 544 539 536 532 527 523 518 513 509 504 499 491 485 479 473 465 458 449 440 429 418 406 388 367 328 328 327 326 326 325 325 325 324 323 323
594 595 597 598 599 600 601 601 603 604 605 605 606 606 606 607 607 607 607 608 608 608 608 607 606 606 606 605 605 604 603 602 602 601 599 598 597 595 594 593 591 590 588 586 584 582 580 578 575 573 570 567 565 562 560 557 553 550 547 542 539 534 531 527 523 519 513 507 503 497 491 485 479 472 464 456 448 440 429 417 404 389 366 328 327 326 326 326 325 324 324 324 323 322
593 594 595 597 599 600 600 601 602 603 603 604 604 606 606 607 607 607 607 607 607 607 607 607 606 605 604 604 603 603 602 601 600 600 599 598 595 594 593 592 590 589 587 586 583 581 579 577 575 573 570 567 565 562 558 556 552 549 546 542 539 534 531 526 522 517 512 507 502 497 491 484 478 472 465 456 447 439 429 417 404 387 364 327 327 327 325 325 325 324 323 323 322 322
592 594 595 596 598 598 599 600 602 603 603 604 604 605 605 605 606 606 606 606 607 607 607 606 606 606 605 604 603 603 602 601 600 599 599 597 596 594 593 592 590 589 587 585 584 581 579 576 574 572 569 566 564 561 558 556 553 549 545 541 538 534 529 526 521 517 512 506 501 496 491 484 478 470 464 455 447 438 428 416 403 387 364 326 326 326 325 325 324 323 323 323 321 321
593 594 595 596 597 599 600 601 602 603 603 603 603 605 605 605 606 606 606 606 606 606 606 605 605 605 604 604 602 602 601 600 599 598 597 596 595 594 592 590 589 588 586 584 583 581 578 576 574 572 569 567 564 561 557 554 552 549 544 541 538 534 529 524 520 516 512 506 501 495 489 483 477 470 463 454 446 437 427 415 401 386 363 326 326 325 324 324 324 323 322 322 321 321
592 594 595 596 597 598 599 600 601 602 603 604 604 605 605 604 604 605 605 605 606 606 605 605 605 605 604 604 603 602 601 600 599 598 597 596 595 594 593 590 589 587 586 584 582 581 578 575 573 571 568 566 563 560 557 554 551 548 543 540 536 533 529 524 520 516 510 506 500 495 489 484 476 469 462 455 446 437 426 414 401 385 362 325 325 325 324 323 323 322 322 321 320 320
592 593 594 595 596 598 599 600 601 601 602 603 603 603 605 605 605 605 605 605 605 605 604 604 604 603 603 603 602 601 601 599 598 597 596 595 594 593 592 590 588 586 585 583 581 580 578 575 573 570 568 566 563 559 556 553 550 547 544 540 536 533 528 523 519 515 510 506 500 494 488 482 475 469 462 453 444 436 426 415 400 384 360 325 325 324 323 323 323 321 321 321 320 320
590 592 594 595 596 597 598 599 600 601 602 602 603 603 604 604 604 604 605 605 605 604 604 604 604 603 603 602 602 601 601 600 598 597 596 595 594 593 591 590 589 586 585 583 581 579 578 575 571 569 567 565 562 560 556 553 550 547 543 539 535 532 528 524 519 514 509 505 499 493 488 482 474 468 461 453 444 434 424 413 399 383 359 324 324 324 323 322 322 321 321 320 320 320
590 592 593 594 595 597 598 599 599 600 601 601 602 602 604 604 604 604 604 604 604 603 603 603 603 602 602 601 601 600 599 599 598 596 595 594 593 592 590 589 588 585 584 582 580 578 576 574 571 569 567 564 562 558 555 552 549 546 543 539 535 531 527 523 518 513 509 504 497 492 487 481 474 467 459 452 443 434 424 412 398 382 358 324 323 323 322 322 321 321 320 321 320 319
589 591 593 594 595 596 597 598 598 599 601 601 602 602 603 603 603 603 603 603 603 604 604 603 603 602 602 601 601 600 599 599 598 597 595 594 593 592 590 589 587 586 583 582 580 578 575 573 571 568 566 563 561 558 555 552 549 545 542 538 534 530 527 523 518 512 508 503 498 492 487 480 474 466 459 452 443 433 423 412 398 380 356 323 323 323 321 321 321 320 319 320 319 319
589 590 592 593 594 595 597 597 598 599 600 600 601 601 601 603 603 603 603 603 603 603 603 603 601 601 601 600 600 599 598 597 597 596 595 593 592 590 589 588 586 585 582 581 579 577 575 573 571 568 566 563 560 557 554 551 548 545 542 538 534 529 525 522 516 512 508 503 497 491 485 480 474 466 458 451 441 432 423 410 396 380 355 322 322 322 321 321 320 319 320 320 318 319
588 589 591 593 594 595 596 596 597 598 599 600 600 601 601 602 602 602 602 602 602 603 603 603 602 601 600 600 599 599 598 597 597 596 595 593 591 590 589 588 586 585 583 581 579 577 574 572 570 567 564 562 560 557 554 551 548 544 540 537 533 529 525 521 516 511 507 502 497 491 485 478 472 465 458 450 440 431 421 410 396 378 353 322 322 321 320 320 320 319 319 319 318 319
588 589 590 591 593 593 595 596 597 598 598 599 599 600 600 601 602 602 602 602 602 602 602 601 601 601 599 599 598 598 597 596 595 594 594 592 590 589 588 587 585 584 582 579 578 576 574 572 570 568 564 562 558 556 553 549 546 543 540 537 532 528 524 520 516 511 506 502 496 489 484 478 472 464 457 449 440 431 420 409 394 377 352 321 321 321 320 319 319 319 319 318 318 318
587 588 589 591 592 593 594 595 596 597 598 599 599 600 600 600 601 601 601 601 601 601 602 601 601 601 599 599 598 598 597 596 595 594 593 592 590 589 588 586 585 583 582 579 577 575 573 571 569 566 563 561 558 556 553 549 546 542 539 536 531 528 524 520 515 510 505 500 495 489 483 477 471 463 456 449 439 430 420 408 393 376 350 321 321 320 319 319 319 318 318 318 318 317
