testData/tiles/oneDegree/grid28.0-21.0-29.0-22.0.asc
ncols   200
nrows   200
xllcorner   28.0
yllcorner   21.0
cellsize   0.005
NODATA_value   -9999.0
[rows 84 to 125 of 200, columns 94 to 187 of 200]
499 499 498 498 497 498 498 498 498 498 499 499 498 498 499 499 499 499 499 499 500 500 499 499 500 499 500 500 500 500 500 500 500 499 500 499 499 499 499 499 500 499 499 499 499 499 500 500 499 499 499 499 500 500 498 498 498 497 497 499 498 498 498 497 497 497 498 498 498 497 497 496 495 495 497 496 496 496 495 495 495 494 494 496 495 494 494 493 493 493 492 492 493 493
498 498 498 497 497 498 497 497 498 499 498 498 498 498 499 499 498 498 499 500 499 499 499 499 500 500 499 499 499 500 500 500 500 498 499 500 499 499 499 498 499 500 499 499 499 498 499 499 499 499 499 498 499 498 498 498 498 498 497 498 498 497 498 498 497 497 498 497 497 497 496 496 496 495 496 496 495 495 495 495 495 495 495 495 495 493 493 493 493 493 493 492 493 493
497 498 497 497 496 498 498 497 497 498 499 498 498 498 498 498 499 498 498 499 498 499 499 499 499 499 500 499 499 500 499 499 499 498 499 499 499 498 499 499 499 499 499 498 498 499 499 499 499 498 498 499 499 498 498 497 497 497 496 498 498 497 497 497 496 496 498 497 497 497 496 495 495 495 496 496 496 495 495 494 494 494 493 495 495 493 493 493 492 492 492 491 493 493
498 496 496 497 497 497 497 497 497 498 498 497 497 498 499 498 498 498 498 499 499 498 498 498 500 499 499 499 498 499 500 498 498 498 498 499 499 498 498 498 498 498 499 499 498 498 499 498 499 499 498 498 498 497 497 498 497 497 497 497 497 497 497 497 497 496 497 497 496 495 496 495 495 495 495 495 495 494 494 495 494 494 494 494 493 493 492 492 493 492 492 492 492 492
496 497 496 496 496 497 497 497 497 497 497 498 497 497 498 498 498 498 498 498 498 499 498 498 499 498 498 499 499 499 499 498 497 498 499 498 498 498 497 498 499 498 498 498 497 498 499 498 498 498 498 497 498 498 497 497 497 496 496 498 497 497 497 496 496 496 497 497 497 495 495 495 494 494 496 495 495 495 494 494 494 493 493 495 493 493 493 492 492 492 491 491 493 492
496 496 496 495 496 497 497 496 496 498 497 497 497 496 498 498 497 497 497 499 498 498 498 497 499 499 498 498 498 498 498 498 498 497 498 498 498 498 498 497 498 498 498 498 498 497 498 498 497 498 498 496 497 497 496 497 497 496 496 497 496 496 496 496 496 496 496 496 495 494 495 495 494 494 495 494 494 494 493 494 494 493 493 493 492 492 492 491 492 492 491 491 492 491
496 495 496 496 495 496 496 496 496 497 497 496 497 497 497 497 497 497 497 498 498 497 498 498 498 498 498 497 498 498 497 497 497 497 498 498 497 497 497 498 498 498 498 497 497 497 498 498 498 497 497 496 496 497 497 496 496 496 495 497 497 496 496 496 495 495 496 496 495 495 494 494 494 493 494 495 494 494 494 493 493 493 492 493 493 492 492 492 491 491 491 490 492 492
496 496 495 495 495 496 496 496 495 496 497 497 496 496 497 497 497 497 496 497 498 497 497 497 498 498 498 498 496 497 497 497 497 497 496 497 497 497 497 497 497 497 497 497 497 497 497 497 497 498 496 496 496 496 496 496 496 496 496 496 496 496 495 496 496 495 495 495 494 494 494 494 494 494 494 494 494 493 493 494 493 493 492 492 492 492 491 491 491 491 491 490 491 491
495 495 494 495 495 496 495 495 496 496 496 496 495 496 497 497 496 496 497 497 497 497 496 497 498 497 497 496 496 497 497 497 496 496 497 497 497 497 496 496 498 497 497 497 496 496 498 497 497 496 495 495 495 496 496 496 495 495 495 495 496 496 495 495 495 494 494 495 494 494 494 493 493 493 493 494 494 493 493 493 492 492 491 492 492 492 491 491 491 490 490 490 490 491
493 495 495 494 494 495 496 495 495 496 495 496 496 495 496 496 496 496 496 497 496 497 497 496 497 497 496 496 496 496 496 496 496 496 496 497 496 497 497 496 497 497 496 497 497 496 497 497 495 495 496 495 495 496 495 495 496 495 495 496 495 495 495 494 495 495 493 494 494 493 493 494 493 493 494 493 493 493 492 493 493 491 491 492 491 491 491 490 491 491 490 490 491 490
494 494 494 494 494 495 495 494 494 496 496 495 495 495 496 496 496 495 495 497 496 496 496 496 497 496 496 495 495 497 496 496 496 495 495 497 496 496 496 495 496 497 496 496 496 496 496 497 496 495 495 495 494 496 496 495 495 495 494 494 496 495 495 495 494 494 493 493 494 494 493 493 493 492 492 493 493 493 493 492 492 490 490 491 491 491 491 490 490 490 489 489 489 490
493 494 494 494 494 494 494 495 494 494 495 495 495 495 496 495 495 496 495 496 496 495 496 496 495 495 495 496 495 496 496 495 496 496 495 496 496 495 496 496 495 496 496 495 496 496 495 495 495 494 494 495 494 495 495 494 494 495 494 494 495 494 494 494 494 493 493 493 493 493 492 492 493 492 492 493 492 492 492 491 491 491 490 491 491 490 490 490 489 490 490 489 489 489
492 494 494 493 493 495 494 494 494 493 495 495 494 494 495 496 495 495 495 495 496 496 495 494 495 495 495 495 494 495 496 495 495 495 495 495 496 496 495 495 495 495 496 496 495 495 494 494 495 495 494 494 494 494 495 495 494 494 494 493 494 495 494 494 493 492 492 493 493 493 493 492 492 492 491 492 493 492 492 491 490 490 490 490 490 491 490 490 489 489 489 488 488 488
492 493 493 492 493 494 494 493 494 494 494 494 494 494 495 495 494 494 495 496 495 495 494 494 495 495 494 494 495 494 495 495 494 494 495 495 495 495 494 495 495 495 495 495 495 494 494 495 494 494 494 493 494 495 494 494 494 493 494 494 494 494 494 493 492 493 492 493 493 492 492 492 491 492 491 492 492 491 491 490 489 490 490 489 490 490 489 489 489 488 489 489 487 488
492 492 493 493 492 493 493 494 493 493 494 494 494 494 493 494 495 494 494 495 494 494 494 494 494 494 495 494 494 494 494 495 495 494 494 495 494 495 495 494 494 495 494 495 494 493 493 494 493 494 494 493 493 494 493 494 494 493 493 493 493 493 494 492 492 492 491 492 492 492 492 492 491 491 491 491 491 492 490 490 490 489 489 489 489 489 490 489 489 489 488 488 486 487
491 493 492 492 492 493 493 493 492 492 494 494 493 493 494 494 494 494 493 494 494 493 493 493 493 494 494 493 493 494 495 494 494 494 493 495 495 494 494 494 494 495 495 494 493 493 493 494 494 493 493 493 492 494 494 493 493 493 492 493 494 493 492 492 491 491 492 491 492 492 491 491 491 490 491 492 491 491 490 489 489 488 489 489 489 489 489 488 488 488 487 487 487 486
491 492 492 491 492 492 492 492 493 492 493 493 492 493 493 494 493 494 493 492 493 493 493 493 493 493 493 494 493 493 494 493 493 494 493 494 494 493 494 494 493 494 494 493 493 493 493 493 493 493 493 493 493 492 493 493 492 493 493 492 493 492 491 492 491 491 491 490 491 491 490 491 491 490 490 490 490 489 490 489 489 489 488 488 489 488 488 489 488 488 488 486 486 486
490 491 492 491 491 491 492 492 492 492 492 493 493 492 492 493 493 492 492 492 493 493 493 492 492 494 493 493 493 492 493 494 493 493 493 492 494 494 493 493 493 493 493 493 492 492 492 492 493 493 492 492 492 491 493 493 492 492 492 491 491 492 491 491 491 490 490 490 491 491 491 490 490 490 489 490 490 489 489 489 488 488 488 488 489 489 488 488 487 487 486 485 486 486
490 491 491 491 490 491 492 492 491 491 493 492 492 492 492 493 492 491 491 492 492 492 492 491 492 493 493 492 492 493 493 493 493 492 493 493 493 493 493 492 493 492 492 492 492 492 492 492 492 492 492 492 492 492 492 492 492 491 492 492 490 491 491 490 490 491 490 490 491 490 490 490 490 490 489 488 489 488 488 488 488 488 488 487 487 488 487 487 488 486 486 486 485 485
501 490 490 490 491 490 491 491 491 491 491 492 491 492 491 491 491 492 491 491 492 491 492 492 491 492 492 492 492 492 492 492 493 492 492 492 492 493 493 492 491 491 492 492 492 492 491 491 492 492 492 492 491 491 491 492 492 491 491 490 489 490 491 490 490 490 489 489 490 490 490 490 489 489 489 487 489 489 488 488 488 487 487 487 487 488 488 487 487 485 485 485 484 485
500 500 490 490 490 490 490 491 491 490 490 492 491 490 490 490 491 491 491 490 492 492 491 491 491 492 492 492 491 491 492 492 492 492 491 491 493 492 492 491 490 491 492 491 491 491 490 491 492 491 491 491 490 491 492 491 491 491 489 490 490 490 490 490 489 489 490 489 489 490 489 489 489 489 488 488 487 488 488 487 487 487 487 487 486 487 487 486 485 486 485 485 485 484
499 500 490 489 489 489 491 490 490 490 490 490 490 489 490 490 490 490 490 490 491 491 490 490 491 491 491 491 491 491 491 492 491 491 492 491 492 491 490 491 491 490 491 491 490 491 491 490 491 491 490 491 491 490 490 491 490 490 490 489 489 489 489 490 490 489 489 488 488 489 489 489 489 487 487 487 486 487 488 487 487 487 486 486 486 485 487 486 485 485 485 484 484 483
500 499 500 489 489 489 490 489 489 490 489 489 489 490 489 489 490 490 490 490 489 490 491 490 490 490 490 491 491 490 490 491 491 491 491 490 489 491 490 490 490 489 490 491 490 490 490 489 490 491 490 490 490 489 489 491 489 489 489 488 488 489 489 489 489 488 488 488 488 489 489 488 487 487 486 487 487 487 487 487 486 486 486 486 486 485 485 485 484 484 484 484 484 484
499 499 499 500 489 488 488 490 488 488 488 488 489 489 489 488 490 490 489 489 489 490 490 490 489 490 491 490 490 490 490 491 491 490 490 490 489 490 490 489 489 490 489 490 490 489 490 490 489 490 490 489 490 490 489 489 489 488 488 489 488 488 489 488 488 489 488 488 488 488 488 488 487 487 486 486 486 486 486 486 486 486 486 485 485 485 484 484 485 484 484 484 483 483
498 498 500 499 488 488 487 488 488 487 487 489 488 488 488 488 489 489 488 489 489 490 489 489 490 489 490 490 489 490 490 490 490 490 489 489 489 489 489 490 489 489 489 489 489 490 489 489 489 489 490 490 489 489 488 488 489 489 488 488 487 487 488 488 488 488 487 487 487 486 488 487 486 486 486 485 485 486 486 486 486 485 485 485 484 484 483 484 484 483 483 483 482 483
497 498 498 498 497 487 487 487 487 488 487 487 488 487 488 488 488 488 489 488 488 489 488 489 489 488 489 490 489 489 489 488 490 489 488 488 488 489 489 489 488 488 488 489 489 489 488 488 489 489 489 489 488 487 488 487 488 488 487 487 487 487 487 488 487 487 487 487 487 487 486 486 486 485 486 486 485 485 485 485 485 484 485 485 483 483 483 483 483 483 483 483 483 482
497 497 496 497 497 497 486 486 487 487 487 486 487 488 487 487 487 488 488 488 487 489 489 488 488 488 488 489 489 488 488 488 488 488 488 487 488 489 488 488 488 488 488 489 488 488 488 488 488 489 488 488 488 487 487 487 487 487 488 487 487 487 486 487 487 487 487 486 486 485 485 485 486 485 485 485 484 484 485 485 485 485 484 483 483 482 482 484 483 483 482 482 482 481
496 496 495 496 497 496 485 486 486 486 486 485 487 487 486 486 487 487 487 487 488 487 488 488 487 488 488 488 488 489 487 487 488 487 488 488 487 487 488 488 488 488 487 487 488 488 488 488 487 487 489 487 487 486 486 486 487 487 487 486 486 486 485 487 487 486 486 486 484 485 485 485 485 485 484 484 485 484 484 484 484 484 483 482 483 482 482 482 482 482 482 481 482 482
495 495 495 496 496 496 495 485 486 485 485 486 486 486 486 486 486 487 486 487 487 486 487 487 487 487 487 487 488 487 486 486 487 487 487 487 486 486 488 487 487 487 486 487 488 487 487 487 486 487 487 486 486 486 485 486 486 486 486 486 485 486 486 485 486 486 485 485 485 484 484 484 484 484 484 484 484 483 483 484 483 484 483 482 482 482 481 481 482 482 482 481 481 481
494 494 495 495 495 495 495 495 485 485 485 485 486 485 486 486 485 486 487 486 486 486 487 487 487 486 486 487 486 486 486 485 486 487 486 486 486 486 487 487 486 486 487 486 487 487 486 487 487 485 486 486 485 486 486 485 485 486 485 486 485 485 485 484 485 486 484 484 484 483 483 484 484 484 484 483 483 483 482 483 484 482 482 481 481 481 481 481 481 481 481 481 480 480
494 494 494 494 494 495 495 494 484 485 484 484 484 485 485 485 484 486 486 486 485 486 487 486 486 486 485 485 486 485 486 486 485 486 486 486 486 486 485 486 487 486 486 486 486 486 486 486 485 484 484 486 485 485 485 484 484 486 485 485 485 484 484 485 485 484 484 483 483 484 483 483 484 483 483 482 483 483 482 482 482 481 481 481 481 481 481 480 480 481 480 480 480 479
494 494 493 493 494 494 494 494 495 484 484 483 484 485 484 484 485 484 485 485 485 485 485 485 484 485 484 484 485 485 485 485 484 485 486 485 485 485 484 486 486 485 485 485 485 486 485 484 484 484 484 485 485 484 484 485 484 484 485 484 484 485 484 484 482 483 483 483 483 483 482 482 483 482 483 483 482 482 482 480 481 482 481 481 480 480 480 479 479 480 480 480 479 478
494 493 492 492 494 494 493 493 494 494 483 484 483 484 484 484 484 484 484 484 485 484 483 484 484 484 484 483 485 485 484 484 484 484 485 485 484 484 485 485 485 485 484 485 485 484 484 484 484 484 484 484 484 483 484 484 483 483 484 484 484 484 483 482 482 482 483 483 482 482 482 481 482 483 482 482 481 481 480 480 480 481 480 480 480 479 480 480 479 479 480 478 478 477
493 493 492 492 493 493 492 493 493 493 482 483 482 483 483 484 483 483 484 484 484 483 482 484 484 483 483 484 484 484 484 483 484 484 484 484 484 484 484 484 484 484 484 484 483 483 483 484 483 483 483 482 484 484 483 483 483 482 484 484 483 483 482 481 482 483 482 482 481 481 482 481 481 482 481 481 481 480 480 480 479 480 480 479 480 479 479 479 478 478 478 477 478 478
494 492 492 492 491 492 492 492 492 493 493 482 482 481 483 483 482 482 483 482 482 482 482 482 483 482 482 483 482 483 483 483 483 483 483 483 484 483 483 483 484 484 483 482 482 483 483 483 483 482 482 483 483 483 483 482 483 483 482 483 482 481 482 481 481 481 481 481 482 481 481 481 480 481 481 481 480 479 479 479 478 478 480 479 479 479 478 478 478 478 477 478 477 477
492 493 491 491 491 491 492 492 491 492 493 492 481 481 482 482 482 481 481 482 481 481 482 481 482 482 482 482 482 482 483 483 482 482 483 483 483 483 482 483 484 482 482 482 482 482 483 482 482 482 482 482 482 482 482 482 482 482 481 482 481 481 481 481 480 480 481 481 481 480 480 480 479 480 481 479 479 479 478 478 479 478 479 479 478 478 477 478 478 476 476 476 476 476
492 492 491 491 490 490 491 491 490 491 492 491 480 481 481 480 480 481 480 481 481 481 481 481 481 482 482 481 481 482 482 482 481 481 482 482 482 482 482 482 482 481 481 482 481 481 482 481 482 482 481 481 481 481 482 482 481 481 480 481 481 480 480 480 479 480 480 480 480 480 479 480 480 479 479 479 478 478 478 478 478 477 477 478 477 478 478 477 476 476 475 475 475 476
491 491 492 490 490 490 490 490 490 490 491 491 490 479 479 479 480 480 479 480 481 480 480 480 481 481 481 480 480 481 481 481 481 481 481 482 481 481 481 480 480 481 481 481 481 480 480 482 481 481 481 480 481 481 481 481 480 479 480 479 480 480 479 479 480 479 479 480 479 479 480 479 479 477 477 478 478 478 478 477 477 477 476 478 478 477 477 475 475 475 474 475 475 475
491 491 491 491 489 489 490 489 489 490 489 489 490 489 478 479 479 479 479 478 480 480 479 479 480 480 480 480 480 480 481 480 481 481 480 480 481 480 480 480 479 481 480 480 480 479 480 481 480 480 480 480 480 480 480 480 479 479 479 479 479 479 480 479 479 478 478 478 479 479 479 478 477 477 476 478 478 477 477 476 476 477 476 476 477 476 475 475 475 475 475 474 474 474
491 489 491 490 488 489 489 488 487 488 487 488 489 488 477 478 478 478 478 478 479 479 478 479 479 479 479 480 479 479 480 479 480 480 479 478 480 479 479 479 478 479 480 479 479 480 479 479 480 479 480 480 479 479 480 478 479 478 478 478 477 479 479 478 478 478 477 478 479 478 478 477 476 477 476 476 477 476 476 476 476 476 476 475 475 475 474 475 474 474 474 473 473 473
490 490 490 489 489 488 488 487 487 487 487 487 488 488 487 477 478 477 477 478 478 478 478 478 478 478 478 479 479 478 478 480 479 478 478 478 479 479 478 478 479 478 479 479 478 479 478 478 479 479 479 479 478 477 478 478 478 478 477 477 478 478 478 478 477 477 477 477 477 477 476 476 476 476 476 475 476 476 476 476 475 475 475 474 473 475 474 474 474 473 473 473 473 473
489 489 490 488 487 488 486 486 487 486 486 487 487 487 487 476 477 477 476 477 477 477 477 478 477 477 478 478 478 478 477 479 478 477 477 477 477 478 477 478 478 477 478 478 478 478 478 477 478 479 478 478 477 476 477 478 477 477 476 477 477 476 477 477 476 477 477 476 476 476 476 476 476 475 475 474 474 476 475 475 475 474 474 474 473 473 473 473 473 472 473 473 472 472
