testData/tiles/oneDegree/grid48.0-31.0-49.0-32.0.asc
ncols   200
nrows   200
xllcorner   48.0
yllcorner   31.0
cellsize   0.005
NODATA_value   -9999.0
[rows 0 to 41 of 200, columns 0 to 93 of 200]
535 535 535 535 535 535 535 535 535 535 535 535 535 535 535 535 535 534 534 534 534 534 534 534 534 534 534 534 533 533 533 533 533 533 533 532 532 557 557 557 557 557 556 556 556 556 557 557 559 560 561 562 562 563 564 565 566 566 567 567 568 568 569 570 570 571 572 573 573 574 575 575 576 576 577 578 491 492 492 493 494 494 495 495 496 496 497 497 498 498 499 499 500 500
535 535 535 535 535 535 535 535 535 535 535 535 535 535 535 535 535 535 534 534 534 534 534 534 534 534 534 534 533 533 533 533 533 533 533 533 532 532 532 532 532 557 556 556 556 556 556 555 555 555 555 557 557 558 559 560 561 561 562 563 564 564 565 566 567 567 568 569 570 570 571 572 572 573 574 487 488 489 489 490 491 491 492 492 493 493 494 494 495 496 496 497 497 498
535 535 535 535 535 535 535 535 535 535 535 535 535 535 535 535 535 535 534 534 534 534 534 534 534 534 534 534 533 533 533 533 533 533 533 533 532 532 532 532 532 532 531 531 531 531 556 555 555 555 555 555 554 554 554 555 556 556 557 558 559 559 560 561 562 563 564 565 566 566 567 568 569 570 483 484 485 485 486 487 487 488 489 489 490 490 491 491 492 493 493 494 494 495
535 535 535 535 535 535 535 535 535 535 535 535 535 535 535 535 535 535 534 534 534 534 534 534 534 534 534 534 533 533 533 533 533 533 533 533 532 532 532 532 532 532 531 531 531 531 531 531 530 530 555 555 554 554 554 554 554 553 553 553 554 554 555 556 557 558 559 560 561 562 563 564 565 479 479 480 481 482 482 483 484 484 485 486 486 487 488 488 489 489 490 490 491 492
535 535 535 535 535 535 535 535 535 535 535 535 535 535 535 535 535 535 535 534 534 534 534 534 534 534 534 534 534 533 533 533 533 533 533 533 532 532 532 532 532 532 531 531 531 531 531 531 530 530 530 530 530 529 529 554 554 553 553 553 553 552 552 552 552 553 554 555 556 557 558 559 473 474 475 476 477 477 478 479 480 481 481 482 483 483 484 485 485 486 487 487 488 488
535 535 535 535 535 535 535 535 535 535 535 535 535 535 535 535 535 535 535 534 534 534 534 534 534 534 534 534 534 533 533 533 533 533 533 533 532 532 532 532 532 532 531 531 531 531 531 531 530 530 530 530 530 529 529 529 529 528 528 528 553 552 552 552 552 552 552 552 552 552 552 467 468 469 470 471 472 473 474 475 475 476 477 478 479 479 480 481 482 482 483 484 484 485
535 535 535 535 535 535 535 535 535 535 535 535 535 535 535 535 535 535 535 534 534 534 534 534 534 534 534 534 534 533 533 533 533 533 533 533 532 532 532 532 532 532 532 531 531 531 531 531 530 530 530 530 530 529 529 529 529 528 528 528 528 527 527 527 527 552 552 552 552 552 465 465 465 465 465 465 466 467 468 469 470 471 472 473 474 475 476 477 477 478 479 480 480 481
535 535 535 535 535 535 535 535 535 535 535 535 535 535 535 535 535 535 535 534 534 534 534 534 534 534 534 534 534 533 533 533 533 533 533 533 533 532 532 532 532 532 532 531 531 531 531 531 530 530 530 530 530 529 529 529 529 528 528 528 528 527 527 527 527 527 527 527 527 440 465 465 465 465 465 465 465 465 465 465 465 466 467 468 469 470 471 472 473 473 474 475 476 477
535 535 535 535 535 535 535 535 535 535 535 535 535 535 535 535 535 535 535 535 534 534 534 534 534 534 534 534 534 533 533 533 533 533 533 533 533 532 532 532 532 532 532 531 531 531 531 531 530 530 530 530 530 529 529 529 529 528 528 528 528 527 527 527 527 527 527 527 440 440 440 440 440 440 440 440 465 465 465 465 465 465 465 465 465 465 465 466 467 468 469 470 471 472
535 535 535 535 535 535 535 535 535 535 535 535 535 535 535 535 535 535 535 535 534 534 534 534 534 534 534 534 534 533 533 533 533 533 533 533 533 532 532 532 532 532 532 531 531 531 531 531 530 530 530 530 530 529 529 529 529 528 528 528 528 527 527 527 527 527 527 440 440 440 440 440 440 440 440 440 440 440 440 440 440 440 465 465 465 465 465 465 465 465 465 465 465 466
535 535 535 535 535 535 535 535 535 535 535 535 535 535 535 535 535 535 535 535 534 534 534 534 534 534 534 534 534 534 533 533 533 533 533 533 533 532 532 532 532 532 532 531 531 531 531 531 530 530 530 530 530 529 529 529 529 528 528 528 528 527 527 527 527 527 440 440 440 440 440 440 440 440 440 440 440 440 440 440 440 440 440 440 440 440 440 465 465 465 465 465 465 465
535 535 535 535 535 535 535 535 535 535 535 535 535 535 535 535 535 535 535 535 534 534 534 534 534 534 534 534 534 534 533 533 533 533 533 533 533 532 532 532 532 532 532 531 531 531 531 531 530 530 530 530 530 529 529 529 529 528 528 528 528 528 527 527 527 440 440 440 440 440 440 440 440 440 440 440 440 440 440 440 440 440 440 440 440 440 440 440 440 440 440 440 440 465
535 535 535 535 535 535 535 535 535 535 535 535 535 535 535 535 535 535 535 535 534 534 534 534 534 534 534 534 534 534 533 533 533 533 533 533 533 532 532 532 532 532 532 531 531 531 531 531 530 530 530 530 530 529 529 529 529 529 528 528 528 528 527 527 440 440 440 440 440 440 440 440 440 440 440 440 440 440 440 440 440 440 440 440 440 440 440 440 440 440 440 440 440 440
535 535 535 535 535 535 535 535 535 535 535 535 535 535 535 535 535 535 535 535 534 534 534 534 534 534 534 534 534 534 533 533 533 533 533 533 533 532 532 532 532 532 532 531 531 531 531 531 530 530 530 530 530 529 529 529 529 529 528 528 528 528 527 440 440 440 440 440 440 440 440 440 440 440 440 440 440 440 440 440 440 440 440 440 440 440 440 440 440 440 440 440 440 440
535 535 535 535 535 535 535 535 535 535 535 535 535 535 535 535 535 535 535 535 534 534 534 534 534 534 534 534 534 534 533 533 533 533 533 533 533 532 532 532 532 532 532 531 531 531 531 531 530 530 530 530 530 529 529 529 529 529 528 528 528 528 440 440 440 440 440 440 440 440 440 440 440 440 440 440 440 440 440 440 440 440 440 440 440 440 440 440 440 440 440 440 440 440
535 535 535 535 535 535 535 535 535 535 535 535 535 535 535 535 535 535 535 535 534 534 534 534 534 534 534 534 534 534 533 533 533 533 533 533 533 532 532 532 532 532 532 531 531 531 531 531 530 530 530 530 530 529 529 529 529 529 528 528 528 441 440 440 440 440 440 440 440 440 440 440 440 440 440 440 440 440 440 440 440 440 440 440 440 440 440 440 440 440 440 440 440 440
535 535 535 535 535 535 535 535 535 535 535 535 535 535 535 535 535 535 535 535 534 534 534 534 534 534 534 534 534 534 533 533 533 533 533 533 533 532 532 532 532 532 532 531 531 531 531 531 530 530 530 530 530 529 529 529 529 529 528 528 441 441 440 440 440 440 440 440 440 440 440 440 440 440 440 440 440 440 440 440 440 440 440 440 440 440 440 440 440 440 440 440 440 440
535 535 535 535 535 535 535 535 535 535 535 535 535 535 535 535 535 535 535 535 534 534 534 534 534 534 534 534 534 534 533 533 533 533 533 533 533 532 532 532 532 532 532 531 531 531 531 531 530 530 530 530 530 529 529 529 529 529 528 441 441 441 440 440 440 440 440 440 440 440 440 440 440 440 440 440 440 440 440 440 440 440 440 440 440 440 440 440 440 440 440 440 440 440
535 535 535 535 535 535 535 535 535 535 535 535 535 535 535 535 535 535 535 535 534 534 534 534 534 534 534 534 534 534 533 533 533 533 533 533 533 532 532 532 532 532 532 531 531 531 531 531 530 530 530 530 530 529 529 529 529 442 441 441 441 441 440 440 440 440 440 440 440 440 440 440 440 440 440 440 440 440 440 440 440 440 440 440 440 440 440 440 440 440 440 440 440 440
535 535 535 535 535 535 535 535 535 535 535 535 535 535 535 535 535 535 535 535 534 534 534 534 534 534 534 534 534 534 533 533 533 533 533 533 533 532 532 532 532 532 532 531 531 531 531 531 530 530 530 530 530 529 529 529 442 442 441 441 441 441 440 440 440 440 440 440 440 440 440 440 440 440 440 440 440 440 440 440 440 440 440 440 440 440 440 440 440 440 440 440 440 440
535 535 535 535 535 535 535 535 535 535 535 535 535 535 535 535 535 535 535 535 534 534 534 534 534 534 534 534 534 534 533 533 533 533 533 533 533 532 532 532 532 532 532 531 531 531 531 531 530 530 530 530 530 529 529 442 442 442 441 441 441 441 440 440 440 440 440 440 440 440 440 440 440 440 440 440 440 440 440 440 440 440 440 440 440 440 440 440 440 440 440 440 440 440
535 535 535 535 535 535 535 535 535 535 535 535 535 535 535 535 535 535 535 535 534 534 534 534 534 534 534 534 534 534 533 533 533 533 533 533 533 532 532 532 532 532 532 531 531 531 531 531 530 530 530 530 530 529 442 442 442 442 441 441 441 441 440 440 440 440 440 440 440 440 440 440 440 440 440 440 440 440 440 440 440 440 440 440 440 440 440 440 440 440 440 440 440 440
535 535 535 535 535 535 535 535 535 535 535 535 535 535 535 535 535 535 535 535 534 534 534 534 534 534 534 534 534 534 533 533 533 533 533 533 533 532 532 532 532 532 532 531 531 531 531 531 530 530 530 530 530 442 442 442 442 442 441 441 441 441 440 440 440 440 440 440 440 440 440 440 440 440 440 440 440 440 440 440 440 440 440 440 440 440 440 440 440 440 440 440 440 440
535 535 535 535 535 535 535 535 535 535 535 535 535 535 535 535 535 535 535 535 534 534 534 534 534 534 534 534 534 534 533 533 533 533 533 533 533 532 532 532 532 532 532 531 531 531 531 531 530 530 530 530 443 442 442 442 442 442 441 441 441 441 440 440 440 440 440 440 440 440 440 440 440 440 440 440 440 440 440 440 440 440 440 440 440 440 440 440 440 440 440 440 440 440
535 535 535 535 535 535 535 535 535 535 535 535 535 535 535 535 535 535 535 535 534 534 534 534 534 534 534 534 534 534 533 533 533 533 533 533 533 532 532 532 532 532 532 531 531 531 531 531 530 530 443 443 443 442 442 442 442 442 441 441 441 441 440 440 440 440 440 440 440 440 440 440 440 440 440 440 440 440 440 440 440 440 440 440 440 440 440 440 440 440 440 440 440 440
535 535 535 535 535 535 535 535 535 535 535 535 535 535 535 535 535 535 535 535 534 534 534 534 534 534 534 534 534 534 533 533 533 533 533 533 533 532 532 532 532 532 532 531 531 531 531 531 530 443 443 443 443 442 442 442 442 441 441 441 441 441 440 440 440 440 440 440 440 440 440 440 440 440 440 440 440 440 440 440 440 440 440 440 440 440 440 440 440 440 440 440 440 440
535 535 535 535 535 535 535 535 535 535 535 535 535 535 535 535 535 535 535 535 534 534 534 534 534 534 534 534 534 534 533 533 533 533 533 533 533 532 532 532 532 532 532 531 531 531 531 531 443 443 443 443 443 442 442 442 442 441 441 441 441 440 440 440 440 440 440 440 440 440 440 440 440 440 440 440 440 440 440 440 440 440 440 440 440 440 440 440 440 440 440 440 440 440
535 535 535 535 535 535 535 535 535 535 535 535 535 535 535 535 535 535 535 535 534 534 534 534 534 534 534 534 534 533 533 533 533 533 533 533 533 532 532 532 532 532 532 531 531 531 444 444 443 443 443 443 443 442 442 442 442 441 441 441 441 440 440 440 440 440 440 440 440 440 440 440 440 440 440 440 440 440 440 440 440 440 440 440 440 440 440 440 440 440 440 440 440 440
535 535 535 535 535 535 535 535 535 535 535 535 535 535 535 535 535 535 535 535 534 534 534 534 534 534 534 534 534 533 533 533 533 533 533 533 533 532 532 532 532 532 532 531 531 444 444 444 443 443 443 443 443 442 442 442 442 441 441 441 441 440 440 440 440 440 440 440 440 440 440 440 440 440 440 440 440 440 440 440 440 440 440 440 440 440 440 440 440 440 440 440 440 440
535 535 535 535 535 535 535 535 535 535 535 535 535 535 535 535 535 535 535 534 534 534 534 534 534 534 534 534 534 533 533 533 533 533 533 533 533 532 532 532 532 532 532 531 444 444 444 444 443 443 443 443 443 442 442 442 442 441 441 441 441 440 440 440 440 440 440 440 440 440 440 440 440 440 440 440 440 440 440 440 440 440 440 440 440 440 440 440 440 440 440 440 440 440
535 535 535 535 535 535 535 535 535 535 535 535 535 535 535 535 535 535 535 534 534 534 534 534 534 534 534 534 534 533 533 533 533 533 533 533 532 532 532 532 532 532 445 444 444 444 444 444 443 443 443 443 443 442 442 442 442 441 441 441 441 440 440 440 440 440 440 440 440 440 440 440 440 440 440 440 440 440 440 440 440 440 440 440 440 440 440 440 440 440 440 440 440 440
535 535 535 535 535 535 535 535 535 535 535 535 535 535 535 535 535 535 535 534 534 534 534 534 534 534 534 534 534 533 533 533 533 533 533 533 532 532 532 532 532 445 444 444 444 444 444 444 443 443 443 443 443 442 442 442 442 441 441 441 441 440 440 440 440 440 440 440 440 440 440 440 440 440 440 440 440 440 440 440 440 440 440 440 440 440 440 440 440 440 440 440 440 440
535 535 535 535 535 535 535 535 535 535 535 535 535 535 535 535 535 535 535 534 534 534 534 534 534 534 534 534 534 533 533 533 533 533 533 533 532 532 532 532 445 445 444 444 444 444 444 444 443 443 443 443 443 442 442 442 442 441 441 441 441 440 440 440 440 440 440 440 440 440 440 440 440 440 440 440 440 440 440 440 440 440 440 440 440 440 440 440 440 440 440 440 440 440
535 535 535 535 535 535 535 535 535 535 535 535 535 535 535 535 535 535 534 534 534 534 534 534 534 534 534 534 533 533 533 533 533 533 533 533 532 532 445 445 445 445 444 444 444 444 444 444 443 443 443 443 442 442 442 442 442 441 441 441 441 440 440 440 440 440 440 440 440 440 440 440 440 440 440 440 440 440 440 440 440 440 440 440 440 440 440 440 440 440 440 440 441 441
535 535 535 535 535 535 535 535 535 535 535 535 535 535 535 535 535 535 534 534 534 534 534 534 534 534 534 534 533 533 533 533 533 533 533 533 532 445 445 445 445 445 444 444 444 444 444 443 443 443 443 443 442 442 442 442 442 441 441 441 441 440 440 440 440 440 440 440 440 440 440 440 440 440 440 440 440 440 440 440 440 440 440 440 440 440 440 440 440 440 441 441 441 441
535 535 535 535 535 535 535 535 535 535 535 535 535 535 535 535 535 535 534 534 534 534 534 534 534 534 534 534 533 533 533 533 533 533 533 446 445 445 445 445 445 445 444 444 444 444 444 443 443 443 443 443 442 442 442 442 442 441 441 441 441 440 440 440 440 440 440 440 440 440 440 440 440 440 440 440 440 440 440 440 440 440 440 440 440 440 440 440 441 441 441 441 441 441
535 535 535 535 535 535 535 535 535 535 535 535 535 535 535 535 535 534 534 534 534 534 534 534 534 534 534 534 533 533 533 533 533 533 446 445 445 445 445 445 445 445 444 444 444 444 444 443 443 443 443 443 442 442 442 442 442 441 441 441 441 440 440 440 440 440 440 440 440 440 440 440 440 440 440 440 440 440 440 440 440 440 440 440 440 440 441 441 441 441 441 441 441 441
535 535 535 535 535 535 535 535 535 535 535 535 535 535 535 535 535 534 534 534 534 534 534 534 534 534 534 534 533 533 533 533 446 446 446 445 445 445 445 445 445 445 444 444 444 444 444 443 443 443 443 443 442 442 442 442 441 441 441 441 441 440 440 440 440 440 440 440 440 440 440 440 440 440 440 440 440 440 440 440 440 440 440 440 441 441 441 441 441 441 441 441 442 442
535 535 535 535 535 535 535 535 535 535 535 535 535 535 535 535 535 534 534 534 534 534 534 534 534 534 534 533 533 533 533 446 446 446 446 445 445 445 445 445 445 444 444 444 444 444 444 443 443 443 443 443 442 442 442 442 441 441 441 441 440 440 440 440 440 440 440 440 440 440 440 440 440 440 440 440 440 440 440 440 440 440 441 441 441 441 441 441 441 441 442 442 442 442
535 535 535 535 535 535 535 535 535 535 535 535 535 535 535 535 534 534 534 534 534 534 534 534 534 534 534 533 533 446 446 446 446 446 446 445 445 445 445 445 445 444 444 444 444 444 444 443 443 443 443 443 442 442 442 442 441 441 441 441 440 440 440 440 440 440 440 440 440 440 440 440 440 440 440 440 440 440 440 440 441 441 441 441 441 441 441 441 442 442 442 442 442 442
535 535 535 535 535 535 535 535 535 535 535 535 535 535 535 535 534 534 534 534 534 534 534 534 534 534 534 446 446 446 446 446 446 446 446 445 445 445 445 445 445 444 444 444 444 444 444 443 443 443 443 443 442 442 442 442 441 441 441 441 440 440 440 440 440 440 440 440 440 440 440 440 440 440 440 440 440 440 441 441 441 441 441 441 441 441 442 442 442 442 442 442 442 442
535 535 535 535 535 535 535 535 535 535 535 535 535 535 535 534 534 534 534 534 534 534 534 534 534 534 446 446 446 446 446 446 446 446 445 445 445 445 445 445 445 444 444 444 444 444 443 443 443 443 443 442 442 442 442 442 441 441 441 441 440 440 440 440 440 440 440 440 440 440 440 440 440 440 440 440 440 441 441 441 441 441 441 441 442 442 442 442 442 442 442 442 442 443
