testData/tiles/oneDegree/grid5.0-49.0-6.0-50.0.asc
ncols   200
nrows   200
xllcorner   5.0
yllcorner   49.0
cellsize   0.005
NODATA_value   -9999.0
[rows 0 to 41 of 200, columns 0 to 93 of 200]
367 367 367 367 367 367 367 367 366 366 366 366 366 366 366 366 365 365 365 365 366 366 365 365 365 365 365 365 364 364 364 364 364 363 363 362 362 362 362 361 361 361 361 361 360 360 360 360 360 359 359 359 359 358 358 358 358 358 357 357 357 357 356 356 356 356 355 354 354 354 354 353 353 353 353 353 352 352 352 352 351 350 350 350 349 349 349 348 348 347 347 347 347 346
368 367 368 368 368 368 368 368 368 368 367 367 367 367 367 367 367 366 366 366 366 366 366 365 365 365 365 365 365 364 364 364 364 364 363 363 363 363 363 363 362 362 362 362 361 361 361 360 360 359 359 359 359 359 358 358 358 358 358 357 357 357 357 356 356 356 356 355 355 355 355 355 354 354 353 353 352 352 352 352 352 351 351 351 351 350 350 350 350 349 349 349 349 347
370 370 370 369 369 369 369 369 369 369 369 369 368 368 368 368 368 367 366 366 366 366 366 366 365 365 365 365 365 365 364 364 364 364 364 363 363 363 363 363 362 362 362 362 362 361 361 361 361 361 360 360 360 360 360 359 359 358 358 357 357 357 357 357 356 356 356 356 355 355 355 355 354 354 354 354 354 353 353 353 353 351 351 351 351 350 350 350 350 349 349 349 349 349
370 370 370 370 370 369 369 369 369 369 369 369 369 368 368 368 368 368 368 368 367 367 367 367 367 367 366 366 366 366 366 365 365 365 364 364 363 363 363 363 363 362 362 362 362 362 361 361 361 361 361 360 360 360 360 359 359 359 359 359 358 358 358 358 357 357 356 356 356 355 355 355 355 354 354 354 354 353 353 353 353 352 352 352 352 352 351 350 350 350 349 349 349 349
370 370 370 370 370 370 370 369 369 369 369 369 369 369 369 368 368 368 368 368 368 367 367 367 367 367 367 366 366 366 366 366 365 365 365 365 365 364 364 364 364 364 363 363 363 363 362 361 361 361 361 360 360 360 360 360 359 359 359 359 358 358 358 358 358 357 357 357 357 356 356 356 356 354 354 354 354 354 353 353 353 353 352 352 352 352 351 351 351 351 350 350 350 349
371 371 371 371 371 371 371 371 371 370 370 370 370 369 369 369 368 368 368 368 368 368 367 367 367 367 367 367 366 366 366 366 366 365 365 365 365 365 364 364 364 364 364 363 363 363 363 362 362 362 362 362 361 361 361 361 359 359 359 359 359 358 358 358 358 357 357 357 357 357 356 356 356 356 355 355 355 355 354 354 353 353 352 352 352 352 352 351 351 351 351 350 350 350
372 372 372 371 371 371 371 371 371 371 371 370 370 370 370 370 370 369 369 369 369 369 369 368 368 368 368 368 368 367 367 367 366 366 365 365 365 365 365 364 364 364 364 363 363 363 363 363 362 362 362 362 362 361 361 361 361 360 360 360 360 359 359 359 359 358 357 357 357 357 356 356 356 356 355 355 355 355 355 354 354 354 354 353 353 353 353 351 351 351 351 350 350 350
372 372 372 372 372 371 371 371 371 371 371 371 370 370 370 370 370 370 369 369 369 369 369 369 368 368 368 368 368 367 367 367 367 367 367 366 366 366 366 365 365 365 365 365 363 363 363 363 363 362 362 362 362 361 361 361 361 361 360 360 360 360 359 359 359 359 358 358 358 358 358 357 356 356 356 355 355 355 355 354 354 354 354 353 353 353 353 352 352 352 352 351 351 350
373 373 373 373 373 373 372 371 371 371 371 371 371 371 370 370 370 370 370 370 369 369 369 369 369 368 368 368 368 368 367 367 367 367 367 366 366 366 366 366 365 365 365 365 365 364 364 364 364 363 363 363 363 363 361 361 361 361 360 360 360 360 360 359 359 359 359 358 358 358 358 357 357 357 357 356 356 356 356 354 354 354 354 354 353 353 353 353 352 352 352 352 351 351
373 373 373 373 373 373 373 373 372 372 372 372 372 372 372 371 371 371 371 371 371 370 370 370 370 370 369 369 368 368 368 367 367 367 367 367 366 366 366 366 366 365 365 365 365 364 364 364 364 364 363 363 363 363 362 362 362 362 362 361 361 361 361 359 359 359 359 358 358 358 358 357 357 357 357 357 356 356 356 356 355 355 355 355 354 354 353 353 352 352 352 352 351 351
374 374 373 373 373 373 373 373 373 373 372 372 372 372 372 372 371 371 371 371 371 371 370 370 370 370 370 369 369 369 369 369 368 368 368 368 368 367 367 367 367 365 365 365 365 365 364 364 364 364 363 363 363 363 363 362 362 362 362 361 361 361 361 360 360 360 360 360 359 359 359 358 357 357 357 357 356 356 356 356 355 355 355 355 354 354 354 354 353 353 353 353 352 351
374 374 374 374 373 373 373 373 373 373 373 372 372 372 372 372 372 371 371 371 371 371 371 370 370 370 370 370 369 369 369 369 369 368 368 368 368 367 367 367 367 367 366 366 366 366 366 365 365 365 365 363 363 363 363 362 362 362 362 362 361 361 361 361 360 360 360 360 359 359 359 359 358 358 358 358 358 356 356 356 356 355 355 355 355 354 354 354 354 353 353 353 353 352
375 375 375 375 375 375 374 374 374 374 374 374 373 373 373 373 373 373 372 372 372 371 371 371 370 370 370 370 370 369 369 369 369 368 368 368 368 368 367 367 367 367 367 366 366 366 366 365 365 365 365 365 364 364 364 364 363 363 363 363 361 361 361 361 360 360 360 360 360 359 359 359 359 358 358 358 358 357 357 357 357 356 356 356 355 354 354 354 354 353 353 353 353 352
375 375 375 375 375 375 375 374 374 374 374 374 374 374 373 373 373 373 373 372 372 372 372 372 371 371 371 371 372 371 371 371 371 371 370 370 369 369 369 368 368 368 368 367 367 367 367 367 366 366 366 366 365 365 365 365 364 364 364 364 364 363 363 363 363 362 362 362 361 360 360 360 360 358 358 358 358 357 357 357 357 356 356 356 356 355 355 355 355 355 353 353 353 353
376 376 375 375 375 375 375 375 375 374 375 375 375 375 375 374 374 374 374 374 373 373 373 373 373 372 372 372 372 372 371 371 371 371 371 370 370 370 370 369 369 369 369 369 368 368 368 367 366 366 366 366 366 365 365 365 365 364 364 364 364 363 363 363 363 362 362 362 362 361 361 361 361 361 360 359 359 359 358 358 358 358 357 357 357 357 356 356 356 356 355 354 354 354
378 378 378 377 377 377 377 377 377 377 375 375 375 375 375 375 374 374 374 374 374 373 373 373 373 373 372 372 372 372 372 371 371 371 371 371 370 370 370 370 369 369 369 369 368 368 368 368 368 367 367 367 367 366 366 366 365 364 364 364 364 364 363 363 363 363 362 362 362 362 361 361 361 361 360 360 360 360 359 359 359 358 357 357 357 357 356 356 356 356 355 355 355 355
378 378 378 378 378 377 377 377 377 377 377 376 376 376 376 376 376 375 375 375 375 375 374 374 374 374 374 373 373 372 372 372 371 371 371 371 370 370 370 370 370 369 369 369 369 368 368 368 368 367 367 367 367 367 366 366 366 366 365 365 365 365 364 364 363 363 362 362 362 362 361 361 361 361 360 360 360 360 359 359 359 359 358 358 358 358 357 356 356 356 355 355 355 355
378 378 378 378 378 378 377 377 377 377 377 377 376 376 376 376 376 376 375 375 375 375 375 374 374 374 374 374 373 373 373 373 372 372 372 372 372 371 371 371 371 370 369 369 369 368 368 368 368 368 367 367 367 367 366 366 366 366 365 365 365 365 364 364 364 364 363 363 363 363 363 361 361 361 361 360 360 360 360 359 359 359 359 358 358 358 358 357 357 357 357 356 356 355
379 378 378 378 378 378 378 378 377 377 377 377 377 376 376 376 376 376 376 375 375 375 375 375 374 374 374 374 373 373 373 373 373 372 372 372 372 371 371 371 371 371 370 370 370 370 369 369 369 369 368 367 367 367 366 366 366 366 366 365 365 365 365 364 364 364 364 363 363 363 363 362 362 362 362 361 361 361 360 359 359 359 359 358 358 358 358 357 357 357 357 356 356 356
380 380 379 379 379 379 379 379 379 378 378 378 378 378 377 377 377 377 377 375 375 375 375 375 374 374 374 374 374 373 373 373 373 372 372 372 372 372 371 371 371 371 370 370 370 370 369 369 369 369 369 368 368 368 368 367 367 367 367 366 365 365 365 364 364 364 364 363 363 363 363 362 362 362 362 361 361 361 361 360 360 360 360 359 358 358 358 357 357 357 357 356 356 356
380 380 380 380 379 379 379 379 379 379 378 378 378 378 378 377 377 377 377 377 376 376 376 376 376 375 375 375 375 375 374 374 374 374 372 372 372 372 371 371 371 371 371 370 370 370 370 369 369 369 369 368 368 368 368 367 367 367 367 366 366 366 366 365 365 365 365 364 363 363 363 363 362 362 362 362 361 361 361 361 360 360 360 360 359 359 359 359 358 358 357 357 356 356
380 380 380 380 380 379 379 379 379 379 379 378 378 378 378 378 377 377 377 377 377 376 376 376 376 376 375 375 375 375 374 374 374 374 374 373 373 373 373 372 372 372 372 371 371 370 370 369 369 369 369 368 368 368 368 368 367 367 367 367 366 366 366 366 365 365 365 365 364 364 364 364 363 363 362 362 361 361 361 361 360 360 360 360 359 359 359 359 358 358 358 358 357 357
380 380 380 380 380 380 379 379 379 379 379 379 378 378 378 378 378 377 377 377 377 377 376 376 376 376 375 375 375 375 375 374 374 374 374 373 373 373 373 372 372 372 372 372 371 371 371 371 370 370 370 370 369 369 368 368 367 367 367 367 366 366 366 366 365 365 365 365 364 364 364 364 363 363 363 363 362 362 362 362 360 360 360 360 359 359 359 359 358 358 358 358 357 357
382 381 381 381 381 381 381 380 380 380 380 380 380 379 379 379 379 379 378 378 378 378 376 376 376 376 376 375 375 375 375 374 374 374 374 374 373 373 373 373 372 372 372 372 371 371 371 371 370 370 370 370 369 369 369 369 368 368 368 368 367 367 366 366 365 365 365 365 364 364 364 364 363 363 363 363 362 362 362 362 361 361 361 361 360 360 359 359 358 358 358 358 357 357
382 382 382 381 381 381 381 381 380 380 380 380 380 380 379 379 379 379 378 378 378 378 378 377 377 377 377 376 376 376 376 376 375 375 375 375 373 373 373 373 372 372 372 372 371 371 371 371 371 370 370 370 370 369 369 369 369 368 368 368 368 367 367 367 367 366 366 366 366 364 364 364 364 363 363 363 363 362 362 362 362 361 361 361 361 360 360 360 360 359 359 358 358 357
382 382 382 382 381 381 381 381 381 380 380 380 380 380 379 379 379 379 379 378 378 378 378 378 377 377 377 377 376 376 376 376 375 375 375 375 374 374 374 374 374 373 373 373 373 372 371 371 371 370 370 370 370 369 369 369 369 368 368 368 368 367 367 367 367 366 366 366 366 365 365 365 365 364 364 363 363 362 362 362 362 361 361 361 361 360 360 360 360 359 359 359 359 358
382 382 382 382 382 381 381 381 381 381 380 380 380 380 380 379 379 379 379 379 378 378 378 378 377 377 377 377 376 376 376 376 376 375 375 375 375 374 374 374 374 373 373 373 373 372 372 372 372 371 371 371 371 370 370 369 369 368 368 368 368 367 367 367 367 366 366 366 366 365 365 365 365 364 364 364 364 363 363 363 363 361 361 361 361 360 360 360 360 359 359 359 359 358
383 383 383 383 383 383 382 382 382 382 382 381 381 381 381 381 380 380 380 380 379 379 379 378 378 377 377 377 377 376 376 376 376 375 375 375 375 374 374 374 374 373 373 373 373 372 372 372 372 372 371 371 371 371 370 370 370 370 369 369 369 369 367 367 367 367 366 366 366 366 365 365 365 364 364 364 364 363 363 363 363 362 362 362 362 361 360 360 360 359 359 359 359 358
384 384 383 383 383 383 383 382 382 382 382 382 381 381 381 381 380 380 380 380 380 379 379 379 379 378 378 378 378 377 377 377 377 377 376 376 375 375 374 374 374 374 373 373 373 373 372 372 372 372 371 371 371 371 370 370 370 370 369 369 369 369 368 368 368 368 367 367 367 366 365 365 365 365 364 364 364 364 363 363 363 363 362 362 362 362 361 361 361 360 360 359 359 358
384 384 384 383 383 383 383 383 382 382 382 382 381 381 381 381 381 380 380 380 380 379 379 379 379 379 378 378 378 378 377 377 377 377 376 376 376 376 375 375 375 375 374 374 374 374 372 372 372 372 371 371 371 371 370 370 370 370 369 369 369 369 368 368 368 368 367 367 367 367 366 366 366 366 365 364 364 364 363 363 363 363 362 362 362 362 361 361 361 361 360 360 360 360
384 384 384 384 383 383 383 383 382 382 382 382 382 381 381 381 381 381 380 380 380 380 379 379 379 379 378 378 378 378 377 377 377 377 376 376 376 376 375 375 375 375 374 374 374 374 373 373 373 373 372 372 372 372 370 370 370 370 369 369 369 369 368 368 368 368 367 367 367 367 366 366 366 366 365 365 365 365 364 364 364 363 362 362 362 362 361 361 361 361 360 360 360 360
385 385 385 385 384 384 384 384 384 383 383 383 383 383 382 382 382 382 381 381 380 380 379 379 379 379 378 378 378 378 378 377 377 377 377 376 376 376 376 375 375 375 375 374 374 374 374 373 373 373 373 372 372 372 372 371 371 371 371 370 370 369 369 368 368 368 367 367 367 367 366 366 366 366 365 365 365 365 364 364 364 364 363 363 363 363 361 361 361 361 360 360 360 360
385 385 385 385 385 384 384 384 384 384 383 383 383 383 382 382 382 382 382 381 381 381 381 380 380 380 381 380 380 380 380 379 379 379 378 377 377 377 377 376 376 376 376 375 375 375 375 374 374 374 374 373 373 373 373 372 372 372 372 371 371 371 371 370 370 370 370 369 368 368 368 367 367 367 367 365 365 365 364 364 364 364 363 363 363 363 362 362 362 362 361 360 360 360
386 385 385 385 385 385 384 384 384 384 383 383 383 384 384 383 383 383 383 382 382 382 382 381 381 381 381 380 380 380 380 379 379 379 379 378 378 378 378 377 377 377 377 376 375 375 375 374 374 374 374 373 373 373 373 372 372 372 372 371 371 371 371 370 370 370 370 369 369 369 369 368 368 368 367 366 366 366 366 365 365 365 364 364 364 364 363 363 362 362 361 361 361 361
386 386 385 386 386 386 386 385 385 385 385 384 384 384 384 383 383 383 383 382 382 382 382 381 381 381 381 381 380 380 380 380 379 379 379 379 378 378 378 378 377 377 377 376 376 376 376 375 375 375 375 374 373 373 373 372 372 372 372 371 371 371 371 370 370 370 370 369 369 369 369 368 368 368 368 367 367 367 367 365 365 365 365 364 364 364 364 363 363 363 362 362 362 362
388 388 388 387 387 387 387 386 386 386 386 385 385 385 384 384 383 383 383 383 382 382 382 382 381 381 381 381 380 380 380 380 379 379 379 379 378 378 378 378 377 377 377 377 376 376 376 376 375 375 375 375 374 374 374 373 373 373 373 371 371 371 371 370 370 370 370 369 369 369 369 368 368 368 368 367 367 367 367 366 366 366 366 365 365 364 364 363 363 363 363 362 362 362
388 388 388 387 387 387 387 387 386 386 386 386 385 385 385 385 384 384 384 384 383 383 383 383 382 382 382 382 381 380 380 380 379 379 379 379 378 378 378 378 377 377 377 377 376 376 376 376 375 375 375 375 374 374 374 374 373 373 373 373 372 372 372 371 371 371 370 369 369 369 369 368 368 368 368 367 367 367 367 366 366 366 366 365 365 365 365 364 364 364 363 362 362 362
388 388 388 388 387 387 387 387 386 386 386 386 385 385 385 385 384 384 384 384 383 383 383 383 382 382 382 382 381 381 381 381 380 380 380 380 379 379 379 379 377 377 377 377 376 376 376 376 375 375 375 375 374 374 374 374 373 373 373 373 372 372 372 372 371 371 371 370 370 370 370 369 368 368 368 367 367 367 367 366 366 366 366 365 365 365 365 364 364 364 364 363 363 363
388 388 388 388 387 387 387 387 387 386 386 386 386 385 385 385 385 384 384 384 384 383 383 383 383 382 382 382 382 381 381 381 381 380 380 380 379 379 379 379 378 378 378 378 377 377 377 377 375 375 375 375 374 374 374 374 373 373 373 373 372 372 372 372 371 371 371 371 370 370 370 369 369 369 369 368 368 367 367 366 366 366 366 365 365 365 365 364 364 364 364 363 363 363
389 388 388 388 388 387 387 387 387 386 386 386 386 385 385 385 385 384 384 384 384 383 383 383 383 382 382 382 382 381 381 381 381 380 380 380 380 379 379 379 379 378 378 378 377 377 377 377 376 376 376 376 375 375 375 375 373 373 373 373 372 372 372 372 371 371 371 371 370 370 370 370 369 369 369 368 368 368 368 367 367 367 366 365 365 365 365 364 364 364 364 363 363 363
390 389 389 389 389 388 388 388 388 387 387 387 387 386 386 386 386 385 385 385 385 383 383 383 383 382 382 382 382 381 381 381 381 380 380 380 380 379 379 379 379 378 378 378 378 377 377 377 376 376 376 376 375 375 375 375 374 374 374 374 373 373 372 372 371 371 371 371 370 370 370 370 369 369 369 369 368 368 368 367 367 367 367 366 366 366 366 364 364 364 364 363 363 363
390 389 389 389 389 389 388 388 388 388 387 387 387 386 386 386 386 385 385 385 385 384 384 384 384 383 383 383 383 382 382 382 382 380 380 380 380 379 379 379 379 378 378 378 378 377 377 377 377 376 376 376 375 375 375 375 374 374 374 374 373 373 373 373 372 372 372 372 370 370 370 370 369 369 369 369 368 368 368 367 367 367 367 366 366 366 366 365 365 365 365 364 363 363
