testData/tiles/oneDegree/grid6.0-42.0-7.0-43.0.asc
ncols   200
nrows   200
xllcorner   6.0
yllcorner   42.0
cellsize   0.005
NODATA_value   -9999.0
[rows 42 to 83 of 200, columns 0 to 93 of 200]
727 725 725 725 723 723 722 722 720 720 719 719 716 716 714 714 712 710 710 708 707 705 705 702 700 700 698 696 695 694 692 690 689 697 697 695 695 696 694 695 695 694 692 692 692 692 690 689 689 688 686 685 684 682 681 680 679 677 676 676 674 672 679 684 686 688 689 688 689 689 689 689 687 687 686 686 683 683 682 591 590 588 587 587 586 587 587 585 586 586 586 584 584 583
727 727 726 726 725 724 723 723 721 721 719 719 717 716 715 715 712 712 710 710 707 706 705 702 702 700 699 697 695 694 693 691 689 697 697 695 696 696 695 696 695 694 693 693 692 692 690 689 689 688 686 685 684 683 681 680 680 677 676 676 674 672 680 685 685 687 688 688 688 689 688 689 688 687 687 686 683 684 682 680 591 589 587 587 586 588 587 585 587 586 585 585 584 583
728 727 727 727 726 725 725 724 724 721 721 720 718 717 717 715 713 712 711 710 707 707 705 704 702 701 699 697 696 694 693 691 689 699 697 695 696 696 696 695 695 696 694 693 693 692 690 690 689 689 687 686 685 685 682 681 681 678 676 675 674 672 680 684 686 687 688 690 689 689 690 689 688 688 687 686 685 683 682 681 591 589 587 587 586 588 587 585 586 586 585 585 584 583
729 728 728 727 727 725 725 724 724 722 722 720 720 717 717 716 714 712 712 710 708 707 706 705 702 701 700 699 696 695 694 691 690 699 697 695 696 696 697 695 695 696 695 693 693 692 690 691 690 688 687 686 686 684 682 682 680 678 678 676 675 673 679 684 687 688 688 690 690 689 690 690 687 689 687 687 685 683 683 681 679 589 588 588 586 588 587 585 586 586 585 585 584 583
730 730 729 728 728 726 726 725 725 723 722 721 720 718 717 716 715 713 712 711 709 708 706 705 703 701 700 699 697 696 694 691 691 699 697 696 696 696 696 696 695 695 695 694 693 693 692 691 689 689 687 686 686 684 682 682 680 679 678 676 675 673 679 684 687 688 689 690 690 690 690 690 689 689 688 686 685 684 683 681 680 678 588 588 586 586 587 585 586 585 585 585 584 583
731 730 729 729 729 728 727 727 725 724 723 722 721 719 718 717 716 713 713 711 709 708 707 706 703 702 701 699 697 696 694 693 691 699 699 696 696 697 697 696 696 695 694 695 694 693 693 690 689 689 687 686 685 684 682 682 680 679 678 676 675 674 680 684 687 688 689 691 690 690 690 690 689 689 688 686 686 684 682 682 679 678 588 588 586 586 587 586 585 585 585 584 584 583
731 732 730 730 729 729 727 727 726 725 723 723 721 720 718 718 716 715 713 712 711 708 707 706 704 703 701 700 698 696 695 694 691 689 699 697 695 697 697 695 696 695 695 694 693 692 692 690 689 689 688 687 686 685 683 682 681 681 677 676 676 674 680 684 687 687 689 691 691 691 690 690 690 688 688 688 687 684 684 682 679 679 677 588 587 586 587 587 585 585 585 584 584 584
732 732 731 731 730 730 728 728 728 726 725 723 723 720 719 718 716 715 713 713 711 709 708 706 705 703 701 700 698 696 695 694 691 690 699 697 696 697 697 696 696 696 696 694 693 693 692 690 691 690 689 687 686 685 684 682 681 681 678 677 677 674 680 684 687 689 689 690 691 691 690 690 690 688 688 688 687 684 684 682 680 679 677 586 587 586 587 587 585 585 585 584 583 584
732 733 731 732 732 731 730 729 728 727 725 724 723 721 720 718 718 715 713 713 711 709 708 707 706 703 702 701 698 697 696 694 692 691 699 697 697 697 697 697 696 696 696 694 693 693 693 691 691 690 689 687 686 685 684 682 681 681 678 677 676 675 680 684 687 688 690 689 691 690 690 690 691 688 688 688 687 684 683 683 681 679 677 674 587 586 587 587 585 585 585 584 584 584
733 733 733 732 732 731 730 729 729 727 726 724 723 722 720 719 718 715 715 713 711 710 708 707 706 703 702 701 700 697 696 694 692 691 699 698 696 697 696 698 696 696 696 694 694 694 693 691 691 690 688 687 686 685 684 682 681 680 678 677 676 675 681 685 687 688 690 690 690 691 691 690 691 689 688 688 686 684 684 683 681 680 678 675 675 586 585 587 585 585 586 585 584 584
734 734 734 733 733 732 731 731 729 729 726 725 724 723 720 719 718 716 715 713 712 710 708 707 706 704 702 701 700 697 696 695 692 691 700 698 696 696 697 698 696 695 696 696 694 694 693 691 691 689 688 687 687 686 685 683 682 680 678 677 676 675 680 684 688 688 690 690 691 691 691 690 691 689 688 688 686 685 684 683 681 679 678 675 675 586 585 587 585 585 586 585 584 585
734 734 734 734 734 734 732 731 729 729 726 725 724 723 720 720 718 717 715 713 712 710 709 707 706 704 702 702 700 697 697 695 693 691 700 698 696 697 697 697 696 695 696 696 694 694 693 691 690 690 689 688 687 685 685 683 682 681 680 678 676 675 680 684 686 689 690 690 691 692 691 690 692 689 688 688 687 685 684 684 681 679 678 676 676 674 585 587 586 585 586 586 584 585
734 735 734 734 734 735 733 731 729 729 726 725 724 723 720 720 718 717 715 714 712 711 709 707 707 704 702 702 700 697 697 695 693 692 690 698 696 697 697 697 696 696 696 695 693 694 692 692 691 690 689 688 687 685 685 683 681 681 680 677 677 676 680 684 686 689 689 690 690 692 691 690 691 690 688 688 687 685 685 683 681 680 679 676 674 674 586 587 586 586 587 586 584 586
734 735 734 734 734 734 734 731 730 729 727 725 725 723 721 720 718 717 715 714 712 712 709 707 707 704 703 702 700 698 697 695 694 692 690 698 698 696 696 697 696 696 696 695 693 694 693 692 691 690 689 688 686 685 685 683 681 681 680 677 677 676 682 684 686 688 689 691 690 692 691 690 690 691 688 689 687 686 685 683 682 680 678 676 674 675 674 586 588 586 587 587 585 586
734 735 734 734 734 733 733 731 730 729 728 725 725 723 721 720 719 717 716 714 712 712 709 708 707 705 703 702 700 698 697 695 694 692 690 699 698 696 696 698 696 696 696 695 694 694 693 692 691 690 689 689 686 685 685 683 681 681 680 677 677 675 674 684 687 688 689 691 691 692 690 691 690 691 688 689 687 686 685 683 682 680 678 677 676 675 674 587 588 586 587 587 585 586
734 734 735 733 733 732 732 730 730 728 728 725 724 723 721 720 719 717 716 714 713 712 709 708 707 706 703 702 701 698 697 696 694 692 691 699 698 696 697 697 697 695 696 696 694 694 693 692 691 690 689 689 687 686 686 683 682 682 680 677 677 675 674 683 687 689 690 690 691 693 690 691 691 691 689 689 688 686 686 683 682 681 678 678 676 675 675 675 588 587 587 587 586 586
734 734 734 733 733 732 732 731 729 729 727 726 724 724 722 720 719 717 715 714 713 711 710 708 707 706 703 702 701 698 697 696 694 692 691 699 698 695 696 697 697 695 696 696 694 694 693 692 691 691 689 689 687 686 686 683 682 682 680 678 678 676 674 682 686 688 691 690 690 692 691 691 691 690 689 689 688 686 686 683 683 682 679 678 677 676 675 676 588 587 588 588 587 587
734 733 734 734 732 732 731 730 729 728 727 725 724 723 722 720 718 718 715 714 713 711 710 708 707 706 703 702 701 699 697 696 694 692 691 699 698 696 696 697 696 696 696 695 694 694 693 693 692 690 689 689 687 686 685 684 682 682 680 678 677 676 675 682 686 688 691 690 690 691 691 690 691 690 689 689 688 687 685 684 683 683 679 680 678 674 676 676 676 587 588 588 588 587
733 734 733 733 731 731 730 729 728 728 726 725 723 723 721 720 718 718 716 714 713 711 709 708 707 706 703 702 701 700 697 696 694 692 691 699 698 696 696 696 697 696 695 695 694 692 694 692 690 690 689 688 687 686 684 684 682 681 680 678 677 676 675 683 687 688 690 690 691 691 692 690 691 690 689 689 689 686 685 685 683 682 681 680 678 675 676 676 676 675 588 588 588 587
733 733 732 733 731 731 730 730 728 727 727 724 724 722 722 719 718 717 716 714 712 712 709 708 707 705 704 702 700 700 697 695 695 693 691 690 698 696 695 696 697 695 695 695 695 693 693 692 690 690 689 688 687 685 684 685 683 680 680 678 676 676 674 681 687 688 689 690 691 691 692 690 691 690 689 687 688 686 685 685 683 683 681 678 678 675 677 676 676 676 587 588 589 587
732 733 732 732 731 730 730 729 728 727 726 724 723 722 721 719 718 717 716 714 712 712 710 708 707 705 703 702 701 700 697 696 695 693 690 690 698 695 695 696 696 695 695 696 695 693 693 692 690 690 689 689 688 686 685 685 682 681 681 680 677 676 674 681 686 688 690 690 691 691 693 690 691 690 689 688 688 688 685 685 685 683 682 679 679 678 677 676 677 676 675 588 588 586
732 732 732 731 730 729 729 728 727 726 726 724 723 721 721 719 718 716 716 713 713 711 710 708 706 706 703 702 701 699 697 696 694 693 691 690 698 695 696 696 695 695 695 695 695 693 692 692 691 690 690 689 687 686 685 685 682 681 681 679 677 677 675 681 685 688 690 691 691 691 693 690 691 691 689 688 688 688 686 687 685 684 683 680 680 678 675 677 677 676 676 588 588 587
732 731 732 731 730 729 729 728 727 726 725 725 722 722 721 718 718 716 716 713 712 711 710 708 706 706 703 701 701 699 697 696 694 693 691 689 698 697 694 695 695 696 695 694 695 693 692 693 692 690 690 688 686 686 685 684 682 681 680 679 677 676 675 681 684 688 689 690 691 691 691 691 689 691 690 689 689 689 687 687 685 684 683 681 680 678 676 677 677 676 676 677 588 587
732 731 731 730 729 729 728 728 726 726 724 724 722 721 720 719 717 717 715 713 712 711 710 707 707 705 704 702 700 699 697 696 694 693 691 689 699 697 694 695 695 694 695 694 693 693 693 692 692 690 689 688 686 686 685 683 682 681 679 679 677 675 675 682 685 688 689 689 690 691 690 691 690 690 691 689 689 689 687 687 686 684 683 681 681 680 676 678 678 676 677 677 588 588
732 730 730 730 728 728 727 727 725 725 724 724 721 721 719 719 717 716 715 713 712 710 710 707 706 705 703 702 700 700 697 695 695 693 691 689 698 697 694 694 696 694 694 694 693 693 692 691 691 689 688 688 687 685 685 684 682 682 679 679 677 675 675 681 684 688 689 689 690 691 691 691 690 691 691 691 689 690 688 687 686 685 682 683 680 679 677 677 677 678 677 676 677 588
731 730 730 730 728 728 727 727 725 724 724 723 722 720 719 719 716 716 714 713 711 711 709 707 706 705 704 701 700 699 697 695 694 693 690 690 688 696 694 694 695 695 693 694 694 692 692 691 690 689 688 689 688 686 685 684 682 682 680 679 678 675 674 681 684 687 689 690 689 691 691 691 691 691 692 691 689 690 689 686 687 685 684 683 680 680 677 676 678 678 677 677 677 588
731 730 729 729 728 727 727 726 725 724 724 722 721 720 719 718 717 715 715 712 711 710 709 707 706 704 704 701 700 699 696 696 694 693 690 689 688 696 695 694 694 695 693 694 694 692 692 691 690 690 689 688 688 685 684 684 682 680 680 679 677 676 675 681 684 686 689 690 690 691 691 691 691 692 692 690 691 689 690 687 686 687 683 683 681 681 678 677 677 679 677 677 678 676
730 729 728 728 728 726 726 725 724 723 723 722 720 719 719 717 716 715 714 712 711 710 708 707 705 705 703 701 700 699 697 695 694 692 691 689 687 696 694 694 694 693 694 693 694 692 691 691 691 689 689 688 687 685 684 684 682 680 680 679 676 676 675 681 684 686 689 690 690 690 692 690 693 691 691 691 691 690 690 687 688 687 683 684 682 681 678 677 678 678 677 678 677 676
729 728 729 728 728 726 726 725 724 722 722 721 720 719 718 717 716 714 714 712 711 709 709 706 705 704 703 700 700 698 698 695 694 692 690 689 687 697 694 692 693 694 694 693 692 692 692 691 691 689 689 687 686 685 684 683 682 680 679 678 676 676 674 681 684 686 688 689 690 691 692 691 692 691 692 690 691 690 690 689 687 686 685 684 683 680 678 678 678 677 678 678 677 677
730 728 728 727 727 725 725 725 724 723 722 721 719 719 718 717 715 715 713 712 710 709 708 706 704 704 702 701 699 698 697 695 693 693 690 688 688 696 694 692 693 694 692 693 692 692 691 691 691 689 687 687 686 684 684 683 682 680 679 678 676 675 674 681 682 686 688 689 691 691 693 691 692 693 692 691 691 690 690 689 687 687 685 684 682 680 680 678 677 678 678 678 678 678
729 727 727 726 726 725 724 724 723 722 721 721 719 718 717 717 714 714 713 712 710 708 708 705 705 704 702 700 699 698 697 694 693 692 690 688 688 696 693 692 693 694 692 692 693 692 691 690 689 688 687 686 687 685 685 683 682 681 680 678 677 675 674 681 681 686 687 690 690 691 692 692 692 692 693 691 692 691 690 689 688 687 687 683 683 682 680 677 678 678 677 678 678 678
728 727 727 727 726 725 724 724 723 722 720 720 718 718 716 716 714 713 712 712 709 709 707 705 705 703 703 700 699 698 697 694 693 692 690 689 687 686 693 692 692 692 692 691 692 692 690 690 689 687 688 687 687 685 683 683 682 680 679 678 677 675 674 681 681 685 688 690 690 691 692 693 692 692 693 691 691 691 690 689 689 688 686 684 684 682 679 678 678 679 677 677 678 677
728 727 726 726 725 724 723 723 723 721 721 720 718 717 717 716 713 713 712 711 709 708 707 707 704 703 702 700 698 698 696 694 693 691 690 688 687 685 694 692 692 692 691 692 691 692 690 689 689 688 688 687 686 685 683 682 682 680 679 678 676 675 674 673 682 685 688 690 690 692 692 693 692 693 692 693 691 692 691 690 689 687 687 685 684 681 679 678 678 679 677 677 678 677
727 726 725 725 724 723 723 722 722 720 720 719 718 716 716 715 714 712 712 711 708 708 706 706 704 702 702 699 699 697 696 694 693 691 691 688 686 685 693 692 691 692 691 691 691 690 690 690 690 688 687 687 686 683 683 682 682 679 678 678 675 675 674 672 682 686 687 690 690 692 693 693 693 693 693 693 691 692 691 691 688 688 688 684 685 683 680 680 678 678 678 677 678 678
726 726 725 725 725 723 723 722 722 720 719 718 718 716 716 714 713 712 711 710 709 707 706 705 703 703 701 699 698 697 695 694 692 691 690 688 686 686 693 691 690 691 691 691 691 690 689 690 689 688 687 685 685 683 683 682 681 679 678 678 676 674 674 672 681 685 688 690 691 692 693 693 692 694 693 692 693 692 693 689 688 689 687 685 684 683 680 679 678 678 678 678 678 678
726 726 725 724 724 722 722 721 721 719 719 718 717 715 715 714 712 711 711 709 708 707 706 705 703 702 701 699 698 696 696 693 692 691 690 687 686 685 693 691 691 691 690 690 690 691 689 688 688 687 686 685 685 683 683 683 681 679 679 678 677 674 673 673 680 685 688 689 690 692 693 694 693 694 693 693 693 692 692 689 690 688 688 686 683 684 680 679 679 678 679 678 677 679
726 725 724 723 723 721 721 721 720 719 718 718 717 716 714 714 712 712 710 709 708 706 706 704 703 702 700 699 697 696 695 693 691 691 689 687 686 685 692 691 690 691 689 689 690 690 689 688 688 687 685 686 685 684 683 681 681 679 679 677 676 675 674 673 681 684 688 690 690 691 692 693 694 692 694 691 693 693 691 690 690 689 688 686 684 684 681 679 679 679 678 678 678 679
725 725 724 723 723 722 721 721 720 719 717 717 716 715 714 713 711 711 710 709 707 706 705 704 703 701 700 698 697 696 695 692 692 690 689 686 686 684 683 691 690 689 689 689 690 690 688 688 687 687 686 685 685 683 683 681 681 679 678 677 676 676 674 673 680 684 688 690 691 692 692 693 694 693 693 692 692 692 692 690 690 690 687 687 684 684 682 679 679 679 677 679 678 678
725 724 723 723 722 721 720 720 719 718 717 717 715 714 713 713 711 710 709 709 706 706 705 703 702 701 700 698 696 696 694 692 691 690 688 687 685 684 682 691 689 689 688 689 689 689 688 687 687 687 686 685 685 683 681 681 680 679 677 676 677 674 674 674 679 686 687 690 691 691 694 693 693 694 693 693 692 692 693 690 689 689 688 687 685 683 683 680 678 679 678 678 678 678
724 724 722 722 721 720 719 719 718 717 717 716 716 714 713 712 710 710 708 708 706 706 704 704 701 700 700 698 696 695 694 692 691 689 688 687 685 684 683 690 689 687 688 688 689 688 687 686 688 687 685 685 684 682 681 681 680 678 677 676 677 674 674 674 680 685 687 689 691 692 693 694 693 694 694 692 694 692 691 691 690 690 688 686 686 683 683 680 679 679 678 679 679 678
723 724 722 722 721 720 720 719 719 717 716 715 715 713 713 712 710 709 709 708 705 705 704 703 701 699 699 698 696 695 693 692 690 689 689 686 685 684 683 690 689 688 687 688 687 688 686 687 686 686 684 683 683 681 681 680 680 677 676 677 676 675 674 673 680 684 688 690 690 692 692 694 692 693 694 693 692 692 692 691 691 689 689 686 685 684 684 681 679 678 678 679 678 679
723 723 721 721 721 719 719 718 718 716 716 715 715 712 712 711 710 709 708 707 706 704 703 703 700 700 699 697 696 694 693 691 690 689 688 686 684 684 682 690 688 688 687 687 687 686 687 686 686 685 684 683 683 681 681 681 679 678 678 678 677 675 674 673 680 685 687 691 690 692 693 693 694 693 694 695 692 694 692 692 690 690 689 686 686 685 683 681 679 679 677 677 678 678
