testData/tiles/oneDegree/grid26.0-1.0-27.0-2.0.asc
ncols   200
nrows   200
xllcorner   26.0
yllcorner   1.0
cellsize   0.005
NODATA_value   -9999.0
[rows 170 to 186 of 200, columns 0 to 36 of 200]
3.470000000000000000e+02 3.460000000000000000e+02 3.450000000000000000e+02 3.450000000000000000e+02 3.440000000000000000e+02 3.430000000000000000e+02 3.430000000000000000e+02 3.420000000000000000e+02 3.410000000000000000e+02 3.400000000000000000e+02 3.400000000000000000e+02 3.390000000000000000e+02 3.380000000000000000e+02 3.380000000000000000e+02 3.370000000000000000e+02 3.360000000000000000e+02 3.350000000000000000e+02 3.350000000000000000e+02 3.340000000000000000e+02 3.330000000000000000e+02 3.320000000000000000e+02 3.320000000000000000e+02 3.310000000000000000e+02 3.300000000000000000e+02 3.300000000000000000e+02 3.290000000000000000e+02 3.280000000000000000e+02 3.270000000000000000e+02 3.270000000000000000e+02 3.260000000000000000e+02 3.250000000000000000e+02 3.240000000000000000e+02 3.240000000000000000e+02 3.230000000000000000e+02 3.220000000000000000e+02 3.210000000000000000e+02 3.210000000000000000e+02
3.470000000000000000e+02 3.460000000000000000e+02 3.450000000000000000e+02 3.440000000000000000e+02 3.440000000000000000e+02 3.430000000000000000e+02 3.420000000000000000e+02 3.420000000000000000e+02 3.410000000000000000e+02 3.400000000000000000e+02 3.390000000000000000e+02 3.390000000000000000e+02 3.380000000000000000e+02 3.370000000000000000e+02 3.370000000000000000e+02 3.360000000000000000e+02 3.350000000000000000e+02 3.340000000000000000e+02 3.340000000000000000e+02 3.330000000000000000e+02 3.320000000000000000e+02 3.320000000000000000e+02 3.310000000000000000e+02 3.300000000000000000e+02 3.290000000000000000e+02 3.290000000000000000e+02 3.280000000000000000e+02 3.270000000000000000e+02 3.260000000000000000e+02 3.260000000000000000e+02 3.250000000000000000e+02 3.240000000000000000e+02 3.230000000000000000e+02 3.230000000000000000e+02 3.220000000000000000e+02 3.210000000000000000e+02 3.210000000000000000e+02
3.460000000000000000e+02 3.460000000000000000e+02 3.450000000000000000e+02 3.440000000000000000e+02 3.440000000000000000e+02 3.430000000000000000e+02 3.420000000000000000e+02 3.410000000000000000e+02 3.410000000000000000e+02 3.400000000000000000e+02 3.390000000000000000e+02 3.390000000000000000e+02 3.380000000000000000e+02 3.370000000000000000e+02 3.360000000000000000e+02 3.360000000000000000e+02 3.350000000000000000e+02 3.340000000000000000e+02 3.330000000000000000e+02 3.330000000000000000e+02 3.320000000000000000e+02 3.310000000000000000e+02 3.310000000000000000e+02 3.300000000000000000e+02 3.290000000000000000e+02 3.280000000000000000e+02 3.280000000000000000e+02 3.270000000000000000e+02 3.260000000000000000e+02 3.250000000000000000e+02 3.250000000000000000e+02 3.240000000000000000e+02 3.230000000000000000e+02 3.230000000000000000e+02 3.220000000000000000e+02 3.210000000000000000e+02 3.200000000000000000e+02
3.460000000000000000e+02 3.450000000000000000e+02 3.450000000000000000e+02 3.440000000000000000e+02 3.430000000000000000e+02 3.430000000000000000e+02 3.420000000000000000e+02 3.410000000000000000e+02 3.400000000000000000e+02 3.400000000000000000e+02 3.390000000000000000e+02 3.380000000000000000e+02 3.380000000000000000e+02 3.370000000000000000e+02 3.360000000000000000e+02 3.350000000000000000e+02 3.350000000000000000e+02 3.340000000000000000e+02 3.330000000000000000e+02 3.330000000000000000e+02 3.320000000000000000e+02 3.310000000000000000e+02 3.300000000000000000e+02 3.300000000000000000e+02 3.290000000000000000e+02 3.280000000000000000e+02 3.270000000000000000e+02 3.270000000000000000e+02 3.260000000000000000e+02 3.250000000000000000e+02 3.250000000000000000e+02 3.240000000000000000e+02 3.230000000000000000e+02 3.220000000000000000e+02 3.220000000000000000e+02 3.210000000000000000e+02 3.200000000000000000e+02
3.460000000000000000e+02 3.450000000000000000e+02 3.440000000000000000e+02 3.440000000000000000e+02 3.430000000000000000e+02 3.420000000000000000e+02 3.420000000000000000e+02 3.410000000000000000e+02 3.400000000000000000e+02 3.390000000000000000e+02 3.390000000000000000e+02 3.380000000000000000e+02 3.370000000000000000e+02 3.370000000000000000e+02 3.360000000000000000e+02 3.350000000000000000e+02 3.340000000000000000e+02 3.340000000000000000e+02 3.330000000000000000e+02 3.320000000000000000e+02 3.320000000000000000e+02 3.310000000000000000e+02 3.300000000000000000e+02 3.290000000000000000e+02 3.290000000000000000e+02 3.280000000000000000e+02 3.270000000000000000e+02 3.270000000000000000e+02 3.260000000000000000e+02 3.250000000000000000e+02 3.240000000000000000e+02 3.240000000000000000e+02 3.230000000000000000e+02 3.220000000000000000e+02 3.210000000000000000e+02 3.210000000000000000e+02 3.200000000000000000e+02
3.450000000000000000e+02 3.450000000000000000e+02 3.440000000000000000e+02 3.430000000000000000e+02 3.430000000000000000e+02 3.420000000000000000e+02 3.410000000000000000e+02 3.410000000000000000e+02 3.400000000000000000e+02 3.390000000000000000e+02 3.380000000000000000e+02 3.380000000000000000e+02 3.370000000000000000e+02 3.360000000000000000e+02 3.360000000000000000e+02 3.350000000000000000e+02 3.340000000000000000e+02 3.340000000000000000e+02 3.330000000000000000e+02 3.320000000000000000e+02 3.310000000000000000e+02 3.310000000000000000e+02 3.300000000000000000e+02 3.290000000000000000e+02 3.280000000000000000e+02 3.280000000000000000e+02 3.270000000000000000e+02 3.260000000000000000e+02 3.260000000000000000e+02 3.250000000000000000e+02 3.240000000000000000e+02 3.230000000000000000e+02 3.230000000000000000e+02 3.220000000000000000e+02 3.210000000000000000e+02 3.210000000000000000e+02 3.200000000000000000e+02
3.450000000000000000e+02 3.450000000000000000e+02 3.440000000000000000e+02 3.430000000000000000e+02 3.420000000000000000e+02 3.420000000000000000e+02 3.410000000000000000e+02 3.400000000000000000e+02 3.400000000000000000e+02 3.390000000000000000e+02 3.380000000000000000e+02 3.380000000000000000e+02 3.370000000000000000e+02 3.360000000000000000e+02 3.350000000000000000e+02 3.350000000000000000e+02 3.340000000000000000e+02 3.330000000000000000e+02 3.330000000000000000e+02 3.320000000000000000e+02 3.310000000000000000e+02 3.300000000000000000e+02 3.300000000000000000e+02 3.290000000000000000e+02 3.280000000000000000e+02 3.280000000000000000e+02 3.270000000000000000e+02 3.260000000000000000e+02 3.250000000000000000e+02 3.250000000000000000e+02 3.240000000000000000e+02 3.230000000000000000e+02 3.230000000000000000e+02 3.220000000000000000e+02 3.210000000000000000e+02 3.200000000000000000e+02 3.200000000000000000e+02
3.450000000000000000e+02 3.440000000000000000e+02 3.440000000000000000e+02 3.430000000000000000e+02 3.420000000000000000e+02 3.410000000000000000e+02 3.410000000000000000e+02 3.400000000000000000e+02 3.390000000000000000e+02 3.390000000000000000e+02 3.380000000000000000e+02 3.370000000000000000e+02 3.370000000000000000e+02 3.360000000000000000e+02 3.350000000000000000e+02 3.340000000000000000e+02 3.340000000000000000e+02 3.330000000000000000e+02 3.320000000000000000e+02 3.320000000000000000e+02 3.310000000000000000e+02 3.300000000000000000e+02 3.290000000000000000e+02 3.290000000000000000e+02 3.280000000000000000e+02 3.270000000000000000e+02 3.270000000000000000e+02 3.260000000000000000e+02 3.250000000000000000e+02 3.240000000000000000e+02 3.240000000000000000e+02 3.230000000000000000e+02 3.220000000000000000e+02 3.220000000000000000e+02 3.210000000000000000e+02 3.200000000000000000e+02 3.190000000000000000e+02
3.450000000000000000e+02 3.440000000000000000e+02 3.430000000000000000e+02 3.430000000000000000e+02 3.420000000000000000e+02 3.410000000000000000e+02 3.400000000000000000e+02 3.400000000000000000e+02 3.390000000000000000e+02 3.380000000000000000e+02 3.380000000000000000e+02 3.370000000000000000e+02 3.360000000000000000e+02 3.360000000000000000e+02 3.350000000000000000e+02 3.340000000000000000e+02 3.330000000000000000e+02 3.330000000000000000e+02 3.320000000000000000e+02 3.310000000000000000e+02 3.310000000000000000e+02 3.300000000000000000e+02 3.290000000000000000e+02 3.290000000000000000e+02 3.280000000000000000e+02 3.270000000000000000e+02 3.260000000000000000e+02 3.260000000000000000e+02 3.250000000000000000e+02 3.240000000000000000e+02 3.240000000000000000e+02 3.230000000000000000e+02 3.220000000000000000e+02 3.210000000000000000e+02 3.210000000000000000e+02 3.200000000000000000e+02 3.190000000000000000e+02
3.440000000000000000e+02 3.440000000000000000e+02 3.430000000000000000e+02 3.420000000000000000e+02 3.420000000000000000e+02 3.410000000000000000e+02 3.400000000000000000e+02 3.390000000000000000e+02 3.390000000000000000e+02 3.380000000000000000e+02 3.370000000000000000e+02 3.370000000000000000e+02 3.360000000000000000e+02 3.350000000000000000e+02 3.350000000000000000e+02 3.340000000000000000e+02 3.330000000000000000e+02 3.320000000000000000e+02 3.320000000000000000e+02 3.310000000000000000e+02 3.300000000000000000e+02 3.300000000000000000e+02 3.290000000000000000e+02 3.280000000000000000e+02 3.280000000000000000e+02 3.270000000000000000e+02 3.260000000000000000e+02 3.250000000000000000e+02 3.250000000000000000e+02 3.240000000000000000e+02 3.230000000000000000e+02 3.230000000000000000e+02 3.220000000000000000e+02 3.210000000000000000e+02 3.200000000000000000e+02 3.200000000000000000e+02 3.190000000000000000e+02
3.440000000000000000e+02 3.430000000000000000e+02 3.430000000000000000e+02 3.420000000000000000e+02 3.410000000000000000e+02 3.410000000000000000e+02 3.400000000000000000e+02 3.390000000000000000e+02 3.380000000000000000e+02 3.380000000000000000e+02 3.370000000000000000e+02 3.360000000000000000e+02 3.360000000000000000e+02 3.350000000000000000e+02 3.340000000000000000e+02 3.340000000000000000e+02 3.330000000000000000e+02 3.320000000000000000e+02 3.320000000000000000e+02 3.310000000000000000e+02 3.300000000000000000e+02 3.290000000000000000e+02 3.290000000000000000e+02 3.280000000000000000e+02 3.270000000000000000e+02 3.270000000000000000e+02 3.260000000000000000e+02 3.250000000000000000e+02 3.240000000000000000e+02 3.240000000000000000e+02 3.230000000000000000e+02 3.220000000000000000e+02 3.220000000000000000e+02 3.210000000000000000e+02 3.200000000000000000e+02 3.190000000000000000e+02 3.190000000000000000e+02
3.440000000000000000e+02 3.430000000000000000e+02 3.420000000000000000e+02 3.420000000000000000e+02 3.410000000000000000e+02 3.400000000000000000e+02 3.400000000000000000e+02 3.390000000000000000e+02 3.380000000000000000e+02 3.370000000000000000e+02 3.370000000000000000e+02 3.360000000000000000e+02 3.350000000000000000e+02 3.350000000000000000e+02 3.340000000000000000e+02 3.330000000000000000e+02 3.330000000000000000e+02 3.320000000000000000e+02 3.310000000000000000e+02 3.310000000000000000e+02 3.300000000000000000e+02 3.290000000000000000e+02 3.280000000000000000e+02 3.280000000000000000e+02 3.270000000000000000e+02 3.260000000000000000e+02 3.260000000000000000e+02 3.250000000000000000e+02 3.240000000000000000e+02 3.230000000000000000e+02 3.230000000000000000e+02 3.220000000000000000e+02 3.210000000000000000e+02 3.210000000000000000e+02 3.200000000000000000e+02 3.190000000000000000e+02 3.190000000000000000e+02
3.430000000000000000e+02 3.430000000000000000e+02 3.420000000000000000e+02 3.410000000000000000e+02 3.410000000000000000e+02 3.400000000000000000e+02 3.390000000000000000e+02 3.390000000000000000e+02 3.380000000000000000e+02 3.370000000000000000e+02 3.360000000000000000e+02 3.360000000000000000e+02 3.350000000000000000e+02 3.340000000000000000e+02 3.340000000000000000e+02 3.330000000000000000e+02 3.320000000000000000e+02 3.320000000000000000e+02 3.310000000000000000e+02 3.300000000000000000e+02 3.300000000000000000e+02 3.290000000000000000e+02 3.280000000000000000e+02 3.270000000000000000e+02 3.270000000000000000e+02 3.260000000000000000e+02 3.250000000000000000e+02 3.250000000000000000e+02 3.240000000000000000e+02 3.230000000000000000e+02 3.230000000000000000e+02 3.220000000000000000e+02 3.210000000000000000e+02 3.200000000000000000e+02 3.200000000000000000e+02 3.190000000000000000e+02 3.180000000000000000e+02
3.430000000000000000e+02 3.420000000000000000e+02 3.420000000000000000e+02 3.410000000000000000e+02 3.400000000000000000e+02 3.400000000000000000e+02 3.390000000000000000e+02 3.380000000000000000e+02 3.380000000000000000e+02 3.370000000000000000e+02 3.360000000000000000e+02 3.350000000000000000e+02 3.350000000000000000e+02 3.340000000000000000e+02 3.330000000000000000e+02 3.330000000000000000e+02 3.320000000000000000e+02 3.310000000000000000e+02 3.310000000000000000e+02 3.300000000000000000e+02 3.290000000000000000e+02 3.290000000000000000e+02 3.280000000000000000e+02 3.270000000000000000e+02 3.260000000000000000e+02 3.260000000000000000e+02 3.250000000000000000e+02 3.240000000000000000e+02 3.240000000000000000e+02 3.230000000000000000e+02 3.220000000000000000e+02 3.220000000000000000e+02 3.210000000000000000e+02 3.200000000000000000e+02 3.190000000000000000e+02 3.190000000000000000e+02 3.180000000000000000e+02
3.420000000000000000e+02 3.420000000000000000e+02 3.410000000000000000e+02 3.410000000000000000e+02 3.400000000000000000e+02 3.390000000000000000e+02 3.390000000000000000e+02 3.380000000000000000e+02 3.370000000000000000e+02 3.360000000000000000e+02 3.360000000000000000e+02 3.350000000000000000e+02 3.340000000000000000e+02 3.340000000000000000e+02 3.330000000000000000e+02 3.320000000000000000e+02 3.320000000000000000e+02 3.310000000000000000e+02 3.300000000000000000e+02 3.300000000000000000e+02 3.290000000000000000e+02 3.280000000000000000e+02 3.280000000000000000e+02 3.270000000000000000e+02 3.260000000000000000e+02 3.250000000000000000e+02 3.250000000000000000e+02 3.240000000000000000e+02 3.230000000000000000e+02 3.230000000000000000e+02 3.220000000000000000e+02 3.210000000000000000e+02 3.210000000000000000e+02 3.200000000000000000e+02 3.190000000000000000e+02 3.180000000000000000e+02 3.180000000000000000e+02
3.420000000000000000e+02 3.410000000000000000e+02 3.410000000000000000e+02 3.400000000000000000e+02 3.390000000000000000e+02 3.390000000000000000e+02 3.380000000000000000e+02 3.380000000000000000e+02 3.370000000000000000e+02 3.360000000000000000e+02 3.350000000000000000e+02 3.350000000000000000e+02 3.340000000000000000e+02 3.330000000000000000e+02 3.330000000000000000e+02 3.320000000000000000e+02 3.310000000000000000e+02 3.310000000000000000e+02 3.300000000000000000e+02 3.290000000000000000e+02 3.290000000000000000e+02 3.280000000000000000e+02 3.270000000000000000e+02 3.270000000000000000e+02 3.260000000000000000e+02 3.250000000000000000e+02 3.250000000000000000e+02 3.240000000000000000e+02 3.230000000000000000e+02 3.220000000000000000e+02 3.220000000000000000e+02 3.210000000000000000e+02 3.200000000000000000e+02 3.200000000000000000e+02 3.190000000000000000e+02 3.180000000000000000e+02 3.180000000000000000e+02
3.420000000000000000e+02 3.410000000000000000e+02 3.400000000000000000e+02 3.400000000000000000e+02 3.390000000000000000e+02 3.380000000000000000e+02 3.380000000000000000e+02 3.370000000000000000e+02 3.360000000000000000e+02 3.360000000000000000e+02 3.350000000000000000e+02 3.340000000000000000e+02 3.340000000000000000e+02 3.330000000000000000e+02 3.320000000000000000e+02 3.320000000000000000e+02 3.310000000000000000e+02 3.300000000000000000e+02 3.300000000000000000e+02 3.290000000000000000e+02 3.280000000000000000e+02 3.280000000000000000e+02 3.270000000000000000e+02 3.260000000000000000e+02 3.260000000000000000e+02 3.250000000000000000e+02 3.240000000000000000e+02 3.240000000000000000e+02 3.230000000000000000e+02 3.220000000000000000e+02 3.210000000000000000e+02 3.210000000000000000e+02 3.200000000000000000e+02 3.190000000000000000e+02 3.190000000000000000e+02 3.180000000000000000e+02 3.170000000000000000e+02
