testData/tiles/oneDegree/grid41.0-34.0-42.0-35.0.asc
ncols   200
nrows   200
xllcorner   41.0
yllcorner   34.0
cellsize   0.005
NODATA_value   -9999.0
[rows 84 to 125 of 200, columns 94 to 187 of 200]
682 681 680 678 886 885 884 882 881 880 879 877 876 874 872 871 869 868 866 865 863 861 859 858 856 854 854 851 849 848 846 844 841 840 839 838 838 837 836 836 836 835 834 834 819 818 817 817 816 816 815 814 814 814 813 812 812 812 810 810 810 809 808 717 717 716 716 716 716 715 715 715 714 714 714 714 717 718 720 720 721 721 721 722 723 797 798 798 798 798 799 798 799 799
683 681 680 889 888 885 884 883 881 880 880 879 876 874 873 871 870 869 867 865 863 862 860 858 856 854 854 852 851 848 846 845 842 841 839 838 838 838 837 836 836 836 835 834 819 818 818 817 817 816 816 815 814 814 814 812 812 812 812 810 810 810 809 717 717 717 716 716 716 716 715 715 715 714 714 714 714 715 717 719 719 720 721 721 722 722 797 797 798 798 798 799 798 799
683 682 680 889 888 887 885 883 882 880 880 879 877 874 873 872 870 869 868 864 863 862 861 859 857 855 854 852 851 850 846 845 843 841 840 839 838 838 838 838 836 836 836 835 819 819 818 818 817 816 816 816 815 814 814 814 812 812 812 811 810 810 810 718 717 717 717 716 716 716 716 715 715 715 714 714 714 714 713 716 718 718 720 720 720 721 797 796 797 798 797 798 798 798
684 683 681 889 888 887 885 884 883 881 880 879 878 875 874 872 871 869 868 866 864 862 861 860 857 856 855 852 851 850 847 845 843 842 840 840 839 838 838 838 837 836 836 821 820 819 819 818 818 817 816 816 816 815 814 814 814 812 812 812 811 810 810 718 718 717 717 717 716 716 716 716 715 715 715 714 714 714 713 713 715 717 718 719 720 720 721 796 796 797 797 797 797 798
684 683 682 891 888 887 886 884 883 882 881 879 877 876 874 873 871 870 868 866 865 863 861 860 857 856 856 854 851 850 848 846 844 842 840 840 840 839 838 838 838 837 836 821 820 820 819 819 818 818 818 816 816 816 815 814 814 813 812 812 812 811 810 719 718 718 717 717 717 716 716 716 716 715 715 715 714 714 714 713 713 713 715 717 718 719 719 720 796 796 796 796 796 797
685 683 682 891 890 887 886 885 883 882 882 880 877 876 875 873 872 871 868 866 865 864 862 860 858 856 856 854 852 849 848 847 844 843 841 840 840 840 839 838 838 838 822 821 821 820 820 819 818 818 818 818 816 816 816 815 814 814 813 812 812 811 811 720 719 718 718 717 717 717 716 716 716 716 715 715 715 714 714 714 713 713 713 714 716 717 718 719 719 794 795 796 795 796
685 684 682 891 890 888 887 885 884 882 882 881 878 877 875 874 872 871 870 866 865 864 862 860 859 857 856 854 853 850 848 847 845 843 842 841 840 840 840 839 838 838 822 822 821 821 820 820 820 818 818 818 817 816 816 816 815 814 814 813 812 812 811 720 719 718 718 718 717 717 717 716 716 716 716 715 715 715 714 714 714 713 713 713 712 714 716 717 718 794 794 795 795 795
686 685 893 891 890 889 887 886 885 883 882 880 879 877 876 874 872 871 870 868 866 864 863 860 859 858 856 854 853 851 849 847 845 843 842 842 841 840 840 840 839 823 823 822 822 821 820 820 820 820 818 818 818 817 816 816 815 815 814 813 813 812 812 720 720 719 718 718 718 717 717 717 716 716 716 716 715 715 715 714 714 714 713 713 713 712 712 715 716 717 793 793 794 795
686 685 894 893 890 889 888 886 885 884 882 880 879 878 876 875 874 871 869 868 867 865 863 861 859 858 857 855 853 851 850 848 846 844 842 842 842 841 840 840 840 824 823 823 822 822 822 820 820 820 819 818 818 818 817 816 816 815 815 814 813 813 812 720 720 720 719 718 718 718 717 717 717 716 716 716 715 715 715 715 714 714 714 713 713 713 712 712 714 715 716 792 792 793
687 685 894 893 891 889 888 887 885 884 883 881 879 878 877 875 874 873 869 868 867 865 864 862 860 858 857 856 854 851 850 847 846 845 843 842 842 842 841 840 840 824 824 823 823 822 822 822 820 820 820 819 818 818 817 817 816 816 815 815 814 813 813 721 720 720 720 718 718 718 718 717 717 717 716 716 716 715 715 715 715 714 714 714 713 713 713 712 712 712 713 715 792 792
687 686 894 893 892 890 889 887 886 884 883 882 880 879 877 875 874 873 871 869 867 866 863 862 861 859 857 856 855 852 850 848 846 844 844 842 842 842 842 841 825 825 824 824 823 822 822 822 822 820 820 820 819 818 818 817 817 816 815 815 815 813 813 722 721 720 720 720 718 718 718 717 717 717 717 716 716 716 715 715 715 714 714 714 713 713 713 713 712 712 712 711 789 790
688 687 895 893 892 891 889 888 887 883 883 882 881 879 878 876 874 872 871 870 868 866 864 862 861 860 857 856 855 853 851 849 847 844 844 844 842 842 842 842 826 825 825 824 824 824 822 822 822 821 820 820 820 819 818 818 817 817 816 815 815 815 813 722 722 720 720 720 720 718 718 718 717 717 717 717 716 716 716 715 715 715 714 714 714 713 713 713 712 712 712 711 711 786
688 687 896 894 892 891 890 888 886 885 882 882 881 880 878 877 876 872 871 870 868 867 864 863 861 859 859 857 854 853 851 849 848 845 844 844 844 843 842 827 826 826 825 824 824 824 824 822 822 822 821 820 820 819 819 818 817 817 817 816 815 815 815 722 722 722 720 720 720 719 718 718 718 717 717 717 717 716 716 716 715 715 715 714 714 714 713 713 713 712 712 712 711 711
689 687 896 895 893 891 889 888 886 885 884 883 881 880 878 877 876 874 871 870 869 867 865 864 861 859 858 858 855 853 852 849 848 846 844 844 844 844 843 827 827 826 826 825 824 824 824 823 822 822 822 821 820 820 819 819 818 817 817 817 815 815 815 723 722 722 722 720 720 720 719 718 718 718 717 717 717 717 716 716 716 715 715 715 714 714 714 713 713 713 712 712 712 711
688 897 895 894 893 891 890 888 886 885 884 884 882 880 879 877 875 874 873 870 869 867 865 864 863 859 858 858 856 854 851 850 848 846 846 844 844 844 828 828 827 827 826 826 825 824 824 824 823 822 822 821 821 820 820 819 819 818 817 817 817 815 815 724 723 722 722 721 720 720 719 719 718 718 718 717 717 717 716 716 716 716 715 715 715 714 714 714 713 713 713 712 712 712
689 898 895 894 893 892 890 889 888 885 884 884 883 881 880 878 875 874 873 871 870 867 866 864 863 861 858 858 856 854 852 851 848 846 846 846 844 844 829 828 828 827 826 826 826 826 824 824 824 823 822 822 821 821 820 819 819 819 817 817 817 817 815 724 724 722 722 722 721 720 720 719 719 718 718 718 717 717 717 716 716 716 715 715 715 715 714 714 714 713 713 713 712 712
689 898 897 894 893 892 891 889 888 887 884 884 883 881 880 878 876 874 873 872 870 868 866 864 862 861 860 857 856 855 852 851 849 846 846 846 846 830 829 829 828 828 827 826 826 826 825 824 824 823 823 822 822 821 821 820 819 819 819 817 817 817 816 724 724 723 722 722 722 721 720 720 719 718 718 718 718 717 717 717 716 716 716 715 715 715 714 714 714 713 713 713 712 712
690 898 897 896 894 892 891 889 888 887 886 884 883 882 880 878 877 875 873 872 870 868 867 866 862 861 860 857 857 855 853 851 849 848 846 846 846 830 830 829 828 828 828 827 826 826 826 825 824 824 823 823 822 821 821 821 820 819 819 819 817 817 817 725 724 724 723 722 722 721 721 720 719 719 718 718 718 718 717 717 717 716 716 716 715 715 715 714 714 714 713 713 713 712
690 898 897 896 895 893 892 890 888 887 886 885 884 882 880 878 877 876 874 872 870 869 867 866 864 861 860 858 857 856 853 851 849 848 848 846 831 831 830 830 829 828 828 828 826 826 826 826 825 824 824 823 823 822 821 821 821 819 819 819 818 817 817 726 725 724 724 723 722 722 721 721 720 719 719 718 718 718 717 717 717 717 716 716 716 715 715 715 714 714 714 713 713 713
691 899 897 896 895 894 892 891 889 887 886 885 884 882 881 879 877 876 875 872 871 869 867 865 864 863 860 858 857 855 854 852 849 848 848 847 831 831 831 830 830 829 828 828 828 826 826 826 825 825 824 823 823 823 822 821 821 821 819 819 819 818 817 726 725 724 724 723 723 722 721 721 721 720 719 719 718 718 718 717 717 717 717 716 716 716 715 715 715 714 714 714 713 713
691 900 899 896 895 894 892 891 890 889 886 885 883 882 881 880 877 876 875 873 871 870 868 865 864 863 860 858 857 856 854 852 851 848 848 833 832 831 831 830 830 830 828 828 828 828 827 826 826 825 825 824 823 823 823 821 821 821 820 819 819 819 818 726 726 725 724 724 723 723 722 721 721 720 719 719 719 718 718 718 717 717 717 716 716 716 715 715 715 714 714 714 713 713
691 900 899 898 896 894 893 891 890 889 887 884 883 883 881 880 879 876 874 873 871 870 869 866 864 863 861 859 858 855 854 852 851 849 848 833 833 832 832 831 830 830 830 828 828 828 827 827 826 826 825 825 824 823 823 823 821 821 821 820 819 819 818 727 726 725 725 724 724 723 723 722 721 721 720 719 719 719 718 718 718 717 717 717 716 716 716 715 715 715 714 714 714 713
901 900 899 898 896 895 893 892 890 889 887 885 884 883 882 880 879 878 875 873 872 870 868 867 864 863 861 860 857 856 854 852 851 850 834 833 833 832 832 832 831 830 830 830 828 828 828 827 827 826 825 825 825 823 823 823 823 821 821 821 820 819 728 727 727 726 725 725 724 723 723 723 721 721 721 719 719 719 718 718 718 718 717 717 717 716 716 716 715 715 715 714 714 714
902 901 899 898 897 895 894 893 891 888 887 886 884 883 882 880 879 877 876 874 872 871 868 867 866 863 861 860 857 856 854 853 851 850 835 834 833 833 832 832 832 830 830 830 830 828 828 828 827 827 826 825 825 825 823 823 823 822 821 821 820 820 728 728 727 726 726 725 725 724 723 723 723 721 721 721 719 719 719 718 718 718 718 717 717 717 716 716 716 715 715 715 714 714
902 902 900 898 897 896 894 892 891 888 887 886 885 883 883 882 878 877 876 874 873 870 869 867 866 864 862 860 858 856 854 853 850 835 835 835 834 833 833 832 832 832 830 830 830 829 828 828 827 827 827 826 825 825 825 823 823 823 822 821 821 820 729 728 727 727 726 725 725 725 723 723 723 721 721 721 721 719 719 719 718 718 718 717 717 717 716 716 716 716 715 715 714 714
901 900 900 898 896 895 894 892 891 890 888 886 885 883 882 882 880 877 876 875 873 871 870 867 865 864 863 860 858 857 854 853 851 835 835 835 834 834 833 832 832 832 832 830 830 830 829 828 828 827 827 827 825 825 825 824 823 823 822 822 821 821 729 728 728 727 727 726 725 725 725 723 723 723 721 721 721 720 719 719 719 718 718 718 717 717 717 716 716 716 715 715 715 714
902 900 900 899 897 895 894 893 891 890 889 887 885 884 882 881 880 878 876 875 873 871 870 869 865 864 863 860 859 856 854 853 836 837 836 835 835 834 834 833 832 832 832 831 830 830 829 829 828 828 827 827 827 825 825 825 824 823 823 822 822 821 729 729 728 727 727 727 725 725 725 725 723 723 723 721 721 721 719 719 719 719 718 718 718 717 717 717 716 716 716 715 715 715
902 901 899 899 898 896 895 893 891 890 889 888 886 885 882 880 880 879 877 875 873 871 870 868 867 864 862 861 859 857 856 852 836 836 836 836 835 835 834 834 833 832 832 832 831 830 830 829 829 828 827 827 827 826 825 825 825 824 823 823 822 822 730 729 729 728 727 727 727 725 725 725 723 723 723 722 721 721 720 719 719 719 718 718 718 718 717 717 717 716 716 716 715 714
903 901 899 899 898 897 895 894 893 890 889 888 886 884 883 881 880 879 878 875 874 872 870 868 867 865 863 861 860 857 856 839 836 836 836 836 836 835 834 834 834 832 832 832 832 831 830 830 829 829 828 827 827 827 826 825 825 824 824 823 822 822 730 729 729 729 728 727 727 727 725 725 725 723 723 723 722 721 721 720 719 719 719 718 718 718 717 717 717 716 716 716 714 714
903 902 901 898 898 897 895 894 893 892 889 888 886 884 883 882 879 879 877 876 874 873 870 868 867 866 863 862 859 857 841 839 837 836 836 836 836 836 835 834 834 834 833 832 832 831 831 830 829 829 829 828 827 827 827 825 825 825 824 823 823 822 731 730 729 729 729 727 727 727 726 725 725 724 723 723 722 721 721 720 720 719 719 719 718 718 718 717 717 717 716 715 715 714
904 902 901 900 899 897 896 894 893 892 889 887 886 885 883 882 881 878 877 876 874 873 871 868 867 865 864 862 860 858 840 839 838 837 836 836 835 836 836 835 834 834 834 833 832 832 831 831 830 829 829 829 827 827 827 826 825 825 824 824 823 823 731 731 730 729 729 729 727 727 727 725 725 725 724 723 723 722 721 721 720 720 719 719 719 718 718 718 717 717 716 715 715 715
904 902 901 900 899 898 896 895 893 891 890 888 887 885 883 882 881 879 878 876 875 872 871 870 868 865 864 861 860 844 841 839 838 838 837 836 836 835 835 836 834 834 834 833 833 832 831 831 831 830 829 829 829 827 827 827 826 825 825 824 824 732 731 731 731 729 729 729 728 727 727 726 725 725 724 724 723 723 722 721 721 720 719 719 719 719 718 718 717 716 716 716 715 715
904 903 901 900 899 898 896 895 893 891 890 889 887 886 884 882 880 879 877 877 874 873 871 870 868 866 864 862 860 843 842 839 838 838 837 837 836 836 835 835 836 834 834 834 833 833 832 831 831 831 829 829 829 828 827 827 826 826 825 825 824 733 732 731 731 731 729 729 729 728 727 727 726 725 725 724 724 723 722 722 721 720 720 719 719 719 718 717 717 716 716 716 715 715
904 903 901 899 898 897 896 895 894 891 890 889 888 886 885 883 880 879 878 876 875 874 871 869 868 867 864 862 846 843 842 840 838 838 838 837 837 836 835 835 835 835 834 834 834 833 833 832 831 831 831 829 829 829 828 827 827 826 826 825 824 733 733 731 731 731 730 729 729 728 727 727 727 726 725 725 724 723 723 722 722 721 720 720 719 719 718 717 717 717 716 716 716 715
904 903 902 900 898 897 897 895 894 893 891 889 888 886 884 883 882 879 878 876 874 874 873 869 868 867 864 863 845 843 842 840 840 838 838 838 837 837 836 835 835 835 834 834 834 833 833 833 831 831 831 830 829 829 829 828 827 827 826 826 825 733 733 733 731 731 731 730 729 729 728 727 727 726 726 725 724 724 723 722 722 721 720 720 719 718 718 718 717 717 717 716 716 716
905 903 902 901 899 897 896 895 894 893 892 890 887 886 884 883 882 880 877 876 874 874 872 871 868 866 865 848 846 844 841 840 840 839 839 838 837 837 837 836 835 835 835 834 833 834 833 833 833 831 831 831 830 829 829 828 828 827 826 826 826 733 733 733 732 731 731 731 729 729 729 728 727 727 726 725 725 724 724 723 722 722 720 719 719 718 718 718 717 717 717 717 716 716
905 904 902 901 900 898 897 895 894 893 892 889 888 886 885 883 882 880 878 876 875 873 872 871 869 866 850 847 846 845 843 840 840 840 839 839 838 837 837 837 835 835 835 834 834 833 832 833 833 832 831 831 831 830 829 829 828 828 827 826 826 735 733 733 733 732 731 731 730 729 729 728 728 727 726 726 725 724 724 724 721 721 721 719 719 719 718 718 718 717 717 717 716 716
906 904 902 901 900 899 897 896 895 892 891 890 888 887 886 883 881 880 879 877 876 873 871 871 869 867 850 848 846 844 843 841 840 840 839 839 839 838 837 837 837 835 835 835 834 834 833 832 832 833 831 831 831 830 830 829 828 828 828 826 826 735 735 733 733 733 731 731 731 730 729 729 728 728 727 726 726 725 723 723 722 721 721 721 719 719 719 718 718 718 717 717 717 716
906 905 903 901 900 899 897 895 894 894 891 890 889 887 886 884 881 880 879 877 875 874 871 870 869 853 850 848 847 844 843 842 841 840 840 839 839 839 837 837 837 836 835 835 835 834 834 833 832 832 832 830 831 831 830 830 829 828 828 828 826 735 735 733 733 733 732 731 731 730 730 729 728 728 727 725 725 725 723 723 723 721 721 721 719 719 719 718 718 718 718 717 717 717
906 905 904 903 899 898 897 895 894 893 892 890 889 887 885 884 883 880 879 877 875 874 873 869 853 853 850 849 847 844 843 842 842 841 840 840 839 839 839 837 837 837 836 835 835 834 834 834 832 832 832 831 830 830 829 829 828 829 828 828 736 735 735 735 733 733 733 732 731 731 729 729 728 727 727 726 725 725 725 723 723 723 721 721 721 719 719 719 718 718 718 717 717 717
906 904 903 902 900 898 897 896 894 893 892 891 889 887 885 884 883 881 878 877 876 874 872 871 853 851 851 849 847 846 842 842 842 841 841 840 839 839 839 839 837 837 837 836 835 835 834 834 834 832 832 832 831 830 830 829 829 828 827 827 736 734 734 734 733 732 732 731 731 730 729 729 728 727 727 727 725 725 725 723 723 723 723 721 721 721 719 719 719 718 718 718 717 717
906 905 903 902 901 899 898 896 894 893 892 892 889 888 886 884 883 882 879 878 876 874 872 856 854 851 850 849 847 846 844 842 842 842 841 841 840 839 839 839 838 837 837 836 836 835 834 834 834 833 832 832 832 831 830 830 829 829 828 827 736 736 734 734 734 733 732 732 731 731 730 729 729 728 727 727 727 725 725 725 723 723 723 721 721 721 719 719 719 719 718 718 718 717
