testData/tiles/oneDegree/grid11.0-17.0-12.0-18.0.asc
ncols   200
nrows   200
xllcorner   11.0
yllcorner   17.0
cellsize   0.005
NODATA_value   -9999.0
[rows 42 to 83 of 200, columns 94 to 187 of 200]
251 253 254 255 256 257 258 259 260 261 262 263 264 265 266 267 268 269 270 271 272 272 273 274 275 276 276 277 278 279 279 280 281 281 282 283 283 284 285 285 366 366 367 368 368 369 369 370 370 371 371 372 372 373 373 374 374 375 375 376 376 376 377 377 378 378 378 379 379 379 380 380 380 381 381 381 382 382 382 383 383 383 383 384 384 384 384 384 385 385 385 385 385 386
253 254 255 256 257 258 259 261 262 263 264 265 266 266 267 268 269 270 271 272 273 273 274 275 276 277 277 278 279 280 280 281 282 282 283 284 284 285 286 286 287 367 368 369 369 370 370 371 371 372 372 373 373 374 374 375 375 376 376 376 377 377 378 378 378 379 379 380 380 380 381 381 381 382 382 382 382 383 383 383 384 384 384 384 385 385 385 385 386 386 386 386 386 386
254 255 256 257 258 260 261 262 263 264 265 266 267 268 268 269 270 271 272 273 274 275 275 276 277 278 278 279 280 281 281 282 283 283 284 285 285 286 287 287 288 288 369 369 370 371 371 372 372 373 373 374 374 375 375 376 376 376 377 377 378 378 379 379 379 380 380 380 381 381 381 382 382 382 383 383 383 384 384 384 384 385 385 385 385 386 386 386 386 387 387 387 387 387
255 256 257 259 260 261 262 263 264 265 266 267 268 269 270 270 271 272 273 274 275 276 276 277 278 279 279 280 281 282 282 283 284 284 285 286 286 287 287 288 289 289 370 370 371 371 372 373 373 374 374 375 375 375 376 376 377 377 378 378 379 379 379 380 380 380 381 381 382 382 382 383 383 383 384 384 384 384 385 385 385 385 386 386 386 386 387 387 387 387 387 388 388 388
256 257 259 260 261 262 263 264 265 266 267 268 269 270 271 271 272 273 274 275 276 276 277 278 279 280 280 281 282 282 283 284 285 285 286 286 287 288 288 289 290 290 291 371 372 372 373 373 374 374 375 375 376 376 377 377 378 378 379 379 379 380 380 381 381 381 382 382 382 383 383 383 384 384 384 385 385 385 385 386 386 386 387 387 387 387 387 388 388 388 388 388 389 389
257 259 260 261 262 263 264 265 266 267 268 269 270 271 272 272 273 274 275 276 277 277 278 279 280 281 281 282 283 283 284 285 285 286 287 287 288 289 289 290 290 291 292 292 373 373 374 374 375 375 376 376 377 377 378 378 379 379 379 380 380 381 381 381 382 382 382 383 383 384 384 384 385 385 385 385 386 386 386 387 387 387 387 388 388 388 388 388 389 389 389 389 389 390
259 260 261 262 263 264 265 266 267 268 269 270 271 272 273 273 274 275 276 277 278 278 279 280 281 281 282 283 284 284 285 286 286 287 288 288 289 290 290 291 291 292 292 293 294 374 375 375 376 376 377 377 378 378 378 379 379 380 380 381 381 381 382 382 383 383 383 384 384 384 385 385 385 386 386 386 387 387 387 387 388 388 388 388 389 389 389 389 389 390 390 390 390 390
260 261 262 263 264 265 266 267 268 269 270 271 272 273 274 274 275 276 277 278 279 279 280 281 282 282 283 284 285 285 286 287 287 288 289 289 290 290 291 292 292 293 293 294 294 295 375 376 376 377 377 378 378 379 379 380 380 381 381 381 382 382 383 383 383 384 384 384 385 385 385 386 386 386 387 387 387 388 388 388 388 389 389 389 389 390 390 390 390 390 391 391 391 391
261 262 263 264 265 266 267 268 269 270 271 272 273 274 275 275 276 277 278 279 280 280 281 282 283 283 284 285 285 286 287 287 288 289 289 290 291 291 292 292 293 294 294 295 295 296 376 377 377 378 378 379 379 380 380 381 381 381 382 382 383 383 383 384 384 385 385 385 386 386 386 387 387 387 387 388 388 388 389 389 389 389 390 390 390 390 391 391 391 391 391 392 392 392
262 263 264 265 266 267 268 269 270 271 272 273 274 275 276 276 277 278 279 280 280 281 282 283 284 284 285 286 286 287 288 288 289 290 290 291 292 292 293 293 294 294 295 296 296 297 297 378 378 379 379 380 380 380 381 381 382 382 383 383 383 384 384 385 385 385 386 386 386 387 387 387 388 388 388 389 389 389 389 390 390 390 390 391 391 391 391 392 392 392 392 392 392 393
263 264 265 266 267 268 269 270 271 272 273 274 275 276 277 277 278 279 280 281 281 282 283 284 284 285 286 287 287 288 289 289 290 291 291 292 292 293 294 294 295 295 296 296 297 297 298 298 379 379 380 380 381 381 382 382 383 383 383 384 384 385 385 385 386 386 386 387 387 387 388 388 388 389 389 389 390 390 390 390 391 391 391 391 392 392 392 392 392 393 393 393 393 393
264 265 266 267 268 269 270 271 272 273 274 275 276 277 277 278 279 280 281 282 282 283 284 285 285 286 287 287 288 289 289 290 291 291 292 293 293 294 294 295 296 296 297 297 298 298 299 299 300 380 381 381 382 382 382 383 383 384 384 385 385 385 386 386 387 387 387 388 388 388 389 389 389 389 390 390 390 391 391 391 391 392 392 392 392 393 393 393 393 393 394 394 394 394
265 266 267 268 269 270 271 272 273 274 275 276 277 278 278 279 280 281 282 282 283 284 285 285 286 287 288 288 289 290 290 291 292 292 293 293 294 295 295 296 296 297 297 298 299 299 300 300 301 301 381 382 382 383 383 384 384 385 385 385 386 386 387 387 387 388 388 388 389 389 389 390 390 390 391 391 391 391 392 392 392 392 393 393 393 393 394 394 394 394 394 395 468 468
266 267 268 269 270 271 272 273 274 275 276 277 278 279 279 280 281 282 283 283 284 285 286 286 287 288 289 289 290 291 291 292 292 293 294 294 295 295 296 297 297 298 298 299 299 300 300 301 301 302 382 383 383 384 384 384 385 385 386 386 387 387 387 388 388 388 389 389 389 390 390 390 391 391 391 392 392 392 392 393 393 393 393 394 394 394 467 467 468 468 468 468 468 469
267 268 269 270 271 272 273 274 275 276 277 278 279 279 280 281 282 283 284 284 285 286 287 287 288 289 289 290 291 291 292 293 293 294 295 295 296 296 297 297 298 299 299 300 300 301 301 302 302 303 303 384 384 384 385 385 386 386 387 387 387 388 388 388 389 389 389 390 390 390 391 391 391 392 392 392 393 393 393 393 394 467 467 467 468 468 468 468 468 469 469 469 469 469
268 269 270 271 272 273 274 275 276 277 278 279 280 280 281 282 283 284 284 285 286 287 287 288 289 290 290 291 292 292 293 294 294 295 295 296 297 297 298 298 299 299 300 300 301 301 302 302 303 303 304 304 385 385 386 386 386 387 387 388 388 388 389 389 390 390 390 391 391 391 392 392 392 392 393 393 466 467 467 467 467 468 468 468 468 468 469 469 469 469 469 470 470 470
269 270 271 272 273 274 275 276 277 278 279 280 280 281 282 283 284 285 285 286 287 288 288 289 290 290 291 292 292 293 294 294 295 296 296 297 297 298 298 299 300 300 301 301 302 302 303 303 304 304 305 305 305 386 386 387 387 388 388 388 389 389 390 390 390 391 391 391 392 392 392 466 466 466 466 467 467 467 468 468 468 468 469 469 469 469 469 470 470 470 470 470 471 471
270 271 272 273 274 275 276 277 278 279 280 281 281 282 283 284 285 285 286 287 288 288 289 290 291 291 292 293 293 294 295 295 296 296 297 298 298 299 299 300 300 301 301 302 302 303 303 304 304 305 305 306 306 307 387 388 388 388 389 389 390 390 390 391 391 391 392 465 465 466 466 466 467 467 467 467 468 468 468 469 469 469 469 469 470 470 470 470 471 471 471 471 471 471
271 272 273 274 275 276 277 278 279 280 281 281 282 283 284 285 285 286 287 288 289 289 290 291 291 292 293 293 294 295 295 296 297 297 298 298 299 300 300 301 301 302 302 303 303 304 304 305 305 306 306 307 307 307 308 388 389 389 390 390 390 391 464 464 465 465 465 466 466 466 467 467 467 468 468 468 468 469 469 469 469 470 470 470 470 471 471 471 471 471 472 472 472 472
272 273 274 275 276 277 278 279 280 281 281 282 283 284 285 286 286 287 288 289 289 290 291 292 292 293 294 294 295 296 296 297 297 298 299 299 300 300 301 301 302 302 303 303 304 304 305 305 306 306 307 307 308 308 309 389 389 390 463 464 464 464 465 465 465 466 466 466 467 467 467 468 468 468 469 469 469 469 470 470 470 470 471 471 471 471 472 472 472 472 472 472 473 473
273 274 275 276 277 278 279 280 281 282 282 283 284 285 286 286 287 288 289 289 290 291 292 292 293 294 294 295 296 296 297 298 298 299 299 300 301 301 302 302 303 303 304 304 305 305 306 306 307 307 308 308 308 309 382 383 463 464 464 464 465 465 465 466 466 467 467 467 468 468 468 468 469 469 469 470 470 470 470 471 471 471 471 472 472 472 472 472 473 473 473 473 473 473
274 275 276 277 278 279 280 281 282 282 283 284 285 286 287 287 288 289 290 290 291 292 292 293 294 295 295 296 296 297 298 298 299 300 300 301 301 302 302 303 303 304 305 305 306 306 306 307 307 308 308 382 382 383 383 383 384 464 465 465 465 466 466 467 467 467 468 468 468 469 469 469 469 470 470 470 471 471 471 471 472 472 472 472 472 473 473 473 473 473 474 474 474 474
275 276 277 278 279 280 281 282 282 283 284 285 286 287 287 288 289 290 290 291 292 293 293 294 295 295 296 297 297 298 299 299 300 300 301 301 302 303 303 304 304 305 305 306 306 307 307 381 381 382 382 383 383 383 384 384 385 385 465 466 466 467 467 467 468 468 468 469 469 469 470 470 470 470 471 471 471 472 472 472 472 472 473 473 473 473 474 474 474 474 474 475 475 475
276 277 278 279 280 281 282 282 283 284 285 286 287 287 288 289 290 290 291 292 293 293 294 295 295 296 297 297 298 299 299 300 300 301 302 302 303 303 304 304 305 305 306 306 380 380 381 381 382 382 383 383 384 384 385 385 385 386 386 466 467 467 468 468 468 469 469 469 470 470 470 471 471 471 471 472 472 472 472 473 473 473 473 474 474 474 474 474 475 475 475 475 475 476
277 278 279 280 281 282 282 283 284 285 286 287 287 288 289 290 291 291 292 293 293 294 295 296 296 297 298 298 299 299 300 301 301 302 302 303 304 304 305 305 379 379 380 380 381 381 382 382 383 383 384 384 384 385 385 386 386 386 387 387 468 468 468 469 469 469 470 470 470 471 471 471 472 472 472 472 473 473 473 473 474 474 474 474 475 475 475 475 475 476 476 476 476 476
278 279 280 281 282 282 283 284 285 286 287 287 288 289 290 291 291 292 293 294 294 295 296 296 297 298 298 299 300 300 301 301 302 303 303 304 304 378 378 379 379 380 380 381 381 382 382 383 383 384 384 385 385 386 386 386 387 387 388 388 388 469 469 469 470 470 470 471 471 471 472 472 472 472 473 473 473 474 474 474 474 475 475 475 475 475 476 476 476 476 476 477 477 477
279 280 281 282 282 283 284 285 286 287 288 288 289 290 291 291 292 293 294 294 295 296 296 297 298 298 299 300 300 301 302 302 303 303 377 377 378 379 379 380 380 381 381 382 382 383 383 384 384 384 385 385 386 386 387 387 387 388 388 389 389 389 470 470 470 471 471 471 472 472 472 473 473 473 473 474 474 474 474 475 475 475 475 476 476 476 476 476 477 477 477 477 477 477
280 281 281 282 283 284 285 286 287 288 288 289 290 291 291 292 293 294 294 295 296 297 297 298 299 299 300 300 301 302 375 376 377 377 378 378 379 379 380 380 381 381 382 382 383 383 384 384 385 385 386 386 386 387 387 388 388 389 389 389 390 390 390 471 471 471 472 472 472 473 473 473 474 474 474 474 475 475 475 475 476 476 476 476 477 477 477 477 477 477 478 478 478 478
280 281 282 283 284 285 286 287 288 288 289 290 291 292 292 293 294 295 295 296 297 297 298 299 299 300 301 374 375 375 376 377 377 378 378 379 380 380 381 381 382 382 383 383 384 384 385 385 385 386 386 387 387 388 388 388 389 389 390 390 390 391 391 471 472 472 472 473 473 473 474 474 474 474 475 475 475 476 476 476 476 476 477 477 477 477 478 478 478 478 478 478 479 479
281 282 283 284 285 286 287 288 288 289 290 291 292 292 293 294 295 295 296 297 297 298 299 299 373 374 374 375 376 376 377 377 378 379 379 380 380 381 381 382 382 383 383 384 384 385 385 386 386 387 387 387 388 388 389 389 389 390 390 391 391 391 392 392 472 473 473 473 474 474 474 475 475 475 475 476 476 476 476 477 477 477 477 478 478 478 478 478 479 479 479 479 479 479
282 283 284 285 286 287 288 288 289 290 291 292 292 293 294 295 295 296 297 297 298 299 373 373 374 374 375 376 376 377 378 378 379 379 380 380 381 381 382 383 383 384 384 385 385 385 386 386 387 387 388 388 389 389 389 390 390 391 391 391 392 392 392 393 393 473 474 474 474 475 475 475 476 476 476 476 477 477 477 477 478 478 478 478 478 479 479 479 479 479 480 480 480 480
283 284 285 286 287 287 288 289 290 291 292 292 293 294 295 295 296 297 298 371 372 373 373 374 375 375 376 376 377 378 378 379 379 380 381 381 382 382 383 383 384 384 385 385 386 386 387 387 388 388 388 389 389 390 390 390 391 391 392 392 392 393 393 393 394 394 474 475 475 475 476 476 476 476 477 477 477 477 478 478 478 478 479 479 479 479 479 480 480 480 480 480 481 481
284 285 286 287 287 288 289 290 291 292 292 293 294 295 295 296 370 371 371 372 373 373 374 375 375 376 377 377 378 378 379 380 380 381 381 382 382 383 383 384 384 385 385 386 386 387 387 388 388 389 389 389 390 390 391 391 391 392 392 393 393 393 394 394 394 395 395 475 476 476 476 477 477 477 477 478 478 478 478 479 479 479 479 480 480 480 480 480 480 481 481 481 481 481
285 286 287 287 288 289 290 291 292 292 293 294 295 368 369 370 371 371 372 373 373 374 375 375 376 377 377 378 379 379 380 380 381 381 382 383 383 384 384 385 385 386 386 387 387 388 388 388 389 389 390 390 391 391 391 392 392 393 393 393 394 394 394 395 395 395 396 396 476 477 477 477 477 478 478 478 479 479 479 479 479 480 480 480 480 481 481 481 481 481 481 482 482 482
286 286 287 288 289 290 291 292 292 293 294 368 368 369 370 371 371 372 373 373 374 375 375 376 377 377 378 379 379 380 380 381 382 382 383 383 384 384 385 385 386 386 387 387 388 388 389 389 390 390 390 391 391 392 392 392 393 393 394 394 394 395 395 395 396 396 396 397 397 477 478 478 478 478 479 479 479 479 480 480 480 480 481 481 481 481 481 482 482 482 482 482 482 483
286 287 288 289 290 291 292 292 366 367 368 368 369 370 371 371 372 373 374 374 375 376 376 377 377 378 379 379 380 381 381 382 382 383 383 384 384 385 385 386 386 387 387 388 388 389 389 390 390 391 391 391 392 392 393 393 393 394 394 395 395 395 396 396 396 397 397 397 398 398 478 478 479 479 479 480 480 480 480 480 481 481 481 481 482 482 482 482 482 483 483 483 483 483
287 288 289 290 291 291 365 366 367 368 368 369 370 371 371 372 373 374 374 375 376 376 377 378 378 379 379 380 381 381 382 382 383 383 384 385 385 386 386 387 387 388 388 389 389 390 390 390 391 391 392 392 393 393 393 394 394 394 395 395 396 396 396 397 397 397 398 398 398 398 399 479 479 480 480 480 480 481 481 481 481 482 482 482 482 482 483 483 483 483 483 483 484 484
288 289 290 364 364 365 366 367 368 368 369 370 371 371 372 373 374 374 375 376 376 377 378 378 379 380 380 381 381 382 382 383 384 384 385 385 386 386 387 387 388 388 389 389 390 390 391 391 392 392 392 393 393 394 394 394 395 395 395 396 396 397 397 397 398 398 398 398 399 399 399 400 480 480 480 481 481 481 481 482 482 482 482 483 483 483 483 483 484 484 484 484 484 484
289 363 364 364 365 366 367 368 368 369 370 371 371 372 373 374 374 375 376 376 377 378 378 379 380 380 381 381 382 383 383 384 384 385 385 386 386 387 387 388 388 389 389 390 390 391 391 392 392 393 393 393 394 394 395 395 395 396 396 396 397 397 398 398 398 398 399 399 399 400 400 400 401 481 481 481 482 482 482 482 483 483 483 483 483 484 484 484 484 484 485 485 485 485
363 363 364 365 366 367 368 368 369 370 371 371 372 373 374 374 375 376 376 377 378 378 379 380 380 381 382 382 383 383 384 384 385 386 386 387 387 388 388 389 389 390 390 391 391 391 392 392 393 393 394 394 394 395 395 396 396 396 397 397 397 398 398 398 399 399 399 400 400 400 401 401 401 401 482 482 482 482 483 483 483 483 484 484 484 484 484 485 485 485 485 485 485 486
363 364 365 366 367 368 368 369 370 371 371 372 373 374 374 375 376 376 377 378 378 379 380 380 381 382 382 383 383 384 385 385 386 386 387 387 388 388 389 389 390 390 391 391 392 392 393 393 393 394 394 395 395 395 396 396 397 397 397 398 398 398 399 399 399 400 400 400 401 401 401 401 402 402 402 483 483 483 483 484 484 484 484 484 485 485 485 485 485 486 486 486 486 486
364 365 366 367 367 368 369 370 371 371 372 373 374 374 375 376 376 377 378 378 379 380 380 381 382 382 383 383 384 385 385 386 386 387 387 388 388 389 389 390 390 391 391 392 392 393 393 394 394 394 395 395 396 396 396 397 397 398 398 398 399 399 399 400 400 400 401 401 401 402 402 402 402 403 403 403 483 484 484 484 484 485 485 485 485 485 486 486 486 486 486 486 487 487
