testData/tiles/oneDegree/grid9.0-13.0-10.0-14.0.asc
ncols   200
nrows   200
xllcorner   9.0
yllcorner   13.0
cellsize   0.005
NODATA_value   -9999.0
[rows 126 to 167 of 200, columns 0 to 93 of 200]
713 712 712 711 710 710 709 710 709 708 708 707 708 705 705 705 704 703 703 702 701 701 700 698 699 697 696 696 694 694 694 693 693 692 692 690 690 690 690 691 691 691 689 690 689 688 688 687 687 686 684 684 683 682 679 678 677 677 676 673 670 668 667 663 662 660 656 654 651 647 645 640 634 632 626 620 615 614 588 588 589 588 589 588 588 588 588 590 590 590 591 589 590 590
851 850 850 848 849 848 848 848 847 848 847 846 846 844 843 843 842 842 841 841 840 840 839 839 836 835 836 835 833 834 832 831 832 832 829 829 830 829 829 828 830 829 828 692 689 689 688 687 688 687 685 684 685 682 680 680 678 676 676 673 672 670 667 665 663 660 658 657 652 649 646 642 639 635 628 623 618 614 613 588 589 589 588 588 588 588 589 590 590 591 591 589 590 589
851 850 851 849 850 849 848 848 847 848 847 847 846 845 845 843 843 843 842 841 841 841 839 838 837 836 837 835 834 834 832 832 834 833 830 830 830 829 830 830 829 829 829 829 828 828 827 826 827 826 824 824 823 822 819 819 817 815 815 812 812 810 807 804 664 661 660 658 653 650 646 644 642 636 631 626 619 614 614 588 589 589 588 588 589 589 589 589 589 591 590 589 590 590
851 851 852 852 850 849 849 849 849 848 847 848 847 846 846 844 845 844 842 842 841 841 840 840 839 838 837 835 836 834 833 834 832 833 832 830 830 829 830 830 830 830 831 829 829 829 828 827 828 825 826 825 822 823 820 820 818 817 814 813 813 810 809 806 801 802 799 796 793 790 787 784 781 775 772 767 760 756 752 751 589 588 588 588 589 589 589 589 589 591 590 590 591 590
852 852 851 851 851 850 850 848 848 848 848 848 846 846 846 844 845 843 843 843 842 841 841 841 840 837 837 836 836 835 833 834 832 834 833 831 831 830 832 830 830 831 831 830 831 828 829 828 827 826 827 825 824 824 821 821 819 818 815 815 814 811 810 807 803 803 799 797 794 791 789 785 781 777 774 768 763 758 751 751 726 726 728 727 727 727 728 727 727 727 729 730 728 590
853 853 852 852 852 851 850 850 849 849 849 848 847 847 847 846 845 844 845 844 842 843 841 840 840 839 838 837 837 835 836 834 833 832 833 833 832 831 830 831 831 832 831 831 830 830 830 829 827 828 828 826 825 824 823 822 820 818 817 815 814 812 811 808 805 803 801 798 796 793 790 786 783 780 776 771 766 761 753 751 750 728 728 726 727 727 727 727 727 728 729 730 728 728
853 853 853 852 851 851 851 851 850 849 849 849 849 849 847 847 846 845 844 843 843 843 841 842 841 840 838 837 837 836 836 835 833 833 834 834 831 831 831 831 832 832 832 832 831 832 830 829 829 829 827 826 826 824 823 823 820 820 818 816 815 813 811 809 808 803 801 800 797 794 792 787 785 780 777 773 769 763 756 751 751 727 728 726 727 727 727 727 727 728 728 729 728 729
854 853 853 852 853 852 852 850 850 850 849 849 848 848 848 847 847 845 845 844 844 843 842 843 842 840 840 838 838 837 837 835 834 834 835 834 832 833 831 831 833 832 833 832 832 832 830 830 830 828 828 827 827 825 824 824 821 821 819 817 816 813 812 810 809 805 801 802 798 796 793 789 786 783 779 775 771 765 759 755 751 752 727 726 727 726 727 728 728 728 728 729 729 729
853 854 853 852 854 852 853 851 851 851 850 850 849 849 849 848 847 846 846 846 845 844 843 843 841 841 841 839 838 837 837 836 835 835 833 834 834 833 832 832 834 832 832 833 832 831 830 831 830 829 829 828 828 826 825 824 822 822 819 818 815 814 813 811 809 805 805 802 799 797 793 791 788 784 780 776 772 767 763 757 751 752 726 728 727 726 728 728 728 728 727 728 729 728
854 855 854 854 853 852 853 852 852 850 849 850 849 850 848 848 848 847 846 845 845 844 844 843 842 843 842 839 839 838 838 836 837 835 833 836 835 833 832 833 833 832 834 834 833 832 832 832 830 830 829 828 828 827 825 824 823 821 819 818 816 816 814 812 810 808 806 802 800 798 794 793 789 785 782 777 773 770 765 760 755 751 751 728 727 727 728 727 728 728 727 728 728 729
855 854 853 855 854 854 854 852 852 851 851 851 849 850 849 849 849 847 846 846 846 846 844 844 842 843 841 841 840 838 838 837 837 835 835 834 835 834 833 833 832 833 834 833 833 833 833 832 831 831 830 829 828 828 826 825 825 822 820 820 817 816 815 812 811 809 806 804 801 799 796 795 790 787 784 778 776 772 767 763 757 751 751 728 727 727 728 727 728 727 728 728 728 729
855 855 855 855 854 853 853 853 853 852 853 851 851 851 850 851 849 848 849 846 845 845 844 844 843 843 842 843 840 838 839 838 837 836 835 835 835 836 833 833 833 834 835 833 834 835 832 832 831 832 830 829 829 828 828 826 824 823 821 820 818 817 815 813 812 809 807 804 801 801 797 795 791 788 784 780 778 772 769 765 759 754 752 752 727 728 727 727 728 727 729 729 728 729
855 855 856 855 855 854 854 854 854 852 852 851 851 851 849 850 849 848 849 846 847 846 846 844 844 844 842 842 841 839 840 838 838 837 837 835 834 836 833 833 833 834 835 833 834 834 833 833 832 832 831 831 829 828 829 826 825 824 822 821 819 818 815 815 813 810 808 805 804 801 799 795 793 790 787 783 778 774 771 767 762 758 752 752 727 728 727 727 727 728 729 728 728 729
855 855 855 855 855 855 855 853 854 854 853 852 851 851 851 851 850 850 849 848 848 847 845 845 844 844 843 843 842 841 840 838 838 838 837 836 835 837 835 833 835 834 834 834 836 834 835 833 832 832 831 830 829 829 828 827 826 825 823 822 820 818 816 816 813 811 809 805 805 801 799 796 794 790 787 785 779 776 773 768 766 761 754 752 752 726 727 727 728 728 729 728 729 729
856 856 856 856 856 855 855 854 854 854 853 852 851 851 851 851 849 850 849 848 847 846 846 846 845 844 844 844 842 842 840 839 840 838 837 836 836 835 835 834 834 834 834 836 835 834 836 833 833 833 831 831 831 830 828 827 828 825 825 823 820 819 817 815 814 812 809 807 806 801 800 798 795 792 789 787 781 776 775 771 768 763 757 752 751 726 727 728 728 728 728 728 729 728
858 857 855 856 855 855 855 855 856 854 854 853 853 853 851 851 851 851 850 849 848 847 848 846 845 845 844 844 843 843 841 840 839 838 838 837 836 835 836 835 834 835 835 835 835 835 834 835 833 833 831 832 831 830 829 828 827 826 825 823 820 820 818 816 814 812 811 808 806 803 800 799 795 794 790 786 782 778 776 773 770 764 761 755 751 751 727 728 728 728 728 728 729 728
858 856 856 857 856 857 855 854 855 854 855 853 852 852 851 851 851 850 849 849 849 847 847 846 846 846 844 844 844 844 840 840 840 839 838 837 837 836 835 836 834 835 836 835 836 834 835 836 834 833 832 833 831 831 830 828 828 826 824 823 822 821 818 817 815 814 812 809 806 804 801 799 797 795 790 787 782 779 777 775 771 767 763 756 751 753 726 728 728 727 728 728 728 729
859 858 857 857 855 856 855 857 856 855 855 854 853 853 852 853 851 851 851 850 850 848 848 847 848 846 844 845 844 843 842 841 841 838 839 838 838 836 835 837 835 834 836 835 835 835 836 836 835 833 833 832 831 831 831 829 829 827 824 823 823 821 819 818 814 814 813 810 807 805 803 800 798 795 792 789 786 782 779 775 773 768 765 759 754 753 751 727 728 727 728 728 729 729
859 857 857 857 857 857 856 857 855 855 855 854 854 853 851 852 851 851 851 850 849 849 848 847 847 846 845 846 844 844 844 842 840 839 840 839 837 837 836 836 834 836 836 835 835 836 836 835 836 834 833 833 832 832 831 830 829 827 826 824 824 822 820 819 816 815 814 810 808 807 804 800 798 795 793 790 786 783 780 776 774 770 766 762 757 752 751 727 726 728 728 728 729 729
859 858 859 857 857 857 856 857 856 856 856 855 854 853 853 853 852 852 851 851 851 850 848 848 848 847 847 846 844 844 844 842 841 841 840 838 838 838 837 835 835 837 834 836 836 836 836 835 836 836 833 833 832 832 831 830 829 827 828 825 823 823 821 819 817 816 813 811 809 806 805 801 799 796 793 791 787 785 782 777 775 772 769 765 760 753 751 727 726 728 729 728 729 728
859 859 860 857 857 857 857 857 856 856 855 855 855 853 854 853 852 853 852 852 851 849 848 848 848 846 846 846 845 846 844 843 841 841 840 839 840 838 836 836 836 836 835 836 837 835 837 835 837 836 833 834 832 833 831 831 829 829 829 825 824 822 821 820 818 816 813 813 811 807 806 802 800 797 795 792 789 786 782 779 776 774 771 767 762 756 751 751 727 728 728 728 729 728
859 859 859 859 857 857 857 858 857 856 856 856 856 854 854 853 853 853 852 852 851 850 850 849 848 848 848 847 845 845 844 844 843 841 841 839 840 838 838 838 835 836 836 837 836 836 837 836 837 836 834 833 833 833 832 830 830 830 828 826 825 821 821 821 819 817 814 814 811 808 807 802 800 799 794 793 790 786 783 781 778 774 773 768 764 759 750 752 727 727 728 728 728 728
860 859 859 860 858 858 857 857 857 856 857 856 855 854 854 853 854 853 852 853 852 850 850 848 848 848 848 846 846 846 845 844 843 841 841 840 840 839 838 837 836 835 836 837 836 836 836 837 836 836 834 834 833 834 831 831 830 828 828 825 825 823 822 821 819 817 816 814 811 809 806 803 802 799 795 794 791 788 785 784 779 776 773 769 766 761 755 752 752 727 727 729 728 728
861 860 861 859 857 858 857 858 858 858 857 856 856 856 855 854 853 853 853 853 852 852 851 849 849 849 848 847 847 846 844 845 843 842 841 841 840 839 839 838 837 835 837 838 836 837 837 836 837 836 836 835 834 833 832 833 830 828 829 827 825 824 823 821 819 818 816 815 812 810 806 805 803 800 797 794 791 790 787 784 781 777 774 771 768 763 758 752 751 727 727 727 728 728
860 859 860 859 860 859 858 858 857 857 857 856 857 856 854 854 853 854 854 853 852 853 851 849 849 848 848 848 847 846 845 846 845 842 842 841 841 839 840 838 837 836 836 837 837 837 837 837 837 835 837 835 833 833 832 832 831 829 829 827 826 825 823 821 819 819 816 815 813 809 807 806 803 800 798 794 792 792 787 785 782 778 775 772 771 765 761 754 751 752 727 727 728 729
861 860 861 860 860 858 857 858 857 859 858 857 857 856 855 855 854 853 853 853 852 853 851 850 850 849 849 848 847 847 846 846 844 843 843 842 841 840 840 839 837 837 836 836 837 837 838 836 836 837 837 834 833 833 834 833 831 831 828 828 827 824 824 821 820 819 817 815 812 808 809 805 804 801 798 795 793 793 788 786 783 779 777 774 770 767 763 756 751 752 726 727 728 728
861 861 860 859 861 859 859 859 858 858 857 857 857 856 857 854 854 854 853 853 853 852 851 851 850 849 849 848 847 847 846 846 845 845 843 841 841 841 841 838 837 838 836 835 837 838 837 836 837 837 836 835 834 835 832 833 832 831 830 828 828 825 823 823 820 820 817 815 813 811 809 806 805 802 798 797 795 792 789 788 784 782 779 775 772 769 764 758 752 751 726 728 727 727
860 861 861 861 861 860 859 858 858 858 858 858 858 856 857 855 855 855 854 853 853 853 852 852 850 849 850 849 849 848 846 846 845 844 843 842 843 840 840 839 840 838 835 836 836 837 837 836 838 836 837 835 834 834 833 832 832 831 831 829 826 825 824 822 821 820 817 816 815 812 809 806 805 802 799 798 795 793 790 788 785 784 781 776 774 770 766 760 755 752 752 728 727 728
861 861 861 861 860 860 859 859 859 859 858 857 857 857 857 855 856 854 853 854 853 853 852 851 850 850 850 848 848 848 847 847 846 845 843 842 842 841 841 840 839 838 836 837 835 838 837 836 837 837 836 835 835 835 833 832 830 832 830 828 826 825 825 823 822 819 818 817 815 812 809 807 805 803 801 798 796 794 790 789 786 785 781 778 775 770 767 762 757 752 752 727 727 728
862 860 861 861 861 861 859 859 859 858 858 858 858 858 858 855 856 855 854 855 854 853 853 852 851 851 850 849 850 849 846 846 846 846 844 843 843 841 841 840 840 839 837 837 836 837 837 837 837 837 837 835 836 835 833 833 832 832 830 828 828 825 825 824 823 819 817 819 815 814 810 807 805 804 802 799 798 795 792 789 788 785 782 779 775 772 769 765 760 754 751 752 727 728
863 862 862 861 861 861 858 860 859 859 859 859 858 857 857 857 856 855 855 854 853 854 853 852 851 850 850 849 850 848 847 848 847 847 843 843 843 842 841 841 840 839 837 837 836 837 835 837 837 837 836 836 836 834 833 833 833 831 831 829 827 826 825 824 822 820 819 816 815 814 811 807 806 803 802 800 798 795 793 791 788 786 783 780 777 773 771 766 762 757 751 752 727 727
865 864 864 862 864 863 862 862 861 861 861 860 860 860 860 860 859 857 857 857 856 857 855 855 855 853 852 851 851 849 848 849 847 847 846 846 844 842 842 841 841 839 838 837 837 836 836 837 838 835 837 837 835 834 833 835 832 832 830 830 829 826 826 823 822 821 819 817 816 814 810 808 807 803 803 801 798 796 795 792 788 787 785 780 778 776 772 768 763 758 752 752 726 727
865 865 866 865 866 865 864 864 862 864 863 863 863 862 862 861 860 859 859 859 858 858 857 857 857 854 853 853 853 852 852 851 850 850 848 847 846 845 845 843 842 841 841 840 838 838 839 838 838 837 838 837 836 835 834 834 833 832 831 830 830 827 824 823 823 822 819 818 816 814 811 809 807 804 803 802 799 798 795 792 789 788 785 782 780 776 773 769 764 760 754 752 751 728
868 868 868 867 868 867 867 866 865 866 865 865 865 863 864 863 863 863 862 861 861 861 860 861 858 856 856 856 855 853 853 853 852 853 850 850 849 847 846 845 845 845 842 841 840 842 840 840 841 840 839 840 838 837 836 836 835 835 833 833 832 828 827 825 825 823 820 819 817 815 813 811 807 805 804 800 801 799 795 793 790 788 785 784 782 777 775 771 766 761 756 751 752 728
870 870 869 870 870 869 869 868 868 868 867 868 867 866 867 866 865 864 863 863 863 863 860 861 860 858 859 858 857 857 856 856 854 855 852 852 850 849 849 848 847 846 845 844 842 843 842 842 840 842 842 840 841 839 839 838 836 836 835 835 832 830 830 827 826 825 823 821 818 818 814 813 810 808 805 803 803 800 797 795 792 790 786 786 782 779 776 771 767 763 756 753 752 727
873 872 872 872 872 872 871 870 870 870 869 870 869 868 868 867 867 866 865 865 864 864 864 864 863 861 860 859 859 859 858 857 856 857 854 853 853 851 851 850 850 849 847 846 845 845 843 844 843 843 844 843 841 842 840 840 838 837 838 836 835 832 831 830 829 826 825 824 821 820 815 815 812 809 808 807 805 803 800 798 794 792 790 787 785 782 778 774 770 765 760 756 752 752
875 874 874 874 874 874 874 872 872 872 872 872 870 871 871 869 869 868 867 867 866 866 866 866 864 863 863 862 862 861 860 860 859 858 855 855 855 854 853 852 852 851 850 848 846 846 846 846 845 844 847 844 844 844 842 841 840 841 838 839 837 834 834 832 831 828 826 826 824 822 818 816 814 812 812 809 807 804 803 800 797 796 792 790 787 785 781 777 773 769 764 760 753 754
877 875 877 876 876 876 876 876 873 873 873 873 872 872 872 871 871 869 869 869 868 868 867 867 866 866 865 864 864 862 862 861 860 860 859 859 858 855 855 855 855 852 850 850 849 849 847 848 848 847 846 846 846 843 844 843 844 842 841 841 839 835 836 834 832 831 829 828 825 824 821 818 816 816 814 811 809 807 804 803 800 799 795 793 790 787 784 780 777 772 768 762 756 756
878 877 878 877 878 877 877 877 875 875 875 875 875 874 873 873 874 872 873 872 870 871 870 870 869 868 866 865 866 865 865 863 862 862 861 861 859 858 857 856 855 854 854 854 850 850 850 851 849 847 847 847 847 846 845 846 844 845 842 842 840 839 837 836 835 832 831 829 828 826 823 820 818 818 816 813 812 809 807 805 803 800 798 796 792 788 787 784 780 776 771 766 760 757
880 879 880 878 880 879 879 879 877 878 877 877 877 876 876 876 876 874 873 872 871 872 871 871 870 869 868 868 868 866 866 866 865 865 864 862 860 859 860 858 858 857 857 855 853 853 851 851 850 850 849 849 849 848 848 846 846 845 845 843 843 840 840 836 837 835 833 831 829 829 824 822 821 818 818 816 815 811 810 807 805 803 801 797 794 791 790 787 783 778 773 769 764 758
881 882 882 881 882 881 882 881 880 879 878 878 878 877 877 877 876 875 875 874 874 875 873 873 873 872 871 870 869 868 868 867 866 865 865 864 863 861 862 860 860 859 859 857 854 854 853 854 852 852 852 850 851 850 848 848 847 847 845 845 844 843 840 839 838 836 836 834 831 829 826 826 823 821 820 818 816 814 813 809 807 806 802 800 797 795 792 788 785 781 777 773 767 761
883 883 883 883 883 881 883 882 880 881 880 881 880 878 880 879 879 878 878 877 876 876 875 876 874 873 871 871 871 870 871 869 868 868 867 866 864 864 863 862 861 860 860 859 857 857 855 856 855 852 853 852 852 849 852 850 849 848 846 848 845 843 843 841 839 838 837 835 832 831 829 827 826 823 822 819 818 817 815 812 808 807 804 803 801 797 794 791 787 784 781 775 770 766
