testData/tiles/oneDegree/grid35.0-48.0-36.0-49.0.asc
ncols   200
nrows   200
xllcorner   35.0
yllcorner   48.0
cellsize   0.005
NODATA_value   -9999.0
[rows 0 to 41 of 200, columns 0 to 93 of 200]
191 191 191 192 192 192 192 193 193 193 194 194 193 193 194 194 194 194 195 195 195 195 196 196 196 196 197 197 197 197 198 198 198 198 199 199 199 199 198 199 199 199 199 199 200 200 200 200 200 200 201 201 201 201 201 201 201 202 202 202 202 202 202 201 202 202 202 202 202 202 202 202 202 202 202 202 203 203 203 203 203 203 203 203 203 203 203 203 202 225 225 225 225 225
191 191 192 192 192 193 193 193 193 194 194 193 194 194 194 194 195 195 195 195 196 196 196 196 197 197 197 197 198 198 198 198 199 199 199 199 199 199 199 199 199 199 200 200 200 200 200 201 201 201 201 201 201 202 202 202 202 202 202 202 203 203 203 202 202 202 202 202 202 202 203 203 203 203 203 203 203 203 203 203 203 203 203 203 203 203 203 202 202 203 203 203 203 226
191 192 192 192 193 193 193 194 194 194 193 194 194 194 194 195 195 195 196 196 196 196 197 197 197 197 198 198 198 198 199 199 199 199 199 200 200 199 199 199 200 200 200 200 200 201 201 201 201 201 202 202 202 202 202 202 202 203 203 203 203 203 202 202 202 203 203 203 203 203 203 203 203 203 203 203 204 204 204 204 204 204 204 204 204 204 204 203 203 203 203 203 203 203
192 192 192 193 193 193 194 194 194 194 194 194 194 195 195 195 195 196 196 196 197 197 197 197 198 198 198 198 199 199 199 199 199 200 200 200 199 200 200 200 200 200 201 201 201 201 201 201 202 202 202 202 202 202 203 203 203 203 203 203 203 204 203 203 203 203 203 203 203 203 204 204 204 204 204 204 204 204 204 204 204 204 204 204 204 204 204 203 203 203 204 204 204 203
192 193 193 193 193 194 194 194 195 194 194 194 195 195 195 196 196 196 196 197 197 197 197 198 198 198 198 199 199 199 199 200 200 200 200 201 200 200 200 200 201 201 201 201 201 202 202 202 202 202 202 203 203 203 203 203 203 204 204 204 204 204 203 203 203 204 204 204 204 204 204 204 204 204 204 204 205 205 205 205 205 205 205 205 205 205 204 204 204 204 204 204 204 204
193 193 193 194 194 194 194 195 194 194 195 195 195 195 196 196 196 197 197 197 197 198 198 198 198 199 199 199 199 200 200 200 200 201 201 200 200 200 201 201 201 201 201 202 202 202 202 202 203 203 203 203 203 203 204 204 204 204 204 204 204 204 204 204 204 204 204 204 204 204 205 205 205 205 205 205 205 205 205 205 205 205 205 205 205 205 204 204 204 204 204 204 204 204
193 193 194 194 194 195 195 194 194 195 195 195 196 196 196 196 197 197 197 198 198 198 198 199 199 199 199 200 200 200 200 201 201 201 201 200 201 201 201 201 202 202 202 202 202 202 203 203 203 203 203 204 204 204 204 204 204 204 205 205 205 204 204 204 204 205 205 205 205 205 205 205 205 205 205 205 205 206 206 206 206 206 206 206 206 206 205 205 205 205 205 205 205 205
193 194 194 194 195 195 195 195 195 195 195 196 196 196 197 197 197 197 198 198 198 198 199 199 199 199 200 200 200 200 201 201 201 201 201 201 201 201 202 202 202 202 202 203 203 203 203 203 204 204 204 204 204 204 205 205 205 205 205 205 204 205 205 205 205 205 205 205 205 205 206 206 206 206 206 206 206 206 206 206 206 206 206 206 206 205 205 205 205 205 205 205 205 205
194 194 194 195 195 195 195 195 195 195 196 196 196 197 197 197 198 198 198 198 199 199 199 199 200 200 200 200 201 201 201 201 202 202 201 201 202 202 202 202 202 203 203 203 203 203 204 204 204 204 204 204 205 205 205 205 205 205 206 206 205 205 205 205 205 205 206 206 206 206 206 206 206 206 206 206 206 207 207 207 207 207 207 207 207 206 206 206 206 206 206 206 206 206
194 194 195 195 195 195 195 195 196 196 196 196 197 197 197 198 198 198 198 199 199 199 200 200 200 200 201 201 201 201 202 202 202 201 202 202 202 202 202 203 203 203 203 203 204 204 204 204 204 205 205 205 205 205 205 206 206 206 206 205 205 205 206 206 206 206 206 206 206 206 206 207 207 207 207 207 207 207 207 207 207 207 207 207 207 206 206 206 206 206 206 206 206 206
195 195 195 195 195 195 195 196 196 196 197 197 197 197 198 198 198 199 199 199 199 200 200 200 201 201 201 201 202 202 202 202 203 202 202 202 202 203 203 203 203 204 204 204 204 204 205 205 205 205 205 205 206 206 206 206 206 206 207 206 206 206 206 206 206 206 207 207 207 207 207 207 207 207 207 207 207 208 208 208 208 208 208 208 207 207 207 207 207 207 207 207 207 207
195 195 196 196 195 195 196 196 196 197 197 197 198 198 198 198 199 199 199 200 200 200 200 201 201 201 201 202 202 202 202 203 202 202 202 203 203 203 203 204 204 204 204 204 205 205 205 205 205 206 206 206 206 206 206 207 207 207 206 206 206 206 207 207 207 207 207 207 207 207 207 208 208 208 208 208 208 208 208 208 208 208 208 208 207 207 207 207 207 207 207 207 207 207
195 196 196 195 196 196 196 196 197 197 197 198 198 198 199 199 199 199 200 200 200 201 201 201 201 202 202 202 202 203 203 202 202 203 203 203 203 204 204 204 204 204 205 205 205 205 205 206 206 206 206 206 207 207 207 207 207 207 206 207 207 207 207 207 207 207 208 208 208 208 208 208 208 208 208 208 208 209 209 209 209 209 209 208 208 208 208 208 208 208 208 208 208 208
196 196 195 196 196 196 197 197 197 197 198 198 198 199 199 199 200 200 200 200 201 201 201 201 202 202 202 203 203 203 203 203 203 203 203 204 204 204 204 204 205 205 205 205 205 206 206 206 206 206 207 207 207 207 207 207 208 207 207 207 207 207 208 208 208 208 208 208 208 208 208 209 209 209 209 209 209 209 209 209 209 209 209 208 208 208 208 208 208 208 208 208 208 208
196 195 196 196 196 197 197 197 198 198 198 198 199 199 199 200 200 200 201 201 201 201 202 202 202 202 203 203 203 203 203 203 203 203 204 204 204 204 205 205 205 205 206 206 206 206 206 207 207 207 207 207 207 208 208 208 208 207 207 208 208 208 208 208 208 208 208 209 209 209 209 209 209 209 209 209 209 209 210 210 210 210 210 209 209 209 209 209 209 209 209 209 209 209
195 196 196 196 197 197 197 198 198 198 199 199 199 199 200 200 200 201 201 201 201 202 202 202 203 203 203 203 204 204 203 203 204 204 204 204 205 205 205 205 206 206 206 206 206 207 207 207 207 207 208 208 208 208 208 208 208 208 208 208 208 208 208 209 209 209 209 209 209 209 209 209 210 210 210 210 210 210 210 210 210 210 209 209 209 209 209 209 209 209 209 209 209 209
196 196 196 197 197 197 198 198 198 199 199 199 200 200 200 200 201 201 201 202 202 202 202 203 203 203 204 204 204 203 204 204 204 204 205 205 205 205 206 206 206 206 206 207 207 207 207 207 208 208 208 208 208 209 209 209 208 208 208 209 209 209 209 209 209 209 209 210 210 210 210 210 210 210 210 210 210 210 211 211 211 211 210 210 210 210 210 210 210 210 210 210 210 210
196 196 197 197 197 198 198 198 199 199 199 200 200 200 201 201 201 201 202 202 202 203 203 203 203 204 204 204 204 204 204 204 205 205 205 205 206 206 206 206 206 207 207 207 207 207 208 208 208 208 208 209 209 209 209 208 209 209 209 209 209 209 209 210 210 210 210 210 210 210 210 210 211 211 211 211 211 211 211 211 211 210 210 210 210 210 210 210 210 210 210 210 210 210
196 197 197 197 198 198 198 199 199 199 200 200 200 201 201 201 202 202 202 202 203 203 203 204 204 204 204 205 204 204 204 205 205 205 205 206 206 206 206 207 207 207 207 208 208 208 208 208 209 209 209 209 209 209 210 209 209 209 209 209 210 210 210 210 210 210 210 211 211 211 211 211 211 211 211 211 211 211 212 212 212 211 211 211 211 211 211 211 211 211 211 211 211 211
197 197 198 198 198 199 199 199 199 200 200 200 201 201 201 202 202 202 203 203 203 203 204 204 204 205 205 204 204 205 205 205 205 206 206 206 206 207 207 207 207 208 208 208 208 208 209 209 209 209 209 210 210 210 209 209 209 210 210 210 210 210 210 211 211 211 211 211 211 211 211 211 212 212 212 212 212 212 212 212 211 211 211 211 211 211 211 211 211 211 211 211 211 211
197 198 198 198 199 199 199 200 200 200 200 201 201 201 202 202 202 203 203 203 204 204 204 204 205 205 204 204 205 205 205 206 206 206 206 207 207 207 207 208 208 208 208 208 209 209 209 209 209 210 210 210 210 210 210 210 210 210 210 210 211 211 211 211 211 211 211 211 212 212 212 212 212 212 212 212 212 212 213 213 212 212 212 212 212 212 212 212 212 212 212 212 212 212
198 198 198 199 199 199 200 200 200 201 201 201 201 202 202 202 203 203 203 204 204 204 205 205 205 204 205 205 205 205 206 206 206 206 207 207 207 207 208 208 208 208 209 209 209 209 210 210 210 210 210 210 211 210 210 210 210 211 211 211 211 211 211 211 212 212 212 212 212 212 212 212 213 213 213 213 213 213 213 212 212 212 212 212 212 212 212 212 212 212 212 212 212 212
198 198 199 199 199 200 200 200 201 201 201 202 202 202 203 203 203 203 204 204 204 205 205 205 205 205 205 205 206 206 206 206 207 207 207 207 208 208 208 208 209 209 209 209 210 210 210 210 210 211 211 211 211 210 211 211 211 211 211 211 212 212 212 212 212 212 212 212 213 213 213 213 213 213 213 213 213 213 213 213 213 213 213 213 213 213 213 213 213 213 213 217 217 217
198 199 199 199 200 200 200 201 201 201 202 202 202 203 203 203 204 204 204 204 205 205 205 206 205 205 205 206 206 206 207 207 207 207 208 208 208 208 209 209 209 209 210 210 210 210 210 211 211 211 211 211 211 211 211 211 211 211 212 212 212 212 212 212 213 213 213 213 213 213 213 213 213 214 214 214 214 214 213 213 213 213 213 213 213 213 213 217 217 217 217 217 217 217
199 199 199 200 200 200 201 201 201 202 202 202 203 203 203 204 204 204 205 205 205 205 206 205 205 206 206 206 206 207 207 207 207 208 208 208 209 209 209 209 209 210 210 210 210 211 211 211 211 211 212 211 211 211 211 212 212 212 212 212 212 213 213 213 213 213 213 213 214 214 214 214 214 214 214 214 214 214 213 214 214 214 214 218 218 218 218 218 218 218 218 218 218 218
199 199 200 200 200 201 201 201 202 202 202 203 203 203 204 204 204 205 205 205 206 206 205 205 206 206 206 207 207 207 207 208 208 208 208 209 209 209 209 210 210 210 210 211 211 211 211 212 212 212 212 211 212 212 212 212 212 212 213 213 213 213 213 213 214 214 214 214 214 214 214 214 214 215 215 215 215 214 214 214 218 218 218 218 218 218 218 218 218 218 218 218 218 218
199 200 200 200 201 201 201 202 202 202 203 203 203 204 204 204 205 205 205 206 206 205 206 206 206 206 207 207 207 208 208 208 208 209 209 209 209 210 210 210 210 211 211 211 211 212 212 212 212 212 212 212 212 212 212 213 213 213 213 213 213 214 214 214 214 214 214 214 214 215 215 215 215 215 215 215 215 218 218 219 219 219 219 219 219 219 219 219 219 219 219 219 219 219
200 200 200 201 201 201 202 202 202 203 203 203 204 204 204 205 205 205 206 206 205 206 206 206 206 207 207 207 208 208 208 208 209 209 209 210 210 210 210 211 211 211 211 212 212 212 212 212 213 212 212 212 212 213 213 213 213 213 214 214 214 214 214 214 214 215 215 215 215 215 215 215 215 216 220 220 219 219 219 219 219 219 219 219 219 219 219 219 219 219 219 219 219 219
200 200 201 201 201 202 202 202 203 203 203 204 204 204 205 205 205 206 206 206 206 206 206 207 207 207 207 208 208 208 209 209 209 209 210 210 210 210 211 211 211 211 212 212 212 212 213 213 213 212 212 213 213 213 213 213 214 214 214 214 214 214 215 215 215 215 215 215 215 216 216 220 220 220 220 220 219 219 219 219 220 220 220 220 220 220 220 220 220 220 220 220 220 220
200 201 201 201 202 202 203 203 203 204 204 204 205 205 205 205 206 206 206 206 206 206 207 207 207 208 208 208 208 209 209 209 210 210 210 210 211 211 211 211 212 212 212 212 213 213 213 213 213 213 213 213 213 214 214 214 214 214 214 215 215 215 215 215 215 216 216 216 216 220 220 220 220 220 221 220 220 220 220 220 220 220 220 220 220 220 220 220 220 220 220 220 220 220
201 201 201 202 202 203 203 203 204 204 204 205 205 205 206 206 206 207 206 206 206 207 207 207 208 208 208 209 209 209 209 210 210 210 211 211 211 211 212 212 212 212 213 213 213 213 214 213 213 213 213 214 214 214 214 214 215 215 215 215 215 215 216 216 216 216 216 220 220 221 221 221 221 221 221 220 220 220 220 220 221 221 221 221 221 221 221 221 221 221 221 221 221 221
201 201 202 202 203 203 203 204 204 204 205 205 205 206 206 206 207 206 206 207 207 207 207 208 208 208 209 209 209 210 210 210 210 211 211 211 211 212 212 212 213 213 213 213 213 214 214 213 213 214 214 214 214 214 215 215 215 215 215 216 216 216 216 216 216 220 221 221 221 221 221 221 221 221 221 221 221 221 221 221 221 221 221 221 221 221 221 221 221 221 221 221 221 221
201 202 202 203 203 203 204 204 204 205 205 205 206 206 206 207 206 206 207 207 207 208 208 208 208 209 209 209 210 210 210 211 211 211 211 212 212 212 212 213 213 213 213 214 214 214 213 214 214 214 214 214 215 215 215 215 215 216 216 216 216 216 221 221 221 221 221 221 221 222 222 222 222 222 221 221 221 221 221 221 222 222 222 222 222 222 222 222 222 222 222 222 222 222
202 202 203 203 203 204 204 204 205 205 205 206 206 206 207 206 206 207 207 207 208 208 208 209 209 209 209 210 210 210 211 211 211 211 212 212 212 213 213 213 213 214 214 214 214 214 214 214 214 215 215 215 215 215 216 216 216 216 216 216 217 221 221 221 221 221 222 222 222 222 222 222 222 221 222 222 222 222 222 222 222 222 222 222 222 222 222 222 222 222 222 222 222 222
202 202 203 203 204 204 204 205 205 205 206 206 206 207 206 206 207 207 207 208 208 208 209 209 209 210 210 210 210 211 211 211 212 212 212 212 213 213 213 214 214 214 214 215 215 214 214 215 215 215 215 215 216 216 216 216 216 217 217 221 221 221 221 222 222 222 222 222 222 222 223 223 222 222 222 222 222 222 222 222 223 223 223 223 223 223 223 223 223 223 223 223 223 223
202 203 203 204 204 204 205 205 205 206 206 206 207 206 206 207 207 207 208 208 208 209 209 209 210 210 210 211 211 211 211 212 212 212 213 213 213 213 214 214 214 214 215 215 214 214 215 215 215 215 216 216 216 216 216 217 217 221 221 221 222 222 222 222 222 222 223 223 223 223 223 223 222 222 223 223 223 223 223 223 223 223 223 223 223 223 223 223 223 223 223 223 223 223
203 203 204 204 204 205 205 205 206 206 206 207 206 206 207 207 207 208 208 208 209 209 209 210 210 210 211 211 211 212 212 212 212 213 213 213 214 214 214 214 215 215 215 214 215 215 215 215 216 216 216 216 216 217 217 221 221 222 222 222 222 222 222 223 223 223 223 223 223 223 224 223 223 223 223 223 223 223 223 223 223 224 224 224 224 224 224 224 224 224 224 224 224 224
203 203 204 204 205 205 205 206 206 206 207 206 206 207 207 207 208 208 208 209 209 209 210 210 210 211 211 211 212 212 212 213 213 213 213 214 214 214 215 215 215 215 215 215 215 215 216 216 216 216 217 217 217 221 221 222 222 222 222 222 223 223 223 223 223 223 223 224 224 224 224 223 223 223 223 224 224 224 224 224 224 224 224 224 224 224 224 224 224 224 224 224 224 224
203 204 204 205 205 205 206 206 206 207 206 206 207 207 207 208 208 208 209 209 209 210 210 210 211 211 211 212 212 212 213 213 213 214 214 214 214 215 215 215 215 216 215 215 216 216 216 216 216 217 217 217 221 222 222 222 222 222 223 223 223 223 223 223 224 224 224 224 224 224 224 224 224 224 224 224 224 224 224 224 224 225 225 225 225 225 225 225 225 225 225 225 225 225
204 204 205 205 205 206 206 206 206 206 206 207 207 207 208 208 209 209 209 210 210 210 211 211 211 211 212 212 212 213 213 213 214 214 214 215 215 215 215 216 216 215 215 216 216 216 216 217 217 217 221 222 222 222 222 222 223 223 223 223 223 224 224 224 224 224 224 225 225 224 224 224 224 224 224 225 225 225 225 225 225 225 225 225 225 225 225 225 225 225 225 225 225 225
204 204 205 205 206 206 206 206 206 206 207 207 207 208 208 209 209 209 210 210 210 211 211 211 212 212 212 212 213 213 213 214 214 214 215 215 215 215 216 216 215 216 216 216 216 217 217 217 217 222 222 222 222 222 223 223 223 223 224 224 224 224 224 224 225 225 225 225 225 224 224 225 225 225 225 225 225 225 225 225 225 226 226 226 226 226 226 226 226 226 226 226 226 226
204 205 205 206 206 206 206 206 206 207 207 207 208 208 209 209 209 210 210 210 211 211 211 212 212 212 213 213 213 214 214 214 214 215 215 215 216 216 216 215 216 216 216 217 217 217 217 222 222 222 222 222 223 223 223 223 224 224 224 224 224 225 225 225 225 225 225 226 225 225 225 225 225 225 225 226 226 226 226 226 226 226 226 226 226 226 226 226 226 226 226 226 226 226
