testData/tiles/oneDegree/grid27.0-34.0-28.0-35.0.asc
ncols   200
nrows   200
xllcorner   27.0
yllcorner   34.0
cellsize   0.005
NODATA_value   -9999.0
[rows 126 to 167 of 200, columns 0 to 93 of 200]
779 779 780 782 783 785 787 788 789 961 961 961 962 963 964 980 982 983 984 984 985 985 985 985 986 987 986 987 989 988 983 983 983 983 983 983 984 983 983 982 982 982 982 981 982 981 981 980 979 979 979 979 978 978 979 978 977 977 975 975 975 975 974 974 971 972 971 971 969 969 967 966 967 965 965 962 962 960 960 958 956 954 952 952 950 948 946 945 943 942 939 936 935 932
782 784 785 787 788 789 790 791 792 963 965 967 967 967 968 985 986 986 986 987 988 988 989 990 990 990 991 991 991 992 986 986 986 986 987 988 987 987 986 986 985 986 985 985 985 985 983 983 982 981 982 982 982 982 981 982 981 981 981 979 978 977 978 977 977 974 974 974 973 972 971 969 968 968 966 965 963 963 961 961 959 957 956 954 953 951 949 947 946 944 941 940 938 936
787 787 788 789 792 793 794 795 967 968 968 969 969 970 972 972 989 990 991 992 991 992 992 992 992 993 994 994 995 995 990 990 989 990 990 990 990 989 990 988 989 989 989 988 989 988 987 986 986 985 985 985 985 984 984 983 984 983 983 980 981 980 980 979 980 978 977 977 976 976 975 973 972 972 970 969 967 966 965 964 963 960 960 958 955 955 952 951 949 948 945 944 941 939
791 792 792 794 795 796 796 798 970 971 972 973 974 973 974 975 976 993 993 995 995 995 996 996 996 996 997 997 997 993 993 992 993 993 993 994 993 993 993 992 991 992 991 991 991 991 990 989 989 989 988 988 989 987 986 987 986 986 985 984 983 984 983 983 982 980 980 979 978 977 977 974 974 973 973 972 969 969 967 967 964 962 961 960 958 958 955 952 951 950 949 945 944 942
794 794 796 797 798 799 801 972 973 974 974 975 977 978 978 978 979 980 997 998 997 998 999 998 999 1000 1001 1000 1001 995 996 997 995 996 996 995 996 995 997 996 995 995 995 994 994 993 994 992 992 991 991 990 989 990 988 988 988 987 988 988 987 986 986 985 985 984 983 982 981 981 980 978 977 976 975 975 973 972 970 968 968 966 965 963 962 961 958 956 954 954 951 949 947 945
797 798 800 800 801 802 804 975 976 977 978 979 980 980 980 981 982 984 1000 1000 1001 1002 1002 1002 1002 1002 1002 1003 1003 999 1000 999 1000 998 999 999 998 999 998 999 997 997 996 997 996 997 996 995 995 995 994 993 993 992 992 991 991 991 991 990 988 988 987 987 986 987 984 984 983 983 981 981 979 978 978 976 977 974 974 972 971 970 967 966 964 963 962 960 958 955 955 952 950 947
800 801 803 804 804 805 976 978 979 980 981 982 983 984 985 984 985 985 986 1003 1003 1005 1005 1005 1006 1005 1006 1006 1006 1002 1001 1002 1001 1001 1001 1002 1002 1001 1002 1001 1001 1000 1000 999 999 999 999 998 997 996 996 995 994 994 994 993 993 993 992 993 992 990 991 990 989 988 988 987 986 985 985 983 981 981 979 979 977 976 974 974 972 972 969 967 967 965 964 961 960 958 956 954 952 951
803 804 805 807 809 809 979 980 981 982 983 984 985 985 986 988 988 989 989 990 1006 1007 1007 1007 1008 1007 1007 1009 1004 1004 1005 1004 1005 1005 1004 1004 1003 1004 1003 1003 1003 1002 1002 1002 1002 1002 1001 1001 999 999 999 999 998 997 997 995 995 995 995 993 994 992 992 991 991 990 990 989 988 987 987 987 984 984 983 981 981 979 978 976 976 974 973 971 969 967 966 964 962 962 959 957 955 952
806 807 808 809 810 811 982 983 985 986 986 987 988 989 990 990 989 990 991 993 993 1009 1010 1010 1010 1011 1011 1010 1006 1006 1006 1006 1007 1007 1007 1006 1007 1006 1006 1006 1006 1005 1004 1005 1004 1003 1003 1002 1003 1001 1002 1001 1000 1000 999 998 997 997 997 997 996 995 994 994 993 993 992 990 990 989 988 987 987 984 985 983 982 981 979 978 977 976 974 972 970 969 968 966 965 962 961 959 957 955
808 809 811 812 814 985 984 985 986 987 988 989 990 991 992 993 994 993 993 994 995 1011 1011 1012 1014 1013 1013 1013 1008 1009 1009 1009 1009 1008 1009 1008 1008 1008 1007 1009 1008 1008 1008 1007 1006 1006 1005 1006 1005 1004 1003 1003 1002 1001 1001 1000 998 998 998 997 999 998 996 995 996 995 995 993 991 992 990 990 989 987 986 985 984 984 981 980 979 977 977 974 974 972 970 969 966 965 963 962 960 958
810 811 813 814 815 986 988 988 989 989 990 991 992 993 994 994 995 997 996 996 997 998 1014 1014 1015 1015 1015 1009 1010 1010 1011 1012 1011 1012 1012 1010 1011 1010 1010 1010 1010 1009 1010 1009 1008 1007 1008 1008 1008 1007 1006 1005 1004 1004 1003 1003 1001 1000 1001 1000 999 999 997 997 996 996 996 995 993 993 991 990 991 989 988 987 986 985 984 982 980 979 978 977 974 973 971 970 968 966 964 963 962 959
812 814 816 817 988 988 989 990 990 991 992 994 994 995 996 997 998 998 997 998 999 999 1000 1017 1018 1017 1018 1012 1012 1013 1013 1012 1013 1012 1013 1013 1013 1013 1012 1013 1012 1012 1011 1011 1010 1010 1009 1009 1009 1009 1007 1007 1006 1005 1005 1005 1004 1003 1002 1002 1002 1001 1000 998 999 998 997 996 997 995 994 993 992 991 989 988 987 986 985 984 982 980 980 978 977 975 974 973 971 968 966 966 963 961
814 816 817 818 990 991 992 993 993 993 994 995 996 997 998 999 1000 1001 1001 1000 1001 1001 1002 1002 1018 1019 1019 1015 1015 1014 1015 1015 1015 1015 1016 1015 1014 1014 1014 1013 1014 1013 1013 1013 1013 1012 1012 1011 1011 1010 1011 1009 1009 1008 1007 1007 1006 1004 1004 1002 1002 1002 1002 1000 999 998 998 998 997 995 995 996 994 994 992 990 990 988 988 985 985 983 982 981 978 978 975 974 973 971 969 967 966 964
817 818 820 821 991 992 993 994 995 996 997 998 998 999 1000 1001 1001 1001 1002 1002 1004 1003 1004 1005 1021 1021 1021 1017 1016 1016 1017 1016 1016 1017 1017 1018 1017 1016 1016 1016 1015 1016 1015 1015 1013 1014 1013 1013 1012 1012 1011 1011 1010 1009 1009 1008 1007 1007 1005 1004 1004 1004 1003 1004 1001 1001 1000 999 999 997 997 995 995 994 993 991 989 990 989 988 985 984 982 982 980 978 977 975 975 971 970 968 966 965
818 819 820 993 994 995 996 997 997 998 998 999 1000 1002 1001 1002 1003 1004 1005 1004 1004 1005 1006 1005 1006 1023 1018 1019 1019 1018 1018 1019 1018 1018 1018 1018 1019 1017 1017 1017 1018 1017 1017 1017 1017 1015 1015 1014 1015 1014 1014 1012 1011 1011 1010 1010 1009 1008 1007 1006 1005 1004 1004 1004 1003 1003 1002 1001 1000 1000 997 998 997 996 995 993 992 991 990 989 987 986 985 983 983 980 979 977 975 974 972 971 968 966
821 822 823 993 994 995 996 998 999 1000 1000 1000 1001 1002 1003 1004 1004 1005 1006 1007 1008 1006 1007 1008 1007 1008 1019 1019 1020 1020 1020 1020 1020 1020 1020 1021 1020 1020 1019 1019 1018 1019 1018 1018 1017 1017 1016 1017 1016 1016 1015 1015 1013 1012 1012 1011 1010 1010 1008 1007 1007 1006 1005 1006 1003 1003 1002 1002 1001 1001 999 997 997 996 995 994 993 992 991 990 988 987 985 984 982 981 979 977 977 975 972 970 970 968
821 823 825 996 997 998 999 999 1000 1001 1002 1003 1004 1005 1004 1005 1006 1007 1007 1007 1008 1008 1008 1009 1010 1010 1005 1021 1022 1021 1021 1021 1021 1021 1021 1021 1021 1022 1021 1020 1021 1020 1020 1019 1020 1019 1018 1017 1017 1016 1016 1016 1014 1014 1013 1013 1012 1012 1011 1009 1008 1008 1007 1006 1006 1004 1004 1003 1003 1001 1000 1000 998 998 997 996 994 993 992 991 990 987 987 985 985 983 981 980 977 976 974 973 971 969
824 825 995 996 997 999 1000 1001 1002 1003 1003 1004 1004 1005 1006 1008 1007 1008 1009 1010 1009 1010 1010 1010 1010 1006 1006 1006 1023 1024 1023 1023 1023 1023 1023 1022 1023 1023 1022 1022 1021 1021 1020 1021 1021 1021 1019 1019 1019 1019 1018 1018 1017 1015 1015 1014 1013 1013 1012 1010 1010 1008 1007 1007 1006 1005 1003 1003 1003 1003 1001 1000 999 997 997 998 996 995 994 993 992 990 988 988 986 984 982 981 979 978 977 973 972 971
826 826 997 998 999 1001 1001 1002 1003 1005 1006 1006 1006 1006 1007 1008 1009 1009 1009 1010 1012 1012 1011 1012 1012 1007 1007 1008 1023 1024 1024 1023 1023 1024 1024 1025 1024 1024 1025 1023 1023 1022 1023 1022 1022 1021 1020 1020 1020 1019 1019 1018 1017 1017 1016 1016 1015 1014 1014 1012 1011 1010 1009 1008 1007 1007 1006 1004 1004 1003 1003 1001 1001 1000 998 998 995 995 993 993 991 990 988 987 986 985 983 981 981 978 976 974 973 971
826 996 997 1000 1001 1002 1003 1004 1005 1005 1006 1007 1007 1008 1009 1009 1010 1011 1011 1012 1012 1012 1013 1012 1012 1009 1009 1009 1009 1026 1025 1026 1024 1025 1025 1025 1025 1024 1025 1025 1023 1024 1024 1024 1023 1023 1022 1022 1021 1021 1020 1019 1019 1018 1017 1016 1015 1015 1014 1013 1012 1011 1009 1009 1008 1007 1007 1005 1005 1005 1004 1002 1001 1001 1000 1000 998 996 995 994 993 992 990 989 987 987 984 982 981 980 978 976 974 972
828 999 1000 1001 1002 1002 1003 1005 1006 1007 1008 1009 1008 1009 1009 1010 1011 1011 1012 1013 1014 1013 1014 1014 1009 1009 1009 1010 1009 1010 1026 1027 1026 1027 1026 1027 1026 1026 1026 1026 1025 1024 1025 1024 1024 1023 1023 1022 1022 1022 1021 1021 1020 1020 1018 1017 1017 1016 1015 1015 1013 1012 1011 1010 1009 1008 1007 1006 1005 1004 1004 1003 1002 1001 1000 999 998 996 994 994 992 992 989 989 987 986 985 982 983 981 979 978 975 974
828 1000 1001 1002 1003 1004 1005 1006 1006 1007 1008 1010 1010 1011 1010 1011 1012 1012 1013 1013 1014 1014 1015 1016 1010 1011 1010 1011 1011 1011 1011 1028 1027 1027 1027 1026 1027 1026 1027 1027 1026 1026 1025 1026 1025 1025 1024 1024 1023 1022 1022 1021 1021 1020 1019 1018 1017 1017 1016 1015 1016 1013 1012 1011 1011 1010 1007 1006 1007 1006 1004 1004 1002 1001 1000 1001 999 998 996 995 994 993 991 990 990 989 986 984 983 982 980 979 976 974
1000 1001 1002 1002 1003 1005 1006 1007 1008 1009 1009 1009 1010 1011 1012 1012 1012 1013 1014 1015 1015 1015 1016 1016 1010 1011 1011 1011 1011 1013 1012 1013 1029 1027 1028 1028 1028 1028 1027 1027 1027 1026 1026 1025 1026 1026 1026 1025 1023 1023 1022 1023 1022 1022 1021 1019 1019 1018 1016 1016 1015 1013 1013 1012 1011 1009 1009 1007 1006 1005 1004 1005 1003 1001 1001 999 999 998 996 995 993 994 992 991 989 988 988 986 984 983 981 979 977 976
1002 1003 1004 1005 1005 1006 1006 1007 1008 1010 1011 1012 1013 1013 1014 1013 1014 1015 1015 1015 1015 1017 1016 1012 1013 1012 1012 1012 1013 1012 1013 1013 1029 1028 1027 1029 1029 1029 1029 1028 1028 1027 1027 1026 1026 1026 1026 1025 1024 1023 1023 1022 1022 1021 1020 1020 1019 1019 1018 1017 1016 1015 1014 1013 1012 1011 1010 1008 1007 1006 1006 1005 1004 1002 1000 1001 1000 999 997 997 996 994 995 992 992 990 989 987 984 984 983 982 979 977
1001 1003 1004 1006 1007 1007 1008 1009 1010 1010 1011 1012 1013 1013 1015 1015 1015 1016 1016 1017 1017 1017 1018 1014 1013 1013 1014 1014 1014 1014 1013 1014 1014 1030 1029 1028 1029 1029 1028 1029 1028 1028 1028 1028 1027 1027 1026 1026 1026 1025 1024 1024 1023 1022 1022 1020 1020 1019 1018 1018 1017 1015 1014 1013 1012 1011 1011 1008 1007 1007 1005 1006 1005 1003 1002 1001 1000 1000 998 997 997 996 994 993 992 992 990 989 987 985 983 982 981 978
1003 1004 1005 1006 1007 1007 1008 1010 1010 1011 1012 1013 1013 1014 1015 1016 1015 1015 1017 1018 1018 1018 1019 1014 1015 1014 1014 1014 1014 1014 1015 1014 1016 1016 1031 1031 1029 1030 1030 1029 1030 1029 1028 1027 1027 1027 1027 1026 1026 1024 1025 1024 1023 1023 1022 1022 1020 1019 1019 1018 1017 1017 1015 1014 1013 1012 1011 1010 1008 1007 1006 1005 1004 1002 1002 1001 1001 1000 1000 998 997 997 996 994 993 991 991 989 987 986 984 983 981 979
1004 1006 1007 1008 1009 1010 1010 1011 1011 1012 1013 1015 1016 1016 1016 1017 1018 1018 1018 1018 1019 1019 1015 1014 1015 1016 1014 1015 1015 1015 1015 1016 1015 1016 1016 1030 1031 1030 1030 1032 1031 1030 1028 1029 1028 1028 1027 1027 1026 1027 1025 1024 1024 1023 1023 1022 1020 1020 1019 1018 1017 1016 1015 1015 1014 1013 1011 1011 1009 1008 1006 1005 1005 1005 1003 1003 1002 1001 1000 999 998 997 996 996 993 993 991 990 989 987 985 984 983 980
1005 1006 1006 1007 1008 1010 1011 1011 1012 1013 1013 1014 1015 1016 1017 1017 1018 1019 1019 1019 1019 1020 1015 1016 1015 1016 1017 1015 1016 1017 1017 1016 1016 1016 1016 1016 1031 1031 1031 1031 1031 1031 1031 1029 1029 1027 1027 1028 1028 1027 1025 1025 1024 1024 1023 1022 1021 1020 1020 1019 1018 1018 1016 1014 1013 1013 1012 1011 1008 1008 1007 1005 1005 1004 1003 1002 1002 1002 1001 999 999 998 997 996 993 993 992 990 989 986 986 984 982 980
1006 1007 1008 1009 1011 1012 1012 1012 1013 1014 1015 1016 1016 1016 1017 1018 1018 1019 1018 1019 1019 1021 1015 1016 1017 1016 1017 1016 1017 1016 1017 1017 1017 1017 1017 1017 1017 1032 1032 1031 1031 1031 1031 1029 1029 1030 1029 1028 1028 1027 1025 1024 1024 1023 1023 1022 1021 1021 1020 1019 1019 1018 1017 1016 1014 1013 1012 1012 1010 1008 1008 1007 1005 1006 1004 1004 1003 1002 1002 999 999 997 998 996 995 993 991 991 990 989 986 985 983 982
1005 1006 1008 1010 1011 1012 1013 1014 1014 1014 1015 1015 1016 1017 1019 1019 1019 1020 1021 1020 1020 1016 1017 1016 1017 1016 1017 1018 1017 1018 1017 1017 1018 1017 1018 1017 1016 1017 1032 1032 1032 1032 1030 1031 1030 1030 1029 1029 1028 1028 1027 1026 1025 1024 1023 1022 1022 1020 1019 1019 1018 1017 1017 1015 1014 1012 1012 1011 1010 1008 1008 1008 1006 1005 1006 1003 1004 1002 1003 1002 1000 1000 998 997 997 995 993 991 990 988 987 985 984 982
1006 1007 1009 1009 1010 1011 1012 1014 1015 1015 1016 1015 1016 1017 1018 1019 1020 1019 1020 1021 1021 1016 1017 1017 1018 1017 1018 1019 1017 1018 1018 1017 1017 1018 1018 1018 1016 1017 1033 1032 1033 1032 1032 1031 1031 1030 1029 1028 1028 1027 1027 1025 1025 1025 1025 1024 1023 1021 1020 1019 1018 1018 1017 1016 1015 1013 1012 1011 1012 1009 1009 1008 1007 1006 1006 1004 1003 1002 1002 1002 999 999 998 996 996 993 994 992 990 990 986 985 984 983
1006 1008 1010 1011 1012 1013 1014 1014 1015 1015 1016 1016 1018 1018 1019 1019 1019 1020 1020 1021 1020 1016 1016 1016 1018 1018 1018 1019 1019 1018 1018 1018 1018 1018 1019 1018 1018 1017 1016 1031 1033 1033 1032 1032 1031 1031 1030 1030 1029 1029 1027 1025 1025 1024 1024 1023 1022 1022 1020 1020 1018 1017 1016 1016 1014 1013 1013 1013 1012 1011 1009 1010 1008 1008 1007 1004 1004 1002 1002 1002 1001 1000 998 998 997 994 993 992 990 989 987 986 985 983
1006 1007 1008 1009 1011 1013 1014 1015 1016 1015 1015 1016 1017 1018 1019 1019 1019 1021 1022 1023 1016 1017 1017 1018 1018 1018 1018 1017 1018 1017 1018 1018 1019 1018 1019 1019 1018 1018 1017 1017 1032 1033 1032 1031 1031 1030 1030 1029 1029 1029 1028 1028 1026 1026 1024 1023 1023 1022 1021 1020 1019 1019 1018 1016 1013 1013 1013 1013 1011 1012 1010 1009 1008 1007 1007 1005 1004 1003 1002 1001 1001 999 998 996 996 995 993 992 991 990 986 985 983 983
1007 1008 1009 1010 1010 1011 1012 1013 1014 1015 1016 1017 1017 1018 1019 1019 1020 1020 1021 1021 1016 1016 1017 1018 1018 1018 1019 1019 1019 1019 1019 1018 1018 1018 1017 1018 1017 1018 1018 1017 1017 1033 1033 1032 1032 1030 1030 1029 1029 1028 1028 1027 1026 1025 1024 1024 1023 1022 1020 1020 1020 1019 1017 1017 1016 1015 1014 1014 1013 1012 1011 1009 1009 1009 1007 1007 1004 1003 1003 1001 1001 998 999 997 995 995 992 992 990 990 989 986 985 982
1007 1008 1009 1011 1012 1013 1014 1014 1015 1016 1017 1017 1018 1018 1019 1020 1021 1021 1020 1021 1017 1016 1017 1017 1017 1018 1017 1019 1019 1019 1018 1019 1018 1019 1019 1018 1019 1018 1016 1017 1016 1016 1031 1032 1032 1032 1030 1030 1029 1030 1029 1028 1026 1025 1025 1024 1024 1023 1022 1021 1019 1017 1017 1016 1016 1015 1014 1014 1013 1012 1011 1010 1009 1007 1007 1006 1005 1004 1002 1001 1000 999 997 997 996 995 993 991 991 988 987 985 983 982
1006 1007 1008 1009 1010 1012 1013 1014 1015 1016 1016 1016 1017 1018 1019 1019 1019 1020 1021 1018 1017 1017 1018 1018 1018 1018 1019 1017 1018 1018 1017 1017 1018 1017 1019 1019 1018 1019 1017 1017 1017 1017 1017 1031 1031 1031 1030 1029 1029 1028 1028 1027 1026 1025 1024 1024 1023 1022 1022 1020 1019 1019 1018 1018 1017 1015 1015 1014 1015 1013 1013 1010 1009 1009 1008 1007 1005 1003 1003 1001 1000 997 998 996 996 994 992 992 990 990 988 985 983 982
1005 1008 1009 1010 1010 1011 1012 1013 1014 1015 1016 1017 1017 1017 1018 1019 1020 1020 1020 1016 1017 1016 1016 1017 1017 1018 1018 1019 1018 1019 1019 1018 1018 1018 1017 1017 1018 1017 1017 1016 1016 1016 1017 1016 1032 1031 1030 1028 1029 1028 1028 1027 1027 1025 1025 1024 1023 1023 1021 1019 1019 1017 1017 1018 1017 1016 1015 1014 1013 1014 1012 1012 1011 1010 1008 1007 1006 1004 1003 1003 1001 1000 997 997 996 996 994 991 990 988 987 985 983 982
1006 1007 1008 1009 1010 1011 1013 1013 1014 1015 1016 1017 1017 1018 1018 1018 1019 1020 1021 1015 1016 1017 1016 1016 1017 1017 1017 1017 1018 1017 1018 1018 1018 1018 1018 1018 1018 1018 1018 1016 1015 1016 1015 1015 1014 1031 1030 1029 1028 1028 1028 1027 1026 1025 1024 1023 1023 1022 1021 1021 1019 1018 1019 1018 1017 1017 1016 1015 1014 1013 1013 1011 1010 1009 1008 1008 1006 1004 1003 1001 1000 999 997 995 995 993 993 991 989 988 987 984 982 980
1006 1006 1007 1008 1010 1011 1012 1013 1014 1014 1015 1016 1017 1017 1018 1018 1018 1019 1015 1016 1015 1016 1018 1017 1017 1018 1018 1017 1017 1018 1017 1018 1017 1016 1017 1017 1017 1017 1017 1017 1017 1016 1016 1014 1015 1014 1030 1028 1028 1027 1027 1027 1026 1026 1024 1023 1022 1021 1020 1019 1019 1020 1019 1019 1018 1017 1016 1016 1016 1014 1013 1013 1011 1010 1009 1007 1007 1005 1003 1002 1000 999 996 997 994 993 992 990 988 987 986 984 983 982
1005 1006 1006 1008 1009 1010 1011 1012 1013 1014 1015 1016 1015 1015 1016 1018 1019 1018 1014 1015 1016 1015 1016 1016 1016 1016 1016 1017 1017 1018 1018 1018 1017 1017 1016 1016 1017 1016 1016 1016 1015 1014 1014 1014 1014 1014 1014 1028 1028 1027 1027 1026 1026 1025 1024 1023 1022 1022 1020 1021 1020 1018 1019 1018 1018 1018 1015 1015 1014 1014 1013 1012 1011 1009 1008 1007 1005 1005 1003 1002 1000 999 996 995 993 992 992 989 988 987 984 983 981 980
1005 1006 1007 1008 1009 1010 1011 1011 1013 1014 1015 1016 1016 1016 1016 1017 1018 1013 1012 1013 1015 1015 1015 1016 1015 1016 1015 1016 1016 1016 1016 1017 1015 1016 1016 1017 1017 1016 1017 1016 1014 1014 1014 1014 1013 1013 1012 1029 1027 1027 1026 1025 1024 1024 1022 1021 1022 1021 1022 1021 1021 1020 1018 1018 1018 1018 1018 1015 1015 1014 1014 1012 1010 1010 1009 1009 1006 1005 1002 1002 1000 999 997 995 993 992 990 989 987 985 985 984 982 979
1004 1005 1006 1007 1008 1009 1010 1011 1012 1012 1013 1014 1014 1016 1016 1016 1017 1013 1013 1014 1014 1014 1015 1016 1014 1015 1016 1015 1015 1016 1015 1016 1016 1015 1015 1016 1015 1015 1015 1015 1015 1013 1015 1013 1013 1012 1012 1012 1027 1026 1026 1025 1024 1024 1023 1021 1020 1020 1020 1020 1021 1019 1018 1018 1017 1017 1016 1015 1014 1014 1013 1012 1010 1010 1009 1008 1006 1006 1003 1002 1001 1000 998 996 994 993 991 989 987 985 983 983 980 979
