testData/tiles/oneDegree/grid12.0-8.0-13.0-9.0.asc
ncols   200
nrows   200
xllcorner   12.0
yllcorner   8.0
cellsize   0.005
NODATA_value   -9999.0
[rows 126 to 167 of 200, columns 94 to 187 of 200]
340 340 340 340 340 340 340 339 339 339 339 339 339 339 339 339 339 339 339 339 338 338 338 338 338 338 338 338 338 338 338 337 337 337 336 336 312 312 312 312 312 312 312 312 312 312 329 329 328 328 328 328 328 328 328 328 520 520 520 520 520 519 519 519 519 518 518 518 518 518 518 518 518 517 516 516 516 516 516 516 516 516 515 514 514 514 514 514 514 513 513 513 512 512
341 339 339 339 339 339 339 339 339 339 339 339 339 339 339 339 339 339 339 339 338 338 338 338 338 338 338 338 337 337 337 337 337 337 336 336 336 336 312 312 312 312 312 312 312 330 328 328 328 328 328 328 328 328 328 328 520 520 520 519 519 519 519 519 519 519 518 518 518 518 518 517 517 517 516 516 516 516 516 516 516 515 514 514 514 514 514 514 514 513 513 512 512 512
340 339 339 339 339 339 339 339 339 339 339 339 339 339 339 339 339 339 339 339 338 338 338 338 338 337 337 337 337 337 337 337 337 337 336 336 336 336 336 312 312 312 312 311 311 329 328 328 328 328 328 328 328 328 328 521 520 519 519 519 519 519 519 519 519 519 518 518 518 517 517 517 517 517 516 516 516 516 516 516 515 515 514 514 514 514 514 514 514 512 512 512 512 512
340 339 339 339 339 339 339 339 339 339 339 339 339 339 339 339 339 339 339 339 338 338 337 337 337 337 337 337 337 337 337 337 337 337 336 336 336 336 336 336 336 311 311 311 311 329 328 328 328 328 328 328 328 328 328 520 520 519 519 519 519 519 519 519 519 519 518 518 517 517 517 517 517 517 516 516 516 516 515 515 515 515 514 514 514 514 514 514 513 512 512 512 512 512
340 339 339 339 339 339 339 339 339 339 339 339 339 339 339 339 339 339 338 338 337 337 337 337 337 337 337 337 337 337 337 337 337 337 337 336 336 336 335 335 335 335 335 311 329 329 328 328 328 328 328 328 328 327 520 520 520 519 519 519 519 519 519 519 519 519 517 517 517 517 517 517 517 517 516 516 516 515 515 515 515 515 514 514 514 514 513 513 513 512 512 512 512 512
340 340 339 339 339 339 339 339 339 339 339 339 339 339 338 338 338 338 338 338 338 337 337 337 337 337 337 337 337 337 337 337 337 337 337 336 335 335 335 335 335 335 335 335 329 329 329 328 328 328 328 327 327 327 520 520 520 519 519 519 519 519 519 519 518 518 517 517 517 517 517 517 517 517 516 515 515 515 515 515 515 515 514 514 514 513 513 513 513 512 512 512 512 512
340 340 339 339 339 339 339 339 339 339 338 338 338 338 338 338 338 338 338 338 338 337 337 337 337 337 337 337 337 337 337 337 337 336 336 335 335 335 335 335 335 335 335 353 353 353 329 328 328 327 327 327 327 520 520 520 520 519 519 519 519 519 518 518 518 518 517 517 517 517 517 517 517 516 515 515 515 515 515 515 515 515 514 513 513 513 513 513 513 512 512 512 511 511
340 340 339 339 338 338 338 338 338 338 338 338 338 338 338 338 338 338 338 338 338 337 337 337 337 337 337 337 337 337 336 336 336 336 336 335 335 335 335 335 335 335 335 353 353 353 353 327 327 327 327 327 327 520 520 520 520 519 519 519 518 518 518 518 518 518 517 517 517 517 517 517 516 516 516 515 515 515 515 515 515 515 513 513 513 513 513 513 513 512 512 511 511 511
339 339 338 338 338 338 338 338 338 338 338 338 338 338 338 338 338 338 338 338 338 337 337 337 337 337 337 336 336 336 336 336 336 336 336 335 335 335 335 335 335 335 335 353 352 352 352 351 351 327 327 327 520 520 520 520 520 519 518 518 518 518 518 518 518 518 517 517 517 517 516 516 516 516 516 515 515 515 515 515 514 514 513 513 513 513 513 513 513 512 511 511 511 511
339 339 339 338 338 338 338 338 338 338 338 338 338 338 338 338 338 338 338 338 338 337 337 336 336 336 336 336 336 336 336 336 336 336 336 335 335 335 335 335 335 335 352 352 352 352 352 351 351 351 327 327 520 520 520 520 519 518 518 518 518 518 518 518 518 518 517 517 516 516 516 516 516 516 516 515 515 515 514 514 514 514 513 513 513 513 513 513 512 511 511 511 511 512
339 339 339 338 338 338 338 338 338 338 338 338 338 338 338 338 338 338 338 337 337 336 336 336 336 336 336 336 336 336 336 336 336 336 336 335 335 335 335 334 334 334 352 352 352 352 352 351 351 351 351 544 520 520 519 519 519 518 518 518 518 518 518 518 518 518 516 516 516 516 516 516 516 516 516 515 515 514 514 514 514 514 513 513 513 513 512 512 512 512 511 511 511 512
339 339 339 338 338 338 338 338 338 338 338 338 338 338 338 337 337 337 337 337 337 336 336 336 336 336 336 336 336 336 336 336 336 336 336 335 334 334 334 334 334 352 352 352 352 352 352 351 351 351 351 543 543 519 519 519 519 518 518 518 518 518 518 518 517 517 516 516 516 516 516 516 516 516 516 514 514 514 514 514 514 514 513 513 513 512 512 512 512 512 511 511 512 512
339 339 339 338 338 338 338 338 338 338 337 337 337 337 337 337 337 337 337 337 337 336 336 336 336 336 336 336 336 336 336 336 336 335 335 334 334 334 334 334 334 352 352 352 352 352 352 351 351 350 543 543 543 543 543 519 519 518 518 518 518 518 517 517 517 517 516 516 516 516 516 516 516 515 515 514 514 514 514 514 514 514 513 512 512 512 512 512 512 512 511 511 511 511
339 339 339 338 337 337 337 337 337 337 337 337 337 337 337 337 337 337 337 337 337 337 336 336 336 336 336 336 336 336 335 335 335 335 335 335 334 334 334 334 334 352 352 352 352 352 351 350 350 350 543 543 543 543 543 543 519 518 518 518 517 517 517 517 517 517 517 516 516 516 516 515 515 515 515 514 514 514 514 514 514 513 513 512 512 512 512 512 512 512 511 510 511 511
338 338 338 337 337 337 337 337 337 337 337 337 337 337 337 337 337 337 337 337 337 337 336 336 336 336 335 335 335 335 335 335 335 335 335 335 334 334 334 334 352 352 352 352 351 351 351 350 350 543 543 543 543 543 543 543 543 517 517 517 517 517 517 517 517 517 517 516 516 515 515 515 515 515 515 514 514 514 514 514 513 513 513 512 512 512 512 512 512 511 510 511 511 511
397 338 338 337 337 337 337 337 337 337 337 337 337 337 337 337 337 337 337 337 337 337 335 335 335 335 335 335 335 335 335 335 335 335 335 335 334 334 334 334 352 351 351 351 351 351 351 350 350 543 543 543 543 543 543 542 542 541 541 517 517 517 517 517 517 517 517 515 515 515 515 515 515 515 515 514 514 514 513 513 513 513 513 512 512 512 512 511 511 511 510 511 511 511
397 338 338 337 337 337 337 337 337 337 337 337 337 337 337 337 337 337 336 336 336 336 335 335 335 335 335 335 335 335 335 335 335 335 335 335 334 334 333 333 351 351 351 351 351 351 351 350 543 543 543 543 543 542 542 542 542 541 541 541 517 517 517 517 517 516 516 515 515 515 515 515 515 515 515 514 513 513 513 513 513 513 513 512 512 512 511 511 511 511 511 511 511 511
397 338 338 337 337 337 337 337 337 337 337 337 337 336 336 336 336 336 336 336 336 336 335 335 335 335 335 335 335 335 335 335 335 335 335 334 333 333 333 351 351 351 351 351 351 351 351 350 543 543 542 542 542 542 542 542 542 542 541 541 541 517 517 516 516 516 516 515 515 515 515 515 515 515 514 513 513 513 513 513 513 513 513 512 511 511 511 511 511 511 511 511 511 510
579 397 338 337 337 337 337 336 336 336 336 336 336 336 336 336 336 336 336 336 336 336 335 335 335 335 335 335 335 335 335 334 334 334 334 334 333 333 333 351 351 351 351 351 351 351 351 349 542 542 542 542 542 542 542 542 542 542 541 541 541 540 540 516 516 516 516 515 515 515 515 515 514 514 514 513 513 513 513 513 513 513 512 511 511 511 511 511 511 511 511 510 510 510
578 578 519 518 336 336 336 336 336 336 336 336 336 336 336 336 336 336 336 336 336 336 335 335 335 335 335 334 334 334 334 334 334 334 334 334 333 333 333 351 351 351 351 351 351 350 350 542 542 542 542 542 542 542 542 542 542 542 540 540 540 540 540 540 516 516 516 515 515 515 514 514 514 514 514 513 513 513 513 513 512 512 512 511 511 511 511 511 511 511 510 510 510 510
578 578 578 518 518 518 518 336 336 336 336 336 336 336 336 336 336 336 336 336 336 336 335 334 334 334 334 334 334 334 334 334 334 334 334 334 333 333 351 351 351 351 350 350 350 350 350 542 542 542 542 542 542 542 542 542 541 540 540 540 540 540 540 540 540 516 516 515 514 514 514 514 514 514 514 513 513 513 512 512 512 512 512 511 511 511 511 511 510 511 510 510 510 510
578 578 578 518 518 518 518 518 518 336 336 336 336 336 336 336 336 336 336 335 335 335 334 334 334 334 334 334 334 334 334 334 334 334 334 334 333 333 351 350 350 350 350 350 350 350 543 542 542 542 542 542 542 541 541 541 541 540 540 540 540 540 540 540 540 539 539 514 514 514 514 514 514 514 514 513 512 512 512 512 512 512 512 511 511 511 510 510 510 511 510 510 510 510
578 578 578 577 518 518 518 518 518 518 518 336 336 336 335 335 335 335 335 335 335 335 334 334 334 334 334 334 334 334 334 334 334 334 334 333 332 332 350 350 350 350 350 350 350 350 543 542 542 542 542 541 541 541 541 541 541 540 540 540 540 540 540 539 539 539 539 538 514 514 514 514 514 514 513 512 512 512 512 512 512 512 512 511 510 510 510 510 511 511 510 510 510 509
578 578 578 577 518 518 518 518 517 517 517 517 517 517 335 335 335 335 335 335 335 335 334 334 334 334 334 334 334 334 334 334 333 333 333 333 332 350 350 350 350 350 350 350 350 543 543 542 541 541 541 541 541 541 541 541 541 540 540 540 540 539 539 539 539 539 539 538 538 514 514 514 513 513 513 512 512 512 512 512 512 512 511 510 510 510 510 510 511 511 510 509 509 509
578 577 577 576 576 517 517 517 517 517 517 517 517 517 517 517 335 335 335 335 335 334 334 334 334 334 334 334 333 333 333 333 333 333 333 332 332 350 350 350 350 350 350 350 350 542 542 541 541 541 541 541 541 541 541 541 541 540 539 539 539 539 539 539 539 539 538 538 538 538 537 513 513 513 513 512 512 512 512 512 511 511 510 510 510 510 510 510 511 510 509 509 509 510
577 577 577 576 576 517 517 517 517 517 517 517 517 517 517 517 517 517 335 335 335 334 334 333 333 333 333 333 333 333 333 333 333 333 333 332 332 350 350 350 350 350 349 349 349 542 542 541 541 541 541 541 541 541 541 541 540 539 539 539 539 539 539 539 539 539 538 538 537 537 537 537 513 513 513 512 512 512 511 511 511 511 510 510 510 510 510 510 510 510 509 509 509 510
577 577 577 576 576 517 517 517 517 517 517 517 517 517 517 517 517 517 517 516 334 333 333 333 333 333 333 333 333 333 333 333 333 333 333 332 332 350 349 349 349 349 349 349 542 542 542 541 541 541 541 541 541 540 540 540 540 539 539 539 539 539 539 539 539 538 537 537 537 537 537 537 537 513 513 512 511 511 511 511 511 511 510 510 510 509 509 510 510 510 509 509 509 510
577 577 577 576 576 576 517 517 517 517 517 517 517 516 516 516 516 516 516 516 516 515 333 333 333 333 333 333 333 333 333 333 333 333 333 331 349 349 349 349 349 349 349 349 542 542 542 541 541 541 540 540 540 540 540 540 540 539 539 539 539 539 539 538 538 538 537 537 537 537 537 537 537 537 512 511 511 511 511 511 511 511 510 509 509 509 509 510 510 509 509 509 509 509
577 577 576 576 576 576 517 516 516 516 516 516 516 516 516 516 516 516 516 516 516 515 515 515 333 333 333 333 333 333 333 332 332 332 332 331 349 349 349 349 349 349 349 542 542 542 542 540 540 540 540 540 540 540 540 540 540 539 539 539 538 538 538 538 538 538 537 537 537 537 537 536 536 536 536 535 511 511 511 511 511 510 509 509 509 509 510 510 510 509 508 508 509 509
576 576 575 575 575 575 575 516 516 516 516 516 516 516 516 516 516 516 516 516 516 515 515 515 515 333 333 332 332 332 332 332 332 332 332 331 349 349 349 349 349 349 349 542 541 541 541 540 540 540 540 540 540 540 540 540 540 538 538 538 538 538 538 538 538 538 537 537 537 536 536 536 536 536 536 535 535 511 511 510 510 510 509 509 509 509 510 510 510 508 508 508 509 509
576 576 575 575 575 575 575 516 516 516 516 516 516 516 516 516 516 516 516 516 516 515 514 514 514 514 514 332 332 332 332 332 332 332 332 331 349 349 349 349 349 348 541 541 541 541 541 540 540 540 540 540 540 540 540 539 539 538 538 538 538 538 538 538 538 538 537 536 536 536 536 536 536 536 535 535 535 534 510 510 510 510 509 509 509 509 510 509 509 508 508 508 509 509
576 576 575 575 575 575 575 516 516 516 516 516 516 516 516 516 516 515 515 515 515 514 514 514 514 514 514 514 514 332 332 332 332 332 332 349 349 348 348 348 348 348 541 541 541 541 541 540 540 540 540 540 539 539 539 539 539 538 538 538 538 538 538 538 537 537 536 536 536 536 536 536 536 536 535 534 534 534 534 510 510 510 509 509 508 509 509 509 509 508 508 509 509 508
576 575 575 575 575 575 575 575 516 516 516 515 515 515 515 515 515 515 515 515 514 514 514 514 514 514 514 514 514 514 332 332 332 331 331 348 348 348 348 348 348 348 541 541 541 541 540 540 540 539 539 539 539 539 539 539 539 538 538 538 538 537 537 537 537 537 536 536 536 536 536 536 535 535 534 534 534 534 534 534 510 510 508 508 508 509 509 509 509 508 508 508 508 508
576 575 575 575 574 574 574 574 515 515 515 515 515 515 515 515 515 515 515 515 514 514 514 514 514 514 514 514 514 513 513 513 331 331 330 348 348 348 348 348 348 541 541 541 541 540 539 539 539 539 539 539 539 539 539 539 539 538 538 537 537 537 537 537 537 537 536 536 536 536 535 535 535 535 534 534 534 534 534 534 533 533 508 508 508 509 509 509 509 507 507 508 508 508
576 575 574 574 574 574 574 574 574 515 515 515 515 515 515 515 515 515 515 515 514 514 514 514 513 513 513 513 513 513 513 513 513 331 330 348 348 348 348 348 348 541 540 540 540 540 539 539 539 539 539 539 539 539 539 539 537 537 537 537 537 537 537 537 537 537 536 536 535 535 535 535 535 535 534 534 534 534 533 533 533 533 532 508 508 509 509 508 508 507 508 508 508 508
576 575 575 574 574 574 574 574 574 515 515 515 515 515 515 515 515 515 515 514 513 513 513 513 513 513 513 513 513 513 513 513 513 513 530 348 348 348 347 347 347 540 540 540 540 540 539 539 539 539 539 539 539 538 538 538 537 537 537 537 537 537 537 537 537 536 535 535 535 535 535 535 535 535 534 534 533 533 533 533 533 533 532 532 509 508 508 508 508 507 508 508 508 508
576 575 575 575 575 574 574 574 574 515 515 515 515 514 514 514 514 514 514 514 513 513 513 513 513 513 513 513 513 513 513 513 513 513 529 529 347 347 347 347 540 540 540 540 540 540 539 539 539 539 538 538 538 538 538 538 537 537 537 537 537 537 536 536 536 535 535 535 535 535 535 535 535 534 533 533 533 533 533 533 533 533 532 531 532 508 508 508 508 507 508 508 507 507
576 576 576 575 575 575 574 573 573 573 514 514 514 514 514 514 514 514 514 513 513 513 513 513 513 513 513 513 513 513 512 512 512 512 529 529 529 347 347 347 540 540 540 540 540 540 538 538 538 538 538 538 538 538 538 538 537 537 537 536 536 536 536 536 536 535 535 535 535 535 535 534 534 534 533 533 533 533 533 533 533 531 531 531 532 532 508 508 508 507 507 507 507 507
576 575 575 575 575 574 574 574 574 573 514 514 514 514 514 514 514 514 514 513 513 513 513 513 513 513 512 512 512 512 512 512 512 512 529 529 529 529 347 540 540 540 540 539 539 538 538 538 538 538 538 538 538 538 538 538 536 536 536 536 536 536 536 536 536 535 535 535 534 534 534 534 534 534 533 533 533 533 532 532 532 531 531 531 532 532 532 507 506 507 507 507 507 507
576 576 576 575 575 575 575 574 574 574 573 514 514 514 514 514 514 514 514 513 512 512 512 512 512 512 512 512 512 512 512 512 512 511 529 529 529 529 529 539 539 539 539 539 539 538 538 538 538 538 538 538 538 537 537 537 536 536 536 536 536 536 536 536 536 534 534 534 534 534 534 534 534 533 533 533 532 532 532 532 532 531 531 532 532 531 531 531 506 507 507 507 507 507
577 576 576 576 576 575 575 575 574 574 574 515 514 514 513 513 513 513 512 512 512 512 512 512 512 512 512 512 512 512 512 512 512 529 529 528 528 528 528 721 539 539 539 539 539 538 538 538 538 538 537 537 537 537 537 536 536 536 536 536 536 536 536 535 535 534 534 534 534 534 534 534 534 532 532 532 532 532 532 532 532 531 531 531 531 531 531 531 530 531 507 507 506 506
577 577 577 576 576 576 575 574 574 574 573 514 514 513 513 513 513 513 512 512 512 512 512 512 512 512 512 512 512 512 512 511 511 528 528 528 528 528 721 721 721 539 539 539 539 538 538 537 537 537 537 537 537 537 537 536 536 536 536 536 535 535 535 535 535 534 534 534 534 534 534 533 533 532 532 532 532 532 532 532 532 530 530 531 531 531 531 531 530 531 530 506 506 506
