testData/tiles/oneDegree/grid49.0-34.0-50.0-35.0.asc
ncols   200
nrows   200
xllcorner   49.0
yllcorner   34.0
cellsize   0.005
NODATA_value   -9999.0
[rows 0 to 41 of 200, columns 94 to 187 of 200]
292 292 292 292 292 291 291 291 291 291 291 291 291 290 289 289 289 289 289 289 289 288 288 288 288 288 288 287 287 287 287 287 287 286 286 286 286 286 285 285 285 285 284 284 284 284 284 283 283 283 283 282 282 282 282 280 280 280 279 279 279 279 278 278 278 277 277 277 277 276 276 276 275 275 275 274 274 274 273 273 273 272 271 270 270 270 269 269 269 268 268 267 267 267
292 292 292 291 291 291 290 290 290 290 290 290 290 290 289 289 289 289 289 289 289 288 288 288 288 288 288 287 287 287 287 287 287 286 286 286 286 286 285 285 285 285 285 284 284 284 284 283 283 283 283 281 281 281 281 280 280 280 280 279 279 279 278 278 278 278 277 277 277 276 276 276 275 275 275 274 274 274 273 272 272 271 271 271 270 270 269 269 269 268 268 268 267 267
291 291 291 291 291 291 291 290 290 290 290 290 290 290 290 289 289 289 289 289 289 289 288 288 288 288 288 288 287 287 287 287 287 286 286 286 286 286 285 285 285 285 285 284 284 284 283 282 282 282 282 281 281 281 281 280 280 280 280 279 279 279 278 278 278 278 277 277 277 276 276 276 275 275 275 274 273 273 272 272 272 271 271 271 270 270 269 269 269 268 268 268 267 267
291 291 291 291 291 291 291 290 290 290 290 290 290 290 290 289 289 289 289 289 289 289 288 288 288 288 288 288 287 287 287 287 287 286 286 286 286 286 285 285 285 285 284 283 283 283 283 282 282 282 282 281 281 281 281 280 280 280 280 279 279 279 278 278 278 278 277 277 277 276 276 276 274 274 274 273 273 273 272 272 272 271 271 271 270 270 270 269 269 268 268 268 267 267
291 291 291 291 291 291 291 290 290 290 290 290 290 290 290 289 289 289 289 289 289 289 288 288 288 288 288 288 287 287 287 287 287 286 286 286 286 285 284 284 284 284 284 283 283 283 283 282 282 282 282 281 281 281 281 280 280 280 280 279 279 279 279 278 278 278 277 277 277 275 275 275 274 274 274 273 273 273 272 272 272 271 271 271 270 270 270 269 269 268 268 268 267 266
291 291 291 291 291 291 291 290 290 290 290 290 290 290 290 289 289 289 289 289 289 289 288 288 288 288 288 288 287 287 287 286 286 285 285 285 285 285 284 284 284 284 284 283 283 283 283 282 282 282 282 281 281 281 281 280 280 280 280 279 279 279 278 278 278 277 276 276 276 275 275 275 274 274 274 273 273 273 272 272 272 271 271 271 270 270 270 269 269 268 267 267 266 266
291 291 291 291 291 291 291 290 290 290 290 290 290 290 290 289 289 289 289 289 289 289 288 288 288 287 287 287 286 286 286 286 286 285 285 285 285 285 284 284 284 284 284 283 283 283 283 282 282 282 282 281 281 281 281 280 280 280 280 279 279 279 277 277 277 277 276 276 276 275 275 275 274 274 274 273 273 273 272 272 272 271 271 271 270 270 269 268 268 267 267 267 266 266
291 291 291 291 291 291 290 290 290 290 290 290 290 290 289 289 289 289 288 288 288 287 287 287 287 287 287 286 286 286 286 286 286 285 285 285 285 285 284 284 284 284 284 283 283 283 283 282 282 282 282 281 281 281 281 280 280 280 279 278 278 278 277 277 277 277 276 276 276 275 275 275 274 274 274 273 273 273 272 272 272 271 271 271 270 269 268 268 268 267 267 267 266 266
291 291 291 291 291 290 290 290 290 289 289 289 289 289 288 288 288 288 288 288 288 287 287 287 287 287 287 286 286 286 286 286 286 285 285 285 285 285 284 284 284 284 283 283 283 283 283 282 282 282 282 281 281 281 280 279 279 279 278 278 278 278 277 277 277 276 276 276 276 275 275 275 274 274 274 273 273 273 272 272 272 270 270 269 269 269 268 268 268 267 267 266 266 266
290 290 290 290 290 289 289 289 289 289 289 289 289 288 288 288 288 288 288 288 287 287 287 287 287 287 286 286 286 286 286 286 285 285 285 285 285 284 284 284 284 284 283 283 283 283 282 282 282 282 280 280 280 280 279 279 279 279 278 278 278 278 277 277 277 276 276 276 275 275 275 274 274 274 274 273 273 272 271 271 270 270 270 269 269 269 268 268 267 267 267 266 266 266
290 290 290 289 289 289 289 289 289 289 289 289 288 288 288 288 288 288 288 288 287 287 287 287 287 287 286 286 286 286 286 285 285 285 285 285 285 284 284 284 284 283 283 283 283 282 281 281 281 281 280 280 280 280 279 279 279 279 278 278 278 277 277 277 277 276 276 276 275 275 275 274 274 274 273 272 272 271 271 271 270 270 270 269 269 269 268 268 267 267 267 266 266 265
290 290 289 289 289 289 289 289 289 289 289 288 288 288 288 288 288 288 288 287 287 287 287 287 287 286 286 286 286 286 286 285 285 285 285 285 284 284 284 284 283 282 282 282 282 281 281 281 281 280 280 280 280 279 279 279 279 278 278 278 278 277 277 277 276 276 276 275 275 275 275 274 273 273 272 272 272 271 271 271 270 270 269 269 269 268 268 268 267 267 266 266 266 265
289 289 289 289 289 289 289 289 289 289 288 288 288 288 288 288 288 288 287 287 287 287 287 287 286 286 286 286 286 286 285 285 285 285 285 283 283 283 283 283 282 282 282 282 281 281 281 281 281 280 280 280 280 279 279 279 278 278 278 278 277 277 277 277 276 276 276 275 274 274 273 273 273 272 272 272 271 271 271 270 270 270 269 269 269 268 268 267 267 267 266 266 265 264
289 289 289 289 289 289 289 289 288 288 288 288 288 288 288 288 287 287 287 287 287 287 287 286 286 286 286 286 286 284 284 284 284 284 283 283 283 283 283 282 282 282 282 282 281 281 281 281 280 280 280 280 279 279 279 279 278 278 278 277 277 277 277 276 276 275 274 274 274 274 273 273 273 272 272 272 271 271 271 270 270 269 269 269 268 268 268 267 267 266 265 265 264 264
289 289 289 289 289 289 289 288 288 288 288 288 288 288 288 287 287 287 287 287 287 287 285 285 285 285 285 285 284 284 284 284 284 283 283 283 283 283 282 282 282 282 282 281 281 281 281 280 280 280 280 279 279 279 279 278 278 278 278 277 277 276 275 275 275 275 274 274 274 273 273 273 272 272 272 271 271 271 270 270 270 269 269 269 268 268 267 266 266 265 265 264 264 264
289 289 289 289 289 288 288 288 288 288 288 288 288 287 286 286 286 286 286 286 285 285 285 285 285 285 284 284 284 284 284 284 283 283 283 283 283 282 282 282 282 282 281 281 281 281 280 280 280 280 279 279 279 279 278 278 278 277 276 276 276 275 275 275 275 274 274 274 273 273 273 272 272 272 271 271 271 270 270 270 269 269 269 268 267 267 266 266 265 265 265 264 264 263
289 289 288 288 287 287 287 287 287 287 287 286 286 286 286 286 286 286 286 285 285 285 285 285 285 284 284 284 284 284 284 283 283 283 283 283 282 282 282 282 282 281 281 281 281 280 280 280 280 279 279 279 279 277 277 277 277 276 276 276 276 275 275 275 274 274 274 273 273 273 273 272 272 272 271 271 271 270 270 269 269 268 267 267 267 266 266 266 265 265 264 264 264 263
287 287 287 287 287 287 287 287 287 286 286 286 286 286 286 286 286 285 285 285 285 285 285 285 284 284 284 284 284 283 283 283 283 283 283 282 282 282 282 281 281 281 281 281 280 280 280 280 278 278 278 278 277 277 277 277 276 276 276 276 275 275 275 274 274 274 273 273 273 273 272 272 272 271 271 271 270 270 269 268 268 268 267 267 266 266 266 265 265 265 264 264 263 263
287 287 287 287 287 287 287 286 286 286 286 286 286 286 286 285 285 285 285 285 285 285 284 284 284 284 284 284 283 283 283 283 283 282 282 282 282 282 281 281 281 281 281 279 279 279 279 278 278 278 278 277 277 277 277 276 276 276 276 275 275 275 274 274 274 274 273 273 273 272 272 272 271 271 271 269 269 269 268 268 268 267 267 266 266 266 265 265 265 264 264 263 263 263
287 287 287 287 286 286 286 286 286 286 286 286 286 285 285 285 285 285 285 285 284 284 284 284 284 284 283 283 283 283 283 283 282 282 282 282 282 281 280 280 280 279 279 279 279 279 278 278 278 278 277 277 277 277 276 276 276 276 275 275 275 274 274 274 273 273 273 273 272 272 272 270 270 270 269 269 269 268 268 268 267 267 267 266 266 265 265 265 264 264 263 263 263 262
287 286 286 286 286 286 286 286 286 286 285 285 285 285 285 285 285 285 284 284 284 284 284 284 283 283 283 283 283 283 282 282 282 281 281 280 280 280 280 280 279 279 279 279 278 278 278 278 278 277 277 277 277 276 276 276 275 275 275 275 274 274 274 273 273 273 273 272 271 271 270 270 270 269 269 269 268 268 268 267 267 267 266 266 265 265 265 264 264 264 263 263 262 261
286 286 286 286 286 286 286 285 285 285 285 285 285 285 285 284 284 284 284 284 284 284 283 283 283 283 282 282 281 281 281 281 281 280 280 280 280 280 279 279 279 279 279 278 278 278 278 277 277 277 277 276 276 276 276 275 275 275 275 274 274 274 273 273 272 272 271 271 271 270 270 270 269 269 269 268 268 268 267 267 267 266 266 265 265 265 264 264 264 263 262 261 261 261
286 286 286 286 285 285 285 285 285 285 285 285 284 284 284 284 284 284 284 283 282 282 282 282 282 282 281 281 281 281 281 280 280 280 280 280 279 279 279 279 279 278 278 278 278 278 277 277 277 277 276 276 276 276 275 275 275 274 274 274 273 272 272 272 271 271 271 271 270 270 270 269 269 269 268 268 268 267 267 267 266 266 265 265 265 264 264 263 262 262 261 261 261 260
285 285 285 285 285 285 285 285 285 284 283 283 283 283 283 283 283 282 282 282 282 282 282 281 281 281 281 281 281 280 280 280 280 280 279 279 279 279 279 278 278 278 278 278 277 277 277 277 276 276 276 276 275 275 275 275 273 273 273 272 272 272 272 271 271 271 270 270 270 269 269 269 269 268 268 267 267 267 266 266 266 265 265 265 263 263 263 262 262 261 261 261 260 260
284 284 284 284 284 284 283 283 283 283 283 283 283 283 282 282 282 282 282 282 282 281 281 281 281 281 281 280 280 280 280 280 279 279 279 279 279 278 278 278 278 278 277 277 277 277 276 276 276 276 275 274 274 274 273 273 273 273 272 272 272 271 271 271 271 270 270 270 269 269 269 268 268 268 267 267 267 266 266 266 265 264 264 263 263 262 262 262 261 261 261 260 260 259
284 284 283 283 283 283 283 283 283 283 283 282 282 282 282 282 282 282 281 281 281 281 281 281 280 280 280 280 280 280 279 279 279 279 279 278 278 278 278 278 277 277 277 277 276 276 276 275 275 274 274 274 274 273 273 273 272 272 272 272 271 271 271 270 270 270 270 269 269 269 268 268 268 267 267 267 266 266 265 264 264 263 263 263 262 262 262 261 261 260 260 260 259 259
283 283 283 283 283 283 283 282 282 282 282 282 282 282 282 281 281 281 281 281 281 281 280 280 280 280 280 280 279 279 279 279 279 278 278 278 278 278 277 277 277 277 275 275 275 275 275 274 274 274 274 273 273 273 273 272 272 272 271 271 271 271 270 270 270 269 269 269 268 268 268 267 267 267 265 265 265 264 264 264 263 263 263 262 262 262 261 261 260 260 260 259 259 258
283 283 282 282 282 282 282 282 282 282 282 281 281 281 281 281 281 281 281 280 280 280 280 280 280 279 279 279 279 279 278 278 278 278 278 278 276 276 276 276 275 275 275 275 275 274 274 274 274 273 273 273 273 272 272 272 272 271 271 271 270 270 270 269 269 269 269 268 268 268 267 266 266 265 265 265 264 264 264 263 263 263 262 262 261 261 261 260 260 259 259 259 258 258
282 282 282 282 282 282 282 281 281 281 281 281 281 281 281 280 280 280 280 280 280 280 279 279 279 279 279 279 278 278 277 277 277 276 276 276 276 276 275 275 275 275 275 274 274 274 274 273 273 273 273 272 272 272 272 271 271 271 270 270 270 270 269 269 269 268 268 267 266 266 266 265 265 265 264 264 264 263 263 263 262 262 262 261 261 260 260 260 259 259 259 258 258 257
282 282 281 281 281 281 281 281 281 281 281 280 280 280 280 280 280 280 279 279 279 279 279 279 278 277 277 277 277 277 276 276 276 276 276 275 275 275 275 275 274 274 274 274 274 273 273 273 273 272 272 272 272 271 271 271 270 270 270 270 269 269 269 267 267 267 267 266 266 266 265 265 265 264 264 264 263 263 263 262 262 261 261 261 260 260 260 259 259 258 258 258 257 257
281 281 281 281 281 281 281 280 280 280 280 280 280 280 280 279 278 278 278 278 278 277 277 277 277 277 277 276 276 276 276 276 276 275 275 275 275 275 274 274 274 274 273 273 273 273 272 272 272 272 271 271 271 271 270 270 270 270 269 268 268 267 267 267 267 266 266 266 265 265 265 264 264 264 263 263 263 262 262 262 261 261 260 260 260 259 259 259 258 258 257 257 257 256
281 280 280 280 280 279 279 279 279 279 278 278 278 278 278 278 278 278 277 277 277 277 277 277 276 276 276 276 276 276 275 275 275 275 275 274 274 274 274 274 273 273 273 273 272 272 272 272 271 271 271 271 270 270 270 269 268 268 268 267 267 267 267 266 266 266 265 265 265 264 264 264 263 263 263 262 262 262 261 261 261 260 260 260 259 259 258 258 258 257 257 256 256 256
279 279 279 279 279 278 278 278 278 278 278 278 278 278 277 277 277 277 277 277 277 276 276 276 276 276 276 275 275 275 275 275 274 274 274 274 274 273 273 273 273 272 272 272 272 272 271 271 271 271 269 269 269 269 268 268 268 267 267 267 267 266 266 266 265 265 265 264 264 264 263 263 263 262 262 262 261 261 261 260 260 260 259 259 259 258 258 257 257 257 256 256 255 255
278 278 278 278 278 278 278 278 278 277 277 277 277 277 277 277 276 276 276 276 276 276 276 275 275 275 275 275 275 274 274 274 274 274 273 273 273 273 273 272 272 272 272 271 271 270 270 269 269 269 269 268 268 268 268 267 267 267 267 266 266 266 265 265 265 264 264 264 263 263 263 263 262 262 261 261 261 260 260 260 259 259 259 258 258 257 257 257 256 256 256 255 255 254
278 278 278 277 277 277 277 277 277 277 277 277 276 276 276 276 276 276 276 275 275 275 275 275 275 274 274 274 274 274 274 273 273 273 273 273 272 272 272 272 270 270 270 270 270 269 269 269 269 268 268 268 268 267 267 267 266 266 266 266 265 265 265 264 264 264 263 263 263 263 262 262 262 261 261 260 260 260 259 259 259 258 258 258 257 257 256 256 256 255 255 254 254 254
277 277 277 277 277 277 277 276 276 276 276 276 276 276 276 275 275 275 275 275 275 274 274 274 274 274 274 273 273 273 273 273 272 272 271 271 271 270 270 270 270 270 269 269 269 269 268 268 268 268 267 267 267 267 266 266 266 265 265 265 265 264 264 264 263 263 263 262 262 262 261 261 261 260 260 260 259 259 259 258 258 258 257 257 256 256 256 255 255 255 254 254 253 253
276 276 276 276 276 276 276 276 276 275 275 275 275 275 275 275 275 274 274 274 274 274 274 273 273 273 273 273 272 271 271 271 271 271 270 270 270 270 270 269 269 269 269 268 268 268 268 267 267 267 267 266 266 266 266 265 265 265 265 264 264 264 263 263 263 262 262 262 261 261 261 260 260 260 259 259 259 258 258 258 257 257 257 256 256 255 255 255 254 254 253 253 253 252
276 276 276 275 275 275 275 275 275 275 275 275 274 274 274 274 274 274 274 273 272 272 272 272 272 271 271 271 271 271 270 270 270 270 270 269 269 269 269 269 268 268 268 268 267 267 267 267 266 266 266 266 265 265 265 265 264 264 264 263 263 263 263 262 262 262 261 261 261 260 260 260 259 259 259 258 258 258 257 257 257 256 256 255 255 255 254 254 253 253 253 252 252 251
275 275 275 275 275 275 274 274 274 274 274 274 273 273 272 272 272 272 272 272 272 271 271 271 271 271 270 270 270 270 270 270 269 269 269 269 269 268 268 268 268 267 267 267 267 266 266 266 266 265 265 265 265 264 264 264 264 263 263 263 262 262 262 262 261 261 261 260 260 260 259 259 259 258 258 258 257 257 257 256 256 255 255 255 254 254 253 253 253 252 252 251 251 251
273 273 273 273 273 273 273 273 272 272 272 272 272 272 272 272 271 271 271 271 271 271 270 270 270 270 270 270 269 269 269 269 269 268 268 268 268 268 267 267 267 267 266 266 266 266 265 265 265 265 264 264 264 264 263 263 263 263 262 262 262 261 261 261 260 260 260 260 259 259 259 258 258 257 257 257 256 256 256 255 255 255 254 254 253 253 253 252 252 251 251 251 250 250
273 272 272 272 272 272 272 272 272 272 271 271 271 271 271 271 271 270 270 270 270 270 270 269 269 269 269 269 269 268 268 268 268 268 267 267 267 267 267 266 266 266 266 265 265 265 265 264 264 264 264 263 263 263 263 262 262 262 261 261 261 261 260 260 260 259 259 259 258 258 258 257 257 257 256 256 256 255 255 255 254 254 253 253 253 252 252 251 251 251 250 250 249 249
272 272 272 271 271 271 271 271 271 271 271 271 270 270 270 270 270 270 270 269 269 269 269 269 269 268 268 268 268 268 267 267 267 267 267 266 266 266 266 266 265 265 265 265 264 264 264 264 263 263 263 263 262 262 262 262 261 261 261 260 260 260 259 259 259 259 258 258 258 257 257 257 256 256 255 255 255 254 254 254 253 253 253 252 252 251 251 251 250 250 249 249 249 248
