testData/tiles/oneDegree/grid19.0-31.0-20.0-32.0.asc
ncols   200
nrows   200
xllcorner   19.0
yllcorner   31.0
cellsize   0.005
NODATA_value   -9999.0
[rows 126 to 167 of 200, columns 0 to 93 of 200]
610 610 610 610 610 609 609 609 609 609 609 608 608 489 489 489 488 488 488 488 488 487 487 487 487 487 487 487 487 487 487 486 486 486 486 485 485 485 485 484 484 484 484 507 506 506 506 506 505 505 505 504 504 504 505 504 504 504 504 503 503 503 503 503 503 503 502 502 502 502 502 502 501 501 501 500 500 501 501 500 500 500 499 499 499 498 499 498 498 498 497 497 497 496
610 610 610 610 610 610 490 490 490 490 490 490 489 489 489 489 489 488 488 488 488 488 487 487 488 488 488 487 487 487 487 487 486 486 486 486 485 485 485 485 484 484 484 484 506 506 506 506 505 505 505 505 504 504 504 504 504 504 504 503 503 503 503 503 503 503 502 502 502 502 501 502 502 501 501 501 500 500 500 500 500 500 499 499 499 498 498 498 498 498 498 497 497 497
492 492 491 491 491 491 491 490 490 490 490 490 490 489 489 489 489 489 488 488 488 488 488 488 488 488 488 488 487 487 487 487 486 486 486 486 486 485 485 485 485 484 484 484 484 506 506 506 506 505 505 505 505 504 504 504 503 504 504 504 503 503 503 503 503 503 503 502 502 502 501 501 502 501 501 501 501 500 500 500 500 500 500 499 499 499 498 498 498 498 498 497 498 498
492 492 492 491 491 491 491 491 490 490 490 490 490 490 489 489 489 489 489 488 488 488 489 489 488 488 488 488 488 487 487 487 487 486 486 486 486 485 485 485 485 485 484 484 484 484 506 506 506 506 505 505 505 504 504 504 504 503 504 504 504 503 503 503 502 502 503 503 502 502 502 501 501 501 501 501 501 500 500 500 499 499 500 499 499 499 498 498 498 497 498 499 498 498
492 492 492 492 491 491 491 491 491 490 490 490 490 490 490 489 489 489 489 489 489 489 489 489 489 488 488 488 488 487 487 487 487 487 486 486 486 486 485 485 485 485 484 484 484 484 483 506 506 506 505 505 505 505 504 504 504 504 503 503 504 503 503 503 503 502 502 503 502 502 502 501 501 501 501 501 501 501 500 500 500 499 499 499 499 499 499 498 498 499 498 498 497 498
492 492 492 492 492 491 491 491 491 491 490 490 490 490 490 490 489 489 489 490 490 489 489 489 489 489 488 488 488 488 487 487 487 487 487 486 486 486 486 485 485 485 485 484 484 484 484 483 506 506 506 505 505 505 505 504 504 504 503 503 503 504 503 503 503 502 502 502 502 502 502 502 501 501 501 500 500 501 500 500 500 499 499 499 498 499 499 499 499 499 498 498 498 497
492 492 492 492 492 491 491 491 491 491 491 490 490 490 490 490 489 489 490 490 490 489 489 489 489 489 488 488 488 488 488 487 487 487 487 486 486 486 486 486 485 485 485 485 484 484 484 484 483 506 506 506 505 505 505 504 504 504 504 503 503 503 503 503 503 503 502 502 502 501 502 502 502 501 501 501 500 500 500 500 500 500 499 499 499 499 499 500 499 499 499 498 498 498
493 492 492 492 492 492 491 491 491 491 491 491 490 490 490 490 490 490 490 490 490 490 489 489 489 489 489 488 488 488 488 488 487 487 487 487 486 486 486 486 485 485 485 485 485 484 484 484 483 483 483 506 505 505 505 505 504 504 504 504 503 503 503 502 503 503 503 502 502 502 501 501 502 501 501 501 500 500 500 500 500 500 500 499 500 500 499 499 498 499 499 498 498 498
493 492 492 492 492 492 492 491 491 491 491 491 491 490 490 491 491 491 490 490 490 490 490 489 489 489 489 489 488 488 488 488 487 487 487 487 487 486 486 486 486 485 485 485 485 484 484 484 484 483 483 483 506 505 505 505 505 504 504 504 503 503 503 503 502 502 503 502 502 502 502 501 501 501 501 501 501 500 500 500 499 499 501 500 500 500 499 499 499 498 498 499 498 498
493 493 492 492 492 492 492 492 491 491 491 491 491 491 491 491 491 491 491 490 490 490 490 490 489 489 489 489 489 488 488 488 488 487 487 487 487 487 486 486 486 486 485 485 485 485 484 484 484 484 483 483 483 506 505 505 505 504 504 504 504 503 503 503 502 502 502 503 502 502 502 501 501 501 500 501 501 501 500 500 501 500 500 501 500 500 500 499 499 498 498 498 498 498
493 493 493 492 492 492 492 492 492 491 491 491 491 492 492 491 491 491 491 491 490 490 490 490 490 489 489 489 489 488 488 488 488 488 487 487 487 487 486 486 486 486 486 485 485 485 485 484 484 484 483 483 483 483 505 505 505 505 504 504 504 504 503 503 503 502 502 502 501 502 502 502 501 501 501 500 500 501 500 501 501 500 500 500 499 500 500 499 499 499 498 498 498 497
493 493 493 493 492 492 492 492 492 492 491 491 492 492 492 491 491 491 491 491 491 490 490 490 490 490 489 489 489 489 488 488 488 488 488 487 487 487 487 486 486 486 486 485 485 485 485 484 484 484 484 483 483 483 483 505 505 505 505 504 504 504 503 503 503 503 502 502 502 501 502 502 501 501 501 501 500 501 502 501 501 501 500 500 500 499 499 500 499 499 499 498 498 497
493 493 493 493 493 492 492 492 492 492 492 492 492 492 492 492 491 491 491 491 491 490 490 490 490 490 489 489 489 489 489 488 488 488 488 487 487 487 487 487 486 486 486 486 485 485 485 485 484 484 484 484 483 483 483 483 505 505 505 504 504 504 504 503 503 503 502 502 502 502 501 501 502 501 501 501 501 501 501 500 501 501 500 500 500 499 499 499 498 499 499 498 498 498
493 493 493 493 493 493 492 492 492 492 493 493 492 492 492 492 492 491 491 491 491 491 490 490 490 490 490 489 489 489 489 489 488 488 488 488 487 487 487 487 486 486 486 486 486 485 485 485 485 484 484 484 483 483 483 483 482 482 505 505 504 504 504 503 503 503 503 502 502 502 501 501 501 500 502 502 502 501 501 501 500 500 501 500 500 500 499 499 499 498 499 499 498 498
494 493 493 493 493 493 493 492 493 493 493 493 493 492 492 492 492 492 491 491 491 491 491 490 490 490 490 490 489 489 489 489 488 488 488 488 488 487 487 487 487 486 486 486 486 485 485 485 485 484 484 484 484 483 483 483 483 482 482 505 504 504 504 504 503 503 503 502 502 502 502 501 502 502 501 502 502 501 501 501 500 500 500 499 500 500 499 499 499 498 498 498 498 498
494 494 493 493 493 493 493 494 493 493 493 493 493 493 492 492 492 492 492 491 491 491 491 491 490 490 490 490 490 489 489 489 489 488 488 488 488 488 487 487 487 487 486 486 486 486 485 485 485 485 484 484 484 484 483 483 483 482 482 482 505 504 504 504 504 503 503 503 502 502 502 502 502 502 502 501 501 502 501 501 501 500 500 500 499 500 500 499 499 499 498 498 498 497
494 494 494 493 493 493 494 494 494 493 493 493 493 493 492 492 492 492 492 492 491 491 491 491 491 490 490 490 490 489 489 489 489 489 488 488 488 488 487 487 487 487 486 486 486 486 486 485 485 485 484 484 484 484 483 483 483 483 482 482 482 505 504 504 504 503 503 503 503 503 503 503 502 502 502 501 501 501 500 501 501 500 500 500 499 499 499 499 499 499 498 498 498 497
494 494 494 494 493 494 494 494 494 494 493 493 493 493 493 492 492 492 492 492 491 491 491 491 491 490 490 490 490 490 489 489 489 489 489 488 488 488 488 487 487 487 487 486 486 486 486 485 485 485 485 484 484 484 484 483 483 483 483 482 482 482 481 504 504 504 503 503 504 503 503 503 502 502 502 502 501 501 501 500 501 501 500 500 500 499 499 499 498 499 499 498 498 498
494 494 494 494 495 494 494 494 494 494 494 493 493 493 493 493 492 492 492 492 492 491 491 491 491 491 490 490 490 490 490 489 489 489 489 488 488 488 488 488 487 487 487 487 486 486 486 486 485 485 485 485 484 484 484 483 483 483 483 482 482 482 482 481 504 504 504 504 504 504 503 503 503 502 502 502 501 501 501 500 500 500 500 500 500 499 499 499 498 498 498 498 498 498
494 494 494 495 495 495 494 494 494 494 494 493 493 493 493 493 493 492 492 492 492 492 491 491 491 491 491 490 490 490 490 489 489 489 489 489 488 488 488 488 487 487 487 487 486 486 486 486 485 485 485 485 484 484 484 484 483 483 483 483 482 482 482 481 481 505 505 504 504 504 503 503 503 502 502 502 502 501 501 501 500 500 500 499 500 500 499 499 499 498 498 498 498 498
495 494 495 495 495 495 495 494 494 494 494 494 493 493 493 493 493 493 492 492 492 492 492 491 491 491 491 490 490 490 490 490 489 489 489 489 489 488 488 488 488 487 487 487 487 486 486 486 486 485 485 485 485 484 484 484 484 483 483 483 482 482 482 482 482 482 482 504 504 504 504 503 503 503 502 502 502 501 501 501 500 500 500 499 499 499 499 499 499 498 498 498 497 497
496 496 495 495 495 495 495 494 494 494 494 494 494 493 493 493 493 493 492 492 492 492 492 491 491 491 491 491 490 490 490 490 490 489 489 489 489 488 488 488 488 488 487 487 487 487 486 486 486 486 485 485 485 485 484 484 484 483 483 483 483 482 483 483 482 482 482 482 504 504 504 503 503 503 503 502 502 502 501 501 501 500 500 500 499 499 499 499 499 499 498 498 498 497
496 496 495 495 495 495 495 495 494 494 494 494 494 494 493 493 493 493 493 492 492 492 492 492 491 491 491 491 491 490 490 490 490 490 489 489 489 489 488 488 488 488 487 487 487 487 486 486 486 486 485 485 485 485 484 484 484 484 483 483 483 483 483 483 483 482 482 482 481 504 504 504 503 503 503 502 502 502 501 501 501 500 500 500 499 499 499 498 498 499 498 498 498 497
496 496 496 495 495 495 495 495 495 494 494 494 494 494 494 493 493 493 493 493 492 492 492 492 492 491 491 491 491 491 490 490 490 490 489 489 489 489 489 488 488 488 488 487 487 487 487 486 486 486 486 485 485 485 485 484 484 484 483 484 484 484 483 483 483 483 482 482 482 481 481 504 503 503 503 503 502 502 502 501 501 501 500 500 500 499 499 499 498 498 498 498 498 498
496 496 496 496 495 495 495 495 495 495 494 494 494 494 494 493 493 493 493 493 493 492 492 492 492 492 491 491 491 491 490 490 490 490 490 489 489 489 489 488 488 488 488 487 487 487 487 487 486 486 486 485 485 485 485 484 484 484 485 484 484 484 484 483 483 483 482 482 482 482 481 481 504 503 503 503 502 502 502 501 501 501 500 500 500 499 499 499 498 498 498 497 497 499
496 496 496 496 496 495 495 495 495 495 495 494 494 494 494 494 493 493 493 493 493 492 492 492 492 492 491 491 491 491 491 490 490 490 490 490 489 489 489 489 488 488 488 488 487 487 487 487 486 486 486 486 485 485 485 485 484 485 485 485 484 484 484 483 483 483 483 482 482 482 481 481 481 503 503 503 503 502 502 502 501 501 501 500 500 500 499 499 499 498 498 499 498 498
496 496 496 496 496 496 495 495 495 495 495 495 494 494 494 494 494 493 493 493 493 493 492 492 492 492 492 491 491 491 491 491 490 490 490 490 489 489 489 489 489 488 488 488 488 487 487 487 487 486 486 486 486 485 485 486 485 485 485 485 484 484 484 484 483 483 483 482 482 482 482 481 481 481 480 503 503 502 502 502 501 501 501 500 500 500 499 499 499 498 499 499 498 498
497 496 496 496 496 496 496 495 495 495 495 495 494 494 494 494 494 494 493 493 493 493 493 492 492 492 492 492 491 491 491 491 490 490 490 490 490 489 489 489 489 488 488 488 488 487 487 487 487 486 486 486 486 485 486 486 486 485 485 485 485 484 484 484 483 483 483 483 482 482 482 481 481 481 480 480 503 503 502 502 502 501 501 501 500 500 500 499 500 500 499 499 499 498
497 497 496 496 496 496 496 496 495 495 495 495 495 494 494 494 494 494 493 493 493 493 493 493 492 492 492 492 491 491 491 491 491 490 490 490 490 489 489 489 489 489 488 488 488 488 487 487 487 487 486 486 487 487 486 486 486 486 485 485 485 484 484 484 484 483 483 483 482 482 482 482 481 481 481 480 480 480 502 502 502 501 501 501 500 500 501 500 500 500 499 499 499 498
497 497 496 496 496 496 496 496 495 495 495 495 495 495 494 494 494 494 494 493 493 493 493 493 492 492 492 492 492 491 491 491 491 491 490 490 490 490 489 489 489 489 488 488 488 488 487 487 487 487 486 487 487 487 486 486 486 486 485 485 485 485 484 484 484 483 483 483 483 482 482 482 481 481 481 480 480 480 480 502 502 502 501 501 501 501 501 501 500 500 500 499 499 498
497 497 497 496 496 496 496 496 496 495 495 495 495 495 495 494 494 494 494 494 493 493 493 493 493 492 492 492 492 492 491 491 491 491 490 490 490 490 490 489 489 489 489 488 488 488 488 487 487 487 488 487 487 487 487 486 486 486 486 485 485 485 484 484 484 484 483 483 483 482 482 482 482 481 481 481 480 480 480 479 479 502 501 502 502 501 501 501 500 500 500 499 499 499
497 497 497 497 496 496 496 496 496 496 495 495 495 495 495 494 494 494 494 494 494 493 493 493 493 493 492 492 492 492 491 491 491 491 491 490 490 490 490 489 489 489 489 489 488 488 488 488 487 488 488 488 487 487 487 486 486 486 486 485 485 485 485 484 484 484 483 483 483 483 482 482 482 481 481 481 480 480 480 480 479 479 503 502 502 502 501 501 501 500 500 500 499 499
497 497 497 497 497 496 496 496 496 496 496 495 495 495 495 495 494 494 494 494 494 493 493 493 493 493 492 492 492 492 492 491 491 491 491 491 490 490 490 490 489 489 489 489 488 488 488 489 488 488 488 488 487 487 487 487 486 486 486 486 485 485 485 484 484 484 484 483 483 483 482 482 482 482 481 481 481 480 480 480 480 480 480 479 502 502 501 501 501 500 500 500 499 499
497 497 497 497 497 497 496 496 496 496 496 495 495 495 495 495 495 494 494 494 494 494 493 493 493 493 493 492 492 492 492 492 491 491 491 491 490 490 490 490 490 489 489 489 489 488 489 489 489 488 488 488 488 487 487 487 487 486 486 486 485 485 485 485 484 484 484 483 483 483 483 482 482 482 481 481 481 480 480 481 480 480 480 480 479 502 502 501 501 501 500 500 499 499
497 497 497 497 497 497 496 496 496 496 496 496 495 495 495 495 495 495 494 494 494 494 494 493 493 493 493 493 492 492 492 492 491 491 491 491 491 490 490 490 490 489 489 489 489 489 489 489 489 488 488 488 488 487 487 487 487 486 486 486 486 485 485 485 484 484 484 484 483 483 483 482 482 482 482 481 481 482 481 481 481 480 480 480 479 479 479 501 501 501 500 500 500 499
498 497 497 497 497 497 497 496 496 496 496 496 496 495 495 495 495 495 494 494 494 494 494 493 493 493 493 493 492 492 492 492 492 491 491 491 491 490 490 490 490 490 489 490 490 490 489 489 489 489 488 488 488 488 487 487 487 487 486 486 486 485 485 485 485 484 484 484 483 483 483 483 482 482 482 481 482 482 481 481 481 480 480 480 479 479 479 478 478 501 500 500 500 499
498 498 497 497 497 497 497 497 496 496 496 496 496 496 495 495 495 495 495 494 494 494 494 494 493 493 493 493 493 492 492 492 492 492 491 491 491 491 490 490 490 490 490 490 490 490 489 489 489 489 488 488 488 488 487 487 487 487 486 486 486 486 485 485 485 484 484 484 484 483 483 483 482 482 483 482 482 482 482 481 481 481 480 480 480 479 479 479 478 478 501 500 500 500
498 498 498 497 497 497 497 497 497 496 496 496 496 496 495 495 495 495 495 495 494 494 494 494 494 493 493 493 493 493 492 492 492 492 491 491 491 491 491 490 490 491 491 490 490 490 490 489 489 489 489 488 488 488 488 487 487 487 487 486 486 486 485 485 485 485 484 484 484 483 483 483 483 483 483 483 482 482 482 481 481 481 480 480 480 479 479 479 478 478 478 477 500 500
498 498 498 498 497 497 497 497 497 497 496 496 496 496 496 495 495 495 495 495 494 494 494 494 494 493 493 493 493 493 492 492 492 492 492 491 491 491 491 490 491 491 491 490 490 490 490 490 489 489 489 489 488 488 488 487 487 487 487 486 486 486 486 485 485 485 484 484 484 484 483 484 484 483 483 483 482 482 482 482 481 481 481 480 480 480 479 479 479 478 478 478 477 477
498 498 498 498 497 497 497 497 497 497 496 496 496 496 496 496 495 495 495 495 495 494 494 494 494 494 493 493 493 493 493 492 492 492 492 491 491 491 491 492 491 491 491 491 490 490 490 490 489 489 489 489 488 488 488 488 487 487 487 487 486 486 486 485 485 485 485 484 484 484 484 484 484 484 483 483 483 482 482 482 481 481 481 480 480 480 479 479 479 478 478 478 477 477
498 498 498 498 498 497 497 497 497 497 497 496 496 496 496 496 495 495 495 495 495 495 494 494 494 494 494 493 493 493 493 492 492 492 492 492 491 492 492 492 491 491 491 491 491 490 490 490 490 489 489 489 489 488 488 488 487 487 487 487 486 486 486 486 485 485 485 484 484 485 485 484 484 484 483 483 483 482 482 482 481 481 481 481 480 480 480 479 479 479 478 478 478 477
498 498 498 498 498 498 497 497 497 497 497 497 496 496 496 496 496 495 495 495 495 495 494 494 494 494 494 493 493 493 493 493 492 492 492 492 492 492 492 492 492 491 491 491 491 490 490 490 490 489 489 489 489 488 488 488 488 487 487 487 487 486 486 486 485 485 485 486 485 485 485 484 484 484 483 483 483 483 482 482 482 481 481 481 480 480 480 479 479 479 478 478 478 477
