testData/tiles/oneDegree/grid18.0-12.0-19.0-13.0.asc
ncols   200
nrows   200
xllcorner   18.0
yllcorner   12.0
cellsize   0.005
NODATA_value   -9999.0
[rows 84 to 125 of 200, columns 94 to 187 of 200]
558 559 561 561 563 564 566 566 568 569 570 572 573 574 575 576 577 579 580 581 583 583 584 586 587 588 588 591 591 591 593 594 596 596 596 599 599 600 601 603 603 604 605 605 607 608 608 609 610 611 611 613 614 614 615 616 616 617 618 620 620 620 622 622 623 623 624 625 625 626 627 627 628 628 630 630 697 698 698 699 700 700 701 701 702 703 703 704 704 705 705 705 705 706
558 560 560 563 563 565 566 568 568 570 571 571 574 574 576 577 579 579 580 582 582 585 585 585 587 588 590 590 592 593 593 594 596 597 597 599 600 600 602 602 603 605 605 606 607 608 608 610 611 611 613 613 614 615 616 617 617 619 619 619 620 621 622 623 623 625 625 625 626 627 628 628 628 630 630 698 698 698 700 700 700 701 701 703 703 703 703 703 704 705 705 706 706 707
559 560 562 563 564 565 566 568 569 570 572 573 573 576 576 577 579 580 581 582 584 584 585 587 588 588 590 591 592 593 594 596 596 596 599 599 600 601 602 603 604 605 605 608 608 608 610 610 611 613 613 614 614 616 616 616 619 619 620 620 621 622 622 623 624 624 625 625 627 627 628 629 630 630 698 698 699 700 700 700 700 700 702 702 703 703 703 705 705 705 706 706 708 707
560 560 562 563 565 565 568 568 570 571 572 574 574 576 577 578 579 581 582 582 584 585 586 587 588 590 590 592 593 593 595 596 597 598 598 600 601 602 602 604 605 605 607 607 608 610 610 611 611 613 613 614 616 616 617 617 618 619 619 622 622 622 623 624 625 625 625 627 627 628 628 629 630 630 697 698 699 700 700 700 702 702 702 703 703 705 705 705 706 706 705 707 707 708
560 561 563 564 565 567 567 569 570 571 573 573 575 576 578 578 580 581 581 584 584 585 587 588 589 590 591 592 593 594 595 596 597 599 599 601 601 602 604 604 605 606 607 608 608 610 610 611 613 613 614 615 615 616 617 619 619 619 621 621 622 622 623 625 625 626 627 627 628 628 630 630 630 698 698 699 700 700 701 702 702 703 703 703 705 705 705 705 705 706 707 707 708 708
560 562 562 565 565 567 568 569 571 572 573 575 576 576 578 579 580 582 582 583 585 586 587 588 590 590 591 593 593 595 596 597 598 598 600 601 602 602 603 605 605 607 607 608 610 610 611 612 612 614 615 616 616 616 618 618 620 620 621 622 622 624 624 624 625 626 627 627 627 628 630 631 698 698 700 700 700 701 702 702 702 702 703 704 704 705 705 706 707 707 708 708 708 708
561 562 564 564 567 567 569 570 570 573 573 575 576 578 578 579 581 581 584 584 586 587 587 589 589 591 592 593 595 595 596 597 599 599 600 601 602 604 604 604 607 607 608 609 610 611 612 613 613 614 615 616 617 618 619 619 619 621 621 623 623 624 625 625 625 627 627 628 628 629 630 697 698 699 699 700 700 701 702 702 703 703 704 705 705 705 706 707 708 708 707 708 708 709
562 562 564 565 566 568 569 570 572 573 574 575 576 578 579 580 582 583 583 585 586 587 588 590 590 591 593 593 595 596 597 598 598 601 601 601 603 604 605 606 607 607 609 610 610 611 612 613 614 615 616 616 617 618 619 620 621 621 622 622 624 624 624 626 627 627 628 628 630 630 697 698 699 700 700 700 701 702 702 703 703 705 705 705 706 706 706 707 707 708 708 708 710 710
561 564 564 566 567 569 570 571 572 573 575 575 578 578 579 581 581 583 584 585 586 587 589 589 592 592 592 595 595 596 597 598 599 600 601 602 604 604 604 607 607 608 609 609 611 612 613 613 614 616 616 617 618 618 619 620 622 622 622 624 624 625 625 626 627 627 627 629 629 697 698 699 700 700 701 701 702 703 703 702 704 704 705 705 705 707 707 707 708 708 708 710 710 710
562 563 565 566 567 569 570 572 572 574 575 577 577 579 580 580 583 583 584 586 587 588 589 590 591 593 594 594 595 597 598 598 601 601 601 603 604 605 606 606 607 609 610 610 611 612 613 614 615 615 616 617 619 619 620 621 621 622 623 623 625 625 627 627 627 628 629 630 697 697 699 699 699 700 700 702 702 702 703 704 704 705 705 706 707 707 708 708 708 709 709 709 710 710
563 564 566 567 568 569 571 572 572 575 575 577 578 579 581 581 583 584 585 586 587 589 589 591 592 592 594 595 596 597 598 600 600 601 603 603 604 605 607 607 608 609 610 611 612 612 613 614 616 616 617 618 618 619 621 621 622 623 624 624 624 626 626 628 628 629 630 630 698 699 699 700 700 700 702 702 703 703 704 705 705 705 706 707 707 708 707 708 709 709 710 710 710 711
563 564 566 567 568 570 571 572 574 574 577 577 578 580 580 583 583 584 586 586 588 589 590 591 592 594 594 595 597 598 598 599 601 601 603 604 605 606 606 607 609 610 610 611 613 613 615 615 615 616 618 619 619 620 621 621 621 624 624 625 626 626 627 627 629 629 629 697 697 700 700 700 701 702 702 703 703 705 705 705 705 705 706 707 707 707 708 709 710 710 710 711 710 711
563 566 566 568 569 570 572 572 575 575 576 578 579 580 581 582 583 585 586 587 589 589 590 592 592 594 595 596 597 598 600 600 601 603 603 604 605 607 607 608 609 610 612 612 612 614 615 616 616 617 618 618 621 621 621 622 623 624 624 624 627 627 627 628 629 630 697 697 699 699 700 700 701 702 702 702 703 704 705 705 705 707 707 707 708 708 709 710 710 710 710 710 712 712
564 565 567 568 569 571 571 574 574 576 577 577 580 580 582 583 585 585 586 588 588 591 591 591 594 594 595 597 598 598 599 601 602 603 604 605 606 606 609 609 609 610 611 613 613 614 615 615 618 618 618 619 620 621 622 623 624 624 625 626 626 627 627 629 630 697 698 699 699 700 700 702 702 702 703 703 704 705 705 705 707 707 708 708 708 710 709 709 710 710 710 712 712 713
564 566 567 569 570 571 572 573 575 576 577 579 580 582 582 583 585 586 587 588 589 590 592 592 594 595 596 597 597 600 600 600 603 603 604 605 606 607 608 609 610 611 612 612 614 615 615 617 617 618 619 620 621 621 623 623 623 625 626 627 627 627 629 629 696 697 698 699 699 700 702 702 702 703 703 705 705 705 706 706 706 707 707 708 708 709 710 710 710 711 712 712 712 712
565 566 568 568 571 571 573 574 576 577 577 579 580 582 582 584 585 586 588 588 591 591 591 594 594 595 596 597 599 599 601 602 602 603 605 606 606 609 609 609 611 611 613 614 614 615 616 617 618 618 620 620 621 622 623 624 624 624 626 626 628 629 629 630 697 698 699 699 700 700 701 702 702 702 704 704 705 705 705 707 707 707 708 708 710 710 710 711 711 711 712 712 712 713
565 567 568 570 570 572 573 574 576 577 579 579 581 582 583 584 586 587 587 589 590 591 593 593 594 596 597 597 599 600 600 603 603 604 605 606 607 608 609 610 611 612 612 615 615 615 617 617 619 619 620 621 621 622 623 624 625 626 626 627 627 629 629 696 698 699 699 700 700 702 702 702 703 704 704 705 705 706 707 707 708 708 708 710 710 709 710 710 712 712 712 713 713 713
565 567 568 570 571 573 573 575 576 577 579 579 582 582 584 585 585 588 588 589 591 591 593 594 595 596 597 599 599 601 602 602 603 605 606 606 608 609 609 611 611 612 614 614 615 616 617 618 618 620 621 621 623 623 623 624 625 627 627 627 629 629 697 697 698 699 699 699 701 702 703 703 704 705 705 705 706 707 708 708 707 708 709 709 710 710 710 712 712 713 713 713 713 714
567 568 569 570 571 573 574 575 577 578 579 581 581 583 584 584 587 587 589 590 591 593 593 594 596 597 597 599 600 600 602 603 604 605 606 608 608 608 611 611 612 612 614 615 615 617 617 618 620 620 621 621 622 624 624 626 626 626 627 628 629 697 697 699 699 699 700 701 701 702 702 703 704 704 705 705 706 707 707 708 708 709 710 710 710 711 712 712 713 712 712 713 714 715
567 567 570 570 573 573 575 576 576 579 579 581 582 583 585 585 587 588 589 590 591 593 594 594 596 597 599 599 599 602 602 603 605 605 606 607 609 609 610 612 612 614 614 614 617 617 618 618 619 621 621 623 623 623 624 626 627 627 627 629 629 696 698 698 700 700 700 702 702 702 703 704 705 705 705 707 707 707 708 708 709 710 710 711 711 711 712 712 712 713 713 714 715 715
567 568 569 571 572 574 575 575 578 578 581 581 582 584 584 587 587 588 590 590 592 593 594 595 596 597 598 600 601 601 603 604 605 606 608 608 608 611 611 612 613 614 615 615 616 617 618 620 620 620 621 623 624 624 625 626 626 628 629 629 697 697 698 699 699 700 701 701 702 703 704 705 705 706 706 707 708 708 708 710 709 709 710 710 712 712 712 713 713 713 715 715 714 715
567 569 570 571 573 574 576 576 578 579 580 582 583 584 585 586 588 589 590 591 592 593 594 596 596 599 599 599 602 602 603 605 605 606 607 609 609 610 611 612 614 614 614 617 617 618 619 620 621 621 622 623 623 625 626 626 627 628 629 696 697 699 699 699 700 701 702 702 702 704 704 704 705 705 707 707 707 708 708 709 710 710 710 711 712 712 713 713 714 714 714 715 715 715
568 569 570 572 573 575 575 578 578 579 581 581 584 584 586 587 587 589 590 592 593 594 595 596 597 598 600 601 601 603 604 605 605 607 608 608 611 611 611 613 614 615 615 616 618 618 620 620 620 623 623 623 624 625 626 627 627 629 696 697 698 698 699 699 700 702 702 703 703 704 705 705 705 707 707 707 708 708 710 710 710 711 711 712 713 712 712 713 714 714 715 715 716 716
568 570 571 572 573 575 576 577 578 580 581 583 583 584 586 587 589 590 590 592 593 593 596 596 598 599 599 602 602 602 604 605 606 607 608 609 610 611 612 613 614 614 617 617 617 619 620 621 621 622 623 624 625 626 626 627 628 628 697 697 699 699 699 700 701 701 702 702 704 705 705 706 707 707 708 708 708 710 710 711 710 710 712 712 712 713 713 714 715 715 715 715 715 716
569 570 571 572 574 575 577 578 578 580 581 583 584 586 586 587 589 590 592 592 593 595 595 597 598 598 601 601 602 604 604 605 607 608 608 610 611 611 613 614 614 616 616 618 618 619 620 620 623 623 623 624 625 626 627 628 629 696 696 698 699 700 700 701 702 702 702 704 704 704 705 705 707 707 707 708 709 709 710 710 710 712 712 713 713 713 715 715 715 715 715 715 717 717
569 570 572 572 574 575 577 578 580 581 581 583 584 586 587 588 589 590 591 593 593 595 596 597 599 599 601 602 602 604 605 606 607 608 609 610 611 612 613 614 614 616 617 617 619 620 620 621 622 623 624 625 626 626 626 629 696 697 697 698 699 699 700 701 702 703 703 704 705 705 705 707 707 708 708 708 710 710 710 711 712 712 713 713 713 713 714 715 715 715 716 717 717 718
569 571 571 574 574 576 577 578 580 580 583 583 584 586 587 589 589 591 592 592 595 595 597 598 598 600 601 602 604 604 605 607 608 608 609 611 611 613 614 614 616 616 617 618 619 620 621 622 623 623 624 626 626 627 628 628 696 696 699 699 699 700 701 701 702 702 704 704 704 706 707 707 708 708 709 710 710 711 711 711 712 712 712 713 713 714 715 715 715 716 717 717 717 717
569 572 572 573 575 576 578 579 580 581 582 584 585 587 587 588 590 591 593 593 594 596 597 598 599 600 601 602 604 604 605 607 607 609 610 610 612 613 614 614 616 617 617 619 620 620 621 622 623 624 625 626 626 627 629 696 696 698 698 699 699 701 702 702 702 704 704 705 705 705 707 707 707 708 709 709 710 710 711 712 712 713 713 713 715 715 715 716 715 716 717 717 717 718
571 571 572 574 574 577 577 580 580 583 583 583 586 586 589 589 589 592 592 595 595 595 598 598 599 601 601 603 604 605 606 607 608 609 611 611 612 614 614 616 616 617 618 619 620 621 622 623 623 623 626 626 627 628 695 696 697 698 699 699 700 701 701 702 703 704 705 705 706 707 707 708 708 708 710 710 710 711 712 713 713 713 714 715 715 715 715 715 716 717 717 718 718 717
570 572 573 574 576 577 578 579 581 582 583 585 585 587 588 590 591 591 593 594 595 597 597 599 600 601 602 603 604 605 607 607 608 610 610 612 613 613 614 616 617 617 618 620 620 621 622 623 624 625 625 626 627 629 696 696 698 698 699 700 701 702 702 702 704 704 704 705 706 708 708 708 709 710 710 711 711 711 713 713 712 713 713 715 715 715 716 716 717 718 718 717 718 718
571 572 573 574 576 577 579 580 580 583 583 585 586 587 589 589 591 592 594 595 595 597 598 599 600 601 602 604 605 606 607 608 609 610 611 612 613 614 615 616 617 618 619 619 621 622 623 623 624 626 626 626 628 695 697 697 698 699 699 699 701 702 703 703 704 705 705 705 707 707 707 708 709 710 710 710 711 712 712 713 713 713 715 715 715 716 716 717 717 717 718 718 718 720
571 572 574 574 576 577 579 580 582 582 583 585 586 588 589 591 591 592 594 595 596 597 598 600 601 601 603 604 604 607 607 607 610 610 611 613 613 614 616 616 617 618 620 620 620 622 623 624 625 625 627 627 695 696 696 698 699 699 700 701 701 702 702 704 705 705 706 707 707 708 708 708 710 710 711 711 712 713 713 713 714 715 715 716 716 715 717 717 717 718 718 718 720 719
571 573 573 576 576 578 579 580 582 583 585 585 586 588 589 591 592 592 594 595 597 597 598 600 601 602 603 604 605 606 608 609 609 611 612 613 614 614 616 617 617 619 619 621 622 622 623 625 626 626 626 628 696 696 697 698 699 699 700 702 702 702 703 704 705 705 705 707 707 708 709 710 710 711 711 711 713 713 714 714 713 715 715 715 716 716 717 718 718 718 719 719 719 720
571 573 574 575 577 578 580 581 582 583 585 586 587 588 589 591 592 593 594 595 597 598 598 600 601 603 604 604 606 607 607 610 610 610 613 613 614 616 616 617 618 620 620 620 622 623 623 625 625 627 627 695 696 696 698 699 699 700 701 701 702 703 704 705 705 705 707 707 708 708 708 710 710 710 711 712 712 713 713 713 715 715 716 716 716 718 718 718 718 718 718 720 720 720
572 573 574 576 576 579 579 582 582 584 585 585 588 588 590 591 592 594 594 596 597 598 600 600 601 603 603 605 606 607 608 609 611 611 612 614 614 616 616 617 619 619 621 622 622 623 624 625 626 626 695 696 696 697 698 698 700 700 702 702 702 704 704 704 706 706 707 708 708 709 710 710 711 711 711 713 713 713 714 715 715 716 716 716 718 717 717 718 718 719 720 720 721 720
572 573 575 576 578 578 580 581 583 584 586 586 587 589 590 592 592 594 595 596 598 598 600 601 601 604 604 605 607 607 608 610 610 612 613 613 615 616 617 618 619 620 620 622 623 623 625 625 626 627 695 696 696 698 699 699 699 701 701 703 703 704 705 705 705 707 707 707 708 710 710 711 711 712 713 713 714 714 714 716 715 715 716 716 717 718 718 718 719 720 719 720 720 720
572 573 575 576 578 579 581 582 582 585 585 587 588 588 591 591 594 594 594 597 597 600 600 600 603 603 605 606 606 608 609 610 611 612 613 614 615 616 617 619 619 619 622 622 623 624 625 626 626 694 696 696 697 698 698 700 700 701 702 702 703 705 705 706 706 707 708 708 708 710 710 710 711 712 713 713 713 714 715 715 716 716 716 718 718 718 719 719 718 720 720 720 721 721
573 573 576 576 578 579 581 582 584 584 586 587 588 590 590 592 593 595 596 596 598 599 601 601 602 604 604 607 607 608 610 610 612 613 613 615 616 616 617 619 620 620 621 623 623 625 625 626 627 695 695 697 698 699 699 699 701 702 702 703 704 704 705 705 708 708 708 709 710 710 711 711 711 713 713 713 714 714 716 716 716 717 717 718 719 718 718 719 720 720 721 721 720 721
572 575 575 577 578 579 581 582 584 585 585 587 588 590 591 592 594 594 597 597 597 600 600 603 603 603 606 606 607 609 609 611 612 613 614 615 616 617 618 619 619 622 622 622 624 625 626 626 695 696 696 696 698 699 699 700 701 702 702 703 705 705 705 706 707 708 708 708 710 711 711 712 713 713 714 714 714 716 716 716 716 716 717 718 718 718 719 720 721 721 720 721 721 722
573 574 576 577 579 580 581 582 584 585 587 587 588 590 591 593 593 595 596 597 599 599 601 602 603 604 605 607 607 609 610 610 612 613 614 615 616 617 618 619 620 621 623 623 624 625 626 627 695 695 697 698 698 699 699 701 702 702 703 704 704 706 706 707 708 708 708 710 710 711 711 711 713 713 713 714 715 715 716 716 716 718 718 718 719 719 719 721 720 720 721 721 722 723
573 575 575 578 578 581 581 583 584 585 587 587 590 590 591 593 594 596 597 597 599 600 601 603 603 604 606 606 609 609 610 612 612 613 615 616 616 618 619 619 620 622 622 623 625 625 626 695 695 696 696 698 699 699 700 701 701 703 703 705 705 705 706 707 708 709 709 710 711 711 711 713 713 714 714 714 716 716 716 717 717 718 719 719 719 719 720 720 721 721 721 722 722 722
574 575 576 578 579 580 582 583 585 585 586 588 589 591 591 593 594 596 597 597 599 600 602 603 604 605 606 607 608 609 610 612 613 613 615 616 617 618 619 620 621 622 623 623 625 626 693 695 695 696 697 698 699 700 701 702 702 702 704 705 706 706 707 708 708 708 710 710 710 712 712 713 714 714 714 716 716 717 717 717 718 718 718 719 719 719 721 721 721 722 721 722 723 723
