testData/tiles/oneDegree/grid49.0-31.0-50.0-32.0.asc
ncols   200
nrows   200
xllcorner   49.0
yllcorner   31.0
cellsize   0.005
NODATA_value   -9999.0
[rows 42 to 83 of 200, columns 94 to 187 of 200]
307 308 308 308 308 309 309 309 309 310 310 309 309 309 310 310 310 310 311 311 311 310 310 311 311 311 311 311 312 312 311 311 311 312 312 312 312 312 312 312 312 312 312 312 313 313 312 312 312 312 313 313 313 313 313 349 349 350 350 350 350 350 350 350 350 351 351 351 351 351 351 351 351 351 352 352 352 352 352 352 352 352 352 352 352 352 352 352 352 353 353 353 353 353
309 309 308 308 309 309 309 309 310 310 310 310 311 310 310 310 310 311 311 311 311 311 312 311 311 311 312 312 312 312 312 313 312 312 312 312 312 313 313 313 312 312 313 313 313 313 313 313 313 313 313 313 313 349 349 350 350 350 350 350 350 350 351 351 351 351 351 351 351 351 351 352 352 352 352 352 352 352 352 352 352 352 352 353 353 353 353 353 353 353 353 353 353 353
309 309 309 310 310 309 309 310 310 310 310 311 311 311 311 311 311 311 311 311 312 312 312 312 312 312 312 312 312 312 313 313 313 313 312 313 313 313 313 313 314 314 313 313 313 313 314 314 314 313 313 349 349 350 350 350 350 350 350 350 351 351 351 351 351 351 351 351 352 352 352 352 352 352 352 352 352 352 353 353 353 353 353 353 353 353 353 353 353 353 353 353 353 353
309 309 310 310 310 310 311 310 310 310 311 311 311 311 311 312 312 312 311 312 312 312 312 312 313 313 313 312 312 313 313 313 313 313 314 314 313 313 313 314 314 314 314 314 313 314 314 314 314 314 350 350 350 350 350 350 350 351 351 351 351 351 351 351 351 352 352 352 352 352 352 352 352 352 353 353 353 353 353 353 353 353 353 353 353 353 353 353 354 354 354 354 354 354
309 310 310 310 310 311 311 311 311 312 311 311 311 311 312 312 312 312 313 313 312 312 312 313 313 313 313 314 314 313 313 313 314 314 314 314 314 314 314 314 314 314 314 315 315 314 314 314 350 351 351 351 351 350 350 351 351 351 351 351 351 351 352 352 352 352 352 352 352 352 352 353 353 353 353 353 353 353 353 353 353 353 353 354 354 354 354 354 354 354 354 354 354 354
311 310 310 310 311 311 311 311 312 312 312 312 312 312 312 312 312 313 313 313 313 314 313 313 313 313 314 314 314 314 314 314 314 314 314 314 315 315 315 314 314 315 315 315 315 315 315 351 351 351 351 351 351 352 351 351 351 351 351 351 352 352 352 352 352 352 352 352 353 353 353 353 353 353 353 353 353 353 354 354 354 354 354 354 354 354 354 354 354 354 354 354 354 354
311 311 311 311 311 311 311 312 312 312 312 313 313 313 312 312 313 313 313 313 314 314 314 314 313 314 314 314 314 315 315 315 315 314 315 315 315 315 315 315 316 315 315 315 315 352 352 352 351 351 351 352 352 352 352 352 351 351 352 352 352 352 352 352 352 353 353 353 353 353 353 353 353 353 354 354 354 354 354 354 354 354 354 354 354 354 354 354 355 355 355 355 355 355
311 311 312 312 312 311 312 312 312 312 313 313 313 313 313 314 313 313 313 314 314 314 314 314 315 315 314 314 315 315 315 315 315 316 315 315 315 315 316 316 316 316 315 315 352 352 352 352 352 353 352 352 352 352 352 352 353 352 352 352 352 352 352 353 353 353 353 353 353 353 353 354 354 354 354 354 354 354 354 354 354 354 354 355 355 355 355 355 355 355 355 355 355 355
311 312 312 312 312 313 313 313 312 313 313 313 313 313 314 314 314 314 314 314 314 314 315 315 315 315 315 315 315 315 315 315 316 316 316 316 315 316 316 316 316 316 317 353 352 352 352 352 353 353 353 353 352 352 353 353 353 353 353 352 352 353 353 353 353 353 353 353 354 354 354 354 354 354 354 354 354 354 355 355 355 355 355 355 355 355 355 355 355 355 355 355 355 355
312 312 312 312 313 313 313 313 314 314 313 313 314 314 314 314 314 315 315 315 314 315 315 315 315 315 316 316 316 315 316 316 316 316 316 317 317 317 316 316 317 317 353 353 353 353 353 353 353 353 353 353 354 353 353 353 353 353 354 354 353 353 353 353 353 353 354 354 354 354 354 354 354 354 354 355 355 355 355 355 355 355 355 355 355 355 355 355 356 356 356 356 356 356
313 312 312 313 313 313 313 314 314 314 314 315 314 314 314 314 315 315 315 315 316 316 315 315 315 316 316 316 316 317 317 316 316 316 317 317 317 317 317 317 353 353 353 353 354 354 354 353 353 353 354 354 354 354 354 353 354 354 354 354 354 353 353 354 354 354 354 354 354 354 354 354 355 355 355 355 355 355 355 355 355 355 355 356 356 356 356 356 356 356 356 356 356 356
313 313 314 313 313 313 314 314 314 314 315 315 315 315 314 315 315 315 315 316 316 316 316 317 316 316 316 316 317 317 317 317 317 317 317 317 317 317 318 354 354 353 353 354 354 354 354 354 355 354 354 354 354 354 355 355 354 354 354 354 354 355 355 354 354 354 354 354 354 355 355 355 355 355 355 355 355 355 356 356 356 356 356 356 356 356 356 356 356 356 356 356 356 356
313 314 314 314 314 314 314 314 314 315 315 315 315 315 316 316 315 315 316 316 316 316 317 317 317 317 316 317 317 317 317 318 318 318 317 317 318 318 354 354 354 355 355 354 354 354 354 355 355 355 354 354 354 355 355 355 355 354 354 355 355 355 355 355 354 354 355 355 355 355 355 355 355 355 355 356 356 356 356 356 356 356 356 356 356 356 356 356 357 357 357 357 357 357
313 314 314 314 314 315 315 314 314 315 315 315 315 316 316 316 316 317 316 316 316 317 317 317 317 317 318 317 317 317 318 318 318 318 318 319 318 354 354 354 355 355 355 355 354 355 355 355 355 355 355 356 355 355 355 355 355 356 356 355 355 355 355 355 356 355 355 355 355 355 355 355 356 356 356 356 356 356 356 356 356 356 356 357 357 357 357 357 357 357 357 357 357 357
314 314 314 314 315 315 315 315 316 315 315 315 316 316 316 316 317 317 317 317 317 317 317 317 318 318 318 318 318 318 318 318 318 318 319 319 355 355 355 355 355 355 355 355 356 356 355 355 355 356 356 356 356 355 355 356 356 356 356 356 355 355 356 356 356 356 356 355 355 356 356 356 356 356 356 356 356 356 356 357 357 357 357 357 357 357 357 357 357 357 357 357 357 357
314 314 314 315 315 315 315 316 316 316 316 317 316 316 316 317 317 317 317 318 318 318 317 318 318 318 318 318 319 319 319 318 319 319 319 355 355 356 356 355 355 355 356 356 356 356 356 356 356 356 356 356 356 357 357 356 356 356 356 357 357 356 356 356 356 356 356 357 356 356 356 356 356 356 356 357 357 357 357 357 357 357 357 357 357 357 357 357 358 358 358 358 358 358
315 315 315 315 315 315 316 316 316 316 317 317 317 316 317 317 317 317 318 318 318 318 319 318 318 318 318 319 319 319 319 320 320 319 355 355 356 356 356 356 356 356 356 356 356 356 357 357 357 356 356 357 357 357 357 357 356 357 357 357 357 357 357 356 357 357 357 357 357 356 356 356 357 357 357 357 357 357 357 357 357 357 357 358 358 358 358 358 358 358 358 358 358 358
315 316 316 316 315 316 316 316 316 317 317 317 317 318 318 317 317 318 318 318 318 319 319 319 319 319 319 319 319 319 320 320 320 356 355 356 356 356 356 357 357 357 356 356 357 357 357 357 357 357 357 357 357 357 357 357 358 357 357 357 357 357 358 358 357 357 357 357 357 358 358 357 357 357 357 357 357 357 357 358 358 358 358 358 358 358 358 358 358 358 358 358 358 358
316 316 316 316 317 317 317 316 317 317 317 317 318 318 318 318 319 318 318 318 319 319 319 319 320 320 320 319 319 320 320 320 356 357 357 357 356 356 357 357 357 357 357 358 357 357 357 357 358 358 358 357 357 357 358 358 358 358 358 357 358 358 358 358 358 357 357 358 358 358 358 358 357 357 357 358 358 358 358 358 358 358 358 358 358 358 358 358 359 359 359 359 359 359
316 316 316 317 317 317 317 318 318 317 317 318 318 318 318 319 319 319 319 319 319 319 319 320 320 320 320 320 321 320 320 356 357 357 357 357 357 357 357 357 357 357 358 358 358 357 357 358 358 358 358 358 359 358 358 358 358 358 359 359 358 358 358 358 358 359 359 358 358 358 358 358 358 358 358 358 358 358 358 358 358 358 358 359 359 359 359 359 359 359 359 359 359 359
316 316 317 317 317 317 318 318 318 318 319 318 318 318 319 319 319 319 320 320 320 319 320 320 320 320 320 321 321 321 356 357 357 357 357 358 358 358 358 357 358 358 358 358 358 359 359 358 358 358 358 359 359 359 358 358 359 359 359 359 359 358 358 359 359 359 359 359 358 358 359 359 359 359 358 358 358 358 358 359 359 359 359 359 359 359 359 359 359 359 359 359 359 359
317 316 317 317 317 318 318 318 318 319 319 319 318 319 319 319 319 320 320 320 320 321 321 320 320 321 321 321 321 357 358 358 357 357 358 358 358 358 358 359 358 358 358 358 359 359 359 359 358 359 359 359 359 359 359 359 359 359 359 359 359 360 359 359 359 359 359 360 360 359 359 359 359 359 359 358 359 359 359 359 359 359 359 359 359 359 359 359 360 360 360 360 360 360
317 318 318 317 317 318 318 318 319 319 319 319 320 320 319 319 320 320 320 320 321 321 321 321 321 321 321 321 357 358 358 358 358 358 358 358 358 358 359 359 359 359 359 359 359 359 359 359 360 359 359 359 359 360 360 360 360 359 359 360 360 360 360 360 359 360 360 360 360 360 359 359 359 360 360 360 359 359 359 359 359 359 359 360 360 360 360 360 360 360 360 360 360 360
318 318 318 318 319 318 318 318 319 319 319 320 320 320 320 321 320 320 320 321 321 321 321 322 322 322 321 357 358 358 358 358 359 359 359 358 359 359 359 359 359 360 360 359 359 359 360 360 360 360 360 360 360 360 360 360 360 361 360 360 360 360 360 361 361 360 360 360 360 360 361 360 360 360 360 360 360 360 359 360 360 360 360 360 360 360 360 360 360 360 360 360 360 360
318 318 318 319 319 319 319 319 319 319 319 320 320 320 321 321 321 321 321 321 321 321 322 322 322 322 358 359 358 358 358 359 359 359 359 360 359 359 359 359 360 360 360 360 359 360 360 360 360 360 361 361 360 360 360 361 361 361 361 360 360 361 361 361 361 361 360 360 361 361 361 361 361 360 360 360 361 361 361 360 360 360 360 360 360 360 360 360 361 361 361 361 361 361
318 318 319 319 319 319 320 320 320 319 320 320 320 320 321 321 321 322 322 322 321 322 322 322 322 358 359 359 359 358 359 359 359 359 360 360 360 360 359 360 360 360 360 361 361 361 360 360 361 361 361 361 361 360 361 361 361 361 361 362 362 361 361 361 361 361 362 361 361 361 361 361 361 362 361 361 361 361 361 361 360 360 360 361 361 361 361 361 361 361 361 361 361 361
318 319 319 319 319 320 320 320 320 321 321 320 320 321 321 321 321 322 322 322 322 322 322 322 322 359 359 359 359 360 360 359 359 360 360 360 360 361 361 360 360 360 361 361 361 361 361 361 361 361 361 361 362 362 362 361 361 361 362 362 362 362 361 361 362 362 362 362 361 361 361 362 362 362 362 361 361 361 361 362 362 361 361 361 361 361 361 361 361 361 361 361 361 361
319 319 319 319 320 320 320 320 321 321 321 321 322 321 321 321 322 322 322 322 323 323 323 322 359 359 359 359 360 360 360 360 360 360 360 360 361 361 361 361 361 361 361 361 361 361 362 362 361 361 361 362 362 362 362 362 362 362 362 362 362 362 363 362 362 362 362 362 363 363 362 362 362 362 362 362 362 362 362 362 362 362 361 361 361 361 361 361 362 362 362 362 362 362
320 320 320 319 320 320 320 321 321 321 321 322 322 322 321 322 322 322 322 323 323 323 323 360 359 359 359 360 360 360 360 361 361 361 360 361 361 361 361 361 362 362 361 361 362 362 362 362 362 363 362 362 362 362 363 363 363 362 362 362 363 363 363 363 362 362 363 363 363 363 363 362 362 362 363 363 363 362 362 362 362 362 362 362 362 362 362 362 362 362 362 362 362 362
320 320 320 321 321 320 321 321 321 321 322 322 322 322 323 323 322 322 323 323 323 323 360 360 360 360 360 360 360 360 361 361 361 361 362 361 361 361 361 362 362 362 362 362 362 362 362 362 363 363 363 362 362 363 363 363 363 363 363 363 363 363 363 363 364 363 363 363 363 363 363 364 363 363 363 363 363 363 362 362 363 363 363 363 362 362 362 362 362 362 362 362 362 362
320 320 321 321 321 321 322 321 321 322 322 322 322 323 323 323 323 324 323 323 323 360 360 360 360 361 361 360 360 361 361 361 361 362 362 362 361 362 362 362 362 362 363 363 363 362 362 363 363 363 363 364 363 363 363 363 363 364 364 363 363 363 363 364 364 364 363 363 363 364 364 364 364 363 363 363 363 364 364 363 363 363 363 363 363 362 362 362 363 363 363 363 363 363
320 321 321 321 321 322 322 322 322 322 322 322 323 323 323 323 324 324 324 323 360 360 360 360 361 361 361 361 362 361 361 361 362 362 362 362 363 363 362 362 362 363 363 363 363 364 363 363 363 363 364 364 364 363 363 364 364 364 364 364 364 364 364 364 364 364 364 364 364 364 364 364 364 364 364 364 364 364 364 364 363 363 363 364 364 364 363 363 363 363 363 363 363 363
320 321 321 321 322 322 322 322 323 323 322 322 323 323 323 324 324 324 324 325 361 360 360 361 361 361 361 362 362 362 361 362 362 362 362 363 363 363 363 362 363 363 363 363 364 364 364 363 363 364 364 364 364 364 365 364 364 364 364 365 365 365 364 364 364 365 365 365 364 364 364 364 365 365 365 364 364 364 364 364 365 364 364 364 364 364 364 363 363 363 363 363 363 364
321 321 321 321 322 322 322 323 323 323 323 324 323 323 323 324 324 324 325 361 361 361 361 361 361 361 362 362 362 362 363 363 362 362 363 363 363 363 364 364 363 363 363 364 364 364 364 365 364 364 364 364 365 365 365 365 364 364 365 365 365 365 365 365 365 365 365 365 365 365 365 365 365 365 365 365 364 365 365 365 365 365 364 364 364 364 364 364 364 364 364 364 364 364
322 322 321 322 322 322 323 323 323 323 324 324 324 324 324 324 324 324 361 361 361 362 362 362 361 362 362 362 362 363 363 363 363 363 363 363 363 364 364 364 364 364 364 364 364 364 365 365 365 365 364 365 365 365 365 365 366 365 365 365 365 366 366 366 365 365 365 366 366 366 366 365 365 365 365 366 366 365 365 365 365 365 365 364 365 365 365 365 365 364 364 364 364 364
322 322 323 323 322 322 323 323 323 324 324 324 324 325 325 324 324 361 361 361 362 362 362 362 363 362 362 362 363 363 363 363 364 364 363 363 364 364 364 364 364 365 365 364 364 365 365 365 365 365 366 365 365 365 365 366 366 366 365 365 366 366 366 366 366 365 366 366 366 366 366 366 366 366 366 366 366 366 365 365 366 366 366 366 365 365 365 365 365 365 364 364 364 365
322 322 323 323 323 324 323 323 323 324 324 324 325 325 325 325 326 361 361 361 362 362 362 363 363 363 363 363 363 363 363 364 364 364 364 365 364 364 364 364 365 365 365 365 365 365 365 365 366 366 366 366 365 366 366 366 366 366 367 366 366 366 366 366 367 367 366 366 366 366 367 367 367 366 366 366 366 367 367 366 366 366 366 366 366 365 365 365 366 366 366 365 365 365
322 323 323 323 324 324 324 324 324 324 324 324 325 325 325 326 362 362 361 362 362 362 362 363 363 363 364 364 363 363 364 364 364 364 365 365 365 364 364 365 365 365 365 366 366 365 365 366 366 366 366 366 367 366 366 366 366 367 367 367 366 366 367 367 367 367 367 366 367 367 367 367 367 367 366 367 367 367 367 367 366 366 366 366 367 367 366 366 366 366 366 365 365 365
323 323 323 323 324 324 324 325 325 324 324 325 325 325 326 362 362 362 363 363 362 362 363 363 363 363 364 364 364 364 364 364 364 365 365 365 365 365 365 365 365 365 366 366 366 366 366 366 366 366 366 367 367 367 366 367 367 367 367 367 367 367 367 367 367 367 368 368 367 367 367 367 367 368 368 367 367 367 367 367 367 367 367 367 367 367 367 366 366 366 366 366 365 366
323 323 323 324 324 324 324 325 325 325 326 325 325 325 362 362 362 363 363 363 363 363 363 363 363 364 364 364 364 365 365 364 364 365 365 365 365 366 366 366 365 366 366 366 366 367 367 367 366 367 367 367 367 367 368 367 367 367 367 368 368 368 367 367 367 368 368 368 368 367 367 368 368 368 368 368 367 367 368 368 368 368 367 367 367 367 367 367 367 367 367 367 367 366
324 323 324 324 324 324 325 325 325 326 326 326 325 326 362 362 362 363 363 363 364 364 364 363 364 364 364 364 365 365 365 365 365 365 365 365 366 366 366 366 367 366 366 366 367 367 367 367 368 367 367 367 367 368 368 368 367 367 368 368 368 368 368 368 368 368 368 368 368 369 368 368 368 368 368 369 368 368 368 368 368 368 368 367 368 368 368 368 367 367 367 367 367 367
324 324 324 324 324 325 325 325 325 326 326 326 327 363 362 362 363 363 363 363 364 364 364 365 364 364 364 365 365 365 365 366 366 365 365 366 366 366 366 367 367 367 366 367 367 367 367 368 368 368 367 367 368 368 368 368 369 368 368 368 368 369 369 369 368 368 368 369 369 369 369 368 368 369 369 369 369 368 368 368 368 369 369 368 368 368 368 368 368 367 367 367 367 368
