testData/tiles/oneDegree/grid25.0-43.0-26.0-44.0.asc
ncols   200
nrows   200
xllcorner   25.0
yllcorner   43.0
cellsize   0.005
NODATA_value   -9999.0
[rows 126 to 167 of 200, columns 0 to 93 of 200]
284 285 286 488 489 489 491 491 492 492 492 493 493 495 495 495 496 496 497 498 498 499 499 500 500 500 501 502 503 503 503 504 504 504 506 506 507 507 507 508 508 508 509 510 510 511 511 511 512 512 512 513 513 513 515 515 515 516 516 516 517 517 517 517 518 518 518 519 520 520 521 521 521 521 522 522 522 523 523 523 523 524 524 524 524 525 525 525 526 526 526 526 527 527
285 286 286 489 490 491 491 491 492 492 494 494 495 495 495 496 496 498 498 498 499 499 500 501 501 502 502 503 503 503 504 505 505 506 506 506 507 507 508 509 509 510 510 510 511 511 511 512 512 513 514 514 514 515 515 515 516 516 516 517 517 518 518 519 519 519 520 520 520 521 521 521 521 522 522 522 523 523 523 524 525 525 525 525 526 526 526 527 527 527 527 528 528 528
286 286 490 490 490 491 491 492 493 494 494 494 495 495 497 497 498 498 498 499 499 501 501 501 502 502 502 503 504 505 505 505 506 506 506 507 508 509 509 509 510 510 510 511 511 512 513 513 513 514 514 514 515 515 515 516 517 517 518 518 518 518 519 519 519 520 520 520 521 521 522 522 523 523 523 524 524 524 524 525 525 525 526 526 526 526 527 527 527 527 528 528 528 528
287 288 490 490 491 492 493 493 494 494 494 496 496 497 497 497 498 498 500 500 500 501 501 502 502 503 504 504 505 505 505 506 507 507 508 508 508 509 509 510 510 511 512 512 512 513 513 513 514 514 514 516 516 516 517 517 517 518 518 518 518 519 519 520 521 521 521 522 522 522 522 523 523 523 524 524 524 524 525 525 525 526 527 527 527 528 528 528 528 529 529 529 529 530
287 288 490 492 492 493 493 493 494 495 496 496 497 497 497 499 499 500 500 500 501 501 503 503 503 504 504 504 505 506 507 507 507 508 508 508 509 510 510 511 511 512 512 512 513 513 514 515 515 515 516 516 516 517 517 517 518 519 519 519 520 520 520 521 521 521 522 522 522 522 523 523 524 525 525 525 525 526 526 526 527 527 527 527 528 528 528 528 529 529 529 529 530 530
289 289 492 492 493 493 494 495 495 496 496 496 498 498 499 499 500 500 500 502 502 503 503 503 504 504 505 506 506 507 507 507 508 509 509 510 510 510 511 511 512 512 513 514 514 514 515 515 515 516 516 516 518 518 518 518 519 519 519 520 520 520 521 521 521 523 523 523 523 524 524 524 525 525 525 525 526 526 526 527 527 527 527 528 528 528 529 530 530 530 530 531 531 531
289 290 492 492 494 494 495 495 496 496 497 498 498 499 499 499 501 501 502 502 502 503 503 505 505 505 506 506 506 507 508 509 509 509 510 510 510 511 512 512 513 513 513 514 514 515 515 515 517 517 517 518 518 518 518 519 519 519 520 521 521 522 522 522 523 523 523 523 524 524 524 525 525 525 526 527 527 527 528 528 528 528 529 529 529 529 530 530 530 531 531 531 531 532
289 291 493 494 494 495 495 496 497 497 498 498 499 500 500 501 501 502 502 502 504 504 505 505 505 506 506 507 508 508 509 509 509 510 510 511 512 512 512 513 513 513 514 515 515 516 516 516 517 517 517 518 518 518 520 520 520 521 521 521 522 522 522 523 523 523 523 525 525 525 526 526 526 526 527 527 527 528 528 528 528 529 529 529 529 530 530 530 531 531 531 531 533 533
291 291 494 494 494 496 496 497 497 498 498 499 500 500 501 501 501 503 503 504 504 504 505 505 507 507 507 508 508 508 509 510 511 511 511 512 512 512 513 513 514 515 515 515 516 516 516 517 517 518 519 519 519 520 520 520 521 521 521 522 523 523 524 524 524 524 525 525 525 526 526 526 526 527 527 527 528 529 529 529 530 530 530 530 531 531 531 532 532 532 532 533 533 533
291 494 494 495 496 496 497 497 499 499 499 500 500 501 501 502 503 503 504 504 504 506 506 507 507 507 508 508 509 510 510 511 511 511 512 512 513 514 514 514 515 515 515 516 516 517 518 518 518 519 519 519 520 520 520 522 522 522 523 523 523 524 524 524 524 525 525 525 526 527 527 527 528 528 528 529 529 529 529 530 530 530 531 531 531 531 532 532 532 532 533 533 533 533
292 495 495 496 496 497 498 498 499 499 500 500 502 502 502 503 503 504 505 505 506 506 506 507 507 509 509 509 510 510 510 511 511 513 513 513 514 514 514 515 515 516 517 517 517 518 518 518 519 519 520 521 521 521 522 522 522 523 523 523 524 524 525 525 526 526 526 527 527 527 527 528 528 528 529 529 529 529 530 530 531 532 532 532 532 533 533 533 533 534 534 534 534 535
293 495 496 496 497 498 498 499 499 501 501 501 502 502 503 503 504 505 505 506 506 506 508 508 509 509 509 510 510 511 512 512 512 513 513 514 514 515 516 516 516 517 517 517 518 518 519 520 520 520 521 521 521 522 522 522 523 524 524 524 525 525 525 526 526 526 527 527 527 527 528 529 529 530 530 530 530 531 531 531 532 532 532 532 533 533 533 533 534 534 534 534 535 535
293 497 497 497 498 498 499 500 500 501 501 502 502 504 504 504 505 505 506 507 507 508 508 508 509 509 511 511 511 512 512 512 513 513 515 515 515 516 516 516 517 517 518 519 519 519 520 520 520 521 521 521 523 523 523 524 524 524 524 525 525 525 526 526 527 528 528 528 528 529 529 529 530 530 530 530 531 531 531 532 532 532 532 534 534 534 534 535 535 535 535 536 536 536
294 497 497 498 498 500 500 500 501 501 502 503 503 504 504 505 505 506 507 507 508 508 508 510 510 511 511 511 512 512 512 514 514 514 515 515 516 516 517 518 518 518 519 519 519 520 520 521 522 522 522 523 523 523 524 524 524 524 526 526 526 527 527 527 528 528 528 528 529 529 529 530 530 531 531 532 532 532 533 533 533 533 534 534 534 534 535 535 535 535 536 536 536 536
295 497 499 499 499 500 500 501 502 503 503 503 504 504 506 506 506 507 507 508 508 509 510 510 510 511 511 513 513 513 514 514 514 515 515 516 517 517 518 518 518 519 519 520 521 521 521 522 522 522 523 523 523 524 525 525 525 526 526 526 527 527 527 528 528 528 529 530 530 530 531 531 531 531 532 532 532 533 533 533 533 534 534 534 534 535 535 536 536 537 537 537 537 538
296 498 499 499 500 500 502 502 502 503 503 504 505 505 506 506 507 507 508 509 509 510 510 510 512 512 512 513 513 514 514 514 516 516 516 517 517 517 518 518 519 520 520 520 521 521 521 522 522 523 524 524 524 525 525 525 526 526 526 527 528 528 529 529 529 529 530 530 530 531 531 531 531 532 532 533 534 534 534 534 535 535 535 535 536 536 536 536 537 537 537 537 538 538
296 499 499 500 501 501 502 502 503 504 505 505 505 506 506 508 508 508 509 509 510 510 511 512 512 512 513 513 514 515 515 516 516 516 517 517 518 519 519 519 520 520 520 521 521 522 523 523 523 524 524 524 525 525 525 527 527 527 528 528 528 528 529 529 529 530 530 530 532 532 532 532 533 533 533 534 534 534 534 535 535 535 535 536 536 536 536 537 537 537 537 538 538 538
499 500 501 501 501 502 502 504 504 504 505 505 506 507 507 508 508 509 509 510 511 511 512 512 512 513 514 514 515 515 516 516 516 518 518 518 519 519 519 520 520 521 522 522 522 523 523 523 524 524 525 526 526 526 527 527 527 528 528 528 528 529 530 530 531 531 531 532 532 532 532 533 533 533 534 534 534 534 536 536 536 536 537 537 537 537 538 538 538 538 539 539 539 539
500 500 501 501 502 503 504 504 504 505 506 507 507 507 508 508 510 510 510 511 511 511 512 513 514 514 514 515 515 515 517 517 518 518 518 519 519 520 521 521 521 522 522 522 523 523 524 525 525 525 526 526 526 527 527 527 529 529 529 529 530 530 530 531 531 531 532 532 532 532 534 534 534 535 535 535 535 536 536 536 536 537 537 537 537 538 538 538 538 539 539 539 539 540
500 501 502 503 503 503 504 504 506 506 506 507 507 508 509 509 510 510 511 511 512 513 513 514 514 514 515 516 516 517 517 517 518 518 520 520 520 521 521 521 522 522 523 524 524 524 525 525 525 526 526 526 528 528 528 528 529 529 529 530 530 530 531 532 532 532 533 533 533 534 534 534 534 535 535 535 536 536 536 536 537 538 538 538 539 539 539 540 540 540 540 541 541 541
502 502 502 503 503 504 505 506 506 506 507 508 509 509 509 510 510 512 512 512 513 513 513 514 515 516 516 516 517 517 517 519 519 519 520 520 521 521 521 523 523 523 524 524 524 525 525 526 527 527 527 528 528 528 528 529 529 529 531 531 531 532 532 532 532 533 533 533 534 534 534 534 536 536 536 537 537 537 537 538 538 538 538 539 539 539 540 540 540 540 541 541 541 541
502 502 503 504 505 505 505 506 506 508 508 508 509 509 510 511 511 512 512 513 513 514 515 515 515 516 516 517 518 518 519 519 519 520 520 521 522 522 522 523 523 524 524 524 526 526 526 526 527 527 527 528 528 529 530 530 530 531 531 531 532 532 532 532 533 534 534 535 535 535 535 536 536 536 537 537 537 537 538 538 538 538 539 539 540 541 541 541 541 542 542 542 542 543
502 504 504 504 505 505 506 507 508 508 508 509 510 511 511 511 512 512 513 514 514 515 515 515 516 517 518 518 518 519 519 519 521 521 521 522 522 522 523 523 524 525 525 525 526 526 526 527 527 528 529 529 529 530 530 530 531 531 531 533 533 533 533 534 534 534 535 535 535 535 536 536 536 537 538 538 538 539 539 539 539 540 540 540 541 541 541 541 542 542 542 542 543 543
503 504 504 505 505 507 507 507 508 508 510 510 510 511 511 512 513 513 514 514 515 515 516 517 517 517 518 518 519 520 520 521 521 521 522 522 523 524 524 524 525 525 525 526 526 527 528 528 528 529 529 529 530 530 530 532 532 532 532 533 533 533 534 534 534 535 535 536 536 537 537 537 538 538 538 538 539 539 539 539 540 540 540 540 541 541 541 542 542 543 543 544 544 544
504 504 506 506 506 507 507 508 509 510 510 510 511 511 513 513 513 514 514 514 516 516 517 517 517 518 519 519 520 520 521 521 521 523 523 523 524 524 524 525 525 526 527 527 527 528 528 528 529 529 530 531 531 531 532 532 532 532 533 533 533 535 535 535 536 536 536 536 537 537 537 538 538 538 538 539 540 540 540 541 541 541 541 542 542 542 543 543 543 543 544 544 544 544
505 506 506 506 507 507 509 509 509 510 510 512 512 512 513 513 514 515 515 516 516 517 517 518 519 519 519 520 520 520 522 522 523 523 523 524 524 524 526 526 526 527 527 527 528 528 529 530 530 530 531 531 531 531 532 532 533 534 534 534 535 535 535 535 536 536 536 537 537 538 538 539 539 539 540 540 540 540 541 541 541 541 542 542 542 543 543 543 543 544 544 544 544 545
505 506 506 508 508 508 509 509 510 511 512 512 512 513 513 514 515 515 516 516 516 518 518 519 519 519 520 521 521 522 522 522 523 523 524 525 525 526 526 526 527 527 528 529 529 529 530 530 530 530 531 531 532 533 533 533 534 534 534 535 535 535 535 537 537 537 538 538 538 538 539 539 539 540 540 540 540 541 541 542 542 543 543 543 544 544 544 544 545 545 545 545 546 546
599 507 508 508 508 509 509 511 511 511 512 512 514 514 514 515 515 516 517 517 518 518 518 519 519 521 521 521 522 522 522 524 524 524 525 525 525 526 526 527 528 528 528 529 529 529 530 531 531 532 532 532 533 533 533 534 534 534 536 536 536 536 537 537 537 538 538 538 538 539 539 540 541 541 541 541 542 542 542 542 543 543 543 543 544 544 544 545 545 545 545 546 546 546
600 600 508 508 509 510 510 511 511 512 513 513 514 514 515 515 516 517 517 518 518 518 520 520 520 521 521 522 523 523 524 524 524 525 525 525 527 527 527 528 528 528 529 529 530 531 531 531 532 532 532 533 533 534 535 535 535 535 536 536 536 537 537 537 539 539 539 539 540 540 540 541 541 541 541 542 542 542 542 543 543 543 544 545 545 545 546 546 546 546 547 547 547 547
600 601 509 510 510 510 511 511 513 513 513 514 514 516 516 516 517 517 517 519 519 520 520 520 521 521 522 523 523 524 524 524 525 526 526 527 527 527 528 528 529 530 530 530 531 531 531 532 532 533 534 534 534 535 535 535 535 536 536 537 538 538 538 539 539 539 539 540 540 540 541 541 541 542 543 543 543 543 544 544 544 544 545 545 545 546 546 546 546 547 547 547 547 547
602 602 602 510 510 511 512 512 513 513 514 515 515 516 516 517 517 518 519 519 520 520 520 522 522 522 523 523 523 524 525 526 526 526 527 527 527 529 529 529 530 530 530 531 531 532 533 533 533 534 534 534 534 535 536 536 537 537 537 538 538 538 538 539 539 539 541 541 541 541 542 542 542 543 543 543 543 544 544 544 544 545 545 545 545 546 547 547 548 548 548 548 548 549
602 602 603 604 511 512 512 513 513 515 515 515 516 516 517 518 518 519 519 519 521 521 522 522 522 523 523 524 525 525 525 526 526 526 528 528 529 529 529 530 530 531 532 532 532 532 533 533 533 534 535 535 536 536 536 537 537 537 538 538 538 539 540 540 540 541 541 541 541 542 542 542 543 543 543 544 545 545 545 545 546 546 546 546 547 547 547 547 548 548 548 548 549 549
602 604 604 604 605 512 513 514 514 515 515 516 517 517 518 518 519 519 520 521 521 521 522 522 524 524 524 525 525 525 526 527 527 528 528 528 529 529 530 531 531 531 532 532 532 533 534 534 535 535 535 536 536 536 537 537 538 538 539 539 539 540 540 540 541 541 541 541 543 543 543 544 544 544 544 545 545 545 545 546 546 546 546 547 547 547 547 548 548 548 549 550 550 550
603 604 604 605 605 513 514 514 515 515 516 517 517 518 518 518 520 520 521 521 521 522 523 523 524 524 525 525 526 527 527 527 528 528 528 530 530 530 531 531 531 532 532 533 534 534 534 535 535 535 536 537 537 538 538 538 538 539 539 539 540 540 541 541 542 542 542 543 543 543 543 544 544 544 545 545 545 546 547 547 547 547 548 548 548 548 549 549 549 549 550 550 550 550
604 604 605 606 606 607 514 515 516 516 517 517 518 519 519 520 520 520 521 522 523 523 523 524 524 525 526 526 526 527 527 528 529 529 530 530 530 531 531 532 533 533 533 534 534 534 535 536 536 537 537 537 537 538 538 538 539 540 540 541 541 541 541 542 542 542 543 543 543 543 545 545 545 546 546 546 546 547 547 547 547 548 548 548 548 549 549 549 549 550 550 550 550 551
605 605 606 606 607 607 608 516 516 517 517 518 519 519 520 520 520 522 522 522 523 523 524 525 525 526 526 526 527 528 528 529 529 530 530 530 532 532 532 533 533 533 534 534 535 535 536 536 536 537 537 537 538 539 539 540 540 540 541 541 541 541 542 542 543 544 544 544 544 545 545 545 546 546 546 546 547 547 547 547 549 549 549 549 550 550 550 550 551 551 551 551 552 552
605 606 606 606 608 608 609 516 516 518 518 519 519 519 521 521 522 522 522 523 524 524 525 525 526 526 527 528 528 528 529 529 529 531 531 531 532 532 532 533 534 534 535 535 535 536 536 536 537 538 538 539 539 539 540 540 540 540 541 542 542 543 543 543 544 544 544 544 545 545 545 545 547 547 547 548 548 548 548 549 549 549 549 550 550 550 550 551 551 551 551 552 552 552
605 606 607 608 608 609 609 610 518 518 519 519 520 521 521 521 522 522 524 524 524 525 525 525 527 527 528 528 528 529 530 530 531 531 531 532 532 533 534 534 534 535 535 535 536 537 537 538 538 538 539 539 539 539 541 541 541 542 542 542 543 543 543 543 544 545 545 546 546 546 546 547 547 547 548 548 548 548 549 549 549 549 550 551 551 551 552 552 552 552 553 553 553 553
607 607 608 608 608 610 610 611 518 518 520 520 521 521 521 523 523 524 524 524 525 526 526 527 527 527 528 529 530 530 530 531 531 531 533 533 533 534 534 534 535 535 536 537 537 537 538 538 538 539 540 540 540 541 541 541 542 542 542 543 544 544 544 545 545 545 546 546 546 546 547 547 547 547 549 549 549 550 550 550 550 551 551 551 551 552 552 552 552 553 553 553 553 554
607 607 608 609 610 610 610 611 612 520 520 520 521 522 523 523 523 524 524 526 526 526 527 527 527 529 529 529 530 530 530 532 532 533 533 533 534 534 535 536 536 536 537 537 537 537 539 539 539 540 540 540 541 541 541 542 543 543 543 544 544 544 545 545 545 546 546 547 547 548 548 548 548 549 549 549 550 550 550 550 551 551 551 551 552 552 552 553 554 554 554 554 555 555
607 609 609 610 610 610 612 612 613 613 520 522 522 522 523 523 525 525 525 526 526 527 528 528 529 529 529 530 530 531 532 532 532 533 533 534 535 535 535 536 536 536 537 538 538 539 539 539 540 540 540 542 542 542 543 543 543 543 544 544 544 545 546 546 546 547 547 547 548 548 548 548 549 549 549 549 551 551 551 552 552 552 552 553 553 553 553 554 554 554 554 555 555 555
609 609 609 610 611 612 612 612 613 614 522 522 522 523 524 525 525 525 526 526 527 528 528 528 529 529 531 531 531 532 532 532 534 534 534 535 535 535 536 536 537 538 538 538 539 539 539 540 541 541 542 542 542 542 543 543 543 545 545 545 546 546 546 546 547 547 547 548 548 549 549 550 550 550 550 551 551 551 552 552 552 552 553 553 553 553 554 554 554 554 555 555 556 556
