testData/tiles/oneDegree/grid33.0-37.0-34.0-38.0.asc
ncols   200
nrows   200
xllcorner   33.0
yllcorner   37.0
cellsize   0.005
NODATA_value   -9999.0
[rows 126 to 167 of 200, columns 94 to 187 of 200]
411 410 409 409 408 408 407 407 406 406 405 405 404 404 403 403 402 402 401 401 400 400 399 398 398 397 397 396 396 395 395 394 394 438 438 437 437 436 436 435 435 434 434 433 432 432 431 431 430 430 430 431 431 432 432 433 434 435 435 436 436 437 437 437 438 437 438 438 439 439 440 440 440 440 441 441 441 441 442 455 455 455 455 455 455 456 455 456 456 456 456 457 456 457
411 410 410 409 409 408 407 407 406 406 405 405 404 404 403 403 402 402 401 401 400 400 399 399 398 398 397 396 396 395 395 394 394 438 438 437 437 436 436 435 435 434 434 433 433 432 431 431 430 430 430 431 431 433 433 434 434 435 435 436 436 437 437 438 438 438 439 439 439 439 440 440 441 440 441 441 442 441 442 442 456 455 456 456 455 456 456 456 456 457 456 457 456 457
411 410 410 409 409 408 408 407 406 406 405 405 404 404 403 403 402 402 401 401 400 400 399 399 398 398 397 397 396 395 395 394 439 438 438 437 437 436 436 435 435 434 434 433 433 432 432 431 430 430 431 432 432 433 433 434 434 435 435 436 436 437 437 438 438 439 439 439 440 440 440 440 441 441 442 441 442 442 442 442 443 456 456 456 457 456 456 457 456 457 456 457 457 457
411 410 410 409 409 408 408 407 407 406 406 405 404 404 403 403 402 402 401 401 400 400 399 399 398 398 397 397 396 396 395 394 439 438 438 437 437 436 436 435 435 434 434 433 433 432 432 431 431 431 431 432 432 434 434 435 435 436 436 437 437 438 438 439 439 439 439 440 440 440 441 440 441 441 442 442 442 442 443 442 443 443 457 456 457 457 457 457 456 457 457 457 457 458
411 410 410 409 409 408 408 407 407 406 406 405 405 404 403 403 402 402 401 401 400 400 399 399 398 398 397 397 396 396 395 395 439 438 438 437 437 436 436 435 435 434 434 433 433 432 432 431 431 431 432 433 433 434 434 435 435 436 436 437 437 438 438 439 439 440 440 441 440 441 441 441 442 441 442 442 443 442 443 443 443 443 444 457 457 457 457 457 458 457 457 458 457 458
411 410 410 409 409 408 408 407 407 406 406 405 405 404 404 403 402 402 401 401 400 400 399 399 398 398 397 397 396 396 395 440 439 439 438 437 437 436 436 435 435 434 434 433 433 432 432 431 431 432 433 433 434 434 434 436 436 437 437 438 438 439 438 439 439 440 440 441 441 442 441 442 442 442 442 442 443 443 443 443 444 443 444 444 457 457 458 457 458 458 457 458 457 458
411 410 410 409 409 408 408 407 407 406 406 405 405 404 404 403 403 402 401 401 400 400 399 399 398 398 397 397 396 396 395 440 439 439 438 438 437 436 436 435 435 434 434 433 433 432 432 431 432 432 433 433 435 435 436 436 436 437 437 438 438 439 439 440 440 440 440 441 441 442 442 442 442 443 443 442 443 443 444 443 444 444 444 444 445 444 458 458 458 458 459 458 458 458
411 410 410 409 409 408 408 407 407 406 406 405 405 404 404 403 403 402 402 401 400 400 399 399 398 398 397 397 396 396 395 440 439 439 438 438 437 437 436 435 435 434 434 433 433 432 432 431 432 433 434 434 435 435 436 436 437 437 437 438 438 439 439 440 440 441 441 442 441 442 442 443 443 443 443 443 443 443 444 444 444 444 445 444 445 445 445 458 459 458 459 458 459 459
411 411 410 409 409 408 408 407 407 406 406 405 405 404 404 403 403 402 402 401 401 400 399 399 398 398 397 397 396 396 440 440 439 439 438 438 437 437 436 436 435 434 434 433 433 432 432 431 433 433 434 434 435 436 437 437 438 438 438 439 439 440 439 440 440 441 441 442 442 442 442 443 443 444 443 444 444 444 444 444 445 444 445 445 445 445 446 445 459 458 459 459 459 459
411 411 410 410 409 408 408 407 407 406 406 405 405 404 404 403 403 402 402 401 401 400 400 399 398 398 397 397 396 396 440 440 439 439 438 438 437 437 436 436 435 435 434 433 433 432 432 432 433 433 435 435 436 436 437 437 438 438 439 439 439 440 440 441 441 441 441 442 442 443 443 443 443 444 444 444 444 445 444 444 445 445 445 445 446 445 446 445 446 459 459 459 459 459
411 411 410 410 409 409 408 407 407 406 406 405 405 404 404 403 403 402 402 401 401 400 400 399 399 398 397 397 396 396 440 440 439 439 438 438 437 437 436 436 435 435 434 433 433 432 432 432 434 434 435 435 436 436 437 437 438 438 439 439 440 440 440 441 441 442 442 442 442 443 443 444 443 444 444 445 444 445 445 444 445 445 445 445 446 445 446 446 446 446 460 459 460 459
411 411 410 410 409 409 408 408 407 406 406 405 405 404 404 403 403 402 402 401 401 400 400 399 399 398 398 397 396 441 440 440 439 439 438 438 437 437 436 436 435 435 434 434 433 432 433 433 434 434 435 436 437 437 438 438 439 439 440 440 441 441 440 441 441 442 442 443 443 443 443 444 444 444 444 445 445 445 445 446 445 445 446 445 446 446 446 446 447 446 447 446 460 460
411 411 410 410 409 409 408 408 407 407 406 405 405 404 404 403 403 402 402 401 401 400 400 399 399 398 398 397 396 441 440 440 439 439 438 438 437 437 436 436 435 435 434 434 433 433 433 433 434 435 436 436 437 437 438 438 439 439 440 440 441 441 442 442 442 442 442 443 443 444 443 444 444 445 444 445 445 446 445 446 446 445 446 446 446 446 447 446 447 446 447 447 447 460
411 411 410 410 409 409 408 408 407 407 406 406 405 404 404 403 403 402 402 401 401 400 400 399 399 398 398 397 397 441 440 440 439 439 438 438 437 437 436 436 435 435 434 434 433 433 433 434 435 435 436 436 437 437 439 439 440 440 440 440 441 441 442 442 442 443 443 443 443 444 444 445 444 445 445 445 445 446 446 446 446 447 446 446 447 446 447 446 447 447 447 447 447 447
411 411 410 410 409 409 408 408 407 407 406 406 405 404 404 403 403 402 402 401 401 400 400 399 399 398 398 397 442 441 440 440 439 439 438 438 437 437 436 436 435 435 434 434 433 434 434 435 435 435 437 437 438 438 439 439 440 440 441 441 442 442 442 442 443 443 443 444 443 444 444 445 445 445 445 446 445 446 446 447 446 447 447 446 447 446 447 447 447 447 448 447 448 447
411 411 410 410 409 409 408 408 407 407 406 406 405 405 404 403 403 402 402 401 401 400 400 399 399 398 398 397 442 441 441 440 439 439 438 438 437 437 436 436 435 435 434 434 433 434 434 435 436 436 437 437 438 438 439 439 440 440 441 441 442 442 443 443 443 443 443 444 444 445 444 445 445 446 445 446 446 446 446 447 446 447 447 446 447 447 447 447 448 447 448 447 448 448
411 411 410 410 409 409 408 408 407 407 406 406 405 405 404 403 403 402 402 401 401 400 400 399 399 398 398 397 442 441 441 440 439 439 438 438 437 437 436 436 435 435 434 434 433 434 435 436 436 436 437 437 439 439 440 440 441 441 441 441 442 442 443 443 444 444 444 444 444 445 445 445 445 446 446 446 446 447 446 447 447 447 447 448 447 447 448 447 448 447 448 448 448 448
411 411 410 410 409 409 408 408 407 407 406 406 405 405 404 404 403 402 402 401 401 400 400 399 399 398 398 442 442 441 441 440 440 439 438 438 437 437 436 436 435 435 434 434 434 435 435 436 436 438 438 438 439 439 440 440 441 441 442 442 443 443 443 443 444 444 445 445 444 445 445 446 445 446 446 447 446 447 447 447 447 448 447 448 448 447 448 447 448 448 448 448 448 448
411 411 410 410 409 409 408 408 407 407 406 406 405 405 404 404 403 402 402 401 401 400 400 399 399 398 398 442 442 441 441 440 440 439 438 438 437 437 436 436 435 435 434 434 434 435 436 437 437 438 438 438 439 439 440 440 441 441 442 442 443 443 444 444 444 444 445 445 445 445 445 446 446 446 446 447 447 447 447 448 447 448 448 448 448 447 448 448 448 448 448 448 449 448
411 411 410 410 409 409 408 408 407 407 406 406 405 405 404 404 403 402 402 401 401 400 400 399 399 398 398 442 442 441 441 440 440 439 438 438 437 437 436 436 435 435 434 434 434 436 436 437 437 438 438 439 440 440 441 441 442 442 442 442 443 443 444 444 445 444 445 445 445 446 445 446 446 447 446 447 447 447 447 448 447 448 448 448 448 449 448 448 449 448 449 448 449 448
411 411 410 410 409 409 408 408 407 407 406 406 405 405 404 404 403 402 402 401 401 400 400 399 399 398 443 442 442 441 441 440 440 439 438 438 437 437 436 436 435 435 434 435 435 436 436 437 438 439 439 440 440 440 441 441 442 442 443 443 444 443 444 444 445 445 446 445 446 446 446 446 446 447 447 447 447 448 447 448 448 448 448 449 448 449 449 448 449 448 449 449 449 449
412 411 410 410 409 409 408 408 407 407 406 406 405 405 404 404 403 403 402 401 401 400 400 399 399 398 443 442 442 441 441 440 440 439 439 438 437 437 436 436 435 435 434 435 435 436 437 438 438 439 439 440 440 440 441 441 442 442 443 443 444 444 445 444 445 445 446 446 446 446 446 447 446 447 447 448 447 448 448 448 448 449 448 449 449 449 449 448 449 449 449 449 449 449
412 411 410 410 409 409 408 408 407 407 406 406 405 405 404 404 403 403 402 401 401 400 400 399 399 398 443 442 442 441 441 440 440 439 439 438 437 437 436 436 435 435 434 435 436 437 437 438 438 439 440 441 441 441 442 442 443 442 443 443 444 444 445 445 446 445 446 446 447 446 446 447 447 447 447 448 448 448 448 449 448 449 449 449 449 449 449 449 449 449 449 449 450 449
412 411 410 410 409 409 408 408 407 407 406 406 405 405 404 404 403 403 402 401 401 400 400 399 399 443 443 442 442 441 441 440 440 439 439 438 437 437 436 436 435 435 434 436 436 437 437 439 439 440 440 441 441 441 442 442 443 443 444 444 444 444 445 445 446 446 446 446 447 447 446 447 447 448 447 448 448 448 448 449 448 449 449 449 449 450 449 449 449 449 450 449 450 449
412 411 410 410 409 409 408 408 407 407 406 406 405 405 404 404 403 403 402 401 401 400 400 399 399 443 443 442 442 441 441 440 440 439 439 438 437 437 436 436 435 435 435 436 436 438 438 439 439 440 440 441 441 441 442 442 443 443 444 444 445 445 445 445 446 446 447 446 447 447 447 447 447 448 448 448 448 449 448 449 449 449 449 450 449 450 449 449 450 449 450 449 450 450
412 411 410 410 409 409 408 408 407 407 406 406 405 405 404 404 403 403 402 401 401 400 400 399 399 443 443 442 442 441 441 440 440 439 439 438 437 437 436 436 435 435 435 437 437 438 438 439 439 441 441 442 442 442 443 443 443 443 444 444 445 445 446 446 446 446 447 447 447 447 447 448 447 448 448 449 448 449 449 449 449 450 449 450 449 450 450 449 450 449 450 450 450 450
412 411 410 410 409 409 408 408 407 407 406 406 405 405 404 404 403 403 402 401 401 400 400 399 399 443 443 442 442 441 441 440 440 439 439 438 437 437 436 436 435 435 436 437 437 438 439 440 440 441 441 442 442 442 443 443 444 444 445 444 445 445 446 446 447 446 447 447 448 448 447 448 448 448 448 449 448 449 449 449 449 450 449 450 450 450 450 449 450 450 450 450 450 450
412 411 410 410 409 409 408 408 407 407 406 406 405 405 404 404 403 403 402 401 401 400 400 399 444 443 443 442 442 441 441 440 440 439 439 438 437 437 436 436 435 436 436 437 438 439 439 440 440 441 441 442 442 442 443 443 444 444 445 445 446 445 446 446 447 447 447 447 448 448 448 448 448 449 448 449 449 449 449 450 449 450 450 450 450 451 450 450 450 450 450 450 451 450
411 411 410 410 409 409 408 408 407 407 406 406 405 405 404 404 403 402 402 401 401 400 400 399 444 443 443 442 442 441 441 440 440 439 438 438 437 437 436 436 435 436 436 438 438 439 439 440 440 442 442 443 443 443 443 443 444 444 445 445 446 446 447 446 447 447 448 448 448 448 448 448 448 449 449 449 449 450 449 450 450 450 450 451 450 451 450 450 451 450 451 450 451 450
411 411 410 410 409 409 408 408 407 407 406 406 405 405 404 404 403 402 402 401 401 400 400 399 444 443 443 442 442 441 441 440 440 439 438 438 437 437 436 436 435 437 437 438 438 439 440 441 441 442 442 442 443 443 444 444 445 445 445 445 446 446 447 447 447 447 448 448 448 448 448 449 448 449 449 450 449 450 450 450 450 450 450 451 450 451 451 450 451 450 451 450 451 451
411 411 410 410 409 409 408 408 407 407 406 406 405 405 404 404 403 402 402 401 401 400 400 444 444 443 443 442 442 441 441 440 440 439 438 438 437 437 436 436 436 437 437 438 439 440 440 441 441 442 442 442 443 443 444 444 445 445 446 446 446 446 447 447 448 447 448 448 448 449 448 449 449 449 449 450 449 450 450 450 450 451 450 451 451 450 451 450 451 451 451 451 451 451
411 411 410 410 409 409 408 408 407 407 406 406 405 405 404 404 403 402 402 401 401 400 400 444 444 443 443 442 442 441 441 440 440 439 438 438 437 437 436 436 436 437 438 439 439 440 440 441 441 442 442 442 443 443 444 444 445 445 446 446 447 447 447 447 448 448 449 448 448 449 448 449 449 450 449 450 450 450 450 451 450 451 451 451 451 450 451 451 451 451 451 451 451 451
411 411 410 410 409 409 408 408 407 407 406 406 405 405 404 403 403 402 402 401 401 400 400 444 444 443 443 442 442 441 441 440 439 439 438 438 437 437 436 436 436 438 438 439 439 440 441 442 442 442 443 443 444 444 445 445 445 445 446 446 447 447 448 447 448 448 449 449 448 449 449 449 449 450 450 450 450 451 450 451 450 451 451 451 451 451 451 451 451 451 452 451 452 451
411 411 410 410 409 409 408 408 407 407 406 406 405 405 404 403 403 402 402 401 401 400 400 444 444 443 443 442 442 441 441 440 439 439 438 438 437 437 436 437 437 438 438 440 440 441 441 442 442 442 443 443 444 444 445 445 446 446 447 446 447 447 448 448 448 448 448 449 448 449 449 450 449 450 450 450 450 451 450 451 451 451 451 451 451 451 451 451 452 451 452 451 452 451
411 411 410 410 409 409 408 408 407 407 406 406 405 404 404 403 403 402 402 401 401 400 445 444 444 443 443 442 442 441 440 440 439 439 438 438 437 437 436 437 437 438 439 440 440 441 441 442 442 442 443 443 444 444 445 445 446 446 447 447 447 447 448 448 449 448 448 449 449 449 449 450 450 450 450 451 450 451 451 451 451 452 451 451 451 451 452 451 452 451 452 451 452 452
411 411 410 410 409 409 408 408 407 407 406 406 405 404 404 403 403 402 402 401 401 400 445 444 444 443 443 442 442 441 440 440 439 439 438 438 437 437 436 437 438 439 439 440 440 441 442 442 443 443 444 444 445 445 446 445 446 446 447 447 448 448 448 448 448 449 448 449 449 450 449 450 450 451 450 451 451 451 451 452 451 452 451 451 452 451 452 451 452 452 452 452 452 452
411 411 410 410 409 409 408 408 407 407 406 405 405 404 404 403 403 402 402 401 401 400 445 444 444 443 443 442 441 441 440 440 439 439 438 438 437 437 436 438 438 439 439 441 441 442 442 442 443 443 444 444 445 445 446 446 447 446 447 447 448 448 449 448 448 449 449 449 449 450 450 450 450 451 450 451 451 451 451 452 451 451 452 451 452 451 452 452 452 452 452 452 452 452
411 411 410 410 409 409 408 408 407 406 406 405 405 404 404 403 403 402 402 401 401 400 445 444 444 443 443 442 441 441 440 440 439 439 438 438 437 437 437 438 438 440 440 441 441 441 442 442 443 443 444 444 445 445 446 446 447 447 448 447 448 448 448 449 448 449 449 450 449 450 450 451 450 451 451 451 451 452 451 452 452 451 452 451 452 452 452 452 452 452 452 452 453 452
411 411 410 410 409 409 408 407 407 406 406 405 405 404 404 403 403 402 402 401 401 445 445 444 444 443 442 442 441 441 440 440 439 439 438 438 437 437 437 438 439 440 440 440 441 441 443 443 444 444 445 445 445 445 446 446 447 447 448 448 448 448 448 449 449 449 449 450 450 450 450 451 450 451 451 452 451 452 451 451 452 451 452 452 452 452 452 452 453 452 453 452 453 452
411 411 410 410 409 408 408 407 407 406 406 405 405 404 404 403 403 402 402 401 401 445 445 444 443 443 442 442 441 441 440 440 439 439 438 438 437 437 437 439 439 440 440 441 442 442 443 443 444 444 445 445 446 446 447 446 447 447 448 448 448 449 448 449 449 450 449 450 450 451 450 451 451 451 451 452 451 452 452 451 452 452 452 452 452 452 453 452 453 452 453 452 453 453
411 411 410 409 409 408 408 407 407 406 406 405 405 404 404 403 403 402 402 401 401 445 444 444 443 443 442 442 441 441 440 440 439 439 438 438 437 438 438 439 439 440 441 441 442 442 443 443 444 444 445 445 446 446 447 447 448 447 447 448 448 449 449 449 449 450 450 450 450 451 451 451 451 452 451 452 452 451 452 452 452 452 452 452 453 452 453 452 453 453 453 453 453 453
411 410 410 409 409 408 408 407 407 406 406 405 405 404 404 403 403 402 402 401 445 445 444 444 443 443 442 442 441 441 440 440 439 439 438 438 437 438 438 438 440 440 441 441 442 442 443 443 444 444 445 445 446 446 447 447 448 448 448 448 448 449 449 450 449 450 450 451 450 451 451 451 451 452 451 451 452 451 452 452 452 452 453 452 453 452 453 453 453 453 453 453 453 453
