testData/tiles/oneDegree/grid48.0-29.0-49.0-30.0.asc
ncols   200
nrows   200
xllcorner   48.0
yllcorner   29.0
cellsize   0.005
NODATA_value   -9999.0
[rows 84 to 125 of 200, columns 94 to 187 of 200]
347 347 347 442 442 442 442 442 442 442 442 442 442 442 442 442 442 442 442 442 442 442 442 442 442 442 442 442 442 442 442 442 443 443 443 444 444 444 444 445 445 445 445 446 446 446 447 447 447 447 448 448 448 448 449 449 449 449 450 450 450 450 451 451 451 451 452 452 452 452 452 453 453 453 453 454 454 454 454 454 455 455 455 455 456 456 456 456 456 457 457 457 457 457
347 347 347 347 442 442 442 442 442 442 442 442 442 442 442 442 442 442 442 442 442 442 442 442 442 442 442 442 442 442 443 443 443 443 444 444 444 445 445 445 445 446 446 446 446 447 447 447 447 448 448 448 449 449 449 449 450 450 450 450 451 451 451 451 452 452 452 452 452 453 453 453 453 454 454 454 454 455 455 455 455 455 456 456 456 456 456 457 457 457 457 457 458 458
347 347 347 347 347 442 442 442 442 442 442 442 442 442 442 442 442 442 442 442 442 442 442 442 442 442 442 442 442 443 443 443 444 444 444 444 445 445 445 445 446 446 446 447 447 447 447 448 448 448 448 449 449 449 449 450 450 450 450 451 451 451 451 452 452 452 452 453 453 453 453 454 454 454 454 455 455 455 455 455 456 456 456 456 456 457 457 457 457 457 458 458 458 458
347 347 347 347 347 347 347 442 442 442 442 442 442 442 442 442 442 442 442 442 442 442 442 442 442 442 442 442 443 443 443 444 444 444 444 445 445 445 446 446 446 446 447 447 447 448 448 448 448 449 449 449 449 450 450 450 450 451 451 451 451 452 452 452 452 453 453 453 453 454 454 454 454 454 455 455 455 455 456 456 456 456 456 457 457 457 457 458 458 458 458 458 459 459
347 347 347 347 347 347 347 347 442 442 442 442 442 442 442 442 442 442 442 442 442 442 442 442 442 442 443 443 443 443 444 444 444 445 445 445 445 446 446 446 447 447 447 447 448 448 448 448 449 449 449 450 450 450 450 451 451 451 451 452 452 452 452 453 453 453 453 454 454 454 454 454 455 455 455 455 456 456 456 456 456 457 457 457 457 458 458 458 458 458 459 459 459 459
347 347 347 347 347 347 347 347 347 442 442 442 442 442 442 442 442 442 442 442 442 442 442 442 442 443 443 443 444 444 444 444 445 445 445 446 446 446 446 447 447 447 448 448 448 448 449 449 449 449 450 450 450 450 451 451 451 452 452 452 452 453 453 453 453 453 454 454 454 454 455 455 455 455 456 456 456 456 457 457 457 457 457 458 458 458 458 458 459 459 459 459 459 460
347 347 347 347 347 347 347 347 347 347 442 442 442 442 442 442 442 442 442 442 442 442 442 442 443 443 443 444 444 444 445 445 445 445 446 446 446 447 447 447 447 448 448 448 449 449 449 449 450 450 450 450 451 451 451 451 452 452 452 452 453 453 453 453 454 454 454 454 455 455 455 455 456 456 456 456 457 457 457 457 457 458 458 458 458 458 459 459 459 459 459 460 460 460
347 347 347 347 347 347 347 347 347 347 347 442 442 442 442 442 442 442 442 442 442 442 443 443 443 443 444 444 444 445 445 445 446 446 446 446 447 447 447 448 448 448 448 449 449 449 449 450 450 450 451 451 451 451 452 452 452 452 453 453 453 453 454 454 454 454 455 455 455 455 456 456 456 456 456 457 457 457 457 458 458 458 458 458 459 459 459 459 460 460 460 460 460 461
347 347 347 347 347 347 347 347 347 347 347 347 442 442 442 442 442 442 442 442 442 443 443 443 444 444 444 444 445 445 445 446 446 446 447 447 447 447 448 448 448 449 449 449 449 450 450 450 450 451 451 451 451 452 452 452 453 453 453 453 454 454 454 454 455 455 455 455 456 456 456 456 456 457 457 457 457 458 458 458 458 459 459 459 459 459 460 460 460 460 460 461 461 461
347 347 347 347 347 347 347 347 347 347 347 347 347 347 442 442 442 442 442 442 443 443 443 444 444 444 445 445 445 445 446 446 446 447 447 447 448 448 448 448 449 449 449 449 450 450 450 451 451 451 451 452 452 452 452 453 453 453 453 454 454 454 454 455 455 455 455 456 456 456 456 457 457 457 457 458 458 458 458 459 459 459 459 459 460 460 460 460 460 461 461 461 461 461
347 347 347 347 347 347 347 347 347 347 347 347 347 347 347 442 442 442 443 443 443 443 444 444 444 445 445 445 446 446 446 446 447 447 447 448 448 448 448 449 449 449 450 450 450 450 451 451 451 452 452 452 452 453 453 453 453 454 454 454 454 455 455 455 455 456 456 456 456 457 457 457 457 458 458 458 458 459 459 459 459 459 460 460 460 460 460 461 461 461 461 462 462 462
347 347 347 347 347 347 347 347 347 347 347 347 347 347 347 347 442 443 443 443 444 444 444 444 445 445 445 446 446 446 447 447 447 447 448 448 448 449 449 449 449 450 450 450 451 451 451 451 452 452 452 452 453 453 453 454 454 454 454 455 455 455 455 456 456 456 456 457 457 457 457 458 458 458 458 458 459 459 459 459 460 460 460 460 461 461 461 461 461 462 462 462 462 462
347 347 347 347 347 347 347 347 347 347 347 347 347 347 347 347 348 443 443 444 444 444 445 445 445 445 446 446 446 447 447 447 448 448 448 448 449 449 449 450 450 450 450 451 451 451 452 452 452 452 453 453 453 453 454 454 454 454 455 455 455 456 456 456 456 457 457 457 457 458 458 458 458 458 459 459 459 459 460 460 460 460 461 461 461 461 461 462 462 462 462 462 463 463
347 347 347 347 347 347 347 347 347 347 347 347 347 347 347 348 348 348 349 444 444 445 445 445 446 446 446 446 447 447 447 448 448 448 449 449 449 449 450 450 450 451 451 451 451 452 452 452 453 453 453 453 454 454 454 454 455 455 455 455 456 456 456 456 457 457 457 457 458 458 458 458 459 459 459 459 460 460 460 460 461 461 461 461 461 462 462 462 462 462 463 463 463 463
347 347 347 347 347 347 347 347 347 347 347 347 347 348 348 348 348 349 349 349 445 445 445 446 446 446 447 447 447 447 448 448 448 449 449 449 450 450 450 450 451 451 451 452 452 452 452 453 453 453 453 454 454 454 455 455 455 455 456 456 456 456 457 457 457 457 458 458 458 458 459 459 459 459 460 460 460 460 461 461 461 461 461 462 462 462 462 462 463 463 463 463 464 464
347 347 347 347 347 347 347 347 347 347 347 347 348 348 348 349 349 349 349 350 350 445 446 446 446 447 447 447 448 448 448 448 449 449 449 450 450 450 451 451 451 451 452 452 452 453 453 453 453 454 454 454 454 455 455 455 456 456 456 456 457 457 457 457 458 458 458 458 459 459 459 459 460 460 460 460 460 461 461 461 461 462 462 462 462 463 463 463 463 463 464 464 464 464
347 347 347 347 347 347 347 347 347 347 347 348 348 348 349 349 349 350 350 350 351 351 446 446 447 447 447 448 448 448 449 449 449 449 450 450 450 451 451 451 452 452 452 452 453 453 453 453 454 454 454 455 455 455 455 456 456 456 456 457 457 457 457 458 458 458 459 459 459 459 459 460 460 460 460 461 461 461 461 462 462 462 462 463 463 463 463 463 464 464 464 464 464 465
347 347 347 347 347 347 347 347 347 347 348 348 348 349 349 349 350 350 350 351 351 351 352 352 447 447 448 448 448 449 449 449 450 450 450 450 451 451 451 452 452 452 452 453 453 453 454 454 454 454 455 455 455 456 456 456 456 457 457 457 457 458 458 458 458 459 459 459 459 460 460 460 460 461 461 461 461 462 462 462 462 463 463 463 463 463 464 464 464 464 464 465 465 465
347 347 347 347 347 347 347 347 347 348 348 348 349 349 349 350 350 350 351 351 351 352 352 352 353 448 448 448 449 449 449 450 450 450 451 451 451 451 452 452 452 453 453 453 453 454 454 454 455 455 455 455 456 456 456 457 457 457 457 458 458 458 458 459 459 459 459 460 460 460 460 461 461 461 461 462 462 462 462 463 463 463 463 463 464 464 464 464 465 465 465 465 465 466
347 347 347 347 347 347 347 347 348 348 348 349 349 349 350 350 350 351 351 351 352 352 352 353 353 353 449 449 449 449 450 450 450 451 451 451 452 452 452 452 453 453 453 454 454 454 454 455 455 455 456 456 456 456 457 457 457 457 458 458 458 459 459 459 459 460 460 460 460 461 461 461 461 462 462 462 462 462 463 463 463 463 464 464 464 464 465 465 465 465 465 466 466 466
347 347 347 347 347 347 348 348 348 349 349 349 349 350 350 350 351 351 351 352 352 352 353 353 353 354 354 354 450 450 450 450 451 451 451 452 452 452 453 453 453 453 454 454 454 455 455 455 455 456 456 456 457 457 457 457 458 458 458 458 459 459 459 459 460 460 460 460 461 461 461 461 462 462 462 462 463 463 463 463 464 464 464 464 465 465 465 465 465 466 466 466 466 466
347 347 347 347 347 348 348 348 349 349 349 350 350 350 351 351 351 351 352 352 352 353 353 353 354 354 354 355 355 450 451 451 451 451 452 452 452 453 453 453 454 454 454 454 455 455 455 456 456 456 456 457 457 457 457 458 458 458 459 459 459 459 460 460 460 460 461 461 461 461 462 462 462 462 463 463 463 463 464 464 464 464 465 465 465 465 465 466 466 466 466 466 467 467
347 347 347 347 348 348 348 349 349 349 350 350 350 351 351 351 352 352 352 352 353 353 353 354 354 354 355 355 355 356 451 451 452 452 452 452 453 453 453 454 454 454 455 455 455 455 456 456 456 457 457 457 457 458 458 458 458 459 459 459 460 460 460 460 461 461 461 461 462 462 462 462 463 463 463 463 464 464 464 464 464 465 465 465 465 466 466 466 466 467 467 467 467 467
347 347 347 348 348 348 349 349 349 350 350 350 351 351 351 352 352 352 353 353 353 354 354 354 354 355 355 355 356 356 356 357 452 452 453 453 453 453 454 454 454 455 455 455 455 456 456 456 457 457 457 457 458 458 458 459 459 459 459 460 460 460 460 461 461 461 462 462 462 462 463 463 463 463 464 464 464 464 464 465 465 465 465 466 466 466 466 467 467 467 467 467 468 468
347 347 348 348 348 349 349 349 350 350 350 351 351 351 352 352 352 353 353 353 354 354 354 355 355 355 355 356 356 356 357 357 357 453 453 453 454 454 454 454 455 455 455 456 456 456 456 457 457 457 458 458 458 458 459 459 459 460 460 460 460 461 461 461 461 462 462 462 462 463 463 463 463 464 464 464 464 465 465 465 465 466 466 466 466 467 467 467 467 467 468 468 468 468
347 348 348 348 349 349 349 350 350 350 351 351 351 352 352 352 353 353 353 354 354 354 355 355 355 356 356 356 356 357 357 357 358 358 453 454 454 454 455 455 455 455 456 456 456 457 457 457 457 458 458 458 459 459 459 459 460 460 460 461 461 461 461 462 462 462 462 463 463 463 463 464 464 464 464 465 465 465 465 466 466 466 466 467 467 467 467 467 468 468 468 468 469 469
348 348 348 349 349 349 350 350 350 351 351 351 352 352 352 353 353 353 354 354 354 355 355 355 356 356 356 357 357 357 357 358 358 358 359 359 454 455 455 455 456 456 456 456 457 457 457 458 458 458 458 459 459 459 460 460 460 460 461 461 461 461 462 462 462 463 463 463 463 464 464 464 464 465 465 465 465 466 466 466 466 466 467 467 467 467 468 468 468 468 469 469 469 469
348 348 349 349 349 350 350 350 351 351 351 352 352 352 353 353 353 354 354 354 355 355 355 356 356 356 357 357 357 358 358 358 359 359 359 359 360 455 455 456 456 456 457 457 457 457 458 458 458 459 459 459 459 460 460 460 461 461 461 461 462 462 462 462 463 463 463 463 464 464 464 464 465 465 465 465 466 466 466 466 467 467 467 467 468 468 468 468 469 469 469 469 469 470
348 349 349 349 350 350 350 351 351 351 352 352 352 353 353 353 354 354 354 355 355 355 356 356 356 357 357 357 358 358 358 359 359 359 360 360 360 360 456 456 456 457 457 457 458 458 458 458 459 459 459 460 460 460 460 461 461 461 461 462 462 462 463 463 463 463 464 464 464 464 465 465 465 465 466 466 466 466 467 467 467 467 468 468 468 468 469 469 469 469 469 470 470 470
349 349 349 350 350 350 351 351 352 352 352 353 353 353 354 354 354 355 355 355 355 356 356 356 357 357 357 358 358 358 359 359 359 360 360 360 361 361 361 361 457 457 457 458 458 458 459 459 459 459 460 460 460 461 461 461 461 462 462 462 462 463 463 463 464 464 464 464 465 465 465 465 466 466 466 466 467 467 467 467 468 468 468 468 469 469 469 469 469 470 470 470 470 471
349 349 350 350 351 351 351 352 352 352 353 353 353 354 354 354 355 355 355 356 356 356 357 357 357 357 358 358 358 359 359 359 360 360 360 361 361 361 362 362 362 457 458 458 458 459 459 459 459 460 460 460 461 461 461 461 462 462 462 463 463 463 463 464 464 464 464 465 465 465 466 466 466 466 467 467 467 467 468 468 468 468 468 469 469 469 469 470 470 470 470 471 471 471
349 350 350 351 351 351 352 352 352 353 353 353 354 354 354 355 355 355 356 356 356 357 357 357 358 358 358 358 359 359 359 360 360 360 361 361 361 362 362 362 363 363 363 458 459 459 459 460 460 460 460 461 461 461 462 462 462 462 463 463 463 464 464 464 464 465 465 465 465 466 466 466 466 467 467 467 467 468 468 468 468 469 469 469 469 470 470 470 470 471 471 471 471 471
350 350 351 351 351 352 352 352 353 353 353 354 354 354 355 355 355 356 356 356 357 357 357 358 358 358 359 359 359 360 360 360 360 361 361 361 362 362 362 363 363 363 364 364 459 459 460 460 460 461 461 461 461 462 462 462 463 463 463 463 464 464 464 465 465 465 465 466 466 466 466 467 467 467 467 468 468 468 468 469 469 469 469 470 470 470 470 471 471 471 471 471 472 472
350 351 351 351 352 352 352 353 353 353 354 354 354 355 355 355 356 356 356 357 357 357 358 358 358 359 359 359 360 360 360 361 361 361 361 362 362 362 363 363 363 364 364 364 365 460 460 460 461 461 461 462 462 462 462 463 463 463 464 464 464 464 465 465 465 465 466 466 466 467 467 467 467 468 468 468 468 469 469 469 469 470 470 470 470 470 471 471 471 471 472 472 472 472
351 351 351 352 352 352 353 353 353 354 354 354 355 355 355 356 356 356 357 357 357 358 358 358 359 359 359 360 360 360 361 361 361 362 362 362 362 363 363 363 364 364 364 365 365 365 366 461 461 461 462 462 462 463 463 463 463 464 464 464 465 465 465 465 466 466 466 466 467 467 467 467 468 468 468 469 469 469 469 469 470 470 470 470 471 471 471 471 472 472 472 472 473 473
351 351 352 352 352 353 353 353 354 354 354 355 355 355 356 356 356 357 357 357 358 358 358 359 359 359 360 360 360 361 361 361 362 362 362 363 363 363 363 364 364 364 365 365 365 366 366 366 462 462 462 462 463 463 463 464 464 464 464 465 465 465 465 466 466 466 467 467 467 467 468 468 468 468 469 469 469 469 470 470 470 470 471 471 471 471 472 472 472 472 473 473 473 473
351 352 352 352 353 353 353 354 354 354 355 355 355 356 356 356 357 357 357 358 358 358 359 359 359 360 360 360 361 361 361 362 362 362 363 363 363 364 364 364 364 365 365 365 366 366 366 367 367 367 462 463 463 463 464 464 464 465 465 465 465 466 466 466 466 467 467 467 468 468 468 468 469 469 469 469 470 470 470 470 471 471 471 471 472 472 472 472 473 473 473 473 473 474
352 352 352 353 353 353 354 354 354 355 355 355 356 356 356 357 357 357 358 358 358 359 359 359 360 360 360 361 361 361 362 362 362 363 363 363 364 364 364 365 365 365 365 366 366 366 367 367 367 368 368 463 463 464 464 464 465 465 465 465 466 466 466 467 467 467 467 468 468 468 468 469 469 469 470 470 470 470 471 471 471 471 472 472 472 472 472 473 473 473 473 474 474 474
352 352 353 353 353 354 354 354 355 355 355 356 356 356 357 357 357 358 358 359 359 359 360 360 360 360 361 361 361 362 362 362 363 363 363 364 364 364 365 365 365 366 366 366 366 367 367 367 368 368 368 369 369 464 464 465 465 465 466 466 466 466 467 467 467 468 468 468 468 469 469 469 469 470 470 470 470 471 471 471 471 472 472 472 472 473 473 473 473 474 474 474 474 475
352 353 353 353 354 354 354 355 355 355 356 356 357 357 357 358 358 358 359 359 359 360 360 360 361 361 361 362 362 362 362 363 363 363 364 364 364 365 365 365 366 366 366 367 367 367 368 368 368 368 369 369 369 370 465 465 465 466 466 466 467 467 467 467 468 468 468 469 469 469 469 470 470 470 470 471 471 471 471 472 472 472 472 473 473 473 473 474 474 474 474 475 475 475
353 353 353 354 354 354 355 355 355 356 356 357 357 357 358 358 358 359 359 359 360 360 360 361 361 361 362 362 362 363 363 363 364 364 364 364 365 365 365 366 366 366 367 367 367 368 368 368 368 369 369 369 370 370 370 371 466 466 466 467 467 467 468 468 468 468 469 469 469 469 470 470 470 471 471 471 471 472 472 472 472 473 473 473 473 474 474 474 474 475 475 475 475 475
353 353 354 354 354 355 355 355 356 356 357 357 357 358 358 358 359 359 359 360 360 360 361 361 361 362 362 362 363 363 363 364 364 364 365 365 365 365 366 366 366 367 367 367 368 368 368 369 369 369 369 370 370 370 371 371 371 467 467 467 467 468 468 468 469 469 469 469 470 470 470 470 471 471 471 471 472 472 472 473 473 473 473 474 474 474 474 474 475 475 475 475 476 476
