testData/tiles/oneDegree/grid42.0-25.0-43.0-26.0.asc
ncols   200
nrows   200
xllcorner   42.0
yllcorner   25.0
cellsize   0.005
NODATA_value   -9999.0
[rows 84 to 125 of 200, columns 94 to 187 of 200]
532 533 533 533 534 535 535 536 536 536 537 537 537 538 538 538 539 539 407 407 408 408 408 409 409 409 410 410 410 410 411 411 411 412 412 413 413 414 414 414 415 415 415 415 416 416 416 416 417 417 417 417 418 418 418 418 419 419 419 419 420 420 420 420 421 421 421 421 421 422 422 422 422 422 423 423 423 423 423 424 424 424 424 424 425 367 367 367 367 367 368 368 368 368
533 532 533 533 533 534 534 534 535 536 536 537 537 537 538 538 538 538 406 406 406 407 407 408 409 409 409 409 410 410 410 411 411 411 411 412 412 412 413 413 413 413 415 415 415 415 416 416 416 416 417 417 417 417 418 418 418 418 419 419 419 419 420 420 420 420 421 421 421 421 421 422 422 422 422 422 423 423 423 423 423 424 424 424 424 424 424 425 367 367 367 367 367 368
533 533 533 534 534 533 534 534 534 535 535 535 536 537 537 537 538 538 405 406 406 406 407 407 407 407 408 409 409 410 410 410 411 411 411 411 412 412 412 412 413 413 413 414 414 414 414 415 415 415 416 417 417 417 417 418 418 418 418 418 419 419 419 419 420 420 420 420 421 421 421 421 421 422 422 422 422 422 423 423 423 423 423 423 424 424 424 424 424 424 367 367 367 366
533 533 533 533 535 534 534 535 535 534 535 535 535 535 536 536 536 538 538 405 406 406 406 407 407 407 407 408 408 408 409 409 409 410 411 411 411 412 412 412 412 413 413 413 413 414 414 414 414 415 415 415 415 416 416 416 416 417 417 417 417 418 418 418 418 418 419 419 419 419 419 420 420 420 420 421 421 421 421 421 421 422 422 422 422 422 423 423 423 423 423 423 424 366
534 533 534 534 534 534 534 534 536 535 535 535 535 535 535 536 536 536 537 404 404 406 406 406 406 407 407 407 408 408 408 408 409 409 409 410 410 410 410 411 412 412 412 413 413 413 413 414 414 414 414 415 415 415 415 416 416 416 416 417 417 417 417 418 418 418 418 418 419 419 419 419 419 420 420 420 420 420 421 421 421 421 421 422 422 422 422 422 422 423 423 423 423 423
535 534 534 535 535 534 535 535 535 534 535 536 536 536 536 536 536 536 536 404 404 404 404 405 405 405 407 407 407 407 408 408 408 409 409 409 409 410 410 410 411 411 411 411 412 412 412 412 414 414 414 414 415 415 415 415 416 416 416 416 416 417 417 417 417 418 418 418 418 418 419 419 419 419 419 420 420 420 420 420 421 421 421 421 421 421 422 422 422 422 422 422 423 423
533 534 534 535 536 535 535 535 536 535 535 536 535 535 536 537 536 537 537 404 403 404 404 404 405 405 405 406 406 406 406 408 408 408 408 409 409 409 410 410 410 410 411 411 411 411 412 412 412 412 413 413 413 413 414 414 414 414 415 415 415 415 416 417 417 417 417 418 418 418 418 418 419 419 419 419 419 420 420 420 420 419 419 420 420 420 420 420 420 421 421 421 421 421
534 534 535 535 534 534 536 536 535 536 536 536 536 536 536 537 536 536 536 537 404 404 405 404 404 405 405 405 405 406 406 406 407 407 407 407 408 408 409 409 410 410 410 410 411 411 411 411 412 412 412 412 413 413 413 413 414 414 414 414 415 415 415 415 415 416 416 416 416 417 417 417 417 417 418 418 418 418 418 418 419 419 419 419 419 420 420 420 420 420 420 421 421 421
535 535 535 535 535 535 535 536 535 535 537 537 536 537 537 537 537 537 537 537 404 404 404 404 405 405 405 405 405 405 406 406 406 406 407 407 407 407 408 408 408 409 409 409 409 411 411 411 411 412 412 412 412 413 413 413 413 413 414 414 414 414 415 415 415 415 415 416 416 416 416 416 417 417 417 417 417 418 418 418 418 418 419 419 419 419 419 419 420 420 420 420 420 420
534 534 536 536 535 536 536 536 536 536 536 537 536 536 538 538 537 537 538 538 404 405 405 404 404 405 405 404 405 405 405 405 406 406 406 407 407 407 407 408 408 408 408 409 409 409 409 410 410 410 410 411 411 411 411 412 412 413 413 414 414 414 414 414 415 415 415 415 415 416 416 416 416 416 417 417 417 417 417 418 418 418 418 418 418 419 418 418 418 418 418 419 419 419
535 535 535 535 535 536 537 537 536 537 537 537 537 537 537 537 537 537 538 538 405 405 406 405 405 405 405 405 405 405 405 405 405 405 405 405 406 407 407 407 407 408 408 408 408 409 409 409 409 410 410 410 410 411 411 411 411 412 412 412 412 413 413 413 413 413 414 414 414 414 414 415 415 415 415 415 416 416 416 416 416 416 417 417 417 417 417 418 418 418 418 418 418 418
535 536 536 535 536 536 536 536 536 537 538 537 537 537 538 537 537 538 538 537 405 405 405 405 406 406 405 406 406 406 405 406 406 405 405 406 405 405 406 406 406 406 407 408 408 408 409 409 409 409 410 410 410 410 411 411 411 411 411 412 412 412 412 413 413 413 413 413 414 414 414 414 414 415 415 415 415 415 416 416 416 416 416 416 417 417 417 417 417 417 418 418 418 418
536 536 536 536 536 537 536 536 537 537 537 536 537 538 538 538 538 538 539 538 538 405 405 405 405 406 405 405 406 407 406 406 407 406 406 406 406 406 406 405 406 406 406 406 407 407 407 407 408 408 408 408 409 410 410 410 411 411 411 411 411 412 412 412 412 413 413 413 413 413 414 414 414 414 414 414 415 415 415 415 415 416 416 416 416 416 416 417 417 417 416 416 416 417
536 535 535 536 537 537 537 537 537 537 537 537 537 538 537 537 538 539 538 538 539 406 405 406 406 406 405 406 406 405 406 406 406 405 407 407 406 406 407 406 406 406 406 406 406 406 407 407 407 407 408 408 408 408 409 409 409 409 410 410 410 410 410 411 411 411 411 411 412 412 412 412 412 413 413 413 413 413 414 414 414 414 414 414 415 415 415 415 415 415 416 416 416 416
535 536 536 536 537 536 536 538 538 538 537 538 538 538 538 538 538 538 538 538 538 407 406 406 407 406 406 406 407 406 406 406 406 406 406 407 406 406 406 406 406 407 406 407 407 406 406 407 407 407 407 408 408 408 408 408 409 409 409 409 410 410 410 410 410 411 411 411 411 411 412 412 412 412 412 413 413 413 413 413 414 414 414 414 414 414 415 415 415 415 415 415 415 416
536 536 537 537 536 537 537 537 537 537 537 538 539 538 538 539 539 538 538 539 539 405 406 406 406 405 407 407 407 406 407 407 406 407 407 407 406 407 407 406 406 407 406 406 406 406 406 406 405 406 407 407 407 408 408 408 408 408 409 409 409 409 410 410 410 410 410 411 411 411 411 411 412 412 412 412 412 413 413 413 413 413 413 414 414 414 414 414 414 415 415 415 415 414
536 536 537 537 537 537 537 538 537 537 538 538 537 538 538 539 539 539 539 539 540 539 406 406 407 406 406 407 406 406 406 407 407 407 407 407 407 407 407 407 407 407 406 407 407 406 406 407 406 406 406 406 406 406 406 407 407 407 407 407 408 408 408 408 409 409 409 409 409 410 410 410 410 410 411 411 411 411 411 411 412 412 412 412 412 412 413 413 413 413 413 413 414 414
536 537 536 536 536 537 538 537 538 538 538 539 538 538 538 539 538 538 539 539 539 539 407 407 406 407 407 407 406 407 407 406 407 407 407 406 407 407 406 407 408 408 407 407 408 407 407 407 407 407 407 406 406 406 406 406 406 407 407 407 407 407 408 408 408 408 409 409 409 409 409 410 410 410 410 410 410 411 411 411 411 411 411 412 412 412 412 412 412 413 413 413 413 413
537 536 536 537 537 537 537 537 537 538 539 538 538 539 539 538 539 539 539 539 539 539 406 406 406 407 407 407 407 407 408 407 407 407 407 407 407 407 407 407 407 406 407 407 406 406 407 406 407 407 407 407 407 406 407 407 406 406 406 407 407 407 407 407 408 408 408 408 408 409 409 409 409 409 410 410 410 410 410 411 411 411 411 411 411 412 412 412 412 412 412 412 413 413
535 537 537 537 538 537 537 538 538 538 538 538 538 538 539 539 539 540 539 539 539 540 407 406 407 407 406 406 407 407 407 407 408 408 407 407 408 407 407 407 408 407 407 407 407 407 407 406 407 407 406 406 407 406 406 406 406 406 406 405 405 406 406 407 407 407 408 408 408 408 408 409 409 409 409 409 410 410 410 410 409 409 410 410 410 410 410 410 411 411 411 411 411 411
536 536 537 537 536 538 538 538 539 538 538 538 539 538 538 539 539 539 539 540 540 540 407 407 407 407 407 407 407 407 407 407 407 407 407 407 407 408 408 408 407 408 408 408 407 408 408 407 407 408 407 407 407 406 407 407 406 406 407 406 406 405 405 406 406 406 406 406 407 407 407 407 407 408 408 408 408 408 408 409 409 409 409 409 409 410 410 410 410 410 410 411 411 411
537 537 537 537 537 537 538 537 537 538 539 539 538 539 539 539 539 539 539 539 540 539 539 407 408 407 407 408 408 407 407 408 408 407 407 408 407 407 407 408 407 407 407 407 407 408 407 408 408 408 407 408 408 407 407 407 407 407 406 406 407 406 406 406 405 406 406 406 406 406 407 407 407 407 407 407 408 408 408 408 408 408 409 409 409 409 409 409 410 410 410 410 410 410
537 537 537 537 538 538 537 537 538 538 538 538 538 539 540 540 539 539 540 540 539 539 540 407 406 407 407 407 406 408 408 408 407 408 408 408 407 408 408 407 407 408 408 407 407 408 407 407 407 407 407 407 406 407 407 406 406 407 407 407 407 406 406 407 406 406 405 406 406 406 406 406 406 407 407 407 407 407 408 408 408 408 408 408 409 409 408 408 408 408 408 409 409 409
536 536 537 538 538 537 538 538 538 539 538 538 539 539 538 538 539 540 540 540 540 540 540 407 407 407 407 407 407 407 408 407 407 407 408 408 408 408 409 408 408 408 408 408 408 407 408 408 408 407 407 408 407 407 407 407 407 407 406 406 407 406 406 406 405 406 405 405 405 404 405 405 405 405 405 406 406 406 406 406 406 407 407 407 407 407 407 408 408 408 408 408 408 408
537 537 537 537 537 537 537 539 538 538 539 539 539 538 539 539 539 540 539 539 539 540 540 407 408 408 407 407 408 408 407 407 408 408 407 407 408 408 407 407 408 407 407 408 409 408 408 408 408 408 408 407 407 408 408 407 407 408 407 407 406 406 407 406 406 406 405 406 406 405 405 404 405 405 405 405 405 405 406 406 406 406 406 406 407 407 407 407 407 407 408 408 408 408
537 538 537 537 537 538 538 537 538 538 538 539 539 539 539 540 540 539 539 540 540 539 540 407 407 406 407 408 408 407 408 408 408 407 408 408 408 407 408 408 408 407 408 408 407 407 408 408 407 407 408 407 407 407 407 408 408 407 407 408 407 407 407 406 407 407 406 406 405 406 406 405 405 405 404 405 405 405 405 405 406 406 406 406 406 406 406 407 407 406 406 406 406 406
536 536 537 538 538 537 538 538 538 539 538 538 538 539 539 538 540 540 540 540 540 540 540 540 407 407 407 408 407 407 407 408 407 408 408 409 408 408 408 409 408 408 408 408 408 408 408 407 408 408 407 407 408 407 407 407 407 407 407 407 406 407 407 406 406 405 406 406 405 405 405 404 405 404 404 404 403 404 404 404 404 404 404 405 405 405 405 405 405 405 406 406 406 406
536 537 537 537 537 537 538 539 539 538 538 539 539 539 539 539 539 539 539 539 540 540 541 540 407 408 408 407 407 408 408 407 407 408 408 407 407 408 408 407 407 409 409 408 408 409 408 408 408 409 408 408 408 407 408 408 407 407 407 407 407 407 406 406 407 406 406 406 405 406 406 405 405 404 405 405 404 404 403 403 404 404 404 404 404 404 405 405 405 405 405 405 405 406
537 537 537 537 537 538 538 537 537 538 539 539 539 539 539 539 540 539 539 540 540 540 539 540 407 407 407 408 408 408 407 408 408 408 407 408 408 408 407 408 408 408 407 408 408 407 407 408 408 407 408 409 408 408 408 407 408 408 408 407 407 408 407 407 407 406 407 406 406 406 405 406 406 405 405 405 404 405 404 404 404 403 403 404 404 404 404 404 404 405 405 405 405 404
536 537 537 538 538 538 537 538 538 538 539 538 538 538 540 540 539 540 540 540 539 540 540 540 407 407 407 407 408 407 407 408 409 408 408 408 409 408 408 408 409 408 408 408 408 408 408 408 407 408 408 407 407 408 408 407 407 407 407 407 407 406 406 407 406 406 406 405 406 406 405 405 405 404 405 404 404 404 403 404 403 403 403 402 402 402 403 403 403 403 403 403 403 404
536 537 537 537 537 538 538 538 539 538 538 539 539 539 538 539 539 539 539 540 540 540 541 540 407 407 408 408 407 407 408 408 407 407 408 408 407 407 409 409 408 408 409 409 408 408 409 408 408 408 408 408 408 408 407 408 408 407 407 407 407 407 407 406 406 407 406 406 406 405 405 406 405 405 405 404 405 404 404 404 403 403 403 403 403 402 402 402 402 403 403 403 403 403
537 537 537 537 537 537 538 537 538 539 539 539 538 539 539 539 540 539 539 539 540 540 539 539 541 408 407 407 408 408 408 407 408 408 408 407 408 408 408 407 408 408 408 407 408 408 407 408 409 409 408 408 408 408 408 408 408 408 408 408 407 407 408 407 407 407 406 406 407 406 406 406 405 406 405 405 405 404 404 405 404 404 403 403 403 403 403 402 402 402 402 402 403 403
537 537 537 537 538 537 537 538 538 538 538 538 538 539 540 540 539 539 540 540 539 539 540 540 540 407 407 407 407 407 408 408 408 409 408 408 408 409 408 408 408 408 408 408 408 407 408 408 408 407 408 408 407 407 407 408 407 407 407 406 407 407 406 406 407 407 407 407 406 406 407 406 406 406 405 405 406 405 405 403 403 403 403 403 402 402 402 401 402 401 401 401 401 401
536 536 537 537 537 538 538 538 538 538 538 538 539 539 538 538 539 540 540 540 540 540 540 541 540 407 407 408 407 407 407 408 407 407 407 408 408 408 408 409 408 408 408 409 408 408 408 408 408 408 408 407 408 408 408 407 407 408 407 407 407 406 407 407 407 406 406 407 406 406 406 405 405 405 405 405 404 404 405 404 404 403 403 403 402 403 403 402 402 401 401 400 401 401
537 536 536 537 537 537 538 538 538 538 539 539 538 538 539 539 539 539 539 539 539 540 540 540 540 408 407 407 407 408 408 407 408 408 408 407 407 408 408 407 407 408 408 407 407 409 409 408 408 408 408 408 408 408 408 408 408 407 407 408 408 407 407 407 407 407 407 406 406 407 406 406 406 405 405 406 405 405 404 404 404 404 404 404 403 403 402 402 403 402 402 401 401 400
536 537 537 537 538 537 537 537 538 538 537 539 539 539 539 539 539 539 539 540 539 539 540 540 540 406 407 407 408 407 408 408 408 408 408 408 408 408 408 408 408 408 407 408 408 408 407 408 408 407 407 407 408 407 407 407 407 407 408 408 407 408 408 407 407 407 407 407 407 406 406 406 406 406 406 405 405 405 405 405 405 404 404 403 404 403 402 402 401 401 401 401 401 400
536 536 538 537 537 537 538 538 537 538 538 538 538 538 538 538 540 540 539 539 540 540 540 539 540 540 407 407 407 407 407 407 407 407 408 408 408 408 408 408 409 408 408 408 408 408 408 408 407 408 408 408 407 407 408 407 407 407 408 407 407 407 406 406 407 406 406 406 405 406 406 405 405 405 404 405 405 404 404 404 403 404 404 403 403 402 402 403 402 402 401 401 401 400
536 536 536 536 537 537 537 538 538 538 538 538 538 538 539 539 539 538 539 539 539 539 540 540 540 540 407 407 407 408 408 407 407 407 408 407 407 407 408 407 407 407 409 408 408 408 409 408 408 408 408 408 408 408 407 407 408 408 407 407 407 407 407 407 406 406 407 407 406 406 406 406 406 406 405 405 405 405 405 404 404 404 403 403 404 403 403 402 402 402 401 402 401 401
536 537 537 537 536 537 537 537 538 537 538 538 539 539 539 538 539 539 539 540 539 539 539 540 539 539 407 408 408 407 407 408 408 407 407 408 408 408 407 408 408 408 407 407 408 408 407 407 408 408 407 407 407 407 408 408 408 407 408 408 407 407 407 408 407 407 407 406 407 407 406 406 406 405 406 406 405 405 405 404 405 405 404 404 403 403 403 403 403 401 401 401 400 400
536 536 536 537 537 537 538 537 537 537 538 538 538 537 539 539 539 540 539 539 539 540 540 539 539 540 407 406 406 407 407 407 406 408 408 408 407 408 408 408 407 408 408 408 407 407 408 408 407 407 408 408 407 407 407 408 407 407 407 406 407 407 407 406 406 407 406 406 406 405 405 406 405 405 405 404 404 405 404 404 404 403 403 404 403 403 402 402 402 401 402 401 401 401
535 536 536 536 538 537 537 537 538 538 537 538 538 538 538 539 538 538 538 540 540 539 539 540 540 540 407 407 407 407 407 407 407 407 407 407 407 407 407 407 408 408 408 408 408 408 408 407 408 408 408 407 408 408 407 407 407 408 407 407 407 406 407 407 407 406 406 406 406 406 406 405 405 405 405 405 405 404 404 404 404 404 404 403 403 403 403 403 402 402 402 401 401 400
536 536 536 536 536 536 537 537 537 538 538 538 538 538 538 538 538 539 539 538 539 539 539 539 539 540 540 407 407 407 407 407 408 407 407 407 408 407 407 407 407 407 407 407 407 407 407 407 407 406 408 408 408 407 407 408 408 407 407 407 407 407 407 407 406 407 407 406 406 406 406 406 406 405 405 405 405 405 405 404 404 404 403 404 404 403 403 403 402 402 402 402 402 400
