testData/tiles/oneDegree/grid21.0-15.0-22.0-16.0.asc
ncols   200
nrows   200
xllcorner   21.0
yllcorner   15.0
cellsize   0.005
NODATA_value   -9999.0
[rows 114 to 151 of 200, columns 84 to 167 of 200]
1097 1097 1097 1097 1099 1099 1099 1037 1037 1039 1017 1018 1018 1019 1018 1020 1020 1019 1020 1021 1021 1021 1023 1022 1022 1022 1023 1023 1023 1023 1025 1024 1024 1025 1025 1025 1026 1025 1026 1026 1026 1026 1027 1027 1027 1111 1111 1112 1112 1111 1112 1112 1111 1054 1055 1054 1054 1053 1054 1055 1054 1054 1055 1055 1055 1055 1055 1055 1056 1053 1053 1054 1053 1053 1054 1055 1055 1055 1055 1055 1057 1055 1055 1055
1096 1097 1097 1098 1099 1098 1099 1101 1100 1016 1017 1017 1017 1018 1018 1019 1019 1018 1020 1020 1020 1020 1022 1021 1021 1023 1022 1023 1023 1023 1024 1024 1023 1025 1025 1024 1025 1026 1025 1026 1025 1026 1027 1026 1026 1027 1027 1027 1027 1055 1054 1054 1053 1055 1055 1054 1054 1055 1055 1055 1055 1055 1055 1055 1054 1055 1054 1054 1054 1053 1054 1054 1054 1054 1055 1055 1054 1054 1056 1055 1055 1055 1055 1056
1095 1096 1097 1097 1098 1099 1100 1100 1101 1079 1017 1018 1017 1019 1019 1019 1019 1020 1020 1020 1020 1021 1022 1021 1022 1023 1022 1023 1024 1023 1024 1024 1025 1025 1025 1025 1026 1026 1026 1026 1027 1026 1027 1027 970 970 970 969 970 971 970 970 971 1055 1054 1053 1055 1055 1054 1054 1055 1055 1055 1055 1054 1055 1055 1054 1055 1055 1054 1054 1053 1054 1054 1054 1055 1055 1055 1055 1055 1055 1057 1056
1094 1095 1096 1096 1097 1098 1099 1099 1100 1078 1079 1017 1016 1018 1018 1018 1019 1021 1020 1020 1022 1021 1022 1022 1023 1023 1023 1024 1024 1025 1024 1025 1026 1025 1025 1027 1026 1026 1026 969 969 969 968 969 969 969 969 969 970 970 969 970 971 970 970 972 971 1055 1055 1055 1056 1054 1054 1055 1055 1054 1054 1054 1054 1055 1054 1054 1055 1054 1054 1054 1055 1055 1054 1054 1055 1056 1056 1056
996 1095 1096 1097 1096 1098 1099 1098 1078 1078 1078 1078 1017 1016 1017 1019 1018 1019 1019 1020 1021 1020 1021 1022 1022 1022 1022 1023 1022 1023 1023 1023 1024 1023 967 968 967 967 969 968 968 969 969 969 970 969 970 970 970 970 970 971 971 970 971 972 971 971 970 970 970 1054 1054 1055 1055 1054 1055 1054 1055 1055 1054 1055 1054 1053 1053 1054 1054 1054 1054 1056 1056 1056 1056 1055
996 996 1095 1095 1096 1097 1097 1098 1077 1077 1077 1079 1080 1016 1017 1018 1018 1018 1020 1019 1020 1020 1021 1021 1022 1021 1022 1023 1022 967 967 966 967 967 968 968 967 969 969 968 969 970 969 970 970 970 970 971 969 970 971 970 970 971 970 970 969 970 971 970 970 971 971 971 971 1055 1055 1056 1054 1054 1054 1053 1054 1054 1054 1054 1054 1055 1056 1056 1055 1054 1054 1056
996 996 996 998 1097 1096 1097 1099 1076 1077 1079 1078 1079 1078 1017 1017 1017 1017 1019 1018 1019 1020 1020 1020 964 964 965 965 964 966 966 966 967 967 967 967 968 968 968 968 969 969 968 969 970 969 970 970 970 971 970 969 970 971 970 970 971 971 971 971 971 971 971 970 971 971 971 970 970 1054 1055 1054 1054 1055 1054 1054 1054 1055 1055 1054 1054 1056 1056 1056
994 995 996 997 997 1095 1098 1076 1076 1078 1078 1078 1078 1080 1080 1017 1018 1018 962 962 963 963 964 963 965 965 964 965 965 966 966 966 967 967 967 968 968 968 968 970 969 969 970 970 970 969 969 970 970 970 970 970 971 970 969 970 971 970 970 971 971 971 971 971 970 971 970 971 971 971 970 969 970 1054 1054 1054 1055 1054 1054 1054 1056 1056 1055 1055
992 993 995 995 996 998 1095 1075 1076 1076 1077 1077 1078 1022 1021 1022 961 960 961 962 963 963 964 964 965 965 964 966 966 966 966 968 967 967 969 968 969 969 968 969 967 967 969 968 968 969 969 969 969 969 970 970 970 970 971 970 971 971 971 972 971 970 971 970 970 970 970 970 971 970 971 971 970 971 970 970 970 970 1054 1055 1055 1055 1055 1055
991 993 995 994 996 997 940 919 1018 1018 1019 1019 1020 1021 1021 1022 1022 1023 959 961 961 962 962 964 962 963 963 964 964 964 965 966 965 965 967 966 967 968 967 968 968 968 969 969 968 970 970 969 970 970 970 971 970 971 971 971 971 970 969 970 970 970 970 971 970 971 970 971 971 971 971 971 969 969 970 969 969 970 971 971 971 971 1056 1056
936 935 936 937 938 938 916 918 919 1016 1017 1019 1020 1020 1022 1021 1022 1023 1023 961 961 961 962 963 962 964 964 964 964 966 965 966 966 966 967 966 967 968 967 968 969 968 969 969 969 970 970 968 970 970 969 970 971 969 969 969 970 970 970 970 971 970 971 971 971 971 972 970 971 970 969 970 969 970 970 969 970 971 971 970 969 970 971 971
937 936 936 937 937 938 917 917 918 919 920 1018 1019 1019 1020 1021 1021 1022 1023 1022 960 961 961 962 961 963 963 963 964 965 964 964 966 965 966 966 967 967 967 967 968 968 968 969 968 969 969 969 970 969 968 970 970 969 970 971 970 970 971 971 970 969 970 971 970 970 970 970 970 970 970 971 971 970 970 970 970 970 969 969 971 971 971 971
936 937 937 937 936 936 916 917 918 919 919 920 1019 1019 1020 1021 1020 1022 1023 1022 1024 961 961 961 963 962 963 964 964 964 964 965 966 965 966 967 966 967 967 968 968 968 969 969 968 968 969 969 969 969 969 970 969 968 970 970 969 970 971 970 970 971 971 970 970 970 971 970 970 969 970 970 970 969 970 971 969 969 969 971 971 970 970 971
937 937 937 937 937 915 915 915 915 918 918 918 920 921 1019 1019 1020 1021 1021 1022 1022 1023 961 962 963 962 963 964 964 964 966 965 966 966 967 967 966 965 966 966 966 966 967 967 967 968 968 969 968 969 970 969 969 970 970 970 969 971 971 970 969 971 970 969 969 970 970 970 969 971 971 970 970 969 970 970 969 968 970 970 970 970 971 971
937 938 937 938 939 916 916 916 916 916 917 916 918 919 919 1019 1019 1019 1020 1021 1021 1022 1023 960 960 961 962 962 962 962 964 963 964 965 964 965 965 966 966 967 966 967 968 967 967 968 968 969 969 969 970 969 970 970 970 970 969 969 969 969 969 970 969 969 971 970 970 970 971 971 971 969 969 970 969 969 968 969 970 970 970 971 970 970
939 939 939 938 917 917 916 917 917 916 916 917 916 917 919 920 921 1018 1020 1021 1021 1021 1023 1022 960 962 961 962 962 963 963 964 964 965 964 965 966 966 966 966 967 967 968 967 968 968 967 967 969 968 969 969 968 968 968 969 969 969 969 970 970 970 970 970 971 971 969 970 969 969 969 969 970 970 969 969 970 970 970 968 969 969 970 970
918 918 940 940 918 918 917 918 918 917 918 918 917 917 918 918 919 921 1019 1019 1020 1021 1021 1021 1023 960 960 960 962 961 962 963 963 964 964 964 965 965 965 966 967 966 967 967 967 968 967 967 968 967 968 969 968 968 970 969 969 969 970 969 969 969 970 969 970 969 969 969 970 969 970 970 970 970 968 969 969 968 968 969 969 969 970 971
918 917 918 896 917 918 919 918 919 919 919 919 918 919 919 918 919 920 920 921 1020 1020 1021 1021 1022 1023 960 961 962 962 962 963 963 963 964 964 965 965 966 966 966 965 966 967 966 967 968 967 968 967 968 968 967 968 969 968 968 970 969 969 970 969 969 968 969 970 969 969 969 969 969 969 969 970 970 968 969 968 969 969 968 969 970 970
919 918 919 897 896 897 919 918 918 919 918 918 919 918 918 918 919 919 918 920 921 1018 1019 1021 1021 1021 1023 960 961 961 961 962 961 961 962 963 962 964 963 964 964 965 965 966 965 966 967 966 967 968 967 968 968 968 969 968 969 970 968 968 970 969 968 968 969 969 969 969 970 969 969 970 969 969 969 968 968 969 968 968 968 970 970 969
919 920 897 897 897 898 898 897 920 920 919 919 920 919 919 920 919 919 919 919 919 920 920 1019 1020 1020 1021 1021 959 960 960 960 961 962 962 963 962 964 964 964 965 965 965 965 966 966 967 966 967 968 967 968 969 968 968 967 967 968 967 968 969 968 968 969 969 969 969 970 970 969 968 969 968 968 968 967 969 969 968 968 969 969 968 968
921 921 898 898 899 898 898 899 898 898 920 920 920 919 920 921 920 920 921 920 920 921 920 920 921 1020 1021 1021 1021 960 960 960 961 961 962 962 963 963 964 963 965 965 965 966 966 965 965 967 966 966 965 966 967 966 966 968 967 968 968 968 968 969 969 969 969 968 968 968 968 968 968 969 969 968 968 970 969 969 966 967 968 968 968 969
920 899 899 900 900 899 899 900 899 899 900 899 899 921 921 921 921 921 921 921 920 921 920 920 921 920 1019 1019 1020 1021 959 959 960 960 960 962 962 962 962 963 963 964 964 964 964 964 965 966 965 965 967 966 967 966 967 968 967 967 968 967 967 968 968 967 968 968 968 967 968 969 968 969 969 967 968 967 967 967 968 967 968 968 969 969
921 899 899 899 899 899 899 899 899 898 900 900 900 901 900 922 923 922 922 922 922 922 922 921 922 922 921 922 1019 1020 1021 958 959 960 959 960 961 960 962 962 962 962 964 963 964 964 965 965 965 965 966 965 965 967 966 966 967 967 968 966 966 968 967 967 967 968 968 967 968 968 968 967 968 967 967 967 967 968 968 966 967 968 968 967
900 900 901 900 900 901 900 900 900 900 900 900 900 900 900 899 900 921 921 922 921 921 921 921 921 921 921 921 921 1018 1019 1020 956 957 958 958 959 960 960 961 960 962 962 962 962 964 963 964 964 965 965 965 966 966 966 965 967 966 966 967 967 966 966 966 967 967 967 967 968 968 967 966 968 968 967 966 967 967 967 966 968 967 967 967
901 901 901 901 900 902 901 901 902 901 901 901 901 901 901 901 901 901 900 923 923 922 923 922 922 922 922 922 922 922 922 1020 1019 957 958 958 959 960 960 960 961 961 962 961 963 964 963 964 965 964 964 965 965 965 964 965 965 965 965 966 966 966 967 967 967 967 966 967 966 967 966 966 967 967 966 967 968 967 966 966 967 966 966 967
901 902 902 902 902 902 902 901 902 902 901 902 901 901 902 901 901 902 902 902 902 902 924 924 923 924 924 923 924 923 923 923 923 1021 958 957 958 959 959 960 961 961 960 962 960 961 960 962 962 962 963 964 963 964 965 965 965 964 966 966 966 966 967 966 965 965 966 966 966 966 967 966 966 967 967 967 966 965 966 966 965 966 967 967
902 901 902 903 902 902 902 902 902 902 903 903 903 902 903 903 902 903 903 902 902 902 902 902 924 924 924 923 924 924 923 924 924 923 1021 957 957 957 956 958 958 958 960 960 960 960 962 961 962 961 963 963 963 964 965 964 965 965 964 964 964 965 965 964 965 966 965 966 966 966 967 967 965 965 965 965 965 966 966 966 965 967 967 965
903 903 902 903 903 902 903 903 902 902 902 903 903 903 903 903 902 903 903 902 903 903 902 902 902 902 902 924 924 924 923 924 924 923 924 924 958 958 959 958 958 958 959 959 959 961 961 961 960 962 961 962 962 963 963 962 963 964 963 963 965 964 965 965 965 966 965 964 966 965 964 965 965 965 966 965 966 965 966 965 965 964 965 965
904 904 904 904 904 903 904 904 903 904 904 903 904 904 903 903 903 903 903 903 903 903 902 903 903 902 903 903 902 924 924 924 924 924 924 924 923 861 959 958 958 959 958 958 958 959 959 959 961 961 960 960 962 961 962 963 963 963 963 964 963 963 963 965 964 964 965 964 964 964 964 965 965 965 964 965 965 965 963 965 964 964 964 966
903 904 905 904 904 904 904 905 905 905 905 904 905 905 904 905 905 904 904 905 904 904 904 904 904 903 904 904 903 904 904 903 925 926 925 925 925 925 862 861 960 960 959 960 959 958 958 958 959 959 959 960 960 960 960 962 961 962 963 962 963 962 964 963 963 963 964 964 964 963 964 964 963 964 965 964 964 964 964 964 964 963 964 964
904 905 905 904 905 905 904 904 905 904 905 905 905 905 904 905 905 904 905 906 905 905 906 905 905 905 905 905 905 905 905 904 905 905 926 925 926 925 925 862 861 959 958 959 959 958 959 959 958 958 959 959 959 959 960 961 960 962 962 961 961 963 962 962 961 962 963 962 963 964 963 964 964 963 964 963 962 964 963 963 963 964 964 963
905 905 905 905 906 906 905 906 906 905 905 906 905 905 906 905 905 905 905 905 904 905 905 904 905 905 904 904 905 904 904 904 904 904 903 904 904 925 926 926 862 862 863 960 960 959 960 960 959 960 960 959 959 960 959 959 958 959 960 959 961 961 961 961 1150 962 962 962 963 963 962 961 963 962 962 963 963 963 962 963 964 962 962 962
907 906 906 907 906 906 905 906 906 905 906 906 905 907 907 906 906 907 906 906 906 906 906 905 906 906 905 906 906 905 905 906 905 905 905 905 905 904 905 905 926 1052 1052 1051 1051 1150 1148 1148 1148 1148 1147 1146 1147 1147 1146 1146 1147 1146 1147 1146 1148 1148 1148 1149 1150 1149 1148 1149 1148 1149 1148 1150 1150 1149 1150 1151 1150 1151 1149 1149 1150 1149 1149 1151
907 906 907 908 907 907 908 907 907 908 907 907 906 907 907 906 907 907 906 906 907 906 906 907 906 906 906 906 906 905 906 906 1093 1094 1094 1093 1093 1094 1093 1093 1092 1093 1030 1050 1051 1051 1050 1148 1149 1148 1148 1148 1148 1148 1147 1148 1148 1147 1147 1147 1146 1146 1147 1146 1147 1146 1148 1148 1148 1148 1150 1149 1149 1148 1149 1149 1148 1148 1150 1149 1149 1150 1150 1150
907 906 907 907 906 907 907 906 907 908 907 907 909 908 908 908 908 908 907 908 908 907 908 908 907 1095 1096 1095 1095 1095 1095 1095 1094 1094 1094 1093 1094 1094 1093 1093 1094 1093 1093 1030 1030 1030 1051 1052 1052 1149 1149 1149 1148 1148 1148 1148 1148 1147 1147 1147 1146 1146 1147 1146 1146 1146 1147 1147 1146 1147 1148 1147 1147 1148 1148 1148 1147 1149 1149 1147 1148 1149 1148 1148
908 909 908 908 908 908 908 907 908 908 907 908 908 907 907 908 907 907 908 1095 1095 1094 1096 1096 1095 1096 1096 1095 1095 1096 1095 1095 1096 1095 1095 1094 1095 1094 1093 1094 1094 1093 1093 1094 1030 1030 1030 1030 1030 1051 1150 1150 1149 1150 1149 1148 1148 1148 1148 1148 1147 1148 1147 1146 1146 1147 1146 1146 1146 1145 1146 1145 1147 1147 1147 1146 1148 1147 1147 1147 1147 1147 1147 1147
908 909 908 908 910 909 909 909 909 909 909 909 909 1096 1097 1097 1096 1096 1097 1096 1096 1097 1096 1096 1096 1096 1096 1095 1096 1096 1095 1096 1096 1095 1095 1096 1095 1095 1095 1095 1095 1094 1095 1095 1094 1032 1032 1031 1030 1030 1030 1030 1149 1150 1150 1148 1149 1149 1148 1148 1148 1148 1148 1147 1148 1147 1146 1147 1147 1146 1145 1145 1145 1145 1145 1146 1147 1145 1145 1147 1146 1146 1145 1146
909 909 908 908 910 909 909 910 1097 1097 1098 1097 1097 1097 1098 1098 1097 1098 1098 1097 1098 1098 1097 1097 1098 1097 1097 1098 1097 1097 1096 1097 1097 1096 1097 1097 1096 1096 1097 1096 1096 1095 1095 1095 1094 1094 1031 1030 1031 1031 1030 1030 1030 1030 1128 1127 1150 1150 1149 1150 1150 1148 1148 1148 1148 1147 1146 1147 1147 1146 1147 1147 1146 1146 1145 1145 1145 1143 1145 1145 1144 1145 1146 1146
