testData/tiles/oneDegree/grid41.0-31.0-42.0-32.0.asc
ncols   200
nrows   200
xllcorner   41.0
yllcorner   31.0
cellsize   0.005
NODATA_value   -9999.0
[rows 0 to 41 of 200, columns 94 to 187 of 200]
246 246 246 246 246 246 245 245 245 245 245 245 244 244 244 244 244 243 243 243 243 243 242 242 242 242 242 241 241 241 241 240 240 240 240 240 239 239 239 239 238 238 238 238 237 237 237 237 236 236 236 235 235 235 235 234 234 234 233 233 233 232 232 232 232 231 231 231 230 230 230 229 229 229 228 228 228 227 227 226 226 226 225 225 225 224 224 223 223 223 222 222 221 221
246 246 246 246 245 245 245 245 245 245 244 244 244 244 244 243 243 243 243 243 242 242 242 242 242 241 241 241 241 241 240 240 240 240 239 239 239 239 238 238 238 238 237 237 237 237 236 236 236 236 235 235 235 234 234 234 234 233 233 233 232 232 232 231 231 231 230 230 230 229 229 229 228 228 228 227 227 227 226 226 226 225 225 225 224 224 223 223 223 222 222 221 221 221
246 245 245 245 245 245 245 244 244 244 244 244 244 243 243 243 243 243 242 242 242 242 242 241 241 241 241 241 240 240 240 240 239 239 239 239 239 238 238 238 238 237 237 237 237 236 236 236 235 235 235 235 234 234 234 233 233 233 233 232 232 232 231 231 231 230 230 230 229 229 229 228 228 228 227 227 227 226 226 226 225 225 224 224 224 223 223 223 222 222 221 221 221 220
245 245 245 245 245 244 244 244 244 244 244 243 243 243 243 243 242 242 242 242 242 241 241 241 241 241 240 240 240 240 240 239 239 239 239 238 238 238 238 237 237 237 237 236 236 236 236 235 235 235 234 234 234 234 233 233 233 232 232 232 232 231 231 231 230 230 230 229 229 229 228 228 228 227 227 227 226 226 226 225 225 224 224 224 223 223 222 222 222 221 221 221 220 220
245 245 245 244 244 244 244 244 244 243 243 243 243 243 242 242 242 242 242 241 241 241 241 241 240 240 240 240 240 239 239 239 239 238 238 238 238 237 237 237 237 236 236 236 236 235 235 235 235 234 234 234 233 233 233 233 232 232 232 231 231 231 230 230 230 230 229 229 229 228 228 228 227 227 227 226 226 225 225 225 224 224 224 223 223 222 222 222 221 221 220 220 220 219
244 244 244 244 244 244 243 243 243 243 243 243 242 242 242 242 242 241 241 241 241 241 240 240 240 240 240 239 239 239 239 239 238 238 238 238 237 237 237 237 236 236 236 236 235 235 235 234 234 234 234 233 233 233 233 232 232 232 231 231 231 230 230 230 229 229 229 228 228 228 227 227 227 226 226 226 225 225 225 224 224 224 223 223 222 222 222 221 221 220 220 220 219 219
244 244 244 244 243 243 243 243 243 243 242 242 242 242 242 241 241 241 241 241 240 240 240 240 240 239 239 239 239 239 238 238 238 238 237 237 237 237 236 236 236 236 235 235 235 235 234 234 234 234 233 233 233 232 232 232 231 231 231 231 230 230 230 229 229 229 228 228 228 227 227 227 226 226 226 225 225 225 224 224 223 223 223 222 222 222 221 221 220 220 220 219 219 219
244 244 243 243 243 243 243 243 242 242 242 242 242 241 241 241 241 241 240 240 240 240 240 239 239 239 239 239 238 238 238 238 237 237 237 237 237 236 236 236 236 235 235 235 234 234 234 234 233 233 233 233 232 232 232 231 231 231 230 230 230 230 229 229 229 228 228 228 227 227 227 226 226 226 225 225 224 224 224 223 223 223 222 222 221 221 221 220 220 220 219 219 219 219
243 243 243 243 243 242 242 242 242 242 242 241 241 241 241 241 240 240 240 240 240 239 239 239 239 239 238 238 238 238 238 237 237 237 237 236 236 236 236 235 235 235 235 234 234 234 234 233 233 233 232 232 232 232 231 231 231 230 230 230 229 229 229 228 228 228 227 227 227 226 226 226 225 225 225 224 224 224 223 223 223 222 222 221 221 221 220 220 219 219 219 219 219 219
243 243 243 242 242 242 242 242 242 241 241 241 241 241 240 240 240 240 240 239 239 239 239 239 238 238 238 238 238 237 237 237 237 236 236 236 236 235 235 235 235 234 234 234 234 233 233 233 233 232 232 232 231 231 231 231 230 230 230 229 229 229 228 228 228 227 227 227 226 226 226 225 225 225 224 224 224 223 223 222 222 222 221 221 221 220 220 219 219 219 219 219 219 219
242 242 242 242 242 242 242 241 241 241 241 241 240 240 240 240 240 239 239 239 239 239 238 238 238 238 238 237 237 237 237 236 236 236 236 236 235 235 235 235 234 234 234 233 233 233 233 232 232 232 232 231 231 231 230 230 230 229 229 229 229 228 228 228 227 227 227 226 226 226 225 225 225 224 224 223 223 223 222 222 222 221 221 221 220 220 219 219 219 219 219 219 219 219
242 242 242 242 241 241 241 241 241 241 240 240 240 240 240 239 239 239 239 239 238 238 238 238 238 237 237 237 237 237 236 236 236 236 235 235 235 235 234 234 234 234 233 233 233 233 232 232 232 231 231 231 231 230 230 230 229 229 229 228 228 228 227 227 227 227 226 226 225 225 225 224 224 224 223 223 223 222 222 222 221 221 220 220 220 219 219 219 219 219 219 219 219 219
242 242 241 241 241 241 241 241 240 240 240 240 240 239 239 239 239 239 238 238 238 238 238 237 237 237 237 237 236 236 236 236 235 235 235 235 234 234 234 234 233 233 233 233 232 232 232 232 231 231 231 230 230 230 230 229 229 229 228 228 228 227 227 227 226 226 226 225 225 225 224 224 224 223 223 223 222 222 221 221 221 220 220 220 219 219 219 219 219 219 219 219 219 219
241 241 241 241 241 240 240 240 240 240 240 239 239 239 239 239 238 238 238 238 238 237 237 237 237 237 236 236 236 236 235 235 235 235 234 234 234 234 233 233 233 233 232 232 232 232 231 231 231 231 230 230 230 229 229 229 228 228 228 228 227 227 227 226 226 226 225 225 225 224 224 224 223 223 222 222 222 221 221 221 220 220 220 219 219 219 219 219 219 219 219 219 219 219
241 241 241 240 240 240 240 240 240 239 239 239 239 239 238 238 238 238 238 237 237 237 237 237 236 236 236 236 235 235 235 235 235 234 234 234 234 233 233 233 233 232 232 232 231 231 231 231 230 230 230 230 229 229 229 228 228 228 227 227 227 226 226 226 225 225 225 224 224 224 223 223 223 222 222 222 221 221 221 220 220 219 219 219 219 219 219 219 219 219 219 219 219 219
240 240 240 240 240 240 239 239 239 239 239 239 238 238 238 238 238 237 237 237 237 237 236 236 236 236 235 235 235 235 235 234 234 234 234 233 233 233 233 232 232 232 232 231 231 231 230 230 230 230 229 229 229 228 228 228 228 227 227 227 226 226 226 225 225 225 224 224 224 223 223 223 222 222 222 221 221 220 220 220 219 219 219 219 219 219 219 219 219 219 219 219 219 219
240 240 240 240 239 239 239 239 239 239 238 238 238 238 238 237 237 237 237 237 236 236 236 236 236 235 235 235 235 234 234 234 234 233 233 233 233 232 232 232 232 231 231 231 231 230 230 230 229 229 229 229 228 228 228 227 227 227 227 226 226 226 225 225 225 224 224 224 223 223 223 222 222 221 221 221 220 220 220 219 219 219 219 219 219 219 219 219 219 219 219 219 219 219
240 239 239 239 239 239 239 238 238 238 238 238 238 237 237 237 237 237 236 236 236 236 236 235 235 235 235 234 234 234 234 233 233 233 233 233 232 232 232 231 231 231 231 230 230 230 230 229 229 229 228 228 228 228 227 227 227 226 226 226 225 225 225 224 224 224 223 223 223 222 222 222 221 221 221 220 220 220 219 219 219 219 219 219 219 219 219 219 219 219 219 219 219 219
239 239 239 239 239 238 238 238 238 238 237 237 237 237 237 237 236 236 236 236 236 235 235 235 235 234 234 234 234 234 233 233 233 233 232 232 232 232 231 231 231 231 230 230 230 229 229 229 229 228 228 228 227 227 227 227 226 226 226 225 225 225 224 224 224 223 223 223 222 222 222 221 221 221 220 220 219 219 219 219 219 219 219 219 219 219 219 219 219 219 219 219 219 219
239 239 238 238 238 238 238 238 237 237 237 237 237 236 236 236 236 236 235 235 235 235 235 234 234 234 234 234 233 233 233 233 232 232 232 232 231 231 231 231 230 230 230 230 229 229 229 228 228 228 228 227 227 227 226 226 226 225 225 225 225 224 224 224 223 223 223 222 222 221 221 221 220 220 220 219 219 219 219 219 219 219 219 219 219 219 219 219 219 219 219 219 219 219
238 238 238 238 238 238 237 237 237 237 237 236 236 236 236 236 235 235 235 235 235 234 234 234 234 234 233 233 233 233 232 232 232 232 231 231 231 231 230 230 230 230 229 229 229 229 228 228 228 227 227 227 227 226 226 226 225 225 225 224 224 224 223 223 223 222 222 222 221 221 221 220 220 220 219 219 219 219 219 219 219 219 219 219 219 219 219 219 219 219 219 219 219 219
238 238 238 237 237 237 237 237 237 236 236 236 236 236 235 235 235 235 235 234 234 234 234 234 233 233 233 233 232 232 232 232 231 231 231 231 230 230 230 230 229 229 229 229 228 228 228 228 227 227 227 226 226 226 225 225 225 225 224 224 224 223 223 223 222 222 222 221 221 221 220 220 219 219 219 219 219 219 219 219 219 219 219 219 219 219 219 219 219 219 219 219 219 219
238 237 237 237 237 237 236 236 236 236 236 236 235 235 235 235 235 234 234 234 234 234 233 233 233 233 232 232 232 232 232 231 231 231 231 230 230 230 230 229 229 229 228 228 228 228 227 227 227 227 226 226 226 225 225 225 224 224 224 223 223 223 222 222 222 221 221 221 220 220 220 219 219 219 219 219 219 219 219 219 219 219 219 219 219 219 219 219 219 219 219 219 219 219
237 237 237 237 236 236 236 236 236 236 235 235 235 235 235 234 234 234 234 234 233 233 233 233 232 232 232 232 232 231 231 231 231 230 230 230 230 229 229 229 229 228 228 228 227 227 227 227 226 226 226 225 225 225 225 224 224 224 223 223 223 222 222 222 221 221 221 220 220 220 219 219 219 219 219 219 219 219 219 219 219 219 219 219 219 219 219 219 219 219 219 219 219 219
249 236 236 236 236 236 236 235 235 235 235 235 235 234 234 234 234 234 233 233 233 233 232 232 232 232 232 231 231 231 231 230 230 230 230 229 229 229 229 228 228 228 228 227 227 227 226 226 226 226 225 225 225 224 224 224 223 223 223 223 222 222 222 221 221 221 220 220 219 219 219 219 219 219 219 219 219 219 219 219 219 219 219 219 219 219 219 219 219 219 219 219 219 219
248 236 236 236 236 235 235 235 235 235 234 234 234 234 234 233 233 233 233 233 232 232 232 232 232 231 231 231 231 230 230 230 230 229 229 229 229 228 228 228 228 227 227 227 227 226 226 226 225 225 225 225 224 224 224 223 223 223 222 222 222 221 221 221 220 220 220 219 219 219 219 219 219 219 219 219 219 219 219 219 219 219 219 219 219 219 219 219 219 219 219 219 219 219
248 248 235 235 235 235 235 235 234 234 234 234 234 233 233 233 233 233 232 232 232 232 232 231 231 231 231 230 230 230 230 229 229 229 229 228 228 228 228 227 227 227 227 226 226 226 226 225 225 225 224 224 224 223 223 223 223 222 222 222 221 221 221 220 220 220 219 219 219 219 219 219 219 219 219 219 219 219 219 219 219 219 219 219 219 219 219 219 219 219 219 219 219 219
247 247 247 235 235 234 234 234 234 234 234 233 233 233 233 233 232 232 232 232 232 231 231 231 231 230 230 230 230 230 229 229 229 229 228 228 228 228 227 227 227 226 226 226 226 225 225 225 224 224 224 224 223 223 223 222 222 222 221 221 221 220 220 220 219 219 219 219 219 219 219 219 219 219 219 219 219 219 219 219 219 219 219 219 219 219 219 219 219 219 219 219 219 219
247 247 247 234 234 234 234 234 233 233 233 233 233 233 232 232 232 232 232 231 231 231 231 230 230 230 230 230 229 229 229 229 228 228 228 228 227 227 227 227 226 226 226 225 225 225 225 224 224 224 223 223 223 222 222 222 222 221 221 221 220 220 220 219 219 219 219 219 219 219 219 219 219 219 219 219 219 219 219 219 219 219 219 219 219 219 219 219 219 219 219 219 219 219
246 246 246 246 234 234 233 233 233 233 233 232 232 232 232 232 231 231 231 231 231 230 230 230 230 230 229 229 229 229 228 228 228 228 227 227 227 227 226 226 226 226 225 225 225 224 224 224 224 223 223 223 222 222 222 221 221 221 220 220 220 219 219 219 219 219 219 219 219 219 219 219 219 219 219 219 219 219 219 219 219 219 219 219 219 219 219 219 219 219 219 219 219 219
246 246 246 245 233 233 233 233 233 232 232 232 232 232 231 231 231 231 231 230 230 230 230 230 229 229 229 229 228 228 228 228 227 227 227 227 226 226 226 226 225 225 225 224 224 224 224 223 223 223 222 222 222 222 221 221 221 220 220 220 219 219 219 219 219 219 219 219 219 219 219 219 219 219 219 219 219 219 219 219 219 219 219 219 219 219 219 219 219 219 219 219 219 219
246 245 245 245 245 233 232 232 232 232 232 232 231 231 231 231 231 230 230 230 230 229 229 229 229 229 228 228 228 228 227 227 227 227 226 226 226 226 225 225 225 225 224 224 224 223 223 223 223 222 222 222 221 221 221 220 220 220 219 219 219 219 219 219 219 219 219 219 219 219 219 219 219 219 219 219 219 219 219 219 219 219 219 219 219 219 219 219 219 219 219 219 219 219
245 245 245 245 244 244 232 232 232 231 231 231 231 231 231 230 230 230 230 229 229 229 229 229 228 228 228 228 227 227 227 227 226 226 226 226 225 225 225 225 224 224 224 224 223 223 223 222 222 222 221 221 221 221 220 220 220 219 219 219 219 219 219 219 219 219 219 219 219 219 219 219 219 219 219 219 219 219 219 219 219 219 219 219 219 219 219 219 219 219 219 219 219 219
245 244 244 244 244 244 232 231 231 231 231 231 230 230 230 230 230 229 229 229 229 229 228 228 228 228 227 227 227 227 226 226 226 226 225 225 225 225 224 224 224 224 223 223 223 222 222 222 222 221 221 221 220 220 220 219 219 219 219 219 219 219 219 219 219 219 219 219 219 219 219 219 219 219 219 219 219 219 219 219 219 219 219 219 219 219 219 219 219 219 219 219 219 219
244 244 244 244 243 243 243 231 231 231 230 230 230 230 230 229 229 229 229 229 228 228 228 228 227 227 227 227 226 226 226 226 225 225 225 225 224 224 224 224 223 223 223 223 222 222 222 221 221 221 220 220 220 220 219 219 219 219 219 219 219 219 219 219 219 219 219 219 219 219 219 219 219 219 219 219 219 219 219 219 219 219 219 219 219 219 219 219 219 219 219 219 219 219
244 244 243 243 243 243 243 230 230 230 230 230 230 229 229 229 229 228 228 228 228 228 227 227 227 227 226 226 226 226 226 225 225 225 224 224 224 224 223 223 223 223 222 222 222 221 221 221 221 220 220 220 219 219 219 219 219 219 219 219 219 219 219 219 219 219 219 219 219 219 219 219 219 219 219 219 219 219 219 219 219 219 219 219 219 219 219 219 219 219 219 219 219 219
243 243 243 243 243 242 242 242 230 230 229 229 229 229 229 228 228 228 228 228 227 227 227 227 226 226 226 226 226 225 225 225 225 224 224 224 223 223 223 223 222 222 222 222 221 221 221 220 220 220 219 219 219 219 219 219 219 219 219 219 219 219 219 219 219 219 219 219 219 219 219 219 219 219 219 219 219 219 219 219 219 219 219 219 219 219 219 219 219 219 219 219 219 219
243 243 242 242 242 242 242 242 229 229 229 229 229 228 228 228 228 228 227 227 227 227 226 226 226 226 226 225 225 225 225 224 224 224 224 223 223 223 222 222 222 222 221 221 221 220 220 220 220 219 219 219 219 219 219 219 219 219 219 219 219 219 219 219 219 219 219 219 219 219 219 219 219 219 219 219 219 219 219 219 219 219 219 219 219 219 219 219 219 219 219 219 219 219
242 242 242 242 242 241 241 241 241 229 228 228 228 228 228 227 227 227 227 227 226 226 226 226 225 225 225 225 225 224 224 224 224 223 223 223 223 222 222 222 221 221 221 221 220 220 220 219 219 219 219 219 219 219 219 219 219 219 219 219 219 219 219 219 219 219 219 219 219 219 219 219 219 219 219 219 219 219 219 219 219 219 219 219 219 219 219 219 219 219 219 219 219 219
242 242 241 241 241 241 241 241 240 228 228 228 228 227 227 227 227 227 226 226 226 226 225 225 225 225 225 224 224 224 224 223 223 223 223 222 222 222 221 221 221 221 220 220 220 219 219 219 219 219 219 219 219 219 219 219 219 219 219 219 219 219 219 219 219 219 219 219 219 219 219 219 219 219 219 219 219 219 219 219 219 219 219 219 219 219 219 219 219 219 219 219 219 219
241 241 241 241 241 240 240 240 240 240 228 227 227 227 227 227 226 226 226 226 225 225 225 225 225 224 224 224 224 223 223 223 223 222 222 222 222 221 221 221 220 220 220 220 219 219 219 219 219 219 219 219 219 219 219 219 219 219 219 219 219 219 219 219 219 219 219 219 219 219 219 219 219 219 219 219 219 219 219 219 219 219 219 219 219 219 219 219 219 219 219 219 219 219
241 241 241 240 240 240 240 240 239 239 227 227 227 226 226 226 226 226 225 225 225 225 224 224 224 224 224 223 223 223 223 222 222 222 222 221 221 221 220 220 220 220 219 219 219 219 219 219 219 219 219 219 219 219 219 219 219 219 219 219 219 219 219 219 219 219 219 219 219 219 219 219 219 219 219 219 219 219 219 219 219 219 219 219 219 219 219 219 219 219 219 219 219 219
