testData/tiles/oneDegree/grid36.0-27.0-37.0-28.0.asc
ncols   200
nrows   200
xllcorner   36.0
yllcorner   27.0
cellsize   0.005
NODATA_value   -9999.0
[rows 0 to 41 of 200, columns 0 to 93 of 200]
337 337 338 338 337 337 336 338 337 337 336 336 336 335 335 334 333 333 333 332 331 331 333 333 333 334 334 335 336 336 337 306 307 308 308 309 309 309 351 352 353 353 353 354 354 355 356 356 356 357 357 358 358 359 359 359 360 361 361 361 362 362 362 364 364 364 364 365 365 365 366 366 367 367 367 367 368 369 369 369 369 370 370 370 371 371 371 372 372 372 372 372 373 374
337 336 336 336 337 336 336 335 336 335 335 334 334 334 334 333 332 331 331 331 330 331 331 332 333 333 334 334 335 336 337 306 306 307 308 308 350 350 351 351 352 353 353 353 354 354 355 356 356 356 357 357 358 358 359 359 359 360 361 361 361 362 362 362 362 364 364 364 364 365 365 366 366 367 367 367 367 367 369 369 369 369 369 370 370 370 371 371 371 372 372 372 372 372
335 335 335 335 335 335 334 334 333 334 333 333 332 332 332 332 331 330 329 330 330 330 331 331 332 333 334 334 334 335 305 306 306 306 348 348 349 350 350 351 351 352 353 353 353 354 354 355 356 356 356 356 357 358 358 359 359 359 360 360 361 361 362 362 362 362 364 364 364 364 365 365 365 366 366 367 367 367 367 367 369 369 369 369 369 370 370 370 371 371 371 372 372 372
335 334 334 333 333 333 333 333 333 332 333 332 331 330 330 330 330 328 328 328 329 330 330 331 331 332 333 334 334 303 304 305 347 347 347 348 348 349 350 350 351 351 351 353 353 353 354 354 354 356 356 356 356 357 357 358 359 359 359 359 360 361 361 362 362 362 362 363 364 364 364 364 365 365 365 366 367 367 367 367 367 368 369 369 369 369 369 370 370 370 371 371 371 372
332 333 333 332 333 332 333 332 332 331 331 331 331 329 329 328 328 327 327 328 328 329 330 331 331 331 332 333 334 303 344 345 345 347 347 347 348 348 349 350 350 351 351 351 353 353 353 354 354 354 355 356 356 356 357 357 358 359 359 359 359 360 360 361 361 362 362 362 362 363 364 364 364 365 365 365 365 366 367 367 367 367 367 368 369 369 369 369 369 370 370 370 371 371
331 331 332 332 331 331 330 331 330 330 329 329 329 329 327 327 326 326 327 327 328 328 329 330 331 331 331 332 343 344 344 344 345 345 347 347 347 348 348 348 350 350 351 351 351 352 353 353 354 354 354 354 356 356 356 357 357 357 359 359 359 359 360 360 361 361 362 362 362 362 363 364 364 364 364 365 365 365 365 366 367 367 367 367 367 368 369 369 369 369 369 370 370 370
331 330 330 330 330 329 329 328 329 328 328 327 327 327 327 325 325 325 326 327 328 328 328 329 330 331 372 342 342 342 344 344 345 345 345 347 347 347 348 348 348 350 350 351 351 351 352 353 353 353 354 354 354 356 356 356 357 357 357 357 359 359 359 360 360 360 361 362 362 362 362 362 363 364 364 364 365 365 365 365 366 367 367 367 367 367 367 368 369 369 369 369 369 370
329 329 328 328 328 329 328 328 327 327 326 326 325 325 324 324 324 325 325 326 327 328 328 328 370 371 372 341 342 342 342 344 344 345 345 345 346 347 347 348 348 348 350 350 350 351 351 351 353 353 353 354 354 354 355 356 356 357 357 357 357 359 359 359 359 360 360 360 361 362 362 362 362 363 363 364 364 364 365 365 365 365 366 367 367 367 367 367 367 368 369 369 369 369
328 327 328 327 327 328 327 327 326 326 326 325 324 324 323 322 324 324 325 325 326 327 369 369 370 370 339 341 341 342 342 342 344 344 345 345 345 346 347 347 348 348 348 349 350 350 351 351 351 352 353 353 354 354 354 355 356 356 356 357 357 357 358 359 359 359 360 360 360 360 362 362 362 362 362 363 363 364 364 364 365 365 365 365 366 367 367 367 367 367 367 368 368 369
326 327 327 326 326 325 326 325 325 324 324 322 323 322 322 322 323 324 324 325 325 367 368 369 369 339 339 339 341 341 342 342 342 344 344 345 345 345 346 347 347 348 348 348 349 350 350 351 351 351 352 353 353 354 354 354 355 355 356 356 357 357 357 357 359 359 359 359 360 360 360 361 362 362 362 362 362 363 363 364 364 364 365 365 365 365 365 367 367 367 367 367 367 368
325 325 325 325 324 324 323 324 323 323 322 322 320 321 321 322 322 323 324 366 366 366 367 368 369 338 339 339 339 341 341 342 342 342 343 344 345 345 345 346 346 347 348 348 348 349 349 350 351 351 351 352 352 353 354 354 354 354 355 356 356 357 357 357 357 358 359 359 359 360 360 360 360 361 362 362 362 362 363 363 363 364 364 365 365 365 365 365 365 367 367 367 367 367
324 323 323 323 323 322 322 321 321 321 321 320 319 319 321 321 322 363 364 365 366 366 366 367 336 338 338 339 339 339 341 341 342 342 342 343 344 345 345 345 346 346 347 348 348 348 349 349 350 351 351 351 352 352 353 353 354 354 354 355 355 356 356 357 357 357 357 358 359 359 359 360 360 360 360 362 362 362 362 362 363 363 363 364 364 365 365 365 365 365 365 367 367 367
322 323 322 322 322 322 321 320 319 319 319 319 318 319 319 362 362 363 363 364 365 366 366 336 336 336 338 338 339 339 339 340 341 342 342 342 343 344 345 345 345 346 346 347 348 348 348 349 349 349 351 351 351 352 352 352 353 354 354 354 355 355 355 356 357 357 357 357 358 358 359 359 360 360 360 360 360 362 362 362 362 362 363 363 363 364 364 364 365 365 365 365 365 366
322 321 321 320 320 320 320 320 318 318 317 318 318 319 360 361 362 362 363 363 364 364 366 335 336 336 336 338 338 339 339 339 340 341 342 342 342 343 343 345 345 345 346 346 346 348 348 348 349 349 349 351 351 351 351 352 352 352 354 354 354 354 355 355 356 356 357 357 357 357 358 359 359 359 360 360 360 360 360 362 362 362 362 362 363 363 363 364 364 364 365 365 365 365
319 319 319 319 319 318 318 318 317 316 316 316 359 359 360 360 361 362 363 363 363 364 333 335 335 336 336 336 337 338 339 339 339 340 341 342 342 342 343 343 344 345 345 346 346 346 348 348 348 349 349 349 349 351 351 351 352 352 352 354 354 354 354 355 355 355 356 357 357 357 357 358 358 359 359 359 360 360 360 360 360 362 362 362 362 362 363 363 363 364 364 364 365 365
318 318 317 318 317 317 316 316 316 315 356 357 357 359 359 360 360 361 361 363 363 332 333 333 335 335 336 336 336 337 338 339 339 339 340 340 342 342 342 343 343 343 345 345 345 346 346 346 348 348 348 349 349 349 351 351 351 352 352 352 352 354 354 354 354 355 355 355 356 357 357 357 357 358 358 359 359 360 360 360 360 360 360 362 362 362 362 362 363 363 363 364 364 364
317 316 316 315 316 315 315 314 314 355 356 356 357 357 359 359 360 360 361 361 332 332 332 333 333 335 335 336 336 336 337 338 339 339 339 340 340 342 342 342 343 343 343 345 345 345 346 346 346 348 348 348 349 349 349 350 351 351 351 352 352 352 353 354 354 354 355 355 355 355 357 357 357 357 357 358 358 359 359 360 360 360 360 360 360 362 362 362 362 362 363 363 363 363
316 316 315 315 313 314 313 354 353 354 355 356 356 357 357 358 359 360 360 361 330 332 332 333 333 333 334 335 336 336 336 337 337 339 339 339 340 340 342 342 342 343 343 343 344 345 345 346 346 346 347 348 348 349 349 349 349 350 351 351 352 352 352 352 354 354 354 354 355 355 355 355 357 357 357 357 358 358 358 359 359 360 360 360 360 360 360 362 362 362 362 362 362 363
314 314 314 313 312 311 353 352 353 353 354 355 356 356 357 357 358 359 360 329 330 330 332 332 333 333 333 334 335 336 336 336 337 337 339 339 339 340 340 341 342 342 343 343 343 344 345 345 346 346 346 347 347 348 349 349 349 349 350 351 351 352 352 352 352 353 354 354 354 355 355 355 355 356 357 357 357 357 358 358 358 359 359 360 360 360 360 360 360 362 362 362 362 362
312 312 312 312 352 351 350 352 353 353 354 354 355 356 357 357 357 358 328 329 329 330 330 331 332 333 333 333 334 335 336 336 336 337 337 339 339 339 340 340 340 342 342 343 343 343 344 344 345 346 346 346 346 347 348 348 349 349 349 350 350 351 351 352 352 352 352 353 354 354 354 355 355 355 355 357 357 357 357 357 358 358 358 359 359 360 360 360 360 360 360 361 362 362
311 310 310 351 351 350 350 351 352 353 353 354 354 355 356 357 357 327 327 328 329 329 330 330 331 332 333 333 333 334 334 336 336 336 337 337 338 339 339 340 340 340 341 342 342 343 343 343 344 345 345 346 346 346 347 347 348 349 349 349 349 350 350 351 352 352 352 352 353 353 354 354 354 355 355 355 355 357 357 357 357 357 358 358 358 359 359 359 360 360 360 360 360 360
309 350 349 349 350 349 350 350 351 351 353 353 354 354 355 356 357 326 327 327 327 329 329 330 330 331 332 333 333 333 334 334 336 336 336 337 337 338 339 339 340 340 340 341 342 342 343 343 343 344 344 345 346 346 346 347 347 348 348 349 349 349 350 350 351 351 352 352 352 352 353 353 354 354 355 355 355 355 355 357 357 357 357 357 358 358 358 358 359 359 360 360 360 360
349 348 348 348 347 349 349 350 350 351 351 353 353 354 354 355 325 326 326 327 327 328 329 329 330 330 331 331 333 333 333 334 334 335 336 336 337 337 337 338 339 340 340 340 341 341 342 343 343 343 344 344 345 346 346 346 346 347 347 348 349 349 349 349 350 350 351 351 352 352 352 352 353 353 354 354 355 355 355 355 355 356 357 357 357 357 358 358 358 358 359 359 359 360
346 347 347 346 347 347 348 349 350 350 351 351 353 353 354 323 324 324 326 326 327 327 328 329 329 330 330 331 331 333 333 333 334 334 335 336 336 337 337 337 338 339 340 340 340 341 341 342 343 343 343 344 344 344 345 346 346 346 347 347 347 348 349 349 349 350 350 350 351 352 352 352 352 352 353 353 354 354 355 355 355 355 355 356 357 357 357 357 357 358 358 358 359 359
345 344 345 346 346 347 347 348 349 350 350 351 351 353 322 323 323 324 324 326 326 327 327 328 329 329 330 330 331 331 333 333 333 334 334 334 336 336 337 337 337 338 338 339 340 340 340 341 341 342 343 343 343 344 344 344 346 346 346 347 347 347 347 349 349 349 349 350 350 350 351 352 352 352 352 353 353 353 354 354 355 355 355 355 355 356 357 357 357 357 357 358 358 358
343 343 344 344 346 346 347 347 348 349 350 350 351 351 322 322 323 323 324 324 326 326 327 327 328 328 329 330 330 331 331 331 333 333 334 334 334 335 336 337 337 337 338 338 339 340 340 340 341 341 341 343 343 343 344 344 344 346 346 346 346 347 347 347 348 349 349 349 349 350 350 350 351 352 352 352 352 353 353 353 354 354 355 355 355 355 355 355 357 357 357 357 357 357
342 343 343 344 344 346 346 347 347 348 349 350 350 320 320 321 322 323 323 324 324 326 326 327 327 328 328 329 330 330 331 331 331 333 333 334 334 334 335 336 337 337 337 338 338 338 340 340 340 341 341 341 343 343 343 344 344 344 344 346 346 346 347 347 347 347 349 349 349 349 350 350 350 350 351 352 352 352 352 353 353 353 354 354 355 355 355 355 355 355 356 357 357 357
341 342 343 343 344 344 346 346 347 347 348 349 319 319 320 320 321 322 323 323 324 324 325 326 327 327 327 328 328 330 330 331 331 331 332 333 334 334 334 335 335 336 337 337 337 338 338 340 340 340 341 341 341 341 343 343 343 344 344 344 345 346 346 346 347 347 347 347 349 349 349 349 350 350 350 350 351 352 352 352 352 353 353 353 354 354 354 355 355 355 355 355 355 357
340 341 342 343 343 344 344 346 346 347 347 317 317 319 319 320 320 321 322 323 323 324 324 325 326 327 327 327 328 328 330 330 331 331 331 332 333 333 334 334 335 335 336 337 337 337 338 338 338 340 340 340 341 341 341 342 343 343 344 344 344 344 345 346 346 346 347 347 347 347 349 349 349 349 350 350 350 350 351 352 352 352 352 352 353 353 354 354 354 355 355 355 355 355
340 340 341 342 343 343 344 344 346 346 316 316 317 317 319 319 320 320 321 321 323 323 324 324 325 326 327 327 327 328 328 330 330 330 331 331 332 332 333 334 334 335 335 335 337 337 337 338 338 338 339 340 340 341 341 341 341 343 343 343 344 344 344 344 345 346 346 347 347 347 347 348 349 349 349 349 350 350 350 350 351 352 352 352 352 352 353 353 353 354 354 354 355 355
339 340 340 341 342 343 343 344 344 345 315 316 317 317 318 319 319 320 320 321 321 323 323 324 324 325 325 327 327 327 328 328 329 330 330 331 331 332 332 333 334 334 334 335 335 336 337 337 338 338 338 339 340 340 340 341 341 341 342 343 343 343 344 344 344 345 346 346 346 347 347 347 347 348 349 349 349 349 350 350 350 350 351 352 352 352 352 352 353 353 353 354 354 354
339 339 340 340 341 342 343 343 344 313 314 316 316 317 317 318 319 320 320 320 321 321 323 323 324 324 325 325 326 327 327 328 328 329 330 330 331 331 332 332 332 334 334 334 335 335 335 337 337 337 338 338 338 339 340 340 341 341 341 341 342 343 343 344 344 344 344 345 346 346 346 347 347 347 347 348 349 349 349 349 350 350 350 350 350 352 352 352 352 352 352 353 353 353
337 339 339 340 340 341 341 343 312 313 314 314 316 316 317 317 318 318 319 320 320 321 321 322 323 324 324 325 325 325 327 327 328 328 328 329 330 331 331 331 332 332 334 334 334 335 335 335 336 337 337 338 338 338 339 339 340 340 341 341 341 342 342 343 343 344 344 344 344 345 346 346 346 347 347 347 347 348 349 349 349 349 350 350 350 350 350 351 352 352 352 352 352 352
337 337 339 339 340 340 341 310 312 312 313 314 314 316 316 317 317 318 318 319 320 320 321 321 322 323 324 324 325 325 325 327 327 328 328 328 329 330 331 331 331 332 332 332 334 334 334 335 335 335 337 337 337 338 338 338 339 340 340 341 341 341 341 342 342 343 343 344 344 344 344 345 346 346 346 347 347 347 347 348 349 349 349 349 349 350 350 350 350 351 352 352 352 352
336 337 337 339 339 340 309 310 310 312 313 313 314 314 315 316 317 317 318 318 319 320 320 321 321 322 323 324 324 324 325 325 326 327 328 328 328 329 329 330 331 331 332 332 332 334 334 334 335 335 335 336 337 337 338 338 338 339 339 340 340 341 341 341 342 342 342 343 344 344 344 344 345 345 346 346 346 347 347 347 347 347 348 349 349 349 349 350 350 350 350 350 351 352
335 336 337 337 338 308 309 309 310 310 312 313 313 314 314 315 316 317 317 317 318 318 320 320 321 321 322 322 324 324 324 325 325 326 327 327 328 328 329 329 330 331 331 331 332 332 333 334 334 335 335 335 336 336 337 337 338 338 338 339 339 340 341 341 341 341 342 342 342 343 344 344 344 344 345 345 345 346 346 347 347 347 347 347 348 349 349 349 349 349 350 350 350 350
335 336 336 337 337 307 308 309 309 310 310 311 313 313 314 314 315 316 317 317 317 318 318 320 320 321 321 322 322 324 324 324 325 325 326 326 327 328 328 329 329 329 331 331 331 332 332 332 333 334 334 335 335 335 336 336 337 338 338 338 338 339 339 340 341 341 341 341 342 342 342 343 344 344 344 344 345 345 345 346 346 347 347 347 347 347 348 349 349 349 349 349 350 350
333 334 336 336 306 306 307 308 309 309 310 310 311 313 313 314 314 315 315 316 317 317 318 318 319 320 321 321 322 322 322 324 324 325 325 325 326 327 328 328 328 329 329 330 331 331 332 332 332 333 334 334 335 335 335 336 336 337 337 338 338 338 339 339 339 340 341 341 341 341 342 342 342 343 344 344 344 344 344 345 345 346 346 346 347 347 347 347 347 348 349 349 349 349
333 333 334 305 305 306 306 307 307 309 309 310 310 311 313 313 314 314 314 315 316 317 317 318 318 319 320 321 321 322 322 322 324 324 325 325 325 326 326 328 328 328 329 329 329 331 331 331 332 332 332 333 334 334 335 335 335 336 336 337 338 338 338 338 339 339 339 340 341 341 341 341 342 342 342 343 344 344 344 344 344 345 345 346 346 346 347 347 347 347 347 347 348 349
332 333 303 303 305 305 306 306 307 307 309 309 310 310 311 311 313 313 314 314 315 316 317 317 318 318 319 319 321 321 321 322 322 323 324 324 325 325 326 326 327 328 328 329 329 329 330 331 331 332 332 332 333 333 334 335 335 335 335 336 336 337 338 338 338 338 339 339 339 340 341 341 341 341 342 342 342 343 344 344 344 344 344 345 345 345 346 346 346 347 347 347 347 347
332 301 302 303 303 305 305 306 306 307 307 309 309 310 310 311 311 313 313 314 314 315 315 317 317 318 318 319 319 320 321 321 322 322 323 324 324 325 325 326 326 326 328 328 328 329 329 329 330 331 331 332 332 332 333 333 334 335 335 335 336 336 336 337 338 338 338 338 339 339 339 340 341 341 341 341 342 342 342 343 343 344 344 344 344 344 345 345 346 346 346 347 347 347
299 301 301 302 303 303 304 305 306 306 307 307 309 309 310 310 311 311 313 313 314 314 315 315 317 317 318 318 319 319 319 321 321 322 322 322 323 324 325 325 325 326 326 327 328 328 329 329 329 330 331 331 332 332 332 333 333 333 334 335 335 335 336 336 336 337 338 338 338 339 339 339 339 340 341 341 341 341 342 342 342 343 343 344 344 344 344 344 345 345 345 346 346 346
