testData/tiles/oneDegree/grid40.0-16.0-41.0-17.0.asc
ncols   200
nrows   200
xllcorner   40.0
yllcorner   16.0
cellsize   0.005
NODATA_value   -9999.0
[rows 170 to 186 of 200, columns 37 to 73 of 200]
2.390000000000000000e+02 2.390000000000000000e+02 2.390000000000000000e+02 2.380000000000000000e+02 2.380000000000000000e+02 2.380000000000000000e+02 2.360000000000000000e+02 2.360000000000000000e+02 2.360000000000000000e+02 2.350000000000000000e+02 2.350000000000000000e+02 2.340000000000000000e+02 2.330000000000000000e+02 2.330000000000000000e+02 2.320000000000000000e+02 2.320000000000000000e+02 2.310000000000000000e+02 2.300000000000000000e+02 2.290000000000000000e+02 2.290000000000000000e+02 2.280000000000000000e+02 2.280000000000000000e+02 2.270000000000000000e+02 2.270000000000000000e+02 2.270000000000000000e+02 2.270000000000000000e+02 2.270000000000000000e+02 2.260000000000000000e+02 2.260000000000000000e+02 2.260000000000000000e+02 2.260000000000000000e+02 2.260000000000000000e+02 2.260000000000000000e+02 2.260000000000000000e+02 2.260000000000000000e+02 2.260000000000000000e+02 2.260000000000000000e+02
2.400000000000000000e+02 2.400000000000000000e+02 2.400000000000000000e+02 2.390000000000000000e+02 2.390000000000000000e+02 2.390000000000000000e+02 2.380000000000000000e+02 2.370000000000000000e+02 2.370000000000000000e+02 2.360000000000000000e+02 2.360000000000000000e+02 2.350000000000000000e+02 2.340000000000000000e+02 2.340000000000000000e+02 2.330000000000000000e+02 2.330000000000000000e+02 2.320000000000000000e+02 2.310000000000000000e+02 2.300000000000000000e+02 2.300000000000000000e+02 2.290000000000000000e+02 2.290000000000000000e+02 2.270000000000000000e+02 2.270000000000000000e+02 2.270000000000000000e+02 2.270000000000000000e+02 2.270000000000000000e+02 2.270000000000000000e+02 2.260000000000000000e+02 2.260000000000000000e+02 2.260000000000000000e+02 2.260000000000000000e+02 2.260000000000000000e+02 2.260000000000000000e+02 2.260000000000000000e+02 2.260000000000000000e+02 2.260000000000000000e+02
2.420000000000000000e+02 2.410000000000000000e+02 2.410000000000000000e+02 2.400000000000000000e+02 2.400000000000000000e+02 2.400000000000000000e+02 2.390000000000000000e+02 2.380000000000000000e+02 2.380000000000000000e+02 2.370000000000000000e+02 2.370000000000000000e+02 2.360000000000000000e+02 2.350000000000000000e+02 2.350000000000000000e+02 2.340000000000000000e+02 2.340000000000000000e+02 2.330000000000000000e+02 2.320000000000000000e+02 2.310000000000000000e+02 2.310000000000000000e+02 2.300000000000000000e+02 2.300000000000000000e+02 2.280000000000000000e+02 2.270000000000000000e+02 2.270000000000000000e+02 2.270000000000000000e+02 2.270000000000000000e+02 2.270000000000000000e+02 2.260000000000000000e+02 2.260000000000000000e+02 2.260000000000000000e+02 2.260000000000000000e+02 2.260000000000000000e+02 2.260000000000000000e+02 2.260000000000000000e+02 2.260000000000000000e+02 2.260000000000000000e+02
2.430000000000000000e+02 2.420000000000000000e+02 2.420000000000000000e+02 2.420000000000000000e+02 2.410000000000000000e+02 2.410000000000000000e+02 2.400000000000000000e+02 2.390000000000000000e+02 2.390000000000000000e+02 2.390000000000000000e+02 2.380000000000000000e+02 2.380000000000000000e+02 2.360000000000000000e+02 2.360000000000000000e+02 2.350000000000000000e+02 2.350000000000000000e+02 2.340000000000000000e+02 2.330000000000000000e+02 2.320000000000000000e+02 2.320000000000000000e+02 2.310000000000000000e+02 2.300000000000000000e+02 2.290000000000000000e+02 2.280000000000000000e+02 2.280000000000000000e+02 2.270000000000000000e+02 2.270000000000000000e+02 2.270000000000000000e+02 2.260000000000000000e+02 2.260000000000000000e+02 2.260000000000000000e+02 2.260000000000000000e+02 2.260000000000000000e+02 2.250000000000000000e+02 2.260000000000000000e+02 2.260000000000000000e+02 2.260000000000000000e+02
2.440000000000000000e+02 2.430000000000000000e+02 2.430000000000000000e+02 2.430000000000000000e+02 2.420000000000000000e+02 2.420000000000000000e+02 2.410000000000000000e+02 2.400000000000000000e+02 2.400000000000000000e+02 2.400000000000000000e+02 2.390000000000000000e+02 2.390000000000000000e+02 2.370000000000000000e+02 2.370000000000000000e+02 2.360000000000000000e+02 2.360000000000000000e+02 2.350000000000000000e+02 2.340000000000000000e+02 2.330000000000000000e+02 2.330000000000000000e+02 2.320000000000000000e+02 2.310000000000000000e+02 2.310000000000000000e+02 2.290000000000000000e+02 2.290000000000000000e+02 2.280000000000000000e+02 2.270000000000000000e+02 2.270000000000000000e+02 2.260000000000000000e+02 2.260000000000000000e+02 2.260000000000000000e+02 2.260000000000000000e+02 2.260000000000000000e+02 2.260000000000000000e+02 2.260000000000000000e+02 2.260000000000000000e+02 2.260000000000000000e+02
2.450000000000000000e+02 2.440000000000000000e+02 2.440000000000000000e+02 2.440000000000000000e+02 2.430000000000000000e+02 2.430000000000000000e+02 2.420000000000000000e+02 2.410000000000000000e+02 2.410000000000000000e+02 2.410000000000000000e+02 2.400000000000000000e+02 2.400000000000000000e+02 2.380000000000000000e+02 2.380000000000000000e+02 2.370000000000000000e+02 2.370000000000000000e+02 2.360000000000000000e+02 2.350000000000000000e+02 2.340000000000000000e+02 2.340000000000000000e+02 2.330000000000000000e+02 2.320000000000000000e+02 2.320000000000000000e+02 2.300000000000000000e+02 2.290000000000000000e+02 2.290000000000000000e+02 2.280000000000000000e+02 2.270000000000000000e+02 2.260000000000000000e+02 2.260000000000000000e+02 2.260000000000000000e+02 2.260000000000000000e+02 2.260000000000000000e+02 2.260000000000000000e+02 2.260000000000000000e+02 2.260000000000000000e+02 2.260000000000000000e+02
2.470000000000000000e+02 2.450000000000000000e+02 2.450000000000000000e+02 2.450000000000000000e+02 2.440000000000000000e+02 2.440000000000000000e+02 2.440000000000000000e+02 2.420000000000000000e+02 2.420000000000000000e+02 2.420000000000000000e+02 2.410000000000000000e+02 2.410000000000000000e+02 2.390000000000000000e+02 2.390000000000000000e+02 2.380000000000000000e+02 2.380000000000000000e+02 2.370000000000000000e+02 2.370000000000000000e+02 2.350000000000000000e+02 2.340000000000000000e+02 2.340000000000000000e+02 2.330000000000000000e+02 2.330000000000000000e+02 2.310000000000000000e+02 2.300000000000000000e+02 2.300000000000000000e+02 2.290000000000000000e+02 2.280000000000000000e+02 2.270000000000000000e+02 2.260000000000000000e+02 2.260000000000000000e+02 2.260000000000000000e+02 2.260000000000000000e+02 2.260000000000000000e+02 2.250000000000000000e+02 2.260000000000000000e+02 2.260000000000000000e+02
2.480000000000000000e+02 2.460000000000000000e+02 2.460000000000000000e+02 2.460000000000000000e+02 2.460000000000000000e+02 2.450000000000000000e+02 2.450000000000000000e+02 2.430000000000000000e+02 2.430000000000000000e+02 2.430000000000000000e+02 2.420000000000000000e+02 2.420000000000000000e+02 2.400000000000000000e+02 2.400000000000000000e+02 2.390000000000000000e+02 2.390000000000000000e+02 2.380000000000000000e+02 2.380000000000000000e+02 2.360000000000000000e+02 2.350000000000000000e+02 2.350000000000000000e+02 2.340000000000000000e+02 2.340000000000000000e+02 2.320000000000000000e+02 2.310000000000000000e+02 2.310000000000000000e+02 2.300000000000000000e+02 2.290000000000000000e+02 2.280000000000000000e+02 2.270000000000000000e+02 2.260000000000000000e+02 2.260000000000000000e+02 2.260000000000000000e+02 2.260000000000000000e+02 2.250000000000000000e+02 2.260000000000000000e+02 2.260000000000000000e+02
2.490000000000000000e+02 2.480000000000000000e+02 2.470000000000000000e+02 2.470000000000000000e+02 2.470000000000000000e+02 2.460000000000000000e+02 2.460000000000000000e+02 2.450000000000000000e+02 2.440000000000000000e+02 2.440000000000000000e+02 2.430000000000000000e+02 2.430000000000000000e+02 2.410000000000000000e+02 2.410000000000000000e+02 2.400000000000000000e+02 2.400000000000000000e+02 2.390000000000000000e+02 2.390000000000000000e+02 2.370000000000000000e+02 2.360000000000000000e+02 2.360000000000000000e+02 2.350000000000000000e+02 2.340000000000000000e+02 2.330000000000000000e+02 2.320000000000000000e+02 2.310000000000000000e+02 2.310000000000000000e+02 2.300000000000000000e+02 2.290000000000000000e+02 2.280000000000000000e+02 2.270000000000000000e+02 2.260000000000000000e+02 2.260000000000000000e+02 2.260000000000000000e+02 2.250000000000000000e+02 2.260000000000000000e+02 2.260000000000000000e+02
2.500000000000000000e+02 2.500000000000000000e+02 2.480000000000000000e+02 2.480000000000000000e+02 2.480000000000000000e+02 2.470000000000000000e+02 2.470000000000000000e+02 2.460000000000000000e+02 2.450000000000000000e+02 2.450000000000000000e+02 2.440000000000000000e+02 2.440000000000000000e+02 2.430000000000000000e+02 2.420000000000000000e+02 2.410000000000000000e+02 2.410000000000000000e+02 2.400000000000000000e+02 2.400000000000000000e+02 2.380000000000000000e+02 2.370000000000000000e+02 2.370000000000000000e+02 2.360000000000000000e+02 2.350000000000000000e+02 2.340000000000000000e+02 2.330000000000000000e+02 2.320000000000000000e+02 2.320000000000000000e+02 2.310000000000000000e+02 2.300000000000000000e+02 2.280000000000000000e+02 2.280000000000000000e+02 2.270000000000000000e+02 2.260000000000000000e+02 2.260000000000000000e+02 2.250000000000000000e+02 2.250000000000000000e+02 2.260000000000000000e+02
2.510000000000000000e+02 2.510000000000000000e+02 2.490000000000000000e+02 2.490000000000000000e+02 2.490000000000000000e+02 2.480000000000000000e+02 2.480000000000000000e+02 2.470000000000000000e+02 2.460000000000000000e+02 2.460000000000000000e+02 2.450000000000000000e+02 2.450000000000000000e+02 2.440000000000000000e+02 2.430000000000000000e+02 2.420000000000000000e+02 2.420000000000000000e+02 2.410000000000000000e+02 2.400000000000000000e+02 2.390000000000000000e+02 2.380000000000000000e+02 2.380000000000000000e+02 2.370000000000000000e+02 2.360000000000000000e+02 2.360000000000000000e+02 2.340000000000000000e+02 2.330000000000000000e+02 2.320000000000000000e+02 2.320000000000000000e+02 2.310000000000000000e+02 2.290000000000000000e+02 2.280000000000000000e+02 2.280000000000000000e+02 2.270000000000000000e+02 2.260000000000000000e+02 2.250000000000000000e+02 2.250000000000000000e+02 2.260000000000000000e+02
2.520000000000000000e+02 2.520000000000000000e+02 2.500000000000000000e+02 2.500000000000000000e+02 2.500000000000000000e+02 2.490000000000000000e+02 2.490000000000000000e+02 2.480000000000000000e+02 2.470000000000000000e+02 2.470000000000000000e+02 2.460000000000000000e+02 2.460000000000000000e+02 2.450000000000000000e+02 2.440000000000000000e+02 2.430000000000000000e+02 2.430000000000000000e+02 2.420000000000000000e+02 2.410000000000000000e+02 2.400000000000000000e+02 2.390000000000000000e+02 2.380000000000000000e+02 2.380000000000000000e+02 2.370000000000000000e+02 2.360000000000000000e+02 2.350000000000000000e+02 2.340000000000000000e+02 2.330000000000000000e+02 2.320000000000000000e+02 2.320000000000000000e+02 2.300000000000000000e+02 2.290000000000000000e+02 2.280000000000000000e+02 2.280000000000000000e+02 2.270000000000000000e+02 2.250000000000000000e+02 2.250000000000000000e+02 2.260000000000000000e+02
2.530000000000000000e+02 2.530000000000000000e+02 2.510000000000000000e+02 2.510000000000000000e+02 2.510000000000000000e+02 2.500000000000000000e+02 2.500000000000000000e+02 2.500000000000000000e+02 2.480000000000000000e+02 2.480000000000000000e+02 2.470000000000000000e+02 2.470000000000000000e+02 2.460000000000000000e+02 2.450000000000000000e+02 2.440000000000000000e+02 2.440000000000000000e+02 2.430000000000000000e+02 2.420000000000000000e+02 2.410000000000000000e+02 2.400000000000000000e+02 2.390000000000000000e+02 2.390000000000000000e+02 2.380000000000000000e+02 2.370000000000000000e+02 2.360000000000000000e+02 2.350000000000000000e+02 2.340000000000000000e+02 2.330000000000000000e+02 2.330000000000000000e+02 2.310000000000000000e+02 2.300000000000000000e+02 2.290000000000000000e+02 2.280000000000000000e+02 2.280000000000000000e+02 2.270000000000000000e+02 2.250000000000000000e+02 2.250000000000000000e+02
2.540000000000000000e+02 2.540000000000000000e+02 2.530000000000000000e+02 2.520000000000000000e+02 2.520000000000000000e+02 2.510000000000000000e+02 2.510000000000000000e+02 2.510000000000000000e+02 2.490000000000000000e+02 2.490000000000000000e+02 2.480000000000000000e+02 2.480000000000000000e+02 2.470000000000000000e+02 2.460000000000000000e+02 2.450000000000000000e+02 2.440000000000000000e+02 2.440000000000000000e+02 2.430000000000000000e+02 2.430000000000000000e+02 2.410000000000000000e+02 2.400000000000000000e+02 2.400000000000000000e+02 2.390000000000000000e+02 2.380000000000000000e+02 2.360000000000000000e+02 2.360000000000000000e+02 2.350000000000000000e+02 2.340000000000000000e+02 2.330000000000000000e+02 2.320000000000000000e+02 2.310000000000000000e+02 2.300000000000000000e+02 2.290000000000000000e+02 2.280000000000000000e+02 2.270000000000000000e+02 2.260000000000000000e+02 2.250000000000000000e+02
2.550000000000000000e+02 2.550000000000000000e+02 2.540000000000000000e+02 2.530000000000000000e+02 2.530000000000000000e+02 2.530000000000000000e+02 2.520000000000000000e+02 2.520000000000000000e+02 2.500000000000000000e+02 2.500000000000000000e+02 2.490000000000000000e+02 2.490000000000000000e+02 2.480000000000000000e+02 2.470000000000000000e+02 2.460000000000000000e+02 2.450000000000000000e+02 2.450000000000000000e+02 2.440000000000000000e+02 2.430000000000000000e+02 2.420000000000000000e+02 2.410000000000000000e+02 2.400000000000000000e+02 2.400000000000000000e+02 2.390000000000000000e+02 2.370000000000000000e+02 2.360000000000000000e+02 2.360000000000000000e+02 2.350000000000000000e+02 2.340000000000000000e+02 2.320000000000000000e+02 2.310000000000000000e+02 2.310000000000000000e+02 2.300000000000000000e+02 2.290000000000000000e+02 2.280000000000000000e+02 2.260000000000000000e+02 2.250000000000000000e+02
2.560000000000000000e+02 2.560000000000000000e+02 2.560000000000000000e+02 2.540000000000000000e+02 2.540000000000000000e+02 2.540000000000000000e+02 2.530000000000000000e+02 2.530000000000000000e+02 2.510000000000000000e+02 2.510000000000000000e+02 2.500000000000000000e+02 2.500000000000000000e+02 2.490000000000000000e+02 2.480000000000000000e+02 2.470000000000000000e+02 2.460000000000000000e+02 2.460000000000000000e+02 2.450000000000000000e+02 2.440000000000000000e+02 2.430000000000000000e+02 2.420000000000000000e+02 2.410000000000000000e+02 2.400000000000000000e+02 2.400000000000000000e+02 2.380000000000000000e+02 2.370000000000000000e+02 2.360000000000000000e+02 2.360000000000000000e+02 2.350000000000000000e+02 2.340000000000000000e+02 2.320000000000000000e+02 2.310000000000000000e+02 2.310000000000000000e+02 2.300000000000000000e+02 2.290000000000000000e+02 2.270000000000000000e+02 2.260000000000000000e+02
2.570000000000000000e+02 2.570000000000000000e+02 2.570000000000000000e+02 2.550000000000000000e+02 2.550000000000000000e+02 2.550000000000000000e+02 2.540000000000000000e+02 2.540000000000000000e+02 2.520000000000000000e+02 2.520000000000000000e+02 2.510000000000000000e+02 2.510000000000000000e+02 2.500000000000000000e+02 2.480000000000000000e+02 2.480000000000000000e+02 2.470000000000000000e+02 2.470000000000000000e+02 2.460000000000000000e+02 2.450000000000000000e+02 2.440000000000000000e+02 2.430000000000000000e+02 2.420000000000000000e+02 2.410000000000000000e+02 2.410000000000000000e+02 2.390000000000000000e+02 2.380000000000000000e+02 2.370000000000000000e+02 2.360000000000000000e+02 2.360000000000000000e+02 2.350000000000000000e+02 2.330000000000000000e+02 2.320000000000000000e+02 2.310000000000000000e+02 2.300000000000000000e+02 2.300000000000000000e+02 2.280000000000000000e+02 2.270000000000000000e+02
