testData/tiles/oneDegree/grid42.0-5.0-43.0-6.0.asc
ncols   200
nrows   200
xllcorner   42.0
yllcorner   5.0
cellsize   0.005
NODATA_value   -9999.0
[rows 126 to 167 of 200, columns 0 to 95 of 200]
475 474 474 474 473 473 472 472 472 471 471 470 470 470 469 469 468 468 468 467 467 466 466 466 465 465 464 464 463 463 462 462 462 461 461 460 460 459 459 458 458 457 457 456 456 455 455 454 454 453 453 452 452 451 451 450 449 449 448 448 447 447 446 445 445 444 444 443 442 442 441 441 440 440 440 440 440 440 440 440 440 440 440 440 440 315 315 315 315 315 315 315 315 315 315 315
475 474 474 474 473 473 473 472 472 471 471 471 470 470 469 469 469 468 468 467 467 467 466 466 465 465 464 464 464 463 463 462 462 461 461 460 460 459 459 458 458 457 457 456 456 455 455 454 454 453 453 452 452 451 451 450 450 449 449 448 447 447 446 446 445 444 444 443 443 442 441 441 440 440 440 440 440 440 440 440 440 440 440 315 315 315 315 315 315 315 315 315 315 315 315 315
475 475 474 474 473 473 473 472 472 472 471 471 470 470 470 469 469 468 468 468 467 467 466 466 465 465 465 464 464 463 463 462 462 461 461 460 460 460 459 459 458 458 457 457 456 456 455 455 454 454 453 453 452 451 451 450 450 449 449 448 448 447 446 446 445 445 444 443 443 442 442 441 440 440 440 440 440 440 440 440 440 440 315 315 315 315 315 315 315 315 315 315 315 315 315 315
475 475 474 474 474 473 473 472 472 472 471 471 471 470 470 469 469 468 468 468 467 467 466 466 466 465 465 464 464 463 463 462 462 462 461 461 460 460 459 459 458 458 457 457 456 456 455 455 454 454 453 453 452 452 451 451 450 449 449 448 448 447 447 446 445 445 444 444 443 442 442 441 441 440 440 440 440 440 440 440 315 315 315 315 315 315 315 315 315 315 315 315 315 315 315 315
475 475 474 474 474 473 473 473 472 472 471 471 471 470 470 469 469 469 468 468 467 467 467 466 466 465 465 464 464 464 463 463 462 462 461 461 460 460 459 459 458 458 457 457 456 456 455 455 454 454 453 453 452 452 451 451 450 450 449 449 448 447 447 446 446 445 444 444 443 443 442 441 441 440 440 440 440 440 315 315 315 315 315 315 315 315 315 315 315 315 315 315 315 315 315 315
475 475 475 474 474 473 473 473 472 472 472 471 471 470 470 470 469 469 468 468 468 467 467 466 466 465 465 465 464 464 463 463 462 462 461 461 460 460 460 459 459 458 458 457 457 456 456 455 455 454 454 453 453 452 451 451 450 450 449 449 448 448 447 446 446 445 445 444 443 443 442 442 441 440 440 440 440 315 315 315 315 315 315 315 315 315 315 315 315 315 315 315 315 315 315 315
475 475 475 474 474 474 473 473 472 472 472 471 471 471 470 470 469 469 469 468 468 467 467 466 466 466 465 465 464 464 463 463 462 462 462 461 461 460 460 459 459 458 458 457 457 456 456 455 455 454 454 453 453 452 452 451 451 450 449 449 448 448 447 447 446 445 445 444 444 443 442 442 441 440 440 315 315 315 315 315 315 315 315 315 315 315 315 315 315 315 315 315 315 315 315 315
476 475 475 475 474 474 473 473 473 472 472 471 471 471 470 470 469 469 469 468 468 467 467 467 466 466 465 465 464 464 464 463 463 462 462 461 461 460 460 459 459 458 458 457 457 456 456 455 455 454 454 453 453 452 452 451 451 450 450 449 448 448 447 447 446 446 445 444 444 443 443 442 441 441 315 315 315 315 315 315 315 315 315 315 315 315 315 315 315 315 315 315 315 315 315 315
476 475 475 475 474 474 474 473 473 472 472 472 471 471 470 470 470 469 469 468 468 468 467 467 466 466 465 465 465 464 464 463 463 462 462 461 461 460 460 460 459 459 458 458 457 457 456 456 455 455 454 454 453 452 452 451 451 450 450 449 449 448 447 447 446 446 445 445 444 443 443 442 316 316 315 315 315 315 315 315 315 315 315 315 315 315 315 315 315 315 315 315 315 315 315 315
476 476 475 475 474 474 474 473 473 473 472 472 471 471 471 470 470 469 469 469 468 468 467 467 466 466 466 465 465 464 464 463 463 462 462 462 461 461 460 460 459 459 458 458 457 457 456 456 455 455 454 454 453 453 452 452 451 450 450 449 449 448 448 447 447 446 445 445 444 444 318 317 317 316 315 315 315 315 315 315 315 315 315 315 315 315 315 315 315 315 315 315 315 315 315 315
476 476 475 475 475 474 474 473 473 473 472 472 471 471 471 470 470 469 469 469 468 468 467 467 467 466 466 465 465 464 464 464 463 463 462 462 461 461 460 460 459 459 458 458 457 457 456 456 455 455 454 454 453 453 452 452 451 451 450 450 449 448 448 447 447 446 445 445 444 319 318 317 317 316 316 315 315 315 315 315 315 315 315 315 315 315 315 315 315 315 315 315 315 315 315 315
476 476 475 475 475 474 474 474 473 473 472 472 472 471 471 470 470 470 469 469 468 468 468 467 467 466 466 465 465 465 464 464 463 463 462 462 461 461 460 460 459 459 459 458 458 457 457 456 456 455 455 454 453 453 452 452 451 451 450 450 449 449 448 447 447 446 446 320 319 319 318 318 317 316 316 315 315 315 315 315 315 315 315 315 315 315 315 315 315 315 315 315 315 315 315 315
476 476 476 475 475 474 474 474 473 473 473 472 472 471 471 471 470 470 469 469 469 468 468 467 467 466 466 466 465 465 464 464 463 463 462 462 462 461 461 460 460 459 459 458 458 457 457 456 456 455 455 454 454 453 453 452 451 451 450 450 449 449 448 448 447 321 321 320 320 319 318 318 317 317 316 315 315 315 315 315 315 315 315 315 315 315 315 315 315 315 315 315 315 315 315 315
476 476 476 475 475 475 474 474 473 473 473 472 472 471 471 471 470 470 469 469 469 468 468 467 467 467 466 466 465 465 464 464 464 463 463 462 462 461 461 460 460 459 459 458 458 457 457 456 456 455 455 454 454 453 453 452 452 451 451 450 449 449 448 323 322 322 321 320 320 319 319 318 317 317 316 315 315 315 315 315 315 315 315 315 315 315 315 315 315 315 315 315 315 315 315 315
477 476 476 475 475 475 474 474 474 473 473 472 472 472 471 471 470 470 470 469 469 468 468 468 467 467 466 466 465 465 465 464 464 463 463 462 462 461 461 460 460 459 459 458 458 458 457 457 456 455 455 454 454 453 453 452 452 451 451 450 450 324 323 323 322 322 321 321 320 319 319 318 318 317 316 316 315 315 315 315 315 315 315 315 315 315 315 315 315 315 315 315 315 315 315 315
477 476 476 476 475 475 474 474 474 473 473 473 472 472 471 471 471 470 470 469 469 469 468 468 467 467 466 466 466 465 465 464 464 463 463 462 462 461 461 461 460 460 459 459 458 458 457 457 456 456 455 455 454 454 453 453 452 451 451 325 325 324 324 323 322 322 321 321 320 320 319 318 318 317 316 316 315 315 315 315 315 315 315 315 315 315 315 315 315 315 315 315 315 315 315 315
477 476 476 476 475 475 475 474 474 473 473 473 472 472 471 471 471 470 470 469 469 469 468 468 467 467 467 466 466 465 465 464 464 463 463 463 462 462 461 461 460 460 459 459 458 458 457 457 456 456 455 455 454 454 453 453 452 452 326 325 325 324 324 323 323 322 321 321 320 320 319 318 318 317 317 316 315 315 315 315 315 315 315 315 315 315 315 315 315 315 315 315 315 315 315 315
477 477 476 476 475 475 475 474 474 474 473 473 472 472 472 471 471 470 470 470 469 469 468 468 468 467 467 466 466 465 465 465 464 464 463 463 462 462 461 461 460 460 459 459 458 458 457 457 456 456 455 455 454 454 453 453 327 327 326 326 325 325 324 323 323 322 322 321 320 320 319 319 318 317 317 316 316 315 315 315 315 315 315 315 315 315 315 315 315 315 315 315 315 315 315 315
477 477 476 476 476 475 475 474 474 474 473 473 473 472 472 471 471 471 470 470 469 469 469 468 468 467 467 466 466 466 465 465 464 464 463 463 462 462 461 461 461 460 460 459 459 458 458 457 457 456 456 455 455 454 328 328 327 327 326 326 325 325 324 324 323 322 322 321 321 320 319 319 318 318 317 316 316 315 315 315 315 315 315 315 315 315 315 315 315 315 315 315 315 315 315 315
477 477 476 476 476 475 475 475 474 474 473 473 473 472 472 471 471 471 470 470 469 469 469 468 468 467 467 467 466 466 465 465 464 464 463 463 463 462 462 461 461 460 460 459 459 458 458 457 457 456 456 455 330 329 329 328 328 327 326 326 325 325 324 324 323 323 322 321 321 320 320 319 318 318 317 316 316 315 315 315 315 315 315 315 315 315 315 315 315 315 315 315 315 315 315 315
477 477 477 476 476 475 475 475 474 474 474 473 473 472 472 472 471 471 470 470 470 469 469 468 468 468 467 467 466 466 465 465 464 464 464 463 463 462 462 461 461 460 460 459 459 458 458 457 457 456 331 330 330 329 329 328 328 327 327 326 326 325 324 324 323 323 322 322 321 320 320 319 319 318 317 317 316 315 315 315 315 315 315 315 315 315 315 315 315 315 315 315 315 315 315 315
477 477 477 476 476 476 475 475 474 474 474 473 473 473 472 472 471 471 471 470 470 469 469 468 468 468 467 467 466 466 465 465 465 464 464 463 463 462 462 461 461 460 460 459 459 459 458 333 332 332 331 330 330 329 329 328 328 327 327 326 326 325 325 324 323 323 322 322 321 320 320 319 319 318 317 317 316 316 315 315 315 315 315 315 315 315 315 315 315 315 315 315 315 315 315 315
477 477 477 476 476 476 475 475 475 474 474 473 473 473 472 472 471 471 471 470 470 469 469 469 468 468 467 467 466 466 466 465 465 464 464 463 463 462 462 462 461 461 460 460 459 334 333 333 332 332 331 331 330 330 329 329 328 327 327 326 326 325 325 324 324 323 322 322 321 321 320 319 319 318 318 317 316 316 315 315 315 315 315 315 315 315 315 315 315 315 315 315 315 315 315 315
478 477 477 477 476 476 475 475 475 474 474 474 473 473 472 472 472 471 471 470 470 470 469 469 468 468 467 467 467 466 466 465 465 464 464 464 463 463 462 462 461 461 460 335 334 334 333 333 332 332 331 331 330 330 329 329 328 328 327 327 326 325 325 324 324 323 323 322 321 321 320 320 319 318 318 317 316 316 315 315 315 315 315 315 315 315 315 315 315 315 315 315 315 315 315 315
478 477 477 477 476 476 476 475 475 474 474 474 473 473 472 472 472 471 471 471 470 470 469 469 468 468 468 467 467 466 466 465 465 465 464 464 463 463 462 462 461 336 335 335 334 334 333 333 332 332 331 331 330 330 329 329 328 328 327 327 326 326 325 324 324 323 323 322 322 321 320 320 319 319 318 317 317 316 315 315 315 315 315 315 315 315 315 315 315 315 315 315 315 315 315 315
478 477 477 477 476 476 476 475 475 475 474 474 473 473 473 472 472 471 471 471 470 470 469 469 469 468 468 467 467 466 466 466 465 465 464 464 463 463 337 337 336 336 336 335 335 334 334 333 333 332 332 331 331 330 329 329 328 328 327 327 326 326 325 325 324 323 323 322 322 321 321 320 319 319 318 317 317 316 316 315 315 315 315 315 315 315 315 315 315 315 315 315 315 315 315 315
478 478 477 477 477 476 476 475 475 475 474 474 474 473 473 472 472 472 471 471 470 470 470 469 469 468 468 467 467 467 466 466 465 465 464 464 338 338 338 337 337 336 336 335 335 334 334 333 333 332 332 331 331 330 330 329 329 328 327 327 326 326 325 325 324 324 323 322 322 321 321 320 319 319 318 318 317 316 316 315 315 315 315 315 315 315 315 315 315 315 315 315 315 315 315 315
478 478 477 477 477 476 476 476 475 475 474 474 474 473 473 472 472 472 471 471 470 470 470 469 469 468 468 468 467 467 466 466 465 465 339 339 339 338 338 337 337 336 336 335 335 334 334 333 333 332 332 331 331 330 330 329 329 328 328 327 327 326 325 325 324 324 323 323 322 321 321 320 320 319 318 318 317 316 316 315 315 315 315 315 315 315 315 315 315 315 315 315 315 315 315 315
478 478 477 477 477 476 476 476 475 475 475 474 474 473 473 473 472 472 471 471 471 470 470 469 469 469 468 468 467 467 466 341 340 340 340 339 339 338 338 337 337 336 336 335 335 334 334 333 333 332 332 331 331 330 330 329 329 328 328 327 327 326 326 325 324 324 323 323 322 322 321 320 320 319 319 318 317 317 316 315 315 315 315 315 315 315 315 315 315 315 315 315 315 315 315 315
478 478 478 477 477 476 476 476 475 475 475 474 474 473 473 473 472 472 471 471 471 470 470 469 469 469 468 468 467 342 341 341 341 340 340 339 339 338 338 337 337 336 336 336 335 335 334 334 333 333 332 332 331 331 330 330 329 328 328 327 327 326 326 325 325 324 323 323 322 322 321 320 320 319 319 318 317 317 316 315 315 315 315 315 315 315 315 315 315 315 315 315 315 315 315 315
478 478 478 477 477 477 476 476 475 475 475 474 474 474 473 473 472 472 472 471 471 470 470 470 469 469 343 343 342 342 342 341 341 340 340 339 339 338 338 338 337 337 336 336 335 335 334 334 333 333 332 332 331 331 330 330 329 329 328 328 327 326 326 325 325 324 324 323 322 322 321 321 320 319 319 318 318 317 316 316 315 315 315 315 315 315 315 315 315 315 315 315 315 315 315 315
479 478 478 477 477 477 476 476 476 475 475 474 474 474 473 473 473 472 472 471 471 471 470 345 344 344 343 343 343 342 342 341 341 340 340 340 339 339 338 338 337 337 336 336 335 335 334 334 333 333 332 332 331 331 330 330 329 329 328 328 327 327 326 325 325 324 324 323 323 322 321 321 320 320 319 318 318 317 316 316 315 315 315 315 315 315 315 315 315 315 315 315 315 315 315 315
479 478 478 478 477 477 476 476 476 475 475 475 474 474 473 473 473 472 472 471 346 346 345 345 344 344 344 343 343 342 342 341 341 341 340 340 339 339 338 338 337 337 336 336 335 335 334 334 333 333 332 332 331 331 330 330 329 329 328 328 327 327 326 326 325 324 324 323 323 322 322 321 320 320 319 318 318 317 317 316 315 315 315 315 315 315 315 315 315 315 315 315 315 315 315 315
479 478 478 478 477 477 477 476 476 475 475 475 474 474 474 473 473 347 347 347 346 346 345 345 345 344 344 343 343 342 342 342 341 341 340 340 339 339 338 338 337 337 337 336 336 335 335 334 334 333 333 332 332 331 331 330 330 329 328 328 327 327 326 326 325 325 324 323 323 322 322 321 320 320 319 319 318 317 317 316 315 315 315 315 315 315 315 315 315 315 315 315 315 315 315 315
479 478 478 478 477 477 477 476 476 476 475 475 474 474 349 348 348 347 347 347 346 346 345 345 345 344 344 343 343 342 342 342 341 341 340 340 339 339 338 338 338 337 337 336 336 335 335 334 334 333 333 332 332 331 331 330 330 329 329 328 327 327 326 326 325 325 324 324 323 322 322 321 321 320 319 319 318 318 317 316 316 315 315 315 315 315 315 315 315 315 315 315 315 315 315 315
479 479 478 478 477 477 477 476 476 476 475 350 350 349 349 348 348 348 347 347 346 346 346 345 345 344 344 343 343 343 342 342 341 341 340 340 340 339 339 338 338 337 337 336 336 335 335 334 334 333 333 332 332 331 331 330 330 329 329 328 328 327 327 326 325 325 324 324 323 323 322 321 321 320 320 319 318 318 317 316 316 315 315 315 315 315 315 315 315 315 315 315 315 315 315 315
479 479 478 478 478 477 477 477 351 351 350 350 350 349 349 348 348 348 347 347 346 346 346 345 345 344 344 344 343 343 342 342 341 341 341 340 340 339 339 338 338 337 337 336 336 335 335 334 334 333 333 332 332 331 331 330 330 329 329 328 328 327 327 326 326 325 324 324 323 323 322 321 321 320 320 319 318 318 317 317 316 315 315 315 315 315 315 315 315 315 315 315 315 315 315 315
479 479 478 478 353 352 352 352 351 351 350 350 350 349 349 349 348 348 347 347 347 346 346 345 345 345 344 344 343 343 342 342 342 341 341 340 340 339 339 338 338 337 337 337 336 336 335 335 334 334 333 333 332 332 331 331 330 329 329 328 328 327 327 326 326 325 325 324 323 323 322 322 321 320 320 319 319 318 317 317 316 315 315 315 315 315 315 315 315 315 315 315 315 315 315 315
354 354 354 353 353 352 352 352 351 351 351 350 350 349 349 349 348 348 347 347 347 346 346 345 345 345 344 344 343 343 343 342 342 341 341 340 340 339 339 338 338 338 337 337 336 336 335 335 334 334 333 333 332 332 331 331 330 330 329 329 328 327 327 326 326 325 325 324 324 323 322 322 321 321 320 319 319 318 317 317 316 316 315 315 315 315 315 315 315 315 315 315 315 315 315 315
354 354 354 353 353 353 352 352 351 351 351 350 350 350 349 349 348 348 348 347 347 346 346 346 345 345 344 344 343 343 343 342 342 341 341 340 340 340 339 339 338 338 337 337 336 336 335 335 334 334 333 333 332 332 331 331 330 330 329 329 328 328 327 326 326 325 325 324 324 323 322 322 321 321 320 319 319 318 318 317 316 316 315 315 315 315 315 315 315 315 315 315 315 315 315 315
354 354 354 353 353 353 352 352 352 351 351 350 350 350 349 349 348 348 348 347 347 346 346 346 345 345 344 344 344 343 343 342 342 341 341 341 340 340 339 339 338 338 337 337 336 336 335 335 334 334 333 333 332 332 331 331 330 330 329 329 328 328 327 327 326 325 325 324 324 323 323 322 321 321 320 320 319 318 318 317 316 316 315 315 315 315 315 315 315 315 315 315 315 315 315 315
355 354 354 353 353 353 352 352 352 351 351 351 350 350 349 349 349 348 348 347 347 347 346 346 345 345 345 344 344 343 343 342 342 342 341 341 340 340 339 339 338 338 337 337 336 336 336 335 335 334 334 333 333 332 332 331 330 330 329 329 328 328 327 327 326 326 325 324 324 323 323 322 322 321 320 320 319 318 318 317 317 316 315 315 315 315 315 315 315 315 315 315 315 315 315 315
