testData/tiles/oneDegree/grid15.0-20.0-16.0-21.0.asc
ncols   200
nrows   200
xllcorner   15.0
yllcorner   20.0
cellsize   0.005
NODATA_value   -9999.0
[rows 62 to 123 of 200, columns 96 to 191 of 200]
0 0 0 0 0 0 0 0 0 0 0 0 0 43 43 43 43 43 43 43 43 43 43 43 43 43 43 43 43 43 43 43 43 43 43 43 43 43 43 43 43 43 43 43 44 44 45 46 46 47 47 48 49 49 50 50 51 52 52 53 53 54 54 55 55 56 56 57 57 58 58 59 59 59 60 102 103 103 104 104 104 105 105 106 106 107 107 107 115 118 121 124 125 128 130 131
0 0 0 0 0 0 0 0 0 0 0 0 0 43 43 43 43 43 43 43 43 43 43 43 43 43 43 43 43 43 43 43 43 43 43 43 43 43 43 43 43 43 43 43 44 44 45 46 46 47 48 48 49 49 50 51 51 52 52 53 53 54 54 55 55 56 56 57 57 58 58 59 59 60 60 60 61 61 62 104 105 105 105 106 106 107 107 107 114 117 121 123 125 128 129 130
0 0 0 0 0 0 0 0 0 0 0 0 0 43 43 43 43 43 43 43 43 43 43 43 43 43 43 43 43 43 43 43 43 43 43 43 43 43 43 43 43 43 43 43 44 45 45 46 46 47 48 48 49 49 50 51 51 52 52 53 53 54 54 55 55 56 56 57 57 58 58 59 59 60 60 61 61 61 62 62 63 63 63 64 106 107 107 107 113 116 120 122 124 127 129 130
0 0 0 0 0 0 0 0 0 0 0 0 0 43 43 43 43 43 43 43 43 43 43 43 43 43 43 43 43 43 43 43 43 43 43 43 43 43 43 43 43 43 43 43 44 45 45 46 47 47 48 48 49 50 50 51 51 52 52 53 53 54 54 55 55 56 56 57 57 58 58 59 59 60 60 61 61 61 62 62 63 63 64 64 64 65 65 66 113 115 119 122 124 127 128 131
0 0 0 0 0 0 0 0 0 0 0 0 0 43 43 43 43 43 43 43 43 43 43 43 43 43 43 43 43 43 43 43 43 43 43 43 43 43 43 43 43 43 43 43 44 45 45 46 47 47 48 49 49 50 50 51 51 52 52 53 54 54 55 55 56 56 57 57 58 58 58 59 59 60 60 61 61 62 62 62 63 63 64 64 64 65 65 66 66 72 76 79 82 126 128 130
0 0 0 0 0 0 0 0 0 0 0 0 43 43 43 43 43 43 43 43 43 43 43 43 43 43 43 43 43 43 43 43 43 43 43 43 43 43 43 43 43 43 43 44 44 45 46 46 47 47 48 49 49 50 50 51 51 52 53 53 54 54 55 55 56 56 57 57 58 58 59 59 59 60 60 61 61 62 62 62 63 63 64 64 65 65 65 66 66 71 76 78 82 83 85 88
0 0 0 0 0 0 0 0 0 0 0 0 43 43 43 43 43 43 43 43 43 43 43 43 43 43 43 43 43 43 43 43 43 43 43 43 43 43 43 43 43 43 43 44 44 45 46 46 47 48 48 49 49 50 50 51 52 52 53 53 54 54 55 55 56 56 57 57 58 58 59 59 60 60 60 61 61 62 62 63 63 63 64 64 65 65 65 66 66 72 74 77 81 83 85 87
0 0 0 0 0 0 0 0 0 0 0 0 43 43 43 43 43 43 43 43 43 43 43 43 43 43 43 43 43 43 43 43 43 43 43 43 43 43 43 43 43 43 43 44 44 45 46 46 47 48 48 49 49 50 51 51 52 52 53 53 54 54 55 55 56 56 57 57 58 58 59 59 60 60 60 61 61 62 62 63 63 63 64 64 65 65 65 66 66 67 73 77 80 82 84 87
0 0 0 0 0 0 0 0 0 0 0 0 43 43 43 43 43 43 43 43 43 43 43 43 43 43 43 43 43 43 43 43 43 43 43 43 43 43 43 43 43 43 43 44 45 45 46 47 47 48 48 49 50 50 51 51 52 52 53 53 54 54 55 55 56 56 57 57 58 58 59 59 60 60 61 61 61 62 62 63 63 64 64 64 65 65 66 66 66 67 72 76 79 82 84 86
0 0 0 0 0 0 0 0 0 0 0 0 43 43 43 43 43 43 43 43 43 43 43 43 43 43 43 43 43 43 43 43 43 43 43 43 43 43 43 43 43 43 43 44 45 45 46 47 47 48 48 49 50 50 51 51 52 52 53 53 54 55 55 56 56 57 57 57 58 58 59 59 60 60 61 61 62 62 62 63 63 64 64 64 65 65 66 66 66 67 72 76 79 81 84 86
0 0 0 0 0 0 0 0 0 0 0 0 43 43 43 43 43 43 43 43 43 43 43 43 43 43 43 43 43 43 43 43 43 43 43 43 43 43 43 43 43 43 43 44 45 45 46 47 47 48 49 49 50 50 51 51 52 53 53 54 54 55 55 56 56 57 57 58 58 58 59 59 60 60 61 61 62 62 62 63 63 64 64 64 65 65 66 66 66 67 67 74 78 80 83 85
0 0 0 0 0 0 0 0 0 0 0 0 43 43 43 43 43 43 43 43 43 43 43 43 43 43 43 43 43 43 43 43 43 43 43 43 43 43 43 43 43 43 44 44 45 46 46 47 47 48 49 49 50 50 51 52 52 53 53 54 54 55 55 56 56 57 57 58 58 59 59 59 60 60 61 61 62 62 63 63 63 64 64 65 65 65 66 66 67 67 67 73 77 79 83 85
0 0 0 0 0 0 0 0 0 0 0 43 43 43 43 43 43 43 43 43 43 43 43 43 43 43 43 43 43 43 43 43 43 43 43 43 43 43 43 43 43 43 44 44 45 46 46 47 48 48 49 49 50 50 51 52 52 53 53 54 54 55 55 56 56 57 57 58 58 59 59 60 60 60 61 61 62 62 63 63 63 64 64 65 65 65 66 66 67 67 67 73 76 79 82 84
0 0 0 0 0 0 0 0 0 0 0 43 43 43 43 43 43 43 43 43 43 43 43 43 43 43 43 43 43 43 43 43 43 43 43 43 43 43 43 43 43 43 44 44 45 46 46 47 48 48 49 49 50 51 51 52 52 53 53 54 54 55 55 56 56 57 57 58 58 59 59 60 60 61 61 61 62 62 63 63 63 64 64 65 65 65 66 66 67 67 67 68 74 79 81 83
0 0 0 0 0 0 0 0 0 0 0 43 43 43 43 43 43 43 43 43 43 43 43 43 43 43 43 43 43 43 43 43 43 43 43 43 43 43 43 43 43 43 44 45 45 46 46 47 48 48 49 49 50 51 51 52 52 53 53 54 54 55 55 56 56 57 57 58 58 59 59 60 60 61 61 61 62 62 63 63 64 64 64 65 65 66 66 66 67 67 67 68 73 78 80 83
0 0 0 0 0 0 0 0 0 0 0 43 43 43 43 43 43 43 43 43 43 43 43 43 43 43 43 43 43 43 43 43 43 43 43 43 43 43 43 43 43 43 44 45 45 46 47 47 48 48 49 50 50 51 51 52 52 53 53 54 54 55 55 56 56 57 57 58 58 59 59 60 60 61 61 62 62 62 63 63 64 64 64 65 65 66 66 66 67 67 68 68 73 77 80 82
0 0 0 0 0 0 0 0 0 0 0 43 43 43 43 43 43 43 43 43 43 43 43 43 43 43 43 43 43 43 43 43 43 43 43 43 43 43 43 43 43 43 44 45 45 46 47 47 48 48 49 50 50 51 51 52 52 53 54 54 55 55 56 56 57 57 58 58 58 59 59 60 60 61 61 62 62 62 63 63 64 64 64 65 65 66 66 66 67 67 68 68 68 75 79 81
0 0 0 0 0 0 0 0 0 0 0 43 43 43 43 43 43 43 43 43 43 43 43 43 43 43 43 43 43 43 43 43 43 43 43 43 43 43 43 43 43 43 44 45 45 46 47 47 48 49 49 50 50 51 51 52 53 53 54 54 55 55 56 56 57 57 58 58 59 59 59 60 60 61 61 62 62 63 63 63 64 64 65 65 65 66 66 67 67 67 68 68 68 74 78 80
0 0 0 0 0 0 0 0 0 0 0 43 43 43 43 43 43 43 43 43 43 43 43 43 43 43 43 43 43 43 43 43 43 43 43 43 43 43 43 43 43 44 44 45 46 46 47 47 48 49 49 50 50 51 52 52 53 53 54 54 55 55 56 56 57 57 58 58 59 59 60 60 60 61 61 62 62 63 63 63 64 64 65 65 65 66 66 67 67 67 68 68 68 74 77 81
0 0 0 0 0 0 0 0 0 0 0 43 43 43 43 43 43 43 43 43 43 43 43 43 43 43 43 43 43 43 43 43 43 43 43 43 43 43 43 43 43 44 44 45 46 46 47 48 48 49 49 50 50 51 52 52 53 53 54 54 55 55 56 56 57 57 58 58 59 59 60 60 60 61 61 62 62 63 63 63 64 64 65 65 65 66 66 67 67 67 68 68 68 69 75 80
0 0 0 0 0 0 0 0 0 0 43 43 43 43 43 43 43 43 43 43 43 43 43 43 43 43 43 43 43 43 43 43 43 43 43 43 43 43 43 43 43 44 44 45 46 46 47 48 48 49 49 50 51 51 52 52 53 53 54 54 55 55 56 56 57 57 58 58 59 59 60 60 61 61 61 62 62 63 63 64 64 64 65 65 66 66 66 67 67 67 68 68 69 69 74 79
0 0 0 0 0 0 0 0 0 0 43 43 43 43 43 43 43 43 43 43 43 43 43 43 43 43 43 43 43 43 43 43 43 43 43 43 43 43 43 43 43 44 44 45 46 46 47 48 48 49 49 50 51 51 52 52 53 53 54 54 55 55 56 56 57 57 58 58 59 59 60 60 61 61 61 62 62 63 63 64 64 64 65 65 66 66 66 67 67 67 68 68 69 69 74 77
0 0 0 0 0 0 0 0 0 0 43 43 43 43 43 43 43 43 43 43 43 43 43 43 43 43 43 43 43 43 43 43 43 43 43 43 43 43 43 43 43 44 45 45 46 46 47 48 48 49 50 50 51 51 52 52 53 53 54 54 55 55 56 56 57 57 58 58 59 59 60 60 61 61 62 62 62 63 63 64 64 64 65 65 66 66 66 67 67 68 68 68 69 69 69 76
0 0 0 0 0 0 0 0 0 0 43 43 43 43 43 43 43 43 43 43 43 43 43 43 43 43 43 43 43 43 43 43 43 43 43 43 43 43 43 43 43 44 45 45 46 47 47 48 48 49 50 50 51 51 52 52 53 53 54 55 55 56 56 57 57 57 58 58 59 59 60 60 61 61 62 62 62 63 63 64 64 64 65 65 66 66 66 67 67 68 68 68 69 69 69 75
0 0 0 0 0 0 0 0 0 0 43 43 43 43 43 43 43 43 43 43 43 43 43 43 43 43 43 43 43 43 43 43 43 43 43 43 43 43 43 43 43 44 45 45 46 47 47 48 48 49 50 50 51 51 52 52 53 54 54 55 55 56 56 57 57 58 58 58 59 59 60 60 61 61 62 62 62 63 63 64 64 65 65 65 66 66 67 67 67 68 68 68 69 69 69 75
0 0 0 0 0 0 0 0 0 0 43 43 43 43 43 43 43 43 43 43 43 43 43 43 43 43 43 43 43 43 43 43 43 43 43 43 43 43 43 43 43 44 45 45 46 47 47 48 49 49 50 50 51 51 52 53 53 54 54 55 55 56 56 57 57 58 58 59 59 59 60 60 61 61 62 62 63 63 63 64 64 65 65 65 66 66 67 67 67 68 68 68 69 69 70 70
0 0 0 0 0 0 0 0 0 0 43 43 43 43 43 43 43 43 43 43 43 43 43 43 43 43 43 43 43 43 43 43 43 43 43 43 43 43 43 43 43 44 45 45 46 47 47 48 49 49 50 50 51 51 52 53 53 54 54 55 55 56 56 57 57 58 58 59 59 60 60 60 61 61 62 62 63 63 63 64 64 65 65 65 66 66 67 67 67 68 68 68 69 69 70 70
0 0 0 0 0 0 0 0 0 0 43 43 43 43 43 43 43 43 43 43 43 43 43 43 43 43 43 43 43 43 43 43 43 43 43 43 43 43 43 43 44 44 45 46 46 47 47 48 49 49 50 50 51 52 52 53 53 54 54 55 55 56 56 57 57 58 58 59 59 60 60 60 61 61 62 62 63 63 63 64 64 65 65 65 66 66 67 67 67 68 68 69 69 69 70 70
0 0 0 0 0 0 0 0 0 0 43 43 43 43 43 43 43 43 43 43 43 43 43 43 43 43 43 43 43 43 43 43 43 43 43 43 43 43 43 43 44 44 45 46 46 47 48 48 49 49 50 50 51 52 52 53 53 54 54 55 55 56 56 57 57 58 58 59 59 60 60 61 61 61 62 62 63 63 64 64 64 65 65 66 66 66 67 67 67 68 68 69 69 69 70 70
0 0 0 0 0 0 0 0 0 0 43 43 43 43 43 43 43 43 43 43 43 43 43 43 43 43 43 43 43 43 43 43 43 43 43 43 43 43 43 43 44 44 45 46 46 47 48 48 49 49 50 51 51 52 52 53 53 54 54 55 55 56 56 57 57 58 58 59 59 60 60 61 61 61 62 62 63 63 64 64 64 65 65 66 66 66 67 67 67 68 68 69 69 69 70 70
0 0 0 0 0 0 0 0 0 0 43 43 43 43 43 43 43 43 43 43 43 43 43 43 43 43 43 43 43 43 43 43 43 43 43 43 43 43 43 43 44 44 45 46 46 47 48 48 49 49 50 51 51 52 52 53 53 54 54 55 55 56 56 57 57 58 58 59 59 60 60 61 61 61 62 62 63 63 64 64 64 65 65 66 66 66 67 67 68 68 68 69 69 69 70 70
0 0 0 0 0 0 0 0 0 43 43 43 43 43 43 43 43 43 43 43 43 43 43 43 43 43 43 43 43 43 43 43 43 43 43 43 43 43 43 43 44 44 45 46 46 47 48 48 49 49 50 51 51 52 52 53 53 54 54 55 55 56 56 57 57 58 58 59 59 60 60 61 61 62 62 62 63 63 64 64 64 65 65 66 66 66 67 67 68 68 68 69 69 69 70 70
0 0 0 0 0 0 0 0 0 43 43 43 43 43 43 43 43 43 43 43 43 43 43 43 43 43 43 43 43 43 43 43 43 43 43 43 43 43 43 43 44 45 45 46 46 47 48 48 49 50 50 51 51 52 52 53 53 54 54 55 55 56 56 57 57 58 58 59 59 60 60 61 61 62 62 62 63 63 64 64 64 65 65 66 66 66 67 67 68 68 68 69 69 69 70 70
0 0 0 0 0 0 0 0 0 43 43 43 43 43 43 43 43 43 43 43 43 43 43 43 43 43 43 43 43 43 43 43 43 43 43 43 43 43 43 43 44 45 45 46 47 47 48 48 49 50 50 51 51 52 52 53 53 54 55 55 56 56 57 57 57 58 58 59 59 60 60 61 61 62 62 62 63 63 64 64 65 65 65 66 66 66 67 67 68 68 68 69 69 69 70 70
0 0 0 0 0 0 0 0 0 43 43 43 43 43 43 43 43 43 43 43 43 43 43 43 43 43 43 43 43 43 43 43 43 43 43 43 43 43 43 43 44 45 45 46 47 47 48 48 49 50 50 51 51 52 52 53 53 54 55 55 56 56 57 57 58 58 58 59 59 60 60 61 61 62 62 62 63 63 64 64 65 65 65 66 66 67 67 67 68 68 68 69 69 69 70 70
0 0 0 0 0 0 0 0 0 43 43 43 43 43 43 43 43 43 43 43 43 43 43 43 43 43 43 43 43 43 43 43 43 43 43 43 43 43 43 43 44 45 45 46 47 47 48 48 49 50 50 51 51 52 52 53 54 54 55 55 56 56 57 57 58 58 59 59 59 60 60 61 61 62 62 63 63 63 64 64 65 65 65 66 66 67 67 67 68 68 68 69 69 70 70 70
0 0 0 0 0 0 0 0 0 43 43 43 43 43 43 43 43 43 43 43 43 43 43 43 43 43 43 43 43 43 43 43 43 43 43 43 43 43 43 43 44 45 45 46 47 47 48 49 49 50 50 51 51 52 53 53 54 54 55 55 56 56 57 57 58 58 59 59 59 60 60 61 61 62 62 63 63 63 64 64 65 65 65 66 66 67 67 67 68 68 68 69 69 70 70 70
0 0 0 0 0 0 0 0 0 43 43 43 43 43 43 43 43 43 43 43 43 43 43 43 43 43 43 43 43 43 43 43 43 43 43 43 43 43 43 43 44 45 45 46 47 47 48 49 49 50 50 51 51 52 53 53 54 54 55 55 56 56 57 57 58 58 59 59 59 60 60 61 61 62 62 63 63 63 64 64 65 65 65 66 66 67 67 67 68 68 68 69 69 70 70 70
0 0 0 0 0 0 0 0 0 43 43 43 43 43 43 43 43 43 43 43 43 43 43 43 43 43 43 43 43 43 43 43 43 43 43 43 43 43 43 43 44 45 45 46 47 47 48 49 49 50 50 51 51 52 53 53 54 54 55 55 56 56 57 57 58 58 59 59 60 60 60 61 61 62 62 63 63 63 64 64 65 65 65 66 66 67 67 67 68 68 69 69 69 70 70 70
0 0 0 0 0 0 0 0 0 43 43 43 43 43 43 43 43 43 43 43 43 43 43 43 43 43 43 43 43 43 43 43 43 43 43 43 43 43 43 44 44 45 46 46 47 47 48 49 49 50 50 51 52 52 53 53 54 54 55 55 56 56 57 57 58 58 59 59 60 60 60 61 61 62 62 63 63 63 64 64 65 65 65 66 66 67 67 67 68 68 69 69 69 70 70 70
0 0 0 0 0 0 0 0 0 43 43 43 43 43 43 43 43 43 43 43 43 43 43 43 43 43 43 43 43 43 43 43 43 43 43 43 43 43 43 44 44 45 46 46 47 47 48 49 49 50 50 51 52 52 53 53 54 54 55 55 56 56 57 57 58 58 59 59 60 60 60 61 61 62 62 63 63 63 64 64 65 65 66 66 66 67 67 67 68 68 69 69 69 70 70 70
0 0 0 0 0 0 0 0 0 43 43 43 43 43 43 43 43 43 43 43 43 43 43 43 43 43 43 43 43 43 43 43 43 43 43 43 43 43 43 44 44 45 46 46 47 47 48 49 49 50 50 51 52 52 53 53 54 54 55 55 56 56 57 57 58 58 59 59 60 60 61 61 61 62 62 63 63 64 64 64 65 65 66 66 66 67 67 67 68 68 69 69 69 70 70 70
0 0 0 0 0 0 0 0 0 43 43 43 43 43 43 43 43 43 43 43 43 43 43 43 43 43 43 43 43 43 43 43 43 43 43 43 43 43 43 44 44 45 46 46 47 48 48 49 49 50 50 51 52 52 53 53 54 54 55 55 56 56 57 57 58 58 59 59 60 60 61 61 61 62 62 63 63 64 64 64 65 65 66 66 66 67 67 67 68 68 69 69 69 70 70 70
0 0 0 0 0 0 0 0 0 43 43 43 43 43 43 43 43 43 43 43 43 43 43 43 43 43 43 43 43 43 43 43 43 43 43 43 43 43 43 44 44 45 46 46 47 48 48 49 49 50 50 51 52 52 53 53 54 54 55 55 56 56 57 57 58 58 59 59 60 60 61 61 61 62 62 63 63 64 64 64 65 65 66 66 66 67 67 68 68 68 69 69 69 70 70 70
0 0 0 0 0 0 0 0 0 43 43 43 43 43 43 43 43 43 43 43 43 43 43 43 43 43 43 43 43 43 43 43 43 43 43 43 43 43 43 44 44 45 46 46 47 48 48 49 49 50 51 51 52 52 53 53 54 54 55 55 56 56 57 57 58 58 59 59 60 60 61 61 61 62 62 63 63 64 64 64 65 65 66 66 66 67 67 68 68 68 69 69 69 70 70 70
0 0 0 0 0 0 0 0 0 43 43 43 43 43 43 43 43 43 43 43 43 43 43 43 43 43 43 43 43 43 43 43 43 43 43 43 43 43 43 44 44 45 46 46 47 48 48 49 49 50 51 51 52 52 53 53 54 54 55 55 56 56 57 57 58 58 59 59 60 60 61 61 61 62 62 63 63 64 64 64 65 65 66 66 66 67 67 68 68 68 69 69 69 70 70 70
0 0 0 0 0 0 0 0 0 43 43 43 43 43 43 43 43 43 43 43 43 43 43 43 43 43 43 43 43 43 43 43 43 43 43 43 43 43 43 44 44 45 46 46 47 48 48 49 49 50 51 51 52 52 53 53 54 54 55 55 56 56 57 57 58 58 59 59 60 60 61 61 61 62 62 63 63 64 64 64 65 65 66 66 66 67 67 68 68 68 69 69 69 70 70 70
0 0 0 0 0 0 0 0 0 43 43 43 43 43 43 43 43 43 43 43 43 43 43 43 43 43 43 43 43 43 43 43 43 43 43 43 43 43 43 44 44 45 46 46 47 48 48 49 49 50 51 51 52 52 53 53 54 54 55 55 56 56 57 57 58 58 59 59 60 60 61 61 62 62 62 63 63 64 64 64 65 65 66 66 66 67 67 68 68 68 69 69 69 70 70 70
0 0 0 0 0 0 0 0 0 43 43 43 43 43 43 43 43 43 43 43 43 43 43 43 43 43 43 43 43 43 43 43 43 43 43 43 43 43 43 44 44 45 46 46 47 48 48 49 49 50 51 51 52 52 53 53 54 54 55 55 56 56 57 57 58 58 59 59 60 60 61 61 62 62 62 63 63 64 64 64 65 65 66 66 66 67 67 68 68 68 69 69 69 70 70 70
0 0 0 0 0 0 0 0 0 43 43 43 43 43 43 43 43 43 43 43 43 43 43 43 43 43 43 43 43 43 43 43 43 43 43 43 43 43 43 44 44 45 46 46 47 48 48 49 49 50 51 51 52 52 53 53 54 54 55 55 56 56 57 57 58 58 59 59 60 60 61 61 62 62 62 63 63 64 64 64 65 65 66 66 66 67 67 68 68 68 69 69 69 70 70 71
0 0 0 0 0 0 0 0 0 43 43 43 43 43 43 43 43 43 43 43 43 43 43 43 43 43 43 43 43 43 43 43 43 43 43 43 43 43 43 44 44 45 46 46 47 48 48 49 49 50 51 51 52 52 53 53 54 54 55 55 56 56 57 57 58 58 59 59 60 60 61 61 62 62 62 63 63 64 64 64 65 65 66 66 66 67 67 68 68 68 69 69 69 70 70 71
0 0 0 0 0 0 0 0 0 43 43 43 43 43 43 43 43 43 43 43 43 43 43 43 43 43 43 43 43 43 43 43 43 43 43 43 43 43 43 44 44 45 46 46 47 48 48 49 49 50 51 51 52 52 53 53 54 54 55 55 56 56 57 57 58 58 59 59 60 60 61 61 62 62 62 63 63 64 64 64 65 65 66 66 66 67 67 68 68 68 69 69 69 70 70 71
0 0 0 0 0 0 0 0 0 43 43 43 43 43 43 43 43 43 43 43 43 43 43 43 43 43 43 43 43 43 43 43 43 43 43 43 43 43 43 44 44 45 46 46 47 48 48 49 49 50 51 51 52 52 53 53 54 54 55 55 56 56 57 57 58 58 59 59 60 60 61 61 62 62 62 63 63 64 64 65 65 65 66 66 66 67 67 68 68 68 69 69 69 70 70 71
0 0 0 0 0 0 0 0 0 43 43 43 43 43 43 43 43 43 43 43 43 43 43 43 43 43 43 43 43 43 43 43 43 43 43 43 43 43 43 44 44 45 46 46 47 48 48 49 50 50 51 51 52 52 53 53 54 54 55 55 56 56 57 57 58 58 59 59 60 60 61 61 62 62 62 63 63 64 64 65 65 65 66 66 66 67 67 68 68 68 69 69 69 70 70 71
0 0 0 0 0 0 0 0 0 43 43 43 43 43 43 43 43 43 43 43 43 43 43 43 43 43 43 43 43 43 43 43 43 43 43 43 43 43 43 44 44 45 46 46 47 48 48 49 50 50 51 51 52 52 53 53 54 54 55 55 56 56 57 57 58 58 59 59 60 60 61 61 62 62 62 63 63 64 64 65 65 65 66 66 66 67 67 68 68 68 69 69 69 70 70 71
0 0 0 0 0 0 0 0 0 43 43 43 43 43 43 43 43 43 43 43 43 43 43 43 43 43 43 43 43 43 43 43 43 43 43 43 43 43 43 44 45 45 46 46 47 48 48 49 50 50 51 51 52 52 53 53 54 54 55 55 56 56 57 57 58 58 59 59 60 60 61 61 62 62 62 63 63 64 64 65 65 65 66 66 66 67 67 68 68 68 69 69 69 70 70 71
2 0 0 0 0 0 0 0 43 43 43 43 43 43 43 43 43 43 43 43 43 43 43 43 43 43 43 43 43 43 43 43 43 43 43 43 43 43 43 44 45 45 46 46 47 48 48 49 50 50 51 51 52 52 53 53 54 54 55 55 56 56 57 57 58 58 59 59 60 60 61 61 62 62 62 63 63 64 64 65 65 65 66 66 66 67 67 68 68 68 69 69 69 70 70 71
2 2 0 0 0 0 0 0 0 43 43 43 43 43 43 43 43 43 43 43 43 43 43 43 43 43 43 43 43 43 43 43 43 43 43 43 43 43 43 44 45 45 46 46 47 48 48 49 50 50 51 51 52 52 53 53 54 54 55 55 56 56 57 57 58 58 59 59 60 60 61 61 62 62 62 63 63 64 64 65 65 65 66 66 66 67 67 68 68 68 69 69 69 70 70 71
2 2 2 2 0 0 0 0 0 43 43 43 43 43 43 43 43 43 43 43 43 43 43 43 43 43 43 43 43 43 43 43 43 43 43 43 43 43 43 44 44 45 46 46 47 48 48 49 50 50 51 51 52 52 53 53 54 54 55 55 56 56 57 57 58 58 59 59 60 60 61 61 62 62 62 63 63 64 64 65 65 65 66 66 66 67 67 68 68 68 69 69 69 70 70 71
2 2 2 2 2 0 0 0 0 43 43 43 43 43 43 43 43 43 43 43 43 43 43 43 43 43 43 43 43 43 43 43 43 43 43 43 43 43 43 44 44 45 46 46 47 48 48 49 50 50 51 51 52 52 53 53 54 54 55 55 56 56 57 57 58 58 59 59 60 60 61 61 62 62 62 63 63 64 64 65 65 65 66 66 66 67 67 68 68 68 69 69 69 70 70 71
2 2 2 2 2 2 2 0 0 43 43 43 43 43 43 43 43 43 43 43 43 43 43 43 43 43 43 43 43 43 43 43 43 43 43 43 43 43 43 44 44 45 46 46 47 48 48 49 49 50 51 51 52 52 53 53 54 54 55 55 56 56 57 57 58 58 59 59 60 60 61 61 62 62 62 63 63 64 64 65 65 65 66 66 66 67 67 68 68 68 69 69 69 70 70 71
3 2 2 2 2 2 2 2 0 43 43 43 43 43 43 43 43 43 43 43 43 43 43 43 43 43 43 43 43 43 43 43 43 43 43 43 43 43 43 44 44 45 46 46 47 48 48 49 49 50 51 51 52 52 53 53 54 54 55 55 56 56 57 57 58 58 59 59 60 60 61 61 62 62 62 63 63 64 64 64 65 65 66 66 66 67 67 68 68 68 69 69 69 70 70 71
