testData/tiles/oneDegree/grid30.0-28.0-31.0-29.0.asc
ncols   200
nrows   200
xllcorner   30.0
yllcorner   28.0
cellsize   0.005
NODATA_value   -9999.0
[rows 42 to 83 of 200, columns 0 to 93 of 200]
241 241 240 240 240 240 240 240 240 240 240 240 240 240 240 239 239 239 239 239 239 239 239 239 239 239 238 238 238 237 237 237 237 237 237 237 236 236 236 236 236 236 236 236 235 235 235 235 235 235 235 235 235 234 234 234 234 233 233 233 232 232 232 232 232 232 232 231 231 231 231 231 231 231 230 84 84 84 84 84 83 83 83 83 83 83 82 82 82 82 82 81 81 81
241 241 241 241 241 241 241 241 241 240 240 240 240 240 240 240 240 240 240 240 239 239 239 239 239 239 239 239 239 239 238 237 237 237 237 237 237 237 237 237 236 236 236 236 236 236 236 236 236 235 235 235 235 235 235 235 234 233 233 233 233 233 233 233 232 232 232 232 232 232 231 231 231 231 85 85 85 84 84 84 84 84 84 83 83 83 83 83 83 82 82 82 82 82
242 241 241 241 241 241 241 241 241 241 241 241 241 241 240 240 240 240 240 240 240 240 240 240 240 240 239 239 239 239 238 238 238 238 238 237 237 237 237 237 237 237 237 237 236 236 236 236 236 236 236 236 236 235 235 235 235 235 234 234 233 233 233 233 233 233 233 232 232 232 232 232 232 86 85 85 85 85 85 85 84 84 84 84 84 84 83 83 83 83 83 83 82 82
242 242 242 242 242 242 242 242 241 241 241 241 241 241 241 241 241 241 241 241 240 240 240 240 240 240 240 240 240 240 239 238 238 238 238 238 238 238 238 238 237 237 237 237 237 237 237 237 236 236 236 236 236 236 236 236 235 235 234 234 234 234 234 234 233 233 233 233 233 233 233 232 86 86 86 86 86 85 85 85 85 85 85 84 84 84 84 84 84 83 83 83 83 83
242 242 242 242 242 242 242 242 242 242 242 242 242 242 241 241 241 241 241 241 241 241 241 241 241 240 240 240 240 240 240 239 239 239 239 238 238 238 238 238 238 238 238 238 237 237 237 237 237 237 237 237 236 236 236 236 236 236 236 235 234 234 234 234 234 234 234 233 233 233 233 87 87 87 86 86 86 86 86 86 85 85 85 85 85 85 84 84 84 84 84 84 83 83
243 243 243 243 243 243 243 242 242 242 242 242 242 242 242 242 242 242 242 241 241 241 241 241 241 241 241 241 241 241 240 240 239 239 239 239 239 239 239 238 238 238 238 238 238 238 238 238 237 237 237 237 237 237 237 237 236 236 236 235 235 235 235 235 234 234 234 234 234 234 234 87 87 87 87 87 87 86 86 86 86 86 86 85 85 85 85 85 85 84 84 84 84 84
243 243 243 243 243 243 243 243 243 243 243 243 242 242 242 242 242 242 242 242 242 242 242 242 241 241 241 241 241 241 241 241 240 240 239 239 239 239 239 239 239 239 239 239 238 238 238 238 238 238 238 238 237 237 237 237 237 237 237 237 235 235 235 235 235 235 235 234 234 234 88 88 88 88 87 87 87 87 87 87 86 86 86 86 86 86 85 85 85 85 85 85 84 84
244 244 244 244 244 243 243 243 243 243 243 243 243 243 243 243 243 243 242 242 242 242 242 242 242 242 242 242 242 241 241 241 241 240 240 240 240 240 240 239 239 239 239 239 239 239 239 238 238 238 238 238 238 238 238 238 237 237 237 237 236 236 236 235 235 235 235 235 235 89 88 88 88 88 88 88 88 87 87 87 87 87 87 86 86 86 86 86 86 85 85 85 85 85
244 244 244 244 244 244 244 244 244 244 244 243 243 243 243 243 243 243 243 243 243 243 243 242 242 242 242 242 242 242 242 242 242 240 240 240 240 240 240 240 240 240 240 239 239 239 239 239 239 239 239 238 238 238 238 238 238 238 238 237 237 236 236 236 236 236 236 235 89 89 89 89 89 89 88 88 88 88 88 88 87 87 87 87 87 87 86 86 86 86 86 86 85 85
245 245 245 244 244 244 244 244 244 244 244 244 244 244 244 244 243 243 243 243 243 243 243 243 243 243 243 243 242 242 242 242 242 242 241 241 241 241 240 240 240 240 240 240 240 240 240 239 239 239 239 239 239 239 239 238 238 238 238 238 238 237 237 236 236 236 236 90 90 90 89 89 89 89 89 89 89 88 88 88 88 88 88 87 87 87 87 87 87 86 86 86 86 86
245 245 245 245 245 245 245 245 245 244 244 244 244 244 244 244 244 244 244 244 244 244 243 243 243 243 243 243 243 243 243 243 242 242 241 241 241 241 241 241 241 241 240 240 240 240 240 240 240 240 240 239 239 239 239 239 239 239 239 238 238 238 237 237 237 237 90 90 90 90 90 90 90 89 89 89 89 89 89 89 88 88 88 88 88 88 87 87 87 87 87 87 86 86
246 245 245 245 245 245 245 245 245 245 245 245 245 245 245 244 244 244 244 244 244 244 244 244 244 244 243 243 243 243 243 243 243 243 243 242 242 241 241 241 241 241 241 241 241 241 240 240 240 240 240 240 240 240 239 239 239 239 239 239 239 239 237 237 237 91 91 91 91 90 90 90 90 90 90 90 89 89 89 89 89 89 89 88 88 88 88 88 88 87 87 87 87 87
246 246 246 246 246 246 246 245 245 245 245 245 245 245 245 245 245 245 245 245 244 244 244 244 244 244 244 244 244 244 244 243 243 243 243 242 242 242 242 242 242 241 241 241 241 241 241 241 241 241 240 240 240 240 240 240 240 240 239 239 239 239 239 238 92 91 91 91 91 91 91 91 90 90 90 90 90 90 90 89 89 89 89 89 89 89 88 88 88 88 88 88 87 87
246 246 246 246 246 246 246 246 246 246 246 246 246 245 245 245 245 245 245 245 245 245 245 245 245 244 244 244 244 244 244 244 244 244 244 243 242 242 242 242 242 242 242 242 242 241 241 241 241 241 241 241 241 240 240 240 240 240 240 240 240 239 93 92 92 92 92 92 92 91 91 91 91 91 91 91 90 90 90 90 90 90 89 89 89 89 89 89 88 88 88 88 88 88
247 247 247 247 247 246 246 246 246 246 246 246 246 246 246 246 246 246 245 245 245 245 245 245 245 245 245 245 245 244 244 244 244 244 244 244 243 243 243 242 242 242 242 242 242 242 242 242 241 241 241 241 241 241 241 241 241 240 240 240 240 94 94 94 92 92 92 92 92 92 92 92 91 91 91 91 91 91 91 90 90 90 90 90 90 89 89 89 89 89 89 88 88 88
247 247 247 247 247 247 247 247 247 247 246 246 246 246 246 246 246 246 246 246 246 246 246 245 245 245 245 245 245 245 245 245 245 245 244 244 244 243 243 243 243 243 243 242 242 242 242 242 242 242 242 242 241 241 241 241 241 241 241 241 94 94 94 94 93 93 93 93 92 92 92 92 92 92 92 91 91 91 91 91 91 90 90 90 90 90 90 90 89 89 89 89 89 89
248 248 247 247 247 247 247 247 247 247 247 247 247 247 247 247 246 246 246 246 246 246 246 246 246 246 246 245 245 245 245 245 245 245 245 245 245 244 243 243 243 243 243 243 243 243 243 242 242 242 242 242 242 242 242 242 241 241 241 95 95 95 95 94 93 93 93 93 93 93 93 92 92 92 92 92 92 92 91 91 91 91 91 91 90 90 90 90 90 90 90 89 89 89
249 248 248 248 248 248 248 248 247 247 247 247 247 247 247 247 247 247 247 247 246 246 246 246 246 246 246 246 246 246 246 246 245 245 245 245 245 245 244 244 244 244 243 243 243 243 243 243 243 243 243 242 242 242 242 242 242 242 96 95 95 95 95 95 95 94 94 93 93 93 93 93 93 93 92 92 92 92 92 92 92 91 91 91 91 91 91 90 90 90 90 90 90 89
249 249 248 248 248 248 248 248 248 248 248 248 248 247 247 247 247 247 247 247 247 247 247 247 247 246 246 246 246 246 246 246 246 246 246 246 245 245 244 244 244 244 244 244 244 243 243 243 243 243 243 243 243 243 242 242 96 96 96 96 96 96 95 95 95 94 94 94 94 94 93 93 93 93 93 93 93 92 92 92 92 92 92 91 91 91 91 91 91 91 90 90 90 90
250 250 249 249 248 248 248 248 248 248 248 248 248 248 248 248 248 248 247 247 247 247 247 247 247 247 247 247 247 246 246 246 246 246 246 246 246 246 246 245 244 244 244 244 244 244 244 244 244 243 243 243 243 243 243 97 97 96 96 96 96 96 96 96 96 95 94 94 94 94 94 94 94 93 93 93 93 93 93 93 92 92 92 92 92 92 91 91 91 91 91 91 90 90
250 250 250 249 249 249 249 249 249 249 248 248 248 248 248 248 248 248 248 248 248 248 248 247 247 247 247 247 247 247 247 247 247 247 246 246 246 246 246 245 245 245 245 244 244 244 244 244 244 244 244 244 243 97 97 97 97 97 97 97 97 96 96 96 96 96 95 95 94 94 94 94 94 94 94 94 93 93 93 93 93 93 92 92 92 92 92 92 92 91 91 91 91 91
251 250 250 249 249 249 249 249 249 249 249 249 249 249 249 248 248 248 248 248 248 248 248 248 248 248 248 247 247 247 247 247 247 247 247 247 247 247 246 246 245 245 245 245 245 245 245 244 244 244 244 244 98 98 98 98 97 97 97 97 97 97 97 97 96 96 96 95 95 95 95 94 94 94 94 94 94 94 93 93 93 93 93 93 93 92 92 92 92 92 92 91 91 91
251 251 251 251 250 250 249 249 249 249 249 249 249 249 249 249 249 249 249 249 248 248 248 248 248 248 248 248 248 248 248 247 247 247 247 247 247 247 247 247 246 245 245 245 245 245 245 245 245 245 245 98 98 98 98 98 98 98 98 97 97 97 97 97 97 97 97 95 95 95 95 95 95 95 94 94 94 94 94 94 94 93 93 93 93 93 93 93 92 92 92 92 92 92
251 251 251 251 251 250 250 250 250 250 250 250 249 249 249 249 249 249 249 249 249 249 249 249 248 248 248 248 248 248 248 248 248 248 248 247 247 247 247 247 247 246 246 246 246 245 245 245 245 99 99 99 99 99 98 98 98 98 98 98 98 98 97 97 97 97 97 96 96 96 95 95 95 95 95 95 95 94 94 94 94 94 94 94 93 93 93 93 93 93 92 92 92 92
252 252 252 251 251 250 250 250 250 250 250 250 250 250 250 250 250 249 249 249 249 249 249 249 249 249 249 249 249 248 248 248 248 248 248 248 248 248 248 247 247 246 246 246 246 246 246 100 100 99 99 99 99 99 99 99 99 98 98 98 98 98 98 98 98 97 97 97 96 96 96 96 96 95 95 95 95 95 95 95 94 94 94 94 94 94 94 93 93 93 93 93 93 92
252 252 252 252 252 252 251 251 250 250 250 250 250 250 250 250 250 250 250 250 250 249 249 249 249 249 249 249 249 249 249 249 249 248 248 248 248 248 248 248 248 248 247 246 246 246 100 100 100 100 100 100 99 99 99 99 99 99 99 99 98 98 98 98 98 98 98 98 96 96 96 96 96 96 96 96 95 95 95 95 95 95 95 94 94 94 94 94 94 93 93 93 93 93
252 252 252 252 252 252 251 251 251 251 251 251 251 250 250 250 250 250 250 250 250 250 250 250 250 249 249 249 249 249 249 249 249 249 249 249 248 248 248 248 248 248 247 247 101 101 100 100 100 100 100 100 100 100 100 99 99 99 99 99 99 99 99 98 98 98 98 98 98 97 97 96 96 96 96 96 96 96 95 95 95 95 95 95 95 94 94 94 94 94 94 94 93 93
253 253 253 253 252 252 252 251 251 251 251 251 251 251 251 251 251 251 250 250 250 250 250 250 250 250 250 250 250 250 249 249 249 249 249 249 249 249 249 249 248 248 248 101 101 101 101 101 101 101 100 100 100 100 100 100 100 100 99 99 99 99 99 99 99 99 98 98 98 97 97 97 97 97 96 96 96 96 96 96 96 95 95 95 95 95 95 95 94 94 94 94 94 94
253 253 253 253 253 253 253 252 252 251 251 251 251 251 251 251 251 251 251 251 251 251 250 250 250 250 250 250 250 250 250 250 250 250 249 249 249 249 249 249 249 103 103 102 101 101 101 101 101 101 101 101 101 100 100 100 100 100 100 100 100 99 99 99 99 99 99 99 99 98 97 97 97 97 97 97 97 96 96 96 96 96 96 96 95 95 95 95 95 95 94 94 94 94
253 253 253 253 253 253 253 253 252 252 252 252 252 252 251 251 251 251 251 251 251 251 251 251 251 251 250 250 250 250 250 250 250 250 250 250 250 249 249 103 103 103 103 103 102 102 102 101 101 101 101 101 101 101 101 101 100 100 100 100 100 100 100 100 99 99 99 99 99 99 98 98 97 97 97 97 97 97 97 96 96 96 96 96 96 96 95 95 95 95 95 95 95 94
254 254 254 254 253 253 253 253 252 252 252 252 252 252 252 252 252 252 251 251 251 251 251 251 251 251 251 251 251 251 250 250 250 250 250 250 250 104 104 104 104 103 103 103 102 102 102 102 102 102 101 101 101 101 101 101 101 101 101 100 100 100 100 100 100 100 100 99 99 99 98 98 98 98 98 97 97 97 97 97 97 97 96 96 96 96 96 96 96 95 95 95 95 95
254 254 254 254 254 254 254 254 254 252 252 252 252 252 252 252 252 252 252 252 252 252 252 251 251 251 251 251 251 251 251 251 251 251 250 104 104 104 104 104 104 104 104 104 103 102 102 102 102 102 102 102 102 102 101 101 101 101 101 101 101 101 100 100 100 100 100 100 100 100 99 98 98 98 98 98 98 98 97 97 97 97 97 97 97 96 96 96 96 96 96 95 95 95
254 254 254 254 254 254 254 254 254 253 253 253 253 253 252 252 252 252 252 252 252 252 252 252 252 252 252 251 251 251 251 251 251 105 105 105 105 105 104 104 104 104 104 104 104 103 103 103 102 102 102 102 102 102 102 102 102 101 101 101 101 101 101 101 101 100 100 100 100 100 100 99 99 98 98 98 98 98 98 98 97 97 97 97 97 97 97 96 96 96 96 96 96 96
255 255 255 255 254 254 254 254 254 254 253 253 253 253 253 253 253 253 253 252 252 252 252 252 252 252 252 252 252 252 252 251 105 105 105 105 105 105 105 105 105 104 104 104 104 103 103 103 103 103 103 102 102 102 102 102 102 102 102 102 101 101 101 101 101 101 101 101 100 100 100 100 99 99 99 98 98 98 98 98 98 98 98 97 97 97 97 97 97 96 96 96 96 96
255 255 255 255 255 255 255 255 255 254 254 253 253 253 253 253 253 253 253 253 253 253 253 252 252 252 252 252 252 252 106 106 106 106 105 105 105 105 105 105 105 105 105 105 105 104 103 103 103 103 103 103 103 103 102 102 102 102 102 102 102 102 102 101 101 101 101 101 101 101 101 100 99 99 99 99 99 99 98 98 98 98 98 98 98 97 97 97 97 97 97 97 96 96
255 255 255 255 255 255 255 255 255 255 255 254 254 254 253 253 253 253 253 253 253 253 253 253 253 253 253 106 106 106 106 106 106 106 106 106 106 106 105 105 105 105 105 105 105 105 104 104 103 103 103 103 103 103 103 103 103 102 102 102 102 102 102 102 102 101 101 101 101 101 101 101 100 99 99 99 99 99 99 99 99 98 98 98 98 98 98 97 97 97 97 97 97 97
256 256 256 256 255 255 255 255 255 255 255 255 254 254 254 254 254 254 253 253 253 253 253 253 253 107 107 107 107 107 107 106 106 106 106 106 106 106 106 106 106 105 105 105 105 105 105 104 104 104 104 103 103 103 103 103 103 103 103 103 102 102 102 102 102 102 102 102 101 101 101 101 101 100 100 100 99 99 99 99 99 99 99 98 98 98 98 98 98 98 97 97 97 97
256 256 256 256 256 256 256 256 256 255 255 255 254 254 254 254 254 254 254 254 254 254 253 107 107 107 107 107 107 107 107 107 107 107 106 106 106 106 106 106 106 106 106 106 106 105 105 104 104 104 104 104 104 104 103 103 103 103 103 103 103 103 103 102 102 102 102 102 102 102 102 101 101 100 100 100 100 100 99 99 99 99 99 99 99 98 98 98 98 98 98 98 97 97
256 256 256 256 256 256 256 256 256 256 256 256 256 254 254 254 254 254 254 254 254 108 108 108 108 108 107 107 107 107 107 107 107 107 107 107 107 107 106 106 106 106 106 106 106 106 106 106 104 104 104 104 104 104 104 104 104 103 103 103 103 103 103 103 103 102 102 102 102 102 102 102 102 101 100 100 100 100 100 100 100 99 99 99 99 99 99 99 98 98 98 98 98 98
257 257 257 256 256 256 256 256 256 256 256 256 256 255 255 255 255 255 254 108 108 108 108 108 108 108 108 108 108 108 107 107 107 107 107 107 107 107 107 107 107 106 106 106 106 106 106 106 105 105 105 104 104 104 104 104 104 104 104 104 103 103 103 103 103 103 103 103 102 102 102 102 102 102 101 101 100 100 100 100 100 100 100 99 99 99 99 99 99 99 98 98 98 98
257 257 257 257 257 257 257 257 256 256 256 256 256 256 255 255 109 109 109 109 109 109 108 108 108 108 108 108 108 108 108 108 108 108 107 107 107 107 107 107 107 107 107 107 106 106 106 106 105 105 105 105 105 105 104 104 104 104 104 104 104 104 104 103 103 103 103 103 103 103 103 102 102 102 101 101 101 101 100 100 100 100 100 100 100 99 99 99 99 99 99 99 98 98
257 257 257 257 257 257 257 257 257 257 257 257 256 256 109 109 109 109 109 109 109 109 109 109 109 109 108 108 108 108 108 108 108 108 108 108 108 107 107 107 107 107 107 107 107 107 107 106 106 105 105 105 105 105 105 105 105 104 104 104 104 104 104 104 104 103 103 103 103 103 103 103 103 102 102 101 101 101 101 101 101 100 100 100 100 100 100 100 99 99 99 99 99 99
