testData/tiles/oneDegree/grid9.0-31.0-10.0-32.0.asc
ncols   200
nrows   200
xllcorner   9.0
yllcorner   31.0
cellsize   0.005
NODATA_value   -9999.0
[rows 0 to 41 of 200, columns 94 to 187 of 200]
674 674 674 675 675 675 675 675 676 674 675 675 674 675 675 675 675 675 676 675 676 676 674 675 675 674 675 675 675 675 675 675 675 675 674 674 674 674 674 674 675 675 674 714 713 712 713 713 713 713 713 713 713 713 711 712 712 712 711 712 712 711 711 710 710 709 710 710 709 876 876 876 874 874 874 874 873 872 873 872 870 870 870 869 869 868 868 867 866 865 864 865 865 864
674 675 674 674 675 675 675 675 676 675 675 675 675 675 675 675 675 675 676 675 675 676 675 676 675 674 675 675 674 675 675 674 675 675 675 674 674 674 674 674 675 675 674 675 714 713 712 712 713 713 713 713 712 713 712 711 712 712 712 711 712 711 711 711 710 709 709 709 709 709 876 876 876 874 873 874 873 873 872 872 871 870 869 870 869 868 868 868 866 865 865 865 864 863
674 674 674 674 675 675 675 675 675 676 675 676 675 674 675 675 675 675 675 676 675 676 676 675 676 675 674 675 675 675 675 675 675 675 675 675 675 673 674 674 673 675 675 674 675 713 713 713 712 713 713 713 713 712 713 712 712 711 712 711 712 711 711 710 711 709 709 708 709 708 708 876 876 875 874 874 873 873 872 873 872 870 870 870 869 869 868 867 867 866 865 864 864 863
674 674 675 674 674 675 675 675 675 676 675 675 676 676 675 675 675 675 675 676 675 675 676 675 675 676 675 675 675 674 675 675 674 675 675 674 675 675 673 674 674 673 675 674 674 675 713 713 712 712 713 713 713 712 713 712 712 711 711 711 711 712 711 711 710 711 709 709 709 709 708 707 875 874 875 873 874 873 872 872 872 872 870 869 870 869 868 867 867 867 865 864 864 864
675 674 674 674 674 675 675 675 675 675 676 675 676 676 675 675 675 675 675 675 676 675 676 676 675 676 676 675 675 675 674 675 675 675 675 675 675 675 674 674 674 673 674 675 674 675 713 713 714 712 712 711 713 712 712 713 712 712 712 711 710 710 711 711 710 711 710 709 708 709 708 708 707 875 874 873 872 873 873 872 871 872 871 869 869 869 868 868 867 867 865 865 864 863
674 675 674 675 674 674 675 675 675 675 676 675 675 676 675 676 676 675 675 675 676 675 675 676 675 675 676 675 676 675 674 675 675 674 675 675 674 675 675 674 674 673 673 674 673 674 675 713 713 713 712 711 712 713 712 712 712 712 711 712 710 710 711 711 711 710 711 710 709 708 708 708 707 874 874 874 873 871 872 871 872 871 871 871 869 868 869 868 867 866 867 865 864 863
675 675 675 675 674 674 675 675 675 675 675 676 675 676 676 675 676 676 675 675 675 676 675 675 676 675 676 676 675 676 676 674 675 675 674 675 674 675 675 674 675 675 673 674 673 673 674 674 713 712 713 713 711 712 712 712 712 712 712 711 712 710 710 710 710 710 710 710 710 708 708 708 708 707 874 874 873 872 872 871 871 870 871 870 869 869 868 868 867 867 866 866 864 864
675 674 675 675 676 675 674 675 674 675 675 676 675 675 676 675 676 676 676 676 675 676 675 675 676 675 675 676 675 675 676 675 675 675 674 675 675 674 675 675 674 675 674 673 674 673 673 674 674 713 713 713 712 711 712 711 712 712 712 711 712 711 710 709 710 709 709 708 710 709 708 708 708 707 707 874 873 873 871 872 871 870 870 870 869 869 867 866 867 866 865 864 865 863
675 675 675 675 675 675 675 675 675 675 675 675 675 675 676 676 675 676 676 676 676 675 675 675 675 676 675 676 676 675 676 676 675 675 674 674 675 674 674 675 674 674 675 674 673 673 673 673 674 713 712 713 713 712 712 711 711 710 712 711 711 712 711 710 709 710 709 709 709 709 709 707 708 707 707 706 874 873 873 871 871 871 870 869 870 869 868 867 866 866 865 865 864 864
674 675 674 675 675 676 675 675 676 674 675 675 676 675 675 676 675 676 676 676 676 676 675 675 675 676 675 675 676 675 675 676 675 675 675 674 675 675 674 675 674 674 675 674 674 674 673 673 672 673 713 712 713 712 712 711 711 711 711 712 711 711 711 711 709 710 709 709 708 709 708 708 707 708 707 706 706 873 873 872 871 871 870 870 869 869 869 868 866 866 866 865 864 863
674 675 675 674 675 675 675 675 676 676 674 675 675 675 675 675 676 675 676 676 675 676 676 676 675 675 675 675 675 675 675 676 675 675 676 675 674 675 674 674 675 674 674 674 674 674 673 673 672 673 673 712 713 712 712 712 711 711 710 711 710 711 710 711 710 709 709 709 708 708 708 708 707 706 706 707 706 706 873 872 872 870 870 870 869 869 869 868 867 866 866 865 864 864
674 674 675 674 675 675 676 675 675 676 675 676 675 675 675 675 676 675 675 676 675 676 676 676 676 675 676 675 675 676 675 675 676 675 675 676 675 674 674 674 674 674 674 674 674 674 673 673 673 672 673 672 711 713 712 712 712 711 710 710 710 710 710 711 711 710 709 709 709 708 708 708 708 707 705 706 705 705 704 873 872 871 870 870 869 869 868 868 868 866 865 865 865 864
674 674 675 674 674 675 675 675 675 676 676 675 676 675 675 675 675 676 675 676 676 675 676 676 676 676 675 675 675 675 675 675 675 675 675 676 675 675 675 674 674 675 674 674 674 674 674 674 673 672 672 673 672 711 712 712 711 712 711 710 710 710 710 709 710 710 710 708 709 708 708 707 708 707 707 706 706 705 704 872 871 871 870 868 870 869 868 868 868 867 865 865 865 864
673 674 674 675 674 675 675 675 675 675 676 675 676 676 676 675 675 676 675 675 676 675 676 676 676 676 676 676 675 675 676 675 675 676 675 675 675 675 675 674 674 674 674 674 674 674 674 673 674 673 672 673 672 711 710 711 712 711 712 710 710 710 710 709 709 709 709 708 708 708 708 707 708 707 707 706 706 705 705 704 871 871 870 869 869 868 868 867 866 866 866 864 863 863
675 675 674 675 674 674 675 675 675 675 676 676 675 676 676 676 675 675 675 675 676 676 675 676 676 675 676 676 676 675 675 675 675 675 675 675 675 675 675 675 674 674 673 674 674 673 674 674 673 674 673 672 672 672 711 711 711 710 711 711 710 710 710 710 709 709 709 709 708 708 708 708 707 708 707 706 706 705 705 704 704 871 870 870 869 868 868 867 866 866 866 865 863 863
675 674 675 674 675 674 675 675 674 675 675 676 675 675 676 676 676 676 676 675 675 676 675 675 676 675 676 676 675 676 675 674 675 675 674 675 675 675 675 675 675 674 674 674 674 673 674 674 673 673 673 673 672 672 672 710 711 710 710 710 711 710 709 710 709 709 708 709 708 708 707 707 706 707 707 707 706 706 705 704 704 703 871 870 869 868 868 867 867 866 865 865 865 863
675 674 675 675 675 674 674 675 675 675 675 675 675 675 676 676 675 676 676 675 675 675 676 675 676 676 675 676 676 675 676 676 675 675 675 675 675 675 675 675 674 675 675 673 674 674 673 674 673 673 674 673 673 671 672 672 710 711 710 710 710 710 709 709 709 709 708 709 709 708 707 707 706 706 705 706 706 706 705 705 704 703 703 870 869 869 867 868 867 866 865 865 865 863
674 675 674 675 675 676 675 674 675 674 675 675 676 675 675 676 675 676 676 676 676 675 676 675 675 676 675 675 676 675 676 676 675 675 675 674 675 675 674 675 675 674 675 674 673 674 673 673 674 673 673 673 673 673 672 672 671 710 710 710 709 710 710 708 709 709 709 708 709 708 708 707 707 706 706 705 705 705 704 704 703 704 703 702 870 869 868 867 867 866 866 865 864 864
674 675 674 675 675 675 675 675 675 675 675 675 675 675 675 676 676 675 676 676 676 676 675 675 675 675 676 675 676 676 675 676 676 675 675 675 674 675 674 674 675 674 674 675 674 673 673 673 673 673 673 672 673 673 672 672 671 710 710 710 710 709 710 709 708 707 709 708 708 708 708 707 706 706 706 705 705 705 705 704 702 703 702 702 701 868 868 868 866 867 866 865 864 864
674 674 675 674 675 675 676 675 675 676 674 675 675 675 675 675 676 675 675 676 676 676 676 675 675 675 676 675 675 676 675 675 676 675 675 675 674 675 675 674 675 675 674 675 674 674 674 673 673 672 673 673 672 673 672 672 672 671 710 710 710 709 709 709 709 707 708 708 707 708 708 707 707 705 706 705 705 704 705 704 704 702 702 702 701 700 868 867 866 865 865 864 864 863
674 674 675 674 674 675 675 675 675 676 676 674 675 675 675 675 675 676 675 676 676 675 676 676 676 675 675 675 675 675 675 675 676 675 675 676 674 674 675 674 674 675 674 674 675 674 674 673 673 673 673 673 672 672 673 672 672 671 671 709 710 709 709 709 709 709 707 708 707 707 706 707 707 707 705 706 705 704 704 704 704 703 702 702 701 701 700 867 867 866 864 865 864 863
673 674 674 675 674 675 675 674 675 675 676 675 676 675 675 675 675 676 675 675 676 675 676 676 676 676 675 675 675 675 676 675 675 676 675 675 676 675 674 674 674 674 674 674 674 674 674 674 673 673 672 673 673 672 673 672 672 671 671 671 709 710 709 709 708 709 708 707 707 707 706 706 706 706 705 705 705 705 704 703 704 703 703 701 701 701 700 700 867 866 865 864 863 863
673 674 674 674 674 674 675 675 675 675 675 675 675 676 675 675 675 675 675 675 675 676 675 676 676 675 676 675 675 675 675 675 675 675 675 675 675 675 675 674 674 674 674 674 674 673 674 674 673 673 672 672 673 672 672 672 672 672 671 671 670 709 709 709 708 709 708 708 707 707 707 706 705 706 705 705 703 704 703 704 703 703 703 702 701 701 700 700 699 866 866 864 863 863
674 673 674 674 675 674 674 675 674 675 675 676 675 675 676 674 675 675 675 675 675 676 675 675 676 675 676 676 674 675 675 675 675 675 675 675 675 675 675 675 674 674 674 674 674 674 674 674 673 673 673 672 672 672 672 672 672 672 671 672 670 670 708 709 709 708 709 708 708 706 707 706 706 705 706 705 705 703 703 703 702 702 702 701 701 700 701 700 699 699 866 865 864 863
675 674 673 674 674 674 674 675 675 674 675 675 675 675 676 676 675 675 675 675 675 675 676 675 675 676 675 676 676 675 675 675 674 675 675 675 675 675 675 675 675 674 674 673 674 674 673 674 674 673 674 672 672 672 672 672 671 672 671 671 672 670 670 708 709 708 708 708 708 706 706 706 706 705 705 705 705 704 703 703 702 702 701 702 701 699 699 699 698 698 697 864 864 862
674 675 674 675 674 673 674 674 675 674 675 675 675 675 675 676 675 675 675 675 675 675 675 675 675 676 675 675 676 675 675 675 674 675 675 674 675 675 674 675 675 674 674 674 673 674 673 673 674 673 673 673 672 672 672 672 671 671 672 671 671 671 670 708 708 708 708 707 708 707 706 705 706 705 705 704 705 704 704 702 703 702 701 701 701 701 699 698 699 698 697 697 863 863
674 674 674 674 675 674 674 674 674 674 674 675 675 675 675 675 676 675 676 675 674 675 675 675 675 675 675 675 675 676 675 676 675 674 675 675 674 675 674 674 675 674 674 674 673 673 674 673 673 673 673 673 673 672 671 672 672 671 671 671 671 670 671 669 708 708 708 708 707 708 707 706 705 706 705 705 704 704 704 702 702 702 702 701 700 701 700 699 698 698 698 697 696 862
674 674 674 674 674 675 674 674 674 675 674 674 675 674 675 675 676 675 675 676 675 675 675 675 675 675 675 675 675 676 675 675 676 674 674 675 674 674 675 674 674 675 674 674 673 673 673 673 673 673 673 673 672 673 672 671 672 671 671 670 671 671 670 670 669 708 707 708 707 707 707 707 705 705 705 705 704 704 704 704 702 701 702 701 701 700 700 700 698 697 698 697 696 696
673 674 674 674 674 675 675 674 674 674 674 674 675 675 674 675 675 675 675 675 676 675 675 675 674 675 675 675 675 675 675 675 675 675 674 674 674 674 674 674 674 675 674 674 675 673 673 673 673 673 672 673 672 672 673 671 671 671 671 671 671 671 670 670 669 669 707 707 707 707 706 707 706 705 704 705 704 704 703 704 703 702 701 701 701 700 700 700 699 698 697 696 697 696
673 674 674 673 674 674 675 674 675 675 674 674 674 675 674 675 675 675 675 675 676 675 675 675 674 674 675 675 675 675 675 675 675 675 675 674 675 674 674 675 674 674 674 674 674 674 673 673 673 673 672 673 673 672 672 672 671 671 671 671 670 671 670 670 669 669 669 707 708 707 707 706 707 706 705 704 705 704 703 703 703 703 701 701 701 700 700 699 699 698 697 696 696 696
673 673 674 674 674 674 674 674 674 675 675 674 674 674 675 674 675 675 674 675 675 675 675 675 676 674 675 675 674 675 675 674 675 675 675 675 674 674 674 674 674 674 674 674 674 673 674 673 672 673 673 672 673 672 672 672 672 671 670 671 670 670 671 670 670 669 669 668 707 707 707 706 706 706 706 704 704 704 704 703 702 703 702 701 700 701 700 699 699 699 697 697 696 695
672 673 673 674 673 674 674 675 674 674 675 674 674 674 675 674 674 675 674 675 675 675 675 675 676 675 674 675 674 674 675 674 674 675 674 675 675 674 674 674 673 674 674 673 674 674 673 674 672 672 673 672 672 672 672 672 671 672 670 670 671 670 670 670 670 669 669 668 668 706 706 706 706 705 706 705 704 703 704 703 703 702 702 701 700 700 700 699 699 698 697 697 696 695
672 673 673 673 673 673 674 674 674 674 675 675 674 675 674 674 674 674 675 674 675 675 674 675 675 675 675 674 675 674 674 675 674 675 675 674 675 675 674 674 674 673 674 673 673 674 673 673 674 672 672 672 672 672 672 672 671 671 672 670 670 670 670 669 670 669 669 668 668 668 706 706 706 706 705 706 704 703 703 703 703 702 702 702 700 700 699 699 699 698 698 697 696 696
673 672 673 673 674 673 674 674 673 674 674 675 674 674 675 674 674 674 675 674 674 675 675 675 675 675 675 675 674 674 674 675 674 674 675 674 674 675 674 674 674 673 673 674 673 673 673 673 673 673 672 672 672 672 671 672 671 671 672 671 670 669 670 669 669 670 669 669 668 668 667 706 705 706 705 705 705 704 703 703 703 702 702 701 702 700 699 699 698 699 698 697 696 696
674 672 672 673 673 673 673 674 674 673 674 674 675 674 675 675 673 674 674 675 674 674 675 674 675 675 674 675 675 673 674 674 674 674 674 674 674 674 674 674 674 673 673 673 673 673 673 673 673 672 673 672 671 672 671 671 672 671 671 671 671 669 669 670 669 669 669 669 668 668 667 667 705 705 705 705 704 704 703 703 702 702 702 701 701 700 700 699 698 698 698 697 697 695
673 674 673 673 673 672 673 673 674 673 674 674 674 674 674 675 674 675 674 674 674 674 675 674 674 675 674 674 675 675 674 674 674 674 674 674 674 674 674 674 674 673 673 673 672 673 673 672 673 673 672 673 671 671 672 671 671 671 671 670 671 671 669 669 669 669 668 669 668 668 667 667 666 705 704 705 704 704 703 703 702 702 701 702 701 700 700 699 699 698 697 698 697 696
673 673 673 673 673 673 673 673 673 674 673 674 674 674 674 674 675 674 675 674 673 674 674 675 674 674 675 674 675 675 674 675 674 673 674 674 673 674 674 673 674 674 674 673 673 673 673 672 673 673 672 672 672 671 671 671 671 670 671 671 670 671 670 669 668 669 668 668 669 668 668 666 667 705 705 704 705 704 704 703 702 702 701 701 701 701 700 698 699 698 697 697 696 696
673 673 672 673 673 674 672 673 673 674 673 673 674 674 674 674 674 674 674 675 674 673 674 674 674 674 674 674 674 675 674 674 675 673 673 674 673 673 674 673 674 674 673 674 673 672 673 673 672 673 672 672 672 672 671 670 671 671 670 671 670 670 670 669 669 668 669 668 668 667 668 667 666 666 705 704 704 704 704 703 702 702 701 701 700 701 700 699 698 698 698 697 696 696
672 673 673 673 673 673 674 672 673 673 673 673 673 674 673 674 674 674 674 674 675 673 674 674 673 674 674 673 674 674 675 674 674 675 673 673 674 673 674 674 673 674 673 673 674 672 672 673 672 672 672 672 672 671 672 671 670 671 670 670 670 670 670 669 669 668 668 668 668 667 667 667 667 665 666 704 704 703 704 703 703 701 702 701 700 700 700 700 699 697 697 697 696 696
672 672 673 672 673 673 674 673 673 673 673 673 673 674 673 673 674 674 674 674 674 674 674 674 674 673 674 674 674 674 674 674 674 674 674 673 673 673 673 674 673 673 674 673 673 673 672 672 672 672 672 672 672 671 671 672 670 670 670 670 670 670 670 669 669 668 668 667 668 667 667 667 667 667 665 665 704 703 703 703 703 702 701 701 701 700 699 699 699 699 697 696 697 696
672 672 672 672 672 673 673 673 673 674 673 672 673 673 674 673 673 674 673 674 674 675 674 674 674 673 673 674 673 674 674 673 674 674 673 674 673 673 673 673 673 673 673 673 673 673 673 672 671 672 672 671 672 672 671 671 671 670 670 670 670 669 670 669 669 668 668 668 667 668 667 667 666 667 666 665 664 704 703 703 702 702 702 700 700 700 700 699 698 699 697 696 696 696
671 672 672 673 672 672 673 673 673 673 674 672 672 673 673 673 673 674 673 673 674 674 674 674 674 673 673 674 673 673 674 674 673 674 674 673 674 673 673 673 673 673 673 672 673 673 672 673 672 671 672 671 671 672 671 671 670 671 670 669 670 669 669 669 669 669 668 668 667 667 667 667 666 666 666 665 664 664 703 703 702 702 702 700 700 699 700 699 698 698 698 697 696 695
