testData/tiles/oneDegree/grid13.0-30.0-14.0-31.0.asc
ncols   200
nrows   200
xllcorner   13.0
yllcorner   30.0
cellsize   0.005
NODATA_value   -9999.0
[rows 126 to 167 of 200, columns 0 to 93 of 200]
755 757 758 759 760 762 762 764 765 590 591 592 593 612 613 613 614 614 615 614 616 615 614 616 615 615 614 614 613 612 611 611 610 608 608 606 606 604 603 601 600 599 598 597 596 595 595 593 592 592 590 589 587 587 585 583 581 581 579 577 576 575 573 572 570 569 567 566 564 562 561 560 558 556 554 553 551 550 548 546 545 543 455 453 451 498 497 495 493 491 489 487 485 484
752 753 754 756 757 758 759 761 761 586 586 606 607 607 608 608 609 609 610 609 610 610 609 611 610 609 609 609 607 607 606 606 605 603 603 601 599 599 598 597 597 596 595 595 593 592 592 591 589 588 588 586 585 584 583 581 580 579 578 576 574 574 572 570 569 566 565 564 562 560 559 557 556 554 552 551 549 548 546 544 456 455 453 451 498 497 495 494 492 490 488 485 483 481
747 749 750 750 752 753 755 755 580 580 600 601 602 602 603 603 604 604 604 604 605 605 604 604 605 604 604 603 602 602 601 599 600 598 597 596 595 595 595 594 593 593 592 591 591 590 588 588 587 586 585 584 582 581 580 579 577 576 575 574 572 570 570 568 567 565 564 562 561 559 557 556 555 552 550 548 547 546 458 456 454 453 451 498 497 495 493 492 490 488 486 484 482 480
742 744 744 746 747 748 749 573 593 594 594 596 596 598 597 598 599 599 599 598 600 599 599 599 600 599 598 597 597 596 596 594 594 593 593 593 592 592 592 591 590 590 589 588 588 587 586 584 584 583 582 581 580 578 577 576 575 573 573 571 570 568 568 566 564 563 561 560 558 557 555 554 552 551 549 547 460 459 457 454 452 450 498 496 495 493 491 489 488 486 484 482 480 479
737 739 739 742 742 744 763 587 588 589 589 591 591 594 593 593 595 594 595 594 596 595 594 594 594 594 593 592 592 592 592 591 591 591 591 590 590 590 589 589 588 587 587 586 585 585 584 583 582 581 580 579 577 576 574 574 573 571 569 569 567 566 564 564 562 560 559 558 556 555 553 551 550 549 461 459 457 456 455 453 451 498 497 495 494 491 489 487 485 484 482 480 479 477
733 734 736 737 738 758 582 582 584 584 585 586 587 588 588 588 589 589 589 589 590 590 589 589 588 588 588 587 588 588 588 588 588 587 588 587 587 587 586 586 585 584 584 583 582 582 581 580 579 579 577 576 576 574 573 571 571 570 568 567 566 564 563 560 560 558 556 555 554 552 551 549 461 460 459 457 455 453 453 451 498 496 494 493 492 490 488 486 484 482 480 479 477 475
729 730 730 751 751 754 577 578 579 580 579 581 581 582 583 583 583 584 584 584 583 584 584 583 583 583 584 584 584 585 584 584 585 584 585 584 584 584 583 582 582 582 581 581 580 579 578 577 576 576 575 573 572 572 570 569 568 567 566 564 564 562 560 559 558 557 555 553 552 551 463 461 459 458 457 455 453 451 499 498 496 494 492 490 490 488 486 484 482 480 480 478 476 474
724 724 744 746 747 572 572 573 574 575 575 576 576 577 578 577 578 577 579 578 578 578 579 579 579 580 580 581 581 581 581 581 582 581 581 581 581 580 580 579 579 579 578 577 577 576 575 575 573 572 572 571 569 568 568 566 565 565 563 562 560 560 558 556 555 554 553 551 463 463 461 459 458 456 455 454 452 499 496 496 494 492 490 488 487 486 484 482 480 478 477 476 474 472
718 738 740 741 742 566 567 567 569 569 570 569 571 571 572 572 573 572 572 574 574 576 576 577 577 578 578 578 579 579 579 579 579 579 579 578 579 578 577 577 577 577 576 575 575 574 572 571 571 569 568 568 567 565 565 564 562 561 561 559 558 556 556 554 553 551 464 463 461 460 459 457 456 454 452 451 499 497 495 493 493 491 489 486 485 483 482 480 478 476 475 473 472 470
733 734 734 736 559 561 562 563 563 565 565 565 566 567 567 567 568 569 570 571 571 571 573 573 574 574 575 575 575 575 575 576 576 575 576 575 575 575 574 574 574 573 573 572 571 571 570 569 569 568 567 565 565 564 562 562 561 559 558 558 555 554 552 466 464 463 461 460 459 457 456 455 453 452 450 497 497 495 493 491 490 489 487 485 483 482 480 479 477 474 473 471 469 467
727 729 730 553 555 555 556 557 558 558 560 559 560 561 562 563 565 565 566 567 568 568 570 570 570 571 571 572 572 572 572 572 572 572 572 572 571 572 571 570 571 570 569 569 568 567 567 566 565 565 564 563 561 561 560 559 558 557 555 554 554 466 465 463 463 461 460 458 456 455 453 452 451 449 497 495 493 493 491 489 487 486 485 483 481 480 478 476 475 473 472 470 468 465
722 724 724 548 549 550 550 552 552 553 554 556 556 558 558 560 561 562 562 564 564 565 566 567 567 567 568 568 569 568 569 569 568 569 569 569 568 568 568 568 567 567 566 565 565 564 563 563 562 561 561 560 559 558 557 556 555 554 553 465 464 464 462 461 460 459 457 456 454 453 452 450 449 497 495 493 491 489 489 487 485 483 482 481 479 477 476 474 472 471 469 468 466 464
716 717 542 543 544 545 545 546 548 549 551 552 553 555 555 557 558 558 559 560 561 561 562 563 564 564 565 565 564 565 565 566 565 565 566 565 565 565 564 565 564 563 563 562 561 562 561 560 559 558 557 557 556 555 555 553 466 465 464 463 462 460 460 458 457 456 455 453 452 450 450 448 495 494 493 491 490 488 486 486 484 481 480 478 476 475 474 472 470 468 466 466 464 462
712 712 536 538 539 541 542 543 544 546 547 550 551 552 553 554 555 556 557 558 558 559 559 560 561 562 562 562 562 562 563 563 563 563 562 563 562 563 562 562 562 561 560 560 560 559 559 558 557 557 556 554 554 553 465 465 463 462 461 460 459 458 456 456 454 453 451 451 449 448 446 495 493 491 490 489 487 486 484 482 482 480 478 477 475 473 471 470 468 466 464 463 462 460
706 532 533 535 537 538 540 541 542 543 545 547 547 549 549 551 551 553 553 555 555 555 556 556 557 557 558 558 559 559 559 560 559 560 559 559 559 559 559 559 558 558 557 557 557 556 555 555 554 553 553 552 464 464 463 462 462 460 459 458 457 456 455 453 452 450 449 447 447 445 493 491 491 489 487 486 484 484 482 480 479 477 476 474 473 471 469 469 467 465 463 460 459 457
527 528 530 531 533 535 536 538 538 540 541 543 544 545 546 547 548 549 550 550 552 552 552 553 553 554 554 555 555 556 556 555 556 556 556 556 555 556 555 556 555 554 554 554 553 553 552 551 551 464 463 463 462 461 460 459 458 458 456 455 454 453 452 451 449 449 447 446 444 493 491 490 487 487 485 483 482 480 480 478 476 475 473 472 471 469 467 465 464 463 461 459 458 456
523 525 526 528 529 531 533 534 535 536 538 539 540 542 542 544 544 546 546 547 548 549 549 549 550 550 551 551 552 552 553 552 552 553 552 553 552 552 552 552 552 551 550 551 550 549 549 462 461 461 460 459 459 458 457 456 455 454 453 452 451 450 449 448 447 445 445 443 491 489 489 487 486 484 484 482 481 479 476 476 474 472 471 469 467 467 465 463 461 460 459 457 455 454
519 521 523 524 526 527 529 531 532 533 534 536 536 538 538 540 541 542 543 543 545 545 546 547 547 548 548 549 549 550 550 550 550 550 550 550 550 550 549 550 549 549 549 547 461 460 459 459 458 457 457 456 455 455 454 453 453 451 450 449 449 447 446 445 444 443 441 490 488 487 485 485 483 482 480 479 478 477 475 473 472 471 469 467 465 463 463 461 459 458 456 454 453 452
516 517 519 521 522 524 525 528 530 530 532 533 534 535 536 537 538 539 540 540 541 542 543 543 544 544 545 545 546 546 546 546 546 547 546 547 546 547 546 546 546 459 459 459 458 458 457 456 456 455 454 454 453 452 452 451 450 449 447 446 445 445 443 442 441 440 439 486 485 484 483 481 480 479 478 476 475 474 473 471 469 468 467 465 464 462 460 459 457 455 454 452 450 448
514 516 517 518 519 521 523 524 526 526 528 530 530 532 532 534 534 536 536 537 537 539 539 540 540 541 541 542 542 543 542 543 543 543 543 543 543 543 542 457 456 456 456 455 455 454 453 453 453 453 452 451 451 449 448 447 447 446 445 444 443 442 442 440 439 438 485 484 482 481 480 479 477 476 475 474 472 471 469 469 467 465 464 462 462 460 458 456 455 453 452 451 449 446
510 512 513 515 516 517 519 521 522 523 524 526 527 528 529 530 531 531 533 533 534 535 536 536 537 537 538 538 539 539 539 539 539 539 539 540 453 454 453 453 453 452 453 452 451 451 450 450 450 449 448 448 447 446 446 444 443 443 442 441 441 439 438 437 436 484 483 481 481 479 478 476 476 474 472 470 470 468 467 465 464 463 461 460 458 457 456 454 453 451 449 447 447 445
506 508 510 511 513 514 515 517 518 519 521 522 523 524 525 527 527 528 529 530 530 531 532 533 533 534 534 535 535 535 535 536 536 449 450 450 450 450 449 450 449 449 449 448 448 447 448 447 446 446 445 444 444 443 442 442 441 439 439 438 437 436 435 434 482 481 480 479 477 477 475 474 473 472 471 469 468 466 465 463 461 460 459 458 456 454 453 451 450 449 447 445 444 442
502 504 506 507 509 510 511 513 515 515 517 519 519 521 521 523 523 524 526 527 528 528 529 530 531 531 532 532 532 532 446 447 447 447 447 448 447 448 447 447 447 446 447 446 445 445 445 443 443 442 441 441 440 439 439 438 437 437 436 434 434 433 432 480 479 478 476 476 475 473 472 471 470 469 467 467 465 464 462 461 460 458 457 455 455 452 450 449 447 445 445 443 441 440
499 500 502 504 505 506 509 510 512 513 514 516 516 518 519 519 521 521 523 523 524 524 525 525 527 527 528 441 442 442 443 443 444 443 444 443 444 444 443 444 443 443 443 442 442 441 442 441 440 440 439 438 438 437 436 436 435 434 434 432 430 430 478 477 475 475 474 472 471 471 469 468 467 466 465 463 462 461 460 458 457 456 454 453 451 450 449 447 446 443 441 440 439 437
496 497 499 501 502 504 505 506 508 509 510 512 513 514 515 515 517 517 518 520 520 521 521 522 436 437 437 438 438 439 439 440 439 440 440 440 440 440 440 440 440 439 439 439 438 439 438 437 437 436 435 435 434 434 433 432 431 431 430 429 429 477 475 475 474 472 471 470 469 467 467 465 464 463 462 461 459 458 456 456 454 453 451 450 449 447 446 444 442 442 440 438 437 435
492 493 495 497 498 500 501 503 504 505 506 507 509 510 511 512 513 514 514 516 516 431 432 432 433 433 434 434 435 435 436 436 436 436 436 436 436 437 436 436 436 435 436 435 435 435 434 434 433 433 432 431 432 431 430 430 428 427 427 426 474 474 473 471 470 470 469 467 467 466 464 463 462 461 459 457 457 455 454 452 451 450 449 447 445 444 443 442 440 438 437 436 435 433
489 489 491 493 494 496 497 499 500 501 503 503 505 505 507 508 509 510 424 426 427 427 428 428 429 429 430 430 431 431 432 432 432 432 433 432 433 432 433 432 432 432 432 432 431 431 431 430 430 429 429 429 428 427 427 426 425 425 423 471 471 470 469 469 467 466 466 465 463 462 462 460 459 457 457 456 454 453 452 451 448 447 445 445 443 442 440 438 438 436 435 433 431 430
486 486 487 489 490 492 493 495 496 497 499 499 501 502 503 418 419 420 421 422 424 424 425 425 426 427 427 428 428 429 429 429 429 430 430 430 430 429 430 429 430 429 430 429 428 429 427 427 426 425 426 425 424 424 423 423 422 421 470 469 467 466 466 465 464 463 462 461 461 459 458 457 456 455 453 452 452 450 449 447 447 445 444 442 441 439 438 436 434 433 432 431 429 427
484 485 485 486 487 488 490 492 493 494 496 496 412 413 414 415 417 417 418 418 420 421 421 422 422 423 423 424 424 425 425 425 425 426 426 426 426 426 426 426 426 426 426 425 425 425 425 424 423 424 423 422 422 421 421 420 419 468 467 465 465 464 462 462 461 460 459 458 457 456 455 454 453 451 451 450 448 447 446 445 443 442 440 440 438 437 435 434 433 430 429 427 426 425
483 484 484 485 486 487 487 488 403 404 406 406 408 409 410 411 412 413 414 414 416 417 417 418 418 419 419 420 421 421 422 421 422 422 422 422 423 422 422 422 422 422 422 422 421 421 421 420 420 420 419 419 418 418 417 416 416 464 463 463 462 461 461 459 458 458 457 455 453 453 452 450 450 449 447 446 446 444 443 441 440 439 438 436 435 434 433 431 430 428 427 426 424 423
481 482 483 483 484 399 399 400 401 401 402 402 404 405 406 407 408 409 410 410 411 413 413 414 414 415 416 416 417 417 417 417 418 418 418 418 419 418 419 418 419 418 418 418 417 418 417 417 417 416 416 415 415 414 413 413 461 460 460 459 458 458 457 456 456 454 453 453 452 450 449 449 447 446 444 443 442 441 439 439 437 436 434 434 432 431 429 428 427 426 424 422 421 420
479 394 395 395 396 397 397 398 399 399 400 400 401 401 402 403 404 405 406 406 407 408 409 410 411 411 412 412 413 412 413 413 414 414 414 414 415 414 415 414 415 414 415 414 414 414 413 413 413 413 412 411 411 410 410 458 457 457 456 455 455 454 453 453 452 451 450 449 448 447 446 445 444 444 442 441 439 439 438 435 434 433 432 430 429 427 427 425 424 422 421 420 419 417
391 392 393 393 394 395 395 396 397 397 398 398 399 399 400 400 400 401 402 402 403 404 405 407 408 408 409 409 410 409 410 410 411 412 411 412 412 412 412 412 412 411 411 410 410 410 410 409 410 409 408 408 407 406 456 455 455 454 453 453 452 450 450 449 448 448 447 446 445 444 443 442 441 440 439 438 437 435 434 434 432 431 429 428 426 425 423 422 420 420 418 417 415 414
389 390 391 391 392 393 393 394 395 396 397 397 398 398 398 399 399 399 400 400 400 401 401 403 403 404 405 405 405 405 406 407 407 407 407 408 407 408 408 408 408 408 408 408 407 407 407 406 407 406 406 405 404 454 453 452 451 450 450 449 448 448 447 445 445 444 443 443 442 440 439 439 438 436 436 435 433 432 432 430 429 427 427 425 424 422 421 420 419 416 415 413 413 411
388 389 390 390 391 392 392 393 394 394 395 395 396 396 396 397 397 397 398 398 398 398 398 398 398 399 400 400 401 401 402 403 403 403 403 404 403 404 404 404 404 404 404 404 403 404 403 402 403 402 402 401 451 450 449 449 448 447 447 446 446 445 444 444 443 440 440 439 438 437 436 435 434 434 432 431 430 429 428 427 425 425 423 422 420 420 418 417 415 414 413 412 410 409
386 387 388 388 389 390 390 391 392 392 393 393 394 394 394 395 395 395 396 396 396 396 396 396 396 396 396 396 397 397 398 398 399 399 399 400 399 400 400 400 400 400 400 400 399 400 399 399 399 398 398 446 447 446 445 445 444 444 443 442 442 441 440 440 439 438 438 436 435 435 434 432 431 430 429 427 427 426 424 424 423 421 420 418 418 416 415 414 413 412 410 408 408 409
384 385 386 386 387 388 388 389 390 390 391 391 392 392 392 393 393 393 393 394 394 394 394 394 394 394 394 394 394 394 394 394 394 395 395 396 395 396 396 396 396 396 396 396 395 396 395 395 395 395 394 442 443 442 442 441 440 440 439 439 438 437 437 436 435 435 434 433 432 431 430 430 429 427 426 426 424 422 422 420 419 418 417 416 414 413 411 411 410 408 407 406 407 407
382 383 384 384 385 386 386 387 388 388 389 389 389 390 390 391 391 391 391 392 392 392 392 392 392 392 392 392 392 392 392 392 391 391 391 392 391 392 391 392 392 392 392 392 391 392 391 391 391 391 439 439 439 438 438 437 437 436 435 435 434 433 433 432 431 431 430 429 429 428 426 426 425 424 423 422 421 419 419 418 416 416 414 412 411 409 409 408 406 405 405 405 405 405
380 381 382 382 383 384 384 385 386 386 387 387 387 388 389 389 390 390 390 391 391 391 391 391 391 391 391 391 391 391 391 391 390 390 390 389 389 389 388 389 389 389 389 389 388 389 388 388 388 437 436 435 435 434 434 433 433 432 432 432 431 431 430 428 428 427 426 426 425 424 424 422 421 421 420 418 417 417 416 414 413 412 411 410 408 408 406 404 403 403 403 403 403 403
378 379 380 381 382 383 383 384 384 385 385 386 386 387 387 387 388 388 388 388 389 389 389 389 389 389 389 389 389 389 389 388 388 388 388 387 387 387 386 386 385 385 384 385 384 385 384 385 433 433 432 432 432 431 431 430 430 430 429 429 428 427 426 425 425 424 422 422 421 420 420 419 417 417 416 415 414 413 412 411 410 409 407 406 406 404 403 401 402 402 402 401 401 402
377 378 379 380 380 381 381 382 382 383 383 384 384 385 385 385 386 386 386 386 387 387 387 387 387 387 387 387 387 387 387 386 386 386 386 385 385 385 384 384 383 383 382 382 381 381 380 429 429 428 428 428 428 427 427 426 427 426 425 425 424 424 423 422 422 421 420 420 417 416 416 415 414 414 412 411 411 410 408 408 407 405 404 404 402 401 399 400 400 400 400 400 401 401
375 376 377 378 378 379 379 380 380 381 381 382 382 383 383 383 384 384 384 384 384 385 385 385 385 385 385 385 385 385 384 384 384 384 384 383 383 383 382 382 381 381 380 380 379 379 378 427 426 425 424 424 424 423 423 423 422 422 421 421 420 420 419 418 418 417 416 416 415 414 413 412 411 411 409 407 407 406 405 404 403 402 400 400 399 397 397 398 398 398 398 399 399 399
