testData/tiles/oneDegree/grid48.0-9.0-49.0-10.0.asc
ncols   200
nrows   200
xllcorner   48.0
yllcorner   9.0
cellsize   0.005
NODATA_value   -9999.0
[rows 0 to 41 of 200, columns 94 to 187 of 200]
457 456 454 452 450 447 446 444 441 439 436 434 431 428 426 422 418 415 412 408 407 407 381 381 379 379 379 378 377 377 377 376 375 375 374 373 373 372 372 371 370 370 370 368 368 368 366 366 366 365 364 364 363 362 361 361 361 359 359 358 357 357 356 355 354 354 352 352 352 351 350 349 349 347 347 346 344 343 343 341 341 340 339 338 338 336 336 335 334 333 333 331 331 330
459 457 455 453 451 449 447 445 442 440 437 435 433 430 427 424 420 417 412 408 408 408 406 380 380 380 378 378 378 377 376 376 376 375 374 374 373 373 372 371 371 371 369 369 369 367 367 367 366 365 364 364 363 362 362 362 360 360 359 358 358 357 356 355 355 354 353 353 352 351 350 350 348 348 347 345 344 344 343 342 342 340 340 339 337 337 336 335 334 334 332 332 331 330
460 458 456 455 452 451 448 446 444 442 440 438 435 431 428 426 422 418 415 412 409 407 407 381 380 379 379 379 378 377 377 376 376 375 375 374 374 373 372 372 372 370 370 370 368 368 368 367 366 365 365 364 363 363 363 361 361 360 359 359 358 358 356 356 356 354 354 353 352 351 351 349 349 349 346 346 345 345 343 343 342 341 340 340 338 338 337 336 335 334 333 332 332 330
461 459 457 456 454 452 449 447 446 443 440 437 435 433 431 426 424 421 418 413 409 408 408 407 380 380 379 379 378 378 377 377 376 375 375 375 373 373 373 372 371 371 370 369 369 368 368 367 366 366 365 364 364 364 362 362 361 360 360 359 359 357 357 357 355 355 354 353 352 352 350 350 350 348 347 346 346 344 344 343 342 341 341 339 339 338 337 336 336 334 334 333 331 331
462 461 459 457 454 452 450 449 446 443 441 439 437 433 431 429 426 423 419 416 413 408 407 407 407 380 380 379 378 378 378 377 376 376 376 374 374 374 372 372 372 371 370 370 369 369 368 367 367 366 365 365 364 363 363 362 361 361 360 360 358 358 358 356 356 355 354 353 353 353 351 351 349 348 347 347 345 345 344 343 342 342 340 340 339 338 337 337 335 335 334 333 332 332
462 461 458 457 455 454 451 449 447 445 444 440 438 436 434 430 427 425 422 418 415 410 408 407 407 380 380 379 379 378 377 377 377 376 375 375 375 373 373 373 372 371 371 370 370 369 368 368 367 366 366 365 364 364 363 362 362 361 361 359 359 359 357 357 356 356 354 354 354 352 352 350 349 348 348 346 346 345 344 343 343 343 341 341 340 338 338 337 336 335 335 333 333 332
463 462 460 459 455 454 452 451 449 446 444 442 440 437 435 432 430 426 424 420 417 412 409 408 407 406 380 380 379 378 378 378 376 376 376 375 374 374 374 373 372 372 371 371 370 369 369 367 367 367 366 365 365 364 363 363 362 362 360 360 360 358 358 357 357 355 355 355 353 352 351 350 349 349 347 347 347 346 345 344 344 342 342 341 340 339 339 337 337 336 334 334 333 332
465 463 460 459 457 456 454 452 449 448 446 443 441 438 436 434 431 429 425 422 419 415 411 407 407 407 381 379 379 379 379 377 377 377 376 375 375 374 374 373 372 372 372 370 370 370 368 368 368 367 366 366 365 364 363 363 363 361 361 361 359 359 358 358 356 356 356 354 353 352 351 350 350 350 348 348 347 346 345 345 343 343 342 341 340 340 338 338 337 336 335 335 333 332
465 463 462 461 459 457 454 453 451 449 447 444 442 440 438 435 432 430 427 424 421 417 413 409 408 406 406 380 380 378 378 378 377 377 376 376 375 375 374 373 373 372 371 371 371 369 369 369 368 367 367 366 365 364 364 364 362 362 361 360 360 359 359 357 357 357 355 354 353 353 351 351 351 349 349 348 347 346 346 344 344 343 342 341 341 339 339 338 338 336 336 335 334 333
466 465 463 462 459 458 456 454 452 450 448 446 443 442 439 437 434 431 429 426 422 419 416 413 407 407 407 406 379 379 379 378 377 377 376 376 375 374 374 374 373 372 372 372 370 370 369 369 368 367 367 366 365 365 365 363 363 362 361 361 360 360 358 358 358 356 355 354 354 352 352 352 350 350 349 348 347 347 345 345 344 344 342 342 341 340 339 339 337 337 336 335 334 334
467 465 464 462 461 459 457 455 453 452 449 447 446 443 440 438 436 434 429 427 425 422 417 414 410 408 407 406 380 379 379 378 378 377 377 376 375 375 375 373 373 373 372 371 371 370 370 369 368 368 367 366 366 366 364 364 363 362 362 361 361 359 359 359 356 356 355 355 354 353 353 351 351 350 349 348 348 347 346 345 345 344 343 343 341 341 340 339 338 337 336 335 335 333
468 467 466 463 462 460 458 456 454 453 451 448 446 444 442 440 436 434 432 429 426 422 420 416 412 407 407 407 406 380 379 378 378 378 376 376 376 376 374 374 374 373 372 372 371 371 370 369 369 368 367 367 366 365 365 364 363 363 362 362 360 360 360 357 357 356 356 355 354 354 352 352 351 350 349 349 348 347 347 346 345 344 344 342 342 341 340 339 339 337 337 336 335 334
469 468 466 464 463 460 459 458 456 454 451 449 448 446 442 440 438 436 433 430 427 425 421 418 414 410 407 407 406 379 379 379 378 377 377 377 376 375 375 374 374 373 372 372 371 370 370 370 368 368 368 367 366 366 365 364 364 363 363 361 361 361 358 358 357 357 355 355 355 353 353 352 352 350 350 350 348 348 347 346 345 345 343 343 342 342 340 340 339 338 337 337 335 335
471 468 467 465 464 462 461 458 456 454 453 451 448 446 444 442 439 436 434 432 429 426 423 420 416 412 409 407 406 406 380 378 378 378 378 376 376 376 375 374 374 373 373 372 371 371 371 369 369 369 368 367 367 366 365 364 364 364 362 362 361 360 359 358 358 356 356 356 354 354 353 353 351 351 351 349 349 348 347 346 346 345 344 343 343 341 341 340 339 338 338 336 336 335
470 469 468 467 465 462 461 459 458 456 453 451 450 448 445 443 441 439 436 433 431 428 424 421 419 414 410 407 407 407 379 379 379 378 377 377 376 376 375 375 374 374 373 372 372 372 370 370 370 369 368 367 367 366 365 365 365 363 363 361 361 360 359 359 357 357 357 355 355 354 354 352 352 352 350 350 349 348 347 347 346 345 344 344 342 342 341 340 339 339 337 337 336 335
472 471 469 467 465 464 463 461 458 456 455 453 451 449 446 444 442 440 438 435 431 429 427 424 419 416 413 409 406 406 406 379 379 378 378 377 377 376 375 375 375 373 373 373 372 371 371 370 370 369 368 368 367 366 366 366 364 363 362 362 361 360 360 358 358 358 357 356 355 355 353 353 353 351 351 350 350 348 348 347 346 345 345 343 343 342 341 340 340 339 338 337 337 335
472 471 470 468 467 465 462 461 460 458 456 454 451 450 447 445 444 441 439 436 434 431 427 424 422 419 414 410 407 407 406 379 379 378 378 377 377 376 376 376 374 374 374 373 372 372 371 370 370 369 369 368 367 367 366 365 364 363 362 362 361 361 359 359 359 358 357 356 356 354 354 354 352 352 351 351 349 349 348 347 346 346 345 344 344 343 342 341 341 339 338 338 336 336
474 472 471 469 467 465 464 463 460 459 456 455 452 451 449 446 444 442 440 438 435 432 429 427 423 419 416 413 408 407 406 406 379 379 378 377 377 377 375 375 375 374 373 373 372 372 371 370 370 370 368 368 368 367 365 365 364 363 362 362 362 360 360 359 359 358 357 357 355 355 355 353 353 352 352 350 350 349 348 348 347 346 345 345 344 343 342 342 340 340 339 338 337 336
474 473 471 470 469 466 465 464 461 460 457 456 454 452 449 447 446 444 442 438 436 434 430 428 424 422 418 415 410 407 406 406 380 378 378 378 378 376 376 376 375 374 374 373 373 372 371 371 371 369 369 369 367 366 365 365 364 363 363 363 361 361 360 360 359 358 358 356 356 356 355 354 353 353 351 351 350 349 349 348 348 346 346 345 344 343 343 341 341 340 339 338 338 335
475 474 473 470 469 468 466 464 462 461 459 457 454 453 451 449 447 444 442 440 438 435 432 429 426 423 420 416 412 408 407 406 405 379 379 378 377 377 376 376 375 375 374 374 373 372 372 372 370 370 369 368 367 366 366 365 364 364 364 362 362 361 361 360 359 359 357 357 357 356 355 354 354 352 352 351 350 350 349 349 347 347 346 345 344 344 342 342 341 341 339 339 337 336
476 475 473 471 470 468 466 465 464 461 459 457 456 454 452 449 447 446 444 441 438 436 434 430 428 424 421 418 414 411 406 406 406 379 378 378 378 377 376 376 375 375 374 373 373 373 371 371 371 369 368 368 367 367 366 365 365 364 363 363 362 362 360 360 360 358 358 357 357 356 355 355 353 353 352 351 351 350 350 348 348 347 346 345 345 343 343 342 342 340 340 338 337 336
477 475 474 472 471 469 468 465 463 462 461 459 457 454 453 451 448 447 444 442 440 437 435 432 428 426 423 420 415 412 408 407 406 405 379 378 378 377 376 376 376 375 374 374 374 372 372 371 370 369 368 368 368 366 366 366 365 364 364 363 362 361 361 361 359 359 358 358 357 356 356 354 354 353 353 352 351 351 349 349 348 347 346 346 345 344 343 343 341 340 339 338 337 337
477 476 475 474 472 469 468 467 465 464 461 459 458 456 453 452 450 447 445 443 441 439 435 433 430 428 424 421 418 414 410 406 406 405 379 379 378 377 377 377 375 375 375 374 373 372 371 371 370 369 369 369 367 367 367 366 365 364 364 363 362 362 362 360 360 359 359 358 357 357 355 355 354 354 353 352 352 350 350 349 348 347 347 346 345 344 344 342 341 340 339 338 338 336
479 477 474 473 472 471 469 467 466 464 462 461 458 457 455 453 450 448 447 445 441 439 437 435 432 428 426 423 419 416 411 407 406 406 405 378 378 378 376 376 376 376 375 373 373 372 372 371 370 370 370 368 368 367 367 366 365 365 364 363 363 362 361 361 360 360 358 358 358 356 356 355 355 353 353 353 351 351 350 349 348 348 347 346 345 345 343 342 341 340 339 339 338 337
478 477 476 475 474 471 470 468 467 465 463 461 460 458 455 453 452 450 446 445 443 441 438 435 433 430 427 424 420 417 413 409 407 405 405 379 379 377 377 377 376 374 374 373 373 372 371 371 371 369 369 369 368 367 367 366 366 364 364 364 363 362 362 361 361 359 359 359 357 357 356 356 354 354 354 352 352 351 351 349 349 348 347 346 346 344 343 343 342 341 340 339 338 337
480 479 477 475 473 472 471 469 467 466 464 462 460 458 457 455 452 450 448 447 444 441 439 437 434 431 428 425 422 419 416 411 406 406 406 405 378 378 377 376 375 375 374 374 373 372 372 372 370 370 370 369 368 367 367 367 365 365 365 364 363 362 362 361 360 360 359 358 358 357 357 355 355 355 353 353 352 352 350 350 349 348 347 347 346 344 344 343 342 341 341 339 339 338
480 479 477 476 475 473 471 470 468 466 464 463 461 460 457 455 453 452 449 447 445 443 440 438 436 432 429 427 424 421 416 413 409 406 405 405 378 377 377 376 375 375 375 373 373 373 372 371 371 370 370 369 368 368 368 366 366 366 365 364 363 363 362 361 361 360 359 359 358 358 356 356 355 354 354 353 353 351 351 350 349 348 348 346 345 345 344 343 342 342 340 340 339 338
481 480 478 477 475 474 472 470 469 467 466 465 461 460 458 457 454 453 450 448 445 444 442 439 436 433 431 429 424 421 418 414 411 406 405 404 378 377 376 376 376 374 374 374 374 373 372 372 371 371 370 369 369 368 367 367 366 365 365 364 364 362 362 362 361 360 360 359 359 357 357 356 355 355 354 354 352 352 351 350 349 349 348 346 346 345 344 343 343 341 341 340 340 338
482 480 479 477 475 474 473 471 470 468 466 464 463 461 459 457 455 453 451 449 447 444 442 440 438 435 431 429 426 424 420 415 411 406 405 405 404 377 377 377 375 375 375 374 373 373 372 372 371 370 370 370 368 368 368 367 366 365 365 365 363 363 363 362 361 360 360 360 358 358 357 356 356 355 355 353 353 352 351 350 350 349 347 347 346 345 344 344 342 342 341 341 339 339
483 480 479 478 477 475 473 472 470 469 467 465 463 462 460 458 456 454 452 450 447 445 443 441 437 435 433 431 426 423 420 416 413 409 405 404 404 378 377 376 376 375 375 374 374 373 373 372 371 371 370 369 369 368 368 367 366 366 366 364 364 363 363 362 361 361 360 359 359 358 357 356 356 356 354 354 353 352 351 350 349 348 348 347 346 345 345 343 343 342 342 340 340 339
483 482 480 479 477 475 474 473 471 469 468 465 464 462 460 459 457 455 452 450 449 447 444 441 439 436 433 431 427 424 421 418 415 410 405 405 404 403 377 377 376 376 375 374 374 374 372 372 372 371 370 370 369 369 368 367 367 366 365 365 364 364 363 362 362 360 360 360 359 358 357 357 357 355 355 354 353 352 351 350 349 349 348 347 346 346 345 344 343 343 341 341 340 339
484 482 480 479 478 477 474 473 472 470 468 466 465 463 462 458 457 455 454 452 450 447 444 442 439 437 434 431 428 426 423 418 415 412 408 405 404 404 377 377 376 375 375 375 373 373 373 372 372 371 370 370 370 368 368 368 367 366 366 365 364 363 363 363 361 361 361 360 359 358 358 357 356 356 355 354 352 352 351 350 350 349 348 347 347 346 345 344 344 342 342 341 340 339
484 483 482 479 478 477 476 474 472 470 469 468 466 463 462 460 459 456 454 451 449 447 445 443 440 437 435 433 430 426 423 421 418 413 409 405 404 404 378 377 376 376 376 374 374 374 373 372 372 371 371 370 369 369 369 367 367 366 366 365 364 364 364 362 362 361 361 360 359 359 358 357 357 356 355 353 353 352 351 350 350 349 348 348 347 346 345 345 343 343 342 341 340 340
484 483 482 481 479 478 476 474 473 472 470 467 466 464 462 460 458 456 454 452 450 448 446 443 441 439 437 434 430 428 425 422 418 415 410 406 405 404 403 377 377 376 375 375 374 374 373 372 372 372 370 370 370 369 368 368 367 367 366 365 365 364 363 363 362 362 360 360 360 358 358 357 357 355 354 354 353 352 351 351 350 349 349 348 347 346 346 344 344 343 343 341 341 340
486 484 483 480 479 478 477 476 472 470 469 468 466 464 463 460 459 456 455 453 451 448 446 444 443 440 437 434 432 429 426 423 419 416 413 409 404 404 404 377 376 376 376 375 374 374 373 373 373 371 371 371 370 369 368 368 368 366 366 366 365 364 364 363 363 361 361 361 359 359 358 358 356 355 355 354 353 352 352 350 350 350 349 348 347 347 345 345 344 344 342 342 341 340
485 484 482 481 480 478 476 474 473 472 470 468 466 465 462 461 460 458 456 453 451 450 448 445 442 440 438 435 433 430 426 424 421 418 413 409 405 404 404 377 377 376 376 375 374 374 374 372 372 372 371 371 370 369 369 369 367 367 367 366 365 364 364 363 362 362 361 360 360 359 358 356 356 356 355 354 353 353 351 351 351 350 349 348 348 346 346 345 345 343 343 342 341 340
486 485 483 480 479 478 477 475 474 472 470 469 467 465 464 463 459 458 456 455 453 450 448 446 444 441 439 436 433 431 428 426 421 418 415 412 407 404 404 403 377 377 375 375 375 374 373 373 372 372 371 370 370 370 368 368 368 367 366 366 365 365 363 363 363 362 361 361 360 359 357 357 356 356 355 354 354 352 352 351 351 350 349 349 347 347 346 346 344 344 343 342 341 341
485 484 483 482 480 479 478 476 474 472 471 469 468 467 464 462 461 459 457 455 453 451 448 447 445 442 439 437 435 433 429 426 423 420 416 412 408 404 404 404 376 376 376 376 375 374 374 373 373 372 371 371 371 369 369 369 368 367 366 366 366 364 364 364 363 362 361 360 360 358 358 357 356 356 355 355 353 353 352 352 350 350 350 348 348 347 347 345 345 344 343 342 342 341
487 484 483 482 481 479 478 476 475 473 472 470 468 466 465 464 461 460 457 456 453 452 450 448 444 443 441 439 436 432 430 428 424 421 417 413 410 405 404 403 403 377 376 375 375 374 374 373 372 372 372 371 370 370 369 369 368 367 367 367 365 365 364 364 363 361 361 360 359 359 358 357 356 356 356 354 354 353 353 351 351 351 349 349 348 348 346 346 345 344 343 343 342 341
487 486 484 483 481 480 478 477 476 473 472 471 469 467 466 464 462 460 458 456 455 453 450 448 446 444 441 438 436 434 431 429 425 421 418 415 412 406 404 404 403 377 376 375 375 375 374 373 373 373 371 371 371 370 369 368 368 368 367 366 366 365 365 363 362 362 360 360 360 359 358 357 357 356 355 355 354 354 352 352 351 350 350 349 349 347 347 346 345 344 344 343 342 341
487 485 484 483 482 481 479 477 476 474 473 471 470 467 466 464 462 461 459 457 454 453 451 449 447 444 442 440 437 435 432 428 426 423 420 415 412 408 404 404 403 377 376 376 376 374 374 374 373 372 372 371 371 370 369 369 369 367 367 366 366 364 363 363 363 361 361 360 360 359 358 358 357 356 356 355 355 353 353 352 351 350 350 350 348 348 347 346 345 345 344 343 342 342
488 487 486 484 482 481 479 478 476 475 474 471 470 468 467 465 464 460 459 458 456 453 452 449 447 445 443 441 438 435 433 430 428 424 420 417 413 410 404 404 403 403 377 375 375 375 374 373 373 372 372 372 370 370 370 369 368 368 367 367 365 364 364 363 362 362 361 361 359 359 359 358 357 356 356 355 354 354 353 352 351 351 350 349 349 348 347 346 346 345 344 343 343 341
