testData/tiles/oneDegree/grid23.0-33.0-24.0-34.0.asc
ncols   200
nrows   200
xllcorner   23.0
yllcorner   33.0
cellsize   0.005
NODATA_value   -9999.0
[rows 84 to 125 of 200, columns 0 to 93 of 200]
365 366 367 368 369 370 371 372 373 374 375 376 377 378 379 380 381 382 383 383 384 385 386 387 388 388 389 390 391 392 392 393 394 395 395 396 397 398 398 399 400 400 401 402 402 403 404 404 405 406 406 407 407 408 409 409 410 410 411 412 412 413 413 414 414 415 415 416 416 417 417 418 418 419 419 420 420 421 421 422 422 423 423 423 424 424 425 425 426 426 426 427 427 428
364 365 366 368 369 370 371 372 373 374 375 376 377 377 378 379 380 381 382 383 384 385 385 386 387 388 389 390 390 391 392 393 393 394 395 396 396 397 398 399 399 400 401 401 402 403 403 404 404 405 406 406 407 408 408 409 409 410 411 411 412 412 413 413 414 414 415 415 416 416 417 417 418 418 419 419 420 420 421 421 422 422 423 423 424 424 424 425 425 426 426 426 427 427
364 365 366 367 368 369 370 371 372 373 374 375 376 377 378 379 380 381 381 382 383 384 385 386 387 387 388 389 390 391 391 392 393 394 394 395 396 397 397 398 399 399 400 401 401 402 403 403 404 405 405 406 407 407 408 408 409 409 410 411 411 412 412 413 413 414 414 415 416 416 417 417 418 418 419 419 419 420 420 421 421 422 422 423 423 424 424 424 425 425 426 426 426 427
363 364 365 366 367 368 369 370 372 372 373 374 375 376 377 378 379 380 381 382 383 384 384 385 386 387 388 389 389 390 391 392 392 393 394 395 395 396 397 398 398 399 400 400 401 402 402 403 404 404 405 405 406 407 407 408 408 409 410 410 411 411 412 412 413 413 414 415 415 416 416 417 417 418 418 419 419 419 420 420 421 421 422 422 423 423 424 424 424 425 425 426 426 426
362 364 365 366 367 368 369 370 371 372 373 374 375 376 377 378 379 379 380 381 382 383 384 385 386 386 387 388 389 390 390 391 392 393 393 394 395 396 396 397 398 398 399 400 400 401 402 402 403 404 404 405 406 406 407 407 408 409 409 410 410 411 411 412 412 413 414 414 415 415 416 416 417 417 418 418 419 419 420 420 420 421 421 422 422 423 423 424 424 424 425 425 426 426
362 363 364 365 366 367 368 369 370 371 372 373 374 375 376 377 378 379 380 381 382 382 383 384 385 386 387 387 388 389 390 391 391 392 393 394 394 395 396 397 397 398 399 399 400 401 401 402 403 403 404 404 405 406 406 407 408 408 409 409 410 410 411 411 412 413 413 414 414 415 415 416 416 417 417 418 418 419 419 420 420 420 421 421 422 422 423 423 424 424 424 425 425 426
361 362 363 364 366 367 368 369 370 371 372 373 374 375 376 377 377 378 379 380 381 382 383 384 384 385 386 387 388 389 389 390 391 392 392 393 394 395 395 396 397 397 398 399 399 400 401 401 402 403 403 404 405 405 406 406 407 408 408 409 409 410 410 411 412 412 413 413 414 414 415 415 416 416 417 417 418 418 419 419 420 420 420 421 421 422 422 423 423 423 424 424 425 425
360 362 363 364 365 366 367 368 369 370 371 372 373 374 375 376 377 378 379 380 380 381 382 383 384 385 386 386 387 388 389 390 390 391 392 393 393 394 395 395 396 397 398 398 399 400 400 401 402 402 403 404 404 405 405 406 407 407 408 408 409 409 410 411 411 412 412 413 413 414 414 415 415 416 416 417 417 418 418 419 419 420 420 420 421 421 422 422 423 423 423 424 424 425
360 361 362 363 364 365 366 367 368 369 370 371 372 373 374 375 376 377 378 379 380 381 382 382 383 384 385 386 387 387 388 389 390 391 391 392 393 394 394 395 396 396 397 398 398 399 400 400 401 402 402 403 404 404 405 405 406 407 407 408 408 409 410 410 411 411 412 412 413 413 414 414 415 415 416 416 417 417 418 418 419 419 420 420 420 421 421 422 422 423 423 423 424 424
359 360 361 362 364 365 366 367 368 369 370 371 372 373 374 375 376 377 378 378 379 380 381 382 383 384 384 385 386 387 388 388 389 390 391 392 392 393 394 394 395 396 397 397 398 399 399 400 401 401 402 403 403 404 404 405 406 406 407 407 408 408 409 410 410 411 411 412 412 413 413 414 414 415 415 416 416 417 417 418 418 419 419 420 420 420 421 421 422 422 423 423 423 424
358 360 361 362 363 364 365 366 367 368 369 370 371 372 373 374 375 376 377 378 379 380 380 381 382 383 384 385 386 386 387 388 389 389 390 391 392 392 393 394 395 395 396 397 397 398 399 399 400 401 401 402 403 403 404 404 405 406 406 407 407 408 409 409 410 410 411 411 412 412 413 413 414 414 415 415 416 416 417 417 418 418 419 419 420 420 420 421 421 422 422 423 423 423
358 359 360 361 362 363 364 365 367 368 369 370 371 372 373 374 374 375 376 377 378 379 380 381 382 382 383 384 385 386 387 387 388 389 390 390 391 392 393 393 394 395 396 396 397 398 398 399 400 400 401 402 402 403 403 404 405 405 406 406 407 408 408 409 409 410 410 411 411 412 412 413 413 414 414 415 415 416 416 417 417 418 418 419 419 420 420 420 421 421 422 422 423 423
357 358 359 360 362 363 364 365 366 367 368 369 370 371 372 373 374 375 376 377 378 378 379 380 381 382 383 384 384 385 386 387 388 388 389 390 391 391 392 393 394 394 395 396 396 397 398 398 399 400 400 401 402 402 403 403 404 405 405 406 406 407 408 408 409 409 410 410 411 411 412 412 413 413 414 414 415 415 416 416 417 417 418 418 419 419 420 420 420 421 421 422 422 422
356 357 359 360 361 362 363 364 365 366 367 368 369 370 371 372 373 374 375 376 377 378 379 380 380 381 382 383 384 385 385 386 387 388 389 389 390 391 392 392 393 394 394 395 396 397 397 398 399 399 400 400 401 402 402 403 404 404 405 405 406 407 407 408 408 409 409 410 410 411 411 412 412 413 413 414 414 415 415 416 416 417 417 418 418 419 419 420 420 420 421 421 422 422
356 357 358 359 360 361 362 364 365 366 367 368 369 370 371 372 373 374 374 375 376 377 378 379 380 381 382 382 383 384 385 386 386 387 388 389 390 390 391 392 392 393 394 395 395 396 397 397 398 399 399 400 401 401 402 402 403 404 404 405 405 406 407 407 408 408 409 409 410 410 411 411 412 412 413 413 414 414 415 415 416 416 417 417 418 418 419 419 419 420 420 421 421 422
355 356 357 358 360 361 362 363 364 365 366 367 368 369 370 371 372 373 374 375 376 377 378 378 379 380 381 382 383 383 384 385 386 387 387 388 389 390 390 391 392 393 393 394 395 395 396 397 397 398 399 399 400 401 401 402 403 403 404 404 405 406 406 407 407 408 408 409 409 410 410 411 411 412 413 413 414 414 414 415 415 416 416 417 417 418 418 419 419 419 420 420 421 421
354 355 357 358 359 360 361 362 363 364 365 366 367 368 369 370 371 372 373 374 375 376 377 378 379 380 380 381 382 383 384 385 385 386 387 388 388 389 390 391 391 392 393 394 394 395 396 396 397 398 398 399 400 400 401 401 402 403 403 404 404 405 406 406 407 407 408 408 409 409 410 410 411 412 412 413 413 414 414 414 415 415 416 416 417 417 418 418 419 419 419 420 420 421
353 355 356 357 358 359 360 361 363 364 365 366 367 368 369 370 371 372 373 374 374 375 376 377 378 379 380 381 381 382 383 384 385 386 386 387 388 389 389 390 391 392 392 393 394 394 395 396 396 397 398 398 399 400 400 401 402 402 403 403 404 405 405 406 406 407 407 408 408 409 409 410 411 411 412 412 413 413 413 414 414 415 415 416 416 417 417 418 418 418 419 419 420 420
353 354 355 356 357 359 360 361 362 363 364 365 366 367 368 369 370 371 372 373 374 375 376 377 377 378 379 380 381 382 383 383 384 385 386 387 387 388 389 390 390 391 392 392 393 394 395 395 396 397 397 398 398 399 400 400 401 402 402 403 403 404 405 405 406 406 407 407 408 408 409 409 410 411 411 412 412 413 413 413 414 414 415 415 416 416 417 417 418 418 418 419 419 420
352 353 354 356 357 358 359 360 361 362 363 364 365 366 367 368 369 370 371 372 373 374 375 376 377 378 379 379 380 381 382 383 384 384 385 386 387 387 388 389 390 390 391 392 393 393 394 395 395 396 397 397 398 399 399 400 400 401 402 402 403 403 404 405 405 406 406 407 407 408 408 409 410 410 411 411 412 412 413 413 413 414 414 415 415 416 416 417 417 418 418 418 419 419
351 352 354 355 356 357 358 359 360 362 363 364 365 366 367 368 369 370 371 372 373 373 374 375 376 377 378 379 380 380 381 382 383 384 385 385 386 387 388 388 389 390 391 391 392 393 393 394 395 395 396 397 397 398 399 399 400 401 401 402 402 403 404 404 405 405 406 406 407 407 408 408 409 410 410 411 411 412 412 412 413 413 414 414 415 415 416 416 417 417 417 418 418 419
350 352 353 354 355 356 357 359 360 361 362 363 364 365 366 367 368 369 370 371 372 373 374 375 376 376 377 378 379 380 381 382 382 383 384 385 386 386 387 388 389 389 390 391 391 392 393 394 394 395 396 396 397 397 398 399 399 400 401 401 402 402 403 404 404 405 405 406 406 407 407 408 408 409 410 410 411 411 412 412 412 413 413 414 414 415 415 416 416 417 417 417 418 418
350 351 352 353 354 356 357 358 359 360 361 362 363 364 365 366 367 368 369 370 371 372 373 374 375 376 377 378 378 379 380 381 382 383 383 384 385 386 386 387 388 389 389 390 391 392 392 393 394 394 395 396 396 397 398 398 399 399 400 401 401 402 402 403 404 404 405 405 406 406 407 407 408 408 409 410 410 411 411 411 412 412 413 413 414 414 415 415 416 416 416 417 417 418
350 350 351 352 354 355 356 357 358 359 360 362 363 364 365 366 367 368 369 370 371 372 372 373 374 375 376 377 378 379 379 380 381 382 383 384 384 385 386 387 387 388 389 390 390 391 392 392 393 394 394 395 396 396 397 398 398 399 400 400 401 401 402 402 403 404 404 405 405 406 406 407 407 408 408 409 410 410 410 411 411 412 412 413 413 414 414 415 415 416 416 416 417 417
350 350 350 352 353 354 355 356 358 359 360 361 362 363 364 365 366 367 368 369 370 371 372 373 374 375 375 376 377 378 379 380 381 381 382 383 384 384 385 386 387 388 388 389 390 390 391 392 393 393 394 395 395 396 396 397 398 398 399 400 400 401 401 402 403 403 404 404 405 405 406 406 407 407 408 408 409 409 410 410 411 411 412 412 413 413 414 414 415 415 415 416 416 417
350 350 350 351 352 353 354 356 357 358 359 360 361 362 363 364 365 366 367 368 369 370 371 372 373 374 375 376 376 377 378 379 380 381 382 382 383 384 385 385 386 387 388 388 389 390 391 391 392 393 393 394 395 395 396 397 397 398 398 399 400 400 401 401 402 403 403 404 404 405 405 406 406 407 407 408 408 409 409 410 410 411 411 412 412 413 413 414 414 415 415 415 416 416
350 350 350 350 351 353 354 355 356 357 358 359 360 361 363 364 365 366 367 368 369 369 370 371 372 373 374 375 376 377 378 378 379 380 381 382 382 383 384 385 386 386 387 388 389 389 390 391 391 392 393 393 394 395 395 396 397 397 398 398 399 400 400 401 401 402 403 403 404 404 405 405 406 406 407 407 408 408 409 409 410 410 411 411 412 412 413 413 414 414 414 415 415 416
350 350 350 350 351 352 353 354 355 356 357 359 360 361 362 363 364 365 366 367 368 369 370 371 372 373 373 374 375 376 377 378 379 379 380 381 382 383 383 384 385 386 386 387 388 389 389 390 391 391 392 393 393 394 395 395 396 397 397 398 399 399 400 400 401 401 402 403 403 404 404 405 405 406 406 407 407 408 408 409 409 410 410 411 411 412 412 413 413 414 414 414 415 415
350 350 350 350 350 351 352 353 354 356 357 358 359 360 361 362 363 364 365 366 367 368 369 370 371 372 373 374 375 375 376 377 378 379 380 380 381 382 383 384 384 385 386 387 387 388 389 389 390 391 392 392 393 394 394 395 395 396 397 397 398 399 399 400 400 401 401 402 403 403 404 404 405 405 406 406 407 407 408 408 409 409 410 410 411 411 412 412 413 413 413 414 414 415
350 350 350 350 350 350 351 353 354 355 356 357 358 359 360 361 362 363 364 365 366 367 368 369 370 371 372 373 374 375 376 376 377 378 379 380 381 381 382 383 384 384 385 386 387 387 388 389 390 390 391 392 392 393 394 394 395 396 396 397 397 398 399 399 400 400 401 401 402 403 403 404 404 405 405 406 406 407 407 408 408 409 409 410 410 411 411 412 412 412 413 413 414 414
350 350 350 350 350 350 351 352 353 354 355 356 357 359 360 361 362 363 364 365 366 367 368 369 370 370 371 372 373 374 375 376 377 377 378 379 380 381 382 382 383 384 385 385 386 387 388 388 389 390 390 391 392 392 393 394 394 395 396 396 397 397 398 399 399 400 400 401 401 402 403 403 404 404 405 405 406 406 407 407 408 408 409 409 410 410 411 411 412 412 412 413 413 414
350 350 350 350 350 350 350 351 352 353 354 356 357 358 359 360 361 362 363 364 365 366 367 368 369 370 371 372 373 373 374 375 376 377 378 378 379 380 381 382 382 383 384 385 385 386 387 388 388 389 390 390 391 392 392 393 394 394 395 396 396 397 397 398 399 399 400 400 401 401 402 403 403 404 404 405 405 406 406 407 407 408 408 409 409 410 410 411 411 411 412 412 413 413
350 350 350 350 350 350 350 350 351 352 354 355 356 357 358 359 360 361 362 363 364 365 366 367 368 369 370 371 372 373 374 374 375 376 377 378 379 379 380 381 382 383 383 384 385 386 386 387 388 388 389 390 390 391 392 392 393 394 394 395 396 396 397 397 398 399 399 400 400 401 401 402 403 403 404 404 405 405 406 406 407 407 408 408 409 409 410 410 410 411 411 412 412 413
350 350 350 350 350 350 350 350 350 352 353 354 355 356 357 358 359 360 362 363 364 365 366 366 367 368 369 370 371 372 373 374 375 375 376 377 378 379 380 380 381 382 383 383 384 385 386 386 387 388 389 389 390 391 391 392 393 393 394 394 395 396 396 397 397 398 399 399 400 400 401 401 402 403 403 404 404 405 405 406 406 407 407 408 408 409 409 409 410 410 411 411 412 412
350 350 350 350 350 350 350 350 350 351 352 353 354 355 356 358 359 360 361 362 363 364 365 366 367 368 369 370 370 371 372 373 374 375 376 376 377 378 379 380 381 381 382 383 384 384 385 386 386 387 388 389 389 390 391 391 392 393 393 394 394 395 396 396 397 397 398 399 399 400 400 401 401 402 403 403 404 404 405 405 406 406 407 407 408 408 408 409 409 410 410 411 411 412
350 350 350 350 350 350 350 350 350 350 351 352 353 355 356 357 358 359 360 361 362 363 364 365 366 367 368 369 370 371 371 372 373 374 375 376 377 377 378 379 380 381 381 382 383 384 384 385 386 387 387 388 389 389 390 391 391 392 393 393 394 394 395 396 396 397 397 398 399 399 400 400 401 401 402 402 403 404 404 405 405 406 406 406 407 407 408 408 409 409 410 410 411 411
350 350 350 350 350 350 350 350 350 350 350 351 353 354 355 356 357 358 359 360 361 362 363 364 365 366 367 368 369 370 371 372 373 373 374 375 376 377 378 378 379 380 381 382 382 383 384 384 385 386 387 387 388 389 389 390 391 391 392 456 393 394 394 395 396 396 397 397 398 399 399 400 400 401 401 402 402 403 403 404 404 405 405 406 406 407 407 408 408 409 409 410 410 410
350 350 350 350 350 350 350 350 350 350 350 351 352 353 354 355 356 357 358 359 360 362 363 364 364 365 366 367 368 369 370 371 372 373 374 374 375 376 377 378 379 379 380 381 382 382 383 384 385 385 386 387 387 388 389 389 453 454 454 455 456 456 457 394 395 396 396 397 397 398 399 399 400 400 401 401 402 402 403 403 404 404 405 405 406 406 407 407 408 408 409 409 410 410
350 350 350 350 350 350 350 350 350 350 350 350 351 352 353 354 355 357 358 359 360 361 362 363 364 365 366 367 368 368 369 370 371 372 373 374 375 375 376 377 378 379 379 380 381 382 382 383 384 385 385 386 387 387 451 452 452 453 454 454 455 456 456 457 457 395 396 396 397 397 398 399 399 400 400 401 401 402 402 403 403 404 404 405 405 406 406 407 407 408 408 409 409 409
350 350 350 350 350 350 350 350 350 350 350 350 350 351 352 354 355 356 357 358 359 360 361 362 363 364 365 366 367 368 369 370 370 371 372 373 374 375 376 376 377 378 379 379 380 381 382 383 383 384 385 385 386 450 450 451 452 452 453 454 454 455 456 456 457 457 395 396 396 397 397 398 399 399 400 400 401 401 402 402 403 403 404 404 405 405 406 406 407 407 408 408 408 409
350 350 350 350 350 350 350 350 350 350 350 350 350 350 352 353 354 355 356 357 358 359 360 361 362 363 364 365 366 367 368 369 370 371 371 372 373 374 375 376 376 377 378 379 380 380 381 382 383 383 384 385 448 449 450 450 451 452 452 453 454 454 455 456 456 457 457 395 396 396 397 397 398 398 399 400 400 401 401 402 402 403 403 404 404 405 405 406 406 406 407 407 408 408
350 350 350 350 350 350 350 350 350 350 350 350 350 350 351 352 353 354 355 356 357 358 359 360 361 362 363 364 365 366 367 368 369 370 371 372 372 373 374 375 376 377 377 378 379 380 380 381 382 383 383 447 448 448 449 450 451 451 452 452 453 454 454 455 456 456 457 457 395 396 396 397 397 398 398 399 399 400 401 401 402 402 403 403 404 404 405 405 405 406 406 407 407 408
