testData/tiles/oneDegree/grid33.0-2.0-34.0-3.0.asc
ncols   200
nrows   200
xllcorner   33.0
yllcorner   2.0
cellsize   0.005
NODATA_value   -9999.0
[rows 84 to 125 of 200, columns 94 to 187 of 200]
343 343 343 343 343 343 343 342 342 342 342 342 342 341 341 341 341 341 341 340 340 340 340 340 340 339 339 339 339 339 338 338 338 338 338 337 337 337 337 337 336 336 336 336 336 335 335 335 335 334 334 334 334 334 333 333 333 333 332 332 332 332 331 331 331 401 401 400 400 400 400 399 399 399 399 398 398 398 398 397 397 397 397 396 396 396 395 395 395 395 394 394 394 394
344 344 343 343 343 343 343 343 343 342 342 342 342 342 342 341 341 341 341 341 341 340 340 340 340 340 339 339 339 339 339 338 338 338 338 338 337 337 337 337 337 336 336 336 336 336 335 335 335 335 334 334 334 334 334 333 333 333 333 332 332 332 332 331 331 401 401 401 400 400 400 400 399 399 399 399 398 398 398 398 397 397 397 397 396 396 396 395 395 395 395 394 394 394
344 344 344 344 343 343 343 343 343 343 343 342 342 342 342 342 342 341 341 341 341 341 340 340 340 340 340 340 339 339 339 339 339 338 338 338 338 338 337 337 337 337 337 336 336 336 336 335 335 335 335 335 334 334 334 334 333 333 333 333 332 332 332 332 331 401 401 401 401 400 400 400 400 399 399 399 399 398 398 398 398 397 397 397 396 396 396 396 395 395 395 395 394 394
344 344 344 344 344 344 343 343 343 343 343 343 343 342 342 342 342 342 341 341 341 341 341 341 340 340 340 340 340 339 339 339 339 339 338 338 338 338 338 337 337 337 337 337 336 336 336 336 335 335 335 335 335 334 334 334 334 333 333 333 333 332 332 332 332 331 401 401 401 401 400 400 400 400 399 399 399 399 398 398 398 397 397 397 397 396 396 396 396 395 395 395 395 394
345 344 344 344 344 344 344 344 343 343 343 343 343 343 342 342 342 342 342 342 341 341 341 341 341 341 340 340 340 340 340 339 339 339 339 339 338 338 338 338 337 337 337 337 337 336 336 336 336 336 335 335 335 335 334 334 334 334 333 333 333 333 332 332 332 332 401 401 401 401 401 400 400 400 399 399 399 399 398 398 398 398 397 397 397 397 396 396 396 396 395 395 395 395
345 345 345 345 344 344 344 344 344 344 343 343 343 343 343 343 342 342 342 342 342 342 341 341 341 341 341 340 340 340 340 340 339 339 339 339 339 338 338 338 338 338 337 337 337 337 336 336 336 336 336 335 335 335 335 334 334 334 334 333 333 333 333 332 332 332 402 401 401 401 401 400 400 400 400 399 399 399 399 398 398 398 398 397 397 397 397 396 396 396 396 395 395 395
345 345 345 345 345 345 344 344 344 344 344 344 343 343 343 343 343 343 342 342 342 342 342 341 341 341 341 341 341 340 340 340 340 339 339 339 339 339 338 338 338 338 338 337 337 337 337 336 336 336 336 336 335 335 335 335 334 334 334 334 333 333 333 333 332 332 402 402 401 401 401 401 400 400 400 400 399 399 399 399 398 398 398 398 397 397 397 397 396 396 396 395 395 395
346 345 345 345 345 345 345 345 344 344 344 344 344 344 343 343 343 343 343 342 342 342 342 342 342 341 341 341 341 341 340 340 340 340 340 339 339 339 339 339 338 338 338 338 337 337 337 337 337 336 336 336 336 335 335 335 335 334 334 334 334 333 333 333 333 332 332 402 402 401 401 401 401 400 400 400 400 399 399 399 399 398 398 398 398 397 397 397 397 396 396 396 395 395
346 346 346 345 345 345 345 345 345 345 344 344 344 344 344 344 343 343 343 343 343 342 342 342 342 342 341 341 341 341 341 340 340 340 340 340 339 339 339 339 339 338 338 338 338 337 337 337 337 337 336 336 336 336 335 335 335 335 334 334 334 334 333 333 333 333 332 402 402 402 401 401 401 401 400 400 400 400 399 399 399 399 398 398 398 398 397 397 397 396 396 396 396 395
346 346 346 346 346 345 345 345 345 345 345 344 344 344 344 344 344 343 343 343 343 343 343 342 342 342 342 342 341 341 341 341 341 340 340 340 340 339 339 339 339 339 338 338 338 338 337 337 337 337 337 336 336 336 336 335 335 335 335 334 334 334 334 333 333 333 333 402 402 402 402 401 401 401 401 400 400 400 400 399 399 399 399 398 398 398 397 397 397 397 396 396 396 396
347 346 346 346 346 346 346 345 345 345 345 345 345 344 344 344 344 344 344 343 343 343 343 343 342 342 342 342 342 341 341 341 341 341 340 340 340 340 340 339 339 339 339 338 338 338 338 338 337 337 337 337 336 336 336 336 335 335 335 335 334 334 334 334 333 333 333 403 402 402 402 402 401 401 401 401 400 400 400 400 399 399 399 399 398 398 398 397 397 397 397 396 396 396
347 347 347 346 346 346 346 346 346 345 345 345 345 345 345 344 344 344 344 344 343 343 343 343 343 343 342 342 342 342 341 341 341 341 341 340 340 340 340 340 339 339 339 339 338 338 338 338 338 337 337 337 337 336 336 336 336 335 335 335 335 334 334 334 334 333 333 403 403 402 402 402 402 401 401 401 401 400 400 400 400 399 399 399 398 398 398 398 397 397 397 397 396 396
347 347 347 347 347 346 346 346 346 346 346 345 345 345 345 345 345 344 344 344 344 344 343 343 343 343 343 342 342 342 342 342 341 341 341 341 340 340 340 340 340 339 339 339 339 338 338 338 338 338 337 337 337 337 336 336 336 336 335 335 335 335 334 334 334 334 333 333 403 403 402 402 402 402 401 401 401 401 400 400 400 399 399 399 399 398 398 398 398 397 397 397 396 396
347 347 347 347 347 347 347 346 346 346 346 346 346 345 345 345 345 345 344 344 344 344 344 343 343 343 343 343 342 342 342 342 342 341 341 341 341 341 340 340 340 340 339 339 339 339 339 338 338 338 338 337 337 337 337 336 336 336 336 335 335 335 335 334 334 334 334 333 403 403 403 402 402 402 402 401 401 401 400 400 400 400 399 399 399 399 398 398 398 398 397 397 397 396
348 348 347 347 347 347 347 347 346 346 346 346 346 346 345 345 345 345 345 345 344 344 344 344 344 343 343 343 343 343 342 342 342 342 341 341 341 341 341 340 340 340 340 339 339 339 339 339 338 338 338 338 337 337 337 337 336 336 336 336 335 335 335 335 334 334 334 334 403 403 403 403 402 402 402 402 401 401 401 400 400 400 400 399 399 399 399 398 398 398 397 397 397 397
348 348 348 348 347 347 347 347 347 347 346 346 346 346 346 346 345 345 345 345 345 344 344 344 344 344 343 343 343 343 343 342 342 342 342 342 341 341 341 341 340 340 340 340 339 339 339 339 339 338 338 338 338 337 337 337 337 336 336 336 336 335 335 335 335 334 334 334 404 403 403 403 403 402 402 402 401 401 401 401 400 400 400 400 399 399 399 398 398 398 398 397 397 397
348 348 348 348 348 348 347 347 347 347 347 347 346 346 346 346 346 345 345 345 345 345 345 344 344 344 344 343 343 343 343 343 342 342 342 342 342 341 341 341 341 340 340 340 340 340 339 339 339 339 338 338 338 338 337 337 337 337 336 336 336 336 335 335 335 335 334 334 334 404 403 403 403 402 402 402 402 401 401 401 401 400 400 400 400 399 399 399 398 398 398 398 397 397
349 349 348 348 348 348 348 348 347 347 347 347 347 347 346 346 346 346 346 345 345 345 345 345 344 344 344 344 344 343 343 343 343 342 342 342 342 342 341 341 341 341 340 340 340 340 340 339 339 339 339 338 338 338 338 337 337 337 337 336 336 336 336 335 335 335 335 334 334 404 403 403 403 403 402 402 402 402 401 401 401 401 400 400 400 399 399 399 399 398 398 398 397 397
349 349 349 349 348 348 348 348 348 348 347 347 347 347 347 346 346 346 346 346 345 345 345 345 345 344 344 344 344 344 343 343 343 343 343 342 342 342 342 341 341 341 341 340 340 340 340 340 339 339 339 339 338 338 338 338 337 337 337 337 336 336 336 336 335 335 335 334 334 404 404 403 403 403 403 402 402 402 402 401 401 401 400 400 400 400 399 399 399 399 398 398 398 397
349 349 349 349 349 349 348 348 348 348 348 347 347 347 347 347 347 346 346 346 346 346 345 345 345 345 345 344 344 344 344 343 343 343 343 343 342 342 342 342 341 341 341 341 340 340 340 340 340 339 339 339 339 338 338 338 338 337 337 337 337 336 336 336 336 335 335 335 334 404 404 404 403 403 403 403 402 402 402 402 401 401 401 400 400 400 400 399 399 399 398 398 398 398
350 349 349 349 349 349 349 348 348 348 348 348 348 347 347 347 347 347 346 346 346 346 346 345 345 345 345 345 344 344 344 344 343 343 343 343 343 342 342 342 342 341 341 341 341 340 340 340 340 340 339 339 339 339 338 338 338 338 337 337 337 337 336 336 336 335 335 335 335 334 404 404 404 403 403 403 403 402 402 402 401 401 401 401 400 400 400 399 399 399 399 398 398 398
350 350 350 349 349 349 349 349 349 348 348 348 348 348 347 347 347 347 347 347 346 346 346 346 345 345 345 345 345 344 344 344 344 344 343 343 343 343 342 342 342 342 341 341 341 341 341 340 340 340 340 339 339 339 339 338 338 338 338 337 337 337 336 336 336 336 335 335 335 335 404 404 404 404 403 403 403 402 402 402 402 401 401 401 401 400 400 400 399 399 399 399 398 398
350 350 350 350 350 349 349 349 349 349 349 348 348 348 348 348 347 347 347 347 347 346 346 346 346 346 345 345 345 345 344 344 344 344 344 343 343 343 343 342 342 342 342 341 341 341 341 341 340 340 340 340 339 339 339 339 338 338 338 337 337 337 337 336 336 336 336 335 335 335 405 404 404 404 403 403 403 403 402 402 402 402 401 401 401 400 400 400 400 399 399 399 398 398
351 350 350 350 350 350 350 349 349 349 349 349 348 348 348 348 348 347 347 347 347 347 346 346 346 346 346 345 345 345 345 345 344 344 344 344 343 343 343 343 342 342 342 342 341 341 341 341 340 340 340 340 340 339 339 339 338 338 338 338 337 337 337 337 336 336 336 336 335 335 405 405 404 404 404 403 403 403 403 402 402 402 401 401 401 401 400 400 400 400 399 399 399 398
351 351 351 350 350 350 350 350 349 349 349 349 349 349 348 348 348 348 348 347 347 347 347 347 346 346 346 346 345 345 345 345 345 344 344 344 344 343 343 343 343 342 342 342 342 341 341 341 341 340 340 340 340 339 339 339 339 338 338 338 338 337 337 337 337 336 336 336 336 335 335 405 404 404 404 404 403 403 403 403 402 402 402 401 401 401 401 400 400 400 399 399 399 399
351 351 351 351 350 350 350 350 350 350 349 349 349 349 349 348 348 348 348 348 347 347 347 347 347 346 346 346 346 345 345 345 345 345 344 344 344 344 343 343 343 343 342 342 342 342 341 341 341 341 340 340 340 340 339 339 339 339 338 338 338 338 337 337 337 337 336 336 336 335 335 405 405 404 404 404 404 403 403 403 402 402 402 402 401 401 401 400 400 400 400 399 399 399
351 351 351 351 351 351 350 350 350 350 350 349 349 349 349 349 349 348 348 348 348 347 347 347 347 347 346 346 346 346 346 345 345 345 345 344 344 344 344 343 343 343 343 342 342 342 342 341 341 341 341 340 340 340 340 339 339 339 339 338 338 338 338 337 337 337 337 336 336 336 335 405 405 405 404 404 404 403 403 403 403 402 402 402 402 401 401 401 400 400 400 400 399 399
352 352 351 351 351 351 351 351 350 350 350 350 350 349 349 349 349 349 348 348 348 348 348 347 347 347 347 346 346 346 346 346 345 345 345 345 344 344 344 344 343 343 343 343 342 342 342 342 341 341 341 341 340 340 340 340 339 339 339 339 338 338 338 338 337 337 337 336 336 336 336 405 405 405 405 404 404 404 403 403 403 403 402 402 402 401 401 401 401 400 400 400 399 399
352 352 352 352 351 351 351 351 351 350 350 350 350 350 349 349 349 349 349 348 348 348 348 348 347 347 347 347 346 346 346 346 346 345 345 345 345 344 344 344 344 343 343 343 343 342 342 342 342 341 341 341 341 340 340 340 340 339 339 339 339 338 338 338 337 337 337 337 336 336 336 336 405 405 405 404 404 404 404 403 403 403 402 402 402 402 401 401 401 400 400 400 400 399
352 352 352 352 352 351 351 351 351 351 351 350 350 350 350 350 349 349 349 349 349 348 348 348 348 347 347 347 347 347 346 346 346 346 345 345 345 345 344 344 344 344 343 343 343 343 342 342 342 342 341 341 341 341 340 340 340 340 339 339 339 339 338 338 338 337 337 337 337 336 336 336 405 405 405 405 404 404 404 404 403 403 403 402 402 402 402 401 401 401 400 400 400 399
353 352 352 352 352 352 352 351 351 351 351 351 350 350 350 350 350 349 349 349 349 349 348 348 348 348 347 347 347 347 347 346 346 346 346 345 345 345 345 344 344 344 344 343 343 343 343 342 342 342 342 341 341 341 341 340 340 340 340 339 339 339 338 338 338 338 337 337 337 337 336 336 406 405 405 405 405 404 404 404 403 403 403 403 402 402 402 401 401 401 401 400 400 400
353 353 353 352 352 352 352 352 351 351 351 351 351 351 350 350 350 350 349 349 349 349 349 348 348 348 348 347 347 347 347 347 346 346 346 346 345 345 345 345 344 344 344 344 343 343 343 343 342 342 342 342 341 341 341 341 340 340 340 339 339 339 339 338 338 338 338 337 337 337 336 336 406 406 405 405 405 404 404 404 404 403 403 403 402 402 402 402 401 401 401 400 400 400
353 353 353 353 353 352 352 352 352 352 351 351 351 351 351 350 350 350 350 350 349 349 349 349 348 348 348 348 348 347 347 347 347 346 346 346 346 345 345 345 345 344 344 344 344 343 343 343 343 342 342 342 342 341 341 341 340 340 340 340 339 339 339 339 338 338 338 337 337 337 337 336 336 406 406 405 405 405 404 404 404 404 403 403 403 402 402 402 402 401 401 401 400 400
354 353 353 353 353 353 352 352 352 352 352 351 351 351 351 351 350 350 350 350 350 349 349 349 349 348 348 348 348 348 347 347 347 347 346 346 346 346 345 345 345 345 344 344 344 344 343 343 343 343 342 342 342 342 341 341 341 340 340 340 340 339 339 339 339 338 338 338 337 337 337 337 336 406 406 405 405 405 405 404 404 404 403 403 403 403 402 402 402 401 401 401 401 400
354 354 353 353 353 353 353 353 352 352 352 352 352 351 351 351 351 351 350 350 350 350 349 349 349 349 348 348 348 348 348 347 347 347 347 346 346 346 346 345 345 345 345 344 344 344 344 343 343 343 343 342 342 342 341 341 341 341 340 340 340 340 339 339 339 338 338 338 338 337 337 337 336 406 406 406 405 405 405 404 404 404 404 403 403 403 402 402 402 402 401 401 401 400
354 354 354 354 353 353 353 353 353 352 352 352 352 352 351 351 351 351 351 350 350 350 350 349 349 349 349 349 348 348 348 348 347 347 347 347 346 346 346 346 345 345 345 345 344 344 344 344 343 343 343 342 342 342 342 341 341 341 341 340 340 340 339 339 339 339 338 338 338 338 337 337 337 336 406 406 406 405 405 405 404 404 404 404 403 403 403 402 402 402 401 401 401 401
354 354 354 354 354 353 353 353 353 353 353 352 352 352 352 351 351 351 351 351 350 350 350 350 349 349 349 349 349 348 348 348 348 347 347 347 347 346 346 346 346 345 345 345 345 344 344 344 343 343 343 343 342 342 342 342 341 341 341 341 340 340 340 339 339 339 339 338 338 338 337 337 337 337 406 406 406 405 405 405 405 404 404 404 403 403 403 403 402 402 402 401 401 401
355 355 354 354 354 354 354 353 353 353 353 353 352 352 352 352 352 351 351 351 351 350 350 350 350 349 349 349 349 349 348 348 348 348 347 347 347 347 346 346 346 346 345 345 345 345 344 344 344 343 343 343 343 342 342 342 342 341 341 341 340 340 340 340 339 339 339 338 338 338 338 337 337 337 406 406 406 406 405 405 405 404 404 404 404 403 403 403 402 402 402 402 401 401
355 355 355 354 354 354 354 354 353 353 353 353 353 352 352 352 352 352 351 351 351 351 350 350 350 350 350 349 349 349 349 348 348 348 348 347 347 347 347 346 346 346 346 345 345 345 344 344 344 344 343 343 343 343 342 342 342 341 341 341 341 340 340 340 340 339 339 339 338 338 338 338 337 337 337 406 406 406 406 405 405 405 404 404 404 403 403 403 403 402 402 402 401 401
355 355 355 355 355 354 354 354 354 354 353 353 353 353 352 352 352 352 352 351 351 351 351 350 350 350 350 350 349 349 349 349 348 348 348 348 347 347 347 347 346 346 346 345 345 345 345 344 344 344 344 343 343 343 343 342 342 342 341 341 341 341 340 340 340 339 339 339 339 338 338 338 337 337 337 407 406 406 406 405 405 405 405 404 404 404 403 403 403 402 402 402 402 401
356 355 355 355 355 355 354 354 354 354 354 353 353 353 353 353 352 352 352 352 351 351 351 351 350 350 350 350 350 349 349 349 349 348 348 348 348 347 347 347 346 346 346 346 345 345 345 345 344 344 344 344 343 343 343 342 342 342 342 341 341 341 341 340 340 340 339 339 339 339 338 338 338 337 337 407 406 406 406 406 405 405 405 404 404 404 404 403 403 403 402 402 402 401
356 356 356 355 355 355 355 355 354 354 354 354 353 353 353 353 353 352 352 352 352 351 351 351 351 350 350 350 350 350 349 349 349 349 348 348 348 347 347 347 347 346 346 346 346 345 345 345 345 344 344 344 343 343 343 343 342 342 342 342 341 341 341 340 340 340 340 339 339 339 338 338 338 338 337 407 407 406 406 406 405 405 405 405 404 404 404 403 403 403 402 402 402 402
