testData/tiles/oneDegree/grid14.0-24.0-15.0-25.0.asc
ncols   200
nrows   200
xllcorner   14.0
yllcorner   24.0
cellsize   0.005
NODATA_value   -9999.0
[rows 84 to 125 of 200, columns 0 to 93 of 200]
581 581 488 488 490 490 491 491 492 492 493 493 494 494 494 494 495 495 496 496 498 499 501 503 505 505 508 509 511 512 514 515 517 518 520 521 522 523 525 526 528 528 530 531 533 533 534 535 537 537 539 539 540 541 543 542 544 545 545 546 548 547 549 549 550 550 552 551 553 553 554 554 555 555 557 556 558 557 558 559 603 603 606 616 626 633 641 646 653 658 664 668 674 678
581 581 582 489 490 490 491 491 492 492 493 493 494 494 495 494 495 495 496 496 497 498 501 502 504 505 507 508 510 512 514 514 516 517 519 520 521 522 524 525 527 527 529 530 532 532 534 535 536 536 538 539 539 540 542 542 543 544 545 545 547 546 548 549 549 550 551 551 552 553 553 554 554 555 556 556 557 556 558 558 558 603 605 615 626 632 640 646 653 657 663 667 674 678
581 581 582 489 490 490 491 491 492 492 493 493 494 494 495 494 495 495 496 496 497 497 500 501 503 504 506 507 510 511 513 514 515 516 518 520 522 522 524 525 527 527 528 529 531 531 533 534 536 535 537 538 539 540 541 541 543 543 545 545 546 547 547 548 549 549 551 550 552 552 553 553 554 554 556 555 556 557 557 557 558 602 604 615 625 631 640 645 652 656 663 667 672 677
581 581 583 583 490 490 491 491 492 492 493 493 494 494 495 495 495 495 496 496 497 497 499 500 503 504 505 507 509 510 512 513 514 516 518 519 521 521 523 524 526 526 528 529 531 530 532 533 535 535 537 537 538 539 541 540 542 543 544 544 546 546 547 547 548 548 550 550 551 552 552 553 554 553 555 554 556 556 556 557 557 602 604 614 624 631 639 644 652 656 662 666 671 677
581 581 583 583 584 490 491 491 492 492 493 493 494 494 495 495 495 495 496 496 497 497 498 499 502 503 504 506 508 509 511 513 514 515 517 518 520 520 522 523 525 525 527 528 530 530 532 532 534 534 536 537 537 538 540 541 541 542 544 543 545 546 546 547 547 548 549 549 550 551 551 552 553 553 554 554 555 555 556 556 557 601 603 614 624 630 638 644 651 655 661 667 671 676
581 581 583 583 584 490 491 491 492 492 493 493 494 494 495 495 495 495 496 496 497 497 498 499 501 502 504 505 507 508 511 512 513 514 516 517 519 519 521 522 524 524 526 527 529 529 531 532 534 533 535 536 537 537 539 540 541 541 543 543 544 545 545 546 548 547 549 548 550 550 551 551 553 552 554 553 554 555 555 556 556 600 603 613 623 630 638 643 650 655 661 666 670 675
440 581 583 583 584 584 491 491 492 492 493 493 494 494 495 495 496 495 496 496 497 497 498 498 500 501 503 504 506 508 510 511 512 513 515 517 519 519 521 522 524 524 526 527 528 528 530 531 533 533 534 535 536 537 539 539 540 541 542 542 544 544 545 545 547 547 548 548 549 550 550 551 552 552 553 552 554 554 555 555 555 600 601 612 622 629 637 642 650 654 660 665 670 675
440 441 583 583 584 584 491 491 492 492 493 493 494 494 495 495 496 495 496 496 497 497 498 498 499 501 502 503 506 507 509 510 511 513 515 516 518 518 520 521 523 523 525 526 528 528 529 530 532 532 534 535 535 536 538 539 539 540 542 541 543 544 544 545 546 546 547 547 548 549 549 550 551 551 552 552 553 554 554 554 555 599 601 612 621 628 637 642 649 653 660 665 669 673
440 441 583 583 584 584 585 491 492 492 493 493 494 494 495 495 496 495 496 496 497 497 498 498 499 500 501 502 505 506 508 509 511 512 514 515 517 517 519 520 522 522 524 525 527 527 529 530 531 531 533 534 535 535 537 538 539 539 541 541 542 543 543 544 546 545 547 546 548 548 549 549 551 550 552 551 553 553 553 554 554 598 601 610 620 628 636 641 648 653 659 664 668 673
440 441 442 583 584 584 585 491 492 492 493 493 494 494 495 495 496 495 496 496 497 497 498 498 499 499 500 502 504 505 507 509 510 511 513 514 516 516 518 519 521 521 523 524 526 526 528 529 531 531 532 533 534 535 536 537 538 539 540 540 542 542 543 543 545 545 546 546 547 548 548 549 550 550 551 550 552 552 553 553 553 598 600 609 620 627 634 641 647 652 658 663 668 672
440 441 442 442 584 584 585 585 492 492 493 493 494 494 495 495 496 495 496 496 497 497 498 498 499 499 499 501 503 504 507 508 509 510 512 513 516 516 518 519 521 521 523 524 525 525 527 528 530 530 532 532 533 534 536 536 537 538 540 539 541 541 542 543 544 544 545 545 546 547 547 548 549 549 550 550 551 552 552 552 553 597 598 609 619 625 634 639 646 651 658 662 667 671
440 441 442 442 443 584 585 585 492 492 493 493 494 494 495 495 496 495 496 496 497 497 498 498 499 499 499 500 502 503 506 507 508 509 511 513 515 515 517 518 520 520 522 523 525 525 527 527 529 529 531 532 532 533 535 536 536 537 539 538 540 541 541 542 544 543 545 544 546 546 547 547 549 548 550 549 551 551 551 552 552 596 598 608 617 625 633 638 646 650 656 661 666 671
440 441 442 442 443 443 585 585 586 492 493 493 494 494 495 495 496 495 496 496 497 497 498 498 499 499 499 499 501 503 505 506 507 509 511 512 514 514 516 517 519 519 521 522 524 524 526 527 529 528 530 531 532 533 534 535 536 536 538 538 539 540 541 541 543 542 544 544 545 546 546 547 548 548 549 548 550 550 551 551 551 596 597 606 617 624 632 638 645 649 655 661 665 670
440 441 442 442 443 443 444 585 586 586 493 493 494 494 495 495 496 495 496 496 497 497 498 498 499 499 499 499 500 502 504 505 507 508 510 511 513 513 515 516 518 518 520 521 523 523 525 526 528 528 529 530 531 532 534 534 535 536 537 537 539 539 540 541 542 542 543 543 544 545 545 546 547 547 548 548 549 550 550 550 551 595 596 606 615 623 631 637 643 648 654 660 663 669
440 441 442 442 443 443 444 444 586 586 493 493 494 494 495 495 496 495 496 496 497 497 498 498 499 499 499 499 500 501 503 504 506 507 509 510 512 512 514 516 518 518 520 521 522 522 524 525 527 527 529 530 530 531 533 534 534 535 537 536 538 539 539 540 542 541 543 542 544 544 545 545 547 546 547 547 548 549 548 550 549 594 595 605 614 622 629 636 642 648 653 659 663 668
440 441 442 442 443 443 444 444 445 586 587 493 494 494 495 495 496 495 496 496 497 497 498 498 499 499 499 499 500 500 502 504 505 506 508 509 511 512 514 515 517 517 519 520 522 522 524 524 526 526 528 529 530 530 532 533 534 534 536 536 537 538 538 539 540 540 541 542 542 544 543 545 545 546 546 546 547 548 548 549 548 594 594 603 613 621 628 635 641 647 652 658 662 667
440 440 442 442 443 443 444 444 445 586 587 493 494 494 495 495 496 495 496 496 497 497 498 498 499 499 499 499 500 500 501 503 504 505 507 509 511 511 513 514 516 516 518 519 521 521 523 524 525 525 526 528 528 530 530 532 532 534 534 535 536 537 537 538 539 540 540 541 541 543 542 544 544 545 545 546 546 548 547 548 548 593 592 603 612 620 628 634 640 645 651 657 661 666
440 440 442 442 443 443 444 444 445 445 587 587 494 494 495 495 495 495 496 496 497 497 498 498 499 499 499 499 500 500 501 502 503 504 506 508 509 510 511 513 514 515 516 518 519 520 521 523 524 525 525 527 527 529 530 531 531 533 534 534 535 537 536 538 538 539 540 540 541 542 542 543 544 544 545 545 545 547 546 548 547 592 592 601 610 619 626 633 640 645 650 656 661 666
440 440 442 442 443 443 444 444 445 445 446 587 494 494 495 495 494 495 495 496 496 497 497 498 498 499 498 499 499 500 500 501 501 503 505 507 508 509 510 512 513 514 515 517 518 519 520 522 523 524 525 527 526 528 529 531 530 532 533 533 534 536 535 537 537 538 539 539 540 541 541 542 543 543 544 544 545 546 546 547 546 592 591 600 610 618 625 632 638 644 649 656 659 665
439 440 441 442 442 443 443 444 444 445 445 446 587 494 494 495 494 495 495 496 496 497 497 498 498 499 498 499 499 500 500 501 500 503 504 506 507 508 509 511 513 514 515 517 518 518 519 521 522 523 524 526 526 527 528 529 530 531 532 533 533 535 535 536 536 538 538 539 539 541 540 542 542 543 543 544 544 545 545 546 546 591 590 599 609 617 625 631 637 643 649 653 658 663
439 440 440 442 442 443 443 444 444 445 445 446 446 494 494 494 494 495 495 496 496 497 497 498 498 498 498 499 499 500 500 501 500 502 503 505 506 507 509 511 512 513 514 516 517 518 519 521 521 522 523 525 525 527 527 528 529 531 531 532 533 534 534 536 535 537 537 538 539 540 540 541 541 542 542 543 543 545 544 546 545 590 590 598 607 616 623 630 637 642 647 652 657 663
439 440 440 442 442 443 443 444 444 445 445 446 446 447 494 494 494 495 495 496 496 497 497 498 498 498 498 499 499 500 500 500 500 501 502 504 504 507 508 510 511 512 513 515 516 517 518 520 521 521 522 524 524 526 527 527 528 530 530 531 532 533 533 535 534 536 537 537 538 539 539 540 540 541 542 542 543 543 543 545 544 590 589 596 607 615 622 629 635 641 646 652 656 662
439 440 440 441 442 443 443 444 444 445 445 446 446 447 352 494 494 495 495 496 496 497 497 498 498 498 498 499 499 500 500 500 500 501 501 503 504 506 507 509 510 511 512 514 515 516 517 519 520 521 522 523 523 525 526 527 527 529 529 530 531 532 532 534 534 535 536 536 537 539 538 540 539 541 541 542 542 542 543 544 544 589 588 595 605 613 621 628 634 640 646 651 655 661
439 440 440 441 441 443 443 444 444 445 445 446 446 447 446 353 494 495 495 496 496 497 497 498 498 498 498 499 499 500 500 500 500 501 501 502 503 505 506 508 509 510 511 513 514 515 516 518 518 520 521 523 522 524 525 526 527 528 528 530 530 531 532 533 533 535 535 536 536 538 537 539 538 540 540 541 541 542 542 543 543 588 588 594 603 613 620 627 633 639 644 649 654 659
439 440 440 441 441 442 443 444 444 445 445 446 446 446 446 353 353 495 495 496 496 497 497 498 497 498 498 499 499 500 500 500 500 501 501 502 502 504 505 507 508 509 510 512 513 514 515 517 517 519 520 522 522 523 524 525 526 528 527 529 530 530 531 533 532 534 534 535 536 537 537 538 538 539 540 540 541 541 541 543 542 587 587 592 602 611 618 625 632 638 643 648 653 658
439 440 440 441 441 442 442 444 444 445 445 445 445 446 446 447 353 354 495 496 496 497 497 498 497 498 498 499 499 500 500 500 500 501 501 502 501 503 504 506 506 508 510 512 512 514 515 516 516 518 519 521 521 523 523 524 525 527 526 528 529 530 530 532 531 533 534 534 535 536 536 537 537 538 539 539 540 540 541 542 541 587 586 590 600 610 617 625 631 636 643 648 652 657
439 440 440 441 441 442 442 443 443 444 444 445 445 446 446 447 353 354 354 496 496 497 497 498 497 498 498 499 499 500 499 500 500 501 501 502 501 502 503 505 506 508 509 511 511 513 514 516 516 517 518 520 520 522 523 523 524 526 526 527 528 529 529 531 531 532 533 533 534 535 535 537 536 538 538 539 539 539 540 541 541 586 585 589 598 608 616 623 629 636 641 646 651 655
439 440 440 441 441 442 442 443 443 444 444 445 445 446 446 447 353 354 354 355 496 497 497 497 497 498 498 499 499 500 499 500 500 501 501 502 501 502 502 505 505 507 508 510 510 512 513 515 515 517 517 518 519 521 522 523 523 525 525 527 527 528 529 530 530 532 532 533 533 534 534 536 535 537 537 538 538 539 539 540 540 541 585 587 597 607 615 622 629 634 640 645 650 655
439 440 440 441 441 442 442 443 443 444 444 445 445 446 446 447 447 354 354 355 355 497 497 497 497 498 498 499 499 500 499 500 500 501 501 501 501 502 502 504 504 506 507 509 509 511 512 514 514 516 517 518 518 520 521 522 523 524 524 526 527 527 528 530 529 531 531 532 533 533 534 535 535 536 536 537 538 538 538 539 539 541 584 586 596 606 612 621 627 633 638 644 649 653
439 440 440 441 441 442 442 443 443 444 444 445 445 446 446 447 447 354 354 355 355 356 497 497 497 498 498 499 499 500 499 500 500 501 501 501 501 502 502 503 503 505 506 508 508 510 511 513 513 515 516 517 518 519 519 521 522 524 523 525 526 526 527 529 528 530 530 531 532 532 533 534 534 535 535 536 537 537 538 538 538 540 583 585 594 604 612 620 626 632 638 643 648 652
439 440 440 441 441 442 442 443 443 444 444 445 445 446 446 447 447 448 354 355 355 356 355 497 497 498 498 499 499 499 499 500 500 501 501 501 501 502 502 502 502 504 505 507 507 509 510 511 512 514 515 516 517 519 518 520 521 523 522 524 525 526 526 527 528 529 529 530 531 532 532 534 533 535 534 536 536 536 537 537 538 539 582 584 592 602 610 618 624 631 636 641 646 652
439 440 440 441 441 442 442 443 443 444 444 445 445 446 446 447 447 448 354 355 355 356 355 356 497 498 498 499 499 499 499 500 500 501 501 501 501 502 502 502 502 503 504 505 506 508 509 510 511 513 514 515 516 518 518 519 520 521 522 523 523 525 525 525 527 527 528 529 530 530 531 532 532 533 533 534 535 535 536 536 537 537 582 582 591 601 608 615 623 629 635 639 646 649
439 439 440 440 441 441 442 442 443 443 444 444 445 445 446 446 447 447 448 354 355 354 355 355 356 497 498 498 499 498 499 499 500 500 500 500 501 501 502 501 502 502 503 503 505 506 508 508 510 511 513 513 515 516 517 518 519 519 521 522 522 523 525 524 526 527 527 528 529 529 531 530 532 532 533 533 535 534 535 535 536 536 581 581 590 599 607 615 621 627 633 638 644 648
439 439 440 440 441 441 442 442 443 443 444 444 445 445 446 446 447 447 448 354 355 354 355 355 356 356 498 498 498 498 499 499 500 500 500 500 501 501 502 501 502 502 503 502 505 506 508 508 510 510 511 512 514 515 516 517 518 518 520 521 521 522 524 524 525 526 526 527 529 528 530 529 531 531 532 532 533 533 535 534 535 535 580 581 588 597 606 613 620 625 632 637 643 646
439 439 440 440 441 441 442 442 443 443 444 444 445 445 446 446 447 447 448 448 354 354 355 355 356 356 357 498 498 498 499 499 500 500 500 500 501 501 502 501 502 502 503 502 504 505 507 507 509 510 511 511 513 514 515 516 518 517 519 520 521 521 523 523 524 525 526 526 527 527 529 528 530 531 531 531 532 532 534 533 535 534 579 580 586 595 604 611 618 625 630 635 641 646
438 439 440 440 441 441 442 442 443 443 444 444 445 445 446 446 447 447 448 447 354 354 355 355 356 356 357 357 498 498 499 499 500 499 500 500 501 501 501 501 502 502 503 502 503 504 505 506 508 509 510 511 512 512 514 515 517 517 518 519 520 521 522 522 524 524 525 525 526 527 528 528 529 530 530 531 531 532 533 532 534 533 579 578 584 594 602 610 617 623 629 634 640 644
438 439 440 440 441 441 442 442 443 443 444 444 445 445 446 446 447 447 447 447 354 354 355 355 356 356 357 356 357 498 499 499 500 499 500 500 501 501 501 501 502 502 502 502 503 503 504 505 507 508 509 510 512 511 513 514 516 516 517 518 519 520 521 521 523 522 524 525 525 526 527 527 528 528 529 530 530 531 531 532 533 532 578 577 582 592 601 609 616 622 627 633 638 643
438 438 440 440 441 441 442 442 443 443 444 444 445 445 446 446 447 446 447 447 448 354 355 355 356 356 357 356 357 357 499 499 500 499 500 500 501 501 501 501 502 502 502 502 503 503 503 504 506 507 508 509 511 511 512 513 514 515 517 516 518 519 520 520 522 522 523 524 524 525 527 526 528 527 529 529 530 530 530 531 532 532 577 576 580 589 599 607 614 620 627 632 637 641
438 438 439 439 441 441 442 442 443 443 444 444 445 445 446 446 446 446 447 447 448 354 355 355 356 356 356 356 357 357 358 499 499 499 500 500 501 500 501 501 502 502 502 502 503 503 503 503 505 505 507 508 510 510 511 512 513 514 516 515 517 518 519 519 521 521 522 523 524 524 526 525 527 526 528 528 529 529 530 530 531 531 532 576 578 587 598 605 612 619 625 630 635 641
438 438 439 439 440 441 442 442 443 443 444 444 445 445 446 445 446 446 447 447 448 448 355 355 356 355 356 356 357 357 358 358 358 499 500 500 501 500 501 501 502 501 502 502 503 502 503 503 504 504 506 507 509 509 511 511 512 513 515 515 516 517 518 519 520 520 521 522 523 523 524 524 526 525 527 527 528 528 529 529 530 530 531 575 576 586 596 604 610 618 623 629 635 639
438 438 439 439 440 440 441 441 443 443 444 444 444 444 445 445 446 446 447 447 448 448 355 355 356 355 356 356 357 357 358 357 358 358 500 500 501 500 501 501 502 501 502 502 503 502 503 503 504 503 505 506 507 508 510 511 511 512 514 514 516 516 517 518 519 519 521 521 522 522 523 524 525 525 526 526 527 528 528 528 529 529 531 574 575 584 594 601 610 616 622 627 633 638
303 438 438 439 439 440 440 441 441 442 442 443 443 444 444 445 445 446 446 447 447 448 448 355 354 355 355 356 356 357 357 357 357 358 358 500 499 500 500 501 501 501 502 502 503 502 503 503 504 503 504 505 506 507 509 509 510 511 513 513 515 515 516 517 518 518 520 519 521 522 522 523 524 524 525 525 526 527 527 528 528 528 530 573 575 582 592 600 608 613 620 626 631 636
