testData/tiles/oneDegree/grid38.0-34.0-39.0-35.0.asc
ncols   200
nrows   200
xllcorner   38.0
yllcorner   34.0
cellsize   0.005
NODATA_value   -9999.0
[rows 0 to 41 of 200, columns 94 to 187 of 200]
711 712 711 713 712 713 713 714 714 714 714 714 715 716 715 716 715 716 715 716 716 717 717 717 717 717 718 719 718 719 717 719 718 719 719 719 720 720 720 720 720 722 721 722 721 722 721 723 723 723 723 723 723 714 714 714 714 715 714 716 716 717 717 718 718 718 720 720 721 721 722 722 723 724 725 725 726 726 727 727 728 729 729 730 730 731 731 732 732 734 734 734 735 735
711 712 712 713 713 713 714 714 714 715 714 716 715 715 714 716 716 716 716 716 717 717 717 718 717 719 718 718 717 718 719 719 719 719 719 720 720 721 720 721 720 722 721 722 722 722 723 723 723 723 723 713 714 714 714 714 714 714 715 715 716 716 717 717 718 719 720 720 721 721 722 722 723 724 724 725 725 726 726 728 728 729 729 729 730 730 731 732 733 733 734 734 734 735
712 712 713 712 713 712 714 714 714 714 714 714 714 714 715 715 716 715 716 717 717 717 717 717 718 717 718 717 718 718 719 718 719 719 720 720 720 720 720 720 721 721 722 721 722 722 723 722 713 713 713 714 714 714 714 714 714 715 716 715 716 716 716 717 718 719 719 720 720 721 721 723 723 724 724 725 725 725 727 727 728 728 729 729 730 730 731 732 732 733 733 734 734 735
712 712 713 713 713 714 714 713 713 714 715 714 715 714 716 715 716 716 717 717 717 717 716 717 718 717 718 717 719 718 719 719 719 720 720 720 720 720 721 721 722 721 722 721 723 713 713 713 712 713 713 714 713 714 714 714 715 715 715 715 715 716 716 718 718 719 719 719 720 721 722 722 723 723 724 724 725 726 727 727 727 728 728 729 729 731 731 732 732 732 733 733 734 735
712 713 712 712 712 713 713 713 713 714 714 714 714 716 715 716 715 716 716 717 716 716 717 717 717 717 717 719 718 719 718 719 718 720 720 720 720 720 721 721 721 722 711 713 712 713 712 713 712 714 714 714 714 714 714 715 715 715 715 715 715 715 717 717 718 718 719 719 721 721 722 722 722 723 723 724 725 726 726 727 727 728 728 729 730 730 731 731 732 732 733 733 734 735
711 712 711 712 713 713 713 713 714 715 714 715 715 716 715 716 716 716 716 716 716 716 717 718 717 718 717 719 718 719 719 719 720 720 720 720 720 721 721 712 711 712 711 712 712 712 713 712 714 713 714 713 714 713 715 715 715 715 715 715 715 716 717 717 717 718 718 720 720 721 721 722 722 723 724 725 725 725 726 726 727 727 729 729 730 730 730 731 731 732 733 734 734 734
712 711 712 712 713 712 713 714 714 714 714 714 716 715 715 714 716 715 716 716 716 717 717 717 717 717 718 718 719 718 719 719 720 719 720 720 711 711 711 711 711 711 713 712 713 712 713 713 714 713 714 714 714 715 714 715 714 715 715 715 716 716 716 717 717 718 719 720 720 720 721 721 722 723 724 724 725 725 726 726 726 728 728 729 729 730 730 731 731 732 733 733 734 734
712 711 713 713 713 713 713 714 714 714 715 714 715 714 715 714 716 716 716 716 717 717 717 717 718 718 719 718 719 718 720 720 710 710 710 711 711 711 711 711 711 712 712 712 712 712 713 714 713 714 713 714 714 715 715 715 715 715 715 715 716 715 716 716 717 718 719 719 720 720 721 721 722 723 723 724 724 725 725 726 727 728 728 728 729 729 730 730 732 732 732 733 733 734
711 712 712 713 712 713 714 713 713 713 714 714 714 715 714 716 715 716 715 717 717 717 717 717 718 718 718 719 718 710 709 710 709 710 709 711 711 711 711 711 712 712 712 713 712 713 713 714 713 713 713 714 715 714 715 714 715 714 716 716 716 716 716 716 717 718 718 719 719 720 720 722 722 723 723 724 724 724 725 726 727 727 728 728 729 729 729 731 731 732 732 733 733 733
711 713 713 713 712 713 713 713 713 714 714 715 714 715 715 716 716 716 716 717 717 717 717 718 718 719 708 709 708 710 709 710 710 709 711 710 711 710 711 712 712 712 712 712 712 713 713 713 714 713 714 714 715 714 715 715 714 716 715 716 715 716 715 717 717 718 718 719 719 719 721 721 722 722 723 723 724 725 726 726 726 727 727 728 728 730 730 730 731 731 732 732 733 733
712 711 712 711 712 712 713 713 713 714 714 714 714 715 716 715 716 715 717 716 717 717 707 708 708 708 708 708 710 709 710 709 710 710 711 711 711 711 712 712 712 712 712 712 713 713 713 713 713 713 714 714 714 715 714 715 715 716 715 716 716 715 717 716 717 717 718 718 719 720 721 721 721 722 722 723 724 725 725 726 726 726 727 727 729 729 730 730 731 731 731 732 732 734
712 711 712 712 713 713 713 713 714 714 715 714 715 715 716 715 716 717 707 707 707 707 708 708 709 708 709 709 709 709 709 709 710 711 710 711 710 711 711 712 712 712 712 713 713 713 713 713 713 715 714 714 714 714 714 715 716 715 716 715 716 716 717 716 717 717 717 718 719 720 720 721 721 722 722 723 724 724 725 725 726 726 727 728 728 729 729 730 730 731 731 731 733 733
711 712 711 713 712 713 713 713 714 714 714 714 715 716 705 706 705 707 706 707 707 708 708 708 708 708 709 709 709 710 709 711 710 711 710 711 711 712 712 712 712 711 713 712 713 713 713 713 714 714 714 714 714 714 716 715 716 715 715 715 716 716 716 717 716 717 717 719 719 719 720 720 721 721 723 723 724 724 724 725 725 726 727 728 728 729 729 729 730 730 732 732 732 733
711 712 712 713 713 713 713 714 714 715 704 706 705 706 705 706 706 707 707 707 707 708 708 707 708 708 709 709 709 709 709 710 711 710 711 710 712 711 712 711 712 713 713 713 713 713 713 714 713 714 714 714 714 715 715 715 715 715 715 716 716 716 716 716 716 716 718 718 719 719 720 720 720 722 722 723 723 724 724 725 725 726 727 727 728 728 729 729 729 731 731 732 732 733
712 711 713 712 713 712 704 704 704 704 704 705 705 705 706 706 707 706 707 706 708 708 708 708 708 709 709 709 710 709 711 710 711 710 711 711 711 712 711 712 711 713 712 713 712 713 714 714 714 714 714 714 715 714 715 715 715 715 715 716 716 716 716 716 717 717 717 718 718 719 719 720 721 722 722 722 723 723 724 724 726 726 726 727 727 728 728 729 730 730 731 731 732 732
712 712 703 703 703 703 704 704 704 704 706 705 706 705 706 706 706 707 706 708 707 708 707 708 708 709 709 709 709 710 710 710 710 711 710 712 711 712 711 712 712 713 713 712 713 712 714 713 714 713 714 714 715 715 715 715 715 715 715 716 716 716 716 716 717 717 717 718 718 718 719 720 721 721 722 722 723 723 723 725 725 726 726 727 727 727 728 729 730 730 731 731 731 732
701 703 702 703 702 704 704 704 704 704 705 705 705 705 706 707 706 707 706 708 707 708 708 708 709 709 709 709 709 711 710 710 710 710 711 711 711 711 712 712 713 712 713 712 713 713 714 714 714 714 713 715 714 715 714 715 715 716 716 716 716 715 716 716 717 717 717 717 718 718 720 720 720 721 721 722 722 723 724 724 725 725 726 726 727 727 728 729 729 730 730 731 731 731
702 703 702 703 703 704 704 704 704 705 705 705 705 706 706 706 706 706 708 707 708 707 708 708 709 709 709 709 710 710 710 710 710 711 712 711 712 711 713 712 712 712 712 713 713 714 713 714 713 714 714 715 715 715 715 714 716 715 716 715 716 716 716 717 717 717 716 717 717 719 719 720 720 720 721 721 722 723 724 724 725 725 725 726 726 728 728 728 729 729 730 730 731 732
703 702 703 702 704 703 704 704 705 705 705 705 705 706 707 706 707 707 708 707 708 707 709 709 709 709 708 710 709 710 710 710 711 711 711 711 711 711 712 713 712 713 712 714 713 713 713 713 714 714 715 714 715 714 715 715 716 716 715 716 715 716 716 717 716 717 717 716 717 718 719 719 720 720 721 721 722 723 723 724 724 725 725 725 727 727 728 728 729 729 729 730 731 732
703 702 703 704 703 704 703 704 704 705 705 705 706 706 706 706 706 707 707 708 707 708 708 709 708 709 709 710 710 710 710 710 711 711 711 711 711 712 712 712 712 712 712 713 714 713 714 713 715 714 714 714 714 715 714 716 715 716 715 716 715 716 717 716 717 716 717 716 718 718 718 719 719 720 720 722 722 723 723 723 724 724 725 726 726 727 727 728 728 729 729 730 731 731
702 703 702 704 703 704 703 705 705 705 705 705 706 706 706 707 707 708 707 708 707 708 708 708 709 708 710 709 710 709 710 711 711 711 711 711 712 712 712 712 713 712 713 713 713 713 713 713 714 715 714 715 714 715 715 715 715 715 716 715 717 716 717 716 716 716 716 717 717 718 718 719 719 719 721 721 722 722 723 723 723 724 725 726 726 727 727 727 728 728 730 730 730 731
702 702 703 703 704 703 704 704 705 704 705 706 706 706 706 706 707 707 707 707 709 708 709 708 709 709 710 710 710 710 710 711 710 711 710 711 712 712 712 712 712 713 713 713 713 714 713 714 714 714 714 714 714 715 716 715 716 715 715 716 716 716 716 716 716 717 717 717 717 717 718 718 719 720 720 721 721 722 722 723 723 724 725 725 726 726 727 727 727 729 729 730 730 730
703 702 704 703 704 703 705 705 705 705 705 706 706 706 706 707 708 707 707 707 708 708 708 709 708 710 709 710 709 710 710 711 711 711 711 712 712 711 712 711 712 713 713 713 713 713 714 714 714 714 714 714 715 715 715 715 715 715 715 716 716 716 716 716 716 717 717 717 717 717 717 718 719 720 720 721 721 721 722 722 724 724 725 725 725 726 726 727 728 728 729 729 730 730
702 703 703 703 703 704 704 705 704 705 705 706 706 706 706 707 707 707 707 708 708 709 708 709 709 710 709 709 710 710 711 710 711 710 712 711 712 712 712 712 713 713 712 713 712 713 714 714 714 714 714 714 715 715 715 714 715 715 716 716 716 716 716 716 716 717 717 717 717 717 717 718 719 719 720 720 721 721 721 723 723 724 724 725 725 725 726 727 728 728 728 729 729 731
702 704 703 704 703 705 704 705 705 706 706 706 706 705 707 706 707 707 707 708 708 708 708 708 710 709 710 709 710 710 711 710 711 711 711 712 711 712 711 713 712 713 713 713 713 714 714 713 714 713 714 714 715 715 715 715 715 716 715 716 715 716 716 716 717 717 717 716 717 716 717 718 719 719 719 720 720 721 722 723 723 723 724 724 725 725 726 727 727 728 728 728 730 730
703 703 703 703 705 704 705 704 705 705 706 705 706 707 707 707 707 707 708 708 709 708 708 709 709 709 709 709 710 711 710 711 710 712 711 712 711 712 712 712 713 712 713 712 714 713 714 713 714 714 714 715 714 715 714 715 715 716 716 716 716 715 716 716 717 716 717 716 716 717 717 718 718 719 719 719 720 721 722 722 723 723 723 724 724 726 726 726 727 727 728 729 729 730
703 703 704 703 705 704 705 704 705 706 705 706 705 707 706 707 706 707 708 708 708 708 709 709 709 710 709 711 710 710 710 710 710 711 712 711 712 711 713 712 713 712 713 712 713 714 713 714 713 715 714 715 714 714 715 714 716 715 716 715 716 715 716 716 716 717 716 717 716 718 717 717 718 718 719 719 720 721 721 722 722 723 723 723 725 725 726 726 726 727 728 729 729 730
703 703 703 704 704 705 704 705 705 706 705 706 706 707 707 707 707 708 708 707 708 708 709 709 709 709 709 710 710 710 711 710 712 711 711 711 711 712 712 712 712 713 712 714 713 714 713 713 713 714 715 714 715 714 715 715 715 715 715 716 715 717 716 717 716 716 716 716 717 717 718 717 717 718 718 720 720 721 721 721 722 722 723 724 724 725 725 726 726 727 728 728 730 731
703 704 703 704 704 704 704 705 705 705 706 705 707 706 707 706 707 707 708 708 708 709 709 709 709 709 710 710 710 710 710 711 711 711 711 711 711 713 712 712 712 712 713 713 713 713 714 713 715 714 714 714 714 714 715 716 715 716 715 715 715 716 716 716 716 716 716 717 717 717 717 717 717 717 718 719 720 720 721 721 721 722 723 724 724 724 725 725 727 727 727 729 730 731
703 703 703 704 704 704 705 705 706 705 706 706 707 706 706 707 707 708 707 708 707 709 708 709 709 709 710 710 710 710 710 710 711 711 711 711 712 712 712 712 712 712 714 713 713 713 713 713 714 714 714 715 714 714 715 715 715 715 715 715 716 716 716 716 716 716 716 717 717 716 717 716 717 717 719 719 719 720 720 721 721 721 723 723 724 724 724 726 726 727 728 729 730 730
702 703 704 704 704 704 705 705 705 705 705 707 706 707 706 707 707 708 707 708 709 708 709 708 709 709 710 709 710 710 711 711 711 711 711 711 711 712 712 712 712 713 713 713 713 713 713 714 714 714 714 714 714 715 715 715 714 715 715 716 716 716 716 715 716 715 717 716 717 717 716 717 716 718 718 719 719 719 720 720 721 722 722 723 723 724 725 725 726 728 729 729 729 731
703 703 704 704 704 704 705 706 705 705 706 706 706 706 706 707 708 707 708 707 709 708 709 708 709 710 710 710 709 710 710 711 710 711 711 712 712 712 712 711 712 712 713 713 713 713 714 714 714 714 713 714 714 715 715 715 715 715 715 715 716 715 716 715 716 717 716 717 716 717 716 717 717 717 718 718 719 719 719 720 721 722 722 722 723 724 725 725 727 728 728 729 730 730
703 703 704 704 704 704 705 705 705 705 706 706 707 706 707 707 708 707 707 708 708 709 708 709 709 710 709 710 709 711 711 710 711 710 711 711 712 711 712 712 713 713 713 713 712 713 713 714 713 714 714 714 715 714 715 714 715 714 716 715 715 716 715 716 715 717 716 716 716 716 716 716 718 717 717 718 718 719 719 720 721 721 722 722 723 724 724 727 727 727 728 729 730 730
703 704 704 704 703 705 704 705 705 705 706 706 706 706 707 707 707 708 707 709 708 709 708 708 709 709 710 709 710 710 711 710 711 710 712 712 711 712 711 713 712 713 712 713 712 714 714 713 714 713 714 714 715 714 714 715 714 716 715 716 715 716 715 715 716 716 716 716 717 716 716 717 717 717 717 717 718 718 720 720 720 721 721 723 723 723 725 726 727 727 728 729 729 730
703 704 703 704 704 705 705 705 705 706 706 706 706 706 707 707 707 707 708 708 708 708 709 709 710 709 710 709 710 710 710 711 710 712 711 712 711 712 711 712 712 712 713 712 713 713 714 713 714 713 713 715 714 715 714 715 714 715 715 715 715 715 716 716 716 716 716 716 716 716 717 716 717 716 717 717 717 718 719 720 720 720 722 722 723 724 725 726 726 728 728 728 729 730
704 703 704 703 705 704 705 704 705 706 706 706 706 707 707 707 707 707 709 708 708 708 708 709 709 709 709 710 710 711 710 711 710 711 711 711 711 711 713 712 713 712 712 712 713 713 713 714 713 714 714 714 714 714 714 714 715 715 716 715 715 715 715 716 716 715 716 715 716 716 717 717 716 717 716 717 717 718 719 719 720 721 721 722 723 725 725 725 727 727 728 728 729 730
704 703 704 703 705 705 705 705 705 706 705 706 705 707 707 707 707 708 708 708 708 708 709 710 709 709 709 710 710 710 710 710 711 711 712 711 711 711 712 712 712 712 712 713 713 713 713 713 713 714 714 714 714 714 714 714 715 715 715 715 715 714 716 715 716 716 716 716 715 717 716 717 716 716 716 716 718 718 718 719 720 721 721 722 724 724 725 726 726 727 727 729 729 730
703 704 703 705 704 705 704 705 705 706 706 706 707 707 707 706 707 707 708 708 708 708 709 709 709 709 709 710 710 710 710 710 711 711 711 711 711 712 712 712 712 712 712 713 713 713 713 713 712 714 714 714 714 714 714 714 715 714 715 714 715 716 715 716 715 716 715 716 716 716 716 716 717 716 716 716 717 718 718 719 720 720 722 722 723 724 725 726 726 726 728 728 730 730
703 704 703 705 704 704 705 705 706 705 706 705 707 706 707 707 707 708 708 708 707 709 708 709 709 709 710 710 710 710 710 710 711 710 711 711 711 712 712 712 712 712 712 713 712 713 713 713 714 714 714 713 714 713 715 714 715 715 714 715 714 716 715 716 715 715 715 715 717 716 716 716 716 716 716 716 717 717 719 719 719 721 721 723 723 724 725 725 726 727 727 729 729 731
703 703 704 704 705 704 705 705 706 705 706 706 706 707 706 707 707 708 707 708 708 709 709 709 709 708 710 709 710 709 710 711 711 711 711 711 711 712 711 712 711 712 713 713 713 712 713 712 714 713 714 713 713 714 714 715 714 715 714 714 715 715 715 715 716 715 715 716 716 716 716 715 716 715 717 716 716 718 718 719 720 720 722 722 724 724 724 725 726 727 727 728 730 730
703 703 704 704 704 704 704 706 705 706 705 707 706 707 706 707 708 707 708 707 708 708 709 708 709 708 710 710 709 710 709 711 710 711 710 711 711 712 712 711 712 711 713 712 713 712 713 713 713 714 713 714 713 715 714 714 714 714 714 714 716 715 715 715 715 715 715 715 716 715 716 716 715 716 716 717 717 717 718 719 720 720 721 723 723 724 724 725 726 726 728 729 729 730
703 703 704 705 704 705 705 705 705 705 705 706 707 706 707 707 708 707 708 707 709 708 708 709 708 710 709 710 709 710 710 711 711 710 711 710 712 711 712 711 712 712 712 713 712 713 712 714 713 713 713 713 713 714 714 714 714 714 714 715 715 715 715 714 715 714 716 716 715 716 715 716 715 716 716 717 717 717 717 719 719 721 722 722 723 723 725 725 725 727 728 728 729 730
