testData/tiles/oneDegree/grid30.0-0.0-31.0-1.0.asc
ncols   200
nrows   200
xllcorner   30.0
yllcorner   0.0
cellsize   0.005
NODATA_value   -9999.0
[rows 110 to 164 of 200, columns 0 to 95 of 200]
99 98 98 98 97 97 97 96 95 95 94 94 93 93 93 92 92 92 91 91 90 90 89 89 89 88 88 87 87 86 86 85 85 84 84 83 83 82 82 82 82 82 82 82 82 82 82 82 82 82 81 81 81 81 81 81 81 81 81 81 81 81 81 81 81 81 81 81 81 81 81 81 81 81 81 81 81 81 80 80 80 80 80 80 80 80 18 18 18 18 18 18 18 18 18 18
99 98 98 98 97 96 96 95 95 95 94 94 93 93 93 92 92 92 91 91 90 90 89 89 89 88 88 87 87 86 86 85 85 84 84 83 83 82 82 82 82 82 82 82 82 82 82 82 81 81 81 81 81 81 81 81 81 81 81 81 81 81 81 81 81 81 81 81 81 81 81 81 81 81 81 81 81 80 80 80 80 80 80 80 80 80 18 18 18 18 18 18 18 18 18 18
99 97 97 97 96 96 96 95 95 95 94 94 94 93 93 92 92 92 91 91 90 90 89 89 89 88 88 87 87 86 86 85 85 84 84 83 83 82 82 82 82 82 82 82 82 82 82 81 81 81 81 81 81 81 81 81 81 81 81 81 81 81 81 81 81 81 81 81 81 81 81 81 81 81 81 81 80 80 80 80 80 80 80 80 80 80 18 18 18 18 18 18 18 18 18 18
98 97 97 97 96 96 96 95 95 95 94 94 94 93 93 92 92 92 91 91 90 90 89 89 89 88 88 87 87 86 86 85 85 84 84 83 83 82 82 82 82 82 82 82 82 81 81 81 81 81 81 81 81 81 81 81 81 81 81 81 81 81 81 81 81 81 81 81 81 81 81 81 81 81 81 80 80 80 80 80 80 80 80 80 80 80 18 18 18 18 18 18 18 18 18 18
98 97 97 97 96 96 96 95 95 95 94 94 94 93 93 92 92 92 91 91 90 90 89 89 89 88 88 87 87 86 86 85 85 84 84 83 83 82 82 82 82 82 82 82 81 81 81 81 81 81 81 81 81 81 81 81 81 81 81 81 81 81 81 81 81 81 81 81 81 81 81 81 81 81 80 80 80 80 80 80 80 80 80 80 80 80 18 18 18 18 18 18 18 18 18 18
98 97 97 97 96 96 96 95 95 95 94 94 94 93 93 92 92 92 91 91 90 90 89 89 89 88 88 87 87 86 86 85 85 84 84 83 83 82 82 82 82 82 81 81 81 81 81 81 81 81 81 81 81 81 81 81 81 81 81 81 81 81 81 81 81 81 81 81 81 81 81 81 81 80 80 80 80 80 80 80 80 80 80 80 80 80 18 18 18 18 18 18 18 18 18 18
98 97 97 97 96 96 96 95 95 95 94 94 94 93 93 92 92 92 91 91 90 90 89 89 89 88 88 87 87 86 86 85 85 84 84 83 83 82 82 82 81 81 81 81 81 81 81 81 81 81 81 81 81 81 81 81 81 81 81 81 81 81 81 81 81 81 81 81 81 81 81 81 80 80 80 80 80 80 80 80 80 80 80 80 80 80 18 18 18 18 18 18 18 18 18 18
98 97 97 97 96 96 96 95 95 95 94 94 94 93 93 92 92 92 91 91 90 90 89 89 89 88 88 87 87 86 86 85 85 84 84 83 83 82 81 81 81 81 81 81 81 81 81 81 81 81 81 81 81 81 81 81 81 81 81 81 81 81 81 81 81 81 81 81 81 81 80 80 80 80 80 80 80 80 80 80 80 80 80 80 80 80 18 18 18 18 18 18 18 18 18 18
98 97 97 97 96 96 96 95 95 95 94 94 94 93 93 92 92 92 91 91 90 90 89 89 89 88 88 87 87 86 86 85 85 84 84 83 83 81 81 81 81 81 81 81 81 81 81 81 81 81 81 81 81 81 81 81 81 81 81 81 81 81 81 81 81 81 81 81 81 80 80 80 80 80 80 80 80 80 80 80 80 80 80 80 80 80 18 18 18 18 18 18 18 18 18 18
98 97 97 97 96 96 96 95 95 95 94 94 94 93 93 92 92 92 91 91 90 90 89 89 89 88 88 87 87 86 86 85 85 84 84 82 82 81 81 81 81 81 81 81 81 81 81 81 81 81 81 81 81 81 81 81 81 81 81 81 81 81 81 81 81 81 81 81 80 80 80 80 80 80 80 80 80 80 80 80 80 80 80 80 80 80 18 18 18 18 18 18 18 18 18 17
98 97 97 97 96 96 96 95 95 95 94 94 94 93 93 92 92 92 91 91 90 90 89 89 89 88 88 87 87 86 86 85 85 83 83 82 82 81 81 81 81 81 81 81 81 81 81 81 81 81 81 81 81 81 81 81 81 81 81 81 81 81 81 81 81 81 81 80 80 80 80 80 80 80 80 80 80 80 80 80 80 80 80 80 80 80 18 18 18 18 18 18 18 18 17 17
98 97 97 97 96 96 96 95 95 95 94 94 93 93 93 92 92 92 91 91 90 90 89 89 89 88 88 87 87 86 85 84 84 83 83 82 82 81 81 81 81 81 81 81 81 81 81 81 81 81 81 81 81 81 81 81 81 81 81 81 81 81 81 81 81 80 80 80 80 80 80 80 80 80 80 80 80 80 80 80 80 80 80 80 80 80 18 18 18 18 18 18 18 17 17 17
98 97 97 97 96 96 96 95 95 95 94 94 93 93 93 92 92 92 91 91 90 90 89 89 89 88 88 87 86 85 85 84 84 83 83 82 82 81 81 81 81 81 81 81 81 81 81 81 81 81 81 81 81 81 81 81 81 81 81 81 81 81 81 81 80 80 80 80 80 80 80 80 80 80 80 80 80 80 80 80 80 80 80 80 80 80 18 18 18 18 18 18 17 17 17 17
98 97 97 97 96 96 96 95 95 95 94 94 93 93 93 92 92 92 91 91 90 90 89 89 89 88 87 86 86 85 85 84 84 83 83 82 82 81 81 81 81 81 81 81 81 81 81 81 81 81 81 81 81 81 81 81 81 81 81 81 81 81 81 80 80 80 80 80 80 80 80 80 80 80 80 80 80 80 80 80 80 80 80 80 80 80 18 18 18 18 18 17 17 17 17 17
98 97 97 97 96 96 96 95 95 95 94 94 93 93 93 92 92 92 91 91 90 90 89 88 88 87 87 86 86 85 85 84 84 83 83 82 82 81 81 81 81 81 81 81 81 81 81 81 81 81 81 81 81 81 81 81 81 81 81 81 81 80 80 80 80 80 80 80 80 80 80 80 80 80 80 80 80 80 80 80 80 80 80 80 80 80 18 18 18 18 17 17 17 17 17 17
98 97 97 97 96 96 96 95 95 95 94 94 93 93 93 92 92 92 91 91 90 89 88 88 88 87 87 86 86 85 85 84 84 83 83 82 82 81 81 81 81 81 81 81 81 81 81 81 81 81 81 81 81 81 81 81 81 81 81 81 80 80 80 80 80 80 80 80 80 80 80 80 80 80 80 80 80 80 80 80 80 80 80 80 80 80 18 18 18 17 17 17 17 17 17 17
98 97 97 97 96 96 96 95 95 95 94 94 93 93 93 92 92 92 90 90 89 89 88 88 88 87 87 86 86 85 85 84 84 83 83 82 82 81 81 81 81 81 81 81 81 81 81 81 81 81 81 81 81 81 81 81 81 81 80 80 80 80 80 80 80 80 80 80 80 80 80 80 80 80 80 80 80 80 80 80 80 80 80 80 80 80 18 17 17 17 17 17 17 17 17 17
98 97 97 97 96 96 96 95 95 95 94 94 93 93 93 91 91 90 90 90 89 89 88 88 87 87 87 86 86 85 85 84 84 83 83 82 82 81 81 81 81 81 81 81 81 81 81 81 81 81 81 81 81 81 81 81 81 80 80 80 80 80 80 80 80 80 80 80 80 80 80 80 80 80 80 80 80 80 80 80 80 80 80 80 80 80 17 17 17 17 17 17 17 17 17 17
98 97 97 97 96 96 96 95 95 95 94 93 92 92 92 91 91 90 90 90 89 89 88 88 87 87 87 86 86 85 85 84 84 83 83 82 82 81 81 81 81 81 81 81 81 81 81 81 81 81 81 81 81 81 81 80 80 80 80 80 80 80 80 80 80 80 80 80 80 80 80 80 80 80 80 80 80 80 80 80 80 80 80 80 80 79 17 17 17 17 17 17 17 17 17 17
98 97 97 97 96 96 96 95 94 94 93 93 92 92 92 91 91 90 90 90 89 89 88 88 87 87 87 86 86 85 85 84 84 83 83 82 82 81 81 81 81 81 81 81 81 81 81 81 81 81 81 81 81 81 80 80 80 80 80 80 80 80 80 80 80 80 80 80 80 80 80 80 80 80 80 80 80 80 80 80 80 80 80 80 79 79 17 17 17 17 17 17 17 17 17 17
98 97 97 96 95 95 95 94 94 94 93 93 92 92 92 91 91 90 90 90 89 89 88 88 87 87 87 86 86 85 85 84 84 83 83 82 82 81 81 81 81 81 81 81 81 81 81 81 81 81 81 81 80 80 80 80 80 80 80 80 80 80 80 80 80 80 80 80 80 80 80 80 80 80 80 80 80 80 80 80 80 80 80 79 79 79 17 17 17 17 17 17 17 17 17 17
97 96 96 96 95 95 95 94 94 94 93 93 92 92 92 91 91 90 90 90 89 89 88 88 87 87 87 86 86 85 85 84 84 83 83 82 82 81 81 81 81 81 81 81 81 81 81 81 81 81 80 80 80 80 80 80 80 80 80 80 80 80 80 80 80 80 80 80 80 80 80 80 80 80 80 80 80 80 80 80 80 80 79 79 79 79 17 17 17 17 17 17 17 17 17 17
97 96 96 96 95 95 95 94 94 94 93 93 92 92 92 91 91 90 90 90 89 89 88 88 87 87 87 86 86 85 85 84 84 83 83 82 82 81 81 81 81 81 81 81 81 81 81 81 81 80 80 80 80 80 80 80 80 80 80 80 80 80 80 80 80 80 80 80 80 80 80 80 80 80 80 80 80 80 80 80 80 79 79 79 79 79 17 17 17 17 17 17 17 17 17 17
97 96 96 96 95 95 95 94 94 94 93 93 92 92 92 91 91 90 90 90 89 89 88 88 87 87 87 86 86 85 85 84 84 83 83 82 82 81 81 81 81 81 81 81 81 81 81 80 80 80 80 80 80 80 80 80 80 80 80 80 80 80 80 80 80 80 80 80 80 80 80 80 80 80 80 80 80 80 80 79 79 79 79 79 79 79 17 17 17 17 17 17 17 17 17 17
97 96 96 96 95 95 95 94 94 94 93 93 92 92 92 91 91 90 90 90 89 89 88 88 87 87 87 86 86 85 85 84 84 83 83 82 82 81 81 81 81 81 81 81 81 80 80 80 80 80 80 80 80 80 80 80 80 80 80 80 80 80 80 80 80 80 80 80 80 80 80 80 80 80 80 80 80 80 79 79 79 79 79 79 79 79 17 17 17 17 17 17 17 17 17 17
97 96 96 96 95 95 95 94 94 94 93 93 92 92 92 91 91 90 90 90 89 89 88 88 87 87 87 86 86 85 85 84 84 83 83 82 82 81 81 81 81 81 81 80 80 80 80 80 80 80 80 80 80 80 80 80 80 80 80 80 80 80 80 80 80 80 80 80 80 80 80 80 80 80 80 80 80 79 79 79 79 79 79 79 79 79 17 17 17 17 17 17 17 17 17 17
97 96 96 96 95 95 95 94 94 94 93 93 92 92 92 91 91 90 90 90 89 89 88 88 87 87 86 86 86 85 85 84 84 83 83 82 81 81 81 81 81 80 80 80 80 80 80 80 80 80 80 80 80 80 80 80 80 80 80 80 80 80 80 80 80 80 80 80 80 80 80 80 80 80 80 79 79 79 79 79 79 79 79 79 79 79 17 17 17 17 17 17 17 17 17 17
97 96 96 96 95 95 95 94 94 94 93 93 92 92 92 91 91 90 90 90 89 89 88 88 87 87 86 86 86 85 85 84 84 83 83 82 81 81 81 80 80 80 80 80 80 80 80 80 80 80 80 80 80 80 80 80 80 80 80 80 80 80 80 80 80 80 80 80 80 80 80 80 80 80 79 79 79 79 79 79 79 79 79 79 79 79 17 17 17 17 17 17 17 17 17 17
97 96 96 96 95 95 95 94 94 93 93 93 92 92 92 91 91 90 90 90 89 89 88 88 87 87 86 86 86 85 85 84 84 83 83 82 81 80 80 80 80 80 80 80 80 80 80 80 80 80 80 80 80 80 80 80 80 80 80 80 80 80 80 80 80 80 80 80 80 80 80 80 80 79 79 79 79 79 79 79 79 79 79 79 79 79 17 17 17 17 17 17 17 17 17 17
97 96 96 96 95 95 95 94 94 93 93 93 92 92 92 91 91 90 90 90 89 89 88 88 87 87 86 86 86 85 85 84 84 83 82 81 80 80 80 80 80 80 80 80 80 80 80 80 80 80 80 80 80 80 80 80 80 80 80 80 80 80 80 80 80 80 80 80 80 80 80 79 79 79 79 79 79 79 79 79 79 79 79 79 79 79 17 17 17 17 17 17 17 17 17 17
97 96 96 96 95 95 95 94 94 93 93 93 92 92 92 91 91 90 90 90 89 89 88 88 87 87 86 86 86 85 85 84 83 82 82 81 80 80 80 80 80 80 80 80 80 80 80 80 80 80 80 80 80 80 80 80 80 80 80 80 80 80 80 80 80 80 80 80 80 80 79 79 79 79 79 79 79 79 79 79 79 79 79 79 79 79 17 17 17 17 17 17 17 17 17 17
97 96 96 96 95 95 95 94 94 93 93 93 92 92 92 91 91 90 90 90 89 89 88 88 87 87 86 86 85 85 84 83 83 82 81 81 80 80 80 80 80 80 80 80 80 80 80 80 80 80 80 80 80 80 80 80 80 80 80 80 80 80 80 80 80 80 80 80 79 79 79 79 79 79 79 79 79 79 79 79 79 79 79 79 79 79 17 17 17 17 17 17 17 17 17 17
93 92 92 96 95 95 95 94 94 93 93 93 92 92 92 91 91 90 90 90 89 89 88 88 87 87 86 85 84 84 83 83 82 82 81 81 80 80 80 80 80 80 80 80 80 80 80 80 80 80 80 80 80 80 80 80 80 80 80 80 80 80 80 80 80 80 80 79 79 79 79 79 79 79 79 79 79 79 79 79 79 79 79 79 79 79 17 17 17 17 17 17 17 17 17 17
93 92 92 92 91 91 91 90 90 89 89 89 88 88 88 87 87 86 86 85 85 89 88 88 86 86 85 85 84 84 83 83 82 82 81 81 80 80 80 80 80 80 80 80 80 80 80 80 80 80 80 80 80 80 80 80 80 80 80 80 80 80 80 80 80 79 79 79 79 79 79 79 79 79 79 79 79 79 79 79 79 79 79 79 79 79 17 17 17 17 17 17 17 17 17 17
93 92 92 92 91 91 90 90 90 89 89 89 88 88 88 87 87 86 86 85 85 84 83 83 82 82 81 81 80 80 79 79 78 78 77 77 76 76 76 76 76 76 76 76 76 76 76 76 76 76 76 76 76 76 76 76 76 76 76 76 76 76 76 76 75 75 75 75 75 75 75 75 75 75 75 75 75 75 75 75 75 75 75 75 75 75 13 13 13 13 13 13 13 13 12 12
93 92 92 92 91 91 90 90 90 89 89 89 88 88 87 87 87 86 85 84 84 84 83 83 82 82 81 81 80 80 79 79 78 78 77 77 76 76 76 76 76 76 76 76 76 76 76 76 76 76 76 76 76 76 76 76 76 76 76 76 76 76 75 75 75 75 75 75 75 75 75 75 75 75 75 75 75 75 75 75 75 75 75 75 75 75 13 13 13 13 13 13 13 12 12 12
92 92 92 91 91 91 90 90 90 89 89 89 88 88 86 86 86 85 85 84 84 84 83 83 82 82 81 81 80 80 79 79 78 78 77 77 76 76 76 76 76 76 76 76 76 76 76 76 76 76 76 76 76 76 76 76 76 76 76 76 76 75 75 75 75 75 75 75 75 75 75 75 75 75 75 75 75 75 75 75 75 75 75 75 75 75 13 13 13 13 13 13 12 12 12 12
92 92 92 91 91 91 90 90 90 89 88 88 87 87 86 86 86 85 85 84 84 84 83 83 82 82 81 81 80 80 79 79 78 78 77 77 76 76 76 76 76 76 76 76 76 76 76 76 76 76 76 76 76 76 76 76 76 76 76 75 75 75 75 75 75 75 75 75 75 75 75 75 75 75 75 75 75 75 75 75 75 75 75 75 75 75 13 13 13 13 13 12 12 12 12 12
92 92 92 91 91 90 89 89 89 88 88 88 87 87 86 86 86 85 85 84 84 84 83 83 82 82 81 81 80 80 79 79 78 78 77 77 76 76 76 76 76 76 76 76 76 76 76 76 76 76 76 76 76 76 76 76 76 75 75 75 75 75 75 75 75 75 75 75 75 75 75 75 75 75 75 75 75 75 75 75 75 75 75 75 75 75 13 13 13 13 12 12 12 12 12 12
91 91 91 90 90 90 89 89 89 88 88 88 87 87 86 86 86 85 85 84 84 84 83 83 82 82 81 81 80 80 79 79 78 78 77 77 76 76 76 76 76 76 76 76 76 76 76 76 76 76 76 76 76 76 76 75 75 75 75 75 75 75 75 75 75 75 75 75 75 75 75 75 75 75 75 75 75 75 75 75 75 75 75 75 75 75 13 13 12 12 12 12 12 12 12 12
91 91 91 90 90 90 89 89 89 88 88 88 87 87 86 86 86 85 85 84 84 84 83 83 82 82 81 81 80 80 79 79 78 78 77 77 76 76 76 76 76 76 76 76 76 76 76 76 76 76 76 76 76 75 75 75 75 75 75 75 75 75 75 75 75 75 75 75 75 75 75 75 75 75 75 75 75 75 75 75 75 75 75 75 75 75 13 12 12 12 12 12 12 12 12 12
91 91 91 90 90 90 89 89 89 88 88 88 87 87 86 86 86 85 85 84 84 83 83 83 82 82 81 81 80 80 79 79 78 78 77 77 76 76 76 76 76 76 76 76 76 76 76 76 76 76 76 75 75 75 75 75 75 75 75 75 75 75 75 75 75 75 75 75 75 75 75 75 75 75 75 75 75 75 75 75 75 75 75 75 75 75 12 12 12 12 12 12 12 12 12 12
91 91 91 90 90 90 89 89 89 88 88 88 87 87 86 86 86 85 85 84 84 83 83 83 82 82 81 81 80 80 79 79 78 78 77 77 76 76 76 76 76 76 76 76 76 76 76 76 76 75 75 75 75 75 75 75 75 75 75 75 75 75 75 75 75 75 75 75 75 75 75 75 75 75 75 75 75 75 75 75 75 75 75 75 74 74 12 12 12 12 12 12 12 12 12 12
91 91 91 90 90 90 89 89 89 88 88 88 87 87 86 86 86 85 85 84 84 83 83 83 82 82 81 81 80 80 79 79 78 78 77 77 76 76 76 76 76 76 76 76 76 76 76 75 75 75 75 75 75 75 75 75 75 75 75 75 75 75 75 75 75 75 75 75 75 75 75 75 75 75 75 75 75 75 75 75 75 75 75 74 74 74 12 12 12 12 12 12 12 12 12 12
91 91 91 90 90 90 89 89 89 88 88 87 87 87 86 86 86 85 85 84 84 83 83 83 82 82 81 81 80 80 79 79 78 78 77 77 76 76 76 76 76 76 76 76 76 75 75 75 75 75 75 75 75 75 75 75 75 75 75 75 75 75 75 75 75 75 75 75 75 75 75 75 75 75 75 75 75 75 75 75 75 74 74 74 74 74 12 12 12 12 12 12 12 12 12 12
91 91 91 90 90 90 89 89 89 88 88 87 87 87 86 86 86 85 85 84 84 83 83 83 82 82 81 81 80 80 79 79 78 78 77 77 76 76 76 76 76 76 76 75 75 75 75 75 75 75 75 75 75 75 75 75 75 75 75 75 75 75 75 75 75 75 75 75 75 75 75 75 75 75 75 75 75 75 75 75 74 74 74 74 74 74 12 12 12 12 12 12 12 12 12 12
91 91 91 90 90 90 89 89 89 88 88 87 87 87 86 86 85 85 85 84 84 83 83 83 82 82 81 81 80 80 79 79 78 78 77 77 76 76 76 76 76 75 75 75 75 75 75 75 75 75 75 75 75 75 75 75 75 75 75 75 75 75 75 75 75 75 75 75 75 75 75 75 75 75 75 75 75 75 75 74 74 74 74 74 74 74 12 12 12 12 12 12 12 12 12 12
91 91 91 90 90 90 89 89 89 88 88 87 87 87 86 86 85 85 85 84 84 83 83 82 82 82 81 81 80 80 79 79 78 78 77 77 76 76 75 75 75 75 75 75 75 75 75 75 75 75 75 75 75 75 75 75 75 75 75 75 75 75 75 75 75 75 75 75 75 75 75 75 75 75 75 75 75 74 74 74 74 74 74 74 74 74 12 12 12 12 12 12 12 12 12 12
91 91 91 90 90 90 89 89 89 88 88 87 87 87 86 86 85 85 85 84 84 83 83 82 82 82 81 81 80 80 79 79 78 78 77 77 75 75 75 75 75 75 75 75 75 75 75 75 75 75 75 75 75 75 75 75 75 75 75 75 75 75 75 75 75 75 75 75 75 75 75 75 75 75 75 75 74 74 74 74 74 74 74 74 74 74 12 12 12 12 12 12 12 12 12 12
91 91 91 90 90 90 89 89 88 88 88 87 87 87 86 86 85 85 85 84 84 83 83 82 82 82 81 81 80 80 79 79 78 77 76 76 75 75 75 75 75 75 75 75 75 75 75 75 75 75 75 75 75 75 75 75 75 75 75 75 75 75 75 75 75 75 75 75 75 75 75 75 75 75 74 74 74 74 74 74 74 74 74 74 74 74 12 12 12 12 12 12 12 12 12 12
91 91 91 90 90 90 89 89 88 88 88 87 87 87 86 86 85 85 85 84 84 83 83 82 82 81 81 81 80 80 78 78 77 77 76 76 75 75 75 75 75 75 75 75 75 75 75 75 75 75 75 75 75 75 75 75 75 75 75 75 75 75 75 75 75 75 75 75 75 75 75 75 74 74 74 74 74 74 74 74 74 74 74 74 74 74 12 12 12 12 12 12 12 12 12 12
91 91 91 90 90 90 89 89 88 88 88 87 87 87 86 86 85 85 85 84 84 83 83 82 82 81 81 80 79 79 78 78 77 77 76 76 75 75 75 75 75 75 75 75 75 75 75 75 75 75 75 75 75 75 75 75 75 75 75 75 75 75 75 75 75 75 75 75 75 75 75 74 74 74 74 74 74 74 74 74 74 74 74 74 74 74 12 12 12 12 12 12 12 12 12 12
91 91 91 90 90 89 89 89 88 88 88 87 87 87 86 86 85 85 85 84 84 83 83 82 81 80 80 80 79 79 78 78 77 77 76 75 75 75 75 75 75 75 75 75 75 75 75 75 75 75 75 75 75 75 75 75 75 75 75 75 75 75 75 75 75 75 75 75 75 74 74 74 74 74 74 74 74 74 74 74 74 74 74 74 74 74 12 12 12 12 12 12 12 12 12 12
91 91 90 90 90 89 89 89 88 88 88 87 87 87 86 86 85 85 84 84 84 82 82 81 81 80 80 79 79 79 78 78 77 76 76 75 75 75 75 75 75 75 75 75 75 75 75 75 75 75 75 75 75 75 75 75 75 75 75 75 75 75 75 75 75 75 75 74 74 74 74 74 74 74 74 74 74 74 74 74 74 74 74 74 74 74 12 12 12 12 12 12 12 12 12 12
91 91 90 90 90 89 89 89 88 88 88 87 87 86 86 86 85 84 83 83 83 82 82 81 81 80 80 79 79 78 78 77 77 76 76 75 75 75 75 75 75 75 75 75 75 75 75 75 75 75 75 75 75 75 75 75 75 75 75 75 75 75 75 75 75 75 74 74 74 74 74 74 74 74 74 74 74 74 74 74 74 74 74 74 74 12 12 12 12 12 12 12 12 12 12 12
