testData/tiles/oneDegree/grid39.0-1.0-40.0-2.0.asc
ncols   200
nrows   200
xllcorner   39.0
yllcorner   1.0
cellsize   0.005
NODATA_value   -9999.0
[rows 126 to 167 of 200, columns 0 to 93 of 200]
234 233 233 232 231 231 230 230 228 228 227 227 226 225 349 348 348 346 357 356 356 357 358 359 360 361 360 361 361 361 360 361 361 360 360 360 359 359 359 359 358 357 357 356 356 353 353 353 351 351 349 349 346 346 344 343 341 340 338 335 334 331 328 325 320 314 308 309 308 308 309 308 308 309 308 308 308 308 308 308 308 308 308 307 308 308 307 307 307 307 307 307 306 307
234 233 233 232 231 231 230 230 228 228 227 227 225 225 349 348 348 346 357 356 357 357 358 360 360 360 361 361 361 360 361 361 361 360 360 360 360 359 359 359 357 357 357 356 355 355 353 353 351 351 349 348 347 346 345 343 341 340 337 336 334 330 328 325 322 314 308 309 308 308 309 308 308 309 308 308 308 308 308 308 308 308 308 307 308 308 307 307 307 307 307 306 306 307
234 234 232 232 231 231 230 229 228 228 227 227 225 225 349 349 347 346 357 356 356 357 358 360 359 360 361 361 360 360 361 361 360 360 360 361 359 359 359 359 357 357 357 355 355 355 354 352 351 351 350 348 347 346 344 343 341 340 338 336 334 331 329 325 321 315 308 308 308 308 308 308 308 308 308 308 308 308 308 307 308 308 307 307 308 307 307 307 307 307 307 306 306 306
234 234 232 232 231 231 229 229 228 228 227 226 225 225 224 348 347 347 357 355 356 358 358 360 359 360 361 361 360 361 361 361 360 360 361 360 359 359 359 358 357 357 357 355 355 355 354 353 351 351 349 348 347 345 344 343 342 340 338 337 333 331 329 325 322 316 308 308 308 308 308 308 308 308 308 308 308 308 308 307 308 308 307 307 308 307 307 306 307 307 306 306 306 306
234 233 232 232 231 231 229 229 228 228 226 226 225 225 224 348 347 347 357 355 357 358 359 359 359 361 361 360 360 361 361 360 360 361 361 360 360 359 359 358 357 357 356 355 355 355 353 353 352 350 349 349 347 346 344 344 341 340 338 337 334 331 329 325 322 317 307 308 308 307 308 308 307 308 308 307 308 308 307 307 308 307 307 307 307 307 307 306 307 307 306 306 305 306
233 233 232 232 231 230 230 229 229 227 227 226 226 225 223 348 347 347 356 356 357 358 358 359 359 361 360 360 361 361 360 360 360 361 360 360 360 359 358 358 357 357 356 355 355 354 353 353 352 350 349 349 346 346 344 344 341 340 338 336 334 331 329 326 323 317 307 308 308 307 308 308 307 308 308 307 308 308 307 307 308 307 307 307 307 307 306 306 307 306 306 306 305 306
233 233 232 232 231 230 230 229 229 227 227 226 226 224 224 348 347 346 356 356 357 358 358 359 359 361 360 360 361 361 360 360 361 361 360 360 360 358 358 358 358 357 357 355 355 354 353 353 351 351 349 349 346 346 344 343 341 340 338 336 334 332 329 326 323 317 307 308 307 307 308 307 307 308 307 307 308 307 307 307 307 307 307 306 307 307 306 306 307 306 306 305 305 306
233 233 233 232 231 230 230 229 228 227 227 226 226 224 224 223 348 346 356 356 357 357 358 359 360 360 360 360 361 360 360 360 361 360 360 360 360 358 359 359 357 357 357 356 355 354 353 353 351 351 349 348 347 346 345 343 341 341 338 337 334 331 329 326 323 318 307 308 307 307 308 307 307 308 307 307 308 307 307 307 307 307 306 306 307 306 306 306 306 306 306 305 305 305
233 233 233 231 231 230 230 228 228 227 227 226 225 224 224 223 347 346 356 356 356 358 358 359 360 360 360 361 360 360 360 361 360 360 360 360 359 359 359 359 357 357 357 356 355 355 353 352 351 351 350 348 347 346 344 343 342 340 338 337 335 331 330 327 323 318 313 307 307 307 307 307 307 307 307 307 307 307 307 306 307 307 306 306 307 306 306 306 306 306 305 305 305 305
234 233 232 231 231 230 230 228 228 227 227 225 225 224 224 222 347 346 357 356 356 358 358 359 360 360 360 361 360 360 360 361 360 360 360 360 360 359 359 358 357 357 357 355 355 355 353 352 351 351 349 348 347 346 344 343 342 340 338 337 334 332 330 326 323 319 312 307 307 307 307 307 307 307 307 307 307 307 307 306 307 306 306 306 306 306 306 305 306 306 305 305 304 305
234 232 232 231 231 230 229 228 228 228 226 225 225 224 224 222 222 357 357 355 356 358 358 358 360 360 360 360 360 360 361 360 360 360 360 360 360 359 359 358 357 357 356 355 355 355 353 353 351 350 349 348 347 346 344 344 341 340 338 337 334 332 330 326 324 319 312 307 307 306 307 307 306 307 307 306 307 307 306 306 307 306 306 306 306 306 306 305 306 305 305 305 304 305
234 232 232 231 231 230 229 229 228 228 226 226 225 225 223 222 222 346 356 355 356 358 357 359 360 360 360 360 360 360 360 360 360 360 359 360 360 359 358 358 357 357 356 355 355 354 353 353 351 350 349 349 346 346 344 344 341 340 338 336 334 332 329 327 324 319 312 307 306 306 307 307 306 307 307 306 307 306 306 306 306 306 306 305 306 306 305 305 306 305 305 304 304 305
233 232 232 231 230 230 229 229 228 227 226 226 225 224 223 222 222 346 356 355 357 358 357 359 360 360 360 360 360 360 360 360 360 360 360 360 360 358 358 358 357 356 356 355 355 354 353 353 351 350 349 349 346 346 344 343 341 340 338 337 335 332 330 327 324 319 313 307 306 306 307 306 306 307 306 306 307 306 306 306 306 306 306 305 306 305 305 305 305 305 305 304 304 305
233 232 232 232 230 230 229 229 227 227 226 226 225 224 223 223 222 345 356 355 357 357 357 359 359 359 360 360 360 360 360 360 360 359 360 360 360 358 358 358 356 356 356 355 354 354 353 353 351 350 349 348 347 346 344 343 341 341 338 337 335 331 330 327 324 320 314 306 306 306 306 306 306 306 306 306 306 306 306 305 306 306 305 305 306 305 305 305 305 305 304 304 304 304
233 233 232 231 230 230 229 229 227 227 226 226 224 224 223 223 221 220 356 355 356 357 357 359 358 359 360 360 359 360 360 360 359 360 360 360 359 358 358 358 356 356 356 354 354 354 353 352 351 351 348 348 347 346 344 343 342 340 338 337 334 332 330 327 324 320 314 306 306 306 306 306 306 306 306 306 306 306 306 305 306 306 305 305 305 305 305 304 305 305 304 304 304 304
233 233 231 231 230 230 229 228 227 227 226 225 224 224 223 222 221 221 356 355 356 357 358 359 358 360 360 360 359 360 360 360 359 360 360 359 359 358 358 357 356 357 357 355 354 354 352 352 351 351 348 348 347 345 344 343 342 340 338 337 334 332 330 327 324 320 314 306 306 305 306 306 305 306 306 305 306 306 305 305 306 305 305 305 305 305 305 304 305 304 304 304 303 304
233 232 231 231 230 230 228 228 227 227 225 225 224 224 223 222 221 221 356 354 356 357 358 358 358 360 360 359 360 360 360 359 360 360 360 359 359 358 358 358 357 357 356 355 355 354 352 352 351 350 349 348 347 345 344 343 341 340 338 336 334 332 330 327 325 321 314 306 306 305 306 306 305 306 306 305 306 306 305 305 305 305 305 304 305 305 304 304 305 304 304 303 303 304
233 232 231 231 230 229 228 228 228 227 226 225 224 224 222 222 221 221 355 355 355 357 357 358 358 360 359 359 360 360 359 359 360 360 359 359 358 358 358 358 357 356 356 355 355 354 352 352 351 350 349 348 346 346 344 343 341 340 338 337 334 332 330 327 325 320 315 306 305 305 306 305 305 306 305 305 306 305 305 305 305 305 305 304 305 305 304 304 304 304 304 303 303 304
232 232 231 231 230 229 229 228 228 226 226 225 225 223 222 222 221 221 230 355 355 356 357 358 358 360 359 359 360 360 359 359 360 359 359 359 358 358 358 358 357 356 356 355 354 354 353 352 350 350 349 347 346 346 344 343 341 340 338 337 335 331 330 327 324 320 315 306 305 305 306 305 305 306 305 305 306 305 305 304 305 305 304 304 305 304 304 304 304 304 303 303 303 303
232 232 231 231 230 229 229 228 227 226 226 225 225 223 223 222 221 220 230 355 355 355 357 358 359 359 359 359 360 359 359 360 360 359 359 359 358 358 358 358 356 356 356 355 354 354 353 352 350 350 349 348 346 346 343 343 341 340 338 337 335 332 330 327 324 321 316 305 305 305 305 305 305 305 305 305 304 305 305 304 305 305 304 304 304 304 304 303 304 304 303 303 303 303
232 232 231 230 230 229 229 227 227 226 226 225 224 223 223 222 220 220 230 355 354 356 357 358 358 359 359 360 359 359 359 360 359 359 359 359 358 358 358 358 356 356 356 354 354 353 353 352 350 350 348 348 346 345 343 343 341 340 338 336 334 332 330 327 324 321 315 311 305 304 305 305 304 305 305 304 304 305 304 304 305 304 304 304 304 304 304 303 303 303 303 303 302 303
232 232 230 230 230 229 229 227 227 226 226 224 224 223 223 221 221 220 230 230 354 356 357 358 358 358 359 360 359 359 359 359 359 359 359 358 358 358 358 357 356 356 355 354 354 353 352 352 351 349 348 348 346 345 344 343 340 340 338 335 334 332 331 327 324 321 316 311 305 304 305 305 304 305 305 304 304 305 304 304 305 304 304 303 304 304 303 303 303 303 303 302 302 302
232 231 231 230 230 229 228 227 227 226 225 224 224 223 223 221 221 220 230 229 354 356 357 357 358 358 359 359 359 359 359 359 359 359 359 358 358 358 357 357 356 356 355 354 354 352 352 352 351 349 348 348 346 345 344 343 341 340 338 335 334 332 330 327 324 321 316 311 304 304 305 304 304 304 304 304 304 304 304 304 304 304 304 303 304 304 303 303 302 303 303 302 302 302
232 231 231 230 230 228 228 227 227 226 225 224 224 223 222 221 221 220 230 229 354 356 356 356 358 358 358 359 359 359 359 359 359 359 358 358 358 358 357 356 356 355 354 354 354 352 352 352 350 350 348 348 346 345 344 342 341 340 337 335 334 331 330 327 324 321 316 310 304 304 304 304 304 304 304 304 304 304 304 303 303 304 303 303 303 303 303 303 302 303 302 302 302 301
232 231 231 230 229 228 228 227 227 225 225 224 224 222 222 221 221 219 230 229 229 355 356 356 358 357 357 359 359 358 359 359 359 358 358 358 358 357 357 356 355 355 354 354 353 352 352 351 350 350 348 347 346 345 343 342 341 339 337 335 334 331 330 327 323 321 317 309 304 304 303 304 304 303 304 304 303 304 304 303 303 304 303 303 302 303 303 302 302 303 302 302 301 301
232 231 231 230 229 228 228 227 226 225 225 224 223 222 222 221 221 219 230 229 228 355 356 357 358 357 358 359 359 358 359 359 358 358 358 358 357 357 357 356 355 355 354 353 353 352 352 350 350 350 347 347 346 345 343 342 341 338 337 336 334 331 330 327 324 321 316 309 304 303 303 304 303 303 304 303 303 304 303 303 303 303 303 303 302 303 303 302 302 302 302 302 301 301
232 231 231 229 229 228 228 226 226 226 225 224 223 222 222 221 220 219 230 229 227 354 355 357 357 357 358 358 358 358 359 359 358 358 358 357 357 357 357 355 355 355 354 353 353 352 351 350 350 349 348 346 346 344 343 342 340 338 338 336 334 332 329 327 324 321 316 310 304 303 303 304 303 303 304 303 303 304 303 303 302 303 303 302 302 303 302 302 302 301 302 301 301 301
232 231 230 229 229 228 227 227 226 226 225 224 223 222 222 220 220 219 230 228 228 229 355 356 356 357 358 357 358 359 359 358 358 357 358 357 357 357 355 355 355 355 353 353 353 352 351 350 350 348 348 346 345 344 343 342 340 338 338 335 334 332 328 327 324 321 316 310 303 303 303 303 303 303 303 303 303 302 303 303 302 303 303 302 302 302 302 302 301 301 302 301 301 300
232 230 230 229 229 228 227 227 226 226 224 224 223 223 221 220 220 219 229 228 228 229 354 356 356 357 357 357 357 359 358 358 357 358 357 357 357 357 355 355 355 355 354 354 353 351 351 350 349 348 348 346 345 344 343 341 340 339 337 335 334 331 329 327 324 321 317 311 303 303 303 303 303 303 303 303 302 302 303 302 302 303 302 302 302 302 302 302 301 301 301 301 301 300
231 230 230 229 229 228 227 227 226 225 224 224 223 223 221 221 220 219 229 228 228 229 354 356 356 357 357 357 357 358 357 357 357 357 357 357 357 356 355 355 356 354 354 354 352 352 351 350 349 348 348 345 345 344 342 341 340 339 337 335 333 331 329 327 323 320 317 310 303 303 302 303 303 302 302 303 302 302 303 302 302 301 302 302 301 301 302 301 301 301 301 301 300 300
231 230 230 229 228 228 227 227 225 225 224 224 223 222 221 221 220 218 229 228 228 228 229 355 356 355 357 357 357 357 357 357 357 357 357 357 356 355 355 356 355 354 354 354 352 352 351 349 349 348 347 346 345 344 342 341 340 338 337 335 332 331 329 326 323 320 316 310 302 302 302 302 302 302 302 302 302 302 302 302 302 301 302 302 301 301 301 301 301 300 301 301 300 300
231 230 230 229 228 228 227 227 225 225 224 224 222 222 221 221 219 218 218 228 227 228 229 355 355 355 357 357 356 357 357 357 356 357 357 357 356 355 355 355 355 354 354 353 352 352 350 349 349 348 347 346 345 343 342 341 339 338 337 335 332 331 329 326 324 320 316 311 302 302 302 302 302 302 302 302 302 301 302 302 301 301 302 301 301 301 301 301 300 300 300 300 300 300
231 230 229 229 228 228 227 226 225 225 224 223 222 222 221 220 219 218 218 227 227 227 228 354 355 356 357 356 356 357 357 356 356 357 357 356 356 355 356 355 355 354 353 353 352 352 350 349 348 347 347 346 344 343 343 341 339 338 336 334 332 331 328 326 324 319 317 311 301 302 302 301 302 302 301 302 302 301 301 302 301 301 301 301 301 300 301 301 300 300 299 300 300 299
231 230 229 229 228 228 226 226 225 225 223 223 222 222 221 220 219 219 218 227 227 227 229 229 355 356 356 356 356 357 356 356 357 357 356 356 355 355 355 355 354 353 353 352 352 351 350 350 347 347 347 346 344 343 343 340 339 338 335 334 332 330 328 326 323 320 317 310 301 302 301 301 302 301 301 302 301 301 301 301 301 301 301 301 301 300 300 300 300 300 299 300 299 299
231 229 229 229 228 227 226 226 225 225 223 223 222 222 220 220 219 219 217 227 227 227 228 229 354 356 355 355 357 357 356 356 357 356 356 355 355 354 355 355 354 353 353 352 351 351 350 350 347 347 346 345 343 343 341 340 339 338 335 334 332 330 328 326 323 320 317 311 301 302 301 301 302 301 301 301 301 301 300 301 301 300 300 301 300 300 300 300 300 299 299 299 299 299
230 229 229 229 227 227 226 226 225 224 223 223 222 221 220 220 219 218 217 227 227 225 228 229 354 355 355 355 357 356 356 356 357 356 356 355 354 355 355 354 353 353 353 352 351 350 350 349 347 347 345 345 343 343 341 340 339 337 335 335 332 329 328 325 323 320 315 311 301 300 301 301 300 301 301 300 301 301 300 301 301 300 300 300 300 300 299 300 300 299 299 298 299 299
230 230 229 228 227 227 226 226 224 224 223 223 221 221 220 220 218 218 217 227 226 225 227 228 228 354 355 355 355 356 356 356 356 356 355 355 354 355 355 353 353 353 352 351 351 350 349 349 348 347 345 345 344 342 341 340 338 337 335 334 332 330 328 325 323 320 315 311 301 300 301 301 300 301 300 300 301 300 300 301 300 300 300 300 300 299 299 300 299 299 299 298 299 298
230 230 229 228 227 227 226 225 224 224 223 222 221 221 220 220 218 218 217 227 226 225 227 228 228 354 355 354 355 355 355 354 355 355 355 354 354 355 355 353 353 353 351 351 351 350 349 348 348 346 345 345 343 342 341 340 338 337 335 333 332 330 327 325 323 319 315 311 300 300 301 300 300 301 300 300 301 300 300 299 300 300 299 299 300 299 299 298 299 299 298 298 298 298
230 230 228 228 227 227 225 225 224 224 223 222 221 221 220 219 218 218 217 227 226 225 227 227 228 354 355 354 355 355 354 354 355 355 354 354 354 355 353 353 353 352 351 351 351 349 349 348 347 346 345 345 343 342 341 339 338 337 334 333 332 329 327 325 321 319 315 310 300 300 300 300 300 300 300 300 300 300 300 299 300 300 299 299 299 299 299 298 299 299 298 298 297 298
230 229 228 228 227 226 225 225 224 224 222 222 221 221 219 219 218 218 216 216 226 225 226 227 227 229 353 354 355 355 354 354 355 354 354 354 354 354 353 353 353 351 351 351 349 349 349 348 347 345 345 343 343 342 340 338 338 335 335 333 332 329 328 325 321 319 315 309 300 300 300 300 299 300 300 299 299 300 299 299 300 299 299 299 299 299 298 298 299 298 298 297 297 298
229 229 228 228 227 226 225 225 224 223 222 222 221 220 219 219 218 217 216 216 226 224 225 226 227 228 353 353 355 354 354 355 355 354 354 354 354 353 353 353 352 351 351 350 349 349 349 347 347 345 344 343 343 340 340 338 338 335 335 333 331 329 327 324 321 319 315 310 300 299 299 300 299 299 300 299 299 300 299 299 298 299 299 298 298 299 298 298 297 298 298 297 297 296
229 229 228 228 226 226 225 225 223 223 222 222 220 220 219 219 217 217 216 216 225 224 225 226 226 227 353 353 353 354 354 355 354 354 354 354 353 353 353 352 352 351 351 350 349 349 347 347 347 345 344 343 343 340 340 338 337 335 335 332 331 329 326 324 321 318 315 310 299 299 299 299 299 299 299 299 299 299 299 299 298 299 298 298 298 298 298 298 297 298 297 297 297 296
