testData/tiles/oneDegree/grid1.0-48.0-2.0-49.0.asc
ncols   200
nrows   200
xllcorner   1.0
yllcorner   48.0
cellsize   0.005
NODATA_value   -9999.0
[rows 84 to 125 of 200, columns 94 to 187 of 200]
485 486 486 487 334 335 335 336 336 337 337 338 338 339 339 339 340 341 342 343 344 344 346 346 348 348 349 350 351 352 352 352 353 354 354 356 356 358 358 359 360 360 361 362 363 363 365 365 366 367 367 368 369 370 370 372 372 372 374 373 374 375 435 435 436 437 437 438 439 439 440 441 442 442 444 444 444 445 446 447 447 448 448 448 449 450 450 451 452 454 457 458 460 462
486 486 487 487 488 335 336 336 336 337 337 338 338 339 339 340 341 342 343 344 344 346 346 348 348 348 350 350 352 351 352 353 354 354 356 356 357 358 358 360 360 361 362 363 363 365 365 365 367 367 368 369 370 370 371 372 372 373 373 374 375 375 376 436 437 437 439 439 439 440 441 442 442 444 444 444 445 446 447 447 447 448 448 449 450 450 451 451 452 454 455 458 459 461
486 486 487 487 488 335 336 336 337 337 338 338 339 339 340 341 342 343 343 344 345 346 347 348 348 350 349 351 351 352 353 354 354 355 356 357 358 358 360 360 361 362 363 363 364 365 365 367 367 368 369 370 370 371 371 371 373 373 374 375 375 376 377 378 437 439 439 439 440 441 442 442 443 444 444 446 446 447 446 447 448 448 449 450 450 451 452 452 453 453 456 457 458 460
486 487 487 488 488 336 336 337 337 338 338 338 339 339 341 341 342 343 344 345 346 347 348 348 349 349 350 351 351 353 353 354 355 356 357 358 358 360 360 360 362 362 363 364 365 365 367 367 368 369 369 370 370 371 371 373 373 373 375 375 376 377 378 378 379 439 439 441 441 442 442 443 444 444 446 446 445 446 447 448 448 450 450 450 451 452 453 453 453 455 455 456 458 460
486 487 487 488 488 336 336 337 337 338 338 339 339 341 341 342 343 344 345 346 346 347 347 348 349 349 351 351 353 353 354 355 356 357 358 358 359 360 360 362 362 363 364 365 365 367 367 367 369 369 369 370 371 371 373 373 373 375 375 376 377 378 378 379 380 380 441 441 442 442 443 444 444 446 445 445 446 447 448 448 450 450 450 451 452 453 453 453 455 455 455 456 458 460
487 487 488 488 489 336 337 337 338 338 339 339 341 341 341 343 343 345 344 345 346 347 348 349 349 351 351 353 353 354 355 355 357 357 358 359 360 360 362 362 363 364 365 365 366 367 367 369 368 370 370 371 372 372 373 373 375 375 376 377 377 378 379 380 380 382 382 441 442 443 444 444 445 445 445 447 447 448 448 449 450 450 451 452 452 453 454 455 455 455 457 457 458 458
487 488 488 488 489 489 337 337 338 338 339 340 341 341 343 342 344 344 345 346 347 348 349 349 351 351 352 353 353 355 355 356 357 358 359 360 360 362 362 362 364 364 365 366 367 367 368 368 370 370 370 372 372 373 373 375 375 376 377 377 378 379 380 380 382 382 382 384 443 444 443 445 445 445 447 447 448 448 449 450 450 452 452 452 453 454 455 455 455 457 457 457 457 458
487 488 488 489 489 490 337 338 338 339 339 341 340 342 342 344 344 344 346 346 348 348 349 350 351 352 353 353 355 355 356 357 358 359 359 360 361 362 362 364 364 365 366 366 367 368 368 369 370 370 372 372 373 374 375 375 375 377 377 378 379 380 380 381 382 382 384 384 384 443 444 445 445 447 447 448 448 449 450 450 452 452 452 453 454 455 455 455 457 456 457 457 458 459
488 488 489 489 490 490 337 338 338 338 339 340 341 342 343 344 344 346 346 348 348 349 350 351 352 353 353 355 355 355 357 357 359 359 360 361 362 362 364 364 364 365 365 367 367 368 369 370 370 372 372 373 374 374 375 375 377 377 378 379 380 380 381 382 382 383 383 384 384 385 445 445 447 447 448 448 449 450 450 452 452 452 453 454 455 455 455 456 456 457 458 458 459 459
488 488 489 489 490 490 337 337 338 339 340 341 342 342 344 344 346 346 348 348 349 350 350 352 352 353 354 355 355 357 357 359 359 360 361 362 362 362 363 363 365 365 366 367 368 369 370 370 372 372 372 374 374 375 375 377 377 378 379 379 380 381 382 381 383 383 383 384 385 386 386 447 447 447 449 449 450 450 452 452 452 453 454 455 455 455 456 456 457 458 458 459 459 461
488 489 488 489 489 490 337 338 339 340 341 341 342 343 344 345 346 346 348 348 350 350 351 352 353 354 355 355 357 357 359 359 359 361 360 361 362 363 363 365 365 366 367 368 369 369 370 371 372 372 374 374 375 376 377 377 377 379 379 380 380 381 381 383 383 383 385 385 386 386 388 388 388 449 449 450 450 452 452 452 453 454 455 454 455 456 456 457 458 458 459 459 461 461
487 488 488 489 489 490 490 339 339 341 341 342 343 344 345 346 346 348 348 350 350 351 352 353 354 354 355 356 357 358 359 358 360 360 361 362 363 363 365 365 365 367 367 369 369 370 371 372 372 374 374 375 376 376 377 377 379 379 379 380 381 381 382 383 383 385 385 386 386 387 388 388 390 390 450 450 451 452 452 454 453 454 454 455 456 456 457 458 458 459 459 461 461 461
488 488 489 489 490 490 492 339 340 341 342 343 344 345 345 346 347 348 349 350 350 352 352 354 354 355 356 357 356 358 358 360 360 361 362 362 363 364 365 365 367 367 369 369 370 371 372 372 373 374 374 376 376 377 377 378 378 379 380 380 381 382 383 383 385 385 386 386 387 388 388 390 390 391 391 451 452 452 453 453 454 454 455 456 456 457 458 458 459 459 461 461 461 462
488 488 489 489 490 491 492 339 341 341 343 343 345 345 346 347 348 349 350 350 352 352 354 354 355 355 356 356 357 358 359 360 360 362 362 363 364 365 365 367 367 368 369 370 371 371 372 373 374 374 376 376 376 376 378 378 378 380 380 381 382 383 383 385 385 385 386 387 388 388 390 390 390 391 392 392 451 453 453 453 454 455 456 456 457 458 458 459 460 461 461 461 463 463
488 489 489 490 490 492 492 341 341 343 343 344 345 346 347 348 348 349 350 351 352 352 353 353 355 355 356 357 358 359 360 360 362 362 363 364 365 365 366 367 367 369 369 371 371 372 373 374 374 376 375 375 376 377 378 378 380 380 381 382 383 383 384 385 385 386 387 388 388 390 390 390 392 391 392 392 394 453 453 454 455 456 456 458 458 458 459 460 461 461 461 463 463 463
488 489 489 490 491 492 493 341 342 343 343 345 345 347 347 348 349 350 350 351 351 353 353 355 355 356 357 358 358 360 360 361 362 362 364 364 365 366 367 367 369 369 370 371 372 373 374 373 373 375 375 376 377 378 378 380 380 381 382 382 383 384 385 385 387 387 388 388 389 390 389 391 391 392 392 393 394 394 454 455 456 456 457 458 458 459 460 461 461 461 463 462 463 463
489 489 490 491 492 493 494 341 343 343 345 345 347 347 348 348 349 350 351 351 352 353 354 355 355 357 357 358 359 360 361 362 362 364 364 365 366 367 367 369 369 369 371 371 371 372 373 373 375 375 376 377 378 378 380 380 380 382 382 383 384 385 385 387 387 387 388 389 389 389 391 391 392 392 393 394 394 396 396 397 456 457 458 458 459 460 460 461 460 462 462 463 463 464
489 489 491 491 493 493 494 495 343 344 345 344 346 346 348 348 350 350 351 352 353 354 355 355 357 357 358 359 360 361 362 362 364 364 364 366 366 367 368 369 369 370 370 371 372 373 373 375 375 376 377 377 378 379 380 380 382 382 383 384 385 385 386 387 387 387 388 389 389 391 391 391 392 393 394 394 396 396 396 397 398 458 458 459 460 460 460 460 462 462 463 463 464 465
489 491 491 492 493 494 495 495 343 344 344 346 346 348 348 349 350 351 352 353 353 355 355 356 357 357 359 359 360 361 362 363 364 364 366 366 367 367 368 368 370 370 371 372 372 373 374 375 375 377 377 378 379 380 380 382 382 383 384 384 385 386 386 386 387 388 389 389 390 391 391 392 393 394 394 396 396 396 397 398 399 399 459 459 459 460 460 462 462 462 464 464 465 465
489 491 491 492 492 494 494 496 343 344 345 346 347 348 348 350 350 352 352 353 354 355 356 357 357 359 359 360 361 362 363 364 364 366 365 366 367 367 368 369 370 370 372 372 373 374 375 375 377 377 378 379 380 380 381 382 382 384 384 384 385 386 386 387 388 388 389 390 391 391 392 393 394 394 395 396 396 397 398 399 398 398 400 459 460 461 462 462 462 464 464 465 465 467
490 490 492 492 494 494 495 496 344 345 346 347 348 348 350 350 352 352 353 354 355 355 357 357 359 359 359 361 361 363 362 363 364 365 365 367 367 368 369 370 370 372 372 373 374 375 375 377 377 377 379 379 380 381 382 382 383 383 384 385 386 386 386 388 388 389 390 391 391 392 393 393 394 395 396 396 397 398 398 398 399 400 400 401 402 462 462 462 464 464 465 465 467 468
490 491 492 492 494 494 496 496 345 345 346 347 348 349 350 350 352 352 354 354 355 356 357 358 359 359 361 360 361 362 363 364 365 365 367 367 368 369 370 370 371 372 372 374 374 375 376 377 377 379 379 380 381 381 381 383 383 383 385 385 386 386 388 388 389 390 391 391 391 393 393 394 395 396 396 396 397 397 398 399 400 400 401 402 402 403 462 464 464 465 466 467 468 468
491 492 492 494 494 496 496 498 345 346 347 348 349 350 350 352 352 354 354 355 356 357 358 358 358 360 360 361 362 362 364 364 365 366 367 367 369 369 370 371 372 372 374 374 375 376 377 377 379 379 379 380 380 381 382 383 383 385 385 386 386 388 388 389 390 390 391 391 393 393 394 395 395 395 395 397 397 398 399 400 400 401 402 402 403 403 405 464 466 466 467 467 468 469
491 492 493 494 495 496 496 498 345 347 347 349 349 350 351 352 353 354 354 355 355 356 357 358 359 360 360 362 362 363 364 365 366 367 367 369 369 370 371 372 372 374 374 375 376 376 376 377 378 378 380 380 381 382 383 383 385 385 386 386 387 388 388 390 390 391 391 393 393 393 394 394 395 395 397 397 398 399 400 400 400 402 402 403 403 405 406 406 407 466 468 468 469 470
492 493 494 495 496 496 498 498 347 347 348 349 350 351 352 351 353 353 355 355 356 357 358 359 360 360 362 362 363 364 365 365 366 367 368 369 369 371 371 372 373 374 374 375 375 376 377 378 378 380 380 381 382 383 383 383 385 385 386 387 388 388 390 390 391 391 392 392 392 394 394 395 395 397 397 398 399 399 400 400 402 402 403 403 406 406 405 406 408 409 468 469 471 471
493 493 494 495 496 497 498 499 347 347 349 348 350 350 351 352 353 354 355 355 357 357 358 359 360 361 362 362 364 364 365 366 367 368 369 369 371 371 372 372 373 373 375 375 376 377 378 378 379 380 380 382 382 383 383 385 385 386 387 388 388 390 390 389 390 391 392 392 394 394 395 395 397 397 397 399 399 400 400 402 402 403 404 404 405 405 407 408 409 409 410 471 471 472
493 494 495 496 497 498 497 499 346 348 348 349 350 351 352 353 353 355 355 357 357 358 359 360 361 362 362 364 364 365 366 367 367 369 369 369 370 370 372 372 373 374 375 375 377 377 378 379 380 380 382 382 383 383 385 385 386 387 387 387 388 389 389 390 391 392 392 394 394 395 395 396 397 397 399 399 400 400 402 402 401 403 404 405 406 408 408 409 410 411 412 412 414 474
493 494 494 496 496 497 498 499 347 348 348 350 350 352 352 353 354 355 356 357 357 359 359 360 361 362 363 364 364 366 366 366 367 368 368 370 370 372 372 373 374 375 375 377 377 378 379 380 380 381 382 382 383 384 385 385 386 386 387 388 389 389 390 391 392 392 393 394 394 395 396 397 397 399 399 400 400 400 401 402 403 404 405 406 408 408 409 410 411 412 413 414 415 415
494 494 495 496 497 498 499 500 348 348 350 350 352 352 353 354 355 356 357 357 359 359 360 361 362 363 364 363 365 365 366 367 368 368 370 370 371 372 372 373 374 375 375 377 377 378 379 380 380 382 382 383 383 384 384 386 386 387 388 389 389 389 391 391 392 393 394 394 395 396 397 397 399 398 398 399 400 402 402 403 404 406 406 407 408 409 410 411 412 413 414 415 414 416
494 494 496 496 498 498 499 500 348 349 350 350 352 352 354 354 355 356 357 358 359 359 361 360 361 362 363 364 365 365 367 367 368 369 370 370 372 372 373 374 375 375 377 377 378 379 380 380 382 381 382 383 384 384 385 386 386 388 388 389 389 391 391 392 393 394 394 395 396 396 396 397 398 398 399 401 402 402 404 405 405 406 407 409 409 410 411 413 413 412 414 415 416 416
494 496 496 497 498 499 500 501 349 350 350 352 352 354 354 355 356 357 358 358 358 360 360 361 362 363 364 365 365 367 367 368 369 370 370 372 372 373 374 375 375 377 377 377 379 378 379 380 381 381 383 383 384 385 386 386 388 388 389 389 391 391 392 393 393 394 394 395 395 396 397 398 398 399 401 402 402 404 405 405 406 408 409 409 410 412 411 412 412 415 415 416 416 419
495 496 496 498 498 500 500 501 349 350 351 352 352 354 353 355 355 356 357 358 359 360 360 362 362 363 364 365 366 367 367 369 369 370 371 372 372 374 374 375 376 376 376 378 378 379 380 381 381 383 383 384 385 386 386 387 388 388 389 390 391 391 393 392 393 393 395 395 396 397 398 398 400 401 401 402 404 405 405 407 408 409 409 409 411 411 412 413 415 415 416 417 418 419
495 496 498 498 500 500 501 502 350 350 351 351 353 353 355 355 356 357 358 359 360 360 362 362 363 364 365 365 367 367 369 369 370 371 372 372 374 373 374 375 376 376 378 378 379 380 380 381 382 383 383 385 385 386 386 388 388 389 390 391 390 392 392 393 393 395 395 395 397 397 399 399 401 401 403 404 405 405 407 407 407 409 409 411 411 413 413 415 415 416 417 418 419 420
496 497 498 498 499 499 501 501 349 350 351 352 353 353 355 355 357 357 358 359 360 361 362 362 364 364 365 366 367 367 369 369 371 370 371 372 373 373 375 375 376 377 378 378 380 380 381 382 383 383 385 385 386 386 388 388 388 389 390 390 391 392 392 393 394 395 395 397 397 399 399 401 402 403 404 405 405 405 407 408 409 409 411 412 413 413 414 416 416 417 418 420 420 420
495 496 497 498 499 500 501 502 350 351 352 353 353 355 355 357 357 358 359 360 360 362 362 364 364 365 366 367 366 368 368 369 370 371 372 373 373 375 375 376 377 378 378 380 380 381 382 383 383 383 385 385 385 386 387 387 389 389 390 391 392 392 393 394 395 395 397 398 399 399 401 402 401 402 404 405 405 407 408 409 409 412 412 412 413 415 416 416 417 419 419 419 419 422
496 497 498 499 499 501 501 503 350 351 352 353 354 355 355 357 357 359 359 360 361 362 363 364 363 365 365 366 367 368 368 370 370 371 372 373 373 375 375 376 377 378 378 380 380 381 382 383 382 384 384 385 386 387 387 389 389 390 390 392 392 393 394 394 395 396 398 398 399 400 401 401 402 404 405 405 408 408 409 409 411 412 412 414 415 416 416 417 418 419 419 420 422 422
496 497 498 499 500 501 502 503 350 352 352 354 355 355 357 357 359 359 360 360 361 361 363 363 365 365 366 367 368 368 370 370 371 372 373 373 375 375 376 377 378 378 380 380 380 381 382 382 384 384 385 386 386 387 388 389 389 390 391 392 392 394 394 395 397 397 397 399 400 401 401 403 404 405 406 407 408 408 410 411 412 412 414 414 415 416 416 418 418 420 420 422 422 424
497 498 499 500 501 501 503 503 352 352 353 354 355 356 356 356 358 358 360 360 361 362 363 363 365 365 367 367 368 369 370 370 372 372 373 374 375 375 377 377 377 378 379 379 381 381 382 383 384 384 386 386 387 388 389 389 390 391 392 392 394 393 394 395 397 397 399 400 400 402 402 404 404 406 407 408 409 410 411 412 412 413 414 414 416 416 418 419 420 420 422 423 424 424
498 498 500 500 501 502 503 504 352 351 353 353 355 355 356 357 358 359 360 361 362 363 363 365 365 366 367 368 369 370 370 372 372 373 374 374 374 376 376 377 378 379 379 381 381 382 383 384 384 386 386 387 387 389 389 389 391 390 391 392 393 394 395 396 398 398 400 400 402 402 404 405 406 407 408 409 409 410 411 412 412 414 415 416 416 418 419 420 420 422 423 423 424 426
498 498 500 500 501 502 502 504 351 353 353 354 355 356 357 358 358 360 360 362 362 363 364 365 365 367 367 368 369 370 371 371 371 373 373 374 375 376 376 378 378 379 380 381 381 383 383 384 385 386 386 387 388 388 388 390 390 391 392 393 394 395 396 398 398 400 401 402 402 404 405 405 406 407 408 408 410 411 412 412 415 415 416 416 419 419 419 420 422 423 423 425 426 427
497 499 499 501 501 502 503 504 352 353 353 355 355 357 357 358 359 360 360 362 362 364 364 365 367 367 367 368 369 369 371 371 372 373 374 375 376 376 378 378 379 380 381 381 382 383 384 384 386 385 386 387 388 388 390 390 391 392 393 394 394 397 397 398 399 401 401 402 404 404 404 406 407 408 408 411 411 412 412 415 415 415 417 418 419 419 421 422 423 423 425 426 427 428
498 499 499 501 501 503 503 504 353 353 355 355 356 357 358 359 360 360 362 362 363 363 364 365 366 366 368 368 369 370 371 371 373 373 374 375 376 376 378 378 379 380 381 381 383 382 383 384 385 385 387 387 388 389 390 390 391 393 394 394 397 397 398 400 401 400 401 403 404 404 406 407 408 409 410 411 411 413 414 415 416 417 418 419 420 421 422 423 424 424 426 426 428 428
