testData/tiles/oneDegree/grid48.0-45.0-49.0-46.0.asc
ncols   200
nrows   200
xllcorner   48.0
yllcorner   45.0
cellsize   0.005
NODATA_value   -9999.0
[rows 0 to 41 of 200, columns 0 to 93 of 200]
103 103 103 103 103 103 103 103 103 103 103 103 103 103 103 147 147 147 147 147 147 147 147 147 147 147 147 147 147 147 147 147 147 148 149 150 151 152 153 154 155 156 157 158 159 160 161 161 162 163 164 165 166 166 167 168 169 169 170 171 171 172 173 174 174 175 175 176 177 177 178 179 179 180 180 181 182 182 183 183 184 184 185 185 186 187 187 189 189 190 190 191 191 192
103 103 103 103 103 103 103 103 103 103 103 103 103 103 103 147 147 147 147 147 147 147 147 147 147 147 147 147 147 147 147 147 147 147 148 149 151 152 153 154 155 156 157 157 158 159 160 161 162 163 164 164 165 166 167 167 168 169 170 170 171 172 172 173 174 174 175 176 176 177 178 178 179 179 180 181 181 182 182 183 184 184 185 185 186 186 187 187 189 189 190 190 191 191
103 103 103 103 103 103 103 103 103 103 103 103 103 103 103 147 147 147 147 147 147 147 147 147 147 147 147 147 147 147 147 147 147 147 148 149 150 151 152 153 154 155 156 157 158 159 160 161 161 162 163 164 165 166 166 167 168 169 169 170 171 171 172 173 173 174 175 175 176 177 177 178 179 179 180 180 181 182 182 183 183 184 184 185 185 186 186 187 188 189 190 190 191 191
103 103 103 103 103 103 103 103 103 103 103 103 103 103 103 103 147 147 147 147 147 147 147 147 147 147 147 147 147 147 147 147 147 147 147 148 149 151 152 153 154 155 156 157 157 158 159 160 161 162 163 164 164 165 166 167 167 168 169 170 170 171 172 172 173 174 174 175 176 176 177 178 178 179 179 180 181 181 182 182 183 183 184 185 185 186 186 187 188 189 189 190 190 191
103 103 103 103 103 103 103 103 103 103 103 103 103 103 103 103 147 147 147 147 147 147 147 147 147 147 147 147 147 147 147 147 147 147 147 148 149 150 151 152 153 154 155 156 157 158 159 160 161 161 162 163 164 165 165 166 167 168 169 169 170 171 171 172 173 173 174 175 175 176 177 177 178 178 179 180 180 181 181 182 183 183 184 184 185 185 186 186 187 188 189 189 190 190
103 103 103 103 103 103 103 103 103 103 103 103 103 103 103 103 103 147 147 147 147 147 147 147 147 147 147 147 147 147 147 147 147 147 147 147 148 149 151 152 153 154 155 156 157 157 158 159 160 161 162 163 163 164 165 166 167 167 168 169 170 170 171 172 172 173 174 174 175 176 176 177 178 178 179 179 180 181 181 182 182 183 183 184 184 185 186 186 187 188 189 189 190 190
103 103 103 103 103 103 103 103 103 103 103 103 103 103 103 103 103 147 147 147 147 147 147 147 147 147 147 147 147 147 147 147 147 147 147 147 148 149 150 151 152 153 154 155 156 157 158 159 160 161 161 162 163 164 165 165 166 167 168 168 169 170 171 171 172 173 173 174 175 175 176 177 177 178 178 179 180 180 181 181 182 182 183 184 184 185 185 186 186 188 188 189 189 190
103 103 103 103 103 103 103 103 103 103 103 103 103 103 103 103 103 103 147 147 147 147 147 147 147 147 147 147 147 147 147 147 147 147 147 147 147 148 149 151 152 153 154 155 156 157 157 158 159 160 161 162 163 163 164 165 166 167 167 168 169 170 170 171 172 172 173 174 174 175 176 176 177 177 178 179 179 180 180 181 182 182 183 183 184 184 185 185 186 186 188 189 189 190
103 103 103 103 103 103 103 103 103 103 103 103 103 103 103 103 103 103 147 147 147 147 147 147 147 147 147 147 147 147 147 147 147 147 147 147 147 148 149 150 151 152 153 154 155 156 157 158 159 160 161 161 162 163 164 165 165 166 167 168 168 169 170 171 171 172 173 173 174 175 175 176 177 177 178 178 179 180 180 181 181 182 182 183 184 184 185 185 186 186 188 188 189 189
103 103 103 103 103 103 103 103 103 103 103 103 103 103 103 103 103 103 103 147 147 147 147 147 147 147 147 147 147 147 147 147 147 147 147 147 147 147 148 149 151 152 153 154 155 156 156 157 158 159 160 161 162 163 163 164 165 166 167 167 168 169 169 170 171 172 172 173 174 174 175 176 176 177 177 178 179 179 180 180 181 182 182 183 183 184 184 185 185 186 187 188 188 189
103 103 103 103 103 103 103 103 103 103 103 103 103 103 103 103 103 103 103 147 147 147 147 147 147 147 147 147 147 147 147 147 147 147 147 147 147 147 148 149 150 151 152 153 154 155 156 157 158 159 160 160 161 162 163 164 165 165 166 167 168 168 169 170 170 171 172 173 173 174 175 175 176 176 177 178 178 179 179 180 181 181 182 182 183 183 184 184 185 186 186 188 188 189
103 103 103 103 103 103 103 103 103 103 103 103 103 103 103 103 103 103 103 103 147 147 147 147 147 147 147 147 147 147 147 147 147 147 147 147 147 147 147 148 149 150 152 153 154 155 155 156 157 158 159 160 161 162 163 163 164 165 166 166 167 168 169 169 170 171 171 172 173 173 174 175 175 176 177 177 178 179 179 180 180 181 181 182 183 183 184 184 185 185 186 187 188 188
103 103 103 103 103 103 103 103 103 103 103 103 103 103 103 103 103 103 103 103 147 147 147 147 147 147 147 147 147 147 147 147 147 147 147 147 147 147 147 148 149 150 151 152 153 154 155 156 157 158 159 160 160 161 162 163 164 164 165 166 167 168 168 169 170 170 171 172 172 173 174 174 175 176 176 177 178 178 179 179 180 181 181 182 182 183 183 184 184 185 185 186 187 188
103 103 103 103 103 103 103 103 103 103 103 103 103 103 103 103 103 103 103 103 103 147 147 147 147 147 147 147 147 147 147 147 147 147 147 147 147 147 147 147 148 149 150 151 153 154 154 155 156 157 158 159 160 161 162 162 163 164 165 166 166 167 168 169 169 170 171 171 172 173 173 174 175 175 176 177 177 178 178 179 180 180 181 181 182 182 183 184 184 185 185 186 187 188
103 103 103 103 103 103 103 103 103 103 103 103 103 103 103 103 103 103 103 103 103 147 147 147 147 147 147 147 147 147 147 147 147 147 147 147 147 147 147 147 148 149 150 151 152 153 154 155 156 157 158 159 159 160 161 162 163 164 164 165 166 167 167 168 169 170 170 171 172 172 173 174 174 175 176 176 177 177 178 179 179 180 180 181 182 182 183 183 184 184 185 185 187 187
103 103 103 103 103 103 103 103 103 103 103 103 103 103 103 103 103 103 103 103 103 103 147 147 147 147 147 147 147 147 147 147 147 147 147 147 147 147 147 147 147 148 149 150 151 152 153 154 155 156 157 158 159 160 161 162 162 163 164 165 166 166 167 168 168 169 170 171 171 172 173 173 174 175 175 176 176 177 178 178 179 179 180 181 181 182 182 183 183 184 184 185 186 187
103 103 103 103 103 103 103 103 103 103 103 103 103 103 103 103 103 103 103 103 103 103 147 147 147 147 147 147 147 147 147 147 147 147 147 147 147 147 147 147 147 148 149 150 151 152 153 154 155 156 157 158 159 159 160 161 162 163 164 164 165 166 167 167 168 169 170 170 171 172 172 173 174 174 175 175 176 177 177 178 179 179 180 180 181 181 182 183 183 184 184 185 185 187
103 103 103 103 103 103 103 103 103 103 103 103 103 103 103 103 103 103 103 103 103 103 103 147 147 147 147 147 147 147 147 147 147 147 147 147 147 147 147 147 147 147 148 149 150 151 152 153 154 155 156 157 158 159 160 161 161 162 163 164 165 165 166 167 168 168 169 170 171 171 172 173 173 174 174 175 176 176 177 178 178 179 179 180 180 181 182 182 183 183 184 184 185 185
103 103 103 103 103 103 103 103 103 103 103 103 103 103 103 103 103 103 103 103 103 103 103 147 147 147 147 147 147 147 147 147 147 147 147 147 147 147 147 147 147 147 148 149 150 151 152 153 154 155 156 157 158 158 159 160 161 162 163 163 164 165 166 167 167 168 169 169 170 171 171 172 173 173 174 175 175 176 177 177 178 178 179 180 180 181 181 182 182 183 183 184 185 185
103 103 103 103 103 103 103 103 103 103 103 103 103 103 103 103 103 103 103 103 103 103 103 103 147 147 147 147 147 147 147 147 147 147 147 147 147 147 147 147 147 147 147 148 149 150 151 152 153 154 155 156 157 158 159 160 161 161 162 163 164 165 165 166 167 168 168 169 170 170 171 172 172 173 174 174 175 176 176 177 177 178 179 179 180 180 181 181 182 183 183 184 184 185
103 103 103 103 103 103 103 103 103 103 103 103 103 103 103 103 103 103 103 103 103 103 103 103 147 147 147 147 147 147 147 147 147 147 147 147 147 147 147 147 147 147 147 147 149 150 151 152 153 154 155 156 157 157 158 159 160 161 162 163 163 164 165 166 166 167 168 169 169 170 171 171 172 173 173 174 175 175 176 176 177 178 178 179 179 180 181 181 182 182 183 183 184 184
103 103 103 103 103 103 103 103 103 103 103 103 103 103 103 103 103 103 103 103 103 103 103 103 103 147 147 147 147 147 147 147 147 147 147 147 147 147 147 147 147 147 147 147 148 149 150 151 152 153 154 155 156 157 158 159 160 160 161 162 163 164 164 165 166 167 167 168 169 170 170 171 172 172 173 174 174 175 175 176 177 177 178 179 179 180 180 181 181 182 182 183 184 184
103 103 103 103 103 103 103 103 103 103 103 103 103 103 103 103 103 103 103 103 103 103 103 103 103 147 147 147 147 147 147 147 147 147 147 147 147 147 147 147 147 147 147 147 147 148 150 151 152 153 154 155 156 156 157 158 159 160 161 162 162 163 164 165 166 166 167 168 168 169 170 171 171 172 173 173 174 174 175 176 176 177 178 178 179 179 180 180 181 182 182 183 183 184
103 103 103 103 103 103 103 103 103 103 103 103 103 103 103 103 103 103 103 103 103 103 103 103 103 103 147 147 147 147 147 147 147 147 147 147 147 147 147 147 147 147 147 147 147 148 149 150 151 152 153 154 155 156 157 158 159 159 160 161 162 163 164 164 165 166 167 167 168 169 169 170 171 171 172 173 173 174 175 175 176 177 177 178 178 179 180 180 181 181 182 182 183 183
103 103 103 103 103 103 103 103 103 103 103 103 103 103 103 103 103 103 103 103 103 103 103 103 103 103 147 147 147 147 147 147 147 147 147 147 147 147 147 147 147 147 147 147 147 147 148 149 150 152 153 154 154 155 156 157 158 159 160 161 161 162 163 164 165 165 166 167 168 168 169 170 170 171 172 172 173 174 174 175 176 176 177 177 178 179 179 180 180 181 181 182 182 183
103 103 103 103 103 103 103 103 103 103 103 103 103 103 103 103 103 103 103 103 103 103 103 103 103 103 103 147 147 147 147 147 147 147 147 147 147 147 147 147 147 147 147 147 147 147 148 149 150 151 152 153 154 155 156 157 158 158 159 160 161 162 163 163 164 165 166 166 167 168 169 169 170 171 171 172 173 173 174 175 175 176 176 177 178 178 179 179 180 180 181 182 182 183
103 103 103 103 103 103 103 103 103 103 103 103 103 103 103 103 103 103 103 103 103 103 103 103 103 103 103 147 147 147 147 147 147 147 147 147 147 147 147 147 147 147 147 147 147 147 147 148 149 150 151 152 153 154 155 156 157 158 159 160 161 161 162 163 164 165 165 166 167 167 168 169 170 170 171 172 172 173 174 174 175 175 176 177 177 178 178 179 180 180 181 181 182 182
103 103 103 103 103 103 103 103 103 103 103 103 103 103 103 103 103 103 103 103 103 103 103 103 103 103 103 103 147 147 147 147 147 147 147 147 147 147 147 147 147 147 147 147 147 147 147 148 149 150 151 152 153 154 155 156 157 157 158 159 160 161 162 162 163 164 165 166 166 167 168 168 169 170 171 171 172 173 173 174 174 175 176 176 177 177 178 179 179 180 180 181 181 182
103 103 103 103 103 103 103 103 103 103 103 103 103 103 103 103 103 103 103 103 103 103 103 103 103 103 103 103 147 147 147 147 147 147 147 147 147 147 147 147 147 147 147 147 147 147 147 147 148 149 150 151 152 153 154 155 156 157 158 159 160 160 161 162 163 164 164 165 166 167 167 168 169 169 170 171 171 172 173 173 174 175 175 176 176 177 178 178 179 179 180 181 181 182
103 103 103 103 103 103 103 103 103 103 103 103 103 103 103 103 103 103 103 103 103 103 103 103 103 103 103 103 103 147 147 147 147 147 147 147 147 147 147 147 147 147 147 147 147 147 147 147 147 149 150 151 152 153 154 155 156 156 157 158 159 160 161 162 162 163 164 165 165 166 167 168 168 169 170 170 171 172 172 173 174 174 175 175 176 177 177 178 178 179 180 180 181 181
103 103 103 103 103 103 103 103 103 103 103 103 103 103 103 103 103 103 103 103 103 103 103 103 103 103 103 103 103 147 147 147 147 147 147 147 147 147 147 147 147 147 147 147 147 147 147 147 147 148 149 150 151 152 153 154 155 156 157 158 159 159 160 161 162 163 163 164 165 166 166 167 168 169 169 170 171 171 172 173 173 174 174 175 176 176 177 178 178 179 179 180 180 181
103 103 103 103 103 103 103 103 103 103 103 103 103 103 103 103 103 103 103 103 103 103 103 103 103 103 103 103 103 103 147 147 147 147 147 147 147 147 147 147 147 147 147 147 147 147 147 147 147 147 148 149 151 152 153 153 154 155 156 157 158 159 160 161 161 162 163 164 165 165 166 167 167 168 169 170 170 171 172 172 173 173 174 175 175 176 177 177 178 178 179 179 180 181
103 103 103 103 103 103 103 103 103 103 103 103 103 103 103 103 103 103 103 103 103 103 103 103 103 103 103 103 103 103 103 147 147 147 147 147 147 147 147 147 147 147 147 147 147 147 147 147 147 147 148 149 150 151 152 153 154 155 156 157 158 158 159 160 161 162 162 163 164 165 166 166 167 168 168 169 170 170 171 172 172 173 174 174 175 176 176 177 177 178 178 179 180 180
103 103 103 103 103 103 103 103 103 103 103 103 103 103 103 103 103 103 103 103 103 103 103 103 103 103 103 103 103 103 103 147 147 147 147 147 147 147 147 147 147 147 147 147 147 147 147 147 147 147 147 148 149 150 151 152 153 154 155 156 157 158 159 160 160 161 162 163 164 164 165 166 167 167 168 169 169 170 171 171 172 173 173 174 175 175 176 176 177 178 178 179 179 180
103 103 103 103 103 103 103 103 103 103 103 103 103 103 103 103 103 103 103 103 103 103 103 103 103 103 103 103 103 103 103 103 147 147 147 147 147 147 147 147 147 147 147 147 147 147 147 147 147 147 147 148 149 150 151 152 153 154 155 156 156 157 158 159 160 161 162 162 163 164 165 165 166 167 168 168 169 170 170 171 172 172 173 174 174 175 175 176 177 177 178 178 179 179
103 103 103 103 103 103 103 103 103 103 103 103 103 103 103 103 103 103 103 103 103 103 103 103 103 103 103 103 103 103 103 103 147 147 147 147 147 147 147 147 147 147 147 147 147 147 147 147 147 147 147 147 148 149 150 151 152 153 154 155 156 157 158 159 159 160 161 162 163 163 164 165 166 166 167 168 168 169 170 171 171 172 172 173 174 174 175 176 176 177 177 178 178 179
103 103 103 103 103 103 103 103 103 103 103 103 103 103 103 103 103 103 103 103 103 103 103 103 103 103 103 103 103 103 103 103 103 147 147 147 147 147 147 147 147 147 147 147 147 147 147 147 147 147 147 147 147 148 150 151 152 153 154 154 155 156 157 158 159 160 161 161 162 163 164 164 165 166 167 167 168 169 169 170 171 171 172 173 173 174 175 175 176 176 177 178 178 179
103 103 103 103 103 103 103 103 103 103 103 103 103 103 103 103 103 103 103 103 103 103 103 103 103 103 103 103 103 103 103 103 103 147 147 147 147 147 147 147 147 147 147 147 147 147 147 147 147 147 147 147 147 148 149 150 151 152 153 154 155 156 157 157 158 159 160 161 162 162 163 164 165 165 166 167 168 168 169 170 170 171 172 172 173 174 174 175 175 176 177 177 178 178
103 103 103 103 103 103 103 103 103 103 103 103 103 103 103 103 103 103 103 103 103 103 103 103 103 103 103 103 103 103 103 103 103 103 147 147 147 147 147 147 147 147 147 147 147 147 147 147 147 147 147 147 147 147 148 149 150 151 152 153 154 155 156 157 158 159 160 160 161 162 163 163 164 165 166 166 167 168 169 169 170 171 171 172 172 173 174 174 175 176 176 177 177 178
103 103 103 103 103 103 103 103 103 103 103 103 103 103 103 103 103 103 103 103 103 103 103 103 103 103 103 103 103 103 103 103 103 103 147 147 147 147 147 147 147 147 147 147 147 147 147 147 147 147 147 147 147 147 148 149 150 151 152 153 154 155 156 156 157 158 159 160 161 161 162 163 164 164 165 166 167 167 168 169 169 170 171 171 172 173 173 174 175 175 176 176 177 177
103 103 103 103 103 103 103 103 103 103 103 103 103 103 103 103 103 103 103 103 103 103 103 103 103 103 103 103 103 103 103 103 103 103 103 147 147 147 147 147 147 147 147 147 147 147 147 147 147 147 147 147 147 147 147 148 149 150 151 152 153 154 155 156 157 158 158 159 160 161 162 162 163 164 165 165 166 167 168 168 169 170 170 171 172 172 173 174 174 175 175 176 177 177
103 103 103 103 103 103 103 103 103 103 103 103 103 103 103 103 103 103 103 103 103 103 103 103 103 103 103 103 103 103 103 103 103 103 103 103 147 147 147 147 147 147 147 147 147 147 147 147 147 147 147 147 147 147 147 147 148 150 151 152 153 153 154 155 156 157 158 159 160 160 161 162 163 164 164 165 166 166 167 168 169 169 170 171 171 172 172 173 174 174 175 176 176 177
