testData/tiles/oneDegree/grid16.0-32.0-17.0-33.0.asc
ncols   200
nrows   200
xllcorner   16.0
yllcorner   32.0
cellsize   0.005
NODATA_value   -9999.0
[rows 0 to 41 of 200, columns 94 to 187 of 200]
569 517 517 517 517 517 517 517 517 517 516 516 516 516 516 516 516 516 516 516 516 516 516 516 516 516 516 516 516 516 515 515 515 515 515 515 515 515 515 515 515 515 515 515 526 531 534 537 540 543 545 547 549 551 553 555 556 558 559 561 561 562 564 565 566 567 568 570 571 572 573 574 575 575 576 577 578 579 579 580 616 617 618 619 618 619 620 621 621 622 623 626 629 633
569 517 517 517 517 517 517 517 517 517 516 516 516 516 516 516 516 516 516 516 516 516 516 516 516 516 516 516 516 516 515 515 515 515 515 515 515 515 515 515 515 515 515 515 524 530 534 536 539 542 544 547 549 550 552 554 556 557 559 560 562 562 563 564 566 567 568 569 570 571 572 573 574 574 575 576 577 578 579 580 616 617 617 618 619 619 620 620 621 622 623 624 628 632
569 517 517 517 517 517 517 517 517 517 517 516 516 516 516 516 516 516 516 516 516 516 516 516 516 516 516 516 516 516 516 515 515 515 515 515 515 515 515 515 515 515 515 515 522 529 533 536 539 541 544 546 548 550 552 553 555 557 558 560 561 561 563 564 565 567 568 569 570 571 572 573 574 574 575 576 577 578 579 580 581 616 617 618 619 619 619 620 621 622 622 623 626 629
569 517 517 517 517 517 517 517 517 517 517 516 516 516 516 516 516 516 516 516 516 516 516 516 516 516 516 516 516 516 516 515 515 515 515 515 515 515 515 515 515 515 515 515 519 527 532 534 538 540 543 545 547 549 551 553 555 556 558 559 561 561 562 564 565 566 567 568 570 571 572 573 574 575 575 576 577 578 578 579 580 616 617 618 618 618 619 620 621 621 622 623 624 628
569 517 517 517 517 517 517 517 517 517 517 517 516 516 516 516 516 516 516 516 516 516 516 516 516 516 516 516 516 516 516 515 515 515 515 515 515 515 515 515 515 515 515 515 515 525 530 533 537 540 542 544 547 549 551 552 554 556 557 559 560 561 562 563 564 566 567 568 569 570 571 572 573 574 574 575 576 577 578 579 580 616 617 617 618 618 619 620 620 621 622 622 623 626
569 517 517 517 517 517 517 517 517 517 517 517 516 516 516 516 516 516 516 516 516 516 516 516 516 516 516 516 516 516 516 516 515 515 515 515 515 515 515 515 515 515 515 515 515 523 529 533 536 539 541 544 546 548 550 552 553 555 557 558 560 561 561 563 564 565 566 568 569 570 571 572 573 574 574 575 576 577 578 579 580 580 616 617 618 618 618 619 620 621 621 622 623 624
569 569 517 517 517 517 517 517 517 517 517 517 516 516 516 516 516 516 516 516 516 516 516 516 516 516 516 516 516 516 516 516 515 515 515 515 515 515 515 515 515 515 515 515 515 519 527 532 535 538 541 543 545 547 549 551 553 555 556 558 559 561 561 562 564 565 566 567 568 569 571 572 573 574 574 575 576 577 577 578 579 580 616 617 618 618 618 619 620 620 621 622 623 623
569 569 517 517 517 517 517 517 517 517 517 517 517 516 516 516 516 516 516 516 516 516 516 516 516 516 516 516 516 516 516 516 515 515 515 515 515 515 515 515 515 515 515 515 515 515 525 531 534 537 540 542 545 547 549 551 552 554 556 557 559 560 561 562 563 564 566 567 568 569 570 571 572 573 574 574 575 576 577 578 579 580 581 616 617 618 618 619 619 620 621 622 622 623
569 569 517 517 517 517 517 517 517 517 517 517 517 516 516 516 516 516 516 516 516 516 516 516 516 516 516 516 516 516 516 516 515 515 515 515 515 515 515 515 515 515 515 515 515 515 523 529 532 536 539 541 544 546 548 550 552 553 555 557 558 560 560 561 563 564 565 566 568 569 570 571 572 573 574 574 575 576 577 578 579 579 580 616 617 618 618 618 619 620 621 621 622 623
569 569 517 517 517 517 517 517 517 517 517 517 517 516 516 516 516 516 516 516 516 516 516 516 516 516 516 516 516 516 516 516 516 515 515 515 515 515 515 515 515 515 515 515 515 515 520 528 532 535 538 541 543 545 547 549 551 553 555 556 558 559 560 561 562 564 565 566 567 568 569 571 572 573 574 574 575 575 576 577 578 579 580 581 617 617 617 618 619 620 620 621 622 622
569 569 517 517 517 517 517 517 517 517 517 517 517 517 516 516 516 516 516 516 516 516 516 516 516 516 516 516 516 516 516 516 516 515 515 515 515 515 515 515 515 515 515 515 515 515 515 526 531 534 537 540 542 545 547 549 551 552 554 556 557 559 560 560 562 563 564 566 567 568 569 570 571 572 573 573 574 575 576 577 578 579 580 580 616 617 617 618 618 619 620 621 621 622
569 569 569 517 517 517 517 517 517 517 517 517 517 517 516 516 516 516 516 516 516 516 516 516 516 516 516 516 516 516 516 516 516 515 515 515 515 515 515 515 515 515 515 515 515 515 515 524 529 533 536 539 541 544 546 548 550 552 553 555 557 558 560 560 561 563 564 565 566 567 569 570 571 572 573 573 574 575 576 577 578 578 579 580 581 617 617 617 618 619 620 620 621 622
569 569 569 517 517 517 517 517 517 517 517 517 517 517 516 516 516 516 516 516 516 516 516 516 516 516 516 516 516 516 516 516 516 515 515 515 515 515 515 515 515 515 515 515 515 515 515 521 528 531 535 538 541 543 545 547 549 551 553 555 556 558 559 560 561 562 563 565 566 567 568 569 570 571 572 572 573 574 575 576 577 578 579 580 581 581 617 617 618 619 619 620 621 622
569 569 569 517 517 517 517 517 517 517 517 517 517 517 516 516 516 516 516 516 516 516 516 516 516 516 516 516 516 516 516 516 516 515 515 515 515 515 515 515 515 515 515 515 515 515 515 515 526 530 534 537 540 542 545 547 549 551 552 554 556 557 559 559 560 562 563 564 565 567 568 569 570 571 572 572 573 574 575 576 577 578 579 579 580 581 617 617 618 618 619 620 621 621
569 569 569 517 517 517 517 517 517 517 517 517 517 517 516 516 516 516 516 516 516 516 516 516 516 516 516 516 516 516 516 516 516 516 515 515 515 515 515 515 515 515 515 515 515 515 515 515 524 529 533 536 539 541 544 546 548 550 552 553 555 557 558 559 560 561 563 564 565 566 567 569 570 571 572 573 573 574 575 576 576 577 578 579 580 581 582 616 617 618 619 619 620 621
569 569 569 517 517 517 517 517 517 517 517 517 517 517 517 516 516 516 516 516 516 516 516 516 516 516 516 516 516 516 516 516 516 516 515 515 515 515 515 515 515 515 515 515 515 515 515 515 521 528 531 535 538 541 543 545 547 549 551 553 554 556 558 558 559 561 562 563 565 566 567 568 569 570 571 572 572 573 574 575 576 577 578 579 580 580 581 581 617 618 618 619 620 621
569 569 569 517 517 517 517 517 517 517 517 517 517 517 517 516 516 516 516 516 516 516 516 516 516 516 516 516 516 516 516 516 516 516 515 515 515 515 515 515 515 515 515 515 515 515 515 515 515 526 530 534 537 540 542 545 547 549 550 552 554 556 557 559 559 560 562 563 564 565 567 568 569 570 571 572 572 573 574 575 576 577 578 578 579 580 581 581 582 617 618 619 620 620
569 569 569 569 517 517 517 517 517 517 517 517 517 517 517 516 516 516 516 516 516 516 516 516 516 516 516 516 516 516 516 516 516 516 515 515 515 515 515 515 515 515 515 515 515 515 515 515 515 524 529 533 536 539 541 544 546 548 550 552 553 555 557 558 558 560 561 562 564 565 566 567 568 569 571 572 572 573 574 574 575 576 577 578 579 580 581 580 581 582 618 619 619 620
569 569 569 569 517 517 517 517 517 517 517 517 517 517 517 516 516 516 516 516 516 516 516 516 516 516 516 516 516 516 516 516 516 516 515 515 515 515 515 515 515 515 515 515 515 515 515 515 515 521 527 531 535 538 541 543 545 547 549 551 553 554 556 557 558 559 561 562 563 564 566 567 568 569 570 571 571 572 573 574 575 576 577 578 579 579 580 580 581 582 582 618 619 620
569 569 569 569 517 517 517 517 517 517 517 517 517 517 517 516 516 516 516 516 516 516 516 516 516 516 516 516 516 516 516 516 516 516 515 515 515 515 515 515 515 515 515 515 515 515 515 515 515 515 525 530 534 537 540 542 544 547 549 550 552 554 555 557 557 559 560 562 563 564 565 566 568 569 570 571 571 572 573 574 575 576 577 577 578 579 580 580 581 581 582 583 619 619
569 569 569 569 517 517 517 517 517 517 517 517 517 517 517 516 516 516 516 516 516 516 516 516 516 516 516 516 516 516 516 516 516 516 515 515 515 515 515 515 515 515 515 515 515 515 515 515 515 515 523 529 533 536 539 541 544 546 548 550 552 553 555 556 557 558 560 561 562 564 565 566 567 568 569 570 570 571 572 573 574 575 576 577 578 579 580 579 580 581 582 583 583 619
569 569 569 569 517 517 517 517 517 517 517 517 517 517 517 517 516 516 516 516 516 516 516 516 516 516 516 516 516 516 516 516 516 516 515 515 515 515 515 515 515 515 515 515 515 515 515 515 515 515 520 527 531 535 538 541 543 545 547 549 551 553 554 556 556 558 559 561 562 563 564 566 567 568 569 570 570 571 572 573 574 575 576 577 578 578 579 579 580 581 581 582 583 584
569 569 569 569 517 517 517 517 517 517 517 517 517 517 517 517 516 516 516 516 516 516 516 516 516 516 516 516 516 516 516 516 516 516 516 515 515 515 515 515 515 515 515 515 515 515 515 515 515 515 514 525 530 534 537 540 542 544 546 548 550 552 554 555 556 557 559 560 561 563 564 565 566 567 568 570 570 571 572 573 574 574 575 576 577 578 579 579 580 580 581 582 583 583
569 569 569 569 517 517 517 517 517 517 517 517 517 517 517 517 516 516 516 516 516 516 516 516 516 516 516 516 516 516 516 516 516 516 516 515 515 515 515 515 515 515 515 515 515 515 515 515 515 515 514 523 528 533 536 539 541 544 546 548 550 551 553 555 555 557 558 560 561 562 563 565 566 567 568 569 569 570 571 572 573 574 575 576 577 578 579 578 579 580 581 582 582 583
569 569 569 569 569 517 517 517 517 517 517 517 517 517 517 517 516 516 516 516 516 516 516 516 516 516 516 516 516 516 516 516 516 516 516 515 515 515 515 515 515 515 515 515 515 515 515 515 515 515 514 520 527 531 535 538 540 543 545 547 549 551 553 554 555 556 558 559 560 562 563 564 565 566 568 569 569 570 571 572 573 574 575 576 576 577 578 579 579 580 580 581 582 583
569 569 569 569 569 517 517 517 517 517 517 517 517 517 517 517 516 516 516 516 516 516 516 516 516 516 516 516 516 516 516 516 516 516 516 515 515 515 515 515 515 515 515 515 515 515 515 515 515 515 514 514 525 530 534 537 539 542 544 546 548 550 552 554 554 556 557 559 560 561 562 564 565 566 567 568 568 569 570 571 572 573 574 575 576 577 578 579 579 579 580 581 582 582
569 569 569 569 569 517 517 517 517 517 517 517 517 517 517 517 516 516 516 516 516 516 516 516 516 516 516 516 516 516 516 516 516 516 516 515 515 515 515 515 515 515 515 515 515 515 515 515 515 515 514 514 523 528 532 536 539 541 543 546 548 549 551 553 554 555 557 558 559 561 562 563 564 566 567 568 568 569 570 571 572 573 574 575 576 577 577 578 578 579 580 581 581 582
569 569 569 569 569 517 517 517 517 517 517 517 517 517 517 517 516 516 516 516 516 516 516 516 516 516 516 516 516 516 516 516 516 516 516 515 515 515 515 515 515 515 515 515 515 515 515 515 515 515 514 514 519 527 531 535 538 540 543 545 547 549 551 552 553 555 556 557 559 560 561 563 564 565 566 567 568 569 570 571 572 573 574 574 575 576 577 578 578 579 579 580 581 582
569 569 569 569 569 517 517 517 517 517 517 517 517 517 517 517 516 516 516 516 516 516 516 516 516 516 516 516 516 516 516 516 516 516 516 515 515 515 515 515 515 515 515 515 515 515 515 515 515 515 515 514 514 525 530 533 537 539 542 544 546 548 550 552 552 554 555 557 558 560 561 562 563 565 566 567 567 568 569 570 571 572 573 574 575 576 577 578 577 578 579 580 581 581
569 569 569 569 569 517 517 517 517 517 517 517 517 517 517 517 516 516 516 516 516 516 516 516 516 516 516 516 516 516 516 516 516 516 516 515 515 515 515 515 515 515 515 515 515 515 515 515 515 515 514 514 514 522 528 532 535 538 541 543 545 547 549 551 552 553 555 556 558 559 560 562 563 564 565 567 567 568 569 570 571 572 573 574 575 575 576 577 577 578 579 580 580 581
569 569 569 569 569 569 517 517 517 517 517 517 517 517 517 517 516 516 516 516 516 516 516 516 516 516 516 516 516 516 516 516 516 516 516 515 515 515 515 515 515 515 515 515 515 515 515 515 515 515 514 514 514 519 526 531 534 537 540 542 545 547 549 550 551 553 554 556 557 559 560 561 563 564 565 566 566 567 568 569 570 571 572 573 574 575 576 577 577 578 578 579 580 581
569 569 569 569 569 569 517 517 517 517 517 517 517 517 517 517 516 516 516 516 516 516 516 516 516 516 516 516 516 516 516 516 516 516 516 515 515 515 515 515 515 515 515 515 515 515 515 515 515 515 514 514 514 514 524 529 533 536 539 542 544 546 548 550 550 552 554 555 557 558 559 561 562 563 564 566 566 567 568 569 570 571 572 573 574 575 576 576 576 577 578 579 580 580
569 569 569 569 569 569 517 517 517 517 517 517 517 517 517 517 516 516 516 516 516 516 516 516 516 516 516 516 516 516 516 516 516 516 516 515 515 515 515 515 515 515 515 515 515 515 515 515 515 515 514 514 514 514 522 528 532 535 538 541 543 545 547 549 550 552 553 555 556 558 559 560 562 563 564 565 565 566 567 569 570 571 572 572 573 574 575 576 576 577 578 578 579 580
569 569 569 569 569 569 517 517 517 517 517 517 517 517 517 517 516 516 516 516 516 516 516 516 516 516 516 516 516 516 516 516 516 516 516 515 515 515 515 515 515 515 515 515 515 515 515 515 515 515 514 514 514 514 518 526 530 534 537 540 542 544 546 548 549 551 553 554 556 557 558 560 561 562 564 565 565 566 567 568 569 570 571 572 573 574 575 575 576 576 577 578 579 580
569 569 569 569 569 569 517 517 517 517 517 517 517 517 517 517 516 516 516 516 516 516 516 516 516 516 516 516 516 516 516 516 516 516 516 515 515 515 515 515 515 515 515 515 515 515 515 515 515 515 514 514 514 514 514 524 529 533 536 539 541 544 546 548 548 550 552 553 555 556 558 559 561 562 563 564 564 565 567 568 569 570 571 572 573 574 574 574 575 576 577 578 579 579
569 569 569 569 569 569 517 517 517 517 517 517 517 517 517 517 516 516 516 516 516 516 516 516 516 516 516 516 516 516 516 516 516 516 515 515 515 515 515 515 515 515 515 515 515 515 515 515 515 515 514 514 514 514 514 521 527 531 535 538 540 543 545 547 548 550 551 553 554 556 557 559 560 561 563 564 564 565 566 567 568 569 570 571 572 573 574 574 575 576 577 577 578 579
569 569 569 569 569 569 517 517 517 517 517 517 517 517 517 516 516 516 516 516 516 516 516 516 516 516 516 516 516 516 516 516 516 516 515 515 515 515 515 515 515 515 515 515 515 515 515 515 515 515 514 514 514 514 514 518 525 530 534 537 539 542 544 546 547 549 551 552 554 555 557 558 559 561 562 563 563 565 566 567 568 569 570 571 572 573 574 574 574 575 576 577 578 579
569 569 569 569 569 569 569 517 517 517 517 517 517 517 517 516 516 516 516 516 516 516 516 516 516 516 516 516 516 516 516 516 516 516 515 515 515 515 515 515 515 515 515 515 515 515 515 515 515 515 514 514 514 514 514 514 523 528 532 536 538 541 543 545 546 548 550 552 553 555 556 558 559 560 562 563 563 564 565 566 567 568 569 570 571 572 573 573 574 575 576 577 577 578
569 569 569 569 569 569 569 517 517 517 517 517 517 517 517 516 516 516 516 516 516 516 516 516 516 516 516 516 516 516 516 516 516 516 515 515 515 515 515 515 515 515 515 515 515 515 515 515 515 515 514 514 514 514 514 514 520 527 531 534 537 540 542 545 546 548 549 551 553 554 556 557 558 560 561 562 562 564 565 566 567 568 569 570 571 572 573 573 574 575 575 576 577 578
569 569 569 569 569 569 569 517 517 517 517 517 517 517 517 516 516 516 516 516 516 516 516 516 516 516 516 516 516 516 516 516 516 516 515 515 515 515 515 515 515 515 515 515 515 515 515 515 515 515 514 514 514 514 514 514 514 525 530 533 536 539 542 544 545 547 549 550 552 554 555 556 558 559 560 562 562 563 564 565 566 568 569 570 571 571 572 572 573 574 575 576 577 577
569 569 569 569 569 569 569 517 517 517 517 517 517 517 517 516 516 516 516 516 516 516 516 516 516 516 516 516 516 516 516 516 516 516 515 515 515 515 515 515 515 515 515 515 515 515 515 515 515 515 514 514 514 514 514 514 514 522 528 532 535 538 541 543 544 546 548 550 551 553 554 556 557 559 560 561 561 563 564 565 566 567 568 569 570 571 572 572 573 574 575 575 576 577
569 569 569 569 569 569 569 517 517 517 517 517 517 517 517 516 516 516 516 516 516 516 516 516 516 516 516 516 516 516 516 516 516 516 515 515 515 515 515 515 515 515 515 515 515 515 515 515 515 515 514 514 514 514 514 514 514 518 526 531 534 537 540 541 543 545 547 549 551 552 554 555 557 558 559 561 561 562 563 564 566 567 568 569 570 571 572 572 572 573 574 575 576 577
