testData/tiles/oneDegree/grid27.0-40.0-28.0-41.0.asc
ncols   200
nrows   200
xllcorner   27.0
yllcorner   40.0
cellsize   0.005
NODATA_value   -9999.0
[rows 84 to 125 of 200, columns 0 to 93 of 200]
573 572 572 573 573 573 573 574 574 574 575 575 576 576 577 577 579 579 578 579 580 617 617 616 618 618 618 619 620 620 621 621 620 622 622 623 623 624 624 625 625 624 626 627 627 626 628 628 628 629 629 630 630 630 630 631 632 632 632 632 633 633 633 634 635 636 739 739 740 741 742 742 743 743 744 744 745 745 746 747 749 750 750 751 752 755 755 756 756 758 701 702 703 705
572 572 572 573 572 572 573 574 574 574 574 575 575 576 577 577 578 578 578 580 579 581 616 617 618 617 617 618 620 620 620 620 621 622 621 622 624 624 623 624 624 625 625 626 626 627 627 627 627 629 629 629 629 630 630 630 632 632 631 632 633 633 633 634 636 739 739 739 741 741 742 742 743 744 744 744 745 746 747 747 748 749 749 751 753 754 754 755 755 758 758 701 702 704
572 571 572 572 572 572 573 573 573 573 575 575 574 576 577 577 578 577 578 579 580 581 580 616 617 617 617 619 619 619 620 620 620 621 621 623 623 623 623 624 624 624 625 626 626 626 627 627 626 629 629 629 628 630 630 629 631 631 632 632 633 633 634 635 636 739 739 740 741 741 742 742 744 744 744 744 745 747 747 747 748 748 749 750 752 753 753 755 755 757 757 759 701 704
571 572 572 571 571 572 573 573 573 573 573 574 574 577 576 576 577 577 578 578 579 580 581 581 581 616 617 619 619 618 620 620 620 620 622 622 623 623 622 624 624 625 624 626 626 626 626 626 627 629 628 628 629 629 629 629 631 632 632 632 633 634 634 635 636 739 740 740 741 741 742 743 744 744 744 744 746 747 747 747 748 749 749 749 751 752 753 754 754 756 756 759 759 703
571 571 571 571 572 572 572 572 572 573 573 573 573 576 576 576 576 577 577 578 579 580 580 580 581 582 616 618 618 619 620 619 619 620 622 621 622 622 623 623 623 624 625 625 625 625 626 626 627 628 628 628 628 629 629 630 632 632 632 632 634 634 635 635 636 740 740 740 741 741 743 743 744 744 744 745 746 747 747 747 749 749 749 749 751 752 753 753 754 755 757 758 759 702
571 571 570 570 571 571 572 572 572 572 572 573 574 575 575 575 577 577 576 577 579 580 580 579 581 581 581 618 618 618 619 619 618 620 621 621 622 622 622 623 623 624 624 625 625 624 626 626 627 627 628 628 628 629 629 631 631 632 632 633 634 634 635 635 637 740 740 740 741 743 743 743 744 744 745 745 747 747 747 748 749 749 749 749 752 752 752 752 753 755 756 757 758 759
570 570 570 571 571 570 571 572 572 572 571 573 573 575 575 576 576 576 576 578 579 579 579 580 581 580 580 582 618 618 618 618 619 620 620 620 622 622 621 621 623 624 623 624 624 625 625 625 626 628 628 628 628 629 630 631 631 632 633 633 634 634 635 636 637 740 740 740 742 743 743 743 745 745 745 745 747 748 748 748 749 749 750 751 752 752 752 752 753 754 756 756 757 758
570 570 570 570 570 571 572 571 571 571 572 573 574 574 575 575 576 576 576 578 578 579 578 579 580 580 580 582 582 617 618 619 618 619 620 621 621 621 621 621 622 623 623 624 624 624 625 625 627 627 628 628 628 630 630 631 631 633 633 633 634 634 636 636 637 740 740 741 742 743 743 744 745 745 745 745 748 748 748 748 749 750 750 751 751 752 753 753 753 754 755 756 757 757
569 569 570 570 569 570 571 571 571 570 571 572 573 574 575 574 575 575 576 578 577 577 579 579 579 579 581 582 582 581 618 618 618 619 620 620 621 620 620 621 623 623 622 624 624 624 625 627 627 627 628 628 629 630 630 631 632 633 633 633 634 635 636 636 637 740 741 741 742 743 744 744 745 745 745 746 748 748 748 748 750 750 750 751 751 753 753 753 753 754 756 756 756 756
569 569 569 569 569 571 570 570 570 571 571 572 572 574 574 574 575 575 575 577 577 578 578 578 579 580 580 581 581 582 583 617 617 619 620 619 620 620 621 620 622 622 623 624 624 624 625 627 627 627 628 629 629 630 631 632 632 633 633 633 635 636 636 636 740 741 741 741 743 744 744 744 745 745 746 746 748 748 748 749 750 750 750 751 752 753 753 753 753 755 756 756 756 756
569 569 569 568 569 570 570 570 570 570 570 571 573 574 573 573 575 575 575 576 577 577 578 577 579 579 580 581 580 581 582 582 616 619 619 619 618 620 620 620 622 623 623 624 624 624 626 627 627 627 629 629 629 630 632 632 632 633 633 634 635 636 636 636 741 741 741 741 744 744 744 744 745 746 746 747 748 748 749 749 750 750 751 752 752 753 753 753 754 755 756 756 756 757
366 366 366 367 367 367 569 570 570 570 570 571 572 573 573 574 574 574 574 576 577 576 577 577 578 578 579 580 581 581 581 581 582 584 618 618 619 620 620 620 623 623 623 624 624 625 626 627 627 628 629 629 629 630 632 632 632 633 634 634 634 636 636 637 741 741 741 742 744 744 744 744 746 746 746 747 748 749 749 749 750 750 752 752 752 753 753 754 754 756 756 756 757 757
366 366 365 366 366 367 367 367 367 367 367 571 572 571 572 573 574 574 573 576 576 576 576 577 577 578 579 579 580 580 580 581 581 582 583 619 619 620 620 620 623 623 623 624 625 625 626 627 628 628 629 629 629 631 632 632 632 634 634 634 634 636 637 637 741 741 742 742 744 744 744 745 746 746 746 747 749 749 749 749 750 751 752 752 752 754 754 754 754 756 757 757 757 757
365 365 366 366 366 366 367 367 367 366 367 369 369 369 371 370 371 573 575 575 575 575 577 577 576 578 579 579 580 579 580 581 582 582 584 584 619 620 620 621 623 623 623 625 625 625 625 628 628 628 629 629 630 631 632 632 633 634 634 634 634 637 637 637 741 742 742 742 744 744 745 745 746 746 747 748 749 749 749 750 750 751 752 752 753 754 754 754 754 757 757 757 757 757
365 365 365 365 366 367 366 366 366 367 367 368 368 369 370 370 370 371 372 373 373 373 374 374 576 579 578 578 579 579 580 581 582 582 584 584 584 620 621 622 623 623 624 625 625 625 627 628 628 628 629 630 630 631 632 633 633 634 634 634 636 637 637 637 741 742 742 742 744 745 745 745 746 747 747 748 749 749 750 750 750 751 752 753 753 754 754 754 755 756 757 757 757 758
364 365 365 364 365 366 366 366 365 366 366 368 368 368 369 369 370 371 371 372 372 373 374 373 373 376 376 376 377 378 378 379 582 583 584 584 584 586 586 622 623 624 624 625 625 625 627 628 628 628 630 630 630 631 633 633 633 634 634 635 636 637 637 638 741 742 742 743 744 745 745 745 746 747 748 748 748 750 750 750 750 752 753 753 753 754 754 755 756 756 757 757 758 758
364 364 364 364 366 365 365 365 366 366 365 367 368 368 369 368 369 370 371 372 372 372 373 373 374 376 376 376 378 378 378 379 381 381 382 382 383 384 384 385 624 624 624 625 625 626 627 628 628 629 630 630 630 632 633 633 633 634 635 635 636 637 638 638 741 742 742 744 744 745 745 746 746 747 748 748 749 750 750 750 750 753 753 753 753 754 755 755 756 756 757 758 758 758
364 364 363 364 365 365 365 365 365 365 365 368 367 367 368 369 369 369 370 372 372 372 373 374 374 376 376 377 378 378 378 380 381 381 382 383 383 384 384 385 387 422 422 422 424 424 425 426 427 427 630 630 631 632 633 633 633 635 635 635 636 638 638 638 741 742 743 744 744 745 746 746 746 747 748 749 749 750 750 750 751 753 753 753 753 755 755 755 756 756 758 758 758 758
363 363 363 364 364 364 365 365 365 364 365 367 367 367 368 368 368 369 371 372 372 372 374 374 374 376 377 377 378 378 378 380 381 381 382 383 383 384 384 386 387 387 387 423 424 424 425 427 427 427 428 428 429 430 431 431 432 433 433 433 435 436 436 638 741 743 743 744 744 746 746 746 746 747 749 749 749 750 750 751 751 753 753 754 754 754 755 755 757 757 758 758 758 759
362 362 363 364 364 364 364 364 364 364 366 366 366 366 368 368 368 370 371 371 372 372 374 374 375 376 377 377 378 378 379 381 381 381 383 383 383 384 386 386 387 387 388 388 424 425 426 427 427 427 427 429 429 430 431 432 432 432 433 434 435 436 436 436 540 541 541 542 543 544 544 544 544 546 547 547 547 548 549 549 549 551 552 552 552 552 553 554 555 555 556 556 557 557
362 363 362 363 363 364 364 364 363 364 365 365 366 367 368 368 368 371 371 371 372 373 374 374 375 377 377 377 378 379 379 381 381 382 383 383 383 385 386 386 386 388 388 388 389 425 426 427 427 427 428 429 430 430 432 432 432 432 434 435 435 436 436 540 540 541 542 543 543 544 544 544 545 547 547 547 547 549 549 549 550 552 552 552 552 552 554 554 555 555 556 557 557 557
361 362 362 363 363 363 363 363 364 364 365 365 367 367 368 368 369 371 371 371 373 373 373 374 376 377 377 377 379 379 379 381 382 382 383 383 384 384 386 386 386 388 388 388 389 391 391 427 427 428 428 429 430 431 432 432 432 432 434 435 435 435 437 540 540 541 543 543 543 544 544 545 545 547 547 547 548 549 549 549 551 551 552 552 552 553 554 555 555 555 557 557 557 557
362 361 361 362 363 363 363 363 364 364 365 365 367 367 368 368 369 371 371 371 373 373 373 375 376 376 377 377 379 379 379 381 382 382 382 383 384 384 386 386 387 388 388 388 390 391 391 392 428 428 428 429 431 431 432 432 432 433 434 435 435 436 437 540 540 542 543 543 543 544 545 545 545 547 547 548 548 549 549 550 551 551 552 552 553 553 554 555 555 556 556 557 557 557
361 361 361 363 363 363 363 364 364 364 365 366 367 367 367 369 369 371 371 372 373 373 373 375 376 376 377 378 378 379 379 381 382 382 382 384 384 384 386 387 387 388 388 389 390 391 391 392 393 428 428 429 431 431 431 432 433 433 434 435 436 436 437 540 540 541 543 543 543 544 545 545 545 546 548 548 548 548 550 550 551 551 552 553 553 553 554 555 556 556 556 557 558 558
361 361 361 363 363 363 364 364 364 364 366 366 367 367 368 369 369 371 372 372 373 373 374 375 376 376 378 378 378 379 380 381 382 382 383 384 384 384 387 387 387 388 389 389 390 391 392 392 393 393 393 430 431 431 431 433 433 433 434 436 436 436 437 540 541 541 543 543 544 544 545 545 545 547 548 548 548 549 550 550 551 551 553 553 553 553 554 556 556 556 556 558 558 558
361 361 362 363 363 363 364 364 364 364 366 366 367 367 368 369 369 372 372 372 373 374 374 375 376 377 378 378 378 380 380 381 382 383 383 384 384 385 387 387 387 388 389 389 389 391 392 392 393 393 394 395 431 431 432 433 433 433 435 436 436 436 437 541 541 541 543 544 544 544 545 545 546 547 548 548 549 549 550 550 551 552 553 553 553 554 554 556 556 556 557 558 558 558
361 362 363 363 363 364 364 364 364 366 366 366 367 368 368 369 370 371 372 372 373 374 374 376 376 377 378 378 378 380 381 381 382 383 383 384 384 386 387 387 387 389 389 389 390 392 392 392 393 394 394 396 396 397 432 433 433 433 435 436 436 436 438 541 541 542 544 544 544 544 545 546 547 547 548 549 549 549 550 551 552 552 553 553 554 554 555 556 556 557 557 558 558 558
361 362 363 363 364 364 364 364 365 366 366 366 368 368 368 369 371 371 372 372 373 374 374 376 377 377 378 378 379 380 381 381 383 383 383 384 385 386 387 387 388 388 389 389 391 392 392 392 394 394 394 395 397 397 397 433 433 434 435 436 436 437 438 541 541 543 544 544 544 544 546 546 547 547 549 549 549 549 550 552 552 552 552 554 554 554 555 556 557 557 557 558 558 560
362 362 363 363 364 364 364 364 365 366 366 366 367 368 368 370 371 371 372 373 373 374 374 377 377 377 378 379 379 380 381 382 383 383 383 385 385 386 387 388 388 388 389 390 391 392 392 393 394 394 394 395 397 397 397 398 399 434 435 436 437 437 437 541 542 543 544 544 544 545 546 546 547 548 549 549 549 549 551 552 552 552 553 554 554 554 555 557 557 557 557 557 559 560
362 362 363 364 364 364 364 365 365 366 366 367 367 368 368 370 371 371 372 373 373 374 374 376 377 377 378 379 379 380 382 382 383 383 384 385 385 386 386 388 388 388 389 390 391 392 392 393 394 394 394 396 397 397 397 399 399 399 435 437 437 437 437 541 542 543 543 544 545 545 545 546 548 548 548 549 549 550 550 552 552 553 553 554 554 554 556 557 557 557 557 558 559 560
362 362 363 364 364 364 365 365 365 366 367 367 367 368 369 370 371 371 373 373 373 374 375 376 377 377 378 379 379 379 382 382 382 383 384 384 385 386 387 388 388 388 390 390 391 392 393 393 393 394 395 396 397 397 398 398 399 399 401 402 437 437 437 542 542 543 543 545 545 545 545 547 548 548 548 549 550 550 550 552 553 553 553 554 554 555 556 556 557 557 558 558 559 560
362 362 364 364 364 364 365 365 365 366 367 367 367 369 369 369 371 372 373 373 373 375 375 376 377 378 378 379 379 380 382 382 382 384 384 384 385 387 387 388 388 389 390 390 391 393 393 393 393 395 395 396 397 398 398 398 399 399 401 402 402 402 438 542 542 543 544 545 545 545 546 547 548 548 548 550 550 550 550 553 553 553 553 554 555 555 556 556 557 558 558 558 559 561
362 363 364 364 364 365 365 365 365 367 367 367 367 369 369 369 371 372 373 373 373 375 375 376 378 378 378 379 380 380 382 382 383 384 384 384 386 387 387 388 389 389 390 390 392 392 393 393 394 395 395 396 397 398 398 398 399 400 401 401 402 403 403 542 542 544 544 545 545 545 546 547 548 548 549 550 550 550 551 553 553 553 553 554 555 555 556 556 558 558 558 558 559 561
362 364 364 364 364 365 365 365 367 367 367 367 368 369 369 370 372 372 372 373 374 375 376 376 378 378 378 379 380 381 382 382 383 384 384 384 387 387 387 388 389 389 389 391 392 392 393 393 394 395 396 396 397 398 398 398 400 401 401 401 403 403 403 506 509 544 544 545 545 546 546 548 548 549 549 550 550 551 552 552 553 553 554 554 555 556 557 557 558 558 558 559 560 561
363 364 364 364 365 365 365 365 367 367 367 367 368 369 369 371 372 372 372 374 374 374 376 377 378 378 378 380 380 381 382 383 383 384 384 385 387 387 387 389 389 389 389 392 392 392 393 394 394 395 396 397 397 398 398 399 400 401 401 402 403 403 403 506 509 509 509 544 546 546 546 547 549 549 549 549 550 551 552 552 553 554 554 554 555 557 557 557 558 558 559 559 560 561
363 364 364 365 365 365 365 366 367 367 367 368 368 368 369 371 372 372 372 374 374 374 377 377 377 378 379 380 380 381 383 383 383 384 385 385 386 387 388 388 389 389 390 392 392 392 394 394 394 394 397 397 397 398 399 399 399 401 401 402 403 403 403 507 509 509 509 510 546 546 546 548 549 549 549 549 551 551 552 552 554 554 554 554 555 557 557 557 557 559 559 559 560 561
363 364 364 365 365 365 365 366 367 367 368 368 368 368 370 371 372 372 373 374 374 374 377 377 377 378 379 379 380 381 382 383 383 383 385 385 386 388 388 388 389 390 390 392 392 393 394 394 394 395 397 397 397 398 399 399 399 401 402 402 403 403 404 507 509 509 510 510 511 511 547 548 549 549 549 550 551 551 552 553 554 554 554 554 556 557 557 557 558 559 559 559 560 561
363 364 365 365 365 365 366 366 367 367 368 368 368 368 370 371 371 373 373 374 374 375 377 377 377 379 379 379 380 382 382 383 383 384 385 385 386 388 388 388 389 390 390 392 392 393 393 394 394 395 397 397 397 399 399 399 399 402 402 402 402 404 404 507 509 510 510 510 511 511 512 513 549 549 550 550 551 551 553 553 554 554 554 555 555 557 557 558 558 559 559 559 561 561
363 364 365 365 365 366 366 366 367 368 368 368 368 369 370 371 371 373 373 373 374 375 377 377 378 379 379 379 381 382 382 383 384 384 385 385 387 388 388 388 390 390 390 391 393 393 393 394 395 395 397 397 398 398 399 399 400 402 402 402 403 404 404 507 509 510 510 510 511 512 512 513 514 515 550 550 551 552 553 553 553 554 555 555 555 557 558 558 558 559 559 560 561 561
363 365 365 365 365 366 366 366 367 368 368 368 369 369 370 371 372 373 373 373 375 375 376 377 378 379 379 379 381 382 382 383 384 384 385 386 387 388 388 389 390 390 390 392 393 393 393 395 395 395 397 398 398 398 399 400 400 402 402 403 403 404 404 507 509 510 510 510 511 512 512 513 514 515 515 515 551 552 553 553 553 555 555 555 555 558 558 558 558 558 560 560 561 561
363 365 365 365 366 366 366 366 368 368 368 368 369 369 369 371 372 373 373 374 375 375 376 378 378 378 379 380 381 382 382 384 384 384 385 386 387 387 388 389 389 390 390 392 393 393 393 395 395 396 396 398 398 398 399 400 401 401 402 403 403 404 404 509 509 510 510 511 511 512 513 514 514 515 515 516 516 553 553 553 554 555 555 555 557 557 558 558 558 559 560 561 561 562
364 365 365 365 366 366 366 367 368 368 368 369 369 369 369 372 372 373 373 374 375 376 376 378 378 378 380 380 381 382 383 383 384 384 385 387 387 387 389 389 389 390 392 392 393 393 394 395 395 396 397 398 398 398 400 400 401 401 403 403 403 403 405 509 509 510 511 511 511 512 514 514 514 515 515 516 516 518 518 554 554 555 555 556 557 557 558 558 559 559 560 561 562 562
