testData/tiles/oneDegree/grid4.0-47.0-5.0-48.0.asc
ncols   200
nrows   200
xllcorner   4.0
yllcorner   47.0
cellsize   0.005
NODATA_value   -9999.0
[rows 0 to 41 of 200, columns 94 to 187 of 200]
927 925 924 923 921 919 918 917 915 913 913 911 909 907 906 904 903 901 899 898 897 895 893 892 889 888 886 782 781 780 777 776 774 772 770 768 766 765 762 761 759 758 757 755 754 752 751 750 748 746 744 743 741 740 739 736 735 733 732 730 728 726 725 722 721 719 717 715 714 712 712 711 711 710 709 709 708 708 707 707 706 705 705 704 703 703 702 702 701 700 699 699 698 697
927 926 924 923 921 920 918 917 916 914 912 911 910 907 906 904 903 902 900 899 896 895 894 892 890 889 886 783 780 779 777 776 774 773 770 769 767 765 763 761 760 759 757 756 754 753 751 749 748 746 745 743 742 741 738 737 735 734 732 730 728 727 724 723 721 719 717 716 713 713 712 712 711 711 710 709 709 708 708 707 707 706 705 705 704 703 703 702 702 701 700 699 699 698
928 926 924 923 922 920 919 917 916 914 913 910 910 909 907 905 903 903 900 899 897 895 893 893 890 889 888 783 782 780 778 776 774 772 771 769 768 766 763 762 760 758 757 755 754 752 751 750 748 747 745 744 741 740 739 737 736 733 732 730 729 726 725 723 721 719 718 715 714 713 713 712 712 711 711 710 710 709 708 708 707 707 706 705 705 704 703 703 702 702 701 700 699 699
927 927 925 923 922 921 919 917 916 915 913 912 910 909 907 906 903 902 901 899 897 896 894 892 891 889 888 886 782 780 779 776 775 773 771 769 767 765 764 761 760 759 757 756 754 753 752 750 749 747 745 743 742 741 739 738 735 734 732 731 728 727 725 724 721 720 717 716 714 714 713 713 712 712 711 711 710 710 709 708 708 707 707 706 705 705 704 703 703 702 701 701 700 699
928 926 926 924 922 920 920 918 916 915 914 912 910 909 907 906 904 903 901 899 899 896 895 893 891 889 888 885 783 780 779 777 775 773 772 769 768 766 764 762 760 759 758 756 755 753 752 751 748 747 745 744 742 741 740 737 736 734 733 730 729 727 726 723 722 719 718 716 715 714 714 713 713 712 712 711 711 710 710 709 708 708 707 707 706 705 705 704 703 703 702 701 701 700
928 927 925 924 923 921 919 919 917 915 913 913 910 909 907 906 905 903 902 899 898 896 895 893 892 889 888 886 782 780 779 777 776 774 772 770 768 766 765 762 761 760 758 757 755 753 752 750 749 747 746 744 743 741 739 738 736 735 732 731 729 727 725 724 722 720 718 716 715 715 714 714 713 713 712 712 711 711 710 710 709 708 708 707 707 706 705 705 704 703 703 702 701 701
929 927 926 924 923 922 920 918 917 916 914 912 912 910 908 906 905 903 902 900 898 896 895 893 892 891 888 887 783 781 779 778 775 774 772 770 768 767 764 763 760 759 758 756 755 753 752 751 749 748 746 744 742 741 740 738 736 734 733 731 729 727 726 724 722 721 718 717 716 716 715 714 714 713 713 712 712 711 711 710 710 709 708 708 707 707 706 705 705 704 703 703 702 701
929 927 926 924 923 922 920 919 917 916 915 913 911 910 909 906 905 903 901 900 899 898 895 894 892 890 889 888 885 782 779 778 776 774 772 771 768 767 765 763 761 759 758 757 755 754 752 751 750 747 746 744 743 742 740 738 736 735 733 731 729 728 726 724 723 720 719 717 717 716 716 715 715 714 713 713 712 712 711 711 710 710 709 708 708 707 707 706 705 705 704 703 703 702
929 927 927 925 923 922 920 919 918 916 915 913 912 909 909 907 906 904 902 901 899 898 896 894 892 891 888 887 885 782 780 779 776 775 773 771 769 767 765 764 761 760 759 757 756 754 752 751 749 748 746 745 743 741 740 738 737 735 733 731 730 727 726 725 722 721 719 718 717 717 716 716 715 715 714 713 713 712 712 711 711 710 710 709 708 708 707 707 706 705 705 704 703 703
931 929 926 926 923 922 920 920 918 916 915 913 912 910 909 907 906 905 902 901 899 897 896 895 892 891 889 887 886 782 780 778 777 775 774 772 770 768 766 764 762 759 758 757 755 754 752 751 750 748 747 744 743 742 740 739 736 735 733 732 729 728 727 724 723 721 719 718 718 717 717 716 716 715 715 714 713 713 712 712 711 711 710 710 709 708 708 707 707 706 705 705 704 703
931 930 927 925 924 923 921 919 919 916 915 913 913 911 909 908 905 905 903 901 899 898 896 894 894 892 890 888 887 884 781 778 777 775 773 771 770 767 766 764 762 760 758 757 756 754 753 751 750 748 746 745 743 742 741 738 737 735 734 731 730 728 726 725 723 721 719 719 718 718 717 717 716 716 715 715 714 714 713 712 712 711 711 710 710 709 708 708 707 707 706 705 705 704
931 931 928 927 924 923 922 919 918 917 916 914 912 912 909 908 906 904 902 902 901 898 897 895 893 891 890 888 887 885 781 779 778 775 774 771 770 768 766 764 763 760 759 758 756 755 752 751 750 748 747 745 744 741 740 739 737 736 733 732 730 728 727 725 723 721 720 719 719 718 718 717 717 716 716 715 715 714 714 713 712 712 711 711 710 710 709 708 708 707 707 706 705 705
933 930 930 927 926 923 922 920 919 917 916 915 912 911 909 909 906 905 904 901 900 899 897 895 894 891 890 888 886 884 781 779 778 776 774 772 771 768 767 764 763 761 758 757 756 754 753 751 750 749 747 745 743 742 741 739 737 735 734 732 730 728 727 725 723 722 720 720 719 719 718 718 717 717 716 716 715 715 714 714 713 712 712 711 711 710 710 709 708 708 707 706 706 705
933 932 930 928 927 924 923 921 919 918 915 915 913 912 910 908 908 905 904 902 900 898 897 895 894 892 890 889 887 885 781 780 777 776 774 772 770 769 766 765 763 760 759 757 756 755 753 752 750 748 747 745 744 742 741 739 737 736 734 732 730 729 726 725 724 721 721 720 720 719 719 718 718 717 717 716 716 715 715 714 714 713 712 712 711 711 710 710 709 708 708 707 706 706
936 932 931 929 927 926 923 922 920 918 916 914 913 912 911 908 907 905 904 902 901 898 897 896 894 892 891 890 887 886 884 780 778 776 774 773 770 769 767 765 763 762 759 758 756 755 753 751 750 749 747 746 744 742 740 739 738 735 734 732 731 728 727 726 723 722 721 721 720 720 719 719 718 718 717 717 716 716 715 715 714 713 713 712 712 711 711 710 709 709 708 708 707 706
935 934 931 929 928 927 924 922 920 919 916 915 914 911 911 909 907 905 904 903 901 900 898 896 894 893 890 889 887 885 884 781 778 777 775 773 771 770 767 766 763 762 760 757 756 755 753 752 750 749 748 745 744 742 741 739 737 736 734 733 730 729 727 725 724 722 722 721 721 720 720 719 719 718 718 717 717 716 716 715 715 714 713 713 712 712 711 711 710 709 709 708 708 794
936 933 933 932 928 927 925 923 921 919 918 915 914 912 910 908 908 907 904 903 901 899 898 897 894 893 891 889 887 886 883 780 778 776 774 773 770 769 767 765 763 761 759 758 756 755 754 752 751 748 747 746 744 743 740 739 738 736 734 732 731 729 727 725 723 723 722 722 721 721 720 720 719 719 718 718 717 717 716 716 715 715 714 713 713 712 712 711 711 710 709 709 708 795
937 934 932 931 930 927 925 924 923 920 918 916 914 912 911 910 907 906 905 903 901 900 897 896 894 893 891 890 888 886 885 882 779 777 775 773 772 769 768 766 764 762 760 758 757 755 753 752 750 749 747 746 744 742 741 739 738 736 734 733 730 729 727 725 723 723 723 722 722 721 721 720 720 719 719 718 718 717 717 716 716 715 715 714 713 713 712 712 711 711 710 709 796 795
937 936 934 932 929 929 926 924 923 921 919 916 915 913 911 910 908 906 904 903 901 900 898 896 895 893 892 889 888 887 885 883 780 777 776 773 772 770 768 766 765 762 760 758 756 755 753 752 751 749 747 745 744 743 741 739 737 736 735 732 731 729 727 725 724 724 723 723 722 722 721 721 720 720 719 719 718 718 717 717 716 716 715 715 714 713 713 712 712 711 711 797 796 796
937 936 934 933 930 928 928 926 923 921 920 918 916 914 912 910 908 907 904 903 902 899 899 897 896 893 892 890 888 886 885 882 779 777 775 773 772 769 768 765 764 762 760 758 757 755 754 753 750 749 747 746 745 743 741 739 738 736 734 733 731 729 727 726 724 724 724 723 723 722 722 721 721 720 720 719 719 718 718 717 717 716 716 715 715 714 713 713 712 712 711 798 797 796
939 937 934 934 932 929 927 926 925 921 920 918 917 915 912 911 907 907 906 903 902 900 899 896 895 894 892 890 889 886 885 883 779 777 776 773 772 770 768 766 765 762 761 758 757 755 753 752 751 749 748 746 744 743 741 740 737 736 735 733 731 729 728 725 725 724 724 724 723 723 722 722 721 721 720 720 719 719 718 718 717 717 716 716 715 714 714 713 713 712 799 798 797 797
938 938 936 933 933 930 929 926 925 924 920 919 917 916 913 911 910 906 905 904 903 900 899 897 895 893 892 889 888 888 885 884 882 778 776 775 772 771 769 767 765 762 760 758 756 755 754 752 751 750 747 746 744 743 741 739 738 736 734 733 731 729 727 726 725 725 724 724 724 723 723 722 722 721 721 720 720 719 719 718 718 717 717 716 716 715 714 714 713 713 799 799 798 797
940 937 937 935 933 930 929 928 925 923 922 920 917 916 914 912 910 908 907 903 902 900 899 897 896 894 892 891 888 887 885 883 881 778 775 774 772 770 768 767 764 763 761 759 757 756 754 752 750 749 748 746 745 742 741 740 738 736 734 733 731 729 728 726 726 725 725 724 724 724 723 723 722 722 721 721 720 720 719 719 718 718 717 717 716 716 715 714 714 800 800 799 799 798
941 939 936 935 934 931 929 929 926 925 921 920 919 916 915 912 911 908 907 905 902 900 899 897 895 895 892 891 889 888 885 884 882 778 776 775 772 771 768 767 765 763 761 760 756 755 754 752 751 749 748 746 744 743 741 739 738 736 735 732 731 730 727 727 726 726 725 725 724 724 724 723 723 722 722 721 721 720 720 719 719 718 718 717 717 716 715 715 801 801 800 800 799 798
942 939 938 936 934 933 930 928 927 925 923 920 919 918 915 913 911 909 907 905 904 901 899 898 896 894 892 891 888 887 885 884 882 779 776 775 773 771 768 767 764 763 760 759 757 755 754 753 750 749 747 746 745 742 741 740 738 736 734 733 730 729 728 727 727 726 726 725 725 724 724 724 723 723 722 722 721 721 720 720 719 719 718 718 717 717 716 715 802 801 801 800 800 799
942 940 938 936 935 933 931 929 927 925 924 922 920 917 916 914 912 909 908 906 903 902 900 898 896 895 892 891 889 887 885 884 881 880 776 774 772 771 768 767 765 763 761 760 757 756 753 752 751 749 748 747 744 743 741 740 738 736 735 732 731 729 728 728 727 727 726 726 725 725 724 724 724 723 723 722 722 721 721 720 720 719 719 718 718 717 716 803 802 802 801 801 800 800
943 940 938 937 935 934 930 930 928 926 924 921 921 919 916 914 912 911 909 907 904 902 900 898 895 894 893 891 890 888 886 884 883 880 777 775 773 771 770 767 766 764 761 759 757 755 754 752 751 749 747 746 745 743 741 739 738 737 734 733 731 729 728 728 728 727 727 726 726 725 725 724 724 724 723 723 722 722 721 721 720 720 719 719 718 718 717 803 803 802 802 801 801 800
943 941 939 938 936 934 932 930 929 927 925 922 920 919 918 915 913 911 908 907 905 904 900 899 896 894 893 891 889 887 886 883 882 880 776 774 773 770 769 767 765 763 762 759 758 756 754 752 750 749 748 746 744 743 741 740 737 736 735 732 731 729 729 728 728 728 727 727 726 726 725 725 724 724 724 723 723 722 722 721 721 720 720 719 719 718 804 804 803 803 802 802 801 801
943 942 940 938 936 935 933 931 929 926 926 923 922 920 917 917 913 912 909 908 905 903 902 899 898 895 893 891 890 887 886 884 882 880 777 774 773 771 769 767 766 763 762 760 757 755 754 752 751 750 747 746 744 743 741 739 738 736 734 733 731 730 729 729 728 728 728 727 727 726 726 725 725 724 724 723 723 723 722 722 721 721 720 720 719 718 805 804 804 803 803 802 802 801
944 943 940 939 936 935 934 931 930 928 925 923 922 921 918 916 914 911 910 909 907 904 902 900 897 895 893 890 890 888 887 884 883 881 879 775 774 771 770 767 765 763 761 759 758 755 754 753 750 749 748 746 745 742 741 740 737 736 734 732 731 730 730 729 729 728 728 728 727 727 726 726 725 725 724 724 723 723 723 722 722 721 721 720 719 806 805 805 804 804 803 803 802 802
944 943 941 939 938 936 934 932 929 928 927 925 922 920 919 917 914 913 911 908 907 905 903 900 899 895 894 891 890 887 886 884 882 880 879 774 773 771 769 767 766 763 762 760 758 755 753 752 751 749 748 746 744 743 741 739 738 736 734 732 731 731 730 730 729 729 728 728 728 727 727 726 726 725 725 724 724 723 723 722 722 721 721 720 807 806 806 805 805 804 804 803 803 802
945 942 941 940 938 935 935 932 931 928 927 926 923 921 919 917 915 913 912 909 907 905 903 900 898 897 895 892 891 889 886 885 883 881 879 776 773 772 770 768 766 764 761 759 758 755 754 752 750 749 747 746 745 742 741 739 738 736 734 733 731 731 731 730 730 729 729 728 728 728 727 727 726 726 725 725 724 724 723 723 722 722 721 721 807 807 806 806 805 805 804 804 803 803
945 944 942 940 939 936 935 933 931 930 927 925 924 922 919 918 916 914 911 910 908 905 904 901 899 896 895 893 890 889 886 884 882 881 878 775 773 771 769 768 765 764 762 760 758 757 753 752 750 749 748 745 744 743 741 739 737 736 734 732 732 731 731 731 730 730 729 729 728 728 728 727 727 726 726 725 725 724 724 723 723 722 722 808 808 807 807 806 806 805 805 804 804 803
945 944 943 941 938 937 935 934 931 930 928 927 923 922 920 918 917 914 913 909 908 906 904 903 900 899 895 894 891 889 887 885 882 881 879 877 773 772 769 768 766 764 761 760 757 756 754 752 751 748 747 746 744 742 741 739 738 735 734 733 732 732 731 731 731 730 730 729 729 728 728 728 727 727 726 726 725 725 724 724 723 723 722 809 808 808 807 807 806 806 805 805 804 804
946 945 943 941 940 937 936 935 932 930 927 927 925 922 921 918 917 915 913 911 908 907 905 903 900 898 896 893 892 890 887 886 883 881 879 878 772 771 769 767 765 764 761 760 758 756 753 752 750 749 748 745 744 742 741 739 737 736 733 733 733 732 732 731 731 731 730 730 729 729 728 728 728 727 727 726 726 725 725 724 724 723 810 809 809 808 808 807 807 806 806 805 805 804
947 945 944 941 940 939 936 934 933 931 929 926 925 924 921 919 917 915 913 910 910 907 905 904 901 899 896 895 891 890 887 885 883 881 878 877 773 771 769 768 765 764 762 759 757 756 753 752 751 748 747 746 744 742 740 739 738 735 734 733 733 733 732 732 731 731 731 730 730 729 729 728 728 727 727 727 726 726 725 725 724 724 810 810 809 809 808 808 807 807 806 806 805 805
947 946 944 942 939 939 937 935 932 931 930 928 925 923 922 919 918 915 914 912 909 908 905 903 901 900 897 895 893 890 888 886 883 882 880 877 774 772 769 767 765 763 761 760 757 756 754 751 750 749 747 745 744 742 741 738 737 736 734 734 733 733 733 732 732 731 731 731 730 730 729 729 728 728 727 727 727 726 726 725 725 811 811 810 810 809 809 808 808 807 807 806 806 805
948 946 945 942 941 939 936 936 933 931 930 927 927 923 922 920 918 916 914 913 910 908 906 904 901 900 897 895 892 891 888 886 884 881 880 877 774 771 770 768 766 764 763 760 758 755 753 752 750 748 747 745 744 742 740 739 737 735 735 734 734 733 733 733 732 732 731 731 731 730 730 729 729 728 728 727 727 727 726 726 725 812 811 811 810 810 809 809 808 808 807 807 806 805
950 946 945 943 941 940 938 935 933 932 931 928 926 924 923 920 919 917 914 913 910 909 905 905 902 900 899 896 894 891 890 886 885 882 881 877 876 772 770 767 766 763 762 760 758 756 754 751 750 748 747 745 743 742 741 738 737 735 735 735 734 734 733 733 733 732 732 731 731 731 730 730 729 729 728 728 727 727 726 726 813 812 812 811 811 810 810 809 809 808 808 807 806 806
949 946 945 944 941 939 938 937 934 932 930 929 927 924 923 922 918 918 915 913 911 909 907 904 903 900 898 896 894 891 889 887 885 882 880 878 875 771 770 767 766 764 762 760 758 755 754 752 750 748 746 745 744 741 740 739 736 736 735 735 735 734 734 733 733 733 732 732 731 731 730 730 730 729 729 728 728 727 727 726 813 812 812 812 811 811 810 810 809 809 808 807 807 806
950 948 945 944 942 941 937 936 936 932 931 928 927 926 923 922 920 917 915 913 910 910 908 906 903 901 899 896 895 892 891 887 886 883 881 878 877 771 770 768 765 763 762 759 758 756 754 751 750 748 747 744 743 742 740 738 737 736 736 735 735 735 734 734 733 733 733 732 732 731 731 730 730 730 729 729 728 728 727 814 813 813 812 812 811 811 810 810 809 809 808 808 807 807
950 948 946 944 941 941 940 936 935 933 932 929 927 926 923 921 920 919 915 914 911 910 908 905 904 900 899 896 894 892 891 888 885 883 881 878 876 772 769 767 766 763 762 760 757 755 754 751 750 748 746 745 743 741 740 738 737 737 736 736 735 735 735 734 734 733 733 733 732 732 731 731 730 730 730 729 729 728 728 814 814 813 813 812 812 811 811 810 810 809 809 808 808 807
