testData/tiles/oneDegree/grid45.0-6.0-46.0-7.0.asc
ncols   200
nrows   200
xllcorner   45.0
yllcorner   6.0
cellsize   0.005
NODATA_value   -9999.0
[rows 0 to 39 of 200, columns 0 to 90 of 200]
822 822 822 822 891 1022 1022 1023 1023 1023 1023 1023 1023 1023 1023 1024 1025 1025 1027 1027 1027 1028 1028 1029 1029 1029 1031 1031 1031 1032 1032 802 803 803 803 804 804 804 806 806 806 806 807 807 808 809 809 809 809 810 810 810 811 811 811 812 813 813 813 813 814 814 814 814 815 815 815 815 816 816 816 986 986 987 987 987 987 988 988 989 989 989 990 990 990 990 990 992 992 992 992
821 821 822 822 822 1022 1022 1022 1022 1022 1023 1023 1023 1023 1023 1025 1025 1025 1026 1027 1028 1028 1028 1029 1029 1029 1030 1030 1030 1031 802 802 803 803 803 804 804 804 805 805 805 807 807 808 808 809 809 809 810 810 810 810 811 811 811 811 812 812 812 812 813 813 813 813 815 815 815 815 816 816 816 986 987 987 987 988 988 989 989 989 989 989 990 990 990 990 990 992 992 992 992
821 821 821 821 821 1022 1022 1022 1022 1022 1022 1022 1022 1024 1024 1025 1025 1025 1026 1026 1027 1027 1027 1029 1029 1029 1030 1030 1030 1031 801 801 802 802 803 804 804 804 806 806 806 807 807 807 807 808 808 808 809 810 810 810 811 811 811 812 812 812 812 813 813 813 813 814 814 814 814 814 815 815 815 986 987 987 987 987 987 988 988 988 988 989 989 989 989 989 989 991 991 991 991
821 821 821 821 821 952 1021 1021 1022 1022 1023 1023 1023 1023 1023 1024 1025 1026 1026 1026 1027 1027 1027 1028 1028 1028 1030 1030 1031 1031 801 802 802 802 803 803 804 804 806 806 806 807 807 807 808 808 808 808 809 809 809 810 810 810 810 811 812 812 812 813 813 813 813 814 814 814 814 815 816 816 816 986 987 987 987 987 988 988 988 988 988 989 989 989 989 989 990 990 991 991 991
820 820 820 821 821 952 1021 1021 1022 1022 1022 1023 1023 1023 1023 1024 1024 1025 1025 1025 1027 1027 1027 1028 1028 1029 1029 1029 1030 800 801 802 802 803 804 804 804 805 805 805 805 806 806 807 808 808 808 809 809 809 809 810 810 810 810 811 811 811 811 812 812 812 812 813 814 815 815 816 816 816 816 987 987 987 987 987 988 988 988 988 988 989 989 989 989 989 990 990 991 991 991
820 820 820 820 820 953 953 1022 1022 1022 1022 1022 1022 1022 1024 1024 1024 1025 1025 1025 1026 1026 1027 1028 1028 1029 1029 1029 1030 800 801 802 802 802 804 804 804 805 805 805 806 806 806 806 807 807 807 808 808 809 809 810 810 810 810 811 811 811 812 812 812 813 814 814 814 814 814 815 815 815 815 986 986 986 986 986 987 987 987 987 988 988 988 988 988 988 989 989 989 990 990
819 820 820 821 821 952 952 1021 1022 1022 1022 1022 1022 1022 1023 1023 1023 1025 1025 1026 1026 1026 1027 1027 1027 1028 1028 1030 1031 801 801 802 802 802 803 803 803 804 804 805 806 806 806 806 807 807 807 808 808 808 808 809 809 809 810 810 810 811 813 813 813 813 814 814 814 814 815 815 815 815 985 986 986 986 986 987 987 987 987 987 988 988 988 988 988 989 989 989 989 990 990
819 820 820 821 821 952 952 952 1021 1021 1021 1022 1022 1022 1023 1023 1023 1024 1024 1025 1026 1026 1027 1027 1027 1029 1029 1029 800 800 800 802 802 802 803 803 803 804 804 804 805 805 805 806 807 807 807 808 808 808 809 809 809 809 810 811 811 811 812 812 812 812 813 813 813 813 814 815 815 815 816 986 986 986 986 987 987 987 987 987 988 988 988 988 988 989 989 989 989 990 991
820 820 820 820 820 951 952 952 1021 1021 1021 1021 1021 1021 1023 1023 1024 1024 1024 1025 1025 1025 1027 1027 1029 1029 1029 1030 800 800 801 801 801 802 802 803 804 804 804 804 805 805 805 806 806 806 807 807 807 807 808 809 810 810 811 811 811 811 812 812 812 812 813 813 813 813 814 814 814 814 815 985 985 985 985 986 986 986 986 987 987 987 987 987 987 988 988 988 988 988 990
819 820 820 820 820 951 951 951 951 1021 1021 1021 1021 1021 1022 1022 1023 1023 1024 1025 1026 1027 1027 1027 1028 1028 1028 1029 800 800 801 801 801 802 802 802 803 803 803 804 805 805 805 806 806 806 807 807 807 808 809 809 809 810 810 810 810 811 812 812 812 813 813 813 813 814 814 814 814 814 815 985 985 985 986 986 986 986 986 987 987 987 987 987 988 988 988 989 989 989 991
819 819 819 819 820 951 951 951 951 1020 1020 1020 1021 1022 1022 1022 1023 1024 1024 1025 1025 1027 1027 1027 1028 1028 1028 799 799 799 800 800 801 802 802 802 803 803 803 804 804 804 804 805 805 805 808 808 808 808 809 809 809 810 810 810 810 811 811 811 811 812 812 812 812 813 813 813 813 813 814 985 985 985 986 986 986 986 986 987 987 987 987 988 989 989 989 989 989 990 990
819 819 819 819 819 950 950 951 951 951 1020 1020 1020 1021 1021 1023 1024 1024 1025 1025 1025 1026 1026 1026 1027 1028 1028 799 799 799 800 800 800 801 801 801 803 803 803 804 804 804 805 806 806 806 807 807 807 808 808 808 809 810 810 810 810 811 811 811 811 812 812 812 812 813 813 813 813 814 814 984 984 984 985 985 985 985 985 987 987 987 987 987 988 988 988 988 988 989 989
818 818 819 819 819 950 950 950 950 950 1020 1020 1021 1022 1022 1022 1023 1023 1024 1025 1025 1026 1026 1026 1027 1027 797 798 798 800 800 800 801 801 801 801 802 802 802 803 804 804 806 806 806 806 807 807 807 808 808 808 808 809 809 809 809 810 810 810 810 812 812 812 812 813 813 813 813 814 814 984 984 985 985 985 986 986 987 987 987 987 987 988 988 988 988 988 988 989 989
818 818 818 818 818 950 950 950 950 950 951 1020 1020 1022 1022 1023 1023 1023 1024 1024 1024 1025 1026 1027 1027 1027 798 798 798 799 799 799 800 801 801 802 802 803 803 804 804 804 805 805 805 806 806 807 807 808 808 808 808 809 809 809 810 810 810 810 811 811 811 811 812 812 812 812 812 813 813 983 984 985 985 985 985 985 987 987 987 987 987 988 988 988 988 987 988 988 988
818 818 818 818 818 949 949 949 951 951 951 1020 1020 1021 1021 1022 1023 1023 1024 1024 1024 1025 1025 1026 1026 1026 798 798 798 799 799 799 800 800 800 802 802 802 804 804 804 804 805 805 805 806 806 806 806 807 807 807 808 808 808 809 810 810 810 810 811 811 811 811 812 812 812 812 813 814 814 984 984 985 985 985 985 985 986 986 986 986 986 987 987 987 987 987 988 988 988
817 817 817 818 818 950 950 950 950 950 950 951 1021 1021 1021 1022 1022 1022 1023 1023 1025 1025 1025 1026 1026 796 797 797 797 798 799 799 801 801 801 802 802 802 803 803 803 804 804 805 805 806 806 806 807 807 807 807 808 808 808 808 809 809 809 809 810 810 810 810 812 812 813 813 814 814 814 984 984 985 985 985 985 986 986 986 986 986 987 987 987 987 987 987 988 988 988
817 817 817 818 818 949 950 950 950 950 950 950 1020 1020 1021 1022 1022 1023 1023 1023 1024 1024 1024 1025 1026 796 797 797 797 799 799 799 800 800 800 802 802 802 803 803 803 804 804 804 804 805 805 805 806 806 807 807 808 808 808 808 809 809 809 809 810 810 810 811 812 812 812 812 813 813 813 983 984 984 984 984 984 985 985 985 985 985 986 986 986 986 986 987 987 987 987
816 818 818 818 818 949 949 949 949 950 950 950 951 1020 1020 1021 1021 1022 1023 1023 1024 1024 1024 1025 795 795 796 797 798 799 799 799 800 800 800 801 801 801 802 802 803 804 804 804 805 805 805 805 806 806 806 806 807 807 807 808 808 808 809 811 811 811 811 812 812 812 812 812 813 813 813 983 984 984 984 984 984 985 985 985 985 985 986 986 986 986 986 987 987 987 987
817 817 817 817 818 949 949 949 949 949 949 949 951 951 1020 1021 1021 1022 1022 1022 1023 1024 1024 1025 796 797 797 797 798 798 798 799 800 800 801 801 801 801 802 802 802 803 803 803 804 804 805 805 806 806 806 807 807 807 807 808 809 809 809 810 810 810 810 811 811 811 811 812 812 812 813 983 984 984 984 984 984 985 985 985 985 985 986 986 986 986 986 987 987 987 987
817 817 817 817 817 948 948 949 949 949 949 949 950 950 1020 1020 1021 1022 1022 1022 1023 1023 1025 1025 795 797 797 797 798 798 798 799 799 799 800 800 800 802 802 802 802 803 803 803 804 804 804 804 805 805 805 806 806 808 808 809 809 809 809 810 810 810 810 811 811 811 811 812 812 812 812 982 983 983 983 983 984 984 984 984 984 985 985 985 985 985 986 986 986 986 986
816 816 816 817 817 948 948 948 948 948 948 949 950 950 951 1020 1020 1021 1021 1024 1024 1024 1025 795 795 796 796 796 797 798 798 799 799 799 800 800 800 801 801 801 801 802 803 803 804 804 804 805 805 805 806 807 807 807 807 808 808 808 808 809 809 809 810 811 811 811 811 812 812 812 812 983 983 983 983 983 984 984 984 984 984 985 985 985 985 985 986 986 986 986 986
816 816 816 816 816 947 948 948 948 948 948 949 949 949 951 1020 1020 1022 1022 1023 1023 1023 1024 795 795 796 796 796 797 797 797 798 798 798 800 800 800 801 801 801 802 802 802 802 803 803 803 804 806 806 806 807 807 807 807 808 808 808 808 809 809 809 809 810 810 810 810 811 811 811 811 982 982 982 982 982 983 983 983 983 983 984 984 984 984 984 985 985 986 986 986
815 816 816 816 947 947 947 947 947 948 948 949 949 949 950 951 1020 1022 1022 1023 1023 1023 794 794 794 795 795 796 797 797 797 798 798 798 799 799 799 800 800 801 802 802 802 802 803 804 804 805 805 805 805 806 806 806 807 807 808 808 809 809 809 809 810 810 810 810 810 811 811 811 811 812 982 982 982 982 983 983 983 983 983 984 984 984 985 985 986 986 986 986 986
815 815 815 815 816 947 947 947 947 947 947 948 950 950 951 951 1021 1021 1021 1022 1022 1023 794 794 794 795 795 795 796 796 797 797 798 798 799 799 799 800 800 800 801 801 802 803 803 804 804 805 805 805 806 806 806 806 807 807 807 807 808 808 808 808 809 809 809 809 810 810 811 811 811 812 982 982 982 983 983 983 983 983 984 985 985 985 985 986 986 986 986 986 986
815 815 815 815 815 946 946 947 947 947 948 949 949 949 950 950 952 1021 1021 1022 1022 792 793 793 794 795 795 796 796 796 797 797 797 798 798 798 799 800 800 801 802 802 802 803 803 803 803 804 804 804 805 805 806 806 807 807 807 807 808 808 808 808 809 809 809 809 810 810 810 810 810 811 981 981 981 982 982 983 983 983 984 984 984 984 984 985 985 985 985 985 985
814 814 814 815 815 946 946 946 947 947 947 949 949 950 950 950 951 1020 1020 1022 1022 793 793 793 794 794 794 795 795 796 797 797 797 798 798 798 799 800 800 800 801 801 802 803 803 803 803 804 804 804 805 805 805 805 806 806 806 806 807 807 807 808 809 809 809 809 810 810 810 810 811 811 981 981 982 983 983 983 983 983 984 984 984 984 984 985 985 985 985 985 986
814 814 814 814 814 945 947 947 947 947 947 948 948 949 950 950 951 951 1020 1021 791 792 792 793 794 794 794 795 795 795 796 796 796 797 799 799 800 800 800 800 801 801 801 802 802 802 803 803 804 804 805 805 805 805 806 806 806 806 807 807 807 807 808 808 808 808 809 809 809 809 810 811 981 981 981 982 982 982 982 982 983 983 983 983 983 984 984 984 984 984 985
813 813 814 815 815 946 946 946 946 947 947 948 948 949 949 949 950 950 952 1021 791 792 792 792 793 793 793 795 795 795 796 796 797 798 798 798 799 799 799 801 801 801 801 802 802 802 803 803 803 803 804 804 804 804 805 805 806 807 807 807 807 808 808 808 808 808 809 809 810 810 811 811 981 981 981 982 982 982 982 983 983 983 983 983 983 984 984 984 984 984 985
813 814 814 814 814 946 946 946 946 946 946 947 947 949 949 949 950 950 951 790 790 792 792 792 793 793 793 794 794 795 796 796 797 798 798 798 799 799 799 800 800 800 800 801 801 802 803 803 803 803 804 804 804 805 805 805 805 806 806 806 806 807 807 807 807 809 809 809 810 810 811 811 811 981 982 982 982 982 982 983 983 983 983 983 984 984 984 984 984 984 985
813 814 814 814 814 945 945 945 946 946 947 947 947 948 948 948 950 950 951 721 790 791 791 791 792 792 793 795 795 795 796 796 796 797 797 797 798 799 799 800 800 800 801 801 801 801 802 802 802 803 803 803 804 805 805 805 805 806 806 806 806 807 808 808 808 809 809 809 809 809 810 810 810 980 981 981 981 981 981 982 982 982 982 982 983 983 983 983 983 983 984
813 813 813 813 814 945 945 945 945 945 946 947 947 948 948 949 949 949 950 720 790 791 791 791 793 793 793 794 794 795 796 796 796 797 797 797 798 798 798 799 799 799 800 801 801 801 802 802 802 803 803 803 803 804 804 804 804 805 805 806 806 807 808 808 808 809 809 809 809 810 810 810 810 980 981 981 981 981 981 982 982 982 982 982 983 983 983 983 983 984 984
813 813 813 813 813 944 944 945 945 945 946 946 946 947 947 949 949 949 720 720 720 790 791 791 793 793 794 794 794 795 795 795 796 796 796 797 798 798 798 799 799 799 800 800 800 800 801 801 801 803 803 803 803 804 804 804 805 806 806 806 806 807 807 807 807 808 808 808 808 809 809 809 809 979 980 980 980 980 980 981 981 981 981 981 982 982 982 982 982 983 983
812 812 812 813 813 944 944 944 944 944 946 946 946 947 947 948 948 948 719 720 721 722 791 792 792 792 793 793 794 795 795 795 796 796 796 797 797 797 797 798 799 799 800 800 800 801 801 801 801 802 802 802 802 804 804 804 804 805 806 806 806 807 807 807 807 808 808 808 808 809 809 809 809 979 980 980 980 980 981 981 981 981 981 981 982 982 982 982 982 983 983
812 812 812 812 812 943 944 944 944 944 945 945 945 946 947 948 948 719 720 720 721 721 790 792 792 792 793 793 793 794 794 794 795 796 796 797 797 797 797 798 798 798 799 799 799 800 800 801 801 802 803 803 803 804 804 804 805 805 805 805 806 806 806 806 806 807 807 807 807 808 808 808 809 809 980 980 980 980 981 981 981 981 981 982 982 982 982 982 982 983 983
811 811 812 812 812 943 943 943 943 944 945 945 946 946 946 948 948 719 720 720 721 721 721 791 791 791 792 793 793 794 794 794 795 795 795 796 796 796 798 798 798 798 799 799 799 800 800 801 801 802 802 802 803 803 803 804 805 805 805 805 806 806 806 806 807 807 807 807 807 808 808 808 808 809 979 979 979 979 980 980 980 980 980 981 981 981 981 981 981 982 982
811 811 811 811 811 943 943 943 943 943 944 944 946 947 947 948 718 718 719 719 720 721 721 791 791 791 792 792 792 793 793 794 795 795 795 796 796 796 797 797 797 797 798 798 799 801 801 801 801 802 802 802 803 803 803 803 804 804 804 804 805 805 805 805 806 806 807 807 807 808 808 808 808 809 979 979 979 979 980 980 980 980 980 981 981 981 981 982 983 983 983
810 811 811 811 811 942 942 942 943 943 944 945 946 946 946 717 718 719 719 719 720 720 720 721 790 791 792 792 792 793 793 793 794 794 794 795 795 796 797 797 797 797 799 799 799 800 800 800 800 801 801 801 803 803 803 803 804 804 804 804 805 805 805 805 806 806 806 806 806 807 807 807 807 808 978 978 978 978 979 979 979 979 979 980 981 981 981 981 982 982 982
810 810 810 810 811 942 942 942 942 943 944 945 946 946 946 717 717 718 718 718 720 720 720 721 721 790 791 791 791 792 793 793 794 794 794 795 795 795 796 796 797 798 798 799 799 800 800 800 801 801 801 801 802 802 802 802 803 803 803 803 804 805 805 805 806 806 806 806 807 807 807 807 807 808 808 978 978 978 979 979 980 980 980 981 981 981 981 981 982 982 982
810 810 810 810 810 941 941 943 943 943 944 944 945 945 715 717 717 718 718 718 719 719 719 720 721 790 791 791 791 792 792 792 793 793 793 795 795 796 797 797 797 798 798 798 798 799 799 799 800 801 801 801 802 802 802 802 803 803 803 803 804 804 804 804 805 805 805 805 806 806 806 806 806 807 807 977 977 978 979 979 979 979 979 980 980 980 980 980 981 981 981
809 809 809 810 810 942 942 942 942 943 943 944 945 945 715 716 716 717 717 718 719 719 719 720 720 720 790 790 791 792 792 792 793 793 793 795 795 795 796 796 796 798 798 798 798 799 799 799 800 800 800 800 801 801 801 801 802 802 803 803 804 804 804 804 805 805 805 805 806 806 806 806 806 807 808 978 978 979 979 979 979 979 980 980 980 980 980 980 981 981 981
