testData/tiles/oneDegree/grid34.0-27.0-35.0-28.0.asc
ncols   200
nrows   200
xllcorner   34.0
yllcorner   27.0
cellsize   0.005
NODATA_value   -9999.0
[rows 42 to 83 of 200, columns 94 to 187 of 200]
389 389 389 389 389 389 389 389 389 388 388 389 390 391 392 393 394 394 395 395 396 397 398 399 398 399 400 400 401 402 402 406 407 407 408 409 409 409 409 410 410 411 411 411 411 412 412 413 412 413 414 415 415 414 416 416 417 417 417 418 406 407 407 407 408 408 409 409 409 410 411 410 410 412 412 411 411 413 412 412 412 414 413 413 413 414 414 414 414 415 415 415 414 416
390 390 390 390 390 390 390 390 389 389 389 389 390 391 392 393 393 394 395 395 396 397 398 399 399 399 400 401 401 402 403 406 407 408 408 409 409 409 410 410 411 411 411 411 412 412 413 413 413 413 415 415 415 415 416 417 417 417 406 406 407 407 407 408 408 408 410 409 409 410 411 410 411 411 412 412 412 412 412 413 413 413 413 414 414 414 414 415 415 414 415 416 415 415
391 391 391 391 391 391 391 390 390 390 390 390 390 391 392 392 393 394 395 396 396 397 398 398 399 399 400 401 402 402 402 403 407 408 409 409 409 409 410 410 411 411 411 412 412 413 413 414 413 413 414 415 416 415 416 417 417 405 405 407 407 407 407 408 408 409 408 410 410 410 411 411 411 411 413 412 412 413 414 413 413 414 414 414 414 415 415 415 415 415 416 416 416 416
361 392 392 392 392 392 391 391 391 391 391 391 391 391 391 392 393 394 395 396 396 397 397 398 399 400 400 401 402 401 402 403 408 408 409 409 409 410 410 411 411 412 411 412 412 413 413 413 413 414 414 416 415 416 416 405 406 405 406 407 407 408 407 409 409 409 409 410 410 411 410 411 412 412 412 412 413 413 412 414 414 414 413 415 415 415 414 416 416 415 415 417 417 416
362 393 393 393 392 392 392 392 392 392 392 392 392 391 391 392 393 394 395 396 397 396 397 398 399 400 400 401 401 402 402 403 408 408 409 409 409 410 410 411 412 411 412 412 413 413 414 413 414 414 415 415 416 416 404 405 406 406 406 406 408 407 408 408 409 410 409 409 411 411 410 411 412 412 412 412 413 414 413 413 414 415 414 415 415 416 415 416 416 416 416 417 417 416
363 363 393 393 393 393 393 393 393 393 393 393 392 392 392 392 393 394 395 396 396 396 397 398 399 400 401 400 401 402 403 403 404 409 408 409 410 410 411 411 411 411 412 413 413 414 413 414 414 415 415 414 416 404 405 405 406 406 406 407 408 408 408 408 410 410 409 410 411 411 411 411 412 413 412 412 414 414 413 414 415 415 414 415 416 416 415 416 417 416 416 417 418 417
363 363 363 394 394 394 394 394 394 394 393 393 393 393 393 393 393 393 395 395 396 396 397 398 399 400 400 401 401 402 403 403 404 408 408 409 410 410 411 411 411 412 412 413 413 413 413 414 414 415 414 403 403 405 405 406 405 406 407 407 407 408 408 409 409 410 410 410 411 411 411 412 412 413 413 413 413 414 414 414 414 416 415 415 415 416 416 416 416 417 417 417 416 417
364 364 364 364 395 395 395 395 394 394 394 394 394 394 394 394 394 393 393 394 395 396 397 398 399 399 400 401 401 402 403 404 403 404 409 409 410 411 410 411 411 412 413 413 413 413 414 414 415 415 403 403 404 404 406 405 405 407 407 408 407 408 409 409 409 410 410 411 411 411 412 412 412 413 413 413 414 414 414 414 415 415 415 416 416 416 416 417 417 417 417 417 417 418
365 365 365 365 365 396 395 395 395 395 395 395 395 395 395 394 394 394 394 394 395 396 397 397 398 399 400 401 402 402 403 403 403 404 409 410 410 410 410 411 412 412 413 412 413 413 414 414 403 403 403 403 404 404 405 405 406 406 408 407 407 408 409 410 409 409 411 411 410 411 412 412 413 412 413 414 414 413 415 415 415 414 416 416 416 416 417 417 416 416 418 418 417 417
366 366 366 366 365 365 396 396 396 396 396 396 396 395 395 395 395 395 395 395 395 396 396 397 398 399 400 401 402 401 402 403 404 404 405 410 409 410 411 411 412 412 412 413 413 414 414 403 402 403 403 404 404 404 404 406 406 407 406 407 408 408 410 409 409 410 411 411 411 411 412 413 412 412 414 414 413 414 415 415 415 415 416 416 416 416 417 417 417 417 418 417 418 418
367 366 366 366 366 366 366 397 397 397 397 396 396 396 396 396 396 396 396 396 395 395 396 397 398 399 400 400 401 401 402 403 404 404 404 405 410 410 411 411 412 412 412 413 413 402 402 402 403 403 404 404 404 404 405 406 406 406 406 408 408 409 408 409 410 410 410 411 411 412 412 412 413 413 413 414 414 414 414 416 415 415 416 417 416 416 417 417 417 417 418 418 418 418
367 367 367 367 367 367 367 367 398 397 397 397 397 397 397 397 397 397 396 396 396 396 396 397 398 399 399 400 401 401 402 403 404 404 404 405 410 410 411 411 411 412 413 413 402 401 402 402 403 403 404 403 404 404 405 405 406 406 407 407 408 408 408 409 410 410 410 410 412 412 411 413 413 413 414 414 414 415 415 415 415 416 416 416 417 417 417 417 418 418 417 417 419 419
368 368 368 368 368 368 367 367 367 398 398 398 398 398 398 397 397 397 397 397 397 397 397 396 397 398 399 400 401 402 402 402 403 404 404 405 406 410 410 411 412 412 401 401 401 401 402 403 403 403 403 404 404 405 405 405 406 407 407 407 408 408 409 409 410 410 410 411 412 411 412 412 413 414 413 413 415 415 414 415 416 416 415 416 417 417 417 417 418 418 418 418 419 418
369 369 369 368 368 368 368 368 368 368 399 399 399 398 398 398 398 398 398 398 398 397 397 397 397 398 399 400 401 400 401 402 403 404 405 405 405 410 410 411 412 400 400 401 401 402 402 403 402 403 403 404 404 404 404 405 405 407 407 407 407 409 409 409 409 410 411 411 410 412 412 412 413 413 413 414 414 414 415 415 415 416 416 416 416 417 417 417 417 418 418 418 418 419
369 369 369 369 369 369 369 369 369 369 368 399 399 399 399 399 399 399 399 398 398 398 398 398 398 398 399 399 400 400 401 402 403 404 404 404 405 406 410 399 399 399 400 401 401 402 401 402 403 403 404 404 404 404 405 405 406 406 407 407 407 409 408 409 409 411 411 410 411 412 412 413 412 413 414 414 413 415 415 415 415 416 416 417 416 417 417 418 417 418 418 419 418 419
370 370 370 370 370 370 370 369 369 369 369 369 400 400 400 400 399 399 399 399 399 399 399 399 398 398 398 398 399 400 401 402 402 403 404 404 405 406 398 398 399 400 400 401 402 401 402 402 403 403 403 403 404 404 405 405 405 405 407 407 408 407 409 409 409 410 410 411 411 411 413 412 412 413 414 413 414 414 415 415 415 415 417 416 416 416 418 417 417 418 419 418 418 418
371 371 371 370 370 370 370 370 370 370 370 370 370 400 400 400 400 400 400 400 400 400 399 399 399 399 399 399 399 399 400 401 402 403 404 404 392 393 394 398 399 400 400 400 401 401 402 402 403 403 403 404 404 405 404 405 405 406 407 408 407 407 409 409 410 409 411 411 411 411 412 412 413 413 413 414 414 414 415 415 415 416 416 416 417 417 417 417 418 418 418 418 419 419
371 371 371 371 371 371 371 371 371 371 370 370 370 370 401 401 401 401 401 400 400 400 400 400 400 400 400 399 399 399 400 401 402 403 391 391 392 393 394 398 399 399 400 400 401 401 402 402 402 403 403 404 404 404 404 405 405 406 405 407 407 408 408 409 409 409 410 411 411 411 411 413 412 413 413 414 415 414 414 415 416 415 415 417 417 416 417 418 418 417 418 419 419 418
372 372 372 372 372 372 371 371 371 371 371 371 371 371 371 371 401 401 401 401 401 401 401 401 400 400 400 400 400 400 400 401 401 390 391 391 392 393 393 394 398 399 400 400 401 401 401 402 402 403 404 403 404 404 405 405 405 405 406 407 408 407 408 409 409 410 409 411 411 411 412 412 412 413 413 415 414 414 415 415 415 415 416 416 416 417 417 417 417 418 418 418 418 419
373 373 372 372 372 372 372 372 372 372 372 372 371 371 371 371 371 402 402 402 402 401 401 401 401 401 401 401 401 400 400 388 389 390 390 391 391 392 393 394 398 399 400 399 400 401 401 402 403 402 403 403 404 404 404 404 405 405 406 406 407 407 408 408 410 409 409 410 411 412 411 411 413 413 413 413 414 415 415 414 416 416 416 415 417 417 417 417 418 418 418 418 419 419
373 373 373 373 373 373 373 373 372 372 372 372 372 372 372 372 372 372 402 402 402 402 402 402 402 402 401 401 401 389 389 389 389 388 389 390 391 392 393 394 393 398 399 399 400 401 400 401 402 402 403 403 403 404 404 405 405 406 405 406 406 408 408 407 408 409 410 410 410 411 411 412 412 412 413 413 414 414 414 415 415 415 415 416 416 417 417 417 417 418 418 418 418 418
374 374 374 374 373 373 373 373 373 373 373 373 373 373 372 372 372 372 372 403 403 403 403 402 402 402 402 402 390 390 390 389 389 389 389 390 391 392 392 392 393 398 399 399 399 400 401 401 402 402 402 403 403 404 404 405 404 405 405 406 406 407 407 408 408 410 409 409 410 411 412 411 411 413 413 414 413 414 415 415 414 416 416 416 415 417 417 417 417 418 418 418 418 419
374 374 374 374 374 374 374 374 374 374 373 373 373 373 373 373 373 373 373 372 403 403 403 403 403 403 391 390 390 390 390 390 390 390 390 389 390 391 392 392 393 393 398 399 399 400 401 401 401 402 402 403 403 404 403 404 405 405 406 405 406 406 408 408 407 408 409 410 410 410 411 411 412 412 412 413 413 414 414 414 415 415 416 415 416 416 417 417 417 417 418 418 418 418
376 376 376 376 375 375 374 374 374 374 374 374 374 374 374 373 373 373 373 373 373 404 404 404 391 391 391 391 391 391 391 391 390 390 390 390 390 391 391 391 392 393 398 398 399 399 400 400 401 402 402 402 402 403 404 404 405 404 405 405 406 406 407 407 408 408 410 409 409 410 411 412 411 411 413 413 413 413 414 415 415 414 414 416 416 415 416 417 417 417 417 418 418 418
376 376 376 376 376 376 376 375 375 375 375 374 374 374 374 374 374 374 374 374 373 373 404 392 392 392 392 392 391 391 391 391 391 391 391 391 390 390 390 391 392 393 394 397 398 399 400 400 401 401 401 402 403 403 404 403 404 404 405 405 405 405 406 407 408 407 408 409 410 410 409 411 411 412 412 412 413 413 413 414 414 414 415 416 415 416 416 417 417 417 417 418 418 418
378 378 378 377 377 377 377 376 376 376 375 375 375 375 375 375 374 374 374 374 374 362 362 393 393 392 392 392 392 392 392 392 392 391 391 391 391 391 391 391 391 392 393 393 398 399 399 399 400 401 401 402 402 402 403 403 404 405 404 405 405 406 406 407 407 408 408 408 409 409 410 410 412 411 411 412 413 413 413 413 414 415 414 414 416 416 415 416 417 417 416 417 418 418
379 378 378 378 378 378 378 377 377 377 377 377 376 375 375 375 375 375 375 363 363 362 362 362 362 393 393 393 393 392 392 392 392 392 392 392 392 391 391 391 391 392 392 392 397 398 399 399 400 400 400 401 402 402 403 403 403 404 404 405 405 405 405 406 407 408 407 408 409 410 410 409 411 411 412 412 412 413 413 413 414 414 414 415 415 415 416 416 417 417 417 417 417 418
380 380 380 379 379 379 379 378 378 378 377 377 377 377 377 377 376 375 363 363 363 363 363 363 363 362 393 393 393 393 393 393 393 392 392 392 392 392 392 392 391 391 391 392 393 398 399 398 399 400 400 401 402 401 402 403 403 404 403 404 404 405 405 406 405 407 407 408 408 409 409 410 410 411 411 411 412 413 412 413 413 414 415 414 414 416 416 415 416 417 417 416 417 418
381 380 380 380 380 380 379 379 379 379 379 379 378 377 377 377 365 365 365 364 364 363 363 363 363 363 363 394 394 394 393 393 393 393 393 393 393 392 392 392 392 392 392 392 392 397 397 398 399 400 399 400 401 401 402 403 402 403 403 404 405 404 405 405 406 407 407 407 407 409 409 409 409 411 411 411 411 412 413 413 413 414 414 414 415 414 415 416 416 415 416 417 417 416
382 382 381 381 381 381 381 380 380 379 379 379 379 379 367 366 366 365 365 365 365 364 364 364 364 364 363 363 394 394 394 394 394 393 393 393 393 393 393 393 392 392 392 392 392 392 397 397 398 399 399 400 401 400 401 402 402 403 403 403 404 404 405 405 405 405 407 407 408 407 409 409 409 410 410 411 411 411 413 412 413 413 414 414 414 414 416 415 415 415 417 416 416 417
383 382 382 382 382 382 381 381 381 381 381 381 367 367 367 367 367 367 366 366 366 365 365 364 364 364 364 364 364 394 394 394 394 394 394 394 394 393 393 393 393 393 393 393 392 392 396 397 398 398 398 399 400 400 401 402 401 402 403 403 404 403 404 404 405 405 407 406 407 407 408 409 409 409 409 411 410 411 411 412 413 412 412 414 414 413 414 415 415 416 415 416 417 417
384 384 383 383 383 383 382 382 382 381 369 369 369 369 369 368 368 367 367 367 367 366 366 366 366 365 364 364 364 364 364 395 395 394 394 394 394 394 394 394 393 393 393 393 393 393 393 396 396 397 398 399 400 399 400 401 401 402 403 402 403 403 404 404 404 404 405 406 407 406 407 408 409 409 409 410 410 411 411 412 412 412 413 413 413 414 414 415 415 415 415 416 416 416
384 384 384 384 384 383 383 383 383 371 371 370 369 369 369 369 369 369 368 368 368 367 367 366 366 366 366 366 365 364 364 364 395 395 395 395 394 394 394 394 394 394 394 393 393 393 393 397 397 397 397 398 398 399 400 401 400 401 402 402 403 402 403 403 404 405 405 405 406 407 407 407 408 408 409 409 410 410 410 411 412 412 412 412 414 413 413 414 415 415 415 415 416 416
386 386 385 385 385 384 384 372 371 371 371 371 371 371 371 370 369 369 369 369 368 368 368 368 368 366 366 366 366 366 365 365 365 395 395 395 395 395 395 395 394 394 394 394 394 394 393 393 397 397 397 397 398 398 399 399 400 401 400 401 402 402 403 403 403 404 404 405 406 406 406 407 408 408 408 408 410 410 411 410 410 412 412 411 412 413 413 414 413 414 415 415 414 416
386 386 386 386 386 373 373 373 373 373 372 371 371 371 371 371 371 370 370 370 369 369 368 368 368 368 368 367 366 366 366 366 365 365 365 396 395 395 395 395 395 395 395 394 394 394 394 394 394 397 397 397 397 398 399 398 399 400 400 401 402 401 402 402 403 404 403 404 404 406 406 406 406 408 408 408 408 409 410 410 411 411 411 412 412 412 413 413 413 415 414 414 415 415
388 387 387 375 374 374 374 374 373 373 373 373 373 373 371 371 371 371 371 371 370 370 370 369 369 368 368 368 368 368 367 367 366 366 365 365 396 396 396 395 395 395 395 395 395 395 394 394 394 398 398 398 397 397 397 398 399 400 399 400 401 401 402 401 402 403 403 404 404 405 405 406 406 407 407 408 408 408 409 409 410 410 411 411 411 412 413 412 413 413 414 415 414 414
388 376 376 376 375 375 375 375 374 374 374 373 373 373 373 373 373 372 371 371 371 371 370 370 370 370 370 368 368 368 368 368 367 367 367 366 365 396 396 396 396 396 395 395 395 395 395 395 394 394 398 398 398 398 398 397 398 398 399 400 399 400 401 401 402 403 402 403 403 404 405 405 405 406 407 408 407 408 409 409 410 409 411 411 411 411 411 412 413 412 412 414 414 414
378 376 376 376 376 376 376 376 375 375 375 375 375 374 373 373 373 373 373 372 372 372 371 371 370 370 370 370 370 369 368 368 368 368 367 367 367 367 365 396 396 396 396 396 396 395 395 395 395 395 399 398 398 398 398 398 398 397 398 399 399 400 401 400 401 402 402 403 402 403 403 405 405 405 405 407 407 408 407 409 409 409 410 410 410 411 411 412 412 412 413 413 413 414
378 378 378 378 377 377 376 376 376 376 375 375 375 375 375 375 373 373 373 373 373 372 372 372 372 371 370 370 370 370 370 369 369 368 368 367 367 367 367 367 397 396 396 396 396 396 396 395 395 395 395 399 399 399 398 398 398 398 398 397 398 399 400 400 401 400 401 402 402 403 402 404 404 405 405 406 406 407 407 408 408 408 409 409 410 410 410 411 412 411 412 412 413 413
378 378 378 378 378 378 378 377 377 377 376 376 376 375 375 375 375 375 375 374 373 373 373 373 372 372 372 372 371 370 370 370 370 369 369 369 368 367 367 367 367 397 397 396 396 396 396 396 396 396 395 395 399 399 399 399 398 398 398 398 398 399 398 399 400 400 401 401 401 402 402 403 403 404 404 405 406 406 406 407 408 409 408 408 410 410 409 410 411 412 412 411 412 413
380 380 380 379 378 378 378 378 378 378 377 377 377 377 376 376 375 375 375 375 375 374 374 373 373 373 372 372 372 372 371 371 370 370 370 369 369 369 369 367 367 367 367 397 397 397 396 396 396 396 396 396 399 399 399 399 399 399 398 398 398 398 398 399 398 399 400 400 401 401 401 402 402 404 403 404 404 406 406 406 406 408 408 408 408 409 410 410 409 411 411 411 411 412
217 217 380 380 380 380 380 378 378 378 378 378 378 377 377 377 377 376 375 375 375 375 375 374 374 374 373 373 372 372 372 372 371 371 370 370 370 369 369 369 369 368 367 367 398 397 397 397 396 396 396 396 396 400 399 399 399 399 399 399 398 398 398 398 398 399 399 399 400 400 401 401 401 403 403 404 403 405 405 406 406 407 407 407 408 407 409 409 409 410 410 410 411 248
