testData/tiles/oneDegree/grid37.0-45.0-38.0-46.0.asc
ncols   200
nrows   200
xllcorner   37.0
yllcorner   45.0
cellsize   0.005
NODATA_value   -9999.0
[rows 42 to 83 of 200, columns 0 to 93 of 200]
434 433 433 432 432 432 431 431 430 430 429 429 428 428 427 427 426 426 426 425 425 424 423 423 422 422 421 421 420 420 419 419 418 417 418 417 418 418 417 418 418 418 418 418 418 342 342 341 342 341 341 342 341 342 343 343 344 344 345 346 346 347 347 348 348 349 350 350 351 351 352 352 353 353 354 354 355 355 356 356 357 357 358 358 359 359 360 360 361 363 364 366 367 369
433 433 433 432 432 431 431 430 430 430 429 429 428 428 427 427 426 426 425 425 424 424 423 423 422 422 421 421 420 419 419 418 418 418 418 418 418 418 418 418 418 418 419 418 418 419 418 418 341 342 342 341 342 343 343 344 344 345 346 346 347 347 348 349 349 350 350 351 351 352 352 353 353 354 355 355 356 356 357 357 358 358 359 359 359 360 360 361 362 364 365 367 368 369
433 433 432 432 431 431 431 430 430 429 429 428 428 427 427 426 426 425 425 424 424 423 423 422 422 421 421 420 420 419 419 418 418 418 418 419 418 418 419 418 419 419 418 419 418 418 419 418 418 418 418 418 343 343 344 344 345 346 346 347 347 348 349 349 350 350 351 351 352 353 353 354 354 355 355 356 356 357 357 358 358 359 359 360 360 361 361 362 363 364 366 367 368 369
433 432 432 432 431 431 430 430 429 429 429 428 428 427 427 426 426 425 425 424 424 423 423 422 422 421 421 420 419 419 418 418 418 419 418 418 419 418 419 419 418 419 419 418 419 419 418 419 419 418 418 419 419 420 420 345 346 346 347 347 348 349 349 350 350 351 352 352 353 353 354 354 355 355 356 356 357 357 358 358 359 359 360 360 361 361 362 362 364 364 366 367 368 370
434 432 432 431 431 431 430 430 429 429 428 428 427 427 426 426 425 425 424 424 423 423 422 422 421 421 420 420 419 419 418 418 419 418 419 419 418 419 419 419 419 419 419 419 419 419 419 419 418 419 419 419 420 420 421 422 422 423 347 348 349 349 350 350 351 352 352 353 353 354 354 355 356 356 357 357 358 358 359 359 360 360 361 361 362 362 363 363 363 365 366 368 369 371
435 435 434 433 432 431 430 429 429 428 428 428 427 427 426 426 425 425 424 424 423 423 422 422 421 421 420 419 419 418 419 418 419 419 418 419 419 420 419 419 420 419 419 420 419 419 420 419 419 418 419 420 420 421 422 422 423 423 424 425 425 350 350 351 352 352 353 353 354 355 355 356 356 357 357 358 358 359 359 360 360 361 361 362 362 363 363 364 364 366 367 369 370 371
438 437 436 435 434 433 433 431 431 429 429 427 427 426 426 425 425 424 424 423 423 422 422 421 421 420 420 419 419 419 418 419 419 419 419 419 419 419 420 419 419 420 419 419 420 419 419 420 419 419 420 420 421 422 422 423 423 424 425 425 426 427 427 428 428 353 353 354 355 355 356 356 357 357 358 358 359 360 360 361 361 362 362 363 363 364 364 364 365 366 368 369 370 371
440 439 438 438 436 436 434 434 432 432 430 430 429 427 427 425 425 424 424 423 423 422 422 421 420 420 419 419 418 419 419 419 419 419 420 419 420 420 419 420 420 419 420 420 419 420 420 419 419 420 420 421 422 422 423 423 424 425 425 426 427 427 428 428 429 430 430 431 355 356 356 357 358 358 359 359 360 360 361 361 362 362 363 363 364 364 365 365 366 366 368 369 370 372
443 441 441 439 439 437 437 436 435 434 433 432 430 430 428 428 426 426 424 423 422 422 421 421 420 420 419 419 419 419 419 419 420 419 419 420 419 420 420 420 420 420 420 420 420 420 420 420 420 420 421 421 422 423 423 424 425 425 426 427 427 428 428 429 430 430 431 431 432 432 433 358 358 359 359 360 360 361 361 362 362 363 364 364 365 365 365 366 366 367 368 370 371 373
444 443 443 442 441 440 439 438 437 436 435 433 433 432 431 430 429 428 426 426 424 424 422 420 420 419 419 419 419 419 420 419 419 420 420 420 420 420 420 420 420 420 420 420 420 420 420 419 420 421 421 422 423 423 424 425 425 426 427 427 428 428 429 430 430 431 431 432 433 433 434 434 435 435 360 361 361 362 362 363 363 364 364 365 365 366 366 367 367 368 369 371 372 373
446 446 444 444 442 442 441 440 439 438 437 436 435 434 433 432 431 430 429 427 427 425 425 423 422 421 419 419 419 420 419 420 420 419 420 420 420 420 420 421 420 420 421 420 420 421 420 420 421 421 422 423 423 424 425 425 426 426 427 428 428 429 430 430 431 431 432 433 433 434 434 435 436 436 437 437 362 362 363 363 364 364 365 365 366 366 367 367 368 368 370 370 372 373
448 447 446 446 444 444 443 442 441 440 439 438 437 436 435 434 432 432 430 430 428 428 426 425 424 423 423 423 421 421 421 419 420 420 420 420 420 421 420 420 421 420 420 421 421 420 420 421 421 422 423 423 424 425 425 426 426 427 428 428 429 430 430 431 431 432 433 433 434 434 435 436 436 437 437 438 438 439 439 364 365 365 366 366 367 367 368 368 369 369 370 371 372 374
450 449 449 447 447 445 445 443 443 442 441 440 439 438 437 436 435 434 433 432 431 430 428 428 426 426 425 424 425 424 423 423 422 421 421 421 421 420 421 421 420 421 421 420 421 421 420 421 422 422 423 424 424 425 426 426 427 428 428 429 430 430 431 431 432 433 433 434 434 435 436 436 437 437 438 439 439 440 440 441 441 442 366 367 367 368 368 369 369 370 370 372 373 300
451 451 450 449 449 447 447 445 445 443 443 441 441 439 439 437 437 435 435 433 433 431 431 429 429 428 428 428 426 426 426 425 425 424 424 423 423 422 420 421 421 421 421 421 421 420 421 422 422 423 424 424 425 426 426 427 428 428 429 430 430 431 431 432 433 433 434 434 435 436 436 437 437 438 439 439 440 440 441 441 442 442 443 444 444 369 369 370 370 371 371 372 373 299
453 453 452 451 450 449 448 447 446 445 445 444 443 442 441 440 439 438 437 436 435 433 432 431 431 431 430 430 429 430 428 428 428 426 426 426 425 425 424 423 423 422 421 421 421 421 421 422 423 424 424 425 426 426 427 428 428 429 429 430 431 431 432 433 433 434 434 435 436 436 437 438 438 439 439 440 440 441 442 442 443 443 444 444 445 445 446 370 371 371 372 372 299 300
455 454 454 452 452 451 450 449 448 447 446 446 444 444 442 442 440 440 438 438 436 436 434 435 433 432 433 432 432 431 432 430 429 430 429 428 428 427 426 426 425 425 424 423 422 421 422 423 423 424 425 425 426 427 427 428 429 429 430 431 431 432 433 433 434 434 435 436 436 437 438 438 439 439 440 440 441 442 442 443 443 444 444 445 445 446 446 447 447 448 372 373 299 301
456 456 455 454 454 452 452 450 450 448 448 447 446 445 444 443 442 441 440 439 438 437 436 436 436 436 435 434 434 433 433 433 433 431 431 431 431 429 429 429 427 427 426 425 425 425 425 424 425 425 425 426 427 427 428 429 429 430 431 431 432 433 433 434 434 435 436 436 437 438 438 439 439 440 441 441 442 442 443 443 444 445 445 446 446 447 447 448 448 449 449 450 375 301
458 458 456 456 455 454 453 452 452 450 450 449 448 447 446 445 444 443 442 441 440 439 438 438 437 438 437 437 436 436 436 434 435 434 434 433 432 433 431 430 431 430 428 428 428 427 428 428 427 427 428 428 427 428 429 429 430 431 431 432 432 433 434 434 435 436 436 437 438 438 439 439 440 441 441 442 442 443 443 444 445 445 446 446 447 447 448 448 449 449 450 375 376 377
460 459 458 458 456 456 455 454 453 452 451 450 449 449 447 447 445 445 443 443 441 441 440 441 440 439 439 439 439 438 438 437 437 436 436 435 434 434 433 434 432 431 432 430 430 431 431 430 431 431 430 430 431 430 430 430 430 431 432 432 433 434 434 435 436 436 437 438 438 439 439 440 441 441 442 442 443 444 444 445 445 446 446 447 447 448 449 449 450 450 451 376 377 378
462 460 460 459 458 457 456 455 455 453 453 452 451 450 449 449 447 447 445 444 443 443 443 442 442 442 442 441 440 441 440 439 439 438 439 437 437 437 435 435 435 435 433 433 434 433 433 434 433 433 433 434 433 433 434 433 433 433 432 433 434 434 435 436 436 437 438 438 439 439 440 441 441 442 442 443 444 444 445 445 446 447 447 448 448 449 449 450 450 451 376 377 377 378
462 462 461 460 460 459 458 457 456 455 455 453 453 451 451 449 449 447 447 446 446 445 445 445 444 444 443 444 443 442 442 442 442 440 440 440 439 438 439 438 436 437 436 435 436 436 437 436 436 436 436 436 436 436 436 436 436 436 436 436 435 435 436 436 437 437 438 439 439 440 441 441 442 442 443 444 444 445 445 446 447 447 448 448 449 449 450 450 451 451 377 378 378 378
464 464 462 462 461 460 459 459 457 457 455 455 453 453 452 451 450 449 448 447 447 447 446 447 446 446 445 445 445 445 444 443 443 443 442 441 442 441 440 440 439 439 438 439 439 438 439 439 439 439 439 439 439 439 439 438 439 439 438 438 439 438 438 438 437 438 439 439 440 441 441 442 442 443 444 444 445 445 446 447 447 448 448 449 450 450 451 451 452 377 378 378 379 379
466 465 464 463 462 461 461 459 459 458 457 457 455 455 453 453 452 451 450 449 449 448 449 448 448 447 448 447 446 446 446 446 445 444 445 444 443 443 443 442 441 441 441 441 441 441 442 441 441 442 441 442 442 442 441 442 442 441 442 442 441 441 441 441 441 441 440 440 441 441 442 442 443 444 444 445 446 446 447 447 448 448 449 450 450 451 451 452 452 378 378 379 379 380
467 466 465 464 464 463 462 461 461 459 459 457 457 456 455 454 453 452 451 451 452 451 450 450 450 450 449 449 449 448 448 447 448 447 446 446 446 445 445 444 443 443 443 444 444 443 444 444 445 444 444 445 444 444 445 444 444 445 444 444 444 445 444 444 444 443 444 443 443 443 442 443 444 444 445 446 446 447 447 448 449 449 450 450 451 451 452 452 453 379 379 380 380 381
468 468 466 466 465 464 463 463 461 461 459 459 458 457 456 455 454 454 453 453 452 453 452 452 451 451 452 451 451 450 450 450 449 449 449 448 448 447 446 445 445 446 446 446 446 446 447 446 447 447 446 447 447 447 447 447 447 447 447 447 447 447 447 446 447 447 446 446 446 445 446 446 445 445 446 446 447 447 448 449 449 450 450 451 451 452 453 453 379 379 380 380 381 381
470 468 468 467 466 465 465 464 463 463 461 461 459 459 458 457 456 454 455 454 455 454 454 454 454 453 452 453 452 452 451 451 451 450 449 450 449 448 448 448 448 448 448 449 449 448 449 449 449 449 449 450 449 449 450 449 449 450 450 449 450 450 449 450 450 449 449 449 449 449 449 448 448 447 448 448 447 448 449 449 450 450 451 452 452 453 453 454 379 380 380 381 382 382
470 470 470 468 468 467 466 465 465 463 463 461 461 460 459 458 457 457 457 456 457 456 456 455 455 456 455 454 454 454 454 453 452 453 452 451 451 451 450 450 450 451 451 450 451 451 452 451 452 452 451 452 452 452 452 452 452 452 452 452 452 452 452 452 452 452 452 452 452 451 451 452 451 451 451 450 450 450 449 450 450 451 452 452 453 453 454 379 380 381 381 382 382 383
472 472 470 470 469 468 467 466 465 465 463 463 462 461 460 459 458 459 458 459 457 458 458 457 457 456 457 456 456 455 455 455 455 453 454 453 453 452 452 452 453 452 453 453 454 453 454 454 453 454 454 455 454 454 455 454 454 455 455 455 455 455 454 455 455 454 455 455 454 454 455 454 454 454 453 453 454 453 453 452 452 452 452 453 453 454 455 380 381 381 382 382 383 383
473 472 472 470 470 469 468 468 467 466 465 465 463 463 461 460 461 459 460 459 460 460 459 459 458 459 457 458 458 457 457 456 457 456 456 455 455 454 455 454 455 455 456 455 456 456 455 456 456 457 456 457 457 457 457 457 457 457 457 457 457 457 457 458 457 457 458 457 457 457 457 457 457 456 457 457 456 456 455 455 455 455 455 454 454 455 380 381 381 382 382 383 384 384
474 474 473 472 472 470 470 469 468 467 466 465 465 463 463 462 462 462 462 461 461 461 461 460 460 460 460 460 459 459 458 459 457 458 457 457 455 456 456 457 456 457 457 458 457 458 458 459 458 459 459 459 459 459 460 459 459 460 460 459 460 460 459 460 460 459 460 460 460 460 460 460 459 460 459 459 459 458 458 459 458 458 457 457 457 456 381 381 382 383 383 384 384 385
475 475 474 473 472 472 470 470 469 468 467 467 465 465 464 464 463 463 463 464 462 462 462 462 463 461 462 461 461 460 460 459 460 460 458 459 458 459 458 459 459 460 459 460 460 460 460 460 461 461 461 461 462 462 461 462 462 462 462 462 463 462 462 463 462 462 463 462 462 463 462 462 462 462 462 462 461 462 462 461 461 460 460 460 460 385 385 384 384 383 384 384 385 385
477 476 475 474 474 472 472 471 470 469 469 467 467 465 465 465 465 464 465 464 465 464 464 464 463 464 463 463 462 462 462 461 461 461 461 459 460 460 461 461 461 461 462 462 462 462 463 463 463 463 463 464 463 464 464 464 464 464 465 464 465 465 464 465 465 465 465 465 465 465 465 465 464 465 465 464 464 465 464 464 463 463 464 463 463 388 387 387 386 386 385 385 386 386
477 477 476 475 475 474 473 472 472 470 470 469 468 467 467 466 466 466 466 466 465 466 465 466 465 464 465 464 463 464 463 464 463 462 462 462 462 462 462 463 463 463 463 464 464 465 464 465 465 465 465 466 466 466 466 466 467 466 467 467 467 467 467 467 467 467 468 467 467 468 467 467 467 468 467 467 466 467 467 466 466 467 466 466 391 390 390 389 390 390 389 389 388 388
479 478 477 477 475 475 474 473 472 472 470 470 469 468 468 469 467 468 468 467 468 466 467 467 467 467 465 466 465 465 465 464 464 464 464 463 464 464 465 465 465 466 466 466 466 467 467 466 467 467 468 467 468 468 469 468 469 469 469 469 469 470 469 469 470 470 469 470 470 469 470 470 469 470 470 469 469 470 469 469 469 469 469 469 393 393 393 393 393 392 392 391 391 390
480 479 479 477 477 476 475 474 474 472 472 471 470 469 469 469 470 469 469 469 468 469 467 468 468 468 468 466 467 467 466 467 465 465 465 466 465 466 467 467 468 467 468 468 469 468 469 469 470 469 470 470 470 470 470 471 471 471 471 472 471 471 472 472 471 472 472 472 472 472 473 472 472 473 472 472 472 472 472 472 471 472 472 396 396 395 396 396 395 395 394 394 394 393
481 480 479 479 477 477 476 475 475 474 473 472 471 471 470 471 470 471 470 470 470 470 470 470 469 469 468 469 469 468 468 467 468 467 467 467 468 469 468 469 469 470 469 470 470 471 471 471 471 472 472 472 472 473 473 472 473 473 473 473 474 474 473 474 474 475 474 474 475 474 474 475 474 474 475 474 474 475 474 474 474 474 474 399 398 399 399 398 398 397 397 397 397 397
482 482 480 480 479 478 477 477 475 475 474 473 472 473 472 472 472 471 472 472 472 471 471 471 471 471 470 469 470 470 470 469 468 469 469 469 470 470 471 471 471 471 472 472 472 472 473 473 473 473 474 474 474 474 475 475 475 475 475 476 475 476 476 477 476 476 477 476 476 477 477 477 477 477 477 477 477 476 477 477 476 477 402 401 401 402 401 401 400 400 400 400 400 399
483 482 482 480 480 479 478 477 477 475 475 474 473 473 474 473 474 474 472 473 473 473 473 471 472 472 472 472 470 471 471 470 470 470 471 471 472 472 472 473 473 474 473 474 474 475 474 475 475 476 475 476 476 477 476 477 477 478 477 478 478 478 478 478 479 479 478 479 479 479 479 479 479 479 479 480 479 479 480 479 479 479 404 404 404 403 404 403 403 403 402 403 402 402
484 483 482 482 480 480 479 478 477 477 475 475 475 475 474 475 474 475 475 473 474 474 474 474 472 473 473 473 473 471 472 472 472 473 472 473 474 474 475 474 475 475 476 475 476 476 477 477 477 477 478 478 478 478 479 479 479 479 480 480 480 480 480 481 480 481 481 481 481 481 482 481 481 482 481 481 482 481 481 482 481 406 407 406 406 406 406 406 406 405 405 406 405 405
485 484 483 482 482 480 480 479 478 477 477 475 476 476 476 476 476 475 476 476 475 475 475 475 475 474 474 474 473 474 473 473 474 474 475 475 475 476 476 477 476 477 477 478 478 478 478 479 479 479 479 480 480 481 480 481 481 482 481 482 482 483 482 483 483 482 483 483 484 483 483 484 484 483 484 484 484 484 484 483 409 409 408 409 409 408 408 409 408 408 408 408 408 407
485 485 485 483 483 482 481 480 480 478 478 478 476 477 477 477 477 477 476 477 477 476 477 476 476 476 475 476 475 474 475 475 476 476 476 477 477 477 478 478 479 479 479 479 480 480 481 480 481 481 482 481 482 482 483 482 483 483 484 483 484 484 485 484 485 485 485 485 485 486 486 485 486 486 486 486 486 487 486 486 412 411 411 411 411 411 411 411 411 410 410 411 410 410
486 486 485 485 483 483 482 481 480 480 478 479 479 478 478 478 478 478 479 477 478 478 477 478 477 477 477 476 477 476 476 477 477 478 478 478 479 479 480 479 480 481 481 482 481 482 482 483 482 483 483 484 484 484 484 485 485 485 485 486 486 486 486 487 487 487 487 487 488 487 488 488 487 488 488 489 488 488 489 413 413 414 413 413 414 413 413 413 413 413 413 412 413 413
