testData/tiles/oneDegree/grid41.0-39.0-42.0-40.0.asc
ncols   200
nrows   200
xllcorner   41.0
yllcorner   39.0
cellsize   0.005
NODATA_value   -9999.0
[rows 0 to 41 of 200, columns 94 to 187 of 200]
656 657 657 658 658 659 659 660 660 661 661 662 663 663 664 664 665 665 666 666 667 667 668 668 669 669 670 670 671 671 672 672 673 673 673 674 674 675 675 676 676 677 677 677 677 678 678 679 679 680 680 681 681 682 682 683 683 684 684 685 685 686 686 686 686 687 687 688 688 688 689 689 487 487 488 488 489 488 489 489 490 490 491 491 491 492 572 573 572 573 573 574 574 575
657 657 658 658 660 660 661 661 662 662 663 663 664 664 665 665 666 666 667 667 668 668 669 669 670 670 671 670 671 671 672 672 673 673 674 674 675 675 676 676 677 677 678 678 679 679 680 680 681 681 682 682 683 683 684 684 684 684 685 685 686 686 686 687 687 688 688 689 689 690 690 690 487 488 488 489 489 490 490 491 491 491 492 491 492 492 493 573 574 574 575 575 576 575
658 659 659 660 660 661 661 662 662 663 663 664 664 665 665 666 666 667 667 668 668 669 669 670 670 671 671 672 672 673 673 674 674 675 675 676 676 677 677 678 678 679 679 680 680 681 681 681 681 682 682 682 683 683 684 684 685 685 686 686 687 687 688 688 689 688 689 689 690 690 691 691 489 489 490 490 490 491 491 491 491 492 492 493 493 494 494 495 575 575 575 575 576 576
659 660 660 661 661 662 662 663 663 664 664 665 665 666 666 667 667 668 668 669 669 670 670 671 671 672 672 673 673 674 674 675 675 676 675 676 676 677 677 678 678 679 679 680 680 681 681 682 682 683 683 684 684 685 685 686 686 687 686 687 687 688 688 689 689 690 690 691 691 691 692 692 490 489 490 490 491 491 492 492 493 493 494 494 495 494 494 495 575 576 576 577 577 578
660 660 661 661 662 662 663 663 664 664 665 665 666 666 667 667 668 668 669 669 670 670 671 671 672 672 673 673 674 674 675 675 676 676 677 677 678 678 679 679 680 680 681 681 682 682 683 683 684 684 684 684 685 685 686 686 687 687 688 688 689 689 689 690 690 691 691 691 691 692 692 490 490 491 491 492 492 493 493 494 493 494 494 494 495 495 496 496 497 577 578 577 578 578
661 661 662 662 663 663 664 664 665 665 666 667 667 668 668 669 669 670 670 671 671 672 672 673 673 674 674 675 675 676 676 677 677 678 678 679 679 680 679 680 680 681 681 682 682 683 683 684 684 685 685 685 686 686 687 687 688 688 689 689 689 689 690 690 691 691 692 692 693 693 694 491 492 492 493 492 493 493 493 494 494 495 495 496 496 497 496 497 497 578 578 579 579 579
661 662 662 663 663 664 664 665 665 666 666 667 667 668 668 669 669 670 670 671 671 672 672 673 673 674 674 675 675 676 676 677 677 678 678 679 679 680 680 681 681 682 682 683 683 684 684 685 685 686 686 687 686 687 687 688 688 689 689 690 690 691 691 692 692 693 693 694 694 694 694 491 492 492 493 493 494 494 495 495 496 495 496 496 497 497 498 498 499 499 579 580 579 580
662 663 663 664 665 665 666 666 667 667 668 668 669 669 670 670 671 671 672 672 673 673 674 674 675 675 676 676 677 677 678 678 679 679 680 680 681 681 682 682 683 682 683 683 684 684 685 685 686 686 687 687 688 688 689 689 690 690 691 691 692 692 692 692 692 693 693 694 694 695 695 493 493 494 494 495 494 495 495 496 496 497 497 498 498 498 499 498 499 499 500 580 581 581
663 663 664 664 665 665 666 666 667 667 668 668 669 669 670 670 671 671 672 672 673 673 674 674 675 676 676 677 677 678 678 679 679 680 680 681 681 682 682 683 683 684 684 685 685 686 686 686 687 687 688 688 689 689 689 689 690 690 691 691 692 692 693 693 694 694 695 695 696 696 493 493 494 494 495 495 496 496 497 497 497 498 498 498 498 499 499 500 500 501 501 582 582 582
664 665 665 666 666 667 667 668 668 669 669 670 670 671 671 672 672 673 673 674 674 675 675 676 676 677 677 678 678 679 679 680 680 681 681 682 682 683 683 684 684 685 685 685 685 686 686 687 687 688 688 689 689 690 690 691 691 692 692 693 693 694 694 694 694 695 695 696 696 697 494 495 495 495 496 496 497 496 497 497 498 498 499 499 500 500 501 501 501 501 502 502 582 583
664 665 665 666 666 667 667 668 668 670 670 671 671 672 673 673 674 674 675 675 676 676 676 676 677 677 678 678 679 679 680 680 681 681 682 682 683 683 684 684 685 685 686 686 687 687 688 688 689 689 690 690 691 691 692 691 692 692 693 693 694 694 695 695 695 696 696 697 697 698 495 495 495 496 496 497 497 498 498 499 499 500 500 500 500 501 501 501 502 502 503 503 504 584
666 666 667 667 668 668 669 669 670 670 671 671 672 672 673 673 674 674 675 675 676 676 677 677 678 678 679 679 680 680 681 681 682 682 683 683 684 684 685 685 686 686 687 687 688 687 688 688 689 689 690 690 691 691 692 692 693 693 694 694 695 695 696 696 696 696 697 697 698 698 496 496 497 497 498 498 499 499 499 499 500 500 500 501 501 502 502 503 503 503 503 504 504 505
666 666 667 667 668 669 670 670 671 672 672 673 673 674 674 675 675 676 676 677 677 678 678 679 679 680 679 680 680 681 681 682 682 683 683 684 684 685 685 686 686 687 687 688 688 689 689 690 690 691 691 692 692 693 693 694 693 694 694 695 695 696 696 697 697 698 698 699 699 497 497 498 497 498 498 498 499 499 500 500 501 501 502 502 502 502 503 503 504 504 505 505 506 506
667 668 668 669 669 670 670 671 671 672 672 673 673 674 674 675 675 676 676 677 677 678 678 679 679 680 681 681 682 682 683 683 684 684 685 685 686 686 687 687 688 688 689 689 690 689 690 690 691 691 692 692 693 693 694 694 695 695 696 696 697 697 697 698 698 698 698 699 699 497 497 498 498 499 499 500 500 501 500 501 501 502 502 503 503 504 504 505 505 504 505 505 506 506
667 668 668 669 671 671 672 672 673 673 674 674 675 675 676 676 677 677 678 678 679 679 680 680 681 681 682 681 682 682 683 683 684 684 685 685 686 686 687 687 688 688 689 689 690 690 691 691 692 692 693 693 694 694 695 695 695 695 696 696 697 697 698 698 699 699 700 700 701 498 499 499 499 499 500 500 501 501 502 502 503 503 504 504 503 504 504 505 505 506 506 507 507 508
669 669 670 670 671 671 672 672 673 673 674 674 675 675 676 676 677 678 678 679 679 680 680 681 681 682 682 683 683 684 684 685 685 686 686 687 687 688 688 689 689 690 690 691 691 692 691 692 692 693 693 694 694 695 695 696 696 697 697 698 698 699 699 700 700 700 700 701 701 499 499 500 500 501 501 501 502 502 503 502 503 503 504 504 505 505 506 506 507 507 507 507 508 508
669 670 670 671 672 673 673 674 674 675 675 676 676 677 677 678 678 679 679 680 680 681 681 682 682 683 683 683 683 684 684 685 685 686 686 687 687 688 689 689 690 690 691 691 692 692 693 693 694 694 695 695 696 696 697 697 697 697 698 698 698 699 699 700 700 701 701 702 499 500 500 501 500 501 501 502 502 503 503 504 504 505 505 506 505 506 506 507 507 508 508 508 509 509
670 671 671 672 672 673 673 674 674 675 675 676 677 677 678 678 679 679 680 680 681 681 682 682 683 683 684 684 685 685 686 686 687 687 688 688 689 689 690 690 691 691 692 692 693 692 693 693 694 694 695 695 696 696 697 697 698 698 699 699 700 700 701 701 702 701 702 702 500 500 501 501 502 502 503 503 504 504 505 504 505 505 506 506 506 507 507 508 508 509 508 509 509 510
671 671 672 672 673 674 675 675 676 676 677 677 678 678 679 679 680 680 681 681 682 682 683 683 684 684 684 685 685 686 686 687 687 688 688 689 689 690 690 691 691 692 692 693 693 694 694 695 695 696 696 697 697 698 698 699 698 699 699 700 700 701 701 702 702 703 703 704 501 502 502 503 502 503 503 503 504 504 505 505 506 506 507 507 507 507 508 508 509 509 510 510 511 511
672 672 673 673 674 674 675 675 676 677 677 678 678 679 679 680 680 681 681 682 682 683 683 684 684 685 685 686 686 687 687 688 688 689 689 690 690 691 691 692 692 693 693 694 694 694 694 695 695 696 696 697 697 698 698 699 699 700 700 701 701 702 702 703 702 703 703 704 501 502 502 503 503 504 504 505 505 506 505 506 506 507 507 508 508 509 509 510 510 511 510 511 511 511
672 673 673 674 674 675 675 676 676 678 678 679 679 680 680 681 681 682 682 683 683 684 684 684 685 685 686 686 687 687 688 688 689 689 690 690 691 691 692 692 693 693 694 694 695 695 696 696 697 697 698 698 699 699 700 699 700 700 701 701 702 702 703 703 704 704 705 502 503 503 504 504 504 504 505 505 506 506 507 507 508 508 509 509 509 509 509 510 510 511 511 512 512 513
673 674 674 675 675 676 676 677 678 678 679 679 680 680 681 681 682 682 683 683 684 684 685 685 686 686 687 687 688 688 689 689 690 690 691 691 692 692 693 694 694 695 695 695 695 696 696 697 697 698 698 699 699 700 700 701 701 702 702 703 703 704 704 705 704 705 705 503 503 504 504 505 505 506 506 506 507 507 507 507 508 508 509 509 510 510 511 511 512 511 512 512 513 513
674 674 675 675 676 676 677 677 678 678 679 679 680 680 681 681 682 682 683 684 684 685 685 686 686 687 687 688 688 689 689 690 690 691 691 692 692 693 693 694 694 695 695 696 696 697 697 698 698 699 699 700 700 701 700 701 701 702 702 703 703 704 704 705 705 706 706 504 504 505 505 505 505 506 506 507 507 508 508 509 509 510 510 510 510 511 511 512 512 513 513 514 514 515
675 675 676 676 677 678 678 679 679 680 680 681 681 682 682 683 683 684 684 685 685 686 686 687 687 688 688 689 689 690 690 691 692 692 693 693 694 694 695 695 696 695 696 696 697 697 698 698 699 699 700 700 701 701 702 702 703 703 704 704 705 705 706 705 706 706 504 504 505 505 506 506 507 507 508 508 509 508 509 509 510 510 511 511 512 512 513 513 512 513 513 514 514 515
675 676 676 677 677 678 678 679 679 680 680 681 681 682 682 683 684 684 685 685 686 686 687 687 688 688 689 689 690 690 691 691 692 692 693 693 694 694 695 695 696 696 697 697 698 698 699 699 700 700 701 702 702 702 702 703 703 704 704 705 705 706 706 707 707 708 505 506 506 507 506 506 507 507 508 508 509 509 510 510 511 511 512 511 512 512 513 513 514 514 515 515 516 515
676 677 677 678 679 679 680 680 681 681 682 682 683 683 684 684 685 685 686 686 687 687 688 688 689 689 690 691 691 692 692 693 693 694 694 695 695 696 695 696 696 697 697 698 698 699 699 700 700 701 701 702 702 703 703 704 704 705 705 706 706 706 706 707 707 708 505 506 506 507 507 508 508 509 509 510 509 510 510 511 511 512 512 513 513 514 514 515 514 515 515 516 516 517
677 677 678 678 679 679 680 680 681 681 682 682 683 684 684 685 685 686 686 687 687 688 688 689 689 690 690 691 691 692 692 693 693 694 694 695 695 696 696 697 698 698 699 699 700 700 701 701 702 702 702 702 703 703 704 704 705 705 706 706 707 707 708 708 709 506 507 507 507 507 508 508 509 509 510 510 511 511 512 512 513 512 513 513 514 514 515 515 515 516 516 517 516 517
678 678 679 680 680 681 681 682 682 683 683 684 684 685 685 686 686 687 687 688 688 689 689 690 691 691 692 692 693 693 694 694 695 695 695 695 696 696 697 697 698 698 699 699 700 700 701 701 702 702 703 703 704 704 705 705 706 706 707 706 707 707 708 708 709 506 507 507 508 508 509 509 510 510 511 510 511 511 512 512 513 513 514 514 515 515 516 515 516 516 517 517 518 518
678 679 679 680 680 681 681 682 682 683 683 684 685 685 686 686 687 687 688 688 689 689 690 690 691 691 692 692 693 693 694 694 695 695 696 697 697 698 698 699 699 700 700 701 701 702 702 703 702 703 703 704 704 705 705 706 706 707 707 708 708 709 709 710 710 508 508 508 508 509 509 510 510 511 511 512 512 513 513 514 513 514 514 515 515 516 516 517 517 518 518 518 518 519
678 679 680 681 682 682 683 683 684 684 685 685 686 686 687 687 688 688 689 689 690 691 691 692 692 693 693 694 693 694 694 695 695 696 696 697 697 698 698 699 699 700 700 701 701 702 702 703 703 704 704 705 706 706 707 707 708 707 708 708 709 709 710 710 508 508 509 509 510 510 511 511 512 511 512 512 513 513 514 514 515 515 516 516 517 516 517 517 517 518 518 519 519 520
680 680 681 681 682 682 683 683 684 684 685 686 686 687 687 688 688 689 689 690 690 691 691 692 692 693 693 694 694 695 695 696 697 697 698 698 699 699 700 700 701 701 702 702 702 702 703 703 704 704 705 705 706 706 707 707 708 708 709 709 710 710 711 711 508 508 509 509 510 510 511 511 512 512 513 513 514 514 515 514 515 515 516 516 517 517 518 518 519 519 519 519 520 520
680 681 681 682 682 683 683 684 684 685 685 686 686 687 687 688 688 689 689 690 691 691 692 692 693 693 694 694 695 695 696 696 697 697 698 698 699 699 700 700 701 701 702 702 703 704 704 705 705 706 706 707 707 708 707 708 708 709 709 710 710 711 711 712 509 510 510 511 511 512 512 512 512 513 513 514 514 515 515 516 516 517 517 518 517 518 518 519 519 520 520 521 521 522
681 682 682 683 683 684 684 685 685 686 687 687 688 688 689 689 690 690 691 691 692 692 693 693 694 694 695 695 696 697 697 698 698 699 699 700 700 701 701 701 701 702 702 703 703 704 704 705 705 706 706 707 707 708 708 709 709 710 710 711 711 712 711 509 509 510 511 511 512 512 513 513 514 514 515 515 516 515 516 516 517 517 518 518 518 519 519 520 519 520 520 521 521 522
681 682 683 683 684 684 685 685 686 686 687 687 688 688 689 689 690 690 691 692 692 693 693 694 694 695 695 696 696 697 697 698 698 699 699 700 700 701 701 702 703 703 704 704 705 705 706 706 707 707 708 707 708 708 709 709 710 710 711 711 712 712 713 510 511 511 512 512 513 512 513 513 514 514 515 515 516 516 517 517 518 518 518 518 519 519 520 520 521 521 522 522 523 522
683 683 684 684 685 685 686 686 687 688 688 689 689 690 690 691 691 692 692 693 693 694 694 695 695 696 696 697 698 698 699 699 700 699 700 700 701 701 702 702 703 703 704 704 705 705 706 706 707 707 708 708 709 709 710 711 711 712 712 712 712 713 713 511 511 512 512 513 513 514 514 515 515 516 515 516 516 517 517 518 518 519 519 520 520 521 521 521 521 522 522 523 523 524
683 684 684 685 685 686 686 687 687 688 688 689 689 690 690 691 691 692 693 693 694 694 695 695 696 696 697 697 698 698 699 699 700 700 701 701 702 703 703 704 704 705 705 706 706 707 706 707 707 708 708 709 709 710 710 711 711 712 712 713 713 714 511 512 512 513 512 513 513 514 514 515 515 516 516 517 517 518 518 519 518 519 519 520 520 521 521 522 522 523 523 523 523 524
683 684 684 685 685 686 686 687 688 688 689 689 690 690 691 691 692 692 693 693 694 694 695 695 696 697 697 698 698 699 699 700 700 701 701 702 702 703 703 704 704 705 705 706 706 707 707 708 708 709 710 710 711 711 712 711 712 712 713 713 714 714 512 512 513 513 514 514 515 515 516 516 516 516 517 517 518 518 519 519 520 520 521 521 521 521 522 522 523 523 524 524 525 525
685 685 686 686 687 687 688 688 689 689 690 690 691 691 692 692 693 694 694 695 695 696 696 697 697 698 698 699 699 700 700 701 701 702 702 703 704 704 705 705 705 705 706 706 707 707 708 708 709 709 710 710 711 711 712 712 713 713 714 714 715 512 512 512 513 514 514 515 515 516 516 517 517 518 518 519 519 519 519 520 520 521 521 522 522 523 523 524 524 524 524 525 525 526
685 685 686 686 687 687 688 688 689 690 690 691 691 692 692 693 693 694 694 695 695 696 696 697 698 698 699 699 700 700 701 701 702 702 703 703 704 704 705 705 706 706 707 707 708 709 709 710 710 711 711 711 711 712 712 713 713 714 714 715 715 513 513 514 514 515 515 516 516 516 516 517 517 518 518 519 519 520 520 521 521 522 521 522 522 523 523 524 524 525 525 526 526 526
686 687 687 688 688 689 689 690 690 691 691 692 692 693 693 694 695 695 696 696 697 697 698 698 699 699 700 700 701 701 702 702 702 703 703 704 704 705 705 706 706 707 707 708 708 709 709 710 710 711 711 712 712 713 713 714 714 715 716 715 716 513 514 514 515 515 516 516 517 517 518 518 519 519 519 519 520 520 521 521 522 522 523 523 524 524 525 524 525 525 526 526 527 527
686 687 687 688 688 689 689 690 691 691 692 692 693 693 694 694 695 695 696 696 697 697 698 699 699 700 700 701 701 702 702 703 703 704 704 705 705 706 706 707 707 708 708 709 710 709 710 710 711 711 712 712 713 713 714 714 715 715 716 716 514 514 515 515 516 515 516 516 517 517 518 518 519 519 520 520 521 521 522 522 522 523 523 524 524 525 525 526 526 527 527 527 527 528
686 687 688 688 689 689 690 690 691 691 692 692 693 693 694 695 695 696 696 697 697 698 698 699 699 700 700 701 701 702 702 703 704 704 705 705 706 706 707 707 708 708 709 709 710 710 711 711 712 712 713 713 714 714 714 715 715 716 716 717 514 515 515 516 516 517 517 518 518 519 519 519 519 520 520 521 521 522 522 523 523 524 524 525 524 525 525 526 526 527 527 528 528 529
