testData/tiles/oneDegree/grid10.0-11.0-11.0-12.0.asc
ncols   200
nrows   200
xllcorner   10.0
yllcorner   11.0
cellsize   0.005
NODATA_value   -9999.0
[rows 84 to 125 of 200, columns 0 to 93 of 200]
563 563 563 562 562 563 564 564 563 563 563 563 562 563 563 563 563 563 563 563 563 563 563 563 562 562 562 562 562 562 562 561 561 561 561 317 317 318 317 304 304 303 303 303 302 301 301 301 301 300 300 300 299 299 353 353 351 352 352 351 351 350 350 349 348 347 347 346 346 345 346 344 344 343 343 342 341 340 340 339 338 337 336 336 346 344 344 344 343 342 341 340 339 338
562 562 562 563 563 563 563 562 563 563 563 562 562 563 563 562 563 563 563 563 562 562 562 562 562 562 562 561 561 561 560 560 561 561 560 317 317 316 316 303 302 303 303 302 302 302 301 301 354 354 354 354 354 353 353 353 352 352 350 350 349 349 350 349 349 348 347 346 346 345 345 344 343 342 342 341 341 340 339 339 338 337 336 335 346 345 343 343 342 341 340 339 338 337
561 562 562 562 563 562 562 562 562 562 562 563 563 563 562 562 562 562 562 562 562 562 561 561 561 561 560 561 561 561 560 560 560 559 559 317 316 316 316 302 302 302 301 356 357 356 356 356 355 355 354 353 353 352 352 352 352 351 351 351 349 349 348 348 347 347 346 345 345 345 344 344 343 342 341 341 340 340 338 337 337 336 336 334 334 345 344 342 342 341 340 338 338 337
562 562 562 562 561 561 561 562 563 562 562 562 562 561 562 562 562 562 561 561 561 561 561 561 561 561 561 561 561 560 561 561 560 560 560 316 315 315 314 370 357 356 356 356 355 355 355 354 354 354 354 354 353 352 351 351 351 350 350 349 350 349 348 348 347 347 346 346 345 344 343 343 342 341 341 340 340 339 339 337 336 336 335 335 333 343 343 342 340 339 339 338 336 337
561 561 561 561 561 561 562 562 561 561 562 562 561 561 561 561 561 561 561 562 562 561 561 561 560 561 561 561 560 560 560 559 559 560 614 371 371 371 370 370 357 356 355 355 355 355 354 354 354 353 353 352 352 353 352 351 350 350 349 349 349 348 348 346 346 346 346 345 345 344 343 342 342 341 341 340 338 338 337 337 336 335 335 334 334 343 342 342 341 339 338 338 337 335
561 561 560 560 561 562 562 561 561 561 561 560 561 561 561 562 561 561 561 561 561 561 561 560 560 560 560 559 560 560 614 614 614 614 613 370 370 370 370 370 356 356 356 355 355 354 353 354 353 353 353 352 352 351 351 351 350 349 349 349 348 348 347 347 346 345 344 344 343 343 342 342 341 341 340 340 339 338 337 336 336 334 333 333 332 343 341 340 339 340 338 337 337 336
560 560 561 561 561 561 560 560 561 561 560 560 561 561 561 561 561 561 561 560 560 560 560 560 560 615 614 614 614 614 613 613 614 613 613 370 369 369 369 368 368 356 355 355 355 354 354 353 353 352 351 352 351 351 351 350 350 349 349 347 347 347 346 347 346 346 344 344 343 343 342 342 340 339 339 338 338 338 337 336 335 335 333 332 332 331 341 340 339 338 338 336 335 334
560 560 560 560 561 560 560 560 560 559 560 561 561 561 560 560 560 560 560 560 560 615 614 614 614 613 614 614 614 613 613 613 612 612 612 612 369 369 368 368 368 354 354 354 353 354 354 353 353 352 352 351 350 350 349 350 349 349 349 348 348 346 346 345 345 344 344 343 343 342 342 341 341 340 339 338 337 337 336 335 334 333 333 331 330 331 341 340 339 338 337 337 335 334
560 560 560 559 559 559 559 560 560 560 560 560 560 559 560 560 560 614 614 614 614 613 614 614 614 614 614 614 613 613 614 613 613 613 612 612 369 367 367 368 367 354 354 353 353 353 352 352 352 352 352 351 351 349 349 349 348 348 347 347 347 347 345 345 345 344 344 343 343 341 340 340 339 339 339 338 337 337 336 335 334 333 332 332 330 329 340 339 337 337 336 335 333 333
559 559 559 559 559 559 560 559 559 560 560 560 559 559 614 614 613 614 614 615 614 614 614 613 613 614 614 613 613 613 612 612 612 613 612 612 369 368 368 368 367 367 352 353 353 352 352 352 351 351 350 350 350 350 350 348 348 347 347 347 346 346 345 345 343 343 343 343 342 342 340 340 339 338 338 337 336 335 335 334 333 332 332 331 331 329 339 339 338 336 335 335 334 332
559 558 558 558 559 560 559 559 559 559 613 613 614 614 614 614 614 614 614 613 614 614 613 613 613 613 612 612 613 612 612 612 612 611 611 611 367 368 368 367 367 367 353 353 352 352 351 351 351 351 350 350 349 349 348 348 348 346 347 346 346 345 345 344 344 342 342 341 341 340 340 338 339 338 338 337 336 335 334 334 333 332 331 330 329 329 327 337 337 336 335 334 334 333
559 558 559 559 559 558 613 613 614 613 613 613 614 614 613 614 614 614 613 613 613 613 612 613 613 612 612 612 612 611 611 611 611 611 611 610 367 367 366 366 366 366 353 353 352 352 351 351 351 349 349 349 349 349 348 348 347 347 346 345 345 344 344 344 344 343 342 341 341 340 339 339 337 337 336 336 335 334 334 333 333 332 331 330 329 328 328 337 336 335 335 333 332 331
559 559 559 613 613 613 613 613 612 612 613 614 614 613 613 613 613 612 613 613 613 612 612 612 611 611 612 612 611 611 611 610 610 610 609 610 367 366 366 366 365 365 365 351 351 352 351 351 350 350 350 348 348 347 347 346 347 347 346 346 344 344 343 343 342 342 341 341 339 340 339 339 338 337 336 335 335 334 334 332 331 331 330 328 328 327 327 337 336 335 334 333 332 331
615 614 613 613 613 613 613 612 613 613 613 612 612 612 613 613 612 612 612 612 611 612 612 611 611 611 612 611 611 611 611 611 611 610 610 609 365 365 365 365 365 365 364 351 351 350 350 349 349 350 349 349 348 347 347 346 346 345 345 344 344 344 343 342 342 341 341 340 340 338 338 337 337 336 336 335 334 334 333 333 331 330 330 329 327 327 326 336 334 334 333 332 330 329
615 614 613 613 613 613 613 613 613 613 612 612 612 612 612 611 611 612 612 611 612 612 611 611 611 612 611 611 611 610 610 610 609 610 610 610 609 366 365 365 365 363 363 351 350 350 350 349 349 348 348 348 347 347 347 346 345 345 344 344 344 343 343 341 341 340 341 340 340 339 337 337 336 336 335 335 333 332 332 331 331 329 328 329 328 326 325 325 335 333 332 332 331 329
614 614 613 613 614 613 613 613 613 612 612 612 612 612 611 611 612 612 611 611 612 611 611 611 611 610 610 610 610 610 610 610 609 609 609 608 608 366 365 365 364 364 364 363 350 349 348 349 348 348 348 347 347 346 346 346 345 344 343 344 343 343 342 342 341 340 339 339 338 338 337 336 335 335 335 334 334 332 331 331 330 328 328 327 326 326 324 323 334 333 331 330 330 330
614 614 613 613 613 613 613 613 612 612 612 612 611 611 612 612 612 611 611 611 610 610 610 611 610 610 610 609 609 609 609 608 609 609 608 608 608 364 364 364 363 364 363 363 350 349 349 348 347 347 346 346 347 346 346 345 345 344 343 342 342 341 341 340 341 340 339 338 338 337 337 336 335 334 333 333 332 331 330 329 330 329 327 327 326 325 325 323 333 332 332 330 329 328
614 615 614 613 613 613 613 612 612 612 612 612 612 612 612 611 611 611 611 610 610 610 610 609 609 609 609 609 609 609 608 608 608 607 607 608 607 364 364 363 363 363 362 362 348 349 349 348 348 347 346 346 345 345 344 344 344 344 344 343 342 341 341 340 340 339 339 337 337 336 336 336 335 334 333 333 332 331 330 329 328 328 327 325 325 324 323 321 322 332 331 329 328 328
615 614 614 613 613 613 612 612 612 613 612 612 612 612 611 611 611 611 610 610 610 610 609 609 609 609 608 608 608 607 608 608 607 607 607 606 606 363 362 363 363 362 362 362 361 348 347 347 347 346 347 346 345 344 344 344 343 343 342 342 341 340 340 340 339 339 338 338 336 336 335 335 334 333 332 331 332 331 330 329 328 327 327 326 324 324 323 322 320 330 330 329 327 326
614 614 614 613 612 612 612 613 613 612 612 612 612 611 611 611 611 610 610 610 610 609 609 609 610 609 609 609 608 608 608 607 607 608 607 607 607 362 362 362 361 361 361 361 361 347 347 347 346 346 345 345 345 344 344 343 343 342 342 341 341 340 339 338 338 337 337 337 337 335 335 334 334 333 332 331 330 330 329 328 327 326 325 325 325 323 322 322 321 330 329 328 328 326
615 614 614 613 612 612 613 613 612 612 612 612 611 611 611 611 610 610 610 611 610 610 610 610 609 609 609 608 608 608 607 607 607 606 606 606 605 363 363 362 362 362 360 360 360 346 346 346 346 346 345 345 344 344 343 342 341 341 341 341 341 340 340 339 338 337 337 336 335 335 333 333 332 333 332 331 330 329 329 328 327 326 325 324 323 322 321 320 319 318 328 327 326 324
615 614 613 613 613 613 613 612 612 612 612 611 611 611 611 610 611 611 611 610 610 610 610 609 609 609 608 608 608 607 607 607 606 606 606 606 605 362 361 361 361 361 361 361 360 346 345 345 345 344 344 343 344 344 343 343 342 341 340 340 339 339 338 338 337 337 336 336 335 335 334 332 332 331 331 330 329 328 327 326 326 326 324 324 323 322 320 320 319 318 327 326 326 325
619 613 613 614 613 612 612 612 612 612 611 611 611 611 611 611 611 611 610 610 610 610 609 609 609 608 608 608 607 607 607 607 606 606 606 605 605 362 361 361 360 360 360 359 359 360 346 345 344 344 343 343 343 342 342 341 341 341 340 339 339 338 338 337 337 336 335 334 334 333 333 333 331 331 330 330 329 328 327 326 325 325 323 322 322 321 320 318 317 318 328 326 325 324
618 615 614 614 613 612 612 612 612 611 611 611 612 611 611 611 611 610 610 610 610 609 609 609 608 608 608 607 607 607 607 606 606 606 605 605 605 361 361 360 360 360 359 359 359 358 345 344 344 343 343 343 342 342 341 341 341 340 340 339 338 337 338 337 337 336 336 334 333 333 332 332 331 329 329 328 328 328 326 326 325 324 324 322 321 320 320 318 317 316 315 325 324 323
619 615 614 613 613 612 612 611 611 611 612 612 611 611 611 611 610 610 610 610 609 609 609 608 608 608 608 607 607 607 606 606 606 605 605 605 604 604 361 360 360 359 359 359 358 358 345 344 344 343 343 341 341 341 340 341 340 340 339 339 338 337 336 336 335 335 334 334 333 332 332 331 331 330 328 328 327 327 326 324 324 323 322 321 320 319 319 318 317 316 315 325 323 322
619 619 613 613 613 612 611 611 612 612 612 611 611 611 611 610 610 610 610 609 609 609 608 608 608 608 608 608 608 607 607 607 606 606 606 604 604 604 360 360 360 359 359 358 358 358 357 344 343 343 343 342 342 340 340 339 339 338 338 337 338 337 336 335 335 334 334 333 333 331 331 330 329 329 329 327 327 326 326 325 323 322 322 321 319 318 318 317 316 314 313 324 323 321
618 618 614 613 613 612 612 612 612 611 611 611 611 611 610 610 610 609 609 609 609 609 609 609 609 608 608 608 607 607 607 606 606 606 605 605 605 604 361 361 359 359 358 358 358 357 357 343 343 343 342 342 341 341 340 339 338 338 338 337 337 336 336 334 333 334 333 333 332 332 330 330 329 328 328 327 325 325 324 323 323 321 321 321 320 318 317 316 316 314 313 312 322 321
618 618 614 613 612 613 612 612 611 611 611 611 610 610 610 610 609 609 610 610 609 609 609 609 608 608 608 607 607 607 606 606 606 605 605 605 604 604 361 360 360 360 359 358 357 357 357 343 343 342 342 341 341 341 340 340 338 338 337 337 336 336 335 335 333 333 332 331 331 330 330 328 329 328 327 327 325 324 324 323 322 321 320 319 318 318 316 315 314 313 311 312 322 322
618 618 617 612 613 613 612 611 611 611 611 610 610 610 610 610 610 610 610 609 609 609 609 608 608 608 607 607 607 606 606 606 605 605 605 604 604 604 360 360 360 359 359 358 358 358 356 343 342 342 342 341 341 340 340 339 339 337 337 336 336 335 335 334 334 332 332 331 331 330 329 329 327 327 326 325 325 323 322 323 322 321 319 319 318 317 315 314 314 313 312 310 321 321
619 617 618 614 613 613 611 611 611 611 610 610 610 611 610 610 610 610 609 609 609 609 608 608 608 607 607 607 606 606 606 605 605 605 604 604 604 603 360 360 359 359 358 358 358 357 357 356 342 342 341 341 340 340 339 339 338 338 337 336 335 335 334 334 333 333 331 331 330 330 329 328 327 326 325 325 324 324 322 321 320 320 319 317 316 316 315 314 313 312 311 310 310 321
618 618 618 614 612 612 612 611 611 610 610 611 611 610 610 610 610 609 609 609 608 608 608 608 607 607 607 606 606 606 605 605 605 604 604 604 603 603 360 359 359 359 358 358 357 357 357 356 343 342 341 340 340 339 339 339 338 338 337 337 335 335 334 334 333 332 332 330 330 329 329 328 327 326 325 324 324 323 322 321 320 319 318 317 316 315 314 313 312 311 310 310 309 320
619 618 618 613 612 612 612 611 610 610 611 611 610 610 610 610 609 609 609 608 608 608 608 607 607 607 606 606 606 605 605 605 604 604 604 603 603 603 359 359 359 358 358 357 357 357 356 356 342 342 341 340 340 339 339 338 338 337 337 336 336 334 334 333 333 332 331 331 329 329 328 328 327 326 325 324 323 323 322 320 320 319 318 317 315 315 314 313 311 310 310 310 309 320
619 618 617 617 612 612 611 610 611 611 611 610 610 610 610 609 609 609 608 608 608 608 607 607 607 606 606 606 605 606 606 605 604 604 603 603 603 602 359 359 358 358 357 357 357 356 356 355 342 342 341 341 340 339 338 338 337 337 336 336 335 335 333 333 332 332 331 331 330 328 328 327 327 326 325 324 323 322 321 321 319 318 318 317 315 314 313 312 312 310 310 310 310 309
618 618 617 617 613 611 611 612 611 610 610 610 610 609 609 609 609 608 608 608 608 607 608 608 607 607 607 606 606 606 606 605 605 604 604 604 603 603 360 358 358 358 357 357 356 356 356 355 355 341 341 340 340 339 338 337 337 337 336 336 335 334 334 332 332 331 331 330 330 329 327 327 326 325 325 323 322 322 321 320 319 318 317 316 315 314 313 312 311 310 310 310 310 309
618 618 617 617 612 611 612 612 610 610 610 610 609 609 609 609 608 608 608 609 608 608 608 607 607 607 606 606 606 606 605 605 605 604 604 603 603 603 359 359 359 358 357 356 356 356 355 355 354 341 340 340 340 339 339 337 337 336 336 335 335 334 334 333 331 331 330 330 329 329 327 326 326 325 324 324 322 321 321 320 319 317 317 316 315 314 312 311 311 311 310 310 310 310
618 618 616 616 613 612 612 611 610 610 610 609 609 609 609 608 608 609 609 608 608 608 607 607 607 606 606 606 606 605 605 605 604 604 603 603 603 602 359 359 358 358 357 357 356 355 355 354 354 341 340 340 339 339 338 338 337 336 335 335 334 334 333 333 332 330 330 329 329 328 327 326 325 325 324 323 323 321 320 319 319 318 316 315 314 314 312 311 311 311 310 310 310 310
618 617 617 617 617 613 611 611 611 610 609 609 609 609 608 609 609 609 608 608 608 607 607 607 606 606 606 606 605 605 605 604 604 604 603 603 602 602 602 358 358 358 357 357 356 356 354 354 354 340 340 339 339 338 338 337 337 336 335 334 334 333 333 332 332 331 329 329 328 328 327 326 325 324 323 323 322 320 320 319 318 317 316 315 314 313 312 311 311 311 311 310 310 310
617 617 618 617 616 612 611 611 611 609 609 609 609 609 609 609 608 608 608 608 607 607 607 606 606 606 606 605 605 605 604 604 604 603 603 602 602 602 601 358 358 357 357 356 356 356 355 355 353 353 339 339 338 338 337 337 336 336 335 334 333 333 332 332 331 331 329 328 328 327 327 326 325 324 323 322 322 321 319 318 318 317 316 314 313 313 312 311 311 311 311 310 310 310
617 618 618 616 616 612 611 610 610 609 609 608 609 609 609 608 608 608 608 607 607 607 606 606 606 606 605 605 605 604 604 604 603 603 602 602 602 601 601 358 357 357 356 356 356 355 355 354 354 352 339 339 338 338 337 337 336 336 335 335 333 333 332 331 331 330 330 328 327 327 326 326 325 323 323 322 321 320 320 318 317 316 316 314 313 312 312 312 311 311 311 311 310 310
619 617 617 616 616 612 610 610 610 609 609 609 609 609 608 608 608 608 607 607 607 606 606 606 605 605 605 605 604 604 604 603 603 603 602 602 601 601 601 357 357 356 356 356 355 355 354 354 354 353 340 338 338 337 337 336 336 335 335 334 334 332 332 331 330 330 329 329 327 326 326 325 324 324 322 321 321 320 319 317 317 316 315 314 312 312 312 312 311 311 311 311 310 310
618 617 617 617 616 615 611 610 610 610 609 609 609 608 608 608 608 607 607 607 606 606 606 605 605 605 605 604 604 604 603 603 603 602 602 601 601 601 600 357 357 356 356 355 355 354 354 354 353 353 339 339 337 337 336 336 335 335 334 334 333 332 331 331 330 329 329 328 328 326 325 325 324 323 322 321 320 319 319 318 316 315 315 314 312 312 312 312 312 311 311 311 311 310
618 617 617 616 615 615 611 610 610 610 609 609 608 608 608 607 607 607 607 606 606 606 605 605 605 605 605 605 605 604 604 604 603 603 602 601 601 600 600 357 356 356 355 355 355 354 354 353 353 352 352 338 338 336 336 335 335 334 334 333 333 332 331 330 330 329 328 328 327 326 325 324 324 323 322 320 320 319 318 317 316 315 314 313 313 312 312 312 312 311 311 311 311 310
