testData/tiles/oneDegree/grid3.0-47.0-4.0-48.0.asc
ncols   200
nrows   200
xllcorner   3.0
yllcorner   47.0
cellsize   0.005
NODATA_value   -9999.0
[rows 123 to 163 of 200, columns 0 to 91 of 200]
1003 1002 1002 1002 1001 1002 1000 1001 1002 1001 1001 1001 1001 1001 999 1000 1000 999 1000 998 998 998 999 998 998 997 996 996 995 994 994 994 994 994 993 993 991 991 992 991 991 989 990 988 989 987 988 986 986 985 985 985 983 983 982 982 981 979 979 979 978 978 976 974 974 974 973 973 972 971 970 969 969 968 968 967 966 965 964 963 962 961 960 959 958 959 957 955 955 954 954 952
1002 1001 1001 1001 1001 1000 1000 1001 1000 1001 1000 999 1000 1000 1000 999 998 999 998 997 998 998 998 997 997 995 995 995 994 994 994 993 993 993 992 991 990 993 991 990 990 989 988 987 988 987 987 985 985 984 985 984 982 982 981 981 979 980 978 979 978 977 975 973 973 973 973 971 971 969 970 969 969 968 967 966 964 964 962 962 960 961 959 959 958 957 957 955 955 953 953 951
1001 1000 1000 1001 999 1000 1000 1000 1000 999 998 999 999 999 999 997 999 997 997 998 997 997 997 995 995 994 995 994 993 994 992 993 992 992 990 991 991 991 990 990 989 988 987 988 987 986 985 984 984 983 984 982 982 981 980 980 979 981 978 978 976 975 973 974 973 972 971 970 971 969 970 968 968 966 966 964 963 962 962 962 960 960 958 960 957 957 955 955 953 953 952 951
999 999 999 999 999 1000 998 999 998 998 998 999 998 999 997 997 997 996 998 996 996 996 995 994 994 993 994 993 993 992 991 992 991 991 991 991 989 990 989 989 988 986 987 987 986 984 985 984 983 983 982 982 980 981 980 979 980 979 977 976 974 974 973 973 972 972 971 970 970 969 968 967 966 965 965 964 963 962 961 960 960 959 958 958 956 956 955 954 953 952 951 950
999 998 998 999 998 998 997 998 997 997 997 998 998 997 996 996 996 996 996 995 993 994 994 992 994 992 993 993 991 991 990 991 991 991 990 989 989 989 988 988 986 987 987 985 985 984 984 982 982 982 982 980 980 980 979 979 978 978 975 974 974 973 972 973 972 970 971 969 969 967 967 966 965 965 964 963 962 962 960 960 958 959 958 957 956 955 954 953 952 950 950 948
998 996 999 997 998 997 995 997 997 997 996 996 996 996 995 997 996 995 994 992 994 993 992 993 992 992 993 991 991 990 989 991 989 990 988 988 989 988 987 986 987 985 985 984 984 983 982 981 982 981 982 980 980 979 978 978 977 977 974 974 972 973 971 972 971 970 969 968 968 966 967 964 965 963 963 962 962 960 959 960 958 959 956 956 954 954 952 952 950 949 949 948
996 997 997 996 997 995 996 997 996 996 994 996 995 994 995 996 994 993 992 992 993 991 993 991 991 992 991 990 990 989 990 989 989 988 987 988 987 987 986 987 985 983 984 983 983 981 981 981 982 981 980 980 979 978 976 977 977 975 973 973 972 971 971 972 970 969 968 967 967 966 964 964 964 963 963 961 962 960 959 958 957 957 955 954 953 952 952 952 950 949 949 948
996 995 996 996 995 995 996 995 995 994 995 995 993 994 993 993 993 991 992 991 992 992 991 990 991 990 990 989 990 989 988 989 987 987 987 987 986 986 986 985 983 983 983 982 981 980 982 980 981 979 980 978 978 977 975 977 974 975 972 972 972 971 971 970 969 967 968 966 966 964 964 964 963 962 962 961 960 959 957 957 956 955 954 954 953 952 952 951 950 948 948 945
995 994 995 994 994 994 994 995 993 993 993 992 993 993 991 993 991 990 991 990 991 990 990 989 990 989 988 989 989 987 988 987 986 987 985 987 985 986 984 983 982 982 982 980 980 981 980 980 979 979 979 977 977 975 976 975 974 973 971 972 970 970 969 969 967 967 967 965 966 963 964 963 963 961 961 959 959 958 956 956 955 955 953 954 952 952 950 950 948 947 946 944
994 992 994 993 994 993 993 992 991 992 991 992 991 991 991 991 990 990 990 990 990 989 989 988 989 987 989 988 987 988 986 986 986 985 985 985 985 984 982 982 981 981 981 980 981 979 979 978 979 978 977 976 976 976 974 974 973 973 971 970 969 969 968 968 967 966 966 965 963 963 963 962 961 960 960 958 958 957 956 955 954 954 953 952 951 951 949 949 948 947 945 945
992 992 993 991 992 991 991 991 990 990 991 991 990 990 990 990 989 989 989 989 989 988 988 987 988 988 988 986 987 986 985 985 985 985 983 984 983 982 981 981 980 980 980 980 979 978 977 978 978 976 976 975 976 974 973 973 972 972 969 969 967 969 968 968 967 965 965 962 963 962 962 961 960 959 958 958 957 956 955 955 954 953 952 951 950 950 949 948 947 944 944 943
990 991 991 990 991 990 990 989 990 990 989 990 989 989 989 990 989 988 987 988 988 986 987 986 987 987 986 985 985 985 984 985 984 983 982 983 981 981 980 980 981 979 980 978 978 977 977 977 976 975 976 975 974 973 972 972 971 970 969 968 967 969 967 967 965 964 963 962 962 961 961 959 959 958 958 957 957 956 953 954 952 952 951 951 949 949 947 947 945 943 944 942
989 990 990 989 988 990 988 989 989 988 989 989 987 988 988 989 988 986 987 987 986 986 986 985 987 985 985 985 983 984 984 984 982 981 982 981 980 980 979 980 979 979 978 977 977 976 977 975 976 976 975 973 971 972 971 971 970 969 968 967 967 967 966 965 965 963 962 961 960 960 959 959 958 958 958 956 956 953 953 953 952 951 950 950 948 948 946 946 943 942 942 943
989 989 988 988 987 988 988 989 987 988 988 987 987 987 987 988 986 985 986 985 987 985 985 986 985 984 984 983 983 983 982 982 980 981 980 980 980 980 979 978 979 977 977 976 976 975 975 975 976 974 973 971 971 971 970 970 968 969 968 967 966 966 965 965 963 961 961 959 959 959 959 959 958 957 956 955 952 953 952 952 951 950 949 948 947 946 945 945 944 943 943 942
988 987 988 987 985 988 987 987 986 987 986 986 986 986 987 985 985 985 985 985 985 984 984 984 984 982 983 983 981 982 981 980 980 979 979 979 979 979 977 978 978 976 976 975 975 974 975 975 973 972 971 971 970 970 969 968 969 968 967 966 965 965 964 963 961 960 959 958 961 959 959 957 957 955 955 953 952 952 951 951 949 949 947 947 947 947 945 944 943 942 942 940
986 986 986 985 986 986 985 986 984 986 985 986 985 985 985 984 984 983 985 984 984 983 983 983 982 982 983 980 981 981 979 980 978 978 979 979 978 977 977 976 976 975 975 974 974 973 975 972 972 970 971 970 968 969 968 969 967 967 966 964 965 964 962 960 960 959 960 959 959 958 957 956 955 955 954 952 951 951 950 949 948 947 948 948 946 945 943 942 941 941 940 939
985 984 984 985 984 985 985 984 983 985 984 985 984 984 984 982 983 983 983 983 983 981 982 981 980 981 979 979 980 979 978 978 977 978 978 978 976 976 976 975 975 974 975 974 973 973 972 971 970 970 969 968 969 968 968 968 966 966 964 964 963 962 961 959 960 959 959 957 958 956 956 956 955 954 952 951 949 950 948 950 949 948 947 946 944 943 942 940 941 940 939 939
983 984 984 983 983 984 983 983 983 984 983 983 982 983 982 981 983 981 983 982 981 981 979 980 981 979 978 979 978 978 977 977 977 977 977 976 975 975 974 974 973 974 974 972 972 970 971 970 969 969 967 968 967 968 967 966 965 964 964 962 961 961 960 959 959 958 957 956 957 955 956 954 954 951 950 949 948 951 949 949 947 947 945 945 942 942 941 939 941 939 939 937
982 984 982 983 982 982 982 981 982 983 982 982 981 981 981 982 981 980 982 980 979 978 979 979 978 978 976 977 977 976 977 977 975 977 975 975 975 973 973 973 974 973 972 970 970 970 970 968 969 968 967 966 967 967 965 965 963 964 963 961 961 959 960 958 958 957 956 955 956 955 954 953 951 950 950 949 949 949 948 947 946 945 944 943 941 942 940 939 939 938 937 936
981 982 981 981 981 982 981 981 981 981 981 980 980 981 981 980 980 977 979 978 978 978 978 978 977 976 976 976 975 977 976 975 975 975 974 973 973 972 972 973 973 970 970 969 969 969 968 969 967 967 966 966 966 965 964 963 963 963 960 961 959 959 958 957 957 955 955 955 955 953 953 951 951 950 949 949 947 948 946 946 945 944 942 942 941 939 939 937 938 938 937 936
980 981 979 980 980 981 980 981 979 979 980 978 980 979 978 978 977 977 978 976 978 977 975 977 975 975 975 974 975 976 974 974 973 974 973 972 973 971 971 972 970 969 969 968 968 967 969 967 966 966 965 965 964 964 962 963 961 961 960 958 959 958 957 956 955 954 954 954 954 952 952 950 949 949 948 947 946 947 945 945 943 943 941 941 939 938 939 937 938 936 936 933
980 979 978 979 979 980 979 978 978 978 978 977 977 977 978 976 976 976 976 976 976 975 975 975 974 975 974 974 975 974 973 973 972 972 971 972 971 970 970 969 969 967 968 967 967 967 966 966 965 964 964 963 963 963 962 962 960 960 958 958 958 956 956 954 954 953 953 953 953 951 950 950 948 948 947 946 946 945 944 944 942 941 940 939 939 938 937 937 936 935 934 933
978 978 977 978 978 978 977 976 975 976 977 975 976 976 976 975 975 975 976 975 974 974 973 974 973 974 973 972 973 973 971 972 971 970 972 970 969 969 968 968 967 967 967 966 966 966 965 965 963 964 962 962 962 963 961 960 959 957 958 957 956 955 954 953 954 952 953 952 951 949 949 949 947 947 945 945 944 945 943 942 941 941 940 938 938 936 936 935 936 934 933 932
977 975 976 976 976 975 975 974 974 976 975 975 975 974 975 974 975 974 973 974 973 972 972 973 973 973 971 972 972 971 971 970 970 970 970 968 968 967 967 966 966 966 966 965 964 965 964 963 963 962 961 961 961 961 959 959 958 957 957 955 955 953 953 953 953 952 950 950 949 949 948 947 946 945 944 943 944 944 942 942 940 939 938 937 936 936 936 935 935 932 932 930
974 974 975 973 975 974 974 973 974 974 974 973 973 974 973 973 973 972 972 973 971 972 971 972 972 971 970 971 970 969 970 969 969 968 968 967 966 966 965 965 967 965 964 963 963 964 962 962 961 961 961 959 960 959 958 957 956 956 955 954 953 952 954 952 952 949 949 949 948 948 946 946 944 944 943 943 944 942 941 940 939 937 937 937 936 935 934 934 932 931 930 929
974 972 973 972 973 972 973 972 972 973 972 972 972 972 972 972 971 971 972 971 970 970 970 971 970 970 969 968 969 968 969 967 966 967 967 965 966 964 964 965 964 964 962 963 962 962 961 961 960 961 958 959 958 957 957 955 956 954 954 953 953 953 952 951 949 948 947 948 947 946 945 944 943 944 943 943 941 941 939 938 938 936 937 935 935 933 933 931 931 930 929 928
972 971 972 970 972 971 972 971 972 971 971 971 969 972 971 970 970 970 970 970 968 970 969 970 969 968 968 967 966 967 967 965 966 966 965 964 964 964 963 964 963 962 961 962 960 961 959 961 959 958 957 957 957 956 955 955 954 953 954 952 953 951 951 949 948 947 946 947 945 945 944 943 944 943 942 940 940 939 938 937 937 936 935 934 933 932 931 930 930 929 928 927
971 970 970 969 971 970 971 970 969 970 969 969 969 970 969 970 968 968 969 969 968 969 967 968 968 966 966 965 966 966 965 964 965 964 964 963 963 963 961 963 961 961 961 960 959 959 960 959 957 957 956 955 956 954 954 953 953 953 952 952 951 950 949 947 946 946 945 945 944 944 943 944 942 942 939 939 939 937 937 936 936 934 934 933 932 930 930 930 929 928 927 927
969 968 969 967 970 969 968 968 968 968 968 969 967 969 968 968 967 967 968 968 968 966 966 965 965 964 965 964 965 964 964 963 963 963 961 963 962 961 961 961 960 960 959 959 959 958 958 957 956 955 955 954 954 953 953 953 953 951 951 950 949 948 946 946 945 945 944 944 944 943 943 942 941 940 938 937 936 936 936 935 935 933 933 931 931 929 929 927 928 928 926 926
968 967 966 967 968 967 967 967 966 967 968 967 966 968 966 967 966 966 967 966 966 964 963 964 964 963 964 963 964 963 962 961 961 961 961 962 960 960 959 960 959 958 958 958 956 958 956 955 955 954 954 952 953 953 953 952 951 950 950 948 947 946 945 945 944 944 943 944 942 943 941 941 939 937 937 935 935 935 935 934 933 933 932 930 929 928 928 927 927 926 925 924
965 965 966 966 965 966 966 965 965 967 966 966 965 966 965 964 965 965 964 963 964 962 962 963 963 963 963 961 963 961 960 961 960 961 961 960 959 958 958 959 957 958 956 956 955 955 955 954 953 953 952 951 953 952 952 950 950 949 946 947 945 945 943 944 944 943 942 941 941 942 940 938 937 936 935 934 935 934 934 933 933 931 930 929 927 928 926 926 925 925 923 923
964 966 964 964 964 964 964 964 964 965 965 963 964 964 962 963 963 962 963 962 962 961 962 962 962 961 961 960 960 960 959 960 959 959 959 959 957 958 957 957 956 955 955 954 953 953 954 952 953 951 952 951 951 951 950 949 947 947 945 944 944 943 944 944 942 942 940 940 941 938 938 936 936 934 934 934 934 934 933 932 931 929 929 928 927 926 925 924 924 924 922 921
963 963 963 963 962 963 963 963 963 963 962 961 962 961 962 962 961 961 962 960 961 960 961 961 959 960 959 958 959 959 958 959 958 957 958 957 956 957 954 955 954 954 954 952 953 952 952 951 951 951 951 949 951 949 948 947 945 946 943 943 944 943 943 942 941 940 939 939 938 937 936 935 935 933 935 933 933 932 932 931 929 928 927 927 925 925 924 923 923 922 920 919
961 962 961 960 961 960 961 960 961 960 961 960 960 960 961 960 960 959 960 959 959 959 959 959 958 959 957 957 958 958 957 957 956 956 956 956 954 953 954 952 954 953 952 951 952 950 951 950 951 950 949 948 947 947 946 945 945 944 942 943 942 943 941 941 939 938 938 936 937 935 935 934 934 934 933 932 931 931 931 928 927 927 926 925 924 924 922 922 920 920 919 919
959 958 959 958 958 959 960 958 959 959 959 958 960 958 959 959 958 958 958 957 958 958 957 958 957 957 956 956 957 957 955 956 955 952 954 953 953 953 952 951 953 951 951 950 950 949 950 949 949 948 947 946 945 946 944 944 943 944 942 941 941 941 940 939 938 937 936 935 935 934 935 933 933 932 932 931 930 929 927 927 926 926 925 924 923 922 921 921 919 920 918 917
957 957 958 956 958 958 958 957 958 957 958 958 958 957 957 957 956 957 956 957 957 956 956 957 955 956 955 955 955 955 954 953 952 951 953 952 952 951 951 950 951 950 949 948 949 948 948 949 947 947 944 945 944 944 943 942 943 943 940 940 940 939 939 937 936 934 935 934 934 934 933 932 932 931 930 929 927 926 926 925 925 925 923 923 921 922 920 919 918 917 918 916
956 955 956 956 956 956 957 956 955 955 957 956 956 956 955 956 955 956 955 955 955 955 954 954 954 955 954 953 953 952 953 951 951 950 952 951 950 950 950 948 950 948 947 949 947 947 947 947 945 944 943 944 942 943 942 943 942 941 939 937 938 938 937 935 934 934 934 933 933 932 932 930 930 930 928 927 925 925 925 925 924 923 923 922 921 921 918 917 916 916 916 915
954 954 955 954 954 955 954 954 954 954 955 955 953 954 954 954 954 955 953 954 954 953 953 952 953 953 952 950 951 951 951 950 949 950 950 949 949 949 948 947 947 947 947 947 946 946 944 945 943 943 942 942 941 942 941 941 940 939 937 936 937 936 935 933 933 934 933 932 931 931 930 930 929 928 926 925 924 924 923 924 923 923 921 921 920 917 917 915 916 914 915 914
952 954 953 953 953 952 953 953 953 953 954 953 952 953 952 954 953 952 952 952 952 951 952 950 951 951 950 949 949 949 950 948 949 949 948 948 947 947 946 945 945 947 945 946 945 943 942 943 942 942 940 942 940 939 940 939 939 937 936 935 934 934 933 933 933 932 932 930 929 930 928 929 927 926 924 924 923 922 923 923 922 921 920 919 917 916 915 914 915 913 913 912
950 951 952 951 951 951 951 952 952 952 952 951 951 950 951 952 951 951 951 950 950 948 950 949 949 949 949 947 948 948 949 948 947 947 946 946 945 946 944 944 945 945 944 943 942 942 940 942 941 939 940 939 939 938 938 938 937 935 935 932 933 933 933 932 930 931 929 929 928 927 927 926 925 925 923 923 922 922 921 921 921 919 918 916 916 914 914 914 913 912 911 911
950 950 950 950 950 948 951 950 949 949 950 949 949 950 949 950 949 948 948 947 948 948 949 947 948 948 946 946 946 946 946 947 945 946 944 945 944 944 944 944 943 943 941 942 941 939 939 940 940 939 938 938 938 936 937 936 936 933 932 932 932 931 931 930 929 929 928 928 926 926 925 925 924 923 923 922 921 920 920 919 919 917 916 915 915 913 914 912 912 910 910 908
