testData/tiles/oneDegree/grid13.0-27.0-14.0-28.0.asc
ncols   200
nrows   200
xllcorner   13.0
yllcorner   27.0
cellsize   0.005
NODATA_value   -9999.0
[rows 126 to 167 of 200, columns 0 to 93 of 200]
74 74 74 74 74 74 74 74 74 74 95 95 95 95 95 95 95 95 95 95 95 95 95 95 95 95 95 95 94 95 95 96 96 96 97 97 98 98 99 99 99 100 100 101 100 100 101 101 101 102 102 102 103 103 103 103 103 103 103 104 104 104 104 105 105 105 104 105 105 105 105 105 106 106 106 105 105 106 106 106 106 106 107 106 106 106 106 106 107 107 107 106 106 160
74 74 74 74 74 74 74 74 74 74 95 95 95 95 95 95 95 95 95 95 94 94 94 94 94 94 94 94 94 94 95 95 96 96 97 97 98 98 98 98 98 99 99 99 100 100 100 101 101 101 102 102 101 102 102 102 103 103 103 103 104 104 104 103 104 104 104 104 105 105 105 105 104 105 105 105 105 106 106 106 105 105 105 106 106 106 106 106 105 106 160 160 160 160
74 74 74 74 73 73 73 73 73 73 73 94 94 94 94 94 94 94 94 94 94 94 94 94 94 94 94 94 94 94 94 95 95 95 95 96 96 97 97 98 98 98 99 99 99 100 100 100 100 100 101 101 101 101 102 102 102 103 103 102 102 103 103 103 103 104 104 104 104 104 104 104 104 105 105 105 105 104 105 105 105 105 105 105 106 105 105 159 159 160 160 160 160 159
73 73 73 73 73 73 73 73 73 73 73 94 94 94 94 94 94 94 94 94 94 94 94 94 94 93 93 93 93 93 93 94 94 95 95 96 96 97 97 97 98 98 98 98 98 99 99 99 100 100 100 101 101 101 102 101 101 101 102 102 102 103 103 103 103 103 103 103 103 103 104 104 104 104 104 104 104 104 104 105 105 105 104 104 159 159 159 159 159 159 159 159 159 159
73 73 73 73 73 73 73 73 73 73 73 94 94 94 94 93 93 93 93 93 93 93 93 93 93 93 93 93 93 93 93 93 94 94 95 95 96 95 96 96 97 97 97 98 98 98 99 99 99 100 99 99 100 100 100 101 101 101 102 102 102 101 102 102 102 102 103 103 103 103 104 103 103 103 103 104 104 104 104 104 104 158 158 158 158 159 159 158 158 158 158 159 159 159
72 72 72 72 72 72 72 72 72 72 72 72 93 93 93 93 93 93 93 93 93 93 93 93 93 93 93 93 93 93 92 92 93 93 94 94 95 95 95 96 96 97 97 97 98 98 98 98 98 99 99 99 100 100 100 100 101 100 100 101 101 101 101 102 102 102 102 103 102 102 102 103 103 103 103 103 103 103 157 157 157 158 158 158 158 157 158 158 158 158 158 158 159 159
72 72 72 72 72 72 72 72 72 72 72 72 93 93 93 93 93 93 93 93 93 92 92 92 92 92 92 92 92 92 92 92 92 93 93 94 94 95 95 96 95 95 96 96 97 97 97 98 98 98 99 99 99 99 99 99 100 100 100 100 101 101 101 102 101 101 101 102 102 102 102 102 103 102 102 156 157 157 157 157 157 157 157 157 157 157 157 158 158 158 158 158 158 159
72 72 72 72 72 72 72 72 71 71 71 71 71 92 92 92 92 92 92 92 92 92 92 92 92 92 92 92 92 92 92 92 92 93 92 93 93 94 94 94 95 95 96 96 96 97 97 98 98 97 98 98 98 98 99 99 99 100 100 100 100 100 100 100 101 101 101 101 102 102 101 101 101 156 156 156 156 157 157 156 156 156 157 157 157 157 157 157 158 158 158 158 158 158
71 71 71 71 71 71 71 71 71 71 71 71 71 92 92 92 92 92 92 92 92 92 92 92 92 92 92 91 91 91 91 91 91 91 92 92 93 93 94 94 95 95 95 96 95 96 96 96 97 97 97 98 98 98 99 99 98 98 99 99 99 100 100 100 100 101 100 100 100 101 155 155 155 156 156 156 155 155 156 156 156 156 156 157 157 157 157 157 157 158 158 158 158 158
71 71 71 71 71 71 71 71 71 71 71 71 71 71 92 92 92 91 91 91 91 91 91 91 91 91 91 91 91 91 91 91 91 91 92 92 93 93 92 93 93 94 94 95 95 95 96 96 96 97 97 97 97 97 97 98 98 98 99 99 99 99 100 99 99 99 100 100 154 154 155 155 154 154 155 155 155 155 155 156 156 156 156 156 157 157 157 157 157 157 158 158 158 158
70 70 70 70 70 70 70 70 70 70 70 70 70 70 91 91 91 91 91 91 91 91 91 91 91 91 91 91 91 91 91 90 90 90 90 91 91 92 92 93 93 94 94 94 95 95 95 95 95 96 96 96 97 97 97 98 98 98 98 98 98 98 99 99 99 99 154 154 154 153 154 154 154 154 154 155 155 155 155 155 156 156 156 156 156 157 157 157 157 157 157 158 158 158
70 70 70 70 70 70 70 70 70 70 70 70 70 70 70 91 91 91 91 91 91 91 91 90 90 90 90 90 90 90 90 90 90 90 90 91 91 92 92 92 93 92 93 93 93 94 94 95 95 95 96 96 96 97 96 96 97 97 97 97 98 98 98 153 153 152 152 153 153 153 153 154 154 154 154 154 155 155 155 155 155 156 156 156 156 156 157 157 157 157 157 157 158 158
70 70 70 70 70 70 70 70 70 70 70 69 69 69 69 90 90 90 90 90 90 90 90 90 90 90 90 90 90 90 90 90 90 90 90 89 90 90 91 91 92 92 92 93 93 94 94 94 95 95 94 95 95 95 96 96 96 97 97 97 98 151 151 151 152 152 152 152 153 153 153 153 154 154 154 154 154 155 155 155 155 156 156 156 156 156 156 157 157 157 157 157 157 158
69 69 69 69 69 69 69 69 69 69 69 69 69 69 69 69 90 90 90 90 90 90 90 90 90 90 90 90 89 89 89 89 89 89 89 89 90 90 90 91 91 92 92 93 93 92 93 93 94 94 94 95 95 95 96 96 96 95 96 150 150 151 151 151 151 152 152 152 152 153 153 153 153 154 154 154 154 155 155 155 155 155 156 156 156 156 156 156 157 157 157 157 157 157
69 69 69 69 69 69 69 69 69 69 69 69 69 69 69 69 90 90 90 89 89 89 89 89 89 89 89 89 89 89 89 89 89 89 89 89 89 90 90 90 90 91 91 91 92 92 93 93 93 94 94 94 95 94 94 95 95 149 150 150 150 150 151 151 151 152 152 152 152 153 153 153 153 153 154 154 154 154 155 155 155 155 155 156 156 156 156 156 156 157 157 157 157 157
69 68 68 68 68 68 68 68 68 68 68 68 68 68 68 68 68 89 89 89 89 89 89 89 89 89 89 89 89 89 89 89 89 88 88 88 88 88 89 89 90 90 91 91 92 92 92 93 92 92 93 93 93 94 148 148 149 149 149 150 150 150 151 151 151 151 152 152 152 152 153 153 153 153 154 154 154 154 154 155 155 155 155 155 156 156 156 156 156 156 157 157 157 157
68 68 68 68 68 68 68 68 68 68 68 68 68 68 68 68 68 89 89 89 89 89 89 89 89 88 88 88 88 88 88 88 88 88 88 88 88 88 89 89 90 90 90 90 90 91 91 91 92 92 93 93 147 148 148 148 149 149 149 149 150 150 150 151 151 151 151 152 152 152 152 153 153 153 153 154 154 154 154 154 155 155 155 155 155 156 156 156 156 156 156 157 157 157
68 68 68 68 68 68 68 68 68 68 68 68 68 68 67 67 67 67 88 88 88 88 88 88 88 88 88 88 88 88 88 88 88 88 88 88 88 87 87 88 88 89 89 90 90 90 91 91 92 92 146 147 147 147 148 148 148 149 149 149 150 150 150 150 151 151 151 151 152 152 152 152 153 153 153 153 154 154 154 154 154 155 155 155 155 155 156 156 156 156 156 156 157 157
67 67 67 67 67 67 67 67 67 67 67 67 67 67 67 67 67 67 88 88 88 88 88 88 88 88 88 88 88 88 87 87 87 87 87 87 87 87 87 88 88 88 89 89 90 90 91 91 145 146 146 146 147 147 147 148 148 148 149 149 149 150 150 150 150 151 151 151 152 152 152 152 153 153 153 153 153 154 154 154 154 154 155 155 155 155 155 156 156 156 156 156 156 157
67 67 67 67 67 67 67 67 67 67 67 67 67 67 67 67 67 67 67 88 88 87 87 87 87 87 87 87 87 87 87 87 87 87 87 87 87 87 87 87 88 88 89 89 90 90 90 145 145 145 146 146 147 147 147 148 148 148 149 149 149 149 150 150 150 151 151 151 151 152 152 152 152 153 153 153 153 153 154 154 154 154 154 155 155 155 155 155 156 156 156 156 156 156
67 67 67 67 67 67 66 66 66 66 66 66 66 66 66 66 66 66 66 87 87 87 87 87 87 87 87 87 87 87 87 87 87 87 87 87 87 87 87 87 87 88 88 89 89 144 144 144 145 145 146 146 146 147 147 147 148 148 148 149 149 149 150 150 150 150 151 151 151 151 152 152 152 152 153 153 153 153 153 154 154 154 154 154 155 155 155 155 155 156 156 156 156 156
66 66 66 66 66 66 66 66 66 66 66 66 66 66 66 66 66 66 66 66 87 87 87 87 87 87 87 87 87 87 87 87 87 87 87 87 87 87 87 87 87 88 88 143 143 143 144 144 145 145 145 146 146 146 147 147 147 148 148 148 149 149 149 150 150 150 150 151 151 151 151 152 152 152 152 153 153 153 153 153 154 154 154 154 154 155 155 155 155 155 156 156 156 156
66 66 66 66 66 66 66 66 66 66 66 66 66 66 66 66 66 66 66 66 87 87 87 87 87 87 87 87 87 87 87 87 87 87 87 87 87 87 87 87 87 141 142 142 143 143 144 144 144 145 145 145 146 146 147 147 147 148 148 148 148 149 149 149 150 150 150 150 151 151 151 151 152 152 152 152 153 153 153 153 154 154 154 154 154 155 155 155 155 155 155 156 156 156
66 66 66 66 66 66 66 66 66 66 66 66 66 66 66 66 66 66 66 66 66 87 87 87 87 87 87 87 87 87 87 87 87 87 87 87 87 87 87 141 141 141 142 142 142 143 143 144 144 144 145 145 146 146 146 147 147 147 148 148 148 149 149 149 149 150 150 150 151 151 151 151 152 152 152 152 152 153 153 153 153 154 154 154 154 154 155 155 155 155 155 155 156 156
66 66 66 66 66 66 66 66 66 66 66 66 66 66 66 66 66 66 66 66 66 87 87 87 87 87 87 87 87 87 87 87 87 87 87 87 87 141 141 141 141 141 141 142 142 143 143 143 144 144 145 145 145 146 146 146 147 147 147 148 148 148 149 149 149 149 150 150 150 151 151 151 151 152 152 152 152 152 153 153 153 153 154 154 154 154 154 155 155 155 155 155 155 156
66 66 66 66 66 66 66 66 66 66 66 66 66 66 66 66 66 66 66 66 66 66 87 87 87 87 87 87 87 87 87 87 87 87 87 87 141 141 141 141 141 141 141 141 142 142 143 143 144 144 144 145 145 145 146 146 147 147 147 147 148 148 148 149 149 149 150 150 150 150 151 151 151 151 152 152 152 152 153 153 153 153 153 154 154 154 154 154 155 155 155 155 155 155
66 66 66 66 66 66 66 66 66 66 66 66 66 66 66 66 66 66 66 66 66 66 87 87 87 87 87 87 87 87 87 87 87 87 141 141 141 141 141 141 141 141 141 141 142 142 142 143 143 144 144 144 145 145 146 146 146 147 147 147 148 148 148 148 149 149 149 150 150 150 150 151 151 151 151 152 152 152 152 153 153 153 153 153 154 154 154 154 154 155 155 155 155 155
66 66 66 66 66 66 66 66 66 66 66 66 66 66 66 66 66 66 66 66 66 66 66 87 87 87 87 87 87 87 87 87 141 141 141 141 141 141 141 141 141 141 141 141 141 142 142 143 143 143 144 144 145 145 145 146 146 146 147 147 147 148 148 148 149 149 149 149 150 150 150 150 151 151 151 151 152 152 152 152 153 153 153 153 153 154 154 154 154 154 154 155 155 155
66 66 66 66 66 66 66 66 66 66 66 66 66 66 66 66 66 66 66 66 66 66 66 66 87 87 87 87 87 87 87 141 141 141 141 141 141 141 141 141 141 141 141 141 141 141 142 142 143 143 144 144 144 145 145 145 146 146 146 147 147 147 148 148 148 149 149 149 149 150 150 150 150 151 151 151 151 152 152 152 152 153 153 153 153 153 154 154 154 154 154 154 155 155
66 66 66 66 66 66 66 66 66 66 66 66 66 66 66 66 66 66 66 66 66 66 66 66 87 87 87 87 87 141 141 141 141 141 141 141 141 141 141 141 141 141 141 141 141 141 142 142 142 143 143 144 144 144 145 145 146 146 146 147 147 147 147 148 148 148 149 149 149 149 150 150 150 151 151 151 151 151 152 152 152 152 153 153 153 153 153 154 154 154 154 154 154 155
66 66 66 66 66 66 66 66 66 66 66 66 66 66 66 66 66 66 66 66 66 66 66 66 66 87 87 141 141 141 141 141 141 141 141 141 141 141 141 141 141 141 141 141 141 141 141 142 142 143 143 143 144 144 145 145 145 146 146 146 147 147 147 148 148 148 148 149 149 149 150 150 150 150 151 151 151 151 151 152 152 152 152 153 153 153 153 153 154 154 154 154 154 154
66 66 66 66 66 66 66 66 66 66 66 66 66 66 66 66 66 66 66 66 66 66 66 66 66 87 141 141 141 141 141 141 141 141 141 141 141 141 141 141 141 141 141 141 141 141 141 141 142 142 143 143 144 144 144 145 145 145 146 146 146 147 147 147 148 148 148 148 149 149 149 150 150 150 150 151 151 151 151 152 152 152 152 152 153 153 153 153 153 154 154 154 154 154
66 66 66 66 66 66 66 66 66 66 66 66 66 66 66 66 66 66 66 66 66 66 66 66 120 120 141 141 141 141 141 141 141 141 141 141 141 141 141 141 141 141 141 141 141 141 141 141 142 142 142 143 143 144 144 144 145 145 145 146 146 146 147 147 147 148 148 148 149 149 149 149 150 150 150 150 151 151 151 151 152 152 152 152 152 153 153 153 153 153 154 154 154 154
66 66 66 66 66 66 66 66 66 66 66 66 66 66 66 66 66 66 66 66 66 66 66 120 120 120 141 141 141 141 141 141 141 141 141 141 141 141 141 141 141 141 141 141 141 141 141 141 141 142 142 143 143 143 144 144 144 145 145 146 146 146 147 147 147 147 148 148 148 149 149 149 149 150 150 150 150 151 151 151 151 152 152 152 152 152 153 153 153 153 153 154 154 154
66 66 66 66 66 66 66 66 66 66 66 66 66 66 66 66 66 66 66 66 66 120 120 120 120 120 120 141 141 141 141 141 141 141 141 141 141 141 141 141 141 141 141 141 141 141 141 141 141 141 142 142 143 143 143 144 144 145 145 145 146 146 146 147 147 147 148 148 148 148 149 149 149 149 150 150 150 150 151 151 151 151 152 152 152 152 152 153 153 153 153 153 154 154
66 66 66 66 66 66 66 66 66 66 66 66 66 66 66 66 66 66 66 66 120 120 120 120 120 120 120 120 141 141 141 141 141 141 141 141 141 141 141 141 141 141 141 141 141 141 141 141 141 141 142 142 142 143 143 144 144 144 145 145 145 146 146 146 147 147 147 148 148 148 148 149 149 149 149 150 150 150 150 151 151 151 151 152 152 152 152 152 153 153 153 153 153 153
66 66 66 66 66 66 66 66 66 66 66 66 66 66 66 66 66 66 120 120 120 120 120 120 120 120 120 120 141 141 141 141 141 141 141 141 141 141 141 141 141 141 141 141 141 141 141 141 141 141 141 142 142 142 143 143 144 144 144 145 145 145 146 146 146 147 147 147 148 148 148 148 149 149 149 149 150 150 150 150 151 151 151 151 152 152 152 152 152 153 153 153 153 153
66 66 66 66 66 66 66 66 66 66 66 66 66 66 66 66 66 120 120 120 120 120 120 120 120 120 120 120 120 141 141 141 141 141 141 141 141 141 141 141 141 141 141 141 141 141 141 141 141 141 141 141 142 142 143 143 143 144 144 144 145 145 145 146 146 146 147 147 147 148 148 148 148 149 149 149 149 150 150 150 150 151 151 151 151 152 152 152 152 152 153 153 153 153
66 66 66 66 66 66 66 66 66 66 66 66 66 66 66 66 120 120 120 120 120 120 120 120 120 120 120 120 120 141 141 141 141 141 141 141 141 141 141 141 141 141 141 141 141 141 141 141 141 141 141 141 141 142 142 143 143 143 144 144 145 145 145 146 146 146 147 147 147 147 148 148 148 148 149 149 149 150 150 150 150 150 151 151 151 151 152 152 152 152 152 153 153 153
66 66 66 66 66 66 66 66 66 66 66 66 66 66 120 120 120 120 120 120 120 120 120 120 120 120 120 120 120 120 141 141 141 141 141 141 141 141 141 141 141 141 141 141 141 141 141 141 141 141 141 141 141 142 142 142 143 143 144 144 144 145 145 145 146 146 146 147 147 147 147 148 148 148 149 149 149 149 150 150 150 150 150 151 151 151 151 152 152 152 152 152 152 153
71 66 66 66 66 66 66 66 66 66 66 66 66 120 120 120 120 120 120 120 120 120 120 120 120 120 120 120 120 120 120 141 141 141 141 141 141 141 141 141 141 141 141 141 141 141 141 141 141 141 141 141 141 141 142 142 142 143 143 144 144 144 145 145 145 146 146 146 147 147 147 147 148 148 148 149 149 149 149 150 150 150 150 150 151 151 151 151 152 152 152 152 152 152
71 66 66 66 66 66 66 66 66 66 66 66 120 120 120 120 120 120 120 120 120 120 120 120 120 120 120 120 120 120 120 141 141 141 141 141 141 141 141 141 141 141 141 141 141 141 141 141 141 141 141 141 141 141 141 142 142 143 143 143 144 144 144 145 145 145 146 146 146 147 147 147 147 148 148 148 149 149 149 149 150 150 150 150 150 151 151 151 151 151 152 152 152 152
