testData/tiles/oneDegree/grid33.0-19.0-34.0-20.0.asc
ncols   200
nrows   200
xllcorner   33.0
yllcorner   19.0
cellsize   0.005
NODATA_value   -9999.0
[rows 126 to 167 of 200, columns 94 to 187 of 200]
502 503 505 448 449 450 451 452 452 453 454 455 455 456 457 457 458 458 459 460 461 462 462 463 463 464 464 464 465 465 465 466 466 466 467 467 467 467 468 468 501 502 502 502 502 502 502 502 502 502 502 502 502 502 502 502 502 502 502 501 501 501 502 501 501 501 500 500 500 499 500 500 499 499 499 499 498 498 497 496 496 495 495 494 493 493 493 492 491 491 579 578 577 576
502 503 504 447 447 449 450 451 452 453 453 454 455 455 456 457 457 458 459 459 460 460 461 461 463 463 464 464 464 465 465 465 466 466 466 466 467 467 500 500 500 501 501 501 501 501 502 502 502 502 502 502 502 502 502 502 501 501 501 501 501 500 500 501 501 500 500 500 499 499 499 498 498 497 498 497 497 496 497 496 495 495 494 493 493 492 491 492 491 579 578 577 576 576
501 502 503 446 447 448 449 450 450 452 453 454 454 455 456 456 457 458 458 459 459 460 460 461 461 462 462 462 464 464 465 465 465 465 466 466 499 499 500 500 500 500 500 500 500 500 500 500 500 500 500 500 501 501 501 501 501 501 501 500 500 500 500 499 500 500 500 499 499 498 498 498 497 497 496 497 496 496 495 495 494 493 493 492 491 491 490 490 579 579 578 577 576 575
501 502 503 446 446 447 448 449 450 451 451 452 453 454 455 456 456 457 458 458 459 459 460 460 461 461 462 462 462 463 463 463 465 465 465 498 499 499 499 499 499 500 500 500 500 500 500 500 500 500 500 500 500 500 500 500 499 500 500 500 500 499 499 499 500 499 499 499 498 498 498 497 497 496 496 495 496 495 495 494 493 493 492 491 491 490 489 489 577 577 576 575 574 574
500 501 502 445 446 447 448 448 449 450 451 452 452 453 454 454 455 457 457 458 458 459 459 460 460 461 461 461 462 462 463 463 463 496 497 497 497 498 499 499 499 499 499 499 499 499 500 500 500 500 500 499 499 499 499 499 499 499 499 498 498 498 498 497 498 499 499 498 498 497 497 497 496 496 495 495 494 495 494 494 493 492 492 491 490 490 489 577 576 576 576 575 574 573
499 500 443 444 445 446 447 448 449 450 450 451 452 452 453 454 454 455 456 456 458 458 459 459 460 460 461 461 461 462 462 462 496 496 496 497 497 497 497 497 497 498 499 499 499 499 499 499 499 499 499 499 499 499 499 499 498 498 498 498 498 498 497 497 497 496 497 497 496 496 496 496 496 495 495 494 494 494 494 493 492 492 491 490 490 489 577 577 576 575 575 574 573 572
498 499 442 443 444 445 446 447 448 449 450 451 451 452 453 453 454 455 455 456 456 457 457 458 458 460 460 460 461 461 462 495 495 496 496 496 496 496 497 497 497 497 497 497 497 498 498 499 499 499 499 499 498 498 498 498 498 498 498 497 497 497 497 497 496 496 496 496 496 495 495 495 494 494 493 493 492 492 492 493 492 491 491 490 489 578 577 576 575 574 574 574 573 572
498 498 441 442 443 444 445 446 447 448 449 450 451 451 452 453 453 454 455 455 456 456 457 457 458 458 459 459 459 494 494 494 495 495 495 496 496 496 496 496 497 497 497 497 497 497 497 497 497 497 497 497 498 498 498 498 498 497 497 497 497 497 496 496 496 495 495 496 495 495 495 494 494 493 493 492 492 491 491 491 490 490 489 488 488 576 575 575 575 574 573 572 572 571
497 498 441 442 443 444 445 445 446 447 448 449 449 450 452 452 453 454 454 455 455 456 456 457 457 458 458 458 492 492 493 493 493 495 495 495 495 496 496 496 496 496 496 496 496 497 497 497 497 497 497 497 496 496 496 496 496 496 497 497 496 496 496 496 495 495 495 494 495 494 494 494 493 493 492 492 491 491 490 490 490 489 489 488 576 576 575 574 573 572 572 571 570 570
495 497 440 441 442 443 444 445 446 446 447 448 449 449 450 451 451 452 454 454 455 455 456 456 457 457 458 491 491 492 492 492 493 493 493 494 494 494 495 495 496 496 496 496 496 496 496 496 496 496 496 496 496 496 496 496 496 495 495 495 495 495 494 494 494 494 494 494 493 494 494 493 493 492 492 491 491 490 490 489 488 489 488 576 576 575 574 573 573 572 571 570 569 568
495 496 439 440 441 443 443 444 445 446 447 447 448 449 450 450 451 451 452 453 453 454 455 456 456 457 490 490 491 491 492 492 492 493 493 493 493 494 494 494 494 494 494 495 495 496 496 496 496 496 496 496 495 495 495 495 495 495 495 495 494 494 494 494 493 493 493 492 492 491 492 492 492 492 491 491 490 490 489 488 488 488 577 576 575 574 574 573 572 571 570 570 569 568
494 495 438 439 440 441 442 443 444 445 446 447 448 448 449 450 450 451 452 452 453 453 454 454 455 488 490 490 490 491 491 491 492 492 492 493 493 493 493 493 494 494 494 494 494 494 494 494 494 495 495 495 495 495 495 495 495 494 494 494 494 494 493 493 493 492 492 492 491 491 492 491 491 490 490 489 489 488 488 487 486 487 576 575 575 574 573 572 572 571 570 569 568 567
494 437 438 439 440 440 441 442 443 444 445 445 447 448 448 449 450 450 451 452 452 453 453 454 487 488 488 488 489 489 490 491 491 492 492 492 492 492 493 493 493 493 493 493 493 494 494 494 494 494 494 494 493 493 494 494 494 494 494 493 493 493 493 493 492 492 492 491 491 490 490 491 490 490 489 489 488 488 487 486 486 574 573 574 573 572 572 571 570 569 568 568 568 567
493 436 437 438 439 440 441 442 442 443 444 445 446 446 447 448 449 450 450 451 452 452 453 486 487 487 488 488 488 489 489 489 490 490 490 491 492 492 492 492 493 493 493 493 493 493 493 493 493 493 493 493 493 493 493 493 493 492 492 492 492 493 492 492 492 491 491 491 490 490 490 489 490 489 489 488 488 487 486 486 574 574 573 572 573 572 571 570 569 569 568 567 566 565
492 435 436 436 438 439 440 441 442 443 443 444 445 446 446 447 448 448 449 450 451 452 485 486 486 487 487 487 488 488 489 489 489 489 490 490 490 490 491 491 491 492 492 492 492 493 493 493 493 493 493 493 492 492 492 492 492 492 492 491 491 491 491 490 490 490 490 489 490 489 489 489 488 489 488 488 487 487 486 485 574 573 572 572 571 571 570 570 569 568 567 566 565 564
491 434 435 436 437 438 439 440 441 442 443 444 444 445 446 447 447 448 448 449 450 483 484 484 485 486 486 487 487 488 488 488 489 489 489 489 490 490 490 490 490 491 491 491 491 491 492 492 492 492 492 492 492 492 492 492 491 491 491 491 491 490 490 490 490 489 489 489 488 488 487 487 487 486 487 487 487 486 485 574 573 573 572 571 570 570 570 569 568 567 567 566 565 564
490 433 434 435 436 437 438 439 440 441 441 443 444 445 445 446 447 447 448 448 482 483 483 484 484 484 485 485 486 487 487 488 488 488 489 489 489 489 490 490 490 490 490 490 490 490 491 491 491 491 491 490 491 491 491 491 491 491 491 490 490 490 490 489 489 489 488 488 488 487 487 486 486 486 486 486 485 484 484 572 572 571 570 570 569 569 568 569 568 567 566 565 564 563
490 433 434 435 436 437 437 438 439 440 441 442 442 443 444 445 446 447 447 481 481 482 483 483 483 484 484 485 485 486 486 486 487 487 488 488 489 489 489 489 489 490 490 490 490 490 490 490 490 490 490 490 490 490 490 490 489 489 490 490 490 489 489 489 489 488 488 488 487 487 486 486 485 485 485 485 484 484 572 572 571 570 570 569 568 568 567 567 566 565 564 564 563 562
488 431 432 434 435 436 437 438 439 439 440 441 442 442 443 444 444 445 479 480 481 481 482 482 483 483 484 484 485 485 485 486 486 486 487 487 487 487 488 489 489 489 489 489 489 489 489 489 490 489 489 489 489 489 489 489 489 489 489 488 488 488 488 487 488 488 487 487 487 486 486 485 485 484 484 483 484 572 572 571 570 570 569 568 568 567 566 565 566 565 564 563 562 561
429 431 432 433 433 434 435 437 438 439 440 440 441 442 443 443 444 478 478 479 479 480 480 482 482 483 483 484 484 484 485 485 486 486 486 486 487 487 487 487 487 487 488 488 489 489 489 489 489 489 489 489 489 489 489 488 488 488 488 488 488 487 487 487 487 486 486 485 485 485 484 484 484 484 483 483 482 572 571 571 570 569 569 568 567 566 566 565 564 564 563 562 561 561
429 430 431 432 433 434 435 436 436 437 438 440 441 441 442 443 443 477 478 478 479 479 480 480 481 481 482 482 484 484 484 485 485 485 486 486 486 486 486 487 487 487 487 487 487 487 487 487 487 487 488 488 488 488 488 488 488 488 487 487 487 487 487 486 486 486 485 485 485 484 484 483 483 482 482 481 570 569 570 569 569 569 568 567 567 566 565 564 563 563 563 562 561 560
428 429 430 431 432 433 434 435 436 437 437 438 439 440 440 442 476 476 477 478 478 479 479 480 480 481 481 482 482 482 483 483 483 485 485 485 485 486 486 486 486 486 487 487 487 487 487 487 487 487 487 487 487 487 487 486 487 487 487 487 486 486 486 486 485 485 485 484 484 484 483 483 482 482 481 481 569 569 568 568 568 567 566 566 565 564 563 563 562 561 560 561 560 559
427 428 429 431 432 433 433 434 435 436 437 438 438 439 440 474 474 475 475 477 478 478 479 479 480 480 481 481 481 482 482 483 483 483 483 484 484 484 485 486 486 486 486 486 486 486 486 486 486 486 486 486 486 486 486 486 486 486 485 485 485 485 485 485 485 485 484 484 483 483 483 482 482 481 481 569 569 568 567 567 567 567 566 565 564 564 563 562 561 560 559 559 559 558
426 427 428 429 430 431 432 434 435 435 436 437 438 439 472 473 474 474 475 475 476 477 477 479 479 480 480 480 481 481 482 482 482 483 483 483 483 484 484 484 484 484 484 486 486 486 486 486 486 486 486 486 486 486 485 485 485 485 485 485 484 484 484 484 483 483 483 482 482 481 482 482 481 481 480 569 568 567 567 566 566 566 565 565 564 563 562 561 561 560 559 558 557 557
425 426 427 428 429 430 431 432 433 434 435 436 437 438 472 472 473 474 474 475 475 476 477 477 478 478 478 479 480 481 481 481 482 482 482 483 483 483 483 483 484 484 484 484 484 484 484 484 484 485 485 485 485 485 485 485 485 484 484 484 484 484 483 483 483 482 482 482 481 481 480 480 480 479 568 567 566 566 566 566 565 565 565 564 563 562 562 561 560 559 558 557 556 555
425 426 427 428 429 430 431 432 432 433 434 435 436 469 470 472 472 473 474 474 475 475 476 476 477 477 478 478 479 479 479 480 481 481 482 482 482 482 483 483 483 483 483 483 483 484 484 484 484 484 484 484 483 483 483 484 484 484 484 483 483 483 483 482 482 482 481 481 481 480 480 479 479 478 567 566 566 565 565 564 563 563 563 562 562 561 560 559 559 559 558 557 556 555
423 424 425 427 428 429 430 431 432 433 433 434 468 469 469 470 471 471 472 474 474 475 475 476 476 477 477 478 478 479 479 479 480 480 480 480 481 482 482 482 482 483 483 483 483 483 483 483 483 483 483 483 483 483 483 483 482 482 482 482 482 482 482 482 482 481 481 481 480 480 479 479 478 567 566 566 565 565 564 563 563 562 561 562 561 560 559 559 558 557 556 555 554 553
422 423 424 425 426 427 428 430 431 432 433 434 467 468 469 470 470 471 471 472 473 473 474 475 476 476 477 477 478 478 478 479 479 479 480 480 480 480 481 481 481 481 481 482 482 482 482 482 483 482 482 482 482 482 482 482 482 482 482 481 481 481 481 480 480 480 479 479 480 479 479 478 567 566 566 565 565 564 563 563 562 562 561 560 560 560 559 558 557 556 555 554 553 552
422 423 424 425 426 427 428 429 429 430 431 466 467 467 468 469 470 470 471 471 472 473 473 474 474 475 475 476 477 477 478 478 478 479 479 479 480 480 480 480 480 480 481 481 481 481 481 481 482 482 482 482 482 482 482 481 481 481 481 481 481 480 480 480 479 479 479 478 478 478 477 477 565 565 564 564 563 563 563 562 562 561 560 559 559 559 558 557 556 556 555 554 553 552
421 422 423 424 425 426 427 428 429 430 431 464 465 466 467 468 469 470 470 471 471 472 473 473 474 474 475 475 475 476 476 476 477 478 478 479 479 479 479 480 480 480 480 480 480 480 480 480 480 480 480 480 480 480 481 481 481 481 480 480 480 480 479 479 479 478 478 478 477 477 477 565 565 564 564 563 562 562 561 561 560 559 559 558 557 556 557 557 556 555 554 553 552 551
419 420 421 422 424 425 426 427 428 429 463 464 464 465 466 467 467 468 469 469 471 471 472 472 473 473 474 474 475 475 476 476 476 477 477 477 477 478 479 479 479 479 479 480 480 480 480 480 480 480 480 480 480 480 479 479 479 479 479 479 478 479 479 479 478 478 478 477 477 476 476 564 564 563 563 562 562 561 561 560 559 559 558 557 556 556 555 555 554 553 552 551 550 549
419 420 421 422 423 424 425 426 428 461 462 463 464 465 465 466 467 467 468 469 469 470 470 471 472 473 473 474 474 475 475 475 476 476 476 476 477 477 477 477 478 478 478 479 479 479 479 479 479 479 479 479 479 479 479 479 479 478 478 478 478 477 477 477 477 476 476 476 475 476 475 564 563 563 562 562 561 561 560 559 559 558 557 557 556 555 554 553 554 553 552 551 550 549
418 419 420 421 422 423 424 425 426 460 461 461 463 464 465 465 466 467 467 468 469 469 470 470 471 471 472 472 473 474 474 475 475 475 476 476 476 476 477 477 477 477 477 477 477 477 478 478 478 479 479 478 478 478 478 478 478 478 478 477 477 477 477 476 476 476 475 475 475 474 563 562 562 561 561 560 560 560 559 559 558 557 557 556 555 554 554 553 552 552 551 550 549 548
416 417 419 420 421 422 423 424 458 459 460 461 462 462 463 464 465 466 467 467 468 469 469 470 470 471 471 471 472 472 473 473 473 474 475 475 476 476 476 476 476 476 477 477 477 477 477 477 477 477 477 477 477 477 477 477 477 477 477 477 477 476 476 476 475 475 475 474 474 473 562 562 561 561 560 560 559 558 558 557 556 556 555 554 554 553 552 552 551 550 550 549 548 547
416 417 418 419 420 421 423 424 458 458 459 460 461 462 462 463 464 464 465 466 466 468 468 469 469 470 470 471 471 472 472 472 473 473 473 474 474 474 474 476 476 476 476 476 476 476 476 476 476 476 476 476 476 476 476 476 476 476 475 475 475 475 475 475 475 474 474 474 473 562 561 561 560 560 559 559 558 558 557 556 556 555 554 554 553 552 551 550 550 549 548 548 547 546
415 416 417 418 419 420 421 455 456 457 459 459 460 461 462 462 463 464 464 465 466 466 467 467 468 468 470 470 471 471 471 472 472 472 473 473 473 473 474 474 474 474 474 474 476 476 476 476 476 476 476 476 476 475 475 475 475 475 475 474 474 474 474 473 473 473 472 472 472 560 561 560 560 559 559 558 558 557 556 556 555 554 554 553 552 551 551 550 549 548 547 546 546 545
414 415 416 417 418 419 420 454 455 456 457 458 459 459 461 462 462 463 464 464 465 466 466 467 467 468 468 469 469 469 471 471 471 472 472 472 473 473 473 473 473 474 474 474 474 474 474 474 474 474 475 475 475 475 475 475 474 474 474 474 474 473 473 473 472 472 472 471 560 560 559 559 558 558 557 557 556 555 555 555 554 554 553 552 552 551 550 549 548 547 546 545 544 544
412 413 415 416 418 419 420 454 454 455 456 457 458 459 459 460 461 461 463 464 464 465 465 466 467 467 468 468 468 469 469 470 470 470 470 472 472 472 472 473 473 473 473 473 473 473 473 473 473 473 473 473 473 473 473 473 473 474 473 473 473 473 472 472 472 472 471 471 559 559 559 558 558 557 556 556 555 555 554 553 553 552 551 551 550 549 548 547 546 547 546 545 544 543
412 413 414 415 416 417 451 452 454 455 455 456 457 458 459 459 460 461 461 462 463 463 464 465 466 466 467 467 468 468 469 469 469 470 470 470 470 471 471 471 471 472 472 473 473 473 473 473 473 473 473 473 473 473 472 472 472 472 472 472 471 471 471 471 471 471 471 559 559 558 558 557 557 556 556 555 555 554 553 553 552 551 551 550 549 548 547 547 546 545 544 543 542 541
411 412 413 414 415 416 450 451 452 453 454 455 456 457 458 459 459 460 461 461 462 463 463 464 464 465 465 466 467 467 468 468 469 469 469 469 470 470 470 470 471 471 471 471 471 471 471 472 472 472 472 472 472 472 472 472 472 471 471 471 471 470 470 470 470 469 469 557 557 557 556 556 556 556 555 555 554 553 553 552 551 551 550 549 548 548 547 546 545 544 543 542 541 540
409 410 411 413 414 448 449 450 451 452 453 454 455 456 456 457 459 459 460 461 461 462 462 463 464 464 465 465 465 466 466 467 467 468 469 469 469 469 470 470 470 470 470 470 470 470 471 471 471 471 471 470 470 471 471 471 471 471 471 470 470 470 470 469 469 469 468 557 556 556 556 555 555 554 553 553 552 552 551 550 550 550 549 549 548 547 546 545 544 543 542 541 540 539
408 409 411 412 413 447 448 450 451 452 452 453 454 455 456 456 457 458 458 459 460 461 462 462 463 463 464 464 465 465 466 466 466 467 467 467 467 468 469 469 469 469 470 470 470 470 470 470 470 470 470 470 470 470 470 469 469 469 469 469 469 469 469 469 468 468 557 556 556 555 555 554 554 553 553 552 552 551 550 550 549 548 548 547 546 545 544 544 543 542 541 540 539 539
