testData/tiles/oneDegree/grid25.0-15.0-26.0-16.0.asc
ncols   200
nrows   200
xllcorner   25.0
yllcorner   15.0
cellsize   0.005
NODATA_value   -9999.0
[rows 0 to 41 of 200, columns 96 to 191 of 200]
347 348 348 348 348 348 348 347 348 347 347 347 346 291 206 207 206 206 205 205 205 313 314 314 315 315 315 316 316 317 317 317 296 296 297 297 297 298 298 298 299 299 300 300 300 301 301 301 302 302 302 303 303 303 304 304 304 304 305 305 305 306 306 306 307 307 307 308 308 308 308 309 309 309 310 310 310 310 311 311 311 311 312 312 312 312 313 313 313 314 314 314 314 315 315 315
347 348 347 348 347 347 347 347 346 347 346 346 346 207 206 206 206 206 205 204 205 313 314 314 315 315 315 316 316 317 317 295 296 296 296 297 297 298 298 298 299 299 299 300 300 300 301 301 301 302 302 302 303 303 303 304 304 304 305 305 305 306 306 306 307 307 307 307 308 308 308 309 309 309 309 310 310 310 311 311 311 311 312 312 312 312 313 313 313 313 314 314 314 314 315 315
347 347 347 347 347 347 346 347 346 347 346 346 345 207 206 206 205 204 205 204 313 313 314 314 314 315 315 316 316 316 317 295 296 296 296 297 297 297 298 298 299 299 299 300 300 300 301 301 301 302 302 302 303 303 303 304 304 304 305 305 305 306 306 306 306 307 307 307 308 308 308 308 309 309 309 310 310 310 310 311 311 311 312 312 312 312 313 313 313 313 314 314 314 314 315 315
347 347 347 347 346 347 346 347 346 346 346 346 261 205 206 205 205 204 204 204 313 313 313 314 314 315 315 316 316 316 317 295 295 296 296 297 297 297 298 298 298 299 299 300 300 300 301 301 301 302 302 302 303 303 303 304 304 304 304 305 305 305 306 306 306 307 307 307 308 308 308 308 309 309 309 310 310 310 310 311 311 311 311 312 312 312 312 313 313 313 313 314 314 314 314 315
347 346 346 346 346 346 346 345 346 345 345 345 261 205 205 205 205 204 204 204 312 313 313 314 314 315 315 315 316 316 295 295 295 296 296 296 297 297 298 298 298 299 299 299 300 300 300 301 301 301 302 302 302 303 303 303 304 304 304 305 305 305 306 306 306 307 307 307 307 308 308 308 309 309 309 309 310 310 310 310 311 311 311 312 312 312 312 313 313 313 313 314 314 314 314 315
346 346 346 346 346 345 346 345 345 345 345 260 261 260 205 204 204 203 203 204 312 313 313 314 314 314 315 315 316 316 294 295 295 296 296 296 297 297 297 298 298 299 299 299 300 300 300 301 301 301 302 302 302 303 303 303 304 304 304 305 305 305 305 306 306 306 307 307 307 308 308 308 308 309 309 309 310 310 310 310 311 311 311 311 312 312 312 313 313 313 313 314 314 314 314 315
346 346 346 345 346 345 346 345 345 345 261 260 260 260 205 204 203 203 203 204 312 313 313 313 314 314 315 315 316 316 294 295 295 295 296 296 297 297 297 298 298 298 299 299 300 300 300 301 301 301 302 302 302 303 303 303 304 304 304 304 305 305 305 306 306 306 307 307 307 307 308 308 308 309 309 309 309 310 310 310 311 311 311 311 312 312 312 312 313 313 313 313 314 314 314 314
345 345 345 345 345 345 344 345 344 344 260 260 259 259 203 204 203 203 203 204 312 312 313 313 314 314 315 315 315 294 294 295 295 295 296 296 296 297 297 298 298 298 299 299 299 300 300 300 301 301 301 302 302 302 303 303 303 304 304 304 305 305 305 306 306 306 306 307 307 307 308 308 308 309 309 309 309 310 310 310 310 311 311 311 312 312 312 312 313 313 313 313 314 314 314 314
345 345 345 345 344 345 344 344 344 260 259 260 259 259 203 203 202 203 203 203 312 312 313 313 314 314 314 315 315 294 294 294 295 295 296 296 296 297 297 297 298 298 299 299 299 300 300 300 301 301 301 302 302 302 303 303 303 304 304 304 305 305 305 305 306 306 306 307 307 307 308 308 308 308 309 309 309 310 310 310 310 311 311 311 311 312 312 312 312 313 313 313 313 314 314 314
344 345 344 345 344 344 344 344 343 260 259 259 258 259 203 203 202 202 203 203 312 312 313 313 313 314 314 315 293 294 294 294 295 295 295 296 296 297 297 297 298 298 298 299 299 299 300 300 301 301 301 302 302 302 303 303 303 303 304 304 304 305 305 305 306 306 306 307 307 307 307 308 308 308 309 309 309 309 310 310 310 311 311 311 311 312 312 312 312 313 313 313 313 314 314 314
344 344 344 343 344 343 343 344 259 259 259 258 258 257 202 202 202 202 203 311 312 312 312 313 313 314 314 315 293 293 294 294 295 295 295 296 296 296 297 297 298 298 298 299 299 299 300 300 300 301 301 301 302 302 302 303 303 303 304 304 304 305 305 305 306 306 306 306 307 307 307 308 308 308 308 309 309 309 310 310 310 310 311 311 311 311 312 312 312 313 313 313 313 314 314 314
344 343 344 343 344 343 343 259 259 258 258 258 258 257 202 201 202 202 203 311 311 312 312 313 313 314 314 314 293 293 294 294 294 295 295 296 296 296 297 297 297 298 298 299 299 299 300 300 300 301 301 301 302 302 302 303 303 303 304 304 304 305 305 305 305 306 306 306 307 307 307 307 308 308 308 309 309 309 309 310 310 310 311 311 311 311 312 312 312 312 313 313 313 313 314 314
343 343 344 343 343 343 343 258 259 258 258 257 258 257 202 201 202 202 202 311 311 312 312 313 313 313 314 292 293 293 293 294 294 295 295 295 296 296 297 297 297 298 298 298 299 299 299 300 300 300 301 301 301 302 302 302 303 303 303 304 304 304 305 305 305 306 306 306 307 307 307 307 308 308 308 309 309 309 309 310 310 310 310 311 311 311 312 312 312 312 313 313 313 313 314 314
343 343 342 343 342 342 259 258 258 258 258 257 256 256 255 201 201 202 202 311 311 312 312 312 313 313 314 292 293 293 293 294 294 295 295 295 296 296 296 297 297 298 298 298 299 299 299 300 300 300 301 301 301 302 302 302 303 303 303 304 304 304 305 305 305 305 306 306 306 307 307 307 308 308 308 308 309 309 309 310 310 310 310 311 311 311 311 312 312 312 312 313 313 313 313 314
342 343 342 342 342 258 257 258 257 257 257 257 256 256 255 201 201 202 202 311 311 311 312 312 313 313 314 292 292 293 293 294 294 294 295 295 296 296 296 297 297 297 298 298 298 299 299 300 300 300 301 301 301 302 302 302 303 303 303 304 304 304 304 305 305 305 306 306 306 307 307 307 307 308 308 308 309 309 309 309 310 310 310 311 311 311 311 312 312 312 312 313 313 313 313 314
342 341 342 342 258 258 257 257 257 257 256 256 256 256 255 201 201 202 202 310 311 311 312 312 313 313 291 292 292 293 293 293 294 294 295 295 295 296 296 297 297 297 298 298 298 299 299 299 300 300 300 301 301 301 302 302 302 303 303 303 304 304 304 305 305 305 306 306 306 306 307 307 307 308 308 308 308 309 309 309 310 310 310 310 311 311 311 311 312 312 312 312 313 313 313 313
342 341 342 341 257 257 257 256 256 257 256 256 255 254 255 200 201 201 202 310 311 311 312 312 312 313 291 292 292 293 293 293 294 294 295 295 295 296 296 296 297 297 298 298 298 299 299 299 300 300 300 301 301 301 302 302 302 303 303 303 304 304 304 305 305 305 305 306 306 306 307 307 307 307 308 308 308 309 309 309 309 310 310 310 311 311 311 311 312 312 312 312 313 313 313 313
342 341 341 257 257 256 257 256 256 255 256 255 255 254 255 200 201 201 202 310 311 311 311 312 312 313 291 292 292 292 293 293 294 294 294 295 295 296 296 296 297 297 297 298 298 298 299 299 299 300 300 301 301 301 302 302 302 303 303 303 303 304 304 304 305 305 305 306 306 306 307 307 307 307 308 308 308 309 309 309 309 310 310 310 310 311 311 311 311 312 312 312 313 313 313 313
340 341 256 256 257 256 256 256 256 255 255 254 255 254 255 200 201 201 201 310 310 311 311 312 312 291 291 291 292 292 293 293 293 294 294 295 295 295 296 296 296 297 297 298 298 298 299 299 299 300 300 300 301 301 301 302 302 302 303 303 303 304 304 304 305 305 305 305 306 306 306 307 307 307 308 308 308 308 309 309 309 310 310 310 310 311 311 311 311 312 312 312 312 313 313 313
340 256 256 256 255 256 255 255 255 255 254 254 253 254 254 200 200 201 201 310 310 311 311 312 312 290 291 291 292 292 292 293 293 294 294 294 295 295 296 296 296 297 297 297 298 298 299 299 299 300 300 300 301 301 301 302 302 302 303 303 303 304 304 304 304 305 305 305 306 306 306 307 307 307 307 308 308 308 309 309 309 309 310 310 310 310 311 311 311 312 312 312 312 313 313 313
256 256 255 256 255 255 255 255 254 254 254 254 253 254 254 200 200 201 201 310 310 311 311 311 290 290 291 291 292 292 292 293 293 294 294 294 295 295 295 296 296 297 297 297 298 298 298 299 299 299 300 300 300 301 301 301 302 302 302 303 303 303 304 304 304 305 305 305 306 306 306 306 307 307 307 308 308 308 308 309 309 309 310 310 310 310 311 311 311 311 312 312 312 312 313 313
256 255 255 255 255 255 254 255 254 254 253 253 253 254 254 200 200 201 201 309 310 310 311 311 290 290 291 291 291 292 292 293 293 293 294 294 295 295 295 296 296 296 297 297 298 298 298 299 299 299 300 300 300 301 301 301 302 302 302 303 303 303 304 304 304 305 305 305 305 306 306 306 307 307 307 307 308 308 308 309 309 309 309 310 310 310 311 311 311 311 312 312 312 312 313 313
255 255 255 254 255 254 254 253 254 253 253 252 253 253 254 199 200 200 201 309 310 310 311 311 290 290 290 291 291 292 292 292 293 293 294 294 294 295 295 296 296 296 297 297 297 298 298 298 299 299 300 300 300 301 301 301 302 302 302 303 303 303 303 304 304 304 305 305 305 306 306 306 306 307 307 307 308 308 308 308 309 309 309 310 310 310 310 311 311 311 311 312 312 312 312 313
254 254 254 254 254 254 254 253 253 252 253 252 253 253 254 254 200 200 201 309 310 310 310 289 289 290 290 291 291 291 292 292 293 293 293 294 294 295 295 295 296 296 297 297 297 298 298 298 299 299 299 300 300 300 301 301 301 302 302 302 303 303 303 304 304 304 305 305 305 305 306 306 306 307 307 307 308 308 308 308 309 309 309 309 310 310 310 311 311 311 311 312 312 312 312 313
254 254 253 254 253 253 253 253 253 252 252 252 253 253 254 254 200 200 200 309 309 310 310 289 289 290 290 290 291 291 292 292 293 293 293 294 294 294 295 295 296 296 296 297 297 297 298 298 299 299 299 300 300 300 301 301 301 302 302 302 303 303 303 304 304 304 304 305 305 305 306 306 306 307 307 307 307 308 308 308 309 309 309 309 310 310 310 310 311 311 311 311 312 312 312 312
253 254 253 253 253 253 252 252 252 252 251 252 252 253 253 254 199 200 200 309 309 310 310 289 289 289 290 290 291 291 292 292 292 293 293 294 294 294 295 295 295 296 296 297 297 297 298 298 298 299 299 299 300 300 300 301 301 301 302 302 302 303 303 303 304 304 304 305 305 305 306 306 306 306 307 307 307 308 308 308 308 309 309 309 309 310 310 310 311 311 311 311 312 312 312 312
253 252 253 252 252 253 252 252 251 251 251 252 252 253 253 254 199 200 200 309 309 310 288 288 289 289 290 290 291 291 291 292 292 293 293 293 294 294 295 295 295 296 296 296 297 297 298 298 298 299 299 299 300 300 300 301 301 301 302 302 302 303 303 303 304 304 304 304 305 305 305 306 306 306 307 307 307 307 308 308 308 309 309 309 309 310 310 310 310 311 311 311 311 312 312 312
252 252 253 252 252 251 252 251 251 251 251 252 252 253 253 254 199 199 308 308 309 309 288 288 289 289 290 290 290 291 291 292 292 292 293 293 294 294 294 295 295 296 296 296 297 297 297 298 298 298 299 299 299 300 300 301 301 301 302 302 302 302 303 303 303 304 304 304 305 305 305 306 306 306 306 307 307 307 308 308 308 308 309 309 309 310 310 310 310 311 311 311 311 312 312 312
252 252 251 251 252 251 251 250 251 250 251 251 252 252 253 253 199 199 200 308 309 287 288 288 289 289 289 290 290 291 291 291 292 292 293 293 293 294 294 295 295 295 296 296 297 297 297 298 298 298 299 299 299 300 300 300 301 301 301 302 302 302 303 303 303 304 304 304 305 305 305 305 306 306 306 307 307 307 307 308 308 308 309 309 309 309 310 310 310 310 311 311 311 311 312 312
251 252 251 251 250 251 251 250 250 250 251 251 252 252 253 253 199 199 200 308 309 287 287 288 288 289 289 290 290 290 291 291 292 292 293 293 293 294 294 294 295 295 296 296 296 297 297 297 298 298 299 299 299 300 300 300 301 301 301 302 302 302 303 303 303 303 304 304 304 305 305 305 306 306 306 306 307 307 307 308 308 308 308 309 309 309 310 310 310 310 311 311 311 311 312 312
251 250 251 251 250 250 250 250 249 250 250 251 251 252 252 253 198 199 199 308 308 287 287 288 288 289 289 289 290 290 291 291 292 292 292 293 293 294 294 294 295 295 295 296 296 297 297 297 298 298 298 299 299 299 300 300 300 301 301 301 302 302 302 303 303 303 304 304 304 305 305 305 305 306 306 306 307 307 307 307 308 308 308 309 309 309 309 310 310 310 310 311 311 311 312 312
251 250 250 250 250 250 249 249 249 250 250 251 251 252 252 253 198 199 199 308 286 287 287 288 288 288 289 289 290 290 291 291 291 292 292 293 293 293 294 294 295 295 295 296 296 296 297 297 298 298 298 299 299 299 300 300 300 301 301 301 302 302 302 303 303 303 303 304 304 304 305 305 305 306 306 306 306 307 307 307 308 308 308 308 309 309 309 310 310 310 310 311 311 311 311 312
249 250 250 249 249 249 249 248 249 250 250 251 251 252 252 253 198 199 199 308 286 286 287 287 288 288 289 289 290 290 290 291 291 292 292 292 293 293 294 294 294 295 295 296 296 296 297 297 297 298 298 298 299 299 299 300 300 300 301 301 301 302 302 302 303 303 303 304 304 304 305 305 305 305 306 306 306 307 307 307 307 308 308 308 309 309 309 309 310 310 310 310 311 311 311 312
249 249 249 249 249 248 248 248 249 249 250 250 251 251 252 252 198 198 199 285 286 286 287 287 288 288 289 289 289 290 290 291 291 291 292 292 293 293 293 294 294 295 295 295 296 296 296 297 297 298 298 298 299 299 299 300 300 300 301 301 301 302 302 302 303 303 303 304 304 304 304 305 305 305 306 306 306 307 307 307 307 308 308 308 308 309 309 309 310 310 310 310 311 311 311 311
249 249 248 249 248 248 247 248 249 249 250 250 251 251 252 252 198 198 199 285 286 286 287 287 287 288 288 289 289 290 290 290 291 291 292 292 293 293 293 294 294 294 295 295 296 296 296 297 297 297 298 298 298 299 299 300 300 300 301 301 301 301 302 302 302 303 303 303 304 304 304 305 305 305 306 306 306 306 307 307 307 308 308 308 308 309 309 309 309 310 310 310 310 311 311 311
248 248 248 248 247 248 247 248 248 249 249 250 250 251 252 252 198 198 198 285 285 286 286 287 287 288 288 289 289 289 290 290 291 291 292 292 292 293 293 294 294 294 295 295 295 296 296 297 297 297 298 298 298 299 299 299 300 300 300 301 301 301 302 302 302 303 303 303 304 304 304 304 305 305 305 306 306 306 307 307 307 307 308 308 308 308 309 309 309 310 310 310 310 311 311 311
247 247 248 247 247 246 247 248 248 249 249 250 250 251 251 252 197 198 176 285 285 286 286 287 287 288 288 288 289 289 290 290 291 291 291 292 292 293 293 293 294 294 295 295 295 296 296 296 297 297 297 298 298 299 299 299 300 300 300 301 301 301 302 302 302 302 303 303 303 304 304 304 305 305 305 306 306 306 306 307 307 307 308 308 308 308 309 309 309 309 310 310 310 310 311 311
247 247 246 247 247 246 247 247 248 248 249 250 250 251 251 252 252 198 176 285 285 286 286 286 287 287 288 288 289 289 290 290 290 291 291 292 292 292 293 293 294 294 294 295 295 295 296 296 297 297 297 298 298 298 299 299 299 300 300 300 301 301 301 302 302 302 303 303 303 304 304 304 304 305 305 305 306 306 306 307 307 307 307 308 308 308 308 309 309 309 310 310 310 310 311 311
247 247 246 246 245 246 247 247 248 248 249 249 250 250 251 251 252 175 176 284 285 285 286 286 287 287 288 288 288 289 289 290 290 291 291 291 292 292 293 293 293 294 294 295 295 295 296 296 296 297 297 298 298 298 299 299 299 300 300 300 301 301 301 302 302 302 303 303 303 303 304 304 304 305 305 305 306 306 306 306 307 307 307 308 308 308 308 309 309 309 309 310 310 310 310 311
246 245 246 246 245 246 246 247 247 248 249 249 250 250 251 251 252 175 176 284 285 285 286 286 287 287 287 288 288 289 289 290 290 290 291 291 292 292 292 293 293 294 294 294 295 295 296 296 296 297 297 297 298 298 298 299 299 299 300 300 300 301 301 301 302 302 302 303 303 303 304 304 304 305 305 305 305 306 306 306 307 307 307 307 308 308 308 308 309 309 309 310 310 310 310 311
245 245 245 244 245 246 246 247 247 248 248 249 249 250 250 251 229 175 175 284 284 285 285 286 286 287 287 288 288 289 289 289 290 290 291 291 291 292 292 293 293 293 294 294 295 295 295 296 296 296 297 297 298 298 298 299 299 299 300 300 300 301 301 301 302 302 302 303 303 303 303 304 304 304 305 305 305 306 306 306 306 307 307 307 308 308 308 308 309 309 309 309 310 310 310 310
244 245 244 244 245 245 246 246 247 248 248 249 249 250 250 251 229 175 175 284 284 285 285 286 286 287 287 287 288 288 289 289 290 290 291 291 291 292 292 293 293 293 294 294 294 295 295 296 296 296 297 297 297 298 298 298 299 299 299 300 300 300 301 301 301 302 302 302 303 303 303 304 304 304 305 305 305 305 306 306 306 307 307 307 307 308 308 308 308 309 309 309 310 310 310 310
