testData/tiles/oneDegree/grid39.0-21.0-40.0-22.0.asc
ncols   200
nrows   200
xllcorner   39.0
yllcorner   21.0
cellsize   0.005
NODATA_value   -9999.0
[rows 153 to 169 of 200, columns 0 to 36 of 200]
8.440000000000000000e+02 8.440000000000000000e+02 8.440000000000000000e+02 8.440000000000000000e+02 8.450000000000000000e+02 8.450000000000000000e+02 8.450000000000000000e+02 8.460000000000000000e+02 8.470000000000000000e+02 8.470000000000000000e+02 8.470000000000000000e+02 8.470000000000000000e+02 8.470000000000000000e+02 8.480000000000000000e+02 8.480000000000000000e+02 8.480000000000000000e+02 8.480000000000000000e+02 8.480000000000000000e+02 8.500000000000000000e+02 8.500000000000000000e+02 8.500000000000000000e+02 8.500000000000000000e+02 9.760000000000000000e+02 9.770000000000000000e+02 9.770000000000000000e+02 9.770000000000000000e+02 9.770000000000000000e+02 9.770000000000000000e+02 9.810000000000000000e+02 9.850000000000000000e+02 9.860000000000000000e+02 9.850000000000000000e+02 9.820000000000000000e+02 9.790000000000000000e+02 9.800000000000000000e+02 9.800000000000000000e+02 9.800000000000000000e+02
8.440000000000000000e+02 8.450000000000000000e+02 8.450000000000000000e+02 8.450000000000000000e+02 8.450000000000000000e+02 8.470000000000000000e+02 8.470000000000000000e+02 8.470000000000000000e+02 8.470000000000000000e+02 8.470000000000000000e+02 8.480000000000000000e+02 8.480000000000000000e+02 8.480000000000000000e+02 8.480000000000000000e+02 8.490000000000000000e+02 8.500000000000000000e+02 8.500000000000000000e+02 8.500000000000000000e+02 8.500000000000000000e+02 8.500000000000000000e+02 8.510000000000000000e+02 8.510000000000000000e+02 9.770000000000000000e+02 9.770000000000000000e+02 9.770000000000000000e+02 9.790000000000000000e+02 9.790000000000000000e+02 9.790000000000000000e+02 9.820000000000000000e+02 9.850000000000000000e+02 9.860000000000000000e+02 9.860000000000000000e+02 9.830000000000000000e+02 9.800000000000000000e+02 9.800000000000000000e+02 9.800000000000000000e+02 9.800000000000000000e+02
8.450000000000000000e+02 8.450000000000000000e+02 8.460000000000000000e+02 8.470000000000000000e+02 8.470000000000000000e+02 8.470000000000000000e+02 8.470000000000000000e+02 8.480000000000000000e+02 8.480000000000000000e+02 8.480000000000000000e+02 8.480000000000000000e+02 8.490000000000000000e+02 8.500000000000000000e+02 8.500000000000000000e+02 8.500000000000000000e+02 8.500000000000000000e+02 8.500000000000000000e+02 8.510000000000000000e+02 8.510000000000000000e+02 8.510000000000000000e+02 8.510000000000000000e+02 8.510000000000000000e+02 9.790000000000000000e+02 9.790000000000000000e+02 9.790000000000000000e+02 9.790000000000000000e+02 9.790000000000000000e+02 9.800000000000000000e+02 9.830000000000000000e+02 9.860000000000000000e+02 9.860000000000000000e+02 9.860000000000000000e+02 9.830000000000000000e+02 9.810000000000000000e+02 9.820000000000000000e+02 9.820000000000000000e+02 9.820000000000000000e+02
8.470000000000000000e+02 8.470000000000000000e+02 8.470000000000000000e+02 8.470000000000000000e+02 8.470000000000000000e+02 8.480000000000000000e+02 8.480000000000000000e+02 8.480000000000000000e+02 8.490000000000000000e+02 8.500000000000000000e+02 8.500000000000000000e+02 8.500000000000000000e+02 8.500000000000000000e+02 8.500000000000000000e+02 8.510000000000000000e+02 8.510000000000000000e+02 8.510000000000000000e+02 8.510000000000000000e+02 8.510000000000000000e+02 8.530000000000000000e+02 8.530000000000000000e+02 8.530000000000000000e+02 9.790000000000000000e+02 9.790000000000000000e+02 9.800000000000000000e+02 9.800000000000000000e+02 9.800000000000000000e+02 9.800000000000000000e+02 9.830000000000000000e+02 9.850000000000000000e+02 9.880000000000000000e+02 9.870000000000000000e+02 9.850000000000000000e+02 9.820000000000000000e+02 9.820000000000000000e+02 9.820000000000000000e+02 9.830000000000000000e+02
8.470000000000000000e+02 8.470000000000000000e+02 8.480000000000000000e+02 8.480000000000000000e+02 8.480000000000000000e+02 8.480000000000000000e+02 8.490000000000000000e+02 8.500000000000000000e+02 8.500000000000000000e+02 8.500000000000000000e+02 8.500000000000000000e+02 8.510000000000000000e+02 8.510000000000000000e+02 8.510000000000000000e+02 8.510000000000000000e+02 8.510000000000000000e+02 8.530000000000000000e+02 8.530000000000000000e+02 8.530000000000000000e+02 8.530000000000000000e+02 8.530000000000000000e+02 8.540000000000000000e+02 9.800000000000000000e+02 9.800000000000000000e+02 9.800000000000000000e+02 9.800000000000000000e+02 9.810000000000000000e+02 9.820000000000000000e+02 9.840000000000000000e+02 9.870000000000000000e+02 9.880000000000000000e+02 9.870000000000000000e+02 9.850000000000000000e+02 9.830000000000000000e+02 9.830000000000000000e+02 9.830000000000000000e+02 9.830000000000000000e+02
8.480000000000000000e+02 8.480000000000000000e+02 8.480000000000000000e+02 8.490000000000000000e+02 8.500000000000000000e+02 8.500000000000000000e+02 8.500000000000000000e+02 8.500000000000000000e+02 8.500000000000000000e+02 8.510000000000000000e+02 8.510000000000000000e+02 8.510000000000000000e+02 8.520000000000000000e+02 8.530000000000000000e+02 8.530000000000000000e+02 8.530000000000000000e+02 8.530000000000000000e+02 8.530000000000000000e+02 8.540000000000000000e+02 8.540000000000000000e+02 8.540000000000000000e+02 8.540000000000000000e+02 9.800000000000000000e+02 9.820000000000000000e+02 9.820000000000000000e+02 9.820000000000000000e+02 9.820000000000000000e+02 9.820000000000000000e+02 9.840000000000000000e+02 9.880000000000000000e+02 9.890000000000000000e+02 9.880000000000000000e+02 9.850000000000000000e+02 9.830000000000000000e+02 9.840000000000000000e+02 9.840000000000000000e+02 9.850000000000000000e+02
8.490000000000000000e+02 8.490000000000000000e+02 8.500000000000000000e+02 8.500000000000000000e+02 8.500000000000000000e+02 8.500000000000000000e+02 8.510000000000000000e+02 8.510000000000000000e+02 8.510000000000000000e+02 8.520000000000000000e+02 8.520000000000000000e+02 8.530000000000000000e+02 8.530000000000000000e+02 8.530000000000000000e+02 8.530000000000000000e+02 8.540000000000000000e+02 8.540000000000000000e+02 8.540000000000000000e+02 8.540000000000000000e+02 8.540000000000000000e+02 8.560000000000000000e+02 8.560000000000000000e+02 9.820000000000000000e+02 9.820000000000000000e+02 9.820000000000000000e+02 9.830000000000000000e+02 9.830000000000000000e+02 9.830000000000000000e+02 9.850000000000000000e+02 9.880000000000000000e+02 9.880000000000000000e+02 9.890000000000000000e+02 9.870000000000000000e+02 9.850000000000000000e+02 9.850000000000000000e+02 9.850000000000000000e+02 9.850000000000000000e+02
8.500000000000000000e+02 8.500000000000000000e+02 8.500000000000000000e+02 8.500000000000000000e+02 8.510000000000000000e+02 8.510000000000000000e+02 8.510000000000000000e+02 8.520000000000000000e+02 8.530000000000000000e+02 8.530000000000000000e+02 8.530000000000000000e+02 8.530000000000000000e+02 8.540000000000000000e+02 8.540000000000000000e+02 8.540000000000000000e+02 8.540000000000000000e+02 8.540000000000000000e+02 8.560000000000000000e+02 8.560000000000000000e+02 8.560000000000000000e+02 8.560000000000000000e+02 8.560000000000000000e+02 9.830000000000000000e+02 9.830000000000000000e+02 9.830000000000000000e+02 9.830000000000000000e+02 9.830000000000000000e+02 9.830000000000000000e+02 9.870000000000000000e+02 9.890000000000000000e+02 9.900000000000000000e+02 9.890000000000000000e+02 9.870000000000000000e+02 9.860000000000000000e+02 9.860000000000000000e+02 9.860000000000000000e+02 9.860000000000000000e+02
8.500000000000000000e+02 8.510000000000000000e+02 8.510000000000000000e+02 8.510000000000000000e+02 8.520000000000000000e+02 8.530000000000000000e+02 8.530000000000000000e+02 8.530000000000000000e+02 8.530000000000000000e+02 8.530000000000000000e+02 8.540000000000000000e+02 8.540000000000000000e+02 8.540000000000000000e+02 8.540000000000000000e+02 8.560000000000000000e+02 8.560000000000000000e+02 8.560000000000000000e+02 8.560000000000000000e+02 8.560000000000000000e+02 8.570000000000000000e+02 8.570000000000000000e+02 8.570000000000000000e+02 9.830000000000000000e+02 9.830000000000000000e+02 9.840000000000000000e+02 9.850000000000000000e+02 9.850000000000000000e+02 9.850000000000000000e+02 9.860000000000000000e+02 9.890000000000000000e+02 9.910000000000000000e+02 9.900000000000000000e+02 9.870000000000000000e+02 9.860000000000000000e+02 9.860000000000000000e+02 9.860000000000000000e+02 9.870000000000000000e+02
8.510000000000000000e+02 8.520000000000000000e+02 8.520000000000000000e+02 8.530000000000000000e+02 8.530000000000000000e+02 8.530000000000000000e+02 8.530000000000000000e+02 8.540000000000000000e+02 8.540000000000000000e+02 8.540000000000000000e+02 8.540000000000000000e+02 8.550000000000000000e+02 8.560000000000000000e+02 8.560000000000000000e+02 8.560000000000000000e+02 8.560000000000000000e+02 8.570000000000000000e+02 8.570000000000000000e+02 8.570000000000000000e+02 8.570000000000000000e+02 8.570000000000000000e+02 8.580000000000000000e+02 9.850000000000000000e+02 9.850000000000000000e+02 9.850000000000000000e+02 9.850000000000000000e+02 9.850000000000000000e+02 9.860000000000000000e+02 9.870000000000000000e+02 9.900000000000000000e+02 9.910000000000000000e+02 9.900000000000000000e+02 9.880000000000000000e+02 9.870000000000000000e+02 9.880000000000000000e+02 9.880000000000000000e+02 9.880000000000000000e+02
8.520000000000000000e+02 8.530000000000000000e+02 8.530000000000000000e+02 8.530000000000000000e+02 8.530000000000000000e+02 8.540000000000000000e+02 8.540000000000000000e+02 8.540000000000000000e+02 8.550000000000000000e+02 8.560000000000000000e+02 8.560000000000000000e+02 8.560000000000000000e+02 8.560000000000000000e+02 8.560000000000000000e+02 8.570000000000000000e+02 8.570000000000000000e+02 8.570000000000000000e+02 8.570000000000000000e+02 8.580000000000000000e+02 8.590000000000000000e+02 8.590000000000000000e+02 8.590000000000000000e+02 9.850000000000000000e+02 9.850000000000000000e+02 9.860000000000000000e+02 9.860000000000000000e+02 9.860000000000000000e+02 9.860000000000000000e+02 9.870000000000000000e+02 9.910000000000000000e+02 9.920000000000000000e+02 9.920000000000000000e+02 9.890000000000000000e+02 9.880000000000000000e+02 9.880000000000000000e+02 9.890000000000000000e+02 9.890000000000000000e+02
8.530000000000000000e+02 8.530000000000000000e+02 8.540000000000000000e+02 8.540000000000000000e+02 8.540000000000000000e+02 8.550000000000000000e+02 8.550000000000000000e+02 8.560000000000000000e+02 8.560000000000000000e+02 8.560000000000000000e+02 8.560000000000000000e+02 8.570000000000000000e+02 8.570000000000000000e+02 8.570000000000000000e+02 8.570000000000000000e+02 8.580000000000000000e+02 8.590000000000000000e+02 8.590000000000000000e+02 8.590000000000000000e+02 8.590000000000000000e+02 8.590000000000000000e+02 8.600000000000000000e+02 9.860000000000000000e+02 9.860000000000000000e+02 9.860000000000000000e+02 9.860000000000000000e+02 9.870000000000000000e+02 9.880000000000000000e+02 9.880000000000000000e+02 9.910000000000000000e+02 9.920000000000000000e+02 9.920000000000000000e+02 9.890000000000000000e+02 9.890000000000000000e+02 9.890000000000000000e+02 9.890000000000000000e+02 9.890000000000000000e+02
8.540000000000000000e+02 8.540000000000000000e+02 8.550000000000000000e+02 8.550000000000000000e+02 8.560000000000000000e+02 8.560000000000000000e+02 8.560000000000000000e+02 8.560000000000000000e+02 8.560000000000000000e+02 8.570000000000000000e+02 8.570000000000000000e+02 8.570000000000000000e+02 8.580000000000000000e+02 8.590000000000000000e+02 8.590000000000000000e+02 8.590000000000000000e+02 8.590000000000000000e+02 8.590000000000000000e+02 8.600000000000000000e+02 8.600000000000000000e+02 8.600000000000000000e+02 8.600000000000000000e+02 9.860000000000000000e+02 9.880000000000000000e+02 9.880000000000000000e+02 9.880000000000000000e+02 9.880000000000000000e+02 9.880000000000000000e+02 9.890000000000000000e+02 9.920000000000000000e+02 9.930000000000000000e+02 9.920000000000000000e+02 9.890000000000000000e+02 9.890000000000000000e+02 9.900000000000000000e+02 9.900000000000000000e+02 9.910000000000000000e+02
8.550000000000000000e+02 8.550000000000000000e+02 8.560000000000000000e+02 8.560000000000000000e+02 8.560000000000000000e+02 8.560000000000000000e+02 8.570000000000000000e+02 8.570000000000000000e+02 8.570000000000000000e+02 8.570000000000000000e+02 8.590000000000000000e+02 8.590000000000000000e+02 8.590000000000000000e+02 8.590000000000000000e+02 8.590000000000000000e+02 8.600000000000000000e+02 8.600000000000000000e+02 8.600000000000000000e+02 8.600000000000000000e+02 8.600000000000000000e+02 8.620000000000000000e+02 8.620000000000000000e+02 9.880000000000000000e+02 9.880000000000000000e+02 9.880000000000000000e+02 9.890000000000000000e+02 9.890000000000000000e+02 9.890000000000000000e+02 9.890000000000000000e+02 9.920000000000000000e+02 9.940000000000000000e+02 9.930000000000000000e+02 9.900000000000000000e+02 9.910000000000000000e+02 9.910000000000000000e+02 9.910000000000000000e+02 9.920000000000000000e+02
8.560000000000000000e+02 8.560000000000000000e+02 8.560000000000000000e+02 8.560000000000000000e+02 8.570000000000000000e+02 8.570000000000000000e+02 8.570000000000000000e+02 8.580000000000000000e+02 8.590000000000000000e+02 8.590000000000000000e+02 8.590000000000000000e+02 8.590000000000000000e+02 8.600000000000000000e+02 8.600000000000000000e+02 8.600000000000000000e+02 8.600000000000000000e+02 8.600000000000000000e+02 8.620000000000000000e+02 8.620000000000000000e+02 8.620000000000000000e+02 8.620000000000000000e+02 8.620000000000000000e+02 9.890000000000000000e+02 9.890000000000000000e+02 9.890000000000000000e+02 9.890000000000000000e+02 9.890000000000000000e+02 9.900000000000000000e+02 9.900000000000000000e+02 9.930000000000000000e+02 9.940000000000000000e+02 9.930000000000000000e+02 9.910000000000000000e+02 9.920000000000000000e+02 9.920000000000000000e+02 9.920000000000000000e+02 9.920000000000000000e+02
8.560000000000000000e+02 8.570000000000000000e+02 8.570000000000000000e+02 8.570000000000000000e+02 8.580000000000000000e+02 8.590000000000000000e+02 8.590000000000000000e+02 8.590000000000000000e+02 8.590000000000000000e+02 8.590000000000000000e+02 8.600000000000000000e+02 8.600000000000000000e+02 8.600000000000000000e+02 8.600000000000000000e+02 8.620000000000000000e+02 8.620000000000000000e+02 8.620000000000000000e+02 8.620000000000000000e+02 8.620000000000000000e+02 8.630000000000000000e+02 8.630000000000000000e+02 8.630000000000000000e+02 9.890000000000000000e+02 9.890000000000000000e+02 9.900000000000000000e+02 9.900000000000000000e+02 9.910000000000000000e+02 9.910000000000000000e+02 9.910000000000000000e+02 9.940000000000000000e+02 9.950000000000000000e+02 9.940000000000000000e+02 9.920000000000000000e+02 9.920000000000000000e+02 9.920000000000000000e+02 9.930000000000000000e+02 9.930000000000000000e+02
8.570000000000000000e+02 8.580000000000000000e+02 8.580000000000000000e+02 8.590000000000000000e+02 8.590000000000000000e+02 8.590000000000000000e+02 8.590000000000000000e+02 8.600000000000000000e+02 8.600000000000000000e+02 8.600000000000000000e+02 8.600000000000000000e+02 8.610000000000000000e+02 8.620000000000000000e+02 8.620000000000000000e+02 8.620000000000000000e+02 8.620000000000000000e+02 8.630000000000000000e+02 8.630000000000000000e+02 8.630000000000000000e+02 8.630000000000000000e+02 8.630000000000000000e+02 8.640000000000000000e+02 9.910000000000000000e+02 9.910000000000000000e+02 9.910000000000000000e+02 9.910000000000000000e+02 9.920000000000000000e+02 9.920000000000000000e+02 9.920000000000000000e+02 9.940000000000000000e+02 9.950000000000000000e+02 9.940000000000000000e+02 9.930000000000000000e+02 9.930000000000000000e+02 9.930000000000000000e+02 9.940000000000000000e+02 9.940000000000000000e+02
