testData/tiles/oneDegree/grid4.0-2.0-5.0-3.0.asc
ncols   200
nrows   200
xllcorner   4.0
yllcorner   2.0
cellsize   0.005
NODATA_value   -9999.0
[rows 84 to 125 of 200, columns 94 to 187 of 200]
497 495 494 493 493 491 490 489 487 486 485 484 483 482 481 479 478 477 475 474 472 471 470 468 467 466 464 463 461 460 459 457 456 453 452 451 449 448 446 445 442 441 439 438 435 434 432 430 428 427 424 423 420 419 416 415 412 411 408 405 404 401 399 396 393 391 388 386 383 379 377 374 370 368 364 360 358 353 349 345 340 335 333 332 303 302 302 301 300 299 298 298 297 296
497 495 494 493 493 491 490 489 487 486 485 483 483 482 481 479 478 477 475 474 472 471 470 468 467 466 464 463 461 460 459 457 456 453 452 450 449 448 446 445 442 441 439 438 435 434 432 430 428 427 424 423 420 419 416 415 412 411 408 404 403 400 398 395 393 391 388 386 383 379 377 374 370 368 364 360 357 353 349 345 340 335 333 332 303 302 302 301 300 299 298 298 297 296
497 495 494 493 493 491 490 489 487 486 485 483 483 482 481 479 478 476 475 474 472 471 470 468 467 466 464 463 461 460 459 457 456 453 452 450 449 448 446 444 442 441 439 438 435 434 432 430 428 427 424 423 420 419 415 414 411 410 407 404 403 400 398 395 392 391 388 386 382 379 377 374 370 368 364 360 357 353 349 345 340 334 332 332 303 302 302 301 300 299 298 298 297 296
497 495 494 493 493 491 490 489 487 486 485 483 483 482 480 479 478 476 475 474 472 471 470 468 467 466 464 463 461 460 459 457 456 453 452 450 449 448 446 444 442 441 439 438 435 434 432 430 427 426 423 422 419 418 415 414 411 410 407 404 403 400 398 395 392 391 388 386 382 379 377 374 370 368 364 360 357 353 349 345 340 334 332 332 303 302 301 301 300 299 298 298 297 296
497 495 494 493 493 491 490 489 487 486 485 483 483 482 480 479 478 476 475 474 472 471 470 468 467 466 464 463 461 460 459 457 456 453 452 450 449 448 446 444 442 440 438 436 434 433 431 429 427 425 423 422 419 418 415 414 411 409 407 404 403 400 398 395 392 390 388 385 382 379 377 374 370 368 364 360 357 353 349 345 340 334 332 332 303 302 301 301 300 299 298 298 297 296
497 495 494 493 492 491 490 489 487 486 485 483 482 482 480 479 478 476 475 474 472 471 470 468 467 466 464 463 461 460 459 457 454 452 451 449 448 447 445 443 441 440 438 436 434 433 431 429 427 425 423 422 419 418 415 414 411 408 407 404 403 400 398 395 392 390 387 385 382 379 377 374 370 368 364 360 357 353 349 345 340 334 332 332 303 302 301 301 300 299 298 298 297 296
497 495 494 493 491 491 490 489 487 486 485 483 482 482 480 479 478 476 475 474 471 470 469 467 466 464 463 462 460 459 457 456 454 452 451 449 448 446 445 443 441 440 438 436 434 433 430 429 427 425 423 422 419 418 415 414 411 408 407 404 402 400 398 395 392 390 387 385 382 379 377 373 370 367 364 360 357 353 348 345 340 334 332 332 303 302 301 301 300 299 298 298 297 296
496 494 493 492 490 490 489 488 486 485 484 482 481 480 479 478 477 475 474 473 471 470 469 467 466 464 463 462 460 459 457 455 454 452 451 449 448 446 444 443 441 440 438 436 434 433 430 429 427 425 423 421 419 418 415 413 411 408 407 404 402 400 398 395 392 390 387 384 382 379 377 373 370 367 364 360 357 353 348 343 339 334 332 332 303 302 301 301 300 299 298 297 297 296
496 494 493 492 490 489 489 488 486 485 484 482 481 480 478 478 477 475 474 473 471 470 469 467 466 464 463 462 460 459 456 455 454 452 451 449 448 446 444 443 441 440 437 436 434 433 430 429 427 425 423 421 419 417 415 412 411 408 407 404 402 400 397 395 392 390 387 384 382 379 377 373 370 367 364 360 357 353 348 343 339 333 332 332 303 302 301 301 300 299 298 297 297 296
495 494 493 492 490 489 489 488 486 485 484 482 481 480 478 477 477 475 474 473 471 470 469 467 466 464 463 462 460 458 456 455 454 452 451 449 448 445 444 442 441 440 437 436 434 433 430 429 426 425 423 421 419 417 415 412 411 408 406 404 402 399 397 395 392 390 387 384 382 379 375 373 370 367 363 360 357 352 348 343 339 333 332 332 303 302 301 301 300 299 298 297 297 296
495 494 493 492 490 489 488 487 486 485 484 482 481 480 478 477 476 475 474 473 471 470 468 467 466 464 463 462 459 458 456 455 454 452 451 449 448 445 444 442 441 440 437 436 434 432 430 429 426 425 423 421 419 416 415 412 411 408 406 404 402 399 396 395 392 390 387 384 382 378 375 373 369 366 363 359 355 352 348 343 338 333 332 331 303 302 301 300 300 299 298 297 297 262
494 494 493 492 490 489 488 487 486 485 484 482 481 480 478 477 476 474 473 473 471 470 468 467 466 464 462 461 459 458 456 455 453 452 451 449 447 445 444 442 441 438 437 436 434 432 430 429 426 425 422 420 419 416 415 412 410 408 406 404 402 399 396 394 392 390 387 384 382 378 375 373 369 366 363 359 355 352 347 342 338 333 332 331 303 302 301 300 300 299 298 297 297 262
494 494 493 492 490 489 488 486 486 485 483 482 481 480 478 477 476 474 473 471 470 469 467 466 465 463 462 460 459 458 456 455 453 452 451 449 447 445 444 442 441 438 437 435 434 432 430 429 426 424 422 420 418 416 414 412 410 408 406 403 401 399 396 394 391 389 387 383 381 378 375 372 369 365 363 359 355 352 347 342 338 333 332 331 303 302 301 300 300 299 298 297 296 262
494 493 493 491 490 489 488 486 485 485 483 482 481 479 478 477 475 474 473 471 470 469 467 466 465 463 462 460 459 458 456 455 453 452 451 448 447 445 444 442 440 438 437 435 433 431 430 427 426 424 422 420 418 416 414 412 410 408 406 403 401 399 396 394 391 388 386 383 381 378 375 372 369 365 362 359 354 351 347 342 337 333 332 331 303 302 301 300 300 299 298 297 296 262
494 493 493 491 490 489 488 486 485 485 483 482 481 479 478 477 475 474 473 471 470 469 467 466 465 463 462 460 459 458 456 455 453 452 449 448 447 445 444 442 440 438 437 435 433 431 430 427 426 423 422 420 418 416 414 412 410 407 406 403 400 399 396 394 391 388 386 383 381 378 374 372 369 365 362 358 354 351 346 341 336 333 332 331 303 302 301 300 299 299 298 297 296 262
494 493 492 491 490 489 488 486 485 484 483 482 481 479 478 477 475 474 473 471 470 469 467 466 464 463 462 460 459 458 456 455 453 451 449 448 447 445 444 441 440 438 437 434 433 431 429 427 426 423 422 419 418 416 414 411 410 407 405 403 400 398 396 394 391 388 386 383 380 377 374 372 368 365 362 358 354 351 346 341 335 333 332 331 302 302 301 300 299 299 298 297 262 261
494 493 492 490 490 489 487 486 485 484 482 481 481 479 478 477 475 474 473 471 470 469 467 466 464 463 462 460 459 457 456 455 452 451 449 448 446 445 443 441 440 438 437 434 433 431 429 427 426 423 422 419 418 415 414 411 410 407 404 403 400 398 395 393 391 388 386 383 379 377 374 370 368 364 361 358 353 349 345 340 335 333 332 331 302 302 301 300 299 299 298 297 262 261
494 493 492 490 490 489 487 486 485 484 482 481 480 479 478 477 475 474 473 471 470 468 467 466 464 463 462 460 459 457 455 454 452 451 449 448 446 445 443 441 440 438 436 434 433 430 429 427 425 423 422 419 418 415 414 411 408 407 404 403 400 398 395 392 390 387 385 382 379 377 374 370 368 364 360 357 353 349 345 340 334 333 332 303 302 302 301 300 299 299 298 297 262 261
494 493 491 490 489 489 487 486 485 483 482 481 480 478 477 477 475 474 472 471 470 468 467 466 464 463 462 460 459 456 455 454 452 451 449 448 446 444 442 441 440 437 436 434 433 430 429 427 425 423 421 419 417 415 412 411 408 407 404 402 400 398 395 392 390 387 385 382 379 377 373 370 367 364 360 357 353 348 345 339 334 332 332 303 302 302 301 300 299 298 298 296 261 260
494 493 491 490 489 488 487 486 485 483 482 481 479 478 477 475 474 473 472 471 470 468 467 466 464 463 460 459 458 456 455 453 452 451 449 448 445 444 442 441 439 437 436 434 432 430 429 426 425 423 421 419 417 415 412 411 408 406 404 402 399 397 395 392 390 387 384 382 379 376 373 370 367 363 359 356 352 348 344 339 333 332 332 303 302 301 301 300 298 297 297 296 261 260
493 493 491 490 489 488 486 486 485 483 482 481 479 478 477 475 474 473 471 470 469 467 466 465 463 462 460 459 458 456 455 453 452 451 449 447 445 444 442 441 438 437 435 434 432 430 429 426 425 422 420 419 416 415 412 410 408 406 404 402 399 396 394 392 390 387 384 381 378 375 373 369 367 363 359 356 352 347 342 338 333 332 332 303 301 300 300 299 298 297 297 262 261 260
493 493 491 490 489 487 486 485 484 483 482 481 479 478 477 475 474 473 471 470 469 467 466 464 463 462 460 459 458 456 455 453 452 449 448 447 445 444 442 440 438 437 435 433 431 430 427 426 424 422 420 418 416 414 412 410 408 406 403 401 399 396 394 391 389 386 383 381 378 375 372 369 365 363 359 355 351 347 342 337 332 331 331 302 301 300 300 299 298 297 296 262 261 260
493 491 491 490 489 487 486 485 483 482 482 481 479 478 477 475 474 473 471 470 469 467 466 464 463 462 460 459 457 456 455 453 451 449 448 447 445 444 441 440 438 437 434 433 431 429 427 426 423 422 420 418 416 414 411 410 407 406 403 400 399 396 394 391 388 386 383 381 378 374 372 368 365 362 358 354 350 345 340 336 332 331 330 302 301 300 299 299 298 297 296 262 261 260
493 491 490 490 489 487 486 485 483 482 481 479 479 478 477 475 474 472 471 470 468 467 466 464 463 462 460 459 457 456 454 452 451 449 448 446 445 443 441 440 438 436 434 433 431 429 427 426 423 422 419 418 415 414 411 410 407 404 403 400 398 395 394 391 388 386 383 380 377 374 372 368 363 361 357 353 349 345 340 334 332 331 330 302 301 300 299 299 298 297 296 261 261 260
493 491 490 489 487 487 486 485 483 482 481 479 478 477 476 475 474 472 471 470 468 467 466 464 463 461 460 459 456 455 453 452 451 449 448 446 444 442 441 440 438 436 434 433 430 429 427 425 423 421 419 418 415 414 411 408 407 404 402 400 398 395 392 390 387 385 382 378 376 373 370 367 363 360 356 352 349 344 339 333 332 331 302 302 301 300 299 298 298 297 262 261 261 260
463 461 460 489 487 486 486 485 483 482 481 479 478 477 475 474 473 471 471 470 468 467 466 464 462 460 459 458 456 455 453 452 451 449 448 445 444 442 441 439 437 436 434 432 430 429 426 425 423 421 419 417 415 412 411 408 406 404 402 399 398 395 391 389 386 384 381 378 375 372 369 366 363 359 356 352 347 343 338 332 332 331 302 301 301 300 299 298 298 297 262 261 260 260
462 461 460 459 457 456 485 484 483 482 481 479 478 477 475 474 473 471 470 469 467 466 464 463 462 460 459 458 456 455 453 452 450 448 447 445 444 442 441 438 437 435 433 432 430 429 426 425 422 421 418 416 414 412 410 408 406 403 401 398 395 393 391 389 386 383 381 377 375 372 368 366 362 358 355 351 346 343 337 332 332 331 302 301 301 300 299 298 298 297 262 261 260 260
461 461 460 459 457 456 455 453 452 482 480 479 478 477 475 474 472 471 470 468 467 466 464 463 462 460 459 457 456 455 453 451 449 448 447 445 444 441 440 438 437 435 433 431 430 427 426 424 422 420 418 415 413 411 409 406 405 402 400 398 395 393 390 388 385 382 380 377 375 371 368 365 361 358 355 350 346 342 336 332 331 331 302 301 300 300 299 298 297 297 262 261 260 259
461 460 459 458 457 456 455 453 452 451 449 449 478 476 475 474 472 471 470 468 467 466 464 463 462 460 459 457 456 454 452 451 449 448 446 445 443 441 440 438 437 434 433 431 428 426 425 422 421 418 417 414 413 410 409 406 405 402 399 397 395 393 390 387 385 382 380 376 373 371 367 364 361 357 353 350 345 340 336 332 331 331 302 301 300 300 299 298 297 263 262 261 260 259
461 460 459 457 457 456 454 453 452 451 449 448 447 445 445 444 472 471 470 468 467 466 464 463 461 460 458 456 455 453 452 451 449 448 446 444 441 440 439 437 435 433 432 429 428 426 424 422 420 418 417 414 413 410 408 406 403 401 399 397 394 392 389 386 384 381 379 376 373 370 367 363 360 356 352 349 344 339 335 332 331 330 302 301 300 300 299 298 297 262 262 261 260 259
461 460 459 457 456 455 454 453 452 450 449 448 447 445 444 443 441 440 439 467 466 464 463 462 459 458 457 455 454 452 451 450 448 446 444 443 441 440 437 436 435 433 431 429 428 425 424 422 420 418 416 414 412 410 407 405 403 401 398 397 394 391 389 386 384 381 378 376 372 370 366 363 360 356 352 348 343 338 334 332 331 302 302 301 300 299 299 298 297 262 262 261 260 259
460 459 457 456 455 454 452 451 451 449 448 447 445 444 443 441 440 439 437 436 435 433 432 461 459 458 456 455 454 452 451 448 447 446 444 443 441 439 437 436 434 432 430 429 427 425 424 421 420 417 415 413 411 409 407 405 402 401 398 396 393 391 389 386 384 380 377 375 372 368 366 362 358 355 351 346 343 337 332 332 331 302 302 301 300 299 299 298 297 262 261 261 260 259
459 458 457 456 455 453 452 451 450 448 448 447 445 444 443 441 440 439 437 436 435 433 432 430 429 428 426 455 454 451 450 448 447 445 444 443 440 439 437 436 433 432 430 428 426 425 422 421 419 417 415 413 411 409 406 405 402 400 398 395 393 390 388 385 382 380 377 375 371 368 365 361 358 354 350 346 342 336 332 332 331 302 301 301 300 299 298 298 263 262 261 260 260 259
459 457 456 456 455 453 452 451 449 448 447 446 444 444 443 441 440 439 437 436 434 433 432 430 429 428 425 424 422 421 420 448 447 445 443 441 440 439 437 435 433 432 429 428 426 424 422 421 418 417 414 413 410 409 406 404 402 399 397 394 393 390 388 385 382 380 376 373 371 367 365 361 357 354 349 345 341 335 332 331 331 302 301 301 300 299 298 298 263 262 261 260 260 259
459 457 456 455 454 453 452 451 449 448 447 445 444 443 441 440 439 437 436 435 433 432 431 429 428 427 425 424 422 421 420 418 416 414 413 411 440 438 436 435 433 431 429 428 425 424 422 420 418 416 414 412 410 408 406 403 401 399 397 394 392 389 386 384 381 379 376 372 370 367 363 360 356 352 349 344 339 334 332 331 303 302 301 300 300 299 298 297 263 262 261 260 259 259
459 457 456 455 453 452 451 451 449 448 447 445 444 443 441 440 439 437 436 435 433 432 431 429 428 426 425 424 422 421 418 417 416 414 413 411 409 407 406 404 432 431 429 427 425 424 421 420 417 416 413 412 409 407 405 403 401 398 396 394 391 389 386 384 381 377 375 372 369 366 362 359 355 351 348 343 338 333 332 331 302 302 301 300 300 299 298 297 262 262 261 260 259 258
457 457 456 455 453 452 451 449 448 447 447 445 444 443 441 440 439 437 436 435 433 432 430 429 428 426 425 423 421 420 418 417 415 414 413 410 409 407 406 403 402 400 398 396 395 422 421 419 417 415 413 411 409 406 405 402 400 398 396 393 390 388 385 383 380 377 375 371 368 365 362 359 355 350 347 342 337 332 332 331 302 302 301 300 299 299 298 263 262 262 261 260 259 258
457 456 455 454 453 452 451 449 448 447 445 444 443 441 441 440 438 437 436 434 433 432 430 428 427 425 424 422 421 420 418 417 415 413 411 410 409 407 405 403 402 399 398 396 394 392 391 388 387 384 413 410 409 406 404 402 400 397 394 393 390 388 385 382 380 376 374 371 367 365 361 357 354 350 345 341 335 332 332 331 302 301 301 300 299 299 298 263 262 261 261 260 259 258
457 456 455 453 452 452 451 449 448 447 445 444 443 441 440 439 437 436 435 433 432 431 429 428 426 425 424 422 421 419 418 416 414 413 411 410 407 406 405 403 401 399 398 395 394 392 390 388 386 384 382 380 378 376 374 401 398 397 394 392 389 387 384 381 379 376 372 370 366 364 360 356 353 349 344 340 334 332 331 303 302 301 301 300 299 298 298 263 262 261 260 260 259 258
457 456 455 453 452 451 449 448 448 446 445 444 443 441 440 439 437 436 435 433 432 430 429 428 426 425 424 422 420 418 417 415 414 413 410 409 407 406 404 402 400 399 397 395 394 391 390 387 386 383 382 379 377 375 372 371 368 366 363 362 359 386 384 381 378 375 372 369 366 362 359 355 351 348 343 338 333 332 331 303 302 301 300 300 299 298 297 263 262 261 260 260 259 258
456 455 454 453 452 451 449 448 447 445 444 443 442 441 440 438 437 436 434 433 432 430 429 428 425 424 422 421 420 418 417 415 414 412 410 409 407 405 403 402 400 398 396 395 392 391 388 387 384 383 380 379 376 375 372 370 367 366 363 360 358 355 353 350 347 344 341 339 365 361 359 354 350 347 342 336 333 332 331 303 302 301 300 300 299 298 263 263 262 261 260 259 259 258
456 455 453 452 452 450 449 448 447 445 444 443 441 440 439 437 436 435 433 432 431 429 428 426 425 424 422 421 419 418 416 414 413 411 410 409 406 405 403 402 399 398 396 394 392 390 388 386 384 382 380 378 376 374 371 370 367 364 362 359 358 355 352 349 346 344 340 337 334 331 328 324 319 316 311 305 332 332 331 302 302 301 300 299 299 298 263 262 262 261 260 259 258 258
