testData/tiles/oneDegree/grid20.0-29.0-21.0-30.0.asc
ncols   200
nrows   200
xllcorner   20.0
yllcorner   29.0
cellsize   0.005
NODATA_value   -9999.0
[rows 42 to 83 of 200, columns 94 to 187 of 200]
757 757 758 757 757 757 758 758 758 758 759 759 759 759 789 789 789 788 788 789 789 788 788 789 789 877 877 899 918 933 947 958 970 977 985 993 999 1006 1012 1017 1021 1025 1030 1032 1035 1038 1040 1041 1043 1044 1045 1045 1044 1044 1043 1040 1039 1037 1034 1032 1028 1024 1020 1016 1011 1005 1000 993 984 975 966 955 945 931 916 897 874 874 786 786 787 786 786 785 785 785 785 785 786 786 785 784 784 784
758 758 758 759 759 759 760 760 760 760 761 761 761 761 790 791 791 790 789 790 790 790 790 791 791 879 879 899 919 934 947 958 970 979 987 995 1001 1008 1014 1019 1023 1028 1030 1034 1036 1039 1041 1042 1045 1046 1046 1045 1045 1045 1045 1043 1041 1039 1036 1034 1030 1026 1021 1017 1012 1006 1001 993 985 977 968 957 945 933 917 896 876 876 788 788 789 789 788 788 788 787 787 787 788 787 787 787 787 787
761 761 761 762 762 762 762 763 763 763 763 764 764 763 792 792 792 791 791 792 792 792 792 793 793 881 881 900 919 934 947 959 969 980 988 996 1002 1008 1015 1020 1024 1028 1031 1036 1039 1041 1043 1044 1046 1046 1046 1047 1046 1046 1046 1045 1042 1040 1037 1034 1031 1028 1024 1019 1013 1007 1001 994 986 978 968 958 946 934 917 898 878 878 790 790 791 790 790 790 790 790 790 789 789 789 789 789 789 789
762 762 762 763 763 763 763 764 764 764 764 765 764 764 764 794 794 793 793 794 794 794 794 794 795 883 883 899 919 934 948 960 970 981 989 997 1003 1009 1015 1020 1025 1029 1033 1037 1040 1041 1043 1045 1046 1047 1048 1048 1048 1047 1047 1046 1043 1040 1038 1035 1033 1029 1024 1019 1014 1007 1002 995 987 979 969 959 947 933 918 898 880 880 792 792 791 792 792 792 792 792 792 790 790 791 791 791 791 791
764 764 764 765 765 765 765 766 765 765 765 766 766 766 766 796 796 795 795 796 796 796 796 796 797 884 884 899 919 935 949 961 971 982 990 998 1003 1008 1015 1020 1025 1029 1033 1037 1040 1042 1043 1045 1046 1048 1049 1049 1049 1048 1048 1046 1043 1041 1038 1035 1033 1029 1025 1020 1014 1008 1002 996 988 980 970 960 946 932 917 897 882 882 794 793 793 794 794 794 793 793 792 792 792 793 793 793 793 792
766 766 766 767 766 766 766 767 767 767 767 768 768 768 768 768 797 796 796 796 797 797 796 796 797 885 885 898 918 935 948 960 971 982 990 997 1003 1009 1016 1021 1026 1030 1034 1038 1041 1043 1045 1046 1047 1049 1049 1049 1049 1049 1047 1046 1044 1042 1039 1036 1033 1030 1026 1020 1014 1008 1002 996 988 980 969 958 946 933 918 897 884 883 794 794 794 795 795 795 795 794 794 794 793 794 794 794 793 793
766 766 766 766 767 767 767 768 768 768 768 769 769 769 769 769 799 798 798 797 798 798 798 798 799 887 886 897 917 934 948 960 971 980 989 997 1003 1010 1015 1022 1026 1030 1034 1036 1040 1043 1045 1047 1048 1050 1050 1051 1049 1048 1047 1047 1044 1042 1039 1036 1033 1029 1025 1021 1015 1010 1003 997 988 979 969 958 946 932 917 896 885 884 796 796 795 795 796 796 795 795 795 795 795 795 796 794 794 794
767 767 767 767 768 768 768 768 769 769 769 769 770 770 770 770 800 798 798 798 799 799 799 799 800 888 887 896 916 934 947 959 970 979 989 997 1003 1010 1015 1022 1026 1031 1033 1037 1041 1043 1045 1047 1048 1050 1051 1050 1049 1048 1047 1047 1044 1042 1040 1037 1032 1030 1025 1021 1015 1010 1003 995 987 978 969 958 946 932 916 895 885 885 797 797 796 796 797 796 796 796 796 796 796 796 796 795 795 795
768 768 768 768 769 769 769 769 770 770 770 769 770 769 769 769 770 798 798 798 799 799 799 799 799 800 888 895 914 932 946 959 970 979 989 997 1003 1010 1015 1022 1025 1030 1033 1037 1041 1043 1045 1046 1047 1048 1049 1049 1049 1048 1047 1047 1044 1042 1040 1036 1032 1030 1025 1021 1014 1009 1002 994 987 978 969 958 945 931 914 893 886 797 797 797 797 797 797 797 797 797 797 797 796 796 795 796 796 796
768 768 768 768 769 769 769 769 770 770 769 769 770 770 770 770 771 799 799 799 800 800 800 800 800 801 888 893 914 931 946 958 969 979 989 997 1002 1009 1013 1020 1025 1029 1033 1036 1040 1042 1044 1046 1046 1047 1049 1049 1049 1048 1047 1046 1044 1040 1038 1035 1032 1028 1025 1020 1014 1009 1001 994 987 978 968 957 944 930 912 891 886 798 798 798 798 797 797 798 797 797 797 797 797 796 796 797 797 797
767 768 768 768 769 768 768 768 769 769 769 769 770 770 770 770 771 770 799 799 799 800 800 799 799 800 888 891 912 929 945 957 968 978 987 996 1001 1008 1014 1019 1025 1029 1033 1036 1038 1041 1044 1044 1046 1047 1048 1048 1048 1048 1047 1044 1043 1040 1038 1035 1032 1028 1024 1019 1014 1007 1000 993 985 977 967 956 944 928 911 890 886 798 798 798 797 797 797 798 798 798 798 797 796 796 796 797 797 797
766 767 767 767 768 768 768 768 769 769 769 769 770 770 770 770 770 770 799 799 799 799 799 799 799 800 888 888 910 927 943 956 967 977 985 994 1000 1007 1013 1018 1024 1028 1032 1035 1038 1041 1043 1043 1045 1046 1047 1047 1047 1047 1046 1042 1042 1040 1037 1034 1031 1027 1024 1018 1012 1006 999 992 984 976 966 954 941 926 909 886 887 798 798 797 797 797 797 798 798 798 798 797 796 796 796 796 797 797
766 767 767 767 767 768 768 768 768 769 769 769 769 770 770 770 769 770 769 798 798 799 799 799 799 799 888 888 908 926 942 954 965 975 984 993 999 1006 1012 1017 1023 1027 1031 1033 1035 1039 1041 1043 1044 1045 1045 1047 1046 1045 1044 1042 1040 1039 1036 1033 1030 1026 1020 1016 1011 1005 998 991 983 975 964 952 940 925 907 886 886 798 797 797 797 797 797 797 798 798 797 796 796 796 796 796 797 796
766 767 767 767 767 768 768 768 768 769 769 769 769 770 770 769 768 769 769 798 798 799 799 799 799 799 888 888 906 924 939 952 963 973 983 992 997 1004 1010 1015 1021 1024 1028 1031 1034 1037 1040 1042 1043 1044 1045 1045 1045 1044 1043 1041 1039 1037 1034 1031 1028 1023 1019 1015 1010 1004 997 990 982 971 962 951 937 922 904 885 885 797 797 797 797 797 797 797 797 796 796 796 796 796 796 796 795 796
766 767 767 767 767 768 768 768 768 769 769 767 767 768 768 768 767 768 768 768 797 797 798 798 798 798 887 886 902 920 936 950 961 971 980 989 996 1003 1009 1014 1018 1023 1027 1030 1033 1036 1039 1040 1041 1042 1042 1043 1043 1042 1041 1039 1037 1036 1033 1029 1026 1022 1018 1014 1008 1002 995 988 978 969 960 949 936 920 902 885 884 796 796 796 796 796 796 796 795 796 796 796 795 795 795 794 794 795
765 765 766 766 766 767 766 766 766 767 767 767 767 768 768 768 767 767 768 768 797 797 798 798 798 797 885 885 899 918 933 947 959 969 978 985 994 1000 1006 1011 1016 1021 1025 1029 1031 1034 1037 1039 1039 1040 1041 1041 1041 1040 1039 1037 1035 1033 1030 1028 1024 1020 1016 1011 1007 1000 994 984 976 967 958 946 933 918 898 883 883 796 796 796 795 795 794 794 794 795 795 795 795 795 794 793 793 793
764 763 764 764 764 764 765 765 765 765 766 766 766 766 767 766 766 766 767 767 767 796 796 796 796 796 883 884 896 915 930 945 956 967 976 983 991 997 1003 1009 1014 1019 1023 1027 1030 1032 1035 1036 1037 1038 1039 1039 1039 1038 1037 1035 1032 1030 1029 1026 1022 1018 1014 1009 1004 997 991 983 974 965 954 944 930 914 894 882 882 794 795 795 794 793 793 793 793 794 794 794 794 793 793 792 792 792
762 762 763 763 763 763 764 764 764 764 765 765 765 765 766 764 764 764 765 764 764 793 794 794 794 794 882 883 893 912 928 941 954 963 973 980 989 995 1001 1007 1012 1017 1021 1025 1028 1029 1031 1034 1034 1035 1036 1036 1037 1036 1035 1032 1030 1028 1027 1024 1020 1016 1012 1007 1000 994 988 980 972 962 952 941 927 911 891 881 881 792 793 793 792 792 792 792 792 792 793 793 791 791 791 791 687 687
760 760 761 761 761 761 762 762 762 762 763 763 763 763 764 763 762 762 763 763 763 763 792 793 793 793 881 882 889 909 925 938 951 961 970 978 985 992 998 1004 1009 1013 1018 1021 1024 1026 1028 1031 1032 1033 1034 1034 1034 1033 1032 1030 1028 1026 1023 1021 1017 1013 1008 1003 997 992 985 978 969 960 950 938 923 907 886 879 879 791 791 791 791 791 791 791 790 790 791 790 790 686 686 686 686 685
758 758 759 759 759 759 760 760 760 760 761 761 760 760 760 760 760 760 760 761 761 761 790 791 791 791 791 880 885 904 920 934 947 958 967 975 982 990 996 1002 1007 1010 1015 1019 1022 1023 1025 1028 1030 1031 1031 1031 1030 1031 1029 1027 1025 1023 1021 1019 1015 1010 1005 1000 994 989 982 975 966 957 945 933 920 904 883 878 789 789 788 789 789 789 789 789 789 789 684 684 684 684 684 684 684 682
757 757 757 758 758 758 758 759 758 758 758 759 759 758 757 758 758 758 758 759 759 759 759 789 789 789 788 876 880 900 917 931 944 954 963 971 979 987 993 998 1003 1007 1012 1016 1019 1021 1023 1024 1027 1028 1027 1027 1027 1028 1026 1024 1022 1020 1018 1016 1011 1007 1003 998 991 986 979 971 962 952 942 930 917 900 879 876 787 786 786 787 787 787 787 683 683 682 682 682 682 682 682 682 681 680
754 754 753 754 754 754 754 755 755 755 755 756 756 756 755 756 756 756 756 757 757 757 757 786 786 786 786 874 875 896 913 927 939 951 960 968 976 982 989 995 1000 1004 1008 1012 1015 1017 1019 1021 1023 1024 1024 1024 1024 1024 1023 1021 1019 1017 1014 1011 1008 1003 999 994 988 982 976 967 959 949 938 926 912 896 873 873 784 784 784 784 681 681 681 681 680 679 679 679 680 680 680 679 679 678
751 751 751 752 752 752 752 753 753 753 753 754 754 753 753 754 754 754 754 755 754 754 754 754 784 784 784 872 873 892 909 923 936 947 955 963 971 978 985 991 996 1000 1004 1009 1012 1014 1015 1017 1020 1021 1021 1021 1021 1021 1020 1017 1015 1012 1010 1007 1004 1000 996 991 985 979 972 964 955 945 934 921 907 890 870 870 782 678 678 678 679 678 677 677 677 677 677 677 678 678 677 676 676 675
748 748 748 749 749 749 749 750 750 750 750 751 751 750 750 751 751 750 750 750 751 751 751 751 781 781 781 869 869 887 904 919 931 941 951 960 967 974 982 987 992 997 1000 1005 1008 1009 1011 1013 1015 1017 1017 1017 1017 1017 1016 1013 1011 1009 1007 1004 1000 996 991 986 980 973 966 960 951 941 930 918 903 780 763 763 675 675 675 675 675 675 675 675 674 674 674 674 674 674 674 674 674 673
745 745 745 745 746 746 746 746 747 747 747 747 747 746 746 746 747 747 747 747 748 748 748 748 749 778 778 866 866 881 898 913 926 936 946 955 963 970 978 983 988 993 997 999 1003 1005 1007 1009 1011 1013 1013 1013 1013 1011 1010 1009 1007 1005 1003 1000 996 992 987 981 976 969 962 955 946 937 822 809 793 774 760 760 672 672 672 672 671 672 672 672 671 671 671 671 670 671 671 671 671 670
742 742 742 742 743 743 743 743 744 743 743 742 743 743 743 743 744 744 744 744 745 745 745 745 745 775 775 862 862 875 893 908 921 931 942 951 959 966 972 978 983 987 991 994 999 1001 1003 1005 1007 1009 1009 1009 1008 1007 1006 1005 1003 1000 998 994 991 987 982 977 971 965 854 847 838 828 816 802 787 768 757 757 669 669 669 668 668 668 669 669 669 669 669 668 668 668 669 669 668 668
739 739 739 739 739 739 739 739 740 740 740 739 740 740 740 740 741 741 741 741 742 742 742 742 742 742 771 859 859 870 888 903 915 927 938 947 955 962 968 974 979 984 988 991 995 998 1000 1002 1004 1005 1005 1005 1005 1004 1003 1002 1000 998 995 992 988 985 876 871 865 859 852 844 836 825 813 800 785 766 756 757 669 669 668 668 668 668 669 669 669 669 668 668 668 668 669 669 668 667
737 738 738 738 739 739 739 739 740 740 739 739 740 740 740 740 741 741 741 741 741 742 741 741 741 742 771 859 859 866 886 901 914 925 936 945 952 959 966 973 978 983 987 990 993 997 999 1001 1002 1003 1004 1004 1003 1003 1002 1000 999 997 889 886 883 879 875 870 864 857 850 842 833 823 812 798 782 763 756 757 668 668 668 668 668 668 668 669 668 668 668 668 668 668 668 669 667 667
737 738 738 738 738 739 739 739 739 739 739 739 739 740 740 740 740 741 740 740 740 741 741 741 741 742 742 859 859 864 884 900 912 924 933 943 951 958 965 971 977 981 986 989 992 996 997 999 1001 1002 1003 1003 1002 1002 897 895 894 891 888 885 882 877 874 869 863 856 848 840 831 822 810 797 780 761 756 755 668 668 668 668 668 668 668 668 668 668 668 668 668 668 668 668 667 667
737 738 738 738 738 739 739 739 739 739 739 739 739 740 740 739 739 740 740 740 740 741 741 741 741 741 742 742 859 861 882 896 909 921 931 941 950 957 963 969 976 980 984 988 990 994 996 998 999 1000 897 898 897 896 895 893 891 890 887 884 880 876 872 867 861 854 847 838 829 820 808 795 778 758 755 667 668 668 668 668 668 668 667 667 668 668 668 668 668 668 667 667 667 667
737 738 738 738 738 739 739 739 738 739 738 738 738 739 739 739 739 740 740 740 740 740 741 741 741 741 742 742 859 858 877 894 907 919 930 940 948 956 962 968 974 979 982 986 989 992 891 893 894 895 896 896 896 894 893 892 890 889 886 883 879 875 870 865 859 853 845 837 828 817 806 793 774 755 755 667 667 668 668 668 668 667 667 667 668 668 668 668 668 667 667 666 667 667
737 737 738 738 738 737 738 737 737 738 738 738 738 739 739 739 739 739 740 740 740 740 741 741 741 741 741 741 829 858 874 892 906 918 928 937 947 954 961 967 971 873 877 881 884 887 890 892 893 894 895 893 894 893 892 891 889 888 885 882 878 874 868 864 858 851 844 835 826 816 805 789 772 755 755 667 667 668 668 668 667 667 667 667 667 668 668 668 667 667 667 666 666 667
736 736 737 737 737 737 737 737 737 737 738 738 738 738 739 739 739 739 740 740 740 740 741 740 740 740 740 741 829 858 872 890 904 916 927 936 841 849 855 861 866 872 876 880 883 886 889 891 892 893 893 892 893 892 891 890 888 886 884 881 876 872 867 862 857 850 842 834 825 813 802 787 770 755 755 667 667 667 667 667 667 667 667 667 667 668 668 667 667 667 667 666 666 666
736 736 737 737 737 736 737 737 737 737 738 738 738 738 739 739 739 739 740 740 739 739 739 740 740 740 740 741 829 828 869 887 798 810 821 829 839 846 853 859 865 869 875 878 882 884 887 890 890 891 891 891 892 891 890 889 887 884 882 878 875 870 866 860 855 848 841 832 822 811 799 785 767 755 755 667 667 666 667 667 667 667 667 667 667 666 667 667 667 667 667 666 666 665
736 736 736 737 736 736 737 737 737 737 738 738 738 738 739 739 738 738 738 739 739 739 739 740 740 740 740 637 725 724 734 780 796 807 818 828 836 845 852 858 863 868 873 877 880 883 885 887 889 890 890 890 890 890 889 887 886 882 879 877 873 869 864 859 853 847 838 830 820 809 796 782 765 755 755 667 666 666 666 667 667 667 667 667 666 666 667 667 667 667 667 666 665 665
736 736 736 736 736 736 736 737 737 737 737 738 737 737 737 738 738 738 738 739 739 635 635 636 636 636 636 636 724 724 730 777 793 806 817 826 835 844 850 857 862 867 872 876 878 881 883 885 888 889 888 889 888 889 888 885 883 881 878 876 872 868 863 858 851 845 837 828 819 808 794 779 762 755 754 666 666 666 666 667 667 667 667 666 666 666 666 667 667 667 666 665 665 665
736 735 735 736 736 736 735 736 736 736 736 737 737 737 737 738 634 634 634 635 635 635 635 635 636 636 636 634 723 723 727 746 790 804 815 825 833 841 849 855 861 865 869 874 877 880 882 884 887 887 887 887 887 886 886 884 882 880 877 875 871 867 862 855 849 842 835 827 817 806 792 777 759 754 754 666 666 666 666 666 667 666 666 666 666 666 666 667 667 667 665 665 665 665
734 734 734 735 735 735 735 736 736 736 632 633 633 633 633 634 634 634 634 635 635 635 635 635 635 635 635 634 635 723 724 743 788 802 813 823 832 840 848 853 858 863 868 872 876 879 881 883 885 885 886 885 885 884 884 883 881 879 876 872 870 865 859 854 848 841 834 825 815 803 790 773 754 754 666 666 666 666 666 666 666 666 666 666 666 666 666 666 667 666 665 665 665 665
734 734 734 734 631 631 631 631 632 632 632 632 633 633 633 633 634 634 634 634 635 634 634 634 635 635 634 634 634 723 723 741 757 800 811 821 830 837 845 851 857 862 866 871 875 877 880 882 882 883 884 884 884 883 883 882 880 877 875 871 867 863 858 852 846 839 831 823 813 801 787 771 753 754 666 666 666 666 666 665 665 666 666 666 666 666 666 665 665 665 665 665 665 665
630 630 630 630 631 631 631 631 632 632 632 632 633 633 633 633 634 633 633 633 634 634 634 634 634 634 634 634 634 723 723 739 755 768 809 819 828 836 843 850 856 861 865 869 873 876 879 879 880 882 883 883 883 882 881 880 879 876 872 869 865 862 857 851 845 838 830 822 811 798 785 769 753 753 666 666 666 665 665 665 665 666 666 666 666 666 665 665 665 665 665 665 665 665
629 630 630 630 631 631 631 631 632 632 632 632 633 632 632 632 633 633 633 633 634 634 634 634 634 634 634 634 634 723 723 735 751 765 807 817 826 834 841 849 854 859 864 868 872 874 876 877 879 880 881 882 881 881 880 879 877 874 871 868 864 860 855 850 843 836 828 818 808 796 782 766 753 753 666 666 665 665 665 665 665 665 666 666 666 665 665 665 665 664 665 665 665 664
629 630 630 630 630 631 631 631 631 631 631 631 632 632 632 632 632 633 633 633 633 634 634 634 633 634 634 634 634 721 722 732 749 763 775 815 824 832 840 847 853 858 862 865 869 873 875 876 877 879 880 880 880 880 878 876 875 873 870 866 862 858 854 848 842 833 825 816 806 794 780 763 753 753 665 665 665 665 665 665 665 665 666 665 665 665 665 665 664 664 665 665 664 664
