testData/tiles/oneDegree/grid2.0-4.0-3.0-5.0.asc
ncols   200
nrows   200
xllcorner   2.0
yllcorner   4.0
cellsize   0.005
NODATA_value   -9999.0
[rows 0 to 41 of 200, columns 94 to 187 of 200]
471 471 471 471 471 471 471 471 471 471 471 471 471 471 472 472 474 475 476 477 478 479 479 480 480 481 481 482 482 483 483 483 484 484 485 486 486 486 486 487 486 486 486 486 487 487 487 487 487 487 487 488 488 488 488 488 488 488 488 489 489 490 490 490 490 490 490 490 490 490 489 489 489 489 489 489 489 489 489 489 489 489 489 489 488 488 488 488 488 488 488 488 488 297
471 471 471 471 471 471 471 471 471 471 471 472 472 472 472 472 472 475 476 477 478 479 479 480 480 481 481 482 482 483 484 484 485 485 485 486 486 486 486 486 486 486 486 486 487 487 487 487 487 487 487 488 488 488 489 489 489 489 489 489 489 490 490 490 490 490 490 490 490 489 489 489 489 489 489 489 489 489 489 489 489 489 489 489 488 489 489 489 489 489 489 488 297 297
471 471 471 471 471 471 471 472 472 472 472 472 472 472 472 472 472 474 476 477 478 479 479 480 480 481 481 483 483 484 484 484 485 485 485 485 486 486 485 485 486 486 486 486 486 487 487 487 487 487 488 489 489 489 489 489 489 489 489 489 489 489 490 490 490 490 490 490 490 489 489 489 489 489 489 489 489 489 489 490 490 490 490 489 489 489 489 489 489 489 488 488 297 297
471 471 471 471 472 472 472 472 472 472 472 472 472 472 472 472 472 474 476 477 478 478 479 481 481 482 482 483 483 484 484 484 485 485 485 485 486 485 485 485 486 486 486 486 486 487 488 488 488 488 488 489 489 489 489 489 489 489 489 489 489 489 490 490 490 490 490 490 489 489 489 489 489 489 490 490 490 490 490 490 490 490 490 489 489 489 489 489 489 489 488 488 297 297
471 472 472 472 472 472 472 472 472 472 472 472 472 472 472 472 472 474 476 477 479 479 480 481 481 482 482 483 483 483 484 484 484 485 485 485 485 485 485 485 486 486 487 487 487 488 488 488 488 488 488 488 489 489 489 489 489 489 489 489 489 489 489 490 490 490 490 489 489 490 490 490 490 490 490 490 490 490 490 490 490 490 489 489 489 489 489 489 489 488 488 297 297 296
472 472 472 472 472 472 472 472 472 472 472 472 472 472 472 472 472 475 477 478 479 479 480 481 481 482 482 483 483 483 484 484 484 485 484 484 485 485 486 486 487 487 487 487 487 488 488 488 488 488 488 488 489 489 489 489 489 489 489 489 489 489 489 490 491 491 490 490 490 490 490 490 490 490 490 490 490 490 490 490 490 490 489 489 489 489 489 489 488 488 488 297 297 296
472 472 472 472 472 472 472 472 472 472 472 472 472 472 473 473 473 475 476 478 478 479 480 481 481 482 482 483 483 483 484 484 484 484 485 485 486 486 486 486 487 487 487 487 487 488 488 488 488 488 488 488 489 489 489 489 489 489 489 490 490 490 490 490 491 490 490 490 490 490 490 490 490 490 490 490 490 490 490 490 490 489 489 489 489 489 489 489 488 488 297 297 297 297
472 472 472 472 472 472 472 472 472 472 472 473 473 473 473 473 473 475 476 477 478 479 480 480 481 482 482 482 483 483 484 484 484 485 485 485 486 486 486 486 486 487 487 487 487 487 488 488 488 488 488 488 488 489 489 490 490 490 490 490 490 490 490 490 489 490 490 490 490 490 490 490 490 490 490 490 490 490 490 490 489 489 489 489 489 489 489 489 489 489 298 298 297 297
472 472 472 472 472 472 472 472 473 473 473 473 473 473 473 473 473 475 476 477 478 479 480 480 481 481 482 483 484 484 484 484 484 485 485 485 485 486 486 486 486 487 487 487 487 487 488 488 488 488 488 489 489 490 490 490 490 490 490 490 490 490 490 489 489 489 490 490 490 490 490 490 490 490 490 490 490 490 490 489 489 490 490 490 490 490 489 489 489 298 298 298 297 297
472 472 472 472 472 473 473 473 473 473 473 473 473 473 473 473 473 475 476 477 478 479 480 480 482 482 483 483 483 483 484 484 484 485 485 485 485 486 486 486 486 487 487 487 487 487 488 489 489 489 489 489 489 490 490 490 490 490 490 490 490 490 489 489 489 489 489 490 490 490 490 490 490 490 490 490 491 491 490 490 490 490 490 490 490 489 489 489 489 298 298 298 297 297
472 472 473 473 473 473 473 473 473 473 473 473 473 473 473 473 473 473 476 477 478 480 481 481 482 482 482 482 483 483 483 484 484 485 485 485 485 486 486 486 486 487 487 488 488 488 489 489 489 489 489 489 489 489 490 490 490 490 490 490 490 489 489 489 489 489 489 489 490 490 490 491 491 491 491 491 491 490 490 490 490 490 490 490 489 489 489 489 489 298 298 297 297 298
473 473 473 473 473 473 473 473 473 473 473 473 473 473 473 473 473 473 476 478 479 480 480 480 481 481 482 482 483 483 483 484 484 484 485 485 485 486 486 486 487 488 488 488 488 488 488 489 489 489 489 489 489 489 490 490 490 490 490 490 489 489 489 489 489 489 489 490 490 490 490 491 491 491 490 490 490 490 490 490 490 490 490 489 489 489 489 489 298 298 298 297 298 298
473 473 473 473 473 473 473 473 473 473 473 473 473 473 473 474 474 474 476 478 479 479 479 480 481 481 482 482 483 483 483 484 484 484 485 485 486 487 487 487 487 487 488 488 488 488 488 489 489 489 489 489 489 489 490 490 490 490 489 489 489 489 490 490 490 490 490 490 490 490 490 490 490 490 490 490 490 490 490 490 490 490 489 489 489 489 489 489 298 298 298 297 298 298
473 473 473 473 473 473 473 473 473 473 473 473 474 474 474 474 474 474 475 477 478 479 479 480 481 481 482 482 483 483 483 484 484 485 486 486 486 486 487 487 487 487 488 488 488 488 488 489 489 489 489 489 489 489 489 490 490 489 490 490 490 490 490 490 490 490 490 490 490 490 490 490 490 490 490 490 490 490 490 490 490 489 489 489 489 489 489 298 298 298 297 298 299 299
473 473 473 473 473 473 473 473 473 474 474 474 474 474 474 473 473 473 475 476 477 478 479 480 480 481 482 482 482 484 484 485 485 485 486 486 486 486 487 487 487 487 488 488 488 488 488 489 489 489 489 489 489 489 490 491 490 490 490 490 490 490 490 490 490 490 490 490 490 490 490 490 490 490 490 490 490 490 490 490 489 489 489 489 489 489 490 299 299 299 298 299 299 299
338 473 473 473 473 473 474 474 474 474 474 474 473 473 473 473 473 473 475 476 477 478 479 480 480 481 482 483 483 484 484 485 485 485 486 486 486 486 487 487 487 487 488 488 488 488 488 488 489 489 490 490 490 490 489 489 490 490 490 490 490 490 490 490 490 490 490 490 490 490 490 490 490 490 490 490 490 490 490 489 489 490 490 490 490 490 490 299 299 298 299 299 299 299
338 338 473 473 474 474 474 474 473 473 473 473 473 473 473 473 473 473 475 476 477 478 479 481 481 482 482 483 483 484 484 484 485 485 485 486 486 486 487 487 487 487 487 488 488 488 489 489 490 490 490 490 490 489 489 489 490 490 490 490 490 490 490 490 490 490 490 490 490 490 490 490 490 490 490 490 491 491 490 490 490 490 490 490 490 490 299 299 299 299 299 299 299 299
338 339 339 339 473 473 473 473 473 473 473 473 473 473 473 473 473 473 475 476 478 479 480 481 481 482 482 483 483 484 484 484 485 485 485 486 486 486 487 487 487 487 487 489 489 489 489 489 490 490 490 489 489 489 489 489 490 490 490 490 490 490 490 490 490 490 490 490 490 490 490 491 491 491 491 491 491 490 490 490 490 490 490 490 490 490 299 299 299 299 299 299 299 299
338 338 338 338 338 338 473 473 473 473 473 473 473 473 473 473 473 474 474 476 478 479 480 480 481 482 482 483 483 484 484 484 485 485 485 486 486 486 486 488 488 488 488 489 489 489 489 489 489 489 489 489 489 489 489 489 489 490 490 490 490 490 490 490 490 490 490 491 491 491 491 491 491 491 491 491 490 490 490 490 490 490 490 490 490 299 299 299 299 299 299 299 299 299
338 338 338 338 338 338 338 338 473 473 473 473 473 473 473 474 474 474 474 476 478 479 480 480 481 482 482 483 483 483 484 484 485 485 485 486 487 487 487 488 488 488 488 489 489 489 489 488 488 489 489 489 489 489 489 489 489 490 490 490 490 490 490 491 491 491 491 491 491 491 491 491 491 491 490 490 490 490 490 490 490 490 490 490 490 299 299 299 299 299 299 299 299 299
338 338 338 338 338 338 338 338 338 338 473 473 474 474 474 474 474 474 474 476 477 479 479 480 481 481 482 483 483 483 484 484 485 486 486 487 487 487 487 488 488 488 488 488 489 488 488 488 488 489 489 489 489 489 489 489 489 489 490 491 491 491 491 491 491 491 491 491 491 491 491 491 491 490 490 490 490 490 490 490 490 490 490 490 299 299 299 299 299 299 299 299 299 299
338 338 338 338 338 338 338 338 338 339 339 339 474 474 474 474 474 474 474 476 477 478 479 480 481 481 482 482 483 483 485 485 485 486 486 486 487 487 487 488 488 488 488 487 488 488 488 488 488 488 489 489 489 489 489 490 490 490 490 491 491 491 491 491 491 491 491 491 491 491 491 490 490 490 490 490 490 490 490 490 490 490 490 490 299 299 298 299 300 300 300 300 299 299
338 338 338 338 338 338 338 339 339 339 339 339 339 339 474 474 474 474 474 476 477 478 479 480 481 481 482 483 484 484 485 485 485 486 486 486 487 487 487 487 488 487 487 487 488 488 488 488 488 488 489 490 490 490 490 490 490 490 490 491 491 491 491 491 491 491 491 491 491 491 490 490 490 490 490 490 490 490 490 490 490 490 490 300 300 300 300 300 300 300 300 299 299 299
338 338 338 338 339 339 339 339 339 339 339 339 339 339 339 339 474 474 474 476 477 478 479 480 482 482 483 483 484 484 485 485 485 486 486 486 487 487 487 486 487 487 487 487 487 488 488 488 489 489 489 490 490 490 490 490 490 490 490 490 491 491 491 491 491 491 491 491 490 490 490 490 490 490 490 490 490 490 491 491 491 491 491 300 300 300 300 300 300 300 299 299 299 299
355 355 355 355 354 354 353 352 352 351 350 349 348 347 346 345 344 339 339 474 477 479 480 481 481 482 483 483 484 484 484 485 485 486 486 486 486 486 486 486 487 487 487 487 488 489 489 489 489 489 489 490 490 490 490 490 490 490 490 490 490 491 491 491 491 491 491 490 490 490 490 490 490 490 491 491 491 491 491 491 491 491 300 300 299 300 300 300 299 299 299 299 299 299
364 364 363 363 363 362 362 362 361 361 360 360 359 359 358 358 357 357 356 357 358 494 495 495 494 495 495 494 494 493 492 491 490 490 485 485 485 486 486 486 487 488 488 488 488 489 489 489 489 489 489 490 490 490 490 490 490 490 490 490 490 491 491 491 491 490 490 490 490 490 491 491 491 491 491 491 491 491 491 491 491 491 300 300 300 300 300 299 299 299 299 299 299 299
370 370 369 369 369 368 368 368 368 367 367 367 366 366 365 365 366 365 365 365 366 367 368 368 503 504 503 504 503 504 502 503 502 502 502 501 501 501 501 501 500 500 499 498 497 496 495 494 489 489 489 489 490 490 490 490 490 490 490 490 490 490 491 490 490 490 491 491 491 491 491 491 491 491 491 491 491 491 491 491 491 491 300 299 300 300 299 299 299 299 299 299 299 298
375 375 374 374 374 373 373 373 373 372 372 372 372 372 372 372 371 371 371 370 372 373 373 374 375 375 510 510 509 510 509 510 510 509 510 510 510 510 510 509 509 509 509 508 508 507 508 507 506 506 505 504 504 504 503 502 501 499 498 497 495 489 490 491 491 491 491 491 491 491 491 491 491 491 491 491 491 491 491 491 491 300 299 300 299 299 299 299 299 299 299 299 299 298
379 379 378 378 378 378 378 377 377 377 377 377 377 377 377 376 376 376 375 375 377 378 378 379 379 379 379 380 379 515 515 515 516 516 516 516 516 516 516 516 515 516 515 515 514 514 515 514 514 513 513 512 512 512 512 511 511 510 510 509 508 507 507 506 506 505 504 503 502 501 500 498 496 496 491 491 491 491 491 491 491 299 299 299 299 299 299 299 299 299 299 299 298 298
383 382 382 382 382 382 381 381 382 382 381 381 381 381 381 380 380 380 380 379 380 381 381 382 383 383 383 384 384 386 385 385 521 520 521 521 520 520 521 520 520 520 520 520 520 519 520 520 519 519 518 518 518 518 518 518 518 516 516 516 515 515 514 514 513 513 513 512 512 511 510 510 509 508 508 507 506 505 504 503 310 308 307 306 304 299 299 299 300 300 300 300 299 299
386 386 386 385 385 385 386 386 385 385 385 385 385 384 384 383 383 382 382 382 382 383 385 386 387 386 387 389 389 389 389 389 390 389 389 525 525 524 525 525 524 524 525 524 524 524 524 524 524 524 523 524 523 523 524 522 522 522 521 521 520 520 520 519 519 518 518 518 518 518 517 517 516 516 515 514 514 513 512 510 318 318 318 317 318 317 316 315 314 313 312 310 309 307
389 389 389 388 389 389 389 389 389 388 387 387 387 387 386 386 386 386 385 385 385 387 389 389 390 391 392 391 392 392 393 392 393 393 393 393 393 393 529 528 528 528 529 528 528 528 527 528 529 529 528 528 528 526 527 527 526 526 526 525 525 525 524 524 524 523 523 522 523 523 522 522 521 521 520 520 520 518 517 326 326 326 326 325 325 324 323 323 322 322 321 319 319 318
392 392 392 391 391 391 391 391 390 390 390 390 390 389 389 389 389 389 388 388 388 391 392 392 393 394 395 395 395 395 396 396 396 396 396 397 397 396 397 397 397 396 532 532 531 532 532 532 532 532 531 531 530 530 530 530 530 530 530 529 529 529 528 528 528 527 527 527 526 526 526 525 525 524 524 525 523 523 522 331 331 331 331 330 330 329 329 328 328 327 326 325 325 324
394 394 394 394 394 394 393 393 393 393 393 393 392 392 392 392 392 391 391 392 392 394 394 395 396 397 398 397 398 398 399 399 398 399 399 400 400 399 399 400 400 399 400 401 401 400 535 535 535 534 534 534 534 533 533 534 534 533 533 533 532 532 532 531 531 531 531 530 530 530 529 530 530 529 528 528 527 527 336 335 336 335 335 335 334 334 333 333 333 332 331 330 330 329
397 397 397 396 396 396 396 396 396 395 395 395 395 395 395 394 394 395 395 395 394 396 397 398 399 400 399 400 401 401 402 401 401 402 402 402 402 402 402 404 403 403 403 404 404 402 402 402 403 402 537 537 537 536 536 536 537 536 536 536 536 535 535 535 534 534 534 534 534 534 534 533 532 532 531 531 531 530 339 339 339 339 339 338 338 338 337 337 337 335 335 334 333 333
399 399 399 399 399 398 398 398 398 398 398 397 397 397 398 398 398 397 397 397 397 397 400 400 401 402 402 403 402 403 403 404 404 404 404 404 405 406 405 406 406 406 405 404 405 405 405 405 404 405 405 405 404 404 404 539 539 539 539 539 538 538 538 538 538 538 538 538 537 537 536 535 535 535 535 534 534 343 342 343 343 342 342 342 341 341 341 340 340 339 338 337 337 336
401 401 401 401 401 401 400 400 400 400 400 400 401 400 400 400 400 400 400 399 399 399 401 403 404 403 404 405 405 406 405 406 406 407 408 407 408 408 408 407 407 407 407 407 408 407 407 407 407 408 407 407 407 407 406 406 406 407 407 406 406 542 542 541 541 541 541 540 539 539 539 538 538 538 537 537 537 346 346 346 346 345 345 345 345 344 344 344 342 341 341 340 340 340
403 403 403 403 403 403 403 402 402 402 403 403 403 402 402 402 402 402 402 402 401 401 403 404 405 406 406 407 407 408 408 409 409 409 410 409 410 409 409 409 410 410 409 409 410 410 410 409 409 409 410 410 409 409 409 409 408 409 410 410 410 409 409 409 409 408 407 407 407 541 541 541 541 540 540 540 349 348 349 349 348 348 348 348 347 347 347 344 344 344 344 343 343 344
405 405 405 405 405 405 404 404 405 405 405 405 405 404 404 404 404 404 404 404 403 403 405 406 407 408 408 408 409 411 411 412 410 410 411 411 411 411 411 411 412 412 412 411 411 412 412 412 411 411 412 412 412 411 412 412 412 411 412 412 412 412 411 410 410 410 409 409 409 409 409 408 408 408 408 407 216 217 217 216 216 216 215 215 215 214 213 212 212 213 212 212 212 211
407 407 407 407 407 407 407 407 407 407 407 407 406 406 406 406 406 406 406 405 405 405 407 408 409 409 411 411 411 411 412 411 412 412 413 413 413 413 413 413 413 414 414 413 413 414 414 414 413 413 413 415 415 414 414 414 414 414 413 414 414 413 413 412 412 412 412 411 411 411 411 411 410 410 410 219 218 219 219 219 218 218 218 218 217 217 216 216 215 215 215 214 214 214
409 409 409 409 409 409 409 409 409 409 409 408 408 408 408 408 408 408 407 407 407 407 407 408 410 411 412 412 413 413 414 413 414 414 415 415 415 415 415 415 415 416 415 415 415 416 416 416 416 416 416 417 417 416 416 416 416 416 414 414 415 415 415 414 414 414 414 414 413 413 413 413 412 412 412 221 221 221 221 221 222 221 220 220 220 218 218 218 218 217 217 217 216 216
411 411 411 411 411 411 411 411 410 410 410 410 410 410 410 410 409 409 408 408 408 408 408 410 411 413 413 414 415 414 415 415 416 416 416 416 416 416 417 417 417 417 417 417 417 417 419 418 418 418 418 418 418 418 418 418 417 417 416 416 416 417 417 416 416 416 416 415 415 415 415 415 414 414 223 223 224 224 224 223 223 222 222 222 221 220 220 220 220 219 219 219 219 217
