testData/tiles/oneDegree/grid31.0-49.0-32.0-50.0.asc
ncols   200
nrows   200
xllcorner   31.0
yllcorner   49.0
cellsize   0.005
NODATA_value   -9999.0
[rows 55 to 109 of 200, columns 96 to 191 of 200]
56 56 57 58 59 60 61 61 62 63 64 64 65 66 66 67 68 69 70 71 71 72 73 73 74 74 75 76 76 77 77 78 78 79 79 80 80 81 81 82 81 82 82 83 83 84 84 85 85 86 86 87 87 88 88 88 89 89 90 90 90 91 91 92 92 93 93 93 94 94 94 95 95 96 96 96 97 97 97 98 98 98 99 99 100 100 100 101 101 101 102 102 102 103 103 103
54 55 56 57 58 58 59 60 61 62 62 63 64 65 65 66 68 68 69 70 70 71 71 72 73 73 74 74 75 76 76 77 77 78 78 79 79 80 80 81 81 81 81 82 82 83 83 84 84 85 85 86 86 87 87 87 88 88 89 89 90 90 90 91 91 92 92 92 93 93 94 94 94 95 95 96 96 96 97 97 97 98 98 98 99 99 99 100 100 100 101 101 101 102 102 102
52 53 54 55 56 57 58 58 59 60 61 62 62 63 65 66 66 67 68 68 69 70 70 71 71 72 73 73 74 74 75 76 76 77 77 78 78 79 79 80 80 81 81 81 81 82 82 83 83 84 84 85 85 86 86 87 87 87 88 88 89 89 90 90 90 91 91 92 92 92 93 93 94 94 94 95 95 95 96 96 96 97 97 98 98 98 99 99 99 100 100 100 101 101 101 102
50 51 52 53 54 55 56 57 58 58 59 60 61 63 63 64 65 65 66 67 68 68 69 69 70 71 71 72 73 73 74 74 75 75 76 77 77 78 78 79 79 80 80 81 80 81 81 82 82 83 83 84 84 85 85 85 86 86 87 87 88 88 89 89 89 90 90 91 91 91 92 92 93 93 93 94 94 94 95 95 96 96 96 97 97 97 98 98 98 99 99 99 100 100 100 101
48 49 50 51 52 53 54 55 56 56 57 58 60 61 62 62 63 64 65 65 66 67 67 68 69 69 70 71 71 72 72 73 74 74 75 75 76 76 77 77 78 79 79 80 80 80 80 81 81 82 82 83 83 83 84 84 85 85 86 86 87 87 87 88 88 89 89 90 90 90 91 91 92 92 92 93 93 93 94 94 95 95 95 96 96 96 97 97 97 98 98 98 99 99 100 100
45 46 47 49 50 51 52 53 54 54 55 57 58 59 60 61 61 62 63 64 64 65 66 66 67 68 68 69 70 70 71 72 72 73 73 74 74 75 76 76 77 77 78 78 79 79 79 79 80 80 81 81 82 82 83 83 84 84 85 85 85 86 86 87 87 88 88 88 89 89 90 90 90 91 91 92 92 92 93 93 94 94 94 95 95 95 96 96 96 97 97 98 98 98 99 99
42 43 45 46 47 48 49 50 51 53 54 55 56 57 58 59 59 60 61 62 62 63 64 65 65 66 67 67 68 69 69 70 71 71 72 72 73 74 74 75 75 76 76 77 77 78 78 79 78 79 79 80 80 81 81 82 82 83 83 84 84 85 85 86 86 86 87 87 88 88 89 89 89 90 90 91 91 91 92 92 92 93 93 94 94 94 95 95 95 96 96 96 97 97 97 98
38 40 41 43 44 45 46 48 50 51 52 53 54 55 55 56 57 58 59 60 60 61 62 63 63 64 65 66 66 67 68 68 69 70 70 71 71 72 73 73 74 74 75 75 76 76 77 78 78 78 78 79 79 80 80 81 81 81 82 82 83 83 84 84 85 85 86 86 86 87 87 88 88 89 89 89 90 90 90 91 91 92 92 92 93 93 94 94 94 95 95 95 96 96 96 97
34 36 37 39 40 42 43 44 47 48 49 50 51 52 53 54 55 56 57 57 58 59 60 61 61 62 63 64 64 65 66 66 67 68 68 69 70 70 71 71 72 73 73 74 74 75 75 76 76 76 77 77 78 78 79 79 80 80 81 81 81 82 82 83 83 84 84 85 85 86 86 86 87 87 88 88 88 89 89 90 90 90 91 91 92 92 92 93 93 93 94 94 95 95 95 96
27 30 32 34 36 38 39 42 43 44 46 47 48 49 50 51 52 53 54 55 56 57 58 58 59 60 61 61 62 63 64 64 65 66 66 67 68 68 69 70 70 71 71 72 73 73 74 74 75 75 75 75 76 76 77 77 78 78 79 79 80 80 81 81 82 82 83 83 84 84 85 85 85 86 86 87 87 87 88 88 89 89 89 90 90 91 91 91 92 92 93 93 93 94 94 94
16 23 24 28 30 33 36 37 39 40 42 43 45 46 47 48 49 50 51 52 53 54 55 56 57 58 58 59 60 61 61 62 63 64 64 65 66 66 67 68 68 69 70 70 71 71 72 72 73 74 74 74 74 75 75 76 76 77 77 78 78 79 79 80 80 81 81 82 82 83 83 83 84 84 85 85 86 86 86 87 87 88 88 88 89 89 90 90 90 91 91 92 92 92 93 93
16 16 16 16 23 25 29 31 34 36 37 39 40 42 43 44 46 47 48 49 50 51 52 53 54 55 56 57 57 58 59 60 61 61 62 63 63 64 65 65 66 67 67 68 69 69 70 71 71 72 72 73 72 73 73 74 75 75 76 76 77 77 78 78 79 79 80 80 81 81 81 82 82 83 83 84 84 85 85 85 86 86 87 87 87 88 88 89 89 89 90 90 91 91 91 92
16 16 16 16 17 17 17 17 25 28 31 33 35 37 39 40 42 43 44 45 47 48 49 50 51 52 53 54 55 55 56 57 58 59 60 60 61 62 62 63 64 65 65 66 67 67 68 68 69 70 70 71 71 71 72 72 73 73 74 74 75 75 76 76 77 77 78 78 79 79 80 80 81 81 82 82 82 83 83 84 84 85 85 85 86 86 87 87 87 88 88 89 89 89 90 90
16 16 16 17 17 17 17 17 17 17 17 24 27 30 33 35 36 38 40 41 42 44 45 46 47 48 49 50 51 52 53 54 55 56 57 58 58 59 60 61 61 62 63 63 64 65 66 66 67 67 68 69 69 70 69 70 71 71 72 72 73 73 74 74 75 75 76 76 77 77 78 78 79 79 80 80 81 81 82 82 82 83 83 84 84 85 85 85 86 86 87 87 87 88 88 89
16 16 16 17 17 17 17 17 17 17 17 17 17 17 24 26 29 32 34 36 37 39 40 42 43 44 46 47 48 49 50 51 52 53 54 55 55 56 57 58 59 59 60 61 62 62 63 64 64 65 66 66 67 68 67 68 68 69 70 70 71 71 72 72 73 73 74 74 75 75 76 76 77 77 78 78 79 79 80 80 81 81 82 82 82 83 83 84 84 85 85 85 86 86 87 87
16 16 17 17 17 17 17 17 17 17 17 17 17 17 17 17 17 17 24 27 30 33 35 36 38 40 41 42 44 45 46 47 48 49 50 51 52 53 54 55 56 56 57 58 59 60 60 61 62 62 63 64 64 65 66 65 66 67 67 68 68 69 70 70 71 71 72 72 73 73 74 74 75 75 76 76 77 77 78 78 79 79 80 80 81 81 81 82 82 83 83 84 84 84 85 85
16 17 17 17 17 17 17 17 17 17 17 17 17 17 17 17 17 17 17 17 17 24 25 28 31 33 35 37 38 40 41 43 44 45 46 47 48 49 50 51 52 53 54 55 56 56 57 58 59 60 60 61 62 62 63 64 63 64 65 65 66 67 67 68 68 69 69 70 71 71 72 72 73 73 74 74 75 75 76 76 77 77 78 78 79 79 79 80 80 81 81 82 82 82 83 83
17 17 17 17 17 17 17 17 17 17 17 17 17 17 17 17 17 17 17 17 17 17 17 17 17 24 25 29 31 33 35 37 38 40 41 43 44 45 46 47 48 49 50 51 52 53 54 55 56 56 57 58 59 59 60 61 62 61 62 63 63 64 65 65 66 66 67 68 68 69 69 70 70 71 71 72 72 73 73 74 74 75 75 76 76 77 77 78 78 79 79 80 80 81 81 81
17 17 17 17 17 17 17 17 17 17 17 17 17 17 17 17 17 17 17 17 17 17 17 17 17 17 17 17 17 24 25 28 31 33 35 37 38 40 41 42 44 45 46 47 48 49 50 51 52 53 54 55 55 56 57 58 58 58 59 60 60 61 62 62 63 64 64 65 65 66 67 67 68 68 69 69 70 71 71 72 72 73 73 74 74 75 75 76 76 77 77 77 78 78 79 79
17 17 17 17 17 17 17 17 17 17 17 17 17 17 17 17 17 17 17 17 17 17 17 17 17 17 17 17 17 17 17 17 17 17 24 28 30 33 35 36 38 39 41 42 43 44 46 47 48 49 50 51 52 52 53 54 55 56 56 56 57 58 59 59 60 61 61 62 63 63 64 64 65 66 66 67 67 68 69 69 70 70 71 71 72 72 73 73 74 74 75 75 76 76 77 77
17 17 17 17 17 17 17 17 17 17 17 17 17 17 17 17 17 17 17 17 17 17 17 17 17 17 17 17 17 17 17 17 17 17 17 17 17 17 24 27 29 32 34 36 37 39 40 41 43 44 45 46 47 48 49 50 51 52 53 53 53 54 55 56 57 57 58 59 59 60 61 61 62 63 63 64 65 65 66 66 67 67 68 69 69 70 70 71 71 72 72 73 73 74 74 75
17 17 17 17 17 17 17 17 17 17 17 17 17 17 17 17 17 17 17 17 17 17 17 17 17 17 17 17 17 17 17 17 17 17 17 17 17 17 17 17 17 17 24 25 28 30 33 34 36 38 39 41 42 43 44 45 46 47 48 48 49 50 51 52 53 54 54 55 56 57 57 58 59 59 60 61 61 62 63 63 64 64 65 66 66 67 67 68 68 69 70 70 71 71 72 72
17 17 17 17 17 17 17 17 17 17 17 17 17 17 17 17 17 17 17 17 17 17 17 17 17 17 17 17 17 17 17 17 17 17 17 17 17 17 17 17 17 17 17 17 17 17 17 24 26 29 31 33 35 36 38 39 41 42 43 44 44 45 46 47 48 49 50 51 52 53 54 54 55 56 57 57 58 59 59 60 61 61 62 63 63 64 64 65 65 66 67 67 68 68 69 69
17 17 17 17 17 17 17 17 17 17 17 17 17 17 17 17 17 17 17 17 17 17 17 17 17 17 17 17 17 17 17 17 17 17 17 17 17 17 17 17 17 17 17 17 17 17 17 17 17 17 17 17 24 26 29 31 33 35 36 38 38 40 41 42 43 44 45 46 47 48 49 50 51 52 53 53 54 55 56 56 57 58 58 59 60 60 61 62 62 63 63 64 65 65 66 66
17 17 17 17 17 17 17 17 17 17 17 17 17 17 17 17 17 17 17 17 17 17 17 17 17 17 17 17 17 17 17 17 17 17 17 17 17 17 17 17 17 17 17 17 17 17 17 17 17 17 17 17 17 17 17 17 17 24 25 28 31 32 33 35 37 38 39 41 42 43 44 45 46 47 48 49 50 50 51 52 53 54 54 55 56 57 57 58 59 59 60 61 61 62 62 63
17 17 17 17 17 17 17 17 17 17 17 17 17 17 17 17 17 17 17 17 17 17 17 17 17 17 17 17 17 17 17 17 17 17 17 17 17 17 17 17 17 17 17 17 17 17 17 17 17 17 17 17 17 17 17 17 17 17 17 17 17 17 16 23 26 29 31 33 34 36 37 39 40 41 42 43 44 45 46 47 48 49 50 51 52 52 53 54 55 55 56 57 57 58 59 59
17 17 17 17 17 17 17 17 17 17 17 17 17 17 17 17 17 17 17 17 17 17 17 17 17 17 17 17 17 17 17 17 17 17 17 17 17 17 17 17 17 17 17 17 17 17 17 17 17 17 17 17 17 17 17 17 17 17 17 17 17 17 16 16 16 16 16 16 23 24 27 30 32 33 35 36 38 39 40 41 43 44 45 46 47 47 48 49 50 51 52 52 53 54 55 55
17 17 17 17 17 17 17 17 17 17 17 17 17 17 17 17 17 17 17 17 17 17 17 17 17 17 17 17 17 17 17 17 17 17 17 17 17 17 17 17 17 17 17 17 17 17 17 17 17 17 17 17 17 17 17 17 17 17 17 17 17 17 17 16 16 16 16 16 16 16 16 16 16 16 23 25 28 30 32 34 35 36 38 39 40 41 43 44 45 46 46 47 48 49 50 51
17 17 17 17 17 17 17 17 17 17 17 17 17 17 17 17 17 17 17 17 17 17 17 17 17 17 17 17 17 17 17 17 17 17 17 17 17 17 17 17 17 17 17 17 17 17 17 17 17 17 17 17 17 17 17 17 17 17 17 17 17 17 17 16 16 16 16 16 16 16 16 16 16 16 16 16 16 16 16 16 23 25 27 30 32 33 35 36 38 39 40 41 42 43 44 45
17 17 17 17 17 17 17 17 17 17 17 17 17 17 17 17 17 17 17 17 17 17 17 17 17 17 17 17 17 17 17 17 17 17 17 17 17 17 17 17 17 17 17 17 17 17 17 17 17 17 17 17 17 17 17 17 17 17 17 17 17 17 17 17 16 16 16 16 16 16 16 16 16 16 16 16 16 16 16 16 16 16 16 16 16 16 23 24 27 29 31 33 34 36 37 38
17 17 17 17 17 17 17 17 17 17 17 17 17 17 17 17 17 17 17 17 17 17 17 17 17 17 17 17 17 17 17 17 17 17 17 17 17 17 17 17 17 17 17 17 17 17 17 17 17 17 17 17 17 17 17 17 17 17 17 17 17 17 17 17 16 16 16 16 16 16 16 16 16 16 16 16 16 16 16 16 16 16 16 16 16 16 16 16 16 16 16 16 16 23 25 28
17 17 17 17 17 17 17 17 17 17 17 17 17 17 17 17 17 17 17 17 17 17 17 17 17 17 17 17 17 17 17 17 17 17 17 17 17 17 17 17 17 17 17 17 17 17 17 17 17 17 17 17 17 17 17 17 17 17 17 17 17 17 17 17 17 16 16 16 16 16 16 16 16 16 16 16 16 16 16 16 16 16 16 16 16 16 16 16 16 16 16 16 16 16 16 16
17 17 17 17 17 17 17 17 17 17 17 17 17 17 17 17 17 17 17 17 17 17 17 17 17 17 17 17 17 17 17 17 17 17 17 17 17 17 17 17 17 17 17 17 17 17 17 17 17 17 17 17 17 17 17 17 17 17 17 17 17 17 17 17 17 16 16 16 16 16 16 16 16 16 16 16 16 16 16 16 16 16 16 16 16 16 16 16 16 16 16 16 16 16 16 16
17 17 17 17 17 17 17 17 17 17 17 17 17 17 17 17 17 17 17 17 17 17 17 17 17 17 17 17 17 17 17 17 17 17 17 17 17 17 17 17 17 17 17 17 17 17 17 17 17 17 17 17 17 17 17 17 17 17 17 17 17 17 17 17 17 17 16 16 16 16 16 16 16 16 16 16 16 16 16 16 16 16 16 16 16 16 16 16 16 16 16 16 16 16 16 16
17 17 17 17 17 17 17 17 17 17 17 17 17 17 17 17 17 17 17 17 17 17 17 17 17 17 17 17 17 17 17 17 17 17 17 17 17 17 17 17 17 17 17 17 17 17 17 17 17 17 17 17 17 17 17 17 17 17 17 17 17 17 17 17 17 17 16 16 16 16 16 16 16 16 16 16 16 16 16 16 16 16 16 16 16 16 16 16 16 16 16 16 16 16 16 16
17 17 17 17 17 17 17 17 17 17 17 17 17 17 17 17 17 17 17 17 17 17 17 17 17 17 17 17 17 17 17 17 17 17 17 17 17 17 17 17 17 17 17 17 17 17 17 17 17 17 17 17 17 17 17 17 17 17 17 17 17 17 17 17 17 17 17 16 16 16 16 16 16 16 16 16 16 16 16 16 16 16 16 16 16 16 16 16 16 16 16 16 16 16 16 16
17 17 17 17 17 17 17 17 17 17 17 17 17 17 17 17 17 17 17 17 17 17 17 17 17 17 17 17 17 17 17 17 17 17 17 17 17 17 17 17 17 17 17 17 17 17 17 17 17 17 17 17 17 17 17 17 17 17 17 17 17 17 17 17 17 17 17 16 16 16 16 16 16 16 16 16 16 16 16 16 16 16 16 16 16 16 16 16 16 16 16 16 16 16 16 16
17 17 17 17 17 17 17 17 17 17 17 17 17 17 17 17 17 17 17 17 17 17 17 17 17 17 17 17 17 17 17 17 17 17 17 17 17 17 17 17 17 17 17 17 17 17 17 17 17 17 17 17 17 17 17 17 17 17 17 17 17 17 17 17 17 17 17 17 16 16 16 16 16 16 16 16 16 16 16 16 16 16 16 16 16 16 16 16 16 16 16 16 16 16 16 16
17 17 17 17 17 17 17 17 17 17 17 17 17 17 17 17 17 17 17 17 17 17 17 17 17 17 17 17 17 17 17 17 17 17 17 17 17 17 17 17 17 17 17 17 17 17 17 17 17 17 17 17 17 17 17 17 17 17 17 17 17 17 17 17 17 17 17 17 16 16 16 16 16 16 16 16 16 16 16 16 16 16 16 16 16 16 16 16 16 16 16 16 16 16 16 16
17 17 17 17 17 17 17 17 17 17 17 17 17 17 17 17 17 17 17 17 17 17 17 17 17 17 17 17 17 17 17 17 17 17 17 17 17 17 17 17 17 17 17 17 17 17 17 17 17 17 17 17 17 17 17 17 17 17 17 17 17 17 17 17 17 17 17 17 16 16 16 16 16 16 16 16 16 16 16 16 16 16 16 16 16 16 16 16 16 16 16 16 16 16 16 16
17 17 17 17 17 17 17 17 17 17 17 17 17 17 17 17 17 17 17 17 17 17 17 17 17 17 17 17 17 17 17 17 17 17 17 17 17 17 17 17 17 17 17 17 17 17 17 17 17 17 17 17 17 17 17 17 17 17 17 17 17 17 17 17 17 17 17 17 17 16 16 16 16 16 16 16 16 16 16 16 16 16 16 16 16 16 16 16 16 16 16 16 16 16 16 16
17 17 17 17 17 17 17 17 17 17 17 17 17 17 17 17 17 17 17 17 17 17 17 17 17 17 17 17 17 17 17 17 17 17 17 17 17 17 17 17 17 17 17 17 17 17 17 17 17 17 17 17 17 17 17 17 17 17 17 17 17 17 17 17 17 17 17 17 17 16 16 16 16 16 16 16 16 16 16 16 16 16 16 16 16 16 16 16 16 16 16 16 16 16 16 16
17 17 17 17 17 17 17 17 17 17 17 17 17 17 17 17 17 17 17 17 17 17 17 17 17 17 17 17 17 17 17 17 17 17 17 17 17 17 17 17 17 17 17 17 17 17 17 17 17 17 17 17 17 17 17 17 17 17 17 17 17 17 17 17 17 17 17 17 17 17 16 16 16 16 16 16 16 16 16 16 16 16 16 16 16 16 16 16 16 16 16 16 16 16 16 16
17 17 17 17 17 17 17 17 17 17 17 17 17 17 17 17 17 17 17 17 17 17 17 17 17 17 17 17 17 17 17 17 17 17 17 17 17 17 17 17 17 17 17 17 17 17 17 17 17 17 17 17 17 17 17 17 17 17 17 17 17 17 17 17 17 17 17 17 17 17 16 16 16 16 16 16 16 16 16 16 16 16 16 16 16 16 16 16 16 16 16 16 16 16 16 16
17 17 17 17 17 17 17 17 17 17 17 17 17 17 17 17 17 17 17 17 17 17 17 17 17 17 17 17 17 17 17 17 17 17 17 17 17 17 17 17 17 17 17 17 17 17 17 17 17 17 17 17 17 17 17 17 17 17 17 17 17 17 17 17 17 17 17 17 17 17 17 16 16 16 16 16 16 16 16 16 16 16 16 16 16 16 16 16 16 16 16 16 16 16 16 16
17 17 17 17 17 17 17 17 17 17 17 17 17 17 17 17 17 17 17 17 17 17 17 17 17 17 17 17 17 17 17 17 17 17 17 17 17 17 17 17 17 17 17 17 17 17 17 17 17 17 17 17 17 17 17 17 17 17 17 17 17 17 17 17 17 17 17 17 17 17 17 16 16 16 16 16 16 16 16 16 16 16 16 16 16 16 16 16 16 16 16 16 16 16 16 16
17 17 17 17 17 17 17 17 17 17 17 17 17 17 17 17 17 17 17 17 17 17 17 17 17 17 17 17 17 17 17 17 17 17 17 17 17 17 17 17 17 17 17 17 17 17 17 17 17 17 17 17 17 17 17 17 17 17 17 17 17 17 17 17 17 17 17 17 17 17 17 16 16 16 16 16 16 16 16 16 16 16 16 16 16 16 16 16 16 16 16 16 16 16 16 16
17 17 17 17 17 17 17 17 17 17 17 17 17 17 17 17 17 17 17 17 17 17 17 17 17 17 17 17 17 17 17 17 17 17 17 17 17 17 17 17 17 17 17 17 17 17 17 17 17 17 17 17 17 17 17 17 17 17 17 17 17 17 17 17 17 17 17 17 17 17 17 17 16 16 16 16 16 16 16 16 16 16 16 16 16 16 16 16 16 16 16 16 16 16 16 16
17 17 17 17 17 17 17 17 17 17 17 17 17 17 17 17 17 17 17 17 17 17 17 17 17 17 17 17 17 17 17 17 17 17 17 17 17 17 17 17 17 17 17 17 17 17 17 17 17 17 17 17 17 17 17 17 17 17 17 17 17 17 17 17 17 17 17 17 17 17 17 17 16 16 16 16 16 16 16 16 16 16 16 16 16 16 16 16 16 16 16 16 16 16 16 16
17 17 17 17 17 17 17 17 17 17 17 17 17 17 17 17 17 17 17 17 17 17 17 17 17 17 17 17 17 17 17 17 17 17 17 17 17 17 17 17 17 17 17 17 17 17 17 17 17 17 17 17 17 17 17 17 17 17 17 17 17 17 17 17 17 17 17 17 17 17 17 17 17 16 16 16 16 16 16 16 16 16 16 16 16 16 16 16 16 16 16 16 16 16 16 16
17 17 17 17 17 17 17 17 17 17 17 17 17 17 17 17 17 17 17 17 17 17 17 17 17 17 17 17 17 17 17 17 17 17 17 17 17 17 17 17 17 17 17 17 17 17 17 17 17 17 17 17 17 17 17 17 17 17 17 17 17 17 17 17 17 17 17 17 17 17 17 17 17 16 16 16 16 16 16 16 16 16 16 16 16 16 16 16 16 16 16 16 16 16 16 16
17 17 17 17 17 17 17 17 17 17 17 17 17 17 17 17 17 17 17 17 17 17 17 17 17 17 17 17 17 17 17 17 17 17 17 17 17 17 17 17 17 17 17 17 17 17 17 17 17 17 17 17 17 17 17 17 17 17 17 17 17 17 17 17 17 17 17 17 17 17 17 17 17 16 16 16 16 16 16 16 16 16 16 16 16 16 16 16 16 16 16 16 16 16 16 16
17 17 17 17 17 17 17 17 17 17 17 17 17 17 17 17 17 17 17 17 17 17 17 17 17 17 17 17 17 17 17 17 17 17 17 17 17 17 17 17 17 17 17 17 17 17 17 17 17 17 17 17 17 17 17 17 17 17 17 17 17 17 17 17 17 17 17 17 17 17 17 17 17 17 16 16 16 16 16 16 16 16 16 16 16 16 16 16 16 16 16 16 16 16 16 16
17 17 17 17 17 17 17 17 17 17 17 17 17 17 17 17 17 17 17 17 17 17 17 17 17 17 17 17 17 17 17 17 17 17 17 17 17 17 17 17 17 17 17 17 17 17 17 17 17 17 17 17 17 17 17 17 17 17 17 17 17 17 17 17 17 17 17 17 17 17 17 17 17 17 16 16 16 16 16 16 16 16 16 16 16 16 16 16 16 16 16 16 16 16 16 16
17 17 17 17 17 17 17 17 17 17 17 17 17 17 17 17 17 17 17 17 17 17 17 17 17 17 17 17 17 17 17 17 17 17 17 17 17 17 17 17 17 17 17 17 17 17 17 17 17 17 17 17 17 17 17 17 17 17 17 17 17 17 17 17 17 17 17 17 17 17 17 17 17 17 16 16 16 16 16 16 16 16 16 16 16 16 16 16 16 16 16 16 16 16 16 16
