testData/tiles/oneDegree/grid39.0-46.0-40.0-47.0.asc
ncols   200
nrows   200
xllcorner   39.0
yllcorner   46.0
cellsize   0.005
NODATA_value   -9999.0
[rows 82 to 122 of 200, columns 0 to 91 of 200]
495 496 496 496 496 497 497 497 497 498 498 498 498 498 499 499 499 499 608 608 608 609 609 609 618 627 636 643 650 657 663 669 674 680 685 689 694 813 817 821 825 829 832 836 839 842 845 848 850 853 854 857 859 861 863 867 872 875 879 884 888 891 895 898 902 905 907 910 914 917 918 921 923 926 927 929 931 1033 1035 1037 1037 1038 1040 1041 1041 1042 1042 1044 1043 1044 1044 1044
496 497 497 497 497 498 498 498 498 498 499 499 499 499 499 500 500 500 609 609 609 609 610 610 620 629 637 644 651 658 664 670 676 681 686 691 695 815 819 823 826 830 833 837 840 843 846 849 851 853 855 858 860 862 864 868 872 877 880 885 889 892 896 899 903 906 908 911 915 918 919 922 924 926 928 930 932 1034 1036 1037 1039 1039 1040 1042 1042 1043 1043 1045 1045 1045 1044 1045
497 497 498 498 498 498 499 499 499 499 500 500 500 500 500 500 501 501 610 610 610 610 610 611 621 630 638 646 653 659 666 671 677 682 687 692 696 816 820 824 828 831 835 838 841 844 847 850 852 854 857 859 861 863 865 868 873 878 882 886 890 893 897 900 904 907 909 913 916 918 921 923 926 927 929 932 933 1035 1037 1038 1040 1041 1041 1043 1043 1044 1046 1045 1046 1045 1046 1047
498 498 498 499 499 499 499 500 500 500 500 501 501 501 501 501 501 502 611 611 611 611 611 612 623 631 640 647 654 661 667 673 678 683 688 693 698 817 821 825 829 832 836 839 842 845 848 850 853 855 858 860 862 864 865 869 874 879 884 887 891 894 898 902 905 908 911 915 916 919 922 924 926 928 931 932 934 1037 1037 1039 1041 1041 1043 1044 1044 1045 1046 1046 1047 1047 1048 1047
499 499 499 500 500 500 500 501 501 501 501 501 502 502 502 502 502 503 612 612 612 612 612 613 623 632 641 648 655 662 668 674 679 685 690 694 699 818 822 826 830 834 837 840 844 846 849 851 854 857 859 861 864 866 867 871 875 880 885 887 892 896 899 903 906 909 912 916 918 920 923 924 927 929 932 933 935 937 1038 1040 1042 1043 1044 1044 1045 1046 1047 1047 1048 1048 1049 1048
500 500 500 500 501 501 501 501 502 502 502 502 503 503 503 503 503 503 613 613 613 613 613 615 624 633 641 650 657 663 669 675 681 686 691 696 700 819 824 827 831 835 838 842 844 847 850 853 855 858 860 862 865 866 868 872 877 881 886 889 893 897 901 904 907 910 914 916 919 921 924 926 928 931 932 934 936 937 1039 1041 1042 1044 1045 1046 1047 1047 1048 1048 1049 1049 1049 1049
500 501 501 501 502 502 502 502 502 503 503 503 503 504 504 504 504 504 613 614 614 614 614 616 626 634 643 650 657 664 671 676 682 687 692 697 701 821 825 829 832 836 839 842 845 848 851 854 856 859 861 864 865 867 869 873 878 882 886 891 894 899 901 905 908 911 915 917 920 923 924 927 929 931 933 935 937 939 1041 1042 1043 1045 1045 1047 1048 1048 1049 1049 1050 1050 1050 1050
501 502 502 502 502 503 503 503 503 504 504 504 504 504 505 505 505 505 614 614 615 615 615 618 627 636 644 651 658 665 671 677 683 688 693 698 703 822 826 829 833 836 840 843 846 849 852 855 858 860 863 864 866 868 870 874 879 883 887 892 895 900 902 906 909 912 915 918 921 924 925 928 930 932 934 936 938 940 1043 1043 1045 1046 1046 1048 1048 1049 1050 1050 1051 1050 1051 1051
502 502 503 503 503 503 504 504 504 504 505 505 505 505 505 506 506 506 615 615 615 616 616 619 628 637 645 653 660 666 672 678 683 689 694 698 703 822 826 830 834 837 841 844 847 850 853 856 859 861 863 865 867 869 871 875 879 884 888 893 896 900 903 907 910 913 916 919 922 924 927 929 931 933 935 937 939 941 1043 1044 1046 1047 1047 1049 1050 1050 1051 1051 1052 1051 1052 1052
503 503 503 504 504 504 505 505 505 505 505 506 506 506 506 506 507 507 616 616 616 616 617 620 630 638 646 654 661 667 673 679 685 690 695 700 704 823 827 831 835 839 842 845 849 852 854 857 860 861 864 866 868 871 873 875 880 885 890 894 897 901 904 909 912 914 918 921 922 925 928 930 932 934 936 938 940 942 943 1045 1047 1048 1048 1049 1051 1051 1052 1052 1052 1053 1053 1053
504 504 504 505 505 505 505 506 506 506 506 507 507 507 507 507 508 508 617 617 617 617 617 622 631 640 648 655 662 669 675 680 686 691 696 701 705 825 829 833 836 840 843 847 850 853 856 858 860 863 865 867 870 872 874 878 881 886 891 895 898 902 905 910 912 916 919 922 923 926 929 930 933 935 937 939 941 942 944 1046 1047 1049 1051 1050 1052 1051 1053 1053 1053 1054 1054 1054
505 505 505 505 506 506 506 506 507 507 507 507 508 508 508 508 508 509 618 618 618 618 618 622 631 641 649 656 663 670 676 682 687 692 697 702 706 826 830 834 837 841 845 848 851 854 856 859 861 864 866 869 871 873 874 879 884 887 892 896 899 903 907 910 913 917 920 922 925 927 930 932 934 936 938 940 942 943 945 1046 1048 1050 1051 1051 1053 1053 1054 1053 1055 1054 1055 1055
505 506 506 506 507 507 507 507 508 508 508 508 508 509 509 509 509 509 619 619 619 619 619 623 633 641 650 658 665 671 677 683 688 694 698 703 708 827 831 835 839 842 846 849 852 854 857 860 862 865 867 870 872 873 875 880 885 889 892 897 901 905 909 911 914 918 921 923 926 929 930 934 936 937 939 941 942 945 947 1049 1049 1050 1052 1053 1053 1054 1054 1056 1056 1056 1056 1055
506 506 507 507 507 508 508 508 508 509 509 509 509 510 510 510 510 510 619 620 620 620 620 625 634 643 651 659 666 672 678 684 690 695 700 704 709 828 832 836 840 843 847 850 852 855 858 861 864 866 869 871 872 874 876 881 886 891 893 898 902 906 909 912 915 919 921 924 927 929 932 935 937 939 940 942 944 946 947 949 1051 1051 1053 1053 1054 1055 1055 1057 1056 1057 1056 1056
507 507 508 508 508 508 509 509 509 509 510 510 510 510 511 511 511 511 620 620 621 621 621 626 635 644 652 659 666 674 680 685 691 696 701 706 710 829 833 837 841 845 847 850 853 857 859 862 865 867 870 871 873 875 877 882 887 891 894 899 903 906 910 913 916 919 922 925 928 931 933 936 938 940 941 943 945 947 948 950 1051 1053 1054 1054 1056 1056 1056 1058 1057 1058 1057 1057
508 508 508 509 509 509 510 510 510 510 511 511 511 511 511 512 512 512 621 621 621 622 622 627 637 645 653 661 667 674 680 686 692 697 702 707 711 831 835 838 841 845 848 852 855 858 861 863 866 868 870 872 874 877 879 883 887 892 896 900 905 907 911 914 918 921 924 926 928 932 935 936 939 941 942 944 946 947 949 951 1052 1054 1054 1055 1057 1057 1058 1058 1058 1058 1059 1060
509 509 509 510 510 510 510 511 511 511 511 512 512 512 512 512 513 513 622 622 622 622 623 629 638 647 655 662 669 675 681 687 692 697 702 707 711 831 835 839 842 846 849 853 856 859 862 864 867 869 871 873 876 878 880 884 888 893 897 901 905 908 912 916 919 922 925 928 929 933 936 937 940 942 944 945 947 948 950 951 1053 1055 1056 1056 1057 1058 1059 1059 1059 1060 1060 1060
509 510 510 510 511 511 511 512 512 512 512 512 513 513 513 513 514 514 623 623 623 623 623 630 639 648 656 663 670 676 682 688 694 699 704 708 713 832 836 840 844 847 851 854 857 860 863 866 867 870 872 875 877 879 881 885 890 894 898 901 906 909 914 917 920 923 926 928 932 934 936 938 941 942 945 946 947 949 951 952 1054 1055 1057 1057 1058 1059 1059 1060 1060 1061 1060 1061
510 511 511 511 511 512 512 512 513 513 513 513 514 514 514 514 514 515 624 624 624 624 624 630 641 649 657 664 671 678 684 689 695 700 705 709 714 833 837 841 845 848 852 855 858 861 864 866 868 871 873 876 878 880 881 886 891 895 900 903 907 910 915 917 921 924 926 929 933 935 937 940 942 943 946 948 948 950 951 953 954 1056 1058 1057 1059 1060 1060 1061 1061 1062 1061 1062
511 511 512 512 512 513 513 513 513 514 514 514 514 515 515 515 515 515 625 625 625 625 625 632 641 651 658 666 672 679 685 691 696 701 706 711 715 834 838 842 846 850 853 856 859 862 864 867 870 872 875 877 879 880 882 887 892 897 900 904 908 912 915 918 922 925 927 930 934 936 938 941 942 945 947 948 949 952 953 955 954 1057 1059 1059 1060 1061 1061 1062 1062 1062 1062 1062
315 315 513 513 513 513 514 514 514 515 515 515 515 515 516 516 516 516 625 626 626 626 626 633 642 651 660 667 674 680 686 692 697 702 707 712 716 836 840 843 847 851 854 857 861 863 865 868 871 873 876 878 879 881 883 888 893 897 901 905 909 913 916 919 923 925 928 931 935 937 939 942 943 946 947 949 951 952 954 956 957 1058 1059 1061 1060 1062 1062 1063 1063 1063 1063 1063
316 316 316 514 514 514 515 515 515 515 516 516 516 516 517 517 517 517 626 627 627 627 627 634 644 652 660 667 675 681 687 693 698 703 708 713 717 837 841 845 848 852 855 858 861 864 867 869 872 874 877 879 880 882 884 889 894 898 903 906 910 913 917 920 924 926 929 932 935 938 940 942 945 947 948 951 952 953 955 956 958 1060 1060 1062 1062 1063 1062 1064 1063 1064 1063 1064
316 317 317 317 318 515 515 516 516 516 516 517 517 517 517 518 518 518 627 627 628 628 628 636 645 653 661 668 675 683 689 694 700 705 710 714 719 838 842 846 850 853 855 859 862 865 868 870 873 876 878 879 882 884 886 891 894 899 904 907 911 914 918 921 925 928 931 933 936 939 941 943 946 947 949 952 952 954 956 957 959 959 1061 1062 1063 1064 1064 1065 1064 1065 1065 1066
317 318 318 318 319 319 319 517 517 517 517 518 518 518 518 518 519 519 628 628 628 629 629 637 646 655 662 670 676 683 689 694 701 706 711 715 720 839 843 846 850 853 857 860 863 866 869 872 874 877 878 880 883 885 887 891 895 900 905 908 912 916 919 923 926 929 932 935 937 940 942 944 947 948 951 952 954 955 956 958 959 960 1063 1063 1064 1064 1065 1065 1065 1066 1066 1066
318 318 319 319 319 320 320 320 518 518 518 518 519 519 519 519 520 520 629 629 629 629 630 638 648 656 664 671 678 684 690 696 701 706 711 716 720 839 843 847 851 854 858 861 864 867 870 873 875 877 879 882 884 886 888 892 897 901 906 908 913 917 921 923 927 930 932 936 938 940 943 945 947 949 952 953 955 955 957 959 960 961 1063 1064 1064 1065 1066 1066 1066 1067 1067 1067
319 319 320 320 320 321 321 321 321 322 519 519 519 520 520 520 520 521 630 630 630 630 630 640 649 657 665 672 679 685 691 697 702 707 712 717 721 840 844 848 852 856 859 862 865 868 871 874 876 878 880 883 885 887 888 893 898 902 906 910 914 918 921 924 928 931 933 937 940 941 944 947 948 950 952 954 956 956 958 959 961 962 1064 1065 1065 1067 1066 1067 1067 1068 1067 1068
320 320 320 321 321 321 322 322 322 323 323 323 520 521 521 521 521 521 631 631 631 631 631 640 650 658 666 673 680 686 692 698 703 708 713 718 722 842 846 849 853 857 860 863 866 869 872 874 877 879 882 884 886 887 889 894 899 904 907 911 915 920 922 925 929 931 934 938 940 942 945 947 949 952 953 955 956 957 960 960 962 962 964 1066 1066 1067 1067 1068 1068 1069 1068 1069
321 321 321 322 322 322 323 323 323 323 324 324 324 324 522 522 522 522 631 632 632 632 632 641 650 660 667 675 681 688 694 699 705 710 715 719 724 843 847 851 854 858 861 865 868 871 872 875 878 880 883 885 886 888 890 895 900 904 908 912 916 920 923 927 930 932 935 939 941 944 946 948 950 952 954 956 957 959 960 962 963 963 965 1067 1067 1068 1068 1069 1069 1069 1069 1069
321 322 322 322 323 323 323 324 324 324 324 325 325 325 325 326 523 523 632 633 633 633 633 643 652 660 669 676 683 689 695 700 706 711 716 720 725 844 848 852 856 859 862 866 869 871 874 876 879 881 884 886 887 889 891 896 900 905 909 914 916 921 924 928 930 933 936 939 942 945 946 949 951 953 955 956 959 960 961 963 964 964 965 1068 1067 1069 1068 1070 1070 1070 1070 1070
322 322 323 323 324 324 324 324 325 325 325 326 326 326 326 327 327 524 633 633 634 634 634 644 653 661 669 676 684 690 696 702 707 712 717 721 726 845 849 853 857 860 864 866 869 872 875 878 880 883 885 886 889 891 893 897 901 906 911 915 918 922 925 928 932 935 937 940 943 945 947 950 952 954 956 958 960 960 962 963 965 966 966 968 1069 1070 1069 1071 1070 1071 1070 1072
323 323 324 324 324 325 325 325 326 326 326 326 327 327 327 327 328 437 437 634 634 635 635 645 654 662 670 677 684 691 697 703 708 713 718 723 727 846 850 854 858 861 864 867 870 873 876 879 881 884 885 887 890 892 894 898 902 907 912 915 919 923 926 930 933 936 938 941 944 946 949 951 953 955 956 959 961 961 963 964 966 966 967 968 1070 1070 1071 1071 1071 1071 1072 1072
324 324 324 325 325 325 326 326 326 327 327 327 328 328 328 328 328 438 438 438 438 635 637 646 655 664 671 678 685 691 697 704 709 714 719 724 728 847 851 855 858 862 865 868 871 874 877 880 882 884 886 889 891 893 894 899 904 908 913 916 920 924 926 931 934 936 940 943 944 947 950 951 954 956 958 960 961 962 963 965 967 967 969 969 1071 1071 1072 1072 1072 1073 1073 1073
324 325 325 326 326 326 327 327 327 328 328 328 328 329 329 329 329 439 439 439 439 439 440 648 657 665 673 680 686 693 699 704 709 715 719 724 728 848 852 855 859 863 866 869 872 875 878 881 883 885 887 890 892 894 895 900 905 909 913 918 921 925 928 932 935 937 941 944 946 948 950 952 955 956 959 960 962 963 964 966 967 968 969 970 1071 1072 1072 1073 1073 1074 1073 1074
325 326 326 326 327 327 327 328 328 328 329 329 329 329 330 330 330 439 440 440 440 440 441 451 461 469 674 681 688 694 700 705 711 716 721 725 730 849 853 857 860 864 867 870 874 876 879 881 884 886 889 891 893 894 896 901 906 909 914 919 922 925 929 933 935 938 942 944 947 949 951 954 956 957 960 961 963 963 965 966 968 969 970 971 971 1074 1073 1074 1075 1075 1074 1074
326 326 327 327 328 328 328 329 329 329 329 330 330 330 331 331 331 440 440 441 441 441 442 452 461 470 478 485 689 695 701 707 712 717 722 726 731 850 854 858 861 865 868 872 875 878 879 882 885 887 890 892 893 895 897 902 907 911 915 920 922 927 930 934 936 939 943 945 948 949 952 955 956 959 960 962 964 964 966 967 969 969 971 972 972 1074 1074 1074 1076 1075 1075 1075
327 327 328 328 328 329 329 329 330 330 330 331 331 331 331 332 332 441 441 442 442 442 444 453 462 471 479 486 493 499 702 708 713 718 723 727 732 851 855 859 863 866 869 873 876 878 881 883 886 888 891 893 894 896 898 903 907 912 916 921 923 928 931 934 937 940 943 946 949 951 953 955 957 960 961 963 964 967 967 969 970 970 972 973 973 1075 1075 1076 1076 1076 1075 1076
328 328 328 329 329 330 330 330 331 331 331 331 332 332 332 332 333 442 442 442 443 443 445 455 464 472 479 488 494 500 506 512 714 719 724 729 733 852 856 860 864 867 871 874 876 879 882 884 887 890 892 893 895 897 899 903 908 913 917 921 924 929 932 935 938 941 944 947 949 952 954 956 958 960 962 964 966 968 968 970 971 971 972 974 973 975 1075 1077 1077 1077 1076 1077
328 329 329 330 330 330 331 331 331 332 332 332 333 333 333 333 334 443 443 443 443 444 446 456 465 473 481 488 495 502 507 513 518 523 725 730 849 853 857 861 865 868 872 874 877 880 883 886 888 891 892 894 897 899 901 904 909 914 919 922 926 930 932 936 939 941 945 948 950 953 954 957 959 961 963 964 967 968 969 970 972 971 973 974 974 975 1076 1077 1078 1077 1077 1077
329 330 330 330 331 331 331 332 332 332 333 333 333 334 334 334 334 444 444 444 444 444 447 457 466 474 482 489 496 503 509 514 520 525 529 534 538 854 858 862 866 869 872 875 878 881 884 887 889 891 893 895 898 900 901 906 910 915 919 923 927 930 933 937 940 943 947 948 951 954 956 958 960 962 964 966 968 969 970 971 973 973 974 975 976 976 1078 1078 1079 1078 1078 1079
330 330 331 331 332 332 332 333 333 333 334 334 334 334 335 335 335 444 445 445 445 445 449 458 467 475 483 490 497 503 509 515 521 526 531 535 539 659 663 863 866 870 873 876 879 882 885 888 890 892 894 897 899 900 902 907 911 915 920 924 928 931 934 939 941 944 948 950 952 954 957 959 961 963 964 967 968 970 970 972 973 974 974 976 976 977 1078 1079 1079 1080 1079 1080
331 331 332 332 332 333 333 333 334 334 334 335 335 335 336 336 336 445 446 446 446 446 449 460 469 477 484 491 498 504 510 516 521 526 531 535 540 659 663 667 670 871 874 877 880 883 886 889 891 893 895 898 900 901 903 908 913 916 921 925 928 932 935 939 942 945 948 951 953 955 958 959 962 963 966 968 969 970 971 973 974 975 976 977 977 978 978 1079 1080 1080 1080 1080
