testData/tiles/oneDegree/grid11.0-35.0-12.0-36.0.asc
ncols   200
nrows   200
xllcorner   11.0
yllcorner   35.0
cellsize   0.005
NODATA_value   -9999.0
[rows 126 to 167 of 200, columns 94 to 187 of 200]
320 320 320 321 321 322 322 323 323 323 323 324 324 324 324 325 325 325 325 326 327 327 327 327 328 328 328 328 329 329 329 329 329 330 330 330 330 332 332 332 332 332 333 333 333 333 334 334 334 334 334 335 335 335 335 336 337 337 337 337 337 338 338 338 338 338 338 339 339 339 339 339 340 340 340 341 341 341 342 342 342 342 342 342 343 343 343 343 343 343 344 344 344 344
320 321 321 321 321 322 323 323 323 323 324 324 324 324 325 325 325 325 326 326 326 326 328 328 328 328 328 329 329 329 329 330 330 330 330 331 331 331 331 332 333 333 333 333 333 334 334 334 334 335 335 335 335 335 336 336 336 337 337 338 338 338 338 338 338 339 339 339 339 339 340 340 340 340 340 341 341 341 342 342 342 343 343 343 343 343 343 344 344 344 344 344 344 345
321 321 321 321 322 322 322 322 324 324 324 324 325 325 325 325 326 326 326 326 326 327 327 327 328 329 329 329 329 330 330 330 330 330 331 331 331 331 332 332 332 333 333 334 334 334 334 334 335 335 335 335 335 336 336 336 336 337 337 338 338 338 338 339 339 339 339 339 340 340 340 340 340 341 341 341 341 341 341 342 343 343 343 343 343 344 344 344 344 344 344 345 345 345
321 321 321 322 322 322 322 323 323 323 324 325 325 325 325 326 326 326 326 327 327 327 327 328 328 329 329 329 330 330 330 330 331 331 331 331 331 332 332 332 332 333 333 334 334 334 335 335 335 335 335 336 336 336 336 336 337 337 337 337 337 338 339 339 339 339 340 340 340 340 340 341 341 341 341 341 341 342 342 342 342 342 343 344 344 344 344 344 345 345 345 345 345 345
321 322 322 322 322 323 323 323 323 324 324 325 325 326 326 326 326 326 327 327 327 327 328 328 328 328 329 330 330 330 331 331 331 331 331 332 332 332 332 333 333 333 333 333 334 335 335 335 335 336 336 336 336 336 337 337 337 337 337 338 338 338 338 338 340 340 340 340 340 341 341 341 341 341 342 342 342 342 342 342 343 343 343 343 343 343 345 345 345 345 345 345 346 346
322 322 322 322 323 323 323 323 324 324 324 324 325 326 326 326 327 327 327 327 328 328 328 328 328 329 329 329 329 331 331 331 331 332 332 332 332 332 333 333 333 333 334 334 334 334 334 336 336 336 336 336 337 337 337 337 337 338 338 338 338 338 339 339 339 339 340 341 341 341 341 341 342 342 342 342 342 342 343 343 343 343 343 343 344 344 344 344 344 345 346 346 346 346
322 322 323 323 323 323 324 324 324 324 325 325 325 325 325 327 327 327 327 328 328 328 328 329 329 329 329 330 330 330 330 331 332 332 332 332 333 333 333 333 333 334 334 334 334 335 335 335 335 336 337 337 337 337 337 338 338 338 338 338 339 339 339 339 339 340 340 340 340 341 342 342 342 342 342 342 343 343 343 343 343 344 344 344 344 344 344 345 345 345 345 345 346 347
321 323 323 323 323 324 324 324 324 325 325 325 325 326 326 326 327 328 328 328 328 329 329 329 329 329 330 330 330 330 331 331 331 332 333 333 333 333 333 334 334 334 334 334 335 335 335 335 336 336 336 337 337 338 338 338 338 338 339 339 339 339 339 340 340 340 340 340 341 341 341 342 342 342 343 343 343 343 343 344 344 344 344 344 344 345 345 345 345 345 345 346 346 346
322 322 322 323 324 324 324 324 325 325 325 325 326 326 326 326 327 327 328 328 329 329 329 329 330 330 330 330 331 331 331 331 331 332 332 333 333 334 334 334 334 334 335 335 335 335 336 336 336 336 336 337 337 338 338 338 339 339 339 339 339 340 340 340 340 340 341 341 341 341 341 342 342 342 343 343 343 344 344 344 344 344 344 345 345 345 345 345 346 346 346 346 346 346
322 322 323 323 324 324 325 325 325 325 326 326 326 326 327 327 327 327 328 328 329 329 329 330 330 330 330 331 331 331 331 332 332 332 332 332 333 334 334 334 335 335 335 335 335 336 336 336 336 337 337 337 337 337 338 339 339 339 339 340 340 340 340 340 341 341 341 341 341 342 342 342 342 342 342 343 344 344 344 344 345 345 345 345 345 345 346 346 346 346 346 346 347 347
361 362 362 362 362 324 325 325 325 326 326 326 326 327 327 327 327 328 328 328 328 329 330 330 330 331 331 331 331 331 332 332 332 332 333 333 333 333 334 335 335 335 335 336 336 336 336 336 337 337 337 337 338 338 338 338 338 339 340 340 340 340 341 341 341 341 341 342 342 342 342 342 342 343 343 343 343 343 344 345 345 345 345 345 346 346 346 346 346 346 347 347 347 347
362 362 362 363 363 363 363 365 365 365 365 366 366 366 366 367 367 328 328 328 329 329 329 330 331 331 331 331 332 332 332 332 333 333 333 333 333 334 334 334 334 336 336 336 336 336 337 337 337 337 337 338 338 338 338 339 339 339 339 339 341 341 341 341 341 342 342 342 342 342 342 343 343 343 343 343 344 344 344 344 344 345 346 346 346 346 346 347 347 347 347 347 347 348
362 362 363 363 363 363 364 364 364 365 366 366 366 366 367 367 367 367 368 368 368 368 369 369 369 370 332 332 332 332 332 333 333 333 333 334 334 334 334 334 335 335 335 336 337 337 337 337 337 338 338 338 338 338 339 339 339 339 340 340 340 340 341 342 342 342 342 342 342 343 343 343 343 343 344 344 344 344 344 345 345 345 345 345 345 347 347 347 347 347 347 348 348 348
362 363 363 363 363 364 364 364 364 365 365 366 366 367 367 367 367 368 368 368 368 369 369 369 369 370 370 371 371 372 372 372 372 372 334 334 334 334 335 335 335 335 336 336 336 337 337 338 338 338 338 338 339 339 339 339 339 340 340 340 340 341 341 341 341 342 342 343 343 343 343 343 344 344 344 344 344 345 345 345 345 345 345 346 346 346 346 346 348 348 348 348 348 348
363 363 363 364 364 364 364 365 365 365 365 366 366 367 367 368 368 368 368 369 369 369 369 370 370 370 370 370 371 372 372 372 373 373 373 373 374 374 374 374 374 336 336 336 336 337 337 338 338 338 339 339 339 339 339 340 340 340 340 340 341 341 341 341 341 342 342 343 343 343 344 344 344 344 344 345 345 345 345 345 346 346 346 346 346 346 347 347 347 347 347 348 349 349
363 363 364 364 364 364 365 365 365 365 366 366 366 366 368 368 368 368 369 369 369 369 370 370 370 370 371 371 371 371 372 373 373 373 373 374 374 374 374 375 375 375 375 375 376 376 376 337 338 339 339 339 339 340 340 340 340 340 341 341 341 341 341 342 342 342 342 342 343 343 344 344 344 345 345 345 345 345 346 346 346 346 346 346 347 347 347 347 347 347 348 348 348 348
363 364 364 364 365 365 365 365 366 366 366 366 367 367 367 367 369 369 369 369 370 370 370 370 370 371 371 371 371 372 372 372 372 374 374 374 374 375 375 375 375 375 376 376 376 376 377 377 377 377 377 379 340 340 340 340 341 341 341 341 341 342 342 342 342 342 343 343 343 343 343 344 345 345 345 345 346 346 346 346 346 346 347 347 347 347 347 348 348 348 348 348 348 349
363 363 364 365 365 365 365 366 366 366 366 367 367 367 367 368 368 368 369 370 370 370 370 371 371 371 371 372 372 372 372 372 373 373 373 374 375 375 375 375 376 376 376 376 376 377 377 377 377 378 378 378 378 378 380 380 380 380 341 342 342 342 342 342 343 343 343 343 343 344 344 344 344 344 345 346 346 346 346 346 347 347 347 347 347 348 348 348 348 348 348 349 349 349
363 363 364 364 365 365 366 366 366 366 367 367 367 367 368 368 368 368 369 369 370 370 371 371 371 371 372 372 372 372 373 373 373 373 374 374 374 375 375 376 376 376 376 377 377 377 377 377 378 378 378 378 379 379 379 379 380 381 381 381 381 381 382 343 343 343 343 344 344 344 344 344 345 345 345 345 345 346 347 347 347 347 347 348 348 348 348 348 348 349 349 349 349 349
364 364 364 364 365 366 366 366 367 367 367 367 368 368 368 368 369 369 369 369 370 371 371 371 372 372 372 372 373 373 373 373 373 374 374 374 374 375 375 376 376 377 377 377 377 377 378 378 378 378 378 379 379 379 379 380 380 380 381 381 382 382 382 382 382 383 383 344 344 344 345 345 345 345 345 346 346 346 346 346 346 348 348 348 348 348 349 349 349 349 349 349 350 350
364 364 364 365 365 365 365 367 367 367 367 368 368 368 368 369 369 369 369 370 370 370 370 372 372 372 372 373 373 373 373 374 374 374 374 375 375 375 375 375 376 377 377 377 378 378 378 378 378 379 379 379 379 380 380 380 380 380 381 381 381 382 382 383 383 383 383 383 384 384 384 384 345 346 346 346 346 346 346 347 347 347 347 348 349 349 349 349 349 349 350 350 350 350
364 364 365 365 365 365 366 366 366 368 368 368 368 369 369 369 369 370 370 370 370 371 371 371 371 373 373 373 373 373 374 374 374 374 375 375 375 375 376 376 376 376 376 378 378 378 378 379 379 379 379 379 380 380 380 380 381 381 381 381 381 382 382 383 383 383 384 384 384 384 384 385 385 385 385 385 347 347 347 347 347 347 348 348 348 348 349 349 350 350 350 350 350 351
365 365 365 365 366 366 366 366 367 367 368 368 369 369 369 369 370 370 370 370 371 371 371 371 372 372 372 373 374 374 374 374 375 375 375 375 375 376 376 376 376 377 377 377 377 379 379 379 379 379 380 380 380 380 380 381 381 381 381 382 382 382 382 382 383 383 384 384 384 385 385 385 385 385 386 386 386 386 386 386 348 348 348 348 348 349 349 349 349 349 350 351 351 351
365 365 365 366 366 366 366 367 367 367 367 368 369 369 369 370 370 370 370 371 371 371 371 372 372 372 372 373 373 374 374 375 375 375 375 376 376 376 376 377 377 377 377 377 378 378 378 378 380 380 380 380 380 381 381 381 381 381 382 382 382 382 383 383 383 383 383 384 385 385 385 385 386 386 386 386 386 386 387 387 387 387 387 388 349 349 349 349 349 350 350 350 350 351
365 365 366 366 366 367 367 367 367 368 368 368 368 369 370 370 370 371 371 371 371 372 372 372 372 373 373 373 373 374 374 375 375 375 376 376 376 376 377 377 377 377 378 378 378 378 378 379 379 379 380 381 381 381 381 381 382 382 382 382 382 383 383 383 383 384 384 384 384 384 385 386 386 386 386 386 387 387 387 387 387 388 388 388 388 388 389 350 350 350 350 350 351 351
366 366 366 366 367 367 367 367 368 368 368 368 369 369 369 369 371 371 371 371 372 372 372 372 373 373 373 373 374 374 374 374 375 376 376 376 377 377 377 377 377 378 378 378 378 379 379 379 379 380 380 380 381 381 382 382 382 382 382 383 383 383 383 383 384 384 384 384 384 385 385 385 385 385 387 387 387 387 387 388 388 388 388 388 389 389 389 389 389 389 390 351 351 351
365 366 366 367 367 367 367 368 368 368 369 369 369 369 370 370 370 370 372 372 372 372 373 373 373 373 374 374 374 374 374 375 375 375 375 377 377 377 377 378 378 378 378 379 379 379 379 379 380 380 380 380 381 381 382 382 382 383 383 383 383 383 384 384 384 384 384 385 385 385 385 385 386 386 386 386 387 388 388 388 388 388 389 389 389 389 389 389 390 390 390 390 390 391
365 365 366 367 367 368 368 368 368 369 369 369 369 370 370 370 370 371 371 372 372 373 373 373 373 374 374 374 374 375 375 375 375 376 376 376 376 378 378 378 378 378 379 379 379 379 380 380 380 380 380 381 381 381 381 382 382 383 383 383 384 384 384 384 384 385 385 385 385 385 386 386 386 386 386 387 387 387 387 388 389 389 389 389 389 390 390 390 390 390 390 391 391 391
367 366 366 366 367 368 368 368 369 369 369 369 370 370 370 370 371 371 371 372 372 373 373 374 374 374 374 374 375 375 375 375 376 376 376 376 377 377 377 378 379 379 379 379 379 380 380 380 380 381 381 381 381 382 382 382 382 382 383 384 384 384 384 385 385 385 385 385 386 386 386 386 386 387 387 387 387 387 388 388 388 388 389 390 390 390 390 390 390 391 391 391 391 391
367 367 366 367 367 367 368 369 369 369 370 370 370 370 371 371 371 371 372 372 372 372 373 374 374 374 375 375 375 375 376 376 376 376 377 377 377 377 377 378 378 379 379 380 380 380 380 381 381 381 381 381 382 382 382 382 383 383 383 383 383 384 385 385 385 385 386 386 386 386 386 387 387 387 387 387 388 388 388 388 388 389 389 389 389 390 390 391 391 391 391 391 392 392
454 455 455 455 454 455 455 455 456 457 457 457 457 458 458 458 458 459 459 459 459 460 460 460 460 462 462 462 462 463 463 463 463 464 464 464 464 465 465 465 465 466 466 466 467 467 468 468 468 468 469 469 469 469 469 470 470 470 470 471 471 471 471 471 473 473 473 473 473 474 474 474 474 474 475 475 475 475 475 476 476 476 476 389 389 390 390 390 391 391 392 392 392 392
455 455 455 455 456 455 455 455 456 456 457 457 458 458 458 459 459 459 459 460 460 460 460 461 461 461 461 463 463 463 463 464 464 464 464 464 465 465 465 465 466 466 466 466 467 467 468 468 469 469 469 469 469 470 470 470 470 470 471 471 471 471 472 472 472 472 472 474 474 474 474 474 475 475 475 475 475 476 476 476 476 476 477 477 477 477 477 477 478 478 478 478 479 479
465 465 464 465 465 465 465 465 465 465 466 465 466 466 467 467 467 467 468 468 467 467 468 468 468 468 469 468 468 469 470 470 470 469 470 470 470 470 470 470 470 470 470 470 470 470 470 470 471 471 471 472 471 471 471 470 471 471 471 471 472 472 472 472 472 473 473 473 473 473 475 475 475 475 475 476 476 476 476 476 477 477 477 477 477 477 478 478 478 478 478 479 479 479
479 480 480 479 479 480 480 480 479 479 479 479 479 480 481 481 481 482 482 481 482 482 482 482 483 483 483 483 483 483 483 484 484 485 484 484 484 485 485 485 484 485 485 485 485 486 485 485 485 485 486 486 486 486 487 486 486 486 486 486 486 486 486 486 486 486 486 485 486 486 485 485 486 487 486 486 486 485 486 486 485 485 485 484 485 485 484 484 483 484 484 483 483 482
492 492 492 491 491 491 491 491 492 491 491 492 492 492 492 493 494 493 493 494 494 494 494 495 495 495 494 495 495 495 495 496 496 497 496 497 497 497 497 498 497 497 497 497 498 498 497 497 498 498 498 498 498 499 499 499 499 499 499 499 499 498 499 499 499 498 499 499 499 498 498 499 499 498 498 499 500 499 499 499 498 498 499 499 498 498 498 498 498 498 497 497 497 497
502 502 502 502 502 502 502 502 502 502 502 502 502 502 503 503 503 503 504 504 504 504 505 505 505 505 506 506 505 505 506 506 506 506 507 508 507 507 508 508 508 508 509 508 508 508 509 509 509 508 508 509 509 509 508 510 510 510 510 509 510 510 510 510 509 510 510 510 510 510 510 510 510 509 510 510 510 509 510 510 511 510 510 510 509 510 510 510 509 509 510 509 509 509
510 511 511 511 511 512 512 511 511 512 512 511 511 512 512 511 512 512 512 513 514 514 514 514 515 515 514 514 515 515 515 515 516 516 516 515 516 516 517 517 517 518 518 517 517 518 518 518 518 518 518 518 518 518 519 518 518 518 520 520 519 519 519 520 520 519 519 519 520 520 519 519 520 520 520 519 519 519 520 519 519 520 520 520 520 520 520 519 520 520 519 519 519 519
519 519 519 519 519 520 520 520 520 520 520 520 519 519 519 520 520 520 520 521 521 522 522 523 522 522 522 523 523 523 523 524 524 524 523 524 524 524 524 525 526 526 525 526 526 526 526 526 527 526 526 526 527 527 527 526 527 527 527 527 528 528 528 528 528 528 528 528 528 528 528 528 528 528 528 528 528 528 528 528 527 528 528 528 528 528 529 529 528 528 528 529 528 528
527 526 526 527 527 526 528 528 528 526 527 527 527 526 527 527 527 527 528 528 528 529 529 529 529 530 530 530 530 531 531 531 531 531 531 531 531 531 532 532 532 532 533 533 533 533 534 534 534 533 534 534 534 534 534 535 534 534 534 535 535 535 534 535 536 536 536 535 535 536 536 536 535 535 536 536 536 535 535 536 536 536 535 535 536 536 535 536 536 537 536 536 536 536
533 534 533 533 533 534 533 533 534 535 535 533 533 534 534 533 534 534 534 534 535 535 535 535 536 536 536 536 537 537 537 537 538 538 538 537 538 538 538 538 539 539 539 539 540 540 540 540 540 541 541 540 540 541 541 541 541 541 541 541 541 541 542 542 541 542 542 543 543 542 542 542 543 543 542 542 542 543 543 542 542 542 543 543 542 542 542 543 542 542 542 543 542 543
539 539 539 538 539 539 539 539 539 539 540 541 540 540 540 541 540 539 539 540 540 540 540 541 541 541 541 543 543 543 542 543 543 543 543 544 544 544 544 544 544 544 544 545 545 545 545 547 546 546 546 546 547 547 547 546 547 547 547 547 547 547 547 547 547 548 548 547 548 548 549 549 549 548 548 549 549 549 548 548 549 549 549 548 548 549 549 548 548 548 549 549 548 548
544 544 544 545 544 544 545 545 545 544 545 545 546 545 545 545 545 544 545 545 545 546 546 546 546 547 547 547 546 548 548 548 548 549 549 549 549 550 549 549 549 550 550 550 550 550 551 550 550 551 552 552 552 552 552 552 552 552 552 553 553 552 552 553 553 553 553 552 553 553 553 554 554 554 554 554 554 554 554 554 554 554 554 554 554 554 554 554 554 554 554 554 553 553
