testData/tiles/oneDegree/grid32.0-10.0-33.0-11.0.asc
ncols   200
nrows   200
xllcorner   32.0
yllcorner   10.0
cellsize   0.005
NODATA_value   -9999.0
[rows 42 to 83 of 200, columns 94 to 187 of 200]
414 413 413 414 414 413 413 413 413 411 411 411 410 410 410 410 408 408 408 408 407 407 407 405 405 405 404 404 404 404 402 402 402 401 401 401 399 399 399 398 398 397 395 395 395 394 393 393 392 392 392 389 389 389 388 388 387 385 385 385 384 383 381 381 381 378 378 378 376 375 374 374 374 372 372 372 366 365 364 364 364 362 362 361 361 359 359 359 357 357 356 356 354 354
414 414 414 413 413 412 412 412 412 411 411 410 409 409 409 409 408 408 408 406 406 406 406 405 405 404 403 403 403 403 402 401 401 400 400 400 399 398 398 397 397 397 396 395 394 393 393 393 391 391 391 390 389 388 387 387 387 385 384 384 383 383 381 380 380 379 377 377 376 375 373 373 373 372 371 370 365 365 363 363 362 362 361 360 360 358 358 358 357 356 355 355 353 353
414 413 413 413 413 412 411 411 410 410 410 410 409 408 408 409 408 408 408 407 407 406 406 405 405 405 404 403 403 402 401 401 401 399 399 399 398 398 398 396 396 396 395 395 394 393 392 392 391 390 390 389 389 388 386 386 386 385 385 383 382 382 381 380 379 378 378 376 375 375 373 372 372 371 371 369 369 364 363 362 361 361 361 359 359 358 357 357 356 356 354 354 353 352
413 412 412 412 411 411 411 411 409 409 409 410 409 409 409 409 407 407 407 406 406 406 405 404 404 404 403 403 403 401 401 401 401 400 399 398 397 397 397 396 395 395 394 394 394 392 392 391 390 390 389 388 388 388 387 385 385 384 384 383 381 381 380 380 378 377 377 376 374 374 373 372 371 370 370 369 368 368 362 362 360 360 360 358 358 357 357 355 355 355 353 353 352 351
412 412 411 411 410 410 410 410 410 410 409 409 408 408 408 407 407 407 406 405 405 405 404 404 403 403 402 402 402 401 400 400 399 399 399 399 397 396 396 395 395 395 393 393 393 392 392 391 390 389 389 388 387 387 386 386 383 383 383 382 382 380 379 379 379 376 376 375 375 373 372 371 371 369 369 368 368 367 361 361 359 359 359 358 357 356 356 354 354 354 353 352 351 351
411 411 411 411 409 409 410 410 409 409 409 409 407 407 407 406 406 406 406 404 404 404 403 403 403 403 401 401 401 400 400 400 398 398 398 397 397 397 396 394 394 394 393 392 392 391 391 391 389 389 388 387 387 386 385 385 384 382 382 381 381 381 378 378 378 377 375 374 374 373 371 371 369 369 368 367 367 365 365 360 359 358 357 357 357 355 355 354 353 353 352 351 350 350
410 410 410 410 410 410 410 409 408 408 408 407 407 407 406 405 405 405 405 404 404 403 402 402 402 402 401 400 400 399 399 399 398 397 397 396 396 396 395 394 394 393 392 392 391 390 390 390 389 388 387 386 386 385 384 384 383 383 381 380 380 380 379 377 376 376 376 373 373 373 371 370 369 368 367 366 366 365 364 364 358 358 356 356 356 354 354 353 353 351 351 351 349 349
410 409 410 410 409 409 409 409 408 407 407 406 406 406 406 405 404 404 403 403 403 403 402 401 401 400 400 400 400 398 398 398 397 397 397 395 395 395 394 394 393 392 392 391 390 389 389 388 388 388 386 386 385 384 384 383 382 382 382 379 379 379 378 377 375 375 375 373 372 372 371 369 368 368 367 365 365 364 364 363 357 357 355 355 355 354 353 352 352 350 350 350 348 348
410 410 410 409 408 408 408 407 407 407 407 405 405 405 405 404 404 404 402 402 402 402 401 401 400 399 399 399 399 398 397 397 396 396 396 395 394 394 393 393 393 391 391 391 390 389 388 387 387 387 386 385 385 384 383 383 381 381 381 380 378 377 377 377 375 374 374 373 372 370 370 370 367 367 366 365 364 363 363 362 361 356 355 354 353 353 352 351 351 350 349 348 348 347
409 409 409 408 408 407 407 406 406 406 406 405 405 404 405 404 404 404 403 402 402 402 401 401 401 400 399 399 398 398 398 397 395 395 395 394 394 393 392 392 392 391 390 390 389 389 388 386 386 386 385 385 384 383 383 382 380 380 380 379 379 376 376 376 375 373 373 372 372 369 369 369 367 366 365 364 363 362 362 361 360 360 354 353 352 352 352 350 350 349 348 347 347 346
408 408 408 407 407 407 407 405 405 405 405 405 405 405 403 403 403 403 402 402 402 400 400 400 400 399 399 398 397 397 397 396 396 395 394 393 393 393 391 391 391 390 390 389 388 388 388 387 385 385 384 384 384 382 382 382 380 379 378 378 378 377 375 375 374 374 371 371 371 370 368 368 367 365 364 364 363 361 361 360 359 359 353 353 351 351 350 349 349 348 347 346 346 344
408 407 407 406 406 406 406 405 406 405 404 404 404 404 403 403 402 402 401 401 401 400 399 399 399 398 398 398 396 396 396 395 395 395 393 393 393 392 391 390 390 389 389 389 387 387 387 386 386 384 383 383 383 382 381 380 380 379 377 377 377 376 375 374 373 373 371 370 370 369 368 367 366 366 363 363 362 360 360 359 359 358 357 352 350 350 349 349 348 347 347 345 345 344
407 407 407 405 405 405 406 405 405 405 403 403 403 403 402 402 402 400 400 400 400 399 399 399 397 397 397 397 396 396 395 394 394 394 393 392 392 391 391 390 389 388 388 388 387 386 386 385 385 384 383 382 381 381 380 379 379 379 377 376 376 375 375 372 372 372 371 370 369 368 368 366 365 365 363 362 361 360 359 358 358 356 356 351 350 349 348 348 347 346 346 344 344 343
406 406 405 405 405 405 404 404 404 404 403 403 402 402 401 401 401 400 400 399 399 398 398 398 397 396 396 396 395 395 395 393 393 393 392 392 391 390 390 390 389 387 387 386 386 386 384 384 384 383 383 382 380 380 380 378 378 378 377 375 375 374 374 372 371 371 370 369 369 367 367 365 364 364 363 361 360 360 358 357 357 356 355 355 349 348 347 347 345 345 345 343 343 342
405 405 405 405 405 405 403 403 403 403 402 402 402 400 400 400 400 399 399 399 398 397 397 397 396 396 395 394 394 394 394 393 392 392 391 391 391 389 389 389 388 388 387 385 385 385 384 383 383 382 382 382 380 379 379 378 377 377 376 376 373 373 373 372 371 370 369 369 367 366 366 365 364 363 362 361 359 359 358 356 356 355 354 353 353 347 346 346 344 344 344 342 342 341
405 405 404 404 404 404 403 403 402 402 401 401 401 400 400 399 399 398 398 398 397 396 396 396 395 395 395 393 393 393 392 392 392 391 390 390 390 389 388 388 387 387 387 385 385 384 383 383 382 381 381 381 379 379 378 377 376 375 375 375 374 372 372 371 371 370 368 368 366 366 365 364 363 362 361 361 359 358 357 355 355 354 353 352 352 346 345 345 344 343 342 342 341 340
405 404 403 403 403 403 402 402 402 400 400 400 400 399 399 399 398 397 398 398 397 397 396 396 395 395 395 393 392 392 391 391 391 390 389 389 389 388 388 387 386 386 386 385 384 384 382 382 381 380 380 380 379 378 377 376 376 374 374 374 373 372 371 370 370 368 368 367 366 365 365 363 362 361 360 360 358 357 356 355 354 353 353 351 351 351 344 344 343 342 341 341 340 339
404 403 403 402 402 401 401 401 401 400 399 399 399 399 399 399 398 397 397 397 396 396 396 394 394 394 394 393 393 392 391 391 390 389 388 388 387 387 387 387 385 385 385 384 383 383 382 382 381 379 379 378 378 377 376 376 375 373 373 373 372 372 371 369 369 367 367 367 365 364 364 363 362 360 360 359 357 357 355 354 353 352 352 350 350 349 343 343 342 341 340 340 338 338
403 402 402 402 401 400 400 400 400 399 400 400 399 398 398 398 397 397 396 396 395 395 395 394 393 393 392 392 392 392 390 390 390 389 389 387 386 386 386 385 384 384 383 383 383 381 381 381 380 379 378 377 377 377 375 375 375 373 372 372 371 371 369 368 368 367 366 366 364 363 362 362 361 359 359 358 356 356 354 354 352 351 351 349 349 348 347 342 341 340 339 339 337 337
402 401 401 401 401 400 399 400 400 399 399 399 398 397 397 397 396 396 396 394 394 394 394 393 393 392 391 391 391 391 390 389 389 388 388 388 386 386 385 384 384 383 382 382 382 381 380 380 379 379 377 376 376 376 374 374 374 373 371 370 370 370 368 368 367 366 365 365 364 363 361 361 361 358 358 357 356 355 354 353 351 350 350 348 348 347 346 340 340 339 338 338 336 336
401 400 400 400 400 400 400 399 398 398 398 398 397 397 396 396 395 395 395 394 393 393 393 392 392 392 390 390 390 389 389 388 388 387 387 387 386 385 385 384 383 382 381 381 381 380 379 379 378 378 377 376 375 375 374 373 372 372 372 369 369 369 368 367 367 365 364 363 363 363 360 360 359 358 357 356 356 354 353 353 350 350 348 347 347 346 345 344 339 338 337 337 335 335
399 399 399 400 399 399 399 399 397 397 397 397 396 396 396 394 394 394 394 393 393 392 391 391 391 391 390 389 389 388 388 388 386 386 386 385 385 384 384 383 383 383 380 380 380 379 379 378 377 377 377 375 375 373 373 372 371 371 371 369 368 368 367 366 365 365 363 362 362 362 360 359 358 357 356 355 355 353 352 352 349 349 348 346 346 345 344 343 338 336 336 336 334 334
399 399 399 399 398 398 398 398 397 396 396 395 395 395 395 394 393 393 393 392 392 392 390 390 390 389 389 388 388 387 387 387 386 385 385 384 384 384 382 382 382 381 380 379 378 378 378 376 376 376 375 374 374 373 372 371 370 370 370 368 368 367 366 365 364 364 364 361 361 360 359 358 357 357 356 354 354 352 351 351 349 348 347 345 344 344 343 342 342 335 335 334 333 333
399 399 399 398 397 397 397 396 396 396 395 394 394 394 394 393 392 392 391 391 391 391 389 389 389 388 388 388 387 386 386 386 385 384 384 383 383 383 381 381 381 380 380 379 378 377 377 375 375 375 374 373 373 372 372 371 369 369 369 367 367 366 365 364 363 363 363 360 360 359 358 358 356 356 354 354 353 351 351 349 348 347 346 345 343 343 342 341 341 334 334 333 332 332
398 398 398 397 396 396 396 395 395 395 395 393 393 393 393 392 392 391 390 390 390 390 389 388 388 387 387 387 386 385 385 385 384 384 383 382 382 382 381 380 380 379 379 378 377 377 376 375 374 374 373 373 372 371 371 371 368 368 367 367 366 365 365 363 362 362 361 360 359 358 357 357 356 355 353 353 352 350 350 348 347 347 345 344 342 342 340 340 340 338 333 331 331 330
397 397 397 396 396 395 395 394 394 394 394 392 392 392 391 392 392 392 390 390 390 389 389 389 388 387 387 387 386 385 384 383 383 383 381 381 381 381 380 379 379 378 378 377 376 376 376 375 373 373 372 372 370 370 370 369 368 367 366 366 365 364 364 363 361 361 360 359 359 357 356 355 355 354 352 352 351 349 349 348 346 345 345 343 342 341 339 339 339 337 332 330 330 329
396 396 396 395 395 394 394 393 393 393 392 392 392 392 391 391 391 390 389 389 389 388 388 388 386 386 386 386 385 384 384 383 383 382 380 380 380 379 379 378 377 377 377 376 375 375 374 374 373 371 371 371 369 369 369 368 367 367 365 365 364 363 363 361 360 360 359 358 358 357 355 354 354 353 351 351 350 349 348 347 346 344 344 342 341 339 338 338 336 336 336 329 329 328
395 395 394 394 394 394 392 392 392 393 392 392 392 391 390 390 390 389 389 388 388 387 387 387 385 385 385 384 384 384 383 382 382 382 381 380 379 378 378 377 376 376 376 375 374 374 373 373 372 371 370 370 368 368 368 367 366 366 365 364 362 362 362 360 360 359 358 357 356 356 354 353 353 352 351 350 348 348 346 345 345 343 342 341 340 339 337 337 335 335 334 328 328 326
394 394 393 393 393 393 392 392 392 392 391 391 391 389 389 389 389 388 388 387 386 386 386 386 385 384 384 383 383 383 381 381 381 381 380 379 379 378 377 376 375 375 375 374 373 373 372 372 371 370 370 369 367 367 367 366 365 364 364 364 361 361 361 359 359 358 357 356 355 355 354 352 352 350 350 349 347 347 346 344 344 343 341 340 339 338 336 336 334 334 332 332 326 325
393 393 392 392 392 393 392 391 391 390 390 390 390 389 388 388 388 387 387 387 385 385 385 384 384 383 383 382 382 382 380 380 380 379 379 378 377 377 377 377 374 374 374 373 372 372 371 371 370 369 369 368 367 366 365 365 364 363 363 363 361 360 360 358 358 357 356 355 354 354 352 352 351 349 349 349 346 346 345 343 342 342 340 339 339 336 336 334 333 333 331 331 325 324
393 391 391 392 392 391 391 391 390 389 389 389 389 388 387 387 386 386 386 386 384 384 384 383 383 382 382 381 381 381 379 379 379 378 378 377 376 376 376 375 374 374 372 372 371 370 370 370 368 368 368 367 366 366 364 364 363 362 362 361 360 359 358 357 357 356 355 355 353 352 351 351 350 348 348 347 346 345 344 343 341 340 340 338 337 335 335 332 332 332 330 330 328 323
392 391 391 391 391 390 390 390 389 388 388 388 387 387 386 386 385 385 385 384 383 383 383 382 382 381 380 380 380 380 378 378 378 377 377 376 375 375 375 374 373 373 372 372 370 369 369 369 367 367 367 366 365 365 364 363 362 361 361 359 359 359 357 356 356 355 354 353 352 351 350 350 349 347 347 345 345 344 342 342 341 339 338 337 336 335 334 332 331 329 329 329 327 322
392 390 390 390 390 389 389 389 387 387 387 387 386 386 385 385 384 384 384 383 382 382 382 381 381 380 379 379 379 378 377 377 376 376 376 375 374 374 374 373 372 372 371 371 370 368 368 368 366 366 366 365 364 364 363 362 360 360 360 358 358 358 356 355 354 354 353 352 352 350 349 349 347 347 346 344 344 343 341 341 340 338 337 336 335 334 332 331 330 328 328 327 326 326
390 390 389 389 388 388 388 388 386 386 386 386 385 385 384 383 383 383 383 382 381 381 380 380 380 379 378 378 378 377 376 376 375 375 375 373 373 373 372 371 371 370 370 370 369 368 368 366 365 365 364 363 363 362 362 361 360 359 359 357 357 357 355 355 353 352 352 351 350 349 348 348 346 346 345 343 343 341 340 339 338 338 336 335 333 333 332 330 329 327 327 325 325 324
389 389 388 388 387 387 387 387 385 385 385 384 384 384 383 382 382 382 382 382 381 381 380 380 380 378 378 377 377 376 375 375 374 374 374 372 372 372 371 370 370 369 369 368 367 367 367 365 364 364 363 362 362 361 361 360 359 359 357 356 356 355 354 354 353 351 351 350 349 348 347 346 345 345 343 342 342 340 340 338 337 337 334 334 333 331 330 329 328 326 325 324 323 322
388 388 387 386 386 386 386 385 384 384 384 383 383 384 383 382 382 382 381 381 380 380 379 379 379 377 377 377 376 376 375 374 373 373 373 371 371 371 370 369 369 368 368 367 366 366 366 364 364 363 362 361 361 360 359 358 358 358 356 355 355 353 353 353 351 350 349 349 348 347 347 344 344 344 342 342 340 339 339 336 336 335 334 333 331 331 329 328 327 325 324 323 322 321
387 387 386 385 385 385 385 384 383 383 384 383 383 383 381 381 381 381 380 380 379 378 378 378 378 376 376 376 375 375 374 373 373 373 371 370 370 369 369 368 368 367 367 366 365 365 365 363 363 362 360 360 359 359 358 357 357 356 355 354 354 352 352 351 350 350 348 347 347 346 345 344 343 342 341 341 338 338 338 336 335 333 333 332 330 330 327 327 325 324 323 321 321 319
386 386 385 384 384 384 383 383 383 383 382 382 382 382 380 380 380 379 379 379 378 377 377 377 376 375 375 375 374 373 373 372 372 372 370 370 370 368 367 367 366 366 365 364 364 364 362 362 362 361 360 360 358 357 357 356 356 355 354 354 351 351 351 349 349 349 347 346 345 344 344 343 341 340 340 339 338 337 335 335 334 332 332 330 329 329 327 326 324 323 321 320 320 318
385 384 383 383 383 383 383 383 382 382 381 381 381 380 379 379 379 378 378 377 376 376 376 376 374 374 374 373 373 372 371 371 371 371 369 369 369 368 367 366 365 365 364 363 363 363 361 361 361 359 359 359 358 356 356 355 354 353 353 353 351 350 350 348 348 347 346 346 344 343 343 342 341 339 338 338 337 335 334 334 333 331 330 329 328 326 326 324 323 321 320 319 317 317
384 383 382 382 383 383 382 382 381 380 380 380 380 378 378 378 378 377 377 376 375 375 375 375 373 373 373 372 372 371 370 370 370 368 368 368 367 366 366 366 365 363 363 362 362 361 360 360 360 358 358 357 356 356 354 354 353 352 352 351 350 350 347 347 347 345 345 345 342 342 341 340 340 339 337 336 335 335 333 332 331 331 329 328 327 325 324 323 322 321 319 318 316 315
383 381 382 382 382 381 381 380 380 379 379 379 379 377 377 377 376 376 375 375 374 374 374 372 372 372 372 371 370 370 369 369 369 367 367 367 366 365 365 364 364 363 362 361 361 359 359 359 357 357 357 356 355 355 354 352 352 351 350 349 349 348 347 346 345 344 344 342 342 341 339 339 339 337 336 335 334 334 332 331 330 329 327 326 326 323 323 322 320 319 317 317 314 314
381 381 381 381 381 380 380 379 379 378 378 378 376 376 376 376 375 375 374 373 373 373 373 371 371 371 370 370 369 368 368 368 367 366 366 366 364 364 364 363 362 362 361 361 359 358 358 358 356 356 356 354 354 354 352 352 350 350 349 348 348 347 346 346 344 343 343 341 341 340 338 338 336 336 336 333 333 331 331 330 328 328 326 325 325 323 322 320 320 317 317 314 314 312
