testData/tiles/oneDegree/grid23.0-25.0-24.0-26.0.asc
ncols   200
nrows   200
xllcorner   23.0
yllcorner   25.0
cellsize   0.005
NODATA_value   -9999.0
[rows 126 to 167 of 200, columns 94 to 187 of 200]
454 455 457 457 458 460 460 461 462 462 463 464 464 465 465 466 466 466 467 467 468 469 468 468 469 469 469 469 468 469 470 469 470 470 469 468 469 468 468 468 468 467 467 466 467 466 465 464 465 464 463 463 461 461 461 459 458 458 458 456 455 454 452 451 451 449 448 447 445 443 442 440 438 437 435 433 431 428 426 424 420 418 415 411 407 403 398 398 398 373 373 373 372 372
456 457 458 459 460 461 462 462 462 464 464 465 466 466 467 467 468 468 467 469 469 468 470 470 469 469 471 470 470 471 470 470 470 470 470 470 470 470 470 469 468 469 469 467 467 468 466 466 466 464 465 464 463 462 461 461 460 459 458 457 457 455 454 453 451 450 449 448 447 445 443 442 440 438 436 434 432 430 428 425 423 421 417 414 411 407 403 398 397 397 372 371 371 371
458 459 459 461 462 461 463 464 464 465 466 466 466 468 467 468 469 469 469 470 471 470 470 471 471 471 471 471 471 471 471 472 472 471 471 471 470 470 471 470 470 469 469 469 469 467 468 468 466 466 465 466 464 464 463 461 462 461 459 458 458 456 456 455 453 452 451 449 447 446 445 444 442 440 438 436 434 432 430 427 425 423 419 416 413 409 406 402 396 396 396 371 371 371
460 459 460 462 462 463 464 464 465 466 467 467 468 469 469 469 470 470 470 471 471 471 472 471 472 472 471 473 473 472 472 473 473 472 472 473 472 472 471 471 471 471 470 470 470 469 468 468 468 467 467 465 465 465 463 463 462 460 461 460 458 457 456 454 455 454 451 450 449 447 446 444 442 441 440 438 436 434 432 429 427 425 422 419 416 413 409 406 400 396 396 395 371 371
460 461 462 463 464 464 465 466 467 467 467 469 469 469 470 471 470 471 472 472 471 473 473 472 472 474 473 473 474 473 473 473 473 473 473 472 473 473 472 472 472 471 471 471 470 470 470 469 468 469 468 467 466 466 465 464 464 462 461 460 460 459 458 456 455 454 452 452 451 449 448 446 444 443 441 439 437 435 432 431 430 427 424 422 418 416 413 408 404 399 394 394 394 369
461 463 464 463 464 466 466 466 468 469 468 470 470 470 471 472 471 472 473 473 473 473 473 474 474 474 474 474 473 475 475 475 474 475 475 474 473 474 473 473 473 473 472 472 471 471 471 470 469 469 469 468 467 466 465 465 464 463 463 461 460 459 459 458 457 455 454 453 452 449 449 448 446 444 443 440 439 437 435 433 431 428 426 423 420 417 415 410 407 403 398 394 394 369
462 463 465 465 466 467 467 468 469 469 470 470 471 471 472 471 473 473 473 474 474 474 474 475 475 474 476 476 475 475 476 475 475 475 475 475 475 474 475 474 473 473 474 472 472 472 472 471 471 470 469 468 469 467 467 466 465 464 464 462 462 461 459 458 458 456 455 454 452 451 450 448 446 445 443 442 441 438 437 435 432 430 428 425 422 420 416 413 410 406 402 397 393 393
464 465 465 466 467 467 469 469 469 471 471 472 471 473 473 473 474 475 474 474 476 475 475 476 476 476 476 476 476 476 476 476 476 476 475 476 476 475 475 476 475 474 474 473 474 473 472 472 472 471 470 470 468 468 468 467 466 465 464 463 463 462 461 460 459 457 456 456 454 453 452 449 448 447 445 443 442 439 437 436 433 431 429 426 424 422 418 415 412 408 405 401 395 392
465 465 466 468 469 468 469 471 470 471 473 472 473 473 474 474 474 475 475 476 476 476 476 477 477 477 477 476 477 477 477 477 478 477 477 476 476 476 476 475 476 476 475 474 474 475 473 473 472 471 472 471 470 469 469 468 467 467 465 464 464 462 462 461 459 458 457 455 454 453 451 451 450 448 446 445 442 441 439 437 435 433 430 428 426 424 420 418 415 411 408 404 399 394
466 467 467 468 469 470 470 471 472 472 473 473 474 474 475 475 476 475 476 477 476 476 478 477 477 478 477 478 478 479 478 478 478 478 478 478 477 478 477 476 476 476 476 475 475 474 474 474 473 472 472 470 471 470 469 468 468 468 466 466 465 463 462 462 460 460 459 457 456 455 453 452 450 448 447 447 444 443 441 439 437 435 432 430 428 425 423 420 417 414 411 406 403 398
466 468 469 470 469 471 472 471 473 474 473 474 475 475 475 477 476 476 477 478 477 478 479 478 478 478 479 479 479 478 479 479 478 478 479 478 478 478 477 477 477 477 476 477 476 475 475 474 474 474 473 472 471 472 470 470 469 467 467 466 465 465 464 462 461 460 458 457 457 455 454 453 451 450 449 447 445 443 442 439 438 436 433 431 429 426 424 422 418 416 413 409 405 401
468 468 470 470 471 472 472 473 473 474 474 475 477 476 476 477 477 478 478 477 479 479 478 479 480 479 479 480 480 479 479 480 479 479 479 479 479 479 478 478 479 477 477 477 477 476 476 475 474 474 473 473 473 472 470 471 470 469 468 467 466 465 465 463 463 462 460 459 458 456 455 455 453 451 450 448 446 445 443 441 440 437 435 433 430 428 426 423 421 418 414 411 408 405
469 470 470 471 472 473 473 474 475 474 476 476 476 477 478 477 477 479 478 479 480 480 479 480 481 480 480 480 480 480 480 479 480 480 479 479 479 479 479 479 479 479 478 478 477 477 477 476 475 475 474 474 474 472 472 471 470 470 469 468 467 466 465 464 463 462 461 460 458 457 456 455 453 452 451 448 447 447 444 443 441 439 437 435 432 430 428 425 423 420 417 414 410 407
470 471 471 473 473 473 474 475 475 475 477 477 477 477 479 478 479 479 479 480 480 480 480 481 480 481 481 480 480 482 482 481 481 482 481 481 480 479 480 480 479 479 479 478 478 478 476 477 477 475 475 474 474 473 473 472 471 470 470 469 468 468 466 465 464 462 462 461 460 459 458 456 455 453 451 450 449 446 445 443 441 439 438 435 433 431 428 426 424 421 418 415 413 409
471 471 472 473 475 474 475 476 476 477 477 478 478 479 478 479 480 479 480 481 481 480 482 482 481 481 482 481 482 482 482 482 482 481 481 482 481 480 480 481 480 480 480 478 479 479 478 477 477 476 476 476 474 474 473 473 472 472 470 469 469 467 467 466 465 464 463 462 460 459 458 456 456 455 453 451 450 448 446 445 443 441 439 437 435 433 430 428 426 423 420 418 415 412
472 473 473 474 474 475 476 476 477 478 477 478 479 480 479 480 481 480 481 482 481 482 482 482 482 482 482 483 483 483 482 483 483 482 482 482 482 482 482 480 481 481 480 480 479 479 479 478 477 477 476 477 475 475 474 473 472 473 471 470 470 468 467 467 465 465 464 462 461 460 458 457 456 454 453 452 450 448 448 446 444 443 440 438 437 435 432 430 428 425 422 419 416 414
472 473 475 474 475 476 477 477 477 479 479 479 480 480 480 481 480 482 482 481 482 483 483 482 483 483 483 483 484 483 483 483 482 483 483 482 482 483 483 481 481 481 481 481 480 479 479 480 478 478 477 476 476 476 475 474 473 472 471 472 470 469 469 468 466 465 464 463 463 462 460 459 458 456 454 453 451 450 448 446 445 443 441 439 437 435 433 431 428 426 423 421 419 416
473 474 475 476 476 477 477 478 479 478 480 480 480 480 482 482 481 482 483 482 483 484 483 483 483 484 484 484 483 483 484 484 483 483 484 483 483 483 483 483 482 481 481 482 481 480 480 479 478 479 479 477 477 476 475 475 475 473 472 472 470 470 470 468 467 467 465 464 463 461 460 459 457 457 456 454 452 451 449 448 446 445 442 441 439 436 434 433 430 428 425 423 421 418
475 475 475 476 477 477 478 479 480 479 480 481 481 481 482 482 482 483 483 483 484 484 484 484 485 484 485 485 484 484 484 484 484 484 483 484 484 483 483 483 484 482 482 482 481 481 481 480 479 479 478 478 478 476 476 475 474 474 474 472 471 471 470 468 468 468 466 465 464 462 461 460 458 457 456 454 453 452 449 448 447 445 444 442 440 438 436 433 430 428 426 424 422 419
475 476 476 477 479 478 479 479 480 480 481 480 482 482 483 482 483 484 483 484 485 484 484 485 485 485 485 484 485 485 485 484 485 485 484 484 485 484 484 484 483 483 483 482 482 481 480 481 480 480 479 478 479 477 477 476 475 474 474 473 473 472 470 469 469 467 466 465 463 464 463 461 460 459 456 455 454 453 451 449 448 446 444 443 440 438 437 434 432 430 428 426 424 421
476 476 477 478 478 479 480 479 480 482 482 482 482 483 483 483 484 484 484 485 485 485 485 485 485 486 486 485 485 486 485 485 485 485 485 485 484 484 485 485 484 483 483 483 483 483 481 481 482 480 480 479 478 478 477 477 476 475 474 473 473 472 471 471 470 468 467 467 465 464 463 461 460 459 458 457 456 453 452 451 448 447 446 443 442 440 437 436 434 432 430 428 426 423
476 477 478 479 479 479 481 481 481 482 482 483 483 482 484 484 485 484 485 486 485 485 486 485 486 486 486 486 486 485 486 486 486 485 486 486 485 485 485 485 485 484 483 483 483 483 482 482 482 480 481 480 479 479 478 477 476 477 475 474 474 472 471 471 469 469 468 467 466 465 463 462 461 460 458 457 456 454 452 451 449 447 446 444 442 441 438 436 434 433 431 429 426 424
477 478 479 479 480 481 480 482 482 483 482 484 484 484 484 485 485 485 485 486 486 486 485 487 487 487 486 487 487 486 486 487 486 486 486 485 486 486 486 485 485 486 484 484 484 483 483 483 482 481 481 480 480 480 478 478 477 476 475 476 475 473 473 472 470 469 469 467 466 466 464 463 462 460 459 458 456 455 454 451 450 449 446 445 444 441 439 438 436 434 432 430 428 426
477 479 479 479 481 482 481 482 483 483 483 484 484 485 485 484 486 486 486 486 487 487 486 487 488 487 487 487 487 487 487 487 486 487 487 486 486 487 486 486 486 485 485 485 484 484 483 482 483 482 482 481 480 480 479 479 478 477 476 476 474 473 474 472 471 471 469 468 467 465 464 463 462 461 459 459 457 456 455 453 451 450 448 446 445 442 441 439 437 436 434 432 430 428
478 480 480 480 481 482 482 483 482 484 484 485 484 486 486 485 486 487 486 487 487 487 487 487 488 488 488 488 487 488 488 487 487 487 487 487 487 486 486 487 487 485 485 485 485 485 484 483 483 482 482 482 481 480 479 479 477 478 477 477 475 474 474 472 471 471 470 469 468 466 466 465 463 462 461 459 458 456 454 453 452 449 448 447 444 443 441 440 438 436 434 432 430 428
479 479 481 481 481 482 483 484 483 484 485 485 485 486 486 486 487 487 487 488 488 487 488 488 488 488 489 488 488 488 487 488 488 488 487 488 488 487 487 487 487 486 486 485 485 485 484 484 484 483 482 482 482 481 480 480 478 478 477 476 476 475 474 473 472 471 470 469 467 467 467 466 464 463 462 460 459 458 455 454 453 451 449 448 446 444 443 441 439 438 436 434 432 430
479 480 481 482 482 483 483 484 484 485 484 486 486 487 486 487 488 487 487 489 488 488 488 488 489 489 489 489 489 489 488 488 489 488 488 488 487 488 488 488 487 486 487 486 486 486 484 484 485 483 483 483 481 481 481 480 479 479 478 477 476 475 474 474 473 472 471 470 468 468 467 465 464 463 461 460 460 458 457 455 453 452 451 449 447 446 444 442 441 439 437 436 434 431
481 481 482 482 483 484 483 484 485 486 485 486 487 487 487 487 488 488 488 489 489 489 489 488 490 490 489 489 489 489 489 489 489 489 489 489 488 488 489 488 488 487 486 486 487 486 485 485 485 483 484 484 482 482 481 480 479 480 478 478 477 476 475 474 473 472 472 470 470 469 468 466 465 464 462 461 460 458 457 456 453 452 451 449 447 446 444 443 441 440 438 436 434 432
481 482 482 483 483 485 484 485 485 486 486 487 486 488 488 488 488 489 489 488 489 490 489 489 489 490 490 490 490 489 490 490 489 489 489 489 489 489 488 488 488 488 487 487 487 485 486 486 485 484 484 483 483 483 481 481 480 480 478 478 478 477 476 475 474 473 472 470 470 469 467 467 466 464 463 462 460 459 458 456 455 453 452 450 448 447 446 444 443 441 439 437 436 434
482 482 483 484 484 484 485 486 485 486 487 488 487 487 489 488 489 489 489 489 490 490 490 490 490 490 490 491 490 490 490 490 490 490 490 489 490 490 489 489 488 487 488 488 487 486 486 485 486 485 485 483 483 483 482 482 481 480 479 479 477 477 476 475 475 474 472 471 471 470 468 467 466 464 463 462 460 459 459 457 456 455 452 451 450 448 447 445 444 442 441 438 436 434
483 482 483 484 485 485 485 487 486 487 487 488 488 488 488 489 489 490 489 490 491 490 490 491 490 490 491 491 491 491 491 490 490 491 490 490 490 489 490 489 488 488 488 489 488 487 487 486 485 485 485 484 484 483 482 482 480 481 480 480 478 477 477 475 475 474 472 472 472 470 469 468 466 465 464 462 461 460 458 457 456 455 453 451 450 449 447 446 444 443 441 439 437 436
484 483 484 484 485 486 486 486 487 488 488 488 489 489 489 489 490 490 490 490 490 491 491 491 490 491 491 491 491 492 491 491 491 490 491 491 491 490 489 489 489 489 489 488 487 488 487 487 486 486 485 484 485 484 483 483 481 481 480 479 479 478 477 476 476 474 473 472 472 470 469 468 467 466 465 463 462 461 459 458 457 455 454 452 451 450 448 447 445 444 442 441 439 437
482 484 485 484 485 487 487 487 487 489 488 488 489 489 490 490 490 491 491 491 490 492 492 491 491 491 491 491 492 492 491 492 492 491 491 491 491 490 490 489 489 490 490 489 488 488 487 488 487 486 486 485 484 483 484 483 482 482 481 480 479 478 477 477 476 475 474 473 472 471 470 468 467 466 464 464 463 460 459 458 457 455 455 454 452 451 450 447 446 444 443 441 439 437
483 484 486 485 486 486 487 487 488 487 489 489 490 489 490 491 490 490 492 491 491 491 491 492 492 492 491 492 492 492 492 492 492 492 492 492 490 491 491 490 490 490 489 489 489 488 488 487 486 486 486 486 485 484 484 482 482 482 481 480 480 478 478 477 475 475 474 474 473 472 471 469 468 467 465 465 464 462 460 459 457 456 455 454 452 451 450 448 447 445 444 442 441 439
484 485 485 486 487 486 487 488 489 488 489 490 490 490 490 491 491 491 492 492 492 492 492 492 493 492 492 492 491 492 492 492 491 491 492 491 491 491 490 491 491 490 490 489 489 489 489 488 487 487 486 485 486 485 484 483 483 481 481 480 481 479 479 478 476 476 475 473 473 472 470 469 468 467 466 466 464 463 462 460 458 457 456 455 454 452 451 450 448 447 445 443 442 440
485 485 486 486 488 487 488 488 489 489 490 489 490 491 491 491 492 492 491 492 492 492 492 493 493 493 493 493 492 492 493 492 492 492 491 492 492 492 491 491 491 491 490 490 489 489 488 488 488 488 487 486 485 485 485 484 484 482 482 481 480 479 479 477 477 477 475 474 473 473 471 470 469 467 466 466 464 463 462 459 458 457 456 455 454 452 451 450 448 447 445 444 442 440
485 486 486 487 487 488 489 488 489 490 491 490 490 492 491 491 492 492 492 493 493 492 493 493 493 493 493 493 493 493 492 492 493 493 492 492 492 492 492 492 491 490 490 490 490 490 489 488 488 488 487 487 486 485 485 484 483 483 483 482 481 480 479 478 477 477 475 474 474 473 472 471 469 468 467 466 465 464 463 461 459 458 457 456 455 453 452 451 449 448 446 445 443 442
485 486 487 487 487 488 490 489 490 490 490 491 491 491 492 492 493 492 492 493 493 493 493 493 493 494 494 493 494 494 493 493 493 493 493 493 492 492 492 493 491 491 491 490 490 490 489 489 489 487 487 487 487 486 485 485 484 483 483 481 480 481 479 681 478 476 476 475 474 473 472 471 469 468 468 466 466 465 463 462 460 459 458 457 456 455 453 452 451 449 448 446 444 443
486 487 487 488 488 489 488 490 490 490 490 492 492 491 492 492 492 493 493 492 493 494 494 493 493 494 493 494 494 493 494 494 494 493 695 696 695 695 694 693 693 694 693 693 692 692 691 692 691 690 690 689 688 688 687 687 686 686 684 684 683 683 681 681 681 679 679 678 676 675 675 673 672 671 669 668 668 667 665 664 662 661 660 659 658 657 655 654 653 651 650 648 647 443
487 487 487 488 489 489 489 490 491 491 491 491 492 492 493 492 492 493 494 493 493 494 696 696 696 695 696 696 696 695 696 697 696 696 696 694 694 695 694 694 694 694 693 693 693 692 692 691 690 691 691 689 689 688 688 687 686 686 685 685 684 683 682 681 680 679 679 677 676 676 676 674 673 672 670 669 668 666 666 664 663 662 661 660 659 658 656 655 654 652 651 649 648 646
487 487 488 488 489 490 490 491 490 491 492 491 492 694 695 695 695 695 696 696 696 695 695 697 697 696 696 696 696 696 696 695 695 696 696 695 695 695 695 695 695 694 693 693 692 693 693 692 691 691 690 689 690 689 688 687 687 686 685 685 684 683 683 682 681 680 679 678 677 676 675 674 673 671 670 669 668 667 666 665 664 663 662 661 660 659 657 656 655 653 652 650 707 704
487 487 489 489 489 691 693 692 693 693 695 694 694 695 694 696 696 695 695 697 697 696 696 696 697 697 697 696 696 697 697 696 696 696 695 696 696 695 695 695 696 694 694 694 693 693 692 692 692 692 690 690 689 689 688 688 688 686 686 685 684 683 683 681 681 681 679 679 678 677 675 675 674 672 671 670 668 667 666 665 664 663 662 661 660 659 657 656 655 653 652 709 707 705
