testData/tiles/oneDegree/grid9.0-45.0-10.0-46.0.asc
ncols   200
nrows   200
xllcorner   9.0
yllcorner   45.0
cellsize   0.005
NODATA_value   -9999.0
[rows 43 to 85 of 200, columns 0 to 95 of 200]
81 81 81 81 81 81 81 81 81 81 81 81 81 81 81 81 81 81 81 81 81 81 81 81 81 81 81 81 81 81 162 162 162 162 162 162 162 162 162 162 161 161 161 161 161 161 161 161 161 161 161 161 161 161 161 161 161 161 161 161 161 161 161 161 161 161 161 161 161 161 161 161 161 161 161 160 160 160 160 160 160 160 160 160 160 160 122 122 122 122 122 122 122 122 122 122
81 81 81 81 81 81 81 81 81 81 81 81 81 81 81 81 81 81 81 81 81 81 81 81 81 81 81 81 81 81 162 162 162 162 162 162 162 162 162 161 161 161 161 161 161 161 161 161 161 161 161 161 161 161 161 161 161 161 161 161 161 161 161 161 161 161 161 161 161 161 161 161 161 161 160 160 160 160 160 160 160 160 160 160 160 160 122 122 122 122 122 122 122 122 122 122
81 81 81 81 81 81 81 81 81 81 81 81 81 81 81 81 81 81 81 81 81 81 81 81 81 81 81 81 81 81 162 162 162 162 162 162 162 162 161 161 161 161 161 161 161 161 161 161 161 161 161 161 161 161 161 161 161 161 161 161 161 161 161 161 161 161 161 161 161 161 161 161 161 160 160 160 160 160 160 160 160 160 160 160 160 122 122 122 122 122 122 122 122 122 122 122
81 81 81 81 81 81 81 81 81 81 81 81 81 81 81 81 81 81 81 81 81 81 81 81 81 81 81 81 81 81 162 162 162 162 162 162 162 161 161 161 161 161 161 161 161 161 161 161 161 161 161 161 161 161 161 161 161 161 161 161 161 161 161 161 161 161 161 161 161 161 161 161 160 160 160 160 160 160 160 160 160 160 160 160 122 122 122 122 122 122 122 122 122 122 122 122
81 81 81 81 81 81 81 81 81 81 81 81 81 81 81 81 81 81 81 81 81 81 81 81 81 81 81 81 81 81 162 162 162 162 162 162 161 161 161 161 161 161 161 161 161 161 161 161 161 161 161 161 161 161 161 161 161 161 161 161 161 161 161 161 161 161 161 161 161 161 161 160 160 160 160 160 160 160 160 160 160 160 160 160 122 122 122 122 122 122 122 122 122 122 122 122
81 81 81 81 81 81 81 81 81 81 81 81 81 81 81 81 81 81 81 81 81 81 81 81 81 81 81 81 81 81 162 162 162 162 162 161 161 161 161 161 161 161 161 161 161 161 161 161 161 161 161 161 161 161 161 161 161 161 161 161 161 161 161 161 161 161 161 161 161 161 161 160 160 160 160 160 160 160 160 160 160 160 160 122 122 122 122 122 122 122 122 122 122 122 122 122
81 81 81 81 81 81 81 81 81 81 81 81 81 81 81 81 81 81 81 81 81 81 81 81 81 81 81 81 81 81 162 162 162 161 161 161 161 161 161 161 161 161 161 161 161 161 161 161 161 161 161 161 161 161 161 161 161 161 161 161 161 161 161 161 161 161 161 161 161 161 160 160 160 160 160 160 160 160 160 160 160 160 122 122 122 122 122 122 122 122 122 122 122 122 122 122
81 81 81 81 81 81 81 81 81 81 81 81 81 81 81 81 81 81 81 81 81 81 81 81 81 81 81 81 81 81 162 162 161 161 161 161 161 161 161 161 161 161 161 161 161 161 161 161 161 161 161 161 161 161 161 161 161 161 161 161 161 161 161 161 161 161 161 161 161 160 160 160 160 160 160 160 160 160 160 160 160 122 122 122 122 122 122 122 122 122 122 122 122 122 122 122
81 81 81 81 81 81 81 81 81 81 81 81 81 81 81 81 81 81 81 81 81 81 81 81 81 81 81 81 81 81 162 161 161 161 161 161 161 161 161 161 161 161 161 161 161 161 161 161 161 161 161 161 161 161 161 161 161 161 161 161 161 161 161 161 161 161 161 161 160 160 160 160 160 160 160 160 160 160 160 160 160 122 122 122 122 122 122 122 122 122 122 122 122 122 122 122
122 122 122 122 81 81 81 81 81 81 81 81 81 81 81 81 81 81 81 81 81 81 81 81 81 81 81 81 81 80 161 161 161 161 161 161 161 161 161 161 161 161 161 161 161 161 161 161 161 161 161 161 161 161 161 161 161 161 161 161 161 161 161 161 161 161 161 160 160 160 160 160 160 160 160 160 160 160 160 160 122 122 122 122 122 122 122 122 122 122 122 122 122 122 122 122
122 122 122 122 122 122 122 122 122 122 122 122 122 122 122 122 122 122 122 122 122 122 122 122 122 122 122 122 121 121 202 202 202 202 202 202 202 202 202 161 161 161 161 161 161 161 161 161 161 161 161 161 161 161 161 161 161 161 161 161 161 161 161 161 161 161 160 160 160 160 160 160 160 160 160 160 160 160 160 122 122 122 122 122 122 122 122 122 122 122 122 122 122 122 122 122
122 122 122 122 122 122 122 122 122 122 122 122 122 122 122 122 122 122 122 122 122 122 122 122 122 122 122 121 121 121 202 202 202 202 202 202 202 202 202 202 202 202 202 202 202 202 202 202 202 202 202 202 202 202 202 202 202 202 202 202 202 202 202 161 161 160 160 160 160 160 160 160 160 160 160 160 160 160 160 122 122 122 122 122 122 122 122 122 122 122 122 122 122 122 122 122
124 124 123 123 123 123 123 123 122 122 122 122 122 122 122 122 122 122 122 122 122 122 122 122 122 121 121 121 121 121 202 202 202 202 202 202 202 202 202 202 202 202 202 202 202 202 202 202 202 202 202 202 202 202 202 202 202 202 202 202 202 202 202 202 201 201 201 201 201 201 201 201 201 201 201 201 201 201 163 163 163 163 122 122 122 122 122 122 122 122 122 122 122 122 122 122
129 129 129 129 128 128 128 128 128 128 127 127 127 127 127 126 126 126 126 126 125 125 125 125 123 123 123 123 123 122 203 203 203 202 202 202 202 202 202 202 202 202 202 202 202 202 202 202 202 202 202 202 202 202 202 202 202 202 202 202 202 202 202 201 201 201 201 201 201 201 201 201 201 201 201 201 201 163 163 163 163 163 163 163 163 163 163 163 163 163 163 163 163 163 163 163
133 133 133 133 133 132 132 132 132 132 132 131 131 131 131 131 131 130 130 130 130 130 128 128 128 128 128 127 127 127 127 207 207 207 207 207 206 206 206 206 205 205 205 205 204 204 204 203 203 203 203 202 202 202 202 202 202 202 202 202 202 202 201 201 201 201 201 201 201 201 201 201 201 201 201 201 163 163 163 163 163 163 163 163 163 163 163 163 163 163 163 163 163 163 163 163
136 136 136 136 136 136 136 135 135 135 135 135 135 134 134 134 134 134 134 133 133 132 132 132 132 131 131 131 131 131 130 211 211 211 210 210 210 210 210 209 209 209 209 208 208 208 208 207 207 207 207 206 206 206 206 205 205 205 204 204 204 202 202 202 202 201 201 201 201 201 201 201 201 201 201 201 163 163 163 163 163 163 163 163 163 163 163 163 163 163 163 163 163 163 163 163
139 139 139 139 138 138 138 138 138 138 138 137 137 137 137 137 137 136 136 135 135 135 135 134 134 134 134 134 133 133 133 214 214 213 213 213 213 213 212 212 212 212 212 211 211 211 211 210 210 210 210 209 209 209 209 208 208 208 208 207 206 206 205 205 205 205 204 204 204 203 203 203 202 202 202 163 163 163 163 163 163 163 163 163 163 163 163 163 163 163 163 163 163 163 163 163
141 141 141 140 140 140 140 140 140 140 139 139 139 139 139 139 139 138 137 137 137 137 137 136 136 136 136 136 136 135 135 216 216 216 215 215 215 215 215 214 214 214 214 213 213 213 213 213 212 212 212 212 211 211 211 211 210 210 210 209 208 208 208 208 207 207 207 206 206 206 205 205 205 205 166 166 166 165 165 165 164 164 164 163 163 163 163 163 163 163 163 163 163 163 163 163
142 142 142 142 142 142 141 141 141 141 141 141 141 140 140 140 139 139 139 138 138 138 138 138 138 137 137 137 137 137 137 217 217 217 217 217 216 216 216 216 216 215 215 215 215 215 214 214 214 214 213 213 213 213 212 212 212 212 210 210 210 210 209 209 209 209 208 208 208 207 207 207 207 206 168 168 167 167 167 166 166 166 165 165 165 164 164 164 163 163 163 163 163 163 163 163
143 143 143 143 142 142 142 142 142 142 142 141 141 141 140 140 140 140 139 139 139 139 139 139 138 138 138 138 138 138 137 218 218 218 218 217 217 217 217 217 216 216 216 216 216 215 215 215 215 215 214 214 214 214 213 213 213 212 211 211 211 211 210 210 210 210 209 209 209 208 208 208 208 169 169 169 168 168 168 167 167 167 166 166 166 165 165 165 164 164 164 163 163 163 163 163
143 143 143 143 143 143 142 142 142 142 142 142 141 140 140 140 140 140 140 140 139 139 139 139 139 139 138 138 138 138 138 219 218 218 218 218 218 217 217 217 217 217 216 216 216 216 216 215 215 215 215 214 214 214 214 212 212 212 212 211 211 211 211 210 210 210 210 209 209 209 209 208 170 170 169 169 169 168 168 168 167 167 167 166 166 166 165 165 165 164 164 164 163 163 163 163
143 143 143 143 142 142 142 142 142 142 141 140 140 140 140 140 140 140 139 139 139 139 139 139 138 138 138 138 138 138 137 218 218 218 218 217 217 217 217 217 216 216 216 216 216 215 215 215 215 215 214 214 214 214 212 212 212 212 211 211 211 211 210 210 210 210 209 209 209 208 208 170 170 169 169 169 168 168 168 167 167 167 166 166 166 165 165 165 164 164 164 163 163 163 163 163
142 142 142 142 142 142 141 141 141 140 140 140 140 139 139 139 139 139 139 138 138 138 138 138 138 137 137 137 137 137 137 217 217 217 217 217 216 216 216 216 216 215 215 215 215 215 214 214 214 214 213 213 213 212 211 211 211 211 210 210 210 210 209 209 209 209 208 208 208 207 169 169 169 168 168 168 167 167 167 166 166 166 165 165 165 164 164 164 163 163 163 163 163 163 163 163
141 141 141 140 140 140 140 139 139 139 138 138 138 138 138 138 138 137 137 137 137 137 137 136 136 136 136 136 136 135 135 216 216 216 215 215 215 215 215 214 214 214 214 213 213 213 213 213 212 212 212 212 210 210 210 210 209 209 209 209 208 208 208 208 207 207 207 206 206 206 167 167 167 167 166 166 166 165 165 165 164 164 164 163 163 163 163 163 163 163 163 163 163 163 163 163
139 139 139 139 137 137 137 137 137 137 137 136 136 136 136 136 136 135 135 135 135 135 135 134 134 134 134 134 133 133 133 214 214 213 213 213 213 213 212 212 212 212 212 211 211 211 211 210 210 210 210 208 208 208 208 207 207 207 207 206 206 206 205 205 205 205 204 204 204 165 165 165 164 164 164 163 163 163 163 163 163 163 163 163 163 163 163 163 163 163 163 163 163 163 163 163
136 136 135 135 135 135 135 134 134 134 134 134 134 133 133 133 133 133 133 132 132 132 132 132 132 131 131 131 131 131 130 211 211 211 210 210 210 210 210 209 209 209 209 208 208 208 208 207 207 207 206 205 205 205 205 204 204 204 203 203 203 202 202 202 202 201 201 201 163 163 163 163 163 163 163 163 163 163 163 163 163 163 163 163 163 163 163 163 163 163 163 163 163 163 163 163
132 132 132 132 132 131 131 131 131 131 131 130 130 130 130 130 130 129 129 129 129 129 128 128 128 128 128 127 127 127 127 207 207 207 207 207 206 206 206 206 205 205 205 205 204 204 204 203 202 202 202 201 201 201 201 201 201 201 201 201 201 201 201 201 201 201 201 163 163 163 163 163 163 163 163 163 163 163 163 163 163 163 163 163 163 163 163 163 163 163 163 163 163 163 163 163
128 128 128 128 127 127 127 127 127 127 126 126 126 126 126 125 125 125 125 125 124 124 124 124 123 123 123 123 123 122 122 122 203 202 202 202 202 202 202 202 202 202 202 202 202 202 202 201 201 201 201 201 201 201 201 201 201 201 201 201 201 201 201 201 201 201 201 163 163 163 163 163 163 163 163 163 163 163 163 163 163 163 163 163 163 163 163 163 163 163 163 163 163 163 163 163
123 123 122 122 122 122 122 122 121 121 121 121 121 121 121 121 121 121 121 121 121 121 121 121 121 121 121 121 121 121 121 121 202 202 202 202 202 202 202 202 202 202 202 202 202 202 201 201 201 201 201 201 201 201 201 201 201 201 201 201 201 201 201 201 201 201 163 163 163 163 163 163 163 163 163 163 163 163 163 163 163 163 122 122 122 122 122 122 122 122 122 122 122 122 122 122
121 121 121 121 121 121 121 121 121 121 121 121 121 121 121 121 121 121 121 121 121 121 121 121 121 121 121 121 121 121 121 121 202 202 202 202 202 202 202 202 202 202 202 202 201 201 201 201 201 201 201 201 201 201 201 201 201 201 201 201 201 201 201 160 160 122 122 122 122 122 122 122 122 122 122 122 122 122 122 122 122 122 122 122 122 122 122 122 122 122 122 122 122 122 122 122
121 121 121 121 121 121 121 121 121 121 121 121 121 121 121 121 121 121 121 121 121 121 121 121 121 121 121 121 121 121 121 121 202 202 202 202 202 202 202 161 161 161 161 160 160 160 160 160 160 160 160 160 160 160 160 160 160 160 160 160 160 160 160 160 122 122 122 122 122 122 122 122 122 122 122 122 122 122 122 122 122 122 122 122 122 122 122 122 122 122 122 122 122 122 122 122
121 121 121 121 80 80 80 80 80 80 80 80 80 80 80 80 80 80 80 80 80 80 80 80 80 80 80 80 80 80 80 80 161 161 161 161 161 161 161 161 161 161 160 160 160 160 160 160 160 160 160 160 160 160 160 160 160 160 160 160 160 160 160 122 122 122 122 122 122 122 122 122 122 122 122 122 122 122 122 122 122 122 122 122 122 122 122 122 122 122 122 122 122 122 122 122
80 80 80 80 80 80 80 80 80 80 80 80 80 80 80 80 80 80 80 80 80 80 80 80 80 80 80 80 80 80 80 80 161 161 161 161 161 161 161 161 160 160 160 160 160 160 160 160 160 160 160 160 160 160 160 160 160 160 160 160 160 160 160 122 122 122 122 122 122 122 122 122 122 122 122 122 122 122 122 122 122 122 122 122 122 122 122 122 122 122 122 122 122 122 122 122
80 80 80 80 80 80 80 80 80 80 80 80 80 80 80 80 80 80 80 80 80 80 80 80 80 80 80 80 80 80 80 80 161 161 161 161 161 161 161 160 160 160 160 160 160 160 160 160 160 160 160 160 160 160 160 160 160 160 160 160 160 160 122 122 122 122 122 122 122 122 122 122 122 122 122 122 122 122 122 122 122 122 122 122 122 122 122 122 122 122 122 122 122 122 122 122
80 80 80 80 80 80 80 80 80 80 80 80 80 80 80 80 80 80 80 80 80 80 80 80 80 80 80 80 80 80 80 80 161 161 161 161 161 160 160 160 160 160 160 160 160 160 160 160 160 160 160 160 160 160 160 160 160 160 160 160 160 122 122 122 122 122 122 122 122 122 122 122 122 122 122 122 122 122 122 122 122 122 122 122 122 122 122 122 122 122 122 122 122 122 122 122
80 80 80 80 80 80 80 80 80 80 80 80 80 80 80 80 80 80 80 80 80 80 80 80 80 80 80 80 80 80 80 80 161 161 161 161 160 160 160 160 160 160 160 160 160 160 160 160 160 160 160 160 160 160 160 160 160 160 160 160 122 122 122 122 122 122 122 122 122 122 122 122 122 122 122 122 122 122 122 122 122 122 122 122 122 122 122 122 122 122 122 122 122 122 122 122
80 80 80 80 80 80 80 80 80 80 80 80 80 80 80 80 80 80 80 80 80 80 80 80 80 80 80 80 80 80 80 80 161 161 160 160 160 160 160 160 160 160 160 160 160 160 160 160 160 160 160 160 160 160 160 160 160 160 160 122 122 122 122 122 122 122 122 122 122 122 122 122 122 122 122 122 122 122 122 122 122 122 122 122 122 122 122 122 122 122 122 122 122 122 122 122
80 80 80 80 80 80 80 80 80 80 80 80 80 80 80 80 80 80 80 80 80 80 80 80 80 80 80 80 80 80 80 80 80 160 160 160 160 160 160 160 160 160 160 160 160 160 160 160 160 160 160 160 160 160 160 160 160 160 122 122 122 122 122 122 122 122 122 122 122 122 122 122 122 122 122 122 122 122 122 122 122 122 122 122 122 122 122 122 122 122 122 122 122 122 122 122
80 80 80 80 80 80 80 80 80 80 80 80 80 80 80 80 80 80 80 80 80 80 80 80 80 80 80 80 80 80 80 79 79 160 160 160 160 160 160 160 160 160 160 160 160 160 160 160 160 160 160 160 160 160 160 160 160 122 122 122 122 122 122 122 122 122 122 122 122 122 122 122 122 122 122 122 122 122 122 122 122 122 122 122 122 122 122 122 122 122 122 122 122 122 122 122
80 80 80 80 80 80 80 80 80 80 80 80 80 80 80 80 80 80 80 80 80 80 80 80 80 80 80 80 80 79 79 79 79 160 160 160 160 160 160 160 160 160 160 160 160 160 160 160 160 160 160 160 160 160 160 160 160 122 122 122 122 122 122 122 122 122 122 122 122 122 122 122 122 122 122 122 122 122 122 122 122 122 122 122 122 122 122 122 122 122 122 122 122 122 122 122
80 80 80 80 80 80 80 80 80 80 80 80 80 80 80 80 80 80 80 80 80 80 80 80 80 80 80 80 79 79 79 79 79 160 160 160 160 160 160 160 160 160 160 160 160 160 160 160 160 160 160 160 160 160 160 160 122 122 122 122 122 122 122 122 122 122 122 122 122 122 122 122 122 122 122 122 122 122 122 122 122 122 122 122 122 122 122 122 122 122 122 122 122 122 122 122
80 80 80 80 80 80 80 80 80 80 80 80 80 80 80 80 80 80 80 80 80 80 80 80 80 80 79 79 79 79 79 79 79 160 160 160 160 160 160 160 160 160 160 160 160 160 160 160 160 160 160 160 160 160 160 122 122 122 122 122 122 122 122 122 122 122 122 122 122 122 122 122 122 122 122 122 122 122 122 122 122 122 122 122 122 122 122 122 122 122 122 122 122 122 122 122
80 80 80 80 80 80 80 80 80 80 80 80 80 80 80 80 80 80 80 80 80 80 80 80 79 79 79 79 79 79 79 79 79 160 160 160 160 160 160 160 160 160 160 160 160 160 160 160 160 160 160 160 160 160 122 122 122 122 122 122 122 122 122 122 122 122 122 122 122 122 122 122 122 122 122 122 122 122 122 122 122 122 122 122 122 122 122 122 122 122 122 122 122 122 122 122
