testData/tiles/oneDegree/grid39.0-18.0-40.0-19.0.asc
ncols   200
nrows   200
xllcorner   39.0
yllcorner   18.0
cellsize   0.005
NODATA_value   -9999.0
[rows 82 to 122 of 200, columns 93 to 185 of 200]
990 990 989 989 988 987 986 985 985 984 983 981 980 980 979 978 977 976 975 975 974 972 970 970 969 968 967 965 964 963 963 961 959 958 956 955 953 952 950 949 948 947 947 947 947 947 946 946 922 921 920 919 919 919 918 918 918 917 917 916 916 915 915 913 913 912 912 911 911 910 910 909 909 908 907 907 906 906 905 905 904 904 903 903 903 901 901 901 901 899 899 900 899
990 990 989 989 988 987 986 985 985 984 984 981 980 980 979 978 977 976 975 974 974 973 970 969 969 968 966 964 963 962 961 959 957 956 955 954 953 951 950 949 949 947 947 947 946 946 945 945 921 920 919 919 919 919 919 917 917 916 915 914 914 914 914 913 912 911 911 910 910 910 910 909 908 907 907 906 906 906 905 904 903 902 901 901 902 900 900 899 900 899 899 898 898
989 989 988 988 987 985 985 984 984 983 982 980 979 979 978 977 977 975 974 973 973 972 969 968 968 967 966 964 963 962 961 960 957 956 954 953 952 950 948 948 948 947 946 946 946 946 945 945 920 918 918 917 917 917 917 916 916 916 915 913 913 913 913 912 912 911 911 909 909 909 909 908 908 907 907 905 904 904 903 903 902 902 900 900 900 901 900 899 898 898 898 898 897
988 988 987 987 987 986 985 984 984 983 982 980 979 978 978 977 976 975 974 973 972 971 968 967 966 966 965 963 962 961 960 959 956 955 954 953 952 949 947 947 946 945 944 944 944 944 943 943 919 918 918 917 917 916 916 915 915 915 914 913 913 913 912 911 911 910 910 909 909 909 908 907 906 905 905 904 904 904 903 902 901 901 900 900 899 899 899 898 898 897 897 896 896
987 987 986 985 985 984 983 982 982 981 980 979 977 976 976 975 974 973 972 971 970 970 967 966 965 964 964 963 961 960 958 957 955 953 952 951 950 947 946 946 946 945 944 944 944 944 943 942 918 917 917 916 916 916 916 915 915 914 913 912 912 912 912 912 911 910 908 908 907 907 907 906 906 904 904 903 903 903 903 902 900 900 899 899 899 899 898 896 896 895 895 896 896
986 986 985 984 984 983 982 981 980 980 979 978 976 975 975 974 973 972 971 970 969 969 967 965 964 963 963 962 960 959 958 956 955 953 952 951 949 947 945 945 945 944 943 943 943 943 943 942 918 917 916 915 915 915 915 915 914 914 913 913 910 910 910 910 909 908 908 908 907 906 906 906 905 904 904 903 902 902 902 901 900 900 900 897 897 897 896 895 895 895 894 894 895
986 985 985 984 984 983 982 981 980 980 979 977 976 975 974 974 973 972 971 970 969 968 967 965 964 962 961 961 959 958 957 955 954 952 951 949 948 947 945 945 944 944 944 942 942 942 942 917 917 916 916 915 914 914 913 913 912 911 911 911 910 910 910 910 908 907 907 907 906 906 906 906 904 903 903 903 902 902 901 899 898 898 898 897 897 897 895 894 894 894 894 894 893
986 984 984 983 983 982 981 980 979 979 978 976 975 974 973 973 972 971 970 969 968 966 966 964 963 962 961 960 958 958 957 955 954 951 949 948 947 946 944 944 943 943 942 941 941 941 941 916 915 914 914 914 913 913 913 913 912 911 910 910 909 909 909 909 908 907 907 906 905 905 905 905 903 902 902 901 900 900 900 899 898 898 897 896 896 896 895 894 893 893 892 893 892
985 983 983 982 982 981 980 979 978 978 976 975 975 973 972 972 970 969 967 967 966 964 963 962 961 960 959 958 957 955 954 952 951 950 948 947 946 945 943 943 941 941 941 940 940 940 940 915 915 914 914 914 912 912 912 912 911 910 910 910 909 909 908 908 907 906 906 906 904 904 903 903 901 901 901 901 900 900 899 898 897 897 897 896 895 895 894 893 892 892 891 890 891
984 982 982 981 980 980 979 978 977 976 975 974 973 972 971 970 970 969 967 967 965 964 963 963 961 960 959 958 957 954 952 951 950 949 947 946 945 943 943 941 941 941 941 940 940 939 939 915 913 913 913 913 912 912 912 912 909 909 909 909 908 908 907 907 906 904 904 904 903 903 903 903 901 900 900 900 899 899 899 898 896 896 896 895 894 894 893 891 891 891 890 890 889
983 981 980 980 979 979 978 977 976 974 974 973 972 971 970 969 969 968 967 966 964 963 962 961 960 959 958 957 956 954 952 951 950 949 947 946 944 942 942 940 940 940 940 939 939 939 939 915 913 913 912 912 911 911 911 910 909 908 908 908 907 906 906 906 905 904 904 904 904 902 902 901 900 900 900 900 898 898 897 896 895 895 895 894 893 892 892 891 891 890 889 889 888
983 982 980 980 979 979 978 977 975 974 974 973 972 971 970 969 969 968 967 964 964 963 961 960 958 958 957 956 955 952 951 950 949 948 946 945 943 942 941 940 940 940 939 939 938 938 937 912 911 911 911 911 910 910 909 908 908 907 907 907 907 906 906 905 904 903 903 903 903 902 902 901 900 899 899 898 897 897 896 895 894 894 894 894 893 892 891 890 890 890 890 889 887
980 980 978 978 977 977 976 975 973 972 971 972 971 971 969 968 967 967 965 963 963 962 961 960 958 957 957 956 954 952 950 949 947 946 944 942 941 940 939 938 938 938 938 938 937 937 936 911 910 910 910 910 910 909 909 908 908 907 906 906 906 905 905 904 904 903 903 902 902 900 899 899 899 898 898 897 897 895 895 895 894 894 893 893 891 891 891 890 889 888 888 886 886
979 979 977 977 976 975 975 973 972 971 970 970 969 968 967 966 965 965 963 961 960 960 959 958 957 955 954 954 952 951 949 948 947 946 944 942 941 939 939 937 937 937 937 937 936 936 911 911 910 910 910 910 909 908 907 907 907 906 906 906 906 905 903 902 902 901 901 901 901 900 898 898 898 897 897 897 897 895 894 894 893 893 893 893 890 889 889 888 888 888 887 885 885
979 979 977 977 976 975 974 973 972 971 970 970 969 968 967 966 965 963 963 961 960 959 959 958 957 955 954 951 950 950 948 947 945 944 943 941 939 938 938 937 937 937 937 937 935 934 910 910 910 909 909 909 909 907 907 907 905 904 904 904 904 902 902 902 902 900 900 900 900 898 898 898 898 896 896 896 895 894 894 894 892 891 891 890 889 889 889 888 887 887 886 885 885
978 978 977 975 975 973 973 972 970 970 969 969 968 967 965 965 963 962 962 961 959 958 958 957 956 954 952 951 950 949 947 946 945 944 943 939 938 937 937 937 936 936 936 936 934 934 910 910 909 907 907 907 906 905 905 905 905 904 904 904 902 901 901 901 901 900 900 900 899 897 897 897 897 896 896 894 893 892 892 892 892 891 890 889 888 888 888 888 887 886 885 884 884
977 976 976 973 973 972 972 972 971 970 969 968 968 967 964 964 963 962 962 961 958 957 956 956 955 952 951 950 949 948 946 945 944 943 940 938 936 936 936 936 935 934 934 933 932 932 908 908 908 907 907 907 906 905 904 904 904 903 903 903 902 902 901 900 900 900 899 898 898 898 896 896 895 894 894 893 893 892 892 891 891 890 889 889 888 888 887 887 885 884 884 883 882
976 975 974 972 972 971 970 970 969 968 967 966 966 964 963 962 961 960 959 959 957 956 955 953 953 951 950 949 948 947 945 943 942 940 939 936 935 935 935 935 934 934 933 933 933 932 908 907 907 906 906 905 905 904 904 904 904 904 902 901 901 901 900 900 899 899 897 896 896 896 895 895 895 895 893 892 892 891 891 891 891 889 888 888 887 886 886 885 883 883 883 882 882
975 973 973 971 971 970 969 969 968 966 966 965 963 963 962 960 960 959 958 957 956 955 953 952 951 950 949 948 947 946 944 943 941 940 938 936 935 935 934 934 933 932 932 932 932 931 907 907 907 905 905 904 904 904 903 903 903 902 900 900 900 899 898 898 898 897 896 896 896 896 894 894 894 893 892 892 892 891 890 890 889 887 887 887 887 885 885 884 883 883 883 882 881
974 973 973 971 970 970 969 969 968 966 965 964 963 963 962 960 960 959 958 957 956 954 953 952 951 949 948 947 946 945 944 941 940 938 937 935 934 934 934 934 932 932 932 932 931 906 906 906 905 903 903 903 903 903 902 901 900 900 899 899 899 899 898 898 897 896 895 895 895 895 894 894 893 892 891 891 890 889 889 888 888 886 886 886 886 885 884 883 882 882 882 882 880
972 971 970 969 968 969 968 967 967 964 964 963 962 962 961 959 958 958 957 955 953 953 952 951 950 949 947 946 945 944 942 940 939 938 936 935 932 932 931 931 930 930 930 930 930 905 905 904 904 902 902 902 902 902 901 900 900 900 899 898 898 898 897 896 896 896 895 895 894 894 892 891 891 891 890 890 889 889 887 887 887 886 886 885 885 883 883 883 882 881 880 879 878
972 971 970 970 968 968 967 965 965 963 962 962 961 960 960 958 956 956 954 953 952 950 950 949 948 947 945 944 942 941 940 938 937 936 935 934 932 931 931 931 929 929 929 929 929 904 903 903 903 903 902 902 902 901 899 899 899 899 898 898 898 898 896 895 894 894 893 893 893 892 891 891 890 890 889 889 889 888 887 886 886 885 885 884 884 882 881 881 880 880 879 879 877
970 970 969 969 967 965 965 964 964 963 961 961 960 959 959 957 955 954 954 953 952 950 950 949 948 947 944 943 942 940 939 937 936 935 934 932 930 930 930 930 930 929 929 929 928 903 902 902 902 902 901 901 901 900 899 899 899 897 896 896 896 895 894 894 894 894 893 892 891 891 890 890 890 890 889 887 887 887 886 886 885 884 882 882 882 881 881 881 881 878 878 878 877
969 969 968 968 965 964 964 963 962 962 960 960 959 958 956 955 954 953 953 952 951 949 948 948 947 945 943 942 941 940 939 937 936 935 932 931 930 929 929 929 929 928 928 927 927 902 902 902 902 901 900 898 898 898 897 897 897 897 896 895 895 894 893 893 893 893 892 891 891 891 889 889 889 889 887 886 886 886 884 884 884 883 882 882 882 880 880 880 879 878 878 877 876
968 968 966 965 964 963 964 963 962 962 960 959 959 957 956 955 954 953 952 952 951 949 948 945 945 944 942 941 940 939 938 936 934 932 931 929 928 928 928 928 928 926 926 925 925 900 900 900 900 900 898 898 898 898 897 896 896 896 894 894 894 894 894 893 893 891 891 890 890 890 888 888 888 886 885 885 885 885 884 884 883 882 881 881 881 880 879 878 878 876 876 876 875
966 966 965 964 963 962 962 961 960 960 958 956 956 955 954 953 952 951 950 949 949 946 945 944 943 942 941 940 939 938 937 933 931 930 929 928 927 927 927 927 926 925 925 925 901 900 900 900 898 898 897 897 897 897 896 896 895 895 894 893 893 893 893 892 890 890 890 889 888 888 888 886 886 886 885 885 884 884 882 882 882 882 881 880 879 877 877 877 877 876 875 875 873
965 964 964 963 962 961 960 960 959 957 956 955 954 954 953 952 951 950 949 947 947 945 944 943 942 941 939 938 937 935 934 932 931 930 929 928 927 927 926 925 925 924 924 924 900 900 898 898 898 898 897 897 897 896 895 894 894 893 893 892 892 892 891 889 889 889 889 888 888 888 887 886 885 885 884 884 884 883 882 881 880 880 879 879 878 877 876 876 876 875 874 874 873
965 964 964 963 961 961 959 959 958 957 956 955 954 954 953 952 950 949 948 947 946 945 944 943 942 941 939 936 935 934 933 931 930 929 927 927 925 925 925 925 925 924 924 924 900 898 897 896 896 896 895 895 895 894 893 893 893 892 892 891 891 890 890 889 889 889 888 887 886 886 886 885 885 885 884 881 881 881 880 880 880 880 877 877 877 876 876 876 876 873 873 873 871
963 962 962 961 958 958 957 956 957 956 955 954 953 952 952 950 948 948 947 946 945 943 943 942 941 939 937 936 935 934 933 932 930 927 925 925 923 923 923 923 923 922 922 921 897 897 896 896 896 896 894 893 893 893 892 892 892 892 892 890 890 889 889 888 888 888 887 886 886 885 884 883 883 883 882 881 881 881 879 879 879 878 877 877 877 875 875 874 873 872 872 871 870
963 961 960 960 958 958 957 956 956 955 953 953 951 950 950 949 947 946 946 945 943 941 939 939 938 937 936 934 933 932 931 930 926 925 924 924 923 923 923 923 923 921 920 920 896 896 895 895 895 894 893 893 893 893 893 891 891 890 890 889 889 889 889 887 887 885 885 884 884 884 884 883 882 881 881 880 880 880 879 878 878 877 876 876 875 875 873 872 872 871 871 871 869
960 960 959 959 958 956 956 955 955 954 951 951 950 949 948 948 946 945 944 944 942 940 939 938 937 937 936 934 933 932 929 927 925 924 923 923 923 922 922 921 921 920 920 896 896 896 895 893 893 893 892 892 892 892 892 889 889 889 889 887 887 887 887 885 885 885 885 884 883 883 882 881 881 881 881 880 879 878 877 876 876 876 875 874 873 873 872 872 872 871 869 869 868
959 959 958 958 957 955 955 953 952 952 950 949 949 948 947 947 945 944 942 942 941 939 938 937 936 935 934 931 930 929 928 927 925 924 923 923 923 921 920 920 920 919 919 895 895 893 892 892 892 892 891 891 890 889 889 888 888 888 888 887 887 886 886 884 884 884 884 883 882 882 882 880 880 880 879 877 877 877 876 875 875 875 873 873 873 873 871 871 871 869 869 868 868
958 958 957 956 956 953 953 952 951 951 950 948 948 947 946 945 944 943 942 941 941 940 938 937 936 933 931 929 928 927 926 925 923 921 920 920 920 919 919 919 919 918 918 893 892 892 891 891 891 891 890 889 889 889 889 888 887 887 887 885 885 885 885 884 884 884 882 881 880 880 880 879 879 879 878 876 876 876 875 875 874 874 872 872 872 872 871 869 869 867 867 867 867
957 957 955 954 954 952 951 951 950 949 949 947 946 945 944 943 942 941 940 939 938 938 936 934 933 932 931 929 928 927 926 925 921 920 919 919 919 918 918 918 918 916 916 892 892 892 891 891 891 889 888 888 888 888 888 887 887 886 886 885 885 883 883 882 881 881 881 880 880 880 879 878 877 877 877 876 876 876 873 873 873 873 871 871 871 869 868 868 868 867 867 867 922
956 955 955 954 954 952 951 951 950 949 948 946 945 945 944 943 940 940 939 938 936 935 933 933 932 931 930 928 927 925 924 922 920 919 919 919 919 918 917 917 917 915 915 891 891 891 890 889 889 889 888 888 888 887 886 884 884 884 884 883 883 883 882 881 880 880 880 879 879 879 878 877 877 876 876 875 874 873 873 872 872 871 870 869 869 869 868 868 867 866 866 866 922
955 954 954 953 952 951 950 949 948 947 947 945 944 943 943 942 940 938 938 937 936 935 933 932 931 931 930 927 926 923 922 921 919 918 918 918 917 916 916 916 916 915 890 890 889 889 888 887 887 887 886 886 885 885 885 884 884 884 883 882 881 881 881 880 880 880 880 878 877 877 877 876 875 875 874 873 872 872 872 871 871 870 869 869 868 868 867 867 867 866 864 864 920
953 952 952 951 949 948 947 946 946 945 944 943 942 941 940 939 937 936 935 935 934 933 931 930 928 927 926 924 923 922 921 920 918 916 916 916 916 914 914 914 914 913 888 888 888 888 887 887 887 887 885 885 884 884 884 883 883 883 882 881 881 881 880 879 879 878 877 876 876 876 876 874 873 873 873 872 872 872 872 869 869 869 868 868 868 867 865 865 865 864 864 864 920
952 951 950 950 949 948 947 946 946 945 944 942 941 940 939 939 937 936 935 934 934 932 930 928 927 926 925 923 922 921 919 918 915 915 915 915 915 914 914 913 913 912 888 887 887 887 886 885 885 885 884 884 884 884 884 882 881 881 880 879 879 879 879 877 877 877 876 875 875 875 874 873 873 873 872 871 871 870 870 869 868 868 866 866 866 866 865 865 865 863 863 863 919
950 950 949 949 948 946 946 945 943 943 942 940 940 939 938 937 936 935 933 932 931 931 929 928 927 926 925 923 921 920 919 917 915 914 914 914 913 912 912 912 912 911 887 887 887 886 885 885 885 883 882 882 882 881 881 880 880 880 880 879 877 877 877 876 876 876 876 875 874 873 873 872 872 872 872 869 869 869 868 867 867 867 866 866 866 865 864 864 864 863 863 863 917
948 948 947 946 945 943 944 943 942 942 941 939 938 938 937 935 934 933 932 931 930 929 927 927 926 924 923 921 920 918 917 916 914 914 913 912 912 911 911 911 910 909 884 884 884 884 883 883 883 883 881 881 881 881 880 879 879 879 878 877 877 877 877 876 875 874 874 873 873 872 872 871 870 869 869 868 868 868 868 867 867 866 865 865 865 865 864 864 862 861 861 861 917
948 947 946 945 945 943 942 942 941 940 940 938 936 936 935 934 932 932 931 930 929 927 925 924 923 922 921 919 917 916 915 913 911 911 911 911 911 910 910 909 909 884 884 884 884 884 882 882 881 881 880 880 880 880 880 878 878 878 877 876 876 876 876 873 873 873 873 872 871 871 870 869 869 869 869 868 867 867 867 866 866 866 865 864 863 863 862 862 862 861 860 860 916
