testData/tiles/oneDegree/grid6.0-18.0-7.0-19.0.asc
ncols   200
nrows   200
xllcorner   6.0
yllcorner   18.0
cellsize   0.005
NODATA_value   -9999.0
[rows 40 to 79 of 200, columns 0 to 88 of 200]
1086 1086 1086 1086 1068 1067 1173 1173 1173 1173 1173 1173 1172 1172 1172 1172 1172 1171 1171 1170 1170 1170 1170 1170 1170 1169 1169 1169 1169 1168 1167 1167 1167 1167 1167 1167 1166 1166 1166 1030 1029 1028 1028 1028 1028 1028 1027 1027 1027 1027 1027 1025 1025 1025 1026 1025 1025 1025 1026 1026 1024 1024 1024 1025 1024 1024 1024 1024 1025 1023 1023 1024 1025 1025 1026 1027 1028 1028 1028 1030 1030 1030 1032 1033 1034 1034 1034 1034 1036
1086 1085 1085 1085 1068 1068 1174 1174 1173 1173 1173 1173 1173 1172 1172 1171 1171 1171 1171 1171 1171 1170 1170 1170 1170 1169 1169 1168 1168 1168 1168 1168 1168 1167 1167 1167 1166 1166 1165 1165 1165 1029 1029 1028 1028 1028 1028 1027 1026 1026 1026 1026 1027 1026 1026 1026 1026 1025 1025 1025 1025 1026 1025 1025 1025 1025 1024 1024 1024 1024 1024 1025 1026 1026 1028 1026 1029 1029 1030 1030 1031 1032 1034 1032 1033 1034 1035 1036 1037
1086 1086 1086 1069 1068 1068 1174 1174 1173 1173 1173 1172 1172 1172 1172 1172 1172 1172 1171 1171 1171 1170 1170 1170 1169 1169 1169 1169 1169 1168 1168 1168 1167 1167 1167 1166 1166 1166 1166 1166 1165 1165 1029 1028 1028 1027 1027 1027 1027 1027 1026 1027 1027 1026 1026 1026 1026 1026 1026 1026 1026 1026 1025 1025 1025 1025 1025 1025 1024 1025 1026 1025 1025 1025 1028 1029 1029 1030 1030 1033 1031 1032 1033 1034 1034 1036 1036 1037 1036
1086 1086 1086 1068 1068 1068 1174 1173 1173 1173 1173 1173 1173 1173 1172 1172 1171 1171 1171 1171 1170 1170 1170 1170 1170 1170 1169 1169 1168 1168 1168 1168 1167 1167 1167 1167 1167 1166 1166 1165 1165 1165 1164 1164 1028 1028 1028 1027 1027 1027 1027 1027 1026 1027 1027 1027 1026 1026 1027 1026 1026 1025 1026 1026 1026 1025 1025 1026 1025 1026 1025 1025 1027 1028 1028 1029 1030 1031 1030 1032 1033 1033 1035 1035 1036 1036 1036 1036 1039
1086 1086 1086 1068 1068 1068 1174 1174 1174 1174 1173 1172 1172 1172 1172 1172 1172 1171 1171 1171 1171 1171 1171 1169 1169 1169 1169 1169 1169 1168 1168 1168 1168 1168 1167 1166 1166 1166 1166 1165 1165 1165 1165 1165 1164 1027 1027 1027 1028 1027 1027 1027 1028 1028 1027 1026 1027 1027 1026 1026 1027 1027 1027 1026 1025 1026 1026 1025 1025 1026 1027 1026 1028 1027 1029 1029 1031 1031 1032 1032 1034 1033 1035 1034 1035 1037 1038 1038 1038
1086 1086 1086 1069 1069 1069 1173 1173 1173 1173 1173 1173 1173 1172 1172 1172 1172 1172 1171 1170 1170 1170 1170 1170 1170 1169 1169 1169 1169 1169 1168 1167 1167 1167 1167 1167 1166 1166 1166 1166 1166 1164 1164 1164 1164 1164 1028 1028 1028 1028 1029 1027 1027 1027 1028 1028 1027 1027 1027 1028 1026 1026 1026 1027 1026 1026 1026 1026 1028 1026 1026 1026 1028 1028 1030 1031 1031 1032 1032 1034 1034 1034 1035 1037 1037 1038 1037 1038 1038
1086 1086 1068 1068 1068 1068 1174 1174 1174 1173 1173 1173 1173 1172 1172 1172 1171 1171 1171 1171 1171 1171 1170 1170 1170 1169 1169 1169 1168 1168 1168 1168 1168 1167 1167 1167 1167 1166 1165 1165 1165 1165 1165 1164 1164 1165 1165 1164 1027 1028 1028 1028 1028 1028 1028 1028 1028 1027 1027 1027 1027 1028 1027 1027 1027 1027 1026 1027 1027 1027 1026 1028 1029 1030 1029 1030 1031 1033 1032 1034 1035 1036 1036 1036 1037 1038 1039 1039 1040
1086 1086 1069 1069 1069 1068 1174 1174 1173 1173 1173 1173 1172 1172 1172 1172 1172 1172 1172 1171 1171 1170 1170 1170 1169 1169 1169 1169 1169 1169 1168 1168 1167 1167 1167 1166 1166 1166 1166 1166 1165 1165 1165 1165 1165 1164 1164 1165 1165 1029 1028 1029 1028 1028 1028 1028 1028 1028 1028 1027 1028 1028 1027 1026 1027 1027 1027 1028 1027 1028 1028 1028 1029 1030 1032 1032 1032 1033 1034 1035 1035 1035 1037 1037 1038 1040 1040 1040 1039
1087 1086 1068 1068 1068 1068 1174 1174 1173 1173 1173 1173 1173 1173 1173 1171 1171 1171 1171 1171 1171 1170 1170 1170 1170 1170 1170 1168 1168 1168 1168 1168 1167 1167 1167 1167 1167 1166 1165 1165 1165 1165 1165 1165 1165 1165 1166 1165 1164 1164 1165 1029 1028 1028 1029 1029 1028 1028 1028 1028 1028 1027 1028 1028 1028 1027 1028 1028 1028 1027 1028 1028 1031 1030 1032 1031 1033 1034 1034 1036 1036 1036 1038 1038 1038 1039 1039 1041 1041
1086 1069 1069 1069 1069 1068 1174 1174 1174 1174 1173 1172 1172 1172 1172 1172 1172 1172 1171 1171 1171 1171 1170 1170 1169 1169 1169 1169 1169 1168 1168 1168 1168 1167 1166 1166 1166 1166 1166 1166 1166 1166 1166 1166 1165 1165 1165 1165 1166 1165 1165 1165 1030 1029 1028 1028 1029 1029 1028 1028 1028 1029 1029 1027 1027 1028 1029 1028 1028 1029 1030 1029 1030 1031 1033 1033 1033 1035 1035 1035 1036 1037 1039 1038 1039 1041 1042 1040 1041
1086 1069 1069 1069 1068 1068 1174 1174 1173 1173 1173 1173 1173 1173 1172 1172 1172 1171 1171 1171 1170 1170 1170 1170 1170 1170 1169 1169 1168 1168 1168 1167 1167 1167 1167 1167 1167 1166 1166 1166 1166 1166 1165 1166 1166 1166 1165 1166 1166 1165 1165 1165 1165 1029 1029 1030 1029 1029 1028 1029 1028 1028 1028 1029 1028 1029 1029 1028 1028 1029 1029 1030 1031 1032 1034 1034 1033 1035 1036 1036 1037 1037 1039 1040 1039 1040 1041 1042 1042
1069 1069 1069 1069 1068 1068 1174 1174 1174 1174 1173 1172 1172 1172 1172 1172 1172 1171 1171 1171 1171 1171 1171 1169 1169 1169 1169 1169 1168 1168 1168 1168 1168 1168 1166 1166 1166 1166 1167 1166 1166 1167 1167 1167 1165 1166 1166 1166 1165 1166 1166 1166 1166 1166 1029 1029 1029 1029 1029 1029 1029 1029 1029 1028 1028 1029 1029 1029 1030 1030 1030 1031 1032 1032 1032 1034 1035 1037 1036 1037 1037 1039 1039 1040 1040 1041 1042 1042 1042
958 958 1069 1069 1069 1068 1174 1173 1173 1173 1173 1173 1173 1172 1172 1172 1172 1172 1171 1170 1170 1170 1170 1170 1170 1169 1169 1169 1169 1168 1167 1167 1167 1167 1167 1167 1167 1167 1167 1167 1167 1166 1166 1166 1167 1166 1166 1166 1167 1166 1165 1165 1166 1166 1166 1165 1030 1030 1030 1028 1029 1029 1029 1028 1030 1030 1030 1028 1029 1031 1031 1032 1032 1034 1034 1036 1034 1036 1037 1037 1038 1039 1040 1040 1041 1041 1043 1042 1043
958 958 958 957 957 1068 1174 1174 1174 1174 1173 1173 1172 1172 1172 1172 1171 1171 1171 1171 1171 1171 1170 1170 1169 1169 1169 1168 1168 1168 1168 1168 1168 1167 1166 1167 1167 1167 1166 1167 1167 1167 1168 1167 1167 1166 1167 1166 1166 1166 1167 1167 1166 1166 1166 1166 1165 1029 1030 1030 1030 1029 1029 1030 1030 1029 1029 1031 1031 1031 1031 1031 1033 1033 1034 1035 1037 1037 1038 1038 1039 1039 1040 1041 1042 1041 1043 1044 1043
958 958 958 958 958 958 1062 1062 1173 1173 1173 1173 1172 1172 1172 1172 1172 1172 1170 1170 1170 1170 1170 1170 1169 1169 1169 1169 1169 1168 1167 1167 1167 1167 1168 1167 1167 1168 1168 1168 1166 1167 1167 1167 1167 1167 1167 1167 1167 1166 1166 1166 1166 1167 1166 1166 1166 1167 1030 1029 1029 1030 1029 1030 1030 1031 1031 1030 1031 1031 1033 1032 1033 1034 1036 1035 1036 1037 1038 1039 1040 1041 1040 1041 1041 1043 1043 1044 1044
958 958 957 957 957 957 1063 1063 1063 1062 1062 1062 1172 1172 1172 1171 1171 1171 1171 1171 1171 1170 1170 1170 1169 1169 1168 1168 1168 1168 1168 1168 1168 1168 1167 1167 1168 1167 1167 1167 1168 1168 1167 1168 1167 1167 1166 1167 1167 1167 1167 1167 1167 1167 1166 1166 1166 1166 1166 1031 1030 1030 1031 1030 1030 1030 1031 1031 1032 1032 1033 1033 1032 1035 1035 1037 1036 1039 1039 1039 1039 1040 1042 1043 1043 1043 1045 1044 1045
958 958 958 958 958 956 1062 1062 1062 1062 1062 1061 1061 1061 1061 1172 1172 1172 1170 1170 1170 1170 1170 1169 1169 1169 1169 1169 1169 1167 1167 1168 1168 1168 1167 1168 1168 1168 1169 1167 1167 1167 1168 1168 1167 1167 1168 1168 1167 1166 1167 1167 1167 1166 1167 1167 1167 1166 1166 1166 1166 1029 1031 1031 1031 1032 1032 1032 1032 1033 1032 1034 1034 1036 1035 1037 1038 1039 1039 1039 1042 1041 1041 1042 1043 1042 1045 1046 1046
958 957 957 957 957 957 1063 1063 1062 1062 1062 1061 1061 1061 1060 1060 1060 1060 1060 1171 1170 1170 1170 1169 1169 1169 1168 1168 1168 1168 1169 1168 1168 1168 1168 1168 1167 1168 1168 1168 1168 1168 1168 1168 1168 1168 1167 1167 1168 1168 1167 1167 1168 1167 1167 1166 1167 1167 1167 1166 1167 1168 1031 1030 1030 1032 1032 1032 1032 1034 1034 1033 1034 1035 1037 1037 1038 1039 1040 1040 1041 1042 1042 1044 1044 1045 1045 1045 1045
958 958 958 958 957 956 1062 1062 1062 1062 1062 1061 1061 1061 1061 1061 1061 1059 1059 1059 1059 1059 1169 1169 1169 1169 1169 1169 1167 1168 1168 1168 1169 1168 1168 1168 1169 1169 1167 1168 1168 1168 1168 1168 1168 1168 1168 1168 1167 1167 1167 1168 1167 1167 1167 1168 1167 1166 1166 1167 1167 1167 1167 1032 1033 1032 1032 1033 1034 1033 1034 1034 1036 1037 1036 1038 1039 1039 1040 1041 1041 1042 1042 1044 1044 1044 1046 1047 1047
957 957 957 957 957 957 1063 1062 1062 1062 1061 1061 1061 1060 1060 1060 1060 1060 1060 1059 1059 1059 1058 1058 1058 1057 1168 1168 1169 1169 1168 1169 1169 1168 1168 1168 1168 1168 1169 1169 1168 1168 1169 1168 1168 1168 1168 1168 1168 1168 1168 1168 1167 1168 1167 1167 1167 1168 1167 1167 1168 1168 1167 1167 1032 1032 1033 1034 1034 1034 1034 1035 1035 1037 1036 1039 1039 1039 1040 1041 1043 1043 1043 1044 1045 1045 1045 1046 1047
958 958 958 956 956 956 956 1062 1062 1062 1061 1061 1061 1061 1061 1061 1059 1059 1059 1059 1059 1059 1058 1058 1058 1058 1058 1057 1057 1057 1169 1169 1168 1169 1169 1169 1169 1168 1168 1168 1169 1169 1168 1168 1169 1169 1169 1167 1168 1168 1168 1167 1168 1168 1168 1167 1167 1167 1167 1167 1168 1168 1168 1169 1168 1033 1033 1034 1034 1035 1035 1036 1035 1037 1038 1039 1039 1040 1042 1041 1042 1043 1044 1045 1045 1046 1046 1046 1047
957 957 957 957 957 957 956 1062 1062 1061 1061 1061 1060 1060 1060 1060 1060 1060 1059 1059 1058 1058 1058 1058 1057 1058 1058 1058 1058 1058 1058 1057 1058 1058 1057 1168 1169 1169 1169 1169 1169 1168 1168 1169 1168 1168 1168 1169 1168 1168 1168 1168 1168 1167 1168 1168 1168 1167 1168 1168 1168 1167 1168 1169 1169 1169 1034 1034 1035 1034 1035 1036 1037 1037 1038 1040 1040 1040 1041 1042 1043 1044 1044 1045 1045 1046 1047 1048 1048
958 958 956 956 956 956 956 1062 1062 1061 1061 1061 1061 1061 1060 1059 1059 1059 1059 1059 1059 1058 1058 1058 1059 1058 1057 1057 1058 1058 1058 1058 1058 1058 1059 1058 1057 1057 1058 1169 1169 1168 1169 1169 1169 1169 1168 1168 1168 1169 1168 1168 1168 1169 1167 1167 1167 1168 1168 1168 1168 1169 1169 1168 1169 1170 1171 1170 1035 1037 1036 1036 1036 1038 1039 1040 1040 1041 1042 1042 1043 1044 1044 1045 1047 1046 1046 1047 1048
957 957 957 957 957 956 956 1061 1061 1061 1061 1060 1060 1060 1060 1060 1060 1059 1058 1058 1058 1058 1058 1058 1058 1058 1059 1059 1058 1057 1058 1058 1058 1058 1058 1058 1058 1059 1058 1057 1058 1058 1058 1057 1169 1169 1169 1168 1168 1168 1168 1169 1168 1168 1168 1169 1168 1167 1168 1169 1168 1168 1169 1170 1170 1170 1170 1172 1171 1036 1036 1037 1037 1038 1039 1039 1041 1041 1043 1043 1043 1044 1045 1046 1046 1047 1048 1049 1048
957 956 956 956 956 956 956 1062 1061 1061 1061 1060 1060 1060 1059 1059 1059 1059 1059 1059 1058 1058 1059 1058 1058 1058 1058 1058 1058 1059 1058 1058 1059 1058 1058 1057 1058 1058 1058 1059 1058 1058 1058 1058 1058 1057 1058 1058 1058 1057 1169 1169 1168 1168 1168 1168 1168 1168 1169 1169 1168 1169 1169 1170 1170 1171 1171 1172 1172 1172 1037 1037 1038 1039 1039 1040 1041 1042 1042 1044 1044 1045 1045 1045 1047 1047 1047 1049 1050
957 957 957 957 955 955 955 1061 1061 1061 1061 1060 1060 1060 1060 1060 1058 1058 1058 1058 1058 1059 1058 1058 1059 1059 1059 1057 1058 1058 1058 1059 1058 1058 1059 1059 1058 1057 1058 1058 1058 1059 1058 1058 1058 1059 1058 1057 1057 1058 1058 1057 1058 1058 1058 1056 1168 1169 1169 1168 1169 1170 1170 1169 1171 1171 1172 1171 1173 1173 1174 1037 1037 1040 1040 1040 1041 1043 1043 1043 1043 1045 1047 1046 1048 1047 1047 1049 1050
956 956 956 956 956 956 956 1061 1060 1060 1060 1060 1060 1059 1059 1059 1059 1059 1059 1058 1058 1058 1058 1059 1058 1058 1059 1059 1059 1059 1058 1058 1058 1059 1058 1058 1058 1059 1059 1058 1058 1058 1058 1058 1058 1058 1058 1059 1058 1057 1057 1058 1058 1057 1057 1058 1058 1057 1057 1058 1059 1058 1059 1171 1172 1170 1171 1173 1173 1173 1173 1175 1039 1039 1039 1040 1043 1042 1044 1044 1044 1045 1046 1046 1047 1049 1049 1050 1049
957 956 956 955 955 955 955 1061 1061 1061 1060 1060 1060 1059 1059 1059 1058 1058 1058 1059 1059 1058 1059 1058 1058 1059 1059 1058 1058 1059 1059 1059 1059 1058 1058 1059 1058 1058 1058 1059 1059 1058 1059 1058 1058 1058 1058 1058 1058 1058 1058 1058 1057 1058 1057 1057 1058 1059 1059 1058 1058 1059 1060 1060 1060 1062 1062 1062 1061 1063 1063 1174 1175 1039 1041 1040 1042 1042 1044 1045 1045 1047 1045 1047 1048 1048 1048 1049 1052
956 956 956 956 956 955 954 1060 1060 1060 1060 1060 1059 1059 1059 1059 1058 1058 1058 1058 1058 1059 1059 1058 1059 1059 1059 1058 1059 1058 1058 1059 1059 1059 1059 1059 1059 1058 1058 1058 1058 1059 1059 1058 1058 1059 1058 1057 1058 1058 1058 1058 1058 1058 1057 1057 1058 1058 1058 1059 1059 1060 1059 1060 1060 1061 1062 1062 1063 1063 1063 1063 1064 1064 930 931 931 932 932 933 933 936 1047 1047 1048 1048 1050 1049 1051
956 956 955 955 955 955 955 1061 1061 1059 1059 1059 1059 1059 1059 1058 1058 1059 1059 1059 1058 1058 1058 1059 1059 1059 1058 1059 1059 1059 1059 1058 1058 1059 1059 1059 1058 1059 1059 1058 1058 1058 1058 1059 1059 1058 1058 1059 1058 1057 1057 1058 1058 1057 1058 1059 1059 1058 1058 1059 1059 1060 1061 1061 1061 1061 1062 1062 1063 1063 1064 1065 1064 1064 1065 931 932 932 933 934 935 935 936 936 938 938 938 939 939
956 955 955 955 955 954 954 1060 1060 1060 1060 1059 1058 1058 1058 1058 1059 1058 1058 1059 1059 1059 1060 1058 1058 1059 1059 1059 1058 1059 1059 1059 1060 1058 1058 1059 1059 1058 1058 1059 1059 1059 1058 1058 1058 1058 1059 1058 1058 1059 1059 1057 1057 1058 1058 1058 1058 1059 1060 1058 1059 1060 1061 1060 1061 1063 1062 1062 1062 1064 1064 1064 1064 1066 1067 1066 932 932 933 934 935 935 936 937 937 939 938 940 940
956 955 955 955 954 954 954 1060 1059 1059 1059 1059 1059 1059 1058 1058 1058 1058 1059 1058 1058 1059 1059 1059 1060 1059 1058 1058 1059 1059 1058 1059 1059 1059 1060 1058 1058 1058 1059 1058 1058 1059 1059 1059 1057 1058 1058 1058 1058 1058 1058 1058 1059 1057 1058 1059 1059 1058 1059 1060 1061 1060 1060 1062 1062 1062 1062 1064 1064 1063 1064 1065 1065 1065 1067 1067 1068 933 933 935 935 936 936 936 936 939 940 939 941
955 955 955 955 954 954 954 1059 1059 1059 1058 1058 1058 1058 1059 1059 1058 1059 1058 1058 1059 1059 1058 1059 1059 1059 1059 1059 1058 1058 1059 1059 1058 1059 1059 1059 1060 1059 1058 1058 1059 1058 1058 1059 1059 1059 1057 1058 1058 1058 1058 1058 1058 1058 1059 1058 1058 1059 1059 1060 1060 1061 1060 1061 1062 1062 1063 1063 1064 1064 1064 1064 1065 1066 1067 1068 1069 1068 932 935 936 935 937 938 938 938 939 939 941
955 954 954 954 954 954 954 1059 1059 1059 1058 1058 1058 1058 1058 1058 1059 1059 1059 1059 1059 1058 1059 1059 1058 1058 1059 1059 1059 1059 1059 1058 1059 1059 1058 1059 1059 1059 1058 1059 1058 1058 1059 1058 1058 1058 1059 1058 1057 1058 1058 1058 1057 1059 1059 1059 1058 1059 1059 1060 1061 1061 1062 1062 1062 1062 1063 1063 1064 1065 1065 1064 1065 1066 1067 1067 1068 1070 1070 934 935 936 937 937 938 939 939 940 941
955 955 954 953 953 953 953 1059 1059 1059 1058 1058 1059 1058 1058 1058 1058 1058 1059 1059 1059 1059 1059 1058 1058 1059 1058 1058 1059 1059 1059 1059 1059 1058 1059 1059 1058 1058 1059 1059 1058 1059 1058 1058 1059 1058 1058 1058 1059 1058 1057 1058 1058 1058 1058 1059 1059 1059 1059 1060 1061 1060 1061 1062 1063 1063 1062 1064 1064 1064 1064 1066 1067 1065 1067 1068 1068 1069 1070 1071 935 936 937 938 938 940 939 939 940
954 954 954 954 954 953 952 1058 1058 1058 1058 1059 1058 1058 1059 1058 1058 1059 1058 1058 1059 1059 1059 1059 1059 1058 1058 1059 1058 1058 1059 1059 1059 1059 1059 1058 1059 1059 1058 1058 1059 1059 1058 1058 1058 1058 1057 1058 1058 1058 1059 1058 1057 1058 1059 1058 1059 1059 1061 1059 1060 1062 1062 1062 1062 1064 1064 1063 1064 1065 1065 1065 1066 1067 1067 1068 1068 1070 1070 1072 1071 935 938 938 939 939 940 940 940
954 954 954 953 953 953 953 1058 1058 1057 1058 1058 1058 1059 1059 1058 1059 1059 1058 1059 1058 1058 1058 1059 1059 1058 1059 1058 1058 1059 1058 1058 1059 1059 1059 1059 1058 1058 1058 1058 1058 1058 1059 1059 1058 1058 1058 1058 1057 1058 1058 1058 1058 1058 1058 1058 1059 1060 1060 1061 1061 1061 1061 1062 1063 1063 1064 1064 1064 1064 1065 1066 1066 1067 1068 1068 1068 1070 1071 1071 1072 1072 938 937 938 940 940 941 940
953 953 953 953 953 952 952 1058 1058 1058 1058 1057 1058 1058 1058 1059 1059 1058 1059 1059 1058 1058 1058 1058 1058 1059 1059 1058 1059 1058 1058 1059 1058 1058 1059 1059 1059 1058 1058 1058 1058 1058 1058 1058 1059 1059 1057 1057 1058 1058 1057 1058 1059 1059 1057 1059 1059 1060 1059 1061 1062 1062 1062 1062 1063 1063 1064 1065 1065 1064 1065 1066 1066 1066 1068 1068 1069 1069 1070 1071 1072 1072 1073 939 938 939 940 940 940
953 953 952 952 952 952 952 1058 1057 1058 1058 1058 1058 1058 1058 1058 1058 1058 1059 1058 1058 1058 1058 1058 1058 1058 1058 1059 1059 1058 1058 1058 1058 1059 1058 1058 1059 1059 1058 1057 1058 1058 1058 1058 1058 1058 1058 1057 1057 1057 1058 1058 1058 1058 1059 1058 1059 1060 1061 1060 1061 1062 1062 1062 1062 1064 1064 1064 1064 1065 1066 1065 1066 1067 1068 1068 1068 1071 1070 1071 1072 1073 1072 1074 938 938 941 941 942
953 953 952 952 951 951 951 1057 1058 1058 1057 1058 1058 1057 1058 1058 1057 1058 1058 1058 1059 1058 1058 1058 1058 1058 1058 1058 1058 1059 1059 1058 1058 1058 1058 1059 1058 1058 1058 1059 1057 1057 1058 1058 1058 1058 1058 1058 1057 1057 1057 1058 1059 1058 1059 1059 1060 1059 1060 1060 1062 1062 1062 1063 1063 1063 1064 1065 1066 1065 1065 1066 1066 1067 1067 1070 1069 1070 1070 1070 1072 1073 1074 1073 1075 939 940 940 941
