testData/tiles/oneDegree/grid31.0-13.0-32.0-14.0.asc
ncols   200
nrows   200
xllcorner   31.0
yllcorner   13.0
cellsize   0.005
NODATA_value   -9999.0
[rows 126 to 167 of 200, columns 0 to 93 of 200]
403 404 404 405 405 406 406 407 407 408 408 409 409 410 410 411 411 412 412 413 413 413 414 414 415 415 415 416 416 417 417 418 418 418 419 419 419 420 420 421 421 421 422 422 422 423 423 423 424 424 424 425 425 425 426 426 426 427 427 427 428 428 428 512 476 476 476 477 477 477 478 478 478 478 479 479 479 479 480 480 480 480 481 481 481 481 482 482 482 482 483 483 483 483
404 405 405 406 406 407 407 408 408 409 409 410 410 411 411 412 412 413 413 413 414 414 415 415 416 416 416 417 417 418 418 418 419 419 420 420 420 421 421 421 422 422 422 423 423 424 424 424 425 425 425 426 426 426 427 427 427 427 428 428 428 429 429 512 477 477 477 477 478 478 478 479 479 479 479 480 480 480 480 481 481 481 481 482 482 482 482 483 483 483 483 484 484 484
405 406 406 407 407 408 408 409 409 410 410 411 411 412 412 413 413 413 414 414 415 415 416 416 416 417 417 418 418 418 419 419 420 420 420 421 421 421 422 422 423 423 423 424 424 424 425 425 425 426 426 426 427 427 427 428 428 428 429 429 429 429 513 477 477 478 478 478 478 479 479 479 480 480 480 480 481 481 481 481 482 482 482 482 483 483 483 483 484 484 484 484 485 485
406 407 407 408 408 409 409 410 410 411 411 412 412 413 413 413 414 414 415 415 416 416 416 417 417 418 418 418 419 419 420 420 420 421 421 422 422 422 423 423 423 424 424 424 425 425 425 426 426 426 427 427 427 428 428 428 429 429 429 430 430 430 514 478 478 478 479 479 479 480 480 480 480 481 481 481 481 482 482 482 482 483 483 483 483 484 484 484 484 485 485 485 485 486
407 408 408 409 409 410 410 411 411 412 412 413 413 413 414 414 415 415 416 416 416 417 417 418 418 419 419 419 420 420 420 421 421 422 422 422 423 423 423 424 424 425 425 425 426 426 426 427 427 427 428 428 428 429 429 429 429 430 430 430 431 431 478 479 479 479 479 480 480 480 481 481 481 481 482 482 482 482 483 483 483 483 484 484 484 484 485 485 485 485 486 486 486 486
408 409 409 410 410 411 411 412 412 412 413 413 414 414 415 415 416 416 416 417 417 418 418 419 419 419 420 420 421 421 421 422 422 422 423 423 424 424 424 425 425 425 426 426 426 427 427 427 428 428 428 429 429 429 430 430 430 431 431 431 431 432 479 479 480 480 480 480 481 481 481 482 482 482 482 483 483 483 483 484 484 484 484 485 485 485 485 486 486 486 486 486 487 487
409 410 410 411 411 412 412 412 413 413 414 414 415 415 416 416 416 417 417 418 418 419 419 419 420 420 421 421 421 422 422 423 423 423 424 424 424 425 425 425 426 426 426 427 427 427 428 428 428 429 429 429 430 430 430 431 431 431 432 432 432 396 480 480 480 481 481 481 481 482 482 482 483 483 483 483 484 484 484 484 485 485 485 485 486 486 486 486 487 487 487 487 487 488
410 410 411 411 412 412 413 413 414 414 415 415 416 416 416 417 417 418 418 419 419 419 420 420 421 421 421 422 422 423 423 423 424 424 424 425 425 425 426 426 427 427 427 428 428 428 429 429 429 430 430 430 430 431 431 431 432 432 432 433 433 397 481 481 481 481 482 482 482 482 483 483 483 484 484 484 484 485 485 485 485 486 486 486 486 487 487 487 487 487 488 488 488 488
411 411 412 412 413 413 414 414 415 415 416 416 416 417 417 418 418 419 419 419 420 420 421 421 421 422 422 423 423 423 424 424 424 425 425 426 426 426 427 427 427 428 428 428 429 429 429 430 430 430 431 431 431 432 432 432 432 433 433 433 398 481 481 482 482 482 482 483 483 483 483 484 484 484 484 485 485 485 486 486 486 486 486 487 487 487 487 488 488 488 488 489 489 489
412 412 413 413 414 414 415 415 416 416 416 417 417 418 418 419 419 419 420 420 421 421 421 422 422 423 423 423 424 424 425 425 425 426 426 426 427 427 427 428 428 428 429 429 429 430 430 430 431 431 431 432 432 432 433 433 433 433 434 434 398 482 482 482 483 483 483 483 484 484 484 484 485 485 485 485 486 486 486 486 487 487 487 487 488 488 488 488 489 489 489 489 489 490
413 413 414 414 415 415 415 416 416 417 417 418 418 419 419 419 420 420 421 421 421 422 422 423 423 423 424 424 425 425 425 426 426 426 427 427 427 428 428 428 429 429 430 430 430 430 431 431 431 432 432 432 433 433 433 434 434 434 435 399 399 482 483 483 483 483 484 484 484 485 485 485 485 486 486 486 486 487 487 487 487 488 488 488 488 489 489 489 489 489 490 490 490 490
414 414 414 415 415 416 416 417 417 418 418 418 419 419 420 420 421 421 421 422 422 423 423 423 424 424 425 425 425 426 426 426 427 427 427 428 428 429 429 429 430 430 430 431 431 431 432 432 432 433 433 433 433 434 434 434 435 435 435 400 400 483 483 484 484 484 484 485 485 485 486 486 486 486 487 487 487 487 488 488 488 488 489 489 489 489 489 490 490 490 490 491 491 491
414 415 415 416 416 417 417 418 418 418 419 419 420 420 421 421 421 422 422 423 423 423 424 424 425 425 425 426 426 426 427 427 428 428 428 429 429 429 430 430 430 431 431 431 432 432 432 433 433 433 434 434 434 434 435 435 435 436 400 400 400 484 484 484 485 485 485 485 486 486 486 486 487 487 487 488 488 488 488 488 489 489 489 489 490 490 490 490 491 491 491 491 491 492
415 416 416 417 417 418 418 418 419 419 420 420 421 421 421 422 422 423 423 423 424 424 425 425 425 426 426 426 427 427 428 428 428 429 429 429 430 430 430 431 431 431 432 432 432 433 433 433 434 434 434 435 435 435 435 436 436 436 401 401 401 484 485 485 485 486 486 486 486 487 487 487 487 488 488 488 488 489 489 489 489 490 490 490 490 491 491 491 491 491 492 492 492 492
416 417 417 417 418 418 419 419 420 420 420 421 421 422 422 423 423 423 424 424 425 425 425 426 426 426 427 427 428 428 428 429 429 429 430 430 430 431 431 431 432 432 432 433 433 433 434 434 434 435 435 435 436 436 436 436 437 401 401 402 402 485 485 486 486 486 487 487 487 487 488 488 488 488 489 489 489 489 490 490 490 490 491 491 491 491 491 492 492 492 492 493 493 493
417 417 418 418 419 419 420 420 420 421 421 422 422 423 423 423 424 424 425 425 425 426 426 426 427 427 428 428 428 429 429 429 430 430 430 431 431 431 432 432 432 433 433 433 434 434 434 435 435 435 436 436 436 437 437 437 437 402 402 402 486 486 486 486 487 487 487 487 488 488 488 488 489 489 489 490 490 490 490 490 491 491 491 491 492 492 492 492 493 493 493 493 493 494
418 418 419 419 419 420 420 421 421 422 422 422 423 423 424 424 425 425 425 426 426 426 427 427 428 428 428 429 429 429 430 430 430 431 431 432 432 432 433 433 433 434 434 434 434 435 435 435 436 436 436 437 437 437 438 438 402 402 403 403 486 487 487 487 487 488 488 488 488 489 489 489 489 490 490 490 490 491 491 491 491 492 492 492 492 493 493 493 493 493 494 494 494 494
418 419 419 420 420 421 421 422 422 422 423 423 424 424 424 425 425 426 426 426 427 427 428 428 428 429 429 429 430 430 430 431 431 432 432 432 433 433 433 434 434 434 435 435 435 435 436 436 436 437 437 437 438 438 438 438 403 403 403 404 487 487 487 488 488 488 489 489 489 489 490 490 490 490 491 491 491 491 492 492 492 492 492 493 493 493 493 494 494 494 494 494 495 495
419 420 420 421 421 421 422 422 423 423 424 424 424 425 425 426 426 426 427 427 428 428 428 429 429 429 430 430 431 431 431 432 432 432 433 433 433 434 434 434 435 435 435 436 436 436 436 437 437 437 438 438 438 439 439 403 403 404 404 404 488 488 488 488 489 489 489 489 490 490 490 490 491 491 491 491 492 492 492 492 493 493 493 493 494 494 494 494 494 495 495 495 495 495
420 421 421 421 422 422 423 423 424 424 424 425 425 426 426 426 427 427 428 428 428 429 429 429 430 430 430 431 431 432 432 432 433 433 433 434 434 434 435 435 435 436 436 436 437 437 437 437 438 438 438 439 439 439 440 404 404 404 405 405 488 488 489 489 489 490 490 490 490 491 491 491 491 492 492 492 492 493 493 493 493 493 494 494 494 494 495 495 495 495 495 496 496 496
421 421 422 422 423 423 423 424 424 425 425 425 426 426 427 427 427 428 428 429 429 429 430 430 430 431 431 432 432 432 433 433 433 434 434 434 435 435 435 436 436 436 437 437 437 438 438 438 438 439 439 439 440 440 404 404 405 405 405 406 489 489 489 490 490 490 490 491 491 491 491 492 492 492 492 493 493 493 493 494 494 494 494 495 495 495 495 495 496 496 496 496 497 326
422 422 422 423 423 424 424 425 425 425 426 426 427 427 427 428 428 429 429 429 430 430 430 431 431 432 432 432 433 433 433 434 434 434 435 435 435 436 436 436 437 437 437 438 438 438 438 439 439 439 440 440 440 441 405 405 405 406 406 406 490 490 490 490 491 491 491 491 492 492 492 492 493 493 493 493 494 494 494 494 495 495 495 495 495 496 496 496 496 497 497 497 497 326
422 423 423 424 424 425 425 425 426 426 427 427 427 428 428 429 429 429 430 430 430 431 431 432 432 432 433 433 433 434 434 434 435 435 435 436 436 436 437 437 437 438 438 438 439 439 439 439 440 440 440 441 441 405 405 406 406 406 407 490 490 490 491 491 491 491 492 492 492 492 493 493 493 493 494 494 494 494 495 495 495 495 496 496 496 496 496 497 497 497 497 498 498 327
423 424 424 424 425 425 426 426 426 427 427 428 428 428 429 429 430 430 430 431 431 431 432 432 433 433 433 434 434 434 435 435 435 436 436 436 437 437 437 438 438 438 439 439 439 440 440 440 440 441 441 441 442 406 406 406 407 407 407 491 491 491 491 492 492 492 492 493 493 493 493 494 494 494 494 495 495 495 495 496 496 496 496 496 497 497 497 497 497 498 498 498 327 328
424 424 425 425 426 426 426 427 427 428 428 428 429 429 430 430 430 431 431 431 432 432 433 433 433 434 434 434 435 435 435 436 436 436 437 437 437 438 438 438 439 439 439 440 440 440 440 441 441 441 442 442 406 406 407 407 407 408 408 491 491 492 492 492 492 493 493 493 493 494 494 494 494 495 495 495 495 496 496 496 496 497 497 497 497 497 498 498 498 498 499 499 328 328
425 425 425 426 426 427 427 428 428 428 429 429 429 430 430 431 431 431 432 432 433 433 433 434 434 434 435 435 435 436 436 436 437 437 437 438 438 438 439 439 439 440 440 440 440 441 441 441 442 442 442 407 407 407 407 408 408 408 408 492 492 492 493 493 493 493 494 494 494 494 495 495 495 495 496 496 496 496 496 497 497 497 497 498 498 498 498 498 499 499 499 499 329 329
425 426 426 427 427 427 428 428 429 429 429 430 430 431 431 431 432 432 432 433 433 434 434 434 435 435 435 436 436 436 437 437 437 438 438 438 439 439 439 440 440 440 441 441 441 441 442 442 442 443 443 407 407 408 408 408 409 409 409 492 493 493 493 493 494 494 494 494 495 495 495 495 496 496 496 496 497 497 497 497 498 498 498 498 498 499 499 499 499 499 500 329 329 329
426 426 427 427 428 428 429 429 429 430 430 430 431 431 432 432 432 433 433 433 434 434 435 435 435 436 436 436 437 437 437 438 438 438 439 439 439 440 440 440 441 441 441 441 442 442 442 443 443 443 408 408 408 408 409 409 409 409 410 493 493 494 494 494 494 495 495 495 495 496 496 496 496 497 497 497 497 497 498 498 498 498 499 499 499 499 499 500 500 500 500 329 330 330
427 427 428 428 428 429 429 430 430 430 431 431 432 432 432 433 433 433 434 434 435 435 435 436 436 436 437 437 437 438 438 438 439 439 439 440 440 440 441 441 441 441 442 442 442 443 443 443 444 444 408 408 409 409 409 410 410 410 410 494 494 494 494 495 495 495 495 496 496 496 496 497 497 497 497 498 498 498 498 498 499 499 499 499 500 500 500 500 500 501 330 330 330 330
427 428 428 429 429 429 430 430 431 431 431 432 432 433 433 433 434 434 434 435 435 436 436 436 437 437 437 438 438 438 439 439 439 440 440 440 441 441 441 441 442 442 442 443 443 443 444 444 444 408 409 409 409 410 410 410 410 411 494 494 494 495 495 495 495 496 496 496 496 497 497 497 497 498 498 498 498 499 499 499 499 500 500 500 500 500 501 501 501 501 330 331 331 331
428 429 429 429 430 430 431 431 431 432 432 433 433 433 434 434 434 435 435 435 436 436 437 437 437 438 438 438 439 439 439 440 440 440 441 441 441 441 442 442 442 443 443 443 444 444 444 444 445 409 409 410 410 410 410 411 411 411 495 495 495 495 496 496 496 496 497 497 497 497 498 498 498 498 499 499 499 499 499 500 500 500 500 501 501 501 501 501 502 502 331 331 331 332
429 429 430 430 430 431 431 432 432 432 433 433 434 434 434 435 435 435 436 436 436 437 437 438 438 438 439 439 439 440 440 440 441 441 441 441 442 442 442 443 443 443 444 444 444 445 445 445 409 410 410 410 411 411 411 411 412 412 495 495 496 496 496 496 497 497 497 497 498 498 498 498 499 499 499 499 500 500 500 500 500 501 501 501 501 502 502 502 502 331 332 332 332 332
430 430 430 431 431 432 432 432 433 433 433 434 434 435 435 435 436 436 436 437 437 437 438 438 439 439 439 440 440 440 441 441 441 441 442 442 442 443 443 443 444 444 444 445 445 445 445 410 410 410 411 411 411 411 412 412 412 412 496 496 496 496 497 497 497 497 498 498 498 498 499 499 499 499 500 500 500 500 501 501 501 501 501 502 502 502 502 502 503 332 332 332 332 333
430 431 431 431 432 432 433 433 433 434 434 434 435 435 436 436 436 437 437 437 438 438 438 439 439 439 440 440 440 441 441 441 442 442 442 443 443 443 444 444 444 445 445 445 445 446 446 410 411 411 411 411 412 412 412 412 413 413 496 497 497 497 497 498 498 498 498 499 499 499 499 500 500 500 500 500 501 501 501 501 502 502 502 502 502 503 503 503 332 332 333 333 333 333
431 431 432 432 432 433 433 434 434 434 435 435 436 436 436 437 437 437 438 438 438 439 439 439 440 440 440 441 441 441 442 442 442 443 443 443 444 444 444 445 445 445 445 446 446 446 411 411 411 411 412 412 412 413 413 413 413 414 497 497 497 498 498 498 498 499 499 499 499 500 500 500 500 501 501 501 501 501 502 502 502 502 503 503 503 503 503 504 333 333 333 333 334 334
432 432 432 433 433 434 434 434 435 435 435 436 436 437 437 437 438 438 438 439 439 439 440 440 440 441 441 441 442 442 442 443 443 443 444 444 444 445 445 445 445 446 446 446 447 447 411 411 412 412 412 413 413 413 413 414 414 414 497 498 498 498 498 499 499 499 499 500 500 500 500 501 501 501 501 502 502 502 502 502 503 503 503 503 504 504 504 333 333 334 334 334 334 334
432 433 433 433 434 434 435 435 435 436 436 436 437 437 438 438 438 439 439 439 440 440 440 441 441 441 442 442 442 443 443 443 444 444 444 445 445 445 445 446 446 446 447 447 447 411 412 412 412 413 413 413 413 414 414 414 414 415 498 498 499 499 499 499 500 500 500 500 500 501 501 501 501 502 502 502 502 503 503 503 503 503 504 504 504 504 504 334 334 334 334 334 335 335
433 433 434 434 434 435 435 436 436 436 437 437 437 438 438 438 439 439 440 440 440 441 441 441 442 442 442 443 443 443 444 444 444 444 445 445 445 446 446 446 447 447 447 447 448 412 412 413 413 413 413 414 414 414 415 415 415 498 499 499 499 499 500 500 500 500 501 501 501 501 502 502 502 502 502 503 503 503 503 504 504 504 504 504 505 505 334 334 334 335 335 335 335 335
433 434 434 435 435 435 436 436 437 437 437 438 438 438 439 439 439 440 440 440 441 441 442 442 442 443 443 443 443 444 444 444 445 445 445 446 446 446 447 447 447 447 448 448 412 413 413 413 413 414 414 414 415 415 415 415 416 499 499 499 500 500 500 500 501 501 501 501 502 502 502 502 503 503 503 503 503 504 504 504 504 504 505 505 505 505 335 335 335 335 335 336 336 336
434 434 435 435 436 436 436 437 437 438 438 438 439 439 439 440 440 440 441 441 441 442 442 442 443 443 443 444 444 444 445 445 445 446 446 446 447 447 447 447 448 448 448 413 413 413 413 414 414 414 415 415 415 415 416 416 416 499 500 500 500 500 501 501 501 501 502 502 502 502 503 503 503 503 504 504 504 504 504 505 505 505 505 505 506 335 335 335 335 336 336 336 336 336
435 435 436 436 436 437 437 437 438 438 439 439 439 440 440 440 441 441 441 442 442 442 443 443 443 444 444 444 445 445 445 446 446 446 447 447 447 447 448 448 448 449 449 413 413 414 414 414 415 415 415 415 416 416 416 416 417 500 500 500 501 501 501 501 502 502 502 502 503 503 503 503 504 504 504 504 504 505 505 505 505 506 506 506 506 335 336 336 336 336 336 337 337 337
435 436 436 437 437 437 438 438 438 439 439 439 440 440 441 441 441 442 442 442 443 443 443 444 444 444 445 445 445 446 446 446 446 447 447 447 448 448 448 449 449 449 413 414 414 414 415 415 415 415 416 416 416 416 417 417 417 501 501 501 501 502 502 502 502 502 503 503 503 503 504 504 504 504 505 505 505 505 505 506 506 506 506 506 336 336 336 336 337 337 337 337 337 337
