testData/tiles/oneDegree/grid44.0-48.0-45.0-49.0.asc
ncols   200
nrows   200
xllcorner   44.0
yllcorner   48.0
cellsize   0.005
NODATA_value   -9999.0
[rows 0 to 42 of 200, columns 0 to 95 of 200]
329 328 327 327 326 326 325 324 324 323 322 323 322 321 320 320 319 318 318 317 316 315 315 314 313 313 313 312 311 310 310 309 308 307 306 305 305 304 303 302 301 300 299 298 299 298 297 296 295 294 293 292 291 290 289 288 287 286 285 284 283 281 280 279 278 277 276 274 273 272 271 269 268 267 265 264 263 261 260 258 257 255 254 252 251 249 247 245 244 242 241 241 241 241 241 241
328 327 327 326 325 325 324 323 323 322 321 322 321 320 320 319 318 317 317 316 315 315 314 313 312 313 312 311 310 309 309 308 307 306 305 304 304 303 302 301 300 299 298 297 298 297 296 295 294 293 292 291 290 289 288 287 286 285 284 282 281 280 279 278 277 276 274 273 272 271 269 268 267 265 264 263 261 260 258 257 255 254 252 251 249 247 245 244 242 241 241 242 241 241 241 241
327 326 326 325 325 324 323 323 322 321 321 321 320 319 319 318 317 317 316 315 314 314 313 312 311 312 311 310 309 308 308 307 306 305 304 303 303 302 301 300 299 298 297 296 296 296 295 294 293 292 291 290 289 288 287 286 285 283 282 281 280 279 278 277 276 274 273 272 271 269 268 267 265 264 263 261 260 258 257 255 254 252 251 249 247 245 244 242 241 241 241 241 241 241 241 241
326 326 325 324 324 323 322 322 321 320 320 320 319 319 318 317 316 316 315 314 313 313 312 311 310 311 310 309 308 307 307 306 305 304 303 302 302 301 300 299 298 297 296 295 295 294 294 293 292 291 290 289 288 287 285 284 283 282 281 280 279 278 277 275 274 273 272 271 269 268 267 265 264 263 261 260 258 257 255 254 252 251 249 247 245 244 242 241 241 241 241 241 241 241 241 241
325 325 324 324 323 322 322 321 320 319 319 319 318 318 317 316 316 315 314 313 313 312 311 310 310 310 309 308 307 307 306 305 304 303 302 301 301 300 299 298 297 296 295 294 294 293 292 291 290 289 288 287 286 285 284 283 282 281 280 279 278 277 275 274 273 272 270 269 268 267 265 264 263 261 260 258 257 255 254 252 250 249 247 245 244 242 241 241 241 241 241 241 241 241 241 241
325 324 323 323 322 321 321 320 319 319 318 318 318 317 316 315 315 314 313 312 312 311 310 309 309 309 308 307 306 306 305 304 303 302 301 300 300 299 298 297 296 295 294 293 293 292 291 290 289 288 287 286 285 284 283 282 281 280 279 278 276 275 274 273 272 270 269 268 267 265 264 262 261 260 258 257 255 254 252 250 249 247 245 243 242 241 241 241 241 241 241 241 241 241 241 241
324 323 322 322 321 320 320 319 318 318 317 317 317 316 315 314 314 313 312 311 311 310 309 308 308 308 307 306 305 305 304 303 302 301 300 299 299 298 297 296 295 294 293 292 292 291 290 289 288 287 286 285 284 283 282 281 280 279 277 276 275 274 273 271 270 269 268 266 265 264 262 261 260 258 257 255 254 252 250 249 247 245 243 242 241 241 241 241 241 241 241 241 241 241 241 241
323 322 322 321 320 320 319 318 317 317 316 316 316 315 314 313 313 312 311 310 310 309 308 307 307 307 306 305 304 304 303 302 301 300 299 298 297 297 296 295 294 293 292 291 291 290 289 288 287 286 285 284 283 282 281 280 278 277 276 275 274 273 271 270 269 268 266 265 264 262 261 259 258 256 255 253 252 250 249 247 245 243 241 241 241 241 241 241 241 241 241 241 241 241 241 241
322 321 321 320 319 319 318 317 317 316 315 315 315 314 313 313 312 311 310 309 309 308 307 306 306 306 305 304 303 302 302 301 300 299 298 297 296 295 295 294 293 292 291 290 290 289 288 287 286 285 284 283 282 280 279 278 277 276 275 274 272 271 270 269 267 266 265 263 262 261 259 258 256 255 253 252 250 248 247 245 243 241 241 241 241 241 241 241 241 241 241 241 241 241 241 241
321 320 320 319 318 318 317 316 316 315 314 314 314 313 312 312 311 310 309 308 308 307 306 305 305 305 304 303 302 301 301 300 299 298 297 296 295 294 293 292 292 291 290 289 289 288 287 286 285 284 282 281 280 279 278 277 276 275 273 272 271 270 269 267 266 265 263 262 261 259 258 256 255 253 252 250 248 247 245 243 241 241 241 241 241 241 241 241 241 241 241 241 241 241 241 241
320 319 319 318 317 317 316 315 315 314 313 312 313 312 311 311 310 309 308 307 307 306 305 304 303 304 303 302 301 300 299 299 298 297 296 295 294 293 292 291 290 289 288 287 287 286 285 284 283 282 281 280 279 278 277 276 274 273 272 271 270 268 267 266 264 263 262 260 259 257 256 254 253 251 250 248 246 245 243 241 241 241 241 241 241 241 241 241 241 241 241 241 241 241 241 241
319 319 318 317 316 316 315 314 314 313 312 312 312 311 310 310 309 308 307 306 306 305 304 303 302 302 302 301 300 299 298 297 297 296 295 294 293 292 291 290 289 288 287 286 285 285 284 283 282 281 280 279 278 277 275 274 273 272 271 269 268 267 266 264 263 262 260 259 257 256 254 253 251 250 248 246 244 243 241 241 241 241 241 241 241 241 241 241 241 241 241 241 241 241 241 241
317 318 317 316 316 315 314 313 313 312 311 311 311 310 309 309 308 307 306 305 305 304 303 302 301 301 301 300 299 298 297 296 295 295 294 293 292 291 290 289 288 287 286 285 284 284 283 282 281 280 279 277 276 275 274 273 272 270 269 268 267 265 264 263 261 260 258 257 256 254 252 251 249 248 246 244 242 241 241 241 241 241 241 241 241 241 241 241 241 241 241 241 241 241 241 174
316 317 316 315 315 314 313 312 312 311 310 309 310 309 308 307 307 306 305 304 304 303 302 301 300 299 300 299 298 297 296 295 294 293 292 292 291 290 289 288 287 286 285 284 283 283 282 280 279 278 277 276 275 274 273 271 270 269 268 266 265 264 262 261 260 258 257 255 254 252 251 249 247 246 244 242 241 241 241 241 241 241 241 241 241 241 241 241 241 241 241 241 241 241 174 174
315 316 315 314 314 313 312 311 311 310 309 308 309 308 307 306 306 305 304 303 302 302 301 300 299 298 298 298 297 296 295 294 293 292 291 290 289 288 287 286 285 284 283 282 281 281 280 279 278 277 276 275 273 272 271 270 269 267 266 265 263 262 261 259 258 256 255 254 252 250 249 247 245 244 242 241 241 241 241 241 241 241 241 241 241 241 241 241 241 241 241 241 241 174 174 174
314 315 314 313 312 312 311 310 310 309 308 307 308 307 306 305 305 304 303 302 301 300 300 299 298 297 297 296 295 295 294 293 292 291 290 289 288 287 286 285 284 283 282 281 280 280 279 278 277 275 274 273 272 271 270 268 267 266 265 263 262 260 259 258 256 255 253 252 250 248 247 245 243 242 241 241 241 241 241 241 241 241 241 241 241 241 241 241 241 241 241 241 174 174 174 174
313 314 313 312 311 311 310 309 309 308 307 306 307 306 305 304 303 303 302 301 300 299 299 298 297 296 296 295 294 293 292 292 291 290 289 288 287 286 285 284 283 282 281 280 279 278 277 276 275 274 273 272 270 269 268 267 266 264 263 262 260 259 257 256 254 253 251 250 248 246 245 243 241 241 241 241 241 241 241 241 241 241 241 241 241 241 241 241 241 241 241 174 174 174 174 174
312 313 312 311 310 310 309 308 307 307 306 305 305 305 304 303 302 301 301 300 299 298 297 296 296 295 295 294 293 292 291 290 289 288 287 287 286 285 284 282 281 280 279 278 277 276 276 275 274 273 271 270 269 268 266 265 264 263 261 260 258 257 256 254 253 251 249 248 246 244 243 241 241 241 241 241 241 241 241 241 241 241 241 241 241 241 241 241 241 174 174 174 174 174 174 174
311 311 311 310 309 309 308 307 306 306 305 304 303 304 303 302 301 300 300 299 298 297 296 295 294 294 293 293 292 291 290 289 288 287 286 285 284 283 282 281 280 279 278 277 276 275 275 273 272 271 270 269 267 266 265 264 262 261 259 258 257 255 254 252 251 249 247 246 244 242 241 241 241 241 241 241 241 241 241 241 241 241 241 241 241 241 241 241 174 174 174 174 174 174 174 174
310 310 310 309 308 308 307 306 305 304 304 303 302 302 302 301 300 299 298 297 297 296 295 294 293 292 291 291 291 290 289 288 287 286 285 284 283 282 281 280 279 278 277 275 274 273 272 272 271 269 268 267 266 264 263 262 260 259 258 256 255 253 252 250 249 247 245 244 242 241 241 241 241 241 241 241 241 241 241 241 241 241 241 241 241 241 241 174 174 174 174 174 174 174 174 174
309 308 309 308 307 306 306 305 304 303 303 302 301 301 300 300 299 298 297 296 295 295 294 293 292 291 290 290 289 288 287 286 285 284 283 282 281 280 279 278 277 276 275 274 273 272 270 270 269 268 267 265 264 263 261 260 259 257 256 254 253 251 250 248 247 245 243 241 241 241 241 241 241 241 241 241 241 241 241 241 241 241 241 241 241 241 174 174 174 174 174 174 174 174 174 174
308 307 307 307 306 305 304 304 303 302 301 301 300 300 299 298 298 297 296 295 294 293 292 292 291 290 289 289 288 287 286 285 284 283 282 281 280 279 278 277 276 275 274 272 271 270 269 269 267 266 265 264 262 261 260 258 257 255 254 252 251 249 248 246 244 243 241 241 241 241 241 241 241 241 241 241 241 241 241 241 241 241 241 241 241 174 174 174 174 174 174 174 174 174 174 174
307 306 306 306 305 304 303 303 302 301 300 299 299 299 298 297 296 295 295 294 293 292 291 290 289 288 287 287 287 286 285 284 283 282 281 280 279 278 276 275 274 273 272 271 270 268 267 266 266 265 263 262 261 259 258 256 255 254 252 251 249 247 246 244 242 241 241 241 241 241 241 241 241 241 241 241 241 241 241 241 241 241 241 174 174 174 174 174 174 174 174 174 174 174 174 174
306 305 305 304 304 303 302 301 301 300 299 298 297 297 297 296 295 294 293 292 292 291 290 289 288 287 286 285 285 284 283 282 281 280 279 278 277 276 275 274 273 272 270 269 268 267 266 264 264 263 261 260 259 257 256 255 253 252 250 248 247 245 243 242 241 241 241 241 241 241 241 241 241 241 241 241 241 241 241 241 241 241 174 174 174 174 174 174 174 174 174 174 174 174 174 174
304 304 304 303 302 302 301 300 299 299 298 297 296 295 295 295 294 293 292 291 290 289 288 288 287 286 285 284 284 283 282 281 280 279 278 277 276 274 273 272 271 270 269 268 266 265 264 263 262 261 260 258 257 256 254 253 251 250 248 246 245 243 241 241 241 241 241 241 241 241 241 241 241 241 241 241 241 241 241 241 241 174 174 174 174 174 174 174 174 174 174 174 174 174 174 174
303 303 302 302 301 301 300 299 298 297 297 296 295 294 294 293 292 292 291 290 289 288 287 286 285 284 283 282 282 281 280 279 278 277 276 275 274 273 272 271 269 268 267 266 265 263 262 261 260 259 258 256 255 254 252 251 249 247 246 244 242 241 241 241 241 241 241 241 241 241 241 241 241 241 241 241 241 241 241 241 174 174 174 174 174 174 174 174 174 174 174 174 174 174 174 174
302 301 301 301 300 299 298 298 297 296 295 294 294 293 293 292 291 290 289 288 288 287 286 285 284 283 282 281 280 280 279 278 277 276 275 274 272 271 270 269 268 267 265 264 263 262 260 259 258 257 256 254 253 252 250 248 247 245 244 242 241 241 241 241 241 241 241 241 241 241 241 241 241 241 241 241 241 241 174 174 174 174 174 174 174 174 174 174 174 174 174 174 174 174 174 174
301 300 299 300 299 298 297 296 296 295 294 293 292 291 292 291 290 289 288 287 286 285 284 283 282 281 280 279 278 278 277 276 275 274 273 272 271 270 268 267 266 265 264 262 261 260 258 257 256 254 254 252 251 249 248 246 245 243 241 241 241 241 241 241 241 241 241 241 241 241 241 241 241 241 241 241 241 174 174 174 174 174 174 174 174 174 174 174 174 174 174 174 174 174 174 174
300 299 298 298 298 297 296 295 294 293 293 292 291 290 289 289 288 287 287 286 285 284 283 282 281 280 279 278 277 277 276 275 274 272 271 270 269 268 267 266 264 263 262 261 259 258 257 255 254 252 252 250 249 247 246 244 242 241 241 241 241 241 241 241 241 241 241 241 241 241 241 241 241 241 241 241 174 174 174 174 174 174 174 174 174 174 174 174 174 174 174 174 174 174 174 174
298 298 297 297 296 295 295 294 293 292 291 290 290 289 288 288 287 286 285 284 283 282 281 280 279 278 277 276 275 274 274 273 272 271 270 269 267 266 265 264 263 261 260 259 257 256 255 253 252 250 249 248 247 245 243 242 241 241 241 241 241 241 241 241 241 241 241 241 241 241 241 241 241 241 241 174 174 174 174 174 174 174 174 174 174 174 174 174 174 174 174 174 174 174 174 174
297 296 295 295 295 294 293 292 292 291 290 289 288 287 286 286 286 285 284 283 282 281 280 279 278 277 276 275 274 273 272 271 270 269 268 267 266 264 263 262 261 259 258 257 255 254 253 251 250 248 246 246 244 243 241 241 241 241 241 241 241 241 241 241 241 241 241 241 241 241 241 241 241 174 174 174 174 174 174 174 174 174 174 174 174 174 174 174 174 174 174 174 174 174 174 174
296 295 294 293 294 293 292 291 290 289 288 288 287 286 285 284 284 283 282 281 280 279 278 277 276 275 274 273 272 271 271 270 269 267 266 265 264 263 261 260 259 257 256 255 253 252 250 249 247 246 244 243 242 241 241 241 241 241 241 241 241 241 241 241 241 241 241 241 241 241 241 241 174 174 174 174 174 174 174 174 174 174 174 174 174 174 174 174 174 174 174 174 174 174 174 174
294 294 293 292 292 291 290 290 289 288 287 286 285 284 283 282 283 282 281 280 279 278 277 276 275 274 272 271 270 269 268 268 267 266 264 263 262 261 259 258 257 255 254 253 251 250 248 247 245 243 242 240 241 241 241 241 241 241 241 241 241 241 241 241 241 241 241 241 241 241 241 174 174 174 174 174 174 174 174 174 174 174 174 174 174 174 174 174 174 174 174 174 174 174 174 174
293 292 291 291 290 290 289 288 287 286 286 285 284 283 282 281 281 280 279 278 277 276 275 274 273 272 271 270 269 267 266 266 265 264 263 261 260 259 257 256 255 253 252 250 249 247 246 244 243 241 240 240 240 241 241 241 241 241 241 241 241 241 241 241 241 241 241 241 241 174 174 174 174 174 174 174 174 174 174 174 174 174 174 174 174 174 174 174 174 174 174 174 174 174 174 174
292 291 290 289 288 288 288 287 286 285 284 283 282 281 280 279 278 278 277 276 275 274 273 272 271 270 269 268 267 266 264 263 263 262 261 259 258 257 255 254 253 251 250 248 247 245 244 242 240 240 240 240 240 240 241 241 241 241 241 241 241 241 241 241 241 241 241 241 174 174 174 174 174 174 174 174 174 174 174 174 174 174 174 174 174 174 174 174 174 174 174 174 174 174 174 174
290 289 289 288 287 287 286 285 284 283 283 282 281 280 279 278 277 277 276 275 274 273 272 271 269 268 267 266 265 264 263 261 261 260 259 257 256 255 253 252 250 249 247 246 244 243 241 240 240 240 240 240 240 240 241 241 241 241 241 241 241 241 241 241 241 241 174 174 174 174 174 174 174 174 174 174 174 174 174 174 174 174 174 174 174 174 174 174 174 174 174 174 174 174 182 182
289 288 287 286 285 285 285 284 283 282 281 280 279 278 277 276 275 275 274 273 272 271 270 269 268 267 265 264 263 262 261 259 258 258 257 255 254 252 251 250 248 247 245 243 242 240 240 240 240 240 240 240 240 240 240 241 241 241 241 241 241 241 241 241 241 174 174 174 174 174 174 174 174 174 174 174 174 174 174 174 174 174 174 174 174 174 174 174 174 174 174 182 182 182 182 182
287 286 286 285 284 283 283 282 281 280 279 278 277 276 275 274 273 272 272 271 270 269 268 267 266 265 264 262 261 260 259 257 256 256 254 253 252 250 249 247 246 244 243 241 240 240 240 240 240 240 240 240 240 240 240 240 241 241 241 241 241 241 241 174 174 174 174 174 174 174 174 174 174 174 174 174 174 174 174 174 174 174 174 174 174 174 174 174 174 182 182 182 182 182 182 182
286 285 284 283 282 281 281 281 280 279 278 277 276 275 274 273 272 271 271 270 268 267 266 265 264 263 262 260 259 258 257 255 254 253 252 251 249 248 246 245 243 242 240 240 240 240 240 240 240 240 240 240 240 240 240 240 240 241 241 241 241 241 174 174 174 174 174 174 174 174 174 174 174 174 174 174 174 174 174 174 174 174 174 174 174 174 174 182 182 182 182 182 182 182 182 182
284 283 282 282 281 280 280 279 278 277 276 275 274 273 272 271 270 269 269 268 267 265 264 263 262 261 260 258 257 256 254 253 252 250 250 249 247 246 244 242 241 240 240 240 240 240 240 240 240 240 240 240 240 240 240 240 240 240 241 241 174 174 174 174 174 174 174 174 174 174 174 174 174 174 174 174 174 174 174 174 174 174 174 174 174 182 182 182 182 182 182 182 182 182 182 182
283 282 281 280 279 278 277 277 276 275 274 273 272 271 270 269 268 267 266 266 265 264 262 261 260 259 258 256 255 254 252 251 250 248 247 246 245 243 241 240 240 240 240 240 240 240 240 240 240 240 240 240 240 240 240 240 240 240 241 174 174 174 174 174 174 174 174 174 174 174 174 174 174 174 174 174 174 174 174 174 174 174 174 182 182 182 182 182 182 182 182 182 182 182 182 182
281 280 279 278 277 276 275 276 275 274 273 272 271 269 268 267 266 265 264 264 263 262 260 259 258 257 255 254 253 251 250 249 247 246 244 244 242 240 240 240 240 240 240 240 240 240 240 240 240 240 240 240 240 240 240 240 240 173 173 174 174 174 174 174 174 174 174 174 174 174 174 174 174 174 174 174 174 174 174 174 174 182 182 182 182 182 182 182 182 182 182 182 182 182 182 182
279 278 278 277 276 275 274 274 273 272 271 270 269 268 267 265 264 263 262 261 261 260 258 257 256 254 253 252 250 249 248 246 245 243 242 240 240 240 240 240 240 240 240 240 240 240 240 240 240 240 240 240 240 240 240 240 173 173 173 173 174 174 174 174 174 174 174 174 174 174 174 174 174 174 174 174 174 174 174 182 182 182 182 182 182 182 182 182 182 182 182 182 182 182 182 182
