testData/tiles/oneDegree/grid15.0-42.0-16.0-43.0.asc
ncols   200
nrows   200
xllcorner   15.0
yllcorner   42.0
cellsize   0.005
NODATA_value   -9999.0
[rows 42 to 83 of 200, columns 0 to 93 of 200]
277 277 277 277 277 277 277 277 277 277 277 277 277 277 277 277 277 277 277 277 277 277 277 278 278 278 278 278 278 278 278 278 278 278 278 278 279 279 279 279 279 279 280 256 256 256 256 256 256 257 257 257 257 257 257 257 258 214 214 214 214 214 214 214 214 215 215 215 215 215 215 215 215 215 216 216 216 216 216 216 216 216 215 215 215 216 216 216 216 216 216 216 216 216
277 277 277 277 277 277 277 277 277 277 277 277 277 277 277 277 277 278 278 278 278 278 278 278 278 278 278 278 278 278 278 278 278 278 278 278 279 279 279 279 279 279 255 256 256 256 256 256 256 256 257 257 257 257 257 257 213 214 214 214 214 214 214 214 214 214 215 215 215 215 215 215 215 215 215 216 216 216 216 216 216 216 216 216 216 216 217 217 216 216 216 216 216 216
277 277 277 277 277 277 277 277 277 277 277 277 277 278 278 278 278 278 278 278 278 278 278 278 278 278 278 278 278 278 278 278 278 278 278 278 278 279 279 279 279 279 255 255 256 256 256 256 256 256 256 257 257 257 257 257 213 213 214 214 214 214 214 214 214 214 214 215 215 215 215 215 215 215 215 215 216 216 216 216 216 216 216 216 216 216 216 217 217 217 217 217 216 216
277 277 277 277 277 277 277 277 277 278 278 278 278 278 278 278 278 278 278 278 278 278 278 278 278 278 278 278 278 278 278 278 278 278 278 278 278 278 279 279 279 255 255 255 256 256 256 256 256 256 256 257 257 257 257 213 213 213 213 214 214 214 214 214 214 214 214 214 215 215 215 215 215 215 215 215 215 216 216 216 216 216 216 216 216 216 216 216 217 217 217 217 217 217
277 277 277 277 277 278 278 278 278 278 278 278 278 278 278 278 278 278 278 278 278 278 278 278 278 278 278 278 278 278 278 278 278 278 278 278 278 278 278 279 255 255 255 255 255 256 256 256 257 257 257 257 258 258 258 214 214 213 213 213 214 214 214 214 214 214 214 214 214 215 215 215 215 215 215 215 215 215 216 216 216 216 216 216 216 216 216 216 216 217 217 218 218 218
277 277 278 278 278 278 278 278 278 278 278 278 278 278 278 278 278 278 278 278 278 278 278 278 278 278 278 278 278 278 278 278 278 278 279 279 279 279 279 255 256 256 256 256 256 256 257 257 257 257 257 257 257 258 258 214 214 214 214 214 214 215 215 215 215 215 215 215 215 215 216 215 215 215 215 215 215 215 215 216 216 216 216 216 216 216 217 217 217 217 218 218 218 218
278 278 278 278 278 278 278 278 278 278 278 278 278 278 278 278 278 278 278 278 278 278 278 278 278 278 279 279 279 279 279 279 279 279 279 279 279 279 279 255 255 256 256 256 256 256 256 257 257 257 257 257 257 257 214 214 214 214 214 214 214 214 215 215 215 215 215 215 215 215 215 216 216 216 216 216 216 216 216 215 216 216 217 217 217 217 217 217 217 217 218 219 219 219
278 278 278 278 278 278 278 278 278 278 278 278 278 278 278 278 278 278 278 278 278 279 279 279 279 279 279 279 279 279 279 279 279 279 279 279 279 279 255 255 255 256 256 256 256 256 256 256 257 257 257 257 257 257 213 214 214 214 214 214 214 214 214 215 215 215 215 215 215 215 215 215 216 216 216 216 216 216 217 217 217 218 218 218 217 218 218 218 218 218 218 218 219 220
264 278 278 278 278 278 278 278 278 278 278 278 278 278 278 278 279 279 279 279 279 279 279 279 279 279 279 279 279 279 279 279 279 279 279 279 279 255 255 255 255 255 256 256 256 256 256 256 256 257 257 257 257 257 213 213 214 214 214 214 214 214 214 214 215 215 215 215 215 215 215 215 215 216 217 217 217 217 217 217 218 218 219 219 219 219 219 219 220 219 219 219 219 219
264 278 278 278 278 278 278 278 278 278 278 278 279 279 279 279 279 279 279 279 279 279 279 279 279 279 279 279 279 279 279 279 279 279 279 279 255 255 255 255 255 255 255 256 256 256 256 256 256 256 257 257 257 213 213 213 213 214 214 214 214 214 214 214 214 215 215 215 215 215 216 216 216 216 217 217 218 218 218 218 218 218 218 219 220 220 220 220 220 220 220 220 221 220
264 264 278 278 278 278 278 278 279 279 279 279 279 279 279 279 279 279 279 279 279 279 279 279 279 279 279 279 279 279 279 279 279 279 279 279 255 255 255 255 255 255 255 255 256 256 256 256 256 256 257 257 257 213 213 213 213 213 214 214 214 214 214 214 214 214 215 216 216 216 216 216 216 217 217 218 218 218 218 219 219 219 219 219 219 220 220 221 221 221 221 221 221 221
264 264 264 278 279 279 279 279 279 279 279 279 279 279 279 279 279 279 279 279 279 279 279 279 279 279 279 279 279 279 279 279 279 279 279 255 255 255 255 255 255 255 255 255 255 256 256 257 257 257 257 258 258 214 214 214 214 214 213 214 214 214 214 215 215 215 215 216 216 217 217 217 217 217 217 218 219 219 219 219 219 219 220 220 220 220 221 221 221 221 221 222 222 222
264 265 265 279 279 279 279 279 279 279 279 279 279 279 279 279 279 279 279 279 279 279 279 279 279 279 279 279 279 279 279 279 279 279 256 256 256 256 256 256 256 256 256 256 256 256 257 257 257 257 257 257 214 214 214 214 214 214 214 215 216 216 216 216 216 216 217 217 218 218 218 217 218 218 218 218 218 219 220 220 220 220 220 220 220 220 221 222 222 222 222 222 222 222
265 265 265 265 279 279 279 279 279 279 279 279 279 279 279 279 279 279 279 279 279 279 279 279 279 279 279 280 280 280 280 280 280 256 256 256 256 256 256 256 256 256 256 256 256 256 257 257 257 257 257 257 213 214 214 214 214 215 215 215 216 216 217 217 217 217 217 217 218 219 219 219 219 219 219 220 220 220 220 220 220 220 221 221 221 221 221 221 222 222 223 223 223 223
265 265 265 265 265 279 279 279 279 279 279 279 279 279 279 279 279 279 279 279 279 280 280 280 280 280 280 280 280 280 280 280 256 256 256 256 256 256 256 256 256 256 256 256 256 256 256 257 257 257 257 213 213 213 215 215 215 215 215 216 216 217 217 217 217 218 218 218 218 218 219 220 220 220 220 220 220 220 221 222 222 222 222 222 221 222 222 222 222 223 223 223 223 223
265 265 265 265 265 265 279 279 279 279 279 279 279 279 279 279 279 280 280 280 280 280 280 280 280 280 280 280 280 280 280 280 256 256 256 256 256 256 256 256 256 256 256 256 256 256 256 256 257 257 257 213 214 214 214 215 215 216 216 216 216 216 218 218 218 218 218 218 219 219 219 220 220 220 221 221 221 221 221 221 222 223 223 223 223 223 223 223 222 223 224 224 224 224
265 265 265 265 265 265 279 279 279 279 279 279 280 280 280 280 280 280 280 280 280 280 280 280 280 280 280 280 280 280 280 256 256 256 256 256 256 256 256 256 256 256 256 256 256 256 256 256 256 258 258 214 214 214 215 215 216 216 216 217 217 217 217 218 218 219 219 219 219 219 219 220 221 221 221 221 221 222 222 222 222 223 223 223 223 224 224 224 224 224 224 225 225 225
265 265 265 265 265 265 265 279 279 280 280 280 280 280 280 280 280 280 280 280 280 280 280 280 280 280 280 280 280 280 256 256 256 256 256 256 256 256 256 256 256 256 256 256 256 256 257 257 257 257 214 215 215 215 215 215 216 217 217 217 217 217 218 218 219 219 219 220 220 220 220 220 220 221 222 222 222 222 222 222 222 223 224 224 224 224 224 224 224 225 225 225 225 226
265 265 265 265 265 266 266 266 280 280 280 280 280 280 280 280 280 280 280 280 280 280 280 280 280 280 280 280 280 256 256 256 256 256 256 256 256 256 256 256 256 256 256 256 257 257 257 257 257 258 214 215 215 216 216 216 216 216 217 218 218 218 218 218 219 220 220 220 220 220 221 221 221 221 222 222 222 223 223 223 223 223 223 224 225 225 225 225 225 225 225 225 225 226
265 265 266 266 266 266 266 266 280 280 280 280 280 280 280 280 280 280 280 280 280 280 280 280 280 280 280 280 256 256 256 256 256 256 256 256 256 256 257 257 257 257 258 258 258 258 259 259 259 215 215 216 217 217 217 217 218 218 218 219 219 220 220 220 220 220 221 221 221 221 221 221 221 221 222 223 223 223 223 223 223 224 224 224 225 225 225 225 225 226 226 226 226 226
266 266 266 266 266 266 266 266 266 280 280 280 280 280 280 280 280 280 280 280 280 280 280 280 280 280 280 256 256 256 257 257 257 257 257 257 257 257 257 258 258 258 258 258 259 259 259 259 260 216 216 216 216 218 218 218 218 218 219 219 220 220 220 220 221 221 221 222 222 222 223 223 223 223 223 222 223 224 224 224 224 224 224 224 225 226 226 226 226 226 226 226 226 227
266 266 266 266 266 266 266 266 266 266 280 280 280 280 280 280 280 280 280 280 280 280 280 280 281 281 257 257 257 257 257 257 257 257 257 257 257 258 258 258 258 259 259 259 259 259 260 260 260 216 216 217 217 217 218 218 219 219 219 219 219 221 221 221 221 221 221 222 223 223 223 223 223 224 224 224 224 225 225 225 225 225 225 225 225 225 225 226 226 227 227 227 227 227
266 266 266 266 266 266 266 266 266 266 266 280 280 280 280 280 280 280 280 281 281 281 281 281 281 257 257 257 257 257 257 257 257 257 257 258 258 258 258 259 259 259 259 259 260 260 260 260 217 217 217 217 217 218 218 219 219 219 220 220 220 220 221 221 222 222 222 222 222 223 224 224 224 224 224 224 224 225 226 226 226 226 226 226 226 227 226 226 227 227 227 227 227 228
266 266 266 266 266 266 266 266 266 266 266 280 280 280 280 281 281 281 281 281 281 281 281 281 257 257 257 257 257 257 257 257 257 258 258 258 258 259 259 259 259 260 260 260 260 260 261 261 217 217 217 218 218 218 218 218 220 220 220 220 220 221 221 222 222 222 222 223 223 223 224 224 224 224 225 225 225 225 225 226 226 227 227 227 227 227 227 227 227 229 228 228 228 228
266 266 266 266 266 266 266 266 266 266 266 267 281 281 281 281 281 281 281 281 281 281 281 281 257 257 257 257 257 257 257 258 258 258 258 259 259 259 259 260 260 260 260 260 261 261 261 217 218 218 218 218 218 219 219 219 219 220 220 221 221 221 221 221 223 223 223 223 223 223 223 225 225 225 225 225 225 226 226 226 227 227 227 227 227 228 228 228 228 228 229 229 229 229
266 266 266 266 266 266 266 266 267 267 267 267 267 281 281 281 281 281 281 281 281 281 281 257 257 257 257 257 257 258 258 258 258 259 259 259 259 260 260 260 260 261 261 261 261 261 262 218 218 218 218 219 219 219 219 219 220 220 221 221 221 221 222 222 222 223 223 223 224 224 224 224 225 225 226 226 226 226 226 226 226 228 228 228 228 228 228 228 228 228 229 230 230 230
266 266 266 266 266 267 267 267 267 267 267 267 267 267 281 281 281 281 281 281 281 281 257 257 257 257 257 258 258 258 258 259 259 259 259 260 260 260 260 261 261 261 261 261 262 262 218 218 219 219 219 219 219 219 220 220 220 220 221 222 222 222 222 222 222 223 224 224 224 224 224 225 225 225 226 226 226 226 227 227 227 227 228 228 228 228 229 229 229 229 229 229 230 230
266 266 267 267 267 267 267 267 267 267 267 267 267 267 267 281 281 281 281 281 281 257 257 257 257 258 258 258 258 259 259 259 259 260 260 260 260 261 262 262 262 262 263 263 263 263 220 220 220 220 220 221 221 221 221 221 222 222 222 223 223 223 224 224 224 224 224 224 225 225 225 225 225 225 225 227 227 227 227 227 227 227 228 228 229 229 229 229 229 229 230 230 230 230
267 267 267 267 267 267 267 267 267 267 267 267 267 267 267 281 281 281 281 281 257 257 257 258 258 258 258 259 259 259 259 261 261 261 261 262 262 262 262 263 263 263 263 263 264 264 220 220 220 221 221 221 221 221 222 222 222 222 222 223 224 224 224 224 224 225 225 225 226 226 226 226 227 227 226 226 227 227 227 228 228 228 228 228 228 229 230 230 230 230 230 230 230 230
267 267 267 267 267 267 267 267 267 267 267 267 267 267 267 267 281 281 281 257 257 258 258 258 258 260 260 260 260 261 261 261 261 262 262 262 262 263 263 263 263 263 264 264 264 220 220 221 221 221 221 221 222 222 222 222 222 223 223 223 223 224 225 225 225 225 225 225 225 227 227 227 227 227 227 228 228 229 229 229 228 228 228 229 229 229 230 230 230 230 230 231 231 231
267 267 267 267 267 267 267 267 267 267 267 267 267 267 267 267 267 281 257 257 259 259 259 260 260 260 260 261 261 261 261 262 262 262 262 263 263 263 263 263 264 264 264 264 265 221 221 221 221 222 222 222 222 222 223 223 223 223 223 223 224 224 225 225 225 225 226 226 226 226 227 227 228 228 228 228 228 228 229 230 230 230 230 230 230 229 229 230 231 231 231 231 231 231
267 267 267 267 267 267 267 267 267 267 267 267 267 267 267 267 268 244 259 259 259 259 260 260 260 260 261 261 261 262 262 262 262 262 263 263 263 263 264 264 264 264 265 265 221 221 221 222 222 222 222 222 223 223 223 223 223 224 224 224 224 224 224 225 226 226 226 226 226 227 227 228 228 228 228 228 229 229 229 230 230 230 230 230 231 231 231 231 232 231 231 231 231 232
267 267 267 267 267 267 267 267 267 267 267 267 268 268 268 244 245 245 245 259 260 260 260 260 261 261 261 261 262 262 262 262 263 263 263 263 264 264 264 264 265 265 265 265 221 222 222 222 222 222 223 223 223 223 223 224 224 224 224 224 224 225 225 225 225 226 226 227 227 227 227 227 228 229 229 229 229 229 229 229 230 231 231 231 231 231 231 231 231 232 233 233 233 232
267 267 267 267 267 267 267 267 267 268 268 268 268 268 244 245 245 245 246 260 260 260 261 261 261 261 262 262 262 262 263 263 263 263 264 264 264 264 265 265 265 265 265 222 222 222 222 222 223 223 223 223 223 224 224 224 224 224 225 225 225 225 225 225 226 226 227 227 227 227 228 228 228 229 229 229 229 230 230 230 230 231 231 231 231 232 232 232 232 232 232 233 233 233
267 267 267 267 267 267 268 268 268 268 268 268 268 245 245 245 245 246 246 246 261 261 261 261 262 262 262 262 263 263 263 263 264 264 264 264 265 265 265 265 265 266 266 222 222 222 223 223 223 223 223 224 224 224 224 224 225 225 225 225 225 225 226 226 226 226 226 227 228 228 228 228 228 228 230 230 230 230 230 230 230 230 231 232 232 232 232 232 232 232 232 233 234 234
267 267 267 268 268 268 268 268 268 268 268 268 245 245 245 246 246 246 246 247 247 261 261 262 262 262 263 263 263 263 264 264 264 264 264 265 265 265 265 266 266 266 222 222 223 223 223 223 224 225 225 225 225 225 226 226 226 225 225 226 226 226 226 226 226 227 227 227 228 228 228 228 229 229 229 230 230 230 230 231 231 231 231 231 232 232 232 233 233 233 233 233 233 234
268 268 268 268 268 268 268 268 268 268 269 245 245 245 246 246 246 247 247 247 247 248 262 262 262 263 263 263 263 264 264 264 264 265 265 265 266 267 267 267 267 267 224 224 224 224 225 225 225 225 225 225 226 226 226 226 226 227 227 227 227 227 227 228 228 228 228 228 228 229 229 229 229 229 229 229 231 231 231 231 231 231 231 231 232 233 233 233 233 233 233 233 233 234
268 268 268 268 268 268 268 268 268 269 245 245 246 246 246 246 247 247 247 248 248 248 248 263 263 263 263 264 264 265 265 266 266 266 266 267 267 267 267 267 268 268 224 224 224 225 225 225 225 226 226 226 226 226 226 227 227 227 227 227 228 228 228 228 228 228 229 229 229 229 230 230 230 231 231 231 230 230 231 231 232 232 232 232 232 232 233 233 233 234 234 234 234 234
268 268 268 268 268 268 268 269 269 245 245 246 246 246 247 247 247 247 248 248 248 248 249 249 264 265 265 265 265 266 266 266 266 266 267 267 267 267 268 268 268 224 224 225 225 225 225 226 226 226 226 226 226 227 227 227 227 227 228 228 228 228 228 228 229 229 229 229 229 229 230 231 231 231 231 231 231 231 232 233 233 232 232 232 232 232 233 234 234 234 234 234 234 234
268 268 268 268 268 268 269 269 245 246 246 246 246 247 247 247 248 248 248 248 250 250 250 250 265 265 265 265 266 266 266 266 267 267 267 267 268 268 268 268 268 225 225 225 225 225 226 226 226 226 226 227 227 227 227 227 228 228 228 228 228 228 229 229 229 229 229 229 230 230 230 230 231 231 231 232 232 232 232 232 233 233 234 234 234 233 233 233 233 234 234 235 235 235
268 268 268 268 268 269 245 245 246 246 246 247 247 247 247 248 249 249 249 250 250 250 251 251 251 265 266 266 266 266 267 267 267 267 267 268 268 268 268 269 225 225 225 225 226 226 226 226 226 227 227 227 227 227 228 228 228 228 228 229 229 229 229 229 229 230 230 230 230 230 230 230 231 232 232 232 232 232 232 233 233 234 234 234 234 234 234 234 235 234 235 235 235 235
268 268 268 269 269 245 245 246 246 246 247 247 248 249 249 249 249 250 250 250 250 251 251 251 251 252 266 266 266 267 267 267 267 268 268 268 268 269 269 269 225 225 226 226 226 226 226 227 227 227 227 227 228 228 228 228 228 229 229 229 229 229 229 230 230 230 230 230 230 230 231 231 231 231 232 232 232 233 233 233 233 233 234 234 235 235 235 235 235 235 235 236 236 235
