testData/tiles/oneDegree/grid12.0-48.0-13.0-49.0.asc
ncols   200
nrows   200
xllcorner   12.0
yllcorner   48.0
cellsize   0.005
NODATA_value   -9999.0
[rows 126 to 167 of 200, columns 0 to 93 of 200]
583 582 583 582 581 581 582 582 581 582 582 581 582 582 582 583 582 582 581 582 581 581 582 580 579 580 580 579 578 579 578 577 576 578 577 575 576 577 576 575 574 574 572 572 572 571 571 570 568 568 568 567 565 565 563 563 561 560 560 558 557 557 556 554 554 551 549 550 548 546 544 543 541 539 538 535 533 530 530 527 524 522 518 515 511 509 504 500 496 495 497 497 456 456
584 584 584 582 581 582 582 582 582 583 582 581 582 582 582 583 583 582 583 582 582 582 582 581 581 582 581 579 579 579 578 577 579 578 577 576 577 577 576 576 576 575 575 573 573 571 571 570 569 570 568 567 566 566 565 564 562 561 560 559 558 558 556 555 554 553 552 550 548 546 545 543 542 540 539 536 534 532 530 527 524 522 519 517 515 511 506 501 497 497 497 498 457 457
584 585 584 583 582 584 583 583 585 584 582 583 583 582 583 583 583 583 583 583 583 582 582 582 582 582 581 582 582 580 579 580 579 578 577 578 577 576 577 577 576 575 576 575 574 572 572 571 570 570 568 568 567 567 565 564 564 562 562 560 559 558 556 556 555 554 553 551 549 547 547 545 543 541 539 536 535 533 531 528 526 523 521 517 515 511 507 503 498 497 497 498 457 457
584 585 584 583 585 584 583 584 585 584 584 585 584 584 584 585 584 583 584 584 583 583 583 583 582 582 583 582 582 580 581 580 580 579 580 578 577 576 579 577 576 575 577 575 574 573 573 573 571 571 569 569 568 567 565 565 565 563 562 562 560 559 558 556 555 554 553 551 550 550 548 546 543 541 539 538 537 534 532 529 528 524 521 518 515 511 508 504 499 498 498 499 458 459
585 585 584 584 585 584 584 586 585 585 584 585 585 584 585 586 585 584 585 585 584 584 584 583 583 584 583 582 582 582 581 581 580 581 580 579 578 579 579 577 576 578 577 575 574 576 574 573 572 572 571 570 569 567 566 567 565 563 563 562 561 560 559 558 555 553 554 552 551 550 548 546 544 543 541 539 537 534 532 530 528 525 522 519 516 513 509 505 500 499 500 501 459 459
586 585 584 585 585 585 585 586 586 585 586 586 585 584 585 585 585 586 586 585 584 586 585 584 585 584 583 583 584 582 581 581 582 581 581 579 580 579 579 578 579 579 577 575 576 576 574 573 573 573 571 571 569 569 568 567 565 564 564 563 561 560 560 558 557 556 554 553 551 550 548 547 546 544 542 540 537 534 533 532 529 526 523 520 518 513 510 505 500 499 501 501 460 460
587 586 587 587 586 586 585 586 586 586 586 586 585 585 586 585 586 587 586 585 587 586 585 584 586 585 584 586 585 582 581 583 582 581 581 581 580 580 579 579 579 579 578 578 578 576 574 574 574 573 571 571 571 570 568 568 567 566 565 563 561 562 560 559 557 556 555 554 553 551 549 548 547 544 542 541 539 537 534 532 529 526 524 521 518 514 511 505 500 501 501 502 461 462
587 587 587 587 587 587 587 588 587 587 588 587 586 587 586 585 586 587 586 586 587 586 585 587 586 585 584 586 585 583 584 584 583 581 583 581 580 580 581 579 580 579 580 578 578 577 576 577 574 573 571 573 571 570 569 569 568 566 566 564 562 563 561 559 558 557 555 554 554 552 551 549 547 544 543 542 540 537 536 533 529 526 525 521 519 516 512 507 503 502 502 502 462 462
588 588 587 588 587 587 588 588 588 588 588 587 588 588 587 588 587 586 586 587 587 586 587 587 586 585 586 586 585 584 585 584 583 584 584 582 580 582 581 579 579 581 580 578 578 578 577 577 575 574 574 573 571 570 570 570 568 567 566 565 564 564 561 559 559 558 556 554 553 553 551 551 549 545 544 543 540 537 536 533 532 530 526 522 519 516 512 508 504 503 502 502 462 463
588 588 588 588 588 588 588 588 589 589 588 589 588 588 587 588 588 587 589 589 588 587 587 587 586 587 587 586 585 585 585 584 584 585 584 582 583 583 582 579 580 580 580 579 579 578 577 577 575 576 575 574 572 573 571 570 568 567 568 566 565 564 562 562 560 558 556 555 554 554 552 551 549 546 545 543 540 538 537 535 532 530 527 523 519 517 513 508 504 503 503 504 464 470
589 588 589 588 588 588 588 589 589 589 588 589 589 588 589 588 588 589 588 589 588 589 588 588 587 587 587 586 587 586 585 585 585 585 584 583 584 583 582 582 582 580 579 579 580 578 578 577 577 576 575 574 574 574 572 570 568 569 568 566 565 564 564 563 561 559 556 556 555 553 552 551 549 547 547 544 541 539 538 535 532 530 527 523 523 518 514 509 505 504 504 512 471 470
590 590 589 589 589 589 588 590 589 589 590 589 589 590 589 589 589 589 588 588 590 589 589 589 589 588 588 587 586 586 585 586 586 585 585 584 584 583 583 583 582 581 580 581 580 578 578 579 577 577 575 576 574 574 572 571 572 569 568 566 565 566 564 563 561 559 559 558 555 553 552 550 551 549 547 544 542 541 538 535 534 531 528 525 523 519 515 510 505 511 511 512 471 471
591 590 590 591 590 590 591 590 590 591 590 589 590 590 589 589 590 589 588 589 589 589 590 590 589 589 589 589 587 587 586 586 586 585 586 585 584 583 584 583 582 581 582 581 580 579 580 579 577 577 576 576 575 574 572 573 572 570 569 568 567 566 564 563 562 561 560 558 556 554 554 552 550 549 547 544 544 542 540 536 534 531 528 526 522 519 520 517 512 511 512 513 472 472
590 591 592 591 590 591 591 591 592 592 591 590 591 590 589 590 590 589 590 590 589 588 590 590 589 590 590 589 588 588 588 587 587 586 586 585 584 585 584 583 582 583 582 581 580 581 581 580 577 578 577 576 575 575 574 573 572 570 570 570 567 566 565 564 563 561 560 558 557 557 555 552 550 548 547 546 545 542 539 537 535 532 528 526 528 526 522 519 514 512 513 513 472 474
590 590 592 591 590 592 591 590 593 592 591 592 592 591 591 591 590 590 590 590 589 590 590 590 590 590 590 589 589 589 588 588 588 588 586 585 585 585 585 583 584 583 582 581 582 581 580 580 580 580 577 576 576 576 574 574 572 571 571 570 568 566 566 565 563 562 560 559 558 557 555 553 551 549 548 546 545 542 539 538 536 534 535 533 529 525 523 519 514 513 513 513 473 474
590 592 591 591 592 592 591 591 593 592 592 593 592 592 592 592 591 591 591 590 590 590 590 589 591 591 590 589 589 589 588 589 589 588 586 587 587 585 585 584 584 584 582 583 582 581 580 580 581 580 578 578 577 576 574 574 573 572 572 570 569 567 568 566 563 563 561 560 558 557 555 554 552 551 548 546 544 542 540 540 543 540 537 533 529 526 523 519 514 514 514 516 474 475
591 592 591 591 593 592 592 593 593 593 592 593 592 592 593 592 592 592 592 592 591 591 590 590 591 591 590 589 590 589 589 590 589 588 588 588 587 586 586 585 584 584 582 583 583 581 581 580 580 580 579 580 578 576 574 574 574 572 572 571 569 569 568 566 565 563 562 560 559 558 556 554 553 551 549 546 545 543 547 545 543 539 537 534 530 528 524 520 514 515 516 516 476 475
593 592 592 591 592 593 592 593 592 593 594 593 593 592 593 593 592 593 592 592 592 592 592 591 591 590 591 591 590 590 589 590 589 589 589 588 587 588 587 586 585 584 584 583 583 581 582 580 580 579 578 580 578 577 577 575 574 572 573 571 570 569 568 567 565 565 562 560 560 558 556 556 553 551 550 548 546 549 547 544 542 540 539 536 532 528 524 519 515 516 516 516 476 476
592 592 592 592 592 592 592 593 593 593 594 594 593 593 594 593 593 593 593 592 593 593 592 592 592 592 589 590 590 590 591 590 589 589 589 588 587 589 587 586 586 587 585 583 583 583 582 581 580 580 579 579 578 578 578 576 574 574 572 572 570 570 568 567 567 565 564 561 560 558 557 555 554 552 550 555 552 549 547 545 542 542 539 536 532 529 524 519 516 516 516 516 477 477
593 594 593 593 593 592 592 594 593 593 595 594 593 594 594 593 593 594 593 593 594 593 592 593 593 592 591 591 590 590 591 590 590 590 589 588 588 589 587 586 588 586 585 584 585 583 582 581 581 580 580 579 578 577 578 576 576 574 573 572 572 570 568 568 567 566 564 563 560 559 558 556 554 558 557 555 553 551 548 545 543 541 538 535 533 530 527 521 517 517 517 518 477 478
594 594 594 595 594 593 594 593 592 593 595 594 594 595 594 593 595 594 593 593 594 593 593 594 593 591 592 592 591 591 591 591 590 590 589 589 589 589 587 587 588 586 585 587 585 584 582 582 582 580 580 579 579 578 577 577 576 576 573 573 572 570 569 567 568 566 564 563 562 560 558 562 560 559 558 556 553 552 549 546 543 541 539 535 533 531 526 523 517 517 517 518 478 478
594 593 594 595 594 594 595 594 594 594 594 594 595 595 594 595 595 594 594 595 594 593 593 594 592 592 593 592 592 591 592 590 591 590 590 590 590 588 588 588 588 586 585 587 585 584 585 583 582 580 581 579 579 578 578 576 577 576 575 574 572 571 569 569 568 566 564 565 563 567 564 562 561 561 558 556 553 552 550 548 545 542 539 535 533 530 525 523 518 517 517 519 479 479
594 593 595 595 594 595 595 594 595 595 594 595 595 595 594 595 595 594 595 595 594 594 594 593 592 593 593 592 592 593 592 592 590 591 590 590 590 589 589 589 588 586 587 587 585 584 586 584 582 582 581 580 579 579 578 577 576 576 574 573 573 572 570 569 567 566 567 571 569 566 565 564 562 560 558 556 553 553 551 548 546 542 538 537 533 529 526 522 518 520 520 520 479 479
594 595 596 595 596 595 595 595 595 595 594 595 595 595 596 595 595 596 595 595 594 595 594 593 593 593 593 593 592 593 592 592 592 591 590 590 590 589 589 589 588 588 588 587 585 586 585 584 583 582 582 580 580 579 578 577 577 576 574 573 575 572 570 569 567 567 572 570 568 567 567 565 562 560 558 556 556 553 551 548 546 543 540 538 534 530 527 522 519 519 519 520 479 480
594 595 595 595 596 596 595 596 595 595 595 595 595 595 596 596 595 596 595 595 595 594 594 593 594 594 593 593 593 593 593 591 592 591 591 590 591 590 589 589 588 588 588 587 587 586 585 584 584 584 582 580 581 579 578 578 577 576 574 575 574 572 571 569 575 573 572 570 569 569 567 565 563 560 559 557 556 553 550 549 547 544 540 538 534 530 527 523 519 519 520 519 479 480
595 595 595 596 596 596 596 596 595 596 596 595 595 596 595 595 595 595 594 594 595 594 594 595 594 594 594 594 593 593 593 592 592 592 591 592 589 589 589 590 589 588 588 587 587 587 585 585 584 584 583 581 581 580 578 579 577 576 575 575 573 572 577 576 575 574 572 571 570 569 567 565 564 561 560 557 556 553 551 549 547 544 542 537 534 530 528 524 520 521 521 520 479 481
596 595 596 596 596 597 596 596 596 596 596 595 596 596 595 596 596 595 595 596 595 594 595 595 594 594 595 594 594 594 593 592 592 592 592 592 591 589 590 590 589 588 588 588 587 587 586 586 585 584 583 581 581 580 579 579 577 576 577 575 573 578 579 576 574 573 573 572 570 569 567 566 564 563 560 558 556 554 551 550 547 544 542 538 535 532 528 523 520 521 521 521 481 481
596 597 596 596 596 597 597 596 597 597 596 597 596 596 595 596 596 595 595 596 595 595 596 595 594 595 595 594 594 595 593 593 593 593 592 591 591 590 590 589 588 588 590 588 587 587 587 586 585 585 583 584 581 581 579 579 578 577 577 581 579 579 579 577 574 574 573 571 570 570 568 565 565 563 560 559 556 554 553 550 547 545 543 538 535 532 528 523 520 521 522 522 482 482
595 597 596 596 596 597 597 597 597 597 597 597 597 596 597 597 596 596 596 595 594 596 596 595 595 596 595 594 595 594 593 593 593 593 593 592 591 591 591 589 588 589 588 587 587 588 587 586 585 585 584 584 582 581 579 580 579 583 583 581 581 580 579 577 575 575 573 571 571 569 567 567 565 564 560 559 556 555 553 551 548 545 542 540 535 532 528 524 522 523 523 523 482 482
596 596 597 597 597 596 598 597 597 597 597 597 597 597 597 597 596 596 597 596 595 596 595 595 596 596 595 594 595 594 593 594 594 593 593 592 592 591 591 589 589 590 588 587 587 587 587 586 586 586 584 584 583 581 581 580 585 583 582 583 581 580 578 578 577 575 573 572 571 569 567 566 565 564 562 559 557 555 554 551 548 545 543 540 536 533 528 524 523 523 523 524 483 482
596 596 596 596 597 597 598 598 598 598 597 597 598 597 597 597 597 597 597 597 595 596 595 595 596 596 595 596 595 594 593 595 594 593 593 593 592 593 591 590 589 590 588 587 589 587 586 585 587 585 584 585 583 581 587 586 585 584 584 583 581 580 579 578 578 575 574 573 571 569 567 567 565 562 561 559 558 555 553 550 547 547 544 540 537 532 528 524 523 523 523 524 483 483
596 596 597 596 596 597 597 598 599 598 597 598 598 597 598 598 597 597 597 597 596 596 596 595 596 595 595 596 595 594 596 595 594 593 594 593 592 593 591 590 591 590 588 588 588 587 586 586 586 584 586 584 584 587 588 586 585 585 584 582 581 581 580 578 577 575 573 572 571 570 568 567 565 562 563 559 557 555 553 551 549 547 544 540 536 532 529 526 524 524 524 525 484 484
597 597 597 596 597 597 596 596 599 598 598 599 598 597 599 598 597 598 598 597 597 596 596 595 596 596 594 595 594 595 596 595 594 594 594 593 593 593 592 590 591 589 589 589 588 587 587 587 586 584 585 590 589 588 588 586 585 586 584 582 582 581 580 578 578 575 573 573 572 570 569 567 564 564 563 559 556 555 553 551 549 547 543 540 537 534 529 525 524 524 525 525 485 484
596 598 597 597 598 597 596 597 597 596 599 599 598 598 599 598 597 599 598 597 597 597 596 597 596 595 595 595 594 594 595 595 593 595 594 593 593 593 592 591 591 590 589 590 588 587 587 587 586 585 591 590 589 588 586 586 586 586 584 582 582 582 580 579 578 575 574 573 572 570 569 566 566 565 562 559 557 556 554 551 549 545 543 541 538 534 529 525 524 524 525 485 485 485
597 598 597 598 598 597 597 598 597 596 598 598 598 600 599 598 597 599 598 597 598 597 596 596 596 595 596 595 595 595 595 594 594 595 594 593 595 593 592 591 590 590 590 589 588 589 588 587 591 591 592 590 589 588 586 586 586 585 584 583 583 581 580 580 578 576 575 574 572 570 569 568 566 565 562 560 558 556 553 551 549 546 543 541 536 532 528 526 525 526 527 486 486 486
597 597 598 598 598 597 598 598 597 597 598 597 597 599 599 598 600 599 598 599 598 596 595 597 596 595 596 596 595 595 595 594 594 594 593 595 594 593 591 591 591 590 590 589 589 589 588 593 592 592 591 590 589 588 587 587 586 584 583 583 583 581 580 580 578 576 576 574 572 570 570 568 566 564 563 559 559 556 553 551 549 546 544 541 536 533 529 524 525 525 527 486 486 486
597 597 597 598 598 598 598 598 598 597 598 597 597 598 597 597 599 598 597 598 597 596 596 597 596 596 597 596 595 596 595 594 594 594 593 594 593 592 592 593 591 591 590 590 589 594 594 593 593 593 591 591 588 589 587 586 586 584 584 584 582 580 579 580 578 577 576 574 571 572 570 568 566 565 562 560 559 557 554 552 549 547 543 542 537 532 529 525 525 526 526 485 484 487
598 598 597 598 599 598 598 598 598 598 598 598 597 598 598 597 598 597 597 598 597 596 597 597 596 596 597 596 596 596 595 595 595 594 594 593 593 591 592 591 591 591 590 590 596 594 594 594 593 593 591 591 590 588 588 586 586 586 584 584 582 581 581 579 577 576 575 573 573 572 570 568 567 565 563 560 559 557 554 552 550 547 545 540 536 532 529 525 526 527 527 486 486 487
598 598 597 598 599 598 599 599 598 599 599 598 599 598 598 597 598 597 596 597 596 597 598 597 596 597 597 596 596 596 595 595 595 595 594 593 593 593 592 591 590 590 590 596 596 594 595 594 593 592 592 590 590 588 588 586 586 586 584 583 583 582 581 578 577 576 574 574 573 572 570 568 567 566 562 562 559 556 553 552 550 547 545 540 536 534 530 526 526 527 527 486 487 487
598 597 597 599 598 598 600 599 598 599 599 598 599 599 598 598 597 597 597 597 597 597 597 597 597 598 597 596 596 596 595 595 596 595 594 594 592 593 591 591 591 596 596 596 594 595 595 594 593 592 593 590 590 589 588 588 587 586 584 583 582 582 581 579 577 576 575 574 572 571 570 568 568 565 563 561 559 556 554 553 550 547 544 540 538 534 530 526 526 527 527 486 487 488
598 597 598 598 597 598 599 599 598 600 599 598 600 599 598 598 598 597 597 597 597 597 597 597 597 598 596 597 596 596 595 595 596 594 594 593 593 593 591 591 598 596 596 596 594 595 594 593 594 593 592 590 590 589 587 588 587 585 585 584 583 581 580 579 577 577 576 574 573 571 569 568 567 564 562 561 559 558 556 553 550 546 544 541 537 534 529 526 528 528 529 487 488 488
598 597 598 598 597 598 598 597 599 600 599 598 600 598 597 599 598 597 598 598 597 597 597 597 597 596 595 596 597 596 596 596 595 595 593 594 593 592 592 598 597 596 596 595 595 595 594 593 592 592 590 590 590 589 588 588 587 585 585 585 583 580 580 579 578 577 576 574 572 571 570 569 565 564 562 560 558 556 556 553 549 548 545 541 537 533 530 527 528 529 528 488 488 488
