testData/tiles/oneDegree/grid26.0-0.0-27.0-1.0.asc
ncols   200
nrows   200
xllcorner   26.0
yllcorner   0.0
cellsize   0.005
NODATA_value   -9999.0
[rows 0 to 41 of 200, columns 0 to 93 of 200]
336 335 335 334 333 333 332 332 331 330 330 329 328 328 327 327 326 325 325 324 323 323 322 321 321 320 320 319 318 318 317 316 316 315 314 314 313 312 312 311 310 310 309 308 308 307 306 305 305 304 303 303 302 301 301 300 299 299 298 297 297 296 295 294 294 293 292 292 291 290 290 289 288 287 287 286 285 285 284 283 282 282 281 280 280 279 278 278 277 276 275 275 274 273
335 335 334 333 333 332 332 331 330 330 329 329 328 327 327 326 326 325 324 324 323 322 322 321 320 320 319 318 318 317 317 316 315 315 314 313 313 312 311 311 310 309 309 308 307 307 306 305 304 304 303 302 302 301 300 300 299 298 298 297 296 296 295 294 293 293 292 291 291 290 289 289 288 287 286 286 285 284 284 283 282 282 281 280 279 279 278 277 277 276 275 274 274 273
335 334 334 333 332 332 331 331 330 329 329 328 328 327 326 326 325 324 324 323 323 322 321 321 320 319 319 318 317 317 316 315 315 314 314 313 312 312 311 310 310 309 308 308 307 306 306 305 304 303 303 302 301 301 300 299 299 298 297 297 296 295 295 294 293 292 292 291 290 290 289 288 288 287 286 285 285 284 283 283 282 281 281 280 279 278 278 277 276 276 275 274 273 273
334 334 333 333 332 331 331 330 330 329 328 328 327 327 326 325 325 324 323 323 322 322 321 320 320 319 318 318 317 316 316 315 314 314 313 313 312 311 311 310 309 309 308 307 307 306 305 304 304 303 302 302 301 300 300 299 298 298 297 296 296 295 294 294 293 292 291 291 290 289 289 288 287 287 286 285 285 284 283 282 282 281 280 280 279 278 277 277 276 275 275 274 273 273
334 333 333 332 331 331 330 330 329 329 328 327 327 326 326 325 324 324 323 322 322 321 321 320 319 319 318 317 317 316 315 315 314 313 313 312 311 311 310 309 309 308 308 307 306 305 305 304 303 303 302 301 301 300 299 299 298 297 297 296 295 295 294 293 293 292 291 290 290 289 288 288 287 286 286 285 284 284 283 282 281 281 280 279 279 278 277 277 276 275 274 274 273 272
333 333 332 332 331 330 330 329 329 328 327 327 326 326 325 324 324 323 323 322 321 321 320 319 319 318 318 317 316 316 315 314 314 313 312 312 311 310 310 309 308 308 307 306 306 305 304 304 303 302 302 301 300 300 299 298 298 297 296 296 295 294 294 293 292 292 291 290 290 289 288 287 287 286 285 285 284 283 283 282 281 280 280 279 278 278 277 276 276 275 274 273 273 272
333 332 332 331 331 330 329 329 328 328 327 326 326 325 325 324 323 323 322 322 321 320 320 319 318 318 317 317 316 315 315 314 313 313 312 311 311 310 309 309 308 307 307 306 305 305 304 303 303 302 301 301 300 299 299 298 297 297 296 295 295 294 293 293 292 291 291 290 289 289 288 287 286 286 285 284 284 283 282 282 281 280 279 279 278 277 277 276 275 275 274 273 272 272
332 332 331 331 330 329 329 328 328 327 327 326 325 325 324 324 323 322 322 321 321 320 319 319 318 317 317 316 315 315 314 314 313 312 312 311 310 310 309 308 308 307 306 306 305 304 304 303 302 302 301 300 300 299 298 298 297 296 296 295 294 294 293 292 292 291 290 290 289 288 288 287 286 285 285 284 283 283 282 281 281 280 279 278 278 277 276 276 275 274 274 273 272 271
332 331 331 330 330 329 328 328 327 327 326 325 325 324 324 323 323 322 321 321 320 319 319 318 318 317 316 316 315 314 314 313 313 312 311 311 310 309 309 308 307 307 306 305 305 304 303 303 302 301 301 300 299 299 298 297 297 296 295 295 294 293 293 292 291 291 290 289 289 288 287 287 286 285 284 284 283 282 282 281 280 280 279 278 278 277 276 275 275 274 273 273 272 271
331 331 330 330 329 328 328 327 327 326 326 325 324 324 323 323 322 321 321 320 320 319 318 318 317 317 316 315 315 314 313 313 312 312 311 310 310 309 308 308 307 306 306 305 304 304 303 302 302 301 300 300 299 298 298 297 296 296 295 294 294 293 292 292 291 290 290 289 288 288 287 286 286 285 284 283 283 282 281 281 280 279 279 278 277 277 276 275 274 274 273 272 272 271
331 330 330 329 329 328 327 327 326 326 325 325 324 323 323 322 322 321 320 320 319 319 318 317 317 316 316 315 314 314 313 312 312 311 310 310 309 309 308 307 307 306 305 305 304 303 303 302 301 301 300 299 299 298 297 297 296 295 295 294 293 293 292 291 291 290 289 289 288 287 287 286 285 285 284 283 282 282 281 280 280 279 278 278 277 276 276 275 274 273 273 272 271 271
330 330 329 329 328 327 327 326 326 325 325 324 323 323 322 322 321 321 320 319 319 318 318 317 316 316 315 314 314 313 313 312 311 311 310 309 309 308 308 307 306 306 305 304 304 303 302 302 301 300 300 299 298 298 297 296 296 295 294 294 293 292 292 291 290 290 289 288 288 287 286 286 285 284 284 283 282 281 281 280 279 279 278 277 277 276 275 275 274 273 272 272 271 270
330 329 329 328 328 327 326 326 325 325 324 324 323 322 322 321 321 320 319 319 318 318 317 316 316 315 315 314 313 313 312 312 311 310 310 309 308 308 307 306 306 305 305 304 303 303 302 301 301 300 299 299 298 297 297 296 295 295 294 293 293 292 291 291 290 289 289 288 287 287 286 285 285 284 283 283 282 281 280 280 279 278 278 277 276 276 275 274 274 273 272 271 271 270
329 329 328 328 327 326 326 325 325 324 324 323 323 322 321 321 320 320 319 318 318 317 317 316 315 315 314 314 313 312 312 311 310 310 309 309 308 307 307 306 305 305 304 304 303 302 302 301 300 300 299 298 298 297 296 296 295 294 294 293 292 292 291 290 290 289 288 288 287 286 286 285 284 284 283 282 282 281 280 279 279 278 277 277 276 275 275 274 273 273 272 271 271 270
329 328 328 327 327 326 325 325 324 324 323 323 322 321 321 320 320 319 319 318 317 317 316 316 315 314 314 313 313 312 311 311 310 309 309 308 308 307 306 306 305 304 304 303 302 302 301 301 300 299 299 298 297 297 296 295 295 294 293 293 292 291 291 290 289 289 288 287 287 286 285 285 284 283 283 282 281 281 280 279 278 278 277 276 276 275 274 274 273 272 272 271 270 270
328 328 327 327 326 325 325 324 324 323 323 322 322 321 320 320 319 319 318 317 317 316 316 315 315 314 313 313 312 311 311 310 310 309 308 308 307 307 306 305 305 304 303 303 302 301 301 300 300 299 298 298 297 296 296 295 294 294 293 292 292 291 290 290 289 288 288 287 286 286 285 284 284 283 282 282 281 280 280 279 278 277 277 276 275 275 274 273 273 272 271 271 270 269
328 327 327 326 325 325 324 324 323 323 322 322 321 320 320 319 319 318 318 317 316 316 315 315 314 313 313 312 312 311 310 310 309 309 308 307 307 306 305 305 304 304 303 302 302 301 300 300 299 298 298 297 297 296 295 295 294 293 293 292 291 291 290 289 289 288 287 287 286 285 285 284 283 283 282 281 281 280 279 279 278 277 276 276 275 274 274 273 272 272 271 270 270 269
327 327 326 325 325 324 324 323 323 322 322 321 321 320 319 319 318 318 317 317 316 315 315 314 314 313 312 312 311 311 310 309 309 308 308 307 306 306 305 304 304 303 303 302 301 301 300 299 299 298 297 297 296 295 295 294 294 293 292 292 291 290 290 289 288 288 287 286 286 285 284 284 283 282 282 281 280 280 279 278 278 277 276 275 275 274 273 273 272 271 271 270 269 269
326 326 325 325 324 324 323 323 322 322 321 321 320 319 319 318 318 317 317 316 315 315 314 314 313 313 312 311 311 310 310 309 308 308 307 306 306 305 305 304 303 303 302 302 301 300 300 299 298 298 297 296 296 295 294 294 293 293 292 291 291 290 289 289 288 287 287 286 285 285 284 283 283 282 281 281 280 279 279 278 277 277 276 275 274 274 273 272 272 271 270 270 269 268
326 325 325 324 324 323 323 322 322 321 321 320 320 319 318 318 317 317 316 316 315 314 314 313 313 312 311 311 310 310 309 308 308 307 307 306 305 305 304 304 303 302 302 301 300 300 299 299 298 297 297 296 295 295 294 293 293 292 291 291 290 290 289 288 288 287 286 286 285 284 284 283 282 282 281 280 280 279 278 278 277 276 276 275 274 273 273 272 271 271 270 269 269 268
325 325 324 324 323 323 322 322 321 321 320 320 319 318 318 317 317 316 316 315 315 314 313 313 312 312 311 310 310 309 309 308 307 307 306 306 305 304 304 303 303 302 301 301 300 299 299 298 298 297 296 296 295 294 294 293 292 292 291 290 290 289 288 288 287 287 286 285 285 284 283 283 282 281 281 280 279 279 278 277 277 276 275 275 274 273 272 272 271 270 270 269 268 268
325 324 324 323 323 322 322 321 321 320 320 319 319 318 317 317 316 316 315 315 314 313 313 312 312 311 311 310 309 309 308 308 307 306 306 305 305 304 303 303 302 301 301 300 300 299 298 298 297 296 296 295 295 294 293 293 292 291 291 290 289 289 288 287 287 286 285 285 284 284 283 282 282 281 280 280 279 278 278 277 276 276 275 274 273 273 272 271 271 270 269 269 268 267
324 324 323 323 322 322 321 321 320 320 319 319 318 317 317 316 316 315 315 314 314 313 312 312 311 311 310 309 309 308 308 307 307 306 305 305 304 304 303 302 302 301 300 300 299 299 298 297 297 296 295 295 294 294 293 292 292 291 290 290 289 288 288 287 286 286 285 284 284 283 283 282 281 281 280 279 279 278 277 277 276 275 275 274 273 272 272 271 270 270 269 268 268 267
324 323 323 322 322 321 321 320 320 319 319 318 317 317 316 316 315 315 314 314 313 312 312 311 311 310 310 309 308 308 307 307 306 305 305 304 304 303 302 302 301 301 300 299 299 298 298 297 296 296 295 294 294 293 292 292 291 291 290 289 289 288 287 287 286 285 285 284 283 283 282 281 281 280 279 279 278 278 277 276 276 275 274 273 273 272 271 271 270 269 269 268 267 267
323 323 322 322 321 321 320 320 319 319 318 317 317 316 316 315 315 314 314 313 313 312 311 311 310 310 309 309 308 307 307 306 306 305 304 304 303 303 302 301 301 300 300 299 298 298 297 296 296 295 295 294 293 293 292 291 291 290 290 289 288 288 287 286 286 285 284 284 283 282 282 281 280 280 279 278 278 277 276 276 275 274 274 273 272 272 271 270 270 269 268 268 267 266
323 322 322 321 321 320 320 319 319 318 317 317 316 316 315 315 314 314 313 313 312 311 311 310 310 309 309 308 307 307 306 306 305 305 304 303 303 302 302 301 300 300 299 299 298 297 297 296 295 295 294 294 293 292 292 291 290 290 289 289 288 287 287 286 285 285 284 283 283 282 281 281 280 279 279 278 277 277 276 275 275 274 273 273 272 271 271 270 269 269 268 267 267 266
322 321 321 320 320 319 319 318 318 317 317 316 316 315 315 314 314 313 313 312 312 311 310 310 309 309 308 308 307 306 306 305 305 304 303 303 302 302 301 301 300 299 299 298 297 297 296 296 295 294 294 293 293 292 291 291 290 289 289 288 287 287 286 286 285 284 284 283 282 282 281 280 280 279 278 278 277 276 276 275 274 274 273 272 272 271 270 270 269 268 268 267 266 266
321 321 320 320 319 319 318 318 317 317 316 316 315 315 314 314 313 313 312 312 311 310 310 309 309 308 308 307 307 306 305 305 304 304 303 302 302 301 301 300 299 299 298 298 297 296 296 295 295 294 293 293 292 291 291 290 290 289 288 288 287 286 286 285 285 284 283 283 282 281 281 280 279 279 278 277 277 276 275 275 274 273 273 272 271 271 270 269 269 268 267 267 266 265
321 320 320 319 319 318 318 317 317 316 316 315 315 314 314 313 313 312 312 311 311 310 309 309 308 308 307 307 306 305 305 304 304 303 303 302 301 301 300 300 299 298 298 297 297 296 295 295 294 294 293 292 292 291 290 290 289 289 288 287 287 286 285 285 284 283 283 282 282 281 280 280 279 278 278 277 276 276 275 274 274 273 272 272 271 270 270 269 268 268 267 266 266 265
320 320 319 319 318 318 317 317 316 316 315 315 314 314 313 313 312 312 311 311 310 309 309 308 308 307 307 306 306 305 304 304 303 303 302 301 301 300 300 299 299 298 297 297 296 296 295 294 294 293 292 292 291 291 290 289 289 288 288 287 286 286 285 284 284 283 282 282 281 281 280 279 279 278 277 277 276 275 275 274 273 273 272 271 271 270 269 269 268 267 267 266 265 265
320 319 319 318 318 317 317 316 316 315 315 314 314 313 313 312 312 311 311 310 309 309 308 308 307 307 306 306 305 304 304 303 303 302 302 301 300 300 299 299 298 297 297 296 296 295 294 294 293 293 292 291 291 290 290 289 288 288 287 286 286 285 285 284 283 283 282 281 281 280 279 279 278 278 277 276 276 275 274 274 273 272 272 271 270 270 269 268 268 267 266 266 265 264
319 319 318 318 317 317 316 316 315 315 314 314 313 313 312 312 311 311 310 309 309 308 308 307 307 306 306 305 305 304 303 303 302 302 301 301 300 299 299 298 298 297 296 296 295 295 294 293 293 292 292 291 290 290 289 289 288 287 287 286 285 285 284 284 283 282 282 281 280 280 279 278 278 277 277 276 275 275 274 273 273 272 271 271 270 269 269 268 267 267 266 265 265 264
318 318 317 317 317 316 316 315 315 314 314 313 313 312 312 311 311 310 309 309 308 308 307 307 306 306 305 305 304 303 303 302 302 301 301 300 299 299 298 298 297 297 296 295 295 294 294 293 292 292 291 291 290 289 289 288 287 287 286 286 285 284 284 283 282 282 281 281 280 279 279 278 277 277 276 275 275 274 274 273 272 272 271 270 270 269 268 268 267 266 266 265 264 264
318 317 317 316 316 315 315 315 314 314 313 313 312 312 311 311 310 309 309 308 308 307 307 306 306 305 305 304 304 303 302 302 301 301 300 300 299 298 298 297 297 296 295 295 294 294 293 293 292 291 291 290 290 289 288 288 287 286 286 285 285 284 283 283 282 281 281 280 280 279 278 278 277 276 276 275 274 274 273 272 272 271 271 270 269 269 268 267 267 266 265 265 264 263
317 317 316 316 315 315 314 314 313 313 312 312 311 311 310 310 309 309 308 308 307 307 306 306 305 305 304 304 303 302 302 301 301 300 300 299 299 298 297 297 296 296 295 294 294 293 293 292 291 291 290 290 289 288 288 287 287 286 285 285 284 284 283 282 282 281 280 280 279 279 278 277 277 276 275 275 274 273 273 272 271 271 270 270 269 268 268 267 266 266 265 264 264 263
317 316 316 315 315 314 314 313 313 312 312 311 311 310 310 309 309 308 308 307 307 306 306 305 305 304 304 303 302 302 301 301 300 300 299 299 298 297 297 296 296 295 295 294 293 293 292 292 291 290 290 289 289 288 287 287 286 286 285 284 284 283 282 282 281 281 280 279 279 278 277 277 276 276 275 274 274 273 272 272 271 270 270 269 268 268 267 267 266 265 265 264 263 263
316 316 315 315 314 314 313 313 312 312 311 311 310 310 309 309 308 308 307 307 306 306 305 305 304 304 303 303 302 301 301 300 300 299 299 298 298 297 296 296 295 295 294 293 293 292 292 291 291 290 289 289 288 288 287 286 286 285 285 284 283 283 282 281 281 280 280 279 278 278 277 276 276 275 275 274 273 273 272 271 271 270 269 269 268 267 267 266 266 265 264 264 263 262
315 315 315 314 314 313 313 312 312 311 311 310 310 309 309 308 308 307 307 306 306 305 305 304 304 303 303 302 301 301 300 300 299 299 298 298 297 296 296 295 295 294 294 293 292 292 291 291 290 289 289 288 288 287 287 286 285 285 284 283 283 282 282 281 280 280 279 279 278 277 277 276 275 275 274 273 273 272 272 271 270 270 269 268 268 267 266 266 265 264 264 263 263 262
315 314 314 313 313 313 312 312 311 311 310 310 309 309 308 308 307 307 306 306 305 305 304 304 303 303 302 301 301 300 300 299 299 298 298 297 297 296 295 295 294 294 293 293 292 291 291 290 290 289 288 288 287 287 286 285 285 284 284 283 282 282 281 281 280 279 279 278 277 277 276 276 275 274 274 273 272 272 271 271 270 269 269 268 267 267 266 265 265 264 263 263 262 261
314 314 313 313 312 312 311 311 311 310 310 309 309 308 308 307 307 306 306 305 305 304 304 303 303 302 301 301 300 300 299 299 298 298 297 297 296 295 295 294 294 293 293 292 291 291 290 290 289 289 288 287 287 286 286 285 284 284 283 283 282 281 281 280 280 279 278 278 277 276 276 275 275 274 273 273 272 271 271 270 269 269 268 268 267 266 266 265 264 264 263 262 262 261
314 313 313 312 312 311 311 310 310 309 309 309 308 308 307 307 306 306 305 305 304 304 303 303 302 301 301 300 300 299 299 298 298 297 297 296 296 295 294 294 293 293 292 292 291 290 290 289 289 288 287 287 286 286 285 285 284 283 283 282 282 281 280 280 279 278 278 277 277 276 275 275 274 274 273 272 272 271 270 270 269 268 268 267 267 266 265 265 264 263 263 262 261 261
313 313 312 312 311 311 310 310 309 309 308 308 307 307 307 306 306 305 305 304 304 303 302 302 301 301 300 300 299 299 298 298 297 297 296 296 295 294 294 293 293 292 292 291 290 290 289 289 288 288 287 286 286 285 285 284 283 283 282 282 281 280 280 279 279 278 277 277 276 276 275 274 274 273 272 272 271 271 270 269 269 268 267 267 266 266 265 264 264 263 262 262 261 260
