testData/tiles/oneDegree/grid26.0-36.0-27.0-37.0.asc
ncols   200
nrows   200
xllcorner   26.0
yllcorner   36.0
cellsize   0.005
NODATA_value   -9999.0
[rows 42 to 83 of 200, columns 0 to 93 of 200]
994 993 994 993 993 993 993 993 994 994 994 995 996 996 997 997 997 998 998 998 999 999 1000 1000 1000 1001 1001 1001 1002 1003 1003 1004 1004 1004 1005 1005 1005 954 954 954 955 955 955 956 956 956 957 957 957 958 957 957 958 958 958 959 959 959 960 960 960 961 961 961 962 962 962 961 962 1047 1047 1048 1054 1064 1075 1083 1091 1098 1104 1111 1117 869 875 880 884 888 893 898 902 905 910 912 915 919
993 992 993 993 992 993 993 994 994 994 995 995 995 997 997 997 998 998 998 999 999 999 1000 1000 1000 1001 1001 1001 1002 1002 1002 1004 1004 1005 1005 1005 954 954 954 955 955 955 956 956 956 957 957 957 957 957 957 958 958 958 959 959 959 960 960 960 960 961 961 961 962 962 961 962 962 1047 1048 1048 1054 1065 1075 1083 1091 1098 1104 1111 1117 868 876 880 884 888 894 898 901 906 909 912 916 919
992 993 992 991 993 993 993 994 994 994 995 995 996 996 997 998 998 998 999 999 999 1000 1000 1000 1001 1001 1001 1002 1002 1002 1003 1003 1003 1004 1005 1005 954 954 954 955 955 955 956 956 956 956 956 956 957 957 957 958 958 958 959 959 959 960 960 960 961 961 961 962 962 961 962 962 962 1048 1048 1048 1055 1065 1075 1083 1091 1098 1105 1111 1117 868 875 879 884 889 894 898 902 906 909 913 916 919
993 992 991 992 993 993 994 994 994 995 995 995 996 996 996 998 998 998 999 999 1000 1000 1000 1001 1001 1001 1002 1002 1002 1003 1003 1003 1004 1004 1004 953 953 953 954 954 954 955 955 955 956 956 956 957 957 957 958 958 958 959 959 959 960 960 960 961 961 961 962 962 961 962 962 962 963 1048 1048 1049 1055 1065 1075 1083 1090 1098 1105 1111 1117 869 875 879 885 889 894 899 902 906 910 913 916 919
992 991 991 992 992 994 994 994 995 995 995 996 996 996 997 998 998 999 999 999 1000 1000 1000 1001 1001 1001 1002 1002 1003 1003 1003 1004 1004 1004 953 953 953 954 954 954 955 955 955 956 956 956 957 957 957 958 958 958 959 959 959 960 960 960 961 961 961 962 962 962 962 962 962 963 963 1048 1049 1049 1054 1065 1074 1083 1090 1098 1105 1111 864 869 874 880 885 889 895 899 902 906 910 913 916 920
992 991 992 992 992 994 994 994 995 995 995 996 996 997 997 997 999 999 999 1000 1000 1000 1001 1001 1001 1002 1002 1002 1003 1003 1003 1004 1004 1004 953 953 953 954 954 955 955 955 956 956 956 957 957 957 958 958 958 959 959 959 960 960 960 961 961 961 962 962 962 961 962 962 962 963 963 1048 1049 1049 1054 1066 1074 1083 1091 1098 1105 1112 864 869 875 880 884 890 895 899 902 906 910 913 917 920
991 992 992 992 993 993 994 995 995 995 996 996 996 997 997 997 998 999 1000 1000 1000 1001 1001 1001 1002 1002 1002 1003 1003 1003 1004 1004 1004 953 953 953 954 954 954 955 955 955 956 956 956 957 957 957 958 958 958 959 959 959 960 960 960 961 961 961 962 962 961 962 962 962 963 963 963 1049 1049 1049 1055 1065 1074 1083 1091 1098 1106 1112 864 869 875 880 885 890 895 898 902 906 910 856 859 862
991 992 992 992 993 993 994 995 995 996 996 996 997 997 997 998 998 998 999 1000 1000 1001 1001 1001 1002 1002 1003 1003 1003 1004 1004 1004 953 953 953 954 954 954 955 955 955 956 956 956 957 957 957 958 958 958 959 959 959 960 960 960 961 961 961 962 961 961 962 962 962 963 963 963 964 1049 1049 1050 1054 1064 1075 1083 1091 1099 1106 1112 865 869 875 880 885 890 895 899 902 847 853 856 859 862
992 992 992 993 993 993 994 994 995 996 996 997 997 997 998 998 998 999 999 999 1001 1001 1001 1002 1002 1002 1003 1003 1003 1004 1004 952 953 953 954 954 954 955 955 955 956 956 956 957 957 957 958 958 958 959 959 959 960 960 960 961 961 961 962 961 961 962 962 962 963 963 963 964 964 1049 1050 1049 1054 1065 1075 1083 1091 1099 1106 858 863 869 875 881 885 889 837 840 844 848 853 856 860 861
992 992 993 993 993 994 994 994 996 996 996 997 997 997 998 998 998 999 999 1000 1000 1001 1002 1002 1002 1003 1003 1003 1004 1004 1004 953 953 953 954 954 954 955 955 955 956 956 956 957 957 957 958 958 959 959 959 960 960 960 961 961 961 962 961 961 962 962 962 963 963 963 964 964 964 1049 1050 1049 1053 1065 1075 1083 1092 1099 1105 858 863 869 876 881 827 832 837 840 845 848 853 857 860 861
992 992 993 993 993 994 994 995 995 996 997 997 997 998 998 998 999 999 999 1000 1000 1000 1001 1002 1003 1003 1003 1004 1004 1004 953 953 953 954 954 954 955 955 955 956 956 956 957 957 957 958 958 958 959 959 959 960 960 960 961 961 960 961 961 961 962 962 962 963 963 963 964 964 964 1050 1049 1049 1054 1065 1074 1084 1092 1099 1106 857 863 812 818 822 828 832 836 841 845 848 852 857 858 861
991 993 993 993 994 994 994 995 995 995 997 997 998 998 998 999 999 999 1000 1000 1000 1001 1001 1001 1003 1003 1003 1004 1004 952 953 953 954 954 954 955 955 955 956 956 956 957 957 957 958 958 958 959 959 959 960 960 960 961 961 960 961 961 961 962 962 962 963 963 963 964 964 964 965 1049 1049 1050 1054 1065 1075 1084 1091 1100 1047 799 806 811 818 823 828 831 836 841 845 848 852 856 858 862
991 992 993 994 994 994 995 995 995 996 996 997 998 998 998 999 999 1000 1000 1000 1001 1001 1001 1002 1002 1002 1004 1004 1004 953 953 953 954 954 954 955 955 955 956 956 957 957 957 958 958 958 959 959 959 960 960 960 961 960 960 961 961 961 962 962 962 963 963 963 964 964 964 965 964 1049 1050 1050 1054 1066 1075 1084 1034 1040 793 800 806 811 817 823 828 831 837 841 845 849 852 855 859 799
992 992 993 994 994 994 995 995 996 996 996 997 998 998 999 999 999 1000 1000 1000 1001 1001 1001 1002 1002 1003 1003 1003 952 953 953 954 954 954 955 955 955 956 956 956 957 957 957 958 958 958 959 959 959 960 959 959 960 960 961 961 961 962 962 962 963 963 963 964 964 964 965 964 964 1050 1050 1050 1054 1007 1017 1025 1034 1040 793 800 806 811 818 823 827 832 837 841 845 849 852 856 859 799
992 992 993 994 994 995 995 995 996 996 996 997 997 999 999 999 1000 1000 1000 1001 1001 1001 1002 1002 1002 1003 1003 951 952 952 953 953 954 955 955 955 956 956 956 957 957 957 958 958 958 959 959 958 959 959 959 960 960 960 961 961 961 962 962 962 963 963 963 964 964 964 964 964 964 1050 992 992 996 1007 1017 1026 1033 1040 794 800 806 812 818 823 828 832 837 842 845 849 852 856 859 800
992 992 993 993 995 995 995 996 996 996 997 997 997 998 999 999 1000 1000 1001 1001 1001 1002 1002 1002 1003 1003 951 952 952 952 953 953 953 954 954 954 955 955 956 956 956 957 957 957 958 958 958 959 959 959 960 960 960 961 961 961 962 962 962 963 963 963 964 964 964 964 964 906 907 992 992 993 996 1007 1017 1025 1033 1041 794 800 807 812 818 823 827 832 838 842 845 850 852 856 859 800
992 993 993 993 994 995 995 996 996 997 997 997 998 998 998 999 1000 1000 1001 1001 1001 1002 1002 1002 1003 1003 952 952 952 953 953 953 954 954 954 955 955 955 956 956 956 957 957 957 958 958 959 959 959 960 960 960 961 961 961 962 962 962 963 963 963 964 964 963 906 906 906 907 907 992 993 993 996 1008 1016 1025 1034 787 793 801 806 812 818 823 827 832 837 841 845 849 852 856 797 800
992 993 993 994 994 994 996 996 996 997 997 997 998 998 999 999 999 1001 1001 1001 1002 1002 1002 1003 1003 951 952 952 952 953 953 954 954 954 955 955 955 956 956 956 957 957 957 958 958 958 959 959 959 960 960 960 961 961 961 962 962 962 963 963 964 906 905 906 906 906 907 907 907 993 993 993 997 1006 1016 1026 1033 787 793 800 806 811 818 823 827 832 836 841 845 848 852 857 797 800
993 993 993 994 994 995 995 996 997 997 997 998 998 998 999 999 999 1000 1001 1002 1002 1002 1003 1003 951 952 952 952 953 953 953 954 954 954 955 955 956 956 956 957 957 957 958 958 958 959 959 959 960 960 960 961 961 961 962 962 962 963 905 905 906 905 905 906 906 906 907 907 907 993 993 993 995 1006 1016 1025 1033 786 794 800 806 812 817 822 828 832 836 842 845 848 853 857 797 800
993 993 994 994 994 995 995 995 997 997 998 998 998 999 999 999 1000 1000 1000 1001 1002 1002 1003 951 952 952 952 953 953 953 954 954 954 955 955 955 956 956 956 957 957 957 958 958 959 959 959 960 960 960 961 961 961 962 962 904 905 905 905 905 905 905 906 906 906 907 907 907 908 993 993 993 995 1006 1017 1025 779 787 794 800 806 811 816 823 828 832 837 841 845 849 852 794 797 799
993 993 994 994 995 995 995 996 996 997 998 998 998 999 999 1000 1000 1000 1001 1001 1001 1002 1003 951 952 952 952 953 953 953 954 954 955 955 955 956 956 956 957 957 957 958 958 958 959 959 959 960 960 960 961 961 904 904 904 905 905 904 905 905 905 906 906 906 907 907 907 908 908 993 993 993 995 1007 1016 1025 780 787 794 800 806 811 817 823 828 833 836 841 846 849 852 793 796 799
992 994 994 994 995 995 995 996 996 997 998 998 999 999 999 1000 1000 1000 1001 1001 1002 1002 950 951 952 952 953 953 953 954 954 954 955 955 955 956 956 957 957 957 958 958 958 959 959 959 960 960 960 903 903 903 904 904 904 904 904 904 905 905 905 906 906 906 907 907 908 908 908 993 993 993 996 1006 1016 1026 780 787 794 800 806 811 817 823 828 833 836 841 845 849 852 794 796 799
993 993 994 995 995 995 996 996 996 997 997 999 999 999 1000 1000 1000 1001 1001 1001 1002 950 950 951 951 952 953 953 954 954 954 955 955 955 956 956 956 957 957 957 958 958 959 959 959 902 902 902 903 903 903 904 904 903 904 904 904 905 905 905 906 906 906 907 907 907 908 908 907 993 993 993 995 1006 1016 1026 779 786 793 800 805 812 817 823 828 832 836 842 845 849 790 793 796 800
993 993 993 995 995 996 996 996 997 997 997 998 998 999 1000 1000 1001 1001 1001 1002 950 950 951 951 951 952 952 952 953 954 955 955 955 956 956 956 957 957 957 958 958 958 901 901 901 902 902 902 903 903 903 903 903 904 904 904 905 905 905 906 906 906 907 907 907 908 907 907 908 993 993 994 995 1006 1017 771 778 786 793 799 806 812 817 824 827 832 837 841 845 850 789 792 797 800
993 993 994 994 995 996 996 996 997 997 998 998 998 999 1000 1000 1001 1001 1001 950 950 951 951 951 952 952 952 953 953 953 954 954 954 1038 956 956 957 957 900 900 900 901 901 901 902 901 901 902 902 902 903 903 903 904 904 904 905 905 906 906 906 907 907 907 908 907 907 908 908 993 994 994 995 1007 1016 770 779 786 793 800 806 812 818 823 827 832 836 841 846 849 789 793 797 800
993 993 994 994 995 996 996 997 997 997 998 998 998 999 999 1001 1001 1001 1002 950 950 951 951 951 952 952 953 1036 1036 1037 1037 1037 1038 1038 1038 981 981 981 982 982 899 900 900 901 901 901 902 902 902 903 903 903 904 904 904 905 905 905 906 906 906 907 907 907 907 907 907 908 908 993 994 994 995 1006 1015 771 779 786 794 800 806 812 816 822 828 832 836 841 846 785 789 793 797 799
993 994 994 994 995 995 997 997 997 998 998 998 999 999 999 1000 1000 1001 950 950 951 951 951 952 952 1035 1036 1036 1036 1037 1037 980 980 980 981 981 981 982 982 982 983 983 900 901 901 901 902 902 903 903 903 904 904 904 905 905 905 906 906 906 907 907 906 907 907 907 908 908 908 994 994 994 995 1005 761 771 779 786 794 800 806 811 816 822 828 832 836 841 845 785 789 793 797 800
994 994 994 995 995 995 996 997 997 998 998 999 999 999 1000 1000 1000 949 949 950 951 951 952 1035 1035 1036 1036 978 979 979 979 980 980 980 981 981 982 982 982 983 983 983 984 984 901 902 902 902 903 903 903 904 904 904 905 905 906 906 906 907 906 906 907 907 907 908 908 908 909 994 994 995 994 1005 762 770 778 787 793 800 805 811 816 823 828 832 837 840 782 786 789 792 797 800
994 994 994 995 995 996 996 996 998 998 998 999 999 999 1000 1000 949 949 949 950 950 1034 1035 977 977 978 978 979 979 979 980 980 980 981 981 981 982 982 982 983 983 983 984 984 985 985 902 903 903 903 904 904 904 905 905 905 906 906 905 906 906 906 907 907 908 908 908 909 909 994 995 994 994 1005 761 770 779 786 793 799 805 811 817 822 827 833 837 840 782 786 789 793 797 799
998 999 995 995 995 996 996 996 997 997 999 999 999 1000 1000 948 949 949 949 892 975 976 976 977 978 978 978 979 979 979 980 980 981 981 981 982 982 982 983 983 983 984 984 984 985 985 985 903 903 904 904 904 905 905 905 906 905 905 906 906 906 907 907 907 908 908 908 909 909 993 994 994 994 751 761 770 779 786 793 799 805 812 817 822 828 833 836 841 782 786 789 793 796 799
998 998 1000 1000 1001 996 996 997 997 997 998 999 999 1000 948 891 891 891 892 975 975 976 976 976 977 977 979 979 979 980 980 980 981 981 981 982 982 983 983 983 984 984 984 985 985 985 986 986 903 904 904 904 905 904 905 905 905 906 906 906 907 907 907 908 908 908 909 909 908 994 994 994 995 751 761 771 779 785 793 799 805 811 817 821 828 831 835 777 782 786 790 792 796 800
998 999 999 1000 1001 1001 1001 997 997 998 940 940 942 890 890 891 891 892 975 975 976 976 976 977 977 977 978 978 978 980 980 981 981 981 982 982 982 983 983 983 984 984 985 985 985 986 986 986 987 904 903 904 904 904 905 905 905 906 906 906 907 907 908 908 908 909 909 908 909 994 994 995 995 750 761 770 777 786 792 799 806 811 816 822 827 831 836 777 782 786 789 792 797 800
998 999 999 1000 1001 943 944 944 944 945 940 941 941 889 891 891 891 975 975 975 976 976 977 977 977 978 978 978 979 979 979 980 981 982 982 982 983 983 983 984 984 984 985 985 984 985 985 985 986 986 904 904 904 905 905 905 906 906 906 907 907 907 908 908 908 908 908 908 909 994 995 995 741 751 761 769 778 785 792 800 805 811 817 821 827 832 836 777 783 786 788 793 796 799
941 941 941 942 942 944 944 944 945 945 945 946 889 889 890 890 892 975 975 976 976 976 977 977 977 978 978 979 979 983 988 990 991 993 992 991 990 986 983 983 983 984 984 984 985 985 985 986 986 986 904 904 904 905 905 906 906 906 907 907 907 908 908 907 908 908 908 909 909 994 995 995 741 751 760 769 778 785 792 799 805 811 816 821 826 832 773 778 783 785 789 792 795 799
941 941 942 942 942 943 944 944 945 945 946 894 894 895 890 890 974 974 975 976 976 977 977 977 978 978 978 984 989 993 998 1000 1003 1004 1003 1002 1000 996 993 988 983 984 984 985 985 985 986 986 986 987 987 904 905 905 905 906 906 906 907 907 908 907 907 908 908 908 909 909 909 995 995 995 742 749 759 769 777 785 793 799 805 811 816 821 827 832 773 778 781 785 789 792 795 800
941 941 942 942 943 943 943 944 945 945 894 894 894 895 895 896 974 974 975 975 976 977 977 978 978 979 987 993 998 1004 1008 1011 1014 1014 1014 1013 1010 1007 1002 997 992 985 984 985 985 985 986 986 987 987 987 905 905 905 906 906 906 907 907 906 907 907 907 908 908 908 909 909 910 995 995 741 741 749 760 769 777 786 792 799 805 810 816 821 827 831 774 776 780 786 789 792 796 799
941 942 942 942 943 943 943 944 944 894 894 894 895 895 895 979 979 980 975 975 976 976 977 978 979 987 995 1002 1008 1014 1018 1022 1024 1025 1025 1023 1020 1017 1011 1006 1000 993 986 985 985 986 986 986 987 987 987 988 905 905 906 906 907 906 906 907 907 907 908 908 908 909 909 909 910 995 994 741 741 749 760 769 778 785 792 799 805 810 816 821 826 769 772 776 781 785 789 793 795 799
940 942 942 943 943 943 944 944 892 893 893 894 895 895 896 979 979 980 980 980 981 976 977 977 985 995 1003 1010 1017 1023 1028 1032 1035 1036 1036 1033 1031 1026 1020 1015 1008 1000 993 985 986 986 986 987 987 987 988 988 905 906 905 905 906 906 906 907 907 908 908 908 909 909 909 910 909 994 995 741 741 749 759 768 778 785 791 798 804 810 816 821 826 768 772 776 781 785 789 792 795 799
941 941 941 943 943 943 944 892 893 893 893 894 895 895 979 979 980 980 980 981 981 981 982 982 991 1001 1009 1018 1025 1032 1038 1042 1045 1047 1046 1043 1040 1035 1030 1023 1015 1008 999 990 986 986 986 987 987 988 987 987 988 905 905 906 906 906 907 907 907 908 908 908 909 909 910 909 909 995 741 741 742 749 759 769 776 784 792 798 804 811 816 821 825 768 772 777 781 785 788 792 795 799
941 941 942 942 943 944 892 892 893 893 894 894 894 895 979 979 980 980 980 981 981 982 982 992 1002 1006 1015 1025 1033 1040 1047 1051 1055 1057 1055 1054 1050 1044 1038 1030 1021 1013 1004 996 985 985 986 986 986 987 987 987 988 905 905 906 906 907 907 907 908 908 908 909 909 908 909 909 909 995 741 741 742 748 760 768 776 784 791 798 805 810 816 821 762 768 773 777 780 786 788 791 795 798
941 941 942 942 942 892 892 893 893 893 894 894 894 895 978 979 980 980 981 981 981 982 986 996 1007 1017 1027 1031 1040 1049 1056 1061 1066 1067 1067 1063 1058 1052 1044 1035 1027 1018 1008 999 989 985 986 986 987 987 987 988 988 905 906 906 906 907 907 907 908 908 909 908 908 909 909 909 910 910 741 742 742 748 758 767 776 784 791 798 804 810 815 820 762 768 772 776 781 785 788 792 795 798
941 942 942 942 891 891 891 893 893 894 894 894 895 895 978 979 979 979 981 981 982 982 990 1001 1011 1021 1032 1041 1052 1056 1064 1071 1076 1078 1077 1072 1066 1059 1050 1041 1032 1022 1013 1003 993 986 986 986 987 987 987 988 988 906 906 906 907 907 907 908 908 907 908 908 908 909 909 910 910 656 742 742 741 748 758 767 776 784 791 798 804 809 815 757 762 768 772 776 780 783 788 792 795 798
