testData/tiles/oneDegree/grid49.0-8.0-50.0-9.0.asc
ncols   200
nrows   200
xllcorner   49.0
yllcorner   8.0
cellsize   0.005
NODATA_value   -9999.0
[rows 84 to 125 of 200, columns 94 to 187 of 200]
388 387 387 386 386 386 386 386 386 386 386 386 386 386 386 386 387 387 387 387 387 387 387 387 387 387 387 387 387 387 387 387 387 388 388 388 388 388 388 388 388 388 388 388 388 388 388 388 388 388 388 388 388 388 388 388 388 388 388 388 388 388 388 388 388 389 389 389 389 319 319 319 319 319 319 319 319 319 319 319 319 319 144 144 144 144 144 144 144 144 144 144 144 144
391 390 389 388 388 388 388 388 388 388 389 389 389 389 389 389 389 389 389 389 389 389 389 389 389 389 390 390 390 390 390 390 390 390 390 390 390 390 390 390 390 390 390 390 390 390 390 390 390 390 390 391 391 391 391 391 391 391 391 391 391 391 391 391 391 391 391 391 391 391 321 321 321 321 321 321 321 321 321 321 321 321 146 146 146 146 146 146 146 146 146 146 146 146
393 392 391 390 390 390 391 391 391 391 391 391 391 391 391 391 391 391 391 391 391 391 392 392 392 392 392 392 392 392 392 392 392 392 392 392 392 392 392 392 392 392 392 392 392 393 393 393 393 393 393 393 393 393 393 393 393 393 393 393 393 393 393 393 393 393 393 393 393 393 323 323 323 323 323 323 323 323 323 323 323 148 148 148 148 148 148 148 148 148 148 148 148 148
395 394 393 392 393 393 393 393 393 393 393 393 393 393 393 393 393 393 393 393 394 394 394 394 394 394 394 394 394 394 394 394 394 394 394 394 394 394 394 394 394 394 394 395 395 395 395 395 395 395 395 395 395 395 395 395 395 395 395 395 395 395 395 395 395 395 395 395 395 395 325 325 325 325 325 325 325 325 325 325 325 150 150 150 150 150 150 150 150 150 150 150 150 150
397 396 395 395 395 395 395 395 395 395 395 395 395 395 395 395 395 395 395 395 396 396 396 396 396 396 396 396 396 396 396 396 396 396 396 396 396 396 396 396 396 396 396 396 397 397 397 397 397 397 397 397 397 397 397 397 397 397 397 397 397 397 397 397 397 397 397 397 397 397 327 327 327 327 327 327 327 327 327 327 327 152 152 152 152 152 152 152 152 152 152 152 152 152
399 398 397 396 396 397 397 397 397 397 397 397 397 397 397 397 397 397 397 397 397 397 398 398 398 398 398 398 398 398 398 398 398 398 398 398 398 398 398 398 398 398 398 398 398 398 398 398 399 399 399 399 399 399 399 399 399 399 399 399 399 399 399 399 399 399 399 399 399 399 329 329 329 329 329 329 329 329 329 329 329 154 154 154 154 154 154 154 154 154 154 154 154 154
401 400 399 398 398 398 398 398 399 399 399 399 399 399 399 399 399 399 399 399 399 399 399 399 399 399 399 400 400 400 400 400 400 400 400 400 400 400 400 400 400 400 400 400 400 400 400 400 400 400 400 400 400 400 400 400 400 400 401 401 401 401 401 401 401 401 401 401 401 401 401 331 331 331 331 331 331 331 331 331 331 156 156 156 156 156 156 156 156 156 156 156 156 156
402 401 400 400 400 400 400 400 400 400 400 400 401 401 401 401 401 401 401 401 401 401 401 401 401 401 401 401 401 401 401 401 401 401 402 402 402 402 402 402 402 402 402 402 402 402 402 402 402 402 402 402 402 402 402 402 402 402 402 402 402 402 402 402 402 402 402 402 402 402 402 332 332 332 332 332 332 332 332 332 332 157 157 157 157 157 157 157 157 157 157 157 157 157
403 403 402 402 402 402 402 402 402 402 402 402 402 402 402 402 402 402 402 403 403 403 403 403 403 403 403 403 403 403 403 403 403 403 403 403 403 403 403 403 403 403 403 403 403 403 404 404 404 404 404 404 404 404 404 404 404 404 404 404 404 404 404 404 404 404 404 404 404 404 404 334 334 334 334 334 334 334 334 334 334 159 159 159 159 159 159 159 159 159 159 159 159 159
405 404 403 403 403 403 403 403 404 404 404 404 404 404 404 404 404 404 404 404 404 404 404 404 404 404 404 404 404 405 405 405 405 405 405 405 405 405 405 405 405 405 405 405 405 405 405 405 405 405 405 405 405 405 405 405 405 405 405 405 405 405 405 405 405 405 405 405 405 405 405 335 336 336 336 336 336 336 336 336 336 161 161 161 161 161 161 161 161 161 161 161 161 160
407 406 405 405 405 405 405 405 405 405 405 405 405 405 405 405 405 405 406 406 406 406 406 406 406 406 406 406 406 406 406 406 406 406 406 406 406 406 406 406 406 406 406 406 406 407 407 407 407 407 407 407 407 407 407 407 407 407 407 407 407 407 407 407 407 407 407 407 407 407 407 407 337 337 337 337 337 337 337 337 337 162 162 162 162 162 162 162 162 162 162 162 162 162
408 407 406 406 406 406 406 406 406 406 407 407 407 407 407 407 407 407 407 407 407 407 407 407 407 407 407 407 407 407 407 407 408 408 408 408 408 408 408 408 408 408 408 408 408 408 408 408 408 408 408 408 408 408 408 408 408 408 408 408 408 408 408 408 408 408 408 408 408 408 408 408 338 338 338 338 338 338 338 338 338 163 163 163 163 163 163 163 163 163 163 163 163 163
409 408 407 408 408 408 408 408 408 408 408 408 408 408 408 408 408 408 408 408 408 408 408 409 409 409 409 409 409 409 409 409 409 409 409 409 409 409 409 409 409 409 409 409 409 409 409 409 409 409 409 409 409 409 409 409 409 410 410 410 410 410 410 410 410 410 410 410 410 410 410 410 340 340 340 340 340 340 340 340 165 165 165 165 165 165 165 165 165 165 165 165 165 165
411 410 409 409 409 409 409 409 409 409 409 409 409 409 409 409 410 410 410 410 410 410 410 410 410 410 410 410 410 410 410 410 410 410 410 410 410 410 410 410 410 410 410 410 411 411 411 411 411 411 411 411 411 411 411 411 411 411 411 411 411 411 411 411 411 411 411 411 411 411 411 411 341 341 341 341 341 341 341 341 166 166 166 166 166 166 166 166 166 166 166 166 166 166
411 410 410 410 410 410 410 410 410 410 410 411 411 411 411 411 411 411 411 411 411 411 411 411 411 411 411 411 411 411 411 411 411 411 411 411 412 412 412 412 412 412 412 412 412 412 412 412 412 412 412 412 412 412 412 412 412 412 412 412 412 412 412 412 412 412 412 412 412 412 412 412 342 342 342 342 342 342 342 342 167 167 167 167 167 167 167 167 167 167 167 167 167 167
412 411 411 411 411 411 411 412 412 412 412 412 412 412 412 412 412 412 412 412 412 412 412 412 412 412 412 412 412 412 412 413 413 413 413 413 413 413 413 413 413 413 413 413 413 413 413 413 413 413 413 413 413 413 413 413 413 413 413 413 413 413 413 413 413 413 413 413 413 413 413 413 413 343 343 343 343 343 343 343 168 168 168 168 168 168 168 168 168 168 168 168 168 168
413 412 412 412 413 413 413 413 413 413 413 413 413 413 413 413 413 413 413 413 413 413 413 413 413 413 413 414 414 414 414 414 414 414 414 414 414 414 414 414 414 414 414 414 414 414 414 414 414 414 414 414 414 414 414 414 414 414 414 414 414 414 414 414 414 414 414 414 414 414 414 414 414 344 344 344 345 345 345 345 170 170 170 170 170 170 170 170 170 169 169 169 169 169
414 413 413 414 414 414 414 414 414 414 414 414 414 414 414 414 414 414 414 414 414 414 414 414 414 415 415 415 415 415 415 415 415 415 415 415 415 415 415 415 415 415 415 415 415 415 415 415 415 415 415 415 415 415 415 415 415 415 415 415 415 415 415 415 415 415 416 416 416 416 416 416 416 346 346 346 346 346 346 346 171 171 171 171 171 171 171 171 171 171 171 171 171 171
415 414 415 415 415 415 415 415 415 415 415 415 415 415 415 415 415 415 415 415 415 415 415 415 416 416 416 416 416 416 416 416 416 416 416 416 416 416 416 416 416 416 416 416 416 416 416 416 416 416 416 416 416 416 416 416 416 416 416 416 416 416 416 416 417 417 417 417 417 417 417 417 417 347 347 347 347 347 347 347 172 172 172 172 172 172 172 172 172 172 172 172 172 172
416 415 416 416 416 416 416 416 416 416 416 416 416 416 416 416 416 416 416 416 416 416 416 416 417 417 417 417 417 417 417 417 417 417 417 417 417 417 417 417 417 417 417 417 417 417 417 417 417 417 417 417 417 417 417 417 417 417 417 417 417 417 417 417 417 417 418 418 418 418 418 418 418 348 348 348 348 348 348 348 173 173 173 173 173 173 173 173 173 173 173 173 173 173
416 416 417 417 417 417 417 417 417 417 417 417 417 417 417 417 417 417 417 417 417 417 417 417 417 418 418 418 418 418 418 418 418 418 418 418 418 418 418 418 418 418 418 418 418 418 418 418 418 418 418 418 418 418 418 418 418 418 418 418 418 418 418 418 418 418 418 418 418 418 418 418 418 418 349 349 349 349 349 174 174 174 174 174 174 174 174 174 174 174 174 173 173 173
417 417 417 417 418 418 418 418 418 418 418 418 418 418 418 418 418 418 418 418 418 418 418 418 418 418 418 418 419 419 419 419 419 419 419 419 419 419 419 419 419 419 419 419 419 419 419 419 419 419 419 419 419 419 419 419 419 419 419 419 419 419 419 419 419 419 419 419 419 419 419 419 419 419 349 349 349 349 349 174 174 174 174 174 174 174 174 174 174 174 174 174 174 174
418 418 418 418 418 418 418 419 419 419 419 419 419 419 419 419 419 419 419 419 419 419 419 419 419 419 419 419 419 419 419 419 419 420 420 420 420 420 420 420 420 420 420 420 420 420 420 420 420 420 420 420 420 420 420 420 420 420 420 420 420 420 420 420 420 420 420 420 420 420 420 420 420 420 350 350 350 350 350 175 175 175 175 175 175 175 175 175 175 175 175 175 175 175
419 419 419 419 419 419 419 419 419 419 419 420 420 420 420 420 420 420 420 420 420 420 420 420 420 420 420 420 420 420 420 420 420 420 420 420 420 420 420 421 421 421 421 421 421 421 421 421 421 421 421 421 421 421 421 421 421 421 421 421 421 421 421 421 421 421 421 421 421 421 421 421 421 421 351 351 351 351 351 176 176 176 176 176 176 176 176 176 176 176 176 176 176 176
420 420 420 420 420 420 420 420 420 420 420 420 420 420 420 420 421 421 421 421 421 421 421 421 421 421 421 421 421 421 421 421 421 421 421 421 421 421 421 421 421 421 421 421 421 421 421 421 422 422 422 422 422 422 422 422 422 422 422 422 422 422 422 422 422 422 422 422 422 422 422 422 422 422 352 352 352 352 352 177 177 177 177 177 177 177 177 177 177 177 177 177 177 177
421 421 421 421 421 421 421 421 421 421 421 421 421 421 421 421 421 421 421 421 421 421 422 422 422 422 422 422 422 422 422 422 422 422 422 422 422 422 422 422 422 422 422 422 422 422 422 422 422 422 422 422 422 422 422 422 422 422 422 422 422 422 422 422 422 423 423 423 423 423 423 423 423 423 353 353 353 353 353 178 178 178 178 178 178 178 178 178 178 178 178 178 178 178
421 421 421 421 421 422 422 422 422 422 422 422 422 422 422 422 422 422 422 422 422 422 422 422 422 422 422 422 422 422 422 423 423 423 423 423 423 423 423 423 423 423 423 423 423 423 423 423 423 423 423 423 423 423 423 423 423 423 423 423 423 423 423 423 423 423 423 423 423 423 423 423 423 423 423 353 353 353 353 178 178 178 178 178 178 178 178 178 178 178 178 178 178 178
422 422 422 422 422 422 422 422 422 422 422 422 423 423 423 423 423 423 423 423 423 423 423 423 423 423 423 423 423 423 423 423 423 423 423 423 423 423 423 423 423 423 423 424 424 424 424 424 424 424 424 424 424 424 424 424 424 424 424 424 424 424 424 424 424 424 424 424 424 424 424 424 424 424 424 354 354 354 179 179 179 179 179 179 179 179 179 179 179 179 179 179 179 179
423 423 423 423 423 423 423 423 423 423 423 423 423 423 423 423 423 423 423 423 423 423 424 424 424 424 424 424 424 424 424 424 424 424 424 424 424 424 424 424 424 424 424 424 424 424 424 424 424 424 424 424 424 424 424 424 424 424 424 424 424 424 424 424 424 424 425 425 425 425 425 425 425 425 425 355 355 355 180 180 180 180 180 180 180 180 180 180 180 180 180 180 180 180
423 423 423 423 423 423 423 424 424 424 424 424 424 424 424 424 424 424 424 424 424 424 424 424 424 424 424 424 424 424 424 424 424 424 425 425 425 425 425 425 425 425 425 425 425 425 425 425 425 425 425 425 425 425 425 425 425 425 425 425 425 425 425 425 425 425 425 425 425 425 425 425 425 425 425 355 355 355 180 180 180 180 180 180 180 180 180 180 180 180 180 180 180 180
424 424 424 424 424 424 424 424 424 424 424 424 424 424 424 424 424 425 425 425 425 425 425 425 425 425 425 425 425 425 425 425 425 425 425 425 425 425 425 425 425 425 425 425 425 425 425 425 425 425 425 425 425 425 426 426 426 426 426 426 426 426 426 426 426 426 426 426 426 426 426 426 426 426 426 356 356 356 181 181 181 181 181 181 181 181 181 181 181 181 181 181 181 181
424 424 424 424 425 425 425 425 425 425 425 425 425 425 425 425 425 425 425 425 425 425 425 425 425 425 425 425 425 425 425 426 426 426 426 426 426 426 426 426 426 426 426 426 426 426 426 426 426 426 426 426 426 426 426 426 426 426 426 426 426 426 426 426 426 426 426 426 426 426 426 426 426 426 426 356 356 356 181 181 181 181 181 181 181 181 181 181 181 181 181 181 181 181
425 425 425 425 425 425 425 425 425 425 425 425 425 425 425 425 426 426 426 426 426 426 426 426 426 426 426 426 426 426 426 426 426 426 426 426 426 426 426 426 426 426 426 426 426 426 426 426 426 426 426 426 426 427 427 427 427 427 427 427 427 427 427 427 427 427 427 427 427 427 427 427 427 427 427 357 357 357 182 182 182 182 182 182 182 182 182 182 182 182 182 182 182 182
425 425 425 425 425 426 426 426 426 426 426 426 426 426 426 426 426 426 426 426 426 426 426 426 426 426 426 426 426 426 426 426 427 427 427 427 427 427 427 427 427 427 427 427 427 427 427 427 427 427 427 427 427 427 427 427 427 427 427 427 427 427 427 427 427 427 427 427 427 427 427 427 427 427 427 427 357 182 182 182 182 182 182 182 182 182 182 182 182 182 182 182 182 182
426 426 426 426 426 426 426 426 426 426 426 426 426 426 426 426 426 426 426 427 427 427 427 427 427 427 427 427 427 427 427 427 427 427 427 427 427 427 427 427 427 427 427 427 427 427 427 427 427 427 427 427 427 427 427 427 427 427 427 427 428 428 428 428 428 428 428 428 428 428 428 428 428 428 428 428 358 183 183 183 183 183 183 183 183 183 183 183 183 183 183 183 183 183
426 426 426 426 426 426 426 426 426 427 427 427 427 427 427 427 427 427 427 427 427 427 427 427 427 427 427 427 427 427 427 427 427 427 427 427 427 427 427 428 428 428 428 428 428 428 428 428 428 428 428 428 428 428 428 428 428 428 428 428 428 428 428 428 428 428 428 428 428 428 428 428 428 428 428 428 358 183 183 183 183 183 183 183 183 183 183 183 183 183 183 183 183 183
427 427 427 427 427 427 427 427 427 427 427 427 427 427 427 427 427 427 427 427 427 427 427 427 427 427 428 428 428 428 428 428 428 428 428 428 428 428 428 428 428 428 428 428 428 428 428 428 428 428 428 428 428 428 428 428 428 428 428 428 428 428 428 428 428 428 428 428 428 428 428 428 428 428 428 428 358 183 183 183 183 183 183 183 183 183 183 183 183 183 183 183 183 183
427 427 427 427 427 427 427 427 427 427 427 427 427 427 427 427 428 428 428 428 428 428 428 428 428 428 428 428 428 428 428 428 428 428 428 428 428 428 428 428 428 428 428 428 428 428 428 428 428 428 428 428 428 429 429 429 429 429 429 429 429 429 429 429 429 429 429 429 429 429 429 429 429 429 429 429 359 184 184 184 184 184 184 184 184 184 184 184 184 184 184 184 184 184
427 427 427 427 427 427 427 427 428 428 428 428 428 428 428 428 428 428 428 428 428 428 428 428 428 428 428 428 428 428 428 428 428 428 428 428 428 428 429 429 429 429 429 429 429 429 429 429 429 429 429 429 429 429 429 429 429 429 429 429 429 429 429 429 429 429 429 429 429 429 429 429 429 429 429 429 359 184 184 184 184 184 184 184 184 184 184 184 184 184 184 184 184 184
427 427 428 428 428 428 428 428 428 428 428 428 428 428 428 428 428 428 428 428 428 428 428 428 428 428 428 428 429 429 429 429 429 429 429 429 429 429 429 429 429 429 429 429 429 429 429 429 429 429 429 429 429 429 429 429 429 429 429 429 429 429 429 429 429 429 429 429 429 429 429 429 429 429 429 429 184 184 184 184 184 184 184 184 184 184 184 184 184 184 184 184 184 184
428 428 428 428 428 428 428 428 428 428 428 428 428 428 428 428 428 428 428 428 429 429 429 429 429 429 429 429 429 429 429 429 429 429 429 429 429 429 429 429 429 429 429 429 429 429 429 429 429 429 429 429 429 429 429 429 429 429 429 429 429 429 429 429 429 429 430 430 430 430 430 430 430 430 430 430 185 185 185 185 185 185 185 185 185 185 185 185 185 185 185 185 185 185
428 428 428 428 428 428 428 428 428 428 428 428 428 428 429 429 429 429 429 429 429 429 429 429 429 429 429 429 429 429 429 429 429 429 429 429 429 429 429 429 429 429 429 429 429 429 429 429 429 429 430 430 430 430 430 430 430 430 430 430 430 430 430 430 430 430 430 430 430 430 430 430 430 430 430 430 185 185 185 185 185 185 185 185 185 185 185 185 185 185 185 185 185 185
