testData/tiles/oneDegree/grid32.0-16.0-33.0-17.0.asc
ncols   200
nrows   200
xllcorner   32.0
yllcorner   16.0
cellsize   0.005
NODATA_value   -9999.0
[rows 0 to 41 of 200, columns 0 to 93 of 200]
863 863 863 862 861 861 861 861 860 860 860 860 860 782 782 781 781 781 780 780 780 780 779 779 779 778 778 777 777 777 777 776 776 776 775 775 774 774 774 774 773 772 772 772 771 771 771 771 769 769 769 769 768 768 768 766 766 766 766 765 765 764 764 763 763 763 762 761 761 761 760 760 759 758 758 758 757 756 756 756 755 755 754 753 753 753 752 751 751 750 750 750 748 748
863 862 862 862 861 861 861 861 861 860 860 860 860 859 781 781 781 781 780 780 780 780 780 778 778 778 778 778 777 777 777 777 775 775 775 775 774 774 774 774 772 772 772 772 771 771 771 770 769 769 769 769 768 768 767 767 766 766 766 766 764 764 764 763 763 763 762 761 761 761 760 759 759 759 758 758 757 756 756 756 755 754 754 754 753 753 752 751 751 751 750 749 749 748
862 862 862 862 862 861 861 861 861 861 860 859 859 859 859 781 781 781 781 780 780 780 779 779 778 778 778 778 777 777 776 776 776 775 775 775 775 774 773 773 773 772 772 772 772 771 770 770 770 769 769 769 768 767 767 767 767 766 766 765 764 764 764 764 763 762 762 762 761 761 760 759 759 759 758 757 757 757 756 756 755 754 754 754 753 752 752 751 751 751 749 749 749 748
862 862 862 862 862 861 861 861 861 860 860 859 859 859 859 858 781 781 781 781 779 779 779 779 779 778 778 778 778 776 776 776 776 776 775 775 775 774 773 773 773 773 772 772 771 771 770 770 770 770 769 768 768 768 767 767 767 765 765 765 765 764 764 763 763 762 762 762 761 760 760 760 759 759 758 757 757 757 756 755 755 755 754 754 753 752 752 752 751 750 750 749 749 748
863 862 862 862 862 862 860 860 860 860 860 859 859 859 859 859 858 781 780 780 780 779 779 779 779 779 778 777 777 777 776 776 776 776 775 774 774 774 774 773 773 773 773 771 771 771 771 770 770 770 769 768 768 768 767 767 766 766 765 765 765 765 763 763 763 762 762 762 761 760 760 760 759 758 758 758 757 757 756 755 755 755 754 753 753 752 752 752 751 750 750 750 748 748
863 863 862 862 861 861 861 860 860 860 860 860 859 859 859 858 858 857 780 780 780 780 779 779 779 778 777 777 777 777 777 776 776 776 775 774 774 774 774 773 773 772 772 771 771 771 771 770 769 769 769 768 768 768 768 766 766 766 766 765 765 764 764 763 763 763 762 761 761 761 760 760 759 758 758 758 757 756 756 756 755 755 754 753 753 753 752 751 751 750 750 749 748 748
863 862 862 861 861 861 861 861 860 860 860 860 860 858 858 858 858 858 857 780 780 780 780 778 778 778 778 777 777 777 777 777 775 775 775 775 774 774 774 774 772 772 772 772 771 771 771 770 769 769 769 769 768 767 767 767 766 766 766 766 764 764 764 763 763 762 762 761 761 761 760 759 759 759 758 758 757 756 756 756 755 754 754 754 753 753 752 751 751 751 749 749 749 748
862 862 862 862 861 861 861 861 861 860 860 859 859 859 858 858 858 858 858 857 780 779 779 778 778 778 778 778 777 777 776 776 775 775 775 775 775 774 773 773 773 772 772 772 772 770 770 770 770 769 769 769 768 767 767 767 767 766 765 765 764 764 764 764 762 762 762 761 761 761 760 759 759 759 758 757 757 757 756 756 755 754 754 754 753 752 752 751 751 750 749 749 749 748
862 862 862 862 862 861 861 861 860 860 859 859 859 859 859 858 858 858 858 857 856 779 779 779 778 778 778 778 777 776 776 776 776 775 775 775 775 773 773 773 773 773 772 772 771 771 770 770 770 770 769 768 768 767 767 767 767 765 765 765 765 764 764 763 763 762 762 762 761 760 760 760 759 759 758 757 757 757 756 755 755 755 754 754 753 752 752 752 750 750 750 749 749 748
862 862 862 862 862 862 860 860 860 860 860 859 859 859 859 859 858 857 857 857 856 779 779 779 779 778 778 777 777 776 776 776 776 776 775 774 774 774 773 773 773 773 771 771 771 771 770 770 770 769 768 768 768 768 767 767 766 766 765 765 765 765 763 763 763 762 762 761 761 760 760 760 759 758 758 758 757 757 756 755 755 755 754 753 753 752 752 751 750 750 750 750 748 748
863 862 862 861 861 861 860 860 860 860 860 860 859 859 859 858 857 857 857 857 857 856 779 779 779 778 777 777 777 777 776 776 776 775 775 774 774 774 774 773 773 772 772 771 771 771 771 770 769 769 769 768 768 768 767 766 766 766 766 765 764 764 763 763 763 763 761 761 761 760 760 760 759 758 758 758 757 756 756 755 755 755 754 753 753 753 751 751 751 750 750 749 748 748
862 862 861 861 861 861 861 860 860 860 860 860 858 858 858 858 858 857 857 857 857 857 856 778 778 778 778 777 777 777 777 775 775 775 775 774 774 774 774 773 772 772 772 772 771 771 770 770 769 769 769 769 768 767 767 766 766 766 766 764 764 764 764 763 763 762 761 761 761 761 759 759 759 758 758 758 757 756 756 756 755 754 754 753 753 752 752 751 751 751 749 749 749 748
862 862 862 861 861 861 861 861 860 860 859 859 859 858 858 858 858 858 857 857 856 856 856 855 778 778 778 777 777 776 776 776 775 775 775 775 774 773 773 773 772 772 772 772 771 770 770 770 769 769 769 768 767 767 767 767 766 766 765 765 764 764 764 764 762 762 762 761 761 760 760 759 759 759 757 757 757 756 756 755 755 754 754 754 752 752 752 751 751 750 749 749 749 747
862 862 862 862 861 861 861 860 860 859 859 859 859 859 858 858 858 858 857 856 856 856 856 856 855 778 778 778 776 776 776 776 775 775 775 775 774 773 773 773 773 772 772 771 771 770 770 770 770 769 768 768 768 767 767 767 766 765 765 765 764 764 763 763 762 762 762 762 760 760 760 759 759 758 758 757 757 757 755 755 755 754 754 753 753 752 752 752 750 750 750 749 748 748
862 862 862 862 861 860 860 860 860 860 859 859 859 859 859 858 857 857 857 857 856 856 856 856 855 855 777 777 777 776 776 776 776 775 774 774 774 773 773 773 773 772 771 771 771 771 770 770 769 769 768 768 768 768 767 766 766 765 765 765 765 763 763 763 763 762 762 761 760 760 760 760 758 758 758 757 757 756 756 755 755 755 753 753 753 752 752 751 750 750 750 748 748 748
862 861 861 861 861 861 860 860 860 860 860 859 859 858 858 858 857 857 857 857 856 856 856 855 855 854 854 777 777 777 776 776 775 775 774 774 774 774 773 773 772 772 771 771 771 771 770 769 769 769 768 768 768 767 766 766 766 766 765 765 764 764 763 763 763 761 761 761 761 760 760 759 758 758 758 758 756 756 756 755 755 754 753 753 753 753 751 751 751 750 749 749 748 748
862 861 861 861 861 861 860 860 860 860 860 858 858 858 858 858 857 857 857 857 857 855 855 855 855 855 854 854 777 777 775 775 775 775 775 774 774 774 773 772 772 772 772 771 771 770 770 769 769 769 769 768 767 767 767 766 766 766 765 764 764 764 763 763 762 762 761 761 761 760 759 759 759 758 758 757 756 756 756 756 754 754 754 753 752 752 751 751 751 749 749 749 749 747
862 862 861 861 861 861 861 860 859 859 859 859 858 858 858 858 858 857 857 856 856 856 855 855 855 855 855 854 853 776 776 775 775 775 775 774 773 773 773 773 772 772 772 772 770 770 770 770 769 769 768 768 767 767 767 767 766 765 765 764 764 764 764 762 762 762 762 761 760 760 759 759 759 758 757 757 757 756 755 755 754 754 754 753 752 752 752 751 750 750 749 749 748 747
862 862 862 861 861 860 860 860 859 859 859 859 859 858 858 858 858 857 856 856 856 856 856 855 855 855 854 853 853 776 776 776 775 775 774 774 773 773 773 773 772 772 771 771 770 770 770 770 769 768 768 768 767 767 767 766 765 765 765 765 764 763 763 763 762 762 762 760 760 760 760 759 758 758 757 757 757 756 755 755 755 754 753 753 752 752 752 750 750 750 750 748 748 748
862 862 861 861 860 860 860 860 860 859 859 859 859 859 857 857 857 857 857 856 856 856 856 855 854 854 854 854 853 853 776 776 774 774 774 774 774 773 773 773 772 771 771 771 771 770 770 769 769 768 768 768 768 767 766 766 766 765 765 765 764 763 763 763 762 761 761 761 760 760 760 758 758 758 758 757 756 756 755 755 755 753 753 753 753 752 751 751 750 750 749 748 748 748
861 861 861 861 860 860 860 860 860 860 859 858 858 858 858 857 857 857 857 856 856 856 855 855 854 854 854 854 854 853 852 775 775 774 774 774 774 773 772 772 772 772 771 771 771 770 769 769 769 769 768 768 767 767 766 766 766 765 764 764 764 763 763 763 762 761 761 761 760 760 759 759 758 758 758 756 756 756 756 755 754 754 753 753 752 751 751 751 750 749 749 749 748 747
861 861 861 861 861 860 860 860 860 859 858 858 858 858 858 857 857 857 857 856 855 855 855 855 855 854 854 854 853 852 852 852 775 775 774 774 773 773 772 772 772 772 771 771 770 770 769 769 769 769 767 767 767 767 766 766 766 765 764 764 764 764 763 762 762 761 761 761 760 759 759 759 759 757 757 757 756 756 755 754 754 754 754 752 752 752 751 751 750 749 749 749 747 747
862 861 861 861 861 861 859 859 859 859 859 858 858 858 858 858 857 856 856 856 856 855 855 855 855 855 853 853 853 853 852 852 852 775 774 773 773 773 773 772 772 772 771 770 770 770 770 769 769 768 768 767 767 767 767 765 765 765 765 764 764 763 762 762 762 762 761 760 760 760 759 759 758 757 757 757 757 755 755 755 754 754 753 752 752 752 751 750 750 750 749 748 748 747
863 863 862 860 860 860 860 859 859 859 859 859 858 858 857 857 857 856 856 856 856 856 855 855 854 854 853 853 853 853 853 852 852 774 774 773 773 773 773 772 771 771 771 771 770 770 770 769 768 768 768 768 767 767 766 766 765 765 765 764 763 763 763 762 762 761 761 760 760 760 759 758 758 758 757 757 756 755 755 755 754 753 753 753 752 752 751 750 750 750 748 748 748 747
862 862 861 861 861 861 861 861 860 860 859 859 858 857 857 857 857 857 856 856 856 856 854 854 854 854 854 853 853 853 852 851 851 851 774 774 773 773 772 772 771 771 771 771 770 769 769 769 768 768 768 768 766 766 766 766 765 765 764 764 763 763 763 763 761 761 761 760 760 759 759 758 758 758 757 756 756 756 755 755 754 753 753 753 751 751 751 750 750 749 749 748 748 747
862 862 862 861 861 861 861 861 860 859 859 859 859 858 858 858 858 857 856 855 855 855 855 854 854 854 854 854 852 852 852 852 851 851 851 774 772 772 772 772 772 771 771 771 770 769 769 769 769 768 767 767 767 766 766 766 766 764 764 764 763 763 762 762 761 761 761 761 759 759 759 758 758 757 757 756 756 756 754 754 754 754 753 752 752 751 751 751 749 749 749 748 747 747
862 862 862 862 861 861 860 860 860 859 859 859 859 859 858 858 858 857 857 856 856 856 855 855 854 854 853 853 852 852 852 852 852 851 850 850 773 772 772 772 772 771 770 770 770 770 769 769 769 768 767 767 767 766 766 765 765 764 764 764 764 762 762 762 762 761 761 760 759 759 759 759 757 757 757 756 756 755 755 754 754 754 752 752 752 751 750 750 750 749 749 748 747 747
863 863 862 862 862 861 861 860 860 860 859 859 859 859 858 857 857 857 857 857 856 856 856 856 854 854 854 853 853 852 852 852 851 850 850 850 773 773 772 772 771 771 770 770 770 770 769 768 768 768 767 767 767 766 765 765 765 765 764 763 763 763 762 762 762 760 760 760 760 759 758 758 757 757 757 757 755 755 755 754 754 753 753 752 752 751 750 750 750 749 748 748 747 747
862 862 862 862 862 861 861 861 861 861 861 859 859 859 858 858 857 857 857 857 856 855 855 855 855 854 854 854 854 854 852 852 851 851 850 850 850 773 771 771 771 771 771 770 770 769 769 768 768 768 768 767 766 766 766 765 765 765 764 763 763 763 762 762 761 761 760 760 760 758 758 758 758 757 756 756 755 755 755 754 753 753 753 752 751 751 750 750 750 749 748 748 748 746
863 862 862 862 862 862 861 861 860 860 860 859 859 859 859 859 858 858 858 857 856 855 855 855 855 855 854 854 853 853 852 852 852 852 852 851 849 849 772 771 771 771 771 769 769 769 769 768 768 768 767 766 766 766 766 765 764 764 764 763 763 763 762 761 761 761 760 760 759 759 758 758 758 757 756 756 756 755 754 754 753 753 753 752 751 751 751 749 749 749 748 748 747 746
864 864 863 863 862 861 861 860 860 860 860 860 859 859 859 859 858 857 857 857 857 857 856 856 856 855 853 853 853 853 853 852 852 852 851 850 850 850 850 773 771 770 770 770 769 769 769 769 767 767 767 767 766 766 766 765 764 764 764 764 762 762 762 761 761 761 760 759 759 759 759 757 757 757 756 756 755 755 754 754 754 752 752 752 751 751 750 749 749 749 748 747 747 747
864 863 862 862 862 862 862 862 861 861 861 860 860 858 858 858 858 858 857 857 857 857 856 855 855 855 855 854 854 854 853 853 851 851 851 851 850 850 850 772 771 771 771 771 770 769 768 768 768 767 767 767 767 765 765 765 764 764 764 763 762 762 762 762 761 760 760 760 759 759 758 757 757 757 757 755 755 755 754 754 753 752 752 752 752 750 750 750 749 748 748 747 747 747
863 863 863 862 862 862 862 862 861 861 860 860 860 859 859 859 859 858 857 857 857 856 856 855 855 855 855 855 854 853 853 853 852 852 851 851 851 849 849 849 772 771 771 771 770 769 769 768 768 767 767 766 766 765 765 765 765 763 763 763 763 762 762 761 761 760 760 760 758 758 758 758 757 757 756 755 755 755 755 753 753 753 752 751 751 750 750 750 748 748 748 748 746 746
863 863 863 863 862 862 862 861 861 860 860 860 860 860 859 859 859 859 858 857 857 857 856 856 855 855 855 854 853 853 853 853 853 852 852 851 851 850 849 849 849 772 771 770 770 770 769 769 769 768 767 766 766 766 765 765 764 764 763 763 763 761 761 761 761 760 760 759 759 758 758 758 756 756 756 756 755 754 754 753 753 753 751 751 751 751 750 749 749 748 748 747 746 746
864 864 864 864 863 862 862 862 861 861 860 860 860 860 860 858 858 858 858 858 857 857 857 857 856 855 855 854 854 853 853 853 853 852 851 851 851 851 850 850 850 849 770 770 770 770 769 768 768 768 767 767 767 767 764 764 764 764 763 763 762 762 761 761 761 760 759 759 759 758 758 757 757 756 756 756 754 754 754 754 753 752 752 751 751 750 749 749 749 748 747 747 747 746
863 863 863 863 863 862 862 862 862 862 862 861 860 860 859 859 858 858 858 858 857 857 856 856 856 855 855 855 855 855 854 853 852 852 851 851 851 851 850 849 849 849 772 771 771 770 769 768 768 768 768 767 766 766 766 765 765 764 763 762 762 762 761 761 760 760 759 759 759 758 757 757 757 756 755 755 755 754 754 753 752 752 752 751 750 750 750 749 749 748 747 747 747 745
864 863 863 863 863 863 862 862 862 861 861 860 860 860 860 860 859 859 859 858 857 856 856 856 856 856 855 855 854 854 853 853 853 853 853 852 850 850 850 849 849 849 849 771 770 770 770 769 769 768 767 766 766 766 766 765 764 764 764 763 762 762 761 760 760 760 760 759 758 758 757 757 757 756 755 755 755 754 753 753 753 752 752 751 750 750 750 748 748 748 747 747 746 746
865 864 864 864 864 863 862 861 861 861 861 861 860 860 860 860 860 858 858 858 858 858 857 857 857 856 854 854 854 854 854 853 853 853 852 851 851 851 851 851 849 849 848 848 770 770 770 770 768 768 768 768 766 766 766 765 764 764 764 764 763 762 762 761 760 760 759 758 758 758 758 756 756 756 755 755 754 754 753 753 753 751 751 751 750 750 749 749 748 748 747 746 746 746
865 865 863 863 863 863 863 862 862 862 862 862 861 860 859 859 859 859 858 858 858 858 857 856 856 856 856 855 855 855 854 854 852 852 852 852 851 851 851 850 849 849 849 848 771 770 769 769 769 768 768 768 768 766 766 765 765 764 764 763 762 762 762 762 760 760 759 759 758 758 757 756 756 756 756 754 754 754 753 753 752 752 751 751 750 749 749 749 748 747 747 746 746 745
864 864 864 863 863 863 863 863 862 862 862 861 861 860 860 860 860 860 858 858 858 857 857 856 856 856 856 856 855 854 854 854 853 853 852 852 852 850 850 850 850 849 849 849 848 770 770 769 769 768 768 767 767 766 766 766 766 764 763 763 763 762 762 761 761 760 760 760 757 757 757 757 756 755 755 754 754 754 753 752 752 752 751 750 750 749 749 749 748 747 747 747 745 745
865 864 864 864 863 863 863 862 862 861 861 861 861 861 860 860 860 860 859 858 858 858 858 857 856 856 856 855 854 854 854 854 854 853 853 852 852 851 850 850 850 849 848 848 848 848 770 770 770 769 767 767 767 767 766 765 765 765 764 764 764 761 761 761 761 760 760 759 759 758 758 757 755 755 755 755 754 753 753 752 752 752 751 750 750 750 748 748 748 747 747 746 745 745
865 865 865 865 863 863 863 863 863 862 861 861 861 861 861 859 859 859 859 859 858 858 858 858 856 856 856 855 855 854 854 854 854 852 852 852 852 852 851 851 850 850 848 848 848 848 770 769 769 769 768 768 768 766 765 765 765 765 764 763 763 763 762 762 761 760 759 759 759 758 757 757 757 755 755 754 753 753 753 753 751 751 751 750 750 749 748 748 748 747 746 746 746 745
