testData/tiles/oneDegree/grid6.0-13.0-7.0-14.0.asc
ncols   200
nrows   200
xllcorner   6.0
yllcorner   13.0
cellsize   0.005
NODATA_value   -9999.0
[rows 84 to 125 of 200, columns 0 to 93 of 200]
218 218 219 219 220 220 220 220 221 221 222 223 223 224 224 225 225 225 226 225 226 226 227 227 228 228 229 229 230 230 230 230 230 231 231 232 232 233 233 233 234 233 234 234 235 235 235 236 236 237 237 236 237 237 237 238 238 239 239 239 240 239 239 240 240 241 241 241 242 242 241 242 242 242 243 243 243 244 244 244 244 244 244 245 245 245 245 246 245 245 246 246 246 247
218 219 219 220 220 220 221 221 222 222 223 223 224 224 225 225 226 225 226 226 227 227 228 228 228 229 229 230 230 230 230 231 231 232 232 232 233 233 234 234 234 234 234 235 235 236 236 236 237 237 237 237 237 238 238 238 239 239 240 240 239 240 240 240 241 241 241 242 242 242 242 242 243 243 243 244 244 244 245 244 244 244 245 245 245 246 246 246 246 246 246 247 247 247
219 220 220 220 220 221 221 222 222 223 223 224 224 225 225 226 225 226 226 227 227 228 228 229 229 230 230 229 230 230 231 231 232 232 233 233 233 234 233 234 234 235 235 235 236 236 237 237 237 237 237 238 238 238 239 239 239 240 240 240 240 240 241 241 241 242 242 242 242 242 242 243 243 243 244 244 244 245 244 244 245 245 245 246 246 246 247 246 246 246 247 247 247 248
220 219 220 220 221 221 222 222 223 223 224 224 225 225 225 225 226 226 227 227 228 228 229 229 230 230 230 230 231 231 231 232 232 233 233 234 234 233 234 234 235 235 236 236 236 237 237 238 237 237 238 238 239 239 239 240 240 240 240 240 241 241 241 242 242 242 243 242 242 243 243 243 244 244 244 245 245 244 245 245 245 246 246 246 247 247 246 246 247 247 247 248 248 248
219 220 220 221 222 222 223 223 224 224 225 225 225 225 226 226 227 227 228 228 228 229 229 230 229 230 230 231 231 232 232 232 233 233 234 234 234 234 235 235 235 236 236 237 237 237 237 237 238 238 238 239 239 239 240 240 241 240 240 241 241 241 242 242 243 243 242 243 243 243 244 244 244 245 245 245 245 245 245 246 246 246 246 247 247 246 247 247 247 248 248 248 248 249
220 221 221 222 222 223 223 224 224 225 225 225 225 226 226 227 227 228 228 229 229 230 230 230 230 230 231 231 232 232 233 233 234 234 233 234 234 235 235 236 236 236 237 237 238 237 237 238 238 239 239 239 240 240 240 240 240 241 241 241 242 242 242 243 243 242 243 243 243 244 244 244 245 245 245 245 245 245 246 246 246 247 247 247 247 247 247 248 248 248 248 249 249 248
221 221 222 222 223 223 224 224 225 224 225 225 226 226 227 227 228 228 229 229 230 229 230 230 231 231 231 232 232 233 233 234 234 234 234 234 235 235 236 236 237 237 237 238 237 238 238 238 239 239 240 240 240 241 240 240 241 241 242 242 242 243 243 243 243 243 243 244 244 244 245 245 245 246 245 245 246 246 246 247 247 247 248 247 247 248 248 248 248 249 249 249 249 249
221 222 222 223 223 224 224 224 225 225 226 226 227 227 227 228 228 229 229 230 229 230 230 231 231 232 232 233 233 233 234 234 234 234 235 235 235 236 236 237 237 238 238 237 238 238 239 239 239 240 240 240 241 240 241 241 241 242 242 242 243 243 244 243 243 244 244 244 245 245 245 246 246 245 246 246 246 247 247 247 248 248 247 247 248 248 248 249 249 249 250 249 249 249
222 223 223 224 224 224 224 225 225 226 226 227 227 228 228 229 229 230 229 229 230 230 231 231 232 232 233 233 234 234 233 234 234 235 235 236 236 236 237 237 238 237 238 238 238 239 239 239 240 240 241 241 240 241 241 242 242 242 243 243 243 244 243 243 244 244 244 245 245 245 246 245 245 246 246 246 247 247 247 248 248 247 248 248 248 249 249 249 249 250 249 249 250 250
223 223 224 223 224 224 225 225 226 226 227 227 228 228 229 229 230 229 230 230 231 231 231 232 232 233 233 234 234 234 234 234 235 235 236 236 237 237 237 238 237 238 238 238 239 239 240 240 240 241 241 241 241 241 242 242 242 243 243 244 244 243 244 244 244 245 245 245 246 246 245 246 246 246 247 247 247 248 248 248 248 248 248 249 249 249 249 250 250 249 250 250 250 250
223 223 223 224 224 225 225 226 226 227 227 228 228 229 229 229 229 230 230 231 231 232 232 233 233 233 234 233 234 234 235 235 235 236 236 237 237 238 238 237 238 238 239 239 239 240 240 241 241 240 241 241 242 242 242 243 243 243 244 244 243 244 244 245 245 245 246 246 246 246 246 246 247 247 247 248 248 248 249 248 248 248 249 249 249 250 250 250 250 250 250 250 251 251
223 223 224 224 225 225 226 226 227 227 228 228 229 228 229 229 230 230 231 231 232 232 233 233 234 234 233 234 234 235 235 236 236 236 237 237 238 237 238 238 238 239 239 240 240 240 241 241 241 241 241 242 242 242 243 243 244 244 243 244 244 244 245 245 245 246 246 246 246 246 246 247 247 247 248 248 248 249 248 248 249 249 249 250 250 250 250 250 250 250 251 251 251 252
223 224 225 225 226 226 227 227 228 228 229 228 229 229 229 230 230 231 231 232 232 233 233 234 233 234 234 234 235 235 236 236 237 237 237 238 237 238 238 239 239 239 240 240 241 241 241 241 241 241 242 242 243 243 243 244 244 243 244 244 245 245 245 246 246 246 247 246 246 247 247 247 248 248 248 249 249 248 249 249 249 250 250 250 250 251 250 250 251 251 251 251 252 252
224 225 225 226 226 227 227 228 228 229 228 229 229 230 230 231 231 231 232 232 233 233 234 233 234 234 235 235 235 236 236 237 237 238 237 237 238 238 239 239 240 240 240 241 241 240 241 241 242 242 242 243 243 244 244 244 244 244 244 245 245 245 246 246 246 247 246 247 247 247 248 248 248 248 249 249 248 249 249 249 250 250 250 251 251 250 251 251 251 251 252 252 252 253
225 225 226 226 227 227 228 228 228 228 229 229 230 230 231 231 232 232 233 233 233 233 233 234 234 235 235 236 236 236 237 237 238 237 238 238 238 239 239 240 240 240 241 241 241 241 241 242 242 243 243 243 244 244 244 244 244 245 245 245 246 246 246 247 247 246 247 247 247 248 248 248 249 249 249 249 249 249 250 250 250 251 251 251 250 251 251 251 252 252 252 252 253 252
225 226 226 227 227 228 227 228 228 229 229 230 230 231 231 232 232 233 233 233 233 233 234 234 235 235 236 236 237 237 237 237 237 238 238 239 239 239 240 240 241 241 241 241 241 242 242 242 243 243 243 244 244 245 244 244 245 245 245 246 246 246 247 247 247 247 247 248 248 248 249 249 249 250 249 249 249 250 250 250 251 251 251 251 251 251 252 252 252 252 253 253 252 253
226 226 227 227 227 227 228 228 229 229 230 230 231 231 232 232 233 233 233 233 234 234 234 235 235 236 236 237 237 238 237 237 238 238 239 239 240 240 240 241 241 241 241 241 242 242 242 243 243 244 244 244 244 244 245 245 245 246 246 246 247 247 247 247 247 247 248 248 248 249 249 249 249 249 249 250 250 250 251 251 251 252 251 251 251 252 252 252 253 253 253 252 253 253
226 227 226 227 227 228 228 229 229 230 230 231 231 232 232 233 232 233 233 234 234 235 235 235 236 236 237 237 237 237 238 238 238 239 239 240 240 240 241 241 241 241 241 242 242 243 243 243 244 244 245 244 244 245 245 245 246 246 246 247 247 247 247 247 248 248 248 249 249 249 250 249 249 250 250 250 251 251 251 251 252 251 251 252 252 252 253 253 253 253 253 253 253 254
226 227 227 228 228 229 229 230 230 231 231 231 232 232 232 232 233 233 234 234 235 235 236 236 236 237 237 237 237 238 238 238 239 239 240 240 241 241 241 241 241 242 242 242 243 243 244 244 244 245 244 244 245 245 246 246 246 247 247 247 247 247 247 248 248 248 249 249 249 250 249 249 250 250 250 251 251 251 252 252 251 252 252 252 252 253 253 253 254 253 253 253 254 254
227 227 228 228 229 229 230 230 231 231 232 232 231 232 232 233 233 234 234 235 235 236 236 237 237 236 237 237 238 238 239 239 239 240 240 241 241 241 241 241 242 242 243 243 243 244 244 244 244 244 245 245 245 246 246 246 247 247 247 247 247 248 248 248 249 249 249 250 250 249 250 250 250 251 251 251 251 252 252 251 252 252 252 253 253 253 254 254 253 253 254 254 254 255
227 228 228 229 229 230 230 231 231 232 231 232 232 233 233 233 234 234 235 235 236 236 237 237 237 237 237 238 238 239 239 240 240 240 241 241 241 241 241 242 242 243 243 243 244 244 245 244 244 245 245 245 246 246 247 247 247 248 247 247 248 248 248 249 249 249 250 250 249 250 250 250 251 251 251 252 252 252 252 252 252 253 253 253 253 254 254 253 254 254 254 254 255 255
228 228 229 229 230 230 231 231 231 231 232 232 233 233 234 234 234 235 235 236 236 237 236 237 237 237 238 238 239 239 240 240 240 241 240 241 241 242 242 242 243 243 244 244 244 245 244 244 245 245 246 246 246 247 247 247 247 247 247 248 248 249 249 249 250 250 250 250 250 250 251 251 251 252 252 252 252 252 252 252 253 253 253 254 254 254 253 254 254 254 255 255 255 255
228 229 229 230 230 231 230 231 231 232 232 233 233 234 234 235 235 235 236 236 236 236 237 237 238 238 238 239 239 240 240 241 241 240 241 241 242 242 242 243 243 244 244 244 244 244 245 245 245 246 246 246 247 247 248 247 247 248 248 248 249 249 249 250 250 250 250 250 250 251 251 251 252 252 252 253 252 252 253 253 253 253 254 254 254 254 254 254 255 255 255 255 256 256
229 229 230 230 230 230 231 231 232 232 233 233 234 234 235 235 236 236 235 236 236 237 237 238 238 239 239 239 240 240 241 240 241 241 241 242 242 243 243 243 244 244 245 244 244 245 245 245 246 246 247 247 247 248 247 247 248 248 248 249 249 250 250 250 250 250 250 251 251 251 252 252 252 252 252 252 252 253 253 253 254 254 254 255 254 254 254 255 255 255 256 256 256 256
229 230 229 230 230 231 231 232 232 233 233 234 234 235 235 236 236 235 236 236 237 237 238 238 239 239 239 240 240 240 240 241 241 241 242 242 243 243 243 244 244 244 244 244 245 245 246 246 246 247 247 247 248 247 248 248 248 249 249 249 250 250 250 250 250 250 251 251 251 252 252 252 253 252 252 253 253 253 254 254 254 254 255 254 254 255 255 255 255 256 256 256 257 257
229 229 230 230 231 231 232 232 233 233 234 234 235 235 236 235 236 236 236 237 237 238 238 239 239 240 240 240 240 240 241 241 242 242 242 243 243 244 244 244 244 244 245 245 245 246 246 246 247 247 248 247 247 248 248 248 249 249 249 250 250 250 250 250 250 251 251 251 252 252 252 253 252 252 253 253 253 254 254 254 255 255 254 254 255 255 255 256 256 256 256 257 257 257
229 230 230 231 231 232 232 233 233 234 234 235 235 235 235 236 236 237 237 237 238 238 239 239 240 240 239 240 240 241 241 242 242 242 243 243 244 244 243 244 244 245 245 245 246 246 247 247 247 248 247 247 248 248 248 249 249 250 250 250 251 250 250 251 251 251 252 252 252 253 253 252 253 253 253 254 254 254 254 255 255 254 255 255 255 256 256 256 256 257 257 257 257 258
230 230 231 231 232 232 233 233 234 234 235 234 235 235 236 236 237 237 237 238 238 239 239 240 240 240 240 240 241 241 242 242 242 243 243 244 244 244 244 244 245 245 245 246 246 247 247 247 247 247 247 248 248 249 249 249 250 250 250 250 250 250 251 251 251 252 252 252 253 253 252 253 253 253 254 254 254 255 255 255 254 255 255 255 256 256 256 257 257 257 257 258 258 258
230 231 231 232 232 233 233 234 234 234 234 235 235 236 236 237 237 238 238 238 239 239 240 239 240 240 240 241 241 242 242 243 243 243 244 243 244 244 244 245 245 246 246 246 247 247 247 247 247 248 248 248 249 249 249 250 250 250 250 250 251 251 251 252 252 252 253 253 252 253 253 253 253 254 254 254 255 255 255 255 255 255 256 256 256 256 257 257 257 258 258 258 258 259
231 231 232 232 233 233 234 233 234 234 235 235 236 236 237 237 238 238 238 239 239 239 239 240 240 241 241 241 242 242 243 243 243 244 243 244 244 244 245 245 246 246 246 247 247 248 247 247 248 248 248 249 249 250 250 250 251 250 250 251 251 251 252 252 252 253 253 252 253 253 253 254 254 254 255 255 255 254 255 255 255 256 256 256 257 257 257 257 258 258 258 259 259 259
231 232 232 233 233 233 233 234 234 235 235 236 236 237 237 238 238 238 239 238 239 239 240 240 241 241 241 242 242 243 243 244 243 243 244 244 245 245 245 246 246 247 247 247 247 247 247 248 248 249 249 249 250 250 250 250 250 250 251 251 251 252 252 252 253 253 252 253 253 253 254 254 254 255 255 255 255 255 255 256 256 256 256 257 257 257 258 258 258 258 259 259 259 260
232 232 233 232 233 233 234 234 235 235 236 236 237 237 238 238 239 238 238 239 239 240 240 241 241 241 242 242 243 243 244 243 243 244 244 245 245 245 246 246 247 247 247 247 247 247 248 248 249 249 249 250 250 250 250 250 250 251 251 252 252 252 253 253 253 253 253 253 254 254 254 254 255 255 255 255 255 255 256 256 256 257 257 257 257 258 258 258 259 259 259 259 260 260
231 232 232 233 233 234 234 235 235 236 236 237 237 238 238 238 238 238 239 239 240 240 241 241 242 242 242 243 243 243 243 243 244 244 245 245 245 246 246 247 247 246 247 247 248 248 248 249 249 249 250 250 251 250 250 251 251 251 252 252 252 253 253 253 253 253 253 254 254 254 255 255 255 256 255 255 255 256 256 256 257 257 257 258 258 258 258 259 259 259 260 260 260 260
232 232 233 233 234 234 235 235 236 236 237 237 238 237 238 238 238 239 239 240 240 241 241 242 242 242 243 242 243 243 243 244 244 245 245 246 246 246 247 247 246 247 247 248 248 248 249 249 250 250 250 250 250 250 251 251 251 252 252 252 253 253 252 253 253 253 254 254 254 255 255 255 256 255 255 256 256 256 257 257 257 257 258 258 258 259 259 259 259 260 260 260 261 261
232 233 233 234 234 235 235 236 236 237 237 237 237 238 238 238 239 239 240 240 241 241 242 242 242 242 242 243 243 244 244 244 245 245 246 246 246 247 246 247 247 247 248 248 248 249 249 250 250 250 250 250 250 251 251 251 252 252 252 253 253 253 253 253 254 254 254 255 255 255 255 255 255 255 256 256 256 257 257 257 258 258 258 258 259 259 259 260 260 260 260 261 261 261
233 233 234 234 235 235 236 236 237 236 237 237 238 238 238 239 239 240 240 241 241 242 242 242 242 242 243 243 244 244 244 245 245 246 246 246 246 246 247 247 247 248 248 249 249 249 250 250 249 250 250 250 251 251 252 252 252 253 253 253 253 253 253 254 254 254 255 255 255 256 255 255 256 256 256 256 257 257 257 258 258 258 259 259 259 259 260 260 260 261 261 261 261 262
233 234 234 235 235 236 236 236 236 237 237 238 238 238 239 239 240 240 241 241 242 242 241 242 242 243 243 244 244 244 245 245 246 246 246 246 246 247 247 247 248 248 249 249 249 250 250 249 250 250 251 251 251 252 252 252 253 253 252 253 253 253 254 254 254 255 255 255 256 255 255 256 256 256 257 257 257 257 258 258 258 259 259 259 260 260 260 260 261 261 261 262 262 262
234 234 235 235 236 235 236 236 237 237 238 238 238 239 239 240 240 241 241 242 241 241 242 242 243 243 244 244 244 245 245 246 246 245 246 246 247 247 247 248 248 249 249 249 250 249 250 250 250 251 251 251 252 252 252 253 253 252 253 253 253 254 254 254 255 255 255 256 255 255 256 256 256 257 257 257 258 258 258 258 259 259 259 260 260 260 261 261 261 261 262 262 262 262
234 235 235 235 235 236 236 237 237 238 238 238 239 239 240 240 241 241 241 241 242 242 242 243 243 244 244 244 245 245 246 245 246 246 246 247 247 248 248 248 249 249 249 250 249 250 250 250 251 251 251 252 252 252 253 252 253 253 253 254 254 254 255 255 255 256 255 255 256 256 256 256 257 257 257 258 258 258 259 259 259 259 260 260 260 261 261 261 261 262 262 262 263 263
235 234 235 235 236 236 237 237 238 238 238 239 239 240 240 241 240 241 241 242 242 242 243 243 244 244 244 245 245 246 245 246 246 246 247 247 248 248 248 249 249 249 249 249 250 250 250 251 251 251 252 252 253 253 252 253 253 253 254 254 254 255 255 255 256 255 255 256 256 256 257 257 257 257 258 258 258 259 259 259 260 260 260 260 261 261 261 262 262 262 262 263 263 263
234 235 235 236 236 237 237 238 238 238 239 239 240 240 240 240 241 241 242 242 242 243 243 244 244 245 245 245 245 245 246 246 246 247 247 248 248 248 249 249 250 249 249 250 250 250 251 251 251 252 252 253 253 252 253 253 253 254 254 254 255 255 255 256 255 255 256 256 256 257 257 257 258 258 258 258 259 259 259 260 260 260 261 261 261 261 262 262 262 263 263 263 263 264
235 235 236 236 237 237 237 238 238 239 239 240 239 240 240 241 241 242 242 242 243 243 244 244 245 245 244 245 245 246 246 246 247 247 248 248 248 249 249 249 249 249 250 250 250 251 251 252 252 252 253 252 252 253 253 253 254 254 254 255 255 255 255 255 255 256 256 256 257 257 257 258 258 258 259 259 259 259 260 260 260 261 261 261 262 262 262 262 263 263 263 263 264 264
