testData/tiles/oneDegree/grid37.0-26.0-38.0-27.0.asc
ncols   200
nrows   200
xllcorner   37.0
yllcorner   26.0
cellsize   0.005
NODATA_value   -9999.0
[rows 141 to 187 of 200, columns 96 to 191 of 200]
41 41 41 41 41 41 41 41 41 41 41 84 84 88 98 107 115 121 128 133 139 144 148 153 157 161 165 168 172 175 178 181 184 187 190 193 195 198 200 203 205 207 209 211 213 215 217 219 221 222 224 225 227 229 230 231 233 234 235 237 238 239 240 241 242 243 244 245 246 246 247 248 249 249 250 251 251 252 252 253 253 254 254 254 255 255 255 255 255 256 256 256 256 256 256 256
41 41 41 41 41 41 41 41 41 41 41 41 84 85 96 105 113 120 126 132 137 142 147 152 156 160 164 167 171 174 177 181 184 186 189 192 195 197 199 202 204 206 208 210 212 214 216 218 220 222 223 225 226 228 229 231 232 233 235 236 237 238 239 240 241 242 243 244 245 246 247 247 248 249 249 250 251 251 252 252 253 253 253 254 254 254 254 255 255 255 255 255 255 255 255 255
41 41 41 41 41 41 41 41 41 41 41 41 84 84 94 103 111 118 125 130 136 141 146 150 155 159 163 166 170 173 176 180 183 186 188 191 194 196 199 201 203 205 208 210 212 214 216 217 219 221 222 224 226 227 229 230 231 233 234 235 236 237 239 240 241 242 243 243 244 245 246 247 247 248 249 249 250 251 251 251 252 252 253 253 253 254 254 254 254 254 255 255 255 255 255 255
41 41 41 41 41 41 41 41 41 41 41 41 84 84 91 101 109 116 123 129 135 140 145 149 153 158 161 165 169 172 176 179 182 185 187 190 193 195 198 200 202 205 207 209 211 213 215 217 218 220 222 223 225 226 228 229 231 232 233 234 236 237 238 239 240 241 242 243 244 245 245 246 247 247 248 249 249 250 250 251 251 252 252 252 253 253 253 253 254 254 254 254 254 254 254 254
41 41 41 41 41 41 41 41 41 41 41 41 84 84 88 99 107 115 121 127 133 138 143 148 152 156 160 164 168 171 175 178 181 184 187 189 192 194 197 199 202 204 206 208 210 212 214 216 218 219 221 223 224 226 227 229 230 231 233 234 235 236 237 238 239 240 241 242 243 244 245 245 246 247 247 248 249 249 250 250 251 251 251 252 252 252 253 253 253 253 253 253 253 253 253 253
41 41 41 41 41 41 41 41 41 41 41 41 41 84 85 96 105 113 120 126 132 137 142 147 151 155 159 163 167 170 174 177 180 183 186 188 191 194 196 198 201 203 205 207 209 211 213 215 217 219 220 222 223 225 226 228 229 231 232 233 234 235 237 238 239 240 241 242 242 243 244 245 246 246 247 247 248 249 249 250 250 250 251 251 251 252 252 252 252 253 253 253 253 253 253 253
41 41 41 41 41 41 41 41 41 41 41 41 41 84 84 94 103 111 118 124 130 136 141 145 150 154 158 162 166 169 173 176 179 182 185 187 190 193 195 198 200 202 204 207 209 211 212 214 216 218 220 221 223 224 226 227 229 230 231 232 234 235 236 237 238 239 240 241 242 243 243 244 245 246 246 247 247 248 248 249 249 250 250 251 251 251 251 252 252 252 252 252 252 252 252 252
41 41 41 41 41 41 41 41 41 41 41 41 41 84 84 91 101 109 116 123 129 134 139 144 149 153 157 161 165 168 171 175 178 181 184 187 189 192 194 197 199 201 204 206 208 210 212 214 215 217 219 220 222 224 225 226 228 229 230 232 233 234 235 236 237 238 239 240 241 242 243 243 244 245 246 246 247 247 248 248 249 249 250 250 250 250 251 251 251 251 251 251 252 252 252 251
41 41 41 41 41 41 41 41 41 41 41 41 41 84 84 88 98 107 114 121 127 133 138 143 147 152 156 160 163 167 170 174 177 180 183 186 188 191 193 196 198 201 203 205 207 209 211 213 215 216 218 220 221 223 224 226 227 228 230 231 232 233 234 236 237 238 239 239 240 241 242 243 244 244 245 245 246 247 247 248 248 248 249 249 250 250 250 250 250 251 251 251 251 251 251 251
41 41 41 41 41 41 41 41 41 41 41 41 41 41 84 85 96 105 113 119 126 131 136 141 146 150 155 159 162 166 169 173 176 179 182 185 187 190 193 195 197 200 202 204 206 208 210 212 214 216 217 219 220 222 224 225 226 228 229 230 231 233 234 235 236 237 238 239 240 241 241 242 243 244 244 245 245 246 246 247 247 248 248 249 249 249 249 250 250 250 250 250 250 250 250 250
41 41 41 41 41 41 41 41 41 41 41 41 41 41 84 84 94 103 111 118 124 130 135 140 145 149 153 157 161 165 168 172 175 178 181 184 186 189 192 194 196 199 201 203 205 207 209 211 213 215 216 218 220 221 223 224 226 227 228 230 231 232 233 234 235 236 237 238 239 240 241 241 242 243 244 244 245 245 246 246 247 247 248 248 248 249 249 249 249 249 249 249 250 250 250 249
41 41 41 41 41 41 41 41 41 41 41 41 41 41 84 84 91 100 109 116 122 128 134 139 143 148 152 156 160 164 167 171 174 177 180 183 185 188 191 193 196 198 200 202 204 206 208 210 212 214 216 217 219 220 222 223 225 226 228 229 230 231 232 233 234 235 236 237 238 239 240 241 241 242 243 243 244 245 245 246 246 247 247 247 248 248 248 248 248 249 249 249 249 249 249 249
41 41 41 41 41 41 41 41 41 41 41 41 41 41 84 84 88 98 106 114 120 127 132 137 142 147 151 155 159 163 166 169 173 176 179 182 185 187 190 192 195 197 199 201 204 206 208 209 211 213 215 217 218 220 221 223 224 225 227 228 229 230 232 233 234 235 236 237 238 238 239 240 241 241 242 243 243 244 244 245 245 246 246 247 247 247 247 248 248 248 248 248 248 248 248 248
41 41 41 41 41 41 41 41 41 41 41 41 41 41 41 84 85 96 104 112 119 125 131 136 141 145 150 154 158 161 165 168 172 175 178 181 184 186 189 191 194 196 198 201 203 205 207 209 211 212 214 216 217 219 220 222 223 225 226 227 229 230 231 232 233 234 235 236 237 238 239 239 240 241 241 242 243 243 244 244 245 245 246 246 246 246 247 247 247 247 247 247 248 248 248 247
41 41 41 41 41 41 41 41 41 41 41 41 41 41 41 84 84 93 102 110 117 123 129 134 139 144 148 153 156 160 164 167 171 174 177 180 183 185 188 190 193 195 198 200 202 204 206 208 210 211 213 215 217 218 220 221 223 224 225 227 228 229 230 231 232 233 234 235 236 237 238 239 239 240 241 241 242 243 243 244 244 244 245 245 246 246 246 246 246 247 247 247 247 247 247 247
41 41 41 41 41 41 41 41 41 41 41 41 41 41 41 84 84 90 100 108 115 121 127 133 138 143 147 151 155 159 163 166 170 173 176 179 182 184 187 189 192 194 197 199 201 203 205 207 209 211 212 214 216 217 219 220 222 223 225 226 227 228 229 230 232 233 234 235 235 236 237 238 239 239 240 241 241 242 242 243 243 244 244 245 245 245 245 246 246 246 246 246 246 246 246 246
41 41 41 41 41 41 41 41 41 41 41 41 41 41 41 84 84 87 97 106 113 120 126 131 136 141 146 150 154 158 162 165 168 172 175 178 181 183 186 189 191 193 196 198 200 202 204 206 208 210 212 213 215 217 218 220 221 222 224 225 226 227 229 230 231 232 233 234 235 236 236 237 238 239 239 240 241 241 242 242 243 243 243 244 244 244 245 245 245 245 245 245 245 245 245 245
41 41 41 41 41 41 41 41 41 41 41 41 41 41 41 41 84 84 95 103 111 118 124 130 135 140 144 149 153 157 160 164 167 171 174 177 180 182 185 188 190 192 195 197 199 201 203 205 207 209 211 212 214 216 217 219 220 222 223 224 225 227 228 229 230 231 232 233 234 235 236 236 237 238 239 239 240 240 241 241 242 242 243 243 243 244 244 244 244 245 245 245 245 245 245 245
41 41 41 41 41 41 41 41 41 41 41 41 41 41 41 41 84 84 92 101 109 116 122 128 133 138 143 147 151 155 159 163 166 169 173 176 178 181 184 187 189 191 194 196 198 200 202 204 206 208 210 212 213 215 216 218 219 221 222 223 225 226 227 228 229 230 231 232 233 234 235 236 236 237 238 239 239 240 240 241 241 242 242 242 243 243 243 243 244 244 244 244 244 244 244 244
41 41 41 41 41 41 41 41 41 41 41 41 41 41 41 41 84 84 89 99 107 114 120 126 132 137 141 146 150 154 158 162 165 168 171 174 177 180 183 186 188 191 193 195 197 199 202 203 205 207 209 211 212 214 216 217 219 220 221 223 224 225 226 227 229 230 231 232 232 233 234 235 236 236 237 238 238 239 240 240 240 241 241 242 242 242 243 243 243 243 243 243 243 243 243 243
41 41 41 41 41 41 41 41 41 41 41 41 41 41 41 41 41 84 86 96 105 112 119 125 130 135 140 145 149 153 157 160 164 167 170 173 176 179 182 185 187 190 192 194 196 199 201 203 205 206 208 210 212 213 215 216 218 219 221 222 223 224 226 227 228 229 230 231 232 233 233 234 235 236 236 237 238 238 239 239 240 240 241 241 241 242 242 242 242 242 242 243 243 243 243 243
41 41 41 41 41 41 41 41 41 41 41 41 41 41 41 41 41 84 84 93 102 110 117 123 128 134 139 143 147 152 155 159 163 166 169 172 175 178 181 184 186 189 191 193 195 198 200 202 204 205 207 209 211 212 214 215 217 218 220 221 222 224 225 226 227 228 229 230 231 232 233 233 234 235 236 236 237 237 238 239 239 239 240 240 241 241 241 241 241 242 242 242 242 242 242 242
41 41 41 41 41 41 41 41 41 41 41 41 41 41 41 41 41 84 84 91 100 108 115 121 127 132 137 142 146 150 154 158 161 165 168 171 174 177 180 183 185 188 190 192 195 197 199 201 203 205 206 208 210 212 213 215 216 218 219 220 222 223 224 225 226 227 228 229 230 231 232 233 233 234 235 236 236 237 237 238 238 239 239 239 240 240 240 241 241 241 241 241 241 241 241 241
41 41 41 41 41 41 41 41 41 41 41 41 41 41 41 41 41 84 84 88 97 106 113 119 125 130 135 140 145 149 153 157 160 164 167 170 173 176 179 181 184 187 189 191 194 196 198 200 202 204 206 207 209 211 212 214 215 217 218 219 221 222 223 224 225 226 227 228 229 230 231 232 233 233 234 235 235 236 237 237 238 238 238 239 239 239 240 240 240 240 240 240 240 240 240 240
41 41 41 41 41 41 41 41 41 41 41 41 41 41 41 41 41 41 84 84 95 103 111 117 123 129 134 139 143 147 151 155 159 162 166 169 172 175 178 180 183 186 188 190 193 195 197 199 201 203 205 206 208 210 211 213 214 216 217 219 220 221 222 223 225 226 227 228 229 229 230 231 232 233 233 234 235 235 236 236 237 237 238 238 238 239 239 239 239 239 240 240 240 240 240 240
41 41 41 41 41 41 41 41 41 41 41 41 41 41 41 41 41 41 84 84 92 101 108 115 121 127 132 137 142 146 150 154 158 161 164 168 171 174 177 179 182 184 187 189 192 194 196 198 200 202 204 205 207 209 210 212 214 215 216 218 219 220 221 223 224 225 226 227 228 229 230 230 231 232 233 233 234 234 235 236 236 236 237 237 238 238 238 238 239 239 239 239 239 239 239 239
41 41 41 41 41 41 41 41 41 41 41 41 41 41 41 41 41 41 84 84 89 98 106 113 120 125 131 136 140 145 149 153 156 160 163 167 170 173 175 178 181 183 186 188 191 193 195 197 199 201 203 205 206 208 210 211 213 214 216 217 218 219 221 222 223 224 225 226 227 228 229 230 230 231 232 232 233 234 234 235 235 236 236 236 237 237 237 238 238 238 238 238 238 238 238 238
41 41 41 41 41 41 41 41 41 41 41 41 41 41 41 41 41 41 41 84 86 96 104 111 118 123 129 134 139 143 147 151 155 159 162 165 168 171 174 177 180 182 185 187 190 192 194 196 198 200 202 204 205 207 209 210 212 213 215 216 217 219 220 221 222 223 224 225 226 227 228 229 230 230 231 232 232 233 233 234 234 235 235 236 236 236 237 237 237 237 237 237 237 237 237 237
41 41 41 41 41 41 41 41 41 41 41 41 41 41 41 41 41 41 41 84 84 93 101 109 116 122 127 132 137 142 146 150 154 157 161 164 167 170 173 176 179 181 184 186 189 191 193 195 197 199 201 203 204 206 208 209 211 212 214 215 216 218 219 220 221 222 223 224 225 226 227 228 229 229 230 231 232 232 233 233 234 234 235 235 235 236 236 236 236 236 236 237 237 237 237 237
41 41 41 41 41 41 41 41 41 41 41 41 41 41 41 41 41 41 41 84 84 90 99 107 114 120 125 131 136 140 144 148 152 156 160 163 166 169 172 175 178 180 183 185 188 190 192 194 196 198 200 202 204 205 207 208 210 211 213 214 216 217 218 219 220 222 223 224 225 225 226 227 228 229 229 230 231 231 232 232 233 233 234 234 234 235 235 235 235 236 236 236 236 236 236 236
41 41 41 41 41 41 41 41 41 41 41 41 41 41 41 41 41 41 41 84 84 86 96 104 111 118 124 129 134 139 143 147 151 155 158 162 165 168 171 174 176 179 182 184 186 189 191 193 195 197 199 201 203 204 206 208 209 211 212 213 215 216 217 218 220 221 222 223 224 225 225 226 227 228 229 229 230 230 231 232 232 233 233 233 234 234 234 234 235 235 235 235 235 235 235 235
41 41 41 41 41 41 41 41 41 41 41 41 41 41 41 41 41 41 41 41 84 84 93 102 109 116 122 127 132 137 141 146 150 153 157 160 164 167 170 173 175 178 181 183 185 188 190 192 194 196 198 200 202 203 205 207 208 210 211 212 214 215 216 218 219 220 221 222 223 224 225 225 226 227 228 228 229 230 230 231 231 232 232 233 233 233 233 234 234 234 234 234 234 234 234 234
41 41 41 41 41 41 41 41 41 41 41 41 41 41 41 41 41 41 41 41 84 84 90 99 107 114 120 125 131 135 140 144 148 152 156 159 162 165 168 171 174 177 179 182 184 187 189 191 193 195 197 199 201 202 204 206 207 209 210 212 213 214 215 217 218 219 220 221 222 223 224 225 225 226 227 228 228 229 229 230 230 231 231 232 232 232 233 233 233 233 233 233 233 233 233 233
41 41 41 41 41 41 41 41 41 41 41 41 41 41 41 41 41 41 41 41 84 84 87 97 104 111 118 123 129 134 138 143 147 151 154 158 161 164 167 170 173 176 178 181 183 186 188 190 192 194 196 198 200 201 203 205 206 208 209 211 212 213 215 216 217 218 219 220 221 222 223 224 225 225 226 227 227 228 229 229 230 230 230 231 231 232 232 232 232 232 233 233 233 233 233 233
41 41 41 41 41 41 41 41 41 41 41 41 41 41 41 41 41 41 41 41 41 84 84 94 102 109 116 122 127 132 137 141 145 149 153 156 160 163 166 169 172 175 177 180 182 184 187 189 191 193 195 197 199 200 202 204 205 207 208 210 211 212 214 215 216 217 218 219 220 221 222 223 224 225 225 226 227 227 228 228 229 229 230 230 230 231 231 231 231 232 232 232 232 232 232 232
41 41 41 41 41 41 41 41 41 41 41 41 41 41 41 41 41 41 41 41 41 84 84 91 99 107 114 120 125 130 135 139 144 148 151 155 158 162 165 168 171 173 176 179 181 183 186 188 190 192 194 196 198 199 201 203 204 206 207 209 210 212 213 214 215 216 217 218 219 220 221 222 223 224 224 225 226 226 227 227 228 228 229 229 230 230 230 230 231 231 231 231 231 231 231 231
41 41 41 41 41 41 41 41 41 41 41 41 41 41 41 41 41 41 41 41 41 84 84 87 97 104 111 118 123 128 133 138 142 146 150 154 157 160 163 166 169 172 175 177 180 182 185 187 189 191 193 195 197 198 200 202 203 205 206 208 209 211 212 213 214 215 216 217 218 219 220 221 222 223 224 224 225 225 226 227 227 228 228 228 229 229 229 230 230 230 230 230 230 230 230 230
41 41 41 41 41 41 41 41 41 41 41 41 41 41 41 41 41 41 41 41 41 41 84 84 94 102 109 115 121 127 132 136 141 145 148 152 156 159 162 165 168 171 174 176 179 181 183 186 188 190 192 194 196 197 199 201 202 204 205 207 208 210 211 212 213 214 216 217 218 219 219 220 221 222 223 223 224 225 225 226 226 227 227 228 228 228 228 229 229 229 229 229 229 229 229 229
41 41 41 41 41 41 41 41 41 41 41 41 41 41 41 41 41 41 41 41 41 41 84 84 91 99 107 113 119 125 130 134 139 143 147 151 154 158 161 164 167 170 172 175 178 180 182 185 187 189 191 193 195 196 198 200 201 203 205 206 207 209 210 211 212 214 215 216 217 218 219 219 220 221 222 222 223 224 224 225 225 226 226 227 227 227 228 228 228 228 228 228 228 229 228 228
41 41 41 41 41 41 41 41 41 41 41 41 41 41 41 41 41 41 41 41 41 41 84 84 87 96 104 111 117 123 128 133 137 141 145 149 153 156 160 163 166 168 171 174 176 179 181 183 186 188 190 192 194 195 197 199 200 202 204 205 206 208 209 210 211 213 214 215 216 217 218 219 219 220 221 222 222 223 223 224 225 225 225 226 226 226 227 227 227 227 227 228 228 228 228 228
41 41 41 41 41 41 41 41 41 41 41 41 41 41 41 41 41 41 41 41 41 41 41 84 84 94 102 109 115 121 126 131 136 140 144 148 151 155 158 161 164 167 170 173 175 178 180 182 185 187 189 191 193 194 196 198 199 201 203 204 205 207 208 209 211 212 213 214 215 216 217 218 218 219 220 221 221 222 223 223 224 224 225 225 225 226 226 226 226 226 227 227 227 227 227 227
41 41 41 41 41 41 41 41 41 41 41 41 41 41 41 41 41 41 41 41 41 41 41 84 84 90 99 106 113 119 124 129 134 138 142 146 150 153 157 160 163 166 169 171 174 176 179 181 183 186 188 190 191 193 195 197 198 200 202 203 204 206 207 208 210 211 212 213 214 215 216 217 218 218 219 220 220 221 222 222 223 223 224 224 224 225 225 225 225 226 226 226 226 226 226 226
41 41 41 41 41 41 41 41 41 41 41 41 41 41 41 41 41 41 41 41 41 41 41 84 84 87 96 104 111 117 122 127 132 137 141 145 148 152 155 159 162 165 167 170 173 175 178 180 182 184 186 188 190 192 194 196 197 199 201 202 203 205 206 207 209 210 211 212 213 214 215 216 217 217 218 219 220 220 221 221 222 222 223 223 224 224 224 224 225 225 225 225 225 225 225 225
41 41 41 41 41 41 41 41 41 41 41 41 41 41 41 41 41 41 41 41 41 41 41 41 84 84 93 101 108 114 120 125 130 135 139 143 147 150 154 157 160 163 166 169 172 174 176 179 181 183 185 187 189 191 193 195 196 198 199 201 202 204 205 206 208 209 210 211 212 213 214 215 216 216 217 218 219 219 220 220 221 221 222 222 223 223 223 223 224 224 224 224 224 224 224 224
41 41 41 41 41 41 41 41 41 41 41 41 41 41 41 41 41 41 41 41 41 41 41 41 84 84 90 98 106 112 118 123 128 133 137 141 145 149 152 156 159 162 165 168 170 173 175 178 180 182 184 186 188 190 192 194 195 197 198 200 201 203 204 205 207 208 209 210 211 212 213 214 215 216 216 217 218 218 219 220 220 221 221 221 222 222 222 223 223 223 223 223 223 223 223 223
41 41 41 41 41 41 41 41 41 41 41 41 41 41 41 41 41 41 41 41 41 41 41 41 84 84 86 95 103 110 116 121 127 131 136 140 144 147 151 154 157 161 163 166 169 172 174 176 179 181 183 185 187 189 191 192 194 196 197 199 200 202 203 204 206 207 208 209 210 211 212 213 214 215 215 216 217 217 218 219 219 220 220 220 221 221 221 222 222 222 222 222 222 222 222 222
41 41 41 41 41 41 41 41 41 41 41 41 41 41 41 41 41 41 41 41 41 41 41 41 41 84 84 92 100 107 114 119 125 129 134 138 142 146 149 153 156 159 162 165 168 170 173 175 177 180 182 184 186 188 190 191 193 195 196 198 199 201 202 203 205 206 207 208 209 210 211 212 213 214 214 215 216 216 217 218 218 219 219 219 220 220 220 221 221 221 221 221 221 221 221 221
