testData/tiles/oneDegree/grid41.0-20.0-42.0-21.0.asc
ncols   200
nrows   200
xllcorner   41.0
yllcorner   20.0
cellsize   0.005
NODATA_value   -9999.0
[rows 0 to 41 of 200, columns 94 to 187 of 200]
489 487 485 453 451 450 448 446 445 443 443 443 443 443 443 443 443 443 443 443 443 443 443 443 443 443 443 443 443 443 443 443 443 443 443 443 443 443 443 443 443 443 443 443 443 443 443 443 443 443 443 443 443 443 443 443 443 443 443 443 443 443 443 443 443 443 443 443 443 443 443 443 443 443 542 542 542 542 542 542 542 472 472 472 472 472 472 472 472 472 472 472 472 472
490 488 486 454 452 450 449 447 445 444 443 443 443 443 443 443 443 443 443 443 443 443 443 443 443 443 443 443 443 443 443 443 443 443 443 443 443 443 443 443 443 443 443 443 443 443 443 443 443 443 443 443 443 443 443 443 443 443 443 443 443 443 443 443 443 443 443 443 443 443 443 443 443 443 443 542 542 542 542 542 472 472 472 472 472 472 472 472 472 472 472 472 472 472
491 489 487 486 453 451 450 448 446 444 443 443 443 443 443 443 443 443 443 443 443 443 443 443 443 443 443 443 443 443 443 443 443 443 443 443 443 443 443 443 443 443 443 443 443 443 443 443 443 443 443 443 443 443 443 443 443 443 443 443 443 443 443 443 443 443 443 443 443 443 443 443 443 443 443 542 542 542 542 472 472 472 472 472 472 472 472 472 472 472 472 472 472 472
492 490 488 486 454 452 450 448 447 445 443 443 443 443 443 443 443 443 443 443 443 443 443 443 443 443 443 443 443 443 443 443 443 443 443 443 443 443 443 443 443 443 443 443 443 443 443 443 443 443 443 443 443 443 443 443 443 443 443 443 443 443 443 443 443 443 443 443 443 443 443 443 443 443 443 443 542 542 472 472 472 472 472 472 472 472 472 472 472 472 472 472 472 472
492 491 489 487 485 453 451 449 447 445 444 443 443 443 443 443 443 443 443 443 443 443 443 443 443 443 443 443 443 443 443 443 443 443 443 443 443 443 443 443 443 443 443 443 443 443 443 443 443 443 443 443 443 443 443 443 443 443 443 443 443 443 443 443 443 443 443 443 443 443 443 443 443 443 443 443 542 472 472 472 472 472 472 472 472 472 472 472 472 472 472 472 472 472
493 491 490 488 486 453 451 450 448 446 444 443 443 443 443 443 443 443 443 443 443 443 443 443 443 443 443 443 443 443 443 443 443 443 443 443 443 443 443 443 443 443 443 443 443 443 443 443 443 443 443 443 443 443 443 443 443 443 443 443 443 443 443 443 443 443 443 443 443 443 443 443 443 443 443 443 472 472 472 472 472 472 472 472 472 472 472 472 472 472 472 472 472 472
585 492 490 488 486 485 452 450 448 446 444 443 443 443 443 443 443 443 443 443 443 443 443 443 443 443 443 443 443 443 443 443 443 443 443 443 443 443 443 443 443 443 443 443 443 443 443 443 443 443 443 443 443 443 443 443 443 443 443 443 443 443 443 443 443 443 443 443 443 443 443 443 443 443 443 373 373 472 472 472 472 472 472 472 472 472 472 472 472 472 472 472 472 472
585 583 491 489 487 485 452 450 448 447 445 443 443 443 443 443 443 443 443 443 443 443 443 443 443 443 443 443 443 443 443 443 443 443 443 443 443 443 443 443 443 443 443 443 443 443 443 443 443 443 443 443 443 443 443 443 443 443 443 443 443 443 443 443 443 443 443 443 443 443 443 443 443 443 373 373 373 472 472 472 472 472 472 472 472 472 472 472 472 472 472 472 472 472
586 584 491 489 487 485 483 451 449 447 445 443 443 443 443 443 443 443 443 443 443 443 443 443 443 443 443 443 443 443 443 443 443 443 443 443 443 443 443 443 443 443 443 443 443 443 443 443 443 443 443 443 443 443 443 443 443 443 443 443 443 443 443 443 443 443 443 443 443 443 443 443 443 373 373 373 373 472 472 472 472 472 472 472 472 472 472 472 472 472 472 472 472 472
586 584 582 489 487 485 484 451 449 447 445 443 443 443 443 443 443 443 443 443 443 443 443 443 443 443 443 443 443 443 443 443 443 443 443 443 443 443 443 443 443 443 443 443 443 443 443 443 443 443 443 443 443 443 443 443 443 443 443 443 443 443 443 443 443 443 443 443 443 443 443 443 373 373 373 373 373 373 472 472 472 472 472 472 472 472 472 472 472 472 472 472 472 472
586 584 582 489 487 485 484 451 449 447 445 443 443 443 443 443 443 443 443 443 443 443 443 443 443 443 443 443 443 443 443 443 443 443 443 443 443 443 443 443 443 443 443 443 443 443 443 443 443 443 443 443 443 443 443 443 443 443 443 443 443 443 443 443 443 443 443 443 443 443 443 373 373 373 373 373 373 373 472 472 472 472 472 472 472 472 472 472 472 472 472 472 472 472
586 584 582 580 487 485 484 482 449 447 445 443 443 443 443 443 443 443 443 443 443 443 443 443 443 443 443 443 443 443 443 443 443 443 443 443 443 443 443 443 443 443 443 443 443 443 443 443 443 443 443 443 443 443 443 443 443 443 443 443 443 443 443 443 443 443 443 443 443 443 373 373 373 373 373 373 373 373 373 472 472 472 472 472 472 472 472 472 472 472 472 472 472 472
586 584 582 580 578 485 483 482 449 447 445 443 443 443 443 443 443 443 443 443 443 443 443 443 443 443 443 443 443 443 443 443 443 443 443 443 443 443 443 443 443 443 443 443 443 443 443 443 443 443 443 443 443 443 443 443 443 443 443 443 443 443 443 443 443 443 443 443 443 373 373 373 373 373 373 373 373 373 373 472 472 472 472 472 472 472 472 472 472 472 472 472 472 472
585 583 582 580 578 485 483 481 479 447 445 443 443 443 443 443 443 443 443 443 443 443 443 443 443 443 443 443 443 443 443 443 443 443 443 443 443 443 443 443 443 443 443 443 443 443 443 443 443 443 443 443 443 443 443 443 443 443 443 443 443 443 443 443 443 443 443 443 373 373 373 373 373 373 373 373 373 373 373 472 472 472 472 472 472 472 472 472 472 472 472 472 472 472
585 583 581 579 577 576 483 481 479 446 444 443 443 443 443 443 443 443 443 443 443 443 443 443 443 443 443 443 443 443 443 443 443 443 443 443 443 443 443 443 443 443 443 443 443 443 443 443 443 443 443 443 443 443 443 443 443 443 443 443 443 443 443 443 443 443 443 373 373 373 373 373 373 373 373 373 373 373 373 373 472 472 472 472 472 472 472 472 472 472 472 472 472 472
584 582 581 579 577 575 573 481 479 477 444 443 443 443 443 443 443 443 443 443 443 443 443 443 443 443 443 443 443 443 443 443 443 443 443 443 443 443 443 443 443 443 443 443 443 443 443 443 443 443 443 443 443 443 443 443 443 443 443 443 443 443 443 443 443 443 373 373 373 373 373 373 373 373 373 373 373 373 373 373 472 472 472 472 472 472 472 472 472 472 472 472 472 472
583 582 580 578 576 575 573 480 478 476 444 443 443 443 443 443 443 443 443 443 443 443 443 443 443 443 443 443 443 443 443 443 443 443 443 443 443 443 443 443 443 443 443 443 443 443 443 443 443 443 443 443 443 443 443 443 443 443 443 443 443 443 443 443 443 373 373 373 373 373 373 373 373 373 373 373 373 373 373 373 373 472 472 472 472 472 472 472 472 472 472 472 472 472
583 581 579 577 576 574 572 570 478 476 474 443 443 443 443 443 443 443 443 443 443 443 443 443 443 443 443 443 443 443 443 443 443 443 443 443 443 443 443 443 443 443 443 443 443 443 443 443 443 443 443 443 443 443 443 443 443 443 443 443 443 443 443 443 373 373 373 373 373 373 373 373 373 373 373 373 373 373 373 373 373 472 472 472 472 472 472 472 472 472 472 472 472 472
582 580 578 577 575 573 572 570 568 475 474 443 443 443 443 443 443 443 443 443 443 443 443 443 443 443 443 443 443 443 443 443 443 443 443 443 443 443 443 443 443 443 443 443 443 443 443 443 443 443 443 443 443 443 443 443 443 443 443 443 443 443 443 373 373 373 373 373 373 373 373 373 373 373 373 373 373 373 373 373 373 472 472 472 472 472 472 472 472 472 472 472 472 472
581 579 577 576 574 572 571 569 567 475 474 474 443 443 443 443 443 443 443 443 443 443 443 443 443 443 443 443 443 443 443 443 443 443 443 443 443 443 443 443 443 443 443 443 443 443 443 443 443 443 443 443 443 443 443 443 443 443 443 443 443 443 373 373 373 373 373 373 373 373 373 373 373 373 373 373 373 373 373 373 373 373 472 472 472 472 472 472 472 472 472 472 472 472
580 578 576 575 573 572 570 568 567 565 474 474 443 443 443 443 443 443 443 443 443 443 443 443 443 443 443 443 443 443 443 443 443 443 443 443 443 443 443 443 443 443 443 443 443 443 443 443 443 443 443 443 443 443 443 443 443 443 443 443 443 373 373 373 373 373 373 373 373 373 373 373 373 373 373 373 373 373 373 373 373 373 472 472 472 472 472 472 472 472 472 472 472 472
578 577 575 574 572 571 569 567 566 565 474 474 443 443 443 443 443 443 443 443 443 443 443 443 443 443 443 443 443 443 443 443 443 443 443 443 443 443 443 443 443 443 443 443 443 443 443 443 443 443 443 443 443 443 443 443 443 443 443 443 373 373 373 373 373 373 373 373 373 373 373 373 373 373 373 373 373 373 373 373 373 373 373 472 472 472 472 472 472 472 472 472 472 472
577 576 574 573 571 570 568 566 565 565 565 474 474 443 443 443 443 443 443 443 443 443 443 443 443 443 443 443 443 443 443 443 443 443 443 443 443 443 443 443 443 443 443 443 443 443 443 443 443 443 443 443 443 443 443 443 443 443 443 373 373 373 373 373 373 373 373 373 373 373 373 373 373 373 373 373 373 373 373 373 373 373 373 472 472 472 472 472 472 472 472 472 472 472
576 574 573 572 570 569 567 565 565 565 565 565 474 443 443 443 443 443 443 443 443 443 443 443 443 443 443 443 443 443 443 443 443 443 443 443 443 443 443 443 443 443 443 443 443 443 443 443 443 443 443 443 443 443 443 443 443 443 373 373 373 373 373 373 373 373 373 373 373 373 373 373 373 373 373 373 373 373 373 373 373 373 373 472 472 472 472 472 472 472 472 472 472 472
574 573 572 570 569 567 566 565 565 565 565 565 474 474 443 443 443 443 443 443 443 443 443 443 443 443 443 443 443 443 443 443 443 443 443 443 443 443 443 443 443 443 443 443 443 443 443 443 443 443 443 443 443 443 443 443 443 373 373 373 373 373 373 373 373 373 373 373 373 373 373 373 373 373 373 373 373 373 373 373 373 373 373 373 472 472 472 472 472 472 472 472 472 472
573 572 570 569 568 566 565 565 565 565 565 565 565 474 443 443 443 443 443 443 443 443 443 443 443 443 443 443 443 443 443 443 443 443 443 443 443 443 443 443 443 443 443 443 443 443 443 443 443 443 443 443 443 443 443 373 373 373 373 373 373 373 373 373 373 373 373 373 373 373 373 373 373 373 373 373 373 373 373 373 373 373 373 373 472 472 472 472 472 472 472 472 472 472
572 570 569 568 566 565 565 565 565 565 565 565 565 474 474 443 443 443 443 443 443 443 443 443 443 443 443 443 443 443 443 443 443 443 443 443 443 443 443 443 443 443 443 443 443 443 443 443 443 443 443 443 443 443 373 373 373 373 373 373 373 373 373 373 373 373 373 373 373 373 373 373 373 373 373 373 373 373 373 373 373 373 373 373 373 472 472 472 472 472 472 472 472 472
570 569 568 566 565 565 565 565 565 565 565 565 565 565 474 443 443 443 443 443 443 443 443 443 443 443 443 443 443 443 443 443 443 443 443 443 443 443 443 443 443 443 443 443 443 443 443 443 443 443 443 443 443 373 373 373 373 373 373 373 373 373 373 373 373 373 373 373 373 373 373 373 373 373 373 373 373 373 373 373 373 373 373 373 373 472 472 472 472 472 472 472 472 472
569 567 566 565 565 565 565 565 565 565 565 565 565 565 474 443 443 443 443 443 443 443 443 443 443 443 443 443 443 443 443 443 443 443 443 443 443 443 443 443 443 443 443 443 443 443 443 443 443 443 443 443 373 373 373 373 373 373 373 373 373 373 373 373 373 373 373 373 373 373 373 373 373 373 373 373 373 373 373 373 373 373 373 373 373 373 472 472 472 472 472 472 472 472
567 566 565 565 565 565 565 565 565 565 565 565 565 565 565 474 443 443 443 443 443 443 443 443 443 443 443 443 443 443 443 443 443 443 443 443 443 443 443 443 443 443 443 443 443 443 443 443 443 443 443 373 373 373 373 373 373 373 373 373 373 373 373 373 373 373 373 373 373 373 373 373 373 373 373 373 373 373 373 373 373 373 373 373 373 373 472 472 472 472 472 472 472 472
565 565 565 565 565 565 565 565 565 565 565 565 565 565 565 565 443 443 443 443 443 443 443 443 443 443 443 443 443 443 443 443 443 443 443 443 443 443 443 443 443 443 443 443 443 443 443 443 443 443 373 373 373 373 373 373 373 373 373 373 373 373 373 373 373 373 373 373 373 373 373 373 373 373 373 373 373 373 373 373 373 373 373 373 373 373 373 472 472 472 472 472 472 472
565 565 565 565 565 565 565 565 565 565 565 565 565 565 565 565 474 443 443 443 443 443 443 443 443 443 443 443 443 443 443 443 443 443 443 443 443 443 443 443 443 443 443 443 443 443 443 443 443 373 373 373 373 373 373 373 373 373 373 373 373 373 373 373 373 373 373 373 373 373 373 373 373 373 373 373 373 373 373 373 373 373 373 373 373 373 373 472 472 472 472 472 472 472
565 565 565 565 565 565 565 565 565 565 565 565 565 565 565 565 565 443 443 443 443 443 443 443 443 443 443 443 443 443 443 443 443 443 443 443 443 443 443 443 443 443 443 443 443 443 443 443 373 373 373 373 373 373 373 373 373 373 373 373 373 373 373 373 373 373 373 373 373 373 373 373 373 373 373 373 373 373 373 373 373 373 373 373 373 373 373 472 472 472 472 472 472 472
565 565 565 565 565 565 565 565 565 565 565 565 565 565 565 565 565 443 443 443 443 443 443 443 443 443 443 443 443 443 443 443 443 443 443 443 443 443 443 443 443 443 443 443 443 443 373 373 373 373 373 373 373 373 373 373 373 373 373 373 373 373 373 373 373 373 373 373 373 373 373 373 373 373 373 373 373 373 373 373 373 373 373 373 373 373 373 373 472 472 472 472 472 472
565 565 565 565 565 565 565 565 565 565 565 565 565 565 565 565 565 565 443 443 443 443 443 443 443 443 443 443 443 443 443 443 443 443 443 443 443 443 443 443 443 443 443 443 443 373 373 373 373 373 373 373 373 373 373 373 373 373 373 373 373 373 373 373 373 373 373 373 373 373 373 373 373 373 373 373 373 373 373 373 373 373 373 373 373 373 373 373 472 472 472 472 472 472
565 565 565 565 565 565 565 565 565 565 565 565 565 565 565 565 565 565 443 443 443 443 443 443 443 443 443 443 443 443 443 443 443 443 443 443 443 443 443 443 443 443 443 443 373 373 373 373 373 373 373 373 373 373 373 373 373 373 373 373 373 373 373 373 373 373 373 373 373 373 373 373 373 373 373 373 373 373 373 373 373 373 373 373 373 373 373 373 373 472 472 472 472 472
565 565 565 565 565 565 565 565 565 565 565 565 565 565 565 565 565 565 565 443 443 443 443 443 443 443 443 443 443 443 443 443 443 443 443 443 443 443 443 443 443 443 443 373 373 373 373 373 373 373 373 373 373 373 373 373 373 373 373 373 373 373 373 373 373 373 373 373 373 373 373 373 373 373 373 373 373 373 373 373 373 373 373 373 373 373 373 373 373 472 472 472 472 312
565 565 565 565 565 565 565 565 565 565 565 565 565 565 565 565 565 565 565 534 443 443 443 443 443 443 443 443 443 443 443 443 443 443 443 443 443 443 443 443 443 443 373 373 373 373 373 373 373 373 373 373 373 373 373 373 373 373 373 373 373 373 373 373 373 373 373 373 373 373 373 373 373 373 373 373 373 373 373 373 373 373 373 373 373 373 373 373 373 373 472 472 472 312
565 565 565 565 565 565 565 565 565 565 565 565 565 565 565 565 565 565 565 534 443 443 443 443 443 443 443 443 443 443 443 443 443 443 443 443 443 443 443 443 373 373 373 373 373 373 373 373 373 373 373 373 373 373 373 373 373 373 373 373 373 373 373 373 373 373 373 373 373 373 373 373 373 373 373 373 373 373 373 373 373 373 373 373 373 373 373 373 373 373 472 472 472 312
565 565 565 565 565 565 565 565 565 565 565 565 565 565 565 565 565 565 565 565 534 443 443 443 443 443 443 443 443 443 443 443 443 443 443 443 443 443 443 373 373 373 373 373 373 373 373 373 373 373 373 373 373 373 373 373 373 373 373 373 373 373 373 373 373 373 373 373 373 373 373 373 373 373 373 373 373 373 373 373 373 373 373 373 373 373 373 373 373 373 373 472 472 312
565 565 565 565 565 565 565 565 565 565 565 565 565 565 565 565 565 565 565 565 534 443 443 443 443 443 443 443 443 443 443 443 443 443 443 443 443 443 373 373 373 373 373 373 373 373 373 373 373 373 373 373 373 373 373 373 373 373 373 373 373 373 373 373 373 373 373 373 373 373 373 373 373 373 373 373 373 373 373 373 373 373 373 373 373 373 373 373 373 373 373 472 312 312
565 565 565 565 565 565 565 565 565 565 565 565 565 565 565 565 565 565 565 565 534 534 443 443 443 443 443 443 443 443 443 443 443 443 443 443 443 373 373 373 373 373 373 373 373 373 373 373 373 373 373 373 373 373 373 373 373 373 373 373 373 373 373 373 373 373 373 373 373 373 373 373 373 373 373 373 373 373 373 373 373 373 373 373 373 373 373 373 373 373 373 373 312 312
