testData/tiles/oneDegree/grid1.0-21.0-2.0-22.0.asc
ncols   200
nrows   200
xllcorner   1.0
yllcorner   21.0
cellsize   0.005
NODATA_value   -9999.0
[rows 0 to 41 of 200, columns 94 to 187 of 200]
272 272 272 272 272 272 272 272 272 272 272 272 272 272 272 272 272 272 272 272 272 272 272 271 271 271 271 271 271 271 271 121 121 121 121 121 121 121 121 121 121 121 121 121 121 121 121 121 121 121 121 121 232 232 232 231 231 231 231 231 231 231 231 231 231 231 231 231 231 231 231 231 231 231 231 231 231 231 231 230 230 442 442 442 442 442 442 442 442 442 442 442 442 442
272 272 272 272 272 272 272 272 272 272 272 272 272 272 272 272 272 272 272 272 271 271 271 271 271 271 271 271 271 121 121 121 121 121 121 121 121 121 121 121 121 121 121 121 121 121 121 121 121 121 121 121 267 231 231 231 231 231 231 231 231 231 231 231 231 231 231 231 231 231 231 231 231 231 231 231 231 230 230 230 230 442 442 442 442 442 442 442 442 442 442 442 442 442
272 272 272 272 272 272 272 272 272 272 272 272 272 272 272 272 272 271 271 271 271 271 271 271 271 271 121 121 121 121 121 121 121 121 121 121 121 121 121 121 121 121 121 121 121 121 121 121 121 121 120 120 120 231 231 231 231 231 231 231 231 231 231 231 231 231 231 231 231 231 231 231 231 231 231 230 230 230 230 230 230 442 442 442 442 442 442 442 442 442 442 442 442 442
272 272 272 272 272 272 272 272 272 272 272 272 272 272 271 271 271 271 271 271 271 271 271 121 121 121 121 121 121 121 121 121 121 121 121 121 121 121 121 121 121 121 121 121 121 121 121 121 120 120 120 120 120 267 231 231 231 231 231 231 231 231 231 231 231 231 231 231 231 231 231 231 231 230 230 230 230 230 230 230 442 442 442 442 442 442 442 442 442 442 442 442 442 442
272 272 272 272 272 272 272 272 272 272 272 271 271 271 271 271 271 271 271 271 271 121 121 121 121 121 121 121 121 121 121 121 121 121 121 121 121 121 121 121 121 121 121 121 121 120 120 120 120 120 120 120 120 120 231 231 231 231 231 231 231 231 231 231 231 231 231 231 231 231 231 230 230 230 230 230 230 230 230 230 442 442 442 442 442 442 442 442 442 442 442 442 441 441
272 272 272 272 272 272 272 271 271 271 271 271 271 271 271 271 271 271 121 121 121 121 121 121 121 121 121 121 121 121 121 121 121 121 121 121 121 121 121 121 121 121 120 120 120 120 120 120 120 120 120 120 120 120 120 231 231 231 231 231 231 231 231 231 231 231 231 231 231 230 230 230 230 230 230 230 230 230 230 230 442 442 442 442 442 442 442 442 442 442 442 441 441 441
272 272 272 271 271 271 271 271 271 271 271 271 271 271 271 121 121 121 121 121 121 121 121 121 121 121 121 121 121 121 121 121 121 121 121 121 121 121 121 121 120 120 120 120 120 120 120 120 120 120 120 120 120 120 120 84 231 231 231 231 231 231 231 231 231 231 231 230 230 230 230 230 230 230 230 230 230 230 230 230 442 442 442 442 442 442 442 442 442 441 441 441 441 441
271 271 271 271 271 271 271 271 271 271 271 271 121 121 121 121 121 121 121 121 121 121 121 121 121 121 121 121 121 121 121 121 121 121 121 121 121 120 120 120 120 120 120 120 120 120 120 120 120 120 120 120 120 120 120 120 231 231 231 231 231 231 231 231 231 230 230 230 230 230 230 230 230 230 230 230 230 230 230 230 442 442 442 442 442 442 442 441 441 441 441 441 441 441
271 271 271 271 271 271 271 271 271 121 121 121 121 121 121 121 121 121 121 121 121 121 121 121 121 121 121 121 121 121 121 121 121 121 120 120 120 120 120 120 120 120 120 120 120 120 120 120 120 120 120 120 120 120 120 120 84 231 231 231 231 231 230 230 230 230 230 230 230 230 230 230 230 230 230 230 230 230 230 442 442 442 442 442 442 441 441 441 441 441 441 441 441 441
366 366 271 271 271 271 271 121 121 121 121 121 121 121 121 121 121 121 121 121 121 121 121 121 121 121 121 121 121 121 121 120 120 120 120 120 120 120 120 120 120 120 120 120 120 120 120 120 120 120 120 120 120 120 120 120 120 84 231 231 230 230 230 230 230 230 230 230 230 230 230 230 230 230 230 230 230 230 230 442 442 442 442 441 441 441 441 441 441 441 441 441 441 441
366 366 366 366 121 121 121 121 121 121 121 121 121 121 121 121 121 121 121 121 121 121 121 121 121 121 121 121 120 120 120 120 120 120 120 120 120 120 120 120 120 120 120 120 120 120 120 120 120 120 120 120 120 120 120 120 120 83 83 230 230 230 230 230 230 230 230 230 230 230 230 230 230 230 230 230 230 230 230 442 441 441 441 441 441 441 441 441 441 441 441 441 441 441
366 216 216 216 216 216 121 121 121 121 121 121 121 121 121 121 121 121 121 121 121 121 121 121 121 120 120 120 120 120 120 120 120 120 120 120 120 120 120 120 120 120 120 120 120 120 120 120 120 120 120 120 120 120 120 119 119 83 83 230 230 230 230 230 230 230 230 230 230 230 230 230 230 230 230 230 230 230 229 441 441 441 441 441 441 441 441 441 441 441 441 441 441 441
216 216 216 216 216 216 216 216 121 121 121 121 121 121 121 121 121 121 121 121 121 121 120 120 120 120 120 120 120 120 120 120 120 120 120 120 120 120 120 120 120 120 120 120 120 120 120 120 120 120 120 120 119 119 119 119 119 119 83 83 230 230 230 230 230 230 230 230 230 230 230 230 230 230 230 230 229 229 229 441 441 441 441 441 441 441 441 441 441 441 441 441 441 441
216 216 216 216 216 216 216 216 216 216 121 121 121 121 121 121 121 121 121 120 120 120 120 120 120 120 120 120 120 120 120 120 120 120 120 120 120 120 120 120 120 120 120 120 120 120 120 120 120 120 119 119 119 119 119 119 119 119 83 83 83 230 230 230 230 230 230 230 230 230 230 230 230 230 229 229 229 229 441 441 441 441 441 441 441 441 441 441 441 441 441 441 441 441
216 216 216 216 216 216 216 216 216 216 216 216 121 121 121 120 120 120 120 120 120 120 120 120 120 120 120 120 120 120 120 120 120 120 120 120 120 120 120 120 120 120 120 120 120 120 120 119 119 119 119 119 119 119 119 119 119 119 119 83 83 83 230 230 230 230 230 230 230 230 230 230 229 229 229 229 229 229 441 441 441 441 441 441 441 441 441 441 441 441 441 441 440 440
216 216 216 216 216 216 216 216 216 216 216 215 215 215 120 120 120 120 120 120 120 120 120 120 120 120 120 120 120 120 120 120 120 120 120 120 120 120 120 120 120 120 120 120 119 119 119 119 119 119 119 119 119 119 119 119 119 119 119 83 83 83 83 230 230 230 230 230 230 229 229 229 229 229 229 229 229 229 441 441 441 441 441 441 441 441 441 441 441 441 440 440 440 440
216 216 216 216 216 216 216 216 215 215 215 215 215 215 215 215 120 120 120 120 120 120 120 120 120 120 120 120 120 120 120 120 120 120 120 120 120 120 120 120 120 120 119 119 119 119 119 119 119 119 119 119 119 119 119 119 119 119 119 119 83 83 83 83 230 230 230 229 229 229 229 229 229 229 229 229 229 229 441 441 441 441 441 441 441 441 441 441 440 440 440 440 440 440
216 216 216 216 215 215 215 215 215 215 215 215 215 215 215 215 215 120 120 120 120 120 120 120 120 120 120 120 120 120 120 120 120 120 120 120 120 120 120 119 119 119 119 119 119 119 119 119 119 119 119 119 119 119 119 119 119 119 119 119 83 83 83 83 83 229 229 229 229 229 229 229 229 229 229 229 229 229 441 441 441 441 441 441 441 441 440 440 440 440 440 440 440 440
215 215 215 215 215 215 215 215 215 215 215 215 215 215 215 215 215 215 215 120 120 120 120 120 120 120 120 120 120 120 120 120 120 120 120 120 119 119 119 119 119 119 119 119 119 119 119 119 119 119 119 119 119 119 119 119 119 119 119 119 83 83 82 82 82 82 229 229 229 229 229 229 229 229 229 229 229 441 441 441 441 441 441 440 440 440 440 440 440 440 440 440 440 440
215 215 215 215 215 215 215 215 215 215 215 215 215 215 215 215 215 215 215 215 215 120 120 120 120 120 120 120 120 120 120 120 119 119 119 119 119 119 119 119 119 119 119 119 119 119 119 119 119 119 119 119 119 119 119 119 119 119 119 119 118 82 82 82 82 82 82 229 229 229 229 229 229 229 229 229 229 441 441 441 441 440 440 440 440 440 440 440 440 440 440 440 440 440
215 215 215 215 215 215 215 215 215 215 215 215 215 215 215 215 215 215 215 215 215 215 215 120 120 120 120 120 120 119 119 119 119 119 119 119 119 119 119 119 119 119 119 119 119 119 119 119 119 119 119 119 119 119 119 119 119 118 118 118 118 82 82 82 82 82 82 82 229 229 229 229 229 229 229 229 229 441 441 440 440 440 440 440 440 440 440 440 440 440 440 440 440 440
215 215 215 215 215 215 215 215 215 215 215 215 215 215 215 215 215 215 215 215 215 215 215 215 215 120 119 119 119 119 119 119 119 119 119 119 119 119 119 119 119 119 119 119 119 119 119 119 119 119 119 119 119 119 118 118 118 118 118 118 118 82 82 82 82 82 82 82 82 82 229 229 229 229 229 229 229 440 440 440 440 440 440 440 440 440 440 440 440 440 440 440 440 440
215 215 215 215 215 215 215 215 215 215 215 215 215 215 215 215 215 215 215 215 215 215 215 214 214 214 119 119 119 119 119 119 119 119 119 119 119 119 119 119 119 119 119 119 119 119 119 119 119 119 119 119 118 118 118 118 118 118 118 118 118 118 82 82 82 82 82 82 82 82 82 229 229 229 228 228 228 440 440 440 440 440 440 440 440 440 440 440 440 440 440 440 440 439
215 215 215 215 215 215 215 215 215 215 215 215 215 215 215 215 215 215 215 214 214 214 214 214 214 214 214 214 119 119 119 119 119 119 119 119 119 119 119 119 119 119 119 119 119 119 119 119 119 118 118 118 118 118 118 118 118 118 118 118 118 118 82 82 82 82 82 82 82 82 82 82 228 228 228 228 228 440 440 440 440 440 440 440 440 440 440 440 440 440 440 439 439 439
215 215 215 215 215 215 215 215 215 215 215 215 215 215 215 214 214 214 214 214 214 214 214 214 214 214 214 214 214 214 119 119 119 119 119 119 119 119 119 119 119 119 119 119 119 119 118 118 118 118 118 118 118 118 118 118 118 118 118 118 118 118 82 82 82 82 82 82 82 81 81 81 81 81 228 228 228 440 440 440 440 440 440 440 440 440 440 440 440 439 439 439 439 439
215 215 215 215 215 215 215 215 215 215 215 214 214 214 214 214 214 214 214 214 214 214 214 214 214 214 214 214 214 214 214 119 119 119 119 119 119 119 119 119 119 119 119 118 118 118 118 118 118 118 118 118 118 118 118 118 118 118 118 118 118 118 118 82 82 82 82 81 81 81 81 81 81 81 81 228 228 440 440 440 440 440 440 440 440 440 440 439 439 439 439 439 439 439
215 215 215 215 215 215 215 214 214 214 214 214 214 214 214 214 214 214 214 214 214 214 214 214 214 214 214 214 214 214 214 214 214 119 119 119 119 119 119 119 118 118 118 118 118 118 118 118 118 118 118 118 118 118 118 118 118 118 118 118 118 118 118 82 81 81 81 81 81 81 81 81 81 81 81 81 440 440 440 440 440 440 440 440 439 439 439 439 439 439 439 439 439 439
215 215 215 214 214 214 214 214 214 214 214 214 214 214 214 214 214 214 214 214 214 214 214 214 214 214 214 214 214 214 214 214 214 214 214 119 119 118 118 118 118 118 118 118 118 118 118 118 118 118 118 118 118 118 118 118 118 118 118 118 118 118 117 81 81 81 81 81 81 81 81 81 81 81 81 81 293 293 440 440 440 440 439 439 439 439 439 439 439 439 439 439 439 439
214 214 214 214 214 214 214 214 214 214 214 214 214 214 214 214 214 214 214 214 214 214 214 214 214 214 214 214 214 214 214 214 214 213 213 213 118 118 118 118 118 118 118 118 118 118 118 118 118 118 118 118 118 118 118 118 118 118 118 117 117 117 117 117 81 81 81 81 81 81 81 81 81 81 81 81 293 293 293 293 439 439 439 439 439 439 439 439 439 439 439 439 439 439
214 214 214 214 214 214 214 214 214 214 214 214 214 214 214 214 214 214 214 214 214 214 214 214 214 214 214 214 214 214 213 213 213 213 213 213 213 213 118 118 118 118 118 118 118 118 118 118 118 118 118 118 118 118 118 118 117 117 117 117 117 117 117 117 81 81 81 81 81 81 81 81 81 81 81 81 293 292 292 292 292 439 439 439 439 439 439 439 439 439 439 439 439 439
214 214 214 214 214 214 214 214 214 214 214 214 214 214 214 214 214 214 214 214 214 214 214 214 214 214 213 213 213 213 213 213 213 213 213 213 213 213 213 118 118 118 118 118 118 118 118 118 118 118 118 118 118 117 117 117 117 117 117 117 117 117 117 117 81 81 81 81 81 81 81 81 81 81 81 80 292 292 292 292 292 292 292 439 439 439 439 439 439 439 439 439 439 438
214 214 214 214 214 214 214 214 214 214 214 214 214 214 214 214 214 214 214 214 214 214 214 213 213 213 213 213 213 213 213 213 213 213 213 213 213 213 213 213 213 118 118 118 118 118 118 118 118 118 117 117 117 117 117 117 117 117 117 117 117 117 117 117 117 81 81 81 81 81 81 81 80 80 80 80 292 292 292 292 292 292 292 292 292 439 439 439 439 439 438 438 438 438
214 214 214 214 214 214 214 214 214 214 214 214 214 214 214 214 214 214 214 213 213 213 213 213 213 213 213 213 213 213 213 213 213 213 213 213 213 213 213 213 213 213 213 118 118 118 118 117 117 117 117 117 117 117 117 117 117 117 117 117 117 117 117 117 117 81 81 81 81 81 80 80 80 80 80 80 292 292 292 292 292 292 292 292 292 292 292 439 438 438 438 438 438 438
214 214 214 214 214 214 214 214 214 214 214 214 214 214 214 213 213 213 213 213 213 213 213 213 213 213 213 213 213 213 213 213 213 213 213 213 213 213 213 213 213 213 213 213 117 117 117 117 117 117 117 117 117 117 117 117 117 117 117 117 117 117 117 117 117 81 81 80 80 80 80 80 80 80 80 80 292 292 292 292 292 292 292 292 292 292 291 291 291 438 438 438 438 438
214 214 214 214 214 214 214 214 214 214 214 213 213 213 213 213 213 213 213 213 213 213 213 213 213 213 213 213 213 213 213 213 213 213 213 213 213 213 213 213 213 212 212 212 212 212 117 117 117 117 117 117 117 117 117 117 117 117 117 117 117 117 117 117 116 80 80 80 80 80 80 80 80 80 80 80 292 292 292 292 292 292 292 291 291 291 291 291 291 291 291 291 438 438
214 214 214 214 214 214 214 213 213 213 213 213 213 213 213 213 213 213 213 213 213 213 213 213 213 213 213 213 213 213 213 213 213 213 213 213 213 213 212 212 212 212 212 212 212 212 212 117 117 117 117 117 117 117 117 117 117 117 117 117 117 117 116 116 116 116 80 80 80 80 80 80 80 80 80 80 292 292 292 292 292 291 291 291 291 291 291 291 291 291 291 291 291 291
214 214 213 213 213 213 213 213 213 213 213 213 213 213 213 213 213 213 213 213 213 213 213 213 213 213 213 213 213 213 213 213 213 213 213 212 212 212 212 212 212 212 212 212 212 212 212 212 212 117 117 117 117 117 117 117 117 117 117 116 116 116 116 116 116 116 80 80 80 80 80 80 80 80 80 80 292 292 291 291 291 291 291 291 291 291 291 291 291 291 291 291 291 291
213 213 213 213 213 213 213 213 213 213 213 213 213 213 213 213 213 213 213 213 213 213 213 213 213 213 213 213 213 213 213 212 212 212 212 212 212 212 212 212 212 212 212 212 212 212 212 212 212 212 117 117 117 117 117 117 116 116 116 116 116 116 116 116 116 116 80 80 80 80 80 80 80 80 80 80 291 291 291 291 291 291 291 291 291 291 291 291 291 291 291 291 290 290
213 213 213 213 213 213 213 213 213 213 213 213 213 213 213 213 213 213 213 213 213 213 213 213 213 213 213 212 212 212 212 212 212 212 212 212 212 212 212 212 212 212 212 212 212 212 212 212 212 212 212 212 117 116 116 116 116 116 116 116 116 116 116 116 116 116 80 80 80 80 80 80 80 79 79 79 291 291 291 291 291 291 291 291 291 291 291 291 291 291 290 290 290 290
213 213 213 213 213 213 213 213 213 213 213 213 213 213 213 213 213 213 213 213 213 213 213 213 212 212 212 212 212 212 212 212 212 212 212 212 212 212 212 212 212 212 212 212 212 212 212 212 212 212 211 211 211 116 116 116 116 116 116 116 116 116 116 116 116 116 116 80 80 80 79 79 79 79 79 79 291 291 291 291 291 291 291 291 291 291 291 291 290 290 290 290 290 290
213 213 213 213 213 213 213 213 213 213 213 213 213 213 213 213 213 213 213 213 212 212 212 212 212 212 212 212 212 212 212 212 212 212 212 212 212 212 212 212 212 212 212 212 212 212 212 211 211 211 211 211 211 211 211 116 116 116 116 116 116 116 116 116 116 116 116 80 79 79 79 79 79 79 79 79 291 291 291 291 291 291 291 291 291 290 290 290 290 290 290 290 290 290
213 213 213 213 213 213 213 213 213 213 213 213 213 213 213 213 212 212 212 212 212 212 212 212 212 212 212 212 212 212 212 212 212 212 212 212 212 212 212 212 212 212 212 211 211 211 211 211 211 211 211 211 211 211 211 211 116 116 116 116 116 116 116 116 116 115 115 79 79 79 79 79 79 79 79 79 291 291 291 291 291 291 291 290 290 290 290 290 290 290 290 290 290 290
