testData/tiles/oneDegree/grid46.0-31.0-47.0-32.0.asc
ncols   200
nrows   200
xllcorner   46.0
yllcorner   31.0
cellsize   0.005
NODATA_value   -9999.0
[rows 100 to 149 of 200, columns 0 to 95 of 200]
136 136 136 2 2 2 2 2 2 2 2 2 2 2 2 2 2 2 2 2 2 2 2 2 2 2 2 2 2 2 2 2 2 2 2 2 2 2 2 1 1 1 1 1 1 1 1 1 1 1 1 1 1 1 1 1 1 1 1 1 54 54 54 54 56 62 68 73 77 82 86 90 93 97 100 104 107 110 113 116 118 121 123 126 128 131 133 135 137 140 222 224 226 228 230 232
136 2 2 2 2 2 2 2 2 2 2 2 2 2 2 2 2 2 2 2 2 2 2 2 2 2 2 2 2 2 2 2 2 2 2 2 2 2 2 2 1 1 1 1 1 1 1 1 1 1 1 1 1 1 1 1 1 1 1 1 54 54 54 54 55 61 67 72 76 81 85 89 93 96 100 103 106 109 112 115 118 120 123 125 128 130 132 135 137 139 221 223 225 227 229 231
2 2 2 2 2 2 2 2 2 2 2 2 2 2 2 2 2 2 2 2 2 2 2 2 2 2 2 2 2 2 2 2 2 2 2 2 2 2 2 2 2 1 1 1 1 1 1 1 1 1 1 1 1 1 1 1 1 1 1 1 1 54 54 54 54 60 65 71 75 80 84 88 92 95 99 102 105 108 111 114 117 120 122 125 127 130 132 134 136 218 221 223 225 227 229 230
2 2 2 2 2 2 2 2 2 2 2 2 2 2 2 2 2 2 2 2 2 2 2 2 2 2 2 2 2 2 2 2 2 2 2 2 2 2 2 2 2 2 1 1 1 1 1 1 1 1 1 1 1 1 1 1 1 1 1 1 1 54 54 54 54 58 64 69 74 79 83 87 91 94 98 101 104 108 111 113 116 119 121 124 126 129 131 134 136 218 220 222 224 226 228 230
2 2 2 2 2 2 2 2 2 2 2 2 2 2 2 2 2 2 2 2 2 2 2 2 2 2 2 2 2 2 2 2 2 2 2 2 2 2 2 2 2 2 1 1 1 1 1 1 1 1 1 1 1 1 1 1 1 1 1 1 1 54 54 54 54 57 63 68 73 78 82 86 90 94 97 100 104 107 110 113 115 118 121 123 126 128 131 133 135 217 219 221 224 226 227 229
2 2 2 2 2 2 2 2 2 2 2 2 2 2 2 2 2 2 2 2 2 2 2 2 2 2 2 2 2 2 2 2 2 2 2 2 2 2 2 2 2 2 2 1 1 1 1 1 1 1 1 1 1 1 1 1 1 1 1 1 1 54 54 54 54 55 62 67 72 77 81 85 89 93 96 100 103 106 109 112 115 117 120 123 125 128 130 132 135 217 219 221 223 225 227 229
2 2 2 2 2 2 2 2 2 2 2 2 2 2 2 2 2 2 2 2 2 2 2 2 2 2 2 2 2 2 2 2 2 2 2 2 2 2 2 2 2 2 2 2 1 1 1 1 1 1 1 1 1 1 1 1 1 1 1 1 1 1 54 54 54 54 60 66 71 76 80 84 88 92 95 99 102 105 108 111 114 117 119 122 125 127 129 132 214 216 218 220 222 224 226 228
2 2 2 2 2 2 2 2 2 2 2 2 2 2 2 2 2 2 2 2 2 2 2 2 2 2 2 2 2 2 2 2 2 2 2 2 2 2 2 2 2 2 2 2 2 1 1 1 1 1 1 1 1 1 1 1 1 1 1 1 1 1 54 54 54 54 59 64 70 74 79 83 87 91 95 98 101 104 108 110 113 116 119 121 124 126 129 131 213 215 218 220 222 224 226 228
2 2 2 2 2 2 2 2 2 2 2 2 2 2 2 2 2 2 2 2 2 2 2 2 2 2 2 2 2 2 2 2 2 2 2 2 2 2 2 2 2 2 2 2 2 1 1 1 1 1 1 1 1 1 1 1 1 1 1 1 1 1 54 54 54 54 57 63 68 73 78 82 86 90 94 97 100 104 107 110 113 115 118 121 123 126 128 130 213 215 217 219 221 223 225 227
2 2 2 2 2 2 2 2 2 2 2 2 2 2 2 2 2 2 2 2 2 2 2 2 2 2 2 2 2 2 2 2 2 2 2 2 2 2 2 2 2 2 2 2 2 2 1 1 1 1 1 1 1 1 1 1 1 1 1 1 1 1 54 54 54 54 56 62 67 72 77 81 85 89 93 96 100 103 106 109 112 115 117 120 123 125 127 130 212 214 216 219 221 223 225 227
3 2 2 2 2 2 2 2 2 2 2 2 2 2 2 2 2 2 2 2 2 2 2 2 2 2 2 2 2 2 2 2 2 2 2 2 2 2 2 2 2 2 2 2 2 2 2 1 1 1 1 1 1 1 1 1 1 1 1 1 1 1 54 54 54 54 54 60 66 71 76 80 84 88 92 95 99 102 105 108 111 114 117 119 122 124 127 209 211 214 216 218 220 222 224 226
3 3 2 2 2 2 2 2 2 2 2 2 2 2 2 2 2 2 2 2 2 2 2 2 2 2 2 2 2 2 2 2 2 2 2 2 2 2 2 2 2 2 2 2 2 2 2 2 1 1 1 1 1 1 1 1 1 1 1 1 1 1 1 54 54 54 54 59 65 70 75 79 83 87 91 95 98 101 104 107 110 113 116 119 121 124 126 208 211 213 215 217 219 221 223 225
3 3 3 2 2 2 2 2 2 2 2 2 2 2 2 2 2 2 2 2 2 2 2 2 2 2 2 2 2 2 2 2 2 2 2 2 2 2 2 2 2 2 2 2 2 2 2 2 1 1 1 1 1 1 1 1 1 1 1 1 1 1 1 54 54 54 54 58 63 69 73 78 82 86 90 94 97 100 104 107 110 112 115 118 120 123 125 208 210 212 215 217 219 221 223 225
3 3 3 3 2 2 2 2 2 2 2 2 2 2 2 2 2 2 2 2 2 2 2 2 2 2 2 2 2 2 2 2 2 2 2 2 2 2 2 2 2 2 2 2 2 2 2 2 2 1 1 1 1 1 1 1 1 1 1 1 1 1 1 54 54 54 54 56 62 67 72 77 81 85 89 93 96 100 103 106 109 112 114 117 120 122 205 207 209 212 214 216 218 220 222 224
3 3 3 3 3 2 2 2 2 2 2 2 2 2 2 2 2 2 2 2 2 2 2 2 2 2 2 2 2 2 2 2 2 2 2 2 2 2 2 2 2 2 2 2 2 2 2 2 2 2 1 1 1 1 1 1 1 1 1 1 1 1 1 54 54 54 54 55 61 66 71 76 80 84 88 92 95 99 102 105 108 111 114 116 119 122 204 206 209 211 213 215 218 220 222 224
3 3 3 3 3 3 2 2 2 2 2 2 2 2 2 2 2 2 2 2 2 2 2 2 2 2 2 2 2 2 2 2 2 2 2 2 2 2 2 2 2 2 2 2 2 2 2 2 2 2 1 1 1 1 1 1 1 1 1 1 1 1 1 1 54 54 54 54 59 65 70 75 79 83 87 91 94 98 101 104 107 110 113 116 118 121 203 206 208 210 213 215 217 219 221 223
3 3 3 3 3 3 3 2 2 2 2 2 2 2 2 2 2 2 2 2 2 2 2 2 2 2 2 2 2 2 2 2 2 2 2 2 2 2 2 2 2 2 2 2 2 2 2 2 2 2 2 1 1 1 1 1 1 1 1 1 1 1 1 1 54 54 54 54 58 64 69 74 78 82 86 90 94 97 100 103 106 109 112 115 118 120 203 205 207 210 212 214 216 218 220 222
3 3 3 3 3 3 3 2 2 2 2 2 2 2 2 2 2 2 2 2 2 2 2 2 2 2 2 2 2 2 2 2 2 2 2 2 2 2 2 2 2 2 2 2 2 2 2 2 2 2 2 2 1 1 1 1 1 1 1 1 1 1 1 1 54 54 54 54 56 62 67 72 77 81 85 89 93 96 99 103 106 109 111 114 117 199 202 204 207 209 211 214 216 218 220 222
3 3 3 3 3 3 3 3 2 2 2 2 2 2 2 2 2 2 2 2 2 2 2 2 2 2 2 2 2 2 2 2 2 2 2 2 2 2 2 2 2 2 2 2 2 2 2 2 2 2 2 2 1 1 1 1 1 1 1 1 1 1 1 1 54 54 54 54 55 61 66 71 76 80 84 88 92 95 99 102 105 108 111 113 116 199 201 204 206 208 211 213 215 217 219 221
3 3 3 3 3 3 3 3 3 2 2 2 2 2 2 2 2 2 2 2 2 2 2 2 2 2 2 2 2 2 2 2 2 2 2 2 2 2 2 2 2 2 2 2 2 2 2 2 2 2 2 2 2 1 1 1 1 1 1 1 1 1 1 1 1 54 54 54 54 59 65 70 75 79 83 87 91 94 98 101 104 107 110 113 115 198 201 203 205 208 210 212 214 217 219 221
3 3 3 3 3 3 3 3 3 3 2 2 2 2 2 2 2 2 2 2 2 2 2 2 2 2 2 2 2 2 2 2 2 2 2 2 2 2 2 2 2 2 2 2 2 2 2 2 2 2 2 2 2 2 1 1 1 1 1 1 1 1 1 1 1 54 54 54 54 58 63 69 73 78 82 86 90 93 97 100 103 106 109 112 115 197 200 202 205 207 209 212 214 216 218 220
3 3 3 3 3 3 3 3 3 3 3 2 2 2 2 2 2 2 2 2 2 2 2 2 2 2 2 2 2 2 2 2 2 2 2 2 2 2 2 2 2 2 2 2 2 2 2 2 2 2 2 2 2 2 1 1 1 1 1 1 1 1 1 1 1 54 54 54 54 56 62 67 72 77 81 85 89 92 96 99 102 105 108 111 194 197 199 202 204 206 209 211 213 215 217 219
3 3 3 3 3 3 3 3 3 3 3 3 2 2 2 2 2 2 2 2 2 2 2 2 2 2 2 2 2 2 2 2 2 2 2 2 2 2 2 2 2 2 2 2 2 2 2 2 2 2 2 2 2 2 2 1 1 1 1 1 1 1 1 1 1 54 54 54 54 55 61 66 71 76 80 84 88 91 95 98 101 105 107 110 193 196 198 201 203 206 208 210 213 215 217 219
3 3 3 3 3 3 3 3 3 3 3 3 2 2 2 2 2 2 2 2 2 2 2 2 2 2 2 2 2 2 2 2 2 2 2 2 2 2 2 2 2 2 2 2 2 2 2 2 2 2 2 2 2 2 2 2 1 1 1 1 1 1 1 1 1 1 54 54 54 54 59 65 70 74 79 83 87 90 94 97 101 104 107 110 192 195 198 200 203 205 207 210 212 214 216 218
3 3 3 3 3 3 3 3 3 3 3 3 3 2 2 2 2 2 2 2 2 2 2 2 2 2 2 2 2 2 2 2 2 2 2 2 2 2 2 2 2 2 2 2 2 2 2 2 2 2 2 2 2 2 2 2 1 1 1 1 1 1 1 1 1 1 54 54 54 54 58 63 69 73 78 82 86 90 93 96 100 103 106 109 192 194 197 199 202 204 207 209 211 213 215 218
3 3 3 3 3 3 3 3 3 3 3 3 3 3 2 2 2 2 2 2 2 2 2 2 2 2 2 2 2 2 2 2 2 2 2 2 2 2 2 2 2 2 2 2 2 2 2 2 2 2 2 2 2 2 2 2 2 1 1 1 1 1 1 1 1 1 54 54 54 54 56 62 67 72 77 81 85 89 92 96 99 102 105 108 191 193 196 199 201 204 206 208 211 213 215 217
3 3 3 3 3 3 3 3 3 3 3 3 3 3 3 2 2 2 2 2 2 2 2 2 2 2 2 2 2 2 2 2 2 2 2 2 2 2 2 2 2 2 2 2 2 2 2 2 2 2 2 2 2 2 2 2 2 2 1 1 1 1 1 1 1 1 54 54 54 54 55 60 66 71 75 80 84 88 91 95 98 101 104 187 190 193 195 198 200 203 205 208 210 212 214 216
3 3 3 3 3 3 3 3 3 3 3 3 3 3 3 2 2 2 2 2 2 2 2 2 2 2 2 2 2 2 2 2 2 2 2 2 2 2 2 2 2 2 2 2 2 2 2 2 2 2 2 2 2 2 2 2 2 2 1 1 1 1 1 1 1 1 1 54 54 54 54 59 65 70 74 79 83 86 90 94 97 100 103 186 189 192 195 197 200 202 205 207 209 211 213 216
3 3 3 3 3 3 3 3 3 3 3 3 3 3 3 3 2 2 2 2 2 2 2 2 2 2 2 2 2 2 2 2 2 2 2 2 2 2 2 2 2 2 2 2 2 2 2 2 2 2 2 2 2 2 2 2 2 2 2 1 1 1 1 1 1 1 1 54 54 54 54 57 63 68 73 77 82 85 89 93 96 99 102 185 188 191 194 196 199 201 204 206 208 211 213 215
3 3 3 3 3 3 3 3 3 3 3 3 3 3 3 3 3 2 2 2 2 2 2 2 2 2 2 2 2 2 2 2 2 2 2 2 2 2 2 2 2 2 2 2 2 2 2 2 2 2 2 2 2 2 2 2 2 2 2 1 1 1 1 1 1 1 1 54 54 54 54 56 62 67 72 76 80 84 88 92 95 98 102 185 187 190 193 196 198 201 203 205 208 210 212 214
3 3 3 3 3 3 3 3 3 3 3 3 3 3 3 3 3 3 2 2 2 2 2 2 2 2 2 2 2 2 2 2 2 2 2 2 2 2 2 2 2 2 2 2 2 2 2 2 2 2 2 2 2 2 2 2 2 2 2 2 1 1 1 1 1 1 1 54 54 54 54 54 60 66 70 75 79 83 87 91 94 98 181 184 187 189 192 195 197 200 202 205 207 209 211 214
3 3 3 3 3 3 3 3 3 3 3 3 3 3 3 3 3 3 2 2 2 2 2 2 2 2 2 2 2 2 2 2 2 2 2 2 2 2 2 2 2 2 2 2 2 2 2 2 2 2 2 2 2 2 2 2 2 2 2 2 2 1 1 1 1 1 1 1 54 54 54 54 59 64 69 74 78 82 86 90 93 97 180 183 186 189 191 194 197 199 202 204 206 209 211 213
3 3 3 3 3 3 3 3 3 3 3 3 3 3 3 3 3 3 3 2 2 2 2 2 2 2 2 2 2 2 2 2 2 2 2 2 2 2 2 2 2 2 2 2 2 2 2 2 2 2 2 2 2 2 2 2 2 2 2 2 2 1 1 1 1 1 1 1 54 54 54 54 57 63 68 73 77 81 85 89 92 96 179 182 185 188 191 193 196 198 201 203 206 208 210 212
3 3 3 3 3 3 3 3 3 3 3 3 3 3 3 3 3 3 3 3 2 2 2 2 2 2 2 2 2 2 2 2 2 2 2 2 2 2 2 2 2 2 2 2 2 2 2 2 2 2 2 2 2 2 2 2 2 2 2 2 2 2 1 1 1 1 1 1 54 54 54 54 55 61 67 71 76 80 84 88 91 95 178 181 184 187 190 193 195 198 200 203 205 207 209 212
3 3 3 3 3 3 3 3 3 3 3 3 3 3 3 3 3 3 3 3 3 2 2 2 2 2 2 2 2 2 2 2 2 2 2 2 2 2 2 2 2 2 2 2 2 2 2 2 2 2 2 2 2 2 2 2 2 2 2 2 2 2 1 1 1 1 1 1 54 54 54 54 54 60 65 70 75 79 83 87 90 94 177 180 183 186 189 192 194 197 199 202 204 206 209 211
3 3 3 3 3 3 3 3 3 3 3 3 3 3 3 3 3 3 3 3 3 2 2 2 2 2 2 2 2 2 2 2 2 2 2 2 2 2 2 2 2 2 2 2 2 2 2 2 2 2 2 2 2 2 2 2 2 2 2 2 2 2 2 1 1 1 1 1 1 54 54 54 54 58 64 69 73 78 82 86 89 173 176 179 182 185 188 191 194 196 199 201 203 206 208 210
3 3 3 3 3 3 3 3 3 3 3 3 3 3 3 3 3 3 3 3 3 3 2 2 2 2 2 2 2 2 2 2 2 2 2 2 2 2 2 2 2 2 2 2 2 2 2 2 2 2 2 2 2 2 2 2 2 2 2 2 2 2 2 1 1 1 1 1 1 54 54 54 54 57 62 67 72 76 81 85 88 172 175 178 181 184 187 190 193 195 198 200 203 205 207 209
3 3 3 3 3 3 3 3 3 3 3 3 3 3 3 3 3 3 3 3 3 3 3 2 2 2 2 2 2 2 2 2 2 2 2 2 2 2 2 2 2 2 2 2 2 2 2 2 2 2 2 2 2 2 2 2 2 2 2 2 2 2 2 2 1 1 1 1 1 54 54 54 54 55 61 66 71 75 79 83 87 171 174 177 181 184 186 189 192 195 197 200 202 204 207 209
3 3 3 3 3 3 3 3 3 3 3 3 3 3 3 3 3 3 3 3 3 3 3 2 2 2 2 2 2 2 2 2 2 2 2 2 2 2 2 2 2 2 2 2 2 2 2 2 2 2 2 2 2 2 2 2 2 2 2 2 2 2 2 2 1 1 1 1 1 54 54 54 54 54 59 65 69 74 78 82 86 170 173 176 180 183 186 188 191 194 196 199 201 204 245 247
3 3 3 3 3 3 3 3 3 3 3 3 3 3 3 3 3 3 3 3 3 3 3 3 2 2 2 2 2 2 2 2 2 2 2 2 2 2 2 2 2 2 2 2 2 2 2 2 2 2 2 2 2 2 2 2 2 2 2 2 2 2 2 2 2 1 1 1 1 1 54 54 54 54 58 63 68 73 77 81 165 169 172 175 179 182 185 227 229 232 234 237 239 242 244 246
3 3 3 3 3 3 3 3 3 3 3 3 3 3 3 3 3 3 3 3 3 3 3 3 3 2 2 2 2 2 2 2 2 2 2 2 2 2 2 2 2 2 2 2 2 2 2 2 2 2 2 2 2 2 2 2 2 2 2 2 2 2 2 2 2 1 1 1 1 1 54 54 54 54 56 62 67 71 76 80 164 207 210 213 217 220 223 226 228 231 234 236 239 241 243 246
3 3 3 3 3 3 3 3 3 3 3 3 3 3 3 3 3 3 3 3 3 3 3 3 3 2 2 2 2 2 2 2 2 2 2 2 2 2 2 2 2 2 2 2 2 2 2 2 2 2 2 2 2 2 2 2 2 2 2 2 2 2 2 2 2 2 1 1 1 1 54 54 54 54 54 60 104 109 114 118 202 206 209 212 216 219 222 225 228 230 233 235 238 240 243 245
3 3 3 3 3 3 3 3 3 3 3 3 3 3 3 3 3 3 3 3 3 3 3 3 3 3 2 2 2 2 2 2 2 2 2 2 2 2 2 2 2 2 2 2 2 2 2 2 2 2 2 2 2 2 2 2 2 2 2 2 2 2 2 2 2 2 2 1 1 1 54 93 93 93 93 97 103 108 112 117 201 204 208 211 215 218 221 224 227 229 232 235 237 239 242 244
3 3 3 3 3 3 3 3 3 3 3 3 3 3 3 3 3 3 3 3 3 3 3 3 3 3 3 2 2 2 2 2 2 2 2 2 2 2 2 2 2 2 2 2 2 2 2 2 2 2 2 2 2 2 2 2 2 2 2 2 2 2 2 2 2 2 41 40 40 40 40 93 93 93 93 96 101 106 111 115 199 203 207 210 214 217 220 223 226 229 231 234 236 239 241 243
3 3 3 3 3 3 3 3 3 3 3 3 3 3 3 3 3 3 3 3 3 3 3 3 3 3 3 2 2 2 2 2 2 2 2 2 2 2 2 2 2 2 2 2 2 2 2 2 2 2 2 2 2 2 2 2 2 2 2 2 2 41 41 41 41 41 41 41 40 40 40 93 93 93 93 94 100 105 110 194 198 202 206 209 213 216 219 222 225 228 230 233 235 238 240 243
3 3 3 3 3 3 3 3 3 3 3 3 3 3 3 3 3 3 3 3 3 3 3 3 3 3 3 3 2 2 2 2 2 2 2 2 2 2 2 2 2 2 2 2 2 2 2 2 2 2 2 2 2 2 2 2 41 41 41 41 41 41 41 41 41 41 41 41 40 40 40 93 93 93 93 93 98 104 108 193 197 201 205 208 212 215 218 221 224 227 230 232 235 237 239 242
3 3 3 3 3 3 3 3 3 3 3 3 3 3 3 3 3 3 3 3 3 3 3 3 3 3 3 3 2 2 2 2 2 2 2 2 2 2 2 2 2 2 2 2 2 2 2 2 2 2 2 2 41 41 41 41 41 41 41 41 41 41 41 41 41 41 41 41 41 40 40 40 93 93 93 93 97 102 107 192 196 200 204 207 211 214 217 220 223 226 229 231 234 236 239 241
3 3 3 3 3 3 3 3 3 3 3 3 3 3 3 3 3 3 3 3 3 3 3 3 3 3 3 3 3 2 2 2 2 2 2 2 2 2 2 2 2 2 2 2 2 2 2 2 41 41 41 41 41 41 41 41 41 41 41 41 41 41 41 41 41 41 41 41 41 40 40 40 93 93 93 93 95 101 106 190 195 199 203 206 210 213 216 219 222 225 228 230 233 235 238 240
3 3 3 3 3 3 3 3 3 3 3 3 3 3 3 3 3 3 3 3 3 3 3 3 3 3 3 3 3 3 2 2 2 2 2 2 2 2 2 2 2 2 2 2 41 41 41 41 41 41 41 41 41 41 41 41 41 41 41 41 41 41 41 41 41 41 41 41 41 40 40 40 93 93 93 93 93 99 104 189 193 198 201 205 209 212 215 218 221 224 227 230 232 235 238 240
3 3 3 3 3 3 3 3 3 3 3 3 3 3 3 3 3 3 3 3 3 3 3 3 3 3 3 3 3 3 2 2 2 2 2 2 2 2 2 2 41 41 41 41 41 41 41 41 41 41 41 41 41 41 41 41 41 41 41 41 41 41 41 41 41 41 41 41 41 41 40 40 93 93 93 93 93 97 103 188 192 196 200 204 208 211 214 217 220 224 227 230 233 236 238 242
