testData/tiles/oneDegree/grid47.0-45.0-48.0-46.0.asc
ncols   200
nrows   200
xllcorner   47.0
yllcorner   45.0
cellsize   0.005
NODATA_value   -9999.0
[rows 84 to 125 of 200, columns 0 to 93 of 200]
619 619 618 618 617 617 616 616 615 615 614 613 613 610 610 609 609 608 607 607 606 605 604 603 603 602 601 601 598 598 597 596 596 595 593 592 592 619 618 617 615 614 614 612 611 610 610 608 607 606 604 603 602 601 599 598 598 597 595 594 592 590 590 589 587 586 585 583 581 579 578 577 575 574 573 572 570 568 567 564 563 561 560 559 556 555 553 552 550 549 546 544 542 541
622 620 620 619 619 618 618 617 616 616 614 614 613 613 612 611 611 610 610 607 606 606 605 605 604 603 602 601 600 600 599 598 597 595 594 594 593 619 619 618 617 616 615 614 613 611 610 609 608 607 606 605 604 602 601 600 599 597 596 595 593 593 592 590 588 587 585 584 582 581 580 578 577 576 574 573 571 570 568 567 564 562 561 559 558 556 555 552 551 549 547 545 544 542
623 622 622 621 621 619 618 617 617 616 616 615 614 614 613 613 612 611 610 609 609 608 606 606 604 604 603 602 602 601 599 599 598 597 597 595 593 621 620 619 617 617 616 615 614 613 612 610 609 608 607 606 604 603 603 602 600 598 597 595 595 594 592 591 590 588 586 585 583 582 580 580 579 577 575 573 572 571 569 568 565 564 561 560 558 557 555 554 552 549 547 546 544 543
624 623 622 621 620 620 619 619 618 617 617 616 616 615 614 613 612 612 611 611 610 608 607 606 605 605 604 603 603 601 601 600 599 598 597 595 594 594 621 619 619 618 617 615 615 614 612 610 610 609 608 606 605 605 604 602 600 599 597 597 596 594 593 592 590 588 587 585 584 583 582 581 579 578 576 574 573 571 570 568 566 564 562 561 559 558 556 555 553 550 548 547 545 543
624 623 623 622 621 621 620 620 619 619 618 617 616 615 615 614 613 612 611 611 609 609 608 607 607 606 605 604 603 602 602 600 599 598 597 596 596 595 621 620 620 619 617 616 615 614 612 611 611 610 608 607 606 605 603 602 601 599 598 598 596 595 594 591 590 589 587 586 586 584 583 581 579 578 576 575 573 572 570 569 566 564 563 561 560 558 557 554 552 550 549 547 546 543
625 624 624 623 623 621 621 620 618 618 617 617 616 616 615 614 614 613 612 611 610 610 609 608 607 605 605 604 603 603 602 600 600 599 598 597 595 594 621 621 620 618 617 617 616 614 613 613 611 609 608 607 607 605 604 603 601 600 599 597 596 595 593 592 591 589 588 586 585 584 582 581 580 578 577 574 573 572 570 568 566 565 563 561 559 558 556 555 552 551 549 547 545 543
625 625 624 623 622 621 621 620 620 618 618 617 616 616 615 614 613 612 612 611 611 610 609 608 607 606 605 604 603 602 601 600 600 599 598 597 596 595 595 621 619 618 618 617 615 614 614 613 611 610 608 607 606 605 604 602 601 601 599 598 596 594 593 592 590 589 588 587 586 584 582 581 579 578 577 575 574 571 570 567 566 564 563 562 560 558 556 554 552 551 549 547 544 542
624 624 623 623 622 622 621 621 620 618 618 617 617 615 614 614 613 613 612 611 611 609 609 608 607 607 605 604 603 602 601 601 600 598 598 597 596 595 594 620 619 618 618 616 615 614 614 612 611 610 607 607 606 605 603 602 601 600 599 598 595 594 593 591 590 589 588 587 586 583 582 580 579 578 576 575 573 572 568 567 566 564 563 561 560 557 556 553 552 550 549 546 544 542
625 624 624 623 621 621 620 620 619 618 617 616 616 615 615 614 613 613 612 611 610 609 608 607 606 606 604 603 603 602 601 601 599 598 598 597 595 594 593 620 619 618 617 616 615 614 613 612 610 608 608 607 606 604 603 602 601 600 598 596 595 594 592 591 590 588 588 586 584 583 581 580 579 577 576 574 572 570 568 567 565 564 562 561 558 557 554 553 551 550 548 545 543 542
624 623 623 622 622 621 620 619 618 618 617 617 616 616 615 613 612 611 610 610 609 609 608 607 606 605 604 604 603 602 600 599 598 598 597 595 594 594 593 592 618 618 617 615 613 613 612 611 609 608 608 607 605 604 602 600 600 599 597 596 595 593 592 590 588 588 587 585 584 583 581 580 577 576 575 573 572 569 568 566 564 562 561 559 558 555 554 552 550 548 546 544 543 541
623 622 621 620 620 619 619 618 618 617 616 616 615 615 613 613 612 611 611 610 608 608 606 605 605 604 604 603 601 600 600 599 598 598 596 594 594 593 591 590 618 617 616 614 614 613 612 609 608 608 607 605 604 603 601 601 600 597 596 595 593 592 591 589 588 588 585 584 583 581 580 578 577 576 574 571 569 568 566 565 564 562 561 558 556 554 553 551 550 547 545 543 541 539
622 622 621 621 619 619 618 617 617 616 616 614 614 613 612 612 611 610 610 609 608 607 605 605 604 603 602 601 600 600 599 598 597 596 595 594 593 591 590 589 617 615 614 613 613 612 610 609 607 606 605 604 603 601 600 600 598 597 595 593 592 591 589 588 587 586 585 583 581 580 578 577 576 574 572 570 568 567 565 564 562 561 559 558 554 553 551 550 547 546 544 542 539 538
622 620 619 619 618 618 617 616 615 614 614 613 613 612 611 611 610 609 608 607 606 605 604 604 602 601 601 600 599 599 597 596 596 595 594 593 591 590 589 589 587 614 613 613 611 610 609 607 606 605 604 603 601 600 600 598 597 595 593 592 591 589 588 587 585 584 583 581 580 579 577 576 574 572 570 568 567 565 564 562 561 559 558 554 553 551 550 548 546 544 542 539 538 536
620 619 618 617 617 616 615 615 614 614 613 612 612 611 610 608 607 607 606 606 605 604 603 602 601 601 600 599 599 597 595 595 594 593 591 591 590 589 588 587 586 613 612 610 609 608 607 605 605 604 603 601 600 599 597 596 595 593 592 591 589 588 587 584 583 582 580 580 579 577 575 573 571 570 568 567 565 564 562 561 558 557 555 553 552 550 549 546 543 542 539 538 536 534
618 617 617 616 615 614 614 613 612 612 611 610 609 608 608 607 607 606 605 605 603 602 601 600 599 599 598 596 596 595 594 594 592 591 590 590 588 586 586 585 584 611 609 609 608 607 605 604 603 601 600 599 598 596 596 595 593 592 590 588 587 586 584 583 582 580 579 577 575 574 572 571 570 568 567 565 563 561 560 559 557 555 553 552 549 548 545 544 542 541 538 535 534 531
616 616 615 614 614 613 613 612 611 609 608 608 607 607 606 605 605 604 603 602 601 601 600 599 599 597 595 595 594 593 592 591 590 589 589 588 586 585 585 583 581 580 608 607 605 604 603 603 601 600 598 597 595 594 594 592 591 590 588 587 585 583 582 581 579 578 577 575 574 571 570 569 567 566 564 563 562 560 558 556 554 552 551 549 548 544 543 541 540 537 536 534 531 529
614 614 613 613 611 611 610 609 609 607 607 606 605 605 604 603 602 601 601 600 599 599 598 596 596 595 593 593 592 590 590 589 588 587 586 585 584 583 583 580 579 578 606 604 603 602 601 600 599 598 596 594 593 592 591 590 589 587 586 585 582 581 580 578 577 576 574 573 572 569 568 566 565 563 562 561 559 557 554 553 551 550 548 547 544 542 540 539 536 535 533 531 528 526
612 611 610 610 609 608 607 607 606 605 605 604 603 602 601 601 600 599 599 598 597 596 595 594 593 592 591 590 589 588 588 587 586 585 584 583 581 580 579 578 577 576 603 602 601 600 598 598 596 594 593 592 591 589 589 588 586 585 583 581 580 579 577 576 575 573 572 570 568 567 565 564 563 561 560 557 556 553 552 550 549 548 546 543 541 540 538 536 534 532 530 527 525 523
609 608 608 607 606 606 605 605 604 603 602 601 601 600 599 599 597 597 595 594 594 593 592 592 591 589 589 588 587 586 586 583 582 582 581 580 578 578 577 576 574 573 573 599 597 596 595 595 593 592 591 590 588 586 586 584 583 582 580 579 578 576 575 573 571 570 569 567 566 564 563 562 559 558 556 555 552 551 550 548 546 544 542 540 539 537 535 532 531 528 526 525 522 521
607 606 606 604 603 602 601 601 600 600 599 598 598 597 597 595 594 594 593 592 592 590 589 588 587 586 586 585 584 583 582 581 580 580 578 576 575 575 574 572 571 571 570 596 595 594 592 591 590 589 588 586 585 584 583 582 580 578 577 576 574 573 572 570 569 567 565 564 562 561 560 558 557 555 552 551 549 548 546 545 542 541 538 537 535 533 531 530 527 525 523 521 519 516
603 602 602 601 601 599 599 598 597 597 596 596 595 593 593 592 591 591 590 589 589 587 586 585 584 583 583 581 580 580 579 578 577 576 575 573 572 571 570 569 568 568 566 565 592 591 589 588 587 585 584 583 582 580 579 579 577 575 574 572 571 570 568 567 566 564 562 560 559 558 556 555 552 551 549 547 546 544 543 540 539 537 535 532 531 529 528 525 524 521 519 517 515 513
600 599 598 597 597 596 596 595 595 593 592 592 591 590 590 589 589 588 586 585 584 583 583 582 581 580 579 578 577 577 576 574 574 572 571 570 568 568 567 566 564 564 563 562 588 586 585 585 583 582 581 580 578 577 576 574 573 572 570 569 568 566 565 564 561 560 558 557 556 554 552 551 548 547 545 544 542 541 538 537 534 533 531 529 528 526 523 521 518 517 515 513 511 509
596 596 595 595 594 592 592 591 591 590 589 589 588 587 586 585 584 583 582 582 581 580 580 578 577 577 576 575 573 572 571 570 570 569 567 566 566 565 564 562 560 560 559 557 584 583 582 581 580 579 577 575 574 573 571 570 569 568 567 566 563 562 561 559 558 557 555 554 550 549 548 546 545 543 542 540 537 536 534 533 531 529 527 526 523 521 519 517 515 513 511 508 506 504
591 591 590 590 589 589 588 587 587 586 586 585 584 583 582 581 581 580 578 578 577 575 575 574 573 573 572 570 570 569 568 567 566 564 563 562 562 560 559 558 557 557 555 553 552 579 577 577 576 574 573 572 571 568 567 566 564 563 562 561 560 559 556 555 554 551 550 548 547 546 543 542 540 539 537 535 534 532 530 528 526 524 523 520 519 516 514 512 511 508 506 504 501 499
589 587 586 586 585 585 584 583 583 581 581 580 579 579 578 577 577 576 575 573 572 571 571 570 569 568 567 566 566 565 564 562 561 560 559 558 557 556 555 554 552 552 551 549 547 574 573 572 571 570 569 568 566 564 563 561 560 559 557 556 555 553 551 550 548 547 545 544 543 541 539 537 536 534 532 531 529 528 524 523 521 520 517 516 514 511 509 508 505 504 501 499 496 494
584 583 583 582 581 580 579 579 578 577 577 576 575 575 574 573 571 570 570 569 568 568 567 565 564 564 563 562 562 559 558 557 557 556 554 553 553 552 551 549 547 547 546 544 543 542 569 567 567 566 563 562 561 560 558 557 556 554 553 551 549 548 547 545 544 542 541 540 537 536 534 532 531 529 528 525 524 521 520 518 517 514 512 510 508 506 505 502 501 497 496 493 492 489
579 578 578 577 576 575 574 574 573 572 572 571 571 569 568 568 567 566 566 565 564 562 561 560 559 559 558 556 556 555 554 553 553 551 549 548 548 546 545 544 543 542 541 540 539 537 563 562 561 560 559 558 557 555 553 552 550 549 548 546 545 544 542 540 538 537 536 534 533 530 528 527 525 524 522 520 518 517 515 513 511 509 508 505 503 500 498 497 494 493 490 488 485 482
574 573 573 572 572 571 570 570 568 567 566 565 565 564 563 563 562 561 560 559 558 558 557 555 555 553 552 551 551 550 549 547 547 546 545 543 541 541 540 539 537 536 536 535 533 531 558 557 555 554 554 552 551 550 549 546 545 544 542 541 540 538 537 534 533 532 530 528 526 525 524 521 520 518 516 514 513 512 508 507 505 503 501 500 496 495 493 491 489 486 485 481 479 477
569 568 568 567 567 564 563 563 562 562 561 560 560 559 558 558 556 555 555 554 552 552 551 549 549 548 547 546 546 544 543 542 542 540 538 537 536 536 535 533 532 531 530 528 527 526 525 551 550 549 547 546 545 543 542 541 540 538 537 535 534 532 530 529 527 525 524 523 520 519 517 516 513 512 511 508 507 504 503 501 499 497 495 492 491 488 487 485 482 479 477 475 473 471
562 562 561 560 560 559 559 558 557 557 556 555 554 552 551 551 550 549 549 548 547 546 545 544 544 543 541 539 539 538 537 536 535 534 533 532 531 529 528 527 526 524 523 523 522 520 519 545 544 542 541 540 538 537 536 534 533 532 530 529 527 525 524 522 520 519 518 516 515 513 510 508 507 506 504 502 500 498 496 494 492 491 488 487 483 482 479 478 475 474 470 468 466 463
556 556 555 554 554 553 553 552 551 550 549 548 548 546 545 545 544 543 542 541 540 540 539 538 538 536 534 533 533 532 531 529 529 528 527 526 524 523 522 521 519 518 517 516 515 514 512 511 537 536 535 533 532 531 529 527 526 524 523 522 520 519 517 515 514 513 511 510 507 506 504 502 501 499 497 495 493 490 489 487 485 483 481 478 477 474 473 470 468 465 464 461 458 457
550 550 549 548 548 546 546 545 543 543 542 541 541 540 539 539 537 536 536 535 534 533 532 530 529 529 528 527 527 525 524 523 522 521 519 518 517 516 515 514 513 512 510 508 507 507 505 504 531 530 528 526 525 523 522 521 519 518 517 514 513 512 510 509 508 506 504 502 501 500 498 497 494 493 491 490 487 486 484 482 481 479 477 475 472 471 468 467 464 462 460 458 455 453
542 542 541 540 540 539 539 538 537 537 536 535 534 533 532 532 531 530 530 529 527 527 526 525 524 524 523 521 520 520 519 518 516 516 515 514 513 511 510 510 509 507 506 505 504 502 501 501 528 526 525 524 522 521 520 518 517 516 514 513 512 510 509 507 505 504 502 501 500 498 496 494 493 491 489 488 486 485 482 481 478 477 475 473 471 468 467 464 462 460 458 455 453 451
541 541 540 540 539 538 538 537 536 535 534 533 533 532 531 531 530 529 528 527 526 526 525 524 523 522 521 520 519 519 517 516 515 514 514 512 511 510 509 509 507 506 505 504 502 501 500 498 497 525 524 522 521 520 518 517 516 514 513 512 509 508 507 505 504 502 501 500 497 496 494 493 491 489 488 486 484 482 481 478 477 474 473 470 469 466 465 462 460 458 455 454 451 448
540 540 539 539 537 536 536 535 534 534 533 532 532 531 530 529 528 527 527 526 525 525 523 522 521 521 520 519 517 517 516 515 514 512 512 511 510 509 507 506 506 505 503 502 501 500 498 497 496 522 521 520 519 517 516 515 513 512 511 509 508 507 505 504 502 501 499 497 496 494 493 490 489 488 485 484 482 480 478 477 474 473 470 469 466 465 462 460 458 455 453 451 449 446
663 663 537 537 536 535 535 534 533 533 532 531 530 529 528 528 527 526 526 525 523 523 522 521 520 520 518 517 516 515 515 514 512 511 510 510 508 507 506 505 504 502 502 501 500 498 497 496 494 493 520 518 517 516 515 513 512 511 509 508 506 505 504 501 500 499 497 496 494 492 491 489 488 485 484 482 480 478 476 474 473 470 469 466 465 462 460 458 456 453 450 449 446 444
662 662 661 661 660 534 534 533 531 531 530 529 529 528 527 527 526 524 524 523 522 521 521 520 518 517 517 516 515 514 513 512 511 510 509 507 507 506 505 503 502 501 500 499 498 497 496 494 493 492 518 517 516 514 513 512 510 509 508 506 504 503 501 500 499 497 496 493 492 491 489 487 485 484 481 480 478 476 474 472 470 468 466 464 462 460 458 456 453 450 449 446 444 441
661 661 660 660 658 657 657 656 530 530 529 528 528 527 526 525 524 523 523 522 521 520 519 518 517 516 516 515 513 512 511 511 510 508 507 506 506 505 503 502 501 500 498 497 496 494 494 493 492 490 489 516 514 513 512 510 508 507 505 504 503 501 500 499 497 495 493 492 491 488 487 485 484 481 480 477 476 474 472 470 468 466 464 462 460 457 456 453 451 448 446 444 441 439
659 659 658 658 657 656 656 655 654 654 528 526 526 525 524 524 523 522 521 520 519 518 518 517 516 515 514 513 512 511 510 509 508 507 506 505 503 502 502 501 499 498 497 496 494 493 492 491 489 488 487 513 512 511 509 508 507 505 504 503 501 500 498 496 495 493 492 490 488 487 485 483 481 480 477 476 474 472 471 468 467 464 462 460 457 455 453 451 448 446 443 441 439 435
658 658 657 657 656 655 655 653 652 652 651 525 525 524 523 523 522 520 519 519 518 517 516 516 514 513 512 512 511 509 508 507 507 506 504 503 502 501 500 499 498 497 496 494 493 492 490 489 488 487 485 512 511 509 508 507 505 504 503 500 499 498 496 495 493 491 490 488 487 484 483 481 479 478 476 474 472 470 468 466 464 462 460 458 455 453 451 448 446 443 441 438 435 433
657 657 655 655 654 653 653 652 651 651 650 649 649 523 521 520 520 519 518 518 517 515 514 514 513 512 511 509 509 508 507 506 504 504 503 502 501 499 498 497 496 494 494 493 492 490 489 488 486 485 484 483 509 508 507 504 503 502 500 499 497 496 495 492 491 490 488 486 484 483 480 479 478 475 474 472 470 468 466 464 462 459 458 455 453 451 448 446 443 441 438 435 433 430
655 655 654 653 653 652 652 651 650 650 648 647 646 646 520 519 519 518 517 515 515 514 513 512 512 510 509 508 507 507 506 504 503 502 501 500 499 498 497 496 494 493 492 490 489 488 487 485 484 483 481 480 507 506 504 503 502 500 499 497 495 494 492 491 490 487 486 484 483 480 479 478 475 474 471 470 467 466 463 462 459 457 455 453 450 449 446 443 441 438 436 433 430 427
