testData/tiles/oneDegree/grid49.0-35.0-50.0-36.0.asc
ncols   200
nrows   200
xllcorner   49.0
yllcorner   35.0
cellsize   0.005
NODATA_value   -9999.0
[rows 42 to 83 of 200, columns 0 to 93 of 200]
455 456 456 456 456 456 457 457 457 457 457 458 458 458 458 459 460 460 460 460 460 460 460 461 461 461 461 461 461 461 461 462 462 462 462 462 462 462 462 462 462 462 463 463 463 464 464 464 464 464 464 464 464 464 464 464 464 464 464 464 464 464 464 464 464 464 464 464 464 464 464 464 464 464 464 464 464 463 463 463 463 463 463 463 463 463 463 463 462 462 462 462 462 462
454 454 455 455 455 455 456 456 456 456 456 457 457 457 457 457 457 458 459 459 459 459 459 460 460 460 460 460 460 460 460 461 461 461 461 461 461 461 461 461 461 461 461 462 462 462 462 462 462 462 462 462 463 463 463 463 463 463 463 463 463 463 463 463 463 463 463 463 463 463 463 463 463 463 463 463 462 462 462 462 462 462 462 462 462 462 462 462 461 460 460 460 460 460
453 453 454 454 454 454 454 455 455 455 455 455 456 456 456 456 456 457 457 457 457 458 458 458 459 459 459 459 459 459 459 459 460 460 460 460 460 460 460 460 460 460 460 460 461 461 461 461 461 461 461 461 461 461 461 461 461 461 461 461 461 461 461 461 461 461 462 462 462 462 462 462 462 462 462 460 460 460 460 460 460 460 460 460 460 460 460 459 459 459 459 459 459 459
451 451 452 453 453 453 453 453 454 454 454 454 454 455 455 455 455 455 456 456 456 456 456 456 457 458 458 458 458 458 458 458 458 459 459 459 459 459 459 459 459 459 459 459 459 459 460 460 460 460 460 460 460 460 460 460 460 460 460 460 460 460 460 460 460 460 460 460 460 460 460 460 460 459 459 459 459 459 459 459 459 459 459 459 459 459 458 458 458 458 458 458 458 458
233 450 450 450 452 452 452 452 453 453 453 453 453 453 454 454 454 454 454 455 455 455 455 455 455 455 456 456 457 457 457 457 457 457 457 458 458 458 458 458 458 458 458 458 458 458 458 458 458 459 459 459 459 459 459 459 459 459 459 459 459 459 459 459 459 459 459 459 459 459 458 458 458 458 458 458 458 458 458 458 458 458 458 458 457 457 457 457 457 457 457 457 457 456
231 232 449 449 449 450 450 451 451 451 452 452 452 452 452 453 453 453 453 453 454 454 454 454 454 454 454 455 455 455 455 455 456 456 456 456 457 457 457 457 457 457 457 457 457 457 457 457 457 457 457 457 457 457 458 458 458 458 458 458 458 458 458 458 458 457 457 457 457 457 457 457 457 457 457 457 457 457 457 457 457 457 457 456 456 456 456 456 456 456 456 456 455 455
230 230 448 448 448 448 449 449 449 450 450 451 451 451 451 451 452 452 452 452 452 452 453 453 453 453 453 453 453 454 454 454 454 454 454 454 455 455 455 456 456 456 456 456 456 456 456 456 456 456 456 456 456 456 456 456 456 456 456 456 456 456 456 456 456 456 456 456 456 456 456 456 456 456 456 456 456 456 456 456 455 455 455 455 455 455 455 455 455 455 454 454 454 454
229 229 229 447 447 447 447 448 448 448 448 448 450 450 450 450 450 450 451 451 451 451 451 451 452 452 452 452 452 452 452 453 453 453 453 453 453 453 453 453 453 454 455 455 455 455 455 455 455 455 455 455 455 455 455 455 455 455 455 455 455 455 455 455 455 455 455 455 455 455 455 455 455 455 455 455 455 454 454 454 454 454 454 454 454 454 454 454 453 453 453 453 453 453
227 228 228 228 445 446 446 446 446 447 447 447 447 447 448 449 449 449 449 450 450 450 450 450 450 450 451 451 451 451 451 451 451 451 452 452 452 452 452 452 452 452 452 452 452 452 452 453 454 454 454 454 454 454 454 454 454 454 454 454 454 454 454 454 454 454 454 454 454 454 454 454 453 453 453 453 453 453 453 453 453 453 453 453 453 452 452 452 452 452 452 452 452 450
226 226 227 227 227 444 445 445 445 445 445 446 446 446 446 446 447 447 448 448 448 448 449 449 449 449 449 449 450 450 450 450 450 450 450 450 450 451 451 451 451 451 451 451 451 451 451 451 451 451 451 451 451 451 451 451 451 452 453 453 453 452 452 452 452 452 452 452 452 452 452 452 452 452 452 452 452 452 452 452 452 452 451 451 450 450 450 450 450 450 450 449 449 449
225 225 225 225 226 443 443 443 444 444 444 444 444 445 445 445 445 445 446 446 446 447 447 447 448 448 448 448 448 448 448 448 449 449 449 449 449 449 449 449 449 449 450 450 450 450 450 450 450 450 450 450 450 450 450 450 450 450 450 450 450 450 450 450 450 450 450 450 450 450 450 450 450 450 450 450 450 449 449 449 449 449 449 449 449 449 449 448 448 448 448 448 448 448
222 222 224 224 224 224 442 442 442 442 443 443 443 443 443 444 444 444 444 444 444 445 445 445 445 446 446 447 447 447 447 447 447 447 447 448 448 448 448 448 448 448 448 448 448 448 448 448 448 449 449 449 449 449 449 449 449 449 449 449 449 449 449 449 449 449 449 449 449 449 448 448 448 448 448 448 448 448 448 448 448 448 448 448 447 447 447 447 447 447 447 447 446 446
221 221 221 221 223 223 223 440 441 441 441 441 441 442 442 442 442 442 443 443 443 443 443 444 444 444 444 444 444 445 445 446 446 446 446 446 446 446 446 446 447 447 447 447 447 447 447 447 447 447 447 447 447 447 447 447 447 447 447 447 447 447 447 447 447 447 447 447 447 447 447 447 447 447 447 447 447 447 447 446 446 446 446 446 446 446 446 446 445 445 445 445 445 445
219 219 220 220 220 220 221 222 439 439 440 440 440 440 440 441 441 441 441 441 441 442 442 442 442 442 442 443 443 443 443 443 443 444 444 445 445 445 445 445 445 445 445 445 445 445 445 446 446 446 446 446 446 446 446 446 446 446 446 446 446 446 446 446 446 446 446 446 446 446 446 446 445 445 445 445 445 445 445 445 445 445 445 445 444 444 444 444 444 444 444 444 443 443
217 218 218 218 218 219 219 219 436 438 438 438 438 439 439 439 439 439 440 440 440 440 440 440 441 441 441 441 441 441 441 442 442 442 442 442 442 442 443 443 444 444 444 444 444 444 444 444 444 444 444 444 444 444 444 444 444 444 444 444 444 444 444 444 444 444 444 444 444 444 444 444 444 444 444 444 444 444 444 443 443 443 443 443 443 443 443 443 442 442 442 442 442 442
216 216 216 217 217 217 217 218 218 435 435 435 437 437 437 437 438 438 438 438 438 438 439 439 439 439 439 439 440 440 440 440 440 440 440 440 441 441 441 441 441 441 441 441 442 442 442 442 442 442 443 443 443 443 443 443 443 443 443 443 443 443 443 443 443 443 443 443 443 442 442 442 442 442 442 442 442 442 442 442 442 442 442 441 441 441 441 441 441 441 441 440 440 440
137 137 215 215 215 215 216 216 216 216 434 434 434 434 434 436 436 436 436 436 437 437 437 437 437 437 438 438 438 438 438 438 438 439 439 439 439 439 439 439 439 439 439 440 440 440 440 440 440 440 440 441 441 441 441 441 441 441 441 441 441 441 441 441 441 441 441 441 441 441 441 441 441 441 441 441 440 440 440 440 440 440 440 440 440 440 439 439 439 439 438 438 438 437
135 135 136 136 213 214 214 214 214 215 215 432 432 432 433 433 433 433 434 435 435 435 435 435 436 436 436 436 436 436 436 437 437 437 437 437 437 437 437 438 438 438 438 438 438 438 438 438 438 438 438 438 438 438 438 438 438 438 438 438 438 438 438 438 439 439 439 439 439 439 439 439 439 439 439 439 439 438 438 438 437 437 437 437 437 437 437 437 436 436 436 436 436 436
133 134 134 134 134 135 212 212 212 213 213 213 430 431 431 431 431 432 432 432 432 432 433 434 434 434 434 434 434 435 435 435 435 435 435 435 435 436 436 436 436 436 436 436 436 436 436 436 436 436 437 437 437 437 437 437 437 437 437 437 437 437 437 437 437 437 437 437 437 436 436 436 436 436 436 436 436 436 436 436 436 436 435 435 435 435 435 435 435 435 434 434 434 434
130 132 132 132 133 133 133 133 134 211 211 211 212 429 429 429 429 430 430 430 430 430 431 431 431 431 432 432 433 433 433 433 433 433 433 434 434 434 434 434 434 434 434 434 434 434 435 435 435 435 435 435 435 435 435 435 435 435 435 435 435 435 435 435 435 435 435 435 435 435 435 435 435 434 434 434 434 434 434 434 434 434 434 434 433 433 433 433 433 433 433 432 432 432
128 129 129 129 131 131 131 131 132 132 132 209 210 427 427 427 428 428 428 428 428 429 429 429 429 429 429 430 430 430 431 431 431 431 432 432 432 432 432 432 432 432 432 432 433 433 433 433 433 433 433 433 433 433 433 433 433 433 433 433 433 433 433 433 433 433 433 433 433 433 433 433 433 433 433 432 432 432 432 432 432 432 432 432 432 431 431 431 431 431 431 431 430 430
126 127 127 127 127 128 128 129 130 130 130 130 131 208 425 425 426 426 426 426 426 427 427 427 427 427 427 428 428 428 428 428 428 428 430 430 430 430 430 430 430 430 430 431 431 431 431 431 431 431 431 431 431 431 431 431 431 431 431 431 431 431 431 431 431 431 431 431 431 431 431 431 431 431 431 431 430 430 430 430 430 430 430 430 430 429 429 429 429 429 429 429 428 428
124 124 125 125 125 126 126 126 126 127 128 128 129 129 129 423 423 424 424 424 424 425 425 425 425 425 425 426 426 426 426 426 426 426 427 427 427 427 427 427 428 428 428 429 429 429 429 429 429 429 429 429 429 429 429 429 429 429 429 429 429 429 429 429 429 429 429 429 429 429 429 429 429 429 429 429 428 428 428 428 428 428 428 428 428 427 427 427 427 427 427 427 426 426
122 122 123 123 123 123 124 124 124 125 125 125 125 127 127 127 344 345 422 422 422 422 423 423 423 423 423 424 424 424 424 424 424 424 425 425 425 425 425 425 425 425 425 425 426 426 427 427 427 427 427 427 427 427 427 427 427 427 427 427 427 427 427 427 427 427 427 427 427 427 427 427 427 427 427 426 426 426 426 426 426 426 426 426 426 425 425 425 425 425 425 425 424 424
120 120 120 121 121 121 121 122 122 122 123 123 123 123 124 124 125 342 343 343 420 420 420 421 421 421 421 421 422 422 422 422 422 422 422 423 423 423 423 423 423 423 423 423 423 424 424 424 424 424 424 424 424 424 424 425 425 425 425 425 425 425 425 425 425 425 425 425 425 425 425 425 425 425 424 424 424 424 424 424 424 424 424 424 423 423 422 422 422 422 422 421 421 421
117 117 118 118 118 119 119 119 120 120 120 121 121 121 121 122 122 122 339 340 341 341 341 418 419 419 419 419 419 419 420 420 420 420 420 420 420 421 421 421 421 421 421 421 421 421 421 421 422 422 422 422 422 422 422 422 422 422 422 422 422 422 422 422 422 422 422 422 422 422 422 421 421 421 421 421 421 421 421 421 421 421 420 420 420 420 420 420 420 419 419 419 419 419
115 115 115 116 116 116 117 117 117 117 118 118 118 119 119 119 119 120 120 337 337 338 338 339 339 339 417 417 417 417 417 417 418 418 418 418 418 418 418 418 419 419 419 419 419 419 419 419 419 419 419 419 419 419 419 420 420 420 420 420 420 420 420 420 419 419 419 419 419 419 419 419 419 419 419 419 419 419 419 418 418 418 418 418 418 418 418 417 417 417 417 417 417 416
111 112 113 113 113 114 114 114 115 115 115 116 116 116 116 117 117 117 117 118 335 335 335 336 336 336 336 337 414 415 415 415 415 415 415 416 416 416 416 416 416 416 416 416 417 417 417 417 417 417 417 417 417 417 417 417 417 417 417 417 417 417 417 417 417 417 417 417 417 417 417 417 417 417 417 416 416 416 416 416 416 416 416 416 415 415 415 415 415 415 414 414 414 414
108 108 109 109 111 111 111 112 112 112 113 113 113 113 114 114 114 115 115 115 115 332 333 333 333 333 334 334 334 334 334 412 413 413 413 413 413 413 413 414 414 414 414 414 414 414 414 414 414 414 415 415 415 415 415 415 415 415 415 415 415 415 415 415 415 415 415 415 415 414 414 414 414 414 414 414 414 414 414 414 413 413 413 413 413 413 413 412 412 412 412 412 412 411
105 106 106 106 107 107 107 109 109 109 110 110 110 111 111 111 112 112 112 112 113 113 330 330 330 331 331 331 331 331 332 332 332 332 409 409 411 411 411 411 411 411 411 411 412 412 412 412 412 412 412 412 412 412 412 412 412 412 412 412 412 412 412 412 412 412 412 412 412 412 412 412 412 412 412 411 411 411 411 411 411 411 411 410 410 410 410 410 410 409 409 409 409 409
102 103 103 103 104 104 104 105 105 105 107 107 107 108 108 108 109 109 109 109 110 110 110 327 328 328 328 328 329 329 329 329 329 329 330 330 330 407 407 407 407 407 409 409 409 409 409 409 409 409 409 409 409 409 409 409 409 409 409 409 409 409 409 409 409 409 409 409 409 409 409 409 409 409 409 409 409 408 408 408 408 408 408 408 408 407 407 407 407 407 407 406 406 406
99 99 100 100 101 101 101 102 102 102 103 103 103 105 105 105 106 106 106 106 107 107 107 107 325 325 325 325 326 326 326 326 326 327 327 327 327 327 327 327 328 405 405 405 405 405 405 405 405 405 406 406 407 407 407 407 407 407 407 407 407 407 407 407 407 407 407 406 406 406 406 406 406 406 406 406 406 406 406 405 405 405 405 405 405 405 404 404 404 404 404 402 402 402
95 96 96 97 97 98 98 98 99 99 99 100 100 100 101 101 102 103 103 103 104 104 104 104 105 105 322 322 323 323 323 323 323 323 324 324 324 324 324 324 325 325 325 325 402 402 402 402 402 402 402 403 403 403 403 403 403 403 403 403 403 403 403 404 404 404 404 404 403 403 403 403 403 403 403 403 403 403 402 401 401 401 401 401 401 400 400 400 400 400 400 399 399 399
92 92 93 93 93 94 94 95 95 96 96 96 97 97 97 98 98 98 99 99 100 101 101 101 101 102 102 319 319 319 320 320 320 320 320 321 321 321 321 321 321 322 322 322 322 322 322 322 399 399 399 399 399 400 400 400 400 400 400 400 400 400 400 400 400 400 399 399 399 399 399 399 399 399 399 399 399 399 398 398 398 398 398 398 397 397 397 397 397 396 396 396 396 396
88 88 89 89 90 90 91 91 91 92 92 93 93 93 94 94 94 95 95 95 96 96 96 97 98 98 98 99 316 316 316 316 317 317 317 317 317 318 318 318 318 318 318 318 319 319 319 319 319 319 319 396 396 396 396 396 396 396 396 396 396 396 396 396 396 396 396 396 396 396 396 396 396 396 396 395 395 395 395 395 395 395 394 394 394 394 394 393 393 393 393 393 392 392
82 84 84 85 85 86 86 87 87 88 88 89 89 89 90 90 91 91 91 92 92 92 93 93 93 93 94 94 95 312 313 313 313 313 313 314 314 314 314 314 314 315 315 315 315 315 315 315 315 315 316 316 316 316 316 316 393 393 393 393 393 393 393 393 393 393 393 393 393 392 392 392 392 392 392 392 392 392 391 391 391 391 391 391 390 390 390 390 390 389 389 389 389 388
77 78 79 79 81 81 82 82 83 83 84 84 85 85 86 86 86 87 87 87 88 88 88 89 89 89 90 90 90 90 308 308 308 309 310 310 310 310 310 311 311 311 311 311 311 311 311 312 312 312 312 312 312 312 312 312 312 312 312 312 389 389 389 389 389 389 389 389 389 389 389 389 388 388 388 388 388 388 388 388 387 387 387 387 387 386 386 386 386 385 385 385 385 384
76 76 76 76 76 76 76 77 78 78 79 79 80 80 81 81 82 82 83 83 83 84 84 84 85 85 85 86 86 86 86 87 304 304 304 305 305 305 306 306 307 307 307 307 307 307 307 308 308 308 308 308 308 308 308 308 308 308 308 308 308 308 308 308 308 385 385 385 385 385 385 385 384 384 384 384 384 384 384 383 383 383 383 383 382 382 382 382 381 381 381 381 380 380
76 76 76 76 76 76 76 76 76 76 77 77 77 77 77 77 77 77 78 78 78 79 79 80 80 80 81 81 81 82 82 82 82 300 300 300 300 301 301 301 301 301 301 302 302 303 303 303 303 303 303 304 304 304 304 304 304 304 304 304 304 304 304 304 304 304 304 304 303 303 380 380 380 380 380 380 379 379 379 379 379 379 378 378 378 378 377 377 377 377 376 376 376 375
76 76 76 76 76 76 76 76 76 76 76 76 76 77 77 77 77 77 77 77 77 77 77 77 77 77 77 77 77 77 77 77 77 78 295 295 295 296 296 296 296 296 297 297 297 297 297 297 297 298 298 298 298 298 299 299 299 299 299 299 299 299 299 299 299 299 299 299 299 299 298 298 298 298 298 298 375 374 374 374 374 374 373 373 373 373 372 371 371 371 371 371 371 371
76 76 76 76 76 76 76 76 76 76 76 76 76 76 76 76 76 77 77 77 77 77 77 77 77 77 77 77 77 77 77 77 77 77 77 77 294 294 294 294 294 294 294 294 294 294 294 294 294 294 294 294 294 294 294 294 294 294 294 294 294 294 294 294 294 294 294 294 294 294 294 294 294 294 294 294 294 294 294 294 294 294 294 371 371 371 371 371 371 371 371 371 371 371
29 29 29 76 76 76 76 76 76 76 76 76 76 76 76 76 76 76 76 76 76 77 77 77 77 77 77 77 77 77 77 77 77 77 77 77 77 294 294 294 294 294 294 294 294 294 294 294 294 294 294 294 294 294 294 294 294 294 294 294 294 294 294 294 294 294 294 294 294 294 294 294 294 294 294 294 294 294 294 294 294 294 294 294 294 294 294 294 294 294 294 294 294 371
