testData/tiles/oneDegree/grid10.0-46.0-11.0-47.0.asc
ncols   200
nrows   200
xllcorner   10.0
yllcorner   46.0
cellsize   0.005
NODATA_value   -9999.0
[rows 122 to 182 of 200, columns 0 to 95 of 200]
120 120 120 120 120 120 120 120 120 120 120 120 120 120 120 120 120 120 120 120 120 120 120 120 120 120 120 120 120 120 120 120 120 120 120 120 120 120 120 120 120 39 39 0 0 0 0 0 0 0 0 0 0 0 0 0 0 0 0 0 0 0 40 40 40 40 40 40 40 40 40 40 40 40 40 40 40 40 40 40 40 40 40 40 40 40 41 42 43 43 44 45 45 46 47 47
120 120 120 120 120 120 120 120 120 120 120 120 120 120 120 120 120 120 120 120 120 120 120 120 120 120 120 120 120 120 120 120 120 120 120 120 120 120 120 120 120 39 39 0 0 0 0 0 0 0 0 0 0 0 0 0 0 0 0 40 40 40 40 40 40 40 40 40 40 40 40 40 40 40 40 40 40 40 40 40 40 41 41 42 43 44 44 45 46 46 47 48 48 49 49 50
120 120 120 120 120 120 120 120 120 120 120 120 120 120 120 120 120 120 120 120 120 120 120 120 120 120 120 120 120 120 120 120 120 120 120 120 120 120 120 120 120 39 39 39 0 0 0 0 0 0 0 0 0 0 0 0 40 40 40 40 40 40 40 40 40 40 40 40 40 40 40 40 40 40 40 40 40 40 41 42 43 44 44 45 46 47 47 48 48 49 50 50 51 51 52 52
120 120 120 120 120 120 120 120 120 120 120 120 120 120 120 120 120 120 120 120 120 120 120 120 120 120 120 120 120 120 120 120 120 120 120 120 120 120 120 120 120 39 39 39 0 0 0 0 0 0 0 0 0 40 40 40 40 40 40 40 40 40 40 40 40 40 40 40 40 40 40 40 40 40 41 42 43 44 44 45 46 47 47 48 49 49 50 50 51 52 52 53 53 54 54 55
120 120 120 120 120 120 120 120 120 120 120 120 120 120 120 120 120 120 120 120 120 120 120 120 120 120 120 120 120 120 120 120 120 120 120 120 120 120 120 120 120 39 39 39 0 0 0 0 0 0 40 40 40 40 40 40 40 40 40 40 40 40 40 40 40 40 40 40 40 40 41 42 43 43 44 45 46 46 47 48 49 49 50 51 51 52 52 53 54 54 55 55 56 56 57 57
120 120 120 120 120 120 120 120 120 120 120 120 120 120 120 120 120 120 120 120 120 120 120 120 120 120 120 120 120 120 120 120 120 120 120 120 120 120 120 120 120 39 39 39 0 0 0 40 40 40 40 40 40 40 40 40 40 40 40 40 40 40 40 40 40 40 40 41 42 43 44 45 45 46 47 48 48 49 50 51 51 52 52 53 54 54 55 55 56 56 57 58 58 58 59 59
120 120 120 120 120 120 120 120 120 120 120 120 120 120 120 120 120 120 120 120 120 120 120 120 120 120 120 120 120 120 120 120 120 120 120 120 120 120 120 120 120 39 39 39 40 40 40 40 40 40 40 40 40 40 40 40 40 40 40 40 40 40 40 41 41 42 43 44 45 46 47 47 48 49 50 50 51 52 52 53 54 54 55 55 56 57 57 58 58 59 59 60 60 61 61 62
120 120 120 120 120 120 120 120 120 120 120 120 120 120 120 120 120 120 120 120 120 120 120 120 120 120 120 120 120 120 120 120 120 120 120 120 120 120 120 120 120 39 79 79 40 40 40 40 40 40 40 40 40 40 40 40 40 40 40 40 41 42 43 44 44 45 46 47 48 49 49 50 51 51 52 53 54 54 55 55 56 57 57 58 58 59 59 60 60 61 61 62 62 63 63 64
120 120 120 120 120 120 120 120 120 120 120 120 120 120 120 120 120 120 120 120 120 120 120 120 120 120 120 120 120 120 120 120 120 120 120 120 120 120 120 160 160 79 79 79 40 40 40 40 40 40 40 40 40 40 40 40 40 41 42 43 44 45 45 46 47 48 49 50 50 51 52 53 53 54 55 55 56 56 57 58 58 59 59 60 60 61 61 62 62 63 63 64 64 65 65 66
120 120 120 120 120 120 120 120 120 120 120 120 120 120 120 120 120 120 120 120 120 120 120 120 120 120 120 120 120 120 120 120 120 120 120 120 120 160 160 160 160 160 79 79 40 40 40 40 40 40 40 40 40 40 41 42 43 44 45 46 46 47 48 49 50 51 51 52 53 54 54 55 56 56 57 57 58 59 59 60 60 61 61 62 62 63 63 64 64 65 65 66 66 67 67 67
120 120 120 120 120 120 120 120 120 120 120 120 120 120 120 120 120 120 120 120 120 120 120 120 120 120 120 120 120 120 120 120 120 120 160 160 160 160 160 160 160 160 79 79 40 40 40 40 40 40 40 41 42 43 44 45 46 46 47 48 49 50 51 51 52 53 54 54 55 56 56 57 58 58 59 60 60 61 61 62 62 63 63 64 64 65 65 66 66 67 67 68 68 69 69 69
120 120 120 120 120 120 120 120 120 120 120 120 120 120 120 120 120 120 120 120 120 120 120 120 120 120 120 120 120 120 120 120 160 160 160 160 160 160 160 160 160 160 79 79 40 40 40 40 40 41 42 43 44 45 46 47 48 49 50 51 52 52 53 54 55 55 56 57 57 58 59 59 60 60 61 62 62 63 63 64 64 65 65 66 66 67 67 68 68 69 69 69 70 70 71 71
120 120 120 120 120 120 120 120 120 120 120 120 120 120 120 120 120 120 120 120 120 120 120 120 120 120 120 120 120 160 160 160 160 160 160 160 160 160 160 160 160 160 79 79 40 40 41 42 43 44 45 46 47 48 49 50 51 52 52 53 54 55 55 56 57 57 58 59 59 60 61 61 62 62 63 64 64 65 65 66 66 67 67 68 68 69 69 70 70 70 71 71 72 72 72 73
120 120 120 120 120 120 120 120 120 120 120 120 120 120 120 120 120 120 120 120 120 120 120 120 120 120 120 160 160 160 160 160 160 160 160 160 160 160 160 160 160 160 79 80 42 43 44 45 46 47 48 49 50 51 51 52 53 54 55 55 56 57 58 58 59 60 60 61 61 62 63 63 64 64 65 66 66 67 67 68 68 69 69 70 70 70 71 71 72 72 73 73 73 74 74 74
120 120 120 120 120 120 120 120 120 120 120 120 120 120 120 120 120 120 120 120 120 120 120 120 120 160 160 160 160 160 160 160 160 160 160 160 160 160 160 160 160 161 81 82 45 46 47 48 49 49 50 51 52 53 54 55 55 56 57 58 58 59 60 60 61 62 62 63 63 64 65 65 66 66 67 67 68 68 69 69 70 70 71 71 72 72 73 73 73 74 74 75 75 75 76 76
120 120 120 120 120 120 120 120 120 120 120 120 120 120 120 120 120 120 120 120 120 120 120 160 160 160 160 160 160 160 160 160 160 160 160 160 160 160 161 162 163 164 84 85 47 48 49 50 51 52 53 54 54 55 56 57 57 58 59 60 60 61 62 62 63 64 64 65 65 66 66 67 68 68 69 69 70 70 71 71 72 72 72 73 73 74 74 75 75 75 76 76 77 77 77 78
120 120 120 120 120 120 120 120 120 120 120 120 120 120 120 120 120 120 120 120 160 160 160 160 160 160 160 160 160 160 160 160 160 160 160 160 161 162 163 165 166 167 87 88 50 51 51 52 53 54 55 56 57 57 58 59 59 60 61 62 62 63 64 64 65 65 66 67 67 68 68 69 69 70 70 71 71 72 72 73 73 74 74 75 75 75 76 76 77 77 77 78 78 78 79 79
120 120 120 120 120 120 120 120 120 120 120 120 120 120 120 120 120 120 160 160 160 160 160 160 160 160 160 160 160 160 160 160 160 160 161 163 164 165 166 167 168 169 89 90 52 53 54 55 55 56 57 58 59 59 60 61 61 62 63 63 64 65 65 66 67 67 68 68 69 69 70 70 71 72 72 73 73 73 74 74 75 75 76 76 77 77 77 78 78 79 79 79 80 80 80 81
120 120 120 120 120 120 120 120 120 120 120 120 120 120 120 120 160 160 160 160 160 160 160 160 160 160 160 160 160 160 160 161 162 163 164 165 166 168 169 170 171 171 91 92 54 55 56 57 58 58 59 60 61 61 62 63 63 64 65 65 66 67 67 68 68 69 69 70 71 71 72 72 73 73 74 74 75 75 76 76 76 77 77 78 78 78 79 79 80 80 80 81 81 81 82 82
120 120 120 120 120 120 120 120 120 120 120 120 120 120 160 160 160 160 160 160 160 160 160 160 160 160 160 160 160 161 162 163 165 166 167 168 169 170 171 172 173 174 94 94 56 57 58 59 60 60 61 62 62 63 64 65 65 66 66 67 68 68 69 69 70 71 71 72 72 73 73 74 74 75 75 76 76 77 77 77 78 78 79 79 80 80 80 81 81 81 82 82 83 83 83 84
120 120 120 120 120 120 120 120 120 120 120 120 160 160 160 160 160 160 160 160 160 160 160 160 160 160 160 161 162 164 165 166 167 168 169 170 171 172 173 174 175 176 96 97 58 59 60 61 61 62 63 64 64 65 66 66 67 68 68 69 69 70 71 71 72 72 73 73 74 74 75 75 76 76 77 77 78 78 79 79 79 80 80 81 81 81 82 82 83 83 83 84 84 84 85 85
120 120 120 120 120 120 120 120 120 120 160 160 160 160 160 160 160 160 160 160 160 160 160 160 160 161 163 164 165 166 167 168 169 171 172 173 173 174 175 176 177 178 98 99 60 61 62 63 63 64 65 65 66 67 67 68 69 69 70 70 71 72 72 73 73 74 74 75 75 76 76 77 77 78 78 79 79 80 80 80 81 81 82 82 82 83 83 84 84 84 85 85 85 86 86 86
120 120 120 120 120 120 120 120 120 160 160 160 160 160 160 160 160 160 160 160 160 160 160 161 163 164 165 166 168 169 170 171 172 173 174 175 176 176 177 178 179 180 181 100 62 63 64 64 65 66 66 67 68 68 69 70 70 71 72 72 73 73 74 74 75 75 76 76 77 77 78 78 79 79 80 80 81 81 81 82 82 83 83 83 84 84 85 85 85 86 86 86 87 87 87 88
120 120 120 120 120 120 120 160 160 160 160 160 160 160 160 160 160 160 160 160 160 162 163 164 165 167 168 169 170 171 172 173 174 175 176 177 178 178 179 180 181 182 182 102 64 65 65 66 67 68 68 69 69 70 71 71 72 73 73 74 74 75 75 76 76 77 77 78 78 79 79 80 80 81 81 82 82 82 83 83 84 84 84 85 85 86 86 86 87 87 87 88 88 88 89 89
120 120 120 120 120 160 160 160 160 160 160 160 160 160 160 160 160 160 160 162 163 164 165 167 168 169 170 171 172 173 174 175 176 177 178 179 180 180 181 182 183 184 184 104 66 66 67 68 69 69 70 70 71 72 72 73 73 74 75 75 76 76 77 77 78 78 79 79 80 80 81 81 82 82 83 83 83 84 84 85 85 85 86 86 87 87 87 88 88 88 89 89 89 90 90 90
120 120 120 160 160 160 160 160 160 160 160 160 160 160 160 160 160 161 163 164 165 167 168 169 170 171 172 173 174 175 176 177 178 179 180 181 181 182 183 184 185 185 186 106 67 68 69 69 70 71 71 72 73 73 74 74 75 76 76 77 77 78 78 79 79 80 80 81 81 82 82 83 83 83 84 84 85 85 86 86 86 87 87 87 88 88 89 89 89 90 90 90 91 91 91 91
120 160 160 160 160 160 160 160 160 160 160 160 160 160 160 161 163 164 165 167 168 169 170 171 172 173 174 175 176 177 178 179 180 181 182 182 183 184 185 185 186 187 188 107 69 70 70 71 72 72 73 74 74 75 75 76 76 77 78 78 79 79 80 80 81 81 82 82 83 83 83 84 84 85 85 86 86 86 87 87 88 88 88 89 89 89 90 90 90 91 91 91 92 92 92 93
160 160 160 160 160 160 160 160 160 160 160 160 160 161 163 164 165 166 168 169 170 171 172 173 174 175 176 177 178 179 180 181 182 182 183 184 185 186 186 187 188 189 189 109 71 71 72 73 73 74 74 75 76 76 77 77 78 78 79 80 80 81 81 82 82 82 83 83 84 84 85 85 86 86 86 87 87 88 88 88 89 89 90 90 90 91 91 91 92 92 92 93 93 93 94 94
160 160 160 160 160 160 160 160 160 160 160 161 162 164 165 166 168 169 170 171 172 173 174 175 176 177 178 179 180 181 182 183 183 184 185 186 187 187 188 189 189 190 191 111 72 73 73 74 75 75 76 77 77 78 78 79 79 80 80 81 81 82 82 83 83 84 84 85 85 86 86 86 87 87 88 88 89 89 89 90 90 90 91 91 92 92 92 93 93 93 93 94 94 94 95 95
160 160 160 160 160 160 160 160 160 161 162 164 165 166 167 169 170 171 172 173 174 175 176 177 178 179 180 181 182 183 183 184 185 186 187 187 188 189 190 190 191 192 192 112 74 74 75 76 76 77 77 78 78 79 80 80 81 81 82 82 83 83 84 84 85 85 86 86 86 87 87 88 88 89 89 89 90 90 91 91 91 92 92 92 93 93 93 94 94 94 95 95 95 96 96 96
160 160 160 160 160 160 160 160 162 163 165 166 167 168 170 171 172 173 174 175 176 177 178 179 180 181 182 183 184 184 185 186 187 188 188 189 190 190 191 192 193 193 194 113 75 76 76 77 78 78 79 79 80 80 81 81 82 83 83 84 84 84 85 85 86 86 87 87 88 88 89 89 89 90 90 91 91 91 92 92 92 93 93 94 94 94 95 95 95 95 96 96 96 97 97 97
160 160 160 160 160 160 161 163 164 166 167 168 169 171 172 173 174 175 176 177 178 179 180 181 182 183 184 184 185 186 187 188 188 189 190 191 191 192 193 193 194 195 195 115 77 77 78 78 79 80 80 81 81 82 82 83 83 84 84 85 85 86 86 87 87 88 88 88 89 89 90 90 91 91 91 92 92 93 93 93 94 94 94 95 95 95 96 96 96 97 97 97 98 98 98 98
160 160 160 160 161 162 164 165 167 168 169 170 172 173 174 175 176 177 178 179 180 181 182 183 183 184 185 186 187 188 188 189 190 191 191 192 193 193 194 195 195 196 197 116 78 79 79 80 80 81 81 82 82 83 84 84 85 85 86 86 87 87 87 88 88 89 89 90 90 91 91 91 92 92 93 93 93 94 94 94 95 95 95 96 96 96 97 97 97 98 98 98 99 99 99 99
160 160 160 162 163 165 166 168 169 170 171 172 174 175 176 177 178 179 180 181 182 182 183 184 185 186 187 188 188 189 190 191 191 192 193 193 194 195 196 196 197 197 198 118 79 80 80 81 82 82 83 83 84 84 85 85 86 86 87 87 88 88 89 89 90 90 90 91 91 92 92 92 93 93 94 94 94 95 95 95 96 96 97 97 97 98 98 98 98 99 99 99 100 100 100 100
160 161 163 164 166 167 168 170 171 172 173 174 175 176 178 179 180 180 181 182 183 184 185 186 187 187 188 189 190 191 191 192 193 194 194 195 196 196 197 198 198 199 199 119 81 81 82 82 83 83 84 84 85 86 86 87 87 87 88 88 89 89 90 90 91 91 92 92 92 93 93 94 94 94 95 95 96 96 96 97 97 97 98 98 98 99 99 99 100 100 100 100 101 101 101 102
162 164 165 167 168 169 171 172 173 174 175 176 177 178 179 180 181 182 183 184 185 186 187 187 188 189 190 191 191 192 193 194 194 195 196 196 197 198 198 199 199 200 201 120 82 82 83 84 84 85 85 86 86 87 87 88 88 89 89 90 90 91 91 91 92 92 93 93 94 94 94 95 95 95 96 96 97 97 97 98 98 98 99 99 99 100 100 100 101 101 101 101 102 102 102 103
165 166 167 169 170 171 173 174 175 176 177 178 179 180 181 182 183 184 185 186 186 187 188 189 190 190 191 192 193 193 194 195 196 196 197 198 198 199 200 200 201 201 202 122 83 84 84 85 85 86 86 87 87 88 88 89 89 90 90 91 91 92 92 93 93 93 94 94 95 95 95 96 96 97 97 97 98 98 98 99 99 99 100 100 100 101 101 101 102 102 102 102 103 103 103 104
167 168 170 171 172 173 174 176 177 178 179 180 181 182 183 184 184 185 186 187 188 189 190 190 191 192 193 193 194 195 196 196 197 198 198 199 200 200 201 201 202 203 203 123 84 85 85 86 86 87 88 88 89 89 90 90 90 91 91 92 92 93 93 94 94 94 95 95 96 96 96 97 97 98 98 98 99 99 99 100 100 100 101 101 101 102 102 102 103 103 103 103 104 104 104 105
169 170 172 173 174 175 176 177 178 179 180 181 182 183 184 185 186 187 188 189 189 190 191 192 193 193 194 195 195 196 197 198 198 199 200 200 201 201 202 203 203 204 204 205 86 86 87 87 88 88 89 89 90 90 91 91 92 92 93 93 93 94 94 95 95 96 96 96 97 97 98 98 98 99 99 99 100 100 100 101 101 101 102 102 102 103 103 103 104 104 104 104 105 105 105 106
171 172 173 175 176 177 178 179 180 181 182 183 184 185 186 187 188 188 189 190 191 192 192 193 194 195 195 196 197 198 198 199 200 200 201 201 202 203 203 204 204 205 206 206 87 87 88 88 89 89 90 90 91 91 92 92 93 93 94 94 94 95 95 96 96 97 97 97 98 98 99 99 99 100 100 100 101 101 101 102 102 102 103 103 103 104 104 104 105 105 105 105 106 106 106 106
173 174 175 176 178 179 180 181 182 183 184 185 185 186 187 188 189 190 191 191 192 193 194 195 195 196 197 197 198 199 199 200 201 201 202 203 203 204 204 205 206 206 207 207 88 88 89 89 90 90 91 91 92 92 93 93 94 94 95 95 96 96 96 97 97 98 98 98 99 99 100 100 100 101 101 101 102 102 102 103 103 103 104 104 104 105 105 105 105 106 106 106 107 107 107 107
175 176 177 178 179 180 181 182 183 184 185 186 187 188 189 190 190 191 192 193 194 194 195 196 197 197 198 199 199 200 201 201 202 203 203 204 204 205 206 206 207 207 208 208 89 89 90 90 91 92 92 92 93 93 94 94 95 95 96 96 97 97 97 98 98 99 99 99 100 100 101 101 101 102 102 102 103 103 103 104 104 104 105 105 105 106 106 106 106 107 107 107 108 108 108 108
177 178 179 180 181 182 183 184 185 186 187 188 188 189 190 191 192 193 193 194 195 196 196 197 198 199 199 200 201 201 202 203 203 204 204 205 206 206 207 207 208 208 209 209 90 91 91 92 92 93 93 94 94 94 95 95 96 96 97 97 98 98 98 99 99 100 100 100 101 101 102 102 102 103 103 103 104 104 104 105 105 105 106 106 106 106 107 107 107 108 108 108 108 109 109 109
178 179 180 181 182 183 184 185 186 187 188 189 190 191 191 192 193 194 195 195 196 197 198 198 199 200 200 201 202 202 203 204 204 205 206 206 207 207 208 208 209 210 210 211 91 92 92 93 93 94 94 95 95 95 96 96 97 97 98 98 99 99 99 100 100 101 101 101 102 102 102 103 103 104 104 104 105 105 105 106 106 106 106 107 107 107 108 108 108 109 109 109 109 110 110 110
180 181 182 183 184 185 186 187 188 189 189 190 191 192 193 194 194 195 196 197 197 198 199 200 200 201 202 202 203 204 204 205 205 206 207 207 208 208 209 209 210 211 211 212 92 93 93 94 94 95 95 96 96 96 97 97 98 98 99 99 100 100 100 101 101 102 102 102 103 103 103 104 104 104 105 105 105 106 106 106 107 107 107 108 108 108 109 109 109 109 110 110 110 110 111 111
181 182 183 184 185 186 187 188 189 190 191 192 193 193 194 195 196 196 197 198 199 199 200 201 201 202 203 203 204 205 205 206 207 207 208 208 209 209 210 211 211 212 212 213 93 94 94 95 95 96 96 97 97 97 98 98 99 99 100 100 100 101 101 102 102 102 103 103 104 104 104 105 105 105 106 106 106 107 107 107 108 108 108 109 109 109 109 110 110 110 111 111 111 111 112 112
183 184 185 186 187 188 189 190 190 191 192 193 194 195 195 196 197 198 198 199 200 201 201 202 203 203 204 205 205 206 206 207 208 208 209 209 210 210 211 212 212 213 213 214 94 95 95 96 96 97 97 98 98 98 99 99 100 100 101 101 101 102 102 103 103 103 104 104 104 105 105 106 106 106 107 107 107 108 108 108 109 109 109 109 110 110 110 111 111 111 111 112 112 112 112 113
184 185 186 187 188 189 190 191 192 193 193 194 195 196 197 197 198 199 200 200 201 202 202 203 204 204 205 206 206 207 207 208 209 209 210 210 211 212 212 213 213 214 214 215 95 96 96 97 97 98 98 98 99 99 100 100 101 101 102 102 102 103 103 104 104 104 105 105 105 106 106 106 107 107 107 108 108 108 109 109 109 110 110 110 111 111 111 111 112 112 112 112 113 113 113 113
186 187 188 189 190 190 191 192 193 194 195 195 196 197 198 199 199 200 201 201 202 203 203 204 205 205 206 207 207 208 209 209 210 210 211 211 212 213 213 214 214 215 215 216 96 97 97 98 98 99 99 99 100 100 101 101 102 102 102 103 103 104 104 104 105 105 106 106 106 107 107 107 108 108 108 109 109 109 110 110 110 111 111 111 111 112 112 112 113 113 113 113 114 114 114 114
187 188 189 190 191 192 193 193 194 195 196 197 197 198 199 200 200 201 202 203 203 204 205 205 206 207 207 208 208 209 210 210 211 211 212 212 213 214 214 215 215 216 216 217 97 98 98 99 99 99 100 100 101 101 102 102 102 103 103 104 104 105 105 105 106 106 106 107 107 107 108 108 109 109 109 109 110 110 110 111 111 111 112 112 112 112 113 113 113 114 114 114 114 115 115 115
189 189 190 191 192 193 194 195 195 196 197 198 199 199 200 201 202 202 203 204 204 205 206 206 207 208 208 209 209 210 211 211 212 212 213 213 214 214 215 216 216 217 217 218 98 98 99 99 100 100 101 101 102 102 103 103 103 104 104 105 105 105 106 106 107 107 107 108 108 108 109 109 109 110 110 110 111 111 111 112 112 112 112 113 113 113 114 114 114 114 115 115 115 115 116 116
190 191 192 192 193 194 195 196 197 197 198 199 200 201 201 202 203 203 204 205 205 206 207 207 208 209 209 210 210 211 212 212 213 213 214 214 215 215 216 216 217 217 218 218 99 99 100 100 101 101 102 102 103 103 103 104 104 105 105 105 106 106 107 107 107 108 108 108 109 109 109 110 110 110 111 111 111 112 112 112 113 113 113 114 114 114 114 115 115 115 115 116 116 116 116 117
191 192 193 194 195 195 196 197 198 199 199 200 201 202 202 203 204 204 205 206 206 207 208 208 209 210 210 211 211 212 213 213 214 214 215 215 216 216 217 217 218 218 219 219 100 100 101 101 102 102 103 103 103 104 104 105 105 106 106 106 107 107 107 108 108 109 109 109 110 110 110 111 111 111 112 112 112 113 113 113 113 114 114 114 115 115 115 115 116 116 116 116 117 117 117 117
192 193 194 195 196 197 197 198 199 200 200 201 202 203 203 204 205 205 206 207 207 208 209 209 210 211 211 212 212 213 213 214 215 215 216 216 217 217 218 218 219 219 220 220 101 101 102 102 103 103 103 104 104 105 105 106 106 106 107 107 108 108 108 109 109 109 110 110 110 111 111 111 112 112 112 113 113 113 114 114 114 115 115 115 115 116 116 116 116 117 117 117 117 118 118 118
194 194 195 196 197 198 198 199 200 201 202 202 203 204 204 205 206 206 207 208 208 209 210 210 211 212 212 213 213 214 214 215 216 216 217 217 218 218 219 219 220 220 221 221 102 102 102 103 103 104 104 105 105 106 106 106 107 107 108 108 108 109 109 109 110 110 111 111 111 112 112 112 113 113 113 113 114 114 114 115 115 115 116 116 116 116 117 117 117 117 118 118 118 118 119 119
195 196 196 197 198 199 200 200 201 202 203 203 204 205 205 206 207 207 208 209 209 210 211 211 212 212 213 214 214 215 215 216 216 217 217 218 219 219 220 220 221 221 221 222 102 103 103 104 104 105 105 106 106 106 107 107 108 108 108 109 109 109 110 110 111 111 111 112 112 112 113 113 113 114 114 114 115 115 115 115 116 116 116 117 117 117 117 118 118 118 118 119 119 119 119 120
196 197 197 198 199 200 201 201 202 203 204 204 205 206 206 207 208 208 209 210 210 211 212 212 213 213 214 215 215 216 216 217 217 218 218 219 219 220 220 221 221 222 222 223 103 104 104 105 105 105 106 106 107 107 108 108 108 109 109 110 110 110 111 111 111 112 112 112 113 113 113 114 114 114 115 115 115 116 116 116 116 117 117 117 118 118 118 118 119 119 119 119 120 120 120 120
197 198 199 199 200 201 202 202 203 204 205 205 206 207 207 208 209 209 210 211 211 212 213 213 214 214 215 215 216 217 217 218 218 219 219 220 220 221 221 222 222 223 223 185 104 105 105 105 106 106 107 107 108 108 108 109 109 110 110 110 111 111 111 112 112 112 113 113 113 114 114 114 115 115 115 116 116 116 117 117 117 117 118 118 118 119 119 119 119 120 120 120 120 121 121 121
198 199 200 200 201 202 203 203 204 205 206 206 207 208 208 209 210 210 211 212 212 213 213 214 215 215 216 216 217 217 218 218 219 220 220 221 221 222 222 223 223 223 224 185 105 105 106 106 107 107 107 108 108 109 109 110 110 110 111 111 111 112 112 113 113 113 114 114 114 115 115 115 116 116 116 116 117 117 117 118 118 118 118 119 119 119 120 120 120 120 121 121 121 121 122 122
199 200 201 201 202 203 204 204 205 206 207 207 208 209 209 210 211 211 212 212 213 214 214 215 215 216 217 217 218 218 219 219 220 220 221 221 222 222 223 223 224 224 225 186 106 106 107 107 107 108 108 109 109 109 110 110 111 111 111 112 112 113 113 113 114 114 114 115 115 115 116 116 116 117 117 117 117 118 118 118 119 119 119 119 120 120 120 121 121 121 121 121 122 122 122 122
200 201 202 202 203 204 205 205 206 207 208 208 209 210 210 211 212 212 213 213 214 215 215 216 216 217 217 218 219 219 220 220 221 221 222 222 223 223 224 224 225 225 226 187 106 107 107 108 108 109 109 109 110 110 111 111 111 112 112 113 113 113 114 114 114 115 115 115 116 116 116 117 117 117 118 118 118 118 119 119 119 120 120 120 120 121 121 121 121 122 122 122 122 123 123 123
