testData/tiles/oneDegree/grid41.0-21.0-42.0-22.0.asc
ncols   200
nrows   200
xllcorner   41.0
yllcorner   21.0
cellsize   0.005
NODATA_value   -9999.0
[rows 42 to 83 of 200, columns 94 to 187 of 200]
491 491 491 491 491 498 498 498 498 498 498 498 498 498 498 498 498 498 498 498 498 500 500 501 502 503 503 504 504 505 505 505 506 506 506 507 507 507 508 508 508 508 509 509 509 509 510 510 510 510 510 511 511 511 610 610 611 611 611 611 611 611 612 612 612 612 612 612 612 613 613 613 613 613 613 613 613 614 614 614 614 614 614 614 614 615 615 615 615 615 615 615 615 615
491 491 491 491 491 498 498 498 498 498 498 498 498 498 498 498 498 498 498 498 500 501 502 502 503 503 504 504 505 505 506 506 506 507 507 507 508 508 508 508 509 509 509 509 510 510 510 510 510 511 511 511 511 511 611 611 611 611 611 611 612 612 612 612 612 612 612 613 613 613 613 613 613 613 614 614 614 614 614 614 614 614 614 615 615 615 615 615 615 615 615 615 615 616
491 491 491 491 491 491 498 498 498 498 498 498 498 498 498 498 498 498 500 500 501 502 503 503 504 504 505 505 505 506 506 506 507 507 507 508 508 508 509 509 509 509 509 510 510 510 510 511 511 511 511 511 512 512 611 611 611 611 612 612 612 612 612 612 612 613 613 613 613 613 613 613 614 614 614 614 614 614 614 614 614 615 615 615 615 615 615 615 615 615 616 616 616 616
491 491 491 491 491 491 498 498 498 498 498 498 498 498 498 498 498 500 501 502 502 503 503 504 504 505 505 506 506 506 507 507 507 508 508 508 508 509 509 509 509 510 510 510 510 510 511 511 511 511 511 512 512 611 611 611 612 612 612 612 612 612 612 613 613 613 613 613 613 613 614 614 614 614 614 614 614 614 615 615 615 615 615 615 615 615 615 615 616 616 616 616 616 616
491 491 491 491 491 491 491 498 498 498 498 498 498 498 498 498 500 501 502 502 503 504 504 505 505 505 506 506 506 507 507 507 508 508 508 509 509 509 509 510 510 510 510 510 511 511 511 511 511 512 512 512 512 611 611 612 612 612 612 612 612 613 613 613 613 613 613 613 614 614 614 614 614 614 614 614 615 615 615 615 615 615 615 615 615 616 616 616 616 616 616 616 616 616
491 491 491 491 491 491 491 498 498 498 498 498 498 498 500 500 501 502 503 503 504 504 505 505 506 506 506 507 507 507 508 508 508 508 509 509 509 509 510 510 510 510 511 511 511 511 511 512 512 512 512 512 512 612 612 612 612 612 612 613 613 613 613 613 613 613 614 614 614 614 614 614 614 614 615 615 615 615 615 615 615 615 615 616 616 616 616 616 616 616 616 616 616 616
491 491 491 491 491 491 491 498 498 498 498 498 498 500 500 501 502 503 503 504 504 505 505 506 506 506 507 507 507 508 508 508 508 509 509 509 509 510 510 510 510 511 511 511 511 511 512 512 512 512 512 512 513 612 612 612 612 612 613 613 613 613 613 613 613 614 614 614 614 614 614 614 614 615 615 615 615 615 615 615 615 616 616 616 616 616 616 616 616 616 616 616 617 617
491 491 491 491 491 491 491 491 498 498 498 498 500 500 501 502 503 503 504 504 505 505 506 506 506 507 507 507 508 508 508 509 509 509 509 510 510 510 510 510 511 511 511 511 511 512 512 512 512 512 513 513 513 612 612 612 613 613 613 613 613 613 613 614 614 614 614 614 614 614 614 615 615 615 615 615 615 615 615 615 616 616 616 616 616 616 616 616 616 616 617 617 617 617
491 491 491 491 491 491 491 491 498 498 498 500 501 501 502 503 503 504 504 505 505 506 506 506 507 507 507 508 508 508 509 509 509 509 510 510 510 510 510 511 511 511 511 512 512 512 512 512 512 513 513 513 513 612 612 613 613 613 613 613 613 613 614 614 614 614 614 614 614 615 615 615 615 615 615 615 615 615 616 616 616 616 616 616 616 616 616 616 617 617 617 617 617 617
491 491 491 491 491 491 491 491 491 498 500 500 501 502 503 503 504 504 505 505 506 506 506 507 507 507 508 508 508 509 509 509 509 510 510 510 510 511 511 511 511 511 512 512 512 512 512 512 513 513 513 513 513 612 613 613 613 613 613 613 614 614 614 614 614 614 614 614 615 615 615 615 615 615 615 615 615 616 616 616 616 616 616 616 616 616 617 617 617 617 617 617 617 617
491 491 491 491 491 491 491 491 491 500 500 501 502 503 503 504 504 505 505 506 506 506 507 507 507 508 508 508 509 509 509 509 510 510 510 510 511 511 511 511 511 512 512 512 512 512 512 513 513 513 513 513 513 613 613 613 613 613 613 614 614 614 614 614 614 614 614 615 615 615 615 615 615 615 615 616 616 616 616 616 616 616 616 616 616 617 617 617 617 617 617 617 617 617
491 491 491 491 491 491 491 491 491 493 501 502 503 503 504 504 505 505 506 506 506 507 507 507 508 508 508 509 509 509 509 510 510 510 510 510 511 511 511 511 512 512 512 512 512 512 513 513 513 513 513 513 514 613 613 613 613 613 614 614 614 614 614 614 614 614 615 615 615 615 615 615 615 615 616 616 616 616 616 616 616 616 616 617 617 617 617 617 617 617 617 617 617 617
491 491 491 491 491 491 491 491 493 494 495 502 503 504 504 505 505 505 506 506 507 507 507 508 508 508 508 509 509 509 510 510 510 510 510 511 511 511 511 512 512 512 512 512 512 513 513 513 513 513 513 514 514 613 613 613 613 614 614 614 614 614 614 614 615 615 615 615 615 615 615 615 615 616 616 616 616 616 616 616 616 616 617 617 617 617 617 617 617 617 617 617 617 618
491 491 491 491 491 491 491 493 493 494 495 503 503 504 504 505 505 506 506 507 507 507 508 508 508 508 509 509 509 509 510 510 510 510 511 511 511 511 511 512 512 512 512 512 513 513 513 513 513 513 514 514 514 613 613 613 614 614 614 614 614 614 614 614 615 615 615 615 615 615 615 615 616 616 616 616 616 616 616 616 616 617 617 617 617 617 617 617 617 617 617 617 618 618
491 491 491 491 491 491 491 493 494 495 496 496 504 504 505 505 506 506 506 507 507 507 508 508 508 509 509 509 509 510 510 510 510 511 511 511 511 511 512 512 512 512 512 513 513 513 513 513 513 514 514 514 514 613 613 614 614 614 614 614 614 614 614 615 615 615 615 615 615 615 615 616 616 616 616 616 616 616 616 616 617 617 617 617 617 617 617 617 617 617 617 618 618 618
491 491 491 491 491 491 493 494 495 495 496 497 504 505 505 505 506 506 507 507 507 508 508 508 508 509 509 509 510 510 510 510 510 511 511 511 511 512 512 512 512 512 512 513 513 513 513 513 514 514 514 514 514 613 613 614 614 614 614 614 614 614 615 615 615 615 615 615 615 615 616 616 616 616 616 616 616 616 616 617 617 617 617 617 617 617 617 617 617 617 618 618 618 618
491 491 491 491 491 491 493 494 495 496 496 497 497 505 505 506 506 506 507 507 507 508 508 508 509 509 509 509 510 510 510 510 511 511 511 511 511 512 512 512 512 512 513 513 513 513 513 513 514 514 514 514 514 613 614 614 614 614 614 614 614 615 615 615 615 615 615 615 615 616 616 616 616 616 616 616 616 616 616 617 617 617 617 617 617 617 617 617 617 618 618 618 618 618
491 491 491 491 491 493 493 494 495 496 496 497 497 498 505 506 506 507 507 507 508 508 508 508 509 509 509 509 510 510 510 510 511 511 511 511 512 512 512 512 512 512 513 513 513 513 513 514 514 514 514 514 514 613 614 614 614 614 614 614 614 615 615 615 615 615 615 615 615 616 616 616 616 616 616 616 616 616 617 617 617 617 617 617 617 617 617 617 618 618 618 618 618 618
491 491 491 491 491 493 494 495 495 496 497 497 498 498 505 506 506 507 507 507 508 508 508 509 509 509 509 510 510 510 510 511 511 511 511 511 512 512 512 512 512 513 513 513 513 513 513 514 514 514 514 514 514 614 614 614 614 614 614 614 615 615 615 615 615 615 615 615 616 616 616 616 616 616 616 616 616 617 617 617 617 617 617 617 617 617 617 617 618 618 618 618 618 618
491 491 491 491 491 493 494 495 496 496 497 497 498 498 499 506 506 507 507 507 508 508 508 509 509 509 509 510 510 510 510 511 511 511 511 511 512 512 512 512 512 513 513 513 513 513 513 514 514 514 514 514 514 614 614 614 614 614 614 614 615 615 615 615 615 615 615 615 616 616 616 616 616 616 616 616 616 617 617 617 617 617 617 617 617 617 617 618 618 618 618 618 618 618
491 491 491 491 491 493 494 495 496 496 497 497 498 498 499 499 506 507 507 507 508 508 508 509 509 509 509 510 510 510 510 511 511 511 511 511 512 512 512 512 512 513 513 513 513 513 514 514 514 514 514 514 514 614 614 614 614 614 614 614 615 615 615 615 615 615 615 615 616 616 616 616 616 616 616 616 616 617 617 617 617 617 617 617 617 617 617 618 618 618 618 618 618 618
491 491 491 491 491 493 494 495 496 496 497 497 498 498 499 499 506 507 507 507 508 508 508 509 509 509 509 510 510 510 510 511 511 511 511 512 512 512 512 512 512 513 513 513 513 513 514 514 514 514 514 514 514 614 614 614 614 614 614 614 615 615 615 615 615 615 615 615 616 616 616 616 616 616 616 616 616 617 617 617 617 617 617 617 617 617 617 618 618 618 618 618 618 618
491 491 491 491 493 493 494 495 496 496 497 497 498 498 499 499 499 507 507 507 508 508 508 509 509 509 509 510 510 510 510 511 511 511 511 512 512 512 512 512 513 513 513 513 513 513 514 514 514 514 514 514 514 614 614 614 614 614 614 614 615 615 615 615 615 615 615 615 616 616 616 616 616 616 616 616 617 617 617 617 617 617 617 617 617 617 617 618 618 618 618 618 618 618
491 491 491 491 491 493 494 495 496 496 497 497 498 498 499 499 499 500 507 507 508 508 508 509 509 509 509 510 510 510 510 511 511 511 511 512 512 512 512 512 512 513 513 513 513 513 514 514 514 514 514 514 514 614 614 614 614 614 614 614 615 615 615 615 615 615 615 615 616 616 616 616 616 616 616 616 616 617 617 617 617 617 617 617 617 617 617 618 618 618 618 618 618 618
491 491 491 491 491 493 494 495 496 496 497 497 498 498 499 499 499 500 500 507 508 508 508 509 509 509 509 510 510 510 510 511 511 511 511 511 512 512 512 512 512 513 513 513 513 513 514 514 514 514 514 514 514 614 614 614 614 614 614 614 615 615 615 615 615 615 615 615 616 616 616 616 616 616 616 616 616 617 617 617 617 617 617 617 617 617 617 618 618 618 618 618 618 618
491 491 491 491 491 493 494 495 496 496 497 497 498 498 499 499 499 500 500 507 508 508 508 509 509 509 509 510 510 510 510 511 511 511 511 511 512 512 512 512 512 513 513 513 513 513 513 514 514 514 514 514 514 614 614 614 614 614 614 614 615 615 615 615 615 615 615 615 616 616 616 616 616 616 616 616 616 617 617 617 617 617 617 617 617 617 617 618 618 618 618 618 618 618
491 491 491 491 491 493 494 495 495 496 497 497 498 498 498 499 499 500 500 500 508 508 508 509 509 509 509 510 510 510 510 511 511 511 511 511 512 512 512 512 512 513 513 513 513 513 513 514 514 514 514 514 514 614 614 614 614 614 614 614 615 615 615 615 615 615 615 615 616 616 616 616 616 616 616 616 616 617 617 617 617 617 617 617 617 617 617 617 618 618 618 618 618 618
491 491 491 491 491 493 493 494 495 496 496 497 497 498 498 499 499 500 500 500 501 508 508 508 509 509 509 509 510 510 510 510 511 511 511 511 512 512 512 512 512 512 513 513 513 513 513 514 514 514 514 514 514 613 614 614 614 614 614 614 614 615 615 615 615 615 615 615 615 616 616 616 616 616 616 616 616 616 617 617 617 617 617 617 617 617 617 617 618 618 618 618 618 618
491 491 491 491 491 491 493 494 495 496 496 497 497 498 498 499 499 499 500 500 500 501 508 508 509 509 509 509 510 510 510 510 511 511 511 511 511 512 512 512 512 512 513 513 513 513 513 513 514 514 514 514 514 613 614 614 614 614 614 614 614 615 615 615 615 615 615 615 615 616 616 616 616 616 616 616 616 616 616 617 617 617 617 617 617 617 617 617 617 618 618 618 618 618
491 491 491 491 491 491 493 494 495 495 496 497 497 498 498 498 499 499 500 500 500 501 501 508 508 509 509 509 510 510 510 510 510 511 511 511 511 512 512 512 512 512 512 513 513 513 513 513 514 514 514 514 514 613 613 614 614 614 614 614 614 614 615 615 615 615 615 615 615 615 616 616 616 616 616 616 616 616 616 617 617 617 617 617 617 617 617 617 617 617 618 618 618 618
491 491 491 491 491 491 491 493 494 495 496 496 497 497 498 498 499 499 499 500 500 500 501 508 508 509 509 509 509 510 510 510 510 511 511 511 511 511 512 512 512 512 512 513 513 513 513 513 513 514 514 514 613 613 613 614 614 614 614 614 614 614 614 615 615 615 615 615 615 615 615 616 616 616 616 616 616 616 616 616 617 617 617 617 617 617 617 617 617 617 617 618 618 618
491 491 491 491 491 491 491 493 493 494 495 496 496 497 497 498 498 499 499 500 500 500 501 501 508 508 509 509 509 509 510 510 510 510 511 511 511 511 511 512 512 512 512 512 513 513 513 513 513 513 514 514 514 613 613 613 614 614 614 614 614 614 614 614 615 615 615 615 615 615 615 615 616 616 616 616 616 616 616 616 616 617 617 617 617 617 617 617 617 617 617 617 618 618
491 491 491 491 491 491 491 491 493 494 495 495 496 497 497 498 498 498 499 499 500 500 500 501 501 508 508 509 509 509 510 510 510 510 510 511 511 511 511 512 512 512 512 512 512 513 513 513 513 513 513 514 514 613 613 613 613 614 614 614 614 614 614 614 615 615 615 615 615 615 615 615 615 616 616 616 616 616 616 616 616 616 617 617 617 617 617 617 617 617 617 617 617 618
491 491 491 491 491 491 491 491 491 493 494 495 496 496 497 497 498 498 499 499 499 500 500 500 501 501 508 509 509 509 509 510 510 510 510 510 511 511 511 511 512 512 512 512 512 512 513 513 513 513 513 513 514 613 613 613 613 613 614 614 614 614 614 614 614 614 615 615 615 615 615 615 615 615 616 616 616 616 616 616 616 616 616 617 617 617 617 617 617 617 617 617 617 617
491 491 491 491 491 491 491 491 491 493 493 494 495 496 496 497 497 498 498 499 499 499 500 500 500 501 501 508 509 509 509 509 510 510 510 510 511 511 511 511 511 512 512 512 512 512 512 513 513 513 513 513 513 613 613 613 613 613 613 614 614 614 614 614 614 614 614 615 615 615 615 615 615 615 615 616 616 616 616 616 616 616 616 616 616 617 617 617 617 617 617 617 617 617
491 491 491 491 491 491 491 491 491 491 493 493 494 495 496 496 497 497 498 498 499 499 499 500 500 500 501 501 508 509 509 509 509 510 510 510 510 511 511 511 511 511 512 512 512 512 512 512 513 513 513 513 513 612 613 613 613 613 613 613 614 614 614 614 614 614 614 614 615 615 615 615 615 615 615 615 615 616 616 616 616 616 616 616 616 616 617 617 617 617 617 617 617 617
491 491 491 491 491 491 491 491 491 491 491 493 494 494 495 496 496 497 497 498 498 499 499 499 500 500 500 501 501 508 509 509 509 509 510 510 510 510 510 511 511 511 511 512 512 512 512 512 512 513 513 513 513 612 612 613 613 613 613 613 613 613 614 614 614 614 614 614 614 615 615 615 615 615 615 615 615 615 616 616 616 616 616 616 616 616 616 616 617 617 617 617 617 617
491 491 491 491 491 491 491 491 491 491 491 491 493 493 494 495 496 496 497 497 498 498 499 499 499 500 500 500 501 501 508 509 509 509 509 510 510 510 510 510 511 511 511 511 511 512 512 512 512 512 513 513 513 612 612 612 613 613 613 613 613 613 613 614 614 614 614 614 614 614 614 615 615 615 615 615 615 615 615 615 616 616 616 616 616 616 616 616 616 616 617 617 617 617
491 491 491 491 491 491 491 491 491 491 491 491 491 493 493 494 495 496 496 497 497 498 498 499 499 499 500 500 500 501 501 508 508 509 509 509 509 510 510 510 510 511 511 511 511 511 512 512 512 512 512 512 513 612 612 612 612 612 613 613 613 613 613 613 613 614 614 614 614 614 614 614 614 615 615 615 615 615 615 615 615 616 616 616 616 616 616 616 616 616 616 616 617 617
491 491 491 491 491 491 491 491 491 491 491 491 491 491 493 493 494 495 496 496 497 497 498 498 499 499 499 500 500 500 501 501 501 508 509 509 509 509 510 510 510 510 511 511 511 511 511 512 512 512 512 512 512 612 612 612 612 612 612 613 613 613 613 613 613 613 614 614 614 614 614 614 614 614 615 615 615 615 615 615 615 615 615 616 616 616 616 616 616 616 616 616 616 616
491 491 491 491 491 491 491 491 491 491 491 491 491 491 491 491 493 494 495 495 496 497 497 498 498 498 499 499 499 500 500 500 501 501 508 509 509 509 509 510 510 510 510 510 511 511 511 511 511 512 512 512 512 611 611 612 612 612 612 612 612 613 613 613 613 613 613 613 614 614 614 614 614 614 614 614 615 615 615 615 615 615 615 615 615 616 616 616 616 616 616 616 616 616
491 491 491 491 491 491 491 491 491 491 491 491 491 491 491 491 491 493 494 495 495 496 496 497 497 498 498 499 499 499 500 500 500 501 501 508 508 509 509 509 509 510 510 510 510 510 511 511 511 511 511 512 512 611 611 611 612 612 612 612 612 612 612 613 613 613 613 613 613 613 614 614 614 614 614 614 614 614 615 615 615 615 615 615 615 615 615 615 616 616 616 616 616 616
