testData/tiles/oneDegree/grid16.0-39.0-17.0-40.0.asc
ncols   200
nrows   200
xllcorner   16.0
yllcorner   39.0
cellsize   0.005
NODATA_value   -9999.0
[rows 126 to 167 of 200, columns 94 to 187 of 200]
248 248 249 248 249 250 249 249 250 250 250 250 251 251 251 251 251 251 251 252 251 252 251 251 251 252 251 252 251 251 251 472 471 472 472 473 472 472 473 473 474 474 475 475 475 476 476 472 472 473 473 473 474 474 474 475 475 476 476 465 466 466 466 467 467 467 468 468 468 469 469 469 470 470 470 471 471 471 472 472 472 472 473 473 473 474 474 474 474 475 475 475 542 543
248 248 248 249 249 249 249 249 250 249 250 251 250 251 251 250 250 251 251 251 252 252 251 251 252 251 252 251 251 251 252 252 472 472 472 473 472 473 473 474 474 475 475 475 476 476 477 472 472 473 473 474 474 474 475 475 476 476 465 466 466 466 467 467 467 468 468 468 469 469 469 470 470 470 471 471 471 472 472 472 472 473 473 473 474 474 474 474 475 475 475 475 543 543
247 248 249 248 249 249 249 249 249 250 249 250 250 251 251 250 251 250 251 251 251 251 251 250 251 251 251 251 251 251 252 252 473 472 473 473 473 473 473 474 474 475 475 476 476 476 477 472 473 473 473 474 474 475 475 475 476 465 466 466 466 467 467 467 468 468 468 469 469 469 470 470 470 471 471 471 472 472 472 472 473 473 473 474 474 474 474 475 475 475 475 476 543 543
248 247 248 248 249 249 248 249 249 249 250 250 250 250 251 250 250 251 251 251 251 252 250 251 251 251 251 252 251 252 252 253 253 472 473 473 474 473 474 474 475 475 475 476 476 477 477 473 473 473 474 474 475 475 475 476 465 465 466 466 466 467 467 468 468 468 469 469 469 470 470 470 471 471 471 471 472 472 472 473 473 473 474 474 474 474 475 475 475 475 476 476 543 543
247 248 248 248 248 249 249 248 249 249 249 249 250 251 250 250 250 250 250 251 250 251 250 250 250 251 251 252 251 252 252 253 253 473 473 474 474 474 474 474 475 475 476 476 477 477 477 473 473 474 474 474 475 475 476 465 465 466 466 466 467 467 467 468 468 468 469 469 469 470 470 470 471 471 471 472 472 472 473 473 473 473 474 474 474 475 475 475 475 476 476 476 543 544
247 247 247 248 249 248 249 248 249 249 249 250 249 250 250 250 250 250 251 250 251 251 250 250 251 251 252 252 252 252 253 253 254 253 474 474 474 474 474 475 475 476 476 476 477 477 478 473 473 474 474 475 475 475 465 465 466 466 466 467 467 467 468 468 468 469 469 469 470 470 470 471 471 471 472 472 472 473 473 473 473 474 474 474 475 475 475 475 476 476 476 476 544 544
247 247 248 247 248 249 249 248 248 249 249 249 250 250 250 249 250 249 250 250 250 250 250 251 251 252 252 252 252 252 253 253 254 253 254 474 475 474 475 475 475 476 476 477 477 478 478 473 474 474 475 475 475 465 465 465 466 466 467 467 467 468 468 468 469 469 469 470 470 470 471 471 471 472 472 472 473 473 473 473 474 474 474 475 475 475 475 476 476 476 476 477 544 544
247 246 247 248 248 248 248 248 249 248 249 249 249 250 250 250 249 250 250 250 250 251 250 251 251 252 252 253 252 253 253 254 254 254 254 475 475 474 475 475 476 476 477 477 477 478 478 474 474 474 475 475 465 465 465 466 466 466 467 467 468 468 468 469 469 469 470 470 470 471 471 471 472 472 472 472 473 473 473 474 474 474 474 475 475 475 476 476 476 476 477 477 544 544
246 247 247 247 248 248 249 247 248 249 248 249 249 250 249 249 249 249 249 250 251 251 251 251 252 252 253 253 253 253 253 254 254 254 254 255 475 475 475 476 476 476 477 477 478 478 478 474 474 475 475 464 465 465 466 466 466 467 467 467 468 468 468 469 469 469 470 470 470 471 471 471 472 472 472 473 473 473 474 474 474 474 475 475 475 476 476 476 476 477 477 477 544 545
246 246 247 247 248 247 248 248 248 248 248 249 249 249 250 249 249 249 250 250 251 251 251 251 252 252 253 253 253 253 254 254 255 254 255 255 475 475 475 476 476 477 477 477 478 478 479 474 475 475 464 465 465 465 466 466 467 467 467 468 468 468 469 469 469 470 470 470 471 471 471 472 472 472 473 473 473 474 474 474 474 475 475 475 476 476 476 476 477 477 477 477 545 545
246 246 247 247 247 248 248 247 248 248 248 248 249 249 249 248 249 250 250 251 251 252 251 252 252 253 253 254 253 254 254 254 255 254 255 255 256 475 476 476 476 477 477 478 478 479 479 474 475 464 465 465 465 466 466 466 467 467 468 468 468 469 469 469 470 470 470 471 471 471 472 472 472 473 473 473 473 474 474 474 475 475 475 475 476 476 476 477 477 477 477 478 545 545
245 246 246 247 246 247 248 247 247 247 248 249 248 249 249 249 249 250 250 251 251 252 251 252 252 253 253 254 253 254 254 255 255 255 255 256 256 255 476 476 477 477 478 478 478 479 479 475 464 464 465 465 466 466 466 467 467 467 468 468 469 469 469 470 470 470 471 471 471 472 472 472 472 473 473 473 474 474 474 475 475 475 475 476 476 476 477 477 477 477 478 478 545 545
245 246 246 246 247 247 247 247 247 248 247 248 248 249 249 249 250 250 251 251 252 252 252 252 253 253 254 254 254 254 255 255 255 255 255 256 256 256 476 477 477 477 478 478 479 479 479 464 464 465 465 465 466 466 467 467 467 468 468 468 469 469 469 470 470 470 471 471 471 472 472 472 473 473 473 474 474 474 475 475 475 475 476 476 476 477 477 477 477 478 478 478 545 546
245 245 246 246 246 247 247 247 246 247 248 248 249 249 250 249 250 250 251 251 252 252 252 252 253 253 254 254 254 254 255 255 256 255 256 256 257 256 256 477 477 478 478 479 479 479 469 464 465 465 465 466 466 466 467 467 468 468 468 469 469 469 470 470 470 471 471 471 472 472 472 473 473 473 474 474 474 474 475 475 475 476 476 476 476 477 477 477 478 478 478 478 546 546
191 192 245 246 246 247 247 246 247 247 248 248 249 249 250 250 250 251 251 252 252 253 252 253 253 254 254 255 254 255 255 256 256 255 256 256 257 256 257 257 477 478 478 479 479 469 469 464 465 465 466 466 466 467 467 467 468 468 469 469 469 470 470 470 471 471 471 472 472 472 473 473 473 473 474 474 474 475 475 475 476 476 476 476 477 477 477 477 478 478 478 479 546 546
190 191 191 192 246 246 247 246 247 248 248 249 249 250 250 251 250 251 251 252 252 253 252 253 253 254 254 255 254 255 255 256 256 256 256 257 257 256 257 257 478 478 479 468 468 469 469 465 465 465 466 466 467 467 467 468 468 468 469 469 469 470 470 470 471 471 471 472 472 472 473 473 473 474 474 474 475 475 475 476 476 476 476 477 477 477 477 478 478 478 478 479 546 546
190 191 191 191 192 246 247 247 247 248 248 249 249 250 251 251 251 251 252 252 253 253 253 253 254 254 255 255 255 255 256 256 256 256 256 257 257 257 257 258 258 478 468 468 469 469 469 465 465 466 466 466 467 467 468 468 468 469 469 469 470 470 470 471 471 471 472 472 472 473 473 473 474 474 474 475 475 475 475 476 476 476 477 477 477 477 478 478 478 478 479 479 546 546
190 190 191 192 192 193 193 247 247 248 249 249 250 250 251 251 251 251 252 252 253 253 254 253 254 254 255 255 255 255 256 256 257 256 257 257 258 257 257 258 258 248 468 468 469 469 470 465 465 466 466 467 467 467 468 468 468 469 469 470 470 470 471 471 471 472 472 472 473 473 473 474 474 474 474 475 475 475 476 476 476 477 477 477 477 478 478 478 478 479 479 479 546 547
190 191 191 192 192 193 194 193 194 248 249 249 250 251 251 252 251 252 252 253 253 254 254 254 254 255 255 256 255 256 256 257 257 256 257 257 258 257 258 247 247 248 248 469 469 470 470 465 466 466 466 467 467 468 468 468 469 469 469 470 470 470 471 471 472 472 472 473 473 473 473 474 474 474 475 475 475 476 476 476 476 477 477 477 478 478 478 478 479 479 479 479 547 547
190 191 192 192 193 193 194 193 194 195 195 250 250 251 251 252 251 252 252 253 253 254 254 254 254 255 255 256 255 256 256 257 257 257 257 258 258 257 247 247 248 248 249 469 469 470 470 466 466 466 467 467 467 468 468 469 469 469 470 470 470 471 471 471 472 472 472 473 473 473 474 474 474 475 475 475 476 476 476 476 477 477 477 478 478 478 478 479 479 479 479 480 547 547
191 191 192 192 193 194 194 194 194 195 195 196 197 251 252 252 252 252 253 253 254 254 255 254 255 255 256 256 256 256 257 257 257 257 257 258 258 247 247 248 248 248 249 249 470 470 470 466 466 467 467 467 468 468 468 469 469 470 470 470 471 471 471 472 472 472 473 473 473 474 474 474 475 475 475 475 476 476 476 477 477 477 477 478 478 478 479 479 479 479 480 480 547 547
191 191 192 193 193 194 194 194 195 195 196 196 197 197 198 252 252 252 253 253 254 254 255 254 255 255 256 256 256 256 257 257 258 257 258 247 247 247 247 248 248 249 249 249 250 470 471 466 466 467 467 468 468 468 469 469 469 470 470 470 471 471 472 472 472 473 473 473 473 474 474 474 475 475 475 476 476 476 477 477 477 477 478 478 478 478 479 479 479 480 480 480 547 548
191 192 192 193 194 194 195 194 195 195 196 196 197 198 198 199 198 253 253 254 254 255 255 255 255 256 256 257 256 257 257 257 258 257 247 247 248 247 248 248 248 249 249 250 250 250 471 466 467 467 467 468 468 469 469 469 470 470 470 471 471 471 472 472 472 473 473 473 474 474 474 475 475 475 476 476 476 476 477 477 477 478 478 478 478 479 479 479 479 480 480 547 548 548
191 192 193 193 194 194 195 194 195 196 196 197 197 198 198 199 198 199 199 200 254 255 255 255 255 256 256 257 256 257 257 258 247 247 247 248 248 247 248 248 249 249 249 250 250 251 471 466 467 467 468 468 468 469 469 469 470 470 471 471 471 472 472 472 473 473 473 474 474 474 475 475 475 475 476 476 476 477 477 477 478 478 478 478 479 479 479 479 480 480 480 480 548 548
192 192 193 193 194 195 195 195 195 196 196 197 198 198 199 199 199 199 200 200 201 201 256 255 256 256 257 257 257 257 257 247 247 247 247 248 248 248 248 248 249 249 250 250 251 251 251 467 467 467 468 468 469 469 469 470 470 470 471 471 471 472 472 473 473 473 473 474 474 474 475 475 475 476 476 476 477 477 477 477 478 478 478 479 479 479 479 480 480 480 480 481 548 548
192 193 193 194 194 195 195 195 196 196 197 197 198 198 199 199 199 199 200 200 201 201 202 201 256 256 257 257 257 246 247 247 248 247 248 248 248 248 248 249 249 250 250 250 251 251 252 247 467 468 468 468 469 469 470 470 470 471 471 471 472 472 472 473 473 473 474 474 474 475 475 475 476 476 476 477 477 477 477 478 478 478 479 479 479 479 480 480 480 480 481 481 548 548
192 193 193 194 195 195 196 195 196 196 197 197 198 199 199 200 199 200 200 201 201 202 202 202 202 203 203 258 246 247 247 247 248 247 248 248 249 248 248 249 249 250 250 251 251 251 252 247 248 468 468 469 469 469 470 470 471 471 471 472 472 472 473 473 473 474 474 474 475 475 475 476 476 476 476 477 477 477 478 478 478 478 479 479 479 480 480 480 480 481 481 481 548 549
192 193 194 194 195 195 196 195 196 197 197 198 198 199 199 200 199 200 200 201 201 202 202 202 202 203 192 193 192 193 247 248 248 248 248 248 249 248 249 249 250 250 250 251 251 252 252 247 248 248 469 469 469 470 470 470 471 471 471 472 472 472 473 473 473 474 474 474 475 475 475 476 476 476 477 477 477 478 478 478 478 479 479 479 479 480 480 480 481 481 481 481 549 549
193 193 194 194 195 196 196 196 196 197 197 198 198 199 200 200 200 200 201 201 202 202 203 202 192 192 193 193 193 193 193 194 194 248 248 249 249 249 249 249 250 250 251 251 251 252 252 248 248 248 469 469 469 470 470 471 471 471 472 472 472 473 473 473 474 474 474 475 475 475 476 476 476 477 477 477 477 478 478 478 479 479 479 479 480 480 480 480 481 481 481 481 549 549
193 194 194 195 195 196 196 196 197 197 198 198 199 199 200 200 200 200 201 201 202 202 203 191 192 192 193 193 194 193 194 194 195 194 194 195 195 249 249 250 250 250 251 251 252 252 252 248 248 249 249 469 470 470 470 471 471 471 472 472 473 473 473 474 474 474 475 475 475 475 476 476 476 477 477 477 478 478 478 478 479 479 479 480 480 480 480 481 481 481 481 482 549 549
193 194 194 195 196 196 197 196 197 197 198 198 199 200 200 201 200 201 201 202 202 192 192 192 192 193 193 193 194 193 194 194 195 194 195 195 196 195 195 196 196 251 251 251 252 252 253 248 248 249 249 250 470 470 471 471 471 472 472 472 473 473 473 474 474 474 475 475 475 476 476 476 477 477 477 478 478 478 478 479 479 479 480 480 480 480 481 481 481 481 482 482 549 549
193 194 195 195 196 196 197 196 197 198 198 199 199 200 200 201 200 201 201 191 191 192 192 192 192 193 193 194 194 194 194 195 195 194 195 195 196 195 196 196 196 197 197 198 198 252 253 248 249 249 249 250 250 470 471 471 472 472 472 473 473 473 474 474 474 475 475 475 476 476 476 477 477 477 477 478 478 478 479 479 479 479 480 480 480 481 481 481 481 482 482 482 549 550
194 194 195 195 196 197 197 197 197 198 198 199 199 200 200 201 201 190 191 191 192 192 193 192 193 193 193 194 194 194 194 195 195 195 195 196 196 195 196 196 197 197 197 198 198 199 199 194 195 195 250 250 250 251 471 471 472 472 472 473 473 473 474 474 474 475 475 475 476 476 476 477 477 477 478 478 478 479 479 479 479 480 480 480 480 481 481 481 481 482 482 482 549 550
194 194 195 196 196 197 197 198 197 198 199 199 200 200 201 190 190 190 191 191 192 192 193 192 193 193 194 194 195 194 195 195 195 195 195 196 196 196 196 196 197 197 198 198 198 199 199 195 195 195 196 196 197 197 197 418 418 472 473 473 473 474 474 474 475 475 475 476 476 476 477 477 477 478 478 478 478 479 479 479 480 480 480 480 481 481 481 481 482 482 428 428 496 496
194 195 195 196 196 197 198 198 198 198 199 199 200 189 190 190 190 190 191 191 192 192 193 192 193 193 194 194 195 194 195 195 196 195 195 196 196 196 196 197 197 197 198 198 199 199 199 195 195 196 196 196 197 197 197 198 418 419 419 419 420 420 420 421 421 421 422 422 422 422 423 423 423 424 424 424 425 425 425 425 426 426 426 427 427 427 427 428 428 428 428 429 496 496
194 195 196 196 197 197 198 198 198 198 188 189 189 190 190 191 190 191 191 192 192 193 193 193 193 194 194 195 195 194 195 195 196 195 196 196 197 196 196 197 197 198 198 198 199 199 200 195 195 196 196 197 197 197 198 198 198 419 419 419 420 420 420 421 421 421 422 422 422 423 423 423 424 424 424 424 425 425 425 426 426 426 426 427 427 427 428 428 428 428 429 429 496 496
195 195 196 196 197 197 198 199 187 188 188 189 189 190 190 191 190 191 191 192 192 193 193 193 193 194 194 195 195 195 195 196 196 195 196 196 197 196 197 197 197 198 198 199 199 199 200 195 196 196 196 197 197 197 198 198 199 199 419 420 420 420 421 421 421 422 422 422 423 423 423 423 424 424 424 425 425 425 426 426 426 426 427 427 427 427 428 428 428 428 429 429 496 496
195 195 196 197 197 187 187 188 187 188 188 189 190 190 191 191 191 191 192 192 193 193 194 193 194 194 195 195 195 195 195 196 196 196 196 197 197 196 197 197 198 198 198 199 199 200 200 195 196 196 197 197 197 198 198 198 199 199 199 420 420 420 421 421 421 422 422 422 423 423 423 424 424 424 425 425 425 425 426 426 426 427 427 427 427 428 428 428 428 429 429 429 496 497
195 196 196 186 186 187 188 188 188 188 189 189 190 190 191 191 191 191 192 192 193 193 194 193 194 194 195 195 196 195 196 196 196 196 196 197 197 197 197 197 198 198 199 199 199 200 200 196 196 196 197 197 197 198 198 199 199 199 200 200 420 421 421 421 422 422 422 423 423 423 424 424 424 424 425 425 425 426 426 426 426 427 427 427 428 428 428 428 429 429 429 429 497 497
184 185 185 186 187 187 188 188 188 188 189 189 190 191 191 192 191 192 192 193 193 194 194 194 194 194 195 195 196 195 196 196 197 196 197 197 197 197 197 198 198 198 199 199 200 200 200 196 196 197 197 197 198 198 198 199 199 199 200 200 201 421 421 422 422 422 422 423 423 423 424 424 424 425 425 425 426 426 426 426 427 427 427 427 428 428 428 429 429 429 429 430 497 497
184 185 186 186 187 187 188 188 188 189 189 190 190 191 191 192 191 192 192 193 193 194 194 194 194 195 195 196 196 196 196 196 197 196 197 197 198 197 197 198 198 199 199 199 200 200 201 196 196 197 197 198 198 198 199 199 199 200 200 200 201 201 421 422 422 422 423 423 423 424 424 424 425 425 425 425 426 426 426 427 427 427 427 428 428 428 428 429 429 429 429 430 497 497
185 185 186 186 187 188 188 189 188 189 189 190 190 191 191 192 191 192 192 193 193 194 194 194 194 195 195 196 196 196 196 197 197 196 197 197 198 197 198 198 198 199 199 200 200 200 201 196 197 197 197 198 198 198 199 199 200 200 200 201 201 201 202 422 422 423 423 423 423 424 424 424 425 425 425 426 426 426 426 427 427 427 428 428 428 428 429 429 429 429 430 430 497 497
