testData/tiles/oneDegree/grid10.0-26.0-11.0-27.0.asc
ncols   200
nrows   200
xllcorner   10.0
yllcorner   26.0
cellsize   0.005
NODATA_value   -9999.0
[rows 126 to 167 of 200, columns 94 to 187 of 200]
453 452 452 451 450 449 449 448 447 446 445 444 444 443 442 441 440 439 438 437 437 436 435 434 433 432 431 430 429 428 427 426 425 424 423 422 420 419 418 417 416 415 413 412 411 410 409 407 406 405 403 402 401 399 398 396 395 393 392 390 389 387 385 384 382 380 379 377 375 373 371 369 367 365 363 363 363 363 363 363 363 363 363 363 363 363 363 363 363 382 382 382 301 301
454 453 452 451 451 450 449 448 447 447 446 445 444 443 442 442 441 440 439 438 437 436 435 434 433 432 431 430 429 428 427 426 425 424 423 422 421 420 419 418 417 415 414 413 412 410 409 408 407 405 404 403 401 400 399 397 396 394 393 391 390 388 386 385 383 381 379 378 376 374 372 370 368 366 364 363 363 363 363 363 363 363 363 363 363 363 363 363 382 382 382 382 301 301
454 453 453 452 451 450 450 449 448 447 446 446 445 444 443 442 441 440 440 439 438 437 436 435 434 433 432 431 430 429 428 427 426 425 424 423 422 421 419 418 417 416 415 414 412 411 410 409 407 406 405 403 402 401 399 398 396 395 393 392 390 389 387 385 384 382 380 379 377 375 373 371 369 367 365 363 363 363 363 363 363 363 363 363 363 363 363 382 382 382 382 382 382 301
455 454 453 452 452 451 450 449 449 448 447 446 445 444 444 443 442 441 440 439 438 437 436 435 435 434 433 432 431 430 429 428 427 426 424 423 422 421 420 419 418 417 415 414 413 412 411 409 408 407 405 404 403 401 400 399 397 396 394 393 391 390 388 386 385 383 381 379 378 376 374 372 370 368 366 364 363 363 363 363 363 363 363 363 363 363 382 382 382 382 382 382 382 301
455 454 454 453 452 451 451 450 449 448 447 447 446 445 444 443 442 442 441 440 439 438 437 436 435 434 433 432 431 430 429 428 427 426 425 424 423 422 421 420 418 417 416 415 414 413 411 410 409 407 406 405 404 402 401 399 398 396 395 393 392 390 389 387 385 384 382 380 379 377 375 373 371 369 367 365 363 363 363 363 363 363 363 363 382 382 382 382 382 382 382 382 382 382
317 316 315 314 314 313 312 450 450 449 448 447 446 445 445 444 443 442 441 440 439 438 438 437 436 435 434 433 432 431 430 429 428 427 426 425 424 422 421 420 419 418 417 416 414 413 412 411 409 408 407 406 404 403 401 400 399 397 396 394 393 391 390 388 386 385 383 381 379 378 376 374 372 370 368 366 363 363 363 363 363 363 363 382 382 382 382 382 382 382 243 243 243 243
317 316 316 315 314 313 313 312 311 310 309 309 308 307 306 305 304 304 303 441 440 439 438 437 436 435 434 433 432 431 430 429 428 427 426 425 424 423 422 421 420 419 417 416 415 414 413 411 410 409 408 406 405 404 402 401 399 398 396 395 393 392 390 389 387 385 384 382 380 378 377 375 373 371 369 367 364 363 224 224 224 224 243 243 243 243 243 243 243 243 243 243 243 243
318 317 316 315 315 314 313 312 312 311 310 309 308 307 307 306 305 304 303 302 301 301 300 299 298 297 296 295 294 293 292 291 290 289 288 287 286 285 284 282 281 280 279 278 277 275 274 273 272 270 269 268 267 265 264 262 261 260 258 257 255 254 252 250 249 247 246 244 242 240 238 237 235 233 231 229 226 224 224 224 224 243 243 243 243 243 243 243 243 243 243 243 243 243
318 317 317 316 315 314 314 313 312 311 310 310 309 308 307 306 305 305 304 303 302 301 300 299 298 297 296 295 294 293 292 291 290 289 288 287 286 285 284 283 282 281 280 278 277 276 275 274 272 271 270 269 267 266 265 263 262 260 259 257 256 254 253 251 250 248 246 245 243 241 239 237 236 234 232 230 227 225 224 224 243 243 243 243 243 243 243 243 243 243 243 243 243 243
319 318 317 316 316 315 314 313 313 312 311 310 309 308 308 307 306 305 304 303 302 302 301 300 299 298 297 296 295 294 293 292 291 290 289 288 287 286 285 284 282 281 280 279 278 277 275 274 273 272 270 269 268 267 265 264 262 261 260 258 257 255 254 252 250 249 247 245 244 242 240 238 236 234 232 230 228 226 224 243 243 243 243 243 243 243 243 243 243 243 243 243 243 243
319 318 318 317 316 315 315 314 313 312 311 311 310 309 308 307 306 306 305 304 303 302 301 300 299 298 297 296 295 295 294 293 292 291 289 288 287 286 285 284 283 282 281 280 278 277 276 275 274 272 271 270 268 267 266 264 263 262 260 259 257 256 254 253 251 250 248 246 244 243 241 239 237 235 233 231 229 246 244 243 243 243 243 243 243 243 243 243 243 243 243 243 243 243
320 319 318 317 317 316 315 314 313 313 312 311 310 309 309 308 307 306 305 304 303 303 302 301 300 299 298 297 296 295 294 293 292 291 290 289 288 287 286 285 284 282 281 280 279 278 277 275 274 273 272 270 269 268 266 265 264 262 261 259 258 256 255 253 252 250 249 247 245 243 242 240 238 236 234 232 249 247 245 243 243 243 243 243 243 243 243 243 243 243 243 243 243 243
320 319 318 318 317 316 315 315 314 313 312 312 311 310 309 308 307 307 306 305 304 303 302 301 300 299 298 297 297 296 295 294 293 292 291 289 288 287 286 285 284 283 282 281 280 278 277 276 275 274 272 271 270 268 267 266 264 263 262 260 259 257 256 254 253 251 249 248 246 244 242 241 239 237 235 252 250 248 246 244 243 243 243 243 243 243 243 243 243 243 243 243 243 243
320 320 319 318 317 317 316 315 314 314 313 312 311 310 310 309 308 307 306 305 304 303 303 302 301 300 299 298 297 296 295 294 293 292 291 290 289 288 287 286 285 284 282 281 280 279 278 277 275 274 273 272 270 269 268 266 265 264 262 261 259 258 256 255 253 252 250 248 247 245 243 241 240 238 255 253 251 249 247 244 243 243 243 243 243 243 243 243 243 243 243 243 243 243
321 320 319 319 318 317 316 316 315 314 313 312 312 311 310 309 308 307 307 306 305 304 303 302 301 300 299 298 297 297 296 295 294 293 292 291 289 288 287 286 285 284 283 282 281 279 278 277 276 275 273 272 271 270 268 267 266 264 263 261 260 258 257 255 254 252 251 249 247 246 244 242 240 258 256 254 252 250 248 245 243 243 243 243 243 243 243 243 243 243 243 243 243 243
321 320 320 319 318 318 317 316 315 314 314 313 312 311 310 310 309 308 307 306 305 304 304 303 302 301 300 299 298 297 296 295 294 293 292 291 290 289 288 287 286 285 283 282 281 280 279 278 276 275 274 273 271 270 269 268 266 265 263 262 261 259 258 256 255 253 251 250 248 246 245 243 260 258 256 254 253 250 248 246 244 243 243 243 243 243 243 243 243 243 243 243 243 243
322 321 320 319 319 318 317 316 316 315 314 313 312 312 311 310 309 308 307 307 306 305 304 303 302 301 300 299 298 297 296 296 295 294 293 291 290 289 288 287 286 285 284 283 282 281 279 278 277 276 275 273 272 271 269 268 267 265 264 263 261 260 258 257 255 254 252 250 249 247 245 263 261 259 257 255 253 251 249 247 245 243 243 243 243 243 243 243 243 243 243 243 243 243
322 321 321 320 319 318 318 317 316 315 314 314 313 312 311 310 310 309 308 307 306 305 304 303 303 302 301 300 299 298 297 296 295 294 293 292 291 290 289 288 287 286 284 283 282 281 280 279 278 276 275 274 273 271 270 269 267 266 265 263 262 260 259 257 256 254 253 251 249 248 265 263 262 260 258 256 254 252 250 248 246 244 243 243 243 243 243 243 243 243 243 243 243 243
322 322 321 320 319 319 318 317 316 316 315 314 313 312 312 311 310 309 308 307 307 306 305 304 303 302 301 300 299 298 297 296 295 294 293 292 291 290 289 288 287 286 285 284 283 282 280 279 278 277 276 274 273 272 271 269 268 267 265 264 262 261 259 258 256 255 253 252 250 267 266 264 262 260 259 257 255 253 251 249 247 244 243 243 243 243 243 243 243 243 243 243 243 243
323 322 321 321 320 319 318 318 317 316 315 314 314 313 312 311 310 310 309 308 307 306 305 304 303 303 302 301 300 299 298 297 296 295 294 293 292 291 290 289 288 287 285 284 283 282 281 280 279 277 276 275 274 272 271 270 268 267 266 264 263 261 260 259 257 256 254 252 270 268 266 265 263 261 259 257 256 254 252 250 247 245 243 243 243 243 243 243 243 243 243 243 243 243
323 322 322 321 320 319 319 318 317 316 316 315 314 313 312 312 311 310 309 308 307 307 306 305 304 303 302 301 300 299 298 297 296 295 294 293 292 291 290 289 288 287 286 285 284 283 281 280 279 278 277 275 274 273 272 270 269 268 266 265 263 262 261 259 258 256 274 272 270 269 267 265 264 262 260 258 256 254 252 250 248 246 244 243 243 243 243 243 243 243 243 243 243 243
324 323 322 321 321 320 319 318 318 317 316 315 314 314 313 312 311 310 310 309 308 307 306 305 304 303 302 302 301 300 299 298 297 296 295 294 293 292 291 290 289 287 286 285 284 283 282 281 280 278 277 276 275 273 272 271 269 268 267 265 264 263 261 260 258 276 274 273 271 269 268 266 264 263 261 259 257 255 253 251 249 247 245 243 243 243 243 243 243 243 243 243 243 243
324 323 322 322 321 320 319 319 318 317 316 316 315 314 313 312 312 311 310 309 308 307 306 306 305 304 303 302 301 300 299 298 297 296 295 294 293 292 291 290 289 288 287 286 285 283 282 281 280 279 278 276 275 274 273 271 270 269 267 266 265 263 262 260 278 276 275 273 272 270 268 267 265 263 261 260 258 256 254 252 250 248 245 243 243 243 243 243 243 243 243 243 243 243
324 324 323 322 321 321 320 319 318 318 317 316 315 314 314 313 312 311 310 309 309 308 307 306 305 304 303 302 301 300 300 299 298 297 296 295 294 293 292 290 289 288 287 286 285 284 283 282 280 279 278 277 276 274 273 272 271 269 268 266 265 264 262 280 278 277 275 274 272 271 269 267 266 264 262 260 258 256 254 252 250 248 246 244 243 243 243 243 243 243 243 243 243 243
325 324 323 322 322 321 320 319 319 318 317 316 316 315 314 313 312 312 311 310 309 308 307 306 305 305 304 303 302 301 300 299 298 297 296 295 294 293 292 291 290 289 288 287 285 284 283 282 281 280 279 277 276 275 274 272 271 270 268 267 266 264 282 280 279 277 276 274 273 271 269 268 266 264 263 261 259 257 255 253 251 249 247 245 243 243 243 243 243 243 243 243 243 243
325 324 323 323 322 321 321 320 319 318 317 317 316 315 314 314 313 312 311 310 309 308 308 307 306 305 304 303 302 301 300 299 298 297 296 295 294 293 292 291 290 289 288 287 286 285 284 283 281 280 279 278 277 275 274 273 271 270 269 267 266 284 282 281 279 278 276 275 273 272 270 268 267 265 263 261 260 258 256 254 252 250 248 245 243 243 243 243 243 243 243 243 243 243
325 325 324 323 322 322 321 320 319 319 318 317 316 315 315 314 313 312 311 311 310 309 308 307 306 305 304 304 303 302 301 300 299 298 297 296 295 294 293 292 291 290 289 287 286 285 284 283 282 281 279 278 277 276 275 273 272 271 269 268 286 284 283 281 280 278 277 275 274 272 271 269 267 266 264 262 260 258 256 254 252 250 248 246 244 243 243 243 243 243 243 243 243 243
326 325 324 323 323 322 321 320 320 319 318 317 317 316 315 314 313 313 312 311 310 309 308 307 307 306 305 304 303 302 301 300 299 298 297 296 295 294 293 292 291 290 289 288 287 286 285 283 282 281 280 279 277 276 275 274 272 271 270 287 286 285 283 282 280 279 277 276 274 273 271 270 268 266 264 263 261 259 257 255 253 251 249 247 245 243 243 243 243 243 243 243 243 243
326 325 324 324 323 322 322 321 320 319 319 318 317 316 315 315 314 313 312 311 310 310 309 308 307 306 305 304 303 302 301 300 300 299 298 297 296 295 294 293 291 290 289 288 287 286 285 284 283 281 280 279 278 277 275 274 273 272 289 288 287 285 284 282 281 279 278 276 275 273 272 270 268 267 265 263 261 260 258 256 254 252 250 247 245 243 243 243 243 243 243 243 243 243
326 325 325 324 323 323 322 321 320 320 319 318 317 316 316 315 314 313 312 312 311 310 309 308 307 306 305 305 304 303 302 301 300 299 298 297 296 295 294 293 292 291 290 289 288 286 285 284 283 282 281 280 278 277 276 275 273 291 290 288 287 286 284 283 281 280 278 277 275 274 272 271 269 267 266 264 262 260 258 256 254 252 250 248 246 244 243 243 243 243 243 243 243 243
326 326 325 324 324 323 322 321 321 320 319 318 318 317 316 315 314 314 313 312 311 310 309 308 308 307 306 305 304 303 302 301 300 299 298 297 296 295 294 293 292 291 290 289 288 287 286 285 283 282 281 280 279 277 276 275 293 291 290 289 287 286 285 283 282 280 279 277 276 274 273 271 269 268 266 264 263 261 259 257 255 253 251 249 247 244 243 243 243 243 243 243 243 243
327 326 325 325 324 323 322 322 321 320 319 319 318 317 316 316 315 314 313 312 311 311 310 309 308 307 306 305 304 303 302 302 301 300 299 298 297 296 295 294 293 292 290 289 288 287 286 285 284 283 281 280 279 278 277 294 293 292 291 289 288 287 285 284 282 281 279 278 276 275 273 272 270 268 267 265 263 261 259 257 256 254 252 249 247 245 243 243 243 243 243 243 243 243
327 326 326 325 324 324 323 322 321 321 320 319 318 317 317 316 315 314 313 313 312 311 310 309 308 307 306 306 305 304 303 302 301 300 299 298 297 296 295 294 293 292 291 290 289 288 286 285 284 283 282 281 279 278 296 295 294 292 291 290 288 287 286 284 283 281 280 278 277 275 274 272 270 269 267 265 264 262 260 258 256 254 252 250 248 246 243 243 243 243 243 243 243 243
327 327 326 325 325 324 323 322 322 321 320 319 319 318 317 316 315 315 314 313 312 311 310 309 309 308 307 306 305 304 303 302 301 300 300 299 298 297 296 295 294 293 292 291 290 288 287 286 285 283 282 281 280 298 296 295 294 293 291 290 289 287 286 285 283 282 280 279 277 276 274 273 271 269 268 266 264 262 260 259 257 255 253 251 248 246 244 243 243 243 243 243 243 243
328 327 326 326 325 324 323 323 322 321 320 320 319 318 317 316 316 315 314 313 312 311 311 310 309 308 307 306 305 304 304 304 303 302 301 300 299 298 297 296 295 294 293 291 290 289 288 287 286 284 283 281 299 298 297 296 294 293 292 290 289 288 286 285 284 282 281 279 278 276 275 273 271 270 268 266 265 263 261 259 257 255 253 251 249 247 245 243 243 243 243 243 243 243
328 327 327 326 325 324 324 323 322 321 321 320 319 318 318 317 316 315 314 313 313 312 311 310 309 308 307 307 307 306 305 304 303 302 302 301 300 299 298 297 296 295 294 293 292 290 289 287 286 285 284 301 300 298 297 296 295 293 292 291 289 288 287 285 284 283 281 280 278 277 275 273 272 270 269 267 265 263 261 260 258 256 254 252 250 247 245 243 243 243 243 243 243 243
328 327 327 326 325 325 324 323 322 322 321 320 319 319 318 317 316 315 315 314 313 312 311 310 309 309 309 308 307 306 305 305 304 303 302 301 300 299 298 297 296 295 294 293 292 291 290 289 287 285 303 302 301 299 298 296 295 294 293 291 290 289 287 286 284 283 282 280 279 277 275 274 272 271 269 267 266 264 262 260 258 256 254 252 250 248 246 244 243 243 243 243 243 243
328 328 327 326 326 325 324 323 323 322 321 320 320 319 318 317 316 316 315 314 313 312 311 311 311 310 309 308 308 307 306 305 305 304 304 303 302 301 300 299 298 297 296 294 293 291 290 289 288 306 305 302 301 300 299 297 295 294 293 292 290 289 288 286 285 283 282 280 279 277 276 274 273 271 269 268 266 264 262 261 259 257 255 253 251 249 246 244 243 243 243 243 243 243
329 328 327 327 326 325 324 324 323 322 321 321 320 319 318 318 317 316 315 314 313 313 312 312 311 310 310 309 308 308 307 307 306 305 304 303 302 301 300 299 298 297 296 295 294 293 292 290 307 306 305 304 303 300 299 298 296 294 293 292 291 289 288 287 285 284 282 281 279 278 276 275 273 272 270 268 266 265 263 261 259 257 255 253 251 249 247 245 243 243 243 243 243 243
329 328 328 327 326 325 325 324 323 322 322 321 320 319 319 318 317 316 315 315 314 313 313 312 311 311 311 310 309 309 308 307 306 305 305 304 303 302 301 300 299 298 297 296 295 293 292 310 309 307 305 304 303 302 300 298 297 295 294 292 291 290 288 287 286 284 283 281 280 278 277 275 274 272 270 269 267 265 263 262 260 258 256 254 252 250 247 245 243 243 243 243 243 243
329 328 328 327 326 326 325 324 323 323 322 321 320 320 319 318 317 316 316 315 314 314 313 312 313 312 311 311 310 309 308 308 307 306 305 304 304 303 302 301 299 298 297 296 295 294 312 311 309 308 307 305 303 302 301 299 297 296 294 293 291 290 289 287 286 284 283 282 280 279 277 276 274 272 271 269 267 266 264 262 260 258 256 254 252 250 248 246 243 243 243 243 243 243
329 329 328 327 327 326 325 324 324 323 322 321 321 320 319 318 317 317 316 315 315 314 315 314 313 313 312 311 310 310 309 309 308 307 307 306 305 304 303 302 301 300 299 298 297 314 312 311 310 309 307 306 305 303 301 300 299 296 295 293 292 290 289 288 286 285 283 282 280 279 277 276 274 273 271 269 268 266 264 262 261 259 257 255 253 251 248 246 244 243 243 243 243 243
