testData/tiles/oneDegree/grid25.0-37.0-26.0-38.0.asc
ncols   200
nrows   200
xllcorner   25.0
yllcorner   37.0
cellsize   0.005
NODATA_value   -9999.0
[rows 42 to 83 of 200, columns 0 to 93 of 200]
784 786 787 788 790 792 792 793 796 797 798 798 800 801 801 803 804 804 806 807 808 809 809 810 811 812 813 815 815 816 817 819 820 821 822 822 824 825 826 826 827 828 828 829 830 831 831 832 833 834 834 835 836 836 837 838 839 839 840 841 841 842 842 843 843 844 845 846 845 827 828 828 829 829 830 830 831 831 831 832 833 833 833 834 782 783 783 783 770 771 772 772 773 773
786 787 789 790 791 793 794 794 796 799 799 800 802 802 803 804 805 806 806 808 810 809 811 811 812 813 814 815 816 817 818 819 820 822 823 823 824 825 827 827 828 829 830 830 831 832 832 833 834 835 835 836 837 838 838 839 840 840 841 841 842 842 843 844 844 845 845 846 846 847 829 829 829 830 831 831 831 832 833 833 833 834 834 834 783 784 782 770 771 771 772 773 773 774
786 789 791 791 793 795 796 796 797 800 800 801 803 804 804 805 807 807 808 808 811 811 811 813 813 814 815 816 816 818 819 820 820 821 824 825 825 826 827 827 828 830 831 831 832 833 834 834 835 836 836 837 838 839 839 839 840 840 841 842 843 843 844 845 845 845 846 847 847 847 848 830 830 831 831 831 832 833 833 833 834 834 835 835 784 783 770 771 771 772 773 773 774 775
788 790 792 793 794 796 798 797 799 801 802 803 805 805 806 806 808 809 809 810 813 812 813 814 815 815 816 817 818 818 820 821 821 822 823 826 826 827 828 829 829 830 831 831 832 833 834 834 835 836 836 837 838 839 839 840 841 842 842 843 844 843 844 845 846 846 847 847 847 848 849 831 830 831 832 833 832 833 834 834 834 835 836 835 783 771 770 771 772 772 773 774 774 775
789 791 794 795 796 798 798 799 800 802 803 804 805 807 807 808 810 810 810 811 812 815 814 815 816 816 817 818 819 819 820 822 823 823 824 825 825 827 829 830 830 831 832 832 833 834 835 835 836 837 838 838 839 840 840 841 842 842 842 843 844 844 845 846 847 846 847 848 849 849 849 850 831 832 832 833 833 834 834 834 835 836 835 822 771 771 772 772 772 773 774 774 775 776
791 792 795 797 797 799 800 800 802 803 804 806 807 808 809 809 810 812 811 813 813 814 816 816 817 818 818 819 820 820 821 822 823 824 825 826 827 827 829 830 830 831 833 834 834 835 836 836 837 838 839 839 840 840 841 841 842 843 843 844 845 846 845 846 847 847 848 849 849 849 850 851 851 832 833 834 834 834 835 836 835 835 823 823 771 772 773 772 773 774 774 775 775 776
792 794 796 798 799 800 801 803 803 804 806 806 808 810 810 811 811 813 814 813 815 816 816 818 818 819 820 820 821 821 822 823 824 824 825 827 828 828 829 830 831 832 833 834 834 835 836 837 837 838 839 839 840 841 842 842 843 844 844 844 845 846 846 847 848 849 848 849 850 850 851 851 852 852 834 834 834 835 836 835 835 823 823 823 772 772 773 773 773 774 775 775 776 777
795 795 797 799 800 801 803 804 805 806 807 808 808 810 812 811 813 814 815 815 816 817 818 818 820 820 820 822 822 823 822 824 825 825 826 827 828 828 830 831 832 832 834 835 835 836 837 838 838 839 840 840 841 842 843 842 843 844 845 845 846 847 847 847 848 849 849 850 851 850 851 852 853 852 853 835 835 834 835 836 822 823 824 825 772 773 774 773 774 775 775 776 776 777
796 797 799 800 803 803 804 806 805 807 809 809 810 812 813 814 814 815 817 816 817 818 819 819 820 822 821 822 824 824 824 824 825 827 827 828 829 829 830 831 832 832 833 834 836 837 838 839 838 839 840 841 841 842 843 843 844 845 846 846 846 847 847 848 849 850 849 850 851 852 852 852 853 853 854 834 835 835 836 823 823 824 824 773 773 773 774 774 774 775 776 776 777 778
798 798 800 802 802 804 806 807 808 809 809 811 811 812 815 815 815 816 817 818 818 819 821 820 821 822 824 823 824 826 825 826 826 827 827 829 830 831 831 832 833 833 834 835 836 836 838 839 839 840 841 842 842 843 844 844 845 845 846 846 847 848 849 849 849 850 850 851 852 852 852 853 854 852 853 854 836 822 823 824 824 824 825 774 773 774 775 775 775 776 776 777 777 777
799 801 802 803 804 806 807 808 809 810 811 812 813 814 814 817 816 818 819 819 820 820 821 822 822 823 824 825 826 826 827 827 828 828 828 829 830 831 831 833 834 834 835 836 837 837 838 839 840 841 842 843 842 843 844 845 845 846 847 847 848 848 849 849 850 851 851 851 852 853 852 852 853 854 854 854 842 823 824 824 825 825 825 774 774 774 775 776 775 776 777 777 777 778
801 802 803 804 805 807 809 809 811 811 812 814 814 815 816 817 818 818 820 821 820 822 822 823 824 824 825 824 827 828 828 828 828 830 829 830 831 832 832 833 834 835 835 836 837 837 838 839 840 840 841 842 842 844 845 846 846 847 847 847 848 849 850 850 850 851 851 851 852 852 852 853 854 855 854 842 843 842 824 825 826 825 826 775 774 775 776 776 776 777 777 777 777 778
802 804 805 805 807 808 808 811 812 812 814 814 816 815 817 818 820 820 820 822 822 823 824 824 824 826 826 826 826 829 830 829 830 830 831 830 832 833 833 834 835 836 836 837 838 838 839 840 841 841 842 843 844 844 844 845 845 846 847 848 848 849 849 849 850 851 852 851 852 853 853 854 854 842 842 843 843 843 825 825 826 826 826 775 776 775 776 777 776 777 777 777 778 779
804 805 805 807 808 810 810 812 813 814 815 816 817 817 819 819 820 821 822 824 823 824 825 826 826 826 828 828 828 828 830 831 831 832 832 832 832 833 833 834 835 836 837 838 839 840 840 840 841 841 842 843 844 844 845 846 846 847 848 848 848 849 850 850 851 851 852 852 853 854 854 854 842 843 842 843 844 844 844 826 827 826 827 776 776 776 777 777 777 777 777 778 778 779
805 806 808 808 810 810 811 813 814 816 816 817 818 819 819 821 821 822 823 824 826 825 826 826 827 828 828 829 829 830 830 830 832 832 834 833 834 834 835 835 836 837 837 838 839 840 840 841 842 842 843 844 845 845 846 846 847 847 848 849 849 850 850 851 851 852 853 852 853 854 855 842 842 843 843 844 844 845 845 845 827 827 827 776 777 776 777 777 777 777 778 778 779 780
807 807 809 810 811 812 814 813 815 817 817 819 819 821 820 821 823 822 824 825 826 827 827 828 828 829 830 830 830 830 832 832 832 834 834 834 834 835 836 836 837 838 838 839 840 841 841 842 843 844 843 844 845 845 846 847 848 848 849 849 849 850 851 852 852 852 853 853 854 842 842 842 843 844 843 844 845 845 845 846 847 828 828 777 777 777 777 777 778 778 778 779 779 780
806 809 811 811 812 813 815 815 816 817 819 819 821 821 822 823 824 825 824 826 828 827 829 829 830 829 831 832 831 832 832 833 833 834 835 835 836 836 837 836 837 838 839 839 840 841 841 842 843 844 844 845 846 846 847 848 848 848 849 850 850 851 852 852 852 853 854 855 841 842 843 843 843 844 845 845 845 846 846 846 847 829 776 777 777 776 777 778 778 778 779 779 780 781
808 809 812 812 813 815 816 816 818 818 821 821 822 823 822 824 825 826 826 826 828 829 829 830 831 831 831 832 834 833 834 834 834 834 835 837 837 838 838 838 838 839 840 840 841 842 842 843 844 845 845 845 846 847 847 848 849 849 850 851 851 851 852 853 853 853 854 842 842 843 843 843 844 845 845 845 846 846 846 847 848 848 777 777 777 777 778 778 779 778 779 780 780 781
809 811 814 814 815 816 817 818 818 820 820 822 823 824 824 825 826 827 827 828 828 830 831 831 832 832 833 833 834 834 835 836 835 836 836 837 837 837 839 838 839 839 840 840 841 842 843 843 844 845 845 846 847 848 848 849 849 849 850 851 852 852 853 853 853 841 842 843 842 843 844 844 844 845 846 846 846 847 848 847 848 848 795 777 778 778 778 779 779 779 780 780 781 781
811 812 813 816 816 817 818 819 820 821 822 823 824 825 826 826 828 828 828 829 830 830 831 833 833 833 833 835 835 835 836 836 837 837 838 838 838 839 839 840 840 841 841 841 842 843 844 844 845 846 846 847 847 848 848 849 850 850 851 852 852 852 853 854 842 841 842 843 843 844 844 845 845 846 846 846 847 847 848 847 848 848 796 778 778 779 779 779 780 779 780 781 781 782
813 813 814 816 817 818 820 821 821 822 823 823 825 826 828 827 828 830 829 830 831 832 831 832 835 835 835 835 836 836 837 838 838 838 838 839 838 839 839 841 841 841 843 842 843 843 844 844 845 846 847 847 848 849 849 850 851 851 851 852 853 853 854 841 842 842 843 844 843 844 845 846 845 846 847 846 847 847 848 847 848 849 796 797 779 779 779 780 780 781 781 781 782 782
814 814 816 818 817 820 820 822 822 823 824 825 825 827 828 829 829 830 832 831 832 833 833 833 834 836 836 837 837 837 837 838 840 839 840 840 840 840 841 841 841 842 842 843 843 844 845 845 846 847 848 848 849 849 849 850 851 852 852 853 853 840 841 842 843 842 843 844 844 845 845 846 846 847 847 847 847 847 848 848 848 849 798 797 798 780 779 780 781 781 781 782 782 783
815 816 817 818 820 821 822 824 823 825 825 827 827 828 829 829 831 831 832 833 833 834 833 835 835 836 837 837 839 839 839 839 840 840 840 841 842 842 842 843 842 843 843 844 844 844 845 845 846 847 848 848 849 850 850 851 852 852 852 853 841 842 842 842 843 843 844 845 845 845 846 847 845 846 847 847 847 848 849 848 849 850 798 798 799 780 780 781 781 782 781 782 783 782
817 817 818 820 821 821 823 824 825 825 827 827 828 829 830 832 831 833 833 833 835 835 836 835 837 837 837 838 839 840 840 841 841 841 842 842 843 842 843 843 843 843 844 844 844 844 845 845 846 847 848 849 850 850 851 851 852 853 840 841 841 842 842 843 844 843 844 845 845 845 845 846 846 846 847 848 848 848 849 849 849 798 799 798 799 800 780 781 782 782 782 781 782 783
818 819 819 821 822 822 824 825 827 827 828 829 828 830 831 832 833 833 835 835 835 836 837 837 837 838 837 839 840 841 841 841 842 841 842 843 844 844 844 845 845 845 845 846 845 846 846 847 846 847 848 848 849 850 851 851 852 839 839 840 841 842 842 842 843 843 844 844 845 845 846 846 846 847 848 848 848 849 849 850 850 799 799 799 800 800 801 781 782 783 781 782 783 783
820 820 821 822 823 824 824 826 827 828 829 830 830 831 832 833 833 835 835 836 837 837 838 837 839 839 840 839 840 842 842 843 843 844 843 844 844 844 845 845 846 845 846 846 846 846 847 847 847 848 849 849 850 850 851 838 839 840 840 841 841 842 842 843 844 844 844 845 846 845 846 847 848 847 848 849 849 849 850 851 850 799 800 799 800 801 801 782 783 782 782 782 783 784
820 822 822 823 825 824 826 826 829 829 830 831 832 832 833 834 834 835 837 837 837 839 839 839 839 840 841 841 841 842 842 842 844 845 845 845 846 845 846 846 847 847 847 848 847 848 848 849 847 848 849 850 850 851 839 839 840 840 841 841 842 843 843 843 844 845 845 845 846 846 847 847 848 848 849 849 849 850 850 851 851 799 800 800 800 801 802 800 782 783 782 783 783 784
821 823 823 824 826 827 827 828 829 830 832 832 833 833 834 836 835 836 836 839 838 839 840 840 841 841 842 841 843 843 843 844 844 846 845 846 846 847 846 847 847 847 847 848 849 848 849 849 849 849 850 851 838 838 839 839 840 841 842 842 842 843 843 923 924 924 924 925 926 925 926 927 928 927 928 929 928 929 930 931 930 879 880 879 880 880 880 880 880 862 862 862 863 863
822 823 824 826 826 828 828 829 830 830 832 834 834 834 835 836 836 837 838 838 840 840 841 842 841 843 843 843 843 844 844 844 845 846 846 847 848 848 927 927 928 927 928 928 929 928 929 929 928 929 929 917 917 918 919 919 920 920 921 921 922 923 922 923 924 925 925 925 926 926 927 927 928 928 929 929 930 930 930 931 931 879 880 881 879 880 881 880 881 862 863 863 863 864
824 824 826 826 828 830 829 831 831 832 832 834 836 835 836 837 838 838 918 919 918 919 921 922 921 922 923 923 924 924 925 924 925 925 925 925 926 928 927 928 928 928 928 929 929 929 929 930 929 917 917 918 918 918 919 919 920 921 922 922 922 923 924 924 925 925 925 926 927 927 927 928 929 928 929 930 930 930 931 931 931 880 879 880 880 880 881 881 881 882 863 863 864 864
824 826 827 828 908 909 910 910 912 912 913 914 915 916 916 917 918 918 919 920 920 920 921 922 923 923 924 924 924 925 925 926 926 927 926 927 927 928 927 929 930 930 930 930 931 930 931 931 918 917 918 918 918 919 920 921 920 921 922 922 923 924 924 924 925 926 926 926 927 928 928 928 929 929 929 930 931 930 931 932 879 879 880 881 880 881 881 881 882 882 864 864 864 865
904 906 907 907 909 910 910 912 912 914 913 915 916 916 918 918 919 919 920 921 920 922 922 923 923 924 924 926 926 926 927 926 927 927 928 927 928 928 928 928 929 930 930 931 931 931 918 919 919 919 919 920 919 919 920 921 921 922 923 922 923 924 925 925 925 926 926 927 927 928 928 929 929 929 930 931 931 931 931 931 879 880 880 881 881 881 882 881 882 883 883 864 865 865
906 907 908 908 909 912 911 912 914 914 915 915 917 918 918 920 920 920 920 922 923 922 923 924 924 925 926 926 926 926 928 928 928 929 929 929 929 930 929 930 930 931 930 931 919 919 919 920 919 919 920 920 920 920 921 922 921 922 923 923 924 925 925 925 926 927 926 927 928 929 928 929 930 930 930 930 931 930 931 932 880 880 881 881 881 882 882 883 883 883 884 883 865 866
906 908 910 909 911 912 914 914 915 916 915 917 917 919 919 920 921 921 922 922 923 923 924 925 924 925 926 928 927 928 928 928 928 929 930 929 930 930 930 930 931 931 931 918 919 918 919 920 921 920 921 921 920 920 921 922 922 923 924 924 924 925 926 926 926 927 928 928 928 929 929 930 929 930 930 930 931 931 931 932 881 880 881 882 881 882 883 883 883 884 884 884 864 865
908 909 910 911 911 913 914 915 916 917 917 917 919 919 919 921 922 922 923 924 924 924 924 926 926 926 927 927 928 928 930 929 930 930 931 930 931 932 932 932 932 920 919 920 920 921 920 921 920 920 920 922 922 922 922 923 922 923 924 925 925 925 926 926 927 928 928 928 928 929 928 929 930 930 930 931 932 931 932 933 881 881 882 882 882 882 883 884 883 884 885 883 884 865
909 910 911 911 913 913 915 915 917 918 918 919 919 921 920 921 923 923 924 924 926 925 926 926 927 928 928 929 928 930 930 931 930 931 931 931 931 932 932 932 919 920 920 920 921 921 921 921 922 921 922 922 922 921 922 922 922 923 923 924 924 925 926 925 926 927 928 927 928 929 929 929 930 931 931 931 932 932 932 933 882 881 882 883 882 883 884 884 884 884 884 884 884 866
831 832 834 835 914 915 916 916 917 919 920 920 921 921 922 922 923 924 925 926 926 926 927 928 928 928 928 929 929 930 931 932 932 932 933 932 933 933 921 920 921 921 921 921 922 922 922 921 922 921 922 922 923 922 923 922 922 923 924 925 925 925 926 926 927 927 928 928 929 929 929 930 931 931 931 932 932 932 933 881 882 882 882 883 883 883 884 885 883 884 884 884 885 885
831 834 834 836 836 837 838 838 839 840 842 842 843 844 843 844 845 846 924 926 928 927 928 928 929 929 930 930 930 930 931 932 931 933 933 933 920 921 921 921 921 922 921 922 922 923 922 923 923 923 923 923 923 923 923 924 923 924 924 925 925 926 927 926 927 928 929 928 929 930 931 930 931 932 931 932 933 933 933 882 882 882 883 883 884 884 883 884 884 884 885 885 885 886
833 834 836 836 837 838 839 839 840 841 842 843 844 844 845 845 846 847 847 847 849 849 850 851 851 851 851 852 851 853 853 854 853 854 841 842 843 843 923 922 923 923 924 923 924 924 923 923 924 924 924 924 925 924 924 924 925 924 925 926 925 926 927 928 927 928 929 929 929 930 931 931 931 932 932 932 933 934 934 882 883 883 883 884 883 883 884 884 884 885 885 886 885 886
833 835 836 838 837 839 840 840 841 842 843 843 845 846 845 847 847 848 847 849 849 851 850 851 852 852 853 853 854 853 854 854 854 841 842 842 842 843 844 843 844 844 845 844 845 845 845 846 846 847 845 846 846 846 846 846 847 845 846 847 847 848 848 928 928 929 929 929 930 931 931 931 932 933 932 933 934 934 934 883 883 883 883 883 884 883 884 885 884 885 886 886 886 886
836 835 837 839 839 839 841 842 842 843 844 844 845 847 848 847 848 849 849 849 850 850 851 852 853 853 853 854 854 855 855 843 842 843 843 844 843 844 844 845 845 846 846 846 846 846 845 846 846 847 846 847 847 846 846 847 847 847 847 847 847 848 849 850 849 850 851 851 851 852 853 852 853 854 854 854 855 856 855 804 804 803 804 805 805 805 805 806 806 806 807 808 807 808
837 837 838 839 840 841 842 843 843 844 845 844 846 847 848 848 849 850 849 851 851 852 851 852 853 854 854 855 855 842 843 843 843 843 844 844 844 844 845 844 845 846 847 846 847 847 847 847 848 847 847 847 848 847 848 848 848 847 848 848 848 848 849 850 850 851 851 851 852 852 853 853 854 854 854 855 855 856 855 803 804 804 804 805 806 805 806 806 806 807 807 808 807 808
