testData/tiles/oneDegree/grid27.0-0.0-28.0-1.0.asc
ncols   200
nrows   200
xllcorner   27.0
yllcorner   0.0
cellsize   0.005
NODATA_value   -9999.0
[rows 126 to 167 of 200, columns 0 to 93 of 200]
111 112 114 115 116 117 118 119 120 121 122 123 124 125 126 127 128 129 130 131 131 132 133 134 135 136 136 137 138 139 139 140 141 142 142 143 144 145 145 146 147 147 148 148 149 150 150 151 152 152 153 153 154 155 155 156 156 157 157 158 158 159 160 160 161 161 162 162 163 163 164 164 165 165 165 166 166 167 167 168 168 169 169 169 170 170 171 171 172 172 172 173 173 174
111 112 114 115 116 117 118 119 120 121 122 123 124 125 126 127 128 129 130 131 131 132 133 134 135 136 136 137 138 139 139 140 141 142 142 143 144 144 145 146 146 147 148 148 149 150 150 151 152 152 153 153 154 155 155 156 156 157 157 158 158 159 159 160 161 161 162 162 163 163 164 164 164 165 165 166 166 167 167 168 168 169 169 169 170 170 171 171 172 172 172 173 173 174
111 112 114 115 116 117 118 119 120 121 122 123 124 125 126 127 128 129 130 131 131 132 133 134 135 136 136 137 138 139 139 140 141 142 142 143 144 144 145 146 146 147 148 148 149 150 150 151 152 152 153 153 154 155 155 156 156 157 157 158 158 159 159 160 160 161 162 162 163 163 163 164 164 165 165 166 166 167 167 168 168 169 169 169 170 170 171 171 172 172 172 173 173 173
111 112 113 115 116 117 118 119 120 121 122 123 124 125 126 127 128 129 130 130 131 132 133 134 135 135 136 137 138 139 139 140 141 142 142 143 144 144 145 146 146 147 148 148 149 150 150 151 152 152 153 153 154 154 155 156 156 157 157 158 158 159 159 160 160 161 161 162 162 163 163 164 164 165 165 166 166 167 167 168 168 169 169 169 170 170 171 171 171 172 172 173 173 173
111 112 113 115 116 117 118 119 120 121 122 123 124 125 126 127 128 129 130 130 131 132 133 134 135 135 136 137 138 139 139 140 141 142 142 143 144 144 145 146 146 147 148 148 149 150 150 151 151 152 153 153 154 154 155 156 156 157 157 158 158 159 159 160 160 161 161 162 162 163 163 164 164 165 165 166 166 167 167 168 168 168 169 169 170 170 171 171 171 172 172 173 173 173
111 112 113 114 116 117 118 119 120 121 122 123 124 125 126 127 128 129 130 130 131 132 133 134 135 135 136 137 138 139 139 140 141 141 142 143 144 144 145 146 146 147 148 148 149 150 150 151 151 152 153 153 154 154 155 156 156 157 157 158 158 159 159 160 160 161 161 162 162 163 163 164 164 165 165 166 166 167 167 168 168 168 169 169 170 170 171 171 171 172 172 173 173 173
111 112 113 114 116 117 118 119 120 121 122 123 124 125 126 127 128 129 129 130 131 132 133 134 135 135 136 137 138 138 139 140 141 141 142 143 144 144 145 146 146 147 148 148 149 150 150 151 151 152 153 153 154 154 155 155 156 157 157 158 158 159 159 160 160 161 161 162 162 163 163 164 164 165 165 166 166 167 167 168 168 168 169 169 170 170 171 171 171 172 172 173 173 173
111 112 113 114 115 117 118 119 120 121 122 123 124 125 126 127 128 129 129 130 131 132 133 134 134 135 136 137 138 138 139 140 141 141 142 143 144 144 145 146 146 147 148 148 149 149 150 151 151 152 153 153 154 154 155 155 156 157 157 158 158 159 159 160 160 161 161 162 162 163 163 164 164 165 165 166 166 167 167 167 168 168 169 169 170 170 171 171 171 172 172 173 173 173
111 112 113 114 115 117 118 119 120 121 122 123 124 125 126 127 128 128 129 130 131 132 133 134 134 135 136 137 138 138 139 140 141 141 142 143 143 144 145 146 146 147 148 148 149 149 150 151 151 152 152 153 154 154 155 155 156 157 157 158 158 159 159 160 160 161 161 162 162 163 163 164 164 165 165 166 166 167 167 167 168 168 169 169 170 170 170 171 171 172 172 172 173 173
111 112 113 114 115 116 118 119 120 121 122 123 124 125 126 127 127 128 129 130 131 132 133 134 134 135 136 137 138 138 139 140 141 141 142 143 143 144 145 145 146 147 147 148 149 149 150 151 151 152 152 153 154 154 155 155 156 156 157 158 158 159 159 160 160 161 161 162 162 163 163 164 164 165 165 166 166 167 167 167 168 168 169 169 170 170 170 171 171 172 172 172 173 173
111 112 113 114 115 116 117 119 120 121 122 123 124 125 126 126 127 128 129 130 131 132 133 133 134 135 136 137 137 138 139 140 140 141 142 143 143 144 145 145 146 147 147 148 149 149 150 151 151 152 152 153 154 154 155 155 156 156 157 158 158 159 159 160 160 161 161 162 162 163 163 164 164 165 165 166 166 166 167 167 168 168 169 169 170 170 170 171 171 172 172 172 173 173
110 112 113 114 115 116 117 118 120 121 122 123 124 125 125 126 127 128 129 130 131 132 133 133 134 135 136 137 137 138 139 140 140 141 142 143 143 144 145 145 146 147 147 148 149 149 150 151 151 152 152 153 154 154 155 155 156 156 157 157 158 159 159 160 160 161 161 162 162 163 163 164 164 165 165 165 166 166 167 167 168 168 169 169 169 170 170 171 171 172 172 172 173 173
110 112 113 114 115 116 117 118 119 120 121 123 123 124 125 126 127 128 129 130 131 132 133 133 134 135 136 137 137 138 139 140 140 141 142 143 143 144 145 145 146 147 147 148 149 149 150 150 151 152 152 153 153 154 155 155 156 156 157 157 158 158 159 160 160 161 161 162 162 163 163 164 164 165 165 165 166 166 167 167 168 168 169 169 169 170 170 171 171 172 172 172 173 173
110 111 113 114 115 116 117 118 119 120 121 122 123 124 125 126 127 128 129 130 131 132 132 133 134 135 136 137 137 138 139 140 140 141 142 142 143 144 145 145 146 147 147 148 149 149 150 150 151 152 152 153 153 154 155 155 156 156 157 157 158 158 159 159 160 161 161 162 162 163 163 164 164 164 165 165 166 166 167 167 168 168 169 169 169 170 170 171 171 171 172 172 173 173
110 111 113 114 115 116 117 118 119 120 121 122 123 124 125 126 127 128 129 130 131 132 132 133 134 135 136 136 137 138 139 139 140 141 142 142 143 144 144 145 146 147 147 148 148 149 150 150 151 152 152 153 153 154 155 155 156 156 157 157 158 158 159 159 160 160 161 161 162 162 163 163 164 164 165 165 166 166 167 167 168 168 168 169 169 170 170 171 171 171 172 172 173 173
110 111 112 114 115 116 117 118 119 120 121 122 123 124 125 126 127 128 129 130 131 131 132 133 134 135 136 136 137 138 139 139 140 141 142 142 143 144 144 145 146 146 147 148 148 149 150 150 151 152 152 153 153 154 154 155 156 156 157 157 158 158 159 159 160 160 161 161 162 162 163 163 164 164 165 165 166 166 167 167 168 168 168 169 169 170 170 171 171 171 172 172 173 173
110 111 112 114 115 116 117 118 119 120 121 122 123 124 125 126 127 128 129 130 131 131 132 133 134 135 136 136 137 138 139 139 140 141 142 142 143 144 144 145 146 146 147 148 148 149 150 150 151 151 152 153 153 154 154 155 156 156 157 157 158 158 159 159 160 160 161 161 162 162 163 163 164 164 165 165 166 166 167 167 168 168 168 169 169 170 170 170 171 171 172 172 173 173
110 111 112 113 115 116 117 118 119 120 121 122 123 124 125 126 127 128 129 130 130 131 132 133 134 135 135 136 137 138 139 139 140 141 141 142 143 144 144 145 146 146 147 148 148 149 150 150 151 151 152 153 153 154 154 155 155 156 157 157 158 158 159 159 160 160 161 161 162 162 163 163 164 164 165 165 166 166 167 167 167 168 168 169 169 170 170 170 171 171 172 172 172 173
110 111 112 113 115 116 117 118 119 120 121 122 123 124 125 126 127 128 129 129 130 131 132 133 134 135 135 136 137 138 138 139 140 141 141 142 143 144 144 145 146 146 147 148 148 149 149 150 151 151 152 153 153 154 154 155 155 156 157 157 158 158 159 159 160 160 161 161 162 162 163 163 164 164 165 165 166 166 166 167 167 168 168 169 169 170 170 170 171 171 172 172 172 173
110 111 112 113 114 116 117 118 119 120 121 122 123 124 125 126 127 128 129 129 130 131 132 133 134 134 135 136 137 138 138 139 140 141 141 142 143 143 144 145 146 146 147 147 148 149 149 150 151 151 152 152 153 154 154 155 155 156 156 157 158 158 159 159 160 160 161 161 162 162 163 163 164 164 165 165 166 166 166 167 167 168 168 169 169 169 170 170 171 171 172 172 172 173
110 111 112 113 114 115 117 118 119 120 121 122 123 124 125 126 127 128 128 129 130 131 132 133 134 134 135 136 137 138 138 139 140 141 141 142 143 143 144 145 145 146 147 147 148 149 149 150 151 151 152 152 153 154 154 155 155 156 156 157 157 158 159 159 160 160 161 161 162 162 163 163 164 164 165 165 165 166 166 167 167 168 168 169 169 169 170 170 171 171 171 172 172 173
109 111 112 113 114 115 116 118 119 120 121 122 123 124 125 126 127 127 128 129 130 131 132 133 133 134 135 136 137 137 138 139 140 140 141 142 143 143 144 145 145 146 147 147 148 149 149 150 150 151 152 152 153 153 154 155 155 156 156 157 157 158 158 159 160 160 161 161 162 162 163 163 164 164 164 165 165 166 166 167 167 168 168 169 169 169 170 170 171 171 171 172 172 173
109 111 112 113 114 115 116 117 119 120 121 122 123 124 125 125 126 127 128 129 130 131 132 133 133 134 135 136 137 137 138 139 140 140 141 142 143 143 144 145 145 146 147 147 148 149 149 150 150 151 152 152 153 153 154 155 155 156 156 157 157 158 158 159 159 160 160 161 161 162 162 163 163 164 164 165 165 166 166 167 167 168 168 168 169 169 170 170 171 171 171 172 172 173
109 110 112 113 114 115 116 117 118 119 120 122 122 123 124 125 126 127 128 129 130 131 132 132 133 134 135 136 137 137 138 139 140 140 141 142 142 143 144 145 145 146 147 147 148 148 149 150 150 151 152 152 153 153 154 154 155 156 156 157 157 158 158 159 159 160 160 161 161 162 162 163 163 164 164 165 165 166 166 167 167 168 168 168 169 169 170 170 171 171 171 172 172 173
109 110 111 113 114 115 116 117 118 119 120 121 122 123 124 125 126 127 128 129 130 131 132 132 133 134 135 136 136 137 138 139 139 140 141 142 142 143 144 144 145 146 146 147 148 148 149 150 150 151 151 152 153 153 154 154 155 156 156 157 157 158 158 159 159 160 160 161 161 162 162 163 163 164 164 165 165 166 166 167 167 167 168 168 169 169 170 170 170 171 171 172 172 172
109 110 111 113 114 115 116 117 118 119 120 121 122 123 124 125 126 127 128 129 130 131 131 132 133 134 135 136 136 137 138 139 139 140 141 142 142 143 144 144 145 146 146 147 148 148 149 150 150 151 151 152 153 153 154 154 155 155 156 157 157 158 158 159 159 160 160 161 161 162 162 163 163 164 164 165 165 166 166 167 167 167 168 168 169 169 170 170 170 171 171 172 172 172
109 110 111 112 114 115 116 117 118 119 120 121 122 123 124 125 126 127 128 129 130 130 131 132 133 134 135 135 136 137 138 139 139 140 141 141 142 143 144 144 145 146 146 147 148 148 149 149 150 151 151 152 153 153 154 154 155 155 156 157 157 158 158 159 159 160 160 161 161 162 162 163 163 164 164 165 165 166 166 166 167 167 168 168 169 169 169 170 170 171 171 172 172 172
109 110 111 112 113 115 116 117 118 119 120 121 122 123 124 125 126 127 128 129 130 130 131 132 133 134 135 135 136 137 138 138 139 140 141 141 142 143 144 144 145 146 146 147 148 148 149 149 150 151 151 152 152 153 154 154 155 155 156 156 157 158 158 159 159 160 160 161 161 162 162 163 163 164 164 165 165 165 166 166 167 167 168 168 169 169 169 170 170 171 171 171 172 172
108 110 111 112 113 115 116 117 118 119 120 121 122 123 124 125 126 127 128 129 129 130 131 132 133 134 134 135 136 137 138 138 139 140 141 141 142 143 143 144 145 145 146 147 147 148 149 149 150 151 151 152 152 153 154 154 155 155 156 156 157 157 158 158 159 160 160 161 161 162 162 163 163 164 164 164 165 165 166 166 167 167 168 168 168 169 169 170 170 171 171 171 172 172
108 110 111 112 113 114 115 117 118 119 120 121 122 123 124 125 126 127 128 128 129 130 131 132 133 134 134 135 136 137 138 138 139 140 140 141 142 143 143 144 145 145 146 147 147 148 149 149 150 150 151 152 152 153 153 154 155 155 156 156 157 157 158 158 159 159 160 160 161 161 162 162 163 163 164 164 165 165 166 166 167 167 168 168 168 169 169 170 170 170 171 171 172 172
108 109 111 112 113 114 115 116 118 119 120 121 122 123 124 125 126 127 127 128 129 130 131 132 133 133 134 135 136 137 137 138 139 140 140 141 142 143 143 144 145 145 146 147 147 148 149 149 150 150 151 152 152 153 153 154 155 155 156 156 157 157 158 158 159 159 160 160 161 161 162 162 163 163 164 164 165 165 166 166 167 167 167 168 168 169 169 170 170 170 171 171 172 172
108 109 111 112 113 114 115 116 117 118 120 121 122 123 124 125 125 126 127 128 129 130 131 132 133 133 134 135 136 137 137 138 139 140 140 141 142 142 143 144 144 145 146 146 147 148 148 149 150 150 151 152 152 153 153 154 154 155 156 156 157 157 158 158 159 159 160 160 161 161 162 162 163 163 164 164 165 165 166 166 167 167 167 168 168 169 169 170 170 170 171 171 172 172
108 109 110 112 113 114 115 116 117 118 119 120 121 122 123 124 125 126 127 128 129 130 131 132 132 133 134 135 136 136 137 138 139 139 140 141 142 142 143 144 144 145 146 146 147 148 148 149 150 150 151 151 152 153 153 154 154 155 155 156 157 157 158 158 159 159 160 160 161 161 162 162 163 163 164 164 165 165 166 166 166 167 167 168 168 169 169 169 170 170 171 171 171 172
108 109 110 111 113 114 115 116 117 118 119 120 121 122 123 124 125 126 127 128 129 130 131 131 132 133 134 135 136 136 137 138 139 139 140 141 142 142 143 144 144 145 146 146 147 148 148 149 149 150 151 151 152 153 153 154 154 155 155 156 156 157 158 158 159 159 160 160 161 161 162 162 163 163 164 164 165 165 165 166 166 167 167 168 168 169 169 169 170 170 171 171 171 172
108 109 110 111 113 114 115 116 117 118 119 120 121 122 123 124 125 126 127 128 129 130 130 131 132 133 134 135 135 136 137 138 138 139 140 141 141 142 143 144 144 145 146 146 147 148 148 149 149 150 151 151 152 152 153 154 154 155 155 156 156 157 157 158 159 159 160 160 161 161 162 162 163 163 163 164 164 165 165 166 166 167 167 168 168 168 169 169 170 170 171 171 171 172
107 109 110 111 112 114 115 116 117 118 119 120 121 122 123 124 125 126 127 128 129 129 130 131 132 133 134 135 135 136 137 138 138 139 140 141 141 142 143 143 144 145 145 146 147 147 148 149 149 150 151 151 152 152 153 153 154 155 155 156 156 157 157 158 158 159 159 160 160 161 161 162 162 163 163 164 164 165 165 166 166 167 167 167 168 168 169 169 170 170 170 171 171 172
107 109 110 111 112 113 115 116 117 118 119 120 121 122 123 124 125 126 127 128 128 129 130 131 132 133 134 134 135 136 137 138 138 139 140 140 141 142 143 143 144 145 145 146 147 147 148 149 149 150 150 151 152 152 153 153 154 155 155 156 156 157 157 158 158 159 159 160 160 161 161 162 162 163 163 164 164 165 165 166 166 167 167 167 168 168 169 169 170 170 170 171 171 172
107 108 110 111 112 113 114 115 117 118 119 120 121 122 123 124 125 126 127 127 128 129 130 131 132 133 133 134 135 136 137 137 138 139 140 140 141 142 143 143 144 145 145 146 147 147 148 148 149 150 150 151 152 152 153 153 154 154 155 156 156 157 157 158 158 159 159 160 160 161 161 162 162 163 163 164 164 165 165 166 166 166 167 167 168 168 169 169 169 170 170 171 171 171
107 108 109 111 112 113 114 115 116 118 119 120 121 122 123 124 125 125 126 127 128 129 130 131 132 133 133 134 135 136 137 137 138 139 140 140 141 142 142 143 144 144 145 146 146 147 148 148 149 150 150 151 151 152 153 153 154 154 155 155 156 157 157 158 158 159 159 160 160 161 161 162 162 163 163 164 164 165 165 165 166 166 167 167 168 168 169 169 169 170 170 171 171 171
107 108 109 111 112 113 114 115 116 117 118 119 120 122 122 123 124 125 126 127 128 129 130 131 132 132 133 134 135 136 136 137 138 139 139 140 141 142 142 143 144 144 145 146 146 147 148 148 149 150 150 151 151 152 153 153 154 154 155 155 156 156 157 158 158 159 159 160 160 161 161 162 162 163 163 164 164 164 165 165 166 166 167 167 168 168 168 169 169 170 170 171 171 171
107 108 109 110 112 113 114 115 116 117 118 119 120 121 122 123 124 125 126 127 128 129 130 131 131 132 133 134 135 135 136 137 138 139 139 140 141 141 142 143 144 144 145 146 146 147 148 148 149 149 150 151 151 152 152 153 154 154 155 155 156 156 157 157 158 158 159 160 160 161 161 162 162 162 163 163 164 164 165 165 166 166 167 167 167 168 168 169 169 170 170 170 171 171
106 108 109 110 111 113 114 115 116 117 118 119 120 121 122 123 124 125 126 127 128 129 130 130 131 132 133 134 135 135 136 137 138 138 139 140 141 141 142 143 143 144 145 145 146 147 147 148 149 149 150 151 151 152 152 153 153 154 155 155 156 156 157 157 158 158 159 159 160 160 161 161 162 162 163 163 164 164 165 165 166 166 167 167 167 168 168 169 169 170 170 170 171 171
