testData/tiles/oneDegree/grid1.0-40.0-2.0-41.0.asc
ncols   200
nrows   200
xllcorner   1.0
yllcorner   40.0
cellsize   0.005
NODATA_value   -9999.0
[rows 0 to 53 of 200, columns 0 to 95 of 200]
223 224 224 224 224 224 224 225 226 226 226 226 226 226 226 226 226 227 227 227 227 227 228 228 228 228 228 229 229 229 229 229 229 229 229 229 208 208 209 209 210 210 210 210 210 210 210 210 210 210 210 210 210 210 210 212 212 212 212 212 212 212 212 212 212 212 212 212 212 212 212 212 212 213 213 214 214 214 214 214 214 214 214 214 214 214 214 214 214 214 214 214 214 214 214 215
224 224 224 224 224 224 225 226 226 226 226 226 226 226 227 227 227 227 227 227 227 227 228 228 229 229 229 229 229 229 229 229 229 229 229 229 229 231 210 210 210 210 210 210 210 210 210 210 210 210 210 210 211 211 211 212 212 212 212 212 212 212 212 212 212 212 212 212 212 212 213 213 213 213 213 214 214 214 214 214 214 214 214 214 214 214 214 214 214 214 214 214 215 215 215 215
224 224 224 225 225 225 225 226 226 226 226 226 227 227 227 227 227 227 227 227 227 227 229 229 229 229 229 229 229 229 229 229 229 229 230 230 230 231 231 231 210 210 210 210 210 210 210 210 210 211 211 211 211 211 211 212 212 212 212 212 212 212 212 212 212 212 212 213 213 213 213 213 213 213 213 214 214 214 214 214 214 214 214 214 214 214 214 214 215 215 215 215 215 215 215 215
224 225 225 225 225 225 225 226 226 227 227 227 227 227 227 227 227 227 227 228 228 228 229 229 229 229 229 229 229 229 229 230 230 230 230 230 230 231 231 231 231 231 210 210 210 210 211 211 211 211 211 211 211 211 211 212 212 212 212 212 212 212 212 212 213 213 213 213 213 213 213 213 213 213 213 214 214 214 214 214 214 214 214 214 214 215 215 215 215 215 215 215 215 215 215 215
225 225 225 225 225 225 225 227 227 227 227 227 227 227 227 227 227 228 228 228 228 229 229 229 229 229 229 229 229 230 230 230 230 230 230 230 230 231 231 231 231 231 231 232 211 211 211 211 211 211 211 211 211 211 211 212 212 212 212 212 213 213 213 213 213 213 213 213 213 213 213 213 213 213 213 214 214 214 214 214 214 215 215 215 215 215 215 215 215 215 215 215 215 215 215 215
225 225 225 225 226 226 226 227 227 227 227 227 227 227 228 228 228 228 228 228 228 229 229 229 229 229 230 230 230 230 230 230 230 230 230 230 230 231 231 231 232 232 232 232 232 232 232 211 211 211 211 211 211 211 211 212 212 213 213 213 213 213 213 213 213 213 213 213 213 213 213 213 213 213 213 214 214 214 215 215 215 215 215 215 215 215 215 215 215 215 215 215 215 215 215 215
225 225 226 226 226 226 226 227 227 227 227 227 228 228 228 228 228 228 228 228 228 229 229 229 230 230 230 230 230 230 230 230 230 230 230 230 230 231 232 232 232 232 232 232 232 232 232 232 232 211 211 211 211 211 212 213 213 213 213 213 213 213 213 213 213 213 213 213 213 213 213 213 213 213 213 215 215 215 215 215 215 215 215 215 215 215 215 215 215 215 215 215 215 215 215 215
226 226 226 226 226 226 226 227 227 228 228 228 228 228 228 228 228 228 228 228 228 230 230 230 230 230 230 230 230 230 230 230 230 230 230 231 231 232 232 232 232 232 232 232 232 232 232 232 232 232 232 211 212 212 212 213 213 213 213 213 213 213 213 213 213 213 213 213 213 213 213 213 214 214 214 215 215 215 215 215 215 215 215 215 215 215 215 215 215 215 215 215 215 215 215 215
226 226 226 226 226 226 226 228 228 228 228 228 228 228 228 228 228 228 229 229 229 230 230 230 230 230 230 230 230 230 230 230 231 231 231 231 231 232 232 232 232 232 232 232 232 232 232 232 232 233 233 233 233 212 212 213 213 213 213 213 213 213 213 213 213 213 213 213 214 214 214 214 214 214 214 215 215 215 215 215 215 215 215 215 215 215 215 215 215 215 215 215 216 216 216 216
226 226 226 226 227 227 227 228 228 228 228 228 228 228 228 228 229 229 229 229 229 230 230 230 230 230 230 230 230 230 231 231 231 231 231 231 231 232 232 232 232 232 232 232 232 232 233 233 233 233 233 233 233 233 233 213 213 213 213 213 213 213 213 213 213 214 214 214 214 214 214 214 214 214 214 215 215 215 215 215 215 215 215 215 215 215 215 215 215 216 216 216 216 216 216 216
226 226 227 227 227 227 227 228 228 228 228 228 228 229 229 229 229 229 229 229 229 230 230 230 230 230 230 231 231 231 231 231 231 231 231 231 231 232 232 232 232 232 232 233 233 233 233 233 233 233 233 233 233 233 233 234 234 213 213 213 213 213 214 214 214 214 214 214 214 214 214 214 214 214 214 215 215 215 215 215 215 215 215 215 215 215 216 216 216 216 216 216 216 216 216 216
227 227 227 227 227 227 227 228 228 228 228 229 229 229 229 229 229 229 229 229 229 230 230 230 230 231 231 231 231 231 231 231 231 231 231 231 231 232 232 232 233 233 233 233 233 233 233 233 233 233 233 233 233 233 233 234 234 234 234 214 214 214 214 214 214 214 214 214 214 214 214 214 214 214 214 215 215 215 215 215 215 215 216 216 216 216 216 216 216 216 216 216 216 216 216 216
227 227 227 227 227 227 227 228 228 229 229 229 229 229 229 229 229 229 229 229 229 230 231 231 231 231 231 231 231 231 231 231 231 231 231 231 231 232 233 233 233 233 233 233 233 233 233 233 233 233 233 233 233 233 233 234 235 235 235 235 235 214 214 214 214 214 214 214 214 214 214 214 214 214 214 215 215 215 215 216 216 216 216 216 216 216 216 216 216 216 216 216 216 216 216 216
227 227 227 227 227 227 228 229 229 229 229 229 229 229 229 229 229 229 229 229 230 231 231 231 231 231 231 231 231 231 231 231 231 231 231 232 232 233 233 233 233 233 233 233 233 233 233 233 233 233 233 233 233 233 234 235 235 235 235 235 235 235 235 214 214 214 214 214 214 214 214 214 214 214 214 215 216 216 216 216 216 216 216 216 216 216 216 216 216 216 216 216 216 216 216 216
227 227 227 227 228 228 228 229 229 229 229 229 229 229 229 229 229 230 230 230 230 231 231 231 231 231 231 231 231 231 231 231 231 232 232 232 232 233 233 233 233 233 233 233 233 233 233 233 233 233 233 234 234 234 234 235 235 235 235 235 235 235 235 235 235 214 214 214 214 214 214 214 214 215 215 216 216 216 216 216 216 216 216 216 216 216 216 216 216 216 216 216 216 216 216 216
227 227 228 228 228 228 228 229 229 229 229 229 229 229 229 230 230 230 230 230 230 231 231 231 231 231 231 231 231 231 232 232 232 232 232 232 232 233 233 233 233 233 233 233 233 233 233 233 234 234 234 234 234 234 234 235 235 235 235 235 235 235 235 235 235 235 214 214 214 214 215 215 215 215 215 216 216 216 216 216 216 216 216 216 216 216 216 216 216 216 216 216 216 216 216 216
228 228 228 228 228 228 228 229 229 229 229 229 230 230 230 230 230 230 230 230 230 231 231 231 231 231 231 231 232 232 232 232 232 232 232 232 232 233 233 233 233 233 233 233 233 234 234 234 234 234 234 234 234 234 234 235 235 235 235 235 235 235 235 235 235 235 235 236 215 215 215 215 215 215 215 216 216 216 216 216 216 216 216 216 216 216 216 216 216 216 216 216 216 217 217 217
228 228 228 228 228 228 228 229 229 229 230 230 230 230 230 230 230 230 230 230 230 231 231 231 231 232 232 232 232 232 232 232 232 232 232 232 232 233 233 233 233 233 233 234 234 234 234 234 234 234 234 234 234 234 234 235 235 235 235 235 235 235 235 235 236 236 236 236 236 236 215 215 215 215 215 216 216 216 216 216 216 216 216 216 216 216 216 216 216 217 217 217 217 217 217 217
228 228 228 228 228 228 228 229 230 230 230 230 230 230 230 230 230 230 230 230 230 231 231 232 232 232 232 232 232 232 232 232 232 232 232 232 232 233 233 233 234 234 234 234 234 234 234 234 234 234 234 234 234 234 234 235 235 235 235 235 235 236 236 236 236 236 236 236 236 236 236 236 215 215 215 216 216 216 216 216 216 216 216 216 216 216 217 217 217 217 217 217 217 217 217 217
228 228 228 228 228 229 229 230 230 230 230 230 230 230 230 230 230 230 230 230 231 232 232 232 232 232 232 232 232 232 232 232 232 232 232 232 232 233 234 234 234 234 234 234 234 234 234 234 234 234 234 234 234 234 234 235 235 235 236 236 236 236 236 236 236 236 236 236 236 236 236 236 236 236 215 216 216 216 216 216 216 216 216 217 217 217 217 217 217 217 217 217 217 217 217 217
228 228 228 229 229 229 229 230 230 230 230 230 230 230 230 230 230 230 231 231 231 232 232 232 232 232 232 232 232 232 232 232 232 232 232 233 233 234 234 234 234 234 234 234 234 234 234 234 234 234 234 234 234 234 234 236 236 236 236 236 236 236 236 236 236 236 236 236 236 236 236 236 236 236 236 237 216 216 216 216 217 217 217 217 217 217 217 217 217 217 217 217 217 217 217 217
228 229 229 229 229 229 229 230 230 230 230 230 230 230 230 230 231 231 231 231 231 232 232 232 232 232 232 232 232 232 232 232 232 233 233 233 233 234 234 234 234 234 234 234 234 234 234 234 234 234 234 234 234 235 235 236 236 236 236 236 236 236 236 236 236 236 236 236 236 236 236 236 236 236 236 237 237 217 217 217 217 217 217 217 217 217 217 217 217 217 217 217 217 217 217 217
229 229 229 229 229 229 229 230 230 230 230 230 230 231 231 231 231 231 231 231 231 232 232 232 232 232 232 232 232 232 233 233 233 233 233 233 233 234 234 234 234 234 234 234 234 234 234 234 234 234 235 235 235 235 235 236 236 236 236 236 236 236 236 236 236 236 236 236 236 236 236 236 236 236 237 238 238 238 238 217 217 217 217 217 217 217 217 217 217 217 217 217 217 217 217 217
229 229 229 229 229 229 229 230 230 230 230 231 231 231 231 231 231 231 231 231 231 232 232 232 232 232 232 232 233 233 233 233 233 233 233 233 233 234 234 234 234 234 234 234 234 234 234 235 235 235 235 235 235 235 235 236 236 236 236 236 236 236 236 236 236 236 236 236 236 236 236 237 237 237 237 238 238 238 238 238 238 217 217 217 217 217 217 217 217 217 217 217 217 217 217 217
229 229 229 229 229 229 229 230 230 231 231 231 231 231 231 231 231 231 231 231 231 232 232 232 232 233 233 233 233 233 233 233 233 233 233 233 233 234 234 234 234 234 234 234 234 235 235 235 235 235 235 235 235 235 235 236 236 236 236 236 236 236 236 236 236 236 236 236 237 237 237 237 237 237 237 238 238 238 238 238 238 238 217 217 217 217 217 217 217 217 217 217 217 217 217 217
229 229 229 229 229 229 229 231 231 231 231 231 231 231 231 231 231 231 231 231 231 232 232 233 233 233 233 233 233 233 233 233 233 233 233 233 233 234 234 234 234 234 235 235 235 235 235 235 235 235 235 235 235 235 235 236 236 236 236 236 236 236 236 236 236 237 237 237 237 237 237 237 237 237 237 238 238 238 238 238 238 238 238 238 217 217 217 217 217 217 217 217 217 218 218 218
229 229 229 229 230 230 230 231 231 231 231 231 231 231 231 231 231 231 231 231 231 233 233 233 233 233 233 233 233 233 233 233 233 233 233 233 233 234 234 234 235 235 235 235 235 235 235 235 235 235 235 235 235 235 235 236 236 236 236 236 236 236 237 237 237 237 237 237 237 237 237 237 237 237 237 238 238 238 238 238 238 238 238 238 238 238 217 217 217 217 218 218 218 218 218 218
229 229 230 230 230 230 230 231 231 231 231 231 231 231 231 231 231 231 232 232 232 233 233 233 233 233 233 233 233 233 233 233 233 233 233 233 233 235 235 235 235 235 235 235 235 235 235 235 235 235 235 235 235 235 235 236 236 236 236 236 237 237 237 237 237 237 237 237 237 237 237 237 237 237 237 238 238 238 238 238 238 238 238 238 238 238 238 218 218 218 218 218 218 218 218 218
230 230 230 230 230 230 230 231 231 231 231 231 231 231 231 231 232 232 232 232 232 233 233 233 233 233 233 233 233 233 233 233 233 233 233 234 234 235 235 235 235 235 235 235 235 235 235 235 235 235 235 235 235 235 235 236 236 237 237 237 237 237 237 237 237 237 237 237 237 237 237 237 237 237 237 238 238 238 238 238 238 238 238 238 239 239 239 239 239 218 218 218 218 218 218 218
230 230 230 230 230 230 230 231 231 231 231 231 231 231 232 232 232 232 232 232 232 232 233 233 233 233 233 233 233 233 233 233 233 234 234 234 234 235 235 235 235 235 235 235 235 235 235 235 235 235 235 235 235 235 236 237 237 237 237 237 237 237 237 237 237 237 237 237 237 237 237 237 237 237 237 238 238 238 238 238 238 239 239 239 239 239 239 239 239 239 239 218 218 218 218 218
230 230 230 230 230 230 230 231 231 231 231 231 232 232 232 232 232 232 232 232 232 232 233 233 233 233 233 233 233 233 234 234 234 234 234 234 234 235 235 235 235 235 235 235 235 235 235 235 235 235 235 235 236 236 236 237 237 237 237 237 237 237 237 237 237 237 237 237 237 237 237 237 237 237 237 238 238 238 239 239 239 239 239 239 239 239 239 239 239 239 239 239 218 218 218 218
230 230 230 230 230 230 230 231 231 231 232 232 232 232 232 232 232 232 232 232 232 232 233 233 233 233 233 233 234 234 234 234 234 234 234 234 234 235 235 235 235 235 235 235 235 235 235 235 235 236 236 236 236 236 236 237 237 237 237 237 237 237 237 237 237 237 237 237 237 237 237 237 237 237 237 239 239 239 239 239 239 239 239 239 239 239 239 239 239 239 239 239 239 239 69 69
230 230 230 230 230 230 230 231 232 232 232 232 232 232 232 232 232 232 232 232 232 232 233 233 233 233 234 234 234 234 234 234 234 234 234 234 234 234 235 235 235 235 235 235 235 235 235 236 236 236 236 236 236 236 236 237 237 237 237 237 237 237 237 237 237 237 237 237 237 237 237 237 238 238 238 239 239 239 239 239 239 239 239 239 239 239 239 239 239 239 239 239 239 90 90 69
230 230 230 230 230 231 231 232 232 232 232 232 232 232 232 232 232 232 232 232 232 232 233 234 234 234 234 234 234 234 234 234 234 234 234 234 234 234 235 235 235 235 235 235 236 236 236 236 236 236 236 236 236 236 236 237 237 237 237 237 237 237 237 237 237 237 237 237 237 237 238 238 238 238 238 239 239 239 239 239 239 239 239 239 239 239 239 239 239 239 239 90 90 90 90 90
230 230 230 231 231 231 231 231 232 232 232 232 232 232 232 232 232 232 232 232 232 233 234 234 234 234 234 234 234 234 234 234 234 234 234 234 234 234 235 235 235 235 236 236 236 236 236 236 236 236 236 236 236 236 236 237 237 237 237 237 237 237 237 237 237 237 237 238 238 238 238 238 238 238 238 238 239 239 239 239 239 239 239 239 239 239 239 239 239 239 90 90 90 90 90 90
230 231 231 231 231 231 231 231 232 232 232 232 232 232 232 232 232 232 232 233 233 233 234 234 234 234 234 234 234 234 234 234 234 234 234 234 234 234 235 235 236 236 236 236 236 236 236 236 236 236 236 236 236 236 236 236 237 237 237 237 237 237 237 237 238 238 238 238 238 238 238 238 238 238 238 238 239 239 239 239 239 239 239 239 239 239 239 239 90 90 90 90 90 90 91 91
231 231 231 231 231 231 231 231 232 232 232 232 232 232 232 232 232 233 233 233 233 233 234 234 234 234 234 234 234 234 234 234 234 234 234 234 234 235 236 236 236 236 236 236 236 236 236 236 236 236 236 236 236 236 236 236 237 237 237 237 237 237 238 238 238 238 238 238 238 238 238 238 238 238 238 238 239 239 239 239 239 239 239 239 239 239 239 90 90 90 90 91 91 91 91 91
231 231 231 231 231 231 231 231 232 232 232 232 232 232 232 233 233 233 233 233 233 233 234 234 234 234 234 234 234 234 234 234 234 234 234 235 235 235 236 236 236 236 236 236 236 236 236 236 236 236 236 236 236 236 236 236 237 237 237 238 238 238 238 238 238 238 238 238 238 238 238 238 238 238 238 238 239 239 239 239 239 239 239 239 239 90 90 90 91 91 91 91 91 91 91 91
231 231 231 231 231 231 231 231 232 232 232 232 232 233 233 233 233 233 233 233 233 233 234 234 234 234 234 234 234 234 234 234 234 235 235 235 235 235 236 236 236 236 236 236 236 236 236 236 236 236 236 236 236 236 236 236 237 238 238 238 238 238 238 238 238 238 238 238 238 238 238 238 238 238 238 238 239 239 239 239 239 239 239 90 90 90 91 91 91 91 91 91 91 91 91 91
231 231 231 231 231 231 231 231 232 232 232 233 233 233 233 233 233 233 233 233 233 233 234 234 234 234 234 234 234 234 234 235 235 235 235 235 235 235 236 236 236 236 236 236 236 236 236 236 236 236 236 236 236 236 237 237 238 238 238 238 238 238 238 238 238 238 238 238 238 238 238 238 238 238 238 238 239 239 239 239 239 239 90 91 91 91 91 91 91 91 91 91 91 91 91 91
231 231 231 231 231 231 231 231 232 233 233 233 233 233 233 233 233 233 233 233 233 233 234 234 234 234 234 234 235 235 235 235 235 235 235 235 235 235 236 236 236 236 236 236 236 236 236 236 236 236 236 236 237 237 237 237 238 238 238 238 238 238 238 238 238 238 238 238 238 238 238 238 238 238 238 238 239 239 239 239 91 91 91 91 91 91 91 91 91 91 91 91 91 91 91 91
231 231 231 231 231 231 231 232 233 233 233 233 233 233 233 233 233 233 233 233 233 233 234 234 234 234 235 235 235 235 235 235 235 235 235 235 235 235 236 236 236 236 236 236 236 236 236 236 236 237 237 237 237 237 237 237 238 238 238 238 238 238 238 238 238 238 238 238 238 238 238 238 238 238 238 238 239 240 240 91 91 91 91 91 91 91 91 91 91 91 91 91 91 91 91 91
231 231 231 231 231 232 232 232 233 233 233 233 233 233 233 233 233 233 233 233 233 233 234 234 235 235 235 235 235 235 235 235 235 235 235 235 235 235 236 236 236 236 236 236 236 236 236 237 237 237 237 237 237 237 237 237 238 238 238 238 238 238 238 238 238 238 238 238 238 238 238 238 238 238 238 239 240 91 91 91 91 91 91 91 91 91 91 91 91 91 91 91 91 91 91 91
231 231 231 232 232 232 232 232 233 233 233 233 233 233 233 233 233 233 233 233 233 233 235 235 235 235 235 235 235 235 235 235 235 235 235 235 235 235 236 236 236 236 236 236 236 237 237 237 237 237 237 237 237 237 237 237 238 238 238 238 238 238 238 238 238 238 238 238 238 238 238 238 239 239 239 90 91 91 91 91 91 91 91 91 91 91 91 91 91 91 91 91 91 91 91 91
231 232 232 232 232 232 232 232 233 233 233 233 233 233 233 233 233 233 233 233 234 234 234 235 235 235 235 235 235 235 235 235 235 235 235 235 235 235 236 236 236 236 236 237 237 237 237 237 237 237 237 237 237 237 237 237 238 238 238 238 238 238 238 238 238 238 238 238 238 239 239 239 239 90 90 90 91 91 91 91 91 91 91 91 91 91 91 91 91 91 91 91 91 91 91 91
232 232 232 232 232 232 232 232 233 233 233 233 233 233 233 233 233 233 234 234 234 234 234 235 235 235 235 235 235 235 235 235 235 235 235 235 235 235 235 236 237 237 237 237 237 237 237 237 237 237 237 237 237 237 237 237 238 238 238 238 238 238 238 238 238 238 238 239 239 239 239 239 90 90 90 90 90 91 91 91 91 91 91 91 91 91 91 91 91 91 91 91 91 91 91 91
232 232 232 232 232 232 232 232 233 233 233 233 233 233 233 233 234 234 234 234 234 234 234 235 235 235 235 235 235 235 235 235 235 235 235 235 235 235 236 237 237 237 237 237 237 237 237 237 237 237 237 237 237 237 237 237 237 238 238 238 238 238 238 238 239 239 239 239 239 239 90 90 90 90 90 90 90 91 91 91 91 91 91 91 91 91 91 91 91 91 91 91 91 91 91 91
232 232 232 232 232 232 232 232 232 233 233 233 233 233 234 234 234 234 234 234 234 234 234 235 235 235 235 235 235 235 235 235 235 235 235 235 236 236 236 237 237 237 237 237 237 237 237 237 237 237 237 237 237 237 237 237 237 238 238 238 238 238 239 239 239 239 239 239 90 90 90 90 90 90 90 90 90 91 91 91 91 91 91 91 91 91 91 91 91 91 91 91 91 91 92 92
232 232 232 232 232 232 232 232 232 233 233 233 234 234 234 234 234 234 234 234 234 234 234 235 235 235 235 235 235 235 235 235 235 235 236 236 236 236 236 237 237 237 237 237 237 237 237 237 237 237 237 237 237 237 237 237 237 238 238 238 239 239 239 239 239 239 90 90 90 90 90 90 90 90 90 90 90 91 91 91 91 91 91 91 91 91 91 91 91 91 91 92 92 92 92 92
232 232 232 232 232 232 232 232 232 233 234 234 234 234 234 234 234 234 234 234 234 234 234 235 235 235 235 235 235 235 235 235 236 236 236 236 236 236 236 237 237 237 237 237 237 237 237 237 237 237 237 237 237 237 237 237 237 239 239 239 239 239 239 239 239 90 90 90 90 90 90 90 90 90 90 90 90 91 91 91 91 91 91 91 91 91 91 91 92 92 92 92 92 92 92 92
232 232 232 232 232 232 232 232 233 234 234 234 234 234 234 234 234 234 234 234 234 234 234 235 235 235 235 235 235 235 236 236 236 236 236 236 236 236 236 237 237 237 237 237 237 237 237 237 237 237 237 237 237 237 237 238 238 239 239 239 239 239 239 90 90 90 90 90 90 90 90 90 90 90 90 90 90 91 91 91 91 91 91 91 91 91 92 92 92 92 92 92 92 92 92 92
232 232 232 232 232 232 233 233 233 234 234 234 234 234 234 234 234 234 234 234 234 234 234 235 235 235 235 235 236 236 236 236 236 236 236 236 236 236 236 237 237 237 237 237 237 237 237 237 237 237 237 237 237 238 238 238 238 239 239 239 239 90 90 90 90 90 90 90 90 90 90 90 90 90 90 90 90 91 91 91 91 91 91 92 92 92 92 92 92 92 92 92 92 92 92 92
232 232 232 232 232 233 233 233 233 234 234 234 234 234 234 234 234 234 234 234 234 234 234 235 235 235 236 236 236 236 236 236 236 236 236 236 236 236 236 237 237 237 237 237 237 237 237 237 237 237 237 238 238 238 238 238 238 239 239 90 90 90 90 90 90 90 90 90 90 90 90 90 90 90 90 90 90 91 91 91 91 92 92 92 92 92 92 92 92 92 92 92 92 92 92 92
232 232 232 233 233 233 233 233 233 234 234 234 234 234 234 234 234 234 234 234 234 234 234 234 236 236 236 236 236 236 236 236 236 236 236 236 236 236 236 236 237 237 237 237 237 237 237 237 238 238 238 238 238 238 238 238 238 90 90 90 90 90 90 90 90 90 90 90 90 90 90 90 90 90 90 90 90 90 92 92 92 92 92 92 92 92 92 92 92 92 92 92 92 92 92 92
