testData/tiles/oneDegree/grid0.0-48.0-1.0-49.0.asc
ncols   200
nrows   200
xllcorner   0.0
yllcorner   48.0
cellsize   0.005
NODATA_value   -9999.0
[rows 42 to 83 of 200, columns 0 to 93 of 200]
270 270 271 272 274 275 275 276 277 277 375 376 376 377 377 378 378 378 379 379 380 380 380 380 381 381 381 381 382 382 382 382 382 382 382 382 382 382 382 382 382 381 381 381 381 380 380 380 381 380 380 379 379 379 378 378 377 377 376 375 375 374 373 373 372 371 370 369 369 368 367 366 365 364 363 361 360 359 511 509 508 507 505 504 502 501 499 497 495 494 492 490 487 485
269 270 271 272 274 275 275 276 277 277 278 375 376 377 377 378 378 378 379 379 380 380 380 380 381 381 381 381 381 382 382 382 382 382 382 382 382 382 382 382 381 381 381 381 381 380 380 380 381 380 380 379 379 379 378 378 377 376 376 375 375 374 373 373 372 371 370 369 368 368 367 366 365 364 362 361 360 512 511 509 508 507 505 504 502 501 499 497 495 493 491 489 487 485
269 270 271 272 274 275 275 276 277 277 278 375 376 377 377 377 378 378 379 379 379 380 380 380 381 381 381 381 381 382 382 382 382 382 382 382 382 382 382 382 381 381 381 381 381 380 380 381 380 380 380 379 379 378 378 378 377 376 376 375 375 374 373 373 372 371 370 369 368 368 367 366 365 363 362 361 360 512 511 509 508 507 505 504 502 500 499 497 495 493 491 489 487 485
269 270 271 272 274 274 275 276 277 277 278 278 376 376 377 377 378 378 379 379 379 380 380 380 381 381 381 381 381 381 382 382 382 382 382 382 382 382 382 381 381 381 381 381 381 380 380 381 380 380 380 379 379 378 378 377 377 376 376 375 375 374 373 372 372 371 370 369 368 367 366 365 364 363 362 361 513 512 511 509 508 506 505 504 502 500 499 497 495 493 491 489 487 485
269 270 271 272 274 274 275 276 276 277 278 278 279 376 377 377 378 378 379 379 379 380 380 380 380 381 381 381 381 381 381 382 382 382 382 382 382 382 381 381 381 381 381 381 380 380 380 381 380 380 380 379 379 378 378 377 377 376 376 375 374 374 373 372 372 371 370 369 368 367 366 365 364 363 362 514 513 512 510 509 508 506 505 503 502 500 499 497 495 493 491 489 487 485
269 270 271 272 274 274 275 276 276 277 278 278 279 279 377 377 378 378 379 379 379 380 380 380 380 381 381 381 381 381 381 381 382 382 382 382 382 381 381 381 381 381 381 381 380 380 380 380 380 380 380 379 379 378 378 377 377 376 376 375 374 374 373 372 372 371 370 369 368 367 366 365 364 363 362 514 513 512 510 509 508 506 505 503 502 500 498 497 495 493 491 489 487 485
269 270 271 272 273 274 275 276 276 277 278 278 279 279 377 377 378 378 378 379 379 380 380 380 380 381 381 381 381 381 381 381 381 382 382 382 381 381 381 381 381 381 381 381 380 380 380 380 380 380 379 379 379 378 378 377 377 376 376 375 374 374 373 372 371 371 370 369 368 367 366 365 364 363 515 514 513 512 510 509 508 506 505 503 502 500 498 497 495 493 491 489 487 485
269 270 271 272 272 274 275 276 276 277 277 278 279 279 280 377 378 378 378 379 379 379 380 380 380 381 381 381 381 381 381 381 381 381 381 381 381 381 381 381 381 381 381 381 380 380 380 379 380 380 379 379 379 378 378 377 377 376 375 375 374 374 373 372 371 371 370 369 368 367 366 365 364 516 515 514 513 511 510 509 508 506 505 503 502 500 498 497 495 493 491 489 487 484
269 270 271 272 272 274 275 276 276 277 277 278 279 279 280 280 378 378 378 379 379 379 380 380 380 380 381 381 381 381 381 381 381 381 381 381 381 381 381 381 381 381 381 380 380 380 380 379 379 380 379 379 379 378 378 377 377 376 375 375 374 374 373 372 371 371 370 369 368 367 366 365 364 516 515 514 513 511 510 509 507 506 505 503 502 500 498 496 495 493 491 489 487 484
269 270 271 271 272 274 275 275 276 277 277 278 278 279 280 280 280 378 378 379 379 379 380 380 380 380 381 381 381 381 381 381 381 381 381 381 381 381 381 381 381 381 381 380 380 380 380 379 379 380 379 379 378 378 378 377 376 376 375 375 374 373 373 372 371 370 370 369 368 367 366 365 517 516 515 514 513 511 510 509 507 506 504 503 501 500 498 496 495 493 491 489 486 484
269 270 271 271 272 273 275 275 276 277 277 278 278 279 279 280 280 281 378 379 379 379 380 380 380 380 381 381 381 381 381 381 381 381 381 381 381 381 381 381 381 381 381 380 380 380 380 379 379 379 379 379 378 378 377 377 376 376 375 375 374 373 373 372 371 370 370 369 368 367 366 365 517 516 515 514 512 511 510 509 507 506 504 503 501 500 498 496 494 493 491 488 486 484
269 270 270 271 272 273 275 275 276 277 277 278 278 279 279 280 280 281 281 379 379 379 379 380 380 380 380 381 381 381 381 381 381 381 381 381 381 381 381 381 381 381 380 380 380 380 379 379 379 379 378 379 378 378 377 377 376 376 375 375 374 373 373 372 371 370 369 369 368 367 366 518 517 516 515 514 512 511 510 509 507 506 504 503 501 500 498 496 494 492 490 488 486 484
269 270 270 271 272 273 273 275 276 277 277 278 278 279 279 280 280 281 281 281 379 379 379 380 380 380 380 381 381 381 381 381 381 381 381 381 381 381 381 381 381 381 380 380 380 380 379 379 379 378 378 379 378 378 377 377 376 376 375 375 374 373 372 372 371 370 369 369 368 367 366 518 517 516 515 513 512 511 510 508 507 506 504 503 501 499 498 496 494 492 490 488 486 484
269 269 270 271 272 273 273 275 276 276 277 278 278 279 279 280 280 281 281 281 282 379 379 380 380 380 380 380 381 381 381 381 381 381 381 381 381 381 381 381 381 380 380 380 380 380 379 379 379 378 378 378 378 378 377 377 376 376 375 374 374 373 372 372 371 370 369 368 368 367 519 518 517 516 515 513 512 511 510 508 507 506 504 503 501 499 498 496 494 492 490 488 486 484
268 269 270 271 272 273 273 274 276 276 277 278 278 279 279 280 280 281 281 281 282 282 379 380 380 380 380 380 381 381 381 381 381 381 381 381 381 381 381 381 381 380 380 380 380 380 379 379 379 378 378 378 377 378 377 377 376 376 375 374 374 373 372 372 371 370 369 368 367 520 519 518 517 516 514 513 512 511 510 508 507 505 504 503 501 499 498 496 494 492 490 488 486 484
268 269 270 271 272 273 273 274 275 276 277 277 278 279 279 280 280 280 281 281 282 282 282 379 380 380 380 380 380 381 381 381 381 381 381 381 381 381 381 381 380 380 380 380 380 379 379 379 379 378 378 377 377 377 377 377 376 375 375 374 374 373 372 372 371 370 369 368 367 519 519 518 517 515 514 513 512 511 509 508 507 505 504 502 501 499 497 496 494 492 490 488 486 483
268 269 270 271 272 272 273 274 275 275 277 277 278 278 279 279 280 280 281 281 281 282 282 282 380 380 380 380 380 381 381 381 381 381 381 381 381 381 381 381 380 380 380 380 380 379 379 379 378 378 378 377 377 376 376 375 376 375 375 374 374 373 372 371 371 370 369 368 520 519 518 517 516 515 514 513 512 511 509 508 507 505 504 502 501 499 497 496 494 492 490 488 486 483
268 269 270 271 272 272 273 274 274 275 276 277 278 278 279 279 280 280 281 281 281 282 282 282 283 380 380 380 380 380 381 381 381 381 381 381 381 381 381 380 380 380 380 380 380 379 379 379 378 378 378 377 377 376 376 375 375 375 375 374 373 373 372 371 371 370 369 368 520 519 518 517 516 515 514 513 512 511 509 508 507 505 504 502 501 499 497 496 494 492 490 488 486 483
268 269 270 271 272 272 273 274 274 275 276 276 278 278 279 279 280 280 281 281 281 282 282 282 282 283 380 380 380 380 380 381 381 381 381 381 381 381 380 380 380 380 380 380 379 379 379 379 378 378 378 377 377 376 376 375 375 374 374 374 373 373 372 371 371 370 369 521 520 519 518 517 516 515 514 513 512 510 509 508 507 505 504 502 501 499 497 495 494 492 490 488 485 483
268 269 270 271 271 272 273 274 274 275 276 276 277 278 279 279 280 280 281 281 281 282 282 282 282 283 283 380 380 380 380 380 381 381 381 381 381 380 380 380 380 380 380 380 379 379 379 379 378 378 378 377 377 376 376 375 375 374 374 373 373 373 372 371 370 370 369 521 520 519 518 517 516 515 514 513 512 510 509 508 506 505 504 502 500 499 497 495 493 492 490 487 485 483
268 269 270 271 271 272 273 274 274 275 275 276 277 277 279 279 280 280 280 281 281 281 282 282 282 283 283 283 380 380 380 380 380 381 381 381 380 380 380 380 380 380 380 380 379 379 379 378 378 378 377 377 377 376 376 375 375 374 373 373 373 372 372 371 370 370 369 521 520 519 518 517 516 515 514 513 512 510 509 508 506 505 503 502 500 499 497 495 493 491 489 487 485 483
268 269 270 270 271 272 273 273 274 275 275 276 277 277 278 279 280 280 280 281 281 281 282 282 282 282 283 283 283 380 380 380 380 380 380 380 380 380 380 380 380 380 380 379 379 379 379 378 378 378 377 377 377 376 376 375 375 374 373 373 372 371 371 370 370 369 522 521 520 519 518 517 516 515 514 513 511 510 509 508 506 505 503 502 500 499 497 495 493 491 489 487 485 483
268 269 270 270 271 272 273 273 274 275 275 276 276 277 278 278 278 280 280 281 281 281 282 282 282 282 283 283 283 283 380 380 380 380 380 380 380 380 380 380 380 380 380 379 379 379 379 378 378 378 377 377 376 376 376 375 374 374 373 373 372 371 371 370 369 368 522 521 520 519 518 517 516 515 514 513 511 510 509 507 506 505 503 502 500 498 497 495 493 491 489 487 485 483
268 269 269 270 271 272 273 273 274 275 275 276 276 277 277 278 278 279 280 281 281 281 282 282 282 282 283 283 283 283 283 283 380 380 380 380 380 380 380 380 380 380 380 379 379 379 379 378 378 378 377 377 376 376 375 375 374 374 373 373 372 371 371 370 369 521 520 520 520 519 518 517 516 515 514 512 511 510 509 507 506 505 503 502 500 498 497 495 493 491 489 487 485 482
268 269 269 270 271 272 273 273 274 275 275 276 276 277 277 278 278 279 279 279 281 281 281 282 282 282 282 283 283 283 283 283 283 380 380 380 380 380 380 380 380 380 379 379 379 379 378 378 378 377 377 377 376 376 375 375 374 374 373 373 372 371 371 370 369 521 520 520 519 518 517 517 516 515 513 512 511 510 509 507 506 504 503 501 500 498 497 495 493 491 489 487 485 482
268 268 269 270 271 272 272 273 274 274 275 276 276 277 277 278 278 279 279 279 280 281 281 282 282 282 282 283 283 283 283 283 283 283 380 380 380 380 380 380 380 380 379 379 379 379 378 378 378 377 377 377 376 376 375 375 374 374 373 372 372 371 370 370 522 521 520 519 519 518 517 516 515 515 513 512 511 510 509 507 506 504 503 501 500 498 496 495 493 491 489 487 484 482
267 268 269 270 271 272 272 273 274 274 275 276 276 277 277 278 278 279 279 279 280 280 280 282 282 282 282 282 283 283 283 283 283 283 283 283 380 380 380 380 380 379 379 379 379 379 378 378 378 377 377 377 376 376 375 375 374 374 373 372 372 371 370 370 522 521 520 519 518 517 517 516 514 513 512 511 511 510 508 507 506 504 503 501 500 498 496 494 493 491 489 487 484 482
267 268 269 270 271 271 272 273 274 274 275 275 276 277 277 278 278 278 279 279 280 280 280 280 281 282 282 282 283 283 283 283 283 283 283 283 283 380 380 380 380 379 379 379 379 378 378 378 378 377 377 376 376 376 375 375 374 373 373 372 372 371 370 369 522 521 520 519 518 517 516 515 514 513 512 511 510 509 507 507 506 504 503 501 500 498 496 494 492 491 489 486 484 482
267 268 269 270 271 271 272 273 274 274 275 275 276 276 277 277 278 278 279 279 280 280 280 280 281 281 281 282 282 283 283 283 283 283 283 283 283 283 380 380 379 379 379 379 379 378 378 378 378 377 377 376 376 375 375 374 374 373 373 372 372 371 370 522 522 521 520 519 518 517 516 515 514 513 512 511 510 508 507 506 504 503 502 501 499 498 496 494 492 490 488 486 484 482
267 268 269 270 271 271 272 273 273 274 275 275 276 276 277 277 278 278 279 279 279 280 280 280 281 281 281 281 281 282 283 283 283 283 283 283 283 283 283 282 379 379 379 379 379 378 378 378 377 377 377 376 376 375 375 374 374 373 373 372 371 371 370 522 522 521 520 519 518 517 516 515 514 513 512 511 510 508 507 506 504 503 501 500 498 497 496 494 492 490 488 486 484 482
267 268 269 270 270 271 272 273 273 274 275 275 276 276 277 277 278 278 279 279 279 280 280 280 280 281 281 281 281 281 281 283 283 283 283 283 283 283 282 282 282 379 379 379 378 378 378 378 377 377 377 376 376 375 375 374 374 373 373 372 371 371 523 522 521 521 520 519 518 517 516 515 514 513 512 511 510 508 507 506 504 503 501 500 498 497 495 493 491 489 487 486 484 481
267 268 269 270 270 271 272 273 273 274 275 275 276 276 277 277 278 278 279 279 279 280 280 280 280 281 281 281 281 281 281 281 282 283 283 283 283 282 282 282 282 282 282 379 378 378 378 378 377 377 377 376 376 375 375 374 374 373 373 372 371 371 523 522 521 521 520 519 518 517 516 515 514 513 512 511 509 508 507 506 504 503 501 500 498 496 495 493 491 489 487 485 483 480
267 268 269 269 270 271 272 272 273 274 274 275 276 276 277 277 278 278 278 279 279 279 280 280 280 281 281 281 281 281 281 281 281 282 282 282 282 282 282 282 282 282 282 282 378 378 378 377 377 377 376 376 376 375 375 374 374 373 372 372 371 370 523 522 521 520 520 519 518 517 516 515 514 513 512 511 509 508 507 505 504 503 501 500 498 496 495 493 491 489 487 485 483 480
267 268 269 269 270 271 272 272 273 274 274 275 275 276 277 277 277 278 278 279 279 279 280 280 280 280 281 281 281 281 281 281 281 281 281 281 281 281 282 282 282 282 282 281 281 281 378 377 377 377 376 376 375 375 375 374 373 373 372 372 371 523 523 522 521 520 520 519 518 517 516 515 514 513 512 510 509 508 507 505 504 502 501 499 498 496 494 493 491 489 487 485 482 480
266 268 268 269 270 271 272 272 273 274 274 275 275 276 276 277 277 278 278 279 279 279 280 280 280 280 281 281 281 281 281 281 281 281 281 281 281 281 281 281 281 282 282 281 281 281 281 280 377 377 376 376 375 375 374 374 373 373 372 372 371 523 523 522 521 520 519 519 518 517 516 515 514 513 511 510 509 508 507 505 504 502 501 499 498 496 494 492 491 489 487 484 482 480
266 266 267 269 270 271 271 272 273 274 274 275 275 276 276 277 277 278 278 279 279 279 280 280 280 280 280 281 281 281 281 281 281 281 281 281 281 281 281 281 281 281 280 280 281 281 281 280 280 280 376 376 375 375 374 374 373 373 372 372 371 523 522 522 521 520 519 518 518 517 516 515 514 512 511 510 509 508 506 505 504 502 501 499 498 496 494 492 490 488 486 484 482 480
265 266 267 268 269 271 271 272 273 273 274 275 275 276 276 277 277 278 278 278 279 279 279 280 280 280 280 281 281 281 281 281 281 281 281 281 281 281 281 281 281 281 280 280 280 280 279 280 280 279 279 279 375 375 374 374 373 373 372 371 524 523 522 522 521 520 519 518 517 517 516 515 513 512 511 510 509 508 506 505 504 502 501 499 497 496 494 492 490 488 486 484 482 480
265 266 267 268 269 270 270 272 273 273 274 275 275 276 276 277 277 278 278 278 279 279 279 280 280 280 280 280 281 281 281 281 281 281 281 281 281 281 281 281 281 280 280 280 280 280 279 279 279 278 279 279 278 278 374 374 373 373 372 371 524 523 522 522 521 520 519 518 517 516 515 514 513 512 511 510 509 508 506 505 503 502 501 499 497 496 494 492 490 488 486 484 482 479
265 266 267 268 269 269 270 271 272 272 274 274 275 276 276 277 277 277 278 278 279 279 279 280 280 280 280 280 281 281 281 281 281 281 281 281 281 281 281 281 281 280 280 280 280 280 279 279 279 278 278 277 277 278 277 277 373 372 372 371 524 523 522 521 521 520 519 518 517 516 515 514 513 512 511 510 509 507 506 505 503 502 500 499 497 496 494 492 490 488 486 484 482 479
265 266 267 268 269 269 270 271 271 272 273 273 275 275 276 276 277 277 278 278 278 279 279 279 280 280 280 280 280 281 281 281 281 281 281 281 281 281 281 281 280 280 280 280 280 279 279 279 278 278 278 277 277 276 276 275 275 275 372 371 523 523 522 521 521 520 519 518 517 516 515 514 513 512 511 510 509 507 506 505 503 502 500 499 497 495 494 492 490 488 486 484 481 479
265 266 267 268 268 269 270 271 271 272 273 273 274 274 275 276 277 277 278 278 278 279 279 279 280 280 280 280 280 280 281 281 281 281 281 281 281 281 281 280 280 280 280 280 280 279 279 279 278 278 278 277 277 276 276 275 275 274 274 426 522 523 522 521 520 520 519 518 517 516 515 514 513 512 511 510 508 507 506 504 503 502 500 499 497 495 493 492 490 488 486 484 481 479
265 266 267 268 268 269 270 271 271 272 273 273 274 274 275 275 276 277 278 278 278 279 279 279 279 280 280 280 280 280 280 281 281 281 281 281 281 281 280 280 280 280 280 280 279 279 279 279 278 278 278 277 277 276 276 275 275 274 274 426 425 425 424 520 519 520 519 518 517 516 515 514 513 512 511 510 508 507 506 504 503 502 500 498 497 495 493 492 490 488 486 483 481 479
