testData/tiles/oneDegree/grid37.0-24.0-38.0-25.0.asc
ncols   200
nrows   200
xllcorner   37.0
yllcorner   24.0
cellsize   0.005
NODATA_value   -9999.0
[rows 42 to 83 of 200, columns 0 to 93 of 200]
252 251 251 251 251 251 251 251 251 250 249 249 249 249 249 249 248 248 248 248 248 248 247 247 247 247 246 246 246 246 245 245 245 245 244 130 130 130 129 129 129 128 128 128 127 127 127 126 126 126 125 125 125 124 124 124 123 123 123 122 122 121 121 121 120 120 120 119 119 118 118 117 117 117 129 129 128 128 119 119 119 118 118 117 117 116 116 115 115 114 114 114 113 113
253 253 252 252 252 252 252 251 251 251 250 250 250 250 249 249 249 249 249 249 248 248 248 248 248 247 247 247 247 246 246 246 246 245 245 131 130 130 130 130 129 129 129 128 128 128 127 127 127 126 126 126 125 125 125 124 124 124 123 123 122 122 122 121 121 120 120 120 119 119 118 118 118 117 130 129 129 128 128 120 119 119 118 118 117 117 116 116 115 115 114 114 114 113
254 254 254 253 252 252 252 252 252 252 252 251 250 250 250 250 250 250 249 249 249 249 249 248 248 248 248 247 247 247 247 246 246 246 246 245 131 131 130 130 130 130 129 129 129 128 128 128 127 127 127 126 126 126 125 125 124 124 124 123 123 123 122 122 121 121 121 120 120 119 119 118 118 131 130 130 129 129 128 120 120 119 119 118 118 117 117 116 116 115 115 114 114 114
254 254 254 253 253 253 253 253 253 252 252 251 251 251 251 251 250 250 250 250 250 249 249 249 249 249 248 248 248 248 247 247 247 247 246 246 132 131 131 131 130 130 130 130 129 129 129 128 128 128 127 127 126 126 126 125 125 125 124 124 123 123 123 122 122 122 121 121 120 120 119 119 132 131 131 130 130 129 129 129 120 120 119 119 118 118 117 117 116 116 115 115 114 114
255 255 255 255 254 254 254 253 253 253 253 253 252 252 251 251 251 251 251 250 250 250 250 250 249 249 249 249 248 248 248 248 247 247 247 247 132 132 132 131 131 131 130 130 130 129 129 129 128 128 128 127 127 127 126 126 126 125 125 124 124 124 123 123 122 122 122 121 121 120 120 120 132 132 131 131 130 130 129 129 121 120 120 119 119 118 118 117 117 116 116 115 115 114
256 256 256 256 255 254 254 254 254 254 254 254 253 252 252 252 252 251 251 251 251 251 250 250 250 250 250 249 249 249 249 248 248 248 247 247 247 133 132 132 132 131 131 131 130 130 130 129 129 129 128 128 128 127 127 126 126 126 125 125 125 124 124 123 123 123 122 122 121 121 120 133 133 132 132 131 131 130 130 129 129 121 120 120 119 119 118 118 117 117 116 116 115 115
256 256 256 256 256 256 255 255 255 254 254 254 254 253 253 252 252 252 252 252 252 251 251 251 251 250 250 250 250 249 249 249 249 248 248 248 247 133 133 133 132 132 132 131 131 131 130 130 130 129 129 129 128 128 127 127 127 126 126 125 125 125 124 124 123 123 123 122 122 121 134 134 133 133 132 132 131 131 130 130 130 121 121 120 120 119 119 118 118 117 117 116 116 115
257 257 257 257 257 257 255 255 255 255 255 255 255 254 253 253 253 253 253 252 252 252 252 251 251 251 251 251 250 250 250 249 249 249 249 248 248 248 133 133 133 133 132 132 132 131 131 131 130 130 129 129 129 128 128 128 127 127 126 126 126 125 125 124 124 124 123 123 122 122 134 134 134 133 133 132 132 131 131 130 130 130 121 121 120 120 119 119 118 118 117 117 116 116
258 258 258 257 257 257 257 256 256 256 256 255 255 255 255 254 254 253 253 253 253 253 252 252 252 252 251 251 251 251 250 250 250 250 249 249 249 248 134 134 133 133 133 132 132 132 131 131 131 130 130 130 129 129 129 128 128 127 127 127 126 126 125 125 125 124 124 123 123 135 135 135 134 134 133 133 132 132 131 131 130 130 130 121 121 120 120 119 119 118 118 117 117 116
258 258 258 258 258 258 258 258 257 256 256 256 256 256 256 254 254 254 254 254 253 253 253 253 253 252 252 252 252 251 251 251 250 250 250 250 249 249 135 134 134 134 133 133 133 132 132 132 131 131 131 130 130 129 129 129 128 128 127 127 127 126 126 125 125 125 124 124 136 136 135 135 135 134 134 133 133 132 132 131 131 130 130 122 121 121 120 120 119 119 118 118 117 117
260 259 259 259 259 259 258 258 257 257 257 257 257 256 256 256 255 255 254 254 254 254 254 253 253 253 253 252 252 252 252 251 251 251 250 250 250 250 249 135 135 134 134 134 133 133 133 132 132 131 131 131 130 130 130 129 129 128 128 128 127 127 126 126 126 125 125 124 137 136 136 136 135 135 134 134 133 133 132 132 131 131 130 130 122 121 121 120 120 119 119 118 118 117
261 260 260 259 259 259 259 259 259 258 258 257 257 257 257 257 256 255 255 255 255 254 254 254 254 254 253 253 253 252 252 252 252 251 251 251 250 250 250 135 135 135 135 134 134 133 133 133 132 132 132 131 131 131 130 130 129 129 129 128 128 127 127 127 126 126 125 138 137 137 136 136 136 135 135 134 134 133 133 132 132 131 131 130 122 122 121 121 120 120 119 119 118 118
261 261 260 260 260 260 260 260 259 259 258 258 258 258 258 257 257 256 256 256 255 255 255 255 254 254 254 254 253 253 253 253 252 252 252 251 251 251 250 136 136 135 135 135 134 134 134 133 133 133 132 132 131 131 131 130 130 129 129 129 128 128 127 127 127 126 126 138 138 137 137 137 136 136 135 135 134 134 133 133 132 132 131 131 130 122 121 121 121 120 120 119 119 118
262 262 262 261 261 261 260 260 260 260 259 259 259 258 258 258 258 258 256 256 256 256 255 255 255 255 254 254 254 254 253 253 253 253 252 252 252 251 251 251 136 136 136 135 135 135 134 134 134 133 133 132 132 132 131 131 130 130 130 129 129 128 128 128 127 127 139 139 138 138 137 137 137 136 136 135 135 134 134 133 133 132 132 131 131 122 122 121 121 120 120 119 119 118
263 263 263 261 261 261 261 261 261 261 260 259 259 259 259 259 258 258 258 257 257 256 256 256 256 255 255 255 255 254 254 254 253 253 253 253 252 252 252 251 137 137 136 136 136 135 135 134 134 134 133 133 133 132 132 131 131 131 130 130 129 129 128 128 128 140 140 139 139 138 138 138 137 137 136 136 135 135 134 134 133 133 132 132 131 131 122 122 121 121 120 120 119 119
263 263 263 263 262 262 262 262 261 261 261 261 260 260 259 259 259 259 259 257 257 257 257 256 256 256 256 255 255 255 255 254 254 254 253 253 253 252 252 252 137 137 137 136 136 136 135 135 135 134 134 133 133 133 132 132 131 131 131 130 130 129 129 129 128 141 140 140 139 139 138 138 138 137 137 136 136 135 135 134 134 133 133 132 132 131 123 122 122 121 121 120 120 119
264 264 264 264 264 263 262 262 262 262 262 262 260 260 260 260 260 259 259 259 258 258 257 257 257 257 256 256 256 255 255 255 255 254 254 254 253 253 253 252 138 138 137 137 137 136 136 136 135 135 134 134 134 133 133 132 132 132 131 131 130 130 129 129 142 141 141 140 140 139 139 138 138 138 137 137 136 136 135 135 134 134 133 133 132 132 131 123 122 122 121 121 120 120
265 265 265 264 264 263 263 263 263 263 262 262 262 261 261 261 260 260 260 260 259 258 258 258 257 257 257 257 256 256 256 256 255 255 255 254 254 254 253 253 253 138 138 138 137 137 136 136 136 135 135 135 134 134 133 133 133 132 132 131 131 130 130 130 142 142 141 141 140 140 139 139 138 138 138 137 137 136 136 135 135 134 134 133 133 132 132 131 123 122 122 121 121 120
265 265 265 265 265 265 264 264 263 263 263 263 263 263 261 261 261 261 261 260 260 259 259 258 258 258 258 257 257 257 256 256 256 255 255 255 255 254 254 254 253 139 138 138 138 137 137 137 136 136 135 135 135 134 134 133 133 133 132 132 131 131 130 143 143 142 142 141 141 140 140 139 139 138 138 138 137 137 136 136 135 135 134 134 133 133 132 132 123 123 122 122 121 121
266 266 266 266 266 265 265 264 264 264 264 264 263 263 262 262 262 261 261 261 261 260 259 259 259 258 258 258 258 257 257 257 256 256 256 255 255 255 254 254 254 139 139 139 138 138 138 137 137 136 136 136 135 135 134 134 134 133 133 132 132 131 144 144 143 143 142 142 141 141 140 140 139 139 138 138 138 137 137 136 136 135 135 134 134 133 133 132 132 123 123 122 122 121
267 267 266 266 266 266 266 265 265 265 264 264 264 264 264 262 262 262 262 262 261 261 261 260 259 259 259 258 258 258 258 257 257 257 256 256 256 255 255 255 254 254 140 139 139 138 138 138 137 137 137 136 136 135 135 135 134 134 133 133 132 132 144 144 144 143 143 142 142 141 141 140 140 139 139 138 138 138 137 137 136 136 135 135 134 134 133 133 132 123 123 122 122 121
267 267 267 267 267 267 267 266 265 265 265 265 265 264 264 264 263 263 262 262 262 262 261 260 260 260 259 259 259 258 258 258 258 257 257 257 256 256 256 255 255 255 140 140 139 139 139 138 138 137 137 137 136 136 135 135 135 134 134 133 133 145 145 145 144 144 143 143 142 142 141 141 140 140 139 139 138 138 137 137 136 136 135 135 134 134 133 133 132 132 123 123 122 122
269 268 268 268 268 267 267 267 267 266 266 265 265 265 265 265 263 263 263 263 263 262 262 262 261 260 260 260 259 259 259 258 258 258 258 257 257 256 256 256 255 255 141 140 140 140 139 139 138 138 138 137 137 136 136 136 135 135 134 134 133 146 145 145 145 144 144 143 143 142 142 141 141 140 140 139 139 138 138 137 137 136 136 135 135 134 134 133 133 132 124 123 123 122
270 270 268 268 268 268 268 268 268 266 266 266 266 266 266 265 265 264 264 263 263 263 263 262 261 261 261 260 260 260 259 259 259 258 258 258 257 257 257 256 256 256 255 141 141 140 140 139 139 139 138 138 137 137 136 136 136 135 135 134 147 146 146 146 145 145 144 144 143 143 142 142 141 141 140 140 139 139 138 138 137 137 136 136 135 135 134 134 133 133 132 124 123 123
270 270 269 269 269 269 269 268 268 268 267 267 267 266 266 266 266 265 264 264 264 264 263 263 263 261 261 261 261 260 260 260 259 259 259 258 258 258 257 257 257 256 256 141 141 141 140 140 139 139 139 138 138 137 137 137 136 136 135 135 147 147 146 146 146 145 145 144 144 143 143 142 142 141 141 140 140 139 139 138 138 137 137 136 136 135 135 134 134 133 133 124 124 123
271 271 271 270 270 269 269 269 269 269 269 267 267 267 267 267 266 266 265 265 264 264 264 264 263 263 262 261 261 261 261 260 260 260 259 259 259 258 258 257 257 257 256 142 142 141 141 140 140 140 139 139 138 138 137 137 137 136 136 148 148 147 147 146 146 146 145 145 144 144 143 143 142 142 141 141 140 140 139 139 138 138 137 137 136 136 135 135 134 134 133 133 124 123
272 272 271 271 270 270 270 270 270 269 269 268 268 268 267 267 267 267 267 265 265 265 264 264 264 264 262 262 262 261 261 261 260 260 260 259 259 259 258 258 258 257 257 257 142 142 141 141 141 140 140 139 139 138 138 138 137 137 149 149 148 148 147 147 146 146 146 145 145 144 144 143 143 142 142 141 141 140 140 139 139 138 138 137 137 136 136 135 135 134 133 133 124 124
272 272 272 272 271 271 271 270 270 270 270 270 268 268 268 268 268 267 267 266 266 265 265 265 265 264 264 263 262 262 262 261 261 261 260 260 260 259 259 259 258 258 257 257 143 142 142 141 141 141 140 140 139 139 139 138 138 137 150 149 149 148 148 147 147 146 146 146 145 145 144 144 143 143 142 142 141 141 140 140 139 139 138 138 137 136 136 135 135 134 134 133 133 124
273 273 273 273 272 271 271 271 271 271 270 270 270 269 269 268 268 268 268 267 266 266 266 265 265 265 265 264 263 263 262 262 262 261 261 261 260 260 260 259 259 258 258 258 143 143 142 142 142 141 141 140 140 139 139 139 138 151 150 150 149 149 148 148 147 147 146 146 146 145 145 144 144 143 143 142 142 141 141 140 140 139 138 138 137 137 136 136 135 135 134 134 133 125
274 273 273 273 273 273 272 272 271 271 271 271 271 270 269 269 269 269 268 268 268 267 266 266 266 265 265 265 264 263 263 263 262 262 262 261 261 260 260 260 259 259 259 258 144 143 143 143 142 142 141 141 140 140 140 139 139 151 151 150 150 149 149 148 148 147 147 146 146 145 145 144 144 143 143 142 142 141 141 140 140 139 139 138 138 137 137 136 136 135 135 134 134 133
274 274 274 274 274 274 272 272 272 272 272 272 271 271 270 270 269 269 269 269 268 267 267 267 266 266 266 265 265 264 263 263 263 262 262 262 261 261 261 260 260 259 259 259 258 144 143 143 143 142 142 141 141 140 140 140 152 152 151 151 150 150 149 149 148 148 147 147 146 146 145 145 144 144 143 143 142 142 141 141 140 140 139 139 138 138 137 137 136 136 135 134 134 133
275 275 275 275 274 274 274 273 273 273 272 272 272 272 271 270 270 270 270 269 269 269 268 267 267 267 266 266 266 264 264 264 263 263 263 262 262 262 261 261 260 260 260 259 259 144 144 144 143 143 142 142 141 141 140 140 153 152 152 151 151 150 150 149 149 148 148 147 147 146 146 145 145 144 144 143 143 142 142 141 141 140 140 139 139 138 138 137 136 136 135 135 134 134
276 275 275 275 275 275 275 274 273 273 273 273 273 272 272 271 271 270 270 270 270 269 268 268 268 267 267 267 266 266 265 264 264 264 263 263 262 262 262 261 261 261 260 260 259 145 144 144 144 143 143 142 142 141 141 154 153 153 152 152 151 151 150 150 149 149 148 148 147 147 146 146 145 145 144 144 143 143 142 142 141 141 140 140 139 138 138 137 137 136 136 135 135 134
277 276 276 276 276 276 275 275 274 274 274 273 273 273 273 273 271 271 271 271 270 270 270 268 268 268 267 267 267 267 265 265 264 264 264 263 263 263 262 262 261 261 261 260 260 145 145 145 144 144 143 143 142 142 141 154 154 153 153 152 152 151 151 150 150 149 149 148 148 147 147 146 146 145 145 144 144 143 143 142 142 141 140 140 139 139 138 138 137 137 136 136 135 135
278 277 277 277 276 276 276 276 276 274 274 274 274 274 273 273 272 272 271 271 271 271 270 270 269 268 268 268 267 267 267 265 265 265 264 264 264 263 263 262 262 262 261 261 260 260 146 145 145 144 144 143 143 142 155 154 154 154 153 153 152 152 151 151 150 150 149 149 148 148 147 147 146 146 145 145 144 144 143 142 142 141 141 140 140 139 139 138 138 137 137 136 135 135
279 278 277 277 277 277 277 277 276 275 275 275 275 274 274 274 274 272 272 272 271 271 271 271 269 269 269 268 268 268 267 267 266 265 265 264 264 264 263 263 263 262 262 261 261 260 146 146 145 145 144 144 143 143 155 155 154 154 154 153 153 152 152 151 151 150 150 149 149 148 148 147 147 146 146 145 144 144 143 143 142 142 141 141 140 140 139 139 138 137 137 136 136 135
279 279 278 278 278 277 277 277 277 277 276 275 275 275 275 274 274 273 273 272 272 272 271 271 271 270 269 269 269 268 268 268 266 266 265 265 265 264 264 263 263 263 262 262 261 261 147 146 146 145 145 144 144 156 156 155 155 154 154 154 153 153 152 152 151 151 150 150 149 149 148 148 147 146 146 145 145 144 144 143 143 142 142 141 141 140 139 139 138 138 137 137 136 136
280 280 280 278 278 278 278 278 278 277 277 276 276 276 275 275 275 275 273 273 273 272 272 272 271 270 270 269 269 269 268 268 268 266 266 266 265 265 264 264 264 263 263 262 262 261 261 147 146 146 145 145 157 157 156 156 155 155 154 154 153 153 153 152 152 151 150 150 149 149 148 148 147 147 146 146 145 145 144 144 143 143 142 142 141 140 140 139 139 138 138 137 137 136
281 280 280 280 279 279 279 278 278 278 278 277 276 276 276 276 275 275 275 274 273 273 273 272 272 272 270 270 270 269 269 269 268 267 267 266 266 265 265 265 264 264 263 263 262 262 262 147 147 146 146 145 158 157 157 156 156 155 155 154 154 153 153 152 152 151 151 150 150 149 149 148 148 147 147 146 146 145 145 144 144 143 142 142 141 141 140 140 139 139 138 137 137 136
281 281 281 281 280 279 279 279 279 279 278 278 277 277 277 276 276 276 275 274 274 274 273 273 273 272 272 271 270 270 270 269 269 268 267 267 266 266 265 265 265 264 264 263 263 262 262 148 147 147 146 159 158 158 157 157 156 156 155 155 154 154 153 153 152 152 151 151 150 150 149 149 148 148 147 147 146 146 145 144 144 143 143 142 142 141 141 140 139 139 138 138 137 137
282 282 282 281 281 280 280 280 280 279 279 279 278 277 277 277 277 276 276 276 274 274 274 274 273 273 273 271 271 270 270 270 269 269 268 267 267 266 266 266 265 265 264 264 263 263 263 148 148 147 147 159 159 158 158 157 157 156 156 155 155 154 154 153 153 152 152 151 151 150 150 149 149 148 148 147 146 146 145 145 144 144 143 143 142 142 141 140 140 139 139 138 138 137
282 282 282 282 282 281 281 280 280 280 280 279 279 278 278 277 277 277 277 276 275 275 274 274 274 273 273 273 271 271 271 270 270 270 269 268 267 267 266 266 266 265 265 264 264 263 263 263 148 148 160 160 159 159 158 158 157 157 156 156 155 155 154 154 153 153 152 152 151 151 150 150 149 148 148 147 147 146 146 145 145 144 144 143 142 142 141 141 140 140 139 138 138 137
