testData/tiles/oneDegree/grid3.0-7.0-4.0-8.0.asc
ncols   200
nrows   200
xllcorner   3.0
yllcorner   7.0
cellsize   0.005
NODATA_value   -9999.0
[rows 126 to 167 of 200, columns 94 to 187 of 200]
295 295 295 295 238 239 239 239 239 239 239 239 240 240 240 240 240 240 240 240 241 241 241 241 241 241 241 242 242 242 242 242 242 242 242 243 243 243 243 243 243 243 243 244 244 244 244 244 244 244 244 244 245 245 245 245 198 198 198 198 199 199 199 199 199 199 199 199 199 200 200 200 200 200 200 200 200 200 201 201 201 201 201 201 201 201 201 201 202 202 202 202 202 202
295 295 295 295 239 239 239 239 239 239 239 240 240 240 240 240 240 240 240 241 241 241 241 241 241 241 241 242 242 242 242 242 242 242 243 243 243 243 243 243 243 243 244 244 244 244 244 244 244 244 244 245 245 245 245 245 245 198 198 199 199 199 199 199 199 199 199 199 200 200 200 200 200 200 200 200 200 201 201 201 201 201 201 201 201 201 201 202 202 202 202 202 202 202
295 295 295 296 239 239 239 239 239 239 239 240 240 240 240 240 240 240 241 241 241 241 241 241 241 241 242 242 242 242 242 242 242 243 243 243 243 243 243 243 243 244 244 244 244 244 244 244 244 244 245 245 245 245 245 245 245 245 199 199 199 199 199 199 199 199 199 200 200 200 200 200 200 200 200 200 201 201 201 201 201 201 201 201 201 202 202 202 202 202 202 202 202 202
295 295 296 296 239 239 239 239 239 239 240 240 240 240 240 240 240 241 241 241 241 241 241 241 241 242 242 242 242 242 242 242 242 243 243 243 243 243 243 243 244 244 244 244 244 244 244 244 244 245 245 245 245 245 245 245 245 246 199 199 199 199 199 199 199 199 200 200 200 200 200 200 200 200 200 201 201 201 201 201 201 201 201 201 202 202 202 202 202 202 202 202 202 202
295 295 296 296 239 239 239 239 239 240 240 240 240 240 240 240 241 241 241 241 241 241 241 241 242 242 242 242 242 242 242 242 243 243 243 243 243 243 243 243 244 244 244 244 244 244 244 244 245 245 245 245 245 245 245 245 246 246 246 199 199 199 199 199 200 200 200 200 200 200 200 200 200 201 201 201 201 201 201 201 201 201 201 202 202 202 202 202 202 202 202 202 203 203
295 296 296 296 239 239 239 239 240 240 240 240 240 240 240 240 241 241 241 241 241 241 241 242 242 242 242 242 242 242 242 243 243 243 243 243 243 243 243 244 244 244 244 244 244 244 244 245 245 245 245 245 245 245 245 246 246 246 246 246 199 199 199 200 200 200 200 200 200 200 200 200 201 201 201 201 201 201 201 201 201 202 202 202 202 202 202 202 202 202 202 203 203 203
296 296 296 296 239 239 239 240 240 240 240 240 240 240 240 241 241 241 241 241 241 241 242 242 242 242 242 242 242 242 243 243 243 243 243 243 243 243 244 244 244 244 244 244 244 244 245 245 245 245 245 245 245 245 246 246 246 246 246 246 199 199 200 200 200 200 200 200 200 200 200 201 201 201 201 201 201 201 201 201 202 202 202 202 202 202 202 202 202 202 203 203 203 203
296 296 296 296 296 239 239 240 240 240 240 240 240 240 241 241 241 241 241 241 241 242 242 242 242 242 242 242 242 243 243 243 243 243 243 243 243 244 244 244 244 244 244 244 244 245 245 245 245 245 245 245 245 246 246 246 246 246 246 246 246 200 200 200 200 200 200 200 200 200 201 201 201 201 201 201 201 201 201 202 202 202 202 202 202 202 202 202 203 203 203 203 203 203
296 296 296 296 296 239 240 240 240 240 240 240 240 241 241 241 241 241 241 241 241 242 242 242 242 242 242 242 243 243 243 243 243 243 243 243 244 244 244 244 244 244 244 244 245 245 245 245 245 245 245 245 246 246 246 246 246 246 246 246 247 247 200 200 200 200 200 200 200 201 201 201 201 201 201 201 201 201 202 202 202 202 202 202 202 202 202 203 203 203 203 203 203 203
296 296 296 296 296 240 240 240 240 240 240 240 241 241 241 241 241 241 241 241 242 242 242 242 242 242 242 243 243 243 243 243 243 243 243 244 244 244 244 244 244 244 244 245 245 245 245 245 245 245 245 246 246 246 246 246 246 246 246 247 247 247 200 200 200 200 200 200 201 201 201 201 201 201 201 201 202 202 202 202 202 202 202 202 202 202 203 203 203 203 203 203 203 203
296 296 296 296 297 240 240 240 240 240 240 240 241 241 241 241 241 241 241 242 242 242 242 242 242 242 243 243 243 243 243 243 243 243 244 244 244 244 244 244 244 244 245 245 245 245 245 245 245 245 246 246 246 246 246 246 246 246 247 247 247 247 247 200 200 200 201 201 201 201 201 201 201 201 201 202 202 202 202 202 202 202 202 202 203 203 203 203 203 203 203 203 203 203
296 296 296 296 297 240 240 240 240 240 240 241 241 241 241 241 241 241 242 242 242 242 242 242 242 242 243 243 243 243 243 243 243 244 244 244 244 244 244 244 244 245 245 245 245 245 245 245 245 246 246 246 246 246 246 246 246 247 247 247 247 247 247 247 200 201 201 201 201 201 201 201 201 201 202 202 202 202 202 202 202 202 202 203 203 203 203 203 203 203 203 203 203 204
296 296 296 297 297 240 240 240 240 240 241 241 241 241 241 241 241 242 242 242 242 242 242 242 242 243 243 243 243 243 243 243 244 244 244 244 244 244 244 244 245 245 245 245 245 245 245 245 246 246 246 246 246 246 246 246 247 247 247 247 247 247 247 247 201 201 201 201 201 201 201 201 201 202 202 202 202 202 202 202 202 202 203 203 203 203 203 203 203 203 203 204 204 204
296 296 297 297 297 240 240 240 240 241 241 241 241 241 241 241 241 242 242 242 242 242 242 242 243 243 243 243 243 243 243 243 244 244 244 244 244 244 244 245 245 245 245 245 245 245 245 246 246 246 246 246 246 246 246 247 247 247 247 247 247 247 247 248 248 201 201 201 201 201 201 201 202 202 202 202 202 202 202 202 202 203 203 203 203 203 203 203 203 203 204 204 204 204
296 296 297 297 297 240 240 240 240 241 241 241 241 241 241 241 242 242 242 242 242 242 242 243 243 243 243 243 243 243 243 244 244 244 244 244 244 244 245 245 245 245 245 245 245 245 246 246 246 246 246 246 246 246 247 247 247 247 247 247 247 247 248 248 248 201 201 201 201 201 201 202 202 202 202 202 202 202 202 203 203 203 203 203 203 203 203 203 203 204 204 204 204 204
296 297 297 297 297 240 240 240 241 241 241 241 241 241 241 242 242 242 242 242 242 242 243 243 243 243 243 243 243 243 244 244 244 244 244 244 244 245 245 245 245 245 245 245 245 246 246 246 246 246 246 246 246 247 247 247 247 247 247 247 247 248 248 248 248 248 201 201 201 201 202 202 202 202 202 202 202 202 203 203 203 203 203 203 203 203 203 204 204 204 204 204 204 204
297 297 297 297 297 240 240 241 241 241 241 241 241 241 242 242 242 242 242 242 242 242 243 243 243 243 243 243 243 244 244 244 244 244 244 244 244 245 245 245 245 245 245 245 246 246 246 246 246 246 246 246 247 247 247 247 247 247 247 247 248 248 248 248 248 248 248 201 202 202 202 202 202 202 202 202 202 203 203 203 203 203 203 203 203 203 204 204 204 204 204 204 204 205
297 297 297 297 297 240 241 241 241 241 241 241 241 241 242 242 242 242 242 242 242 243 243 243 243 243 243 243 244 244 244 244 244 244 244 244 245 245 245 245 245 245 245 246 246 246 246 246 246 246 246 247 247 247 247 247 247 247 247 248 248 248 248 248 248 248 248 202 202 202 202 202 202 202 202 202 203 203 203 203 203 203 203 203 203 204 204 204 204 204 204 204 205 205
297 297 297 297 297 240 241 241 241 241 241 241 241 242 242 242 242 242 242 242 243 243 243 243 243 243 243 244 244 244 244 244 244 244 244 245 245 245 245 245 245 245 246 246 246 246 246 246 246 246 247 247 247 247 247 247 247 247 248 248 248 248 248 248 248 248 249 249 202 202 202 202 202 202 202 203 203 203 203 203 203 203 203 203 204 204 204 204 204 204 204 205 205 206
297 297 297 297 297 241 241 241 241 241 241 241 242 242 242 242 242 242 242 243 243 243 243 243 243 243 243 244 244 244 244 244 244 244 245 245 245 245 245 245 245 245 246 246 246 246 246 246 246 247 247 247 247 247 247 247 247 248 248 248 248 248 248 248 248 249 249 249 249 202 202 202 202 202 203 203 203 203 203 203 203 203 204 204 204 204 204 204 204 204 205 205 206 207
297 297 297 297 298 241 241 241 241 241 241 242 242 242 242 242 242 242 242 243 243 243 243 243 243 243 244 244 244 244 244 244 244 245 245 245 245 245 245 245 245 246 246 246 246 246 246 246 247 247 247 247 247 247 247 247 248 248 248 248 248 248 248 248 249 249 249 249 249 202 202 202 202 203 203 203 203 203 203 203 203 204 204 204 204 204 204 204 204 205 206 206 207 207
297 297 297 297 298 241 241 241 241 241 241 242 242 242 242 242 242 242 243 243 243 243 243 243 243 244 244 244 244 244 244 244 245 245 245 245 245 245 245 245 246 246 246 246 246 246 246 246 247 247 247 247 247 247 247 248 248 248 248 248 248 248 248 249 249 249 249 249 249 249 202 202 203 203 203 203 203 203 203 203 204 204 204 204 204 204 204 204 204 206 206 207 207 207
297 297 297 298 298 241 241 241 241 241 242 242 242 242 242 242 242 243 243 243 243 243 243 243 244 244 244 244 244 244 244 244 245 245 245 245 245 245 245 246 246 246 246 246 246 246 246 247 247 247 247 247 247 247 248 248 248 248 248 248 248 248 249 249 249 249 249 249 249 249 202 203 203 203 203 203 203 203 203 204 204 204 204 204 204 204 204 204 206 206 206 207 207 208
297 297 298 298 298 241 241 241 241 242 242 242 242 242 242 242 243 243 243 243 243 243 243 243 244 244 244 244 244 244 244 245 245 245 245 245 245 245 246 246 246 246 246 246 246 246 247 247 247 247 247 247 247 247 248 248 248 248 248 248 248 249 249 249 249 249 249 249 249 249 250 203 203 203 203 203 203 203 204 204 204 204 204 204 204 204 204 206 206 206 207 207 208 208
297 297 298 298 298 241 241 241 241 242 242 242 242 242 242 242 243 243 243 243 243 243 243 244 244 244 244 244 244 244 245 245 245 245 245 245 245 246 246 246 246 246 246 246 246 247 247 247 247 247 247 247 247 248 248 248 248 248 248 248 249 249 249 249 249 249 249 249 249 250 250 203 203 203 203 203 203 204 204 204 204 204 204 204 204 204 206 206 206 207 207 207 208 208
297 298 298 298 298 241 241 241 242 242 242 242 242 242 242 243 243 243 243 243 243 243 244 244 244 244 244 244 244 245 245 245 245 245 245 245 245 246 246 246 246 246 246 246 247 247 247 247 247 247 247 247 248 248 248 248 248 248 248 248 249 249 249 249 249 249 249 249 250 250 250 250 203 203 203 203 204 204 204 204 204 204 204 204 205 206 206 206 207 207 207 208 208 210
298 298 298 298 298 241 241 242 242 242 242 242 242 242 243 243 243 243 243 243 243 244 244 244 244 244 244 244 244 245 245 245 245 245 245 245 246 246 246 246 246 246 246 247 247 247 247 247 247 247 247 248 248 248 248 248 248 248 248 249 249 249 249 249 249 249 249 250 250 250 250 250 250 203 203 204 204 204 204 204 204 204 204 205 206 206 206 207 207 207 208 208 209 210
298 298 298 298 298 241 241 242 242 242 242 242 242 242 243 243 243 243 243 243 243 244 244 244 244 244 244 244 245 245 245 245 245 245 245 246 246 246 246 246 246 246 247 247 247 247 247 247 247 247 248 248 248 248 248 248 248 248 249 249 249 249 249 249 249 249 250 250 250 250 250 250 250 203 204 204 204 204 204 204 204 204 205 206 206 206 207 207 207 208 208 209 210 210
298 298 298 298 298 241 242 242 242 242 242 242 242 243 243 243 243 243 243 243 244 244 244 244 244 244 244 245 245 245 245 245 245 245 246 246 246 246 246 246 246 246 247 247 247 247 247 247 247 248 248 248 248 248 248 248 248 249 249 249 249 249 249 249 249 250 250 250 250 250 250 250 250 251 204 204 204 204 204 204 204 205 205 206 206 207 207 207 208 208 209 210 210 210
298 298 298 298 298 242 242 242 242 242 242 242 243 243 243 243 243 243 243 244 244 244 244 244 244 244 245 245 245 245 245 245 245 245 246 246 246 246 246 246 246 247 247 247 247 247 247 247 248 248 248 248 248 248 248 248 249 249 249 249 249 249 249 249 250 250 250 250 250 250 250 250 251 251 204 204 204 204 204 204 205 205 206 206 206 207 207 208 208 209 210 210 210 211
298 298 298 298 298 242 242 242 242 242 242 242 243 243 243 243 243 243 243 244 244 244 244 244 244 244 245 245 245 245 245 245 245 246 246 246 246 246 246 246 247 247 247 247 247 247 247 247 248 248 248 248 248 248 248 249 249 249 249 249 249 249 249 250 250 250 250 250 250 250 250 251 251 251 251 204 204 204 204 205 205 206 206 206 207 207 208 209 209 210 210 210 211 211
298 298 298 298 299 242 242 242 242 242 242 243 243 243 243 243 243 243 244 244 244 244 244 244 244 245 245 245 245 245 245 245 246 246 246 246 246 246 246 247 247 247 247 247 247 247 247 248 248 248 248 248 248 248 249 249 249 249 249 249 249 249 250 250 250 250 250 250 250 250 251 251 251 251 251 204 204 204 205 205 206 206 206 207 207 207 209 209 210 210 210 211 211 211
298 298 298 299 299 242 242 242 242 242 243 243 243 243 243 243 243 244 244 244 244 244 244 244 245 245 245 245 245 245 245 246 246 246 246 246 246 246 246 247 247 247 247 247 247 247 248 248 248 248 248 248 248 249 249 249 249 249 249 249 249 250 250 250 250 250 250 250 250 251 251 251 251 251 251 251 204 205 205 205 206 206 207 207 207 209 209 209 210 210 211 211 211 212
298 298 298 299 299 242 242 242 242 242 243 243 243 243 243 243 243 244 244 244 244 244 244 244 245 245 245 245 245 245 245 246 246 246 246 246 246 246 247 247 247 247 247 247 247 248 248 248 248 248 248 248 248 249 249 249 249 249 249 249 250 250 250 250 250 250 250 250 251 251 251 251 251 251 251 251 205 205 205 206 206 207 207 207 209 209 209 210 210 211 211 211 212 213
298 298 299 299 299 242 242 242 242 243 243 243 243 243 243 243 244 244 244 244 244 244 244 245 245 245 245 245 245 245 246 246 246 246 246 246 246 247 247 247 247 247 247 247 248 248 248 248 248 248 248 248 249 249 249 249 249 249 249 250 250 250 250 250 250 250 250 251 251 251 251 251 251 251 251 252 252 205 206 206 206 207 207 209 209 209 210 210 210 211 211 212 213 213
298 298 299 299 299 242 242 242 243 243 243 243 243 243 243 244 244 244 244 244 244 244 245 245 245 245 245 245 245 246 246 246 246 246 246 246 247 247 247 247 247 247 247 247 248 248 248 248 248 248 248 249 249 249 249 249 249 249 250 250 250 250 250 250 250 250 251 251 251 251 251 251 251 251 252 252 252 206 206 206 207 207 208 209 209 210 210 210 211 211 211 213 213 214
298 299 299 299 299 242 242 242 243 243 243 243 243 243 243 244 244 244 244 244 244 244 245 245 245 245 245 245 245 246 246 246 246 246 246 246 247 247 247 247 247 247 247 248 248 248 248 248 248 248 249 249 249 249 249 249 249 249 250 250 250 250 250 250 250 251 251 251 251 251 251 251 251 252 252 252 252 253 206 207 207 208 209 209 210 210 210 211 211 211 213 213 214 214
299 299 299 299 299 242 242 243 243 243 243 243 243 243 244 244 244 244 244 244 244 245 245 245 245 245 245 245 246 246 246 246 246 246 246 247 247 247 247 247 247 247 248 248 248 248 248 248 248 249 249 249 249 249 249 249 249 250 250 250 250 250 250 250 251 251 251 251 251 251 251 251 252 252 252 252 253 253 206 207 208 209 209 209 210 210 211 211 212 213 213 213 214 214
299 299 299 299 299 242 242 243 243 243 243 243 243 244 244 244 244 244 244 244 245 245 245 245 245 245 245 246 246 246 246 246 246 246 247 247 247 247 247 247 247 248 248 248 248 248 248 248 248 249 249 249 249 249 249 249 250 250 250 250 250 250 250 251 251 251 251 251 251 251 251 252 252 252 252 253 253 253 254 208 209 209 209 210 210 210 211 212 213 213 213 214 214 215
299 299 299 299 299 242 243 243 243 243 243 243 243 244 244 244 244 244 244 244 245 245 245 245 245 245 245 246 246 246 246 246 246 246 247 247 247 247 247 247 247 248 248 248 248 248 248 248 249 249 249 249 249 249 249 250 250 250 250 250 250 250 250 251 251 251 251 251 251 251 252 252 252 252 252 253 253 254 255 208 209 209 210 210 210 211 212 213 213 213 214 214 214 215
299 299 299 299 299 243 243 243 243 243 243 243 244 244 244 244 244 244 244 245 245 245 245 245 245 245 246 246 246 246 246 246 246 247 247 247 247 247 247 247 248 248 248 248 248 248 248 249 249 249 249 249 249 249 250 250 250 250 250 250 250 250 251 251 251 251 251 251 251 252 252 252 252 252 253 253 253 255 255 256 209 209 210 210 211 212 212 213 213 214 214 214 215 215
299 299 299 299 299 243 243 243 243 243 243 243 244 244 244 244 244 244 245 245 245 245 245 245 245 246 246 246 246 246 246 246 247 247 247 247 247 247 247 248 248 248 248 248 248 248 249 249 249 249 249 249 249 249 250 250 250 250 250 250 250 251 251 251 251 251 251 251 251 252 252 252 252 253 253 253 255 255 256 256 209 210 210 211 212 212 213 213 213 214 214 215 215 216
