testData/tiles/oneDegree/grid23.0-36.0-24.0-37.0.asc
ncols   200
nrows   200
xllcorner   23.0
yllcorner   36.0
cellsize   0.005
NODATA_value   -9999.0
[rows 0 to 41 of 200, columns 0 to 93 of 200]
832 834 835 837 838 839 841 843 844 845 847 848 849 850 852 853 854 855 857 858 859 860 862 863 864 865 867 868 868 869 871 872 873 874 875 876 877 878 879 856 857 857 859 860 861 861 863 864 864 865 866 867 868 868 870 688 689 690 691 692 692 693 746 747 747 748 749 613 613 614 615 615 616 616 617 618 619 619 619 621 621 621 622 623 623 624 624 625 626 626 626 627 628 628
833 834 835 837 839 840 841 843 844 845 846 848 850 851 852 854 855 856 857 859 860 860 861 863 864 865 866 868 869 870 871 872 873 874 876 876 877 878 880 880 857 858 859 860 861 861 863 864 864 865 867 867 868 868 869 689 689 690 690 692 692 693 745 747 747 748 748 613 613 614 614 616 616 617 617 618 619 619 620 620 621 622 622 622 624 624 624 625 626 626 627 627 627 628
833 834 835 837 839 840 841 842 844 846 847 849 850 851 852 854 855 856 857 859 860 861 862 864 864 865 866 868 869 870 871 872 873 874 875 877 877 878 879 881 881 882 859 860 861 862 862 864 865 865 866 867 868 869 869 689 689 690 690 692 693 693 746 747 748 748 749 612 614 614 614 615 616 617 617 618 619 619 620 620 621 622 622 623 623 624 625 625 625 626 627 627 627 629
833 834 836 837 839 840 841 843 845 846 847 848 850 851 852 853 855 856 857 858 860 861 862 863 865 866 866 867 869 870 871 872 873 874 875 876 878 878 879 880 881 882 883 860 861 862 863 863 865 865 866 867 868 869 869 688 690 690 691 691 693 693 694 746 748 748 749 612 614 614 615 615 616 617 617 618 618 620 620 620 621 622 622 623 623 624 625 625 625 626 627 627 628 628
832 835 836 837 838 841 842 843 844 846 847 848 850 851 852 853 855 856 857 858 860 861 862 863 865 866 867 868 869 870 871 872 874 874 875 876 878 878 879 880 882 882 883 884 885 862 863 863 865 866 866 867 868 869 870 688 690 690 691 691 693 693 694 746 747 748 749 612 613 614 615 615 616 617 618 618 618 620 620 620 621 621 623 623 623 624 625 625 626 626 626 627 628 628
833 835 836 837 839 841 842 843 844 846 847 848 849 852 853 854 855 857 858 859 859 861 862 863 864 866 867 868 869 870 871 872 873 875 875 876 877 879 879 880 881 883 883 884 885 886 887 864 864 866 866 867 868 869 870 688 689 691 691 692 692 694 694 747 747 749 749 613 613 614 615 615 616 616 618 618 618 619 620 621 621 621 623 623 623 624 624 625 626 626 626 628 628 628
833 834 836 838 839 840 842 843 844 846 848 849 850 852 853 854 855 857 858 859 860 862 863 863 864 866 867 868 869 871 871 872 873 875 876 876 877 879 880 880 881 883 883 884 885 886 887 888 864 866 867 867 868 869 870 689 689 690 691 692 692 693 694 695 747 748 749 613 613 614 615 616 616 616 617 618 619 619 619 621 621 622 622 623 624 624 624 625 626 626 626 627 628 628
833 834 837 838 839 840 842 844 845 846 848 849 850 851 853 854 855 856 858 859 860 861 863 864 865 865 867 868 869 870 872 872 873 874 876 877 877 878 880 881 881 882 884 884 885 886 887 888 889 889 867 867 868 869 870 689 689 690 691 692 693 693 695 695 748 748 749 613 613 614 614 616 616 617 617 618 619 619 620 620 621 622 622 622 624 624 624 625 626 626 627 627 627 629
833 835 836 838 839 840 842 844 845 846 848 849 850 851 853 854 855 856 858 859 860 861 863 864 865 866 867 868 869 870 872 873 873 874 876 877 878 878 880 881 881 882 884 885 885 886 888 888 889 889 890 868 868 869 869 689 690 690 691 692 693 693 694 695 748 748 749 613 614 614 615 615 616 617 617 618 619 619 620 620 622 622 622 623 623 624 625 625 625 627 627 627 627 628
834 835 836 838 839 841 842 844 845 846 847 849 850 851 852 854 855 856 857 859 860 861 862 864 865 866 867 869 869 870 871 873 874 874 875 877 878 878 879 881 882 882 883 885 885 886 887 888 889 890 890 892 892 869 870 689 690 690 691 691 693 693 694 694 696 748 749 612 614 614 615 615 617 617 617 618 618 620 620 620 621 622 622 623 623 623 625 625 625 626 627 627 628 628
834 835 836 838 840 841 842 843 845 846 847 849 851 852 853 855 856 857 858 860 860 861 862 864 865 866 867 869 870 870 871 873 874 875 875 877 878 879 879 880 882 882 883 884 886 886 887 888 889 890 890 891 893 893 870 688 690 690 691 692 693 694 694 695 696 749 749 612 613 614 615 615 616 617 618 618 618 620 620 621 621 621 623 623 623 624 625 625 626 626 626 627 628 628
834 835 837 838 840 841 842 843 845 847 848 849 851 852 853 854 856 857 858 859 861 862 863 863 865 866 867 868 870 871 871 872 874 875 876 876 878 879 880 880 882 883 883 884 886 886 887 888 889 890 891 891 892 893 894 688 689 691 691 692 692 694 694 695 695 749 749 613 613 614 615 615 616 616 618 618 619 619 620 621 621 621 622 623 623 624 624 625 626 626 626 627 628 628
833 836 837 838 839 841 842 844 845 847 848 849 850 852 853 854 855 857 858 859 860 862 863 864 864 866 867 868 869 871 872 872 873 875 876 876 877 879 880 880 881 883 884 884 885 887 887 888 888 890 891 891 892 894 894 713 713 691 691 692 692 693 694 695 695 696 749 613 613 614 615 616 616 616 617 618 619 619 619 621 621 622 622 623 624 624 624 625 626 626 626 627 627 628
834 836 837 838 839 841 843 844 845 847 848 849 850 852 853 854 855 857 858 859 860 862 863 864 865 867 867 868 869 871 872 873 873 875 876 877 877 879 880 881 881 883 884 884 885 887 887 888 889 889 891 891 892 893 894 895 713 714 691 692 693 693 695 695 696 696 749 613 613 614 614 616 616 617 617 618 619 619 620 620 621 622 622 622 624 624 624 625 625 626 627 627 627 627
834 835 837 838 840 841 843 844 845 846 848 849 850 851 853 854 855 856 858 859 860 861 863 864 865 866 868 868 869 870 872 873 874 874 876 877 878 878 880 881 881 882 884 885 885 886 888 888 889 889 891 892 892 893 893 895 714 714 715 716 693 693 694 695 696 696 697 613 614 614 614 615 616 617 617 618 619 619 620 620 620 622 622 623 623 624 625 625 625 625 627 627 627 628
834 835 837 839 840 841 843 844 845 846 848 849 851 852 854 855 856 857 859 859 860 861 863 864 865 866 868 869 869 870 872 873 874 874 876 877 878 878 880 881 882 882 883 885 885 886 887 888 889 890 890 892 892 893 894 895 714 714 715 716 717 693 694 694 696 696 697 612 614 614 615 615 616 617 617 618 618 620 620 620 621 622 622 623 623 623 625 625 625 626 626 627 627 628
834 835 837 839 840 841 842 844 845 847 848 850 851 852 853 855 856 857 858 860 861 861 862 864 865 866 867 869 870 870 871 873 874 875 875 877 878 879 879 881 882 882 883 885 886 886 887 888 889 890 890 891 893 893 894 894 714 714 715 715 717 717 694 694 696 696 697 612 613 614 615 615 616 617 617 618 618 619 620 620 621 621 622 623 623 624 624 625 625 626 626 626 628 628
834 836 837 839 840 841 842 844 846 847 848 850 851 852 853 855 856 857 858 860 861 862 863 864 865 866 867 869 870 871 871 873 874 875 876 876 878 879 880 880 882 883 883 884 886 886 887 888 889 890 890 891 893 893 894 894 713 715 715 716 716 718 718 719 695 697 697 561 613 613 615 615 616 616 618 618 618 619 619 621 621 621 622 623 623 624 624 624 626 626 626 626 628 628
834 836 837 838 840 841 843 844 846 847 848 849 851 852 853 854 856 857 858 859 861 862 863 864 865 866 867 868 870 871 872 872 874 875 876 876 878 879 880 880 882 883 883 884 885 886 887 888 888 890 891 891 892 893 894 895 713 715 715 716 716 717 718 719 719 696 697 561 613 614 615 615 616 616 617 618 619 619 619 621 621 621 622 622 623 624 624 624 625 626 626 627 627 628
835 836 837 838 840 842 843 844 846 847 848 849 851 852 853 854 856 857 858 859 861 862 863 864 865 867 867 868 869 871 872 872 873 875 876 877 877 879 880 881 881 883 884 884 885 887 887 888 889 890 891 891 892 893 894 895 713 714 715 716 716 717 718 719 719 720 720 561 613 614 614 616 616 616 617 617 619 619 619 620 621 622 622 622 623 624 624 625 625 625 626 627 627 627
834 836 837 838 840 842 843 844 845 847 848 849 850 852 853 854 855 857 858 859 860 862 863 864 865 867 868 868 869 871 872 873 873 875 876 877 877 878 880 881 881 882 884 884 885 886 887 888 889 889 891 891 892 893 894 895 713 714 714 716 717 717 718 719 720 720 720 584 561 614 614 615 616 617 617 617 619 619 620 620 620 622 622 622 623 623 624 625 625 625 627 627 627 627
834 835 837 839 840 841 843 844 845 846 848 849 850 852 854 855 856 856 858 859 860 861 863 864 865 866 868 868 869 870 872 873 874 874 876 877 878 878 880 881 881 882 884 885 885 886 887 888 889 889 890 892 892 893 893 895 713 714 715 716 717 717 718 718 720 720 721 584 586 614 614 615 615 617 617 618 618 619 620 620 620 621 622 622 623 623 623 625 625 625 626 627 627 628
834 835 838 839 840 841 843 844 845 846 849 850 851 852 854 855 856 857 859 860 860 861 863 864 865 866 868 869 869 870 872 873 874 874 875 877 878 878 879 881 882 882 883 885 885 886 887 888 889 890 890 891 892 893 893 894 714 714 715 715 717 717 718 718 719 720 721 584 585 586 615 615 615 616 617 618 618 618 620 620 621 621 621 623 623 623 624 624 625 625 626 626 627 628
834 835 837 839 840 841 842 844 846 847 848 850 851 852 853 855 856 857 858 860 861 862 862 864 865 866 867 869 870 870 871 873 874 875 875 877 878 879 879 881 882 882 883 884 885 886 887 887 889 890 890 891 892 893 894 894 713 714 715 715 716 717 718 718 719 720 721 584 585 585 639 639 616 616 617 618 618 619 619 620 621 621 621 622 623 623 624 624 625 626 626 626 626 628
834 836 837 839 840 841 842 845 846 847 848 850 851 852 853 855 856 857 858 860 861 862 863 864 865 866 867 868 870 871 871 872 874 875 875 876 878 879 879 880 882 883 883 884 886 886 887 888 888 890 890 891 892 893 894 894 713 714 715 715 716 716 718 719 719 719 721 584 585 585 638 639 640 616 616 618 618 619 619 619 621 621 621 622 622 623 624 624 624 626 626 626 627 627
835 836 837 838 840 841 843 844 846 847 848 849 851 852 853 854 856 857 858 859 861 862 863 864 865 866 867 868 870 871 871 872 874 875 876 876 877 879 880 880 881 883 883 884 885 886 887 888 888 890 890 891 892 892 894 894 713 714 715 716 716 717 717 719 719 720 720 585 585 585 586 638 640 640 617 617 618 619 619 619 620 621 622 622 622 623 624 624 625 625 626 626 627 627
835 836 837 838 840 842 843 844 846 847 848 849 851 852 853 854 855 857 858 859 860 862 863 864 865 866 867 868 869 871 872 872 873 875 876 876 877 879 880 880 881 882 883 884 885 885 887 888 888 889 891 891 892 892 893 895 713 714 714 716 716 717 717 719 719 720 720 584 585 586 586 638 640 640 641 641 617 619 619 620 620 620 622 622 622 623 624 624 625 625 625 626 627 627
834 836 837 838 840 842 843 844 845 847 848 849 850 852 853 854 855 857 858 859 860 862 863 864 865 867 867 868 869 870 872 872 873 874 876 877 877 878 880 880 881 882 884 884 885 886 886 888 888 889 890 891 892 892 893 895 713 714 714 715 716 717 717 718 719 720 720 584 584 586 586 586 639 640 641 641 642 618 619 620 620 620 621 622 622 623 623 624 625 625 625 626 627 627
834 836 837 839 840 842 843 844 845 846 848 849 850 851 853 854 855 856 858 859 860 861 863 864 865 866 867 868 869 870 872 873 873 874 876 877 877 878 879 881 881 882 883 884 885 886 886 888 889 889 890 890 892 893 893 894 713 714 714 715 716 717 717 718 718 720 720 584 584 585 586 587 639 639 641 641 642 642 618 620 620 620 621 621 623 623 623 623 625 625 625 626 626 627
834 835 837 839 840 841 843 844 845 846 848 849 851 852 854 855 856 856 858 859 860 861 862 864 865 866 867 868 869 870 871 873 873 874 875 877 878 878 879 881 881 882 883 883 885 886 886 887 889 889 890 890 892 893 893 894 712 714 714 715 715 717 718 718 718 719 720 584 584 585 586 587 639 640 640 641 642 642 642 619 620 621 621 621 623 623 623 624 624 625 625 626 626 626
834 835 837 839 840 841 842 844 845 846 848 850 851 852 853 855 856 857 858 859 860 861 862 864 865 866 867 869 869 870 871 872 874 874 875 876 878 878 879 880 881 882 883 884 885 886 886 887 888 889 890 891 891 893 893 894 712 713 715 715 716 716 718 718 719 719 720 584 584 585 585 587 587 640 640 640 642 642 643 643 619 621 621 621 622 623 623 624 624 624 626 626 626 626
834 835 837 839 840 841 842 844 845 847 848 850 851 852 853 855 856 857 858 859 860 861 862 863 865 866 867 868 869 870 871 872 874 874 875 876 877 878 879 880 881 882 883 884 884 886 887 887 888 888 890 891 891 892 893 894 713 713 715 715 716 716 717 718 719 719 720 584 585 585 585 586 587 640 640 640 641 642 643 643 643 644 621 621 622 622 623 624 624 624 625 626 626 626
834 836 837 838 840 841 842 843 846 847 848 849 851 852 853 854 856 857 858 859 861 861 862 863 865 866 867 868 869 870 871 872 873 875 875 876 877 879 879 880 881 881 883 884 884 885 887 887 888 889 890 891 891 892 892 894 713 713 714 715 716 716 717 717 719 719 720 583 585 585 585 586 586 588 640 641 641 641 643 643 643 644 645 622 622 622 623 624 624 624 625 625 626 627
834 836 837 838 840 841 842 844 846 847 848 849 850 852 853 854 855 857 858 859 860 862 862 863 864 866 867 868 869 870 871 872 873 874 875 876 877 878 879 880 881 881 883 884 884 885 886 887 888 889 889 891 891 892 893 893 713 713 714 714 716 716 717 717 718 719 583 583 584 585 586 586 586 587 640 641 641 641 642 643 644 644 644 646 622 622 623 623 624 624 625 625 625 627
834 836 837 838 839 841 843 844 845 847 848 849 850 852 853 854 855 857 858 859 860 861 863 863 864 865 867 868 869 870 871 872 873 874 875 876 877 878 878 880 881 881 882 884 885 885 886 887 888 889 889 890 891 892 893 893 713 713 714 714 715 716 717 717 718 719 583 583 584 584 586 586 586 587 639 641 641 641 642 642 644 644 644 645 646 622 623 623 623 625 625 625 625 626
834 835 837 838 839 841 843 844 845 846 848 849 850 851 853 854 855 856 858 859 860 861 863 864 864 865 866 868 869 870 870 872 873 874 875 876 877 878 878 880 881 882 882 883 885 885 886 887 888 889 889 890 891 892 893 893 712 713 714 714 715 715 717 717 718 718 583 583 584 584 585 586 587 587 587 640 641 642 642 642 643 644 644 645 645 646 623 623 623 624 625 625 625 626
834 835 837 838 839 841 843 844 845 846 848 849 850 851 852 854 855 856 857 859 860 861 862 864 864 865 866 868 869 870 870 872 873 874 875 875 877 878 879 879 881 882 882 883 884 885 886 887 887 889 889 890 891 892 893 893 712 712 714 714 715 716 716 718 718 718 582 583 584 584 585 585 587 587 587 640 640 642 642 642 643 644 644 645 645 645 647 647 623 624 624 625 626 626
834 835 836 838 840 841 842 844 845 846 847 849 850 851 852 854 855 856 857 859 860 861 862 863 865 865 866 867 869 870 871 871 873 874 875 875 876 878 879 879 880 882 882 883 884 885 886 887 887 888 889 890 891 891 893 893 712 712 713 715 715 716 716 718 718 719 582 582 584 584 585 585 586 587 587 588 640 641 642 642 643 643 644 645 645 645 646 647 647 624 624 624 625 626
834 835 836 838 840 841 842 843 845 846 847 848 850 851 852 853 855 856 857 858 860 861 862 863 865 865 866 867 868 870 871 871 872 874 875 875 876 878 879 879 880 881 882 883 884 884 886 887 887 888 889 890 891 891 892 893 712 713 713 714 715 716 716 717 718 719 582 583 583 584 585 585 586 586 588 588 640 641 641 642 643 643 644 645 645 646 646 646 647 648 624 624 625 625
834 835 836 838 840 841 842 843 845 846 847 848 850 851 852 853 854 856 857 858 859 861 862 863 864 866 866 867 868 870 871 871 872 873 875 876 876 877 879 879 880 881 882 883 884 884 885 887 887 888 889 890 891 891 892 892 712 713 713 714 714 716 716 717 717 719 582 583 583 583 585 585 586 586 587 588 588 641 641 642 643 643 644 644 645 646 646 646 647 647 648 624 625 625
833 835 836 838 839 841 842 843 844 846 847 848 849 851 852 853 854 856 857 858 859 861 862 863 864 865 866 867 868 869 871 871 872 873 875 876 876 877 878 879 880 881 882 883 884 885 885 886 887 888 889 889 891 891 892 893 711 713 713 714 714 716 716 717 717 718 582 583 583 584 584 585 586 586 587 587 588 641 641 642 642 643 644 644 644 645 646 646 647 647 647 648 625 625
833 835 836 838 839 841 842 843 844 846 847 848 849 850 852 853 854 855 857 858 859 860 862 863 864 865 866 867 868 869 870 872 872 873 874 876 876 877 878 879 880 881 882 882 884 885 885 886 887 888 889 889 890 891 892 893 711 712 713 714 714 715 716 717 717 718 581 583 583 584 584 584 586 586 587 587 587 641 641 642 642 642 644 644 644 645 645 646 647 647 647 647 649 625
