testData/tiles/oneDegree/grid0.0-22.0-1.0-23.0.asc
ncols   200
nrows   200
xllcorner   0.0
yllcorner   22.0
cellsize   0.005
NODATA_value   -9999.0
[rows 42 to 83 of 200, columns 0 to 93 of 200]
173 173 173 173 173 173 173 173 173 173 173 173 173 173 173 174 174 174 174 174 174 174 174 174 174 174 174 174 174 174 174 174 174 174 174 174 174 350 350 350 351 351 351 351 351 351 351 351 351 351 352 357 362 366 369 373 376 379 381 384 386 388 389 391 392 393 394 394 395 395 395 394 395 394 393 392 390 389 387 385 382 380 377 374 370 367 363 358 353 352 352 352 352 352
173 173 173 173 173 173 173 173 173 173 173 173 173 173 173 174 174 174 174 174 174 174 174 174 174 174 174 174 174 174 174 174 174 174 174 174 174 350 350 350 351 351 351 351 351 351 351 351 351 351 353 358 362 366 370 374 377 380 382 385 387 389 390 392 393 394 394 395 395 395 395 396 395 395 394 393 391 390 388 386 383 381 378 375 371 367 363 359 354 352 352 352 352 352
173 173 173 173 173 173 173 173 173 173 173 173 173 173 174 174 174 174 174 174 174 174 174 174 174 174 174 174 174 174 174 174 174 174 174 174 174 350 350 350 351 351 351 351 351 351 351 351 351 351 354 359 363 367 371 374 377 380 383 385 387 389 391 392 393 394 395 396 396 396 396 397 396 395 394 393 392 390 388 386 384 381 378 375 372 368 364 360 355 352 352 352 352 352
173 173 173 173 173 173 173 173 173 173 173 173 173 173 174 174 174 174 174 174 174 174 174 174 174 174 174 174 174 174 174 174 174 174 174 174 174 350 350 351 351 351 351 351 351 351 351 351 351 351 355 359 364 368 372 375 378 381 384 386 388 390 391 393 394 395 396 396 397 397 398 397 397 396 395 394 392 391 389 387 385 382 379 376 373 369 365 360 356 352 352 352 352 352
173 173 173 173 173 173 173 173 173 173 173 173 173 173 174 174 174 174 174 174 174 174 174 174 174 174 174 174 174 174 174 174 174 174 174 174 174 350 350 351 351 351 351 351 351 351 351 351 351 351 356 360 365 369 372 376 379 382 384 387 389 390 392 394 395 396 396 397 397 397 398 398 397 397 396 395 393 391 390 388 385 383 380 377 373 370 366 361 357 352 352 352 352 352
173 173 173 173 173 173 173 173 173 173 173 173 173 174 174 174 174 174 174 174 174 174 174 174 174 174 174 174 174 174 174 174 174 174 174 174 174 350 350 351 351 351 351 351 351 351 351 351 351 351 356 361 365 369 373 376 380 382 385 387 389 391 393 394 395 396 397 398 398 399 399 399 398 397 396 395 394 392 390 388 386 383 381 377 374 370 366 362 357 352 352 352 352 352
173 173 173 173 173 173 173 173 173 173 173 173 173 174 174 174 174 174 174 174 174 174 174 174 174 174 174 174 174 174 174 174 174 174 174 174 174 350 351 351 351 351 351 351 351 351 351 351 351 352 357 362 366 370 374 377 380 383 386 388 390 392 393 395 396 397 398 398 398 400 399 399 399 398 397 396 394 393 391 389 387 384 381 378 375 371 367 363 358 353 352 352 352 352
173 173 173 173 173 173 173 173 173 173 173 173 173 174 174 174 174 174 174 174 174 174 174 174 174 174 174 174 174 174 174 174 174 174 174 174 174 350 351 351 351 351 351 351 351 351 351 351 351 353 358 363 367 371 374 378 381 384 386 389 391 392 394 395 397 398 398 399 399 400 400 400 399 399 398 396 395 393 392 390 387 385 382 379 375 372 368 364 359 354 352 352 352 352
173 173 173 173 173 173 173 173 173 173 173 173 173 174 174 174 174 174 174 174 174 174 174 174 174 174 174 174 174 174 174 174 174 174 174 174 174 350 351 351 351 351 351 351 351 351 351 351 351 354 359 363 368 371 375 378 382 384 387 389 391 393 395 396 397 398 399 399 401 401 401 400 400 399 398 397 396 394 392 390 388 385 383 379 376 372 369 364 360 355 352 352 352 352
173 173 173 173 173 173 173 173 173 173 173 173 174 174 174 174 174 174 174 174 174 174 174 174 174 174 174 174 174 174 174 174 174 174 174 174 350 351 351 351 351 351 351 351 351 351 351 351 351 354 359 364 368 372 376 379 382 385 388 390 392 394 395 397 398 399 400 400 401 401 401 401 401 400 399 398 396 395 393 391 389 386 383 380 377 373 369 365 360 355 352 352 352 352
173 173 173 173 173 173 173 173 173 173 173 173 174 174 174 174 174 174 174 174 174 174 174 174 174 174 174 174 174 174 174 174 174 174 174 174 350 351 351 351 351 351 351 351 351 351 351 351 351 355 360 365 369 373 377 380 383 386 388 391 393 394 396 397 398 399 400 401 402 402 402 402 401 400 399 398 397 395 394 392 389 387 384 381 378 374 370 366 361 356 352 352 352 352
173 173 173 173 173 173 173 173 173 173 173 173 174 174 174 174 174 174 174 174 174 174 174 174 174 174 174 174 174 174 174 174 174 174 174 174 350 351 351 351 351 351 351 351 351 351 351 351 351 356 361 365 370 374 377 381 384 386 389 391 393 395 397 398 399 400 401 402 403 403 403 402 402 401 400 399 398 396 394 392 390 387 385 382 378 375 371 366 362 357 352 352 352 352
173 173 173 173 173 173 173 173 173 173 173 173 174 174 174 174 174 174 174 174 174 174 174 174 174 174 174 174 174 174 174 174 174 174 174 174 350 351 351 351 351 351 351 351 351 351 351 351 351 357 362 366 370 374 378 381 384 387 390 392 394 396 397 399 400 401 401 403 403 403 403 403 402 402 401 400 398 397 395 393 391 388 385 382 379 375 371 367 363 358 352 352 352 352
173 173 173 173 173 173 173 173 173 173 173 173 174 174 174 174 174 174 174 174 174 174 174 174 174 174 174 174 174 174 174 174 174 174 174 174 351 351 351 351 351 351 351 351 351 351 351 351 352 357 362 367 371 375 379 382 385 388 390 392 394 396 398 399 400 401 402 403 404 404 404 403 403 402 401 400 399 397 395 393 391 389 386 383 380 376 372 368 363 358 353 352 352 352
173 173 173 173 173 173 173 173 173 173 173 174 174 174 174 174 174 174 174 174 174 174 174 174 174 174 174 174 174 174 174 174 174 174 174 174 351 351 351 351 351 351 351 351 351 351 351 351 353 358 363 368 372 376 379 383 386 388 391 393 395 397 398 400 401 402 403 404 404 404 404 404 404 403 402 401 399 398 396 394 392 389 387 384 380 377 373 369 364 359 354 352 352 352
173 173 173 173 173 173 173 173 173 173 173 174 174 174 174 174 174 174 174 174 174 174 174 174 174 174 174 174 174 174 174 174 174 174 174 174 351 351 351 351 351 351 351 351 351 351 351 351 354 359 364 368 372 376 380 383 386 389 391 394 396 397 399 400 402 402 404 405 405 405 405 405 404 403 403 401 400 398 397 395 392 390 387 384 381 377 373 369 365 360 355 352 352 352
173 173 173 173 173 173 173 173 173 173 173 174 174 174 174 174 174 174 174 174 174 174 174 174 174 174 174 174 174 174 174 174 174 174 174 174 351 351 351 351 351 351 351 351 351 351 351 351 354 360 365 369 373 377 381 384 387 390 392 394 396 398 400 401 402 403 405 405 406 406 406 405 405 404 403 402 401 399 397 395 393 391 388 385 382 378 374 370 366 361 355 352 352 352
173 173 173 173 173 173 173 173 173 173 173 174 174 174 174 174 174 174 174 174 174 174 174 174 174 174 174 174 174 174 174 174 174 174 174 174 351 351 351 351 351 351 351 351 351 351 351 351 355 360 365 370 374 378 381 384 387 390 393 395 397 399 400 402 403 404 405 406 406 406 406 406 405 405 404 403 401 400 398 396 394 391 388 385 382 379 375 371 366 361 356 352 352 352
173 173 173 173 173 173 173 173 173 173 173 174 174 174 174 174 174 174 174 174 174 174 174 174 174 174 174 174 174 174 174 174 174 174 174 174 351 351 351 351 351 351 351 351 351 351 351 351 356 361 366 370 375 378 382 385 388 391 393 396 398 399 401 402 403 404 406 406 407 407 407 406 406 405 404 403 402 400 399 397 394 392 389 386 383 379 376 371 367 362 357 352 352 352
173 173 173 173 173 173 173 173 173 173 173 174 174 174 174 174 174 174 174 174 174 174 174 174 174 174 174 174 174 174 174 174 174 174 174 175 351 351 351 351 351 351 351 351 351 351 351 351 357 362 367 371 375 379 383 386 389 391 394 396 398 400 401 403 404 405 407 407 407 407 407 407 407 406 405 404 402 401 399 397 395 392 390 387 384 380 376 372 368 363 358 352 352 352
173 173 173 173 173 173 173 173 173 173 173 174 174 174 174 174 174 174 174 174 174 174 174 174 174 174 174 174 174 174 174 174 174 174 174 351 351 351 351 351 351 351 351 351 351 351 351 352 357 363 367 372 376 380 383 386 389 392 394 397 399 400 402 403 404 405 407 408 408 408 408 408 407 406 405 404 403 401 400 398 395 393 390 387 384 381 377 373 368 364 358 353 352 352
173 173 173 173 173 173 173 173 173 173 174 174 174 174 174 174 174 174 174 174 174 174 174 174 174 174 174 174 174 174 174 174 174 174 174 351 351 351 351 351 351 351 351 351 351 351 351 353 358 363 368 372 377 380 384 387 390 393 395 397 399 401 403 404 405 407 408 408 408 409 408 408 408 407 406 405 404 402 400 398 396 394 391 388 385 381 378 373 369 364 359 354 352 352
173 173 173 173 173 173 173 173 173 173 174 174 174 174 174 174 174 174 174 174 174 174 174 174 174 174 174 174 174 174 174 174 174 174 174 351 351 351 351 351 351 351 351 351 351 351 351 353 359 364 369 373 377 381 384 388 391 393 396 398 400 402 403 405 406 408 408 409 409 409 409 409 408 408 407 406 404 403 401 399 397 394 392 389 385 382 378 374 370 365 360 354 352 352
173 173 173 173 173 173 173 173 173 173 174 174 174 174 174 174 174 174 174 174 174 174 174 174 174 174 174 174 174 174 174 174 174 174 174 351 351 351 351 351 351 351 351 351 351 351 351 354 360 365 369 374 378 382 385 388 391 394 396 398 400 402 404 405 406 408 409 409 410 410 410 409 409 408 407 406 405 403 401 399 397 395 392 389 386 383 379 375 370 366 361 355 352 352
173 173 173 173 173 173 173 173 173 173 174 174 174 174 174 174 174 174 174 174 174 174 174 174 174 174 174 174 174 174 174 174 174 174 174 351 351 351 351 351 351 351 351 351 351 351 351 355 360 365 370 374 378 382 386 389 392 394 397 399 401 403 404 406 407 409 409 410 410 410 410 410 409 409 408 407 405 404 402 400 398 395 393 390 387 383 379 375 371 366 361 356 352 352
173 173 173 173 173 173 173 173 173 173 174 174 174 174 174 174 174 174 174 174 174 174 174 174 174 174 174 174 174 174 174 174 174 174 174 351 351 351 351 351 351 351 351 351 351 351 351 355 361 366 371 375 379 383 386 389 392 395 397 400 402 403 405 406 407 409 410 410 411 411 411 410 410 409 408 407 406 404 403 401 398 396 393 390 387 384 380 376 372 367 362 356 352 352
173 173 173 173 173 173 173 173 173 173 174 174 174 174 174 174 174 174 174 174 174 174 174 174 174 174 174 174 174 174 174 174 174 174 174 351 351 351 351 351 351 351 351 351 351 351 351 356 362 367 371 376 380 383 387 390 393 396 398 400 402 404 405 407 408 410 410 411 411 411 411 411 410 410 409 408 406 405 403 401 399 397 394 391 388 384 381 377 372 368 363 357 352 352
173 173 173 173 173 173 173 173 173 173 174 174 174 174 174 174 174 174 174 174 174 174 174 174 174 174 174 174 174 174 174 174 174 174 174 351 351 351 351 351 351 351 351 351 351 351 351 357 362 367 372 376 380 384 388 391 394 396 399 401 403 404 406 407 408 410 411 412 412 412 412 412 411 410 409 408 407 405 404 402 400 397 395 392 389 385 381 377 373 368 363 358 352 352
173 173 173 173 173 173 173 173 173 173 174 174 174 174 174 174 174 174 174 174 174 174 174 174 174 174 174 174 174 174 174 174 174 174 174 351 351 351 351 351 351 351 351 351 351 351 352 358 363 368 373 377 381 385 388 391 394 397 399 401 403 405 407 408 409 411 412 412 412 412 412 412 412 411 410 409 408 406 404 402 400 398 395 392 389 386 382 378 374 369 364 359 353 352
173 173 173 173 173 173 173 173 173 173 174 174 174 174 174 174 174 174 174 174 174 174 174 174 174 174 174 174 174 174 174 174 174 174 174 351 351 351 351 351 351 351 351 351 351 351 352 358 364 369 373 378 382 385 389 392 395 397 400 402 404 406 407 408 410 411 412 413 413 413 413 413 412 411 411 409 408 407 405 403 401 398 396 393 390 386 383 379 374 370 365 359 353 352
173 173 173 173 173 173 173 173 173 173 174 174 174 174 174 174 174 174 174 174 174 174 174 174 174 174 174 174 174 174 174 174 174 174 174 351 351 351 351 351 351 351 351 351 351 351 353 359 364 369 374 378 382 386 389 392 395 398 400 403 404 406 408 409 410 412 413 413 413 414 413 413 413 412 411 410 409 407 405 404 401 399 396 393 390 387 383 379 375 370 365 360 354 352
173 173 173 173 173 173 173 173 173 173 174 174 174 174 174 174 174 174 174 174 174 174 174 174 174 174 174 174 174 174 174 174 174 174 174 351 351 351 351 351 351 351 351 351 351 351 354 360 365 370 375 379 383 387 390 393 396 399 401 403 405 407 408 410 411 413 413 414 414 414 414 414 413 413 412 411 409 408 406 404 402 400 397 394 391 388 384 380 376 371 366 361 355 352
173 173 173 173 173 173 173 173 173 173 174 174 174 174 174 174 174 174 174 174 174 174 174 174 174 174 174 174 174 174 174 174 174 174 174 351 351 351 351 351 351 351 351 351 351 351 355 360 366 371 375 380 383 387 390 394 396 399 401 404 406 407 409 410 411 413 414 414 415 415 415 414 414 413 412 411 410 408 407 405 402 400 397 395 391 388 384 381 376 372 367 361 356 352
173 173 173 173 173 173 173 173 173 173 174 174 174 174 174 174 174 174 174 174 174 174 174 174 174 174 174 174 174 174 174 174 174 174 350 351 351 351 351 351 351 351 351 351 351 351 355 361 366 371 376 380 384 388 391 394 397 400 402 404 406 408 409 411 412 414 414 415 415 415 415 415 414 414 413 412 410 409 407 405 403 401 398 395 392 389 385 381 377 372 367 362 356 352
173 173 173 173 173 173 173 173 173 173 173 174 174 174 174 174 174 174 174 174 174 174 174 174 174 174 174 174 174 174 174 174 174 174 350 351 351 351 351 351 351 351 351 351 351 351 356 362 367 372 376 381 385 388 392 395 398 400 403 405 407 408 410 411 412 413 415 415 416 416 416 415 415 414 413 412 411 409 408 406 404 401 399 396 393 389 386 382 377 373 368 363 357 352
173 173 173 173 173 173 173 173 173 173 173 174 174 174 174 174 174 174 174 174 174 174 174 174 174 174 174 174 174 174 174 174 174 174 350 351 351 351 351 351 351 351 351 351 351 351 357 362 368 373 377 381 385 389 392 395 398 401 403 405 407 409 410 412 413 414 415 416 416 416 416 416 415 415 414 413 411 410 408 406 404 402 399 396 393 390 386 382 378 374 369 363 358 352
173 173 173 173 173 173 173 173 173 173 173 174 174 174 174 174 174 174 174 174 174 174 174 174 174 174 174 174 174 174 174 174 174 174 350 350 351 351 351 351 351 351 351 351 351 351 357 363 368 373 378 382 386 389 393 396 399 401 404 406 408 409 411 412 413 414 416 416 417 417 417 416 416 415 414 413 412 410 409 407 405 402 400 397 394 390 387 383 379 374 369 364 358 352
173 173 173 173 173 173 173 173 173 173 173 174 174 174 174 174 174 174 174 174 174 174 174 174 174 174 174 174 174 174 174 174 174 174 350 350 351 351 351 351 351 351 351 351 351 352 358 364 369 374 378 383 386 390 393 396 399 402 404 406 408 410 411 413 414 415 416 417 417 417 417 417 416 416 415 414 412 411 409 407 405 403 400 397 394 391 387 384 379 375 370 365 359 353
173 173 173 173 173 173 173 173 173 173 173 174 174 174 174 174 174 174 174 174 174 174 174 174 174 174 174 174 174 174 174 174 174 174 350 350 351 351 351 351 351 351 351 351 351 353 359 364 370 374 379 383 387 391 394 397 400 402 405 407 409 410 412 413 414 415 417 417 418 418 418 417 417 416 415 414 413 411 410 408 406 403 401 398 395 392 388 384 380 375 371 365 360 354
173 173 173 173 173 173 173 173 173 173 173 174 174 174 174 174 174 174 174 174 174 174 174 174 174 174 174 174 174 174 174 174 174 174 350 350 351 351 351 351 351 351 351 351 351 353 359 365 370 375 380 384 388 391 395 398 400 403 405 407 409 411 412 414 415 416 417 418 418 418 418 418 417 417 416 415 413 412 410 408 406 404 401 399 396 392 389 385 381 376 371 366 360 354
173 173 173 173 173 173 173 173 173 173 173 174 174 174 174 174 174 174 174 174 174 174 174 174 174 174 174 174 174 174 174 174 174 174 350 350 351 351 351 351 351 351 351 351 351 354 360 366 371 376 380 384 388 392 395 398 401 403 406 408 410 412 413 414 415 416 417 418 419 419 419 418 418 417 416 415 414 413 411 409 407 404 402 399 396 393 389 385 381 377 372 367 361 355
173 173 173 173 173 173 173 173 173 173 173 173 174 174 174 174 174 174 174 174 174 174 174 174 174 174 174 174 174 174 174 174 174 174 350 350 351 351 351 351 351 351 351 351 351 355 361 366 371 376 381 385 389 392 396 399 401 404 406 408 410 412 413 415 416 417 417 419 419 419 419 419 418 418 417 416 414 413 411 409 407 405 402 400 397 393 390 386 382 377 372 367 362 356
