testData/tiles/oneDegree/grid28.0-31.0-29.0-32.0.asc
ncols   200
nrows   200
xllcorner   28.0
yllcorner   31.0
cellsize   0.005
NODATA_value   -9999.0
[rows 0 to 41 of 200, columns 94 to 187 of 200]
809 810 810 811 865 866 867 869 869 869 869 871 871 871 872 873 873 874 874 875 620 619 619 619 621 622 622 623 625 625 626 627 629 631 631 633 633 635 636 638 639 640 641 644 644 644 645 647 647 648 649 649 650 653 653 652 653 653 654 656 657 656 656 656 656 657 658 658 658 659 659 658 657 658 659 658 660 660 658 659 659 659 657 657 657 655 657 657 655 656 655 654 654 653
809 810 811 812 866 866 867 868 868 868 869 871 871 871 873 873 873 874 874 875 619 619 619 620 621 621 621 623 623 623 625 626 628 631 631 632 634 636 636 637 638 640 639 641 642 643 645 645 646 647 648 647 649 650 651 651 652 653 653 653 655 655 655 655 656 656 657 657 657 657 657 657 657 658 657 657 657 657 657 657 656 657 658 657 657 657 656 655 654 654 653 653 652 652
809 810 811 811 865 865 867 868 868 868 870 870 870 870 872 872 872 873 874 617 618 619 620 621 621 621 622 623 623 623 625 627 626 628 629 631 632 633 635 635 638 639 640 641 641 643 645 645 645 645 647 648 648 649 649 649 652 652 652 653 653 652 654 655 655 655 655 655 655 657 656 657 658 658 657 656 656 656 656 657 656 655 656 656 654 654 654 653 653 653 652 650 651 650
808 810 811 864 865 866 866 867 867 868 869 869 870 871 872 872 872 874 617 617 618 619 619 620 620 621 621 622 622 622 625 626 626 628 630 630 632 633 633 636 637 636 637 639 641 641 642 644 644 646 647 646 647 648 650 650 651 650 650 651 652 652 653 653 653 654 655 656 655 655 655 655 655 655 655 657 657 656 656 656 655 654 655 654 653 654 653 653 653 652 652 651 651 651
811 811 811 864 866 866 866 868 869 869 870 870 871 872 872 872 873 617 617 617 619 619 619 620 621 621 622 622 622 623 624 625 626 628 629 630 631 632 633 634 635 636 637 639 639 640 641 642 642 645 645 645 645 648 648 648 649 649 649 652 652 652 653 653 653 652 653 653 654 655 654 654 655 655 654 655 655 654 653 654 654 653 655 655 653 653 653 652 651 652 650 650 649 649
810 810 810 865 866 866 866 868 868 868 869 870 870 871 872 873 616 617 617 618 619 619 619 621 621 621 622 622 623 624 626 626 628 630 630 631 633 634 635 635 636 637 636 638 638 639 641 641 642 643 642 644 646 646 646 646 648 649 649 650 650 650 650 652 652 652 653 652 652 653 653 653 654 654 653 653 653 653 653 653 653 653 653 652 652 652 651 651 649 649 649 647 648 646
810 810 810 865 865 865 865 867 867 868 870 870 870 871 872 615 616 616 617 617 618 618 619 620 620 620 621 622 622 623 625 627 627 629 630 631 633 633 634 635 637 637 638 639 639 640 641 642 642 643 644 644 645 644 644 646 647 647 647 648 648 649 650 650 649 650 651 651 652 652 652 652 653 652 652 652 653 652 653 653 651 651 652 651 650 651 650 650 651 649 649 648 647 646
809 809 810 864 864 865 866 867 867 867 869 869 869 870 871 614 616 616 617 617 618 618 619 620 620 620 622 622 623 625 626 627 628 629 631 631 633 633 633 636 636 637 638 638 640 640 641 642 641 643 644 644 645 645 647 647 647 647 646 647 648 647 649 649 649 650 650 650 650 651 651 650 651 652 651 652 652 651 651 651 650 648 649 650 648 649 649 647 648 648 646 647 646 645
809 811 864 865 865 866 866 867 867 868 870 870 870 872 615 615 616 617 617 617 618 619 619 620 620 621 622 621 622 625 626 626 627 630 630 631 632 633 634 636 636 637 639 639 639 639 641 642 642 644 644 644 645 646 646 647 647 647 647 649 649 649 650 650 649 650 650 650 650 650 650 651 650 650 650 651 650 650 650 649 650 650 650 649 648 648 647 647 646 646 645 645 644 644
809 810 863 864 865 865 867 867 868 868 869 869 870 614 614 614 616 616 616 618 619 619 619 620 621 621 622 623 624 626 627 628 630 631 630 631 633 634 635 636 637 637 638 639 639 640 642 641 642 643 643 644 646 646 646 646 647 648 648 649 648 648 650 650 650 650 650 650 651 651 650 650 651 651 649 650 650 650 651 650 650 650 650 649 648 649 648 647 647 647 646 646 645 644
809 809 863 864 865 865 866 867 867 867 868 869 613 614 614 615 616 616 616 618 618 618 618 620 620 620 621 623 624 625 626 628 629 630 631 631 634 634 635 636 638 637 639 639 640 642 642 643 643 643 644 644 645 645 645 647 648 647 648 648 648 649 650 649 649 650 650 650 651 651 651 651 651 651 651 650 650 650 651 650 649 650 649 649 649 649 649 648 648 647 646 645 645 643
809 809 862 864 864 864 865 866 867 867 868 612 612 613 614 614 615 615 616 617 617 617 618 619 619 619 621 622 623 625 625 627 629 629 630 632 633 634 634 637 637 638 639 639 641 641 641 642 642 644 645 645 646 645 647 648 647 647 648 648 648 648 649 650 649 651 651 651 651 650 650 651 652 651 651 652 652 650 650 650 649 650 650 649 649 649 648 647 648 647 646 646 645 645
808 861 862 863 864 864 866 866 866 867 611 611 611 612 613 614 615 615 616 617 617 618 619 619 619 619 622 622 623 625 627 627 629 630 631 633 633 634 634 636 636 637 638 640 640 641 642 643 644 644 644 644 646 647 647 648 647 647 649 649 650 650 649 650 650 651 650 650 651 651 651 651 651 651 650 651 651 651 651 651 651 651 649 649 649 648 648 647 647 648 646 647 645 645
808 862 863 864 864 865 866 866 866 611 612 612 612 614 614 614 615 616 616 617 617 618 619 619 619 620 622 623 624 626 627 628 629 631 631 632 633 634 635 636 637 637 639 639 639 641 642 642 644 644 644 645 646 646 646 647 648 648 649 649 649 650 651 650 650 651 651 650 651 651 651 652 651 650 651 652 651 651 652 650 650 651 650 649 650 650 648 649 647 647 647 646 646 644
808 862 862 863 863 864 866 866 867 611 611 611 612 613 613 613 615 615 616 617 618 618 619 619 620 620 622 623 625 627 627 628 631 631 632 632 634 634 635 636 637 638 640 639 640 642 642 642 643 643 644 645 646 646 646 647 648 648 649 649 649 650 650 650 650 650 651 651 652 651 651 651 651 651 652 651 651 650 651 651 649 651 651 650 650 650 649 649 649 646 646 646 645 644
807 861 861 863 864 864 865 865 609 610 610 610 613 613 613 614 615 615 615 617 617 617 618 619 619 621 622 623 624 626 627 628 630 630 631 634 634 635 636 637 638 638 639 639 641 642 642 643 644 645 644 644 645 646 646 648 648 647 648 649 649 650 649 649 650 651 651 650 651 651 651 652 652 652 653 651 650 650 651 651 651 650 650 650 649 649 649 648 648 648 647 648 645 645
808 861 861 862 863 863 864 608 609 610 610 611 612 612 612 613 614 614 615 616 616 616 618 618 618 620 622 623 623 625 627 627 629 630 631 633 633 634 635 637 637 638 639 641 641 641 642 643 644 645 645 646 647 647 647 648 647 648 649 648 648 650 650 651 651 651 651 651 651 652 651 652 651 651 652 652 652 653 652 650 650 651 649 649 650 649 649 650 648 648 648 647 646 645
860 860 860 862 862 863 607 608 608 609 610 610 611 611 612 613 614 614 615 616 616 616 618 618 618 621 622 623 624 626 627 628 629 631 632 633 634 634 636 636 637 637 639 640 640 642 643 643 644 644 644 646 647 647 647 647 648 648 650 650 650 650 650 650 651 651 650 651 652 652 651 652 652 651 652 652 652 652 652 651 650 651 651 649 650 650 648 649 648 647 648 646 646 645
860 860 862 863 863 606 608 608 608 609 611 611 612 613 613 613 614 615 615 616 616 617 618 618 619 622 622 623 624 627 626 627 629 630 631 632 633 634 636 636 637 638 640 639 639 642 642 642 644 644 645 646 646 646 646 648 648 649 649 649 650 651 651 650 651 652 651 650 651 651 651 651 652 652 652 651 651 652 651 652 651 651 651 650 650 649 648 648 648 647 647 647 646 645
860 860 862 862 605 606 607 608 608 610 610 610 611 612 612 613 614 614 614 615 616 617 618 618 620 622 623 623 626 627 628 628 630 630 631 633 634 635 636 637 637 639 639 639 641 642 641 642 643 644 645 646 646 646 647 648 648 648 650 649 649 650 650 650 651 651 651 652 652 651 651 652 651 651 652 652 650 652 652 651 652 651 650 650 650 649 650 650 648 648 647 647 646 646
859 860 861 604 605 606 607 607 608 609 609 609 611 611 612 613 614 614 614 616 616 616 617 618 619 621 622 624 625 626 627 629 630 631 631 634 634 635 636 637 637 639 639 641 641 642 643 642 644 643 644 645 646 646 648 648 647 648 649 649 649 649 651 651 652 652 651 652 653 652 651 652 652 651 651 652 652 651 651 651 651 650 650 650 651 650 649 650 649 648 648 646 645 646
858 860 604 604 605 605 606 606 607 608 609 610 611 611 611 613 613 613 613 615 615 615 616 618 619 620 622 623 625 625 627 628 629 630 632 633 634 634 637 637 638 639 640 640 640 642 642 643 644 645 645 647 645 646 647 647 648 648 648 649 649 651 651 650 651 651 652 652 652 652 652 652 651 652 653 652 651 652 650 650 652 651 650 650 650 650 649 649 648 647 648 647 647 646
859 602 603 603 604 604 606 607 607 608 608 609 610 610 611 612 612 612 613 615 615 615 617 618 619 621 622 623 625 627 627 628 630 631 631 632 633 634 636 636 637 639 640 640 640 642 643 642 644 644 645 646 647 647 647 648 648 648 649 649 649 650 650 650 650 651 651 652 652 651 651 653 652 652 652 652 651 652 653 650 651 651 650 649 650 649 648 650 649 648 648 647 647 646
601 601 602 603 604 604 605 606 606 607 608 608 609 610 611 612 612 613 613 614 614 615 616 617 618 621 622 623 624 626 627 627 629 630 631 633 633 635 636 637 636 638 639 639 641 642 642 643 644 644 644 646 646 646 648 648 648 649 650 650 650 649 649 649 651 651 650 651 651 652 652 652 652 652 652 651 652 652 652 652 651 651 650 650 650 650 649 649 648 647 648 647 646 646
601 602 603 604 604 605 606 606 606 608 609 609 610 611 611 612 612 613 614 614 614 615 617 618 619 621 622 622 624 625 626 628 629 630 630 632 633 634 635 636 637 639 639 639 641 641 642 642 644 644 645 646 645 646 647 648 648 650 649 649 649 650 651 650 651 650 650 650 651 651 652 651 651 651 653 652 651 652 651 651 652 651 651 652 651 649 648 648 648 647 647 647 646 647
601 601 603 603 603 604 606 606 606 608 608 608 609 610 610 611 612 612 614 614 615 615 617 618 620 621 622 624 626 626 627 630 630 631 632 633 634 633 635 636 637 638 638 640 641 641 642 642 643 644 644 645 646 647 647 647 648 649 649 648 648 651 651 651 651 651 652 653 651 651 651 651 651 651 652 652 651 652 651 651 652 652 650 651 651 649 649 648 648 648 648 647 646 646
600 600 602 602 603 605 605 605 605 607 607 607 609 610 610 611 612 612 613 614 614 614 616 618 619 621 622 623 625 626 627 629 630 630 632 633 634 634 637 637 637 638 640 639 640 641 642 642 644 643 643 645 646 646 647 648 647 648 649 649 650 650 650 650 651 651 651 652 652 652 653 652 652 650 651 651 650 652 652 651 651 651 651 650 650 650 649 650 649 647 647 646 646 645
599 600 602 602 602 604 604 604 605 606 607 607 609 609 609 611 611 611 612 613 613 614 617 617 618 620 622 623 624 625 627 628 629 630 631 633 633 635 636 637 637 639 640 639 641 642 642 642 643 643 644 645 645 645 647 647 647 648 649 649 649 650 649 650 651 651 651 651 651 652 653 652 652 652 650 651 651 651 651 651 650 650 651 650 650 650 649 649 648 647 648 646 645 646
599 600 601 601 602 603 603 605 605 606 606 607 608 608 608 610 610 610 612 613 613 614 617 618 618 621 622 623 625 626 627 628 629 631 630 632 632 634 635 636 637 639 639 639 641 642 641 642 643 644 645 646 645 645 646 647 647 649 649 648 648 649 650 650 650 650 650 652 651 651 652 652 651 653 653 652 650 651 650 650 652 650 650 651 649 649 650 648 648 648 648 647 646 646
599 599 600 600 602 603 603 604 604 605 606 606 607 607 609 610 610 610 612 612 612 614 616 617 618 621 621 622 625 625 626 628 629 630 630 632 634 634 636 635 636 638 638 639 641 641 642 642 644 643 644 645 646 646 648 647 647 648 648 648 648 649 649 649 651 650 651 651 651 650 651 652 652 652 652 652 651 652 652 650 651 650 649 650 650 649 650 649 648 648 647 647 646 646
598 598 600 601 601 602 603 603 603 604 606 606 607 608 608 609 609 610 611 611 612 613 615 616 618 620 621 621 624 625 625 628 629 629 630 632 633 633 635 636 637 638 638 639 640 641 641 643 643 644 644 645 645 646 647 648 648 648 648 647 650 650 649 649 650 651 650 651 651 651 652 651 651 651 651 651 652 652 651 651 651 650 649 650 650 649 649 649 647 647 647 646 645 645
598 598 599 600 600 601 602 602 603 605 605 605 606 607 607 608 609 609 610 610 612 613 616 616 618 620 621 623 624 625 626 627 628 628 631 631 632 633 635 635 636 637 639 639 640 640 641 642 643 643 644 645 646 645 647 647 647 648 648 649 650 650 649 649 650 650 650 650 651 651 652 651 651 651 651 651 651 651 651 650 651 651 651 649 649 649 648 648 647 647 648 646 646 646
597 597 600 600 600 602 603 603 603 605 605 605 607 607 607 608 610 610 611 612 613 615 616 618 619 619 620 622 624 624 626 627 628 629 631 632 632 632 634 635 635 637 638 638 640 641 641 643 642 643 643 645 645 646 646 646 647 648 649 649 649 649 650 650 649 649 649 651 650 650 651 651 651 652 652 650 650 651 651 651 651 650 650 651 648 648 649 648 648 646 647 646 645 645
597 597 599 600 600 602 602 602 603 604 604 604 607 607 607 609 609 609 610 611 612 614 616 617 618 620 621 622 624 624 626 628 628 629 630 631 631 633 634 635 635 637 637 637 640 640 640 642 643 643 643 644 645 645 646 647 646 648 648 648 649 649 649 649 650 649 650 650 650 649 650 651 651 651 651 651 649 651 651 650 651 650 649 650 649 649 649 647 647 646 646 646 644 645
596 597 599 599 599 601 601 601 603 604 604 605 606 606 606 608 608 608 610 611 612 614 615 616 617 620 621 621 623 625 625 627 628 629 631 631 633 633 634 634 636 637 637 638 639 639 640 641 642 643 643 643 644 644 646 646 647 647 647 647 649 649 648 649 650 651 650 651 650 649 650 650 650 650 650 651 650 650 650 649 650 651 649 650 650 648 649 648 646 646 647 646 645 645
596 597 598 598 599 600 600 601 603 603 603 604 605 605 606 607 607 607 609 611 612 615 616 616 617 620 621 622 624 625 626 627 629 629 630 630 632 632 634 635 636 637 637 638 639 640 639 641 641 642 642 644 644 644 645 646 646 647 646 647 649 649 649 648 650 650 650 650 651 651 652 649 649 651 650 650 650 650 649 650 650 650 649 649 649 648 648 649 648 646 646 645 644 644
596 596 597 597 598 600 600 601 602 602 602 603 604 604 605 607 607 608 609 610 611 614 615 616 618 619 620 621 623 624 625 627 628 629 630 632 632 633 633 635 635 636 638 638 639 639 640 641 641 641 642 643 644 644 645 645 645 646 648 648 648 648 649 649 649 649 649 651 650 650 651 650 650 650 650 649 649 650 650 649 650 649 649 648 649 649 648 648 647 646 645 645 644 644
467 595 596 598 598 599 599 600 601 601 602 602 604 604 605 606 606 607 608 609 611 613 614 615 617 619 619 621 623 623 624 627 627 628 630 631 631 632 634 635 635 636 637 637 639 640 640 642 641 642 641 643 643 644 645 645 645 647 647 647 648 648 648 648 649 648 649 650 650 649 650 651 650 651 650 648 649 650 649 649 649 648 649 650 648 648 648 647 647 646 646 646 644 644
466 466 468 469 597 598 599 599 600 601 602 602 603 604 604 605 606 606 608 609 611 613 613 615 616 618 619 620 622 623 624 626 626 627 630 630 631 632 634 634 634 637 637 638 638 639 640 641 641 642 643 642 643 643 644 645 646 646 646 646 647 648 647 647 648 649 648 649 649 648 650 650 650 650 650 650 648 649 649 648 650 649 648 649 648 647 648 647 647 646 646 645 645 643
465 466 467 468 468 469 470 471 600 601 601 601 602 603 603 604 605 605 607 609 611 613 614 615 616 618 620 620 622 623 624 626 627 627 629 629 630 631 633 633 635 636 636 637 639 639 639 640 641 642 642 643 643 642 644 644 645 646 645 645 647 647 646 647 649 649 648 649 649 649 649 649 649 650 650 650 649 648 648 648 649 649 647 648 648 647 648 647 646 645 646 644 644 644
465 465 467 467 467 468 470 470 471 472 472 472 602 602 602 603 605 605 607 609 610 612 614 615 616 617 619 620 621 623 624 625 626 627 629 629 631 630 632 632 634 635 636 637 638 639 639 640 640 641 641 643 643 644 644 644 644 645 645 645 647 647 647 647 648 648 648 649 649 649 650 648 649 650 649 649 649 650 648 648 648 648 646 648 648 647 647 646 646 645 645 644 644 644
464 464 466 466 467 469 469 469 469 471 471 471 473 474 474 476 604 605 607 608 609 611 613 614 615 618 618 619 621 622 623 625 626 627 628 629 630 631 632 634 633 634 635 636 637 638 639 640 641 640 641 642 643 643 645 644 643 644 646 646 646 646 647 647 647 647 648 649 648 648 649 649 649 649 648 648 649 649 649 647 647 648 648 647 647 646 646 646 645 645 645 645 643 644
