testData/tiles/oneDegree/grid33.0-0.0-34.0-1.0.asc
ncols   200
nrows   200
xllcorner   33.0
yllcorner   0.0
cellsize   0.005
NODATA_value   -9999.0
[rows 126 to 167 of 200, columns 0 to 93 of 200]
356 357 357 359 359 359 360 359 359 360 360 360 360 360 358 358 358 357 356 355 354 352 352 350 348 346 345 342 340 338 335 331 328 325 320 316 311 304 294 274 274 273 273 274 273 273 274 273 273 272 273 273 272 273 273 272 272 272 272 272 272 272 271 271 272 271 271 270 271 271 272 273 273 274 274 275 275 276 276 277 277 278 278 279 279 280 280 281 281 282 282 283 283 284
356 357 357 357 359 359 359 360 359 359 360 359 359 360 358 357 357 357 356 354 353 352 351 350 348 346 344 343 339 337 335 331 328 324 321 315 309 304 293 273 274 273 273 273 273 273 273 273 273 273 272 273 272 272 273 272 272 272 272 272 271 272 272 271 271 271 271 270 271 272 272 273 273 274 274 275 275 276 276 277 277 278 279 279 280 280 281 281 282 282 283 283 284 284
356 356 357 357 358 359 359 359 360 359 359 359 359 358 359 357 356 355 355 354 352 352 350 349 347 345 343 341 339 336 334 331 327 323 320 314 309 302 292 273 273 273 273 273 272 273 273 272 273 273 272 272 273 272 272 272 272 272 271 272 271 271 272 271 271 270 271 270 271 272 272 273 273 274 274 275 275 276 277 277 278 278 279 279 280 280 281 281 282 282 283 283 284 284
355 356 358 357 357 357 359 359 359 359 358 358 359 358 357 358 356 355 354 354 352 351 350 349 347 345 343 341 339 336 333 330 327 323 319 314 308 301 291 273 273 273 273 273 273 272 273 273 272 273 272 272 272 272 272 272 272 272 271 271 272 271 271 271 271 270 270 271 271 272 272 273 273 274 274 275 276 276 277 277 278 278 279 279 280 280 281 281 282 282 283 283 284 284
355 356 356 358 357 357 357 358 358 358 359 358 357 358 357 357 356 355 354 353 353 350 349 348 347 344 343 341 338 335 333 330 325 322 318 313 307 300 290 272 273 273 272 273 273 272 272 273 272 272 273 272 272 272 272 272 271 272 271 271 272 271 271 270 271 271 270 271 271 272 272 273 273 274 275 275 276 276 277 277 278 278 279 279 280 280 281 281 282 282 283 283 284 284
354 355 356 356 358 357 357 357 358 358 358 357 357 356 357 356 355 355 354 352 351 350 349 347 346 344 341 340 338 334 331 329 326 321 318 313 306 299 288 272 272 273 272 272 273 272 272 273 272 272 272 272 272 272 272 272 271 271 272 271 271 271 271 270 270 271 270 271 271 272 272 273 274 274 275 275 276 276 277 277 278 278 279 279 280 280 281 281 282 282 283 283 284 284
354 354 356 356 356 358 357 357 357 358 357 357 357 356 356 356 355 353 353 352 351 350 348 347 345 344 341 339 337 335 331 329 325 320 316 312 306 297 286 273 272 272 273 272 272 273 272 272 272 272 272 271 272 272 271 272 271 271 271 271 271 270 271 271 270 270 270 271 271 272 273 273 274 274 275 275 276 276 277 277 278 278 279 279 280 281 281 282 282 283 283 284 284 284
353 354 354 356 356 356 356 357 356 356 357 357 356 356 355 355 355 354 352 352 351 349 347 346 345 343 341 338 336 334 331 327 325 321 316 310 305 296 283 273 272 272 273 272 272 272 272 272 272 272 272 271 271 272 271 271 272 271 271 270 271 271 270 271 270 270 270 271 272 272 273 273 274 274 275 275 276 276 277 277 278 279 279 280 280 281 281 282 282 283 283 284 284 285
352 354 354 355 356 356 356 355 356 356 356 357 356 355 355 354 354 354 352 351 350 349 348 345 344 342 340 338 336 333 330 327 323 320 315 310 303 295 281 272 272 272 272 272 272 272 271 272 272 271 272 272 271 271 271 271 271 271 271 270 270 271 270 270 270 270 270 271 272 272 273 273 274 274 275 275 276 277 277 278 278 279 279 280 280 281 281 282 282 283 283 284 284 285
352 352 354 354 355 356 356 356 355 356 356 355 356 355 354 354 353 352 352 350 349 349 347 345 343 342 340 337 335 333 330 326 323 319 314 309 303 293 278 272 271 272 272 271 272 272 271 271 272 271 271 272 271 271 270 271 271 270 271 270 270 271 270 270 269 270 271 271 272 272 273 273 274 274 275 276 276 277 277 278 278 279 279 280 280 281 281 282 282 283 283 284 284 285
351 352 353 354 354 354 356 356 355 354 355 355 355 355 353 353 353 352 351 350 349 347 347 344 343 341 340 336 334 332 329 325 322 318 313 308 302 293 271 272 272 271 272 272 271 272 272 271 271 271 271 271 271 271 271 271 271 270 270 271 270 270 270 270 269 270 271 271 272 272 273 273 274 275 275 276 276 277 277 278 278 279 279 280 280 281 281 282 282 283 283 284 284 285
351 352 352 353 354 354 354 355 355 354 354 355 354 354 354 352 352 352 351 350 348 347 346 345 342 340 338 337 333 331 329 325 321 318 313 307 301 292 271 271 272 271 271 272 271 271 272 271 271 271 271 271 270 271 271 270 271 270 270 270 270 270 269 270 270 270 271 271 272 272 273 273 274 275 275 276 276 277 277 278 278 279 279 280 280 281 281 282 282 283 283 284 284 285
351 351 352 352 353 354 354 354 354 355 354 353 354 353 353 352 351 350 350 349 347 347 345 344 342 340 338 336 333 330 327 325 320 316 313 306 299 291 271 271 271 271 271 271 271 271 271 271 271 271 270 271 270 270 271 270 270 271 270 270 269 270 269 269 270 270 271 271 272 272 273 274 274 275 275 276 276 277 277 278 278 279 279 280 280 281 281 282 282 283 283 284 284 285
351 351 352 352 352 353 353 354 354 354 353 353 353 353 353 352 351 350 349 349 347 345 345 343 340 340 337 335 332 330 327 324 320 316 311 305 298 288 271 271 271 270 271 271 270 271 271 270 271 271 270 270 271 270 270 270 270 270 270 270 269 269 270 269 270 270 271 271 272 273 273 274 274 275 275 276 276 277 277 278 278 279 279 280 281 281 282 282 283 283 284 284 284 285
349 351 351 352 351 352 352 352 353 353 353 353 352 352 352 352 350 350 349 348 347 345 344 343 341 338 337 335 332 328 326 323 318 315 310 304 297 287 271 271 271 271 270 271 271 270 271 270 270 271 270 270 270 270 270 269 270 270 269 270 269 269 269 269 270 270 271 271 272 273 273 274 274 275 275 276 276 277 277 278 279 279 280 280 281 281 282 282 283 283 284 284 285 285
349 350 350 351 351 351 352 352 352 353 353 351 352 352 351 351 349 348 348 347 346 345 343 342 341 338 336 334 332 328 325 323 318 314 310 304 295 285 271 270 271 271 270 270 271 270 270 271 270 270 270 270 270 270 270 270 269 270 269 269 269 269 269 269 270 270 271 272 272 273 273 274 274 275 275 276 276 277 278 278 279 279 280 280 281 281 282 282 283 283 284 284 285 285
348 349 350 350 351 351 351 352 352 352 352 351 351 351 351 350 350 348 347 347 346 343 343 341 339 337 335 333 331 328 325 321 318 313 308 303 294 282 271 270 270 271 270 270 270 270 270 270 270 270 269 270 270 269 270 270 269 269 269 269 269 269 269 269 270 270 271 272 272 273 273 274 274 275 275 276 277 277 278 278 279 279 280 280 281 281 282 282 283 283 284 284 285 285
347 348 349 350 350 350 351 351 352 351 351 352 350 350 350 350 349 348 347 346 345 343 341 341 339 336 335 333 330 327 324 321 317 312 307 301 293 280 270 270 270 270 270 270 270 269 270 270 269 270 270 269 270 269 269 270 269 269 268 269 269 268 269 269 270 271 271 272 272 273 273 274 274 275 276 276 277 277 278 278 279 279 280 280 281 281 282 282 283 283 284 284 285 285
347 348 348 350 350 350 350 350 350 351 351 351 350 350 349 349 348 346 346 345 344 344 341 339 339 337 333 332 330 326 324 320 316 311 307 300 291 277 270 269 270 270 269 270 270 269 269 270 269 269 270 269 269 269 269 269 269 269 268 268 269 268 269 269 270 271 271 272 272 273 273 274 274 275 276 276 277 277 278 278 279 279 280 280 281 281 282 282 283 283 284 284 285 285
346 347 348 348 350 350 349 350 350 350 351 350 349 349 349 348 348 347 345 345 344 342 341 339 337 336 333 331 329 326 322 320 316 310 305 300 290 272 270 270 269 270 269 269 270 269 269 269 269 269 269 269 269 269 269 269 268 269 269 268 268 268 269 269 270 271 271 272 272 273 273 274 275 275 276 276 277 277 278 278 279 279 280 280 281 281 282 282 283 283 284 284 285 285
345 346 347 348 348 349 350 349 350 349 349 350 349 348 348 348 347 347 345 344 343 342 339 339 337 335 333 330 328 326 322 318 314 310 304 298 290 269 269 270 269 269 270 269 269 270 269 269 268 269 269 268 269 269 268 269 268 268 269 268 268 268 269 270 270 271 271 272 272 273 273 274 275 275 276 276 277 277 278 278 279 279 280 280 281 281 282 282 283 283 284 284 285 285
345 346 346 348 348 348 349 348 348 349 349 349 349 348 347 347 346 345 344 343 342 342 339 337 336 334 331 330 327 324 321 318 313 308 303 297 287 269 269 269 269 269 269 269 269 269 269 269 268 268 269 268 268 269 268 268 268 268 268 268 268 268 269 270 270 271 271 272 272 273 273 274 275 275 276 276 277 277 278 278 279 279 280 280 281 281 282 282 283 283 284 284 285 285
344 345 346 346 348 348 348 348 348 348 349 348 348 347 347 346 346 345 343 343 342 340 340 337 335 334 331 328 327 324 320 317 313 308 302 296 286 268 269 269 268 269 269 268 269 269 268 269 269 268 268 268 268 268 268 268 267 268 268 267 268 268 269 270 270 271 271 272 272 273 274 274 275 275 276 276 277 277 278 278 279 279 280 280 281 281 282 282 283 283 284 284 285 285
343 344 345 346 346 347 348 348 348 347 347 348 347 346 346 346 345 345 343 342 341 340 338 337 335 333 331 328 325 323 319 315 312 308 301 294 284 268 268 269 268 268 269 268 268 269 268 268 269 268 268 267 268 268 267 268 267 267 268 267 268 268 269 270 270 271 271 272 272 273 274 274 275 275 276 276 277 277 278 278 279 279 280 280 281 281 282 282 283 283 284 284 285 285
342 344 344 345 346 346 347 347 346 347 347 347 347 347 345 345 344 343 343 341 340 339 338 335 334 332 330 328 325 322 319 315 311 306 300 293 281 268 268 268 268 268 268 268 268 268 268 268 268 268 268 267 267 268 267 267 268 267 267 267 268 268 269 270 270 271 271 272 272 273 274 274 275 275 276 276 277 277 278 278 279 279 280 281 281 282 282 283 283 284 284 284 285 285
342 342 344 344 345 346 346 346 346 346 347 346 346 346 345 344 344 343 342 341 340 338 338 335 333 332 330 326 324 321 317 314 310 305 298 292 279 267 268 268 267 268 268 267 268 268 267 268 268 267 268 267 267 267 267 267 267 267 267 267 268 269 269 270 270 271 271 272 273 273 274 274 275 275 276 276 277 277 278 278 279 280 280 281 281 282 282 283 283 284 284 285 285 285
342 342 342 344 344 344 346 346 345 345 345 345 345 345 344 344 343 343 342 340 339 338 336 334 333 330 329 326 323 321 318 313 308 304 297 290 277 267 267 268 267 267 268 267 267 268 267 267 268 267 267 268 267 267 266 267 267 266 267 267 268 269 269 270 270 271 271 272 273 273 274 274 275 275 276 276 277 277 278 278 279 280 280 281 281 282 282 283 283 284 284 285 285 286
341 342 342 343 344 344 344 345 344 344 345 345 344 345 343 342 342 341 340 339 338 336 336 333 332 330 328 324 322 319 316 312 308 303 297 288 272 267 267 267 267 267 267 267 267 267 267 267 267 267 267 267 267 267 266 266 267 266 267 267 268 269 269 270 270 271 271 272 273 273 274 274 275 275 276 276 277 277 278 279 279 280 280 281 281 282 282 283 283 284 284 285 285 286
341 340 342 342 343 344 344 344 345 344 344 344 344 343 343 342 341 341 340 338 337 336 334 333 331 329 327 324 321 319 315 311 307 302 295 287 267 266 267 267 266 267 267 266 267 267 266 267 267 266 267 267 266 267 266 266 266 266 267 267 268 269 269 270 270 271 271 272 273 273 274 274 275 275 276 276 277 277 278 279 279 280 280 281 281 282 282 283 283 284 284 285 285 286
339 340 340 342 342 342 344 344 344 343 343 343 343 343 341 342 341 340 340 337 336 336 334 331 330 328 326 323 320 317 315 310 305 301 294 285 267 266 266 267 266 266 267 266 266 267 266 266 267 266 266 267 266 266 266 266 266 266 267 267 268 269 269 270 270 271 271 272 273 273 274 274 275 275 276 276 277 277 278 279 279 280 280 281 281 282 282 283 283 284 284 285 285 286
339 339 340 341 341 342 342 343 343 342 343 343 342 343 341 340 340 339 338 337 336 334 334 331 329 328 325 322 320 317 313 309 305 299 293 283 266 266 266 266 267 266 266 266 266 266 266 266 266 266 266 266 266 266 265 266 266 266 267 267 268 269 269 270 270 271 271 272 273 273 274 274 275 275 276 276 277 277 278 279 279 280 280 281 281 282 282 283 283 284 284 285 285 286
339 339 339 340 341 341 342 342 343 342 342 342 342 341 341 340 339 339 338 336 335 334 332 330 328 326 325 321 318 316 313 308 304 299 291 282 266 265 266 266 266 266 266 265 266 266 265 266 266 265 266 266 265 266 265 265 266 266 267 267 268 269 269 270 270 271 271 272 273 273 274 274 275 275 276 276 277 278 278 279 279 280 280 281 281 282 282 283 283 284 284 285 285 286
337 339 338 339 340 340 341 342 342 340 341 341 341 341 339 339 339 338 337 335 334 333 332 329 328 326 323 321 318 315 312 307 302 298 290 279 266 265 265 266 266 265 266 265 265 266 265 265 266 265 265 266 265 265 265 265 266 266 267 267 268 269 269 270 270 271 271 272 273 273 274 274 275 275 276 276 277 278 278 279 279 280 280 281 281 282 282 283 283 284 284 285 285 286
337 338 338 339 339 340 340 340 341 340 340 341 340 340 340 338 338 337 336 335 334 332 331 329 327 325 323 319 317 314 311 306 302 296 288 277 265 265 265 265 266 265 265 266 265 265 265 265 265 265 265 265 265 265 264 265 266 266 267 267 268 269 269 270 270 271 271 272 273 273 274 274 275 275 276 276 277 278 278 279 279 280 280 281 281 282 282 283 283 284 284 285 285 286
335 337 337 338 338 339 340 340 340 340 339 339 340 339 337 338 337 337 336 333 333 332 330 328 326 324 322 319 316 314 310 305 301 295 286 274 265 264 265 265 265 265 265 264 265 265 264 265 265 264 265 265 264 265 264 265 266 266 267 267 268 269 269 270 270 271 271 272 273 273 274 274 275 275 276 276 277 278 278 279 279 280 280 281 281 282 282 283 283 284 284 285 285 286
335 336 336 337 337 338 339 340 340 338 339 339 338 339 337 336 336 335 334 333 332 331 330 327 326 323 321 318 315 312 309 304 299 294 285 269 265 264 264 265 265 264 265 264 264 265 264 264 265 264 264 265 264 264 264 265 266 266 267 267 268 269 269 270 270 271 271 272 273 273 274 274 275 275 276 276 277 278 278 279 279 280 280 281 281 282 282 283 283 284 284 285 285 286
335 334 335 336 337 337 338 338 339 338 338 338 338 337 337 336 335 335 334 332 331 330 328 326 324 323 321 317 315 311 308 303 298 292 284 264 264 264 264 264 265 264 264 264 264 264 264 264 264 264 264 264 264 264 264 265 266 266 267 267 268 269 269 270 270 271 271 272 273 273 274 274 275 275 276 276 277 277 278 279 279 280 280 281 281 282 282 283 283 284 284 261 261 262
309 310 311 311 312 313 337 338 338 337 337 337 338 337 335 336 335 334 334 331 330 329 328 325 324 321 319 316 313 311 307 302 297 291 281 264 264 263 264 264 263 264 264 263 264 264 263 264 264 263 264 264 263 264 264 265 266 266 267 267 268 269 269 270 270 271 271 272 273 273 274 274 275 275 276 276 277 277 278 279 279 280 280 257 257 258 258 259 259 260 260 261 261 262
309 309 309 311 311 312 312 312 313 312 312 313 312 313 311 310 310 309 332 331 329 328 327 324 322 321 319 315 313 309 305 301 296 290 280 263 264 263 263 264 263 263 264 263 263 264 263 263 264 263 263 264 263 264 264 265 266 266 267 267 268 269 269 270 270 271 271 272 273 273 274 250 251 251 252 252 253 253 254 255 255 256 256 257 257 258 258 259 259 260 260 261 261 262
308 308 309 309 311 311 312 312 311 312 312 311 312 311 310 310 309 309 308 305 305 304 302 300 298 296 294 290 287 285 281 275 271 264 253 239 239 238 239 239 239 239 239 239 239 239 239 239 239 239 239 239 239 240 240 241 242 242 243 243 244 245 245 246 246 247 247 248 249 249 250 250 251 251 252 252 253 253 254 255 255 256 256 257 257 258 258 259 259 260 260 261 261 262
307 307 308 309 309 311 311 312 311 311 311 311 310 311 309 308 309 308 306 305 304 303 301 298 297 295 292 290 287 283 280 274 269 263 251 238 239 238 238 239 238 238 239 238 238 239 238 238 239 238 238 239 239 240 240 241 242 242 243 243 244 245 245 246 246 247 247 248 249 249 250 250 251 251 252 252 253 253 254 254 255 256 256 257 257 258 258 259 259 260 260 261 261 262
305 307 307 309 309 309 310 310 309 310 310 311 310 310 309 308 307 307 306 304 303 302 301 298 296 295 292 288 286 282 277 274 268 261 249 238 238 238 238 238 238 238 238 238 238 238 238 238 238 238 238 238 239 240 240 241 242 242 243 243 244 245 245 246 246 247 247 248 249 249 250 250 251 251 252 252 253 253 254 254 255 256 256 257 257 258 258 259 259 260 260 261 261 261
