testData/tiles/oneDegree/grid30.0-43.0-31.0-44.0.asc
ncols   200
nrows   200
xllcorner   30.0
yllcorner   43.0
cellsize   0.005
NODATA_value   -9999.0
[rows 42 to 83 of 200, columns 0 to 93 of 200]
137 137 137 137 136 136 136 136 135 135 135 135 134 134 134 133 133 133 133 132 132 132 131 131 131 130 130 130 130 245 245 245 244 244 244 243 243 243 242 242 242 241 241 241 240 240 239 239 239 238 238 238 237 237 236 236 236 235 235 234 234 234 233 233 232 232 231 231 231 230 230 229 229 228 228 227 227 227 226 226 225 225 224 224 223 223 222 222 221 220 220 220 220 220
137 137 137 136 136 136 136 135 135 135 135 134 134 134 133 133 133 133 132 132 132 131 131 131 130 130 130 130 129 245 245 244 244 244 243 243 243 242 242 242 241 241 241 240 240 239 239 239 238 238 238 237 237 236 236 236 235 235 234 234 234 233 233 232 232 232 231 231 230 230 229 229 228 228 228 227 227 226 226 225 225 224 224 223 223 222 222 221 221 220 220 220 220 220
137 137 136 136 136 136 135 135 135 135 134 134 134 133 133 133 133 132 132 132 131 131 131 130 130 130 130 129 129 245 244 244 244 243 243 243 242 242 242 241 241 241 240 240 240 239 239 238 238 238 237 237 237 236 236 235 235 235 234 234 233 233 233 232 232 231 231 230 230 229 229 229 228 228 227 227 226 226 225 225 224 224 223 223 222 222 221 221 220 220 220 220 220 220
137 136 136 136 136 135 135 135 134 134 134 134 133 133 133 133 132 132 132 131 131 131 130 130 130 130 129 129 129 244 244 244 243 243 243 242 242 242 241 241 241 240 240 240 239 239 238 238 238 237 237 237 236 236 235 235 235 234 234 233 233 233 232 232 231 231 230 230 230 229 229 228 228 227 227 226 226 225 225 224 224 223 223 222 222 221 221 220 220 220 220 220 220 220
136 136 136 136 135 135 135 134 134 134 134 133 133 133 133 132 132 132 131 131 131 130 130 130 130 129 129 129 128 244 244 243 243 243 242 242 242 241 241 241 240 240 240 239 239 239 238 238 237 237 237 236 236 235 235 235 234 234 233 233 233 232 232 231 231 231 230 230 229 229 228 228 227 227 226 226 226 225 225 224 224 223 223 222 222 221 221 220 220 220 220 220 220 220
136 136 135 135 135 135 134 134 134 134 133 133 133 133 132 132 132 131 131 131 130 130 130 130 129 129 129 128 128 244 243 243 243 242 242 242 241 241 241 240 240 240 239 239 239 238 238 237 237 237 236 236 236 235 235 234 234 234 233 233 233 233 232 232 232 231 231 230 230 229 229 229 228 228 227 227 226 226 225 225 224 224 223 223 222 222 221 220 220 220 220 220 220 220
136 135 135 135 135 134 134 134 134 133 133 133 132 132 132 132 131 131 131 130 130 130 130 129 129 129 128 128 244 243 243 243 242 242 242 241 241 241 240 240 240 239 239 239 238 238 237 237 237 236 236 236 236 236 235 235 235 234 234 233 233 233 232 232 231 231 230 230 229 229 229 228 228 227 227 226 226 225 225 224 224 223 223 222 222 221 221 221 221 221 221 221 221 221
135 135 135 135 134 134 134 134 133 133 133 132 132 132 132 131 131 131 130 130 130 130 129 129 129 128 128 128 243 243 243 242 242 242 241 241 241 240 240 240 239 239 239 238 238 238 237 238 237 237 237 236 236 235 235 235 234 234 233 233 233 232 232 231 231 230 230 230 229 229 228 228 227 227 226 226 225 225 224 224 223 223 222 222 221 221 221 221 221 221 221 221 221 221
135 135 135 134 134 134 134 133 133 133 132 132 132 132 131 131 131 130 130 130 130 129 129 129 128 128 128 127 243 243 242 242 242 241 241 241 240 240 240 239 239 239 238 239 239 238 238 237 237 237 236 236 236 235 235 234 234 234 233 233 232 232 231 231 231 230 230 229 229 228 228 227 227 226 226 226 225 225 224 224 223 223 222 222 221 221 221 221 221 221 221 221 221 221
135 135 134 134 134 133 133 133 133 132 132 132 132 131 131 131 130 130 130 130 129 129 129 128 128 128 127 127 243 242 242 242 241 241 241 240 240 240 239 240 240 239 239 239 238 238 237 237 237 236 236 236 235 235 234 234 234 233 233 232 232 231 231 231 230 230 229 229 228 228 227 227 227 226 226 225 225 224 224 223 223 222 222 221 221 221 221 221 221 221 221 221 221 221
134 134 134 134 133 133 133 133 132 132 132 132 131 131 131 130 130 130 130 129 129 129 128 128 128 127 127 127 242 242 242 241 241 241 240 241 241 240 240 240 239 239 239 238 238 238 237 237 236 236 236 235 235 234 234 234 233 233 232 232 232 231 231 230 230 229 229 228 228 228 227 227 226 226 225 225 224 224 223 223 222 222 221 221 221 221 221 221 221 221 221 221 221 221
134 134 134 133 133 133 133 132 132 132 132 131 131 131 130 130 130 130 129 129 129 128 128 128 127 127 127 126 242 242 241 241 242 241 241 241 240 240 240 239 239 239 238 238 238 237 237 236 236 236 235 235 234 234 234 233 233 232 232 232 231 231 230 230 229 229 229 228 228 227 227 226 226 225 225 224 224 223 223 222 222 221 221 221 221 221 221 221 221 221 221 221 221 221
134 134 133 133 133 133 132 132 132 131 131 131 131 130 130 130 129 129 129 129 128 128 128 127 127 127 126 126 242 242 242 242 241 241 241 240 240 240 239 239 239 238 238 238 237 237 236 236 236 235 235 235 234 234 233 233 232 232 232 231 231 230 230 230 229 229 228 228 227 227 226 226 225 225 224 224 223 223 222 222 221 221 221 221 221 221 221 221 221 221 221 221 221 221
134 133 133 133 133 132 132 132 131 131 131 131 130 130 130 129 129 129 129 128 128 128 127 127 127 126 127 243 242 242 242 241 241 241 240 240 240 239 239 239 238 238 238 237 237 236 236 236 235 235 235 234 234 233 233 233 232 232 231 231 230 230 230 229 229 228 228 227 227 226 226 226 225 225 224 224 223 223 222 222 221 221 221 221 221 221 221 221 221 221 221 221 221 221
133 133 133 132 132 132 132 131 131 131 131 130 130 130 129 129 129 129 128 128 128 127 127 127 127 127 127 242 242 242 241 241 241 240 240 240 239 239 239 238 238 238 237 237 236 236 236 235 235 235 234 234 233 233 233 232 232 231 231 231 230 230 229 229 228 228 227 227 227 226 226 225 225 224 224 223 223 222 222 221 221 221 221 221 221 221 221 221 221 221 221 221 221 221
133 133 132 132 132 132 131 131 131 131 130 130 130 129 129 129 129 128 128 128 127 127 128 127 127 127 126 242 242 241 241 241 240 240 240 239 239 239 238 238 238 237 237 237 236 236 235 235 235 234 234 233 233 233 232 232 231 231 231 230 230 229 229 228 228 228 227 227 226 226 225 225 224 224 223 223 222 222 221 221 221 221 221 221 221 221 221 221 221 221 221 221 221 221
133 132 132 132 132 131 131 131 130 130 130 130 129 129 129 128 128 128 128 128 128 128 127 127 127 126 126 242 241 241 241 240 240 240 239 239 239 238 238 238 237 237 237 236 236 235 235 235 234 234 233 233 233 232 232 231 231 231 230 230 229 229 228 228 228 227 227 226 226 225 225 224 224 223 223 222 222 221 221 221 221 221 221 221 221 221 221 221 221 221 221 221 221 221
132 132 132 132 131 131 131 130 130 130 130 129 129 129 128 128 128 129 128 128 128 127 127 127 126 126 126 241 241 241 240 240 240 239 239 239 238 238 238 237 237 237 236 236 235 235 235 234 234 234 233 233 232 232 231 231 231 230 230 229 229 229 228 228 227 227 226 226 225 225 224 224 223 223 222 222 221 221 221 221 221 221 221 221 221 221 221 221 221 221 221 221 221 221
132 132 131 131 131 131 130 130 130 130 129 129 129 128 128 129 129 128 128 128 127 127 127 126 126 126 125 241 241 240 240 240 239 239 239 238 238 238 237 237 237 236 236 235 235 235 234 234 234 233 233 232 232 232 231 231 230 230 229 229 229 228 228 227 227 226 226 225 225 225 224 224 223 223 222 222 221 221 221 221 221 221 221 221 221 221 221 221 221 221 221 221 221 221
132 131 131 131 131 130 130 130 130 129 129 129 128 129 129 128 128 128 128 127 127 127 126 126 126 125 125 241 240 240 240 239 239 239 238 238 238 237 237 237 236 236 235 235 235 234 234 234 233 233 232 232 232 231 231 230 230 229 229 229 228 228 227 227 226 226 226 225 225 224 224 223 223 222 222 221 221 221 221 221 221 221 221 221 221 221 221 221 221 221 221 221 221 221
131 131 131 131 130 130 130 129 129 129 129 129 129 129 128 128 128 128 127 127 127 126 126 126 125 125 125 240 240 240 239 239 239 238 238 238 237 237 237 236 236 235 235 235 234 234 234 233 233 232 232 232 231 231 230 230 230 229 229 228 228 227 227 226 226 226 225 225 224 224 223 223 222 222 221 221 221 221 221 221 221 221 221 221 221 221 221 221 221 221 221 221 221 221
131 131 131 130 130 130 129 129 129 130 129 129 129 128 128 128 128 127 127 127 126 126 126 125 125 125 124 240 240 239 239 239 238 238 238 237 237 237 236 236 236 235 235 234 234 234 233 233 232 232 232 231 231 230 230 230 229 229 228 228 227 227 227 226 226 225 225 224 224 223 223 222 222 221 221 221 221 221 221 221 221 221 221 221 221 221 221 221 221 221 221 221 221 221
131 130 130 130 130 129 129 129 130 129 129 129 128 128 128 127 127 127 127 126 126 126 125 125 125 124 124 240 239 239 239 238 238 238 237 237 237 236 236 236 235 235 234 234 234 233 233 232 232 232 231 231 230 230 230 229 229 228 228 227 227 227 226 226 225 225 224 224 223 223 222 222 221 221 221 221 221 221 221 221 221 221 221 221 221 221 221 221 221 221 221 221 221 221
130 130 130 130 129 129 130 129 129 129 129 128 128 128 127 127 127 127 126 126 126 125 125 125 124 124 240 239 239 239 238 238 238 237 237 237 236 236 236 235 235 234 234 234 233 233 232 232 232 231 231 230 230 230 229 229 228 228 228 227 227 226 226 225 225 224 224 223 223 222 222 222 221 221 221 221 221 221 221 221 221 221 221 221 221 221 221 221 221 221 221 221 221 221
130 130 130 129 130 130 129 129 129 129 128 128 128 127 127 127 127 126 126 126 125 125 125 124 124 124 239 239 239 238 238 238 237 237 237 236 236 236 235 235 234 234 234 233 233 233 232 232 231 231 231 230 230 229 229 228 228 228 227 227 226 226 225 225 224 224 224 223 223 222 222 221 221 221 221 221 221 221 221 221 221 221 221 221 221 221 221 221 221 221 221 221 221 221
130 129 129 130 130 129 129 129 129 128 128 128 127 127 127 126 126 126 126 125 125 125 124 124 124 123 239 239 238 238 238 237 237 237 236 236 236 235 235 234 234 234 233 233 233 232 232 231 231 231 230 230 229 229 228 228 228 227 227 226 226 225 225 225 224 224 223 223 222 222 221 221 221 221 221 221 221 221 221 221 221 221 221 221 221 221 221 221 221 221 221 221 221 221
129 130 130 130 129 129 129 128 128 128 128 127 127 127 126 126 126 126 125 125 125 124 124 124 123 123 239 238 238 238 237 237 237 236 236 236 235 235 234 234 234 233 233 233 232 232 231 231 231 230 230 229 229 229 228 228 227 227 226 226 225 225 225 224 224 223 223 222 222 221 221 221 221 221 221 221 221 221 221 221 221 221 221 221 221 221 221 221 221 221 221 221 221 221
130 130 130 129 129 129 128 128 128 128 127 127 127 126 126 126 125 125 125 125 124 124 124 123 123 123 238 238 238 237 237 237 236 236 236 235 235 234 234 234 233 233 233 232 232 231 231 231 230 230 229 229 229 228 228 227 227 226 226 226 225 225 224 224 223 223 222 222 221 221 221 221 221 221 221 221 221 221 221 221 221 221 221 221 221 221 221 221 221 221 221 221 221 221
130 129 129 129 129 128 128 128 128 127 127 127 126 126 126 125 125 125 125 124 124 124 123 123 123 122 238 238 237 237 237 236 236 235 235 235 234 234 234 233 233 233 232 232 231 231 231 230 230 229 229 229 228 228 227 227 226 226 226 225 225 224 224 223 223 222 222 221 221 221 221 221 221 221 221 221 221 221 221 221 221 221 221 221 221 221 221 221 221 221 221 221 221 221
129 129 129 129 128 128 128 127 127 127 127 126 126 126 125 125 125 124 124 124 124 123 123 123 122 122 238 237 237 237 236 236 235 235 235 234 234 234 233 233 233 232 232 231 231 231 230 230 229 229 229 228 228 227 227 226 226 226 225 225 224 224 223 223 222 222 221 221 221 221 221 221 221 221 221 221 221 221 221 221 221 221 221 221 221 221 221 221 221 221 221 221 221 221
129 129 128 128 128 128 127 127 127 127 126 126 126 125 125 125 124 124 124 123 123 123 123 122 122 122 237 237 237 236 236 235 235 235 234 234 234 233 233 233 232 232 231 231 231 230 230 229 229 229 228 228 227 227 226 226 226 225 225 224 224 223 223 222 222 221 221 221 221 221 221 221 221 221 221 221 221 221 221 221 221 221 221 221 221 221 221 221 221 221 221 221 221 221
129 128 128 128 128 127 127 127 126 126 126 126 125 125 125 124 124 124 123 123 123 122 122 122 121 121 237 236 236 236 235 235 235 234 234 234 233 233 233 232 232 231 231 231 230 230 229 229 229 228 228 227 227 227 226 226 225 225 224 224 223 223 222 222 222 221 221 221 221 221 221 221 221 221 221 221 221 221 221 221 221 221 221 221 221 221 221 221 221 221 221 221 221 221
128 128 128 128 127 127 127 126 126 126 126 125 125 125 124 124 124 123 123 123 122 122 122 121 121 121 236 236 236 235 235 235 234 234 234 233 233 233 232 232 231 231 231 230 230 229 229 229 228 228 227 227 227 226 226 225 225 224 224 223 223 223 222 222 221 221 221 221 221 221 221 221 221 221 221 221 221 221 221 221 221 221 221 221 221 221 221 221 221 221 221 221 221 221
128 128 127 127 127 127 126 126 126 125 125 125 125 124 124 124 123 123 123 122 122 122 121 121 121 120 236 236 235 235 235 234 234 234 233 233 233 232 232 231 231 231 230 230 229 229 229 228 228 227 227 227 226 226 225 225 224 224 223 223 223 222 222 221 221 221 221 221 221 221 221 221 221 221 221 221 221 221 221 221 221 221 221 221 221 221 221 221 221 221 221 221 221 221
128 127 127 127 127 126 126 126 125 125 125 125 124 124 124 123 123 123 122 122 122 121 121 121 120 120 236 235 235 235 234 234 234 233 233 233 232 232 231 231 231 230 230 229 229 229 228 228 227 227 227 226 226 225 225 224 224 224 223 223 222 222 221 221 221 221 221 221 221 221 221 221 221 221 221 221 221 221 221 221 221 221 221 221 221 221 221 221 221 221 221 221 221 221
127 127 127 126 126 126 126 125 125 125 124 124 124 124 123 123 123 122 122 122 121 121 121 120 120 236 235 235 235 234 234 234 233 233 232 232 232 231 231 231 230 230 229 229 229 228 228 227 227 227 226 226 225 225 224 224 224 223 223 222 222 221 221 221 221 221 221 221 221 221 221 221 221 221 221 221 221 221 221 221 221 221 221 221 221 221 221 221 221 221 221 221 221 221
127 127 126 126 126 126 125 125 125 124 124 124 123 123 123 123 122 122 122 121 121 121 120 120 120 235 235 235 234 234 234 233 233 232 232 232 231 231 231 230 230 229 229 229 228 228 227 227 227 226 226 225 225 224 224 224 223 223 222 222 221 221 221 221 221 221 221 221 221 221 221 221 221 221 221 221 221 221 221 221 221 221 221 221 221 221 221 221 221 221 221 221 221 221
127 126 126 126 125 125 125 125 124 124 124 123 123 123 122 122 122 122 121 121 121 120 120 120 119 235 235 234 234 234 233 233 232 232 232 231 231 231 230 230 229 229 229 228 228 227 227 227 226 226 225 225 224 224 224 223 223 222 222 221 221 221 221 221 221 221 221 221 221 221 221 221 221 221 221 221 221 221 221 221 221 221 221 221 221 221 221 221 221 221 221 221 221 221
126 126 126 125 125 125 125 124 124 124 123 123 123 122 122 122 121 121 121 121 120 120 120 119 119 235 234 234 233 233 233 232 232 232 231 231 231 230 230 229 229 229 228 228 227 227 227 226 226 225 225 224 224 224 223 223 222 222 221 221 221 221 221 221 221 221 221 221 221 221 221 221 221 221 221 221 221 221 221 221 221 221 221 221 221 221 221 221 221 221 221 221 221 221
126 126 125 125 125 124 124 124 124 123 123 123 122 122 122 121 121 121 120 120 120 119 119 119 118 234 234 233 233 233 232 232 232 231 231 231 230 230 229 229 229 228 228 227 227 227 226 226 225 225 224 224 224 223 223 222 222 221 221 221 221 221 221 221 221 221 221 221 221 221 221 221 221 221 221 221 221 221 221 221 221 221 221 221 221 221 221 221 221 221 221 221 221 221
126 125 125 125 124 124 124 124 123 123 123 122 122 122 121 121 121 120 120 120 119 119 119 118 118 234 233 233 233 232 232 232 231 231 231 230 230 229 229 229 228 228 227 227 227 226 226 225 225 224 224 224 223 223 222 222 221 221 221 221 221 221 221 221 221 221 221 221 221 221 221 221 221 221 221 221 221 221 221 221 221 221 221 221 221 221 221 221 221 221 221 221 221 221
125 125 125 124 124 124 123 123 123 123 122 122 122 121 121 121 120 120 120 119 119 119 118 118 118 233 233 233 232 232 232 231 231 230 230 230 229 229 229 228 228 227 227 227 226 226 225 225 224 224 224 223 223 222 222 221 221 221 221 221 221 221 221 221 221 221 221 221 221 221 221 221 221 221 221 221 221 221 221 221 221 221 221 221 221 221 221 221 221 221 221 221 221 221
