testData/tiles/oneDegree/grid8.0-9.0-9.0-10.0.asc
ncols   200
nrows   200
xllcorner   8.0
yllcorner   9.0
cellsize   0.005
NODATA_value   -9999.0
[rows 84 to 125 of 200, columns 0 to 93 of 200]
496 495 495 494 494 494 465 466 466 466 465 465 465 465 464 464 464 464 463 462 462 462 462 461 460 460 460 459 459 458 457 457 457 457 455 455 455 455 454 453 453 452 452 452 451 450 450 450 448 448 448 447 528 527 581 581 582 581 579 579 579 577 577 577 576 575 575 574 574 573 572 572 572 570 570 569 568 567 566 565 565 563 563 563 562 561 561 560 560 559 558 558 557 555
496 496 496 495 495 494 466 466 466 466 466 466 465 464 464 464 464 463 463 462 462 462 462 462 462 460 460 460 460 459 458 458 457 457 457 456 455 455 455 454 453 453 453 452 450 451 450 450 450 448 529 529 529 582 582 582 581 580 580 579 579 579 577 577 577 576 575 575 574 574 573 572 572 571 569 569 569 568 567 567 566 566 565 564 564 563 561 561 559 559 558 557 557 556
497 496 496 496 496 497 468 467 467 467 466 466 466 466 466 464 464 464 464 463 463 462 462 461 461 461 460 459 459 459 458 457 457 457 456 456 455 455 455 455 455 453 453 453 452 451 451 451 450 531 530 529 529 584 582 582 582 581 580 580 579 579 578 577 577 577 574 574 574 573 572 572 571 571 570 569 569 569 567 567 567 566 565 564 563 563 561 561 561 560 559 559 558 557
496 496 496 496 496 468 468 468 467 467 467 467 466 466 466 466 465 464 464 464 464 463 462 462 462 461 461 460 459 459 459 459 458 458 458 458 457 456 456 455 455 454 454 453 453 453 451 532 532 531 530 530 529 584 583 583 581 581 581 579 579 579 578 577 577 576 576 575 574 574 574 572 572 572 571 570 570 569 568 566 566 566 565 564 564 563 563 562 561 561 560 559 558 557
499 498 498 497 497 469 468 468 468 468 467 466 466 466 466 465 465 464 464 463 463 463 463 461 461 461 462 461 461 461 460 460 460 459 458 458 458 457 456 455 455 454 453 453 452 452 533 532 531 531 531 529 529 584 583 582 582 581 581 580 579 579 579 577 577 577 576 575 575 574 574 573 571 571 571 569 569 569 568 567 567 566 566 564 564 564 563 562 561 560 560 558 558 558
498 499 499 499 498 469 469 469 468 468 468 468 467 466 466 466 466 465 465 464 464 463 463 463 463 462 462 462 461 460 460 460 459 459 458 458 457 457 456 455 455 455 454 453 534 534 533 532 532 531 531 530 529 584 584 583 582 582 581 581 580 580 579 579 577 576 576 575 574 574 573 573 572 571 571 571 569 569 569 568 567 567 566 565 563 563 563 561 561 561 560 559 559 558
499 498 498 498 498 470 469 468 468 468 468 468 468 468 467 466 466 466 466 465 465 465 465 464 464 463 462 462 462 462 460 460 460 460 459 458 458 457 457 456 456 455 455 536 534 534 534 533 532 532 532 531 585 585 584 583 582 581 581 581 579 579 579 578 577 577 576 576 575 574 574 574 572 572 572 571 570 568 568 568 566 566 566 565 564 564 563 563 561 561 561 560 558 558
500 499 499 499 470 470 470 470 469 468 468 468 468 467 467 466 467 466 466 466 466 464 464 464 464 463 462 462 461 461 461 460 459 459 459 457 457 457 457 456 455 536 535 535 534 534 533 533 532 531 531 531 585 584 584 583 583 582 581 581 581 579 579 579 578 577 577 576 576 575 574 573 573 571 571 571 570 569 569 568 567 566 566 566 564 564 564 562 561 560 560 560 558 569
500 499 500 499 471 471 470 470 470 470 469 468 468 469 469 468 468 467 467 466 466 466 465 464 464 464 463 462 462 462 461 461 460 460 459 459 458 457 457 457 537 536 536 536 535 534 534 533 533 532 531 531 586 584 584 584 583 582 582 582 581 580 580 578 578 576 576 576 575 574 574 573 573 572 571 571 571 569 569 569 568 567 565 565 565 563 563 563 562 561 561 560 570 569
500 500 500 500 471 470 470 470 469 469 470 470 470 469 469 469 469 468 467 467 467 466 466 465 464 464 464 464 462 462 462 462 460 460 460 459 459 458 539 538 538 537 536 536 536 534 534 534 534 533 532 532 587 586 585 584 584 584 582 582 582 581 580 580 579 579 578 577 577 577 575 575 575 573 573 572 571 570 569 568 568 566 566 566 565 564 563 563 563 561 561 571 570 569
501 501 500 472 472 472 471 471 471 471 470 470 470 469 469 468 468 468 468 466 466 466 466 465 464 464 463 463 463 462 461 461 461 459 459 459 459 539 538 538 537 537 536 537 536 536 535 534 534 534 532 532 587 586 585 585 584 584 583 582 582 582 580 580 580 579 578 578 577 577 575 574 574 574 572 572 572 571 570 569 569 569 567 567 567 565 565 563 562 572 571 571 571 569
501 500 500 473 472 473 473 473 472 471 471 471 471 470 469 469 469 468 468 468 467 466 466 466 465 464 464 464 463 462 462 462 461 461 460 540 540 541 540 539 539 539 537 537 537 536 536 535 534 534 534 532 587 587 587 585 585 585 584 583 583 582 581 579 579 579 578 577 577 576 575 575 574 574 573 572 572 572 570 570 569 568 567 566 566 566 564 564 575 574 573 572 572 571
502 502 502 473 473 473 472 472 472 472 471 470 470 470 470 470 469 469 469 468 468 467 466 466 466 466 464 464 464 464 462 462 463 462 543 542 542 541 541 540 539 539 539 537 537 537 537 535 535 535 533 532 587 586 586 585 584 584 584 582 582 582 581 580 580 579 579 578 577 577 577 575 575 574 574 573 571 571 570 569 569 569 567 567 566 566 565 575 575 575 573 572 571 571
503 503 475 475 474 473 473 473 472 472 472 471 471 470 470 470 470 468 468 468 468 467 466 466 465 465 464 464 464 464 464 462 462 543 543 541 541 541 540 539 539 539 538 538 537 536 536 536 534 534 534 588 587 587 586 586 585 584 584 584 582 582 582 580 580 580 579 578 578 576 576 575 574 574 574 572 572 571 571 570 569 569 569 567 567 566 575 575 574 574 573 572 572 571
503 503 474 474 474 475 474 473 473 473 473 472 471 471 471 470 470 470 469 468 468 468 467 466 467 467 466 465 465 465 464 545 544 543 543 543 542 541 541 541 539 539 539 538 537 537 536 536 535 534 534 589 588 587 587 587 585 585 585 584 582 582 581 581 579 579 579 578 577 577 576 576 575 574 574 573 572 572 571 570 570 568 568 567 566 577 576 575 575 574 573 573 572 572
504 503 475 475 474 474 474 474 472 472 472 472 472 471 470 470 470 469 470 469 469 469 469 468 467 467 467 467 465 465 546 545 544 544 544 543 542 542 541 541 541 539 539 539 539 537 537 536 535 534 534 588 588 587 586 586 585 584 584 584 582 582 582 581 580 580 579 579 578 577 577 576 575 575 574 573 572 571 571 570 569 569 568 567 578 577 577 576 575 575 573 572 572 571
505 477 476 475 475 475 474 474 474 473 473 472 472 472 472 470 470 471 471 469 469 469 468 468 467 467 466 466 547 545 545 545 545 543 543 543 542 541 541 541 540 539 539 538 538 537 536 536 536 534 534 589 588 587 587 586 586 585 584 584 584 582 582 582 581 580 580 579 577 577 576 576 574 574 574 573 572 572 571 571 570 569 569 579 578 578 576 575 575 574 574 572 572 572
504 476 476 476 475 474 475 475 475 474 473 473 473 472 473 473 472 471 471 471 469 469 469 469 468 467 467 548 547 546 546 545 545 544 544 543 543 542 541 541 541 540 539 539 538 538 537 536 536 535 535 589 589 588 587 587 587 585 585 584 583 582 581 581 581 579 579 579 578 577 577 576 576 575 574 574 572 572 572 571 569 569 579 579 577 577 577 576 575 575 574 573 572 572
477 477 476 476 476 476 474 474 474 474 474 473 473 473 473 472 471 471 470 470 470 470 469 469 469 469 548 548 548 547 546 546 546 545 544 544 543 543 542 541 541 541 540 539 538 538 536 536 536 535 534 589 588 588 587 586 586 586 584 584 584 583 583 583 582 581 581 580 580 578 577 577 576 575 574 573 573 572 571 571 569 580 580 579 578 577 577 577 575 575 574 573 572 571
478 477 477 477 476 476 476 475 475 475 475 475 474 473 473 473 473 471 471 471 470 470 469 469 549 549 548 548 547 547 546 545 545 545 543 543 543 543 542 541 541 540 539 539 538 538 537 536 537 537 590 590 590 589 588 588 587 587 586 585 585 585 583 583 583 582 580 580 579 578 577 577 577 575 575 575 574 573 573 572 583 581 581 580 578 577 577 576 575 574 574 574 572 572
478 478 477 476 476 476 476 476 476 476 476 475 475 474 474 473 473 473 471 471 471 471 470 550 550 550 549 548 548 547 547 546 546 545 545 544 543 543 543 541 541 542 541 540 540 540 539 538 538 537 592 591 590 590 590 588 588 587 585 585 584 584 583 582 582 582 580 580 580 579 578 578 577 576 575 575 575 573 573 583 582 581 580 580 580 578 578 578 576 576 574 574 573 572
478 478 478 478 477 477 477 477 477 475 475 475 475 474 473 473 472 472 472 471 470 470 551 550 549 549 550 548 548 548 548 546 546 546 545 544 545 544 544 542 542 541 541 540 539 539 539 537 537 537 591 590 590 589 589 588 587 587 587 585 585 585 583 583 583 582 581 580 580 580 578 578 578 576 575 574 574 573 583 583 583 581 581 580 580 579 578 578 578 575 575 574 573 573
479 479 479 479 479 478 477 477 477 477 476 475 475 475 475 473 473 473 472 472 552 552 551 551 550 550 549 549 548 547 547 548 546 546 546 546 544 544 544 543 542 542 541 541 540 539 539 539 537 537 592 590 590 590 589 588 588 587 587 586 585 585 585 583 583 582 580 580 579 579 578 577 577 577 575 575 575 585 584 583 583 582 581 581 579 578 578 577 577 576 575 575 573 573
480 479 479 479 478 478 477 477 477 476 477 476 476 475 475 475 473 473 473 554 552 552 552 552 550 550 550 549 549 549 549 548 547 547 546 546 545 544 544 544 542 542 542 542 540 540 540 539 538 538 592 592 591 590 590 589 587 587 586 585 585 584 584 583 582 582 582 580 580 580 578 578 577 577 576 575 586 586 583 583 582 582 581 580 580 579 578 578 577 576 576 575 575 573
481 481 479 479 479 479 479 477 477 477 477 476 475 475 474 474 474 473 553 553 553 552 551 551 552 550 550 550 550 548 548 548 547 546 546 545 545 544 544 543 543 542 541 541 540 539 539 539 537 537 592 591 590 590 589 589 588 587 587 587 585 585 585 583 583 582 582 581 580 580 580 578 577 576 586 586 585 585 584 583 583 582 581 581 580 579 579 578 578 575 575 575 574 573
480 481 481 480 479 479 479 479 478 477 477 477 477 475 475 475 474 554 554 554 553 553 553 553 552 551 551 550 550 549 548 548 548 547 546 546 546 544 544 544 543 542 542 541 541 540 539 539 539 537 592 592 590 590 590 589 588 588 587 587 586 585 585 585 582 582 581 580 580 579 579 578 577 588 588 586 586 585 584 584 583 583 581 581 580 579 578 578 577 576 575 575 575 573
481 481 480 480 479 479 479 478 478 477 477 476 477 477 475 556 556 556 555 555 555 555 553 553 553 552 551 551 551 550 549 549 548 548 547 546 546 546 544 544 544 543 542 542 542 540 540 540 539 538 593 592 592 590 589 589 587 587 587 586 585 585 584 584 583 582 582 581 580 580 579 578 589 588 588 587 586 586 584 583 583 582 581 580 580 580 578 578 578 577 576 575 575 573
481 481 481 481 480 479 479 479 479 478 477 477 476 476 556 557 556 556 555 555 554 554 553 552 552 552 551 550 550 550 548 548 548 548 546 546 546 545 544 544 543 543 542 541 541 540 539 539 539 592 592 592 591 590 590 589 589 588 587 587 586 585 585 584 583 583 582 582 581 580 580 588 588 588 587 586 586 585 585 583 583 583 581 581 580 580 579 578 577 577 575 575 574 573
482 481 480 481 481 481 480 479 479 479 479 477 477 559 558 557 557 557 556 555 555 555 554 553 553 552 552 551 550 550 550 549 548 548 547 546 546 546 544 544 544 543 542 542 541 541 540 539 539 593 592 592 592 590 590 590 589 588 588 587 587 586 584 584 582 582 582 581 580 580 579 590 589 588 588 586 586 586 585 584 583 583 583 580 580 580 578 578 577 577 576 575 575 573
482 482 481 481 480 480 480 479 479 478 479 478 558 558 558 558 557 557 557 556 555 555 555 553 553 553 553 551 551 551 550 549 549 548 548 547 546 546 545 545 544 544 543 542 542 542 540 540 540 594 592 592 591 590 590 590 590 588 588 588 587 586 586 585 584 584 583 583 581 581 592 591 590 590 589 588 587 585 585 583 583 582 582 581 580 580 578 578 578 577 576 575 575 574
544 483 482 481 481 481 481 480 480 480 560 560 559 559 558 558 557 557 556 556 555 554 554 554 553 552 552 551 550 550 550 549 548 548 548 546 546 546 545 544 544 543 542 542 541 541 541 540 540 595 593 593 593 592 591 591 590 589 588 588 588 586 586 586 585 584 584 583 582 592 591 591 589 589 589 588 587 586 586 585 584 584 583 582 582 580 580 578 577 577 575 575 574 574
543 543 543 482 482 481 482 482 480 561 561 561 559 559 559 559 557 557 557 557 555 555 555 554 553 553 553 552 551 551 550 550 549 548 548 547 546 546 546 544 545 545 544 543 543 542 541 541 540 595 594 593 593 593 591 591 591 589 589 589 588 586 585 585 585 583 583 583 592 592 592 591 590 589 589 589 587 587 586 585 585 584 583 581 581 581 580 579 578 578 577 575 575 574
544 544 543 543 483 482 482 481 562 561 560 560 560 559 558 558 558 557 557 557 557 555 555 555 554 553 553 553 551 551 551 550 549 549 549 548 548 548 547 546 546 545 545 544 543 543 543 540 540 595 593 593 592 592 591 590 590 590 588 588 588 586 586 586 585 584 583 594 594 592 592 592 590 590 589 589 587 586 586 584 584 584 583 582 581 581 581 579 579 578 577 577 575 575
545 544 545 545 545 482 482 563 562 561 561 561 560 559 559 559 558 557 557 556 556 555 555 554 554 553 552 552 551 551 550 550 550 549 549 549 547 547 547 545 545 545 544 543 543 542 542 541 540 595 594 593 593 593 591 591 590 590 589 588 588 587 586 586 586 584 595 594 593 592 591 591 590 589 589 588 587 587 586 586 584 584 584 582 582 581 581 579 578 578 577 576 576 575
546 546 544 544 544 544 624 563 563 563 561 561 561 561 559 559 559 558 557 557 557 555 555 555 555 553 553 553 553 552 552 551 550 550 549 549 548 547 547 547 545 545 545 543 543 543 542 541 541 595 595 594 593 593 592 591 591 591 589 588 587 587 586 585 585 595 594 594 593 592 592 591 590 590 589 589 587 587 587 586 585 583 583 582 581 581 580 579 579 578 578 576 576 576
546 546 545 545 625 625 624 624 562 562 561 561 560 560 559 559 558 558 557 556 556 556 556 555 555 555 554 554 554 552 552 552 552 550 550 550 548 548 548 547 546 546 545 544 543 542 542 541 595 595 594 593 593 592 591 591 590 590 589 588 588 588 586 586 596 595 595 594 594 593 592 592 591 590 590 588 587 586 586 586 584 584 583 582 582 581 581 579 579 579 578 577 575 575
547 547 546 626 626 626 625 624 624 624 561 561 561 561 559 559 559 559 557 557 557 556 556 556 555 554 554 554 553 552 552 551 551 550 549 549 548 547 547 547 545 545 545 544 543 543 542 541 596 595 595 594 593 593 592 591 591 590 589 589 588 588 587 597 597 595 595 594 593 592 592 591 591 589 589 589 587 587 586 586 585 584 584 583 582 582 580 579 578 578 578 576 576 575
546 546 627 626 625 625 625 624 624 624 624 562 561 561 560 560 559 559 558 558 558 558 557 556 556 556 554 554 554 552 552 552 551 550 550 549 549 548 547 547 546 545 545 545 543 543 543 541 596 596 595 594 594 593 593 592 591 590 588 588 588 587 597 597 596 596 594 594 594 592 592 592 591 590 589 589 588 587 587 586 585 584 583 583 581 581 581 579 579 578 578 577 576 577
547 628 627 627 626 626 625 624 624 624 623 622 561 561 560 559 559 559 558 558 558 557 556 556 555 555 554 553 554 553 553 552 552 551 550 550 550 547 547 547 545 545 545 544 543 543 542 542 595 595 595 593 593 593 592 591 591 590 589 589 588 599 597 597 597 596 595 594 594 593 592 592 592 590 589 588 587 587 586 586 584 584 584 583 582 581 581 580 579 579 578 577 576 576
628 628 628 628 626 626 626 626 624 624 624 623 622 622 561 561 560 560 560 558 558 558 556 556 556 556 554 554 554 552 552 552 551 550 550 549 549 548 547 547 546 545 545 545 543 543 543 542 596 596 595 594 593 593 593 591 591 591 589 589 600 599 598 597 597 597 594 594 594 592 592 591 591 590 589 589 588 587 587 586 585 584 584 584 582 582 580 579 579 578 579 577 577 577
628 628 627 627 626 626 625 625 624 624 624 623 624 624 623 561 561 560 560 559 559 558 557 557 556 556 555 554 554 554 552 552 552 550 550 550 549 548 548 547 546 546 545 545 544 543 543 543 596 596 596 594 594 594 593 591 590 590 590 599 599 599 597 597 596 596 595 594 594 593 592 592 591 590 590 589 589 587 587 587 584 584 583 583 582 581 581 579 580 579 579 579 578 578
629 628 628 628 626 626 626 626 624 624 625 625 623 623 623 621 560 560 560 558 558 558 556 556 556 555 554 554 554 553 552 552 551 550 550 549 549 548 547 547 547 545 545 545 543 543 542 542 596 595 595 594 593 593 593 591 592 592 602 601 600 600 599 598 598 597 596 596 595 594 594 593 593 590 590 589 588 587 586 586 585 584 584 583 582 582 582 581 580 581 579 578 579 578
