testData/tiles/oneDegree/grid29.0-41.0-30.0-42.0.asc
ncols   200
nrows   200
xllcorner   29.0
yllcorner   41.0
cellsize   0.005
NODATA_value   -9999.0
[rows 42 to 83 of 200, columns 0 to 93 of 200]
597 597 597 597 598 598 598 598 599 599 599 599 599 600 601 601 601 602 602 602 602 568 568 568 568 569 569 569 569 569 570 510 510 510 511 511 511 511 511 512 512 512 512 513 513 513 513 513 514 514 514 514 515 515 515 515 515 516 516 516 516 516 517 517 517 517 517 518 518 518 518 518 519 520 520 520 520 521 521 521 521 521 522 522 522 522 522 522 523 523 523 523 523 523
597 597 597 597 598 598 598 599 600 600 600 600 601 601 601 601 602 602 602 602 602 568 568 568 568 569 569 569 569 570 570 570 570 510 511 511 511 511 512 512 512 512 512 513 513 513 513 514 514 514 514 514 515 515 515 515 516 516 516 516 516 517 517 517 517 517 518 518 518 518 518 519 520 520 520 520 521 521 521 521 521 522 522 522 522 522 522 523 523 523 523 523 524 524
598 598 598 599 599 599 599 600 600 600 600 601 601 601 601 601 602 602 602 602 603 603 568 568 569 569 569 569 569 570 570 570 570 571 571 511 511 512 512 512 512 512 513 513 513 513 514 514 514 514 514 515 515 515 515 515 516 516 516 516 517 517 517 517 517 518 518 518 518 518 519 520 520 520 520 521 521 521 521 521 522 522 522 522 522 522 523 523 523 523 523 524 524 524
598 598 598 599 599 599 599 600 600 600 600 601 601 601 601 602 602 602 602 603 603 603 568 568 569 569 569 569 570 570 570 570 571 571 571 571 571 512 512 512 512 513 513 513 513 513 514 514 514 514 515 515 515 515 515 516 516 516 516 517 517 517 517 517 518 518 518 518 518 520 520 520 520 520 521 521 521 521 521 522 522 522 522 522 522 523 523 523 523 523 524 524 524 525
598 598 599 599 599 599 600 600 600 600 601 601 601 601 601 602 602 602 602 603 603 603 568 569 569 569 569 570 570 570 570 570 571 571 571 571 572 572 512 512 513 513 513 513 513 514 514 514 514 515 515 515 515 515 516 516 516 516 516 517 517 517 517 518 518 518 518 518 520 520 520 520 520 521 521 521 521 521 522 522 522 522 522 523 523 523 523 523 523 524 524 524 525 525
598 598 599 599 599 599 600 600 600 600 601 601 601 601 602 602 602 602 603 603 603 603 569 569 569 569 569 570 570 570 570 571 571 571 572 573 573 573 573 573 514 514 514 514 515 515 515 515 515 516 516 516 516 517 517 517 517 517 518 518 518 518 519 519 519 519 519 521 521 521 521 521 522 522 522 522 522 522 522 522 522 522 523 523 523 523 523 523 524 524 525 525 525 526
598 599 599 599 599 600 600 600 600 601 601 601 601 602 602 602 602 602 603 603 603 603 605 570 570 570 571 571 571 571 572 572 572 572 572 573 573 573 573 574 574 574 514 515 515 515 515 515 516 516 516 516 517 517 517 517 517 518 518 518 518 518 519 519 519 519 521 521 521 521 521 522 522 522 522 522 523 523 523 523 523 524 524 524 524 524 524 525 525 525 525 525 526 526
598 599 599 599 599 600 600 600 600 601 601 601 601 602 603 603 603 604 604 604 604 605 605 570 570 571 571 571 571 571 572 572 572 572 573 573 573 573 574 574 574 574 574 515 515 515 515 516 516 516 516 516 517 517 517 517 518 518 518 518 518 519 519 519 520 520 521 521 521 521 522 522 522 522 522 523 523 523 523 523 524 524 524 524 524 524 525 526 526 526 526 527 527 527
599 599 599 599 600 600 600 601 602 602 602 602 603 603 603 603 604 604 604 604 604 605 605 570 570 571 571 571 571 572 572 572 572 573 573 573 573 573 574 574 574 574 575 575 575 515 516 516 516 516 516 517 517 517 517 518 518 518 518 518 519 519 519 520 520 521 521 521 521 521 522 522 522 522 523 523 523 523 523 524 524 524 524 524 524 525 526 526 526 526 527 527 527 527
600 600 600 600 601 601 601 601 602 602 602 602 603 603 603 603 604 604 604 604 605 605 605 570 571 571 571 571 571 572 572 572 572 573 573 573 573 574 574 574 574 575 575 575 575 575 516 516 516 516 517 517 517 517 517 518 518 518 518 519 519 519 520 520 521 521 521 521 521 522 522 522 522 523 523 523 523 523 524 524 524 524 524 524 525 526 526 526 526 527 527 527 527 527
600 600 600 601 601 601 601 602 602 602 602 603 603 603 603 604 604 604 604 604 605 605 605 605 571 571 571 571 572 572 572 572 573 573 573 573 574 574 574 574 574 575 575 575 575 576 576 576 516 516 517 517 517 517 518 518 518 518 518 519 519 520 520 521 521 521 521 521 522 522 522 522 522 523 523 523 523 523 524 524 524 524 524 526 526 526 526 526 527 527 527 527 527 528
600 600 600 601 601 601 601 602 602 602 602 603 603 603 603 604 604 604 604 605 605 605 605 606 571 571 571 572 572 572 572 572 573 573 573 573 574 574 574 574 575 575 575 575 576 576 576 576 576 577 517 517 517 518 518 518 518 518 519 519 520 520 521 521 521 521 521 522 522 522 522 522 523 523 523 523 523 524 524 524 524 524 526 526 526 526 526 527 527 527 527 527 528 528
600 600 601 601 601 601 602 602 602 602 603 603 603 603 604 604 604 604 605 605 605 605 605 606 571 571 571 572 572 572 572 573 573 574 574 575 575 575 575 576 576 576 576 576 577 577 577 577 578 578 578 518 518 519 519 519 519 520 521 521 521 521 522 522 522 522 523 523 523 523 523 524 524 524 524 524 525 525 524 524 524 526 526 526 526 526 527 527 527 527 527 528 528 528
600 600 601 601 601 601 602 602 602 602 603 603 603 603 604 604 604 604 605 605 605 605 607 607 572 572 573 573 573 573 574 574 574 574 574 575 575 575 575 576 576 576 576 577 577 577 577 577 578 578 578 578 579 519 519 519 520 521 521 521 521 522 522 522 522 523 523 523 523 523 524 524 524 524 524 525 525 525 525 526 527 527 527 527 527 528 528 528 528 527 528 528 528 528
600 601 601 601 601 602 602 602 602 603 603 603 603 604 605 605 605 606 606 606 606 606 607 607 607 572 573 573 573 573 574 574 574 574 575 575 575 575 576 576 576 576 576 577 577 577 577 578 578 578 578 579 579 579 519 519 521 521 521 521 522 522 522 522 522 523 523 523 523 524 524 524 524 524 525 525 525 525 526 527 527 527 527 527 528 528 528 528 528 529 529 529 529 529
600 601 601 601 601 602 602 603 603 604 604 604 604 605 605 605 605 606 606 606 606 607 607 607 607 573 573 573 573 574 574 574 574 575 575 575 575 575 576 576 576 576 577 577 577 577 578 578 578 578 578 579 579 579 579 581 521 521 521 522 522 522 522 522 523 523 523 523 524 524 524 524 524 525 525 525 525 526 527 527 527 527 527 528 528 528 528 528 529 529 529 529 529 530
601 602 602 602 603 603 603 603 604 604 604 604 605 605 605 605 606 606 606 606 607 607 607 607 607 573 573 573 573 574 574 574 574 575 575 575 575 576 576 576 576 577 577 577 577 577 578 578 578 578 579 579 579 579 581 581 581 521 521 522 522 522 522 523 523 523 523 523 524 524 524 524 525 525 525 525 526 527 527 527 527 527 528 528 528 528 528 529 529 529 529 529 530 530
602 602 602 602 603 603 603 603 604 604 604 604 605 605 605 605 606 606 606 606 607 607 607 607 608 573 573 573 574 574 574 574 575 575 575 575 575 576 576 576 576 577 577 577 577 578 578 578 578 579 579 579 579 580 581 581 581 581 582 522 522 522 523 523 523 523 523 524 524 524 524 524 525 525 526 526 527 527 527 527 527 528 528 528 528 528 529 529 529 529 529 530 530 530
602 602 602 603 603 603 603 604 604 604 604 605 605 605 605 606 606 606 606 607 607 607 607 607 608 573 573 573 574 574 574 574 575 575 575 575 576 576 576 576 577 577 577 577 578 578 578 578 578 579 579 579 580 581 581 581 581 582 582 582 522 522 523 523 523 523 524 524 524 524 524 525 525 526 526 527 527 527 527 527 528 528 528 528 528 529 529 529 529 529 530 530 530 530
602 602 602 603 603 603 603 604 604 604 604 605 605 605 605 606 606 606 606 607 607 607 607 608 608 608 573 574 574 574 574 575 575 576 576 577 577 577 577 577 578 578 578 578 579 579 579 579 580 580 580 581 582 582 582 582 582 583 583 583 583 584 524 524 524 524 525 525 525 525 526 526 527 527 527 528 528 528 527 528 528 528 528 528 529 529 529 529 529 530 530 530 530 530
602 602 602 603 603 603 604 604 604 604 605 605 605 605 606 606 606 606 606 607 607 607 608 609 609 609 574 575 575 575 575 576 576 576 576 577 577 577 577 578 578 578 578 579 579 579 579 580 580 581 581 581 582 582 582 582 583 583 583 583 584 584 584 524 524 525 525 525 525 526 526 527 527 527 528 528 528 528 528 529 529 529 529 530 530 530 530 530 531 530 530 530 530 532
602 602 603 603 603 603 604 604 604 604 605 605 605 605 607 607 607 607 608 608 608 608 609 609 609 609 575 575 575 575 576 576 576 576 577 577 577 577 578 578 578 578 578 579 579 579 579 580 581 581 581 582 582 582 582 583 583 583 583 583 584 584 584 584 585 525 525 525 525 526 527 527 527 528 528 528 528 528 529 529 529 529 530 530 530 530 530 531 531 531 531 531 533 533
602 602 603 603 603 603 604 605 605 605 606 606 606 606 607 607 607 607 608 608 608 608 609 609 609 609 575 575 575 575 576 576 576 576 577 577 577 577 578 578 578 578 579 579 579 579 580 581 581 581 581 582 582 582 582 583 583 583 583 584 584 584 584 585 585 585 525 525 527 527 527 527 528 528 528 528 528 529 529 529 529 529 530 530 530 530 531 531 531 531 531 533 533 533
602 604 604 604 604 605 605 605 605 606 606 606 606 607 607 607 607 608 608 608 608 609 609 609 609 610 575 575 575 576 576 576 576 577 577 577 577 578 578 578 578 578 579 579 579 579 581 581 581 581 582 582 582 582 583 583 583 583 584 584 584 584 584 585 585 585 585 527 527 527 527 527 528 528 528 528 529 529 529 529 529 530 530 530 530 530 531 531 531 532 533 533 533 533
603 604 604 604 604 605 605 605 605 606 606 606 606 607 607 607 607 608 608 608 608 609 609 609 609 610 610 575 575 576 576 576 576 577 577 577 577 578 578 578 578 579 579 579 579 581 581 581 581 582 582 582 582 582 583 583 583 583 584 584 584 584 585 585 585 585 587 587 587 527 527 528 528 528 528 529 529 529 529 529 530 530 530 530 530 531 531 531 532 533 533 533 533 533
604 604 604 604 605 605 605 605 606 606 606 606 607 607 607 607 608 608 608 608 609 609 609 609 610 610 610 575 576 576 576 576 577 577 577 577 578 578 578 578 579 579 579 579 580 581 581 581 581 582 582 582 582 583 583 583 583 584 584 584 584 585 585 585 585 586 587 587 587 587 528 528 528 528 528 529 529 529 529 530 530 530 530 530 531 531 531 532 532 533 533 533 533 534
604 604 604 604 605 605 605 605 606 606 606 606 607 607 607 607 608 608 608 608 609 609 609 609 610 610 610 575 576 576 576 576 578 578 578 578 579 579 579 579 580 580 580 581 582 582 582 582 583 583 583 583 584 584 584 584 584 585 585 585 585 586 586 586 587 588 588 588 588 588 589 589 529 529 530 530 530 530 531 530 530 530 530 531 531 531 532 532 533 533 533 533 533 534
604 604 604 604 605 605 605 605 606 606 606 607 607 607 607 608 608 608 608 609 609 609 610 611 611 611 611 577 577 577 577 578 578 578 578 579 579 579 579 580 580 580 581 581 582 582 582 582 583 583 583 583 584 584 584 584 585 585 585 585 586 586 586 587 587 588 588 588 588 589 589 589 589 530 530 530 530 530 531 531 531 531 532 532 533 533 533 534 534 533 533 533 534 534
604 604 604 605 605 605 605 606 606 606 606 607 607 607 608 609 609 609 609 610 610 610 610 611 611 611 611 577 577 577 577 578 578 578 578 579 579 579 579 580 580 581 581 582 582 582 582 583 583 583 583 584 584 584 584 585 585 585 585 585 586 586 587 587 588 588 588 588 589 589 589 589 589 590 530 530 530 531 531 531 531 531 532 533 533 533 534 534 534 534 534 535 535 535
604 604 604 605 605 605 605 607 607 607 607 608 608 608 608 609 609 609 609 610 610 610 611 611 611 611 612 577 577 577 578 578 578 578 579 579 579 579 580 580 581 581 581 582 582 582 582 583 583 583 583 584 584 584 584 585 585 585 585 586 587 587 587 588 588 588 588 588 589 589 589 589 590 590 590 590 531 531 531 531 531 532 533 533 533 534 534 534 534 534 535 535 535 535
605 605 606 606 606 606 607 607 607 607 608 608 608 608 609 609 609 609 610 610 610 610 611 611 611 611 612 612 577 577 578 578 578 578 579 579 579 579 580 581 581 581 582 582 582 582 583 583 583 583 584 584 584 584 585 585 585 585 585 587 587 587 587 588 588 588 588 589 589 589 589 590 590 590 590 590 591 531 531 531 532 533 533 533 533 534 534 534 534 535 535 535 535 535
606 606 607 606 606 606 607 607 607 607 608 608 608 608 609 609 609 609 610 610 610 610 611 611 611 611 612 612 577 577 578 578 578 578 579 579 579 579 581 581 581 581 582 582 582 582 583 583 583 583 584 584 584 584 585 585 585 585 587 587 587 587 588 588 588 588 589 589 589 589 589 590 590 590 590 591 591 591 591 533 533 533 533 533 534 534 534 534 535 535 535 535 535 536
606 606 607 607 607 606 607 607 607 608 608 608 608 609 609 609 609 610 610 610 610 611 611 611 611 612 612 612 577 578 578 578 578 579 579 579 579 581 581 581 581 582 582 582 582 583 583 583 583 584 584 584 584 585 585 585 585 587 587 587 587 587 588 588 588 588 589 589 589 589 590 590 590 590 591 591 591 591 592 593 533 533 533 534 534 534 534 534 535 535 535 535 536 536
607 608 607 607 607 608 608 607 607 608 608 608 608 609 609 609 609 610 610 610 610 611 611 611 611 612 612 612 577 578 578 579 579 580 580 580 581 582 582 582 582 583 583 583 583 584 584 584 584 585 585 585 585 586 586 586 587 588 588 588 588 589 589 589 589 590 590 590 590 591 591 591 591 591 592 592 592 593 594 594 593 533 534 534 534 534 534 535 535 535 535 536 536 536
607 608 608 608 607 608 608 608 608 608 608 608 608 609 609 609 609 610 610 610 611 612 612 612 613 613 613 613 579 579 579 579 580 580 580 581 582 582 582 582 583 583 583 583 584 584 584 584 585 585 585 585 586 586 586 587 588 588 588 588 589 589 589 589 589 590 590 590 590 591 591 591 591 592 592 592 593 594 594 594 594 594 535 535 535 535 536 536 536 536 535 536 536 536
607 608 608 608 608 609 608 608 609 609 609 608 609 609 610 610 611 611 611 611 612 612 612 612 613 613 613 613 579 579 579 579 580 580 581 581 582 582 582 582 583 583 583 583 584 584 584 584 585 585 585 585 586 586 587 587 588 588 588 588 589 589 589 589 590 590 590 590 591 591 591 591 592 592 592 593 593 594 594 594 594 595 595 595 535 536 536 536 536 536 537 537 537 537
609 609 608 608 609 609 609 609 610 610 610 610 610 610 610 610 611 611 611 611 612 612 612 612 613 613 613 614 614 579 579 580 580 581 581 582 582 582 582 583 583 583 583 584 584 584 584 585 585 585 585 586 586 587 587 588 588 588 588 589 589 589 589 589 590 590 590 590 591 591 591 591 592 592 593 593 594 594 594 594 595 595 595 595 595 536 536 536 536 537 537 537 537 537
609 610 610 610 610 610 610 610 611 610 610 610 611 611 610 611 611 611 611 612 612 612 612 613 613 613 613 614 614 579 579 580 581 581 581 582 582 582 582 583 583 583 583 584 584 584 584 585 585 585 585 586 587 587 587 588 588 588 588 589 589 589 589 590 590 590 590 591 591 591 591 592 593 593 593 593 594 594 594 594 595 595 595 595 596 596 536 536 536 537 537 537 537 538
610 610 610 610 611 611 610 611 611 611 611 611 611 611 611 612 611 611 611 612 612 612 612 613 613 613 613 614 614 579 579 581 581 581 581 582 582 582 583 583 583 583 584 584 584 584 585 585 585 585 586 587 587 587 588 588 588 588 589 589 589 589 589 590 590 590 590 591 591 591 591 593 593 593 593 594 594 594 594 595 595 595 595 596 596 596 596 596 537 537 537 537 538 539
611 611 610 611 611 611 611 612 611 611 611 612 612 611 611 612 612 612 611 612 612 612 613 613 613 613 614 614 614 579 580 581 581 581 582 582 582 582 583 583 583 583 584 584 584 584 585 585 585 585 587 588 588 588 589 589 589 589 590 590 589 589 590 590 590 590 591 591 591 591 593 593 593 593 594 594 594 594 594 595 595 595 595 596 596 596 596 597 597 537 537 537 539 539
611 611 611 612 611 611 611 612 612 612 611 612 612 612 613 612 612 612 613 612 612 612 613 613 613 613 614 614 614 579 581 582 582 582 583 583 583 583 584 584 584 584 585 585 585 585 586 586 586 587 588 588 588 589 589 589 589 589 590 590 590 590 591 591 591 591 592 592 592 593 594 594 594 594 595 595 595 595 596 596 595 595 596 596 596 596 596 597 597 597 537 539 539 539
612 611 611 612 612 612 612 612 612 612 613 612 612 612 613 613 612 612 613 613 613 613 614 614 614 614 615 615 615 581 582 582 582 583 583 583 583 584 584 584 584 585 585 585 585 586 586 586 587 588 588 588 588 589 589 589 589 590 590 590 590 591 591 591 591 592 592 592 593 594 594 594 594 595 595 595 595 596 596 596 596 596 597 597 597 597 598 598 598 599 599 539 539 539
