testData/tiles/oneDegree/grid35.0-22.0-36.0-23.0.asc
ncols   200
nrows   200
xllcorner   35.0
yllcorner   22.0
cellsize   0.005
NODATA_value   -9999.0
[rows 42 to 83 of 200, columns 94 to 187 of 200]
438 440 441 443 445 446 447 449 450 451 453 454 455 456 457 458 458 459 460 461 461 462 462 463 463 464 464 464 464 465 465 465 465 465 465 465 464 464 464 464 463 463 462 461 460 460 459 458 457 457 456 455 454 453 452 450 449 448 446 445 444 442 440 439 437 435 432 430 428 425 423 421 418 415 413 410 407 403 400 396 392 388 384 378 373 368 363 363 363 363 363 363 291 291
437 439 440 442 444 445 447 448 449 451 452 453 454 455 456 457 458 458 459 460 460 461 462 462 462 463 463 463 464 464 464 464 464 464 464 464 464 463 462 462 461 461 461 460 459 459 458 457 457 456 455 454 453 452 451 450 448 447 446 444 443 441 439 437 435 433 431 429 427 425 422 420 417 414 412 409 405 402 399 395 391 386 381 377 372 366 363 363 363 363 363 363 291 291
436 438 440 441 443 444 446 447 449 450 451 452 453 454 455 456 457 458 458 459 460 460 461 461 462 462 462 463 463 463 463 463 463 462 462 462 462 462 461 461 461 460 460 459 459 458 457 457 456 455 454 453 452 451 450 449 448 446 445 443 441 439 438 436 434 432 430 428 426 424 421 419 416 413 410 407 404 401 396 393 389 385 380 375 370 364 363 363 363 363 363 291 291 291
435 437 439 440 442 443 445 446 448 449 450 451 452 453 454 455 456 457 458 458 459 459 460 460 461 461 461 461 461 461 461 461 462 461 461 461 461 461 461 460 460 459 459 458 458 457 457 456 455 454 453 452 451 450 449 448 447 444 443 441 440 438 437 435 433 431 429 427 425 423 420 418 415 412 409 406 402 399 395 391 387 383 379 374 368 363 363 363 363 363 363 291 290 290
434 436 438 439 441 443 444 445 447 448 449 450 452 453 454 453 454 455 456 456 457 458 458 459 459 460 460 460 460 461 461 461 461 461 461 461 460 460 460 460 459 459 458 458 457 456 456 455 454 453 453 452 451 448 447 446 445 443 442 441 439 437 436 434 432 430 428 426 424 422 419 417 414 410 407 404 401 398 394 390 386 382 377 372 367 363 363 363 363 362 362 290 290 290
432 434 436 438 439 441 442 444 445 446 447 449 450 451 452 453 453 454 455 456 456 457 457 458 458 459 459 459 460 460 460 460 460 460 460 460 460 459 459 459 458 458 457 457 456 456 455 454 453 452 451 450 449 448 446 445 444 443 441 440 438 437 435 433 431 429 427 425 423 421 418 415 412 409 406 403 400 396 393 389 385 380 376 370 365 363 363 362 362 362 362 290 290 290
431 433 435 437 438 440 441 443 444 445 447 448 449 450 451 452 453 453 454 455 456 456 457 457 458 458 458 459 459 459 459 459 459 459 459 459 459 459 458 458 458 457 457 456 456 454 453 452 452 451 450 449 448 447 446 444 443 442 440 439 437 436 434 432 430 428 426 424 421 418 416 413 411 408 405 402 398 395 391 387 383 379 374 369 363 362 362 362 362 362 290 290 290 290
430 432 434 436 437 439 440 442 443 444 446 447 448 449 450 451 452 453 453 454 455 455 456 456 457 457 457 458 458 458 458 458 458 458 458 458 458 458 457 457 457 455 455 454 454 453 452 452 451 450 449 448 447 446 445 443 442 441 439 438 436 435 433 431 429 426 424 422 420 417 415 412 410 407 404 401 397 394 390 386 382 377 372 366 362 362 362 362 362 362 290 290 290 290
429 431 433 435 436 438 440 441 442 444 445 446 447 448 449 450 451 452 453 453 454 454 455 455 456 456 457 457 457 457 457 458 458 458 457 456 456 456 456 455 455 454 454 453 453 452 452 451 450 449 448 447 446 445 444 443 441 440 439 437 435 434 431 429 427 425 423 421 419 416 414 411 408 406 403 399 396 392 389 385 380 375 370 364 362 362 362 362 362 362 290 290 290 290
428 430 432 434 435 437 439 440 441 443 444 445 446 447 448 449 450 451 452 452 453 454 454 455 455 455 456 456 456 455 456 456 456 456 456 455 455 455 455 454 454 454 453 453 452 451 451 450 449 448 447 446 445 444 443 442 440 439 438 435 433 432 430 428 426 424 422 420 418 415 413 410 407 404 401 398 395 391 386 382 378 373 368 362 362 362 362 362 362 290 290 290 290 290
427 429 431 433 435 436 438 439 440 442 443 444 445 446 447 448 449 450 451 452 451 452 452 453 453 454 454 454 454 455 455 455 455 455 455 455 454 454 454 454 453 453 452 452 451 451 450 449 448 447 446 445 444 443 442 441 438 437 436 434 433 431 429 427 425 423 421 419 417 414 412 409 406 403 400 397 392 389 385 381 376 371 366 362 362 362 362 362 362 290 290 290 289 289
425 427 429 431 433 434 436 437 439 440 441 442 443 445 446 446 447 448 449 450 450 451 451 452 452 453 453 453 454 454 454 454 454 454 454 454 454 453 453 453 452 452 451 451 450 450 449 448 447 446 446 445 442 441 440 439 438 436 435 433 432 430 428 426 424 422 420 418 416 413 411 408 405 401 398 395 391 387 383 379 375 370 364 362 362 362 362 362 362 290 289 289 289 289
424 426 428 430 432 433 435 436 438 439 440 441 443 444 445 446 446 447 448 449 449 450 451 451 452 452 452 453 453 453 453 453 453 453 453 453 453 453 452 452 452 451 451 450 449 449 448 447 445 445 444 443 442 440 439 438 437 435 434 432 431 429 427 425 423 421 419 417 414 412 408 406 403 400 397 393 390 386 382 378 373 368 363 362 362 362 362 361 361 289 289 289 289 289
423 425 427 429 431 432 434 435 437 438 439 441 442 443 444 445 446 446 447 448 449 449 450 450 451 451 451 452 452 452 452 452 452 452 452 452 452 452 451 451 451 450 450 448 448 447 446 445 445 444 443 442 441 440 438 437 436 434 433 431 430 428 426 424 422 420 418 415 412 410 407 404 402 399 395 392 388 384 380 376 371 366 362 362 362 361 361 361 289 289 289 289 289 289
422 424 426 428 430 431 433 434 436 437 438 440 441 442 443 444 445 446 446 447 448 448 449 449 450 450 451 451 451 451 451 451 451 451 451 451 451 451 450 449 449 448 448 447 447 446 445 445 444 443 442 441 440 439 437 436 435 433 432 430 429 427 425 423 420 418 416 414 411 409 406 403 400 397 394 391 387 383 379 374 370 364 362 361 361 361 361 361 289 289 289 289 289 289
421 423 425 427 429 430 432 433 435 436 437 439 440 441 442 443 444 445 445 446 447 447 448 448 449 449 450 450 450 450 451 451 450 450 450 449 449 449 449 448 448 447 447 446 446 445 444 444 443 442 441 440 439 438 436 435 434 432 431 429 428 425 423 421 419 417 415 412 410 408 405 402 399 396 393 389 385 382 377 373 367 362 361 361 361 361 361 361 289 289 289 289 289 289
420 422 424 426 428 429 431 432 434 435 436 438 439 440 441 442 443 444 444 445 446 447 447 448 448 447 448 448 448 448 449 449 449 449 449 448 448 448 448 447 447 447 446 446 445 444 443 443 442 441 440 439 438 437 435 434 433 431 429 427 426 424 422 420 418 416 414 411 409 406 404 401 398 395 391 388 384 380 375 370 365 361 361 361 361 361 361 289 289 289 289 289 289 289
419 421 423 425 427 428 430 431 433 434 435 437 437 438 439 440 441 442 443 443 444 445 445 446 446 447 447 447 447 448 448 448 448 448 448 448 447 447 447 447 446 446 445 445 444 443 443 442 441 440 439 438 437 436 433 432 431 429 428 426 425 423 421 419 417 415 413 410 408 405 402 399 396 393 390 385 381 377 373 368 363 361 361 361 361 361 361 289 289 289 289 289 288 288
417 419 421 423 424 426 428 429 431 432 433 435 436 437 438 439 440 441 442 442 443 444 444 445 445 446 446 446 447 447 447 447 447 447 447 447 447 446 446 446 445 445 444 444 443 442 442 441 440 439 437 436 435 434 432 431 430 428 427 425 423 422 420 418 416 414 411 409 406 404 401 398 395 391 387 384 380 376 371 367 361 361 361 361 361 361 361 289 289 289 288 288 288 288
416 418 420 422 423 425 427 428 430 431 432 434 435 436 437 438 439 440 441 441 442 443 443 444 444 445 445 445 446 446 446 446 446 446 446 446 446 445 445 445 444 444 443 443 442 441 440 439 438 437 436 435 434 433 431 430 429 427 426 424 422 421 419 417 415 412 410 408 405 403 399 396 393 389 386 382 378 374 370 365 361 361 361 361 361 361 289 288 288 288 288 288 288 288
415 417 419 421 422 424 426 427 429 430 431 433 434 435 436 437 438 439 440 440 441 442 442 443 443 444 444 444 445 445 445 445 445 445 445 445 445 444 444 444 443 442 441 441 440 439 439 438 437 436 435 434 433 432 430 429 428 426 425 423 421 420 418 416 414 411 409 406 403 400 398 395 391 388 385 381 377 372 368 363 361 361 361 361 361 360 288 288 288 288 288 288 288 288
413 415 417 419 421 423 425 426 428 429 430 432 433 434 435 436 437 438 439 440 440 441 441 442 442 443 443 443 444 444 444 444 444 444 444 443 443 442 442 442 441 441 440 440 439 439 438 437 436 435 434 433 432 431 429 428 427 425 424 422 420 418 416 414 411 409 407 404 402 399 396 393 390 387 383 379 375 371 366 361 361 361 361 360 360 360 288 288 288 288 288 288 288 288
412 414 416 418 420 422 424 425 427 428 429 431 432 433 434 435 436 437 438 439 439 440 440 441 441 442 442 443 442 442 442 442 442 442 442 442 442 442 441 441 440 440 439 439 438 438 437 436 435 434 433 432 431 430 428 427 426 424 423 421 418 416 414 412 410 408 406 403 400 398 395 392 389 385 381 378 373 369 364 361 360 360 360 360 360 288 288 288 288 288 288 288 288 288
411 413 415 417 419 421 422 424 426 427 428 430 431 432 433 434 435 436 437 437 437 438 438 439 439 440 440 441 441 441 441 441 441 441 441 441 441 441 440 440 439 439 438 438 437 437 436 435 434 433 432 431 430 429 427 426 425 422 420 419 417 415 413 411 409 407 404 402 399 396 393 390 387 384 380 376 372 367 361 360 360 360 360 360 360 288 288 288 288 288 288 288 288 288
409 411 413 415 417 419 420 422 423 425 426 428 429 430 431 432 433 434 435 436 436 437 438 438 439 439 439 440 440 440 440 440 440 440 440 440 440 440 439 439 439 438 438 437 436 436 435 434 433 432 431 430 429 427 425 424 422 421 419 418 416 414 412 410 408 405 403 401 398 395 392 389 386 382 378 373 369 364 360 360 360 360 360 360 360 288 288 288 288 288 288 288 287 287
407 410 412 414 416 417 419 421 422 424 425 427 428 429 430 431 432 433 434 435 435 436 437 437 438 438 438 439 439 439 439 439 439 439 439 439 439 439 438 438 438 437 437 436 435 435 434 433 431 430 429 428 427 426 424 423 421 420 418 416 415 413 411 409 406 404 402 399 396 394 391 387 383 379 376 372 367 362 360 360 360 360 360 360 288 288 288 288 288 288 287 287 287 287
406 408 411 413 414 416 418 420 421 423 424 425 427 428 429 430 431 432 433 434 434 435 436 436 437 437 437 438 438 438 438 438 438 438 438 438 438 438 437 437 437 436 436 435 433 433 432 431 430 429 428 427 426 424 423 422 420 419 417 415 413 412 410 407 405 403 400 398 395 391 388 385 381 378 374 370 365 360 360 360 360 360 360 360 288 288 288 287 287 287 287 287 287 287
405 407 409 411 413 415 417 419 420 422 423 424 426 427 428 429 430 431 432 432 433 434 434 435 436 436 436 437 437 437 437 437 437 437 437 437 437 437 435 435 435 434 433 433 432 431 431 430 429 428 427 426 425 423 422 421 419 418 416 414 412 410 408 406 404 402 398 395 393 390 387 383 380 376 372 368 363 360 360 360 360 360 360 360 288 287 287 287 287 287 287 287 287 287
404 406 408 410 412 414 416 417 419 420 422 423 424 426 427 428 429 430 431 431 432 433 433 434 434 435 435 436 436 436 436 436 435 435 435 435 435 435 434 434 433 433 432 432 431 430 430 429 428 427 426 425 423 422 421 419 418 416 415 413 411 409 406 404 402 399 397 394 391 388 385 382 378 374 370 366 361 360 360 360 360 360 359 287 287 287 287 287 287 287 287 287 287 287
402 405 407 409 411 413 415 416 418 419 421 422 423 425 426 427 428 429 430 430 431 432 432 433 432 433 433 434 434 434 434 434 434 434 434 434 434 434 433 433 432 432 431 431 430 429 429 428 427 426 425 424 422 421 420 418 417 415 414 411 409 407 405 403 400 398 395 393 390 387 384 380 377 373 369 364 360 360 360 360 359 359 359 287 287 287 287 287 287 287 287 287 287 287
400 402 405 407 409 410 412 414 416 417 419 420 421 422 424 425 426 427 427 428 429 430 430 431 431 432 432 433 433 433 433 433 433 433 433 433 433 433 432 432 431 431 430 430 429 428 427 427 426 425 424 422 421 420 419 416 415 413 411 409 408 406 404 401 399 397 394 391 388 385 382 379 375 371 367 362 360 359 359 359 359 359 359 287 287 287 287 287 287 287 287 287 287 287
399 401 403 405 407 409 411 413 414 416 417 419 420 421 422 424 425 426 426 427 428 429 429 430 430 431 431 431 432 432 432 432 432 432 432 432 432 431 431 431 430 430 429 429 428 427 426 426 425 424 422 420 419 418 416 415 413 412 410 408 406 404 402 400 398 395 393 390 387 384 380 377 373 369 364 359 359 359 359 359 359 359 287 287 287 287 287 287 287 287 287 287 286 323
397 400 402 404 406 408 410 412 413 415 416 418 419 420 421 422 423 424 425 426 427 428 428 429 429 430 430 430 431 431 431 431 431 431 431 431 431 430 430 430 429 429 428 428 427 426 424 423 422 421 420 419 418 417 415 414 412 411 409 407 405 403 401 399 396 394 391 388 385 382 379 374 370 366 362 359 359 359 359 359 359 359 287 287 287 287 287 287 287 287 286 286 323 323
396 398 401 403 405 407 409 410 412 414 415 416 418 419 420 421 422 423 424 425 426 426 427 428 428 429 429 429 430 430 430 430 430 430 430 430 430 429 429 429 428 427 426 425 425 424 423 422 421 420 419 418 417 415 414 413 411 409 408 406 404 402 400 397 395 392 390 387 383 379 376 372 368 364 360 359 359 359 359 359 359 359 287 287 287 287 287 286 286 286 286 323 323 323
394 397 399 401 403 405 407 409 411 412 414 415 417 418 419 420 421 422 423 424 425 425 426 427 427 427 428 428 428 429 429 429 429 429 429 428 427 427 427 426 426 426 425 424 424 423 422 421 420 419 418 417 416 414 413 411 410 408 406 404 402 400 398 396 393 390 387 384 381 378 374 371 367 362 359 359 359 359 359 359 359 287 287 287 287 286 286 286 286 286 286 323 323 323
393 395 398 400 402 404 406 408 409 411 413 414 415 417 418 419 420 421 422 423 423 424 425 425 426 426 427 427 426 427 427 427 427 427 427 427 426 426 426 425 425 424 424 423 422 422 421 420 419 418 417 416 414 413 412 410 408 407 405 403 401 398 396 393 391 388 385 383 379 376 373 369 365 360 359 359 359 359 359 359 359 287 286 286 286 286 286 286 286 286 323 323 323 323
391 394 396 399 401 403 405 406 408 410 411 413 414 415 417 418 418 419 420 421 421 422 423 423 424 424 425 425 425 425 426 426 426 426 426 425 425 425 425 424 424 423 423 422 421 421 420 419 418 417 416 414 413 412 410 409 407 404 403 401 399 397 394 392 389 387 384 381 378 374 371 367 363 359 359 359 359 359 359 358 286 286 286 286 286 286 286 286 286 323 323 323 323 323
389 391 394 396 398 400 402 404 406 407 409 410 412 413 414 416 417 418 419 419 420 421 422 422 423 423 423 424 424 424 424 425 425 425 424 424 424 424 423 423 423 422 422 421 420 419 419 418 417 416 414 413 412 409 408 406 405 403 401 399 397 395 393 390 388 385 382 379 376 373 369 365 361 359 359 359 358 358 358 358 286 286 286 286 286 286 286 286 323 323 323 323 323 323
387 390 392 395 397 399 401 403 404 406 408 409 411 412 413 414 415 416 417 418 419 420 420 421 421 422 422 423 423 423 423 423 423 423 423 423 423 423 422 422 421 421 420 420 419 418 417 416 415 413 412 411 410 408 407 405 403 402 400 398 396 394 391 389 386 384 381 378 374 371 367 363 359 358 358 358 358 358 358 358 286 286 286 286 286 286 286 323 323 323 323 323 322 322
386 388 391 393 395 397 399 401 403 405 406 408 409 411 412 413 414 415 416 417 418 418 419 420 420 421 421 421 422 422 422 422 422 422 422 422 422 421 421 421 420 420 419 418 417 416 415 414 413 412 411 410 408 407 405 404 402 400 398 396 394 392 390 387 385 382 379 376 372 369 364 360 358 358 358 358 358 358 358 286 286 286 286 286 286 286 286 323 323 322 322 322 322 322
384 387 389 392 394 396 398 400 402 403 405 407 408 409 411 412 413 414 415 416 417 417 418 419 419 420 420 420 421 421 421 421 421 421 421 421 421 420 419 419 418 418 417 416 416 415 414 413 412 411 410 408 407 406 404 402 401 399 397 395 393 391 388 386 383 380 377 373 370 366 362 358 358 358 358 358 358 358 358 286 286 286 286 286 286 286 323 322 322 322 322 322 322 322
382 385 388 390 392 395 397 399 400 402 404 405 407 408 409 410 412 413 414 414 415 416 417 417 418 418 419 419 419 420 420 419 419 419 419 419 418 418 418 417 417 416 416 415 414 413 413 412 411 409 408 407 406 404 403 401 399 398 396 394 391 389 387 384 380 377 374 371 368 364 360 358 358 358 358 358 358 358 286 286 286 286 286 286 285 322 322 322 322 322 322 322 322 322
