testData/tiles/oneDegree/grid44.0-20.0-45.0-21.0.asc
ncols   200
nrows   200
xllcorner   44.0
yllcorner   20.0
cellsize   0.005
NODATA_value   -9999.0
[rows 34 to 50 of 200, columns 0 to 36 of 200]
4.440000000000000000e+02 4.440000000000000000e+02 4.430000000000000000e+02 4.420000000000000000e+02 4.420000000000000000e+02 4.410000000000000000e+02 4.410000000000000000e+02 4.400000000000000000e+02 4.400000000000000000e+02 4.390000000000000000e+02 4.390000000000000000e+02 4.380000000000000000e+02 4.380000000000000000e+02 4.370000000000000000e+02 4.360000000000000000e+02 4.360000000000000000e+02 4.350000000000000000e+02 4.350000000000000000e+02 4.340000000000000000e+02 4.340000000000000000e+02 4.330000000000000000e+02 4.330000000000000000e+02 4.320000000000000000e+02 4.310000000000000000e+02 4.310000000000000000e+02 4.300000000000000000e+02 4.310000000000000000e+02 4.300000000000000000e+02 4.300000000000000000e+02 4.290000000000000000e+02 4.290000000000000000e+02 4.280000000000000000e+02 4.270000000000000000e+02 4.270000000000000000e+02 4.260000000000000000e+02 4.260000000000000000e+02 4.250000000000000000e+02
2.920000000000000000e+02 4.430000000000000000e+02 4.430000000000000000e+02 4.420000000000000000e+02 4.420000000000000000e+02 4.410000000000000000e+02 4.410000000000000000e+02 4.400000000000000000e+02 4.400000000000000000e+02 4.390000000000000000e+02 4.380000000000000000e+02 4.380000000000000000e+02 4.370000000000000000e+02 4.370000000000000000e+02 4.360000000000000000e+02 4.360000000000000000e+02 4.350000000000000000e+02 4.350000000000000000e+02 4.340000000000000000e+02 4.340000000000000000e+02 4.330000000000000000e+02 4.320000000000000000e+02 4.320000000000000000e+02 4.310000000000000000e+02 4.310000000000000000e+02 4.300000000000000000e+02 4.300000000000000000e+02 4.290000000000000000e+02 4.300000000000000000e+02 4.290000000000000000e+02 4.280000000000000000e+02 4.280000000000000000e+02 4.270000000000000000e+02 4.270000000000000000e+02 4.260000000000000000e+02 4.260000000000000000e+02 4.250000000000000000e+02
2.920000000000000000e+02 2.910000000000000000e+02 2.920000000000000000e+02 4.420000000000000000e+02 4.420000000000000000e+02 4.410000000000000000e+02 4.400000000000000000e+02 4.400000000000000000e+02 4.390000000000000000e+02 4.390000000000000000e+02 4.380000000000000000e+02 4.380000000000000000e+02 4.370000000000000000e+02 4.370000000000000000e+02 4.360000000000000000e+02 4.360000000000000000e+02 4.350000000000000000e+02 4.340000000000000000e+02 4.340000000000000000e+02 4.330000000000000000e+02 4.330000000000000000e+02 4.320000000000000000e+02 4.320000000000000000e+02 4.310000000000000000e+02 4.310000000000000000e+02 4.300000000000000000e+02 4.300000000000000000e+02 4.290000000000000000e+02 4.280000000000000000e+02 4.280000000000000000e+02 4.280000000000000000e+02 4.280000000000000000e+02 4.270000000000000000e+02 4.270000000000000000e+02 4.260000000000000000e+02 4.260000000000000000e+02 4.250000000000000000e+02
2.910000000000000000e+02 2.910000000000000000e+02 2.900000000000000000e+02 2.900000000000000000e+02 2.900000000000000000e+02 2.900000000000000000e+02 4.400000000000000000e+02 4.400000000000000000e+02 4.390000000000000000e+02 4.390000000000000000e+02 4.380000000000000000e+02 4.380000000000000000e+02 4.370000000000000000e+02 4.360000000000000000e+02 4.360000000000000000e+02 4.350000000000000000e+02 4.350000000000000000e+02 4.340000000000000000e+02 4.340000000000000000e+02 4.330000000000000000e+02 4.330000000000000000e+02 4.320000000000000000e+02 4.320000000000000000e+02 4.310000000000000000e+02 4.300000000000000000e+02 4.300000000000000000e+02 4.290000000000000000e+02 4.290000000000000000e+02 4.280000000000000000e+02 4.280000000000000000e+02 4.270000000000000000e+02 4.280000000000000000e+02 4.270000000000000000e+02 4.260000000000000000e+02 4.260000000000000000e+02 4.250000000000000000e+02 4.250000000000000000e+02
2.910000000000000000e+02 2.910000000000000000e+02 2.900000000000000000e+02 2.900000000000000000e+02 2.890000000000000000e+02 2.900000000000000000e+02 2.890000000000000000e+02 2.890000000000000000e+02 2.880000000000000000e+02 4.380000000000000000e+02 4.380000000000000000e+02 4.370000000000000000e+02 4.370000000000000000e+02 4.360000000000000000e+02 4.360000000000000000e+02 4.350000000000000000e+02 4.350000000000000000e+02 4.340000000000000000e+02 4.340000000000000000e+02 4.330000000000000000e+02 4.320000000000000000e+02 4.320000000000000000e+02 4.310000000000000000e+02 4.310000000000000000e+02 4.300000000000000000e+02 4.300000000000000000e+02 4.290000000000000000e+02 4.290000000000000000e+02 4.280000000000000000e+02 4.280000000000000000e+02 4.270000000000000000e+02 4.260000000000000000e+02 4.260000000000000000e+02 4.260000000000000000e+02 4.260000000000000000e+02 4.250000000000000000e+02 4.250000000000000000e+02
2.910000000000000000e+02 2.910000000000000000e+02 2.900000000000000000e+02 2.890000000000000000e+02 2.890000000000000000e+02 2.880000000000000000e+02 2.890000000000000000e+02 2.880000000000000000e+02 2.880000000000000000e+02 2.870000000000000000e+02 2.870000000000000000e+02 2.860000000000000000e+02 4.370000000000000000e+02 4.360000000000000000e+02 4.360000000000000000e+02 4.350000000000000000e+02 4.340000000000000000e+02 4.340000000000000000e+02 4.330000000000000000e+02 4.330000000000000000e+02 4.320000000000000000e+02 4.320000000000000000e+02 4.310000000000000000e+02 4.310000000000000000e+02 4.300000000000000000e+02 4.300000000000000000e+02 4.290000000000000000e+02 4.280000000000000000e+02 4.280000000000000000e+02 4.270000000000000000e+02 4.270000000000000000e+02 4.260000000000000000e+02 4.260000000000000000e+02 4.250000000000000000e+02 4.250000000000000000e+02 4.250000000000000000e+02 4.250000000000000000e+02
2.910000000000000000e+02 2.900000000000000000e+02 2.900000000000000000e+02 2.890000000000000000e+02 2.890000000000000000e+02 2.880000000000000000e+02 2.880000000000000000e+02 2.870000000000000000e+02 2.880000000000000000e+02 2.870000000000000000e+02 2.870000000000000000e+02 2.860000000000000000e+02 2.850000000000000000e+02 2.850000000000000000e+02 2.840000000000000000e+02 4.350000000000000000e+02 4.340000000000000000e+02 4.340000000000000000e+02 4.330000000000000000e+02 4.330000000000000000e+02 4.320000000000000000e+02 4.320000000000000000e+02 4.310000000000000000e+02 4.310000000000000000e+02 4.300000000000000000e+02 4.290000000000000000e+02 4.290000000000000000e+02 4.280000000000000000e+02 4.280000000000000000e+02 4.270000000000000000e+02 4.270000000000000000e+02 4.260000000000000000e+02 4.260000000000000000e+02 4.250000000000000000e+02 4.240000000000000000e+02 4.240000000000000000e+02 4.230000000000000000e+02
2.910000000000000000e+02 2.900000000000000000e+02 2.900000000000000000e+02 2.890000000000000000e+02 2.880000000000000000e+02 2.880000000000000000e+02 2.870000000000000000e+02 2.870000000000000000e+02 2.860000000000000000e+02 2.870000000000000000e+02 2.860000000000000000e+02 2.860000000000000000e+02 2.850000000000000000e+02 2.850000000000000000e+02 2.840000000000000000e+02 2.840000000000000000e+02 2.830000000000000000e+02 2.830000000000000000e+02 4.330000000000000000e+02 4.320000000000000000e+02 4.320000000000000000e+02 4.310000000000000000e+02 4.310000000000000000e+02 4.300000000000000000e+02 4.300000000000000000e+02 4.290000000000000000e+02 4.290000000000000000e+02 4.280000000000000000e+02 4.280000000000000000e+02 4.270000000000000000e+02 4.270000000000000000e+02 4.260000000000000000e+02 4.250000000000000000e+02 4.250000000000000000e+02 4.240000000000000000e+02 4.240000000000000000e+02 4.230000000000000000e+02
2.900000000000000000e+02 2.900000000000000000e+02 2.890000000000000000e+02 2.890000000000000000e+02 2.880000000000000000e+02 2.880000000000000000e+02 2.870000000000000000e+02 2.870000000000000000e+02 2.860000000000000000e+02 2.860000000000000000e+02 2.850000000000000000e+02 2.860000000000000000e+02 2.850000000000000000e+02 2.850000000000000000e+02 2.840000000000000000e+02 2.830000000000000000e+02 2.830000000000000000e+02 2.820000000000000000e+02 2.820000000000000000e+02 2.810000000000000000e+02 2.810000000000000000e+02 2.800000000000000000e+02 4.310000000000000000e+02 4.300000000000000000e+02 4.300000000000000000e+02 4.290000000000000000e+02 4.290000000000000000e+02 4.280000000000000000e+02 4.270000000000000000e+02 4.270000000000000000e+02 4.260000000000000000e+02 4.260000000000000000e+02 4.250000000000000000e+02 4.250000000000000000e+02 4.240000000000000000e+02 4.240000000000000000e+02 4.230000000000000000e+02
2.900000000000000000e+02 2.900000000000000000e+02 2.890000000000000000e+02 2.890000000000000000e+02 2.880000000000000000e+02 2.880000000000000000e+02 2.870000000000000000e+02 2.860000000000000000e+02 2.860000000000000000e+02 2.850000000000000000e+02 2.850000000000000000e+02 2.840000000000000000e+02 2.850000000000000000e+02 2.840000000000000000e+02 2.840000000000000000e+02 2.830000000000000000e+02 2.830000000000000000e+02 2.820000000000000000e+02 2.820000000000000000e+02 2.810000000000000000e+02 2.810000000000000000e+02 2.800000000000000000e+02 2.790000000000000000e+02 2.790000000000000000e+02 2.780000000000000000e+02 2.780000000000000000e+02 4.280000000000000000e+02 4.280000000000000000e+02 4.270000000000000000e+02 4.270000000000000000e+02 4.260000000000000000e+02 4.260000000000000000e+02 4.250000000000000000e+02 4.250000000000000000e+02 4.240000000000000000e+02 4.230000000000000000e+02 4.230000000000000000e+02
2.900000000000000000e+02 2.890000000000000000e+02 2.890000000000000000e+02 2.880000000000000000e+02 2.880000000000000000e+02 2.870000000000000000e+02 2.870000000000000000e+02 2.860000000000000000e+02 2.860000000000000000e+02 2.850000000000000000e+02 2.850000000000000000e+02 2.840000000000000000e+02 2.840000000000000000e+02 2.830000000000000000e+02 2.840000000000000000e+02 2.830000000000000000e+02 2.820000000000000000e+02 2.820000000000000000e+02 2.810000000000000000e+02 2.810000000000000000e+02 2.800000000000000000e+02 2.800000000000000000e+02 2.790000000000000000e+02 2.790000000000000000e+02 2.780000000000000000e+02 2.780000000000000000e+02 2.770000000000000000e+02 2.770000000000000000e+02 2.760000000000000000e+02 2.760000000000000000e+02 2.750000000000000000e+02 4.250000000000000000e+02 4.250000000000000000e+02 4.240000000000000000e+02 4.240000000000000000e+02 4.230000000000000000e+02 4.230000000000000000e+02
2.900000000000000000e+02 2.890000000000000000e+02 2.890000000000000000e+02 2.880000000000000000e+02 2.880000000000000000e+02 2.870000000000000000e+02 2.860000000000000000e+02 2.860000000000000000e+02 2.850000000000000000e+02 2.850000000000000000e+02 2.840000000000000000e+02 2.840000000000000000e+02 2.830000000000000000e+02 2.830000000000000000e+02 2.820000000000000000e+02 2.830000000000000000e+02 2.820000000000000000e+02 2.820000000000000000e+02 2.810000000000000000e+02 2.810000000000000000e+02 2.800000000000000000e+02 2.800000000000000000e+02 2.790000000000000000e+02 2.790000000000000000e+02 2.780000000000000000e+02 2.770000000000000000e+02 2.770000000000000000e+02 2.760000000000000000e+02 2.760000000000000000e+02 2.750000000000000000e+02 2.750000000000000000e+02 2.740000000000000000e+02 2.740000000000000000e+02 2.730000000000000000e+02 2.730000000000000000e+02 2.720000000000000000e+02 2.720000000000000000e+02
2.890000000000000000e+02 2.890000000000000000e+02 2.880000000000000000e+02 2.880000000000000000e+02 2.870000000000000000e+02 2.870000000000000000e+02 2.860000000000000000e+02 2.860000000000000000e+02 2.850000000000000000e+02 2.850000000000000000e+02 2.840000000000000000e+02 2.840000000000000000e+02 2.830000000000000000e+02 2.830000000000000000e+02 2.820000000000000000e+02 2.820000000000000000e+02 2.810000000000000000e+02 2.820000000000000000e+02 2.810000000000000000e+02 2.800000000000000000e+02 2.800000000000000000e+02 2.790000000000000000e+02 2.790000000000000000e+02 2.780000000000000000e+02 2.780000000000000000e+02 2.770000000000000000e+02 2.770000000000000000e+02 2.760000000000000000e+02 2.760000000000000000e+02 2.750000000000000000e+02 2.750000000000000000e+02 2.740000000000000000e+02 2.740000000000000000e+02 2.730000000000000000e+02 2.720000000000000000e+02 2.720000000000000000e+02 2.710000000000000000e+02
2.890000000000000000e+02 2.890000000000000000e+02 2.880000000000000000e+02 2.880000000000000000e+02 2.870000000000000000e+02 2.860000000000000000e+02 2.860000000000000000e+02 2.850000000000000000e+02 2.850000000000000000e+02 2.840000000000000000e+02 2.840000000000000000e+02 2.830000000000000000e+02 2.830000000000000000e+02 2.820000000000000000e+02 2.820000000000000000e+02 2.810000000000000000e+02 2.810000000000000000e+02 2.800000000000000000e+02 2.800000000000000000e+02 2.800000000000000000e+02 2.800000000000000000e+02 2.790000000000000000e+02 2.790000000000000000e+02 2.780000000000000000e+02 2.780000000000000000e+02 2.770000000000000000e+02 2.770000000000000000e+02 2.760000000000000000e+02 2.750000000000000000e+02 2.750000000000000000e+02 2.740000000000000000e+02 2.740000000000000000e+02 2.730000000000000000e+02 2.730000000000000000e+02 2.720000000000000000e+02 2.720000000000000000e+02 2.710000000000000000e+02
2.890000000000000000e+02 2.880000000000000000e+02 2.880000000000000000e+02 2.870000000000000000e+02 2.870000000000000000e+02 2.860000000000000000e+02 2.860000000000000000e+02 2.850000000000000000e+02 2.850000000000000000e+02 2.840000000000000000e+02 2.840000000000000000e+02 2.830000000000000000e+02 2.830000000000000000e+02 2.820000000000000000e+02 2.820000000000000000e+02 2.810000000000000000e+02 2.810000000000000000e+02 2.800000000000000000e+02 2.800000000000000000e+02 2.790000000000000000e+02 2.790000000000000000e+02 2.790000000000000000e+02 2.780000000000000000e+02 2.780000000000000000e+02 2.770000000000000000e+02 2.770000000000000000e+02 2.760000000000000000e+02 2.760000000000000000e+02 2.750000000000000000e+02 2.750000000000000000e+02 2.740000000000000000e+02 2.740000000000000000e+02 2.730000000000000000e+02 2.730000000000000000e+02 2.720000000000000000e+02 2.720000000000000000e+02 2.710000000000000000e+02
2.880000000000000000e+02 2.880000000000000000e+02 2.870000000000000000e+02 2.870000000000000000e+02 2.860000000000000000e+02 2.860000000000000000e+02 2.850000000000000000e+02 2.850000000000000000e+02 2.840000000000000000e+02 2.840000000000000000e+02 2.830000000000000000e+02 2.830000000000000000e+02 2.820000000000000000e+02 2.820000000000000000e+02 2.810000000000000000e+02 2.810000000000000000e+02 2.800000000000000000e+02 2.800000000000000000e+02 2.790000000000000000e+02 2.790000000000000000e+02 2.780000000000000000e+02 2.780000000000000000e+02 2.780000000000000000e+02 2.780000000000000000e+02 2.770000000000000000e+02 2.770000000000000000e+02 2.760000000000000000e+02 2.760000000000000000e+02 2.750000000000000000e+02 2.750000000000000000e+02 2.740000000000000000e+02 2.730000000000000000e+02 2.730000000000000000e+02 2.720000000000000000e+02 2.720000000000000000e+02 2.710000000000000000e+02 2.710000000000000000e+02
2.880000000000000000e+02 2.880000000000000000e+02 2.870000000000000000e+02 2.870000000000000000e+02 2.860000000000000000e+02 2.860000000000000000e+02 2.850000000000000000e+02 2.850000000000000000e+02 2.840000000000000000e+02 2.840000000000000000e+02 2.830000000000000000e+02 2.830000000000000000e+02 2.820000000000000000e+02 2.820000000000000000e+02 2.810000000000000000e+02 2.810000000000000000e+02 2.800000000000000000e+02 2.800000000000000000e+02 2.790000000000000000e+02 2.790000000000000000e+02 2.780000000000000000e+02 2.780000000000000000e+02 2.770000000000000000e+02 2.760000000000000000e+02 2.770000000000000000e+02 2.760000000000000000e+02 2.760000000000000000e+02 2.750000000000000000e+02 2.750000000000000000e+02 2.740000000000000000e+02 2.740000000000000000e+02 2.730000000000000000e+02 2.730000000000000000e+02 2.720000000000000000e+02 2.720000000000000000e+02 2.710000000000000000e+02 2.710000000000000000e+02
