testData/tiles/oneDegree/grid25.0-16.0-26.0-17.0.asc
ncols   200
nrows   200
xllcorner   25.0
yllcorner   16.0
cellsize   0.005
NODATA_value   -9999.0
[rows 0 to 41 of 200, columns 0 to 93 of 200]
329 330 329 328 326 325 325 326 326 326 325 325 325 325 326 326 325 325 325 325 325 326 325 325 325 325 325 324 325 325 325 325 270 269 269 269 270 269 269 269 269 269 268 291 291 292 292 291 291 291 291 290 290 291 293 293 294 295 296 296 297 298 299 299 301 302 302 302 303 304 304 304 306 306 307 308 309 311 312 312 314 313 315 316 316 317 318 319 319 320 321 296 298 299
330 329 328 328 327 326 325 325 325 325 325 325 325 325 325 325 324 325 325 325 325 325 324 324 325 325 325 324 324 324 324 325 324 269 269 269 269 268 268 269 269 269 268 291 291 291 291 290 291 291 291 290 290 291 292 293 294 295 297 297 298 298 299 299 300 301 302 301 302 304 305 304 306 307 307 308 310 310 311 311 313 313 314 316 316 317 318 319 320 320 322 296 298 298
331 330 329 328 326 325 325 325 325 325 324 324 325 325 325 325 324 324 324 325 325 325 324 324 324 324 324 324 324 324 324 324 323 323 268 269 269 268 268 268 268 268 267 291 291 291 291 290 290 290 290 289 290 291 293 293 294 295 296 296 297 298 298 299 300 301 302 301 302 303 304 304 305 307 306 309 310 310 311 312 313 313 314 315 315 316 318 317 319 319 297 296 298 297
331 330 330 329 327 326 325 324 325 325 324 324 324 324 324 325 324 324 324 324 324 324 324 324 324 324 324 323 323 323 324 324 323 323 323 268 268 267 268 268 268 268 267 290 290 290 290 290 290 290 290 289 289 291 292 292 294 295 296 296 297 298 299 298 299 300 301 302 302 303 304 304 305 307 306 308 309 310 310 312 312 314 314 316 316 317 318 318 319 319 295 295 297 296
331 330 330 329 327 327 326 325 324 324 323 324 324 324 324 324 323 323 324 324 324 324 323 323 323 324 324 323 323 323 323 323 322 323 323 268 268 267 267 267 267 268 267 290 290 290 289 289 289 289 290 289 290 291 292 292 293 294 295 295 296 298 299 299 299 300 301 301 301 302 303 304 304 307 307 308 309 311 310 312 312 313 314 315 315 316 317 318 319 295 295 296 297 297
331 331 330 329 327 327 326 326 325 324 323 323 323 323 324 324 323 323 323 323 323 323 323 323 323 323 323 322 323 323 323 323 322 322 322 322 268 267 267 267 267 267 266 289 289 290 289 289 289 289 289 288 289 290 291 292 293 294 295 295 296 297 298 298 299 300 301 301 302 302 303 304 304 306 306 307 308 310 310 312 312 313 314 315 315 316 317 317 293 294 294 295 296 296
332 331 330 329 328 327 326 325 325 324 323 323 323 323 323 323 322 323 323 323 323 322 322 322 323 323 323 322 322 322 322 323 322 322 322 322 322 266 266 266 267 267 289 289 289 289 288 288 288 289 289 288 289 290 291 291 293 294 294 295 296 297 298 298 299 299 300 300 301 301 302 304 305 306 306 307 308 309 309 311 312 312 313 314 314 316 317 317 293 295 294 296 296 297
339 331 331 329 328 327 327 326 325 324 322 322 323 323 323 323 322 322 322 323 323 322 322 322 322 322 322 322 322 322 322 322 321 321 321 322 322 266 266 266 266 266 288 289 289 289 288 288 288 288 288 287 288 290 292 292 293 294 295 295 295 296 297 298 299 300 300 300 301 302 301 303 304 305 305 307 308 309 309 311 312 312 313 314 314 315 316 292 292 294 293 295 296 297
339 331 331 329 329 328 327 326 326 325 323 322 322 322 322 322 322 322 322 322 322 321 322 322 322 322 322 321 321 321 322 322 321 321 321 321 321 320 266 266 266 265 288 288 288 288 287 288 288 288 287 287 288 290 291 291 292 294 295 295 296 296 297 297 298 299 299 299 301 302 302 303 305 305 306 307 308 308 310 310 312 311 314 314 315 316 317 292 293 294 294 295 295 296
339 339 331 329 329 328 327 327 326 324 323 323 322 322 322 321 321 321 322 322 322 321 321 321 321 322 321 321 321 321 321 321 320 321 321 321 321 320 320 265 265 264 288 288 288 288 287 287 287 287 286 287 289 290 291 291 292 293 294 294 295 297 297 297 298 299 299 299 300 301 301 302 304 305 306 307 308 308 310 310 312 311 313 314 314 315 291 291 292 294 294 295 296 296
339 339 331 330 329 328 327 327 326 324 324 323 322 321 322 321 321 321 321 321 321 321 321 321 321 321 320 320 321 321 321 321 320 320 320 320 320 320 320 265 265 264 287 287 287 288 287 287 287 287 286 287 288 289 290 291 292 293 294 294 295 296 297 296 297 298 299 299 300 301 302 302 304 305 305 306 308 307 309 309 311 312 313 314 314 290 291 291 292 293 293 294 295 295
340 339 331 330 329 329 328 327 326 324 324 323 322 321 321 320 320 321 321 321 321 320 320 320 321 321 320 320 320 320 320 319 320 320 320 320 319 319 319 319 265 264 287 287 287 287 286 286 286 287 286 287 288 289 289 290 291 292 293 293 295 296 296 297 297 298 298 299 299 300 301 302 304 305 305 306 308 307 309 309 310 311 312 313 313 289 291 291 292 293 294 294 296 295
340 340 339 330 329 328 328 328 327 325 324 323 323 322 321 320 320 320 320 321 321 320 320 320 320 320 319 320 320 320 320 319 319 319 319 320 319 319 319 319 319 286 286 286 287 287 286 286 286 286 285 286 287 289 289 290 291 292 292 293 294 295 295 296 297 298 298 299 299 300 301 302 303 303 304 305 307 307 309 310 310 311 312 313 288 289 291 290 292 292 293 293 295 294
340 339 339 331 330 329 328 327 327 326 325 324 323 322 321 320 320 320 320 320 320 319 320 320 320 320 319 319 319 319 320 319 319 319 319 319 318 318 319 319 319 286 286 286 286 286 285 285 286 286 285 286 287 289 289 290 291 292 293 293 294 295 295 296 297 297 297 298 299 300 301 302 303 303 305 305 307 306 308 309 309 310 311 311 289 289 291 290 292 292 293 293 295 294
340 340 338 337 330 330 329 328 327 325 324 324 323 323 322 320 319 319 320 320 319 319 319 319 319 320 319 319 319 319 319 318 318 319 319 319 318 318 318 318 318 340 286 286 286 285 285 285 285 285 284 285 288 289 289 290 291 292 292 293 293 294 295 296 297 297 297 298 299 299 300 301 302 302 304 305 307 307 308 309 309 310 311 286 288 288 290 289 291 291 292 293 295 294
341 340 339 338 330 329 328 329 328 326 325 324 323 322 322 320 319 319 319 319 318 319 319 319 319 319 318 318 318 319 319 318 318 318 318 318 317 318 318 318 318 340 340 285 285 284 285 285 285 285 284 286 287 288 288 289 291 292 292 293 294 294 294 295 296 297 296 298 299 299 300 301 302 302 304 304 306 306 307 308 308 310 287 286 288 288 289 289 291 291 292 292 293 293
341 340 338 338 331 330 329 328 326 325 326 325 324 323 321 320 319 319 319 319 318 318 318 318 319 319 318 318 318 318 318 317 318 318 318 318 317 317 317 317 318 340 340 285 285 284 284 284 284 284 285 286 287 288 288 289 290 291 291 292 294 294 294 295 296 297 296 297 298 299 299 300 302 302 304 305 306 306 307 308 309 310 286 286 287 288 288 289 291 291 292 293 293 294
341 340 339 338 337 330 330 329 327 326 325 324 324 324 322 321 320 319 318 318 318 318 318 318 318 318 317 318 318 318 318 317 317 317 317 318 317 317 317 317 317 339 339 339 285 284 284 284 284 284 284 285 286 287 288 289 290 291 291 292 293 294 293 294 295 297 297 297 298 299 299 301 302 302 303 305 304 306 306 309 309 285 286 286 287 288 288 289 290 290 291 293 292 293
341 340 339 339 338 330 329 328 328 327 326 325 324 323 321 321 320 319 318 318 317 317 317 318 318 317 317 317 317 317 318 317 317 317 317 317 316 316 316 317 316 339 339 339 339 283 283 283 284 283 284 285 286 287 287 288 289 290 291 292 293 294 294 294 295 296 296 296 297 298 299 301 302 302 303 305 304 306 307 308 283 284 285 285 286 288 288 290 290 291 291 293 292 294
341 341 339 338 338 331 330 329 327 326 326 326 325 324 322 321 320 319 319 318 317 317 317 317 317 316 317 317 317 317 316 316 316 316 317 316 316 316 316 316 315 338 338 339 339 283 283 283 283 282 283 284 286 287 287 288 289 290 290 291 292 293 293 294 295 296 296 296 297 298 299 300 301 302 302 304 304 306 307 308 283 284 285 285 286 288 287 289 289 290 290 292 291 294
342 341 339 339 338 337 329 330 328 327 326 325 324 324 323 322 321 320 319 318 316 317 317 317 317 316 316 316 316 317 316 316 316 316 316 315 315 316 316 316 338 338 338 338 338 337 283 283 283 282 283 284 286 286 287 288 289 290 290 291 292 293 293 294 294 294 295 296 297 298 299 300 301 302 302 304 303 305 306 282 282 283 284 286 286 288 287 289 289 290 290 292 291 293
341 340 339 339 339 338 330 329 327 327 327 326 325 324 322 321 320 321 320 319 317 316 316 316 317 316 316 316 316 316 315 315 316 316 316 315 315 315 315 315 337 338 338 338 338 337 282 282 282 281 283 285 286 286 287 288 289 289 290 290 291 292 293 294 294 294 295 296 296 297 298 299 300 301 302 304 304 305 281 281 282 283 284 285 285 287 286 288 288 289 290 292 291 293
342 340 340 339 338 338 331 330 328 327 326 326 326 325 323 322 321 320 319 317 317 316 316 316 316 315 315 316 316 316 315 315 315 315 315 314 315 315 315 315 337 337 337 337 337 337 337 282 282 281 283 284 285 285 286 288 289 289 290 291 291 291 292 293 294 293 295 296 296 297 298 299 299 301 301 303 303 304 280 280 282 284 284 285 285 287 286 288 288 289 289 291 290 292
343 341 340 339 339 338 337 328 329 328 327 326 325 323 323 323 322 321 320 318 317 316 315 316 316 315 315 315 315 315 314 315 315 315 315 314 314 314 314 315 337 337 337 337 336 336 336 336 281 281 283 284 285 285 286 287 288 288 289 291 291 291 292 293 294 293 294 295 296 296 297 299 299 301 301 303 303 279 280 281 281 283 283 284 284 286 285 288 288 289 289 291 290 292
343 341 341 340 339 338 338 329 328 327 327 327 326 324 323 322 321 320 321 319 318 317 316 315 315 314 315 315 315 315 314 314 314 314 315 314 314 314 314 314 336 336 336 337 336 336 336 336 281 281 282 283 284 285 286 287 288 288 289 290 291 290 291 292 294 293 294 295 296 296 297 299 298 300 301 302 302 278 280 281 281 283 282 284 284 286 285 287 287 288 289 290 290 291
344 342 341 340 340 339 338 329 329 328 327 326 325 324 324 323 322 321 320 318 317 317 316 315 314 314 314 314 314 315 314 314 314 314 314 313 313 313 314 313 336 336 336 336 335 335 335 336 336 281 282 283 284 284 285 286 287 288 289 290 291 290 291 292 293 293 293 294 295 296 297 299 298 300 301 302 277 278 279 280 280 282 281 283 284 285 286 287 288 288 289 290 290 291
344 342 342 341 340 340 339 337 329 328 328 327 326 324 323 323 322 322 321 319 318 317 316 315 314 314 314 314 314 314 313 313 314 314 314 313 313 313 313 312 335 336 336 336 335 335 335 335 334 280 281 283 284 284 285 286 287 287 288 289 290 290 291 292 293 293 293 294 294 295 296 298 297 299 300 277 277 279 279 280 280 282 281 283 284 284 285 286 286 287 288 288 290 291
344 343 342 342 341 340 339 338 330 329 328 327 327 325 324 323 322 321 320 319 319 318 317 316 314 313 313 313 314 313 313 313 313 313 312 312 313 313 313 312 335 335 335 335 334 335 335 335 334 335 281 282 283 283 284 286 287 287 288 289 290 290 290 291 292 292 292 294 294 296 296 298 298 299 300 275 276 278 278 279 279 281 282 283 284 284 285 286 286 287 288 288 289 290
344 343 343 342 341 341 340 338 330 330 329 328 327 325 325 324 323 322 320 319 318 317 316 316 314 313 313 313 313 312 312 313 313 313 312 312 312 312 312 334 335 335 335 335 334 334 334 334 333 335 336 282 283 284 285 286 287 286 287 288 290 290 291 291 291 292 293 293 293 295 295 297 297 299 275 276 276 278 278 279 279 281 281 282 283 283 284 285 285 287 288 288 289 290
345 344 343 343 342 341 339 339 338 330 329 329 328 326 325 324 323 323 321 320 319 318 317 316 314 313 313 313 313 312 312 312 312 312 312 312 312 312 312 334 334 334 334 334 334 334 334 334 333 334 335 282 282 283 285 286 286 287 287 288 288 289 290 290 290 292 293 293 293 295 295 297 297 273 274 275 275 277 277 279 280 281 281 282 283 283 284 285 285 286 287 287 288 289
345 344 344 343 342 342 340 339 338 331 330 329 327 327 326 325 324 323 321 320 319 319 318 317 315 314 313 312 312 312 312 312 312 312 311 311 311 311 312 334 334 334 334 333 333 333 333 333 333 334 336 337 282 283 284 285 285 286 287 288 288 289 290 291 290 291 292 292 292 293 294 296 272 272 274 274 275 276 276 277 279 280 280 281 282 282 284 285 285 286 287 287 288 289
346 345 344 344 343 342 340 340 339 331 330 330 328 327 326 325 325 324 322 321 320 319 318 317 315 314 313 312 312 311 311 311 311 312 311 311 311 311 311 333 333 333 334 333 333 333 333 333 332 334 335 336 282 283 284 285 285 286 287 287 287 288 289 291 290 291 292 293 292 293 295 294 271 271 273 273 274 276 277 277 279 279 280 280 282 281 283 283 284 284 286 285 287 287
346 345 345 344 343 343 341 340 339 339 331 330 328 328 327 326 325 324 322 322 321 320 319 317 316 315 314 313 312 311 311 311 311 311 310 310 311 311 311 333 333 333 333 332 332 332 333 333 333 334 335 336 336 282 283 284 285 286 287 288 287 288 289 290 289 290 291 292 292 293 295 269 271 272 273 273 274 275 276 276 278 277 279 280 282 281 283 283 284 285 286 286 287 287
347 346 345 345 344 343 341 341 340 339 332 331 329 328 327 327 326 325 323 322 321 320 319 318 317 316 315 314 312 311 311 311 311 311 310 310 310 310 309 332 333 333 333 332 332 332 332 331 332 333 335 336 336 337 283 284 284 285 286 287 286 288 289 290 290 290 291 292 291 292 269 268 270 271 273 273 274 275 276 276 278 277 279 279 281 281 282 283 283 284 285 286 287 288
347 346 346 345 344 344 342 341 341 340 332 331 330 329 328 327 326 324 324 323 322 321 320 318 317 316 315 314 312 311 311 311 311 310 310 310 310 310 309 332 332 332 332 331 332 332 332 331 332 333 334 335 335 336 283 284 284 285 286 287 287 287 288 289 289 289 291 291 291 292 269 268 270 271 272 272 274 274 275 275 277 277 279 280 280 281 282 283 283 284 285 285 286 286
348 347 346 346 345 343 342 342 341 340 340 331 330 329 328 328 327 325 324 323 322 322 321 319 318 317 316 315 313 312 311 311 311 310 310 310 310 310 309 332 332 332 332 331 331 331 331 330 332 333 334 334 335 336 337 283 283 284 285 287 287 287 288 289 289 289 290 290 291 266 268 267 270 271 271 272 274 274 275 275 277 276 278 279 279 280 281 281 283 284 284 285 286 286
348 347 347 346 345 344 343 342 342 341 340 331 331 330 329 328 327 326 325 324 323 322 321 319 318 317 316 315 313 312 311 311 311 310 310 310 310 310 309 332 332 332 332 331 331 331 331 330 331 332 333 333 335 336 337 283 283 284 285 286 286 286 287 287 289 289 290 290 266 266 268 268 269 270 270 271 273 273 275 275 277 277 278 279 279 280 281 281 282 283 283 284 285 285
348 348 347 346 346 344 343 343 342 341 341 332 331 330 330 329 328 326 325 324 324 323 321 320 319 318 317 316 314 313 312 311 311 310 310 310 310 310 332 332 332 332 331 331 331 331 331 330 331 332 333 334 335 336 337 336 282 284 285 285 286 287 287 287 288 289 289 264 265 265 268 268 269 270 271 271 273 273 274 274 276 276 277 278 278 280 281 281 282 283 283 284 285 285
349 348 348 347 346 345 344 343 343 342 341 339 332 331 330 329 328 327 326 325 324 323 321 321 320 319 318 317 315 314 313 312 311 310 310 310 310 310 332 332 332 332 331 331 331 331 331 330 331 332 334 334 335 336 337 337 282 283 284 284 285 286 287 287 288 289 289 264 265 265 267 267 268 269 270 270 273 272 274 275 276 276 277 278 278 279 280 280 281 282 282 283 283 285
349 349 348 347 347 345 344 344 343 342 342 340 332 331 331 330 329 327 326 326 325 324 322 321 320 319 318 316 315 314 313 312 311 310 310 310 310 309 332 332 332 332 331 331 331 331 331 330 331 333 334 334 335 336 337 337 338 283 284 284 285 286 286 286 287 288 263 264 265 265 265 267 267 269 269 270 271 271 272 274 274 275 276 278 277 279 279 280 280 282 281 283 283 284
350 349 349 348 346 346 345 344 343 343 342 340 333 332 331 330 329 328 327 326 325 324 323 322 321 320 319 317 316 315 314 313 311 310 310 310 310 309 332 332 332 332 331 331 331 331 330 330 331 333 334 334 335 336 337 337 338 283 284 284 285 286 287 286 287 263 263 263 264 265 264 266 266 269 269 270 271 271 272 274 273 275 275 277 276 278 278 279 279 281 281 283 283 284
350 350 349 348 347 346 345 345 344 343 342 341 333 332 332 331 329 328 327 327 326 325 323 322 321 320 319 318 317 316 315 314 312 310 310 310 310 309 332 332 332 332 331 331 331 331 330 330 332 333 334 334 335 336 337 337 338 339 284 284 285 286 287 286 287 263 263 263 264 265 264 266 267 268 268 269 270 271 271 273 273 275 275 277 276 278 278 279 279 281 280 282 282 283
