testData/tiles/oneDegree/grid30.0-26.0-31.0-27.0.asc
ncols   200
nrows   200
xllcorner   30.0
yllcorner   26.0
cellsize   0.005
NODATA_value   -9999.0
[rows 0 to 16 of 200, columns 0 to 36 of 200]
4.370000000000000000e+02 4.360000000000000000e+02 4.350000000000000000e+02 4.350000000000000000e+02 4.350000000000000000e+02 4.350000000000000000e+02 4.350000000000000000e+02 4.350000000000000000e+02 2.930000000000000000e+02 2.930000000000000000e+02 2.930000000000000000e+02 2.930000000000000000e+02 2.920000000000000000e+02 2.920000000000000000e+02 2.920000000000000000e+02 2.920000000000000000e+02 2.920000000000000000e+02 2.920000000000000000e+02 2.920000000000000000e+02 2.920000000000000000e+02 2.910000000000000000e+02 2.910000000000000000e+02 2.910000000000000000e+02 2.910000000000000000e+02 2.910000000000000000e+02 2.910000000000000000e+02 2.910000000000000000e+02 2.900000000000000000e+02 2.900000000000000000e+02 2.900000000000000000e+02 2.900000000000000000e+02 2.900000000000000000e+02 2.900000000000000000e+02 2.900000000000000000e+02 2.890000000000000000e+02 2.890000000000000000e+02 2.890000000000000000e+02
4.360000000000000000e+02 4.350000000000000000e+02 4.350000000000000000e+02 4.350000000000000000e+02 4.340000000000000000e+02 4.340000000000000000e+02 4.340000000000000000e+02 4.340000000000000000e+02 4.340000000000000000e+02 2.920000000000000000e+02 2.920000000000000000e+02 2.920000000000000000e+02 2.920000000000000000e+02 2.910000000000000000e+02 2.910000000000000000e+02 2.910000000000000000e+02 2.910000000000000000e+02 2.910000000000000000e+02 2.910000000000000000e+02 2.910000000000000000e+02 2.910000000000000000e+02 2.900000000000000000e+02 2.900000000000000000e+02 2.900000000000000000e+02 2.900000000000000000e+02 2.900000000000000000e+02 2.900000000000000000e+02 2.900000000000000000e+02 2.890000000000000000e+02 2.890000000000000000e+02 2.890000000000000000e+02 2.890000000000000000e+02 2.890000000000000000e+02 2.890000000000000000e+02 2.890000000000000000e+02 2.880000000000000000e+02 2.880000000000000000e+02
4.350000000000000000e+02 4.340000000000000000e+02 4.340000000000000000e+02 4.340000000000000000e+02 4.340000000000000000e+02 4.330000000000000000e+02 4.330000000000000000e+02 4.330000000000000000e+02 4.330000000000000000e+02 4.330000000000000000e+02 2.910000000000000000e+02 2.910000000000000000e+02 2.910000000000000000e+02 2.910000000000000000e+02 2.900000000000000000e+02 2.900000000000000000e+02 2.900000000000000000e+02 2.900000000000000000e+02 2.900000000000000000e+02 2.900000000000000000e+02 2.900000000000000000e+02 2.900000000000000000e+02 2.890000000000000000e+02 2.890000000000000000e+02 2.890000000000000000e+02 2.890000000000000000e+02 2.890000000000000000e+02 2.890000000000000000e+02 2.890000000000000000e+02 2.880000000000000000e+02 2.880000000000000000e+02 2.880000000000000000e+02 2.880000000000000000e+02 2.880000000000000000e+02 2.880000000000000000e+02 2.870000000000000000e+02 2.870000000000000000e+02
4.330000000000000000e+02 4.330000000000000000e+02 4.330000000000000000e+02 4.330000000000000000e+02 4.330000000000000000e+02 4.330000000000000000e+02 4.320000000000000000e+02 4.320000000000000000e+02 4.320000000000000000e+02 4.320000000000000000e+02 4.320000000000000000e+02 2.900000000000000000e+02 2.900000000000000000e+02 2.900000000000000000e+02 2.900000000000000000e+02 2.890000000000000000e+02 2.890000000000000000e+02 2.890000000000000000e+02 2.890000000000000000e+02 2.890000000000000000e+02 2.890000000000000000e+02 2.890000000000000000e+02 2.880000000000000000e+02 2.880000000000000000e+02 2.880000000000000000e+02 2.880000000000000000e+02 2.880000000000000000e+02 2.880000000000000000e+02 2.880000000000000000e+02 2.870000000000000000e+02 2.870000000000000000e+02 2.870000000000000000e+02 2.870000000000000000e+02 2.870000000000000000e+02 2.870000000000000000e+02 2.870000000000000000e+02 2.860000000000000000e+02
4.320000000000000000e+02 4.320000000000000000e+02 4.320000000000000000e+02 4.320000000000000000e+02 4.320000000000000000e+02 4.320000000000000000e+02 4.320000000000000000e+02 4.310000000000000000e+02 4.310000000000000000e+02 4.310000000000000000e+02 4.310000000000000000e+02 4.310000000000000000e+02 2.890000000000000000e+02 2.890000000000000000e+02 2.890000000000000000e+02 2.890000000000000000e+02 2.880000000000000000e+02 2.880000000000000000e+02 2.880000000000000000e+02 2.880000000000000000e+02 2.880000000000000000e+02 2.880000000000000000e+02 2.880000000000000000e+02 2.870000000000000000e+02 2.870000000000000000e+02 2.870000000000000000e+02 2.870000000000000000e+02 2.870000000000000000e+02 2.870000000000000000e+02 2.870000000000000000e+02 2.860000000000000000e+02 2.860000000000000000e+02 2.860000000000000000e+02 2.860000000000000000e+02 2.860000000000000000e+02 2.860000000000000000e+02 2.850000000000000000e+02
4.310000000000000000e+02 4.310000000000000000e+02 4.310000000000000000e+02 4.310000000000000000e+02 4.310000000000000000e+02 4.310000000000000000e+02 4.310000000000000000e+02 4.310000000000000000e+02 4.300000000000000000e+02 4.300000000000000000e+02 4.300000000000000000e+02 4.300000000000000000e+02 4.300000000000000000e+02 2.880000000000000000e+02 2.880000000000000000e+02 2.880000000000000000e+02 2.870000000000000000e+02 2.870000000000000000e+02 2.870000000000000000e+02 2.870000000000000000e+02 2.870000000000000000e+02 2.870000000000000000e+02 2.870000000000000000e+02 2.860000000000000000e+02 2.860000000000000000e+02 2.860000000000000000e+02 2.860000000000000000e+02 2.860000000000000000e+02 2.860000000000000000e+02 2.860000000000000000e+02 2.850000000000000000e+02 2.850000000000000000e+02 2.850000000000000000e+02 2.850000000000000000e+02 2.850000000000000000e+02 2.850000000000000000e+02 2.840000000000000000e+02
4.300000000000000000e+02 4.300000000000000000e+02 4.300000000000000000e+02 4.300000000000000000e+02 4.300000000000000000e+02 4.300000000000000000e+02 4.300000000000000000e+02 4.300000000000000000e+02 4.300000000000000000e+02 4.290000000000000000e+02 4.290000000000000000e+02 4.290000000000000000e+02 4.290000000000000000e+02 4.290000000000000000e+02 2.870000000000000000e+02 2.870000000000000000e+02 2.860000000000000000e+02 2.860000000000000000e+02 2.860000000000000000e+02 2.860000000000000000e+02 2.860000000000000000e+02 2.860000000000000000e+02 2.860000000000000000e+02 2.860000000000000000e+02 2.850000000000000000e+02 2.850000000000000000e+02 2.850000000000000000e+02 2.850000000000000000e+02 2.850000000000000000e+02 2.850000000000000000e+02 2.840000000000000000e+02 2.840000000000000000e+02 2.840000000000000000e+02 2.840000000000000000e+02 2.840000000000000000e+02 2.840000000000000000e+02 2.830000000000000000e+02
4.290000000000000000e+02 4.290000000000000000e+02 4.290000000000000000e+02 4.290000000000000000e+02 4.290000000000000000e+02 4.290000000000000000e+02 4.290000000000000000e+02 4.290000000000000000e+02 4.290000000000000000e+02 4.280000000000000000e+02 4.280000000000000000e+02 4.280000000000000000e+02 4.280000000000000000e+02 4.280000000000000000e+02 4.280000000000000000e+02 2.860000000000000000e+02 2.860000000000000000e+02 2.850000000000000000e+02 2.850000000000000000e+02 2.850000000000000000e+02 2.850000000000000000e+02 2.850000000000000000e+02 2.850000000000000000e+02 2.850000000000000000e+02 2.840000000000000000e+02 2.840000000000000000e+02 2.840000000000000000e+02 2.840000000000000000e+02 2.840000000000000000e+02 2.840000000000000000e+02 2.830000000000000000e+02 2.830000000000000000e+02 2.830000000000000000e+02 2.830000000000000000e+02 2.830000000000000000e+02 2.830000000000000000e+02 2.820000000000000000e+02
4.290000000000000000e+02 4.280000000000000000e+02 4.280000000000000000e+02 4.280000000000000000e+02 4.280000000000000000e+02 4.280000000000000000e+02 4.280000000000000000e+02 4.280000000000000000e+02 4.280000000000000000e+02 4.270000000000000000e+02 4.270000000000000000e+02 4.270000000000000000e+02 4.270000000000000000e+02 4.270000000000000000e+02 4.270000000000000000e+02 2.850000000000000000e+02 2.850000000000000000e+02 2.840000000000000000e+02 2.840000000000000000e+02 2.840000000000000000e+02 2.840000000000000000e+02 2.840000000000000000e+02 2.840000000000000000e+02 2.840000000000000000e+02 2.830000000000000000e+02 2.830000000000000000e+02 2.830000000000000000e+02 2.830000000000000000e+02 2.830000000000000000e+02 2.830000000000000000e+02 2.820000000000000000e+02 2.820000000000000000e+02 2.820000000000000000e+02 2.820000000000000000e+02 2.820000000000000000e+02 2.820000000000000000e+02 2.810000000000000000e+02
4.280000000000000000e+02 4.270000000000000000e+02 4.270000000000000000e+02 4.270000000000000000e+02 4.270000000000000000e+02 4.270000000000000000e+02 4.270000000000000000e+02 4.270000000000000000e+02 4.270000000000000000e+02 4.260000000000000000e+02 4.260000000000000000e+02 4.260000000000000000e+02 4.260000000000000000e+02 4.260000000000000000e+02 4.260000000000000000e+02 4.260000000000000000e+02 2.840000000000000000e+02 2.830000000000000000e+02 2.830000000000000000e+02 2.830000000000000000e+02 2.830000000000000000e+02 2.830000000000000000e+02 2.830000000000000000e+02 2.820000000000000000e+02 2.820000000000000000e+02 2.820000000000000000e+02 2.820000000000000000e+02 2.820000000000000000e+02 2.820000000000000000e+02 2.820000000000000000e+02 2.810000000000000000e+02 2.810000000000000000e+02 2.810000000000000000e+02 2.810000000000000000e+02 2.810000000000000000e+02 2.800000000000000000e+02 2.800000000000000000e+02
4.270000000000000000e+02 4.260000000000000000e+02 4.260000000000000000e+02 4.260000000000000000e+02 4.260000000000000000e+02 4.260000000000000000e+02 4.260000000000000000e+02 4.260000000000000000e+02 4.260000000000000000e+02 4.250000000000000000e+02 4.250000000000000000e+02 4.250000000000000000e+02 4.250000000000000000e+02 4.250000000000000000e+02 4.250000000000000000e+02 4.250000000000000000e+02 4.240000000000000000e+02 2.820000000000000000e+02 2.820000000000000000e+02 2.820000000000000000e+02 2.820000000000000000e+02 2.820000000000000000e+02 2.820000000000000000e+02 2.810000000000000000e+02 2.810000000000000000e+02 2.810000000000000000e+02 2.810000000000000000e+02 2.810000000000000000e+02 2.810000000000000000e+02 2.800000000000000000e+02 2.800000000000000000e+02 2.800000000000000000e+02 2.800000000000000000e+02 2.800000000000000000e+02 2.800000000000000000e+02 2.790000000000000000e+02 2.790000000000000000e+02
4.250000000000000000e+02 4.250000000000000000e+02 4.250000000000000000e+02 4.250000000000000000e+02 4.250000000000000000e+02 4.250000000000000000e+02 4.250000000000000000e+02 4.250000000000000000e+02 4.250000000000000000e+02 4.240000000000000000e+02 4.240000000000000000e+02 4.240000000000000000e+02 4.240000000000000000e+02 4.240000000000000000e+02 4.240000000000000000e+02 4.240000000000000000e+02 4.230000000000000000e+02 4.230000000000000000e+02 2.810000000000000000e+02 2.810000000000000000e+02 2.810000000000000000e+02 2.810000000000000000e+02 2.800000000000000000e+02 2.800000000000000000e+02 2.800000000000000000e+02 2.800000000000000000e+02 2.800000000000000000e+02 2.800000000000000000e+02 2.790000000000000000e+02 2.790000000000000000e+02 2.790000000000000000e+02 2.790000000000000000e+02 2.790000000000000000e+02 2.790000000000000000e+02 2.780000000000000000e+02 2.780000000000000000e+02 2.780000000000000000e+02
4.240000000000000000e+02 4.240000000000000000e+02 4.240000000000000000e+02 4.240000000000000000e+02 4.240000000000000000e+02 4.240000000000000000e+02 4.240000000000000000e+02 4.240000000000000000e+02 4.230000000000000000e+02 4.230000000000000000e+02 4.230000000000000000e+02 4.230000000000000000e+02 4.230000000000000000e+02 4.230000000000000000e+02 4.230000000000000000e+02 4.220000000000000000e+02 4.220000000000000000e+02 4.220000000000000000e+02 4.220000000000000000e+02 2.800000000000000000e+02 2.800000000000000000e+02 2.800000000000000000e+02 2.790000000000000000e+02 2.790000000000000000e+02 2.790000000000000000e+02 2.790000000000000000e+02 2.790000000000000000e+02 2.790000000000000000e+02 2.780000000000000000e+02 2.780000000000000000e+02 2.780000000000000000e+02 2.780000000000000000e+02 2.780000000000000000e+02 2.770000000000000000e+02 2.770000000000000000e+02 2.770000000000000000e+02 2.770000000000000000e+02
4.230000000000000000e+02 4.230000000000000000e+02 4.230000000000000000e+02 4.230000000000000000e+02 4.230000000000000000e+02 4.230000000000000000e+02 4.230000000000000000e+02 4.220000000000000000e+02 4.220000000000000000e+02 4.220000000000000000e+02 4.220000000000000000e+02 4.220000000000000000e+02 4.220000000000000000e+02 4.220000000000000000e+02 4.210000000000000000e+02 4.210000000000000000e+02 4.210000000000000000e+02 4.210000000000000000e+02 4.210000000000000000e+02 4.210000000000000000e+02 2.790000000000000000e+02 2.780000000000000000e+02 2.780000000000000000e+02 2.780000000000000000e+02 2.780000000000000000e+02 2.780000000000000000e+02 2.780000000000000000e+02 2.770000000000000000e+02 2.770000000000000000e+02 2.770000000000000000e+02 2.770000000000000000e+02 2.770000000000000000e+02 2.760000000000000000e+02 2.760000000000000000e+02 2.760000000000000000e+02 2.760000000000000000e+02 2.760000000000000000e+02
4.220000000000000000e+02 4.220000000000000000e+02 4.220000000000000000e+02 4.220000000000000000e+02 4.220000000000000000e+02 4.220000000000000000e+02 4.210000000000000000e+02 4.210000000000000000e+02 4.210000000000000000e+02 4.210000000000000000e+02 4.210000000000000000e+02 4.210000000000000000e+02 4.210000000000000000e+02 4.200000000000000000e+02 4.200000000000000000e+02 4.200000000000000000e+02 4.200000000000000000e+02 4.200000000000000000e+02 4.200000000000000000e+02 4.200000000000000000e+02 2.770000000000000000e+02 2.770000000000000000e+02 2.770000000000000000e+02 2.770000000000000000e+02 2.770000000000000000e+02 2.770000000000000000e+02 2.760000000000000000e+02 2.760000000000000000e+02 2.760000000000000000e+02 2.760000000000000000e+02 2.760000000000000000e+02 2.750000000000000000e+02 2.750000000000000000e+02 2.750000000000000000e+02 2.750000000000000000e+02 2.750000000000000000e+02 2.740000000000000000e+02
4.210000000000000000e+02 4.210000000000000000e+02 4.210000000000000000e+02 4.210000000000000000e+02 4.210000000000000000e+02 4.200000000000000000e+02 4.200000000000000000e+02 4.200000000000000000e+02 4.200000000000000000e+02 4.200000000000000000e+02 4.200000000000000000e+02 4.200000000000000000e+02 4.190000000000000000e+02 4.190000000000000000e+02 4.190000000000000000e+02 4.190000000000000000e+02 4.190000000000000000e+02 4.190000000000000000e+02 4.190000000000000000e+02 4.180000000000000000e+02 4.180000000000000000e+02 2.760000000000000000e+02 2.760000000000000000e+02 2.760000000000000000e+02 2.750000000000000000e+02 2.750000000000000000e+02 2.750000000000000000e+02 2.750000000000000000e+02 2.750000000000000000e+02 2.750000000000000000e+02 2.740000000000000000e+02 2.740000000000000000e+02 2.740000000000000000e+02 2.740000000000000000e+02 2.740000000000000000e+02 2.740000000000000000e+02 2.740000000000000000e+02
4.200000000000000000e+02 4.200000000000000000e+02 4.200000000000000000e+02 4.200000000000000000e+02 4.190000000000000000e+02 4.190000000000000000e+02 4.190000000000000000e+02 4.190000000000000000e+02 4.190000000000000000e+02 4.190000000000000000e+02 4.190000000000000000e+02 4.180000000000000000e+02 4.180000000000000000e+02 4.180000000000000000e+02 4.180000000000000000e+02 4.180000000000000000e+02 4.180000000000000000e+02 4.170000000000000000e+02 4.170000000000000000e+02 4.170000000000000000e+02 4.170000000000000000e+02 4.170000000000000000e+02 2.750000000000000000e+02 2.740000000000000000e+02 2.740000000000000000e+02 2.740000000000000000e+02 2.740000000000000000e+02 2.740000000000000000e+02 2.740000000000000000e+02 2.740000000000000000e+02 2.740000000000000000e+02 2.740000000000000000e+02 2.740000000000000000e+02 2.740000000000000000e+02 2.740000000000000000e+02 2.740000000000000000e+02 2.740000000000000000e+02
