testData/tiles/oneDegree/grid42.0-43.0-43.0-44.0.asc
ncols   200
nrows   200
xllcorner   42.0
yllcorner   43.0
cellsize   0.005
NODATA_value   -9999.0
[rows 126 to 167 of 200, columns 94 to 187 of 200]
505 505 505 505 505 506 506 506 506 506 506 506 506 506 506 263 263 263 263 263 264 264 264 264 264 264 264 264 264 264 264 264 264 264 264 264 265 265 265 265 265 265 265 265 265 265 265 265 265 265 265 265 265 265 265 265 266 266 266 266 266 266 266 266 266 266 266 266 266 266 266 266 266 266 266 266 266 266 266 266 267 267 267 267 267 268 268 268 268 268 269 269 269 269
505 505 505 505 505 505 506 506 506 506 506 506 506 506 506 263 263 263 263 263 263 264 264 264 264 264 264 264 264 264 264 264 264 264 264 264 264 264 265 265 265 265 265 265 265 265 265 265 265 265 265 265 265 265 265 265 265 265 266 266 266 266 266 266 266 266 266 266 266 266 266 266 266 266 266 266 266 266 266 267 267 267 267 268 268 268 269 269 270 270 270 270 270 270
505 505 505 505 505 505 505 505 506 506 506 506 506 506 506 506 263 263 263 263 263 263 263 264 264 264 264 264 264 264 264 264 264 264 264 264 264 264 264 264 264 265 265 265 265 265 265 265 265 265 265 265 265 265 265 265 265 265 265 265 265 266 266 266 266 266 266 266 266 266 266 266 266 266 267 267 267 267 267 268 268 268 268 268 268 269 270 271 271 271 271 271 271 271
505 505 505 505 505 505 505 505 505 505 506 506 506 506 506 506 263 263 263 263 263 263 263 263 263 264 264 264 264 264 264 264 264 264 264 264 264 264 264 264 264 264 264 265 265 265 265 265 265 265 265 265 265 265 265 265 265 265 265 265 265 265 265 266 266 266 266 266 266 266 266 267 267 267 267 268 268 268 268 268 269 269 269 270 270 270 270 270 271 271 272 272 272 272
505 505 505 505 505 505 505 505 505 505 505 505 506 506 506 506 263 263 263 263 263 263 263 263 263 263 263 264 264 264 264 264 264 264 264 264 264 264 264 264 264 264 264 264 264 265 265 265 265 265 265 265 265 265 265 265 265 265 265 265 265 265 265 265 265 265 266 266 267 267 267 268 268 268 268 269 269 269 269 269 270 271 271 271 271 271 271 271 271 272 272 272 272 311
505 505 505 505 505 505 505 505 505 505 505 505 505 506 506 506 263 263 263 263 263 263 263 263 263 263 263 263 263 264 264 264 264 264 264 264 264 264 264 264 264 264 264 264 264 264 264 265 265 265 265 265 265 265 265 265 265 265 265 265 265 265 265 265 265 266 266 266 267 268 268 269 269 269 269 270 270 270 270 271 271 272 272 272 272 272 272 272 272 272 311 311 311 311
504 505 505 505 505 505 505 505 505 505 505 505 505 505 505 506 506 263 263 263 263 263 263 263 263 263 263 263 263 263 263 264 264 264 264 264 264 264 264 264 264 264 264 264 264 264 264 264 264 264 265 265 265 265 265 265 265 265 265 265 265 265 265 266 266 267 267 267 268 268 268 268 270 270 270 270 271 272 272 272 272 273 273 273 273 273 273 273 311 311 311 311 311 311
504 504 504 505 505 505 505 505 505 505 505 505 505 505 505 505 505 263 263 263 263 263 263 263 263 263 263 263 263 263 263 263 263 264 264 264 264 264 264 264 264 264 264 264 264 264 264 264 264 264 264 264 265 265 265 265 265 265 265 265 266 266 266 267 267 267 268 268 268 269 269 269 270 270 270 271 273 273 273 273 273 273 274 274 274 312 312 312 312 312 312 312 312 312
504 504 504 504 505 505 505 505 505 505 505 505 505 505 505 505 505 262 262 263 263 263 263 263 263 263 263 263 263 263 263 263 263 263 263 264 264 264 264 264 264 264 264 264 264 264 264 264 264 264 264 264 264 264 265 265 265 265 266 266 266 267 267 268 268 268 269 269 269 270 270 270 270 271 272 272 272 273 274 274 274 274 275 313 313 313 313 313 313 313 313 313 313 313
504 504 504 504 504 504 505 505 505 505 505 505 505 505 505 505 505 262 262 262 262 263 263 263 263 263 263 263 263 263 263 263 263 263 263 263 263 263 264 264 264 264 264 264 264 264 264 264 264 264 264 264 264 264 264 264 265 266 266 267 267 268 268 268 269 269 269 270 270 270 271 271 271 273 273 273 273 274 274 274 312 313 313 314 314 314 314 314 314 314 314 314 314 314
504 504 504 504 504 504 504 504 505 505 505 505 505 505 505 505 505 505 262 262 262 262 262 263 263 263 263 263 263 263 263 263 263 263 263 263 263 263 263 263 264 264 264 264 264 264 264 264 264 264 264 264 264 264 264 265 265 266 266 267 268 268 269 269 270 270 270 271 271 271 272 273 273 273 274 274 274 274 313 313 313 313 313 314 315 315 315 315 315 315 315 315 315 315
504 504 504 504 504 504 504 504 504 504 505 505 505 505 505 505 505 505 262 262 262 262 262 262 262 263 263 263 263 263 263 263 263 263 263 263 263 263 263 263 263 263 264 264 264 264 264 264 264 264 264 264 264 265 265 266 266 267 267 267 268 268 270 270 270 271 271 272 272 272 274 274 274 274 275 313 313 313 314 314 314 314 314 314 315 315 315 316 316 316 316 316 316 316
504 504 504 504 504 504 504 504 504 504 504 504 505 505 505 505 505 505 262 262 262 262 262 262 262 262 262 263 263 263 263 263 263 263 263 263 263 263 263 263 263 263 263 263 264 264 264 264 264 264 264 265 265 266 266 267 267 267 268 268 269 269 270 270 270 272 272 272 273 274 274 275 275 313 314 314 314 314 314 315 315 315 315 315 315 316 316 316 316 316 316 317 317 317
504 504 504 504 504 504 504 504 504 504 504 504 504 504 505 505 505 505 262 262 262 262 262 262 262 262 262 262 262 263 263 263 263 263 263 263 263 263 263 263 263 263 263 263 263 263 263 264 264 264 265 265 266 266 267 267 268 268 269 269 270 270 270 271 271 272 272 272 275 275 313 314 314 314 314 315 315 315 315 316 316 316 316 316 316 317 317 317 317 317 317 317 317 317
503 503 504 504 504 504 504 504 504 504 504 504 504 504 504 504 505 505 505 262 262 262 262 262 262 262 262 262 262 262 262 263 263 263 263 263 263 263 263 263 263 263 263 263 263 263 263 263 264 265 266 266 267 267 268 268 269 269 270 270 270 271 271 272 272 272 273 274 312 313 313 314 315 315 315 316 316 316 316 317 317 317 317 317 317 317 318 318 318 318 318 318 318 318
503 503 503 504 504 504 504 504 504 504 504 504 504 504 504 504 504 504 505 262 262 262 262 262 262 262 262 262 262 262 262 262 262 262 263 263 263 263 263 263 263 263 263 263 263 263 263 264 264 265 265 266 267 268 268 269 269 270 270 271 271 272 272 272 273 274 313 313 313 314 314 314 315 315 316 316 317 317 317 317 318 318 318 318 318 318 318 319 319 319 319 319 319 319
503 503 503 503 503 504 504 504 504 504 504 504 504 504 504 504 504 504 504 261 262 262 262 262 262 262 262 262 262 262 262 262 262 262 262 262 263 263 263 263 263 263 263 263 263 263 264 264 265 266 266 267 267 268 268 270 270 271 271 272 272 272 273 311 313 313 313 314 314 315 315 315 316 316 316 316 317 318 318 318 319 319 319 319 319 319 319 320 320 320 320 320 320 320
503 503 503 503 503 503 503 504 504 504 504 504 504 504 504 504 504 504 504 261 261 261 262 262 262 262 262 262 262 262 262 262 262 262 262 262 262 262 263 263 263 263 263 263 263 264 265 265 266 266 267 267 268 268 269 269 270 271 272 272 273 311 312 313 314 314 314 315 315 315 316 316 316 317 317 317 318 318 318 318 319 320 320 320 320 320 320 320 321 321 321 321 322 322
503 503 503 503 503 503 503 503 503 504 504 504 504 504 504 504 504 504 504 504 261 261 261 261 262 262 262 262 262 262 262 262 262 262 262 262 262 262 262 262 262 263 263 264 264 265 265 266 267 267 268 268 269 269 270 270 271 271 272 310 312 312 314 314 314 315 315 316 316 316 317 317 317 318 318 318 318 319 319 319 319 320 320 320 321 321 321 321 321 323 323 323 323 323
503 503 503 503 503 503 503 503 503 503 503 504 504 504 504 504 504 504 504 504 261 261 261 261 261 261 262 262 262 262 262 262 262 262 262 262 262 262 262 262 262 262 263 264 265 266 266 267 267 268 268 269 269 270 271 271 272 310 311 311 311 312 313 315 315 316 316 316 317 317 317 318 318 318 319 319 319 320 320 320 320 320 321 321 321 322 322 322 323 323 324 324 324 324
503 503 503 503 503 503 503 503 503 503 503 503 503 504 504 504 504 504 504 504 261 261 261 261 261 261 261 261 262 262 262 262 262 262 262 262 262 262 262 262 262 263 263 264 265 265 267 267 268 269 269 270 270 271 271 310 310 311 311 312 312 314 314 315 315 315 317 317 318 318 318 319 319 319 320 320 320 320 321 321 321 321 323 323 323 323 323 323 323 323 323 324 325 325
502 502 503 503 503 503 503 503 503 503 503 503 503 503 503 504 504 504 504 504 261 261 261 261 261 261 261 261 261 261 261 262 262 262 262 262 262 262 262 262 263 263 264 265 265 266 267 267 269 269 270 270 309 310 310 311 311 312 312 313 314 315 315 315 316 316 317 317 317 319 319 320 320 320 321 321 321 321 322 322 323 323 323 324 324 324 324 324 324 324 324 324 324 324
502 502 502 502 503 503 503 503 503 503 503 503 503 503 503 503 503 504 504 504 261 261 261 261 261 261 261 261 261 261 261 261 261 262 262 262 262 262 262 263 263 264 265 265 266 267 267 268 268 269 308 309 310 310 311 311 312 312 313 314 315 315 316 316 317 317 318 318 318 319 319 319 321 321 321 322 322 323 324 324 324 324 324 325 325 325 325 325 325 325 325 325 325 326
502 502 502 502 502 503 503 503 503 503 503 503 503 503 503 503 503 503 503 503 504 261 261 261 261 261 261 261 261 261 261 261 261 261 261 262 262 262 263 264 264 265 265 266 267 267 268 269 307 308 308 309 309 311 312 312 313 313 315 315 316 316 317 317 318 318 318 319 319 320 320 320 321 321 322 324 324 324 324 325 325 325 325 325 326 326 326 326 326 326 327 327 327 327
502 502 502 502 502 502 502 503 503 503 503 503 503 503 503 503 503 503 503 503 503 260 261 261 261 261 261 261 261 261 261 261 261 261 261 261 261 262 263 264 265 265 266 267 267 268 307 307 308 308 309 310 310 311 311 312 313 315 315 316 316 317 317 318 318 319 319 320 320 320 321 321 323 323 323 323 324 324 324 326 326 326 326 326 327 327 327 328 328 328 328 328 328 328
502 502 502 502 502 502 502 502 502 502 503 503 503 503 503 503 503 503 503 503 503 260 260 260 261 261 261 261 261 261 261 261 261 261 261 261 262 262 263 264 265 266 267 267 306 307 307 308 309 309 310 310 311 312 312 313 313 315 315 317 317 318 318 319 319 320 320 320 321 321 323 323 323 324 324 324 325 325 325 325 326 326 327 327 328 329 329 329 329 329 329 329 329 329
502 502 502 502 502 502 502 502 502 502 502 502 503 503 503 503 503 503 503 503 503 260 260 260 260 260 261 261 261 261 261 261 261 261 261 262 262 263 264 264 265 266 304 306 307 307 308 309 309 310 310 311 312 312 313 313 315 315 316 317 317 318 319 319 320 320 321 321 323 323 323 324 324 325 325 325 326 326 326 326 327 328 328 328 328 329 330 330 330 330 330 330 330 330
502 502 502 502 502 502 502 502 502 502 502 502 502 502 503 503 503 503 503 503 503 260 260 260 260 260 260 260 260 261 261 261 261 261 262 262 263 264 264 265 304 304 305 306 306 308 309 309 310 311 311 312 312 313 314 315 316 316 317 317 318 318 319 319 320 322 323 323 324 324 324 325 325 325 326 326 326 327 327 328 328 329 329 329 329 329 330 330 330 330 331 331 331 331
502 502 502 502 502 502 502 502 502 502 502 502 502 502 502 502 503 503 503 503 503 503 260 260 260 260 260 260 260 260 260 261 261 261 262 263 264 264 303 304 304 305 306 306 307 308 308 309 311 311 312 313 313 314 314 316 316 317 318 318 319 319 320 321 322 322 322 323 324 325 325 326 326 326 327 327 328 329 329 329 329 330 330 330 330 330 330 331 331 331 331 331 332 332
502 502 502 502 502 502 502 502 502 502 502 502 502 502 502 502 502 502 503 503 503 503 260 260 260 260 260 260 260 260 260 260 260 262 263 264 302 303 304 304 305 306 306 307 308 308 309 310 310 311 312 313 314 314 316 317 317 318 318 319 319 321 321 322 322 323 323 324 324 325 325 325 327 327 329 329 329 329 330 330 330 331 331 331 331 331 331 332 333 333 333 333 333 333
502 502 502 502 502 502 502 502 502 502 502 502 502 502 502 502 502 502 502 502 503 503 260 260 260 260 260 260 260 260 260 260 261 262 300 301 303 304 304 305 306 306 307 308 308 309 310 310 311 312 312 313 314 315 317 317 318 318 319 321 321 322 322 323 323 324 324 325 325 325 326 327 328 328 328 330 330 330 331 331 331 331 332 332 332 332 333 333 334 334 334 334 334 334
502 502 502 502 502 502 502 502 502 502 502 502 502 502 502 502 502 502 502 502 502 502 259 260 260 260 260 260 260 260 260 261 299 300 301 302 302 303 305 306 306 307 308 308 309 310 310 311 312 312 313 314 314 316 316 317 318 319 321 321 322 322 323 323 324 324 325 325 326 327 328 328 328 329 329 330 330 330 331 332 332 332 333 334 334 334 334 334 334 335 335 335 335 335
502 502 502 502 502 502 502 502 502 502 502 502 502 502 502 502 502 502 502 502 502 502 259 259 259 260 260 260 260 260 261 299 300 301 302 302 303 304 304 305 306 308 308 309 310 310 311 312 312 313 314 314 316 317 317 318 319 320 321 321 323 323 324 324 325 325 326 327 328 328 329 329 329 330 330 330 331 331 331 332 333 333 334 335 335 335 335 335 335 336 336 336 336 336
502 502 502 502 502 502 502 502 502 502 502 502 502 502 502 502 502 502 502 502 502 502 502 259 259 259 259 260 260 298 299 300 301 301 302 303 304 304 305 306 306 307 308 309 310 311 312 312 313 314 314 315 317 317 319 319 320 321 321 322 322 323 323 325 326 327 328 328 328 329 329 330 330 331 331 331 332 332 333 334 334 334 334 335 335 335 336 336 336 336 337 337 337 327
502 502 502 502 502 502 502 502 502 502 502 502 502 502 502 502 502 502 502 502 502 502 502 259 259 259 259 297 297 298 300 300 301 302 303 303 304 305 306 306 307 308 308 309 310 311 312 313 314 314 315 317 318 319 320 320 321 321 322 323 323 324 324 326 326 327 328 329 329 330 330 331 331 331 332 333 334 334 334 334 335 335 335 335 336 336 336 336 336 336 338 327 328 328
502 502 502 502 502 502 502 502 502 502 502 502 502 502 502 502 502 502 502 502 502 502 502 259 259 297 297 297 298 298 299 300 302 302 303 304 305 305 306 307 308 308 309 310 311 311 312 313 313 315 317 318 319 320 320 321 321 322 323 323 324 325 326 327 327 328 328 329 329 331 331 331 332 333 334 334 334 335 335 335 336 336 336 336 337 337 337 338 338 327 327 327 327 327
502 502 502 502 502 502 502 502 502 502 502 502 502 502 502 502 502 502 502 502 502 502 502 297 297 297 297 297 298 299 300 300 301 302 303 304 305 306 307 307 308 309 310 310 311 312 313 313 314 316 317 318 320 320 321 322 322 323 323 325 326 326 327 327 328 328 329 329 330 330 331 332 333 334 334 335 335 336 336 336 337 337 337 337 338 339 339 339 328 328 328 328 328 328
502 502 502 502 502 502 502 502 502 502 502 502 502 502 502 502 502 502 502 502 502 540 540 297 297 297 297 298 299 299 300 301 302 302 303 304 305 306 307 308 309 310 310 311 312 312 313 315 316 316 318 319 319 320 321 322 323 324 325 326 326 327 327 328 329 329 330 330 331 332 333 333 334 334 334 335 336 336 337 337 337 338 339 339 339 340 329 329 329 329 329 329 329 329
502 502 502 502 502 502 502 502 502 502 502 502 502 502 502 502 502 502 502 502 540 540 540 297 297 297 297 298 299 300 301 301 302 303 304 305 305 306 307 308 309 310 311 312 312 313 315 315 316 318 319 319 320 321 321 322 324 324 326 326 327 328 328 329 329 330 330 332 332 333 333 334 334 335 335 336 336 336 337 338 339 340 340 340 329 329 330 330 330 330 330 330 330 330
502 502 502 502 502 502 502 502 502 502 502 502 502 502 502 502 502 502 540 540 540 540 540 540 297 297 298 299 300 300 301 302 303 303 304 305 306 307 307 308 309 310 310 312 314 315 315 316 317 318 319 320 321 321 323 324 324 325 325 326 327 327 329 329 330 332 332 333 333 334 334 335 335 336 336 336 337 338 339 339 339 339 340 329 330 330 331 331 331 331 331 331 332 332
502 502 502 502 502 502 502 502 502 502 502 502 502 502 502 502 540 540 540 540 540 540 540 540 297 298 298 299 300 301 302 302 303 304 305 306 306 307 308 309 309 310 311 313 313 314 316 317 317 319 320 320 322 323 324 324 325 326 326 327 327 328 329 330 331 332 333 333 334 335 335 335 336 336 337 338 339 339 339 340 340 329 330 330 330 330 330 331 332 333 333 333 333 333
502 502 502 502 502 502 502 502 502 502 502 502 502 502 540 540 540 540 540 540 540 540 540 540 297 298 299 300 300 301 302 303 304 304 305 306 307 308 308 309 310 312 312 313 314 315 315 316 318 320 320 322 323 323 324 325 326 326 327 327 328 330 330 331 332 332 333 333 335 335 336 336 337 338 339 339 339 340 340 330 330 330 331 331 331 331 332 333 333 333 333 333 333 334
