testData/tiles/oneDegree/grid16.0-26.0-17.0-27.0.asc
ncols   200
nrows   200
xllcorner   16.0
yllcorner   26.0
cellsize   0.005
NODATA_value   -9999.0
[rows 132 to 175 of 200, columns 96 to 191 of 200]
315 315 315 315 314 314 315 315 314 314 314 314 314 313 313 313 313 313 313 312 312 312 312 312 311 311 311 311 311 310 310 309 310 310 309 309 308 308 308 308 307 307 306 306 306 306 305 305 304 304 304 303 303 302 302 301 302 301 300 300 299 298 298 298 298 297 296 295 295 153 153 153 152 151 150 150 149 148 148 147 146 146 145 144 143 142 141 141 140 139 138 137 136 135 134 132
316 316 315 316 316 316 315 315 316 315 315 315 314 315 315 314 314 313 314 314 313 313 313 313 313 312 312 312 312 312 311 311 310 310 311 310 310 309 309 308 309 308 308 307 307 306 307 306 306 305 305 304 305 304 303 303 302 302 302 301 301 300 300 299 298 299 298 297 297 155 154 154 153 153 152 152 151 150 149 148 148 148 147 146 145 144 143 142 141 140 140 139 138 137 136 135
317 317 317 316 317 317 317 316 316 317 316 316 316 315 316 316 315 315 314 315 315 314 314 314 314 314 313 313 313 312 313 312 312 311 311 312 311 311 310 310 309 310 309 309 308 308 307 308 307 307 306 306 305 305 305 305 304 303 303 302 303 302 301 301 300 299 299 299 298 157 156 155 155 154 153 153 153 152 151 150 150 149 148 148 147 146 145 144 144 143 142 141 140 140 139 138
319 318 318 318 317 318 318 318 317 317 318 317 317 317 316 317 317 316 316 315 316 316 315 315 315 314 315 314 314 314 313 314 313 313 313 312 312 312 312 311 311 310 310 310 310 309 309 308 308 308 308 307 307 306 306 305 306 305 304 304 303 303 303 302 302 301 301 300 299 299 158 157 156 156 155 154 154 154 153 152 152 151 150 149 148 147 148 147 146 145 144 143 142 141 140 139
320 320 319 319 319 318 319 319 319 318 318 319 318 318 318 317 317 318 317 317 316 316 317 316 316 316 315 316 315 315 315 314 314 314 314 314 313 313 312 313 312 312 311 311 310 311 310 310 309 309 308 309 308 308 307 307 306 307 306 305 305 304 304 303 303 303 302 302 301 300 159 158 158 158 157 156 155 155 154 153 153 153 152 151 150 149 149 148 147 147 146 145 144 143 142 141
321 321 321 320 320 320 319 319 320 320 319 319 319 319 319 319 318 318 319 318 318 317 317 318 317 317 317 316 316 316 316 316 315 315 315 315 314 314 314 313 314 313 313 312 312 311 312 311 311 310 310 309 309 309 309 308 308 307 307 307 306 306 305 305 304 304 303 303 303 302 301 160 159 158 159 158 157 157 156 155 154 154 153 153 152 151 151 150 149 148 147 146 146 145 144 143
322 322 322 322 321 321 321 320 320 321 320 320 320 320 320 320 320 319 319 319 319 319 318 318 318 318 318 318 317 317 317 317 317 316 316 315 316 315 315 315 314 314 314 314 313 313 312 312 312 312 311 311 310 310 309 310 309 309 308 308 307 306 307 306 306 305 305 304 303 304 303 161 161 160 159 159 158 158 158 157 156 155 155 154 153 153 152 152 151 150 149 148 147 146 146 146
324 323 323 323 323 322 322 322 321 321 322 321 321 321 320 320 321 320 320 320 319 320 320 319 319 319 319 319 318 318 318 317 318 318 317 317 316 316 316 316 316 315 315 314 315 314 314 313 313 312 313 312 312 311 311 310 310 310 310 309 309 308 307 307 307 307 306 306 305 304 304 304 162 162 161 160 160 159 158 159 158 157 156 156 155 154 153 153 153 152 151 150 149 149 148 147
325 325 324 324 324 323 323 323 323 322 322 322 322 322 322 321 321 322 321 321 321 320 321 321 320 320 320 319 320 319 319 319 318 319 318 318 318 317 317 317 317 316 316 316 315 316 315 315 314 314 313 313 313 313 312 312 311 311 310 311 310 310 309 308 308 307 308 307 307 306 305 305 163 163 163 162 161 161 160 159 159 158 158 157 157 156 155 154 154 153 152 152 151 151 150 149
326 326 326 325 325 325 324 324 324 324 323 323 323 323 323 323 322 322 323 322 322 322 321 321 322 321 321 320 320 321 320 320 320 319 319 319 319 319 318 318 317 318 317 317 317 316 316 316 316 315 315 314 314 313 314 313 313 312 312 311 311 311 311 310 309 309 308 308 308 307 307 306 306 164 163 163 163 162 162 161 160 160 159 158 157 158 157 156 155 155 154 153 152 151 152 151
327 327 327 326 326 326 326 325 325 325 324 324 324 324 324 324 324 323 323 323 323 323 323 322 322 322 322 322 321 321 321 321 321 320 320 320 319 320 319 319 319 318 318 318 318 317 317 317 316 317 316 316 315 315 314 314 314 314 313 313 312 312 311 311 311 310 310 309 309 308 308 308 307 166 165 164 164 163 163 163 162 161 161 160 159 158 158 158 157 156 156 155 154 153 152 152
328 328 328 328 327 327 327 327 326 326 326 325 325 325 324 324 325 324 324 324 323 324 324 323 323 323 322 323 323 322 322 322 322 322 321 321 321 320 321 320 320 319 319 319 318 319 318 318 317 317 316 317 317 316 316 315 315 314 315 314 313 313 312 312 311 312 311 311 310 310 309 308 308 167 167 166 165 165 164 163 163 163 162 162 161 160 159 159 158 157 157 157 156 155 154 153
330 329 329 329 329 328 328 328 327 327 327 327 326 326 326 325 325 326 325 325 325 324 324 325 324 324 324 323 324 324 323 323 322 322 323 322 322 321 321 321 321 321 320 320 320 319 320 319 319 318 318 317 317 317 317 316 316 315 315 314 315 314 314 313 313 312 312 312 312 311 310 310 309 309 167 167 167 166 166 165 164 164 163 162 163 162 161 160 160 159 158 157 157 156 156 155
334 330 330 330 330 329 329 329 329 328 328 328 327 327 327 326 326 326 326 326 326 326 325 325 326 325 325 324 324 324 324 324 324 323 323 322 323 323 322 322 321 321 322 321 321 320 320 319 320 320 319 319 318 318 317 318 317 317 316 316 315 315 315 315 314 314 313 313 312 311 312 311 311 310 169 168 167 167 167 166 166 165 164 164 163 162 162 162 161 161 160 159 158 158 157 156
335 335 334 331 331 331 330 330 330 329 329 329 329 328 328 328 327 327 327 326 327 327 326 326 326 325 326 326 325 325 325 325 325 324 324 324 323 324 324 323 323 322 322 322 322 322 321 321 320 320 320 320 320 319 319 318 318 318 318 317 317 316 316 315 316 315 315 314 313 313 312 312 312 312 311 169 169 168 168 167 167 167 166 165 165 164 163 163 162 161 162 161 160 159 159 158
336 336 335 335 335 335 331 331 331 331 330 330 330 329 329 329 328 328 328 328 327 327 328 327 327 327 326 327 327 326 326 325 325 326 325 325 325 324 324 324 324 324 323 323 322 323 322 322 322 321 321 320 321 320 320 319 319 318 318 319 318 318 317 316 316 315 316 315 315 314 314 313 313 312 312 171 170 170 169 168 168 167 167 167 166 166 165 164 164 163 162 161 161 161 160 159
337 337 337 336 336 336 336 335 332 332 331 331 331 331 330 330 330 329 329 329 328 328 328 328 328 328 327 327 327 327 327 327 326 326 326 326 326 325 325 325 324 325 324 324 324 323 323 323 323 322 322 322 321 321 321 321 320 320 319 319 318 319 318 318 317 317 316 316 315 316 315 315 314 313 313 171 171 171 171 170 169 169 168 167 167 166 166 166 165 164 164 163 162 162 161 160
338 338 338 337 337 337 337 336 336 333 333 332 332 332 331 331 331 330 330 330 330 329 329 329 328 329 329 328 328 328 328 328 327 327 327 326 327 327 326 326 325 325 325 325 325 324 324 324 323 324 323 323 322 322 321 321 322 321 321 320 320 319 319 319 319 318 318 317 317 316 316 316 315 315 314 314 172 172 171 170 171 170 170 169 168 168 167 166 166 166 165 165 164 163 162 162
339 339 339 339 338 338 338 337 337 337 337 333 333 333 332 332 332 332 331 331 331 330 330 330 329 329 330 329 329 329 328 328 329 328 328 328 327 327 327 327 327 326 326 325 325 326 325 325 324 324 324 324 324 323 323 322 322 321 322 321 321 320 320 319 319 318 319 318 318 317 317 316 316 315 316 315 174 173 172 172 171 171 171 170 170 169 168 168 167 166 166 165 165 165 164 163
340 340 340 340 339 339 339 339 338 338 338 337 337 334 334 333 333 333 332 332 332 331 331 331 330 330 330 329 330 330 329 329 329 328 329 329 328 328 328 327 328 327 327 327 326 326 326 326 326 325 325 324 324 324 324 324 323 323 322 322 322 322 321 321 320 320 319 319 319 319 318 318 317 317 316 315 316 174 174 173 173 172 171 171 170 171 170 169 169 168 167 167 166 165 165 164
341 341 341 341 340 340 340 340 339 339 339 339 338 338 335 334 334 334 333 333 333 333 332 332 332 331 331 331 330 330 331 330 330 330 329 329 329 329 329 328 328 328 328 328 327 327 327 326 327 326 326 326 325 325 324 325 324 324 323 323 322 322 323 322 322 321 321 320 320 319 319 319 318 318 317 317 316 175 174 175 174 173 173 172 172 171 170 170 170 169 169 168 167 167 166 165
342 342 342 342 341 341 341 341 340 340 340 340 339 339 339 338 335 335 335 334 334 334 333 333 333 332 332 332 331 331 331 331 331 331 330 330 330 330 330 329 329 329 328 328 329 328 328 327 327 327 327 327 326 326 325 325 325 325 325 324 324 323 323 322 322 322 322 321 321 320 320 319 319 319 319 318 318 176 175 175 174 174 174 174 173 172 172 171 170 170 169 169 169 168 168 167
343 343 343 343 342 342 342 342 341 341 341 341 340 340 340 340 339 336 336 335 335 335 334 334 334 333 333 333 332 332 332 331 331 332 331 331 331 330 330 331 330 330 329 329 329 328 329 329 328 328 327 327 327 327 327 326 326 325 325 325 325 324 324 324 323 323 322 323 322 322 321 321 320 319 319 319 319 318 177 176 176 175 175 174 173 174 173 173 172 171 171 170 169 169 168 168
345 344 344 344 344 343 343 343 342 342 342 342 341 341 341 341 340 340 340 336 336 336 335 335 335 335 334 334 334 333 333 333 332 332 332 332 332 331 331 331 330 331 331 330 330 329 329 330 329 329 328 328 328 327 328 327 327 326 326 326 325 325 325 325 324 324 323 323 322 322 322 322 321 321 320 320 319 319 178 178 177 176 176 175 175 174 173 173 173 173 172 171 171 170 169 169
346 345 345 345 345 344 344 344 344 343 343 343 342 342 342 342 341 341 341 340 337 337 337 336 336 336 335 335 335 334 334 334 333 333 333 332 333 333 332 332 331 331 331 331 331 331 330 330 329 330 330 329 329 328 328 328 328 328 327 327 326 326 325 325 325 325 325 324 324 323 323 322 323 322 322 321 320 320 319 178 177 178 177 177 176 175 175 174 174 173 172 173 172 172 171 170
347 346 346 346 346 345 345 345 345 344 344 344 343 343 343 343 342 342 342 341 341 338 338 337 337 337 336 336 336 335 335 335 334 334 334 333 333 333 333 333 333 332 332 331 331 332 331 331 331 330 330 330 330 330 329 329 328 328 327 328 327 327 327 326 326 325 326 325 325 324 324 323 323 322 322 322 322 321 321 179 179 178 177 177 177 177 176 176 175 174 174 173 173 172 172 172
348 347 347 347 347 346 346 346 346 345 345 345 344 344 344 344 343 343 343 343 342 342 339 338 338 338 337 337 337 336 336 336 335 335 335 334 334 334 333 333 334 333 333 333 332 332 331 332 332 331 331 330 330 330 330 330 329 329 329 328 328 328 328 327 327 326 326 325 325 325 325 324 324 323 323 322 322 322 322 180 180 179 179 178 178 177 176 177 176 176 175 174 174 173 173 172
349 348 348 348 348 347 347 347 347 346 346 346 345 345 345 345 344 344 344 344 343 343 343 339 339 339 338 338 338 337 337 337 337 336 336 335 335 335 334 334 334 333 334 334 333 333 333 332 332 332 332 332 331 331 330 330 331 330 330 329 329 328 328 328 328 328 327 327 326 326 325 326 325 325 324 324 323 323 322 322 181 181 180 179 179 178 178 177 177 176 176 176 175 175 174 173
349 349 349 349 349 348 348 348 348 347 347 347 346 346 346 346 345 345 345 345 344 344 344 343 340 340 339 339 339 339 338 338 338 337 337 337 336 336 336 335 335 334 334 334 334 334 334 333 333 332 332 333 332 332 331 331 331 330 331 330 330 329 329 329 328 328 328 328 327 327 326 326 325 325 325 325 324 324 323 323 181 181 180 181 180 180 179 178 178 177 177 176 175 175 175 175
350 350 350 350 350 349 349 349 349 348 348 348 347 347 347 347 346 346 346 346 345 345 345 344 344 341 340 340 340 340 339 339 339 338 338 338 337 337 337 336 336 335 335 335 334 334 335 334 334 334 333 333 332 333 333 332 332 331 331 330 331 331 330 330 329 329 328 328 328 328 327 327 327 326 326 325 325 325 325 324 182 182 181 181 180 180 180 180 179 179 178 177 177 176 176 175
351 351 351 351 350 350 350 350 349 349 349 349 348 348 348 348 347 347 347 347 346 346 346 345 345 345 341 341 341 341 340 340 340 339 339 339 338 338 338 337 337 337 336 336 335 335 335 334 335 335 334 334 333 333 333 333 333 332 332 332 331 331 331 331 330 330 329 329 329 328 328 328 328 327 327 326 326 325 325 324 325 183 183 182 182 181 180 180 179 179 179 179 178 177 177 176
352 352 352 352 351 351 351 351 350 350 350 350 349 349 349 349 348 348 348 348 347 347 347 346 346 346 345 342 342 342 341 341 341 340 340 340 339 339 339 338 338 338 337 337 336 336 336 335 335 335 335 335 334 334 334 333 333 333 333 333 332 332 331 331 330 331 331 330 330 329 329 328 328 328 328 327 327 326 326 325 325 183 184 183 183 182 182 181 181 180 179 179 178 179 178 177
353 353 353 353 352 352 352 352 351 351 351 351 350 350 350 350 349 349 349 348 348 348 348 347 347 347 346 346 343 343 342 342 342 341 341 341 340 340 340 339 339 339 338 338 338 337 337 336 336 336 335 335 336 335 335 334 334 334 333 334 333 333 332 332 332 331 331 331 331 330 330 329 329 328 328 328 328 328 327 327 326 185 184 183 183 182 183 182 182 181 181 180 180 179 178 178
354 354 354 354 353 353 353 353 352 352 352 352 351 351 351 351 350 350 350 349 349 349 349 348 348 348 347 347 344 344 343 343 343 342 342 342 341 341 341 340 340 340 339 339 339 338 338 337 337 337 336 336 336 335 336 335 335 335 334 334 333 333 334 333 333 332 332 331 331 330 331 331 330 330 329 329 328 328 327 328 327 327 185 185 184 184 183 182 182 182 182 181 181 180 180 179
355 355 355 354 354 354 354 354 353 353 353 353 352 352 352 351 351 351 351 350 350 350 350 349 349 349 348 348 348 344 344 344 344 343 343 343 342 342 342 341 341 341 340 340 340 339 339 338 338 338 337 337 337 336 336 335 336 336 335 335 334 334 334 333 334 333 333 332 332 332 331 331 331 331 330 330 329 329 328 328 327 327 186 186 185 185 184 184 183 183 182 181 182 181 181 180
356 356 356 355 355 355 355 354 354 354 354 353 353 353 353 352 352 352 352 351 351 351 351 350 350 350 349 349 349 348 345 345 345 344 344 344 343 343 343 342 342 342 341 341 341 340 340 339 339 339 338 338 338 337 337 336 336 336 336 336 335 335 335 334 334 333 334 333 333 333 332 332 331 331 330 331 330 330 329 329 328 328 186 186 185 186 185 185 184 184 183 183 182 182 181 180
357 357 357 356 356 356 356 355 355 355 355 354 354 354 354 353 353 353 353 352 352 352 351 351 351 351 350 350 350 349 346 346 345 345 345 345 344 344 344 343 343 343 342 342 342 341 341 340 340 340 339 339 339 338 338 337 337 337 336 336 335 336 336 335 335 334 334 334 333 334 333 333 332 332 331 331 330 330 330 330 330 329 329 187 187 186 185 185 185 185 184 184 183 183 182 182
358 358 357 357 357 357 356 356 356 356 356 355 355 355 355 354 354 354 353 353 353 353 352 352 352 352 351 351 351 350 350 347 346 346 346 345 345 345 345 344 344 344 343 343 343 342 342 341 341 341 340 340 340 339 339 338 338 338 337 337 337 336 336 336 336 335 335 335 334 334 333 333 333 333 332 332 332 331 331 330 330 330 330 188 188 187 187 186 186 185 184 184 184 184 183 183
359 359 358 358 358 358 357 357 357 357 356 356 356 356 355 355 355 355 354 354 354 354 353 353 353 352 352 352 352 351 351 348 347 347 347 346 346 346 345 345 345 344 344 344 343 343 343 342 342 342 341 341 341 340 340 339 339 339 338 338 338 337 337 336 336 335 336 336 335 335 334 334 333 333 334 333 333 332 332 331 331 330 330 188 189 188 188 187 187 186 186 185 185 184 183 184
360 359 359 359 359 359 358 358 358 358 357 357 357 357 356 356 356 356 355 355 355 354 354 354 354 353 353 353 353 352 352 352 348 348 348 347 347 347 346 346 346 345 345 345 344 344 344 343 343 343 342 342 342 341 341 340 340 340 339 339 339 338 338 337 337 336 336 336 336 336 335 335 334 334 334 333 333 333 333 332 332 331 331 330 189 188 188 187 188 187 187 186 186 185 185 184
360 360 360 360 360 359 359 359 359 358 358 358 358 357 357 357 357 356 356 356 356 355 355 355 355 354 354 354 353 353 353 353 349 349 349 348 348 348 347 347 347 346 346 346 345 345 345 344 344 344 343 343 343 342 342 341 341 341 340 340 339 339 339 338 338 337 337 337 336 336 335 336 335 335 335 334 334 333 333 332 333 332 332 331 190 189 189 188 188 187 187 187 187 186 186 185
361 361 361 361 360 360 360 360 360 359 359 359 359 358 358 358 358 357 357 357 357 356 356 356 355 355 355 355 354 354 354 353 350 350 350 349 349 349 348 348 348 347 347 347 346 346 346 345 345 345 344 344 344 343 343 342 342 342 341 341 340 340 340 339 339 338 338 338 337 337 336 336 335 335 336 335 335 334 334 333 333 332 332 331 191 190 190 189 189 188 188 187 187 186 186 186
362 362 362 362 361 361 361 361 360 360 360 360 359 359 359 359 358 358 358 358 357 357 357 357 356 356 356 356 355 355 355 354 354 351 350 350 350 350 349 349 349 348 348 348 347 347 347 346 346 346 345 345 344 344 344 343 343 343 342 342 341 341 341 340 340 339 339 339 338 338 337 337 337 336 336 335 335 335 335 334 334 333 333 332 332 190 190 191 190 189 189 188 188 187 187 186
363 363 363 362 362 362 362 362 361 361 361 361 360 360 360 360 359 359 359 359 358 358 358 358 357 357 357 356 356 356 356 355 355 352 351 351 351 350 350 350 349 349 349 348 348 348 347 347 347 346 346 346 345 345 345 344 344 344 343 343 342 342 342 341 341 340 340 340 339 339 338 338 337 337 337 336 336 335 335 334 335 334 334 334 333 192 191 191 190 190 190 190 189 188 188 187
