testData/tiles/oneDegree/grid11.0-44.0-12.0-45.0.asc
ncols   200
nrows   200
xllcorner   11.0
yllcorner   44.0
cellsize   0.005
NODATA_value   -9999.0
[rows 0 to 54 of 200, columns 0 to 95 of 200]
178 178 177 177 177 177 177 177 177 176 176 176 176 176 176 175 175 175 175 175 174 174 174 174 174 173 173 173 173 172 172 172 172 171 171 171 171 170 170 170 169 169 169 168 168 168 168 167 167 167 166 166 165 165 165 164 164 164 163 163 162 162 162 161 161 160 160 159 159 158 158 157 157 157 156 156 155 154 154 153 153 152 152 151 151 150 149 149 148 147 147 146 146 145 144 143
177 177 176 176 176 176 176 176 176 175 175 175 175 175 175 174 174 174 174 174 173 173 173 173 172 172 172 172 172 171 171 171 171 170 170 170 169 169 169 169 168 168 168 167 167 167 166 166 166 165 165 165 164 164 164 163 163 162 162 162 161 161 160 160 159 159 159 158 158 157 157 156 156 155 155 154 154 153 153 152 151 151 150 150 149 149 148 147 147 146 145 145 144 143 143 142
176 176 175 175 175 175 175 175 174 174 174 174 174 174 173 173 173 173 173 172 172 172 172 172 171 171 171 171 170 170 170 170 169 169 169 169 168 168 168 167 167 167 166 166 166 166 165 165 165 164 164 163 163 163 162 162 162 161 161 160 160 159 159 159 158 158 157 157 156 156 155 155 154 154 153 153 152 152 151 151 150 150 149 148 148 147 146 146 145 145 144 143 142 142 141 140
175 174 174 174 174 174 174 174 173 173 173 173 173 173 172 172 172 172 172 171 171 171 171 170 170 170 170 170 169 169 169 169 168 168 168 167 167 167 167 166 166 166 165 165 165 164 164 164 163 163 163 162 162 161 161 161 160 160 159 159 159 158 158 157 157 156 156 155 155 155 154 154 153 153 152 151 151 150 150 149 149 148 147 147 146 146 145 144 144 143 142 142 141 140 139 139
173 173 173 173 173 173 173 172 172 172 172 172 172 171 171 171 171 171 170 170 170 170 170 169 169 169 169 168 168 168 168 167 167 167 167 166 166 166 165 165 165 164 164 164 163 163 163 162 162 162 161 161 161 160 160 159 159 159 158 158 157 157 156 156 156 155 155 154 154 153 153 152 152 151 151 150 149 149 148 148 147 147 146 145 145 144 143 143 142 141 141 140 139 138 138 137
172 172 172 172 172 172 171 171 171 171 171 171 170 170 170 170 170 169 169 169 169 169 168 168 168 168 167 167 167 167 166 166 166 166 165 165 165 164 164 164 164 163 163 163 162 162 162 161 161 160 160 160 159 159 159 158 158 157 157 156 156 156 155 155 154 154 153 153 152 152 151 151 150 150 149 149 148 147 147 146 146 145 144 144 143 142 142 141 140 140 139 138 138 137 136 135
171 171 171 171 171 170 170 170 170 170 170 169 169 169 169 169 169 168 168 168 168 167 167 167 167 166 166 166 166 165 165 165 165 164 164 164 164 163 163 163 162 162 162 161 161 161 160 160 160 159 159 158 158 158 157 157 156 156 156 155 155 154 154 153 153 152 152 151 151 150 150 149 149 148 148 147 146 146 145 145 144 143 143 142 142 141 140 139 139 138 137 137 136 135 134 133
170 170 170 170 169 169 169 169 169 169 168 168 168 168 168 168 167 167 167 167 166 166 166 166 166 165 165 165 165 164 164 164 163 163 163 163 162 162 162 161 161 161 160 160 160 159 159 159 158 158 157 157 157 156 156 155 155 155 154 154 153 153 152 152 151 151 150 150 149 149 148 148 147 147 146 146 145 144 144 143 142 142 141 141 140 139 138 138 137 136 135 135 134 133 132 131
169 169 169 168 168 168 168 168 168 167 167 167 167 167 166 166 166 166 166 165 165 165 165 165 164 164 164 164 163 163 163 162 162 162 162 161 161 161 160 160 160 159 159 159 158 158 158 157 157 156 156 156 155 155 154 154 154 153 153 152 152 151 151 150 150 149 149 148 148 147 147 146 146 145 145 144 143 143 142 141 141 140 139 139 138 137 137 136 135 134 134 133 132 131 130 129
168 168 167 167 167 167 167 167 166 166 166 166 166 165 165 165 165 165 164 164 164 164 163 163 163 163 162 162 162 162 161 161 161 161 160 160 160 159 159 159 158 158 158 157 157 157 156 156 155 155 155 154 154 153 153 153 152 152 151 151 150 150 149 149 148 148 147 147 146 146 145 145 144 143 143 142 142 141 140 140 139 138 138 137 136 136 135 134 133 133 132 131 130 129 128 127
166 166 166 166 166 166 165 165 165 165 165 165 164 164 164 164 164 163 163 163 163 162 162 162 162 161 161 161 161 160 160 160 160 159 159 159 158 158 158 157 157 157 156 156 156 155 155 154 154 154 153 153 152 152 152 151 151 150 150 149 149 148 148 147 147 146 146 145 145 144 144 143 142 142 141 141 140 139 139 138 137 137 136 135 134 134 133 132 131 131 130 129 128 127 126 125
165 165 165 165 165 164 164 164 164 164 163 163 163 163 163 162 162 162 162 162 161 161 161 161 160 160 160 160 159 159 159 158 158 158 158 157 157 157 156 156 156 155 155 154 154 154 153 153 153 152 152 151 151 150 150 150 149 149 148 148 147 147 146 146 145 145 144 144 143 142 142 141 141 140 139 139 138 138 137 136 135 135 134 133 133 132 131 130 129 128 128 127 126 125 124 123
164 164 164 163 163 163 163 163 163 162 162 162 162 162 161 161 161 161 160 160 160 160 160 159 159 159 158 158 158 158 157 157 157 156 156 156 155 155 155 154 154 154 153 153 153 152 152 151 151 151 150 150 149 149 149 148 148 147 147 146 146 145 145 144 144 143 142 142 141 141 140 140 139 138 138 137 136 136 135 134 134 133 132 131 131 130 129 128 127 126 125 124 124 123 122 129
163 162 162 162 162 162 162 161 161 161 161 161 160 160 160 160 160 159 159 159 159 158 158 158 158 157 157 157 157 156 156 156 155 155 155 154 154 154 153 153 153 152 152 152 151 151 150 150 150 149 149 148 148 147 147 146 146 146 145 145 144 143 143 142 142 141 141 140 140 139 138 138 137 136 136 135 134 134 133 132 132 131 130 129 128 128 127 126 125 124 123 122 121 120 119 126
161 161 161 161 161 160 160 160 160 160 159 159 159 159 159 158 158 158 158 157 157 157 157 156 156 156 156 155 155 155 154 154 154 154 153 153 153 152 152 151 151 151 150 150 150 149 149 148 148 148 147 147 146 146 145 145 144 144 143 143 142 142 141 141 140 140 139 138 138 137 137 136 135 135 134 133 132 132 131 130 130 129 128 127 126 125 124 124 123 122 121 120 119 118 116 123
160 160 160 159 159 159 159 159 158 158 158 158 158 157 157 157 157 157 156 156 156 156 155 155 155 154 154 154 154 153 153 153 152 152 152 151 151 151 150 150 150 149 149 148 148 148 147 147 146 146 145 145 145 144 144 143 143 142 142 141 141 140 139 139 138 138 137 137 136 135 135 134 133 133 132 131 130 130 129 128 127 127 126 125 124 123 122 121 120 119 118 117 116 115 122 121
158 158 158 158 158 158 157 157 157 157 157 156 156 156 156 156 155 155 155 155 154 154 154 154 153 153 153 152 152 152 151 151 151 150 150 150 149 149 149 148 148 148 147 147 146 146 146 145 145 144 144 143 143 142 142 141 141 140 140 139 139 138 138 137 136 136 135 135 134 133 133 132 131 131 130 129 128 128 127 126 125 124 123 122 122 121 120 119 118 116 115 114 113 113 121 121
157 157 157 156 156 156 156 156 156 155 155 155 155 155 154 154 154 154 153 153 153 153 152 152 152 151 151 151 151 150 150 150 149 149 149 148 148 147 147 147 146 146 146 145 145 144 144 143 143 143 142 142 141 141 140 140 139 139 138 137 137 136 136 135 134 134 133 133 132 131 131 130 129 128 128 127 126 125 124 124 123 122 121 120 119 118 117 116 115 114 113 113 113 121 121 121
155 155 155 155 155 155 154 154 154 154 154 153 153 153 153 153 152 152 152 152 151 151 151 150 150 150 150 149 149 149 148 148 148 147 147 147 146 146 145 145 145 144 144 143 143 143 142 142 141 141 140 140 139 139 138 138 137 137 136 135 135 134 134 133 132 132 131 130 130 129 128 128 127 126 125 125 124 123 122 121 120 119 118 117 116 115 114 113 113 113 113 113 113 121 121 121
154 154 154 153 153 153 153 153 153 152 152 152 152 151 151 151 151 150 150 150 150 149 149 149 149 148 148 148 147 147 147 146 146 146 145 145 144 144 144 143 143 142 142 142 141 141 140 140 139 139 138 138 137 137 136 136 135 135 134 133 133 132 132 131 130 130 129 128 128 127 126 125 125 124 123 122 121 120 119 118 117 116 115 114 113 113 113 113 113 113 113 113 113 121 121 121
152 152 152 152 152 152 151 151 151 151 151 150 150 150 150 149 149 149 149 148 148 148 147 147 147 147 146 146 146 145 145 145 144 144 143 143 143 142 142 142 141 141 140 140 139 139 138 138 137 137 136 136 135 135 134 134 133 133 132 131 131 130 129 129 128 127 127 126 125 124 124 123 122 121 120 119 119 118 117 116 115 114 113 113 113 113 113 113 113 113 113 113 121 121 121 121
151 151 150 150 150 150 150 150 149 149 149 149 148 148 148 148 147 147 147 147 146 146 146 145 145 145 144 144 144 143 143 143 142 142 142 141 141 140 140 140 139 139 138 138 137 137 136 136 135 135 134 134 133 133 132 132 131 130 130 129 129 128 127 127 126 125 124 124 123 122 121 120 119 119 118 117 116 115 114 113 113 113 113 113 113 113 113 113 113 113 113 113 121 121 121 121
149 149 149 149 148 148 148 148 148 147 147 147 147 146 146 146 146 145 145 145 145 144 144 144 143 143 143 142 142 142 141 141 141 140 140 139 139 139 138 138 137 137 136 136 135 135 134 134 133 133 132 132 131 131 130 129 129 128 128 127 126 126 125 124 123 123 122 121 120 119 118 118 117 116 115 114 113 113 113 113 113 113 113 113 113 113 113 113 113 113 113 113 121 121 81 81
148 147 147 147 147 147 146 146 146 146 145 145 145 145 144 144 144 144 143 143 143 142 142 142 142 141 141 141 140 140 139 139 139 138 138 137 137 137 136 136 135 135 134 134 133 133 132 132 131 131 130 130 129 128 128 127 127 126 125 124 124 123 122 122 121 120 119 118 117 117 116 115 114 113 113 113 113 113 113 113 113 113 113 113 113 113 113 113 113 113 113 81 81 81 81 81
146 146 145 145 145 145 145 144 144 144 144 143 143 143 143 142 142 142 142 141 141 141 140 140 140 139 139 139 138 138 137 137 137 136 136 135 135 135 134 134 133 133 132 132 131 131 130 130 129 128 128 127 127 126 125 125 124 123 123 122 121 120 120 119 118 117 116 115 114 114 113 113 113 113 113 113 113 113 113 113 113 113 113 113 113 113 113 113 113 73 73 81 81 81 81 81
144 144 144 143 143 143 143 143 142 142 142 142 141 141 141 140 140 140 140 139 139 139 138 138 138 137 137 137 136 136 135 135 135 134 134 133 133 132 132 131 131 131 130 129 129 128 128 127 127 126 125 125 124 124 123 122 121 121 120 119 118 118 117 116 115 114 113 113 113 113 113 113 113 113 113 113 113 113 113 113 113 113 113 113 113 113 73 73 73 73 81 81 81 81 81 81
142 142 142 142 141 141 141 141 140 140 140 140 139 139 139 139 138 138 138 137 137 137 136 136 136 135 135 135 134 134 133 133 132 132 132 131 131 130 130 129 129 128 128 127 127 126 125 125 124 124 123 122 122 121 120 119 119 118 117 116 116 115 114 113 113 113 113 113 113 113 113 113 113 113 113 113 113 113 113 113 113 113 113 73 73 73 73 73 73 73 81 81 81 81 81 81
140 140 140 140 139 139 139 139 138 138 138 138 137 137 137 137 136 136 136 135 135 135 134 134 134 133 133 132 132 132 131 131 130 130 129 129 128 128 127 127 126 126 125 125 124 123 123 122 122 121 120 120 119 118 117 117 116 115 114 113 113 113 113 113 113 113 113 113 113 113 113 113 113 113 113 113 113 113 113 113 73 73 73 73 73 73 73 73 73 73 81 81 81 81 81 81
138 138 138 138 137 137 137 137 136 136 136 136 135 135 135 134 134 134 133 133 133 132 132 132 131 131 131 130 130 129 129 128 128 127 127 126 126 125 125 124 124 123 123 122 121 121 120 120 119 118 117 117 116 115 114 113 113 113 113 113 113 113 113 113 113 113 113 113 113 113 113 113 113 113 113 113 113 73 73 73 73 73 73 73 73 73 73 73 73 81 81 81 81 81 81 81
136 136 136 136 135 135 135 135 134 134 134 133 133 133 133 132 132 132 131 131 131 130 130 129 129 129 128 128 127 127 126 126 125 125 124 124 123 123 122 122 121 121 120 119 119 118 117 117 116 115 114 114 113 113 113 113 113 113 113 113 113 113 113 113 113 113 113 113 113 113 113 113 113 113 73 73 73 73 73 73 73 73 73 73 73 73 73 73 73 81 81 81 81 81 81 81
134 134 134 133 133 133 133 132 132 132 131 131 131 131 130 130 130 129 129 129 128 128 127 127 127 126 126 125 125 124 124 123 123 122 122 121 121 120 120 119 118 118 117 116 116 115 114 113 113 113 113 113 113 113 113 113 113 113 113 113 113 113 113 113 113 113 113 113 113 113 113 73 73 73 73 73 73 73 73 73 73 73 73 73 73 73 73 73 73 81 81 81 81 81 81 81
132 132 131 131 131 131 130 130 130 129 129 129 129 128 128 128 127 127 126 126 126 125 125 124 124 124 123 123 122 122 121 121 120 120 119 118 118 117 117 116 115 115 114 113 113 113 113 113 113 113 113 113 113 113 113 113 113 113 113 113 113 113 113 113 113 113 113 73 73 73 73 73 73 73 73 73 73 73 73 73 73 73 73 73 73 73 73 73 81 81 81 81 81 81 81 81
129 129 129 129 128 128 128 128 127 127 127 126 126 126 125 125 125 124 124 123 123 123 122 122 121 121 120 120 119 119 118 118 117 117 116 115 115 114 113 113 113 113 113 113 113 113 113 113 113 113 113 113 113 113 113 113 113 113 113 113 113 113 113 113 73 73 73 73 73 73 73 73 73 73 73 73 73 73 73 73 73 73 73 73 73 73 73 73 81 81 81 81 81 81 81 81
127 127 126 126 126 126 125 125 125 124 124 124 123 123 123 122 122 122 121 121 120 120 119 119 118 118 117 117 116 116 115 115 114 113 113 113 113 113 113 113 113 113 113 113 113 113 113 113 113 113 113 113 113 113 113 113 113 113 113 113 73 73 73 73 73 73 73 73 73 73 73 73 73 73 73 73 73 73 73 73 73 73 73 73 73 73 73 73 81 81 81 81 81 81 81 81
124 124 124 124 123 123 123 122 122 122 121 121 121 120 120 119 119 119 118 118 117 117 116 116 115 115 114 114 113 113 113 113 113 113 113 113 113 113 113 113 113 113 113 113 113 113 113 113 113 113 113 113 113 113 113 113 73 73 73 73 73 73 73 73 73 73 73 73 73 73 73 73 73 73 73 73 73 73 73 73 73 73 73 73 73 73 73 81 81 81 81 81 81 81 81 81
122 121 121 121 120 120 120 120 119 119 118 118 118 117 117 116 116 116 115 115 114 114 113 113 113 113 113 113 113 113 113 113 113 113 113 113 113 113 113 113 113 113 113 113 113 113 113 113 113 113 113 113 73 73 73 73 73 73 73 73 73 73 73 73 73 73 73 73 73 73 73 73 73 73 73 73 73 73 73 73 73 73 73 73 73 73 73 81 81 81 81 81 81 81 81 81
119 118 118 118 117 117 117 116 116 116 115 115 114 114 114 113 113 113 113 113 113 113 113 113 113 113 113 113 113 113 113 113 113 113 113 113 113 113 113 113 113 113 113 113 113 113 113 113 73 73 73 73 73 73 73 73 73 73 73 73 73 73 73 73 73 73 73 73 73 73 73 73 73 73 73 73 73 73 73 73 73 73 73 73 73 73 73 81 81 81 81 81 81 81 81 81
116 115 115 115 114 114 114 113 113 113 113 113 113 113 113 113 113 113 113 113 113 113 113 113 113 113 113 113 113 113 113 113 113 113 113 113 113 113 113 113 113 113 113 73 73 73 73 73 73 73 73 73 73 73 73 73 73 73 73 73 73 73 73 73 73 73 73 73 73 73 73 73 73 73 73 73 73 73 73 73 73 73 73 73 73 73 81 81 81 81 81 81 81 81 81 81
113 113 113 113 113 113 113 113 113 113 113 113 113 113 113 113 113 113 113 113 113 113 113 113 113 113 113 113 113 113 113 113 113 113 113 113 113 113 113 73 73 73 73 73 73 73 73 73 73 73 73 73 73 73 73 73 73 73 73 73 73 73 73 73 73 73 73 73 73 73 73 73 73 73 73 73 73 73 73 73 73 73 73 73 73 73 81 81 81 81 81 81 81 81 81 81
113 113 113 113 113 113 113 113 113 113 113 113 113 113 113 113 113 113 113 113 113 113 113 113 113 113 113 113 113 113 113 113 113 73 73 73 73 73 73 73 73 73 73 73 73 73 73 73 73 73 73 73 73 73 73 73 73 73 73 73 73 73 73 73 73 73 73 73 73 73 73 73 73 73 73 73 73 73 73 73 73 73 73 73 73 73 81 81 81 81 81 81 81 81 81 81
113 113 113 113 113 113 113 113 113 113 113 113 113 113 113 113 113 113 113 113 113 113 113 113 113 113 113 113 73 73 73 73 73 73 73 73 73 73 73 73 73 73 73 73 73 73 73 73 73 73 73 73 73 73 73 73 73 73 73 73 73 73 73 73 73 73 73 73 73 73 73 73 73 73 73 73 73 73 73 73 73 73 73 73 73 81 81 81 81 81 81 81 81 81 81 81
113 113 113 113 113 113 113 113 113 113 113 113 113 113 113 113 113 113 113 113 113 73 73 73 73 73 73 73 73 73 73 73 73 73 73 73 73 73 73 73 73 73 73 73 73 73 73 73 73 73 73 73 73 73 73 73 73 73 73 73 73 73 73 73 73 73 73 73 73 73 73 73 73 73 73 73 73 73 73 73 73 73 73 73 73 81 81 81 81 81 81 81 81 81 81 81
113 113 113 113 113 113 113 113 113 113 113 113 113 113 73 73 73 73 73 73 73 73 73 73 73 73 73 73 73 73 73 73 73 73 73 73 73 73 73 73 73 73 73 73 73 73 73 73 73 73 73 73 73 73 73 73 73 73 73 73 73 73 73 73 73 73 73 73 73 73 73 73 73 73 73 73 73 73 73 73 73 73 73 73 73 81 81 81 81 81 81 81 81 81 81 81
113 113 113 113 113 73 73 73 73 73 73 73 73 73 73 73 73 73 73 73 73 73 73 73 73 73 73 73 73 73 73 73 73 73 73 73 73 73 73 73 73 73 73 73 73 73 73 73 73 73 73 73 73 73 73 73 73 73 73 73 73 73 73 73 73 73 73 73 73 73 73 73 73 73 73 73 73 73 73 73 73 73 73 73 73 81 81 81 81 81 81 81 81 81 81 81
73 73 73 73 73 73 73 73 73 73 73 73 73 73 73 73 73 73 73 73 73 73 73 73 73 73 73 73 73 73 73 73 73 73 73 73 73 73 73 73 73 73 73 73 73 73 73 73 73 73 73 73 73 73 73 73 73 73 73 73 73 73 73 73 73 73 73 73 73 73 73 73 73 73 73 73 73 73 73 73 73 73 73 73 81 81 81 81 81 81 81 81 81 81 81 81
73 73 73 73 73 73 73 73 73 73 73 73 73 73 73 73 73 73 73 73 73 73 73 73 73 73 73 73 73 73 73 73 73 73 73 73 73 73 73 73 73 73 73 73 73 73 73 73 73 73 73 73 73 73 73 73 73 73 73 73 73 73 73 73 73 73 73 73 73 73 73 73 73 73 73 73 73 73 73 73 73 73 73 73 81 81 81 81 81 81 81 81 81 81 81 81
73 73 73 73 73 73 73 73 73 73 73 73 73 73 73 73 73 73 73 73 73 73 73 73 73 73 73 73 73 73 73 73 73 73 73 73 73 73 73 73 73 73 73 73 73 73 73 73 73 73 73 73 73 73 73 73 73 73 73 73 73 73 73 73 73 73 73 73 73 73 73 73 73 73 73 73 73 73 73 73 73 73 73 73 81 81 81 81 81 81 81 81 81 81 81 81
73 73 73 73 73 73 73 73 73 73 73 73 73 73 73 73 73 73 73 73 73 73 73 73 73 73 73 73 73 73 73 73 73 73 73 73 73 73 73 73 73 73 73 73 73 73 73 73 73 73 73 73 73 73 73 73 73 73 73 73 73 73 73 73 73 73 73 73 73 73 73 73 73 73 73 73 73 73 73 73 73 73 73 81 81 81 81 81 81 81 81 81 81 81 81 81
73 73 73 73 73 73 73 73 73 73 73 73 73 73 73 73 73 73 73 73 73 73 73 73 73 73 73 73 73 73 73 73 73 73 73 73 73 73 73 73 73 73 73 73 73 73 73 73 73 73 73 73 73 73 73 73 73 73 73 73 73 73 73 73 73 73 73 73 73 73 73 73 73 73 73 73 73 73 73 73 73 73 73 81 81 81 81 81 81 81 81 81 81 81 81 81
73 73 73 73 73 73 73 73 73 73 73 73 73 73 73 73 73 73 73 73 73 73 73 73 73 73 73 73 73 73 73 73 73 73 73 73 73 73 73 73 73 73 73 73 73 73 73 73 73 73 73 73 73 73 73 73 73 73 73 73 73 73 73 73 73 73 73 73 73 73 73 73 73 73 73 73 73 73 73 73 73 73 73 81 81 81 81 81 81 81 81 81 81 81 81 81
73 73 73 73 73 73 73 73 73 73 73 73 73 73 73 73 73 73 73 73 73 73 73 73 73 73 73 73 73 73 73 73 73 73 73 73 73 73 73 73 73 73 73 73 73 73 73 73 73 73 73 73 73 73 73 73 73 73 73 73 73 73 73 73 73 73 73 73 73 73 73 73 73 73 73 73 73 73 73 73 73 73 81 81 81 81 81 81 81 81 81 81 81 81 81 81
73 73 73 73 73 73 73 73 73 73 73 73 73 73 73 73 73 73 73 73 73 73 73 73 73 73 73 73 73 73 73 73 73 73 73 73 73 73 73 73 73 73 73 73 73 73 73 73 73 73 73 73 73 73 73 73 73 73 73 73 73 73 73 73 73 73 73 73 73 73 73 73 73 73 73 73 73 73 73 73 73 73 81 81 81 81 81 81 81 81 81 81 81 81 81 81
73 73 73 73 73 73 73 73 73 73 73 73 73 73 73 73 73 73 73 73 73 73 73 73 73 73 73 73 73 73 73 73 73 73 73 73 73 73 73 73 73 73 73 73 73 73 73 73 73 73 73 73 73 73 73 73 73 73 73 73 73 73 73 73 73 73 73 73 73 73 73 73 73 73 73 73 73 73 73 73 73 73 81 81 81 81 81 81 81 81 81 81 81 81 81 81
73 73 73 73 73 73 73 73 73 73 73 73 73 73 73 73 73 73 73 73 73 73 73 73 73 73 73 73 73 73 73 73 73 73 73 73 73 73 73 73 73 73 73 73 73 73 73 73 73 73 73 73 73 73 73 73 73 73 73 73 73 73 73 73 73 73 73 73 73 73 73 73 73 73 73 73 73 73 73 73 73 73 81 81 81 81 81 81 81 81 81 81 81 81 81 81
73 73 73 73 73 73 73 73 73 73 73 73 73 73 73 73 73 73 73 73 73 73 73 73 73 73 73 73 73 73 73 73 73 73 73 73 73 73 73 73 73 73 73 73 73 73 73 73 73 73 73 73 73 73 73 73 73 73 73 73 73 73 73 73 73 73 73 73 73 73 73 73 73 73 73 73 73 73 73 73 73 81 81 81 81 81 81 81 81 81 81 81 81 81 81 81
