testData/tiles/oneDegree/grid12.0-26.0-13.0-27.0.asc
ncols   200
nrows   200
xllcorner   12.0
yllcorner   26.0
cellsize   0.005
NODATA_value   -9999.0
[rows 44 to 87 of 200, columns 0 to 95 of 200]
419 419 419 419 248 248 249 249 249 249 106 106 107 107 107 107 107 107 108 108 108 108 108 108 109 109 109 109 109 109 110 110 110 110 110 110 111 111 111 111 111 111 112 112 112 112 112 112 113 112 112 112 112 112 112 111 111 111 111 111 111 110 110 110 110 110 110 109 109 109 109 109 109 108 108 108 108 108 108 107 107 107 107 107 107 106 106 106 106 106 106 105 105 105 105 105
419 419 387 248 248 248 249 249 249 249 249 106 107 107 107 107 107 107 108 108 108 108 108 108 109 109 109 109 109 109 110 110 110 110 110 110 111 111 111 111 111 111 112 112 112 112 112 112 112 112 112 112 112 112 112 111 111 111 111 111 111 110 110 110 110 110 110 109 109 109 109 109 109 108 108 108 108 108 108 107 107 107 107 107 107 106 106 106 106 106 106 105 105 105 105 105
419 387 248 248 248 248 249 249 249 249 249 106 107 107 107 107 107 107 108 108 108 108 108 108 109 109 109 109 109 109 110 110 110 110 110 110 111 111 111 111 111 111 111 112 112 112 112 112 112 112 112 112 112 112 111 111 111 111 111 111 111 110 110 110 110 110 110 109 109 109 109 109 109 108 108 108 108 108 108 107 107 107 107 107 107 106 106 106 106 106 106 105 105 105 105 105
387 248 248 248 248 248 249 249 249 249 249 249 107 107 107 107 107 107 108 108 108 108 108 108 109 109 109 109 109 109 110 110 110 110 110 110 110 111 111 111 111 111 111 112 112 112 112 112 112 112 112 112 112 112 111 111 111 111 111 111 110 110 110 110 110 110 110 109 109 109 109 109 109 108 108 108 108 108 108 107 107 107 107 107 107 106 106 106 106 106 106 105 105 105 105 105
248 248 248 248 248 248 249 249 249 249 249 249 107 107 107 107 107 107 108 108 108 108 108 108 109 109 109 109 109 109 109 110 110 110 110 110 110 111 111 111 111 111 111 111 112 112 112 112 112 112 112 112 112 111 111 111 111 111 111 111 110 110 110 110 110 110 109 109 109 109 109 109 109 108 108 108 108 108 108 107 107 107 107 107 107 106 106 106 106 106 106 105 105 105 105 105
248 248 248 248 248 248 249 249 249 249 249 249 250 107 107 107 107 107 108 108 108 108 108 108 108 109 109 109 109 109 109 110 110 110 110 110 110 111 111 111 111 111 111 111 111 112 112 112 112 112 112 112 111 111 111 111 111 111 111 111 110 110 110 110 110 110 109 109 109 109 109 109 108 108 108 108 108 108 108 107 107 107 107 107 107 106 106 106 106 106 106 105 105 105 105 105
248 248 248 248 248 248 249 249 249 249 249 249 250 107 107 107 107 107 107 108 108 108 108 108 108 109 109 109 109 109 109 110 110 110 110 110 110 110 111 111 111 111 111 111 111 111 111 112 112 112 111 111 111 111 111 111 111 111 111 110 110 110 110 110 110 110 109 109 109 109 109 109 108 108 108 108 108 108 107 107 107 107 107 107 107 106 106 106 106 106 106 105 105 105 105 105
248 248 248 248 248 248 249 249 249 249 249 249 249 250 107 107 107 107 107 108 108 108 108 108 108 109 109 109 109 109 109 109 110 110 110 110 110 110 111 111 111 111 111 111 111 111 111 111 111 111 111 111 111 111 111 111 111 111 111 110 110 110 110 110 110 109 109 109 109 109 109 109 108 108 108 108 108 108 107 107 107 107 107 107 106 106 106 106 106 106 106 105 105 105 105 105
248 248 248 248 248 248 248 249 249 249 249 249 249 250 107 107 107 107 107 108 108 108 108 108 108 109 109 109 109 109 109 109 110 110 110 110 110 110 110 111 111 111 111 111 111 111 111 111 111 111 111 111 111 111 111 111 111 111 110 110 110 110 110 110 110 109 109 109 109 109 109 109 108 108 108 108 108 108 107 107 107 107 107 107 106 106 106 106 106 106 105 105 105 105 105 105
248 248 248 248 248 248 248 249 249 249 249 249 249 250 250 107 107 107 107 108 108 108 108 108 108 108 109 109 109 109 109 109 109 110 110 110 110 110 110 110 111 111 111 111 111 111 111 111 111 111 111 111 111 111 111 111 111 110 110 110 110 110 110 110 109 109 109 109 109 109 109 108 108 108 108 108 108 108 107 107 107 107 107 107 106 106 106 106 106 106 105 105 105 105 105 105
247 248 248 248 248 248 248 249 249 249 249 249 249 250 250 107 107 107 107 107 108 108 108 108 108 108 109 109 109 109 109 109 109 110 110 110 110 110 110 110 110 111 111 111 111 111 111 111 111 111 111 111 111 111 111 111 110 110 110 110 110 110 110 110 109 109 109 109 109 109 109 108 108 108 108 108 108 107 107 107 107 107 107 107 106 106 106 106 106 106 105 105 105 105 105 105
247 248 248 248 248 248 248 249 249 249 249 249 249 249 250 250 107 107 107 107 108 108 108 108 108 108 108 109 109 109 109 109 109 109 110 110 110 110 110 110 110 110 110 111 111 111 111 111 111 111 111 111 111 111 110 110 110 110 110 110 110 110 110 109 109 109 109 109 109 109 108 108 108 108 108 108 108 107 107 107 107 107 107 106 106 106 106 106 106 106 105 105 105 105 105 105
247 248 248 248 248 248 248 249 249 249 249 249 249 249 250 250 107 107 107 107 108 108 108 108 108 108 108 109 109 109 109 109 109 109 109 110 110 110 110 110 110 110 110 110 110 110 111 111 111 111 111 110 110 110 110 110 110 110 110 110 110 110 109 109 109 109 109 109 109 109 108 108 108 108 108 108 108 107 107 107 107 107 107 106 106 106 106 106 106 106 105 105 105 105 105 105
247 248 248 248 248 248 248 248 249 249 249 249 249 249 250 250 107 107 107 107 107 108 108 108 108 108 108 108 109 109 109 109 109 109 109 109 110 110 110 110 110 110 110 110 110 110 110 110 110 110 110 110 110 110 110 110 110 110 110 110 110 109 109 109 109 109 109 109 109 108 108 108 108 108 108 108 107 107 107 107 107 107 107 106 106 106 106 106 106 105 105 105 105 105 105 105
247 247 248 248 248 248 248 248 249 249 249 249 249 249 249 250 250 107 107 107 107 108 108 108 108 108 108 108 109 109 109 109 109 109 109 109 109 110 110 110 110 110 110 110 110 110 110 110 110 110 110 110 110 110 110 110 110 110 110 110 109 109 109 109 109 109 109 109 109 108 108 108 108 108 108 108 107 107 107 107 107 107 106 106 106 106 106 106 106 105 105 105 105 105 105 104
247 247 248 248 248 248 248 248 249 249 249 249 249 249 249 250 250 107 107 107 107 107 108 108 108 108 108 108 108 109 109 109 109 109 109 109 109 109 110 110 110 110 110 110 110 110 110 110 110 110 110 110 110 110 110 110 110 110 110 109 109 109 109 109 109 109 109 109 108 108 108 108 108 108 108 107 107 107 107 107 107 107 106 106 106 106 106 106 106 105 105 105 105 105 105 104
247 247 248 248 248 248 248 248 248 249 249 249 249 249 249 249 250 250 107 107 107 107 108 108 108 108 108 108 108 108 109 109 109 109 109 109 109 109 109 109 110 110 110 110 110 110 110 110 110 110 110 110 110 110 110 110 110 109 109 109 109 109 109 109 109 109 109 108 108 108 108 108 108 108 108 107 107 107 107 107 107 106 106 106 106 106 106 106 105 105 105 105 105 105 105 104
247 247 247 248 248 248 248 248 248 249 249 249 249 249 249 249 250 250 107 107 107 107 107 108 108 108 108 108 108 108 108 109 109 109 109 109 109 109 109 109 109 109 110 110 110 110 110 110 110 110 110 110 110 110 110 109 109 109 109 109 109 109 109 109 110 110 109 109 109 109 109 109 109 109 108 108 108 108 108 108 108 107 107 107 107 107 107 107 106 105 105 105 105 105 104 104
247 247 247 248 248 248 248 248 248 248 249 249 249 249 249 249 249 250 250 107 107 107 107 107 108 108 108 108 108 108 108 108 109 109 109 109 109 109 109 109 109 109 109 109 109 111 111 111 111 111 111 111 110 110 110 110 110 110 110 110 110 110 110 110 110 109 109 109 109 109 109 109 109 108 108 108 108 108 108 108 107 107 107 107 107 107 107 106 106 106 106 106 106 106 105 105
247 247 247 248 248 248 248 248 248 248 249 249 249 249 249 249 249 250 250 107 107 107 107 107 107 108 108 108 108 108 108 108 108 109 110 110 110 110 110 110 110 110 110 110 110 110 110 110 110 110 110 110 110 110 110 110 110 110 110 110 110 110 110 110 110 110 110 110 110 110 110 110 109 109 109 109 109 109 109 109 108 108 108 108 108 108 108 107 107 106 106 106 106 106 105 105
247 247 247 247 248 248 248 248 248 248 248 249 249 249 249 249 249 249 250 250 107 107 107 107 107 109 109 109 109 109 109 109 109 109 110 110 110 110 110 110 110 110 110 110 110 111 111 111 111 111 111 111 111 111 111 111 111 111 111 111 111 111 111 110 110 110 110 110 110 110 110 110 109 109 109 109 109 109 109 108 108 108 108 108 108 108 107 107 107 107 107 107 107 106 106 106
247 247 247 247 248 248 248 248 248 248 248 249 249 249 249 249 249 250 251 251 108 108 108 108 108 108 109 109 109 109 109 109 109 109 110 110 111 111 111 111 111 111 111 111 111 111 111 111 111 111 111 111 111 111 111 111 111 111 111 111 111 110 110 110 111 111 111 111 111 111 111 110 110 110 110 110 110 110 110 109 109 109 109 109 109 109 108 108 108 107 107 107 107 106 106 106
247 247 247 247 247 248 248 248 248 248 248 249 250 250 250 250 250 250 250 251 108 108 108 108 108 109 109 110 110 110 110 110 110 110 110 110 110 110 111 111 111 111 111 111 111 112 112 112 112 112 112 112 112 112 112 112 112 112 112 111 111 111 111 111 111 111 111 111 111 111 110 110 110 110 110 110 110 110 109 109 109 109 109 109 109 108 108 108 108 108 108 108 107 107 107 107
247 247 247 247 247 249 249 249 249 249 249 249 250 250 250 250 250 251 251 251 252 109 109 109 109 109 109 109 110 110 110 110 110 110 111 111 111 111 111 111 112 112 112 112 112 112 112 112 112 112 112 112 112 112 112 112 112 111 111 111 111 111 111 111 112 112 112 112 112 111 111 111 111 111 111 111 111 110 110 110 110 110 110 110 110 109 109 109 109 108 108 108 107 107 107 107
248 248 248 248 248 248 249 249 249 249 249 250 250 251 251 251 251 251 251 251 251 109 109 109 109 110 110 110 110 110 111 111 111 111 111 111 111 111 111 111 111 111 111 111 112 113 113 113 113 113 113 113 113 112 112 112 112 112 112 112 112 112 112 112 112 112 112 111 111 111 111 111 111 111 111 111 110 110 110 110 110 110 110 110 109 109 109 109 109 109 109 108 108 108 108 108
248 248 248 248 248 249 249 250 250 250 250 250 250 250 251 251 251 252 252 252 252 252 110 110 110 110 110 110 110 110 110 111 111 111 112 112 112 112 112 112 112 112 112 112 112 112 112 112 112 112 112 112 112 112 112 112 112 112 112 112 112 112 112 113 113 113 112 112 112 112 112 112 112 112 112 111 111 111 111 111 111 111 111 110 110 110 110 110 110 110 108 108 108 108 108 108
249 249 249 249 249 249 249 250 250 250 250 251 251 251 251 252 252 252 252 252 252 252 109 110 110 111 111 111 111 111 111 111 112 112 112 112 112 112 112 112 112 112 112 112 112 113 113 113 113 113 113 113 113 113 113 113 113 113 113 113 113 113 113 113 113 112 112 112 112 112 112 112 112 112 111 111 111 111 111 111 111 111 110 110 110 110 110 110 110 110 109 109 109 109 109 109
248 249 249 249 249 250 250 250 251 251 251 251 251 251 251 252 252 252 253 253 253 253 110 110 111 111 111 111 111 111 111 111 111 111 113 113 113 113 113 113 113 113 113 113 113 113 113 113 113 113 113 113 113 113 113 113 113 113 113 113 113 113 113 113 113 113 113 113 113 113 113 113 113 112 112 112 112 112 112 112 112 112 111 111 111 111 111 111 111 110 109 109 109 109 109 109
249 250 250 250 250 250 250 250 251 251 251 252 252 252 252 252 253 253 253 253 253 253 253 110 110 112 112 112 112 112 112 112 112 112 112 112 113 113 113 113 113 113 113 113 113 114 114 114 114 114 114 114 114 114 114 114 114 114 114 114 114 113 113 113 113 113 113 113 113 113 113 113 112 112 112 112 112 112 112 112 112 111 111 111 111 111 111 111 111 110 110 110 110 110 110 110
249 249 250 250 250 251 251 251 251 252 252 252 252 252 252 252 252 253 254 254 254 254 254 111 111 111 112 112 112 112 112 112 112 112 113 113 113 113 113 114 114 114 114 114 114 114 114 114 114 114 114 114 114 114 114 114 114 114 113 113 113 113 113 114 114 114 114 114 114 114 114 113 113 113 113 113 113 113 113 113 112 112 112 112 112 112 112 112 111 111 110 110 110 110 110 109
184 250 251 251 251 251 251 251 251 251 252 253 253 253 253 253 253 253 254 254 254 254 254 254 111 112 112 113 113 113 113 113 113 113 113 113 113 113 113 113 113 113 113 114 114 115 115 115 115 115 115 115 115 115 114 114 114 114 114 114 114 114 114 114 114 114 114 114 114 114 113 113 113 113 113 113 113 113 113 112 112 112 112 112 112 112 112 111 111 111 111 111 111 111 111 110
184 184 184 251 251 252 252 252 252 252 252 253 253 253 253 253 253 253 254 255 255 255 255 255 112 112 112 112 112 113 113 113 113 113 114 114 114 114 114 114 114 114 114 114 114 114 114 114 114 114 114 114 114 114 114 114 114 114 114 114 114 114 114 115 115 115 115 115 114 114 114 114 114 114 114 114 114 114 113 113 113 113 113 113 113 113 112 112 112 112 111 111 111 111 110 110
185 185 185 185 186 186 252 252 252 252 252 253 254 254 254 254 254 254 254 254 255 255 255 255 112 113 113 113 113 113 113 114 114 114 114 114 114 114 114 114 114 114 114 114 114 115 115 115 115 115 115 115 115 115 115 115 115 115 115 115 115 115 115 115 115 115 114 114 114 114 114 114 114 114 114 114 114 113 113 113 113 113 113 113 113 112 112 112 112 112 112 112 112 111 111 111
185 185 185 185 185 187 187 187 253 253 253 253 254 254 254 254 254 254 255 255 255 256 256 256 256 113 113 113 113 113 113 113 113 114 115 115 115 115 115 115 115 115 115 115 115 115 115 115 115 115 115 115 115 115 115 115 115 115 115 115 115 115 116 116 115 115 115 115 115 115 115 115 115 115 115 115 114 114 114 114 114 114 114 114 114 113 113 113 113 113 113 112 111 111 111 111
186 186 186 186 186 187 187 187 187 187 253 254 254 255 255 255 255 255 255 255 255 255 255 256 256 114 114 114 114 114 114 114 114 114 114 115 115 115 115 115 115 115 115 115 115 116 116 116 116 116 116 116 116 116 116 116 116 116 116 116 116 116 115 115 115 115 115 115 115 115 115 115 115 115 114 114 114 114 114 114 114 114 114 114 113 113 113 113 113 113 113 113 112 112 112 112
186 186 186 186 186 187 188 188 188 188 188 188 254 254 255 255 255 255 256 256 256 256 256 256 257 257 114 114 114 114 114 114 114 114 115 115 115 115 116 116 116 116 116 116 116 116 116 116 116 116 116 116 116 116 116 116 116 116 116 115 115 115 116 116 116 116 116 116 116 116 116 116 116 115 115 115 115 115 115 115 115 115 115 114 114 114 114 114 114 114 114 112 112 112 112 112
187 187 187 187 187 187 187 188 188 188 188 189 189 189 255 256 256 256 256 256 256 256 256 256 256 258 115 115 115 115 115 115 115 115 115 115 115 115 115 115 115 115 116 116 116 117 117 117 117 117 117 117 117 117 117 116 116 116 116 116 116 116 116 116 116 116 116 116 116 116 116 116 115 115 115 115 115 115 115 115 115 115 114 114 114 114 114 114 114 114 113 113 113 113 113 113
187 187 187 187 187 188 188 188 189 189 189 189 189 189 189 189 255 256 257 257 257 257 257 257 257 257 114 115 115 115 115 115 115 115 116 116 116 116 116 116 116 116 116 116 116 116 116 116 116 116 116 116 116 116 116 116 116 116 116 116 116 116 117 117 117 117 117 117 117 117 116 116 116 116 116 116 116 116 116 116 115 115 115 115 115 115 115 115 115 114 114 113 113 113 113 113
187 188 188 188 188 188 188 188 188 189 189 190 190 190 190 190 190 190 191 257 257 257 257 257 257 258 258 115 115 116 116 116 116 116 116 116 116 116 116 116 116 116 116 116 116 117 117 117 117 117 117 117 117 117 117 117 117 117 117 117 117 117 117 117 117 117 117 117 116 116 116 116 116 116 116 116 116 116 116 115 115 115 115 115 115 115 115 115 114 114 114 114 114 114 114 114
187 187 188 188 188 188 189 189 189 189 190 190 190 190 190 190 190 190 191 192 192 258 258 258 258 258 258 115 115 115 115 116 116 116 117 117 117 117 117 117 117 117 117 117 117 117 117 117 117 117 117 117 117 117 117 117 117 117 117 117 117 117 118 118 118 118 117 117 117 117 117 117 117 117 117 117 117 117 116 116 116 116 116 116 116 116 116 115 115 115 115 114 114 114 114 113
188 188 189 189 189 189 189 189 189 189 189 190 191 191 191 191 191 191 191 191 192 192 192 258 258 259 259 116 116 116 116 116 116 117 117 117 117 117 117 117 117 117 117 117 117 118 118 118 118 118 118 118 118 118 118 118 118 118 118 118 118 118 118 118 117 117 117 117 117 117 117 117 117 117 117 117 117 116 116 116 116 116 116 116 116 116 115 115 115 115 115 115 115 115 115 114
188 188 188 189 189 189 190 190 190 190 190 190 191 191 191 191 191 191 192 192 192 192 193 193 193 193 259 259 116 116 116 116 116 116 117 117 118 118 118 118 118 118 118 118 118 118 118 118 118 118 118 118 118 118 118 118 118 118 118 118 118 117 118 118 118 118 118 118 118 118 118 118 118 118 118 117 117 117 117 117 117 117 117 117 117 116 116 116 116 116 116 115 115 115 114 114
189 189 189 189 190 190 190 190 190 190 190 190 191 192 192 192 192 192 192 192 192 192 192 192 193 194 194 194 117 117 117 117 117 117 117 117 117 117 117 117 117 118 118 118 118 119 119 119 119 119 119 119 119 119 119 119 118 118 118 118 118 118 118 118 118 118 118 118 118 118 118 118 118 117 117 117 117 117 117 117 117 117 117 117 116 116 116 116 116 116 116 116 116 115 115 115
189 189 189 189 189 190 191 191 191 191 191 191 191 191 192 192 192 192 193 193 193 193 193 193 193 194 194 194 51 51 51 117 117 117 118 118 118 118 118 118 118 118 118 118 118 118 118 118 118 118 118 118 118 118 118 118 118 118 118 118 118 119 119 119 119 119 119 119 119 119 119 119 118 118 118 118 118 118 118 118 118 118 118 117 117 117 117 117 117 117 117 117 115 115 115 115
