testData/tiles/oneDegree/grid24.0-41.0-25.0-42.0.asc
ncols   200
nrows   200
xllcorner   24.0
yllcorner   41.0
cellsize   0.005
NODATA_value   -9999.0
[rows 0 to 41 of 200, columns 94 to 187 of 200]
411 410 410 410 410 409 410 409 408 409 408 408 408 265 264 265 265 265 266 265 267 266 266 267 266 267 268 441 441 440 441 440 534 534 534 534 533 534 534 536 536 538 539 539 541 541 543 543 545 545 546 547 548 549 550 551 552 552 506 506 508 508 510 510 511 512 513 514 514 515 516 517 518 519 520 521 521 429 430 431 432 433 434 434 435 436 437 438 438 440 440 441 442 443
411 410 411 410 410 410 409 409 409 409 408 409 408 264 265 265 265 265 266 266 267 266 266 268 267 441 440 441 441 440 441 440 441 440 534 534 533 534 534 536 536 537 538 539 541 541 543 543 544 545 546 547 548 549 550 550 552 552 506 506 508 508 509 510 511 512 512 514 514 515 516 517 518 519 519 428 428 429 430 431 432 432 434 434 435 436 436 438 438 439 440 441 442 442
411 411 411 410 411 410 409 410 409 409 409 409 408 265 265 264 265 266 266 266 266 267 267 441 440 441 440 440 441 441 442 441 442 441 441 442 440 534 534 536 536 537 538 539 540 541 542 543 544 545 546 547 548 548 550 550 552 552 506 506 507 508 508 510 510 512 512 513 514 515 516 517 424 426 426 427 428 429 430 430 432 432 433 434 434 436 436 438 438 439 440 440 442 442
412 411 411 411 410 410 410 410 409 410 409 408 409 265 265 265 266 266 265 266 267 440 440 440 440 441 441 441 441 441 442 441 441 441 441 441 441 442 441 442 536 537 538 539 540 541 541 543 543 545 545 547 547 548 549 550 551 552 552 506 506 508 508 510 510 511 512 513 514 422 423 424 424 425 426 427 428 428 430 430 432 432 432 434 434 436 436 437 438 438 440 440 441 442
437 436 436 436 435 436 435 435 435 409 409 409 409 265 266 265 265 266 266 440 439 440 440 440 441 441 441 441 441 441 440 441 441 441 441 441 441 440 441 442 443 444 445 446 539 541 541 543 543 545 545 546 547 548 549 550 550 552 552 506 506 508 508 509 510 418 419 420 421 422 422 423 424 425 426 426 428 428 430 430 431 432 432 434 434 436 436 436 438 438 440 440 440 442
436 436 436 436 436 436 435 436 435 434 435 434 291 291 291 290 290 266 439 440 439 441 441 440 441 440 441 442 441 442 441 442 442 442 442 441 442 441 442 441 443 444 444 446 446 448 448 450 450 451 452 453 454 455 456 457 457 459 459 413 413 414 415 416 417 418 419 420 420 421 422 423 424 424 426 426 428 428 429 430 430 432 432 434 434 434 436 436 438 438 438 440 440 442
436 437 436 436 436 436 436 435 435 435 435 434 292 291 290 290 464 464 464 465 465 465 465 465 441 441 442 441 441 442 441 442 441 442 442 441 442 441 442 441 442 443 444 446 446 448 448 449 450 451 452 453 454 455 455 457 457 459 459 460 413 414 415 416 417 418 418 419 420 421 422 422 424 424 426 426 428 428 428 430 430 432 432 433 434 434 436 436 437 438 438 440 440 442
437 437 436 437 436 435 436 435 436 435 435 435 291 291 463 464 464 464 464 464 465 465 465 466 467 466 466 466 466 467 441 443 442 442 442 442 443 441 441 441 442 443 444 445 446 446 448 449 450 451 452 453 453 455 455 457 457 458 459 460 413 414 415 415 416 417 418 419 420 420 422 422 424 424 426 426 426 428 428 430 430 431 432 432 434 434 435 436 437 438 438 440 440 441
437 437 437 436 436 436 436 435 436 435 434 435 291 464 464 464 463 464 465 464 465 465 466 466 465 466 466 466 467 467 467 467 467 467 467 467 442 442 442 442 442 443 444 444 446 446 448 448 450 450 451 452 453 455 455 457 457 457 459 459 413 413 414 415 416 417 418 419 420 420 422 422 424 424 424 426 426 428 428 429 430 430 432 432 433 434 435 436 436 438 438 439 440 440
437 437 437 436 437 436 436 436 436 435 435 608 464 465 464 463 464 464 465 464 466 466 465 466 465 466 467 467 467 466 467 467 467 467 467 467 466 467 466 467 467 443 444 444 446 446 448 448 449 450 451 452 453 454 455 455 457 457 459 459 460 413 414 415 416 417 418 418 420 420 422 422 422 424 424 426 426 427 428 429 430 430 432 432 433 434 435 436 436 437 438 439 440 440
437 437 437 436 437 436 437 436 435 436 608 608 465 465 464 463 464 464 465 465 465 465 465 466 466 467 466 466 467 466 467 466 468 468 467 468 467 468 466 467 466 467 469 469 471 471 447 448 449 450 451 452 453 453 455 455 457 457 458 459 460 413 414 415 416 416 418 418 420 420 420 422 422 424 424 425 426 427 428 428 430 430 431 432 433 434 434 435 436 437 438 438 439 440
437 437 437 437 437 436 436 436 435 609 608 608 465 464 464 464 464 464 465 465 465 465 465 467 466 466 466 466 467 467 468 467 467 467 467 468 467 468 467 467 467 467 468 469 470 471 472 473 474 475 476 451 453 453 455 455 456 457 458 459 460 413 414 414 416 416 418 418 418 420 420 422 422 424 424 425 426 426 428 428 429 430 431 432 432 433 434 435 436 437 437 438 439 440
438 437 437 437 436 437 436 609 609 609 608 608 465 464 465 464 464 465 464 465 465 465 466 466 466 466 466 467 467 467 467 467 467 467 467 467 467 467 467 467 467 467 468 469 469 471 471 473 474 474 476 476 478 478 480 455 456 457 458 459 460 412 414 414 415 416 416 418 418 420 420 422 422 423 424 424 426 426 427 428 429 430 431 431 432 433 434 435 435 436 437 438 439 439
438 437 437 437 436 437 609 610 609 608 609 608 465 465 465 464 463 465 464 465 464 466 466 465 466 467 467 467 466 467 466 467 467 467 467 466 467 466 467 467 467 467 467 469 469 471 471 472 473 474 475 476 477 478 478 480 480 482 482 483 459 460 413 414 414 416 416 418 418 420 420 421 422 423 424 424 425 426 427 428 429 429 430 431 432 433 433 435 435 436 437 437 439 439
438 437 437 437 437 610 609 609 609 608 609 608 465 465 464 464 464 464 464 465 465 465 466 465 467 466 467 467 466 467 466 468 468 467 468 467 468 467 468 467 466 467 467 469 469 470 471 472 473 474 475 476 476 478 478 480 480 481 482 483 484 485 438 439 414 416 416 418 418 419 420 421 422 422 423 424 425 426 427 427 428 429 430 431 431 433 433 434 435 435 437 437 438 439
437 438 437 610 610 610 610 609 609 609 609 465 465 465 464 465 464 464 464 465 465 465 465 466 467 466 466 466 466 468 467 467 467 467 468 467 468 467 467 467 467 467 467 468 469 470 471 472 473 474 474 476 476 478 478 479 480 481 482 483 484 485 437 439 439 441 441 442 418 418 420 420 421 422 423 424 425 425 427 427 428 429 429 431 431 433 433 433 435 435 437 437 437 439
437 438 610 611 610 609 610 609 609 609 609 465 465 465 464 465 464 463 465 464 465 465 466 466 466 466 466 467 467 468 467 467 467 467 467 467 467 467 467 467 467 467 467 467 469 470 471 472 472 474 474 476 476 477 478 479 480 481 482 483 483 485 437 439 439 440 441 441 443 443 444 420 421 422 423 423 425 425 426 427 427 429 429 431 431 431 433 433 435 435 435 437 437 439
438 611 610 610 610 610 610 609 610 609 608 466 465 465 465 464 464 463 465 464 465 466 465 466 465 466 467 467 467 466 467 467 467 467 466 467 466 467 467 467 467 466 467 467 469 469 470 471 472 473 474 475 476 477 478 479 480 481 481 483 483 484 485 437 439 439 441 441 442 443 444 445 446 446 448 423 424 425 425 427 427 429 429 429 431 431 433 433 434 435 435 437 437 438
611 610 610 610 610 610 610 609 609 609 608 466 465 465 465 464 464 464 465 464 464 465 465 466 465 467 466 466 467 466 467 466 467 468 467 468 467 468 467 467 468 466 467 467 468 469 470 471 472 473 474 474 476 476 478 478 479 480 481 482 483 483 485 437 439 439 440 441 442 443 444 444 446 446 447 448 448 450 425 427 427 427 429 429 431 431 432 433 433 435 435 436 437 437
611 610 611 610 610 610 609 610 609 609 609 466 465 465 465 464 465 464 463 464 465 465 465 466 466 466 466 466 467 466 467 467 467 467 467 468 467 467 467 467 467 467 466 467 468 469 470 471 472 472 474 474 476 476 477 478 479 480 481 481 483 483 485 437 438 439 440 441 442 442 444 444 445 446 446 448 448 450 450 451 452 452 429 429 430 431 432 433 433 434 435 436 437 438
611 610 611 610 610 610 609 610 609 609 609 465 465 465 465 464 464 464 463 465 465 465 465 464 466 466 466 466 466 467 467 467 467 467 467 467 467 467 467 467 466 467 466 467 467 469 470 470 472 472 474 474 475 476 477 478 479 479 481 481 483 483 484 437 438 439 440 440 441 442 443 444 444 446 446 448 448 449 450 450 452 452 453 454 455 431 431 432 433 434 435 435 437 438
611 610 610 610 610 610 609 610 609 609 609 465 466 465 465 465 464 464 463 465 464 464 465 465 466 465 466 466 466 467 466 467 467 466 467 466 467 467 467 467 466 467 466 467 467 468 469 470 471 472 473 474 475 476 477 477 479 479 481 481 482 483 484 437 437 439 439 440 441 442 443 444 444 446 446 447 448 448 450 450 451 452 453 454 454 455 456 457 433 434 434 435 437 438
611 611 610 610 610 610 610 609 609 609 609 465 466 465 464 465 464 464 464 464 464 464 465 465 466 465 465 467 466 467 466 466 467 466 467 466 467 466 466 467 466 467 466 466 467 468 469 470 470 472 472 474 474 475 476 477 478 479 480 481 481 483 483 485 437 438 439 440 441 442 442 444 444 446 446 446 448 448 449 450 451 452 452 453 454 455 456 457 457 458 459 461 437 437
610 611 610 610 610 609 610 609 609 609 466 465 465 465 464 465 464 463 464 463 464 464 465 465 465 465 466 466 466 466 466 466 466 466 467 467 467 467 467 467 466 465 466 466 467 468 468 470 470 472 472 473 474 475 476 477 478 479 479 481 481 483 483 484 437 438 439 440 440 442 442 444 444 444 446 446 447 448 449 450 451 451 452 453 454 455 455 456 457 458 460 460 462 462
610 611 610 610 610 609 610 609 610 609 465 466 465 465 465 465 464 463 464 463 464 465 464 465 464 465 466 465 466 465 466 466 466 467 466 467 467 467 467 466 467 466 466 465 466 468 468 470 470 472 472 473 474 475 476 477 477 479 479 481 481 482 483 484 437 438 438 440 440 441 442 442 444 444 446 446 447 448 449 449 450 451 452 453 453 455 455 456 457 457 460 460 460 462
610 611 610 610 610 609 610 609 609 609 465 466 465 465 465 464 464 464 464 463 463 464 464 465 464 466 466 465 466 465 466 466 466 467 466 467 466 466 467 466 467 466 466 465 466 467 468 469 470 471 472 473 474 475 475 477 477 479 479 480 481 482 483 484 436 437 438 439 440 440 442 442 444 444 445 446 447 447 448 449 450 451 451 453 453 454 455 455 457 458 458 460 460 462
611 610 610 610 610 610 609 609 609 609 465 466 465 464 465 464 464 464 463 463 463 464 464 465 464 465 465 465 466 465 465 466 466 467 466 466 466 466 466 466 467 466 466 466 466 467 468 468 470 470 472 472 473 474 475 476 477 477 479 479 481 481 482 483 436 437 438 438 440 440 442 442 443 444 445 445 446 447 448 449 449 451 451 452 453 453 455 455 457 458 458 460 460 461
611 610 610 610 609 610 609 609 609 609 465 465 465 465 465 464 463 464 463 463 464 464 464 463 465 465 465 465 464 465 466 466 466 465 466 466 466 466 466 466 465 466 466 466 466 466 468 468 470 470 471 472 473 474 475 475 477 477 479 479 480 481 482 483 436 436 438 438 440 440 441 442 442 444 444 445 446 447 447 449 449 450 451 451 453 453 455 455 456 458 458 459 460 460
611 610 610 610 609 610 609 609 609 608 466 465 465 465 464 464 464 464 463 463 463 463 464 463 465 465 464 465 464 466 466 465 466 465 466 465 466 466 465 466 465 466 465 465 465 466 468 468 469 470 471 472 473 473 475 475 477 477 478 479 480 481 482 482 436 436 438 438 439 440 440 442 442 443 444 445 445 447 447 448 449 449 451 451 453 453 453 455 456 457 458 459 460 460
611 610 610 610 609 610 609 609 609 608 466 465 465 465 464 464 464 464 463 462 463 463 463 463 464 464 464 465 464 466 465 465 466 465 466 465 465 465 465 466 465 465 465 465 465 466 466 468 468 470 471 471 473 473 475 475 476 477 478 479 480 480 482 482 435 436 436 438 438 440 440 441 442 443 443 445 445 446 447 447 449 449 451 451 452 453 453 455 456 457 458 458 459 460
610 610 610 610 609 609 609 609 609 465 466 465 464 465 464 464 464 463 463 462 463 463 462 463 464 464 464 464 464 465 465 465 465 465 465 465 465 465 465 464 465 465 465 465 464 466 466 468 468 469 470 471 472 473 473 475 475 477 477 478 479 480 481 482 434 436 436 438 438 439 440 441 441 443 443 444 445 445 447 447 449 449 450 451 451 452 453 455 456 456 457 458 459 459
610 610 610 609 609 609 609 609 609 465 465 465 464 465 464 463 464 463 463 463 462 463 462 464 463 464 464 463 465 464 465 465 464 465 464 465 465 464 465 464 465 464 464 464 464 466 466 467 468 469 470 471 471 473 473 475 475 476 477 478 479 480 480 482 434 436 436 437 438 439 439 441 441 442 443 443 445 445 447 447 448 449 449 450 451 452 454 455 455 456 457 457 459 459
610 609 610 609 609 609 609 609 608 465 465 465 464 464 464 463 464 463 463 463 462 462 462 464 463 463 464 463 465 464 464 465 464 465 464 464 464 464 465 464 464 464 464 464 464 464 466 467 468 469 469 471 471 473 473 474 475 476 477 478 478 480 480 482 434 435 436 437 438 438 439 440 441 441 443 443 445 445 446 447 447 448 449 450 451 452 453 454 455 455 457 457 458 459
610 609 610 609 609 609 608 609 608 465 465 464 464 464 464 463 464 463 462 463 462 462 462 462 463 463 463 463 464 464 464 464 464 464 464 464 464 464 463 464 464 464 464 463 464 464 466 466 467 468 469 470 471 472 473 474 475 476 476 478 478 480 480 480 434 434 436 436 437 438 439 439 441 441 443 443 444 445 445 447 447 448 449 450 450 452 453 454 455 455 457 457 457 459
610 609 610 609 608 609 608 609 608 464 465 464 464 464 464 463 463 463 462 463 462 461 462 462 463 463 462 463 463 464 464 463 464 463 464 464 463 464 463 464 463 463 464 463 464 464 465 466 467 468 469 469 471 471 473 473 474 475 476 477 478 478 480 480 434 434 435 436 437 437 439 439 441 441 441 443 443 445 445 446 447 448 448 449 450 452 453 453 455 455 455 457 457 458
610 609 609 609 609 609 608 608 608 464 465 464 464 464 463 463 463 463 462 462 462 461 462 462 462 462 462 463 463 463 463 463 464 463 463 463 463 464 463 463 463 463 463 463 462 464 465 466 467 467 469 469 471 471 472 473 474 475 476 476 478 478 480 480 433 434 435 435 437 437 439 439 439 441 441 443 443 444 445 446 446 447 448 449 451 451 453 453 453 455 455 456 457 458
609 609 609 609 608 609 608 608 608 464 465 464 463 464 463 463 463 462 462 462 462 461 460 462 462 462 462 461 463 463 463 463 462 463 463 463 463 462 463 463 463 463 462 463 462 464 464 465 466 467 469 469 470 471 472 473 474 474 476 476 478 478 479 480 433 433 435 435 436 437 437 439 439 441 441 442 443 444 444 445 446 447 448 448 451 451 451 453 453 455 455 456 457 457
609 609 609 609 608 608 608 608 465 464 464 464 463 464 463 462 463 462 462 462 461 461 460 462 461 461 462 461 463 463 463 463 462 463 463 463 463 462 463 462 463 463 462 463 462 463 464 465 466 467 467 469 469 471 471 472 473 474 475 476 476 478 478 480 432 433 434 435 435 437 437 439 439 440 441 442 442 443 444 445 446 446 448 449 449 451 451 453 453 454 455 455 456 457
609 609 609 608 608 608 608 608 464 464 464 464 463 463 463 462 463 462 461 462 461 461 460 462 461 461 462 461 463 462 462 463 462 463 462 462 463 462 463 462 462 462 462 461 462 463 464 465 465 467 467 469 469 470 471 472 473 474 474 476 476 478 478 479 432 433 433 435 435 437 437 438 439 439 440 441 442 443 444 444 446 446 446 449 449 451 451 452 453 453 454 455 456 456
609 608 609 608 608 608 607 608 464 464 464 463 463 463 463 462 462 462 461 462 461 461 460 461 461 461 461 461 462 462 462 462 462 462 462 462 462 462 462 462 462 462 462 461 462 462 463 464 465 467 467 468 469 470 471 472 472 474 474 476 476 477 478 479 431 433 433 435 435 435 437 437 438 439 440 441 442 442 444 444 444 446 447 449 449 450 451 451 452 453 454 454 456 456
609 608 609 608 607 608 607 608 464 463 464 463 463 463 463 462 462 462 461 461 461 460 460 459 461 461 460 461 460 462 462 461 462 461 462 462 461 462 461 462 461 461 462 461 461 462 463 464 465 465 467 467 469 469 470 472 472 474 474 475 476 477 477 478 431 432 433 433 435 435 436 437 438 439 440 440 442 442 442 444 444 446 447 448 449 450 450 451 452 452 454 454 455 456
609 608 608 608 607 608 607 607 464 463 464 463 463 463 462 462 462 462 461 460 461 460 460 459 460 460 460 461 460 461 461 461 462 461 461 461 461 462 461 461 461 461 461 461 461 462 463 463 465 465 467 467 468 469 470 471 472 472 474 474 475 476 477 478 431 431 433 433 435 435 436 437 438 438 440 440 441 442 442 444 444 445 447 448 448 449 450 451 452 452 453 454 454 456
