testData/tiles/oneDegree/grid27.0-1.0-28.0-2.0.asc
ncols   200
nrows   200
xllcorner   27.0
yllcorner   1.0
cellsize   0.005
NODATA_value   -9999.0
[rows 126 to 167 of 200, columns 94 to 187 of 200]
279 280 280 281 281 281 282 282 283 283 284 284 285 285 285 286 286 287 287 287 288 288 289 289 289 290 290 290 291 291 291 292 292 292 293 293 293 294 294 294 295 295 295 296 296 296 297 297 297 297 298 298 298 298 299 312 327 338 345 352 358 364 368 373 377 381 385 389 264 267 270 273 276 278 281 291 294 296 298 301 304 306 308 310 312 314 316 318 320 321 323 325 326 329
279 280 280 281 281 282 282 283 283 284 284 284 285 285 286 286 287 287 287 288 288 288 289 289 290 290 290 291 291 291 292 292 292 293 293 293 294 294 294 295 295 295 296 296 296 297 297 297 297 298 298 298 299 299 299 299 324 335 343 350 357 362 367 371 375 380 384 259 263 267 270 272 275 277 281 290 293 295 298 301 303 305 307 309 311 314 316 317 319 321 322 325 327 328
280 280 281 281 282 282 283 283 283 284 284 285 285 286 286 286 287 287 288 288 288 289 289 290 290 290 291 291 291 292 292 292 293 293 293 294 294 294 295 295 295 296 296 296 297 297 297 297 298 298 298 299 299 299 299 300 320 332 341 349 355 360 365 371 375 379 255 258 263 266 269 271 274 277 280 290 292 294 298 300 302 304 306 309 311 313 315 317 318 321 323 324 326 327
280 281 281 282 282 282 283 283 284 284 285 285 286 286 286 287 287 288 288 288 289 289 289 290 290 291 291 291 292 292 292 293 293 293 294 294 294 295 295 295 296 296 296 297 297 297 297 298 298 298 299 299 299 299 300 300 314 329 339 347 353 359 365 369 374 378 253 258 261 265 268 271 274 276 279 289 292 294 297 299 301 303 306 308 310 312 314 317 318 320 322 323 325 327
280 281 281 282 282 283 283 284 284 285 285 285 286 286 287 287 287 288 288 289 289 289 290 290 291 291 291 292 292 292 293 293 293 294 294 294 295 295 295 296 296 296 297 297 297 297 298 298 298 299 299 299 299 300 300 300 300 326 336 344 351 358 363 368 372 249 253 257 260 263 268 270 273 275 278 289 291 293 296 298 301 303 305 307 309 311 314 316 318 319 321 323 325 327
281 281 282 282 283 283 284 284 284 285 285 286 286 287 287 287 288 288 289 289 289 290 290 290 291 291 292 292 292 293 293 293 294 294 294 295 295 295 296 296 296 297 297 297 297 298 298 298 299 299 299 299 300 300 300 300 301 321 333 342 350 356 361 366 372 248 252 255 259 263 266 269 271 275 285 288 290 292 295 298 300 302 305 307 310 311 313 315 317 319 321 323 325 326
281 282 282 282 283 283 284 284 285 285 286 286 286 287 287 288 288 288 289 289 290 290 290 291 291 291 292 292 293 293 293 294 294 294 295 295 295 296 296 296 296 297 297 297 298 298 298 299 299 299 299 300 300 300 300 301 301 315 330 340 348 354 359 365 242 246 250 255 259 262 265 268 271 274 284 287 289 293 295 297 299 302 304 307 309 311 312 314 316 319 321 322 324 325
281 282 282 283 283 284 284 285 285 285 286 286 287 287 288 288 288 289 289 290 290 290 291 291 291 292 292 292 293 293 294 294 294 295 295 295 296 296 296 296 297 297 297 298 298 298 299 299 299 299 300 300 300 300 301 301 301 304 327 337 345 352 359 364 240 245 250 254 257 261 264 268 270 273 283 286 289 292 294 296 298 302 304 306 308 310 312 314 316 318 320 321 323 325
282 282 283 283 284 284 284 285 285 286 286 287 287 287 288 288 289 289 289 290 290 291 291 291 292 292 292 293 293 293 294 294 294 295 295 295 296 296 296 297 297 297 298 298 298 299 299 299 299 300 300 300 300 301 301 301 301 302 322 334 343 351 357 234 239 244 248 252 256 260 264 267 269 272 282 285 288 291 293 295 299 301 303 305 307 309 312 314 315 317 319 321 323 325
282 282 283 283 284 284 285 285 286 286 287 287 287 288 288 289 289 289 290 290 291 291 291 292 292 292 293 293 293 294 294 294 295 295 295 296 296 296 297 297 297 298 298 298 298 299 299 299 300 300 300 300 301 301 301 301 302 302 316 331 341 348 227 232 238 243 247 251 256 259 263 266 268 272 282 284 287 290 293 295 298 300 302 304 307 309 311 313 315 316 319 321 322 324
282 283 283 284 284 285 285 286 286 286 287 287 288 288 288 289 289 290 290 290 291 291 292 292 292 293 293 293 294 294 294 295 295 295 296 296 296 297 297 297 298 298 298 298 299 299 299 300 300 300 300 301 301 301 301 302 302 302 305 328 338 346 224 231 236 241 245 251 254 258 261 265 268 278 281 283 286 290 292 294 297 299 301 304 306 308 310 312 314 317 318 320 322 323
283 283 284 284 284 285 285 286 286 287 287 288 288 288 289 289 290 290 290 291 291 291 292 292 293 293 293 294 294 294 295 295 295 296 296 296 297 297 297 298 298 298 298 299 299 299 300 300 300 300 301 301 301 301 302 302 302 303 303 323 335 215 223 229 235 239 245 249 253 257 260 264 267 277 279 282 286 288 291 293 296 299 301 303 305 307 309 312 314 316 317 319 321 322
283 283 284 284 285 285 286 286 287 287 287 288 288 289 289 289 290 290 291 291 291 292 292 292 293 293 294 294 294 295 295 295 296 296 296 297 297 297 298 298 298 298 299 299 299 300 300 300 300 301 301 301 301 302 302 302 303 303 303 317 331 214 221 227 233 239 243 248 252 255 260 263 265 275 278 282 285 287 290 292 296 298 300 302 304 306 309 311 313 315 317 318 321 323
283 284 284 285 285 286 286 286 287 287 288 288 289 289 289 290 290 291 291 291 292 292 292 293 293 293 294 294 295 295 295 296 296 296 297 297 297 297 298 298 298 299 299 299 300 300 300 300 301 301 301 301 302 302 302 303 303 303 303 303 200 211 218 225 232 237 242 246 251 255 258 262 264 275 278 281 284 286 290 292 295 297 299 301 304 306 308 310 312 314 317 319 320 322
284 284 284 285 285 286 286 287 287 288 288 288 289 289 290 290 290 291 291 292 292 292 293 293 293 294 294 294 295 295 295 296 296 296 297 297 297 298 298 298 299 299 299 300 300 300 300 301 301 301 301 302 302 302 303 303 303 303 304 176 195 207 216 224 230 235 240 245 250 253 257 261 264 274 277 280 283 286 289 291 294 296 298 301 304 306 308 309 311 314 316 318 319 321
284 284 285 285 286 286 287 287 287 288 288 289 289 289 290 290 291 291 291 292 292 293 293 293 294 294 294 295 295 295 296 296 296 297 297 297 298 298 298 299 299 299 300 300 300 300 301 301 301 301 302 302 302 303 303 303 303 304 304 176 188 204 214 221 228 233 239 244 248 252 256 260 263 273 276 279 282 285 288 290 293 296 298 300 303 305 307 310 311 313 315 317 319 320
284 285 285 286 286 286 287 287 288 288 289 289 289 290 290 291 291 291 292 292 292 293 293 294 294 294 295 295 295 296 296 296 297 297 297 298 298 298 299 299 299 299 300 300 300 301 301 301 301 302 302 302 303 303 303 303 304 304 176 176 176 200 211 219 225 232 237 242 246 250 255 259 268 271 275 279 281 284 287 289 293 295 297 299 302 304 307 309 311 312 314 316 319 320
284 285 285 286 286 287 287 288 288 288 289 289 290 290 290 291 291 292 292 292 293 293 293 294 294 295 295 295 296 296 296 297 297 297 298 298 298 299 299 299 299 300 300 300 301 301 301 301 302 302 302 303 303 303 303 304 304 304 176 176 177 195 207 216 224 230 235 240 246 250 254 257 267 271 274 277 280 283 286 289 292 294 296 298 302 304 306 308 310 312 313 316 318 319
285 285 286 286 287 287 287 288 288 289 289 290 290 290 291 291 292 292 292 293 293 293 294 294 294 295 295 296 296 296 297 297 297 298 298 298 298 299 299 299 300 300 300 301 301 301 301 302 302 302 302 303 303 303 304 304 304 176 177 177 177 187 204 214 222 228 234 240 244 248 252 256 267 270 273 276 279 283 285 288 291 293 295 298 301 303 305 307 309 312 313 315 317 319
285 285 286 286 287 287 288 288 289 289 289 290 290 291 291 291 292 292 293 293 293 294 294 294 295 295 295 296 296 296 297 297 297 298 298 298 299 299 299 300 300 300 301 301 301 301 302 302 302 302 303 303 303 304 304 304 176 177 177 177 177 177 200 211 219 226 232 238 242 247 251 255 265 269 272 275 279 282 284 287 289 292 295 297 300 302 304 306 309 311 313 314 316 318
285 286 286 287 287 288 288 288 289 289 290 290 290 291 291 292 292 292 293 293 294 294 294 295 295 295 296 296 296 297 297 297 298 298 298 299 299 299 300 300 300 300 301 301 301 302 302 302 302 303 303 303 304 304 304 304 177 177 177 177 177 178 194 207 216 224 230 236 241 245 250 253 264 267 270 275 278 280 283 286 289 292 294 296 299 301 304 306 308 310 312 313 315 318
286 286 287 287 287 288 288 289 289 290 290 290 291 291 292 292 292 293 293 293 294 294 295 295 295 296 296 296 297 297 297 298 298 298 299 299 299 300 300 300 300 301 301 301 302 302 302 302 303 303 303 303 304 304 304 177 177 177 177 177 178 178 185 203 214 222 228 234 239 244 249 252 262 266 270 273 276 279 282 286 288 291 293 295 298 301 303 305 307 309 311 314 315 317
286 286 287 287 288 288 289 289 289 290 290 291 291 291 292 292 293 293 293 294 294 294 295 295 296 296 296 297 297 297 298 298 298 299 299 299 299 300 300 300 301 301 301 302 302 302 302 303 303 303 303 304 304 304 176 177 177 177 177 178 178 178 178 199 211 219 226 232 238 243 247 250 262 265 269 272 275 278 282 284 287 290 292 295 298 300 302 304 306 308 311 313 314 316
286 287 287 288 288 288 289 289 290 290 290 291 291 292 292 292 293 293 294 294 294 295 295 295 296 296 296 297 297 297 298 298 298 299 299 299 300 300 300 301 301 301 302 302 302 302 303 303 303 303 304 304 304 304 177 177 177 177 178 178 178 178 179 193 207 216 224 230 236 241 245 256 260 264 267 271 275 278 281 283 286 288 292 294 297 299 301 303 306 308 310 312 313 315
286 287 287 288 288 289 289 289 290 290 291 291 292 292 292 293 293 293 294 294 295 295 295 296 296 296 297 297 297 298 298 298 299 299 299 300 300 300 301 301 301 301 302 302 302 303 303 303 303 304 304 304 304 177 177 177 177 178 178 178 178 179 179 179 203 214 222 228 234 239 243 255 259 262 266 270 273 276 279 282 285 288 291 293 295 298 300 303 305 307 309 311 313 315
287 287 288 288 288 289 289 290 290 291 291 291 292 292 293 293 293 294 294 294 295 295 296 296 296 297 297 297 298 298 298 299 299 299 300 300 300 301 301 301 301 302 302 302 303 303 303 303 304 304 304 304 177 177 177 177 178 178 178 178 179 179 179 179 198 210 219 226 232 238 242 253 257 261 265 269 272 275 278 282 285 287 290 292 294 298 300 302 304 306 308 310 313 314
287 287 288 288 289 289 290 290 290 291 291 292 292 292 293 293 294 294 294 295 295 295 296 296 297 297 297 298 298 298 299 299 299 300 300 300 300 301 301 301 302 302 302 303 303 303 303 304 304 304 304 305 177 177 177 178 178 178 178 179 179 179 179 180 191 206 216 223 230 236 240 251 255 260 264 267 271 274 278 281 283 286 288 291 294 297 299 301 303 305 308 310 312 313
287 288 288 289 289 289 290 290 291 291 292 292 292 293 293 293 294 294 295 295 295 296 296 296 297 297 297 298 298 298 299 299 299 300 300 300 301 301 301 302 302 302 302 303 303 303 304 304 304 304 305 177 177 177 178 178 178 178 179 179 179 179 180 180 180 202 212 221 228 233 238 249 255 259 262 266 269 273 276 279 282 285 287 291 293 295 298 300 302 305 307 309 311 312
288 288 288 289 289 290 290 291 291 291 292 292 293 293 293 294 294 294 295 295 296 296 296 297 297 297 298 298 298 299 299 299 300 300 300 301 301 301 302 302 302 302 303 303 303 304 304 304 304 305 305 177 177 178 178 178 178 179 179 179 179 180 180 180 180 196 210 218 225 230 236 249 253 257 261 264 269 272 275 278 281 285 287 290 292 294 297 299 302 304 306 308 310 312
288 288 289 289 290 290 290 291 291 292 292 292 293 293 294 294 294 295 295 295 296 296 297 297 297 298 298 298 299 299 299 300 300 300 301 301 301 301 302 302 302 303 303 303 303 304 304 304 305 305 177 177 178 178 178 178 179 179 179 179 180 180 180 180 180 185 205 215 223 228 235 247 251 255 259 264 267 271 274 277 281 283 286 288 291 293 297 299 301 303 305 307 309 312
288 288 289 289 290 290 291 291 291 292 292 293 293 293 294 294 295 295 295 296 296 296 297 297 298 298 298 299 299 299 300 300 300 300 301 301 301 302 302 302 303 303 303 303 304 304 304 305 305 177 177 178 178 178 178 179 179 179 179 180 180 180 180 180 181 181 200 212 220 227 232 245 249 254 259 262 266 269 272 276 279 282 285 287 290 293 295 298 300 302 304 307 309 311
288 289 289 290 290 290 291 291 292 292 293 293 293 294 294 294 295 295 296 296 296 297 297 297 298 298 298 299 299 299 300 300 300 301 301 301 302 302 302 303 303 303 303 304 304 304 305 305 305 177 178 178 178 178 179 179 179 179 180 180 180 180 180 181 181 181 192 209 217 224 237 242 248 253 257 261 264 268 272 275 278 281 283 286 290 292 294 297 299 301 304 306 308 310
289 289 289 290 290 291 291 292 292 292 293 293 294 294 294 295 295 295 296 296 297 297 297 298 298 298 299 299 299 300 300 300 301 301 301 302 302 302 302 303 303 303 304 304 304 304 305 305 177 178 178 178 178 179 179 179 179 180 180 180 180 180 181 181 181 181 182 203 213 221 235 241 246 251 255 259 263 267 270 274 277 279 283 286 288 291 293 295 298 301 303 305 307 309
289 289 290 290 291 291 291 292 292 293 293 293 294 294 295 295 295 296 296 296 297 297 298 298 298 299 299 299 300 300 300 301 301 301 301 302 302 302 303 303 303 304 304 304 304 305 305 177 177 178 178 178 179 179 179 179 179 180 180 180 180 181 181 181 181 182 182 196 209 218 233 239 244 249 253 258 262 266 269 272 275 279 282 285 287 290 292 295 297 300 302 304 306 308
289 290 290 290 291 291 292 292 292 293 293 294 294 294 295 295 296 296 296 297 297 297 298 298 298 299 299 299 300 300 300 301 301 301 302 302 302 303 303 303 303 304 304 304 305 305 177 177 178 178 178 178 179 179 179 179 180 180 180 180 181 181 181 181 182 182 181 184 205 216 230 236 242 247 252 257 260 264 267 271 275 278 281 283 286 288 292 294 296 299 301 303 305 308
289 290 290 291 291 291 292 292 293 293 294 294 294 295 295 295 296 296 297 297 297 298 298 298 299 299 299 300 300 300 301 301 301 302 302 302 303 303 303 303 304 304 304 305 305 305 177 178 178 178 178 179 179 179 179 180 180 180 180 181 181 181 181 182 182 182 181 181 200 212 227 234 240 246 250 255 259 262 266 270 273 276 279 282 285 288 291 293 295 297 299 303 305 306
290 290 290 291 291 292 292 293 293 293 294 294 295 295 295 296 296 296 297 297 298 298 298 299 299 299 300 300 300 301 301 301 302 302 302 302 303 303 303 304 304 304 305 305 305 177 178 178 178 178 179 179 179 179 180 180 180 180 181 181 181 181 182 182 182 181 181 182 192 208 224 231 238 244 248 253 257 262 265 269 272 275 278 282 284 287 289 292 294 296 299 301 303 305
290 290 291 291 292 292 292 293 293 294 294 294 295 295 296 296 296 297 297 297 298 298 298 299 299 299 300 300 300 301 301 301 302 302 302 303 303 303 304 304 304 304 305 305 177 178 178 178 178 179 179 179 179 180 180 180 180 181 181 181 181 181 182 182 181 181 182 182 182 203 220 229 236 241 246 251 256 260 264 267 270 274 277 280 283 286 288 291 294 296 298 300 302 304
290 290 291 291 292 292 293 293 293 294 294 295 295 295 296 296 297 297 297 298 298 298 299 299 299 300 300 300 301 301 301 302 302 302 303 303 303 303 304 304 304 305 305 305 177 178 178 178 179 179 179 179 180 180 180 180 181 181 181 181 181 182 182 182 181 182 182 182 182 196 217 226 233 239 244 250 254 258 262 266 269 273 276 279 282 284 287 290 293 295 297 299 301 303
290 291 291 292 292 292 293 293 294 294 294 295 295 296 296 296 297 297 297 298 298 299 299 299 300 300 300 301 301 301 302 302 302 303 303 303 303 304 304 304 305 305 305 177 178 178 178 179 179 179 179 180 180 180 180 181 181 181 181 181 182 182 182 181 182 182 182 182 182 183 213 223 230 236 243 248 252 256 260 264 268 272 275 278 280 283 287 289 291 294 296 298 300 303
291 291 291 292 292 293 293 293 294 294 295 295 295 296 296 297 297 297 298 298 298 299 299 299 300 300 300 301 301 301 302 302 302 303 303 303 304 304 304 305 305 305 177 178 178 178 178 179 179 179 179 180 180 180 180 181 181 181 181 182 182 182 181 182 182 182 182 182 183 190 206 219 227 235 241 246 250 255 259 263 267 270 273 276 279 283 285 288 290 292 295 298 300 302
291 291 292 292 292 293 293 294 294 295 295 295 296 296 296 297 297 298 298 298 299 299 299 300 300 300 301 301 301 302 302 302 303 303 303 304 304 304 304 305 305 305 178 178 178 178 179 179 179 179 180 180 180 180 181 181 181 181 182 182 182 182 182 182 182 182 182 183 183 190 196 214 225 232 238 243 248 254 258 261 265 268 272 276 279 281 284 286 289 291 295 297 299 301
