testData/tiles/oneDegree/grid29.0-0.0-30.0-1.0.asc
ncols   200
nrows   200
xllcorner   29.0
yllcorner   0.0
cellsize   0.005
NODATA_value   -9999.0
[rows 126 to 167 of 200, columns 0 to 93 of 200]
265 265 265 265 265 264 264 264 264 264 263 264 263 263 262 262 262 262 262 262 262 262 262 261 261 260 261 260 260 259 258 258 258 258 257 257 256 256 256 255 255 254 255 254 253 208 207 206 206 205 205 204 203 203 203 202 201 201 200 199 198 198 197 196 195 195 195 194 194 193 192 192 191 190 189 188 187 186 185 188 187 186 185 184 183 182 181 180 179 177 176 175 174 172
265 265 265 265 265 264 264 264 264 264 263 264 263 263 262 262 262 262 261 261 262 262 262 261 261 260 261 260 259 259 258 258 258 258 257 257 256 256 256 255 255 254 254 254 207 208 207 206 206 205 204 204 203 202 203 202 201 201 200 199 198 198 197 196 195 195 195 194 193 193 192 192 191 190 189 188 187 186 185 184 183 182 181 180 183 182 181 180 179 177 176 175 174 172
265 265 265 265 265 264 264 264 264 264 263 264 263 263 262 262 262 262 261 261 261 262 262 261 261 260 260 260 259 259 258 258 258 258 257 257 256 256 256 255 255 254 254 207 207 208 207 206 206 205 204 204 203 202 203 202 201 201 200 199 198 198 197 196 195 195 195 194 193 192 192 192 191 190 189 188 187 186 185 184 183 182 181 180 179 178 177 176 175 177 176 175 174 172
265 265 264 265 265 264 264 264 264 264 263 264 263 263 262 262 262 262 261 261 260 262 261 261 260 260 260 260 259 259 258 258 258 258 257 257 256 255 256 255 255 254 208 207 206 208 207 206 206 205 204 204 203 202 203 202 201 201 200 199 198 198 197 196 195 194 195 194 193 192 191 191 191 190 189 188 187 186 185 184 183 182 181 180 179 178 177 176 174 173 172 171 170 168
265 265 264 265 265 264 264 264 264 263 263 264 263 263 262 262 262 262 261 261 260 261 261 261 260 260 260 260 259 259 258 258 258 258 257 257 256 255 256 255 255 208 207 207 206 207 207 206 206 205 204 204 203 202 203 202 201 201 200 199 198 198 197 196 195 194 195 194 193 192 191 190 191 190 189 188 187 186 185 184 183 182 181 180 179 178 177 176 174 173 172 171 169 168
265 265 264 265 265 264 264 264 264 263 263 264 263 263 262 262 262 262 261 261 260 261 260 261 260 260 260 260 259 259 258 258 258 258 257 257 256 255 256 255 209 208 207 207 206 206 206 206 206 205 204 204 203 202 203 202 201 200 200 199 198 198 197 196 195 194 195 194 193 192 191 190 190 190 189 188 187 186 185 184 183 182 181 180 179 178 177 175 174 173 172 171 169 168
264 265 264 265 265 264 264 264 264 263 263 264 263 263 262 262 262 262 261 261 260 261 260 260 260 260 260 260 259 259 258 258 258 258 257 256 256 255 256 209 209 208 207 207 206 206 206 205 206 205 204 204 203 202 203 202 201 200 200 199 198 197 197 196 195 194 195 194 193 192 191 190 189 189 189 188 187 186 185 184 183 182 181 180 179 178 177 175 174 173 172 171 169 168
264 265 264 265 265 264 264 264 264 263 263 263 263 263 262 262 262 262 261 261 260 261 260 260 260 260 260 260 259 259 258 258 258 258 257 256 256 209 210 209 209 208 207 207 206 205 206 205 205 205 204 204 203 202 202 202 201 200 200 199 198 197 197 196 195 194 194 194 193 192 191 190 189 189 188 187 187 186 185 184 183 182 181 180 179 178 176 175 174 173 172 171 169 168
264 264 264 265 264 264 264 264 264 263 263 263 263 263 262 262 262 262 261 261 260 261 260 260 259 260 260 260 259 259 258 258 258 258 257 256 210 209 210 209 208 208 207 207 206 205 206 205 205 204 204 204 203 202 201 202 201 200 200 199 198 197 197 196 195 194 194 194 193 192 191 190 189 188 188 187 186 186 185 184 183 182 181 180 179 178 176 175 174 173 172 170 169 168
264 264 263 265 264 264 264 264 264 263 263 263 263 263 262 262 262 262 261 261 260 261 260 260 259 259 260 260 259 259 258 258 258 257 257 210 210 209 210 209 208 208 207 207 206 205 206 205 204 204 203 203 203 202 201 202 201 200 200 199 198 197 197 196 195 194 193 194 193 192 191 190 189 188 187 187 186 185 185 184 183 182 181 180 179 177 176 175 174 173 172 170 169 168
264 264 263 264 264 264 264 264 264 263 263 262 263 262 262 262 262 262 261 261 260 261 260 260 259 259 259 260 259 259 258 258 258 257 211 210 210 209 210 209 208 208 207 207 206 205 206 205 204 204 203 202 203 202 201 202 201 200 199 199 198 197 196 196 195 194 193 193 193 192 191 190 189 188 187 186 186 185 184 183 183 182 181 180 178 177 176 175 174 173 172 170 169 168
264 264 263 264 264 264 263 264 264 263 263 262 263 262 262 261 262 262 261 261 260 261 260 260 259 259 259 259 259 259 258 257 258 211 211 210 210 209 210 209 208 208 207 207 206 205 206 205 204 204 203 202 202 202 201 202 201 200 199 199 198 197 196 196 195 194 193 193 193 192 191 190 189 188 187 186 185 185 184 183 182 182 181 179 178 177 176 175 174 173 171 170 169 168
264 264 263 264 263 264 263 264 264 263 263 262 263 262 262 261 262 262 261 261 260 261 260 260 259 259 259 259 258 258 258 257 212 211 211 210 210 209 208 209 208 208 207 206 206 205 206 205 204 204 203 202 202 201 201 202 201 200 199 199 198 197 196 196 195 194 193 193 193 192 191 190 189 188 187 186 185 184 183 183 181 180 180 179 178 177 176 175 174 173 171 170 169 168
264 263 263 264 263 263 263 264 264 263 263 262 263 262 262 261 262 261 261 261 260 261 260 260 259 259 259 258 258 257 212 211 212 211 211 210 210 209 208 209 208 208 207 206 206 205 206 205 204 204 203 202 202 201 200 201 201 200 199 199 198 197 196 196 195 194 193 193 192 192 191 190 189 188 187 186 185 184 183 182 181 180 179 178 178 177 176 175 174 172 171 170 169 167
264 263 263 264 263 263 262 264 263 263 263 262 263 262 262 261 262 261 261 260 260 260 260 259 259 258 259 258 258 211 212 211 212 211 211 210 210 209 208 209 208 208 207 206 206 205 205 205 204 204 203 202 201 201 200 200 201 200 199 198 198 197 196 195 195 194 193 193 192 192 191 190 189 188 187 186 185 184 183 182 181 180 179 178 177 177 176 175 174 172 171 170 169 167
264 263 263 263 263 263 262 262 263 263 263 262 263 262 262 261 262 261 261 260 260 260 260 259 259 258 259 258 212 211 211 211 212 211 211 210 209 209 208 209 208 208 207 206 206 205 205 205 204 203 203 202 201 201 200 200 200 200 199 198 198 197 196 195 195 194 193 193 192 191 191 190 189 188 187 186 185 184 183 182 181 180 179 178 177 176 175 175 173 172 171 170 169 167
264 263 263 262 263 263 262 262 263 263 263 262 263 262 262 261 262 261 261 260 260 260 260 259 259 258 258 212 212 211 211 210 212 211 211 210 209 209 208 209 208 207 207 206 206 205 205 205 204 203 203 202 201 201 200 200 200 199 199 198 198 197 196 195 195 194 193 192 192 191 191 190 189 188 187 186 185 184 183 182 181 180 179 178 177 176 175 174 173 172 171 170 168 167
264 263 263 262 263 263 262 262 262 263 262 262 263 262 262 261 262 261 261 260 260 260 260 259 259 258 212 212 212 211 211 210 211 211 210 210 209 209 208 209 208 207 207 206 206 205 205 205 204 203 203 202 201 201 200 199 199 199 198 198 198 197 196 195 194 194 193 192 192 191 190 190 189 188 187 186 185 184 183 182 181 180 179 178 177 176 175 173 172 171 171 170 168 167
264 263 263 262 263 263 262 262 262 262 262 262 262 262 262 261 262 261 261 260 260 260 260 259 213 212 212 212 212 211 211 210 211 210 210 210 209 209 208 209 208 207 207 206 205 205 204 205 204 203 203 202 201 201 200 199 199 199 198 197 196 197 196 195 194 194 193 192 192 191 190 189 189 188 187 186 185 184 183 182 181 180 179 178 177 176 175 173 172 171 170 169 168 167
264 263 263 262 263 262 262 262 262 262 261 262 262 262 262 261 261 261 261 260 260 260 260 213 213 212 212 212 212 211 211 210 209 210 209 210 209 209 208 208 208 207 207 206 205 205 204 204 204 203 203 202 201 200 200 199 199 199 198 197 196 196 196 195 194 193 193 192 192 191 190 189 189 188 187 186 185 184 183 182 181 180 179 178 177 176 174 173 172 171 170 168 167 167
263 263 263 262 263 262 262 262 262 262 261 261 262 262 261 261 261 261 261 260 260 260 214 213 213 212 212 212 212 211 210 210 209 210 209 209 209 209 208 208 208 207 207 206 205 205 204 204 204 203 202 202 201 200 200 199 199 199 198 197 196 196 195 195 194 193 193 192 192 191 190 189 188 188 187 186 185 184 183 182 181 180 179 178 177 175 174 173 172 171 170 168 167 166
263 263 263 262 263 262 262 262 262 262 261 261 262 262 261 261 260 261 261 260 260 213 214 213 213 212 212 212 211 211 210 210 209 210 209 209 208 208 208 208 208 207 206 206 205 205 204 204 204 203 202 202 201 200 200 199 199 198 198 197 196 195 195 194 194 193 192 192 191 191 190 189 188 187 187 186 185 184 183 182 181 180 179 178 176 175 174 173 172 171 169 168 167 166
263 263 263 262 263 262 262 261 262 262 261 261 261 262 261 261 260 261 260 214 213 213 213 213 212 212 211 212 211 211 210 210 209 210 209 209 208 207 208 208 208 207 206 206 205 205 204 204 204 203 202 202 201 200 200 199 199 198 198 197 196 195 195 194 193 193 192 192 191 191 190 189 188 187 186 185 185 184 183 182 181 180 179 177 176 175 174 173 172 171 169 168 167 166
263 263 263 262 263 262 262 261 262 262 261 261 261 261 261 261 260 261 214 214 213 213 213 213 212 212 211 212 211 211 210 210 209 210 209 208 208 207 207 207 208 207 206 206 205 204 204 204 204 203 202 202 201 200 199 199 199 198 198 197 196 195 195 194 193 192 191 191 191 191 190 189 188 187 186 185 184 183 182 182 180 179 178 177 176 175 174 173 172 170 169 168 167 166
263 263 262 262 263 262 262 261 262 261 261 261 261 261 260 261 260 215 214 214 213 213 213 213 212 212 211 212 211 211 210 210 209 210 209 208 208 207 207 206 207 207 206 206 205 204 204 204 203 203 202 201 201 200 199 199 198 198 197 197 196 195 194 194 193 192 191 190 191 191 190 189 188 187 186 185 184 183 182 181 180 179 178 177 176 175 174 173 171 170 169 168 166 166
263 263 262 262 263 262 262 261 262 261 261 261 261 261 260 214 214 215 214 214 213 213 213 213 212 212 211 212 211 211 210 210 209 209 209 208 208 207 207 206 206 207 206 206 205 204 204 204 203 203 202 201 201 200 199 199 198 198 197 197 196 195 194 194 193 192 191 190 189 190 190 189 188 187 186 185 184 183 182 181 180 179 178 177 176 175 174 173 171 170 169 168 166 166
263 263 262 262 262 262 262 261 262 261 261 260 261 261 214 214 213 215 214 214 213 213 213 213 212 212 211 212 211 211 210 210 209 209 209 208 208 207 207 206 206 206 206 205 205 204 204 203 203 203 202 201 201 200 199 198 198 198 197 197 196 195 194 193 193 192 191 190 189 188 189 189 188 187 186 185 184 183 182 181 180 179 178 177 176 175 174 172 171 170 169 167 166 166
263 263 262 262 262 262 262 261 262 261 261 260 260 214 214 214 213 214 214 214 213 213 213 213 212 212 211 212 211 211 210 209 209 209 209 208 208 207 206 206 206 206 205 205 205 204 204 203 203 203 202 201 201 200 199 198 198 198 197 196 196 195 194 193 193 192 191 190 189 188 189 188 188 187 186 185 184 183 182 181 180 179 178 177 176 175 173 172 171 170 169 167 166 166
263 263 262 262 262 262 261 261 262 261 261 214 214 214 214 213 213 214 213 214 213 213 213 213 212 212 211 210 211 210 210 209 209 209 209 208 208 207 206 206 206 206 205 204 204 204 203 203 203 202 202 201 200 200 199 198 198 198 197 196 196 195 194 193 192 192 191 190 189 188 188 188 187 186 186 185 184 183 182 181 180 179 178 177 176 175 173 172 171 170 168 167 166 166
262 262 262 262 262 262 261 261 262 261 215 214 214 214 214 213 213 213 213 212 213 212 213 212 212 211 211 210 211 210 210 209 209 208 209 208 207 207 206 206 206 205 205 204 204 203 203 203 203 202 202 201 200 200 199 198 197 198 197 196 196 195 194 193 192 192 191 190 189 188 187 187 187 186 185 185 184 183 182 181 180 179 178 177 175 174 173 172 171 170 168 167 166 166
262 262 262 262 262 262 261 261 261 215 215 214 214 214 214 213 213 213 213 212 212 212 213 212 212 211 211 210 211 210 210 209 209 208 209 208 207 207 206 206 206 205 205 204 204 203 202 203 203 202 202 201 200 200 199 198 197 197 197 196 195 195 194 193 192 191 191 190 189 188 187 187 186 186 185 184 184 183 182 181 180 179 178 176 175 174 173 172 171 169 168 167 166 166
262 262 262 262 261 262 261 215 214 215 215 214 214 214 214 213 213 213 213 212 212 211 213 212 212 211 211 210 211 210 210 209 209 208 208 208 207 207 206 206 206 205 205 204 203 203 202 201 203 202 201 201 200 199 199 198 197 197 197 196 195 195 194 193 192 191 191 190 189 188 187 187 186 185 184 184 183 182 182 181 180 178 177 176 175 174 173 172 171 169 168 167 166 166
262 262 262 261 261 262 215 215 214 215 214 214 214 214 214 213 213 212 213 212 212 211 211 212 212 211 211 210 211 210 210 209 208 208 208 208 207 207 206 205 205 205 205 204 203 203 202 201 202 202 201 201 200 199 199 198 197 196 197 196 195 194 194 193 192 191 190 190 189 188 187 186 186 185 184 183 182 181 180 180 179 178 177 176 175 174 173 172 170 169 168 167 166 166
262 262 262 261 261 216 215 215 214 215 214 214 213 214 214 213 213 212 213 212 212 211 211 211 212 211 211 210 211 210 209 209 208 208 208 208 207 207 206 205 205 205 204 204 203 203 202 201 201 201 201 201 200 199 199 198 197 196 197 196 195 194 194 193 192 191 190 189 189 188 187 186 186 185 184 183 182 181 180 179 178 178 177 176 175 174 173 171 170 169 168 166 166 166
262 262 262 215 215 215 215 215 214 215 214 214 213 214 213 213 212 212 213 212 212 211 211 211 211 211 211 210 210 210 209 209 208 208 208 208 207 206 206 205 205 205 204 204 203 203 202 201 201 201 200 200 200 199 198 198 197 196 196 196 195 194 193 193 192 191 190 189 188 188 187 186 186 185 184 183 182 181 180 179 178 177 176 176 175 174 173 171 170 169 168 166 166 166
260 262 216 215 215 215 215 214 214 215 214 214 213 214 213 213 212 212 212 212 211 211 210 211 210 210 210 210 210 210 209 209 208 208 208 207 207 206 206 205 205 205 204 204 203 202 202 201 200 201 200 199 199 199 198 198 197 196 195 196 195 194 193 193 192 191 190 189 188 187 187 186 185 185 184 183 182 181 180 179 178 177 176 175 175 174 172 171 170 169 167 166 166 166
214 215 216 215 215 215 215 214 214 215 214 214 213 214 213 213 212 212 212 212 211 211 210 211 210 210 209 210 210 210 209 209 208 208 208 207 207 206 206 205 204 205 204 204 203 202 202 201 200 201 200 199 199 198 198 197 197 196 195 196 195 194 193 192 192 191 190 189 188 187 186 186 185 185 184 183 182 181 180 179 178 177 176 175 174 172 172 171 170 169 167 166 166 166
214 215 215 215 215 215 215 214 214 214 214 214 213 214 213 213 212 212 212 212 211 211 210 211 210 210 209 209 209 210 209 209 208 207 207 207 207 206 206 205 204 205 204 203 203 202 202 201 200 201 200 199 199 198 197 197 197 196 195 195 195 194 193 192 191 191 190 189 188 187 186 185 185 185 184 183 182 181 180 179 178 177 176 174 173 172 171 170 170 168 167 166 166 166
214 215 214 215 215 215 215 214 214 214 214 213 213 213 213 213 212 212 212 212 211 211 210 211 210 210 209 209 208 210 209 208 208 207 207 207 207 206 205 205 204 204 204 203 203 202 201 201 200 200 200 199 198 198 197 196 196 196 195 195 195 194 193 192 191 191 190 189 188 187 186 185 184 183 184 183 182 181 180 179 178 177 175 174 173 172 171 170 168 168 167 166 166 166
214 215 214 214 214 215 215 214 214 214 214 213 213 212 213 213 212 212 212 212 211 211 210 211 210 210 209 209 208 208 209 208 208 207 207 207 207 206 205 205 204 204 204 203 203 202 201 201 200 199 200 199 198 198 197 196 195 195 195 194 194 194 193 192 191 190 190 189 188 187 186 185 184 183 183 182 181 181 179 178 177 176 175 174 173 172 171 170 168 167 166 166 166 166
214 215 214 214 213 215 214 214 214 214 214 213 213 212 213 212 212 211 212 212 211 211 210 211 210 209 209 208 208 208 208 208 208 207 207 207 206 206 205 205 204 203 204 203 203 202 201 201 200 199 200 199 198 197 197 196 195 195 194 194 194 193 193 192 191 190 189 189 188 187 186 185 184 183 182 182 181 180 179 178 177 176 175 174 173 172 171 169 168 167 166 165 165 166
214 214 214 214 213 214 214 214 214 213 214 213 213 212 213 212 212 211 211 211 211 210 210 209 210 209 209 208 208 208 208 207 208 207 206 207 206 206 205 205 204 203 204 203 202 202 201 200 200 199 199 199 198 197 197 196 195 194 194 193 193 193 193 192 191 190 189 188 188 187 186 185 184 183 182 182 181 180 179 178 177 176 175 174 173 172 170 169 168 167 165 165 165 165
