testData/tiles/oneDegree/grid12.0-37.0-13.0-38.0.asc
ncols   200
nrows   200
xllcorner   12.0
yllcorner   37.0
cellsize   0.005
NODATA_value   -9999.0
[rows 84 to 125 of 200, columns 94 to 187 of 200]
333 332 331 466 465 464 463 463 462 462 461 460 459 458 457 456 455 454 453 452 451 450 449 449 448 447 446 445 444 443 442 441 440 439 438 437 436 434 434 464 463 462 461 460 459 458 457 456 457 458 459 459 460 460 461 461 461 462 462 461 461 461 462 462 462 462 485 485 484 485 485 485 485 485 484 484 484 485 485 486 487 487 352 353 354 354 354 355 356 356 357 357 358 357
333 332 331 329 328 327 328 327 462 461 460 459 458 457 456 455 454 453 452 451 450 450 449 448 447 446 445 444 443 442 441 440 439 438 437 436 435 435 434 464 462 461 460 459 458 457 456 456 457 457 458 459 460 461 461 461 462 461 461 461 462 461 461 461 461 461 461 484 485 485 484 484 484 484 484 484 484 349 349 350 350 351 351 352 353 354 354 355 355 356 356 357 358 357
332 331 330 330 330 329 328 327 326 325 324 322 321 320 455 454 453 452 451 450 450 449 448 447 446 445 444 443 442 441 440 439 438 437 436 436 435 434 433 463 462 461 460 458 457 456 455 455 456 457 458 459 460 460 460 461 461 461 462 462 461 461 461 460 460 460 460 461 461 484 484 348 347 347 347 347 348 349 349 350 350 350 351 351 352 353 354 354 355 355 356 356 357 358
331 330 330 330 329 328 327 326 325 324 323 322 321 320 319 318 317 315 315 314 313 312 311 446 445 445 444 443 442 441 440 439 438 437 437 436 435 434 463 462 461 460 459 458 457 456 454 455 456 456 458 459 459 460 460 460 461 461 461 461 461 460 325 325 325 324 325 325 325 325 348 348 347 346 346 346 347 348 349 349 350 350 350 351 351 352 353 354 354 354 355 356 356 357
330 330 330 329 328 327 326 325 324 323 322 321 320 319 318 317 316 316 315 314 313 312 310 309 309 308 307 306 305 304 303 302 301 301 300 299 298 297 327 325 324 323 322 321 320 319 319 320 319 321 322 322 323 323 323 324 324 324 324 325 325 324 324 324 324 325 325 324 324 324 324 347 347 346 346 345 346 347 348 349 350 350 350 350 351 351 352 353 354 353 354 355 355 356
330 329 328 328 327 326 325 324 323 322 321 320 319 318 317 316 316 315 314 313 312 311 310 309 308 307 305 304 304 303 302 301 301 300 299 297 296 295 325 324 323 322 321 320 319 318 318 319 321 321 322 321 322 322 323 323 323 324 324 324 323 323 323 323 324 324 324 324 324 323 323 323 345 345 345 345 346 346 347 348 349 349 349 350 351 351 351 352 352 353 353 354 355 355
329 328 327 326 325 325 324 323 322 321 320 319 318 317 316 316 315 314 313 312 311 310 309 308 307 306 305 304 303 302 300 300 299 298 297 296 295 294 324 323 322 321 320 319 318 317 318 320 320 321 321 322 322 322 322 322 323 323 322 322 322 322 323 324 324 324 324 324 324 324 324 321 321 321 344 344 345 346 346 347 347 348 349 349 350 351 351 350 351 352 353 353 354 355
328 327 326 325 324 323 322 321 321 320 319 318 317 316 316 315 314 313 312 311 310 309 308 307 306 305 304 303 302 301 301 300 299 297 296 295 294 324 323 322 321 320 319 318 317 316 318 319 320 320 321 321 322 322 322 321 321 321 321 322 322 322 323 323 323 323 323 323 322 322 322 322 322 320 320 343 344 345 345 345 346 347 348 349 349 350 350 351 350 351 352 352 353 353
327 326 325 324 323 322 321 320 319 318 317 316 315 316 315 314 313 312 311 310 309 308 307 306 305 304 303 302 301 301 300 299 298 297 296 295 293 323 322 321 320 319 318 317 316 317 318 318 319 320 319 320 320 320 321 321 321 321 321 321 321 322 322 322 322 321 321 321 321 321 321 321 321 321 320 318 342 343 344 345 346 346 347 348 348 348 349 350 351 350 351 351 351 352
326 325 325 323 322 321 320 319 318 317 316 315 315 314 313 312 311 310 309 308 307 306 305 305 304 303 302 301 301 300 299 298 297 296 295 294 293 323 322 320 318 317 316 315 315 315 316 317 318 318 319 319 320 320 320 320 321 321 321 321 320 320 320 321 321 321 321 320 320 320 320 320 319 319 319 319 319 319 343 344 345 345 345 346 347 348 348 349 349 349 349 350 351 351
325 324 323 322 321 320 319 318 317 317 316 315 314 313 312 311 310 309 308 307 306 305 304 303 302 301 300 300 299 298 297 296 295 294 293 292 322 321 320 319 318 317 315 314 314 315 316 316 317 318 318 318 319 319 319 319 319 319 319 319 321 320 320 320 320 320 320 320 319 319 319 318 318 318 318 318 319 319 318 342 343 344 345 345 346 346 347 347 348 349 349 350 349 349
323 322 322 321 320 319 318 317 316 315 315 314 313 312 311 310 308 307 306 305 305 304 303 302 301 300 299 299 298 297 296 295 294 293 292 291 321 320 319 318 317 316 315 314 313 313 314 315 315 316 316 317 317 318 318 318 318 319 319 320 320 319 319 318 318 318 318 318 318 318 318 318 317 316 316 316 317 318 319 318 342 342 343 344 344 345 346 346 346 347 348 348 349 349
322 321 320 319 318 317 316 315 314 314 313 313 312 311 310 309 308 307 306 305 304 302 301 300 299 298 298 297 296 295 294 293 292 291 290 289 319 318 317 316 315 314 314 313 313 314 315 314 315 315 316 316 316 316 316 316 317 317 317 318 318 318 318 318 318 317 316 316 316 316 316 316 316 316 316 316 315 316 317 318 318 318 342 343 342 343 344 345 345 346 346 346 347 348
320 319 318 317 316 316 315 314 313 313 312 311 310 309 308 307 306 305 304 303 302 301 300 299 298 297 296 295 294 293 292 291 290 289 288 287 317 316 315 314 313 312 312 311 311 312 313 314 314 314 314 315 315 315 316 316 316 316 316 316 316 317 317 317 317 317 317 316 315 314 314 314 314 314 314 315 314 315 315 316 317 317 317 341 342 342 342 343 344 344 345 346 345 346
318 317 317 316 315 314 313 312 312 311 310 309 308 307 306 305 304 303 302 301 300 300 299 298 297 297 296 295 294 292 291 290 289 288 287 317 316 315 314 313 312 312 310 309 310 311 311 312 313 313 314 313 313 314 314 314 314 314 316 316 316 315 315 315 315 315 315 315 315 314 314 312 312 312 312 313 313 313 314 315 315 316 316 317 340 341 341 341 342 342 343 344 345 344
316 316 315 314 313 312 311 310 310 309 308 307 306 305 304 303 302 302 301 300 299 298 297 296 295 295 294 293 292 291 290 289 287 286 285 315 314 313 312 311 310 310 309 309 309 310 310 310 311 311 312 312 313 313 312 312 313 313 314 314 314 314 313 313 313 313 313 313 313 313 312 312 312 310 311 311 311 312 312 313 314 314 315 315 316 316 340 340 340 341 341 342 343 343
315 314 313 312 311 310 309 308 308 307 306 305 304 303 302 301 301 300 299 298 297 296 295 294 294 293 292 291 290 289 288 287 286 285 284 313 312 311 310 309 308 308 307 307 308 309 309 309 309 310 310 311 311 311 311 312 311 312 312 312 312 312 312 311 311 311 311 311 311 311 311 311 310 309 309 309 309 310 311 311 312 312 313 314 314 315 316 337 338 339 340 340 341 342
313 313 311 310 309 308 307 307 306 305 304 303 302 301 300 299 298 298 297 296 295 294 293 292 292 291 290 289 288 287 286 285 284 283 282 312 311 310 308 307 306 306 305 305 306 307 307 307 308 308 309 309 309 309 310 310 310 311 310 310 311 311 310 310 310 310 310 309 309 309 309 309 308 308 308 307 307 308 309 310 309 310 311 312 312 313 314 314 336 337 338 338 339 339
311 310 309 309 308 307 306 306 305 304 302 301 300 299 298 297 296 295 294 293 292 292 291 290 290 289 288 287 286 285 284 283 282 281 280 310 309 308 307 306 304 304 302 303 304 304 305 306 306 306 307 307 308 308 308 308 308 310 310 310 308 308 308 308 308 308 308 308 308 308 306 306 306 306 307 306 305 306 307 307 308 308 309 310 311 310 311 312 312 312 336 336 336 337
309 308 307 306 305 304 303 304 303 302 301 300 299 298 297 295 294 293 292 291 290 289 288 287 287 286 285 284 283 282 281 280 279 278 308 307 306 305 304 303 303 302 301 301 302 303 303 304 304 305 305 306 306 306 306 307 306 307 307 307 307 306 306 306 306 306 306 306 305 305 305 305 304 304 305 305 304 303 304 305 306 307 307 307 308 309 309 310 311 311 311 334 334 335
307 306 305 304 303 302 301 301 300 299 298 297 296 296 295 294 293 292 291 290 288 287 286 285 285 284 283 282 281 280 279 278 277 276 306 305 304 303 302 301 300 300 300 301 301 301 302 302 303 303 302 303 303 303 304 304 304 305 305 305 305 305 305 304 303 303 303 303 303 303 303 303 303 301 302 302 302 303 302 303 303 304 305 305 306 307 307 307 308 309 309 310 310 332
304 303 302 301 300 300 299 299 298 297 296 295 294 293 292 291 290 289 288 287 286 285 284 283 282 281 280 280 279 278 277 276 275 274 304 303 301 300 299 298 297 297 297 298 299 299 300 301 300 300 301 301 301 302 302 302 302 303 302 302 303 303 303 303 303 301 301 301 300 300 300 300 300 300 300 300 299 300 301 301 301 302 303 302 303 304 305 305 306 306 306 307 308 307
301 301 300 299 298 297 296 295 295 294 293 292 291 290 289 289 288 287 286 285 284 283 282 281 281 280 279 277 276 275 274 273 272 271 301 300 299 298 297 296 295 295 296 296 297 298 298 299 298 299 298 298 299 299 299 299 299 301 301 301 301 301 300 300 300 300 300 299 298 298 298 297 297 297 298 297 297 298 299 299 299 299 300 301 301 301 302 302 303 304 305 304 305 306
299 298 297 296 295 294 293 292 292 291 290 290 289 288 287 286 285 284 283 282 281 280 279 278 277 277 276 275 274 273 272 270 269 299 298 297 296 295 294 293 292 292 293 294 295 295 296 296 297 297 297 298 296 296 296 297 297 297 298 298 298 298 298 298 297 297 297 297 296 296 295 295 295 294 295 295 294 295 296 297 297 297 298 298 299 299 299 300 300 301 302 301 302 303
296 295 294 293 292 291 290 289 289 288 288 287 286 285 284 283 282 281 280 279 278 277 276 275 274 274 273 272 271 270 269 268 267 297 295 294 293 292 291 290 289 290 290 291 292 292 293 294 294 294 295 295 295 294 294 294 294 294 295 295 295 295 295 295 295 294 294 294 294 294 293 292 292 291 291 292 292 292 293 294 294 294 295 296 296 296 296 297 297 298 299 299 299 300
294 293 291 290 289 288 287 286 285 285 285 284 283 282 281 280 279 278 277 276 275 274 273 272 271 271 270 269 268 267 266 265 264 294 293 292 290 289 288 287 286 286 288 289 289 290 290 291 291 292 292 292 292 292 292 292 291 291 292 292 292 292 292 292 291 291 291 291 291 291 291 290 289 288 288 289 289 290 290 290 291 292 292 293 294 293 293 294 295 295 295 296 296 297
290 290 289 288 287 286 285 284 283 282 281 280 279 278 278 277 276 275 274 273 272 271 270 269 268 267 267 266 265 264 263 262 261 291 290 289 288 287 286 284 283 283 285 286 287 287 288 288 288 288 288 288 289 289 289 289 289 289 289 290 290 290 289 289 289 289 288 288 288 288 287 287 287 286 285 286 286 286 287 287 288 289 290 289 290 291 291 291 291 291 292 293 293 293
287 286 285 284 283 282 282 281 280 279 279 278 277 276 275 273 272 271 270 269 268 267 266 266 265 264 263 263 262 261 260 259 258 288 287 286 285 284 283 282 280 280 280 282 283 283 284 284 285 285 285 286 286 286 286 286 287 286 286 286 286 286 286 286 286 286 286 285 284 284 284 284 284 284 282 281 282 283 284 284 284 285 286 286 287 288 288 288 288 289 289 289 290 290
283 282 282 281 280 279 278 277 276 275 274 274 273 272 272 271 270 269 268 266 265 264 263 262 261 260 259 259 258 257 256 255 254 284 283 282 281 280 279 278 277 278 279 280 280 281 281 282 282 281 282 282 282 282 283 283 283 283 283 283 284 282 282 282 282 282 282 282 282 280 280 280 280 280 280 279 278 279 280 281 281 282 282 283 283 284 285 284 285 285 285 285 286 286
279 279 278 277 276 275 274 273 272 271 270 269 270 269 268 267 266 265 264 263 262 261 260 258 257 256 255 254 254 253 252 251 281 280 279 278 277 276 275 274 273 274 275 276 277 278 277 278 278 279 279 278 278 279 279 279 279 279 279 279 279 280 279 278 278 278 278 278 278 278 277 276 276 276 276 276 275 275 276 277 277 278 278 279 279 280 281 281 281 282 282 281 282 283
275 274 274 273 272 271 270 269 268 267 266 265 265 265 264 263 262 261 260 259 258 257 256 255 254 253 251 250 249 249 248 247 277 276 275 274 273 272 271 270 270 271 271 272 273 274 275 275 275 275 275 274 275 275 275 275 275 275 275 275 275 275 275 275 274 274 274 274 274 273 273 273 272 272 272 271 272 272 273 273 274 273 274 275 276 275 276 277 277 278 278 277 278 279
271 270 269 268 267 267 266 265 264 263 262 261 260 259 259 258 257 256 256 255 254 253 252 251 250 249 248 247 246 244 244 243 273 272 271 270 269 268 267 266 266 267 268 268 269 269 270 270 271 271 270 271 271 271 271 271 271 271 271 271 271 271 272 272 271 271 269 269 269 269 269 269 268 267 267 267 268 269 268 269 269 270 270 270 271 271 272 272 272 273 274 273 274 274
266 265 265 264 263 262 261 260 259 258 257 256 256 255 254 254 253 252 251 250 249 248 247 246 245 244 243 242 241 240 239 239 268 267 266 265 264 263 262 261 261 262 263 264 264 265 265 267 267 267 268 267 266 266 266 267 267 267 267 267 267 266 266 267 267 267 266 266 264 264 264 264 264 263 262 262 263 264 264 264 265 265 265 265 266 267 267 268 268 268 269 269 269 270
262 261 259 259 258 257 256 255 254 253 252 251 251 250 249 248 248 247 246 245 244 243 242 241 240 239 238 237 236 235 234 233 264 263 262 260 259 258 257 256 257 258 258 259 260 260 260 261 262 263 263 262 262 262 262 262 262 262 262 262 261 261 261 261 262 262 262 261 260 259 259 259 259 258 257 257 258 259 259 259 260 261 261 260 261 262 261 262 263 263 263 264 264 264
256 256 255 254 253 252 251 251 250 248 247 246 245 244 243 242 241 241 241 240 239 238 237 236 235 234 233 232 231 230 229 259 258 258 257 256 255 253 252 251 252 253 254 254 255 254 255 255 255 257 257 257 257 258 258 258 256 256 256 256 256 256 256 256 255 256 256 256 256 255 254 253 253 253 253 251 252 253 254 253 254 255 256 255 255 256 256 256 257 258 257 258 259 258
250 249 248 248 247 246 245 245 244 243 242 241 240 239 237 236 236 235 235 234 233 232 231 230 229 228 227 226 225 224 223 253 252 251 251 250 249 248 247 246 246 247 248 248 249 249 250 249 250 250 251 251 252 252 252 252 251 250 250 250 250 250 250 249 249 249 250 250 250 249 248 248 247 247 246 246 246 247 247 248 248 249 249 250 250 249 250 250 250 251 251 251 252 252
454 453 452 451 452 451 450 449 448 447 235 234 234 233 232 231 230 229 227 226 226 225 224 223 222 221 221 220 219 218 217 247 246 245 244 244 243 241 240 240 241 241 241 242 242 243 243 244 244 244 244 245 245 245 245 245 245 245 245 243 243 243 243 243 243 242 242 243 243 243 242 241 241 240 239 239 239 240 240 241 241 241 242 243 242 243 243 242 243 244 243 244 245 244
446 445 445 444 443 442 442 442 441 440 439 438 437 436 435 435 434 433 432 431 430 430 428 216 215 214 213 212 211 210 209 239 238 237 236 235 234 234 233 233 234 235 235 236 235 236 236 237 236 236 237 237 238 238 238 238 237 238 238 238 238 236 236 235 235 235 234 234 235 235 234 234 233 233 232 231 232 232 232 233 234 234 235 236 236 237 238 238 238 239 240 240 241 242
442 441 440 439 438 437 436 436 435 434 433 432 431 430 429 428 427 426 425 424 423 422 421 421 420 418 417 416 415 414 413 443 442 441 229 228 227 226 226 226 227 228 229 229 230 230 230 230 230 231 231 231 231 231 232 233 233 233 233 233 233 233 232 232 232 231 231 231 231 232 232 232 231 231 231 231 231 231 232 233 234 234 235 236 237 237 238 239 239 239 240 240 241 242
442 441 440 439 438 437 436 435 434 434 433 432 431 430 429 428 427 426 425 424 423 422 421 420 420 419 418 417 415 414 413 443 442 441 440 439 438 437 436 437 438 439 440 440 230 230 231 231 230 231 231 231 231 232 232 233 233 233 233 233 233 233 233 233 232 232 232 231 231 231 231 232 232 231 231 231 232 232 232 233 234 235 235 236 237 237 238 239 239 240 240 240 241 242
442 441 440 439 438 437 436 435 434 433 432 432 431 430 429 428 427 426 425 424 423 422 421 420 419 418 418 417 416 415 414 443 442 441 440 439 438 437 436 437 438 439 440 441 441 442 442 442 443 443 442 442 443 443 232 232 233 233 233 233 233 233 233 233 233 232 232 232 231 231 231 231 232 232 231 231 232 233 233 233 234 235 235 236 180 180 181 182 183 183 184 184 184 185
386 385 383 382 381 380 379 378 377 376 375 374 374 373 372 371 370 369 368 367 366 365 364 363 362 361 360 360 359 358 388 387 386 384 383 382 381 380 379 380 381 382 382 384 384 385 385 385 386 386 386 387 386 386 386 386 386 386 387 387 387 387 387 176 176 176 176 175 175 174 174 174 174 175 174 174 175 176 177 177 177 178 178 179 180 181 181 182 183 183 184 185 184 185
