testData/tiles/oneDegree/grid13.0-49.0-14.0-50.0.asc
ncols   200
nrows   200
xllcorner   13.0
yllcorner   49.0
cellsize   0.005
NODATA_value   -9999.0
[rows 84 to 125 of 200, columns 94 to 187 of 200]
291 291 291 291 291 291 291 291 291 291 291 291 291 291 291 291 291 291 291 291 291 291 291 291 291 291 291 291 291 291 291 291 291 290 290 290 290 290 290 290 290 290 290 218 218 218 218 218 218 218 218 218 218 218 218 218 218 218 217 217 217 170 170 170 170 170 170 170 170 170 170 170 170 170 170 170 169 169 169 169 169 169 169 169 169 169 169 169 169 168 168 168 168 168
291 291 291 291 291 291 291 291 291 291 291 291 291 291 291 291 291 291 291 291 291 291 291 291 291 291 291 291 291 291 291 291 291 291 291 291 291 291 291 291 291 291 291 290 218 218 218 218 218 218 218 218 218 218 218 218 218 218 218 218 218 218 171 171 170 170 170 170 170 170 170 170 170 170 170 170 170 170 170 170 169 169 169 169 169 169 169 169 169 169 169 169 169 168
292 292 292 292 292 292 292 292 292 292 292 292 292 291 291 291 291 291 291 291 291 291 291 291 291 291 291 291 291 291 291 291 291 291 291 291 291 291 291 291 291 291 291 291 291 219 219 219 219 219 218 218 218 218 218 218 218 218 218 218 218 218 218 171 171 171 171 171 171 170 170 170 170 170 170 170 170 170 170 170 170 170 170 170 169 169 169 169 169 169 169 169 169 169
292 292 292 292 292 292 292 292 292 292 292 292 292 292 292 292 292 292 292 292 292 292 292 292 292 292 292 292 292 292 291 291 291 291 291 291 291 291 291 291 291 291 291 291 291 291 291 219 219 219 219 219 219 219 219 219 219 218 218 218 218 218 218 218 171 171 171 171 171 171 171 171 171 171 170 170 170 170 170 170 170 170 170 170 170 170 170 170 169 169 169 169 169 169
292 292 292 292 292 292 292 292 292 292 292 292 292 292 292 292 292 292 292 292 292 292 292 292 292 292 292 292 292 292 292 292 292 292 292 292 292 292 292 292 291 291 291 291 291 291 291 291 219 219 219 219 219 219 219 219 219 219 219 219 219 219 218 218 218 171 171 171 171 171 171 171 171 171 171 171 171 171 170 170 170 170 170 170 170 170 170 170 170 170 170 170 169 169
292 292 292 292 292 292 292 292 292 292 292 292 292 292 292 292 292 292 292 292 292 292 292 292 292 292 292 292 292 292 292 292 292 292 292 292 292 292 292 292 292 292 292 292 292 292 292 292 291 219 219 219 219 219 219 219 219 219 219 219 219 219 219 219 219 219 172 172 171 171 171 171 171 171 171 171 171 171 171 171 171 171 171 170 170 170 170 170 170 170 170 170 170 170
293 293 293 293 293 293 293 293 293 293 293 293 293 293 293 293 293 293 293 293 293 293 293 293 293 293 293 292 292 292 292 292 292 292 292 292 292 292 292 292 292 292 292 292 292 292 292 292 292 292 220 220 220 220 220 219 219 219 219 219 219 219 219 219 219 219 172 172 172 172 172 172 172 171 171 171 171 171 171 171 171 171 171 171 171 171 171 170 170 170 170 170 170 170
293 293 293 293 293 293 293 293 293 293 293 293 293 293 293 293 293 293 293 293 293 293 293 293 293 293 293 293 293 293 293 293 293 293 293 293 293 293 292 292 292 292 292 292 292 292 292 292 292 292 292 220 220 220 220 220 220 220 220 220 220 219 219 219 219 219 219 172 172 172 172 172 172 172 172 172 172 171 171 171 171 171 171 171 171 171 171 171 171 171 170 170 170 170
293 293 293 293 293 293 293 293 293 293 293 293 293 293 293 293 293 293 293 293 293 293 293 293 293 293 293 293 293 293 293 293 293 293 293 293 293 293 293 293 293 293 293 293 293 293 292 292 292 292 292 292 292 220 220 220 220 220 220 220 220 220 220 220 220 220 219 219 172 172 172 172 172 172 172 172 172 172 172 172 172 171 171 171 171 171 171 171 171 171 171 171 171 171
294 294 294 294 294 294 294 294 294 294 294 294 294 294 294 294 294 294 294 294 294 294 294 293 293 293 293 293 293 293 293 293 293 293 293 293 293 293 293 293 293 293 293 293 293 293 293 293 293 293 293 293 293 292 220 220 220 220 220 220 220 220 220 220 220 220 220 220 220 173 173 172 172 172 172 172 172 172 172 172 172 172 172 172 172 171 171 171 171 171 171 171 171 171
294 294 294 294 294 294 294 294 294 294 294 294 294 294 294 294 294 294 294 294 294 294 294 294 294 294 294 294 294 294 294 294 294 294 294 293 293 293 293 293 293 293 293 293 293 293 293 293 293 293 293 293 293 293 293 221 221 221 221 220 220 220 220 220 220 220 220 220 220 220 173 173 173 173 173 173 172 172 172 172 172 172 172 172 172 172 172 172 172 171 171 171 171 171
294 294 294 294 294 294 294 294 294 294 294 294 294 294 294 294 294 294 294 294 294 294 294 294 294 294 294 294 294 294 294 294 294 294 294 294 294 294 294 294 294 294 294 294 293 293 293 293 293 293 293 293 293 293 293 293 221 221 221 221 221 221 221 221 221 220 220 220 220 220 220 173 173 173 173 173 173 173 173 173 172 172 172 172 172 172 172 172 172 172 172 172 172 171
295 295 295 295 295 295 295 295 295 295 295 295 295 295 295 295 295 295 295 294 294 294 294 294 294 294 294 294 294 294 294 294 294 294 294 294 294 294 294 294 294 294 294 294 294 294 294 294 294 294 294 293 293 293 293 293 293 221 221 221 221 221 221 221 221 221 221 221 221 221 220 220 173 173 173 173 173 173 173 173 173 173 173 173 172 172 172 172 172 172 172 172 172 172
295 295 295 295 295 295 295 295 295 295 295 295 295 295 295 295 295 295 295 295 295 295 295 295 295 295 295 295 295 295 295 295 295 294 294 294 294 294 294 294 294 294 294 294 294 294 294 294 294 294 294 294 294 294 294 294 294 293 221 221 221 221 221 221 221 221 221 221 221 221 221 221 221 174 173 173 173 173 173 173 173 173 173 173 173 173 173 173 172 172 172 172 172 172
295 295 295 295 295 295 295 295 295 295 295 295 295 295 295 295 295 295 295 295 295 295 295 295 295 295 295 295 295 295 295 295 295 295 295 295 295 295 295 295 295 295 294 294 294 294 294 294 294 294 294 294 294 294 294 294 294 294 294 222 222 222 222 221 221 221 221 221 221 221 221 221 221 174 174 174 174 174 173 173 173 173 173 173 173 173 173 173 173 173 173 172 172 172
296 296 296 296 296 296 296 296 296 296 296 296 296 295 295 295 295 295 295 295 295 295 295 295 295 295 295 295 295 295 295 295 295 295 295 295 295 295 295 295 295 295 295 295 295 295 295 295 295 294 294 294 294 294 294 294 294 294 294 294 222 222 222 222 222 222 222 222 221 221 221 221 221 221 174 174 174 174 174 174 174 174 174 173 173 173 173 173 173 173 173 173 173 173
296 296 296 296 296 296 296 296 296 296 296 296 296 296 296 296 296 296 296 296 296 296 296 296 296 296 296 296 296 296 295 295 295 295 295 295 295 295 295 295 295 295 295 295 295 295 295 295 295 295 295 295 295 295 295 295 294 294 294 294 294 294 222 222 222 222 222 222 222 222 222 222 222 221 221 174 174 174 174 174 174 174 174 174 174 174 173 173 173 173 173 173 173 173
296 296 296 296 296 296 296 296 296 296 296 296 296 296 296 296 296 296 296 296 296 296 296 296 296 296 296 296 296 296 296 296 296 296 296 296 296 296 296 296 295 295 295 295 295 295 295 295 295 295 295 295 295 295 295 295 295 295 295 295 295 294 294 222 222 222 222 222 222 222 222 222 222 222 222 222 175 174 174 174 174 174 174 174 174 174 174 174 174 174 173 173 173 173
296 296 296 296 296 296 296 296 296 296 296 296 296 296 296 296 296 296 296 296 296 296 296 296 296 296 296 296 296 296 296 296 296 296 296 296 296 296 296 296 296 296 296 296 296 296 296 295 295 295 295 295 295 295 295 295 295 295 295 295 295 295 295 295 223 223 222 222 222 222 222 222 222 222 222 222 222 175 175 175 175 174 174 174 174 174 174 174 174 174 174 174 174 174
297 297 297 297 297 297 297 297 297 297 297 297 297 297 297 297 297 297 297 297 297 297 297 297 297 297 297 296 296 296 296 296 296 296 296 296 296 296 296 296 296 296 296 296 296 296 296 296 296 296 296 296 296 296 295 295 295 295 295 295 295 295 295 295 295 223 223 223 223 223 223 222 222 222 222 222 222 175 175 175 175 175 175 175 175 174 174 174 174 174 174 174 174 174
297 297 297 297 297 297 297 297 297 297 297 297 297 297 297 297 297 297 297 297 297 297 297 297 297 297 297 297 297 297 297 297 297 297 297 297 297 296 296 296 296 296 296 296 296 296 296 296 296 296 296 296 296 296 296 296 296 296 296 296 295 295 295 295 295 295 223 223 223 223 223 223 223 223 223 223 222 222 175 175 175 175 175 175 175 175 175 175 175 174 174 174 174 174
297 297 297 297 297 297 297 297 297 297 297 297 297 297 297 297 297 297 297 297 297 297 297 297 297 297 297 297 297 297 297 297 297 297 297 297 297 297 297 297 297 297 297 297 297 296 296 296 296 296 296 296 296 296 296 296 296 296 296 296 296 296 296 296 296 295 295 223 223 223 223 223 223 223 223 223 223 223 223 176 175 175 175 175 175 175 175 175 175 175 175 175 174 174
298 298 298 298 298 298 298 298 298 298 298 298 298 298 298 298 298 298 298 298 298 298 298 297 297 297 297 297 297 297 297 297 297 297 297 297 297 297 297 297 297 297 297 297 297 297 297 297 297 297 297 297 296 296 296 296 296 296 296 296 296 296 296 296 296 296 296 296 224 224 223 223 223 223 223 223 223 223 223 223 176 176 176 176 175 175 175 175 175 175 175 175 175 175
298 298 298 298 298 298 298 298 298 298 298 298 298 298 298 298 298 298 298 298 298 298 298 298 298 298 298 298 298 298 298 298 298 298 298 297 297 297 297 297 297 297 297 297 297 297 297 297 297 297 297 297 297 297 297 297 297 297 296 296 296 296 296 296 296 296 296 296 296 224 224 224 224 224 223 223 223 223 223 223 176 176 176 176 176 176 176 175 175 175 175 175 175 175
298 298 298 298 298 298 298 298 298 298 298 298 298 298 298 298 298 298 298 298 298 298 298 298 298 298 298 298 298 298 298 298 298 298 298 298 298 298 298 298 298 298 298 297 297 297 297 297 297 297 297 297 297 297 297 297 297 297 297 297 297 297 297 296 296 296 296 296 296 296 224 224 224 224 224 224 224 224 223 223 223 176 176 176 176 176 176 176 176 176 176 175 175 175
299 299 299 299 299 299 299 299 299 299 299 299 299 299 299 299 299 299 299 298 298 298 298 298 298 298 298 298 298 298 298 298 298 298 298 298 298 298 298 298 298 298 298 298 298 298 298 298 298 298 297 297 297 297 297 297 297 297 297 297 297 297 297 297 297 297 297 297 296 296 296 224 224 224 224 224 224 224 224 224 224 224 176 176 176 176 176 176 176 176 176 176 176 176
299 299 299 299 299 299 299 299 299 299 299 299 299 299 299 299 299 299 299 299 299 299 299 299 299 299 299 299 299 299 299 299 298 298 298 298 298 298 298 298 298 298 298 298 298 298 298 298 298 298 298 298 298 298 298 298 297 297 297 297 297 297 297 297 297 297 297 297 297 297 297 297 225 224 224 224 224 224 224 224 224 224 224 177 177 177 176 176 176 176 176 176 176 176
299 299 299 299 299 299 299 299 299 299 299 299 299 299 299 299 299 299 299 299 299 299 299 299 299 299 299 299 299 299 299 299 299 299 299 299 299 299 299 299 299 298 298 298 298 298 298 298 298 298 298 298 298 298 298 298 298 298 298 298 298 298 297 297 297 297 297 297 297 297 297 297 297 225 225 225 225 224 224 224 224 224 224 177 177 177 177 177 177 177 176 176 176 176
300 300 300 300 300 300 300 300 300 300 300 300 300 299 299 299 299 299 299 299 299 299 299 299 299 299 299 299 299 299 299 299 299 299 299 299 299 299 299 299 299 299 299 299 299 299 299 299 298 298 298 298 298 298 298 298 298 298 298 298 298 298 298 298 298 298 298 297 297 297 297 297 297 297 225 225 225 225 225 225 225 224 224 224 177 177 177 177 177 177 177 177 177 176
300 300 300 300 300 300 300 300 300 300 300 300 300 300 300 300 300 300 300 300 300 300 300 300 300 300 300 300 300 299 299 299 299 299 299 299 299 299 299 299 299 299 299 299 299 299 299 299 299 299 299 299 299 299 299 298 298 298 298 298 298 298 298 298 298 298 298 298 298 298 298 297 297 297 297 225 225 225 225 225 225 225 225 225 225 177 177 177 177 177 177 177 177 177
300 300 300 300 300 300 300 300 300 300 300 300 300 300 300 300 300 300 300 300 300 300 300 300 300 300 300 300 300 300 300 300 300 300 300 300 300 300 300 299 299 299 299 299 299 299 299 299 299 299 299 299 299 299 299 299 299 299 299 299 298 298 298 298 298 298 298 298 298 298 298 298 298 298 298 298 225 225 225 225 225 225 225 225 225 178 178 178 177 177 177 177 177 177
300 300 300 300 300 300 300 300 300 300 300 300 300 300 300 300 300 300 300 300 300 300 300 300 300 300 300 300 300 300 300 300 300 300 300 300 300 300 300 300 300 300 300 300 300 300 300 299 299 299 299 299 299 299 299 299 299 299 299 299 299 299 299 299 299 298 298 298 298 298 298 298 298 298 298 298 298 226 226 226 225 225 225 225 225 225 178 178 178 178 178 178 177 177
301 301 301 301 301 301 301 301 301 301 301 301 301 301 301 301 301 301 301 301 301 301 301 301 301 301 300 300 300 300 300 300 300 300 300 300 300 300 300 300 300 300 300 300 300 300 300 300 300 300 300 300 300 299 299 299 299 299 299 299 299 299 299 299 299 299 299 299 299 299 298 298 298 298 298 298 298 298 226 226 226 226 226 225 225 225 225 178 178 178 178 178 178 178
301 301 301 301 301 301 301 301 301 301 301 301 301 301 301 301 301 301 301 301 301 301 301 301 301 301 301 301 301 301 301 301 301 301 301 301 301 300 300 300 300 300 300 300 300 300 300 300 300 300 300 300 300 300 300 300 300 300 300 299 299 299 299 299 299 299 299 299 299 299 299 299 299 299 298 298 298 298 298 226 226 226 226 226 226 226 226 178 178 178 178 178 178 178
301 301 301 301 301 301 301 301 301 301 301 301 301 301 301 301 301 301 301 301 301 301 301 301 301 301 301 301 301 301 301 301 301 301 301 301 301 301 301 301 301 301 301 301 301 300 300 300 300 300 300 300 300 300 300 300 300 300 300 300 300 300 300 300 299 299 299 299 299 299 299 299 299 299 299 299 299 299 298 298 226 226 226 226 226 226 226 226 179 179 179 178 178 178
302 302 302 302 302 302 302 302 302 302 302 302 302 302 302 302 302 302 302 302 302 302 302 301 301 301 301 301 301 301 301 301 301 301 301 301 301 301 301 301 301 301 301 301 301 301 301 301 301 301 301 300 300 300 300 300 300 300 300 300 300 300 300 300 300 300 300 300 299 299 299 299 299 299 299 299 299 299 299 299 299 227 226 226 226 226 226 226 226 179 179 179 179 179
302 302 302 302 302 302 302 302 302 302 302 302 302 302 302 302 302 302 302 302 302 302 302 302 302 302 302 302 302 302 302 302 302 302 301 301 301 301 301 301 301 301 301 301 301 301 301 301 301 301 301 301 301 301 301 301 301 300 300 300 300 300 300 300 300 300 300 300 300 300 300 300 300 299 299 299 299 299 299 299 299 299 227 227 227 227 226 226 226 179 179 179 179 179
302 302 302 302 302 302 302 302 302 302 302 302 302 302 302 302 302 302 302 302 302 302 302 302 302 302 302 302 302 302 302 302 302 302 302 302 302 302 302 302 302 302 302 301 301 301 301 301 301 301 301 301 301 301 301 301 301 301 301 301 301 301 300 300 300 300 300 300 300 300 300 300 300 300 300 300 300 299 299 299 299 299 299 227 227 227 227 227 227 226 179 179 179 179
303 303 303 303 303 303 303 303 303 303 303 303 303 303 303 303 303 303 303 302 302 302 302 302 302 302 302 302 302 302 302 302 302 302 302 302 302 302 302 302 302 302 302 302 302 302 302 302 302 301 301 301 301 301 301 301 301 301 301 301 301 301 301 301 301 301 301 300 300 300 300 300 300 300 300 300 300 300 300 300 300 299 299 299 227 227 227 227 227 227 227 180 180 179
303 303 303 303 303 303 303 303 303 303 303 303 303 303 303 303 303 303 303 303 303 303 303 303 303 303 303 303 303 303 303 303 302 302 302 302 302 302 302 302 302 302 302 302 302 302 302 302 302 302 302 302 302 302 302 301 301 301 301 301 301 301 301 301 301 301 301 301 301 301 301 300 300 300 300 300 300 300 300 300 300 300 300 300 227 227 227 227 227 227 227 180 180 180
303 303 303 303 303 303 303 303 303 303 303 303 303 303 303 303 303 303 303 303 303 303 303 303 303 303 303 303 303 303 303 303 303 303 303 303 303 303 303 303 303 302 302 302 302 302 302 302 302 302 302 302 302 302 302 302 302 302 302 302 302 301 301 301 301 301 301 301 301 301 301 301 301 301 301 300 300 300 300 300 300 300 300 300 300 228 228 228 227 227 227 227 180 180
304 304 304 304 304 304 304 304 304 304 304 304 304 304 303 303 303 303 303 303 303 303 303 303 303 303 303 303 303 303 303 303 303 303 303 303 303 303 303 303 303 303 303 303 303 303 303 303 302 302 302 302 302 302 302 302 302 302 302 302 302 302 302 302 302 301 301 301 301 301 301 301 301 301 301 301 301 301 301 300 300 300 300 300 300 300 228 228 228 228 228 227 180 180
