testData/tiles/oneDegree/grid17.0-45.0-18.0-46.0.asc
ncols   200
nrows   200
xllcorner   17.0
yllcorner   45.0
cellsize   0.005
NODATA_value   -9999.0
[rows 84 to 125 of 200, columns 0 to 93 of 200]
334 333 331 330 329 328 326 325 324 323 320 319 318 317 315 313 312 311 309 307 306 304 303 300 299 297 296 293 292 290 288 285 270 268 266 263 261 259 257 254 252 249 247 244 241 239 236 233 230 227 224 220 217 213 210 206 202 198 194 189 184 179 173 166 158 148 133 118 118 118 118 118 118 118 118 118 118 118 118 118 118 118 118 118 118 118 118 118 118 118 118 118 118 118
329 328 326 325 324 323 321 319 318 317 316 314 313 311 310 308 307 305 304 301 300 298 297 294 293 291 290 287 285 284 282 279 277 261 259 256 254 252 250 247 244 242 239 236 233 231 228 224 221 218 215 210 207 203 199 195 190 186 181 175 168 161 152 140 118 118 118 118 118 118 118 118 118 118 118 118 118 118 118 118 118 118 118 118 118 118 118 118 118 118 118 118 118 118
323 322 321 319 318 317 316 314 313 312 310 308 307 306 304 302 301 299 298 295 294 292 291 288 287 285 283 280 279 277 275 272 270 254 252 249 247 244 242 239 236 234 231 227 224 222 219 214 211 208 204 199 195 191 186 181 176 170 163 154 143 118 118 118 118 118 118 118 118 118 118 118 118 118 118 118 118 118 118 118 118 118 118 118 118 118 118 118 118 118 118 118 118 118
318 317 316 314 312 311 310 308 307 306 304 302 301 299 298 296 294 293 291 289 287 286 284 281 280 278 276 273 271 269 268 264 262 260 244 241 238 236 234 230 227 225 222 218 215 211 208 203 200 196 192 186 181 176 170 163 155 145 126 118 118 118 118 118 118 118 118 118 118 118 118 118 118 118 118 118 118 118 118 118 118 118 118 118 118 118 118 118 118 118 118 118 118 118
312 311 310 308 306 305 304 302 301 299 298 296 294 293 292 289 288 286 284 282 280 279 277 274 272 270 269 266 264 262 259 256 254 252 249 232 229 227 224 220 217 214 211 207 203 200 196 191 186 181 176 170 162 155 144 125 118 118 118 118 118 118 118 118 118 118 118 118 118 118 118 118 118 118 118 118 118 118 118 118 118 118 118 118 118 118 118 118 118 118 118 118 118 118
305 304 303 301 300 299 297 295 294 293 291 289 287 286 284 282 280 279 277 274 273 271 269 266 264 262 260 257 255 253 251 247 245 242 240 236 219 216 213 210 206 202 199 195 190 185 181 175 168 162 154 143 118 118 118 118 118 118 118 118 118 118 118 118 118 118 118 118 118 118 118 118 118 118 118 118 118 118 118 118 118 118 118 118 118 118 118 118 118 118 118 118 118 118
299 298 296 294 293 292 290 288 287 285 284 281 280 278 277 274 273 271 269 266 264 263 261 258 256 253 251 248 246 243 241 238 235 232 229 226 222 205 201 197 192 188 184 179 173 167 160 151 138 119 119 119 118 118 118 118 118 118 118 118 118 118 118 118 118 118 118 118 118 118 118 118 118 118 118 118 118 118 118 118 118 118 118 118 118 118 118 118 118 118 118 118 118 118
292 290 289 287 286 284 283 280 279 278 276 273 272 270 269 266 264 262 260 258 255 253 251 249 246 244 241 239 235 233 230 227 223 220 216 213 208 204 186 181 175 170 163 156 145 126 120 120 119 119 119 119 118 118 118 118 118 118 118 118 118 118 118 118 118 118 118 118 118 118 118 118 118 118 118 118 118 118 118 118 118 118 118 118 118 118 118 118 118 118 118 118 118 118
284 283 281 279 277 276 275 272 271 269 267 266 263 261 260 258 255 253 251 249 245 243 241 239 235 233 230 227 223 220 217 213 209 205 201 197 191 186 166 159 149 135 121 121 120 120 120 120 119 119 119 119 118 118 118 118 118 118 118 118 118 118 118 118 118 118 118 118 118 118 118 118 118 118 118 118 118 118 118 118 118 118 118 118 118 118 118 118 118 118 118 118 118 118
275 274 273 271 269 267 266 264 261 260 258 256 253 251 249 247 244 242 240 238 234 232 229 226 223 220 216 213 209 205 201 197 191 186 180 173 164 151 136 122 121 121 121 121 120 120 120 120 119 119 119 119 118 118 118 118 118 118 118 118 118 118 118 118 118 118 118 118 118 118 118 118 118 118 118 118 118 118 118 118 118 118 118 118 118 118 118 118 118 118 118 118 118 118
266 265 263 262 259 258 256 254 251 249 248 246 242 240 238 236 233 230 228 225 221 218 215 212 207 204 200 196 190 185 179 172 162 148 137 137 136 136 136 136 121 121 121 121 120 120 120 120 119 119 119 119 118 118 118 118 118 118 118 118 118 118 118 118 118 118 118 118 118 118 118 118 118 118 118 118 118 118 118 118 118 118 118 118 118 118 118 118 118 118 118 118 118 118
256 255 253 251 248 247 245 243 240 238 236 233 230 228 225 222 219 216 213 210 205 201 197 193 187 182 176 169 157 138 138 138 137 137 137 137 136 136 136 136 135 121 121 121 120 120 120 120 119 119 119 119 118 118 118 118 118 118 118 118 118 118 118 118 118 118 118 118 118 118 118 118 118 118 118 118 118 118 118 118 118 118 118 118 118 118 118 118 118 118 118 118 118 118
245 243 241 239 236 234 232 230 227 224 222 219 215 212 209 206 201 198 194 189 183 177 170 161 139 139 139 139 138 138 138 138 137 137 137 137 136 136 136 136 135 135 121 121 120 120 120 120 119 119 119 119 118 118 118 118 118 118 118 118 118 118 118 118 118 118 118 118 118 118 118 118 118 118 118 118 118 118 118 118 118 118 118 118 118 118 118 118 118 118 118 118 118 118
232 230 228 225 222 220 217 214 210 207 204 201 196 192 188 183 176 169 159 141 140 140 140 140 139 139 139 139 138 138 138 138 137 137 137 137 136 136 136 136 135 135 121 121 120 120 120 120 120 119 119 119 119 118 118 118 118 118 118 118 118 118 118 118 118 118 118 118 118 118 118 118 118 118 118 118 118 118 118 118 118 118 118 118 118 118 118 118 118 118 118 118 118 118
216 213 211 208 204 201 197 194 188 184 179 172 163 149 142 142 141 141 141 141 140 140 140 140 139 139 139 139 138 138 138 138 137 137 137 137 136 136 136 136 136 135 135 121 121 120 120 120 120 119 119 119 119 118 118 118 118 118 118 118 118 118 118 118 118 118 118 118 118 118 118 118 118 118 118 118 118 118 118 118 118 118 118 118 118 118 118 118 118 118 118 118 118 118
195 191 187 183 177 171 162 144 143 143 143 143 142 142 142 142 141 141 141 141 140 140 140 140 139 139 139 139 139 138 138 138 138 137 137 137 137 136 136 136 136 135 135 135 121 120 120 120 120 119 119 119 119 118 118 118 118 118 118 118 118 118 118 118 118 118 118 118 118 118 118 118 118 118 118 118 118 118 118 118 118 118 118 118 118 118 118 118 118 118 118 118 118 118
145 145 145 145 144 144 144 144 143 143 143 143 142 142 142 142 141 141 141 141 141 140 140 140 140 139 139 139 139 138 138 138 138 137 137 137 137 136 136 136 136 135 135 135 135 120 120 120 120 119 119 119 119 118 118 118 118 118 118 118 118 118 118 118 118 118 118 118 118 118 118 118 118 118 118 118 118 118 118 118 118 118 118 118 118 118 118 118 118 118 118 118 118 118
146 145 145 145 144 144 144 144 144 143 143 143 143 142 142 142 142 141 141 141 141 140 140 140 140 139 139 139 139 138 138 138 138 137 137 137 137 136 136 136 136 135 135 135 135 134 120 120 120 119 119 119 119 118 118 118 118 118 118 118 118 118 118 118 118 118 118 118 118 118 118 118 118 118 118 118 118 118 118 118 118 118 118 118 118 118 118 118 118 118 118 118 118 118
147 146 145 145 145 144 144 144 144 143 143 143 143 142 142 142 142 141 141 141 141 140 140 140 140 139 139 139 139 138 138 138 138 137 137 137 137 136 136 136 136 135 135 135 135 134 120 120 120 119 119 119 119 118 118 118 118 118 118 118 118 118 118 118 118 118 118 118 118 118 118 118 118 118 118 118 118 118 118 118 118 118 118 118 118 118 118 118 118 118 118 118 118 118
147 146 146 145 145 144 144 144 144 143 143 143 143 142 142 142 142 141 141 141 141 140 140 140 140 139 139 139 139 138 138 138 138 137 137 137 137 136 136 136 136 135 135 135 135 134 134 120 120 119 119 119 119 118 118 118 118 118 118 118 118 118 118 118 118 118 118 118 118 118 118 118 118 118 118 118 118 118 118 118 118 118 118 118 118 118 118 118 118 118 118 118 118 118
147 146 146 146 145 144 144 144 144 143 143 143 143 142 142 142 142 141 141 141 141 140 140 140 140 139 139 139 139 138 138 138 138 137 137 137 137 136 136 136 136 135 135 135 135 134 134 134 120 119 119 119 119 118 118 118 118 118 118 118 118 118 118 118 118 118 118 118 118 118 118 118 118 118 118 118 118 118 118 118 118 118 118 118 118 118 118 118 118 118 118 118 118 118
147 146 146 146 146 144 144 144 144 143 143 143 143 142 142 142 142 141 141 141 141 140 140 140 140 139 139 139 139 138 138 138 138 137 137 137 137 136 136 136 136 135 135 135 135 134 134 134 134 119 119 119 119 118 118 118 118 118 118 118 118 118 118 118 118 118 118 118 118 118 118 118 118 118 118 118 118 118 118 118 118 118 118 118 118 118 118 118 118 118 118 118 118 118
147 146 146 146 146 145 144 144 144 143 143 143 143 142 142 142 142 141 141 141 141 140 140 140 140 139 139 139 139 138 138 138 138 137 137 137 137 136 136 136 136 135 135 135 135 134 134 134 134 119 119 119 119 118 118 118 118 118 118 118 118 118 118 118 118 118 118 118 118 118 118 118 118 118 118 118 118 118 118 118 118 118 118 118 118 118 118 118 118 118 118 118 118 118
147 146 146 146 146 145 145 144 144 143 143 143 143 142 142 142 142 141 141 141 141 140 140 140 140 139 139 139 139 138 138 138 138 137 137 137 137 136 136 136 136 135 135 135 135 134 134 134 134 133 119 119 119 118 118 118 118 118 118 118 118 118 118 118 118 118 118 118 118 118 118 118 118 118 118 118 118 118 118 118 118 118 118 118 118 118 118 118 118 118 118 118 118 257
148 146 146 146 146 145 145 145 144 143 143 143 143 142 142 142 142 141 141 141 141 140 140 140 140 139 139 139 139 138 138 138 138 137 137 137 137 136 136 136 136 135 135 135 135 134 134 134 134 133 133 119 119 118 118 118 118 118 118 118 118 118 118 118 118 118 118 118 118 118 118 118 118 118 118 118 118 118 118 118 118 118 118 118 118 118 118 118 118 118 118 118 118 257
148 147 146 146 146 145 145 145 145 143 143 143 143 142 142 142 142 141 141 141 141 140 140 140 140 139 139 139 139 138 138 138 138 137 137 137 137 136 136 136 136 135 135 135 135 134 134 134 134 133 133 119 119 119 118 118 118 118 118 118 118 118 118 118 118 118 118 118 118 118 118 118 118 118 118 118 118 118 118 118 118 118 118 118 118 118 118 118 118 118 118 118 257 257
148 147 147 146 146 145 145 145 145 144 143 143 143 142 142 142 142 141 141 141 141 140 140 140 140 139 139 139 139 138 138 138 138 137 137 137 137 136 136 136 136 135 135 135 135 135 134 134 134 134 133 133 119 119 118 118 118 118 118 118 118 118 118 118 118 118 118 118 118 118 118 118 118 118 118 118 118 118 118 118 118 118 118 118 118 118 118 118 118 118 118 118 257 257
148 147 147 147 146 145 145 145 145 144 144 143 143 142 142 142 142 141 141 141 141 140 140 140 140 139 139 139 139 138 138 138 138 137 137 137 137 137 136 136 136 136 135 135 135 135 134 134 134 134 133 133 133 119 118 118 118 118 118 118 118 118 118 118 118 118 118 118 118 118 118 118 118 118 118 118 118 118 118 118 118 118 118 118 118 118 118 118 118 118 118 257 257 257
148 147 147 147 147 145 145 145 145 144 144 143 143 142 142 142 142 141 141 141 141 140 140 140 140 140 139 139 139 139 138 138 138 138 137 137 137 137 136 136 136 136 135 135 135 135 134 134 134 134 133 133 133 133 118 118 118 118 118 118 118 118 118 118 118 118 118 118 118 118 118 118 118 118 118 118 118 118 118 118 118 118 118 118 118 118 118 118 118 118 257 257 257 257
148 147 147 147 147 146 145 145 145 144 144 144 143 142 142 142 142 142 141 141 141 141 140 140 140 140 139 139 139 139 138 138 138 138 137 137 137 137 136 136 136 136 135 135 135 135 134 134 134 134 133 133 133 133 118 118 118 118 118 118 118 118 118 118 118 118 118 118 118 118 118 118 118 118 118 118 118 118 118 118 118 118 118 118 118 118 118 118 118 118 257 257 257 257
148 147 147 147 147 146 146 145 145 145 144 144 144 143 142 142 142 142 141 141 141 141 140 140 140 140 139 139 139 139 138 138 138 138 137 137 137 137 136 136 136 136 135 135 135 135 134 134 134 134 133 133 133 133 132 118 118 118 118 118 118 118 118 118 118 118 118 118 118 118 118 118 118 118 118 118 118 118 118 118 118 118 118 118 118 118 118 118 118 257 257 257 257 257
148 148 147 147 147 147 146 145 145 145 144 144 144 144 142 142 142 142 141 141 141 141 140 140 140 140 139 139 139 139 138 138 138 138 137 137 137 137 136 136 136 136 135 135 135 135 134 134 134 134 133 133 133 133 132 132 118 118 118 118 118 118 118 118 118 118 118 118 118 118 118 118 118 118 118 118 118 118 118 118 118 118 118 118 118 118 118 118 257 257 257 257 257 257
149 148 147 147 147 147 146 146 145 145 144 144 144 144 143 142 142 142 141 141 141 141 140 140 140 140 139 139 139 139 138 138 138 138 137 137 137 137 136 136 136 136 135 135 135 135 134 134 134 134 133 133 133 133 132 132 118 118 118 118 118 118 118 118 118 118 118 118 118 118 118 118 118 118 118 118 118 118 118 118 118 118 118 118 118 118 118 118 257 257 257 257 257 257
149 149 147 147 147 147 146 146 146 145 144 144 144 144 143 143 142 142 141 141 141 141 140 140 140 140 139 139 139 139 138 138 138 138 137 137 137 137 136 136 136 136 135 135 135 135 134 134 134 134 133 133 133 133 132 132 132 118 118 118 118 118 118 118 118 118 118 118 118 118 118 118 118 118 118 118 118 118 118 118 118 118 118 118 118 118 118 257 257 257 257 257 257 257
149 149 148 147 147 147 146 146 146 146 144 144 144 144 143 143 142 142 141 141 141 141 140 140 140 140 139 139 139 139 138 138 138 138 137 137 137 137 136 136 136 136 135 135 135 135 134 134 134 134 133 133 133 133 132 132 132 132 118 118 118 118 118 118 118 118 118 118 118 118 118 118 118 118 118 118 118 118 118 118 118 118 118 118 118 118 118 257 257 257 257 257 257 257
149 149 148 148 147 147 146 146 146 146 145 144 144 144 143 143 143 142 141 141 141 141 140 140 140 140 139 139 139 139 138 138 138 138 137 137 137 137 136 136 136 136 135 135 135 135 134 134 134 134 133 133 133 133 132 132 132 132 118 118 118 118 118 118 118 118 118 118 118 118 118 118 118 118 118 118 118 118 118 118 118 118 118 118 118 118 257 257 257 257 257 257 257 257
149 149 148 148 148 147 146 146 146 146 145 145 144 144 143 143 143 143 141 141 141 141 140 140 140 140 139 139 139 139 138 138 138 138 137 137 137 137 136 136 136 136 135 135 135 135 134 134 134 134 133 133 133 133 132 132 132 132 132 118 118 118 118 118 118 118 118 118 118 118 118 118 118 118 118 118 118 118 118 118 118 118 118 118 118 257 257 257 257 257 257 257 257 257
149 149 148 148 148 148 146 146 146 146 145 145 145 144 143 143 143 143 142 141 141 141 140 140 140 140 139 139 139 139 138 138 138 138 137 137 137 137 136 136 136 136 135 135 135 135 134 134 134 134 133 133 133 133 132 132 132 132 132 132 118 118 118 118 118 118 118 118 118 118 118 118 118 118 118 118 118 118 118 118 118 118 118 118 118 257 257 257 257 257 257 257 257 257
149 149 148 148 148 148 146 146 146 146 145 145 145 144 143 143 143 143 142 142 141 141 140 140 140 140 139 139 139 139 138 138 138 138 137 137 137 137 136 136 136 136 135 135 135 135 134 134 134 134 133 133 133 133 132 132 132 132 132 132 118 118 118 118 118 118 118 118 118 118 118 118 118 118 118 118 118 118 118 118 118 118 118 118 257 257 257 257 257 257 257 257 257 257
149 149 148 148 148 148 147 146 146 146 145 145 145 145 143 143 143 143 142 142 142 141 140 140 140 140 139 139 139 139 138 138 138 138 137 137 137 137 136 136 136 136 135 135 135 135 134 134 134 134 133 133 133 133 132 132 132 132 132 132 132 118 118 118 118 118 118 118 118 118 118 118 118 118 118 118 118 118 118 118 118 118 118 118 257 257 257 257 257 257 257 257 257 257
150 149 148 148 148 148 147 147 146 146 145 145 145 145 144 143 143 143 142 142 142 141 140 140 140 140 139 139 139 139 138 138 138 138 137 137 137 137 136 136 136 136 135 135 135 135 134 134 134 134 133 133 133 133 132 132 132 132 132 132 132 132 118 118 118 118 118 118 118 118 118 118 118 118 118 118 118 118 118 118 118 118 118 257 257 257 257 257 257 257 257 257 257 257
150 149 148 148 148 148 147 147 147 146 145 145 145 145 144 144 143 143 142 142 142 142 140 140 140 140 139 139 139 139 138 138 138 138 137 137 137 137 136 136 136 136 135 135 135 135 134 134 134 134 133 133 133 133 132 132 132 132 132 132 132 132 118 118 118 118 118 118 118 118 118 118 118 118 118 118 118 118 118 118 118 118 118 257 257 257 257 257 257 257 257 257 257 257
