testData/tiles/oneDegree/grid6.0-49.0-7.0-50.0.asc
ncols   200
nrows   200
xllcorner   6.0
yllcorner   49.0
cellsize   0.005
NODATA_value   -9999.0
[rows 0 to 41 of 200, columns 0 to 93 of 200]
317 317 317 317 317 317 316 316 316 316 316 316 316 315 315 315 315 315 315 314 314 313 313 313 313 313 312 312 312 312 312 312 311 311 311 311 311 311 310 310 310 310 310 310 309 309 309 309 309 308 308 308 307 307 306 306 306 306 306 305 305 305 305 305 305 305 305 305 305 305 305 305 305 305 305 304 304 304 304 304 304 304 304 304 304 304 304 304 304 304 304 304 303 303
318 317 317 317 317 317 317 317 317 316 316 316 316 316 316 316 315 315 315 315 315 315 314 314 314 313 313 313 313 312 312 312 312 312 312 311 311 311 311 311 310 310 310 310 310 310 309 309 309 309 309 308 308 308 308 307 307 306 306 306 306 306 305 305 305 305 305 305 305 305 305 305 305 305 305 305 305 305 304 304 304 304 304 304 304 304 304 304 304 304 304 304 304 304
318 318 318 318 317 317 317 317 317 317 317 316 316 316 316 316 316 316 315 315 315 315 315 315 315 314 314 314 314 313 313 312 312 312 312 312 312 311 311 311 311 311 311 310 310 310 310 310 309 309 309 309 309 309 308 308 308 308 307 306 306 306 306 306 305 305 305 305 305 305 305 305 305 305 305 305 305 305 305 305 305 304 304 304 304 304 304 304 304 304 304 304 304 304
318 318 318 318 318 318 318 317 317 317 317 317 317 317 316 316 316 316 316 316 316 315 315 315 315 315 315 314 314 314 314 314 314 313 312 312 312 312 312 312 311 311 311 311 311 310 310 310 310 310 310 309 309 309 309 309 308 308 308 308 308 307 306 306 306 306 305 305 305 305 305 305 305 305 305 305 305 305 305 305 305 305 305 304 304 304 304 304 304 304 304 304 304 304
319 319 318 318 318 318 318 318 318 318 317 317 317 317 317 317 317 316 316 316 316 316 316 316 315 315 315 315 315 315 314 314 314 314 314 314 312 312 312 312 312 312 311 311 311 311 311 311 310 310 310 310 310 309 309 309 309 309 308 308 308 308 308 307 307 306 306 306 305 305 305 305 305 305 305 305 305 305 305 305 305 305 305 305 305 305 304 304 304 304 304 304 304 304
320 319 319 319 319 318 318 318 318 318 318 318 318 317 317 317 317 317 317 316 316 316 316 316 316 316 315 315 315 315 315 315 314 314 314 314 314 314 314 312 312 312 312 312 311 311 311 311 311 311 310 310 310 310 310 309 309 309 309 309 309 308 308 308 308 308 307 307 306 306 305 305 305 305 305 305 305 305 305 305 305 305 305 305 305 305 305 305 305 304 304 304 304 304
321 320 320 320 320 319 319 319 318 318 318 318 318 318 318 317 317 317 317 317 317 317 316 316 316 316 316 316 316 315 315 315 315 315 315 314 314 314 314 314 314 313 313 312 312 312 312 311 311 311 311 311 310 310 310 310 310 310 309 309 309 309 309 308 308 308 308 308 307 307 307 306 306 305 305 305 305 305 305 305 305 305 305 305 305 305 305 305 305 305 305 305 304 304
321 321 321 320 320 320 320 320 320 319 319 318 318 318 318 318 318 318 317 317 317 317 317 317 317 316 316 316 316 316 316 315 315 315 315 315 315 314 314 314 314 314 314 313 313 313 312 312 312 311 311 311 311 311 310 310 310 310 310 310 309 309 309 309 309 308 308 308 308 308 307 307 307 306 306 305 305 305 305 305 305 305 305 305 305 305 305 305 305 305 305 305 305 305
321 321 321 321 321 321 320 320 320 320 320 320 320 318 318 318 318 318 318 318 317 317 317 317 317 317 317 316 316 316 316 316 316 316 315 315 315 315 315 315 314 314 314 314 314 314 313 313 313 312 312 311 311 311 311 311 311 310 310 310 310 310 309 309 309 309 309 308 308 308 308 308 307 307 307 307 306 305 305 305 305 305 305 305 305 305 305 305 305 305 305 305 305 305
322 321 321 321 321 321 321 321 321 320 320 320 320 320 320 320 318 318 318 318 318 318 318 317 317 317 317 317 317 317 316 316 316 316 316 316 315 315 315 315 315 315 314 314 314 314 314 314 313 313 313 313 312 311 311 311 311 311 311 310 310 310 310 310 309 309 309 309 309 308 308 308 308 308 307 307 307 307 307 305 305 305 305 305 305 305 305 305 305 305 305 305 305 305
322 322 322 322 321 321 321 321 321 321 321 320 320 320 320 320 320 320 320 319 318 318 318 318 318 317 317 317 317 317 317 317 316 316 316 316 316 316 315 315 315 315 315 315 314 314 314 314 314 314 313 313 313 313 313 312 311 311 311 311 311 310 310 310 310 310 309 309 309 309 309 308 308 308 308 308 307 307 307 307 307 305 305 305 305 305 305 305 305 305 305 305 305 305
322 322 322 322 322 322 322 321 321 321 321 321 321 321 320 320 320 320 320 320 320 319 319 318 318 318 318 318 317 317 317 317 317 317 316 316 316 316 316 316 316 315 315 315 315 315 315 314 314 314 314 314 313 313 313 313 313 313 311 311 311 311 311 310 310 310 310 310 309 309 309 309 309 308 308 308 308 308 307 307 307 307 307 306 305 305 305 305 305 305 305 305 305 305
323 322 322 322 322 322 322 322 322 321 321 321 321 321 321 321 321 320 320 320 320 320 320 320 319 319 319 318 318 318 317 317 317 317 317 317 317 316 316 316 316 316 316 315 315 315 315 315 315 314 314 314 314 314 313 313 313 313 313 313 312 311 311 311 311 310 310 310 310 310 309 309 309 309 309 308 308 308 308 308 307 307 307 307 307 306 305 305 305 305 305 305 305 305
323 323 323 323 322 322 322 322 322 322 322 322 321 321 321 321 321 321 321 320 320 320 320 320 320 320 319 319 319 319 318 318 318 317 317 317 317 317 317 316 316 316 316 316 316 315 315 315 315 315 315 314 314 314 314 314 314 313 313 313 313 313 312 312 311 311 311 310 310 310 310 310 309 309 309 309 309 308 308 308 308 308 307 307 307 307 307 306 306 305 305 305 305 305
323 323 323 323 323 323 323 322 322 322 322 322 322 322 321 321 321 321 321 321 321 320 320 320 320 320 320 320 319 319 319 319 319 318 318 317 317 317 317 317 317 316 316 316 316 316 316 315 315 315 315 315 315 314 314 314 314 314 314 313 313 313 313 313 312 312 311 311 311 310 310 310 310 310 309 309 309 309 309 308 308 308 308 308 307 307 307 307 306 306 306 305 305 305
324 324 323 323 323 323 323 323 323 322 322 322 322 322 322 322 322 321 321 321 321 321 321 321 320 320 320 320 320 320 320 319 319 319 319 319 318 317 317 317 317 317 317 316 316 316 316 316 316 315 315 315 315 315 315 314 314 314 314 314 314 313 313 313 313 313 312 312 312 311 311 310 310 310 310 310 309 309 309 309 309 308 308 308 308 308 307 307 307 307 306 306 306 306
324 324 324 324 323 323 323 323 323 323 323 323 322 322 322 322 322 322 322 321 321 321 321 321 321 321 320 320 320 320 320 320 320 319 319 319 319 319 319 317 317 317 317 317 317 317 316 316 316 316 316 316 315 315 315 315 315 314 314 314 314 314 314 313 313 313 313 313 312 312 312 311 311 310 310 310 310 310 309 309 309 309 309 308 308 308 308 308 307 307 307 307 306 306
324 324 324 324 324 324 324 323 323 323 323 323 323 323 322 322 322 322 322 322 322 322 321 321 321 321 321 321 321 320 320 320 320 320 320 319 319 319 319 319 319 319 317 317 317 317 317 317 316 316 316 316 316 316 315 315 315 315 315 314 314 314 314 314 314 313 313 313 313 313 312 312 312 312 311 310 310 310 310 310 309 309 309 309 309 308 308 308 308 308 307 307 307 307
326 324 324 324 324 324 324 324 324 323 323 323 323 323 323 323 323 322 322 322 322 322 322 322 321 321 321 321 321 321 321 320 320 320 320 320 320 319 319 319 319 319 319 319 318 317 317 317 317 317 316 316 316 316 316 316 315 315 315 315 315 314 314 314 314 314 314 313 313 313 313 313 312 312 312 312 311 310 310 310 310 310 309 309 309 309 309 308 308 308 308 307 307 307
326 326 326 326 325 324 324 324 324 324 324 324 323 323 323 323 323 323 323 322 322 322 322 322 322 322 321 321 321 321 321 321 321 320 320 320 320 320 320 320 319 319 319 319 319 319 318 317 317 317 317 317 316 316 316 316 316 316 315 315 315 315 315 314 314 314 314 314 314 313 313 313 313 313 312 312 312 312 311 310 310 310 310 310 309 309 309 309 309 308 308 308 308 307
326 326 326 326 326 326 325 325 324 324 324 324 324 324 323 323 323 323 323 323 323 322 322 322 322 322 322 322 322 321 321 321 321 321 321 320 320 320 320 320 320 320 319 319 319 319 319 319 318 318 317 317 317 317 316 316 316 316 316 316 315 315 315 315 315 314 314 314 314 314 314 313 313 313 313 313 312 312 312 312 312 310 310 310 310 310 309 309 309 309 308 308 308 308
327 326 326 326 326 326 326 326 326 325 325 324 324 324 324 324 323 323 323 323 323 323 323 323 322 322 322 322 322 322 322 321 321 321 321 321 321 321 320 320 320 320 320 320 319 319 319 319 319 319 318 318 317 317 317 317 316 316 316 316 316 316 315 315 315 315 315 314 314 314 314 314 314 313 313 313 313 313 312 312 312 312 312 310 310 310 310 310 309 309 309 309 308 308
327 327 327 326 326 326 326 326 326 326 326 325 325 325 324 324 324 324 324 323 323 323 323 323 323 323 322 322 322 322 322 322 322 321 321 321 321 321 321 321 320 320 320 320 320 320 319 319 319 319 319 319 318 318 318 317 317 317 316 316 316 316 316 316 315 315 315 315 315 314 314 314 314 314 313 313 313 313 313 313 312 312 312 312 312 310 310 310 310 309 309 309 309 309
327 327 327 327 327 327 326 326 326 326 326 326 326 326 325 325 325 324 324 324 324 323 323 323 323 323 323 323 322 322 322 322 322 322 322 321 321 321 321 321 321 321 320 320 320 320 320 320 319 319 319 319 319 319 318 318 318 317 317 317 316 316 316 316 316 316 315 315 315 315 315 314 314 314 314 314 313 313 313 313 313 312 312 312 312 312 311 310 310 310 310 309 309 309
327 327 327 327 327 327 327 327 326 326 326 326 326 326 326 326 325 325 325 325 324 324 324 323 323 323 323 323 323 323 322 322 322 322 322 322 322 321 321 321 321 321 321 321 320 320 320 320 320 320 319 319 319 319 319 319 318 318 318 318 317 317 316 316 316 316 316 316 315 315 315 315 315 314 314 314 314 314 313 313 313 313 313 312 312 312 312 312 311 310 310 310 310 309
328 328 327 327 327 327 327 327 327 327 326 326 326 326 326 326 326 326 325 325 325 325 325 324 324 324 323 323 323 323 323 323 323 322 322 322 322 322 322 321 321 321 321 321 321 321 320 320 320 320 320 320 319 319 319 319 319 319 318 318 318 318 317 317 316 316 316 316 316 315 315 315 315 315 315 314 314 314 314 314 313 313 313 313 313 312 312 312 312 312 311 310 310 310
328 328 328 328 328 327 327 327 327 327 327 327 327 326 326 326 326 326 326 326 325 325 325 325 325 324 324 324 323 323 323 323 323 323 323 322 322 322 322 322 322 321 321 321 321 321 321 321 320 320 320 320 320 320 319 319 319 319 319 319 318 318 318 318 317 317 316 316 316 316 316 315 315 315 315 315 315 314 314 314 314 314 313 313 313 313 313 312 312 312 312 312 311 310
328 328 328 328 328 328 328 327 327 327 327 327 327 327 327 326 326 326 326 326 326 326 326 325 325 325 325 325 324 324 323 323 323 323 323 323 323 322 322 322 322 322 322 321 321 321 321 321 321 321 320 320 320 320 320 320 319 319 319 319 319 319 318 318 318 318 317 317 316 316 316 316 316 315 315 315 315 315 314 314 314 314 314 313 313 313 313 313 312 312 312 312 312 311
329 328 328 328 328 328 328 328 328 327 327 327 327 327 327 327 327 326 326 326 326 326 326 326 326 325 325 325 325 325 325 324 323 323 323 323 323 323 323 322 322 322 322 322 322 321 321 321 321 321 321 321 320 320 320 320 320 320 319 319 319 319 319 319 318 318 318 318 317 316 316 316 316 316 316 315 315 315 315 315 314 314 314 314 314 313 313 313 313 313 312 312 312 312
329 329 329 328 328 328 328 328 328 328 328 328 327 327 327 327 327 327 327 326 326 326 326 326 326 326 326 325 325 325 325 325 325 324 323 323 323 323 323 323 323 322 322 322 322 322 322 321 321 321 321 321 321 321 320 320 320 320 320 320 319 319 319 319 319 319 318 318 318 318 317 316 316 316 316 316 316 315 315 315 315 315 314 314 314 314 314 313 313 313 313 313 312 312
329 329 329 329 329 329 328 328 328 328 328 328 328 328 327 327 327 327 327 327 327 327 326 326 326 326 326 326 326 325 325 325 325 325 325 324 323 323 323 323 323 323 323 322 322 322 322 322 322 321 321 321 321 321 321 321 320 320 320 320 320 320 319 319 319 319 319 318 318 318 318 318 317 316 316 316 316 316 315 315 315 315 315 315 314 314 314 314 314 313 313 313 313 312
329 329 329 329 329 329 329 329 328 328 328 328 328 328 328 328 327 327 327 327 327 327 327 327 326 326 326 326 326 326 326 325 325 325 325 325 325 325 323 323 323 323 323 323 323 322 322 322 322 322 322 321 321 321 321 321 321 320 320 320 320 320 320 319 319 319 319 319 319 318 318 318 318 318 317 316 316 316 316 316 315 315 315 315 315 314 314 314 314 314 313 313 313 313
330 330 329 329 329 329 329 329 329 329 328 328 328 328 328 328 328 328 327 327 327 327 327 327 327 327 326 326 326 326 326 326 326 325 325 325 325 325 325 325 323 323 323 323 323 323 323 322 322 322 322 322 322 321 321 321 321 321 321 320 320 320 320 320 320 319 319 319 319 319 319 318 318 318 318 318 316 316 316 316 316 316 315 315 315 315 315 314 314 314 314 314 313 313
330 330 330 330 329 329 329 329 329 329 329 329 329 328 328 328 328 328 328 328 327 327 327 327 327 327 327 327 326 326 326 326 326 326 326 325 325 325 325 325 325 325 323 323 323 323 323 323 323 322 322 322 322 322 322 321 321 321 321 321 321 320 320 320 320 320 320 319 319 319 319 319 319 318 318 318 318 318 316 316 316 316 316 315 315 315 315 315 314 314 314 314 314 313
330 330 330 330 330 330 329 329 329 329 329 329 329 329 329 328 328 328 328 328 328 328 327 327 327 327 327 327 327 327 326 326 326 326 326 326 326 325 325 325 325 325 325 325 323 323 323 323 323 323 322 322 322 322 322 322 322 321 321 321 321 321 321 320 320 320 320 320 320 319 319 319 319 319 318 318 318 318 318 317 316 316 316 316 316 315 315 315 315 315 314 314 314 314
330 330 330 330 330 330 330 330 330 329 329 329 329 329 329 329 329 328 328 328 328 328 328 328 327 327 327 327 327 327 327 327 326 326 326 326 326 326 326 325 325 325 325 325 325 325 323 323 323 323 323 323 322 322 322 322 322 322 321 321 321 321 321 321 321 320 320 320 320 320 319 319 319 319 319 319 318 318 318 318 318 316 316 316 316 316 316 315 315 315 315 315 314 314
331 331 330 330 330 330 330 330 330 330 330 329 329 329 329 329 329 329 329 328 328 328 328 328 328 328 327 327 327 327 327 327 327 327 326 326 326 326 326 326 326 325 325 325 325 325 325 325 323 323 323 323 323 323 322 322 322 322 322 322 321 321 321 321 321 321 320 320 320 320 320 320 319 319 319 319 319 319 318 318 318 318 318 316 316 316 316 316 315 315 315 315 315 314
332 332 331 331 331 330 330 330 330 330 330 330 330 329 329 329 329 329 329 329 329 328 328 328 328 328 328 328 327 327 327 327 327 327 327 327 326 326 326 326 326 326 326 325 325 325 325 325 325 324 323 323 323 323 323 323 322 322 322 322 322 322 321 321 321 321 321 321 320 320 320 320 320 320 319 319 319 319 319 318 318 318 318 318 317 316 316 316 316 316 315 315 315 315
332 332 332 332 331 331 331 330 330 330 330 330 330 330 330 329 329 329 329 329 329 329 329 328 328 328 328 328 328 328 327 327 327 327 327 327 327 327 326 326 326 326 326 326 326 325 325 325 325 325 325 324 323 323 323 323 323 323 322 322 322 322 322 322 321 321 321 321 321 321 320 320 320 320 320 319 319 319 319 319 319 318 318 318 318 318 316 316 316 316 316 315 315 315
332 332 332 332 332 332 332 331 331 330 330 330 330 330 330 330 330 329 329 329 329 329 329 329 329 328 328 328 328 328 328 328 327 327 327 327 327 327 327 326 326 326 326 326 326 326 325 325 325 325 325 325 325 323 323 323 323 323 323 322 322 322 322 322 322 321 321 321 321 321 321 320 320 320 320 320 320 319 319 319 319 319 318 318 318 318 318 317 316 316 316 316 316 315
333 333 332 332 332 332 332 332 332 331 331 330 330 330 330 330 330 330 330 329 329 329 329 329 329 329 329 328 328 328 328 328 328 328 327 327 327 327 327 327 327 326 326 326 326 326 326 326 325 325 325 325 325 325 325 323 323 323 323 323 323 322 322 322 322 322 322 321 321 321 321 321 321 320 320 320 320 320 319 319 319 319 319 319 318 318 318 318 318 316 316 316 316 316
333 333 333 333 332 332 332 332 332 332 332 331 331 330 330 330 330 330 330 330 330 329 329 329 329 329 329 329 329 328 328 328 328 328 328 328 327 327 327 327 327 327 327 326 326 326 326 326 326 326 325 325 325 325 325 325 324 323 323 323 323 323 323 322 322 322 322 322 322 321 321 321 321 321 320 320 320 320 320 320 319 319 319 319 319 318 318 318 318 318 317 316 316 316
