testData/tiles/oneDegree/grid31.0-19.0-32.0-20.0.asc
ncols   200
nrows   200
xllcorner   31.0
yllcorner   19.0
cellsize   0.005
NODATA_value   -9999.0
[rows 126 to 167 of 200, columns 94 to 187 of 200]
412 413 413 414 414 415 585 585 586 586 587 587 588 588 588 589 589 590 590 577 578 582 586 591 594 598 602 604 607 611 613 615 617 620 621 623 624 625 627 628 628 629 629 629 630 630 630 630 629 629 628 627 626 625 623 622 620 618 616 614 611 608 606 603 599 596 591 587 583 583 583 583 583 582 582 582 582 582 581 581 581 581 580 411 411 410 410 410 409 409 409 408 408 408
413 413 413 414 414 415 585 585 586 586 587 587 587 588 588 589 589 590 590 590 591 582 586 590 594 597 601 604 607 610 613 615 617 619 621 622 624 625 627 627 628 629 629 629 629 629 630 630 629 628 628 627 626 624 623 621 620 618 616 613 611 608 605 602 599 594 591 587 583 583 583 583 583 582 582 582 582 582 581 581 581 581 580 411 411 410 410 410 409 409 409 408 408 408
413 414 413 414 414 415 584 585 586 586 587 587 587 588 588 589 589 590 590 590 591 594 598 590 594 597 601 604 607 610 612 614 616 619 621 622 623 624 626 627 628 628 629 629 629 629 630 629 629 628 627 626 625 624 623 621 619 617 615 613 611 608 605 602 599 594 590 586 583 583 583 583 583 582 582 582 582 582 581 581 581 581 580 411 411 410 410 410 409 409 409 408 408 408
414 414 414 415 414 415 584 585 585 586 586 587 587 588 588 589 589 590 590 590 591 594 598 603 593 597 601 604 606 610 612 614 616 618 620 622 623 624 625 627 628 628 628 629 629 629 629 629 629 628 627 626 625 624 622 621 619 617 615 613 610 608 605 602 598 594 590 586 583 583 583 583 582 582 582 582 582 581 581 581 581 581 580 411 411 410 410 410 409 409 409 408 408 408
414 415 415 415 415 416 584 585 585 586 586 587 587 588 588 589 589 590 590 590 591 594 598 603 606 609 600 603 606 608 612 614 616 618 620 622 623 624 625 627 627 628 628 628 629 628 628 629 628 628 627 626 625 624 622 621 619 617 615 612 610 607 604 601 597 594 590 586 583 583 583 583 582 582 582 582 582 581 581 581 581 580 580 411 411 410 410 410 409 409 409 408 408 408
415 415 415 416 415 416 585 585 585 586 586 587 587 588 588 589 589 589 590 590 591 593 598 602 606 609 613 603 606 608 611 614 616 617 620 621 623 624 625 626 627 628 628 628 628 628 628 629 628 627 627 626 625 623 622 620 619 617 614 612 610 607 604 601 597 593 590 585 583 583 583 583 582 582 582 582 582 581 581 581 581 580 580 411 411 410 410 410 409 409 409 408 408 407
415 416 416 416 416 417 585 586 586 586 586 587 587 588 588 589 589 589 590 590 591 593 597 602 606 609 613 616 618 608 611 613 615 617 620 621 622 623 624 626 627 627 628 628 628 628 628 628 628 627 626 625 624 623 622 620 618 616 614 612 609 607 604 601 597 593 589 585 583 583 583 583 582 582 582 582 582 581 581 581 581 580 580 411 411 410 410 410 409 409 409 408 408 407
416 415 416 417 416 417 586 586 586 587 586 587 587 588 588 589 589 589 590 590 591 593 597 602 605 609 613 616 618 621 611 613 615 617 619 621 622 623 624 626 627 627 627 628 628 628 627 627 628 627 626 625 624 623 621 620 618 616 614 612 609 607 604 600 596 593 589 585 583 583 583 583 582 582 582 582 582 581 581 581 581 580 580 411 411 410 410 410 409 409 409 408 408 407
416 416 416 417 417 418 586 587 587 587 587 588 587 588 588 589 589 589 590 590 591 593 597 601 605 608 612 615 618 620 624 626 615 616 619 621 622 623 624 625 626 627 627 627 628 627 627 627 627 627 626 625 624 623 621 619 618 616 614 611 609 606 603 599 596 592 589 585 583 583 583 582 582 582 582 582 582 581 581 581 581 580 580 411 411 410 410 410 409 409 409 408 408 407
416 416 417 418 417 418 587 587 587 588 588 588 588 589 588 589 589 589 590 590 590 592 596 601 605 608 611 615 618 620 623 626 627 616 619 620 622 623 624 624 626 627 627 627 627 627 627 627 626 626 626 625 624 622 621 619 617 616 613 611 609 606 602 599 596 592 588 584 583 583 583 582 582 582 582 582 582 581 581 581 581 580 580 411 410 410 410 410 409 409 408 408 408 407
417 417 417 418 418 418 587 588 588 588 588 589 588 589 589 588 589 589 590 590 590 592 596 600 604 608 611 615 617 620 623 625 627 629 631 620 621 622 623 624 626 626 627 627 627 627 627 626 626 626 625 624 623 622 621 619 617 615 613 611 608 606 602 599 595 592 588 584 583 583 583 582 582 582 582 582 581 581 581 581 581 580 580 411 410 410 410 409 409 409 408 408 408 407
417 417 418 417 418 419 588 588 588 589 588 589 589 590 589 589 590 589 590 590 590 592 596 599 604 607 610 614 617 620 622 625 627 629 630 633 621 622 623 624 626 626 626 627 627 627 626 626 626 625 625 624 623 622 620 619 617 615 613 611 608 604 601 598 595 591 588 584 583 583 583 582 582 582 582 582 581 581 581 581 580 580 580 411 410 410 410 409 409 409 408 408 408 407
418 417 418 418 419 419 588 589 589 589 589 590 589 590 590 589 590 590 590 590 590 591 595 599 604 607 610 614 617 619 622 625 627 628 630 632 634 622 623 624 624 626 626 626 626 626 626 626 625 625 624 624 623 621 620 618 617 615 613 610 607 604 601 598 595 591 587 583 583 583 582 582 582 582 582 582 581 581 581 581 580 580 580 411 410 410 410 409 409 409 408 408 408 407
418 418 418 418 419 420 588 589 589 590 589 590 590 589 590 590 591 590 591 591 590 591 595 599 603 607 610 614 616 619 621 624 626 628 630 632 633 635 636 623 624 626 626 626 626 626 626 626 625 624 624 623 622 621 620 618 616 614 612 609 606 604 601 598 594 591 587 583 583 583 582 582 582 582 582 582 581 581 581 581 580 580 580 411 410 410 410 409 409 409 408 408 408 407
418 418 419 419 419 419 420 590 589 590 590 590 590 590 591 590 591 591 591 591 591 591 595 598 603 606 610 613 616 619 621 624 626 628 629 632 633 634 635 636 624 625 626 626 626 626 626 625 625 624 623 622 621 621 619 618 616 614 611 609 606 603 601 597 594 590 587 583 583 583 582 582 582 582 582 582 581 581 581 581 580 580 411 411 410 410 410 409 409 409 408 408 408 407
419 418 419 419 420 419 420 590 590 590 590 590 591 590 591 591 591 591 591 591 591 592 594 598 603 606 609 613 616 618 621 624 626 628 629 631 633 634 635 636 636 638 625 626 626 626 625 625 624 624 623 622 621 620 618 617 615 613 611 608 606 603 600 597 594 590 586 583 583 583 582 582 582 582 582 581 581 581 581 581 580 580 411 411 410 410 410 409 409 409 408 408 407 407
418 419 420 419 420 420 421 589 590 590 591 590 591 591 591 591 592 592 591 592 592 592 595 599 602 606 609 612 616 618 620 624 625 627 629 630 633 634 635 636 636 637 638 625 625 625 625 625 624 624 623 622 621 619 618 616 614 613 610 608 606 603 600 597 593 590 586 583 583 582 582 582 582 582 582 581 581 581 581 581 580 580 411 410 410 410 410 409 409 409 408 408 407 407
418 419 420 420 420 420 421 590 590 590 591 591 591 591 592 592 592 592 592 592 592 593 595 599 603 605 609 612 615 618 620 623 625 627 629 630 632 633 634 635 636 636 638 638 625 625 625 624 624 623 622 621 620 619 618 616 614 612 610 608 605 603 600 596 593 590 586 583 583 582 582 582 582 582 582 581 581 581 581 581 580 580 411 410 410 410 410 409 409 409 408 408 407 407
419 419 420 420 421 421 421 590 591 591 591 591 592 591 592 592 593 592 592 593 592 592 595 599 602 606 608 611 615 617 620 622 625 627 628 630 632 633 634 635 636 636 638 638 638 625 625 624 624 623 622 621 620 619 617 616 614 612 610 607 605 602 599 596 593 589 585 583 583 582 582 582 582 582 582 581 581 581 581 580 580 580 411 410 410 410 409 409 409 408 408 408 407 407
419 420 421 420 421 421 422 590 591 591 592 591 592 592 593 592 593 593 592 593 593 593 595 599 602 606 609 612 615 617 620 622 625 626 628 629 632 633 634 635 635 636 636 637 638 637 637 624 623 623 622 621 620 618 617 615 614 612 610 607 605 602 599 596 592 589 585 583 582 582 582 582 582 582 582 581 581 581 581 580 580 580 411 410 410 410 409 409 409 408 408 408 407 407
419 420 420 421 421 421 422 591 591 591 592 592 592 592 593 593 592 593 593 594 593 593 596 599 602 607 609 612 615 617 619 621 624 626 628 629 630 633 634 634 635 636 636 637 637 637 637 637 623 622 622 621 619 618 617 615 613 611 609 607 604 602 599 596 592 589 585 583 582 582 582 582 582 582 581 581 581 581 581 580 580 580 411 410 410 410 409 409 409 408 408 408 407 407
420 420 420 421 422 421 422 591 592 592 592 592 593 593 593 593 593 594 593 594 594 593 595 599 602 606 609 611 615 618 619 621 624 626 627 629 630 632 633 634 635 635 636 637 637 637 637 636 636 622 621 620 619 618 616 615 613 611 609 607 604 601 598 595 592 588 584 583 582 582 582 582 582 582 581 581 581 581 581 580 580 580 411 410 410 410 409 409 409 408 408 408 407 407
420 421 420 421 422 422 423 591 592 592 593 592 593 593 594 593 593 594 594 594 594 594 595 599 602 607 609 612 615 617 620 622 624 626 627 629 630 632 633 634 635 635 635 636 637 637 636 636 636 635 621 620 619 618 616 615 613 611 609 606 604 601 598 595 591 588 584 582 582 582 582 582 582 582 581 581 581 581 581 580 580 580 410 410 410 410 409 409 409 408 408 408 407 407
420 421 421 422 421 422 423 592 592 592 593 593 593 593 593 594 593 594 594 595 594 594 596 599 602 607 610 612 614 618 619 621 623 625 627 628 630 632 633 634 634 635 635 635 636 636 636 636 635 635 634 620 619 617 616 614 612 610 608 606 603 601 598 595 591 587 584 582 582 582 582 582 582 582 581 581 581 581 580 580 580 580 410 410 410 410 409 409 409 408 408 408 407 407
420 421 421 422 422 422 423 592 593 592 593 593 594 594 593 594 594 595 594 594 595 594 595 599 603 606 609 612 614 618 620 621 623 626 627 628 629 630 632 633 634 634 635 635 635 636 636 635 635 634 633 632 631 617 616 614 612 610 608 606 603 600 597 594 591 587 582 582 582 582 582 582 582 581 581 581 581 581 580 580 580 580 410 410 410 410 409 409 409 408 408 407 407 407
421 421 421 422 422 423 422 592 593 593 594 593 593 594 594 594 594 595 595 594 595 595 595 599 602 606 609 612 615 617 620 622 623 626 627 628 629 630 632 633 634 634 635 635 635 636 636 635 635 634 633 632 631 630 615 614 612 610 608 605 603 600 597 594 590 587 582 582 582 582 582 582 582 581 581 581 581 581 580 580 580 580 410 410 410 409 409 409 408 408 408 407 407 407
421 422 422 422 422 423 423 592 592 593 593 594 593 594 594 595 594 595 595 595 595 595 595 599 602 606 610 612 614 618 620 622 624 626 627 628 629 630 632 633 633 634 634 635 635 635 635 635 634 634 633 632 631 629 628 613 612 610 607 605 602 600 597 594 590 585 582 582 582 582 582 582 582 581 581 581 581 581 580 580 580 580 410 410 410 409 409 409 408 408 408 407 407 407
421 422 422 423 422 423 423 593 593 593 593 594 594 594 594 595 595 595 595 595 596 595 595 599 603 605 609 612 614 618 620 622 623 625 628 628 629 630 631 632 633 634 634 634 634 634 635 635 634 633 633 632 630 629 628 626 611 609 607 605 602 599 596 593 590 585 582 582 582 582 582 582 581 581 581 581 581 580 580 580 580 580 410 410 410 409 409 409 408 408 408 407 407 407
421 421 422 423 423 423 423 593 593 594 593 594 594 595 594 595 595 595 595 595 596 596 595 599 602 606 609 612 615 617 620 622 624 625 627 629 629 630 631 632 633 633 634 634 634 634 634 634 634 633 632 631 630 629 627 626 624 609 607 604 602 599 596 593 588 585 582 582 582 582 582 582 581 581 581 581 581 580 580 580 580 579 410 410 410 409 409 409 408 408 408 407 407 406
422 421 422 423 423 424 423 593 593 594 594 594 594 595 595 595 595 595 596 596 596 596 596 599 602 606 610 612 614 617 620 622 624 625 627 629 630 630 631 633 632 633 633 634 634 634 633 634 633 633 632 631 630 629 627 625 624 622 606 604 601 599 596 593 588 584 582 582 582 582 582 582 581 581 581 581 581 580 580 580 580 579 410 410 410 409 409 409 408 408 408 407 407 406
422 422 423 423 423 424 424 594 593 594 594 595 594 595 595 596 596 595 596 596 596 596 596 599 603 605 608 612 614 617 620 622 623 625 628 628 630 631 631 632 633 633 633 633 633 633 633 633 633 633 632 631 630 628 627 625 623 621 619 604 601 598 595 591 588 584 582 582 582 582 582 581 581 581 581 581 581 580 580 580 580 579 410 410 409 409 409 409 408 408 407 407 407 406
422 422 423 423 423 424 424 594 594 594 594 595 595 595 595 595 596 596 596 596 596 597 596 598 602 606 608 612 615 616 620 622 624 625 626 629 629 630 631 631 633 633 633 633 633 633 633 632 632 632 631 630 629 628 626 625 623 621 619 616 601 598 594 591 587 584 582 582 582 582 582 581 581 581 581 581 580 580 580 580 580 579 410 410 409 409 409 408 408 408 407 407 407 406
422 422 423 423 424 424 424 594 594 595 594 595 595 596 596 595 596 596 597 596 596 597 597 597 602 605 609 612 614 617 619 622 624 625 626 629 630 630 631 632 633 633 633 633 633 633 632 632 632 631 631 630 629 628 626 624 623 621 618 616 613 597 594 590 587 583 582 582 582 582 582 581 581 581 581 581 580 580 580 580 579 579 410 410 409 409 409 408 408 408 407 407 407 406
423 422 423 423 424 424 424 425 594 595 595 595 595 595 596 596 596 596 597 597 596 597 597 598 602 605 608 612 614 617 619 622 623 625 627 628 630 631 631 632 632 633 633 633 632 632 632 632 631 631 630 630 629 627 626 624 622 620 618 616 747 609 593 590 587 583 582 582 582 582 581 581 581 581 581 581 580 580 580 580 579 410 410 410 409 409 409 408 408 408 407 407 407 406
422 423 423 423 424 424 425 424 594 595 595 595 595 595 596 596 597 596 597 597 597 597 597 598 602 605 608 612 750 751 754 757 759 760 761 764 764 765 766 766 767 769 768 768 768 767 767 767 766 765 764 763 763 762 760 759 757 755 753 749 747 744 741 725 721 718 717 717 717 717 716 716 716 716 716 716 715 715 715 715 714 545 545 545 544 544 544 543 543 543 542 542 542 406
422 423 424 423 424 424 425 425 594 594 595 595 596 595 596 731 732 732 731 732 732 733 732 732 737 740 743 746 749 752 753 757 759 760 761 763 765 765 766 767 767 768 769 768 768 768 767 766 766 765 764 763 762 761 759 757 756 754 751 749 746 744 741 737 721 717 717 717 717 717 716 716 716 716 716 715 715 715 715 715 714 545 545 544 544 544 544 543 543 543 542 542 541 541
422 423 424 424 424 559 560 560 730 729 730 730 731 731 731 731 732 732 732 732 732 733 733 732 737 740 743 745 749 752 754 756 758 760 762 762 765 766 766 767 767 767 768 768 768 767 767 766 765 765 764 763 762 760 759 757 755 753 751 749 746 743 740 737 734 717 717 717 717 716 716 716 716 716 716 715 715 715 715 715 714 545 545 544 544 544 544 543 543 543 542 542 541 541
557 558 558 559 560 559 560 560 730 730 730 730 731 731 732 731 732 732 732 733 732 732 733 733 735 740 743 746 749 751 754 756 758 760 762 763 764 765 767 766 767 768 768 768 768 767 767 767 765 764 764 762 761 760 759 757 755 753 751 748 746 743 740 737 733 730 717 717 717 716 716 716 716 716 716 715 715 715 715 714 714 545 545 544 544 544 543 543 543 542 542 542 541 541
558 558 558 559 560 560 560 560 730 730 731 730 731 731 732 732 731 732 732 733 733 732 733 733 736 739 743 746 749 751 753 756 759 760 761 763 764 765 766 767 767 767 768 768 768 768 767 766 766 764 763 762 761 760 758 757 755 753 750 748 745 743 740 736 733 730 730 717 716 716 716 716 716 716 715 715 715 715 715 714 714 545 545 544 544 544 543 543 543 542 542 542 541 541
558 559 558 559 560 560 561 560 730 730 731 731 732 731 732 732 732 732 732 733 733 733 733 733 735 740 742 745 749 752 753 755 758 760 761 762 764 766 766 767 767 767 767 769 768 768 767 766 765 765 763 762 761 759 758 756 754 752 750 748 745 742 739 736 732 730 730 730 716 716 716 716 716 716 715 715 715 715 715 714 714 545 545 544 544 544 543 543 543 542 542 542 541 541
558 559 559 559 559 560 561 561 730 730 731 731 732 732 731 732 732 733 732 733 733 733 734 733 735 740 743 745 748 751 754 755 757 760 762 762 763 766 767 766 767 768 767 767 768 767 767 767 765 764 764 762 760 759 758 756 754 752 750 747 745 742 739 736 732 730 730 729 716 716 716 716 716 716 715 715 715 715 714 714 714 545 544 544 544 544 543 543 543 542 542 542 541 541
558 559 559 560 559 560 560 561 731 730 731 731 731 732 731 732 732 733 733 732 733 733 734 734 735 739 742 746 747 751 753 756 757 760 761 763 763 764 766 766 767 767 768 767 768 768 767 766 766 764 763 761 760 759 757 756 754 752 749 747 744 742 738 735 732 730 730 729 729 716 716 716 716 715 715 715 715 715 714 714 714 545 544 544 544 544 543 543 543 542 542 541 541 541
