testData/tiles/oneDegree/grid0.0-45.0-1.0-46.0.asc
ncols   200
nrows   200
xllcorner   0.0
yllcorner   45.0
cellsize   0.005
NODATA_value   -9999.0
[rows 42 to 83 of 200, columns 0 to 93 of 200]
143 144 144 144 145 145 145 146 146 146 146 147 147 147 148 148 148 148 149 149 149 150 150 150 150 151 151 151 151 152 152 152 152 153 153 153 153 154 154 154 154 155 155 155 155 155 155 155 155 156 156 156 156 156 157 157 157 157 158 158 158 158 158 158 158 158 158 158 159 159 159 159 159 160 160 160 159 159 160 160 160 160 160 161 161 161 161 160 175 176 180 184 222 225
144 144 144 145 145 145 145 146 146 146 147 147 147 148 148 148 148 149 149 149 150 150 150 150 151 151 151 151 152 152 152 152 153 153 153 153 154 154 154 154 154 154 154 154 155 155 155 155 156 156 156 156 156 157 157 157 157 158 158 157 157 157 158 158 158 158 158 159 159 159 159 159 160 159 159 159 159 160 160 160 160 160 161 161 161 160 160 160 175 176 180 220 223 226
144 144 144 145 145 145 146 146 146 146 147 147 147 148 148 148 148 149 149 149 150 150 150 150 151 151 151 151 152 152 152 152 152 152 152 152 153 153 153 153 154 154 154 154 155 155 155 155 156 156 156 156 156 157 156 156 156 157 157 157 157 157 158 158 158 158 158 159 159 159 158 158 159 159 159 159 159 160 160 160 160 160 160 160 160 160 160 161 175 177 217 220 223 225
144 144 144 145 145 145 145 146 146 146 147 147 147 148 148 148 148 149 149 149 150 150 150 149 150 150 150 150 151 151 151 151 152 152 152 152 153 153 153 153 154 154 154 154 155 155 155 155 156 156 155 155 155 156 156 156 156 157 157 157 157 157 158 158 158 158 157 158 158 158 158 158 159 159 159 159 159 160 160 159 159 159 160 160 160 160 160 160 175 213 216 219 222 226
142 143 143 143 144 144 144 145 145 145 145 146 146 146 147 147 147 147 148 148 148 149 149 149 149 150 150 150 150 151 151 151 151 152 152 152 152 153 153 153 153 154 154 154 154 154 154 154 154 155 155 155 155 155 156 156 156 156 157 157 157 157 156 157 157 157 157 157 158 158 158 158 158 159 159 159 158 158 159 159 159 159 159 160 160 160 160 160 210 212 216 219 222 225
142 142 143 143 143 144 144 144 145 145 145 145 146 146 146 147 147 147 147 148 148 148 149 149 149 149 150 150 150 150 151 151 151 151 152 152 152 152 152 152 152 152 153 153 153 153 154 154 154 154 155 155 155 155 155 156 156 156 155 156 156 156 156 156 157 157 157 157 157 158 158 158 158 157 158 158 158 158 158 159 159 159 159 159 160 159 159 195 209 212 216 220 222 225
142 142 142 143 143 143 143 144 144 144 145 145 145 146 146 146 146 147 147 147 148 148 148 148 149 149 149 149 150 150 150 150 150 150 150 151 151 151 151 152 152 152 152 152 153 153 153 153 154 154 154 154 155 155 154 154 154 155 155 155 155 156 156 156 156 156 157 157 157 156 156 157 157 157 157 157 158 158 158 158 158 159 158 158 158 158 195 209 209 212 216 219 223 224
141 141 142 142 142 143 143 143 143 144 144 144 145 145 145 146 146 146 146 147 146 146 147 147 147 147 148 148 148 148 149 149 149 149 150 150 150 150 151 151 151 151 152 152 152 152 153 153 153 152 153 153 153 153 154 154 154 154 154 155 155 155 155 155 156 156 155 155 156 156 156 156 156 157 157 157 157 157 158 157 157 157 157 157 158 194 194 208 208 212 215 218 221 223
139 139 140 140 140 141 141 141 142 142 142 143 143 143 144 144 144 144 145 145 145 146 146 146 146 147 147 147 147 148 148 148 149 149 149 149 150 150 150 150 151 151 151 151 151 151 151 151 151 152 152 152 152 153 153 153 153 154 154 154 154 154 154 154 154 154 154 155 155 155 155 156 156 156 156 156 156 156 156 156 156 157 157 157 193 193 193 208 207 210 214 217 221 223
138 139 139 139 140 140 140 140 141 141 141 142 142 142 143 143 143 144 144 144 144 145 145 145 146 146 146 146 147 147 147 147 148 148 148 149 149 148 148 149 149 149 149 150 150 150 150 150 151 151 151 151 152 152 152 152 153 153 152 152 152 153 153 153 153 154 154 154 154 154 155 155 155 154 154 155 155 155 155 155 156 156 156 192 192 192 192 206 206 210 214 217 220 222
137 137 138 138 138 139 139 139 140 140 140 141 141 141 142 142 142 143 143 143 143 144 144 144 145 145 145 145 146 145 145 145 146 146 146 147 147 147 147 148 148 148 148 149 149 149 149 150 150 150 150 151 151 150 150 150 151 151 151 151 152 152 152 152 152 153 153 153 153 153 153 153 153 153 154 154 154 154 154 155 155 155 190 190 191 191 191 205 205 210 213 216 219 223
136 136 136 137 137 137 138 138 138 139 139 139 140 140 140 141 141 140 141 141 141 142 142 142 142 143 143 143 144 144 144 144 145 145 145 145 146 146 146 147 147 147 147 148 148 148 148 149 148 148 148 149 149 149 149 149 150 150 150 150 151 151 151 151 152 152 151 151 151 152 152 152 152 152 153 153 153 153 153 153 153 153 189 189 190 190 190 204 204 209 213 216 219 223
133 134 134 134 135 135 135 136 136 136 137 137 137 138 138 138 139 139 139 140 140 140 141 141 141 141 142 142 142 143 143 143 143 144 144 144 145 145 145 145 146 146 146 145 146 146 146 146 147 147 147 147 148 148 148 148 149 149 149 149 149 150 149 149 149 150 150 150 150 151 151 151 151 151 152 152 151 151 151 152 152 188 188 188 189 189 189 203 203 208 212 216 219 224
132 132 132 133 133 133 134 134 134 135 135 136 136 136 137 137 137 137 138 138 138 139 139 139 140 140 140 141 141 141 141 142 142 142 143 143 142 142 143 143 143 143 144 144 144 145 145 145 145 146 146 146 146 147 147 147 147 147 147 147 147 147 148 148 148 148 149 149 149 149 149 150 149 149 149 150 150 150 150 150 187 187 187 187 187 188 188 202 202 206 211 216 221 224
130 130 130 131 131 132 132 132 133 133 133 134 134 134 135 135 135 136 136 136 137 137 137 138 138 138 139 139 138 139 139 139 139 140 140 140 141 141 141 141 142 142 142 143 143 143 143 144 144 144 144 145 145 144 144 145 145 145 145 146 146 146 146 147 147 147 147 147 148 147 147 147 148 148 148 148 148 149 149 185 185 186 186 186 186 186 187 201 201 206 211 216 221 224
130 130 130 130 130 130 130 130 131 131 131 132 131 131 132 132 133 133 133 134 134 134 135 135 135 135 136 136 136 137 137 137 138 138 138 139 139 139 139 140 140 140 141 141 141 342 142 142 141 141 142 142 142 142 143 143 143 144 144 144 144 144 145 145 145 144 145 145 145 145 146 146 146 146 147 147 147 147 183 184 184 184 184 184 185 185 185 199 201 207 211 216 220 225
129 129 129 129 129 129 129 129 129 129 129 129 129 129 130 130 130 131 131 332 333 333 333 334 334 334 335 335 335 336 336 336 337 337 337 338 338 338 339 339 339 339 339 339 339 340 340 340 340 341 341 341 341 342 342 342 342 343 343 343 344 343 343 343 344 344 344 344 344 345 345 345 144 145 145 145 145 146 182 182 182 182 183 183 183 183 184 198 200 206 210 216 220 224
129 129 129 129 129 129 129 129 330 330 330 330 330 330 330 330 330 330 330 330 330 331 331 331 332 332 332 333 333 334 334 334 334 335 335 334 335 335 335 336 336 336 337 337 337 337 338 338 338 339 339 339 339 340 340 340 341 340 340 340 341 341 341 341 342 342 342 342 343 343 343 343 344 344 344 344 345 381 381 381 381 382 382 181 181 182 182 197 200 205 212 216 220 224
330 330 330 330 330 330 330 330 330 330 330 330 330 330 330 330 330 330 330 330 330 330 330 330 330 329 329 329 330 330 330 331 331 331 332 332 332 333 333 333 334 334 334 335 335 335 336 336 336 336 337 337 336 337 337 337 337 338 338 338 338 339 339 339 340 340 340 340 341 341 341 341 342 342 342 342 379 379 379 379 379 380 380 380 380 381 382 397 400 405 412 215 219 223
329 329 329 329 329 329 329 329 329 329 329 329 329 329 329 329 329 329 329 329 329 329 329 329 329 329 329 329 329 329 329 329 329 329 329 329 330 330 330 331 331 331 332 332 332 333 333 332 333 333 333 334 334 334 334 335 335 335 336 336 336 336 337 337 337 338 338 338 338 339 339 339 339 340 340 376 376 377 377 377 377 378 378 378 378 378 381 397 400 406 411 415 419 423
329 329 329 329 329 329 329 329 329 329 329 329 329 329 329 329 329 329 329 329 329 329 329 329 329 329 329 329 329 329 329 329 329 329 329 329 329 329 329 329 329 328 328 328 329 329 329 330 330 330 330 331 331 331 332 332 332 333 333 333 334 334 334 334 335 335 335 336 336 336 336 337 337 337 337 374 374 374 374 375 375 375 375 376 376 378 379 396 399 405 409 414 419 422
329 329 329 329 329 329 329 329 329 329 329 329 329 329 329 329 329 329 329 329 329 329 329 329 329 329 329 329 329 329 329 329 329 328 328 328 328 328 328 328 328 328 328 328 328 328 328 328 328 328 328 328 328 328 329 329 329 330 330 330 331 331 331 332 332 332 332 333 333 333 334 334 334 334 371 371 371 372 372 372 372 373 373 373 374 377 378 394 397 404 408 412 417 421
329 329 329 329 329 329 329 329 329 329 329 329 329 329 329 329 329 329 329 329 329 329 329 328 328 328 328 328 328 328 328 328 328 328 328 328 328 328 328 328 328 328 328 328 328 328 328 328 328 328 328 328 328 328 328 328 328 328 328 328 328 328 328 328 329 329 329 330 330 330 331 331 331 367 368 368 368 369 369 369 369 370 370 371 373 375 377 392 396 402 406 410 416 419
279 279 328 328 328 328 328 328 328 328 328 328 328 328 328 328 328 328 328 328 328 328 328 328 328 328 328 328 328 328 328 328 328 328 328 328 328 328 328 328 328 328 328 328 328 328 328 328 328 328 328 328 328 328 328 328 328 328 328 328 328 328 328 328 328 328 328 328 328 328 328 328 364 364 364 365 365 365 366 366 366 367 367 369 371 373 375 390 393 400 405 408 414 417
279 279 279 279 279 279 279 279 279 279 279 279 328 328 328 328 328 328 328 328 328 328 328 328 328 328 328 328 328 328 328 328 328 328 328 328 328 328 328 328 328 328 328 328 328 328 328 328 328 328 328 328 328 328 328 328 328 328 328 328 328 328 328 328 328 328 328 328 328 328 328 328 364 364 364 364 364 364 364 364 364 364 365 367 369 370 372 388 392 397 403 406 411 414
279 279 279 279 279 279 279 279 279 279 279 279 279 279 279 279 279 279 279 279 279 279 328 328 328 328 328 328 328 328 328 328 328 328 328 328 328 328 328 328 328 328 328 328 328 328 328 328 328 328 328 328 328 328 328 328 328 328 328 328 328 328 328 328 328 328 328 328 328 328 328 364 364 364 364 364 364 364 364 364 364 365 367 368 370 371 373 388 392 398 402 406 409 413
279 279 279 279 279 279 279 279 279 279 279 279 279 279 279 279 279 279 279 279 279 279 279 279 279 279 279 279 279 279 279 279 279 328 328 328 328 328 328 328 328 328 328 328 328 328 328 328 328 328 328 328 328 328 328 328 328 328 328 328 328 328 328 328 328 328 328 328 328 328 328 364 364 364 364 364 364 364 364 364 364 366 368 369 371 372 388 389 393 399 403 407 410 414
279 279 279 279 279 279 279 279 279 279 279 279 279 279 279 279 279 279 279 279 279 279 279 279 279 279 279 279 279 279 279 279 279 279 279 279 279 279 279 279 279 279 279 279 279 328 328 328 328 328 328 328 328 328 328 328 328 328 328 328 328 328 328 328 328 328 328 328 328 328 364 364 364 364 364 364 364 364 364 364 365 367 369 370 372 373 389 390 394 400 404 408 411 415
279 279 279 279 279 279 279 279 279 279 279 279 279 279 279 279 279 279 279 279 279 279 279 279 279 279 279 279 279 279 279 279 279 279 279 279 279 279 279 279 279 279 279 279 279 279 279 279 279 279 279 279 279 279 279 279 279 279 328 328 328 328 328 328 328 328 328 328 328 364 364 364 364 364 364 364 364 364 364 365 367 368 370 371 373 374 390 391 395 400 405 409 412 416
279 279 279 279 279 279 279 279 279 279 279 279 279 279 279 279 279 279 279 279 279 279 279 279 279 279 279 279 279 279 279 279 279 279 279 279 279 279 279 279 279 279 279 279 279 279 279 279 279 279 279 279 279 279 279 279 279 279 279 279 279 279 279 279 279 279 279 279 279 315 315 315 364 364 364 364 364 364 364 366 368 369 371 372 374 375 390 392 396 401 405 410 414 417
279 279 279 279 279 279 279 279 279 279 279 279 279 279 279 279 279 279 279 279 279 279 279 279 279 279 279 279 279 279 279 279 279 279 279 279 279 279 279 279 279 279 279 279 279 279 279 279 279 279 279 279 279 279 279 279 279 279 279 279 279 279 279 279 279 279 279 279 315 315 315 315 315 315 315 315 315 315 316 318 320 321 323 324 326 327 342 393 398 402 406 410 414 418
279 279 279 279 279 279 279 279 279 279 279 279 279 279 279 279 279 279 279 279 279 279 279 279 279 279 279 279 279 279 279 279 279 279 279 279 279 279 279 279 279 279 279 279 279 279 279 279 279 279 279 279 279 279 279 279 279 279 279 279 279 279 279 279 279 279 279 315 315 315 315 315 315 315 315 315 315 316 317 319 321 322 324 325 327 328 343 344 350 354 359 362 366 369
279 279 279 279 279 279 279 279 279 279 279 279 279 279 279 279 279 279 279 279 279 279 279 279 279 279 279 279 279 279 279 279 279 279 279 279 279 279 279 279 279 279 279 279 279 279 279 279 279 279 279 279 279 279 279 279 279 279 279 279 279 279 279 279 279 279 279 315 315 315 315 315 315 315 315 315 315 317 319 320 322 323 325 326 327 329 344 345 350 356 360 363 367 370
279 279 279 279 279 279 279 279 279 279 279 279 279 279 279 279 279 279 279 279 279 279 279 279 279 279 279 279 279 279 279 279 279 279 279 279 279 279 279 279 279 279 279 279 279 279 279 279 279 279 279 279 279 279 279 279 279 279 279 279 279 279 279 279 279 279 315 315 315 315 315 315 315 315 315 315 316 318 320 321 323 324 326 327 328 329 345 346 351 356 360 363 368 371
279 279 279 279 279 279 279 279 279 279 279 279 279 279 279 279 279 279 279 279 279 279 279 279 279 279 279 279 279 279 279 279 279 279 279 279 279 279 279 279 279 279 279 279 279 279 279 279 279 279 279 279 279 279 279 279 279 279 279 279 279 279 279 279 279 279 315 315 315 315 315 315 315 315 315 315 317 319 320 322 324 325 326 328 329 330 345 347 352 357 361 365 368 371
279 279 279 279 279 279 279 279 279 279 279 279 279 279 279 279 279 279 279 279 279 279 279 279 279 279 279 279 279 279 279 279 279 279 279 279 279 279 279 279 279 279 279 279 279 279 279 279 279 279 279 279 279 279 279 279 279 279 279 279 279 279 279 279 279 315 315 315 315 315 315 315 315 315 315 316 318 320 321 323 324 326 327 328 330 331 346 347 353 358 362 366 369 372
279 279 279 279 279 279 279 279 279 279 279 279 279 279 279 279 279 279 279 279 279 279 279 279 279 279 279 279 279 279 279 279 279 279 279 279 279 279 279 279 279 279 279 279 279 279 279 279 279 279 279 279 279 279 279 279 279 279 279 279 279 279 279 279 279 315 315 315 315 315 315 315 315 315 316 317 319 321 322 324 325 327 328 329 331 332 347 348 353 358 362 366 369 373
279 279 279 279 279 279 279 279 279 279 279 279 279 279 279 279 279 279 279 279 279 279 279 279 279 279 279 279 279 279 279 279 279 279 279 279 279 279 279 279 279 279 279 279 279 279 279 279 279 279 279 279 279 279 279 279 279 279 279 279 279 279 279 279 315 315 315 315 315 315 315 315 315 315 317 318 320 322 323 325 326 327 329 330 331 332 348 349 355 359 363 367 370 373
279 279 279 279 279 279 279 279 279 279 279 279 279 279 279 279 279 279 279 279 279 279 279 279 279 279 279 279 279 279 279 279 279 279 279 279 279 279 279 279 279 279 279 279 279 279 279 279 279 279 279 279 279 279 279 279 279 279 279 279 279 279 279 279 315 315 315 315 315 315 315 315 315 316 318 319 321 322 324 325 327 328 329 331 332 333 348 349 356 360 364 368 371 375
279 279 279 279 279 279 279 279 279 279 279 279 279 279 279 279 279 279 279 279 279 279 279 279 279 279 279 279 279 279 279 279 279 279 279 279 279 279 279 279 279 279 279 279 279 279 279 279 279 279 279 279 279 279 279 279 279 279 279 279 279 279 279 315 315 315 315 315 315 315 315 315 315 317 318 320 322 323 325 326 328 329 330 331 333 334 349 351 356 360 364 368 371 375
279 279 279 279 279 279 279 279 279 279 279 279 279 279 279 279 279 279 279 279 279 279 279 279 279 279 279 279 279 279 279 279 279 279 279 279 279 279 279 279 279 279 279 279 279 279 279 279 279 279 279 279 279 279 279 279 279 279 279 279 279 279 279 315 315 315 315 315 315 315 315 315 316 318 319 321 323 324 325 327 328 330 331 332 333 334 350 352 357 361 365 369 372 376
279 279 279 279 279 279 279 279 279 279 279 279 279 279 279 279 279 279 279 279 279 279 279 279 279 279 279 279 279 279 279 279 279 279 279 279 279 279 279 279 279 279 279 279 279 279 279 279 279 279 279 279 279 279 279 279 279 279 279 279 279 279 315 315 315 315 315 315 315 315 315 315 317 319 320 322 323 325 326 328 329 330 331 333 334 335 350 352 357 362 366 369 373 376
