testData/tiles/oneDegree/grid10.0-40.0-11.0-41.0.asc
ncols   200
nrows   200
xllcorner   10.0
yllcorner   40.0
cellsize   0.005
NODATA_value   -9999.0
[rows 126 to 167 of 200, columns 94 to 187 of 200]
573 573 574 575 575 576 577 577 578 578 579 579 580 581 581 582 582 583 583 584 584 585 585 586 586 587 587 587 587 588 588 588 589 589 590 590 590 591 591 592 592 592 593 593 593 593 593 593 594 594 594 594 595 595 595 595 596 595 595 595 596 596 596 596 596 596 597 596 596 596 596 596 596 596 596 595 595 596 596 596 596 596 595 595 595 595 595 595 594 593 593 593 593 593
572 572 573 573 574 575 575 576 576 577 578 578 579 579 580 580 581 581 582 583 583 584 584 585 585 585 586 586 587 587 587 587 588 588 588 589 589 590 590 590 591 591 591 592 592 592 593 592 592 593 593 593 593 594 594 594 594 595 594 594 594 594 595 595 595 595 595 595 594 595 595 595 595 595 595 595 594 594 594 594 594 594 594 593 593 593 593 593 593 593 592 592 592 592
570 571 572 572 573 573 574 575 575 576 576 577 578 578 579 579 580 580 581 581 582 582 583 583 584 584 585 585 586 586 586 587 586 587 587 588 588 588 589 589 589 590 590 590 591 591 591 592 591 591 592 592 592 592 593 593 593 593 593 593 593 593 593 593 594 594 594 594 594 593 593 593 593 594 594 594 594 593 593 593 593 593 593 593 592 592 592 592 592 592 591 591 590 590
569 570 570 571 572 572 573 573 574 575 575 576 576 577 577 578 578 579 580 580 581 581 582 582 582 583 583 584 584 585 585 586 586 586 586 586 587 587 587 588 588 588 589 589 589 590 590 590 591 590 590 590 591 591 591 591 592 592 592 592 591 592 592 592 592 592 592 593 593 592 592 592 592 592 592 592 592 591 592 592 592 592 592 592 591 591 591 590 590 590 590 589 589 589
568 569 569 570 570 571 572 572 573 573 574 575 575 576 576 577 577 578 578 579 579 580 580 581 581 582 582 583 583 583 584 584 585 585 586 585 585 586 586 586 587 587 587 588 588 588 589 589 589 590 589 589 589 590 590 590 590 591 591 591 591 590 591 591 591 591 591 591 591 592 591 591 591 591 591 591 591 591 590 590 590 590 590 590 590 589 589 589 589 589 589 588 588 588
567 567 568 569 569 570 570 571 572 572 573 573 574 574 575 575 576 577 577 578 578 579 579 579 580 580 581 581 582 582 583 583 583 584 584 585 584 584 585 585 585 586 586 586 587 587 587 588 588 588 589 588 588 588 589 589 589 589 589 590 590 590 589 589 589 590 590 590 590 590 590 589 589 590 590 590 590 590 589 589 589 589 589 589 589 588 588 588 588 588 588 588 586 586
566 566 567 567 568 569 569 570 570 571 572 572 573 573 574 574 575 575 576 576 577 577 578 578 579 579 580 580 580 581 581 582 582 583 583 583 584 583 583 584 584 584 585 585 585 586 586 586 587 587 587 586 587 587 587 587 588 588 588 588 588 589 588 588 588 588 588 589 589 589 589 588 588 588 588 588 588 588 588 587 588 588 588 588 588 587 586 586 586 586 586 586 585 585
564 565 566 566 567 567 568 569 569 570 570 571 571 572 572 573 573 574 575 575 575 576 576 577 577 578 578 579 579 580 580 580 581 581 582 582 582 583 582 582 583 583 584 584 584 584 585 585 585 586 586 586 585 586 586 586 586 587 587 587 587 587 587 587 587 587 587 587 587 587 588 587 587 587 587 587 587 587 587 586 586 586 586 586 586 586 585 585 585 585 585 585 584 584
563 564 564 565 566 566 567 567 568 568 569 570 570 571 571 572 572 573 573 574 574 575 575 576 576 577 577 577 578 578 579 579 580 580 580 581 581 581 582 581 582 582 582 583 583 583 583 584 584 584 585 585 584 584 585 585 585 585 585 586 586 586 586 585 585 586 586 586 586 586 586 586 585 585 586 586 586 586 586 585 585 585 585 585 585 585 584 584 584 584 584 583 583 582
562 563 563 564 564 565 566 566 567 567 568 568 569 569 570 570 571 571 572 572 573 573 574 574 575 575 576 576 577 577 577 578 578 579 579 579 580 580 581 580 580 581 581 581 582 582 582 582 583 583 583 583 584 583 583 583 584 584 584 584 584 585 585 584 584 584 584 585 585 585 585 585 584 584 584 584 584 584 584 584 583 583 583 583 583 583 582 582 582 582 582 582 582 581
561 561 562 563 563 564 564 565 565 566 567 567 568 568 569 569 570 570 571 571 572 572 573 573 574 574 574 575 575 576 576 577 577 577 578 578 579 579 579 579 579 579 580 580 580 581 581 581 581 582 582 582 582 582 582 582 582 583 583 583 583 583 583 583 583 583 583 583 583 583 584 584 583 583 583 583 583 583 583 583 582 582 582 582 582 582 582 581 581 581 581 581 581 580
560 560 561 561 562 563 564 564 564 565 565 566 566 567 567 568 568 569 569 570 570 571 571 572 572 573 573 574 574 574 575 575 576 576 576 577 577 578 578 577 578 578 578 579 579 579 579 580 580 580 581 581 581 580 581 581 581 581 581 582 582 582 582 581 581 582 582 582 582 582 582 582 581 581 582 582 582 582 582 582 581 581 581 581 581 581 581 580 580 580 580 579 579 578
558 559 560 560 561 561 562 562 563 564 564 565 565 566 566 567 567 568 568 569 569 570 570 571 571 571 572 572 573 573 574 574 574 575 575 576 576 576 577 576 576 577 577 577 578 578 578 578 579 579 579 580 580 579 579 579 580 580 580 580 580 581 581 580 580 580 580 580 581 581 581 581 580 580 580 580 580 580 580 580 579 579 579 579 579 579 579 578 578 578 578 578 578 577
557 558 558 559 560 560 561 561 562 562 563 563 564 564 565 565 566 566 567 567 568 568 569 569 570 570 571 571 571 572 572 573 573 573 574 574 575 575 575 575 575 575 576 576 576 577 577 577 577 578 578 578 578 578 578 578 578 579 579 579 579 579 579 579 579 579 579 579 579 579 579 580 579 579 579 579 579 579 579 579 578 578 578 578 578 578 577 577 577 577 577 577 577 576
556 557 557 558 558 559 559 560 561 561 562 562 563 563 564 564 565 565 566 566 567 567 568 568 568 569 569 570 570 571 571 571 572 572 573 573 573 574 574 573 574 574 574 575 575 575 576 576 576 576 577 577 576 576 577 577 577 577 577 578 578 578 578 577 577 578 578 578 578 578 578 578 577 577 577 578 578 578 578 577 577 577 577 577 577 577 576 576 576 576 575 575 575 574
555 555 556 556 557 558 558 559 559 560 560 561 561 562 562 563 563 564 564 565 565 566 566 567 567 568 568 568 569 569 570 570 571 571 571 572 572 572 572 572 572 573 573 573 574 574 574 574 575 575 575 576 575 575 575 575 576 576 576 576 576 577 577 576 576 576 576 576 577 577 577 576 576 576 576 576 576 576 576 575 575 575 575 575 575 575 574 574 574 574 574 574 573 573
554 554 555 555 556 556 557 558 558 559 559 560 560 561 561 562 562 563 563 564 564 565 565 565 566 566 567 567 568 568 568 569 569 570 570 570 571 570 570 571 571 571 572 572 572 573 573 573 573 574 574 573 573 574 574 574 574 575 575 575 575 575 574 575 575 575 575 575 575 575 575 575 575 575 575 575 575 575 575 574 574 574 574 574 574 574 573 573 573 573 573 573 572 572
554 554 554 554 555 555 556 556 557 557 558 558 559 559 560 560 561 561 562 562 563 563 564 564 565 565 566 566 566 567 567 568 568 568 569 569 568 569 569 569 570 570 570 571 571 571 572 572 572 572 573 572 572 572 573 573 573 573 573 574 574 574 573 573 573 574 574 574 574 574 574 573 573 573 573 573 574 574 573 573 573 573 573 573 573 572 572 572 572 571 571 571 570 570
554 554 554 554 554 554 554 555 556 556 557 557 558 558 559 559 560 560 561 561 562 562 562 563 563 564 564 565 565 565 566 566 567 567 567 567 567 567 568 568 568 569 569 569 570 570 570 571 571 571 570 571 571 571 571 571 572 572 572 572 572 572 572 572 572 572 572 572 573 573 572 572 572 572 572 572 572 572 571 571 571 571 571 571 571 570 570 570 570 570 570 569 569 569
554 554 554 554 554 554 554 554 554 555 555 556 556 557 557 558 558 559 559 560 560 561 561 562 562 563 563 563 564 564 565 565 565 566 565 565 566 566 566 567 567 567 568 568 568 569 569 569 569 569 569 569 569 570 570 570 570 571 571 571 570 570 570 571 571 571 571 571 571 570 570 570 571 571 571 571 571 570 570 570 570 570 570 570 569 569 569 569 569 569 569 568 568 567
554 554 554 554 554 554 554 554 554 554 554 555 555 556 556 557 557 558 558 559 559 559 560 560 561 561 562 562 562 563 563 564 563 563 564 564 564 565 565 565 566 566 566 567 567 567 568 568 567 567 568 568 568 568 569 569 569 569 569 569 569 569 569 569 569 569 570 570 570 569 569 569 569 569 569 569 569 568 569 569 569 569 569 569 568 568 568 567 567 567 566 566 566 566
554 554 554 554 554 554 554 554 554 554 554 554 554 554 555 555 556 556 557 557 558 558 559 559 560 560 560 561 561 562 561 561 562 562 562 563 563 564 564 564 564 565 565 565 566 566 566 566 566 566 566 567 567 567 567 567 568 568 567 567 567 568 568 568 568 568 568 568 567 568 568 568 568 568 568 568 567 567 567 567 567 567 567 566 566 566 566 566 566 566 565 565 565 565
554 554 554 554 554 554 554 554 554 554 554 554 554 554 554 554 555 555 556 556 556 557 557 558 558 559 559 558 559 559 560 560 560 561 561 562 562 562 563 563 563 563 564 564 564 564 564 564 564 565 565 565 565 566 566 566 566 565 566 566 566 566 566 567 567 567 567 566 566 566 566 566 567 567 567 566 566 566 566 566 566 566 565 565 565 565 565 565 565 564 564 564 564 563
554 554 554 554 554 554 554 554 554 554 554 554 554 554 554 554 554 554 554 555 555 556 556 557 556 556 557 557 558 558 558 559 559 559 560 560 561 561 561 562 562 562 562 563 562 562 563 563 563 563 564 564 564 564 565 565 564 564 564 565 565 565 565 565 565 565 565 565 565 565 565 565 565 565 564 564 564 564 564 565 565 565 564 564 564 564 563 563 562 562 562 562 562 562
554 554 554 554 554 554 554 554 554 554 554 554 554 554 554 554 554 554 554 554 553 553 554 554 555 555 555 556 556 557 557 557 558 558 559 559 559 560 560 560 561 561 560 560 561 561 561 562 562 562 562 563 563 563 563 562 563 563 563 563 563 564 564 564 564 563 563 563 563 564 564 564 564 563 563 563 563 563 563 563 563 562 562 562 562 562 562 561 561 561 561 561 561 561
553 554 554 554 554 554 554 554 554 554 554 554 553 553 553 553 553 553 553 553 553 553 553 553 553 554 554 555 555 555 556 556 557 557 557 558 558 558 559 559 558 559 559 559 559 560 560 560 560 561 561 561 561 561 561 561 561 561 562 562 562 562 562 561 562 562 562 562 562 562 562 562 561 562 562 562 562 562 562 562 561 561 561 561 561 561 561 560 560 560 560 560 559 558
542 542 542 553 553 553 553 553 553 553 553 553 553 553 553 553 553 553 553 553 553 553 553 553 553 553 553 553 554 554 554 555 555 556 556 556 557 556 556 557 557 557 558 558 558 558 559 559 559 559 560 559 559 559 560 560 560 560 560 560 561 561 560 560 560 560 561 561 561 561 561 560 560 560 560 560 560 560 560 559 559 559 559 559 559 559 558 558 558 558 558 558 557 557
542 542 542 542 542 553 553 553 553 553 553 553 553 553 553 553 553 553 553 553 553 553 553 553 553 553 553 553 553 553 553 554 554 554 555 554 554 555 555 555 556 556 556 556 557 557 557 558 558 558 557 558 558 558 558 558 559 559 559 559 559 558 559 559 559 559 559 559 559 559 559 559 559 559 559 559 559 559 558 558 558 558 558 558 558 557 557 557 557 557 557 556 556 556
542 542 542 542 542 542 542 553 553 553 553 553 553 553 553 553 553 553 553 553 553 553 553 553 553 553 553 553 553 553 553 552 552 552 552 553 553 553 554 554 554 555 555 555 555 556 556 556 556 556 556 556 556 557 557 557 557 557 558 557 557 557 557 557 558 558 558 558 557 557 557 557 557 557 558 558 557 557 557 557 557 557 557 556 556 556 556 556 556 556 555 554 554 554
542 542 542 542 542 542 542 542 542 542 553 553 553 553 553 553 553 553 553 553 553 553 553 553 553 553 553 552 552 552 552 552 552 552 552 552 552 552 552 553 553 553 554 554 554 553 554 554 554 554 555 555 555 555 556 556 556 555 555 555 556 556 556 556 556 556 556 556 556 556 556 556 556 556 556 555 555 555 555 555 555 555 554 554 554 554 554 554 554 553 553 553 553 553
542 542 542 542 542 542 542 542 542 542 542 542 553 553 553 553 553 553 553 553 553 553 552 552 552 552 552 552 552 552 552 552 552 552 552 552 552 552 552 552 552 552 552 552 552 552 552 553 553 553 553 554 554 554 554 553 554 554 554 554 554 554 555 555 555 554 554 554 554 554 555 555 555 554 554 554 554 554 554 554 554 553 553 553 553 553 553 553 552 552 552 552 552 552
541 541 542 542 542 542 542 542 542 542 542 541 541 541 541 552 552 552 552 552 552 552 552 552 552 552 552 552 552 552 552 552 552 552 552 552 552 552 552 552 551 551 551 551 551 551 551 551 552 552 552 552 552 552 552 552 552 552 553 553 553 553 553 552 553 553 553 553 553 553 553 553 552 552 552 553 553 553 553 552 552 552 552 552 552 552 551 551 551 551 550 550 550 549
541 541 541 541 541 541 541 541 541 541 541 541 541 541 541 541 541 541 552 552 552 552 552 552 552 552 552 552 552 552 552 552 552 552 552 552 551 551 551 551 551 551 551 551 551 551 551 551 551 551 551 550 550 550 551 551 551 551 551 551 552 551 551 551 551 551 551 552 552 552 551 551 551 551 551 551 551 551 550 550 550 550 550 550 550 549 549 549 549 549 549 548 548 548
541 541 541 541 541 541 541 541 541 541 541 541 541 541 541 541 541 541 541 541 541 552 552 552 552 552 552 552 552 552 552 552 551 551 551 551 551 551 551 551 551 551 551 551 551 551 551 551 550 550 550 550 550 550 550 550 550 550 550 549 549 549 550 550 550 550 550 550 549 549 549 550 550 550 550 550 549 549 549 549 549 549 549 548 548 548 548 548 548 548 547 547 547 547
541 541 541 541 541 541 541 541 541 541 541 541 541 541 541 541 541 541 541 541 541 541 541 541 552 552 552 551 551 551 551 551 551 551 551 551 551 551 551 551 551 551 551 551 551 550 550 550 550 550 550 550 550 550 550 550 550 549 549 549 549 549 549 549 549 549 548 548 548 548 548 548 548 548 548 547 548 548 548 548 548 548 547 547 547 547 547 547 546 545 545 545 545 545
541 541 541 541 541 541 541 541 541 541 541 541 541 541 541 541 541 541 541 540 540 540 540 540 540 540 540 551 551 551 551 551 551 551 551 551 551 551 551 551 551 550 550 550 550 550 550 550 550 550 550 550 550 550 549 549 549 549 549 549 549 549 549 549 548 548 548 548 548 548 548 548 548 547 547 547 547 547 547 547 546 546 546 546 546 546 546 545 545 545 545 545 545 544
540 540 540 540 540 540 540 540 540 540 540 540 540 540 540 540 540 540 540 540 540 540 540 540 540 540 540 540 540 540 540 551 551 551 551 551 551 550 550 550 550 550 550 550 550 550 550 550 550 550 550 549 549 549 549 549 549 549 549 549 549 549 548 548 548 548 548 548 548 548 548 547 547 547 547 547 547 547 546 546 546 546 546 546 546 545 545 545 545 545 545 545 544 544
540 540 540 540 540 540 540 540 540 540 540 540 540 540 540 540 540 540 540 540 540 540 540 540 540 540 540 540 540 540 540 540 540 539 550 550 550 550 550 550 550 550 550 550 550 550 550 550 549 549 549 549 549 549 549 549 549 549 549 548 548 548 548 548 548 548 548 548 548 547 547 547 547 547 547 547 546 546 546 546 546 546 546 546 545 545 545 545 545 545 544 544 544 544
540 540 540 540 540 540 540 540 540 540 540 540 540 540 540 540 540 540 540 540 540 540 540 540 540 540 539 539 539 539 539 539 539 539 539 539 539 539 539 550 550 550 550 550 550 549 549 549 549 549 549 549 549 549 549 549 549 548 548 548 548 548 548 548 548 548 547 547 547 547 547 547 547 547 546 546 546 546 546 546 546 546 545 545 545 545 545 545 544 544 544 544 544 544
540 540 540 540 540 540 540 540 540 540 540 540 540 540 540 540 540 539 539 539 539 539 539 539 539 539 539 539 539 539 539 539 539 539 539 539 539 539 539 539 539 538 538 549 549 549 549 549 549 549 549 549 549 549 548 548 548 548 548 548 548 548 548 548 547 547 547 547 547 547 547 547 546 546 546 546 546 546 546 546 545 545 545 545 545 545 544 544 544 544 544 544 544 543
539 539 539 539 539 539 539 539 539 539 539 539 539 539 539 539 539 539 539 539 539 539 539 539 539 539 539 539 539 539 539 539 539 539 539 539 538 538 538 538 538 538 538 538 538 538 538 538 549 549 548 548 548 548 548 548 548 548 548 548 548 547 547 547 547 547 547 547 547 547 546 546 546 546 546 546 546 546 545 545 545 545 545 545 545 544 544 544 544 544 544 543 543 543
539 539 539 539 539 539 539 539 539 539 539 539 539 539 539 539 539 539 539 539 539 539 539 539 539 539 539 539 539 539 538 538 538 538 538 538 538 538 538 538 538 538 538 538 538 538 538 537 537 537 537 537 537 537 537 548 548 548 547 547 547 547 547 547 547 547 547 546 546 546 546 546 546 546 546 545 545 545 545 545 545 545 545 544 544 544 544 544 544 543 543 543 543 543
