testData/tiles/oneDegree/grid30.0-23.0-31.0-24.0.asc
ncols   200
nrows   200
xllcorner   30.0
yllcorner   23.0
cellsize   0.005
NODATA_value   -9999.0
[rows 42 to 83 of 200, columns 0 to 93 of 200]
272 273 273 272 272 272 272 272 273 273 273 272 272 272 272 273 273 273 272 272 272 272 273 273 273 272 272 272 272 272 273 272 272 272 272 272 272 271 272 272 272 272 272 271 271 271 272 272 271 271 271 271 271 271 270 271 271 271 270 270 270 270 270 269 269 270 270 270 269 269 269 269 268 268 268 269 268 268 268 268 267 267 267 267 266 266 266 267 266 266 266 265 265 265
273 273 273 273 273 273 273 273 274 273 273 273 273 273 273 274 273 273 273 273 273 273 274 273 273 273 273 273 273 273 273 273 273 273 273 273 272 272 273 273 273 273 272 272 272 272 273 272 272 272 272 272 272 271 271 272 272 272 271 271 271 271 270 270 270 271 271 270 270 270 270 269 269 269 269 270 269 269 269 269 268 268 268 268 267 267 267 267 267 267 267 266 266 266
273 274 274 274 274 274 274 273 274 274 274 274 274 274 274 274 274 274 274 274 274 274 274 274 274 274 274 274 273 273 274 274 274 274 274 273 273 273 274 274 274 273 273 273 273 273 273 273 273 273 273 273 272 272 272 273 273 272 272 272 272 272 271 271 271 272 271 271 271 271 271 270 270 270 270 270 270 270 270 269 269 269 269 268 268 268 268 268 268 268 268 267 267 267
274 275 275 275 274 274 274 274 275 275 275 275 274 274 274 275 275 275 275 275 274 274 275 275 275 275 275 274 274 274 275 275 275 274 274 274 274 274 275 274 274 274 274 274 274 273 274 274 274 274 274 273 273 273 273 274 273 273 273 273 273 272 272 272 272 272 272 272 272 272 271 271 271 271 270 271 271 271 271 270 270 270 270 269 269 269 269 269 269 269 268 268 268 268
275 276 275 275 275 275 275 275 276 276 275 275 275 275 275 276 276 276 275 275 275 275 276 276 276 275 275 275 275 275 276 276 275 275 275 275 275 275 275 275 275 275 275 275 274 274 275 275 275 274 274 274 274 274 274 274 274 274 274 274 273 273 273 273 273 273 273 273 273 272 272 272 272 272 271 271 272 272 271 271 271 271 270 270 270 270 269 270 270 270 269 269 269 269
275 276 276 276 276 276 276 276 276 276 276 276 276 276 276 277 276 276 276 276 276 276 277 276 276 276 276 276 276 276 276 276 276 276 276 276 275 275 276 276 276 276 275 275 275 275 276 276 275 275 275 275 275 275 274 275 275 275 275 274 274 274 274 274 273 274 274 274 273 273 273 273 273 272 272 272 273 272 272 272 272 271 271 271 271 271 270 271 271 270 270 270 270 269
276 277 277 277 277 276 276 276 277 277 277 277 277 277 276 277 277 277 277 277 277 276 277 277 277 277 277 277 276 276 277 277 277 277 277 276 276 276 277 277 277 276 276 276 276 276 276 276 276 276 276 276 275 275 275 275 276 276 275 275 275 275 275 274 274 275 275 274 274 274 274 274 273 273 273 273 273 273 273 273 273 272 272 272 272 271 271 272 272 271 271 271 271 270
277 278 278 277 277 277 277 277 278 278 278 277 277 277 277 278 278 278 278 277 277 277 278 278 278 278 277 277 277 277 278 278 278 277 277 277 277 277 278 277 277 277 277 277 277 276 276 277 277 277 277 276 276 276 276 276 276 276 276 276 276 275 275 275 275 276 275 275 275 275 275 274 274 274 274 274 274 274 274 274 273 273 273 273 272 272 272 273 272 272 272 272 271 271
277 278 278 278 278 278 278 278 279 278 278 278 278 278 278 279 279 278 278 278 278 278 278 279 278 278 278 278 278 278 279 278 278 278 278 278 278 277 278 278 278 278 278 278 277 277 277 278 278 277 277 277 277 277 277 276 277 277 277 277 276 276 276 276 276 275 276 276 276 276 275 275 275 275 275 274 275 275 275 274 274 274 274 273 273 273 273 273 273 273 273 273 272 272
278 278 279 279 279 279 278 278 279 279 279 279 279 279 278 279 279 279 279 279 279 279 278 279 279 279 279 279 279 278 279 279 279 279 279 279 278 278 279 279 279 279 278 278 278 278 278 279 278 278 278 278 278 277 277 277 278 278 278 277 277 277 277 277 276 276 277 277 277 276 276 276 276 276 275 275 276 276 275 275 275 275 275 274 274 274 274 273 274 274 274 273 273 273
279 279 280 279 279 279 279 279 280 280 280 279 279 279 279 280 280 280 280 279 279 279 279 280 280 280 280 279 279 279 280 280 280 280 279 279 279 279 279 280 279 279 279 279 279 279 278 279 279 279 279 279 278 278 278 278 279 278 278 278 278 278 278 277 277 277 278 278 277 277 277 277 277 276 276 276 277 276 276 276 276 276 275 275 275 275 274 274 275 275 274 274 274 274
279 279 280 280 280 280 280 280 279 280 280 280 280 280 280 280 281 280 280 280 280 280 280 281 280 280 280 280 280 280 280 280 280 280 280 280 280 280 279 280 280 280 280 280 279 279 279 280 280 280 279 279 279 279 279 279 279 279 279 279 279 278 278 278 278 278 278 278 278 278 278 277 277 277 277 277 276 277 277 277 277 276 276 276 276 275 275 275 276 275 275 275 275 274
280 280 281 281 281 280 280 280 280 281 281 281 281 281 280 280 281 281 281 281 281 281 280 281 281 281 281 281 281 280 280 281 281 281 281 281 280 280 280 281 281 281 280 280 280 280 280 281 280 280 280 280 280 280 279 279 279 280 280 280 279 279 279 279 279 278 279 279 279 279 278 278 278 278 278 277 277 278 278 277 277 277 277 277 276 276 276 276 276 276 276 276 275 275
281 281 281 281 281 281 281 281 281 282 282 281 281 281 281 281 282 282 282 281 281 281 281 282 282 282 282 281 281 281 281 282 282 282 281 281 281 281 281 282 281 281 281 281 281 281 281 280 281 281 281 281 281 280 280 280 280 281 280 280 280 280 280 280 279 279 279 280 280 279 279 279 279 279 278 278 278 279 278 278 278 278 278 277 277 277 277 276 276 277 277 276 276 276
281 281 282 282 282 282 282 282 281 282 282 282 282 282 282 282 282 282 282 282 282 282 282 283 282 282 282 282 282 282 282 282 282 282 282 282 282 282 281 282 282 282 282 282 282 281 281 281 282 282 282 281 281 281 281 281 280 281 281 281 281 281 280 280 280 280 280 280 280 280 280 280 279 279 279 279 279 279 279 279 279 279 278 278 278 278 277 277 277 278 277 277 277 277
282 282 282 283 282 282 282 282 282 283 283 283 283 282 282 282 283 283 283 283 283 282 282 282 283 283 283 283 283 282 282 283 283 283 283 283 282 282 282 282 283 283 282 282 282 282 282 282 283 282 282 282 282 282 282 281 281 282 282 282 281 281 281 281 281 281 280 281 281 281 281 280 280 280 280 280 279 279 280 280 279 279 279 279 279 278 278 278 278 278 278 278 278 278
283 282 282 283 283 283 283 283 283 283 283 283 283 283 283 283 283 284 283 283 283 283 283 283 284 284 283 283 283 283 283 283 284 283 283 283 283 283 283 283 283 283 283 283 283 283 283 282 283 283 283 283 283 282 282 282 282 282 282 282 282 282 282 282 281 281 281 282 282 281 281 281 281 281 280 280 280 280 281 280 280 280 280 280 279 279 279 279 278 278 279 279 278 278
283 283 283 284 284 284 283 283 283 283 284 284 284 284 284 283 283 284 284 284 284 284 284 283 284 284 284 284 284 284 284 283 284 284 284 284 284 284 283 283 284 284 284 284 283 283 283 283 283 284 284 283 283 283 283 283 283 282 283 283 283 283 282 282 282 282 282 282 282 282 282 282 282 281 281 281 281 281 281 281 281 281 280 280 280 280 280 279 279 279 280 279 279 279
284 284 284 284 284 284 284 284 284 284 285 285 284 284 284 284 284 285 285 285 284 284 284 284 285 285 285 285 284 284 284 284 285 285 285 284 284 284 284 284 285 285 284 284 284 284 284 284 283 284 284 284 284 284 283 283 283 283 284 284 283 283 283 283 283 283 282 282 283 283 283 282 282 282 282 282 281 281 281 282 282 281 281 281 281 281 280 280 280 280 279 280 280 280
284 284 284 285 285 285 285 285 284 284 285 285 285 285 285 285 285 285 285 285 285 285 285 285 285 285 285 285 285 285 285 285 286 285 285 285 285 285 285 285 284 285 285 285 285 285 284 284 284 285 285 285 284 284 284 284 284 284 283 284 284 284 284 284 283 283 283 283 284 283 283 283 283 283 282 282 282 282 282 282 282 282 282 282 281 281 281 281 281 280 280 281 281 280
285 285 285 285 285 285 285 285 285 285 286 286 286 286 285 285 285 285 286 286 286 286 285 285 285 286 286 286 286 286 285 285 285 286 286 286 286 285 285 285 285 286 286 286 285 285 285 285 285 285 285 285 285 285 285 285 284 284 284 285 285 285 284 284 284 284 284 283 283 284 284 284 284 283 283 283 283 283 282 282 283 283 283 282 282 282 282 281 281 281 281 282 281 281
285 285 285 285 286 286 286 286 286 286 285 286 286 286 286 286 286 286 287 286 286 286 286 286 286 287 287 286 286 286 286 286 286 287 286 286 286 286 286 286 286 286 286 286 286 286 286 286 285 285 286 286 286 286 285 285 285 285 285 286 285 285 285 285 285 285 284 284 284 285 285 284 284 284 284 284 283 283 283 283 284 283 283 283 283 283 282 282 282 282 281 281 282 282
286 286 286 286 287 287 286 286 286 286 286 287 287 287 287 286 286 286 287 287 287 287 287 286 286 286 287 287 287 287 287 286 286 287 287 287 287 287 286 286 286 286 287 287 287 286 286 286 286 286 287 287 286 286 286 286 286 286 285 285 286 286 286 285 285 285 285 285 285 284 285 285 285 285 284 284 284 284 284 283 284 284 284 284 283 283 283 283 283 282 282 282 283 282
287 287 286 286 286 287 287 287 287 287 287 287 287 287 287 287 287 287 288 288 287 287 287 287 287 287 288 288 287 287 287 287 287 287 288 287 287 287 287 287 287 287 288 287 287 287 287 287 287 286 286 287 287 287 287 286 286 286 286 286 287 286 286 286 286 286 286 285 285 285 286 286 285 285 285 285 285 285 284 284 284 285 285 284 284 284 284 283 283 283 283 283 282 283
287 287 287 287 287 288 288 287 287 287 287 287 288 288 288 288 287 287 287 288 288 288 288 288 288 287 288 288 288 288 288 288 287 287 288 288 288 288 288 288 287 287 288 288 288 288 287 287 287 287 287 288 288 287 287 287 287 287 287 286 287 287 287 287 287 286 286 286 286 286 286 286 286 286 286 286 285 285 285 285 285 285 285 285 285 285 284 284 284 284 283 283 283 284
288 288 288 287 287 288 288 288 288 288 288 288 288 288 288 288 288 288 288 289 289 288 288 288 288 288 288 289 289 288 288 288 288 288 289 289 289 288 288 288 288 288 288 289 288 288 288 288 288 288 287 287 288 288 288 288 288 287 287 287 287 288 288 287 287 287 287 287 286 286 286 287 287 287 286 286 286 286 286 285 285 285 286 286 285 285 285 285 285 284 284 284 284 283
287 288 288 288 288 289 289 289 288 288 288 288 289 289 289 289 289 288 288 289 289 289 289 289 289 289 288 289 289 289 289 289 289 289 288 289 289 289 289 289 289 288 288 289 289 289 289 289 288 288 288 288 289 289 288 288 288 288 288 288 287 288 288 288 288 288 287 287 287 287 287 288 287 287 287 287 287 286 286 286 286 286 286 286 286 286 286 285 285 285 285 285 284 284
288 288 289 289 288 288 289 289 289 289 289 289 289 289 289 289 289 289 289 289 290 290 289 289 289 289 289 290 290 290 289 289 289 289 289 290 290 290 289 289 289 289 289 289 290 289 289 289 289 289 289 288 289 289 289 289 289 289 288 288 288 288 289 289 288 288 288 288 288 287 287 287 288 288 288 287 287 287 287 287 286 286 286 287 287 286 286 286 286 286 285 285 285 285
288 288 288 288 289 289 290 290 290 289 289 289 289 290 290 290 290 290 289 289 290 290 290 290 290 290 290 289 290 290 290 290 290 290 290 289 290 290 290 290 290 290 289 289 290 290 290 290 290 289 289 289 289 290 290 289 289 289 289 289 289 288 289 289 289 289 289 288 288 288 288 288 288 288 288 288 288 288 287 287 287 287 287 286 287 287 287 287 286 286 286 286 286 285
289 289 289 289 289 289 289 290 290 290 290 290 290 291 290 290 290 290 290 290 290 291 291 290 290 290 290 290 291 291 291 290 290 290 290 290 291 291 291 290 290 290 290 290 291 291 290 290 290 290 290 290 289 290 290 290 290 290 290 289 289 289 289 290 290 289 289 289 289 289 289 288 288 289 289 289 288 288 288 288 288 287 287 287 288 288 287 287 287 287 287 286 286 286
289 289 289 289 289 289 289 291 291 291 290 290 290 290 291 291 291 291 291 290 290 291 291 291 291 291 291 290 290 291 291 291 291 291 291 290 290 291 291 291 291 291 291 290 290 291 291 291 291 291 290 290 290 290 291 291 290 290 290 290 290 290 289 290 290 290 290 290 289 289 289 289 289 289 289 289 289 289 289 288 288 288 288 288 287 288 288 288 288 287 287 287 287 287
289 290 290 290 290 289 289 290 291 291 291 291 291 291 292 291 291 291 291 291 291 292 292 292 291 291 291 291 291 292 292 292 291 291 291 291 291 292 292 291 291 291 291 291 291 292 292 291 291 291 291 291 291 290 291 291 291 291 291 291 290 290 290 290 291 291 290 290 290 290 290 289 289 289 290 290 290 289 289 289 289 289 288 288 288 289 289 288 288 288 288 288 287 287
289 290 290 290 290 290 290 290 291 291 291 291 291 291 291 292 292 292 292 292 291 291 292 292 292 292 292 292 291 291 292 292 292 292 292 292 291 291 292 292 292 292 292 291 291 291 292 292 292 292 291 291 291 291 291 292 292 291 291 291 291 291 291 290 290 291 291 291 291 290 290 290 290 290 290 290 290 290 290 290 289 289 289 289 289 288 289 289 289 289 288 288 288 288
290 291 291 291 291 291 290 290 291 291 291 291 292 292 292 292 292 292 292 292 292 292 293 293 292 292 292 292 292 292 293 293 292 292 292 292 292 292 293 293 292 292 292 292 292 292 293 292 292 292 292 292 292 292 291 292 292 292 292 292 291 291 291 291 291 292 291 291 291 291 291 291 290 290 290 291 291 291 290 290 290 290 290 289 289 289 289 290 289 289 289 289 289 288
290 290 291 291 291 291 291 291 291 292 292 291 291 292 292 292 293 293 293 293 292 292 292 293 293 293 293 293 292 292 293 293 293 293 293 293 292 292 292 293 293 293 293 293 292 292 292 293 293 293 293 292 292 292 292 292 293 292 292 292 292 292 292 292 291 291 292 292 292 292 291 291 291 291 291 290 291 291 291 291 291 290 290 290 290 290 289 289 290 290 290 289 289 289
291 291 292 292 292 292 291 291 291 292 292 292 292 292 292 292 293 293 293 293 293 293 293 294 293 293 293 293 293 293 293 294 294 293 293 293 293 293 293 294 293 293 293 293 293 293 293 293 293 293 293 293 293 293 292 292 292 293 293 293 293 292 292 292 292 292 293 292 292 292 292 292 292 291 291 291 291 292 292 291 291 291 291 291 290 290 290 290 291 290 290 290 290 290
291 291 291 292 292 292 292 292 292 292 293 292 292 292 292 292 292 294 294 294 293 293 293 293 294 294 294 294 294 293 293 293 294 294 294 294 294 293 293 293 294 294 294 294 293 293 293 293 294 294 294 293 293 293 293 293 293 294 293 293 293 293 293 293 292 292 292 293 293 293 292 292 292 292 292 292 291 291 292 292 292 292 291 291 291 291 291 290 290 291 291 291 290 290
292 292 292 293 293 293 292 292 292 292 293 293 293 293 293 292 292 293 293 294 294 294 294 294 294 294 294 294 294 294 294 294 295 294 294 294 294 294 294 294 295 294 294 294 294 294 294 294 293 294 294 294 294 294 294 293 293 293 294 294 294 293 293 293 293 293 293 293 293 293 293 293 293 292 292 292 292 292 293 292 292 292 292 292 292 291 291 291 291 291 291 291 291 291
292 292 292 292 293 293 293 293 293 293 293 293 293 293 293 293 293 293 294 294 293 293 294 294 294 295 295 295 295 294 294 294 294 295 295 295 295 294 294 294 294 295 295 295 294 294 294 294 294 295 295 295 294 294 294 294 294 294 293 294 294 294 294 294 294 293 293 293 294 294 294 293 293 293 293 293 293 292 292 293 293 293 292 292 292 292 292 291 291 291 291 292 292 291
293 293 293 293 294 293 293 293 293 293 293 294 294 294 294 293 293 293 294 294 294 294 294 294 294 295 295 295 295 295 295 295 295 295 295 295 295 295 295 295 295 295 295 295 295 295 295 295 294 294 295 295 295 295 295 294 294 294 294 295 295 295 294 294 294 294 294 294 293 294 294 294 294 294 293 293 293 293 293 293 293 293 293 293 293 292 292 292 292 292 291 291 292 292
293 293 293 293 293 294 294 294 294 294 293 293 294 294 294 294 294 294 294 295 294 294 294 294 294 294 295 296 296 295 295 295 295 295 296 296 296 295 295 295 295 295 296 296 295 295 295 295 295 295 295 296 295 295 295 295 295 295 294 294 295 295 295 295 295 294 294 294 294 294 295 294 294 294 294 294 294 293 293 293 293 294 294 293 293 293 293 293 292 292 292 292 293 292
294 294 294 294 294 294 294 294 294 294 294 294 295 295 295 294 294 294 294 295 295 295 295 295 294 294 294 295 295 295 296 296 296 295 296 296 296 296 296 296 296 295 295 296 296 296 296 296 295 295 295 296 296 296 296 295 295 295 295 295 295 296 295 295 295 295 295 295 294 294 294 295 295 295 294 294 294 294 294 294 293 294 294 294 294 293 293 293 293 293 293 292 292 292
