testData/tiles/oneDegree/grid19.0-5.0-20.0-6.0.asc
ncols   200
nrows   200
xllcorner   19.0
yllcorner   5.0
cellsize   0.005
NODATA_value   -9999.0
[rows 0 to 41 of 200, columns 94 to 187 of 200]
141 141 141 141 141 141 141 141 141 141 141 141 141 141 141 205 205 205 205 205 205 205 205 205 205 205 205 205 205 205 205 205 205 205 205 205 205 205 205 205 205 205 206 207 208 208 209 210 211 392 393 393 394 395 395 396 397 397 398 399 399 400 400 401 401 402 402 403 403 404 404 405 405 405 406 406 407 407 407 408 408 408 408 409 409 409 409 410 410 410 410 410 411 411
141 141 141 141 141 141 141 141 141 141 141 141 141 141 141 205 205 205 205 205 205 205 205 205 205 205 205 205 205 205 205 205 205 205 205 205 205 205 205 205 205 205 205 206 207 208 209 210 211 391 392 393 394 394 395 396 396 397 398 398 399 399 400 401 401 402 402 403 403 403 404 404 405 405 406 406 406 407 407 407 408 408 408 408 409 409 409 409 410 410 410 410 410 410
141 141 141 141 141 141 141 141 141 141 141 141 141 141 141 205 205 205 205 205 205 205 205 205 205 205 205 205 205 205 205 205 205 205 205 205 205 205 205 205 205 205 205 206 207 208 208 209 210 391 392 393 393 394 395 395 396 397 397 398 399 399 400 400 401 401 402 402 403 403 404 404 404 405 405 406 406 406 407 407 407 408 408 408 408 409 409 409 409 409 410 410 410 410
141 141 141 141 141 141 141 141 141 141 141 141 141 141 141 141 205 205 205 205 205 205 205 205 205 205 205 205 205 205 205 205 205 205 205 205 205 205 205 205 205 205 205 205 206 207 208 209 210 391 391 392 393 394 394 395 396 396 397 398 398 399 399 400 400 401 401 402 402 403 403 404 404 404 405 405 406 406 406 407 407 407 407 408 408 408 408 409 409 409 409 409 410 410
141 141 141 141 141 141 141 141 141 141 141 141 141 141 141 141 205 205 205 205 205 205 205 205 205 205 205 205 205 205 205 205 205 205 205 205 205 205 205 205 205 205 205 205 206 207 208 208 209 390 391 392 392 393 394 395 395 396 397 397 398 398 399 399 400 400 401 401 402 402 403 403 404 404 404 405 405 406 406 406 407 407 407 407 408 408 408 408 409 409 409 409 409 409
141 141 141 141 141 141 141 141 141 141 141 141 141 141 141 141 205 205 205 205 205 205 205 205 205 205 205 205 205 205 205 205 205 205 205 205 205 205 205 205 205 205 205 205 205 206 207 208 209 390 391 391 392 393 393 394 395 396 396 397 397 398 399 399 400 400 401 401 402 402 402 403 403 404 404 405 405 405 406 406 406 406 407 407 407 408 408 408 408 408 409 409 409 409
141 141 141 141 141 141 141 141 141 141 141 141 141 141 141 141 141 205 205 205 205 205 205 205 205 205 205 205 205 205 205 205 205 205 205 205 205 205 205 205 205 205 205 205 205 206 207 208 208 209 390 391 392 392 393 394 394 395 396 396 397 398 398 399 399 400 400 401 401 402 402 403 403 403 404 404 405 405 405 406 406 406 406 407 407 407 407 408 408 408 408 408 409 409
141 141 141 141 141 141 141 141 141 141 141 141 141 141 141 141 141 205 205 205 205 205 205 205 205 205 205 205 205 205 205 205 205 205 205 205 205 205 205 205 205 205 205 205 205 205 206 207 208 209 390 390 391 392 393 393 394 395 395 396 397 397 398 398 399 399 400 400 401 401 402 402 403 403 403 404 404 405 405 405 405 406 406 406 407 407 407 407 408 408 408 408 408 408
141 141 141 141 141 141 141 141 141 141 141 141 141 141 141 141 141 205 205 205 205 205 205 205 205 205 205 205 205 205 205 205 205 205 205 205 205 205 205 205 205 205 205 205 205 205 206 207 208 208 389 390 391 392 392 393 394 394 395 396 396 397 397 398 398 399 400 400 400 401 401 402 402 403 403 403 404 404 405 405 405 405 406 406 406 407 407 407 407 407 408 408 408 408
141 141 141 141 141 141 141 141 141 141 141 141 141 141 141 141 141 141 205 205 205 205 205 205 205 205 205 205 205 205 205 205 205 205 205 205 205 205 205 205 205 205 205 205 205 205 205 206 207 208 389 390 390 391 392 393 393 394 395 395 396 396 397 398 398 399 399 400 400 401 401 401 402 402 403 403 403 404 404 404 405 405 405 406 406 406 406 407 407 407 407 407 408 408
141 141 141 141 141 141 141 141 141 141 141 141 141 141 141 141 141 141 205 205 205 205 205 205 205 205 205 205 205 205 205 205 205 205 205 205 205 205 205 205 205 205 205 205 205 205 205 206 207 208 388 389 390 391 391 392 393 393 394 395 395 396 397 397 398 398 399 399 400 400 401 401 402 402 402 403 403 403 404 404 404 405 405 405 406 406 406 406 407 407 407 407 407 407
141 141 141 141 141 141 141 141 141 141 141 141 141 141 141 141 141 141 205 205 205 205 205 205 205 205 205 205 205 205 205 205 205 205 205 205 205 205 205 205 205 205 205 205 205 205 205 205 206 207 388 389 389 390 391 392 392 393 394 394 395 396 396 397 397 398 398 399 399 400 400 401 401 402 402 402 403 403 403 404 404 404 405 405 405 405 406 406 406 406 407 407 407 407
141 141 141 141 141 141 141 141 141 141 141 141 141 141 141 141 141 141 141 205 205 205 205 205 205 205 205 205 205 205 205 205 205 205 205 205 205 205 205 205 205 205 205 205 205 205 205 205 206 207 387 388 389 390 391 391 392 393 393 394 395 395 396 396 397 397 398 398 399 399 400 400 401 401 402 402 402 403 403 403 404 404 404 405 405 405 405 406 406 406 406 406 407 407
141 141 141 141 141 141 141 141 141 141 141 141 141 141 141 141 141 141 141 205 205 205 205 205 205 205 205 205 205 205 205 205 205 205 205 205 205 205 205 205 205 205 205 205 205 205 205 205 205 206 207 388 389 389 390 391 392 392 393 394 394 395 395 396 397 397 398 398 399 399 400 400 400 401 401 402 402 402 403 403 403 404 404 404 405 405 405 405 405 406 406 406 406 406
141 141 141 141 141 141 141 141 141 141 141 141 141 141 141 141 141 141 141 205 205 205 205 205 205 205 205 205 205 205 205 205 205 205 205 205 205 205 205 205 205 205 205 205 205 205 205 205 205 206 207 387 388 389 390 390 391 392 392 393 394 394 395 396 396 397 397 398 398 399 399 400 400 400 401 401 402 402 402 403 403 403 404 404 404 404 405 405 405 405 406 406 406 406
141 141 141 141 141 141 141 141 141 141 141 141 141 141 141 141 141 141 141 141 205 205 205 205 205 205 205 205 205 205 205 205 205 205 205 205 205 205 205 205 205 205 205 205 205 205 205 205 205 205 206 387 388 388 389 390 391 391 392 393 393 394 395 395 396 396 397 397 398 398 399 399 400 400 400 401 401 402 402 402 403 403 403 403 404 404 404 405 405 405 405 405 406 406
141 141 141 141 141 141 141 141 141 141 141 141 141 141 141 141 141 141 141 141 205 205 205 205 205 205 205 205 205 205 205 205 205 205 205 205 205 205 205 205 205 205 205 205 205 205 205 205 205 205 206 386 387 388 389 390 390 391 392 392 393 394 394 395 395 396 396 397 397 398 398 399 399 400 400 400 401 401 402 402 402 403 403 403 403 404 404 404 404 405 405 405 405 405
141 141 141 141 141 141 141 141 141 141 141 141 141 141 141 141 141 141 141 141 141 205 205 205 205 205 205 205 205 205 205 205 205 205 205 205 205 205 205 205 205 205 205 205 205 205 205 205 205 205 205 386 387 388 388 389 390 390 391 392 392 393 394 394 395 395 396 396 397 397 398 398 399 399 400 400 400 401 401 402 402 402 402 403 403 403 404 404 404 404 404 405 405 405
141 141 141 141 141 141 141 141 141 141 141 141 141 141 141 141 141 141 141 141 141 205 205 205 205 205 205 205 205 205 205 205 205 205 205 205 205 205 205 205 205 205 205 205 205 205 205 205 205 205 205 205 386 387 388 389 389 390 391 391 392 393 393 394 394 395 396 396 397 397 398 398 398 399 399 400 400 400 401 401 401 402 402 402 403 403 403 403 404 404 404 404 404 405
141 141 141 141 141 141 141 141 141 141 141 141 141 141 141 141 141 141 141 141 141 205 205 205 205 205 205 205 205 205 205 205 205 205 205 205 205 205 205 205 205 205 205 205 205 205 205 205 205 205 205 205 386 387 387 388 389 390 390 391 392 392 393 393 394 395 395 396 396 397 397 398 398 398 399 399 400 400 400 401 401 401 402 402 402 403 403 403 403 403 404 404 404 404
141 141 141 141 141 141 141 141 141 141 141 141 141 141 141 141 141 141 141 141 141 141 205 205 205 205 205 205 205 205 205 205 205 205 205 205 205 205 205 205 205 205 205 205 205 205 205 205 205 205 205 205 385 386 387 388 388 389 390 391 391 392 392 393 394 394 395 395 396 396 397 397 398 398 398 399 399 400 400 400 401 401 401 402 402 402 402 403 403 403 403 403 404 404
141 141 141 141 141 141 141 141 141 141 141 141 141 141 141 141 141 141 141 141 141 141 205 205 205 205 205 205 205 205 205 205 205 205 205 205 205 205 205 205 205 205 205 205 205 205 205 205 205 205 205 205 385 386 386 387 388 389 389 390 391 391 392 393 393 394 394 395 395 396 396 397 397 398 398 398 399 399 400 400 400 401 401 401 402 402 402 402 403 403 403 403 403 403
141 141 141 141 141 141 141 141 141 141 141 141 141 141 141 141 141 141 141 141 141 141 205 205 205 205 205 205 205 205 205 205 205 205 205 205 205 205 205 205 205 205 205 205 205 205 205 205 205 205 205 205 205 385 386 387 388 388 389 390 390 391 392 392 393 393 394 394 395 395 396 396 397 397 398 398 398 399 399 400 400 400 401 401 401 401 402 402 402 402 403 403 403 403
141 141 141 141 141 141 141 141 141 141 141 141 141 141 141 141 141 141 141 141 141 141 141 205 205 205 205 205 205 205 205 205 205 205 205 205 205 205 205 205 205 205 205 205 205 205 205 205 205 205 205 205 205 385 386 386 387 388 388 389 390 390 391 392 392 393 393 394 394 395 395 396 396 397 397 398 398 398 399 399 400 400 400 400 401 401 401 401 402 402 402 402 403 403
141 141 141 141 141 141 141 141 141 141 141 141 141 141 141 141 141 141 141 141 141 141 141 205 205 205 205 205 205 205 205 205 205 205 205 205 205 205 205 205 205 205 205 205 205 205 205 205 205 205 205 205 205 385 385 386 387 387 388 389 389 390 391 391 392 392 393 394 394 395 395 396 396 396 397 397 398 398 398 399 399 399 400 400 400 401 401 401 401 402 402 402 402 402
141 141 141 141 141 141 141 141 141 141 141 141 141 141 141 141 141 141 141 141 141 141 141 141 205 205 205 205 205 205 205 205 205 205 205 205 205 205 205 205 205 205 205 205 205 205 205 205 205 205 205 205 205 385 385 385 386 387 388 388 389 390 390 391 391 392 393 393 394 394 395 395 396 396 396 397 397 398 398 398 399 399 399 400 400 400 400 401 401 401 401 402 402 402
141 141 141 141 141 141 141 141 141 141 141 141 141 141 141 141 141 141 141 141 141 141 141 141 205 205 205 205 205 205 205 205 205 205 205 205 205 205 205 205 205 205 205 205 205 205 205 205 205 205 205 205 205 205 385 385 386 386 387 388 388 389 390 390 391 392 392 393 393 394 394 395 395 396 396 396 397 397 398 398 398 399 399 399 400 400 400 400 401 401 401 401 401 402
141 141 141 141 141 141 141 141 141 141 141 141 141 141 141 141 141 141 141 141 141 141 141 141 205 205 205 205 205 205 205 205 205 205 205 205 205 205 205 205 205 205 205 205 205 205 205 205 205 205 205 205 205 205 385 385 385 386 387 387 388 389 389 390 391 391 392 392 393 393 394 394 395 395 396 396 396 397 397 398 398 398 399 399 399 399 400 400 400 400 401 401 401 401
141 141 141 141 141 141 141 141 141 141 141 141 141 141 141 141 141 141 141 141 141 141 141 141 141 205 205 205 205 205 205 205 205 205 205 205 205 205 205 205 205 205 205 205 205 205 205 205 205 205 205 205 205 205 385 385 385 385 386 387 387 388 389 389 390 391 391 392 392 393 393 394 394 395 395 396 396 396 397 397 397 398 398 398 399 399 399 400 400 400 400 400 401 401
141 141 141 141 141 141 141 141 141 141 141 141 141 141 141 141 141 141 141 141 141 141 141 141 141 205 205 205 205 205 205 205 205 205 205 205 205 205 205 205 205 205 205 205 205 205 205 205 205 205 205 205 205 205 385 385 385 385 386 386 387 388 388 389 390 390 391 391 392 392 393 393 394 394 395 395 396 396 396 397 397 397 398 398 398 399 399 399 399 400 400 400 400 400
141 141 141 141 141 141 141 141 141 141 141 141 141 141 141 141 141 141 141 141 141 141 141 141 141 141 205 205 205 205 205 205 205 205 205 205 205 205 205 205 205 205 205 205 205 205 205 205 205 205 205 205 205 205 205 385 385 385 385 386 387 387 388 389 389 390 390 391 391 392 392 393 393 394 394 395 395 396 396 396 397 397 397 398 398 398 398 399 399 399 399 400 400 400
141 141 141 141 141 141 141 141 141 141 141 141 141 141 141 141 141 141 141 141 141 141 141 141 141 141 205 205 205 205 205 205 205 205 205 205 205 205 205 205 205 205 205 205 205 205 205 205 205 205 205 205 205 205 205 385 385 385 385 385 386 387 387 388 389 389 390 390 391 391 392 392 393 393 394 394 395 395 395 396 396 397 397 397 397 398 398 398 399 399 399 399 399 400
141 141 141 141 141 141 141 141 141 141 141 141 141 141 141 141 141 141 141 141 141 141 141 141 141 141 205 205 205 205 205 205 205 205 205 205 205 205 205 205 205 205 205 205 205 205 205 205 205 205 205 205 205 205 205 385 385 385 385 385 386 386 387 388 388 389 389 390 390 391 392 392 393 393 393 394 394 395 395 395 396 396 396 397 397 397 398 398 398 398 399 399 399 399
141 141 141 141 141 141 141 141 141 141 141 141 141 141 141 141 141 141 141 141 141 141 141 141 141 141 141 205 205 205 205 205 205 205 205 205 205 205 205 205 205 205 205 205 205 205 205 205 205 205 205 205 205 205 205 205 385 385 385 385 385 386 386 387 388 388 389 389 390 391 391 392 392 393 393 393 394 394 395 395 395 396 396 396 397 397 397 397 398 398 398 398 399 399
141 141 141 141 141 141 141 141 141 141 141 141 141 141 141 141 141 141 141 141 141 141 141 141 141 141 141 205 205 205 205 205 205 205 205 205 205 205 205 205 205 205 205 205 205 205 205 205 205 205 205 205 205 205 205 205 385 385 385 385 385 385 386 387 387 388 388 389 390 390 391 391 392 392 393 393 393 394 394 395 395 395 396 396 396 396 397 397 397 397 398 398 398 398
141 141 141 141 141 141 141 141 141 141 141 141 141 141 141 141 141 141 141 141 141 141 141 141 141 141 141 141 205 205 205 205 205 205 205 205 205 205 205 205 205 205 205 205 205 205 205 205 205 205 205 205 205 205 205 205 385 385 385 385 385 385 385 386 387 387 388 389 389 390 390 391 391 392 392 392 393 393 394 394 394 395 395 395 396 396 396 397 397 397 397 397 398 398
141 141 141 141 141 141 141 141 141 141 141 141 141 141 141 141 141 141 141 141 141 141 141 141 141 141 141 141 205 205 205 205 205 205 205 205 205 205 205 205 205 205 205 205 205 205 205 205 205 205 205 205 205 205 205 205 205 385 385 385 385 385 385 386 386 387 387 388 389 389 390 390 391 391 392 392 392 393 393 394 394 394 395 395 395 396 396 396 396 397 397 397 397 397
141 141 141 141 141 141 141 141 141 141 141 141 141 141 141 141 141 141 141 141 141 141 141 141 141 141 141 141 141 205 205 205 205 205 205 205 205 205 205 205 205 205 205 205 205 205 205 205 205 205 205 205 205 205 205 205 205 385 385 385 385 385 385 385 386 386 387 388 388 389 389 390 390 391 391 392 392 392 393 393 394 394 394 395 395 395 395 396 396 396 396 397 397 397
141 141 141 141 141 141 141 141 141 141 141 141 141 141 141 141 141 141 141 141 141 141 141 141 141 141 141 141 141 205 205 205 205 205 205 205 205 205 205 205 205 205 205 205 205 205 205 205 205 205 205 205 205 205 205 205 205 385 385 385 385 385 385 385 385 386 386 387 388 388 389 389 390 390 391 391 392 392 392 393 393 393 394 394 394 395 395 395 396 396 396 396 396 397
141 141 141 141 141 141 141 141 141 141 141 141 141 141 141 141 141 141 141 141 141 141 141 141 141 141 141 141 141 205 205 205 205 205 205 205 205 205 205 205 205 205 205 205 205 205 205 205 205 205 205 205 205 205 205 205 205 205 385 385 385 385 385 385 385 385 386 387 387 388 388 389 389 390 390 391 391 391 392 392 393 393 393 394 394 394 395 395 395 395 396 396 396 396
141 141 141 141 141 141 141 141 141 141 141 141 141 141 141 141 141 141 141 141 141 141 141 141 141 141 141 141 141 141 205 205 205 205 205 205 205 205 205 205 205 205 205 205 205 205 205 205 205 205 205 205 205 205 205 205 205 205 385 385 385 385 385 385 385 385 385 386 387 387 388 388 389 389 390 390 391 391 391 392 392 393 393 393 394 394 394 394 395 395 395 395 396 396
141 141 141 141 141 141 141 141 141 141 141 141 141 141 141 141 141 141 141 141 141 141 141 141 141 141 141 141 141 141 205 205 205 205 205 205 205 205 205 205 205 205 205 205 205 205 205 205 205 205 205 205 205 205 205 205 205 205 385 385 385 385 385 385 385 385 385 386 386 387 387 388 388 389 389 390 390 391 391 391 392 392 392 393 393 393 394 394 394 394 395 395 395 395
