testData/tiles/oneDegree/grid33.0-25.0-34.0-26.0.asc
ncols   200
nrows   200
xllcorner   33.0
yllcorner   25.0
cellsize   0.005
NODATA_value   -9999.0
[rows 156 to 194 of 200, columns 0 to 88 of 200]
1182 1182 1182 1226 1226 1227 1227 1227 1228 1228 1229 1233 1236 1238 1242 1244 1246 1249 1251 1253 1256 1258 1260 1261 1264 1266 1267 1269 1271 1423 1328 1330 1332 1333 1335 1336 1337 1340 1341 1342 1343 1344 1346 1348 1349 1350 1351 1352 1353 1354 1355 1357 1358 1359 1360 1361 1362 1363 1364 1365 1365 1366 1367 1368 1369 1370 1370 1371 1372 1373 1374 1374 1375 1376 1377 1377 1378 1379 1379 1136 1137 1137 1138 1139 1139 1140 874 874 875
1182 1182 1225 1226 1226 1227 1227 1227 1228 1228 1231 1235 1238 1240 1244 1246 1248 1251 1253 1255 1258 1259 1261 1263 1266 1267 1269 1270 1273 1424 1426 1331 1333 1335 1336 1337 1339 1341 1342 1343 1344 1346 1347 1349 1350 1351 1352 1353 1354 1355 1356 1358 1359 1360 1361 1362 1363 1364 1365 1366 1366 1367 1368 1369 1370 1371 1371 1372 1373 1374 1374 1375 1376 1377 1377 1378 1379 1379 1136 1137 1138 1138 1139 1140 1140 1141 874 875 876
1182 1182 1225 1226 1226 1227 1227 1227 1228 1231 1234 1237 1240 1242 1245 1248 1250 1253 1255 1256 1259 1261 1263 1264 1267 1269 1270 1273 1274 1426 1427 1332 1335 1336 1337 1339 1340 1342 1343 1344 1346 1347 1348 1350 1351 1352 1353 1354 1355 1356 1357 1359 1360 1361 1362 1363 1364 1365 1366 1366 1367 1368 1369 1370 1371 1371 1372 1373 1374 1375 1375 1376 1377 1378 1378 1379 1380 1380 1137 1138 1138 1139 1140 1140 1141 1142 875 876 876
1182 1225 1225 1226 1226 1227 1227 1227 1230 1233 1236 1239 1242 1245 1247 1249 1251 1254 1256 1258 1261 1263 1264 1266 1268 1270 1272 1274 1425 1427 1428 1430 1336 1337 1338 1340 1341 1343 1344 1346 1347 1348 1349 1351 1352 1353 1354 1355 1356 1357 1359 1360 1361 1362 1363 1364 1365 1366 1367 1367 1368 1369 1370 1371 1372 1372 1373 1374 1375 1375 1376 1377 1378 1378 1379 1380 1380 1137 1138 1139 1139 1140 1140 1141 1142 1142 877 877 877
1225 1225 1225 1226 1226 1227 1227 1229 1233 1235 1238 1241 1244 1247 1249 1251 1253 1256 1258 1260 1262 1264 1266 1268 1270 1271 1273 1275 1427 1428 1429 1431 1433 1338 1340 1341 1342 1344 1345 1347 1348 1349 1350 1352 1353 1354 1355 1356 1357 1358 1360 1361 1362 1363 1364 1365 1366 1367 1367 1368 1369 1370 1371 1372 1372 1373 1374 1375 1376 1376 1377 1378 1378 1379 1380 1381 1381 1138 1139 1139 1140 1141 1141 1142 1143 877 878 877 878
1225 1225 1225 1226 1226 1227 1228 1231 1235 1238 1241 1243 1246 1249 1251 1253 1255 1258 1259 1261 1264 1265 1267 1270 1271 1273 1274 1277 1428 1429 1431 1432 1434 1436 1341 1342 1343 1345 1347 1348 1349 1350 1352 1353 1354 1355 1356 1357 1358 1359 1361 1362 1363 1364 1365 1366 1367 1367 1368 1369 1370 1371 1372 1373 1373 1374 1375 1376 1376 1377 1378 1379 1379 1380 1381 1381 1138 1139 1139 1140 1141 1141 1142 1143 1143 878 879 878 879
1225 1225 1225 1226 1226 1228 1231 1233 1237 1240 1243 1245 1247 1250 1252 1254 1257 1259 1261 1263 1265 1267 1268 1271 1272 1274 1275 1278 1429 1431 1432 1433 1435 1437 1438 1343 1344 1346 1348 1349 1350 1351 1353 1354 1355 1356 1357 1358 1359 1360 1362 1363 1364 1365 1366 1367 1368 1368 1369 1370 1371 1372 1373 1373 1374 1375 1376 1376 1377 1378 1379 1379 1380 1381 1382 1138 1139 1140 1140 1141 1142 1142 1143 1143 1144 879 879 879 880
1225 1225 1225 1226 1226 1230 1233 1235 1239 1241 1245 1247 1249 1252 1254 1256 1259 1261 1262 1264 1267 1268 1270 1272 1274 1275 1277 1429 1430 1432 1433 1434 1437 1438 1439 1344 1346 1348 1349 1350 1351 1352 1354 1355 1356 1357 1358 1359 1360 1361 1363 1364 1365 1366 1367 1368 1368 1369 1370 1371 1372 1373 1373 1374 1375 1376 1377 1377 1378 1379 1380 1380 1381 1382 1382 1139 1140 1140 1141 1142 1142 1143 1144 1144 1145 879 880 880 880
1225 1225 1226 1226 1228 1232 1235 1237 1241 1243 1246 1249 1251 1254 1256 1257 1260 1262 1264 1265 1268 1269 1271 1274 1275 1276 1278 1430 1432 1433 1434 1435 1438 1439 1440 1441 1347 1349 1350 1351 1352 1353 1355 1356 1357 1358 1359 1360 1361 1362 1364 1365 1366 1367 1368 1368 1369 1370 1371 1372 1373 1373 1374 1375 1376 1377 1377 1378 1379 1380 1380 1381 1382 1382 1139 1140 1140 1141 1142 1142 1143 1144 1144 1145 1146 880 881 884 885
1225 1225 1226 1228 1231 1234 1237 1239 1243 1245 1248 1250 1252 1255 1257 1259 1262 1263 1265 1267 1269 1271 1272 1275 1276 1278 1279 1431 1433 1434 1435 1437 1439 1440 1441 1442 1444 1350 1351 1352 1353 1354 1356 1357 1358 1359 1360 1361 1362 1363 1365 1366 1367 1368 1368 1369 1370 1371 1372 1373 1373 1374 1375 1376 1377 1377 1378 1379 1381 1380 1381 1382 1383 1383 1140 1141 1141 1142 1143 1143 1144 1145 1145 1146 1150 885 886 885 886
1225 1225 1227 1230 1233 1236 1239 1241 1244 1247 1250 1252 1254 1257 1258 1260 1263 1265 1266 1268 1270 1272 1273 1276 1277 1279 1280 1432 1434 1435 1436 1438 1440 1441 1442 1443 1445 1447 1352 1353 1354 1355 1357 1358 1359 1360 1361 1362 1363 1364 1366 1367 1368 1368 1369 1370 1371 1372 1373 1373 1374 1375 1376 1377 1377 1378 1379 1380 1380 1381 1382 1383 1383 1140 1141 1141 1142 1143 1143 1144 1145 1149 1150 1150 885 886 886 886 886
1225 1225 1228 1232 1235 1238 1241 1243 1246 1248 1251 1253 1255 1258 1260 1262 1264 1266 1268 1269 1272 1273 1275 1277 1279 1280 1431 1434 1435 1436 1437 1439 1441 1442 1443 1444 1446 1448 1353 1354 1355 1356 1358 1359 1360 1361 1362 1363 1364 1365 1367 1367 1368 1369 1370 1371 1372 1373 1374 1374 1375 1376 1377 1377 1378 1379 1380 1380 1381 1382 1383 1383 1140 1141 1141 1142 1143 1143 1148 1149 1149 1150 1151 1151 886 886 887 887 887
1225 1227 1230 1234 1237 1240 1242 1245 1248 1250 1253 1255 1257 1260 1261 1263 1266 1267 1269 1270 1273 1274 1276 1278 1280 1281 1432 1435 1436 1437 1438 1440 1442 1443 1444 1445 1446 1449 1450 1355 1356 1357 1359 1360 1361 1362 1363 1364 1365 1366 1367 1368 1369 1370 1371 1372 1373 1373 1374 1375 1376 1377 1377 1378 1379 1380 1381 1381 1382 1383 1383 1384 1141 1141 1142 1147 1147 1148 1149 1149 1150 1151 1151 1152 887 887 888 887 888
1227 1229 1232 1236 1238 1242 1244 1246 1249 1251 1254 1256 1258 1261 1263 1264 1266 1269 1270 1272 1274 1276 1277 1279 1281 1282 1433 1436 1437 1438 1439 1441 1443 1444 1445 1446 1447 1449 1451 1452 1357 1358 1360 1361 1362 1363 1364 1365 1365 1366 1368 1369 1370 1371 1372 1373 1373 1374 1375 1376 1377 1377 1378 1379 1380 1381 1381 1382 1383 1383 1384 1141 1146 1146 1147 1148 1148 1149 1150 1150 1151 1151 1152 1153 887 888 888 888 889
1229 1232 1234 1238 1240 1243 1246 1248 1251 1253 1255 1258 1259 1262 1264 1266 1267 1270 1271 1273 1275 1277 1278 1281 1282 1283 1434 1437 1438 1439 1440 1442 1444 1445 1446 1447 1448 1450 1451 1453 1454 1359 1360 1362 1363 1363 1364 1365 1366 1367 1369 1370 1371 1372 1373 1373 1374 1375 1376 1377 1377 1378 1379 1380 1381 1381 1382 1383 1383 1384 1389 1146 1146 1147 1148 1148 1149 1150 1150 1151 1151 1152 1153 1153 888 888 889 889 889
1231 1233 1236 1240 1242 1245 1247 1249 1252 1254 1256 1259 1261 1263 1265 1267 1268 1271 1272 1274 1276 1278 1279 1281 1283 1434 1436 1438 1439 1440 1441 1443 1445 1446 1447 1448 1449 1451 1452 1453 1454 1359 1360 1362 1363 1364 1365 1366 1367 1368 1370 1371 1372 1373 1373 1374 1375 1376 1377 1377 1378 1379 1380 1381 1381 1382 1383 1387 1388 1389 1146 1146 1147 1148 1148 1149 1150 1150 1151 1152 1152 1153 1153 888 889 889 890 889 890
1233 1235 1238 1241 1243 1247 1249 1251 1254 1256 1258 1260 1262 1264 1266 1268 1270 1272 1274 1275 1278 1279 1280 1282 1284 1435 1437 1439 1440 1441 1442 1444 1446 1447 1448 1449 1450 1452 1453 1454 1455 1456 1361 1363 1364 1365 1366 1367 1368 1369 1370 1372 1372 1373 1374 1375 1376 1377 1377 1378 1379 1380 1381 1381 1382 1387 1387 1388 1389 1146 1146 1147 1148 1148 1149 1150 1150 1151 1152 1152 1153 1153 1154 889 889 890 889 890 891
1235 1237 1240 1243 1245 1248 1250 1252 1255 1257 1259 1262 1263 1265 1268 1269 1271 1273 1275 1276 1279 1280 1281 1283 1285 1436 1438 1439 1441 1442 1443 1445 1447 1448 1449 1450 1451 1453 1454 1455 1456 1457 1458 1364 1365 1366 1367 1368 1369 1370 1371 1372 1373 1374 1375 1376 1377 1377 1378 1379 1380 1381 1385 1386 1387 1387 1388 1389 1390 1146 1147 1148 1148 1149 1150 1150 1151 1152 1152 1153 1154 1154 1155 889 890 890 890 891 891
1236 1239 1241 1244 1247 1250 1252 1254 1257 1258 1260 1263 1265 1266 1269 1270 1272 1274 1276 1277 1280 1281 1282 1284 1286 1437 1438 1440 1442 1443 1444 1445 1448 1449 1450 1451 1452 1454 1455 1456 1457 1458 1459 1461 1366 1367 1368 1369 1370 1370 1371 1373 1374 1375 1376 1377 1377 1378 1379 1380 1384 1385 1386 1387 1387 1388 1389 1390 1146 1147 1148 1148 1149 1150 1150 1151 1152 1152 1153 1154 1154 1155 1155 890 891 891 891 891 892
1238 1240 1243 1246 1248 1251 1253 1255 1258 1260 1261 1264 1266 1267 1270 1271 1273 1275 1277 1278 1281 1282 1283 1285 1437 1438 1439 1441 1443 1444 1445 1446 1448 1450 1451 1452 1453 1455 1456 1457 1458 1459 1460 1462 1367 1368 1369 1369 1370 1371 1372 1374 1375 1376 1376 1377 1378 1379 1384 1384 1385 1386 1387 1387 1388 1389 1390 1146 1147 1148 1148 1149 1150 1150 1151 1152 1152 1153 1154 1154 1155 1155 1156 891 891 892 891 892 892
1240 1242 1244 1247 1249 1252 1254 1256 1259 1261 1263 1265 1267 1268 1271 1273 1274 1276 1278 1279 1282 1283 1284 1286 1438 1439 1440 1442 1444 1445 1446 1447 1449 1450 1451 1453 1454 1456 1457 1458 1459 1460 1461 1463 1463 1368 1369 1370 1371 1372 1373 1375 1376 1376 1377 1378 1383 1384 1384 1385 1386 1387 1387 1388 1389 1390 1390 1147 1148 1148 1149 1150 1150 1151 1152 1152 1153 1154 1154 1155 1155 1156 891 891 892 892 892 893 893
1240 1243 1246 1249 1251 1254 1256 1258 1260 1262 1264 1266 1268 1270 1272 1274 1275 1278 1279 1280 1283 1284 1285 1287 1439 1440 1441 1442 1445 1446 1447 1448 1450 1451 1452 1453 1454 1456 1457 1458 1459 1460 1461 1462 1464 1465 1370 1371 1372 1373 1374 1374 1376 1377 1382 1383 1383 1384 1385 1386 1387 1387 1388 1389 1390 1390 1147 1148 1148 1149 1150 1150 1151 1152 1152 1153 1154 1154 1155 1155 1156 1157 891 892 892 892 893 893 894
1242 1245 1247 1250 1252 1254 1257 1259 1262 1263 1265 1268 1269 1271 1273 1275 1276 1279 1280 1281 1284 1285 1286 1288 1440 1441 1442 1443 1446 1447 1448 1449 1450 1452 1453 1454 1455 1456 1458 1459 1460 1461 1462 1463 1465 1466 1371 1372 1373 1373 1374 1375 1381 1382 1383 1383 1384 1385 1386 1387 1387 1388 1389 1389 1390 1147 1148 1148 1149 1150 1150 1151 1152 1152 1153 1154 1154 1155 1155 1156 1157 1157 892 892 893 893 893 894 894
1243 1246 1248 1251 1253 1255 1258 1260 1263 1264 1266 1269 1270 1272 1274 1276 1277 1280 1281 1282 1284 1286 1287 1438 1441 1442 1443 1444 1446 1448 1449 1450 1451 1453 1454 1455 1456 1457 1459 1460 1461 1462 1463 1464 1466 1467 1468 1372 1373 1374 1379 1380 1382 1382 1383 1384 1385 1386 1386 1387 1388 1389 1389 1390 1391 1148 1148 1149 1150 1150 1151 1152 1152 1153 1154 1154 1155 1155 1156 1157 1157 1158 892 893 894 893 894 894 895
1245 1248 1250 1253 1255 1257 1259 1261 1264 1265 1267 1270 1271 1273 1275 1277 1278 1281 1282 1283 1285 1287 1288 1439 1442 1443 1444 1445 1447 1448 1449 1451 1452 1454 1455 1456 1457 1458 1460 1461 1462 1463 1464 1465 1466 1467 1468 1469 1378 1379 1380 1381 1381 1383 1384 1385 1386 1386 1387 1388 1389 1389 1390 1391 1148 1148 1149 1150 1150 1151 1152 1152 1153 1154 1154 1155 1155 1156 1157 1157 1158 1159 893 894 893 894 894 895 895
1246 1249 1251 1254 1256 1258 1261 1262 1264 1267 1268 1271 1272 1274 1276 1278 1279 1281 1283 1284 1285 1288 1289 1440 1441 1444 1445 1446 1447 1449 1450 1451 1452 1455 1456 1457 1458 1459 1461 1462 1462 1463 1464 1465 1467 1468 1473 1474 1379 1380 1380 1381 1382 1384 1385 1385 1386 1387 1388 1389 1389 1390 1391 1147 1148 1149 1150 1150 1151 1152 1152 1153 1154 1154 1155 1155 1156 1157 1157 1158 1159 893 894 894 894 894 895 896 896
1247 1250 1252 1255 1257 1259 1262 1263 1265 1268 1269 1272 1273 1275 1277 1279 1280 1281 1284 1285 1286 1289 1290 1441 1442 1444 1446 1447 1448 1450 1451 1452 1453 1455 1456 1457 1458 1459 1461 1462 1463 1464 1465 1466 1471 1473 1474 1475 1475 1380 1381 1382 1383 1384 1385 1386 1387 1388 1388 1389 1390 1391 1391 1148 1149 1149 1150 1151 1152 1152 1153 1154 1154 1155 1155 1156 1157 1157 1158 1159 1159 894 894 894 894 895 896 896 897
1249 1252 1254 1255 1258 1260 1263 1264 1266 1269 1270 1272 1274 1276 1277 1280 1281 1282 1285 1286 1287 1289 1291 1442 1443 1445 1446 1448 1449 1451 1452 1453 1454 1456 1457 1458 1459 1460 1461 1463 1464 1465 1466 1471 1472 1473 1474 1475 1476 1477 1382 1383 1383 1384 1386 1387 1388 1388 1389 1390 1391 1391 1148 1149 1149 1150 1151 1151 1152 1153 1153 1154 1155 1155 1156 1157 1157 1158 1158 1159 1160 894 895 894 895 896 896 897 897
1250 1253 1255 1257 1259 1261 1264 1266 1267 1270 1271 1273 1275 1277 1278 1281 1282 1283 1286 1287 1288 1290 1442 1443 1444 1446 1447 1448 1449 1452 1453 1454 1455 1456 1458 1459 1460 1461 1462 1464 1465 1470 1470 1471 1472 1474 1475 1476 1477 1478 1382 1383 1384 1385 1386 1387 1388 1389 1390 1390 1391 1148 1149 1149 1150 1151 1151 1152 1153 1153 1154 1155 1155 1156 1157 1157 1158 1158 1159 1160 1160 895 894 895 896 896 897 897 898
1251 1254 1256 1258 1261 1262 1265 1267 1268 1271 1272 1274 1276 1278 1279 1281 1283 1284 1286 1288 1289 1290 1442 1444 1445 1447 1448 1449 1450 1452 1453 1454 1456 1457 1459 1460 1461 1462 1462 1468 1469 1470 1471 1472 1473 1474 1476 1477 1477 1478 1479 1384 1385 1385 1386 1388 1389 1390 1390 1391 1148 1148 1149 1150 1151 1151 1152 1153 1153 1154 1155 1155 1156 1157 1157 1158 1158 1159 1160 1160 895 895 895 896 896 897 897 898 898
1252 1255 1257 1259 1262 1263 1266 1268 1269 1272 1273 1275 1277 1279 1280 1282 1284 1285 1287 1289 1290 1291 1443 1444 1446 1448 1449 1450 1451 1452 1454 1455 1456 1457 1459 1460 1461 1462 1467 1468 1470 1471 1472 1473 1474 1474 1476 1477 1478 1479 1480 1480 1385 1386 1387 1388 1389 1390 1391 1392 1148 1149 1150 1151 1151 1152 1153 1153 1154 1155 1155 1156 1157 1157 1158 1158 1159 1160 1160 1161 895 895 896 896 897 897 898 898 899
1253 1255 1258 1260 1263 1264 1266 1269 1270 1273 1274 1276 1278 1279 1281 1283 1284 1286 1288 1289 1291 1292 1444 1445 1446 1447 1450 1451 1452 1453 1455 1456 1457 1458 1460 1461 1466 1467 1468 1469 1471 1472 1473 1473 1474 1475 1476 1478 1479 1480 1480 1481 1386 1387 1387 1388 1389 1391 1392 1148 1149 1150 1150 1151 1152 1152 1153 1154 1154 1155 1156 1156 1157 1158 1158 1159 1160 1160 1161 1161 895 895 896 897 897 898 898 899 899
1255 1256 1259 1261 1264 1265 1267 1270 1271 1273 1275 1276 1279 1280 1282 1284 1285 1287 1288 1290 1291 1293 1445 1446 1447 1448 1450 1451 1452 1454 1456 1457 1458 1459 1464 1466 1467 1468 1469 1469 1471 1472 1473 1474 1475 1476 1477 1478 1479 1480 1481 1482 1483 1387 1388 1389 1390 1390 1148 1149 1150 1150 1151 1152 1152 1153 1154 1154 1155 1156 1156 1157 1158 1158 1159 1159 1160 1161 1161 1161 895 896 897 897 898 898 899 899 900
1256 1257 1260 1262 1265 1266 1268 1270 1272 1273 1276 1277 1279 1281 1283 1284 1286 1287 1289 1291 1292 1443 1446 1447 1448 1449 1451 1452 1453 1454 1456 1457 1458 1463 1464 1466 1467 1468 1469 1470 1471 1473 1474 1475 1476 1476 1477 1479 1480 1481 1482 1482 1483 1484 1389 1389 1390 1147 1149 1149 1150 1151 1152 1152 1153 1154 1154 1155 1156 1156 1157 1158 1158 1159 1159 1160 1161 1161 1162 1161 896 897 897 898 898 899 899 900 900
1257 1258 1261 1263 1265 1267 1269 1271 1273 1274 1277 1278 1280 1282 1283 1285 1287 1288 1289 1292 1293 1444 1445 1447 1449 1450 1452 1453 1454 1455 1456 1462 1463 1464 1465 1467 1468 1469 1470 1471 1472 1474 1474 1475 1476 1477 1478 1479 1481 1481 1482 1483 1484 1484 1389 1390 1147 1148 1148 1149 1151 1151 1152 1153 1153 1154 1155 1155 1156 1157 1157 1158 1159 1159 1160 1161 1161 1161 1161 896 896 897 898 898 899 899 900 900 901
1258 1260 1262 1264 1266 1268 1270 1272 1274 1275 1278 1279 1280 1283 1284 1285 1288 1289 1290 1292 1294 1445 1446 1448 1449 1450 1451 1454 1455 1456 1461 1463 1464 1465 1466 1467 1469 1470 1470 1471 1472 1474 1475 1476 1477 1478 1478 1479 1481 1482 1483 1484 1484 1485 1486 1391 1147 1148 1149 1150 1150 1152 1153 1153 1154 1155 1155 1156 1157 1157 1158 1159 1159 1160 1160 1161 1161 1161 1162 896 897 898 898 899 899 900 900 901 901
1259 1260 1263 1265 1266 1269 1271 1273 1275 1276 1279 1280 1281 1284 1285 1286 1289 1290 1291 1293 1294 1446 1447 1449 1450 1451 1452 1454 1459 1460 1461 1463 1464 1465 1466 1467 1469 1470 1471 1472 1473 1474 1476 1477 1477 1478 1479 1480 1481 1483 1483 1484 1485 1486 1486 1147 1148 1149 1149 1150 1151 1151 1153 1154 1155 1155 1156 1157 1157 1158 1158 1159 1160 1160 1161 1161 1161 1162 1162 897 898 898 899 899 900 900 901 901 901
1260 1261 1263 1266 1267 1270 1271 1273 1275 1277 1279 1281 1282 1284 1286 1287 1289 1291 1292 1293 1295 1446 1447 1450 1451 1452 1453 1459 1460 1461 1462 1464 1465 1466 1467 1468 1470 1471 1472 1473 1474 1474 1476 1477 1478 1479 1480 1480 1481 1482 1484 1485 1485 1486 1243 1244 1148 1149 1150 1151 1151 1152 1153 1153 1154 1156 1156 1157 1158 1158 1159 1160 1159 1160 1160 1161 1162 1162 897 897 898 899 899 900 900 901 901 901 901
1261 1262 1264 1267 1268 1271 1272 1274 1276 1278 1279 1282 1283 1284 1286 1288 1289 1291 1292 1294 1446 1447 1448 1449 1451 1452 1458 1460 1461 1462 1463 1464 1466 1467 1468 1469 1469 1471 1472 1473 1474 1475 1476 1478 1479 1479 1480 1481 1482 1483 1484 1485 1486 1243 1244 1244 1245 1150 1150 1151 1152 1153 1153 1154 1155 1155 1156 1157 1157 1158 1159 1159 1160 1160 1161 1162 1162 1163 897 898 898 899 900 900 901 901 902 901 902
