testData/tiles/oneDegree/grid25.0-40.0-26.0-41.0.asc
ncols   200
nrows   200
xllcorner   25.0
yllcorner   40.0
cellsize   0.005
NODATA_value   -9999.0
[rows 84 to 125 of 200, columns 0 to 93 of 200]
436 438 439 441 442 444 445 446 448 449 450 451 452 453 455 456 457 458 459 459 460 461 462 463 464 465 465 466 467 468 468 469 469 470 471 471 472 472 473 473 474 474 475 475 475 476 476 476 464 464 464 464 465 465 465 465 465 465 466 466 466 466 466 466 466 466 466 466 466 465 465 465 465 465 465 464 464 464 464 463 463 463 462 462 462 461 461 460 460 459 459 458 458 457
436 438 439 441 442 444 445 446 448 449 450 451 452 453 455 456 457 458 459 460 460 461 462 463 464 465 465 466 467 468 468 469 470 470 471 471 472 472 473 473 474 474 475 475 475 476 476 476 477 464 464 464 465 465 465 465 465 465 466 466 466 466 466 466 466 466 466 466 466 465 465 465 465 465 465 464 464 464 464 463 463 463 462 462 462 461 461 460 460 459 459 458 458 457
437 438 440 441 442 444 445 446 448 449 450 451 452 454 455 456 457 458 459 460 461 461 462 463 464 465 465 466 467 468 468 469 470 470 471 471 472 472 473 473 474 474 475 475 475 476 476 476 477 477 477 464 465 465 465 465 465 465 466 466 466 466 466 466 466 466 466 466 466 465 465 465 465 465 465 464 464 464 464 463 463 463 462 462 462 461 461 460 460 459 459 458 458 457
437 438 440 441 442 444 445 446 448 449 450 451 452 454 455 456 457 458 459 460 461 461 462 463 464 465 466 466 467 468 468 469 470 470 471 471 472 472 473 473 474 474 475 475 475 476 476 476 477 477 477 478 465 465 465 465 465 466 466 466 466 466 466 466 466 466 466 466 466 466 465 465 465 465 465 465 464 464 464 463 463 463 462 462 462 461 461 460 460 459 459 458 458 457
438 438 440 441 442 444 445 447 448 449 450 451 453 454 455 456 457 458 459 460 461 461 462 463 464 465 466 466 467 468 468 469 470 470 471 471 472 472 473 473 474 474 475 475 475 476 476 476 477 477 477 478 478 478 465 465 465 466 466 466 466 466 466 466 466 466 466 466 466 466 465 465 465 465 465 465 464 464 464 463 463 463 462 462 462 461 461 460 460 459 459 458 458 457
438 439 440 441 443 444 445 447 448 449 450 451 453 454 455 456 457 458 459 460 461 462 462 463 464 465 466 466 467 468 468 469 470 470 471 471 472 472 473 473 474 474 475 475 476 476 476 477 477 477 477 478 478 478 478 465 465 466 466 466 466 466 466 466 466 466 466 466 466 466 465 465 465 465 465 465 464 464 464 464 463 463 463 462 462 461 461 460 460 459 459 458 458 457
438 439 441 441 443 444 445 447 448 449 450 451 453 454 455 456 457 458 459 460 461 462 462 463 464 465 466 466 467 468 468 469 470 470 471 471 472 473 473 473 474 474 475 475 476 476 476 477 477 477 477 478 478 478 478 478 479 466 466 466 466 466 466 466 466 466 466 466 466 466 466 465 465 465 465 465 464 464 464 464 463 463 463 462 462 461 461 460 460 460 459 458 458 457
438 439 441 442 443 444 445 447 448 449 450 452 453 454 455 456 457 458 459 460 461 462 462 463 464 465 466 466 467 468 468 469 470 470 471 472 472 473 473 474 474 474 475 475 476 476 476 477 477 477 477 478 478 478 478 478 479 479 466 466 466 466 466 466 466 466 466 466 466 466 466 465 465 465 465 465 464 464 464 464 463 463 463 462 462 461 461 461 460 460 459 459 458 457
438 439 441 442 444 444 445 447 448 449 450 452 453 454 455 456 457 458 459 460 461 462 463 463 464 465 466 466 467 468 469 469 470 470 471 472 472 473 473 474 474 474 475 475 476 476 476 477 477 477 477 478 478 478 478 478 479 479 479 479 466 466 466 466 466 466 466 466 466 466 466 465 465 465 465 465 464 464 464 464 463 463 463 462 462 461 461 461 460 460 459 459 458 457
438 439 441 442 444 444 445 447 448 449 450 452 453 454 455 456 457 458 459 460 461 462 463 463 464 465 466 466 467 468 469 469 470 470 471 472 472 473 473 474 474 474 475 475 476 476 476 477 477 477 477 478 478 478 478 478 479 479 479 479 479 466 466 466 466 466 466 466 466 466 466 465 465 465 465 465 464 464 464 464 463 463 463 462 462 461 461 461 460 460 459 459 458 457
438 439 441 442 444 445 445 447 448 449 450 452 453 454 455 456 457 458 459 460 461 462 463 463 464 465 466 467 467 468 469 469 470 470 471 472 472 473 473 474 474 475 475 475 476 476 476 477 477 477 478 478 478 478 478 479 479 479 479 479 479 479 479 466 466 466 466 466 466 466 466 466 465 465 465 465 465 464 464 464 463 463 463 462 462 462 461 461 460 460 459 459 458 457
438 439 441 442 444 445 446 447 448 449 450 452 453 454 455 456 457 458 459 460 461 462 463 463 464 465 466 467 467 468 469 469 470 470 471 472 472 473 473 474 474 475 475 475 476 476 476 477 477 477 478 478 478 478 478 479 479 479 479 479 479 479 479 479 466 466 466 466 466 466 466 466 465 465 465 465 465 464 464 464 463 463 463 462 462 462 461 461 460 460 459 459 458 457
438 439 441 442 444 445 447 448 448 449 451 452 453 454 455 456 457 458 459 460 461 462 463 463 464 465 466 467 467 468 469 469 470 471 471 472 472 473 473 474 474 475 475 475 476 476 476 477 477 477 478 478 478 478 478 479 479 479 479 479 479 479 479 479 479 466 466 466 466 466 466 466 465 465 465 465 465 464 464 464 463 463 463 462 462 462 461 461 460 460 459 459 458 458
438 440 441 442 444 445 447 448 449 449 451 452 453 454 455 456 457 458 459 460 461 462 463 464 464 465 466 467 467 468 469 469 470 471 471 472 472 473 473 474 474 475 475 475 476 476 476 477 477 477 478 478 478 478 478 479 479 479 479 479 479 479 479 479 479 479 479 466 466 466 466 466 465 465 465 465 465 464 464 464 463 463 463 462 462 462 461 461 460 460 459 459 458 458
438 440 441 442 444 445 447 448 449 450 451 452 453 454 455 456 457 458 459 460 461 462 463 464 464 465 466 467 467 468 469 469 470 471 471 472 472 473 473 474 474 475 475 475 476 476 477 477 477 477 478 478 478 478 478 479 479 479 479 479 479 479 479 479 479 479 479 479 466 466 466 466 465 465 465 465 465 464 464 464 464 463 463 462 462 462 461 461 460 460 459 459 458 458
433 440 441 443 444 445 447 448 449 450 452 452 453 454 455 456 457 458 459 460 461 462 463 464 464 465 466 467 467 468 469 469 470 471 471 472 472 473 473 474 474 475 475 475 476 476 477 477 477 477 478 478 478 478 479 479 479 479 479 479 479 479 479 479 479 479 479 479 479 466 466 466 466 465 465 465 465 464 464 464 464 463 463 462 462 462 461 461 460 460 459 459 458 458
433 435 436 438 444 445 447 448 449 450 452 453 453 454 455 456 457 458 459 460 461 462 463 464 464 465 466 467 467 468 469 469 470 471 471 472 472 473 473 474 474 475 475 475 476 476 477 477 477 477 478 478 478 478 479 479 479 479 479 479 479 479 479 479 479 479 479 479 479 479 479 466 466 465 465 465 465 464 464 464 464 463 463 462 462 462 461 461 460 460 459 459 458 458
434 435 436 438 439 440 447 448 449 450 452 453 453 454 455 456 457 458 459 460 461 462 463 464 464 465 466 467 467 468 469 469 470 471 471 472 472 473 473 474 474 475 475 476 476 476 477 477 477 477 478 478 478 478 479 479 479 479 479 479 479 479 479 479 479 479 479 479 479 479 479 479 466 465 465 465 465 464 464 464 464 463 463 463 462 462 461 461 460 460 459 459 458 458
434 436 436 438 439 440 442 443 444 451 452 453 454 454 455 456 457 458 459 460 461 462 463 464 464 465 466 467 467 468 469 469 470 471 471 472 472 473 473 474 474 475 475 476 476 476 477 477 477 477 478 478 478 478 479 479 479 479 479 479 479 479 479 479 479 479 479 479 479 479 479 479 479 465 465 465 465 464 464 464 464 463 463 463 462 462 461 461 460 460 459 459 458 458
434 436 437 438 439 440 442 443 444 446 447 453 454 455 455 456 457 458 459 460 461 462 463 464 464 465 466 467 467 468 469 469 470 471 471 472 472 473 473 474 474 475 475 476 476 476 477 477 477 478 478 478 478 478 479 479 479 479 479 479 479 479 479 479 479 479 479 479 479 479 479 479 479 478 478 465 465 465 464 464 464 463 463 463 462 462 461 461 460 460 459 459 458 458
434 436 437 439 439 440 442 443 444 446 447 448 449 450 456 456 457 458 459 460 461 462 463 464 464 465 466 467 467 468 469 469 470 471 471 472 472 473 473 474 474 475 475 476 476 476 477 477 477 478 478 478 478 478 479 479 479 479 479 479 479 479 479 479 479 479 479 479 479 479 479 479 479 478 478 478 465 465 464 464 464 463 463 463 462 462 461 461 460 460 459 459 458 458
434 436 437 439 440 440 442 443 444 446 447 448 449 450 451 452 452 458 459 460 461 462 463 464 465 465 466 467 468 468 469 470 470 471 471 472 472 473 473 474 474 475 475 476 476 476 477 477 477 478 478 478 478 478 479 479 479 479 479 479 479 479 479 479 479 479 479 479 479 479 479 479 479 478 478 478 478 465 464 464 464 463 463 463 462 462 461 461 460 460 459 459 458 458
434 436 437 439 440 440 442 443 444 446 447 448 449 450 451 452 452 453 454 455 461 462 463 464 465 465 466 467 468 468 469 470 470 471 471 472 472 473 473 474 474 475 475 476 476 476 477 477 477 478 478 478 478 478 479 479 479 479 479 479 479 479 479 479 479 479 479 479 479 479 479 479 479 478 478 478 478 478 477 464 464 463 463 463 462 462 461 461 460 460 459 459 458 458
434 436 437 439 440 441 442 443 444 446 447 448 449 450 451 452 453 453 454 455 456 457 458 464 465 465 466 467 468 468 469 470 470 471 471 472 472 473 473 474 474 475 475 476 476 476 477 477 477 478 478 478 478 478 479 479 479 479 479 479 479 479 479 479 479 479 479 479 479 479 479 479 479 478 478 478 478 478 477 477 464 463 463 463 462 462 461 461 460 460 459 459 458 458
434 436 437 439 440 442 443 443 444 446 447 448 449 450 451 452 453 454 454 455 456 457 458 459 460 460 461 467 468 468 469 470 470 471 471 472 472 473 473 474 474 475 475 476 476 476 477 477 477 478 478 478 478 478 479 479 479 479 479 479 479 479 479 479 479 479 479 479 479 479 479 479 479 478 478 478 478 478 477 477 477 463 463 463 462 462 461 461 460 460 459 459 458 458
434 436 437 439 440 442 443 444 444 446 447 448 449 450 451 452 453 454 455 455 456 457 458 459 460 460 461 462 463 463 469 470 470 471 471 472 472 473 473 474 474 475 475 476 476 476 477 477 477 478 478 478 478 479 479 479 479 479 479 479 479 479 479 479 479 479 479 479 479 479 479 479 479 479 478 478 478 478 477 477 477 476 463 463 462 462 461 461 460 460 459 459 458 458
434 436 437 439 440 442 443 444 445 446 447 448 449 450 451 452 453 454 455 455 456 457 458 459 460 460 461 462 463 463 464 465 465 466 471 472 472 473 474 474 474 475 475 476 476 476 477 477 477 478 478 478 478 479 479 479 479 479 479 479 479 479 479 479 479 479 479 479 479 479 479 479 479 479 478 478 478 478 477 477 477 476 476 463 462 462 461 461 461 460 459 459 458 458
434 436 437 439 440 442 443 444 445 446 447 448 449 450 451 452 453 454 455 456 456 457 458 459 460 460 461 462 463 463 464 465 465 466 466 467 468 468 474 474 474 475 475 476 476 476 477 477 477 478 478 478 478 479 479 479 479 479 479 479 479 479 479 479 479 479 479 479 479 479 479 479 479 479 478 478 478 478 477 477 477 476 476 476 475 462 461 461 461 460 460 459 458 458
434 436 437 439 440 442 443 444 445 447 447 448 449 450 451 452 453 454 455 456 457 457 458 459 460 460 461 462 463 463 464 465 465 466 466 467 468 468 469 469 469 470 470 476 476 476 477 477 477 478 478 478 478 479 479 479 479 479 479 479 479 479 479 479 479 479 479 479 479 479 479 479 479 479 478 478 478 478 477 477 477 476 476 476 475 475 461 461 461 460 460 459 458 458
434 436 437 439 440 442 443 444 445 447 448 448 449 450 451 452 453 454 455 456 457 458 458 459 460 460 461 462 463 463 464 465 465 466 466 467 468 468 469 469 469 470 470 471 471 471 472 472 477 478 478 478 478 479 479 479 479 479 479 479 479 479 479 479 479 479 479 479 479 479 479 479 479 479 478 478 478 478 477 477 477 476 476 476 475 475 474 461 461 460 460 459 458 458
435 436 437 439 440 442 443 444 445 447 448 449 449 450 451 452 453 454 455 456 457 458 458 459 460 460 461 462 463 463 464 465 465 466 466 467 468 468 469 469 469 470 470 471 471 471 472 472 472 473 473 473 473 479 479 479 479 479 479 479 479 479 479 479 479 479 479 479 479 479 479 479 479 479 478 478 478 478 477 477 477 476 476 476 475 475 474 474 461 460 460 459 458 458
301 437 437 439 440 442 443 444 445 447 448 449 449 450 451 452 453 454 455 456 457 458 459 459 460 460 461 462 463 463 464 465 465 466 466 467 468 468 469 469 469 470 470 471 471 471 472 472 472 473 473 473 473 474 474 474 474 474 474 474 479 479 479 479 479 479 479 479 479 479 479 479 479 479 478 478 478 478 477 477 477 476 476 476 475 475 474 474 474 460 460 459 458 458
301 303 303 439 440 442 443 444 445 447 448 449 450 450 451 452 453 454 455 456 457 458 459 460 460 460 461 462 463 463 464 465 465 466 466 467 468 468 469 469 469 470 470 471 471 471 472 472 472 473 473 473 473 474 474 474 474 474 474 474 474 474 474 474 474 474 474 474 474 479 479 479 479 479 478 478 478 478 477 477 477 476 476 476 475 475 474 474 474 473 473 459 458 458
301 303 304 305 440 442 443 444 445 447 448 449 450 451 451 452 453 454 455 456 457 458 459 460 460 460 461 462 463 463 464 465 465 466 466 467 468 468 469 469 469 470 470 471 471 471 472 472 472 473 473 473 473 474 474 474 474 474 474 474 474 474 474 474 474 474 474 474 474 474 474 474 474 474 473 473 473 473 472 472 472 471 471 471 470 470 469 469 469 468 468 467 453 453
301 303 304 306 306 442 443 444 445 447 448 449 450 451 452 452 453 454 455 456 457 458 459 460 461 460 461 462 463 463 464 465 465 466 466 467 468 468 469 469 469 470 470 471 471 471 472 472 472 473 473 473 473 474 474 474 474 474 474 474 474 474 474 475 474 474 474 474 474 474 474 474 474 474 473 473 473 473 472 472 472 471 471 471 470 470 469 469 469 468 468 467 466 453
301 303 304 306 307 308 309 444 445 447 448 449 450 451 452 452 453 454 455 456 457 458 459 460 461 461 461 462 463 463 464 465 465 466 466 467 468 468 469 469 469 470 470 471 471 471 472 472 472 473 473 473 473 474 474 474 474 474 474 474 474 474 474 474 474 474 474 474 474 474 474 474 474 474 473 473 473 473 472 472 472 471 471 471 470 470 469 469 469 468 468 467 466 466
301 303 304 306 307 308 309 310 445 447 448 449 450 451 452 453 453 454 455 456 457 458 459 460 461 461 461 462 463 463 464 465 465 466 466 467 468 468 469 469 469 470 470 471 471 471 472 472 472 473 473 473 473 474 474 474 474 474 474 474 474 474 474 474 474 474 474 474 474 474 474 474 474 474 473 473 473 473 472 472 472 471 471 471 470 470 469 469 469 468 468 467 466 466
301 303 304 306 307 309 309 310 311 447 448 449 450 451 452 453 454 454 455 456 457 458 459 460 461 461 462 462 463 463 464 465 465 466 466 467 468 468 469 469 469 470 470 471 471 471 472 472 472 473 473 473 473 474 474 474 474 474 474 474 474 474 474 474 474 474 474 474 474 474 474 474 474 474 473 473 473 473 472 472 472 471 471 471 470 470 469 469 469 468 468 467 466 466
301 303 304 306 307 309 310 310 311 313 314 449 450 451 452 453 454 454 455 456 457 458 459 460 461 461 462 463 463 463 464 465 465 466 466 467 468 468 469 469 469 470 470 471 471 471 472 472 472 473 473 473 473 474 474 474 474 474 474 474 474 474 474 474 474 474 474 474 474 474 474 474 474 474 473 473 473 473 472 472 472 471 471 471 470 470 469 469 469 468 468 467 466 466
301 303 304 306 307 309 310 311 311 313 314 315 450 451 452 453 454 455 455 456 457 458 459 460 461 461 462 463 463 463 464 465 465 466 466 467 468 468 469 469 469 470 470 471 471 471 472 472 472 473 473 473 473 474 474 474 474 474 474 474 474 474 474 474 474 474 474 474 474 474 474 474 474 474 473 473 473 473 472 472 472 471 471 471 470 470 469 469 469 468 468 467 466 466
301 303 304 306 307 309 310 311 311 313 314 315 316 317 452 453 454 455 456 456 457 458 459 460 461 461 462 463 464 463 464 465 465 466 466 467 468 468 469 469 469 470 470 471 471 471 472 472 472 473 473 473 473 474 474 474 474 474 474 474 474 474 474 474 474 474 474 474 474 474 474 474 474 474 473 473 473 473 472 472 472 471 471 471 470 470 469 469 469 468 468 467 466 466
301 303 304 306 307 309 310 311 312 313 314 315 316 317 318 453 454 455 456 456 457 458 459 460 461 461 462 463 464 464 464 465 465 466 466 467 468 468 469 469 469 470 470 471 471 471 472 472 472 473 473 473 473 474 474 474 474 474 474 474 474 474 474 474 474 474 474 474 474 474 474 474 474 474 473 473 473 473 472 472 472 471 471 471 470 470 469 469 469 468 468 467 466 466
