testData/tiles/oneDegree/grid23.0-23.0-24.0-24.0.asc
ncols   200
nrows   200
xllcorner   23.0
yllcorner   23.0
cellsize   0.005
NODATA_value   -9999.0
[rows 0 to 41 of 200, columns 94 to 187 of 200]
571 572 572 572 573 573 574 574 574 576 576 576 577 577 577 577 578 578 578 578 578 579 580 580 580 580 580 580 580 580 580 580 580 580 580 580 580 580 580 581 581 581 581 581 580 580 580 580 580 579 579 579 579 578 578 578 577 577 577 576 576 575 575 575 574 574 573 574 573 573 593 592 598 602 606 609 610 613 614 614 615 616 616 615 615 614 613 612 611 609 607 604 602 599
570 571 572 572 573 573 573 574 574 574 575 575 575 577 577 577 577 578 578 578 578 578 578 579 579 579 579 580 580 580 580 580 580 580 580 580 580 580 580 580 580 580 579 579 579 579 580 580 579 579 579 579 578 578 578 577 577 577 576 576 576 575 575 574 574 573 573 572 572 571 592 591 596 601 604 608 609 611 612 613 614 614 614 614 614 613 612 610 609 607 605 602 600 597
569 570 570 571 571 573 573 573 574 574 574 575 575 575 575 576 576 576 577 578 578 578 578 578 578 578 579 579 579 579 579 579 579 580 580 580 580 580 580 579 579 579 579 579 579 579 578 578 578 578 577 577 577 577 576 576 577 576 576 576 575 575 574 574 573 573 572 572 571 571 591 591 597 601 605 607 609 611 612 613 614 614 614 613 613 613 612 610 609 607 605 603 600 597
569 570 570 570 571 571 572 572 572 574 574 574 575 575 575 575 576 576 576 576 576 577 577 578 578 578 578 578 578 578 578 578 578 578 578 578 578 578 578 578 579 579 579 579 578 578 578 578 578 577 577 577 577 576 576 576 575 575 575 574 574 573 573 573 572 572 571 571 570 569 590 590 597 601 604 607 609 610 612 613 613 613 614 614 613 612 611 610 608 607 605 603 600 597
568 568 570 570 570 571 571 572 572 572 573 573 573 574 575 575 575 576 576 576 576 576 576 577 577 577 577 577 578 578 578 578 578 578 578 578 578 578 578 578 578 578 577 577 577 577 577 577 577 577 577 577 576 576 576 575 575 575 574 574 573 573 573 572 572 571 571 570 570 569 590 589 595 600 603 605 608 609 610 612 612 612 612 612 612 611 610 609 607 605 603 601 598 595
567 568 568 569 569 569 571 571 572 572 572 573 573 573 573 574 574 574 574 576 576 576 576 576 576 576 577 577 577 577 577 577 577 577 578 578 578 578 578 577 577 577 577 577 577 577 576 576 576 576 575 575 575 575 574 574 574 573 574 573 573 573 572 572 571 571 570 570 569 569 589 590 595 599 603 605 607 609 610 611 611 612 612 612 611 610 609 609 607 605 603 601 598 595
567 567 568 568 569 569 570 570 570 571 572 572 573 573 573 573 574 574 574 574 574 575 575 575 576 576 576 576 576 576 576 576 576 576 576 576 576 576 576 576 576 577 577 577 576 576 576 576 576 575 575 575 575 574 574 574 573 573 573 572 572 571 571 570 570 569 569 568 568 567 588 588 595 598 601 605 606 608 610 611 612 612 611 612 611 610 609 608 606 605 602 599 597 594
566 566 567 568 568 569 569 570 570 570 571 571 571 571 573 573 573 573 574 574 574 574 574 574 575 575 575 575 575 576 576 576 576 576 576 576 576 576 576 576 576 575 575 575 575 575 575 574 574 574 575 574 574 574 574 573 573 573 572 572 571 571 570 570 570 569 569 568 567 567 587 588 594 599 601 604 606 608 609 609 611 611 611 610 609 610 608 607 606 604 602 599 597 594
565 566 566 567 567 567 569 569 570 570 570 570 571 571 571 572 572 572 572 573 574 574 574 574 574 574 574 575 575 575 575 575 575 575 575 575 576 576 575 575 575 575 575 575 575 574 574 574 574 574 573 573 573 572 572 572 572 571 571 570 570 571 570 570 569 569 568 568 567 567 587 588 594 598 602 604 606 607 609 609 610 610 611 610 610 609 608 606 605 603 601 598 596 593
565 565 566 566 567 567 567 568 568 568 569 570 570 571 571 571 571 572 572 572 572 572 573 573 573 574 574 574 574 574 574 574 574 574 574 574 574 574 574 574 574 574 574 574 574 574 574 574 573 573 573 573 572 572 572 571 571 571 570 570 570 569 569 568 568 567 567 566 566 565 586 587 592 597 600 602 605 606 607 609 609 609 609 608 609 608 607 605 604 602 600 598 595 592
563 564 564 566 566 567 567 567 568 568 568 569 569 569 570 571 571 571 572 572 572 572 572 572 572 573 573 573 573 573 574 574 574 574 574 574 574 574 574 574 573 573 573 573 573 573 573 572 572 572 572 571 572 572 571 571 571 570 570 570 569 569 568 568 567 567 566 566 565 565 585 587 592 596 600 602 604 606 607 608 608 609 609 609 608 607 606 605 604 602 600 598 595 591
563 563 564 564 565 565 566 567 567 568 568 568 569 569 569 569 570 570 570 570 572 572 572 572 572 572 572 572 572 572 573 573 573 573 573 572 572 573 573 573 573 573 573 573 573 572 572 572 572 571 571 571 571 570 570 570 569 569 569 568 568 567 567 566 567 566 566 565 565 564 585 587 593 596 599 602 604 605 606 608 608 608 608 609 608 607 606 605 603 601 599 597 594 591
563 563 564 564 564 565 565 566 566 566 567 568 568 569 569 569 569 570 570 570 570 570 570 571 571 571 572 572 572 572 572 572 572 572 572 572 572 572 572 572 572 572 571 571 572 572 572 572 571 571 571 571 570 570 570 569 569 569 568 568 567 567 567 566 566 565 565 564 564 563 583 586 591 596 598 601 602 605 605 606 607 607 607 607 606 605 604 604 602 600 598 596 593 591
561 562 562 564 564 564 565 565 566 566 566 567 567 567 567 568 569 569 569 570 570 570 570 570 570 570 571 571 571 571 571 572 572 572 572 572 572 572 572 571 571 571 571 571 571 571 570 570 570 570 569 569 569 569 569 569 569 568 568 567 567 567 566 566 565 565 564 564 563 563 583 585 591 595 598 601 602 604 606 606 607 607 606 607 606 605 604 603 601 600 598 595 593 590
561 561 562 562 563 563 563 565 565 565 566 566 566 567 567 567 568 568 568 568 568 570 570 570 570 570 570 570 570 570 570 570 570 570 570 570 570 570 571 571 571 571 571 571 570 570 570 570 570 569 569 569 568 568 568 567 567 567 566 566 566 565 565 564 564 563 563 562 563 562 583 585 590 595 598 600 603 604 605 605 607 607 606 606 605 604 604 603 601 600 598 595 593 590
560 561 561 562 562 563 563 563 564 564 564 565 566 566 567 567 567 567 568 568 568 568 568 568 569 569 570 570 570 570 570 570 570 570 570 570 570 570 570 570 570 569 569 569 569 569 570 569 569 569 569 568 568 568 567 567 567 566 566 566 565 565 564 564 563 563 562 562 561 561 581 584 590 593 597 599 601 602 604 604 605 605 606 605 605 604 603 601 600 598 596 593 591 588
559 559 560 560 562 562 563 563 563 564 564 564 565 565 565 565 566 567 567 567 568 568 568 568 568 568 568 568 568 569 569 569 569 570 570 570 569 569 569 569 569 569 569 569 569 568 568 568 568 567 567 567 567 566 566 566 566 566 566 565 565 564 564 563 563 562 562 561 561 560 581 584 589 593 596 598 601 602 603 605 605 605 605 604 604 604 603 601 600 598 596 594 591 588
558 559 559 560 560 561 561 562 563 563 564 564 564 564 565 565 565 566 566 566 566 566 567 568 568 568 568 568 568 568 568 568 568 568 568 568 568 568 568 568 569 569 568 568 568 568 568 568 567 567 567 566 566 566 566 565 565 565 564 564 563 563 562 562 561 561 560 560 559 559 579 583 588 593 596 598 600 602 603 604 604 604 605 604 604 603 602 600 599 597 595 593 590 587
558 559 559 559 560 560 561 561 561 562 562 562 563 564 564 565 565 565 565 566 566 566 566 566 566 566 566 567 568 568 568 568 568 568 568 568 568 568 567 567 567 567 567 567 567 567 566 566 567 567 566 566 566 565 565 565 564 564 564 563 563 562 562 562 561 561 560 559 559 558 579 583 588 592 594 598 599 600 601 603 603 603 603 603 602 602 601 600 598 596 594 592 589 586
557 557 558 558 559 560 560 561 561 561 562 562 562 563 563 563 563 565 565 565 565 565 566 566 566 566 566 566 566 566 566 566 566 566 567 567 567 567 567 567 567 567 567 566 566 566 566 566 565 565 565 565 564 564 564 563 563 563 562 563 562 562 562 561 561 560 560 559 558 558 578 583 587 591 595 597 598 601 601 602 602 603 603 603 602 601 600 599 597 595 593 591 588 586
556 557 557 558 558 558 559 559 560 561 561 562 562 562 562 563 563 563 563 564 564 564 564 565 565 566 566 566 566 566 566 566 566 566 566 566 566 566 566 566 565 566 566 566 566 566 565 565 565 565 564 564 564 564 563 563 563 562 562 561 561 561 560 560 559 559 558 558 557 556 577 581 587 590 593 596 597 599 600 601 601 601 601 601 600 600 599 598 596 594 592 590 588 584
555 556 557 557 558 558 558 559 559 559 560 560 560 562 562 562 563 563 563 563 563 564 564 564 564 564 564 564 564 565 565 565 565 565 565 565 565 565 565 565 565 565 565 565 564 564 564 564 564 563 564 564 563 563 563 562 562 562 561 561 561 560 560 559 559 558 558 557 557 556 576 581 586 589 593 595 597 599 600 600 601 602 601 601 600 599 598 597 595 594 592 589 587 584
554 555 555 556 556 558 558 558 559 559 559 560 560 560 561 561 561 561 568 563 563 563 563 563 564 564 564 564 564 564 564 564 564 564 564 565 565 565 565 565 565 564 564 564 564 564 564 563 563 563 563 562 562 562 561 561 561 560 560 560 559 559 559 559 558 558 557 557 556 556 576 581 586 590 592 595 597 598 599 600 601 601 600 600 599 599 598 597 595 594 592 589 587 583
554 554 555 555 556 556 556 557 557 559 559 559 560 560 560 560 561 568 572 568 562 562 562 562 563 563 563 563 563 564 564 564 564 564 564 564 563 563 563 563 563 563 563 564 564 563 563 563 563 562 562 562 562 561 561 561 560 560 559 559 559 558 558 557 557 556 556 555 555 575 574 580 584 589 591 593 595 597 598 599 599 600 600 599 598 598 596 595 594 592 590 588 585 582
552 554 554 555 555 556 556 556 557 557 557 558 558 558 560 560 560 573 577 574 561 561 561 562 562 562 562 562 562 562 563 563 563 563 563 563 563 563 563 563 563 563 562 562 562 562 562 561 561 561 561 560 561 561 560 560 560 559 559 559 558 558 557 557 556 556 555 555 554 575 574 579 585 588 590 593 595 596 597 599 599 599 599 598 598 598 597 595 594 592 590 588 584 581
552 552 553 553 554 554 556 556 556 557 557 557 558 558 558 558 569 576 578 577 571 561 561 561 561 561 561 561 562 562 562 562 562 562 562 562 563 562 562 562 562 562 562 562 562 561 561 561 561 560 560 560 560 559 559 559 558 558 558 557 557 556 556 555 555 555 555 554 554 574 573 579 584 588 591 593 594 596 597 598 598 599 599 598 598 597 596 594 593 591 589 587 584 581
551 552 552 553 553 554 554 554 555 555 557 557 557 557 558 558 573 580 581 580 574 559 559 560 560 561 561 561 561 561 561 561 561 561 561 561 561 561 561 561 561 561 560 560 561 561 561 561 560 560 560 559 559 559 559 558 558 557 557 557 556 556 555 555 554 554 553 553 552 573 572 578 583 586 589 592 593 595 595 597 597 597 597 597 596 595 594 594 592 590 587 585 582 580
551 551 552 552 553 553 554 554 554 555 555 555 556 556 556 563 577 582 583 582 578 564 559 559 559 559 559 560 560 560 560 561 561 561 561 561 561 561 560 560 560 560 560 560 560 559 559 559 559 559 558 558 558 557 558 558 557 557 557 556 556 555 555 554 554 553 553 552 552 572 571 578 582 586 589 591 592 595 595 596 596 596 597 597 596 595 594 593 591 589 587 585 582 580
550 551 551 552 552 553 553 553 554 554 555 555 555 556 556 568 578 583 584 583 580 570 559 559 559 559 559 559 559 559 559 559 559 559 559 559 559 559 560 560 560 560 560 559 559 559 559 559 558 558 558 558 557 557 557 556 556 555 555 555 554 554 553 553 552 552 551 551 550 572 571 577 582 586 588 591 593 594 595 596 596 596 596 596 595 594 593 592 590 588 586 584 582 579
550 550 551 551 552 552 553 553 553 554 554 554 555 555 555 572 581 584 586 585 582 573 557 557 557 557 559 559 559 559 559 559 559 559 559 559 559 559 559 558 558 558 558 558 558 558 558 558 558 558 557 557 557 556 556 556 555 555 555 554 554 553 553 552 552 551 551 550 550 570 569 576 580 584 587 589 591 593 594 594 595 595 595 595 594 593 592 591 589 588 586 583 581 577
549 550 550 551 551 552 552 552 553 553 554 554 554 555 555 575 582 587 588 587 583 576 557 557 557 557 557 557 557 557 557 557 558 558 558 558 558 558 558 558 558 558 558 557 557 557 557 557 556 556 556 556 555 555 555 554 555 554 554 554 553 553 552 552 551 551 550 550 549 570 569 575 581 584 586 589 591 592 593 593 595 595 594 594 593 592 591 590 588 587 585 582 580 577
492 492 550 550 551 551 552 552 552 553 553 553 554 554 561 578 584 588 589 589 585 579 563 556 556 556 557 557 557 557 557 557 557 557 557 557 557 557 557 557 557 557 557 557 557 557 556 556 556 556 555 555 555 554 554 554 553 553 553 552 552 551 551 550 550 549 549 548 548 568 568 575 579 582 586 589 590 592 593 594 594 594 594 593 593 593 591 590 589 587 585 582 579 576
491 492 492 493 493 494 494 494 495 495 496 553 553 554 567 579 585 589 590 589 586 580 569 556 556 556 556 556 556 556 556 556 556 556 556 556 556 556 556 556 556 556 556 555 555 555 555 555 555 555 555 555 554 554 554 553 553 552 552 552 551 551 550 550 549 549 548 548 547 567 568 574 579 582 585 587 589 590 591 592 593 593 593 592 592 591 590 588 587 585 583 581 578 575
491 491 492 492 493 493 494 494 494 495 495 495 496 496 513 525 530 533 534 534 588 583 572 555 555 555 556 556 556 556 556 556 556 556 556 556 556 556 556 555 555 555 555 555 555 555 554 554 554 554 553 553 553 552 552 552 551 551 551 551 551 550 550 549 549 548 548 547 547 567 567 574 578 581 585 587 588 589 591 592 592 592 592 591 591 590 589 587 586 584 582 580 577 574
490 491 491 492 492 493 493 493 494 494 495 495 495 496 516 526 531 535 536 535 532 527 518 498 498 498 498 498 498 498 498 555 555 555 555 555 555 555 555 555 555 555 555 554 554 554 554 554 553 553 553 553 552 552 552 551 551 550 550 550 549 549 548 548 547 547 546 546 545 565 567 572 576 581 583 585 587 589 589 590 590 591 591 590 590 589 588 586 585 583 581 579 575 573
490 490 491 491 492 492 492 493 493 494 494 494 495 495 518 528 533 536 536 537 534 529 520 497 497 497 498 498 498 498 498 498 498 498 498 498 498 498 498 497 497 497 497 554 554 554 553 553 553 553 552 552 552 551 551 551 550 550 549 549 549 548 548 547 547 546 546 545 544 565 566 573 577 580 582 585 587 588 588 590 590 590 590 590 589 588 587 586 584 582 580 578 575 573
489 490 490 491 491 492 492 492 493 493 493 494 494 502 521 529 533 537 538 537 534 530 523 505 497 497 497 497 497 497 497 497 497 497 497 497 497 497 497 497 497 497 497 496 496 496 496 496 495 495 495 494 494 494 493 493 550 549 549 549 548 548 547 547 546 546 545 544 544 564 566 572 576 580 582 584 586 588 589 589 589 589 589 590 589 588 587 586 584 582 579 577 575 572
489 489 490 490 491 491 491 492 492 493 493 493 494 507 522 531 535 538 538 538 536 532 524 509 496 496 496 497 497 497 497 497 497 497 497 497 497 497 496 496 496 496 496 496 496 495 495 495 495 495 494 494 494 493 493 493 492 492 491 491 491 490 490 489 489 488 487 487 486 507 565 571 576 579 581 584 586 587 588 588 589 589 589 589 588 587 586 585 583 581 579 577 574 571
488 489 489 490 490 490 491 491 492 492 492 493 493 510 524 531 536 538 540 539 537 532 525 513 496 496 496 496 496 496 496 496 496 496 496 496 496 496 496 496 496 496 495 495 495 495 495 494 494 494 494 493 493 493 492 492 492 491 491 490 490 490 489 489 488 487 487 486 486 506 508 514 518 521 525 527 528 529 531 531 532 532 531 531 530 529 585 584 582 581 579 576 574 571
487 488 488 489 489 490 490 491 491 491 492 492 493 514 525 532 537 539 540 539 538 534 527 516 495 495 495 496 496 496 496 496 496 496 496 496 496 496 495 495 495 495 495 495 495 494 494 494 494 493 493 493 493 492 492 491 491 491 490 490 489 489 488 488 487 487 486 486 485 506 508 513 518 521 524 526 528 529 530 530 531 531 531 531 530 529 528 527 525 524 521 518 516 513
487 487 488 488 489 489 490 490 491 491 491 492 492 515 527 533 537 540 541 541 538 534 528 518 495 495 495 495 495 495 495 495 495 495 495 495 495 495 495 495 495 495 494 494 494 494 494 493 493 493 493 492 492 492 491 491 491 490 490 489 489 488 488 487 487 486 486 485 485 505 507 514 518 521 524 526 527 528 529 531 531 531 531 530 529 529 527 526 525 523 521 519 515 512
486 487 487 488 488 489 489 490 490 490 491 491 491 518 528 534 539 541 542 541 539 536 530 520 494 494 494 494 494 495 495 495 495 495 495 495 494 494 494 494 494 494 494 494 493 493 493 493 493 492 492 492 491 491 491 490 490 490 489 489 488 488 487 487 486 486 485 485 484 504 507 513 517 521 523 525 526 528 529 530 530 530 530 529 529 528 527 525 524 522 520 518 515 511
