testData/tiles/oneDegree/grid3.0-45.0-4.0-46.0.asc
ncols   200
nrows   200
xllcorner   3.0
yllcorner   45.0
cellsize   0.005
NODATA_value   -9999.0
[rows 84 to 125 of 200, columns 94 to 187 of 200]
539 539 540 540 540 540 540 540 540 540 540 540 539 539 539 539 539 539 539 539 539 539 539 539 539 539 539 539 539 539 539 539 539 539 539 539 539 539 539 539 539 539 539 539 539 539 539 539 539 539 539 539 539 538 538 538 538 538 538 538 538 538 538 538 538 538 538 538 730 730 730 628 628 627 627 627 627 627 626 626 626 626 626 626 626 626 626 626 626 626 626 626 625 625
539 539 539 539 539 539 539 540 540 540 540 540 540 540 539 539 539 539 539 539 539 539 539 539 539 539 539 539 539 539 539 539 539 539 539 539 539 539 539 539 539 539 539 539 539 539 539 539 539 539 539 539 539 539 538 538 538 538 538 538 538 538 538 538 538 538 538 730 729 729 627 627 627 627 627 627 627 627 627 626 626 626 626 626 626 626 626 626 626 625 625 625 625 625
539 539 539 539 539 539 539 539 539 539 539 539 539 540 540 540 540 539 539 539 539 539 539 539 539 539 539 539 539 539 539 539 539 539 539 539 539 539 539 539 539 539 539 539 539 539 539 539 539 539 539 539 539 539 539 538 538 538 538 538 538 538 537 537 537 537 537 729 627 627 627 627 627 627 627 627 627 627 627 627 626 626 626 626 626 626 625 625 625 625 625 625 625 625
539 539 539 539 539 539 539 539 539 539 539 539 539 539 539 539 539 539 539 538 539 539 539 539 539 539 539 539 539 539 539 539 539 539 539 539 539 539 539 539 539 539 539 539 539 539 539 539 539 539 539 539 539 539 539 538 538 537 537 537 537 537 537 537 537 537 729 627 627 627 627 627 627 627 627 627 627 627 627 627 627 626 625 625 625 625 625 625 625 625 625 625 625 625
539 539 539 539 539 539 539 539 539 539 539 539 539 539 539 539 539 539 539 539 539 538 538 538 538 538 538 538 538 538 538 538 538 538 538 538 538 538 538 538 538 538 538 538 538 538 538 538 538 538 538 538 538 538 538 538 538 538 537 537 537 537 537 537 537 729 627 627 627 627 627 627 627 627 627 627 627 627 627 626 626 626 625 625 625 625 625 625 625 625 625 625 625 625
538 539 539 539 539 539 539 539 539 539 539 539 539 539 539 539 539 539 539 539 539 539 539 538 538 538 538 538 538 538 538 538 538 538 538 538 538 538 538 538 538 538 538 538 538 538 538 538 538 538 538 538 538 538 538 538 538 538 538 537 537 537 537 537 435 627 627 627 627 627 627 627 627 627 626 626 626 626 626 626 626 626 626 625 625 625 625 625 625 625 625 625 625 624
538 538 538 538 538 539 539 539 539 539 539 539 539 539 539 539 539 539 539 539 539 539 539 539 539 538 538 538 538 538 538 538 538 538 538 538 538 538 538 538 538 538 538 538 538 538 538 538 538 538 538 538 538 538 538 538 538 538 538 538 537 537 537 435 627 627 627 627 627 627 626 626 626 626 626 626 626 626 626 626 626 626 626 625 625 625 625 625 625 625 624 624 624 624
538 538 538 538 538 538 538 538 538 538 538 539 539 539 539 539 539 539 539 539 539 539 539 539 539 539 539 538 538 538 538 538 538 538 538 538 538 538 538 538 538 538 538 538 538 538 538 538 538 538 538 538 538 538 538 538 538 538 538 538 538 537 435 627 626 626 626 626 626 626 626 626 626 626 626 626 626 626 626 626 626 626 626 626 625 625 625 624 624 624 624 624 624 624
538 538 538 538 538 538 538 538 538 538 538 538 538 538 538 538 538 538 539 539 539 539 539 539 539 539 539 539 539 538 538 538 538 538 538 538 538 538 538 538 538 538 538 538 538 539 539 539 539 539 539 539 539 539 539 539 539 538 538 538 436 436 435 627 627 627 626 626 626 626 626 626 626 626 626 626 626 626 626 626 626 626 626 625 625 624 624 624 624 624 624 624 624 624
538 538 538 538 538 538 538 538 538 538 538 538 538 538 538 538 538 538 538 538 538 538 538 538 538 538 538 538 538 538 539 538 538 538 538 538 538 538 538 538 539 539 539 539 539 538 538 538 538 538 538 538 538 538 538 538 538 538 538 436 436 436 628 627 627 627 627 627 627 627 627 626 626 626 626 626 626 626 626 625 625 625 625 625 625 625 624 624 624 624 624 624 624 624
538 538 538 538 538 538 538 538 538 538 538 538 538 538 538 538 538 538 538 538 538 538 538 538 538 538 538 538 538 538 538 538 537 537 537 537 538 538 538 538 538 538 538 538 538 538 538 538 538 538 538 538 538 538 538 538 538 436 436 436 436 628 628 628 627 627 627 627 627 627 627 627 627 627 627 625 625 625 625 625 625 625 625 625 625 625 625 624 624 624 624 624 624 623
537 537 537 537 537 538 538 538 538 538 538 538 538 538 538 538 538 538 538 538 538 538 538 538 538 538 538 538 538 538 538 538 538 539 538 538 538 538 538 538 538 538 538 538 538 538 538 538 539 539 539 539 539 539 539 539 437 437 437 437 437 629 629 628 628 627 627 627 627 627 626 626 626 626 626 626 626 626 625 625 625 625 625 625 625 625 625 625 624 624 623 623 623 623
537 537 537 537 537 537 537 537 537 537 538 538 538 538 538 538 538 538 538 538 538 538 538 538 538 538 538 538 538 538 538 539 539 539 539 538 538 538 538 538 538 538 539 539 539 539 539 539 539 539 539 539 539 539 539 437 437 437 437 437 629 629 629 629 629 628 627 627 627 626 626 626 626 626 626 626 626 626 626 626 625 625 625 625 625 625 625 624 623 623 623 623 623 623
537 537 537 537 537 537 537 537 537 537 537 537 537 537 537 537 537 538 538 538 538 538 538 538 538 538 538 538 539 539 539 539 539 539 539 539 539 538 539 539 539 539 539 539 539 539 539 539 539 539 539 539 539 437 437 437 437 437 436 628 628 628 628 628 628 628 628 627 627 627 627 627 627 626 626 626 626 626 626 626 626 626 626 624 624 624 624 624 624 623 623 623 623 623
537 537 537 537 537 537 537 537 537 537 537 537 537 537 537 537 537 537 537 537 537 537 537 537 537 537 538 538 538 539 539 539 539 539 539 540 540 540 539 539 539 539 539 539 539 539 538 538 538 538 538 538 436 436 436 436 436 436 436 628 628 628 628 628 628 628 628 628 627 627 627 627 627 627 627 627 626 626 626 625 625 625 625 625 625 624 624 624 624 624 623 623 623 623
537 537 537 537 537 537 537 537 537 537 537 537 537 537 537 537 537 537 537 537 537 537 537 537 538 538 538 538 538 538 538 538 539 539 539 539 539 539 539 539 538 538 538 538 538 539 539 539 539 539 437 437 437 437 437 437 437 437 629 629 629 629 629 629 629 629 628 628 628 627 627 627 627 627 627 626 626 626 626 625 625 625 625 625 625 625 625 624 624 624 624 623 623 622
536 536 536 536 536 537 537 537 537 537 537 537 537 537 537 537 537 537 537 537 537 537 538 538 538 538 538 538 538 538 539 539 539 539 539 539 539 539 539 539 540 539 539 539 539 539 539 539 539 437 437 437 437 437 437 437 437 629 629 629 629 629 629 629 629 629 629 629 629 629 627 626 626 626 626 626 626 626 626 626 626 625 625 625 625 625 625 625 625 624 623 622 622 622
536 536 536 536 536 536 536 536 536 536 537 537 537 537 537 537 537 537 537 537 537 538 538 538 538 538 538 538 539 539 539 539 539 539 539 539 539 540 540 540 540 540 539 539 539 539 539 437 437 437 437 437 437 437 437 437 437 629 629 629 629 629 629 629 629 628 628 628 628 628 628 627 627 627 626 626 626 626 626 626 626 626 626 625 625 625 625 624 624 624 623 623 622 622
536 536 536 536 536 536 536 536 536 536 536 536 536 536 536 536 536 536 537 538 538 538 538 538 538 538 539 539 539 539 539 539 539 539 540 540 540 540 540 540 540 540 540 540 539 539 437 437 438 438 438 438 438 438 438 438 630 629 629 629 629 629 629 628 628 628 628 628 628 628 628 628 627 627 627 627 627 626 626 626 626 626 626 625 625 624 624 624 624 624 624 624 623 622
536 536 536 536 536 536 536 536 536 536 536 536 536 536 536 536 536 536 537 537 537 537 537 537 538 538 538 538 538 538 538 539 540 540 540 540 540 540 540 540 540 540 540 541 438 437 437 437 437 437 437 437 437 437 437 437 629 629 629 629 629 629 629 629 629 629 629 629 628 628 628 628 628 627 627 627 627 627 627 625 625 625 625 625 625 625 625 624 624 624 624 624 624 623
536 536 536 536 536 536 536 536 536 536 536 536 536 536 536 536 537 537 537 537 537 537 537 538 538 538 538 538 538 538 539 539 539 539 539 539 539 539 539 540 540 540 438 438 438 438 437 437 437 437 437 437 437 437 437 629 629 629 629 629 629 629 629 629 629 629 629 629 629 629 629 629 628 628 627 626 626 626 626 626 626 625 625 625 625 625 625 625 624 624 624 624 624 623
535 535 535 535 535 535 536 536 536 536 536 536 536 536 536 537 537 537 537 537 537 538 538 538 538 538 538 538 539 539 539 539 539 539 539 539 540 540 540 540 540 438 438 438 438 438 438 437 437 437 437 437 437 437 630 630 630 629 629 629 629 629 629 629 629 629 629 629 629 628 628 628 628 628 628 626 626 626 626 626 626 626 626 625 625 625 625 625 625 624 623 623 623 623
535 535 535 535 535 535 535 535 535 535 535 535 536 536 537 537 537 537 537 537 538 538 538 538 538 538 539 539 539 539 539 539 539 539 540 540 540 540 540 438 438 438 438 438 438 439 439 439 439 438 438 438 438 438 630 630 630 630 630 630 630 630 630 629 629 629 628 628 628 628 628 628 628 628 628 627 627 626 626 626 626 626 626 626 626 625 624 624 624 624 624 623 623 623
536 535 535 535 535 535 535 535 535 535 535 535 535 536 536 536 536 536 537 537 538 538 538 538 539 539 539 539 539 539 539 540 540 540 540 540 540 540 438 438 438 439 439 439 439 439 439 439 439 439 438 438 438 630 630 629 629 629 629 629 629 629 629 629 629 629 629 629 629 629 628 628 628 628 628 628 627 627 627 627 626 626 625 625 625 625 625 624 624 624 624 624 624 623
536 536 536 536 536 535 535 535 535 535 535 536 536 536 536 536 536 537 537 537 537 537 537 538 538 538 538 538 538 539 539 539 539 539 539 539 437 437 438 438 438 438 438 438 438 438 438 438 438 438 438 437 437 629 629 629 629 629 629 629 629 629 629 629 629 629 629 629 629 629 629 629 629 628 628 628 628 627 626 626 626 626 625 625 625 625 625 625 624 624 624 624 624 624
535 535 536 536 536 536 536 535 535 535 536 536 536 536 536 536 537 537 537 537 537 538 538 538 538 538 538 538 539 539 539 539 539 539 539 438 438 438 438 438 438 438 438 438 438 438 438 438 439 439 439 439 630 630 630 630 630 630 630 630 630 630 630 629 629 629 629 629 629 629 629 629 629 628 628 628 627 627 626 626 626 626 626 625 625 625 625 625 625 625 624 624 623 623
535 535 535 535 535 535 535 536 536 537 536 536 536 536 537 537 537 537 537 537 538 538 538 538 538 538 539 539 539 539 539 539 539 438 438 438 438 438 438 438 438 438 438 439 439 439 439 439 439 439 439 631 631 630 630 630 630 630 630 630 630 630 630 630 630 630 630 630 628 628 628 628 628 628 628 628 628 628 627 626 626 626 626 626 626 625 625 625 624 624 624 623 623 623
535 535 535 535 535 535 535 535 536 536 536 536 535 536 537 537 537 537 537 538 538 538 538 538 539 539 539 539 539 539 539 438 438 438 438 438 438 438 438 438 439 439 439 439 439 439 439 439 439 439 439 631 631 631 630 630 630 630 630 630 630 629 629 629 629 629 629 629 629 629 629 628 628 628 628 628 628 628 628 628 626 626 626 626 625 625 625 624 624 624 624 624 623 623
535 535 535 535 535 535 535 536 536 536 536 536 537 537 537 536 536 537 537 537 537 537 537 538 539 539 539 539 539 540 438 438 438 438 438 438 438 439 439 439 439 439 439 439 439 439 439 439 439 439 631 630 630 631 631 630 630 630 629 629 629 629 629 629 629 629 629 629 629 629 629 629 629 629 628 628 628 628 628 628 626 626 625 625 625 625 625 625 624 624 624 624 624 624
535 535 535 535 535 535 536 536 536 536 536 537 537 537 537 537 538 537 537 537 537 537 538 538 538 538 538 538 437 437 437 437 437 437 437 438 438 438 438 438 438 438 438 438 438 438 439 439 439 439 631 631 631 631 631 631 630 630 630 630 630 630 630 630 630 629 629 629 629 629 629 629 629 629 629 629 627 627 627 627 627 626 626 625 625 625 625 625 625 624 624 624 624 623
534 534 534 534 535 535 536 536 536 536 537 537 537 537 537 538 538 538 538 537 538 538 538 538 538 538 437 437 437 437 437 437 437 438 438 438 438 438 438 438 438 438 439 439 439 439 439 439 439 631 631 631 631 631 631 631 631 630 630 630 630 630 630 630 630 630 630 630 630 629 629 628 628 628 628 628 628 628 627 627 627 627 626 626 626 625 625 625 625 625 624 623 623 623
534 534 534 534 534 535 535 535 535 536 537 537 537 537 538 538 538 538 538 539 539 538 538 538 436 437 437 437 437 437 437 438 438 438 438 438 438 438 438 439 439 439 439 439 439 439 439 439 439 631 631 631 631 631 631 631 631 631 630 630 630 630 630 630 630 629 629 629 629 629 629 629 628 628 628 628 628 628 628 628 627 627 627 626 626 626 624 624 624 624 624 624 623 623
534 534 534 534 535 535 535 535 536 536 536 536 536 537 537 537 537 537 539 539 539 539 538 437 437 437 437 437 437 438 438 438 438 438 438 438 438 439 439 439 439 439 439 439 439 439 439 439 632 632 632 632 632 632 632 632 632 631 631 630 630 630 630 629 629 629 629 629 629 629 629 629 629 629 628 628 628 628 628 628 628 628 626 625 625 625 625 625 624 624 624 624 624 623
534 534 534 535 535 535 535 535 536 536 536 536 537 537 537 537 537 538 538 538 538 436 437 437 436 436 436 436 437 437 437 437 437 437 437 438 438 438 438 438 438 438 438 438 439 439 439 631 631 631 631 631 631 631 631 631 631 631 631 631 630 630 630 630 630 630 630 629 629 629 629 629 629 629 629 629 628 628 627 627 627 627 627 626 625 625 625 625 625 624 624 624 624 624
533 533 535 535 535 535 535 536 536 536 536 537 537 537 537 537 538 538 538 436 436 437 437 437 437 437 436 437 437 437 437 437 437 438 438 438 438 438 438 438 438 439 439 439 439 439 439 631 631 631 631 631 631 631 631 631 631 631 631 631 631 630 630 630 630 630 630 630 630 630 629 629 629 628 628 628 628 628 627 627 627 627 627 627 626 625 625 625 625 625 624 623 623 623
533 533 534 534 534 534 535 535 536 536 537 537 537 537 537 538 538 436 436 436 437 437 437 437 437 438 438 437 437 437 437 438 438 438 438 438 438 438 438 439 439 439 439 439 439 439 631 631 631 631 631 631 632 632 632 632 632 632 632 631 631 631 630 630 630 630 630 629 629 629 629 629 628 628 628 628 628 628 628 628 627 627 627 627 627 627 625 625 624 624 624 623 623 623
533 534 534 534 534 535 535 535 535 535 536 536 536 536 537 436 436 436 436 437 437 437 437 437 438 438 438 438 438 437 438 438 438 438 438 438 439 439 439 439 439 439 439 439 439 439 632 632 632 632 632 632 632 632 632 632 632 632 632 632 631 631 631 630 630 629 629 629 629 629 629 629 629 629 629 628 628 628 628 628 628 627 627 627 626 626 625 624 624 624 624 624 623 623
534 534 534 534 534 535 535 535 535 536 536 536 536 537 435 435 435 435 436 436 436 436 436 437 437 437 438 438 439 439 438 438 438 438 438 439 439 439 439 439 439 439 439 440 440 632 632 632 632 631 631 631 631 631 631 631 631 631 631 631 631 631 631 631 630 630 630 630 629 629 629 629 629 629 629 629 628 628 628 628 627 627 627 626 626 626 626 625 624 624 624 624 624 623
534 534 534 534 535 535 535 535 536 536 536 536 435 435 435 435 435 436 436 436 436 436 437 437 437 437 437 438 438 438 438 438 437 438 438 438 438 438 438 438 439 439 439 439 439 631 631 631 631 631 631 631 631 631 631 631 631 631 631 631 631 631 631 631 631 630 630 630 630 630 630 629 629 629 629 628 628 628 627 627 627 627 627 627 626 626 626 626 625 624 624 624 623 623
533 533 533 534 534 534 535 536 536 536 434 434 435 435 435 435 436 436 436 436 436 437 437 437 437 437 438 438 438 438 438 438 439 438 438 438 438 438 439 439 439 439 439 439 631 631 631 631 631 632 632 632 632 632 632 632 632 632 632 632 632 632 631 631 631 631 630 630 630 629 629 629 629 628 628 628 628 628 628 627 627 627 627 627 627 626 626 626 625 624 623 623 623 623
533 533 533 534 534 534 534 535 433 433 433 434 435 435 435 436 436 436 436 436 437 437 437 437 437 438 438 438 438 438 439 439 439 439 438 438 439 439 439 439 439 439 439 439 631 632 632 632 632 632 632 632 632 632 632 632 632 632 632 632 632 632 632 631 631 631 629 629 629 629 629 629 629 629 629 628 628 628 628 628 628 627 627 627 627 626 625 625 625 624 624 623 623 623
533 533 534 534 534 534 433 433 433 433 434 434 434 434 435 435 435 435 435 436 436 436 437 437 438 438 438 438 438 439 439 439 439 439 439 440 439 439 439 439 439 439 440 632 632 632 632 632 632 632 632 632 632 631 631 631 631 631 631 631 631 631 631 631 631 631 631 630 630 629 629 629 629 629 629 629 628 628 628 628 628 627 626 626 626 626 626 625 625 625 624 624 623 623
