testData/tiles/oneDegree/grid10.0-30.0-11.0-31.0.asc
ncols   200
nrows   200
xllcorner   10.0
yllcorner   30.0
cellsize   0.005
NODATA_value   -9999.0
[rows 42 to 83 of 200, columns 0 to 93 of 200]
468 467 466 465 463 461 460 458 457 455 453 451 448 445 444 437 437 437 437 436 436 436 436 436 436 435 435 435 435 435 435 434 434 434 434 434 434 433 433 433 433 433 433 432 432 432 432 432 431 431 463 463 463 462 462 462 462 462 462 461 461 461 461 461 460 460 460 460 459 459 459 459 459 458 458 458 458 457 457 457 457 457 456 386 387 387 386 387 387 388 387 387 388 388
467 466 465 464 463 461 459 458 456 455 453 451 447 444 437 437 437 437 437 436 436 436 436 436 436 435 435 435 435 435 435 434 434 434 434 434 434 433 433 433 433 433 433 432 432 432 432 432 431 463 463 463 463 462 462 462 462 462 462 461 461 461 461 460 460 460 460 460 459 459 459 459 459 458 458 458 458 457 457 457 457 457 456 387 387 388 387 387 388 388 388 388 388 389
467 466 465 464 463 460 459 458 456 454 452 450 447 444 437 437 437 437 437 436 436 436 436 436 436 435 435 435 435 435 435 434 434 434 434 434 434 433 433 433 433 433 433 432 432 432 432 464 463 463 463 463 463 462 462 462 462 462 461 461 461 461 461 460 460 460 460 460 459 459 459 459 459 458 458 458 458 457 457 457 457 458 387 387 388 388 388 388 388 389 388 389 389 389
467 466 465 464 462 460 459 457 456 454 452 450 446 444 437 437 437 437 437 436 436 436 436 436 436 435 435 435 435 435 435 434 434 434 434 434 434 433 433 433 433 433 433 432 432 432 464 464 463 463 463 463 463 462 462 462 462 462 461 461 461 461 461 460 460 460 460 460 459 459 459 459 459 458 458 458 458 457 457 457 458 388 388 388 388 389 388 389 389 389 389 389 389 390
467 466 464 463 462 460 458 457 455 453 451 449 445 444 437 437 437 437 437 436 436 436 436 436 436 435 435 435 435 435 435 434 434 434 434 434 434 433 433 433 433 433 433 432 432 464 464 464 463 463 463 463 463 462 462 462 462 462 461 461 461 461 461 460 460 460 460 460 459 459 459 459 459 458 458 458 458 457 458 458 458 389 388 389 389 389 389 389 390 390 389 390 390 390
466 465 464 463 462 459 458 456 455 453 451 448 444 437 437 437 437 437 436 436 436 436 436 436 436 435 435 435 435 435 435 434 434 434 434 434 434 433 433 433 433 433 432 432 464 464 464 464 463 463 463 463 463 462 462 462 462 462 461 461 461 461 461 460 460 460 460 460 459 459 459 459 459 458 458 458 458 458 458 459 389 389 389 389 390 390 389 390 390 391 390 390 391 391
466 465 464 463 461 459 458 456 454 452 450 447 444 437 437 437 437 437 436 436 436 436 436 436 436 435 435 435 435 435 435 434 434 434 434 434 434 433 433 433 433 433 432 464 464 464 464 464 463 463 463 463 463 462 462 462 462 462 461 461 461 461 461 460 460 460 460 460 459 459 459 459 459 458 458 458 459 458 459 389 390 390 389 390 390 391 390 390 391 391 390 391 391 391
466 465 464 462 461 459 457 456 454 452 449 447 444 437 437 437 437 437 436 436 436 436 436 436 436 435 435 435 435 435 435 434 434 434 434 434 434 433 433 433 433 465 464 464 464 464 464 464 463 463 463 463 463 462 462 462 462 462 461 461 461 461 461 460 460 460 460 460 459 459 459 459 459 458 459 459 460 459 459 390 390 391 390 390 391 391 391 391 391 392 391 391 392 392
465 464 463 462 461 458 457 455 453 451 449 446 444 437 437 437 437 437 436 436 436 436 436 436 436 435 435 435 435 435 435 434 434 434 434 434 434 433 433 433 465 465 464 464 464 464 464 464 463 463 463 463 463 462 462 462 462 462 461 461 461 461 461 460 460 460 460 460 459 459 459 459 459 459 459 460 460 460 390 390 391 390 391 391 391 392 391 391 392 392 391 392 392 392
465 464 463 462 460 458 456 455 453 451 448 445 437 437 437 437 437 437 436 436 436 436 436 436 436 435 435 435 435 435 435 434 434 434 434 434 434 433 433 465 465 465 464 464 464 464 464 464 463 463 463 463 463 462 462 462 462 462 461 461 461 461 461 460 460 460 460 460 459 459 459 460 460 459 460 460 461 390 391 391 391 391 391 392 392 392 392 392 392 393 392 392 393 393
465 464 462 461 460 457 456 454 452 450 447 444 437 437 437 437 437 437 436 436 436 436 436 436 435 435 435 435 435 435 435 434 434 434 434 434 434 433 465 465 465 465 464 464 464 464 464 464 463 463 463 463 463 462 462 462 462 462 461 461 461 461 461 460 460 460 460 460 459 459 460 460 460 460 460 461 391 391 391 392 392 391 392 392 392 393 392 392 393 393 393 393 393 393
465 463 462 461 458 457 455 454 452 449 446 444 437 437 437 437 437 437 436 436 436 436 436 436 435 435 435 435 435 435 435 434 434 434 434 434 433 465 465 465 465 465 464 464 464 464 464 464 463 463 463 463 463 462 462 462 462 462 461 461 461 461 461 460 460 460 460 460 459 460 460 461 460 461 461 391 392 391 392 392 392 392 392 393 393 393 393 393 393 394 393 393 394 394
464 463 462 460 458 457 455 453 451 448 445 437 437 437 437 437 437 437 436 436 436 436 436 436 435 435 435 435 435 435 434 434 434 434 434 434 465 465 465 465 465 465 464 464 464 464 464 464 463 463 463 463 463 462 462 462 462 462 461 461 461 461 461 460 460 460 460 461 460 460 461 461 461 461 392 392 392 392 392 393 393 392 393 393 393 393 393 394 394 394 394 394 394 394
346 345 343 460 458 456 454 452 450 448 445 437 437 437 437 437 437 437 436 436 436 436 436 436 435 435 435 435 435 435 434 434 434 434 434 466 465 465 465 465 465 465 464 464 464 464 464 463 463 463 463 463 463 462 462 462 462 462 461 461 461 461 461 460 460 460 461 461 461 461 462 462 461 392 392 393 393 392 393 393 394 393 393 394 394 393 394 394 394 395 394 394 395 395
345 344 343 342 339 338 336 334 450 447 445 437 437 437 437 437 437 437 436 436 436 436 436 436 435 435 435 435 435 435 434 434 434 434 466 466 465 465 465 465 465 465 464 464 464 464 464 463 463 463 463 463 463 462 462 462 462 462 461 461 461 461 461 460 460 461 461 462 461 462 462 463 462 392 393 393 394 393 393 394 394 393 394 394 395 394 394 395 395 395 394 395 395 395
345 344 343 341 339 337 335 333 331 328 327 319 319 437 437 437 437 437 436 436 436 436 436 436 435 435 435 435 435 435 434 434 434 466 466 466 465 465 465 465 465 465 464 464 464 464 464 463 463 463 463 463 463 462 462 462 462 462 461 461 461 461 461 460 461 461 462 461 462 462 463 463 393 393 393 394 394 393 394 394 395 394 394 395 395 394 395 395 395 395 395 395 396 395
345 344 342 341 338 337 335 333 330 327 320 319 319 319 319 319 319 319 318 436 436 436 436 436 435 435 435 435 435 435 434 466 466 466 466 466 465 465 465 465 465 465 464 464 464 464 464 463 463 463 463 463 462 462 462 462 462 462 461 461 461 461 462 461 462 462 463 462 462 463 463 394 393 393 394 394 395 394 394 395 395 394 395 395 395 395 395 395 396 395 395 396 396 395
344 343 342 340 338 336 334 332 329 327 320 319 319 319 319 319 319 319 318 318 318 318 318 318 317 435 435 435 435 435 466 466 466 466 466 466 465 465 465 465 465 465 464 464 464 464 464 463 463 463 463 463 462 462 462 462 462 462 461 461 461 462 461 462 462 463 463 463 463 393 394 394 394 394 394 395 394 395 395 395 396 395 395 396 396 395 396 396 396 396 396 396 396 396
344 343 341 340 337 335 333 331 328 327 320 319 319 319 319 319 319 318 318 318 318 318 318 318 317 317 317 317 317 349 348 466 466 466 466 466 465 465 465 465 465 465 464 464 464 464 464 463 463 463 463 463 462 462 462 462 462 461 461 461 462 462 462 462 463 463 464 463 394 394 394 395 394 395 395 395 395 395 395 396 396 395 396 396 396 396 396 396 397 396 396 397 397 396
344 342 341 339 337 335 333 330 327 320 320 319 319 319 319 319 319 318 318 318 318 318 318 318 317 317 317 317 349 349 348 348 348 348 348 348 347 347 347 465 465 464 464 464 464 464 464 463 463 463 463 463 462 462 462 462 462 461 461 462 462 463 462 463 463 464 464 394 394 394 395 395 395 395 395 396 395 396 396 396 397 396 396 397 397 396 397 397 397 397 397 397 397 397
343 342 340 339 336 334 332 329 327 320 320 319 319 319 319 319 319 318 318 318 318 318 318 318 317 317 317 349 349 349 348 348 348 348 348 348 347 347 347 347 347 346 346 346 346 346 346 463 463 463 463 463 462 462 462 462 462 462 462 463 463 464 463 463 464 464 395 394 395 395 395 396 395 396 396 396 396 396 396 397 397 396 397 397 397 397 397 397 398 397 397 398 398 397
343 341 340 337 336 334 331 328 327 320 319 319 319 319 319 319 319 318 318 318 318 318 318 317 317 317 349 349 349 349 348 348 348 348 348 348 347 347 347 347 347 346 346 346 346 346 346 345 345 345 345 345 344 344 344 344 345 462 463 463 464 464 464 464 464 395 395 395 395 396 396 396 396 396 396 397 396 397 397 397 398 397 397 398 398 397 397 398 398 397 398 398 398 398
342 341 340 337 335 333 331 327 327 320 319 319 319 319 319 319 319 318 318 318 318 318 318 317 317 349 349 349 349 349 348 348 348 348 348 347 347 347 347 347 347 346 346 346 346 346 346 345 345 345 345 345 344 344 344 345 345 345 345 346 346 347 346 347 277 277 278 277 278 396 396 397 396 397 397 397 397 397 397 398 397 397 398 398 398 398 398 398 399 398 398 398 399 398
473 472 470 467 334 332 330 327 320 320 319 319 319 319 319 319 319 318 318 318 318 318 318 317 349 349 349 349 349 348 348 348 348 348 348 347 347 347 347 347 347 346 346 346 346 346 346 345 345 345 345 345 344 344 345 345 346 345 346 346 347 347 277 277 278 278 278 278 278 279 279 278 279 279 279 280 279 279 280 280 279 280 280 280 281 280 280 281 281 280 281 281 281 280
473 471 469 467 465 462 460 458 320 320 319 319 319 319 319 319 319 318 318 318 318 318 318 349 349 349 349 349 349 348 348 348 348 348 348 347 347 347 347 347 347 346 346 346 346 346 345 345 345 345 345 345 344 345 346 346 346 346 346 347 347 278 277 278 278 278 279 278 279 279 279 279 279 280 280 280 280 280 280 281 280 280 281 281 281 281 281 281 281 281 281 281 282 281
472 471 469 466 464 462 459 458 451 451 450 319 319 319 319 319 319 318 318 318 318 318 350 349 349 349 349 349 349 348 348 348 348 348 348 347 347 347 347 347 347 346 346 346 346 346 345 345 345 345 345 346 345 346 346 347 347 347 347 277 278 278 278 278 279 279 279 279 279 280 280 279 280 280 280 281 280 280 281 281 280 281 281 281 281 281 281 282 282 281 281 282 282 281
472 470 468 466 463 461 458 451 451 451 450 450 450 450 450 319 318 318 318 318 318 350 350 349 349 349 349 349 349 348 348 348 348 348 348 347 347 347 347 347 347 346 346 346 346 346 345 345 345 345 346 346 346 346 347 347 348 347 278 278 278 279 278 279 279 279 279 279 280 280 280 280 280 280 281 281 281 281 281 282 281 281 281 282 281 281 282 282 282 282 282 282 282 282
471 470 468 465 463 460 458 451 451 451 450 450 450 450 450 450 449 449 318 318 350 350 350 349 349 349 349 349 349 348 348 348 348 348 348 347 347 347 347 347 347 346 346 346 346 346 345 345 345 346 346 346 346 347 347 348 278 278 278 279 279 279 279 279 280 280 279 280 280 281 281 280 281 281 281 282 281 281 282 282 281 282 282 282 282 282 282 282 282 282 282 283 282 282
471 469 466 464 462 459 458 451 451 450 450 450 450 450 450 450 449 449 449 481 481 350 350 349 349 349 349 349 349 348 348 348 348 348 348 347 347 347 347 347 346 346 346 346 346 346 345 345 346 346 347 346 347 347 278 278 278 278 279 279 279 279 279 280 280 280 280 280 281 281 281 281 281 281 282 281 281 282 282 282 282 282 282 283 282 282 283 283 282 282 283 283 282 282
470 468 466 463 461 458 451 451 451 450 450 450 450 450 450 450 449 449 481 481 481 481 480 480 349 349 349 349 349 348 348 348 348 348 348 347 347 347 347 347 346 346 346 346 346 346 345 346 346 347 347 347 277 278 278 279 278 279 279 280 280 279 280 280 281 281 280 281 281 281 282 281 282 282 282 282 282 282 282 283 282 282 283 283 282 283 283 283 282 283 283 283 283 283
470 468 465 463 460 458 451 451 451 450 450 450 450 450 450 450 449 481 481 481 481 481 480 480 480 480 480 349 349 348 348 348 348 348 347 347 347 347 347 347 346 346 346 346 346 346 346 346 347 347 278 277 278 278 279 279 279 279 280 280 280 280 280 281 281 281 281 281 282 282 282 282 282 282 283 282 282 283 283 283 283 283 283 283 283 283 283 284 283 283 283 284 283 283
469 467 464 462 459 458 451 451 451 450 450 450 450 450 450 450 481 481 481 481 481 481 480 480 480 480 480 480 479 479 348 348 348 348 347 347 347 347 347 347 346 346 346 346 346 347 347 347 278 278 279 278 278 279 279 280 279 280 280 281 281 280 281 281 282 282 281 282 282 282 283 282 282 283 283 282 283 283 283 284 283 283 284 284 283 283 284 284 283 284 284 284 283 284
468 467 463 461 458 451 451 451 451 450 450 450 450 450 450 482 481 481 481 481 481 481 480 480 480 480 480 480 479 479 479 479 479 348 347 347 347 347 347 347 346 346 346 347 347 277 277 278 278 279 279 279 279 279 280 280 280 280 281 281 281 281 281 282 282 282 282 282 282 283 282 282 283 283 283 283 283 283 284 283 283 284 284 284 284 284 284 284 284 284 284 284 284 284
468 466 463 460 458 451 451 451 451 450 450 450 450 450 482 481 481 481 481 481 481 481 480 480 480 480 480 480 479 479 479 479 479 479 478 478 347 347 347 347 346 346 347 277 278 277 278 278 279 279 280 279 280 280 280 281 280 281 281 282 282 281 282 282 282 283 282 283 283 283 283 283 283 284 284 283 284 284 284 283 284 284 284 285 284 284 285 285 284 284 285 285 284 284
467 465 462 459 458 451 451 451 451 450 450 450 450 482 482 481 481 481 481 481 481 481 480 480 480 480 480 480 479 479 479 479 479 479 478 478 478 478 347 347 276 277 277 278 278 278 278 279 279 280 280 280 280 280 281 281 281 281 282 282 282 282 282 283 283 283 283 283 283 284 283 283 284 284 284 284 284 284 285 284 284 284 285 284 284 285 285 285 284 285 285 285 424 424
396 463 461 458 451 451 451 451 450 450 450 450 482 482 482 481 481 481 481 481 481 481 480 480 480 480 480 480 479 479 479 479 479 479 478 478 408 408 408 407 408 277 278 278 279 278 279 279 280 280 280 280 281 281 281 282 281 282 282 282 283 282 283 283 283 283 283 283 284 284 283 284 284 284 285 284 284 285 285 284 285 285 285 284 424 424 424 425 424 424 424 425 424 424
396 393 390 388 381 381 451 451 450 450 450 482 482 482 482 481 481 481 481 481 481 480 480 480 480 480 480 480 479 479 479 409 409 409 408 408 408 408 408 408 408 409 409 279 279 279 279 280 280 281 280 281 281 281 282 281 282 282 283 283 282 283 283 283 284 283 283 284 284 285 284 284 285 285 285 284 285 424 424 424 424 424 425 424 424 424 425 424 424 424 425 424 424 425
395 392 389 388 381 381 381 381 380 380 380 412 412 412 412 411 411 411 411 411 411 410 410 410 410 410 410 409 409 409 409 409 409 408 408 408 408 408 409 408 409 409 410 410 411 279 280 280 281 281 281 281 282 282 282 282 282 283 283 283 283 283 283 284 284 284 284 284 285 285 284 424 424 424 424 424 424 424 425 424 424 425 425 424 425 425 425 424 425 425 425 424 425 425
394 391 388 381 381 381 381 381 380 380 412 412 412 412 412 411 411 411 411 411 411 410 410 410 410 410 410 409 409 409 409 409 409 408 408 408 408 409 409 409 409 410 410 411 411 411 411 412 281 282 281 282 282 282 283 282 283 283 283 284 283 284 284 284 285 423 423 424 424 424 424 424 424 425 424 424 425 425 425 424 425 425 425 425 425 425 425 425 425 425 425 425 425 425
393 390 388 381 381 381 381 381 380 412 412 412 412 412 411 411 411 411 411 411 411 410 410 410 410 410 410 409 409 409 409 409 409 408 408 408 409 409 410 409 410 410 411 411 411 411 412 412 413 413 282 282 282 283 283 283 283 283 284 284 423 423 423 424 424 423 424 424 424 425 424 424 425 425 424 425 425 425 426 425 425 425 426 425 425 426 426 425 425 426 426 425 425 426
391 388 388 381 381 381 381 381 412 412 412 412 412 412 411 411 411 411 411 411 411 410 410 410 410 410 410 409 409 409 409 409 409 408 408 409 409 410 410 410 410 411 411 412 411 412 412 413 413 414 413 414 283 283 284 422 423 423 423 424 423 423 424 424 424 424 424 425 425 424 425 425 425 425 425 425 425 426 425 425 426 426 426 425 426 426 426 425 426 426 426 425 426 426
390 388 381 381 381 381 381 412 412 412 412 412 412 412 411 411 411 411 411 411 411 410 410 410 410 410 410 409 409 409 409 409 409 408 409 409 410 410 411 410 411 411 412 412 412 412 413 413 414 414 553 553 553 554 423 423 423 423 424 424 423 424 424 425 425 424 425 425 425 425 425 425 426 426 425 425 426 426 425 426 426 426 426 426 426 426 427 426 426 426 427 426 426 426
