testData/tiles/oneDegree/grid6.0-16.0-7.0-17.0.asc
ncols   200
nrows   200
xllcorner   6.0
yllcorner   16.0
cellsize   0.005
NODATA_value   -9999.0
[rows 84 to 125 of 200, columns 94 to 187 of 200]
368 368 368 367 367 367 367 366 366 366 366 365 365 365 364 364 364 364 363 363 363 362 362 362 361 361 361 361 360 360 360 359 359 359 359 358 358 358 357 357 357 354 354 354 353 353 353 352 352 352 352 351 351 351 350 350 350 349 349 349 348 231 231 230 230 230 229 229 229 228 228 228 227 227 227 226 226 226 225 225 225 224 224 224 223 223 223 222 222 222 221 221 221 220
368 368 367 367 367 367 366 366 366 365 365 365 365 364 364 364 363 363 363 363 362 362 362 361 361 361 361 360 360 360 359 359 359 358 358 358 358 357 357 357 356 354 354 353 353 353 352 352 352 352 351 351 351 350 350 350 349 349 349 348 348 231 230 230 230 229 229 229 228 228 228 227 227 227 226 226 226 225 225 225 224 224 224 223 223 223 222 222 222 221 221 221 220 220
368 367 367 367 366 366 366 366 365 365 365 365 364 364 364 363 363 363 363 362 362 362 361 361 361 360 360 360 360 359 359 359 358 358 358 358 357 357 357 356 356 354 353 353 353 352 352 352 352 351 351 351 350 350 350 349 349 349 348 348 231 230 230 230 229 229 229 228 228 228 227 227 227 226 226 226 225 225 225 224 224 224 223 223 223 222 222 222 221 221 221 220 220 220
367 367 367 366 366 366 366 365 365 365 364 364 364 364 363 363 363 362 362 362 362 361 361 361 360 360 360 360 359 359 359 358 358 358 357 357 357 357 356 356 356 353 353 353 352 352 352 351 351 351 351 350 350 350 349 349 349 348 348 348 230 230 230 229 229 229 228 228 228 227 227 227 226 226 226 225 225 225 224 224 224 223 223 223 222 222 222 221 221 221 220 220 220 219
367 367 366 366 366 365 365 365 365 364 364 364 364 363 363 363 362 362 362 362 361 361 361 360 360 360 360 359 359 359 358 358 358 357 357 357 357 356 356 356 355 353 353 352 352 352 351 351 351 351 350 350 350 349 349 349 348 348 348 347 230 230 229 229 229 228 228 228 227 227 227 226 226 226 225 225 225 224 224 224 223 223 223 222 222 222 221 221 221 220 220 220 219 219
366 366 366 366 365 365 365 365 364 364 364 363 363 363 363 362 362 362 361 361 361 361 360 360 360 359 359 359 359 358 358 358 357 357 357 356 356 356 356 355 355 353 352 352 352 351 351 351 350 350 350 350 349 349 349 348 348 348 347 347 230 229 229 229 228 228 228 227 227 227 226 226 226 225 225 225 224 224 224 223 223 223 222 222 222 221 221 221 220 220 220 219 219 219
366 366 366 365 365 365 364 364 364 364 363 363 363 363 362 362 362 361 361 361 361 360 360 360 359 359 359 359 358 358 358 357 357 357 356 356 356 356 355 355 353 352 352 352 351 351 351 350 350 350 350 349 349 349 348 348 348 347 347 230 229 229 229 228 228 228 227 227 227 226 226 226 225 225 225 224 224 224 223 223 223 222 222 222 221 221 221 220 220 220 219 219 219 218
366 365 365 365 365 364 364 364 364 363 363 363 362 362 362 362 361 361 361 360 360 360 360 359 359 359 358 358 358 358 357 357 357 356 356 356 355 355 355 355 352 352 352 351 351 351 350 350 350 350 349 349 349 348 348 348 347 347 347 229 229 229 228 228 228 227 227 227 226 226 226 225 225 225 225 224 224 224 223 223 223 222 222 222 221 221 221 220 220 219 219 219 218 218
365 365 365 365 364 364 364 363 363 363 363 362 362 362 362 361 361 361 360 360 360 360 359 359 359 358 358 358 358 357 357 357 356 356 356 355 355 355 355 354 352 352 351 351 351 350 350 350 349 349 349 349 348 348 348 347 347 347 346 229 229 228 228 228 227 227 227 226 226 226 225 225 225 225 224 224 224 223 223 223 222 222 222 221 221 221 220 220 220 219 219 219 218 218
365 365 364 364 364 364 363 363 363 363 362 362 362 361 361 361 361 360 360 360 359 359 359 359 358 358 358 357 357 357 357 356 356 356 355 355 355 354 354 354 352 351 351 351 350 350 350 349 349 349 349 348 348 348 347 347 347 346 346 229 228 228 228 227 227 227 226 226 226 225 225 225 225 224 224 224 223 223 223 222 222 222 221 221 221 220 220 220 219 219 219 218 218 218
365 364 364 364 363 363 363 363 362 362 362 362 361 361 361 360 360 360 360 359 359 359 359 358 358 358 357 357 357 357 356 356 356 355 355 355 354 354 354 354 351 351 351 350 350 350 349 349 349 349 348 348 348 347 347 347 346 346 229 228 228 228 227 227 227 226 226 226 225 225 225 225 224 224 224 223 223 223 222 222 222 221 221 221 220 220 220 219 219 219 218 218 218 217
364 364 364 363 363 363 363 362 362 362 362 361 361 361 360 360 360 360 359 359 359 358 358 358 358 357 357 357 356 356 356 356 355 355 355 354 354 354 354 353 351 351 350 350 350 349 349 349 348 348 348 348 347 347 347 346 346 346 228 228 228 227 227 227 226 226 226 225 225 225 225 224 224 224 223 223 223 222 222 222 221 221 221 220 220 220 219 219 219 218 218 218 217 217
364 364 363 363 363 362 362 362 362 361 361 361 361 360 360 360 359 359 359 359 358 358 358 358 357 357 357 356 356 356 356 355 355 355 354 354 354 353 353 353 351 350 350 350 349 349 349 348 348 348 348 347 347 347 346 346 346 345 228 228 227 227 227 226 226 226 225 225 225 225 224 224 224 223 223 223 222 222 222 221 221 221 220 220 220 219 219 219 218 218 218 217 217 217
363 363 363 363 362 362 362 362 361 361 361 360 360 360 360 359 359 359 359 358 358 358 357 357 357 357 356 356 356 355 355 355 355 354 354 354 353 353 353 353 350 350 350 349 349 349 348 348 348 347 347 347 347 346 346 346 345 345 228 227 227 227 226 226 226 225 225 225 225 224 224 224 223 223 223 222 222 222 221 221 221 220 220 220 219 219 219 218 218 218 217 217 217 216
363 363 363 362 362 362 361 361 361 361 360 360 360 360 359 359 359 358 358 358 358 357 357 357 357 356 356 356 355 355 355 355 354 354 354 353 353 353 352 352 350 350 349 349 349 348 348 348 347 347 347 347 346 346 346 345 345 228 227 227 227 226 226 226 225 225 225 225 224 224 224 223 223 223 222 222 222 221 221 221 220 220 220 219 219 219 218 218 218 217 217 217 216 216
363 362 362 362 362 361 361 361 361 360 360 360 359 359 359 359 358 358 358 358 357 357 357 356 356 356 356 355 355 355 354 354 354 354 353 353 353 352 352 350 350 349 349 349 348 348 348 347 347 347 346 346 346 346 345 345 345 227 227 227 226 226 226 225 225 225 225 224 224 224 223 223 223 222 222 222 221 221 221 220 220 220 219 219 219 218 218 218 217 217 217 216 216 216
362 362 362 362 361 361 361 360 360 360 360 359 359 359 359 358 358 358 357 357 357 357 356 356 356 356 355 355 355 354 354 354 354 353 353 353 352 352 352 349 349 349 349 348 348 348 347 347 347 346 346 346 346 345 345 345 344 227 227 226 226 226 225 225 225 224 224 224 224 223 223 223 222 222 222 221 221 221 220 220 220 219 219 219 218 218 218 217 217 217 216 216 216 215
362 362 361 361 361 361 360 360 360 360 359 359 359 358 358 358 358 357 357 357 357 356 356 356 355 355 355 355 354 354 354 353 353 353 353 352 352 352 351 349 349 349 348 348 348 347 347 347 346 346 346 346 345 345 345 344 227 227 226 226 226 225 225 225 224 224 224 224 223 223 223 222 222 222 221 221 221 220 220 220 219 219 219 218 218 218 217 217 217 216 216 216 215 215
362 361 361 361 360 360 360 360 359 359 359 359 358 358 358 358 357 357 357 356 356 356 356 355 355 355 355 354 354 354 353 353 353 353 352 352 352 351 351 349 348 348 348 348 347 347 347 346 346 346 345 345 345 345 344 344 227 226 226 226 225 225 225 224 224 224 224 223 223 223 222 222 222 221 221 221 220 220 220 219 219 219 218 218 218 217 217 217 216 216 216 215 215 215
361 361 361 360 360 360 360 359 359 359 359 358 358 358 357 357 357 357 356 356 356 356 355 355 355 354 354 354 354 353 353 353 352 352 352 352 351 351 351 348 348 348 348 347 347 347 346 346 346 345 345 345 345 344 344 344 226 226 226 225 225 225 224 224 224 223 223 223 223 222 222 222 221 221 221 220 220 220 219 219 219 218 218 218 217 217 217 216 216 216 215 215 215 214
361 361 360 360 360 359 359 359 359 358 358 358 358 357 357 357 357 356 356 356 355 355 355 355 354 354 354 354 353 353 353 352 352 352 352 351 351 351 350 348 348 347 347 347 347 346 346 346 345 345 345 344 344 344 344 343 226 226 225 225 225 224 224 224 223 223 223 223 222 222 222 221 221 221 220 220 220 219 219 219 218 218 218 217 217 217 216 216 216 215 215 215 214 214
360 360 360 360 359 359 359 359 358 358 358 358 357 357 357 356 356 356 356 355 355 355 355 354 354 354 353 353 353 353 352 352 352 351 351 351 351 350 350 348 347 347 347 347 346 346 346 345 345 345 344 344 344 344 343 226 226 225 225 225 224 224 224 223 223 223 223 222 222 222 221 221 221 220 220 220 219 219 219 218 218 218 217 217 217 216 216 216 215 215 215 214 214 214
360 360 360 359 359 359 358 358 358 358 357 357 357 357 356 356 356 356 355 355 355 354 354 354 354 353 353 353 353 352 352 352 351 351 351 351 350 350 348 347 347 347 346 346 346 346 345 345 345 344 344 344 343 343 343 226 225 225 225 224 224 224 223 223 223 222 222 222 222 221 221 221 220 220 220 219 219 219 218 218 218 217 217 217 216 216 216 215 215 215 214 214 214 213
360 359 359 359 359 358 358 358 358 357 357 357 357 356 356 356 355 355 355 355 354 354 354 354 353 353 353 352 352 352 352 351 351 351 350 350 350 350 347 347 347 346 346 346 346 345 345 345 344 344 344 343 343 343 343 225 225 225 224 224 224 223 223 223 222 222 222 222 221 221 221 220 220 220 219 219 219 218 218 218 217 217 217 216 216 216 215 215 215 214 214 214 213 213
359 359 359 358 358 358 358 357 357 357 357 356 356 356 356 355 355 355 355 354 354 354 353 353 353 353 352 352 352 352 351 351 351 350 350 350 350 349 347 347 346 346 346 345 345 345 345 344 344 344 343 343 343 343 225 225 225 224 224 224 223 223 223 222 222 222 222 221 221 221 220 220 220 219 219 219 218 218 218 217 217 217 216 216 216 215 215 215 214 214 214 213 213 213
359 359 358 358 358 358 357 357 357 357 356 356 356 356 355 355 355 354 354 354 354 353 353 353 353 352 352 352 351 351 351 351 350 350 350 349 349 349 347 346 346 346 345 345 345 345 344 344 344 343 343 343 342 342 225 225 224 224 224 223 223 223 222 222 222 221 221 221 221 220 220 220 219 219 219 218 218 218 217 217 217 216 216 216 215 215 215 214 214 214 214 213 213 213
358 358 358 358 357 357 357 357 356 356 356 356 355 355 355 355 354 354 354 354 353 353 353 352 352 352 352 351 351 351 351 350 350 350 349 349 349 349 346 346 346 345 345 345 344 344 344 344 343 343 343 342 342 342 225 224 224 224 223 223 223 222 222 222 221 221 221 221 220 220 220 219 219 219 218 218 218 217 217 217 216 216 216 215 215 215 214 214 214 214 213 213 213 212
358 358 358 357 357 357 357 356 356 356 356 355 355 355 354 354 354 354 353 353 353 353 352 352 352 352 351 351 351 350 350 350 350 349 349 349 348 348 346 346 345 345 345 344 344 344 344 343 343 343 342 342 342 224 224 224 224 223 223 223 222 222 222 221 221 221 221 220 220 220 219 219 219 218 218 218 217 217 217 216 216 216 215 215 215 214 214 214 214 213 213 213 212 212
358 357 357 357 357 356 356 356 356 355 355 355 355 354 354 354 354 353 353 353 353 352 352 352 351 351 351 351 350 350 350 349 349 349 349 348 348 348 346 345 345 345 344 344 344 343 343 343 343 342 342 342 341 224 224 224 223 223 223 222 222 222 221 221 221 220 220 220 220 219 219 219 218 218 218 217 217 217 216 216 216 215 215 215 214 214 214 214 213 213 213 212 212 212
357 357 357 357 356 356 356 356 355 355 355 355 354 354 354 353 353 353 353 352 352 352 352 351 351 351 351 350 350 350 349 349 349 349 348 348 348 345 345 345 345 344 344 344 343 343 343 343 342 342 342 341 341 224 223 223 223 223 222 222 222 221 221 221 220 220 220 220 219 219 219 218 218 218 217 217 217 216 216 216 215 215 215 214 214 214 214 213 213 213 212 212 212 211
357 357 356 356 356 356 355 355 355 355 354 354 354 354 353 353 353 353 352 352 352 352 351 351 351 350 350 350 350 349 349 349 348 348 348 348 347 345 345 345 344 344 344 343 343 343 342 342 342 342 341 341 224 223 223 223 223 222 222 222 221 221 221 220 220 220 219 219 219 219 218 218 218 217 217 217 216 216 216 215 215 215 214 214 214 214 213 213 213 212 212 212 211 211
357 356 356 356 356 355 355 355 355 354 354 354 354 353 353 353 352 352 352 352 351 351 351 351 350 350 350 350 349 349 349 348 348 348 348 347 347 345 344 344 344 344 343 343 343 342 342 342 342 341 341 341 223 223 223 222 222 222 222 221 221 221 220 220 220 219 219 219 219 218 218 218 217 217 217 216 216 216 215 215 215 214 214 214 214 213 213 213 212 212 212 211 211 211
356 356 356 355 355 355 355 354 354 354 354 353 353 353 353 352 352 352 352 351 351 351 351 350 350 350 349 349 349 349 348 348 348 347 347 347 347 344 344 344 344 343 343 343 342 342 342 341 341 341 341 340 223 223 222 222 222 222 221 221 221 220 220 220 219 219 219 219 218 218 218 217 217 217 216 216 216 215 215 215 214 214 214 213 213 213 213 212 212 212 211 211 211 210
356 356 355 355 355 355 354 354 354 354 353 353 353 353 352 352 352 351 351 351 351 350 350 350 350 349 349 349 349 348 348 348 347 347 347 347 346 344 344 343 343 343 343 342 342 342 341 341 341 341 340 223 223 222 222 222 221 221 221 221 220 220 220 219 219 219 218 218 218 218 217 217 217 216 216 216 215 215 215 214 214 214 213 213 213 213 212 212 212 211 211 211 210 210
355 355 355 355 354 354 354 354 353 353 353 353 352 352 352 352 351 351 351 351 350 350 350 349 349 349 349 348 348 348 348 347 347 347 346 346 346 344 343 343 343 343 342 342 342 341 341 341 340 340 340 223 222 222 222 221 221 221 221 220 220 220 219 219 219 218 218 218 218 217 217 217 216 216 216 215 215 215 214 214 214 213 213 213 213 212 212 212 211 211 211 210 210 210
355 355 355 354 354 354 354 353 353 353 353 352 352 352 351 351 351 351 350 350 350 350 349 349 349 349 348 348 348 347 347 347 347 346 346 346 344 343 343 343 342 342 342 342 341 341 341 340 340 340 340 222 222 222 221 221 221 220 220 220 220 219 219 219 218 218 218 217 217 217 217 216 216 216 215 215 215 214 214 214 213 213 213 213 212 212 212 211 211 211 210 210 210 209
376 375 375 375 375 353 353 353 353 352 352 352 352 351 351 351 351 350 350 350 350 349 349 349 348 348 348 348 347 347 347 347 346 346 346 345 343 343 343 342 342 342 342 341 341 341 340 340 340 339 222 222 222 221 221 221 220 220 220 220 219 219 219 218 218 218 217 217 217 217 216 216 216 215 215 215 214 214 214 213 213 213 212 212 212 212 211 211 211 210 210 210 209 209
375 375 375 375 374 374 374 374 373 373 373 373 372 372 372 371 350 350 350 349 349 349 349 348 348 348 348 347 347 347 346 346 346 346 345 345 343 343 342 342 342 341 341 341 341 340 340 340 339 339 222 222 221 221 221 220 220 220 220 219 219 219 218 218 218 217 217 217 216 216 216 216 215 215 215 214 214 214 213 213 213 212 212 212 212 211 211 211 210 210 210 209 209 209
375 375 374 374 374 374 373 373 373 373 372 372 372 372 371 371 371 371 370 370 370 370 369 369 369 368 347 347 347 346 346 346 346 345 345 345 342 342 342 342 341 341 341 341 340 340 340 339 339 222 221 221 221 221 220 220 220 219 219 219 219 218 218 218 217 217 217 216 216 216 216 215 215 215 214 214 214 213 213 213 212 212 212 212 211 211 211 210 210 210 209 209 209 208
374 374 374 374 373 373 373 373 372 372 372 372 371 371 371 371 370 370 370 370 369 369 369 369 368 368 368 368 367 367 367 366 366 366 366 344 342 342 342 341 341 341 340 340 340 340 339 339 339 221 221 221 221 220 220 220 219 219 219 219 218 218 218 217 217 217 216 216 216 216 215 215 215 214 214 214 213 213 213 212 212 212 211 211 211 211 210 210 210 209 209 209 208 208
374 374 374 373 373 373 373 372 372 372 372 371 371 371 371 370 370 370 370 369 369 369 369 368 368 368 367 367 367 367 366 366 366 366 365 363 363 362 362 362 362 361 361 361 340 339 339 339 338 221 221 220 220 220 220 219 219 219 218 218 218 218 217 217 217 216 216 216 215 215 215 215 214 214 214 213 213 213 212 212 212 211 211 211 211 210 210 210 209 209 209 208 208 208
374 373 373 373 373 372 372 372 372 371 371 371 371 370 370 370 370 369 369 369 369 368 368 368 368 367 367 367 367 366 366 366 365 365 365 363 362 362 362 362 361 361 361 360 360 360 360 359 242 242 241 241 220 220 219 219 219 218 218 218 218 217 217 217 216 216 216 215 215 215 215 214 214 214 213 213 213 212 212 212 211 211 211 211 210 210 210 209 209 209 208 208 208 207
