testData/tiles/oneDegree/grid0.0-2.0-1.0-3.0.asc
ncols   200
nrows   200
xllcorner   0.0
yllcorner   2.0
cellsize   0.005
NODATA_value   -9999.0
[rows 0 to 42 of 200, columns 96 to 191 of 200]
267 268 269 271 272 273 274 276 277 278 279 281 282 283 284 285 286 287 288 289 290 291 292 292 294 295 296 297 297 298 299 300 301 301 302 303 304 304 305 306 306 307 308 309 309 309 310 310 311 312 312 313 314 313 314 315 315 316 316 316 317 318 317 318 318 319 319 319 320 319 320 321 320 321 321 321 321 321 322 322 322 322 322 322 322 322 322 322 322 321 322 322 321 322 321 321
268 269 270 272 273 274 275 277 278 279 280 281 282 283 284 285 286 288 289 290 290 291 292 293 294 295 296 297 298 299 300 300 301 302 303 303 304 305 306 306 307 308 308 308 309 309 310 311 312 312 313 314 313 314 315 315 316 315 316 317 317 318 318 318 319 319 319 320 320 320 320 321 321 321 321 321 322 321 322 322 322 322 322 322 322 322 322 322 322 322 322 322 321 322 321 321
268 270 271 272 274 275 276 277 278 279 280 281 283 284 285 286 287 287 289 290 291 292 293 294 294 295 296 297 299 299 300 301 302 302 303 304 305 305 306 307 307 307 308 309 309 310 311 311 312 313 313 313 314 314 315 316 316 316 317 317 318 317 318 319 319 319 320 320 320 320 321 320 321 322 321 322 322 322 322 322 323 322 323 322 323 322 323 322 323 322 322 322 322 321 322 321
268 270 271 272 273 275 276 277 279 280 281 282 283 285 285 286 287 288 289 291 292 292 293 294 295 296 296 297 298 299 300 300 302 303 304 304 305 305 306 306 307 308 308 309 310 310 311 312 313 313 313 314 314 315 315 316 316 316 317 318 318 318 319 319 319 319 320 321 320 321 321 321 321 322 322 322 322 322 322 322 323 323 323 323 323 323 323 323 322 323 322 323 322 322 322 322
269 270 272 273 274 276 277 278 279 281 281 282 283 284 286 287 288 289 289 290 292 293 294 295 295 296 297 298 299 299 300 301 302 302 303 304 305 305 306 307 307 308 309 310 310 311 312 312 313 313 313 314 315 315 316 316 316 317 318 318 318 318 319 320 319 320 320 320 321 321 321 321 322 321 322 323 322 323 322 323 322 323 322 323 323 323 323 323 323 323 323 322 323 322 322 322
270 271 273 274 274 275 277 278 279 280 282 283 284 285 286 287 288 289 290 291 292 293 294 295 296 297 298 298 299 300 301 301 302 303 304 304 305 306 307 307 308 309 309 310 311 311 312 312 312 313 314 314 315 316 315 316 317 317 318 318 318 319 319 319 320 320 321 320 321 322 321 322 322 322 322 322 323 323 323 323 323 323 323 323 323 324 323 324 323 323 323 323 322 323 322 281
270 271 272 274 275 276 278 279 280 281 282 284 284 285 286 287 289 290 291 291 292 293 294 296 296 297 298 299 300 300 301 302 303 303 304 305 306 306 307 308 308 309 310 311 311 312 312 312 313 314 314 315 316 315 316 317 317 318 317 318 319 319 320 319 320 321 320 321 321 321 322 322 322 322 323 322 323 323 323 323 323 324 323 324 323 324 323 323 324 323 324 323 323 282 282 281
271 272 273 275 276 277 278 279 280 281 282 284 285 286 287 288 288 290 291 292 293 294 294 295 296 298 299 299 300 301 302 302 303 304 305 305 306 307 308 308 309 310 310 311 311 311 312 313 313 314 315 315 315 316 316 317 318 318 318 318 319 320 319 320 321 321 321 321 322 321 322 323 322 323 322 323 323 323 324 323 324 323 324 323 324 323 324 323 324 323 282 282 282 281 282 281
270 272 273 274 276 277 278 279 281 282 283 284 285 286 287 288 289 290 292 292 293 294 295 296 296 297 298 300 301 301 302 303 304 304 305 306 307 307 308 309 309 310 310 310 311 312 313 313 314 315 315 315 315 316 317 317 318 318 318 319 320 319 320 320 321 321 321 322 321 322 322 322 323 323 323 323 323 323 324 324 324 324 324 324 324 324 324 283 282 283 282 283 282 282 281 282
271 273 274 275 276 278 279 280 280 282 283 284 285 287 288 289 289 290 291 293 294 295 295 296 297 298 299 299 300 301 302 303 304 305 306 306 307 308 307 308 309 310 310 311 312 312 313 314 314 315 315 315 316 317 317 318 317 318 319 319 319 320 320 321 320 321 322 322 322 322 323 322 323 323 323 324 323 324 323 324 323 324 324 324 324 283 283 283 283 283 283 282 283 282 282 282
272 272 274 275 276 278 279 280 281 283 284 285 286 286 288 289 290 291 292 292 294 295 296 297 297 298 299 300 301 301 302 303 304 304 305 306 306 307 308 309 309 310 311 311 312 313 313 314 315 314 315 316 316 317 318 317 318 319 319 320 319 320 321 321 321 321 322 322 322 323 322 323 323 323 324 323 324 324 324 324 324 324 283 283 283 284 283 284 283 283 283 283 282 283 282 282
272 273 274 276 277 278 280 281 282 282 284 285 286 287 288 290 290 291 292 293 294 295 296 297 298 299 299 300 301 302 303 303 304 305 305 306 307 308 308 309 310 310 311 312 313 313 314 314 314 315 315 316 317 317 317 318 318 319 320 319 320 320 321 321 321 322 321 322 323 323 323 323 323 323 324 324 324 324 324 284 283 284 283 284 283 283 283 283 283 283 283 283 282 283 282 282
273 274 275 276 277 278 279 281 282 283 284 286 287 287 288 289 291 292 293 293 294 295 296 298 298 299 300 301 301 302 303 304 304 305 306 307 307 308 309 309 310 311 312 312 313 314 313 314 315 315 316 317 317 317 317 318 319 319 319 320 320 321 320 321 322 322 322 322 323 323 323 324 323 324 323 324 283 283 284 283 284 283 284 283 284 283 284 283 284 283 283 283 283 282 283 282
272 274 275 276 278 279 280 282 283 283 284 285 287 288 289 290 290 292 293 294 295 296 296 297 298 300 300 301 302 303 303 304 305 306 306 307 308 309 309 310 311 311 312 313 312 313 314 314 315 316 316 317 317 317 318 319 319 319 319 320 321 321 321 321 322 322 322 323 322 323 323 323 324 283 283 283 283 283 284 283 284 284 284 284 284 284 283 284 283 284 283 283 283 283 282 283
273 275 276 277 278 279 280 281 283 284 285 286 287 288 289 290 291 292 294 294 295 296 297 298 298 299 300 301 302 303 304 305 305 306 307 308 308 309 310 310 311 311 311 312 313 313 314 315 315 316 317 316 317 318 318 319 319 319 320 320 321 321 321 322 322 322 323 323 323 323 283 282 283 283 283 284 283 284 283 284 283 284 283 284 283 284 284 284 284 283 284 283 283 283 283 283
273 274 276 277 278 280 281 282 283 284 285 286 287 288 290 291 291 292 293 294 296 296 297 298 299 300 300 301 302 303 303 304 305 306 307 307 308 308 309 310 310 311 312 313 313 314 315 315 316 315 316 317 317 318 319 318 319 320 320 321 320 321 322 322 322 322 323 282 282 283 282 283 283 283 283 283 284 284 284 284 284 284 284 284 284 284 284 283 284 283 284 283 283 283 283 283
274 275 277 278 278 279 281 282 283 284 286 287 287 288 289 291 292 293 293 294 295 297 298 298 299 300 301 302 302 303 304 304 305 306 307 307 308 309 309 310 311 312 312 313 314 314 315 316 315 316 317 317 318 318 318 319 319 320 321 320 321 321 322 322 281 282 282 282 282 283 283 283 283 283 284 283 284 283 284 284 284 285 284 284 284 284 284 284 284 284 283 284 283 283 283 284
274 275 276 278 279 280 281 283 283 284 285 287 288 289 290 290 292 293 294 295 296 296 297 299 300 300 301 302 303 303 304 305 306 306 307 308 308 309 310 311 311 312 313 313 314 315 314 315 316 316 317 318 318 318 318 319 320 320 320 321 280 281 280 281 281 282 282 282 283 282 283 284 283 284 283 284 284 284 284 284 284 284 284 284 285 284 285 284 284 284 284 283 284 283 284 340
274 276 277 277 279 280 281 283 284 285 286 287 288 289 290 291 292 294 294 295 296 297 298 298 299 301 302 302 303 304 305 305 306 307 307 308 309 310 310 311 312 312 313 314 313 314 315 315 316 317 317 318 318 318 319 319 279 279 279 280 280 281 281 281 282 281 282 283 282 283 283 283 283 284 284 284 284 284 285 284 285 284 285 284 284 284 284 284 284 284 284 339 340 339 340 340
274 276 277 278 280 281 282 283 284 285 286 287 288 290 291 291 292 293 295 296 296 297 298 299 299 300 301 303 304 304 305 306 306 307 308 309 309 310 311 311 312 313 312 313 314 314 315 316 316 317 318 317 318 278 278 279 278 279 280 280 281 280 281 282 282 282 282 283 283 283 284 283 284 283 284 284 284 285 284 285 284 285 284 285 284 285 284 341 340 340 340 340 339 340 340 341
275 276 277 278 279 281 282 283 284 286 287 287 288 289 291 292 293 293 294 296 297 298 298 299 300 301 301 302 303 304 304 305 307 308 308 309 310 309 310 311 311 312 313 313 314 315 315 316 276 276 276 277 277 278 279 278 279 279 280 281 280 281 281 282 282 282 283 282 283 283 283 284 284 284 284 284 284 285 284 285 284 285 285 341 341 340 341 340 341 340 340 340 340 340 341 341
275 276 277 279 280 281 283 283 284 285 287 288 289 290 290 292 293 294 295 295 296 298 299 300 300 301 302 303 303 304 305 305 306 307 308 308 309 310 310 311 312 312 313 314 273 274 275 275 275 276 276 277 278 278 278 279 279 280 280 280 281 281 282 281 282 282 282 283 283 283 283 284 283 284 285 284 285 284 285 340 341 340 341 340 341 340 341 340 340 340 340 339 340 340 341 341
276 276 277 279 280 281 282 284 285 286 286 288 289 290 291 292 293 294 295 296 297 297 298 300 301 301 302 303 304 304 305 306 307 307 308 309 309 310 311 311 271 272 273 273 274 275 274 275 275 276 277 277 278 278 278 279 279 280 280 280 281 281 281 282 282 283 282 283 284 283 284 284 284 284 284 284 340 341 341 341 341 341 341 341 341 341 340 341 340 340 340 340 340 341 341 342
275 277 278 279 281 282 282 283 285 286 287 288 290 290 291 292 293 295 295 296 297 298 299 299 300 302 303 303 304 305 306 306 307 308 308 268 269 269 270 271 272 272 273 274 273 274 275 275 276 276 277 278 277 278 279 279 280 279 280 281 281 281 281 282 283 282 283 283 283 283 284 284 340 341 340 341 340 341 340 341 340 341 340 341 341 341 341 340 341 340 341 340 341 341 342 342
275 276 278 279 280 282 283 284 286 286 287 288 289 291 292 292 293 294 296 297 297 298 299 300 300 301 302 303 304 264 265 266 266 267 268 268 269 270 271 271 272 272 272 273 274 274 275 276 276 277 277 277 278 278 279 280 279 280 280 281 282 281 282 282 282 282 283 283 283 340 339 340 340 340 341 340 341 341 341 341 341 341 341 341 341 340 341 340 341 340 340 340 341 341 342 342
276 277 279 280 280 281 283 284 285 287 288 289 289 290 292 293 294 294 295 296 298 299 299 259 260 261 261 262 263 264 264 265 266 266 267 268 269 269 270 271 271 272 273 273 274 275 275 276 276 276 277 277 278 279 279 279 279 280 281 281 281 281 282 282 282 339 339 339 339 340 340 340 340 340 341 340 341 340 341 341 341 341 341 341 341 341 341 341 340 341 340 341 341 342 342 343
276 277 278 280 281 282 284 285 285 286 288 289 290 291 291 293 294 254 255 255 256 257 259 259 260 261 262 262 263 264 265 265 266 267 267 268 269 270 270 271 272 272 273 274 274 275 276 275 276 276 277 278 278 279 279 279 280 280 281 281 281 282 338 338 339 339 339 339 340 339 340 340 340 341 340 341 341 341 341 341 341 341 341 341 340 341 340 341 340 340 340 341 341 342 342 343
276 278 279 279 281 282 283 285 286 246 246 248 249 250 251 252 253 254 255 256 256 257 258 259 261 261 262 263 264 264 265 266 266 267 268 268 269 270 271 271 272 273 273 274 275 274 275 276 276 277 277 278 279 278 279 280 280 281 280 337 338 338 338 338 339 338 339 340 339 340 340 340 340 341 340 341 341 341 341 341 341 341 341 341 341 341 341 340 341 340 341 341 342 342 343 343
235 237 238 239 240 242 242 243 245 246 247 248 249 250 251 252 253 254 255 256 257 258 258 259 260 261 262 263 264 265 265 266 267 267 268 269 270 270 271 272 272 273 274 273 274 275 275 276 276 277 278 277 278 279 279 280 336 336 337 337 338 337 338 339 338 339 339 340 339 340 340 340 341 340 341 340 341 341 341 341 341 341 341 340 341 340 341 340 340 340 341 341 342 342 343 343
235 236 238 239 240 242 243 244 245 246 247 248 249 251 251 252 253 254 255 256 257 258 259 259 260 261 262 262 263 264 266 266 267 268 268 269 270 271 271 271 272 272 273 274 274 275 275 276 277 277 277 278 278 335 336 336 336 336 337 338 337 338 338 339 338 339 340 339 340 340 340 340 340 340 341 341 341 341 341 341 341 341 341 341 341 341 340 341 340 341 341 342 342 343 343 344
236 237 238 240 240 241 243 244 245 246 248 248 249 250 251 253 253 254 255 256 257 258 259 260 261 261 262 263 264 264 265 266 266 267 268 268 269 270 271 271 272 273 273 274 275 275 276 276 276 277 333 334 335 335 335 335 336 337 337 337 337 338 339 338 339 339 339 339 340 340 340 341 340 341 340 341 340 341 341 341 341 341 341 341 341 341 341 341 341 341 342 342 343 343 343 344
235 237 238 239 241 242 243 244 245 246 247 249 250 250 251 252 254 255 255 256 257 258 258 260 261 262 262 263 264 265 265 266 267 267 268 269 269 270 271 272 272 273 274 274 275 275 275 332 332 333 334 334 335 334 335 336 336 337 337 337 338 338 338 338 339 339 339 340 339 340 340 340 340 341 341 341 341 341 341 341 341 341 341 341 341 340 341 340 341 341 342 342 343 343 344 344
236 238 238 239 240 242 243 244 246 246 247 248 250 251 252 252 253 255 256 256 257 258 259 259 260 262 263 263 264 265 266 266 267 268 268 269 270 270 271 272 272 273 274 274 274 331 331 332 333 333 334 335 334 335 335 336 337 336 337 337 338 338 338 339 338 339 339 340 340 340 340 340 341 340 341 340 341 340 341 341 341 341 341 341 341 341 341 341 341 342 342 343 343 344 344 344
236 237 239 240 241 242 243 244 245 247 248 248 249 251 252 253 253 254 255 257 258 258 259 260 261 261 262 263 264 265 266 267 267 268 269 269 270 271 271 272 273 272 329 330 330 331 332 332 333 334 333 334 334 335 336 336 336 336 337 338 337 338 338 339 339 339 340 339 340 340 340 340 340 341 341 341 341 341 341 341 341 341 341 341 340 341 340 341 341 342 342 343 343 344 344 345
236 237 238 240 241 242 244 244 245 246 248 249 250 250 251 253 254 255 255 256 257 259 259 260 261 262 262 263 264 264 265 266 267 267 268 269 269 270 271 327 328 329 329 330 331 331 332 333 332 333 333 334 335 335 335 336 336 337 337 337 338 338 339 338 339 339 339 340 340 340 340 341 340 341 340 341 340 341 340 341 341 341 341 341 341 341 341 341 342 342 343 343 344 344 344 345
236 238 238 239 241 242 243 245 246 246 247 249 250 251 251 252 254 255 256 256 257 258 259 260 261 262 263 263 264 265 266 266 267 268 268 269 326 326 327 328 328 329 330 330 331 332 331 332 333 333 334 334 335 335 335 336 336 337 337 337 338 338 338 339 339 339 339 340 339 340 340 340 341 340 341 341 341 341 341 341 341 341 341 340 341 340 341 341 342 342 343 343 344 344 345 345
236 237 239 240 241 242 243 244 246 247 248 248 250 251 252 253 253 255 256 257 257 258 259 260 260 262 263 264 264 265 266 266 267 268 325 325 326 327 327 328 329 329 330 331 330 331 332 332 333 333 334 335 334 335 335 336 337 336 337 337 338 338 338 339 338 339 339 339 340 340 340 340 341 340 341 340 341 340 341 340 341 341 341 341 341 341 341 342 342 343 343 344 344 344 345 345
236 237 239 240 241 242 244 244 245 247 248 249 249 251 252 253 254 254 255 257 258 259 259 260 261 261 262 263 265 265 266 323 323 324 325 326 326 327 328 328 329 329 329 330 331 331 332 332 333 334 333 334 335 335 336 336 336 337 337 338 337 338 338 338 339 339 340 339 340 339 340 340 340 341 340 341 341 341 341 341 341 341 340 341 340 341 341 342 342 343 343 344 344 345 345 346
237 238 238 240 241 242 244 245 246 246 248 249 250 251 251 253 254 255 256 256 257 259 260 260 261 262 262 263 264 321 321 322 323 323 324 325 325 326 327 328 328 329 329 330 331 331 332 333 332 333 334 334 335 335 335 336 336 337 337 337 338 338 339 338 339 339 339 340 340 340 340 340 340 341 340 341 340 341 340 341 340 341 341 341 341 341 342 342 343 343 343 344 344 345 345 346
236 238 239 240 241 242 243 245 246 247 247 249 250 251 252 252 254 255 256 257 257 258 259 261 261 262 319 319 320 321 322 322 323 324 324 325 326 326 327 328 328 329 330 330 331 332 331 332 333 333 334 334 335 335 335 336 336 337 337 337 338 338 338 338 339 339 339 340 339 340 340 340 340 340 341 340 341 340 341 340 341 340 341 340 341 341 342 342 343 343 344 344 345 345 346 346
236 237 239 240 241 243 243 244 246 247 248 249 249 251 252 253 254 254 256 257 258 258 259 260 317 318 319 320 320 321 322 323 323 324 325 325 326 327 327 328 329 329 330 331 330 331 332 332 333 333 334 334 334 335 335 336 336 336 337 337 338 338 338 339 338 339 339 339 340 340 340 340 340 340 341 340 341 340 341 340 341 340 340 340 341 341 342 342 343 343 344 344 345 345 346 346
237 237 238 240 241 242 244 245 245 246 248 249 250 250 252 253 254 255 255 257 258 259 315 316 317 318 318 319 320 321 322 323 324 324 325 326 326 327 328 328 328 329 329 330 331 331 332 332 333 334 333 334 334 335 336 335 336 336 337 337 337 338 338 338 339 339 339 339 340 339 340 340 340 340 340 341 340 341 340 341 340 341 340 341 341 342 342 343 343 344 344 345 345 346 346 347
236 238 239 239 241 242 243 245 246 246 247 249 250 251 252 253 254 255 256 312 313 315 316 316 317 318 319 319 320 321 321 322 323 323 324 325 325 326 327 327 328 329 329 330 331 331 332 333 332 333 333 334 335 335 335 336 336 337 336 337 337 338 338 338 339 338 339 339 339 340 340 340 340 340 340 340 340 341 340 340 340 340 340 341 341 342 342 343 343 344 344 345 345 346 346 347
