testData/tiles/oneDegree/grid0.0-35.0-1.0-36.0.asc
ncols   200
nrows   200
xllcorner   0.0
yllcorner   35.0
cellsize   0.005
NODATA_value   -9999.0
[rows 42 to 83 of 200, columns 94 to 187 of 200]
233 233 233 233 233 233 233 232 232 232 232 232 232 231 231 231 230 233 233 233 233 232 232 232 232 231 231 231 230 230 230 229 228 228 228 228 228 228 227 227 227 226 226 224 224 224 150 150 150 149 149 148 148 148 146 146 145 145 145 144 144 143 143 143 141 141 140 140 140 139 139 138 138 137 136 136 136 136 135 135 134 134 134 132 132 131 131 130 130 129 129 128 127 127
233 233 233 233 232 232 232 232 232 232 231 231 231 231 231 230 230 229 233 233 232 232 232 231 231 231 231 230 230 230 229 228 228 227 228 228 228 227 227 226 226 226 225 224 151 150 150 150 149 149 149 148 148 147 146 146 145 145 144 144 144 143 143 142 141 141 140 140 139 139 138 138 138 137 136 136 136 135 135 135 134 134 133 132 131 131 131 130 130 129 129 127 127 126
232 232 232 232 232 232 232 232 231 231 231 231 231 230 230 230 230 229 228 228 232 232 231 231 231 230 230 230 230 229 229 228 227 227 228 227 227 227 226 226 226 225 225 151 150 150 150 149 149 149 148 148 147 147 146 145 145 144 144 144 143 143 142 142 142 140 140 139 139 139 138 138 137 137 136 136 136 135 135 134 134 133 133 132 131 131 130 130 129 129 129 127 127 126
232 232 232 232 231 231 231 231 231 231 231 230 230 230 230 230 229 228 228 228 227 231 231 231 230 230 230 230 229 229 229 227 227 228 227 227 227 226 226 226 225 225 152 150 150 150 149 149 149 148 148 147 147 147 145 145 145 144 144 143 143 143 142 142 141 140 140 139 139 138 138 137 137 138 136 136 135 135 135 134 134 133 133 131 131 130 130 130 129 129 128 127 126 126
231 231 231 231 231 231 231 231 230 230 230 230 230 229 229 229 229 228 227 227 227 227 226 230 230 230 229 229 229 229 228 227 228 227 227 227 226 226 226 225 225 152 151 150 150 149 149 149 148 148 147 147 147 146 145 145 144 144 143 143 143 142 142 141 141 140 139 139 138 138 138 137 137 137 136 136 135 135 134 134 133 133 133 131 131 130 130 129 129 128 128 127 126 126
231 231 231 231 231 230 230 230 230 230 230 229 229 229 229 229 228 227 227 227 226 226 226 226 229 229 229 229 228 228 228 227 227 227 227 226 226 226 225 225 152 151 151 150 149 149 149 148 148 147 147 147 146 146 145 144 144 143 143 143 142 142 142 141 141 139 139 139 138 138 137 137 137 137 136 135 135 134 134 134 133 133 132 131 130 130 130 129 129 128 128 126 126 125
230 230 230 230 230 230 230 230 229 229 229 229 229 229 228 228 228 227 227 226 226 226 226 225 225 225 229 228 228 228 227 227 227 226 226 226 226 225 152 152 151 151 151 149 149 149 148 148 148 147 147 146 146 146 144 144 144 143 143 142 142 142 141 141 140 139 139 138 138 137 137 138 137 137 135 135 135 134 134 133 133 132 132 131 130 130 129 129 128 128 128 126 126 125
230 230 230 230 230 229 229 229 229 229 229 228 228 228 228 228 227 226 226 226 226 225 225 225 225 224 224 228 228 227 227 227 226 226 226 225 225 152 152 151 151 151 150 149 149 148 148 147 147 147 146 146 146 145 144 144 143 143 142 142 142 141 141 141 140 139 138 138 138 137 138 137 137 136 135 135 134 134 133 133 133 132 132 130 130 129 129 129 128 128 127 126 125 125
229 229 229 229 229 229 229 229 228 228 228 228 228 228 227 227 227 226 226 225 225 225 225 224 224 224 224 223 223 227 228 226 226 226 225 225 152 151 151 151 150 150 150 149 148 148 147 147 147 146 146 146 145 145 144 143 143 142 142 142 141 141 141 140 140 138 138 138 137 137 137 137 137 136 135 134 134 134 133 133 132 132 131 130 130 129 129 128 128 127 127 126 125 125
229 229 229 229 229 228 228 228 228 228 228 228 227 227 227 227 227 225 225 225 225 224 224 224 224 223 223 223 223 222 227 226 226 225 152 152 151 151 151 150 150 150 149 148 148 147 147 147 146 146 146 145 145 145 143 143 143 142 142 141 141 141 140 140 138 138 138 137 137 137 137 137 136 136 134 134 134 133 133 132 132 132 131 130 129 129 128 128 128 127 127 125 125 124
229 228 228 228 228 228 228 228 228 227 227 227 227 227 226 226 225 225 225 224 224 224 224 224 223 223 223 223 222 223 223 221 225 152 152 151 151 151 150 150 150 149 149 148 147 147 147 146 146 146 145 145 145 144 143 143 142 142 141 141 141 140 140 140 138 138 137 137 138 137 137 136 136 136 134 134 133 133 133 132 132 131 131 129 129 129 128 128 127 127 126 125 125 124
228 228 228 228 228 227 227 227 227 227 227 227 226 226 226 226 225 224 224 224 224 224 223 223 223 223 222 222 222 223 222 221 148 151 151 151 151 150 150 150 149 149 149 147 147 147 146 146 146 145 145 145 144 144 143 142 142 141 141 141 140 140 140 139 138 137 137 137 137 137 136 136 136 135 134 133 133 133 132 132 131 131 131 129 129 128 128 127 127 127 126 125 124 124
228 227 227 227 227 227 227 227 227 226 226 226 226 226 226 225 224 224 224 224 223 223 223 223 222 222 222 222 222 222 148 148 147 147 147 150 150 150 150 149 149 149 148 147 147 146 146 146 145 145 145 144 144 144 142 142 141 141 141 140 140 140 139 139 137 137 137 137 137 137 136 136 135 135 134 133 133 132 132 132 131 131 129 129 128 128 128 127 127 126 126 125 124 124
227 227 227 227 227 226 226 226 226 226 226 226 225 225 225 225 224 224 223 223 223 223 222 222 222 222 221 221 222 149 147 147 147 147 146 146 146 149 149 149 149 148 148 147 146 146 146 145 145 145 144 144 144 143 142 141 141 141 140 140 140 139 139 139 137 137 136 137 137 136 136 135 135 135 133 133 132 132 132 131 131 130 129 129 128 128 127 127 127 126 126 124 124 123
227 226 226 226 226 226 226 226 226 225 225 225 225 225 225 224 223 223 223 223 222 222 222 222 222 221 221 148 149 148 147 147 146 146 146 146 145 145 149 148 148 148 147 146 146 146 145 145 145 144 144 144 143 143 141 141 141 140 140 140 139 139 139 138 137 136 137 137 136 136 136 135 135 133 133 133 132 132 131 131 131 130 129 128 128 127 127 127 126 126 125 124 124 123
226 226 226 226 226 225 225 225 225 225 225 225 224 224 224 224 223 223 222 222 222 222 222 221 221 148 148 148 148 148 147 146 146 146 145 145 145 145 144 144 148 147 146 146 145 145 145 144 144 144 143 143 143 142 141 141 140 140 140 139 139 139 138 138 136 137 137 136 136 136 135 135 134 133 133 132 132 131 131 131 130 130 128 128 128 127 127 126 126 126 124 124 123 123
226 225 225 225 225 225 225 225 225 224 224 224 224 224 224 222 222 222 222 222 221 221 221 221 148 147 147 148 148 147 146 146 146 145 145 145 144 144 144 144 143 143 146 145 145 145 144 144 144 143 143 143 142 141 141 140 140 140 139 139 139 138 138 138 136 137 136 136 136 135 135 134 134 133 132 132 132 131 131 130 130 130 128 128 127 127 126 126 126 125 124 123 123 123
225 225 225 225 225 225 224 224 224 224 224 224 224 223 223 222 222 222 221 221 221 221 148 147 147 147 148 147 147 147 146 145 145 145 145 144 144 144 143 143 143 143 141 141 145 144 144 144 143 143 143 142 142 141 140 140 140 139 139 139 138 138 138 137 137 136 136 136 135 135 135 134 134 132 132 132 131 131 130 130 130 129 128 127 127 127 126 126 125 125 124 123 123 122
225 224 224 224 224 224 224 224 224 223 223 223 223 223 223 222 221 221 221 221 148 147 147 147 147 146 147 147 147 146 145 145 145 144 144 144 144 143 143 143 142 142 141 141 140 144 144 143 143 143 142 142 142 140 140 140 139 139 139 138 138 138 137 136 136 136 136 135 135 135 134 134 133 132 132 131 131 130 130 130 129 129 127 127 127 126 126 125 125 125 123 123 122 122
224 224 224 224 224 224 223 223 223 223 223 223 223 222 222 221 221 221 148 147 147 147 147 146 146 147 147 147 146 145 145 145 144 144 144 144 143 143 143 142 142 142 140 140 140 140 139 143 143 142 142 142 141 140 140 139 139 139 138 138 138 137 137 136 136 136 135 135 135 134 134 133 133 132 131 131 131 130 130 129 129 129 127 127 126 126 126 125 125 124 123 123 122 122
224 223 223 223 223 223 223 223 223 223 222 222 222 222 221 221 147 147 147 147 147 146 146 146 146 147 146 146 146 145 144 144 144 144 143 143 143 143 142 142 142 140 140 140 139 139 139 139 138 142 142 141 141 140 139 139 139 138 138 138 137 137 137 136 136 135 135 135 134 134 134 133 132 131 131 131 130 130 129 129 129 127 127 126 126 126 125 125 124 124 123 122 122 121
223 223 223 223 223 223 222 222 222 222 222 222 222 221 147 147 147 147 147 146 146 146 146 146 145 146 146 146 144 144 144 144 143 143 143 143 142 142 142 142 141 140 140 139 139 139 138 138 138 138 137 141 140 139 139 139 138 138 138 137 137 136 137 136 135 135 135 134 134 134 133 133 131 131 131 130 130 130 129 129 128 127 127 126 126 125 125 125 124 123 122 122 122 121
223 222 222 222 222 222 222 222 222 222 221 221 148 147 147 147 146 146 146 146 146 146 145 145 146 146 145 145 144 144 143 143 143 143 142 142 142 142 141 141 141 140 139 139 139 138 138 138 137 137 137 136 135 139 138 138 138 137 137 137 136 137 137 135 135 135 134 134 134 133 133 132 131 131 130 130 130 129 129 128 128 127 126 126 125 125 125 124 124 122 122 122 121 121
222 222 222 222 222 222 221 221 221 221 148 148 148 146 146 146 146 146 146 145 145 145 145 145 145 145 145 145 144 143 143 143 143 142 142 142 142 141 141 141 140 139 139 139 138 138 138 137 137 137 136 136 135 134 134 138 137 137 137 136 136 137 135 135 135 134 134 134 133 133 132 132 131 130 130 130 129 129 128 128 128 126 126 126 125 125 124 124 124 122 122 121 121 121
222 221 221 221 221 221 221 148 148 148 147 147 147 146 146 146 146 145 145 145 145 145 144 145 145 145 145 143 143 143 143 142 142 142 142 141 141 141 141 140 139 139 138 138 138 138 137 137 137 136 136 136 134 134 134 133 137 137 136 136 137 136 135 135 134 134 134 133 133 133 132 132 130 130 130 129 129 129 128 128 126 126 126 125 125 124 124 124 123 122 121 121 121 120
221 221 221 221 221 148 147 147 147 147 147 147 146 146 145 145 145 145 145 144 144 144 144 145 145 144 144 143 143 142 142 142 142 141 141 141 141 140 140 140 139 138 138 138 137 137 137 137 136 136 136 134 134 134 133 133 133 132 136 136 136 136 135 134 134 134 133 133 133 132 132 130 130 130 129 129 129 128 128 127 126 126 125 125 124 124 124 123 123 122 121 121 120 120
221 220 147 147 147 147 147 147 147 147 146 146 145 145 145 145 145 144 144 144 144 144 143 144 144 144 144 142 142 142 142 141 141 141 141 140 140 140 140 138 138 138 138 137 137 137 136 136 136 136 135 134 134 133 133 133 132 132 132 132 136 135 134 134 134 133 133 133 132 132 131 130 130 129 129 129 128 128 127 127 126 125 125 125 124 124 123 123 122 121 121 120 120 120
147 147 147 147 147 147 146 146 146 146 146 145 145 145 144 144 144 144 144 144 143 143 144 144 144 143 142 142 142 141 141 141 141 141 140 140 140 140 139 138 138 137 137 137 137 136 136 136 135 135 135 133 133 133 133 132 132 132 131 132 132 130 134 134 133 133 133 132 132 131 131 130 129 129 129 128 128 128 127 127 125 125 125 124 124 123 123 123 121 121 120 120 120 119
147 146 146 146 146 146 146 146 146 146 145 144 144 144 144 144 144 143 143 143 143 143 144 143 143 143 142 141 141 141 141 141 140 140 140 140 139 139 139 138 137 137 137 136 136 136 136 135 135 135 133 133 133 132 132 132 132 131 131 132 131 130 130 129 133 132 132 132 131 131 130 129 129 129 128 128 128 127 127 125 125 125 124 124 124 123 123 122 121 121 120 120 119 119
146 146 146 146 146 146 145 145 145 145 144 144 144 144 143 143 143 143 143 143 142 142 143 143 143 141 141 141 141 141 140 140 140 140 139 139 139 139 137 137 137 137 136 136 136 135 135 135 135 134 133 133 132 132 132 131 131 131 131 131 130 129 129 129 128 128 128 131 131 131 129 129 129 128 128 128 127 127 126 125 125 124 124 124 123 123 122 121 121 120 120 119 119 119
146 145 145 145 145 145 145 145 145 145 143 143 143 143 143 143 143 142 142 142 142 143 143 142 142 141 141 141 140 140 140 140 139 139 139 139 138 138 137 137 136 136 136 136 135 135 135 134 134 133 133 132 132 132 131 131 131 130 131 131 129 129 129 128 128 128 127 127 127 130 129 129 128 128 128 127 127 126 126 125 124 124 124 123 123 122 122 121 120 120 120 119 119 119
145 145 145 145 145 145 144 144 144 143 143 143 143 143 142 142 142 142 142 142 141 142 142 142 141 141 140 140 140 140 139 139 139 139 139 138 138 137 137 136 136 136 135 135 135 135 134 134 134 132 132 132 132 131 131 131 130 131 131 130 129 129 128 128 128 127 127 127 126 125 125 128 128 128 127 127 126 126 125 124 124 124 123 123 123 122 122 120 120 120 119 119 119 119
144 144 144 144 144 144 144 144 143 143 143 142 142 142 142 142 142 142 141 141 141 142 142 141 140 140 140 140 139 139 139 139 139 138 138 138 138 136 136 136 136 135 135 135 134 134 134 134 133 132 132 131 131 131 131 130 130 131 130 129 129 128 128 128 127 127 127 126 126 125 124 124 124 127 127 127 126 126 124 124 124 123 123 123 122 122 121 120 120 119 119 119 119 119
144 144 144 144 144 144 143 143 142 142 142 142 142 142 141 141 141 141 141 141 142 141 141 140 140 140 139 139 139 139 139 138 138 138 138 137 136 136 136 135 135 135 135 134 134 134 134 133 132 132 131 131 131 130 130 130 131 130 130 129 128 128 128 127 127 127 126 126 126 124 124 124 123 123 123 126 126 125 124 124 123 123 123 122 122 121 120 120 119 119 119 119 119 119
143 143 143 143 143 143 143 142 142 142 142 141 141 141 141 141 141 141 140 140 141 141 141 140 139 139 139 139 139 138 138 138 138 137 137 137 136 135 135 135 135 134 134 134 134 133 133 133 132 131 131 131 130 130 130 129 130 130 129 128 128 128 127 127 127 126 126 126 124 124 124 123 123 122 122 122 121 124 124 123 123 123 122 122 122 121 120 119 119 119 119 119 119 119
143 143 143 143 143 143 141 141 141 141 141 141 141 141 141 140 140 140 140 140 141 140 139 139 139 139 138 138 138 138 138 137 137 137 137 135 135 135 135 135 134 134 134 133 133 133 133 131 131 131 131 130 130 130 129 129 130 129 128 128 127 127 127 127 126 126 126 125 124 124 123 123 122 122 122 121 121 120 119 119 123 122 122 122 121 120 119 119 119 119 119 119 119 119
142 142 142 142 142 141 141 141 141 141 141 140 140 140 140 140 140 140 139 140 140 139 139 139 138 138 138 138 138 137 137 137 137 137 136 135 135 135 134 134 134 134 133 133 133 133 132 131 131 130 130 130 130 129 129 130 129 128 128 127 127 127 126 126 126 125 125 124 123 123 123 122 122 122 121 121 120 119 119 119 118 118 122 121 121 119 119 119 119 119 119 119 120 119
142 142 142 142 142 141 140 140 140 140 140 140 140 140 140 139 139 139 139 140 140 138 138 138 138 138 138 137 137 137 137 136 136 136 135 135 134 134 134 134 133 133 133 133 132 132 131 131 130 130 130 129 129 129 129 129 129 128 127 127 127 126 126 126 125 125 125 123 123 123 122 122 122 121 121 121 119 119 119 118 118 118 117 117 116 119 119 119 119 119 119 119 120 119
141 141 141 141 140 140 140 140 140 140 140 139 139 139 139 139 139 139 138 139 138 138 138 138 137 137 137 137 137 136 136 136 136 136 134 134 134 134 133 133 133 133 132 132 132 132 130 130 130 130 129 129 129 128 128 129 128 127 127 127 126 126 126 125 125 125 123 123 123 122 122 122 121 121 121 120 119 119 118 118 118 117 117 116 115 115 115 119 119 119 119 120 119 119
141 141 141 140 140 140 139 139 139 139 139 139 139 139 139 138 138 138 138 138 138 137 137 137 137 137 137 136 136 136 136 136 135 134 134 134 133 133 133 133 133 132 132 132 131 130 130 130 129 129 129 129 128 128 129 128 127 127 127 126 126 126 125 125 125 124 123 123 122 122 122 121 121 121 120 119 119 118 118 118 117 117 116 116 115 115 115 115 115 119 119 120 119 119
140 140 139 139 139 139 139 139 139 139 139 138 138 138 138 138 138 138 138 137 137 137 137 137 136 136 136 136 136 136 135 135 134 134 133 133 133 133 133 132 132 132 132 131 130 130 130 129 129 129 128 128 128 128 128 127 127 126 126 126 125 125 125 125 124 123 123 122 122 122 121 121 121 120 120 119 118 118 118 117 117 116 116 115 115 115 115 115 115 115 116 115 119 119
140 139 139 139 139 139 139 138 138 138 138 138 138 138 138 137 137 137 137 137 137 137 136 136 136 136 136 135 135 135 135 135 133 133 133 133 133 132 132 132 132 131 131 131 130 129 129 129 129 128 128 128 127 128 128 127 126 126 126 125 125 125 124 124 124 123 122 122 122 121 121 121 120 120 119 118 118 118 117 117 116 116 116 115 115 115 115 115 115 115 116 115 115 115
