testData/tiles/oneDegree/grid5.0-2.0-6.0-3.0.asc
ncols   200
nrows   200
xllcorner   5.0
yllcorner   2.0
cellsize   0.005
NODATA_value   -9999.0
[rows 42 to 83 of 200, columns 94 to 187 of 200]
98 98 98 98 97 97 97 97 97 97 97 97 97 97 97 97 97 97 97 97 97 97 97 97 97 97 97 97 97 97 97 97 97 97 97 97 97 97 97 97 96 96 96 96 96 96 96 96 96 96 96 96 96 96 96 96 96 96 96 96 96 96 96 96 96 96 96 96 96 96 96 99 99 100 101 101 103 103 104 105 106 106 107 108 108 109 110 110 111 111 112 112 113 113
98 98 98 97 97 97 97 97 97 97 97 97 97 97 97 97 97 97 97 97 97 97 97 97 97 97 97 97 97 97 97 97 97 97 97 97 97 97 97 96 96 96 96 96 96 96 96 96 96 96 96 96 96 96 96 96 96 96 96 96 96 96 96 96 96 96 96 96 96 96 100 100 100 101 102 103 104 105 105 107 107 107 108 109 110 110 110 112 112 112 113 114 114 114
98 97 97 97 97 97 97 97 97 97 97 97 97 97 97 97 97 97 97 97 97 97 97 97 97 97 97 97 97 97 97 97 97 97 97 97 97 97 96 96 96 96 96 96 96 96 96 96 96 96 96 96 96 96 96 96 96 96 96 96 96 96 96 96 96 96 96 97 97 97 101 100 101 103 104 104 106 106 107 108 108 109 109 111 111 111 111 113 113 113 114 115 115 115
97 97 97 97 97 97 97 97 97 97 97 97 97 97 97 97 97 97 97 97 97 97 97 97 97 97 97 97 97 97 97 97 97 97 97 97 97 96 96 96 96 96 96 96 96 96 96 96 96 96 96 96 96 96 96 96 96 96 96 96 96 96 96 96 96 97 97 98 98 101 102 102 103 104 105 106 107 107 108 108 110 110 110 112 112 112 113 114 114 115 115 116 116 117
97 97 97 97 97 97 97 97 97 97 97 97 97 97 97 97 97 97 97 97 97 97 97 97 97 97 97 97 97 97 97 97 97 97 97 97 96 96 96 96 96 96 96 96 96 96 96 96 96 96 96 96 96 96 96 96 96 96 96 96 96 96 97 97 97 98 98 99 102 102 103 104 104 106 106 107 108 109 109 110 111 111 112 113 113 114 114 115 116 116 116 117 118 118
97 97 97 97 97 97 97 97 97 97 97 97 97 97 97 97 97 97 97 97 97 97 97 97 97 97 97 97 97 97 97 97 97 97 97 96 96 96 96 96 96 96 96 96 96 96 96 96 96 96 96 96 96 96 96 96 96 96 96 96 97 97 98 98 98 99 99 102 103 103 104 105 106 107 108 108 110 110 111 111 112 113 113 114 115 115 115 116 117 117 117 119 119 119
97 97 97 97 97 97 97 97 97 97 97 97 97 97 97 97 97 97 97 97 97 97 97 97 97 97 97 97 97 97 97 97 97 97 96 96 96 96 96 96 96 96 96 96 96 96 96 96 96 96 96 96 96 96 96 96 96 97 97 97 98 98 99 99 99 100 100 103 103 104 105 107 107 109 109 110 110 111 112 112 114 114 114 116 116 116 116 118 118 118 118 120 120 120
97 97 97 97 97 97 97 97 97 97 97 97 97 97 97 97 97 97 97 97 97 97 97 97 97 97 97 97 97 97 97 97 96 96 96 96 96 96 96 96 96 96 96 96 96 96 96 96 96 96 96 96 96 96 96 97 97 98 98 98 99 99 100 100 100 101 104 103 105 106 106 108 109 109 111 111 111 113 113 113 115 115 115 117 117 117 118 119 119 119 120 121 121 121
97 97 97 97 97 97 97 97 97 97 97 97 97 97 97 97 97 97 97 97 97 97 97 97 97 97 97 97 97 97 97 96 96 96 96 96 96 96 96 96 96 96 96 96 96 96 96 96 96 96 96 96 96 97 97 98 98 98 99 99 100 100 100 101 101 105 104 105 107 107 108 109 110 110 112 112 113 114 114 115 116 116 117 118 118 119 119 120 120 121 121 122 122 123
97 97 97 97 97 97 97 97 97 97 97 97 97 97 97 97 97 97 97 97 97 97 97 97 97 97 97 97 97 97 96 96 96 96 96 96 96 96 96 96 96 96 96 96 96 96 96 96 96 96 96 97 97 98 98 99 99 99 100 100 101 101 101 102 105 105 105 106 108 109 109 111 111 112 113 114 114 115 116 116 117 118 118 119 120 120 120 121 122 122 122 123 124 124
97 97 97 97 97 97 97 97 97 97 97 97 97 97 97 97 97 97 97 97 97 97 97 97 97 97 97 97 97 96 96 96 96 96 96 96 96 96 96 96 96 96 96 96 96 96 96 96 96 97 97 98 98 99 99 100 100 100 101 101 102 102 102 103 105 106 107 108 110 110 111 112 113 113 114 115 115 117 117 117 119 119 119 120 121 121 121 123 123 123 123 125 125 125
97 97 97 97 97 97 97 97 97 97 97 97 97 97 97 97 97 97 97 97 97 97 97 97 97 97 97 97 96 96 96 96 96 96 96 96 96 96 96 96 96 96 96 96 96 96 96 97 97 98 98 99 99 100 100 100 101 101 102 102 103 103 103 106 106 107 109 109 111 111 112 113 114 114 116 116 117 118 118 119 120 120 120 122 122 122 123 124 124 124 125 126 126 126
97 97 97 97 97 97 97 97 97 97 97 97 97 97 97 97 97 97 97 97 97 97 97 97 97 97 97 96 96 96 96 96 96 96 96 96 96 96 96 96 96 96 96 96 96 97 97 98 98 99 99 100 100 101 101 101 102 102 103 103 103 104 106 107 108 108 110 111 112 113 113 115 115 116 117 117 118 119 119 120 121 121 122 122 123 123 124 125 125 125 126 127 127 127
97 97 97 97 97 97 97 97 97 97 97 97 97 97 97 97 97 97 97 97 97 97 97 97 97 97 96 96 96 96 96 96 96 96 96 96 96 96 96 96 96 96 96 97 97 98 98 99 99 100 100 101 101 101 102 102 103 103 104 104 104 104 107 108 109 110 112 112 113 114 115 116 117 117 118 119 119 120 121 121 122 123 123 123 124 125 125 126 126 127 127 128 128 129
97 97 97 97 97 97 97 97 97 97 97 97 97 97 97 97 97 97 97 97 97 97 97 97 97 96 96 96 96 96 96 96 96 96 96 96 96 96 96 96 96 97 97 98 98 99 99 100 100 101 101 101 102 102 103 103 104 104 104 105 104 108 108 110 111 111 113 114 114 116 116 117 118 118 120 120 120 122 122 122 124 124 124 124 126 126 126 127 128 128 128 129 130 130
97 97 97 97 97 97 97 97 97 97 97 97 97 97 97 97 97 97 97 97 97 97 97 96 96 96 96 96 96 96 96 96 96 96 96 96 96 96 96 97 97 98 98 99 99 100 100 101 101 101 102 102 103 103 104 104 105 105 105 105 108 109 110 110 112 113 114 115 115 117 117 118 119 119 121 121 122 123 123 123 125 125 125 126 127 127 127 129 129 129 129 130 131 131
97 97 97 97 97 97 97 97 97 97 97 97 97 97 97 97 97 97 97 97 97 97 96 96 96 96 96 96 96 96 96 96 96 96 96 96 96 97 97 98 98 99 99 100 100 101 101 101 102 102 103 103 104 104 105 105 106 106 105 106 109 110 111 112 114 114 116 116 117 118 119 119 120 121 122 122 123 124 124 125 125 126 126 127 128 128 129 130 130 130 130 132 132 132
97 97 97 97 97 97 97 97 97 97 97 97 97 97 97 97 97 97 97 97 97 96 96 96 96 96 96 96 96 96 96 96 96 96 96 96 97 97 98 98 99 99 100 100 101 101 102 102 103 103 104 104 105 105 106 106 106 106 106 110 110 112 113 113 115 116 117 118 118 119 120 120 122 122 122 124 124 124 126 126 126 127 128 128 129 129 130 131 131 131 132 133 133 133
97 97 97 97 97 97 97 97 97 97 97 97 97 97 97 97 97 97 97 97 96 96 96 96 96 96 96 96 96 96 96 96 96 96 97 97 98 98 99 99 100 100 101 101 102 102 103 103 104 104 105 105 106 106 106 107 106 107 110 111 112 112 114 115 116 117 117 119 119 121 121 122 123 123 124 125 125 126 127 127 127 129 129 129 130 131 131 132 132 133 133 134 134 134
97 97 97 97 97 97 97 97 97 97 97 97 97 97 97 97 97 97 97 96 96 96 96 96 96 96 96 96 96 96 96 96 97 97 98 98 99 99 100 100 101 101 102 102 103 103 104 104 105 105 106 106 107 107 107 107 107 108 111 112 113 114 116 116 118 118 119 120 121 122 122 123 124 124 125 126 126 127 128 128 129 130 130 130 132 132 132 133 134 134 134 135 135 136
97 97 97 97 97 97 97 97 97 97 97 97 97 97 97 97 97 97 96 96 96 96 96 96 96 96 96 96 96 96 96 97 98 98 99 99 100 100 101 101 102 102 103 103 104 104 105 105 106 106 107 107 107 108 107 108 108 112 112 114 115 115 117 118 119 120 120 122 122 123 124 124 125 126 126 127 128 128 129 129 130 131 131 132 133 133 133 133 135 135 135 136 137 137
97 97 97 97 97 97 97 97 97 97 97 97 97 97 97 97 96 96 96 96 96 96 96 96 96 96 96 96 96 97 97 98 98 99 99 100 100 101 102 102 103 103 104 104 105 105 106 106 106 107 107 108 108 108 108 109 112 113 114 114 116 117 118 119 120 121 121 123 123 124 125 125 127 127 127 129 129 129 130 131 131 132 132 133 134 134 134 135 136 136 136 137 138 138
97 97 97 97 97 97 97 97 97 97 97 97 97 97 97 96 96 96 96 96 96 96 96 96 96 96 96 96 97 98 98 99 99 100 100 101 101 102 102 103 103 104 104 105 105 106 106 107 107 108 108 109 108 109 109 110 113 114 115 116 118 118 120 120 121 122 123 124 124 125 126 127 128 128 128 130 130 130 132 132 132 133 134 134 135 135 136 136 137 137 137 139 139 139
97 97 97 97 97 97 97 97 97 97 97 97 97 97 96 96 96 96 96 96 96 96 96 96 96 96 97 97 98 98 99 100 100 101 101 102 102 103 103 104 104 105 105 106 106 107 107 108 108 109 109 109 109 110 110 114 114 115 117 117 119 120 121 122 122 124 124 125 126 126 127 128 129 129 130 131 131 132 133 133 133 135 135 135 136 137 137 137 138 138 139 140 140 140
97 97 97 97 97 97 97 97 97 97 97 97 97 96 96 96 96 96 96 96 96 96 96 96 96 97 98 98 99 99 100 100 101 102 102 103 103 104 104 105 105 106 106 107 107 108 108 109 109 110 109 110 110 111 114 114 116 116 118 119 120 121 122 123 123 125 125 127 127 127 129 129 129 131 131 132 132 133 134 134 135 136 136 136 137 138 138 138 139 140 140 141 141 141
97 97 97 97 97 97 97 97 97 97 97 96 96 96 96 96 96 96 96 96 96 96 96 97 97 98 98 99 100 100 101 101 102 102 103 103 104 105 105 106 106 107 107 108 108 109 109 110 110 110 110 111 111 111 115 115 117 118 120 120 122 122 123 124 125 126 126 127 128 129 130 130 131 132 132 133 134 134 135 135 136 137 137 137 138 139 139 139 141 141 141 142 142 142
97 97 97 97 97 97 97 97 97 97 96 96 96 96 96 96 96 96 96 96 96 96 97 98 98 99 99 100 100 101 102 102 103 103 104 104 105 105 106 106 107 107 108 109 109 110 110 111 110 110 111 111 112 115 116 117 119 119 121 122 123 124 124 126 126 127 128 128 129 130 131 131 132 133 133 134 135 135 136 137 137 138 138 139 139 140 140 140 142 142 142 143 143 144
97 97 97 97 97 97 97 97 97 96 96 96 96 96 96 96 96 96 96 96 97 97 98 98 99 100 100 101 101 102 102 103 104 104 105 105 106 106 107 107 108 108 109 109 110 110 110 110 111 111 112 112 113 116 117 118 120 121 122 123 123 125 125 127 127 129 129 129 131 131 132 133 133 134 135 135 136 136 137 138 138 138 140 140 140 141 141 142 143 143 143 144 145 145
97 97 97 97 97 97 97 96 96 96 96 96 96 96 96 96 96 96 96 97 98 98 99 99 100 100 101 102 102 103 103 104 104 105 106 106 107 107 108 108 109 109 110 110 111 110 111 111 112 112 113 113 117 117 119 120 122 122 123 124 125 126 127 128 128 129 130 131 132 132 133 134 134 135 136 136 137 137 138 139 139 139 141 141 141 142 143 143 144 144 144 145 146 146
97 97 97 97 97 97 96 96 96 96 96 96 96 96 96 96 96 97 97 98 98 99 100 100 101 101 102 102 103 104 104 105 105 106 106 107 107 108 109 109 110 110 111 111 111 111 112 112 113 113 114 117 118 119 121 121 123 124 124 126 126 128 128 129 130 130 131 132 133 133 134 135 135 137 137 137 138 139 139 140 140 141 142 142 142 144 144 144 145 145 146 146 147 147
97 97 97 97 97 96 96 96 96 96 96 96 96 96 96 96 97 97 98 99 99 100 100 101 102 102 103 103 104 104 105 106 106 107 107 108 108 109 109 110 110 111 112 111 112 112 113 113 114 114 115 118 119 120 121 123 123 125 125 127 127 129 129 131 131 131 133 133 134 135 135 136 137 138 138 138 140 140 140 141 142 142 143 143 143 145 145 145 146 146 147 147 148 148
97 97 97 96 96 96 96 96 96 96 96 96 96 96 96 97 98 98 99 99 100 101 101 102 102 103 104 104 105 105 106 106 107 108 108 109 109 110 110 111 111 112 111 112 112 113 113 114 114 115 118 119 120 122 122 124 125 126 127 128 129 130 130 131 132 133 134 134 136 136 136 137 138 138 139 140 141 141 141 143 143 143 144 144 145 146 146 146 147 148 148 148 149 149
97 97 96 96 96 96 96 96 96 96 96 96 96 96 97 98 98 99 100 100 101 101 102 103 103 104 104 105 106 106 107 107 108 108 109 110 110 111 111 112 112 112 112 113 113 114 114 115 115 116 119 121 121 123 124 125 126 128 128 129 130 131 132 132 133 134 135 135 136 137 137 139 139 139 140 141 142 142 142 144 144 144 145 146 146 147 147 147 149 149 149 149 150 151
97 96 96 96 96 96 96 96 96 96 96 96 97 97 98 99 99 100 100 101 102 102 103 103 104 105 105 106 106 107 108 108 109 109 110 110 111 111 112 113 112 113 113 114 114 115 115 116 116 120 120 122 123 125 125 127 127 129 129 131 131 132 133 133 135 135 136 137 137 138 139 140 140 140 142 142 143 143 144 145 145 145 147 147 147 148 148 149 150 150 150 150 151 152
96 96 96 96 96 96 96 96 96 96 96 97 97 98 99 99 100 101 101 102 102 103 104 104 105 105 106 107 107 108 108 109 110 110 111 111 112 112 113 112 113 114 114 115 115 116 116 117 120 121 122 124 124 126 127 128 129 130 131 131 132 133 134 135 136 136 138 138 138 139 140 141 141 142 143 143 143 145 145 146 146 146 148 148 148 149 149 150 151 151 151 151 153 153
96 96 96 96 96 96 96 96 96 96 97 98 98 99 100 100 101 101 102 103 103 104 104 105 106 106 107 107 108 109 109 110 110 111 112 112 113 112 113 113 114 114 115 115 116 117 117 118 121 122 123 125 126 127 128 128 130 130 132 132 134 134 135 136 137 137 138 139 139 141 141 142 142 143 144 144 144 146 146 147 147 148 149 149 149 150 151 151 151 152 152 218 219 219
96 96 96 96 96 96 96 96 96 97 98 98 99 100 100 101 102 102 103 103 104 105 105 106 107 107 108 108 109 110 110 111 111 112 112 113 113 113 114 114 115 115 116 116 117 117 118 121 122 123 125 126 127 128 129 130 131 132 133 134 135 135 137 137 138 139 139 140 141 142 142 142 144 144 145 145 146 147 147 147 149 149 150 150 150 152 152 152 152 218 219 219 220 220
96 96 96 96 96 96 96 97 97 98 99 99 100 100 101 102 102 103 104 104 105 106 106 107 107 108 109 109 110 110 111 112 112 113 113 113 113 114 114 115 116 116 117 117 118 118 119 122 124 124 126 127 129 129 131 131 133 133 134 135 136 137 138 138 139 140 140 141 142 143 143 144 145 145 146 147 147 148 148 148 150 150 150 151 152 152 153 218 218 219 220 220 221 221
96 96 96 96 96 96 97 97 98 99 99 100 101 101 102 103 103 104 104 105 106 106 107 108 108 109 109 110 111 111 112 112 113 114 113 114 114 115 115 116 116 117 118 118 119 119 123 123 125 126 128 128 130 130 132 132 134 134 136 136 137 138 138 139 140 141 141 143 143 144 144 145 146 146 147 148 148 149 149 150 151 151 151 152 218 218 219 219 219 221 221 221 222 222
96 96 96 96 96 97 97 98 99 99 100 101 101 102 103 103 104 105 105 106 107 107 108 108 109 110 110 111 111 112 113 113 114 113 114 115 115 116 116 117 117 118 118 119 119 123 124 125 127 127 129 130 131 132 133 134 135 135 137 137 138 139 139 141 141 142 143 144 144 144 146 146 147 147 148 149 149 150 151 151 152 152 217 219 219 219 220 220 221 222 222 222 223 223
96 96 96 96 97 98 98 99 100 100 101 102 102 103 103 104 105 105 106 107 107 108 109 109 110 110 111 112 112 113 113 113 114 114 115 115 116 116 117 118 118 119 119 120 120 124 124 126 127 129 130 131 132 133 134 135 135 137 137 138 139 140 140 142 142 143 144 145 145 146 147 147 148 149 149 150 150 151 152 152 218 218 219 220 220 220 221 222 222 223 223 223 224 225
96 96 96 97 98 98 99 100 100 101 102 102 103 104 104 105 106 106 107 108 108 109 109 110 111 111 112 112 113 114 113 114 114 115 116 116 117 117 118 118 119 120 120 121 124 125 126 128 128 130 131 132 133 134 135 136 137 138 138 140 140 141 142 143 143 145 145 145 146 147 148 148 149 150 150 151 151 153 218 218 219 219 220 221 221 221 222 223 223 224 224 224 226 226
