testData/tiles/oneDegree/grid30.0-5.0-31.0-6.0.asc
ncols   200
nrows   200
xllcorner   30.0
yllcorner   5.0
cellsize   0.005
NODATA_value   -9999.0
[rows 84 to 125 of 200, columns 94 to 187 of 200]
374 373 373 372 371 371 370 370 370 370 370 370 370 370 369 369 369 369 369 369 369 369 369 369 369 369 369 369 369 370 370 371 371 371 371 331 331 332 332 333 333 334 334 334 335 335 336 335 335 336 336 337 337 337 338 338 338 339 338 338 339 339 339 340 340 340 341 341 340 341 341 341 341 342 342 342 342 342 342 342 342 343 343 343 343 344 343 343 343 344 344 344 344 343
375 374 373 373 372 371 371 370 370 370 370 370 370 370 370 369 369 369 369 369 369 369 369 369 369 369 369 369 369 370 370 371 371 372 371 372 331 332 332 333 333 333 334 334 335 335 335 335 335 336 336 336 337 337 338 338 338 339 339 338 339 339 339 340 340 340 340 341 341 340 341 341 341 342 342 342 342 343 342 342 342 343 343 343 343 344 343 343 343 343 344 344 344 344
375 375 374 373 373 372 371 371 370 370 370 370 370 370 370 370 369 369 369 369 369 369 369 369 369 369 369 369 369 370 370 371 371 372 371 372 372 332 332 332 333 333 334 334 335 335 335 336 335 336 336 336 337 337 337 338 338 338 339 338 338 339 339 339 340 340 340 341 341 340 341 341 341 341 342 342 342 342 342 342 342 342 343 343 343 343 343 343 343 343 344 344 344 344
376 375 374 374 373 373 372 371 371 370 370 370 370 370 370 370 369 369 369 369 369 369 369 369 369 369 369 369 369 370 370 371 371 372 372 371 372 372 332 332 333 333 334 334 334 335 335 336 335 335 336 336 337 337 337 338 338 338 339 338 338 339 339 339 340 340 340 341 341 340 340 341 341 341 342 342 342 342 342 342 342 342 343 343 343 343 343 343 343 343 343 344 344 344
376 376 375 374 374 373 373 372 371 371 370 370 370 370 370 370 370 369 369 369 369 369 369 369 369 369 369 369 369 369 370 370 371 371 372 371 372 372 332 332 333 333 333 334 334 335 335 335 335 335 336 336 336 337 337 337 338 338 339 339 338 339 339 339 339 340 340 340 341 341 340 341 341 341 341 342 342 342 342 342 342 342 342 343 343 343 343 343 343 343 343 344 344 344
377 376 376 375 374 374 373 372 372 371 370 370 370 370 370 370 370 369 369 369 369 369 369 369 369 369 369 369 369 369 370 370 371 371 372 371 372 372 373 332 332 333 333 334 334 335 335 335 336 335 335 336 336 337 337 337 338 338 338 339 338 338 339 339 339 340 340 340 341 341 340 340 341 341 341 342 342 342 342 342 342 342 342 343 343 343 343 343 343 343 343 343 344 344
377 377 376 376 375 374 374 373 372 372 371 370 370 370 370 370 370 370 369 369 369 369 369 369 369 369 369 369 369 369 370 370 371 371 372 372 371 372 372 373 332 333 333 334 334 334 335 335 336 335 335 336 336 336 337 337 338 338 338 339 338 338 339 339 339 340 340 340 340 341 340 340 341 341 341 341 342 342 342 341 342 342 342 342 343 343 343 342 343 343 343 343 343 344
378 377 377 376 375 375 374 374 373 372 372 371 370 370 370 370 370 370 369 369 369 369 369 369 369 369 369 369 369 369 369 370 370 371 371 372 371 372 372 373 373 333 333 333 334 334 335 335 335 335 335 336 336 336 337 337 337 338 338 338 338 338 338 339 339 339 340 340 340 341 340 340 340 341 341 341 342 342 342 341 342 342 342 342 343 343 343 342 342 343 343 343 343 344
378 378 377 377 376 375 375 374 374 373 372 372 371 370 370 370 370 370 370 369 369 369 369 369 369 369 369 369 369 369 369 370 370 371 371 372 371 372 372 373 373 373 333 333 334 334 335 335 335 335 335 335 336 336 337 337 337 338 338 338 339 338 338 339 339 339 340 340 340 341 340 340 340 341 341 341 341 342 342 341 341 342 342 342 342 343 343 342 342 343 343 343 343 343
379 378 378 377 377 376 375 375 374 373 373 372 371 371 370 370 370 370 370 369 369 369 369 369 369 369 369 369 369 369 369 370 370 371 371 372 371 372 372 372 373 373 333 333 334 334 334 335 335 336 335 335 336 336 336 337 337 338 338 338 339 338 338 339 339 339 339 340 340 340 341 340 340 341 341 341 341 342 342 341 341 342 342 342 342 343 343 342 342 342 343 343 343 343
379 379 378 378 377 377 376 375 375 374 373 373 372 371 371 370 370 370 370 369 369 369 369 369 369 369 369 369 369 369 369 370 370 370 371 371 372 371 372 372 373 373 374 333 333 334 334 335 335 335 335 335 336 336 336 337 337 337 338 338 338 338 338 338 339 339 339 340 340 340 341 340 340 340 341 341 341 341 342 341 341 341 342 342 342 342 343 342 342 342 343 343 343 343
380 379 379 378 378 377 376 376 375 375 374 373 373 372 371 371 370 370 370 369 369 369 369 369 369 369 369 369 369 369 369 369 370 370 371 371 372 371 372 372 373 373 373 374 333 334 334 334 335 335 335 335 335 336 336 337 337 337 338 338 338 338 338 338 339 339 339 339 340 340 340 340 340 340 341 341 341 341 342 342 341 341 342 342 342 342 343 343 342 342 342 343 343 343
380 380 379 379 378 378 377 376 376 375 375 374 373 373 372 371 370 370 370 369 369 369 369 369 369 369 369 369 369 369 369 369 370 370 371 371 372 371 372 372 372 373 373 374 374 334 334 334 335 335 335 335 335 336 336 336 337 337 337 338 338 337 338 338 338 339 339 339 340 340 340 340 340 340 340 341 341 341 341 342 341 341 341 342 342 342 342 343 342 342 342 342 343 343
381 380 380 379 379 378 377 377 376 376 375 374 374 373 372 372 371 370 370 369 369 369 369 369 369 369 369 369 369 369 369 369 370 370 370 371 371 371 371 372 372 373 373 374 374 374 334 334 335 335 334 335 335 335 336 336 337 337 337 338 338 337 338 338 338 339 339 339 340 340 340 339 340 340 340 341 341 341 341 342 341 341 341 342 342 342 342 342 342 342 342 342 343 343
381 381 380 380 379 379 378 377 377 376 376 375 374 374 373 372 372 371 370 369 369 369 369 369 369 369 369 369 369 369 369 369 369 370 370 371 371 371 371 372 372 373 373 373 374 374 334 334 334 335 334 335 335 335 336 336 336 337 337 337 338 337 337 338 338 338 339 339 339 340 340 339 340 340 340 340 341 341 341 341 341 341 341 341 342 342 342 342 342 342 342 342 342 343
382 381 381 380 380 379 378 378 377 377 376 375 375 374 374 373 372 372 371 369 369 369 369 369 369 369 369 369 369 369 369 369 369 370 370 371 371 371 371 371 372 372 373 373 374 374 374 334 334 335 334 334 335 335 336 336 336 337 337 337 338 337 337 338 338 338 339 339 339 340 340 339 339 340 340 340 341 341 341 341 341 341 341 341 342 342 342 342 341 342 342 342 342 342
382 382 381 381 380 380 379 378 378 377 377 376 375 375 374 373 373 372 371 370 369 369 369 369 369 369 369 369 369 369 369 369 369 370 370 370 371 370 371 371 372 372 373 373 373 374 374 375 334 335 334 334 335 335 335 336 336 336 337 337 338 337 337 338 338 338 338 339 339 339 340 339 339 340 340 340 340 341 341 340 340 341 341 341 341 342 342 341 341 342 342 342 342 342
383 382 382 381 381 380 379 379 378 378 377 377 376 375 375 374 373 373 372 370 370 369 369 369 369 369 369 369 369 369 369 369 369 369 370 370 370 370 371 371 372 372 372 373 373 374 374 375 375 334 334 334 335 335 335 336 336 336 337 337 337 337 337 337 338 338 338 339 339 339 340 339 339 339 340 340 340 340 341 340 340 341 341 341 341 341 342 341 341 341 342 342 342 342
383 383 382 382 381 380 380 379 379 378 378 377 376 376 375 375 374 373 373 371 370 369 369 369 369 369 369 369 369 369 369 369 369 369 370 370 370 370 371 371 371 372 372 373 373 374 374 374 375 333 334 334 334 335 335 335 336 336 337 337 337 337 337 337 338 338 338 338 339 339 338 339 339 339 340 340 340 340 341 340 340 340 341 341 341 341 342 341 341 341 341 342 342 342
384 383 383 382 382 381 380 380 379 379 378 378 377 376 376 375 374 374 372 371 371 370 369 369 369 369 369 369 369 369 369 369 369 369 370 370 369 370 370 371 371 372 372 373 373 373 374 374 375 374 333 334 334 335 335 335 336 336 336 337 336 336 337 337 337 338 338 338 339 339 338 339 339 339 339 340 340 340 340 340 340 340 340 341 341 341 341 341 341 341 341 342 342 342
384 384 383 382 382 381 381 380 380 379 379 378 377 377 376 376 375 374 373 372 371 371 370 369 369 369 369 369 369 369 369 369 369 369 369 370 369 370 370 371 371 372 372 372 373 373 374 374 374 374 374 334 334 334 335 335 336 336 336 337 336 336 337 337 337 338 338 338 338 339 338 338 339 339 339 340 340 340 340 340 340 340 340 341 341 341 341 341 341 341 341 341 342 342
384 384 383 383 382 382 381 381 380 380 379 379 378 377 377 376 375 374 373 373 372 371 370 370 369 369 369 369 369 369 369 369 369 369 369 369 369 370 370 370 371 371 372 372 373 373 374 374 374 374 374 374 334 334 335 335 335 336 336 336 336 336 336 337 337 337 338 338 338 339 338 338 339 339 339 339 340 340 340 339 340 340 340 340 341 341 341 340 341 341 341 341 341 342
385 384 384 383 383 382 382 381 381 380 380 379 378 378 377 377 376 374 374 373 372 372 371 370 370 369 369 369 369 369 369 369 369 369 369 368 369 369 370 370 371 371 372 372 373 373 373 374 373 374 374 374 334 334 334 335 335 336 336 336 336 336 336 337 337 337 338 338 338 338 338 338 338 339 339 339 339 340 340 339 340 340 340 340 341 341 341 340 340 341 341 341 341 341
385 385 384 384 383 383 382 382 381 381 380 379 379 378 378 377 376 375 374 374 373 372 372 371 370 369 369 369 369 369 369 369 369 369 369 368 369 369 370 370 371 371 371 372 372 373 373 374 373 373 374 374 375 334 334 335 335 335 336 335 335 336 336 336 337 337 337 338 338 337 338 338 338 338 339 339 339 340 339 339 339 340 340 340 340 341 340 340 340 341 341 341 341 341
386 385 385 384 384 383 383 382 382 381 381 380 379 379 378 378 376 375 375 374 373 373 372 371 371 370 369 369 369 369 369 369 369 369 368 368 369 369 370 370 370 371 371 372 372 373 373 373 373 373 374 374 374 375 334 334 335 335 336 335 335 336 336 336 337 337 337 338 338 337 337 338 338 338 339 339 339 339 339 339 339 339 340 340 340 340 340 340 340 340 341 341 341 341
386 386 385 385 384 384 383 383 382 382 381 380 380 379 379 377 376 376 375 375 374 373 373 372 371 371 370 369 369 369 369 369 369 369 368 368 368 369 369 370 370 371 371 372 372 372 373 372 373 373 373 374 374 375 334 334 335 335 335 335 335 335 336 336 336 337 337 337 338 337 337 338 338 338 338 339 339 339 339 339 339 339 340 340 340 340 340 340 340 340 340 341 341 341
387 386 386 385 385 384 384 383 383 382 381 381 380 380 378 378 377 376 376 375 374 374 373 373 372 371 370 370 369 369 369 369 369 368 368 368 368 369 369 370 370 371 371 371 372 372 373 372 372 373 373 374 374 374 375 334 335 335 334 335 335 335 336 336 336 337 337 337 337 337 337 337 338 338 338 339 339 338 338 339 339 339 339 340 340 340 339 340 340 340 340 340 341 340
387 386 386 386 385 384 384 383 383 382 382 381 381 379 379 378 377 377 376 376 375 374 374 373 372 372 371 370 370 369 369 369 368 368 368 368 368 369 369 369 370 370 371 371 372 372 371 372 372 373 373 373 374 374 375 375 334 335 334 334 335 335 335 336 336 336 337 337 336 337 337 337 338 338 338 338 339 338 338 338 339 339 339 339 340 339 339 339 340 340 340 340 341 340
387 387 386 386 385 385 384 384 383 383 382 382 380 380 379 378 378 377 377 376 375 375 374 374 373 372 371 371 370 369 369 369 368 368 368 368 368 368 369 369 370 370 371 371 371 372 371 372 372 373 373 373 374 374 374 375 375 335 334 334 335 335 335 336 336 336 337 337 336 337 337 337 337 338 338 338 339 338 338 338 339 339 339 339 340 339 339 339 340 340 340 340 340 340
388 387 387 386 386 385 385 384 384 383 383 381 381 380 380 379 378 378 377 377 376 375 375 374 373 373 372 371 371 370 369 368 368 368 368 368 368 368 369 369 370 370 370 371 371 371 371 372 372 372 373 373 374 374 374 375 375 333 334 334 334 335 335 335 336 336 336 336 336 336 337 337 337 338 338 338 337 338 338 338 338 339 339 339 339 339 339 339 339 340 340 340 339 339
388 388 387 387 386 386 385 385 384 383 382 382 381 381 380 379 379 378 378 377 376 376 375 375 374 373 373 372 371 370 369 368 368 368 368 368 368 368 368 369 369 370 370 371 371 371 371 371 372 372 373 373 373 374 374 374 375 374 334 334 334 335 335 335 336 336 336 336 336 336 336 337 337 337 338 338 337 337 338 338 338 339 339 339 338 338 339 339 339 339 340 340 339 339
389 388 388 387 387 386 386 385 384 383 383 382 382 381 380 380 379 379 378 378 377 376 376 375 374 374 373 372 372 370 369 369 368 368 368 368 368 368 368 369 369 370 370 370 370 370 371 371 372 372 372 373 373 374 374 374 374 374 374 334 334 334 335 335 335 336 335 335 336 336 336 337 337 337 337 337 337 337 338 338 338 338 339 339 338 338 339 339 339 339 339 340 339 339
389 388 388 388 387 387 385 385 384 384 383 382 382 381 381 380 380 379 379 378 377 377 376 376 375 374 374 373 371 370 370 369 368 368 368 368 368 368 368 368 369 369 370 369 370 370 371 371 371 372 372 373 373 373 374 373 373 374 374 334 334 334 335 335 335 336 335 335 336 336 336 336 337 337 337 337 337 337 337 338 338 338 338 338 338 338 338 339 339 339 339 339 339 339
389 389 388 388 387 386 385 385 384 384 383 383 382 382 381 381 380 380 379 378 378 377 377 376 375 375 374 372 372 371 370 370 369 368 368 368 368 368 368 368 369 369 370 369 370 370 370 371 371 372 372 372 373 373 374 373 373 374 374 374 334 334 334 335 335 334 335 335 335 336 336 336 337 337 336 336 337 337 337 337 338 338 338 337 338 338 338 338 339 339 339 338 339 339
390 389 389 387 387 386 386 385 385 384 384 383 383 382 382 381 381 380 379 379 378 378 377 376 376 375 374 373 372 372 371 370 369 369 368 368 368 368 368 368 369 369 368 369 369 370 370 371 371 371 372 372 373 373 372 373 373 373 374 374 375 334 334 335 335 334 335 335 335 335 336 336 336 337 336 336 337 337 337 337 338 338 337 337 338 338 338 338 339 339 338 338 338 339
389 389 388 388 387 387 386 386 385 385 384 384 383 383 382 382 381 380 380 379 379 378 378 377 376 375 374 373 373 372 371 371 370 369 368 368 368 368 368 368 368 368 368 369 369 370 370 370 371 371 372 372 372 372 372 373 373 373 374 374 374 334 334 334 334 334 334 335 335 335 336 336 336 335 336 336 336 337 337 337 337 338 337 337 337 338 338 338 338 339 338 338 338 338
389 389 388 388 388 387 387 386 386 385 385 384 384 383 383 382 381 381 380 380 379 379 378 377 376 375 374 374 373 373 372 371 370 370 369 368 368 368 368 368 367 368 368 368 369 369 370 370 371 371 371 372 372 372 372 372 373 373 373 374 374 375 334 333 334 334 334 334 335 335 335 336 336 335 336 336 336 336 337 337 337 336 337 337 337 337 338 338 338 337 338 338 338 338
390 389 389 388 388 387 387 386 386 385 385 384 384 383 383 382 382 381 381 380 380 379 378 377 376 376 375 374 374 373 372 372 371 370 370 369 368 368 368 367 367 367 368 368 369 369 370 370 370 371 371 372 371 371 372 372 373 373 373 374 374 374 375 333 333 334 334 334 335 335 335 336 335 335 335 336 336 336 337 337 337 336 337 337 337 337 338 338 338 337 337 338 338 338
390 390 389 389 388 388 387 387 386 386 385 385 384 384 383 383 382 382 381 381 380 378 378 377 377 376 375 375 374 373 373 372 371 371 370 369 369 368 367 367 367 367 368 368 369 369 369 370 370 371 371 370 371 371 372 372 372 373 373 373 374 374 373 333 333 333 334 334 334 335 335 334 335 335 335 336 336 336 336 337 336 336 336 337 337 337 337 338 337 337 337 337 338 338
390 390 390 389 389 388 388 387 387 386 386 385 385 384 384 383 383 382 382 381 379 379 378 378 377 376 376 375 375 374 373 373 372 371 371 370 369 367 367 367 367 367 367 368 368 369 369 370 370 370 370 370 371 371 371 372 372 373 373 373 374 373 373 374 333 333 334 334 334 335 335 334 334 335 335 335 336 336 336 336 336 336 336 336 337 337 337 337 337 337 337 337 338 338
391 390 390 389 389 389 388 388 387 387 386 386 385 385 384 384 383 383 381 380 380 379 379 378 378 377 376 376 375 374 374 373 372 372 371 370 369 368 367 367 367 367 367 368 368 369 369 369 370 369 370 370 370 371 371 372 372 372 373 373 372 373 373 373 333 333 333 334 334 334 334 334 334 335 335 335 335 336 336 335 335 336 336 336 337 337 337 336 336 337 337 337 337 338
391 391 390 390 389 389 388 388 387 387 387 386 386 385 384 384 382 382 381 381 380 380 379 379 378 377 377 376 376 375 374 374 373 372 372 370 369 368 368 367 367 367 367 367 368 368 369 369 369 369 369 370 370 371 371 371 372 372 372 372 372 373 373 373 374 333 333 334 334 333 333 334 334 334 335 335 335 336 335 335 335 336 336 336 336 337 336 336 336 336 337 337 337 337
