testData/tiles/oneDegree/grid0.0-46.0-1.0-47.0.asc
ncols   200
nrows   200
xllcorner   0.0
yllcorner   46.0
cellsize   0.005
NODATA_value   -9999.0
[rows 84 to 125 of 200, columns 0 to 94 of 200]
246 246 246 246 246 246 246 246 246 246 246 246 246 246 246 246 246 246 246 246 246 246 245 245 245 245 245 245 245 245 245 245 245 244 244 244 244 244 244 244 244 243 243 243 243 243 243 243 242 242 242 242 242 242 241 241 241 241 241 241 240 240 240 240 240 240 239 239 239 239 239 238 238 238 238 238 237 237 274 274 274 273 375 375 375 375 374 374 374 374 374 373 373 373 373
246 246 246 246 246 246 246 246 246 246 246 246 246 246 246 246 246 246 245 245 245 245 245 245 245 245 245 245 245 245 245 244 244 244 244 244 244 244 244 243 243 243 243 243 243 243 243 242 242 242 242 242 242 241 241 241 241 241 241 240 240 240 240 240 240 239 239 239 239 239 238 238 238 238 238 274 274 274 274 274 273 273 375 375 375 374 374 374 374 374 373 373 373 373 373
246 246 246 246 246 246 246 246 246 246 246 246 245 245 245 245 245 245 245 245 245 245 245 245 245 245 245 245 244 244 244 244 244 244 244 244 244 244 243 243 243 243 243 243 243 242 242 242 242 242 242 242 241 241 241 241 241 241 240 240 240 240 240 240 239 239 239 239 239 238 238 238 238 275 274 274 274 274 274 274 273 273 273 375 374 374 374 374 374 373 373 373 373 373 372
245 245 245 245 245 245 245 245 245 245 245 245 245 245 245 245 245 245 245 245 245 245 245 245 245 244 244 244 244 244 244 244 244 244 244 244 243 243 243 243 243 243 243 243 242 242 242 242 242 242 242 241 241 241 241 241 241 240 240 240 240 240 240 239 239 239 239 239 238 238 275 275 275 275 274 274 274 274 274 273 273 273 273 375 374 374 374 374 373 373 373 373 373 372 372
245 245 245 245 245 245 245 245 245 245 245 245 245 245 245 245 245 245 245 245 245 245 244 244 244 244 244 244 244 244 244 244 244 243 243 243 243 243 243 243 243 243 242 242 242 242 242 242 242 241 241 241 241 241 241 241 240 240 240 240 240 240 239 239 239 239 239 238 275 275 275 275 275 274 274 274 274 274 273 273 273 273 273 374 374 374 374 374 373 373 373 373 372 372 372
245 245 245 245 245 245 245 245 245 245 245 245 245 245 245 245 245 245 244 244 244 244 244 244 244 244 244 244 244 244 244 243 243 243 243 243 243 243 243 243 242 242 242 242 242 242 242 242 241 241 241 241 241 241 240 240 240 240 240 240 239 239 239 239 239 276 275 275 275 275 275 275 274 274 274 274 274 273 273 273 273 273 272 272 374 374 374 373 373 373 373 373 372 372 372
245 245 245 245 245 245 245 245 245 245 244 244 244 244 244 244 244 244 244 244 244 244 244 244 244 244 244 244 243 243 243 243 243 243 243 243 243 243 242 242 242 242 242 242 242 242 241 241 241 241 241 241 241 240 240 240 240 240 240 239 239 239 239 276 276 275 275 275 275 275 275 274 274 274 274 274 273 273 273 273 273 272 272 272 374 374 373 373 373 373 373 372 372 372 372
244 244 244 244 244 244 244 244 244 244 244 244 244 244 244 244 244 244 244 244 244 244 244 244 244 243 243 243 243 243 243 243 243 243 243 243 242 242 242 242 242 242 242 242 241 241 241 241 241 241 241 240 240 240 240 240 240 240 239 239 276 276 276 276 275 275 275 275 275 275 274 274 274 274 274 273 273 273 273 273 272 272 272 272 374 373 373 373 373 373 372 372 372 372 372
244 244 244 244 244 244 244 244 244 244 244 244 244 244 244 244 244 244 244 244 244 244 243 243 243 243 243 243 243 243 243 243 243 243 242 242 242 242 242 242 242 242 241 241 241 241 241 241 241 241 240 240 240 240 240 240 240 239 276 276 276 276 276 275 275 275 275 275 274 274 274 274 274 274 273 273 273 273 273 272 272 272 272 272 271 373 373 373 373 372 372 372 372 372 371
244 244 244 244 244 244 244 244 244 244 244 244 244 244 244 244 244 243 243 243 243 243 243 243 243 243 243 243 243 243 243 242 242 242 242 242 242 242 242 242 242 241 241 241 241 241 241 241 240 240 240 240 240 240 240 239 276 276 276 276 276 275 275 275 275 275 275 274 274 274 274 274 274 273 273 273 273 273 272 272 272 272 272 271 271 373 373 373 372 372 372 372 372 371 371
243 243 244 244 244 244 244 243 243 243 243 243 243 243 243 243 243 243 243 243 243 243 243 243 243 243 243 243 242 242 242 242 242 242 242 242 242 242 242 241 241 241 241 241 241 241 241 240 240 240 240 240 240 240 276 276 276 276 276 276 275 275 275 275 275 275 274 274 274 274 274 274 273 273 273 273 273 272 272 272 272 272 272 271 271 271 373 373 372 372 372 372 372 371 371
243 243 243 243 243 243 243 243 243 243 243 243 243 243 243 243 243 243 243 243 243 243 243 243 243 242 242 242 242 242 242 242 242 242 242 242 241 241 241 241 241 241 241 241 241 240 240 240 240 240 240 277 276 276 276 276 276 276 276 275 275 275 275 275 275 274 274 274 274 274 274 273 273 273 273 273 272 272 272 272 272 272 271 271 271 271 373 372 372 372 372 372 371 371 371
243 243 243 243 243 243 243 243 243 243 243 243 243 243 243 243 243 243 243 243 243 242 242 242 242 242 242 242 242 242 242 242 242 242 241 241 241 241 241 241 241 241 241 240 240 240 240 240 240 277 277 276 276 276 276 276 276 275 275 275 275 275 275 275 274 274 274 274 274 274 273 273 273 273 273 272 272 272 272 272 272 271 271 271 271 271 372 372 372 372 372 371 371 371 371
243 243 243 243 243 243 243 243 243 243 243 243 243 243 243 243 242 242 242 242 242 242 242 242 242 242 242 242 242 242 242 241 241 241 241 241 241 241 241 241 241 240 240 240 240 240 240 277 277 276 276 276 276 276 276 276 275 275 275 275 275 275 275 274 274 274 274 274 274 273 273 273 273 273 272 272 272 272 272 272 271 271 271 271 271 270 270 372 372 372 371 371 371 371 371
242 242 242 242 242 242 242 242 242 242 242 242 242 242 242 242 242 242 242 242 242 242 242 242 242 242 242 242 241 241 241 241 241 241 241 241 241 241 241 240 240 240 240 240 240 277 277 276 276 276 276 276 276 276 276 275 275 275 275 275 275 274 274 274 274 274 274 273 273 273 273 273 273 272 272 272 272 272 272 271 271 271 271 271 270 270 270 372 372 371 371 371 371 371 370
242 242 242 242 242 242 242 242 242 242 242 242 242 242 242 242 242 242 242 242 242 242 242 242 242 241 241 241 241 241 241 241 241 241 241 241 241 240 240 240 240 240 240 277 277 276 276 276 276 276 276 276 276 275 275 275 275 275 275 275 274 274 274 274 274 274 273 273 273 273 273 273 272 272 272 272 272 272 271 271 271 271 271 270 270 270 270 270 371 371 371 371 371 370 370
242 242 242 242 242 242 242 242 242 242 242 242 242 242 242 242 242 242 242 242 242 241 241 241 241 241 241 241 241 241 241 241 241 241 240 240 240 240 240 240 240 277 277 277 276 276 276 276 276 276 276 275 275 275 275 275 275 275 274 274 274 274 274 274 274 273 273 273 273 273 273 272 272 272 272 272 272 271 271 271 271 271 270 270 270 270 270 269 371 371 371 371 370 370 370
242 242 242 242 242 242 242 242 242 242 242 242 242 242 242 241 241 241 241 241 241 241 241 241 241 241 241 241 241 241 241 240 240 240 240 240 240 240 240 277 277 276 276 276 276 276 276 276 276 276 275 275 275 275 275 275 275 274 274 274 274 274 274 274 273 273 273 273 273 273 272 272 272 272 272 271 271 271 271 271 271 270 270 270 270 270 269 269 371 371 371 371 370 370 370
241 241 241 241 241 241 241 241 241 241 241 241 241 241 241 241 241 241 241 241 241 241 241 241 241 241 241 241 240 240 240 240 240 240 240 240 240 277 277 276 276 276 276 276 276 276 276 276 275 275 275 275 275 275 275 274 274 274 274 274 274 274 273 273 273 273 273 273 272 272 272 272 272 272 271 271 271 271 271 271 270 270 270 270 270 269 269 269 269 371 371 370 370 370 370
241 241 241 241 241 241 241 241 241 241 241 241 241 241 241 241 241 241 241 241 241 241 241 241 241 240 240 240 240 240 240 240 240 240 240 277 277 276 276 276 276 276 276 276 276 276 275 275 275 275 275 275 275 275 274 274 274 274 274 274 274 273 273 273 273 273 273 272 272 272 272 272 272 271 271 271 271 271 271 270 270 270 270 270 269 269 269 269 269 371 370 370 370 370 370
241 241 241 241 241 241 241 241 241 241 241 241 241 241 241 241 241 241 241 241 240 240 240 240 240 240 240 240 240 240 240 240 240 277 276 276 276 276 276 276 276 276 276 276 275 275 275 275 275 275 275 275 274 274 274 274 274 274 274 273 273 273 273 273 273 273 272 272 272 272 272 272 271 271 271 271 271 271 270 270 270 270 270 269 269 269 269 269 269 268 370 370 370 370 369
241 241 241 241 241 241 241 241 241 241 241 241 241 240 240 240 240 240 240 240 240 240 240 240 240 240 240 240 240 240 240 276 276 276 276 276 276 276 276 276 276 276 275 275 275 275 275 275 275 275 274 274 274 274 274 274 274 274 273 273 273 273 273 273 272 272 272 272 272 272 272 271 271 271 271 271 271 270 270 270 270 270 269 269 269 269 269 269 268 268 370 370 370 369 369
240 240 240 240 240 240 240 240 240 240 240 240 240 240 240 240 240 240 240 240 240 240 240 240 240 240 240 240 239 276 276 276 276 276 276 276 276 276 276 276 275 275 275 275 275 275 275 275 274 274 274 274 274 274 274 274 273 273 273 273 273 273 273 272 272 272 272 272 272 271 271 271 271 271 271 270 270 270 270 270 270 269 269 269 269 269 269 268 268 268 268 370 369 369 369
240 240 240 240 240 240 240 240 240 240 240 240 240 240 240 240 240 240 240 240 240 240 240 240 239 239 239 276 276 276 276 276 276 276 276 276 276 275 275 275 275 275 275 275 275 275 275 274 274 274 274 274 274 274 273 273 273 273 273 273 273 273 272 272 272 272 272 272 271 271 271 271 271 271 270 270 270 270 270 270 269 269 269 269 269 269 268 268 268 268 268 369 369 369 369
83 83 83 83 83 83 83 83 83 83 83 83 83 83 83 83 83 83 83 82 82 82 82 82 82 119 119 119 119 119 119 119 119 119 118 118 118 118 118 118 118 118 118 118 117 117 117 117 117 117 117 117 117 116 116 116 116 116 116 116 115 115 115 115 115 115 115 114 114 114 114 114 114 113 113 113 113 113 113 112 112 112 112 112 112 111 111 111 111 111 110 212 212 212 212
83 83 83 83 83 83 83 83 83 83 83 82 82 82 82 82 82 82 82 82 82 82 82 82 119 119 119 119 119 119 119 118 118 118 118 118 118 118 118 118 118 118 117 117 117 117 117 117 117 117 117 116 116 116 116 116 116 116 115 115 115 115 115 115 115 114 114 114 114 114 114 114 113 113 113 113 113 113 112 112 112 112 112 112 111 111 111 111 111 110 110 110 212 212 211
82 82 82 82 82 82 82 82 82 82 82 82 82 82 82 82 82 82 82 82 82 82 119 119 119 119 119 119 118 118 118 118 118 118 118 118 118 118 118 118 117 117 117 117 117 117 117 117 117 116 116 116 116 116 116 116 116 115 115 115 115 115 115 115 114 114 114 114 114 114 113 113 113 113 113 113 113 112 112 112 112 112 111 111 111 111 111 111 110 110 110 110 212 211 211
82 82 82 82 82 82 82 82 82 82 82 82 82 82 82 82 82 82 82 82 119 119 119 119 118 118 118 118 118 118 118 118 118 118 118 118 118 117 117 117 117 117 117 117 117 117 117 116 116 116 116 116 116 116 116 115 115 115 115 115 115 115 114 114 114 114 114 114 114 113 113 113 113 113 113 112 112 112 112 112 112 111 111 111 111 111 111 110 110 110 110 110 109 211 211
82 82 82 82 82 82 82 82 82 82 82 82 82 82 82 82 82 82 118 118 118 118 118 118 118 118 118 118 118 118 118 118 118 118 117 117 117 117 117 117 117 117 117 117 117 116 116 116 116 116 116 116 116 115 115 115 115 115 115 115 115 114 114 114 114 114 114 114 113 113 113 113 113 113 112 112 112 112 112 112 111 111 111 111 111 111 110 110 110 110 110 109 109 211 211
81 81 81 82 82 82 81 81 81 81 81 81 81 81 81 81 81 118 118 118 118 118 118 118 118 118 118 118 118 118 118 117 117 117 117 117 117 117 117 117 117 117 116 116 116 116 116 116 116 116 116 115 115 115 115 115 115 115 115 114 114 114 114 114 114 114 113 113 113 113 113 113 113 112 112 112 112 112 112 111 111 111 111 111 111 110 110 110 110 110 109 109 109 109 211
81 81 81 81 81 81 81 81 81 81 81 81 81 81 81 118 118 118 118 118 118 118 118 118 118 118 118 117 117 117 117 117 117 117 117 117 117 117 117 117 116 116 116 116 116 116 116 116 116 115 115 115 115 115 115 115 115 115 114 114 114 114 114 114 114 113 113 113 113 113 113 112 112 112 112 112 112 112 111 111 111 111 111 111 110 110 110 110 110 109 109 109 109 109 211
81 81 81 81 81 81 81 81 81 81 81 81 81 118 118 118 118 118 118 118 118 118 118 117 117 117 117 117 117 117 117 117 117 117 117 117 117 116 116 116 116 116 116 116 116 116 116 115 115 115 115 115 115 115 115 115 114 114 114 114 114 114 114 113 113 113 113 113 113 113 112 112 112 112 112 112 111 111 111 111 111 111 110 110 110 110 110 110 109 109 109 109 109 109 108
81 81 81 81 81 81 81 81 81 81 81 81 118 118 118 118 118 117 117 117 117 117 117 117 117 117 117 117 117 117 117 117 117 117 116 116 116 116 116 116 116 116 116 116 116 115 115 115 115 115 115 115 115 115 114 114 114 114 114 114 114 114 113 113 113 113 113 113 113 112 112 112 112 112 112 111 111 111 111 111 111 110 110 110 110 110 110 109 109 109 109 109 109 108 108
80 80 80 80 80 80 80 80 80 80 117 117 117 117 117 117 117 117 117 117 117 117 117 117 117 117 117 117 117 117 117 116 116 116 116 116 116 116 116 116 116 116 116 115 115 115 115 115 115 115 115 115 114 114 114 114 114 114 114 114 113 113 113 113 113 113 113 112 112 112 112 112 112 112 111 111 111 111 111 111 110 110 110 110 110 110 109 109 109 109 109 109 108 108 108
80 80 80 80 80 80 80 80 117 117 117 117 117 117 117 117 117 117 117 117 117 117 117 117 117 117 117 116 116 116 116 116 116 116 116 116 116 116 116 116 115 115 115 115 115 115 115 115 115 115 114 114 114 114 114 114 114 114 113 113 113 113 113 113 113 113 112 112 112 112 112 112 111 111 111 111 111 111 111 110 110 110 110 110 110 109 109 109 109 109 109 108 108 108 108
80 80 80 80 80 80 80 117 117 117 117 117 117 117 117 117 117 117 117 117 117 117 116 116 116 116 116 116 116 116 116 116 116 116 116 116 116 115 115 115 115 115 115 115 115 115 115 115 114 114 114 114 114 114 114 114 113 113 113 113 113 113 113 113 112 112 112 112 112 112 112 111 111 111 111 111 111 110 110 110 110 110 110 110 109 109 109 109 109 108 108 108 108 108 108
80 80 80 80 80 117 117 117 117 117 117 117 117 117 117 116 116 116 116 116 116 116 116 116 116 116 116 116 116 116 116 116 116 116 115 115 115 115 115 115 115 115 115 115 115 114 114 114 114 114 114 114 114 114 113 113 113 113 113 113 113 113 112 112 112 112 112 112 112 111 111 111 111 111 111 111 110 110 110 110 110 110 109 109 109 109 109 109 108 108 108 108 108 108 107
79 79 79 116 116 116 116 116 116 116 116 116 116 116 116 116 116 116 116 116 116 116 116 116 116 116 116 116 116 116 116 115 115 115 115 115 115 115 115 115 115 115 115 114 114 114 114 114 114 114 114 114 113 113 113 113 113 113 113 113 113 112 112 112 112 112 112 112 111 111 111 111 111 111 111 110 110 110 110 110 110 109 109 109 109 109 109 108 108 108 108 108 108 107 107
79 79 116 116 116 116 116 116 116 116 116 116 116 116 116 116 116 116 116 116 116 116 116 116 116 116 116 115 115 115 115 115 115 115 115 115 115 115 115 115 114 114 114 114 114 114 114 114 114 114 113 113 113 113 113 113 113 113 113 112 112 112 112 112 112 112 111 111 111 111 111 111 111 110 110 110 110 110 110 110 109 109 109 109 109 109 108 108 108 108 108 108 107 107 107
116 116 116 116 116 116 116 116 116 116 116 116 116 116 116 116 116 116 116 116 116 115 115 115 115 115 115 115 115 115 115 115 115 115 115 115 115 114 114 114 114 114 114 114 114 114 114 114 113 113 113 113 113 113 113 113 113 112 112 112 112 112 112 112 112 111 111 111 111 111 111 111 110 110 110 110 110 110 109 109 109 109 109 109 109 108 108 108 108 108 108 107 107 107 107
116 116 116 116 116 116 116 116 116 116 116 116 116 115 115 115 115 115 115 115 115 115 115 115 115 115 115 115 115 115 115 115 115 115 114 114 114 114 114 114 114 114 114 114 114 114 113 113 113 113 113 113 113 113 113 112 112 112 112 112 112 112 112 111 111 111 111 111 111 111 110 110 110 110 110 110 110 109 109 109 109 109 109 108 108 108 108 108 108 107 107 107 107 107 107
115 115 115 115 115 115 115 115 115 115 115 115 115 115 115 115 115 115 115 115 115 115 115 115 115 115 115 115 115 115 114 114 114 114 114 114 114 114 114 114 114 114 114 113 113 113 113 113 113 113 113 113 113 112 112 112 112 112 112 112 112 111 111 111 111 111 111 111 111 110 110 110 110 110 110 110 109 109 109 109 109 109 108 108 108 108 108 108 107 107 107 107 107 107 106
