testData/tiles/oneDegree/grid0.0-33.0-1.0-34.0.asc
ncols   200
nrows   200
xllcorner   0.0
yllcorner   33.0
cellsize   0.005
NODATA_value   -9999.0
[rows 42 to 83 of 200, columns 94 to 187 of 200]
252 253 253 254 254 254 255 255 256 256 256 257 257 258 258 258 259 259 259 260 260 260 261 261 261 262 262 262 263 263 263 264 264 264 265 265 265 266 266 266 267 267 267 268 268 268 268 269 269 269 270 270 270 270 271 271 271 272 272 272 272 273 273 273 273 274 274 274 274 275 275 275 275 275 276 276 276 276 277 277 277 277 277 278 278 278 278 279 279 279 279 279 279 280
253 253 253 254 254 255 255 255 256 256 257 257 257 258 258 258 259 259 260 260 260 261 261 261 262 262 262 263 263 263 264 264 264 265 265 265 266 266 266 267 267 267 267 268 268 268 269 269 269 270 270 270 270 271 271 271 271 272 272 272 273 273 273 273 274 274 274 274 275 275 275 275 275 276 276 276 276 277 277 277 277 277 278 278 278 278 279 279 279 279 279 280 280 280
253 253 254 254 254 255 255 256 256 256 257 257 258 258 258 259 259 259 260 260 260 261 261 262 262 262 263 263 263 264 264 264 265 265 265 266 266 266 266 267 267 267 268 268 268 269 269 269 269 270 270 270 271 271 271 271 272 272 272 272 273 273 273 273 274 274 274 274 275 275 275 275 276 276 276 276 277 277 277 277 277 278 278 278 278 279 279 279 279 279 280 280 280 280
253 253 254 254 255 255 255 256 256 257 257 257 258 258 259 259 259 260 260 260 261 261 261 262 262 262 263 263 263 264 264 264 265 265 265 266 266 266 267 267 267 268 268 268 268 269 269 269 270 270 270 270 271 271 271 272 272 272 272 273 273 273 273 274 274 274 274 275 275 275 275 276 276 276 276 277 277 277 277 277 278 278 278 278 278 279 279 279 279 280 280 280 280 280
253 254 254 255 255 255 256 256 256 257 257 258 258 258 259 259 259 260 260 261 261 261 262 262 262 263 263 263 264 264 264 265 265 265 266 266 266 267 267 267 267 268 268 268 269 269 269 270 270 270 270 271 271 271 272 272 272 272 273 273 273 273 274 274 274 274 275 275 275 275 276 276 276 276 277 277 277 277 277 278 278 278 278 278 279 279 279 279 279 280 280 280 280 280
254 254 254 255 255 256 256 256 257 257 257 258 258 259 259 259 260 260 260 261 261 261 262 262 263 263 263 264 264 264 265 265 265 265 266 266 266 267 267 267 268 268 268 269 269 269 269 270 270 270 271 271 271 271 272 272 272 273 273 273 273 274 274 274 274 275 275 275 275 276 276 276 276 276 277 277 277 277 278 278 278 278 278 279 279 279 279 279 280 280 280 280 280 281
254 254 255 255 255 256 256 256 257 257 258 258 258 259 259 260 260 260 261 261 261 262 262 262 263 263 263 264 264 264 265 265 265 266 266 266 267 267 267 268 268 268 268 269 269 269 270 270 270 271 271 271 271 272 272 272 272 273 273 273 273 274 274 274 275 275 275 275 275 276 276 276 276 277 277 277 277 278 278 278 278 278 279 279 279 279 279 280 280 280 280 280 281 281
254 254 255 255 256 256 256 257 257 257 258 258 259 259 259 260 260 260 261 261 262 262 262 263 263 263 264 264 264 265 265 265 266 266 266 267 267 267 267 268 268 268 269 269 269 270 270 270 270 271 271 271 272 272 272 272 273 273 273 273 274 274 274 274 275 275 275 275 276 276 276 276 277 277 277 277 278 278 278 278 278 279 279 279 279 279 280 280 280 280 280 281 281 281
254 255 255 255 256 256 257 257 257 258 258 258 259 259 260 260 260 261 261 261 262 262 262 263 263 263 264 264 264 265 265 265 266 266 266 267 267 267 268 268 268 269 269 269 269 270 270 270 271 271 271 271 272 272 272 273 273 273 273 274 274 274 274 275 275 275 275 276 276 276 276 277 277 277 277 277 278 278 278 278 279 279 279 279 279 280 280 280 280 280 281 281 281 281
254 255 255 256 256 256 257 257 257 258 258 259 259 259 260 260 260 261 261 262 262 262 263 263 263 264 264 264 265 265 265 266 266 266 267 267 267 268 268 268 268 269 269 269 270 270 270 271 271 271 271 272 272 272 272 273 273 273 274 274 274 274 275 275 275 275 276 276 276 276 277 277 277 277 277 278 278 278 278 279 279 279 279 279 280 280 280 280 280 281 281 281 281 281
255 255 255 256 256 257 257 257 258 258 258 259 259 260 260 260 261 261 261 262 262 262 263 263 263 264 264 264 265 265 265 266 266 266 267 267 267 268 268 268 269 269 269 270 270 270 270 271 271 271 272 272 272 272 273 273 273 273 274 274 274 274 275 275 275 275 276 276 276 276 277 277 277 277 278 278 278 278 279 279 279 279 279 280 280 280 280 280 281 281 281 281 281 282
255 255 256 256 256 257 257 257 258 258 259 259 259 260 260 260 261 261 262 262 262 263 263 263 264 264 264 265 265 265 266 266 266 267 267 267 268 268 268 269 269 269 269 270 270 270 271 271 271 271 272 272 272 273 273 273 273 274 274 274 274 275 275 275 275 276 276 276 276 277 277 277 277 278 278 278 278 278 279 279 279 279 280 280 280 280 280 281 281 281 281 281 282 282
255 255 256 256 257 257 257 258 258 258 259 259 260 260 260 261 261 261 262 262 262 263 263 264 264 264 265 265 265 266 266 266 267 267 267 267 268 268 268 269 269 269 270 270 270 270 271 271 271 272 272 272 272 273 273 273 274 274 274 274 275 275 275 275 276 276 276 276 277 277 277 277 278 278 278 278 278 279 279 279 279 280 280 280 280 280 281 281 281 281 281 282 282 282
255 255 256 256 257 257 257 258 258 259 259 259 260 260 260 261 261 262 262 262 263 263 263 264 264 264 265 265 265 266 266 266 267 267 267 268 268 268 269 269 269 269 270 270 270 271 271 271 272 272 272 272 273 273 273 273 274 274 274 275 275 275 275 276 276 276 276 277 277 277 277 277 278 278 278 278 279 279 279 279 279 280 280 280 280 281 281 281 281 281 282 282 282 282
255 256 256 256 257 257 258 258 258 259 259 260 260 260 261 261 261 262 262 262 263 263 264 264 264 265 265 265 266 266 266 267 267 267 267 268 268 268 269 269 269 270 270 270 271 271 271 271 272 272 272 273 273 273 273 274 274 274 274 275 275 275 275 276 276 276 276 277 277 277 277 278 278 278 278 279 279 279 279 279 280 280 280 280 280 281 281 281 281 281 282 282 282 282
255 256 256 257 257 257 258 258 259 259 259 260 260 260 261 261 262 262 262 263 263 263 264 264 264 265 265 265 266 266 266 267 267 267 268 268 268 269 269 269 270 270 270 270 271 271 271 272 272 272 272 273 273 273 274 274 274 274 275 275 275 275 276 276 276 276 277 277 277 277 278 278 278 278 278 279 279 279 279 280 280 280 280 280 281 281 281 281 281 282 282 282 282 282
256 256 256 257 257 258 258 258 259 259 260 260 260 261 261 261 262 262 262 263 263 264 264 264 265 265 265 266 266 266 267 267 267 268 268 268 268 269 269 269 270 270 270 271 271 271 271 272 272 272 273 273 273 273 274 274 274 275 275 275 275 276 276 276 276 277 277 277 277 278 278 278 278 278 279 279 279 279 280 280 280 280 280 281 281 281 281 281 282 282 282 282 282 283
256 256 257 257 257 258 258 259 259 259 260 260 260 261 261 262 262 262 263 263 263 264 264 264 265 265 265 266 266 266 267 267 267 268 268 268 269 269 269 270 270 270 270 271 271 271 272 272 272 272 273 273 273 274 274 274 274 275 275 275 275 276 276 276 276 277 277 277 277 278 278 278 278 279 279 279 279 279 280 280 280 280 281 281 281 281 281 282 282 282 282 282 283 283
256 256 257 257 258 258 258 259 259 260 260 260 261 261 261 262 262 262 263 263 264 264 264 265 265 265 266 266 266 267 267 267 268 268 268 269 269 269 269 270 270 270 271 271 271 272 272 272 272 273 273 273 273 274 274 274 275 275 275 275 276 276 276 276 277 277 277 277 278 278 278 278 279 279 279 279 279 280 280 280 280 281 281 281 281 281 282 282 282 282 282 283 283 283
256 257 257 257 258 258 259 259 259 260 260 260 261 261 262 262 262 263 263 263 264 264 264 265 265 265 266 266 266 267 267 267 268 268 268 269 269 269 270 270 270 271 271 271 271 272 272 272 273 273 273 273 274 274 274 274 275 275 275 276 276 276 276 277 277 277 277 278 278 278 278 278 279 279 279 279 280 280 280 280 280 281 281 281 281 282 282 282 282 282 282 283 283 283
256 257 257 258 258 258 259 259 259 260 260 261 261 261 262 262 262 263 263 264 264 264 265 265 265 266 266 266 267 267 267 268 268 268 269 269 269 269 270 270 270 271 271 271 272 272 272 272 273 273 273 274 274 274 274 275 275 275 275 276 276 276 276 277 277 277 277 278 278 278 278 279 279 279 279 280 280 280 280 280 281 281 281 281 281 282 282 282 282 282 283 283 283 283
257 257 257 258 258 258 259 259 260 260 260 261 261 262 262 262 263 263 263 264 264 264 265 265 265 266 266 266 267 267 267 268 268 268 269 269 269 270 270 270 271 271 271 271 272 272 272 273 273 273 273 274 274 274 275 275 275 275 276 276 276 276 277 277 277 277 278 278 278 278 279 279 279 279 279 280 280 280 280 281 281 281 281 281 282 282 282 282 282 283 283 283 283 283
257 257 257 258 258 259 259 259 260 260 261 261 261 262 262 262 263 263 263 264 264 265 265 265 266 266 266 267 267 267 268 268 268 269 269 269 269 270 270 270 271 271 271 272 272 272 272 273 273 273 274 274 274 274 275 275 275 275 276 276 276 277 277 277 277 277 278 278 278 278 279 279 279 279 280 280 280 280 280 281 281 281 281 282 282 282 282 282 283 283 283 283 283 284
257 257 258 258 258 259 259 260 260 260 261 261 261 262 262 263 263 263 264 264 264 265 265 265 266 266 266 267 267 267 268 268 268 269 269 269 270 270 270 271 271 271 271 272 272 272 273 273 273 273 274 274 274 275 275 275 275 276 276 276 276 277 277 277 277 278 278 278 278 279 279 279 279 280 280 280 280 280 281 281 281 281 281 282 282 282 282 283 283 283 283 283 283 284
257 257 258 258 259 259 259 260 260 261 261 261 262 262 262 263 263 263 264 264 265 265 265 266 266 266 267 267 267 268 268 268 269 269 269 269 270 270 270 271 271 271 272 272 272 272 273 273 273 274 274 274 274 275 275 275 276 276 276 276 277 277 277 277 278 278 278 278 279 279 279 279 279 280 280 280 280 281 281 281 281 281 282 282 282 282 282 283 283 283 283 283 284 284
257 258 258 258 259 259 260 260 260 261 261 261 262 262 263 263 263 264 264 264 265 265 265 266 266 266 267 267 267 268 268 268 269 269 269 270 270 270 271 271 271 271 272 272 272 273 273 273 273 274 274 274 275 275 275 275 276 276 276 276 277 277 277 277 278 278 278 278 279 279 279 279 280 280 280 280 281 281 281 281 281 282 282 282 282 282 283 283 283 283 283 284 284 284
257 258 258 259 259 259 260 260 260 261 261 262 262 262 263 263 263 264 264 264 265 265 266 266 266 267 267 267 268 268 268 268 269 269 269 270 270 270 271 271 271 272 272 272 272 273 273 273 274 274 274 274 275 275 275 276 276 276 276 277 277 277 277 278 278 278 278 279 279 279 279 280 280 280 280 280 281 281 281 281 282 282 282 282 282 283 283 283 283 283 284 284 284 284
257 258 258 259 259 259 260 260 261 261 261 262 262 262 263 263 264 264 264 265 265 265 266 266 266 267 267 267 268 268 268 269 269 269 270 270 270 271 271 271 271 272 272 272 273 273 273 273 274 274 274 275 275 275 275 276 276 276 276 277 277 277 277 278 278 278 278 279 279 279 279 280 280 280 280 281 281 281 281 281 282 282 282 282 282 283 283 283 283 283 284 284 284 284
258 258 258 259 259 260 260 260 261 261 262 262 262 263 263 263 264 264 264 265 265 265 266 266 266 267 267 267 268 268 268 269 269 269 270 270 270 271 271 271 272 272 272 272 273 273 273 274 274 274 274 275 275 275 276 276 276 276 277 277 277 277 278 278 278 278 279 279 279 279 280 280 280 280 280 281 281 281 281 282 282 282 282 282 283 283 283 283 283 284 284 284 284 284
258 258 259 259 259 260 260 261 261 261 262 262 262 263 263 263 264 264 265 265 265 266 266 266 267 267 267 268 268 268 269 269 269 270 270 270 271 271 271 271 272 272 272 273 273 273 273 274 274 274 275 275 275 275 276 276 276 276 277 277 277 278 278 278 278 279 279 279 279 279 280 280 280 280 281 281 281 281 282 282 282 282 282 283 283 283 283 283 284 284 284 284 284 285
258 258 259 259 260 260 260 261 261 261 262 262 263 263 263 264 264 264 265 265 265 266 266 266 267 267 267 268 268 268 269 269 269 270 270 270 271 271 271 272 272 272 272 273 273 273 274 274 274 274 275 275 275 276 276 276 276 277 277 277 277 278 278 278 278 279 279 279 279 280 280 280 280 281 281 281 281 281 282 282 282 282 282 283 283 283 283 283 284 284 284 284 284 285
258 258 259 259 260 260 260 261 261 262 262 262 263 263 263 264 264 264 265 265 266 266 266 267 267 267 268 268 268 269 269 269 270 270 270 270 271 271 271 272 272 272 273 273 273 273 274 274 274 275 275 275 275 276 276 276 277 277 277 277 278 278 278 278 279 279 279 279 280 280 280 280 280 281 281 281 281 282 282 282 282 282 283 283 283 283 283 284 284 284 284 284 285 285
258 259 259 259 260 260 261 261 261 262 262 262 263 263 264 264 264 265 265 265 266 266 266 267 267 267 268 268 268 269 269 269 270 270 270 271 271 271 272 272 272 272 273 273 273 274 274 274 274 275 275 275 276 276 276 276 277 277 277 277 278 278 278 278 279 279 279 279 280 280 280 280 281 281 281 281 281 282 282 282 282 283 283 283 283 283 284 284 284 284 284 285 285 285
258 259 259 260 260 260 261 261 261 262 262 263 263 263 264 264 264 265 265 265 266 266 267 267 267 268 268 268 269 269 269 269 270 270 270 271 271 271 272 272 272 273 273 273 273 274 274 274 275 275 275 275 276 276 276 277 277 277 277 278 278 278 278 279 279 279 279 280 280 280 280 280 281 281 281 281 282 282 282 282 282 283 283 283 283 283 284 284 284 284 284 285 285 285
258 259 259 260 260 260 261 261 262 262 262 263 263 263 264 264 265 265 265 266 266 266 267 267 267 268 268 268 269 269 269 270 270 270 271 271 271 271 272 272 272 273 273 273 274 274 274 274 275 275 275 276 276 276 276 277 277 277 277 278 278 278 278 279 279 279 279 280 280 280 280 281 281 281 281 281 282 282 282 282 283 283 283 283 283 284 284 284 284 284 285 285 285 285
259 259 259 260 260 261 261 261 262 262 262 263 263 264 264 264 265 265 265 266 266 266 267 267 267 268 268 268 269 269 269 270 270 270 271 271 271 272 272 272 273 273 273 273 274 274 274 275 275 275 275 276 276 276 276 277 277 277 278 278 278 278 279 279 279 279 280 280 280 280 280 281 281 281 281 282 282 282 282 282 283 283 283 283 284 284 284 284 284 285 285 285 285 285
259 259 260 260 260 261 261 261 262 262 263 263 263 264 264 264 265 265 266 266 266 267 267 267 268 268 268 269 269 269 270 270 270 271 271 271 271 272 272 272 273 273 273 274 274 274 274 275 275 275 276 276 276 276 277 277 277 277 278 278 278 278 279 279 279 279 280 280 280 280 281 281 281 281 282 282 282 282 282 283 283 283 283 283 284 284 284 284 284 285 285 285 285 285
259 259 260 260 260 261 261 262 262 262 263 263 263 264 264 265 265 265 266 266 266 267 267 267 268 268 268 269 269 269 270 270 270 271 271 271 272 272 272 272 273 273 273 274 274 274 275 275 275 275 276 276 276 276 277 277 277 278 278 278 278 279 279 279 279 280 280 280 280 280 281 281 281 281 282 282 282 282 283 283 283 283 283 284 284 284 284 284 285 285 285 285 285 286
259 259 260 260 261 261 261 262 262 262 263 263 264 264 264 265 265 265 266 266 266 267 267 267 268 268 268 269 269 269 270 270 270 271 271 271 272 272 272 273 273 273 273 274 274 274 275 275 275 275 276 276 276 277 277 277 277 278 278 278 278 279 279 279 279 280 280 280 280 281 281 281 281 282 282 282 282 282 283 283 283 283 283 284 284 284 284 284 285 285 285 285 285 286
259 260 260 260 261 261 261 262 262 263 263 263 264 264 264 265 265 266 266 266 267 267 267 268 268 268 269 269 269 270 270 270 271 271 271 272 272 272 272 273 273 273 274 274 274 274 275 275 275 276 276 276 276 277 277 277 278 278 278 278 279 279 279 279 280 280 280 280 280 281 281 281 281 282 282 282 282 283 283 283 283 283 284 284 284 284 284 285 285 285 285 285 286 286
259 260 260 260 261 261 262 262 262 263 263 263 264 264 265 265 265 266 266 266 267 267 267 268 268 268 269 269 269 270 270 270 271 271 271 272 272 272 273 273 273 273 274 274 274 275 275 275 275 276 276 276 277 277 277 277 278 278 278 278 279 279 279 279 280 280 280 280 281 281 281 281 282 282 282 282 282 283 283 283 283 284 284 284 284 284 285 285 285 285 285 285 286 286
259 260 260 261 261 261 262 262 262 263 263 264 264 264 265 265 265 266 266 266 267 267 268 268 268 269 269 269 270 270 270 270 271 271 271 272 272 272 273 273 273 274 274 274 274 275 275 275 276 276 276 276 277 277 277 277 278 278 278 279 279 279 279 280 280 280 280 280 281 281 281 281 282 282 282 282 283 283 283 283 283 284 284 284 284 284 285 285 285 285 285 286 286 286
