testData/tiles/oneDegree/grid9.0-3.0-10.0-4.0.asc
ncols   200
nrows   200
xllcorner   9.0
yllcorner   3.0
cellsize   0.005
NODATA_value   -9999.0
[rows 42 to 83 of 200, columns 0 to 93 of 200]
280 279 279 278 277 276 275 274 273 272 271 270 269 268 267 266 265 264 263 262 261 261 260 259 258 257 256 255 254 253 252 251 250 249 248 524 523 522 521 520 519 518 517 516 515 514 513 512 511 510 510 510 510 510 510 510 510 510 510 510 510 510 510 510 510 510 510 510 510 510 510 510 510 510 510 510 510 510 510 510 510 510 510 510 510 510 510 510 510 510 510 510 465 465
281 280 279 278 277 277 276 275 274 273 272 271 270 269 268 267 266 265 264 263 262 261 260 259 258 257 256 255 254 253 252 251 250 249 248 524 523 522 521 520 519 518 517 516 515 514 513 512 511 510 510 510 510 510 510 510 510 510 510 510 510 510 510 510 510 510 510 510 510 510 510 510 510 510 510 510 510 510 510 510 510 510 510 510 510 510 510 510 510 510 510 510 510 465
282 281 280 279 278 277 276 275 274 273 273 272 271 270 269 268 267 266 265 264 263 262 261 260 259 258 257 256 255 254 253 252 251 250 249 248 524 523 522 521 520 519 518 517 516 515 514 513 512 511 510 510 510 510 510 510 510 510 510 510 510 510 510 510 510 510 510 510 510 510 510 510 510 510 510 510 510 510 510 510 510 510 510 510 510 510 510 510 510 510 510 510 510 465
283 282 281 280 279 278 277 276 275 274 273 272 271 270 269 268 267 266 266 265 264 263 262 261 260 259 258 257 256 255 254 253 252 251 250 249 525 524 523 522 521 520 519 517 516 515 514 513 512 511 510 510 510 510 510 510 510 510 510 510 510 510 510 510 510 510 510 510 510 510 510 510 510 510 510 510 510 510 510 510 510 510 510 510 510 510 510 510 510 510 510 510 510 510
283 283 282 281 280 279 278 277 276 275 274 273 272 271 270 269 268 267 266 265 264 263 262 261 260 259 258 257 256 255 254 253 252 251 250 249 525 524 523 522 521 520 519 518 517 516 515 514 513 512 511 510 510 510 510 510 510 510 510 510 510 510 510 510 510 510 510 510 510 510 510 510 510 510 510 510 510 510 510 510 510 510 510 510 510 510 510 510 510 510 510 510 510 510
284 283 282 281 280 279 279 278 277 276 275 274 273 272 271 270 269 268 267 266 265 264 263 262 261 260 259 258 257 256 255 254 253 252 251 250 526 525 524 523 522 521 520 519 518 517 516 515 514 513 512 510 510 510 510 510 510 510 510 510 510 510 510 510 510 510 510 510 510 510 510 510 510 510 510 510 510 510 510 510 510 510 510 510 510 510 510 510 510 510 510 510 510 510
285 284 283 282 281 280 279 278 277 276 275 274 273 272 271 271 270 269 268 267 266 265 264 263 262 261 260 259 258 257 256 255 254 253 252 251 527 526 524 523 522 521 520 519 518 517 516 515 514 513 512 511 510 510 510 510 510 510 510 510 510 510 510 510 510 510 510 510 510 510 510 510 510 510 510 510 510 510 510 510 510 510 510 510 510 510 510 510 510 510 510 510 510 510
286 285 284 283 282 281 280 279 278 277 276 275 274 273 272 271 270 269 268 267 266 265 264 263 262 261 260 259 258 257 256 255 254 253 252 251 527 526 525 524 523 522 521 520 519 518 517 516 515 514 513 512 511 510 510 510 510 510 510 510 510 510 510 510 510 510 510 510 510 510 510 510 510 510 510 510 510 510 510 510 510 510 510 510 510 510 510 510 510 510 510 510 510 510
286 285 285 284 283 282 281 280 279 278 277 276 275 274 273 272 271 270 269 268 267 266 265 264 263 262 261 260 259 258 257 256 255 254 253 252 528 527 526 525 524 523 522 521 520 518 517 516 515 514 513 512 511 510 510 510 510 510 510 510 510 510 510 510 510 510 510 510 510 510 510 510 510 510 510 510 510 510 510 510 510 510 510 510 510 510 510 510 510 510 510 510 510 510
287 286 285 284 283 282 281 280 279 278 277 277 276 275 274 273 272 271 270 269 268 267 266 265 264 263 262 261 260 259 258 257 255 254 253 252 528 527 526 525 524 523 522 521 520 519 518 517 516 515 514 513 512 511 510 510 510 510 510 510 510 510 510 510 510 510 510 510 510 510 510 510 510 510 510 510 510 510 510 510 510 510 510 510 510 510 510 510 510 510 510 510 510 510
288 287 286 285 284 283 282 281 280 279 278 277 276 275 274 273 272 271 270 269 268 267 266 265 264 263 262 261 260 259 258 257 256 255 254 253 529 528 527 526 525 524 523 522 521 520 519 518 517 515 514 513 512 511 510 510 510 510 510 510 510 510 510 510 510 510 510 510 510 510 510 510 510 510 510 510 510 510 510 510 510 510 510 510 510 510 510 510 510 510 510 510 510 510
289 288 287 286 285 284 283 282 281 280 279 278 277 276 275 274 273 272 271 270 269 268 267 266 265 264 263 262 261 260 259 258 257 256 255 254 530 529 528 527 525 524 523 522 521 520 519 518 517 516 515 514 513 512 511 510 510 510 510 510 510 510 510 510 510 510 510 510 510 510 510 510 510 510 510 510 510 510 510 510 510 510 510 510 510 510 510 526 526 528 532 535 538 541
289 288 287 286 285 284 283 282 282 281 280 279 278 277 276 275 274 273 272 271 270 269 268 267 266 265 263 262 261 260 259 258 257 256 255 254 530 529 528 527 526 525 524 523 522 521 520 519 518 517 516 515 513 512 511 510 510 510 510 510 510 510 510 510 510 510 510 510 510 510 510 510 510 510 526 526 530 534 537 540 543 545 547 549 551 553 555 557 558 560 561 563 564 566
290 289 288 287 286 285 284 283 282 281 280 279 278 277 276 275 274 273 272 271 270 269 268 267 266 265 264 263 262 261 260 259 258 257 256 255 531 530 529 528 527 526 525 524 522 521 520 519 518 517 516 515 514 513 512 511 510 510 510 510 510 526 526 529 533 536 539 542 545 547 549 551 553 555 557 559 560 562 563 565 566 568 569 570 572 573 574 576 577 578 579 580 581 582
291 290 289 288 287 286 285 284 283 282 281 280 279 278 277 276 275 274 273 272 271 270 269 268 267 266 265 264 263 262 261 260 259 258 256 255 531 530 529 528 527 526 525 524 523 522 521 520 519 518 533 534 537 540 541 543 544 547 549 551 553 555 557 559 561 562 564 566 567 568 570 571 573 574 575 576 578 579 580 581 582 583 585 586 587 588 589 590 591 592 593 594 595 595
291 290 289 288 287 287 286 285 284 283 282 281 280 279 278 277 276 275 274 273 271 270 269 268 267 266 265 264 263 262 261 260 259 258 257 256 532 531 530 545 546 549 552 554 556 558 558 560 561 562 563 564 565 566 566 567 567 568 569 571 572 574 575 576 578 579 580 581 582 584 585 586 587 588 589 590 591 592 593 594 595 596 597 598 599 600 601 601 602 603 604 605 606 606
292 291 290 289 288 287 286 285 284 283 282 281 280 279 278 277 276 275 274 273 272 271 270 269 268 267 266 265 280 279 282 285 288 290 292 293 572 573 573 574 575 576 577 578 579 579 580 580 581 581 582 582 583 583 583 582 583 583 584 585 586 587 589 590 591 592 593 594 595 596 597 598 599 600 601 602 602 603 604 605 606 607 608 608 609 610 611 612 612 613 614 615 615 616
293 292 291 290 289 288 287 286 285 284 283 282 281 280 279 278 277 276 275 290 292 295 298 300 302 304 306 307 308 309 310 311 311 312 313 314 591 592 592 593 593 594 594 594 595 595 595 596 595 595 595 595 595 596 596 596 596 596 596 597 598 599 600 601 602 603 604 604 605 606 607 608 609 610 611 611 612 613 614 615 615 616 617 618 618 619 620 621 621 622 623 623 624 625
293 292 292 291 290 289 288 287 286 301 300 303 306 308 310 312 314 316 317 318 320 321 322 322 323 324 325 325 326 327 327 327 328 328 329 329 606 607 607 607 607 606 607 607 607 607 607 607 607 607 607 607 607 607 607 607 606 606 606 607 608 609 610 610 611 612 613 614 615 615 616 617 618 619 619 620 621 622 622 623 624 624 625 626 627 627 628 629 629 630 631 631 632 632
294 309 310 314 317 320 322 324 325 327 328 329 331 332 333 333 334 335 336 336 337 337 338 338 339 339 339 340 340 340 341 341 341 340 340 341 618 618 618 618 618 618 618 618 618 618 618 618 618 617 617 617 617 617 616 616 616 616 616 616 617 617 618 619 620 621 621 622 623 624 624 625 626 626 627 628 629 629 630 631 631 632 633 633 634 635 635 636 636 637 638 638 639 640
335 337 338 339 341 342 343 343 344 345 346 346 347 347 348 348 349 349 350 350 350 351 351 350 350 350 351 351 351 351 351 351 351 351 351 351 628 628 628 628 628 628 628 627 627 627 627 627 627 626 626 626 626 626 626 625 624 624 624 624 624 625 626 627 627 628 629 630 630 631 632 632 633 634 634 635 636 636 637 638 638 639 639 640 641 641 642 643 643 644 644 645 645 646
353 354 355 356 356 357 357 357 357 358 358 358 359 359 359 360 360 360 360 360 361 361 361 361 361 361 361 361 361 361 361 361 361 361 361 360 360 637 637 637 637 636 636 636 636 636 636 636 635 635 634 634 633 633 633 633 633 632 632 632 631 632 633 634 634 635 636 636 637 638 638 639 640 640 641 642 642 643 643 644 645 645 646 646 647 648 648 649 649 650 650 651 652 652
366 366 367 367 368 368 368 369 369 369 369 370 370 370 370 370 370 370 370 371 371 371 371 371 371 371 371 370 369 369 369 369 369 369 369 369 369 645 645 645 645 645 645 644 643 643 643 643 642 642 642 642 641 641 641 640 640 639 639 638 638 639 639 640 641 641 642 643 643 644 644 645 646 646 647 648 648 649 649 650 650 651 652 652 653 653 654 654 655 656 656 657 657 658
377 378 378 378 378 379 379 379 379 379 379 379 379 379 379 380 380 380 379 379 378 378 378 378 378 378 378 378 378 378 378 377 377 377 377 377 377 652 652 652 652 651 651 651 651 650 650 650 650 649 649 648 647 647 647 647 646 646 646 645 645 645 645 646 646 647 648 648 649 650 650 651 651 652 652 653 654 654 655 655 656 656 657 658 658 659 659 660 660 661 661 662 662 663
386 386 386 387 387 387 387 387 387 387 387 387 387 387 387 387 387 387 387 387 387 386 386 386 386 386 386 386 385 385 384 384 384 383 383 383 383 660 659 659 659 659 658 658 658 656 656 656 655 655 655 655 654 654 654 653 653 651 651 651 650 650 651 651 652 652 653 654 654 655 655 656 657 657 658 658 659 659 660 660 661 662 662 663 663 664 664 665 665 666 666 667 667 668
395 395 395 395 395 395 395 395 395 395 395 395 395 395 395 395 394 394 394 394 394 394 393 392 392 392 392 392 391 391 391 391 391 390 390 390 390 666 665 665 664 664 664 664 663 663 663 662 662 662 661 660 659 659 659 658 658 658 657 657 656 656 656 656 657 657 658 659 659 660 660 661 661 662 662 663 664 664 665 665 666 666 667 667 668 668 669 669 670 670 671 671 672 672
403 403 403 403 403 403 403 403 403 402 402 402 401 401 401 401 401 400 400 400 400 400 399 399 399 399 399 398 398 398 398 397 396 396 395 395 395 672 671 671 671 670 670 670 669 668 668 667 667 666 666 666 665 665 665 664 663 662 662 662 661 661 660 661 661 662 663 663 664 664 665 665 666 666 667 668 668 669 669 670 670 671 671 672 672 673 673 674 674 675 675 675 676 676
409 409 409 409 409 409 409 408 408 408 408 408 408 408 407 407 407 407 407 406 406 406 406 405 404 404 404 403 403 403 403 402 402 402 401 401 401 677 677 676 675 675 675 674 674 674 673 673 672 672 672 670 670 670 669 669 668 668 667 667 667 665 665 665 666 666 667 667 668 669 669 670 670 671 671 672 672 673 673 674 674 675 675 676 676 677 677 678 678 679 679 679 680 680
416 416 415 415 415 415 415 415 415 414 414 414 414 414 413 413 412 412 412 411 411 411 411 410 410 410 409 409 409 409 408 408 408 406 406 406 405 682 682 681 681 680 680 680 679 678 678 677 677 676 676 676 675 675 674 674 672 672 672 671 671 670 670 669 670 670 671 671 672 673 673 674 674 675 675 676 676 677 677 678 678 679 679 679 680 680 681 681 682 682 683 683 684 684
422 422 422 421 421 421 421 420 420 419 419 419 419 418 418 418 418 417 417 417 417 416 416 416 415 415 414 414 413 413 413 412 412 412 411 411 410 687 687 685 685 685 684 684 683 683 683 682 682 681 681 680 679 679 678 678 677 677 676 676 676 674 674 673 674 674 675 675 676 676 677 677 678 678 679 679 680 680 681 681 682 682 683 683 684 684 684 685 685 686 686 687 687 688
427 426 426 426 426 426 425 425 425 425 425 424 424 424 423 423 423 423 422 421 421 420 420 420 420 419 419 419 418 418 418 417 417 415 415 415 414 691 691 690 690 689 689 689 688 687 686 686 685 685 685 684 684 683 683 681 681 680 680 680 679 679 678 678 677 678 678 679 679 680 680 681 681 682 682 683 683 684 684 685 685 685 686 686 687 687 688 688 689 689 689 690 690 691
432 432 431 431 431 431 431 430 430 430 430 428 428 428 427 427 427 427 426 426 426 425 425 425 424 424 424 422 422 422 421 421 420 420 420 419 419 696 695 695 693 693 693 692 692 691 691 690 690 689 688 688 687 687 686 686 685 685 684 684 682 682 681 681 680 681 681 682 682 683 683 684 684 685 685 686 686 687 687 688 688 689 689 689 690 690 691 691 692 692 693 693 693 694
437 436 435 435 435 435 434 434 434 434 433 433 433 432 432 432 432 431 431 431 430 429 429 428 428 428 427 427 426 426 426 425 425 424 423 423 422 699 698 698 698 697 697 696 696 694 694 694 693 693 692 692 691 691 690 689 688 688 687 687 686 686 685 685 683 684 684 685 685 686 686 687 687 688 688 689 689 690 690 691 691 691 692 692 693 693 694 694 695 695 695 696 696 697
441 440 440 440 440 439 439 439 438 438 438 438 437 437 436 435 435 435 434 434 434 433 433 432 432 432 431 431 430 429 429 428 428 428 427 427 426 703 703 701 701 700 700 699 699 698 698 698 697 697 695 695 694 694 693 693 692 692 691 690 689 689 688 688 687 687 687 688 688 689 689 690 690 691 691 692 692 692 693 693 694 694 695 695 696 696 696 697 697 698 698 698 699 699
445 445 444 444 444 444 442 442 442 441 441 441 440 440 440 439 439 439 438 438 438 437 436 436 435 435 434 434 434 433 433 432 432 432 430 430 429 706 705 705 705 704 704 703 702 701 701 700 700 699 699 698 698 697 696 696 695 695 694 694 693 692 692 690 690 689 690 690 691 691 692 692 693 693 694 694 695 695 695 696 696 697 697 698 698 698 699 699 700 700 701 701 701 702
448 448 447 447 447 447 446 446 446 445 445 445 444 444 444 442 442 442 441 441 440 440 440 439 439 439 438 438 436 436 435 435 435 434 434 433 433 709 709 708 707 707 706 706 705 705 704 704 703 702 701 701 700 700 700 699 699 698 696 696 695 695 694 694 693 693 692 693 693 694 694 695 695 696 696 696 697 697 698 698 699 699 699 700 700 701 701 702 702 702 703 703 704 704
452 452 451 451 451 450 450 450 448 448 448 447 447 447 446 446 446 445 445 444 444 444 442 442 441 441 441 440 440 439 439 439 438 438 436 436 435 712 711 711 711 710 710 709 708 707 707 706 706 705 705 704 704 702 702 701 701 700 700 699 699 698 697 696 696 695 695 695 695 696 696 697 697 698 698 699 699 700 700 700 701 701 702 702 702 703 703 704 704 705 705 705 706 706
454 454 454 453 453 453 452 452 452 451 451 451 450 450 450 449 448 448 447 447 446 446 446 445 445 444 444 444 442 442 441 441 440 440 440 439 439 438 715 713 713 712 712 711 711 710 710 709 708 707 707 706 706 705 705 704 704 702 702 701 701 700 700 699 699 697 697 697 698 698 698 699 699 700 700 701 701 702 702 702 703 703 704 704 704 705 705 706 706 707 707 707 708 708
458 457 457 457 456 456 456 455 455 455 453 453 453 452 452 452 451 451 450 450 450 449 449 447 447 447 446 446 445 445 444 444 443 442 442 441 441 440 717 716 716 715 715 713 713 712 712 711 711 710 710 709 708 707 707 706 706 705 705 704 703 702 702 701 701 700 700 699 699 700 700 701 701 702 702 703 703 703 704 704 705 705 705 706 706 707 707 708 708 708 709 709 709 710
461 461 460 459 459 458 458 458 457 457 456 456 456 455 455 455 454 453 452 452 452 451 451 450 450 449 449 449 447 447 446 446 445 445 444 444 444 443 719 718 718 717 717 716 716 715 715 713 713 712 712 711 711 710 710 708 708 707 707 706 706 705 704 704 702 702 701 701 701 702 702 702 703 703 704 704 705 705 705 706 706 707 707 708 708 708 709 709 710 710 710 711 711 712
463 462 462 462 461 461 461 460 460 460 459 458 458 457 457 456 456 456 455 455 454 454 452 452 452 451 451 450 450 449 449 449 448 447 446 446 445 445 721 721 720 720 718 718 717 717 716 716 715 715 714 713 712 712 711 711 710 710 709 708 707 707 706 705 705 704 704 702 703 703 704 704 704 705 705 706 706 707 707 707 708 708 709 709 709 710 710 711 711 711 712 712 713 713
466 465 465 464 463 463 462 462 462 461 461 461 460 460 459 459 459 457 457 456 456 455 455 455 454 454 453 453 451 451 451 450 450 449 449 448 448 446 723 722 722 721 721 720 720 719 718 717 717 716 716 715 715 714 713 712 712 711 711 710 710 709 707 707 706 706 705 705 704 705 705 705 706 706 707 707 708 708 708 709 709 710 710 710 711 711 712 712 712 713 713 714 714 714
