testData/tiles/oneDegree/grid36.0-0.0-37.0-1.0.asc
ncols   200
nrows   200
xllcorner   36.0
yllcorner   0.0
cellsize   0.005
NODATA_value   -9999.0
[rows 84 to 125 of 200, columns 0 to 93 of 200]
575 575 574 574 574 573 573 572 573 573 572 572 571 571 570 570 570 569 569 569 569 568 568 568 567 567 566 566 565 565 565 565 564 564 563 563 562 562 561 561 560 560 560 560 559 559 558 558 557 557 556 603 602 602 601 600 601 600 600 599 599 598 597 597 596 596 595 595 594 593 593 593 593 594 594 595 595 595 596 596 596 597 597 597 598 597 597 598 599 599 599 599 599 600
575 575 575 574 574 573 573 573 572 573 572 572 572 571 571 570 570 569 569 570 569 569 568 568 567 567 566 566 565 565 565 565 565 564 564 563 563 562 562 561 561 560 561 560 560 559 559 558 557 557 556 603 602 602 601 601 601 601 600 599 599 598 598 597 597 596 595 595 594 594 593 593 593 593 594 594 594 595 595 595 596 596 596 597 597 597 597 597 598 599 599 598 599 599
576 575 575 575 574 574 573 573 572 573 573 572 572 571 571 571 570 570 569 570 569 569 568 568 567 567 567 566 566 565 566 565 565 564 564 563 563 562 562 561 561 560 560 560 560 559 559 558 558 557 557 556 603 602 601 601 601 601 600 600 599 599 598 597 597 596 596 595 594 594 593 594 593 592 593 594 595 595 595 595 595 595 596 596 596 597 597 597 597 598 598 599 598 598
576 576 575 575 574 574 574 573 573 573 573 572 572 572 571 571 570 570 569 570 570 569 569 568 568 567 567 566 566 565 565 565 565 564 564 564 563 563 562 562 561 561 560 561 560 559 559 558 558 557 557 556 556 602 602 601 602 601 600 600 599 599 598 598 597 596 596 595 595 594 593 593 593 593 593 593 594 594 595 595 595 596 595 595 596 596 596 597 597 597 598 598 598 598
576 576 575 575 575 574 574 573 573 573 573 573 572 572 571 571 571 570 570 569 570 569 569 568 568 567 567 567 566 566 565 566 565 565 564 564 563 563 562 562 561 561 560 561 560 560 559 559 558 558 557 557 556 555 602 601 601 601 601 600 600 599 598 598 597 597 596 596 595 594 594 593 594 593 592 593 593 593 594 594 594 595 595 596 595 595 596 596 596 597 597 597 597 598
576 576 576 575 575 574 574 574 573 574 573 573 572 572 572 571 571 570 570 569 570 570 569 569 568 568 567 567 566 566 565 566 565 565 564 564 563 563 562 562 562 561 560 561 560 560 559 559 558 558 557 557 556 556 555 602 601 602 601 600 600 599 599 598 598 597 596 596 595 595 594 593 594 593 593 592 592 593 593 593 594 594 594 595 595 595 595 595 595 596 597 597 597 597
577 576 576 575 575 575 574 574 573 573 573 573 573 572 572 571 571 570 570 570 570 570 569 569 568 568 567 567 567 566 566 566 566 565 565 564 564 563 563 562 562 561 561 560 561 560 560 559 559 558 558 557 556 556 555 555 601 602 601 601 600 599 599 598 598 597 597 596 595 595 594 594 594 593 593 592 592 592 592 593 593 593 594 594 594 595 595 594 595 595 596 597 597 596
577 576 576 576 575 575 574 574 574 573 574 573 573 572 572 572 571 571 570 570 570 570 569 569 569 568 568 567 567 566 566 565 566 565 565 564 564 563 563 562 562 561 561 560 561 560 560 559 559 558 558 557 557 556 556 555 602 602 601 601 600 600 599 599 598 597 597 596 596 595 594 594 593 594 593 592 592 591 591 592 592 593 593 593 594 594 594 595 595 594 596 596 596 596
577 577 576 576 575 575 575 574 574 573 574 573 573 573 572 572 571 571 570 570 571 570 570 569 569 568 568 567 567 566 566 566 566 566 565 565 564 564 563 563 562 562 561 561 561 561 560 560 559 559 558 557 557 556 556 555 555 601 602 601 601 600 599 599 598 598 597 596 596 595 595 594 593 594 593 593 592 591 591 591 591 592 592 593 593 593 594 594 594 594 594 595 595 596
577 577 576 576 576 575 575 574 574 573 574 574 573 573 572 572 572 571 571 570 570 570 570 569 569 569 568 568 567 567 566 566 566 566 565 565 564 564 563 563 562 562 561 561 561 561 560 560 559 559 558 558 557 557 556 556 555 554 602 601 601 600 600 599 598 598 597 597 596 596 595 594 594 594 593 593 592 592 591 590 591 591 591 592 592 592 593 593 593 594 594 594 595 595
576 577 577 576 576 575 575 575 574 574 574 574 573 573 573 572 572 571 571 570 570 571 570 570 569 569 568 568 567 567 566 566 566 566 566 565 565 564 564 563 563 562 562 561 561 561 561 560 559 559 558 558 557 557 556 556 555 555 555 602 601 600 600 599 599 598 597 597 596 596 595 595 594 593 594 593 592 592 591 591 590 590 591 591 591 592 592 592 593 593 593 594 595 594
577 577 577 576 576 576 575 575 574 574 573 574 574 573 573 572 572 571 571 571 570 571 570 570 569 569 568 568 568 567 567 566 566 566 566 565 565 564 564 563 563 562 562 561 561 561 561 560 560 559 559 558 558 557 556 556 555 555 554 555 601 601 600 599 599 598 598 597 597 596 595 595 594 594 594 593 593 592 591 591 590 590 590 590 591 591 591 592 592 592 593 593 594 594
577 577 577 577 576 576 575 575 574 574 574 574 574 573 573 573 572 572 571 571 570 571 570 570 570 569 569 568 568 567 567 566 566 566 566 565 565 564 564 563 563 562 562 561 561 561 561 560 560 559 559 558 558 557 557 556 556 555 554 555 554 601 600 600 599 599 598 597 597 596 596 595 594 594 594 594 593 592 592 591 590 590 589 589 590 590 590 591 591 591 592 592 592 594
577 577 577 577 576 576 575 575 575 574 574 574 574 574 573 573 572 572 571 571 571 570 571 570 570 569 569 568 568 567 567 567 566 567 566 566 565 565 564 564 563 563 562 562 561 561 561 561 560 560 559 559 558 557 557 556 556 555 555 555 555 554 600 600 599 599 598 598 597 596 596 595 595 594 593 594 593 592 592 591 591 590 589 590 590 590 591 591 590 591 591 591 592 593
577 577 577 577 576 576 576 575 575 574 574 575 574 574 573 573 572 572 572 571 571 570 571 570 570 569 569 569 568 568 567 567 566 567 566 566 565 565 564 564 563 563 562 562 561 561 561 561 560 560 559 559 558 558 557 557 556 555 555 554 555 554 601 600 600 599 598 598 597 597 596 595 595 594 594 594 593 593 592 591 591 590 590 589 589 590 590 590 591 591 590 591 591 592
577 577 577 577 577 576 576 575 575 575 574 574 574 574 574 573 573 572 572 571 571 570 571 571 570 570 569 569 568 568 567 567 566 566 566 566 566 565 565 564 564 563 563 562 562 561 562 561 560 560 559 559 558 558 557 557 556 556 555 555 555 554 554 600 600 599 599 598 597 597 596 596 595 594 594 593 594 593 592 592 591 590 590 589 588 589 589 589 590 590 590 590 590 590
577 577 578 577 577 576 576 576 575 575 574 574 575 574 574 573 573 572 572 572 571 571 570 571 570 570 569 569 568 568 568 567 567 566 567 566 566 565 565 564 564 563 563 562 562 561 561 561 561 560 560 559 559 558 557 557 556 556 555 555 555 555 554 553 600 599 599 598 598 597 596 596 595 595 594 593 594 593 592 592 591 591 590 589 589 588 588 589 589 589 590 590 590 590
578 577 578 577 577 577 576 576 575 575 575 574 575 574 574 573 573 573 572 572 571 571 570 571 570 570 570 569 569 568 568 567 567 566 567 566 566 565 565 564 564 563 563 562 562 561 561 561 561 560 560 559 559 558 558 557 557 556 555 555 554 555 554 554 553 600 599 598 598 597 597 596 595 595 594 594 593 593 593 592 591 591 590 589 589 588 588 588 588 589 589 589 589 590
578 577 577 578 577 577 576 576 576 575 575 574 574 574 574 574 573 573 572 572 571 571 571 571 571 570 570 569 569 568 568 567 567 566 566 567 566 566 565 565 564 564 563 563 562 562 561 562 561 561 560 559 559 558 558 557 557 556 556 555 555 555 554 554 553 553 599 599 598 597 597 596 596 595 594 594 593 594 593 592 592 591 590 590 589 588 588 587 587 588 588 588 589 589
578 577 577 578 577 577 577 576 576 575 575 574 574 575 574 574 573 573 572 572 572 571 571 570 571 570 570 569 569 569 568 568 567 567 566 567 566 566 565 565 564 564 563 563 562 562 561 561 561 561 560 560 559 559 558 557 557 556 556 555 555 554 555 554 553 553 552 599 598 598 597 596 596 595 595 594 593 594 593 592 592 591 591 590 589 589 588 587 587 587 587 588 588 588
578 578 577 578 577 577 577 576 576 575 575 575 574 575 574 574 574 573 573 572 572 571 571 570 571 571 570 570 569 569 568 568 567 567 566 567 566 566 565 565 564 564 563 563 562 562 561 561 561 561 560 560 559 559 558 558 557 557 556 555 555 554 555 554 554 553 553 552 598 598 597 597 596 595 595 594 594 593 593 593 592 591 591 590 589 589 588 587 587 586 586 587 587 587
578 578 577 577 578 577 577 576 576 576 575 575 574 574 575 574 574 573 573 572 572 571 571 571 571 571 570 570 569 569 568 568 567 567 567 566 567 566 566 565 565 564 564 563 563 562 562 561 562 561 561 560 559 559 558 558 557 557 556 556 555 555 555 554 554 553 553 552 552 598 597 597 596 596 595 594 594 593 593 593 592 592 591 590 590 589 588 588 587 586 586 586 586 587
578 578 578 577 578 577 577 577 576 576 575 575 575 574 575 574 574 573 573 573 572 572 571 571 570 571 570 570 569 569 569 568 568 567 567 566 567 566 566 565 565 564 564 563 563 562 562 561 561 561 561 560 560 559 559 558 557 557 556 556 555 555 554 555 554 553 553 552 552 551 598 597 596 596 595 595 594 593 593 593 592 592 591 590 590 589 589 588 587 587 586 585 585 586
579 578 578 577 578 578 577 577 576 576 576 575 575 574 575 574 574 574 573 573 572 572 571 571 570 571 571 570 570 569 569 568 568 567 567 566 567 566 566 565 565 564 564 563 563 562 562 561 561 561 561 560 560 559 559 558 558 557 557 556 555 555 554 555 554 554 553 552 552 551 598 597 597 596 595 595 594 593 593 593 593 592 591 591 590 589 589 588 587 587 586 585 585 585
579 578 578 577 577 578 577 577 576 576 576 575 575 574 574 575 574 574 573 573 572 572 572 571 571 571 571 570 570 569 569 568 568 567 567 567 566 567 566 566 565 565 564 564 563 563 562 562 561 561 561 560 560 559 559 558 558 557 557 556 556 555 554 554 554 554 553 553 552 551 551 597 597 596 595 595 594 594 593 592 593 592 591 591 590 590 589 588 588 587 586 586 585 584
579 578 578 578 577 578 577 577 577 576 576 575 575 575 574 575 574 574 573 573 573 572 572 571 571 570 571 570 570 570 569 569 568 568 567 567 566 567 566 566 565 565 564 564 563 563 562 562 561 561 561 561 560 560 559 559 558 557 557 556 556 555 555 554 555 554 553 553 552 552 551 550 597 596 596 595 594 594 593 593 593 592 592 591 590 590 589 588 588 587 586 586 585 584
579 579 578 578 577 578 578 577 577 576 576 576 575 575 574 575 574 574 574 573 573 572 572 571 571 570 571 571 570 570 569 569 568 568 567 567 566 566 566 566 565 565 564 564 563 563 562 562 561 561 560 561 560 560 559 559 558 558 557 556 556 555 555 554 554 554 554 553 552 552 551 551 550 596 596 595 595 594 593 593 592 592 592 591 591 590 589 589 588 587 587 586 585 585
579 579 578 578 578 577 578 577 577 576 576 576 575 575 574 574 575 574 574 573 573 572 572 572 571 571 571 571 570 570 569 569 568 568 567 567 567 566 567 566 566 565 565 564 564 563 563 562 562 561 560 561 560 560 559 559 558 558 557 557 556 556 555 554 554 554 554 553 553 552 551 551 550 550 596 595 595 594 594 593 592 592 592 591 591 590 589 589 588 587 587 586 585 585
579 579 578 578 578 577 578 577 577 577 576 576 575 575 575 574 575 574 574 573 573 573 572 572 571 571 570 571 570 570 569 569 569 568 568 567 567 566 566 566 566 565 565 564 564 563 563 562 562 561 561 561 561 560 560 559 558 558 557 557 556 556 555 555 554 553 554 553 553 552 552 551 550 550 549 596 595 594 594 593 592 592 592 592 591 590 590 589 588 588 587 586 586 585
579 579 579 578 578 577 578 578 577 577 576 576 576 575 575 574 575 574 574 574 573 573 572 572 571 571 570 571 571 570 570 569 569 568 568 567 567 566 566 566 566 565 565 564 564 563 563 562 562 561 561 560 561 560 560 559 559 558 558 557 556 556 555 555 554 554 554 553 553 552 552 551 551 550 549 549 595 594 594 593 593 592 591 592 591 590 590 589 588 588 587 586 586 585
579 579 579 578 578 578 577 578 577 577 576 576 576 575 575 574 574 575 574 574 573 573 572 572 571 571 571 570 571 570 570 569 569 568 568 567 567 566 566 566 566 566 565 565 564 564 563 562 562 561 561 560 561 560 560 559 559 558 558 557 557 556 555 555 554 554 553 554 553 552 552 551 551 550 549 549 548 595 594 593 593 592 591 592 591 591 590 589 589 588 587 587 586 585
580 579 579 578 578 578 577 578 577 577 577 576 576 575 575 575 574 575 574 574 573 573 573 572 572 571 571 570 571 570 570 569 569 568 568 568 567 567 566 566 566 566 565 565 564 564 563 563 562 562 561 561 560 560 560 559 559 558 558 557 557 556 556 555 554 554 553 554 553 553 552 551 551 550 550 549 548 548 594 594 593 592 592 591 591 591 590 589 589 588 587 587 586 585
580 579 579 579 578 578 577 578 578 577 577 576 576 576 575 575 574 574 574 574 574 573 573 572 572 571 571 570 571 570 570 570 569 569 568 568 567 567 566 566 566 566 565 565 564 564 563 563 562 562 561 561 560 561 560 560 559 558 558 557 557 556 556 555 555 554 553 553 553 553 552 552 551 550 550 549 549 548 547 594 593 592 592 591 591 591 590 590 589 588 588 587 586 586
580 579 579 579 578 578 577 577 578 577 577 576 576 576 575 575 574 574 575 574 574 573 573 572 572 571 571 571 570 571 570 570 569 569 568 568 567 567 566 566 565 566 565 565 564 564 563 563 562 562 561 561 560 560 560 560 559 559 558 558 557 556 556 555 555 554 554 553 552 553 552 552 551 550 550 549 549 548 547 547 593 593 592 591 591 591 590 590 589 588 588 587 586 586
580 580 579 579 578 578 578 577 578 577 577 577 576 576 575 575 574 574 575 574 574 573 573 572 572 572 571 571 570 571 570 570 569 569 568 568 567 567 566 566 566 566 566 565 565 564 564 563 563 562 561 561 560 560 560 560 559 559 558 558 557 557 556 555 555 554 554 553 553 553 552 552 551 551 550 549 549 548 548 547 546 593 592 591 591 590 591 590 589 589 588 587 587 586
580 580 579 579 579 578 578 577 577 578 577 577 576 576 575 575 575 574 574 574 574 573 573 573 572 572 571 571 570 570 570 570 569 569 569 568 568 567 567 566 566 565 566 565 565 564 564 563 563 562 562 561 561 560 560 560 559 559 558 558 557 557 556 556 555 554 554 553 553 552 553 552 551 551 550 550 549 548 548 547 546 546 592 592 591 590 590 590 589 589 588 587 587 586
580 580 579 579 579 578 578 577 577 578 577 577 576 576 576 575 575 574 574 574 574 574 573 573 572 572 571 571 570 570 571 570 570 569 569 568 568 567 567 566 566 565 566 565 565 564 564 563 563 562 562 561 561 560 560 560 560 559 558 558 557 557 556 556 555 555 554 553 553 552 553 552 552 551 550 550 549 548 548 547 547 546 545 592 591 590 590 590 589 589 588 587 587 586
580 580 580 579 579 578 578 578 577 578 577 577 577 576 576 575 575 574 574 574 574 574 573 573 572 572 571 571 571 570 570 570 570 569 569 568 568 567 567 566 566 565 565 565 565 564 564 563 563 562 562 561 561 560 560 559 560 559 559 558 558 557 556 556 555 555 554 554 553 552 552 552 552 551 550 550 549 549 548 547 547 546 545 545 591 591 590 589 590 589 588 588 587 586
580 580 580 579 579 578 578 578 577 577 577 577 577 576 576 575 575 575 574 574 574 574 573 573 572 572 572 571 571 570 570 570 570 569 569 568 568 567 567 566 566 566 565 566 565 565 564 564 563 562 562 561 561 560 560 559 559 559 559 558 558 557 557 556 555 555 554 554 553 553 552 551 552 551 551 550 549 549 548 548 547 546 546 545 544 591 590 589 589 589 588 588 587 586
580 580 580 579 579 579 578 578 577 577 578 577 577 576 576 575 575 575 574 574 573 574 573 573 573 572 572 571 571 570 570 569 570 569 569 569 568 568 567 567 566 566 565 565 565 565 564 564 563 563 562 562 561 561 560 559 559 559 559 558 558 557 557 556 556 555 554 554 553 553 552 551 552 551 551 550 549 549 548 548 547 546 546 545 544 544 590 590 589 588 589 588 587 587
580 580 580 579 579 579 578 578 577 577 577 577 577 576 576 576 575 575 574 574 573 574 574 573 573 572 572 571 571 570 570 570 570 570 569 569 568 568 567 567 566 566 565 565 565 565 564 564 563 563 562 562 561 561 560 560 559 558 559 558 558 557 557 556 556 555 554 554 553 553 552 552 551 551 551 550 550 549 548 548 547 547 546 545 545 544 543 590 589 588 589 588 587 587
580 579 580 580 579 579 578 578 578 577 577 577 577 577 576 576 575 575 574 574 574 573 574 573 573 572 572 571 571 571 570 570 569 570 569 569 568 568 567 567 566 566 565 565 564 565 564 564 563 563 562 562 561 561 560 560 559 559 559 559 558 557 557 556 556 555 555 554 553 553 552 552 551 551 551 550 550 549 548 548 547 547 546 545 545 544 543 543 589 588 588 588 587 587
