testData/tiles/oneDegree/grid44.0-8.0-45.0-9.0.asc
ncols   200
nrows   200
xllcorner   44.0
yllcorner   8.0
cellsize   0.005
NODATA_value   -9999.0
[rows 84 to 125 of 200, columns 0 to 93 of 200]
493 493 492 492 493 492 492 491 491 491 491 491 490 490 489 489 488 488 488 486 486 485 485 483 483 481 481 479 478 477 475 243 241 241 242 229 230 230 231 231 232 232 233 233 233 234 234 235 235 236 236 237 237 237 238 238 239 239 240 240 240 241 241 242 242 242 250 250 251 251 251 252 252 253 253 253 254 254 254 255 255 255 256 256 257 257 257 258 258 258 259 259 259 260
494 493 493 492 493 493 492 492 491 491 490 490 491 490 490 489 488 487 487 486 486 485 484 484 483 482 481 480 478 477 475 473 471 242 229 230 230 231 231 231 232 232 233 233 234 234 235 235 236 236 236 237 237 238 238 239 239 239 240 240 241 241 241 242 242 243 250 250 251 251 252 252 252 253 253 254 254 254 255 255 255 256 256 256 257 257 257 258 258 259 259 259 260 260
493 494 493 493 492 493 493 492 492 491 491 490 490 489 489 489 488 488 487 487 486 485 484 484 482 482 480 480 478 477 475 473 471 472 459 460 230 231 231 232 232 233 233 234 234 235 235 235 236 236 237 237 238 238 238 239 239 240 240 241 241 241 242 242 243 243 250 251 251 252 252 252 253 253 253 254 254 255 255 255 256 256 256 257 257 257 258 258 258 259 259 259 260 260
493 494 493 493 493 492 493 492 492 492 491 491 490 490 489 489 488 488 488 487 486 485 485 484 483 482 481 479 478 476 475 472 472 472 460 460 461 461 232 232 233 233 233 234 234 235 235 236 236 237 237 237 238 238 239 239 240 240 240 241 241 242 242 242 243 243 251 251 251 252 252 253 253 253 254 254 254 255 255 256 256 256 257 257 257 258 258 258 259 259 259 260 260 260
494 493 494 493 493 493 492 492 492 492 491 491 491 490 490 489 489 488 488 486 486 485 485 484 483 482 481 480 478 477 475 473 472 473 460 460 461 461 462 462 233 233 234 234 235 235 236 236 236 237 237 238 238 239 239 239 240 240 241 241 242 242 242 243 243 244 251 251 252 252 253 253 253 254 254 254 255 255 255 256 256 257 257 257 258 258 258 259 259 259 260 260 260 261
494 494 493 494 493 493 492 492 492 492 492 491 491 490 490 490 489 488 487 487 486 486 484 484 482 482 480 480 478 476 474 472 472 473 460 461 461 462 462 463 463 464 234 235 235 235 236 236 237 237 238 238 239 239 239 240 240 241 241 241 242 242 243 243 243 244 251 252 252 252 253 253 254 254 254 255 255 255 256 256 256 257 257 258 258 258 259 259 259 260 260 260 261 261
494 494 493 493 494 493 493 492 492 492 491 491 491 491 489 489 488 488 487 487 487 485 485 484 483 482 481 479 478 476 475 472 473 460 461 461 462 462 463 463 463 464 464 465 235 236 236 237 237 237 238 238 239 239 240 240 240 241 241 242 242 243 243 243 244 251 252 252 252 253 253 253 254 254 255 255 255 256 256 256 257 257 257 258 258 259 259 259 260 260 260 261 261 261
495 494 494 493 493 494 493 493 492 492 491 491 491 490 490 489 489 488 488 487 486 485 485 483 483 481 481 479 478 476 474 472 473 460 461 461 462 462 463 463 464 464 465 465 466 466 236 237 237 238 238 239 239 240 240 240 241 241 242 242 242 243 243 244 244 251 252 252 253 253 253 254 254 254 255 255 256 256 256 257 257 257 258 258 258 259 259 259 260 260 260 261 261 261
494 495 494 494 493 493 493 493 493 492 492 491 491 490 490 490 489 489 488 487 486 486 484 484 483 482 480 479 477 476 473 473 473 461 461 462 462 463 463 464 464 464 465 465 466 466 467 467 238 238 239 239 239 240 240 241 241 241 242 242 243 243 244 244 244 252 252 252 253 253 254 254 254 255 255 256 256 256 257 257 257 258 258 258 259 259 259 260 260 260 261 261 261 262
493 494 494 494 494 493 493 493 493 492 492 492 491 491 490 490 489 489 487 487 486 486 485 484 483 482 481 479 478 475 474 473 474 461 462 462 462 463 463 464 464 465 465 466 466 467 467 467 468 468 469 239 240 240 240 241 241 242 242 243 243 243 244 244 245 252 252 253 253 254 254 254 255 255 255 256 256 257 257 257 258 258 258 259 259 259 260 260 260 261 261 261 262 262
494 493 494 493 494 494 493 493 492 493 492 492 491 491 491 490 489 488 488 487 487 485 485 483 483 481 480 478 477 475 473 473 474 461 462 462 463 463 464 464 465 465 466 466 466 467 467 468 468 469 469 469 470 240 241 241 242 242 242 243 243 244 244 244 245 252 253 253 253 254 254 255 255 255 256 256 256 257 257 257 258 258 259 259 259 260 260 260 261 261 261 262 262 262
494 493 493 494 493 493 492 493 493 492 492 491 491 490 490 489 489 488 488 488 486 486 485 484 482 482 480 479 477 475 473 474 461 462 462 463 463 464 464 464 465 465 466 466 467 467 468 468 468 469 469 470 470 471 471 241 242 242 243 243 244 244 244 245 245 253 253 253 254 254 254 255 255 256 256 256 257 257 257 258 258 258 259 259 260 260 260 261 261 261 262 262 262 263
494 494 493 493 494 493 493 492 492 491 492 492 491 491 490 490 489 489 488 487 486 486 484 484 482 481 480 479 476 475 473 474 461 462 462 463 463 464 464 465 465 466 466 467 467 467 468 468 469 469 470 470 470 471 471 472 472 243 243 243 244 244 245 245 245 253 253 254 254 254 255 255 255 256 256 257 257 257 258 258 258 259 259 259 260 260 260 261 261 261 262 262 262 263
495 494 494 493 493 492 493 493 492 492 491 491 490 490 490 490 490 488 488 487 487 485 485 483 483 481 480 478 477 474 474 474 462 462 463 463 464 464 465 465 465 466 466 467 467 468 468 469 469 469 470 470 471 471 472 472 472 473 473 244 244 244 245 245 246 253 253 254 254 255 255 255 256 256 256 257 257 258 258 258 259 259 259 260 260 260 261 261 261 262 262 262 263 263
494 494 494 494 493 493 492 492 492 492 492 491 491 490 490 488 488 488 488 487 486 485 485 484 482 482 480 479 476 474 474 474 462 462 463 463 464 464 465 465 466 466 467 467 468 468 468 469 469 470 470 471 471 471 472 472 473 473 474 474 474 245 245 246 253 253 254 254 254 255 255 256 256 256 257 257 257 258 258 259 259 259 260 260 260 261 261 261 262 262 262 263 263 263
494 494 494 494 493 493 493 492 492 491 491 490 490 490 489 489 488 488 487 486 485 486 484 484 482 481 479 478 476 474 474 475 462 463 463 464 464 465 465 466 466 466 467 467 468 468 469 469 470 470 470 471 471 472 472 473 473 473 474 474 475 475 475 246 253 254 254 254 255 255 255 256 256 257 257 257 258 258 258 259 259 259 260 260 261 261 261 262 262 262 263 263 263 264
494 494 494 494 494 493 493 492 492 492 491 491 490 490 489 489 488 488 486 486 486 484 484 482 482 481 480 477 476 474 475 462 463 463 463 464 464 465 465 466 466 467 467 468 468 469 469 469 470 470 471 471 472 472 472 473 473 474 474 474 475 475 476 476 253 254 254 255 255 255 256 256 256 257 257 258 258 258 259 259 259 260 260 260 261 261 261 262 262 262 263 263 263 264
495 494 494 493 493 494 493 493 492 492 491 491 491 490 490 489 489 487 487 486 485 484 483 482 481 479 478 476 474 474 475 462 463 463 464 464 465 465 466 466 467 467 467 468 468 469 469 470 470 471 471 471 472 472 473 473 473 474 474 475 475 476 476 476 484 484 254 255 255 256 256 256 257 257 257 258 258 259 259 259 260 260 260 261 261 261 262 262 262 263 263 263 264 264
495 495 494 494 493 493 494 493 493 492 492 491 491 490 490 488 488 488 487 486 485 485 483 482 481 480 478 476 474 474 474 462 462 463 464 464 465 465 466 466 467 467 468 468 469 469 469 470 470 471 471 472 472 472 473 473 474 474 475 475 475 476 476 477 484 484 485 485 255 256 256 257 257 257 258 258 258 259 259 260 260 260 261 261 261 262 262 262 263 263 263 264 264 264
494 495 495 494 494 493 493 492 492 491 491 491 490 490 489 489 488 488 486 486 485 484 483 482 480 479 477 476 473 474 474 462 462 463 463 464 464 465 465 466 467 468 468 468 469 469 470 470 471 471 471 472 472 473 473 474 474 474 475 475 476 476 476 477 484 485 485 485 486 486 256 257 257 258 258 258 259 259 259 260 260 260 261 261 262 262 262 263 263 263 264 264 264 265
495 494 495 494 494 494 493 493 492 492 491 491 490 490 489 489 489 487 487 486 485 484 483 482 481 479 478 475 474 474 462 462 463 463 464 464 464 465 465 466 466 467 467 468 468 469 470 470 471 471 472 472 473 473 473 474 474 475 475 475 476 476 477 477 484 485 485 486 486 486 487 487 257 258 258 259 259 259 260 260 260 261 261 261 262 262 262 263 263 263 264 264 264 265
495 494 494 494 494 494 493 493 492 492 492 491 491 490 490 489 488 487 487 485 485 483 483 481 480 478 477 474 474 474 462 462 463 463 464 464 465 465 466 466 467 467 467 468 468 469 469 470 470 471 471 471 472 472 473 473 474 475 475 476 476 477 477 477 485 485 485 486 486 487 487 487 488 488 258 259 259 260 260 260 261 261 261 262 262 262 263 263 263 264 264 263 264 264
495 495 494 494 494 493 494 493 493 492 492 491 491 490 489 489 488 488 486 486 485 484 482 482 480 479 476 475 474 475 462 463 463 464 464 465 465 465 466 466 467 467 468 468 469 469 470 470 470 471 471 472 472 473 473 473 474 474 475 475 475 476 476 484 484 484 485 485 485 486 486 487 487 487 488 488 258 259 259 260 260 260 261 261 261 262 262 262 263 263 263 264 264 264
495 495 495 494 494 493 493 492 492 492 491 491 490 490 489 489 488 487 486 486 484 484 482 481 479 478 476 474 474 475 462 463 463 464 464 465 465 466 466 467 467 468 468 468 469 469 470 470 471 471 471 472 472 473 473 474 474 474 475 475 476 476 476 484 484 485 485 485 486 486 486 487 487 488 488 488 489 259 259 260 260 260 261 261 261 262 262 262 263 263 263 264 264 264
495 494 495 494 494 494 493 493 492 492 491 491 491 490 490 489 488 487 487 485 485 483 483 481 480 477 476 474 475 462 463 463 464 464 465 465 466 466 466 467 467 468 468 469 469 470 470 470 471 471 472 472 473 473 473 474 474 475 475 475 476 476 477 484 484 485 485 486 486 486 487 487 487 488 488 489 489 489 490 260 260 261 261 261 262 262 262 263 263 263 264 264 264 265
495 495 494 495 494 494 493 493 493 492 492 491 491 490 489 488 488 487 486 485 484 483 482 481 479 478 475 474 475 462 463 463 464 464 465 465 466 466 467 467 468 468 469 469 469 470 470 471 471 472 472 472 473 473 474 474 474 475 475 476 476 476 477 484 485 485 485 486 486 487 487 487 488 488 488 489 489 489 490 490 491 261 261 262 262 262 263 263 263 264 264 264 265 265
495 495 494 494 494 493 494 493 493 492 492 491 490 490 489 489 488 487 486 485 484 483 482 481 479 477 474 475 475 463 463 464 464 465 465 466 466 466 467 467 468 468 469 469 470 470 471 471 471 472 472 473 473 473 474 474 475 475 476 476 476 477 477 485 485 485 486 486 486 487 487 488 488 488 489 489 489 490 490 490 491 491 491 262 262 262 263 263 264 264 264 264 265 265
496 495 495 494 494 493 493 493 492 492 491 491 490 490 489 489 487 487 486 485 484 483 482 480 479 477 475 475 475 463 463 464 464 465 465 466 466 467 467 468 468 469 469 469 470 470 471 471 472 472 472 473 473 474 474 475 475 475 476 476 477 477 477 485 485 486 486 486 487 487 487 488 488 489 489 489 490 490 490 491 491 491 492 492 262 263 263 263 264 264 264 265 265 265
495 495 495 495 494 494 493 493 492 492 491 491 491 490 489 488 488 487 486 485 484 482 482 480 478 476 475 475 463 463 464 464 465 465 466 466 467 467 467 468 468 469 469 470 470 471 471 471 472 472 473 473 474 474 474 475 475 476 476 476 477 477 478 485 485 486 486 487 487 487 488 488 488 489 489 489 490 490 491 491 491 492 492 492 493 493 263 264 264 264 265 265 265 266
495 495 494 495 494 494 494 493 493 492 492 491 490 489 489 488 488 486 486 484 484 483 481 480 478 476 475 475 463 463 464 464 465 465 466 466 467 467 468 468 469 469 469 470 470 471 471 472 472 473 473 473 474 474 475 475 475 476 476 477 477 477 478 485 486 486 486 487 487 487 488 488 489 489 489 490 490 490 491 491 491 492 492 492 493 493 494 494 264 264 265 265 265 266
495 495 495 494 494 493 493 492 492 491 491 491 490 490 489 488 487 487 485 485 483 482 480 479 477 475 475 476 463 464 464 465 465 466 466 467 467 467 468 468 469 469 470 470 471 471 471 472 472 473 473 474 474 474 475 475 476 476 476 477 477 478 478 485 486 486 487 487 487 488 488 488 489 489 490 490 490 491 491 491 492 492 492 493 493 493 494 494 494 265 265 265 266 266
496 495 495 494 494 493 493 493 492 492 491 491 490 490 488 488 487 486 485 484 483 482 480 479 476 475 475 463 463 464 464 465 465 466 466 467 467 468 468 469 469 469 470 470 471 471 472 472 473 473 473 474 474 475 475 475 476 476 477 477 477 478 478 486 486 486 487 487 488 488 488 489 489 489 490 490 490 491 491 492 492 492 493 493 493 494 494 494 495 495 495 266 266 266
495 494 495 495 494 494 493 493 492 492 491 491 490 489 489 488 487 486 485 484 483 481 480 478 476 475 476 463 464 464 465 465 466 466 467 467 467 468 468 469 469 470 470 471 471 471 472 472 473 473 474 474 474 475 475 476 476 476 477 477 478 478 478 486 486 487 487 487 488 488 489 489 489 490 490 490 491 491 491 492 492 492 493 493 493 494 494 494 495 495 495 496 496 266
495 495 494 494 494 494 494 493 493 491 491 490 490 489 489 487 487 486 485 483 483 481 480 477 476 475 476 463 464 464 465 465 466 466 467 467 468 468 469 469 470 470 470 471 471 472 472 473 473 473 474 474 475 475 475 476 476 477 477 478 478 478 479 486 486 487 487 488 488 488 489 489 489 490 490 491 491 491 492 492 492 493 493 493 494 494 494 495 495 495 496 496 496 497
495 495 495 494 494 493 493 492 492 491 491 491 490 490 488 488 487 486 485 484 482 481 479 478 475 476 476 464 464 465 465 466 466 467 467 467 468 468 469 469 470 470 471 471 471 472 472 473 473 474 474 474 475 475 476 476 477 477 477 478 478 479 486 486 487 487 487 488 488 489 489 489 490 490 490 491 491 491 492 492 493 493 493 494 494 494 495 495 495 496 496 496 497 497
495 495 495 494 494 493 493 493 492 492 491 491 489 489 488 488 486 486 484 483 482 481 478 477 475 476 463 464 464 465 465 466 466 467 467 468 468 469 469 470 470 470 471 471 472 472 473 473 473 474 474 475 475 476 476 476 477 477 478 478 478 479 486 487 487 487 488 488 488 489 489 490 490 490 491 491 491 492 492 492 493 493 493 494 494 494 495 495 495 496 496 496 497 497
494 493 494 494 493 494 493 493 492 492 490 490 490 489 488 487 487 485 485 483 482 480 479 476 476 476 464 464 465 465 466 466 467 467 467 468 468 469 469 470 470 471 471 472 472 472 473 473 474 474 474 475 475 476 476 477 477 477 478 478 479 479 486 487 487 487 488 488 489 489 489 490 490 490 491 491 492 492 492 493 493 493 494 494 494 495 495 495 496 496 496 497 497 497
494 494 493 493 492 492 492 491 492 491 491 490 490 488 488 487 486 485 484 482 481 479 478 475 476 476 464 464 465 465 466 466 467 467 468 468 469 469 470 470 470 471 471 472 472 473 473 473 474 474 475 475 476 476 476 477 477 478 478 478 479 479 487 487 487 488 488 488 489 489 490 490 490 491 491 491 492 492 492 493 493 493 494 494 495 495 495 496 496 496 496 497 497 497
494 494 494 493 493 492 492 491 491 490 490 489 489 489 488 487 486 485 483 483 481 480 477 476 476 464 464 465 465 466 466 466 467 467 468 468 469 469 470 470 471 471 471 472 472 473 473 474 474 475 475 475 476 476 477 477 477 478 478 479 479 479 487 487 488 488 488 489 489 489 490 490 491 491 491 492 492 492 493 493 493 494 494 494 495 495 495 496 496 496 497 497 497 498
494 494 494 493 493 492 492 492 491 490 489 489 488 488 486 487 485 485 483 482 480 479 476 476 476 464 464 465 465 466 466 467 467 468 468 469 469 469 470 470 471 471 472 472 473 473 473 474 474 475 475 476 476 476 477 477 478 478 478 479 479 480 487 487 488 488 488 489 489 490 490 490 491 491 491 492 492 493 493 493 494 494 494 495 495 495 496 496 496 497 497 497 498 498
494 493 493 493 492 492 491 491 490 490 489 489 487 487 487 485 485 483 482 481 480 478 476 476 477 464 465 465 466 466 466 467 467 468 468 469 469 470 470 471 471 471 472 472 473 473 474 474 475 475 475 476 476 477 477 477 478 478 479 479 479 480 487 488 488 488 489 489 489 490 490 491 491 491 492 492 492 493 493 493 494 494 494 495 495 495 496 496 496 497 497 497 498 498
494 494 493 493 492 492 491 491 491 490 490 488 488 487 486 485 484 483 482 480 479 476 475 476 464 464 465 465 466 466 467 467 468 468 469 469 469 470 470 471 471 472 472 473 473 473 474 474 475 475 476 476 476 477 477 478 478 478 479 479 480 480 487 488 488 489 489 489 490 490 490 491 491 491 492 492 493 493 493 494 494 494 495 495 495 496 496 496 497 497 497 498 498 498
