testData/tiles/oneDegree/grid18.0-11.0-19.0-12.0.asc
ncols   200
nrows   200
xllcorner   18.0
yllcorner   11.0
cellsize   0.005
NODATA_value   -9999.0
[rows 126 to 167 of 200, columns 94 to 187 of 200]
663 664 666 667 668 671 672 674 676 677 678 680 682 684 684 686 687 688 689 691 692 692 693 694 695 696 697 696 698 699 699 699 700 763 764 763 764 764 764 764 765 764 764 764 765 764 764 831 830 830 829 830 830 829 828 828 827 828 826 825 825 824 824 824 823 823 821 821 820 819 819 817 817 816 814 814 812 811 810 808 808 806 804 804 802 799 796 793 789 789 788 789 789 789
664 665 665 666 669 670 672 673 675 676 679 680 682 682 685 686 686 688 689 690 691 692 693 694 694 695 697 697 698 699 698 699 700 700 700 763 765 764 764 764 764 764 765 765 764 764 764 762 830 830 830 829 830 828 829 827 827 827 826 827 825 826 824 823 824 822 822 821 819 819 818 818 816 816 815 813 813 812 810 809 808 806 806 804 802 801 800 797 795 792 788 787 787 788
663 665 666 667 667 670 671 673 674 677 678 679 680 683 684 684 686 687 689 690 691 691 693 694 695 695 696 696 697 699 698 699 700 699 701 700 701 764 764 765 765 764 764 765 763 764 764 764 830 831 829 830 829 828 829 828 828 827 827 826 825 825 824 824 823 822 822 820 820 819 818 817 816 816 814 814 813 811 811 810 808 807 806 804 804 802 800 798 798 795 792 789 787 787
663 666 667 666 668 668 670 671 675 675 677 679 681 681 683 684 685 687 688 691 690 691 692 695 694 695 696 697 697 698 698 699 700 700 700 700 700 702 701 765 763 764 764 764 764 764 763 763 763 829 829 830 829 829 829 828 827 827 826 826 825 824 824 824 824 823 822 821 821 819 819 818 817 816 816 815 813 813 812 810 810 809 807 806 805 803 801 800 798 796 795 793 791 787
665 664 666 667 668 669 670 671 672 674 676 678 679 681 682 684 685 687 688 688 689 692 693 693 693 695 697 696 697 698 699 699 699 699 700 701 700 701 701 700 700 765 764 764 764 764 763 763 764 830 829 830 828 828 828 827 827 827 827 826 825 825 825 823 823 822 822 821 820 819 819 817 817 816 815 814 814 812 811 811 809 808 808 806 805 803 802 801 799 798 797 794 792 792
664 665 666 668 668 669 670 670 673 674 676 676 679 680 682 683 685 686 686 688 690 690 692 692 694 695 695 695 697 698 697 698 699 700 700 700 700 701 699 701 702 701 764 763 764 762 764 763 763 762 830 828 828 828 828 828 827 826 826 826 825 825 823 823 823 821 821 820 820 819 818 817 817 815 815 814 813 812 812 810 809 809 807 806 805 804 803 801 800 799 797 795 795 794
665 666 667 666 669 669 670 672 672 672 673 676 678 680 681 683 683 685 687 688 689 690 692 693 693 694 695 696 697 697 697 698 700 699 699 700 700 700 700 701 701 700 700 701 763 763 763 763 762 762 829 828 829 828 828 827 827 826 825 826 824 824 823 824 823 822 822 820 820 819 819 818 817 816 816 814 814 813 812 811 811 809 808 807 806 805 803 802 801 799 797 796 795 794
665 665 667 668 668 670 671 671 672 673 674 675 676 678 680 681 683 685 686 687 688 691 691 691 692 695 696 695 696 697 698 699 698 698 699 701 699 700 701 700 700 700 701 699 700 699 763 761 763 762 761 828 828 827 827 826 826 825 826 825 825 825 823 823 822 822 821 820 820 818 818 817 816 815 815 813 814 812 811 810 810 808 808 807 805 805 804 802 801 800 799 797 795 795
665 667 667 668 669 669 670 671 673 673 673 675 676 678 679 682 682 684 685 688 689 688 690 692 693 694 693 694 696 697 696 697 698 699 700 699 699 700 700 700 700 700 699 699 699 701 699 699 762 761 761 761 828 827 827 827 826 825 826 824 824 823 823 823 821 821 820 820 819 818 818 816 816 815 814 813 813 811 811 810 809 808 808 806 806 805 803 803 801 800 798 798 797 796
666 666 667 668 669 669 671 672 672 673 674 675 676 676 678 679 681 682 685 685 686 688 690 691 692 692 694 695 696 696 696 698 699 697 698 699 698 699 700 699 700 698 699 699 700 699 698 699 697 698 760 761 827 827 827 826 825 826 824 823 824 822 822 823 822 821 820 820 819 818 818 816 817 815 814 814 813 811 812 810 809 809 808 806 807 805 802 802 801 799 799 798 796 795
666 666 668 669 669 670 670 671 672 674 675 674 676 677 677 679 681 682 683 685 687 688 689 690 690 693 694 694 695 696 697 698 697 697 698 699 698 699 699 699 698 699 699 700 698 698 698 697 698 698 697 697 759 827 825 825 825 824 824 825 823 822 823 821 821 821 820 819 818 818 817 816 816 814 815 813 812 812 811 809 810 808 807 807 806 804 803 803 801 800 800 797 796 795
631 667 667 668 669 670 671 672 672 673 674 676 676 677 677 678 679 680 682 685 685 686 687 690 691 691 692 694 695 696 695 696 696 698 697 698 698 698 698 698 699 698 698 698 697 699 697 698 697 697 696 696 695 695 825 825 824 824 824 823 822 823 821 820 821 819 819 819 817 817 815 816 815 813 814 812 811 811 810 808 809 807 806 806 805 803 804 802 801 801 799 798 796 796
630 631 668 669 670 670 671 672 672 674 675 675 676 677 678 679 679 681 681 683 684 687 688 688 690 691 693 693 693 694 695 697 697 696 697 697 698 698 697 698 698 697 697 698 698 697 697 697 696 696 695 696 695 695 761 761 823 823 823 822 821 822 820 821 820 819 819 818 818 817 816 816 814 815 814 812 813 811 810 810 809 807 807 806 805 804 803 801 800 800 798 797 797 795
630 632 632 668 670 671 671 672 674 673 674 674 676 678 678 678 679 680 681 681 685 685 687 688 689 691 691 692 693 695 696 695 695 696 698 696 697 697 697 696 697 697 697 697 696 696 696 695 696 696 695 695 694 694 694 760 759 760 822 822 822 821 820 821 819 819 819 817 817 815 816 815 813 814 812 811 812 810 810 809 808 807 807 805 804 803 803 801 801 800 798 797 796 795
630 631 632 633 634 671 671 672 673 673 675 676 675 676 678 679 680 680 681 682 682 684 686 688 688 689 690 693 694 693 693 694 696 696 695 696 696 697 696 696 697 696 696 695 695 697 695 695 695 695 693 694 694 692 694 693 760 759 759 758 820 820 819 819 818 818 817 817 816 815 815 813 813 813 811 811 810 809 809 808 807 806 806 804 804 803 802 801 801 799 799 797 796 795
631 631 633 633 633 635 672 672 673 675 674 675 676 677 678 679 679 681 681 682 683 683 684 686 687 689 690 690 691 692 694 694 694 694 695 695 696 695 695 696 694 695 696 695 695 695 694 695 693 693 694 694 693 693 693 691 759 758 758 757 757 756 755 819 818 817 817 817 815 815 815 813 814 812 811 812 810 809 808 808 807 806 806 805 804 803 802 800 800 798 798 797 795 795
631 631 632 633 634 635 635 672 673 674 675 676 677 677 677 679 679 680 682 682 683 684 684 685 686 687 689 690 692 692 693 692 693 694 694 695 694 694 695 694 694 695 695 694 694 693 694 694 693 693 693 692 692 692 691 690 691 757 757 757 757 755 755 755 753 817 816 815 814 815 813 812 813 811 811 810 809 809 808 807 806 805 804 804 802 802 802 800 800 799 797 796 795 794
691 632 633 633 634 634 636 637 637 674 675 675 676 678 678 679 679 679 681 683 683 684 684 685 686 686 687 689 690 691 691 692 693 693 693 693 693 693 694 693 694 693 692 693 693 692 693 693 692 692 691 691 691 690 691 691 690 689 756 756 755 754 755 753 752 753 751 814 814 813 812 811 811 810 809 809 808 807 807 805 805 805 804 803 801 802 800 799 798 798 796 796 795 794
690 632 632 633 635 635 635 636 637 638 675 676 677 677 678 678 680 681 681 681 683 684 685 685 685 687 687 688 689 690 691 692 692 691 692 691 693 693 692 692 692 692 693 692 692 692 692 690 690 691 691 690 690 690 690 689 689 688 755 754 754 753 753 753 752 752 751 751 750 813 812 812 811 810 809 809 808 807 807 806 805 804 804 803 802 802 799 798 798 797 795 796 794 793
691 692 632 633 634 634 635 637 638 638 639 640 676 677 679 679 679 680 680 682 683 683 683 686 686 687 688 687 688 689 690 690 689 690 691 691 691 690 690 691 692 690 691 691 690 691 690 690 691 691 689 689 689 688 687 688 688 686 688 754 754 753 753 752 751 751 750 749 749 749 747 811 810 808 808 808 807 806 805 805 804 803 803 801 801 800 799 798 798 797 795 795 793 792
690 691 692 633 634 635 635 636 637 638 639 640 640 677 678 678 679 681 682 681 682 684 684 685 686 686 688 689 689 689 688 688 690 689 689 689 689 690 691 689 689 689 690 689 689 690 689 689 689 688 688 688 687 687 687 688 686 686 687 685 752 752 752 750 750 750 748 748 748 747 746 747 745 744 808 806 806 804 804 804 802 803 801 800 801 799 798 797 797 795 795 794 793 791
691 692 691 632 634 635 635 636 638 637 638 640 640 641 678 679 679 680 681 681 683 684 683 684 686 686 687 688 689 688 688 687 687 687 687 689 689 687 688 688 688 688 688 688 688 689 687 687 688 687 687 687 687 687 685 686 685 685 684 684 683 750 749 750 749 749 748 748 747 747 746 746 745 745 744 743 805 804 804 803 802 803 801 800 800 799 796 796 796 794 794 793 792 791
690 691 692 693 634 634 635 636 637 637 639 640 639 640 642 642 679 680 682 681 682 683 683 685 685 685 686 687 688 689 687 686 686 686 686 686 686 686 687 688 686 686 687 687 686 686 686 687 686 686 686 685 685 684 684 685 683 683 684 684 682 750 749 748 747 748 746 746 746 746 744 745 744 743 743 741 741 740 803 802 801 801 800 798 799 798 796 796 795 794 793 792 791 790
690 691 691 692 693 634 635 636 638 637 638 639 640 641 642 641 642 644 680 681 682 682 683 684 684 685 687 686 686 686 686 687 685 685 684 684 684 684 684 685 685 685 685 684 685 686 685 684 685 685 683 683 684 683 683 683 683 683 682 682 681 682 747 747 746 746 745 745 744 744 743 743 742 742 740 740 740 738 739 738 736 800 799 797 798 796 796 795 794 794 792 792 790 790
690 691 691 693 694 633 634 636 636 637 638 640 639 640 641 642 643 644 643 681 682 682 683 683 684 685 685 685 685 686 685 685 684 684 684 683 683 683 683 684 682 682 684 684 683 683 683 683 682 682 683 683 683 682 682 682 681 680 681 681 679 679 679 747 745 746 745 744 744 744 742 743 742 740 740 740 739 738 739 737 736 737 735 797 797 796 795 793 793 792 791 790 790 789
689 690 691 692 693 694 635 636 635 637 638 638 639 641 641 641 642 642 644 645 645 681 682 683 684 684 684 685 685 685 684 684 683 683 682 682 682 681 680 681 682 682 681 681 681 681 681 682 681 682 682 680 681 681 680 680 680 679 679 679 679 678 678 678 744 745 743 743 743 742 741 741 740 739 739 738 738 737 737 736 735 735 734 733 732 795 794 793 792 792 791 789 789 787
690 690 691 692 692 693 694 634 636 637 638 637 639 640 640 641 642 643 643 643 644 646 682 683 682 683 684 684 684 683 683 683 683 683 682 681 680 680 681 679 678 679 679 680 680 680 680 680 679 679 679 679 679 679 679 679 679 678 678 678 677 676 677 676 742 742 742 740 740 740 740 738 739 738 737 737 737 735 736 735 733 733 732 732 731 730 730 729 791 791 789 789 788 787
689 689 690 692 692 693 695 634 635 636 637 638 639 639 640 641 641 642 642 644 644 644 645 645 682 683 682 682 682 683 683 683 681 681 681 681 681 679 678 678 677 679 677 677 678 678 677 678 677 677 679 678 677 678 678 676 677 677 676 676 675 675 675 675 675 741 741 740 740 739 739 738 738 737 737 737 736 735 733 734 733 732 732 731 730 730 729 727 727 726 788 788 787 786
688 690 690 690 691 693 693 694 635 636 636 637 637 639 640 640 641 641 642 643 643 644 645 645 645 645 681 683 683 682 681 681 682 682 680 680 679 679 678 677 677 676 676 675 674 675 675 676 676 676 675 676 676 675 675 675 675 674 675 675 674 674 673 674 673 672 740 739 738 738 738 736 737 736 735 734 734 733 732 733 731 731 731 729 729 729 728 727 726 726 725 722 723 784
688 689 690 691 692 693 692 694 635 635 636 637 638 638 638 639 640 641 642 641 643 643 644 644 644 645 645 681 681 681 682 681 680 680 680 679 678 678 678 677 676 675 674 674 674 673 673 673 674 674 673 674 673 674 675 674 673 674 674 672 673 672 671 672 671 671 670 737 736 735 735 735 734 734 733 733 732 732 731 731 730 730 729 728 728 726 727 725 724 725 723 722 722 721
688 688 689 690 691 691 693 694 694 634 636 636 637 637 639 640 639 640 641 642 642 643 642 643 644 644 644 644 644 680 680 680 680 678 679 679 678 678 677 676 675 676 675 673 673 672 672 671 670 670 672 672 672 672 671 672 672 670 671 671 669 670 670 670 670 670 669 670 735 735 735 734 733 734 732 732 732 732 730 731 730 728 728 727 727 726 724 724 723 723 722 720 721 720
687 688 689 690 690 691 692 692 694 695 635 636 636 637 638 638 639 640 640 640 641 642 642 643 643 642 643 644 644 644 642 678 679 679 678 678 677 676 676 676 676 674 674 673 672 672 671 671 670 669 669 668 668 670 669 669 669 669 670 669 669 670 668 668 669 668 667 667 734 732 732 733 732 731 731 731 729 729 729 727 728 727 726 726 726 724 724 724 722 722 721 719 719 718
687 687 688 690 690 691 691 692 693 693 634 635 636 637 636 638 638 639 639 640 641 640 641 641 641 643 643 642 642 642 643 643 678 677 677 676 677 677 675 675 674 674 673 672 672 671 671 670 669 668 667 667 665 667 667 667 668 667 667 668 667 666 667 667 665 666 665 665 665 731 731 730 730 729 730 728 728 728 727 726 727 725 725 725 723 723 722 722 721 719 720 719 717 718
686 688 688 688 689 690 691 692 692 694 693 634 635 636 637 637 638 637 639 639 639 640 640 640 641 641 641 641 642 641 641 641 641 640 677 676 675 675 675 674 673 673 673 672 672 670 669 669 668 668 667 666 666 665 664 664 664 665 664 663 665 665 663 664 665 664 664 664 663 663 729 729 729 728 727 728 727 726 726 725 724 725 723 723 723 721 720 720 719 718 719 717 716 716
686 687 687 688 690 689 690 690 692 692 693 634 635 635 635 636 637 638 638 639 638 639 640 640 640 640 640 640 640 640 640 640 640 640 640 639 675 674 674 674 673 673 671 671 670 670 670 668 668 667 667 666 665 664 663 663 661 661 663 663 661 662 662 663 662 662 663 662 661 661 661 727 727 727 725 726 725 725 724 724 723 723 722 722 721 720 720 719 719 718 716 716 714 715
685 685 687 688 688 689 690 691 691 691 693 693 634 634 635 635 636 636 637 638 638 639 638 638 639 640 640 640 639 639 640 640 639 639 638 638 638 638 674 672 672 671 671 671 670 669 669 668 668 666 665 665 664 664 663 662 662 661 659 660 660 661 659 659 660 659 658 659 659 658 659 658 725 724 724 723 723 722 722 721 721 720 720 719 719 718 718 717 716 716 715 715 714 714
684 686 687 686 687 688 689 690 690 692 692 692 692 634 634 635 635 637 636 636 637 637 638 639 638 638 638 638 639 639 638 638 638 638 638 638 637 636 636 636 671 671 670 670 669 669 667 667 666 667 666 664 664 663 663 661 660 660 659 658 657 657 658 656 657 658 657 656 657 656 657 656 655 724 722 722 722 722 721 721 721 719 720 719 717 717 716 715 715 715 713 712 712 712
684 685 685 687 687 688 688 689 690 690 691 692 693 633 633 633 635 635 635 636 635 636 637 637 637 637 638 637 637 637 637 638 638 637 637 636 636 636 635 635 635 634 670 668 668 667 668 667 666 665 665 664 663 662 661 661 660 659 659 658 658 656 655 656 655 654 655 654 655 654 653 654 653 652 720 719 718 719 719 718 718 718 716 717 716 715 715 715 713 713 713 711 711 711
684 683 685 685 686 687 688 689 689 689 690 691 691 692 633 634 633 633 634 635 635 636 636 635 636 637 637 637 637 637 637 637 636 636 636 635 635 635 635 634 633 633 632 633 668 667 666 666 665 665 663 663 662 662 661 660 660 659 659 657 656 656 655 653 653 652 653 652 651 652 651 650 651 651 716 717 717 715 716 715 715 714 714 713 714 713 713 712 712 711 711 710 710 710
683 684 685 685 686 686 687 687 689 689 690 689 691 691 632 632 632 634 634 634 634 634 635 636 636 635 635 636 636 636 636 635 635 636 635 635 635 634 633 633 633 633 632 631 631 630 666 664 664 664 664 663 662 661 661 660 658 658 657 657 655 654 654 653 654 652 651 651 650 649 650 650 648 649 649 716 715 715 715 714 713 714 712 712 712 710 709 710 708 708 709 708 708 708
682 683 683 685 685 686 685 687 687 688 688 690 690 691 690 631 632 632 633 633 634 633 634 634 634 635 635 634 634 634 634 635 635 634 634 633 633 633 634 632 632 631 631 631 629 629 629 629 664 663 662 662 661 661 659 659 658 658 657 656 656 655 653 653 652 652 650 649 649 648 646 647 647 647 646 646 713 712 712 712 711 710 711 710 709 709 709 707 708 707 706 706 706 705
682 682 683 683 684 685 686 686 687 687 688 688 689 689 691 691 631 631 632 632 633 633 633 633 633 633 634 634 634 635 634 633 633 633 633 633 633 632 632 632 631 630 630 630 630 629 628 627 627 626 662 660 660 660 660 658 658 657 656 656 654 654 653 652 651 650 650 649 647 647 646 646 644 644 644 643 643 710 710 709 709 709 707 708 707 707 706 706 705 705 704 704 704 705
