testData/tiles/oneDegree/grid9.0-15.0-10.0-16.0.asc
ncols   200
nrows   200
xllcorner   9.0
yllcorner   15.0
cellsize   0.005
NODATA_value   -9999.0
[rows 84 to 125 of 200, columns 0 to 93 of 200]
247 247 246 512 511 511 510 510 509 509 508 508 507 507 506 506 505 505 505 504 504 503 503 502 502 501 501 500 500 499 499 498 498 497 605 604 604 603 603 602 602 602 601 601 600 600 599 599 598 598 597 597 596 596 595 595 594 594 593 593 592 592 591 591 590 590 589 589 588 588 587 587 587 586 586 586 586 586 586 586 586 586 586 586 586 586 586 586 586 586 586 586 586 586
247 246 246 512 511 511 510 510 509 509 508 508 507 507 506 506 505 505 504 504 503 503 503 502 502 501 501 500 500 499 499 498 498 605 605 604 604 603 603 602 602 601 601 600 600 599 599 599 598 598 597 597 596 596 595 595 594 594 593 593 592 592 591 591 590 590 589 589 588 588 587 587 586 586 586 586 586 586 586 586 586 586 586 586 586 586 586 586 586 586 586 586 586 586
247 246 246 511 511 510 510 509 509 509 508 508 507 507 506 506 505 505 504 504 503 503 502 502 501 501 500 500 500 499 499 498 498 605 605 604 604 603 603 602 602 601 601 600 600 599 599 598 598 597 597 596 596 596 595 595 594 594 593 593 592 592 591 591 590 590 589 589 588 588 587 587 586 586 586 586 586 586 586 586 586 586 586 586 586 586 586 586 586 586 586 586 586 586
247 246 246 511 511 510 510 509 509 508 508 507 507 507 506 506 505 505 504 504 503 503 502 502 501 501 500 500 499 499 498 498 606 605 605 604 604 603 603 602 602 601 601 600 600 599 599 598 598 597 597 596 596 595 595 594 594 594 593 593 592 592 591 591 590 590 589 589 588 588 587 587 586 586 586 586 586 586 586 586 586 586 586 586 586 586 586 586 586 586 586 586 586 586
246 246 512 511 511 510 510 509 509 508 508 507 507 506 506 505 505 505 504 504 503 503 502 502 501 501 500 500 499 499 498 498 605 605 604 604 603 603 603 602 602 601 601 600 600 599 599 598 598 597 597 596 596 595 595 594 594 593 593 592 592 591 591 591 590 590 589 589 588 588 587 587 586 586 586 586 586 586 586 586 586 586 586 586 586 586 586 586 586 586 586 586 586 586
246 246 511 511 510 510 510 509 509 508 508 507 507 506 506 505 505 504 504 503 503 502 502 502 501 501 500 500 499 499 498 498 605 605 604 604 603 603 602 602 601 601 601 600 600 599 599 598 598 597 597 596 596 595 595 594 594 593 593 592 592 591 591 590 590 589 589 589 588 588 587 587 586 586 586 586 586 586 586 586 586 586 586 586 586 586 586 586 586 586 586 586 586 586
246 246 511 511 510 510 509 509 508 508 507 507 507 506 506 505 505 504 504 503 503 502 502 501 501 500 500 500 499 499 498 606 605 605 604 604 603 603 602 602 601 601 600 600 599 599 598 598 598 597 597 596 596 595 595 594 594 593 593 592 592 591 591 590 590 589 589 588 588 587 587 586 586 586 586 586 586 586 586 586 586 586 586 586 586 586 586 586 586 586 586 586 586 586
246 245 511 511 510 510 509 509 508 508 507 507 506 506 505 505 505 504 504 503 503 502 502 501 501 500 500 499 499 498 498 605 605 605 604 604 603 603 602 602 601 601 600 600 599 599 598 598 597 597 596 596 596 595 595 594 594 593 593 592 592 591 591 590 590 589 589 588 588 587 587 586 586 586 586 586 586 586 586 586 586 586 586 586 586 586 586 586 586 586 586 586 586 586
246 245 511 510 510 509 509 509 508 508 507 507 506 506 505 505 504 504 503 503 503 502 502 501 501 500 500 499 499 498 498 605 605 604 604 603 603 603 602 602 601 601 600 600 599 599 598 598 597 597 596 596 595 595 594 594 593 593 593 592 592 591 591 590 590 589 589 588 588 587 587 586 586 586 586 586 586 586 586 586 586 586 586 586 586 586 586 586 586 586 586 586 586 586
246 511 511 510 510 509 509 508 508 507 507 507 506 506 505 505 504 504 503 503 502 502 501 501 501 500 500 499 499 498 606 605 605 604 604 603 603 602 602 601 601 601 600 600 599 599 598 598 597 597 596 596 595 595 594 594 593 593 592 592 591 591 591 590 590 589 589 588 588 587 587 586 586 586 586 586 586 586 586 586 586 586 586 586 586 586 586 586 586 586 586 586 586 586
245 511 510 510 510 509 509 508 508 507 507 506 506 505 505 505 504 504 503 503 502 502 501 501 500 500 499 499 498 498 606 605 605 604 604 603 603 602 602 601 601 600 600 599 599 598 598 598 597 597 596 596 595 595 594 594 593 593 592 592 591 591 590 590 589 589 588 588 588 587 587 586 586 586 586 586 586 586 586 586 586 586 586 586 586 586 586 586 586 586 586 586 586 586
245 511 510 510 509 509 508 508 508 507 507 506 506 505 505 504 504 503 503 503 502 502 501 501 500 500 499 499 498 498 605 605 604 604 604 603 603 602 602 601 601 600 600 599 599 598 598 597 597 596 596 596 595 595 594 594 593 593 592 592 591 591 590 590 589 589 588 588 587 587 586 586 586 586 586 586 586 586 586 586 586 586 586 586 586 586 586 586 586 586 586 586 586 586
245 511 510 510 509 509 508 508 507 507 506 506 506 505 505 504 504 503 503 502 502 501 501 501 500 500 499 499 498 606 605 605 604 604 603 603 602 602 602 601 601 600 600 599 599 598 598 597 597 596 596 595 595 594 594 593 593 593 592 592 591 591 590 590 589 589 588 588 587 587 586 586 586 586 586 586 586 586 586 586 586 586 586 586 586 586 586 586 586 586 586 586 586 586
245 510 510 509 509 509 508 508 507 507 506 506 505 505 504 504 504 503 503 502 502 501 501 500 500 499 499 498 498 606 605 605 604 604 603 603 602 602 601 601 600 600 599 599 599 598 598 597 597 596 596 595 595 594 594 593 593 592 592 591 591 591 590 590 589 589 588 588 587 587 586 586 586 586 586 586 586 586 586 586 586 586 586 586 586 586 586 586 586 586 586 586 586 586
511 510 510 509 509 508 508 507 507 507 506 506 505 505 504 504 503 503 502 502 502 501 501 500 500 499 499 498 498 605 605 604 604 604 603 603 602 602 601 601 600 600 599 599 598 598 597 597 597 596 596 595 595 594 594 593 593 592 592 591 591 590 590 589 589 588 588 588 587 587 586 586 586 586 586 586 586 586 586 586 586 586 586 586 586 586 586 586 586 586 586 586 586 586
510 510 509 509 509 508 508 507 507 506 506 505 505 505 504 504 503 503 502 502 501 501 500 500 500 499 499 498 606 605 605 604 604 603 603 602 602 602 601 601 600 600 599 599 598 598 597 597 596 596 595 595 595 594 594 593 593 592 592 591 591 590 590 589 589 588 588 587 587 586 586 586 586 586 586 586 586 586 586 586 586 586 586 586 586 586 586 586 586 586 586 586 586 586
510 510 509 509 508 508 507 507 507 506 506 505 505 504 504 503 503 503 502 502 501 501 500 500 499 499 498 498 606 605 605 604 604 603 603 602 602 601 601 600 600 600 599 599 598 598 597 597 596 596 595 595 594 594 593 593 592 592 592 591 591 590 590 589 589 588 588 587 587 586 586 586 586 586 586 586 586 586 586 586 586 586 586 586 586 586 586 586 586 586 586 586 586 586
510 509 509 509 508 508 507 507 506 506 505 505 505 504 504 503 503 502 502 501 501 501 500 500 499 499 498 498 605 605 604 604 604 603 603 602 602 601 601 600 600 599 599 598 598 597 597 597 596 596 595 595 594 594 593 593 592 592 591 591 590 590 590 589 589 588 588 587 587 586 586 586 586 586 586 586 586 586 586 586 586 586 586 586 586 586 586 586 586 586 586 586 586 586
510 509 509 508 508 507 507 507 506 506 505 505 504 504 503 503 503 502 502 501 501 500 500 499 499 499 498 606 605 605 604 604 603 603 602 602 602 601 601 600 600 599 599 598 598 597 597 596 596 595 595 595 594 594 593 593 592 592 591 591 590 590 589 589 588 588 587 587 587 586 586 586 586 586 586 586 586 586 586 586 586 586 586 586 586 586 586 586 586 586 586 586 586 586
509 509 509 508 508 507 507 506 506 505 505 505 504 504 503 503 502 502 502 501 501 500 500 499 499 498 498 605 605 605 604 604 603 603 602 602 601 601 600 600 599 599 599 598 598 597 597 596 596 595 595 594 594 593 593 593 592 592 591 591 590 590 589 589 588 588 587 587 586 586 586 586 586 586 586 586 586 586 586 586 586 586 586 586 586 586 586 586 586 586 586 586 586 586
509 509 508 508 507 507 507 506 506 505 505 504 504 504 503 503 502 502 501 501 500 500 500 499 499 498 498 605 605 604 604 603 603 603 602 602 601 601 600 600 599 599 598 598 597 597 597 596 596 595 595 594 594 593 593 592 592 591 591 590 590 590 589 589 588 588 587 587 586 586 586 586 586 586 586 586 586 586 586 586 586 586 586 586 586 586 586 586 586 586 586 586 586 586
509 508 508 508 507 507 506 506 505 505 505 504 504 503 503 502 502 502 501 501 500 500 499 499 498 498 606 605 605 604 604 603 603 602 602 601 601 601 600 600 599 599 598 598 597 597 596 596 595 595 595 594 594 593 593 592 592 591 591 590 590 589 589 588 588 588 587 587 586 586 586 586 586 586 586 586 586 586 586 586 586 586 586 586 586 586 586 586 586 586 586 586 586 586
509 508 508 507 507 507 506 506 505 505 504 504 504 503 503 502 502 501 501 500 500 500 499 499 498 498 605 605 604 604 604 603 603 602 602 601 601 600 600 599 599 599 598 598 597 597 596 596 595 595 594 594 593 593 593 592 592 591 591 590 590 589 589 588 588 587 587 586 586 586 586 586 586 586 586 586 586 586 586 586 586 586 586 586 586 586 586 586 586 586 586 586 586 586
508 508 508 507 507 506 506 505 505 505 504 504 503 503 502 502 502 501 501 500 500 499 499 498 498 498 605 605 604 604 603 603 602 602 602 601 601 600 600 599 599 598 598 597 597 597 596 596 595 595 594 594 593 593 592 592 591 591 591 590 590 589 589 588 588 587 587 586 586 586 586 586 586 586 586 586 586 586 586 586 586 586 586 586 586 586 586 586 586 586 586 586 586 586
508 508 507 507 506 506 506 505 505 504 504 503 503 503 502 502 501 501 500 500 500 499 499 498 498 497 605 604 604 604 603 603 602 602 601 601 600 600 600 599 599 598 598 597 597 596 596 595 595 594 594 594 593 593 592 592 591 591 590 590 589 589 588 588 588 587 587 586 586 586 586 586 586 586 586 586 586 586 586 586 586 586 586 586 586 586 586 586 586 586 586 586 586 586
508 507 507 507 506 506 505 505 505 504 504 503 503 502 502 502 501 501 500 500 499 499 498 498 498 605 605 604 604 603 603 602 602 602 601 601 600 600 599 599 598 598 598 597 597 596 596 595 595 594 594 593 593 592 592 592 591 591 590 590 589 589 588 588 587 587 586 586 586 586 586 586 586 586 586 586 586 586 586 586 586 586 586 586 586 586 586 586 586 586 586 586 586 586
508 507 507 506 506 506 505 505 504 504 503 503 503 502 502 501 501 500 500 500 499 499 498 498 497 605 604 604 604 603 603 602 602 601 601 600 600 600 599 599 598 598 597 597 596 596 596 595 595 594 594 593 593 592 592 591 591 590 590 590 589 589 588 588 587 587 586 586 586 586 586 586 586 586 586 586 586 586 586 586 586 586 586 586 586 586 586 586 586 586 586 586 586 586
507 507 507 506 506 505 505 504 504 504 503 503 502 502 501 501 501 500 500 499 499 498 498 498 497 605 604 604 603 603 603 602 602 601 601 600 600 599 599 598 598 598 597 597 596 596 595 595 594 594 594 593 593 592 592 591 591 590 590 589 589 588 588 588 587 587 586 586 586 586 586 586 586 586 586 586 586 586 586 586 586 586 586 586 586 586 586 586 586 586 586 586 586 586
507 507 506 506 505 505 505 504 504 503 503 503 502 502 501 501 500 500 500 499 499 498 498 497 605 604 604 604 603 603 602 602 601 601 601 600 600 599 599 598 598 597 597 596 596 596 595 595 594 594 593 593 592 592 591 591 591 590 590 589 589 588 588 587 587 586 586 586 586 586 586 586 586 586 586 586 586 586 586 586 586 586 586 586 586 586 586 586 586 586 586 586 586 586
507 506 506 506 505 505 504 504 504 503 503 502 502 501 501 501 500 500 499 499 498 498 498 497 605 604 604 603 603 603 602 602 601 601 600 600 599 599 599 598 598 597 597 596 596 595 595 594 594 594 593 593 592 592 591 591 590 590 589 589 589 588 588 587 587 586 586 586 586 586 586 586 586 586 586 586 586 586 586 586 586 586 586 586 586 586 586 586 586 586 586 586 586 586
507 506 506 505 505 504 504 504 503 503 502 502 502 501 501 500 500 499 499 499 498 498 497 497 604 604 604 603 603 602 602 601 601 601 600 600 599 599 598 598 597 597 597 596 596 595 595 594 594 593 593 592 592 592 591 591 590 590 589 589 588 588 587 587 587 586 586 586 586 586 586 586 586 586 586 586 586 586 586 586 586 586 586 586 586 586 586 586 586 586 586 586 586 586
506 506 505 505 505 504 504 503 503 503 502 502 501 501 500 500 500 499 499 498 498 498 497 497 604 604 603 603 603 602 602 601 601 600 600 599 599 599 598 598 597 597 596 596 595 595 595 594 594 593 593 592 592 591 591 590 590 590 589 589 588 588 587 587 586 586 586 586 586 586 586 586 586 586 586 586 586 586 586 586 586 586 586 586 586 586 586 586 586 586 586 586 586 586
506 506 505 505 504 504 504 503 503 502 502 501 501 501 500 500 499 499 499 498 498 497 497 604 604 604 603 603 602 602 601 601 601 600 600 599 599 598 598 597 597 597 596 596 595 595 594 594 593 593 593 592 592 591 591 590 590 589 589 588 588 588 587 587 586 586 586 586 586 586 586 586 586 586 586 586 586 586 586 586 586 586 586 586 586 586 586 586 586 586 586 586 586 586
506 505 505 504 504 504 503 503 502 502 502 501 501 500 500 500 499 499 498 498 497 497 497 604 604 603 603 602 602 602 601 601 600 600 599 599 599 598 598 597 597 596 596 595 595 595 594 594 593 593 592 592 591 591 591 590 590 589 589 588 588 587 587 586 586 586 586 586 586 586 586 586 586 586 586 586 586 586 586 586 586 586 586 586 586 586 586 586 586 586 586 586 586 586
505 505 505 504 504 503 503 503 502 502 501 501 501 500 500 499 499 498 498 498 497 497 496 604 604 603 603 602 602 601 601 601 600 600 599 599 598 598 597 597 597 596 596 595 595 594 594 593 593 593 592 592 591 591 590 590 589 589 589 588 588 587 587 586 586 586 586 586 586 586 586 586 586 586 586 586 586 586 586 586 586 586 586 586 586 586 586 586 586 586 586 586 586 586
505 505 504 504 503 503 503 502 502 501 501 501 500 500 499 499 499 498 498 497 497 497 496 604 603 603 602 602 602 601 601 600 600 599 599 599 598 598 597 597 596 596 595 595 595 594 594 593 593 592 592 592 591 591 590 590 589 589 588 588 587 587 587 586 586 586 586 586 586 586 586 586 586 586 586 586 586 586 586 586 586 586 586 586 586 586 586 586 586 586 586 586 586 586
505 504 504 504 503 503 502 502 502 501 501 500 500 500 499 499 498 498 498 497 497 496 604 603 603 603 602 602 601 601 600 600 600 599 599 598 598 597 597 597 596 596 595 595 594 594 594 593 593 592 592 591 591 590 590 590 589 589 588 588 587 587 586 586 586 586 586 586 586 586 586 586 586 586 586 586 586 586 586 586 586 586 586 586 586 586 586 586 586 586 586 586 586 586
504 504 504 503 503 502 502 502 501 501 501 500 500 499 499 498 498 498 497 497 496 496 604 603 603 602 602 602 601 601 600 600 599 599 599 598 598 597 597 596 596 595 595 595 594 594 593 593 592 592 592 591 591 590 590 589 589 588 588 588 587 587 586 586 586 586 586 586 586 586 586 586 586 586 586 586 586 586 586 586 586 586 586 586 586 586 586 586 586 586 586 586 586 586
504 504 503 503 503 502 502 501 501 501 500 500 499 499 499 498 498 497 497 497 496 496 603 603 603 602 602 601 601 600 600 600 599 599 598 598 597 597 597 596 596 595 595 594 594 594 593 593 592 592 591 591 590 590 590 589 589 588 588 587 587 586 586 586 586 586 586 586 586 586 586 586 586 586 586 586 586 586 586 586 586 586 586 586 586 586 586 586 586 586 586 586 586 586
504 503 503 503 502 502 502 501 501 500 500 500 499 499 498 498 498 497 497 496 496 603 603 603 602 602 601 601 601 600 600 599 599 598 598 598 597 597 596 596 595 595 595 594 594 593 593 592 592 592 591 591 590 590 589 589 588 588 588 587 587 586 586 586 586 586 586 586 586 586 586 586 586 586 586 586 586 586 586 586 586 586 586 586 586 586 586 586 586 586 586 586 586 586
503 503 503 502 502 502 501 501 500 500 500 499 499 498 498 498 497 497 496 496 496 603 603 602 602 602 601 601 600 600 599 599 599 598 598 597 597 597 596 596 595 595 594 594 593 593 593 592 592 591 591 590 590 590 589 589 588 588 587 587 586 586 586 586 586 586 586 586 586 586 586 586 586 586 586 586 586 586 586 586 586 586 586 586 586 586 586 586 586 586 586 586 586 586
503 503 502 502 502 501 501 501 500 500 499 499 499 498 498 497 497 497 496 496 495 603 603 602 602 601 601 600 600 600 599 599 598 598 598 597 597 596 596 595 595 595 594 594 593 593 592 592 592 591 591 590 590 589 589 588 588 588 587 587 586 586 586 586 586 586 586 586 586 586 586 586 586 586 586 586 586 586 586 586 586 586 586 586 586 586 586 586 586 586 586 586 586 586
