testData/tiles/oneDegree/grid13.0-35.0-14.0-36.0.asc
ncols   200
nrows   200
xllcorner   13.0
yllcorner   35.0
cellsize   0.005
NODATA_value   -9999.0
[rows 0 to 41 of 200, columns 94 to 187 of 200]
218 219 222 225 227 228 230 233 235 236 239 241 243 245 247 248 249 251 253 255 257 258 260 261 263 264 265 267 268 270 271 273 274 276 277 277 279 280 282 283 285 287 288 461 461 462 463 465 466 467 468 391 392 391 393 394 395 396 398 399 400 402 401 403 403 404 406 406 408 408 409 410 410 411 413 414 414 416 416 418 418 418 419 420 420 422 422 422 424 424 424 424 427 427
215 217 220 223 224 226 228 231 233 235 237 239 241 243 244 245 247 250 251 253 255 256 258 259 260 262 263 265 266 268 269 271 273 273 275 276 278 279 280 281 283 284 459 458 460 461 463 463 464 466 467 389 390 391 391 393 394 394 396 398 399 400 400 401 402 403 404 405 406 407 408 408 408 410 412 412 414 414 415 416 416 416 418 418 420 420 421 422 422 423 422 424 425 426
213 215 218 219 221 224 226 229 230 233 235 237 239 240 242 244 246 248 249 251 253 254 257 257 259 261 262 264 265 267 269 270 271 271 273 274 276 277 279 280 281 453 456 457 459 459 461 462 464 464 466 388 388 389 390 392 392 394 395 395 398 397 399 400 400 402 403 404 405 405 407 406 408 409 410 412 412 413 414 415 414 416 416 417 418 419 419 421 421 420 422 422 423 425
211 212 214 217 219 222 224 226 228 231 233 235 237 238 241 242 244 246 247 250 252 253 254 255 257 259 260 262 263 265 267 268 269 270 272 273 274 275 277 278 280 452 452 455 457 458 460 460 462 463 465 385 387 388 388 390 391 392 393 395 396 396 398 398 400 400 401 403 403 405 404 405 406 407 409 410 411 412 413 412 414 414 415 416 417 417 419 419 419 420 420 421 422 423
208 210 212 215 217 219 222 224 227 229 230 233 234 236 238 240 242 244 246 248 250 251 252 253 255 257 258 260 261 263 265 265 267 268 270 271 273 274 276 276 449 450 451 455 455 456 458 459 461 461 463 384 385 386 388 389 390 391 392 393 393 395 396 398 398 399 401 401 403 402 403 404 405 406 407 409 410 411 411 412 412 413 414 415 415 417 417 418 418 419 419 420 421 421
207 207 209 212 214 217 220 222 225 226 229 230 232 235 236 238 240 242 244 246 247 248 250 252 254 256 257 259 260 262 264 264 266 267 268 269 271 273 274 447 447 448 449 451 454 456 456 458 459 461 460 382 384 385 386 387 389 389 391 391 391 394 395 396 397 398 399 400 401 401 402 403 403 405 406 406 409 409 410 410 411 412 413 413 415 415 416 416 417 417 419 419 419 421
204 205 207 210 212 215 218 219 222 224 226 228 231 232 234 236 239 240 242 244 244 247 249 250 252 254 255 257 258 260 261 262 264 265 267 268 270 271 272 445 445 447 448 450 452 454 455 457 457 458 459 382 382 384 385 385 387 388 389 389 391 391 393 395 395 397 398 399 399 399 401 401 403 404 404 406 407 407 408 409 410 411 411 413 413 414 415 415 415 417 417 417 419 419
202 203 204 207 209 212 215 217 220 221 224 225 228 230 232 235 236 238 240 241 243 245 247 248 250 251 253 255 256 257 259 260 262 263 265 266 268 270 442 443 443 445 446 448 449 453 453 455 456 457 457 380 381 382 383 385 386 386 387 388 389 390 392 393 394 395 396 398 397 399 399 400 401 402 404 404 405 406 407 407 409 409 410 411 412 413 413 413 415 415 416 417 417 418
201 202 203 205 207 210 213 215 218 218 221 223 226 228 231 232 234 236 239 239 241 243 244 246 249 250 252 254 255 256 258 259 261 262 264 264 266 439 439 441 442 444 445 446 447 449 452 453 453 455 456 378 379 381 382 383 384 386 385 387 388 388 390 392 393 394 395 395 396 397 398 399 400 401 402 403 402 405 405 407 407 408 409 410 410 412 411 412 413 414 415 416 416 417
199 200 201 202 204 207 210 212 214 217 219 222 224 225 228 230 232 235 235 237 239 240 243 245 247 248 250 252 252 254 255 257 259 260 262 263 265 438 437 439 440 442 443 445 446 447 450 451 452 453 454 377 378 379 380 382 382 383 384 386 386 388 388 389 392 392 393 394 395 396 396 398 398 400 401 401 402 402 404 405 406 407 408 408 410 409 410 411 412 412 414 414 415 416
197 198 199 201 202 205 208 209 212 215 216 219 221 223 226 228 229 231 233 235 237 239 241 243 244 246 248 248 250 252 253 255 257 258 260 261 434 435 436 438 439 440 441 443 444 446 447 449 451 452 454 375 376 378 379 380 380 382 382 384 385 386 387 389 390 391 391 392 394 394 396 396 397 399 399 400 400 401 402 404 404 406 406 408 407 408 409 410 410 412 412 413 414 415
195 196 198 199 200 202 204 206 209 212 214 217 219 222 223 225 227 229 231 232 235 237 239 240 242 244 246 247 249 251 252 254 255 257 259 431 431 433 434 436 437 439 440 442 442 444 445 448 450 450 452 374 376 376 378 379 378 380 381 382 383 385 385 387 388 389 390 391 392 393 394 395 395 397 397 398 399 399 401 402 404 404 405 406 406 406 408 408 410 410 411 412 413 412
194 194 196 197 198 199 201 203 206 209 211 214 216 219 221 223 225 227 228 231 233 235 236 238 241 243 243 245 247 248 250 252 253 255 257 429 430 431 433 434 435 437 438 440 441 442 443 444 448 449 450 372 374 375 376 376 378 378 380 381 382 383 384 385 385 387 388 390 391 391 393 393 395 396 395 397 397 399 399 400 402 403 404 404 404 406 406 407 408 409 409 411 410 412
194 194 194 195 196 196 198 201 204 207 209 212 214 217 219 220 222 224 227 229 231 232 235 237 239 239 241 243 245 246 248 250 251 253 425 426 428 429 431 433 434 436 436 438 439 440 442 443 446 447 449 371 372 373 374 375 376 377 379 379 381 382 382 384 384 385 387 388 389 391 391 392 393 393 395 395 396 397 398 399 400 401 403 402 404 404 405 406 407 407 409 409 409 410
194 194 194 194 193 194 196 198 201 204 206 209 211 214 215 218 220 222 225 226 228 231 233 235 235 237 239 241 242 245 247 248 250 423 423 424 426 427 429 430 432 434 435 437 436 438 439 441 443 445 447 369 371 371 372 373 375 375 377 378 379 380 382 381 382 384 384 387 388 389 390 391 392 391 393 394 395 396 396 398 398 401 400 401 402 403 403 405 405 407 407 407 408 409
194 194 194 193 193 193 193 195 198 201 203 206 208 210 212 215 217 220 222 224 226 229 230 231 233 235 238 239 241 243 244 246 248 419 421 423 424 426 428 429 430 432 433 434 435 437 437 439 441 442 446 367 369 369 371 371 373 374 375 376 378 379 380 380 381 382 383 384 386 388 388 390 389 390 391 392 394 394 396 396 397 397 399 399 401 401 403 403 404 405 406 405 407 407
194 194 193 193 193 193 193 193 195 198 200 203 207 208 210 213 215 218 219 221 224 226 228 229 231 233 235 237 239 240 242 244 417 417 419 421 422 424 426 427 429 430 432 432 433 435 436 438 438 440 444 366 367 367 369 370 371 372 374 375 376 377 378 378 380 381 382 383 384 386 387 387 388 389 390 391 392 393 394 395 395 396 396 399 399 400 401 402 403 404 403 405 405 406
194 193 193 193 193 193 193 193 193 195 197 200 203 205 208 210 212 215 217 219 222 224 224 227 229 231 233 235 236 238 240 413 413 415 417 418 420 422 423 425 427 428 429 430 432 433 434 436 437 439 440 364 365 366 367 368 370 371 372 373 375 374 376 377 378 379 381 381 382 384 385 386 386 388 388 390 391 391 393 393 394 394 395 397 398 399 400 400 402 402 402 403 404 405
194 193 193 193 193 193 193 193 193 194 195 196 200 202 205 207 210 212 214 217 219 220 222 225 227 229 230 232 234 237 239 410 412 414 415 417 419 420 422 424 424 425 427 428 430 432 433 434 435 437 438 360 363 364 366 367 368 369 371 371 373 373 374 375 377 377 379 380 381 382 383 384 385 386 387 388 389 390 391 392 392 393 394 395 396 398 398 399 400 400 401 402 402 404
162 193 193 193 193 193 193 193 193 193 193 195 196 199 202 204 207 209 211 214 215 217 220 222 224 226 228 231 233 234 406 408 410 411 413 415 417 418 420 422 422 424 426 426 428 429 431 433 434 435 435 358 361 362 364 365 367 367 369 370 371 371 373 374 375 376 378 378 380 379 381 383 383 385 385 387 387 389 390 389 391 391 393 393 394 396 397 398 398 398 400 400 401 402
162 162 193 193 193 193 193 193 193 192 192 194 195 197 199 201 204 206 209 212 213 215 218 220 222 223 226 228 230 403 404 405 407 409 411 412 414 416 418 419 420 422 423 425 427 427 429 430 432 433 434 356 357 361 362 363 365 366 368 367 369 370 371 372 374 374 376 377 378 378 379 381 382 383 384 385 386 388 387 388 389 390 391 392 393 394 395 397 396 398 398 399 400 401
162 162 162 162 193 193 193 193 192 192 192 193 194 196 198 199 201 203 207 208 210 213 215 217 219 222 224 226 227 399 401 403 405 408 409 411 413 415 415 416 418 419 421 423 424 426 428 428 430 430 353 355 355 357 360 362 362 364 366 366 367 368 370 370 372 373 374 375 376 376 378 378 380 382 382 384 384 386 386 387 388 388 390 390 392 392 394 394 395 396 397 397 399 399
162 162 162 162 162 162 193 193 192 192 192 192 193 195 197 198 200 201 202 205 207 210 212 214 217 219 221 223 395 397 400 401 403 405 407 409 410 412 413 415 416 418 419 420 422 424 425 427 428 428 351 352 354 356 358 360 361 363 362 364 366 366 368 369 370 371 373 372 374 375 376 377 378 380 381 382 383 383 384 386 386 387 388 389 390 391 391 393 393 395 395 397 397 398
162 162 162 162 162 162 162 192 192 192 192 192 192 194 196 197 199 199 201 202 204 207 209 211 214 216 218 219 393 395 397 399 401 403 404 406 408 409 411 412 414 416 417 419 421 421 423 424 425 427 350 350 352 353 355 359 359 360 361 362 363 365 367 367 369 370 371 371 372 373 375 375 376 379 379 381 380 382 382 384 385 386 387 387 389 389 390 390 392 393 394 395 396 396
162 162 162 162 162 162 161 161 161 192 192 192 192 193 194 196 197 198 200 201 203 204 206 209 211 213 215 388 390 392 394 396 398 400 402 404 406 406 408 410 412 413 415 417 418 420 422 422 423 425 347 349 351 351 353 354 357 358 359 361 362 363 364 366 366 368 368 369 371 372 372 374 374 376 378 379 379 380 381 382 383 385 385 386 387 387 388 389 389 392 392 394 394 395
162 162 162 162 162 161 161 161 161 161 161 192 192 192 193 194 196 197 199 200 202 203 204 206 208 210 382 386 388 390 392 394 395 397 400 402 403 405 407 408 410 411 413 414 416 418 419 420 422 423 345 347 348 350 351 352 353 356 357 359 360 362 362 364 365 365 366 368 368 370 371 372 373 374 375 377 377 379 379 381 381 383 384 384 386 385 387 387 389 389 391 392 393 394
162 162 162 162 161 161 161 161 161 161 161 161 161 192 192 193 195 196 198 199 201 202 203 205 206 206 380 383 385 387 389 391 394 396 398 398 400 402 404 406 408 409 411 413 414 414 416 418 420 421 344 345 346 348 349 350 351 354 356 357 358 360 361 362 363 364 364 366 367 368 369 371 371 373 372 374 376 377 378 379 380 381 382 382 383 384 385 386 387 388 389 391 391 391
162 162 162 161 161 161 161 161 161 161 161 161 161 161 191 192 193 195 197 198 200 201 202 204 204 376 378 379 382 384 387 389 391 393 394 396 398 400 401 403 405 407 409 410 411 413 415 415 417 419 342 343 345 346 346 348 349 350 354 355 357 357 359 361 360 362 363 364 365 367 367 369 370 371 371 372 374 376 376 378 378 380 380 380 381 382 383 384 386 386 387 389 389 390
162 162 161 161 161 161 161 161 161 161 161 161 161 160 160 160 192 194 196 197 199 200 201 202 374 376 377 378 379 381 384 386 388 390 391 393 395 397 399 401 402 404 406 408 409 410 412 414 416 416 339 341 343 344 345 345 347 349 350 353 355 356 357 357 359 360 361 363 364 365 366 367 368 369 369 371 371 374 375 376 377 378 379 378 380 380 382 382 384 384 385 386 387 388
162 161 161 161 161 161 161 161 161 161 161 161 160 160 160 160 160 162 195 196 198 199 200 201 373 375 376 377 378 380 381 383 385 386 388 390 392 395 397 399 401 403 404 404 406 408 410 412 413 336 338 338 340 341 342 344 345 346 348 350 352 354 356 356 357 358 360 360 362 363 364 366 365 367 368 369 370 371 373 375 375 376 376 377 378 379 380 381 382 383 383 384 384 387
162 161 161 161 161 161 161 161 161 161 161 160 160 160 160 160 160 161 162 164 197 198 198 371 372 374 375 376 378 379 380 381 381 383 386 388 390 392 394 396 398 400 401 403 405 406 407 409 411 333 335 337 338 338 340 342 343 345 346 347 349 352 352 354 355 356 358 359 360 361 363 363 364 364 366 367 368 369 370 372 374 373 375 375 377 377 379 379 381 381 382 382 383 384
101 161 161 161 161 161 161 161 161 161 160 160 160 160 160 160 160 160 161 163 164 165 197 370 371 373 374 375 377 378 379 379 380 382 383 385 387 389 391 393 395 396 398 400 402 404 406 407 408 331 333 333 335 337 338 339 341 343 344 345 347 349 351 352 353 355 355 357 358 359 361 361 362 363 364 365 367 367 369 369 372 372 373 374 375 376 377 378 379 380 379 381 381 383
101 161 161 161 161 161 161 161 161 160 160 160 160 160 160 160 160 160 160 162 162 164 336 338 370 372 373 374 376 377 377 378 380 381 382 383 384 386 388 390 392 393 395 397 399 401 403 405 407 329 330 331 333 334 336 338 339 340 342 344 344 345 349 350 351 352 354 355 356 358 357 359 360 361 363 363 365 366 367 368 368 370 372 372 374 374 376 376 377 378 378 379 380 381
101 101 161 161 161 161 161 161 161 160 160 160 160 160 160 160 160 160 160 160 161 334 335 337 338 371 372 373 375 376 376 377 379 380 381 382 383 384 385 387 388 390 392 394 396 398 400 402 404 327 327 329 330 332 334 335 337 338 340 341 342 344 344 348 349 350 352 353 354 356 356 357 358 360 360 362 362 364 365 365 367 368 370 371 372 373 373 375 375 376 376 378 378 380
101 101 161 161 161 161 161 161 160 160 160 160 160 160 160 160 160 160 159 159 160 333 334 336 337 339 340 372 374 374 375 377 378 379 380 381 382 383 385 385 386 388 390 392 394 396 397 399 401 323 325 327 328 330 331 333 335 336 338 338 339 341 343 343 347 349 349 351 353 352 354 355 356 358 359 360 361 362 363 364 364 366 367 369 369 371 372 373 373 374 375 376 377 378
101 101 101 161 161 161 161 160 160 160 160 160 160 160 160 160 160 159 159 159 330 332 333 335 336 338 339 340 341 373 374 376 377 378 379 380 382 383 383 384 385 386 387 389 391 393 395 397 398 320 322 324 326 328 329 331 332 334 334 336 337 339 340 342 343 346 348 349 349 351 351 353 355 355 357 358 359 361 360 362 363 364 365 367 368 369 370 371 371 373 373 375 375 376
101 101 101 101 161 161 160 160 160 160 160 160 160 160 160 160 160 159 159 159 330 330 332 334 335 337 338 338 340 341 342 375 376 377 378 380 381 381 382 383 384 385 386 387 388 390 392 394 316 318 320 321 323 325 327 328 330 331 332 334 335 337 338 340 341 342 346 346 347 348 350 351 352 354 355 356 358 357 359 359 361 362 363 364 366 367 368 368 369 370 371 372 373 374
101 101 101 101 161 160 160 160 160 160 160 160 160 160 160 160 159 159 159 330 330 330 331 333 334 336 336 337 339 340 341 343 344 376 377 379 380 380 381 382 383 384 385 386 387 388 389 390 313 315 317 319 321 322 324 326 327 328 330 331 333 334 336 337 339 340 343 344 345 347 348 349 351 352 353 354 355 356 357 358 359 360 362 362 364 365 366 366 368 368 370 370 372 372
101 101 101 101 100 160 160 160 160 160 160 160 160 160 160 159 159 159 159 330 330 330 330 331 333 333 335 336 338 339 341 342 343 344 346 378 378 379 380 381 382 383 384 385 386 387 387 388 310 312 314 316 318 320 322 323 324 326 327 329 330 332 334 335 336 338 339 341 343 345 346 347 349 350 351 352 352 354 355 356 357 358 359 361 362 363 364 365 366 367 368 369 370 371
101 101 101 100 100 100 160 160 160 160 160 160 160 160 159 159 159 159 330 330 330 330 330 330 332 332 334 335 337 338 340 341 342 343 345 345 346 378 379 380 381 383 384 385 386 386 387 388 309 310 311 313 315 317 319 320 321 323 325 326 328 329 331 333 334 334 336 338 341 342 344 345 346 348 349 349 351 351 353 354 355 357 357 359 359 360 361 363 364 365 366 367 368 369
101 101 100 100 100 100 160 160 160 160 160 160 160 159 159 159 159 330 330 330 330 330 330 330 330 331 333 334 336 337 338 340 341 342 343 344 345 346 347 379 381 382 383 384 384 385 386 387 309 310 311 311 312 314 316 317 319 321 322 323 325 327 328 330 332 332 333 335 337 340 341 343 345 345 346 347 348 350 350 352 354 354 356 356 357 357 359 361 362 364 364 366 366 368
101 100 100 100 100 100 100 160 160 160 160 160 159 159 159 159 159 330 330 330 330 330 330 329 329 330 332 333 335 336 337 339 340 340 342 343 344 345 346 348 349 381 382 383 383 384 385 307 308 309 310 311 312 312 312 313 315 318 320 320 322 324 326 328 328 330 332 332 334 336 340 340 342 344 343 345 346 347 349 350 351 353 353 355 355 356 357 358 359 361 363 363 365 364
