testData/tiles/oneDegree/grid29.0-45.0-30.0-46.0.asc
ncols   200
nrows   200
xllcorner   29.0
yllcorner   45.0
cellsize   0.005
NODATA_value   -9999.0
[rows 42 to 83 of 200, columns 94 to 187 of 200]
292 292 292 292 292 292 292 292 292 292 292 292 291 291 291 291 291 291 291 291 291 291 291 291 291 290 290 290 290 290 290 290 290 290 290 289 289 289 289 289 289 289 289 289 289 288 288 288 288 288 288 288 288 287 287 287 287 286 286 286 286 285 285 285 285 285 285 285 284 284 284 284 284 284 282 282 282 282 282 282 282 281 281 281 281 281 279 279 279 279 279 279 278 278
292 292 292 292 292 292 292 292 292 292 292 292 292 292 291 291 291 291 291 291 291 291 291 291 291 291 290 290 290 290 290 290 290 290 290 290 289 289 289 289 289 289 289 289 289 289 288 288 288 287 287 287 287 287 286 286 286 286 286 286 286 285 285 285 285 285 285 285 284 283 283 283 283 283 283 282 282 282 282 282 282 281 280 280 280 280 280 279 279 279 279 279 279 277
291 291 291 291 291 291 291 291 291 291 292 292 292 292 292 291 291 291 291 291 291 291 291 291 291 291 291 290 290 290 290 290 290 290 290 290 290 288 288 288 288 288 288 288 288 288 287 287 287 287 287 287 287 287 287 286 286 286 286 286 286 286 285 284 284 284 284 284 284 283 283 283 283 283 283 283 282 282 281 281 281 281 280 280 280 280 280 280 279 279 278 278 278 277
292 291 291 291 291 291 291 291 291 291 291 291 291 291 291 291 290 290 290 290 290 290 290 290 290 290 290 290 289 289 289 289 289 289 289 289 289 289 288 288 288 288 288 288 288 288 288 287 287 287 287 287 287 287 287 286 286 285 285 285 285 285 285 284 284 284 284 284 284 284 283 283 283 283 282 282 281 281 281 281 281 281 280 280 280 280 279 279 278 278 278 278 278 278
292 292 292 291 291 291 291 291 291 291 291 291 291 291 291 291 291 290 290 290 290 290 290 290 290 290 290 290 290 289 289 289 289 289 289 289 289 289 289 288 288 288 288 288 288 288 288 288 286 286 286 286 286 286 286 286 285 285 285 285 285 285 285 285 284 284 284 284 284 283 283 282 282 282 282 282 282 281 281 281 281 281 280 279 279 279 279 279 279 278 278 278 278 278
291 291 291 291 290 290 290 290 290 290 290 290 291 291 291 291 291 291 291 290 290 290 290 290 290 290 290 290 290 290 289 289 289 289 289 288 288 288 288 288 287 287 287 287 287 287 287 287 287 286 286 286 286 286 286 286 286 285 285 285 285 285 285 284 283 283 283 283 283 283 283 282 282 282 282 282 282 282 280 280 280 280 280 280 279 279 279 279 279 278 277 277 277 277
291 291 291 291 291 291 290 290 290 290 290 290 290 290 290 290 290 290 290 290 289 289 289 289 289 289 289 289 289 289 289 288 288 288 288 288 288 288 288 288 288 287 287 287 287 287 287 287 287 287 286 286 286 286 286 286 285 285 284 284 284 284 284 284 284 283 283 283 283 283 283 283 282 282 281 281 281 281 280 280 280 280 280 280 279 279 278 278 278 278 277 277 277 277
568 291 291 291 291 291 291 290 290 290 290 290 290 290 290 290 290 290 290 290 290 289 289 289 289 289 289 289 289 289 289 289 288 288 288 288 288 288 288 288 288 288 287 287 287 287 287 287 286 286 286 285 285 285 285 285 285 285 284 284 284 284 284 284 284 284 283 283 283 282 282 282 281 281 281 281 281 281 281 280 280 280 279 279 279 278 278 278 278 278 278 277 277 277
567 567 290 290 290 290 290 290 290 289 289 289 289 290 290 290 290 290 290 290 290 290 289 289 289 289 289 289 289 289 289 289 289 288 287 287 287 287 287 287 287 287 287 286 286 286 286 286 286 286 286 285 285 285 285 285 285 285 285 284 284 284 284 283 283 283 282 282 282 282 282 282 282 281 281 281 281 281 280 279 279 279 279 279 279 278 278 278 278 278 277 276 276 276
567 567 567 567 290 290 290 290 290 290 289 289 289 289 289 289 289 289 289 289 289 289 289 288 288 288 288 288 288 288 288 288 288 288 287 287 287 287 287 287 287 287 287 287 286 286 286 286 286 286 286 286 285 285 285 285 284 284 284 284 283 283 283 283 283 283 283 282 282 282 282 282 282 282 280 280 280 280 280 280 279 279 279 279 279 279 278 277 277 277 277 277 276 276
567 567 567 567 567 290 290 290 290 290 290 290 289 289 289 289 289 289 289 289 289 289 289 289 288 288 288 288 288 288 288 288 288 288 288 287 287 287 287 287 287 287 287 287 286 286 286 285 285 285 285 285 285 284 284 284 284 284 284 284 284 283 283 283 283 283 283 283 281 281 281 281 281 281 280 280 280 280 280 280 280 279 279 278 278 278 278 277 277 277 277 277 276 276
566 566 566 566 566 566 289 289 289 289 289 289 289 288 288 289 289 289 289 289 289 289 289 289 289 288 288 288 288 288 288 288 287 287 287 287 286 286 286 286 286 286 286 286 286 285 285 285 285 285 285 285 285 285 284 284 284 284 284 284 284 283 283 282 282 282 282 282 281 281 281 281 281 281 281 280 280 280 279 279 279 278 278 278 278 278 278 277 277 277 276 276 276 275
566 566 566 566 566 566 566 566 289 289 289 289 289 289 288 288 288 288 288 288 288 288 288 288 288 288 287 287 287 287 287 287 287 287 287 287 287 286 286 286 286 286 286 286 286 286 285 285 285 285 285 285 285 285 284 284 283 283 283 283 283 283 282 282 282 282 282 282 282 281 281 281 281 281 280 280 279 279 279 279 279 279 278 278 278 278 278 277 276 276 276 276 276 275
566 566 566 566 566 566 566 566 566 289 289 289 289 289 289 288 288 288 288 288 288 288 288 288 288 288 288 287 287 287 287 287 287 287 287 287 287 287 286 286 286 286 286 286 286 286 286 284 284 284 284 284 284 284 284 283 283 283 283 283 283 283 283 282 282 282 282 282 281 281 280 280 280 280 280 280 279 279 279 279 279 279 278 277 277 277 277 277 276 276 276 276 276 276
566 565 565 565 565 565 565 565 565 565 565 288 288 288 288 288 287 288 288 288 288 288 288 288 288 288 288 288 287 287 286 286 286 286 286 286 286 286 286 285 285 285 285 285 285 285 285 285 284 284 284 284 284 284 284 284 283 283 283 283 283 283 282 281 281 281 281 281 281 281 280 280 280 280 280 280 280 279 278 278 278 278 278 277 277 277 277 277 277 276 276 275 275 275
566 566 566 565 565 565 565 565 565 565 565 565 288 288 288 288 288 288 287 287 287 287 287 287 287 287 287 287 287 286 286 286 286 286 286 286 286 286 286 285 285 285 285 285 285 285 285 285 284 284 284 284 284 284 284 283 282 282 282 282 282 282 282 282 281 281 281 281 281 281 281 280 280 279 279 279 279 278 278 278 278 278 278 277 277 277 277 276 276 275 275 275 275 275
565 566 566 566 565 565 565 565 565 565 565 565 565 565 288 288 288 288 288 287 287 287 287 287 287 287 287 287 287 287 286 286 286 286 286 286 286 286 286 286 285 285 285 285 285 285 284 284 284 283 283 283 283 283 283 283 283 282 282 282 282 282 282 282 282 281 281 281 280 280 280 279 279 279 279 279 279 279 278 278 278 278 278 277 276 276 276 276 276 276 275 275 275 275
565 565 565 565 565 565 564 564 564 564 564 564 564 564 564 287 287 287 287 287 286 287 287 287 287 287 286 286 286 286 286 285 285 285 285 285 285 285 285 285 285 284 284 284 284 284 284 284 284 284 283 283 283 283 283 283 283 283 282 282 282 282 281 281 281 280 280 280 280 280 280 280 279 279 279 279 279 279 277 277 277 277 277 277 276 276 276 276 276 276 275 274 274 274
565 565 565 565 565 565 565 564 564 564 564 564 564 564 564 564 287 287 287 287 287 286 286 286 286 286 286 286 286 286 286 286 285 285 285 285 285 285 285 285 285 285 284 284 284 284 284 284 284 284 284 283 283 283 283 282 282 282 281 281 281 281 281 281 281 281 280 280 280 280 280 280 280 278 278 278 278 278 278 277 277 277 277 277 277 276 276 275 275 275 275 274 274 274
564 564 565 565 565 565 565 565 564 564 564 564 564 564 564 564 564 564 287 287 287 287 286 286 286 286 286 286 286 286 286 286 286 285 285 285 285 285 285 285 285 285 285 284 284 283 283 283 283 283 283 282 282 282 282 282 282 282 282 281 281 281 281 281 281 281 280 280 279 279 279 279 279 278 278 278 278 278 278 277 277 277 277 276 276 276 275 275 275 275 275 274 274 274
564 564 564 564 564 564 564 564 564 564 563 563 563 563 563 563 563 563 563 286 286 286 286 285 285 285 285 285 285 285 285 285 285 285 284 284 284 284 284 284 284 284 284 283 283 283 283 283 283 283 283 283 282 282 282 282 282 282 282 282 281 281 280 280 280 280 280 279 279 279 279 279 279 279 278 278 278 278 277 277 276 276 276 276 276 276 275 275 275 275 275 274 273 273
564 564 564 564 564 564 564 564 564 564 564 563 563 563 563 563 563 563 563 563 286 286 286 286 285 285 285 285 285 285 285 285 285 285 285 284 284 284 284 284 284 284 284 284 283 283 283 283 283 283 283 283 283 282 282 281 281 281 281 281 280 280 280 280 280 280 280 280 279 279 279 279 279 278 277 277 277 277 277 277 277 276 276 276 276 276 276 274 274 274 274 274 273 273
563 563 564 564 564 564 564 564 564 564 564 564 563 563 563 563 563 563 563 563 563 563 286 286 286 285 285 285 285 285 285 285 285 285 285 285 284 284 284 284 284 284 284 284 284 282 282 282 282 282 282 282 282 281 281 281 281 281 281 281 281 280 280 280 280 280 280 280 278 278 278 278 278 278 278 277 277 277 277 277 277 276 276 275 275 275 275 274 274 274 274 274 274 273
563 563 563 563 563 563 563 563 563 563 563 563 563 562 562 562 562 562 562 562 562 562 562 285 285 285 284 284 284 284 284 284 284 284 284 284 283 283 283 283 283 283 283 283 283 283 282 282 282 282 282 282 282 282 281 281 281 281 281 281 281 281 279 279 279 279 279 279 279 278 278 278 278 278 278 277 277 277 276 276 276 276 275 275 275 275 275 275 274 274 274 274 274 273
563 563 563 563 563 563 563 563 563 563 563 563 563 563 562 562 562 562 562 562 562 562 562 562 285 285 285 284 284 284 284 284 284 284 284 284 284 283 283 283 283 283 283 283 283 283 282 282 282 282 282 282 282 282 281 280 280 280 280 280 280 280 279 279 279 279 279 279 279 278 278 278 278 277 277 277 276 276 276 276 276 276 275 275 275 275 275 275 274 274 274 274 274 274
562 562 562 563 563 563 563 563 563 563 563 563 563 563 563 562 562 562 562 562 562 562 562 562 562 285 285 285 284 284 284 284 284 284 284 284 284 284 283 283 283 283 283 283 282 282 282 281 281 281 281 281 281 281 281 280 280 280 280 280 280 280 280 279 279 279 279 279 278 278 277 277 277 277 277 277 276 276 276 276 276 276 276 275 275 275 275 275 274 274 274 274 274 274
563 562 562 562 562 562 562 562 562 562 562 562 562 562 562 562 561 561 561 561 561 561 561 561 561 561 561 284 283 283 283 283 283 283 283 283 283 283 283 282 282 282 282 282 282 282 282 282 281 281 281 281 281 281 281 281 280 280 280 280 280 279 279 278 278 278 278 278 278 278 277 277 277 277 277 277 277 276 276 276 276 276 276 275 275 275 275 275 275 274 274 274 274 274
563 563 562 562 562 562 562 562 562 562 562 562 562 562 562 562 562 561 561 561 561 561 561 561 561 561 561 561 284 283 283 283 283 283 283 283 283 283 283 282 282 282 282 282 282 282 282 282 281 281 281 281 281 281 280 280 280 279 279 279 279 279 279 279 278 278 278 278 278 278 278 277 277 277 277 277 277 276 276 276 276 276 276 276 275 275 275 275 275 274 274 274 274 274
562 562 562 562 562 562 562 562 562 562 562 562 562 562 562 562 562 562 561 561 561 561 561 561 561 561 561 561 561 284 283 283 283 283 283 283 283 283 283 283 282 282 282 281 281 281 281 281 281 280 280 280 280 280 280 280 280 279 279 279 279 279 279 279 279 278 278 278 278 278 278 277 277 277 277 277 277 277 276 276 276 276 276 276 275 275 275 275 275 275 274 274 274 274
562 562 562 562 562 561 561 561 561 561 561 561 561 561 561 561 561 561 561 560 560 560 560 560 560 560 560 560 560 560 283 282 282 282 282 282 282 282 282 282 282 281 281 281 281 281 281 281 281 281 280 280 280 280 280 280 280 280 279 279 279 279 279 279 279 278 278 278 278 278 278 278 277 277 277 277 277 277 276 276 276 276 276 276 276 275 275 275 275 275 274 274 274 274
562 562 562 562 562 562 561 561 561 561 561 561 561 561 561 561 561 561 561 561 560 560 560 560 560 560 560 560 560 560 560 560 282 282 282 282 282 282 282 282 282 282 281 281 281 281 281 281 281 281 280 280 280 280 280 280 280 280 279 279 279 279 279 279 279 279 278 278 278 278 278 278 277 277 277 277 277 277 277 276 276 276 276 276 276 275 275 275 275 275 275 274 274 274
562 562 562 562 562 562 562 561 561 561 561 561 561 561 561 561 561 561 561 561 561 560 560 560 560 560 560 560 560 560 560 560 559 282 282 282 282 282 282 282 282 282 281 281 281 281 281 281 281 281 281 280 280 280 280 280 280 280 280 279 279 279 279 279 279 279 278 278 278 278 278 278 278 277 277 277 277 277 277 276 276 276 276 276 276 275 275 275 275 275 275 274 274 274
562 562 562 562 562 562 562 562 562 561 561 561 561 561 561 561 561 561 561 561 561 561 560 560 560 560 560 560 560 560 560 560 560 559 282 282 282 282 282 282 282 282 282 281 281 281 281 281 281 281 281 281 280 280 280 280 280 280 280 279 279 279 279 279 279 279 279 278 278 278 278 278 278 278 277 277 277 277 277 277 276 276 276 276 276 276 275 275 275 275 275 275 274 274
562 562 562 562 562 562 562 562 562 562 561 561 561 561 561 561 561 561 561 561 561 561 561 560 560 560 560 560 560 560 560 560 560 560 559 282 282 282 282 282 282 282 282 282 281 281 281 281 281 281 281 281 280 280 280 280 280 280 280 280 279 279 279 279 279 279 279 278 278 278 278 278 278 278 277 277 277 277 277 277 276 276 276 276 276 276 275 275 275 275 275 275 274 274
562 562 562 562 562 562 562 562 562 562 562 561 561 561 561 561 561 561 561 561 561 561 561 561 560 560 560 560 560 560 560 560 560 560 560 559 282 282 282 282 282 282 282 282 281 281 281 281 281 281 281 281 281 280 280 280 280 280 280 280 280 279 279 279 279 279 279 279 278 278 278 278 278 278 277 277 277 277 277 277 277 276 276 276 276 276 276 275 275 275 275 275 274 274
562 562 562 562 562 562 562 562 562 562 562 562 561 561 561 561 561 561 561 561 561 561 561 561 561 560 560 560 560 560 560 560 560 560 560 559 559 282 282 282 282 282 282 282 282 281 281 281 281 281 281 281 281 280 280 280 280 280 280 280 280 279 279 279 279 279 279 279 278 278 278 278 278 278 278 277 277 277 277 277 277 276 276 276 276 276 276 275 275 275 275 275 275 274
562 562 562 562 562 562 562 562 562 562 562 562 562 561 561 561 561 561 561 561 561 561 561 561 561 560 560 560 560 560 560 560 560 560 560 560 559 559 559 282 282 282 282 282 282 282 281 281 281 281 281 281 281 281 280 280 280 280 280 280 280 280 279 279 279 279 279 279 279 278 278 278 278 278 278 277 277 277 277 277 277 277 276 276 276 276 276 276 275 275 275 275 275 274
562 562 562 562 562 562 562 562 562 562 562 562 562 562 561 561 561 561 561 561 561 561 561 561 561 561 560 560 560 560 560 560 560 560 560 560 560 559 559 559 282 282 282 282 282 282 281 281 281 281 281 281 281 281 280 280 280 280 280 280 280 280 279 279 279 279 279 279 279 278 278 278 278 278 278 278 277 277 277 277 277 277 276 276 276 276 276 276 275 275 275 275 275 275
562 562 562 562 562 562 562 562 562 562 562 562 562 562 562 561 561 561 561 561 561 561 561 561 561 561 561 560 560 560 560 560 560 560 560 560 560 560 559 559 559 282 282 282 282 282 282 281 281 281 281 281 281 281 281 280 280 280 280 280 280 280 280 279 279 279 279 279 279 279 278 278 278 278 278 278 277 277 277 277 277 277 277 276 276 276 276 276 275 275 275 275 275 275
562 562 562 562 562 562 562 562 562 562 562 562 562 562 562 562 561 561 561 561 561 561 561 561 561 561 561 561 560 560 560 560 560 560 560 560 560 560 559 559 559 559 282 282 282 282 282 281 281 281 281 281 281 281 281 281 280 280 280 280 280 280 280 279 279 279 279 279 279 279 278 278 278 278 278 278 278 277 277 277 277 277 277 276 276 276 276 276 276 275 275 275 275 275
563 562 562 562 562 562 562 562 562 562 562 562 562 562 562 562 561 561 561 561 561 561 561 561 561 561 561 561 561 560 560 560 560 560 560 560 560 560 560 559 559 559 559 282 282 282 282 282 281 281 281 281 281 281 281 281 280 280 280 280 280 280 280 280 279 279 279 279 279 279 279 278 278 278 278 278 278 277 277 277 277 277 277 276 276 276 276 276 276 275 275 275 275 275
563 563 562 562 562 562 562 562 562 562 562 562 562 562 562 562 562 561 561 561 561 561 561 561 561 561 561 561 561 560 560 560 560 560 560 560 560 560 560 559 559 559 559 559 282 282 282 282 282 281 281 281 281 281 281 281 281 280 280 280 280 280 280 280 279 279 279 279 279 279 279 278 278 278 278 278 278 278 277 277 277 277 277 277 276 276 276 276 276 276 275 275 275 275
