testData/tiles/oneDegree/grid14.0-39.0-15.0-40.0.asc
ncols   200
nrows   200
xllcorner   14.0
yllcorner   39.0
cellsize   0.005
NODATA_value   -9999.0
[rows 126 to 167 of 200, columns 0 to 93 of 200]
355 357 357 357 358 358 359 360 360 361 361 362 363 363 364 364 229 229 229 229 230 230 231 230 231 231 232 231 232 232 232 232 232 233 232 232 233 233 232 233 233 233 233 233 232 233 233 232 233 232 231 231 231 231 231 230 231 230 230 230 229 229 228 228 228 228 228 227 227 226 225 226 225 225 224 224 223 223 222 222 221 221 220 220 220 219 219 218 217 216 216 215 215 214
356 357 357 358 359 359 360 360 360 361 362 363 364 364 364 364 229 229 230 230 230 230 231 231 232 231 232 232 233 232 232 233 232 233 233 233 233 233 233 233 233 233 233 233 233 233 233 233 233 233 232 231 232 232 231 231 231 231 231 230 230 229 229 229 228 228 228 228 227 227 227 225 226 225 225 224 224 223 223 222 221 222 221 221 220 220 219 219 217 217 216 216 215 215
356 357 358 358 359 360 360 361 361 363 363 363 364 364 365 229 230 229 230 230 231 231 231 231 232 232 233 233 234 234 233 234 234 235 234 233 234 233 233 234 234 233 234 234 233 234 234 233 233 233 233 233 232 232 232 231 231 231 231 231 230 231 229 229 229 228 228 228 228 227 227 226 225 226 225 225 224 224 223 223 222 221 221 221 221 220 220 219 219 217 217 216 216 215
357 358 359 359 360 360 360 361 362 363 364 364 365 364 365 229 230 230 231 230 231 231 232 233 233 233 234 234 233 234 234 235 234 234 235 234 235 235 234 234 234 234 234 234 234 233 234 234 233 234 234 233 233 232 232 232 231 232 232 231 231 230 231 230 229 229 228 228 228 228 228 227 226 225 225 225 225 224 224 224 222 222 221 221 220 221 220 220 219 218 217 217 216 216
357 358 359 359 360 361 361 363 363 363 364 364 365 365 366 229 230 230 231 231 233 232 233 233 234 233 234 234 234 235 234 235 235 234 235 235 235 235 235 235 235 234 234 234 234 234 234 234 234 233 234 234 233 233 233 232 232 231 232 232 231 231 230 230 230 229 229 228 228 229 228 228 226 226 225 225 225 225 225 224 224 222 222 221 221 220 220 219 220 218 218 217 217 217
359 358 359 359 360 361 361 363 364 364 365 364 365 365 366 230 231 231 232 232 233 233 234 233 234 234 234 234 234 235 235 235 235 235 236 235 235 236 235 235 236 236 235 235 235 234 234 235 234 234 235 234 234 233 233 233 232 232 232 232 232 231 231 231 230 230 229 229 228 228 229 228 228 226 226 225 225 225 225 225 224 223 222 222 221 221 220 220 219 219 218 217 218 217
359 359 360 361 361 362 362 363 364 364 365 365 366 366 366 230 231 232 233 233 233 233 234 234 235 234 234 235 235 235 235 235 236 235 236 236 235 236 236 236 236 236 236 235 235 235 234 235 235 234 234 235 234 234 234 233 233 232 232 232 232 232 231 231 231 230 230 229 229 229 228 229 228 227 226 226 226 225 225 224 225 224 223 222 222 221 221 221 220 220 218 218 217 217
359 359 360 361 361 363 363 364 365 364 365 365 366 366 367 231 232 232 233 233 234 234 234 234 234 235 234 235 235 236 235 235 236 236 235 236 236 236 236 236 236 236 236 236 236 235 235 234 235 235 234 235 235 234 234 234 233 233 233 232 233 232 232 232 231 230 230 230 230 229 229 228 228 228 227 227 226 226 225 225 224 224 223 223 222 222 222 221 221 220 219 218 218 217
360 360 360 361 362 363 363 364 365 365 366 366 366 366 368 232 233 233 233 233 234 234 235 235 234 235 235 236 235 235 236 236 236 236 236 237 236 236 237 236 236 237 237 236 236 237 236 235 236 235 235 235 235 235 234 234 234 233 233 233 232 233 232 232 232 231 230 230 230 230 229 229 228 228 227 227 227 226 226 225 225 224 223 222 222 223 222 222 221 221 220 219 218 218
360 360 361 362 363 364 364 364 364 365 366 366 367 368 369 232 233 233 234 234 234 234 234 235 235 235 235 235 236 236 236 236 236 237 236 236 237 236 236 237 237 236 237 237 236 237 237 236 235 236 235 235 235 235 235 235 234 234 233 233 233 232 232 233 232 232 230 230 230 230 230 229 229 228 227 227 227 227 226 226 225 225 224 223 223 222 222 221 221 221 221 219 219 219
360 360 361 363 363 364 364 365 365 366 366 366 367 368 369 233 234 233 234 234 234 235 235 235 235 236 237 236 237 237 238 237 237 238 238 236 237 237 237 237 237 237 237 237 237 236 237 237 235 235 236 235 235 235 235 235 235 234 234 234 233 233 232 232 233 232 232 230 230 230 230 230 229 229 229 227 227 226 227 226 226 225 225 224 223 223 222 222 221 221 220 219 219 219
361 361 362 364 363 364 364 365 365 366 366 367 368 368 369 233 233 234 234 234 234 235 235 236 236 236 237 237 238 237 237 238 238 237 238 238 238 237 237 237 237 237 237 238 237 237 237 237 237 236 235 236 236 235 235 236 235 235 233 233 234 233 233 233 232 233 232 231 231 230 230 229 230 229 229 228 227 227 226 226 225 226 226 224 224 223 223 222 222 221 221 220 220 220
361 361 363 364 364 365 365 366 365 366 366 368 368 369 369 233 233 234 234 235 235 235 236 236 237 237 237 237 237 238 238 238 238 238 239 238 238 239 238 237 238 238 237 237 238 237 237 238 237 237 236 236 236 236 235 235 236 235 235 234 233 234 233 233 233 232 233 231 231 231 230 230 229 229 230 228 228 227 227 226 226 226 225 225 224 224 223 223 222 222 222 222 221 221
361 361 363 363 364 365 365 366 366 367 368 368 368 369 369 234 234 235 234 235 235 236 237 236 237 237 238 238 237 238 238 238 238 238 238 239 238 238 239 239 237 238 238 237 238 238 237 237 238 238 237 236 237 236 236 235 235 236 235 234 234 233 234 234 233 233 232 232 232 231 231 230 230 230 229 229 228 228 227 227 227 226 226 225 224 223 223 222 223 223 223 223 222 222
362 363 364 364 365 365 365 366 366 367 368 369 369 370 369 234 234 235 235 236 236 236 237 237 238 237 237 238 238 238 238 238 239 239 238 239 239 239 239 239 239 238 238 238 238 238 238 238 237 238 238 236 236 237 236 236 236 235 236 235 234 234 233 234 234 233 233 232 231 231 231 231 230 230 230 229 228 227 228 227 227 227 226 226 224 224 223 223 223 223 223 223 222 222
362 363 364 364 365 365 366 367 367 368 368 369 369 370 370 235 234 234 235 236 237 237 237 237 237 238 238 238 238 238 239 239 238 239 239 239 239 239 239 239 239 239 239 238 238 238 238 238 238 237 238 238 236 236 237 236 236 236 235 236 235 234 234 233 233 234 233 233 232 231 231 230 231 231 230 230 228 228 227 227 227 227 227 226 225 224 224 224 224 224 224 224 223 223
362 363 364 364 365 365 366 366 367 368 369 369 369 369 234 234 235 235 237 236 237 237 237 238 237 238 238 238 239 238 238 239 239 239 239 239 239 239 239 239 240 239 239 239 238 238 238 238 238 238 238 238 237 237 236 236 237 236 236 235 234 235 234 234 234 233 234 233 232 232 231 231 230 230 231 230 229 228 228 228 227 227 226 226 224 225 225 225 225 225 225 225 224 224
363 364 365 365 366 366 366 366 367 368 369 369 370 370 235 234 235 236 237 237 237 237 237 238 238 238 238 238 239 239 239 239 239 239 240 239 239 240 240 239 239 240 239 239 239 239 238 238 239 238 238 238 237 237 237 236 236 237 236 236 236 234 235 234 234 234 233 233 234 232 232 231 231 231 230 230 230 229 228 228 228 227 227 226 226 225 225 225 225 225 226 226 225 225
363 364 364 365 366 366 367 367 369 369 369 369 370 370 235 235 235 236 236 237 237 238 238 237 238 238 239 240 239 240 240 240 240 240 239 240 240 239 240 240 239 240 240 240 238 239 239 238 238 239 238 238 238 237 237 237 236 236 237 236 236 235 234 234 235 234 234 233 233 232 232 232 231 231 231 230 230 228 228 229 228 228 227 227 227 226 226 226 226 226 226 226 226 225
364 365 364 365 365 366 367 367 369 369 370 370 370 370 234 235 236 237 237 238 237 237 238 238 239 238 239 240 240 240 240 240 241 241 240 239 240 240 239 240 240 240 240 240 240 238 239 239 239 238 239 239 238 237 238 237 237 237 236 237 236 235 235 234 234 235 234 234 234 232 232 231 232 232 231 231 230 229 229 228 228 227 227 228 228 227 227 227 227 227 227 227 227 226
364 365 365 366 366 367 367 367 368 369 369 370 370 371 235 236 236 237 237 237 238 238 238 238 238 240 240 240 240 240 241 241 240 241 241 241 240 240 240 240 240 240 240 240 240 239 239 239 239 239 238 239 239 237 237 237 237 237 237 236 236 236 235 235 235 234 234 234 234 233 232 232 231 231 231 231 231 229 229 229 228 228 228 228 228 227 227 227 228 228 228 228 228 227
364 365 365 366 366 367 367 369 369 370 370 370 370 371 235 236 237 237 237 237 238 238 238 239 239 240 240 240 241 240 240 241 241 240 241 241 241 240 240 240 241 240 240 240 241 240 239 239 239 239 239 238 239 239 237 237 237 237 237 237 236 235 235 235 235 235 234 234 233 233 233 232 232 232 231 231 230 229 230 229 229 229 229 229 229 228 228 228 228 228 228 228 228 227
365 365 366 365 366 367 367 369 369 370 370 370 371 371 235 236 237 237 238 238 237 238 238 240 240 240 240 240 240 241 241 240 241 241 241 241 241 241 241 240 240 241 241 240 240 241 239 239 239 240 239 239 239 238 238 238 237 237 237 237 237 237 235 235 234 235 235 234 234 233 232 232 232 232 232 231 231 229 229 229 229 229 230 230 230 229 229 229 229 229 229 229 229 228
365 365 366 366 367 367 368 369 369 369 370 370 371 371 236 237 237 237 237 238 238 239 239 239 240 240 240 241 240 241 241 241 242 241 241 241 242 241 240 241 241 240 241 241 240 240 240 240 239 239 240 239 239 239 237 238 238 237 237 237 237 237 236 235 235 235 234 235 234 233 233 232 232 232 232 232 231 230 230 230 230 230 230 230 230 229 230 230 230 230 230 230 230 229
365 365 366 366 367 367 368 369 370 370 371 371 371 371 235 237 237 238 238 238 238 238 239 240 240 240 240 241 241 241 241 241 241 242 241 241 242 242 240 240 241 241 240 241 241 241 239 240 240 239 239 239 239 239 238 237 237 238 237 237 237 236 236 236 235 235 235 234 234 234 233 233 232 232 232 231 231 231 231 231 231 231 231 231 231 230 230 230 230 230 230 230 230 229
365 366 366 367 367 367 367 369 369 370 370 371 371 372 236 237 237 237 238 238 239 238 238 240 240 241 241 240 241 241 242 242 241 241 242 242 241 242 241 241 240 241 241 241 240 241 240 239 239 240 240 239 239 240 238 238 238 237 238 238 237 237 236 235 236 236 235 235 234 234 233 233 233 233 232 232 232 231 231 231 231 232 232 232 232 231 231 231 231 231 231 231 231 230
365 366 366 367 367 368 368 370 370 370 370 371 371 236 236 237 238 237 238 238 238 239 239 241 240 240 241 241 241 241 241 241 242 241 241 242 242 242 241 241 241 241 241 241 241 240 240 240 240 239 240 240 239 239 238 238 238 238 237 237 238 237 236 236 235 235 236 235 235 234 233 233 232 232 233 233 233 232 232 232 232 232 232 232 232 231 232 232 232 232 232 232 232 231
365 366 366 367 367 368 368 370 370 371 371 371 371 235 236 237 238 238 238 239 238 239 239 240 241 241 240 241 241 241 242 241 241 242 242 241 242 242 241 241 241 241 241 241 241 241 240 240 240 240 239 240 240 239 238 238 239 238 238 238 237 237 237 236 236 235 235 235 234 234 234 233 233 233 233 233 233 233 233 233 233 233 233 233 233 232 232 232 232 232 232 232 232 231
366 366 367 367 368 368 368 369 370 370 371 371 372 236 237 237 237 238 238 239 239 239 239 240 240 241 241 242 241 241 242 242 242 241 242 242 242 242 241 241 242 241 241 241 242 241 240 240 240 240 240 240 239 240 239 238 238 238 238 238 238 237 236 236 236 236 236 235 235 233 233 234 234 234 234 234 234 233 233 233 233 234 234 234 234 233 233 233 233 233 233 233 233 232
366 366 367 367 368 368 369 370 371 371 371 371 371 236 236 238 238 239 238 238 239 239 239 240 240 241 241 241 242 242 241 242 242 242 241 242 242 241 242 241 241 241 242 241 241 241 240 240 240 240 240 240 240 239 238 239 238 238 238 237 238 237 236 236 236 235 236 236 235 234 234 234 234 234 235 235 235 234 234 234 234 234 234 234 234 233 233 234 234 234 234 234 234 233
366 367 366 367 367 368 368 369 370 371 371 372 372 236 236 236 238 238 239 239 239 239 239 240 240 241 242 241 241 242 242 242 242 242 242 242 241 241 241 242 241 241 241 242 241 240 240 241 240 240 240 240 240 239 238 238 239 239 238 238 238 236 237 237 236 236 235 235 235 235 235 235 235 235 235 235 235 234 235 235 235 235 235 235 235 234 234 234 234 234 234 234 234 233
366 367 367 368 368 369 369 369 370 371 371 371 372 236 237 237 238 238 238 239 239 240 240 239 240 240 241 242 242 241 242 242 242 242 242 241 241 242 241 241 242 242 241 241 242 241 240 240 241 240 240 240 240 239 239 239 238 238 239 238 238 237 236 236 237 236 236 236 236 235 235 235 236 236 236 236 236 235 235 235 235 235 236 236 236 235 235 235 235 235 235 235 235 234
366 366 367 367 368 368 369 369 371 371 372 371 372 236 236 237 237 239 239 238 239 239 240 240 240 240 240 241 242 242 242 242 242 242 242 241 241 241 242 241 241 242 242 241 240 241 241 240 240 240 241 240 240 239 238 239 239 238 238 238 238 237 237 236 236 236 236 237 237 236 236 236 236 236 236 237 237 236 236 236 236 236 236 236 236 235 235 235 236 236 236 236 236 235
367 367 368 367 368 368 369 369 370 371 371 372 372 237 236 237 237 238 239 239 240 240 239 240 240 240 241 240 240 241 241 241 241 241 241 242 242 241 241 242 242 241 241 242 241 240 240 241 241 240 240 241 239 239 239 238 239 239 239 238 238 237 237 237 237 237 237 237 237 237 237 237 237 237 237 237 237 236 236 237 237 237 237 237 237 236 236 236 236 236 236 236 235 235
365 367 367 368 368 369 369 370 369 371 371 372 372 236 237 237 238 237 238 239 239 240 240 240 240 240 240 241 241 240 241 241 241 242 241 241 241 242 242 241 242 242 242 240 241 241 241 240 241 241 240 240 239 240 239 239 239 238 239 239 237 237 237 237 237 238 238 238 237 237 237 237 238 238 238 238 237 237 237 237 237 237 237 237 237 237 237 237 237 237 237 237 236 236
365 367 367 368 368 369 369 370 370 371 372 372 236 236 237 237 237 238 238 240 239 239 240 240 240 241 240 240 241 241 241 241 241 241 242 242 241 241 242 242 241 241 241 241 240 240 241 241 240 240 241 241 239 239 239 239 239 239 238 238 237 238 238 238 238 238 238 239 238 238 238 238 238 238 238 238 238 238 238 238 238 238 238 238 237 237 237 237 237 237 237 237 237 237
366 367 368 368 369 368 369 369 370 370 372 372 236 237 237 237 237 237 238 239 240 240 239 240 240 240 241 241 240 241 241 241 242 241 241 242 242 242 241 242 242 242 240 241 241 241 240 241 241 241 240 239 240 239 239 239 238 239 239 239 238 238 238 239 239 239 239 239 238 238 239 239 239 239 239 239 238 238 238 238 239 239 239 239 238 238 238 238 238 238 238 238 237 237
366 366 368 368 369 369 370 370 370 370 371 372 236 237 237 237 238 238 238 238 238 240 240 240 241 240 240 241 241 241 241 241 241 242 242 241 241 242 242 242 241 241 241 241 241 241 241 241 240 241 241 239 239 239 240 239 239 239 239 239 239 239 239 239 239 240 240 240 239 239 239 239 239 239 240 240 239 239 239 239 239 239 239 239 238 238 239 239 239 239 239 239 238 238
365 366 367 368 368 369 369 370 370 371 371 372 237 236 237 237 237 238 238 239 239 238 240 240 240 241 241 240 241 241 241 242 241 241 242 242 242 241 242 241 241 240 241 241 241 240 241 241 241 240 240 240 240 239 239 239 240 240 240 239 239 240 240 240 240 240 240 239 240 240 240 240 240 240 240 239 239 239 240 240 240 240 240 240 239 239 239 239 239 239 239 239 238 238
366 367 367 369 369 370 369 369 370 370 371 371 237 237 237 238 237 238 238 238 239 239 239 239 240 240 241 241 241 241 241 241 242 242 241 241 242 241 241 241 241 241 241 241 241 241 241 240 241 240 240 239 240 240 240 240 240 240 240 240 240 240 240 240 241 241 241 240 240 240 240 240 241 241 241 240 240 240 240 240 240 240 240 240 240 240 240 240 240 240 240 239 239 239
366 366 367 368 369 369 370 370 371 371 370 371 235 237 237 237 238 238 239 238 238 239 239 239 240 240 240 241 241 241 242 241 241 242 242 241 240 241 241 241 241 241 241 241 241 241 241 241 239 240 240 240 240 240 241 241 241 241 240 240 241 241 241 241 241 241 241 241 241 241 241 241 241 241 241 241 241 241 241 241 241 241 241 240 240 240 240 240 240 240 240 240 240 240
367 366 367 367 368 369 369 370 370 371 371 372 236 237 237 237 237 238 238 239 239 239 239 239 239 240 240 240 240 240 240 241 241 240 240 241 241 241 241 241 241 241 241 241 241 241 240 241 240 240 240 241 241 241 241 241 242 241 241 241 241 241 242 242 242 242 241 241 241 241 242 242 242 242 241 241 241 241 241 241 242 242 242 241 241 241 241 241 241 241 241 240 240 240
