testData/tiles/oneDegree/grid35.0-41.0-36.0-42.0.asc
ncols   200
nrows   200
xllcorner   35.0
yllcorner   41.0
cellsize   0.005
NODATA_value   -9999.0
[rows 84 to 125 of 200, columns 0 to 93 of 200]
205 206 206 206 207 207 207 207 208 208 208 209 209 209 210 210 210 211 211 211 211 212 212 212 213 213 213 214 214 214 215 215 215 216 216 216 216 217 217 217 218 218 218 219 219 219 220 220 220 220 221 221 221 222 222 222 223 223 223 224 224 224 224 225 246 246 247 247 247 248 248 248 249 249 249 250 250 250 250 251 267 267 268 268 268 269 269 360 361 361 361 361 362 362
205 206 206 206 207 207 207 207 208 208 208 209 209 209 210 210 210 211 211 211 211 212 212 212 213 213 213 214 214 214 215 215 215 216 216 216 216 217 217 217 218 218 218 219 219 219 220 220 220 220 221 221 221 222 222 222 223 223 223 224 224 224 225 225 246 246 247 247 247 248 248 248 249 249 249 250 250 250 250 251 267 267 268 268 268 269 269 360 361 361 361 361 362 362
205 206 206 206 207 207 207 207 208 208 208 209 209 209 210 210 210 211 211 211 212 212 212 212 213 213 213 214 214 214 215 215 215 216 216 216 216 217 217 217 218 218 218 219 219 219 220 220 220 221 221 221 221 222 222 222 223 223 223 224 224 224 225 225 246 246 247 247 247 248 248 248 249 249 249 250 250 250 250 267 267 267 268 268 268 269 269 269 361 361 361 362 362 362
205 206 206 206 207 207 207 208 208 208 208 209 209 209 210 210 210 211 211 211 212 212 212 212 213 213 213 214 214 214 215 215 215 216 216 216 216 217 217 217 218 218 218 219 219 219 220 220 220 221 221 221 221 222 222 222 223 223 223 224 224 224 225 246 246 246 247 247 247 248 248 248 249 249 249 250 250 250 251 251 267 267 268 268 268 269 269 269 361 361 361 362 362 362
205 206 206 206 207 207 207 208 208 208 208 209 209 209 210 210 210 211 211 211 212 212 212 212 213 213 213 214 214 214 215 215 215 216 216 216 217 217 217 217 218 218 218 219 219 219 220 220 220 221 221 221 221 222 222 222 223 223 223 224 224 224 225 246 246 246 247 247 247 248 248 248 249 249 249 250 250 250 251 251 267 267 268 268 268 269 269 269 361 361 361 362 362 362
205 206 206 206 207 207 207 208 208 208 208 209 209 209 210 210 210 211 211 211 212 212 212 212 213 213 213 214 214 214 215 215 215 216 216 216 217 217 217 217 218 218 218 219 219 219 220 220 220 221 221 221 221 222 222 222 223 223 223 224 224 224 225 246 246 247 247 247 247 248 248 248 249 249 249 250 250 250 251 251 267 267 268 268 268 269 269 269 361 361 361 362 362 362
205 206 206 206 207 207 207 208 208 208 208 209 209 209 210 210 210 211 211 211 212 212 212 213 213 213 213 214 214 214 215 215 215 216 216 216 217 217 217 217 218 218 218 219 219 219 220 220 220 221 221 221 222 222 222 222 223 223 223 224 224 224 225 246 246 247 247 247 247 248 248 248 249 249 249 250 250 250 251 251 267 267 268 268 268 269 269 269 361 361 361 362 362 362
205 206 206 206 207 207 207 208 208 208 208 209 209 209 210 210 210 211 211 211 212 212 212 213 213 213 213 214 214 214 215 215 215 216 216 216 217 217 217 217 218 218 218 219 219 219 220 220 220 221 221 221 222 222 222 222 223 223 223 224 224 224 225 246 246 247 247 247 247 248 248 248 249 249 249 250 250 250 251 251 267 268 268 268 268 269 269 269 361 361 361 362 362 362
205 206 206 206 207 207 207 208 208 208 209 209 209 209 210 210 210 211 211 211 212 212 212 213 213 213 213 214 214 214 215 215 215 216 216 216 217 217 217 217 218 218 218 219 219 219 220 220 220 221 221 221 222 222 222 222 223 223 223 224 224 224 225 246 246 247 247 247 247 248 248 248 249 249 249 250 250 250 251 251 267 268 268 268 268 269 269 269 361 361 361 362 362 362
205 206 206 206 207 207 207 208 208 208 209 209 209 209 210 210 210 211 211 211 212 212 212 213 213 213 213 214 214 214 215 215 215 216 216 216 217 217 217 218 218 218 218 219 219 219 220 220 220 221 221 221 222 222 222 222 223 223 223 224 224 224 225 246 246 247 247 247 248 248 248 248 249 249 249 250 250 250 251 251 267 268 268 268 268 269 269 269 270 361 361 362 362 362
205 206 206 206 207 207 207 208 208 208 209 209 209 209 210 210 210 211 211 211 212 212 212 213 213 213 213 214 214 214 215 215 215 216 216 216 217 217 217 218 218 218 218 219 219 219 220 220 220 221 221 221 222 222 222 222 223 223 223 224 224 224 246 246 246 247 247 247 248 248 248 248 249 249 249 250 250 250 251 251 267 268 268 268 268 269 269 269 270 361 361 362 362 362
205 206 206 206 207 207 207 208 208 208 209 209 209 209 210 210 210 211 211 211 212 212 212 213 213 213 213 214 214 214 215 215 215 216 216 216 217 217 217 218 218 218 218 219 219 219 220 220 220 221 221 221 222 222 222 222 223 223 223 224 224 224 246 246 246 247 247 247 248 248 248 248 249 249 249 250 250 250 251 251 267 268 268 268 268 269 269 269 270 361 361 362 362 362
205 206 206 206 207 207 207 208 208 208 209 209 209 209 210 210 210 211 211 211 212 212 212 213 213 213 214 214 214 214 215 215 215 216 216 216 217 217 217 218 218 218 218 219 219 219 220 220 220 221 221 221 222 222 222 223 223 223 223 224 224 224 246 246 246 247 247 247 248 248 248 248 249 249 249 250 250 250 251 251 251 268 268 268 269 269 269 269 270 361 361 362 362 362
205 206 206 206 207 207 207 208 208 208 209 209 209 209 210 210 210 211 211 211 212 212 212 213 213 213 214 214 214 214 215 215 215 216 216 216 217 217 217 218 218 218 218 219 219 219 220 220 220 221 221 221 222 222 222 223 223 223 223 224 224 224 246 246 246 247 247 247 248 248 248 248 249 249 249 250 250 250 251 251 251 268 268 268 269 269 269 269 270 361 361 362 362 362
205 206 206 206 207 207 207 208 208 208 209 209 209 209 210 210 210 211 211 211 212 212 212 213 213 213 214 214 214 214 215 215 215 216 216 216 217 217 217 218 218 218 218 219 219 219 220 220 220 221 221 221 222 222 222 223 223 223 223 224 224 224 246 246 246 247 247 247 248 248 248 248 249 249 249 250 250 250 251 251 251 268 268 268 269 270 270 270 270 270 361 362 362 362
205 206 206 206 207 207 207 208 208 208 209 209 209 209 210 210 210 211 211 211 212 212 212 213 213 213 214 214 214 214 215 215 215 216 216 216 217 217 217 218 218 218 218 219 219 219 220 220 220 221 221 221 222 222 222 223 223 223 223 224 224 224 246 246 246 247 247 247 248 248 248 248 249 249 249 250 250 250 251 251 251 268 268 269 270 270 270 270 271 271 361 362 362 362
205 206 206 206 207 207 207 208 208 208 209 209 209 209 210 210 210 211 211 211 212 212 212 213 213 213 214 214 214 214 215 215 215 216 216 216 217 217 217 218 218 218 218 219 219 219 220 220 220 221 221 221 222 222 222 223 223 223 223 224 224 224 246 246 246 247 247 247 248 248 248 248 249 249 249 250 250 250 251 251 251 268 268 269 270 270 270 270 271 271 361 362 362 362
205 206 206 206 207 207 207 208 208 208 209 209 209 209 210 210 210 211 211 211 212 212 212 213 213 213 214 214 214 214 215 215 215 216 216 216 217 217 217 218 218 218 218 219 219 219 220 220 220 221 221 221 222 222 222 223 223 223 223 224 224 224 246 246 246 247 247 247 248 248 248 248 249 249 249 250 250 250 251 251 251 252 269 269 270 270 270 270 271 271 362 362 362 362
205 206 206 206 207 207 207 208 208 208 209 209 209 209 210 210 210 211 211 211 212 212 212 213 213 213 214 214 214 214 215 216 216 217 217 217 218 218 218 219 219 219 219 220 220 220 221 221 221 222 222 222 223 223 223 224 224 224 223 224 224 224 246 246 246 247 247 247 248 248 248 248 249 249 249 250 250 250 251 251 251 253 269 269 270 270 270 270 271 271 271 363 362 362
205 206 206 206 207 207 207 208 208 208 209 209 209 209 210 210 210 211 211 211 213 213 213 214 214 214 215 215 215 215 216 216 216 217 217 217 218 218 218 219 219 219 219 220 220 220 221 221 221 222 222 222 223 223 223 224 224 224 224 225 225 246 247 247 247 248 248 248 249 248 248 248 249 249 249 250 250 250 251 251 251 253 269 269 270 270 270 270 271 271 271 363 362 362
205 206 206 206 207 207 207 208 208 208 209 209 209 210 211 211 211 212 212 212 213 213 213 214 214 214 215 215 215 215 216 216 216 217 217 217 218 218 218 219 219 219 219 220 220 220 221 221 221 222 222 222 223 223 223 224 224 224 224 225 225 246 247 247 247 248 248 248 249 249 249 249 250 250 250 251 250 250 251 251 252 253 253 269 270 270 270 270 271 271 271 363 363 362
205 206 206 206 207 207 207 209 209 209 210 210 210 210 211 211 211 212 212 212 213 213 213 214 214 214 215 215 215 215 216 216 216 217 217 217 218 218 218 219 219 219 219 220 220 220 221 221 221 222 222 222 223 223 223 224 224 224 224 225 225 246 247 247 247 248 248 248 249 249 249 249 250 250 250 251 251 251 252 252 253 254 253 269 270 270 270 270 271 271 271 272 363 362
205 206 207 207 208 208 208 209 209 209 210 210 210 210 211 211 211 212 212 212 213 213 213 214 214 214 215 216 216 216 217 217 217 218 218 218 219 219 219 220 220 220 220 221 221 221 222 222 222 223 223 223 224 224 224 225 225 225 225 226 226 247 247 247 247 248 248 248 249 249 249 249 250 250 250 251 251 251 252 253 253 254 254 254 271 271 271 270 271 271 271 272 363 363
206 207 207 207 208 208 208 209 209 209 210 210 210 210 211 211 211 212 213 213 214 214 214 215 215 215 215 216 216 216 217 217 217 218 218 218 219 219 219 220 220 220 220 221 221 221 222 222 222 223 223 223 224 224 224 224 225 225 225 226 226 247 248 248 248 249 249 249 250 250 250 249 250 250 250 251 251 251 252 253 253 254 254 254 270 271 272 271 272 272 272 273 363 521
206 207 207 207 208 208 208 209 209 209 210 211 211 211 212 212 212 213 213 213 214 214 214 215 215 215 215 216 216 216 217 217 217 218 218 218 219 219 219 220 220 220 220 221 221 221 222 222 222 223 223 223 224 224 224 224 225 225 225 226 226 247 248 248 248 249 249 249 250 250 250 250 251 251 251 252 252 252 252 253 253 254 254 254 255 272 272 272 273 272 272 273 522 522
206 207 207 207 208 208 209 210 210 210 211 211 211 211 212 212 212 213 213 213 214 214 214 215 215 215 215 216 216 216 217 217 217 218 218 218 219 219 219 220 220 220 220 221 222 221 222 222 222 223 223 223 224 224 224 224 225 225 225 226 226 247 248 248 248 249 249 249 250 250 250 250 251 251 251 252 252 252 254 254 254 255 255 255 255 272 272 272 273 273 272 273 431 522
206 208 208 208 209 209 209 210 210 210 211 211 211 211 212 212 212 213 213 213 214 214 214 215 216 216 216 217 217 217 218 218 218 219 219 219 220 220 220 220 221 221 221 222 222 222 223 223 223 224 224 224 225 225 225 225 226 226 226 227 227 248 249 249 249 249 249 249 249 250 250 250 251 251 251 252 252 252 254 254 254 255 256 256 256 257 273 273 273 273 273 431 431 522
207 208 208 208 209 209 209 210 210 210 210 211 211 211 212 212 213 214 214 214 215 215 215 216 216 216 216 217 217 217 218 218 218 219 219 219 220 220 220 220 221 221 221 222 222 222 223 223 223 224 224 224 225 225 225 225 226 226 226 227 248 248 249 249 249 250 250 250 250 251 251 251 252 251 251 252 252 252 254 254 254 255 256 256 256 257 273 273 274 274 432 432 432 522
207 208 208 208 209 209 209 210 210 210 211 212 212 212 213 213 213 214 214 214 215 215 215 216 216 216 216 217 217 217 218 218 218 219 219 219 220 220 220 220 221 221 221 222 222 222 223 223 223 224 224 224 225 225 225 225 226 226 226 227 248 248 249 249 249 250 250 250 250 251 251 251 252 252 252 253 253 254 255 254 254 255 256 256 256 257 257 273 274 432 432 433 432 432
207 208 208 208 209 210 210 211 211 211 211 212 212 212 213 213 213 214 214 214 215 215 215 215 216 216 216 217 217 217 218 218 218 219 220 220 221 221 221 221 222 222 222 223 223 223 224 224 224 225 225 225 225 226 226 225 226 226 226 227 248 248 249 249 249 250 250 250 250 251 251 251 252 252 252 253 253 254 255 255 255 256 257 257 256 257 257 273 432 432 432 433 432 432
208 209 209 209 210 210 210 211 211 211 211 212 212 212 213 213 213 214 214 214 215 215 216 216 217 217 217 218 218 218 219 219 219 220 220 220 221 221 221 221 222 222 222 223 223 223 224 224 224 225 225 225 225 226 226 226 227 227 227 228 249 249 250 250 250 250 251 250 250 251 251 251 252 252 252 253 253 254 255 255 256 256 257 257 257 258 258 416 433 432 432 433 433 432
208 209 209 209 210 210 210 211 211 211 211 212 212 212 213 214 214 215 215 215 216 216 216 216 217 217 217 218 218 218 219 219 219 220 220 220 220 221 221 221 222 222 222 223 223 223 224 224 224 225 225 225 225 226 226 226 227 227 227 228 249 249 250 250 250 250 251 251 251 252 252 252 253 253 252 253 254 254 255 255 256 256 257 257 257 258 416 416 417 433 433 434 434 432
208 209 209 209 210 210 210 210 211 212 212 213 213 213 214 214 214 215 215 215 216 216 216 216 217 217 217 218 218 218 219 219 219 220 220 220 220 221 221 221 222 222 222 223 223 223 224 224 224 225 225 225 225 226 226 226 227 227 227 228 249 249 250 250 250 250 251 251 251 252 252 252 253 253 253 254 255 255 255 257 256 256 257 257 257 416 416 416 417 433 433 434 434 434
208 209 209 209 211 211 211 211 212 212 212 213 213 213 214 214 214 215 215 215 215 216 216 216 217 217 217 218 218 218 220 220 220 221 221 221 221 222 222 222 223 223 223 224 224 224 225 225 225 225 226 226 226 227 227 227 228 228 228 228 249 249 250 250 250 250 251 251 251 252 252 252 253 253 253 254 255 255 255 257 257 257 258 258 416 416 416 416 417 417 433 433 434 434
209 210 210 210 211 211 211 211 212 212 212 213 213 213 214 214 214 215 215 215 216 217 217 217 218 218 218 219 219 219 220 220 220 221 221 221 221 222 222 222 223 223 223 224 224 224 225 225 225 225 226 226 226 227 227 227 228 228 228 229 250 250 250 251 251 251 252 252 252 252 252 252 253 253 253 254 255 255 255 257 257 257 258 258 417 418 418 418 419 418 417 433 434 434
209 210 210 210 211 211 211 211 212 212 212 213 213 214 215 215 215 216 216 216 216 217 217 217 218 218 218 219 219 219 220 220 220 220 221 221 221 222 222 222 223 223 223 224 224 224 225 225 225 225 226 226 226 227 227 227 228 228 228 229 250 250 250 251 251 251 252 252 252 253 253 253 254 254 254 255 255 255 256 257 257 257 258 417 417 418 418 418 418 419 418 418 435 435
209 210 210 210 210 211 211 211 213 213 213 214 214 214 215 215 215 216 216 216 216 217 217 217 218 218 218 219 219 219 220 220 220 220 221 221 221 222 222 222 223 223 223 224 224 224 224 225 225 225 226 226 226 227 227 227 228 228 228 229 250 250 250 251 251 251 252 252 252 253 253 253 254 254 254 255 256 256 257 258 258 257 416 417 417 418 418 418 418 419 418 418 419 435
209 210 210 211 211 212 212 212 213 213 213 214 214 214 215 215 215 215 216 216 216 217 217 217 218 218 218 220 220 220 221 221 221 221 222 222 222 223 223 223 224 224 224 225 225 225 225 226 226 226 227 227 227 228 228 228 229 229 229 250 251 251 250 251 251 251 252 252 252 253 253 253 253 254 254 255 256 256 257 258 258 416 418 418 418 419 418 418 418 419 419 418 419 419
210 211 211 211 211 212 212 212 213 213 213 214 214 214 215 215 215 215 217 217 217 218 218 218 219 219 219 220 220 220 220 221 221 221 222 222 222 223 223 223 224 224 224 224 225 225 225 226 226 226 227 227 227 228 228 228 229 229 229 250 251 251 251 252 252 252 253 253 253 254 254 253 253 254 254 255 256 257 257 258 416 417 418 418 418 418 419 419 419 420 420 419 419 419
210 210 211 211 211 212 212 212 213 213 213 214 215 215 216 216 216 216 217 217 217 218 218 218 219 219 219 220 220 220 220 221 221 221 222 222 222 223 223 223 224 224 224 224 225 225 225 226 226 226 227 227 227 228 228 228 228 229 229 250 251 251 251 252 252 252 253 253 253 253 254 254 254 255 256 256 257 257 257 416 416 417 418 418 418 418 419 419 419 420 420 420 420 420
210 210 211 211 211 212 212 213 214 214 214 215 215 215 215 216 216 216 217 217 217 218 218 218 219 219 219 219 220 220 220 221 221 221 222 222 222 223 224 224 225 225 225 225 226 226 226 227 227 227 228 227 227 228 228 228 228 229 229 250 251 251 251 252 252 252 253 253 253 253 254 254 254 255 256 256 257 258 416 417 418 418 417 418 418 418 419 419 419 420 420 420 421 420
210 210 212 212 212 213 213 213 214 214 214 215 215 215 215 216 216 216 217 217 217 218 218 218 220 220 220 220 221 221 221 222 222 222 223 223 223 224 224 224 224 225 225 225 226 226 226 227 227 227 228 228 228 228 229 229 229 230 230 251 252 252 252 253 253 252 253 253 253 253 254 254 254 255 256 256 258 258 416 417 418 418 418 419 419 419 420 419 419 420 420 420 421 420
