testData/tiles/oneDegree/grid38.0-15.0-39.0-16.0.asc
ncols   200
nrows   200
xllcorner   38.0
yllcorner   15.0
cellsize   0.005
NODATA_value   -9999.0
[rows 0 to 41 of 200, columns 94 to 187 of 200]
163 163 163 163 163 164 164 164 164 164 164 165 165 165 165 165 166 166 166 166 166 166 167 167 167 167 167 168 168 168 168 168 168 169 169 169 169 169 170 170 170 170 170 170 171 171 171 171 171 172 172 172 172 172 172 173 173 173 173 173 173 174 174 174 174 174 175 175 175 175 175 175 175 176 220 220 220 220 220 221 221 221 221 221 221 221 222 222 188 188 188 188 188 188
163 163 163 163 163 164 164 164 164 164 165 165 165 165 165 165 166 166 166 166 166 167 167 167 167 167 167 168 168 168 168 168 169 169 169 169 169 169 170 170 170 170 170 171 171 171 171 171 171 172 172 172 172 172 172 173 173 173 173 173 174 174 174 174 174 174 175 175 175 175 175 175 220 220 220 220 220 220 221 221 221 221 221 221 221 222 222 222 188 188 188 188 188 188
163 163 163 163 163 164 164 164 164 164 165 165 165 165 165 165 166 166 166 166 166 167 167 167 167 167 167 168 168 168 168 168 169 169 169 169 169 169 170 170 170 170 170 171 171 171 171 171 171 172 172 172 172 172 173 173 173 173 173 173 174 174 174 174 174 174 175 175 175 175 175 220 220 220 220 220 220 220 221 221 221 221 221 221 222 222 222 222 222 188 188 188 188 189
163 163 163 163 163 164 164 164 164 164 165 165 165 165 165 165 166 166 166 166 166 167 167 167 167 167 168 168 168 168 168 168 169 169 169 169 169 170 170 170 170 170 170 171 171 171 171 171 172 172 172 172 172 172 173 173 173 173 173 173 174 174 174 174 174 175 175 175 175 219 219 220 220 220 220 220 220 221 221 221 221 221 221 222 222 222 222 222 222 188 188 189 189 189
163 163 163 163 163 164 164 164 164 164 165 165 165 165 165 166 166 166 166 166 166 167 167 167 167 167 168 168 168 168 168 168 169 169 169 169 169 170 170 170 170 170 170 171 171 171 171 171 172 172 172 172 172 172 173 173 173 173 173 174 174 174 174 174 174 175 175 175 219 219 219 220 220 220 220 220 221 221 221 221 221 221 221 222 222 222 222 222 222 188 189 189 189 189
163 163 163 163 164 164 164 164 164 164 165 165 165 165 165 166 166 166 166 166 166 167 167 167 167 167 168 168 168 168 168 168 169 169 169 169 169 170 170 170 170 170 171 171 171 171 171 171 172 172 172 172 172 173 173 173 173 173 173 174 174 174 174 174 174 175 175 219 219 219 220 220 220 220 220 220 221 221 221 221 221 221 222 222 222 222 222 222 222 223 189 189 189 189
163 163 163 163 164 164 164 164 164 164 165 165 165 165 165 166 166 166 166 166 166 167 167 167 167 167 168 168 168 168 168 169 169 169 169 169 169 170 170 170 170 170 171 171 171 171 171 171 172 172 172 172 172 173 173 173 173 173 173 174 174 174 174 174 175 175 219 219 219 219 220 220 220 220 220 220 221 221 221 221 221 222 222 222 222 222 222 222 223 223 189 189 189 189
163 163 163 163 164 164 164 164 164 164 165 165 165 165 165 166 166 166 166 166 167 167 167 167 167 167 168 168 168 168 168 169 169 169 169 169 169 170 170 170 170 170 171 171 171 171 171 171 172 172 172 172 172 173 173 173 173 173 173 174 174 174 174 174 219 219 219 219 219 219 220 220 220 220 220 221 221 221 221 221 221 222 222 222 222 222 222 223 223 223 223 189 189 189
163 163 163 163 164 164 164 164 164 164 165 165 165 165 165 166 166 166 166 166 167 167 167 167 167 167 168 168 168 168 168 169 169 169 169 169 169 170 170 170 170 170 171 171 171 171 171 172 172 172 172 172 172 173 173 173 173 173 174 174 174 174 174 218 219 219 219 219 219 220 220 220 220 220 220 221 221 221 221 221 221 222 222 222 222 222 222 223 223 223 223 189 189 190
163 163 163 163 164 164 164 164 164 165 165 165 165 165 165 166 166 166 166 166 167 167 167 167 167 167 168 168 168 168 168 169 169 169 169 169 170 170 170 170 170 170 171 171 171 171 171 172 172 172 172 172 172 173 173 173 173 173 174 174 174 174 218 218 219 219 219 219 219 220 220 220 220 220 220 221 221 221 221 221 222 222 222 222 222 222 223 223 223 223 223 189 190 190
163 163 163 163 164 164 164 164 164 165 165 165 165 165 165 166 166 166 166 166 167 167 167 167 167 167 168 168 168 168 168 169 169 169 169 169 170 170 170 170 170 170 171 171 171 171 171 172 172 172 172 172 172 173 173 173 173 173 174 174 174 174 218 219 219 219 219 219 219 220 220 220 220 220 221 221 221 221 221 221 222 222 223 223 223 223 224 224 224 223 223 223 190 190
163 163 163 163 164 164 164 164 164 165 165 165 165 165 165 166 166 166 166 166 167 167 167 167 167 168 168 168 168 168 168 169 169 169 169 169 170 170 170 170 170 170 171 171 171 171 171 172 172 172 172 172 173 173 173 173 173 173 174 174 174 218 218 219 219 219 219 219 219 220 220 220 220 220 221 221 221 221 222 222 224 224 224 225 225 226 226 226 225 225 225 225 191 190
163 163 163 163 164 164 164 164 164 165 165 165 165 165 165 166 166 166 166 166 167 167 167 167 167 168 168 168 168 168 168 169 169 169 169 169 170 170 170 170 170 170 171 171 171 171 171 172 172 172 172 172 173 173 173 173 173 173 174 174 218 218 218 219 219 219 219 219 219 220 220 220 220 220 221 221 222 223 223 225 225 226 226 226 226 227 227 227 227 227 226 227 226 192
163 163 163 163 164 164 164 164 164 165 165 165 165 165 165 166 166 166 166 166 167 167 167 167 167 168 168 168 168 168 168 169 169 169 169 169 170 170 170 170 170 170 171 171 171 171 171 172 172 172 172 172 173 173 173 173 173 173 174 218 218 218 218 219 219 219 219 219 220 220 220 220 220 220 222 223 224 224 225 227 227 227 228 228 228 229 229 229 229 228 229 229 228 193
163 163 163 163 164 164 164 164 164 165 165 165 165 165 165 166 166 166 166 166 167 167 167 167 167 168 168 168 168 168 168 169 169 169 169 169 170 170 170 170 170 171 171 171 171 171 171 172 172 172 172 172 173 173 173 173 173 173 218 218 218 218 218 219 219 219 219 219 220 220 220 220 221 222 224 225 225 226 227 228 228 229 229 229 229 230 230 230 230 230 230 230 230 195
163 163 163 163 164 164 164 164 164 165 165 165 165 165 165 166 166 166 166 166 167 167 167 167 167 168 168 168 168 168 168 169 169 169 169 169 170 170 170 170 170 171 171 171 171 171 171 172 172 172 172 172 173 173 173 173 173 217 218 218 218 218 218 219 219 219 219 219 220 220 221 222 223 224 226 226 227 228 228 230 230 230 231 231 232 232 232 232 232 231 232 232 231 231
163 163 163 163 164 164 164 164 164 165 165 165 165 165 165 166 166 166 166 166 167 167 167 167 167 168 168 168 168 168 168 169 169 169 169 169 170 170 170 170 170 171 171 171 171 171 171 172 172 172 172 172 173 173 173 173 173 217 218 218 218 218 218 219 219 219 219 219 220 221 222 223 224 225 227 228 228 229 230 231 231 232 232 232 233 233 233 233 233 233 233 233 233 232
163 163 163 163 164 164 164 164 164 165 165 165 165 165 165 166 166 166 166 166 167 167 167 167 167 168 168 168 168 168 168 169 169 169 169 169 170 170 170 170 170 171 171 171 171 171 171 172 172 172 172 172 173 173 173 173 217 217 218 218 218 218 218 219 219 219 219 219 221 223 224 225 226 227 229 229 230 231 231 232 233 233 233 233 235 235 235 234 234 234 235 234 234 234
163 163 163 163 164 164 164 164 164 165 165 165 165 165 165 166 166 166 166 166 167 167 167 167 167 168 168 168 168 168 168 169 169 169 169 169 170 170 170 170 170 171 171 171 171 171 171 172 172 172 172 172 173 173 173 217 217 217 218 218 218 218 218 219 219 219 219 221 223 224 225 226 227 228 230 231 231 232 232 234 234 234 235 235 235 236 236 236 236 235 236 236 235 235
163 163 163 163 164 164 164 164 164 165 165 165 165 165 165 166 166 166 166 166 167 167 167 167 167 168 168 168 168 168 168 169 169 169 169 169 170 170 170 170 170 170 171 171 171 171 171 172 172 172 172 172 173 173 173 217 217 217 218 218 218 218 218 219 219 219 221 222 225 226 227 228 229 230 231 232 233 233 234 235 235 236 236 236 236 237 237 237 237 237 237 237 237 236
163 163 163 163 164 164 164 164 164 165 165 165 165 165 165 166 166 166 166 166 167 167 167 167 167 168 168 168 168 168 168 169 169 169 169 169 170 170 170 170 170 170 171 171 171 171 171 172 172 172 172 172 173 173 217 217 217 217 218 218 218 218 218 219 219 221 223 224 225 227 228 229 230 231 233 233 234 235 235 236 237 237 237 237 238 239 239 238 238 238 238 238 238 238
163 163 163 163 164 164 164 164 164 165 165 165 165 165 165 166 166 166 166 166 167 167 167 167 167 168 168 168 168 168 168 169 169 169 169 169 170 170 170 170 170 170 171 171 171 171 171 172 172 172 172 172 173 217 217 217 217 217 218 218 218 218 218 219 221 223 224 225 227 229 230 231 232 232 234 235 235 236 236 237 238 238 239 239 239 240 240 240 240 239 239 240 239 239
163 163 163 163 164 164 164 164 164 165 165 165 165 165 165 166 166 166 166 166 167 167 167 167 167 167 168 168 168 168 168 169 169 169 169 169 170 170 170 170 170 170 171 171 171 171 171 172 172 172 172 172 172 217 217 217 217 217 218 218 218 218 218 221 223 224 226 227 228 230 231 232 233 234 235 236 237 237 238 238 239 240 240 240 240 240 241 241 241 241 240 240 241 240
163 163 163 163 164 164 164 164 164 165 165 165 165 165 165 166 166 166 166 166 167 167 167 167 167 167 168 168 168 168 168 169 169 169 169 169 170 170 170 170 170 170 171 171 171 171 171 172 172 172 172 172 216 217 217 217 217 217 218 218 218 218 220 222 224 226 227 228 229 231 232 233 234 235 236 237 238 238 239 239 240 241 241 241 241 241 242 242 242 242 241 241 242 241
163 163 163 163 164 164 164 164 164 164 165 165 165 165 165 166 166 166 166 166 167 167 167 167 167 167 168 168 168 168 168 169 169 169 169 169 169 170 170 170 170 170 171 171 171 171 171 172 172 172 172 216 216 217 217 217 217 217 218 218 218 220 221 223 226 227 228 230 231 233 234 235 235 236 237 239 239 240 240 240 241 242 242 242 242 242 242 243 243 243 243 242 242 243
163 163 163 163 164 164 164 164 164 164 165 165 165 165 165 166 166 166 166 166 167 167 167 167 167 167 168 168 168 168 168 169 169 169 169 169 169 170 170 170 170 170 171 171 171 171 171 171 172 172 172 216 216 217 217 217 217 217 217 218 219 221 223 225 227 228 230 231 232 233 235 236 237 237 238 240 240 241 241 242 242 243 243 243 243 243 243 244 244 244 244 244 243 243
163 163 163 163 164 164 164 164 164 164 165 165 165 165 165 166 166 166 166 166 166 167 167 167 167 167 168 168 168 168 168 169 169 169 169 169 169 170 170 170 170 170 171 171 171 171 171 171 172 172 216 216 216 217 217 217 217 217 217 219 221 223 224 226 228 230 231 232 233 234 236 237 238 239 239 240 241 242 242 243 243 244 244 245 245 245 245 245 245 245 245 245 244 244
163 163 163 163 164 164 164 164 164 164 165 165 165 165 165 166 166 166 166 166 166 167 167 167 167 167 168 168 168 168 168 168 169 169 169 169 169 170 170 170 170 170 171 171 171 171 171 171 172 172 216 216 216 217 217 217 217 217 218 221 223 224 226 227 229 231 232 234 235 236 237 238 239 240 240 241 243 243 243 244 244 244 245 246 246 246 246 246 245 246 246 246 245 245
163 163 163 163 163 164 164 164 164 164 165 165 165 165 165 166 166 166 166 166 166 167 167 167 167 167 168 168 168 168 168 168 169 169 169 169 169 170 170 170 170 170 170 171 171 171 171 171 172 216 216 216 216 216 217 217 217 217 219 222 224 226 227 229 230 232 234 235 236 237 238 239 240 241 242 242 244 244 244 245 245 245 246 247 247 247 247 247 247 246 247 247 246 246
163 163 163 163 163 164 164 164 164 164 165 165 165 165 165 165 166 166 166 166 166 167 167 167 167 167 168 168 168 168 168 168 169 169 169 169 169 170 170 170 170 170 170 171 171 171 171 171 216 216 216 216 216 216 217 217 217 219 221 223 225 227 229 230 231 234 235 236 237 238 239 241 241 242 243 243 244 245 246 246 246 246 247 248 248 248 248 248 248 247 247 248 248 247
163 163 163 163 163 164 164 164 164 164 165 165 165 165 165 165 166 166 166 166 166 167 167 167 167 167 167 168 168 168 168 168 169 169 169 169 169 169 170 170 170 170 170 171 171 171 171 171 215 216 216 216 216 216 217 217 218 220 222 224 227 228 230 231 233 234 236 237 238 239 240 242 242 243 244 244 245 245 247 247 247 247 248 248 249 249 249 249 249 248 248 248 248 375
163 163 163 163 163 164 164 164 164 164 165 165 165 165 165 165 166 166 166 166 166 167 167 167 167 167 167 168 168 168 168 168 169 169 169 169 169 169 170 170 170 170 170 171 171 171 171 215 215 216 216 216 216 216 216 217 220 222 224 225 228 230 231 233 234 235 237 238 239 240 241 242 244 244 245 245 246 246 248 248 248 248 249 249 249 250 250 250 250 249 249 249 376 375
163 163 163 163 163 164 164 164 164 164 164 165 165 165 165 165 166 166 166 166 166 166 167 167 167 167 167 168 168 168 168 168 168 169 169 169 169 169 170 170 170 170 170 170 171 171 171 215 215 216 216 216 216 216 216 219 221 223 225 227 228 231 233 234 235 236 238 239 240 241 242 243 244 245 246 246 247 247 248 249 249 249 250 250 250 250 251 251 251 250 250 250 377 376
163 163 163 163 163 164 164 164 164 164 164 165 165 165 165 165 166 166 166 166 166 166 167 167 167 167 167 168 168 168 168 168 168 169 169 169 169 169 170 170 170 170 170 170 171 171 215 215 215 215 216 216 216 216 217 220 223 225 226 228 230 232 234 235 236 237 239 241 242 242 243 244 245 246 247 247 248 248 249 249 250 250 251 251 251 251 251 252 252 251 251 378 378 377
163 163 163 163 163 163 164 164 164 164 164 165 165 165 165 165 165 166 166 166 166 166 167 167 167 167 167 167 168 168 168 168 168 169 169 169 169 169 169 170 170 170 170 170 171 171 215 215 215 215 216 216 216 216 219 221 224 226 228 229 231 233 235 236 237 239 240 241 243 243 244 245 246 246 248 248 249 249 250 250 250 251 252 252 252 252 252 252 252 252 379 379 379 378
163 163 163 163 163 163 164 164 164 164 164 165 165 165 165 165 165 166 166 166 166 166 167 167 167 167 167 167 168 168 168 168 168 169 169 169 169 169 169 170 170 170 170 170 170 215 215 215 215 215 216 216 216 218 220 222 225 227 229 231 232 234 236 237 239 240 241 242 244 244 245 246 247 247 249 249 250 250 251 251 251 251 253 253 253 253 253 253 253 379 380 380 380 379
163 163 163 163 163 163 164 164 164 164 164 165 165 165 165 165 165 166 166 166 166 166 167 167 167 167 167 167 168 168 168 168 168 168 169 169 169 169 169 170 170 170 170 170 170 215 215 215 215 215 215 216 217 219 222 224 226 229 230 232 233 235 237 238 240 241 242 243 244 246 246 247 248 248 249 250 251 251 252 252 252 252 253 254 254 254 254 254 381 380 380 380 380 380
162 163 163 163 163 163 164 164 164 164 164 164 165 165 165 165 165 166 166 166 166 166 166 167 167 167 167 167 168 168 168 168 168 168 169 169 169 169 169 169 170 170 170 170 214 215 215 215 215 215 215 216 218 221 223 225 227 230 232 233 235 236 237 240 241 242 243 244 245 247 247 248 249 249 250 250 252 252 253 253 253 253 253 254 255 255 255 382 381 381 381 381 381 380
162 163 163 163 163 163 164 164 164 164 164 164 165 165 165 165 165 166 166 166 166 166 166 167 167 167 167 167 167 168 168 168 168 168 169 169 169 169 169 169 170 170 170 170 214 214 215 215 215 215 215 216 220 222 224 226 228 231 233 234 236 237 238 240 242 243 244 245 246 247 248 249 250 250 251 251 252 253 253 254 254 254 254 254 255 256 383 382 382 382 382 382 381 381
162 163 163 163 163 163 163 164 164 164 164 164 165 165 165 165 165 165 166 166 166 166 166 167 167 167 167 167 167 168 168 168 168 168 168 169 169 169 169 169 170 170 170 214 214 214 215 215 215 215 215 218 221 224 226 228 230 231 234 235 237 238 240 241 243 244 245 246 247 247 248 250 251 251 252 252 253 253 254 255 255 255 255 255 255 382 382 383 383 383 383 383 382 382
162 163 163 163 163 163 163 164 164 164 164 164 165 165 165 165 165 165 166 166 166 166 166 166 167 167 167 167 167 168 168 168 168 168 168 169 169 169 169 169 169 170 170 214 214 214 214 215 215 215 217 219 223 225 227 229 231 232 234 237 238 239 241 242 243 245 246 247 248 248 249 250 251 252 253 253 254 254 254 256 256 256 256 256 383 383 383 383 384 384 384 384 383 383
306 306 163 163 163 163 163 164 164 164 164 164 164 165 165 165 165 165 166 166 166 166 166 166 167 167 167 167 167 167 168 168 168 168 168 169 169 169 169 169 169 170 214 214 214 214 214 215 215 215 218 221 223 226 228 230 232 234 235 238 239 240 242 243 244 245 247 248 249 249 250 251 252 253 254 254 254 255 255 255 257 257 257 257 384 384 384 384 384 384 384 384 384 384
