testData/tiles/oneDegree/grid49.0-15.0-50.0-16.0.asc
ncols   200
nrows   200
xllcorner   49.0
yllcorner   15.0
cellsize   0.005
NODATA_value   -9999.0
[rows 126 to 167 of 200, columns 94 to 187 of 200]
493 493 492 491 491 491 490 489 489 488 488 487 486 486 485 484 484 484 482 482 482 480 480 220 219 218 218 217 216 216 215 214 214 213 212 212 211 211 210 209 209 208 207 207 206 205 205 204 203 203 202 201 201 199 199 199 198 197 197 196 195 195 194 194 194 193 193 192 192 192 191 191 191 190 190 190 189 189 188 188 188 187 187 187 186 186 185 185 185 184 184 184 183 183
493 493 492 491 491 491 490 489 489 488 487 487 487 485 485 485 484 483 483 482 481 481 480 219 219 218 218 217 216 216 215 214 214 213 212 212 212 210 210 210 208 208 208 206 206 206 204 204 203 202 202 201 201 200 199 199 198 197 197 196 195 195 195 194 194 193 193 193 192 192 192 191 191 191 190 190 189 189 189 188 188 188 187 187 186 186 186 185 185 185 184 184 183 183
494 492 492 492 491 490 490 490 488 488 488 487 486 486 485 484 484 483 483 482 481 481 480 219 219 219 217 217 217 215 215 215 213 213 213 212 211 211 210 209 209 208 207 207 206 205 204 204 204 202 202 202 200 200 200 198 198 198 196 196 195 195 195 194 194 194 193 193 193 192 192 192 191 191 190 190 190 189 189 189 188 188 187 187 187 186 186 186 185 185 184 184 184 183
493 493 492 491 491 490 490 489 489 488 488 487 486 486 485 484 484 484 482 482 482 480 480 220 219 218 218 217 216 216 215 214 214 213 213 212 211 211 210 209 209 207 207 207 205 205 205 204 203 203 202 201 201 200 199 199 198 197 196 196 196 195 195 195 194 194 194 193 193 192 192 192 191 191 191 190 190 190 189 189 188 188 188 187 187 187 186 186 185 185 185 184 184 184
493 493 492 491 491 491 489 489 489 488 487 487 487 485 485 485 484 483 483 482 481 481 480 220 219 218 218 217 216 216 215 214 214 214 212 212 212 210 210 209 208 208 207 207 206 205 205 204 203 203 202 201 201 200 199 199 197 197 197 196 196 196 195 195 195 194 194 193 193 193 192 192 192 191 191 191 190 190 189 189 189 188 188 188 187 187 186 186 186 185 185 185 184 184
494 492 492 492 491 490 490 489 488 488 488 487 486 486 485 485 484 483 483 482 481 481 481 219 219 219 217 217 217 215 215 215 214 213 212 212 211 210 210 209 208 208 208 206 206 206 204 204 204 202 202 202 200 200 199 198 198 197 197 197 196 196 196 195 195 194 194 194 193 193 193 192 192 192 191 191 190 190 190 189 189 189 188 188 187 187 187 186 186 186 185 185 184 184
493 493 492 491 491 490 490 489 488 488 488 486 486 486 485 484 484 484 482 482 482 480 480 220 219 218 218 217 216 215 215 215 213 213 213 211 211 211 209 209 209 208 207 207 206 205 205 204 203 203 202 201 200 200 199 198 198 198 197 197 197 196 196 195 195 195 194 194 194 193 193 193 192 192 191 191 191 190 190 190 189 189 188 188 188 187 187 187 186 186 185 185 185 184
493 493 492 491 491 491 489 489 489 488 487 487 486 485 485 484 484 483 482 482 481 480 480 220 218 218 218 216 216 216 215 214 214 213 212 212 211 210 210 209 209 208 207 207 206 205 205 203 203 203 201 201 201 199 199 199 198 198 198 197 197 196 196 196 195 195 195 194 194 194 193 193 192 192 192 191 191 191 190 190 189 189 189 188 188 188 187 187 186 186 186 185 185 185
494 492 492 492 490 490 490 489 488 488 487 487 486 485 485 485 483 483 483 481 481 481 480 219 219 218 217 217 216 216 215 214 214 213 212 212 211 210 210 210 208 208 208 206 206 205 204 204 203 202 202 201 201 200 199 199 199 198 198 197 197 197 196 196 196 195 195 195 194 194 193 193 193 192 192 192 191 191 190 190 190 189 189 189 188 188 187 187 187 186 186 186 185 185
493 493 492 491 491 490 490 489 488 488 488 486 486 486 484 484 484 483 482 482 481 481 480 219 219 218 217 217 217 215 215 215 213 213 213 211 211 211 210 209 209 208 207 206 206 205 204 204 203 202 202 202 200 200 200 199 199 198 198 198 197 197 197 196 196 196 195 195 194 194 194 193 193 193 192 192 191 191 191 190 190 190 189 189 188 188 188 187 187 187 186 186 185 185
493 493 492 491 491 491 489 489 489 488 487 487 486 485 485 484 484 483 482 482 481 480 480 220 218 218 218 217 216 216 215 214 214 213 212 212 211 211 210 209 209 207 207 207 205 205 205 204 203 203 202 201 201 200 200 199 199 199 198 198 198 197 197 197 196 196 195 195 195 194 194 194 193 193 192 192 192 191 191 191 190 190 189 189 189 188 188 188 187 187 186 186 186 185
493 492 492 492 490 490 490 489 488 488 487 487 486 485 485 485 483 483 483 481 481 481 480 219 219 218 217 217 216 216 215 214 214 213 212 212 211 210 210 209 208 208 207 206 206 205 205 204 203 203 202 201 201 200 200 200 199 199 199 198 198 197 197 197 196 196 196 195 195 195 194 194 193 193 193 192 192 192 191 191 190 190 190 189 189 189 188 188 187 187 187 186 186 185
493 493 492 491 491 490 490 489 488 488 488 486 486 486 484 484 484 483 482 482 481 481 480 219 219 218 217 217 217 215 215 215 213 213 212 212 211 210 210 209 208 208 207 206 206 206 204 204 203 202 202 201 201 201 200 200 200 199 199 198 198 198 197 197 197 196 196 196 195 195 194 194 194 193 193 193 192 192 191 191 191 190 190 190 189 189 188 188 188 187 187 186 186 186
493 493 492 491 491 491 489 489 489 487 487 487 486 485 485 484 484 483 482 482 482 480 480 220 218 218 218 217 216 215 215 214 213 213 213 211 211 211 209 209 209 207 207 207 206 205 204 204 203 202 202 202 201 201 201 200 200 199 199 199 198 198 198 197 197 197 196 196 195 195 195 194 194 194 193 193 192 192 192 191 191 191 190 190 189 189 189 188 188 187 187 187 186 186
493 492 492 492 490 490 490 489 488 488 487 487 486 485 485 485 483 483 483 481 481 481 480 219 219 218 218 216 216 216 214 214 214 212 212 212 211 210 210 209 208 208 207 207 205 205 205 203 203 203 202 202 202 201 201 200 200 200 199 199 199 198 198 198 197 197 196 196 196 195 195 195 194 194 193 193 193 192 192 192 191 191 190 190 190 189 189 188 188 188 187 187 187 186
493 493 492 491 491 490 490 489 488 488 488 486 486 486 484 484 484 483 482 482 481 481 479 219 219 217 217 217 216 215 215 214 213 213 212 212 211 210 210 209 208 208 207 206 206 205 204 204 203 203 203 202 202 201 201 201 200 200 200 199 199 199 198 198 197 197 197 196 196 196 195 195 194 194 194 193 193 193 192 192 191 191 191 190 190 189 189 189 188 188 188 187 187 186
493 493 492 491 491 491 489 489 489 487 487 487 486 485 485 484 484 482 482 482 481 480 480 219 218 218 217 217 216 215 215 214 213 213 213 211 211 211 209 209 208 208 207 206 206 205 204 204 204 203 203 202 202 202 201 201 201 200 200 200 199 199 198 198 198 197 197 197 196 196 195 195 195 194 194 194 193 193 192 192 192 191 191 190 190 190 189 189 189 188 188 187 187 187
492 492 492 491 490 490 489 489 488 487 487 487 485 485 485 484 483 483 482 481 481 480 480 219 218 218 218 216 216 216 214 214 214 213 212 212 211 210 209 209 209 207 207 207 205 205 205 204 204 203 203 203 202 202 202 201 201 201 200 200 199 199 199 198 198 198 197 197 196 196 196 195 195 195 194 194 193 193 193 192 192 191 191 191 190 190 190 189 189 188 188 188 187 187
493 492 492 491 490 490 490 488 488 488 487 486 486 485 484 484 483 483 482 481 481 481 479 219 219 217 217 217 216 215 215 214 214 212 212 212 210 210 210 208 208 208 207 206 206 205 205 204 204 204 203 203 203 202 202 201 201 201 200 200 200 199 199 199 198 198 197 197 197 196 196 196 195 195 194 194 194 193 193 192 192 192 191 191 191 190 190 189 189 189 188 188 187 187
493 492 491 491 491 489 489 489 488 487 487 486 486 485 484 484 484 482 482 482 481 480 480 219 218 218 217 217 216 215 215 213 213 213 212 211 211 210 209 209 208 208 207 206 206 205 205 205 204 204 204 203 203 202 202 202 201 201 201 200 200 200 199 199 198 198 198 197 197 197 196 196 195 195 195 194 194 193 193 193 192 192 192 191 191 190 190 190 189 189 188 188 188 187
492 492 492 491 490 490 489 489 488 487 487 487 485 485 485 484 483 483 482 481 481 480 480 219 218 218 218 216 216 215 214 214 213 213 212 211 211 210 209 209 209 207 207 206 206 206 205 205 205 204 204 203 203 203 202 202 202 201 201 201 200 200 199 199 199 198 198 198 197 197 196 196 196 195 195 194 194 194 193 193 193 192 192 191 191 191 190 190 189 189 189 188 188 188
493 492 492 491 490 490 490 488 488 488 487 486 486 485 484 484 483 483 482 481 481 481 479 219 218 218 217 216 216 215 214 214 214 212 212 212 210 210 209 209 208 207 207 207 206 206 206 205 205 204 204 204 203 203 203 202 202 202 201 201 200 200 200 199 199 199 198 198 197 197 197 196 196 195 195 195 194 194 194 193 193 192 192 192 191 191 190 190 190 189 189 189 188 188
493 492 491 491 491 489 489 489 488 487 487 486 486 485 484 484 484 482 482 482 481 480 479 219 218 217 217 217 215 215 215 214 213 213 212 211 210 210 210 208 208 208 207 207 207 206 206 205 205 205 204 204 204 203 203 203 202 202 201 201 201 200 200 200 199 199 198 198 198 197 197 196 196 196 195 195 195 194 194 193 193 193 192 192 191 191 191 190 190 190 189 189 188 188
492 492 492 491 490 490 489 489 488 487 487 487 485 485 485 484 483 483 482 481 480 480 480 218 218 218 217 216 216 215 214 214 213 213 211 211 211 209 209 209 208 208 208 207 207 206 206 206 205 205 205 204 204 203 203 203 202 202 202 201 201 200 200 200 199 199 199 198 198 197 197 197 196 196 196 195 195 194 194 194 193 193 192 192 192 191 191 191 190 190 189 189 189 188
493 492 491 491 490 490 489 488 488 488 486 486 486 485 484 483 483 483 481 481 481 480 479 219 218 218 217 216 216 215 214 214 213 212 212 211 210 210 209 209 209 208 208 207 207 207 206 206 206 205 205 204 204 204 203 203 203 202 202 201 201 201 200 200 200 199 199 198 198 198 197 197 197 196 196 195 195 195 194 194 193 193 193 192 192 192 191 191 190 190 190 189 189 188
493 492 491 491 491 489 489 489 488 487 487 486 486 484 484 484 483 482 482 481 481 480 479 219 218 217 217 217 215 215 214 214 213 212 212 211 210 210 210 209 209 208 208 208 207 207 207 206 206 205 205 205 204 204 204 203 203 202 202 202 201 201 201 200 200 199 199 199 198 198 198 197 197 196 196 196 195 195 194 194 194 193 193 193 192 192 191 191 191 190 190 189 189 189
492 492 492 491 490 490 489 489 487 487 487 486 485 485 484 484 483 482 482 481 480 480 480 218 218 218 217 216 215 215 215 213 213 213 211 211 211 210 210 209 209 209 208 208 208 207 207 206 206 206 205 205 205 204 204 203 203 203 202 202 202 201 201 200 200 200 199 199 199 198 198 197 197 197 196 196 195 195 195 194 194 194 193 193 192 192 192 191 191 190 190 190 189 189
492 492 491 490 490 490 488 488 488 487 486 486 485 485 484 483 483 483 481 481 481 480 479 219 218 218 216 216 216 214 214 214 213 212 212 211 211 210 210 210 209 209 209 208 208 207 207 207 206 206 206 205 205 204 204 204 203 203 203 202 202 201 201 201 200 200 200 199 199 198 198 198 197 197 196 196 196 195 195 195 194 194 193 193 193 192 192 191 191 191 190 190 189 189
493 491 491 491 490 489 489 488 488 487 486 486 486 484 484 484 483 482 482 481 481 479 479 219 217 217 217 216 215 215 214 214 213 212 212 211 211 211 210 210 210 209 209 208 208 208 207 207 207 206 206 205 205 205 204 204 204 203 203 202 202 202 201 201 201 200 200 199 199 199 198 198 197 197 197 196 196 196 195 195 194 194 194 193 193 192 192 192 191 191 190 190 190 189
492 492 491 490 490 489 489 488 487 487 487 485 485 485 484 483 483 482 482 480 480 480 479 218 218 217 217 216 215 215 215 213 213 212 212 212 211 211 211 210 210 209 209 209 208 208 208 207 207 206 206 206 205 205 205 204 204 203 203 203 202 202 202 201 201 200 200 200 199 199 198 198 198 197 197 197 196 196 195 195 195 194 194 193 193 193 192 192 191 191 191 190 190 189
492 492 491 490 490 490 488 488 488 487 486 486 485 485 484 483 483 482 481 481 480 480 479 218 218 218 216 216 216 214 214 213 213 213 212 212 212 211 211 210 210 210 209 209 209 208 208 207 207 207 206 206 206 205 205 204 204 204 203 203 203 202 202 201 201 201 200 200 199 199 199 198 198 198 197 197 196 196 196 195 195 194 194 194 193 193 192 192 192 191 191 190 190 190
492 491 491 491 489 489 489 488 488 487 486 486 486 484 484 483 483 482 481 481 481 479 479 219 217 217 216 216 215 214 214 214 213 213 213 212 212 211 211 211 210 210 210 209 209 208 208 208 207 207 207 206 206 205 205 205 204 204 204 203 203 202 202 202 201 201 200 200 200 199 199 199 198 198 197 197 197 196 196 195 195 195 194 194 193 193 193 192 192 191 191 191 190 190
492 492 491 490 490 489 489 488 487 487 486 485 485 484 484 483 482 482 482 480 480 480 479 218 217 217 217 215 215 215 214 214 214 213 213 212 212 212 211 211 211 210 210 209 209 209 208 208 208 207 207 206 206 206 205 205 205 204 204 203 203 203 202 202 201 201 201 200 200 200 199 199 198 198 198 197 197 196 196 196 195 195 194 194 194 193 193 192 192 192 191 191 190 190
492 491 491 490 490 490 488 488 487 487 486 485 485 485 483 483 483 482 481 481 480 480 478 218 218 217 216 216 215 215 215 214 214 213 213 213 212 212 212 211 211 210 210 210 209 209 209 208 208 207 207 207 206 206 206 205 205 204 204 204 203 203 202 202 202 201 201 201 200 200 199 199 199 198 198 197 197 197 196 196 195 195 195 194 194 193 193 193 192 192 191 191 191 190
492 491 491 490 489 489 488 488 487 486 486 486 484 484 484 483 482 482 481 481 479 479 479 218 217 217 216 216 216 215 215 214 214 214 213 213 213 212 212 211 211 211 210 210 210 209 209 208 208 208 207 207 207 206 206 205 205 205 204 204 203 203 203 202 202 202 201 201 200 200 200 199 199 198 198 198 197 197 196 196 196 195 195 194 194 194 193 193 192 192 192 191 191 191
492 491 491 490 489 489 489 487 487 487 486 485 485 484 484 483 482 482 481 480 480 479 479 218 217 217 217 216 216 215 215 215 214 214 214 213 213 212 212 212 211 211 211 210 210 209 209 209 208 208 208 207 207 206 206 206 205 205 204 204 204 203 203 203 202 202 201 201 201 200 200 199 199 199 198 198 197 197 197 196 196 195 195 195 194 194 194 193 193 192 192 192 191 191
492 491 490 490 490 488 488 488 487 487 486 485 485 485 483 483 482 482 481 480 480 480 478 218 218 217 217 216 216 216 215 215 215 214 214 213 213 213 212 212 212 211 211 210 210 210 209 209 209 208 208 207 207 207 206 206 205 205 205 204 204 204 203 203 202 202 202 201 201 200 200 200 199 199 198 198 198 197 197 196 196 196 195 195 195 194 194 193 193 193 192 192 191 191
491 491 491 490 489 489 488 488 487 486 486 486 484 484 483 483 482 481 481 481 479 479 479 218 218 217 217 217 216 216 216 215 215 214 214 214 213 213 213 212 212 211 211 211 210 210 210 209 209 208 208 208 207 207 206 206 206 205 205 205 204 204 203 203 203 202 202 201 201 201 200 200 199 199 199 198 198 197 197 197 196 196 196 195 195 194 194 194 193 193 192 192 192 191
492 491 490 490 489 489 489 487 487 486 486 485 484 484 484 482 482 482 481 480 480 479 479 218 218 218 217 217 217 216 216 215 215 215 214 214 214 213 213 212 212 212 211 211 211 210 210 209 209 209 208 208 207 207 207 206 206 206 205 205 204 204 204 203 203 202 202 202 201 201 200 200 200 199 199 198 198 198 197 197 197 196 196 195 195 195 194 194 193 193 193 192 192 191
492 491 490 490 490 488 488 487 487 486 485 485 485 483 483 483 482 482 481 480 480 479 479 219 218 218 218 217 217 216 216 216 215 215 215 214 214 213 213 213 212 212 212 211 211 210 210 210 209 209 208 208 208 207 207 207 206 206 205 205 205 204 204 203 203 203 202 202 201 201 201 200 200 199 199 199 198 198 198 197 197 196 196 196 195 195 194 194 194 193 193 192 192 192
491 491 491 489 489 488 488 488 486 486 486 485 484 484 483 483 481 481 481 480 480 480 479 219 219 218 218 217 217 217 216 216 216 215 215 214 214 214 213 213 213 212 212 211 211 211 210 210 209 209 209 208 208 208 207 207 206 206 206 205 205 204 204 204 203 203 202 202 202 201 201 200 200 200 199 199 199 198 198 197 197 197 196 196 195 195 195 194 194 193 193 193 192 192
492 491 490 489 489 489 487 487 487 486 485 485 484 484 483 482 482 481 481 481 480 480 480 219 219 218 218 218 217 217 217 216 216 215 215 215 214 214 214 213 213 212 212 212 211 211 210 210 210 209 209 209 208 208 207 207 207 206 206 205 205 205 204 204 203 203 203 202 202 202 201 201 200 200 200 199 199 198 198 198 197 197 196 196 196 195 195 194 194 194 193 193 192 192
