testData/tiles/oneDegree/grid31.0-36.0-32.0-37.0.asc
ncols   200
nrows   200
xllcorner   31.0
yllcorner   36.0
cellsize   0.005
NODATA_value   -9999.0
[rows 42 to 83 of 200, columns 94 to 187 of 200]
509 509 511 511 512 513 514 513 514 515 516 516 518 518 519 519 521 521 522 522 524 523 524 524 526 526 527 527 528 529 530 530 531 531 532 532 533 533 535 535 536 536 537 536 538 538 538 539 539 540 540 542 541 542 542 543 543 544 545 546 545 546 546 547 547 548 548 549 548 549 550 550 551 551 552 551 552 552 553 553 634 634 634 634 634 512 512 513 513 513 513 514 514 515
509 509 510 511 512 512 513 514 515 515 517 517 517 517 519 519 520 520 522 522 523 523 525 525 526 525 527 527 528 528 529 530 531 531 531 532 532 533 533 534 534 536 536 537 537 538 537 539 539 540 540 541 541 542 543 543 543 544 544 544 545 545 546 546 547 547 548 548 549 549 550 549 550 550 551 551 551 552 551 552 632 633 634 635 512 512 512 513 513 512 513 512 513 513
509 510 510 510 511 512 513 513 515 515 516 516 518 518 519 519 519 520 520 521 522 523 523 524 525 526 526 527 528 528 528 529 529 531 531 532 532 533 534 535 534 535 535 536 537 538 538 539 539 538 539 540 541 541 542 542 543 543 543 544 545 545 546 546 547 547 547 547 547 548 549 550 550 550 550 551 551 552 552 633 632 633 633 633 511 511 512 511 512 512 513 513 514 513
508 509 509 511 511 512 513 513 513 514 515 516 516 517 518 519 519 520 521 522 522 522 523 524 524 525 526 527 527 528 528 530 529 530 530 531 532 533 533 533 534 535 536 535 536 536 537 538 539 539 540 540 540 540 541 542 543 543 544 544 544 544 544 545 546 547 547 548 547 548 548 549 549 550 550 550 550 550 551 631 632 632 633 509 510 510 511 511 511 511 511 512 512 513
507 509 509 510 511 512 512 513 514 515 515 515 516 517 517 518 519 520 520 521 522 523 523 524 524 524 525 525 527 527 528 528 529 530 531 531 531 531 533 533 534 534 535 535 537 537 537 537 538 538 539 540 540 541 541 541 541 542 542 544 544 545 545 545 545 546 546 547 547 547 548 548 549 549 550 550 551 551 631 631 632 632 509 510 510 510 510 511 511 512 512 512 512 512
507 508 509 510 510 511 512 512 513 513 515 515 516 517 518 518 518 519 520 520 521 521 523 523 524 524 526 526 526 526 527 528 529 529 530 530 532 532 533 532 533 534 534 535 535 536 536 538 538 538 538 539 539 540 540 542 542 543 542 543 543 543 544 544 546 546 546 546 547 547 548 548 549 548 549 549 549 630 630 631 630 508 508 509 509 510 510 509 510 510 511 511 512 511
508 508 509 509 511 510 511 511 513 513 514 515 516 516 517 518 519 519 520 521 521 521 522 522 524 524 525 525 527 527 527 528 527 529 529 530 530 531 532 533 533 534 533 534 535 536 536 537 537 538 538 540 539 539 540 540 541 541 542 543 543 543 544 544 545 545 546 546 545 546 546 547 548 549 549 550 549 630 630 631 508 508 509 508 509 509 510 510 511 510 511 511 511 512
507 507 509 509 510 510 512 512 513 514 514 514 515 516 517 517 517 519 519 520 520 522 522 522 522 523 524 525 525 526 527 528 528 529 529 529 530 531 531 532 532 534 534 534 535 534 535 536 537 537 538 538 539 539 539 540 541 541 542 542 543 543 543 543 543 545 545 546 546 547 547 547 547 548 548 548 629 629 629 506 507 507 508 508 509 508 508 509 509 510 510 510 510 511
506 507 507 508 509 510 510 512 512 513 513 515 515 516 515 517 517 518 518 520 520 521 521 523 523 524 524 524 525 526 526 527 527 528 529 529 530 530 531 531 532 532 533 533 535 535 536 536 536 536 537 538 539 539 539 540 540 540 540 541 542 543 543 544 544 544 544 545 545 545 546 546 547 547 548 548 629 629 630 507 506 507 507 508 508 509 509 509 509 510 510 510 511 510
506 507 508 508 508 510 510 511 511 513 513 514 514 516 516 517 517 519 518 519 519 520 521 521 522 522 524 524 525 525 526 526 527 527 528 529 530 530 531 531 532 532 533 533 533 534 534 535 536 537 537 537 537 538 538 540 540 541 541 542 541 541 542 542 543 544 545 545 545 545 546 546 547 547 547 627 627 628 505 506 506 507 506 507 507 507 508 508 509 508 509 509 510 510
506 507 507 509 509 509 510 510 511 511 512 513 514 514 515 516 517 517 518 519 520 520 520 521 522 522 523 523 525 525 526 526 527 527 528 528 528 529 530 531 531 532 532 533 533 534 534 535 535 536 536 538 538 537 538 538 539 539 540 540 542 542 542 542 543 543 544 544 544 545 544 545 545 546 547 628 628 505 505 505 506 506 507 507 507 507 508 508 509 509 509 509 509 510
505 506 507 507 508 509 510 510 511 512 513 513 513 514 515 515 516 517 518 518 519 520 521 521 521 522 522 523 523 524 525 526 526 527 527 529 528 529 529 530 530 532 532 533 533 533 534 533 535 535 536 536 537 537 538 539 539 539 540 540 541 541 541 542 541 542 543 544 544 545 545 546 545 545 626 626 504 504 505 504 505 505 506 506 506 507 506 507 507 508 508 509 509 508
505 505 506 507 508 508 509 510 511 511 513 513 513 514 515 515 515 516 516 518 518 519 519 521 521 522 522 523 523 524 524 525 525 527 527 528 528 528 530 529 530 530 531 531 533 533 534 534 535 534 535 536 537 537 537 538 538 539 538 539 540 541 541 542 542 543 543 542 543 543 544 544 545 545 625 503 504 504 504 505 505 506 505 506 506 507 507 507 507 507 508 508 509 509
504 506 506 507 506 508 508 509 510 511 511 512 513 514 514 515 516 517 517 517 517 519 519 520 520 522 522 522 523 523 525 524 525 525 526 527 528 528 529 529 530 531 531 531 532 532 532 533 534 535 535 536 535 536 536 537 538 539 539 540 540 539 540 540 541 541 542 543 544 543 544 544 544 625 502 503 502 503 503 504 504 505 505 504 505 505 506 506 507 507 507 507 507 508
504 505 505 507 507 508 509 510 509 510 511 512 512 513 514 514 515 515 517 517 518 518 518 519 520 520 521 521 523 523 524 524 525 526 526 526 527 527 528 529 529 530 530 531 532 532 532 533 533 534 534 535 536 536 536 536 537 537 538 538 539 540 541 540 541 541 541 542 542 543 543 543 543 501 501 502 503 503 503 503 504 504 505 505 506 505 505 506 506 507 507 508 507 508
504 505 505 505 507 507 508 508 510 510 511 511 512 512 513 513 515 515 516 516 518 518 519 519 520 521 521 521 521 522 523 524 524 525 525 527 527 527 527 528 528 530 530 531 531 532 532 531 533 533 534 534 535 535 536 536 538 537 538 538 538 539 539 540 540 540 540 542 542 543 543 543 501 500 501 501 502 502 503 503 503 503 503 504 504 505 505 505 505 505 506 506 507 507
503 503 505 505 506 506 508 508 509 509 511 511 512 512 514 514 514 514 515 516 516 517 517 519 519 520 520 522 522 522 522 523 523 525 525 526 526 527 528 528 528 528 529 529 530 531 532 532 533 533 533 533 535 535 535 536 536 537 537 537 537 539 539 540 540 540 541 540 541 541 542 419 500 500 501 500 500 501 502 503 503 504 503 504 504 504 505 505 506 505 506 506 507 506
504 504 505 505 506 506 507 507 508 509 509 510 511 512 512 513 514 515 515 515 516 517 517 518 518 520 520 521 521 521 523 522 523 523 524 525 526 526 527 527 528 529 529 529 530 530 530 531 532 533 533 534 533 534 534 535 536 537 537 537 538 537 538 538 539 539 540 540 542 541 541 419 499 500 500 501 501 501 501 502 502 502 503 503 503 503 504 504 504 505 505 505 505 506
502 503 504 505 505 506 507 508 507 508 509 510 510 511 512 513 513 514 515 516 516 516 517 517 518 518 519 520 521 521 522 522 523 524 524 524 525 525 526 527 527 528 528 529 529 530 530 531 531 532 532 533 534 534 534 534 535 535 536 536 537 537 539 538 538 539 539 540 540 541 418 498 498 499 499 499 500 500 501 500 502 502 503 503 503 504 503 504 504 505 505 504 504 504
502 503 503 504 505 506 506 508 508 509 509 509 510 510 511 511 513 513 514 514 516 516 517 517 518 518 519 519 520 520 521 522 522 523 523 525 525 525 525 526 526 528 528 529 529 530 530 529 531 531 532 532 533 533 534 534 535 535 535 536 536 537 537 538 538 538 538 539 539 417 418 498 499 498 499 499 500 500 500 501 501 501 501 502 502 503 503 503 503 503 504 504 505 505
501 502 503 503 504 505 506 506 507 508 509 509 510 511 512 511 512 512 514 514 515 515 516 517 517 518 518 520 519 520 520 521 522 523 523 524 524 525 526 525 526 526 527 527 528 529 530 530 531 531 531 531 532 533 533 534 534 535 535 535 535 536 537 537 538 538 539 538 416 416 497 497 498 498 498 498 498 499 499 500 500 501 500 500 501 501 502 502 503 502 502 503 503 504
502 502 502 503 504 504 505 506 507 507 508 509 509 510 510 512 512 513 512 513 514 515 515 516 516 518 518 519 519 520 521 520 521 521 522 523 524 524 525 525 526 527 527 527 528 528 528 529 530 531 531 532 531 532 532 533 533 534 535 535 536 535 536 536 537 537 538 415 415 415 496 497 497 498 498 499 499 498 499 499 500 500 501 501 501 501 501 502 502 503 503 503 503 503
501 502 502 503 503 505 504 505 505 507 507 508 508 510 510 511 511 512 513 514 514 514 515 515 516 516 517 518 519 519 520 520 522 521 522 522 523 523 524 525 525 526 526 527 526 528 528 529 529 530 530 530 531 532 532 532 533 533 534 534 535 535 535 536 536 537 414 415 415 496 496 496 496 496 497 497 498 498 498 498 498 499 499 500 500 501 500 501 501 501 502 502 502 502
500 501 501 503 503 504 504 506 506 506 506 508 508 508 509 510 511 511 512 512 514 514 515 515 515 516 517 517 518 518 520 520 520 521 521 523 522 523 523 524 524 526 526 527 527 527 527 527 528 529 530 530 531 531 532 532 531 533 533 534 534 535 535 536 536 413 413 413 414 494 496 496 497 496 497 497 497 498 498 499 498 499 499 499 500 500 501 500 501 501 501 502 502 503
499 501 501 502 502 503 504 504 505 506 507 507 508 508 509 509 510 511 512 512 513 513 515 515 515 516 515 517 517 518 518 519 520 521 521 522 522 523 523 523 524 524 525 525 526 527 528 528 528 528 528 529 529 531 531 532 532 533 532 533 533 533 534 535 413 413 413 413 494 494 494 495 495 496 495 496 496 497 497 497 498 498 498 498 499 499 499 500 500 500 500 501 501 501
499 499 500 501 502 502 503 504 505 505 506 507 508 508 508 510 509 510 510 511 512 513 513 514 515 516 516 517 517 517 518 518 519 519 520 521 522 522 523 523 523 523 525 525 525 526 526 527 527 529 528 529 529 530 530 530 531 531 533 533 533 533 534 411 412 412 412 413 492 493 493 495 495 496 496 496 496 496 497 497 498 498 498 498 498 499 499 500 500 500 500 500 501 501
499 500 501 500 502 502 502 503 504 505 505 506 506 508 508 509 509 511 510 511 511 512 513 513 514 514 515 516 517 517 518 517 519 519 520 520 521 521 522 523 523 524 523 524 524 526 526 527 527 528 528 528 528 529 530 530 531 531 532 532 532 532 409 410 411 412 412 413 493 493 493 493 494 494 495 495 496 496 495 496 496 497 497 498 498 497 498 498 499 499 500 500 499 500
498 499 500 501 501 502 502 503 503 504 505 506 506 507 507 508 509 509 510 511 512 511 512 512 514 514 515 515 516 516 518 518 518 519 518 520 520 521 521 522 522 523 524 524 524 524 525 525 526 527 528 528 529 529 528 529 529 530 531 532 532 410 410 410 410 410 411 491 492 492 493 492 493 494 494 495 495 496 496 496 496 496 497 497 498 498 498 498 498 499 499 500 500 499
498 499 499 500 501 502 502 502 504 503 504 504 505 506 507 507 508 509 510 510 511 511 513 513 512 513 513 515 515 516 516 517 518 519 519 520 519 519 521 521 522 522 523 523 524 525 525 525 526 526 526 527 527 529 529 530 529 530 530 530 408 408 409 409 411 410 411 491 491 492 492 493 493 493 493 493 494 494 495 495 496 495 496 496 496 497 497 498 497 497 498 498 499 499
497 497 499 499 500 500 502 502 503 503 505 505 505 505 506 507 507 508 508 510 510 511 511 512 513 514 513 514 514 516 516 516 517 517 518 519 520 520 520 520 521 521 523 523 523 524 524 525 524 526 526 527 527 527 528 528 529 529 529 407 408 408 408 409 409 410 490 490 490 491 491 491 492 492 494 493 494 494 494 495 495 496 495 496 496 496 497 497 498 497 498 498 498 499
497 497 498 498 500 500 501 501 502 503 503 504 505 506 506 506 506 508 508 509 509 510 511 511 512 512 513 514 514 514 515 515 517 517 518 518 518 519 520 521 520 521 521 522 522 524 524 525 525 525 525 525 526 526 528 528 529 529 406 406 406 407 407 408 408 410 490 490 490 490 491 491 492 492 492 493 492 493 493 494 494 494 495 494 495 495 496 496 496 497 496 497 497 498
496 496 497 498 498 499 500 501 501 502 503 504 504 505 506 507 507 506 507 508 509 509 510 510 512 512 513 513 514 515 514 515 515 516 516 518 518 519 519 520 520 521 521 521 522 522 523 523 524 525 526 526 525 526 526 527 527 405 405 407 407 406 407 407 408 488 489 489 490 490 489 490 490 491 491 493 493 492 493 493 494 494 495 495 495 495 495 496 496 497 497 497 497 497
496 497 497 498 498 499 499 500 501 501 502 502 504 504 505 505 506 507 508 508 508 508 510 510 510 511 511 513 513 514 514 515 515 516 516 517 517 517 519 519 520 520 521 521 521 521 522 523 523 524 524 525 525 526 526 404 404 404 405 405 406 406 407 406 406 487 488 489 489 490 490 490 490 490 491 491 492 492 493 492 492 493 493 494 494 495 494 494 495 495 496 496 496 496
495 496 497 497 498 498 500 499 500 500 502 502 503 503 505 505 505 506 506 508 508 509 508 509 510 511 511 512 512 513 514 514 515 515 515 516 517 517 518 518 519 519 520 521 521 521 521 522 522 523 524 524 525 525 403 402 403 403 404 405 405 406 406 407 406 487 487 488 488 488 489 489 489 489 490 490 490 492 492 493 492 493 493 493 494 494 495 494 494 495 495 496 496 497
495 495 496 497 498 498 499 499 500 501 500 501 502 503 503 504 504 506 506 507 507 509 509 509 509 509 510 511 512 512 513 513 515 515 516 516 515 516 516 518 518 519 519 520 520 520 522 521 522 522 523 523 524 401 403 403 403 403 403 404 404 405 405 405 486 486 487 487 488 488 489 489 489 490 489 490 490 490 491 491 492 491 492 492 492 493 493 494 494 494 494 494 495 495
493 495 495 496 496 498 498 499 499 500 501 502 501 502 503 504 504 504 505 506 507 507 508 508 510 510 510 510 511 512 512 513 513 514 514 516 516 517 516 517 517 517 519 519 520 520 521 521 522 521 522 523 400 401 401 402 402 403 402 402 404 404 405 405 486 486 486 486 486 487 487 488 488 488 489 488 489 489 490 491 491 492 492 492 492 493 493 493 494 494 494 494 493 494
493 494 494 496 496 497 497 499 499 499 500 500 502 502 502 502 504 504 505 505 506 507 507 508 508 509 509 511 510 511 511 512 513 514 514 514 515 515 516 517 517 517 518 518 518 519 520 521 521 522 521 399 399 399 400 401 402 402 403 403 403 403 403 484 484 485 485 487 486 486 487 487 488 488 489 489 488 489 489 490 490 491 491 491 491 491 492 492 492 493 493 493 493 494
492 493 494 494 495 496 497 497 498 499 500 500 501 501 503 503 503 503 503 505 505 506 506 507 508 509 509 510 510 511 511 511 512 512 513 514 515 515 516 516 516 516 517 518 518 519 519 520 520 520 399 399 399 399 400 400 401 401 401 402 403 403 403 484 484 484 485 485 486 486 486 486 486 487 487 488 488 489 488 488 489 489 491 491 491 491 491 492 492 492 492 492 492 492
493 493 494 494 495 495 496 497 497 498 498 499 500 501 501 502 503 504 504 504 504 506 506 506 507 507 508 509 510 510 511 511 512 512 512 513 513 514 514 516 516 517 517 516 517 517 519 519 520 397 398 398 398 398 398 400 400 401 401 402 402 402 402 482 483 483 484 484 485 486 486 486 486 487 487 487 488 488 489 488 488 489 489 490 490 491 490 490 491 491 492 492 492 492
492 493 493 494 494 495 495 496 496 498 498 499 499 500 501 501 502 502 503 504 505 504 505 505 507 507 508 508 508 510 510 511 511 511 511 513 513 513 514 514 515 515 517 517 518 517 518 518 395 396 397 398 398 399 399 398 399 399 400 400 401 402 483 483 482 483 483 484 484 485 485 485 485 485 486 486 486 487 487 488 487 488 488 488 489 489 490 489 489 490 490 491 491 491
491 492 492 494 494 495 495 496 496 496 497 498 499 499 500 500 502 502 503 503 504 505 504 505 505 506 507 508 508 509 509 510 511 511 512 511 512 512 513 514 515 515 515 516 516 517 394 395 395 396 396 396 397 397 398 398 399 399 399 400 400 401 481 482 482 481 482 482 483 484 485 485 485 485 485 486 486 487 487 487 488 487 488 488 488 489 489 490 489 490 490 490 491 491
491 491 492 492 493 494 495 495 496 496 497 497 498 498 499 500 500 501 502 503 503 504 504 505 505 506 506 506 507 508 509 509 510 510 511 511 511 512 512 513 513 514 514 516 516 393 394 393 394 394 395 396 397 397 397 398 398 398 398 399 399 399 481 481 482 482 482 482 482 483 483 484 484 485 484 484 485 485 486 486 487 487 486 487 487 488 488 488 489 488 489 489 489 490
