testData/tiles/oneDegree/grid34.0-21.0-35.0-22.0.asc
ncols   200
nrows   200
xllcorner   34.0
yllcorner   21.0
cellsize   0.005
NODATA_value   -9999.0
[rows 42 to 83 of 200, columns 0 to 93 of 200]
475 475 474 474 474 473 473 472 472 472 471 585 585 584 584 584 583 583 582 582 582 581 581 601 600 600 599 599 598 598 598 597 597 596 596 596 595 595 594 594 593 593 592 592 591 591 591 590 590 589 589 588 588 587 587 586 586 585 584 583 582 582 581 581 588 588 587 587 586 585 585 584 584 583 582 582 581 580 579 577 577 576 575 575 574 573 573 572 571 570 570 569 568 567
475 475 474 474 474 473 473 473 472 472 472 471 471 471 584 584 583 583 583 582 582 601 601 601 600 600 600 599 599 598 598 597 596 596 595 595 594 594 593 593 592 592 592 591 591 590 590 589 589 588 588 587 587 586 586 585 585 584 584 583 583 582 581 581 579 587 586 586 585 584 584 583 583 582 581 581 580 580 579 578 578 577 576 575 573 572 571 571 570 569 569 568 567 566
474 474 474 473 473 473 472 472 472 471 471 470 470 470 469 469 583 582 582 601 601 601 600 600 599 599 599 598 598 597 597 597 596 596 595 595 594 594 594 593 593 592 592 590 590 589 589 588 588 587 587 586 586 585 585 584 584 583 583 582 582 581 580 580 579 579 578 586 585 583 583 582 582 581 580 580 579 578 578 577 576 576 575 574 574 573 572 571 570 569 567 567 566 565
474 473 473 473 472 472 471 471 471 470 470 470 469 469 469 468 468 487 487 601 600 600 599 599 599 598 598 597 597 597 596 596 595 595 594 594 594 593 593 592 592 591 591 590 590 589 589 588 588 587 586 585 585 584 584 583 583 582 582 581 581 580 579 579 578 578 577 577 584 583 583 582 582 581 579 579 578 577 577 576 575 575 574 573 573 572 571 570 570 569 567 566 566 565
474 473 473 473 472 472 472 471 471 471 470 470 469 469 469 488 488 488 487 487 486 600 600 599 599 598 598 598 597 597 596 596 595 595 595 594 594 593 593 592 592 591 591 590 590 589 589 588 588 587 586 585 585 584 584 583 582 581 581 580 580 579 578 578 577 577 576 576 575 574 582 581 580 580 579 579 578 576 576 575 574 574 573 572 571 571 570 569 568 568 567 566 565 564
473 473 472 472 473 472 472 471 471 471 470 470 470 469 489 488 488 488 487 486 486 485 485 484 598 597 597 597 596 596 595 595 594 594 594 593 593 592 592 591 591 590 590 589 589 588 588 587 587 586 586 585 585 584 584 583 583 582 582 581 581 579 577 577 576 576 575 574 574 573 573 572 579 579 578 577 577 576 575 575 573 572 572 571 570 569 569 568 567 566 566 565 564 563
473 473 472 472 472 471 471 471 470 470 469 469 489 488 488 488 487 487 486 486 486 485 485 484 484 484 483 597 596 596 595 595 595 593 593 592 592 591 591 590 590 589 589 588 588 587 587 586 586 585 585 584 584 583 583 582 582 581 581 580 579 579 578 578 577 576 575 574 574 573 571 571 570 578 577 576 576 575 574 573 573 572 571 570 569 568 567 567 566 565 564 563 563 562
472 472 472 471 471 470 470 470 469 469 489 488 488 487 487 487 486 486 485 485 485 484 484 483 483 483 482 482 481 481 594 594 594 593 593 592 592 591 591 590 589 588 588 587 587 586 586 585 585 584 584 583 583 582 582 581 581 580 579 579 578 578 577 577 576 575 575 574 573 572 571 571 570 569 569 576 575 575 573 572 571 571 570 569 569 568 566 565 564 564 563 562 561 560
471 471 471 470 470 470 469 469 488 488 488 487 487 487 486 486 485 485 485 484 484 483 483 483 482 482 481 481 480 480 479 479 479 592 592 591 591 590 590 589 589 588 588 587 587 585 585 584 584 583 583 582 582 581 581 580 579 579 578 578 577 577 576 575 575 574 574 573 572 572 571 569 569 568 567 567 566 573 573 572 571 570 570 569 567 566 566 565 563 562 561 561 560 559
470 470 470 469 469 469 488 488 488 487 487 486 486 486 485 485 484 484 484 483 483 482 482 482 481 481 480 480 479 479 478 478 478 477 477 590 590 589 589 588 588 587 587 586 586 585 585 584 584 582 582 581 581 580 579 579 578 578 577 577 576 575 575 574 574 573 572 572 571 570 570 569 568 567 566 565 565 564 563 571 570 569 568 568 567 566 565 564 564 563 560 559 558 557
469 469 469 468 488 488 487 487 487 486 486 485 485 485 484 484 483 483 483 482 482 481 481 481 480 480 479 479 478 478 477 477 477 476 476 475 475 474 588 587 587 586 586 585 585 584 584 583 583 582 582 581 580 579 578 578 577 577 576 575 575 574 574 573 572 572 571 570 570 569 568 568 567 566 566 564 563 563 562 561 568 568 567 566 565 564 564 563 562 561 560 558 558 557
469 468 469 488 488 488 487 487 487 486 486 485 485 485 484 484 483 483 483 482 482 481 481 480 480 480 479 479 478 478 477 477 476 476 476 475 475 474 474 473 473 586 586 585 585 584 584 582 581 581 580 580 579 579 578 577 576 575 575 574 574 573 572 572 571 570 570 569 569 568 567 566 566 565 564 564 563 561 560 560 559 558 565 565 564 563 562 561 560 560 559 558 557 555
469 488 488 487 487 487 486 486 486 485 485 484 484 484 483 483 482 482 482 481 481 480 480 479 479 479 478 478 477 477 476 476 475 475 474 474 473 473 472 472 471 471 470 470 469 583 582 582 581 581 580 580 579 578 578 577 577 575 575 573 572 572 571 570 570 569 568 568 567 566 566 565 564 564 563 562 561 561 559 558 557 557 556 555 562 561 561 560 559 558 557 556 555 554
488 487 487 486 486 486 485 485 485 484 484 483 483 483 482 482 481 481 481 480 480 479 479 478 478 477 477 477 476 476 475 475 474 474 473 473 472 472 471 471 470 470 469 469 468 468 467 467 580 579 579 578 578 577 577 576 575 575 573 573 572 571 571 570 569 569 568 567 566 565 564 564 563 562 561 561 560 559 558 557 556 555 554 553 553 552 559 558 557 556 555 554 553 552
487 486 486 485 485 485 484 484 484 483 483 482 482 482 481 481 480 480 479 479 479 478 478 477 477 476 476 475 475 475 474 474 473 473 472 472 471 471 470 470 469 469 468 468 467 466 466 465 465 464 464 577 577 576 575 575 574 574 573 571 571 570 569 569 568 567 567 566 565 565 564 563 562 562 561 560 558 558 557 556 554 553 553 552 551 550 549 548 555 554 553 552 551 550
486 485 485 484 484 484 483 483 482 482 482 481 481 480 480 480 479 479 478 478 477 477 477 476 476 475 475 474 474 473 473 472 472 471 471 470 470 469 469 468 468 467 467 466 466 465 465 464 463 463 462 462 461 461 574 573 573 572 572 571 569 569 568 567 567 566 565 565 564 563 562 562 561 560 559 559 558 557 556 555 554 553 551 550 549 548 547 546 545 552 551 550 549 548
484 484 484 483 483 483 482 482 481 481 481 481 480 479 479 478 478 478 477 477 476 476 475 475 474 474 474 473 473 472 472 471 471 470 470 469 469 468 468 467 467 466 466 465 464 464 463 463 462 462 461 460 460 459 459 458 457 457 570 569 568 567 566 566 565 564 564 563 562 562 561 560 559 559 558 557 556 555 555 554 552 551 550 549 548 547 546 545 543 542 541 548 547 546
483 483 483 482 482 481 481 481 480 480 479 479 479 478 478 477 477 476 476 476 475 475 474 474 473 473 472 472 471 471 470 470 469 469 468 468 467 467 466 466 465 465 464 464 463 463 462 461 461 460 460 459 458 458 457 457 456 455 455 454 452 452 565 564 564 563 562 561 561 560 559 558 558 557 556 555 554 554 553 552 550 549 548 547 546 545 544 543 542 541 540 539 538 544
482 482 481 481 481 480 480 479 479 479 478 478 477 477 478 477 477 476 476 475 475 474 474 474 473 473 472 472 471 471 470 470 469 469 468 467 466 466 465 465 464 463 463 462 462 461 461 460 459 459 458 458 457 456 456 455 454 454 453 451 451 450 449 449 448 561 561 560 559 558 557 557 556 555 554 553 553 552 551 550 548 547 546 545 544 543 542 541 540 539 538 537 536 536
482 482 481 481 481 480 480 479 479 478 478 478 477 477 476 476 475 475 475 474 474 473 473 472 472 471 471 470 470 469 469 468 468 467 467 466 466 465 465 464 464 463 462 462 461 461 460 460 459 458 458 457 456 455 454 454 453 452 451 450 449 448 448 447 446 446 445 444 443 557 556 555 554 553 552 552 551 550 549 547 546 545 544 543 542 541 540 539 538 537 536 536 536 536
481 481 480 480 479 479 479 478 478 477 477 476 476 476 475 475 474 474 473 473 472 472 471 471 471 470 470 469 469 468 468 467 466 466 465 465 464 464 463 463 462 462 461 460 460 459 459 458 457 457 456 456 455 454 454 453 452 451 450 449 449 448 447 445 445 444 443 442 442 441 440 439 438 551 551 550 549 548 546 545 544 543 542 541 540 539 538 537 536 536 536 536 536 536
480 479 479 479 478 478 477 477 476 476 476 475 475 474 474 473 473 472 472 472 471 471 470 470 469 469 468 468 467 467 466 466 465 465 464 463 463 462 462 461 461 460 460 459 458 458 457 457 456 455 455 454 453 453 452 450 450 449 448 448 447 446 445 445 444 443 442 441 441 440 439 437 436 435 435 434 433 545 544 543 542 541 540 539 538 536 536 536 536 536 536 536 536 535
478 478 478 477 477 476 476 476 475 475 474 474 473 473 473 472 472 471 471 470 470 469 469 468 468 467 467 466 466 465 465 464 464 463 463 462 461 461 460 460 459 459 458 457 457 456 456 455 454 454 453 452 452 450 449 449 448 447 447 446 445 444 444 443 442 441 440 440 439 438 437 436 435 434 433 432 431 430 428 427 426 538 537 536 536 536 536 536 536 536 536 535 535 535
477 477 476 476 476 475 475 474 474 473 473 473 472 472 471 471 470 470 469 469 468 468 467 467 466 466 465 465 464 464 463 463 462 462 461 461 460 459 459 458 458 457 456 456 455 455 454 453 453 451 450 450 449 448 448 447 446 445 445 444 443 442 442 441 440 439 438 438 437 436 435 434 433 431 430 429 428 427 426 425 424 423 423 422 422 422 536 536 536 536 535 535 535 535
476 475 475 475 474 474 473 473 473 472 472 471 471 470 470 469 469 468 468 467 467 466 466 465 465 464 464 463 463 462 462 461 461 460 460 459 458 458 457 457 456 455 455 454 454 452 451 451 450 449 449 448 447 447 446 445 444 444 443 442 441 441 440 439 438 437 436 436 435 434 433 431 430 429 428 427 426 425 424 423 423 423 423 423 423 423 423 423 422 421 421 535 535 535
475 474 474 473 473 472 472 472 471 471 470 470 469 469 468 468 467 467 466 466 465 465 464 464 463 463 462 462 461 461 460 460 459 459 458 457 457 456 456 455 453 453 452 451 451 450 450 449 448 448 447 446 445 445 444 443 442 442 441 440 439 439 438 437 436 435 434 433 431 430 430 429 428 427 426 424 423 423 423 423 423 423 423 423 423 423 422 422 422 422 422 422 422 422
473 473 472 472 471 471 471 470 470 469 469 468 468 468 468 467 467 466 466 465 465 464 464 463 463 462 462 461 461 460 460 459 458 457 456 456 454 454 453 452 452 451 450 450 449 448 448 447 446 446 445 444 444 443 442 441 440 440 439 438 437 436 436 435 434 432 431 430 429 428 427 426 425 424 423 423 423 423 423 423 423 423 423 422 422 422 422 422 422 422 422 422 422 422
472 471 471 471 471 471 470 470 469 469 468 468 467 467 466 466 465 465 464 463 462 462 461 461 460 460 459 459 458 458 457 456 456 455 455 454 453 453 452 452 451 450 450 449 448 448 447 446 445 445 444 443 442 441 440 439 438 438 437 436 435 433 432 431 430 430 429 428 427 426 425 424 423 423 423 423 423 423 423 423 422 422 422 422 422 422 422 422 422 422 422 422 422 422
470 470 469 469 469 468 468 467 467 466 466 465 465 464 464 463 463 462 462 461 461 460 460 459 459 458 458 457 456 456 455 455 454 453 453 452 452 451 450 450 449 448 448 447 446 446 445 444 443 443 442 441 440 440 439 438 436 435 435 434 433 432 430 429 428 427 426 425 424 423 423 423 423 423 423 423 423 422 422 422 422 422 422 422 422 422 422 422 422 422 422 422 422 369
469 468 468 468 467 467 466 466 465 465 464 464 463 463 462 462 461 461 460 460 459 459 458 458 457 456 456 455 455 454 454 453 452 452 451 450 450 449 449 448 447 446 446 445 444 444 443 442 441 441 439 438 437 436 436 435 434 433 432 431 430 429 429 428 427 426 424 424 424 424 423 423 423 423 422 422 422 422 422 422 422 422 422 422 422 422 422 422 422 422 369 369 369 369
467 467 466 466 466 465 465 464 464 463 463 462 462 461 461 460 460 459 459 458 457 457 456 456 455 455 454 454 453 452 452 451 450 450 449 449 448 447 447 446 445 444 444 442 441 441 440 439 438 438 437 436 435 434 433 432 432 431 430 429 428 427 426 425 424 424 424 424 424 423 423 423 423 423 423 423 423 422 422 422 422 422 422 422 422 422 422 421 369 369 369 369 369 369
466 465 465 464 464 463 463 463 462 462 461 461 460 459 459 458 458 457 457 456 456 455 455 454 453 453 452 452 451 450 450 449 448 447 446 446 445 444 444 443 442 441 441 440 439 438 438 437 436 435 434 434 433 432 431 430 429 428 427 426 425 424 424 424 423 423 423 423 423 423 423 423 423 423 423 423 423 423 423 423 423 423 422 421 421 421 369 369 369 369 369 369 369 369
463 463 462 462 461 461 460 460 459 459 458 458 457 457 456 456 455 455 454 453 453 452 452 451 451 450 449 449 448 448 447 446 446 445 444 444 443 442 441 441 440 439 438 438 437 436 435 435 434 433 432 431 430 429 428 427 426 425 423 423 423 423 423 423 423 423 423 423 423 423 423 423 423 423 423 423 423 423 423 422 422 422 422 370 370 370 370 370 369 369 369 369 369 369
462 461 461 460 460 459 459 458 458 457 457 456 456 455 454 454 453 453 452 452 451 450 450 449 449 448 447 447 446 446 445 444 444 443 442 441 441 440 439 439 438 437 436 435 435 434 433 432 431 430 429 428 427 426 425 424 423 423 423 423 423 423 423 423 423 423 423 423 423 423 423 423 423 423 422 422 422 422 422 422 422 370 370 370 370 370 370 370 370 370 369 369 369 368
460 459 459 458 458 457 457 456 456 455 455 454 454 453 453 452 451 451 450 450 449 449 448 447 447 446 445 445 444 443 443 442 441 441 440 439 438 438 437 436 435 434 433 432 431 430 429 429 428 427 426 425 424 423 423 423 423 423 423 423 423 423 423 423 423 423 423 423 422 422 422 422 422 422 422 422 422 422 370 370 370 370 370 370 370 370 369 369 369 369 369 369 369 369
458 458 457 458 457 457 456 455 455 454 454 453 453 452 452 451 450 450 449 449 448 447 447 446 446 444 443 443 442 441 441 440 439 438 438 437 436 435 435 434 433 432 431 430 430 429 427 426 425 424 423 423 423 423 423 423 423 423 423 423 423 423 422 422 422 422 422 422 422 422 422 422 422 422 422 370 370 370 370 370 370 369 369 369 369 369 369 369 369 369 369 369 369 369
456 456 455 455 454 454 453 453 452 451 451 450 450 449 449 448 447 447 446 446 445 444 444 443 442 442 441 440 440 439 438 438 437 436 435 434 434 433 432 431 430 429 429 428 427 426 425 424 424 424 424 424 424 423 423 423 423 423 422 422 422 422 422 422 422 422 422 422 422 422 422 422 422 370 370 369 369 369 369 369 369 369 369 369 369 369 369 369 369 369 369 368 368 368
454 454 453 453 452 452 451 451 450 449 449 448 448 447 447 446 445 445 444 443 443 442 442 441 440 439 439 438 437 437 436 435 434 434 433 432 431 430 429 428 428 427 426 424 423 423 423 423 423 423 423 423 423 423 423 423 423 423 423 423 423 423 423 423 423 423 422 422 422 421 369 369 369 369 369 369 369 369 369 369 369 369 369 369 369 369 368 368 368 368 368 368 368 368
452 452 451 451 450 450 449 449 448 447 447 446 446 445 444 444 443 443 442 441 441 440 439 438 437 436 435 435 434 433 432 432 431 430 429 428 427 426 426 425 424 423 423 423 423 423 423 423 423 423 423 423 423 423 423 423 423 423 423 423 423 422 422 422 422 422 422 370 370 370 370 370 370 369 369 369 369 369 369 369 369 368 368 368 368 368 368 368 368 368 368 368 368 368
449 449 448 448 447 447 446 445 445 444 444 443 442 442 441 441 440 439 439 438 437 436 436 435 434 434 433 432 431 430 430 429 428 427 426 425 424 423 423 423 423 423 423 423 423 423 423 423 423 423 423 423 422 422 422 422 422 422 422 422 422 422 422 422 370 370 370 370 370 370 370 370 370 370 369 369 369 369 369 368 368 368 368 368 368 368 368 368 368 368 367 367 367 367
447 447 446 446 445 444 444 443 443 442 441 441 440 439 439 438 437 437 436 435 435 434 433 432 432 431 430 429 428 428 427 426 425 424 423 423 423 423 422 422 422 422 422 422 422 422 422 422 422 422 422 422 422 422 422 422 422 422 422 422 422 370 370 370 370 370 369 369 369 369 369 369 369 369 369 369 369 369 369 369 369 369 369 369 367 367 367 367 367 367 367 367 367 367
444 444 443 442 442 441 441 440 439 439 438 437 437 436 435 435 434 433 433 432 431 430 430 429 428 427 426 425 425 424 423 422 422 422 422 422 422 422 422 422 422 422 422 422 422 422 422 422 422 422 422 422 422 422 422 422 422 421 369 369 369 369 369 369 369 369 369 369 369 369 369 369 369 369 369 369 369 368 368 368 368 368 368 368 368 368 368 368 368 367 367 367 367 366
