testData/tiles/oneDegree/grid38.0-19.0-39.0-20.0.asc
ncols   200
nrows   200
xllcorner   38.0
yllcorner   19.0
cellsize   0.005
NODATA_value   -9999.0
[rows 84 to 125 of 200, columns 0 to 93 of 200]
613 615 615 616 616 617 618 618 620 620 621 623 623 624 625 625 626 626 628 628 629 629 631 632 632 633 633 634 635 636 637 637 638 639 640 640 640 642 642 644 645 646 647 646 647 648 649 651 651 652 653 654 654 654 656 656 658 658 660 661 660 661 661 663 664 664 666 665 667 667 668 669 669 671 671 671 671 672 675 675 676 676 676 677 678 679 679 680 680 681 681 682 683 683
613 615 615 616 617 617 617 618 620 620 621 622 623 624 624 626 625 626 628 628 629 629 631 631 632 633 633 634 634 636 637 637 638 639 640 640 641 643 643 644 644 646 647 647 648 649 650 650 651 652 653 654 655 655 657 657 658 658 659 660 661 661 662 664 664 665 665 666 667 667 668 668 669 671 672 672 672 673 674 675 675 676 676 677 678 678 679 680 682 682 682 683 683 684
613 614 615 616 616 618 617 618 619 620 621 622 623 623 624 626 626 626 627 628 629 629 631 631 632 632 634 634 634 635 636 637 638 640 641 641 641 642 643 644 645 647 647 648 649 648 650 650 651 652 654 655 655 656 656 657 657 658 660 661 662 661 662 663 664 665 665 666 668 668 669 669 670 671 672 672 672 673 674 675 675 677 677 678 679 679 680 680 681 682 682 682 683 684
613 614 615 615 616 618 618 619 619 620 620 622 623 623 624 625 626 627 626 628 628 629 630 631 632 632 634 634 634 635 637 638 638 639 640 641 642 642 644 644 645 646 647 648 648 650 650 651 652 652 654 654 655 656 656 658 658 659 659 661 662 662 662 662 665 665 666 667 668 669 668 669 669 671 672 673 674 673 675 675 676 677 677 678 678 679 679 680 681 682 684 683 684 684
612 613 615 615 616 617 618 619 620 620 620 621 622 623 624 625 626 626 627 628 628 629 630 631 631 632 634 635 636 635 637 638 638 639 641 642 642 643 644 644 645 645 648 649 649 650 651 651 651 652 655 655 656 656 657 657 658 659 659 662 662 663 663 663 665 665 666 666 667 668 669 670 670 671 672 673 673 674 674 675 676 676 677 678 680 680 680 681 681 683 683 683 684 684
612 613 614 615 616 617 618 618 620 621 620 621 622 623 623 625 626 626 627 628 628 629 629 631 632 633 634 635 636 636 637 638 639 640 641 642 642 643 645 645 646 646 648 648 649 649 652 653 652 653 653 655 656 656 657 659 659 659 660 662 662 663 663 664 664 665 667 667 668 669 670 669 670 671 672 673 673 674 674 676 677 677 678 678 680 679 680 680 681 683 683 684 683 685
612 613 614 615 615 617 618 618 619 620 621 620 622 623 623 625 625 626 627 628 629 629 630 631 632 633 634 635 636 637 639 638 639 639 641 642 643 644 645 646 645 646 648 649 650 650 652 652 653 653 653 655 656 657 657 659 660 659 660 660 662 663 664 665 666 666 666 667 667 669 670 670 670 671 673 673 674 675 675 676 676 677 677 678 680 680 681 681 682 682 684 684 685 685
612 612 614 615 615 617 617 618 619 620 621 621 622 622 623 624 625 626 627 629 630 630 630 631 632 633 634 636 636 637 638 639 640 640 642 642 643 643 645 646 647 647 648 649 649 650 651 652 654 653 654 655 656 657 657 659 659 661 661 661 663 663 664 664 665 666 666 667 668 670 670 671 672 671 673 673 674 674 675 676 676 678 678 679 680 681 681 681 682 682 684 684 685 684
613 613 614 614 615 616 617 618 618 620 621 621 623 622 623 623 626 627 627 629 629 630 632 632 633 633 634 635 636 638 638 640 640 640 640 642 644 644 645 646 647 648 647 649 649 651 651 653 654 654 654 655 656 657 658 659 660 661 660 661 662 663 664 665 666 667 667 667 668 669 670 671 671 671 672 674 675 675 676 676 678 677 678 678 679 681 681 681 681 682 684 685 686 686
612 613 615 614 615 615 617 618 618 620 620 621 621 624 624 624 626 626 627 628 630 631 631 633 632 633 635 636 637 637 638 640 640 641 641 643 643 644 645 646 647 648 648 649 650 651 651 653 653 654 655 656 657 657 658 658 660 660 661 662 663 664 664 665 665 667 668 667 668 668 671 671 672 673 672 674 674 675 675 676 678 677 678 678 680 681 682 682 682 683 684 685 685 686
612 613 613 615 615 615 617 617 618 620 620 622 622 624 624 624 626 627 628 628 630 631 631 634 634 634 634 636 637 637 639 640 641 641 641 643 643 644 645 647 648 648 649 649 650 650 652 654 654 655 655 656 656 657 658 659 661 661 662 662 662 664 664 665 665 667 668 669 669 669 671 671 672 672 673 673 674 675 676 677 678 679 678 679 680 681 682 682 683 682 683 684 685 686
612 613 613 615 615 615 617 617 619 620 621 622 622 624 625 626 626 627 628 628 630 631 632 632 634 635 634 636 637 638 639 640 641 641 642 643 644 645 645 647 647 648 648 651 651 651 652 652 654 654 655 656 658 658 658 659 660 661 662 662 663 664 665 665 666 668 668 669 668 669 670 671 672 673 674 675 675 675 676 676 678 679 679 679 679 681 681 683 684 683 684 685 686 686
612 612 613 615 615 616 617 618 619 619 621 621 623 624 625 626 626 627 628 629 631 631 632 632 634 635 636 636 637 638 638 640 641 642 643 644 644 644 645 646 648 649 649 650 651 651 652 652 655 655 656 656 658 658 658 659 660 662 662 663 664 664 665 665 666 666 668 668 670 670 671 672 672 673 673 675 675 675 676 676 677 679 680 679 680 681 682 683 683 684 683 685 685 686
612 612 613 614 616 617 617 618 618 620 622 622 623 624 625 625 627 628 628 629 630 631 632 633 635 635 636 636 637 639 639 640 641 642 642 643 646 645 646 646 648 648 649 650 651 653 652 653 654 655 656 656 658 658 659 659 660 662 662 663 663 665 664 665 667 667 669 669 670 670 670 671 672 673 673 674 676 676 676 677 678 679 680 680 680 680 682 682 683 684 684 686 686 687
612 613 614 615 616 616 617 620 619 620 621 622 622 624 626 626 627 628 628 630 630 632 632 633 634 635 637 637 638 638 639 639 641 643 643 644 645 646 645 646 648 649 650 650 652 652 653 653 654 655 656 657 657 659 660 659 660 661 662 662 664 665 666 666 666 667 668 669 670 670 670 672 673 673 674 674 676 677 676 677 677 679 679 680 681 681 683 683 684 684 685 684 686 686
612 613 613 614 616 617 618 619 620 620 621 623 623 624 625 626 627 629 630 629 630 631 632 634 634 636 636 637 639 638 639 640 642 642 643 644 645 646 647 647 648 649 650 650 652 652 653 653 655 656 656 657 657 659 659 660 661 662 663 663 664 664 666 665 666 667 668 670 670 671 671 672 673 673 674 674 676 676 676 677 678 680 680 681 681 681 681 683 683 684 685 685 686 686
611 613 614 615 616 617 618 619 621 621 622 622 623 624 626 627 627 629 630 630 630 632 633 633 634 636 636 637 638 640 639 640 642 642 643 644 646 646 647 647 648 649 649 651 652 653 654 654 654 655 656 656 658 660 660 661 660 662 662 663 664 664 667 667 667 667 668 669 670 671 671 672 672 673 674 675 677 677 678 677 678 678 680 680 681 682 681 683 683 685 685 686 686 687
612 613 614 615 616 617 618 620 621 621 622 622 624 624 626 627 627 628 630 631 631 632 633 633 634 636 637 638 638 640 640 640 641 643 644 644 645 646 647 647 648 650 650 651 651 653 653 654 655 656 657 657 658 659 660 660 661 661 663 664 664 665 666 667 668 667 668 669 670 670 672 672 673 674 674 675 675 677 677 678 677 678 680 681 682 682 682 683 684 684 685 686 686 687
612 613 614 614 617 618 618 619 620 621 622 624 624 624 626 626 628 629 630 631 631 632 633 634 635 636 637 637 638 640 641 642 641 643 643 644 644 647 648 648 649 649 650 650 651 654 654 655 655 657 656 657 658 658 660 661 662 662 663 663 664 665 665 667 667 669 668 670 671 671 672 672 674 673 674 674 675 677 678 679 678 679 680 681 681 682 683 683 684 684 685 685 686 687
612 614 615 615 617 617 618 620 621 622 622 624 623 625 626 627 628 628 630 630 632 633 634 634 634 636 636 638 639 640 641 641 642 642 644 645 645 647 647 648 648 650 651 651 652 653 654 654 655 657 656 658 658 659 660 661 662 662 663 663 664 665 666 667 668 669 668 669 670 671 671 672 674 675 675 675 676 677 678 678 679 679 680 681 681 682 682 684 684 685 685 686 687 688
613 615 614 615 616 618 619 619 621 621 622 625 625 625 625 627 628 629 631 631 632 632 634 635 635 636 637 638 638 640 641 642 643 643 644 644 645 647 647 649 649 651 650 651 652 653 654 654 656 656 658 657 658 659 660 661 661 663 664 664 665 665 666 667 668 668 669 668 671 672 672 673 673 675 674 675 675 676 678 678 679 678 680 681 682 682 683 684 684 685 685 686 686 688
613 614 615 616 616 618 619 619 621 622 623 623 625 626 625 628 628 629 629 631 632 633 635 635 636 635 637 638 639 640 641 642 642 643 644 644 646 646 648 648 649 650 651 651 652 653 654 655 656 656 658 658 658 658 661 661 662 663 663 665 664 665 665 667 669 669 670 670 671 671 672 672 673 675 675 675 675 677 678 679 679 680 680 681 682 682 683 683 685 684 685 685 687 688
614 614 616 617 616 618 619 620 621 622 623 623 626 626 627 628 628 629 629 632 632 633 635 635 636 635 638 638 639 640 641 642 642 644 645 645 645 646 648 648 649 650 652 652 652 653 654 655 655 656 658 659 659 659 660 661 662 662 663 664 666 666 666 667 668 669 669 670 670 671 672 672 674 675 676 676 676 676 678 679 679 680 680 681 681 682 683 684 685 686 686 686 687 687
614 614 616 616 618 619 619 620 620 622 623 624 626 626 627 627 629 629 630 632 632 633 633 636 636 637 638 638 639 639 642 642 643 644 645 646 645 646 648 649 650 650 652 652 653 652 654 655 656 657 658 659 659 659 659 661 663 663 664 665 666 665 666 666 668 669 669 671 671 672 672 673 673 675 676 676 676 676 678 678 679 680 681 681 682 683 683 684 684 686 685 686 686 687
613 614 617 617 618 618 619 619 621 623 623 624 625 626 627 628 630 629 630 631 632 633 634 636 636 637 637 638 639 640 642 642 643 643 645 646 646 647 648 649 649 650 651 652 654 653 655 655 656 656 657 658 659 661 660 662 662 663 663 664 666 666 666 667 669 669 670 670 671 673 672 673 673 674 675 676 677 677 677 679 680 680 681 681 682 682 683 683 684 685 686 687 687 688
614 615 615 617 618 618 621 620 621 622 623 624 625 627 627 628 629 630 631 631 633 633 634 635 636 638 638 640 639 640 640 642 644 644 645 646 647 646 647 648 649 651 651 653 653 654 653 655 656 657 658 659 660 660 661 661 662 663 663 665 666 667 667 667 667 669 670 670 671 672 672 673 674 674 676 677 677 678 677 679 679 680 680 681 682 683 684 684 685 685 687 686 687 687
614 615 615 618 618 619 620 621 621 623 624 624 625 626 627 628 630 631 631 631 632 633 635 636 637 637 638 639 640 640 641 643 643 644 644 646 647 647 648 649 650 650 651 652 653 654 655 656 656 657 657 659 660 660 661 660 663 663 664 664 666 667 667 667 667 669 669 671 671 672 674 673 674 674 676 676 677 677 677 678 680 681 681 682 682 683 683 684 684 685 686 687 687 687
614 615 616 618 618 619 620 622 622 622 624 624 625 627 628 628 629 631 631 631 633 634 634 635 636 637 638 640 641 640 641 642 643 644 644 647 647 648 648 649 650 650 651 653 654 654 655 656 656 657 657 658 660 661 661 662 663 663 664 664 666 666 667 668 668 669 670 671 671 672 673 673 673 674 674 677 678 678 679 678 680 680 681 681 682 683 683 684 684 685 686 688 687 688
615 615 616 617 618 619 620 622 622 623 623 625 625 627 628 628 629 630 632 632 633 634 634 635 636 638 638 639 641 641 641 641 644 644 645 646 647 648 648 649 650 651 651 653 654 654 655 655 656 657 658 658 660 661 661 662 663 663 663 665 665 667 668 668 669 669 670 670 671 671 673 675 674 675 675 677 677 678 678 678 679 680 681 681 682 684 684 684 685 685 686 687 688 687
614 615 615 617 619 619 620 621 622 623 624 625 625 626 627 629 629 631 632 632 633 633 635 635 637 638 638 639 640 642 642 642 644 644 645 645 647 648 649 649 650 651 651 652 653 654 655 656 658 657 658 658 660 660 661 662 663 664 664 665 665 667 667 668 668 668 671 671 672 672 674 674 675 674 675 676 677 678 678 679 680 681 681 682 682 683 684 684 684 685 686 687 688 688
613 616 616 617 618 619 620 622 623 623 625 624 625 627 628 629 629 631 631 632 634 635 635 635 636 637 638 639 641 642 642 643 643 644 645 646 648 648 649 649 651 650 651 652 654 655 655 656 657 658 657 658 659 661 662 662 663 664 664 664 665 666 668 669 669 670 670 671 671 672 672 674 675 674 675 676 678 678 679 679 680 680 681 681 682 683 684 684 684 685 686 688 688 689
615 615 616 617 619 620 620 622 622 623 624 626 626 626 628 628 629 631 632 633 633 635 635 635 637 638 639 639 640 641 642 642 644 645 645 646 647 648 648 649 652 652 652 652 654 654 655 655 656 659 658 659 659 661 661 662 662 664 665 665 666 666 668 668 669 669 670 670 671 672 673 675 675 676 675 676 677 678 678 679 680 680 681 681 682 683 685 685 685 685 686 686 688 689
615 616 617 617 619 620 620 621 623 624 624 626 626 626 628 629 630 630 632 632 633 635 636 636 636 638 638 639 640 642 643 643 644 644 645 645 646 649 649 650 650 652 651 652 653 654 656 656 657 658 659 658 659 661 661 663 663 664 665 665 665 666 667 668 669 669 671 671 672 672 673 674 675 675 676 676 677 678 678 679 680 682 681 682 682 683 684 685 686 685 686 686 688 688
615 617 617 617 618 619 621 621 623 624 624 626 626 628 627 629 630 630 632 633 634 634 636 636 636 638 639 640 640 642 642 643 644 645 646 646 647 648 649 649 650 652 652 653 653 655 655 656 656 658 659 659 660 661 662 662 663 663 665 666 665 666 668 669 669 670 670 672 671 672 673 673 675 675 676 676 677 678 679 679 680 681 681 682 682 683 683 685 685 685 685 687 688 689
615 616 617 617 618 620 621 621 623 623 625 625 627 628 628 629 629 631 632 633 634 634 636 636 638 637 639 639 640 642 642 644 644 646 646 646 647 648 649 649 651 652 653 653 653 655 655 656 656 659 659 660 659 660 662 662 663 663 665 666 666 666 667 668 669 670 670 672 671 672 673 674 675 676 676 677 677 678 679 679 680 680 682 681 682 683 684 685 686 687 686 687 687 689
615 616 618 619 618 620 620 621 624 624 625 625 627 627 628 629 630 631 631 633 633 635 636 637 638 638 639 639 640 641 643 643 644 645 646 646 646 649 649 650 650 652 653 653 653 653 656 656 657 657 659 660 660 660 661 663 663 664 664 666 667 666 667 668 669 669 671 671 673 672 673 674 674 676 676 677 676 678 678 679 680 681 681 682 683 683 684 684 686 686 686 686 687 688
616 616 618 618 619 620 621 622 622 624 624 625 628 628 629 629 630 630 631 633 634 635 635 637 637 638 639 640 641 641 643 643 644 644 647 647 647 648 649 650 650 651 652 654 654 654 656 656 657 657 659 659 661 661 662 663 663 664 664 666 666 667 666 669 669 670 671 671 673 672 673 673 674 675 676 677 678 677 679 680 680 681 681 683 682 683 683 684 685 686 686 687 687 688
615 616 618 618 620 620 621 621 622 624 625 626 627 628 628 629 631 631 632 633 634 634 635 636 638 639 639 640 640 641 642 644 645 645 647 647 648 647 649 649 651 652 653 654 654 655 655 656 656 658 659 660 661 661 661 662 663 663 664 666 667 668 667 668 669 670 670 671 672 673 672 674 674 676 677 677 678 677 679 679 680 680 681 682 682 683 684 685 685 687 687 687 687 688
615 616 617 619 620 620 622 621 623 624 625 625 626 628 628 630 631 632 631 632 634 635 636 637 638 638 639 640 640 642 642 644 644 645 646 647 647 648 650 650 651 651 653 653 654 654 655 657 657 658 658 660 660 661 661 662 664 664 665 665 667 667 668 667 669 669 670 671 672 674 674 674 674 675 676 677 677 678 677 679 680 681 682 682 684 683 684 684 685 686 687 687 687 687
616 617 617 619 619 620 622 622 623 623 625 625 627 628 629 629 631 632 631 633 634 635 635 636 638 638 640 641 641 641 642 643 644 645 646 648 648 649 648 650 650 651 652 654 655 655 656 656 657 657 658 659 661 662 662 663 663 664 664 665 666 667 667 668 670 670 671 671 672 673 674 673 674 674 676 677 678 679 678 680 680 681 681 682 683 684 683 684 684 686 686 687 688 688
616 616 617 618 620 621 621 623 622 623 625 626 627 628 629 629 630 632 633 632 634 635 635 636 638 639 639 641 642 641 642 643 645 645 646 647 648 649 649 650 651 652 652 654 654 655 655 657 657 658 659 660 661 661 662 662 663 663 664 666 667 668 668 669 668 670 670 671 671 672 674 675 675 675 677 677 678 678 679 679 680 680 681 681 683 684 684 685 685 686 687 688 688 688
616 616 618 618 620 620 621 622 624 624 625 626 626 627 628 630 631 632 633 633 633 634 636 636 638 639 639 640 641 643 642 643 644 645 646 647 648 649 650 650 651 651 652 654 654 655 656 657 657 658 658 659 660 661 662 662 665 664 665 665 666 667 668 668 669 670 670 672 672 673 674 675 674 675 675 677 677 678 678 679 680 681 682 682 683 684 685 684 685 685 687 687 688 687
