testData/tiles/oneDegree/grid45.0-49.0-46.0-50.0.asc
ncols   200
nrows   200
xllcorner   45.0
yllcorner   49.0
cellsize   0.005
NODATA_value   -9999.0
[rows 68 to 84 of 200, columns 111 to 147 of 200]
7.500000000000000000e+01 7.500000000000000000e+01 7.500000000000000000e+01 7.500000000000000000e+01 7.500000000000000000e+01 7.500000000000000000e+01 7.500000000000000000e+01 7.500000000000000000e+01 1.370000000000000000e+02 1.370000000000000000e+02 1.370000000000000000e+02 1.370000000000000000e+02 1.370000000000000000e+02 1.370000000000000000e+02 1.370000000000000000e+02 1.370000000000000000e+02 1.370000000000000000e+02 1.370000000000000000e+02 1.370000000000000000e+02 1.370000000000000000e+02 1.370000000000000000e+02 1.370000000000000000e+02 1.370000000000000000e+02 1.370000000000000000e+02 1.370000000000000000e+02 1.370000000000000000e+02 1.370000000000000000e+02 1.370000000000000000e+02 1.370000000000000000e+02 1.370000000000000000e+02 1.370000000000000000e+02 1.370000000000000000e+02 1.370000000000000000e+02 1.370000000000000000e+02 1.370000000000000000e+02 1.370000000000000000e+02 1.370000000000000000e+02
7.500000000000000000e+01 7.500000000000000000e+01 7.500000000000000000e+01 7.500000000000000000e+01 7.500000000000000000e+01 7.500000000000000000e+01 7.500000000000000000e+01 7.500000000000000000e+01 1.370000000000000000e+02 1.370000000000000000e+02 1.370000000000000000e+02 1.370000000000000000e+02 1.370000000000000000e+02 1.370000000000000000e+02 1.370000000000000000e+02 1.370000000000000000e+02 1.370000000000000000e+02 1.370000000000000000e+02 1.370000000000000000e+02 1.370000000000000000e+02 1.370000000000000000e+02 1.360000000000000000e+02 1.360000000000000000e+02 1.360000000000000000e+02 1.360000000000000000e+02 1.360000000000000000e+02 1.360000000000000000e+02 1.360000000000000000e+02 1.360000000000000000e+02 1.360000000000000000e+02 1.360000000000000000e+02 1.360000000000000000e+02 1.360000000000000000e+02 1.360000000000000000e+02 1.360000000000000000e+02 1.360000000000000000e+02 1.360000000000000000e+02
7.400000000000000000e+01 7.400000000000000000e+01 7.400000000000000000e+01 7.400000000000000000e+01 7.400000000000000000e+01 7.400000000000000000e+01 7.400000000000000000e+01 7.400000000000000000e+01 7.400000000000000000e+01 1.360000000000000000e+02 1.360000000000000000e+02 1.360000000000000000e+02 1.360000000000000000e+02 1.360000000000000000e+02 1.360000000000000000e+02 1.360000000000000000e+02 1.360000000000000000e+02 1.360000000000000000e+02 1.360000000000000000e+02 1.360000000000000000e+02 1.360000000000000000e+02 1.360000000000000000e+02 1.360000000000000000e+02 1.360000000000000000e+02 1.360000000000000000e+02 1.360000000000000000e+02 1.360000000000000000e+02 1.360000000000000000e+02 1.360000000000000000e+02 1.350000000000000000e+02 1.350000000000000000e+02 1.350000000000000000e+02 1.350000000000000000e+02 1.350000000000000000e+02 1.350000000000000000e+02 1.350000000000000000e+02 1.350000000000000000e+02
7.300000000000000000e+01 7.300000000000000000e+01 7.300000000000000000e+01 7.300000000000000000e+01 7.300000000000000000e+01 7.300000000000000000e+01 7.300000000000000000e+01 7.300000000000000000e+01 7.300000000000000000e+01 7.300000000000000000e+01 1.350000000000000000e+02 1.350000000000000000e+02 1.350000000000000000e+02 1.350000000000000000e+02 1.350000000000000000e+02 1.350000000000000000e+02 1.350000000000000000e+02 1.350000000000000000e+02 1.350000000000000000e+02 1.350000000000000000e+02 1.350000000000000000e+02 1.350000000000000000e+02 1.350000000000000000e+02 1.350000000000000000e+02 1.350000000000000000e+02 1.350000000000000000e+02 1.350000000000000000e+02 1.350000000000000000e+02 1.350000000000000000e+02 1.350000000000000000e+02 1.350000000000000000e+02 1.350000000000000000e+02 1.340000000000000000e+02 1.340000000000000000e+02 1.340000000000000000e+02 1.340000000000000000e+02 2.150000000000000000e+02
7.200000000000000000e+01 7.200000000000000000e+01 7.200000000000000000e+01 7.200000000000000000e+01 7.200000000000000000e+01 7.200000000000000000e+01 7.200000000000000000e+01 7.200000000000000000e+01 7.200000000000000000e+01 7.200000000000000000e+01 7.200000000000000000e+01 1.340000000000000000e+02 1.340000000000000000e+02 1.340000000000000000e+02 1.340000000000000000e+02 1.340000000000000000e+02 1.340000000000000000e+02 1.340000000000000000e+02 1.340000000000000000e+02 1.340000000000000000e+02 1.340000000000000000e+02 1.340000000000000000e+02 1.340000000000000000e+02 1.340000000000000000e+02 1.340000000000000000e+02 1.340000000000000000e+02 1.340000000000000000e+02 1.340000000000000000e+02 1.340000000000000000e+02 1.340000000000000000e+02 1.340000000000000000e+02 1.340000000000000000e+02 1.330000000000000000e+02 2.140000000000000000e+02 2.140000000000000000e+02 2.140000000000000000e+02 2.140000000000000000e+02
7.100000000000000000e+01 7.100000000000000000e+01 7.100000000000000000e+01 7.100000000000000000e+01 7.100000000000000000e+01 7.100000000000000000e+01 7.100000000000000000e+01 7.100000000000000000e+01 7.100000000000000000e+01 7.100000000000000000e+01 7.100000000000000000e+01 1.330000000000000000e+02 1.330000000000000000e+02 1.330000000000000000e+02 1.330000000000000000e+02 1.330000000000000000e+02 1.330000000000000000e+02 1.330000000000000000e+02 1.330000000000000000e+02 1.330000000000000000e+02 1.330000000000000000e+02 1.330000000000000000e+02 1.330000000000000000e+02 1.330000000000000000e+02 1.330000000000000000e+02 1.330000000000000000e+02 1.330000000000000000e+02 1.320000000000000000e+02 1.320000000000000000e+02 1.320000000000000000e+02 1.320000000000000000e+02 2.130000000000000000e+02 2.130000000000000000e+02 2.130000000000000000e+02 2.130000000000000000e+02 2.130000000000000000e+02 2.130000000000000000e+02
7.000000000000000000e+01 7.000000000000000000e+01 7.000000000000000000e+01 7.000000000000000000e+01 7.000000000000000000e+01 7.000000000000000000e+01 7.000000000000000000e+01 7.000000000000000000e+01 7.000000000000000000e+01 7.000000000000000000e+01 7.000000000000000000e+01 7.000000000000000000e+01 1.320000000000000000e+02 1.320000000000000000e+02 1.320000000000000000e+02 1.320000000000000000e+02 1.320000000000000000e+02 1.310000000000000000e+02 1.310000000000000000e+02 1.310000000000000000e+02 1.310000000000000000e+02 1.310000000000000000e+02 1.310000000000000000e+02 1.310000000000000000e+02 1.310000000000000000e+02 1.310000000000000000e+02 1.310000000000000000e+02 1.310000000000000000e+02 2.120000000000000000e+02 2.120000000000000000e+02 2.120000000000000000e+02 2.120000000000000000e+02 2.120000000000000000e+02 2.120000000000000000e+02 2.120000000000000000e+02 2.120000000000000000e+02 2.120000000000000000e+02
6.800000000000000000e+01 6.800000000000000000e+01 6.800000000000000000e+01 6.800000000000000000e+01 6.800000000000000000e+01 6.800000000000000000e+01 6.800000000000000000e+01 6.800000000000000000e+01 6.800000000000000000e+01 6.800000000000000000e+01 6.800000000000000000e+01 6.800000000000000000e+01 6.800000000000000000e+01 1.300000000000000000e+02 1.300000000000000000e+02 1.300000000000000000e+02 1.300000000000000000e+02 1.300000000000000000e+02 1.300000000000000000e+02 1.300000000000000000e+02 1.300000000000000000e+02 1.300000000000000000e+02 1.300000000000000000e+02 1.300000000000000000e+02 1.300000000000000000e+02 1.300000000000000000e+02 2.110000000000000000e+02 2.110000000000000000e+02 2.110000000000000000e+02 2.110000000000000000e+02 2.110000000000000000e+02 2.110000000000000000e+02 2.110000000000000000e+02 2.110000000000000000e+02 2.110000000000000000e+02 2.110000000000000000e+02 2.110000000000000000e+02
6.700000000000000000e+01 6.700000000000000000e+01 6.700000000000000000e+01 6.700000000000000000e+01 6.700000000000000000e+01 6.700000000000000000e+01 6.700000000000000000e+01 6.700000000000000000e+01 6.700000000000000000e+01 6.700000000000000000e+01 6.700000000000000000e+01 6.700000000000000000e+01 6.700000000000000000e+01 6.700000000000000000e+01 1.290000000000000000e+02 1.290000000000000000e+02 1.290000000000000000e+02 1.290000000000000000e+02 1.290000000000000000e+02 1.290000000000000000e+02 1.290000000000000000e+02 1.290000000000000000e+02 1.290000000000000000e+02 2.100000000000000000e+02 2.100000000000000000e+02 2.100000000000000000e+02 2.090000000000000000e+02 2.090000000000000000e+02 2.090000000000000000e+02 2.090000000000000000e+02 2.090000000000000000e+02 2.090000000000000000e+02 2.090000000000000000e+02 2.090000000000000000e+02 2.090000000000000000e+02 2.090000000000000000e+02 2.090000000000000000e+02
6.500000000000000000e+01 6.500000000000000000e+01 6.500000000000000000e+01 6.500000000000000000e+01 6.500000000000000000e+01 6.500000000000000000e+01 6.500000000000000000e+01 6.500000000000000000e+01 6.500000000000000000e+01 6.500000000000000000e+01 6.500000000000000000e+01 6.500000000000000000e+01 6.500000000000000000e+01 6.500000000000000000e+01 6.500000000000000000e+01 1.270000000000000000e+02 1.270000000000000000e+02 1.270000000000000000e+02 1.270000000000000000e+02 1.270000000000000000e+02 1.270000000000000000e+02 2.080000000000000000e+02 2.080000000000000000e+02 2.080000000000000000e+02 2.080000000000000000e+02 2.080000000000000000e+02 2.080000000000000000e+02 2.080000000000000000e+02 2.080000000000000000e+02 2.080000000000000000e+02 2.080000000000000000e+02 2.080000000000000000e+02 2.080000000000000000e+02 2.080000000000000000e+02 2.080000000000000000e+02 2.080000000000000000e+02 2.080000000000000000e+02
6.400000000000000000e+01 6.400000000000000000e+01 6.400000000000000000e+01 6.400000000000000000e+01 6.400000000000000000e+01 6.400000000000000000e+01 6.400000000000000000e+01 6.300000000000000000e+01 6.300000000000000000e+01 6.300000000000000000e+01 6.300000000000000000e+01 6.300000000000000000e+01 6.300000000000000000e+01 6.300000000000000000e+01 6.300000000000000000e+01 6.300000000000000000e+01 1.250000000000000000e+02 1.250000000000000000e+02 1.250000000000000000e+02 2.060000000000000000e+02 2.060000000000000000e+02 2.060000000000000000e+02 2.060000000000000000e+02 2.060000000000000000e+02 2.060000000000000000e+02 2.060000000000000000e+02 2.060000000000000000e+02 2.060000000000000000e+02 2.060000000000000000e+02 2.060000000000000000e+02 2.060000000000000000e+02 2.060000000000000000e+02 2.060000000000000000e+02 2.060000000000000000e+02 2.060000000000000000e+02 2.060000000000000000e+02 2.060000000000000000e+02
6.300000000000000000e+01 6.300000000000000000e+01 6.300000000000000000e+01 6.300000000000000000e+01 6.300000000000000000e+01 6.300000000000000000e+01 6.300000000000000000e+01 6.300000000000000000e+01 6.300000000000000000e+01 6.300000000000000000e+01 6.300000000000000000e+01 6.300000000000000000e+01 6.300000000000000000e+01 6.300000000000000000e+01 6.300000000000000000e+01 6.300000000000000000e+01 1.440000000000000000e+02 2.060000000000000000e+02 2.060000000000000000e+02 2.060000000000000000e+02 2.060000000000000000e+02 2.060000000000000000e+02 2.060000000000000000e+02 2.060000000000000000e+02 2.060000000000000000e+02 2.060000000000000000e+02 2.060000000000000000e+02 2.060000000000000000e+02 2.060000000000000000e+02 2.060000000000000000e+02 2.060000000000000000e+02 2.060000000000000000e+02 2.060000000000000000e+02 2.060000000000000000e+02 2.060000000000000000e+02 2.060000000000000000e+02 2.060000000000000000e+02
6.300000000000000000e+01 6.300000000000000000e+01 6.300000000000000000e+01 6.300000000000000000e+01 6.300000000000000000e+01 6.300000000000000000e+01 6.300000000000000000e+01 6.300000000000000000e+01 6.300000000000000000e+01 6.300000000000000000e+01 6.300000000000000000e+01 6.300000000000000000e+01 6.300000000000000000e+01 6.300000000000000000e+01 1.440000000000000000e+02 1.440000000000000000e+02 1.440000000000000000e+02 1.440000000000000000e+02 2.060000000000000000e+02 2.060000000000000000e+02 2.060000000000000000e+02 2.060000000000000000e+02 2.060000000000000000e+02 2.060000000000000000e+02 2.060000000000000000e+02 2.060000000000000000e+02 2.060000000000000000e+02 2.060000000000000000e+02 2.060000000000000000e+02 2.060000000000000000e+02 2.060000000000000000e+02 2.060000000000000000e+02 2.060000000000000000e+02 2.060000000000000000e+02 2.060000000000000000e+02 2.060000000000000000e+02 2.060000000000000000e+02
6.300000000000000000e+01 6.300000000000000000e+01 6.300000000000000000e+01 6.300000000000000000e+01 6.300000000000000000e+01 6.300000000000000000e+01 6.300000000000000000e+01 6.300000000000000000e+01 6.300000000000000000e+01 6.300000000000000000e+01 6.300000000000000000e+01 6.300000000000000000e+01 1.440000000000000000e+02 1.440000000000000000e+02 1.440000000000000000e+02 1.440000000000000000e+02 1.440000000000000000e+02 1.440000000000000000e+02 1.440000000000000000e+02 2.060000000000000000e+02 2.060000000000000000e+02 2.060000000000000000e+02 2.060000000000000000e+02 2.060000000000000000e+02 2.060000000000000000e+02 2.060000000000000000e+02 2.060000000000000000e+02 2.060000000000000000e+02 2.060000000000000000e+02 2.060000000000000000e+02 2.060000000000000000e+02 2.060000000000000000e+02 2.060000000000000000e+02 2.060000000000000000e+02 2.060000000000000000e+02 2.060000000000000000e+02 2.060000000000000000e+02
6.300000000000000000e+01 6.300000000000000000e+01 6.300000000000000000e+01 6.300000000000000000e+01 6.300000000000000000e+01 6.300000000000000000e+01 6.300000000000000000e+01 6.300000000000000000e+01 6.300000000000000000e+01 6.300000000000000000e+01 1.440000000000000000e+02 1.440000000000000000e+02 1.440000000000000000e+02 1.440000000000000000e+02 1.440000000000000000e+02 1.440000000000000000e+02 1.440000000000000000e+02 1.440000000000000000e+02 1.440000000000000000e+02 1.440000000000000000e+02 2.060000000000000000e+02 2.060000000000000000e+02 2.060000000000000000e+02 2.060000000000000000e+02 2.060000000000000000e+02 2.060000000000000000e+02 2.060000000000000000e+02 2.060000000000000000e+02 2.060000000000000000e+02 2.060000000000000000e+02 2.060000000000000000e+02 2.060000000000000000e+02 2.060000000000000000e+02 2.060000000000000000e+02 2.060000000000000000e+02 2.060000000000000000e+02 2.060000000000000000e+02
6.300000000000000000e+01 6.300000000000000000e+01 6.300000000000000000e+01 6.300000000000000000e+01 6.300000000000000000e+01 6.300000000000000000e+01 6.300000000000000000e+01 6.300000000000000000e+01 1.440000000000000000e+02 1.440000000000000000e+02 1.440000000000000000e+02 1.440000000000000000e+02 1.440000000000000000e+02 1.440000000000000000e+02 1.440000000000000000e+02 1.440000000000000000e+02 1.440000000000000000e+02 1.440000000000000000e+02 1.440000000000000000e+02 1.440000000000000000e+02 1.440000000000000000e+02 2.060000000000000000e+02 2.060000000000000000e+02 2.060000000000000000e+02 2.060000000000000000e+02 2.060000000000000000e+02 2.060000000000000000e+02 2.060000000000000000e+02 2.060000000000000000e+02 2.060000000000000000e+02 2.060000000000000000e+02 2.060000000000000000e+02 2.060000000000000000e+02 2.060000000000000000e+02 2.060000000000000000e+02 2.060000000000000000e+02 2.060000000000000000e+02
6.300000000000000000e+01 6.300000000000000000e+01 6.300000000000000000e+01 6.300000000000000000e+01 6.300000000000000000e+01 6.300000000000000000e+01 1.440000000000000000e+02 1.440000000000000000e+02 1.440000000000000000e+02 1.440000000000000000e+02 1.440000000000000000e+02 1.440000000000000000e+02 1.440000000000000000e+02 1.440000000000000000e+02 1.440000000000000000e+02 1.440000000000000000e+02 1.440000000000000000e+02 1.440000000000000000e+02 1.440000000000000000e+02 1.440000000000000000e+02 1.440000000000000000e+02 1.440000000000000000e+02 2.060000000000000000e+02 2.060000000000000000e+02 2.060000000000000000e+02 2.060000000000000000e+02 2.060000000000000000e+02 2.060000000000000000e+02 2.060000000000000000e+02 2.060000000000000000e+02 2.060000000000000000e+02 2.060000000000000000e+02 2.060000000000000000e+02 2.060000000000000000e+02 2.060000000000000000e+02 2.060000000000000000e+02 2.060000000000000000e+02
