testData/tiles/oneDegree/grid45.0-10.0-46.0-11.0.asc
ncols   200
nrows   200
xllcorner   45.0
yllcorner   10.0
cellsize   0.005
NODATA_value   -9999.0
[rows 126 to 167 of 200, columns 94 to 187 of 200]
592 592 592 592 592 592 592 592 592 592 592 592 592 592 592 592 591 591 591 591 591 591 591 591 591 591 591 591 590 590 590 590 590 590 590 590 588 588 588 588 588 588 587 587 587 587 586 586 586 586 586 585 585 585 583 583 583 583 582 582 582 581 581 581 580 580 579 579 579 578 577 576 576 576 575 575 574 574 573 573 572 572 571 571 570 569 568 568 567 567 566 565 565 564
592 592 592 592 592 592 592 592 592 592 592 592 592 592 592 592 592 591 591 591 591 591 591 591 591 591 591 591 590 590 590 590 590 590 590 590 589 588 588 588 588 588 587 587 587 587 586 586 586 586 585 585 585 585 584 583 583 583 582 582 582 581 581 581 580 580 579 579 579 578 578 576 576 576 575 575 574 574 573 573 572 572 571 571 570 570 568 568 567 567 566 565 565 564
592 592 592 592 592 592 592 592 592 592 592 592 592 592 592 592 592 591 591 591 591 591 591 591 591 591 591 591 590 590 590 590 590 590 590 590 589 588 588 588 588 588 587 587 587 587 586 586 586 586 585 585 585 585 584 583 583 582 582 582 582 581 581 580 580 580 579 579 579 578 578 576 576 576 575 575 574 574 573 573 572 572 571 571 570 570 568 568 567 566 566 565 565 564
592 592 592 592 592 592 592 592 592 592 592 592 592 592 592 592 592 592 591 591 591 591 591 591 591 591 591 591 590 590 590 590 590 590 590 590 589 589 588 588 588 587 587 587 587 587 586 586 586 586 585 585 585 585 584 584 583 582 582 582 581 581 581 580 580 580 579 579 579 578 578 577 576 575 575 575 574 574 573 573 572 572 571 571 570 570 569 568 567 566 566 565 565 564
592 592 592 592 592 592 592 592 592 592 592 592 592 592 592 592 592 592 592 591 591 591 591 591 591 591 591 590 590 590 590 590 590 590 590 589 589 589 588 588 588 587 587 587 587 587 586 586 586 586 585 585 585 585 584 584 583 582 582 582 581 581 581 580 580 580 579 579 579 578 578 577 576 575 575 575 574 574 573 573 572 572 571 571 570 570 569 568 567 566 566 565 565 564
592 592 592 592 592 592 592 592 592 592 592 592 592 592 592 592 592 592 592 591 591 591 591 591 591 591 591 590 590 590 590 590 590 590 590 589 589 589 589 588 588 587 587 587 587 587 586 586 586 586 585 585 585 585 584 584 584 582 582 582 581 581 581 580 580 580 579 579 579 578 578 577 577 575 575 575 574 574 573 573 572 572 571 571 570 570 569 568 567 566 566 565 565 564
592 592 592 592 592 592 592 592 592 592 592 592 592 592 592 592 592 592 592 592 591 591 591 591 591 591 591 590 590 590 590 590 590 590 590 589 589 589 589 588 588 587 587 587 587 587 586 586 586 586 585 585 585 585 584 584 584 582 582 582 581 581 581 580 580 580 579 579 578 578 578 577 577 575 575 575 574 574 573 573 572 572 571 571 570 570 569 568 567 566 566 565 565 564
591 592 592 592 592 592 592 592 592 592 592 592 592 592 592 592 592 592 592 592 591 591 591 591 591 591 590 590 590 590 590 590 590 590 590 589 589 589 589 589 588 587 587 587 587 587 586 586 586 586 585 585 585 585 584 584 584 583 582 582 581 581 581 580 580 580 579 579 578 578 578 577 577 576 575 574 574 574 573 573 572 572 571 571 570 570 569 568 567 566 566 565 565 564
591 592 592 592 592 592 592 592 592 592 592 592 592 592 592 592 592 592 592 592 592 591 591 591 591 591 590 590 590 590 590 590 590 590 590 589 589 589 589 589 589 587 587 587 587 587 586 586 586 586 585 585 585 584 584 584 584 583 582 582 581 581 581 580 580 580 579 579 578 578 578 577 577 576 575 574 574 574 573 573 572 572 571 571 570 570 569 568 568 566 566 565 565 564
591 592 592 592 592 592 592 592 592 592 592 592 592 592 592 592 592 592 592 592 592 591 591 591 591 591 590 590 590 590 590 590 590 590 589 589 589 589 589 589 588 587 587 587 587 586 586 586 586 586 585 585 585 584 584 584 584 583 583 582 581 581 581 580 580 580 579 579 578 578 578 577 577 576 576 574 574 573 573 573 572 572 571 571 570 569 569 568 568 566 566 565 564 564
591 591 592 592 592 592 592 592 592 592 592 592 592 592 592 592 592 592 592 592 592 592 591 591 591 590 590 590 590 590 590 590 590 590 589 589 589 589 589 589 588 588 587 587 587 586 586 586 586 585 585 585 585 584 584 584 584 583 583 582 581 581 581 580 580 580 579 579 578 578 578 577 577 576 576 574 574 573 573 573 572 572 571 570 570 569 569 568 568 567 566 565 564 564
592 591 592 592 592 592 592 592 592 592 592 592 592 592 592 592 592 592 592 592 592 592 592 591 591 590 590 590 590 590 590 590 590 590 589 589 589 589 589 589 588 588 587 587 587 586 586 586 586 585 585 585 585 584 584 584 584 583 583 583 581 581 581 580 580 579 579 579 578 578 578 577 577 576 576 575 574 573 573 572 572 571 571 570 570 569 569 568 568 567 566 565 564 564
592 591 591 592 592 592 592 592 592 592 592 592 592 592 592 592 592 592 592 592 592 592 592 591 590 590 590 590 590 590 590 590 590 590 589 589 589 589 589 589 588 588 588 587 587 586 586 586 586 585 585 585 585 584 584 584 583 583 583 583 581 581 581 580 580 579 579 579 578 578 577 577 577 576 576 575 574 573 573 572 572 571 571 570 570 569 569 568 568 567 567 565 564 564
592 592 591 592 592 592 592 592 592 592 592 592 592 592 592 592 592 592 592 592 592 592 592 592 590 590 590 590 590 590 590 590 590 589 589 589 589 589 589 589 588 588 588 587 587 586 586 586 586 585 585 585 585 584 584 584 583 583 583 582 582 581 580 580 580 579 579 579 578 578 577 577 577 576 576 575 574 573 573 572 572 571 571 570 570 569 569 568 568 567 567 565 564 564
592 592 591 591 592 592 592 592 592 592 592 592 592 592 592 592 592 592 592 592 592 592 592 591 590 590 590 590 590 590 590 590 590 589 589 589 589 589 589 588 588 588 588 588 587 586 586 586 586 585 585 585 585 584 584 584 583 583 583 582 582 581 580 580 580 579 579 579 578 578 577 577 577 576 576 575 575 573 573 572 572 571 571 570 570 569 569 568 568 567 566 565 564 564
592 592 592 591 592 592 592 592 592 592 592 592 592 592 592 592 592 592 592 592 592 592 592 591 591 590 590 590 590 590 590 590 590 589 589 589 589 589 589 588 588 588 588 588 586 586 586 586 586 585 585 585 585 584 584 584 583 583 583 582 582 581 580 580 580 579 579 579 578 578 577 577 577 576 576 575 575 573 573 572 572 571 571 570 570 569 569 568 568 567 566 566 564 564
592 592 592 592 591 592 592 592 592 592 592 592 592 592 592 592 592 592 592 592 592 592 591 591 591 590 590 590 590 590 590 590 590 589 589 589 589 589 589 588 588 588 588 588 587 586 586 586 586 585 585 585 584 584 584 584 583 583 583 582 582 582 580 580 580 579 579 579 578 578 577 577 576 576 576 575 575 574 573 572 572 571 571 570 570 569 569 568 568 567 566 566 564 564
592 592 592 592 591 591 592 592 592 592 592 592 592 592 592 592 592 592 592 592 592 591 591 591 591 591 590 590 590 590 590 590 589 589 589 589 589 589 589 588 588 588 588 588 587 586 586 586 585 585 585 585 584 584 584 584 583 583 583 582 582 582 580 580 580 579 579 578 578 578 577 577 576 576 576 575 575 574 573 572 572 571 571 570 570 569 569 568 567 567 566 566 565 564
592 592 592 592 592 591 591 592 592 592 592 592 592 592 592 592 592 592 592 592 591 591 591 591 591 591 590 590 590 590 590 590 589 589 589 589 589 589 589 588 588 588 602 588 587 587 586 586 585 585 585 585 584 584 584 584 583 583 583 582 582 582 581 580 580 579 579 578 578 578 577 577 576 576 576 575 575 574 574 572 572 571 571 570 570 569 569 568 567 567 566 566 565 563
592 592 592 592 592 592 592 592 593 593 593 593 593 593 593 593 593 593 593 592 606 606 606 606 606 606 606 605 606 606 606 606 605 605 605 605 605 604 603 603 603 603 603 603 602 602 601 601 600 600 600 600 599 599 599 598 598 598 598 597 596 596 595 594 594 579 579 578 578 578 577 577 576 576 575 575 575 574 574 572 572 571 571 570 570 569 569 568 567 567 566 566 565 563
593 593 593 594 594 594 593 593 593 594 594 608 608 608 608 608 608 608 607 608 608 608 608 608 608 608 608 607 607 607 607 606 606 606 606 606 606 606 605 605 605 605 605 604 604 604 602 602 601 601 601 601 600 600 600 599 599 599 599 598 598 598 596 596 594 594 594 593 593 593 592 592 591 590 575 575 575 574 574 572 572 571 571 570 570 569 568 568 567 567 566 566 565 564
594 595 595 595 609 609 608 608 608 608 608 609 609 609 609 609 608 609 609 609 609 609 609 609 609 609 609 609 608 608 608 607 607 607 607 607 607 607 606 606 606 606 606 605 605 605 605 604 602 602 602 602 601 601 601 600 600 600 599 599 599 598 598 598 595 595 595 594 594 593 593 593 592 592 590 590 589 589 589 588 587 572 571 570 569 569 568 568 567 567 566 566 565 564
609 610 610 610 610 610 610 609 609 609 609 609 609 609 609 609 610 610 610 610 610 610 610 610 610 610 610 610 609 609 608 608 608 608 608 608 608 607 607 607 607 607 607 606 606 606 606 604 604 603 603 602 602 602 602 601 601 601 600 600 600 599 599 599 597 596 596 595 595 594 594 594 593 593 591 591 590 590 589 589 587 587 585 585 584 584 583 569 568 567 566 566 565 564
610 610 611 611 611 611 611 610 610 610 610 610 610 610 610 610 610 610 610 611 611 611 611 611 611 611 611 611 611 610 609 609 609 609 609 609 609 608 608 608 608 608 608 607 607 607 606 605 604 604 604 603 603 603 603 602 602 602 601 601 601 600 600 599 598 597 597 596 596 595 595 595 594 593 592 592 591 591 590 590 589 587 586 586 585 585 584 584 582 582 581 580 566 565
611 611 611 611 611 612 612 612 611 611 611 611 611 611 611 611 611 611 611 611 611 611 611 611 611 611 611 612 612 611 610 610 610 610 610 610 610 609 608 608 608 608 607 607 607 607 607 606 605 605 605 604 604 604 604 603 603 603 602 602 601 600 600 600 599 598 598 597 597 596 596 595 594 594 593 593 592 592 591 591 589 588 587 587 586 586 585 584 583 583 582 581 581 579
612 612 612 612 612 612 612 612 612 612 612 612 612 612 612 612 612 612 612 612 612 612 612 612 612 612 612 612 612 611 610 610 610 610 610 610 610 609 609 609 609 609 608 608 608 608 608 607 607 606 606 605 605 605 604 604 603 603 602 602 602 601 601 601 600 600 598 598 598 596 596 595 595 595 594 594 593 593 591 591 590 589 588 588 587 586 585 585 584 584 583 582 581 580
612 613 613 613 613 613 613 613 613 612 612 612 612 612 612 612 613 613 613 613 613 613 613 613 613 613 613 613 613 612 611 611 611 611 611 611 610 610 610 610 610 610 609 609 609 609 609 608 608 606 606 605 605 605 604 604 604 604 603 603 603 602 602 602 600 600 598 598 598 597 597 596 596 596 594 594 593 593 592 592 591 591 588 588 587 587 586 586 585 583 583 582 582 581
613 613 613 613 613 613 613 614 614 614 613 613 613 613 613 613 613 613 613 613 613 613 613 613 613 613 613 613 612 612 612 611 611 611 611 611 610 610 610 610 610 610 609 609 609 609 608 608 608 608 606 606 606 606 605 605 605 604 603 603 602 602 602 601 601 601 600 599 599 598 597 596 596 595 595 595 594 594 593 592 591 591 589 589 588 588 586 586 585 584 584 583 583 581
613 614 614 614 614 614 614 614 614 614 613 613 613 613 613 613 613 613 614 614 614 614 614 614 614 614 614 613 613 613 613 612 612 612 612 612 611 611 611 611 611 610 610 610 610 610 609 608 608 608 606 606 606 606 605 605 605 604 604 604 603 603 603 602 601 601 600 599 599 598 598 597 597 596 595 595 594 594 593 593 592 592 590 589 588 588 587 586 586 584 584 583 583 582
614 614 614 614 614 614 614 614 614 614 614 614 614 614 614 614 614 614 614 614 614 614 614 615 615 615 615 614 614 614 614 614 613 613 613 612 612 612 612 612 612 611 611 611 611 611 610 610 610 610 608 608 608 608 606 606 606 605 605 605 604 604 603 602 602 602 601 600 598 598 598 597 597 596 596 595 595 594 593 593 592 592 591 590 589 588 587 586 586 585 585 583 583 582
613 614 614 614 614 614 614 614 615 615 615 614 614 614 615 615 615 615 615 615 615 615 615 615 615 615 614 614 614 614 615 615 614 614 614 613 613 613 613 613 613 612 612 612 612 612 611 611 611 611 610 609 609 608 608 607 607 605 605 605 604 604 604 603 603 603 602 602 600 600 599 597 597 596 596 595 595 594 594 593 592 592 591 590 589 588 587 586 586 585 585 584 583 582
613 614 614 614 614 615 615 616 616 616 616 616 615 615 615 615 615 615 616 616 616 616 616 616 616 616 615 615 615 615 615 615 615 614 613 613 613 613 613 613 612 612 612 612 612 611 611 611 611 611 610 609 609 608 608 608 608 607 607 607 605 605 605 604 604 603 603 602 600 600 600 598 598 597 597 596 596 595 594 593 592 591 591 590 589 588 588 586 586 585 585 584 583 583
613 614 615 615 615 616 616 616 616 616 617 617 616 616 616 616 616 616 616 616 616 616 616 616 617 616 616 616 616 616 616 616 617 615 614 614 614 614 614 614 613 613 613 613 613 612 612 612 612 611 611 611 610 609 609 609 608 608 608 608 606 605 605 604 604 603 603 603 602 601 600 600 599 598 598 596 596 595 595 594 593 592 592 591 589 588 588 586 586 585 585 584 583 583
614 614 614 615 616 617 617 617 617 617 617 617 617 616 617 617 617 617 617 617 617 617 617 617 616 616 616 616 616 616 616 616 616 615 614 614 614 615 615 615 614 614 614 614 614 613 613 613 612 611 611 611 610 609 609 609 608 608 608 607 606 606 605 605 605 604 604 604 603 602 601 599 599 598 598 597 597 596 596 595 594 592 592 591 591 589 589 587 587 585 584 584 583 583
615 615 615 615 616 616 616 616 618 618 618 618 618 617 617 617 617 617 617 617 617 618 618 617 617 617 617 617 617 617 617 617 617 616 615 615 615 615 615 614 614 614 614 614 613 613 613 613 613 612 612 612 612 610 610 610 609 608 608 607 607 607 606 606 605 604 604 604 603 602 600 600 599 599 599 598 598 596 596 594 594 593 593 592 592 590 588 587 587 586 585 585 584 582
615 615 616 616 616 617 617 617 617 617 617 618 619 619 618 618 618 618 618 618 618 618 617 617 617 617 617 617 617 617 617 617 618 617 616 616 616 616 616 615 615 615 615 615 614 614 614 614 614 613 613 613 612 610 609 609 608 608 608 607 607 607 606 606 606 605 605 603 603 603 601 601 600 599 599 598 598 596 596 595 595 594 594 592 592 589 589 588 587 587 586 584 583 582
615 616 616 616 616 616 618 618 618 618 618 618 618 618 617 617 617 617 618 619 619 618 618 618 618 618 618 618 618 618 618 618 617 617 617 616 616 616 616 615 615 615 615 615 614 614 614 613 612 612 612 612 611 610 610 610 609 609 609 608 608 608 607 607 606 605 604 603 603 603 601 601 600 600 598 598 598 597 597 595 595 594 593 592 592 591 590 589 587 586 585 585 584 583
616 616 616 616 616 616 616 618 618 618 618 619 619 619 618 618 618 618 618 618 617 617 617 617 617 617 617 617 617 617 617 618 617 617 617 616 616 616 615 615 615 615 615 615 614 614 614 614 613 613 613 613 612 612 610 609 609 609 608 607 607 607 606 606 605 605 605 604 604 604 602 601 600 600 598 598 598 597 597 595 595 594 594 593 593 591 588 588 587 587 586 586 585 582
615 616 616 616 616 617 617 617 617 618 618 618 618 618 618 617 618 618 617 618 618 618 618 618 618 618 618 618 618 618 618 617 617 617 617 617 616 616 615 615 615 615 615 614 614 614 614 614 613 612 612 612 611 611 610 609 609 609 608 608 608 607 607 607 605 605 604 603 603 602 602 601 600 600 598 598 597 597 596 596 595 594 593 592 591 591 589 589 588 586 585 584 584 583
616 616 616 616 616 616 616 616 616 617 617 618 619 619 619 617 617 617 617 617 617 617 617 617 617 617 617 617 617 617 617 616 617 617 617 617 616 616 615 615 615 615 615 614 614 614 614 613 613 613 613 612 612 611 611 609 608 608 607 607 607 606 606 606 605 605 605 604 604 602 602 601 600 600 598 598 597 597 595 595 594 594 593 593 592 590 589 588 587 587 586 585 584 583
615 615 615 615 615 617 617 617 617 617 617 617 617 617 617 617 616 616 616 616 617 617 617 617 617 617 617 618 618 618 617 617 617 617 617 617 616 615 614 614 614 614 614 613 613 613 613 612 612 612 612 611 611 611 611 609 609 609 608 608 607 606 606 606 605 604 604 603 603 602 602 601 599 599 598 598 597 597 596 596 593 593 592 592 591 591 590 588 587 587 585 584 584 582
615 615 616 616 616 616 616 616 616 616 616 616 617 617 617 617 616 616 616 617 617 617 617 617 617 617 617 617 617 616 616 616 616 616 616 616 616 614 615 615 615 615 614 614 614 614 613 611 611 611 611 610 610 610 609 608 608 608 607 607 607 606 606 605 604 604 603 603 603 602 602 601 600 598 597 597 596 596 595 595 594 593 592 592 591 590 589 588 586 592 592 591 591 590
