testData/tiles/oneDegree/grid10.0-8.0-11.0-9.0.asc
ncols   200
nrows   200
xllcorner   10.0
yllcorner   8.0
cellsize   0.005
NODATA_value   -9999.0
[rows 126 to 167 of 200, columns 0 to 93 of 200]
462 461 461 460 460 459 459 457 456 456 455 455 454 453 452 452 451 451 451 450 449 448 447 447 447 447 446 444 444 443 441 440 440 458 457 457 460 463 466 468 470 472 474 477 478 480 481 484 485 487 445 446 449 450 451 451 453 400 401 402 402 403 404 405 407 407 408 409 410 410 411 412 413 415 415 416 416 417 417 418 419 420 420 420 421 422 422 422 423 424 424 424 425 425
462 462 461 461 460 460 459 457 457 456 456 455 463 454 453 452 452 452 451 451 450 449 449 448 448 447 446 446 444 443 442 442 441 460 458 457 459 463 466 467 469 473 475 476 478 479 482 483 485 486 446 447 448 450 451 451 453 399 401 402 402 403 405 406 407 407 408 409 410 411 412 413 414 415 414 415 416 417 418 418 418 419 420 420 421 422 423 423 424 424 425 425 425 426
473 471 471 470 470 469 468 468 466 466 465 464 464 464 463 462 462 461 461 461 460 460 458 457 458 457 457 456 454 453 453 452 441 461 459 458 459 462 465 467 470 472 474 476 479 480 481 483 484 487 488 446 448 449 451 453 398 399 400 401 403 403 405 406 407 408 408 409 411 412 411 412 413 414 415 415 416 417 417 417 419 420 421 421 421 422 423 423 423 424 425 425 425 426
473 472 471 470 470 469 469 468 468 466 465 465 464 464 464 464 462 463 462 461 461 461 460 459 458 457 457 456 455 454 453 452 452 451 470 468 467 470 473 476 470 471 473 476 478 480 480 482 484 486 487 447 447 450 451 452 398 399 401 402 403 404 404 405 406 407 408 409 410 411 412 412 413 414 415 416 416 417 418 419 419 420 420 421 421 422 422 423 423 424 424 425 425 425
473 473 472 471 470 470 469 469 468 467 466 465 466 465 465 465 464 463 462 463 462 461 461 459 458 459 458 457 457 456 454 454 453 451 471 470 468 469 473 475 478 479 482 484 486 488 491 482 484 485 487 489 448 449 450 397 398 399 400 401 403 404 404 405 407 408 409 409 410 411 412 413 413 414 415 416 416 417 418 419 418 419 420 421 422 421 422 423 424 423 424 425 425 425
474 473 473 471 471 470 470 469 468 468 467 467 466 465 466 465 465 465 464 463 462 462 462 461 460 459 458 458 457 456 455 454 453 453 472 471 468 468 472 474 477 480 482 484 485 488 490 492 492 494 496 498 448 449 450 397 398 400 400 401 402 403 405 405 406 407 408 409 409 410 412 413 413 414 415 416 417 417 417 418 419 419 420 420 422 422 423 424 424 424 425 425 426 426
474 474 473 473 471 471 470 469 469 468 468 468 466 467 466 466 466 465 464 463 464 463 462 462 461 460 460 459 458 458 457 455 455 453 452 471 471 469 470 473 477 479 482 483 486 488 489 491 493 494 496 497 499 457 459 406 398 399 400 400 403 404 405 405 406 407 408 409 410 411 412 413 414 414 415 415 416 416 417 419 420 421 420 421 422 423 422 423 424 425 424 425 426 427
474 474 473 473 472 471 470 470 469 469 469 468 468 467 467 467 466 466 466 465 464 463 464 463 462 462 460 459 459 458 457 457 455 454 453 473 471 470 469 473 476 479 481 483 485 487 489 491 493 494 495 497 499 458 404 405 406 408 410 410 411 403 404 405 406 408 409 410 411 411 412 412 413 413 414 415 417 418 418 419 419 420 420 421 422 422 422 423 424 424 424 425 426 426
475 474 474 473 473 472 471 470 470 470 469 470 469 468 468 467 468 467 466 466 465 465 464 463 463 462 461 461 460 459 459 458 457 455 454 453 472 471 469 472 475 478 481 483 484 486 489 491 492 493 495 497 498 458 404 405 406 408 409 410 411 412 413 415 407 407 408 409 410 410 411 412 413 415 415 416 417 417 417 418 419 420 421 420 421 422 423 423 423 424 425 425 425 426
630 504 503 503 502 502 472 471 471 470 470 470 470 470 468 469 468 467 468 467 466 465 464 465 464 463 463 461 460 459 459 458 457 456 455 454 473 472 471 471 474 478 480 482 484 486 488 490 492 493 495 496 498 444 404 405 406 408 409 410 410 411 413 415 416 416 417 418 410 411 412 413 414 415 414 415 416 417 418 418 419 419 420 420 421 423 423 423 424 425 425 425 426 427
630 630 630 629 504 503 502 502 501 501 501 472 472 471 471 470 469 470 469 468 468 466 465 465 464 463 464 463 461 461 460 459 459 458 456 454 474 473 472 472 474 476 479 481 484 486 487 489 492 494 495 496 497 444 404 405 406 407 408 409 412 412 413 414 415 416 416 417 419 420 420 412 413 414 415 415 416 417 418 417 419 420 421 422 421 422 423 424 424 424 425 426 426 426
633 631 632 631 631 630 504 504 503 503 503 502 502 502 502 500 472 471 470 471 470 469 468 466 466 466 465 464 463 462 461 461 460 458 457 456 455 473 473 472 472 475 478 481 484 486 487 489 491 493 495 495 443 444 403 405 405 406 409 410 411 411 412 414 415 416 417 418 419 420 421 421 422 423 415 415 416 417 418 419 419 420 421 421 421 422 423 423 423 424 425 607 607 608
635 635 633 633 632 632 631 632 631 504 504 504 504 504 503 503 502 501 502 472 471 471 471 469 469 467 466 467 466 464 464 463 462 461 460 457 456 476 475 473 473 474 478 480 483 485 488 489 490 492 494 496 442 443 445 404 406 407 408 409 411 412 412 413 415 416 417 417 418 419 420 420 421 423 424 425 425 417 418 419 418 419 420 421 422 422 422 423 606 606 606 607 608 608
637 636 635 634 634 633 634 633 633 633 632 506 505 505 505 505 504 503 503 502 503 502 501 472 471 470 469 468 467 467 465 464 463 463 462 460 458 458 476 475 474 477 478 480 483 486 488 488 490 491 494 441 441 443 444 405 406 407 408 409 410 411 413 414 415 416 417 417 418 419 420 422 422 423 424 425 425 425 426 427 419 419 420 421 603 603 604 606 607 606 607 608 609 608
638 637 637 635 635 635 635 635 635 634 635 633 633 633 507 507 506 506 504 504 504 503 504 503 501 501 471 470 468 469 467 466 466 465 464 462 460 459 478 477 476 476 478 480 484 486 488 489 490 493 494 441 442 442 445 446 405 407 407 408 411 412 413 413 414 415 416 417 417 419 420 421 421 422 423 424 425 425 426 427 428 611 611 603 604 605 605 605 606 607 607 607 608 609
639 639 638 638 636 637 636 637 636 637 636 635 635 634 635 634 508 508 506 506 505 505 505 504 503 503 502 501 501 470 469 468 467 466 465 465 464 461 459 479 478 476 479 481 484 486 488 491 491 493 440 441 442 444 445 446 405 406 407 409 410 411 412 414 414 415 416 418 418 419 420 421 422 422 423 424 425 425 609 609 610 611 611 612 613 604 604 605 606 607 606 607 608 609
640 640 640 639 640 638 639 638 638 638 637 638 636 637 636 635 636 635 509 508 507 507 506 506 506 505 503 503 502 501 501 500 469 468 467 466 465 464 462 481 479 478 480 482 484 486 489 491 492 493 440 443 444 445 445 447 406 407 409 409 409 411 412 413 413 415 416 417 418 419 420 421 422 421 422 606 607 608 608 609 610 611 611 611 612 613 614 614 605 606 607 607 607 608
642 641 641 640 641 640 641 640 641 640 641 640 639 639 638 639 638 637 638 636 509 508 508 508 507 506 506 505 504 503 503 501 499 499 469 468 467 467 464 482 481 481 479 483 483 487 489 491 493 438 441 443 444 445 447 447 449 408 409 411 410 411 412 414 415 415 416 417 418 418 419 420 604 605 605 606 607 608 608 609 609 610 611 611 612 613 613 613 614 615 607 606 607 608
643 643 642 643 643 644 642 643 642 642 642 641 642 641 641 640 639 640 639 638 638 636 509 509 509 508 508 506 505 505 504 503 502 500 499 498 498 468 467 464 483 482 481 482 486 487 489 491 493 440 441 443 445 446 447 448 450 408 410 411 411 412 414 415 415 415 416 416 417 418 602 603 604 605 604 605 606 607 608 608 609 610 611 611 611 613 614 614 615 615 616 617 608 608
644 645 645 645 645 645 645 644 643 644 643 644 643 643 642 641 642 641 640 641 640 638 638 638 510 510 509 507 508 507 506 506 505 503 501 501 500 499 497 468 485 484 482 483 486 487 489 491 439 441 442 443 445 448 448 450 450 410 410 411 414 413 414 415 415 417 417 599 601 602 601 602 603 604 605 605 606 607 608 608 610 610 611 612 612 613 614 614 614 615 616 616 616 617
647 646 647 646 647 646 647 646 646 645 645 645 645 645 644 643 643 642 643 642 641 642 640 639 639 638 511 511 509 508 507 507 506 505 503 502 501 500 500 499 497 485 485 484 485 488 489 492 439 442 442 443 446 448 448 450 450 452 411 413 414 413 414 416 599 599 600 601 601 602 603 603 604 604 605 604 605 607 608 609 609 610 611 612 611 612 613 614 614 615 615 616 616 617
649 649 648 649 648 648 648 648 648 647 647 646 646 646 646 646 644 644 644 643 644 643 641 641 641 640 639 638 511 510 510 509 508 508 507 504 503 503 501 500 499 517 515 485 485 488 490 437 439 442 444 445 446 448 450 450 452 453 412 413 414 416 597 598 600 600 602 602 602 603 604 603 604 605 606 607 606 607 608 609 609 609 610 611 612 612 613 614 614 614 615 616 616 616
650 651 649 650 649 650 649 650 649 648 648 648 648 648 648 647 646 646 645 645 645 644 644 643 642 641 641 641 639 512 511 510 509 509 508 506 505 504 503 502 501 499 517 516 514 488 436 437 439 442 445 446 446 448 450 450 453 453 413 413 597 598 597 599 601 601 602 602 602 603 604 604 606 607 607 607 606 607 608 608 609 609 610 611 612 611 612 613 614 614 614 615 616 616
653 652 652 651 651 651 651 651 651 651 650 650 649 649 649 649 649 647 647 647 646 646 646 645 643 644 643 642 642 640 638 511 512 511 510 509 508 505 504 503 503 502 519 517 517 517 465 437 439 442 445 447 447 448 450 452 453 637 637 596 597 599 600 600 601 601 602 604 603 604 606 606 606 607 607 608 609 608 609 609 610 609 609 610 611 613 613 614 614 615 615 616 617 617
654 654 654 653 653 653 653 653 653 654 653 652 652 652 652 651 650 650 648 648 648 648 647 647 646 645 644 643 644 643 641 640 639 512 511 511 510 508 506 506 504 503 501 520 518 462 464 467 469 442 445 447 448 449 451 635 635 637 637 596 598 600 601 600 601 603 603 604 605 605 606 606 607 607 607 608 609 608 609 609 610 612 611 612 612 613 612 613 614 615 615 615 616 617
655 656 655 655 654 655 655 655 655 655 655 654 653 654 653 653 653 652 651 651 649 649 649 648 648 646 646 646 645 644 644 641 640 639 639 512 511 509 508 507 506 505 504 522 520 463 464 468 469 471 473 447 449 632 633 635 636 637 639 598 598 600 601 601 602 603 604 605 607 606 607 608 608 608 608 609 610 610 611 611 612 613 611 612 612 613 612 613 614 614 615 615 616 616
657 657 657 658 658 657 657 657 657 656 657 656 655 655 654 655 654 654 654 652 652 652 650 650 649 648 648 647 646 645 646 645 642 642 641 640 513 513 511 509 507 507 506 504 466 465 465 467 470 471 473 658 661 632 633 635 637 638 640 640 599 600 602 602 602 604 605 606 607 606 607 608 608 609 608 610 611 611 611 611 612 613 613 613 613 614 613 613 614 614 615 614 615 616
658 659 659 659 659 658 658 658 658 658 658 657 658 656 657 656 655 656 655 653 654 653 652 653 651 650 649 648 648 648 647 646 644 643 642 641 641 640 512 511 509 509 507 506 469 467 466 467 470 653 656 658 660 661 634 635 638 638 640 642 599 600 602 603 604 605 605 606 607 607 608 609 609 611 611 611 612 612 613 613 613 614 613 613 613 614 614 614 615 614 615 614 615 616
661 661 661 661 661 661 660 660 659 660 659 660 659 657 658 657 658 657 656 657 655 654 655 654 653 653 652 650 650 649 648 647 648 646 644 643 643 642 641 512 511 510 509 453 451 469 467 649 651 655 656 658 660 662 663 665 638 639 640 642 600 601 603 604 605 605 606 606 608 608 608 610 610 611 612 611 612 612 613 613 613 614 614 614 614 615 615 615 615 615 617 617 616 616
662 662 662 662 663 662 663 661 662 661 660 661 660 661 659 659 659 658 659 658 657 657 656 655 655 655 654 651 651 651 650 650 649 647 646 645 644 643 642 641 640 512 510 455 454 471 651 650 652 655 655 658 660 662 664 666 667 669 640 642 643 602 603 605 605 606 607 607 608 610 609 610 611 612 613 612 613 613 614 614 614 615 614 615 615 616 617 617 617 616 617 617 617 617
664 664 664 664 664 664 664 662 663 662 663 662 662 662 660 661 660 660 660 659 659 658 657 657 657 656 655 656 653 652 651 651 650 649 648 647 645 644 644 643 641 640 583 457 637 635 652 652 652 654 657 658 660 663 664 666 667 669 669 643 645 602 604 605 605 607 607 607 609 610 611 611 612 612 613 612 613 614 614 615 615 616 616 617 617 617 617 617 617 617 618 618 618 617
665 665 665 666 665 666 665 666 664 664 664 663 664 663 663 662 662 662 661 661 661 660 659 659 658 657 658 657 655 653 653 652 652 651 650 649 648 647 646 645 643 586 767 766 639 637 655 654 653 653 657 657 661 663 665 666 668 669 671 672 674 603 604 605 606 607 609 608 610 611 611 611 612 612 613 613 614 616 616 617 615 616 616 617 618 617 618 618 619 618 618 618 619 618
668 667 667 667 666 667 666 668 666 667 666 666 666 666 666 665 664 664 663 662 662 662 660 660 659 659 659 658 657 657 656 654 653 653 652 650 649 648 647 646 645 771 770 767 766 765 637 655 654 654 656 659 660 663 665 666 668 670 671 672 674 675 604 605 607 608 609 610 610 611 611 612 613 613 614 615 615 616 616 617 617 617 617 618 619 618 618 618 619 618 619 619 619 618
669 669 669 668 670 669 670 669 669 668 668 668 668 667 667 667 666 666 665 665 665 663 663 662 661 661 660 660 659 658 657 656 655 654 653 652 652 651 649 829 774 772 771 769 768 767 766 658 655 655 656 659 660 662 665 666 669 671 672 672 674 676 634 607 608 608 610 610 610 611 612 613 613 614 615 616 616 616 616 617 617 617 618 618 619 618 619 619 620 619 619 619 620 620
671 670 671 670 671 670 671 670 671 670 669 669 669 669 669 668 668 667 666 667 666 665 666 664 662 662 662 661 661 660 658 658 657 656 655 655 653 652 833 831 776 775 772 771 770 769 767 765 657 657 657 659 660 662 665 668 669 671 672 672 674 676 635 636 637 609 610 611 610 612 613 614 615 614 616 617 617 617 617 618 618 619 619 619 620 619 619 619 620 620 620 620 620 620
673 674 673 673 672 673 672 672 672 672 671 671 670 670 670 670 670 668 668 668 667 668 667 666 665 664 663 663 662 662 660 660 659 657 656 656 837 835 834 778 777 776 774 774 771 770 769 767 766 784 658 658 660 662 665 667 669 671 672 672 674 677 635 636 637 638 610 611 611 612 614 614 616 615 616 617 617 617 617 618 619 619 619 619 620 621 621 621 622 621 621 621 622 622
674 675 674 674 673 674 673 674 673 673 673 672 672 672 671 672 671 670 670 669 668 669 668 667 668 666 664 664 664 663 663 661 660 659 659 840 839 837 782 781 779 777 776 775 774 772 770 769 767 785 785 659 660 663 665 667 668 671 672 673 675 677 678 637 637 639 639 612 613 613 614 615 616 615 616 617 617 618 618 619 620 621 621 620 621 621 622 621 622 622 623 622 622 622
676 676 677 676 675 675 675 675 675 675 675 673 674 673 673 673 672 673 671 670 671 670 669 670 669 667 668 666 665 664 664 663 662 661 843 841 840 838 783 782 781 779 779 776 775 773 772 771 770 766 786 786 787 662 664 667 669 670 672 674 675 677 678 637 638 639 639 642 642 613 615 615 616 617 617 618 618 619 618 620 621 621 622 621 622 622 623 622 622 622 623 622 623 623
678 677 678 677 678 676 676 676 676 676 676 676 675 674 675 674 674 674 673 672 672 671 671 671 670 670 669 668 666 666 666 665 663 845 844 843 841 786 784 783 782 781 780 779 777 775 774 773 771 769 787 788 788 789 665 666 669 670 673 675 675 677 678 637 639 640 641 642 643 643 615 615 616 618 617 618 619 620 621 620 621 621 622 621 622 622 623 622 623 623 624 623 623 623
679 679 679 679 679 678 678 678 678 679 678 679 678 677 677 676 676 675 675 675 673 673 673 672 672 672 670 669 669 669 667 666 847 846 846 845 844 788 786 785 784 784 781 780 778 778 776 774 773 771 768 789 789 789 790 666 668 671 673 675 675 677 678 679 640 640 641 642 644 644 644 615 617 618 619 619 619 620 622 621 622 622 623 622 623 623 623 623 623 623 624 624 624 624
680 681 680 681 680 680 680 680 680 680 679 680 679 679 678 678 678 677 677 676 675 674 674 674 673 673 672 671 671 670 669 849 850 848 847 846 791 789 788 786 786 785 783 782 780 779 778 776 774 773 771 770 790 790 789 791 669 671 673 675 677 677 678 681 640 640 641 642 644 644 644 646 617 619 619 620 620 621 622 621 622 622 623 623 623 623 624 624 624 624 625 624 624 624
681 682 682 683 683 683 682 681 682 681 682 681 681 681 680 680 679 679 679 679 678 677 676 675 675 674 674 672 672 671 853 853 851 849 848 793 792 791 789 788 787 786 785 783 783 781 779 777 776 775 774 771 791 791 791 792 794 797 672 674 677 676 679 681 640 641 642 642 644 644 646 647 647 648 620 620 621 621 622 622 622 622 623 623 623 623 624 624 624 624 625 625 626 625
