testData/tiles/oneDegree/grid14.0-22.0-15.0-23.0.asc
ncols   200
nrows   200
xllcorner   14.0
yllcorner   22.0
cellsize   0.005
NODATA_value   -9999.0
[rows 0 to 51 of 200, columns 96 to 191 of 200]
107 107 109 112 115 118 121 124 126 128 130 132 134 136 138 140 141 143 145 146 148 149 150 152 153 155 156 157 158 160 161 162 163 164 165 166 168 169 170 171 172 173 174 175 154 155 155 156 157 158 159 160 161 162 162 163 164 147 148 149 149 150 151 152 152 153 154 155 155 156 157 157 158 159 159 160 161 161 162 163 163 164 165 165 166 166 167 168 168 169 169 170 170 171 172 172
107 107 107 108 111 115 118 120 123 125 128 130 132 134 136 137 139 141 142 144 146 147 149 150 151 153 154 155 157 158 159 160 162 163 164 165 166 167 168 169 170 171 172 173 152 153 154 155 156 157 158 159 160 160 161 162 145 146 147 147 148 149 150 150 151 152 153 153 154 155 156 156 157 158 158 159 160 160 161 162 162 163 164 164 165 165 166 167 167 168 168 169 169 170 171 171
82 107 107 107 107 111 114 117 120 122 125 127 129 131 133 135 137 139 140 142 144 145 147 148 150 151 152 154 155 156 157 159 160 161 162 163 164 166 167 168 169 170 171 172 173 152 153 154 155 156 156 157 158 159 160 143 144 144 145 146 147 148 148 149 150 151 152 152 153 154 154 155 156 157 157 158 159 159 160 161 161 162 162 163 164 164 165 166 166 167 167 168 168 169 170 170
82 82 82 107 107 107 110 113 116 119 122 124 126 129 131 133 135 136 138 140 141 143 145 146 148 149 150 152 153 154 156 157 158 159 161 162 163 164 165 166 167 168 169 170 171 172 151 152 153 154 155 156 157 158 159 142 142 143 144 145 146 146 147 148 149 150 150 151 152 153 153 154 155 155 156 157 157 158 159 159 160 161 161 162 163 163 164 164 165 166 166 167 167 168 169 169
82 82 82 82 107 107 107 109 112 115 118 121 123 126 128 130 132 134 136 138 139 141 143 144 146 147 149 150 151 153 154 155 157 158 159 160 161 162 164 165 166 167 168 169 170 171 172 151 152 153 154 155 156 156 139 140 141 142 143 144 144 145 146 147 148 148 149 150 151 151 152 153 154 154 155 156 156 157 158 158 159 160 160 161 162 162 163 163 164 165 165 166 166 167 168 168
82 82 82 82 82 107 107 107 108 111 115 118 120 123 125 127 129 131 133 135 137 139 140 142 144 145 147 148 149 151 152 154 155 156 157 159 160 161 162 163 164 165 166 167 168 170 171 172 150 151 152 153 154 137 138 139 140 141 142 142 143 144 145 146 146 147 148 149 149 150 151 152 152 153 154 155 155 156 157 157 158 159 159 160 160 161 162 162 163 164 164 165 165 166 167 167
82 82 82 82 82 82 107 107 107 107 110 114 117 119 122 124 127 129 131 133 135 136 138 140 141 143 145 146 148 149 150 152 153 154 156 157 158 159 160 162 163 164 165 166 167 168 169 170 171 150 151 152 135 136 137 138 138 139 140 141 142 143 144 144 145 146 147 147 148 149 150 150 151 152 153 153 154 155 155 156 157 157 158 159 159 160 161 161 162 163 163 164 164 165 166 166
82 82 82 82 82 82 82 82 107 107 107 109 113 116 119 121 124 126 128 130 132 134 136 138 139 141 143 144 146 147 148 150 151 153 154 155 156 158 159 160 161 162 163 164 165 167 168 169 170 149 150 151 133 134 135 136 137 138 139 140 141 141 142 143 144 145 145 146 147 148 149 149 150 151 151 152 153 154 154 155 156 156 157 158 158 159 160 160 161 161 162 163 163 164 164 165
82 82 82 82 82 82 82 82 82 107 107 107 108 112 115 118 120 123 125 127 129 131 133 135 137 139 140 142 143 145 146 148 149 151 152 153 155 156 157 158 159 161 162 163 164 165 166 167 168 169 148 131 132 133 134 135 136 137 138 138 139 140 141 142 143 143 144 145 146 147 147 148 149 150 150 151 152 152 153 154 155 155 156 157 157 158 158 159 160 160 161 162 162 163 163 164
82 82 82 82 82 82 82 82 82 82 107 107 107 107 111 114 117 120 122 124 127 129 131 133 135 136 138 140 141 143 144 146 147 149 150 151 153 154 155 157 158 159 160 161 162 163 164 166 167 168 151 130 131 132 132 133 134 135 136 137 138 139 140 140 141 142 143 144 145 145 146 147 148 148 149 150 151 151 152 153 153 154 155 155 156 157 157 158 159 159 160 160 161 162 162 163
82 82 82 82 82 82 82 82 82 82 82 82 107 107 107 110 113 116 119 121 124 126 128 130 132 134 136 137 139 141 142 144 145 147 148 150 151 152 153 155 156 157 158 160 161 162 163 164 165 148 149 128 129 130 131 132 133 134 135 136 137 137 138 139 140 141 142 142 143 144 145 146 146 147 148 149 149 150 151 151 152 153 154 154 155 156 156 157 158 158 159 159 160 161 161 162
82 82 82 82 82 82 82 82 82 82 82 82 82 107 107 107 109 112 115 118 120 123 125 127 129 131 133 135 137 138 140 142 143 145 146 148 149 150 152 153 154 155 157 158 159 160 161 162 163 146 148 149 128 129 130 131 131 132 133 134 135 136 137 138 139 139 140 141 142 143 144 144 145 146 147 147 148 149 150 150 151 152 152 153 154 154 155 156 156 157 158 158 159 160 160 161
82 82 82 82 82 82 82 82 82 82 82 82 82 82 107 107 107 107 111 114 117 120 122 124 127 129 131 133 134 136 138 139 141 143 144 146 147 148 150 151 152 154 155 156 157 158 160 161 144 145 146 147 148 127 128 129 130 131 132 133 134 135 136 136 137 138 139 140 141 141 142 143 144 145 145 146 147 148 148 149 150 150 151 152 153 153 154 155 155 156 157 157 158 158 159 160
82 82 82 82 82 82 82 82 82 82 82 82 82 82 82 107 107 107 107 110 113 116 119 121 123 126 128 130 132 134 135 137 139 140 142 143 145 146 148 149 150 152 153 154 155 157 158 141 142 143 144 145 146 125 127 128 128 129 130 131 132 133 134 135 136 137 138 138 139 140 141 142 143 143 144 145 146 146 147 148 149 149 150 151 151 152 153 153 154 155 155 156 157 157 158 158
82 82 82 82 82 82 82 82 82 82 82 82 82 82 82 82 82 107 107 107 108 112 115 118 120 123 125 127 129 131 133 135 136 138 140 141 143 144 146 147 148 150 151 152 154 155 138 139 140 142 143 144 145 146 125 126 127 128 129 130 131 132 133 134 134 135 136 137 138 139 140 140 141 142 143 144 144 145 146 147 147 148 149 149 150 151 152 152 153 154 154 155 155 156 157 157
82 82 82 82 82 82 82 82 82 82 82 82 82 82 82 82 82 82 107 107 107 107 111 114 117 119 122 124 126 128 130 132 134 136 137 139 141 142 144 145 146 148 149 151 152 153 136 137 139 140 141 142 143 144 123 124 125 126 127 128 129 130 131 132 133 134 135 136 137 137 138 139 140 141 141 142 143 144 145 145 146 147 147 148 149 150 150 151 152 152 153 154 154 155 156 156
82 82 82 82 82 82 82 82 82 82 82 82 82 82 82 82 82 82 82 82 107 107 107 109 113 116 118 121 123 125 127 129 131 133 135 137 138 140 141 143 144 146 147 149 150 133 134 136 137 138 139 140 141 143 144 123 124 125 126 127 128 129 130 131 132 132 133 134 135 136 137 138 138 139 140 141 142 142 143 144 145 145 146 147 148 148 149 150 150 151 152 152 153 154 154 155
82 82 82 82 82 82 82 82 82 82 82 82 82 82 82 82 82 82 82 82 82 107 107 107 108 111 114 117 120 122 124 127 129 130 132 134 136 138 139 141 142 144 145 147 130 131 133 134 135 136 137 139 140 141 142 143 122 123 124 125 126 127 128 129 130 131 132 133 134 135 135 136 137 138 139 140 140 141 142 143 143 144 145 146 146 147 148 149 149 150 151 151 152 153 153 154
82 82 82 82 82 82 82 82 82 82 82 82 82 82 82 82 82 82 82 82 82 82 107 107 107 107 110 113 116 119 121 123 126 128 130 132 133 135 137 138 140 141 143 126 128 129 131 132 133 134 136 137 138 139 140 141 120 122 123 124 125 126 127 128 129 129 130 131 132 133 134 135 136 137 137 138 139 140 141 141 142 143 144 144 145 146 147 147 148 149 149 150 151 151 152 153
82 82 82 82 82 82 82 82 82 82 82 82 82 82 82 82 82 82 82 82 82 82 82 82 107 107 107 109 112 115 118 120 122 125 127 129 131 133 134 136 138 139 123 124 126 127 128 130 131 132 134 135 136 137 138 140 141 120 121 122 123 124 125 126 127 128 129 130 131 132 132 133 134 135 136 137 138 138 139 140 141 142 142 143 144 145 145 146 147 147 148 149 149 150 151 151
82 82 82 82 82 82 82 82 82 82 82 82 82 82 82 82 82 82 82 82 82 82 82 82 82 107 107 107 107 111 114 116 119 121 124 126 128 130 132 133 135 137 120 122 123 125 126 128 129 130 132 133 134 135 137 138 139 118 119 120 121 122 123 124 125 126 127 128 129 130 131 132 133 134 134 135 136 137 138 139 139 140 141 142 142 143 144 145 145 146 147 147 148 149 150 150
82 82 82 82 82 82 82 82 82 82 82 82 82 82 82 82 82 82 82 82 82 82 82 82 82 82 82 107 107 107 109 112 115 118 120 123 125 127 129 131 133 116 118 120 121 123 124 126 127 128 130 131 132 134 135 136 137 138 117 118 120 121 122 123 124 125 126 127 128 129 129 130 131 132 133 134 135 136 136 137 138 139 140 140 141 142 143 143 144 145 145 146 147 148 148 149
82 82 82 82 82 82 82 82 82 82 82 82 82 82 82 82 82 82 82 82 82 82 82 82 82 82 82 82 107 107 107 107 111 114 117 119 122 124 126 128 112 114 115 117 119 120 122 123 125 126 128 129 130 132 133 134 135 136 116 117 118 119 120 121 122 123 124 125 126 127 128 129 130 131 132 132 133 134 135 136 137 137 138 139 140 140 141 142 143 143 144 145 146 146 147 148
82 82 82 82 82 82 82 82 82 82 82 82 82 82 82 82 82 82 82 82 82 82 82 82 82 82 82 82 82 107 107 107 107 109 112 115 118 120 123 107 109 111 113 115 116 118 120 121 123 124 125 127 128 130 131 132 133 135 136 115 116 117 118 119 120 121 122 123 124 125 126 127 128 129 130 131 132 133 133 134 135 136 137 138 138 139 140 141 141 142 143 144 144 145 146 146
83 83 82 82 82 82 82 82 82 82 82 82 82 82 82 82 82 82 82 82 82 82 82 82 82 82 82 82 82 82 82 107 107 107 108 111 114 117 101 104 106 108 110 112 114 115 117 119 120 122 123 125 126 127 129 130 131 133 134 113 114 115 116 118 119 120 121 122 123 124 125 126 127 128 128 129 130 131 132 133 134 134 135 136 137 138 138 139 140 141 141 142 143 144 144 145
83 83 83 82 82 82 82 82 82 82 82 82 82 82 82 82 82 82 82 82 82 82 82 82 82 82 82 82 82 82 82 82 107 107 107 107 109 95 97 100 102 105 107 109 111 113 114 116 118 119 121 122 124 125 127 128 129 131 132 111 112 113 115 116 117 118 119 120 121 122 123 124 125 126 127 128 129 130 130 131 132 133 134 135 135 136 137 138 139 139 140 141 142 142 143 144
84 83 83 83 82 82 82 82 82 82 82 82 82 82 82 82 82 82 82 82 82 82 82 82 82 82 82 82 82 82 82 82 82 82 107 107 89 90 93 96 99 101 103 106 108 110 112 113 115 117 118 120 121 123 124 126 127 128 130 131 110 111 113 114 115 116 117 118 119 120 121 122 123 124 125 126 127 128 129 130 131 131 132 133 134 135 136 136 137 138 139 139 140 141 142 142
84 84 83 83 83 83 82 82 82 82 82 82 82 82 82 82 82 82 82 82 82 82 82 82 82 82 82 82 82 82 82 82 82 82 82 89 89 89 89 91 94 97 100 102 104 107 109 111 112 114 116 117 119 121 122 124 125 126 128 129 108 109 111 112 113 114 115 116 117 119 120 121 122 123 124 124 125 126 127 128 129 130 131 132 132 133 134 135 136 136 137 138 139 140 140 141
85 84 84 84 83 83 83 82 82 82 82 82 82 82 82 82 82 82 82 82 82 82 82 82 82 82 82 82 82 82 82 82 82 82 82 64 64 89 89 89 90 93 96 98 101 103 105 108 109 111 113 115 117 118 120 121 123 124 125 127 128 107 109 110 111 112 113 115 116 117 118 119 120 121 122 123 124 125 126 127 127 128 129 130 131 132 133 133 134 135 136 137 137 138 139 140
85 85 84 84 84 83 83 83 82 82 82 82 82 82 82 82 82 82 82 82 82 82 82 82 82 82 82 82 82 82 82 82 82 82 64 64 64 64 89 89 89 89 91 94 97 100 102 104 106 108 110 112 114 116 117 119 120 122 123 125 126 105 107 108 109 110 111 113 114 115 116 117 118 119 120 121 122 123 124 125 126 127 128 128 129 130 131 132 133 134 134 135 136 137 137 138
85 85 85 84 84 84 83 83 83 82 82 82 82 82 82 82 82 82 82 82 82 82 82 82 82 82 82 82 82 82 82 82 82 64 64 64 64 64 64 64 89 89 89 89 93 96 98 101 103 105 107 109 111 113 114 116 118 119 121 122 124 103 104 106 107 108 109 111 112 113 114 115 116 117 118 119 120 121 122 123 124 125 126 127 128 129 129 130 131 132 133 134 134 135 136 137
86 85 85 85 84 84 84 83 83 83 82 82 82 82 82 82 82 82 82 82 82 82 82 82 82 82 82 82 82 82 82 82 64 64 64 64 64 64 64 64 64 89 89 89 89 91 94 97 99 102 104 106 108 110 112 113 115 117 118 120 121 123 102 103 105 106 107 109 110 111 112 113 114 115 116 117 119 120 121 121 122 123 124 125 126 127 128 129 130 130 131 132 133 134 134 135
86 86 85 85 85 84 84 84 83 83 82 82 82 82 82 82 82 82 82 82 82 82 82 82 82 82 82 82 82 82 82 64 64 64 64 64 64 64 64 64 64 64 64 89 89 89 89 92 95 98 100 102 105 107 109 111 112 114 116 117 119 120 100 101 102 104 105 106 108 109 110 111 112 113 115 116 117 118 119 120 121 122 123 124 124 125 126 127 128 129 130 130 131 132 133 134
86 86 86 85 85 85 84 84 84 83 83 82 82 82 82 82 82 82 82 82 82 82 82 82 82 82 82 82 82 82 64 64 64 64 64 64 64 64 64 64 64 64 64 64 89 89 89 89 90 93 96 99 101 103 105 107 109 111 113 115 116 118 97 99 100 102 103 104 105 107 108 109 110 111 113 114 115 116 117 118 119 120 121 122 123 124 125 125 126 127 128 129 130 131 131 132
87 86 86 86 85 85 85 84 84 83 83 83 82 82 82 82 82 82 82 82 82 82 82 82 82 82 82 82 82 64 64 64 64 64 64 64 64 64 64 64 64 64 64 64 64 64 89 89 89 89 91 94 97 100 102 104 106 108 110 112 113 115 117 96 98 99 101 102 103 105 106 107 108 109 111 112 113 114 115 116 117 118 119 120 121 122 123 124 125 126 126 127 128 129 130 131
87 87 86 86 86 85 85 85 84 84 83 83 83 82 82 82 82 82 82 82 82 82 82 82 82 82 82 82 64 64 64 64 64 64 64 64 64 64 64 64 64 64 64 64 64 64 64 64 89 89 89 89 93 95 98 100 103 105 107 109 111 112 114 94 95 97 98 100 101 102 104 105 106 107 108 110 111 112 113 114 115 116 117 118 119 120 121 122 123 124 125 126 126 127 128 129
88 87 87 86 86 86 85 85 85 84 84 83 83 82 82 82 82 82 82 82 82 82 82 82 82 82 82 64 64 64 64 64 64 64 64 64 64 64 64 64 64 64 64 64 64 64 64 64 64 89 89 89 89 91 94 96 99 101 103 105 107 109 111 91 92 94 96 97 98 100 101 103 104 105 106 108 109 110 111 112 113 114 115 116 117 118 119 120 121 122 123 124 125 126 126 142
88 88 87 87 86 86 86 85 85 84 84 84 83 83 82 82 82 82 82 82 82 82 82 82 82 82 64 64 64 64 64 64 64 64 64 64 64 64 64 64 64 64 64 64 64 64 64 64 64 64 64 89 89 89 89 92 95 97 100 102 104 106 108 110 90 91 93 94 96 97 99 100 102 103 104 105 107 108 109 110 111 112 113 114 115 116 117 118 119 120 121 122 123 124 140 141
88 88 87 87 87 86 86 85 85 85 84 84 83 83 83 82 82 82 82 82 82 82 82 82 82 64 64 64 64 64 64 64 64 64 64 64 64 64 64 64 64 64 64 64 64 64 64 64 64 64 64 64 64 89 89 89 90 93 95 98 100 103 105 107 86 88 90 92 93 95 96 98 99 100 102 103 104 106 107 108 109 110 111 112 113 114 116 117 118 118 119 120 121 137 138 139
89 88 88 87 87 87 86 86 85 85 85 84 84 83 83 82 82 82 82 82 82 82 82 82 64 64 64 64 64 64 64 64 64 64 64 64 64 64 64 64 64 64 64 64 64 64 64 64 64 64 64 64 64 64 89 89 89 89 91 94 96 99 101 103 83 85 87 89 90 92 94 95 97 98 99 101 102 103 105 106 107 108 109 110 111 113 114 115 116 117 118 119 134 135 136 137
89 88 88 88 87 87 86 86 86 85 85 84 84 83 83 83 82 82 82 82 82 82 82 64 64 64 64 64 64 64 64 64 64 64 64 64 64 64 64 64 64 64 64 64 64 64 64 64 64 64 64 64 64 64 64 64 89 89 89 89 91 94 97 99 80 82 84 86 87 89 91 92 94 95 97 98 100 101 102 103 105 106 107 108 109 110 112 113 114 115 116 132 133 134 134 135
89 89 88 88 88 87 87 86 86 85 85 85 84 84 83 83 82 82 82 82 82 82 64 64 64 64 64 64 64 64 64 64 64 64 64 64 64 64 64 64 64 64 64 64 64 64 64 64 64 64 64 64 64 64 64 64 64 64 89 89 89 89 92 95 76 78 80 82 84 86 88 89 91 93 94 96 97 98 100 101 102 104 105 106 107 108 109 111 112 113 129 130 131 132 133 134
90 89 89 88 88 87 87 87 86 86 85 85 84 84 83 83 83 82 82 82 82 64 64 64 64 64 64 64 64 64 64 64 64 64 64 64 64 64 64 64 64 64 64 64 64 64 64 64 64 64 64 64 64 64 64 64 64 64 64 89 89 89 89 90 93 74 76 78 81 83 84 86 88 90 91 93 94 96 97 99 100 101 103 104 105 106 107 108 110 126 127 128 129 130 131 132
90 89 89 89 88 88 87 87 86 86 85 85 85 84 84 83 83 82 82 82 64 64 64 64 64 64 64 64 64 64 64 64 64 64 64 64 64 64 64 64 64 64 64 64 64 64 64 64 64 64 64 64 64 64 64 64 64 64 64 64 64 89 89 89 89 69 72 74 77 79 81 83 85 87 88 90 92 93 95 96 97 99 100 101 103 104 105 106 122 123 125 126 127 128 129 130
90 90 89 89 88 88 88 87 87 86 86 85 85 84 84 83 83 82 82 64 64 64 64 64 64 64 64 64 64 64 64 64 64 64 64 64 64 64 64 64 64 64 64 64 64 64 64 64 64 64 64 64 64 64 64 64 64 64 64 64 64 64 64 89 89 67 67 69 72 75 77 79 81 83 85 87 89 90 92 93 95 96 98 99 100 101 103 119 120 121 122 123 125 126 127 128
90 90 89 89 89 88 88 87 87 86 86 85 85 85 84 84 83 83 64 64 64 64 64 64 64 64 64 64 64 64 64 64 64 64 64 64 64 64 64 64 64 64 64 64 64 64 64 64 64 64 64 64 64 64 64 64 64 64 64 64 64 64 64 64 64 67 67 67 67 70 73 75 77 80 82 84 85 87 89 90 92 93 95 96 98 99 115 117 118 119 120 121 122 123 125 126
91 90 90 89 89 88 88 87 87 87 86 86 85 85 84 84 83 65 64 64 64 64 64 64 64 64 64 64 64 64 64 64 64 64 64 64 64 64 64 64 64 64 64 64 64 64 64 64 64 64 64 64 64 64 64 64 64 64 64 64 64 64 64 64 64 42 67 67 67 67 68 71 73 76 78 80 82 84 86 87 89 91 92 94 95 111 113 114 115 117 118 119 120 121 122 123
91 90 90 90 89 89 88 88 87 87 86 86 85 85 84 84 65 65 65 64 64 64 64 64 64 64 64 64 64 64 64 64 64 64 64 64 64 64 64 64 64 64 64 64 64 64 64 64 64 64 64 64 64 64 64 64 64 64 64 64 64 64 64 64 64 64 42 42 67 67 67 67 68 71 74 76 78 80 82 84 86 87 89 91 107 109 110 111 113 114 115 117 118 119 120 121
91 91 90 90 89 89 88 88 87 87 86 86 86 85 85 66 66 65 65 64 64 64 64 64 64 64 64 64 64 64 64 64 64 64 64 64 64 64 64 64 64 64 64 64 64 64 64 64 64 64 64 64 64 64 64 64 64 64 64 64 64 64 64 64 64 64 42 42 42 42 67 67 67 67 69 71 74 76 78 80 82 84 86 103 104 106 107 109 110 111 113 114 115 117 118 119
91 91 90 90 89 89 89 88 88 87 87 86 86 67 67 66 66 65 65 64 64 64 64 64 64 64 64 64 64 64 64 64 64 64 64 64 64 64 64 64 64 64 64 64 64 64 64 64 64 64 64 64 64 64 64 64 64 64 64 64 64 64 64 64 64 64 42 42 42 42 42 42 67 67 67 67 69 72 74 76 79 81 97 99 101 103 104 106 107 109 110 111 113 114 115 117
92 91 91 90 90 89 89 88 88 87 87 86 68 67 67 66 66 65 65 64 64 64 64 64 64 64 64 64 64 64 64 64 64 64 64 64 64 64 64 64 64 64 64 64 64 64 64 64 64 64 64 64 64 64 64 64 64 64 64 64 64 64 64 64 64 64 42 42 42 42 42 42 42 42 67 67 67 67 69 72 74 92 94 96 98 99 101 103 104 106 107 109 110 111 113 114
92 91 91 90 90 89 89 88 88 87 87 68 68 67 67 66 66 66 65 65 64 64 64 64 64 64 64 64 64 64 64 64 64 64 64 64 64 64 64 64 64 64 64 64 64 64 64 64 64 64 64 64 64 64 64 64 64 64 64 64 64 64 64 64 64 64 42 42 42 42 42 42 42 42 42 67 67 67 67 67 84 87 89 92 94 96 98 99 101 103 104 106 107 109 110 111
