testData/tiles/oneDegree/grid1.0-42.0-2.0-43.0.asc
ncols   200
nrows   200
xllcorner   1.0
yllcorner   42.0
cellsize   0.005
NODATA_value   -9999.0
[rows 84 to 125 of 200, columns 94 to 187 of 200]
186 186 186 186 186 186 186 186 186 186 186 186 186 190 190 190 190 190 190 190 190 190 190 190 190 190 190 190 190 190 191 191 191 191 191 191 191 191 192 192 192 482 482 482 482 482 482 482 766 766 766 766 766 766 766 766 766 766 766 766 767 767 767 767 767 767 767 767 767 767 767 767 767 767 768 768 768 768 768 768 768 768 768 768 768 768 768 768 768 770 770 771 771 771
186 186 186 186 186 186 186 186 186 186 186 186 190 190 190 190 190 190 190 190 190 190 190 190 190 190 190 190 190 191 191 191 191 191 191 191 191 192 192 192 192 192 482 482 482 482 483 483 483 483 766 766 766 766 766 766 766 766 767 767 767 767 767 767 767 767 767 767 767 767 767 767 768 768 768 768 768 768 768 768 768 768 768 768 768 768 768 768 768 771 771 771 771 771
186 186 186 186 186 186 186 186 186 186 190 190 190 190 190 190 190 190 190 190 190 190 190 190 190 190 190 191 191 191 191 191 191 191 191 192 192 192 192 192 192 192 192 482 482 483 483 483 483 483 483 483 766 766 766 766 767 767 767 767 767 767 767 767 767 767 767 767 767 767 768 768 768 768 768 768 768 768 768 768 768 768 768 768 768 768 768 769 769 771 771 771 771 771
186 186 186 186 186 186 186 186 186 190 190 190 190 190 190 190 190 190 190 190 190 190 190 190 190 190 191 191 191 191 191 191 191 192 192 192 192 192 192 192 192 192 192 193 193 483 483 483 483 483 483 483 483 483 484 767 767 767 767 767 767 767 767 767 767 767 767 767 768 768 768 768 768 768 768 768 768 768 768 768 768 768 768 768 768 769 769 769 769 771 771 771 771 771
186 186 186 186 186 186 186 190 190 190 190 190 190 190 190 190 190 190 190 190 190 190 190 190 191 191 191 191 191 191 191 191 192 192 192 192 192 192 192 192 192 193 193 193 193 193 483 483 483 483 483 483 483 484 484 484 484 767 767 767 767 767 767 767 767 767 768 768 768 768 768 768 768 768 768 768 768 768 768 768 768 768 768 769 769 769 769 769 771 771 771 771 771 771
186 186 186 186 186 186 190 190 190 190 190 190 190 190 190 190 190 190 190 190 190 190 190 191 191 191 191 191 191 191 192 192 192 192 192 192 192 192 192 192 193 193 193 193 193 193 193 193 483 483 483 484 484 484 484 484 484 484 484 484 767 767 767 767 768 768 768 768 768 768 768 768 768 768 768 768 768 768 768 768 768 769 769 769 769 769 769 769 771 771 771 771 771 771
186 186 186 186 190 190 190 190 190 190 190 190 190 190 190 190 190 190 190 190 190 191 191 191 191 191 191 191 191 192 192 192 192 192 192 192 192 192 193 193 193 193 193 193 193 193 193 193 193 484 484 484 484 484 484 484 484 484 484 484 484 484 484 768 768 768 768 768 768 768 768 768 768 768 768 768 768 768 768 769 769 769 769 769 769 769 769 769 771 771 771 771 771 771
186 186 186 190 190 190 190 190 190 190 190 190 190 190 190 190 190 190 190 191 191 191 191 191 191 191 191 192 192 192 192 192 192 192 192 192 193 193 193 193 193 193 193 193 193 193 193 194 194 194 194 484 484 484 484 484 484 484 484 484 484 485 485 485 485 485 768 768 768 768 768 768 768 768 768 768 768 769 769 769 769 769 769 769 769 769 769 769 771 771 771 771 771 771
186 186 190 190 190 190 190 190 190 190 190 190 190 190 190 190 190 190 191 191 191 191 191 191 191 191 192 192 192 192 192 192 192 192 192 193 193 193 193 193 193 193 193 193 193 193 194 194 194 194 194 194 484 484 484 484 484 484 484 485 485 485 485 485 485 485 485 485 485 768 768 768 768 768 768 769 769 769 769 769 769 769 769 769 769 769 769 769 771 771 771 771 771 771
190 190 190 190 190 190 190 190 190 190 190 190 190 190 190 190 190 191 191 191 191 191 191 191 192 192 192 192 192 192 192 192 192 193 193 193 193 193 193 193 193 193 193 193 194 194 194 194 194 194 194 194 194 484 484 484 484 485 485 485 485 485 485 485 485 485 485 485 485 485 485 485 485 769 769 769 769 769 769 769 769 769 769 769 769 769 769 769 771 771 771 771 772 772
190 190 190 190 190 190 190 190 190 190 190 190 190 190 190 191 191 191 191 191 191 191 192 192 192 192 192 192 192 192 192 192 193 193 193 193 193 193 193 193 193 193 194 194 194 194 194 194 194 194 194 194 194 194 194 484 485 485 485 485 485 485 485 485 485 485 485 485 485 485 485 486 486 486 486 486 769 769 769 769 769 769 769 769 769 769 769 769 771 771 772 772 772 772
190 190 190 190 190 190 190 190 190 190 190 190 190 190 191 191 191 191 191 191 191 192 192 192 192 192 192 192 192 192 193 193 193 193 193 193 193 193 193 193 193 194 194 194 194 194 194 194 194 194 194 194 194 194 195 195 485 485 485 485 485 485 485 485 485 485 485 485 485 486 486 486 486 486 486 486 486 486 486 486 769 769 769 769 769 769 769 771 772 772 772 772 772 772
190 190 190 190 190 190 190 190 190 190 190 190 191 191 191 191 191 191 191 192 192 192 192 192 192 192 192 192 193 193 193 193 193 193 193 193 193 193 193 194 194 194 194 194 194 194 194 194 194 194 194 194 195 195 195 195 195 195 485 485 485 485 485 485 485 485 485 486 486 486 486 486 486 486 486 486 486 486 486 486 486 486 486 486 769 769 770 772 772 772 772 772 772 772
190 190 190 190 190 190 190 190 190 190 190 191 191 191 191 191 191 191 192 192 192 192 192 192 192 192 192 193 193 193 193 193 193 193 193 193 193 193 194 194 194 194 194 194 194 194 194 194 194 194 195 195 195 195 195 195 195 195 195 485 485 485 485 485 485 485 486 486 486 486 486 486 486 486 486 486 486 486 486 486 486 486 486 486 487 487 487 489 489 772 772 772 772 772
190 190 190 190 190 190 190 190 190 191 191 191 191 191 191 191 191 192 192 192 192 192 192 192 192 193 193 193 193 193 193 193 193 193 193 193 194 194 194 194 194 194 194 194 194 194 194 194 194 195 195 195 195 195 195 195 195 195 195 195 195 485 485 485 486 486 486 486 486 486 486 486 486 486 486 486 486 486 486 486 486 486 487 487 487 487 487 489 489 489 489 489 489 489
190 190 190 190 190 190 190 190 191 191 191 191 191 191 191 192 192 192 192 192 192 192 192 192 193 193 193 193 193 193 193 193 193 193 193 194 194 194 194 194 194 194 194 194 194 194 194 195 195 195 195 195 195 195 195 195 195 195 195 195 195 195 486 486 486 486 486 486 486 486 486 486 486 486 486 486 486 486 486 486 487 487 487 487 487 487 487 489 489 489 489 489 489 489
190 190 190 190 190 190 191 191 191 191 191 191 191 191 192 192 192 192 192 192 192 192 193 193 193 193 193 193 193 193 193 193 193 194 194 194 194 194 194 194 194 194 194 194 194 195 195 195 195 195 195 195 195 195 195 195 195 195 195 195 196 196 196 196 486 486 486 486 486 486 486 486 486 486 486 486 486 486 487 487 487 487 487 487 487 487 487 489 489 489 489 489 489 489
190 190 190 190 190 191 191 191 191 191 191 191 192 192 192 192 192 192 192 192 192 193 193 193 193 193 193 193 193 193 193 194 194 194 194 194 194 194 194 194 194 194 194 194 195 195 195 195 195 195 195 195 195 195 195 195 195 195 195 196 196 196 196 196 196 196 486 486 486 486 486 486 486 486 486 486 487 487 487 487 487 487 487 487 487 487 487 489 489 489 489 489 489 489
190 190 190 190 191 191 191 191 191 191 191 192 192 192 192 192 192 192 192 192 193 193 193 193 193 193 193 193 193 193 194 194 194 194 194 194 194 194 194 194 194 194 195 195 195 195 195 195 195 195 195 195 195 195 195 195 195 196 196 196 196 196 196 196 196 196 196 486 486 486 486 486 486 486 487 487 487 487 487 487 487 487 487 487 487 487 487 489 489 489 489 489 489 489
190 190 191 191 191 191 191 191 191 192 192 192 192 192 192 192 192 192 193 193 193 193 193 193 193 193 193 193 194 194 194 194 194 194 194 194 194 194 194 194 194 195 195 195 195 195 195 195 195 195 195 195 195 195 195 196 196 196 196 196 196 196 196 196 196 196 196 196 196 486 486 486 487 487 487 487 487 487 487 487 487 487 487 487 487 487 489 489 489 489 489 489 489 490
190 191 191 191 191 191 191 191 192 192 192 192 192 192 192 192 192 193 193 193 193 193 193 193 193 193 193 194 194 194 194 194 194 194 194 194 194 194 194 195 195 195 195 195 195 195 195 195 195 195 195 195 195 196 196 196 196 196 196 196 196 196 196 196 196 196 196 196 196 196 487 487 487 487 487 487 487 487 487 487 487 487 487 487 487 487 489 489 489 489 489 490 490 490
191 191 191 191 191 191 191 192 192 192 192 192 192 192 192 193 193 193 193 193 193 193 193 193 193 194 194 194 194 194 194 194 194 194 194 194 194 194 195 195 195 195 195 195 195 195 195 195 195 195 195 195 196 196 196 196 196 196 196 196 196 196 196 196 196 196 196 196 196 197 197 197 487 487 487 487 487 487 487 487 487 487 487 487 487 487 489 489 489 490 490 490 490 490
191 191 191 191 191 192 192 192 192 192 192 192 192 192 193 193 193 193 193 193 193 193 193 193 194 194 194 194 194 194 194 194 194 194 194 194 195 195 195 195 195 195 195 195 195 195 195 195 195 195 196 196 196 196 196 196 196 196 196 196 196 196 196 196 196 196 196 197 197 197 197 197 197 197 487 487 487 487 487 487 487 487 487 487 487 487 489 490 490 490 490 490 490 490
191 191 191 191 192 192 192 192 192 192 192 192 193 193 193 193 193 193 193 193 193 193 194 194 194 194 194 194 194 194 194 194 194 194 195 195 195 195 195 195 195 195 195 195 195 195 195 195 195 196 196 196 196 196 196 196 196 196 196 196 196 196 196 196 196 197 197 197 197 197 197 197 197 197 197 487 487 487 487 487 487 487 487 487 487 488 490 490 490 490 490 490 490 490
191 191 191 192 192 192 192 192 192 192 192 193 193 193 193 193 193 193 193 193 193 194 194 194 194 194 194 194 194 194 194 194 194 195 195 195 195 195 195 195 195 195 195 195 195 195 195 196 196 196 196 196 196 196 196 196 196 196 196 196 196 196 196 197 197 197 197 197 197 197 197 197 197 197 197 197 197 487 487 487 487 487 487 488 488 488 490 490 490 490 490 490 490 490
191 192 192 192 192 192 192 192 192 192 193 193 193 193 193 193 193 193 193 193 194 194 194 194 194 194 194 194 194 194 194 195 195 195 195 195 195 195 195 195 195 195 195 195 195 196 196 196 196 196 196 196 196 196 196 196 196 196 196 196 196 196 197 197 197 197 197 197 197 197 197 197 197 197 197 197 197 197 197 487 487 488 488 488 488 488 490 490 490 490 490 490 490 490
192 192 192 192 192 192 192 192 193 193 193 193 193 193 193 193 193 193 194 194 194 194 194 194 194 194 194 194 194 194 195 195 195 195 195 195 195 195 195 195 195 195 195 195 196 196 196 196 196 196 196 196 196 196 196 196 196 196 196 196 197 197 197 197 197 197 197 197 197 197 197 197 197 197 197 197 197 197 197 198 488 488 488 488 488 488 490 490 490 490 490 490 490 490
192 192 192 192 192 192 192 193 193 193 193 193 193 193 193 193 193 194 194 194 194 194 194 194 194 194 194 194 195 195 195 195 195 195 195 195 195 195 195 195 195 195 196 196 196 196 196 196 196 196 196 196 196 196 196 196 196 196 197 197 197 197 197 197 197 197 197 197 197 197 197 197 197 197 197 197 197 197 198 198 198 198 488 488 488 488 490 490 490 490 490 490 490 490
192 192 192 192 192 192 193 193 193 193 193 193 193 193 193 194 194 194 194 194 194 194 194 194 194 194 194 195 195 195 195 195 195 195 195 195 195 195 195 195 195 196 196 196 196 196 196 196 196 196 196 196 196 196 196 196 196 197 197 197 197 197 197 197 197 197 197 197 197 197 197 197 197 197 197 197 198 198 198 198 198 198 198 198 488 488 490 490 490 490 490 490 490 490
192 192 192 192 193 193 193 193 193 193 193 193 193 193 194 194 194 194 194 194 194 194 194 194 194 194 195 195 195 195 195 195 195 195 195 195 195 195 195 196 196 196 196 196 196 196 196 196 196 196 196 196 196 196 196 197 197 197 197 197 197 197 197 197 197 197 197 197 197 197 197 197 197 197 198 198 198 198 198 198 198 198 198 198 198 198 490 490 490 490 490 490 490 490
192 192 192 193 193 193 193 193 193 193 193 193 193 194 194 194 194 194 194 194 194 194 194 194 195 195 195 195 195 195 195 195 195 195 195 195 195 195 196 196 196 196 196 196 196 196 196 196 196 196 196 196 196 197 197 197 197 197 197 197 197 197 197 197 197 197 197 197 197 197 197 197 198 198 198 198 198 198 198 198 198 198 198 198 198 200 200 200 490 490 490 490 490 490
192 192 193 193 193 193 193 193 193 193 193 194 194 194 194 194 194 194 194 194 194 194 194 195 195 195 195 195 195 195 195 195 195 195 195 195 196 196 196 196 196 196 196 196 196 196 196 196 196 196 196 196 197 197 197 197 197 197 197 197 197 197 197 197 197 197 197 197 197 197 197 198 198 198 198 198 198 198 198 198 198 198 198 198 198 200 200 200 200 490 490 490 490 491
193 193 193 193 193 193 193 193 193 193 194 194 194 194 194 194 194 194 194 194 194 195 195 195 195 195 195 195 195 195 195 195 195 195 195 196 196 196 196 196 196 196 196 196 196 196 196 196 196 196 197 197 197 197 197 197 197 197 197 197 197 197 197 197 197 197 197 197 197 198 198 198 198 198 198 198 198 198 198 198 198 198 198 198 198 200 200 200 200 200 200 491 491 491
193 193 193 193 193 193 193 193 193 194 194 194 194 194 194 194 194 194 194 194 195 195 195 195 195 195 195 195 195 195 195 195 195 196 196 196 196 196 196 196 196 196 196 196 196 196 196 196 196 197 197 197 197 197 197 197 197 197 197 197 197 197 197 197 197 197 197 198 198 198 198 198 198 198 198 198 198 198 198 198 198 198 198 198 198 200 200 200 200 201 201 201 201 491
193 193 193 193 193 193 193 194 194 194 194 194 194 194 194 194 194 194 194 195 195 195 195 195 195 195 195 195 195 195 195 195 196 196 196 196 196 196 196 196 196 196 196 196 196 196 196 197 197 197 197 197 197 197 197 197 197 197 197 197 197 197 197 197 197 198 198 198 198 198 198 198 198 198 198 198 198 198 198 198 198 198 198 198 198 200 200 201 201 201 201 201 201 201
193 193 193 193 193 193 194 194 194 194 194 194 194 194 194 194 194 195 195 195 195 195 195 195 195 195 195 195 195 195 196 196 196 196 196 196 196 196 196 196 196 196 196 196 196 196 197 197 197 197 197 197 197 197 197 197 197 197 197 197 197 197 197 197 198 198 198 198 198 198 198 198 198 198 198 198 198 198 198 198 198 198 198 198 198 201 201 201 201 201 201 201 201 201
193 193 193 193 193 194 194 194 194 194 194 194 194 194 194 194 195 195 195 195 195 195 195 195 195 195 195 195 195 196 196 196 196 196 196 196 196 196 196 196 196 196 196 196 197 197 197 197 197 197 197 197 197 197 197 197 197 197 197 197 197 197 198 198 198 198 198 198 198 198 198 198 198 198 198 198 198 198 198 198 198 198 198 199 199 201 201 201 201 201 201 201 201 201
193 193 193 194 194 194 194 194 194 194 194 194 194 194 195 195 195 195 195 195 195 195 195 195 195 195 195 196 196 196 196 196 196 196 196 196 196 196 196 196 196 196 196 197 197 197 197 197 197 197 197 197 197 197 197 197 197 197 197 197 198 198 198 198 198 198 198 198 198 198 198 198 198 198 198 198 198 198 198 198 198 198 199 199 199 201 201 201 201 201 201 201 201 201
193 193 194 194 194 194 194 194 194 194 194 194 194 195 195 195 195 195 195 195 195 195 195 195 195 195 196 196 196 196 196 196 196 196 196 196 196 196 196 196 196 197 197 197 197 197 197 197 197 197 197 197 197 197 197 197 197 197 197 198 198 198 198 198 198 198 198 198 198 198 198 198 198 198 198 198 198 198 198 198 199 199 199 199 199 201 201 201 201 201 201 201 201 201
193 194 194 194 194 194 194 194 194 194 194 194 195 195 195 195 195 195 195 195 195 195 195 195 195 196 196 196 196 196 196 196 196 196 196 196 196 196 196 196 197 197 197 197 197 197 197 197 197 197 197 197 197 197 197 197 197 198 198 198 198 198 198 198 198 198 198 198 198 198 198 198 198 198 198 198 198 198 199 199 199 199 199 199 199 201 201 201 201 201 201 201 201 201
194 194 194 194 194 194 194 194 194 194 194 195 195 195 195 195 195 195 195 195 195 195 195 196 196 196 196 196 196 196 196 196 196 196 196 196 196 196 197 197 197 197 197 197 197 197 197 197 197 197 197 197 197 197 197 197 198 198 198 198 198 198 198 198 198 198 198 198 198 198 198 198 198 198 198 198 199 199 199 199 199 199 199 199 199 201 201 201 201 201 201 201 201 201
194 194 194 194 194 194 194 194 194 195 195 195 195 195 195 195 195 195 195 195 195 195 196 196 196 196 196 196 196 196 196 196 196 196 196 196 196 197 197 197 197 197 197 197 197 197 197 197 197 197 197 197 197 197 198 198 198 198 198 198 198 198 198 198 198 198 198 198 198 198 198 198 198 198 198 199 199 199 199 199 199 199 199 199 199 201 201 201 201 201 201 201 201 201
