testData/tiles/oneDegree/grid5.0-12.0-6.0-13.0.asc
ncols   200
nrows   200
xllcorner   5.0
yllcorner   12.0
cellsize   0.005
NODATA_value   -9999.0
[rows 0 to 41 of 200, columns 94 to 187 of 200]
181 182 183 184 185 186 186 187 188 189 190 191 191 192 193 194 194 195 196 197 198 198 199 200 200 201 202 203 203 204 205 206 206 207 208 208 209 210 210 211 212 212 213 214 214 215 216 216 217 217 218 219 219 220 220 221 222 222 223 223 224 225 225 226 226 227 227 228 229 229 230 230 231 231 232 232 233 233 234 235 235 236 236 237 237 238 238 239 239 240 240 241 241 242
182 182 183 184 185 186 187 187 188 189 190 191 191 192 193 194 195 195 196 197 198 198 199 200 201 201 202 203 204 204 205 206 206 207 208 208 209 210 210 211 212 212 213 214 214 215 216 216 217 218 218 219 219 220 221 221 222 222 223 224 224 225 225 226 226 227 228 228 229 229 230 230 231 231 232 233 233 234 234 235 235 236 236 237 237 238 238 239 239 240 240 241 241 242
182 183 183 184 185 186 187 188 188 189 190 191 192 192 193 194 195 196 196 197 198 199 199 200 201 202 202 203 204 204 205 206 206 207 208 209 209 210 211 211 212 213 213 214 215 215 216 216 217 218 218 219 220 220 221 221 222 223 223 224 224 225 225 226 227 227 228 228 229 229 230 231 231 232 232 233 233 234 234 235 235 236 236 237 237 238 238 239 239 240 240 241 241 242
182 183 184 184 185 186 187 188 189 189 190 191 192 193 193 194 195 196 196 197 198 199 199 200 201 202 202 203 204 205 205 206 207 207 208 209 209 210 211 211 212 213 213 214 215 215 216 217 217 218 218 219 220 220 221 221 222 223 223 224 224 225 226 226 227 227 228 228 229 230 230 231 231 232 232 233 233 234 234 235 235 236 236 237 237 238 238 239 239 240 240 241 241 242
182 183 184 185 185 186 187 188 189 190 190 191 192 193 194 194 195 196 197 197 198 199 200 200 201 202 203 203 204 205 205 206 207 207 208 209 210 210 211 212 212 213 213 214 215 215 216 217 217 218 219 219 220 220 221 222 222 223 223 224 225 225 226 226 227 227 228 229 229 230 230 231 231 232 232 233 233 234 234 235 236 236 237 237 238 238 239 239 240 240 241 241 242 242
182 183 184 185 186 186 187 188 189 190 190 191 192 193 194 194 195 196 197 198 198 199 200 200 201 202 203 203 204 205 206 206 207 208 208 209 210 210 211 212 212 213 214 214 215 216 216 217 217 218 219 219 220 221 221 222 222 223 224 224 225 225 226 226 227 228 228 229 229 230 230 231 231 232 232 233 234 234 235 235 236 236 237 237 238 238 239 239 240 240 241 241 242 242
182 183 184 185 186 187 187 188 189 190 191 191 192 193 194 195 195 196 197 198 198 199 200 201 201 202 203 204 204 205 206 206 207 208 208 209 210 210 211 212 212 213 214 214 215 216 216 217 218 218 219 219 220 221 221 222 222 223 224 224 225 225 226 227 227 228 228 229 229 230 230 231 232 232 233 233 234 234 235 235 236 236 237 237 238 238 239 239 240 240 241 241 242 242
182 183 184 185 186 187 188 188 189 190 191 192 192 193 194 195 195 196 197 198 199 199 200 201 201 202 203 204 204 205 206 206 207 208 209 209 210 211 211 212 213 213 214 215 215 216 216 217 218 218 219 220 220 221 221 222 223 223 224 224 225 225 226 227 227 228 228 229 229 230 231 231 232 232 233 233 234 234 235 235 236 236 237 237 238 238 239 239 240 240 241 241 242 242
183 183 184 185 186 187 188 188 189 190 191 192 192 193 194 195 196 196 197 198 199 199 200 201 202 202 203 204 204 205 206 207 207 208 209 209 210 211 211 212 213 213 214 215 215 216 217 217 218 218 219 220 220 221 221 222 223 223 224 224 225 226 226 227 227 228 228 229 230 230 231 231 232 232 233 233 234 234 235 235 236 236 237 238 238 239 239 240 240 241 241 241 242 242
183 184 184 185 186 187 188 189 189 190 191 192 193 193 194 195 196 196 197 198 199 200 200 201 202 202 203 204 205 205 206 207 207 208 209 209 210 211 211 212 213 213 214 215 215 216 217 217 218 219 219 220 220 221 222 222 223 223 224 225 225 226 226 227 227 228 229 229 230 230 231 231 232 232 233 233 234 235 235 236 236 237 237 238 238 239 239 240 240 241 241 242 242 243
183 184 185 185 186 187 188 189 190 190 191 192 193 194 194 195 196 197 197 198 199 200 200 201 202 203 203 204 205 205 206 207 208 208 209 210 210 211 212 212 213 214 214 215 215 216 217 217 218 219 219 220 220 221 222 222 223 223 224 225 225 226 226 227 228 228 229 229 230 230 231 231 232 232 233 234 234 235 235 236 236 237 237 238 238 239 239 240 240 241 241 242 242 243
183 184 185 185 186 187 188 189 190 190 191 192 193 194 194 195 196 197 197 198 199 200 200 201 202 203 203 204 205 206 206 207 208 208 209 210 210 211 212 212 213 214 214 215 216 216 217 217 218 219 219 220 221 221 222 222 223 224 224 225 225 226 226 227 228 228 229 229 230 230 231 231 232 233 233 234 234 235 235 236 236 237 237 238 238 239 239 240 240 241 241 242 242 243
183 184 185 186 186 187 188 189 190 191 191 192 193 194 195 195 196 197 198 198 199 200 201 201 202 203 203 204 205 206 206 207 208 208 209 210 210 211 212 212 213 214 214 215 216 216 217 218 218 219 219 220 221 221 222 222 223 224 224 225 225 226 227 227 228 228 229 229 230 230 231 232 232 233 233 234 234 235 235 236 236 237 237 238 238 239 239 240 240 241 241 242 242 243
183 184 185 186 187 187 188 189 190 191 191 192 193 194 195 195 196 197 198 198 199 200 201 201 202 203 204 204 205 206 206 207 208 208 209 210 211 211 212 213 213 214 214 215 216 216 217 218 218 219 220 220 221 221 222 223 223 224 224 225 226 226 227 227 228 228 229 229 230 231 231 232 232 233 233 234 234 235 235 236 236 237 237 238 238 239 239 240 240 241 241 242 242 243
183 184 185 186 187 187 188 189 190 191 192 192 193 194 195 195 196 197 198 199 199 200 201 202 202 203 204 204 205 206 207 207 208 209 209 210 211 211 212 213 213 214 215 215 216 216 217 218 218 219 220 220 221 221 222 223 223 224 224 225 226 226 227 227 228 228 229 230 230 231 231 232 232 233 233 234 234 235 235 236 237 237 238 238 239 239 240 240 241 241 242 242 242 243
183 184 185 186 187 188 188 189 190 191 192 192 193 194 195 196 196 197 198 199 199 200 201 202 202 203 204 204 205 206 207 207 208 209 209 210 211 211 212 213 213 214 215 215 216 217 217 218 218 219 220 220 221 222 222 223 223 224 225 225 226 226 227 227 228 229 229 230 230 231 231 232 232 233 233 234 235 235 236 236 237 237 238 238 239 239 240 240 241 241 242 242 243 243
183 184 185 186 187 188 189 189 190 191 192 193 193 194 195 196 196 197 198 199 199 200 201 202 202 203 204 205 205 206 207 207 208 209 209 210 211 211 212 213 213 214 215 215 216 217 217 218 219 219 220 220 221 222 222 223 223 224 225 225 226 226 227 227 228 229 229 230 230 231 231 232 232 233 234 234 235 235 236 236 237 237 238 238 239 239 240 240 241 241 242 242 243 243
184 184 185 186 187 188 189 189 190 191 192 193 193 194 195 196 197 197 198 199 200 200 201 202 202 203 204 205 205 206 207 207 208 209 210 210 211 212 212 213 214 214 215 215 216 217 217 218 219 219 220 220 221 222 222 223 223 224 225 225 226 226 227 228 228 229 229 230 230 231 231 232 233 233 234 234 235 235 236 236 237 237 238 238 239 239 240 240 241 241 242 242 243 243
184 184 185 186 187 188 189 189 190 191 192 193 194 194 195 196 197 197 198 199 200 200 201 202 203 203 204 205 205 206 207 208 208 209 210 210 211 212 212 213 214 214 215 216 216 217 217 218 219 219 220 221 221 222 222 223 224 224 225 225 226 226 227 228 228 229 229 230 230 231 232 232 233 233 234 234 235 235 236 236 237 237 238 238 239 239 240 240 241 241 242 242 243 243
184 185 185 186 187 188 189 190 190 191 192 193 194 194 195 196 197 197 198 199 200 200 201 202 203 203 204 205 205 206 207 208 208 209 210 210 211 212 212 213 214 214 215 216 216 217 217 218 219 219 220 221 221 222 222 223 224 224 225 225 226 227 227 228 228 229 229 230 230 231 232 232 233 233 234 234 235 235 236 236 237 237 238 238 239 239 240 240 241 241 242 242 243 243
184 185 185 186 187 188 189 190 190 191 192 193 194 194 195 196 197 198 198 199 200 201 201 202 203 203 204 205 206 206 207 208 208 209 210 210 211 212 212 213 214 214 215 216 216 217 218 218 219 219 220 221 221 222 222 223 224 224 225 225 226 227 227 228 228 229 229 230 231 231 232 232 233 233 234 234 235 235 236 236 237 237 238 238 239 239 240 240 241 241 242 242 243 243
184 185 186 186 187 188 189 190 191 191 192 193 194 194 195 196 197 198 198 199 200 201 201 202 203 203 204 205 206 206 207 208 208 209 210 210 211 212 212 213 214 214 215 216 216 217 218 218 219 219 220 221 221 222 223 223 224 224 225 225 226 227 227 228 228 229 229 230 231 231 232 232 233 233 234 234 235 235 236 236 237 237 238 238 239 239 240 240 241 241 242 242 243 243
184 185 186 186 187 188 189 190 191 191 192 193 194 195 195 196 197 198 198 199 200 201 201 202 203 204 204 205 206 206 207 208 208 209 210 211 211 212 213 213 214 214 215 216 216 217 218 218 219 220 220 221 221 222 223 223 224 224 225 226 226 227 227 228 228 229 230 230 231 231 232 232 233 233 234 234 235 235 236 237 237 238 238 239 239 240 240 241 241 242 242 242 243 243
184 185 186 187 187 188 189 190 191 191 192 193 194 195 195 196 197 198 198 199 200 201 201 202 203 204 204 205 206 206 207 208 209 209 210 211 211 212 213 213 214 215 215 216 216 217 218 218 219 220 220 221 221 222 223 223 224 224 225 226 226 227 227 228 228 229 230 230 231 231 232 232 233 233 234 234 235 236 236 237 237 238 238 239 239 240 240 241 241 242 242 243 243 243
184 185 186 187 187 188 189 190 191 191 192 193 194 195 195 196 197 198 198 199 200 201 201 202 203 204 204 205 206 206 207 208 209 209 210 211 211 212 213 213 214 215 215 216 216 217 218 218 219 220 220 221 221 222 223 223 224 224 225 226 226 227 227 228 228 229 230 230 231 231 232 232 233 233 234 234 235 236 236 237 237 238 238 239 239 240 240 241 241 242 242 243 243 244
184 185 186 187 187 188 189 190 191 192 192 193 194 195 195 196 197 198 199 199 200 201 202 202 203 204 204 205 206 207 207 208 209 209 210 211 211 212 213 213 214 215 215 216 217 217 218 218 219 220 220 221 222 222 223 223 224 224 225 226 226 227 227 228 229 229 230 230 231 231 232 232 233 233 234 235 235 236 236 237 237 238 238 239 239 240 240 241 241 242 242 243 243 244
184 185 186 187 187 188 189 190 191 192 192 193 194 195 196 196 197 198 199 199 200 201 202 202 203 204 204 205 206 207 207 208 209 209 210 211 211 212 213 213 214 215 215 216 217 217 218 218 219 220 220 221 222 222 223 223 224 225 225 226 226 227 227 228 229 229 230 230 231 231 232 232 233 234 234 235 235 236 236 237 237 238 238 239 239 240 240 241 241 242 242 243 243 244
184 185 186 187 188 188 189 190 191 192 192 193 194 195 196 196 197 198 199 199 200 201 202 202 203 204 204 205 206 207 207 208 209 209 210 211 211 212 213 213 214 215 215 216 217 217 218 218 219 220 220 221 222 222 223 223 224 225 225 226 226 227 227 228 229 229 230 230 231 231 232 232 233 234 234 235 235 236 236 237 237 238 238 239 239 240 240 241 241 242 242 243 243 244
184 185 186 187 188 188 189 190 191 192 192 193 194 195 196 196 197 198 199 199 200 201 202 202 203 204 205 205 206 207 207 208 209 209 210 211 211 212 213 213 214 215 215 216 217 217 218 219 219 220 220 221 222 222 223 223 224 225 225 226 226 227 227 228 229 229 230 230 231 231 232 232 233 234 234 235 235 236 236 237 237 238 238 239 239 240 240 241 241 242 242 243 243 244
184 185 186 187 188 188 189 190 191 192 192 193 194 195 196 196 197 198 199 199 200 201 202 202 203 204 205 205 206 207 207 208 209 209 210 211 211 212 213 213 214 215 215 216 217 217 218 219 219 220 220 221 222 222 223 223 224 225 225 226 226 227 228 228 229 229 230 230 231 231 232 233 233 234 234 235 235 236 236 237 237 238 238 239 239 240 240 241 241 242 242 243 243 244
184 185 186 187 188 188 189 190 191 192 192 193 194 195 196 196 197 198 199 199 200 201 202 202 203 204 205 205 206 207 207 208 209 209 210 211 211 212 213 213 214 215 215 216 217 217 218 219 219 220 220 221 222 222 223 223 224 225 225 226 226 227 228 228 229 229 230 230 231 231 232 233 233 234 234 235 235 236 236 237 237 238 238 239 239 240 240 241 241 242 242 243 243 244
184 185 186 187 188 188 189 190 191 192 193 193 194 195 196 196 197 198 199 199 200 201 202 202 203 204 205 205 206 207 207 208 209 209 210 211 211 212 213 213 214 215 215 216 217 217 218 219 219 220 220 221 222 222 223 223 224 225 225 226 226 227 228 228 229 229 230 230 231 231 232 233 233 234 234 235 235 236 236 237 237 238 238 239 239 240 240 241 241 242 242 243 243 244
184 185 186 187 188 188 189 190 191 192 193 193 194 195 196 196 197 198 199 199 200 201 202 202 203 204 205 205 206 207 207 208 209 209 210 211 211 212 213 213 214 215 215 216 217 217 218 219 219 220 220 221 222 222 223 223 224 225 225 226 226 227 228 228 229 229 230 230 231 231 232 233 233 234 234 235 235 236 236 237 237 238 238 239 239 240 240 241 241 242 242 243 243 244
184 185 186 187 188 188 189 190 191 192 193 193 194 195 196 196 197 198 200 200 201 202 203 203 204 205 206 206 207 208 208 209 210 209 210 211 211 212 213 213 214 215 215 216 217 217 218 219 219 220 220 221 222 222 223 223 224 225 225 226 226 227 228 228 229 229 230 230 231 231 232 233 233 234 234 235 235 236 236 237 237 238 238 239 239 240 240 241 241 242 242 243 243 244
184 185 186 187 188 188 189 190 191 192 193 194 195 196 197 197 198 199 200 200 201 202 203 203 204 205 206 206 207 208 208 209 210 210 211 212 212 213 214 214 214 215 215 216 217 217 218 219 219 220 220 221 222 222 223 223 224 225 225 226 226 227 228 228 229 229 230 230 231 231 232 233 233 234 234 235 235 236 236 237 237 238 238 239 239 240 240 241 241 242 242 243 243 244
184 185 186 187 188 188 189 191 192 193 194 194 195 196 197 197 198 199 200 200 201 202 203 203 204 205 206 206 207 208 208 209 210 210 211 212 212 213 214 214 215 216 216 217 217 217 218 219 219 220 220 221 222 222 223 223 224 225 225 226 226 227 228 228 229 229 230 230 231 231 232 233 233 234 234 235 235 236 236 237 237 238 238 239 239 240 240 241 241 242 242 243 243 244
184 185 186 188 189 189 190 191 192 193 194 194 195 196 197 197 198 199 200 200 201 202 203 203 204 205 206 206 207 208 208 209 210 210 211 212 212 213 214 214 215 216 216 217 218 218 219 220 219 220 220 221 222 222 223 223 224 225 225 226 226 227 228 228 229 229 230 230 231 231 232 233 233 234 234 235 235 236 236 237 237 238 238 239 239 240 240 241 241 242 242 243 243 244
185 186 187 188 189 189 190 191 192 193 194 194 195 196 197 197 198 199 200 200 201 202 203 203 204 205 206 206 207 208 208 209 210 210 211 212 212 213 214 214 215 216 216 217 218 218 219 220 220 221 221 221 222 222 223 223 224 225 225 226 226 227 228 228 229 229 230 230 231 231 232 233 233 234 234 235 235 236 236 237 237 238 238 239 239 240 240 241 241 242 242 243 243 244
185 186 187 188 189 189 190 191 192 193 193 194 195 196 197 197 198 199 200 200 201 202 203 203 204 205 206 206 207 208 208 209 210 210 211 212 212 213 214 214 215 216 216 217 218 218 219 220 220 221 221 222 223 222 223 223 224 225 225 226 226 227 228 228 229 229 230 230 231 231 232 233 233 234 234 235 235 236 236 237 237 238 238 239 239 240 240 241 241 242 242 243 243 244
185 186 187 188 189 189 190 191 192 193 193 194 195 196 197 197 198 199 200 200 201 202 203 203 204 205 206 206 207 208 208 209 210 210 211 212 212 213 214 214 215 216 216 217 218 218 219 220 220 221 221 222 223 223 224 224 224 225 225 226 226 227 228 228 229 229 230 230 231 231 232 233 233 234 234 235 235 236 236 237 237 238 238 239 239 240 240 241 241 242 242 243 243 244
185 186 187 188 189 189 190 191 192 193 193 194 195 196 197 197 198 199 200 200 201 202 203 203 204 205 206 206 207 208 208 209 210 210 211 212 212 213 214 214 215 216 216 217 218 218 219 220 220 221 221 222 223 223 224 224 225 226 225 226 226 227 227 228 229 229 230 230 231 231 232 232 233 234 234 235 235 236 236 237 237 238 238 239 239 240 240 241 241 242 242 243 243 244
185 186 187 188 189 189 190 191 192 193 193 194 195 196 197 197 198 199 200 200 201 202 203 203 204 205 205 206 207 208 208 209 210 210 211 212 212 213 214 214 215 216 216 217 218 218 219 219 220 221 221 222 223 223 224 224 225 226 226 227 226 227 227 228 229 229 230 230 231 231 232 232 233 234 234 235 235 236 236 237 237 238 238 239 239 240 240 241 241 242 242 243 243 244
