testData/tiles/oneDegree/grid20.0-39.0-21.0-40.0.asc
ncols   200
nrows   200
xllcorner   20.0
yllcorner   39.0
cellsize   0.005
NODATA_value   -9999.0
[rows 126 to 167 of 200, columns 94 to 187 of 200]
772 549 549 549 549 549 550 550 550 550 550 550 550 550 550 550 551 551 551 551 551 551 551 551 551 551 551 552 553 553 553 553 554 554 554 555 555 555 555 556 557 557 557 558 558 415 415 416 416 416 416 417 417 417 417 417 418 418 418 418 419 420 420 420 420 420 420 421 421 421 421 421 421 422 422 423 423 423 424 424 426 426 427 427 427 428 428 428 428 430 430 430 431 431
772 772 549 549 550 550 550 550 550 550 550 550 550 551 551 551 551 551 551 551 551 551 551 552 552 552 552 552 553 553 553 554 554 554 554 556 556 556 557 557 557 557 558 407 407 415 416 416 416 416 416 417 418 418 418 419 419 419 419 419 420 420 420 420 420 420 421 421 421 421 421 421 422 422 422 423 423 423 424 425 425 427 427 427 427 428 428 429 430 430 430 430 431 431
772 773 773 773 550 550 550 550 550 550 551 551 551 551 551 551 551 551 551 551 552 552 552 552 552 552 552 553 553 553 554 555 555 555 556 556 556 557 557 557 406 407 407 407 415 416 417 417 417 417 418 418 418 418 419 419 419 419 419 420 420 420 420 420 420 421 421 421 421 421 421 422 423 423 424 424 424 425 426 426 426 427 428 428 428 430 430 430 431 431 431 432 432 432
773 773 773 773 773 550 550 551 551 551 551 551 551 551 551 551 552 552 552 552 552 552 552 552 552 552 553 554 554 554 555 555 555 556 556 556 556 557 406 406 406 408 408 408 416 417 417 417 417 418 418 418 418 419 419 419 419 419 420 420 421 421 421 421 422 422 422 422 422 423 423 423 423 423 424 424 425 426 426 426 426 427 427 428 430 430 430 430 431 431 431 432 432 432
773 773 773 773 774 774 551 551 551 551 551 551 551 552 552 552 552 552 552 552 552 552 552 552 553 553 554 554 554 555 555 555 556 556 556 556 407 407 407 407 408 408 408 408 417 417 417 417 418 418 418 418 419 420 420 420 420 421 421 421 421 421 421 422 422 422 422 422 423 423 423 423 423 423 424 425 425 426 426 426 426 427 428 428 429 430 430 431 431 431 431 432 433 433
773 773 774 774 774 774 774 551 551 551 552 552 552 552 552 552 552 552 552 552 553 553 553 553 553 554 554 554 555 555 555 555 557 406 406 407 407 407 407 408 408 408 408 409 417 417 418 419 419 419 419 419 420 420 420 420 421 421 421 421 421 421 422 422 422 422 422 423 423 423 423 423 423 424 426 426 426 427 427 427 428 429 429 429 430 430 431 432 432 432 434 434 434 434
774 774 774 774 774 774 774 774 552 552 552 552 552 552 552 552 552 553 553 553 553 553 553 553 554 554 554 554 556 556 556 406 406 406 406 407 407 407 408 408 408 409 410 418 418 418 419 419 419 419 419 420 420 420 420 420 421 421 421 421 421 423 423 423 423 423 424 424 424 424 424 424 425 426 426 426 426 427 427 427 429 429 429 430 430 430 430 432 433 433 434 434 434 435
774 774 774 774 774 775 775 775 775 552 552 552 552 552 553 553 553 553 553 553 553 553 553 553 555 555 555 556 405 405 406 406 406 406 407 407 408 408 409 409 409 409 410 418 418 418 419 419 419 419 420 420 420 421 421 422 422 422 422 422 423 423 423 423 423 424 424 424 424 424 424 425 425 426 426 426 427 427 428 428 429 429 429 430 430 430 432 432 433 433 434 434 434 435
628 774 775 775 775 775 775 775 775 775 552 553 553 553 553 553 553 553 553 553 553 554 554 555 555 555 404 405 405 405 406 406 407 408 408 408 408 409 409 409 409 410 410 418 418 419 419 420 420 421 421 421 421 421 422 422 422 422 422 423 423 423 423 423 424 424 424 424 424 424 425 425 425 426 427 427 428 429 429 430 430 430 430 431 431 432 433 433 433 434 435 435 435 435
629 629 775 775 775 775 775 775 776 776 776 553 553 553 553 553 553 553 554 554 554 554 554 404 404 404 405 405 406 407 407 407 407 408 408 408 409 409 409 409 410 410 411 419 420 420 420 420 421 421 421 421 421 422 422 422 422 422 423 423 423 424 424 425 425 425 425 425 425 426 426 426 427 427 427 427 429 429 429 430 430 430 431 432 432 432 433 433 433 434 434 435 436 437
629 629 629 775 775 775 776 776 776 776 776 776 553 553 553 554 554 554 554 554 403 403 404 404 404 406 406 406 406 407 407 407 408 408 408 408 409 410 410 410 411 411 419 419 420 420 420 420 421 421 421 421 422 423 423 423 423 424 424 424 424 424 425 425 425 425 425 425 426 426 426 426 427 427 427 429 429 429 429 430 430 430 432 432 432 433 433 433 433 434 434 435 437 437
629 629 629 630 776 776 776 776 776 776 776 776 777 777 554 554 554 554 403 403 403 404 405 405 405 406 406 406 407 407 407 407 408 409 409 410 410 410 410 411 411 411 419 420 420 420 420 422 422 422 422 423 423 423 423 423 424 424 424 424 424 425 425 425 425 425 425 426 426 426 426 426 427 428 428 430 430 430 430 431 431 432 433 433 433 434 434 434 434 435 436 436 436 437
629 630 630 630 630 630 776 776 776 777 777 777 777 777 777 403 403 403 404 404 404 405 405 405 406 406 406 406 407 408 408 409 409 409 409 410 410 410 411 411 411 411 421 421 421 421 422 422 422 422 422 423 423 423 423 424 424 424 424 424 424 425 426 426 426 426 427 427 427 427 427 427 429 429 429 430 430 430 431 431 432 432 433 433 433 434 434 434 436 436 436 436 437 437
630 630 630 630 630 630 631 777 777 777 777 777 626 626 626 627 404 404 404 404 404 405 405 405 406 407 407 408 408 408 409 409 409 409 410 410 410 411 412 412 412 412 421 421 421 421 422 422 422 422 423 423 423 423 424 425 425 425 425 425 426 426 426 426 426 427 427 427 427 427 427 429 429 429 429 430 430 430 432 432 432 433 433 433 433 434 434 435 436 436 436 437 437 437
630 630 630 630 631 631 631 631 777 626 626 626 627 627 627 627 627 404 404 404 405 405 406 407 407 407 408 408 408 408 409 409 409 411 411 411 411 412 412 412 412 413 421 421 421 422 422 422 423 424 424 424 424 424 425 425 425 425 425 426 426 426 426 426 427 427 427 427 427 427 428 429 429 429 430 430 431 432 433 433 433 434 434 434 435 436 436 436 437 437 437 437 437 437
630 631 631 631 631 631 480 480 480 480 627 627 627 627 627 627 627 627 404 405 406 406 406 407 407 407 408 408 408 410 410 410 410 411 411 411 412 412 412 412 413 421 422 422 423 423 423 423 423 424 424 424 424 425 425 425 425 425 426 426 426 426 427 427 428 428 428 428 428 429 429 430 430 430 431 431 432 432 433 433 433 434 434 434 436 436 436 437 437 437 437 438 438 438
631 631 631 480 480 480 480 481 481 481 481 627 627 627 627 627 628 628 628 406 406 406 407 407 407 408 409 409 409 410 410 410 411 411 411 411 412 412 413 413 414 422 422 422 423 423 423 423 424 424 424 424 424 425 426 426 426 427 427 427 427 427 427 428 428 428 428 428 428 429 429 430 430 430 431 432 432 433 433 433 433 434 434 435 436 436 436 437 437 437 437 438 439 439
480 480 480 480 481 481 481 481 481 481 481 481 627 628 628 628 628 628 628 629 406 406 407 408 408 409 409 409 410 410 410 410 411 411 412 413 413 413 413 414 414 422 422 423 423 423 423 424 425 425 425 425 426 426 426 426 426 427 427 427 427 427 428 428 428 428 428 428 429 429 430 430 430 430 432 432 432 434 434 434 435 435 436 436 437 437 437 438 438 438 438 439 439 439
480 480 481 481 481 481 481 481 481 481 482 482 482 628 628 628 628 628 629 630 630 408 408 408 409 409 409 409 410 410 411 412 412 412 412 413 413 413 413 414 414 422 422 424 424 424 424 425 425 425 425 426 426 426 426 426 427 427 427 427 427 428 429 429 429 429 429 430 430 430 431 431 431 432 433 433 433 434 434 434 436 436 436 437 437 437 437 438 438 439 440 440 440 441
481 481 481 481 481 481 481 481 482 482 482 482 482 482 482 628 629 629 630 630 630 631 408 408 409 409 410 411 411 411 411 412 412 412 413 413 413 413 415 415 415 423 424 424 424 424 425 425 425 425 425 426 426 426 426 428 428 428 428 428 429 429 429 429 429 429 430 430 430 430 431 431 432 433 433 433 433 434 434 435 436 436 436 437 437 437 437 438 439 439 440 440 440 441
481 481 481 481 481 482 482 482 482 482 482 482 482 482 483 483 629 630 630 630 631 631 631 409 410 410 410 411 411 411 412 412 412 412 414 414 414 415 415 415 423 424 424 424 424 425 425 425 425 426 427 427 427 427 427 428 428 428 428 428 429 429 429 429 429 430 430 430 430 430 431 432 432 433 433 433 434 434 436 436 437 437 437 438 438 438 439 440 440 439 440 440 440 441
481 481 481 482 482 482 482 482 482 482 482 483 483 483 483 483 483 484 630 630 632 632 632 633 410 410 411 411 411 411 413 413 413 414 414 414 414 415 415 415 423 424 424 425 425 426 426 426 426 427 427 427 427 427 428 428 428 428 428 429 429 429 429 430 431 613 431 431 431 431 433 433 433 434 434 434 435 436 436 436 437 437 437 438 438 438 440 440 440 441 441 441 441 442
482 482 482 482 482 482 482 482 483 483 483 483 483 483 483 483 484 485 485 632 632 632 632 633 633 410 411 412 412 413 413 413 413 414 596 596 597 597 597 598 607 607 607 607 608 608 608 608 608 609 609 609 609 610 610 611 611 611 612 612 612 612 612 612 613 613 613 613 613 614 615 615 615 616 616 616 618 618 618 619 619 619 619 620 621 621 622 622 622 623 623 623 624 624
482 482 482 482 482 482 483 483 483 483 483 483 483 483 484 484 485 485 485 486 632 814 815 815 816 817 594 594 594 595 595 595 596 596 596 597 598 598 598 598 607 607 607 607 608 608 608 608 609 610 610 610 610 611 611 611 611 611 612 612 612 612 612 613 613 613 613 613 613 615 615 615 615 616 616 616 618 618 618 620 620 620 621 622 622 622 623 623 622 623 623 623 624 625
482 482 482 483 483 483 483 483 483 483 483 666 666 666 666 666 667 667 667 668 668 669 816 816 816 817 817 594 595 595 595 596 597 597 597 598 598 598 598 599 607 607 607 608 609 609 609 609 610 610 610 610 611 611 611 611 611 612 612 612 612 612 613 614 614 614 614 614 615 616 616 616 617 617 617 618 619 619 619 620 620 620 622 622 622 623 623 623 623 624 624 624 626 626
482 483 483 665 665 665 665 665 665 666 666 666 666 666 666 667 667 667 669 669 669 670 670 816 816 817 817 818 596 596 596 597 597 597 597 598 598 598 598 600 608 608 608 609 609 609 609 610 610 610 610 610 611 611 611 611 613 613 613 613 613 613 614 614 614 614 614 615 615 616 616 616 617 617 618 619 619 619 619 620 620 621 622 622 622 623 623 623 623 624 625 625 626 626
665 665 665 665 665 665 666 666 666 666 666 666 666 666 666 668 668 668 669 669 669 670 670 670 818 818 818 819 819 596 596 597 597 597 597 599 599 599 600 600 608 608 609 609 609 609 610 610 610 611 611 612 612 612 612 612 613 613 613 613 613 614 614 614 614 614 614 615 615 616 616 616 617 618 618 619 619 619 619 620 622 622 623 623 623 624 624 623 624 625 625 625 626 626
665 665 665 665 666 666 666 666 666 666 666 666 667 667 667 668 668 668 669 669 669 671 671 671 672 672 818 819 819 819 596 597 598 598 599 599 599 599 600 608 608 608 609 609 610 610 611 611 611 611 612 612 612 612 612 613 613 613 613 613 614 614 614 614 615 615 616 616 616 617 617 617 619 619 619 620 620 620 621 622 622 622 623 623 623 624 624 624 626 626 626 627 627 627
665 665 666 666 666 666 666 666 666 666 667 667 667 667 668 668 668 669 670 670 671 671 671 672 672 672 672 819 820 820 821 598 598 598 599 599 599 600 600 608 609 610 610 610 610 611 611 611 611 611 612 612 612 612 612 613 614 614 614 614 615 615 615 615 615 616 616 616 617 617 617 618 619 619 619 620 620 620 621 622 622 623 623 623 623 624 624 625 626 626 626 627 627 627
666 666 666 666 666 666 666 667 667 667 667 667 667 667 668 669 669 670 670 670 671 671 671 672 672 673 674 674 674 820 821 821 598 599 599 599 600 601 601 609 609 610 610 610 610 611 611 611 611 612 613 613 613 613 614 614 614 614 614 615 615 615 615 615 615 616 616 616 617 617 617 618 619 619 619 620 620 620 622 622 622 623 623 623 623 624 625 625 626 626 626 627 627 627
666 666 666 666 666 667 667 667 667 667 667 667 667 668 669 669 670 670 670 670 671 671 672 673 673 673 674 674 674 675 821 821 822 600 600 600 600 601 601 609 610 610 610 610 610 612 612 612 612 613 613 613 613 613 614 614 614 614 614 615 615 615 615 615 617 617 617 617 618 618 619 620 620 620 620 621 621 622 623 623 623 624 624 624 625 626 626 626 627 627 627 628 628 628
666 666 667 667 667 667 667 667 667 667 668 668 668 669 669 669 670 670 670 672 672 672 673 673 673 673 674 674 674 676 676 676 823 823 600 600 601 601 601 609 611 611 611 611 612 612 612 612 613 613 613 613 613 614 614 614 615 615 616 616 616 616 616 617 617 617 617 617 618 619 619 620 620 620 620 621 622 622 623 623 623 624 624 624 626 626 626 626 627 627 627 628 628 628
667 667 667 667 667 667 667 667 668 668 668 668 668 669 669 669 671 671 671 672 672 672 673 673 673 675 675 675 675 676 676 676 677 823 823 600 602 602 602 610 611 611 611 611 612 612 612 612 613 613 614 614 614 615 615 615 615 616 616 616 616 616 616 617 617 617 617 617 618 619 619 620 620 620 621 622 622 622 623 623 623 624 624 625 626 626 626 627 627 627 627 628 628 629
667 667 667 667 667 668 668 668 668 668 668 668 668 670 670 670 671 671 671 672 672 672 674 674 674 675 675 675 676 676 676 676 677 678 678 825 602 602 602 611 611 611 611 612 612 613 613 613 614 614 614 614 615 615 615 615 615 616 616 616 616 616 617 617 617 618 618 618 620 620 620 621 621 621 622 623 623 623 624 624 624 625 625 626 627 627 627 628 628 628 629 629 630 630
667 667 667 668 668 668 668 668 668 668 668 669 670 670 670 671 671 671 672 673 673 674 674 674 674 675 675 675 676 677 677 678 678 678 678 679 825 602 602 611 611 612 612 613 613 613 613 614 614 614 614 614 615 615 615 615 615 617 617 617 617 617 618 618 618 618 618 618 620 620 620 621 621 621 623 623 623 624 624 624 624 625 626 626 627 627 627 628 628 628 629 630 630 630
667 668 668 668 668 668 668 668 669 669 669 669 670 670 670 671 671 672 673 673 673 674 674 674 675 675 676 676 677 677 677 678 678 678 678 679 679 680 612 612 612 612 613 613 613 613 613 614 614 614 614 616 616 616 616 616 617 617 617 617 617 618 618 618 618 618 618 619 620 620 620 621 621 621 623 623 623 624 624 624 624 626 626 626 627 627 627 628 628 628 630 630 630 631
668 668 668 668 668 668 669 669 669 669 669 669 670 670 671 672 672 672 673 673 673 674 674 675 676 676 676 677 677 677 677 678 678 679 680 680 680 680 689 612 612 612 613 613 613 613 615 615 615 615 615 616 616 616 616 616 617 617 617 617 617 618 618 618 618 619 619 621 621 621 621 622 622 623 624 624 624 625 625 625 627 627 627 627 628 628 628 629 629 630 631 631 631 632
668 668 668 668 669 669 669 669 669 669 669 669 671 671 672 672 672 673 673 673 675 675 675 675 676 676 676 677 677 677 679 679 679 679 680 680 680 680 689 689 466 613 614 614 614 614 615 615 615 615 616 616 616 616 616 617 617 618 618 618 619 619 619 619 619 619 620 621 621 621 621 622 623 623 624 624 624 625 625 625 627 627 627 627 628 628 628 629 630 630 631 631 631 632
668 668 669 669 669 669 669 669 669 670 670 671 671 671 672 672 672 674 674 674 675 675 675 676 676 676 676 678 678 678 679 679 679 679 680 680 680 682 690 690 690 468 614 614 614 614 615 615 615 615 616 617 617 617 617 618 618 618 618 618 619 619 619 619 619 620 620 621 621 621 622 622 623 623 624 624 624 625 625 626 627 627 627 628 628 628 628 629 630 630 631 631 631 632
669 669 669 669 669 669 669 670 670 670 670 671 671 671 672 673 673 674 674 674 675 675 675 676 677 677 678 678 678 678 679 679 679 680 681 681 681 682 690 690 690 691 468 468 614 615 616 616 616 616 617 617 617 617 618 618 618 618 618 619 619 619 619 619 619 620 621 622 622 622 623 624 624 624 625 625 625 626 627 627 628 628 628 629 629 629 629 631 631 631 632 632 632 633
669 669 669 669 669 670 670 670 670 670 670 671 672 672 673 673 673 674 674 674 675 676 676 677 677 677 678 678 678 679 680 680 680 681 681 681 681 682 690 690 690 691 469 469 469 616 616 616 616 617 617 617 617 617 618 618 618 618 619 620 620 620 620 620 620 621 621 622 622 622 623 624 624 624 625 625 625 626 627 627 628 628 628 629 629 629 631 631 631 631 632 632 632 633
669 669 670 670 670 670 670 670 670 670 671 672 672 673 673 673 674 674 675 676 676 676 676 677 677 677 678 679 679 680 680 680 680 681 681 681 682 682 691 691 692 692 692 469 469 470 470 616 616 617 617 617 618 618 619 619 619 619 619 620 620 620 620 620 621 621 621 622 622 622 624 624 624 625 625 625 625 627 627 627 628 628 628 629 629 630 631 631 631 631 632 632 632 633
