testData/tiles/oneDegree/grid42.0-20.0-43.0-21.0.asc
ncols   200
nrows   200
xllcorner   42.0
yllcorner   20.0
cellsize   0.005
NODATA_value   -9999.0
[rows 126 to 167 of 200, columns 94 to 187 of 200]
357 357 357 357 357 357 357 357 357 356 356 356 356 356 356 356 356 356 356 356 356 356 356 356 356 356 356 356 356 356 356 356 356 356 389 389 389 389 389 389 389 389 389 389 389 389 389 389 389 389 389 389 389 389 389 390 390 391 392 392 393 394 394 395 395 396 396 397 397 398 398 399 399 400 400 401 401 401 402 402 403 403 403 404 404 404 405 405 405 406 406 406 406 407
359 359 359 359 359 359 358 358 358 358 358 358 358 358 358 358 358 357 357 357 357 357 357 357 357 356 356 356 356 356 356 356 356 356 389 389 389 389 389 389 389 389 389 389 389 389 389 389 389 389 389 389 389 389 389 390 390 391 392 392 393 394 394 395 395 396 396 397 397 398 398 399 399 400 400 401 401 401 402 402 403 403 403 404 404 404 405 405 405 406 406 406 406 407
361 361 360 360 360 360 360 360 360 360 360 360 360 359 359 359 359 359 359 359 359 359 359 358 358 358 358 358 358 358 358 357 357 357 390 390 390 390 389 389 389 389 389 389 389 389 389 389 389 389 389 389 389 389 389 390 391 391 392 392 393 394 394 395 395 396 396 397 398 398 398 399 399 400 400 401 401 402 402 402 403 403 403 404 404 404 405 405 405 406 406 406 407 407
362 362 362 362 362 362 362 362 362 361 361 361 361 361 361 361 361 361 361 360 360 360 360 360 360 360 360 360 359 359 359 359 359 359 392 391 391 391 391 391 391 391 390 390 390 390 390 390 390 389 389 389 389 389 389 390 391 391 392 393 393 394 394 395 395 396 397 397 398 398 399 399 399 400 400 401 401 402 402 402 403 403 403 404 404 404 405 405 405 406 406 406 407 407
364 364 364 364 363 363 363 363 363 363 363 363 363 363 363 362 362 362 362 362 362 362 362 362 361 361 361 361 361 361 361 361 360 360 393 393 393 393 393 393 392 392 392 392 392 392 391 391 391 391 391 391 390 390 390 391 392 392 392 393 393 394 394 395 396 396 397 397 398 398 399 399 399 400 400 401 401 402 402 402 403 403 403 404 404 404 405 405 405 406 406 406 407 407
365 365 365 365 365 365 365 365 365 365 364 364 364 364 364 364 364 364 364 364 363 363 363 363 363 363 363 363 363 362 362 362 362 362 395 395 395 394 394 394 394 394 394 394 393 393 393 393 393 393 392 392 392 392 392 393 393 393 394 395 395 395 395 396 397 397 397 397 398 398 399 399 400 400 400 401 401 402 402 402 403 403 404 404 404 405 405 405 405 406 406 406 407 407
367 367 367 367 366 366 366 366 366 366 366 366 366 366 366 366 365 365 365 365 365 365 365 365 365 364 364 364 364 364 364 364 364 363 396 396 396 396 396 396 395 395 395 395 395 395 395 394 394 394 394 394 394 393 393 394 395 395 396 396 396 397 397 398 398 398 399 399 400 399 400 400 401 401 400 401 401 402 402 402 403 403 404 404 404 405 405 405 406 406 406 406 407 407
368 368 368 368 368 368 368 368 368 368 367 367 367 367 367 367 367 367 367 367 366 366 366 366 366 366 366 366 366 365 365 365 365 365 398 398 398 397 397 397 397 397 397 397 396 396 396 396 396 396 395 395 395 395 395 396 396 396 397 398 398 399 399 399 400 400 401 400 401 401 402 402 402 402 402 403 403 403 403 403 404 403 404 404 404 405 405 405 406 406 406 406 407 407
370 370 370 369 369 369 369 369 369 369 369 369 369 369 368 368 368 368 368 368 368 368 368 368 367 367 367 367 367 367 367 367 366 366 399 399 399 399 399 399 398 398 398 398 398 398 398 397 397 397 397 397 397 396 396 397 398 398 399 399 399 400 401 401 401 401 402 402 403 403 403 403 404 404 405 404 404 405 405 405 405 405 406 406 405 406 406 406 406 406 406 406 407 407
371 371 371 371 371 371 371 370 370 370 370 370 370 370 370 370 370 370 369 369 369 369 369 369 369 369 369 369 368 368 368 368 368 368 401 401 400 400 400 400 400 400 400 399 399 399 399 399 399 399 398 398 398 398 398 399 399 400 400 401 401 401 402 402 403 403 404 403 404 404 405 405 405 405 406 406 406 406 406 407 407 406 407 407 407 408 407 407 408 408 407 408 408 408
372 372 372 372 372 372 372 372 372 372 372 372 371 371 371 371 371 371 371 371 371 371 370 370 370 370 370 370 370 370 370 369 369 369 402 402 402 402 401 401 401 401 401 401 401 401 400 400 400 400 400 400 399 399 400 400 401 402 401 402 402 403 404 404 404 404 405 405 406 405 406 406 407 407 407 407 407 408 408 408 408 408 409 408 408 409 409 409 409 409 409 410 409 409
374 374 374 373 373 373 373 373 373 373 373 373 373 373 373 372 372 372 372 372 372 372 372 372 372 371 371 371 371 371 371 371 371 403 403 403 403 403 403 403 403 402 402 402 402 402 402 402 401 401 401 401 401 401 401 401 402 403 403 404 404 404 405 405 406 406 406 406 407 407 408 407 408 408 409 409 408 409 409 410 410 409 410 410 410 410 410 410 411 411 410 411 411 411
375 375 375 375 375 375 375 374 374 374 374 374 374 374 374 374 374 374 373 373 373 373 373 373 373 373 373 373 372 372 372 372 372 405 405 405 404 404 404 404 404 404 404 403 403 403 403 403 403 403 402 402 402 402 403 403 403 404 404 405 406 406 406 406 407 407 408 408 408 408 409 409 410 409 410 410 411 411 410 411 411 411 411 411 411 412 412 411 412 412 412 412 412 412
376 376 376 376 376 376 376 376 376 376 375 375 375 375 375 375 375 375 375 375 375 374 374 374 374 374 374 374 374 374 373 373 373 406 406 406 406 406 405 405 405 405 405 405 405 404 404 404 404 404 404 404 403 403 404 404 405 406 405 406 407 407 408 408 408 408 409 409 410 409 410 410 411 411 411 411 412 412 412 412 412 412 413 413 412 413 413 413 413 413 413 414 414 413
377 377 377 377 377 377 377 377 377 377 377 377 377 376 376 376 376 376 376 376 376 376 376 375 375 375 375 375 375 375 375 375 374 407 407 407 407 407 407 407 406 406 406 406 406 406 406 405 405 405 405 405 405 404 405 405 406 407 407 408 408 408 409 409 410 409 410 411 411 412 412 411 412 412 413 413 413 413 413 414 414 413 414 414 415 414 414 414 415 415 414 415 415 415
379 379 378 378 378 378 378 378 378 378 378 378 378 378 378 377 377 377 377 377 377 377 377 377 377 376 376 376 376 376 376 376 376 409 408 408 408 408 408 408 408 407 407 407 407 407 407 407 406 406 406 406 406 406 407 406 407 408 408 409 410 409 410 410 411 412 412 412 412 413 413 413 413 413 414 414 415 414 414 415 415 416 415 415 416 416 416 416 416 416 416 416 416 416
380 380 380 380 379 379 379 379 379 379 379 379 379 379 379 379 379 378 378 378 378 378 378 378 378 378 377 377 377 377 377 377 377 410 410 409 409 409 409 409 409 409 409 408 408 408 408 408 408 408 407 407 407 407 408 409 408 409 410 410 411 411 411 411 412 413 413 414 413 414 414 415 415 414 415 415 416 416 415 416 416 417 417 416 417 417 417 418 417 417 417 418 417 417
381 381 381 381 381 381 380 380 380 380 380 380 380 380 380 380 380 380 379 379 379 379 379 379 379 379 379 379 378 378 378 378 378 411 411 411 410 410 410 410 410 410 410 410 409 409 409 409 409 409 409 408 408 408 409 410 410 410 411 411 412 412 413 413 413 414 414 415 415 415 415 416 416 416 416 416 417 417 417 417 417 418 418 418 418 418 418 419 419 418 418 419 419 418
382 382 382 382 382 382 382 382 381 381 381 381 381 381 381 381 381 381 381 380 380 380 380 380 380 380 380 380 380 379 379 379 379 412 412 412 412 411 411 411 411 411 411 411 411 410 410 410 410 410 410 410 409 409 410 411 411 412 412 412 413 413 414 415 414 415 415 416 416 417 416 417 417 417 418 417 418 418 419 419 418 419 419 419 420 419 419 420 420 420 420 420 420 420
383 383 383 383 383 383 383 383 382 382 382 382 382 382 382 382 382 382 382 382 381 381 381 381 381 381 381 381 381 381 380 380 380 413 413 413 413 413 412 412 412 412 412 412 412 411 411 411 411 411 411 411 410 410 411 412 412 413 414 413 414 414 415 416 416 416 416 417 417 418 417 418 418 419 419 419 419 419 420 420 420 420 420 420 421 421 420 421 421 421 421 421 421 421
384 384 384 384 384 384 384 384 384 383 383 383 383 383 383 383 383 383 383 383 382 382 382 382 382 382 382 382 382 382 381 381 381 414 414 414 414 414 413 413 413 413 413 413 413 413 412 412 412 412 412 412 412 411 412 413 413 414 415 414 415 416 416 417 417 417 417 418 418 419 419 419 419 420 420 420 420 420 421 421 421 421 421 421 422 422 421 422 422 422 423 422 422 422
385 385 385 385 385 385 385 385 385 384 384 384 384 384 384 384 384 384 384 384 384 383 383 383 383 383 383 383 383 383 382 382 382 415 415 415 415 415 415 414 414 414 414 414 414 414 413 413 413 413 413 413 413 412 413 414 414 415 416 416 416 417 417 418 418 419 418 419 419 420 420 420 420 421 421 421 422 421 422 422 422 423 422 422 423 423 423 423 423 423 424 423 423 423
386 386 386 386 386 386 386 386 386 385 385 385 385 385 385 385 385 385 385 385 385 384 384 384 384 384 384 384 384 384 383 383 383 416 416 416 416 416 416 415 415 415 415 415 415 415 414 414 414 414 414 414 414 413 414 415 415 416 417 417 417 418 418 419 419 420 419 420 420 421 421 421 421 422 422 422 423 422 423 423 423 424 423 423 424 424 424 424 424 424 425 424 424 424
387 387 387 387 387 387 387 387 387 386 386 386 386 386 386 386 386 386 386 386 385 385 385 385 385 385 385 385 385 385 384 384 384 417 417 417 417 417 417 416 416 416 416 416 416 416 415 415 415 415 415 415 415 414 415 416 417 417 418 418 418 419 419 420 420 421 420 421 421 422 422 423 422 423 423 423 424 423 424 424 424 425 424 424 425 425 425 425 425 425 426 426 425 425
388 388 388 388 388 388 388 388 387 387 387 387 387 387 387 387 387 387 387 387 386 386 386 386 386 386 386 386 386 386 385 385 385 418 418 418 418 418 417 417 417 417 417 417 417 417 416 416 416 416 416 416 416 415 416 417 418 418 419 419 419 420 420 421 421 422 421 422 422 423 423 423 423 424 424 425 425 424 425 425 425 426 425 425 426 426 426 426 426 426 427 427 426 427
389 389 389 389 389 389 389 388 388 388 388 388 388 388 388 388 388 388 388 387 387 387 387 387 387 387 387 387 387 386 386 386 386 419 419 419 419 419 418 418 418 418 418 418 418 417 417 417 417 417 417 417 417 416 417 418 419 419 420 420 420 421 421 422 422 422 422 423 423 424 424 424 424 425 425 426 426 425 426 426 426 427 426 427 427 427 428 427 427 427 428 428 427 428
390 390 390 390 390 389 389 389 389 389 389 389 389 389 389 389 389 389 388 388 388 388 388 388 388 388 388 388 387 387 387 387 387 420 420 420 420 419 419 419 419 419 419 419 419 418 418 418 418 418 418 418 417 418 418 419 420 420 421 421 421 422 422 423 423 423 423 424 424 425 425 425 425 426 426 427 426 426 427 427 427 427 427 428 428 428 429 428 428 428 429 428 428 429
391 391 391 390 390 390 390 390 390 390 390 390 390 390 390 390 389 389 389 389 389 389 389 389 389 389 389 388 388 388 388 388 388 421 421 421 420 420 420 420 420 420 420 420 419 419 419 419 419 419 419 418 418 419 419 420 421 421 421 422 422 423 423 424 423 424 424 425 425 426 425 426 426 427 427 428 427 427 428 428 429 428 428 429 429 429 429 429 429 429 430 429 429 430
392 391 391 391 391 391 391 391 391 391 391 391 391 391 390 390 390 390 390 390 390 390 390 390 390 389 389 389 389 389 389 389 389 422 421 421 421 421 421 421 421 421 421 420 420 420 420 420 420 420 419 419 419 420 420 421 422 421 422 423 423 424 424 424 424 425 426 426 427 426 426 427 427 428 428 428 428 428 429 429 429 429 429 430 430 430 430 430 430 431 430 430 430 431
392 392 392 392 392 392 392 392 392 392 392 392 391 391 391 391 391 391 391 391 391 391 391 390 390 390 390 390 390 390 390 390 390 422 422 422 422 422 422 422 422 421 421 421 421 421 421 421 421 420 420 420 420 421 421 422 422 422 423 424 424 425 424 425 426 426 427 427 428 427 427 428 428 429 428 429 429 429 430 430 430 430 430 431 431 430 431 431 431 432 431 431 431 432
393 393 393 393 393 393 393 393 393 392 392 392 392 392 392 392 392 392 392 392 392 391 391 391 391 391 391 391 391 391 391 390 390 423 423 423 423 423 423 423 422 422 422 422 422 422 422 422 421 421 421 421 421 422 422 422 423 423 424 425 425 425 425 426 427 427 428 427 428 428 429 429 429 429 429 430 430 430 431 430 431 431 431 432 431 431 432 432 432 432 432 432 432 433
394 394 394 394 394 394 393 393 393 393 393 393 393 393 393 393 393 393 393 392 392 392 392 392 392 392 392 392 392 391 391 391 391 424 424 424 424 424 423 423 423 423 423 423 423 423 422 422 422 422 422 422 422 422 422 423 424 424 425 426 425 426 426 427 428 428 428 428 429 429 430 430 429 430 430 431 431 432 431 431 432 432 432 432 432 432 433 433 432 433 433 433 433 433
395 395 394 394 394 394 394 394 394 394 394 394 394 394 394 394 393 393 393 393 393 393 393 393 393 393 393 392 392 392 392 392 425 425 425 425 424 424 424 424 424 424 424 424 423 423 423 423 423 423 423 423 422 423 423 424 425 425 425 426 426 427 427 428 429 428 429 429 430 430 431 430 430 431 431 432 431 432 432 432 433 433 432 433 433 433 434 433 433 434 434 434 433 434
395 395 395 395 395 395 395 395 395 395 395 395 394 394 394 394 394 394 394 394 394 394 394 394 393 393 393 393 393 393 393 393 426 425 425 425 425 425 425 425 425 425 424 424 424 424 424 424 424 424 423 423 423 424 424 425 426 426 426 427 427 428 429 428 429 429 430 430 431 430 431 431 431 432 432 432 432 433 433 433 434 433 433 434 434 434 434 434 434 435 435 434 434 435
396 396 396 396 396 396 396 396 395 395 395 395 395 395 395 395 395 395 395 395 395 394 394 394 394 394 394 394 394 394 394 393 426 426 426 426 426 426 426 426 425 425 425 425 425 425 425 424 424 424 424 424 424 425 426 425 426 427 427 428 428 428 429 429 430 430 431 431 431 431 432 432 433 433 432 433 433 434 434 433 434 434 434 435 434 434 435 435 435 435 435 435 435 436
397 397 397 396 396 396 396 396 396 396 396 396 396 396 396 396 396 395 395 395 395 395 395 395 395 395 395 395 394 394 394 394 427 427 427 427 427 426 426 426 426 426 426 426 426 425 425 425 425 425 425 425 425 425 426 426 427 428 428 428 428 429 430 430 431 431 431 431 432 432 433 433 433 433 433 434 434 435 434 434 435 435 435 435 435 435 436 436 435 436 436 436 437 436
397 397 397 397 397 397 397 397 397 397 397 397 397 396 396 396 396 396 396 396 396 396 396 396 395 395 395 395 395 395 395 395 428 428 427 427 427 427 427 427 427 427 426 426 426 426 426 426 426 426 425 425 425 426 427 427 428 428 428 429 429 430 431 431 431 431 432 432 433 433 433 433 434 434 434 435 434 435 435 435 436 435 435 436 436 436 436 436 436 437 437 436 437 437
398 398 398 398 398 398 398 398 397 397 397 397 397 397 397 397 397 397 397 397 396 396 396 396 396 396 396 396 396 396 395 395 428 428 428 428 428 428 428 427 427 427 427 427 427 427 427 426 426 426 426 426 426 427 428 427 428 429 429 430 430 431 431 431 432 432 433 433 433 433 434 434 435 435 434 435 435 436 436 435 436 436 436 437 437 436 437 437 437 438 437 437 438 438
399 399 398 398 398 398 398 398 398 398 398 398 398 398 398 398 397 397 397 397 397 397 397 397 397 397 397 396 396 396 396 396 429 429 429 429 428 428 428 428 428 428 428 428 427 427 427 427 427 427 427 427 426 427 428 428 429 430 430 430 431 431 432 432 433 433 433 433 434 434 435 435 435 435 435 436 436 436 436 436 437 437 438 437 437 438 438 438 437 438 438 438 439 438
399 399 399 399 399 399 399 399 399 399 398 398 398 398 398 398 398 398 398 398 398 398 397 397 397 397 397 397 397 397 397 397 429 429 429 429 429 429 429 429 429 428 428 428 428 428 428 428 428 427 427 427 427 428 429 429 429 430 430 431 432 432 433 432 433 433 434 434 435 434 435 435 436 436 436 436 436 437 437 437 438 437 438 438 438 439 438 438 438 439 439 438 439 439
400 400 400 400 399 399 399 399 399 399 399 399 399 399 399 399 399 398 398 398 398 398 398 398 398 398 398 398 397 397 397 397 430 430 430 430 430 430 429 429 429 429 429 429 429 429 428 428 428 428 428 428 428 428 429 429 430 431 431 432 432 432 433 433 434 434 435 434 435 435 436 436 437 436 437 437 437 438 438 437 438 438 439 439 438 439 439 439 439 439 439 439 440 440
400 400 400 400 400 400 400 400 400 400 400 400 399 399 399 399 399 399 399 399 399 399 399 399 398 398 398 398 398 398 398 398 431 430 430 430 430 430 430 430 430 430 429 429 429 429 429 429 429 429 428 428 428 429 430 430 431 431 431 432 433 433 434 434 434 434 435 435 436 436 436 436 437 437 438 438 437 438 438 438 439 439 439 439 439 440 440 439 439 440 440 440 440 440
