testData/tiles/oneDegree/grid13.0-37.0-14.0-38.0.asc
ncols   200
nrows   200
xllcorner   13.0
yllcorner   37.0
cellsize   0.005
NODATA_value   -9999.0
[rows 126 to 167 of 200, columns 94 to 187 of 200]
493 493 495 496 496 498 499 499 501 502 501 502 504 504 505 507 507 508 512 515 519 523 527 530 533 536 540 542 544 546 549 551 553 557 558 560 561 563 564 566 566 569 569 571 571 572 572 573 573 575 575 576 575 576 575 576 575 574 575 574 574 573 573 571 569 569 567 567 565 563 562 559 558 555 552 550 548 546 546 546 546 547 547 548 548 548 550 550 549 550 550 551 552 552
493 494 495 496 496 498 499 499 501 502 502 502 504 504 505 507 507 508 511 516 519 522 526 530 532 535 539 541 543 546 549 550 553 556 557 559 560 562 563 565 566 568 569 570 571 573 572 573 573 575 575 575 575 576 575 575 574 573 574 573 573 572 573 570 569 568 566 566 564 562 561 560 557 554 552 550 547 545 546 546 546 547 547 548 548 548 550 550 550 550 550 551 552 552
493 494 495 496 496 498 499 499 501 502 502 503 504 504 505 507 507 508 512 515 518 522 525 529 531 535 539 541 544 545 548 550 552 555 557 559 560 563 563 564 565 568 568 570 570 572 571 572 572 574 574 575 574 576 575 574 574 574 574 573 573 571 572 570 568 567 567 566 564 562 560 559 556 554 551 549 547 545 546 546 547 547 547 548 548 549 550 550 550 550 550 551 552 552
493 495 496 495 496 498 499 499 501 502 502 504 504 504 505 507 507 508 511 514 517 521 525 528 531 535 538 540 543 545 548 549 552 555 556 558 559 562 562 564 565 567 568 569 569 572 572 572 572 574 573 574 574 575 575 574 573 573 573 572 572 571 572 570 568 567 566 565 563 561 560 558 556 553 550 549 546 545 546 546 548 547 547 548 548 549 550 550 550 550 551 551 552 552
493 495 496 495 497 498 499 499 501 502 502 504 504 504 505 507 507 508 510 514 518 520 524 528 530 534 538 540 542 545 547 548 551 554 556 558 559 562 562 563 565 567 567 569 570 571 571 571 571 573 573 574 573 575 574 573 573 573 573 572 572 571 571 569 567 566 565 565 563 560 559 558 556 552 550 549 545 545 546 546 548 547 547 548 548 549 550 550 550 551 551 551 552 552
493 495 496 496 497 498 499 499 501 502 502 504 505 504 506 507 507 508 510 513 517 521 523 527 529 534 537 539 542 545 546 548 550 554 555 557 559 561 562 563 565 566 567 568 569 571 571 571 572 573 572 573 573 574 574 573 572 572 572 571 571 571 570 569 567 566 565 564 562 560 559 557 555 552 549 548 545 545 546 546 548 548 547 548 548 549 550 550 550 551 551 551 552 552
493 495 496 496 497 498 499 500 501 502 502 504 505 504 506 507 507 508 510 512 516 520 523 526 529 533 536 538 541 544 547 547 551 552 554 557 559 561 561 562 564 566 566 567 569 570 570 571 571 572 572 572 573 574 573 572 571 572 572 571 570 570 570 568 567 565 564 563 561 559 559 556 555 551 548 547 545 545 546 546 548 548 547 548 548 549 550 550 550 551 551 551 552 552
493 495 496 496 498 498 499 500 501 502 502 504 505 505 506 507 507 508 510 511 516 519 522 526 528 532 535 538 542 543 546 547 550 552 554 556 558 560 561 563 563 565 565 567 568 569 570 571 571 571 571 572 572 573 572 572 572 571 571 570 570 570 569 568 566 565 564 563 561 558 558 556 554 551 548 546 545 545 546 547 547 548 547 548 549 549 550 550 550 552 552 551 552 552
493 495 496 496 498 498 499 500 501 502 503 504 505 505 506 507 507 509 510 511 515 519 522 525 528 532 534 537 541 543 546 546 550 551 553 555 557 559 560 562 563 564 565 566 568 569 569 570 571 571 571 571 572 572 572 571 572 570 570 569 569 569 568 567 566 566 563 562 560 558 558 555 553 551 548 546 545 545 546 547 547 548 548 548 549 549 550 550 550 552 552 551 551 552
494 495 496 496 498 499 499 500 501 502 503 504 505 505 506 507 507 509 510 510 514 518 522 524 528 531 533 536 540 542 545 546 549 550 553 555 557 559 560 562 562 564 564 566 567 568 568 569 570 570 570 571 571 571 571 571 572 571 570 569 569 568 567 566 565 565 562 561 559 557 557 554 552 550 548 545 545 545 546 547 547 548 548 547 549 549 550 550 550 552 552 551 551 552
333 495 496 496 498 499 498 500 501 502 503 504 505 505 507 507 507 509 510 510 513 517 521 525 527 531 533 536 540 542 544 546 548 550 552 553 556 558 559 562 563 563 564 566 566 568 568 569 570 570 569 570 571 570 571 570 571 570 569 568 569 568 566 566 564 565 562 561 559 558 556 554 551 549 547 545 545 545 546 547 547 548 548 547 549 549 549 550 550 551 552 552 551 552
333 495 496 497 498 499 499 500 501 502 503 504 505 505 507 507 507 509 510 510 513 517 520 524 527 530 532 535 539 541 544 545 549 549 551 554 556 558 559 561 562 563 563 566 566 567 567 569 569 570 569 570 570 570 570 569 571 570 569 568 568 567 566 565 564 564 562 559 558 557 556 553 550 549 547 545 545 545 546 547 547 548 548 548 549 549 549 550 550 551 552 552 551 552
333 495 496 497 498 499 499 500 501 502 503 504 505 506 507 508 507 509 509 510 513 516 520 523 526 529 531 534 538 540 543 546 548 549 551 553 555 557 558 561 561 563 563 565 565 567 567 569 569 570 568 569 570 569 569 569 570 569 569 567 568 567 565 565 563 563 561 558 557 556 555 552 550 548 546 546 545 545 546 547 547 548 548 548 549 549 549 550 550 551 552 552 551 552
333 495 496 497 498 499 500 500 501 502 503 504 505 506 507 508 507 509 509 510 512 515 519 523 526 528 531 534 537 540 542 545 547 548 550 552 554 555 557 560 561 562 562 564 565 566 566 568 568 569 569 568 569 568 569 568 569 568 568 566 567 566 564 564 563 563 561 558 557 555 554 552 549 547 545 546 545 545 547 547 547 548 548 549 549 549 549 550 551 551 552 552 552 552
333 495 495 497 498 499 500 501 501 501 503 504 505 506 507 507 508 509 509 510 512 514 518 522 525 528 530 534 536 539 542 544 547 548 550 552 554 555 557 560 560 562 561 564 564 565 565 567 567 567 568 568 568 568 568 569 569 568 568 566 566 565 564 563 563 562 560 558 556 555 553 551 548 546 545 546 545 545 547 547 547 548 548 549 550 549 549 550 551 551 552 552 552 553
333 495 495 497 498 499 500 501 501 501 503 504 504 506 507 507 508 509 509 510 512 514 518 520 525 528 529 533 535 538 541 544 546 548 549 551 553 554 556 558 560 561 562 563 563 565 565 567 567 567 567 567 568 567 568 568 568 567 567 566 565 565 563 563 562 561 559 557 555 554 553 550 548 547 545 545 546 545 547 547 547 548 548 549 550 549 549 550 551 551 552 552 552 553
333 495 495 497 498 499 500 501 502 501 503 504 504 506 507 507 509 509 509 510 512 513 517 519 524 527 529 533 535 538 540 543 546 547 549 550 553 554 555 557 559 560 561 562 563 563 564 565 566 566 567 568 567 567 567 567 567 567 567 565 564 564 563 562 561 561 559 557 556 553 552 549 547 546 545 545 546 545 547 547 547 548 548 549 550 549 549 550 551 551 552 552 552 554
334 334 495 497 498 499 500 501 502 502 503 504 504 506 507 507 509 510 509 510 512 512 516 519 523 527 528 532 534 537 540 542 545 546 549 550 552 553 555 557 558 559 560 561 562 562 564 565 566 565 566 567 566 566 566 567 567 566 566 566 564 563 562 561 561 559 558 556 556 553 551 549 546 545 545 545 546 545 547 547 547 548 548 549 550 550 549 550 551 551 552 552 552 393
334 334 495 497 498 499 500 501 502 503 503 504 504 506 507 507 509 510 509 510 512 512 515 519 523 526 528 531 533 536 538 542 544 546 548 549 551 552 554 556 558 558 560 561 562 562 563 564 565 565 566 566 566 565 566 566 566 565 564 565 564 563 561 561 560 558 557 555 555 552 550 548 545 545 545 545 546 546 546 547 547 548 548 549 550 550 549 550 551 551 552 552 552 393
334 334 495 497 498 498 500 501 502 503 503 504 504 506 507 507 509 510 510 510 511 512 515 518 522 525 528 531 533 536 537 541 544 545 547 550 551 552 554 555 557 558 560 561 561 561 562 563 564 564 565 566 566 565 565 565 566 565 564 565 563 562 561 560 559 558 557 555 555 552 549 547 545 545 545 545 546 546 546 547 547 548 548 549 550 550 549 550 551 551 552 552 552 393
334 335 495 497 498 498 500 501 502 503 503 504 504 506 507 507 509 510 510 510 511 512 514 518 521 524 527 531 532 535 537 540 543 544 547 549 550 551 554 555 556 557 560 560 561 561 563 563 564 564 564 565 566 564 564 565 565 564 563 564 563 561 560 559 559 557 556 554 554 552 548 547 544 545 545 545 546 546 546 547 547 547 548 549 550 550 550 550 551 551 552 552 552 392
334 334 495 497 498 498 500 501 502 503 504 504 504 506 507 507 509 510 510 510 511 512 513 517 520 523 526 530 531 534 536 540 541 544 547 548 549 550 553 554 556 556 559 559 561 560 562 562 563 563 564 564 565 563 564 564 563 563 562 563 562 562 559 559 558 556 555 553 553 551 547 546 543 545 545 545 546 546 547 547 547 547 548 549 550 550 550 550 551 551 551 552 552 392
334 334 497 497 498 498 500 501 501 503 504 504 504 506 507 507 509 509 510 511 511 512 513 516 520 522 525 530 531 533 535 539 540 543 546 548 550 550 553 553 555 556 558 559 560 559 561 561 562 562 563 564 564 564 563 563 563 563 562 563 561 561 558 557 557 555 555 553 552 550 547 545 543 544 545 545 546 546 547 547 547 547 549 549 549 550 550 550 551 551 551 552 552 392
545 545 708 497 498 498 500 501 501 503 504 504 505 506 506 507 509 509 510 512 511 512 513 515 519 521 525 529 531 533 535 538 540 542 546 547 549 549 552 553 554 555 558 558 559 560 561 561 562 562 563 563 564 563 562 563 562 562 561 562 561 560 558 557 557 555 554 552 552 549 547 544 543 544 545 545 546 547 547 547 547 547 549 549 549 550 550 550 551 551 551 552 552 392
545 545 547 708 709 709 711 501 501 503 504 504 505 506 506 507 509 509 510 512 512 512 513 514 518 521 524 528 530 532 535 538 539 542 544 546 548 549 551 552 554 554 557 557 559 559 560 560 561 561 563 562 563 562 561 562 561 561 560 561 560 560 558 557 556 554 553 551 550 549 546 543 543 544 545 545 546 547 547 547 547 547 549 549 549 550 550 551 551 551 551 552 391 392
545 545 547 709 708 709 711 712 712 714 715 504 505 506 506 507 509 509 510 512 512 512 512 514 517 520 523 526 529 531 534 537 538 541 543 545 548 549 551 551 553 554 556 557 558 558 559 559 560 560 562 562 562 562 561 561 561 561 560 560 559 559 557 556 555 553 552 550 549 548 545 543 543 544 545 545 546 547 547 548 547 547 549 549 549 550 550 551 551 551 551 552 392 392
544 545 547 709 708 709 711 712 712 714 715 715 717 717 717 507 509 509 510 512 512 512 512 514 516 519 522 526 529 532 533 536 538 540 542 545 546 548 550 551 552 553 556 556 557 558 560 559 560 560 561 561 561 561 560 561 560 560 559 560 558 557 557 555 554 553 552 550 548 547 544 544 543 544 545 545 545 547 547 548 547 547 549 549 549 550 550 551 551 551 551 552 392 392
544 545 547 709 709 709 711 712 712 714 715 715 717 717 717 718 720 720 721 512 512 513 512 514 516 518 522 525 528 531 533 535 537 539 542 544 545 547 549 550 552 552 555 555 557 557 559 558 559 559 560 560 560 560 560 560 559 559 558 559 558 556 556 555 554 552 551 549 548 546 544 544 543 544 545 545 545 547 547 548 547 547 549 549 549 550 550 551 552 551 551 552 392 392
544 545 547 709 709 709 711 711 712 714 715 715 717 718 717 718 720 720 721 722 723 724 512 514 515 517 521 524 527 529 532 535 536 539 541 543 544 546 548 549 550 552 554 555 556 556 558 557 557 558 559 560 559 560 559 560 558 558 557 558 557 556 555 555 553 551 549 548 547 545 543 543 543 544 545 545 545 547 547 547 548 547 549 549 549 550 550 551 552 551 551 552 392 392
544 545 547 709 709 709 711 711 712 714 714 715 717 718 717 718 719 720 721 722 723 724 723 725 725 728 520 523 526 528 532 534 535 538 540 543 544 546 548 549 549 551 552 554 554 555 557 558 557 557 558 559 558 559 558 560 558 558 557 557 556 555 554 554 552 550 548 547 546 545 543 543 545 544 545 545 545 547 547 547 548 547 548 549 549 550 550 551 552 551 551 552 392 392
544 545 547 547 709 710 711 711 712 714 714 715 717 717 717 718 719 720 721 722 723 724 724 725 725 727 730 733 737 738 531 533 535 537 540 542 543 545 547 548 549 550 552 553 554 555 556 557 556 557 558 558 558 558 558 559 557 557 556 556 556 554 554 553 552 549 548 546 545 544 543 543 545 544 545 545 545 547 547 547 548 547 548 549 549 549 550 551 551 551 551 390 392 392
544 545 547 547 709 710 711 711 712 714 714 715 717 717 718 718 719 720 721 722 723 724 724 725 725 726 729 733 736 738 742 742 745 536 539 541 542 544 546 548 548 549 551 552 553 554 555 556 555 556 557 557 557 557 557 558 557 556 555 555 555 553 553 552 552 549 547 546 544 543 543 543 545 544 544 545 545 547 547 547 548 547 548 549 549 549 550 551 551 552 551 390 392 392
521 545 547 547 709 710 711 711 712 714 714 715 717 717 718 718 719 720 721 722 723 723 724 725 725 726 729 732 735 737 741 743 744 747 749 751 542 544 546 547 547 549 550 552 552 553 554 556 554 555 556 557 556 557 556 557 557 555 555 554 554 553 552 552 550 548 546 545 544 543 543 543 544 544 544 545 545 547 547 547 548 548 548 549 549 549 550 551 551 552 551 390 392 392
521 522 524 524 709 710 711 711 712 714 714 715 717 717 718 718 719 720 721 722 723 723 724 726 725 726 727 731 734 736 740 742 743 745 748 751 752 754 756 758 546 548 550 551 551 553 554 555 555 555 555 556 556 556 555 557 556 554 554 554 553 552 551 551 549 547 545 544 543 542 543 543 544 545 544 545 545 547 547 547 548 548 548 549 549 549 550 551 551 552 551 390 392 392
521 522 523 524 686 687 688 711 712 714 714 715 717 717 718 719 719 720 720 722 723 723 724 726 725 726 726 730 733 735 739 741 743 744 748 750 751 753 755 757 758 758 760 550 551 552 553 554 554 554 555 555 555 555 555 555 555 553 553 553 553 551 551 550 548 547 544 543 542 542 543 543 544 545 544 545 545 546 547 547 548 548 548 549 549 549 550 551 551 552 551 390 392 392
521 522 523 524 686 687 688 689 689 690 714 715 717 717 718 718 719 720 720 722 723 723 724 726 725 726 726 729 732 734 738 740 743 743 747 748 750 752 754 756 757 758 759 761 761 762 552 553 553 553 554 555 554 554 554 554 554 553 552 552 552 550 549 549 547 546 543 542 542 542 543 543 544 545 544 545 545 546 547 547 548 548 548 549 549 549 550 551 551 552 552 390 392 392
521 522 523 524 525 687 688 689 689 690 691 692 693 694 718 718 719 720 720 722 723 723 724 725 726 726 726 728 731 734 738 739 742 743 746 747 749 751 753 755 756 757 758 760 760 761 763 764 764 553 553 554 553 553 553 553 553 553 551 551 551 550 548 548 547 546 543 540 542 542 543 543 543 545 544 545 545 546 547 547 547 548 549 549 549 549 550 551 551 552 391 390 390 392
521 522 523 524 525 686 688 689 689 690 691 692 693 694 695 695 697 720 720 722 723 723 724 725 726 726 726 728 730 733 736 739 741 742 745 746 749 750 753 754 755 757 758 759 759 761 762 763 763 763 763 763 764 552 552 553 553 552 551 550 550 549 547 548 546 545 542 540 542 542 543 543 543 545 545 545 545 546 547 547 547 548 549 548 549 549 549 551 551 551 391 390 390 392
521 521 523 524 525 686 688 689 690 690 691 692 692 694 695 695 697 697 697 698 723 723 724 725 726 726 726 728 729 732 734 738 740 742 744 746 748 749 752 753 755 755 757 757 759 759 761 761 762 762 762 762 763 762 763 763 552 551 550 550 548 548 546 546 545 544 542 540 542 542 543 543 543 545 545 545 545 545 547 547 547 548 549 548 549 549 549 551 551 551 391 390 390 392
521 521 522 524 525 686 688 689 689 690 691 692 692 694 695 695 697 697 697 698 699 700 701 702 726 727 726 728 728 731 733 737 740 741 744 745 747 748 751 752 754 754 756 756 758 758 760 760 761 761 761 761 762 761 762 762 762 761 761 549 548 547 546 545 544 543 541 540 542 542 543 543 543 545 545 544 545 545 547 547 547 548 548 548 549 549 549 550 551 551 391 391 390 392
522 521 522 524 525 686 688 689 689 690 691 691 692 694 695 695 697 697 697 698 699 700 701 702 703 703 703 705 728 730 732 736 738 740 742 744 746 747 750 751 753 754 755 756 757 757 759 759 760 760 761 761 761 761 761 761 761 760 759 759 758 546 545 544 543 541 541 540 542 542 542 543 543 545 545 544 545 545 547 547 547 548 548 549 549 549 549 550 551 551 391 391 390 392
521 521 522 524 524 525 688 689 689 690 691 691 692 694 694 695 697 697 697 698 699 700 701 702 703 703 703 705 705 706 708 712 737 739 741 743 745 747 749 750 752 753 755 755 756 757 758 759 760 760 760 760 760 760 760 760 761 760 758 758 757 756 755 754 542 540 541 540 542 542 542 543 543 545 545 545 545 545 546 547 547 548 548 549 549 549 549 550 551 390 391 391 390 392
