testData/tiles/oneDegree/grid38.0-18.0-39.0-19.0.asc
ncols   200
nrows   200
xllcorner   38.0
yllcorner   18.0
cellsize   0.005
NODATA_value   -9999.0
[rows 126 to 167 of 200, columns 0 to 93 of 200]
680 680 681 680 680 680 712 712 712 713 713 713 713 713 712 712 712 714 714 714 714 714 714 714 714 713 714 714 714 714 714 715 715 715 714 715 715 715 716 716 716 717 717 717 717 717 719 720 720 721 721 721 721 721 721 721 722 722 723 724 724 723 724 724 725 725 726 726 725 726 726 726 726 792 792 792 791 792 792 792 792 793 793 792 792 987 987 988 988 988 988 989 989 990
680 680 680 680 680 680 680 680 711 712 713 713 713 712 712 712 712 713 713 713 713 713 714 714 713 713 714 714 714 714 714 714 714 714 713 713 715 716 716 716 717 717 717 717 717 718 719 719 720 720 720 721 721 721 722 722 722 722 724 724 723 724 724 788 789 789 789 789 789 789 789 791 791 792 792 792 792 792 792 793 793 793 793 792 793 793 987 987 988 988 987 987 988 989
679 678 679 680 680 680 680 680 680 712 712 712 712 711 712 712 712 713 713 713 713 713 713 712 712 712 713 714 714 714 714 714 714 713 713 713 715 715 715 716 716 717 717 717 718 718 719 720 720 720 721 720 720 721 721 721 786 786 787 787 788 788 788 789 789 789 790 789 789 789 790 790 790 791 792 791 791 791 792 792 793 793 793 793 793 793 793 794 988 987 987 988 989 989
679 678 679 679 679 679 679 680 680 681 712 712 711 711 711 711 711 711 712 713 713 713 713 712 712 712 713 713 713 713 713 713 713 713 713 714 715 715 716 716 717 717 716 717 717 717 719 719 720 721 785 784 785 785 785 786 786 786 787 787 787 787 788 788 788 789 790 789 789 790 790 790 790 792 791 791 791 792 792 792 792 793 792 792 792 793 793 793 793 792 988 988 989 989
677 678 679 679 679 679 679 679 679 679 680 710 711 711 711 711 711 711 712 712 712 712 711 711 712 712 713 713 713 713 713 713 712 712 713 713 714 715 716 716 717 716 717 717 781 782 782 783 784 784 783 784 784 784 786 786 786 787 786 787 787 788 788 788 789 789 788 788 789 789 789 790 790 791 791 792 792 792 792 793 793 792 792 792 793 793 793 793 793 793 793 793 988 989
677 677 678 678 678 679 679 679 679 679 680 679 710 710 710 710 710 711 712 712 712 711 711 711 711 711 711 712 712 712 713 712 712 713 713 713 715 715 715 780 780 780 780 780 781 782 782 784 784 783 784 784 784 785 785 785 786 786 785 786 787 787 788 789 789 789 788 789 789 789 790 790 790 790 791 791 791 791 792 792 792 791 792 792 793 793 793 794 793 793 793 793 794 795
677 677 678 678 678 678 678 678 678 678 679 679 679 710 710 710 710 710 711 711 711 710 711 711 711 711 711 712 712 712 712 711 711 712 712 777 779 779 780 780 779 780 780 780 781 781 782 783 783 783 783 784 785 785 785 785 786 785 785 787 787 787 788 788 788 787 788 788 788 789 790 790 790 790 791 791 791 792 792 792 791 792 792 792 792 792 793 792 792 792 793 793 793 794
676 676 677 677 678 678 678 678 678 677 678 678 678 678 678 710 710 710 711 711 710 710 710 710 710 710 710 711 712 712 775 775 776 776 776 777 778 779 779 778 779 779 780 781 781 781 782 783 782 783 783 783 784 784 784 785 785 784 785 787 787 788 788 788 788 788 788 788 788 789 789 789 789 789 790 790 791 791 791 791 792 792 792 792 792 793 793 792 792 793 793 793 793 792
676 676 677 677 677 677 677 677 676 677 678 678 678 678 678 678 709 709 710 709 709 710 710 710 710 710 774 775 775 774 774 774 775 775 777 777 777 779 779 779 779 779 780 780 780 781 781 782 782 783 783 784 784 784 785 785 784 785 785 785 786 787 787 787 787 787 787 788 789 789 789 790 789 789 790 791 791 791 791 791 791 791 791 791 792 792 791 791 792 792 792 793 793 793
675 675 675 677 677 677 677 676 676 676 677 677 677 677 678 678 678 709 709 709 709 709 709 773 773 773 773 775 774 774 774 775 775 775 776 776 777 778 777 778 779 779 780 780 780 781 781 780 782 782 782 783 783 783 784 783 783 785 785 785 787 787 787 786 787 787 787 788 788 788 788 788 788 788 788 790 791 791 790 791 791 791 791 792 792 792 791 791 792 792 792 792 792 792
675 675 675 676 676 676 676 675 676 676 677 677 677 677 677 677 677 677 707 772 773 773 773 773 773 773 773 774 773 773 773 774 774 776 776 776 777 777 777 778 778 779 779 779 780 780 779 781 782 782 783 783 783 784 784 783 784 784 784 784 786 786 786 786 786 787 787 788 788 788 789 788 788 788 789 790 790 790 790 790 790 790 791 791 791 790 790 791 792 792 792 792 792 792
674 674 674 676 676 676 675 675 675 675 675 676 676 676 677 677 741 740 740 772 772 772 772 772 772 772 773 772 773 773 774 774 774 775 775 775 776 776 777 778 778 779 779 779 780 780 779 780 781 781 782 782 782 783 782 783 784 784 784 785 786 786 785 786 786 786 787 787 787 787 787 787 787 787 788 790 790 789 790 790 790 790 791 791 790 790 791 791 791 791 791 791 791 791
674 674 674 675 675 674 674 674 675 675 675 676 740 740 740 740 739 739 739 741 772 772 772 772 772 772 771 771 772 772 773 773 774 775 775 776 775 776 777 777 777 778 778 778 779 778 779 780 781 782 782 782 783 783 782 782 783 783 783 784 784 785 785 785 786 786 787 787 787 787 787 787 787 788 788 788 789 789 789 789 789 790 790 790 789 789 791 791 791 791 791 791 791 791
673 673 673 675 674 674 674 674 674 738 738 739 739 739 740 739 739 739 739 740 740 740 771 771 771 771 771 771 772 772 773 773 774 774 774 774 774 774 776 777 778 778 778 779 778 778 779 779 779 781 781 781 782 781 781 783 783 783 783 784 784 784 785 785 785 785 786 786 786 786 786 786 786 787 788 788 788 789 789 789 789 790 790 789 789 789 790 790 790 790 790 790 790 790
673 673 673 672 673 673 737 737 738 738 738 739 739 739 739 738 738 738 738 739 740 740 740 771 771 770 770 770 771 771 772 772 774 774 774 774 774 774 776 776 777 777 777 778 777 777 778 779 779 781 781 781 781 781 781 782 782 782 782 783 782 783 784 784 785 786 786 786 785 786 786 786 786 787 787 787 786 788 788 788 788 789 789 788 788 790 790 790 790 790 790 790 790 790
672 672 671 672 737 737 737 737 737 737 737 738 738 738 738 738 738 738 738 738 739 739 739 739 769 769 770 770 770 771 772 772 773 773 772 773 773 773 775 775 777 777 777 777 777 777 778 778 778 780 780 780 780 780 780 782 782 782 783 783 782 782 784 784 784 785 785 785 784 785 785 785 785 786 787 786 786 788 788 788 788 789 788 788 788 789 789 789 789 788 789 789 789 789
672 736 735 735 736 736 736 736 736 737 737 737 738 737 737 737 737 737 737 737 738 739 739 738 738 769 769 769 769 770 771 771 772 772 772 773 773 773 774 775 776 776 775 776 776 776 777 778 778 779 780 779 780 780 780 781 781 781 781 781 781 781 783 783 784 785 785 784 784 785 785 785 785 786 786 785 785 786 787 787 787 788 787 787 787 788 789 789 789 788 789 789 789 789
736 735 735 735 736 736 736 736 736 736 736 736 736 736 736 737 737 737 737 737 738 738 738 737 737 737 737 769 769 770 771 771 771 771 771 772 772 772 773 774 775 776 775 776 776 776 777 777 777 778 778 778 779 779 779 780 781 781 781 781 781 781 782 783 783 783 783 783 783 784 784 784 784 785 784 785 785 786 787 787 787 787 787 787 787 787 788 788 787 787 788 788 788 788
735 735 735 735 736 736 736 736 736 736 736 735 736 736 736 736 736 736 736 736 737 737 737 737 737 737 737 737 768 769 770 770 769 770 770 772 772 772 773 774 774 774 774 774 775 775 776 776 776 778 778 778 779 779 779 779 780 780 779 780 780 780 781 782 782 782 783 783 783 784 784 784 784 784 784 784 784 785 785 786 786 786 786 786 786 786 787 786 787 787 787 788 788 788
735 735 735 735 735 736 736 736 736 736 735 735 736 736 736 736 736 736 736 736 736 736 736 736 736 736 736 736 736 768 770 769 769 770 770 770 771 771 772 772 772 773 774 774 775 775 775 776 776 775 776 777 777 778 778 778 779 778 779 780 780 780 780 782 782 781 782 782 782 782 783 783 783 782 783 783 783 784 785 786 785 785 786 786 786 786 787 786 786 786 786 787 787 787
735 735 735 735 735 736 736 736 736 736 735 735 735 736 736 736 736 736 736 736 735 736 736 736 736 736 736 736 736 736 736 768 768 769 769 769 770 771 771 771 772 773 773 773 774 774 774 775 774 774 775 777 777 778 778 778 779 778 778 778 779 779 779 780 781 780 780 781 782 782 783 783 782 782 783 783 783 783 784 783 784 784 785 785 785 785 784 785 785 785 785 786 787 786
735 735 735 735 735 736 736 736 736 735 735 735 735 736 736 736 736 736 736 735 735 736 736 736 736 736 736 736 736 735 736 737 768 768 769 769 770 770 770 770 771 771 772 772 772 774 774 774 774 774 774 775 776 776 777 777 776 777 777 777 778 779 779 779 780 780 780 781 781 781 781 781 781 781 781 782 782 782 782 782 783 784 784 785 785 785 784 784 785 785 785 785 785 785
735 735 735 735 735 735 736 736 735 735 735 735 735 736 736 736 736 736 736 735 735 735 736 736 736 736 736 736 736 735 735 736 737 768 769 769 769 770 769 770 770 771 772 772 772 773 773 772 773 773 773 774 775 775 777 776 776 777 777 777 777 778 778 777 778 779 779 779 780 780 780 780 781 781 781 782 782 782 781 782 782 783 783 783 784 783 783 783 784 784 784 784 783 784
735 735 735 735 735 735 736 735 735 735 735 735 735 735 736 736 736 736 735 735 735 735 736 736 736 736 736 736 735 735 735 736 737 737 737 769 769 769 769 769 770 771 771 772 772 772 772 772 772 773 773 773 775 775 775 775 775 775 776 776 776 777 777 776 776 778 779 779 779 780 779 779 780 780 780 780 781 781 780 780 781 781 782 782 782 783 783 783 783 784 784 783 783 783
735 735 735 735 735 735 735 735 735 735 735 735 735 735 736 736 736 735 735 735 735 735 736 736 736 736 736 735 735 735 735 736 736 737 737 738 768 768 769 769 769 770 771 771 772 771 772 772 772 773 773 773 774 775 774 774 775 775 775 776 776 776 776 776 776 776 778 778 778 779 778 778 778 779 779 779 779 780 780 780 780 781 781 782 781 781 782 782 782 782 783 782 782 782
735 735 735 735 735 734 735 735 735 735 735 735 735 735 736 736 735 735 735 735 735 735 735 736 736 736 735 735 735 735 735 735 736 737 737 737 737 768 768 769 769 770 771 771 772 771 771 772 772 772 773 773 773 774 774 774 775 775 775 775 776 775 775 776 776 776 776 778 778 777 778 778 778 778 779 779 778 778 779 779 779 779 780 780 780 780 780 781 781 781 780 780 782 782
735 735 735 735 734 734 734 735 735 735 735 735 735 735 735 735 735 735 735 735 735 735 735 736 736 735 735 735 735 735 735 735 736 736 737 736 736 737 737 768 769 769 771 771 770 771 771 771 772 772 772 773 772 772 774 774 774 775 775 775 775 775 775 775 776 776 776 777 777 777 777 778 778 778 778 779 778 778 778 779 779 779 779 778 780 780 780 780 781 781 780 780 780 781
735 735 735 734 734 734 734 735 735 735 735 735 735 735 734 735 735 735 735 735 735 735 735 736 736 735 735 735 735 735 735 735 735 736 735 736 736 736 737 737 769 769 769 770 770 770 771 771 771 772 772 772 772 772 773 774 774 774 775 775 774 774 775 775 775 776 776 776 776 777 777 777 777 778 778 777 777 778 778 778 778 779 778 778 778 780 780 780 780 779 780 780 780 780
735 735 734 734 734 734 734 735 735 735 735 735 735 734 734 735 735 735 735 735 735 735 735 735 735 735 735 735 735 735 735 735 735 735 735 735 736 736 736 737 737 769 768 769 770 770 770 771 771 771 772 771 771 772 772 773 774 774 774 773 774 774 774 775 775 775 776 775 775 776 777 777 777 777 777 777 777 777 778 778 778 777 778 778 778 778 779 780 779 779 779 780 780 780
644 734 734 734 734 734 734 734 735 735 735 735 734 734 734 734 735 735 735 735 735 735 735 734 735 735 735 735 735 735 735 735 735 734 735 735 735 736 736 736 737 737 736 768 769 770 770 770 771 771 770 771 771 771 772 772 773 773 773 773 773 774 774 774 775 775 774 774 775 776 776 777 777 777 776 777 777 777 777 778 778 777 777 777 778 778 778 779 779 779 779 779 779 780
642 643 734 734 734 734 734 734 735 735 735 735 734 734 734 734 735 735 735 735 735 735 734 734 734 735 735 735 735 735 735 735 734 734 735 735 735 735 736 736 736 736 736 736 769 769 769 770 770 771 770 770 771 771 771 771 773 773 772 773 773 773 774 774 774 774 774 774 774 775 776 776 776 776 776 776 776 777 777 777 776 777 777 777 777 778 778 777 778 778 779 779 779 779
642 643 643 734 734 734 734 734 734 735 735 734 734 734 734 734 734 735 735 735 735 734 734 734 734 735 735 735 735 735 735 734 734 734 734 735 735 735 735 736 735 735 736 736 736 769 769 769 770 769 769 770 770 770 771 771 771 772 772 772 773 773 773 773 774 773 773 774 774 774 774 776 775 775 775 776 776 776 776 777 776 776 776 777 777 777 776 777 777 778 778 778 779 778
642 642 643 643 734 734 734 734 734 735 734 734 734 734 734 734 734 735 735 735 734 734 734 734 734 734 735 735 735 735 734 734 734 734 734 735 735 735 735 734 734 735 735 736 736 736 738 769 768 769 769 769 770 770 770 771 770 771 772 772 772 772 773 773 772 773 773 773 773 774 774 774 774 775 775 775 776 776 776 775 775 776 776 776 776 777 776 776 776 777 778 778 777 777
642 642 643 643 643 734 734 734 734 734 734 734 734 734 734 734 734 735 735 734 734 734 734 734 734 734 735 735 735 734 734 734 734 734 734 734 735 735 735 734 734 734 735 735 735 736 737 736 768 768 768 769 769 769 770 770 769 770 771 771 772 772 772 772 772 772 772 773 773 773 773 773 774 774 775 775 775 775 775 775 775 775 775 776 776 775 775 776 776 776 776 777 777 777
642 642 643 643 643 643 734 734 733 733 734 734 734 734 734 734 734 734 734 734 734 734 734 734 734 734 734 735 734 734 734 734 734 734 734 734 735 735 734 734 734 734 734 734 735 735 736 736 736 737 768 768 769 769 769 769 769 769 769 771 771 771 772 771 771 772 772 772 772 773 772 772 772 774 774 774 775 775 774 774 775 775 775 775 775 775 775 775 775 776 776 775 776 776
642 642 642 643 643 643 643 642 733 733 734 734 734 734 734 734 734 733 734 734 734 734 734 734 734 734 734 735 734 734 734 734 734 734 734 734 734 734 734 734 734 734 734 734 734 735 734 735 736 736 736 768 768 768 768 768 768 769 769 769 771 771 770 770 771 771 771 772 772 772 771 772 772 772 773 774 774 773 773 774 774 774 774 775 774 774 774 775 775 775 775 774 775 775
642 642 642 643 643 643 642 642 642 733 733 734 734 734 734 734 734 733 733 734 734 734 734 734 734 734 734 733 734 734 734 734 734 734 734 734 733 734 734 734 734 734 734 734 734 733 733 734 735 735 736 736 736 767 767 767 768 768 768 769 770 769 770 770 770 770 771 771 771 771 771 771 771 772 772 773 772 773 773 773 773 774 774 773 773 774 774 774 774 774 774 774 774 774
642 642 642 642 643 642 642 642 642 642 733 734 734 734 734 734 733 733 733 734 734 734 734 734 734 734 733 733 734 734 734 734 734 734 734 733 733 733 734 734 734 734 734 734 733 733 733 733 733 735 735 736 736 735 766 767 767 767 768 768 768 769 769 769 770 770 770 770 770 770 770 771 771 771 771 772 772 772 772 773 773 773 773 773 773 773 773 773 774 773 773 773 774 774
642 642 642 642 642 642 642 642 642 642 642 733 734 734 734 733 733 733 733 733 734 734 734 734 734 733 733 733 733 734 734 734 734 734 733 733 733 733 734 734 734 734 734 733 733 733 733 733 733 734 735 735 734 735 735 735 766 767 767 767 767 767 768 769 769 769 770 770 769 769 770 770 770 770 771 770 770 771 772 772 772 772 772 772 772 772 773 773 773 772 772 773 773 773
642 642 642 641 641 642 642 642 642 642 642 642 734 734 733 733 733 733 733 733 734 734 734 734 733 733 733 733 733 734 734 734 734 733 733 733 733 733 733 734 734 734 733 733 733 733 733 733 733 733 734 733 734 734 734 734 735 766 766 766 766 766 767 768 768 769 769 768 768 769 769 769 770 770 769 769 770 770 771 771 772 771 771 771 772 772 772 772 771 772 772 772 772 772
642 642 641 641 641 642 642 642 642 642 642 642 642 733 733 733 733 733 733 733 733 734 734 733 733 733 733 733 733 733 734 734 734 733 733 733 733 733 733 733 734 734 733 733 733 733 733 733 733 733 732 733 733 733 733 734 734 734 734 765 765 766 766 766 768 768 767 767 768 768 768 769 769 768 768 769 769 769 769 771 771 770 770 771 771 771 771 771 771 771 771 771 772 772
641 641 641 641 641 642 642 642 642 642 642 642 641 642 642 733 733 733 733 733 733 733 733 733 733 733 733 733 733 733 733 734 733 733 733 733 733 733 733 733 734 733 733 733 733 733 733 733 733 732 732 732 733 733 733 733 733 734 733 733 765 765 765 766 767 766 766 767 767 767 768 768 768 767 768 768 768 768 769 769 769 769 770 770 770 770 771 770 770 770 770 771 771 770
