testData/tiles/oneDegree/grid19.0-12.0-20.0-13.0.asc
ncols   200
nrows   200
xllcorner   19.0
yllcorner   12.0
cellsize   0.005
NODATA_value   -9999.0
[rows 42 to 83 of 200, columns 94 to 187 of 200]
726 727 727 726 726 726 726 725 725 724 725 724 723 723 722 723 722 722 721 721 721 721 719 719 719 718 719 511 511 510 510 508 508 508 508 507 507 507 506 506 506 507 507 507 507 506 506 506 506 506 506 506 506 506 506 506 505 505 505 505 505 505 504 504 504 504 503 503 503 503 503 502 502 502 502 501 501 501 501 500 500 500 500 499 499 499 499 498 498 498 497 497 497 496
728 726 726 727 726 726 725 725 725 725 724 724 725 724 724 722 722 721 722 721 721 720 720 720 720 719 718 718 717 510 510 510 509 509 507 507 506 507 507 507 507 506 506 506 506 506 507 506 506 506 506 506 506 505 505 505 505 505 504 504 505 505 505 504 504 504 504 504 503 503 503 503 502 502 502 502 502 501 501 501 501 500 500 500 499 499 499 498 497 497 497 496 496 496
727 728 728 727 727 727 727 725 725 724 725 725 724 724 723 724 723 723 722 721 721 721 720 720 719 719 720 719 719 717 510 509 509 509 509 508 507 506 506 506 506 507 507 506 506 506 506 506 506 505 505 505 506 506 506 505 505 505 505 505 504 504 504 504 504 503 503 503 503 503 502 502 502 502 501 501 501 501 500 500 500 500 499 499 499 499 498 498 498 497 497 497 497 496
728 727 727 728 727 727 726 726 726 726 725 725 725 724 724 723 723 722 723 722 722 721 721 720 720 719 719 719 718 718 718 717 509 509 508 508 507 508 507 506 506 506 506 506 506 506 506 506 506 506 506 506 505 505 505 505 505 504 504 504 504 505 504 504 504 504 504 503 503 503 503 502 502 502 502 502 501 501 501 501 500 500 500 500 499 499 498 497 497 497 497 496 496 496
728 729 728 727 727 727 727 726 726 725 726 726 725 725 724 725 723 723 722 722 721 722 721 721 720 720 718 719 718 718 718 717 717 510 509 508 508 507 507 506 506 505 506 506 506 506 506 506 505 505 505 505 505 506 505 505 505 505 505 504 504 504 504 504 503 503 503 503 503 502 502 502 502 501 501 501 501 500 500 500 500 499 499 499 499 498 498 498 498 497 497 497 496 496
729 729 728 729 728 728 727 727 726 726 725 725 726 725 725 724 724 723 724 723 722 721 721 720 721 720 720 719 719 717 718 717 717 716 716 509 508 507 507 507 506 506 506 506 505 505 505 506 506 506 505 505 505 505 505 505 504 504 504 504 504 503 503 504 504 504 503 503 503 503 502 502 502 502 502 501 501 501 501 500 500 500 500 499 498 498 497 497 497 497 496 496 496 495
728 729 729 728 728 728 728 727 727 726 727 726 725 725 724 725 724 724 723 723 722 723 722 721 720 720 719 720 719 719 718 718 716 716 716 716 508 508 507 506 505 505 506 506 506 506 505 505 505 505 505 505 504 504 505 505 505 504 504 504 504 504 504 503 503 503 503 502 502 502 502 502 501 501 501 501 500 500 500 500 499 499 499 499 498 498 498 498 497 497 497 496 496 495
730 730 728 729 728 728 727 728 727 727 726 726 727 726 726 725 724 723 724 723 723 722 722 721 722 721 720 719 719 718 719 718 718 717 716 715 715 714 508 507 507 506 505 505 505 505 505 505 505 505 505 505 505 505 504 504 504 504 504 503 503 503 503 503 502 503 503 503 503 502 502 502 502 501 501 501 501 501 500 500 500 500 498 498 498 497 497 497 497 496 496 496 496 495
730 730 730 729 729 729 729 727 727 726 727 726 726 726 725 726 725 725 724 724 722 723 722 722 721 721 720 721 720 719 718 718 717 717 717 717 716 715 714 507 506 506 505 506 505 505 505 505 505 505 504 504 504 504 504 505 504 504 504 504 504 503 503 503 503 503 502 502 502 502 502 501 501 501 501 500 500 500 500 499 499 499 499 498 498 498 498 497 497 497 496 496 495 495
730 730 729 730 729 729 728 729 728 728 727 727 726 726 726 725 725 724 725 724 724 723 723 721 722 721 721 720 720 719 719 719 718 717 717 716 716 715 716 714 507 506 506 505 505 505 504 504 505 505 505 505 504 504 504 504 504 504 503 503 503 503 503 502 502 502 502 502 502 502 502 502 501 501 501 501 500 500 500 499 499 498 498 498 497 497 497 497 496 496 496 496 495 495
731 730 730 729 729 729 729 728 728 727 728 727 727 726 726 727 725 725 724 724 723 724 723 723 722 722 720 721 720 720 719 719 718 718 717 717 716 716 715 715 714 714 505 506 505 505 505 505 504 504 504 504 504 504 503 503 504 504 504 503 503 503 503 503 502 502 502 502 502 501 501 501 501 501 500 500 500 507 499 499 499 499 498 498 498 498 497 497 497 496 496 495 495 494
731 730 730 731 730 730 729 729 728 728 727 727 727 727 726 726 726 725 726 724 724 723 723 722 723 722 722 721 721 719 719 719 719 718 718 717 717 715 715 715 715 714 714 506 505 504 504 504 504 505 504 504 504 504 504 504 503 503 503 503 503 502 502 502 502 509 508 508 508 508 508 507 507 507 507 506 506 506 506 505 505 505 505 504 504 504 504 503 503 503 496 495 495 495
731 731 731 730 730 730 730 729 729 728 729 727 727 726 726 726 726 726 725 725 724 725 723 723 722 722 721 722 721 721 720 719 718 718 717 718 717 717 716 715 714 714 713 712 506 505 504 504 504 504 504 504 503 503 503 503 503 504 503 503 510 510 510 509 509 509 509 509 508 508 508 508 507 507 507 507 507 506 506 506 506 505 505 505 505 504 504 504 503 503 502 502 501 501
731 730 730 731 730 730 729 730 729 729 728 728 727 728 727 726 725 725 725 725 725 724 724 723 724 722 722 721 721 720 720 720 720 719 718 717 717 716 715 716 715 714 713 713 712 712 504 504 503 503 504 504 504 504 503 503 503 510 510 509 509 509 509 509 508 508 508 508 508 507 507 507 507 507 506 506 506 506 505 505 505 505 504 504 504 504 503 503 503 503 502 502 502 501
732 732 732 731 731 730 730 729 729 728 729 728 728 727 727 727 727 726 725 724 724 724 724 723 723 723 722 722 721 721 720 719 719 718 718 718 717 716 716 715 715 714 714 713 712 712 712 504 504 504 503 503 503 510 510 510 509 509 509 510 510 509 509 509 509 509 508 508 508 508 508 507 507 507 507 506 506 506 506 505 505 505 505 504 504 504 504 503 502 502 502 501 501 501
732 731 732 732 731 731 730 731 730 730 728 728 727 728 727 727 726 726 726 726 725 725 723 723 723 723 722 722 721 721 720 720 719 719 718 718 717 717 716 715 715 715 714 714 713 713 711 711 503 503 510 511 510 510 510 510 510 509 509 509 509 509 509 508 508 508 508 508 507 507 507 507 506 506 506 506 506 505 505 505 505 504 504 504 504 503 503 503 502 502 502 502 501 501
732 732 731 731 731 731 731 730 730 729 730 729 729 728 727 727 727 726 726 725 725 725 725 724 724 722 722 721 722 721 721 720 720 718 718 717 718 717 717 716 716 714 714 713 713 713 713 712 718 717 510 510 510 510 509 509 509 509 509 508 509 509 509 509 508 508 508 508 508 507 507 507 507 507 506 506 506 506 505 505 505 505 504 504 504 504 503 502 502 502 501 501 501 500
733 732 733 733 731 731 730 731 730 730 729 729 728 729 728 728 727 726 726 726 725 725 724 724 723 724 723 722 721 721 720 720 720 720 719 719 717 717 716 716 716 716 715 714 713 713 719 718 718 716 716 509 510 510 510 509 509 509 509 509 509 508 508 508 508 508 507 507 507 507 507 506 506 506 506 505 505 505 505 504 504 504 504 503 503 503 503 502 502 502 502 501 501 501
733 733 732 732 732 732 732 731 730 729 730 729 729 728 728 728 728 727 727 726 726 725 725 724 724 723 723 722 723 722 721 720 720 719 719 718 719 718 717 716 716 715 715 721 720 719 719 719 718 718 717 716 509 509 509 509 509 508 508 508 508 508 508 508 508 508 508 507 507 507 507 507 506 506 506 506 505 505 505 505 505 504 504 504 504 502 502 502 501 501 501 501 500 500
733 732 733 732 732 732 731 732 731 731 730 730 728 729 728 728 727 727 727 727 726 726 725 725 723 724 723 723 722 722 721 721 721 720 719 719 718 718 717 717 715 722 722 721 721 720 720 718 718 717 717 716 716 716 509 509 509 509 509 508 508 508 508 508 507 507 507 507 507 506 506 506 506 505 505 505 505 505 504 504 504 504 503 503 503 503 502 502 502 502 501 501 501 500
734 733 732 732 731 732 732 731 731 730 731 730 730 729 729 728 728 727 727 726 726 725 726 725 725 724 723 722 723 722 722 721 721 720 720 718 718 718 717 724 723 723 721 721 720 720 719 720 719 718 717 717 716 716 716 508 508 508 508 508 507 507 507 507 508 507 507 507 507 507 506 506 506 506 506 505 505 505 505 504 504 504 504 502 502 502 502 501 501 501 501 500 500 500
734 733 734 733 733 732 731 732 731 731 730 730 729 730 729 729 728 728 727 727 726 726 725 725 724 725 724 724 723 722 721 721 721 720 720 719 719 717 724 723 723 723 723 722 721 720 720 719 719 718 717 716 715 715 716 716 508 508 508 508 508 508 507 507 507 507 507 506 506 506 506 506 505 505 505 505 504 504 504 504 503 503 503 503 502 502 502 502 501 501 501 501 500 499
734 734 733 733 732 733 732 732 731 731 731 730 730 729 729 728 729 728 728 727 727 726 726 725 725 724 724 723 722 723 722 721 720 720 719 719 725 726 725 724 723 723 722 722 721 721 719 719 719 718 718 717 716 715 715 715 715 508 507 507 507 507 507 506 506 506 506 507 506 506 506 506 506 505 505 505 505 504 504 504 503 503 502 502 502 502 501 501 501 500 500 500 500 499
734 733 734 733 733 732 732 732 732 731 731 730 730 730 729 729 728 728 727 728 727 726 726 725 725 724 724 723 723 722 722 721 721 721 727 726 726 725 725 724 724 722 723 722 721 721 720 720 718 718 717 717 716 716 714 715 715 715 715 508 507 507 507 507 507 506 506 506 506 506 505 505 505 505 504 504 504 504 504 503 503 503 503 502 502 502 502 501 501 501 501 500 499 499
735 735 734 733 732 733 732 732 731 731 731 731 730 730 729 729 729 728 727 727 726 726 726 726 725 725 724 723 722 723 722 722 721 728 727 727 725 726 725 725 724 724 723 721 721 720 720 719 720 719 718 717 717 716 715 715 714 714 714 714 507 506 506 506 506 506 505 505 505 505 505 504 504 504 504 504 503 503 503 503 502 502 502 502 501 501 501 501 500 500 500 500 499 499
735 734 735 734 734 733 733 732 732 731 731 730 730 730 730 729 729 728 728 728 727 726 726 725 725 724 725 724 724 723 722 728 728 728 728 727 727 726 725 724 723 723 722 723 722 721 720 720 719 719 718 716 716 715 715 714 715 714 714 714 714 507 507 506 506 506 506 506 505 505 505 505 504 504 504 504 504 503 503 503 503 502 502 502 502 501 501 501 501 500 500 499 499 498
735 735 734 734 733 734 733 733 732 732 732 731 730 730 729 729 729 729 728 728 727 727 727 726 725 725 724 724 723 724 730 730 728 728 727 727 726 725 726 725 724 723 723 722 722 721 721 719 719 719 718 718 717 716 715 715 714 714 714 713 713 713 506 506 505 505 505 505 505 504 504 504 504 504 503 503 503 503 502 502 502 502 501 501 501 501 500 500 500 500 499 499 499 499
735 734 735 734 734 733 733 733 733 732 732 731 731 731 731 729 729 728 728 728 728 727 727 726 726 724 725 724 731 730 730 729 729 728 727 727 726 726 725 725 724 724 722 723 722 722 721 720 720 718 718 717 717 716 716 714 713 713 714 714 713 713 713 506 506 506 505 505 505 505 504 504 504 504 504 503 503 503 503 502 502 502 502 502 501 501 501 501 500 499 499 498 498 498
736 736 735 735 733 734 733 733 732 732 732 732 731 731 730 730 730 730 728 728 727 727 727 727 726 726 725 732 730 729 730 729 729 728 728 727 726 725 726 725 725 724 724 723 721 721 720 720 719 719 718 718 717 717 716 715 714 713 713 713 713 713 712 712 712 505 505 504 504 504 504 504 503 503 503 503 502 502 502 502 502 501 501 501 501 500 500 500 500 499 499 499 498 498
736 735 736 735 735 734 734 734 733 732 732 731 731 731 731 730 730 729 729 729 729 727 727 726 726 732 732 732 731 731 729 729 728 728 728 728 727 727 725 725 724 723 723 722 723 722 721 720 720 719 719 718 716 716 715 715 714 714 712 713 713 713 713 712 712 712 505 505 504 504 504 504 504 503 503 503 503 502 502 502 502 502 501 501 501 501 500 500 499 499 498 498 498 497
736 736 735 735 734 735 734 734 733 733 733 732 731 731 730 730 730 730 729 729 728 728 727 726 733 732 732 731 731 730 731 730 729 728 728 727 727 726 726 726 724 724 723 723 722 722 721 720 719 718 718 718 718 716 716 715 715 714 713 712 712 712 712 712 712 711 711 504 504 504 503 503 503 503 502 502 502 502 502 501 501 501 501 500 500 500 500 499 499 499 499 498 498 498
736 735 736 735 735 734 734 733 734 733 733 732 732 732 732 730 730 729 728 729 728 728 727 734 733 733 732 732 731 731 730 730 729 729 729 728 727 726 726 725 725 724 723 722 722 722 722 721 720 719 718 718 717 717 716 715 714 713 713 712 712 712 712 712 712 712 711 711 504 504 504 503 503 503 503 502 502 502 502 502 501 501 501 501 500 500 499 499 498 498 498 498 497 497
737 736 736 735 734 735 734 734 733 733 733 732 732 731 731 730 731 730 729 728 728 734 734 734 734 733 733 732 731 730 731 730 730 729 728 728 726 726 725 726 725 725 724 724 722 721 721 720 720 719 718 717 718 717 716 716 715 714 713 713 712 712 711 711 711 711 711 710 710 503 503 503 502 502 502 502 502 501 501 501 501 500 500 500 500 499 499 499 499 498 498 498 498 497
736 736 736 736 735 735 734 733 733 733 732 732 731 732 731 731 730 730 729 729 735 735 734 734 733 733 732 733 732 732 730 729 729 728 728 728 728 727 726 725 725 724 723 723 722 723 721 721 720 720 719 719 717 716 716 715 715 714 713 712 711 711 711 711 711 711 711 711 710 710 503 503 503 502 502 502 502 502 501 501 501 501 500 500 499 499 498 498 498 498 497 497 497 497
737 736 736 735 735 735 735 734 734 733 734 732 732 731 731 730 731 730 730 736 736 735 735 734 734 733 733 732 731 731 730 731 729 729 728 728 727 727 726 726 725 724 724 723 723 722 722 720 720 719 718 718 717 718 716 716 715 715 714 712 712 711 711 711 711 710 710 710 710 710 709 709 502 502 501 501 501 501 501 500 500 500 500 499 499 499 499 498 498 498 498 497 497 497
736 736 736 736 735 735 734 734 734 734 733 733 732 733 731 731 730 730 736 736 736 736 735 735 734 732 732 732 732 731 731 730 730 729 728 728 728 727 726 726 725 725 723 723 722 722 722 721 721 719 719 718 718 717 717 715 714 714 713 713 712 711 710 710 710 710 710 710 710 710 710 709 709 502 502 502 501 501 501 501 500 499 499 499 498 498 498 498 497 497 497 497 496 496
738 737 736 735 735 735 735 734 734 733 733 733 733 732 732 731 731 737 737 736 736 735 734 735 734 734 733 733 731 731 730 731 730 730 729 728 727 726 726 725 725 725 725 724 723 722 721 721 720 720 718 718 717 716 717 716 715 714 714 713 713 712 710 710 710 710 710 709 709 709 709 709 708 708 501 501 501 500 500 500 500 499 499 499 499 498 498 498 498 497 497 497 497 495
737 737 737 737 736 736 734 734 734 734 733 733 732 732 732 732 738 738 737 736 736 735 735 734 734 733 733 733 733 732 731 730 730 729 728 728 728 728 726 726 725 725 724 723 723 721 721 721 721 720 720 719 717 717 716 716 715 715 713 712 712 711 711 709 709 709 709 709 708 708 708 708 709 708 708 500 500 500 499 499 499 499 498 498 498 498 497 497 497 497 496 496 496 496
738 737 737 736 736 736 736 735 735 734 733 733 733 732 732 738 737 738 737 737 736 736 734 734 734 734 733 733 732 732 731 730 730 729 729 728 728 727 727 726 724 725 724 724 723 723 722 721 720 719 719 718 718 716 716 716 715 715 714 713 712 712 711 710 710 709 709 709 709 709 708 708 708 708 707 707 500 500 500 499 499 499 499 498 498 498 498 497 497 497 497 496 495 495
737 737 737 737 736 736 735 735 735 735 734 734 733 738 739 738 738 737 737 736 737 736 736 735 734 733 733 732 732 732 731 731 730 730 728 728 728 728 727 726 726 724 724 723 723 722 722 721 720 720 719 719 718 718 717 715 715 714 714 713 712 711 710 710 709 709 708 708 708 708 708 707 707 707 707 707 706 499 499 499 498 498 498 498 497 497 497 497 496 496 496 496 495 495
738 737 737 736 736 736 736 735 734 734 733 734 740 740 739 739 737 738 737 737 736 736 735 735 735 734 734 732 732 731 731 730 731 730 730 728 727 727 726 726 725 725 725 724 723 722 722 721 721 720 719 718 717 717 716 716 714 715 714 713 713 712 711 710 710 709 709 708 708 708 708 708 707 707 707 707 707 706 499 499 499 498 498 498 498 497 497 497 497 496 495 495 495 494
738 737 738 737 736 735 735 734 735 734 734 740 740 739 740 739 739 738 737 736 736 736 735 735 734 734 733 733 733 732 731 731 730 729 729 728 728 727 727 726 726 725 724 724 723 722 721 721 720 721 720 718 718 717 717 716 716 714 713 713 712 712 711 709 709 708 708 708 707 707 707 707 707 706 706 706 706 706 705 498 498 498 497 497 497 497 496 496 496 496 495 495 495 495
