testData/tiles/oneDegree/grid25.0-19.0-26.0-20.0.asc
ncols   200
nrows   200
xllcorner   25.0
yllcorner   19.0
cellsize   0.005
NODATA_value   -9999.0
[rows 82 to 122 of 200, columns 92 to 183 of 200]
610 610 610 611 611 611 611 611 610 611 611 611 610 610 610 610 610 610 611 611 610 611 612 611 612 612 612 612 612 614 613 613 614 613 613 614 614 613 614 614 613 614 613 612 613 613 612 613 613 612 613 613 612 613 613 611 612 610 610 611 610 610 610 609 609 609 609 609 640 640 639 640 640 638 639 637 588 589 587 587 587 587 585 586 585 585 585 583 583 583 582 581
607 612 612 612 612 611 612 612 612 611 611 611 612 612 612 612 612 611 612 612 611 613 613 613 613 613 613 613 613 613 614 613 613 614 613 613 614 613 613 614 613 613 614 613 613 614 613 613 614 613 612 613 612 612 613 612 612 613 612 611 612 611 611 611 611 610 609 609 608 609 609 639 640 639 639 639 638 589 589 589 586 587 587 586 586 585 585 585 584 583 584 581
608 607 612 613 613 612 613 613 613 613 613 613 613 612 612 612 612 612 612 613 613 612 613 613 612 613 613 614 614 614 615 615 615 615 616 615 615 616 615 616 616 614 615 615 614 615 615 614 615 615 614 615 614 613 613 613 612 613 612 612 613 612 611 612 611 611 611 611 610 610 610 609 610 608 639 640 639 638 638 589 589 589 588 587 587 586 585 584 585 584 583 584
608 610 614 614 614 614 613 614 614 614 613 613 613 614 613 613 614 614 613 613 614 613 615 615 615 615 615 615 615 615 615 616 615 615 616 615 615 616 615 615 616 615 615 616 616 615 616 616 615 615 614 614 615 614 614 615 614 614 614 613 613 613 613 612 611 611 611 611 611 610 610 610 609 610 609 608 609 640 639 638 589 588 589 587 587 588 587 586 586 585 584 584
610 610 610 614 615 615 615 614 615 615 616 615 615 615 615 614 614 615 614 614 615 615 614 615 615 615 615 615 615 615 615 615 615 616 617 618 617 617 617 616 616 617 616 616 617 615 615 616 615 615 616 615 615 616 614 614 615 614 614 614 614 613 613 613 613 613 613 611 612 612 611 611 609 609 610 609 609 608 608 607 640 590 589 589 588 587 587 587 585 586 585 585
610 610 611 616 616 616 616 616 616 616 616 615 615 615 616 615 615 615 615 615 615 616 616 616 617 617 616 617 617 617 617 617 618 617 617 618 617 617 618 617 617 618 618 617 618 618 617 618 617 616 617 616 616 617 616 616 617 615 615 616 614 614 614 614 613 613 613 613 613 612 611 612 612 611 611 610 609 609 608 608 608 608 606 557 589 589 588 588 587 586 586 585
612 612 612 612 616 617 617 617 616 616 616 618 617 617 617 617 616 616 617 617 616 617 617 616 617 617 617 617 617 617 617 617 617 617 617 617 618 617 617 618 617 617 618 617 617 618 617 617 618 617 617 618 617 616 617 616 616 616 616 616 615 615 615 615 615 614 614 614 612 613 613 611 612 611 611 611 610 610 610 610 608 608 607 607 558 557 557 589 588 587 588 585
612 612 612 613 617 618 618 618 619 618 618 618 618 617 618 618 617 617 617 617 616 616 617 618 618 619 619 618 619 619 619 619 619 619 619 619 619 619 619 619 619 619 619 620 619 619 620 618 618 618 618 618 618 618 618 618 617 616 616 616 616 616 616 614 615 615 614 615 613 613 614 613 613 612 611 611 611 611 609 610 610 609 609 608 608 558 557 556 557 555 555 588
615 614 614 614 614 619 619 619 619 618 618 619 619 618 619 619 619 618 618 619 619 618 618 619 618 619 619 619 619 619 619 619 619 619 620 619 619 620 619 619 620 619 619 620 619 619 620 619 619 620 619 619 619 618 618 619 618 618 618 618 617 617 617 617 617 616 614 615 615 614 615 613 613 614 613 612 612 612 612 610 610 609 609 608 608 607 608 558 557 558 555 555
615 614 614 615 615 615 619 620 620 621 620 620 620 620 619 620 620 620 619 619 619 618 618 619 619 619 620 620 620 621 621 621 621 621 621 621 621 621 621 621 621 621 621 621 621 621 620 620 620 620 620 619 619 619 619 619 618 618 618 618 618 618 617 617 616 617 617 616 616 615 615 616 613 613 613 613 613 612 612 611 612 610 610 611 608 608 608 608 557 558 557 556
615 616 616 616 616 616 621 621 621 621 620 620 621 621 620 620 620 621 620 620 621 621 620 620 621 620 620 621 621 620 621 621 620 621 621 620 621 621 621 621 621 621 621 621 622 621 621 622 621 621 622 620 620 621 620 620 620 620 620 618 619 619 617 618 618 616 617 616 616 617 615 615 615 615 614 614 614 612 612 611 611 612 610 610 610 610 608 609 607 557 558 557
617 617 617 616 617 617 617 621 621 623 623 622 622 622 622 621 622 622 622 621 621 621 620 620 621 621 621 622 622 621 622 622 622 622 622 622 622 622 622 622 622 622 622 622 622 621 621 621 621 621 621 621 621 621 621 620 620 620 620 620 620 620 618 619 619 618 619 618 617 618 616 616 616 615 615 615 614 613 613 614 612 612 611 611 609 610 610 608 609 608 559 558
682 682 683 682 683 683 683 688 623 623 623 622 622 623 623 622 622 622 622 621 623 623 623 622 622 623 622 622 623 623 622 623 623 622 623 623 622 623 623 623 623 623 623 623 623 623 623 623 623 623 623 622 622 622 622 622 622 621 621 620 619 620 620 619 619 618 618 619 618 617 617 617 617 617 616 614 615 615 613 614 613 612 612 612 612 611 610 609 608 608 608 607
684 684 684 684 683 684 684 684 688 688 689 689 689 689 689 689 623 624 624 624 623 623 623 622 622 622 623 623 623 624 623 624 624 624 624 624 624 624 624 624 624 624 624 624 623 623 623 623 623 623 623 623 623 623 622 622 622 622 621 622 621 620 621 620 620 621 619 618 618 618 618 617 617 616 617 616 615 616 615 614 613 613 613 612 612 611 611 610 610 610 608 608
684 684 684 685 684 684 685 685 685 690 690 690 689 690 690 690 689 689 689 689 688 689 689 624 624 624 625 624 624 625 625 624 625 625 624 625 625 624 625 625 624 625 625 625 625 625 625 625 625 625 624 624 623 624 624 622 623 623 621 622 622 621 622 621 620 621 620 620 620 619 619 619 619 617 617 617 616 615 615 615 615 614 614 613 613 611 611 612 610 610 610 609
685 686 686 686 686 686 686 686 686 690 690 691 691 690 690 691 691 691 691 691 691 690 690 690 689 689 689 690 690 625 626 625 625 626 625 625 626 626 625 626 626 625 626 625 624 625 625 624 625 625 624 625 625 624 624 624 623 624 623 623 623 622 622 623 621 621 620 620 620 620 619 619 619 619 617 618 617 617 616 615 615 615 614 613 614 613 612 612 612 610 609 610
687 686 686 687 687 686 686 686 688 687 692 692 692 691 692 692 692 691 691 691 691 690 691 691 691 690 690 691 690 691 692 692 691 692 692 626 627 627 626 627 627 626 627 627 626 627 627 626 627 626 624 625 625 624 625 625 624 624 624 623 623 624 623 622 622 622 622 622 621 620 621 620 618 619 618 618 618 617 617 617 616 615 616 614 613 614 613 612 612 612 610 611
687 687 687 688 688 688 688 688 688 688 692 693 693 693 692 692 692 692 693 693 693 692 692 692 692 691 691 691 692 692 692 693 692 692 693 692 692 693 693 692 693 628 626 627 627 626 627 627 626 627 627 626 627 626 625 626 625 625 626 625 624 624 623 623 624 622 622 622 622 621 621 621 620 620 620 619 618 617 617 616 617 616 615 616 615 614 614 613 612 612 612 610
689 689 688 688 689 689 688 688 688 689 689 694 694 694 693 694 694 694 693 693 693 693 692 693 693 692 692 692 692 692 692 692 692 692 692 693 692 692 693 692 692 693 692 692 693 692 692 628 626 626 627 626 626 627 626 626 626 625 625 626 625 625 624 624 624 624 624 623 623 622 621 621 621 620 621 619 619 619 619 618 618 617 615 615 615 615 614 614 614 612 613 611
689 689 690 689 689 690 690 690 690 690 690 689 695 695 695 694 694 694 694 694 694 695 694 694 694 694 693 693 693 693 694 694 695 694 694 695 694 694 695 694 694 694 693 693 694 693 693 694 694 693 694 693 627 628 627 627 628 627 626 625 625 625 625 625 624 623 624 624 623 623 622 622 623 621 620 620 620 619 619 619 617 618 617 617 617 615 615 614 614 613 612 612
690 691 691 690 690 691 691 690 690 690 691 690 695 696 696 696 696 696 696 695 695 695 695 695 695 695 694 694 694 694 694 694 694 694 694 694 694 694 694 695 694 694 695 694 694 695 694 694 694 693 693 694 693 693 694 693 627 627 627 627 627 626 626 626 626 626 624 624 623 624 623 622 622 622 621 621 621 621 619 619 618 618 618 617 617 616 616 615 615 613 613 613
691 691 691 691 691 691 691 692 692 692 692 692 691 697 697 697 696 696 696 696 696 696 696 695 695 696 696 695 695 695 694 695 696 695 696 696 696 696 696 695 695 695 695 695 695 695 695 695 695 695 695 695 694 694 693 693 693 693 692 692 692 627 627 625 626 626 625 626 624 624 625 624 622 622 622 622 621 621 620 619 620 619 619 618 617 616 616 616 615 615 614 614
691 692 693 693 692 692 693 693 692 692 693 693 692 697 697 697 698 698 698 698 697 697 697 696 697 697 697 696 696 696 695 696 696 696 696 696 696 696 696 696 696 696 696 696 696 696 697 695 695 695 695 695 695 695 695 694 694 694 693 694 694 692 693 692 691 626 625 625 626 625 624 624 624 624 623 623 622 621 621 620 621 619 619 619 618 618 617 616 615 615 614 614
693 693 693 693 693 693 693 693 693 694 694 694 693 694 699 699 698 698 698 698 698 698 698 698 697 697 697 696 696 696 696 696 697 697 696 698 697 696 697 697 697 697 697 697 697 697 697 697 696 696 696 695 695 695 695 695 695 695 693 694 694 693 694 693 692 693 692 691 691 691 625 624 624 624 623 623 622 622 623 621 621 621 619 619 619 618 617 618 616 616 616 614
693 693 694 694 695 694 695 695 695 694 694 695 695 694 694 699 699 699 699 700 699 699 699 699 698 699 699 699 698 698 698 697 697 698 697 697 698 698 697 698 698 697 698 698 697 698 697 696 697 697 696 697 697 696 696 696 695 696 696 695 694 693 693 694 693 692 693 692 692 691 691 691 691 690 624 624 623 622 622 622 621 620 621 620 619 620 617 617 617 616 615 616
695 695 695 695 695 695 695 695 695 695 695 695 696 695 696 701 701 700 700 700 700 700 700 700 699 699 699 699 698 698 698 697 697 698 698 697 698 698 697 698 698 697 698 698 697 698 698 697 698 698 696 697 697 696 696 697 696 695 696 695 695 696 694 694 694 694 693 692 692 692 691 691 690 691 690 689 690 689 623 623 622 621 621 621 619 619 619 618 618 617 616 615
696 695 695 696 696 695 696 697 697 697 696 696 697 697 696 696 701 700 701 701 701 700 701 701 701 700 701 701 700 700 700 700 699 699 700 699 699 700 699 699 700 700 699 700 700 698 699 699 698 699 699 698 699 698 697 698 697 696 697 695 695 696 695 695 695 694 694 693 693 693 692 693 691 690 691 689 689 689 689 688 688 623 621 622 620 619 620 619 618 617 618 616
696 698 697 697 697 698 697 697 697 697 697 697 697 697 697 698 698 703 702 702 702 702 702 702 702 701 701 701 701 700 700 700 699 699 699 699 699 699 700 699 699 700 699 699 700 699 699 700 699 699 699 698 698 699 698 698 698 697 697 697 697 696 696 696 696 695 694 693 694 694 692 693 693 691 691 691 691 689 689 689 687 688 687 686 686 621 620 620 619 617 618 617
698 698 697 697 698 698 697 697 699 699 698 698 698 699 698 698 698 703 703 703 703 703 702 702 702 701 701 703 703 702 702 702 701 701 701 702 701 701 702 701 701 702 701 701 701 700 700 701 700 700 701 700 699 698 698 698 698 698 697 697 697 697 696 696 696 695 696 695 694 695 694 692 693 692 692 691 691 691 690 690 689 688 687 687 686 686 686 684 685 619 618 617
698 698 698 699 699 699 699 699 699 699 699 699 699 699 699 698 699 700 704 704 704 704 704 704 704 704 703 703 703 702 702 702 702 701 701 701 701 701 701 701 701 701 701 701 701 701 701 701 701 700 700 700 700 700 700 699 699 699 699 699 698 698 697 696 697 695 695 696 695 694 695 694 693 693 693 692 691 691 690 690 689 689 689 688 688 686 686 685 684 684 684 683
699 700 700 699 699 700 700 699 699 700 701 700 700 701 701 700 700 700 705 705 705 705 704 704 704 704 703 703 704 703 703 703 703 703 703 703 702 703 703 702 703 703 703 702 702 702 701 701 701 701 701 701 700 700 700 700 700 699 699 699 698 699 698 697 698 698 696 697 696 695 694 694 694 693 693 693 692 692 691 691 690 689 689 688 688 687 687 686 686 685 684 684
700 700 700 700 700 701 701 701 701 701 701 701 701 701 701 700 701 701 701 705 706 706 706 706 706 706 705 705 705 705 704 704 704 703 703 703 702 703 703 703 703 703 703 703 703 703 703 703 702 702 702 702 701 702 702 700 701 701 700 700 698 698 699 698 697 698 697 697 696 696 696 696 695 694 694 693 692 692 691 691 691 690 690 689 689 687 687 687 686 686 685 685
701 701 702 701 701 702 702 701 701 702 702 701 701 702 703 702 702 702 702 701 707 707 707 706 706 706 705 705 706 706 705 705 705 704 704 704 704 703 704 704 703 704 704 702 703 703 702 703 703 702 703 702 701 702 702 701 702 701 700 701 701 700 699 699 699 699 697 697 697 696 696 695 696 695 694 695 693 693 694 691 691 691 690 689 689 688 688 688 686 686 685 685
702 702 702 701 702 702 702 703 703 703 703 703 703 703 703 703 702 703 703 702 707 707 707 707 708 708 708 707 707 707 706 706 706 706 705 705 705 704 704 705 704 704 705 704 704 705 704 703 704 703 703 704 703 703 703 702 701 702 701 700 701 700 700 700 699 699 699 698 698 697 698 696 695 696 694 694 694 693 693 693 692 691 692 689 689 690 688 688 687 687 686 686
702 702 704 704 703 703 704 704 703 703 704 704 703 703 703 705 704 704 704 704 704 709 709 708 708 708 708 707 707 708 707 707 707 707 706 706 706 705 705 706 705 705 705 705 704 705 705 704 704 705 704 703 704 703 703 703 702 702 702 702 702 701 701 701 700 699 698 699 699 697 698 697 696 696 696 695 694 694 693 692 693 691 691 692 690 690 690 688 687 688 686 686
703 704 704 704 703 704 704 704 704 705 705 705 704 705 705 705 704 704 705 705 704 704 709 709 709 709 709 708 709 709 709 708 708 708 707 707 707 706 706 706 707 706 706 707 706 706 707 705 705 706 705 704 705 703 703 704 703 703 701 702 702 701 702 701 700 701 700 699 700 699 697 698 697 696 696 696 695 695 695 693 693 692 691 691 691 690 689 690 688 688 687 686
704 704 704 705 705 705 705 706 705 705 705 706 705 705 705 706 705 705 706 706 705 706 711 711 710 710 710 709 709 709 710 709 709 709 708 708 708 708 707 707 707 706 706 706 706 706 706 706 706 706 705 705 705 705 705 705 704 704 704 704 703 701 702 702 700 700 701 700 699 699 699 698 698 698 696 696 696 694 695 694 693 694 693 692 691 691 689 689 689 688 688 687
705 705 706 706 705 705 706 706 706 706 706 707 707 707 707 707 707 706 707 707 706 706 706 711 710 711 711 711 710 710 710 709 709 709 708 709 709 709 708 708 708 708 708 708 707 707 706 705 706 706 705 706 706 704 705 705 704 705 704 703 704 703 702 703 702 701 702 701 700 699 699 699 697 698 697 696 697 696 695 694 694 693 693 693 691 692 691 690 690 688 688 687
706 707 707 706 707 706 707 707 708 707 707 707 708 707 707 707 708 707 707 707 707 707 708 708 712 712 712 712 711 711 711 710 711 711 711 710 710 710 709 708 708 707 708 708 707 708 708 707 708 707 706 707 707 706 706 706 705 705 705 703 703 704 703 702 702 702 702 701 701 701 700 700 699 698 698 697 696 696 696 694 695 695 693 693 692 691 691 690 690 690 689 688
708 709 709 709 709 708 709 709 709 708 708 708 708 707 709 709 709 708 708 709 709 708 708 708 712 712 713 713 712 712 712 711 711 711 711 710 710 710 709 709 709 708 708 709 708 707 708 707 707 708 707 707 707 706 706 707 706 705 706 705 705 704 704 704 703 702 702 701 701 701 700 700 699 699 699 698 698 697 696 696 694 695 694 693 693 693 692 691 690 689 690 688
711 710 711 711 710 710 710 710 711 711 710 710 711 710 710 710 709 709 709 709 709 708 709 709 710 714 714 714 713 713 713 713 712 713 713 712 712 712 710 710 710 709 709 709 710 709 709 710 709 708 709 708 708 709 707 706 706 706 706 705 705 705 704 704 704 704 703 702 702 702 701 700 699 699 699 698 698 697 697 697 696 696 694 694 692 693 692 691 692 690 689 689
