testData/tiles/oneDegree/grid12.0-36.0-13.0-37.0.asc
ncols   200
nrows   200
xllcorner   12.0
yllcorner   36.0
cellsize   0.005
NODATA_value   -9999.0
[rows 126 to 167 of 200, columns 0 to 93 of 200]
559 559 558 558 559 559 558 558 558 557 557 557 557 557 557 557 558 558 558 557 557 557 557 557 557 557 557 557 557 557 557 558 557 557 557 557 557 557 557 557 557 557 557 556 556 556 556 556 556 556 557 557 557 635 635 635 635 635 635 635 635 634 634 634 634 634 634 634 634 633 633 633 633 633 633 633 632 632 632 632 632 632 631 631 631 631 631 631 631 630 630 630 630 630
557 557 556 556 556 557 556 556 556 556 556 556 556 555 555 555 555 555 556 556 556 556 556 556 556 556 556 556 555 555 555 555 555 556 556 556 556 556 556 556 555 555 555 555 555 555 555 555 555 555 554 554 554 634 634 634 634 634 633 633 633 633 633 633 633 633 632 632 632 632 632 632 632 631 631 631 631 631 631 631 630 630 630 630 630 630 629 629 629 629 629 629 628 628
555 555 555 554 554 554 554 554 554 554 554 554 554 554 554 554 554 554 554 555 555 555 555 554 554 554 554 554 554 554 554 554 554 554 555 555 554 554 554 554 554 554 554 554 554 554 553 553 553 553 553 553 632 632 632 631 632 632 632 632 632 632 632 631 631 631 631 631 631 631 630 630 630 630 630 630 630 629 629 629 629 629 629 629 628 628 628 628 628 628 627 627 627 627
552 552 552 552 552 552 552 553 553 553 553 553 553 553 553 553 553 552 552 552 552 553 553 553 553 553 553 553 553 553 553 552 552 552 552 552 553 553 553 553 553 553 552 552 552 552 552 552 552 552 552 551 630 630 630 630 630 630 630 630 630 630 630 630 630 630 630 629 629 629 629 629 629 629 628 628 628 628 628 628 628 627 627 627 627 627 627 626 626 626 626 626 626 625
551 551 551 551 551 551 551 551 552 552 551 551 551 551 551 551 551 551 551 551 551 551 552 552 552 552 551 551 551 551 551 551 551 551 551 551 551 551 550 551 551 551 551 551 551 551 551 551 550 550 550 550 629 629 629 629 628 628 628 628 628 628 628 628 628 628 628 628 628 628 628 627 627 627 627 627 627 627 626 626 626 626 626 626 625 625 625 625 625 625 624 624 624 624
550 549 549 549 549 549 549 549 549 549 550 550 550 550 550 550 550 550 550 550 549 549 549 549 550 550 550 550 550 550 550 550 550 549 549 549 549 549 549 549 549 550 550 549 549 549 549 549 549 549 549 628 627 627 627 627 627 627 627 627 627 626 626 626 626 626 626 626 625 625 626 626 626 626 626 625 625 625 625 625 625 624 624 624 624 624 624 623 623 623 623 623 623 622
548 548 548 548 548 548 548 548 548 548 548 549 548 548 548 548 548 548 548 548 548 548 548 548 548 549 549 548 548 548 548 548 548 548 548 548 548 548 547 547 547 547 547 548 548 548 548 548 547 547 547 626 626 626 626 626 626 625 625 625 625 625 625 625 624 624 624 624 624 624 624 623 623 623 623 623 623 623 622 622 622 622 622 622 621 621 621 621 621 621 620 620 620 620
547 547 546 546 546 546 546 546 546 546 546 546 547 547 547 547 547 547 547 547 546 546 546 546 546 546 546 547 547 547 547 547 547 546 546 546 546 546 546 546 546 546 546 545 545 545 546 546 546 546 546 625 624 624 624 624 624 624 624 624 623 623 623 623 623 623 623 623 622 622 622 622 622 622 622 621 621 621 621 621 621 620 620 620 620 620 620 619 619 619 619 619 619 618
544 545 545 545 545 545 545 545 545 545 545 545 544 544 545 545 545 545 545 545 545 545 545 545 545 545 544 544 544 545 545 545 545 545 545 545 545 545 544 544 544 544 544 544 544 544 544 543 544 544 623 623 623 623 623 623 622 622 622 622 622 622 622 622 621 621 621 621 621 621 621 620 620 620 620 620 620 619 619 619 619 619 619 618 618 618 618 618 618 617 617 617 617 617
542 542 543 543 543 543 543 543 543 543 543 543 543 543 543 544 544 544 544 543 543 543 543 543 543 543 543 543 543 543 543 544 543 543 543 543 543 543 543 543 543 543 542 542 542 542 542 542 542 542 621 621 621 621 621 621 621 621 621 620 620 620 620 620 620 620 620 619 619 619 619 619 619 618 618 618 618 618 618 618 617 617 617 617 617 617 616 616 616 616 616 615 615 615
541 541 541 542 542 542 542 542 542 541 541 541 541 541 541 541 541 542 542 542 542 542 542 542 541 541 541 541 541 541 541 541 541 542 542 542 541 541 541 541 541 541 541 541 541 541 540 540 540 540 619 619 619 619 618 619 619 619 619 619 619 619 618 618 618 618 618 618 618 617 617 617 617 617 617 617 616 616 616 616 616 616 615 615 615 615 615 615 614 614 614 614 614 614
539 539 539 539 540 540 540 540 540 540 540 540 540 540 540 540 539 539 540 540 540 540 540 540 540 540 540 540 540 539 539 539 539 539 539 540 540 540 540 540 539 539 539 539 539 539 539 539 539 617 617 617 617 617 617 617 617 616 616 617 617 617 617 617 617 616 616 616 616 616 616 615 615 615 615 615 615 615 614 614 614 614 614 614 614 614 614 614 614 614 614 614 614 614
538 538 538 538 537 537 538 538 538 538 538 538 538 538 538 538 538 538 538 538 539 538 538 538 538 538 538 538 538 538 538 538 538 537 537 537 537 538 538 538 538 538 538 537 537 537 537 537 537 616 616 616 615 615 615 615 615 615 615 615 614 614 614 615 615 615 615 614 614 614 614 614 614 614 614 614 614 614 614 614 614 614 614 614 614 614 614 614 614 614 614 614 614 614
536 536 536 536 536 536 536 537 537 537 536 536 536 536 536 536 536 536 536 536 536 537 537 537 537 536 536 536 536 536 536 536 536 536 536 536 535 535 535 536 536 536 536 536 536 536 535 535 535 614 614 614 614 614 613 613 613 613 613 613 613 613 613 613 613 613 613 613 613 613 614 614 614 614 614 614 614 614 614 614 614 614 614 614 614 614 614 614 614 614 614 614 614 614
534 534 534 534 534 534 534 534 535 535 535 535 535 535 535 534 534 534 534 534 534 534 534 535 535 535 535 535 534 534 534 534 534 534 534 534 534 534 534 533 533 533 534 534 534 534 534 534 613 613 613 613 613 613 613 613 613 613 613 613 613 613 613 613 613 613 613 613 613 613 613 613 613 613 613 613 613 613 613 613 613 613 613 613 613 613 613 613 613 613 613 613 613 613
533 532 532 532 532 532 532 532 532 532 533 533 533 533 533 533 533 533 533 532 532 532 532 532 532 533 533 533 533 533 533 533 533 533 533 533 533 533 533 533 533 533 533 533 534 534 534 534 613 613 613 613 613 613 613 613 613 613 613 613 613 613 613 613 613 613 613 613 613 613 613 613 613 613 613 613 613 613 613 613 613 613 613 613 613 613 613 613 613 613 613 613 613 613
531 531 531 531 531 531 531 531 531 531 531 532 532 532 532 532 532 532 532 532 532 532 532 532 532 532 532 533 533 533 533 533 533 533 533 533 533 533 533 533 533 533 533 533 533 533 533 534 613 613 613 613 613 613 613 613 613 613 613 613 613 613 613 613 613 613 613 613 613 613 613 613 613 613 613 613 613 613 613 613 613 613 613 613 613 613 613 613 613 613 613 613 613 613
531 531 531 531 531 531 531 531 531 531 531 531 531 532 532 532 532 532 532 532 532 532 532 532 532 532 532 532 532 533 533 533 533 533 533 533 533 533 533 533 533 533 533 533 533 533 533 612 612 612 613 613 613 613 613 613 613 613 613 613 613 613 613 613 613 613 613 613 613 613 613 613 613 613 613 613 613 613 613 613 613 613 613 613 613 613 613 613 613 613 613 613 613 613
531 531 531 531 531 531 531 531 531 531 531 531 531 531 532 532 532 532 532 532 532 532 532 532 532 532 532 532 532 532 532 533 533 533 533 533 533 533 533 533 533 533 533 533 533 533 533 612 612 612 612 612 612 612 613 613 613 613 613 613 613 613 613 613 613 613 613 613 613 613 613 613 613 613 613 613 613 613 613 613 613 613 613 613 613 613 613 613 613 613 613 613 613 613
530 530 531 531 531 531 531 531 531 531 531 531 531 531 531 531 532 532 532 532 532 532 532 532 532 532 532 532 532 532 532 532 532 533 533 533 533 533 533 533 533 533 533 533 533 533 533 612 612 612 612 612 612 612 612 612 612 612 613 613 613 613 613 613 613 613 613 613 613 613 613 613 613 613 613 613 613 613 613 613 613 613 613 613 613 613 613 613 613 613 613 613 613 613
530 530 530 531 531 531 531 531 531 531 531 531 531 531 531 531 531 531 532 532 532 532 532 532 532 532 532 532 532 532 532 532 532 532 532 533 533 533 533 533 533 533 533 533 533 533 533 612 612 612 612 612 612 612 612 612 612 612 612 612 612 612 612 613 613 613 613 613 613 613 613 613 613 613 613 613 613 613 613 613 613 613 613 613 613 613 613 613 613 613 613 613 613 613
530 530 530 530 531 531 531 531 531 531 531 531 531 531 531 531 531 531 531 532 532 532 532 532 532 532 532 532 532 532 532 532 532 532 532 532 532 532 533 533 533 533 533 533 533 533 612 612 612 612 612 612 612 612 612 612 612 612 612 612 612 612 612 612 612 612 612 612 612 613 613 613 613 613 613 613 613 613 613 613 613 613 613 613 613 613 613 613 613 613 613 613 613 613
530 530 530 530 530 530 531 531 531 531 531 531 531 531 531 531 531 531 531 531 531 532 532 532 532 532 532 532 532 532 532 532 532 532 532 532 532 532 532 532 533 533 533 533 533 533 612 612 612 612 612 612 612 612 612 612 612 612 612 612 612 612 612 612 612 612 612 612 612 612 612 612 612 612 612 612 612 612 612 612 612 612 612 612 612 612 612 612 612 612 612 612 612 612
530 530 530 530 530 530 530 531 531 531 531 531 531 531 531 531 531 531 531 531 531 531 531 532 532 532 532 532 532 532 532 532 532 532 532 532 532 532 532 532 532 532 532 533 533 533 612 612 612 612 612 612 612 612 612 612 612 612 612 612 612 612 612 612 612 612 612 612 612 612 612 612 612 612 612 612 612 612 612 612 612 612 612 612 612 612 612 612 612 612 612 612 612 612
530 530 530 530 530 530 530 530 530 531 531 531 531 531 531 531 531 531 531 531 531 531 531 531 531 532 532 532 532 532 532 532 532 532 532 532 532 532 532 532 532 532 532 532 532 532 612 612 612 612 612 612 612 612 612 612 612 612 612 612 612 612 612 612 612 612 612 612 612 612 612 612 612 612 612 612 612 612 612 612 612 612 612 612 612 612 612 612 612 612 612 612 612 612
530 530 530 530 530 530 530 530 530 530 531 531 531 531 531 531 531 531 531 531 531 531 531 531 531 531 531 532 532 532 532 532 532 532 532 532 532 532 532 532 532 532 532 532 532 611 611 611 611 612 612 612 612 612 612 612 612 612 612 612 612 612 612 612 612 612 612 612 612 612 612 612 612 612 612 612 612 612 612 612 612 612 612 612 612 612 612 612 612 612 612 612 612 612
530 530 530 530 530 530 530 530 530 530 530 530 531 531 531 531 531 531 531 531 531 531 531 531 531 531 531 531 531 532 532 532 532 532 532 532 532 532 532 532 532 532 532 532 532 611 611 611 611 611 611 611 611 612 612 612 612 612 612 612 612 612 612 612 612 612 612 612 612 612 612 612 612 612 612 612 612 612 612 612 612 612 612 612 612 612 612 612 612 612 612 612 612 612
530 530 530 530 530 530 530 530 530 530 530 530 530 530 531 531 531 531 531 531 531 531 531 531 531 531 531 531 531 531 531 532 532 532 532 532 532 532 532 532 532 532 532 532 532 611 611 611 611 611 611 611 611 611 611 611 611 612 612 612 612 612 612 612 612 612 612 612 612 612 612 612 612 612 612 612 612 612 612 612 612 612 612 612 612 612 612 612 612 612 612 612 612 612
530 530 530 530 530 530 530 530 530 530 530 530 530 530 530 531 531 531 531 531 531 531 531 531 531 531 531 531 531 531 531 531 531 531 532 532 532 532 532 532 532 532 532 532 532 611 611 611 611 611 611 611 611 611 611 611 611 611 611 611 611 611 612 612 612 612 612 612 612 612 612 612 612 612 612 612 612 612 612 612 612 612 612 612 612 612 612 612 612 612 612 612 612 612
529 529 530 530 530 530 530 530 530 530 530 530 530 530 530 530 530 531 531 531 531 531 531 531 531 531 531 531 531 531 531 531 531 531 531 531 532 532 532 532 532 532 532 532 611 611 611 611 611 611 611 611 611 611 611 611 611 611 611 611 611 611 611 611 611 611 611 611 611 612 612 612 612 612 612 612 612 612 612 612 612 612 612 612 612 612 612 612 612 612 612 612 612 612
529 529 529 530 530 530 530 530 530 530 530 530 530 530 530 530 530 530 530 531 531 531 531 531 531 531 531 531 531 531 531 531 531 531 531 531 531 531 531 532 532 532 532 532 611 611 611 611 611 611 611 611 611 611 611 611 611 611 611 611 611 611 611 611 611 611 611 611 611 611 611 611 611 611 611 611 611 611 611 611 611 611 611 611 611 611 611 611 611 611 611 611 611 611
529 529 529 529 529 530 530 530 530 530 530 530 530 530 530 530 530 530 530 530 530 531 531 531 531 531 531 531 531 531 531 531 531 531 531 531 531 531 531 531 531 531 532 532 611 611 611 611 611 611 611 611 611 611 611 611 611 611 611 611 611 611 611 611 611 611 611 611 611 611 611 611 611 611 611 611 611 611 611 611 611 611 611 611 611 611 611 611 611 611 611 611 611 611
529 529 529 529 529 529 529 530 530 530 530 530 530 530 530 530 530 530 530 530 530 530 530 531 531 531 531 531 531 531 531 531 531 531 531 531 531 531 531 531 531 531 531 531 610 611 611 611 611 611 611 611 611 611 611 611 611 611 611 611 611 611 611 611 611 611 611 611 611 611 611 611 611 611 611 611 611 611 611 611 611 611 611 611 611 611 611 611 611 611 611 611 611 551
529 529 529 529 529 529 529 529 530 530 530 530 530 530 530 530 530 530 530 530 530 530 530 530 530 531 531 531 531 531 531 531 531 531 531 531 531 531 531 531 531 531 531 531 610 610 610 610 611 611 611 611 611 611 611 611 611 611 611 611 611 611 611 611 611 611 611 611 611 611 611 611 611 611 611 611 611 611 611 611 611 611 611 611 611 611 611 611 611 611 611 551 551 551
529 529 529 529 529 529 529 529 529 529 530 530 530 530 530 530 530 530 530 530 530 530 530 530 530 530 530 531 531 531 531 531 531 531 531 531 531 531 531 531 531 531 531 610 610 610 610 610 610 610 610 610 611 611 611 611 611 611 611 611 611 611 611 611 611 611 611 611 611 611 611 611 611 611 611 611 611 611 611 611 611 611 611 611 611 611 611 611 611 551 551 551 551 551
529 529 529 529 529 529 529 529 529 529 529 529 530 530 530 530 530 530 530 530 530 530 530 530 530 530 530 530 530 530 531 531 531 531 531 531 531 531 531 531 531 531 531 610 610 610 610 610 610 610 610 610 610 610 610 610 611 611 611 611 611 611 611 611 611 611 611 611 611 611 611 611 611 611 611 611 611 611 611 611 611 611 611 611 611 611 611 611 551 551 551 551 551 551
529 529 529 529 529 529 529 529 529 529 529 529 529 530 530 530 530 530 530 530 530 530 530 530 530 530 530 530 530 530 530 530 531 531 531 531 531 531 531 531 531 531 531 610 610 610 610 610 610 610 610 610 610 610 610 610 610 610 610 610 610 610 611 611 611 611 611 611 611 611 611 611 611 611 611 611 611 611 611 611 611 611 611 611 611 611 551 551 551 551 551 551 551 551
529 529 529 529 529 529 529 529 529 529 529 529 529 529 529 530 530 530 530 530 530 530 530 530 530 530 530 530 530 530 530 530 530 530 530 531 531 531 531 531 531 531 531 610 610 610 610 610 610 610 610 610 610 610 610 610 610 610 610 610 610 610 610 610 610 610 610 610 610 611 611 611 611 611 611 611 611 611 611 611 611 611 611 611 551 551 551 551 551 551 551 551 551 551
528 529 529 529 529 529 529 529 529 529 529 529 529 529 529 529 529 530 530 530 530 530 530 530 530 530 530 530 530 530 530 530 530 530 530 530 530 531 531 531 531 531 531 610 610 610 610 610 610 610 610 610 610 610 610 610 610 610 610 610 610 610 610 610 610 610 610 610 610 610 610 610 610 610 610 610 610 610 610 610 610 610 550 550 550 550 550 550 550 550 550 550 550 550
528 528 528 529 529 529 529 529 529 529 529 529 529 529 529 529 529 529 529 530 530 530 530 530 530 530 530 530 530 530 530 530 530 530 530 530 530 530 530 530 531 531 610 610 610 610 610 610 610 610 610 610 610 610 610 610 610 610 610 610 610 610 610 610 610 610 610 610 610 610 610 610 610 610 610 610 610 610 610 610 610 550 550 550 550 550 550 550 550 550 550 550 550 550
528 528 528 528 529 529 529 529 529 529 529 529 529 529 529 529 529 529 529 529 529 530 530 530 530 530 530 530 530 530 530 530 530 530 530 530 530 530 530 530 530 530 609 609 610 610 610 610 610 610 610 610 610 610 610 610 610 610 610 610 610 610 610 610 610 610 610 610 610 610 610 610 610 610 610 610 610 610 610 550 550 550 550 550 550 550 550 550 550 550 550 550 550 550
528 528 528 528 528 528 529 529 529 529 529 529 529 529 529 529 529 529 529 529 529 529 529 530 530 530 530 530 530 530 530 530 530 530 530 530 530 530 530 530 530 530 609 609 609 609 609 610 610 610 610 610 610 610 610 610 610 610 610 610 610 610 610 610 610 610 610 610 610 610 610 610 610 610 610 610 610 550 550 550 550 550 550 550 550 550 550 550 550 550 550 550 550 550
