testData/tiles/oneDegree/grid3.0-4.0-4.0-5.0.asc
ncols   200
nrows   200
xllcorner   3.0
yllcorner   4.0
cellsize   0.005
NODATA_value   -9999.0
[rows 0 to 41 of 200, columns 0 to 93 of 200]
295 295 295 294 293 293 293 292 292 292 291 291 290 290 289 289 288 288 286 285 284 283 282 281 281 281 281 281 281 281 281 281 280 280 280 280 280 280 345 345 345 345 345 359 358 358 358 358 358 358 358 358 358 359 359 358 358 358 358 358 358 358 358 358 485 485 484 484 484 484 484 484 484 484 485 484 485 485 486 486 487 487 488 488 489 489 491 491 492 492 493 358 358 359
295 295 295 294 293 293 293 292 292 292 291 291 290 290 289 289 288 288 286 285 284 283 281 281 281 281 281 281 281 281 281 281 280 280 280 280 280 315 345 345 346 346 346 360 359 359 359 359 359 359 359 359 359 360 360 359 359 359 359 359 359 359 359 359 359 358 485 485 485 485 485 485 485 486 486 486 486 487 487 487 487 488 488 488 489 490 491 491 492 357 358 358 359 359
295 295 294 293 293 293 293 292 292 292 291 291 290 290 289 289 288 288 286 285 284 283 281 282 282 282 282 282 282 282 282 281 281 281 281 316 316 346 346 346 346 346 360 359 359 359 359 359 359 359 359 359 360 360 360 359 359 359 359 359 359 359 359 359 359 358 358 485 485 485 485 485 485 486 485 486 486 487 487 488 488 489 489 490 491 492 492 493 358 359 359 359 360 360
295 295 294 293 293 293 293 292 292 292 291 292 291 291 290 290 289 287 287 286 285 284 282 282 282 282 282 282 282 282 282 281 281 281 316 316 316 346 346 346 346 346 360 359 359 359 359 359 359 359 359 360 360 360 359 359 359 359 359 359 359 359 359 359 358 358 358 358 358 485 485 485 486 486 486 486 487 487 488 488 489 489 489 491 491 492 492 358 358 359 359 360 360 361
295 294 295 294 294 294 293 293 293 292 292 292 291 291 290 290 289 287 287 286 286 284 282 282 282 282 282 282 282 282 281 281 281 316 316 316 316 346 346 346 346 360 360 359 359 359 359 359 359 359 360 360 360 360 359 359 359 359 359 359 359 359 359 359 358 358 358 358 358 358 485 485 486 486 486 486 487 487 488 488 489 489 491 491 492 357 358 358 359 359 360 360 360 361
296 295 295 294 294 294 293 293 293 292 292 292 291 291 290 290 288 287 287 287 286 284 282 282 282 282 282 282 282 282 281 316 316 316 316 316 316 346 346 346 346 360 359 359 359 359 359 359 359 360 360 360 360 359 359 359 359 359 359 359 359 359 359 359 358 358 358 358 358 358 358 359 486 486 486 487 487 488 488 488 489 490 491 491 357 357 358 358 359 359 360 360 361 361
295 295 295 294 294 294 293 293 293 292 292 292 291 291 290 290 288 287 286 287 285 284 282 282 282 282 282 282 282 281 316 316 316 316 316 316 346 346 346 346 346 360 359 359 359 359 359 359 359 360 360 360 360 359 359 359 359 359 359 359 359 359 359 358 358 358 358 358 358 358 358 359 359 486 486 487 487 488 488 489 490 491 491 357 357 358 358 359 359 360 360 360 361 361
295 295 295 294 294 294 293 293 293 292 292 291 291 291 290 288 288 287 287 286 285 284 282 282 282 282 282 282 282 316 316 316 316 316 316 316 346 346 346 346 360 359 359 359 359 359 359 359 360 360 360 360 359 359 359 359 359 359 359 359 359 359 359 358 358 358 358 358 358 358 359 359 360 359 359 487 487 488 488 490 490 356 356 357 357 358 358 359 359 360 360 361 361 362
295 295 294 294 294 294 293 293 293 292 292 291 291 290 289 288 288 288 287 286 285 284 282 282 282 282 282 317 316 317 317 317 317 317 317 317 347 347 347 347 361 360 360 360 360 360 360 361 361 361 361 361 360 360 360 360 360 360 360 360 360 360 359 359 359 359 359 359 359 359 360 360 360 360 361 361 362 489 491 491 357 357 358 358 359 359 360 360 361 361 360 361 361 362
295 295 294 294 294 294 293 293 293 292 292 291 291 290 289 288 289 289 288 287 286 285 283 283 283 283 318 318 317 317 317 317 317 317 317 347 347 347 347 347 360 360 360 360 360 360 361 361 361 361 361 360 360 360 360 360 360 360 360 360 360 360 359 359 359 359 359 359 359 359 360 360 360 360 361 361 362 362 356 356 357 357 358 358 359 359 360 360 361 361 362 362 363 363
295 295 294 294 294 294 293 294 293 293 293 292 292 290 290 289 290 289 288 287 286 283 283 283 283 318 318 317 317 317 317 317 317 317 317 347 347 347 347 361 360 360 360 360 360 360 361 361 361 361 361 360 360 360 360 360 360 360 360 360 360 359 359 359 359 359 359 359 359 360 360 360 360 361 361 362 362 229 229 230 357 358 358 359 359 360 360 360 361 361 362 362 363 363
296 296 295 295 295 294 294 294 293 293 293 292 291 290 290 290 289 289 288 287 285 283 283 283 318 318 317 317 317 317 317 317 317 317 317 347 347 347 347 360 360 360 360 360 360 361 361 361 361 361 360 360 360 360 360 360 360 360 360 360 360 359 359 359 359 359 359 359 359 360 360 360 360 361 361 227 228 229 229 230 230 231 358 359 359 360 360 361 361 362 362 363 363 364
296 296 295 295 295 294 294 294 293 293 293 292 291 290 291 290 289 289 288 287 285 283 318 318 318 318 317 317 317 317 317 317 317 317 347 347 347 347 346 360 360 360 360 360 361 361 361 361 361 361 360 360 360 360 360 360 360 360 360 360 359 359 359 359 359 359 359 359 360 360 360 360 361 361 227 228 228 229 229 230 230 231 231 359 359 360 360 361 361 362 362 363 363 364
296 295 295 295 295 294 294 294 293 293 293 291 291 290 291 290 289 289 288 287 285 318 318 318 318 317 317 317 317 317 317 317 317 317 347 347 347 347 360 360 360 360 360 361 361 361 361 361 361 360 360 360 360 360 360 360 360 360 360 360 359 359 359 359 359 359 359 359 360 360 360 360 226 226 228 228 229 229 230 230 231 231 232 232 233 360 361 361 362 362 363 363 364 364
296 295 295 295 295 294 294 294 293 293 291 291 291 291 290 290 289 288 287 286 320 318 318 318 317 317 317 317 317 317 317 317 317 317 347 347 347 346 360 360 360 360 360 361 361 361 361 361 361 360 360 361 361 361 361 361 361 361 361 360 360 360 360 360 360 360 360 360 360 359 225 225 226 227 228 228 229 229 230 230 231 231 232 232 233 233 234 361 362 362 363 363 364 364
296 295 295 295 295 294 294 294 293 292 291 291 291 291 290 290 289 288 287 321 320 318 318 318 317 317 317 317 317 318 318 318 318 348 348 348 347 347 361 361 361 361 362 362 362 362 362 362 361 361 361 361 361 361 361 361 361 361 361 360 360 360 360 360 360 360 360 361 225 226 226 227 228 229 229 230 230 231 231 232 232 233 233 234 234 235 235 236 363 364 363 363 364 364
296 295 295 295 294 294 294 293 292 292 291 291 291 291 290 290 289 289 323 322 321 319 319 318 318 318 318 318 318 318 318 318 318 348 348 348 347 347 361 361 361 362 362 362 362 362 362 361 361 361 361 361 361 361 361 361 361 361 360 360 360 360 360 360 360 360 360 226 225 226 226 227 228 229 229 230 230 231 231 232 232 233 233 234 234 235 235 236 236 237 364 365 365 366
296 295 295 295 294 294 294 292 293 293 292 293 292 292 291 291 290 324 323 322 321 319 318 318 318 318 318 318 318 318 318 318 318 348 348 347 347 361 361 361 362 362 362 362 362 362 362 361 361 361 361 361 361 361 361 361 361 360 360 360 360 360 360 360 360 225 225 225 225 226 226 228 228 229 229 230 230 231 231 232 232 233 233 234 234 235 235 236 236 237 237 238 365 366
296 296 296 296 295 295 295 293 293 293 292 293 292 292 291 325 325 324 323 321 319 318 318 318 318 318 318 318 318 318 318 318 318 348 347 347 347 361 361 361 362 362 362 362 362 362 361 361 361 361 361 361 361 361 361 361 361 360 360 360 360 360 360 225 225 225 226 225 226 226 228 228 229 229 230 230 231 231 232 232 233 233 234 234 235 235 236 236 237 237 238 238 239 239
296 296 296 296 295 295 294 293 293 292 293 293 292 292 326 325 325 324 323 321 318 318 318 318 318 318 318 318 318 318 318 318 348 347 347 347 347 361 361 362 362 362 362 362 362 361 361 361 361 361 361 361 361 361 361 361 360 360 360 360 360 225 225 225 225 225 225 225 226 227 228 228 229 229 230 230 231 231 232 232 233 233 234 234 235 235 236 236 237 237 238 238 239 239
296 296 296 296 295 294 294 293 293 293 293 293 292 326 326 325 324 324 322 320 318 318 318 318 318 318 318 318 318 318 318 318 348 347 347 347 347 361 362 362 362 362 362 362 361 361 361 361 361 361 361 361 361 361 361 360 360 360 360 225 225 225 225 225 225 224 225 225 227 227 228 228 229 229 230 230 231 231 232 232 233 233 234 234 235 235 236 236 237 237 238 238 239 239
296 296 296 295 294 294 293 293 293 293 293 292 327 326 326 325 324 323 321 320 318 318 318 318 318 318 318 318 318 318 318 318 347 347 347 347 361 361 362 362 362 362 362 362 361 361 361 361 361 361 361 361 361 361 361 360 360 225 225 225 225 225 225 225 225 225 225 226 227 228 228 229 229 230 230 231 231 232 232 233 233 234 234 235 235 236 236 237 237 238 238 239 239 240
296 296 296 294 294 294 293 293 294 293 293 327 327 326 326 325 324 323 321 320 318 318 318 318 318 318 318 318 318 318 318 347 347 347 347 347 361 362 363 363 363 363 363 362 362 362 362 362 362 362 362 362 362 362 361 226 226 226 226 226 226 226 226 226 225 226 226 228 228 229 229 230 230 231 231 232 232 233 233 234 234 234 234 235 235 236 236 237 237 238 238 239 239 240
296 295 295 294 294 294 293 294 294 293 328 327 327 326 326 325 324 322 321 320 318 318 318 318 319 319 319 319 319 319 318 348 348 348 348 348 363 363 363 363 363 363 362 362 362 362 362 362 362 362 362 362 362 226 226 226 226 226 226 226 226 226 226 225 225 226 227 228 228 229 229 230 230 231 231 232 232 233 233 234 234 235 235 236 236 237 238 238 239 239 240 240 241 241
295 295 295 294 294 294 293 294 293 328 328 327 327 326 326 326 324 323 322 319 319 319 319 319 319 319 319 319 319 318 318 348 348 348 348 348 363 363 363 363 363 362 362 362 362 362 362 362 362 362 227 227 226 226 226 226 226 226 226 226 226 226 225 225 225 227 227 228 228 229 230 230 231 231 232 232 233 233 234 234 235 235 236 236 237 237 238 238 239 239 240 240 241 241
295 295 294 294 294 294 295 295 329 329 329 328 328 327 325 325 324 323 321 319 319 319 319 319 319 319 319 319 318 318 318 348 348 348 348 363 363 363 363 363 362 362 362 362 362 362 362 362 227 227 227 226 226 226 226 226 226 226 226 226 226 226 225 225 226 227 228 228 229 229 230 230 231 231 232 232 233 233 234 234 235 235 236 236 237 237 238 238 239 239 240 240 241 241
296 296 295 295 295 294 295 330 329 329 328 328 327 326 325 324 324 322 321 319 319 319 319 319 319 319 319 318 318 318 348 348 348 348 349 363 363 363 363 362 362 362 362 362 362 227 227 227 227 227 226 226 226 226 226 226 226 226 226 226 226 225 225 225 227 227 228 228 229 229 230 230 231 231 232 232 233 233 234 234 235 235 236 236 237 237 238 239 239 240 240 241 241 242
296 296 295 295 295 295 330 330 329 329 328 328 326 326 325 324 323 322 321 319 319 319 319 319 319 319 318 318 318 318 348 348 348 348 349 363 363 363 362 362 362 362 362 227 227 227 227 227 227 227 226 226 226 226 226 226 226 226 226 226 225 225 225 226 227 227 228 228 229 229 230 230 231 231 232 233 233 234 234 235 235 236 236 237 237 238 238 239 239 240 240 241 241 242
296 296 295 295 296 330 330 330 329 329 328 327 326 326 325 324 323 322 321 319 319 319 319 319 319 318 318 318 318 318 348 348 348 349 349 363 363 362 362 362 227 227 227 227 227 227 227 227 227 226 226 226 226 226 226 226 226 226 226 225 225 225 226 226 227 227 228 229 229 230 230 231 231 232 232 233 233 234 234 235 235 236 236 237 237 238 238 239 239 240 240 241 241 243
296 295 295 295 331 330 330 329 329 329 327 327 326 325 325 324 323 322 321 319 319 319 319 319 318 318 318 318 318 318 348 348 349 349 349 363 362 227 227 227 227 227 227 227 227 227 227 227 226 226 226 226 226 226 226 226 226 226 225 225 225 225 226 227 227 228 228 229 229 230 230 231 231 232 232 233 233 234 234 235 235 236 236 237 237 238 238 239 239 240 240 241 243 243
296 295 295 331 330 330 330 329 329 328 327 327 326 325 325 324 323 321 319 319 319 319 319 318 318 318 318 318 318 348 348 348 349 349 228 227 227 227 227 227 227 227 227 227 228 228 228 227 227 227 227 227 227 227 227 227 227 226 226 226 226 227 227 228 228 229 229 230 230 231 231 232 232 233 233 233 233 234 234 235 235 236 237 237 238 238 239 239 240 240 241 241 243 243
296 295 330 331 330 330 330 328 328 327 327 326 326 325 324 324 323 321 319 319 319 319 318 318 318 318 318 318 319 349 349 215 215 215 228 228 228 228 228 228 228 228 228 228 228 228 227 227 227 227 227 227 227 227 227 227 226 226 226 226 227 227 227 228 228 229 229 230 230 231 231 232 232 233 234 234 235 235 236 236 237 237 238 238 239 239 240 240 241 241 242 242 243 243
312 345 346 344 342 341 339 336 334 332 327 326 326 325 324 323 322 321 320 320 319 319 319 319 319 319 319 184 184 214 215 215 215 214 228 228 228 228 228 228 228 228 228 228 228 227 227 227 227 227 227 227 227 227 227 226 226 226 226 227 227 227 227 228 228 229 229 230 231 231 232 232 233 233 234 234 235 235 236 236 237 237 238 238 239 239 240 240 241 241 243 243 244 244
353 353 353 352 351 349 347 346 346 344 344 342 341 339 336 334 331 328 325 319 319 319 319 184 184 184 184 184 184 214 215 215 214 214 228 228 228 228 228 228 228 228 228 228 227 227 227 227 227 227 227 227 227 227 226 226 226 226 226 227 227 227 228 228 229 229 230 230 231 231 232 232 233 233 234 234 235 235 236 236 237 237 238 238 239 239 240 241 241 243 243 244 244 245
359 359 359 357 357 356 354 354 353 352 351 349 347 347 345 343 341 339 336 200 199 197 196 195 193 191 189 184 214 215 215 214 214 214 228 228 228 228 228 228 228 228 228 227 227 227 227 227 227 227 227 227 227 226 226 226 226 226 227 227 227 227 228 228 229 229 230 230 231 231 232 232 233 233 234 234 235 235 236 236 237 238 238 239 239 240 240 241 242 243 243 244 244 245
365 365 363 362 361 361 359 359 357 357 355 355 353 352 216 214 213 208 207 207 206 205 204 204 203 202 201 200 230 229 227 225 224 222 234 233 228 228 228 228 228 228 227 227 227 227 227 227 227 227 227 227 226 226 226 226 226 227 227 227 227 227 228 228 229 229 230 230 231 231 232 232 233 233 234 235 235 236 236 237 237 238 238 239 239 240 240 242 242 243 243 244 244 245
368 367 367 366 365 365 363 363 226 226 224 224 222 221 220 218 215 213 212 212 211 211 210 209 209 208 207 207 237 235 234 234 233 246 245 244 243 242 240 239 236 234 232 227 227 227 227 227 227 227 227 226 226 226 226 226 226 227 227 227 227 227 228 228 229 229 230 230 231 231 232 233 233 234 234 235 235 236 236 237 237 238 238 239 239 240 240 242 242 243 243 244 244 245
236 236 235 234 234 232 232 231 230 230 228 228 226 225 222 221 220 217 217 216 216 215 215 214 213 213 212 212 241 241 240 239 239 252 251 251 250 249 248 246 245 244 243 242 241 240 239 237 235 233 231 226 226 226 226 226 227 227 227 227 227 227 228 228 229 229 230 231 231 232 232 233 233 234 234 235 235 236 236 237 237 238 238 239 239 240 241 242 243 243 244 244 245 245
239 239 237 237 237 235 235 235 233 233 231 230 230 227 226 224 223 221 220 220 219 219 218 218 217 217 215 216 245 245 244 244 243 257 256 255 255 254 253 252 251 251 250 249 248 247 247 246 245 243 242 240 239 238 236 235 233 232 227 227 227 227 228 229 229 230 230 231 231 232 232 233 233 234 234 235 235 236 236 237 237 238 238 239 240 241 242 242 243 243 244 244 245 246
242 242 240 240 240 238 238 237 236 235 234 232 232 230 229 228 226 224 223 223 223 222 222 221 221 219 220 250 249 249 248 248 247 261 260 260 259 258 257 256 256 255 255 254 253 253 252 251 250 249 248 247 247 246 246 246 245 243 242 241 240 239 237 235 230 231 231 231 231 232 232 233 233 234 234 235 235 236 236 237 238 238 239 239 241 241 242 242 243 243 244 244 246 246
244 244 243 243 242 241 241 239 239 238 236 235 235 233 232 229 227 227 226 226 226 225 225 223 223 224 223 253 252 252 251 251 251 265 265 264 263 262 262 261 261 260 260 259 259 258 257 256 255 255 254 253 253 252 252 251 251 250 249 248 247 247 246 246 245 245 243 243 241 240 238 234 234 235 235 236 237 237 238 238 239 239 240 240 242 242 242 242 243 243 244 245 246 246
247 245 245 245 244 243 243 242 240 239 239 237 236 236 233 232 230 229 229 229 228 228 228 227 227 227 227 257 256 256 255 255 255 268 267 266 266 265 265 265 264 264 263 263 262 262 260 260 259 258 258 257 257 257 256 256 255 255 254 253 252 253 252 252 251 251 250 250 249 249 248 248 248 246 245 243 242 237 238 238 239 239 240 241 242 242 243 243 244 245 246 246 247 248
