testData/tiles/oneDegree/grid38.0-32.0-39.0-33.0.asc
ncols   200
nrows   200
xllcorner   38.0
yllcorner   32.0
cellsize   0.005
NODATA_value   -9999.0
[rows 0 to 41 of 200, columns 94 to 187 of 200]
349 350 351 350 352 352 353 355 355 356 356 358 359 359 359 361 362 362 363 364 364 365 366 365 367 367 368 369 368 370 369 370 371 371 371 444 444 444 446 446 448 448 448 450 450 451 452 452 453 454 453 454 455 456 457 457 457 458 458 459 459 459 460 461 460 460 462 461 461 463 462 463 464 463 464 463 464 465 464 465 465 465 464 466 465 465 465 465 466 465 465 465 465 465
350 350 350 351 351 351 352 353 353 355 356 356 357 358 359 358 361 360 362 362 362 364 364 364 366 365 366 366 367 368 369 369 370 370 370 443 443 444 445 446 446 448 448 449 450 450 451 451 451 453 453 453 455 455 454 456 456 456 458 457 459 459 459 459 460 460 460 461 461 461 462 462 462 463 463 463 463 464 464 463 464 464 464 464 464 464 465 464 464 465 464 464 464 464
350 350 351 351 351 352 351 353 353 352 355 354 355 357 357 358 358 359 360 361 361 362 362 363 364 365 364 366 366 366 367 367 367 369 368 441 443 443 445 444 445 446 446 447 448 449 449 450 451 452 453 452 453 454 454 455 456 455 456 457 457 457 458 458 459 459 460 460 460 461 461 461 462 462 461 463 462 462 463 463 463 463 464 464 464 463 464 464 463 464 464 463 464 463
350 350 352 351 351 353 352 352 353 353 353 354 354 355 355 357 357 358 358 359 361 360 362 361 362 363 363 365 365 365 367 366 367 367 367 440 441 442 442 444 444 445 446 446 448 448 449 450 449 450 451 451 452 453 454 454 454 455 456 456 456 457 457 458 458 458 459 459 459 460 460 460 461 461 461 461 462 462 462 462 462 463 462 463 463 463 462 464 463 462 463 463 463 463
350 351 350 352 352 352 353 352 353 354 353 354 353 354 355 354 356 356 357 358 358 358 360 360 361 362 362 362 363 364 364 365 365 366 367 439 441 441 442 443 444 444 445 446 446 447 447 448 449 449 451 451 451 452 452 452 454 454 454 455 455 457 456 456 458 458 457 459 459 458 459 460 459 460 460 460 461 461 462 461 461 462 462 461 462 462 462 462 462 462 462 462 461 463
351 350 351 352 352 352 353 353 354 353 354 355 354 354 355 355 355 355 355 356 357 358 358 359 358 361 361 361 362 362 362 364 363 364 365 438 439 440 440 441 442 442 444 444 445 446 446 447 448 449 449 449 450 451 452 452 452 453 453 454 455 454 455 456 456 456 457 458 457 458 459 458 459 459 459 460 460 460 459 461 460 460 461 461 460 461 461 462 461 461 462 461 461 461
352 351 351 352 352 353 353 353 353 354 354 354 355 354 355 355 355 356 355 355 356 356 356 357 358 359 359 359 360 361 362 362 363 363 365 437 437 439 439 440 441 442 443 444 444 445 445 445 447 447 447 449 449 450 450 450 452 452 453 453 453 454 455 454 455 456 456 456 457 457 457 458 457 457 459 458 459 459 459 460 460 460 460 460 460 461 460 459 461 460 460 460 460 460
350 352 351 352 353 352 354 354 353 354 354 354 355 355 355 355 355 356 356 356 356 356 356 356 357 356 358 358 358 359 359 360 361 361 363 435 436 438 438 438 440 440 441 442 442 443 444 445 446 446 447 447 448 448 449 450 450 451 451 451 453 453 452 454 454 454 455 455 456 456 456 456 457 457 457 458 458 458 459 458 459 458 459 459 459 459 460 459 460 460 459 460 459 460
351 352 352 352 352 353 353 353 354 354 354 355 355 355 354 356 356 355 356 355 356 357 356 357 356 356 357 357 357 358 358 359 360 361 361 435 435 437 437 438 439 439 440 441 442 442 444 444 443 445 445 446 447 447 449 448 449 450 450 451 451 452 452 453 453 453 454 454 454 455 455 456 456 456 457 457 456 458 457 457 458 458 457 458 458 458 458 459 458 459 458 458 459 458
352 352 352 352 353 353 353 354 354 354 355 354 355 356 355 356 355 356 357 356 356 356 357 357 357 357 357 357 357 357 357 357 359 360 360 434 434 435 436 437 437 439 439 440 440 441 442 442 443 444 445 445 446 446 446 448 448 448 449 449 451 451 450 452 452 452 453 453 453 454 454 454 455 455 455 456 456 455 457 456 457 456 457 458 457 457 458 457 457 458 458 457 457 458
351 352 353 352 354 353 353 355 354 354 355 355 355 355 356 355 356 356 356 357 357 357 357 356 357 358 357 358 357 357 358 358 359 359 431 432 433 433 435 435 435 437 437 438 439 440 440 442 442 444 443 443 445 445 446 447 446 447 448 449 449 449 450 450 451 451 452 452 452 453 453 453 454 454 454 455 454 455 455 455 456 456 456 455 457 456 456 457 456 457 456 457 457 456
352 352 353 353 352 354 354 354 355 355 355 355 355 356 356 355 357 356 356 357 356 358 357 357 358 357 357 357 357 357 359 359 359 360 360 432 433 433 434 434 435 436 437 437 439 438 438 440 440 441 442 443 443 445 444 445 446 446 448 447 447 449 449 448 450 450 451 451 451 452 452 452 453 453 453 454 454 454 454 455 454 455 455 455 455 456 455 456 455 456 456 455 455 456
352 352 353 353 353 354 353 354 355 354 355 355 355 356 356 356 356 356 357 357 357 357 357 357 357 358 358 358 358 358 359 359 359 360 360 432 433 433 433 434 434 434 435 435 437 437 438 439 440 440 442 441 441 443 443 444 445 444 445 446 447 446 447 448 449 448 449 450 450 450 451 451 451 452 452 452 453 453 453 453 454 453 454 453 454 454 454 455 455 454 455 455 454 455
352 352 354 353 353 354 354 354 355 355 355 356 356 355 356 357 356 357 356 357 357 357 358 357 357 358 357 357 359 359 359 360 360 361 361 433 434 434 434 435 435 435 436 436 436 437 437 436 438 438 439 440 441 442 441 442 443 444 444 446 445 445 447 447 446 448 448 448 449 449 449 450 450 451 451 451 452 452 451 453 452 452 453 453 452 453 453 453 453 454 453 454 453 453
353 353 352 354 354 353 355 354 355 356 355 356 355 356 357 356 356 357 357 357 357 357 357 358 358 358 358 358 359 359 359 360 360 360 361 433 433 435 434 434 435 435 436 436 436 437 437 437 438 438 438 439 439 439 441 441 442 442 442 444 444 445 445 445 446 447 446 447 448 448 448 449 449 449 450 450 450 450 451 450 451 452 452 452 452 453 452 451 453 452 452 453 453 452
353 352 353 354 354 354 354 355 355 355 355 356 356 356 356 357 357 357 357 356 358 358 357 358 357 357 358 359 359 360 360 361 361 361 362 434 434 435 435 435 436 436 436 437 437 437 438 438 438 438 438 439 439 439 440 439 440 441 442 442 442 443 443 445 444 444 446 446 446 447 447 448 448 447 449 449 448 450 449 449 451 450 450 451 451 450 451 451 451 451 451 451 451 451
352 353 353 354 354 354 355 355 354 356 356 355 356 356 356 357 356 357 358 357 358 357 357 359 358 358 359 359 359 360 360 360 361 362 362 435 435 436 436 436 437 437 436 437 437 437 438 438 438 439 439 439 439 439 439 440 440 441 440 440 442 442 441 443 443 444 444 444 445 445 445 446 446 447 447 447 448 447 448 449 449 449 449 450 449 450 450 450 449 451 450 449 451 450
352 354 353 353 355 354 354 355 355 356 356 356 357 356 357 357 357 357 357 358 357 358 358 357 358 358 360 360 360 361 361 361 362 362 362 435 435 435 436 436 436 437 437 438 438 438 439 439 439 439 439 439 440 440 440 441 440 440 441 441 441 441 441 441 442 442 443 444 443 444 445 444 445 446 445 446 446 446 448 447 447 448 448 447 448 448 448 448 449 448 449 449 448 449
353 353 354 354 354 355 355 355 355 355 356 356 356 357 356 357 358 357 358 358 357 358 358 358 359 359 359 360 360 360 361 362 363 363 363 436 436 436 437 437 437 438 438 438 438 438 438 439 439 439 440 440 441 440 440 441 441 441 442 441 441 442 442 441 442 442 441 442 442 442 443 443 444 444 444 445 445 445 446 446 445 447 446 446 447 447 446 448 447 447 448 448 447 447
353 353 354 353 355 355 354 356 355 355 357 356 356 357 357 357 357 357 357 358 358 358 358 358 359 360 360 361 361 361 362 362 362 363 363 435 436 436 436 437 437 438 438 438 439 439 439 440 440 440 440 440 440 441 441 441 441 441 441 442 442 442 442 442 443 442 442 443 442 442 443 442 442 443 442 443 444 444 444 444 445 444 445 445 445 445 446 445 446 446 447 446 446 447
353 353 354 354 354 355 355 355 356 356 356 356 357 357 357 356 358 358 357 358 358 358 359 359 359 360 360 361 361 361 363 363 363 364 364 436 437 437 437 438 438 438 439 439 439 439 439 440 440 440 441 441 441 442 441 441 442 442 442 442 442 442 443 442 442 443 443 442 443 443 442 443 443 443 443 443 443 443 442 443 443 443 444 444 444 444 445 444 444 445 444 445 445 445
353 354 354 355 354 355 356 355 356 355 356 357 356 356 358 357 358 357 358 359 358 358 359 359 359 361 361 361 362 362 362 363 363 363 364 436 437 437 437 438 438 438 439 439 439 440 440 440 441 441 440 441 441 441 442 442 443 442 442 443 443 442 443 443 443 443 443 443 444 443 443 444 443 443 443 443 443 443 443 442 443 443 442 443 442 443 443 443 444 444 443 444 444 443
354 353 354 354 354 355 355 355 357 356 356 357 357 357 357 357 357 358 358 357 358 359 359 360 360 361 361 361 362 363 363 364 364 364 365 437 437 438 438 438 439 439 439 440 440 441 440 440 441 441 441 442 442 442 442 442 442 443 443 442 443 443 443 444 443 443 444 443 444 444 443 444 444 443 444 444 443 444 443 443 444 443 443 443 443 442 443 442 442 442 442 442 442 442
354 354 354 355 355 354 356 356 355 357 356 356 357 357 358 358 357 358 358 358 359 359 359 360 361 361 362 362 362 363 363 364 364 364 365 437 437 438 438 438 439 439 439 440 440 440 441 441 441 442 442 441 442 442 443 443 443 443 443 443 444 444 443 444 444 444 444 444 444 444 444 444 444 444 444 444 444 443 444 444 443 444 443 443 443 443 443 443 442 443 442 442 442 441
353 354 354 355 355 355 356 355 356 357 356 357 357 357 357 358 358 357 358 358 359 360 360 361 361 361 362 362 362 364 364 364 365 365 365 438 438 438 439 439 440 440 440 441 441 441 441 441 441 442 442 442 443 443 442 443 443 443 444 444 443 444 444 444 444 444 445 444 444 445 445 444 445 444 444 445 444 444 445 444 444 444 444 443 444 443 443 443 443 442 443 442 442 442
263 263 263 264 355 355 355 356 356 357 357 356 357 358 357 358 358 357 359 359 359 360 360 360 362 362 362 363 363 364 364 364 365 365 365 438 438 438 439 439 439 440 440 440 441 441 441 442 442 443 443 442 443 443 443 444 444 443 444 444 444 445 444 444 445 445 444 445 445 444 445 445 444 445 445 444 445 444 444 445 444 444 444 444 444 444 443 444 443 443 443 443 442 443
262 264 264 263 265 264 264 357 356 356 357 357 357 357 357 359 358 358 359 359 360 361 361 361 362 362 362 363 364 364 365 365 365 366 366 439 439 439 440 440 440 441 441 441 442 442 442 442 442 442 443 443 443 444 444 443 444 444 444 445 444 445 445 445 445 445 445 446 445 445 446 445 445 446 445 445 445 445 445 445 445 444 445 444 444 444 444 443 444 443 443 443 443 442
263 263 263 264 265 264 265 265 265 266 357 357 356 358 358 357 358 358 359 360 360 360 361 361 363 363 363 364 364 364 365 365 365 366 366 438 439 439 439 440 440 440 441 441 441 442 442 443 443 443 444 443 443 444 444 444 445 444 444 445 445 445 445 445 445 446 445 445 446 445 445 446 445 445 446 445 445 446 445 446 445 445 445 445 444 445 444 444 444 444 443 444 443 443
263 263 264 264 264 265 264 265 266 265 265 267 266 358 357 358 359 359 359 360 361 361 362 362 362 363 363 363 365 365 365 366 366 367 367 439 440 440 440 441 441 441 442 442 442 443 443 442 443 443 443 444 444 444 445 444 444 445 445 446 445 445 446 446 445 446 446 446 446 446 446 446 446 446 446 446 445 446 446 445 446 445 445 445 445 445 445 445 444 444 444 443 444 443
263 263 264 264 264 264 265 265 265 266 266 266 266 266 267 267 267 359 360 361 361 361 362 362 363 364 364 364 365 365 365 366 366 366 367 439 439 440 440 440 441 441 442 442 442 443 443 443 444 444 444 444 444 444 445 445 445 445 445 445 446 446 445 446 446 446 446 446 446 446 446 446 446 446 446 446 446 447 446 446 446 446 445 446 446 445 446 445 445 445 444 444 444 444
263 264 263 264 265 264 265 265 266 266 265 267 267 266 267 268 268 269 269 269 362 362 362 363 363 363 364 364 366 366 366 367 367 367 368 440 440 441 441 441 442 442 442 443 443 443 444 443 443 444 444 444 445 445 445 445 445 446 446 446 446 446 446 447 446 446 447 447 446 447 447 446 447 447 446 447 447 446 447 446 446 446 446 446 446 446 445 446 445 445 445 444 444 444
264 263 264 265 264 264 265 265 265 266 266 266 266 267 267 268 268 270 270 270 271 271 271 272 364 364 365 365 365 366 366 366 367 367 367 368 440 440 441 441 442 442 442 443 443 443 444 444 444 445 445 444 445 445 445 446 446 446 446 446 446 447 446 446 447 447 446 447 447 446 447 447 447 447 447 447 447 447 447 447 446 447 447 446 447 446 446 446 446 445 446 445 444 445
262 264 264 264 265 265 265 266 265 266 266 266 267 267 267 269 269 269 270 270 271 272 272 272 273 273 274 365 366 367 367 367 368 368 368 369 441 441 442 442 442 443 443 443 444 444 444 444 444 444 445 445 446 446 446 446 446 446 447 447 446 447 447 447 447 447 447 448 447 447 448 447 447 448 447 447 448 447 447 447 447 446 447 447 446 447 446 446 446 446 445 446 445 444
263 264 264 264 265 264 265 265 265 266 266 266 267 268 268 269 269 269 271 271 271 272 272 272 274 274 274 275 275 275 276 367 367 368 368 369 441 441 442 442 442 443 443 443 444 444 444 445 445 445 446 445 445 446 446 446 447 446 446 447 447 447 447 447 447 448 447 447 448 447 447 448 448 448 448 447 448 448 447 448 447 447 448 447 447 447 447 446 447 446 446 446 445 445
263 264 264 264 265 265 265 266 266 265 266 267 267 268 268 269 270 270 270 271 272 273 273 273 274 274 274 275 275 276 277 277 277 278 278 369 442 442 442 443 443 443 444 444 444 445 444 444 445 445 446 446 446 447 447 446 447 447 447 448 447 447 448 448 447 448 448 448 448 448 448 448 448 448 448 448 448 448 448 447 448 448 447 448 447 447 447 447 446 447 446 446 446 445
263 263 265 264 264 265 265 266 265 266 267 267 267 269 269 269 270 270 271 272 272 272 273 273 274 275 275 275 276 276 276 277 277 278 278 278 351 351 351 443 443 443 444 444 444 445 445 445 446 446 446 446 446 446 447 447 447 447 447 447 448 448 447 448 448 448 448 448 448 448 448 449 449 448 449 448 448 449 448 448 448 448 448 448 448 447 448 447 447 447 447 446 447 446
263 264 264 264 265 265 265 265 266 266 266 268 268 268 269 270 270 271 271 272 272 273 274 274 274 275 275 275 276 277 277 278 278 278 279 279 351 352 352 352 353 353 353 445 445 446 445 445 446 446 446 447 447 447 447 447 447 448 448 448 448 448 448 449 448 448 449 449 448 449 449 448 449 449 448 449 449 448 449 448 448 449 448 448 448 448 447 448 447 447 447 447 446 447
264 263 263 265 264 265 266 265 266 267 267 268 268 269 270 270 270 271 272 272 273 273 273 274 275 275 276 276 277 277 277 278 278 278 279 279 351 352 352 352 353 353 353 354 354 354 355 446 446 447 447 446 447 447 447 448 448 447 448 448 448 449 448 448 449 449 448 449 449 449 449 449 449 449 449 449 449 449 449 449 448 449 449 448 449 448 448 448 448 447 448 447 447 447
263 264 264 264 265 265 265 266 266 267 267 268 269 269 270 271 271 272 272 272 273 274 274 275 275 275 276 276 276 277 278 278 279 279 279 280 352 352 353 353 353 354 354 355 355 354 355 355 355 356 356 447 448 448 447 448 448 448 449 449 448 449 449 449 449 449 449 450 449 449 450 449 449 450 449 449 450 449 449 449 449 449 449 449 448 449 448 448 448 448 447 448 447 447
264 264 263 265 265 264 266 266 266 268 268 268 269 270 270 271 271 271 273 273 273 274 274 274 275 276 277 277 277 278 278 278 279 279 279 280 352 352 353 353 353 354 354 354 355 355 355 356 356 356 356 356 356 357 357 357 449 448 448 449 449 449 449 449 449 450 449 450 450 449 450 450 449 450 450 449 450 450 449 450 449 449 450 449 449 449 449 448 449 448 448 448 448 447
263 264 264 264 265 265 265 266 267 268 268 269 270 270 270 271 272 272 273 273 273 275 275 275 276 276 276 277 277 277 278 279 279 280 280 280 281 353 354 354 354 355 355 355 355 355 355 356 356 356 357 357 357 358 357 357 358 358 358 358 449 449 450 450 449 450 450 449 450 450 450 450 450 450 450 450 450 450 450 449 450 450 449 450 449 449 449 449 448 449 448 448 448 448
263 264 264 264 265 265 266 267 267 268 269 269 269 270 271 271 272 272 272 274 274 275 275 275 276 276 277 278 278 278 279 279 279 280 280 280 281 353 353 354 354 354 355 355 355 356 356 356 357 356 356 357 357 357 358 358 357 358 358 358 359 358 358 359 359 451 450 450 451 450 450 451 450 450 451 450 450 451 450 450 450 450 450 450 450 449 450 449 449 449 449 448 448 448
