testData/tiles/oneDegree/grid43.0-14.0-44.0-15.0.asc
ncols   200
nrows   200
xllcorner   43.0
yllcorner   14.0
cellsize   0.005
NODATA_value   -9999.0
[rows 84 to 125 of 200, columns 93 to 185 of 200]
792 793 793 793 793 794 794 795 795 795 796 796 796 796 796 797 780 780 780 781 782 782 782 782 782 818 831 845 857 866 845 853 860 866 872 877 882 886 892 896 899 903 906 910 913 989 992 994 997 1000 1002 1004 1006 1008 1009 1010 1012 1013 1014 1015 1016 1017 1017 1019 1019 1020 1020 1019 1019 1086 1121 1145 1161 1174 1184 1192 1198 1200 1201 1201 1199 1195 1190 1182 1173 1159 1144 1125 1100 1062 993 990 987
791 791 792 792 792 792 793 793 794 794 794 795 795 795 795 778 779 779 779 779 780 781 781 781 781 816 828 844 855 865 873 880 857 864 871 876 881 886 890 895 899 903 906 909 912 988 991 994 996 998 1001 1003 1004 1006 1008 1010 1011 1013 1014 1015 1015 1016 1017 1016 1017 1017 1019 1019 1019 1087 1121 1143 1161 1173 1183 1190 1195 1199 1201 1202 1199 1195 1189 1181 1171 1160 1144 1125 1099 1063 992 989 986
791 791 791 792 792 792 792 793 793 794 794 794 795 778 778 778 778 779 779 779 779 780 781 781 781 816 827 842 854 864 872 880 887 893 900 876 881 886 890 894 898 902 905 908 911 987 989 992 994 997 999 1001 1004 1006 1007 1009 1010 1011 1013 1013 1014 1015 1016 1016 1017 1017 1017 1017 1018 1087 1120 1143 1160 1172 1183 1190 1195 1199 1200 1199 1197 1194 1187 1180 1171 1159 1144 1124 1099 1063 991 989 986
791 791 791 791 792 792 792 792 793 793 794 777 777 778 778 778 778 778 779 779 779 779 780 780 781 816 826 841 852 863 872 879 886 892 897 903 909 914 888 893 896 900 903 907 910 986 989 991 994 996 998 1001 1003 1005 1006 1007 1009 1010 1011 1012 1014 1015 1015 1016 1016 1017 1016 1016 1016 1086 1119 1143 1159 1172 1182 1190 1195 1198 1199 1199 1197 1193 1188 1180 1170 1157 1142 1123 1098 1019 947 944 941
790 790 790 790 790 791 791 791 791 775 775 776 776 776 777 777 777 777 777 778 778 778 778 779 779 815 824 839 851 861 869 878 885 891 897 902 907 914 918 922 926 900 903 906 910 986 989 991 993 995 997 999 1000 1003 1005 1007 1008 1010 1011 1012 1013 1013 1015 1015 1015 1015 1016 1016 1016 1087 1120 1141 1158 1171 1181 1188 1194 1197 1200 1156 1153 1148 1143 1135 1125 1114 1098 1079 1054 1019 946 943 940
650 652 652 652 790 790 791 774 774 774 774 775 776 776 776 777 777 777 777 777 777 778 778 778 779 814 822 838 850 860 868 876 884 890 896 902 907 911 917 922 926 929 932 905 908 984 987 990 992 994 996 998 1000 1002 1003 1006 1008 1009 1009 1010 1011 1012 1013 1013 1014 1015 1015 1016 1016 1044 1075 1097 1114 1126 1136 1143 1148 1152 1154 1153 1151 1149 1142 1135 1125 1113 1098 1079 1055 1020 945 943 940
650 651 651 652 652 652 635 774 774 774 774 774 776 776 776 776 776 777 777 777 777 777 778 778 778 814 820 836 849 859 868 876 883 888 895 900 905 910 914 918 923 928 931 934 1010 1013 986 988 992 994 996 998 1000 1001 1002 1003 961 964 965 966 967 968 968 969 969 970 969 970 970 1043 1075 1097 1113 1126 1136 1143 1148 1151 1152 1152 1150 1146 1142 1135 1126 1113 1098 1079 1055 1020 945 942 939
649 649 650 650 634 634 634 634 635 635 773 773 773 775 775 775 775 775 776 776 776 776 776 777 777 777 818 834 846 857 866 874 881 887 893 900 905 909 914 918 922 926 887 890 893 969 972 974 945 948 951 953 954 956 958 959 960 962 963 966 967 967 967 968 968 968 969 969 969 1042 1076 1097 1113 1126 1135 1142 1148 1151 1153 1152 1150 1146 1141 1133 1123 1112 1099 1080 1055 1020 945 942 939
649 649 632 633 633 634 634 634 634 635 635 635 635 635 775 775 775 775 775 776 776 776 776 732 732 733 771 789 801 812 822 829 836 843 849 854 859 865 869 873 877 880 884 888 892 968 970 973 975 977 979 951 954 956 957 959 960 961 961 962 963 966 967 967 968 968 968 969 969 1042 1073 1095 1112 1125 1135 1142 1147 1151 1152 1152 1150 1147 1140 1133 1123 1111 1096 1077 1054 1020 943 941 938
586 588 588 588 589 589 590 590 590 590 591 591 591 591 591 593 593 731 731 731 732 732 732 732 732 732 770 787 801 811 820 828 835 841 847 853 858 862 868 872 876 880 883 887 890 966 970 972 975 977 979 981 983 954 956 958 959 960 961 962 963 964 965 966 968 967 967 967 967 1042 1074 1096 1112 1125 1134 1142 1147 1151 1152 1152 1150 1147 1141 1134 1124 1112 1096 1078 1054 1019 942 940 937
586 586 587 587 587 588 588 589 589 589 589 589 590 590 590 590 592 592 592 592 592 730 731 731 731 731 766 785 798 809 818 826 833 841 847 852 857 862 866 871 876 879 883 886 890 966 968 970 973 976 978 980 981 983 985 986 959 960 961 962 963 963 963 964 965 966 967 967 967 1043 1074 1096 1112 1125 1134 1142 1147 1150 1152 1151 1151 1146 1141 1133 1123 1112 1097 1078 1053 1020 941 939 936
586 586 586 587 587 587 588 588 589 589 589 589 589 590 590 590 590 591 592 592 592 592 592 593 593 731 766 783 796 807 818 826 833 839 845 852 857 862 866 870 873 877 881 884 888 963 967 970 972 975 977 979 981 983 984 986 986 987 960 961 961 962 963 963 964 964 966 966 966 1043 1075 1096 1112 1124 1134 1141 1146 1150 1152 1151 1149 1145 1139 1132 1122 1111 1096 1078 1054 1020 941 938 936
586 585 585 586 586 587 587 588 588 589 589 589 589 589 590 590 590 590 591 592 592 592 592 592 593 593 628 644 657 806 815 824 831 838 844 849 854 860 865 869 873 876 880 883 887 963 966 969 972 974 976 978 980 982 983 985 986 987 988 989 960 962 963 963 964 964 964 964 965 1042 1073 1095 1113 1125 1135 1142 1147 1150 1151 1151 1149 1146 1140 1133 1123 1111 1096 1077 1053 1019 940 938 935
585 586 586 586 585 585 586 587 587 587 588 588 588 588 588 589 589 589 589 590 591 591 591 591 591 591 627 641 655 666 675 683 692 837 843 849 854 859 864 868 872 876 879 883 886 962 964 967 969 973 975 977 978 981 983 984 986 987 988 989 990 991 991 963 963 964 964 964 964 1043 1074 1096 1111 1124 1133 1141 1147 1150 1151 1151 1149 1145 1140 1132 1122 1111 1096 1078 1053 1020 939 937 934
586 586 586 586 586 586 586 586 587 587 587 588 588 588 588 588 589 589 589 589 590 590 591 591 591 591 626 640 654 665 674 683 690 698 705 710 715 720 862 866 871 875 878 881 884 960 963 967 969 971 974 976 978 980 981 983 985 986 988 989 989 990 991 991 992 962 964 964 964 1043 1073 1095 1111 1123 1133 1140 1145 1149 1151 1151 1149 1145 1139 1132 1122 1110 1095 1077 1053 1021 939 936 933
586 585 585 586 586 586 585 585 587 588 587 587 587 588 588 588 588 588 589 589 589 590 590 591 591 590 625 637 651 663 673 681 688 695 701 709 714 719 723 727 731 735 740 881 884 960 963 965 968 971 973 976 978 980 981 983 984 985 987 988 989 990 991 991 992 992 992 962 962 1042 1073 1094 1111 1123 1134 1141 1146 1149 1150 1150 1148 1145 1139 1132 1123 1111 1096 1077 1054 1020 939 936 933
586 586 586 586 585 586 586 586 586 586 587 587 587 586 587 587 587 587 587 588 588 588 589 589 590 590 625 636 650 661 672 680 688 694 701 706 713 718 723 727 731 735 738 743 746 822 824 827 967 970 972 975 976 979 981 982 984 985 986 987 989 990 990 991 991 992 992 992 1032 1042 1072 1094 1110 1123 1132 1140 1146 1149 1150 1150 1148 1144 1139 1131 1121 1110 1095 1077 1052 1021 978 936 933
586 587 586 586 586 586 587 586 586 586 587 588 587 587 587 588 587 587 587 587 588 588 588 589 589 589 625 634 649 661 670 679 687 694 700 706 711 717 722 727 731 734 738 741 744 821 824 826 829 831 833 835 837 840 979 982 983 984 986 987 987 988 989 991 991 991 992 992 1032 1073 1103 1093 1110 1122 1131 1139 1144 1148 1151 1149 1148 1144 1138 1131 1121 1109 1095 1076 1053 1020 977 934 931
585 586 587 587 587 586 586 587 587 587 586 587 588 588 588 587 588 588 588 587 587 587 588 588 588 589 624 633 648 660 670 678 686 693 699 705 710 715 720 725 730 734 737 741 744 820 823 826 829 831 833 835 837 838 840 843 845 846 847 848 987 988 989 989 990 990 991 991 1031 1072 1102 1124 1140 1122 1132 1139 1143 1147 1148 1149 1147 1145 1138 1131 1122 1110 1095 1077 1053 1020 977 934 931
586 586 587 586 587 587 587 587 588 587 587 587 587 588 588 588 588 588 588 588 588 588 587 588 588 588 624 631 646 659 669 677 685 692 698 705 710 715 719 724 729 732 737 740 743 819 822 825 827 830 833 835 836 838 840 841 843 844 847 848 849 850 850 851 851 852 852 990 1031 1073 1103 1124 1139 1152 1161 1139 1144 1147 1148 1148 1146 1142 1137 1131 1121 1110 1095 1076 1053 1021 976 933 930
587 586 586 587 587 588 588 587 587 588 588 588 587 587 589 589 588 588 588 589 589 588 588 588 589 588 623 629 645 657 668 677 684 691 697 703 709 714 719 723 727 732 736 740 743 819 822 824 827 829 831 834 836 838 839 841 842 843 845 846 848 849 850 851 851 851 852 852 892 935 964 984 1002 1014 1023 1030 1173 1147 1148 1147 1145 1142 1136 1129 1119 1107 1094 1075 1052 1021 976 933 930
586 587 587 587 587 587 588 588 588 588 588 588 588 588 587 589 589 589 589 588 589 589 589 588 588 588 589 627 644 656 666 675 684 691 697 703 708 713 719 723 727 731 734 739 742 819 821 824 826 829 831 833 835 837 839 841 842 843 844 845 846 848 849 850 851 851 851 851 892 934 964 985 1001 1013 1023 1030 1035 1038 1040 1010 1008 1004 998 990 982 970 955 1075 1051 1019 974 932 929
587 587 586 587 587 588 588 588 588 588 588 588 589 588 588 588 589 589 589 589 589 589 589 589 589 589 588 626 643 656 665 674 682 690 696 702 707 712 717 721 726 730 734 737 741 817 820 824 826 828 830 832 834 836 838 840 842 843 844 845 846 847 847 849 849 851 851 851 891 935 964 985 1000 1013 1022 1030 1035 1038 1039 1040 1038 1004 999 991 981 969 954 936 913 882 835 792 789
587 587 587 587 588 587 588 588 589 589 588 588 588 589 589 588 588 589 590 590 589 589 589 590 590 589 589 625 642 654 666 675 682 688 695 702 707 712 717 721 725 729 733 737 740 816 820 822 825 828 830 832 834 836 837 839 840 841 844 845 845 846 847 848 848 849 850 850 891 936 965 985 1001 1013 1022 1029 1034 1038 1039 1038 1036 1033 1027 991 981 969 955 937 914 882 835 792 789
587 588 587 587 587 588 588 589 588 589 589 589 589 588 589 589 589 589 588 590 590 590 590 589 589 590 590 624 641 653 665 673 682 689 695 700 705 711 716 720 725 728 732 736 739 742 818 822 824 827 829 832 834 835 837 838 840 841 842 843 845 846 847 847 848 848 848 849 890 934 963 984 1001 1013 1023 1029 1034 1037 1039 1038 1037 1032 1027 1019 1011 969 954 936 912 882 834 791 788
587 587 588 588 588 588 588 588 589 589 589 589 589 589 589 590 589 589 589 589 590 590 590 590 590 589 590 625 640 653 663 672 681 689 695 700 706 711 716 720 724 728 731 735 738 742 818 820 823 826 828 830 832 835 837 838 839 841 842 843 844 845 845 847 847 848 848 848 888 934 964 984 999 1012 1021 1030 1034 1037 1039 1039 1036 1032 1027 1020 1010 998 953 935 913 881 833 790 787
588 588 588 588 588 588 588 589 589 589 589 589 590 590 589 589 589 590 590 589 589 590 591 591 590 590 590 625 639 653 663 672 679 686 695 701 705 710 715 719 724 727 731 734 738 741 816 820 822 825 827 830 832 834 835 837 839 840 842 843 843 844 845 846 846 846 848 848 888 934 963 983 1000 1012 1021 1028 1033 1037 1038 1038 1036 1033 1027 1020 1010 998 984 966 912 881 832 790 787
588 588 588 588 589 589 588 588 588 589 590 589 589 590 590 590 590 589 590 590 590 590 590 591 591 591 590 625 638 653 663 672 680 687 693 699 706 711 716 719 723 727 731 734 737 740 816 819 821 824 827 829 832 833 835 836 838 839 841 842 843 844 845 845 846 846 846 846 886 934 963 983 999 1011 1021 1028 1033 1036 1037 1037 1035 1031 1026 1018 1010 999 984 965 943 912 832 789 786
587 589 589 588 588 589 589 589 589 588 589 590 590 590 589 590 590 590 590 589 590 590 590 591 590 591 591 626 638 651 662 672 680 686 693 699 704 710 715 720 724 727 730 734 737 740 816 818 821 823 825 827 830 832 835 836 837 839 840 841 842 844 844 845 845 846 846 846 886 933 962 982 998 1011 1020 1027 1032 1036 1038 1037 1035 1031 1026 1018 1009 997 982 964 942 910 862 819 786
587 587 589 589 589 589 589 589 589 589 589 590 590 590 590 590 591 590 590 590 590 591 590 590 591 591 592 626 636 650 662 670 679 687 693 698 704 709 714 719 723 727 731 733 736 739 816 818 820 823 825 827 829 831 833 835 837 838 839 840 841 842 843 844 845 845 846 846 886 934 962 982 998 1009 1019 1026 1031 1034 1036 1037 1035 1031 1025 1019 1009 997 983 965 941 911 860 817 814
588 588 588 589 589 589 589 589 590 589 589 589 590 591 590 590 590 591 591 591 590 590 591 591 591 590 591 626 636 649 661 670 679 686 693 699 704 709 713 718 724 728 730 734 737 739 815 817 821 822 824 826 828 830 832 833 836 837 839 840 841 842 843 843 844 844 845 845 885 934 962 982 998 1009 1019 1026 1031 1034 1035 1035 1034 1030 1026 1018 1008 996 982 964 942 911 860 817 814
588 588 588 588 590 590 589 589 589 590 590 590 589 589 590 591 591 590 590 591 591 591 590 590 591 591 591 626 633 648 661 670 678 685 692 698 704 709 714 718 721 725 731 734 736 740 815 818 820 822 825 826 828 830 831 833 834 836 837 840 841 841 842 843 843 844 844 844 884 934 962 983 997 1010 1019 1025 1031 1034 1035 1035 1032 1029 1023 1016 1007 997 982 965 942 911 859 817 813
588 589 588 588 588 589 590 590 590 589 590 590 590 590 589 590 591 591 591 591 591 591 591 591 591 591 591 626 633 648 659 670 678 686 691 697 703 709 713 718 722 726 728 733 737 740 742 818 820 822 824 826 829 829 831 833 834 835 836 837 838 841 842 842 843 843 844 844 885 934 962 981 997 1009 1019 1026 1030 1033 1035 1034 1033 1029 1023 1016 1007 995 981 962 940 911 859 816 813
588 588 588 589 589 588 589 590 590 590 590 590 590 590 590 590 591 591 591 591 591 592 591 591 591 591 591 626 630 646 659 669 676 685 692 698 702 708 713 718 722 725 729 732 736 739 743 818 820 822 824 826 827 829 832 832 834 835 836 837 838 839 839 841 843 843 843 843 885 933 961 981 997 1008 1017 1025 1029 1033 1035 1035 1033 1028 1023 1016 1006 994 980 962 940 909 859 814 811
589 589 588 588 589 589 589 590 590 590 590 590 590 591 590 590 590 590 592 592 591 591 591 592 592 591 591 591 630 646 657 668 677 684 691 697 703 708 713 717 721 726 729 732 735 738 742 817 820 823 824 826 828 830 830 832 833 834 836 837 838 838 839 840 840 841 842 843 886 934 961 982 996 1009 1017 1024 1030 1033 1034 1033 1031 1029 1023 1016 1006 995 980 963 939 910 859 813 810
588 589 589 589 589 589 589 589 590 591 591 590 590 590 591 591 591 590 590 592 592 592 591 591 592 592 592 591 627 644 657 667 676 683 690 697 703 708 713 717 721 724 728 732 736 738 741 816 820 821 823 827 827 829 831 832 833 834 835 836 837 838 839 839 840 840 840 841 886 933 961 981 997 1008 1018 1024 1029 1032 1033 1033 1031 1027 1022 1014 1005 994 980 962 940 909 860 813 810
589 588 589 589 589 589 590 589 589 590 590 591 591 591 590 590 591 591 591 590 590 592 592 592 592 591 592 592 627 644 655 665 675 683 690 696 702 707 713 717 721 725 729 731 734 738 741 816 818 821 824 825 827 830 831 832 833 835 835 836 837 837 838 839 839 840 840 840 885 932 960 980 995 1007 1017 1025 1029 1032 1034 1033 1031 1027 1022 1015 1005 993 979 961 938 909 859 811 808
589 589 589 590 589 589 589 589 590 590 590 590 591 591 591 591 590 591 591 591 591 591 592 592 592 592 592 591 627 642 655 665 673 682 689 696 702 706 711 716 721 724 728 732 735 737 740 744 819 820 823 826 828 828 830 833 833 834 836 837 837 837 838 838 838 839 840 840 886 932 960 979 994 1007 1016 1023 1028 1031 1034 1033 1031 1027 1021 1014 1005 993 979 961 939 909 860 811 808
588 589 589 589 590 590 590 589 589 590 590 591 591 591 591 591 591 591 592 591 591 591 591 592 592 592 592 592 627 641 654 665 674 681 687 695 701 707 712 716 720 724 729 731 734 737 740 742 818 821 823 824 826 829 831 831 833 834 835 836 837 838 838 838 839 838 838 839 887 933 959 979 994 1006 1015 1023 1028 1031 1032 1032 1030 1026 1021 1014 1004 993 978 961 939 909 860 810 807
588 589 590 589 589 589 590 590 590 589 590 590 590 591 591 591 591 591 591 591 592 591 591 591 591 593 593 592 627 640 653 665 673 681 688 694 699 705 711 716 720 723 727 731 735 737 740 743 818 820 822 825 827 828 829 832 833 834 835 836 837 838 838 839 838 839 839 838 886 931 958 978 994 1006 1015 1022 1027 1030 1032 1032 1029 1026 1020 1013 1004 992 978 960 938 909 861 810 807
588 588 588 590 590 589 589 590 590 590 590 591 590 590 591 591 592 592 591 591 591 592 592 592 591 591 592 593 628 638 652 663 673 681 687 693 699 705 710 714 720 724 728 730 733 737 740 742 818 820 822 824 825 827 830 831 832 834 835 835 836 837 837 839 839 838 839 839 888 932 959 978 993 1005 1014 1022 1026 1029 1030 1030 1028 1026 1020 1013 1003 992 977 960 938 908 860 809 805
589 588 588 588 590 590 590 590 590 590 590 590 590 591 590 591 591 591 592 592 591 591 591 592 592 592 591 592 628 638 652 662 671 679 687 694 699 704 709 714 718 722 727 731 734 736 739 742 818 820 822 824 826 827 829 830 833 833 834 836 837 837 838 838 838 838 839 838 888 932 958 978 993 1005 1014 1021 1025 1028 1030 1029 1029 1024 1019 1012 1002 992 977 960 937 908 861 808 805
