testData/tiles/oneDegree/grid41.0-18.0-42.0-19.0.asc
ncols   200
nrows   200
xllcorner   41.0
yllcorner   18.0
cellsize   0.005
NODATA_value   -9999.0
[rows 0 to 41 of 200, columns 94 to 187 of 200]
278 278 278 278 279 279 279 279 279 280 280 281 281 281 281 282 282 282 282 282 282 282 283 283 283 283 283 283 284 284 285 285 285 285 285 285 286 286 286 286 195 195 195 195 196 196 196 196 196 196 196 196 196 196 196 197 197 197 197 197 197 142 142 142 142 142 142 142 142 142 142 142 142 142 142 142 142 142 142 142 142 142 143 143 143 143 143 143 142 142 142 142 142 142
277 278 279 279 279 279 279 280 280 280 280 280 280 282 282 282 282 282 282 283 283 283 283 283 283 283 284 284 284 284 284 284 284 286 286 286 286 286 286 286 195 196 196 196 196 196 196 196 196 196 197 197 197 197 197 197 197 197 197 197 197 142 143 143 143 143 142 142 142 142 142 142 142 142 142 142 142 142 143 143 143 143 143 143 143 144 143 143 143 143 143 143 143 143
278 278 279 279 279 279 280 280 280 280 280 281 281 281 282 282 282 283 283 283 283 283 283 284 284 284 284 284 284 284 285 285 285 285 285 285 286 286 287 196 196 196 196 196 196 196 196 197 197 197 197 197 197 197 197 197 197 198 198 198 198 143 143 142 142 142 142 142 142 142 142 142 142 143 143 144 144 144 144 144 144 144 144 144 144 143 143 143 143 143 143 143 143 143
278 278 278 279 280 280 280 280 280 281 281 281 281 281 281 282 283 283 283 283 283 284 284 284 284 284 284 284 285 285 285 285 285 285 285 286 286 286 286 195 195 196 196 197 197 197 197 197 197 197 197 197 197 198 198 198 198 198 197 197 197 142 142 142 142 142 143 143 143 143 143 143 144 144 144 144 144 144 144 144 144 144 144 143 143 143 143 143 143 143 143 144 144 144
278 278 279 279 280 280 280 281 281 281 281 281 281 282 282 282 282 283 283 284 284 284 284 284 284 285 285 285 285 285 285 285 286 286 286 286 286 286 195 195 196 196 196 196 196 196 196 196 196 197 197 197 197 197 197 197 197 197 197 197 197 143 143 143 143 143 143 143 144 144 144 144 144 144 144 144 144 144 144 145 145 145 144 144 144 144 144 144 145 145 145 145 145 145
279 279 279 279 279 281 281 281 281 281 281 282 282 282 282 282 282 283 283 284 284 284 284 285 285 285 285 285 285 285 286 286 286 286 286 286 286 287 196 196 196 196 196 196 196 196 197 197 197 197 197 197 197 197 197 197 198 198 198 198 198 143 143 143 143 144 144 144 144 144 145 145 145 145 145 145 145 145 145 145 144 144 144 144 145 145 145 145 145 145 145 145 145 145
279 279 279 279 280 280 281 281 281 282 282 282 282 282 282 283 283 283 283 283 283 285 285 285 285 285 285 286 286 286 286 286 286 286 287 287 287 196 196 196 196 196 197 197 197 197 197 197 197 197 197 197 198 198 198 198 198 198 198 198 198 143 144 144 145 145 145 145 145 145 145 145 145 145 145 145 145 145 144 144 144 145 145 145 145 145 145 145 145 145 145 145 145 144
279 279 280 280 280 280 280 281 282 282 282 282 282 283 283 283 283 283 283 284 284 284 284 285 285 286 286 286 286 286 286 286 287 287 287 287 287 196 196 197 197 197 197 197 197 197 197 197 198 198 198 198 198 198 198 198 198 198 198 200 200 145 145 145 145 145 145 145 145 145 145 145 145 145 145 146 145 146 146 146 146 146 146 146 146 146 146 146 146 146 146 145 145 145
280 280 280 280 280 281 281 281 281 282 282 283 283 283 283 283 283 284 284 284 284 284 284 285 285 286 286 286 286 287 287 287 287 287 287 287 287 197 197 197 197 197 197 197 197 198 198 198 198 198 198 198 198 198 199 199 200 200 200 200 200 145 145 145 145 145 145 145 146 146 146 146 146 146 146 146 146 146 146 146 146 146 146 146 146 146 146 146 146 146 145 145 145 145
280 280 280 280 281 281 281 281 281 282 283 283 283 283 283 284 284 284 284 284 285 285 285 285 285 285 285 287 287 287 287 287 287 287 288 288 197 197 197 197 197 197 198 198 198 198 198 198 198 198 198 199 199 199 200 200 200 200 200 200 200 145 146 146 146 146 146 146 146 146 146 147 146 146 146 146 146 146 146 146 146 146 147 147 147 147 147 147 147 146 147 147 147 147
280 280 281 281 281 281 281 282 282 282 282 282 283 284 284 284 284 284 285 285 285 285 285 285 285 286 286 286 286 287 287 288 288 288 288 288 197 197 197 198 198 198 198 198 198 198 198 199 199 199 199 200 200 200 200 200 200 201 201 201 201 146 146 146 146 146 146 146 147 147 146 146 147 147 147 147 147 147 147 147 147 147 147 147 147 147 148 147 147 147 147 147 147 147
280 280 281 281 281 282 282 282 282 282 282 283 283 284 284 284 285 285 285 285 285 285 286 286 286 286 286 286 286 287 287 287 288 288 288 197 198 198 198 198 198 198 198 198 199 199 199 199 200 200 200 200 200 201 201 201 201 201 201 201 201 146 146 146 147 148 148 147 147 147 147 147 147 147 147 147 147 147 147 147 147 147 147 148 148 148 147 147 147 147 147 147 147 147
280 280 280 281 282 282 282 282 282 283 283 283 283 283 284 285 285 285 285 285 286 286 286 286 286 286 287 287 287 287 287 287 287 288 288 197 198 198 198 198 198 199 199 199 199 200 200 200 200 201 201 201 201 201 201 201 201 201 201 201 202 147 148 147 147 147 147 147 147 147 147 147 147 147 147 147 147 148 148 149 149 149 149 149 148 148 148 148 148 148 148 148 148 148
280 280 281 281 282 282 282 283 283 283 283 283 284 284 284 284 285 285 286 286 286 286 286 286 287 287 287 287 287 287 287 288 288 288 197 197 197 197 198 198 198 199 199 200 200 200 201 201 201 201 201 201 201 201 201 201 202 202 201 202 147 147 147 147 147 147 147 147 147 148 148 148 148 148 148 148 149 149 149 149 149 149 149 148 148 148 148 148 148 148 148 148 148 148
281 281 281 281 281 283 283 283 283 283 283 284 284 284 284 284 285 285 286 286 286 286 287 287 287 287 287 287 288 288 288 288 288 288 197 198 198 198 198 198 199 199 199 200 200 200 200 200 200 200 200 200 201 201 201 201 202 202 202 202 147 147 147 148 148 148 148 148 148 148 148 148 148 149 149 149 149 149 149 149 149 148 148 148 148 149 149 149 149 149 149 149 150 150
281 281 281 281 282 282 283 283 283 284 284 284 284 284 285 285 285 285 285 285 287 287 287 287 287 287 288 288 288 288 288 288 288 198 198 198 198 198 199 199 200 200 200 200 200 200 200 200 201 201 201 201 201 202 202 202 202 202 202 203 148 148 148 148 148 148 148 148 148 148 149 149 149 149 150 150 150 150 150 149 149 149 149 149 149 149 149 149 149 150 150 150 150 149
281 281 282 282 282 282 282 283 284 284 284 284 285 285 285 285 285 285 286 286 286 286 287 287 288 288 288 288 288 288 289 289 289 198 198 199 199 200 200 200 200 200 200 200 200 201 201 201 201 201 202 202 202 202 202 203 203 203 203 203 148 148 148 148 148 148 148 150 150 150 150 150 150 150 150 150 150 149 149 149 149 149 149 149 149 150 150 150 150 150 150 149 149 149
282 282 282 282 282 283 283 283 283 284 285 285 285 285 285 285 286 286 286 286 286 286 287 287 288 288 288 288 289 289 289 289 289 199 199 200 200 200 200 200 200 200 201 201 201 201 201 201 202 202 202 203 203 203 203 203 203 203 203 203 148 148 149 149 150 150 150 150 150 150 150 150 150 150 150 149 149 149 149 150 150 150 151 151 151 151 151 151 151 151 150 150 150 150
282 282 282 282 283 283 283 283 283 284 284 285 285 285 286 286 286 286 286 286 287 287 287 287 287 287 288 289 289 289 290 290 200 200 200 200 200 200 200 201 201 201 201 201 201 202 202 203 203 203 203 203 203 203 203 203 203 204 204 204 149 150 150 150 150 150 150 150 150 150 150 151 150 150 150 150 150 150 151 151 151 151 151 151 151 151 151 151 150 150 150 150 150 150
281 282 283 283 283 283 283 284 284 284 284 284 286 286 286 286 286 286 287 287 287 287 287 287 288 288 288 288 289 290 291 291 200 200 200 200 200 201 201 201 201 201 202 202 203 203 203 203 203 203 203 203 203 204 204 204 204 204 205 205 150 150 150 150 150 151 151 151 151 151 150 150 150 150 150 151 151 151 151 151 151 151 151 151 151 151 151 150 150 150 151 151 151 151
282 282 283 283 283 284 284 284 284 284 285 285 285 285 286 286 287 287 287 287 287 288 288 288 288 288 289 289 290 290 290 199 199 200 201 201 201 201 201 201 202 203 203 203 203 203 203 203 203 203 204 204 204 204 204 205 205 205 205 205 151 151 151 151 151 151 150 150 150 150 150 150 151 151 151 152 152 152 152 152 152 152 152 152 152 151 151 151 151 151 151 152 152 152
282 282 282 282 284 284 284 284 284 285 285 285 285 285 286 286 287 287 287 288 288 288 288 289 289 290 290 290 290 290 290 199 200 200 200 200 200 202 202 203 203 203 203 203 203 203 203 204 204 204 204 204 205 205 205 205 206 206 206 206 151 151 150 150 150 150 150 150 151 152 152 152 152 152 152 152 152 152 152 152 152 152 152 151 151 151 151 152 152 152 152 152 152 152
282 282 283 283 283 284 284 285 285 285 285 285 286 286 286 286 286 287 288 288 288 289 289 290 290 290 290 290 290 291 200 200 200 200 200 201 202 202 202 202 202 202 202 203 204 204 204 204 204 204 205 205 206 206 206 206 205 205 205 205 150 150 150 151 151 151 152 152 152 152 152 152 152 152 152 152 152 152 152 152 152 153 152 152 153 153 153 153 153 153 153 153 153 153
282 283 283 283 283 284 285 285 285 285 286 286 286 286 286 286 287 287 287 289 289 290 290 290 290 290 290 291 291 291 200 200 201 201 202 202 202 202 202 202 202 203 203 203 203 203 203 204 204 205 205 205 205 205 205 205 205 205 205 151 151 151 151 152 152 152 152 152 152 152 152 152 153 153 153 153 153 153 153 153 153 153 153 153 153 153 153 153 153 153 153 153 153 152
283 283 283 283 284 284 284 284 285 286 286 286 286 286 287 287 287 288 288 289 289 290 290 290 290 291 291 291 291 200 201 202 202 202 202 202 202 202 203 203 203 203 203 203 204 204 205 205 205 205 205 205 205 205 205 206 206 206 206 151 152 152 152 152 152 152 153 153 153 153 153 153 153 153 153 153 153 154 153 153 153 153 153 153 153 153 153 153 153 153 153 152 152 152
283 283 284 284 284 284 284 285 285 286 286 286 287 287 287 288 288 289 289 289 289 289 289 290 291 291 291 291 292 202 202 202 202 202 202 202 203 203 203 203 203 203 204 205 205 205 205 205 205 205 205 206 206 206 206 206 206 207 207 152 152 153 153 153 153 153 153 153 153 153 153 153 153 153 154 153 153 154 154 154 154 154 154 154 154 154 154 154 154 154 153 153 153 154
282 284 284 284 284 285 285 285 285 285 286 287 288 288 288 288 289 289 289 289 289 290 290 290 290 290 292 293 202 202 202 202 202 203 203 203 203 203 203 204 205 205 205 205 205 205 205 205 206 206 206 206 206 206 207 207 207 208 208 153 153 153 153 153 153 153 153 153 153 153 154 155 155 154 154 154 154 154 154 154 154 154 154 154 154 154 154 154 153 153 154 154 154 154
283 283 284 284 285 285 285 285 285 286 287 287 287 288 289 289 289 289 289 290 290 290 290 291 291 292 292 292 201 202 202 203 203 203 203 203 203 204 205 205 205 205 205 205 205 206 206 206 206 206 206 206 207 207 208 208 208 208 208 153 153 153 153 153 154 154 154 154 155 155 154 154 154 154 154 154 154 154 154 154 154 154 154 154 155 155 155 155 155 155 155 155 155 155
283 283 284 285 285 285 285 286 287 287 287 287 288 288 289 289 289 290 290 290 290 291 291 292 292 292 292 201 201 202 202 202 203 203 203 205 205 205 205 205 205 205 206 206 206 206 206 206 206 207 208 208 208 208 208 208 208 208 208 153 154 154 154 154 154 155 155 154 154 154 154 154 154 154 155 155 155 155 155 155 155 155 155 156 156 155 155 155 155 155 155 155 155 155
283 284 284 284 284 285 287 287 287 287 288 288 288 288 288 288 290 290 290 291 291 292 292 292 292 292 292 202 202 202 202 202 203 204 204 204 205 205 205 205 206 206 206 206 206 206 206 208 208 208 208 208 208 208 208 208 209 209 209 154 154 154 155 154 154 154 154 154 155 155 155 155 155 155 155 155 155 155 155 156 156 156 156 155 155 155 155 155 155 155 155 155 155 155
284 284 284 284 286 286 287 287 287 288 288 288 288 288 289 289 289 290 291 292 292 292 292 292 292 293 202 202 202 202 203 204 204 204 204 204 204 205 205 205 205 205 205 206 208 208 208 208 208 208 208 208 209 209 209 209 208 208 208 154 154 154 154 155 155 155 155 155 155 155 155 155 155 155 155 155 156 156 156 157 157 156 156 156 156 156 156 156 156 156 156 156 156 155
284 284 285 286 286 286 286 288 288 288 288 288 289 289 289 290 290 291 291 291 292 292 292 293 293 293 202 202 204 204 204 204 204 204 204 205 205 205 205 205 205 205 207 207 207 207 207 207 207 208 208 208 208 208 208 208 208 209 154 155 155 155 155 155 155 155 155 155 155 155 155 156 156 157 157 157 157 157 157 156 156 156 156 156 156 156 156 156 156 156 156 156 156 156
285 286 286 286 286 286 287 287 287 288 288 289 290 290 290 290 291 291 291 291 291 292 293 293 293 203 204 204 204 204 204 204 205 205 205 205 205 205 205 207 207 207 207 207 207 207 208 208 208 208 208 208 208 208 209 210 210 210 155 155 155 155 155 155 155 155 156 156 156 156 157 157 157 157 157 157 157 156 156 156 156 156 156 156 156 156 156 156 158 158 157 157 157 157
285 286 286 286 287 287 287 287 287 288 289 290 290 290 291 291 291 291 291 292 292 292 292 293 294 204 204 204 204 204 205 205 205 205 205 205 205 207 207 207 207 207 207 207 208 208 208 208 208 208 208 209 210 210 210 210 210 210 155 155 155 156 156 156 156 156 156 157 157 157 157 157 157 157 156 156 157 157 157 157 157 157 157 157 157 158 158 158 157 157 157 157 157 157
285 285 286 287 287 287 287 288 289 289 289 289 291 291 291 291 291 292 292 292 292 293 293 294 203 203 203 203 205 205 205 205 205 205 207 207 207 207 207 207 207 208 208 208 208 208 208 208 209 210 210 210 210 210 210 210 210 211 156 156 156 156 156 156 157 157 157 157 157 158 158 157 157 157 157 157 157 157 157 157 157 157 158 158 158 158 158 157 157 157 157 157 157 157
285 286 286 287 287 287 289 289 289 289 289 290 290 290 291 291 292 292 292 293 293 294 294 294 203 203 204 204 204 204 204 205 207 207 207 207 207 207 207 208 208 208 208 208 208 208 210 210 210 210 210 210 210 210 211 211 211 211 156 156 156 157 157 157 158 158 158 158 157 157 157 157 157 157 157 157 157 157 158 158 158 159 159 159 159 158 158 158 158 158 158 158 158 158
286 286 286 286 288 289 289 289 289 290 290 290 290 290 291 291 292 293 293 294 294 294 294 203 204 204 204 204 204 204 206 206 206 206 206 207 208 208 208 208 208 208 208 209 210 210 210 210 210 210 210 211 211 211 211 211 211 211 156 157 158 158 158 158 157 157 157 157 157 157 157 157 157 158 158 159 159 159 159 159 159 159 159 158 158 158 158 158 158 158 158 158 158 158
286 286 287 288 288 288 289 289 290 290 290 290 291 291 291 292 292 293 294 294 294 294 295 204 204 204 204 205 206 206 206 206 206 206 207 207 207 207 207 207 208 210 210 210 210 210 210 210 211 211 211 211 211 211 211 211 213 158 157 157 157 157 157 157 157 157 157 158 158 158 158 158 159 159 159 159 159 159 159 159 159 158 158 158 158 158 158 158 158 158 159 159 159 158
287 287 288 288 288 288 289 289 290 290 290 291 292 292 292 292 293 293 293 293 294 295 204 204 204 205 206 206 206 206 206 206 207 207 207 207 207 207 208 209 209 209 209 209 209 210 210 210 210 210 210 210 210 212 212 212 212 157 157 157 157 157 157 158 158 158 158 158 158 159 159 159 159 159 159 159 159 160 160 159 159 159 159 159 159 159 159 160 160 160 160 159 159 159
288 288 288 288 288 289 289 289 289 290 292 292 292 292 293 293 293 293 293 294 294 294 203 205 206 206 206 206 206 206 207 207 207 207 207 207 209 209 209 209 209 209 210 210 210 210 210 210 210 210 211 212 212 212 212 212 212 157 157 158 158 158 158 158 158 158 159 159 159 159 159 160 160 160 160 160 159 159 159 159 159 159 159 159 160 160 160 160 160 159 159 159 159 159
287 287 288 289 289 289 289 289 291 291 291 292 293 293 293 293 293 294 294 294 294 204 205 205 205 206 206 206 207 207 207 207 207 207 209 209 209 209 209 209 210 210 210 210 210 210 210 211 212 212 212 212 212 212 212 213 213 158 158 158 158 158 158 158 159 159 160 160 160 160 160 160 160 160 159 159 159 159 159 159 159 160 160 160 161 161 161 161 160 160 160 160 160 160
287 287 288 289 289 289 291 291 291 291 291 292 292 293 293 293 294 294 294 295 295 205 205 205 205 205 206 206 206 207 207 207 209 209 209 209 209 209 210 210 210 210 210 210 211 211 212 212 212 212 212 212 213 213 213 213 213 158 158 158 158 160 160 160 160 160 160 160 160 160 159 159 159 159 159 160 160 161 161 161 161 161 161 161 161 161 160 160 160 160 160 160 160 160
