testData/tiles/oneDegree/grid4.0-17.0-5.0-18.0.asc
ncols   200
nrows   200
xllcorner   4.0
yllcorner   17.0
cellsize   0.005
NODATA_value   -9999.0
[rows 148 to 184 of 200, columns 85 to 169 of 200]
1126 1127 1127 1128 1128 1128 1129 1129 1130 1130 1131 1131 1131 1132 1132 1133 1133 1134 1128 1129 1129 1129 1130 1130 1131 1131 1132 1132 1132 1133 1133 1134 1134 1135 1135 1135 1136 1136 1137 1137 1138 1138 1138 1138 1138 1139 1139 1139 1140 1140 1141 1141 1142 1142 1142 1143 1143 1144 1144 1145 1145 1145 1146 1146 1147 1147 1147 1148 1148 1149 1149 1150 1150 1150 1150 1150 1151 1151 1151 1152 1152 1153 1153 1153 1154
1126 1127 1127 1127 1128 1128 1129 1129 1130 1130 1130 1131 1131 1132 1132 1133 1133 1133 1128 1128 1129 1129 1130 1130 1131 1131 1131 1132 1132 1133 1133 1134 1134 1134 1135 1135 1136 1136 1136 1137 1137 1138 1138 1139 1139 1139 1140 1140 1140 1140 1141 1141 1141 1142 1142 1143 1143 1144 1144 1144 1145 1145 1146 1146 1146 1147 1147 1148 1148 1149 1149 1149 1150 1150 1151 1151 1150 1151 1151 1152 1152 1152 1153 1153 1154
1126 1126 1127 1127 1128 1128 1129 1129 1129 1130 1130 1131 1131 1132 1132 1132 1133 1133 1128 1128 1129 1129 1129 1130 1130 1131 1131 1132 1132 1132 1133 1133 1134 1134 1135 1135 1135 1136 1136 1137 1137 1138 1138 1138 1139 1139 1140 1140 1141 1141 1141 1142 1141 1142 1142 1142 1143 1143 1144 1144 1145 1145 1145 1146 1146 1147 1147 1148 1148 1148 1149 1149 1150 1150 1150 1151 1151 1152 1151 1151 1152 1152 1153 1153 1153
1126 1126 1127 1127 1128 1128 1128 1129 1129 1130 1130 1131 1131 1131 1132 1132 1133 1133 1128 1128 1128 1129 1129 1130 1130 1131 1131 1131 1132 1132 1133 1133 1134 1134 1134 1135 1135 1136 1136 1137 1137 1137 1138 1138 1139 1139 1140 1140 1140 1141 1141 1142 1142 1142 1143 1142 1143 1143 1144 1144 1144 1145 1145 1146 1146 1146 1147 1147 1148 1148 1149 1149 1149 1150 1150 1151 1151 1151 1152 1152 1152 1152 1152 1153 1153
1126 1126 1127 1127 1127 1128 1128 1129 1129 1130 1130 1130 1131 1131 1132 1132 1133 1133 1127 1128 1128 1129 1129 1130 1130 1130 1131 1131 1132 1132 1133 1133 1133 1134 1134 1135 1135 1136 1136 1136 1137 1137 1138 1138 1139 1139 1139 1140 1140 1141 1141 1141 1142 1142 1143 1143 1144 1144 1143 1144 1144 1145 1145 1145 1146 1146 1147 1147 1148 1148 1148 1149 1149 1150 1150 1150 1151 1151 1152 1152 1152 1153 1152 1153 1153
1126 1126 1126 1127 1127 1128 1128 1129 1129 1129 1130 1130 1131 1131 1132 1132 1132 1133 1127 1128 1128 1129 1129 1129 1130 1130 1131 1131 1132 1132 1132 1133 1133 1134 1134 1135 1135 1135 1136 1136 1137 1137 1137 1138 1138 1139 1139 1140 1140 1140 1141 1141 1142 1142 1143 1143 1143 1144 1144 1145 1145 1144 1145 1145 1146 1146 1146 1147 1147 1148 1148 1149 1149 1149 1150 1150 1151 1151 1151 1152 1152 1153 1153 1153 1153
1125 1126 1126 1127 1127 1128 1128 1128 1129 1129 1130 1130 1131 1131 1131 1132 1132 1133 1127 1128 1128 1128 1129 1129 1130 1130 1131 1131 1131 1132 1132 1133 1133 1134 1134 1134 1135 1135 1136 1136 1136 1137 1137 1138 1138 1139 1139 1139 1140 1140 1141 1141 1141 1142 1142 1143 1143 1144 1144 1144 1145 1145 1146 1146 1145 1146 1146 1147 1147 1148 1148 1148 1149 1149 1150 1150 1150 1151 1151 1152 1152 1152 1153 1153 1154
1125 1126 1126 1127 1127 1127 1128 1128 1129 1129 1130 1130 1130 1131 1131 1132 1132 1133 1127 1127 1128 1128 1129 1129 1130 1130 1130 1131 1131 1132 1132 1132 1133 1133 1134 1134 1135 1135 1135 1136 1136 1137 1137 1138 1138 1138 1139 1139 1140 1140 1140 1141 1141 1142 1142 1143 1143 1143 1144 1144 1145 1145 1145 1146 1146 1147 1146 1147 1147 1147 1148 1148 1149 1149 1149 1150 1150 1151 1151 1151 1152 1152 1153 1153 1153
1125 1126 1126 1126 1127 1127 1128 1128 1129 1129 1129 1130 1130 1131 1131 1132 1132 1132 1127 1127 1128 1128 1128 1129 1129 1130 1130 1131 1131 1131 1132 1132 1133 1133 1134 1134 1134 1135 1135 1136 1136 1137 1137 1137 1138 1138 1139 1139 1139 1140 1140 1141 1141 1142 1142 1142 1143 1143 1144 1144 1144 1145 1145 1146 1146 1146 1147 1147 1148 1147 1148 1148 1148 1149 1149 1150 1150 1150 1151 1151 1152 1152 1152 1153 1153
1125 1125 1126 1126 1127 1128 1128 1129 1129 1130 1130 1131 1131 1131 1132 1132 1133 1133 1128 1128 1128 1129 1129 1130 1130 1131 1131 1131 1132 1132 1133 1133 1134 1134 1133 1134 1134 1135 1135 1135 1136 1136 1137 1137 1138 1138 1138 1139 1139 1140 1140 1141 1141 1141 1142 1142 1143 1143 1143 1144 1144 1145 1145 1145 1146 1146 1147 1147 1148 1148 1148 1148 1148 1149 1149 1149 1150 1150 1151 1151 1151 1152 1152 1153 1153
1126 1126 1127 1127 1127 1128 1128 1129 1129 1130 1130 1130 1131 1131 1132 1132 1133 1133 1127 1128 1128 1129 1129 1130 1130 1130 1131 1131 1132 1132 1133 1133 1133 1134 1134 1135 1135 1135 1136 1136 1136 1136 1137 1137 1137 1138 1138 1139 1139 1139 1140 1140 1141 1141 1142 1142 1142 1143 1143 1144 1144 1144 1145 1145 1146 1146 1146 1147 1147 1148 1148 1149 1149 1148 1149 1149 1150 1150 1150 1151 1151 1152 1152 1152 1153
1126 1126 1126 1127 1127 1128 1128 1129 1129 1129 1130 1130 1131 1131 1132 1132 1132 1133 1127 1128 1128 1129 1129 1129 1130 1130 1131 1131 1132 1132 1132 1133 1133 1134 1134 1134 1135 1135 1136 1136 1137 1137 1137 1138 1138 1138 1138 1138 1139 1139 1140 1140 1141 1141 1141 1142 1142 1143 1143 1143 1144 1144 1145 1145 1145 1146 1146 1147 1147 1147 1148 1148 1149 1149 1150 1149 1149 1150 1150 1151 1151 1151 1152 1152 1153
1125 1126 1126 1127 1127 1128 1128 1128 1129 1129 1130 1130 1131 1131 1131 1132 1132 1133 1127 1128 1128 1128 1129 1129 1130 1130 1130 1131 1131 1132 1132 1133 1133 1133 1134 1134 1135 1135 1136 1136 1136 1137 1137 1138 1138 1138 1139 1139 1140 1139 1140 1140 1140 1141 1141 1142 1142 1142 1143 1143 1144 1144 1144 1145 1145 1146 1146 1146 1147 1147 1148 1148 1148 1149 1149 1150 1150 1150 1150 1150 1151 1151 1152 1152 1152
1125 1126 1126 1127 1127 1127 1128 1128 1129 1129 1130 1130 1130 1131 1131 1132 1132 1133 1127 1127 1128 1128 1129 1129 1129 1130 1130 1131 1131 1132 1132 1132 1133 1133 1134 1134 1134 1135 1135 1136 1136 1137 1137 1137 1138 1138 1139 1139 1139 1140 1140 1141 1140 1141 1141 1141 1142 1142 1143 1143 1143 1144 1144 1145 1145 1145 1146 1146 1147 1147 1147 1148 1148 1149 1149 1149 1150 1150 1151 1150 1150 1151 1151 1152 1152
1125 1126 1126 1126 1127 1127 1128 1128 1129 1129 1129 1130 1130 1131 1131 1131 1132 1132 1127 1127 1128 1128 1128 1129 1129 1130 1130 1131 1131 1131 1132 1132 1133 1133 1133 1134 1134 1135 1135 1136 1136 1136 1137 1137 1138 1138 1138 1139 1139 1140 1140 1141 1141 1141 1142 1141 1142 1142 1142 1143 1143 1144 1144 1144 1145 1145 1146 1146 1146 1147 1147 1148 1148 1148 1149 1149 1150 1150 1150 1151 1150 1151 1151 1151 1152
1126 1125 1126 1126 1127 1127 1127 1128 1128 1129 1129 1130 1130 1130 1131 1131 1132 1132 1127 1127 1127 1128 1128 1129 1129 1130 1130 1130 1131 1131 1132 1132 1132 1133 1133 1134 1134 1135 1135 1135 1136 1136 1137 1137 1137 1138 1138 1139 1139 1139 1140 1140 1141 1141 1142 1142 1142 1143 1142 1143 1143 1143 1144 1144 1145 1145 1145 1146 1146 1147 1147 1147 1148 1148 1149 1149 1149 1150 1150 1151 1151 1152 1152 1152 1153
1126 1126 1127 1126 1126 1127 1127 1128 1128 1129 1129 1129 1130 1130 1131 1131 1132 1132 1126 1127 1127 1128 1128 1128 1129 1129 1130 1130 1131 1131 1131 1132 1132 1133 1133 1134 1134 1134 1135 1135 1136 1136 1136 1137 1137 1138 1138 1138 1139 1139 1140 1140 1141 1141 1141 1142 1142 1143 1143 1143 1143 1143 1144 1144 1144 1145 1145 1146 1146 1146 1147 1147 1148 1148 1148 1150 1150 1151 1151 1151 1152 1152 1153 1152 1152
1126 1126 1126 1127 1127 1127 1127 1128 1128 1128 1129 1129 1130 1130 1131 1131 1131 1132 1126 1127 1127 1127 1128 1128 1129 1129 1130 1130 1130 1131 1131 1132 1132 1132 1133 1133 1134 1134 1135 1135 1135 1136 1136 1137 1137 1137 1138 1138 1139 1139 1139 1140 1140 1141 1141 1142 1142 1142 1143 1143 1144 1144 1143 1144 1144 1145 1145 1145 1146 1146 1148 1148 1148 1149 1149 1150 1150 1150 1151 1151 1152 1152 1152 1153 1153
1125 1126 1126 1127 1127 1128 1128 1127 1128 1128 1129 1129 1130 1130 1130 1131 1131 1132 1126 1126 1127 1127 1128 1128 1129 1129 1129 1130 1130 1131 1131 1131 1132 1132 1133 1133 1134 1134 1134 1135 1135 1136 1136 1136 1137 1137 1138 1138 1138 1139 1139 1140 1140 1141 1141 1141 1142 1142 1143 1143 1143 1144 1144 1145 1145 1145 1146 1146 1147 1147 1147 1148 1148 1149 1149 1149 1150 1150 1151 1151 1151 1152 1152 1153 1153
1125 1126 1126 1127 1127 1127 1128 1128 1128 1128 1128 1129 1129 1130 1130 1131 1131 1131 1126 1126 1127 1127 1128 1128 1128 1129 1129 1130 1130 1130 1131 1131 1132 1132 1133 1133 1133 1134 1134 1135 1135 1135 1136 1136 1137 1137 1137 1138 1138 1139 1139 1139 1140 1140 1141 1141 1142 1142 1142 1143 1144 1145 1145 1145 1146 1146 1147 1146 1146 1147 1147 1148 1148 1148 1149 1149 1150 1150 1150 1151 1151 1151 1152 1152 1153
1125 1126 1126 1126 1127 1127 1128 1128 1128 1129 1128 1129 1129 1130 1130 1130 1131 1131 1126 1126 1126 1127 1127 1128 1128 1129 1129 1129 1130 1130 1131 1131 1131 1132 1132 1133 1133 1134 1134 1134 1135 1135 1136 1136 1136 1137 1137 1138 1138 1138 1139 1139 1140 1140 1140 1141 1142 1143 1143 1144 1144 1144 1145 1145 1146 1146 1146 1147 1147 1147 1147 1147 1148 1148 1148 1149 1149 1150 1150 1150 1151 1151 1152 1152 1152
1125 1125 1126 1126 1127 1127 1127 1128 1129 1130 1130 1130 1130 1130 1131 1131 1132 1132 1126 1127 1127 1128 1128 1129 1129 1129 1130 1130 1131 1131 1131 1131 1131 1132 1132 1133 1133 1133 1134 1134 1135 1135 1135 1136 1136 1137 1137 1137 1138 1138 1139 1139 1140 1141 1141 1142 1142 1142 1143 1143 1144 1144 1144 1145 1145 1146 1146 1146 1147 1147 1147 1147 1147 1148 1148 1149 1149 1149 1150 1150 1151 1151 1151 1152 1152
1125 1125 1127 1127 1127 1128 1128 1129 1129 1130 1130 1130 1131 1130 1131 1131 1131 1132 1126 1127 1127 1128 1128 1128 1129 1129 1130 1130 1130 1131 1131 1132 1132 1133 1133 1133 1134 1133 1134 1134 1134 1135 1135 1136 1136 1136 1137 1137 1138 1139 1139 1140 1140 1141 1141 1141 1142 1142 1143 1143 1143 1144 1144 1145 1145 1145 1146 1146 1147 1147 1147 1148 1147 1148 1148 1148 1149 1149 1150 1150 1150 1151 1151 1215 1215
1126 1126 1126 1127 1127 1128 1128 1128 1129 1129 1130 1130 1131 1131 1130 1131 1131 1132 1126 1127 1127 1127 1128 1128 1129 1129 1129 1130 1130 1131 1131 1131 1132 1132 1133 1133 1134 1134 1134 1135 1135 1136 1135 1135 1136 1137 1138 1138 1138 1139 1139 1140 1140 1140 1141 1141 1142 1142 1142 1143 1143 1144 1144 1144 1145 1145 1146 1146 1146 1147 1147 1148 1148 1148 1148 1148 1149 1149 1149 1150 1150 1151 1214 1214 1215
1125 1126 1126 1127 1127 1127 1128 1128 1129 1129 1130 1130 1130 1131 1131 1131 1131 1131 1126 1126 1127 1127 1128 1128 1128 1129 1129 1130 1130 1130 1131 1131 1132 1132 1133 1133 1133 1134 1134 1135 1135 1135 1136 1137 1138 1137 1137 1138 1138 1139 1139 1139 1140 1140 1141 1141 1141 1142 1142 1143 1143 1143 1144 1144 1145 1145 1145 1146 1146 1147 1147 1147 1148 1148 1149 1148 1148 1149 1149 1150 1150 1213 1214 1214 1214
1125 1126 1126 1126 1127 1127 1128 1128 1129 1129 1129 1130 1130 1131 1131 1131 1132 1131 1126 1126 1127 1127 1127 1128 1128 1129 1129 1129 1130 1130 1131 1131 1131 1132 1132 1133 1133 1134 1134 1134 1136 1136 1137 1137 1137 1138 1138 1139 1138 1138 1139 1139 1140 1140 1140 1141 1141 1142 1142 1142 1143 1143 1144 1144 1144 1145 1145 1146 1146 1146 1147 1147 1148 1148 1148 1149 1149 1148 1149 1149 1213 1213 1213 1214 1214
1125 1125 1126 1126 1127 1127 1128 1128 1128 1129 1129 1130 1130 1130 1131 1131 1132 1132 1126 1126 1126 1127 1127 1128 1128 1128 1129 1129 1130 1130 1130 1131 1131 1132 1132 1133 1133 1133 1135 1135 1136 1136 1136 1137 1137 1138 1138 1138 1139 1139 1140 1139 1139 1140 1140 1141 1141 1141 1142 1142 1143 1143 1143 1144 1144 1145 1145 1145 1146 1146 1147 1147 1147 1148 1148 1148 1149 1149 1149 1212 1212 1213 1213 1214 1215
1125 1125 1126 1126 1126 1127 1127 1128 1128 1129 1129 1129 1130 1130 1131 1131 1131 1132 1126 1126 1126 1127 1127 1127 1128 1128 1129 1129 1129 1130 1130 1131 1131 1131 1132 1133 1134 1134 1135 1135 1135 1136 1136 1137 1137 1137 1138 1138 1139 1139 1139 1140 1140 1140 1140 1140 1141 1141 1142 1142 1142 1143 1143 1144 1144 1144 1145 1145 1145 1146 1146 1147 1147 1147 1148 1148 1149 1149 1212 1212 1212 1214 1214 1214 1215
1125 1125 1125 1126 1126 1127 1127 1128 1128 1128 1129 1129 1130 1130 1130 1131 1131 1132 1126 1127 1126 1126 1127 1127 1128 1128 1128 1129 1129 1130 1130 1130 1131 1131 1133 1133 1133 1134 1134 1135 1135 1136 1136 1136 1137 1137 1138 1138 1138 1139 1139 1140 1140 1140 1141 1141 1141 1141 1141 1142 1142 1143 1143 1143 1144 1144 1144 1145 1145 1146 1146 1146 1147 1147 1148 1148 1148 1212 1212 1214 1214 1213 1214 1214 1214
1124 1125 1125 1126 1126 1127 1127 1127 1128 1128 1129 1129 1129 1130 1130 1131 1131 1132 1126 1126 1127 1126 1127 1127 1127 1128 1128 1129 1129 1129 1130 1130 1132 1132 1132 1133 1133 1134 1134 1134 1135 1135 1136 1136 1137 1137 1137 1138 1138 1139 1139 1139 1140 1140 1141 1141 1141 1142 1141 1141 1142 1142 1143 1143 1143 1144 1144 1145 1145 1145 1146 1146 1147 1147 1147 1148 1211 1212 1213 1213 1214 1214 1213 1214 1214
1124 1125 1125 1126 1126 1126 1127 1127 1128 1128 1128 1129 1129 1130 1130 1130 1131 1131 1126 1126 1127 1127 1126 1127 1127 1128 1128 1128 1129 1129 1130 1131 1131 1132 1132 1133 1133 1133 1134 1134 1135 1135 1135 1136 1136 1137 1137 1137 1138 1138 1139 1139 1139 1140 1140 1141 1141 1141 1142 1142 1142 1142 1142 1143 1143 1144 1144 1144 1145 1145 1146 1146 1146 1147 1147 1210 1212 1212 1213 1213 1213 1214 1214 1214 1214
1124 1124 1125 1125 1126 1126 1127 1127 1127 1128 1128 1129 1129 1129 1130 1130 1131 1131 1126 1126 1126 1127 1127 1127 1127 1127 1128 1128 1129 1129 1130 1131 1131 1132 1132 1132 1133 1133 1134 1134 1134 1135 1135 1136 1136 1136 1137 1137 1138 1138 1138 1139 1139 1140 1140 1140 1141 1141 1142 1142 1142 1142 1142 1143 1143 1143 1144 1144 1145 1145 1145 1146 1146 1146 1211 1211 1212 1212 1212 1213 1213 1214 1214 1214 1214
1124 1124 1125 1125 1126 1126 1126 1127 1127 1128 1128 1128 1129 1129 1130 1130 1130 1131 1125 1126 1126 1127 1127 1127 1127 1127 1128 1128 1128 1130 1130 1131 1131 1131 1132 1132 1133 1133 1133 1134 1134 1135 1135 1135 1136 1136 1137 1137 1137 1138 1138 1139 1139 1139 1140 1140 1141 1141 1141 1142 1142 1143 1143 1142 1143 1143 1144 1144 1144 1145 1145 1145 1146 1210 1211 1211 1211 1212 1212 1212 1213 1213 1214 1214 1214
1124 1124 1125 1125 1125 1126 1126 1127 1127 1127 1128 1128 1129 1129 1129 1130 1130 1131 1125 1126 1126 1126 1127 1127 1128 1127 1127 1128 1129 1130 1130 1130 1131 1131 1132 1132 1132 1133 1133 1134 1134 1134 1135 1135 1136 1136 1136 1137 1137 1138 1138 1138 1139 1139 1140 1140 1140 1141 1141 1142 1142 1142 1143 1143 1143 1143 1143 1144 1144 1144 1145 1145 1209 1210 1210 1211 1211 1211 1212 1212 1213 1213 1213 1214 1214
1123 1124 1124 1125 1125 1126 1126 1126 1127 1127 1128 1128 1128 1129 1129 1130 1130 1130 1125 1125 1126 1126 1127 1127 1127 1128 1127 1128 1129 1129 1130 1130 1131 1131 1131 1132 1132 1133 1133 1133 1134 1134 1135 1135 1135 1136 1136 1137 1137 1137 1138 1138 1139 1139 1139 1140 1140 1141 1141 1141 1142 1142 1142 1143 1143 1144 1143 1143 1144 1144 1145 1208 1209 1210 1210 1210 1211 1211 1212 1212 1212 1213 1213 1213 1214
1123 1124 1124 1125 1125 1125 1126 1126 1127 1127 1127 1128 1128 1129 1129 1129 1130 1130 1125 1125 1126 1126 1126 1127 1127 1128 1128 1127 1129 1129 1130 1130 1130 1131 1131 1132 1132 1132 1133 1133 1134 1134 1134 1135 1135 1136 1136 1136 1137 1137 1138 1138 1138 1139 1139 1140 1140 1140 1141 1141 1141 1142 1142 1143 1143 1143 1144 1144 1144 1144 1207 1208 1209 1209 1210 1210 1211 1211 1211 1212 1212 1212 1213 1213 1214
1123 1124 1124 1124 1125 1125 1126 1126 1126 1127 1127 1128 1128 1128 1129 1129 1130 1130 1124 1125 1125 1126 1126 1127 1127 1127 1128 1128 1129 1129 1129 1130 1130 1131 1131 1131 1132 1132 1133 1133 1133 1134 1134 1135 1135 1135 1136 1136 1137 1137 1137 1138 1138 1138 1139 1139 1140 1140 1140 1141 1141 1142 1142 1142 1143 1143 1144 1144 1144 1207 1207 1207 1209 1209 1210 1210 1210 1211 1211 1211 1212 1212 1213 1213 1213
