testData/tiles/oneDegree/grid4.0-25.0-5.0-26.0.asc
ncols   200
nrows   200
xllcorner   4.0
yllcorner   25.0
cellsize   0.005
NODATA_value   -9999.0
[rows 42 to 83 of 200, columns 94 to 187 of 200]
358 358 358 358 358 358 358 359 360 361 362 363 364 365 366 367 368 369 369 370 371 372 373 374 374 375 376 377 378 378 379 380 380 381 382 382 383 384 384 385 385 386 387 387 388 388 425 425 425 426 426 427 427 427 428 428 428 428 429 429 429 429 429 430 430 430 430 430 430 430 430 430 430 430 430 430 430 430 429 429 429 429 429 428 428 428 428 427 427 427 426 285 284 284
358 358 358 358 358 358 358 358 358 359 360 361 362 363 364 365 366 367 368 369 370 370 371 372 373 374 374 375 376 377 377 378 379 379 380 381 381 382 383 383 384 384 385 385 386 386 423 423 424 424 424 425 425 425 426 426 426 427 427 427 427 427 428 428 428 428 428 428 428 428 428 428 428 428 428 428 428 428 428 427 427 427 427 427 426 426 426 425 425 425 424 424 283 282
358 358 358 358 358 358 358 358 358 358 359 360 361 362 363 364 364 365 366 367 368 369 370 370 371 372 373 374 374 375 376 376 377 378 378 379 380 380 381 381 382 383 383 384 384 421 421 421 422 422 423 423 423 424 424 424 425 425 425 425 425 426 426 426 426 426 426 426 426 426 426 426 426 426 426 426 426 426 426 426 425 425 425 425 425 424 424 424 423 423 423 422 422 421
358 358 358 358 358 358 358 358 358 358 358 358 359 360 361 362 363 364 365 365 366 367 368 369 370 370 371 372 373 373 374 375 375 376 377 377 378 379 379 380 380 381 381 382 382 419 419 420 420 420 421 421 422 422 422 422 423 423 423 423 424 424 424 424 424 424 424 425 425 425 425 425 425 425 424 424 424 424 424 424 424 423 423 423 423 422 422 422 422 422 422 421 421 422
358 358 358 358 358 358 358 358 358 358 358 358 358 359 359 360 361 362 363 364 365 366 366 367 368 369 369 370 371 372 372 373 374 374 375 376 376 377 377 378 379 379 380 380 381 417 417 418 418 419 419 419 420 420 420 421 421 421 421 422 422 422 422 422 422 423 423 423 423 423 423 423 423 423 423 423 422 422 422 422 422 422 421 421 421 421 421 421 421 421 421 421 420 421
358 358 358 358 358 358 358 358 358 358 358 358 358 358 358 359 360 361 361 362 363 364 365 366 366 367 368 369 369 370 371 371 372 373 373 374 375 375 376 376 377 377 378 378 415 415 416 416 417 417 417 418 418 418 419 419 419 419 420 420 420 420 420 421 421 421 421 421 421 421 421 421 421 421 421 421 421 421 420 420 420 420 420 419 419 420 420 420 420 421 420 420 421 420
358 358 358 358 358 358 358 358 358 358 358 358 358 358 358 358 358 359 360 361 361 362 363 364 365 365 366 367 368 368 369 370 370 371 372 372 373 373 374 375 375 376 376 377 413 413 414 414 415 415 416 416 416 417 417 417 417 418 418 418 418 418 419 419 419 419 419 419 419 419 419 419 419 419 419 419 419 419 419 418 418 418 418 418 418 419 419 420 419 420 420 419 420 419
358 358 358 358 358 358 358 358 358 358 358 358 358 358 358 358 358 358 358 359 360 361 361 362 363 364 364 365 366 367 367 368 369 369 370 370 371 372 372 373 373 374 374 375 411 412 412 413 413 413 414 414 414 415 415 415 416 416 416 416 416 417 417 417 417 417 417 417 417 417 417 417 417 417 417 417 417 417 417 417 416 416 417 417 418 418 418 419 418 419 419 418 419 419
358 358 358 358 358 358 358 358 358 358 358 358 358 358 358 358 358 358 358 358 358 359 360 361 361 362 363 364 364 365 366 366 367 368 368 369 369 370 370 371 372 372 373 373 410 410 410 411 411 412 412 412 413 413 413 413 414 414 414 414 415 415 415 415 415 415 415 415 415 415 416 415 415 415 415 415 415 415 415 415 415 414 415 416 417 416 417 418 418 418 418 418 418 418
358 358 358 358 358 358 358 358 358 358 358 358 358 358 358 358 358 358 358 358 358 358 358 359 360 360 361 362 363 363 364 365 365 366 366 367 368 368 369 369 370 370 371 407 408 408 409 409 409 410 410 410 411 411 411 412 412 412 412 413 413 413 413 413 413 413 414 414 414 414 414 414 414 414 414 413 413 413 413 413 413 414 414 415 416 416 416 417 417 417 417 417 417 417
358 358 358 358 358 358 358 358 358 358 358 358 358 358 358 358 358 358 358 358 358 358 358 358 358 359 359 360 361 362 362 363 364 364 365 365 366 366 367 368 368 369 369 406 406 406 407 407 408 408 408 409 409 409 410 410 410 410 411 411 411 411 411 411 412 412 412 412 412 412 412 412 412 412 412 412 412 411 411 411 412 413 414 413 414 415 416 415 416 417 416 416 417 416
358 358 358 358 358 358 358 358 358 358 358 358 358 358 358 358 358 358 358 358 358 358 358 358 358 358 358 358 359 360 361 361 362 362 363 364 364 365 365 366 366 367 367 404 404 405 405 405 406 406 407 407 407 408 408 408 408 409 409 409 409 409 409 410 410 410 410 410 410 410 410 410 410 410 410 410 410 410 409 410 410 411 412 413 413 414 415 415 415 416 416 415 416 415
358 358 358 358 358 358 358 358 358 358 358 358 358 358 358 358 358 358 358 358 358 358 358 358 358 358 358 358 358 358 359 359 360 361 361 362 362 363 364 364 365 365 366 402 402 403 403 404 404 404 405 405 405 406 406 406 407 407 407 407 407 408 408 408 408 408 408 408 408 408 408 408 408 408 408 408 408 408 408 409 409 410 411 412 413 412 413 414 414 414 415 414 415 415
358 358 358 358 358 358 358 358 358 358 358 358 358 358 358 358 358 358 358 358 358 358 358 358 358 358 358 358 358 358 358 358 358 359 360 360 361 361 362 362 363 363 364 400 401 401 402 402 402 403 403 403 404 404 404 404 405 405 405 405 406 406 406 406 406 406 406 406 406 406 406 406 406 406 406 406 406 406 406 407 408 408 409 410 411 411 412 413 414 413 414 414 414 414
358 358 358 358 358 358 358 358 358 358 358 358 358 358 358 358 358 358 358 358 358 358 358 358 358 358 358 358 358 358 358 358 358 358 358 358 359 360 360 361 361 362 362 398 399 399 400 400 401 401 401 402 402 402 402 403 403 403 403 404 404 404 404 404 404 404 404 405 405 405 405 405 405 405 404 404 404 404 405 406 407 408 408 409 410 411 411 411 412 413 413 413 414 413
358 358 358 358 358 358 358 358 358 358 358 358 358 358 358 358 358 358 358 358 358 358 358 358 358 358 358 358 358 358 358 358 358 358 358 358 358 358 358 359 359 360 360 397 397 398 398 398 399 399 399 400 400 400 401 401 401 401 402 402 402 402 402 402 402 403 403 403 403 403 403 403 403 403 403 403 402 402 403 404 405 406 407 407 408 409 410 410 411 412 412 412 413 412
329 329 358 358 358 358 358 358 358 358 358 358 358 358 358 358 358 358 358 358 358 358 358 358 358 358 358 358 358 358 358 358 358 358 358 358 358 358 358 358 358 358 358 395 395 396 396 397 397 397 398 398 398 399 399 399 399 400 400 400 400 400 400 401 401 401 401 401 401 401 401 401 401 401 401 401 401 401 401 402 403 404 405 406 406 407 408 409 409 410 411 411 412 412
329 329 329 358 358 358 358 358 358 358 358 358 358 358 358 358 358 358 358 358 358 358 358 358 358 358 358 358 358 358 358 358 358 358 358 358 358 358 358 358 358 358 358 394 394 394 394 395 395 395 396 396 396 397 397 397 397 398 398 398 398 398 399 399 399 399 399 399 399 399 399 399 399 399 399 399 399 399 400 400 402 403 404 405 405 406 407 408 408 409 410 410 411 411
329 329 329 329 329 358 358 358 358 358 358 358 358 358 358 358 358 358 358 358 358 358 358 358 358 358 358 358 358 358 358 358 358 358 358 358 358 358 358 358 358 358 358 394 394 394 394 394 394 394 394 394 395 395 395 395 396 396 396 396 396 397 397 397 397 397 397 397 397 397 397 397 397 397 397 397 397 397 399 400 400 401 402 403 404 404 405 406 407 407 408 409 410 411
329 329 329 329 329 329 358 358 358 358 358 358 358 358 358 358 358 358 358 358 358 358 358 358 358 358 358 358 358 358 358 358 358 358 358 358 358 358 358 358 358 358 394 394 394 394 394 394 394 394 394 394 394 394 394 394 394 394 394 394 395 395 395 395 395 395 395 395 395 395 395 395 395 395 395 395 395 396 397 398 399 399 400 401 402 403 404 405 406 407 408 409 410 411
329 329 329 329 329 329 329 329 358 358 358 358 358 358 358 358 358 358 358 358 358 358 358 358 358 358 358 358 358 358 358 358 358 358 358 358 358 358 358 358 358 358 358 394 394 394 394 394 394 394 394 394 394 394 394 394 394 394 394 394 394 394 394 394 394 394 394 394 394 394 394 394 394 394 394 394 394 394 396 397 398 399 400 401 402 403 404 405 406 407 408 409 410 411
329 329 329 329 329 329 329 329 329 329 358 358 358 358 358 358 358 358 358 358 358 358 358 358 358 358 358 358 358 358 358 358 358 358 358 358 358 358 358 358 358 358 358 394 394 394 394 394 394 394 394 394 394 394 394 394 394 394 394 394 394 394 394 394 394 394 394 394 394 394 394 394 394 394 394 394 394 394 395 396 398 399 400 401 402 403 404 405 406 407 408 409 410 410
329 329 329 329 329 329 329 329 329 329 329 329 358 358 358 358 358 358 358 358 358 358 358 358 358 358 358 358 358 358 358 358 358 358 358 358 358 358 358 358 358 358 358 394 394 394 394 394 394 394 394 394 394 394 394 394 394 394 394 394 394 394 394 394 394 394 394 394 394 394 394 394 394 394 394 394 394 394 395 396 397 398 399 400 401 402 403 404 405 406 407 408 409 409
329 329 329 329 329 329 329 329 329 329 329 329 329 329 358 358 358 358 358 358 358 358 358 358 358 358 358 358 358 358 358 358 358 358 358 358 358 358 358 358 358 358 358 394 394 394 394 394 394 394 394 394 394 394 394 394 394 394 394 394 394 394 394 394 394 394 394 394 394 394 394 394 394 394 394 394 394 394 395 396 397 398 399 400 401 402 403 404 405 406 407 407 408 408
329 329 329 329 329 329 329 329 329 329 329 329 329 329 329 329 358 358 358 358 358 358 358 358 358 358 358 358 358 358 358 358 358 358 358 358 358 358 358 358 358 358 358 394 394 394 394 394 394 394 394 394 394 394 394 394 394 394 394 394 394 394 394 394 394 394 394 394 394 394 394 394 394 394 394 394 394 394 395 396 397 398 399 400 401 402 403 403 404 405 406 406 407 407
329 329 329 329 329 329 329 329 329 329 329 329 329 329 329 329 329 329 358 358 358 358 358 358 358 358 358 358 358 358 358 358 358 358 358 358 358 358 358 358 358 358 358 394 394 394 394 394 394 394 394 394 394 394 394 394 394 394 394 394 394 394 394 394 394 394 394 394 394 394 394 394 394 394 394 394 394 394 394 395 396 397 398 399 400 401 402 403 404 404 405 405 406 406
329 329 329 329 329 329 329 329 329 329 329 329 329 329 329 329 329 329 329 329 329 358 358 358 358 358 358 358 358 358 358 358 358 358 358 358 358 358 358 358 358 358 358 394 394 394 394 394 394 394 394 394 394 394 394 394 394 394 394 394 394 394 394 394 394 394 394 394 394 394 394 394 394 394 394 394 394 394 394 395 396 397 398 399 400 400 401 402 403 403 404 404 405 405
329 329 329 329 329 329 329 329 329 329 329 329 329 329 329 329 329 329 329 329 329 329 329 358 358 358 358 358 358 358 358 358 358 358 358 358 358 358 358 358 358 358 358 394 394 394 394 394 394 394 394 394 394 394 394 394 394 394 394 394 394 394 394 394 394 394 394 394 394 394 394 394 394 394 394 394 394 394 394 395 395 396 397 398 399 400 401 401 402 403 403 403 404 404
329 329 329 329 329 329 329 329 329 329 329 329 329 329 329 329 329 329 329 329 329 329 329 329 329 329 358 358 358 358 358 358 358 358 358 358 358 358 358 358 358 358 358 394 394 394 394 394 394 394 394 394 394 394 394 394 394 394 394 394 394 394 394 394 394 394 394 394 394 394 394 394 394 394 394 394 394 394 394 394 395 396 397 397 398 399 400 400 401 402 402 402 403 403
329 329 329 329 329 329 329 329 329 329 329 329 329 329 329 329 329 329 329 329 329 329 329 329 329 329 329 329 329 358 358 358 358 358 358 358 358 358 358 358 358 358 358 394 394 394 394 394 394 394 394 394 394 394 394 394 394 394 394 394 394 394 394 394 394 394 394 394 394 394 394 394 394 394 394 394 394 394 394 394 394 395 396 397 398 398 399 400 400 401 401 401 402 402
329 329 329 329 329 329 329 329 329 329 329 329 329 329 329 329 329 329 329 329 329 329 329 329 329 329 329 329 329 329 329 329 358 358 358 358 358 358 358 358 358 358 358 358 394 394 394 394 394 394 394 394 394 394 394 394 394 394 394 394 394 394 394 394 394 394 394 394 394 394 394 394 394 394 394 394 394 394 394 394 394 394 395 396 397 397 398 399 399 400 400 400 401 401
329 329 329 329 329 329 329 329 329 329 329 329 329 329 329 329 329 329 329 329 329 329 329 329 329 329 329 329 329 329 329 329 329 329 329 358 358 358 358 358 358 358 358 358 394 394 394 394 394 394 394 394 394 394 394 394 394 394 394 394 394 394 394 394 394 394 394 394 394 394 394 394 394 394 394 394 394 394 394 394 394 394 395 395 396 397 397 398 398 399 399 399 400 400
329 329 329 329 329 329 329 329 329 329 329 329 329 329 329 329 329 329 329 329 329 329 329 329 329 329 329 329 329 329 329 329 329 329 329 329 329 329 329 358 358 358 358 358 394 394 394 394 394 394 394 394 394 394 394 394 394 394 394 394 394 394 394 394 394 394 394 394 394 394 394 394 394 394 394 394 394 394 394 394 394 394 394 394 395 396 396 397 397 398 398 398 399 399
329 329 329 329 329 329 329 329 329 329 329 329 329 329 329 329 329 329 329 329 329 329 329 329 329 329 329 329 329 329 329 329 329 329 329 329 329 329 329 329 329 329 329 358 394 394 394 394 394 394 394 394 394 394 394 394 394 394 394 394 394 394 394 394 394 394 394 394 394 394 394 394 394 394 394 394 394 394 394 394 394 394 394 394 394 395 395 396 396 397 397 397 398 398
329 329 329 329 329 329 329 329 329 329 329 329 329 329 329 329 329 329 329 329 329 329 329 329 329 329 329 329 329 329 329 329 329 329 329 329 329 329 329 329 329 329 329 329 329 365 365 365 394 394 394 394 394 394 394 394 394 394 394 394 394 394 394 394 394 394 394 394 394 394 394 394 394 394 394 394 394 394 394 394 394 394 394 394 394 394 395 395 395 396 396 396 396 368
404 329 329 329 329 329 329 329 329 329 329 329 329 329 329 329 329 329 329 329 329 329 329 329 329 329 329 329 329 329 329 329 329 329 329 329 329 329 329 329 329 329 329 329 329 365 365 365 365 365 365 365 365 365 394 394 394 394 394 394 394 394 394 394 394 394 394 394 394 394 394 394 394 394 394 394 394 394 394 394 394 394 394 394 394 394 394 365 365 366 366 366 366 367
404 404 329 329 329 329 329 329 329 329 329 329 329 329 329 329 329 329 329 329 329 329 329 329 329 329 329 329 329 329 329 329 329 329 329 329 329 329 329 329 329 329 329 329 329 365 365 365 365 365 365 365 365 365 365 365 365 365 365 365 365 365 365 365 365 365 365 365 365 365 365 365 365 365 365 365 365 365 365 365 365 365 365 365 365 365 365 365 365 365 365 365 365 365
404 404 329 329 329 329 329 329 329 329 329 329 329 329 329 329 329 329 329 329 329 329 329 329 329 329 329 329 329 329 329 329 329 329 329 329 329 329 329 329 329 329 329 329 329 329 365 365 365 365 365 365 365 365 365 365 365 365 365 365 365 365 365 365 365 365 365 365 365 365 365 365 365 365 365 365 365 365 365 365 365 365 365 365 365 365 365 365 365 365 365 365 365 365
404 404 404 329 329 329 329 329 329 329 329 329 329 329 329 329 329 329 329 329 329 329 329 329 329 329 329 329 329 329 329 329 329 329 329 329 329 329 329 329 329 329 329 329 329 329 365 365 365 365 365 365 365 365 365 365 365 365 365 365 365 365 365 365 365 365 365 365 365 365 365 365 365 365 365 365 365 365 365 365 365 365 365 365 365 365 365 365 365 365 365 365 365 365
404 404 404 404 329 329 329 329 329 329 329 329 329 329 329 329 329 329 329 329 329 329 329 329 329 329 329 329 329 329 329 329 329 329 329 329 329 329 329 329 329 329 329 329 329 329 365 365 365 365 365 365 365 365 365 365 365 365 365 365 365 365 365 365 365 365 365 365 365 365 365 365 365 365 365 365 365 365 365 365 365 365 365 365 365 365 365 365 365 365 365 365 365 365
404 404 404 404 329 329 329 329 329 329 329 329 329 329 329 329 329 329 329 329 329 329 329 329 329 329 329 329 329 329 329 329 329 329 329 329 329 329 329 329 329 329 329 329 329 329 329 365 365 365 365 365 365 365 365 365 365 365 365 365 365 365 365 365 365 365 365 365 365 365 365 365 365 365 365 365 365 365 365 365 365 365 365 365 365 365 365 365 365 365 365 365 365 365
404 404 404 404 404 329 329 329 329 329 329 329 329 329 329 329 329 329 329 329 329 329 329 329 329 329 329 329 329 329 329 329 329 329 329 329 329 329 329 329 329 329 329 329 329 329 329 365 365 365 365 365 365 365 365 365 365 365 365 365 365 365 365 365 365 365 365 365 365 365 365 365 365 365 365 365 365 365 365 365 365 365 365 365 365 365 365 365 365 365 365 365 365 365
