testData/tiles/oneDegree/grid7.0-28.0-8.0-29.0.asc
ncols   200
nrows   200
xllcorner   7.0
yllcorner   28.0
cellsize   0.005
NODATA_value   -9999.0
[rows 42 to 83 of 200, columns 94 to 187 of 200]
754 754 754 754 754 754 754 754 754 754 754 754 754 754 754 754 754 754 755 755 756 756 757 757 757 758 758 759 759 759 760 760 760 761 761 761 762 762 762 762 763 763 763 763 763 763 764 764 764 764 764 764 764 764 764 764 764 764 764 764 764 764 764 764 764 764 764 764 764 763 763 763 763 763 763 1006 1006 1006 1006 1005 1005 1005 1004 1004 1004 993 993 993 940 940 939 939 939 938
754 754 754 754 754 754 754 754 754 754 754 754 754 754 754 754 754 754 754 754 755 755 755 756 756 757 757 757 758 758 759 759 759 760 760 760 760 761 761 761 761 762 762 762 762 762 762 763 763 763 763 763 763 763 763 763 763 763 763 763 763 763 763 763 763 763 763 763 762 762 762 762 762 762 761 1005 1005 1005 1004 1004 1004 1004 1003 1003 993 992 992 991 939 939 938 938 937 937
754 754 754 754 754 754 754 754 754 754 754 754 754 754 754 754 754 754 754 754 754 754 754 755 755 756 756 756 757 757 757 758 758 758 759 759 759 760 760 760 760 760 761 761 761 761 761 761 762 762 762 762 762 762 762 762 762 762 762 762 762 762 762 762 762 762 762 761 761 761 761 761 761 760 760 1004 1004 1004 1003 1003 1003 1002 1002 992 991 991 991 990 938 938 937 937 936 936
754 754 754 754 754 754 754 754 754 754 754 754 754 754 754 754 754 754 754 754 754 754 754 754 754 755 755 755 756 756 756 757 757 757 758 758 758 758 759 759 759 759 759 760 760 760 760 760 760 761 761 761 761 761 761 761 761 761 761 761 761 761 761 761 761 761 760 760 760 760 760 760 759 759 759 1003 1003 1002 1002 1002 1002 1001 991 991 990 990 990 989 937 937 936 936 936 936
754 754 754 754 754 754 754 754 754 754 754 754 754 754 754 754 754 754 754 754 754 754 754 754 754 754 754 754 755 755 755 756 756 756 756 757 757 757 757 758 758 758 758 759 759 759 759 759 759 759 759 760 760 760 760 760 760 760 760 760 760 760 760 760 759 759 759 759 759 759 759 759 758 758 758 758 1001 1001 1001 1001 1000 990 990 990 989 989 989 988 936 936 936 936 936 936
754 754 754 754 754 754 754 754 754 754 754 754 754 754 754 754 754 754 754 754 754 754 754 754 754 754 754 754 754 754 754 754 755 755 755 756 756 756 756 757 757 757 757 757 758 758 758 758 758 758 758 758 758 759 759 759 759 759 759 759 759 759 758 758 758 758 758 758 758 758 758 757 757 757 757 757 1000 1000 1000 1000 989 989 989 988 988 988 988 988 936 936 936 936 936 936
754 754 754 754 754 754 754 754 754 754 754 754 754 754 754 754 754 754 754 754 754 754 754 754 754 754 754 754 754 754 754 754 754 754 754 754 755 755 755 755 756 756 756 756 756 757 757 757 757 757 757 757 757 757 757 757 757 757 757 757 757 757 757 757 757 757 757 757 757 757 756 756 756 756 756 755 999 999 999 988 988 988 988 988 988 988 988 988 936 936 936 936 936 936
754 754 754 754 754 754 754 754 754 754 754 754 754 754 754 754 754 754 754 754 754 754 754 754 754 754 754 754 754 754 754 754 754 754 754 754 754 754 754 754 755 755 755 755 755 755 756 756 756 756 756 756 756 756 756 756 756 756 756 756 756 756 756 756 756 756 756 756 756 755 755 755 755 755 755 754 998 998 988 988 988 988 988 988 988 988 988 936 936 936 936 936 936 936
754 754 754 754 754 754 754 754 754 754 754 754 754 754 754 754 754 754 754 754 754 754 754 754 754 754 754 754 754 754 754 754 754 754 754 754 754 754 754 754 754 754 754 754 754 754 754 755 755 755 755 755 755 755 755 755 755 755 755 755 755 755 755 755 755 755 755 755 754 754 754 754 754 754 754 754 754 988 988 988 988 988 988 988 988 988 988 936 936 936 936 936 936 936
754 754 754 754 754 754 754 754 754 754 754 754 754 754 754 754 754 754 754 754 754 754 754 754 754 754 754 754 754 754 754 754 754 754 754 754 754 754 754 754 754 754 754 754 754 754 754 754 754 754 754 754 754 754 754 754 754 754 754 754 754 754 754 754 754 754 754 754 754 754 754 754 754 754 754 754 744 988 988 988 988 988 988 988 988 988 988 936 936 936 936 936 936 936
754 754 754 754 754 754 754 754 754 754 754 754 754 754 754 754 754 754 754 754 754 754 754 754 754 754 754 754 754 754 754 754 754 754 754 754 754 754 754 754 754 754 754 754 754 754 754 754 754 754 754 754 754 754 754 754 754 754 754 754 754 754 754 754 754 754 754 754 754 754 754 754 754 754 754 744 744 988 988 988 988 988 988 988 988 988 988 936 936 936 936 936 936 936
754 754 754 754 754 754 754 754 754 754 754 754 754 754 754 754 754 754 754 754 754 754 754 754 754 754 754 754 754 754 754 754 754 754 754 754 754 754 754 754 754 754 754 754 754 754 754 754 754 754 754 754 754 754 754 754 754 754 754 754 754 754 754 754 754 754 754 754 754 754 754 754 754 754 744 744 744 744 988 988 988 988 988 988 988 988 988 936 936 936 936 936 936 936
754 754 754 754 754 754 754 754 754 754 754 754 754 754 754 754 754 754 754 754 754 754 754 754 754 754 754 754 754 754 754 754 754 754 754 754 754 754 754 754 754 754 754 754 754 754 754 754 754 754 754 754 754 754 754 754 754 754 754 754 754 754 754 754 754 754 754 754 754 754 754 754 754 744 744 744 744 744 988 988 988 988 988 988 988 988 988 936 936 936 936 936 936 936
754 754 754 754 754 754 754 754 754 754 754 754 754 754 754 754 754 754 754 754 754 754 754 754 754 754 754 754 754 754 754 754 754 754 754 754 754 754 754 754 754 754 754 754 754 754 754 754 754 754 754 754 754 754 754 754 754 754 754 754 754 754 754 754 754 754 754 754 754 754 754 754 744 744 744 744 744 744 988 988 988 988 988 988 988 988 936 936 936 936 936 936 936 936
754 754 754 754 754 754 754 754 754 754 754 754 754 754 754 754 754 754 754 754 754 754 754 754 754 754 754 754 754 754 754 754 754 754 754 754 754 754 754 754 754 754 754 754 754 754 754 754 754 754 754 754 754 754 754 754 754 754 754 754 754 754 754 754 754 754 754 754 754 754 754 744 744 744 744 744 744 744 744 988 988 988 988 988 988 988 936 936 936 936 936 936 936 936
755 755 755 755 755 755 755 755 755 755 755 755 755 755 754 754 754 754 754 754 754 754 754 754 754 754 754 754 754 754 754 754 754 754 754 754 754 754 754 754 754 754 754 754 754 754 754 754 754 754 754 754 754 754 754 754 754 754 754 754 754 754 754 754 754 754 754 754 754 754 744 744 744 744 744 744 744 744 744 988 988 988 988 988 988 988 936 936 936 936 936 936 936 936
755 756 756 756 756 756 756 756 756 756 756 756 755 755 755 755 755 755 755 755 755 755 755 755 755 755 755 755 754 754 754 754 754 754 754 754 754 754 754 754 754 754 754 754 754 754 754 754 754 754 754 754 754 754 754 754 754 754 754 754 754 754 754 754 754 754 754 754 754 744 744 744 744 744 744 744 744 744 744 988 988 988 988 988 988 988 936 936 936 936 936 936 936 936
756 756 756 756 756 756 757 756 756 756 756 756 756 756 756 756 756 756 756 756 756 756 756 756 756 756 756 755 755 755 755 755 755 755 755 755 754 754 754 754 754 754 754 754 754 754 754 754 754 754 754 754 754 754 754 754 754 754 754 754 754 754 754 754 754 754 754 754 744 744 744 744 744 744 744 744 744 744 744 988 988 988 988 988 988 988 936 936 936 936 936 936 936 936
757 757 757 757 757 757 757 757 757 757 757 757 757 757 757 757 757 757 757 757 757 757 757 757 757 757 756 756 756 756 756 756 756 756 756 755 755 755 755 755 755 755 754 754 754 754 754 754 754 754 754 754 754 754 754 754 754 754 754 754 754 754 754 754 754 754 754 744 744 744 744 744 744 744 744 744 744 744 744 744 988 988 988 988 988 988 936 936 936 936 936 936 936 936
758 758 758 758 758 758 758 758 758 758 758 758 758 758 758 758 758 758 758 758 758 758 758 758 758 757 757 757 757 757 757 757 757 757 756 756 756 756 756 756 756 755 755 755 755 755 755 754 754 754 754 754 754 754 754 754 754 754 754 754 754 754 754 754 754 754 744 744 744 744 744 744 744 744 744 744 744 744 744 744 988 988 988 988 988 936 936 936 936 936 936 936 936 936
759 759 759 759 759 759 759 759 759 759 759 759 759 759 759 759 759 759 759 759 759 759 759 759 759 758 758 758 758 758 758 758 758 758 757 757 757 757 757 757 757 756 756 756 756 756 755 755 755 755 755 754 754 754 754 754 754 754 754 754 754 754 754 754 754 744 744 744 744 744 744 744 744 744 744 744 744 744 744 744 988 988 988 988 988 936 936 936 936 936 936 936 936 936
760 760 760 760 760 760 760 760 760 760 760 760 760 760 760 760 760 760 760 760 760 760 760 760 759 759 759 759 759 759 759 759 759 758 758 758 758 758 758 758 757 757 757 757 757 757 756 756 756 756 756 755 755 755 755 754 754 754 754 754 754 754 754 754 744 744 744 744 744 744 744 744 744 744 744 744 744 744 744 744 744 988 988 988 988 936 936 936 936 936 936 936 936 936
761 761 761 761 761 761 761 761 761 761 761 761 761 761 761 761 761 761 761 761 761 761 761 760 760 760 760 760 760 760 760 760 760 759 759 759 759 759 759 759 758 758 758 758 758 757 757 757 757 757 756 756 756 756 756 755 755 755 755 754 754 754 754 744 744 744 744 744 744 744 744 744 744 744 744 744 744 744 744 744 744 988 988 988 988 936 936 936 936 936 936 936 936 936
762 762 762 762 762 762 762 762 762 762 762 762 762 762 762 762 762 762 762 762 762 762 761 761 761 761 761 761 761 761 761 761 760 760 760 760 760 760 760 759 759 759 759 759 759 758 758 758 758 758 757 757 757 757 757 756 756 756 756 755 755 745 745 744 744 744 744 744 744 744 744 744 744 744 744 744 744 744 744 744 744 988 988 988 988 936 936 936 936 936 936 936 936 936
763 763 763 763 763 763 763 763 763 763 763 763 763 763 763 763 763 763 763 763 763 762 762 762 762 762 762 762 762 762 762 761 761 761 761 761 761 761 761 760 760 760 760 760 759 759 759 759 759 759 758 758 758 758 757 757 757 757 756 756 746 746 745 745 745 745 744 744 744 744 744 744 744 744 744 744 744 744 744 744 744 744 988 988 936 936 936 936 936 936 936 936 936 936
764 764 764 764 764 764 764 764 764 764 764 764 764 764 764 764 764 764 764 764 763 763 763 763 763 763 763 763 763 763 763 762 762 762 762 762 762 762 761 761 761 761 761 761 760 760 760 760 760 759 759 759 759 759 758 758 758 758 757 747 747 747 746 746 746 746 745 745 745 744 744 744 744 744 744 744 744 744 744 744 744 744 988 988 936 936 936 936 936 936 936 936 936 936
765 765 765 765 765 765 765 765 765 765 765 765 765 765 765 765 765 765 764 764 764 764 764 764 764 764 764 764 764 764 763 763 763 763 763 763 763 762 762 762 762 762 762 761 761 761 761 761 761 760 760 760 760 759 759 759 759 759 748 748 748 748 747 747 747 746 746 746 746 745 745 745 744 744 744 744 744 744 744 744 744 744 744 988 936 936 936 936 936 936 936 936 936 936
766 766 766 766 766 766 766 766 766 766 766 766 766 766 766 766 766 765 765 765 765 765 765 765 765 765 765 765 765 764 764 764 764 764 764 764 764 763 763 763 763 763 763 762 762 762 762 762 761 761 761 761 761 760 760 760 760 749 749 749 749 748 748 748 748 747 747 747 746 746 746 746 745 745 745 744 744 744 744 744 744 744 744 988 936 936 936 936 936 936 936 936 936 936
767 767 767 767 767 767 767 767 767 767 767 767 767 767 767 767 766 766 766 766 766 766 766 766 766 766 766 766 766 765 765 765 765 765 765 765 764 764 764 764 764 764 763 763 763 763 763 763 762 762 762 762 761 761 761 761 751 750 750 750 750 749 749 749 748 748 748 748 747 747 747 746 746 746 745 745 745 744 744 744 744 744 744 988 936 936 936 936 936 936 936 936 936 936
768 768 768 768 768 768 768 768 768 768 768 768 768 768 767 767 767 767 767 767 767 767 767 767 767 767 767 767 766 766 766 766 766 766 766 766 765 765 765 765 765 765 764 764 764 764 764 763 763 763 763 763 762 762 752 752 751 751 751 751 750 750 750 750 749 749 749 748 748 748 748 747 747 747 746 746 746 745 745 745 744 744 744 692 936 936 936 936 936 936 936 936 936 936
768 769 769 769 769 769 769 769 769 769 769 769 768 768 768 768 768 768 768 768 768 768 768 768 768 768 768 767 767 767 767 767 767 767 767 766 766 766 766 766 766 765 765 765 765 765 765 764 764 764 764 764 763 753 753 753 752 752 752 752 751 751 751 751 750 750 750 749 749 749 748 748 748 748 747 747 747 746 746 746 745 745 744 692 936 936 936 936 936 936 936 936 936 936
769 769 769 769 769 769 770 769 769 769 769 769 769 769 769 769 769 769 769 769 769 769 769 769 769 769 768 768 768 768 768 768 768 768 768 767 767 767 767 767 767 766 766 766 766 766 765 765 765 765 765 764 754 754 754 753 753 753 753 752 752 752 752 751 751 751 751 750 750 750 749 749 749 748 748 748 747 747 747 746 746 746 745 693 937 936 936 936 936 936 936 936 936 936
770 770 770 770 770 770 770 770 770 770 770 770 770 770 770 770 770 770 770 770 770 770 770 770 770 770 769 769 769 769 769 769 769 769 768 768 768 768 768 768 767 767 767 767 767 767 766 766 766 766 766 755 755 755 755 754 754 754 754 753 753 753 753 752 752 752 751 751 751 751 750 750 750 749 749 749 748 748 748 747 747 747 746 694 693 937 937 936 936 936 936 936 936 936
771 771 771 771 771 771 771 771 771 771 771 771 771 771 771 771 771 771 771 771 771 771 771 771 771 770 770 770 770 770 770 770 770 769 769 769 769 769 769 769 768 768 768 768 768 767 767 767 767 767 756 756 756 756 756 755 755 755 755 754 754 754 753 753 753 753 752 752 752 751 751 751 750 750 750 749 749 749 748 748 748 747 695 695 694 938 938 937 937 936 936 936 936 936
772 772 772 772 772 772 772 772 772 772 772 772 772 772 772 772 772 772 772 772 772 772 772 772 771 771 771 771 771 771 771 771 771 770 770 770 770 770 770 769 769 769 769 769 769 768 768 768 758 758 757 757 757 757 756 756 756 756 755 755 755 755 754 754 754 753 753 753 753 752 752 752 751 751 751 750 750 750 749 749 749 748 696 696 695 695 938 938 938 937 937 936 936 936
773 773 773 773 773 773 773 773 773 773 773 773 773 773 773 773 773 773 773 773 773 773 773 772 772 772 772 772 772 772 772 772 771 771 771 771 771 771 771 770 770 770 770 770 769 769 769 759 759 758 758 758 758 758 757 757 757 757 756 756 756 756 755 755 755 754 754 754 753 753 753 753 752 752 752 751 751 751 750 750 749 749 697 696 696 696 939 939 939 938 938 937 937 937
774 774 774 774 774 774 774 774 774 774 774 774 774 774 774 774 774 774 774 774 774 774 773 773 773 773 773 773 773 773 773 773 772 772 772 772 772 772 771 771 771 771 771 771 770 770 760 760 760 759 759 759 759 758 758 758 758 757 757 757 757 756 756 756 756 755 755 755 754 754 754 753 753 753 752 752 752 751 751 751 750 750 698 697 697 697 940 940 939 939 939 938 938 937
775 775 775 775 775 775 775 775 775 775 775 775 775 775 775 775 775 775 775 775 775 774 774 774 774 774 774 774 774 774 774 773 773 773 773 773 773 773 772 772 772 772 772 771 771 761 761 761 760 760 760 760 760 759 759 759 759 758 758 758 758 757 757 757 756 756 756 756 755 755 755 754 754 754 753 753 753 752 752 752 751 751 698 698 698 697 697 941 940 940 939 939 939 938
776 776 776 776 776 776 776 776 776 776 776 776 776 776 776 776 776 776 776 776 775 775 775 775 775 775 775 775 775 775 774 774 774 774 774 774 774 773 773 773 773 773 773 762 762 762 762 762 761 761 761 761 760 760 760 760 759 759 759 759 758 758 758 758 757 757 757 756 756 756 755 755 755 754 754 754 753 753 753 752 752 700 699 699 699 698 698 941 941 941 940 940 939 939
777 777 777 777 777 777 777 777 777 777 777 777 777 777 777 777 777 777 777 776 776 776 776 776 776 776 776 776 776 776 775 775 775 775 775 775 775 774 774 774 774 774 764 763 763 763 763 763 762 762 762 762 761 761 761 761 760 760 760 760 759 759 759 758 758 758 758 757 757 757 756 756 756 755 755 755 754 754 754 753 753 701 700 700 699 699 699 698 942 941 941 941 940 940
778 778 778 778 778 778 778 778 778 778 778 778 778 778 778 778 778 778 777 777 777 777 777 777 777 777 777 777 777 776 776 776 776 776 776 776 775 775 775 775 775 765 764 764 764 764 764 763 763 763 763 763 762 762 762 762 761 761 761 760 760 760 760 759 759 759 758 758 758 758 757 757 757 756 756 756 755 755 754 754 754 701 701 701 700 700 700 699 943 942 942 942 941 941
779 779 779 779 779 779 779 779 779 779 779 779 779 779 779 779 779 778 778 778 778 778 778 778 778 778 778 778 777 777 777 777 777 777 777 777 776 776 776 766 766 766 765 765 765 765 765 764 764 764 764 763 763 763 763 762 762 762 762 761 761 761 761 760 760 760 759 759 759 758 758 758 757 757 757 756 756 756 755 755 755 702 702 702 701 701 700 700 944 943 943 942 942 942
