testData/tiles/oneDegree/grid22.0-30.0-23.0-31.0.asc
ncols   200
nrows   200
xllcorner   22.0
yllcorner   30.0
cellsize   0.005
NODATA_value   -9999.0
[rows 84 to 125 of 200, columns 0 to 93 of 200]
700 699 699 699 699 699 699 698 699 699 699 699 699 699 699 700 699 699 700 702 702 703 705 706 706 707 709 710 711 841 843 844 844 845 847 848 848 849 850 852 852 852 853 853 854 855 856 855 857 858 858 858 859 861 861 861 862 862 863 864 864 864 865 865 866 867 867 867 868 867 869 870 869 870 870 870 870 872 871 872 871 872 874 873 875 875 874 876 875 876 876 877 877 878
700 699 700 699 699 700 699 698 698 699 699 699 699 699 699 700 699 699 699 699 699 698 699 699 699 699 701 702 704 834 836 837 838 838 840 841 842 842 843 844 844 845 846 848 847 848 849 848 850 851 852 852 852 854 854 855 855 855 857 857 857 858 859 858 860 861 860 861 861 861 863 863 863 864 864 864 864 866 865 866 866 866 867 867 869 869 869 870 870 870 870 871 871 872
700 700 700 699 699 700 699 699 698 699 699 699 699 699 699 700 700 699 699 699 699 698 698 699 699 698 699 699 699 828 829 829 829 829 832 833 834 834 835 837 838 837 838 840 839 840 841 842 843 844 844 844 845 847 847 847 848 848 850 851 851 851 852 852 853 854 854 854 855 855 856 857 857 857 858 857 858 859 859 859 860 860 860 862 861 863 862 864 864 864 864 864 865 867
700 700 700 700 699 700 700 699 698 699 699 699 700 699 699 700 700 699 699 699 699 699 698 699 699 699 699 699 699 829 829 829 829 828 829 829 829 828 828 829 829 829 830 832 832 832 833 834 835 836 837 836 837 839 840 840 841 841 842 843 844 844 844 845 846 846 847 847 848 848 849 850 850 850 851 851 851 852 852 853 853 853 853 855 854 856 856 856 858 857 858 858 859 860
700 700 701 700 699 700 700 699 699 699 699 699 700 699 699 700 700 700 699 700 699 699 698 699 699 699 699 699 699 829 829 829 829 829 828 829 829 829 828 829 829 828 828 829 829 827 827 827 827 827 828 829 829 831 832 831 832 833 834 835 836 835 836 837 838 839 839 839 840 841 841 842 843 842 843 844 843 845 846 845 846 846 846 847 847 849 849 849 851 850 851 851 851 852
583 583 584 583 582 699 700 700 699 699 699 699 700 700 699 699 700 700 699 700 699 699 698 699 699 699 698 699 699 829 828 829 829 829 828 829 829 829 828 829 829 829 828 829 829 827 827 827 828 827 827 827 826 827 827 826 826 826 825 826 827 828 828 828 830 830 831 832 831 832 833 834 834 834 835 836 835 837 838 837 838 839 838 839 840 841 842 841 842 844 843 844 843 845
583 583 584 584 583 582 583 583 582 583 582 582 583 700 699 699 700 700 699 700 700 699 699 699 699 699 699 699 699 829 829 829 829 829 829 829 829 829 828 829 829 829 828 828 829 828 827 827 828 827 827 827 826 827 827 827 826 826 826 826 826 826 825 825 826 825 825 825 824 824 824 825 825 826 826 827 828 827 829 829 829 830 830 830 831 833 833 833 834 835 835 835 835 837
583 583 583 584 583 582 583 583 582 583 582 582 583 583 583 582 583 583 583 583 583 699 699 699 699 699 699 699 699 829 829 829 829 829 829 829 829 829 829 829 829 829 828 828 829 829 827 827 828 827 827 827 827 827 827 827 826 826 826 826 826 826 825 825 825 825 825 825 824 824 824 824 824 824 823 823 823 822 823 823 822 822 821 821 822 824 824 824 825 826 826 827 827 827
584 583 583 584 584 583 583 583 583 583 582 582 583 583 583 582 583 583 583 583 583 582 582 582 582 582 582 582 582 712 829 829 829 829 829 829 829 829 829 829 829 829 829 828 829 829 828 827 827 828 827 827 827 826 827 827 826 826 826 826 826 826 825 825 825 825 825 825 824 824 824 824 824 824 823 823 823 822 823 823 822 822 822 821 821 822 822 822 821 821 821 821 821 820
584 583 583 584 584 583 583 583 583 583 583 582 583 583 583 582 583 583 583 584 583 583 582 583 582 582 582 583 582 582 712 713 712 712 712 713 712 712 712 829 829 829 829 828 829 829 828 827 827 828 827 827 827 826 827 827 826 826 826 827 826 826 826 825 825 826 825 825 825 824 824 825 824 824 824 823 823 822 823 823 822 822 822 821 821 820 822 822 821 821 822 821 821 820
584 584 583 584 584 583 584 583 583 584 583 582 583 583 583 583 583 583 583 584 583 583 582 583 582 582 582 583 582 582 712 713 712 712 712 713 712 712 712 713 712 712 712 711 712 712 712 710 710 828 827 827 827 826 827 827 827 826 826 827 826 826 826 825 825 826 825 825 825 824 824 825 824 824 824 823 823 823 823 823 822 822 822 821 821 821 822 822 821 821 821 821 821 820
584 584 583 584 584 584 584 583 583 584 583 583 582 583 583 583 583 583 583 583 583 583 582 583 582 582 582 583 583 582 712 713 712 712 712 713 712 712 712 712 712 712 712 712 712 712 712 711 710 711 710 710 710 710 710 710 710 709 709 710 826 826 826 825 825 826 825 825 825 824 824 825 824 824 824 823 823 823 823 823 823 822 822 821 821 821 821 822 822 821 821 821 821 821
584 584 584 584 584 584 584 583 583 584 583 583 582 583 583 583 583 583 583 583 584 583 583 583 583 582 582 583 583 582 712 713 713 712 712 713 713 712 712 712 712 712 712 712 712 712 712 711 710 711 711 710 710 710 710 710 710 709 709 710 709 709 709 709 708 709 709 708 708 708 707 707 707 824 824 823 823 823 823 823 823 822 822 822 821 821 821 822 822 821 821 821 821 821
584 584 584 584 584 584 585 584 583 584 584 583 582 583 583 583 584 583 583 583 584 583 583 583 583 582 582 583 583 582 712 713 713 712 712 713 713 712 712 712 713 712 712 712 712 712 712 712 711 711 711 710 710 710 710 710 710 710 709 709 710 709 709 709 708 709 709 708 708 708 707 707 708 707 707 707 706 706 705 706 706 705 705 705 704 704 704 705 822 821 821 821 821 821
584 584 584 584 584 584 585 584 583 583 584 583 583 583 583 583 584 583 583 583 584 583 583 582 583 583 582 583 583 583 712 713 713 712 712 712 713 712 712 712 713 712 712 712 712 712 712 712 711 711 711 710 710 710 711 710 710 710 709 709 710 709 709 709 708 708 709 708 708 708 707 707 708 707 707 707 706 706 706 706 706 705 705 705 704 704 704 704 705 704 704 704 704 704
584 584 584 585 584 584 585 585 583 583 584 584 583 583 583 583 584 583 583 583 584 584 583 583 583 583 582 582 583 583 712 712 713 713 712 712 713 713 712 712 713 712 712 712 712 712 712 712 711 711 711 711 710 710 710 710 710 710 709 709 710 709 709 709 708 708 709 708 708 708 707 707 708 707 707 707 706 706 706 706 706 706 705 705 704 704 704 704 705 704 704 704 703 704
584 584 584 585 584 584 585 585 584 583 584 584 583 583 583 583 583 584 583 583 584 584 583 583 583 583 582 582 583 583 712 712 713 713 712 712 713 713 712 712 713 712 712 712 712 712 712 712 712 711 711 711 710 710 710 710 710 710 709 709 710 710 709 709 709 708 709 709 708 708 708 707 708 708 707 707 706 706 706 706 706 706 705 705 705 704 704 704 704 705 704 704 703 704
584 584 584 585 584 584 584 585 585 583 584 584 583 584 583 583 583 584 583 583 584 584 583 583 583 583 583 582 583 583 713 712 713 713 712 712 713 713 712 712 713 713 712 712 712 712 712 712 712 711 711 711 710 710 710 710 710 710 710 709 710 710 709 709 709 708 709 709 708 708 708 707 708 708 707 707 707 706 706 706 706 706 705 705 705 704 704 704 704 705 704 704 703 703
584 584 584 584 585 584 584 585 585 584 584 584 584 584 583 583 583 584 584 583 584 584 584 583 584 583 583 582 583 583 713 712 713 713 713 712 713 713 712 712 713 713 712 712 712 713 712 712 712 711 712 711 710 710 710 711 710 710 710 709 710 710 709 709 709 708 709 709 708 708 708 707 707 708 707 707 707 706 706 706 706 706 705 705 705 704 704 704 704 704 704 704 704 703
583 584 584 584 585 584 584 585 585 584 584 584 584 584 583 583 583 584 584 583 584 584 584 583 584 583 583 582 583 583 583 712 713 713 713 712 713 713 713 712 712 713 712 712 712 713 712 712 712 711 712 711 711 710 710 711 710 710 710 709 709 710 709 709 709 708 708 709 708 708 708 707 707 708 707 707 707 706 706 706 706 706 706 705 705 704 704 704 704 704 704 704 704 703
584 584 584 584 585 585 584 585 585 585 584 584 584 583 584 583 583 584 584 583 583 584 584 583 584 583 583 582 583 583 583 712 713 713 713 712 713 713 713 712 712 713 713 712 712 713 712 712 712 712 712 711 711 710 710 711 710 710 710 709 709 710 710 709 709 709 708 709 709 708 708 708 707 708 708 707 707 706 706 706 706 706 706 705 705 704 704 704 704 704 705 704 704 703
584 584 584 584 585 585 584 585 585 585 585 584 584 583 584 583 583 584 584 584 583 584 584 584 584 583 583 583 583 583 583 713 713 713 713 713 713 713 713 712 712 713 713 712 712 713 712 712 712 712 712 712 711 710 710 711 711 710 710 710 709 710 710 709 709 709 708 709 709 708 708 708 707 708 708 707 707 707 706 706 706 706 706 705 705 705 704 704 704 704 704 704 704 703
584 584 584 584 585 585 584 585 585 585 586 584 584 584 584 583 583 584 584 584 583 584 584 584 583 584 583 583 583 583 583 713 713 713 713 713 712 713 713 713 712 713 713 712 712 712 713 712 712 712 711 712 711 711 710 710 711 710 710 710 709 710 710 709 709 709 708 709 709 708 708 708 707 707 708 707 707 707 706 706 706 706 706 705 705 705 704 704 704 704 704 704 704 704
584 585 584 584 585 585 585 585 585 585 585 584 584 584 584 584 583 584 584 584 583 584 584 584 583 584 583 583 582 583 583 713 712 713 713 713 712 713 713 713 712 713 713 712 712 712 713 712 712 712 711 712 712 711 710 710 711 710 710 710 709 710 710 709 709 709 708 709 709 708 708 708 707 707 708 707 707 707 706 706 706 706 706 705 705 705 704 704 704 704 704 703 704 704
584 585 584 584 585 585 585 585 585 585 585 586 584 584 584 584 583 584 584 584 583 584 584 584 584 584 583 583 583 583 583 713 713 713 713 713 712 713 713 713 712 713 713 713 712 712 713 712 712 712 712 712 712 711 710 710 711 710 710 710 710 709 710 710 709 709 709 708 709 709 708 708 708 707 708 707 707 707 706 706 706 706 706 706 705 705 704 704 704 704 704 704 704 704
585 585 585 584 585 585 585 585 585 585 585 586 584 584 585 584 583 583 584 584 584 584 584 584 584 584 583 583 583 583 583 713 713 713 713 713 713 713 713 713 712 712 713 713 712 712 713 713 712 712 712 712 712 711 710 710 711 711 710 710 710 709 710 710 709 709 709 708 709 709 708 708 708 707 708 708 707 707 706 706 706 706 706 706 705 705 705 704 704 703 704 704 703 704
585 585 585 584 585 585 585 585 585 585 585 586 584 584 585 584 584 583 584 584 584 584 584 584 584 584 584 583 583 583 583 713 713 713 713 713 713 713 713 713 713 712 713 713 712 712 713 713 712 712 712 712 712 712 711 710 711 711 710 710 710 709 710 710 709 709 709 708 709 709 708 708 708 707 708 708 707 707 707 706 706 705 706 706 705 705 705 704 704 703 704 704 703 704
585 585 585 584 584 585 585 585 585 585 585 586 586 584 585 584 584 583 584 584 584 583 584 584 584 585 584 583 583 584 583 713 713 713 713 713 713 713 713 713 713 712 713 713 713 712 712 713 712 712 712 712 712 712 711 710 710 711 710 710 710 709 710 710 709 709 709 708 709 709 708 708 708 707 707 708 707 707 707 706 706 706 706 706 705 705 705 704 704 704 704 704 703 703
585 584 585 585 584 585 585 585 585 585 585 586 586 584 584 584 584 583 584 584 584 584 584 584 584 585 584 583 583 584 583 583 713 714 713 713 713 713 713 713 713 712 713 713 713 712 712 713 712 712 712 712 712 712 711 710 710 711 710 710 710 709 710 710 710 709 709 709 709 709 709 708 708 707 707 708 707 707 707 706 706 706 706 706 706 705 705 704 704 704 703 704 703 703
585 585 585 585 584 585 585 585 586 585 585 586 586 585 584 584 584 584 584 584 584 584 584 584 584 584 584 583 583 584 583 583 713 713 713 713 713 713 713 713 713 712 713 713 713 712 712 713 713 712 712 712 712 712 712 710 710 711 711 710 710 710 709 710 710 709 709 709 708 709 709 708 708 708 707 708 708 707 707 706 706 706 705 706 706 705 705 704 704 704 703 704 704 733
585 585 585 585 584 585 585 585 586 585 585 586 586 586 584 585 584 584 584 584 584 584 584 584 584 584 584 583 583 583 583 583 713 713 713 713 713 713 713 713 713 713 713 713 713 712 712 713 713 712 712 712 712 712 712 711 710 711 711 710 710 710 709 710 710 709 709 709 708 709 709 708 708 708 707 707 708 707 707 707 706 706 705 706 706 705 705 705 704 704 703 734 734 733
585 585 585 585 585 585 585 585 586 585 585 585 586 586 584 585 584 584 583 584 584 584 585 584 584 584 585 584 583 583 584 583 713 713 714 713 713 713 713 713 713 713 712 713 713 713 712 713 713 712 712 712 712 712 712 711 710 711 711 710 710 710 709 710 710 709 709 709 708 709 709 708 708 708 707 707 708 707 707 707 706 706 706 706 706 705 705 705 704 704 733 733 734 733
585 585 585 585 585 585 585 585 586 586 585 585 586 586 585 585 584 584 584 584 584 584 585 584 584 584 585 584 583 583 584 583 713 713 714 713 713 713 714 713 713 713 712 713 713 713 712 713 713 712 712 712 713 712 712 712 710 710 711 710 710 710 709 710 710 709 709 709 708 709 709 708 708 708 707 707 708 707 707 707 706 706 706 705 706 705 705 705 734 734 734 733 734 736
585 585 586 585 585 585 585 585 585 586 585 585 586 586 585 585 584 584 584 584 584 584 585 584 584 584 585 584 583 583 584 583 713 713 714 713 713 713 713 713 713 713 712 713 713 713 712 712 713 713 712 712 712 712 712 712 710 710 711 710 710 710 710 709 710 710 709 709 709 708 709 709 708 708 708 707 708 707 707 707 706 706 706 705 706 706 705 735 734 734 734 735 739 741
586 585 586 585 585 584 585 585 585 586 585 585 586 586 586 585 584 584 584 584 584 584 584 584 584 584 585 584 583 583 584 583 713 713 714 713 713 713 713 713 713 713 713 713 713 713 712 712 713 713 712 712 712 712 712 712 710 710 711 711 710 710 710 709 710 710 709 709 709 708 709 709 708 708 708 707 707 708 707 707 706 706 706 705 706 736 735 735 734 734 738 740 742 746
586 585 585 585 585 585 585 585 585 586 585 585 586 586 586 585 585 584 584 584 584 584 584 585 584 584 584 585 583 583 583 584 583 713 713 714 713 713 713 713 713 713 713 713 713 713 713 712 713 713 712 712 712 712 712 712 712 710 711 711 710 710 710 709 710 710 709 709 709 708 709 709 708 708 708 707 707 708 707 707 707 706 706 735 735 736 735 735 737 739 742 744 746 750
586 585 585 585 585 585 585 585 585 586 586 585 586 586 586 585 585 584 584 585 584 584 584 585 584 584 584 585 583 583 583 584 583 713 713 714 713 713 713 714 713 713 713 712 713 713 713 712 713 713 712 712 712 713 712 712 712 710 710 711 710 710 710 709 710 710 709 709 709 708 708 709 708 708 708 707 707 708 707 707 707 706 736 735 735 736 736 739 742 744 746 748 750 752
586 585 585 585 585 585 585 585 585 586 586 585 585 586 586 586 586 584 584 585 584 584 584 585 584 584 584 585 584 583 583 584 583 713 713 714 713 713 713 714 713 713 713 712 713 713 713 712 712 713 712 712 712 712 712 712 712 710 710 711 710 710 710 709 709 710 710 709 709 709 708 709 708 708 708 707 707 707 707 707 737 736 736 736 735 739 741 744 746 748 750 752 753 755
586 586 585 586 585 585 586 585 585 586 586 585 585 586 586 586 586 584 584 584 584 584 584 585 584 584 584 585 584 583 583 584 583 713 713 714 713 713 713 713 713 713 713 713 713 713 713 712 712 713 713 712 712 712 712 712 712 711 710 711 711 710 710 710 709 710 710 709 709 709 708 709 709 708 708 708 707 707 707 737 737 736 736 737 740 743 746 748 750 751 754 756 757 759
586 586 585 586 585 585 586 585 585 585 586 586 585 586 586 586 586 584 584 584 584 584 584 584 585 584 584 585 585 583 583 584 584 713 713 714 714 713 713 713 713 713 713 713 713 713 713 712 712 713 713 712 712 712 712 712 712 712 710 711 711 710 710 710 709 710 710 709 709 709 708 709 709 708 708 708 707 737 738 737 737 736 739 742 744 747 750 751 754 755 757 759 760 761
586 586 585 586 585 585 586 585 585 585 586 586 585 586 586 586 586 585 584 584 585 584 584 584 585 584 584 584 585 583 583 584 584 713 713 713 714 713 713 713 713 713 713 713 713 713 713 713 712 713 713 712 712 712 712 712 712 712 710 710 711 710 710 710 709 710 710 709 709 709 708 708 709 708 708 708 737 737 737 737 739 742 744 747 748 750 754 755 757 759 760 762 762 764
586 586 586 585 585 585 585 585 585 585 586 586 585 586 586 586 586 586 584 584 585 584 584 584 585 584 584 584 585 583 583 583 584 713 713 713 714 713 713 713 714 713 713 713 712 713 713 713 712 712 713 712 712 712 712 712 712 712 711 710 711 710 710 710 709 709 710 709 709 709 708 708 709 708 738 738 737 737 737 740 743 746 748 750 752 754 756 758 760 762 763 764 765 767
