testData/tiles/oneDegree/grid29.0-29.0-30.0-30.0.asc
ncols   200
nrows   200
xllcorner   29.0
yllcorner   29.0
cellsize   0.005
NODATA_value   -9999.0
[rows 52 to 103 of 200, columns 0 to 95 of 200]
158 157 157 156 155 155 154 153 153 152 151 150 149 148 148 147 146 145 144 143 142 141 139 138 137 136 135 133 132 131 131 131 131 131 131 131 131 131 131 131 131 131 131 131 131 78 78 78 78 78 78 78 78 78 78 78 78 78 78 78 78 78 78 78 78 78 78 78 78 78 78 78 78 78 98 98 98 98 98 98 98 98 98 98 98 98 98 98 98 98 98 98 98 98 98 98
158 157 156 156 155 155 154 153 152 152 151 150 149 148 148 147 146 145 144 143 142 141 139 138 137 136 134 133 132 131 131 131 131 131 131 131 131 131 131 131 131 131 131 131 131 78 78 78 78 78 78 78 78 78 78 78 78 78 78 78 78 78 78 78 78 78 78 78 78 78 78 78 78 78 78 78 78 98 98 98 98 98 98 98 98 98 98 98 98 98 98 98 98 98 98 98
158 157 156 156 155 154 154 153 152 152 151 150 149 148 147 146 146 145 144 143 141 140 139 138 137 136 134 133 131 131 131 131 131 131 131 131 131 131 131 131 131 131 131 131 131 78 78 78 78 78 78 78 78 78 78 78 78 78 78 78 78 78 78 78 78 78 78 78 78 78 78 78 78 78 78 78 78 78 78 78 98 98 98 98 98 98 98 98 98 98 98 98 98 98 98 98
157 157 156 156 155 154 154 153 152 151 151 150 149 148 147 146 145 144 143 142 141 140 139 138 137 135 134 133 131 131 131 131 131 131 131 131 131 131 131 131 131 131 131 131 131 78 78 78 78 78 78 78 78 78 78 78 78 78 78 78 78 78 78 78 78 78 78 78 78 78 78 78 78 78 78 78 78 78 78 78 78 78 78 98 98 98 98 98 98 98 98 98 98 98 98 98
157 157 156 156 155 154 154 153 152 151 151 150 149 148 147 146 145 144 143 142 141 140 139 138 137 135 134 133 131 131 131 131 131 131 131 131 131 131 131 131 131 131 131 131 131 78 78 78 78 78 78 78 78 78 78 78 78 78 78 78 78 78 78 78 78 78 78 78 78 78 78 78 78 78 78 78 78 78 78 78 78 78 78 78 78 78 98 98 98 98 98 98 98 98 98 98
157 157 156 155 155 154 153 153 152 151 150 150 149 148 147 146 145 144 143 142 141 140 139 138 136 135 134 132 131 131 131 131 131 131 131 131 131 131 131 131 131 131 131 131 131 78 78 78 78 78 78 78 78 78 78 78 78 78 78 78 78 78 78 78 78 78 78 78 78 78 78 78 78 78 78 78 78 78 78 78 78 78 78 78 78 78 78 78 78 98 98 98 98 98 98 98
157 157 156 155 155 154 153 153 152 151 150 150 149 148 147 146 145 144 143 142 141 140 139 138 136 135 134 132 131 131 131 131 131 131 131 131 131 131 131 131 131 131 131 131 131 78 78 78 78 78 78 78 78 78 78 78 78 78 78 78 78 78 78 78 78 78 78 78 78 78 78 78 78 78 78 78 78 78 78 78 78 78 78 78 78 78 78 78 78 78 78 78 98 98 98 98
157 157 156 155 155 154 153 153 152 151 150 149 149 148 147 146 145 144 143 142 141 140 139 137 136 135 134 132 131 131 131 131 131 131 131 131 131 131 131 131 131 131 131 131 131 78 78 78 78 78 78 78 78 78 78 78 78 78 78 78 78 78 78 78 78 78 78 78 78 78 78 78 78 78 78 78 78 78 78 78 78 78 78 78 78 78 78 78 78 78 78 78 78 78 78 98
157 156 156 155 155 154 153 152 152 151 150 149 148 148 147 146 145 144 143 142 141 140 138 137 136 135 133 132 131 131 131 131 131 131 131 131 131 131 131 131 131 131 131 131 131 78 78 78 78 78 78 78 78 78 78 78 78 78 78 78 78 78 78 78 78 78 78 78 78 78 78 78 78 78 78 78 78 78 78 78 78 78 78 78 78 78 78 78 78 78 78 78 78 78 78 78
157 156 156 155 154 154 153 152 152 151 150 149 148 148 147 146 145 144 143 142 141 140 138 137 136 135 133 132 131 131 131 131 131 131 131 131 131 131 131 131 131 131 131 131 131 78 78 78 78 78 78 78 78 78 78 78 78 78 78 78 78 78 78 78 78 78 78 78 78 78 78 78 78 78 78 78 78 78 78 78 78 78 78 78 78 78 78 78 78 78 78 78 78 78 78 78
157 156 156 155 154 154 153 152 151 151 150 149 148 147 147 146 145 144 143 142 141 139 138 137 136 135 133 132 131 131 131 131 131 131 131 131 131 131 131 131 131 131 131 131 78 78 78 78 78 78 78 78 78 78 78 78 78 78 78 78 78 78 78 78 78 78 78 78 78 78 78 78 78 78 78 78 78 78 78 78 78 78 78 78 78 78 78 78 78 78 78 78 78 78 78 78
138 156 155 155 154 154 153 152 151 151 150 149 148 147 146 145 145 144 143 141 140 139 138 137 136 134 133 132 131 131 131 131 131 131 131 131 131 131 131 131 131 131 131 131 78 78 78 78 78 78 78 78 78 78 78 78 78 78 78 78 78 78 78 78 78 78 78 78 78 78 78 78 78 78 78 78 78 78 78 78 78 78 78 78 78 78 78 78 78 78 78 78 78 78 78 78
138 137 156 156 155 154 154 153 152 151 151 150 149 148 147 146 145 144 143 142 141 140 139 138 137 135 134 132 132 131 131 131 131 131 131 131 131 131 131 131 131 131 131 131 78 78 78 78 78 78 78 78 78 78 78 78 78 78 78 78 78 78 78 78 78 78 78 78 78 78 78 78 78 78 78 78 78 78 78 78 78 78 78 78 78 78 78 78 78 78 78 78 78 78 78 78
138 138 156 156 155 154 154 153 152 151 151 150 149 148 147 146 145 144 143 142 141 140 139 138 136 135 134 132 132 132 132 132 132 132 132 132 132 132 132 132 131 131 131 131 78 78 78 78 78 78 78 78 78 78 78 78 78 78 78 78 78 78 78 78 78 78 78 78 78 78 78 78 78 78 78 78 78 78 78 78 78 78 78 78 78 78 78 78 78 78 78 78 78 78 78 78
138 138 137 156 155 154 153 153 152 151 150 150 149 148 147 146 145 144 143 142 141 140 139 137 136 135 134 132 132 132 132 132 132 132 132 132 132 132 132 132 132 132 132 132 79 79 79 78 78 78 78 78 78 78 78 78 78 78 78 78 78 78 78 78 78 78 78 78 78 78 78 78 78 78 78 78 78 78 78 78 78 78 78 78 78 78 78 78 78 78 78 78 78 78 78 78
138 138 137 136 155 154 153 153 152 151 150 150 149 148 147 146 145 144 143 142 141 140 139 137 136 135 133 132 132 132 132 132 132 132 132 132 132 132 132 132 132 132 132 132 79 79 79 79 79 79 79 79 79 78 78 78 78 78 78 78 78 78 78 78 78 78 78 78 78 78 78 78 78 78 78 78 78 78 78 78 78 78 78 78 78 78 78 78 78 78 78 78 78 78 78 78
138 138 137 136 155 154 153 153 152 151 150 149 149 148 147 146 145 144 143 142 141 140 138 137 136 135 133 132 132 132 132 132 132 132 132 132 132 132 132 132 132 132 132 132 79 79 79 79 79 79 79 79 79 79 79 79 79 79 78 78 78 78 78 78 78 78 78 78 78 78 78 78 78 78 78 78 78 78 78 78 78 78 78 78 78 78 78 78 78 78 78 78 78 78 78 78
138 137 137 136 136 154 153 152 152 151 150 149 148 148 147 146 145 144 143 142 141 139 138 137 136 134 133 132 132 132 132 132 132 132 132 132 132 132 132 132 132 132 132 132 79 79 79 79 79 79 79 79 79 79 79 79 79 79 79 79 79 79 79 78 78 78 78 78 78 78 78 78 78 78 78 78 78 78 78 78 78 78 78 78 78 78 78 78 78 78 78 78 78 78 78 78
138 137 137 136 135 135 153 152 152 151 150 149 148 147 147 146 145 144 143 142 140 139 138 137 136 134 133 132 132 132 132 132 132 132 132 132 132 132 132 132 132 132 132 132 79 79 79 79 79 79 79 79 79 79 79 79 79 79 79 79 79 79 79 79 79 79 79 78 78 78 78 78 78 78 78 78 78 78 78 78 78 78 78 78 78 78 78 78 78 78 78 78 78 78 78 78
138 137 137 136 135 135 153 152 151 151 150 149 148 147 146 145 145 144 142 141 140 139 138 137 136 134 133 132 132 132 132 132 132 132 132 132 132 132 132 132 132 132 132 132 79 79 79 79 79 79 79 79 79 79 79 79 79 79 79 79 79 79 79 79 79 79 79 79 79 79 79 78 78 78 78 78 78 78 78 78 78 78 78 78 78 78 78 78 78 78 78 78 78 78 78 78
138 137 137 136 135 135 134 152 151 151 150 149 148 147 146 145 144 143 142 141 140 139 138 137 135 134 133 132 132 132 132 132 132 132 132 132 132 132 132 132 132 132 132 132 79 79 79 79 79 79 79 79 79 79 79 79 79 79 79 79 79 79 79 79 79 79 79 79 79 79 79 79 79 79 78 78 78 78 78 78 78 78 78 78 78 78 78 78 78 78 78 78 78 78 78 78
138 137 136 136 135 134 134 133 151 150 150 149 148 147 146 145 144 143 142 141 140 139 138 136 135 134 132 132 132 132 132 132 132 132 132 132 132 132 132 132 132 132 132 79 79 79 79 79 79 79 79 79 79 79 79 79 79 79 79 79 79 79 79 79 79 79 79 79 79 79 79 79 79 79 79 79 79 79 78 78 78 78 78 78 78 78 78 78 78 78 78 78 78 78 78 78
138 137 136 136 135 134 134 133 132 150 150 149 148 147 146 145 144 143 142 141 140 139 138 136 135 134 132 132 132 132 132 132 132 132 132 132 132 132 132 132 132 132 132 79 79 79 79 79 79 79 79 79 79 79 79 79 79 79 79 79 79 79 79 79 79 79 79 79 79 79 79 79 79 79 79 79 79 79 79 79 79 78 78 78 78 78 78 78 78 78 78 78 78 78 78 78
137 137 136 136 135 134 133 133 132 150 149 149 148 147 146 145 144 143 142 141 140 139 137 136 135 134 132 132 132 132 132 132 132 132 132 132 132 132 132 132 132 132 132 79 79 79 79 79 79 79 79 79 79 79 79 79 79 79 79 79 79 79 79 79 79 79 79 79 79 79 79 79 79 79 79 79 79 79 79 79 79 79 79 79 78 78 78 78 78 78 78 78 78 78 78 78
137 137 136 135 135 134 133 133 132 131 149 148 148 147 146 145 144 143 142 141 140 138 137 136 135 133 132 132 132 132 132 132 132 132 132 132 132 132 132 132 132 132 132 79 79 79 79 79 79 79 79 79 79 79 79 79 79 79 79 79 79 79 79 79 79 79 79 79 79 79 79 79 79 79 79 79 79 79 79 79 79 79 79 79 79 79 79 78 78 78 78 78 78 78 78 78
137 137 136 135 135 134 133 132 132 131 130 148 147 147 146 145 144 143 142 141 139 138 137 136 135 133 132 132 132 132 132 132 132 132 132 132 132 132 132 132 132 132 132 79 79 79 79 79 79 79 79 79 79 79 79 79 79 79 79 79 79 79 79 79 79 79 79 79 79 79 79 79 79 79 79 79 79 79 79 79 79 79 79 79 79 79 79 79 79 79 78 78 78 78 78 78
137 136 136 135 135 134 133 132 132 131 130 129 147 146 146 145 144 143 142 140 139 138 137 136 134 133 132 132 132 132 132 132 132 132 132 132 132 132 132 132 132 132 132 79 79 79 79 79 79 79 79 79 79 79 79 79 79 79 79 79 79 79 79 79 79 79 79 79 79 79 79 79 79 79 79 79 79 79 79 79 79 79 79 79 79 79 79 79 79 79 79 79 78 78 78 78
137 136 136 135 134 134 133 132 131 131 130 129 147 146 145 144 143 142 141 140 139 138 137 136 134 133 132 132 132 132 132 132 132 132 132 132 132 132 132 132 132 132 132 79 79 79 79 79 79 79 79 79 79 79 79 79 79 79 79 79 79 79 79 79 79 79 79 79 79 79 79 79 79 79 79 79 79 79 79 79 79 79 79 79 79 79 79 79 79 79 79 79 79 79 79 78
137 136 136 135 134 134 133 132 131 131 130 129 128 146 145 144 143 142 141 140 139 138 137 135 134 133 132 132 132 132 132 132 132 132 132 132 132 132 132 132 132 132 132 79 79 79 79 79 79 79 79 79 79 79 79 79 79 79 79 79 79 79 79 79 79 79 79 79 79 79 79 79 79 79 79 79 79 79 79 79 79 79 79 79 79 79 79 79 79 79 79 79 79 79 79 79
137 136 135 135 134 133 133 132 131 130 130 129 128 127 145 144 143 142 141 140 139 138 137 135 134 133 132 132 132 132 132 132 132 132 132 132 132 132 132 132 132 132 132 79 79 79 79 79 79 79 79 79 79 79 79 79 79 79 79 79 79 79 79 79 79 79 79 79 79 79 79 79 79 79 79 79 79 79 79 79 79 79 79 79 79 79 79 79 79 79 79 79 79 79 79 79
137 136 135 135 134 133 133 132 131 130 130 129 128 127 126 144 143 142 141 140 139 138 136 135 134 132 132 132 132 132 132 132 132 132 132 132 132 132 132 132 132 132 132 79 79 79 79 79 79 79 79 79 79 79 79 79 79 79 79 79 79 79 79 79 79 79 79 79 79 79 79 79 79 79 79 79 79 79 79 79 79 79 79 79 79 79 79 79 79 79 79 79 79 79 79 79
136 136 135 135 134 133 132 132 131 130 129 129 128 127 126 144 143 142 141 140 139 137 136 135 134 132 132 132 132 132 132 132 132 132 132 132 132 132 132 132 132 132 132 79 79 79 79 79 79 79 79 79 79 79 79 79 79 79 79 79 79 79 79 79 79 79 79 79 79 79 79 79 79 79 79 79 79 79 79 79 79 79 79 79 79 79 79 79 79 79 79 79 79 79 79 79
136 136 135 134 134 133 132 132 131 130 129 128 128 127 126 125 143 142 141 140 138 137 136 135 133 132 132 132 132 132 132 132 132 132 132 132 132 132 132 132 132 132 79 79 79 79 79 79 79 79 79 79 79 79 79 79 79 79 79 79 79 79 79 79 79 79 79 79 79 79 79 79 79 79 79 79 79 79 79 79 79 79 79 79 79 79 79 79 79 79 79 79 79 79 79 79
136 136 135 134 134 133 132 131 131 130 129 128 127 126 126 125 124 142 141 139 138 137 136 135 133 132 132 132 132 132 132 132 132 132 132 132 132 132 132 132 132 132 79 79 79 79 79 79 79 79 79 79 79 79 79 79 79 79 79 79 79 79 79 79 79 79 79 79 79 79 79 79 79 79 79 79 79 79 79 79 79 79 79 79 79 79 79 79 79 79 79 79 79 79 79 79
136 136 135 134 134 133 132 131 131 130 129 128 127 126 125 124 123 122 140 139 138 137 136 134 133 132 132 132 132 132 132 132 132 132 132 132 132 132 132 132 132 132 79 79 79 79 79 79 79 79 79 79 79 79 79 79 79 79 79 79 79 79 79 79 79 79 79 79 79 79 79 79 79 79 79 79 79 79 79 79 79 79 79 79 79 79 79 79 79 79 79 79 79 79 79 79
136 135 135 134 133 133 132 131 130 130 129 128 127 126 125 124 123 122 121 139 138 137 136 134 133 132 132 132 132 132 132 132 132 132 132 132 132 132 132 132 132 132 79 79 79 79 79 79 79 79 79 79 79 79 79 79 79 79 79 79 79 79 79 79 79 79 79 79 79 79 79 79 79 79 79 79 79 79 79 79 79 79 79 79 79 79 79 79 79 79 79 79 79 79 79 79
136 135 135 134 133 133 132 131 130 130 129 128 127 126 125 124 123 122 121 120 138 137 135 134 133 132 132 132 132 132 132 132 132 132 132 132 132 132 132 132 132 132 79 79 79 79 79 79 79 79 79 79 79 79 79 79 79 79 79 79 79 79 79 79 79 79 79 79 79 79 79 79 79 79 79 79 79 79 79 79 79 79 79 79 79 79 79 79 79 79 79 79 79 79 79 79
136 135 135 134 133 132 132 131 130 129 129 128 127 126 125 124 123 122 121 120 119 136 135 134 133 132 132 132 132 132 132 132 132 132 132 132 132 132 132 132 132 132 79 79 79 79 79 79 79 79 79 79 79 79 79 79 79 79 79 79 79 79 79 79 79 79 79 79 79 79 79 79 79 79 79 79 79 79 79 79 79 79 79 79 79 79 79 79 79 79 79 79 79 79 79 79
136 135 134 134 133 132 132 131 130 129 128 128 127 126 125 124 123 122 121 120 118 136 135 134 132 132 132 132 132 132 132 132 132 132 132 132 132 132 132 132 132 132 79 79 79 79 79 79 79 79 79 79 79 79 79 79 79 79 79 79 79 79 79 79 79 79 79 79 79 79 79 79 79 79 79 79 79 79 79 79 79 79 79 79 79 79 79 79 79 79 79 79 79 79 79 79
136 135 134 134 133 132 131 131 130 129 128 127 127 126 125 124 123 122 121 119 118 117 135 134 132 132 132 132 132 132 132 132 132 132 132 132 132 132 132 132 132 132 79 79 79 79 79 79 79 79 79 79 79 79 79 79 79 79 79 79 79 79 79 79 79 79 79 79 79 79 79 79 79 79 79 79 79 79 79 79 79 79 79 79 79 79 79 79 79 79 79 79 79 79 79 79
135 135 134 133 133 132 131 131 130 129 128 127 126 126 125 124 123 122 120 119 118 117 116 133 132 132 132 132 132 132 132 132 132 132 132 132 132 132 132 132 132 132 79 79 79 79 79 79 79 79 79 79 79 79 79 79 79 79 79 79 79 79 79 79 79 79 79 79 79 79 79 79 79 79 79 79 79 79 79 79 79 79 79 79 79 79 79 79 79 79 79 79 79 79 79 79
135 135 134 133 133 132 131 130 130 129 128 127 126 125 124 123 122 121 120 119 118 117 116 114 132 132 132 132 132 132 132 132 132 132 132 132 132 132 132 132 132 132 79 79 79 79 79 79 79 79 79 79 79 79 79 79 79 79 79 79 79 79 79 79 79 79 79 79 79 79 79 79 79 79 79 79 79 79 79 79 79 79 79 79 79 79 79 79 79 79 79 79 79 79 79 79
135 135 134 133 133 132 131 130 130 129 128 127 126 125 124 123 122 121 120 119 118 117 115 114 113 132 132 132 132 132 132 132 132 132 132 132 132 132 132 132 132 79 79 79 79 79 79 79 79 79 79 79 79 79 79 79 79 79 79 79 79 79 79 79 79 79 79 79 79 79 79 79 79 79 79 79 79 79 79 79 79 79 79 79 79 79 79 79 79 79 79 79 79 79 79 79
135 134 134 133 132 132 131 130 129 129 128 127 126 125 124 123 122 121 120 119 118 116 115 114 113 113 132 132 132 132 132 132 132 132 132 132 132 132 132 132 132 79 79 79 79 79 79 79 79 79 79 79 79 79 79 79 79 79 79 79 79 79 79 79 79 79 79 79 79 79 79 79 79 79 79 79 79 79 79 79 79 79 79 79 79 79 79 79 79 79 79 79 79 79 79 79
136 135 135 134 133 133 132 131 130 129 129 128 127 126 125 124 123 122 121 120 119 117 116 115 114 114 114 133 133 133 133 132 132 132 132 132 132 132 132 132 132 79 79 79 79 79 79 79 79 79 79 79 79 79 79 79 79 79 79 79 79 79 79 79 79 79 79 79 79 79 79 79 79 79 79 79 79 79 79 79 79 79 79 79 79 79 79 79 79 79 79 79 79 79 79 79
136 135 134 134 133 132 132 131 130 129 128 128 127 126 125 124 123 122 121 120 118 117 116 115 114 114 114 114 133 133 133 133 133 133 133 133 133 133 133 133 132 79 79 79 79 79 79 79 79 79 79 79 79 79 79 79 79 79 79 79 79 79 79 79 79 79 79 79 79 79 79 79 79 79 79 79 79 79 79 79 79 79 79 79 79 79 79 79 79 79 79 79 79 79 79 79
136 135 134 134 133 132 132 131 130 129 128 127 127 126 125 124 123 122 120 119 118 117 116 114 114 114 114 114 114 133 133 133 133 133 133 133 133 133 133 133 133 80 80 80 80 80 80 79 79 79 79 79 79 79 79 79 79 79 79 79 79 79 79 79 79 79 79 79 79 79 79 79 79 79 79 79 79 79 79 79 79 79 79 79 79 79 79 79 79 79 79 79 79 79 79 79
135 135 134 134 133 132 131 131 130 129 128 127 126 125 124 124 122 121 120 119 118 117 115 114 114 114 114 114 114 114 133 133 133 133 133 133 133 133 133 133 133 80 80 80 80 80 80 80 80 80 80 80 80 79 79 79 79 79 79 79 79 79 79 79 79 79 79 79 79 79 79 79 79 79 79 79 79 79 79 79 79 79 79 79 79 79 79 79 79 79 79 79 79 79 79 79
135 135 134 133 133 132 131 130 130 129 128 127 126 125 124 123 122 121 120 119 118 117 115 114 114 114 114 114 114 114 114 133 133 133 133 133 133 133 133 133 133 80 80 80 80 80 80 80 80 80 80 80 80 80 80 80 80 79 79 79 79 79 79 79 79 79 79 79 79 79 79 79 79 79 79 79 79 79 79 79 79 79 79 79 79 79 79 79 79 79 79 79 79 79 79 79
135 135 134 133 133 132 131 130 130 129 128 127 126 125 124 123 122 121 120 119 118 116 115 114 114 114 114 114 114 114 114 114 133 133 133 133 133 133 133 133 133 80 80 80 80 80 80 80 80 80 80 80 80 80 80 80 80 80 80 80 80 80 79 79 79 79 79 79 79 79 79 79 79 79 79 79 79 79 79 79 79 79 79 79 79 79 79 79 79 79 79 79 79 79 79 79
135 134 134 133 132 132 131 130 129 129 128 127 126 125 124 123 122 121 120 119 117 116 115 114 114 114 114 114 114 114 114 114 114 133 133 133 133 133 133 133 133 80 80 80 80 80 80 80 80 80 80 80 80 80 80 80 80 80 80 80 80 80 80 80 80 80 79 79 79 79 79 79 79 79 79 79 79 79 79 79 79 79 79 79 79 79 79 79 79 79 79 79 79 79 79 79
135 134 134 133 132 132 131 130 129 128 128 127 126 125 124 123 122 121 120 118 117 116 115 114 114 114 114 114 114 114 114 114 114 114 133 133 133 133 133 133 80 80 80 80 80 80 80 80 80 80 80 80 80 80 80 80 80 80 80 80 80 80 80 80 80 80 80 80 80 79 79 79 79 79 79 79 79 79 79 79 79 79 79 79 79 79 79 79 79 79 79 79 79 79 79 79
