testData/tiles/oneDegree/grid44.0-46.0-45.0-47.0.asc
ncols   200
nrows   200
xllcorner   44.0
yllcorner   46.0
cellsize   0.005
NODATA_value   -9999.0
[rows 126 to 167 of 200, columns 0 to 93 of 200]
159 159 160 159 159 159 160 160 159 158 158 138 137 137 137 137 138 137 137 137 137 138 138 138 137 137 138 138 138 138 138 139 139 139 139 139 140 140 139 139 185 186 186 186 186 190 195 199 203 207 210 213 216 219 222 225 227 231 233 236 238 240 244 245 247 249 251 254 256 258 260 261 263 266 267 268 270 272 274 276 278 279 281 282 284 285 287 288 289 291 293 295 296 297
159 159 160 159 159 159 159 159 158 158 158 158 137 137 137 137 137 137 137 137 137 137 137 137 137 137 137 138 138 138 138 138 139 139 139 139 138 139 139 139 185 185 186 186 186 189 194 199 203 205 209 212 216 219 222 225 227 231 233 236 238 239 241 245 247 249 251 253 256 258 259 261 262 264 267 268 270 272 273 276 277 279 281 281 283 285 286 288 289 291 292 294 296 296
159 159 159 159 158 158 158 158 158 158 158 158 136 137 137 137 137 136 137 137 136 136 136 137 137 137 137 138 138 138 138 138 138 139 139 138 138 138 139 139 185 185 185 186 186 189 194 197 201 205 208 212 215 219 222 224 227 230 233 235 237 239 241 243 247 249 251 253 255 257 259 260 262 264 265 268 270 271 273 275 277 279 279 281 282 284 286 288 289 291 292 293 295 296
159 159 158 157 158 158 158 158 157 158 158 158 136 137 137 137 137 136 136 136 136 136 136 137 137 137 137 137 138 138 138 138 138 138 138 138 138 138 139 139 185 185 185 185 186 189 192 196 200 205 208 211 215 218 221 224 227 229 231 234 237 239 241 243 245 248 250 252 254 255 258 260 262 264 265 267 270 271 273 275 275 278 279 281 282 284 285 288 289 290 292 292 294 296
158 158 158 157 158 158 158 158 157 158 158 158 157 136 137 137 136 135 135 136 136 136 136 136 137 137 137 137 137 138 138 137 137 137 138 138 138 138 138 139 185 185 185 185 185 187 192 196 200 204 208 211 214 217 220 224 226 228 231 233 236 239 241 243 245 247 250 252 253 255 257 260 262 263 265 267 269 271 273 273 275 277 279 281 282 284 285 287 289 290 291 292 293 295
158 158 158 157 157 158 158 158 157 157 158 158 157 136 135 136 136 135 135 135 136 136 136 136 136 137 137 137 137 136 137 137 137 137 137 138 138 138 138 138 185 185 184 184 184 187 192 196 200 203 208 211 214 217 220 222 225 228 230 233 235 238 241 243 245 247 249 251 253 255 257 259 261 263 265 267 268 270 272 273 275 276 278 281 282 283 285 286 287 289 291 292 293 295
157 158 158 157 157 157 158 158 157 157 157 157 156 135 135 135 136 135 135 135 135 136 136 136 136 136 137 136 136 136 136 137 137 137 137 137 138 138 138 138 138 184 184 184 184 186 191 195 199 203 206 211 214 216 219 221 224 228 230 233 235 237 241 243 245 246 248 250 253 255 257 259 260 263 265 267 267 269 271 273 275 276 278 279 281 283 285 285 287 288 290 292 293 295
157 157 158 157 157 157 157 158 157 156 156 156 156 156 135 135 136 135 135 135 135 136 136 136 136 135 136 136 136 136 136 137 137 137 137 137 137 138 138 137 137 183 184 184 184 185 190 195 199 203 206 209 213 216 218 221 224 226 230 232 235 237 239 242 244 246 248 250 252 255 256 258 260 262 265 265 267 269 270 272 275 276 278 279 281 282 284 285 287 288 289 291 293 294
157 157 158 157 157 157 156 157 156 156 156 156 156 156 135 135 135 135 135 135 135 135 136 135 135 135 135 136 136 136 136 136 137 137 137 137 137 137 137 137 137 183 183 184 184 185 189 194 199 202 205 208 211 215 218 221 224 226 229 232 235 237 238 240 243 245 248 250 252 253 256 258 260 261 262 265 267 269 270 272 273 276 278 279 280 281 283 285 286 288 289 291 292 294
157 157 157 157 156 156 156 156 156 156 156 156 155 156 135 135 135 134 135 135 134 134 134 135 135 135 135 135 136 136 136 136 136 137 137 136 136 136 137 137 137 183 183 183 184 184 189 193 196 201 204 208 211 214 218 221 223 226 228 231 233 236 238 240 242 245 247 249 251 253 255 258 259 261 262 264 267 268 270 272 273 275 277 278 279 281 282 284 286 288 289 290 292 293
157 156 156 155 156 156 156 156 155 156 156 156 155 155 156 135 135 134 133 134 134 134 134 134 135 135 135 135 135 136 136 136 136 135 136 136 136 136 136 137 137 183 183 183 184 184 187 192 196 200 204 207 211 214 217 220 223 226 228 230 233 235 238 240 242 244 247 249 251 253 255 256 259 260 262 264 266 268 270 271 273 275 275 278 279 281 282 284 285 287 289 290 292 293
156 156 156 155 155 156 156 156 155 155 156 156 155 155 155 135 134 133 133 133 134 134 134 134 134 135 135 135 135 135 136 135 135 135 135 136 136 136 136 136 137 183 183 183 183 183 187 191 195 199 203 207 210 213 216 219 223 224 227 229 232 235 237 240 242 244 246 249 251 252 254 256 257 260 262 264 265 267 270 271 272 273 275 277 279 281 282 283 285 286 289 290 291 293
155 156 156 155 155 156 156 156 155 155 156 156 155 155 154 134 134 133 133 133 134 134 134 134 134 135 135 135 135 134 134 135 135 135 135 135 136 136 136 136 136 183 183 182 182 182 187 191 195 199 202 206 210 213 216 219 220 224 227 229 232 234 237 239 241 244 246 248 250 252 253 255 257 259 262 263 265 267 268 270 272 273 275 276 278 280 282 283 285 286 288 290 291 293
155 156 156 155 155 155 156 156 155 155 155 155 154 154 154 154 134 133 133 133 133 134 134 134 134 134 135 134 134 134 134 135 135 135 135 135 135 136 136 136 136 181 182 182 182 182 185 190 195 198 202 205 210 213 215 217 220 223 226 229 231 234 236 239 241 243 244 246 248 251 253 255 257 259 261 263 265 266 267 269 271 273 275 276 278 279 282 283 285 286 287 289 290 292
155 155 156 155 155 155 155 156 155 154 154 154 154 154 154 154 133 133 133 133 133 133 134 134 134 133 133 134 134 134 134 134 135 135 135 135 135 136 136 135 135 181 181 182 182 182 184 189 194 198 202 205 207 211 214 217 220 223 225 229 231 233 236 238 241 242 244 246 248 250 253 255 257 259 260 262 264 265 267 269 270 272 274 276 278 279 280 282 284 286 287 289 290 291
155 155 155 155 155 155 154 154 154 154 154 154 153 154 154 154 133 132 133 133 133 133 133 133 133 133 133 133 134 134 134 134 134 135 135 135 135 134 135 135 135 181 181 181 182 182 184 188 193 198 201 204 207 210 214 217 220 222 225 227 231 233 235 237 239 242 244 246 248 250 252 255 257 258 260 261 263 265 267 269 270 272 273 276 277 279 280 282 283 286 287 288 290 291
155 155 155 153 154 154 154 154 154 154 154 154 153 154 154 154 133 132 132 133 132 132 132 132 133 133 133 133 133 134 134 134 134 134 135 134 134 134 134 135 135 135 181 181 181 182 183 188 192 195 200 203 206 210 213 216 219 222 224 227 229 232 234 236 238 241 244 246 248 250 252 253 256 257 259 261 262 264 267 268 270 271 273 275 277 279 280 282 283 284 287 288 290 291
155 154 154 153 154 154 154 154 153 154 154 154 153 153 154 154 154 132 131 132 132 132 132 132 133 133 133 133 133 133 134 134 134 133 133 134 134 134 134 134 135 135 181 181 181 182 183 186 191 195 198 203 206 209 212 215 219 222 224 227 228 230 234 236 238 240 242 244 247 249 251 253 254 257 259 260 262 264 265 268 270 271 273 274 276 278 280 281 283 284 286 288 289 291
154 154 154 153 153 154 154 153 153 153 154 154 153 153 153 154 152 131 131 131 132 132 132 132 132 133 133 133 133 133 134 133 133 133 133 133 134 134 134 134 134 135 181 181 181 180 181 186 190 194 198 201 206 209 212 215 217 221 223 225 228 230 232 236 238 240 242 244 246 249 250 252 254 256 258 260 262 264 265 267 269 271 273 274 276 277 280 281 283 284 285 287 289 290
153 154 154 153 153 153 154 153 153 153 153 154 153 152 152 152 152 131 131 131 131 132 132 132 132 132 133 133 133 132 132 133 133 133 133 133 133 134 134 134 134 134 181 180 180 180 180 185 190 194 197 201 204 208 211 214 216 219 222 225 227 230 232 234 238 240 242 244 246 247 250 252 253 255 257 260 262 263 265 267 268 271 272 274 275 277 278 281 282 284 285 287 288 289
153 153 154 153 153 153 153 153 153 153 153 152 152 152 152 152 151 152 131 131 131 131 132 132 132 132 132 132 132 132 132 132 133 133 133 133 133 133 134 134 134 134 179 180 180 180 180 184 189 193 197 200 204 207 211 213 216 218 221 225 227 229 232 234 236 239 242 243 245 247 248 251 253 255 257 259 260 263 265 266 268 270 271 274 275 277 278 280 281 284 285 286 288 289
153 153 153 153 153 153 153 153 152 152 152 152 152 152 152 152 151 151 131 131 131 131 131 132 132 131 131 131 132 132 132 132 132 133 133 133 133 133 134 134 133 133 179 179 180 180 180 183 187 192 196 200 203 205 209 212 215 218 221 223 227 229 231 234 236 237 240 242 244 246 248 250 253 255 257 258 260 262 264 266 268 269 271 272 275 276 278 279 281 282 285 286 288 289
153 153 152 153 153 153 152 151 152 152 152 152 151 152 152 152 151 151 131 131 131 131 131 130 131 131 131 131 131 132 132 132 132 132 133 133 133 133 132 133 133 133 179 179 179 180 180 182 187 191 196 198 202 205 208 211 215 218 220 223 225 229 231 233 235 237 239 242 244 246 248 250 252 254 256 258 260 262 263 266 267 269 271 272 274 276 278 279 281 282 284 286 287 289
153 153 152 151 152 152 152 151 151 152 152 152 151 151 152 152 151 151 130 131 130 130 130 130 131 131 131 131 131 131 132 132 132 132 132 133 132 132 132 132 133 133 133 179 179 179 180 182 186 189 193 198 201 205 208 211 213 217 220 222 225 227 230 232 234 236 239 241 244 246 248 250 251 253 256 258 260 261 263 265 267 269 270 272 273 275 277 279 280 282 283 285 287 288
152 152 151 151 151 152 152 151 151 151 152 151 151 151 151 152 151 151 150 129 130 130 130 130 130 131 131 131 131 131 131 132 132 132 131 131 132 132 132 132 132 133 133 179 179 179 179 181 184 189 193 196 201 204 207 210 213 216 219 222 225 226 228 232 234 236 238 240 242 245 247 249 251 253 255 257 259 261 263 264 266 269 270 272 273 275 276 279 280 282 283 284 286 287
151 152 151 151 151 151 152 151 151 151 151 151 151 151 151 151 150 150 150 129 129 130 130 130 130 130 131 131 131 131 131 131 131 131 131 131 131 132 132 132 132 132 133 179 179 179 178 178 184 188 192 196 199 204 207 210 213 215 218 221 223 226 228 230 233 236 238 240 242 244 247 249 251 253 254 256 259 261 262 264 266 267 270 271 273 274 276 277 279 281 283 284 286 287
151 152 151 151 151 151 152 151 151 151 151 151 151 150 150 150 149 150 150 129 129 129 130 130 130 130 130 131 131 130 130 130 131 131 131 131 131 131 132 132 132 132 132 179 178 178 178 178 182 187 191 195 199 202 206 209 212 214 217 219 223 225 228 230 232 234 238 240 242 244 246 249 250 252 254 256 258 260 262 264 265 267 269 270 273 274 276 277 279 280 283 284 285 287
151 151 151 151 151 151 151 151 151 151 150 149 150 150 150 150 149 150 150 129 129 129 129 130 130 130 130 129 130 130 130 130 130 131 131 131 131 131 131 132 132 132 131 177 178 178 178 178 181 186 191 195 198 201 205 208 211 213 216 219 221 225 227 230 232 234 236 239 241 243 245 247 249 252 254 256 257 259 261 263 265 267 268 270 271 274 275 277 278 280 281 284 285 286
151 151 150 151 151 151 150 150 150 150 150 149 149 150 150 149 149 149 150 150 129 129 129 129 130 129 129 129 129 130 130 130 130 130 131 131 131 131 131 131 131 131 131 177 177 178 178 178 180 185 189 194 197 201 203 206 210 213 216 218 221 223 227 229 231 234 236 238 241 243 245 247 249 251 253 255 257 259 260 262 265 266 268 270 271 273 275 277 278 280 281 282 285 286
151 150 150 150 151 150 149 149 149 150 150 149 149 149 150 149 149 149 149 150 129 129 129 128 129 129 129 129 129 129 130 130 130 130 130 131 131 131 130 130 130 131 131 177 177 177 178 178 180 184 188 192 196 199 203 206 209 213 215 218 220 223 225 229 231 233 235 238 240 243 245 247 248 250 252 255 257 258 260 262 263 266 268 269 271 272 274 276 278 279 281 282 284 285
151 150 149 149 149 150 149 149 149 149 150 149 149 149 149 149 149 149 149 149 128 128 128 128 128 129 129 129 129 129 129 130 130 130 130 130 130 130 130 130 130 130 131 131 177 177 177 178 179 183 187 191 194 199 202 205 208 211 215 217 220 223 225 227 231 233 235 237 239 241 244 246 248 250 252 254 256 258 260 262 263 265 267 269 271 272 274 275 277 279 280 282 283 285
150 149 149 149 149 150 149 149 149 149 149 149 149 149 149 148 149 149 148 148 127 128 128 128 128 128 129 129 129 129 129 129 130 130 129 129 129 130 130 130 130 130 131 131 177 177 177 177 177 182 186 190 194 197 201 205 208 210 213 217 220 222 224 227 229 232 235 237 239 241 243 246 248 250 251 253 255 258 259 261 263 264 266 269 270 272 273 275 276 278 280 282 283 284
149 149 149 149 149 149 149 149 149 149 148 149 149 149 149 147 147 148 148 148 148 127 128 128 128 128 128 129 129 129 129 129 128 129 129 129 129 129 130 130 130 130 130 131 177 177 176 176 176 181 185 189 193 196 200 204 207 210 213 215 218 222 224 226 229 231 234 236 238 240 242 244 247 249 251 253 255 256 259 261 263 264 266 267 269 271 273 274 276 277 279 281 283 284
149 148 149 149 149 149 148 149 149 149 148 148 149 148 148 147 147 148 148 148 148 127 127 128 128 128 128 128 129 128 128 128 128 129 129 129 129 129 129 130 130 130 130 130 176 176 176 176 176 179 184 188 192 196 199 202 206 209 212 215 218 220 224 226 228 231 233 235 238 240 242 244 246 248 251 253 254 256 258 260 262 264 265 267 269 270 273 274 276 277 279 280 282 284
149 148 148 149 149 148 148 148 149 149 147 147 147 148 148 147 147 147 148 148 148 127 127 127 128 128 128 127 127 128 128 128 128 128 129 129 129 129 129 129 130 130 129 129 175 176 176 176 176 178 183 188 192 195 199 202 205 209 212 214 217 220 222 226 228 230 232 234 237 240 242 244 246 247 249 252 254 256 257 259 261 263 265 267 268 270 271 274 275 277 278 280 281 282
149 148 148 148 149 148 148 147 147 148 147 147 147 147 147 147 147 147 147 148 148 127 127 127 127 127 127 127 127 127 128 128 128 128 128 129 129 129 129 129 128 129 129 129 129 175 175 176 176 177 182 186 191 194 198 201 204 207 211 214 217 219 222 224 227 230 232 234 236 238 241 243 245 247 249 251 254 255 257 259 260 262 265 266 268 270 271 273 274 277 278 279 281 282
148 148 148 148 148 147 147 147 147 147 147 147 147 147 146 147 147 147 147 147 148 148 126 126 126 127 127 127 127 127 127 128 128 128 128 128 129 129 128 128 128 128 129 129 129 175 175 175 176 176 181 185 189 194 197 201 204 207 210 213 216 219 221 224 226 229 231 234 236 238 240 243 245 247 249 250 252 255 257 258 260 262 263 266 268 269 271 272 274 275 278 279 280 282
148 147 147 147 147 147 147 147 147 147 146 147 147 147 146 146 147 147 147 147 146 147 126 126 126 126 127 127 127 127 127 127 128 128 128 128 127 128 128 128 128 128 128 129 129 175 175 175 175 176 180 184 188 192 197 200 203 206 209 212 215 218 221 223 225 228 231 233 235 237 239 241 244 246 248 250 252 254 256 258 260 261 263 265 266 269 270 272 273 275 276 279 280 282
146 147 147 147 147 146 147 147 147 146 146 147 147 147 146 146 146 147 146 146 146 146 126 126 126 126 126 127 127 127 127 127 127 128 127 127 127 127 128 128 128 128 128 128 129 175 175 175 175 175 179 183 188 191 195 199 202 205 208 211 214 218 220 223 225 227 229 233 235 237 239 241 243 246 248 250 251 253 255 257 259 261 263 264 266 267 270 272 273 275 276 277 279 281
146 146 147 147 147 146 146 147 147 146 146 146 147 147 146 145 145 145 146 146 146 146 125 126 126 126 126 126 127 127 127 127 126 126 127 127 127 127 127 128 128 128 128 128 128 175 175 175 175 175 177 183 187 191 194 198 201 205 208 211 213 216 220 222 224 227 229 231 234 236 239 241 243 244 246 249 251 253 255 256 258 261 262 264 266 267 269 271 273 274 276 277 279 280
146 146 146 147 146 146 146 146 147 146 146 146 145 146 145 145 145 145 146 146 146 146 125 125 126 126 126 126 126 126 126 126 126 126 126 127 127 127 127 127 128 128 128 128 128 128 175 175 175 175 176 181 186 190 193 197 200 203 207 210 213 215 218 220 224 226 229 231 233 235 238 240 242 244 246 248 251 252 254 256 258 259 262 264 265 267 268 270 271 274 275 277 278 280
146 146 146 146 146 146 146 146 146 145 145 145 145 144 145 145 145 145 145 146 146 146 146 125 125 126 126 125 125 125 126 126 126 126 126 126 127 127 127 127 127 128 128 128 128 128 174 175 175 175 175 180 184 189 193 196 199 203 206 209 212 215 217 220 222 226 228 230 232 235 237 240 242 244 245 247 249 252 254 256 257 259 261 263 265 266 268 269 271 272 275 276 278 279
