testData/tiles/oneDegree/grid28.0-4.0-29.0-5.0.asc
ncols   200
nrows   200
xllcorner   28.0
yllcorner   4.0
cellsize   0.005
NODATA_value   -9999.0
[rows 126 to 167 of 200, columns 0 to 93 of 200]
203 203 203 203 203 204 204 204 204 204 205 205 205 205 205 205 206 206 206 206 206 207 207 207 207 207 207 208 208 208 208 208 208 209 209 209 209 209 209 210 210 210 210 210 210 210 211 211 211 211 211 211 211 212 212 212 212 212 212 212 213 213 213 213 213 213 213 213 214 214 214 214 214 214 214 214 215 215 215 215 215 215 215 215 215 216 216 216 216 216 216 216 216 216
203 203 203 203 203 204 204 204 204 204 205 205 205 205 205 205 206 206 206 206 206 207 207 207 207 207 207 208 208 208 208 208 208 209 209 209 209 209 209 210 210 210 210 210 210 210 211 211 211 211 211 211 211 212 212 212 212 212 212 212 213 213 213 213 213 213 213 213 214 214 214 214 214 214 214 214 215 215 215 215 215 215 215 215 215 216 216 216 216 216 216 216 216 216
203 203 203 203 203 204 204 204 204 204 205 205 205 205 205 205 206 206 206 206 206 207 207 207 207 207 207 208 208 208 208 208 208 209 209 209 209 209 209 209 210 210 210 210 210 210 211 211 211 211 211 211 211 212 212 212 212 212 212 212 213 213 213 213 213 213 213 213 214 214 214 214 214 214 214 214 215 215 215 215 215 215 215 215 215 216 216 216 216 216 216 216 216 216
203 203 203 203 203 204 204 204 204 204 204 205 205 205 205 205 206 206 206 206 206 207 207 207 207 207 207 208 208 208 208 208 208 209 209 209 209 209 209 209 210 210 210 210 210 210 211 211 211 211 211 211 211 212 212 212 212 212 212 212 213 213 213 213 213 213 213 213 214 214 214 214 214 214 214 214 215 215 215 215 215 215 215 215 215 216 216 216 216 216 216 216 216 216
203 203 203 203 203 204 204 204 204 204 204 205 205 205 205 205 206 206 206 206 206 206 207 207 207 207 207 208 208 208 208 208 208 209 209 209 209 209 209 209 210 210 210 210 210 210 211 211 211 211 211 211 211 212 212 212 212 212 212 212 213 213 213 213 213 213 213 213 214 214 214 214 214 214 214 214 215 215 215 215 215 215 215 215 215 216 216 216 216 216 216 216 216 216
203 203 203 203 203 204 204 204 204 204 204 205 205 205 205 205 206 206 206 206 206 206 207 207 207 207 207 208 208 208 208 208 208 209 209 209 209 209 209 209 210 210 210 210 210 210 211 211 211 211 211 211 211 212 212 212 212 212 212 212 212 213 213 213 213 213 213 213 214 214 214 214 214 214 214 214 215 215 215 215 215 215 215 215 215 216 216 216 216 216 216 216 216 216
202 203 203 203 203 203 204 204 204 204 204 205 205 205 205 205 206 206 206 206 206 206 207 207 207 207 207 207 208 208 208 208 208 208 209 209 209 209 209 209 210 210 210 210 210 210 211 211 211 211 211 211 211 212 212 212 212 212 212 212 212 213 213 213 213 213 213 213 214 214 214 214 214 214 214 214 214 215 215 215 215 215 215 215 215 216 216 216 216 216 216 216 216 216
202 203 203 203 203 203 204 204 204 204 204 205 205 205 205 205 206 206 206 206 206 206 207 207 207 207 207 207 208 208 208 208 208 208 209 209 209 209 209 209 210 210 210 210 210 210 210 211 211 211 211 211 211 212 212 212 212 212 212 212 212 213 213 213 213 213 213 213 214 214 214 214 214 214 214 214 214 215 215 215 215 215 215 215 215 215 216 216 216 216 216 216 216 216
202 203 203 203 203 203 204 204 204 204 204 205 205 205 205 205 206 206 206 206 206 206 207 207 207 207 207 207 208 208 208 208 208 208 209 209 209 209 209 209 210 210 210 210 210 210 210 211 211 211 211 211 211 211 212 212 212 212 212 212 212 213 213 213 213 213 213 213 213 214 214 214 214 214 214 214 214 215 215 215 215 215 215 215 215 215 216 216 216 216 216 216 216 216
202 203 203 203 203 203 204 204 204 204 204 205 205 205 205 205 206 206 206 206 206 206 207 207 207 207 207 207 208 208 208 208 208 208 209 209 209 209 209 209 210 210 210 210 210 210 210 211 211 211 211 211 211 211 212 212 212 212 212 212 212 213 213 213 213 213 213 213 213 214 214 214 214 214 214 214 214 215 215 215 215 215 215 215 215 215 216 216 216 216 216 216 216 216
202 203 203 203 203 203 204 204 204 204 204 205 205 205 205 205 206 206 206 206 206 206 207 207 207 207 207 207 208 208 208 208 208 208 209 209 209 209 209 209 210 210 210 210 210 210 210 211 211 211 211 211 211 211 212 212 212 212 212 212 212 213 213 213 213 213 213 213 213 214 214 214 214 214 214 214 214 215 215 215 215 215 215 215 215 215 216 216 216 216 216 216 216 216
202 203 203 203 203 203 204 204 204 204 204 205 205 205 205 205 205 206 206 206 206 206 207 207 207 207 207 207 208 208 208 208 208 208 209 209 209 209 209 209 210 210 210 210 210 210 210 211 211 211 211 211 211 211 212 212 212 212 212 212 212 213 213 213 213 213 213 213 213 214 214 214 214 214 214 214 214 215 215 215 215 215 215 215 215 215 216 216 216 216 216 216 216 216
106 203 203 203 203 203 204 204 204 204 204 205 205 205 205 205 205 206 206 206 206 206 207 207 207 207 207 207 208 208 208 208 208 208 209 209 209 209 209 209 210 210 210 210 210 210 210 211 211 211 211 211 211 211 212 212 212 212 212 212 212 213 213 213 213 213 213 213 213 214 214 214 214 214 214 214 214 215 215 215 215 215 215 215 215 215 216 216 216 216 216 216 216 216
106 107 107 107 107 203 204 204 204 204 204 205 205 205 205 205 205 206 206 206 206 206 207 207 207 207 207 207 208 208 208 208 208 208 209 209 209 209 209 209 209 210 210 210 210 210 210 211 211 211 211 211 211 211 212 212 212 212 212 212 212 212 213 213 213 213 213 213 213 214 214 214 214 214 214 214 214 214 215 215 215 215 215 215 215 215 216 216 216 216 216 216 216 216
106 107 107 107 107 107 108 108 108 108 204 204 205 205 205 205 205 206 206 206 206 206 206 207 207 207 207 207 208 208 208 208 208 208 209 209 209 209 209 209 209 210 210 210 210 210 210 211 211 211 211 211 211 211 212 212 212 212 212 212 212 212 213 213 213 213 213 213 213 214 214 214 214 214 214 214 214 214 215 215 215 215 215 215 215 215 215 216 216 216 216 216 216 216
106 107 107 107 107 107 108 108 108 108 108 108 109 109 109 205 205 206 206 206 206 206 206 207 207 207 207 207 207 208 208 208 208 208 208 209 209 209 209 209 209 210 210 210 210 210 210 210 211 211 211 211 211 211 211 212 212 212 212 212 212 212 213 213 213 213 213 213 213 213 214 214 214 214 214 214 214 214 215 215 215 215 215 215 215 215 215 216 216 216 216 216 216 216
106 106 107 107 107 107 107 108 108 108 108 108 109 109 109 109 109 110 110 110 206 206 206 207 207 207 207 207 207 208 208 208 208 208 208 209 209 209 209 209 209 210 210 210 210 210 210 210 211 211 211 211 211 211 211 212 212 212 212 212 212 212 213 213 213 213 213 213 213 213 214 214 214 214 214 214 214 214 215 215 215 215 215 215 215 215 215 216 216 216 216 216 216 216
106 106 107 107 107 107 107 108 108 108 108 108 109 109 109 109 109 110 110 110 110 110 110 111 111 111 111 207 207 208 208 208 208 208 208 209 209 209 209 209 209 210 210 210 210 210 210 210 211 211 211 211 211 211 211 212 212 212 212 212 212 212 213 213 213 213 213 213 213 213 214 214 214 214 214 214 214 214 215 215 215 215 215 215 215 215 215 216 216 216 216 216 216 216
106 106 107 107 107 107 107 108 108 108 108 108 109 109 109 109 109 110 110 110 110 110 110 111 111 111 111 111 111 112 112 112 112 112 208 209 209 209 209 209 209 210 210 210 210 210 210 210 211 211 211 211 211 211 211 212 212 212 212 212 212 212 213 213 213 213 213 213 213 213 214 214 214 214 214 214 214 214 214 215 215 215 215 215 215 215 215 216 216 216 216 216 216 216
106 106 107 107 107 107 107 108 108 108 108 108 109 109 109 109 109 109 110 110 110 110 110 111 111 111 111 111 111 112 112 112 112 112 112 113 113 113 113 113 113 113 114 114 210 210 210 210 211 211 211 211 211 211 211 212 212 212 212 212 212 212 212 213 213 213 213 213 213 213 214 214 214 214 214 214 214 214 214 215 215 215 215 215 215 215 215 215 216 216 216 216 216 120
106 106 107 107 107 107 107 108 108 108 108 108 109 109 109 109 109 109 110 110 110 110 110 111 111 111 111 111 111 112 112 112 112 112 112 113 113 113 113 113 113 113 114 114 114 114 114 114 115 115 115 115 115 115 115 116 116 116 116 116 116 116 116 117 117 117 117 117 117 117 117 118 118 118 118 118 118 118 118 119 119 119 119 119 119 119 119 119 120 120 120 120 120 120
106 106 107 107 107 107 107 108 108 108 108 108 108 109 109 109 109 109 110 110 110 110 110 110 111 111 111 111 111 112 112 112 112 112 112 112 113 113 113 113 113 113 114 114 114 114 114 114 114 115 115 115 115 115 115 115 116 116 116 116 116 116 116 117 117 117 117 117 117 117 117 118 118 118 118 118 118 118 118 119 119 119 119 119 119 119 119 119 120 120 120 120 120 120
106 106 107 107 107 107 107 108 108 108 108 108 108 109 109 109 109 109 110 110 110 110 110 110 111 111 111 111 111 111 112 112 112 112 112 112 113 113 113 113 113 113 114 114 114 114 114 114 114 115 115 115 115 115 115 115 116 116 116 116 116 116 116 117 117 117 117 117 117 117 117 118 118 118 118 118 118 118 118 119 119 119 119 119 119 119 119 119 120 120 120 120 120 120
106 106 106 107 107 107 107 107 108 108 108 108 108 109 109 109 109 109 110 110 110 110 110 110 111 111 111 111 111 111 112 112 112 112 112 112 113 113 113 113 113 113 114 114 114 114 114 114 114 115 115 115 115 115 115 115 116 116 116 116 116 116 116 117 117 117 117 117 117 117 117 118 118 118 118 118 118 118 118 118 119 119 119 119 119 119 119 119 119 120 120 120 120 120
106 106 106 107 107 107 107 107 108 108 108 108 108 109 109 109 109 109 110 110 110 110 110 110 111 111 111 111 111 111 112 112 112 112 112 112 113 113 113 113 113 113 113 114 114 114 114 114 114 115 115 115 115 115 115 115 116 116 116 116 116 116 116 116 117 117 117 117 117 117 117 117 118 118 118 118 118 118 118 118 119 119 119 119 119 119 119 119 119 120 120 120 120 120
106 106 106 107 107 107 107 107 108 108 108 108 108 109 109 109 109 109 109 110 110 110 110 110 111 111 111 111 111 111 112 112 112 112 112 112 113 113 113 113 113 113 113 114 114 114 114 114 114 115 115 115 115 115 115 115 116 116 116 116 116 116 116 116 117 117 117 117 117 117 117 117 118 118 118 118 118 118 118 118 119 119 119 119 119 119 119 119 119 120 120 120 120 120
106 106 106 107 107 107 107 107 108 108 108 108 108 109 109 109 109 109 109 110 110 110 110 110 110 111 111 111 111 111 112 112 112 112 112 112 112 113 113 113 113 113 113 114 114 114 114 114 114 114 115 115 115 115 115 115 115 116 116 116 116 116 116 116 117 117 117 117 117 117 117 117 118 118 118 118 118 118 118 118 118 119 119 119 119 119 119 119 119 119 120 120 120 120
106 106 106 107 107 107 107 107 108 108 108 108 108 108 109 109 109 109 109 110 110 110 110 110 110 111 111 111 111 111 111 112 112 112 112 112 112 113 113 113 113 113 113 114 114 114 114 114 114 114 115 115 115 115 115 115 115 116 116 116 116 116 116 116 117 117 117 117 117 117 117 117 118 118 118 118 118 118 118 118 118 119 119 119 119 119 119 119 119 119 120 120 120 120
106 106 106 107 107 107 107 107 107 108 108 108 108 108 109 109 109 109 109 110 110 110 110 110 110 111 111 111 111 111 111 112 112 112 112 112 112 113 113 113 113 113 113 114 114 114 114 114 114 114 115 115 115 115 115 115 115 116 116 116 116 116 116 116 116 117 117 117 117 117 117 117 117 118 118 118 118 118 118 118 118 119 119 119 119 119 119 119 119 119 120 120 120 120
106 106 106 106 107 107 107 107 107 108 108 108 108 108 109 109 109 109 109 110 110 110 110 110 110 111 111 111 111 111 111 112 112 112 112 112 112 113 113 113 113 113 113 113 114 114 114 114 114 114 115 115 115 115 115 115 115 116 116 116 116 116 116 116 116 117 117 117 117 117 117 117 117 118 118 118 118 118 118 118 118 119 119 119 119 119 119 119 119 119 119 120 120 120
106 106 106 106 107 107 107 107 107 108 108 108 108 108 109 109 109 109 109 109 110 110 110 110 110 111 111 111 111 111 111 112 112 112 112 112 112 113 113 113 113 113 113 113 114 114 114 114 114 114 114 115 115 115 115 115 115 115 116 116 116 116 116 116 116 117 117 117 117 117 117 117 117 118 118 118 118 118 118 118 118 118 119 119 119 119 119 119 119 119 119 120 120 120
106 106 106 106 107 107 107 107 107 108 108 108 108 108 109 109 109 109 109 109 110 110 110 110 110 110 111 111 111 111 111 111 112 112 112 112 112 112 113 113 113 113 113 113 114 114 114 114 114 114 114 115 115 115 115 115 115 115 116 116 116 116 116 116 116 116 117 117 117 117 117 117 117 117 118 118 118 118 118 118 118 118 119 119 119 119 119 119 119 119 119 120 120 120
106 106 106 106 107 107 107 107 107 108 108 108 108 108 108 109 109 109 109 109 110 110 110 110 110 110 111 111 111 111 111 111 112 112 112 112 112 112 113 113 113 113 113 113 114 114 114 114 114 114 114 115 115 115 115 115 115 115 116 116 116 116 116 116 116 116 117 117 117 117 117 117 117 117 118 118 118 118 118 118 118 118 119 119 119 119 119 119 119 119 119 119 120 120
106 106 106 106 107 107 107 107 107 107 108 108 108 108 108 109 109 109 109 109 110 110 110 110 110 110 111 111 111 111 111 111 112 112 112 112 112 112 113 113 113 113 113 113 113 114 114 114 114 114 114 115 115 115 115 115 115 115 115 116 116 116 116 116 116 116 117 117 117 117 117 117 117 117 118 118 118 118 118 118 118 118 118 119 119 119 119 119 119 119 119 119 120 120
106 106 106 106 106 107 107 107 107 107 108 108 108 108 108 109 109 109 109 109 109 110 110 110 110 110 111 111 111 111 111 111 112 112 112 112 112 112 113 113 113 113 113 113 113 114 114 114 114 114 114 114 115 115 115 115 115 115 115 116 116 116 116 116 116 116 117 117 117 117 117 117 117 117 118 118 118 118 118 118 118 118 118 119 119 119 119 119 119 119 119 119 120 120
106 106 106 106 106 107 107 107 107 107 108 108 108 108 108 109 109 109 109 109 109 110 110 110 110 110 110 111 111 111 111 111 111 112 112 112 112 112 112 113 113 113 113 113 113 114 114 114 114 114 114 114 115 115 115 115 115 115 115 116 116 116 116 116 116 116 116 117 117 117 117 117 117 117 117 118 118 118 118 118 118 118 118 119 119 119 119 119 119 119 119 119 119 120
106 106 106 106 106 107 107 107 107 107 108 108 108 108 108 108 109 109 109 109 109 110 110 110 110 110 110 111 111 111 111 111 111 112 112 112 112 112 112 113 113 113 113 113 113 113 114 114 114 114 114 114 115 115 115 115 115 115 115 116 116 116 116 116 116 116 116 117 117 117 117 117 117 117 117 118 118 118 118 118 118 118 118 118 119 119 119 119 119 119 119 119 119 120
106 106 106 106 106 107 107 107 107 107 107 108 108 108 108 108 109 109 109 109 109 110 110 110 110 110 110 111 111 111 111 111 111 112 112 112 112 112 112 113 113 113 113 113 113 113 114 114 114 114 114 114 114 115 115 115 115 115 115 115 116 116 116 116 116 116 116 117 117 117 117 117 117 117 117 117 118 118 118 118 118 118 118 118 119 119 119 119 119 119 119 119 119 119
105 106 106 106 106 106 107 107 107 107 107 108 108 108 108 108 109 109 109 109 109 109 110 110 110 110 110 111 111 111 111 111 111 112 112 112 112 112 112 112 113 113 113 113 113 113 114 114 114 114 114 114 114 115 115 115 115 115 115 115 116 116 119 116 116 116 116 116 117 117 117 117 117 117 117 117 118 118 118 118 118 118 118 118 118 119 119 119 119 119 119 119 119 119
105 106 106 106 106 106 107 107 107 107 107 108 108 108 108 108 109 109 109 109 109 109 110 110 110 110 110 110 111 111 111 111 111 111 112 112 112 112 112 112 113 113 113 113 113 113 114 114 114 114 114 114 121 125 127 129 130 131 132 132 134 134 134 134 134 133 133 132 132 131 129 127 124 117 117 117 118 118 118 118 118 118 118 118 118 119 119 119 119 119 119 119 119 119
105 106 106 106 106 106 107 107 107 107 107 108 108 108 108 108 108 109 109 109 109 109 110 110 110 110 110 110 111 111 111 111 111 111 112 112 112 112 112 112 113 113 113 113 113 113 113 119 124 127 130 132 133 134 137 138 138 139 140 140 140 141 141 141 141 141 141 140 140 140 139 137 136 135 133 130 127 123 118 118 118 118 118 118 118 119 119 119 119 119 119 119 119 119
105 106 106 106 106 106 107 107 107 107 107 107 108 108 108 108 108 109 109 109 109 109 110 110 110 110 110 110 111 111 111 111 111 111 112 112 112 112 112 112 113 113 113 113 121 126 129 133 135 136 138 139 140 141 143 144 145 145 146 146 146 147 147 147 147 147 147 146 146 146 145 144 143 142 141 139 138 137 134 131 126 118 118 118 118 118 119 119 119 119 119 119 119 119
