testData/tiles/oneDegree/grid11.0-15.0-12.0-16.0.asc
ncols   200
nrows   200
xllcorner   11.0
yllcorner   15.0
cellsize   0.005
NODATA_value   -9999.0
[rows 42 to 83 of 200, columns 0 to 93 of 200]
496 497 498 499 500 501 502 503 504 504 505 503 503 503 501 496 498 499 501 502 504 505 507 508 509 511 511 512 514 515 516 518 519 520 521 521 523 524 525 526 527 528 528 529 586 587 588 589 589 590 591 592 593 593 594 595 596 597 597 598 599 601 603 606 608 611 613 613 616 619 621 622 623 625 629 630 631 633 634 635 637 640 641 642 644 644 645 647 648 650 652 653 653 655
496 498 499 500 501 502 503 504 505 505 505 506 506 505 505 503 498 500 501 503 504 506 506 508 509 510 512 513 514 516 517 518 518 520 521 522 523 524 526 526 527 528 529 586 587 588 588 589 590 591 592 592 593 594 595 596 596 597 598 598 599 601 604 607 609 611 612 614 618 619 621 622 624 626 628 630 632 633 634 636 637 639 641 643 644 645 646 647 648 651 652 653 654 655
498 499 500 501 502 503 504 505 506 507 508 508 508 508 508 506 505 500 501 502 504 505 507 508 510 511 512 514 515 515 517 518 519 520 522 523 524 524 525 526 527 529 530 587 587 588 589 590 591 591 592 593 594 595 596 596 597 597 598 598 600 602 605 608 608 611 613 615 617 620 621 623 625 627 628 630 632 634 635 636 638 639 641 643 644 646 647 647 649 650 652 654 654 655
499 501 502 503 504 505 506 507 508 509 509 510 510 509 509 509 507 505 502 503 505 506 508 509 510 512 512 513 515 516 517 519 520 521 522 522 524 525 526 527 528 529 529 586 587 589 590 591 591 592 593 594 594 594 595 596 597 598 598 599 601 603 605 607 610 612 613 616 617 619 621 624 626 627 628 630 633 634 635 637 638 639 641 643 645 646 647 649 649 650 652 654 655 656
499 501 502 504 505 506 507 507 508 509 510 511 510 511 511 510 510 510 507 504 505 507 508 509 510 511 513 514 515 517 518 519 519 521 522 523 524 525 527 527 528 529 530 587 588 589 589 590 591 592 593 593 594 595 596 597 597 598 599 600 602 602 605 607 611 612 615 616 618 619 623 625 626 627 629 631 632 634 636 637 638 640 642 642 645 647 648 649 650 651 652 654 656 657
500 502 504 505 506 507 508 509 510 511 512 512 513 513 513 513 513 512 511 507 505 506 508 509 511 512 513 515 516 516 518 519 520 521 523 524 525 525 526 527 529 530 531 588 588 589 590 591 592 592 593 594 595 596 596 597 598 599 599 599 601 604 606 608 610 613 615 617 618 620 623 624 626 628 630 630 632 634 636 637 639 641 641 643 645 647 648 650 651 651 653 654 656 657
502 503 504 507 508 509 510 511 511 512 513 514 515 514 514 514 514 514 512 511 508 507 508 510 511 513 514 514 516 517 518 520 521 522 523 523 525 526 527 528 529 530 530 587 589 590 591 591 592 593 594 595 596 596 597 597 598 598 599 600 602 605 606 609 610 614 615 617 619 621 622 624 627 629 629 631 634 635 637 639 641 641 642 644 644 647 649 650 651 653 653 654 655 658
503 505 506 507 509 509 510 511 512 513 514 515 515 516 516 516 516 516 515 515 513 508 509 509 511 512 514 515 516 518 519 520 520 522 523 524 525 526 528 529 529 530 531 588 589 590 590 591 592 593 594 594 595 596 597 598 598 599 600 601 602 605 606 609 611 613 616 618 620 621 623 625 627 628 631 633 634 635 637 640 640 642 644 644 645 647 648 650 652 652 654 655 656 657
503 505 506 508 509 511 512 513 514 514 515 516 517 518 517 518 519 518 518 516 515 513 509 510 512 513 514 516 517 518 519 520 521 522 524 525 526 526 527 528 530 531 532 589 589 590 591 592 593 593 594 595 596 597 597 598 599 600 601 601 603 605 608 609 611 614 616 617 620 622 624 624 626 630 632 633 634 636 637 638 641 643 644 645 647 647 648 651 651 653 655 654 656 658
504 506 508 509 510 511 513 514 515 516 517 518 518 519 519 518 519 519 519 519 518 517 514 511 512 514 515 515 517 518 519 521 522 523 524 524 526 527 528 529 530 531 531 589 590 591 592 592 593 594 595 596 597 597 598 599 600 599 600 601 604 606 608 610 613 614 615 619 621 623 623 625 628 629 632 633 635 636 637 639 640 643 644 646 647 648 649 650 652 654 655 656 657 657
506 507 508 511 512 513 514 515 516 517 517 518 519 520 519 520 521 521 521 520 520 519 518 514 512 513 515 516 517 519 520 521 522 523 524 525 526 527 529 530 530 531 532 589 590 591 591 592 593 595 595 595 596 597 598 599 599 600 601 602 604 606 609 610 612 614 616 619 621 622 624 627 628 629 632 634 635 636 638 639 641 643 645 646 647 649 650 650 653 654 655 657 657 658
505 508 509 510 512 513 514 515 516 517 519 520 521 521 521 522 522 523 522 523 522 521 520 518 515 514 515 517 518 519 520 521 522 523 525 526 527 527 528 529 531 532 589 590 590 591 592 593 594 594 595 596 597 598 598 599 600 601 602 603 605 607 609 611 613 615 618 618 620 623 626 627 628 630 631 634 635 637 638 640 641 642 645 646 648 649 650 652 652 654 656 657 658 659
507 508 510 511 513 514 516 517 518 519 519 520 521 522 523 523 523 523 523 524 523 523 522 522 519 514 516 516 518 519 520 521 523 524 525 525 527 528 529 530 531 532 589 590 591 592 593 593 594 595 596 597 597 598 599 600 601 601 601 603 605 607 609 612 614 615 617 619 621 623 626 627 629 630 632 633 636 637 639 640 641 643 644 646 648 650 650 652 652 654 656 657 659 659
508 509 511 513 514 515 516 518 519 520 520 521 522 522 523 524 524 525 525 525 526 525 525 524 522 519 515 517 518 520 521 522 523 524 525 526 527 528 530 531 531 532 589 590 591 592 592 594 595 596 597 597 598 599 599 599 600 601 602 604 605 608 610 613 613 616 618 620 621 624 626 628 629 631 632 633 635 638 639 640 642 644 644 646 649 649 651 653 653 654 655 657 659 660
507 510 511 512 515 516 517 518 520 521 522 522 523 524 525 525 526 527 527 527 527 526 525 525 524 523 519 517 519 520 520 522 523 524 526 527 528 529 529 530 532 533 590 591 591 592 593 594 595 595 596 597 598 599 599 600 601 602 602 604 607 609 611 612 614 617 619 620 622 624 625 628 630 631 632 635 637 638 640 642 644 643 645 647 648 650 652 652 654 656 655 657 659 660
509 510 512 514 515 516 518 519 520 521 523 524 525 525 526 527 528 527 527 527 528 527 528 527 527 525 524 518 518 520 521 522 524 525 526 526 528 529 530 531 532 533 590 591 592 593 594 594 595 596 597 598 598 599 600 601 602 602 603 604 607 608 611 613 616 617 619 620 623 624 626 628 630 631 634 636 636 638 641 643 643 645 647 646 648 651 651 653 655 655 656 658 659 661
509 512 513 514 516 518 519 521 522 523 524 523 525 526 527 527 528 529 528 529 530 530 530 529 528 527 526 524 519 520 522 523 524 525 526 527 528 529 531 532 532 533 590 591 592 592 593 595 596 597 598 598 599 600 601 600 601 602 603 605 607 609 612 614 616 617 619 622 623 625 626 627 631 633 635 635 637 639 640 642 644 646 646 648 649 649 652 654 654 656 658 657 659 662
510 511 513 515 516 518 519 520 521 523 524 525 526 527 527 528 529 529 530 531 531 531 530 531 530 529 529 527 524 521 522 523 524 525 526 528 529 530 530 531 533 534 591 592 592 593 594 595 596 596 597 598 599 600 600 601 602 603 603 606 608 611 612 613 616 618 619 622 624 625 626 629 631 634 634 636 638 639 640 642 644 645 647 648 649 650 652 653 655 657 657 658 660 660
510 513 514 516 517 519 521 522 523 524 526 526 527 528 529 530 530 530 530 531 532 532 532 532 532 531 530 530 527 524 522 523 525 526 527 527 529 530 531 532 533 534 590 592 593 594 595 595 596 597 598 599 599 600 601 602 603 603 604 607 608 610 612 615 617 618 621 622 624 625 627 630 630 632 635 637 637 639 641 642 643 646 647 649 650 651 652 653 655 656 658 659 659 661
511 513 515 517 518 520 521 522 524 525 526 527 528 529 529 530 531 531 532 533 533 533 533 534 533 533 532 531 530 527 523 524 525 525 527 528 529 530 532 533 533 534 591 592 593 593 594 596 597 598 598 599 600 601 602 602 602 603 604 606 608 611 613 615 617 618 621 622 624 626 629 629 631 633 634 636 638 640 641 642 644 646 648 649 650 652 653 653 656 657 658 659 660 661
511 513 515 517 518 519 522 523 524 526 527 527 528 529 531 532 532 533 534 534 535 534 534 534 534 534 534 533 532 531 528 523 525 526 527 529 530 531 531 532 533 535 592 593 593 594 595 596 597 597 598 599 600 600 601 602 603 604 605 607 610 612 614 615 617 620 621 623 625 627 628 630 632 633 634 637 638 640 641 643 644 646 648 649 651 652 653 654 655 657 659 660 661 661
512 514 516 517 520 521 522 524 525 526 527 529 530 531 531 532 533 535 534 534 534 535 535 536 535 536 535 535 533 532 531 527 525 527 528 529 529 531 532 533 534 591 591 593 594 595 596 596 597 598 599 600 600 601 602 603 603 604 606 608 610 611 614 616 617 620 622 624 625 627 629 631 632 633 635 636 639 640 642 643 645 646 647 650 651 652 654 655 655 657 659 660 662 662
512 515 516 519 520 521 523 525 526 528 529 529 531 531 532 533 533 534 535 535 536 536 537 537 537 536 536 536 536 535 533 531 526 526 528 529 530 531 532 534 534 591 592 593 594 594 595 596 598 599 599 600 601 602 603 603 603 604 606 607 610 612 615 616 619 621 622 623 626 628 629 630 632 634 635 637 639 641 643 644 644 646 648 649 651 653 654 655 657 657 658 661 661 662
514 515 518 519 521 522 523 525 526 527 529 530 531 532 533 534 535 536 536 537 537 538 538 538 538 538 537 538 537 537 536 533 530 527 528 529 531 532 532 533 534 592 593 593 594 595 596 597 598 598 599 600 601 601 602 603 604 605 606 609 611 614 615 616 619 621 622 625 627 628 629 631 633 634 636 638 639 641 643 644 646 647 647 649 651 652 654 656 656 657 659 659 662 664
513 516 517 520 521 523 524 525 527 529 529 530 532 533 534 535 535 537 538 537 538 539 539 539 539 540 539 539 538 537 537 536 534 530 529 530 530 531 533 534 535 592 592 593 595 596 597 597 598 599 600 601 601 602 603 604 604 605 607 610 611 613 615 617 619 621 623 626 626 628 630 631 633 635 637 638 640 641 642 645 647 647 649 650 650 652 655 655 657 659 658 660 662 663
514 516 519 520 522 524 525 527 528 529 531 532 533 534 534 535 536 537 537 538 539 539 540 540 541 541 540 540 539 540 539 537 537 533 528 530 531 532 533 534 535 592 593 594 595 595 596 597 598 600 600 601 602 603 604 604 604 605 607 609 611 614 616 618 620 622 623 625 627 629 630 633 634 635 637 639 640 641 643 645 646 648 650 650 651 653 654 656 658 658 659 661 661 663
515 517 519 521 523 524 526 527 528 529 530 532 533 534 535 536 537 538 539 539 540 541 541 541 541 542 541 542 541 541 541 539 538 536 532 530 531 533 533 534 535 592 594 594 595 596 597 598 598 599 600 601 602 602 603 604 605 605 607 610 613 614 616 619 620 621 624 626 628 629 630 633 634 636 638 639 640 642 644 644 646 649 649 651 653 653 654 657 658 659 661 660 662 663
515 517 519 521 523 524 525 528 529 530 532 533 534 536 536 537 538 539 540 540 541 541 542 542 543 542 543 543 543 542 541 541 540 538 537 531 531 532 533 535 536 593 593 594 595 597 598 598 599 600 601 602 602 603 604 605 605 606 609 611 613 614 617 619 620 623 625 626 627 629 632 633 635 636 637 639 641 643 643 645 647 648 650 652 653 653 655 656 658 660 661 661 662 663
515 518 519 522 523 525 527 528 530 531 532 534 535 536 537 538 538 539 540 540 541 542 542 543 543 544 543 544 543 543 543 542 542 541 538 535 532 533 534 535 535 593 594 595 596 596 597 598 599 600 600 601 603 604 603 604 605 606 608 610 613 615 617 619 621 624 624 626 628 631 632 634 635 636 638 640 640 642 644 645 646 648 650 652 653 654 655 656 657 660 661 662 663 664
517 518 521 522 524 526 527 529 531 531 533 534 535 536 537 538 539 541 541 542 543 543 544 543 544 544 545 544 545 545 544 544 543 542 541 539 535 533 534 535 536 593 594 595 596 597 598 599 599 600 601 602 603 603 604 605 606 606 609 611 614 615 618 620 621 623 625 627 628 631 632 634 635 637 639 639 641 643 644 645 647 648 650 652 653 655 656 656 658 659 661 663 663 664
516 519 520 522 524 525 528 529 531 532 533 535 536 537 538 540 540 541 542 542 543 544 544 545 545 546 545 546 546 546 545 545 545 544 543 542 538 533 534 535 537 594 594 595 596 597 598 599 600 601 602 602 603 604 605 606 606 607 610 613 613 616 618 619 622 624 626 627 629 631 632 634 636 637 638 640 642 643 644 646 647 648 650 651 654 655 656 657 658 659 661 663 663 665
517 519 520 523 524 527 528 530 531 532 535 536 536 538 539 540 540 542 542 543 544 544 545 545 546 546 546 546 547 546 547 547 546 546 544 543 540 537 535 536 536 593 595 596 597 597 598 599 600 601 601 602 603 604 604 605 606 608 609 612 614 617 618 620 623 625 625 628 630 631 633 635 636 637 639 641 641 643 645 646 647 649 650 652 653 655 657 658 658 660 661 662 665 664
517 519 522 523 526 527 529 531 532 534 535 536 537 538 539 541 541 542 543 544 545 546 546 546 546 547 547 548 548 548 548 546 547 546 545 545 543 541 534 536 593 594 595 595 596 598 599 600 600 601 602 603 604 604 605 606 607 608 610 613 615 617 619 621 622 624 626 629 630 632 633 634 636 638 641 641 643 645 646 647 648 649 651 652 653 655 657 658 659 659 661 663 663 665
516 519 521 523 525 527 529 530 532 533 535 536 537 539 540 541 543 544 544 545 545 545 547 547 548 548 549 548 549 548 549 548 548 548 547 546 545 543 539 536 593 594 595 596 597 598 598 599 600 602 603 603 604 605 606 606 607 609 611 612 614 617 619 621 623 625 628 629 630 632 633 635 638 638 640 642 643 645 646 648 649 650 650 652 654 654 656 659 659 660 662 662 664 665
518 519 522 524 526 528 530 531 532 535 536 537 539 540 541 542 543 543 544 545 546 547 547 548 548 549 549 549 549 550 550 550 550 549 548 548 546 545 543 537 593 594 595 597 598 598 599 600 601 602 602 603 604 605 605 606 607 609 611 613 616 618 619 622 624 625 627 629 631 632 634 637 637 639 641 642 643 645 646 648 649 650 651 653 653 655 657 657 660 661 661 663 665 665
518 521 522 525 527 528 530 532 534 535 537 538 538 540 541 542 543 544 545 546 547 548 549 549 549 549 550 550 551 551 551 551 550 550 549 549 549 547 544 541 594 595 596 596 597 598 600 601 601 602 603 604 604 605 606 607 607 609 612 614 616 618 620 622 623 626 628 629 631 633 634 636 638 640 641 642 644 645 647 648 649 651 653 652 654 656 656 658 660 661 662 663 664 666
517 520 522 524 526 528 530 532 533 535 536 538 540 541 541 543 544 545 546 547 548 548 548 549 549 550 551 551 551 551 551 552 551 551 551 551 549 549 547 544 594 594 596 597 598 599 599 600 601 602 603 603 605 606 607 607 608 609 612 613 616 618 621 622 624 627 628 630 631 633 635 637 639 639 641 643 644 646 647 648 650 652 652 654 655 655 657 659 659 661 662 663 665 666
519 520 523 525 527 529 531 532 535 536 537 539 540 541 543 544 545 545 546 547 548 549 550 550 551 552 552 551 552 552 553 552 553 553 551 552 551 550 548 547 599 595 596 597 598 599 600 601 602 602 603 604 605 606 606 607 608 610 612 615 617 618 621 623 625 626 628 630 631 634 636 638 638 640 642 643 644 646 647 649 650 651 653 655 655 656 657 658 660 661 662 664 665 666
520 521 523 526 527 530 531 534 535 536 538 539 541 541 542 544 545 546 547 548 549 550 550 551 551 552 553 553 553 554 553 554 553 553 553 553 552 552 550 548 602 596 597 597 598 599 600 601 602 603 604 605 605 606 607 608 608 611 613 616 617 619 621 623 625 627 629 630 633 634 635 637 639 640 642 643 645 646 648 649 650 652 653 654 656 656 657 659 660 661 663 663 665 666
522 521 524 526 529 529 532 533 534 536 538 540 541 542 544 545 545 547 548 549 549 550 551 551 552 552 553 554 554 553 554 554 555 554 554 554 553 552 551 551 605 600 596 597 599 600 600 601 602 603 604 604 605 606 607 607 608 611 613 615 617 620 621 623 626 628 629 630 633 634 636 638 639 640 642 643 645 647 647 649 651 652 653 655 656 657 658 659 660 662 663 663 664 667
522 521 523 525 528 529 532 533 535 537 539 540 541 543 544 545 547 548 547 549 550 551 551 552 553 554 555 554 554 555 555 555 555 556 555 554 554 554 553 552 605 604 600 598 599 599 600 602 603 603 604 605 606 606 607 608 609 611 613 616 618 620 622 624 625 627 629 632 633 635 637 637 639 641 642 644 645 646 648 650 650 652 654 655 656 658 659 659 660 662 663 664 665 666
523 523 524 526 528 531 532 534 536 538 539 540 542 543 544 545 546 547 549 550 550 552 553 553 553 553 554 555 555 555 556 556 556 556 555 556 555 555 554 553 608 606 602 598 599 600 601 602 602 603 604 605 606 607 608 609 609 612 615 616 617 620 622 624 626 628 629 632 634 635 636 638 640 641 642 644 645 647 649 649 651 653 654 655 657 658 659 659 661 662 663 665 665 666
