testData/tiles/oneDegree/grid20.0-41.0-21.0-42.0.asc
ncols   200
nrows   200
xllcorner   20.0
yllcorner   41.0
cellsize   0.005
NODATA_value   -9999.0
[rows 0 to 41 of 200, columns 94 to 187 of 200]
747 747 747 747 754 764 770 775 779 783 786 789 792 795 797 800 802 804 806 808 810 774 776 778 779 781 783 784 786 787 789 790 791 793 794 795 797 798 799 800 801 802 804 805 806 807 808 809 810 811 812 813 814 815 816 817 818 819 819 820 821 822 823 824 824 825 826 827 828 828 829 830 830 831 832 833 833 834 835 835 836 837 837 838 838 839 840 840 841 841 842 843 843 844
747 747 747 747 747 747 760 767 773 739 743 747 750 753 755 758 760 763 765 767 769 771 773 775 777 778 780 781 783 785 786 788 789 790 792 793 794 796 797 798 799 800 802 803 804 805 806 807 808 809 810 811 812 813 814 815 816 817 818 818 819 820 821 822 823 824 824 825 826 827 827 828 829 830 830 831 832 832 833 834 834 835 836 836 837 838 838 839 839 840 841 841 842 842
709 709 709 709 709 709 709 715 726 732 737 741 745 748 751 754 757 759 761 764 766 768 770 772 774 775 777 779 780 782 783 785 786 788 789 791 792 793 795 796 797 798 799 801 802 803 804 805 806 807 808 809 810 811 812 813 814 815 816 817 818 818 819 820 821 822 823 823 824 825 826 826 827 828 829 829 830 831 831 832 833 833 834 835 835 836 837 837 838 838 839 840 840 841
709 709 709 709 709 709 709 709 709 721 729 734 739 743 746 749 752 755 758 760 762 764 767 769 770 772 774 776 778 779 781 782 784 785 787 788 790 791 792 794 795 796 797 798 800 801 802 803 804 805 806 807 808 809 810 811 812 813 814 815 816 817 818 818 819 820 821 822 822 823 824 825 826 826 827 828 828 829 830 831 831 832 833 833 834 834 835 836 836 837 838 838 839 839
709 709 709 709 709 709 709 709 709 709 713 725 731 736 740 744 747 750 753 756 758 761 763 765 767 769 771 773 775 776 778 780 781 783 784 786 787 788 790 791 792 794 795 796 797 799 800 801 802 803 804 805 806 807 808 809 810 811 812 813 814 815 816 817 817 818 819 820 821 821 822 823 824 825 825 826 827 827 828 829 830 830 831 832 832 833 834 834 835 835 836 837 837 838
709 709 709 709 709 709 709 709 709 709 709 709 719 728 733 738 742 745 749 751 754 757 759 761 764 766 768 770 771 773 775 777 778 780 781 783 784 786 787 789 790 791 793 794 795 796 797 799 800 801 802 803 804 805 806 807 808 809 810 811 812 813 814 815 816 816 817 818 819 820 820 821 822 823 824 824 825 826 827 827 828 829 829 830 831 831 832 833 833 834 834 835 836 836
709 709 709 709 709 709 709 709 709 709 709 709 709 709 723 730 735 739 743 746 749 752 755 757 760 762 764 766 768 770 772 774 775 777 779 780 782 783 785 786 787 789 790 791 793 794 795 796 798 799 800 801 802 803 804 805 806 807 808 809 810 811 812 813 814 814 815 816 817 818 819 819 820 821 822 823 823 824 825 825 826 827 828 828 829 830 830 831 832 832 833 833 834 835
709 709 709 709 709 709 709 709 709 709 709 709 709 709 709 716 726 732 737 741 744 747 750 753 756 758 760 763 765 767 769 770 772 774 776 777 779 780 782 783 785 786 788 789 790 792 793 794 795 796 797 799 800 801 802 803 804 805 806 807 808 809 810 811 812 813 813 814 815 816 817 818 818 819 820 821 822 822 823 824 824 825 826 827 827 828 829 829 830 830 831 832 832 833
709 709 709 709 709 709 709 709 709 709 709 709 709 709 709 709 709 720 728 733 738 742 745 748 751 754 756 759 761 763 765 767 769 771 773 774 776 778 779 781 782 784 785 786 788 789 790 792 793 794 795 796 797 799 800 801 802 803 804 805 806 807 808 809 810 811 811 812 813 814 815 816 817 817 818 819 820 820 821 822 823 823 824 825 825 826 827 827 828 829 829 830 831 831
709 709 709 709 709 709 709 709 709 709 709 709 709 709 709 709 709 709 709 723 729 735 739 743 746 749 752 754 757 759 761 763 765 767 769 771 773 774 776 778 779 781 782 784 785 786 788 789 790 791 793 794 795 796 797 798 800 801 802 803 804 805 806 807 808 808 809 810 811 812 813 814 815 815 816 817 818 819 819 820 821 822 822 823 824 824 825 826 826 827 828 828 829 830
709 709 709 709 709 709 709 709 709 709 709 709 709 709 709 709 709 709 709 709 713 725 731 736 740 743 746 749 752 755 757 759 762 764 766 768 769 771 773 775 776 778 779 781 782 784 785 786 788 789 790 791 793 794 795 796 797 798 799 800 801 802 803 804 805 806 807 808 809 810 811 812 813 813 814 815 816 817 817 818 819 820 820 821 822 823 823 824 825 825 826 827 827 828
709 709 709 709 709 709 709 709 709 709 709 709 709 709 709 709 709 709 709 709 709 709 717 726 732 737 740 744 747 750 753 755 757 760 762 764 766 768 770 771 773 775 776 778 779 781 782 784 785 786 788 789 790 791 792 794 795 796 797 798 799 800 801 802 803 804 805 806 807 808 809 810 811 811 812 813 814 815 815 816 817 818 819 819 820 821 821 822 823 823 824 825 825 826
709 709 709 709 709 709 709 709 709 709 709 709 709 709 709 709 709 709 709 709 709 709 709 709 720 727 733 737 741 744 747 750 753 755 758 760 762 764 766 768 770 771 773 775 776 778 779 781 782 783 785 786 787 789 790 791 792 793 795 796 797 798 799 800 801 802 803 804 805 806 807 808 808 809 810 811 812 813 813 814 815 816 817 817 818 819 819 820 821 822 822 823 824 824
709 709 709 709 709 709 709 709 709 709 709 709 709 709 709 709 709 709 709 709 709 709 709 709 709 709 721 728 733 738 741 745 748 750 753 755 758 760 762 764 766 768 770 771 773 775 776 778 779 781 782 783 785 786 787 788 790 791 792 793 794 795 796 798 799 800 801 802 803 803 804 805 806 807 808 809 810 811 811 812 813 814 815 815 816 817 818 818 819 820 820 821 822 822
542 709 709 709 709 709 709 709 709 709 709 709 709 709 709 709 709 709 709 709 709 709 709 709 709 709 709 709 722 729 734 738 742 745 748 751 753 756 758 760 762 764 766 768 769 771 773 774 776 777 779 780 782 783 784 786 787 788 789 791 792 793 794 795 796 797 798 799 800 801 802 803 804 805 806 807 808 808 809 810 811 812 812 813 814 815 816 816 817 818 818 819 820 820
542 542 709 709 709 709 709 709 709 709 709 709 709 709 709 709 709 709 709 709 709 709 709 709 709 709 709 709 709 709 723 729 734 738 742 745 748 751 753 756 758 760 762 764 766 768 769 771 773 774 776 777 779 780 781 783 784 785 787 788 789 790 791 792 794 795 796 797 798 799 800 801 802 803 804 804 805 806 807 808 809 810 810 811 812 813 813 814 815 816 816 817 818 818
542 542 542 709 709 709 709 709 709 709 709 709 709 709 709 709 709 709 709 709 709 709 709 709 709 709 709 709 709 709 709 709 723 730 734 738 742 745 748 751 753 755 758 760 762 764 766 767 769 771 772 774 775 777 778 780 781 782 784 785 786 787 789 790 791 792 793 794 795 796 797 798 799 800 801 802 803 804 805 806 806 807 808 809 810 811 811 812 813 814 814 815 816 816
542 542 542 542 709 709 709 709 709 709 709 709 709 709 709 709 709 709 709 709 709 709 709 709 709 709 709 709 709 709 709 709 709 711 724 730 734 738 742 745 748 750 753 755 757 760 762 763 765 767 769 770 772 774 775 777 778 779 781 782 783 785 786 787 788 789 790 792 793 794 795 796 797 798 799 800 801 802 802 803 804 805 806 807 808 808 809 810 811 811 812 813 814 814
542 542 542 542 542 709 709 709 709 709 709 709 709 709 709 709 709 709 709 709 709 709 709 709 709 709 709 709 709 709 709 709 709 709 709 711 723 730 734 738 742 745 748 750 753 755 757 759 761 763 765 767 768 770 772 773 775 776 778 779 780 782 783 784 785 787 788 789 790 791 792 793 794 795 796 797 798 799 800 801 802 803 804 804 805 806 807 808 808 809 810 811 811 812
542 542 542 542 542 542 709 709 709 709 709 709 709 709 709 709 709 709 709 709 709 709 709 709 709 709 709 709 709 709 709 709 709 709 709 709 709 709 723 729 734 738 741 744 747 750 752 755 757 759 761 763 765 766 768 770 771 773 774 776 777 778 780 781 782 784 785 786 787 788 789 790 792 793 794 795 796 797 798 798 799 800 801 802 803 804 805 805 806 807 808 809 809 810
542 542 542 542 542 542 542 542 709 709 709 709 709 709 709 709 709 709 709 709 709 709 709 709 709 709 709 709 709 709 709 709 709 709 709 709 709 709 709 709 722 729 733 737 741 744 747 749 752 754 756 758 760 762 764 766 767 769 771 772 774 775 777 778 779 780 782 783 784 785 787 788 789 790 791 792 793 794 795 796 797 798 799 800 800 801 802 803 804 805 805 806 807 808
542 542 542 542 542 542 542 542 542 709 709 709 709 709 709 709 709 709 709 709 709 709 709 709 709 709 709 709 709 709 709 709 709 709 709 709 709 709 709 709 709 709 721 728 733 737 740 743 746 749 751 753 756 758 760 762 763 765 767 768 770 772 773 774 776 777 779 780 781 782 784 785 786 787 788 789 790 791 792 793 794 795 796 797 798 799 800 801 801 802 803 804 805 805
542 542 542 542 542 542 542 542 542 542 709 709 709 709 709 709 709 709 709 709 709 709 709 709 709 709 709 709 709 709 709 709 709 709 709 709 709 709 709 709 709 709 709 709 719 727 732 736 739 743 745 748 750 753 755 757 759 761 763 764 766 768 769 771 772 774 775 777 778 779 780 782 783 784 785 786 787 788 789 790 791 792 793 794 795 796 797 798 799 800 801 801 802 803
542 542 542 542 542 542 542 542 542 542 542 709 709 709 709 709 709 709 709 709 709 709 709 709 709 709 709 709 709 709 709 709 709 709 709 709 709 709 709 709 709 709 709 709 709 709 717 725 731 735 738 742 745 747 750 752 754 756 758 760 762 764 765 767 769 770 772 773 774 776 777 778 780 781 782 783 784 785 787 788 789 790 791 792 793 794 794 795 796 797 798 799 800 800
542 542 542 542 542 542 542 542 542 542 542 542 709 709 709 709 709 709 709 709 709 709 709 709 709 709 709 709 709 709 709 709 709 709 709 709 709 709 709 709 709 709 709 709 709 709 709 709 713 723 729 734 737 741 744 746 749 751 753 755 757 759 761 763 765 766 768 769 771 772 774 775 776 778 779 780 781 782 783 785 786 787 788 789 790 791 792 793 794 794 795 796 797 798
542 542 542 542 542 542 542 542 542 542 542 542 542 542 709 709 709 709 709 709 709 709 709 709 709 709 709 709 709 709 709 709 709 709 709 709 709 709 709 709 709 709 709 709 709 709 709 709 709 709 709 721 727 732 736 739 742 745 748 750 752 754 756 758 760 762 764 765 767 768 770 771 773 774 775 777 778 779 780 781 783 784 785 786 787 788 789 790 791 792 793 793 794 795
542 542 542 542 542 542 542 542 542 542 542 542 542 542 542 709 709 709 709 709 709 709 709 709 709 709 709 709 709 709 709 709 709 709 709 709 709 709 709 709 709 709 709 709 709 709 709 709 709 709 709 709 709 717 725 730 734 738 741 744 747 749 751 753 755 757 759 761 763 764 766 767 769 770 772 773 774 776 777 778 779 780 782 783 784 785 786 787 788 789 790 791 792 792
542 542 542 542 542 542 542 542 542 542 542 542 542 542 542 542 709 709 709 709 709 709 709 709 709 709 709 709 709 709 709 709 709 709 709 709 709 709 709 709 709 709 709 709 709 709 709 709 709 709 709 709 709 709 709 709 722 728 733 736 740 742 745 748 750 752 754 756 758 760 761 763 765 766 768 769 771 772 773 774 776 777 778 779 780 782 783 784 785 786 787 788 789 790
542 542 542 542 542 542 542 542 542 542 542 542 542 542 542 542 542 542 709 709 709 709 709 709 709 709 709 709 709 709 709 709 709 709 709 709 709 709 709 709 709 709 709 709 709 709 709 709 709 709 709 709 709 709 709 709 709 709 718 726 730 734 738 741 744 746 749 751 753 755 757 758 760 762 763 765 767 768 769 771 772 773 775 776 777 778 779 780 781 782 784 785 786 786
542 542 542 542 542 542 542 542 542 542 542 542 542 542 542 542 542 542 542 709 709 709 709 709 709 709 709 709 709 709 709 709 709 709 709 709 709 709 709 709 709 709 709 709 709 709 709 709 709 709 709 709 709 709 709 709 709 709 709 709 709 722 728 732 736 739 742 745 747 749 751 753 755 757 759 761 762 764 765 767 768 769 771 772 773 775 776 777 778 779 780 781 782 783
542 542 542 542 542 542 542 542 542 542 542 542 542 542 542 542 542 542 542 542 542 709 709 709 709 709 709 709 709 709 709 709 709 709 709 709 709 709 709 709 709 709 709 709 709 709 709 709 709 709 709 709 709 709 709 709 709 709 709 709 709 709 709 717 725 730 733 737 740 743 745 748 750 752 754 756 757 759 761 762 764 765 767 768 769 771 772 773 774 776 777 778 779 780
542 542 542 542 542 542 542 542 542 542 542 542 542 542 542 542 542 542 542 542 542 542 709 709 709 709 709 709 709 709 709 709 709 709 709 709 709 709 709 709 709 709 709 709 709 709 709 709 709 709 709 709 709 709 709 709 709 709 709 709 709 709 709 709 709 709 720 726 731 734 738 741 743 746 748 750 752 754 756 758 759 761 762 764 765 767 768 769 771 772 773 774 775 776
542 542 542 542 542 542 542 542 542 542 542 542 542 542 542 542 542 542 542 542 542 542 542 542 709 709 709 709 709 709 709 709 709 709 709 709 709 709 709 709 709 709 709 709 709 709 709 709 709 709 709 709 709 709 709 709 709 709 709 709 709 709 709 709 709 709 709 709 709 722 727 732 735 738 741 744 746 748 750 752 754 756 757 759 761 762 764 765 766 768 769 770 771 773
542 542 542 542 542 542 542 542 542 542 542 542 542 542 542 542 542 542 542 542 542 542 542 542 542 709 709 709 709 709 709 709 709 709 709 709 709 709 709 709 709 709 709 709 709 709 709 709 709 709 709 709 709 709 709 709 709 709 709 709 709 709 709 709 709 709 709 709 709 709 709 714 723 728 732 735 738 741 744 746 748 750 752 754 756 757 759 760 762 763 765 766 767 769
542 542 542 542 542 542 542 542 542 542 542 542 542 542 542 542 542 542 542 542 542 542 542 542 542 542 542 709 709 709 709 709 709 709 709 709 709 709 709 709 709 709 709 709 709 709 709 709 709 709 709 709 709 709 709 709 709 709 709 709 709 709 709 709 709 709 709 709 709 709 709 709 709 709 716 723 728 732 736 739 741 744 746 748 750 752 754 755 757 759 760 762 763 764
542 542 542 542 542 542 542 542 542 542 542 542 542 542 542 542 542 542 542 542 542 542 542 542 542 542 542 542 709 709 709 709 709 709 709 709 709 709 709 709 709 709 709 709 709 709 709 709 709 709 709 709 709 709 709 709 709 709 709 709 709 709 709 709 709 709 709 709 709 709 709 709 709 709 709 709 709 716 724 728 732 735 738 741 743 746 748 750 751 753 755 756 758 760
542 542 542 542 542 542 542 542 542 542 542 542 542 542 542 542 542 542 542 542 542 542 542 542 542 542 542 542 542 542 709 709 709 709 709 709 709 709 709 709 709 709 709 709 709 709 709 709 709 709 709 709 709 709 709 709 709 709 709 709 709 709 709 709 709 709 709 709 709 709 709 709 709 709 709 709 709 709 709 709 715 723 728 732 735 738 740 743 745 747 749 751 753 754
542 542 542 542 542 542 542 542 542 542 542 542 542 542 542 542 542 542 542 542 542 542 542 542 542 542 542 542 542 542 542 542 709 709 709 709 709 709 709 709 709 709 709 709 709 709 709 709 709 709 709 709 709 709 709 709 709 709 709 709 709 709 709 709 709 709 709 709 709 709 709 709 709 709 709 709 709 709 709 709 709 709 709 713 722 727 731 734 737 740 742 744 746 748
542 542 542 542 542 542 542 542 542 542 542 542 542 542 542 542 542 542 542 542 542 542 542 542 542 542 542 542 542 542 542 542 542 542 709 709 709 709 709 709 709 709 709 709 709 709 709 709 709 709 709 709 709 709 709 709 709 709 709 709 709 709 709 709 709 709 709 709 709 709 709 709 709 709 709 709 709 709 709 709 709 709 709 709 709 709 709 720 726 730 733 736 739 741
542 542 542 542 542 542 542 542 542 542 542 542 542 542 542 542 542 542 542 542 542 542 542 542 542 542 542 542 542 542 542 542 542 542 542 709 709 709 709 709 709 709 709 709 709 709 709 709 709 709 709 709 709 709 709 709 709 709 709 709 709 709 709 709 709 709 709 709 709 709 709 709 709 709 709 709 709 709 709 709 709 709 709 709 709 709 709 709 709 709 718 724 728 732
542 542 542 542 542 542 542 542 542 542 542 542 542 542 542 542 542 542 542 542 542 542 542 542 542 542 542 542 542 542 542 542 542 542 542 542 542 709 709 709 709 709 709 709 709 709 709 709 709 709 709 709 709 709 709 709 709 709 709 709 709 709 709 709 709 709 709 709 709 709 709 709 709 709 709 709 709 709 709 709 709 709 709 709 709 709 709 709 709 709 709 709 709 712
542 542 542 542 542 542 542 542 542 542 542 542 542 542 542 542 542 542 542 542 542 542 542 542 542 542 542 542 542 542 542 542 542 542 542 542 542 542 542 709 709 709 709 709 709 709 709 709 709 709 709 709 709 709 709 709 709 709 709 709 709 709 709 709 709 709 709 709 709 709 709 709 709 709 709 709 709 709 709 709 709 709 709 709 709 709 709 709 709 709 709 709 709 709
