testData/tiles/oneDegree/grid36.0-39.0-37.0-40.0.asc
ncols   200
nrows   200
xllcorner   36.0
yllcorner   39.0
cellsize   0.005
NODATA_value   -9999.0
[rows 0 to 38 of 200, columns 89 to 177 of 200]
1003 894 894 894 893 893 893 893 878 878 878 878 878 878 877 877 877 877 877 877 877 877 877 876 877 877 878 878 880 879 880 880 881 880 882 881 882 882 882 883 883 884 884 884 884 886 886 886 886 887 887 887 887 887 887 887 888 887 889 889 889 889 890 889 890 889 889 890 890 890 890 890 890 891 890 891 890 891 891 890 891 890 891 891 891 891 891 892 892
1003 894 894 894 894 894 894 894 879 879 879 878 878 878 878 878 878 878 878 878 878 877 877 878 878 878 879 878 878 878 879 880 881 881 881 881 882 883 883 883 883 884 884 885 885 886 884 885 886 887 886 887 887 887 887 888 888 888 889 888 889 888 888 889 890 889 890 890 889 890 890 891 891 890 890 891 890 891 890 891 890 890 892 891 892 891 892 891 892
1004 895 895 895 895 895 895 880 879 879 879 879 879 879 879 879 879 879 879 878 877 877 877 878 878 879 879 878 879 879 880 880 880 880 882 882 883 882 883 883 885 883 883 884 884 884 885 886 886 886 886 887 887 888 888 889 888 887 888 888 889 889 889 889 889 889 890 890 891 890 889 890 889 890 890 890 890 891 891 892 891 892 891 891 891 891 892 891 892
1004 895 895 895 895 895 895 880 879 879 879 879 879 879 879 879 879 879 878 878 878 878 878 879 879 879 879 880 880 880 881 880 881 881 882 881 881 882 883 883 883 883 884 885 884 885 885 886 885 887 887 887 886 887 887 887 888 889 888 888 890 889 890 891 891 891 890 890 891 890 891 891 892 892 891 892 891 892 892 892 892 892 892 894 893 894 893 892 892
1004 895 895 895 895 895 880 880 880 880 880 880 880 880 880 880 879 879 879 879 879 879 879 880 879 880 880 881 881 881 880 880 881 881 882 881 882 882 883 882 884 884 885 884 885 885 886 885 885 886 887 887 887 889 888 889 889 889 889 890 890 890 890 889 890 889 890 890 891 891 892 891 892 891 892 892 891 892 892 893 892 893 893 893 893 893 893 893 893
1005 896 896 896 896 896 881 881 881 881 881 881 881 880 880 880 880 880 880 880 880 879 878 879 879 880 880 881 881 881 881 881 882 882 882 882 883 883 883 883 884 884 883 885 886 886 886 886 886 887 887 888 888 888 889 890 890 891 890 890 890 891 890 890 892 891 892 891 892 892 892 892 892 893 894 893 894 893 893 894 893 894 893 894 893 895 894 895 895
1006 897 897 897 897 897 882 882 882 882 881 880 880 880 880 880 880 880 880 880 880 879 879 880 880 881 881 881 881 882 882 883 883 882 883 883 884 883 884 884 885 884 885 885 886 885 887 888 888 888 888 889 888 889 889 889 889 890 889 890 891 892 892 893 892 892 893 892 893 893 894 894 894 894 894 894 895 894 895 895 895 895 895 895 895 896 895 895 894
1006 897 897 897 897 882 881 881 881 881 881 881 881 881 881 881 881 881 881 880 880 880 880 881 881 882 881 882 882 883 882 882 883 883 884 884 884 884 885 885 886 886 887 887 887 887 888 888 888 887 889 889 889 890 889 890 890 891 891 892 891 892 892 892 892 893 893 893 893 894 895 894 895 894 896 896 896 896 895 895 894 895 895 895 895 895 896 896 896
1006 897 897 897 897 882 882 882 882 882 882 882 882 882 882 882 882 881 881 881 881 881 881 881 881 881 881 882 883 884 883 884 884 885 885 885 886 886 887 886 887 887 888 888 888 888 889 888 889 889 888 889 889 889 891 892 892 892 892 892 892 894 893 894 894 894 894 894 894 894 895 895 896 895 896 895 896 895 896 896 897 897 896 897 896 897 896 897 896
1007 898 898 898 898 883 883 883 883 883 883 883 883 882 882 881 881 881 881 881 881 881 881 881 882 883 883 884 884 884 885 886 886 887 886 886 887 888 887 887 888 888 888 888 889 889 890 890 891 890 891 891 891 891 891 892 891 892 893 894 894 894 894 895 894 895 896 896 896 895 896 896 896 896 896 897 898 897 898 897 898 897 898 897 897 898 897 898 897
1007 898 898 898 883 883 883 883 883 883 883 883 882 882 882 882 882 882 882 882 882 883 882 883 883 884 885 886 885 886 886 887 887 887 887 888 888 887 888 888 890 889 890 890 891 890 891 891 891 892 893 893 892 893 893 893 893 894 893 894 894 894 895 895 895 896 895 897 896 896 897 897 898 897 898 898 898 898 898 898 897 897 899 898 899 898 898 898 898
1008 899 899 899 884 884 884 884 884 883 883 883 883 883 883 883 883 884 884 884 883 883 884 885 885 885 884 885 886 887 887 888 887 888 888 890 889 889 890 890 890 890 891 892 892 892 893 893 893 893 894 893 894 895 894 895 895 895 895 896 895 896 895 896 896 896 896 898 897 897 897 897 898 897 898 897 898 898 899 899 899 899 899 899 899 899 898 899 898
1009 900 900 885 885 884 884 884 884 884 884 884 884 884 885 885 884 884 883 884 884 884 884 885 886 886 886 887 887 888 889 889 889 890 890 890 890 891 892 891 892 892 893 892 893 893 895 894 895 895 895 895 896 895 895 896 895 896 897 897 897 898 897 898 897 898 898 898 898 898 898 898 899 899 899 899 899 899 900 899 900 899 900 900 901 900 901 900 900
1009 900 900 884 884 884 884 884 884 884 884 885 885 885 885 885 885 885 885 885 885 886 886 887 886 887 888 889 889 889 889 890 890 892 891 892 892 892 892 892 894 894 894 894 895 895 895 895 896 896 897 897 897 897 897 897 897 898 897 898 898 898 898 899 898 899 899 900 900 900 900 899 900 899 900 900 900 900 901 901 901 900 900 900 901 900 901 900 900
1009 900 885 885 885 885 885 885 886 886 886 886 886 887 886 886 886 887 887 887 887 887 886 888 888 889 889 890 890 891 891 892 892 892 892 894 894 893 894 894 895 894 895 896 897 896 897 897 897 897 898 897 898 899 898 899 899 899 899 900 899 900 900 900 900 900 900 901 900 901 900 900 901 900 901 900 901 900 901 900 901 901 901 901 901 902 902 902 901
1010 901 886 886 886 886 887 887 887 887 888 888 887 887 888 888 888 888 888 889 889 888 888 889 889 891 891 891 891 892 893 894 893 894 894 895 894 895 896 896 896 896 897 897 897 897 899 898 899 899 900 899 900 900 899 900 899 900 901 901 901 902 901 902 901 902 902 902 902 902 902 902 902 902 902 902 902 902 903 902 903 902 903 902 903 902 903 902 902
1011 902 887 888 888 888 888 889 888 888 888 889 889 889 889 889 890 890 890 889 889 890 890 891 891 892 891 893 893 894 894 894 894 896 896 896 896 896 897 896 898 898 899 898 899 899 899 899 900 901 901 901 902 901 901 902 901 902 901 902 902 902 902 903 902 904 903 904 904 904 904 903 904 903 904 904 904 904 904 904 904 904 903 903 903 903 903 903 902
1013 889 889 888 889 889 889 889 889 890 890 890 890 891 891 891 891 890 891 891 891 891 891 893 892 893 893 894 894 896 895 896 896 897 896 898 898 898 898 898 899 899 899 900 901 901 901 901 902 901 902 902 902 903 903 903 903 904 903 904 903 904 904 904 904 904 904 905 904 904 904 904 905 904 905 904 905 904 905 904 905 904 905 905 905 905 904 905 904
1013 889 890 890 890 890 891 891 891 891 892 892 892 892 892 892 892 892 892 893 893 893 893 893 893 895 895 896 896 896 896 898 898 898 898 899 899 899 900 900 901 900 901 901 902 901 903 903 903 903 904 903 903 904 903 904 904 905 905 905 905 906 905 906 906 906 906 906 906 905 906 906 906 906 906 906 906 906 907 906 907 906 907 906 907 906 906 906 906
1000 891 891 892 892 892 892 893 893 893 893 893 894 893 893 893 894 894 894 894 894 894 894 895 895 896 896 897 897 898 898 899 898 900 900 900 900 900 901 901 902 902 903 903 903 903 904 903 904 905 905 905 905 905 905 906 905 906 906 906 906 906 906 907 907 908 907 908 908 907 908 907 908 907 908 908 908 908 908 908 908 908 908 907 906 907 906 907 906
1001 893 893 893 893 894 894 894 894 895 895 894 894 895 895 895 895 895 896 896 895 895 895 897 897 898 897 898 898 900 900 900 900 901 901 901 902 902 903 902 903 903 904 904 905 905 905 905 906 905 905 906 906 907 907 907 907 908 907 908 907 908 908 908 908 909 908 908 908 908 908 908 909 908 909 908 909 908 909 908 909 908 908 908 908 908 908 908 908
1003 894 895 895 895 895 896 895 895 895 895 896 896 896 896 897 897 897 896 896 897 897 897 898 898 899 899 900 900 901 900 902 902 902 902 902 903 904 904 904 905 905 905 905 906 906 907 907 907 907 907 907 907 908 907 908 908 909 909 910 909 910 909 910 910 909 910 909 910 909 910 910 910 910 910 910 910 910 910 910 909 910 910 910 910 910 910 910 910
1004 895 895 895 896 896 896 896 897 897 897 897 898 898 898 898 898 898 898 898 898 898 899 900 899 900 900 902 902 902 902 903 903 903 904 904 905 904 905 905 907 906 907 907 907 907 908 908 907 909 909 909 909 909 909 910 909 910 910 910 910 910 910 912 911 911 911 911 912 911 912 911 912 911 912 911 912 912 912 912 911 912 911 912 910 911 910 911 910
1005 897 897 897 897 898 898 898 898 899 899 899 899 899 900 899 899 899 900 900 900 900 899 901 901 902 902 903 902 904 904 904 904 904 905 906 906 906 907 907 907 907 909 909 909 909 910 909 909 910 909 910 911 911 911 911 911 912 911 912 912 912 912 911 912 912 912 912 912 912 912 912 912 912 913 912 913 912 912 912 912 912 912 912 912 912 912 912 912
898 898 898 899 899 899 899 900 900 900 900 901 901 900 900 901 901 901 901 901 902 901 901 902 902 904 903 904 904 905 905 905 906 906 907 906 907 908 909 908 909 909 910 909 910 911 910 911 911 911 911 912 911 912 912 912 912 913 913 914 913 913 913 913 914 913 914 913 914 913 914 914 914 914 914 914 913 914 913 914 913 914 913 914 913 914 913 914 913
900 900 900 900 901 901 901 901 902 902 901 901 902 902 902 902 902 903 903 902 902 902 903 904 904 904 904 906 906 906 906 906 907 908 908 908 909 909 909 909 911 911 911 911 911 911 911 912 912 913 913 913 913 914 913 914 913 914 914 913 914 914 915 915 915 915 915 915 916 915 916 915 916 915 915 915 915 915 915 915 915 916 915 916 915 915 914 913 914
901 901 902 902 902 902 902 902 902 902 903 903 903 903 904 904 904 904 903 904 904 904 904 905 905 906 906 906 907 907 908 908 909 908 909 910 911 910 911 911 912 911 912 913 912 913 913 913 913 914 913 914 915 915 915 916 915 915 915 915 916 915 916 915 916 916 916 916 916 916 915 916 915 916 915 916 916 916 916 916 916 916 916 915 916 915 916 915 916
902 902 902 903 903 903 903 904 904 904 904 905 905 905 905 905 905 905 905 905 906 906 906 906 906 907 908 908 908 908 909 910 910 910 911 911 911 912 913 913 912 913 913 913 913 915 914 915 915 915 915 916 915 916 916 915 917 916 917 917 917 917 917 917 918 917 918 917 917 917 917 918 917 918 917 918 917 918 917 918 917 917 917 917 917 917 917 917 917
903 904 904 904 904 905 905 905 905 906 906 906 906 907 906 906 906 907 907 907 907 906 907 907 908 908 909 909 910 910 911 910 911 912 913 912 913 913 913 913 914 915 914 915 915 916 915 916 916 917 917 917 917 917 917 917 918 917 918 917 918 918 919 919 919 919 918 919 919 919 919 919 919 919 919 919 919 919 919 918 919 918 919 918 919 917 918 917 918
905 905 906 906 906 906 907 907 907 907 908 908 907 907 908 908 908 908 908 909 908 908 908 908 910 910 910 910 911 912 912 912 913 913 913 914 914 915 914 915 915 915 916 917 917 917 917 918 917 918 918 917 919 918 919 919 919 919 919 919 920 919 920 919 919 920 919 920 919 920 919 920 919 920 919 920 919 919 919 919 919 919 919 919 919 919 919 919 918
907 907 907 907 908 908 908 908 909 908 908 908 909 909 909 909 910 910 909 909 909 910 910 910 910 910 912 912 913 912 913 914 915 914 914 915 915 915 916 917 917 917 917 918 917 919 919 919 919 919 919 919 919 919 920 919 921 921 921 921 921 921 920 921 921 921 921 921 921 921 921 921 921 921 921 921 921 921 921 921 921 921 921 921 920 921 920 920 920
908 909 909 909 909 909 909 909 909 910 910 910 910 911 911 911 911 910 911 911 911 911 912 911 912 912 913 914 914 914 915 915 914 916 916 917 916 917 917 918 918 919 919 919 919 920 919 919 921 920 921 921 921 921 921 921 922 921 922 921 921 923 922 923 922 923 922 923 922 923 923 922 923 922 923 922 923 922 923 922 923 922 922 922 922 922 921 921 921
909 909 909 910 910 910 910 911 911 911 911 912 912 912 912 912 912 912 912 913 913 913 912 912 914 914 915 914 915 916 916 916 916 917 917 918 918 919 919 919 919 920 920 920 921 920 921 921 921 921 922 921 923 922 923 923 922 923 922 923 923 923 923 923 923 923 923 924 923 923 923 923 924 924 924 923 923 923 922 923 922 923 922 923 922 923 922 923 922
910 911 911 911 912 912 912 912 913 913 913 913 914 913 913 913 914 914 914 914 914 914 914 914 915 915 916 916 916 917 916 918 918 919 918 919 919 920 920 921 921 920 921 921 921 922 923 922 923 923 923 923 924 923 923 924 924 925 924 925 924 925 924 925 925 924 925 924 925 924 925 924 925 924 925 924 924 924 924 924 924 924 924 924 924 923 924 923 924
912 912 913 913 913 913 914 914 914 914 915 914 914 914 915 915 915 915 916 915 915 915 915 916 917 916 916 917 918 918 918 919 919 920 920 921 921 921 921 921 922 922 923 922 923 923 923 923 925 924 925 925 924 925 924 925 925 925 925 925 926 927 926 926 926 926 926 926 926 926 926 926 926 926 926 926 926 926 926 926 925 926 925 925 925 925 925 924 924
914 914 914 915 915 915 915 916 915 915 915 916 916 916 916 917 917 917 916 916 917 917 917 917 917 918 918 919 918 919 920 921 920 921 921 923 922 922 923 922 923 923 925 924 925 925 925 925 925 925 925 926 926 927 926 927 926 927 926 927 927 926 927 926 927 926 927 927 927 928 927 928 927 928 927 928 927 928 926 926 926 926 926 926 926 925 926 925 925
915 916 916 916 915 916 916 916 916 917 917 917 918 918 918 918 917 918 918 918 918 919 918 918 918 919 920 920 920 921 921 921 922 923 923 922 923 923 925 924 925 925 925 925 926 926 926 927 926 927 926 927 927 927 927 928 928 928 928 928 928 928 928 928 929 928 929 928 928 928 928 928 928 928 928 928 928 927 928 927 928 927 928 927 928 927 926 927 926
916 916 917 917 917 917 918 918 918 918 919 919 919 919 919 919 919 919 920 920 920 919 919 920 920 921 920 921 922 923 922 922 923 923 924 924 925 925 925 925 927 926 927 927 926 927 927 927 928 928 928 929 928 929 929 928 929 928 929 928 930 930 930 930 930 930 929 930 929 930 929 930 929 930 929 929 929 929 929 929 929 929 928 929 928 929 928 928 927
918 918 918 918 919 919 919 919 920 920 920 921 920 920 920 920 921 921 921 921 921 921 921 921 921 922 922 923 923 922 924 924 925 924 925 925 927 926 927 927 927 927 928 928 928 929 928 929 929 929 929 930 930 930 930 930 930 930 930 930 931 930 930 930 930 930 930 931 931 931 931 930 931 930 931 930 931 930 931 930 929 929 929 929 929 929 929 928 929
