testData/tiles/oneDegree/grid11.0-12.0-12.0-13.0.asc
ncols   200
nrows   200
xllcorner   11.0
yllcorner   12.0
cellsize   0.005
NODATA_value   -9999.0
[rows 84 to 125 of 200, columns 94 to 187 of 200]
218 217 217 217 216 216 216 215 215 216 215 215 215 214 214 213 213 213 280 281 281 280 280 280 279 278 278 277 278 277 277 277 276 275 275 274 274 274 274 273 272 272 272 270 270 270 269 270 269 268 268 266 266 266 265 265 266 265 265 264 264 264 263 263 263 262 263 262 262 262 261 261 261 260 409 408 409 409 408 408 408 407 407 406 406 407 406 406 406 405 405 404 404 404
217 217 217 216 216 216 215 215 215 215 215 215 214 214 214 213 213 213 280 281 280 280 280 279 279 278 277 277 278 277 277 277 276 275 274 274 274 274 274 273 272 272 272 270 270 269 269 270 268 268 268 266 266 265 265 265 265 265 265 264 264 264 263 263 262 262 263 262 262 262 261 261 260 260 409 409 409 409 408 408 407 407 407 406 406 407 406 406 405 405 405 404 404 403
217 217 217 216 216 216 215 215 214 215 215 214 214 214 213 213 213 212 213 281 280 280 280 279 279 277 277 277 277 277 277 276 276 275 274 274 274 274 273 272 272 272 271 270 270 269 269 269 268 268 267 266 266 265 265 265 265 265 264 264 264 263 263 263 262 262 262 262 262 261 261 261 260 260 408 409 409 408 408 408 407 407 406 406 406 406 406 406 405 405 404 404 404 403
217 217 216 216 216 215 215 215 214 215 215 214 214 214 213 213 212 212 213 280 280 280 279 279 279 277 277 277 277 277 276 276 276 274 274 274 273 274 273 272 272 271 271 270 269 269 270 268 268 268 267 266 265 265 265 264 265 265 264 264 264 263 263 262 262 263 262 262 262 261 261 260 260 260 408 409 409 408 408 407 407 407 406 406 407 406 406 405 405 405 404 404 404 403
217 216 216 216 215 215 215 214 214 215 214 214 214 213 213 213 212 212 213 280 280 279 279 279 278 277 277 277 277 277 276 276 275 274 274 273 273 274 272 272 272 271 271 270 269 269 269 268 268 267 267 266 265 265 265 264 265 264 264 264 263 263 263 262 262 262 262 262 261 261 261 260 260 259 408 409 408 408 408 407 407 406 406 406 406 406 406 405 405 404 404 404 403 403
217 216 216 216 215 215 214 214 215 214 214 214 213 213 213 212 212 212 212 212 280 279 279 279 277 277 276 277 277 276 276 276 274 274 274 273 273 274 272 272 271 271 271 269 269 269 269 268 268 267 267 265 265 265 264 265 265 264 264 264 263 263 262 262 262 262 262 262 261 261 260 260 260 259 409 409 408 408 407 407 407 406 406 406 406 406 405 405 405 404 404 404 403 404
216 216 216 215 215 215 214 214 215 214 214 214 213 213 212 212 212 211 212 212 279 279 279 278 277 277 276 277 277 276 276 275 274 274 273 273 274 273 272 272 271 271 271 269 269 268 269 268 267 267 267 265 265 265 264 265 264 264 264 263 263 263 262 262 261 262 262 261 261 261 260 260 259 259 409 408 408 408 407 407 407 406 406 405 406 406 405 405 404 404 404 403 403 404
216 216 215 215 215 214 214 214 214 214 214 213 213 213 212 212 212 212 212 212 211 279 278 278 277 276 276 277 276 276 276 275 274 274 273 273 273 273 272 271 271 271 270 269 269 268 269 268 267 267 266 265 265 264 264 265 264 264 263 263 263 262 262 262 262 262 262 261 261 260 260 260 259 408 409 408 408 407 407 407 406 406 406 406 406 405 405 405 404 404 404 403 403 403
216 215 215 215 214 214 214 213 214 214 213 213 213 212 212 212 211 212 212 211 211 279 278 277 277 276 276 276 276 276 275 275 274 273 273 273 273 273 272 271 271 270 269 269 268 269 269 267 267 267 266 265 264 264 264 264 264 264 263 263 263 262 262 261 262 262 261 261 261 260 260 259 259 408 408 408 408 407 407 407 406 406 405 406 406 405 405 405 404 404 403 403 403 403
216 215 215 215 214 214 214 213 214 214 213 213 212 212 212 211 211 212 211 211 211 278 278 277 276 276 276 276 276 276 275 274 273 273 273 272 273 272 271 271 271 270 269 269 268 269 268 267 267 266 265 265 264 264 264 264 264 263 263 263 262 262 262 261 262 262 261 261 260 260 260 259 259 409 408 408 407 407 407 406 406 406 405 406 405 405 405 404 404 404 403 403 403 403
215 215 215 214 214 214 213 213 214 213 213 213 212 212 212 211 211 212 211 211 210 210 277 276 276 276 276 276 276 275 275 274 273 273 273 272 273 271 271 271 270 270 269 268 268 269 267 267 267 266 265 264 264 264 264 264 264 263 263 263 262 262 261 261 262 261 261 261 260 260 259 259 259 408 408 408 407 407 407 406 406 405 405 406 405 405 405 404 404 403 403 403 403 403
215 215 214 214 214 213 213 213 213 213 213 212 212 212 211 211 211 211 211 211 210 210 277 276 276 276 276 276 275 275 275 273 273 273 272 272 273 271 271 271 270 270 268 268 268 268 267 267 266 266 265 264 264 264 264 264 263 263 263 262 262 262 261 261 262 261 261 260 260 260 259 259 259 408 408 407 407 407 406 406 406 405 406 405 405 405 404 404 404 403 403 402 403 403
215 214 214 214 213 213 213 213 213 213 212 212 212 211 211 211 210 211 211 210 210 209 208 276 276 275 276 276 275 275 274 273 273 272 272 273 272 271 271 270 270 270 268 268 268 268 267 266 266 266 264 264 264 263 264 264 263 263 262 262 262 261 261 261 261 261 261 260 260 259 259 259 258 408 408 407 407 407 406 406 405 405 406 405 405 405 404 404 403 403 403 402 403 403
215 214 214 214 213 213 213 213 213 213 212 212 212 211 211 211 210 211 210 210 210 208 208 276 275 275 276 275 275 275 273 273 273 272 272 273 271 271 270 270 270 268 268 268 267 268 267 266 266 266 264 264 263 263 264 263 263 263 262 262 262 261 261 261 261 261 260 260 260 259 259 259 258 408 407 407 407 406 406 406 405 405 405 405 405 404 404 404 403 403 402 402 403 402
214 214 214 213 213 213 212 213 213 212 212 212 211 211 211 210 210 211 210 210 209 208 208 208 275 275 275 275 275 274 273 273 272 272 272 272 271 271 270 270 270 268 268 267 267 268 266 266 266 264 264 264 263 263 264 263 263 262 262 262 261 261 261 261 261 261 260 260 259 259 259 258 258 408 407 407 407 406 406 405 405 405 405 405 405 404 404 403 403 403 402 403 403 402
214 214 213 213 213 212 212 213 212 212 212 211 211 211 210 210 211 210 210 209 208 208 208 207 275 275 275 275 275 273 273 273 272 272 271 272 271 270 270 270 269 268 268 267 268 267 266 266 265 264 264 263 263 263 263 263 263 262 262 262 261 261 260 261 261 260 260 260 259 259 259 258 259 407 407 407 406 406 406 405 405 404 405 405 404 404 404 403 403 402 402 403 402 402
214 213 213 213 213 212 212 212 212 212 211 211 211 210 210 210 210 210 209 208 208 208 207 207 275 274 275 275 274 273 273 272 272 272 271 271 271 270 270 269 269 268 267 267 268 266 266 266 265 264 264 263 263 262 263 263 262 262 262 261 261 261 260 261 261 260 260 259 259 259 258 258 259 407 407 406 406 406 405 405 405 404 405 405 404 404 403 403 403 402 402 403 402 402
214 213 213 213 212 212 212 212 212 212 211 211 211 210 210 210 210 209 209 208 208 208 207 207 206 274 275 274 273 273 272 272 272 271 271 271 270 270 270 269 268 268 267 267 267 266 266 265 265 264 263 263 263 263 263 263 262 262 261 261 261 260 260 261 260 260 260 259 259 258 258 258 258 407 407 406 406 406 405 405 404 405 405 404 404 404 403 403 402 402 402 402 402 402
213 213 213 212 212 212 211 212 212 211 211 211 210 210 210 209 209 209 208 208 208 207 207 207 206 275 275 274 273 273 272 272 271 271 270 270 270 270 269 269 268 267 267 267 266 266 266 265 265 263 263 263 262 263 263 262 262 262 261 261 261 260 260 260 260 260 259 259 259 258 258 258 258 407 406 406 406 405 405 405 404 405 405 404 404 403 403 403 402 402 402 402 402 401
213 213 212 212 212 211 211 212 211 211 211 210 210 210 209 208 209 208 208 208 207 207 207 206 206 207 274 273 273 272 272 272 271 271 270 270 270 270 269 269 267 267 267 266 266 266 265 265 264 263 263 263 262 263 262 262 262 261 261 261 260 260 261 260 260 260 259 259 258 258 258 257 258 407 406 406 406 405 405 404 404 405 404 404 404 403 403 402 402 402 402 402 402 401
212 211 212 212 211 211 211 212 211 211 211 210 210 208 208 208 208 208 208 207 207 207 206 206 206 206 273 273 272 272 272 271 271 271 270 270 270 269 269 268 267 267 267 266 266 265 265 265 263 263 263 262 262 263 262 262 262 261 261 260 260 260 260 260 260 259 259 259 258 258 258 257 258 406 406 406 405 405 405 404 404 404 404 404 403 403 403 402 402 402 402 402 401 401
212 211 211 211 210 211 211 211 211 211 209 209 209 208 208 208 208 208 208 207 207 207 206 206 206 206 205 273 272 272 271 271 271 269 270 270 269 269 269 267 267 267 266 266 266 265 265 265 263 263 262 262 262 262 262 262 261 261 261 260 260 260 260 260 259 259 259 258 258 258 257 257 258 406 406 405 405 405 404 404 404 404 404 404 403 403 402 402 402 401 402 402 401 401
211 211 211 210 210 210 210 210 210 209 209 209 208 208 208 207 208 208 207 207 207 206 206 206 205 205 205 272 272 272 271 271 271 269 270 270 269 269 267 267 267 266 266 265 265 265 265 263 263 263 262 262 262 262 262 261 261 261 260 260 260 259 260 260 259 259 259 258 258 257 257 258 257 406 406 405 405 405 404 404 403 404 404 403 403 403 402 402 402 401 402 401 401 401
211 211 210 210 210 209 210 210 209 209 209 208 208 208 207 207 208 207 207 207 206 206 206 205 204 205 204 204 272 271 271 271 269 269 270 269 269 269 267 267 267 266 266 265 265 265 264 263 263 262 262 262 261 262 262 261 261 261 260 260 259 259 260 259 259 259 258 258 258 257 257 258 257 406 405 405 405 404 404 404 403 404 404 403 403 402 402 402 401 401 402 401 401 400
211 210 210 210 209 209 210 209 209 209 208 208 208 208 207 207 208 207 207 207 206 206 205 204 204 204 204 204 271 271 271 270 269 269 269 269 269 268 267 267 266 266 265 265 265 265 264 263 263 262 262 261 261 262 261 261 261 260 260 260 259 259 260 259 259 258 258 258 257 257 257 257 257 406 405 405 405 404 404 403 403 404 403 403 403 402 402 402 401 401 401 401 401 400
211 210 210 210 209 209 210 209 209 209 208 208 208 207 207 207 207 207 207 206 206 206 205 204 204 204 204 204 203 271 271 269 269 269 269 269 268 267 267 266 266 266 264 265 265 264 263 263 262 262 262 261 261 262 261 261 260 260 260 259 259 259 259 259 259 258 258 258 257 257 256 257 257 405 405 405 404 404 404 403 404 403 403 403 402 402 402 401 401 401 401 401 400 400
210 210 210 209 209 209 209 209 209 208 208 208 207 207 207 207 207 207 206 206 206 205 204 204 203 204 204 203 203 271 269 269 269 268 269 269 268 267 267 266 266 266 264 265 264 264 263 262 262 262 261 261 261 261 261 261 260 260 260 259 259 258 259 259 258 258 258 257 257 257 256 257 257 405 405 404 404 404 403 403 404 403 403 403 402 402 401 401 401 400 401 401 400 400
210 210 209 209 209 208 209 209 208 208 208 207 207 207 206 207 207 206 206 206 204 204 204 203 203 204 203 203 203 202 269 269 268 268 269 268 267 267 266 266 266 264 264 265 264 264 263 262 262 261 261 261 261 261 261 260 260 260 259 259 259 258 259 259 258 258 257 257 257 256 256 257 256 405 405 404 404 404 403 403 403 403 403 402 402 402 401 401 401 400 401 400 400 400
210 209 209 209 208 208 209 208 208 208 207 207 207 206 206 207 207 206 206 205 204 204 204 203 203 204 203 203 202 201 269 268 268 268 268 267 267 266 266 266 265 264 264 264 264 263 262 262 262 261 261 261 261 261 261 260 260 259 259 259 258 258 259 258 258 258 257 257 257 256 256 256 256 405 404 404 404 403 403 403 403 403 403 402 402 401 401 401 400 401 401 400 400 400
209 209 209 208 208 208 209 208 208 208 207 207 207 206 206 207 206 206 205 204 204 204 203 203 203 203 203 203 201 201 201 268 268 268 268 267 267 266 266 266 264 264 263 264 264 262 262 262 261 261 261 260 261 261 260 260 260 259 259 259 258 258 258 258 258 257 257 257 256 256 256 256 256 405 404 404 403 403 403 402 403 403 402 402 402 401 401 401 400 401 400 400 400 399
209 209 209 208 208 208 208 208 208 207 207 207 206 206 206 206 205 205 204 204 204 203 203 203 202 203 203 201 201 201 200 268 268 267 267 267 266 266 266 265 264 264 263 264 263 262 262 262 261 261 260 260 261 260 260 260 259 259 259 258 258 258 258 258 258 257 257 256 256 256 255 256 256 404 404 404 403 403 403 402 403 402 402 402 401 401 401 400 400 401 400 400 399 399
208 209 208 208 208 207 208 208 207 207 207 206 206 206 204 205 205 204 204 204 203 203 203 202 203 203 202 201 201 200 200 200 267 267 267 266 266 266 265 264 264 263 263 264 262 262 262 261 261 261 260 260 261 260 260 259 259 259 258 258 258 257 258 258 257 257 257 256 256 256 255 256 255 404 404 403 403 403 402 402 403 402 402 402 401 401 400 400 400 400 400 400 399 399
208 207 207 207 206 206 208 207 207 206 205 205 205 204 204 205 204 204 204 203 203 203 203 202 203 203 201 201 201 200 200 200 267 266 266 266 266 265 265 264 263 263 263 262 262 262 261 261 261 260 260 260 260 260 260 259 259 259 258 258 258 258 258 257 257 257 256 256 256 255 255 256 255 404 404 403 403 402 402 402 402 402 402 401 401 401 400 400 400 400 400 399 399 399
207 207 207 206 206 206 206 206 206 205 205 205 205 204 204 205 204 204 204 203 203 203 202 202 203 201 201 201 200 200 200 199 198 266 266 266 266 265 264 264 263 263 263 262 262 262 261 261 260 260 260 259 260 260 259 259 259 258 258 258 257 258 258 257 257 257 256 256 255 255 255 255 255 404 403 403 403 402 402 402 402 402 401 401 401 400 400 400 399 400 400 399 399 399
207 207 206 206 206 206 206 206 206 205 205 205 204 204 204 204 204 204 203 203 203 202 202 201 201 201 201 200 200 200 199 198 198 265 266 266 265 264 264 263 263 263 261 262 262 261 261 261 260 260 260 259 260 260 259 259 258 258 258 257 257 258 257 257 257 256 256 256 255 255 255 255 255 403 403 403 402 402 402 401 402 402 401 401 401 400 400 399 399 400 399 399 399 398
207 206 206 206 206 205 206 206 205 205 205 204 204 204 203 204 204 203 203 203 202 202 201 200 201 201 200 200 200 199 199 198 197 197 266 265 265 264 263 263 263 262 261 262 261 261 261 260 260 260 259 259 260 259 259 259 258 258 258 257 257 257 257 257 256 256 256 255 255 255 254 255 255 403 403 403 402 402 401 401 402 401 401 401 400 400 400 399 399 400 399 399 398 398
207 206 206 206 205 205 206 205 205 205 204 204 204 203 203 204 203 203 203 202 202 201 200 200 201 201 200 200 200 199 198 198 197 197 266 265 264 264 263 263 262 261 261 261 261 261 260 260 260 259 259 259 259 259 259 258 258 258 257 257 257 257 257 257 256 256 256 255 255 254 254 255 254 403 403 402 402 402 401 401 402 401 401 400 400 400 399 399 399 399 399 399 398 398
206 206 206 205 205 205 205 205 205 204 204 204 203 203 203 204 203 203 203 201 201 201 200 200 201 200 200 200 199 198 198 197 197 197 197 264 264 263 263 263 262 261 261 261 261 261 260 260 260 259 259 259 259 259 258 258 258 257 257 257 256 257 257 256 256 256 255 255 255 254 254 255 254 403 402 402 402 401 401 401 401 401 401 400 400 400 399 399 398 399 399 398 398 398
206 206 205 205 205 204 205 205 204 204 204 204 203 203 203 203 203 202 201 201 201 200 200 200 200 200 200 199 198 198 197 197 197 196 197 264 263 263 263 262 261 261 260 261 261 260 260 260 259 259 259 258 259 259 258 258 258 257 257 257 256 257 256 256 256 255 255 255 254 254 254 254 254 403 402 402 402 401 401 400 401 401 400 400 400 399 399 399 398 399 399 398 398 397
206 205 205 205 204 204 205 205 204 204 204 203 203 203 202 202 202 201 201 201 200 200 200 199 200 200 199 198 198 197 197 197 196 196 196 195 263 263 262 261 261 260 260 261 260 260 260 259 259 259 258 258 259 258 258 258 257 257 257 256 256 257 256 256 256 255 255 254 254 254 253 254 254 402 402 402 401 401 401 400 401 401 400 400 399 399 399 398 398 399 398 398 398 397
204 204 204 203 204 204 205 204 204 204 203 202 202 201 201 202 201 201 201 200 200 200 199 199 200 199 198 198 197 197 197 197 196 195 196 195 263 263 262 261 261 260 260 261 260 260 259 259 259 258 258 258 258 258 258 257 257 257 256 256 256 256 256 256 255 255 255 254 254 254 253 254 254 402 402 401 401 401 400 400 401 400 400 400 399 399 399 398 398 398 398 398 397 397
204 204 204 203 203 203 203 203 203 202 202 202 201 201 201 201 201 201 200 200 200 200 199 199 200 198 198 198 197 197 197 196 195 195 195 195 195 262 261 261 260 260 260 260 260 260 259 259 259 258 258 258 258 258 258 257 257 256 256 256 255 256 256 255 255 255 254 254 254 253 253 254 253 402 402 401 401 401 400 400 400 400 400 399 399 399 398 398 398 398 398 398 397 397
