testData/tiles/oneDegree/grid12.0-47.0-13.0-48.0.asc
ncols   200
nrows   200
xllcorner   12.0
yllcorner   47.0
cellsize   0.005
NODATA_value   -9999.0
[rows 0 to 41 of 200, columns 0 to 93 of 200]
592 597 598 598 597 597 598 597 597 598 598 598 598 598 597 598 596 596 597 596 595 597 596 595 595 595 594 593 593 592 592 593 591 590 592 591 589 590 589 588 588 586 585 585 585 584 583 583 581 582 581 579 578 577 576 574 574 573 571 570 570 568 566 566 564 562 561 559 557 554 554 552 549 549 545 542 539 537 534 530 527 522 520 520 520 521 481 481 482 483 483 482 483 484
598 599 598 598 597 598 598 597 597 598 597 597 597 597 597 597 597 595 596 595 594 596 595 594 594 594 593 593 593 593 592 592 591 590 592 590 588 589 588 587 587 586 585 585 585 583 582 582 582 580 580 578 576 577 576 574 573 572 571 570 570 567 565 565 563 561 559 559 556 554 553 551 548 546 544 541 539 536 532 529 525 520 518 519 521 521 481 481 480 481 481 482 482 484
597 598 598 598 597 598 598 597 598 597 596 596 597 596 596 595 596 595 595 595 595 595 595 593 594 594 593 593 594 592 590 591 590 589 590 589 588 588 588 587 586 586 585 584 584 582 580 582 580 579 579 578 576 576 575 574 572 571 570 568 568 566 564 563 563 561 560 558 555 552 552 550 547 545 542 540 539 534 531 528 524 519 518 520 520 520 480 480 480 481 482 482 482 482
597 597 596 596 596 597 596 596 597 596 596 597 596 596 596 596 596 595 595 596 594 594 594 594 593 593 592 592 592 591 590 591 590 589 589 589 587 588 588 586 585 584 584 583 583 582 580 582 580 578 578 577 577 575 574 572 571 572 570 568 567 566 564 564 562 559 558 556 554 553 551 549 547 545 541 539 537 534 530 527 522 518 518 519 519 478 479 479 480 482 481 481 482 482
596 597 596 596 596 596 595 596 596 595 595 596 595 595 595 595 594 593 593 594 593 593 593 593 593 593 591 592 591 591 590 589 590 589 589 587 587 587 586 585 585 585 584 582 582 581 581 580 579 577 576 577 575 574 573 572 570 570 569 567 565 563 563 562 560 559 558 555 554 552 550 547 544 543 541 538 536 533 529 525 520 517 517 519 519 478 479 478 479 480 480 480 481 482
596 597 596 596 596 596 594 595 595 594 595 595 594 594 595 594 594 593 594 594 593 593 593 593 592 591 591 592 590 590 588 589 589 588 587 587 587 586 585 585 585 584 583 582 580 581 579 579 578 577 576 575 575 574 572 571 570 569 567 566 565 563 563 562 560 557 556 555 552 550 549 546 544 542 540 537 534 530 526 524 520 517 517 518 517 477 478 479 479 480 480 480 480 480
594 595 595 595 596 595 595 595 595 594 595 595 594 594 595 594 593 594 594 593 593 591 591 591 591 590 591 591 589 589 590 589 588 587 587 587 586 586 584 583 584 582 582 582 580 581 579 578 577 576 577 574 573 573 571 570 570 568 566 566 565 564 560 560 558 556 555 554 552 550 547 546 542 541 538 535 533 529 525 523 519 516 517 517 517 476 478 479 479 479 479 479 480 480
594 595 595 594 595 595 595 594 595 595 594 595 593 593 594 593 592 594 592 591 591 592 591 591 591 591 590 590 589 588 590 588 586 586 587 585 585 585 583 584 584 582 581 581 581 579 578 577 576 576 575 574 572 572 570 570 570 568 565 563 564 562 560 559 558 555 555 553 550 549 546 543 542 540 537 534 532 527 523 521 516 515 517 517 517 476 477 477 477 478 478 478 479 480
593 594 594 593 593 594 593 592 593 593 592 593 593 592 593 592 592 593 592 591 591 592 591 590 590 589 588 589 588 588 588 587 586 586 586 585 585 584 584 583 583 581 579 581 579 578 577 577 576 575 575 573 572 571 570 568 567 567 565 564 563 562 559 558 556 555 553 551 550 548 545 543 541 540 535 532 529 526 523 520 515 515 515 515 475 476 477 477 477 478 477 477 479 479
592 594 594 593 594 594 593 592 594 593 592 593 593 592 593 592 591 591 591 590 590 591 589 588 590 589 588 589 587 587 588 587 585 585 586 584 582 583 583 581 582 580 579 579 579 577 576 576 575 573 573 572 570 570 570 568 567 565 564 563 561 560 558 557 556 554 553 550 548 547 544 542 539 537 535 531 529 526 521 518 514 514 515 515 475 475 476 476 476 477 477 478 479 479
593 593 593 592 594 594 592 591 593 592 591 592 592 591 591 592 591 591 591 590 589 590 589 588 590 589 588 587 587 586 586 585 584 584 585 583 582 584 582 581 580 580 580 578 578 576 575 575 574 573 572 571 571 570 568 566 565 564 564 562 561 559 557 556 555 552 551 549 546 545 543 541 538 536 533 529 528 524 520 516 513 514 515 515 474 474 475 475 475 476 477 476 477 478
592 592 592 592 592 591 591 591 591 591 590 591 591 590 590 591 590 590 590 590 588 589 588 588 588 587 586 587 587 586 585 585 585 584 583 583 582 581 581 579 579 580 578 578 576 576 574 575 574 572 571 569 569 568 567 566 565 564 562 561 560 557 555 556 553 551 550 548 546 545 542 538 536 534 531 529 526 523 518 514 512 512 514 514 474 474 475 474 474 476 476 476 477 477
592 592 591 592 592 591 592 591 591 590 590 590 590 589 590 590 589 589 589 589 588 588 588 587 587 587 586 587 586 585 584 584 583 582 582 582 581 581 580 579 579 578 578 577 575 574 574 573 572 571 570 570 569 568 566 564 564 563 561 559 559 557 555 554 553 551 548 546 545 543 541 538 535 534 530 527 524 520 515 512 512 513 514 473 472 472 473 474 475 476 476 475 476 476
590 590 591 591 591 590 591 590 590 590 590 590 589 589 590 589 589 589 589 588 587 587 587 586 586 585 586 585 584 584 584 583 583 582 582 581 581 580 578 578 578 577 576 576 574 574 573 573 571 570 571 568 566 567 565 563 563 562 560 558 557 556 554 553 550 549 548 545 543 543 540 536 533 531 529 526 523 519 514 511 510 512 513 472 472 473 473 473 473 474 474 474 476 476
590 590 590 590 590 590 589 590 590 590 590 589 588 589 589 587 587 588 587 587 586 587 586 586 586 584 585 585 584 584 584 582 581 580 580 580 579 579 578 577 578 576 575 575 574 572 572 571 570 568 569 568 566 565 564 563 563 560 559 557 556 554 553 552 550 547 547 544 542 540 537 535 533 531 528 524 521 517 512 510 511 511 512 472 471 472 472 473 473 474 474 473 474 474
588 590 589 588 589 589 588 588 588 588 588 588 587 588 588 587 586 588 587 586 586 587 585 584 584 584 584 584 582 581 583 582 580 580 581 579 578 579 577 576 576 575 574 573 574 572 570 571 569 569 568 566 564 564 562 562 561 559 557 557 556 554 551 550 548 546 545 544 541 539 537 533 532 529 526 522 519 515 511 511 510 510 511 470 470 471 473 473 472 473 473 473 474 475
587 590 589 588 590 589 588 588 589 588 587 588 587 586 587 586 586 587 586 585 585 585 584 583 584 584 582 583 582 582 583 580 579 578 579 578 577 577 577 576 575 575 573 574 573 571 569 568 568 567 566 565 564 563 562 561 561 558 556 556 555 552 550 549 548 546 545 541 539 538 535 532 531 527 525 521 517 513 509 509 510 510 511 470 469 471 471 471 471 472 472 471 473 474
587 588 587 586 588 588 587 586 588 587 586 587 587 586 587 585 585 586 585 584 584 585 584 582 583 582 581 582 582 580 580 580 579 578 579 578 576 576 577 574 574 573 572 572 571 570 570 568 567 567 566 563 562 563 561 559 559 557 555 555 554 552 549 547 545 545 543 540 538 536 534 531 529 525 522 519 516 512 508 509 508 508 469 469 470 471 471 470 470 471 471 471 473 473
587 587 587 587 587 587 586 586 587 586 585 587 585 584 584 585 584 584 584 584 583 584 582 582 582 582 581 581 581 580 580 579 578 577 577 576 575 576 575 574 573 572 572 572 570 568 567 568 566 565 564 563 561 562 560 558 557 556 555 554 551 550 548 547 545 543 541 539 536 534 532 530 528 525 521 516 513 510 507 508 508 508 468 467 468 469 470 470 470 471 471 471 472 472
586 586 586 586 586 586 585 585 586 585 585 585 585 584 585 585 584 584 584 583 582 582 581 581 581 581 579 580 580 579 578 577 578 577 576 576 575 575 573 572 572 571 570 570 569 567 567 567 565 564 564 561 560 560 559 557 556 554 554 553 551 548 545 546 544 541 540 538 535 534 532 527 525 523 519 515 513 508 506 507 507 507 467 468 468 469 469 468 468 469 470 470 472 472
585 585 586 585 585 585 586 585 585 585 585 584 584 583 584 582 582 582 582 582 581 581 582 581 580 579 579 580 579 578 577 577 575 575 575 573 574 574 572 571 571 571 569 570 567 566 565 566 564 562 562 562 560 559 557 556 554 553 551 550 549 547 545 544 543 541 538 535 533 533 530 527 524 521 517 514 511 506 505 506 506 506 467 467 467 468 468 468 468 470 469 469 470 470
584 584 584 584 584 583 584 583 583 584 583 583 582 583 583 582 582 582 582 582 581 579 579 579 579 578 579 578 577 576 577 576 575 575 574 574 573 572 571 569 571 570 568 567 567 566 565 564 563 562 560 559 558 558 556 554 555 553 551 549 548 545 544 543 540 539 537 535 533 530 528 525 521 519 516 512 509 505 504 505 505 465 466 466 466 468 467 467 468 469 469 469 470 469
584 585 584 584 584 584 583 583 583 582 582 582 581 582 582 581 581 582 580 579 579 580 579 579 579 577 577 578 577 575 576 575 574 572 573 573 571 572 570 569 570 569 568 566 564 565 563 563 561 560 561 559 557 557 554 552 552 551 549 547 546 546 544 542 539 536 536 534 531 529 526 523 520 517 514 510 506 503 503 505 505 464 465 465 465 465 466 466 466 467 467 467 469 469
582 583 582 581 583 583 582 582 583 582 582 582 582 581 581 580 580 581 580 578 578 579 578 576 577 577 576 577 575 574 575 575 573 572 574 571 570 569 569 569 568 567 566 566 565 563 563 562 559 559 559 557 555 555 554 553 552 550 549 546 544 543 541 540 538 536 534 532 529 527 524 521 518 516 513 509 504 502 502 503 504 464 465 465 464 464 465 466 466 467 467 466 467 467
582 583 582 581 583 581 580 580 581 580 579 580 580 579 580 579 579 579 579 578 578 578 577 576 577 577 574 574 574 574 573 573 572 570 571 571 569 569 568 568 568 565 564 564 564 562 561 561 559 558 558 557 554 553 552 551 550 548 546 545 545 543 539 538 536 534 533 530 528 527 523 519 517 514 510 505 502 502 502 503 503 462 463 463 463 464 466 465 465 466 466 466 467 467
581 582 581 580 581 581 580 580 581 580 579 581 580 579 579 579 578 577 577 576 576 576 576 575 575 575 574 574 574 573 573 572 571 570 570 568 568 568 567 566 566 565 563 565 563 561 559 559 558 557 556 555 553 552 552 550 550 547 545 543 543 541 539 537 535 534 531 529 526 524 520 518 516 513 508 503 500 500 502 503 462 462 462 462 462 463 464 464 464 464 464 465 466 467
579 579 579 579 579 580 579 579 580 579 578 579 578 577 577 578 577 577 576 577 576 576 575 574 574 573 573 572 572 572 572 570 569 570 569 568 567 568 566 564 565 563 563 562 562 560 558 558 558 556 554 553 552 552 550 548 547 546 544 543 540 538 537 535 533 531 530 528 525 522 519 516 512 511 506 502 500 499 500 501 460 461 462 462 462 462 463 463 463 464 464 464 465 465
579 579 579 579 579 578 579 578 578 578 577 577 577 576 577 576 576 576 575 575 574 574 573 574 574 572 572 573 572 569 570 569 569 567 568 566 565 567 565 564 563 563 562 561 559 558 557 557 555 555 554 552 551 551 548 546 545 543 543 541 540 538 535 535 532 530 528 525 523 521 519 515 510 507 503 499 499 500 500 501 459 459 460 460 461 462 463 462 462 463 463 464 465 465
578 578 578 578 578 577 578 577 577 577 577 577 576 576 577 576 575 575 574 573 573 573 573 572 572 571 570 572 570 569 569 569 568 567 566 565 565 564 564 562 562 561 561 560 559 557 557 556 554 552 552 551 550 549 547 546 545 543 541 539 538 536 533 533 531 529 527 523 520 518 517 513 509 506 502 496 498 499 499 459 459 459 459 460 460 460 461 461 461 461 462 463 464 464
577 577 577 576 575 575 575 575 575 575 575 575 574 575 575 574 573 573 574 573 573 572 572 571 572 570 569 569 569 568 566 568 567 565 565 565 564 564 562 561 560 560 558 558 557 555 555 555 553 552 551 550 548 547 545 543 542 542 540 538 536 534 532 531 529 526 525 522 519 516 514 510 507 504 499 497 498 497 497 457 458 458 459 460 460 459 460 460 460 461 462 461 462 462
550 551 550 549 575 576 575 575 575 575 574 575 573 573 574 573 572 573 572 571 570 572 571 570 569 569 569 569 568 567 566 566 565 564 563 563 563 562 561 559 561 559 558 555 556 555 553 553 552 550 549 548 547 547 544 542 541 540 538 536 535 532 532 529 527 524 522 519 518 515 513 509 504 501 497 496 497 497 497 457 456 456 457 458 459 459 460 459 459 461 461 461 462 461
547 550 549 548 548 549 548 547 549 548 573 574 574 573 572 572 571 571 572 570 569 570 569 568 568 569 568 567 566 566 565 565 564 563 563 562 560 561 559 558 558 558 556 555 554 554 553 551 549 548 549 547 545 545 543 541 540 538 537 534 533 532 529 529 526 523 520 517 515 513 511 507 503 499 495 494 495 496 496 456 456 457 456 457 457 457 458 458 459 459 459 460 461 461
548 549 548 546 546 547 546 545 547 546 545 545 546 545 545 545 571 570 570 569 569 569 569 568 567 566 566 566 565 564 564 564 562 561 563 561 560 560 559 557 557 556 555 553 553 552 551 550 549 548 547 545 543 542 540 540 538 537 535 533 531 530 527 526 523 521 520 518 513 510 507 505 501 498 494 494 494 494 453 454 456 456 456 457 456 456 457 458 458 459 458 458 458 459
547 547 547 546 546 547 546 545 546 546 545 545 545 544 544 543 543 542 542 542 542 542 567 566 567 566 565 565 564 563 561 562 561 559 561 560 558 558 558 557 555 555 553 552 552 550 549 549 547 546 545 545 543 540 540 538 537 535 533 531 531 529 526 524 521 519 517 516 512 509 506 501 497 495 493 493 494 494 452 453 454 454 454 455 456 455 456 457 457 458 458 458 457 458
498 497 498 545 545 545 545 545 545 544 543 544 543 543 542 543 543 541 541 541 540 540 539 538 540 538 537 537 564 562 561 562 560 559 559 558 557 556 556 555 554 553 552 552 551 549 547 546 546 545 544 542 541 539 539 536 534 534 531 529 529 526 524 523 520 517 515 513 509 507 504 500 497 492 491 491 493 493 452 453 453 453 453 454 454 454 456 455 455 456 456 457 457 458
497 496 496 497 496 496 496 496 543 542 542 543 542 541 541 542 541 540 540 540 539 540 538 537 538 537 536 534 536 535 534 533 534 532 558 557 555 556 554 553 552 552 551 549 550 548 546 546 544 543 542 540 538 537 537 535 533 532 529 528 527 525 522 520 519 517 513 511 507 504 501 499 495 491 490 490 491 450 451 452 453 452 452 453 453 454 455 455 454 455 455 455 455 457
497 496 497 496 496 496 496 495 495 494 494 495 541 539 540 540 539 538 540 539 538 538 537 537 537 537 534 534 534 533 532 532 531 531 531 529 528 529 528 525 524 550 549 548 547 547 545 545 543 541 541 539 537 536 535 534 532 530 529 527 525 523 520 518 517 514 512 510 505 502 499 496 491 490 490 490 489 450 450 450 451 451 451 452 453 453 454 454 454 454 455 455 456 457
494 494 495 494 494 494 494 493 494 493 493 494 492 491 491 492 538 537 538 537 536 536 537 536 534 534 534 534 533 531 531 531 530 528 529 528 527 526 526 525 523 524 522 520 520 518 516 517 542 540 538 538 536 534 533 531 530 529 527 525 523 521 518 516 515 512 509 507 504 500 498 493 489 488 488 488 489 449 449 449 450 450 450 451 452 452 453 453 453 453 454 456 456 457
493 494 494 493 492 494 493 492 493 493 492 491 492 492 491 490 490 489 489 489 488 534 534 534 533 533 532 532 532 530 529 531 528 527 527 526 526 524 524 523 522 522 520 520 518 516 516 515 514 512 510 510 508 507 505 503 527 527 526 523 522 519 517 515 513 510 507 505 501 498 496 491 486 487 487 487 447 448 448 449 450 450 450 452 452 452 452 453 453 453 455 455 455 456
491 491 492 491 491 493 492 490 490 491 490 489 489 490 489 489 489 489 489 487 486 487 486 485 484 484 531 530 530 529 529 528 528 526 526 525 524 523 522 521 521 520 519 517 517 517 514 513 511 511 509 509 507 505 505 503 499 499 497 495 493 491 489 513 510 508 505 502 499 496 493 488 485 486 487 488 447 448 448 448 449 449 450 452 452 452 452 453 453 453 455 455 455 456
491 491 492 490 490 490 490 489 490 489 489 488 489 489 488 488 487 487 487 486 485 487 485 483 482 484 482 481 482 480 480 480 525 525 523 524 523 521 521 519 518 519 517 516 515 515 513 512 510 508 508 507 505 503 502 501 500 497 495 493 490 489 488 485 483 480 477 475 473 469 465 487 485 485 486 488 447 448 448 448 449 449 450 451 451 451 451 452 452 453 455 455 455 456
491 490 490 490 490 490 489 489 488 488 488 486 487 486 486 486 486 485 486 484 484 484 484 483 481 483 481 480 479 480 479 478 477 476 476 475 474 473 520 518 517 516 516 514 514 513 511 510 509 506 505 504 503 501 500 499 497 496 494 492 489 489 486 484 482 479 476 473 470 467 464 459 459 459 461 461 420 421 421 422 449 450 450 450 451 451 451 452 453 453 454 454 454 455
