testData/tiles/oneDegree/grid16.0-38.0-17.0-39.0.asc
ncols   200
nrows   200
xllcorner   16.0
yllcorner   38.0
cellsize   0.005
NODATA_value   -9999.0
[rows 42 to 83 of 200, columns 94 to 187 of 200]
617 618 618 619 619 620 619 620 620 621 621 622 622 623 623 623 623 624 624 625 625 626 625 626 626 626 627 627 627 419 420 420 420 420 420 421 421 420 421 421 422 422 422 423 423 424 424 419 420 420 420 421 421 421 422 422 422 646 646 646 647 647 647 648 648 648 649 649 649 649 650 650 650 651 651 651 651 652 652 652 653 653 653 653 654 654 654 654 655 655 655 655 656 484
617 618 618 619 619 620 619 620 620 621 621 622 622 623 623 623 623 624 624 625 625 626 625 626 626 627 627 627 627 419 420 420 421 420 420 421 421 421 421 421 422 422 422 423 423 424 424 419 420 420 420 421 421 421 422 422 422 646 646 646 647 647 647 648 648 648 649 649 649 650 650 650 650 651 651 651 652 652 652 652 653 653 653 653 654 654 654 654 655 655 655 655 656 656
617 618 618 619 619 620 619 620 621 621 622 622 623 623 624 623 623 624 624 625 625 626 625 626 626 627 627 627 627 419 420 420 421 420 420 421 420 421 421 421 422 422 423 423 423 424 424 419 420 420 420 421 421 422 422 422 646 646 646 647 647 647 647 648 648 648 649 649 649 650 650 650 650 651 651 651 652 652 652 652 653 653 653 653 654 654 654 654 655 655 655 655 656 656
617 618 618 619 620 620 620 620 621 621 622 622 623 623 624 623 624 624 624 625 625 626 625 626 626 627 627 628 627 627 420 420 421 420 420 421 420 421 421 421 422 422 423 423 423 424 424 419 420 420 421 421 421 422 422 645 646 646 646 647 647 647 648 648 648 648 649 649 649 650 650 650 651 651 651 651 652 652 652 652 653 653 653 653 654 654 654 654 655 655 655 655 656 656
617 618 618 619 620 620 620 620 621 621 622 622 623 623 624 623 624 624 625 625 625 626 625 626 626 627 627 628 627 627 420 420 420 420 421 421 420 421 421 421 422 422 423 423 423 424 424 419 420 420 421 421 421 422 422 645 646 646 646 647 647 647 648 648 648 648 649 649 649 650 650 650 651 651 651 651 652 652 652 652 653 653 653 654 654 654 654 655 655 655 655 655 656 656
617 618 619 619 620 620 620 620 621 621 622 622 623 623 624 623 624 624 625 625 626 626 625 626 626 627 627 628 627 627 420 420 420 420 421 421 420 421 421 422 422 422 423 423 423 424 424 420 420 420 421 421 421 422 645 645 646 646 646 647 647 647 648 648 648 649 649 649 649 650 650 650 651 651 651 651 652 652 652 653 653 653 653 654 654 654 654 655 655 655 655 656 656 656
618 618 619 619 620 620 620 620 621 621 622 622 623 623 624 623 624 624 625 625 626 626 625 626 626 627 627 628 627 628 420 420 420 420 421 421 420 421 421 422 422 422 423 423 423 424 419 420 420 420 421 421 421 422 645 645 646 646 646 647 647 647 648 648 648 649 649 649 649 650 650 650 651 651 651 652 652 652 652 653 653 653 653 654 654 654 654 655 655 655 655 656 656 656
618 618 619 619 620 620 620 620 621 621 622 622 623 623 624 623 624 624 625 625 626 626 626 626 626 627 627 628 627 628 420 420 420 420 421 421 420 421 421 422 422 422 423 423 424 424 419 420 420 420 421 421 421 645 645 645 646 646 646 647 647 647 648 648 648 649 649 649 650 650 650 650 651 651 651 652 652 652 652 653 653 653 653 654 654 654 654 655 655 655 655 656 656 656
618 618 619 619 620 620 620 620 621 621 622 622 623 623 624 623 624 624 625 625 626 626 626 626 626 627 627 628 627 628 420 420 420 420 421 421 421 421 421 422 422 422 423 423 424 424 419 420 420 420 421 421 644 645 645 645 646 646 646 647 647 647 648 648 648 649 649 649 650 650 650 650 651 651 651 652 652 652 652 653 653 653 653 654 654 654 654 655 655 655 655 656 656 656
618 618 619 619 620 620 620 620 621 621 622 622 623 623 624 623 624 624 625 625 626 626 626 626 627 627 627 627 627 628 628 421 420 420 421 421 421 421 421 422 422 422 423 423 424 424 419 420 420 420 421 421 644 645 645 646 646 646 647 647 647 647 648 648 648 649 649 649 650 650 650 650 651 651 651 652 652 652 652 653 653 653 653 654 654 654 655 655 655 655 655 656 656 656
618 618 619 619 620 620 620 620 621 621 622 622 623 623 624 623 624 624 625 625 626 626 626 626 627 627 627 627 627 628 628 421 420 420 421 421 421 421 421 422 422 423 423 423 424 424 419 420 420 420 421 644 645 645 645 646 646 646 647 647 647 648 648 648 648 649 649 649 650 650 650 651 651 651 651 652 652 652 652 653 653 653 654 654 654 654 655 655 655 655 656 656 656 656
618 618 619 619 620 620 620 620 621 621 622 622 623 623 624 623 624 624 625 625 626 626 626 626 627 627 627 627 627 628 628 421 420 420 421 421 421 421 421 422 422 423 423 423 424 424 419 420 420 421 421 644 645 645 645 646 646 646 647 647 647 648 648 648 648 649 649 649 650 650 650 651 651 651 651 652 652 652 653 653 653 653 654 654 654 654 655 655 655 655 656 656 656 656
618 618 619 619 620 620 620 621 621 622 622 623 623 624 624 623 624 624 625 625 626 626 626 626 627 627 628 627 627 628 628 421 420 420 421 421 421 421 421 422 422 423 423 423 424 424 419 420 420 421 644 644 645 645 645 646 646 646 647 647 647 648 648 648 649 649 649 649 650 650 650 651 651 651 651 652 652 652 653 653 653 653 654 654 654 654 655 655 655 655 656 656 656 656
618 618 619 619 620 621 620 621 621 622 622 623 623 624 623 624 624 624 625 625 626 626 626 626 627 627 628 627 627 628 628 421 420 420 421 421 421 421 421 422 422 423 423 423 424 424 420 420 420 421 644 644 645 645 645 646 646 646 647 647 647 648 648 648 649 649 649 649 650 650 650 651 651 651 651 652 652 652 653 653 653 653 654 654 654 654 655 655 655 655 701 701 701 701
618 618 619 620 620 621 620 621 621 622 622 623 623 624 623 624 624 625 625 625 626 625 626 626 627 627 628 627 627 628 628 421 420 421 421 421 421 421 422 422 422 423 423 423 424 424 420 420 420 644 644 644 645 645 645 646 646 646 647 647 647 648 648 648 649 649 649 650 650 650 650 651 651 651 652 652 652 652 653 653 653 653 654 654 654 654 655 700 700 700 701 701 701 701
618 618 619 620 620 621 620 621 621 622 622 623 623 624 623 624 624 625 625 625 626 625 626 626 627 627 628 627 627 628 628 421 420 421 421 421 421 421 422 422 422 423 423 423 424 424 420 420 643 644 644 644 645 645 645 646 646 646 647 647 647 648 648 648 649 649 649 650 650 650 650 651 651 651 652 652 652 652 653 653 653 653 654 699 699 699 700 700 700 700 701 701 701 701
618 619 619 620 620 621 620 621 621 622 622 623 623 624 623 624 624 625 625 626 626 625 626 626 627 627 628 627 628 628 628 421 420 421 421 421 421 421 422 422 422 423 423 424 424 424 420 420 643 644 644 644 645 645 645 646 646 646 647 647 647 648 648 648 649 649 649 650 650 650 650 651 651 651 652 652 652 652 653 653 698 698 699 699 699 699 700 700 700 700 701 701 701 701
618 619 619 620 620 621 620 621 621 622 622 623 623 624 623 624 624 625 625 626 626 625 626 626 627 627 628 627 628 628 628 421 420 421 421 421 421 421 422 422 422 423 423 424 424 424 420 643 643 644 644 644 645 645 645 646 646 646 647 647 647 648 648 648 649 649 649 650 650 650 650 651 651 651 652 652 652 697 698 698 698 699 699 699 699 700 700 700 700 700 701 701 701 701
618 619 619 620 620 620 620 621 621 622 622 623 623 624 623 624 624 625 625 626 626 625 626 626 627 627 628 627 628 628 628 421 420 421 421 421 421 421 422 422 422 423 423 424 424 424 420 643 643 644 644 644 645 645 645 646 646 646 647 647 647 648 648 648 649 649 649 650 650 650 651 651 651 651 697 697 697 697 698 698 698 699 699 699 699 700 700 700 700 701 701 701 701 701
618 619 619 620 620 620 620 621 621 622 622 623 623 624 623 624 624 625 625 626 626 626 626 626 627 627 628 627 628 628 628 421 420 421 421 421 421 421 422 422 422 423 423 424 424 424 643 643 643 644 644 644 645 645 646 646 646 647 647 647 647 648 648 648 649 649 649 650 650 650 651 696 696 696 697 697 697 697 698 698 698 699 699 699 699 700 700 700 700 701 701 701 701 701
618 619 619 620 620 620 620 621 621 622 622 623 623 624 623 624 624 625 625 626 626 626 626 626 627 627 628 627 628 628 628 421 420 421 421 422 421 421 422 422 422 423 423 424 424 424 643 643 643 644 644 645 645 645 646 646 646 647 647 647 648 648 648 648 649 649 649 650 695 695 696 696 696 696 697 697 697 698 698 698 698 699 699 699 699 700 700 700 700 701 701 701 701 702
618 619 619 620 620 620 620 621 621 622 622 623 623 624 623 624 624 625 625 626 626 626 626 626 627 627 628 627 628 628 628 421 420 421 421 422 421 421 422 422 423 423 423 424 424 647 643 643 643 644 644 645 645 645 646 646 646 647 647 647 648 648 648 648 649 649 694 695 695 695 696 696 696 696 697 697 697 698 698 698 698 699 699 699 699 700 700 700 700 701 701 701 701 702
618 619 619 620 620 620 620 621 621 622 622 623 623 624 623 624 624 625 625 626 626 626 626 626 627 627 628 627 628 628 629 421 420 421 421 422 421 421 422 422 423 423 423 424 424 647 643 643 643 644 644 645 645 645 646 646 646 647 647 647 648 648 648 693 694 694 694 695 695 695 696 696 696 696 697 697 697 698 698 698 698 699 699 699 699 700 700 700 700 701 701 701 701 702
649 619 619 620 620 620 620 621 621 622 622 623 623 624 623 624 624 625 625 626 626 626 626 627 627 627 628 627 628 628 629 421 420 421 421 422 421 421 422 422 423 423 423 424 647 647 643 643 644 644 644 645 645 645 646 646 646 647 647 647 693 693 693 694 694 694 694 695 695 695 696 696 696 696 697 697 697 698 698 698 698 699 699 699 699 700 700 700 700 701 701 701 701 702
649 650 650 620 620 620 620 621 621 622 622 623 623 624 623 624 624 625 625 626 626 626 626 627 627 627 628 627 628 628 629 421 420 421 421 422 421 421 422 422 423 423 423 647 647 647 643 643 644 644 644 645 645 645 646 646 646 647 692 692 693 693 693 694 694 694 694 695 695 695 696 696 696 696 697 697 697 698 698 698 698 699 699 699 699 700 700 700 700 701 701 701 701 702
649 650 650 651 651 620 620 621 621 622 622 623 623 624 623 624 624 625 625 626 626 626 626 627 627 627 628 627 628 628 629 421 420 421 421 422 421 421 422 422 423 423 423 647 647 647 643 643 644 644 644 645 645 645 646 691 691 692 692 692 693 693 693 694 694 694 694 695 695 695 696 696 696 697 697 697 697 698 698 698 698 699 699 699 699 700 700 700 700 701 701 701 701 702
649 650 650 651 651 651 651 652 621 622 622 623 623 624 623 624 624 625 625 626 626 626 626 627 627 627 628 627 628 628 629 421 420 421 421 421 421 421 422 422 423 423 646 647 647 647 643 643 644 644 644 645 645 690 691 691 691 692 692 692 693 693 693 694 694 694 694 695 695 695 696 696 696 697 697 697 697 698 698 698 698 699 699 699 699 700 700 700 700 701 701 701 701 702
649 650 650 651 651 651 651 652 652 653 622 623 623 624 623 624 624 625 625 626 626 626 626 627 627 627 628 627 628 628 629 420 420 421 421 421 421 421 422 422 423 423 646 647 647 647 643 643 644 644 644 690 690 690 691 691 691 692 692 692 693 693 693 694 694 694 695 695 695 695 696 696 696 697 697 697 697 698 698 698 698 699 699 699 699 700 700 700 700 701 701 701 701 702
649 650 650 651 651 651 651 652 652 653 653 654 623 624 623 624 624 625 625 626 626 626 626 627 627 627 628 627 628 628 629 420 420 421 421 421 421 421 422 422 423 646 646 647 647 648 643 643 689 689 689 690 690 690 691 691 691 692 692 692 693 693 693 694 694 694 695 695 695 695 696 696 696 697 697 697 697 698 698 698 698 699 699 699 699 700 700 700 700 701 701 701 701 702
649 650 650 651 651 651 651 652 652 653 653 654 654 655 623 624 624 625 625 626 626 626 626 627 627 627 628 627 628 628 629 420 420 421 421 421 421 421 422 422 423 646 646 647 647 648 688 688 689 689 689 690 690 690 691 691 691 692 692 692 693 693 693 694 694 694 695 695 695 695 696 696 696 697 697 697 697 698 698 698 698 699 699 699 699 700 700 700 700 701 701 701 701 702
651 651 650 651 651 651 651 652 652 653 653 654 654 654 654 655 624 625 625 626 626 626 626 627 627 627 627 627 628 628 629 420 420 421 421 421 421 421 422 422 646 646 646 647 692 693 688 688 689 689 689 690 690 690 691 691 691 692 692 692 693 693 693 694 694 694 695 695 695 695 696 696 696 697 697 697 697 698 698 698 698 699 699 699 700 700 700 700 700 701 701 701 701 702
653 653 652 652 651 651 651 652 652 653 653 654 654 654 654 655 655 656 625 626 626 626 626 627 627 628 627 627 628 628 629 420 420 421 421 421 421 421 422 422 646 646 691 692 692 688 688 688 689 689 689 690 690 690 691 691 691 692 692 692 693 693 693 694 694 694 695 695 695 695 696 696 696 697 697 697 697 698 698 698 698 699 699 699 700 700 700 700 700 701 701 701 701 702
655 655 654 654 652 652 651 652 652 653 653 654 654 654 654 655 655 656 656 657 625 626 626 627 627 628 627 627 628 628 629 420 420 421 421 421 421 421 422 690 691 691 691 692 692 688 688 688 689 689 689 690 690 690 691 691 691 692 692 692 693 693 693 694 694 694 695 695 695 695 696 696 696 697 697 697 697 698 698 698 698 699 699 699 700 700 700 700 700 701 701 701 701 702
657 657 656 656 654 654 653 653 652 653 654 654 654 654 654 655 655 656 656 657 656 657 626 627 627 628 627 627 628 628 629 420 420 421 421 421 421 467 467 690 691 691 691 692 692 688 688 688 689 689 689 690 690 690 691 691 691 692 692 692 693 693 693 694 694 694 695 695 695 695 696 696 696 697 697 697 697 698 698 698 698 699 699 699 700 700 700 700 701 701 701 701 701 702
659 659 658 658 656 656 655 655 655 654 654 654 654 654 654 655 655 656 656 657 656 657 657 658 627 628 627 627 628 628 629 420 420 421 421 466 466 467 690 690 691 691 691 692 692 688 688 688 689 689 689 690 690 690 691 691 691 692 692 692 693 693 693 694 694 694 695 695 695 695 696 696 696 697 697 697 697 698 698 698 698 699 699 699 700 700 700 700 701 701 701 701 701 702
660 661 660 660 658 658 657 657 657 656 656 655 654 654 654 655 655 656 656 657 656 657 657 658 658 659 627 627 628 628 629 420 420 466 466 466 466 467 690 690 691 691 691 692 692 688 688 688 689 689 689 690 690 690 691 691 691 692 692 692 693 693 693 694 694 694 695 695 695 695 696 696 696 697 697 697 697 698 698 698 698 699 699 699 700 700 700 700 701 701 701 701 701 702
662 662 661 662 660 660 659 659 659 658 658 657 656 655 654 655 655 656 656 657 656 657 657 658 658 659 658 658 628 628 421 465 465 466 466 466 466 690 690 690 691 691 691 692 692 688 688 688 689 689 689 690 690 690 691 691 691 692 692 692 693 693 693 694 694 694 695 695 695 695 696 696 696 697 697 697 697 698 698 698 698 699 699 699 700 700 700 700 701 701 701 701 701 702
664 664 663 663 661 662 661 661 660 660 660 659 658 657 656 656 655 656 656 657 656 657 657 658 658 659 658 658 659 704 466 465 465 466 466 466 466 690 690 690 691 691 691 692 692 688 688 688 689 689 689 690 690 690 691 691 691 692 692 692 693 693 693 694 694 694 695 695 695 695 696 696 696 697 697 697 697 698 698 698 698 699 699 699 700 700 700 700 701 701 701 701 701 702
665 665 665 665 663 663 663 663 662 662 661 661 660 659 658 658 657 657 656 657 656 657 657 658 658 659 658 703 704 704 497 465 465 466 466 466 689 689 690 690 691 691 691 692 692 688 688 688 689 689 689 690 690 690 691 691 691 692 692 692 693 693 693 694 694 694 695 695 695 695 696 696 696 697 697 697 697 698 698 698 698 699 699 699 700 700 700 700 700 701 701 701 701 702
667 667 666 666 665 665 664 664 664 664 663 663 662 661 660 660 659 659 658 658 656 657 657 658 658 704 703 703 704 704 497 496 496 466 466 466 689 689 690 690 691 691 691 692 692 688 688 688 689 689 689 690 690 690 691 691 691 692 692 692 693 693 693 694 694 694 695 695 695 695 696 696 696 697 697 697 697 698 698 698 698 699 699 699 700 700 700 700 700 701 701 701 701 702
668 668 668 668 666 666 666 666 665 665 665 665 664 663 662 662 661 661 660 660 658 658 657 658 703 703 703 703 704 704 497 496 496 497 497 689 689 689 690 690 691 691 691 692 692 688 688 688 689 689 689 690 690 690 691 691 691 692 692 692 693 693 693 694 694 694 695 695 695 695 696 696 696 697 697 697 697 698 698 698 698 699 699 699 700 700 700 700 700 701 701 701 701 702
669 670 669 669 668 668 667 668 667 667 666 666 666 665 664 664 663 663 662 662 660 660 704 704 703 703 703 703 704 704 497 496 496 497 497 720 720 689 690 690 691 691 691 692 692 688 688 688 689 689 689 690 690 690 691 691 691 692 692 692 693 693 693 694 694 694 695 695 695 695 696 696 696 697 697 697 697 698 698 698 698 699 699 699 699 700 700 700 700 701 701 701 701 702
