testData/tiles/oneDegree/grid36.0-21.0-37.0-22.0.asc
ncols   200
nrows   200
xllcorner   36.0
yllcorner   21.0
cellsize   0.005
NODATA_value   -9999.0
[rows 126 to 167 of 200, columns 94 to 187 of 200]
417 417 416 416 416 415 414 414 413 413 348 347 348 347 346 346 345 344 343 343 342 340 340 339 338 337 337 336 335 333 333 332 331 329 329 328 326 325 323 322 322 320 318 317 315 314 312 311 309 308 306 304 302 300 298 295 293 291 288 285 283 281 278 274 271 271 270 270 270 270 229 229 229 229 229 229 229 229 229 229 228 228 228 228 228 228 228 227 227 227 227 227 227 226
418 418 417 417 416 415 416 415 414 414 413 348 348 347 346 346 345 344 344 343 342 342 341 340 339 339 338 337 335 335 334 333 332 331 330 329 327 326 326 324 323 321 320 318 317 316 314 313 311 309 307 306 304 302 300 299 296 294 292 289 287 284 281 278 275 271 270 270 270 270 270 229 228 228 228 228 228 228 228 228 228 228 227 227 227 227 227 227 227 226 226 226 226 226
419 418 419 418 417 417 416 415 415 415 414 414 349 348 348 347 346 346 345 344 344 343 342 341 341 340 339 338 337 336 335 334 334 332 331 330 329 328 327 325 324 323 321 321 319 318 316 314 313 311 309 307 306 305 303 301 298 296 294 292 289 287 284 281 278 275 271 269 269 269 269 269 228 228 228 227 227 227 227 227 227 227 227 227 226 226 226 226 226 226 225 225 225 225
420 420 419 418 418 418 417 417 416 415 415 414 349 350 349 348 348 347 346 346 345 344 343 343 342 341 339 339 338 337 336 336 335 333 332 331 331 329 328 327 325 325 323 322 320 319 317 316 314 313 312 310 308 306 304 302 300 298 296 294 291 289 286 284 281 278 275 271 268 268 268 268 268 268 227 227 227 227 226 226 226 226 226 226 226 226 225 225 225 225 225 224 224 224
420 420 420 420 419 418 418 417 417 417 416 415 415 350 349 349 348 347 347 346 345 344 344 343 342 342 341 340 339 338 338 337 335 334 334 333 331 330 329 328 327 326 324 323 321 320 318 318 316 315 313 311 310 308 306 304 302 300 298 296 294 291 289 286 284 281 278 275 271 268 267 267 267 267 267 226 226 226 226 226 225 225 225 225 225 225 225 224 224 224 224 224 224 223
421 421 421 420 419 420 419 418 418 417 416 416 416 415 351 350 349 349 348 347 346 346 345 344 344 343 342 341 340 340 338 337 336 336 335 334 332 331 331 329 328 327 325 324 323 322 321 319 318 316 314 313 311 309 307 306 304 303 301 299 297 294 292 290 287 284 282 279 276 272 268 266 266 266 266 266 225 225 225 225 225 225 224 224 224 224 224 224 224 223 223 223 223 223
422 422 421 421 421 420 419 419 418 418 418 417 416 416 351 350 350 350 349 348 348 347 346 346 345 344 343 342 341 340 339 338 338 337 336 334 333 333 332 330 329 328 326 326 325 323 322 320 319 317 316 314 312 312 310 308 306 304 302 300 298 296 294 292 289 287 284 281 279 275 272 269 266 266 265 265 265 224 224 224 224 224 224 224 223 223 223 223 223 223 222 222 222 222
422 422 422 422 421 420 421 420 419 419 418 417 417 417 416 352 351 350 349 349 348 347 347 346 345 344 344 343 342 341 340 340 339 337 336 335 335 334 332 331 330 329 328 327 326 324 323 321 320 318 318 316 314 313 311 309 308 306 304 302 300 298 296 294 291 289 286 284 281 278 275 272 268 265 265 265 265 264 264 223 223 223 223 223 223 222 222 222 222 222 222 221 221 221
424 423 423 422 421 422 421 420 420 419 419 419 418 417 417 416 351 350 351 350 349 349 348 347 346 346 345 344 343 343 341 340 339 338 338 337 336 334 333 332 332 330 329 328 326 325 324 322 322 320 319 317 316 314 312 311 309 307 305 303 301 299 297 295 293 291 288 286 283 281 278 275 272 268 264 264 264 264 264 263 222 222 222 222 222 222 222 221 221 221 221 221 221 220
424 423 423 423 423 422 421 421 421 420 420 419 418 418 418 417 352 352 351 350 350 349 348 347 347 346 345 344 344 343 342 341 340 340 339 337 336 335 334 334 332 331 330 329 327 326 325 324 323 321 320 318 317 315 313 312 310 308 307 306 304 302 300 298 296 294 291 289 285 283 280 277 274 271 268 264 263 263 263 263 263 221 221 221 221 221 221 221 220 220 220 220 220 220
424 424 424 424 423 422 423 422 421 421 420 419 420 419 418 417 417 352 351 351 351 350 349 349 348 347 346 346 345 344 343 341 341 340 339 338 337 337 336 334 333 332 331 329 329 328 326 325 324 322 321 319 318 316 315 314 312 310 309 307 305 303 301 299 297 295 293 291 288 286 283 281 278 274 271 267 264 262 262 262 262 262 221 220 220 220 220 220 220 220 219 219 219 219
425 425 424 424 423 424 423 422 422 421 421 420 420 419 418 418 417 417 353 352 351 350 350 349 348 347 347 346 345 344 343 343 342 341 340 339 338 337 336 335 334 332 332 331 330 328 327 326 324 323 321 321 320 318 316 315 313 312 310 308 306 305 303 301 299 297 295 292 290 288 285 283 280 277 274 271 267 263 261 261 261 261 261 220 220 219 219 219 219 219 219 218 218 218
426 425 425 424 424 424 423 422 422 422 421 421 420 419 420 419 418 418 353 352 351 351 350 349 348 349 348 347 346 346 344 343 342 341 341 340 339 338 337 335 335 334 333 332 330 329 328 326 326 325 323 322 320 319 317 316 314 313 311 309 307 306 304 302 300 298 296 294 292 289 287 285 282 279 277 274 270 267 263 260 260 260 260 260 219 219 219 218 218 218 218 218 218 217
426 426 425 424 425 424 423 423 423 422 422 421 420 421 420 419 419 418 417 352 353 352 351 350 350 349 348 347 347 346 345 344 343 343 342 341 339 338 337 337 336 335 333 332 331 330 329 328 327 325 324 323 321 320 318 317 315 313 312 310 308 307 305 303 301 299 297 295 293 291 289 286 284 281 279 276 273 270 266 263 260 259 259 259 259 218 218 218 217 217 217 217 217 217
427 426 425 426 425 424 424 424 423 423 422 421 422 421 420 420 419 418 418 354 353 352 351 351 350 349 348 348 347 346 345 344 344 343 342 341 340 340 339 337 336 335 334 333 332 331 330 329 327 326 325 323 322 320 319 317 317 315 314 312 310 309 307 305 303 301 300 298 295 293 291 288 286 283 281 278 275 272 269 266 262 259 259 258 258 258 217 217 217 217 216 216 216 216
427 426 426 426 425 425 425 424 424 423 422 423 422 421 421 420 420 419 419 418 353 352 352 351 350 349 350 349 348 347 347 346 345 343 342 341 341 340 339 338 337 336 335 334 333 332 331 329 328 327 325 324 323 322 321 319 318 316 315 313 311 310 308 306 304 303 301 299 297 295 293 290 288 286 283 280 277 274 271 268 265 261 258 258 258 257 257 216 216 216 216 215 215 215
427 427 427 426 426 425 425 425 424 423 424 423 422 422 421 421 420 420 419 418 417 353 352 352 351 351 350 349 348 348 347 346 345 344 344 343 342 341 339 338 337 337 336 335 333 332 331 330 328 328 327 325 324 323 321 320 318 317 315 314 312 310 309 307 305 304 302 300 298 296 294 292 289 287 285 282 280 277 273 270 267 264 260 257 257 257 256 256 215 215 215 215 215 214
428 427 427 427 426 425 426 425 424 424 424 423 423 422 421 421 421 420 419 418 418 354 353 352 352 351 350 349 349 348 347 346 345 345 344 343 342 341 340 340 339 337 336 335 334 333 331 331 330 329 327 326 325 323 322 320 319 318 316 314 313 311 310 308 306 304 303 301 299 297 295 293 291 289 286 284 281 279 276 273 269 266 263 259 256 256 256 256 255 214 214 214 214 214
428 427 428 427 426 427 426 425 425 425 424 424 423 422 422 422 421 420 419 419 419 418 354 353 352 351 350 350 349 348 347 346 346 345 344 343 342 342 341 340 339 338 337 335 334 334 333 332 330 329 328 326 325 324 322 321 320 318 318 316 315 313 311 310 308 306 305 303 301 298 296 294 292 290 288 285 283 280 278 275 272 269 265 262 258 255 255 255 255 255 213 213 213 213
428 428 428 427 427 427 426 426 425 425 425 424 423 422 423 422 421 420 420 420 419 419 354 353 352 351 351 350 349 349 349 348 347 346 345 344 343 342 341 340 339 338 337 337 336 334 333 332 331 330 328 327 326 325 324 323 321 320 318 317 315 314 312 310 309 307 305 304 302 300 298 296 294 292 289 287 284 282 279 277 274 271 268 265 260 257 254 254 254 254 254 212 212 212
429 428 428 428 427 427 427 426 425 425 425 424 423 424 423 422 422 421 420 420 420 419 418 353 352 352 351 351 350 350 349 348 347 346 346 345 344 343 342 341 339 339 338 337 336 335 334 332 331 330 330 328 327 326 324 323 322 320 319 317 316 314 313 311 309 308 306 304 303 301 299 297 295 293 291 289 286 283 281 278 276 273 270 267 264 260 255 253 253 253 253 253 212 211
429 428 429 428 427 428 427 426 425 426 425 424 424 424 423 423 422 421 421 421 420 419 418 418 353 352 352 351 351 350 349 348 347 347 346 345 344 343 342 342 341 340 338 337 336 335 334 334 332 331 330 329 327 326 325 323 322 321 319 318 316 315 313 312 310 308 307 305 303 302 300 298 296 294 292 290 288 285 283 280 277 274 272 269 266 262 259 255 252 252 252 252 252 211
429 429 429 428 428 428 427 426 426 426 425 425 424 424 424 423 422 421 422 421 420 419 419 418 353 353 352 352 351 350 349 348 348 347 346 345 344 343 343 342 341 340 339 338 336 336 335 334 333 331 330 329 328 326 325 324 322 321 320 318 317 316 315 313 312 310 307 306 304 302 300 299 297 295 293 291 289 286 284 282 279 277 273 270 267 264 261 257 253 251 251 251 251 251
429 429 429 428 428 427 427 427 426 426 426 425 424 425 424 423 422 422 422 421 420 420 419 418 417 354 353 352 351 350 350 349 348 347 346 345 345 344 343 342 341 340 339 339 338 336 335 334 333 332 331 329 328 327 325 325 324 322 321 320 318 317 315 314 312 311 309 307 306 304 302 300 297 296 294 292 289 287 285 283 280 278 275 273 269 266 263 259 256 252 251 250 250 250
430 429 428 429 428 427 428 427 426 426 426 425 425 424 424 423 423 422 421 421 421 420 419 418 418 354 353 352 351 351 350 349 348 347 346 346 345 344 343 342 341 341 340 339 338 337 335 334 333 332 331 331 329 328 327 325 324 323 321 320 319 317 316 314 313 311 309 308 306 304 303 301 299 297 295 293 290 288 286 284 282 279 277 274 271 268 264 261 258 254 250 250 249 249
430 429 429 429 428 428 428 427 427 426 426 426 425 424 424 424 423 422 421 422 421 420 419 419 418 418 353 352 352 351 350 349 348 348 347 346 345 344 343 343 342 341 340 339 338 337 336 334 334 333 332 331 329 328 327 326 324 323 322 320 319 317 316 315 313 311 310 308 307 305 303 302 300 298 296 294 292 290 288 285 283 280 278 275 273 270 267 264 260 256 252 249 249 249
430 430 429 428 429 428 427 428 427 426 426 426 425 424 425 424 423 422 422 422 421 420 420 419 418 418 353 353 352 351 350 349 349 348 347 346 345 344 344 343 342 341 340 339 338 337 337 336 334 333 332 331 330 328 327 326 325 323 322 321 319 318 316 315 313 312 310 309 307 305 304 302 300 298 297 295 293 291 289 287 284 281 279 276 274 271 268 265 262 258 254 251 248 248
430 430 429 429 429 428 428 428 427 426 426 426 425 425 424 424 423 423 422 421 421 421 420 419 418 418 418 353 352 351 351 350 349 348 347 346 346 345 344 343 342 341 340 339 339 338 337 336 335 333 332 331 330 329 327 326 326 324 323 322 320 319 318 316 315 313 312 310 309 307 305 303 301 299 297 295 293 291 289 287 285 283 281 277 275 272 270 267 264 261 257 253 249 247
430 429 430 429 428 429 428 427 427 427 426 425 426 425 424 423 424 423 422 421 422 421 420 419 419 418 417 353 352 352 351 350 349 348 347 347 346 345 344 343 342 341 341 340 339 338 337 336 335 333 332 331 331 330 328 327 326 325 323 322 321 319 318 316 315 313 312 310 309 307 306 304 302 300 299 296 294 292 290 288 286 284 282 279 277 273 271 268 265 262 259 255 251 247
430 430 430 429 429 429 428 427 427 427 426 426 426 425 424 424 424 423 422 422 421 421 420 420 419 418 417 416 353 352 351 350 349 349 348 347 346 345 344 343 343 342 341 340 339 338 337 336 335 334 333 332 331 330 329 327 326 325 323 322 321 319 318 317 315 314 312 311 309 308 306 304 303 301 299 297 295 294 291 289 287 284 282 280 278 275 273 269 266 263 260 257 254 250
431 430 429 430 429 428 428 428 427 427 427 426 425 425 425 424 423 423 423 422 421 420 421 420 419 418 418 417 352 352 351 350 350 349 348 347 346 345 345 344 343 342 341 340 339 338 338 337 336 335 333 332 331 330 329 327 326 325 324 322 321 320 318 317 315 314 312 311 309 308 306 305 303 301 300 298 296 294 292 290 288 285 283 281 278 276 274 271 268 265 262 258 255 252
430 430 430 429 429 428 428 428 427 427 427 426 425 425 425 424 423 423 423 422 421 421 420 420 419 419 418 417 416 351 352 351 350 349 348 347 347 346 345 344 343 342 341 340 340 339 338 337 336 334 333 332 331 330 329 327 326 325 324 323 322 321 319 318 317 315 314 312 310 308 307 305 303 302 300 298 296 295 293 291 289 287 285 281 279 277 274 272 269 267 264 260 257 253
430 430 430 429 429 429 428 427 428 427 426 426 426 425 424 425 424 423 422 422 422 421 420 419 420 419 418 417 416 352 351 350 350 349 348 348 347 346 345 344 343 342 342 341 340 339 338 337 336 334 333 332 331 331 330 328 327 326 325 323 322 321 319 318 317 315 314 312 311 309 308 306 305 303 300 298 297 295 293 291 289 287 285 283 281 278 275 273 270 268 265 262 258 255
430 430 430 429 429 429 428 428 427 427 426 426 426 425 425 424 424 423 423 422 422 421 420 420 419 418 418 417 417 416 351 350 349 349 349 348 347 346 345 344 344 343 342 341 340 339 338 337 335 334 334 333 332 331 330 328 327 326 325 323 322 321 319 318 317 315 314 312 311 309 308 306 305 303 301 300 298 295 293 291 290 288 286 283 281 279 277 273 271 268 266 263 260 257
431 430 429 430 429 428 429 428 427 426 427 426 425 426 425 424 423 424 423 422 421 420 421 420 419 418 418 418 417 416 415 350 350 349 348 347 347 346 346 345 344 343 342 341 340 339 337 337 336 335 334 333 332 331 330 328 327 326 325 323 322 321 319 318 317 315 314 312 311 310 308 306 305 303 302 300 298 296 295 293 290 288 286 284 282 280 277 275 273 269 266 264 261 258
430 430 430 429 429 429 428 428 427 427 426 426 426 425 425 424 424 423 423 422 422 421 420 420 419 419 418 417 416 416 416 351 350 349 348 347 346 346 345 344 343 342 341 340 339 339 338 337 336 335 334 333 332 331 329 328 327 326 325 323 322 321 319 318 317 315 314 313 311 310 308 307 305 303 302 300 298 297 295 293 291 289 286 284 282 280 278 276 273 271 267 265 262 259
430 430 430 429 429 429 428 427 428 427 426 426 426 425 424 425 424 423 422 422 422 421 420 419 420 419 418 417 416 416 415 415 350 349 348 348 347 346 345 344 343 342 341 341 340 339 338 337 336 335 334 333 332 330 329 329 328 327 325 324 323 322 320 319 318 316 315 314 312 311 309 308 305 303 302 300 299 297 295 293 291 290 288 286 283 280 278 276 274 271 269 266 263 260
430 430 429 430 429 428 428 428 427 426 427 426 425 425 425 424 423 423 423 422 421 421 420 420 419 418 418 417 417 416 415 414 349 350 349 348 347 346 345 344 343 343 342 341 340 339 338 337 336 335 334 334 332 331 330 329 328 327 325 324 323 322 320 319 318 316 315 313 312 311 309 308 306 305 303 301 299 297 295 293 292 290 288 286 284 282 279 276 274 272 269 267 264 261
430 429 430 429 428 428 428 427 427 427 426 426 425 425 425 424 423 423 423 422 421 421 420 420 419 418 418 417 417 416 415 414 414 349 348 347 347 346 345 345 344 343 342 341 340 339 338 337 337 336 334 333 332 331 330 329 328 326 325 324 323 321 320 319 318 316 315 313 312 311 309 308 306 305 303 301 300 298 296 294 292 290 288 286 284 282 280 278 275 272 270 267 265 262
430 430 429 429 428 428 428 427 427 427 426 425 426 425 424 423 424 423 422 421 422 421 420 419 419 419 418 417 416 415 415 415 414 349 348 347 346 346 345 344 343 342 341 340 339 339 338 337 336 335 334 333 332 331 330 329 327 326 325 324 323 321 320 319 317 316 315 313 312 310 309 308 306 305 303 301 300 298 296 295 293 291 288 286 284 282 280 278 276 274 270 268 265 263
430 430 429 428 429 428 427 428 427 426 426 426 425 424 424 424 423 423 422 422 421 421 420 419 419 418 418 417 416 416 415 414 413 413 348 348 347 346 345 344 343 342 341 341 340 339 338 337 336 335 334 333 332 331 329 328 327 326 326 325 323 322 321 320 318 317 316 314 313 310 309 307 306 304 303 301 300 298 296 295 293 291 289 287 284 282 280 278 276 274 272 269 266 263
430 429 428 429 428 428 428 427 427 426 426 425 425 424 424 424 423 422 422 422 421 420 419 420 419 418 417 416 416 416 415 414 413 412 348 347 346 346 345 344 343 343 342 341 340 339 338 337 336 335 334 333 332 331 330 329 328 327 326 324 323 322 321 319 318 317 315 314 313 311 310 308 307 305 304 301 300 298 296 295 293 291 289 287 286 284 281 279 276 274 272 270 267 264
