testData/tiles/oneDegree/grid17.0-47.0-18.0-48.0.asc
ncols   200
nrows   200
xllcorner   17.0
yllcorner   47.0
cellsize   0.005
NODATA_value   -9999.0
[rows 42 to 83 of 200, columns 94 to 187 of 200]
380 381 381 380 381 381 380 381 381 381 381 381 381 380 381 381 380 380 381 380 380 380 380 380 380 380 380 381 381 381 381 381 381 382 382 382 401 401 401 401 402 402 402 402 402 402 402 402 402 402 402 403 403 403 403 403 403 403 403 403 403 403 403 403 403 403 403 403 403 403 403 403 403 403 403 403 403 403 403 403 403 403 402 402 402 402 402 402 402 402 402 402 402 401
380 380 380 380 380 380 380 379 380 380 379 380 380 379 379 380 379 379 379 379 379 379 378 379 379 379 379 379 379 380 380 380 380 380 381 381 381 400 400 400 400 400 401 401 401 401 401 401 401 401 401 401 401 402 402 402 402 402 402 402 402 402 402 402 402 402 402 402 402 402 402 402 402 402 402 402 402 402 402 402 401 401 401 401 401 401 401 401 401 401 401 400 400 400
379 378 379 379 378 379 379 378 378 379 378 378 379 378 378 378 378 378 378 377 378 378 377 377 377 378 378 378 378 378 379 379 379 379 379 379 380 380 380 399 399 399 399 399 400 400 400 400 400 400 400 400 400 400 400 400 400 401 401 401 401 401 401 401 401 401 401 401 401 401 401 401 401 401 401 401 400 400 400 400 400 400 400 400 400 400 400 400 400 399 399 399 399 399
377 377 377 377 377 377 377 377 377 377 377 377 377 377 377 377 376 377 377 376 376 377 376 376 376 376 377 377 377 377 377 378 378 378 378 378 378 378 380 380 380 399 399 399 399 399 400 400 400 400 400 400 400 400 400 400 400 400 400 400 400 400 400 401 401 401 401 401 401 400 399 399 399 399 399 399 399 399 399 399 399 399 399 399 399 399 399 398 398 398 398 398 398 398
376 375 376 376 375 376 376 375 376 376 375 376 376 375 376 376 375 375 376 375 375 375 374 375 375 375 375 376 376 376 377 377 377 378 378 378 378 378 378 379 379 379 379 398 398 398 398 398 399 399 399 399 399 399 399 399 399 399 399 399 399 399 399 399 399 399 399 399 399 399 399 399 399 399 399 399 399 398 398 398 398 398 398 398 398 397 397 397 397 397 397 397 397 397
375 374 374 375 374 374 375 374 374 375 374 374 375 374 374 374 374 374 374 373 374 374 374 373 375 375 375 375 375 376 376 376 376 376 377 377 377 377 377 377 377 378 378 378 397 397 397 397 397 397 397 398 398 398 398 398 398 398 398 398 398 398 398 398 398 398 398 398 398 398 398 398 398 398 398 398 398 398 398 398 398 398 397 396 396 396 396 396 396 396 396 396 395 395
373 372 373 373 373 373 373 373 373 373 373 373 373 372 373 373 373 373 373 374 373 374 374 373 373 373 374 374 374 374 374 375 375 375 375 375 376 376 376 376 376 376 376 376 377 377 396 396 396 396 396 396 396 396 396 396 397 397 397 397 397 397 397 397 397 397 397 397 397 397 397 397 397 397 397 397 397 396 396 396 396 396 396 396 396 396 396 396 395 394 394 394 394 394
372 371 371 372 371 371 372 372 371 372 372 371 372 372 372 373 373 372 372 373 372 372 372 372 372 372 372 373 373 373 373 373 374 374 374 374 374 374 374 375 375 375 375 375 375 375 375 376 395 395 395 395 395 395 395 395 395 395 395 395 395 395 395 395 395 395 395 395 395 395 395 395 395 395 395 395 395 395 395 395 395 395 395 395 395 395 394 394 394 394 394 394 394 393
370 370 370 370 371 370 370 371 370 370 372 371 371 372 371 371 371 371 371 371 371 371 371 370 370 371 371 371 371 372 372 372 372 372 372 373 373 373 373 373 373 374 374 374 374 374 374 374 374 374 394 394 394 394 394 394 394 394 394 394 394 394 394 394 394 394 394 394 394 394 394 394 394 394 394 394 394 394 394 394 394 394 394 393 393 393 393 393 393 393 393 393 392 392
368 369 368 369 369 368 369 370 369 370 370 369 370 370 369 370 370 369 370 370 369 369 370 369 369 369 370 370 370 370 370 371 371 371 371 371 371 372 372 372 372 372 372 372 373 373 373 373 373 373 373 373 392 392 392 393 393 393 393 393 393 393 393 393 393 393 393 393 393 393 393 393 393 393 393 393 393 393 392 392 392 392 392 392 392 392 392 392 392 391 391 391 391 391
367 367 367 367 368 368 368 369 368 368 369 368 368 369 368 368 368 368 368 368 368 368 368 367 368 368 368 368 368 369 369 369 369 369 370 370 370 370 370 370 371 371 371 371 371 371 371 371 372 372 372 372 372 372 391 391 391 391 391 391 391 391 391 391 391 391 391 391 391 391 391 391 391 391 391 391 391 391 391 391 391 391 391 391 391 390 390 390 390 390 390 390 390 389
365 367 366 366 367 366 367 367 366 367 367 366 367 367 366 367 367 366 366 367 366 366 367 366 366 366 367 367 367 367 367 368 368 368 368 368 369 369 369 369 369 369 369 370 370 370 370 370 370 370 370 370 370 371 371 371 390 390 390 390 390 390 390 390 390 390 390 390 390 390 390 390 390 390 390 390 390 390 390 390 389 389 389 389 389 389 389 389 389 389 388 388 388 388
240 365 364 365 365 364 365 365 365 365 365 365 365 365 365 365 365 365 365 365 364 365 365 364 365 365 365 365 365 366 366 366 366 367 367 367 367 367 367 368 368 368 368 368 368 368 368 369 369 369 369 369 369 369 369 369 369 369 388 388 388 389 389 389 389 389 389 389 389 389 389 389 388 388 388 388 388 388 388 388 388 388 388 388 388 388 387 387 387 387 387 387 387 387
240 240 239 363 363 363 363 364 363 363 364 363 363 364 363 363 364 363 363 364 363 363 363 363 363 363 363 364 364 364 364 365 365 365 365 365 366 366 366 366 366 366 366 367 367 367 367 367 367 367 367 367 368 368 368 368 368 368 368 368 387 387 387 387 387 387 387 387 387 387 387 387 387 387 387 387 387 387 387 387 387 386 386 386 386 386 386 386 386 386 385 385 385 385
240 240 239 239 239 362 362 362 361 362 362 361 362 362 361 362 362 361 362 362 361 361 362 361 361 362 362 362 362 363 363 363 363 363 364 364 364 364 364 364 365 365 365 365 365 365 365 366 366 366 366 366 366 366 366 366 366 366 366 366 366 367 386 386 386 386 386 386 386 386 386 386 385 385 385 385 385 385 385 385 385 385 385 385 385 385 384 384 384 384 384 384 384 383
240 240 239 239 239 238 238 238 361 361 361 360 360 360 360 360 360 360 360 360 360 360 360 359 360 360 360 360 361 361 361 361 362 362 362 362 362 363 363 363 363 363 363 363 364 364 364 364 364 364 364 364 364 365 365 365 365 365 365 365 365 365 365 365 384 384 384 384 384 384 384 384 384 384 384 384 384 384 384 384 383 383 383 383 383 383 383 383 383 382 382 382 382 382
240 240 239 239 239 238 238 238 237 237 361 360 360 360 359 359 359 358 358 358 358 358 358 358 358 358 358 359 359 359 359 360 360 360 360 360 361 361 361 361 361 362 362 362 362 362 362 362 362 363 363 363 363 363 363 363 363 363 363 363 363 363 363 363 363 363 382 382 382 382 382 382 382 382 382 382 382 382 382 382 382 382 382 382 381 381 381 381 381 381 381 381 380 380
240 240 239 239 239 238 238 238 237 237 237 236 236 360 359 359 359 358 358 358 357 357 357 357 356 356 357 357 357 357 358 358 358 358 359 359 359 359 359 360 360 360 360 360 360 360 361 361 361 361 361 361 361 361 361 361 362 362 362 362 362 362 362 362 362 362 362 362 381 381 381 381 381 381 381 381 381 380 380 380 380 380 380 380 380 380 380 379 379 379 379 379 379 379
240 240 239 239 239 238 238 238 237 237 237 236 236 236 235 359 359 359 358 358 358 357 357 357 356 356 356 356 356 356 356 356 356 357 357 357 357 357 358 358 358 358 358 358 359 359 359 359 359 359 359 359 360 360 360 360 360 360 360 360 360 360 360 360 360 360 360 360 360 360 360 379 379 379 379 379 379 379 379 379 379 378 378 378 378 378 378 378 378 377 377 377 377 377
240 240 239 239 239 238 238 238 237 237 237 236 236 236 236 235 235 235 358 358 358 357 357 357 356 356 356 356 356 356 356 356 356 356 356 356 356 356 356 356 356 356 356 357 357 357 357 357 357 357 358 358 358 358 358 358 358 358 358 358 358 358 358 358 358 358 358 358 358 358 358 358 358 377 377 377 377 377 377 377 377 377 377 376 376 376 376 376 376 376 375 375 375 375
240 240 239 239 239 238 238 238 238 237 237 237 236 236 236 235 235 235 234 234 358 357 357 357 356 356 356 356 356 356 356 356 356 356 356 356 356 356 356 356 356 356 356 356 356 356 356 356 356 356 356 356 356 356 356 356 356 356 356 356 356 357 357 357 357 357 357 357 357 357 357 357 356 356 356 356 375 375 375 375 375 375 375 375 375 375 375 375 375 375 375 375 375 375
240 240 239 239 239 239 238 238 238 237 237 237 236 236 236 235 235 235 234 234 234 233 233 357 356 356 356 356 356 356 356 356 356 356 356 356 356 356 356 356 356 356 356 356 356 356 356 356 356 356 356 356 356 356 356 356 356 356 356 356 356 356 356 356 356 356 356 356 356 356 356 356 356 356 356 356 356 356 375 375 375 375 375 375 375 375 375 375 375 375 375 375 375 375
240 240 240 239 239 239 238 238 238 237 237 237 236 236 236 235 235 235 234 234 234 233 233 233 232 356 356 356 356 356 356 356 356 356 356 356 356 356 356 356 356 356 356 356 356 356 356 356 356 356 356 356 356 356 356 356 356 356 356 356 356 356 356 356 356 356 356 356 356 356 356 356 356 356 356 356 356 356 356 356 375 375 375 375 375 375 375 375 375 375 375 375 375 375
240 240 240 239 239 239 238 238 238 237 237 237 236 236 236 235 235 235 234 234 234 233 233 233 232 232 232 232 356 356 356 356 356 356 356 356 356 356 356 356 356 356 356 356 356 356 356 356 356 356 356 356 356 356 356 356 356 356 356 356 356 356 356 356 356 356 356 356 356 356 356 356 356 356 356 356 356 356 356 356 356 356 356 375 375 375 375 375 375 375 375 375 375 375
240 240 240 239 239 239 238 238 238 237 237 237 236 236 236 235 235 235 234 234 234 233 233 233 232 232 232 232 232 232 232 356 356 356 356 356 356 356 356 356 356 356 356 356 356 356 356 356 356 356 356 356 356 356 356 356 356 356 356 356 356 356 356 356 356 356 356 356 356 356 356 356 356 356 356 356 356 356 356 356 356 356 356 356 356 356 375 375 375 375 375 375 375 375
240 240 240 239 239 239 238 238 238 237 237 237 236 236 236 235 235 235 234 234 234 233 233 233 232 232 232 232 232 232 232 232 232 232 356 356 356 356 356 356 356 356 356 356 356 356 356 356 356 356 356 356 356 356 356 356 356 356 356 356 356 356 356 356 356 356 356 356 356 356 356 356 356 356 356 356 356 356 356 356 356 356 356 356 356 356 356 356 375 375 375 375 375 375
240 240 240 239 239 239 238 238 238 237 237 237 236 236 236 235 235 235 234 234 234 233 233 233 232 232 232 232 232 232 232 232 232 232 232 232 232 356 356 356 356 356 356 356 356 356 356 356 356 356 356 356 356 356 356 356 356 356 356 356 356 356 356 356 356 356 356 356 356 356 356 356 356 356 356 356 356 356 356 356 356 356 356 356 356 356 356 356 356 356 356 375 375 375
240 240 239 239 239 239 238 238 238 237 237 237 236 236 236 235 235 235 234 234 234 233 233 233 232 232 232 232 232 232 232 232 232 232 232 232 232 232 232 232 356 356 356 356 356 356 356 356 356 356 356 356 356 356 356 356 356 356 356 356 356 356 356 356 356 356 356 356 356 356 356 356 356 356 356 356 356 356 356 356 356 356 356 356 356 356 356 356 356 356 356 356 356 356
240 240 239 239 239 238 238 238 238 237 237 237 236 236 236 235 235 235 234 234 234 233 233 233 232 232 232 232 232 232 232 232 232 232 232 232 232 232 232 232 232 232 232 356 356 356 356 356 356 356 356 356 356 356 356 356 356 356 356 356 356 356 356 356 356 356 356 356 356 356 356 356 356 356 356 356 356 356 356 356 356 356 356 356 356 356 356 356 356 356 356 356 356 356
181 181 180 239 239 238 238 238 237 237 237 236 236 236 236 235 235 235 234 234 234 233 233 233 232 232 232 232 232 232 232 232 232 232 232 232 232 232 232 232 232 232 232 232 232 233 357 357 357 357 357 357 357 357 357 357 357 357 357 357 357 357 356 356 356 356 356 356 356 356 356 356 356 356 356 356 356 356 356 356 356 356 356 356 356 356 356 356 356 356 356 356 356 356
181 181 180 180 180 179 179 179 237 237 237 236 236 236 235 235 235 235 234 234 234 233 233 233 232 232 232 232 232 232 232 232 232 232 232 232 233 233 233 233 233 233 233 233 233 233 233 233 233 357 357 357 357 357 357 357 357 357 357 357 357 357 357 357 357 357 357 357 357 357 357 356 356 356 356 356 356 356 356 356 356 356 356 356 356 356 356 356 356 356 356 356 356 356
181 181 180 180 180 179 179 179 178 178 178 177 177 236 235 235 235 234 234 234 233 233 233 233 232 232 232 232 232 232 233 233 233 233 233 233 233 233 233 233 233 233 233 233 233 233 233 233 233 233 233 233 233 357 357 357 357 357 357 357 357 357 357 357 357 357 357 357 357 357 357 357 357 357 357 357 357 356 356 356 356 356 356 356 356 356 356 356 356 356 356 356 356 356
181 181 180 180 180 179 179 179 178 178 178 177 177 177 176 176 176 175 175 234 233 233 233 232 232 232 233 233 233 233 233 233 233 233 233 233 233 233 233 233 233 233 233 233 233 233 233 233 233 233 233 233 233 233 233 233 357 357 357 357 357 357 357 357 357 357 357 357 357 357 357 357 357 357 357 357 357 357 357 357 357 356 356 356 356 356 356 356 356 356 356 356 356 356
181 181 180 180 180 179 179 179 178 178 178 177 177 177 176 176 176 175 175 175 174 174 175 174 174 233 233 233 233 233 233 233 233 233 233 233 233 233 233 233 233 233 233 233 233 233 233 233 233 233 233 233 233 233 233 233 233 233 233 233 357 357 357 357 357 357 357 357 357 357 357 357 357 357 357 357 357 357 357 357 357 357 357 357 357 356 356 356 356 356 356 356 356 356
181 181 180 180 180 179 179 179 178 178 178 177 177 177 176 176 176 175 175 176 175 175 175 174 174 174 174 174 174 174 174 174 174 233 233 233 233 233 233 233 233 233 233 233 233 233 233 233 233 233 233 233 233 233 233 233 233 233 233 233 233 233 233 233 357 357 357 357 357 357 357 357 357 357 357 357 357 357 357 357 357 357 357 357 357 357 357 357 356 356 356 356 356 356
322 181 180 180 180 179 179 179 178 178 178 177 177 177 176 176 177 176 176 176 175 175 175 174 174 174 174 174 174 174 174 174 174 174 174 174 174 174 174 174 174 174 174 233 233 233 233 233 233 233 233 233 233 233 233 233 233 233 233 233 233 233 233 233 233 233 233 233 357 357 357 357 357 357 357 357 357 357 357 357 357 357 357 357 357 357 357 357 357 357 298 297 297 297
322 181 180 180 180 179 179 179 178 178 178 177 177 178 177 177 177 176 176 176 175 175 175 174 174 174 174 174 174 174 174 174 174 174 174 174 174 174 174 174 174 174 174 174 174 174 174 174 174 174 174 174 174 174 174 174 174 174 174 174 174 174 174 174 174 174 174 174 174 174 174 174 298 298 298 298 298 298 298 298 298 298 298 298 298 298 298 298 298 298 298 298 298 298
322 181 180 180 180 179 179 179 178 178 179 178 178 178 177 177 177 176 176 176 175 175 175 174 174 174 174 174 174 174 174 174 174 174 174 174 174 174 174 174 174 174 174 174 174 174 174 174 174 174 174 174 174 174 174 174 174 174 174 174 174 174 174 174 174 174 174 174 174 174 174 174 174 174 174 174 298 298 298 298 298 298 298 298 298 298 298 298 298 298 298 298 298 298
322 322 180 180 180 179 179 179 179 179 179 178 178 178 177 177 177 176 176 176 175 175 175 174 174 174 174 174 174 174 174 174 174 174 174 174 174 174 174 174 174 174 174 174 174 174 174 174 174 174 174 174 174 174 174 174 174 174 174 174 174 174 174 174 174 174 174 174 174 174 174 174 174 174 174 174 174 174 174 174 174 298 298 298 298 298 298 298 298 298 298 298 298 298
322 322 180 180 180 179 180 180 179 179 179 178 178 178 177 177 177 176 176 176 175 175 175 174 174 174 174 174 174 174 174 174 174 174 174 174 174 174 174 174 174 174 174 174 174 174 174 174 174 174 174 174 174 174 174 174 174 174 174 174 174 174 174 174 174 174 174 174 174 174 174 174 174 174 174 174 174 174 174 174 174 174 174 174 174 298 298 298 298 298 298 298 298 298
322 322 321 180 181 180 180 180 179 179 179 178 178 178 177 177 177 176 176 176 175 175 175 174 174 174 174 174 174 174 174 174 174 174 174 174 174 174 174 174 174 174 174 174 174 174 174 174 174 174 174 174 174 174 174 174 174 174 174 174 174 174 174 174 174 174 174 174 174 174 174 174 174 174 174 174 174 174 174 174 174 174 174 174 174 174 174 174 174 174 174 298 298 298
322 321 322 181 180 180 180 180 179 179 179 178 178 178 177 177 177 176 176 176 175 175 175 174 174 174 174 174 174 174 174 174 174 174 174 174 174 174 174 174 174 174 174 174 174 174 174 174 174 174 174 174 174 174 174 174 174 174 174 174 174 174 174 174 174 174 174 174 174 174 174 174 174 174 174 174 174 174 174 174 174 174 174 174 174 174 174 174 174 174 174 174 174 174
