testData/tiles/oneDegree/grid20.0-17.0-21.0-18.0.asc
ncols   200
nrows   200
xllcorner   20.0
yllcorner   17.0
cellsize   0.005
NODATA_value   -9999.0
[rows 0 to 41 of 200, columns 0 to 93 of 200]
247 249 251 254 256 259 261 262 264 266 315 317 318 320 321 322 324 277 278 280 281 282 282 282 283 284 284 285 285 286 286 286 287 287 287 288 288 287 287 287 287 287 287 286 286 286 285 285 283 283 282 281 281 281 280 279 277 276 275 273 272 271 269 268 265 264 262 260 259 257 255 252 249 247 245 242 241 238 234 231 228 225 221 218 214 210 206 201 196 191 185 179 172 165
247 249 251 254 256 258 261 262 264 266 267 317 317 319 320 321 275 276 277 278 280 281 281 282 283 284 284 285 285 286 286 285 286 286 286 286 287 287 287 287 287 287 287 285 285 285 284 284 283 283 282 281 280 279 279 278 277 276 275 273 272 270 268 267 265 264 262 260 258 256 254 252 249 247 245 241 239 236 233 231 228 225 221 218 214 210 206 201 196 191 185 179 172 165
246 248 250 252 255 257 259 261 263 265 266 316 317 319 320 321 275 276 277 278 279 280 281 282 282 283 283 284 284 285 285 285 286 286 286 286 286 286 286 286 286 286 286 285 285 285 284 284 282 282 281 280 279 279 278 277 277 275 274 272 271 270 268 267 265 263 261 259 258 256 254 251 248 246 244 241 239 236 233 230 227 224 220 218 214 210 205 201 196 191 185 179 172 165
246 248 250 252 255 257 258 260 262 265 266 268 317 319 319 272 273 275 276 277 278 279 279 281 282 283 283 284 284 285 285 285 285 285 285 285 285 285 285 286 286 286 286 285 284 284 283 283 282 282 281 280 279 278 277 276 275 274 273 272 271 270 267 266 264 263 261 259 257 255 253 250 248 246 244 241 239 236 233 230 227 224 220 217 213 209 204 201 196 191 185 179 172 165
245 247 249 251 254 256 257 259 261 263 265 267 316 318 319 272 273 275 276 277 278 278 279 280 282 281 282 283 283 284 284 284 285 285 285 285 285 285 285 284 284 285 285 284 284 284 283 283 282 280 280 279 278 277 277 276 275 274 271 270 269 269 267 266 264 263 260 258 256 255 253 250 248 246 244 241 239 236 233 230 227 224 220 217 213 209 204 200 195 190 184 178 171 165
245 247 249 251 253 255 257 259 261 263 264 267 268 270 271 272 272 274 275 276 277 277 278 279 280 280 282 283 283 284 284 284 285 284 284 284 284 284 284 284 284 284 285 284 284 283 282 282 281 280 280 279 278 277 276 275 274 273 271 270 269 268 265 265 263 262 260 258 256 254 252 250 248 246 244 241 238 236 233 230 227 224 220 216 213 209 204 200 195 190 184 178 171 163
244 246 248 250 252 254 256 258 260 262 263 265 267 269 270 271 272 274 275 276 277 277 278 279 280 280 280 282 282 283 283 283 284 284 284 284 284 284 284 284 283 283 283 282 283 283 282 282 281 280 279 278 277 276 276 275 274 273 271 269 268 267 265 264 262 261 260 258 256 254 252 250 248 246 244 241 238 236 233 230 227 223 220 216 213 209 204 200 195 190 184 178 171 163
262 265 267 269 271 273 275 277 279 281 282 284 285 269 270 271 272 273 274 275 276 276 277 278 279 279 280 281 281 282 283 283 284 284 283 283 283 283 283 283 283 283 283 282 282 281 281 281 280 279 279 278 277 276 276 274 273 271 270 269 268 267 265 264 262 261 259 257 256 254 252 250 248 246 243 241 238 236 233 230 227 223 220 216 213 209 204 200 196 191 185 179 172 164
262 264 266 268 270 272 274 276 278 280 281 283 284 286 288 289 290 291 293 294 294 295 296 297 298 298 299 281 280 280 282 282 282 283 283 283 283 283 283 283 283 282 281 281 281 280 280 280 280 279 279 277 276 275 274 274 273 271 270 269 268 267 265 264 262 261 259 257 255 253 251 250 248 246 243 241 238 236 233 231 228 224 221 217 213 209 206 202 197 192 186 180 173 166
260 264 266 268 270 272 274 276 278 280 281 283 284 286 287 288 290 291 292 292 293 294 295 296 297 297 298 298 299 299 300 301 301 302 302 301 301 301 282 282 282 282 281 281 281 280 280 278 278 277 278 277 276 275 274 273 272 271 270 269 268 267 265 264 262 261 259 257 255 253 251 250 248 246 244 242 239 238 235 232 229 225 222 218 215 211 207 203 198 192 187 182 175 167
260 263 265 268 270 271 273 275 277 278 280 282 283 284 286 287 288 290 291 292 293 294 295 296 297 297 298 298 299 298 299 299 299 301 301 301 301 301 301 301 301 301 299 299 299 298 298 297 278 277 277 276 276 275 274 273 272 271 270 269 268 266 265 265 263 261 260 258 256 255 253 251 249 247 244 243 240 239 236 233 230 227 224 220 216 212 208 203 199 194 189 183 176 168
259 262 264 266 269 271 273 275 277 278 280 282 283 284 286 287 288 289 291 292 293 293 294 295 296 296 297 297 298 298 299 299 299 300 300 301 300 300 300 300 300 300 299 299 299 298 298 297 297 296 296 295 294 293 293 292 292 272 271 270 269 268 267 266 264 262 261 260 258 256 254 252 250 249 246 244 241 238 236 233 231 228 225 221 217 213 209 205 201 195 190 183 177 169
259 262 264 266 268 271 273 275 276 277 279 281 282 283 285 286 287 288 289 290 292 293 294 295 296 296 297 297 298 298 298 298 298 299 299 299 300 300 300 300 300 300 299 299 299 298 298 297 297 297 297 296 295 294 294 293 293 292 291 291 290 288 287 286 284 264 263 261 259 257 255 254 252 250 247 245 242 239 238 235 231 228 225 221 217 215 211 206 201 196 191 184 177 170
258 261 263 265 267 269 272 274 276 277 279 280 282 283 285 286 287 288 289 290 291 293 293 294 294 295 296 296 297 297 298 298 298 299 299 299 299 299 300 300 300 300 299 300 300 299 299 298 299 298 297 297 296 296 295 294 293 292 293 292 291 289 288 286 286 284 283 281 279 277 276 274 272 251 248 246 244 241 239 236 232 229 226 222 219 215 211 206 201 196 190 185 179 172
258 261 263 265 267 269 271 274 276 277 279 279 281 282 284 285 286 287 288 289 290 291 293 294 294 295 296 296 297 297 298 298 298 298 299 299 299 300 300 300 301 301 301 301 301 300 301 300 300 299 298 299 298 297 296 295 294 294 293 292 291 290 290 288 287 285 284 282 281 279 277 275 273 271 268 267 264 261 258 255 233 230 227 224 220 216 212 207 202 197 191 186 179 172
257 259 262 264 266 268 270 272 274 276 278 279 281 282 284 285 286 287 288 289 290 291 292 293 294 295 296 296 297 297 298 299 299 299 300 300 301 301 301 301 302 302 302 302 302 302 302 301 301 300 300 300 299 298 297 297 296 295 294 293 292 291 290 289 288 286 285 284 282 280 278 276 274 271 270 268 265 262 259 256 253 251 248 244 240 236 232 208 203 198 193 187 180 172
257 259 262 264 266 268 270 272 274 275 278 279 281 282 284 285 286 287 288 289 290 291 292 293 293 295 297 297 298 298 300 300 300 300 302 302 302 302 302 303 303 302 302 303 304 303 303 302 302 302 301 301 300 299 299 298 297 296 295 294 294 292 291 289 288 286 287 285 283 281 279 277 275 273 271 269 266 263 260 257 255 252 248 245 241 237 233 228 223 219 213 207 200 173
257 259 262 264 266 268 270 272 273 275 277 279 281 282 283 285 286 287 288 289 290 292 293 294 294 296 297 298 299 300 300 301 301 302 303 303 303 303 304 304 304 303 303 304 303 304 304 303 304 303 302 302 301 301 300 299 298 297 296 296 294 293 292 290 289 288 286 285 283 282 280 278 277 274 272 269 267 264 261 258 256 253 249 246 242 238 234 229 225 220 214 208 201 193
257 259 262 264 266 268 270 272 273 275 277 278 281 282 283 285 287 288 289 290 292 293 294 295 296 297 298 298 301 301 301 302 303 303 303 304 304 305 305 305 304 304 305 305 304 304 304 305 305 304 303 303 303 302 301 300 299 298 298 297 295 294 293 291 290 289 287 286 284 282 280 279 278 275 273 270 268 265 262 260 257 254 250 247 243 239 234 231 226 221 215 209 202 194
257 259 262 264 266 268 270 272 273 275 277 279 281 282 284 287 288 289 290 292 293 294 295 297 297 298 298 300 301 301 302 304 304 304 304 305 306 306 306 306 305 306 306 306 305 305 306 305 304 305 304 304 304 303 302 301 300 299 299 298 296 295 294 292 292 290 288 287 285 283 281 280 278 275 273 271 269 266 264 261 258 255 251 248 244 240 235 232 227 222 216 210 203 195
257 259 261 264 266 268 270 273 274 276 279 280 282 283 285 288 289 290 292 293 294 295 297 297 298 299 300 301 301 302 302 304 305 305 305 307 307 307 307 307 307 307 307 307 306 306 306 306 305 305 304 305 305 304 303 302 301 301 300 299 297 296 295 294 293 291 289 288 286 284 283 281 278 276 274 271 269 266 264 262 259 256 252 249 245 241 237 233 228 222 217 211 204 196
256 259 262 265 267 269 272 273 275 278 280 281 283 285 286 288 290 292 293 294 295 297 298 298 299 301 301 302 302 303 304 305 305 306 306 307 308 308 308 307 308 308 308 308 307 308 307 307 306 306 305 305 305 304 304 303 302 302 301 300 298 297 296 295 294 292 290 288 287 285 284 282 279 277 275 272 270 267 265 262 259 256 252 248 246 242 238 234 229 223 218 211 204 197
257 260 262 266 268 271 273 274 277 279 280 282 284 286 287 288 291 292 294 295 297 298 299 299 300 302 302 303 303 305 305 306 306 306 307 308 308 309 308 309 309 309 309 309 309 309 308 308 307 307 307 306 306 305 304 303 304 303 302 300 299 298 296 296 294 293 291 289 288 286 285 283 280 278 276 273 271 268 266 263 260 256 253 249 246 241 238 234 229 224 219 212 205 197
259 261 263 265 270 272 274 275 278 280 281 283 285 287 288 289 292 293 294 296 298 299 300 300 302 303 303 304 304 306 306 307 307 307 308 308 308 309 309 310 310 310 310 310 310 310 309 309 308 308 308 307 307 306 305 304 304 303 303 301 300 299 297 297 295 294 292 290 289 287 286 283 281 279 277 274 271 269 267 264 261 257 254 250 246 242 238 234 229 224 218 212 205 197
260 262 264 267 270 273 274 277 279 281 282 285 286 288 289 291 293 294 295 297 298 300 300 301 303 304 304 305 306 307 307 307 308 309 309 309 309 309 310 311 311 311 311 310 311 311 310 310 309 309 309 308 307 307 306 305 305 304 303 301 300 300 298 298 296 295 293 291 289 288 287 284 282 280 278 275 272 270 268 265 262 258 255 251 247 243 239 235 230 225 219 213 206 198
260 263 265 268 270 272 276 278 280 282 284 286 287 289 291 292 293 295 296 298 299 300 301 303 304 305 305 306 307 308 308 308 309 310 310 310 310 310 311 311 311 312 312 311 312 312 311 311 310 310 310 309 308 308 307 306 306 305 303 302 301 300 298 298 297 296 294 292 290 288 287 285 283 281 278 276 273 271 269 266 263 259 256 252 248 244 240 235 231 226 220 214 207 199
261 264 267 269 271 273 276 278 281 283 285 287 288 290 292 293 294 296 298 299 300 300 301 303 305 305 306 307 308 309 309 309 310 311 311 311 311 311 312 312 312 312 312 312 313 313 312 312 311 310 311 310 309 308 308 307 307 306 304 303 302 301 299 299 297 296 294 293 291 289 287 286 284 282 279 277 274 271 269 267 263 260 257 253 249 245 241 236 232 227 221 215 208 200
262 265 268 270 272 275 277 279 281 285 286 288 289 291 293 294 295 296 299 300 301 301 302 304 305 306 307 308 309 310 310 310 311 312 312 312 312 312 313 313 313 313 313 312 313 314 313 313 312 311 312 311 310 309 309 308 308 306 305 304 303 302 300 300 298 297 295 293 291 289 288 287 285 283 280 278 275 272 270 267 264 261 258 254 250 246 242 237 232 228 222 216 209 201
263 267 269 271 273 276 278 280 282 284 287 289 290 293 294 295 296 297 300 301 301 302 303 305 306 306 307 309 310 310 311 311 312 313 313 313 313 313 314 314 314 314 314 313 314 313 313 314 313 312 313 312 311 310 309 309 308 307 306 305 304 303 301 300 299 297 296 294 292 290 288 286 285 284 281 279 276 273 270 267 265 262 258 255 251 247 242 238 233 228 223 216 209 201
264 268 270 272 274 277 279 281 283 285 287 289 291 293 295 296 297 298 300 301 302 303 304 306 307 307 308 308 310 311 312 312 312 314 314 314 314 314 315 315 315 315 314 314 315 314 314 313 313 313 313 313 312 311 310 309 308 308 307 306 305 303 302 301 299 298 297 295 293 291 289 287 286 284 281 279 276 274 271 268 265 263 259 256 252 248 243 239 234 228 223 217 210 202
265 268 271 273 275 278 280 282 284 286 288 289 291 294 296 297 298 299 301 302 303 304 305 307 308 308 309 309 311 311 312 313 313 315 315 315 315 315 315 316 316 316 315 315 315 315 315 314 314 313 313 314 313 312 311 310 309 308 308 307 306 304 303 301 300 299 298 296 294 292 290 288 286 284 282 280 277 274 271 268 265 262 260 257 253 249 244 240 235 229 223 217 210 203
267 269 272 274 276 279 281 283 285 287 289 290 292 294 296 298 299 300 302 303 304 305 306 308 309 309 310 310 312 312 313 313 314 316 316 316 316 316 316 317 317 317 316 316 316 316 316 315 315 314 314 313 313 312 312 311 310 309 308 308 307 305 304 302 301 299 299 297 295 293 291 289 287 284 282 280 278 275 272 269 266 263 259 256 253 249 244 240 236 230 224 218 211 203
268 270 273 275 278 280 282 284 285 288 290 291 293 295 297 298 300 301 303 304 305 306 307 309 309 310 311 311 313 313 314 314 314 314 317 317 317 317 317 317 318 317 317 317 317 316 317 316 316 315 314 314 314 313 312 311 311 310 309 309 308 306 305 303 302 300 298 298 296 294 292 290 288 285 283 280 279 276 273 270 267 264 260 256 253 249 245 240 235 230 224 218 211 204
268 270 274 276 278 281 283 285 286 289 291 292 294 295 297 299 300 301 304 305 306 307 308 310 310 311 312 312 313 314 315 315 315 315 317 317 318 318 318 318 319 318 318 318 318 317 318 317 317 316 315 315 314 314 313 312 311 310 309 309 308 307 306 304 303 301 299 298 297 295 293 291 289 286 284 281 279 277 274 271 268 264 261 257 253 249 245 241 236 231 225 219 212 203
269 271 273 277 279 282 284 286 287 290 292 293 295 296 298 300 301 302 303 306 307 308 309 310 311 312 313 313 314 315 315 316 316 316 317 318 318 318 319 319 319 319 319 319 318 318 318 318 318 317 316 316 315 314 314 313 312 311 310 309 307 306 307 305 304 302 300 299 297 295 294 292 289 287 285 282 280 277 274 272 269 265 262 258 254 250 246 241 236 232 226 203 196 188
269 272 274 277 280 283 285 286 288 291 293 294 296 297 299 301 302 303 304 306 307 309 310 310 312 313 313 314 315 315 316 317 317 317 317 318 319 319 319 319 319 319 320 320 319 319 319 318 318 318 317 316 316 315 314 314 313 312 311 310 308 307 306 305 304 303 301 299 298 296 294 293 290 288 286 283 280 278 275 272 270 266 263 259 255 251 247 242 221 216 210 204 197 189
270 273 275 277 280 283 286 287 289 291 293 295 296 298 299 302 303 304 305 306 308 309 310 311 312 314 314 315 315 316 317 318 318 318 318 318 320 320 320 319 319 319 320 321 320 320 319 319 318 319 318 317 317 316 315 314 314 313 312 311 309 308 306 305 304 303 301 299 299 297 295 292 290 289 287 284 281 279 276 273 269 266 264 260 256 236 232 227 222 216 211 204 197 190
270 274 276 278 280 283 285 288 290 292 294 296 297 299 300 302 304 305 306 307 309 310 311 311 313 314 315 316 316 317 317 319 319 319 319 319 320 321 321 320 320 320 320 320 321 321 320 320 319 319 319 318 318 317 316 315 314 313 313 311 310 309 307 306 304 303 302 300 298 297 294 293 291 289 286 285 282 279 277 274 270 267 248 244 240 237 232 228 223 217 211 205 198 190
271 275 277 279 281 283 286 288 290 293 294 297 298 300 301 302 305 306 307 308 309 311 311 312 313 314 316 317 317 318 318 319 320 320 320 320 320 320 321 321 321 321 321 321 320 321 320 321 320 320 319 318 318 318 317 316 315 314 313 312 311 310 308 307 305 304 302 301 299 297 295 293 291 289 286 285 282 280 277 258 255 252 248 245 241 237 232 229 224 218 212 206 199 190
272 275 278 280 282 284 287 289 291 293 295 298 299 301 302 303 305 307 308 309 310 311 312 313 314 315 315 317 318 319 319 319 320 321 321 321 321 321 321 322 322 322 322 321 321 321 321 321 320 321 320 319 318 319 318 317 316 315 313 312 311 311 309 308 306 305 303 301 299 298 296 294 292 290 287 285 266 263 260 258 256 253 249 246 242 238 233 228 223 218 213 207 199 191
273 276 279 281 283 285 287 290 292 294 295 297 300 302 303 304 305 308 309 310 311 311 312 314 315 315 316 317 318 319 320 320 321 321 322 322 322 322 322 322 322 323 323 322 322 322 321 322 321 320 320 320 319 318 318 318 317 316 314 313 312 311 309 309 307 306 304 302 300 298 296 295 293 275 272 270 267 264 261 258 255 253 249 245 242 238 234 229 224 219 213 206 200 192
274 276 279 282 284 286 288 290 293 294 296 298 299 302 304 305 306 307 310 311 311 312 313 314 316 316 317 318 318 320 320 321 322 322 322 323 323 323 323 323 323 323 324 323 323 323 322 322 321 321 321 320 319 318 318 318 318 316 315 314 313 311 310 309 307 306 305 303 301 283 281 279 277 274 273 270 268 265 262 259 256 253 249 245 242 238 234 229 224 219 213 207 200 192
