testData/tiles/oneDegree/grid11.0-20.0-12.0-21.0.asc
ncols   200
nrows   200
xllcorner   11.0
yllcorner   20.0
cellsize   0.005
NODATA_value   -9999.0
[rows 84 to 125 of 200, columns 0 to 93 of 200]
590 590 590 591 591 591 591 591 591 591 591 591 591 592 592 592 591 591 592 592 592 592 592 591 592 592 592 592 592 592 592 592 592 592 592 593 593 594 594 595 595 421 421 422 422 423 424 423 425 425 426 426 427 426 427 427 429 430 429 430 430 431 431 432 432 433 433 433 434 434 435 435 436 436 437 437 437 437 438 439 439 439 440 441 441 441 441 442 442 442 443 443 444 444
590 590 590 590 591 591 590 590 590 591 591 591 591 591 591 591 591 591 591 591 592 591 591 591 591 592 592 592 591 591 591 592 592 592 591 591 592 593 594 595 594 420 420 422 422 423 422 423 424 424 426 425 426 426 427 427 427 428 429 430 430 430 430 431 431 433 432 433 433 434 435 434 435 435 437 436 437 437 438 438 438 439 439 440 440 441 441 442 441 442 442 443 442 443
589 590 590 590 589 589 590 590 590 590 591 591 590 590 590 590 591 591 591 591 590 591 591 591 591 591 591 591 591 591 591 591 592 591 591 591 592 592 594 593 594 595 420 421 421 422 422 423 423 424 424 424 426 426 427 426 427 427 428 429 429 430 430 431 431 431 431 433 433 434 433 434 435 435 435 435 437 437 438 437 438 438 439 438 439 440 440 441 441 442 442 442 442 443
589 589 589 589 589 589 589 590 590 590 589 589 590 590 590 590 590 591 590 590 590 590 591 591 591 590 590 590 591 591 591 590 590 590 591 591 592 592 592 592 594 594 420 420 420 421 422 423 423 423 423 424 424 426 426 426 427 427 428 427 428 429 430 430 430 431 431 432 432 433 433 434 434 434 434 435 436 435 436 437 438 438 438 438 439 439 439 439 440 441 441 442 442 443
588 588 588 589 589 589 589 589 590 589 589 589 589 590 590 590 589 589 590 590 590 590 590 590 590 590 590 590 590 591 590 590 590 590 590 591 591 591 592 592 593 594 419 419 420 421 421 422 422 423 423 424 424 424 424 426 427 427 427 427 428 428 429 429 430 430 431 432 431 432 432 434 433 434 434 435 434 435 435 436 437 437 438 438 439 438 439 439 440 439 440 440 442 441
588 588 588 588 589 589 589 588 588 589 589 589 589 589 590 589 589 589 589 590 590 590 589 589 589 590 590 590 589 589 589 590 590 590 590 589 590 591 592 592 593 592 593 419 420 420 420 421 421 422 423 424 423 424 424 425 425 426 427 427 428 428 428 428 429 430 430 430 431 431 432 432 432 433 434 434 434 435 435 436 435 436 436 438 437 438 439 439 439 439 440 440 440 440
587 588 588 588 588 587 588 588 588 588 589 589 589 588 588 589 589 589 589 589 588 589 589 589 589 589 590 589 589 589 589 589 590 589 589 589 589 590 591 591 592 592 593 418 420 419 420 420 421 421 421 423 423 424 424 425 424 425 425 427 426 427 428 428 429 428 429 430 431 431 431 431 432 432 432 433 434 435 435 435 435 436 436 436 436 437 438 438 438 439 439 439 440 440
587 587 588 587 587 587 587 588 588 588 588 587 588 588 588 588 588 589 588 588 588 588 589 589 589 588 588 588 589 589 589 589 588 589 589 589 589 590 589 590 591 592 593 418 418 418 420 420 421 420 421 421 422 424 423 424 424 425 425 425 425 427 427 428 427 428 429 429 430 430 431 431 432 431 432 432 433 433 434 434 435 436 435 436 436 437 436 437 437 439 438 439 439 440
587 586 586 587 587 587 587 587 588 587 587 587 587 588 588 588 588 587 588 588 588 588 588 589 588 588 588 588 588 589 588 588 588 588 588 589 588 589 589 590 590 592 591 417 418 418 419 419 420 420 421 421 422 421 422 423 424 425 424 425 425 426 426 427 427 428 428 429 428 429 430 431 431 431 432 432 432 432 433 433 435 434 435 435 436 435 436 437 437 437 437 439 439 439
586 586 586 586 586 587 587 586 586 587 587 587 587 587 588 587 587 587 587 588 588 588 587 587 587 588 588 588 588 587 588 588 588 588 588 587 588 589 589 590 590 590 590 592 417 418 417 418 419 420 421 421 421 421 422 422 423 423 424 424 425 426 425 426 426 428 427 428 428 429 429 429 429 431 431 431 432 432 433 433 433 433 434 435 435 435 436 436 436 436 437 437 437 437
585 586 586 586 586 585 586 586 586 586 586 587 587 586 586 586 587 587 587 587 586 587 587 587 587 587 588 587 587 587 587 587 588 587 587 587 587 587 589 589 589 590 590 591 417 417 417 418 418 419 418 420 421 421 422 421 422 422 423 424 424 424 425 425 426 426 426 428 428 429 428 429 429 430 429 431 431 432 431 432 432 433 434 433 434 435 436 435 436 436 436 436 437 437
585 585 586 585 585 585 585 586 586 586 586 585 586 586 586 586 586 587 587 586 586 586 587 587 587 586 586 586 587 587 587 587 586 587 587 587 587 587 587 587 589 589 590 591 415 416 417 418 418 418 418 419 419 421 420 421 422 422 423 422 423 424 425 425 425 425 426 426 427 427 428 429 429 429 429 430 430 430 431 432 432 432 432 433 433 434 433 434 435 435 435 436 436 436
585 584 584 584 585 585 585 585 586 585 585 585 585 586 586 586 586 585 586 586 586 586 586 586 586 586 586 586 586 587 586 586 586 586 586 587 586 586 587 587 588 589 589 589 590 415 416 417 417 418 418 419 419 419 419 421 421 422 421 422 423 423 425 424 425 425 426 425 426 426 427 428 428 428 429 429 429 430 430 431 431 432 432 433 432 433 433 434 433 434 434 436 435 436
584 584 584 584 584 585 585 584 584 584 585 585 585 585 586 585 585 585 585 585 586 586 585 585 585 586 586 586 586 585 585 586 586 586 586 585 585 586 587 587 588 587 588 589 590 415 415 415 416 416 418 419 418 419 419 420 420 421 421 422 422 422 422 423 423 425 425 425 426 426 427 426 427 428 429 428 429 429 430 429 430 430 431 431 432 432 433 432 433 433 434 433 434 435
583 584 584 584 584 583 584 584 584 584 584 585 585 584 584 584 585 585 585 585 584 585 585 585 585 585 586 585 585 585 585 585 586 585 585 585 585 585 586 586 586 587 588 588 589 414 415 415 416 416 416 417 418 418 419 419 419 420 420 422 421 422 422 423 423 423 423 425 425 425 425 426 426 427 427 428 429 429 429 429 430 430 430 430 431 432 432 432 433 433 433 433 434 434
583 583 583 583 583 583 583 584 584 584 584 583 584 584 584 584 584 585 584 584 584 584 585 585 585 584 584 584 585 585 585 585 584 584 585 585 585 585 584 585 586 587 587 587 587 413 415 415 416 415 416 416 417 418 418 418 419 419 420 419 420 422 422 423 422 423 423 424 423 425 425 426 426 426 426 427 427 427 428 429 429 429 429 430 430 430 430 431 433 432 433 433 434 433
583 582 582 582 583 583 583 583 583 583 583 583 583 584 584 584 584 583 583 584 584 584 584 583 584 584 584 584 584 585 584 584 584 584 584 585 584 584 584 585 585 587 586 587 587 588 413 413 414 415 416 416 417 416 417 418 419 419 419 419 420 420 420 421 422 422 423 422 423 424 424 425 425 426 426 427 426 427 427 428 428 429 429 430 429 430 430 431 430 431 431 433 432 433
581 582 582 582 582 583 583 582 582 582 583 583 583 583 583 583 583 583 583 583 584 584 583 583 583 584 584 584 583 583 583 584 584 584 583 583 583 584 584 584 584 585 585 587 587 588 412 413 413 414 415 415 415 416 416 417 417 418 419 419 420 419 420 420 421 422 422 422 423 423 423 423 424 425 426 425 426 426 427 426 427 427 428 429 429 430 430 430 430 431 431 431 431 431
581 581 582 582 582 581 582 582 582 582 582 583 583 582 582 582 583 583 583 583 582 583 583 583 583 583 583 583 583 583 583 583 584 583 583 583 583 583 584 583 584 584 585 585 585 587 412 413 413 414 413 414 415 416 416 416 416 417 417 419 418 419 419 420 420 420 421 422 423 422 423 423 424 423 424 424 426 426 426 426 427 427 427 427 428 428 429 429 430 430 430 430 431 430
581 581 581 581 581 581 581 581 582 582 582 581 581 582 582 582 582 582 582 582 582 582 582 583 583 582 582 582 583 583 583 582 582 582 583 583 583 582 582 582 584 584 585 584 585 585 411 412 412 412 413 414 414 415 415 416 416 417 416 417 417 419 419 419 419 420 420 421 420 422 422 423 422 423 423 424 423 424 425 426 427 426 427 427 428 427 428 428 429 429 429 430 429 430
580 580 580 580 581 581 581 581 581 581 581 581 581 581 582 582 581 581 581 582 582 582 582 581 582 582 582 582 582 581 582 582 582 582 582 582 582 582 582 582 583 582 584 584 585 585 586 410 412 412 413 413 413 413 414 415 416 415 416 417 417 418 417 419 419 420 419 420 420 421 421 422 422 423 423 423 423 424 424 424 424 426 426 426 426 427 427 427 427 428 428 429 429 430
579 580 580 580 580 580 580 580 580 580 581 581 581 581 580 581 581 581 581 581 582 581 581 581 581 581 582 582 581 581 581 582 582 582 581 581 581 582 582 582 581 582 582 583 584 584 585 410 411 411 413 412 413 413 414 414 414 415 416 416 416 416 417 417 418 418 419 419 420 420 420 420 421 421 422 423 423 424 423 424 424 425 424 426 426 427 426 426 427 427 427 427 428 428
579 579 580 580 579 579 579 580 580 580 580 580 580 580 580 580 580 581 581 580 580 580 581 581 581 581 580 581 581 581 581 581 580 581 581 581 581 581 580 581 581 582 582 583 582 584 584 410 410 410 410 411 412 413 412 413 414 414 415 415 416 416 417 417 417 417 418 419 419 419 420 420 421 420 421 421 423 422 423 423 424 423 424 424 425 424 426 426 427 426 427 427 428 427
579 579 578 578 579 579 579 579 580 580 579 579 579 580 580 580 580 579 580 580 580 580 580 581 580 580 580 580 580 581 580 580 580 580 580 581 580 580 580 580 580 581 581 582 582 583 583 410 409 410 410 411 411 411 412 413 413 414 413 414 414 416 415 416 416 417 417 417 417 418 420 419 420 420 421 421 421 421 422 423 423 423 423 424 423 424 424 425 424 426 426 426 426 427
578 578 578 578 578 579 579 579 578 578 579 579 579 579 579 579 579 579 579 579 580 580 579 579 579 580 580 580 580 579 580 580 580 580 580 579 580 580 580 580 580 579 581 581 582 582 582 407 408 409 410 410 410 411 411 412 412 413 413 414 414 414 414 415 416 417 416 417 417 418 417 418 419 420 419 420 420 421 421 421 421 423 423 423 423 424 424 424 424 425 424 425 426 427
578 578 578 578 578 578 578 578 578 578 578 579 579 578 578 578 579 579 579 579 578 579 579 579 579 579 580 579 579 579 579 579 580 579 579 579 579 579 580 579 579 579 580 580 581 581 582 582 408 408 408 409 410 410 411 410 411 411 413 413 413 413 414 414 414 414 416 417 417 417 417 418 418 418 419 420 420 420 420 420 421 420 421 421 423 422 423 423 424 423 424 424 425 424
578 578 578 577 577 577 577 577 578 578 578 577 578 578 578 578 578 579 578 578 578 578 578 579 579 578 578 578 579 579 579 578 578 578 579 579 579 578 578 578 579 579 579 579 579 580 582 582 407 407 408 408 409 409 410 410 411 411 411 411 413 413 414 413 414 414 415 414 416 416 417 417 417 417 418 418 418 419 420 420 420 420 421 421 421 421 422 423 423 423 424 424 423 424
578 577 577 577 577 577 577 577 577 577 577 577 577 577 578 578 577 577 577 578 578 578 578 577 578 578 578 578 578 577 578 578 578 578 578 578 578 578 578 578 578 578 578 579 579 580 580 580 406 407 407 408 407 408 408 410 410 410 410 411 411 411 413 413 414 414 414 414 415 415 416 416 417 417 418 417 417 418 418 419 419 420 420 420 420 421 421 421 421 422 423 423 423 424
577 577 577 577 577 577 577 576 576 576 577 577 577 577 576 577 577 577 577 577 578 577 577 577 577 577 578 578 577 577 577 578 578 578 577 577 577 578 578 577 577 577 577 579 579 579 579 580 405 406 406 407 407 408 408 408 408 410 410 411 410 411 411 412 413 413 413 414 414 414 414 415 415 416 416 417 417 418 417 418 418 419 419 420 420 421 420 420 421 420 421 421 422 422
577 577 577 577 576 576 576 576 576 576 576 576 576 576 576 576 576 577 577 576 576 576 577 577 577 577 576 577 577 577 577 577 576 577 577 577 577 577 576 577 577 577 577 576 577 578 579 579 405 404 405 405 407 407 407 407 408 408 409 410 410 411 411 411 411 412 412 414 413 414 414 414 414 414 415 416 416 416 417 417 417 417 418 418 418 419 420 420 420 420 421 421 421 421
577 577 576 576 576 576 576 576 576 576 575 575 575 576 576 576 576 575 576 576 576 576 576 577 576 576 576 576 576 577 576 576 576 576 577 577 576 576 576 576 577 577 576 576 577 577 578 578 579 404 405 405 405 405 407 407 408 407 408 408 409 410 410 410 411 411 411 411 412 413 414 413 414 414 415 414 415 415 417 416 417 417 418 417 417 418 418 418 419 420 420 420 420 421
576 576 576 576 576 576 576 575 575 575 575 575 575 575 575 575 575 575 575 575 576 576 575 575 575 576 576 576 575 575 576 576 576 576 575 575 576 576 576 576 575 575 576 576 576 576 576 577 577 404 404 404 404 405 406 406 407 407 408 408 408 408 409 410 411 410 411 411 411 411 411 413 413 414 413 414 414 415 414 415 416 417 416 417 417 418 417 418 418 417 418 419 420 419
576 576 576 576 576 575 575 575 575 575 575 575 575 574 574 574 575 575 575 575 574 575 575 575 575 575 575 575 575 575 575 575 575 575 575 575 575 575 575 575 575 575 575 575 575 576 576 577 577 402 402 404 404 405 404 405 405 406 407 407 407 408 408 408 408 410 410 411 410 411 411 412 411 412 413 414 413 414 414 415 414 414 415 416 416 416 417 417 417 417 418 418 418 418
576 576 576 575 575 575 575 575 575 575 574 574 574 574 574 574 574 574 574 574 574 574 574 575 574 574 574 574 575 575 575 574 574 574 575 575 574 574 574 574 575 575 574 574 574 574 576 575 576 402 402 403 402 404 404 405 405 405 405 406 407 408 407 407 408 408 408 408 410 410 411 410 411 411 412 411 413 413 414 413 414 414 415 414 415 415 416 416 416 417 417 417 417 418
575 575 575 575 575 575 575 575 574 574 574 574 574 574 574 573 573 573 573 574 574 574 573 573 574 574 574 574 574 573 574 574 574 574 574 574 574 574 574 574 573 574 574 574 574 574 574 574 576 401 402 401 402 402 403 404 404 404 405 405 405 405 407 407 408 407 408 408 409 408 410 410 411 411 411 411 412 412 411 413 413 414 413 414 414 415 414 415 415 416 416 416 417 416
575 575 575 575 575 575 574 574 574 574 574 574 574 573 573 573 573 573 573 573 572 573 573 573 573 573 574 573 573 573 573 574 574 573 573 573 573 574 573 573 573 573 573 574 573 573 574 574 575 574 401 401 402 402 402 402 403 404 405 404 404 405 405 406 406 407 407 408 407 408 408 409 408 410 410 411 410 411 411 412 411 412 413 413 413 413 414 414 414 414 415 415 416 416
575 575 575 574 574 574 574 574 574 574 574 573 573 573 573 573 573 573 572 572 572 572 573 573 573 572 572 572 573 573 573 572 572 573 573 573 573 572 572 573 573 573 572 572 572 573 573 573 573 574 399 400 401 401 401 402 402 402 402 404 404 405 404 405 405 406 405 407 407 408 408 408 408 408 409 409 410 410 411 410 411 411 412 411 412 413 414 413 413 414 413 414 414 415
575 574 574 574 574 574 574 574 574 573 573 573 573 573 573 573 572 572 572 572 572 572 572 571 572 572 572 572 572 572 572 572 572 572 572 572 572 572 572 572 571 572 572 572 572 572 571 573 573 574 399 399 399 400 401 402 401 401 402 402 402 403 404 404 405 404 405 405 406 406 407 407 408 408 408 408 409 409 410 410 410 411 410 411 411 411 411 412 413 413 413 413 414 413
574 574 574 574 574 574 573 573 573 573 573 573 573 573 572 572 572 572 572 572 571 571 571 571 571 572 572 571 571 571 571 572 572 571 571 571 571 572 572 571 571 571 571 572 571 571 571 571 572 572 398 398 399 399 399 399 401 401 402 401 402 402 403 403 404 404 405 405 405 405 405 407 406 407 407 408 407 408 408 409 409 410 410 411 410 410 411 411 411 411 412 413 412 413
574 574 574 574 573 573 573 573 573 573 573 572 572 572 572 572 572 572 571 571 571 571 571 571 571 570 570 571 571 571 571 570 570 571 571 571 571 570 571 571 571 571 570 570 570 571 571 570 571 571 397 398 398 398 398 399 399 399 400 401 401 402 401 402 402 403 403 404 404 405 405 405 405 406 407 407 407 407 408 407 408 408 409 409 410 410 411 410 410 411 410 411 411 412
574 573 573 573 573 573 573 573 573 572 572 572 572 572 572 572 571 571 571 571 571 571 571 570 570 570 570 570 570 570 570 570 570 570 571 570 570 570 570 570 570 570 570 570 570 570 570 570 570 571 396 396 396 398 398 399 398 399 399 400 400 401 401 402 402 402 402 402 404 403 404 404 405 404 405 405 406 406 407 407 407 407 407 408 408 408 409 410 410 409 410 410 411 410
573 573 573 573 573 573 572 572 572 572 572 572 572 572 571 571 571 571 571 571 570 570 570 570 570 570 570 569 569 569 570 570 570 569 569 569 570 570 570 569 569 569 570 570 569 569 569 569 570 569 395 395 396 396 396 397 398 398 399 398 399 399 400 400 401 401 402 402 402 402 403 404 404 404 404 405 404 405 405 407 406 407 407 407 407 407 408 408 408 408 410 409 409 410
