testData/tiles/oneDegree/grid24.0-19.0-25.0-20.0.asc
ncols   200
nrows   200
xllcorner   24.0
yllcorner   19.0
cellsize   0.005
NODATA_value   -9999.0
[rows 117 to 155 of 200, columns 88 to 175 of 200]
1070 1070 1071 1071 1072 1071 1072 1072 1072 1073 1073 1072 1073 1074 1074 1075 1075 1075 1076 1076 1076 1076 1076 1076 1077 1078 1078 1079 1079 1078 1079 1080 1080 1081 1081 1081 1082 1082 1082 1083 1083 1084 1084 1085 1085 1086 1086 1085 1086 1086 1086 1087 1086 1086 1087 1087 1086 1086 1087 1087 1087 1087 1086 1086 1086 1086 1086 1087 1085 1085 1086 1085 1084 1084 1085 1084 1084 1084 1084 1084 1084 1084 1084 1083 1084 1084 1084 1085
1071 1071 1072 1071 1071 1071 1072 1072 1072 1073 1073 1074 1075 1075 1076 1075 1075 1076 1076 1076 1077 1077 1077 1078 1077 1078 1079 1079 1079 1080 1080 1080 1081 1081 1081 1083 1083 1083 1083 1083 1083 1085 1086 1086 1086 1086 1086 1087 1087 1086 1087 1087 1087 1087 1087 1087 1087 1088 1087 1087 1088 1088 1086 1087 1087 1087 1087 1087 1086 1087 1086 1086 1085 1085 1085 1085 1085 1085 1085 1085 1085 1085 1084 1085 1084 1084 1085 1085
1071 1071 1072 1072 1072 1073 1073 1072 1073 1073 1073 1074 1075 1075 1076 1076 1076 1077 1076 1077 1077 1077 1078 1078 1079 1080 1080 1079 1080 1080 1081 1082 1082 1082 1082 1083 1083 1084 1084 1084 1085 1086 1086 1087 1087 1087 1087 1087 1087 1087 1088 1087 1087 1088 1088 1088 1088 1088 1088 1089 1088 1088 1089 1088 1087 1088 1088 1088 1086 1087 1087 1086 1087 1086 1086 1086 1086 1086 1086 1086 1086 1085 1086 1085 1085 1086 1085 1086
1070 1072 1072 1072 1073 1073 1073 1074 1074 1074 1075 1076 1075 1076 1076 1076 1077 1077 1077 1078 1078 1077 1078 1079 1079 1080 1080 1080 1081 1081 1081 1082 1082 1082 1084 1084 1084 1084 1084 1084 1087 1087 1087 1087 1087 1087 1088 1088 1087 1088 1088 1088 1089 1088 1088 1089 1089 1089 1089 1089 1089 1090 1089 1088 1089 1089 1088 1088 1089 1088 1087 1088 1088 1086 1087 1087 1086 1087 1088 1087 1087 1088 1087 1087 1088 1087 1088 1088
1071 1073 1073 1072 1073 1073 1074 1074 1074 1075 1075 1076 1077 1077 1077 1077 1077 1077 1078 1078 1078 1079 1079 1080 1081 1080 1080 1081 1081 1081 1083 1083 1082 1083 1084 1084 1085 1085 1085 1087 1087 1087 1088 1088 1088 1088 1088 1088 1089 1089 1088 1089 1089 1089 1090 1089 1089 1090 1090 1090 1090 1090 1090 1091 1089 1089 1089 1090 1089 1088 1089 1089 1089 1089 1089 1088 1089 1089 1089 1089 1090 1089 1089 1090 1089 1090 1090 1090
1073 1073 1073 1074 1074 1074 1075 1075 1074 1075 1076 1076 1077 1077 1078 1078 1078 1079 1079 1078 1079 1079 1080 1081 1081 1081 1082 1081 1081 1082 1083 1083 1084 1084 1085 1085 1085 1085 1087 1088 1088 1088 1088 1088 1089 1089 1089 1089 1089 1089 1090 1090 1089 1090 1090 1090 1091 1090 1090 1091 1091 1091 1090 1091 1090 1091 1091 1091 1091 1090 1090 1091 1092 1090 1090 1091 1090 1091 1091 1091 1091 1091 1091 1091 1092 1092 1092 1092
1073 1073 1074 1074 1074 1075 1075 1075 1076 1076 1077 1078 1077 1077 1078 1078 1078 1079 1079 1080 1080 1080 1081 1081 1081 1082 1082 1082 1083 1084 1083 1084 1084 1085 1086 1086 1086 1086 1087 1088 1089 1089 1089 1090 1089 1089 1090 1090 1090 1091 1091 1091 1092 1092 1090 1091 1091 1091 1091 1092 1092 1092 1093 1092 1092 1093 1093 1092 1093 1093 1093 1093 1093 1093 1093 1092 1092 1093 1093 1093 1093 1093 1093 1093 1094 1094 1093 1093
1074 1074 1075 1075 1075 1075 1075 1076 1076 1077 1078 1078 1078 1079 1079 1079 1079 1079 1079 1080 1080 1081 1082 1082 1082 1082 1082 1082 1083 1084 1085 1085 1085 1086 1086 1086 1087 1088 1089 1090 1089 1089 1090 1090 1090 1091 1090 1091 1092 1092 1092 1092 1092 1092 1093 1094 1092 1092 1093 1094 1094 1094 1094 1094 1096 1094 1094 1095 1095 1094 1095 1095 1095 1094 1094 1094 1093 1095 1095 1094 1095 1095 1094 1095 1096 1095 1095 1096
1074 1075 1075 1075 1076 1076 1076 1077 1076 1078 1078 1078 1079 1079 1079 1080 1080 1080 1081 1080 1080 1082 1082 1082 1083 1083 1083 1084 1083 1084 1085 1085 1085 1087 1087 1087 1088 1088 1089 1090 1090 1090 1090 1090 1090 1091 1092 1092 1093 1093 1093 1094 1094 1094 1095 1095 1095 1095 1095 1095 1096 1096 1096 1096 1097 1096 1097 1096 1096 1097 1097 1096 1096 1097 1095 1095 1097 1097 1096 1097 1097 1096 1097 1097 1097 1097 1098 1097
1075 1075 1075 1076 1076 1076 1077 1077 1077 1079 1079 1079 1079 1079 1080 1080 1080 1081 1081 1081 1083 1083 1082 1083 1083 1083 1084 1084 1084 1086 1086 1085 1086 1087 1087 1088 1089 1090 1090 1090 1090 1091 1091 1091 1092 1093 1093 1094 1095 1095 1095 1095 1095 1097 1097 1096 1097 1097 1097 1098 1097 1097 1098 1098 1098 1099 1098 1098 1099 1098 1098 1098 1098 1098 1097 1098 1097 1098 1099 1098 1098 1099 1098 1098 1099 1099 1099 1099
1076 1076 1077 1076 1076 1077 1077 1077 1078 1079 1079 1080 1080 1080 1081 1081 1080 1081 1081 1081 1083 1083 1084 1084 1084 1084 1084 1084 1085 1086 1086 1087 1088 1087 1088 1089 1089 1091 1091 1092 1092 1092 1092 1094 1094 1095 1096 1095 1096 1097 1097 1097 1097 1098 1098 1099 1099 1098 1099 1099 1099 1100 1099 1099 1101 1101 1099 1099 1100 1100 1100 1100 1100 1100 1099 1099 1099 1100 1100 1100 1101 1100 1100 1100 1100 1101 1101 1101
1076 1076 1077 1077 1077 1078 1078 1079 1079 1079 1080 1080 1080 1081 1081 1081 1082 1082 1082 1082 1083 1083 1084 1084 1084 1085 1085 1085 1086 1086 1087 1087 1088 1089 1089 1091 1091 1092 1092 1094 1094 1094 1095 1095 1096 1097 1097 1097 1099 1098 1098 1099 1099 1100 1100 1100 1100 1101 1102 1100 1101 1101 1101 1101 1102 1102 1101 1102 1101 1101 1103 1102 1101 1102 1102 1101 1101 1102 1102 1102 1102 1102 1101 1102 1102 1102 1103 1103
873 1077 1077 1077 1078 1078 1078 1079 1080 1080 1081 1081 1081 1081 1081 1082 1082 1082 1083 1083 1084 1085 1084 1084 1085 1085 1085 1086 1087 1087 1088 1088 1089 1090 1090 1092 1094 1094 1094 1095 1095 1096 1096 1098 1099 1098 1098 1099 1100 1100 1101 1100 1100 1102 1102 1102 1101 1102 1103 1103 1103 1102 1102 1103 1104 1103 1104 1103 1103 1104 1103 1103 1104 1103 1103 1103 1103 1102 1103 1104 1103 1103 1104 1104 1103 1104 1105 1104
874 875 875 1078 1078 1078 1079 1079 1080 1081 1081 1081 1082 1082 1082 1083 1082 1083 1083 1084 1085 1085 1085 1086 1086 1085 1086 1087 1088 1089 1089 1090 1092 1092 1092 1094 1095 1095 1096 1097 1097 1097 1097 1099 1100 1100 1100 1100 1101 1101 1102 1102 1102 1103 1103 1103 1104 1104 1103 1105 1104 1104 1105 1104 1104 1106 1106 1104 1105 1105 1105 1105 1105 1105 1106 1104 1104 1104 1105 1105 1105 1106 1105 1105 1106 1105 1105 1107
875 875 875 876 1079 1080 1080 1079 1081 1081 1081 1082 1082 1082 1083 1083 1083 1084 1084 1084 1085 1085 1086 1087 1087 1088 1088 1089 1090 1090 1090 1093 1093 1093 1095 1096 1096 1097 1097 1098 1099 1099 1100 1100 1101 1101 1102 1102 1103 1103 1103 1103 1104 1104 1105 1105 1105 1105 1106 1107 1106 1106 1106 1106 1106 1107 1107 1107 1107 1106 1107 1107 1107 1107 1107 1106 1106 1106 1106 1106 1107 1107 1107 1107 1107 1107 1108 1107
875 875 876 876 876 877 1080 1080 1082 1082 1083 1082 1082 1083 1083 1083 1084 1084 1084 1087 1087 1087 1087 1088 1088 1089 1089 1090 1092 1092 1093 1094 1094 1095 1096 1097 1099 1099 1098 1100 1100 1100 1102 1102 1103 1103 1103 1103 1104 1105 1105 1105 1105 1105 1107 1107 1107 1107 1107 1107 1109 1107 1107 1108 1108 1108 1109 1108 1108 1109 1108 1108 1107 1109 1108 1107 1108 1108 1107 1108 1108 1109 1109 1109 1109 1109 1109 1109
876 876 876 876 877 877 877 878 1082 1082 1083 1083 1083 1084 1084 1084 1085 1085 1086 1088 1088 1089 1089 1090 1091 1090 1090 1093 1093 1093 1094 1096 1096 1097 1097 1099 1100 1100 1101 1101 1102 1103 1103 1103 1105 1105 1105 1105 1105 1106 1107 1107 1107 1107 1107 1108 1109 1109 1108 1109 1109 1110 1110 1109 1109 1110 1110 1111 1109 1110 1110 1110 1109 1109 1110 1111 1109 1109 1110 1110 1109 1110 1111 1110 1111 1111 1110 1110
876 877 877 877 878 878 878 878 879 880 1083 1083 1084 1085 1085 1086 1087 1087 1087 1088 1090 1090 1090 1092 1092 1092 1093 1095 1094 1095 1095 1097 1098 1098 1099 1102 1101 1101 1102 1102 1103 1105 1105 1104 1105 1106 1106 1107 1107 1106 1108 1108 1109 1109 1109 1109 1110 1110 1110 1111 1110 1111 1111 1111 1111 1111 1111 1111 1112 1111 1111 1112 1111 1111 1111 1112 1111 1111 1111 1111 1112 1111 1111 1112 1112 1112 1112 1113
877 877 877 878 878 878 879 879 880 882 881 882 1085 1086 1087 1087 1088 1089 1089 1090 1092 1092 1091 1093 1093 1094 1094 1096 1097 1097 1097 1098 1099 1099 1101 1102 1103 1104 1103 1103 1104 1106 1106 1107 1107 1107 1108 1108 1108 1109 1109 1109 1110 1110 1110 1111 1112 1111 1112 1112 1112 1113 1112 1112 1113 1113 1113 1113 1112 1114 1114 1113 1112 1113 1113 1112 1112 1113 1113 1113 1113 1113 1112 1113 1113 1114 1114 1114
877 877 878 878 878 879 880 880 882 883 883 884 884 886 1088 1088 1090 1090 1090 1092 1093 1093 1094 1094 1095 1095 1095 1096 1098 1098 1099 1100 1101 1101 1102 1103 1104 1105 1105 1106 1107 1107 1108 1108 1108 1109 1110 1109 1110 1110 1110 1111 1112 1111 1112 1112 1112 1114 1114 1113 1114 1114 1114 1114 1114 1114 1115 1115 1113 1114 1114 1115 1116 1114 1114 1115 1114 1113 1114 1115 1114 1114 1115 1115 1114 1115 1115 1115
878 878 879 880 881 880 881 882 883 883 885 885 885 887 887 887 888 1091 1092 1093 1094 1095 1095 1095 1097 1097 1097 1098 1099 1099 1101 1101 1101 1103 1105 1105 1105 1106 1107 1107 1108 1109 1110 1109 1110 1110 1110 1112 1112 1111 1112 1112 1112 1114 1114 1113 1114 1114 1115 1116 1115 1115 1116 1115 1115 1116 1116 1116 1117 1116 1115 1116 1117 1116 1116 1116 1115 1115 1115 1115 1116 1117 1116 1116 1117 1116 1116 1117
879 880 880 881 882 882 882 884 885 885 886 886 887 888 888 889 889 890 891 1095 1095 1096 1096 1097 1097 1098 1099 1100 1100 1102 1102 1102 1103 1104 1106 1107 1107 1107 1108 1108 1109 1110 1110 1111 1112 1111 1112 1112 1113 1114 1114 1113 1114 1114 1115 1116 1116 1115 1116 1116 1117 1118 1117 1116 1117 1117 1118 1118 1118 1117 1117 1118 1117 1116 1118 1118 1116 1117 1117 1117 1117 1117 1118 1118 1118 1118 1119 1118
880 881 881 882 883 883 884 885 886 887 888 888 889 888 890 890 890 892 892 893 894 1098 1098 1099 1098 1099 1101 1101 1102 1102 1104 1105 1105 1104 1108 1108 1108 1109 1109 1111 1111 1111 1111 1112 1113 1113 1114 1113 1113 1115 1115 1115 1116 1115 1115 1117 1117 1117 1118 1117 1117 1119 1119 1119 1118 1118 1118 1119 1120 1118 1119 1119 1119 1118 1118 1118 1120 1118 1118 1119 1119 1118 1119 1119 1120 1120 1120 1120
882 883 882 883 884 885 885 886 888 888 888 890 890 890 892 892 891 892 893 895 895 895 897 1100 1100 1101 1103 1102 1103 1103 1105 1106 1106 1107 1109 1109 1110 1110 1110 1112 1113 1113 1114 1113 1113 1115 1115 1115 1116 1115 1116 1117 1117 1117 1118 1117 1118 1119 1119 1119 1120 1119 1119 1121 1120 1120 1120 1120 1120 1120 1120 1120 1121 1120 1120 1120 1120 1119 1121 1120 1120 1121 1120 1120 1121 1121 1120 1121
883 884 885 885 886 887 887 886 889 889 890 891 891 892 892 893 894 894 894 895 896 897 897 898 899 1102 1103 1105 1105 1105 1106 1107 1107 1109 1109 1110 1112 1112 1111 1113 1113 1115 1115 1115 1116 1115 1116 1117 1117 1118 1119 1118 1119 1120 1119 1119 1120 1119 1120 1121 1121 1121 1121 1121 1120 1122 1122 1121 1122 1122 1121 1122 1122 1122 1122 1122 1121 1121 1121 1121 1122 1122 1122 1122 1122 1122 1122 1122
884 886 886 886 887 888 888 889 891 891 892 891 893 893 893 895 895 895 896 897 898 899 899 899 900 900 902 1105 1106 1108 1108 1108 1109 1110 1110 1112 1112 1113 1115 1115 1114 1115 1116 1116 1117 1117 1118 1117 1119 1120 1120 1120 1121 1121 1121 1121 1121 1121 1122 1121 1122 1123 1123 1123 1123 1122 1123 1124 1124 1123 1123 1123 1123 1123 1123 1123 1124 1123 1122 1122 1123 1123 1122 1124 1124 1123 1124 1124
885 886 887 887 888 889 890 890 890 893 893 893 895 895 895 895 896 897 897 897 900 900 900 901 902 901 903 903 903 1109 1109 1110 1110 1112 1112 1113 1113 1114 1116 1116 1117 1117 1116 1118 1118 1118 1119 1120 1120 1121 1121 1121 1122 1122 1122 1123 1122 1123 1123 1123 1124 1124 1124 1125 1125 1124 1124 1124 1124 1126 1125 1124 1125 1125 1124 1123 1124 1124 1124 1124 1124 1124 1125 1124 1124 1125 1126 1125
888 888 889 890 890 889 891 891 891 894 894 895 895 896 897 897 897 899 898 898 900 901 902 902 902 904 905 905 905 906 907 908 1111 1112 1113 1114 1116 1115 1116 1117 1118 1118 1119 1119 1118 1120 1121 1121 1122 1122 1122 1123 1123 1123 1124 1124 1124 1124 1124 1124 1125 1125 1124 1126 1126 1125 1126 1125 1125 1126 1125 1126 1126 1126 1125 1126 1125 1124 1125 1126 1126 1126 1126 1126 1126 1126 1126 1127
889 889 890 891 891 892 892 893 894 894 895 896 896 897 898 898 899 899 900 901 901 901 903 903 903 904 906 907 907 908 909 909 909 911 1114 1114 1117 1117 1118 1118 1118 1120 1120 1120 1121 1121 1122 1123 1123 1123 1124 1124 1125 1125 1125 1125 1126 1125 1125 1126 1126 1126 1127 1127 1126 1126 1127 1127 1128 1127 1126 1127 1127 1128 1127 1127 1127 1127 1126 1126 1127 1127 1127 1128 1128 1128 1128 1128
890 890 891 891 892 893 893 895 895 896 897 898 898 898 898 899 900 900 901 902 902 904 904 905 905 906 906 907 908 910 910 910 912 912 912 913 1116 1119 1120 1120 1120 1120 1120 1121 1122 1123 1123 1124 1124 1125 1125 1125 1126 1126 1127 1127 1127 1127 1127 1127 1126 1128 1128 1128 1129 1129 1127 1128 1129 1129 1129 1128 1128 1129 1128 1127 1129 1129 1128 1128 1128 1128 1129 1128 1128 1129 1130 1129
891 892 892 892 893 894 894 895 896 897 898 898 900 900 900 901 901 901 902 902 904 904 905 906 907 908 909 908 908 911 911 911 913 913 915 915 914 916 917 1121 1122 1122 1122 1122 1123 1124 1125 1125 1125 1126 1126 1126 1127 1127 1128 1128 1129 1129 1128 1128 1129 1129 1128 1130 1130 1130 1130 1129 1129 1130 1130 1130 1130 1130 1129 1130 1130 1129 1129 1130 1130 1130 1130 1130 1130 1130 1130 1130
892 893 894 895 895 896 896 896 896 898 899 899 900 901 902 902 902 904 904 903 904 905 906 907 907 909 910 910 912 912 912 913 914 914 915 916 916 918 918 919 919 1123 1124 1124 1125 1126 1126 1126 1127 1127 1127 1128 1128 1128 1129 1129 1129 1130 1129 1129 1130 1130 1130 1131 1130 1130 1131 1131 1132 1131 1131 1131 1131 1131 1132 1131 1131 1131 1130 1130 1130 1131 1130 1131 1132 1132 1131 1132
893 894 894 896 896 896 898 898 899 899 899 901 901 901 903 903 903 904 905 906 906 906 906 908 908 910 910 911 913 913 914 914 915 916 916 916 917 919 919 921 920 920 922 922 1127 1127 1127 1128 1128 1128 1129 1129 1129 1130 1130 1130 1131 1131 1131 1131 1130 1131 1132 1132 1132 1132 1131 1131 1132 1133 1132 1132 1132 1132 1133 1131 1131 1133 1132 1132 1132 1132 1132 1133 1132 1132 1133 1133
894 895 896 896 897 898 898 899 900 900 901 903 903 904 903 904 905 905 905 906 907 908 908 909 911 911 911 912 913 914 915 915 916 917 918 918 919 919 920 921 922 923 923 923 925 925 1128 1129 1129 1130 1130 1130 1131 1131 1131 1132 1131 1132 1133 1133 1132 1133 1132 1132 1134 1134 1134 1133 1133 1133 1134 1133 1133 1134 1134 1133 1134 1133 1132 1133 1133 1133 1134 1134 1134 1134 1134 1134
895 897 898 897 898 899 899 900 900 901 902 902 903 905 905 906 906 906 907 907 907 909 909 909 911 912 914 914 914 915 916 916 918 918 918 920 921 921 921 921 922 924 924 926 926 925 927 927 1130 1131 1131 1131 1131 1132 1132 1133 1133 1134 1133 1134 1134 1134 1134 1134 1134 1134 1135 1135 1135 1135 1135 1134 1135 1135 1134 1135 1135 1135 1134 1134 1134 1135 1134 1134 1135 1136 1135 1136
896 897 899 899 900 900 901 901 901 902 903 903 905 905 906 907 907 908 909 909 909 909 909 911 911 913 914 915 917 917 916 917 919 919 920 920 921 923 923 922 923 923 925 927 927 928 928 927 928 929 929 1133 1133 1132 1133 1134 1134 1135 1135 1134 1134 1134 1135 1136 1136 1136 1136 1135 1136 1136 1136 1136 1136 1136 1137 1135 1135 1136 1135 1136 1136 1136 1136 1137 1136 1136 1137 1137
897 898 899 901 901 901 902 903 903 904 904 905 905 906 907 908 908 909 909 909 911 911 912 911 912 915 915 915 917 918 918 920 920 920 921 921 923 923 923 925 925 924 925 927 927 929 929 930 930 929 930 931 931 932 1135 1134 1135 1135 1136 1137 1136 1135 1136 1136 1136 1138 1138 1136 1137 1137 1137 1138 1136 1137 1138 1137 1137 1137 1136 1136 1137 1136 1136 1138 1138 1137 1138 1138
898 899 899 901 901 902 903 903 904 905 905 906 906 908 908 908 909 910 910 911 911 912 913 913 913 915 916 917 918 918 919 921 921 922 922 921 924 924 925 925 925 927 928 927 928 929 929 931 931 931 932 931 932 932 933 934 1137 1136 1137 1137 1137 1138 1138 1137 1138 1138 1138 1138 1138 1138 1139 1139 1138 1138 1138 1137 1138 1139 1137 1138 1138 1138 1138 1138 1138 1139 1138 1139
900 900 902 901 902 903 904 904 905 905 907 907 907 908 910 910 911 911 912 912 912 913 913 914 916 916 916 918 920 920 920 921 922 923 923 924 925 925 926 926 926 927 928 929 930 930 931 931 931 932 933 933 933 933 933 934 934 936 936 1138 1139 1138 1138 1139 1140 1139 1140 1139 1139 1140 1139 1139 1140 1140 1140 1139 1139 1139 1140 1138 1138 1140 1140 1140 1140 1140 1140 1141
