testData/tiles/oneDegree/grid14.0-11.0-15.0-12.0.asc
ncols   200
nrows   200
xllcorner   14.0
yllcorner   11.0
cellsize   0.005
NODATA_value   -9999.0
[rows 42 to 83 of 200, columns 0 to 93 of 200]
609 610 610 610 610 610 610 611 612 611 611 613 613 611 611 611 612 612 612 612 611 613 613 613 546 546 547 548 549 550 550 551 551 551 552 553 553 554 554 555 555 556 557 557 557 558 558 559 559 560 559 560 560 560 561 561 563 563 563 564 564 564 565 565 566 566 566 567 567 567 568 568 568 569 569 569 570 570 570 560 560 560 560 560 561 561 561 562 562 562 562 562 563 562
611 612 612 611 611 612 612 613 613 613 613 614 614 613 613 613 614 614 613 613 614 614 615 547 547 548 549 550 551 551 552 552 553 553 554 554 555 555 556 556 557 558 558 558 559 559 560 560 561 561 561 562 562 564 563 563 564 564 565 565 565 566 566 566 567 567 568 568 568 569 569 569 569 570 570 570 571 571 571 572 563 563 561 562 562 562 562 563 563 563 563 564 564 564
613 612 613 613 613 614 614 614 614 615 615 615 614 615 615 615 615 615 615 616 615 548 547 548 549 550 551 551 552 552 553 555 554 555 555 556 556 557 557 559 559 560 559 560 560 561 561 561 562 562 564 564 565 565 565 566 566 565 566 566 567 567 567 568 568 568 569 569 569 570 570 570 571 571 571 572 572 572 572 573 564 564 565 565 564 563 564 564 564 564 565 565 565 565
614 615 615 615 615 615 616 616 616 617 617 617 615 616 617 616 616 616 617 617 549 549 549 549 551 552 552 553 553 554 555 556 555 556 557 557 558 558 560 560 561 561 560 561 561 562 562 563 564 565 565 565 566 566 567 567 567 568 568 568 569 568 569 569 569 570 570 570 571 571 571 572 572 572 572 573 573 573 574 574 565 565 566 566 566 567 566 565 565 565 566 566 566 566
616 616 616 616 616 617 618 617 617 618 619 617 617 618 618 618 618 617 550 550 550 550 550 552 552 553 554 554 555 556 557 556 557 557 558 558 560 560 561 561 562 561 562 562 563 563 565 565 565 566 566 567 567 567 568 568 569 569 569 570 570 570 571 571 570 571 571 571 572 572 572 573 573 573 574 574 574 575 575 575 566 567 567 567 567 568 568 568 567 567 567 567 567 567
619 617 617 618 619 618 618 619 620 619 620 619 619 619 620 619 551 552 551 552 551 551 553 553 554 554 555 556 557 558 558 558 558 559 559 561 561 562 562 563 563 563 563 563 565 565 566 566 567 567 567 568 568 569 569 569 570 570 571 571 571 572 572 573 574 574 573 574 574 574 575 575 574 574 575 575 575 576 576 576 576 568 568 568 569 569 569 569 569 570 569 568 568 569
619 619 619 620 620 620 620 621 621 621 621 621 621 621 620 553 553 553 553 552 553 553 554 555 555 556 556 558 558 559 558 559 559 560 561 562 562 563 563 564 563 564 564 566 566 567 567 567 568 568 569 569 569 570 570 571 571 572 573 573 573 574 574 574 575 575 575 576 576 575 576 576 576 577 577 577 577 578 577 577 578 569 569 569 570 570 570 570 571 571 571 571 569 570
620 621 620 621 622 622 622 622 623 622 621 623 622 554 555 555 556 555 555 555 555 555 555 556 557 557 559 559 560 560 560 560 561 562 563 563 564 564 565 565 565 566 566 567 567 568 568 569 569 569 570 570 571 571 572 573 573 574 574 574 575 575 575 576 576 576 577 577 577 578 578 578 577 578 578 578 579 579 579 579 580 570 570 570 571 571 571 571 572 572 572 572 573 573
621 623 624 624 623 624 625 624 625 625 624 624 557 556 557 557 556 557 556 557 557 557 558 558 559 560 561 561 562 562 562 564 564 565 564 564 565 565 566 567 567 567 568 568 569 569 569 570 570 571 571 572 573 573 574 574 574 575 575 575 576 576 576 577 577 577 578 578 578 579 579 579 580 580 579 579 580 580 580 581 581 572 572 573 572 572 572 573 573 573 573 573 574 574
624 625 625 625 625 626 626 626 625 626 558 557 557 558 558 558 558 558 558 557 558 558 559 560 561 562 562 563 563 563 564 565 565 566 566 567 567 568 569 569 569 568 569 569 570 570 571 571 571 573 573 574 574 574 575 575 575 576 576 577 577 577 578 578 578 579 579 579 579 580 580 580 581 581 581 582 581 581 581 582 582 582 573 574 574 574 573 574 574 574 574 574 575 575
625 626 627 626 626 627 628 627 627 560 559 559 558 560 560 559 559 558 560 559 559 560 560 562 562 563 563 564 564 565 566 566 566 567 567 568 568 570 570 570 570 571 571 571 572 572 572 573 574 574 574 575 575 575 576 576 577 577 577 578 578 578 579 579 579 580 580 580 581 581 581 581 582 582 582 583 583 583 582 583 583 583 574 575 575 575 575 576 575 575 575 576 576 576
628 627 627 628 629 628 629 561 560 560 561 560 561 560 561 561 560 561 559 560 560 561 563 563 564 564 565 565 566 566 567 567 568 568 569 570 571 571 570 571 571 572 572 573 573 574 575 575 576 576 575 576 576 577 577 577 578 578 578 579 579 579 580 580 580 581 581 581 582 582 582 583 583 583 583 584 584 584 584 585 584 584 575 576 576 576 576 577 577 577 576 577 577 577
629 629 629 630 630 562 561 563 562 561 562 562 562 562 561 562 562 562 561 561 562 563 564 564 565 565 566 567 567 567 568 568 569 569 571 571 572 572 572 572 573 573 573 575 575 576 576 576 577 577 578 578 578 579 578 578 579 579 579 580 581 581 582 582 582 583 583 583 584 584 584 585 585 585 585 585 585 585 586 586 586 586 577 577 577 577 577 578 578 578 578 579 578 578
631 630 630 631 563 563 563 563 563 563 562 564 563 563 563 563 564 563 562 562 564 565 565 566 566 567 568 569 568 569 569 570 570 572 572 572 573 573 573 573 574 574 576 576 576 577 577 578 578 578 579 579 579 580 580 581 582 581 582 582 582 583 583 583 584 584 584 584 585 585 585 586 586 586 586 587 587 587 588 587 587 587 579 579 578 578 578 579 579 579 579 580 580 579
631 632 564 564 565 564 565 564 564 564 564 564 565 564 564 564 565 564 563 564 565 566 566 567 567 569 569 569 569 570 570 571 572 573 573 574 574 573 574 574 576 576 577 577 577 578 578 579 579 579 580 580 581 582 582 583 583 583 584 584 583 584 584 584 585 585 585 586 586 586 586 587 587 587 588 588 588 588 589 589 589 589 589 580 580 580 579 580 580 580 580 581 581 581
564 566 566 565 565 567 566 565 565 566 566 565 566 565 566 566 565 565 564 566 566 567 567 568 569 570 570 570 570 571 571 573 573 574 574 575 575 575 575 576 577 577 578 578 579 579 579 580 580 580 582 582 583 583 583 584 584 584 585 585 585 586 586 585 586 586 586 587 587 587 587 588 588 588 589 589 589 589 590 590 590 590 591 582 582 581 581 582 581 581 581 582 582 582
566 566 567 567 566 568 567 566 566 567 567 567 566 568 567 567 565 565 567 567 568 568 569 570 571 571 571 571 572 572 574 574 574 575 575 576 575 577 577 578 578 578 579 579 580 580 580 581 582 583 583 583 584 584 584 585 585 585 586 586 586 587 587 587 588 588 587 588 588 588 588 589 589 589 590 590 590 590 591 591 591 591 592 583 583 583 583 583 583 583 582 583 583 583
568 568 568 568 569 568 568 567 568 568 568 568 568 568 568 568 567 567 568 568 569 569 570 571 572 572 572 572 573 574 575 575 576 576 577 577 577 578 578 579 579 579 580 580 581 581 582 583 583 584 584 584 585 585 585 586 586 586 587 587 587 588 588 588 589 589 589 590 589 589 589 590 590 590 591 591 591 591 592 592 592 592 593 584 584 584 584 585 585 584 584 585 584 435
569 569 568 570 570 568 569 570 569 569 569 569 570 569 569 568 569 568 569 569 570 570 572 572 573 572 573 573 575 575 576 576 577 577 578 579 578 579 579 580 580 581 581 581 583 583 584 584 584 585 585 585 586 586 586 587 587 587 588 588 588 589 589 589 590 591 591 592 592 592 591 591 591 591 592 592 592 592 593 593 593 593 593 585 585 585 585 586 586 586 586 585 586 436
570 570 570 571 571 570 569 572 571 571 571 572 572 571 571 569 571 570 571 572 572 574 574 575 575 575 575 576 576 576 577 577 578 578 580 579 580 580 580 581 581 582 582 583 584 584 585 585 585 586 586 586 587 587 587 588 588 588 590 590 590 591 591 591 592 592 592 593 593 593 593 594 594 593 593 594 594 593 593 594 594 594 594 586 586 586 586 587 587 587 587 587 587 438
572 572 573 573 572 572 572 572 573 572 573 572 573 572 571 572 572 572 572 573 574 575 575 576 576 576 577 578 578 579 579 579 580 581 582 581 581 581 581 582 582 584 584 584 585 585 586 586 586 587 587 587 588 588 588 590 590 590 591 591 591 592 592 592 593 593 593 594 594 594 594 595 595 595 595 595 595 595 595 596 595 595 595 596 587 587 587 588 588 588 588 588 589 440
573 574 574 574 572 574 574 573 574 573 574 573 574 574 573 573 572 573 573 575 575 576 576 577 576 578 578 579 579 580 580 580 582 582 582 582 583 583 583 584 585 586 585 585 586 586 587 587 587 588 588 588 590 590 590 591 591 591 592 592 592 593 593 593 594 594 594 594 595 595 595 596 596 596 596 597 597 596 596 597 597 597 597 597 588 588 588 588 589 589 589 589 589 441
574 575 575 574 574 575 575 574 574 576 575 575 574 574 574 574 573 574 575 576 576 577 577 578 578 579 579 580 580 581 581 583 583 583 583 583 584 584 586 586 586 587 587 587 588 588 589 588 588 589 590 590 591 591 591 592 592 592 593 593 593 594 594 594 595 595 595 595 596 596 596 597 597 597 597 598 598 598 598 598 598 598 598 598 590 589 589 589 590 590 590 590 590 442
576 576 577 575 576 575 576 575 576 576 576 576 575 575 575 575 574 575 576 577 577 578 578 579 579 580 580 581 581 583 583 584 584 583 584 584 585 586 587 587 587 588 588 588 589 589 590 590 591 592 591 591 592 592 592 593 593 593 594 594 594 595 595 595 596 596 596 596 597 597 597 597 598 598 598 599 599 599 599 599 600 599 599 599 591 591 591 590 590 591 591 591 591 442
577 577 576 576 577 576 577 577 577 577 577 577 577 576 575 576 576 577 578 578 579 579 580 580 580 581 581 582 582 584 584 585 585 584 585 585 587 587 588 588 588 589 589 589 590 590 592 592 592 593 593 593 594 594 593 594 594 594 595 595 595 596 596 596 596 597 597 597 598 598 598 598 599 599 599 599 600 600 600 600 601 601 601 600 592 592 592 592 592 592 592 592 443 443
579 578 577 578 578 578 577 579 578 578 577 579 577 577 577 576 578 578 579 579 580 581 581 581 581 582 582 583 584 585 585 586 585 585 586 587 588 588 589 589 589 590 590 590 592 592 593 593 593 594 594 594 595 595 595 596 596 595 596 596 596 597 597 597 597 599 599 599 600 600 599 599 600 600 600 600 601 601 601 601 602 602 602 602 593 593 593 593 593 593 594 593 444 444
579 578 578 579 579 579 579 579 579 579 578 579 579 578 578 578 579 579 580 580 581 582 582 582 583 583 583 585 585 586 586 587 586 586 588 588 589 589 589 590 590 591 591 592 593 593 594 594 594 595 595 595 596 596 596 597 597 597 599 599 598 598 599 599 599 600 600 600 600 601 601 601 601 602 602 602 602 602 602 602 602 603 603 603 603 595 594 594 594 594 595 595 445 445
580 579 580 580 579 580 580 580 580 580 581 579 579 579 579 579 580 580 581 581 583 582 583 583 584 584 585 586 586 587 587 588 587 588 589 589 590 590 590 591 591 593 593 593 594 594 594 595 595 596 596 596 597 597 597 598 599 599 599 600 600 600 601 600 600 601 601 601 601 602 602 602 602 603 603 603 603 604 604 604 603 604 604 604 604 595 596 596 595 595 595 596 447 447
580 581 581 581 580 582 581 581 581 582 582 580 580 579 581 580 581 581 582 583 584 583 584 584 585 586 586 587 587 588 588 588 589 589 590 590 591 591 591 592 593 594 594 594 595 595 595 596 596 596 597 597 598 599 599 599 600 600 600 601 601 601 602 602 602 601 602 602 602 602 603 603 603 604 604 604 604 605 605 605 605 605 606 605 605 596 597 597 597 597 596 596 448 448
581 582 582 582 581 582 583 582 582 582 582 581 581 581 582 581 582 582 584 584 584 584 585 585 587 587 587 588 588 589 590 590 590 590 591 591 592 592 592 594 594 595 595 595 596 596 596 597 597 597 599 599 599 600 600 600 601 601 601 602 602 602 602 603 603 603 604 603 603 603 604 604 604 604 605 605 605 605 606 606 606 606 607 607 607 597 597 598 598 598 598 597 449 449
583 583 582 583 583 583 583 583 584 583 582 582 582 582 582 582 583 583 585 585 585 585 586 587 587 588 588 589 589 590 590 591 591 591 592 592 593 594 594 595 595 595 596 596 597 597 597 598 599 599 600 600 600 601 601 601 602 602 602 602 603 603 603 604 604 604 604 605 605 605 605 605 605 605 606 606 606 606 606 607 607 607 607 608 608 599 599 598 599 599 599 450 450 450
584 584 583 583 584 584 584 584 585 583 583 583 584 583 583 583 584 585 586 585 586 586 588 588 588 589 589 590 590 592 591 591 592 592 593 593 594 595 595 596 596 596 597 597 597 598 599 599 600 600 601 601 601 601 602 602 602 603 603 603 604 604 604 604 605 605 605 606 606 606 606 607 606 606 606 607 607 607 607 608 608 608 608 608 609 600 600 600 600 600 600 451 451 451
584 585 584 586 587 586 586 586 587 585 585 585 586 585 585 585 587 587 588 587 588 588 590 590 590 591 591 592 593 593 593 593 593 593 594 595 595 596 596 597 597 597 598 598 598 600 600 600 601 601 601 602 602 602 603 603 603 604 604 604 604 605 605 605 606 606 606 606 607 607 607 607 608 608 607 607 608 608 608 608 609 609 609 609 609 601 601 601 601 601 601 452 452 452
587 587 587 587 587 587 588 587 586 586 586 586 586 586 586 587 588 588 588 588 589 590 590 591 591 592 592 594 594 593 594 594 595 595 597 597 597 598 597 597 598 598 599 600 600 601 601 601 602 602 602 603 603 603 604 604 604 604 605 605 606 607 607 607 607 608 608 608 609 609 609 609 610 610 610 609 609 609 609 609 609 610 610 610 610 602 602 602 602 602 603 454 453 453
588 587 588 588 588 587 589 588 587 587 588 587 587 586 587 588 589 589 589 589 591 591 591 592 592 593 594 595 594 594 595 595 596 597 597 598 598 599 599 599 600 600 601 601 601 601 602 602 602 603 603 603 604 604 604 605 606 606 607 607 607 607 608 608 608 609 609 609 609 610 610 610 610 611 611 611 611 612 611 610 610 610 611 611 611 602 603 603 603 603 603 455 455 454
589 589 588 589 589 589 590 588 588 588 589 588 588 587 589 589 590 589 590 591 591 592 592 593 593 595 595 595 595 595 596 596 598 598 598 599 599 599 600 600 602 602 602 603 603 603 604 603 603 604 604 604 605 606 606 607 607 607 607 608 608 608 609 609 609 609 610 610 610 610 611 611 611 611 612 612 612 612 613 613 612 612 612 612 612 612 603 604 604 604 604 455 455 456
590 590 589 590 590 590 589 589 589 589 589 589 589 589 590 590 591 590 591 592 592 593 593 594 595 596 596 595 596 596 597 598 598 599 599 600 600 600 601 602 602 603 603 604 604 604 605 605 605 606 606 606 606 607 607 607 608 608 608 609 609 609 609 610 610 610 611 611 611 611 612 612 612 612 613 613 613 613 613 614 614 613 613 614 613 613 604 604 605 605 456 456 456 456
592 591 590 590 591 591 590 589 591 590 590 589 590 590 591 591 590 591 592 593 593 594 594 596 596 596 597 596 597 597 599 599 599 600 600 600 601 601 603 603 603 604 604 604 605 605 605 606 606 607 608 608 608 609 608 608 609 609 609 609 610 610 610 611 611 611 611 612 612 612 612 613 613 613 613 614 614 614 614 614 615 615 615 614 615 615 605 605 605 606 457 457 457 457
592 592 591 591 591 591 590 590 592 591 591 590 590 591 591 592 591 593 593 594 594 595 595 596 597 597 597 597 598 599 599 600 600 601 601 601 602 603 603 604 604 605 605 605 606 606 606 608 608 608 609 609 609 609 610 610 610 610 610 610 611 611 611 611 612 612 612 612 613 613 613 613 614 614 614 614 615 615 615 615 616 616 616 616 616 616 607 607 606 606 458 458 458 458
593 592 592 593 592 592 591 592 591 592 591 592 591 592 592 592 593 594 594 595 595 596 597 597 598 598 598 598 599 600 600 601 601 601 602 603 604 604 604 605 605 605 606 606 606 608 608 608 609 609 609 610 610 610 611 611 611 612 612 611 611 612 612 612 612 613 613 613 613 614 614 614 614 615 615 615 615 616 616 616 616 617 617 617 617 617 608 608 608 608 458 458 459 459
594 594 594 594 592 592 593 593 592 592 592 593 592 593 593 593 594 595 595 596 596 597 598 598 599 598 599 600 600 601 601 602 602 602 604 604 604 605 605 606 606 606 607 607 608 609 609 609 610 610 610 611 611 611 611 612 612 612 613 613 613 613 613 614 614 615 615 615 615 616 616 616 615 616 616 616 616 616 617 617 617 617 617 618 618 618 609 609 609 609 460 459 459 460
595 595 594 595 593 593 593 594 593 593 593 594 593 594 593 595 595 596 596 596 598 598 599 599 600 599 600 601 601 602 602 602 603 604 605 605 605 606 606 606 607 607 608 609 609 609 610 610 610 611 611 611 612 612 612 613 613 613 614 615 615 615 616 616 615 615 616 616 616 616 617 617 617 617 618 618 618 617 617 618 618 618 618 618 619 619 610 610 610 610 461 461 461 460
