testData/tiles/oneDegree/grid22.0-43.0-23.0-44.0.asc
ncols   200
nrows   200
xllcorner   22.0
yllcorner   43.0
cellsize   0.005
NODATA_value   -9999.0
[rows 42 to 83 of 200, columns 94 to 187 of 200]
715 715 715 716 716 716 716 717 717 717 680 680 680 681 681 681 681 682 682 682 682 683 683 683 683 683 683 683 683 683 684 684 684 684 684 685 685 685 685 685 685 686 686 686 686 686 685 685 686 686 686 686 686 686 686 686 686 687 687 687 687 687 686 686 686 686 686 686 686 686 687 687 687 688 688 687 688 688 688 689 689 689 690 690 690 690 690 690 690 690 691 691 691 691
714 714 715 715 715 716 716 716 717 717 679 679 680 680 680 681 681 681 681 682 682 682 682 683 682 682 682 682 683 683 683 683 683 684 684 684 684 684 685 685 685 685 685 685 685 685 685 685 685 685 685 685 686 686 686 686 686 686 686 686 685 685 686 686 686 686 686 686 686 686 686 686 686 686 686 686 687 687 687 688 688 688 688 689 689 688 689 689 689 689 690 690 690 690
714 714 714 715 715 715 716 716 716 716 679 679 679 680 680 680 680 681 681 681 681 681 681 681 681 682 682 682 682 682 683 683 683 683 683 684 684 684 684 684 684 685 684 684 684 684 684 685 685 685 685 685 685 685 685 686 686 686 685 685 685 685 685 685 685 685 685 686 686 686 686 686 685 685 686 686 686 687 687 687 688 688 688 689 688 688 688 689 689 689 689 690 690 690
713 713 714 714 714 715 715 715 716 716 678 679 679 679 679 680 680 679 679 680 680 680 680 681 681 681 681 682 682 682 682 682 683 683 683 683 683 684 684 684 683 683 683 684 684 684 684 684 684 684 684 685 685 685 685 685 684 684 684 684 685 685 685 685 685 685 685 685 685 685 684 684 684 684 685 685 685 687 687 687 688 688 687 688 688 688 688 689 689 689 689 690 689 688
713 713 713 714 714 714 715 715 715 716 678 678 678 679 678 678 678 679 679 679 679 680 680 680 680 681 681 681 681 682 682 682 682 682 683 683 683 682 682 682 683 683 683 683 683 683 684 684 684 684 684 684 684 684 684 684 684 684 684 684 684 684 684 684 684 685 685 685 684 684 684 684 684 684 685 685 685 686 686 686 687 686 686 686 687 687 687 688 688 688 688 688 688 688
712 712 713 713 713 714 714 714 715 715 676 677 677 677 677 678 678 678 679 679 679 679 680 680 680 680 680 681 681 681 681 682 682 682 682 681 681 682 682 682 682 682 682 683 683 683 683 683 683 683 684 684 683 683 683 683 683 683 683 684 684 684 684 684 684 684 684 683 683 683 683 683 683 684 685 685 685 686 686 685 685 686 686 686 687 687 687 687 688 688 687 687 688 688
712 712 712 713 713 713 714 713 713 676 676 676 676 677 677 677 678 678 678 678 679 679 679 679 680 680 680 680 680 681 681 681 680 680 681 681 681 681 681 682 682 682 682 682 682 682 683 683 683 683 682 682 682 683 683 683 683 683 683 683 683 683 683 683 684 683 683 683 683 683 683 683 683 683 683 684 684 684 684 684 684 685 685 685 686 686 686 686 687 686 686 686 687 687
711 711 711 711 711 712 712 712 713 675 675 676 676 676 677 677 677 677 678 678 678 678 679 679 679 679 680 680 680 680 679 680 680 680 680 680 681 681 681 681 681 681 682 682 682 682 682 682 681 682 682 682 682 682 682 682 682 683 683 683 683 683 683 682 682 682 682 682 682 682 682 683 683 683 683 684 683 683 684 684 684 685 685 685 685 686 686 685 686 686 686 686 686 687
710 710 710 711 711 711 712 712 712 675 675 675 675 676 676 676 677 677 677 677 678 678 678 678 679 679 679 678 678 679 679 679 679 680 680 680 680 680 680 681 681 681 681 681 681 682 681 681 681 681 681 681 682 682 682 682 682 682 682 682 682 682 682 682 682 682 682 682 682 682 682 682 682 682 681 682 682 682 683 683 683 683 684 684 684 685 684 684 684 685 685 685 685 686
709 709 710 710 711 711 711 711 712 674 674 675 675 675 676 676 676 676 677 677 677 677 678 678 677 677 678 678 678 678 678 679 679 679 679 679 680 680 680 680 680 680 681 681 680 680 680 680 681 681 681 681 681 681 681 681 681 682 682 682 681 681 681 681 681 681 681 681 681 682 682 682 682 681 681 681 682 682 682 683 683 683 684 684 683 684 684 684 684 685 685 685 685 686
709 709 709 710 710 710 711 711 711 674 674 674 674 675 675 675 676 676 676 676 677 676 676 676 677 677 677 677 678 678 678 678 678 679 679 679 679 679 680 680 680 680 679 679 680 680 680 680 680 680 680 680 681 681 681 681 681 681 680 680 680 681 681 681 681 681 681 681 681 681 681 680 680 680 680 680 681 681 681 682 682 682 683 683 683 683 683 683 683 683 684 684 684 683
708 708 709 709 710 710 710 710 673 673 673 674 674 674 675 675 675 675 675 675 675 675 676 676 676 676 677 677 677 677 677 678 678 678 678 678 679 679 679 679 678 679 679 679 679 679 679 679 680 680 680 680 680 680 680 680 680 680 680 680 680 680 680 680 680 680 680 681 681 681 680 680 680 680 680 680 681 681 681 682 682 681 681 682 682 682 683 683 683 683 684 684 683 683
708 708 708 709 709 709 710 710 672 673 673 673 673 674 673 673 674 674 674 674 675 675 675 675 676 676 676 676 677 677 677 677 677 678 678 678 678 677 678 678 678 678 678 678 679 679 679 679 679 679 679 680 680 680 679 679 679 679 679 679 680 680 680 680 680 680 680 680 679 679 679 679 679 679 679 679 679 680 681 681 681 681 681 682 682 682 682 683 683 683 683 682 682 682
707 707 708 708 708 709 709 709 672 672 672 672 672 672 673 673 673 673 674 674 674 674 675 675 675 675 676 676 676 676 677 677 677 677 677 677 677 677 677 677 677 678 678 678 678 678 678 679 679 679 679 679 678 678 678 679 679 679 679 679 679 679 679 679 679 679 679 679 679 679 679 679 679 679 679 679 679 680 679 679 680 680 680 681 681 681 681 682 682 681 681 682 682 682
707 707 707 708 708 708 709 708 670 671 671 671 671 672 672 672 673 673 673 673 674 674 674 674 675 675 675 675 676 676 676 676 675 676 676 676 676 676 677 677 677 677 677 677 678 678 678 678 678 678 677 678 678 678 678 678 678 678 678 678 679 679 679 679 678 678 678 678 678 678 678 678 678 678 678 679 679 679 679 679 680 680 680 680 681 681 681 682 681 681 681 682 682 682
706 706 706 706 706 707 707 707 670 670 670 671 671 671 672 672 672 672 673 673 673 673 674 674 674 674 675 675 675 674 675 675 675 675 675 676 676 676 676 676 676 677 677 677 677 677 677 678 677 677 677 677 677 677 677 678 678 678 678 678 678 678 677 677 677 678 678 678 678 678 678 678 678 678 678 677 677 677 678 678 678 679 679 679 680 680 679 679 680 680 680 680 681 681
705 705 705 706 706 706 707 669 669 670 670 670 670 671 671 671 672 672 672 672 673 673 673 673 674 674 673 673 674 674 674 674 674 675 675 675 675 675 676 676 676 676 676 676 677 677 676 676 676 676 677 677 677 677 677 677 677 677 677 678 678 677 677 677 677 677 677 677 677 677 677 677 677 676 677 677 677 677 678 678 678 679 679 679 680 679 679 679 680 680 680 680 681 681
704 704 705 705 705 706 706 668 669 669 669 670 670 670 671 671 671 671 672 672 672 672 673 672 672 672 673 673 673 673 674 674 674 674 674 675 675 675 675 675 676 676 676 675 675 675 675 676 676 676 676 676 676 676 677 677 677 677 677 676 676 676 676 676 676 677 677 677 677 677 677 677 676 676 676 676 676 676 677 677 677 678 678 677 677 678 678 678 678 679 679 679 679 679
703 704 704 704 705 705 706 668 668 668 669 669 669 670 670 670 671 671 671 671 671 671 671 671 672 672 672 672 673 673 673 673 673 674 674 674 674 674 675 675 675 674 674 675 675 675 675 675 675 675 676 676 676 676 676 676 676 675 675 676 676 676 676 676 676 676 676 676 676 676 675 675 675 676 676 676 676 676 676 677 677 676 677 677 677 678 678 678 678 679 679 679 678 679
703 703 704 704 704 705 705 667 668 668 668 669 669 669 669 670 670 669 670 670 670 670 671 671 671 671 672 672 672 672 673 673 673 673 673 674 674 674 674 673 674 674 674 674 674 674 674 675 675 675 675 675 675 675 676 675 675 675 675 675 675 675 675 675 676 676 676 676 675 675 675 675 675 675 675 675 675 675 675 676 675 675 676 676 676 676 677 677 677 678 677 677 677 677
848 849 849 849 704 704 666 667 667 667 668 668 668 668 668 668 669 669 669 669 670 670 670 670 671 671 671 671 672 672 672 672 672 673 673 673 672 672 673 673 673 673 673 674 674 674 674 674 674 674 675 675 675 674 674 674 674 674 674 675 675 675 675 675 675 675 674 674 674 674 674 674 675 675 675 675 675 675 674 675 675 675 675 676 676 676 677 677 677 676 677 677 677 677
848 848 848 849 849 850 812 812 813 666 666 667 667 667 667 668 668 668 669 669 669 669 670 670 670 670 671 671 671 671 672 672 672 671 671 672 672 672 672 672 673 673 673 673 673 673 673 674 674 674 674 673 673 673 674 674 674 674 674 674 674 674 674 674 675 674 674 674 674 674 674 674 674 674 674 674 674 673 673 673 674 674 674 675 675 675 675 675 675 675 676 676 676 676
847 848 848 848 849 848 810 811 811 811 812 812 812 813 667 667 667 668 668 668 669 669 669 669 670 670 670 670 671 671 671 670 670 671 671 671 671 671 672 672 672 672 672 673 673 673 673 673 672 672 673 673 673 673 673 673 673 673 674 674 674 674 674 673 673 673 673 673 673 673 673 673 674 674 674 673 673 673 673 673 674 674 674 675 675 675 674 675 675 675 675 676 676 676
846 846 846 847 847 847 810 810 810 811 811 811 812 812 812 813 813 813 813 668 668 668 669 669 669 669 670 670 669 669 669 670 670 670 670 671 671 671 671 671 671 672 672 672 672 672 671 672 672 672 672 672 672 672 673 673 673 673 673 673 673 672 672 672 673 673 673 673 673 673 673 673 673 672 672 672 672 672 672 672 673 673 673 673 673 673 673 674 674 674 674 675 675 675
845 845 846 846 847 809 809 810 810 810 811 811 811 811 812 812 812 813 813 813 814 814 814 668 669 668 668 668 669 669 669 669 669 670 670 670 670 670 671 671 671 671 671 671 671 671 671 671 671 671 672 672 672 672 672 672 672 672 672 672 672 672 672 672 672 672 672 672 672 672 672 672 672 672 672 672 672 672 672 672 672 673 673 672 673 673 673 673 674 674 674 674 675 674
844 845 845 846 846 808 809 809 809 810 810 810 811 811 811 812 812 812 812 813 813 813 812 813 813 813 814 668 668 668 668 669 669 669 669 669 670 670 670 670 670 671 670 670 670 670 670 671 671 671 671 671 671 671 672 672 672 671 671 671 671 671 671 671 672 672 672 672 672 672 671 671 671 671 671 671 671 671 671 671 671 671 671 671 671 672 672 672 673 673 673 672 673 673
844 844 845 845 845 808 808 808 809 809 809 810 810 810 811 811 811 812 811 811 811 812 812 812 812 813 813 813 813 814 814 668 668 669 669 669 669 669 670 669 669 669 669 669 670 670 670 670 670 670 671 671 671 671 671 670 670 670 670 671 671 671 671 671 671 671 671 671 670 670 670 670 671 671 671 671 671 671 671 671 670 670 671 671 671 672 672 672 672 673 672 672 672 673
843 844 844 844 845 807 808 808 808 809 809 809 810 810 810 809 810 810 810 811 811 811 811 812 812 812 812 813 813 813 813 814 814 814 814 668 669 668 668 668 668 669 669 669 669 669 669 670 670 670 670 670 670 669 670 670 670 670 670 670 670 670 670 670 671 671 670 670 670 670 670 670 670 670 670 670 670 670 669 669 669 669 670 670 670 670 671 671 670 671 671 671 671 672
843 843 843 844 806 807 807 807 808 808 808 808 808 808 809 809 809 809 810 810 810 811 811 811 811 812 812 812 812 813 813 813 813 813 813 813 813 813 813 668 668 668 668 668 669 669 669 669 669 669 669 669 669 669 669 669 669 669 669 670 670 670 670 670 669 669 669 669 669 669 669 669 669 670 670 670 669 669 669 669 669 669 669 670 670 670 671 670 670 670 671 671 671 671
842 843 843 843 806 806 805 806 806 806 807 807 807 808 808 808 809 809 809 809 810 810 810 811 811 811 811 812 812 812 812 811 812 812 812 812 813 813 813 813 813 813 814 668 668 668 668 668 668 668 668 668 668 668 668 669 669 669 669 669 669 669 669 668 668 669 669 669 669 669 669 669 669 669 669 668 668 668 668 668 668 668 668 669 669 668 669 669 669 669 670 670 670 670
842 842 841 842 804 804 805 805 805 806 806 806 807 807 807 808 808 808 809 809 809 809 810 810 810 811 811 811 810 810 811 811 811 811 812 812 812 812 812 813 813 813 813 813 813 814 667 667 667 667 667 668 668 668 668 668 668 668 668 668 669 668 668 668 668 668 668 668 668 668 668 668 668 667 668 668 668 668 668 668 668 668 668 669 668 668 668 669 669 669 669 670 670 669
840 840 841 841 803 804 804 805 805 805 806 806 806 807 807 807 807 808 808 808 809 809 809 809 810 809 809 809 810 810 810 810 811 811 811 811 811 812 812 812 812 812 813 813 812 812 812 812 813 813 667 667 667 667 667 667 668 668 668 667 667 667 667 667 667 667 668 668 668 668 668 667 667 667 667 667 667 667 667 667 667 667 666 666 667 667 667 668 668 668 668 669 668 668
839 840 840 802 803 803 804 804 804 805 805 805 806 806 806 807 807 807 807 808 808 808 808 808 808 808 809 809 809 809 810 810 810 810 810 811 811 811 811 811 812 811 811 811 811 812 812 812 812 812 812 812 813 667 667 667 667 666 666 666 667 667 667 667 667 667 667 667 667 666 666 666 666 666 666 667 667 667 667 667 666 666 666 666 667 667 667 667 668 668 667 667 668 668
839 839 839 802 802 803 803 803 804 804 804 805 805 805 806 806 806 807 806 806 806 807 807 807 808 808 808 808 809 809 809 809 809 810 810 810 810 811 811 810 810 810 810 811 811 811 811 811 811 812 812 812 812 812 811 811 666 666 666 666 666 666 666 666 666 666 666 666 666 666 666 666 666 666 666 666 666 666 666 665 665 665 665 665 665 666 666 666 667 666 666 666 667 667
838 838 839 801 802 802 802 803 803 803 804 804 804 805 805 804 805 805 805 806 806 806 806 807 807 807 807 808 808 808 808 809 809 809 809 810 809 809 809 809 810 810 810 810 810 810 811 811 811 811 811 811 810 811 811 811 811 811 811 811 665 666 666 666 666 666 665 665 665 665 665 665 665 665 665 665 665 665 665 665 665 665 665 665 665 666 666 665 665 666 666 666 665 666
837 838 838 801 801 801 802 802 802 803 803 802 803 803 803 804 804 804 805 805 805 806 806 806 806 807 807 807 807 808 808 808 808 808 808 808 808 808 809 809 809 809 809 810 810 810 810 810 810 811 810 810 810 810 810 810 810 811 811 811 811 811 811 665 664 664 664 664 665 665 665 665 665 665 665 664 664 664 664 664 664 664 664 664 664 664 664 664 664 665 665 665 665 665
837 837 800 800 800 801 800 800 801 801 802 802 802 803 803 803 803 804 804 804 805 805 805 806 806 806 806 807 807 807 807 807 807 807 807 807 808 808 808 808 808 809 809 809 809 809 809 810 809 809 809 809 809 809 810 810 810 810 810 810 810 810 809 810 810 810 664 664 664 664 664 664 664 663 663 663 663 663 663 663 663 663 663 664 663 663 663 663 663 663 664 664 664 663
836 836 798 798 799 799 799 800 800 801 801 801 802 802 802 803 803 803 803 804 804 804 805 805 805 805 806 806 805 805 806 806 806 806 807 807 807 807 807 808 808 808 808 808 809 808 808 808 808 808 809 809 809 809 809 809 809 809 810 810 809 809 809 809 809 809 809 809 809 663 664 664 663 663 663 663 663 663 663 663 663 663 662 662 662 662 662 663 663 663 663 664 663 663
834 835 797 798 798 798 799 799 800 800 800 801 801 801 802 802 802 803 803 803 803 804 804 804 804 804 804 804 805 805 805 805 806 806 806 806 806 807 807 807 807 807 808 807 807 807 807 807 808 808 808 808 808 808 808 809 809 809 808 808 808 808 808 808 809 809 809 809 809 809 808 808 662 662 662 662 662 662 662 662 662 661 661 661 661 661 661 662 662 662 661 662 662 662
834 834 797 797 797 798 798 799 799 799 800 800 800 801 801 801 802 802 802 803 803 802 802 803 803 803 804 804 804 804 805 805 805 805 805 806 806 806 806 806 806 806 806 806 806 807 807 807 807 807 807 808 808 808 808 807 807 807 807 808 808 808 808 808 808 808 808 808 807 807 807 807 808 808 808 662 662 662 662 661 661 661 661 661 661 661 661 661 662 661 661 661 662 662
833 796 796 796 797 797 798 798 798 799 799 799 800 800 800 801 801 801 801 801 801 802 802 802 802 803 803 803 803 804 804 804 804 805 805 805 805 805 805 805 805 805 805 806 806 806 806 806 806 807 807 807 807 806 806 806 807 807 807 807 807 807 807 807 807 807 807 807 807 807 807 807 807 807 807 807 807 660 660 660 660 660 660 660 660 660 660 659 660 660 660 660 661 661
832 795 795 796 796 796 797 797 798 798 798 799 799 799 799 799 799 800 800 800 801 801 801 801 802 802 802 803 803 803 803 804 804 804 804 803 804 804 804 804 804 805 805 805 805 805 806 806 806 806 806 805 805 806 806 806 806 806 806 806 806 807 807 807 806 806 806 806 806 806 806 806 806 806 806 806 806 806 806 806 660 660 660 660 660 660 659 659 659 660 660 660 660 661
