testData/tiles/oneDegree/grid33.0-41.0-34.0-42.0.asc
ncols   200
nrows   200
xllcorner   33.0
yllcorner   41.0
cellsize   0.005
NODATA_value   -9999.0
[rows 0 to 51 of 200, columns 96 to 191 of 200]
210 210 210 210 210 210 210 209 209 208 208 208 208 208 207 207 207 207 207 207 206 206 206 205 205 204 204 204 204 204 203 203 203 202 201 201 201 201 200 200 200 199 198 198 198 198 197 196 196 196 195 194 194 193 192 192 191 191 191 191 190 190 190 189 189 189 188 188 188 187 187 187 186 186 186 185 185 185 184 184 184 183 183 183 182 182 65 65 65 64 64 64 63 63 62 62
210 210 210 209 209 209 209 209 209 208 208 207 207 207 207 207 207 206 206 206 206 206 205 204 204 204 204 203 203 203 203 203 202 201 201 201 200 200 200 200 199 198 198 198 197 197 197 196 195 195 195 193 193 193 192 191 191 191 190 190 190 190 189 189 189 188 188 188 187 187 187 186 186 186 185 185 185 184 184 184 183 183 182 182 182 181 65 65 64 64 64 63 63 62 62 62
209 209 209 209 209 209 209 208 208 207 207 207 207 207 206 206 206 206 206 206 205 205 205 204 204 203 203 203 203 203 202 202 202 201 200 200 200 200 199 199 199 198 197 197 197 197 196 195 195 195 194 193 193 192 191 191 191 190 190 190 189 189 189 188 188 188 187 187 187 187 186 186 186 185 185 185 184 184 183 183 183 182 182 182 181 65 65 64 64 64 63 63 62 62 62 61
209 209 208 208 208 208 208 208 208 207 206 206 206 206 206 206 206 205 205 205 205 205 204 203 203 203 203 202 202 202 202 202 201 200 200 200 199 199 199 199 198 197 197 197 196 196 196 195 194 194 194 193 192 192 191 190 190 190 190 189 189 189 188 188 188 187 187 187 186 186 186 185 185 185 184 184 184 183 183 183 182 182 182 181 65 65 64 64 63 63 63 62 62 62 61 61
208 208 208 208 208 208 207 207 207 206 206 206 206 205 205 205 205 205 205 204 204 204 204 203 203 202 202 202 202 202 201 201 201 200 199 199 199 199 198 198 198 197 196 196 196 196 195 194 194 194 193 192 192 192 190 190 190 189 189 189 188 188 188 188 187 187 187 186 186 186 185 185 185 184 184 184 183 183 183 182 182 182 181 65 65 64 64 63 63 63 62 62 62 61 61 60
208 208 207 207 207 207 207 207 207 206 205 205 205 205 205 205 204 204 204 204 204 204 203 202 202 202 202 201 201 201 201 201 200 199 199 199 198 198 198 198 197 196 196 196 195 195 195 194 193 193 193 192 191 191 190 189 189 189 189 188 188 188 187 187 187 186 186 186 185 185 185 185 184 184 184 183 183 183 182 182 181 181 65 64 64 64 63 63 63 62 62 62 61 61 60 60
207 207 207 207 207 207 206 206 206 205 205 205 205 204 204 204 204 204 204 203 203 203 203 202 201 201 201 201 201 200 200 200 200 199 198 198 198 198 197 197 197 196 195 195 195 195 194 193 193 193 192 191 191 191 189 189 189 188 188 188 188 187 187 187 186 186 186 185 185 185 184 184 184 183 183 183 182 182 182 181 181 65 64 64 64 63 63 63 62 62 62 61 61 60 60 60
207 206 206 206 206 206 206 206 206 204 204 204 204 204 204 204 203 203 203 203 203 203 202 201 201 201 201 200 200 200 200 200 199 198 198 198 197 197 197 197 196 195 195 195 194 194 194 193 192 192 192 191 190 190 189 189 188 188 188 187 187 187 186 186 186 186 185 185 185 184 184 184 183 183 183 182 182 182 181 181 65 64 64 64 63 63 63 62 62 61 61 61 60 60 60 59
206 206 206 206 206 205 205 205 205 204 204 204 203 203 203 203 203 203 203 202 202 202 202 201 200 200 200 200 200 199 199 199 199 198 197 197 197 197 196 196 196 195 195 194 194 194 193 192 192 192 191 190 190 190 188 188 188 187 187 187 187 186 186 186 185 185 185 184 184 184 184 183 183 183 182 182 182 181 181 65 64 64 64 63 63 62 62 62 61 61 61 60 60 60 59 59
205 205 205 205 205 205 205 205 205 203 203 203 203 203 203 203 202 202 202 202 202 201 201 200 200 200 200 199 199 199 199 199 198 197 197 197 196 196 196 196 196 194 194 194 194 193 193 192 191 191 191 190 189 189 188 188 187 187 187 186 186 186 186 185 185 185 184 184 184 183 183 183 182 182 182 181 181 181 64 64 64 63 63 63 62 62 62 61 61 61 60 60 60 59 59 58
205 205 205 205 204 204 204 204 204 203 203 203 202 202 202 202 202 202 201 201 201 201 201 200 199 199 199 199 199 198 198 198 198 197 196 196 196 196 195 195 195 194 194 193 193 193 193 191 191 191 190 189 189 189 187 187 187 187 186 186 186 185 185 185 184 184 184 184 183 183 183 182 182 182 181 181 181 64 64 64 63 63 63 62 62 62 61 61 61 60 60 60 59 59 58 58
204 204 204 204 204 204 204 204 203 202 202 202 202 202 202 201 201 201 201 201 201 200 200 199 199 199 199 198 198 198 198 198 197 196 196 196 195 195 195 195 195 193 193 193 193 192 192 191 191 190 190 189 188 188 187 187 186 186 186 185 185 185 185 184 184 184 183 183 183 182 182 182 182 181 181 181 64 64 64 63 63 63 62 62 62 61 61 61 60 60 59 59 59 58 58 58
204 204 204 204 203 203 203 203 203 202 202 202 201 201 201 201 201 201 200 200 200 200 200 199 198 198 198 198 198 197 197 197 197 196 195 195 195 195 194 194 194 193 193 192 192 192 192 190 190 190 190 188 188 188 186 186 186 186 185 185 185 184 184 184 184 183 183 183 182 182 182 181 181 181 180 64 64 63 63 63 62 62 62 61 61 61 60 60 60 59 59 59 58 58 58 57
203 203 203 203 203 203 203 203 202 201 201 201 201 201 201 200 200 200 200 200 200 199 199 198 198 198 198 197 197 197 197 197 196 195 195 195 194 194 194 194 194 192 192 192 192 191 191 190 190 189 189 188 187 187 186 186 185 185 185 185 184 184 184 183 183 183 182 182 182 182 181 181 181 180 64 64 63 63 63 62 62 62 61 61 61 60 60 60 59 59 59 58 58 58 57 57
203 203 203 202 202 202 202 202 202 201 201 200 200 200 200 200 200 200 199 199 199 199 199 198 197 197 197 197 197 196 196 196 196 195 194 194 194 194 193 193 193 192 192 191 191 191 191 189 189 189 189 187 187 187 185 185 185 185 184 184 184 184 183 183 183 182 182 182 181 181 181 180 180 64 64 63 63 63 62 62 62 61 61 61 60 60 60 59 59 59 58 58 57 57 57 56
202 202 202 202 202 202 202 201 201 200 200 200 200 200 199 199 199 199 199 199 199 198 198 197 197 197 196 196 196 196 196 195 195 194 194 194 193 193 193 193 193 191 191 191 191 190 190 189 189 188 188 187 187 186 185 185 184 184 184 184 183 183 183 182 182 182 182 181 181 181 180 180 64 63 63 63 62 62 62 61 61 61 60 60 60 59 59 59 58 58 58 57 57 57 56 56
202 202 201 201 201 201 201 201 201 200 200 199 199 199 199 199 199 199 198 198 198 198 198 196 196 196 196 196 196 195 195 195 195 194 193 193 193 193 192 192 192 191 191 190 190 190 190 188 188 188 188 186 186 186 185 184 184 184 183 183 183 183 182 182 182 181 181 181 181 180 180 64 63 63 63 62 62 62 61 61 61 60 60 60 59 59 59 58 58 58 57 57 57 56 56 56
201 201 201 201 201 201 200 200 200 199 199 199 199 199 198 198 198 198 198 198 197 197 197 196 196 196 195 195 195 195 195 194 194 193 193 193 192 192 192 192 192 190 190 190 190 189 189 188 188 187 187 186 186 185 184 184 183 183 183 183 182 182 182 182 181 181 181 180 180 180 63 63 63 63 62 62 62 61 61 61 60 60 60 59 59 59 58 58 58 57 57 57 56 56 55 55
201 200 200 200 200 200 200 200 200 199 198 198 198 198 198 198 198 197 197 197 197 197 197 195 195 195 195 195 195 194 194 194 194 193 192 192 192 192 191 191 191 190 190 189 189 189 189 187 187 187 187 185 185 185 184 183 183 183 182 182 182 182 181 181 181 180 180 180 180 63 63 63 62 62 62 61 61 61 60 60 60 59 59 59 59 58 58 57 57 57 56 56 56 55 55 55
200 200 200 200 200 200 199 199 199 198 198 198 198 198 197 197 197 197 197 197 196 196 196 195 195 195 194 194 194 194 194 193 193 192 192 192 191 191 191 191 191 189 189 189 189 188 188 187 187 186 186 185 185 184 183 183 183 182 182 182 181 181 181 181 180 180 180 179 63 63 63 62 62 62 61 61 61 60 60 60 59 59 59 58 58 58 57 57 57 56 56 56 55 55 55 54
199 199 199 199 199 199 199 199 199 198 197 197 197 197 197 197 197 196 196 196 196 196 196 194 194 194 194 194 194 193 193 193 193 192 191 191 191 191 190 190 190 189 189 188 188 188 188 186 186 186 186 184 184 184 183 182 182 182 182 181 181 181 180 180 180 180 179 63 63 62 62 62 61 61 61 61 60 60 60 59 59 59 58 58 58 57 57 57 56 56 56 55 55 55 54 54
199 199 199 199 199 198 198 198 198 197 197 197 197 196 196 196 196 196 196 196 195 195 195 194 194 194 193 193 193 193 193 192 192 191 191 191 190 190 190 190 190 188 188 188 188 187 187 186 186 185 185 184 184 183 182 182 182 181 181 181 180 180 180 180 179 179 63 62 62 62 62 61 61 61 60 60 60 59 59 59 58 58 58 58 57 57 57 56 56 56 55 55 54 54 54 53
198 198 198 198 198 198 198 198 198 196 196 196 196 196 196 196 195 195 195 195 195 195 195 193 193 193 193 193 192 192 192 192 192 190 190 190 190 190 189 189 189 188 188 187 187 187 187 185 185 185 185 183 183 183 182 181 181 181 181 180 180 180 179 179 179 63 62 62 62 61 61 61 61 60 60 60 59 59 59 58 58 58 57 57 57 56 56 56 55 55 55 54 54 54 53 53
198 198 198 198 197 197 197 197 197 196 196 196 196 195 195 195 195 195 195 194 194 194 194 193 193 192 192 192 192 192 192 191 191 190 190 190 189 189 189 189 189 187 187 187 187 186 186 185 185 184 184 183 183 182 181 181 181 180 180 180 180 179 179 179 62 62 62 62 61 61 61 60 60 60 59 59 59 59 58 58 58 57 57 57 56 56 56 55 55 55 54 54 54 53 53 53
197 197 197 197 197 197 197 197 196 195 195 195 195 195 195 195 194 194 194 194 194 194 193 192 192 192 192 192 191 191 191 191 191 189 189 189 189 189 188 188 188 187 187 186 186 186 186 184 184 184 184 182 182 182 181 180 180 180 180 179 179 179 179 62 62 62 61 61 61 61 60 60 60 59 59 59 58 58 58 57 57 57 57 56 56 56 55 55 55 54 54 54 53 53 53 52
197 197 197 196 196 196 196 196 196 195 195 195 194 194 194 194 194 194 194 193 193 193 193 192 192 191 191 191 191 191 191 190 190 189 189 189 188 188 188 188 187 186 186 186 186 185 185 184 184 183 183 182 182 181 180 180 180 179 179 179 179 178 62 62 61 61 61 61 60 60 60 59 59 59 59 58 58 58 57 57 57 56 56 56 55 55 55 54 54 54 53 53 53 52 52 52
196 196 196 196 196 196 196 196 195 194 194 194 194 194 194 193 193 193 193 193 193 193 192 191 191 191 191 191 190 190 190 190 190 188 188 188 188 188 187 187 187 186 186 185 185 185 185 183 183 183 183 181 181 181 180 179 179 179 179 178 178 62 62 61 61 61 60 60 60 60 59 59 59 58 58 58 57 57 57 57 56 56 56 55 55 55 54 54 54 53 53 53 52 52 52 51
196 196 196 195 195 195 195 195 195 194 194 193 193 193 193 193 193 193 193 192 192 192 191 191 191 190 190 190 190 190 190 189 189 188 188 188 187 187 187 187 186 185 185 185 185 184 184 183 183 182 182 181 181 180 179 179 179 178 178 178 62 61 61 61 61 60 60 60 59 59 59 59 58 58 58 57 57 57 56 56 56 55 55 55 55 54 54 54 53 53 53 52 52 52 51 51
195 195 195 195 195 195 195 194 194 193 193 193 193 193 193 192 192 192 192 192 192 192 190 190 190 190 190 190 189 189 189 189 189 187 187 187 187 187 186 186 186 185 185 184 184 184 184 182 182 182 182 180 180 180 179 178 178 178 62 61 61 61 61 60 60 60 59 59 59 59 58 58 58 57 57 57 57 56 56 56 55 55 55 54 54 54 53 53 53 52 52 52 51 51 51 50
195 195 194 194 194 194 194 194 194 193 193 192 192 192 192 192 192 192 191 191 191 191 190 190 190 189 189 189 189 189 188 188 188 187 187 187 186 186 186 186 185 184 184 184 184 183 183 182 182 181 181 180 180 179 178 178 178 61 61 61 61 60 60 60 60 59 59 59 58 58 58 58 57 57 57 56 56 56 55 55 55 55 54 54 54 53 53 53 52 52 52 51 51 51 50 50
194 194 194 194 194 194 193 193 193 192 192 192 192 192 192 191 191 191 191 191 191 190 189 189 189 189 189 188 188 188 188 188 188 186 186 186 186 186 185 185 185 184 184 183 183 183 183 181 181 181 181 179 179 179 178 177 61 61 61 60 60 60 60 59 59 59 59 58 58 58 57 57 57 57 56 56 56 55 55 55 54 54 54 53 53 53 53 52 52 52 51 51 51 50 50 50
194 193 193 193 193 193 193 193 193 192 191 191 191 191 191 191 191 191 190 190 190 190 189 189 188 188 188 188 188 188 187 187 187 186 186 185 185 185 185 185 184 183 183 183 183 182 182 181 181 180 180 179 179 178 177 61 61 60 60 60 60 59 59 59 59 58 58 58 58 57 57 57 56 56 56 55 55 55 55 54 54 54 53 53 53 52 52 52 51 51 51 50 50 50 49 49
193 193 193 193 193 192 192 192 192 191 191 191 191 191 190 190 190 190 190 190 190 189 188 188 188 188 188 187 187 187 187 187 187 185 185 185 185 185 184 184 184 183 183 182 182 182 182 180 180 180 180 178 178 178 61 60 60 60 60 59 59 59 59 58 58 58 58 57 57 57 56 56 56 56 55 55 55 54 54 54 54 53 53 53 52 52 52 51 51 51 50 50 50 49 49 49
192 192 192 192 192 192 192 192 192 191 190 190 190 190 190 190 190 189 189 189 189 189 188 188 187 187 187 187 187 187 186 186 186 185 185 184 184 184 184 184 183 182 182 182 182 181 181 180 180 179 179 178 178 61 60 60 60 59 59 59 59 58 58 58 58 57 57 57 57 56 56 56 55 55 55 55 54 54 54 53 53 53 52 52 52 52 51 51 51 50 50 50 49 49 49 48
192 192 192 192 192 191 191 191 191 190 190 190 190 189 189 189 189 189 189 189 189 188 187 187 187 187 187 186 186 186 186 186 186 184 184 184 184 184 183 183 183 182 182 181 181 181 181 179 179 179 179 177 61 61 60 60 59 59 59 58 58 58 58 57 57 57 57 56 56 56 56 55 55 55 54 54 54 53 53 53 53 52 52 52 51 51 51 50 50 50 49 49 49 48 48 48
191 191 191 191 191 191 191 191 191 189 189 189 189 189 189 189 189 188 188 188 188 188 187 187 186 186 186 186 186 186 185 185 185 184 184 183 183 183 183 183 182 181 181 181 181 180 180 179 179 178 178 61 61 61 59 59 59 59 58 58 58 57 57 57 57 56 56 56 56 55 55 55 54 54 54 54 53 53 53 52 52 52 52 51 51 51 50 50 50 49 49 49 48 48 48 47
191 191 191 191 190 190 190 190 190 189 189 189 189 188 188 188 188 188 188 188 187 187 186 186 186 186 186 185 185 185 185 185 184 183 183 183 183 183 182 182 182 181 180 180 180 180 180 178 178 62 62 60 60 60 59 59 58 58 58 58 57 57 57 56 56 56 56 55 55 55 55 54 54 54 53 53 53 53 52 52 52 51 51 51 50 50 50 50 49 49 49 48 48 48 47 47
190 190 190 190 190 190 190 190 189 188 188 188 188 188 188 188 187 187 187 187 187 187 186 185 185 185 185 185 185 184 184 184 184 183 183 182 182 182 182 182 181 180 180 180 180 179 179 178 62 61 61 60 60 60 58 58 58 58 57 57 57 57 56 56 56 55 55 55 55 54 54 54 54 53 53 53 52 52 52 52 51 51 51 50 50 50 49 49 49 48 48 48 47 47 47 47
190 190 190 189 189 189 189 189 189 188 188 188 187 187 187 187 187 187 187 187 186 186 185 185 185 185 184 184 184 184 184 184 183 182 182 182 182 181 181 181 181 180 179 179 179 179 179 61 61 61 61 59 59 59 58 58 57 57 57 57 56 56 56 56 55 55 55 54 54 54 54 53 53 53 53 52 52 52 51 51 51 50 50 50 50 49 49 49 48 48 48 47 47 47 46 46
189 189 189 189 189 189 189 189 187 187 187 187 187 187 187 187 186 186 186 186 186 186 185 184 184 184 184 184 184 183 183 183 183 182 182 181 181 181 181 181 180 179 179 179 179 178 62 61 61 60 60 59 59 59 57 57 57 57 56 56 56 56 55 55 55 55 54 54 54 53 53 53 53 52 52 52 51 51 51 51 50 50 50 49 49 49 48 48 48 48 47 47 47 46 46 46
189 189 188 188 188 188 188 188 187 187 187 187 186 186 186 186 186 186 186 185 185 185 184 184 184 184 183 183 183 183 183 183 182 181 181 181 181 180 180 180 180 179 178 178 178 62 62 60 60 60 60 58 58 58 57 57 56 56 56 56 55 55 55 55 54 54 54 53 53 53 53 52 52 52 52 51 51 51 50 50 50 50 49 49 49 48 48 48 47 47 47 46 46 46 45 45
188 188 188 188 188 188 188 187 186 186 186 186 186 186 186 185 185 185 185 185 185 185 184 183 183 183 183 183 183 182 182 182 182 181 181 180 180 180 180 180 179 178 178 178 62 61 61 60 60 59 59 58 58 58 56 56 56 56 55 55 55 55 54 54 54 54 53 53 53 52 52 52 52 51 51 51 51 50 50 50 49 49 49 48 48 48 48 47 47 47 46 46 46 45 45 45
188 187 187 187 187 187 187 187 186 186 186 185 185 185 185 185 185 185 185 184 184 184 183 183 183 183 182 182 182 182 182 182 181 180 180 180 180 179 179 179 179 178 61 61 61 61 60 59 59 59 59 57 57 57 56 56 55 55 55 55 54 54 54 54 53 53 53 53 52 52 52 51 51 51 51 50 50 50 49 49 49 49 48 48 48 47 47 47 46 46 46 46 45 45 45 44
187 187 187 187 187 187 186 186 185 185 185 185 185 185 185 184 184 184 184 184 184 184 182 182 182 182 182 182 182 181 181 181 180 180 179 179 179 179 179 179 177 61 61 61 61 60 59 59 59 58 58 57 57 57 55 55 55 55 54 54 54 54 53 53 53 53 52 52 52 52 51 51 51 50 50 50 50 49 49 49 48 48 48 48 47 47 47 46 46 46 45 45 45 44 44 44
186 186 186 186 186 186 186 186 185 185 184 184 184 184 184 184 184 184 183 183 183 183 182 182 182 181 181 181 181 181 181 180 179 179 179 179 179 178 178 178 61 61 60 60 60 60 59 58 58 58 58 56 56 56 55 55 54 54 54 54 53 53 53 53 52 52 52 52 51 51 51 50 50 50 50 49 49 49 49 48 48 48 47 47 47 46 46 46 46 45 45 45 44 44 44 43
186 186 186 186 186 185 185 185 184 184 184 184 184 184 183 183 183 183 183 183 183 183 181 181 181 181 181 181 180 180 180 180 179 179 178 178 178 178 178 61 60 60 60 60 59 59 58 58 58 57 56 56 56 56 54 54 54 54 53 53 53 53 52 52 52 52 51 51 51 51 50 50 50 49 49 49 49 48 48 48 47 47 47 47 46 46 46 45 45 45 45 44 44 44 43 43
185 185 185 185 185 185 185 185 184 184 183 183 183 183 183 183 183 183 182 182 182 182 181 181 181 180 180 180 180 180 180 179 178 178 178 178 178 61 61 61 60 60 59 59 59 59 58 57 57 57 56 55 55 55 54 54 53 53 53 53 52 52 52 52 51 51 51 51 50 50 50 50 49 49 49 48 48 48 48 47 47 47 46 46 46 46 45 45 45 44 44 44 43 43 43 42
185 185 185 185 184 184 184 184 183 183 183 183 183 183 182 182 182 182 182 182 182 181 180 180 180 180 180 180 179 179 179 179 178 178 177 177 61 61 61 60 59 59 59 59 58 58 57 57 57 56 55 55 55 55 53 53 53 53 52 52 52 52 51 51 51 51 50 50 50 50 49 49 49 49 48 48 48 47 47 47 47 46 46 46 45 45 45 44 44 44 44 43 43 43 42 42
184 184 184 184 184 184 184 184 183 182 182 182 182 182 182 182 182 181 181 181 181 181 180 180 180 179 179 179 179 179 179 178 177 177 177 61 61 60 60 60 59 59 58 58 58 58 57 56 56 56 55 54 54 54 53 53 52 52 52 52 51 51 51 51 50 50 50 50 49 49 49 49 48 48 48 47 47 47 47 46 46 46 46 45 45 45 44 44 44 43 43 43 43 42 42 42
184 184 184 183 183 183 183 183 182 182 182 182 182 181 181 181 181 181 181 181 181 180 179 179 179 179 179 179 178 178 178 178 177 177 60 60 60 60 60 59 58 58 58 58 57 57 56 56 56 55 54 54 54 54 52 52 52 52 51 51 51 51 50 50 50 50 49 49 49 49 48 48 48 48 47 47 47 46 46 46 46 45 45 45 44 44 44 44 43 43 43 42 42 42 41 41
183 183 183 183 183 183 183 183 181 181 181 181 181 181 181 181 181 180 180 180 180 180 179 179 178 178 178 178 178 178 178 177 60 60 60 60 59 59 59 59 58 58 57 57 57 57 56 55 55 55 54 53 53 53 52 52 51 51 51 51 50 50 50 50 49 49 49 49 48 48 48 48 47 47 47 47 46 46 46 45 45 45 45 44 44 44 43 43 43 43 42 42 42 41 41 41
183 183 182 182 182 182 182 182 181 181 181 181 180 180 180 180 180 180 180 180 179 179 178 178 178 178 178 177 177 177 177 61 60 59 59 59 59 59 59 58 57 57 57 57 56 56 55 55 55 54 53 53 53 52 51 51 51 51 50 50 50 50 49 49 49 49 48 48 48 48 47 47 47 47 46 46 46 46 45 45 45 44 44 44 44 43 43 43 42 42 42 41 41 41 41 40
