testData/tiles/oneDegree/grid4.0-5.0-5.0-6.0.asc
ncols   200
nrows   200
xllcorner   4.0
yllcorner   5.0
cellsize   0.005
NODATA_value   -9999.0
[rows 126 to 167 of 200, columns 0 to 93 of 200]
462 462 462 462 462 462 461 461 460 460 460 460 460 460 460 460 460 460 459 459 459 459 459 459 458 458 458 458 458 457 457 457 457 456 456 456 456 456 456 455 455 454 454 454 454 454 454 454 453 453 453 453 453 453 453 453 453 452 452 452 452 452 452 452 452 451 451 451 451 451 451 451 450 450 450 450 450 450 450 449 449 449 449 450 450 450 449 449 449 449 449 449 448 448
503 462 462 462 462 462 462 462 462 462 462 461 461 461 461 461 461 461 460 460 460 460 460 459 459 459 459 459 459 458 458 458 458 458 457 457 457 456 456 456 456 456 456 455 454 454 454 454 454 454 454 454 453 453 453 453 453 453 453 453 453 452 452 452 452 452 452 452 452 451 451 451 451 451 451 451 450 450 450 450 450 450 450 449 449 449 449 449 449 448 448 448 448 448
505 464 464 464 463 463 463 463 463 463 462 462 462 462 462 462 462 461 461 461 461 461 461 461 461 460 460 460 459 459 459 459 459 459 458 458 458 458 457 457 457 456 456 456 456 456 456 455 454 454 454 454 454 454 454 454 454 453 453 453 453 453 453 453 453 452 452 452 452 452 452 452 451 451 451 451 451 451 451 451 450 450 450 450 450 450 449 449 449 449 449 449 449 448
505 505 464 464 464 464 464 464 464 463 463 463 463 463 463 463 463 463 463 462 462 461 461 461 461 461 461 461 461 461 460 460 459 459 459 459 459 458 458 458 458 458 458 457 456 456 456 456 456 456 455 455 454 454 454 454 454 454 454 454 454 453 453 453 453 453 453 453 453 452 452 452 452 452 452 452 451 451 451 451 451 451 451 450 450 450 450 450 450 450 449 449 449 449
507 506 506 465 465 465 465 465 465 465 465 464 464 464 463 463 463 463 463 463 463 463 463 463 463 462 461 461 461 461 461 461 461 461 460 460 460 459 459 459 459 458 458 458 458 458 458 456 456 456 456 456 455 455 455 455 454 454 454 454 454 454 454 454 453 453 453 453 453 453 453 453 452 452 452 452 452 452 452 452 451 451 451 451 451 451 451 450 450 450 450 450 450 449
507 507 507 466 466 466 466 465 465 465 465 465 465 465 465 465 465 465 465 464 463 463 463 463 463 463 463 463 463 463 462 461 461 461 461 461 461 461 460 460 460 459 459 459 458 458 458 458 458 458 457 456 456 456 456 455 455 455 455 455 454 454 454 454 454 454 454 454 453 453 453 453 453 453 453 453 452 452 452 452 452 452 452 451 451 451 451 451 451 451 450 450 450 450
508 508 508 508 467 467 467 467 467 467 467 467 466 465 465 465 465 465 465 465 465 465 465 465 464 464 463 463 463 463 463 463 463 463 462 461 461 461 461 461 461 460 460 460 460 460 459 458 458 458 458 458 457 457 457 456 456 455 455 455 455 455 455 455 454 454 454 454 454 454 454 454 453 453 453 453 453 453 453 452 452 452 452 452 452 452 452 451 451 451 451 451 451 450
509 509 509 509 467 467 467 467 467 467 467 467 467 467 467 467 467 466 466 466 466 465 465 465 465 465 465 465 465 464 463 463 463 463 463 463 463 463 462 462 461 461 461 461 460 460 460 460 460 460 458 458 458 458 458 457 457 457 457 455 455 455 455 455 455 455 455 454 454 454 454 454 454 454 454 453 453 453 453 453 453 453 453 452 452 452 452 452 452 452 451 451 451 451
510 510 510 510 510 469 469 469 469 468 468 468 468 468 467 467 467 467 467 467 467 467 466 466 466 466 465 465 465 465 465 465 465 464 463 463 463 463 463 463 463 462 462 462 461 461 461 460 460 460 460 460 459 459 458 458 458 457 457 457 457 456 456 455 455 455 455 455 455 455 455 454 454 454 454 454 454 454 454 453 453 453 453 453 454 454 453 453 453 453 453 453 453 452
510 510 510 510 510 510 469 469 469 469 469 469 469 469 468 468 468 468 468 468 468 467 467 467 467 467 466 466 466 466 466 465 465 465 465 465 465 465 463 463 463 463 463 463 462 462 462 462 461 461 460 460 460 460 459 459 459 459 458 457 457 457 457 456 456 456 455 455 455 455 456 456 456 456 456 455 455 455 455 455 455 455 454 454 454 454 454 454 454 454 453 453 453 453
512 512 512 512 512 512 470 470 470 470 470 470 470 470 470 469 469 469 469 468 468 468 468 468 468 468 468 467 467 467 467 466 466 466 466 465 465 465 465 465 465 464 463 463 463 463 463 462 462 462 462 462 460 460 460 460 460 459 459 459 459 458 458 458 458 457 457 457 457 457 456 456 456 456 456 456 456 456 455 455 455 455 455 455 455 455 454 454 454 454 454 454 454 453
512 512 512 512 512 512 512 471 471 471 471 470 470 470 470 470 470 470 470 470 470 470 469 469 468 468 468 468 468 468 468 467 467 467 467 466 466 466 465 465 465 465 465 465 464 464 463 463 463 462 462 462 462 462 461 462 461 461 461 460 460 460 460 459 459 458 458 457 457 457 457 457 457 457 456 456 456 456 456 456 456 456 455 455 455 455 455 455 455 454 454 454 454 454
514 514 513 513 513 513 513 472 472 472 472 472 472 472 472 472 470 470 470 470 470 470 470 470 470 470 470 469 468 468 468 468 468 468 468 467 467 467 467 467 466 465 465 465 465 465 465 464 464 465 464 464 463 463 463 463 463 462 462 462 461 460 460 460 460 459 459 459 459 457 457 457 457 457 457 457 457 456 456 456 456 456 456 456 456 455 455 455 455 455 455 455 454 454
515 515 515 515 514 514 514 513 472 472 472 472 472 472 472 472 472 472 472 472 471 471 470 470 470 470 470 470 470 470 470 469 469 468 468 468 468 468 467 467 467 467 467 467 466 466 466 466 466 465 465 465 465 465 463 463 463 463 463 462 462 462 462 460 460 460 460 459 459 459 459 458 457 457 457 457 457 457 457 457 457 456 456 456 456 456 456 456 455 455 455 455 455 455
515 515 515 515 515 515 515 515 474 474 474 474 473 473 514 473 473 472 472 472 472 472 472 472 472 471 471 470 470 470 470 470 470 470 470 469 469 468 468 469 469 468 468 468 468 503 468 467 466 466 466 466 465 465 465 465 464 464 463 463 463 462 462 462 462 461 461 460 460 459 459 459 459 458 458 458 457 457 457 457 457 457 457 457 456 456 456 456 456 456 456 456 455 455
517 517 516 516 516 516 516 515 515 515 515 515 515 515 515 515 515 549 549 549 508 508 508 507 507 507 507 507 507 506 506 505 505 505 505 506 506 506 505 505 505 504 504 504 503 503 503 503 503 502 502 502 501 501 500 500 500 500 500 499 499 498 498 497 497 497 497 496 496 496 496 494 494 494 458 458 458 458 458 457 457 457 457 457 457 457 457 456 456 456 456 456 456 456
517 517 517 517 517 552 552 592 592 551 551 551 551 551 551 551 551 550 550 550 550 549 508 508 508 508 508 508 507 507 508 508 508 508 507 506 506 506 506 506 506 505 505 505 505 504 504 503 503 503 503 503 502 502 502 501 500 500 500 500 500 499 499 499 499 497 497 497 497 496 496 496 495 495 494 494 493 493 493 493 493 493 493 492 492 492 457 457 457 457 456 456 456 456
553 553 553 553 553 594 594 594 594 552 552 552 551 551 551 551 551 551 551 551 551 551 551 550 509 509 508 509 509 509 509 509 508 508 508 508 508 508 506 506 506 506 506 506 505 505 505 505 505 503 503 503 503 503 502 502 502 502 501 500 500 500 500 499 499 499 498 498 498 497 496 496 496 496 495 495 495 493 493 493 493 493 493 493 493 493 492 492 492 492 492 492 492 492
554 554 553 553 594 594 594 594 594 594 553 553 553 553 553 553 553 552 551 551 551 551 551 552 552 511 511 511 510 510 509 509 509 509 509 508 508 508 508 508 508 507 506 506 506 506 506 505 505 505 505 505 504 503 503 503 502 502 502 502 501 501 501 500 499 499 499 499 498 498 498 498 496 496 496 495 495 495 495 494 494 493 493 493 493 493 493 493 493 492 492 492 492 492
555 555 555 596 596 596 596 595 595 595 553 553 553 553 553 553 553 553 553 553 554 553 553 553 552 552 511 511 511 511 511 511 510 510 509 509 509 509 508 508 508 508 508 508 507 507 506 506 506 505 505 505 505 505 504 504 503 503 502 502 502 502 501 501 501 501 499 499 499 499 498 498 498 498 497 496 496 495 495 495 494 494 494 494 493 493 493 493 493 493 493 493 492 492
555 596 596 596 596 596 596 596 596 596 596 555 554 554 555 554 555 555 555 554 554 554 554 554 554 554 553 553 511 511 511 511 511 511 511 510 510 510 509 509 509 508 508 508 508 508 508 507 507 507 506 506 505 505 505 505 504 504 504 504 502 502 502 502 501 501 501 501 500 500 499 499 498 498 498 497 497 497 496 495 495 495 494 494 494 494 494 493 493 493 493 493 493 493
598 598 597 597 597 597 597 597 597 598 599 559 558 560 560 560 559 558 557 556 555 555 555 555 554 554 554 554 554 513 512 512 511 511 511 511 511 511 511 510 510 510 509 509 508 508 508 508 508 507 507 507 507 506 505 505 505 505 504 504 504 504 503 503 502 502 501 501 501 501 500 500 500 498 498 498 498 497 497 497 496 496 495 494 494 494 494 494 494 494 493 493 493 493
598 598 598 598 598 598 598 598 600 601 603 604 564 564 564 564 564 563 562 560 559 556 555 555 555 555 555 555 555 554 513 513 513 513 512 512 511 511 511 511 511 510 510 510 510 510 509 508 508 508 508 507 507 507 507 507 506 505 505 505 504 504 504 504 503 503 503 502 501 501 501 500 500 500 500 499 498 498 497 497 497 496 496 496 496 494 494 494 494 494 494 494 494 493
599 599 599 599 599 600 602 605 606 607 608 608 568 567 567 567 567 566 565 564 563 562 560 558 557 556 555 555 555 555 514 514 513 513 513 513 513 513 512 511 511 511 511 511 510 510 510 510 510 509 508 508 508 508 507 507 507 507 506 506 506 505 504 504 504 504 503 503 503 502 501 501 501 500 500 500 499 499 499 499 497 497 497 496 496 496 495 495 494 494 494 494 494 494
600 599 599 599 601 604 606 608 609 610 611 612 571 572 572 572 570 570 569 568 566 565 563 561 559 557 557 557 557 556 555 514 514 514 514 514 513 513 513 513 513 512 511 511 511 511 511 510 510 510 510 509 509 508 508 508 507 507 507 507 506 506 506 506 504 504 504 503 503 503 503 502 502 502 500 500 500 500 499 499 499 498 498 497 496 496 496 495 495 495 495 494 494 494
601 601 602 605 607 609 610 612 613 614 615 615 616 575 574 574 574 573 573 572 570 569 567 565 563 560 557 557 557 557 557 557 515 515 514 514 514 514 514 513 513 513 513 513 512 512 511 511 511 510 510 510 510 509 509 509 509 508 507 507 507 507 506 506 506 505 505 504 504 503 503 503 502 502 502 502 501 500 500 499 499 499 498 498 498 497 496 496 495 495 495 495 495 495
602 602 605 608 610 612 614 615 617 618 617 618 618 578 578 578 577 577 576 576 574 572 571 569 567 564 561 558 558 557 557 557 557 516 516 516 515 515 514 514 514 513 513 513 513 513 512 512 512 512 511 510 510 510 510 509 509 509 509 508 508 507 507 506 506 506 506 505 505 505 505 503 503 503 502 502 502 501 501 501 499 499 499 499 498 498 498 497 497 496 495 495 495 495
603 607 609 612 614 616 617 619 620 621 622 622 623 582 582 580 580 579 579 578 577 576 574 573 571 568 565 563 559 558 558 558 558 557 516 516 516 516 516 515 515 515 514 514 513 513 513 513 513 512 512 512 512 510 510 510 510 509 509 509 509 508 508 508 507 506 506 506 506 505 505 505 504 504 503 502 502 502 502 501 501 501 500 499 499 498 498 498 497 497 497 496 495 495
609 612 614 616 617 618 620 621 622 623 624 625 625 625 584 584 584 584 583 581 580 578 577 575 574 572 569 567 564 559 559 559 559 558 517 517 516 516 516 516 516 515 515 515 515 514 513 513 513 513 513 512 512 512 512 511 511 510 510 509 509 509 509 508 508 508 508 506 506 506 505 505 505 505 504 504 504 502 502 502 501 501 501 500 500 500 498 498 498 497 497 497 496 496
612 615 617 619 621 623 624 626 626 627 627 628 628 629 588 587 586 586 585 585 584 583 581 579 577 575 572 570 567 564 560 560 560 559 559 518 518 517 517 516 516 516 516 516 515 515 515 515 515 513 513 513 513 512 512 512 512 511 511 511 510 509 509 509 509 508 508 508 507 507 507 506 505 505 505 504 504 504 503 503 502 501 501 501 500 500 500 499 499 498 497 497 497 496
616 618 621 623 625 626 627 628 629 630 631 631 631 631 590 590 589 589 589 588 587 585 584 582 581 579 577 573 571 567 563 560 560 560 560 560 518 518 518 518 518 516 516 516 516 516 515 515 515 515 515 514 514 513 513 512 512 512 512 511 511 511 511 510 509 509 508 508 508 508 507 507 507 506 505 505 504 504 504 504 503 503 503 501 501 501 500 500 500 499 499 499 497 497
619 621 623 625 627 629 630 631 632 633 634 634 635 635 635 594 593 591 591 590 589 588 587 586 584 582 579 577 574 572 568 564 561 560 560 560 519 519 519 518 518 518 518 518 516 516 516 516 516 515 515 515 515 514 514 514 513 512 512 512 512 511 511 511 510 510 510 509 508 508 508 507 507 507 507 506 506 505 504 504 504 503 503 503 502 502 501 500 500 500 499 499 499 498
623 625 628 630 631 633 633 634 634 635 636 636 637 637 637 596 596 595 595 594 593 591 589 588 586 585 583 580 578 575 571 568 564 562 562 561 560 519 519 519 519 518 518 518 518 518 517 517 516 516 516 515 515 515 515 514 514 514 514 512 512 512 511 511 511 511 510 510 510 509 508 508 508 507 507 507 506 506 506 505 504 504 503 503 503 502 502 502 501 501 501 500 500 500
625 628 630 632 633 635 636 637 638 639 639 639 640 640 640 599 599 597 597 596 595 594 593 592 590 588 585 583 580 578 575 572 568 562 562 562 562 562 521 519 519 519 519 519 518 518 518 518 517 517 517 516 516 515 515 515 515 514 514 514 513 513 513 512 511 511 511 511 510 510 510 509 509 509 508 508 508 507 507 507 506 506 506 504 504 504 503 503 503 502 502 502 500 500
629 631 633 635 636 638 639 640 641 641 642 642 642 643 643 601 600 600 600 599 598 597 595 594 592 591 589 587 585 581 577 574 571 567 563 563 562 562 521 521 521 520 520 519 519 519 518 518 518 518 517 517 517 517 517 515 515 515 514 514 514 514 513 513 513 514 512 512 512 511 511 511 510 510 510 510 508 508 508 507 507 507 506 506 506 505 504 504 503 503 502 502 502 501
632 634 636 637 639 640 641 642 643 644 644 645 645 645 646 645 604 603 602 601 600 599 598 597 596 594 591 589 587 585 582 579 576 570 565 563 563 563 563 521 521 521 521 521 520 520 519 519 518 518 518 518 517 517 517 517 516 516 516 516 515 515 515 515 514 514 514 513 513 512 511 511 511 511 510 510 510 509 509 508 507 507 507 506 506 506 505 505 505 503 503 502 502 502
635 637 639 641 642 644 645 645 646 647 647 647 647 647 647 647 606 606 605 605 604 603 601 599 597 596 594 592 590 588 584 581 578 575 570 566 564 563 563 522 522 521 521 521 521 521 520 520 520 520 518 518 519 519 518 518 518 518 517 517 517 516 515 515 515 514 514 514 514 513 513 513 511 511 511 510 510 510 509 509 509 508 507 507 506 506 506 505 505 505 504 504 503 502
637 639 641 643 644 646 647 648 649 649 650 650 650 650 650 650 609 608 607 606 606 605 604 603 601 600 598 594 592 590 588 585 582 577 573 569 565 565 565 564 523 522 522 522 521 521 521 522 521 521 521 521 520 519 519 519 518 518 518 518 517 517 517 516 516 515 515 514 514 514 513 513 513 512 512 511 510 510 510 509 509 509 508 508 508 506 506 506 505 505 505 504 504 504
640 642 644 646 647 649 650 651 651 652 653 653 653 653 653 653 611 610 610 609 608 608 607 605 603 602 600 598 596 594 591 587 584 581 577 573 567 565 565 565 524 523 524 524 523 523 522 522 522 522 521 521 521 521 520 520 519 519 518 518 518 517 517 517 517 516 516 516 514 514 514 513 513 513 513 512 512 512 510 510 510 509 509 509 508 508 507 507 506 505 505 505 504 504
643 645 647 649 649 650 651 652 653 654 654 655 655 655 655 655 655 614 612 612 610 609 608 607 606 605 603 600 598 596 594 591 588 584 580 576 571 566 567 566 566 525 525 524 524 524 524 524 522 522 522 522 521 521 521 521 520 520 520 519 518 518 518 517 517 517 516 516 516 516 515 514 514 513 513 513 512 512 512 511 511 510 509 509 509 508 508 508 507 507 506 505 505 504
646 648 650 651 653 654 655 656 656 657 657 658 658 657 657 657 657 616 615 615 614 613 612 610 608 606 605 603 601 599 596 593 591 588 585 581 576 571 567 567 567 525 525 525 525 525 524 524 524 524 523 522 522 522 521 521 521 521 520 520 520 519 519 518 517 517 517 517 516 516 516 515 515 515 513 513 513 512 512 512 511 511 511 510 509 509 508 508 508 507 507 506 506 506
648 650 652 653 655 656 657 658 658 659 660 660 659 660 660 660 659 618 618 616 615 615 614 613 612 610 609 606 603 601 599 597 595 591 588 584 580 575 570 568 568 568 526 525 525 525 525 525 524 524 524 524 523 523 522 522 521 521 521 520 520 520 520 519 519 519 517 517 517 516 516 516 515 515 515 514 514 513 512 512 512 511 511 511 510 510 510 508 508 508 507 507 506 506
