testData/tiles/oneDegree/grid34.0-26.0-35.0-27.0.asc
ncols   200
nrows   200
xllcorner   34.0
yllcorner   26.0
cellsize   0.005
NODATA_value   -9999.0
[rows 0 to 41 of 200, columns 0 to 93 of 200]
569 570 570 571 571 572 572 572 573 573 574 575 576 576 577 577 577 578 578 579 579 579 580 580 581 581 581 582 582 583 583 583 584 584 361 362 362 362 362 363 363 363 363 364 364 364 364 364 364 365 365 365 365 365 365 365 365 365 364 364 364 364 364 364 363 363 363 363 361 361 361 361 360 249 249 248 248 248 247 247 246 246 246 244 244 243 243 243 262 262 261 261 261 260
569 569 569 570 570 571 571 572 572 573 574 574 575 575 576 576 577 577 577 578 578 579 579 580 580 580 581 581 581 582 582 583 583 583 584 361 361 362 362 362 362 363 363 363 363 363 364 364 364 364 364 364 364 364 364 364 364 364 364 364 364 363 363 363 363 363 362 362 362 361 360 360 249 248 248 248 247 247 246 246 246 245 245 245 243 243 242 262 261 261 261 260 260 259
568 568 569 569 570 570 570 571 571 573 573 574 574 575 575 575 576 576 577 577 578 578 578 579 579 580 580 580 581 581 582 582 582 583 583 360 361 361 361 362 362 362 362 363 363 363 363 363 363 363 364 364 364 364 364 364 364 363 363 363 363 363 363 363 362 362 362 362 361 361 360 359 248 248 247 247 247 246 246 245 245 245 244 244 242 242 262 261 261 260 260 259 259 259
567 567 568 568 569 569 570 570 571 572 572 573 573 574 574 575 575 576 576 576 577 577 578 578 578 579 579 580 580 580 581 581 582 582 582 360 360 360 361 361 361 361 362 362 362 362 363 363 363 363 363 363 363 363 363 363 363 363 363 363 363 362 362 362 362 361 361 361 361 360 359 248 247 247 247 246 246 245 245 245 244 244 243 243 242 241 261 260 260 260 259 259 258 258
566 567 567 567 568 568 569 569 570 571 572 572 573 573 573 574 574 575 575 576 576 576 577 577 578 578 579 579 579 580 580 581 581 581 582 359 359 360 360 360 361 361 361 361 362 362 362 362 362 362 363 363 363 363 363 363 363 362 362 362 362 362 362 361 361 361 361 360 360 360 358 247 247 246 246 246 245 245 244 244 244 243 243 242 241 260 260 260 259 259 258 258 257 257
565 566 566 567 567 568 568 568 569 569 571 571 572 572 573 573 574 574 574 575 575 576 576 577 577 577 578 578 579 579 579 580 580 581 581 358 359 359 359 360 360 360 361 361 361 361 361 362 362 362 362 362 362 362 362 362 362 362 362 362 361 361 361 361 361 360 360 360 359 358 247 246 246 246 245 245 244 244 244 243 243 242 242 242 260 260 259 259 258 258 258 257 257 256
564 565 565 566 566 567 567 568 568 569 569 570 571 571 572 572 573 573 574 574 575 575 575 576 576 577 577 578 578 578 579 579 580 580 580 358 358 358 359 359 359 360 360 360 360 361 361 361 361 361 362 362 362 362 362 362 362 361 361 361 361 361 360 360 360 360 359 359 358 357 246 246 245 245 245 244 244 243 243 243 242 242 241 240 259 259 259 258 258 257 257 256 256 255
563 564 564 565 565 566 566 567 567 568 568 569 570 571 571 571 572 572 573 573 574 574 575 575 575 576 576 577 577 578 578 578 579 579 580 580 357 358 358 358 359 359 359 360 360 360 360 361 361 361 361 361 361 361 361 361 361 361 361 361 360 360 360 360 359 359 359 357 357 357 245 245 245 244 244 243 243 243 242 242 241 241 239 259 259 258 258 257 257 256 256 255 255 254
563 563 564 564 565 565 565 566 566 567 567 568 568 569 570 571 571 572 572 572 573 573 574 574 575 575 576 576 576 577 577 578 578 579 579 579 357 357 357 358 358 358 359 359 359 360 360 360 360 360 360 361 361 361 361 361 360 360 360 360 360 360 359 359 359 357 357 357 356 245 245 244 244 244 243 243 242 242 241 241 241 239 259 258 258 257 257 256 256 256 255 255 253 253
562 562 563 563 564 564 565 565 566 566 566 567 567 568 568 569 570 571 571 572 572 573 573 573 574 574 575 575 576 576 577 577 577 578 578 579 356 356 357 357 357 358 358 358 359 359 359 359 360 360 360 360 360 360 360 360 360 360 360 359 359 359 359 357 357 357 356 356 356 244 244 244 243 243 242 242 242 241 241 239 239 238 258 257 257 257 256 256 255 255 253 253 252 252
560 560 562 562 563 563 564 564 565 565 566 566 567 567 567 568 568 569 569 570 571 572 572 573 573 574 574 574 575 575 576 576 577 577 577 578 355 356 356 356 357 357 358 358 358 358 359 359 359 359 359 360 360 360 360 360 359 359 359 358 358 357 357 357 357 356 356 355 244 244 243 243 242 242 242 241 241 239 239 238 238 258 257 257 256 256 255 255 254 253 252 252 251 251
559 559 560 560 562 562 563 563 564 564 565 565 566 566 567 567 568 568 569 569 569 570 570 571 571 573 573 574 574 575 575 575 576 576 577 577 355 355 355 356 356 357 357 357 358 358 358 358 359 359 359 359 359 359 358 358 358 358 358 357 357 357 357 356 356 356 355 355 243 243 243 242 242 241 241 239 239 239 238 238 257 257 256 256 255 255 254 253 253 252 252 251 251 250
558 559 559 559 560 560 561 562 563 563 564 564 565 565 566 566 567 567 568 568 569 569 570 570 570 571 571 572 572 573 573 574 574 575 576 576 354 354 355 355 355 356 356 357 357 356 357 357 357 357 357 357 358 358 358 357 357 357 357 357 357 356 356 356 355 355 354 243 243 242 242 241 240 240 239 239 238 238 237 237 256 256 255 255 254 253 253 252 252 251 251 250 250 249
557 558 558 559 559 560 560 561 561 561 562 563 564 564 565 565 566 566 567 567 568 568 569 569 570 570 571 571 571 572 572 573 573 574 574 575 575 352 353 353 354 354 355 355 355 356 356 356 356 357 357 357 357 357 357 357 357 357 356 356 356 356 355 355 355 354 354 242 241 240 240 240 239 239 238 238 237 237 236 256 256 255 254 253 253 252 252 251 251 250 250 249 248 247
555 557 557 558 558 559 559 560 560 561 561 562 562 562 563 563 565 565 566 566 567 567 568 568 569 569 570 570 571 571 572 572 572 573 573 574 574 352 352 353 353 353 354 354 355 355 355 356 356 356 356 356 357 357 357 356 356 356 356 356 355 355 355 353 353 352 241 241 240 240 239 239 238 238 237 237 237 236 255 254 254 253 253 252 252 251 251 250 250 248 248 247 247 246
554 555 555 556 557 558 558 559 559 560 560 561 561 562 562 563 563 564 564 564 565 565 566 567 568 568 569 569 570 570 571 571 572 572 573 573 573 351 351 352 352 353 353 354 354 354 355 355 355 356 356 356 356 356 356 356 355 355 354 354 354 353 353 353 352 352 240 240 239 239 238 238 238 237 237 235 235 234 254 253 253 252 252 251 251 250 249 248 248 248 247 247 246 246
553 554 554 555 555 556 556 557 557 559 559 560 560 561 561 562 562 563 563 564 564 565 565 565 566 566 567 567 568 568 569 569 570 570 571 571 572 349 350 350 350 351 351 352 352 353 353 353 354 354 354 354 355 355 355 354 354 354 354 353 353 353 352 352 351 240 239 239 239 238 237 236 236 235 235 234 234 253 253 252 252 251 251 249 249 249 248 248 247 247 246 246 244 244
571 573 573 574 574 555 555 556 556 557 557 558 558 559 559 561 561 562 562 563 563 564 564 565 565 566 566 567 567 567 568 568 569 569 570 570 571 348 349 349 350 350 351 351 351 352 352 353 353 353 354 354 354 354 354 354 354 353 353 353 352 352 351 351 350 238 238 237 237 236 236 235 235 234 234 233 233 252 251 251 250 250 249 249 248 248 247 247 246 245 244 244 243 243
570 571 571 572 572 573 574 575 575 576 576 577 577 558 558 559 559 560 560 561 561 562 562 563 564 565 565 566 566 567 567 568 568 568 569 569 570 347 348 348 349 349 350 350 351 351 352 352 352 353 353 353 353 354 353 352 352 352 351 351 351 350 350 349 238 237 237 236 236 235 235 234 234 232 232 232 251 251 250 250 249 249 248 248 247 246 245 245 244 244 243 243 242 242
569 570 570 571 571 572 572 573 573 574 574 575 576 577 577 578 578 579 579 560 560 561 561 562 562 563 563 564 564 565 565 566 566 567 567 568 568 346 346 346 347 347 348 348 349 349 350 350 351 351 351 352 352 352 352 352 351 351 351 350 350 349 349 348 237 236 236 234 234 234 233 233 232 232 231 251 250 250 249 249 247 247 246 246 245 245 244 244 243 243 241 241 240 240
567 568 568 569 570 571 571 572 572 573 573 574 574 575 575 576 576 577 577 578 578 580 580 581 581 582 562 563 563 564 564 565 565 566 566 567 567 568 345 346 346 347 347 347 348 348 349 349 350 350 351 351 351 352 351 351 351 350 349 348 348 347 347 235 235 235 234 234 233 233 232 232 231 231 230 249 248 248 247 247 246 246 245 245 244 243 242 242 241 241 240 240 239 239
566 567 567 568 568 569 569 570 570 571 571 573 573 574 574 575 575 576 576 577 577 578 578 579 579 580 580 581 581 582 582 583 563 564 564 565 565 566 343 344 344 345 345 346 346 347 347 348 348 348 349 349 350 350 350 349 349 348 348 348 347 347 346 235 234 234 233 233 231 231 230 230 229 229 248 248 247 247 246 246 244 244 243 243 242 242 241 241 240 240 238 238 237 237
565 565 565 566 566 568 568 569 569 570 570 571 571 572 572 573 573 574 574 575 575 576 577 578 578 579 579 580 580 581 581 582 582 583 583 584 584 585 342 343 343 344 344 345 345 346 346 347 347 348 348 349 349 350 349 349 348 347 346 346 345 345 233 233 232 232 231 231 230 230 229 229 228 228 246 246 245 245 244 244 243 243 242 242 240 240 239 239 238 238 237 237 236 235
562 564 564 565 565 566 566 567 567 568 568 569 569 570 571 572 572 573 573 574 574 575 575 576 576 577 577 578 578 579 579 580 580 581 581 582 582 583 360 361 361 362 362 343 343 344 344 345 345 345 346 346 347 347 347 346 346 345 345 345 344 344 232 232 231 230 229 229 228 228 227 227 226 246 245 245 244 244 242 242 241 241 240 240 239 239 238 238 236 236 235 235 234 234
561 562 562 563 563 564 564 565 565 567 567 568 568 569 569 570 570 571 571 572 572 573 573 574 574 575 575 576 577 578 578 579 579 580 580 581 581 582 359 360 360 361 361 361 362 362 363 363 364 344 345 344 344 345 344 344 344 343 343 342 342 230 230 229 229 229 228 228 227 227 225 225 244 244 243 243 242 242 241 241 240 240 238 238 237 237 236 236 235 235 233 233 232 232
559 560 560 561 561 563 563 564 564 565 565 566 566 567 567 568 568 569 569 570 571 572 572 573 573 574 574 575 575 576 576 577 577 578 578 579 579 580 357 357 358 358 359 359 360 360 361 361 362 362 362 363 363 363 343 343 342 342 342 340 340 228 228 227 227 226 226 225 225 225 224 224 243 243 241 241 240 240 239 239 238 238 237 237 235 235 234 234 233 233 232 232 230 230
557 558 559 560 560 561 561 562 562 563 563 564 564 565 565 567 567 568 568 569 569 570 570 571 571 572 572 573 573 574 574 575 575 575 576 576 577 577 355 355 356 356 357 357 358 358 359 359 359 360 360 360 360 361 360 360 360 360 359 339 228 227 227 226 225 224 224 223 223 222 222 241 241 240 240 240 239 238 237 237 236 236 235 235 234 234 232 232 231 231 230 230 229 229
659 557 557 558 558 559 559 560 560 561 561 562 563 564 564 565 565 566 566 567 567 568 568 569 569 570 570 571 571 571 572 572 573 573 574 574 575 575 353 353 354 354 355 355 355 356 356 357 357 357 358 358 358 358 358 358 358 357 357 357 245 245 244 244 224 223 223 221 221 220 220 239 239 238 238 237 237 236 235 235 234 234 233 233 232 232 231 230 229 229 228 228 227 227
658 555 555 556 556 557 557 558 558 559 560 561 561 562 562 563 563 564 564 565 565 566 566 566 567 567 568 568 569 570 571 571 572 572 573 573 574 574 575 352 352 353 353 354 354 355 355 355 356 356 355 355 356 356 356 355 355 355 355 243 243 243 242 242 241 241 240 240 240 218 238 237 237 236 236 235 235 234 234 232 232 231 231 230 230 230 229 229 227 227 226 226 225 225
656 553 553 554 554 555 555 556 556 558 558 559 559 560 560 561 561 562 562 562 563 563 564 564 565 565 567 567 568 568 569 569 570 570 571 571 571 572 572 350 350 351 351 352 352 352 353 353 353 354 354 354 354 353 353 353 353 353 241 241 241 240 240 240 239 239 238 238 237 237 255 255 255 254 234 233 233 232 232 231 230 229 229 228 228 227 227 226 225 225 224 224 223 223
654 551 551 552 552 553 553 554 554 555 556 557 557 557 558 558 559 559 560 560 561 561 562 562 563 563 565 565 566 566 567 567 567 568 568 569 569 570 570 348 348 348 349 349 350 350 350 351 351 351 351 351 352 351 351 350 350 350 239 239 238 238 238 237 237 236 236 236 235 254 253 253 252 252 251 251 251 250 230 228 228 227 227 226 226 225 225 223 223 222 222 221 221 220
651 653 549 550 550 551 551 552 552 552 553 554 555 555 556 556 557 557 558 558 559 559 560 560 561 561 562 562 563 564 564 565 565 566 566 567 567 567 568 345 346 346 347 347 347 348 348 348 348 349 349 348 348 348 348 348 348 237 236 236 236 236 235 235 235 234 234 233 232 251 251 251 250 250 249 249 248 248 246 246 246 245 225 224 224 223 222 221 221 220 220 219 219 217
649 650 546 547 548 548 549 549 550 550 551 551 552 553 554 554 555 555 556 556 557 557 558 558 558 559 559 560 560 561 561 562 562 563 564 564 565 565 566 343 343 344 344 345 345 344 345 345 345 345 345 345 346 346 346 345 345 234 234 234 234 233 233 233 232 232 230 230 250 249 249 248 248 248 247 247 245 245 244 244 243 243 242 242 241 240 240 219 219 218 218 216 216 215
647 647 544 544 545 546 547 547 548 548 549 549 550 550 551 551 552 553 554 554 554 555 555 556 556 557 557 558 558 559 559 559 560 560 561 561 562 562 562 340 340 341 341 341 342 342 342 342 343 343 343 343 343 343 343 343 232 232 232 231 231 231 230 229 229 229 228 248 247 247 247 246 246 245 244 243 243 243 242 242 241 241 239 239 238 238 237 237 237 235 235 214 214 213
644 645 542 542 543 543 544 544 545 546 547 547 548 548 548 549 549 550 550 551 551 552 553 554 554 555 555 555 556 556 557 557 558 558 558 559 559 560 560 337 338 338 339 339 339 339 340 340 340 340 340 341 341 341 341 341 229 228 228 228 228 227 227 227 227 226 226 245 245 245 243 243 242 242 242 241 241 240 239 238 238 238 237 237 236 235 234 234 233 233 232 232 231 231
643 643 644 540 541 541 542 542 543 543 543 544 544 545 545 547 547 548 548 549 549 550 550 550 551 551 552 552 553 553 554 554 554 555 555 556 557 557 558 335 335 336 336 335 336 336 336 336 337 337 337 337 337 337 337 226 226 226 226 225 225 225 225 224 223 223 242 242 242 241 241 241 240 240 239 239 239 238 238 237 237 236 236 235 235 235 234 234 233 233 232 232 231 231
643 643 644 540 541 541 541 542 542 543 543 544 544 545 545 546 546 547 547 547 548 548 549 549 550 550 551 551 551 552 552 553 553 554 554 554 555 555 555 333 333 333 334 334 334 335 335 335 335 335 335 336 336 336 225 225 224 224 224 224 224 224 223 223 223 222 242 242 241 241 241 240 240 240 239 239 238 238 237 237 237 236 236 235 235 234 234 233 233 233 232 232 231 231
642 643 643 540 540 541 541 542 542 543 543 544 544 545 545 545 546 546 547 547 548 548 549 549 549 550 550 551 551 552 552 552 553 553 554 554 554 555 555 555 333 333 333 334 334 334 334 335 335 335 335 335 335 335 224 224 224 224 224 224 223 223 223 223 222 242 242 241 241 241 240 240 240 239 239 238 238 238 237 237 236 236 235 235 235 234 234 233 233 232 232 231 231 231
642 643 643 540 540 541 541 542 542 543 543 543 544 544 545 545 546 546 547 547 548 548 548 549 549 550 550 551 551 551 552 552 553 553 553 554 554 554 555 555 332 333 333 333 333 334 334 334 334 334 335 335 335 224 224 224 224 223 223 223 223 223 222 222 222 242 241 241 241 240 240 240 239 239 239 238 238 237 237 237 236 236 235 235 234 234 234 233 233 232 232 231 231 230
642 643 643 644 540 541 541 541 542 542 543 543 544 544 545 545 546 546 546 547 547 548 548 549 549 549 550 550 551 551 551 552 552 553 553 553 554 554 554 555 332 332 333 333 333 333 333 334 334 334 334 334 223 223 223 223 223 223 223 223 222 222 222 222 242 241 241 241 240 240 240 239 239 239 238 238 237 237 237 236 236 235 235 235 234 234 233 233 232 232 232 231 231 230
642 643 643 643 540 540 541 541 542 542 543 543 544 544 544 545 545 546 546 547 547 547 548 548 549 549 550 550 550 551 551 552 552 552 553 553 553 554 554 554 332 332 332 332 333 333 333 333 333 333 334 334 223 223 223 223 223 222 222 222 222 222 222 221 241 241 241 240 240 240 239 239 239 238 238 238 237 237 236 236 236 235 235 234 234 233 233 233 232 232 231 231 230 230
642 642 643 643 540 540 541 541 542 542 542 543 543 544 544 545 545 546 546 546 547 547 548 548 548 549 549 550 550 550 551 551 552 552 552 553 553 553 554 554 331 331 332 332 332 332 333 333 333 333 333 222 222 222 222 222 222 222 222 222 222 221 221 241 241 240 240 240 240 239 239 239 238 238 238 237 237 236 236 236 235 235 234 234 234 233 233 232 232 232 231 231 230 230
