testData/tiles/oneDegree/grid46.0-17.0-47.0-18.0.asc
ncols   200
nrows   200
xllcorner   46.0
yllcorner   17.0
cellsize   0.005
NODATA_value   -9999.0
[rows 42 to 83 of 200, columns 94 to 187 of 200]
443 443 443 442 442 441 441 440 440 439 439 438 438 437 437 437 436 436 435 435 434 434 433 433 432 432 620 620 619 619 619 618 618 617 617 616 616 615 615 614 614 613 613 612 612 611 611 610 610 609 609 609 608 608 607 613 614 616 616 617 618 619 619 620 620 621 621 621 621 622 622 622 622 623 622 623 622 623 623 623 623 623 623 623 624 623 624 623 623 623 623 623 623 623
444 443 443 442 442 441 441 440 440 440 439 439 438 438 437 437 436 436 435 435 434 434 434 433 433 432 432 431 431 430 430 429 429 428 428 427 427 426 426 426 425 425 424 424 423 423 422 611 610 610 609 609 608 608 607 613 614 615 616 617 618 619 619 620 620 621 622 621 622 622 623 622 623 623 623 623 623 623 624 623 624 623 624 623 624 623 624 623 623 623 623 623 623 623
444 444 443 443 442 442 441 441 440 440 439 439 438 438 438 437 437 436 436 435 435 434 434 433 433 432 432 431 431 431 430 430 429 429 428 428 427 427 426 426 425 425 424 424 423 423 422 422 421 421 420 420 420 419 419 424 425 426 428 428 430 430 431 431 432 432 432 432 433 433 434 433 434 434 434 434 434 434 434 434 435 434 435 434 435 434 435 434 434 434 434 434 434 434
444 444 443 443 442 442 442 441 441 440 440 439 439 438 438 437 437 436 436 435 435 435 434 434 433 433 432 432 431 431 430 430 429 429 428 428 427 427 426 426 426 425 425 424 424 423 423 422 422 421 421 420 420 419 419 424 425 426 428 428 430 430 431 431 432 432 432 432 433 434 433 434 434 434 434 435 434 435 434 435 435 435 435 435 435 435 435 435 434 435 434 435 434 435
445 444 444 443 443 442 442 441 441 440 440 439 439 439 438 438 437 437 436 436 435 435 434 434 433 433 432 432 431 431 431 430 430 429 429 428 428 427 427 426 426 425 425 424 424 423 423 422 422 421 421 420 420 420 419 425 425 427 428 429 429 431 431 432 432 433 432 433 433 434 433 434 434 434 434 435 434 435 434 435 434 435 435 435 435 435 434 435 434 435 434 435 434 435
445 444 444 443 443 443 442 442 441 441 440 440 439 439 438 438 437 437 436 436 436 435 435 434 434 433 433 432 432 431 431 430 430 429 429 428 428 427 427 426 426 426 425 425 424 424 423 423 422 422 421 421 420 420 419 425 425 427 428 429 429 431 431 432 432 432 432 433 433 434 433 434 434 434 434 435 435 435 435 435 435 435 435 435 435 435 435 435 435 435 435 435 435 434
445 445 444 444 443 443 442 442 441 441 440 440 440 439 439 438 438 437 437 436 436 435 435 434 434 433 433 432 432 432 431 431 430 430 429 429 428 428 427 427 426 426 425 425 424 424 423 423 422 422 421 421 420 420 419 425 426 427 429 429 430 430 432 432 432 432 433 433 434 434 434 434 435 434 435 435 435 435 435 435 435 435 435 435 435 435 435 435 435 435 435 435 435 434
445 445 444 444 444 443 443 442 442 441 441 440 440 439 439 438 438 437 437 437 436 436 435 435 434 434 433 433 432 432 431 431 430 430 429 429 428 428 427 427 426 426 426 425 425 424 424 423 423 422 422 421 421 420 420 425 426 427 428 429 430 430 431 431 432 432 433 433 434 434 434 434 435 434 435 435 435 435 435 435 435 435 435 435 435 435 435 435 435 435 435 436 435 435
446 445 445 444 444 446 443 442 442 441 441 441 440 440 439 439 438 438 437 437 436 436 435 435 434 434 433 433 432 432 432 431 431 430 430 429 429 428 428 427 427 426 426 425 425 424 424 423 423 422 422 421 421 420 420 425 425 427 428 429 430 431 431 432 432 433 433 434 434 434 434 435 435 435 435 435 435 436 435 436 435 436 435 436 435 436 435 436 435 436 435 436 435 435
449 448 448 448 447 447 446 446 445 445 444 444 443 443 442 442 441 441 440 440 440 439 439 438 438 437 434 433 433 432 432 431 431 430 430 429 429 428 428 427 427 426 426 426 425 425 424 424 423 423 422 422 421 421 420 426 425 427 428 430 430 431 431 432 432 433 433 434 434 434 434 435 434 435 435 435 435 436 435 436 435 436 435 436 435 436 435 436 435 436 435 435 435 435
449 449 448 448 447 447 446 446 445 445 445 444 444 443 443 442 442 441 441 440 440 439 439 438 438 437 437 436 436 435 435 435 434 434 433 430 429 429 428 428 427 427 426 426 425 425 424 424 423 423 422 422 421 421 420 426 425 427 428 429 430 431 431 432 432 433 433 434 435 434 435 435 435 435 436 435 436 435 436 436 436 436 436 436 436 436 436 436 436 436 436 435 436 435
449 449 449 448 448 447 447 446 446 445 445 444 444 443 443 442 442 441 441 441 440 440 439 439 438 438 437 437 436 436 435 435 434 434 433 433 432 432 431 431 430 427 426 426 425 425 425 424 424 423 423 422 422 421 421 426 426 427 429 429 431 431 432 432 433 433 434 434 434 434 435 435 435 435 436 435 436 435 436 436 436 436 436 436 436 436 436 436 436 435 436 435 436 435
450 449 449 448 448 447 447 446 446 445 445 445 444 444 443 443 442 442 441 441 440 440 439 439 438 438 437 437 436 436 435 435 435 434 434 433 433 432 432 431 431 430 430 429 429 428 428 424 424 423 423 422 422 421 421 420 426 427 428 429 430 431 432 432 433 433 434 434 434 434 435 435 435 435 436 435 436 435 436 435 436 436 436 436 436 436 436 435 436 435 436 435 436 435
450 450 449 449 448 448 447 447 446 446 445 445 444 444 443 443 442 442 441 441 441 440 440 439 439 438 438 437 437 436 436 435 435 434 434 433 433 432 432 431 431 430 430 429 429 428 428 427 427 426 426 423 422 422 421 421 426 427 428 430 430 432 432 433 433 434 434 434 434 435 435 435 435 436 435 436 436 436 436 436 436 436 436 436 436 436 436 436 436 436 436 436 436 436
450 450 449 449 448 448 447 447 446 446 446 445 445 444 444 443 443 442 442 441 441 440 440 439 439 438 438 437 437 436 436 435 435 435 434 434 433 433 432 432 431 431 430 430 429 429 428 428 427 427 426 426 425 425 424 424 426 427 428 430 430 431 432 433 433 434 433 434 434 435 435 435 435 436 435 436 436 436 436 436 436 436 436 436 436 436 436 436 436 436 436 436 436 436
450 450 450 449 449 448 448 447 447 446 446 445 445 444 444 443 443 442 442 441 441 441 440 440 439 439 438 438 437 437 436 436 435 435 434 434 433 433 432 432 431 431 430 430 429 429 428 428 427 427 426 426 425 425 424 424 429 430 431 432 431 431 432 432 433 433 434 434 435 435 435 435 436 436 436 436 436 436 437 436 437 436 437 436 437 436 437 436 437 436 437 436 436 436
451 450 450 449 449 448 448 447 447 446 446 446 445 445 444 444 443 443 442 442 441 441 440 440 439 439 438 438 437 437 436 436 435 435 434 434 434 433 433 432 432 431 431 430 430 429 429 428 428 427 427 426 426 425 425 424 430 429 431 432 434 434 435 432 433 433 434 434 435 435 435 435 436 435 436 436 436 436 437 436 437 436 437 436 437 436 437 436 437 436 437 436 436 436
451 451 450 450 449 449 448 448 447 447 446 446 445 445 444 444 443 443 442 442 441 441 441 440 440 439 439 438 438 437 437 436 436 435 435 434 434 433 433 432 432 431 431 430 430 429 429 428 428 427 427 426 426 425 425 424 430 429 431 432 433 434 435 435 436 436 437 434 435 434 435 435 436 435 436 436 436 436 436 436 437 436 437 436 437 436 437 436 437 436 436 436 436 436
451 451 450 450 449 449 448 448 447 447 447 446 446 445 445 444 444 443 443 442 442 441 441 440 440 439 439 438 438 437 437 436 436 435 435 434 434 433 433 432 432 431 431 431 430 430 429 429 428 428 427 427 426 426 425 425 424 430 431 433 433 435 435 436 436 437 437 438 438 438 435 436 436 436 436 437 436 437 436 437 436 437 437 437 437 437 437 437 436 437 436 437 436 437
452 451 451 450 450 449 449 448 448 447 447 446 446 445 445 444 444 443 443 442 442 441 441 440 440 440 439 439 438 438 437 437 436 436 435 435 434 434 433 433 432 432 431 431 430 430 429 429 428 428 427 427 426 426 425 425 424 430 430 432 433 434 435 436 436 437 437 438 437 438 438 439 438 436 436 436 436 437 436 437 436 437 436 437 436 437 436 437 436 437 436 437 436 437
452 451 451 450 450 449 449 448 448 447 447 447 446 446 445 445 444 444 443 443 442 442 441 441 440 440 439 439 438 438 437 437 436 436 435 435 434 434 433 433 432 432 431 431 430 430 429 429 428 428 427 427 427 426 426 425 425 430 431 432 434 434 435 435 437 437 437 437 438 438 439 439 439 439 440 439 437 436 437 437 437 437 437 437 437 437 437 437 437 437 436 437 436 436
452 452 451 451 450 450 449 449 448 448 447 447 446 446 445 445 444 444 443 443 442 442 441 441 440 440 439 439 439 438 438 437 437 436 436 435 435 434 434 433 433 432 432 431 431 430 430 429 429 428 428 427 427 426 426 425 425 430 430 432 433 434 435 435 436 436 437 437 438 438 439 438 439 439 439 439 440 439 440 437 437 437 437 437 437 437 437 437 437 437 437 437 437 436
452 452 451 451 450 450 449 449 448 448 447 447 447 446 446 445 445 444 444 443 443 442 442 441 441 440 440 439 439 438 438 437 437 436 436 435 435 434 434 433 433 432 432 431 431 430 430 429 429 428 428 427 427 426 426 425 425 430 430 431 433 433 435 435 436 436 437 437 438 438 438 438 439 439 439 439 440 439 440 439 440 437 437 437 437 437 437 437 437 437 437 436 437 436
453 452 452 451 451 450 450 449 449 448 448 447 447 446 446 445 445 444 444 443 443 442 442 441 441 440 440 439 439 438 438 437 437 437 436 436 435 435 434 434 433 433 432 432 431 431 430 430 429 429 428 428 427 427 426 426 425 425 430 432 433 434 434 436 436 437 437 438 438 438 438 439 439 439 439 440 439 440 440 440 440 440 440 440 437 437 437 437 437 437 437 437 437 437
453 452 452 451 451 450 450 449 449 448 448 447 447 446 446 446 445 445 444 444 443 443 442 442 441 441 440 440 439 439 438 438 437 437 436 436 435 435 434 434 433 433 432 432 431 431 430 430 429 429 428 428 427 427 426 426 425 425 430 431 432 434 434 435 436 437 437 438 437 438 438 439 439 439 439 440 439 440 440 440 440 440 440 440 440 440 437 437 437 437 437 437 437 437
453 453 452 452 451 451 450 450 449 449 448 448 447 447 446 446 445 445 444 444 443 443 442 442 441 441 440 440 439 439 438 438 437 437 436 436 435 435 434 434 433 433 432 432 431 431 430 430 430 429 429 428 428 427 427 426 426 425 431 431 433 433 435 435 436 436 437 437 437 438 438 439 438 439 439 440 439 440 439 440 440 440 440 440 440 440 440 440 440 437 437 437 436 437
453 453 452 452 451 451 450 450 449 449 448 448 447 447 446 446 445 445 445 444 444 443 443 442 442 441 441 440 440 439 439 438 438 437 437 436 436 435 435 434 434 433 433 432 432 431 431 430 430 429 429 428 428 427 427 426 426 425 431 430 432 433 435 435 436 436 437 437 438 438 439 438 439 439 440 439 440 440 440 440 440 440 441 440 441 440 441 440 441 440 440 437 437 437
454 454 454 453 453 452 452 451 451 450 450 449 449 448 448 447 447 446 446 445 445 444 444 443 442 441 441 440 440 439 439 438 438 437 437 436 436 435 435 434 434 433 433 432 432 431 431 430 430 429 429 428 428 427 427 426 426 425 431 430 432 433 434 435 436 436 437 437 438 438 439 438 439 439 439 439 440 439 440 440 440 440 440 440 440 440 440 440 440 440 440 440 440 437
455 454 454 453 453 452 452 451 451 450 450 449 449 448 448 447 447 446 446 445 445 444 444 443 443 443 442 442 441 441 440 440 438 438 437 437 436 436 435 435 434 434 433 433 432 432 431 431 430 430 429 429 428 428 427 427 426 426 425 431 431 433 434 435 435 437 437 438 438 438 438 439 439 440 439 440 440 439 440 439 440 440 440 440 440 440 440 440 440 440 440 440 440 440
455 454 454 453 453 453 452 452 451 451 450 450 449 449 448 448 447 447 446 446 445 445 444 444 443 443 442 442 441 441 440 440 439 439 438 438 437 437 436 435 434 434 433 433 432 432 431 431 430 430 429 429 428 428 427 427 426 426 425 431 431 433 433 435 435 436 436 437 437 438 438 439 439 439 439 440 439 440 440 440 440 440 440 441 440 441 440 441 440 441 440 441 440 440
455 455 454 454 453 453 452 452 451 451 450 450 449 449 448 448 447 447 446 446 445 445 444 444 443 443 442 442 441 441 440 440 439 439 438 438 437 437 436 436 435 435 434 434 432 432 431 431 430 430 429 429 428 428 427 427 426 426 425 431 430 432 433 434 435 436 436 437 437 438 438 439 438 439 439 440 439 440 440 440 440 440 440 440 440 440 440 440 440 440 440 440 440 440
456 456 455 455 454 454 453 453 452 452 452 451 451 450 450 449 449 447 447 446 446 445 445 444 444 443 443 442 442 441 441 440 440 439 439 438 438 437 437 436 436 435 435 434 434 433 433 432 432 430 430 429 429 428 428 427 427 426 426 425 431 432 434 434 435 436 437 437 438 438 439 438 439 439 440 439 440 440 440 440 440 440 440 440 440 440 440 440 440 440 440 440 440 440
380 456 456 455 455 454 454 453 453 452 452 451 451 450 450 449 449 448 448 447 447 446 446 445 445 444 444 443 442 441 441 440 440 439 439 438 438 437 437 436 436 435 435 434 434 433 433 432 432 431 431 430 430 428 428 427 427 426 426 425 431 431 433 434 435 435 436 437 438 437 438 438 439 439 439 439 440 440 440 440 440 440 441 440 441 440 441 440 441 440 441 440 441 440
380 379 379 378 378 377 454 453 453 452 452 451 451 450 450 449 449 449 448 448 447 447 446 446 445 445 444 444 443 443 442 442 441 441 440 439 438 438 437 437 436 436 435 435 434 434 433 433 432 432 431 431 430 430 429 429 428 427 426 425 431 430 433 433 435 435 436 436 437 437 438 438 439 438 439 439 440 439 440 440 440 440 440 440 440 440 440 440 440 440 440 440 440 440
380 380 379 379 378 378 377 377 376 376 375 375 451 451 450 450 449 449 448 448 447 447 446 446 445 445 444 444 443 443 442 442 441 441 440 440 439 439 438 438 437 436 435 435 434 434 433 433 432 432 431 431 430 430 429 429 428 428 427 427 431 431 432 434 434 436 436 437 437 438 438 439 438 439 439 440 439 440 440 440 440 440 440 440 440 440 440 440 440 440 440 440 440 440
380 380 379 379 378 378 377 377 376 376 375 375 374 374 373 373 372 372 448 448 447 447 446 446 445 445 444 444 443 443 442 442 441 441 440 440 439 439 438 438 437 437 436 436 435 435 433 433 432 432 431 431 430 430 429 429 428 428 427 427 426 432 432 434 434 435 435 437 437 438 437 438 438 439 439 439 439 440 440 440 440 440 440 441 440 441 440 441 440 441 440 441 440 441
382 381 381 380 380 379 379 378 378 377 377 376 376 375 375 374 374 373 373 372 372 371 371 369 369 445 445 444 444 443 443 442 442 441 441 440 440 439 439 438 438 437 437 436 436 435 435 434 434 433 432 431 431 430 430 429 429 428 428 427 427 432 432 434 434 436 436 436 436 437 437 438 438 439 438 439 439 440 439 440 440 440 440 440 440 440 440 440 440 440 440 440 440 440
382 381 381 380 380 379 379 378 378 377 377 376 376 375 375 374 374 373 373 372 372 371 371 370 370 369 369 368 368 367 367 365 365 441 441 440 440 439 439 438 438 437 437 436 436 435 435 434 434 433 433 432 432 431 430 429 429 428 428 427 427 432 432 433 435 435 437 437 438 438 438 438 439 438 439 439 440 439 440 440 439 440 440 440 440 440 440 440 440 440 440 440 440 440
382 381 381 380 380 379 379 378 378 377 377 377 376 376 375 375 374 374 373 373 372 372 371 371 370 370 369 369 368 368 367 367 366 366 365 365 364 364 362 361 361 360 360 436 436 435 435 434 434 433 433 432 432 431 431 430 430 429 428 427 427 426 432 432 434 435 436 436 438 438 439 438 438 438 439 439 439 439 440 439 440 440 440 440 440 440 441 440 441 440 441 440 440 440
382 382 381 381 380 380 379 379 378 378 377 377 376 376 375 375 374 374 373 373 372 372 371 371 370 370 369 369 368 368 367 367 366 366 365 365 364 364 363 363 362 362 361 360 359 359 358 358 357 357 356 356 355 355 354 431 430 430 429 429 428 427 432 432 434 434 436 436 437 437 438 438 439 439 440 438 439 439 440 439 440 439 440 440 440 440 440 440 440 440 440 440 440 440
383 383 382 382 381 381 380 380 379 379 378 378 377 377 376 376 374 374 373 373 372 372 371 371 370 370 369 369 368 368 367 367 366 366 365 365 364 364 363 363 362 362 361 361 360 360 359 358 357 357 356 356 355 355 354 354 353 353 352 352 351 351 356 356 356 358 358 360 360 361 361 362 362 363 362 363 363 363 362 362 363 362 363 362 363 363 363 363 363 363 363 363 363 363
384 383 383 382 382 381 381 380 380 379 379 378 378 377 377 376 376 375 375 374 374 373 373 372 372 371 371 369 369 368 368 367 367 366 366 365 365 364 364 363 363 362 362 361 360 360 359 359 358 358 357 357 355 355 354 354 353 353 352 352 351 351 350 356 356 358 359 359 359 360 360 361 361 362 362 363 363 363 363 364 362 363 363 363 363 363 363 363 363 362 363 362 363 362
