testData/tiles/oneDegree/grid25.0-14.0-26.0-15.0.asc
ncols   200
nrows   200
xllcorner   25.0
yllcorner   14.0
cellsize   0.005
NODATA_value   -9999.0
[rows 0 to 71 of 200, columns 0 to 95 of 200]
132 132 110 109 109 108 108 107 107 106 106 105 105 104 103 103 102 102 101 101 100 100 99 98 98 97 97 96 95 95 94 94 93 92 92 91 90 90 89 88 87 87 86 85 85 84 83 82 81 81 80 79 78 77 77 76 75 74 73 72 71 70 69 68 67 66 65 64 63 62 61 60 58 57 56 55 55 55 55 55 55 55 55 55 55 55 55 55 55 55 55 55 55 55 55 55
132 110 109 109 108 108 107 107 106 106 105 105 104 104 103 103 102 102 101 101 100 99 99 98 98 97 96 96 95 95 94 93 93 92 91 91 90 89 89 88 87 87 86 85 84 84 83 82 81 80 80 79 78 77 76 75 75 74 73 72 71 70 69 68 67 66 65 64 63 62 60 59 58 57 56 55 55 55 55 55 55 55 55 55 55 55 55 55 55 55 55 55 55 55 55 55
110 110 109 109 108 108 107 107 106 106 105 105 104 104 103 103 102 101 101 100 100 99 99 98 97 97 96 96 95 94 94 93 92 92 91 90 90 89 88 88 87 86 86 85 84 83 83 82 81 80 79 79 78 77 76 75 74 73 72 71 71 70 69 68 67 66 65 63 62 61 60 59 58 56 55 55 55 55 55 55 55 55 55 55 55 55 55 55 55 55 55 55 55 55 55 0
110 109 109 108 108 107 107 106 106 105 105 104 104 103 103 102 102 101 101 100 100 99 98 98 97 97 96 95 95 94 93 93 92 92 91 90 90 89 88 87 87 86 85 85 84 83 82 81 81 80 79 78 77 77 76 75 74 73 72 71 70 69 68 67 66 65 64 63 62 61 60 59 57 56 55 55 55 55 55 55 55 55 55 55 55 55 55 55 55 55 55 55 55 55 55 0
110 109 109 108 108 107 107 106 106 105 105 104 104 103 103 102 102 101 100 100 99 99 98 98 97 96 96 95 95 94 93 93 92 91 91 90 89 89 88 87 86 86 85 84 84 83 82 81 80 80 79 78 77 76 75 75 74 73 72 71 70 69 68 67 66 65 64 63 62 60 59 58 57 56 55 55 55 55 55 55 55 55 55 55 55 55 55 55 55 55 55 55 55 55 55 0
109 109 109 108 108 107 107 106 106 105 105 104 103 103 102 102 101 101 100 100 99 99 98 97 97 96 96 95 94 94 93 92 92 91 90 90 89 88 88 87 86 86 85 84 83 83 82 81 80 79 79 78 77 76 75 74 73 72 72 71 70 69 68 67 66 65 63 62 61 60 59 58 57 55 55 55 55 55 55 55 55 55 55 55 55 55 55 55 55 55 55 55 55 55 55 0
109 109 108 108 107 107 106 106 105 105 104 104 103 103 102 102 101 101 100 99 99 98 98 97 97 96 95 95 94 93 93 92 91 91 90 89 89 88 87 87 86 85 85 84 83 82 81 81 80 79 78 77 77 76 75 74 73 72 71 70 69 68 67 66 65 64 63 62 61 60 59 57 56 55 55 55 55 55 55 55 55 55 55 55 55 55 55 55 55 55 55 55 55 55 0 0
109 109 108 108 107 107 106 106 105 105 104 104 103 103 102 101 101 100 100 99 99 98 97 97 96 96 95 94 94 93 93 92 91 91 90 89 89 88 87 86 86 85 84 84 83 82 81 80 80 79 78 77 76 75 75 74 73 72 71 70 69 68 67 66 65 64 63 62 61 59 58 57 56 55 55 55 55 55 55 55 55 55 55 55 55 55 55 55 55 55 55 55 55 55 0 0
109 108 108 107 107 106 106 105 105 104 104 103 103 102 102 101 101 100 100 99 98 98 97 97 96 95 95 94 94 93 92 92 91 90 90 89 88 88 87 86 85 85 84 83 82 82 81 80 79 79 78 77 76 75 74 73 72 72 71 70 69 68 67 66 65 64 62 61 60 59 58 57 55 55 55 55 55 55 55 55 55 55 55 55 55 55 55 55 55 55 55 55 55 55 0 0
109 108 108 107 107 106 106 105 105 104 104 103 103 102 102 101 100 100 99 99 98 98 97 96 96 95 95 94 93 93 92 91 91 90 89 89 88 87 87 86 85 84 84 83 82 81 81 80 79 78 77 77 76 75 74 73 72 71 70 69 68 67 66 65 64 63 62 61 60 59 57 56 55 55 55 55 55 55 55 55 55 55 55 55 55 55 55 55 55 55 55 55 55 0 0 0
108 108 108 107 107 106 106 105 105 104 103 103 102 102 101 101 100 100 99 99 98 97 97 96 96 95 94 94 93 92 92 91 91 90 89 88 88 87 86 86 85 84 83 83 82 81 80 80 79 78 77 76 75 75 74 73 72 71 70 69 68 67 66 65 64 63 62 61 59 58 57 56 55 55 55 55 55 55 55 55 55 55 55 55 55 55 55 55 55 55 55 55 55 0 0 0
108 108 107 107 106 106 105 105 104 104 103 103 102 102 101 101 100 99 99 98 98 97 97 96 95 95 94 93 93 92 92 91 90 90 89 88 88 87 86 85 85 84 83 82 82 81 80 79 78 78 77 76 75 74 73 72 72 71 70 69 68 67 66 65 64 62 61 60 59 58 57 55 55 55 55 55 55 55 55 55 55 55 55 55 55 55 55 55 55 55 55 55 55 0 0 0
108 108 107 107 106 106 105 105 104 104 103 103 102 101 101 100 100 99 99 98 97 97 96 96 95 94 94 93 93 92 91 91 90 89 89 88 87 87 86 85 84 84 83 82 81 81 80 79 78 77 77 76 75 74 73 72 71 70 69 68 67 66 65 64 63 62 61 60 59 57 56 55 55 55 55 55 55 55 55 55 55 55 55 55 55 55 55 55 55 55 55 55 0 0 0 0
108 107 107 106 106 105 105 104 104 103 103 102 102 101 101 100 100 99 98 98 97 97 96 95 95 94 94 93 92 92 91 90 90 89 88 88 87 86 86 85 84 83 83 82 81 80 80 79 78 77 76 75 74 74 73 72 71 70 69 68 67 66 65 64 63 62 61 59 58 57 56 55 55 55 55 55 55 55 55 55 55 55 55 55 55 55 55 55 55 55 55 55 0 0 0 0
108 107 107 106 106 105 105 104 104 103 103 102 102 101 100 100 99 99 98 98 97 96 96 95 95 94 93 93 92 91 91 90 89 89 88 87 87 86 85 85 84 83 82 82 81 80 79 78 78 77 76 75 74 73 72 71 71 70 69 68 67 66 65 64 62 61 60 59 58 57 55 55 55 55 55 55 55 55 55 55 55 55 55 55 55 55 55 55 55 55 55 55 0 0 0 0
107 107 106 106 105 105 104 104 103 103 102 102 101 101 100 100 99 99 98 97 97 96 96 95 94 94 93 92 92 91 91 90 89 89 88 87 86 86 85 84 84 83 82 81 81 80 79 78 77 76 76 75 74 73 72 71 70 69 68 67 66 65 64 63 62 61 60 59 57 56 55 55 55 55 55 55 55 55 55 55 55 55 55 55 55 55 55 55 55 55 55 55 0 0 0 0
107 107 106 106 105 105 104 104 103 103 102 102 101 101 100 99 99 98 98 97 97 96 95 95 94 93 93 92 92 91 90 90 89 88 88 87 86 85 85 84 83 83 82 81 80 79 79 78 77 76 75 74 74 73 72 71 70 69 68 67 66 65 64 63 62 61 59 58 57 56 55 55 55 55 55 55 55 55 55 55 55 55 55 55 55 55 55 55 55 55 55 0 0 0 0 0
107 106 106 105 105 104 104 103 103 102 102 101 101 100 100 99 99 98 97 97 96 96 95 94 94 93 93 92 91 91 90 89 89 88 87 87 86 85 84 84 83 82 81 81 80 79 78 78 77 76 75 74 73 72 71 70 70 69 68 67 66 65 63 62 61 60 59 58 57 55 55 55 55 55 55 55 55 55 55 55 55 55 55 55 55 55 55 55 55 55 55 0 0 0 0 0
107 106 106 105 105 104 104 103 103 102 102 101 101 100 99 99 98 98 97 97 96 95 95 94 94 93 92 92 91 90 90 89 88 88 87 86 86 85 84 83 83 82 81 80 80 79 78 77 76 76 75 74 73 72 71 70 69 68 67 66 65 64 63 62 61 60 59 57 56 55 55 55 55 55 55 55 55 55 55 55 55 55 55 55 55 55 55 55 55 55 55 0 0 0 0 0
107 106 106 105 105 104 104 103 102 102 101 101 100 100 99 99 98 98 97 96 96 95 95 94 93 93 92 91 91 90 89 89 88 87 87 86 85 85 84 83 82 82 81 80 79 79 78 77 76 75 74 73 73 72 71 70 69 68 67 66 65 64 63 62 61 59 58 57 56 55 55 55 55 55 55 55 55 55 55 55 55 55 55 55 55 55 55 55 55 55 0 0 0 0 0 0
106 106 105 105 104 104 103 103 102 102 101 101 100 100 99 98 98 97 97 96 96 95 94 94 93 92 92 91 91 90 89 89 88 87 86 86 85 84 84 83 82 81 81 80 79 78 77 77 76 75 74 73 72 71 70 69 68 68 67 66 64 63 62 61 60 59 58 57 55 55 55 55 55 55 55 55 55 55 55 55 55 55 55 55 55 55 55 55 55 55 0 0 0 0 0 0
106 106 105 105 104 104 103 103 102 101 101 100 100 99 99 98 98 97 96 96 95 95 94 93 93 92 92 91 90 90 89 88 88 87 86 86 85 84 83 83 82 81 80 80 79 78 77 76 75 75 74 73 72 71 70 69 68 67 66 65 64 63 62 61 60 59 57 56 55 55 55 55 55 55 55 55 55 55 55 55 55 55 55 55 55 55 55 55 55 55 0 0 0 0 0 0
106 105 105 104 104 103 103 102 102 101 101 100 100 99 98 98 97 97 96 96 95 94 94 93 93 92 91 91 90 89 89 88 87 87 86 85 85 84 83 82 82 81 80 79 78 78 77 76 75 74 73 72 72 71 70 69 68 67 66 65 64 63 62 60 59 58 57 56 55 55 55 55 55 55 55 55 55 55 55 55 55 55 55 55 55 55 55 55 55 0 0 0 0 0 0 0
106 105 105 104 104 103 103 102 102 101 100 100 99 99 98 98 97 97 96 95 95 94 94 93 92 92 91 90 90 89 88 88 87 86 86 85 84 83 83 82 81 80 80 79 78 77 76 76 75 74 73 72 71 70 69 68 67 66 65 64 63 62 61 60 59 58 57 55 55 55 55 55 55 55 55 55 55 55 55 55 55 55 55 55 55 55 55 55 55 0 0 0 0 0 0 0
105 105 104 104 103 103 102 102 101 101 100 100 99 99 98 97 97 96 96 95 94 94 93 93 92 91 91 90 89 89 88 87 87 86 85 85 84 83 82 82 81 80 79 79 78 77 76 75 74 74 73 72 71 70 69 68 67 66 65 64 63 62 61 60 58 57 56 55 55 55 55 55 55 55 55 55 55 55 55 55 55 55 55 55 55 55 55 55 55 0 0 0 0 0 0 0
105 105 104 104 103 103 102 102 101 100 100 99 99 98 98 97 97 96 95 95 94 94 93 92 92 91 90 90 89 89 88 87 86 86 85 84 84 83 82 81 81 80 79 78 77 77 76 75 74 73 72 71 71 70 69 68 67 66 65 64 63 61 60 59 58 57 56 55 55 55 55 55 55 55 55 55 55 55 55 55 55 55 55 55 55 55 55 55 0 0 0 0 0 0 0 0
105 104 104 103 103 102 102 101 101 100 100 99 99 98 97 97 96 96 95 95 94 93 93 92 91 91 90 90 89 88 88 87 86 85 85 84 83 83 82 81 80 80 79 78 77 76 75 75 74 73 72 71 70 69 68 67 66 65 64 63 62 61 60 59 58 56 55 55 55 55 55 55 55 55 55 55 55 55 55 55 55 55 55 55 55 55 55 55 0 0 0 0 0 0 0 0
105 104 104 103 103 102 102 101 101 100 99 99 98 98 97 97 96 95 95 94 94 93 92 92 91 91 90 89 89 88 87 87 86 85 84 84 83 82 82 81 80 79 78 78 77 76 75 74 73 73 72 71 70 69 68 67 66 65 64 63 62 61 60 58 57 56 55 55 55 55 55 55 55 55 55 55 55 55 55 55 55 55 55 55 55 55 55 55 0 0 0 0 0 0 0 0
104 104 103 103 102 102 101 101 100 100 99 99 98 98 97 96 96 95 95 94 93 93 92 92 91 90 90 89 88 88 87 86 86 85 84 83 83 82 81 80 80 79 78 77 76 76 75 74 73 72 71 70 69 68 68 67 66 65 63 62 61 60 59 58 57 56 55 55 55 55 55 55 55 55 55 55 55 55 55 55 55 55 55 55 55 55 55 0 0 0 0 0 0 0 0 0
104 104 103 103 102 102 101 101 100 99 99 98 98 97 97 96 96 95 94 94 93 93 92 91 91 90 89 89 88 87 87 86 85 85 84 83 82 82 81 80 79 79 78 77 76 75 74 74 73 72 71 70 69 68 67 66 65 64 63 62 61 60 59 57 56 55 55 55 55 55 55 55 55 55 55 55 55 55 55 55 55 55 55 55 55 55 55 0 0 0 0 0 0 0 0 0
104 103 103 102 102 101 101 100 100 99 99 98 98 97 96 96 95 95 94 93 93 92 92 91 90 90 89 88 88 87 86 86 85 84 84 83 82 81 81 80 79 78 77 77 76 75 74 73 72 71 71 70 69 68 67 66 65 64 63 62 60 59 58 57 56 55 55 55 55 55 55 55 55 55 55 55 55 55 55 55 55 55 55 55 55 55 55 0 0 0 0 0 0 0 0 0
104 103 103 102 102 101 101 100 100 99 98 98 97 97 96 96 95 94 94 93 93 92 91 91 90 89 89 88 87 87 86 85 85 84 83 83 82 81 80 79 79 78 77 76 75 75 74 73 72 71 70 69 68 67 66 65 64 63 62 61 60 59 58 57 55 55 55 55 55 55 55 55 55 55 55 55 55 55 55 55 55 55 55 55 55 55 0 0 0 0 0 0 0 0 0 0
103 103 102 102 101 101 100 100 99 99 98 98 97 96 96 95 95 94 94 93 92 92 91 90 90 89 88 88 87 86 86 85 84 84 83 82 81 81 80 79 78 78 77 76 75 74 73 73 72 71 70 69 68 67 66 65 64 63 62 61 60 58 57 56 55 55 55 55 55 55 55 55 55 55 55 55 55 55 55 55 55 55 55 55 55 55 0 0 0 0 0 0 0 0 0 0
103 103 102 102 101 101 100 100 99 98 98 97 97 96 96 95 94 94 93 93 92 91 91 90 89 89 88 88 87 86 85 85 84 83 83 82 81 80 80 79 78 77 76 76 75 74 73 72 71 70 69 68 68 67 66 65 64 62 61 60 59 58 57 56 55 55 55 55 55 55 55 55 55 55 55 55 55 55 55 55 55 55 55 55 55 55 0 0 0 0 0 0 0 0 0 0
103 102 102 101 101 100 100 99 99 98 98 97 96 96 95 95 94 94 93 92 92 91 90 90 89 89 88 87 87 86 85 84 84 83 82 82 81 80 79 78 78 77 76 75 74 74 73 72 71 70 69 68 67 66 65 64 63 62 61 60 59 58 56 55 55 55 55 55 55 55 55 55 55 55 55 55 55 55 55 55 55 55 55 55 55 0 0 0 0 0 0 0 0 0 0 0
103 102 102 101 101 100 100 99 98 98 97 97 96 96 95 94 94 93 93 92 91 91 90 90 89 88 88 87 86 86 85 84 83 83 82 81 80 80 79 78 77 77 76 75 74 73 72 71 71 70 69 68 67 66 65 64 63 62 61 59 58 57 56 55 55 55 55 55 55 55 55 55 55 55 55 55 55 55 55 55 55 55 55 55 55 0 0 0 0 0 0 0 0 0 0 0
102 102 101 101 100 100 99 99 98 98 97 96 96 95 95 94 94 93 92 92 91 91 90 89 89 88 87 87 86 85 85 84 83 82 82 81 80 79 79 78 77 76 75 75 74 73 72 71 70 69 68 67 66 65 64 63 62 61 60 59 58 57 55 55 55 55 55 55 55 55 55 55 55 55 55 55 55 55 55 55 55 55 55 55 0 0 0 0 0 0 0 0 0 0 0 0
102 102 101 101 100 100 99 98 98 97 97 96 96 95 94 94 93 93 92 91 91 90 90 89 88 88 87 86 86 85 84 84 83 82 81 81 80 79 78 77 77 76 75 74 73 72 72 71 70 69 68 67 66 65 64 63 62 61 60 59 57 56 55 55 55 55 55 55 55 55 55 55 55 55 55 55 55 55 55 55 55 55 55 55 0 0 0 0 0 0 0 0 0 0 0 0
102 101 101 100 100 99 99 98 98 97 97 96 95 95 94 94 93 92 92 91 91 90 89 89 88 87 87 86 85 85 84 83 82 82 81 80 79 79 78 77 76 75 75 74 73 72 71 70 69 68 67 67 66 65 64 62 61 60 59 58 57 56 55 55 55 55 55 55 55 55 55 55 55 55 55 55 55 55 55 55 55 55 55 55 0 0 0 0 0 0 0 0 0 0 0 0
102 101 101 100 99 99 98 98 97 97 96 96 95 95 94 93 93 92 92 91 90 90 89 88 88 87 86 86 85 84 84 83 82 81 81 80 79 78 78 77 76 75 74 73 73 72 71 70 69 68 67 66 65 64 63 62 61 60 59 58 56 55 55 55 55 55 55 55 55 55 55 55 55 55 55 55 55 55 55 55 55 55 55 0 0 0 0 0 0 0 0 0 0 0 0 0
101 101 100 100 99 99 98 98 97 96 96 95 95 94 94 93 92 92 91 91 90 89 89 88 87 87 86 85 85 84 83 83 82 81 80 80 79 78 77 76 76 75 74 73 72 71 70 70 69 68 67 66 65 64 63 62 61 59 58 57 56 55 55 55 55 55 55 55 55 55 55 55 55 55 55 55 55 55 55 55 55 55 55 0 0 0 0 0 0 0 0 0 0 0 0 0
101 101 100 99 99 98 98 97 97 96 96 95 95 94 93 93 92 92 91 90 90 89 88 88 87 86 86 85 84 84 83 82 81 81 80 79 78 78 77 76 75 74 74 73 72 71 70 69 68 67 66 65 64 63 62 61 60 59 58 57 55 55 55 55 55 55 55 55 55 55 55 55 55 55 55 55 55 55 55 55 55 55 55 0 0 0 0 0 0 0 0 0 0 0 0 0
101 100 100 99 99 98 98 97 96 96 95 95 94 94 93 92 92 91 91 90 89 89 88 87 87 86 85 85 84 83 83 82 81 80 80 79 78 77 76 76 75 74 73 72 71 71 70 69 68 67 66 65 64 63 62 61 60 58 57 56 55 55 55 55 55 55 55 55 55 55 55 55 55 55 55 55 55 55 55 55 55 55 0 0 0 0 0 0 0 0 0 0 0 0 0 0
100 100 99 99 98 98 97 97 96 96 95 94 94 93 93 92 92 91 90 90 89 88 88 87 86 86 85 84 84 83 82 82 81 80 79 78 78 77 76 75 74 74 73 72 71 70 69 68 67 66 65 64 63 62 61 60 59 58 57 56 55 55 55 55 55 55 55 55 55 55 55 55 55 55 55 55 55 55 55 55 55 55 0 0 0 0 0 0 0 0 0 0 0 0 0 0
100 100 99 99 98 98 97 96 96 95 95 94 94 93 92 92 91 91 90 89 89 88 87 87 86 85 85 84 83 83 82 81 80 80 79 78 77 77 76 75 74 73 72 72 71 70 69 68 67 66 65 64 63 62 61 60 59 58 56 55 55 55 55 55 55 55 55 55 55 55 55 55 55 55 55 55 55 55 55 55 55 0 0 0 0 0 0 0 0 0 0 0 0 0 0 0
100 99 99 98 98 97 97 96 96 95 94 94 93 93 92 92 91 90 90 89 88 88 87 86 86 85 84 84 83 82 82 81 80 79 79 78 77 76 75 75 74 73 72 71 70 69 68 67 67 66 65 64 63 61 60 59 58 57 56 55 55 55 55 55 55 55 55 55 55 55 55 55 55 55 55 55 55 55 55 55 55 0 0 0 0 0 0 0 0 0 0 0 0 0 0 0
100 99 99 98 98 97 96 96 95 95 94 94 93 92 92 91 91 90 89 89 88 87 87 86 85 85 84 83 83 82 81 80 80 79 78 77 77 76 75 74 73 72 72 71 70 69 68 67 66 65 64 63 62 61 60 59 58 57 55 55 55 55 55 55 55 55 55 55 55 55 55 55 55 55 55 55 55 55 55 55 55 0 0 0 0 0 0 0 0 0 0 0 0 0 0 0
99 99 98 98 97 97 96 96 95 94 94 93 93 92 92 91 90 90 89 88 88 87 86 86 85 84 84 83 82 82 81 80 79 79 78 77 76 75 75 74 73 72 71 70 69 69 68 67 66 65 64 63 62 61 59 58 57 56 55 55 55 55 55 55 55 55 55 55 55 55 55 55 55 55 55 55 55 55 55 55 0 0 0 0 0 0 0 0 0 0 0 0 0 0 0 0
99 99 98 97 97 96 96 95 95 94 94 93 92 92 91 91 90 89 89 88 87 87 86 85 85 84 83 83 82 81 80 80 79 78 77 77 76 75 74 73 73 72 71 70 69 68 67 66 65 64 63 62 61 60 59 58 57 55 55 55 55 55 55 55 55 55 55 55 55 55 55 55 55 55 55 55 55 55 55 55 0 0 0 0 0 0 0 0 0 0 0 0 0 0 0 0
99 98 98 97 97 96 96 95 94 94 93 93 92 91 91 90 90 89 88 88 87 86 86 85 84 84 83 82 82 81 80 79 79 78 77 76 75 75 74 73 72 71 70 70 69 68 67 66 65 64 63 62 61 60 58 57 56 55 55 55 55 55 55 55 55 55 55 55 55 55 55 55 55 55 55 55 55 55 55 55 0 0 0 0 0 0 0 0 0 0 0 0 0 0 0 0
98 98 97 97 96 96 95 95 94 94 93 92 92 91 91 90 89 89 88 87 87 86 85 85 84 83 83 82 81 81 80 79 78 77 77 76 75 74 73 73 72 71 70 69 68 67 66 65 64 63 62 61 60 59 58 57 56 55 55 55 55 55 55 55 55 55 55 55 55 55 55 55 55 55 55 55 55 55 55 0 0 0 0 0 0 0 0 0 0 0 0 0 0 0 0 0
98 98 97 97 96 95 95 94 94 93 93 92 91 91 90 90 89 88 88 87 86 86 85 84 84 83 82 82 81 80 79 79 78 77 76 76 75 74 73 72 71 70 70 69 68 67 66 65 64 63 62 61 60 59 57 56 55 55 55 55 55 55 55 55 55 55 55 55 55 55 55 55 55 55 55 55 55 55 55 0 0 0 0 0 0 0 0 0 0 0 0 0 0 0 0 0
98 97 97 96 96 95 95 94 93 93 92 92 91 91 90 89 89 88 87 87 86 85 85 84 83 83 82 81 81 80 79 78 78 77 76 75 74 74 73 72 71 70 69 68 67 66 65 64 63 62 61 60 59 58 57 56 55 55 55 55 55 55 55 55 55 55 55 55 55 55 55 55 55 55 55 55 55 55 0 0 0 0 0 0 0 0 0 0 0 0 0 0 0 0 0 0
98 97 97 96 95 95 94 94 93 93 92 91 91 90 90 89 88 88 87 86 86 85 84 84 83 82 82 81 80 79 79 78 77 76 76 75 74 73 72 71 71 70 69 68 67 66 65 64 63 62 61 60 59 58 56 55 55 55 55 55 55 55 55 55 55 55 55 55 55 55 55 55 55 55 55 55 55 55 0 0 0 0 0 0 0 0 0 0 0 0 0 0 0 0 0 0
97 97 96 96 95 95 94 93 93 92 92 91 90 90 89 89 88 87 87 86 85 85 84 83 83 82 81 81 80 79 78 78 77 76 75 74 74 73 72 71 70 69 68 67 66 65 65 64 62 61 60 59 58 57 56 55 55 55 55 55 55 55 55 55 55 55 55 55 55 55 55 55 55 55 55 55 55 0 0 0 0 0 0 0 0 0 0 0 0 0 0 0 0 0 0 0
97 96 96 95 95 94 94 93 93 92 91 91 90 90 89 88 88 87 86 86 85 84 84 83 82 82 81 80 79 79 78 77 76 76 75 74 73 72 71 71 70 69 68 67 66 65 64 63 62 61 60 59 58 57 55 55 55 55 55 55 55 55 55 55 55 55 55 55 55 55 55 55 55 55 55 55 55 0 0 0 0 0 0 0 0 0 0 0 0 0 0 0 0 0 0 0
97 96 96 95 94 94 93 93 92 92 91 90 90 89 89 88 87 87 86 85 85 84 83 83 82 81 81 80 79 78 78 77 76 75 74 74 73 72 71 70 69 68 67 66 66 65 64 63 62 60 59 58 57 56 55 55 55 55 55 55 55 55 55 55 55 55 55 55 55 55 55 55 55 55 55 55 55 0 0 0 0 0 0 0 0 0 0 0 0 0 0 0 0 0 0 0
96 96 95 95 94 94 93 92 92 91 91 90 89 89 88 88 87 86 86 85 84 84 83 82 82 81 80 79 79 78 77 76 76 75 74 73 72 71 71 70 69 68 67 66 65 64 63 62 61 60 59 58 57 55 55 55 55 55 55 55 55 55 55 55 55 55 55 55 55 55 55 55 55 55 55 55 0 0 0 0 0 0 0 0 0 0 0 0 0 0 0 0 0 0 0 0
96 95 95 94 94 93 93 92 92 91 90 90 89 89 88 87 87 86 85 85 84 83 83 82 81 80 80 79 78 78 77 76 75 74 74 73 72 71 70 69 68 67 67 66 65 64 63 62 61 59 58 57 56 55 55 55 55 55 55 55 55 55 55 55 55 55 55 55 55 55 55 55 55 55 55 55 0 0 0 0 0 0 0 0 0 0 0 0 0 0 0 0 0 0 0 0
96 95 95 94 94 93 92 92 91 91 90 89 89 88 88 87 86 86 85 84 84 83 82 82 81 80 79 79 78 77 76 76 75 74 73 72 71 71 70 69 68 67 66 65 64 63 62 61 60 59 58 57 56 55 55 55 55 55 55 55 55 55 55 55 55 55 55 55 55 55 55 55 55 55 55 0 0 0 0 0 0 0 0 0 0 0 0 0 0 0 0 0 0 0 0 0
95 95 94 94 93 93 92 91 91 90 90 89 88 88 87 87 86 85 85 84 83 83 82 81 80 80 79 78 77 77 76 75 74 74 73 72 71 70 69 68 67 67 66 65 64 63 62 61 60 58 57 56 55 55 55 55 55 55 55 55 55 55 55 55 55 55 55 55 55 55 55 55 55 55 55 0 0 0 0 0 0 0 0 0 0 0 0 0 0 0 0 0 0 0 0 0
95 95 94 93 93 92 92 91 91 90 89 89 88 87 87 86 86 85 84 84 83 82 81 81 80 79 79 78 77 76 76 75 74 73 72 71 71 70 69 68 67 66 65 64 63 62 61 60 59 58 57 56 55 55 55 55 55 55 55 55 55 55 55 55 55 55 55 55 55 55 55 55 55 55 55 0 0 0 0 0 0 0 0 0 0 0 0 0 0 0 0 0 0 0 0 0
95 94 94 93 93 92 91 91 90 90 89 88 88 87 86 86 85 85 84 83 83 82 81 80 80 79 78 77 77 76 75 74 74 73 72 71 70 69 68 67 67 66 65 64 63 62 61 60 58 57 56 55 55 55 55 55 55 55 55 55 55 55 55 55 55 55 55 55 55 55 55 55 55 55 0 0 0 0 0 0 0 0 0 0 0 0 0 0 0 0 0 0 0 0 0 0
94 94 93 93 92 92 91 90 90 89 89 88 87 87 86 85 85 84 84 83 82 81 81 80 79 79 78 77 76 76 75 74 73 72 71 71 70 69 68 67 66 65 64 63 62 61 60 59 58 57 56 55 55 55 55 55 55 55 55 55 55 55 55 55 55 55 55 55 55 55 55 55 55 55 0 0 0 0 0 0 0 0 0 0 0 0 0 0 0 0 0 0 0 0 0 0
94 94 93 92 92 91 91 90 90 89 88 88 87 86 86 85 84 84 83 82 82 81 80 80 79 78 77 77 76 75 74 73 73 72 71 70 69 68 67 67 66 65 64 63 62 61 60 59 57 56 55 55 55 55 55 55 55 55 55 55 55 55 55 55 55 55 55 55 55 55 55 55 55 0 0 0 0 0 0 0 0 0 0 0 0 0 0 0 0 0 0 0 0 0 0 0
94 93 93 92 92 91 90 90 89 89 88 87 87 86 85 85 84 83 83 82 81 81 80 79 78 78 77 76 75 75 74 73 72 71 71 70 69 68 67 66 65 64 63 62 61 60 59 58 57 56 55 55 55 55 55 55 55 55 55 55 55 55 55 55 55 55 55 55 55 55 55 55 55 0 0 0 0 0 0 0 0 0 0 0 0 0 0 0 0 0 0 0 0 0 0 0
93 93 92 92 91 91 90 89 89 88 88 87 86 86 85 84 84 83 82 82 81 80 80 79 78 77 77 76 75 74 73 73 72 71 70 69 68 67 67 66 65 64 63 62 61 60 59 57 56 55 55 55 55 55 55 55 55 55 55 55 55 55 55 55 55 55 55 55 55 55 55 55 0 0 0 0 0 0 0 0 0 0 0 0 0 0 0 0 0 0 0 0 0 0 0 0
93 93 92 91 91 90 90 89 88 88 87 87 86 85 85 84 83 83 82 81 81 80 79 78 78 77 76 75 75 74 73 72 71 71 70 69 68 67 66 65 64 63 62 61 60 59 58 57 56 55 55 55 55 55 55 55 55 55 55 55 55 55 55 55 55 55 55 55 55 55 55 55 0 0 0 0 0 0 0 0 0 0 0 0 0 0 0 0 0 0 0 0 0 0 0 0
93 92 92 91 90 90 89 89 88 87 87 86 86 85 84 84 83 82 82 81 80 79 79 78 77 77 76 75 74 73 73 72 71 70 69 68 67 67 66 65 64 63 62 61 60 59 57 56 55 55 55 55 55 55 55 55 55 55 55 55 55 55 55 55 55 55 55 55 55 55 55 0 0 0 0 0 0 0 0 0 0 0 0 0 0 0 0 0 0 0 0 0 0 0 0 0
92 92 91 91 90 90 89 88 88 87 86 86 85 85 84 83 83 82 81 81 80 79 78 78 77 76 75 75 74 73 72 71 70 70 69 68 67 66 65 64 63 62 61 60 59 58 57 56 55 55 55 55 55 55 55 55 55 55 55 55 55 55 55 55 55 55 55 55 55 55 55 0 0 0 0 0 0 0 0 0 0 0 0 0 0 0 0 0 0 0 0 0 0 0 0 0
92 91 91 90 90 89 89 88 87 87 86 85 85 84 84 83 82 81 81 80 79 79 78 77 76 76 75 74 73 73 72 71 70 69 68 67 66 66 65 64 63 62 61 60 59 57 56 55 55 55 55 55 55 55 55 55 55 55 55 55 55 55 55 55 55 55 55 55 55 55 55 0 0 0 0 0 0 0 0 0 0 0 0 0 0 0 0 0 0 0 0 0 0 0 0 0
92 91 91 90 89 89 88 88 87 86 86 85 84 84 83 82 82 81 80 80 79 78 78 77 76 75 74 74 73 72 71 70 70 69 68 67 66 65 64 63 62 61 60 59 58 57 56 55 55 55 55 55 55 55 55 55 55 55 55 55 55 55 55 55 55 55 55 55 55 55 0 0 0 0 0 0 0 0 0 0 0 0 0 0 0 0 0 0 0 0 0 0 0 0 0 0
