testData/tiles/oneDegree/grid45.0-20.0-46.0-21.0.asc
ncols   200
nrows   200
xllcorner   45.0
yllcorner   20.0
cellsize   0.005
NODATA_value   -9999.0
[rows 42 to 83 of 200, columns 0 to 93 of 200]
406 406 406 406 406 406 406 406 406 406 406 406 406 406 406 406 407 407 406 406 406 627 627 627 627 627 627 628 628 628 628 628 628 629 629 629 629 629 629 630 630 629 629 629 629 629 629 630 630 630 630 630 630 630 630 630 630 631 631 631 630 630 630 630 630 630 630 630 630 630 631 631 631 631 631 532 425 425 425 425 425 425 425 425 425 425 425 425 425 425 424 425 425 425
406 406 406 406 406 406 406 406 406 406 406 406 406 406 406 406 407 406 626 626 626 627 627 627 627 627 628 628 628 628 628 628 629 629 629 629 629 629 629 630 629 629 629 629 629 629 629 630 630 630 630 630 630 630 630 630 631 631 631 630 630 630 630 630 630 630 630 630 630 631 631 631 631 631 532 531 425 425 425 425 425 425 425 425 425 425 425 425 425 425 425 425 425 425
406 406 406 406 406 406 406 406 406 406 406 406 406 406 406 405 626 626 626 626 627 627 627 627 627 627 628 628 628 628 628 628 629 629 629 629 629 629 629 629 629 629 629 629 629 629 630 630 630 630 630 630 630 630 630 630 631 631 630 630 630 630 630 630 630 630 630 630 631 631 631 631 631 631 531 531 425 425 425 425 425 425 425 425 425 425 425 426 425 425 425 425 425 425
406 406 406 406 406 406 406 406 406 406 406 406 406 406 625 626 626 626 626 626 627 627 627 627 627 628 628 628 628 628 628 629 629 629 629 629 629 628 629 629 629 629 629 629 629 629 630 630 630 630 630 630 630 630 630 631 630 630 630 630 630 630 630 630 630 630 630 631 631 631 631 631 631 531 531 531 425 425 425 425 425 425 425 425 425 425 426 425 425 425 425 425 425 425
406 406 406 406 406 406 406 406 406 406 406 406 625 625 625 626 626 626 626 626 627 627 627 627 627 628 628 628 628 628 628 629 629 629 629 629 628 629 629 629 629 629 629 629 629 630 630 630 630 630 630 630 630 630 631 630 630 630 630 630 630 630 630 630 630 630 631 631 631 631 631 631 630 531 531 531 425 425 425 425 425 425 425 425 426 426 426 425 425 425 425 425 425 425
406 406 406 406 406 406 406 406 406 626 625 625 625 625 625 626 626 626 626 627 627 627 627 627 628 628 628 628 628 628 629 629 629 629 629 628 628 629 629 629 629 629 629 629 629 630 630 630 630 630 630 630 630 630 630 630 630 630 630 630 630 630 630 630 630 631 631 631 631 631 631 630 531 531 531 531 425 425 425 425 425 425 426 426 426 426 425 425 425 425 425 425 425 425
406 406 406 406 406 406 406 626 626 625 625 625 625 625 626 626 626 626 626 627 627 627 627 627 628 628 628 628 628 628 629 629 629 628 628 628 629 629 629 629 629 629 629 629 630 630 630 630 630 630 630 630 630 630 630 630 630 630 630 630 630 630 630 630 631 631 631 631 631 631 630 630 531 531 531 531 425 425 425 425 425 426 426 426 426 425 425 425 425 425 425 425 425 425
406 406 406 406 406 626 626 625 625 625 625 625 625 625 626 626 626 626 627 627 627 627 627 627 628 628 628 628 628 629 629 629 628 628 628 628 629 629 629 629 629 629 629 630 630 630 630 630 630 630 630 630 630 630 630 630 630 630 630 630 630 630 630 630 631 631 631 631 631 630 630 531 531 531 531 531 425 425 425 425 426 426 426 426 425 425 425 425 425 425 425 425 425 425
406 406 406 626 626 625 625 625 625 625 625 625 625 626 626 626 626 626 627 627 627 627 627 628 628 628 628 628 628 629 628 628 628 628 628 629 629 629 629 629 629 629 629 630 630 630 630 630 630 630 630 629 630 630 630 630 630 630 630 630 630 630 630 631 631 631 631 631 630 630 630 531 531 531 531 425 425 425 425 426 426 426 426 425 425 425 425 425 425 425 425 425 425 425
406 626 626 625 625 625 625 625 625 625 625 625 625 626 626 626 626 626 627 627 627 627 627 628 628 628 628 628 628 628 628 628 628 628 628 629 629 629 629 629 629 629 630 630 630 630 630 630 630 629 629 630 630 630 630 630 630 630 630 630 630 630 631 631 631 631 631 630 630 630 531 531 531 531 531 425 425 426 426 426 426 426 425 425 425 425 425 425 425 425 425 425 425 425
626 625 625 625 625 625 625 625 625 625 625 625 625 626 626 626 626 627 627 627 627 627 628 628 628 628 628 628 628 628 628 628 628 628 628 629 629 629 629 629 629 629 630 630 630 630 630 630 629 629 629 630 630 630 630 630 630 630 630 630 630 631 631 631 631 631 630 630 630 630 531 531 531 531 531 425 426 426 426 426 426 425 425 425 425 425 425 425 425 425 425 425 425 425
625 625 625 625 625 625 625 625 625 625 625 625 626 626 626 626 626 627 627 627 627 627 628 628 628 628 627 627 628 628 628 628 628 628 629 629 629 629 629 629 629 630 630 630 630 630 630 629 629 629 630 630 630 630 630 630 630 630 630 630 630 631 631 631 630 630 630 630 630 531 531 531 531 531 531 426 426 426 426 426 425 425 425 425 425 425 425 425 425 425 425 425 425 424
625 625 625 625 625 625 625 625 625 625 625 625 626 626 626 626 626 627 627 627 627 627 628 628 627 627 627 628 628 628 628 628 628 628 629 629 629 629 629 629 629 630 630 630 630 630 629 629 629 630 630 630 630 630 630 630 630 630 630 630 631 631 631 630 630 630 630 630 630 531 531 531 531 531 532 426 426 426 426 425 425 425 425 425 425 425 425 425 425 425 425 425 424 424
625 625 625 625 625 625 625 625 625 625 625 625 626 626 626 626 627 627 627 627 627 628 628 627 627 627 627 628 628 628 628 628 628 629 629 629 629 629 629 629 630 630 630 630 629 629 629 629 629 630 630 630 630 630 630 630 630 630 630 631 631 631 630 630 630 630 630 630 531 531 531 531 531 532 532 426 426 426 425 425 425 425 425 425 425 425 425 425 425 425 425 424 424 424
625 625 625 625 625 625 625 625 625 625 625 626 626 626 626 626 627 627 627 627 627 627 627 627 627 627 628 628 628 628 628 628 628 629 629 629 629 629 629 629 630 630 630 629 629 629 629 629 630 630 630 630 630 630 630 630 630 630 631 631 631 630 630 630 630 630 630 630 531 531 531 531 532 532 532 426 426 425 425 425 425 425 425 425 425 425 425 425 425 425 424 424 424 424
625 625 625 625 625 625 625 625 625 625 625 626 626 626 626 627 627 627 627 627 627 627 627 627 627 627 628 628 628 628 628 628 629 629 629 629 629 629 629 630 630 630 629 629 629 629 629 629 630 630 630 630 630 630 630 630 630 630 631 631 630 630 630 630 630 630 630 531 531 531 531 532 532 532 532 425 425 425 425 425 425 425 425 425 425 425 425 425 425 424 424 424 424 424
625 625 625 625 625 625 625 625 625 625 625 626 626 626 626 627 627 627 626 626 627 627 627 627 627 627 628 628 628 628 628 628 629 629 629 629 629 629 629 630 629 629 629 629 629 629 629 630 630 630 630 630 630 630 630 630 630 631 631 630 630 630 630 630 630 630 531 531 531 531 532 532 532 532 425 425 425 425 425 425 425 425 425 425 425 425 425 425 424 424 424 424 424 424
625 625 625 625 625 625 625 625 625 625 626 626 626 626 626 627 626 626 626 626 627 627 627 627 627 628 628 628 628 628 628 629 629 629 629 629 629 629 630 629 629 629 629 629 629 629 629 630 630 630 630 630 630 630 630 630 631 630 630 630 630 630 630 630 630 630 531 531 531 532 532 532 532 531 425 425 425 425 425 425 425 425 425 425 425 425 425 424 424 424 424 424 425 425
625 625 625 625 625 625 625 625 625 625 626 626 626 626 626 626 626 626 626 627 627 627 627 627 627 628 628 628 628 628 628 629 629 629 629 629 629 628 629 629 629 629 629 629 629 629 630 630 630 630 630 630 630 630 630 630 630 630 630 630 630 630 630 630 630 531 531 531 532 532 532 532 531 531 425 425 425 425 425 425 425 425 425 425 425 425 424 424 424 424 425 425 425 425
625 625 625 625 625 625 625 625 625 625 626 626 626 625 626 626 626 626 626 627 627 627 627 627 628 628 628 628 628 628 629 629 629 629 629 629 628 629 629 629 629 629 629 629 629 630 630 630 630 630 630 630 630 630 630 630 630 630 630 630 630 630 630 630 630 531 531 531 532 532 532 531 531 531 425 425 425 425 425 425 425 425 425 425 425 424 424 424 425 425 425 425 425 425
625 625 625 625 625 625 625 625 625 626 626 625 625 625 626 626 626 626 626 627 627 627 627 627 628 628 628 628 628 628 629 629 629 629 628 628 628 629 629 629 629 629 629 629 629 630 630 630 630 630 630 630 630 629 630 630 630 630 630 630 630 630 630 630 531 531 531 532 532 532 531 531 531 531 425 425 425 425 425 425 425 425 425 425 424 424 425 425 425 425 425 425 425 425
625 625 625 625 625 625 625 625 625 625 625 625 625 626 626 626 626 626 627 627 627 627 627 627 628 628 628 628 628 628 629 629 629 628 628 628 629 629 629 629 629 629 629 629 630 630 630 630 630 630 630 630 629 629 630 630 630 630 630 630 630 630 630 630 531 531 532 532 532 531 531 531 531 531 425 425 425 425 425 425 425 425 425 424 424 425 425 425 425 425 425 425 425 425
625 625 625 625 625 625 625 624 624 625 625 625 625 626 626 626 626 626 627 627 627 627 627 628 628 628 628 628 628 629 629 628 628 628 628 628 629 629 629 629 629 629 629 629 630 630 630 630 630 630 630 629 629 630 630 630 630 630 630 630 630 630 630 531 531 532 532 531 531 531 531 531 531 531 425 425 425 425 425 425 425 425 424 425 425 425 425 425 425 425 425 425 425 425
625 625 625 625 625 624 624 624 625 625 625 625 625 626 626 626 626 627 627 627 627 627 627 628 628 628 628 628 628 629 628 628 628 628 628 628 629 629 629 629 629 629 629 630 630 630 630 630 630 629 629 629 629 630 630 630 630 630 630 630 630 630 531 531 532 532 531 531 531 531 531 531 531 425 425 425 425 425 425 425 425 424 425 425 425 425 425 425 425 425 425 425 425 425
625 625 625 624 624 624 624 624 625 625 625 625 626 626 626 626 626 627 627 627 627 627 628 628 628 628 628 628 628 628 628 628 628 628 628 629 629 629 629 629 629 629 629 630 630 630 630 630 629 629 629 629 630 630 630 630 630 630 630 630 630 630 531 531 532 531 531 531 531 531 531 531 531 425 425 425 425 425 425 425 424 425 425 425 425 425 425 425 425 425 425 425 425 424
625 624 624 624 624 624 624 624 625 625 625 625 626 626 626 626 626 627 627 627 627 627 628 628 628 628 627 627 628 628 628 628 628 628 628 629 629 629 629 629 629 629 630 630 630 630 630 629 629 629 629 630 630 630 630 630 630 630 630 630 630 531 531 532 531 531 531 531 531 531 531 531 531 425 425 425 425 425 425 425 425 425 425 425 425 425 425 425 425 425 425 425 424 424
624 624 624 624 624 650 624 625 625 625 625 625 626 626 626 626 627 627 627 627 627 627 628 628 628 627 627 627 628 628 628 628 628 628 629 629 629 629 629 629 629 629 630 630 630 629 629 629 629 629 629 630 630 630 630 630 630 630 630 630 630 531 531 531 531 531 531 531 531 531 531 531 531 425 425 425 425 424 425 425 425 425 425 425 425 425 425 425 425 425 425 424 424 424
650 650 650 650 650 650 650 651 651 651 651 652 652 652 652 652 653 653 653 653 653 654 654 653 653 653 653 654 654 654 654 654 628 628 629 629 629 629 629 629 629 630 630 630 629 629 629 629 629 629 630 630 630 630 630 630 630 630 630 630 531 531 531 531 531 531 531 531 531 531 531 531 531 425 425 425 424 425 425 425 425 425 425 425 425 425 425 425 425 425 424 424 424 424
650 650 650 650 650 650 650 651 651 651 651 652 652 652 652 652 653 653 653 653 653 653 653 653 653 653 653 654 654 654 654 654 654 655 655 655 655 655 655 655 655 656 655 629 629 629 629 629 629 629 630 630 630 630 630 630 630 630 630 630 530 531 531 531 531 531 531 531 531 531 531 531 531 425 425 424 425 425 425 425 425 425 425 425 425 425 425 425 425 424 424 424 424 424
650 650 650 650 650 650 651 651 651 651 651 652 652 652 652 653 653 653 653 652 652 653 653 653 653 653 654 654 654 654 654 654 654 655 655 655 655 655 655 655 656 655 655 655 655 655 655 655 655 656 656 630 630 630 630 630 630 630 629 530 531 531 531 531 531 531 531 531 531 531 531 531 425 425 424 425 425 425 425 425 425 425 425 425 425 425 425 425 424 424 424 424 424 424
650 650 650 650 650 650 651 651 651 651 652 652 652 652 652 653 653 652 652 652 653 653 653 653 653 653 654 654 654 654 654 654 655 655 655 655 655 655 655 654 655 655 655 655 655 655 655 655 655 656 656 656 656 656 656 656 656 655 530 531 531 531 531 531 531 531 531 531 531 531 531 531 425 424 425 425 425 425 425 425 425 425 425 425 425 425 424 424 424 424 424 424 424 424
650 650 650 650 650 650 651 651 651 651 652 652 652 652 652 652 652 652 652 652 653 653 653 653 653 653 654 654 654 654 654 654 655 655 655 655 655 655 654 655 655 655 655 655 655 655 655 655 656 656 656 656 656 656 656 656 655 655 556 557 557 557 557 557 557 531 531 531 531 531 531 530 424 425 425 425 425 425 425 425 425 425 425 425 425 424 424 424 424 424 424 424 424 424
650 650 650 650 650 651 651 651 651 651 652 652 652 651 652 652 652 652 652 653 653 653 653 653 653 654 654 654 654 654 654 654 655 655 655 655 654 654 654 655 655 655 655 655 655 655 655 655 656 656 656 656 656 656 655 655 655 556 557 557 557 557 557 557 557 557 557 557 557 557 530 530 425 425 425 425 425 425 425 425 425 425 425 425 424 424 424 424 424 424 424 424 424 424
650 650 650 650 650 651 651 651 651 652 652 651 651 651 652 652 652 652 652 653 653 653 653 653 653 654 654 654 654 654 655 656 656 656 655 655 655 655 655 656 656 656 656 656 656 655 655 656 656 656 656 656 656 655 655 655 556 557 557 557 557 557 557 557 557 557 557 557 557 556 556 557 451 451 451 425 425 425 425 425 425 425 425 424 424 424 424 424 424 424 424 424 424 424
650 650 650 650 650 651 651 651 651 651 651 651 651 651 652 652 652 652 652 653 653 653 653 653 654 655 655 655 655 655 655 656 656 655 655 655 655 655 656 656 656 656 656 656 656 656 656 657 657 657 656 655 655 655 655 655 556 557 557 557 557 557 557 557 557 557 557 557 556 556 557 557 451 451 451 451 451 451 451 451 425 425 424 424 424 424 424 424 424 424 424 424 424 424
650 650 650 650 650 651 651 650 650 651 651 651 651 652 652 652 652 652 653 653 653 654 654 654 655 655 655 655 655 655 656 655 655 655 655 655 655 655 656 656 656 656 656 656 656 656 657 657 657 657 656 656 656 656 655 556 557 557 557 557 557 557 557 557 557 557 556 556 556 556 557 451 451 451 451 451 451 451 451 451 450 450 450 450 450 424 424 424 424 424 424 424 424 423
650 650 650 650 651 650 650 650 651 651 651 651 651 652 652 652 652 652 654 654 654 654 654 654 655 655 655 655 655 654 655 655 655 655 655 655 655 656 656 656 656 656 656 656 656 656 657 657 656 656 656 656 656 656 656 557 558 557 557 557 557 557 557 557 557 556 556 556 556 557 557 451 451 451 451 451 451 451 451 450 450 450 450 450 450 450 450 450 450 424 424 424 424 424
650 650 650 649 650 650 650 650 651 651 651 651 651 652 652 652 653 653 654 654 654 654 654 655 655 655 655 654 654 654 655 655 655 655 655 655 655 656 656 656 656 656 656 656 656 657 657 656 656 656 656 656 656 656 557 558 558 558 558 557 557 557 557 557 556 556 556 556 557 557 557 451 451 451 451 451 451 451 450 450 450 450 450 450 450 450 450 450 450 450 451 450 450 424
649 649 649 649 650 650 650 650 651 651 651 651 652 653 653 653 653 654 654 654 654 654 654 655 655 654 654 654 654 655 656 656 656 656 656 656 657 657 657 657 657 657 657 657 657 656 656 656 656 656 656 656 656 557 558 558 558 558 558 558 558 558 556 556 556 556 556 557 557 557 557 451 451 451 451 451 451 450 450 450 450 450 450 450 450 450 450 450 451 451 450 450 450 450
649 649 649 650 650 650 650 651 651 651 651 652 653 653 653 653 653 654 654 654 654 654 654 655 654 655 655 655 655 656 656 656 656 656 656 656 657 657 657 657 657 657 657 657 657 657 657 657 657 657 656 656 656 557 558 558 558 558 558 558 558 557 557 557 556 556 557 557 557 557 557 451 451 451 451 450 450 450 450 450 450 450 450 450 450 450 450 451 451 450 450 450 450 450
649 649 649 650 650 650 650 651 651 652 652 652 653 653 653 653 653 654 654 654 654 655 655 655 655 655 655 655 656 656 656 656 656 656 656 657 657 657 657 657 657 657 656 656 657 657 657 657 657 657 657 657 558 559 558 558 558 558 558 557 557 557 557 557 557 557 557 557 557 557 451 451 451 451 450 450 450 450 450 450 450 450 450 450 450 451 451 450 450 450 450 450 450 450
649 649 649 650 650 650 650 651 652 652 652 653 653 653 653 653 654 654 655 655 654 654 655 655 655 655 655 655 656 656 656 656 656 656 656 657 657 657 657 657 656 656 656 657 657 657 657 657 657 657 657 558 558 559 559 559 559 558 557 557 557 557 557 557 557 558 558 557 557 557 451 451 451 450 450 450 450 450 450 450 450 450 450 450 451 451 450 450 450 450 450 450 450 450
