testData/tiles/oneDegree/grid34.0-16.0-35.0-17.0.asc
ncols   200
nrows   200
xllcorner   34.0
yllcorner   16.0
cellsize   0.005
NODATA_value   -9999.0
[rows 150 to 199 of 200, columns 0 to 95 of 200]
443 443 443 443 443 443 443 443 442 442 442 442 442 442 442 442 441 441 441 441 441 441 441 440 440 440 440 440 440 440 439 439 439 439 439 439 439 438 438 438 438 438 438 437 437 437 437 437 437 436 436 436 436 436 435 435 435 435 435 434 434 434 434 434 433 433 433 433 433 432 432 432 432 431 431 431 431 431 430 312 312 312 311 311 311 311 310 310 310 310 309 309 309 308 308 308
445 444 444 444 443 443 443 443 443 443 443 443 443 442 442 442 442 442 442 442 442 441 441 441 441 441 441 441 440 440 440 440 440 440 440 439 439 439 439 439 439 438 438 438 438 438 438 437 437 437 437 437 437 436 436 436 436 436 435 435 435 435 435 434 434 434 434 434 433 433 433 433 432 432 432 432 432 431 431 313 313 312 312 312 312 311 311 311 311 310 310 310 310 309 309 104
446 445 444 444 444 444 444 444 444 444 443 443 443 443 443 443 443 443 442 442 442 442 442 442 442 441 441 441 441 441 441 441 440 440 440 440 440 440 440 439 439 439 439 439 439 438 438 438 438 438 438 437 437 437 437 437 436 436 436 436 436 435 435 435 435 435 434 434 434 434 434 433 433 433 433 433 432 432 314 314 313 313 313 313 312 312 312 312 311 311 311 311 310 310 310 104
446 446 445 445 445 445 444 444 444 444 444 444 444 444 443 443 443 443 443 443 443 443 442 442 442 442 442 442 442 442 441 441 441 441 441 441 440 440 440 440 440 440 440 439 439 439 439 439 439 438 438 438 438 438 437 437 437 437 437 437 436 436 436 436 436 435 435 435 435 434 434 434 434 434 433 433 433 433 315 314 314 314 314 313 313 313 313 312 312 312 312 311 311 311 105 105
447 447 446 445 445 445 445 445 445 445 445 444 444 444 444 444 444 444 444 443 443 443 443 443 443 443 443 442 442 442 442 442 442 442 441 441 441 441 441 441 440 440 440 440 440 440 439 439 439 439 439 439 438 438 438 438 438 438 437 437 437 437 437 436 436 436 436 436 435 435 435 435 435 434 434 434 434 433 315 315 315 314 314 314 314 314 313 313 313 313 312 312 312 106 106 106
447 447 447 447 446 446 446 445 445 445 445 445 445 445 445 444 444 444 444 444 444 444 444 443 443 443 443 443 443 443 442 442 442 442 442 442 442 441 441 441 441 441 441 441 440 440 440 440 440 440 439 439 439 439 439 438 438 438 438 438 438 437 437 437 437 437 436 436 436 436 436 435 435 435 435 434 434 434 316 316 315 315 315 315 314 314 314 314 313 313 313 313 107 107 107 107
448 448 447 447 446 446 446 446 446 446 446 445 445 445 445 445 445 445 445 444 444 444 444 444 444 444 444 443 443 443 443 443 443 443 442 442 442 442 442 442 442 441 441 441 441 441 441 440 440 440 440 440 440 439 439 439 439 439 438 438 438 438 438 438 437 437 437 437 437 436 436 436 436 436 435 435 435 435 316 316 316 316 316 315 315 315 315 314 314 314 314 313 108 108 108 107
448 448 448 448 448 447 446 446 446 446 446 446 446 446 446 445 445 445 445 445 445 445 445 444 444 444 444 444 444 444 444 443 443 443 443 443 443 443 442 442 442 442 442 442 441 441 441 441 441 441 440 440 440 440 440 440 439 439 439 439 439 438 438 438 438 438 438 437 437 437 437 436 436 436 436 436 435 317 317 317 317 316 316 316 316 315 315 315 315 314 314 109 109 108 108 108
449 448 448 448 448 448 447 447 447 447 447 446 446 446 446 446 446 446 446 445 445 445 445 445 445 445 445 444 444 444 444 444 444 444 443 443 443 443 443 443 443 442 442 442 442 442 442 441 441 441 441 441 441 440 440 440 440 440 440 439 439 439 439 439 438 438 438 438 438 437 437 437 437 437 436 436 436 318 318 317 317 317 317 316 316 316 316 315 315 315 110 110 109 109 109 109
449 449 449 449 449 449 447 447 447 447 447 447 447 447 447 446 446 446 446 446 446 446 446 445 445 445 445 445 445 445 444 444 444 444 444 444 444 443 443 443 443 443 443 443 442 442 442 442 442 442 441 441 441 441 441 441 440 440 440 440 440 440 439 439 439 439 439 438 438 438 438 438 437 437 437 437 437 318 318 318 318 317 317 317 317 317 316 316 316 111 110 110 110 110 109 109
449 449 449 449 449 449 449 448 448 448 447 447 447 447 447 447 447 447 446 446 446 446 446 446 446 446 445 445 445 445 445 445 445 445 444 444 444 444 444 444 443 443 443 443 443 443 443 442 442 442 442 442 442 441 441 441 441 441 441 440 440 440 440 440 439 439 439 439 439 438 438 438 438 438 437 437 437 319 319 318 318 318 318 317 317 317 317 317 316 111 111 111 110 110 110 110
450 450 450 450 449 449 449 449 448 448 448 448 448 447 447 447 447 447 447 447 447 447 446 446 446 446 446 446 446 445 445 445 445 445 445 445 445 444 444 444 444 444 444 443 443 443 443 443 443 443 442 442 442 442 442 441 441 441 441 441 441 440 440 440 440 440 439 439 439 439 439 439 438 438 438 438 319 319 319 319 319 318 318 318 318 318 317 317 112 112 111 111 111 111 110 110
450 450 450 450 450 450 450 450 448 448 448 448 448 448 448 448 448 447 447 447 447 447 447 447 447 446 446 446 446 446 446 446 445 445 445 445 445 445 445 444 444 444 444 444 444 444 443 443 443 443 443 443 442 442 442 442 442 442 441 441 441 441 441 440 440 440 440 440 440 439 439 439 439 439 438 438 320 320 320 319 319 319 319 318 318 318 318 113 112 112 112 112 111 111 111 111
451 450 450 450 450 450 450 450 450 449 449 448 448 448 448 448 448 448 448 448 447 447 447 447 447 447 447 447 446 446 446 446 446 446 446 445 445 445 445 445 445 445 444 444 444 444 444 444 443 443 443 443 443 443 442 442 442 442 442 442 441 441 441 441 441 441 440 440 440 440 440 439 439 439 439 439 320 320 320 320 320 319 319 319 319 318 113 113 113 113 112 112 112 112 111 111
451 451 451 451 451 450 450 450 450 449 449 449 449 449 448 448 448 448 448 448 448 448 448 447 447 447 447 447 447 447 446 446 446 446 446 446 446 446 445 445 445 445 445 445 444 444 444 444 444 444 444 443 443 443 443 443 443 442 442 442 442 442 441 441 441 441 441 441 440 440 440 440 440 439 439 439 321 321 320 320 320 320 320 319 319 319 114 113 113 113 113 112 112 112 112 112
451 451 451 451 451 451 451 451 450 450 449 449 449 449 449 449 449 448 448 448 448 448 448 448 448 447 447 447 447 447 447 447 447 446 446 446 446 446 446 446 445 445 445 445 445 445 445 444 444 444 444 444 444 443 443 443 443 443 443 442 442 442 442 442 441 441 441 441 441 441 440 440 440 440 440 321 321 321 321 321 320 320 320 320 319 114 114 114 114 113 113 113 113 112 112 112
452 451 451 451 451 451 451 451 451 451 450 449 449 449 449 449 449 449 449 449 448 448 448 448 448 448 448 448 447 447 447 447 447 447 447 446 446 446 446 446 446 446 445 445 445 445 445 445 445 444 444 444 444 444 444 443 443 443 443 443 443 442 442 442 442 442 441 441 441 441 441 441 440 440 440 322 322 321 321 321 321 320 320 320 115 115 114 114 114 114 113 113 113 113 113 112
453 452 452 452 451 451 451 451 451 451 451 450 450 450 449 449 449 449 449 449 449 449 448 448 448 448 448 448 448 448 447 447 447 447 447 447 447 447 446 446 446 446 446 446 445 445 445 445 445 445 445 444 444 444 444 444 444 443 443 443 443 443 443 442 442 442 442 442 441 441 441 441 441 440 440 322 322 322 321 321 321 321 321 115 115 115 115 115 114 114 114 114 113 113 113 113
453 452 452 452 452 452 452 451 451 451 451 451 450 450 450 450 449 449 449 449 449 449 449 449 449 448 448 448 448 448 448 448 447 447 447 447 447 447 447 447 446 446 446 446 446 446 445 445 445 445 445 445 445 444 444 444 444 444 444 443 443 443 443 443 442 442 442 442 442 442 441 441 441 441 441 322 322 322 322 322 321 321 321 116 116 115 115 115 115 114 114 114 114 113 113 113
453 453 452 452 452 452 452 452 452 451 451 451 450 450 450 450 450 450 449 449 449 449 449 449 449 449 449 448 448 448 448 448 448 448 447 447 447 447 447 447 447 446 446 446 446 446 446 446 445 445 445 445 445 445 444 444 444 444 444 444 443 443 443 443 443 443 442 442 442 442 442 441 441 441 323 323 322 322 322 322 322 321 116 116 116 116 115 115 115 115 115 114 114 114 114 113
454 454 452 452 452 452 452 452 452 452 452 452 451 450 450 450 450 450 450 450 450 449 449 449 449 449 449 449 449 448 448 448 448 448 448 448 447 447 447 447 447 447 447 446 446 446 446 446 446 446 445 445 445 445 445 445 444 444 444 444 444 444 443 443 443 443 443 442 442 442 442 442 442 441 323 323 323 323 322 322 322 117 117 116 116 116 116 115 115 115 115 115 114 114 114 114
454 454 454 453 452 452 452 452 452 452 452 452 452 451 450 450 450 450 450 450 450 450 449 449 449 449 449 449 449 449 448 448 448 448 448 448 448 448 447 447 447 447 447 447 447 446 446 446 446 446 446 445 445 445 445 445 445 444 444 444 444 444 444 443 443 443 443 443 443 442 442 442 442 442 323 323 323 323 323 322 117 117 117 117 116 116 116 116 116 115 115 115 115 114 114 114
454 454 454 454 453 453 452 452 452 452 452 452 452 452 451 451 450 450 450 450 450 450 450 450 449 449 449 449 449 449 449 449 448 448 448 448 448 448 448 447 447 447 447 447 447 447 446 446 446 446 446 446 446 445 445 445 445 445 445 444 444 444 444 444 444 443 443 443 443 443 442 442 442 324 324 323 323 323 323 118 117 117 117 117 117 116 116 116 116 116 115 115 115 115 114 114
454 454 454 454 453 453 453 453 452 452 452 452 452 452 451 451 451 450 450 450 450 450 450 450 450 450 449 449 449 449 449 449 449 449 448 448 448 448 448 448 448 447 447 447 447 447 447 447 446 446 446 446 446 446 445 445 445 445 445 445 444 444 444 444 444 444 443 443 443 443 443 442 442 324 324 324 323 323 118 118 118 117 117 117 117 117 116 116 116 116 116 115 115 115 115 114
454 454 454 454 454 453 453 453 453 453 452 452 452 452 452 451 451 451 451 450 450 450 450 450 450 450 450 449 449 449 449 449 449 449 449 448 448 448 448 448 448 448 447 447 447 447 447 447 447 446 446 446 446 446 446 445 445 445 445 445 445 444 444 444 444 444 444 443 443 443 443 443 442 324 324 324 324 323 118 118 118 118 117 117 117 117 117 116 116 116 116 116 115 115 115 115
455 454 454 454 454 453 453 453 453 453 453 452 452 452 452 451 451 451 451 451 450 450 450 450 450 450 450 450 449 449 449 449 449 449 449 449 448 448 448 448 448 448 448 447 447 447 447 447 447 447 446 446 446 446 446 446 445 445 445 445 445 445 444 444 444 444 444 444 443 443 443 443 443 324 324 324 324 119 118 118 118 118 118 117 117 117 117 117 116 116 116 116 115 115 115 115
455 455 455 454 454 454 453 453 453 453 453 453 452 452 452 452 451 451 451 451 451 450 450 450 450 450 450 450 450 450 449 449 449 449 449 449 449 448 448 448 448 448 448 448 447 447 447 447 447 447 447 446 446 446 446 446 446 445 445 445 445 445 445 444 444 444 444 444 444 443 443 443 325 325 324 324 119 119 119 118 118 118 118 118 117 117 117 117 117 116 116 116 116 115 115 115
455 455 455 455 454 454 453 453 453 453 453 453 453 453 452 452 451 451 451 451 451 451 450 450 450 450 450 450 450 450 450 449 449 449 449 449 449 449 448 448 448 448 448 448 448 447 447 447 447 447 447 447 446 446 446 446 446 446 445 445 445 445 445 445 444 444 444 444 444 443 443 443 325 325 325 119 119 119 119 119 118 118 118 118 118 117 117 117 117 116 116 116 116 116 115 115
455 455 455 455 455 454 454 453 453 453 453 453 453 453 453 452 452 451 451 451 451 451 451 450 450 450 450 450 450 450 450 449 449 449 449 449 449 449 449 448 448 448 448 448 448 448 447 447 447 447 447 447 446 446 446 446 446 446 446 445 445 445 445 445 444 444 444 444 444 444 443 443 325 325 120 119 119 119 119 119 118 118 118 118 118 117 117 117 117 117 116 116 116 116 115 115
455 455 455 455 455 455 454 453 453 453 453 453 453 453 453 452 452 451 451 451 451 451 451 451 450 450 450 450 450 450 450 450 449 449 449 449 449 449 449 449 448 448 448 448 448 448 448 447 447 447 447 447 447 446 446 446 446 446 446 445 445 445 445 445 445 444 444 444 444 444 444 325 325 120 120 120 119 119 119 119 119 118 118 118 118 118 117 117 117 117 116 116 116 116 116 115
455 455 455 455 455 455 455 454 453 453 453 453 453 453 453 453 452 451 451 451 451 451 451 451 451 450 450 450 450 450 450 450 450 449 449 449 449 449 449 449 448 448 448 448 448 448 448 447 447 447 447 447 447 447 446 446 446 446 446 446 445 445 445 445 445 445 444 444 444 444 444 325 325 120 120 120 119 119 119 119 119 118 118 118 118 118 117 117 117 117 117 116 116 116 116 115
455 455 455 455 455 455 455 454 453 453 453 453 453 453 453 453 453 452 451 451 451 451 451 451 451 450 450 450 450 450 450 450 450 449 449 449 449 449 449 449 449 448 448 448 448 448 448 447 447 447 447 447 447 447 446 446 446 446 446 446 445 445 445 445 445 445 444 444 444 444 444 325 120 120 120 120 120 119 119 119 119 119 118 118 118 118 118 117 117 117 117 116 116 116 116 116
455 455 455 455 455 455 455 455 454 453 453 453 453 453 453 453 453 452 451 451 451 451 451 451 451 451 450 450 450 450 450 450 450 450 449 449 449 449 449 449 449 448 448 448 448 448 448 448 447 447 447 447 447 447 446 446 446 446 446 446 445 445 445 445 445 445 444 444 444 444 444 121 120 120 120 120 120 119 119 119 119 119 118 118 118 118 118 117 117 117 117 116 116 116 116 116
455 455 455 455 455 455 455 455 454 453 453 453 453 453 453 453 453 452 452 451 451 451 451 451 451 451 450 450 450 450 450 450 450 450 449 449 449 449 449 449 449 448 448 448 448 448 448 448 447 447 447 447 447 447 446 446 446 446 446 446 445 445 445 445 445 445 444 444 444 444 121 121 120 120 120 120 120 119 119 119 119 119 118 118 118 118 118 117 117 117 117 117 116 116 117 117
455 455 455 455 455 455 455 455 454 454 453 453 453 453 453 453 453 452 452 451 451 451 451 451 451 451 450 450 450 450 450 450 450 450 449 449 449 449 449 449 449 448 448 448 448 448 448 448 447 447 447 447 447 447 446 446 446 446 446 446 446 445 445 445 445 445 444 444 444 239 121 121 120 120 120 120 120 119 119 119 119 119 118 118 118 118 118 117 117 117 118 118 117 117 117 117
455 455 455 455 455 455 455 455 454 454 453 453 453 453 453 453 453 452 452 452 451 451 451 451 451 451 450 450 450 450 450 450 450 450 449 449 449 449 449 449 449 448 448 448 448 448 448 448 447 447 447 447 447 447 446 446 446 446 446 446 445 445 445 445 445 445 444 444 239 239 121 121 120 120 120 120 120 119 119 119 119 119 118 118 118 118 118 118 118 118 118 118 117 117 117 117
455 455 455 455 455 455 455 455 454 454 454 453 453 453 453 453 453 452 452 452 451 451 451 451 451 451 450 450 450 450 450 450 450 450 449 449 449 449 449 449 449 448 448 448 448 448 448 448 447 447 447 447 447 447 446 446 446 446 446 446 445 445 445 445 445 445 444 239 239 121 121 121 120 120 120 120 120 119 119 119 119 119 118 119 119 119 119 118 118 118 118 117 117 117 117 117
456 455 455 455 455 455 455 454 454 454 454 453 453 453 453 453 453 452 452 452 451 451 451 451 451 450 450 450 450 450 450 450 450 449 449 449 449 449 449 449 449 448 448 448 448 448 448 447 447 447 447 447 447 447 446 446 446 446 446 446 445 445 445 445 445 445 444 239 239 121 121 120 120 120 120 120 120 119 119 119 120 120 119 119 119 119 119 118 118 118 118 117 117 117 117 117
456 455 455 455 455 455 455 454 454 454 454 454 453 453 453 453 452 452 452 452 452 451 451 451 451 450 450 450 450 450 450 450 450 449 449 449 449 449 449 449 448 448 448 448 448 448 448 447 447 447 447 447 447 447 446 446 446 446 446 446 445 445 445 445 445 445 239 239 239 121 121 120 120 120 120 120 120 120 120 120 120 119 119 119 119 119 118 118 118 118 118 117 117 117 117 116
456 456 455 455 455 455 454 454 454 454 454 454 453 453 453 452 452 452 452 452 452 451 451 451 450 450 450 450 450 450 450 450 449 449 449 449 449 449 449 449 448 448 448 448 448 448 448 447 447 447 447 447 447 446 446 446 446 446 446 445 445 445 445 445 445 239 239 239 121 121 121 120 120 121 121 121 120 120 120 120 120 119 119 119 119 119 118 118 118 118 117 117 117 117 117 116
456 456 455 455 455 454 454 454 454 454 454 454 454 453 453 452 452 452 452 452 452 452 451 450 450 450 450 450 450 450 450 449 449 449 449 449 449 449 449 448 448 448 448 448 448 448 447 447 447 447 447 447 446 446 446 446 446 446 446 445 445 445 445 445 239 239 239 239 121 121 121 121 121 121 121 120 120 120 120 120 119 119 119 119 119 118 118 118 118 118 117 117 117 117 116 116
456 456 456 455 454 454 454 454 454 454 454 454 454 453 452 452 452 452 452 452 452 452 450 450 450 450 450 450 450 450 450 449 449 449 449 449 449 449 448 448 448 448 448 448 448 447 447 447 447 447 447 447 446 446 446 446 446 446 445 445 445 445 445 240 239 239 239 240 122 121 121 121 121 121 121 120 120 120 120 120 119 119 119 119 119 118 118 118 118 117 117 117 117 117 116 116
456 456 456 454 454 454 454 454 454 454 454 454 453 453 452 452 452 452 452 452 452 451 450 450 450 450 450 450 450 450 449 449 449 449 449 449 449 448 448 448 448 448 448 448 447 447 447 447 447 447 447 446 446 446 446 446 446 445 445 445 445 445 240 239 240 240 240 122 122 121 121 121 121 121 120 120 120 120 120 119 119 119 119 119 118 118 118 118 118 117 117 117 117 116 116 116
456 455 455 455 454 454 454 454 454 454 454 453 453 453 452 452 452 452 452 452 451 451 451 450 450 450 450 450 449 449 449 449 449 449 449 449 448 448 448 448 448 448 448 447 447 447 447 447 447 447 446 446 446 446 446 446 445 445 445 445 445 241 240 240 240 240 240 122 121 121 121 121 121 120 120 120 120 120 119 119 119 119 119 118 118 118 118 118 117 117 117 117 116 116 116 116
455 455 455 455 454 454 454 454 454 454 453 453 453 453 452 452 452 452 452 451 451 451 451 450 450 450 450 449 449 449 449 449 449 449 449 448 448 448 448 448 448 448 447 447 447 447 447 447 447 446 446 446 446 446 446 445 445 445 446 446 241 240 240 240 240 240 240 121 121 121 121 121 120 120 120 120 120 119 119 119 119 119 118 118 118 118 118 117 117 117 117 117 116 116 116 116
455 455 455 455 455 454 454 454 453 453 453 453 453 453 453 452 452 451 451 451 451 451 451 451 450 450 449 449 449 449 449 449 449 449 448 448 448 448 448 448 448 447 447 447 447 447 447 447 446 446 446 446 446 446 445 446 446 446 446 241 240 240 240 240 240 240 121 121 121 121 121 120 120 120 120 120 119 119 119 119 119 118 118 118 118 118 117 117 117 117 117 116 116 116 116 115
455 455 455 455 455 454 453 453 453 453 453 453 453 453 453 452 451 451 451 451 451 451 451 451 449 449 449 449 449 449 449 449 448 448 448 448 448 448 448 447 447 447 447 447 447 447 446 446 446 446 446 446 446 446 446 446 446 446 241 240 240 240 240 240 240 239 121 121 121 121 120 120 120 120 120 119 119 119 119 119 118 118 118 118 118 117 117 117 117 117 116 116 116 116 115 115
455 455 455 455 454 454 453 453 453 453 453 453 453 453 452 452 451 451 451 451 451 451 450 450 449 449 449 449 449 449 448 448 448 448 448 448 448 448 447 447 447 447 447 447 447 446 446 446 446 446 447 446 446 446 446 446 446 240 240 240 240 240 240 239 239 239 121 121 121 120 120 120 120 120 119 119 119 119 119 118 118 118 118 118 117 117 117 117 117 116 116 116 116 115 115 115
455 455 454 454 454 454 453 453 453 453 453 453 452 452 452 452 451 451 451 451 451 450 450 450 450 449 449 449 449 448 448 448 448 448 448 448 447 447 447 447 447 447 447 446 446 446 446 447 447 447 446 446 446 446 446 446 445 240 240 240 240 240 239 239 239 121 121 120 120 120 120 120 120 119 119 119 119 119 118 118 118 118 118 117 117 117 117 116 116 116 116 116 115 115 115 115
454 454 454 454 454 454 454 453 453 452 452 452 452 452 452 452 451 451 450 450 450 450 450 450 450 449 449 448 448 448 448 448 448 448 447 447 447 447 447 447 447 446 446 446 446 447 447 447 446 446 446 446 446 446 445 445 240 240 240 240 239 239 239 239 239 121 120 120 120 120 120 119 119 119 119 119 118 118 118 118 118 117 117 117 117 117 116 116 116 116 116 115 115 115 115 114
