testData/tiles/oneDegree/grid42.0-21.0-43.0-22.0.asc
ncols   200
nrows   200
xllcorner   42.0
yllcorner   21.0
cellsize   0.005
NODATA_value   -9999.0
[rows 0 to 41 of 200, columns 0 to 93 of 200]
713 713 713 713 713 713 713 713 713 500 500 500 500 500 500 500 500 500 500 500 500 500 500 500 500 500 500 500 500 500 500 500 500 500 500 500 500 500 500 500 500 500 500 500 500 500 500 500 500 500 500 500 500 500 500 500 500 500 500 500 500 500 500 500 500 500 500 500 500 500 500 500 500 500 500 500 500 500 500 606 606 606 606 606 606 536 536 536 536 536 536 536 536 536
713 713 713 713 713 713 713 713 713 713 500 500 500 500 500 500 500 500 500 500 500 500 500 500 500 500 500 500 500 500 500 500 500 500 500 500 500 500 500 500 500 500 500 500 500 500 500 500 500 500 500 500 500 500 500 500 500 500 500 500 500 500 500 500 500 500 500 500 500 500 500 500 500 500 500 500 500 500 500 606 606 606 606 606 606 536 536 536 536 536 536 536 536 536
713 713 713 713 713 713 713 713 713 713 500 500 500 500 500 500 500 500 500 500 500 500 500 500 500 500 500 500 500 500 500 500 500 500 500 500 500 500 500 500 500 500 500 500 500 500 500 500 500 500 500 500 500 500 500 500 500 500 500 500 500 500 500 500 500 500 500 500 500 500 500 500 500 500 500 500 500 500 606 606 606 606 606 606 536 536 536 536 536 536 536 536 536 536
713 713 713 713 713 713 713 713 713 713 713 500 500 500 500 500 500 500 500 500 500 500 500 500 500 500 500 500 500 500 500 500 500 500 500 500 500 500 500 500 500 500 500 500 500 500 500 500 500 500 500 500 500 500 500 500 500 500 500 500 500 500 500 500 500 500 500 500 500 500 500 500 500 500 500 500 500 606 606 606 606 606 606 606 536 536 536 536 536 536 536 536 536 536
713 713 713 713 713 713 713 713 713 713 713 713 500 500 500 500 500 500 500 500 500 500 500 500 500 500 500 500 500 500 500 500 500 500 500 500 500 500 500 500 500 500 500 500 500 500 500 500 500 500 500 500 500 500 500 500 500 500 500 500 500 500 500 500 500 500 500 500 500 500 500 500 500 500 500 500 606 606 606 606 606 606 606 606 536 536 536 536 536 536 536 536 536 536
713 713 713 713 713 713 713 713 713 713 713 713 500 500 500 500 500 500 500 500 500 500 500 500 500 500 500 500 500 500 500 500 500 500 500 500 500 500 500 500 500 500 500 500 500 500 500 500 500 500 500 500 500 500 500 500 500 500 500 500 500 500 500 500 500 500 500 500 500 500 500 500 500 500 500 606 606 606 606 606 606 606 606 606 536 536 536 536 536 536 536 536 536 536
713 713 713 713 713 713 713 713 713 713 713 713 713 500 500 500 500 500 500 500 500 500 500 500 500 500 500 500 500 500 500 500 500 500 500 500 500 500 500 500 500 500 500 500 500 500 500 500 500 500 500 500 500 500 500 500 500 500 500 500 500 500 500 500 500 500 500 500 500 500 500 500 500 500 500 606 606 606 606 606 606 606 606 536 536 536 536 536 536 536 536 536 536 536
713 713 713 713 713 713 713 713 713 713 713 713 713 500 500 500 500 500 500 500 500 500 500 500 500 500 500 500 500 500 500 500 500 500 500 500 500 500 500 500 500 500 500 500 500 500 500 500 500 500 500 500 500 500 500 500 500 500 500 500 500 500 500 500 500 500 500 500 500 500 500 500 500 500 606 606 606 606 606 606 606 606 606 536 536 536 536 536 536 536 536 536 536 536
713 713 713 713 713 713 713 713 713 713 713 713 713 713 500 500 500 500 500 500 500 500 500 500 500 500 500 500 500 500 500 500 500 500 500 500 500 500 500 500 500 500 500 500 500 500 500 500 500 500 500 500 500 500 500 500 500 500 500 500 500 500 500 500 500 500 500 500 500 500 500 500 500 606 606 606 606 606 606 606 606 606 606 536 536 536 536 536 536 536 536 536 536 536
713 713 713 713 713 713 713 713 713 713 713 713 713 713 500 500 500 500 500 500 500 500 500 500 500 500 500 500 500 500 500 500 500 500 500 500 500 500 500 500 500 500 500 500 500 500 500 500 500 500 500 500 500 500 500 500 500 500 500 500 500 500 500 500 500 500 500 500 500 500 500 500 606 606 606 606 606 606 606 606 606 606 606 536 536 536 536 536 536 536 536 536 536 536
713 713 713 713 713 713 713 713 713 713 713 713 713 713 713 500 500 500 500 500 500 500 500 500 500 500 500 500 500 500 500 500 500 500 500 500 500 500 500 500 500 500 500 500 500 500 500 500 500 500 500 500 500 500 500 500 500 500 500 500 500 500 500 500 500 500 500 500 500 500 500 500 606 606 606 606 606 606 606 606 606 606 536 536 536 536 536 536 536 536 536 536 536 536
713 713 713 713 713 713 713 713 713 713 713 713 713 713 713 500 500 500 500 500 500 500 500 500 500 500 500 500 500 500 500 500 500 500 500 500 500 500 500 500 500 500 500 500 500 500 500 500 500 500 500 500 500 500 500 500 500 500 500 500 500 500 500 500 500 500 500 500 500 500 500 606 606 606 606 606 606 606 606 606 606 606 536 536 536 536 536 536 536 536 536 536 536 536
713 713 713 713 713 713 713 713 713 713 713 713 713 713 713 713 500 500 500 500 500 500 500 500 500 500 500 500 500 500 500 500 500 500 500 500 500 500 500 500 500 500 500 500 500 500 500 500 500 500 500 500 500 500 500 500 500 500 500 500 500 500 500 500 500 500 500 500 500 500 606 606 606 606 606 606 606 606 608 606 606 606 536 536 536 536 536 536 536 536 536 536 536 536
713 713 713 713 713 713 713 713 713 713 713 713 713 713 713 713 713 500 500 500 500 500 500 500 500 500 500 500 500 500 500 500 500 500 500 500 500 500 500 500 500 500 500 502 502 502 502 502 502 502 502 503 503 503 503 503 503 503 504 504 504 504 504 504 504 504 504 504 504 610 610 610 610 610 610 610 610 610 610 610 610 540 540 540 540 540 540 540 540 540 540 540 540 540
713 713 713 713 713 713 713 713 713 713 713 713 713 713 713 713 713 500 500 500 500 500 500 500 500 500 500 500 500 502 502 502 502 502 503 503 503 503 504 504 504 504 504 504 504 505 505 505 505 505 505 505 505 505 506 506 506 506 506 506 506 506 506 506 506 506 506 506 506 612 612 612 612 612 612 612 612 612 612 612 612 542 542 542 542 542 542 542 542 542 542 542 542 542
713 713 713 713 713 713 713 713 713 713 713 713 713 713 713 713 713 713 502 502 502 502 503 503 503 503 504 504 504 504 505 505 505 505 505 505 506 506 506 506 506 506 506 506 506 507 507 507 507 507 507 507 507 507 507 507 507 507 507 507 507 508 508 508 508 508 508 508 614 614 614 614 614 614 614 614 614 614 614 614 614 544 544 544 544 544 544 544 544 544 544 544 544 544
713 713 713 713 713 713 713 713 713 715 715 715 715 716 716 716 717 717 504 505 505 505 505 505 506 506 506 506 506 506 506 507 507 507 507 507 507 507 507 507 508 508 508 508 508 508 508 508 508 508 508 508 508 508 509 509 509 509 509 509 509 509 509 509 509 509 509 615 615 615 615 615 615 615 615 615 615 615 615 615 615 545 545 545 545 545 545 545 545 545 545 545 545 545
713 715 715 715 715 716 716 717 717 717 718 718 718 718 718 719 719 719 719 506 507 507 507 507 507 507 507 508 508 508 508 508 508 508 508 508 508 509 509 509 509 509 509 509 509 509 509 509 509 509 509 510 510 510 510 510 510 510 510 510 510 510 510 510 510 510 616 616 616 616 616 616 616 616 616 616 616 616 616 616 546 546 546 546 546 546 546 546 546 546 546 546 546 546
717 717 717 718 718 718 718 719 719 719 719 720 720 720 720 720 720 721 721 508 508 508 508 508 508 509 509 509 509 509 509 509 509 509 509 510 510 510 510 510 510 510 510 510 510 510 510 510 510 510 510 511 511 511 511 511 511 511 511 511 511 511 511 511 511 511 617 617 617 617 617 617 617 617 617 617 617 617 617 617 547 547 547 547 547 547 547 547 547 547 547 547 547 547
719 719 719 719 720 720 720 720 720 721 721 721 721 721 721 721 722 722 722 722 509 509 509 509 510 510 510 510 510 510 510 510 510 510 510 511 511 511 511 511 511 511 511 511 511 511 511 511 511 511 511 511 511 512 512 512 512 512 512 512 512 512 512 512 512 618 618 618 618 618 618 618 618 618 618 618 618 618 618 618 548 548 548 548 548 548 548 548 548 548 548 548 548 548
720 720 721 721 721 721 721 721 722 722 722 722 722 722 722 723 723 723 723 723 510 510 510 510 511 511 511 511 511 511 511 511 511 511 511 511 511 512 512 512 512 512 512 512 512 512 512 512 512 512 512 512 512 512 512 512 512 513 513 513 513 513 513 513 619 619 619 619 619 619 619 619 619 619 619 619 619 619 619 549 549 549 549 549 549 549 549 549 549 549 549 549 549 549
721 722 722 722 722 722 722 723 723 723 723 723 723 723 723 724 724 724 724 724 724 511 511 511 511 511 512 512 512 512 512 512 512 512 512 512 512 512 512 512 513 513 513 513 513 513 513 513 513 513 513 513 513 513 513 513 513 513 513 513 513 513 513 513 619 619 619 619 619 620 620 620 620 620 620 620 620 620 620 550 550 550 550 550 550 550 550 550 549 549 549 549 549 549
722 723 723 723 723 723 723 723 724 724 724 724 724 724 724 724 724 725 725 725 725 512 512 512 512 512 512 512 513 513 513 513 513 513 513 513 513 513 513 513 513 513 513 513 513 514 514 514 514 514 514 514 514 514 514 514 514 514 514 514 514 514 514 620 620 620 620 620 620 620 620 620 620 620 620 620 620 620 620 550 550 550 550 550 550 550 550 550 550 550 550 550 550 550
723 724 724 724 724 724 724 724 724 725 725 725 725 725 725 725 725 725 725 726 726 726 513 513 513 513 513 513 513 513 513 513 513 514 514 514 514 514 514 514 514 514 514 514 514 514 514 514 514 514 514 514 514 514 515 515 515 515 515 515 515 515 621 621 621 621 621 621 621 621 621 621 621 621 621 621 621 621 551 551 551 551 551 551 551 551 551 551 551 551 551 551 551 551
724 724 724 725 725 725 725 725 725 725 725 725 726 726 726 726 726 726 726 726 726 726 513 514 514 514 514 514 514 514 514 514 514 514 514 514 514 514 514 515 515 515 515 515 515 515 515 515 515 515 515 515 515 515 515 515 515 515 515 515 515 621 621 621 621 621 621 621 621 621 621 621 621 621 621 621 621 621 551 551 551 551 551 551 551 551 551 551 551 551 551 551 551 551
725 725 725 725 725 726 726 726 726 726 726 726 726 726 726 727 727 727 727 727 727 727 727 514 514 514 514 514 515 515 515 515 515 515 515 515 515 515 515 515 515 515 515 515 515 515 515 515 516 516 516 516 516 516 516 516 516 516 516 516 516 622 622 622 622 622 622 622 622 622 622 622 622 622 622 622 622 622 552 552 552 552 552 552 552 552 552 552 552 552 552 552 552 545
726 726 726 726 726 726 726 726 727 727 727 727 727 727 727 727 727 727 727 727 728 728 728 515 515 515 515 515 515 515 515 515 515 515 515 515 516 516 516 516 516 516 516 516 516 516 516 516 516 516 516 516 516 516 516 516 516 516 516 516 622 622 622 622 622 622 622 622 623 623 623 623 623 623 623 623 623 623 553 553 553 553 553 553 553 553 553 553 553 552 552 552 552 545
726 726 727 727 727 727 727 727 727 727 727 727 727 728 728 728 728 728 728 728 728 728 728 728 515 515 516 516 516 516 516 516 516 516 516 516 516 516 516 516 516 516 516 516 516 516 516 517 517 517 517 517 517 517 517 517 517 517 517 623 623 623 623 623 623 623 623 623 623 623 623 623 623 623 623 623 623 553 553 553 553 553 553 553 553 553 553 553 553 553 553 553 553 546
727 727 727 727 727 727 728 728 728 728 728 728 728 728 728 728 728 728 728 729 729 729 729 729 516 516 516 516 516 516 516 516 516 516 516 517 517 517 517 517 517 517 517 517 517 517 517 517 517 517 517 517 517 517 517 517 517 517 517 623 623 623 623 623 623 623 623 623 623 623 624 624 624 624 624 624 624 554 554 554 554 554 554 554 554 554 554 553 553 553 553 553 553 546
727 728 728 728 728 728 728 728 728 728 728 728 729 729 729 729 729 729 729 729 729 729 729 729 729 516 517 517 517 517 517 517 517 517 517 517 517 517 517 517 517 517 517 517 517 517 517 517 518 518 518 518 518 518 518 518 518 518 624 624 624 624 624 624 624 624 624 624 624 624 624 624 624 624 624 624 624 554 554 554 554 554 554 554 554 554 554 554 554 554 554 554 547 547
728 728 728 728 728 728 729 729 729 729 729 729 729 729 729 729 729 729 729 730 730 730 730 730 730 517 517 517 517 517 517 517 517 517 517 517 517 518 518 518 518 518 518 518 518 518 518 518 518 518 518 518 518 518 518 518 518 518 624 624 624 624 624 624 624 624 624 624 624 624 624 624 624 624 624 624 554 554 554 554 554 554 554 554 554 554 554 554 554 554 554 554 547 547
728 729 729 729 729 729 729 729 729 729 729 729 730 730 730 730 730 730 730 730 730 730 730 730 730 517 517 517 518 518 518 518 518 518 518 518 518 518 518 518 518 518 518 518 518 518 518 518 518 518 518 518 518 519 519 519 519 625 625 625 625 625 625 625 625 625 625 625 625 625 625 625 625 625 625 625 555 555 555 555 555 555 555 555 555 555 555 555 555 555 555 555 548 548
729 729 729 729 729 729 729 730 730 730 730 730 730 730 730 730 730 730 730 730 730 731 731 731 731 731 518 518 518 518 518 518 518 518 518 518 518 518 518 518 518 519 519 519 519 519 519 519 519 519 519 519 519 519 519 519 625 625 625 625 625 625 625 625 625 625 625 625 625 625 625 625 625 625 625 625 555 555 555 555 555 555 555 555 555 555 555 555 555 555 555 555 548 548
729 729 730 730 730 730 730 730 730 730 730 730 730 730 730 731 731 731 731 731 731 731 731 731 731 731 518 518 518 518 518 518 519 519 519 519 519 519 519 519 519 519 519 519 519 519 519 519 519 519 519 519 519 519 519 519 625 625 625 625 625 625 625 625 625 625 626 626 626 626 626 626 626 626 626 556 556 556 556 556 556 556 556 556 556 556 556 556 556 556 556 548 548 548
730 730 730 730 730 730 730 730 730 731 731 731 731 731 731 731 731 731 731 731 731 731 731 731 731 732 732 519 519 519 519 519 519 519 519 519 519 519 519 519 519 519 519 519 519 519 519 519 519 520 520 520 520 520 520 626 626 626 626 626 626 626 626 626 626 626 626 626 626 626 626 626 626 626 626 556 556 556 556 556 556 556 556 556 556 556 556 556 556 556 556 549 549 549
730 730 730 730 731 731 731 731 731 731 731 731 731 731 731 731 731 731 732 732 732 732 732 732 732 732 732 519 519 519 519 519 519 519 519 519 519 519 519 520 520 520 520 520 520 520 520 520 520 520 520 520 520 520 626 626 626 626 626 626 626 626 626 626 626 626 626 626 626 626 626 626 626 626 626 556 556 556 556 556 556 556 556 556 556 556 556 556 556 556 556 549 549 549
615 615 731 731 731 731 731 731 731 731 731 731 731 732 732 732 732 732 732 732 732 732 732 732 732 732 732 732 519 519 519 520 520 520 520 520 520 520 520 520 520 520 520 520 520 520 520 520 520 520 520 520 520 520 626 626 626 626 626 626 626 626 626 626 626 626 627 627 627 627 627 627 627 627 557 557 557 557 557 557 557 557 557 557 557 557 557 557 557 557 550 549 549 549
615 615 615 615 731 731 731 731 732 732 732 732 732 732 732 732 732 732 732 732 732 732 732 732 733 733 733 733 520 520 520 520 520 520 520 520 520 520 520 520 520 520 520 520 520 520 520 520 520 520 521 521 521 627 627 627 627 627 627 627 627 627 627 627 627 627 627 627 627 627 627 627 627 627 557 557 557 557 557 557 557 557 557 557 557 557 557 557 557 557 550 550 550 550
615 615 615 615 616 616 732 732 732 732 732 732 732 732 732 732 732 732 732 733 733 733 733 733 733 733 733 733 733 520 520 520 520 520 520 520 520 520 520 520 520 521 521 521 521 521 521 521 521 521 521 521 627 627 627 627 627 627 627 627 627 627 627 627 627 627 627 627 627 627 627 627 627 627 557 557 557 557 557 557 557 557 557 557 557 557 557 557 557 557 550 550 550 550
616 616 616 616 616 616 616 616 616 732 732 732 732 732 733 733 733 733 733 733 733 733 733 733 733 733 733 733 733 520 520 520 520 521 521 521 521 521 521 521 521 521 521 521 521 521 521 521 521 521 521 521 627 627 627 627 627 627 627 627 627 627 627 627 627 627 627 627 627 627 627 627 627 557 557 557 557 557 557 557 557 557 557 557 557 557 557 557 557 550 550 550 550 550
616 616 616 616 616 616 616 616 616 617 617 733 733 733 733 733 733 733 733 733 733 733 733 733 733 733 733 734 734 521 521 521 521 521 521 521 521 521 521 521 521 521 521 521 521 521 521 521 521 521 521 627 627 627 627 627 627 627 628 628 628 628 628 628 628 628 628 628 628 628 628 628 628 558 558 558 558 558 558 558 558 558 558 558 558 558 558 558 558 551 551 551 551 551
616 616 616 616 616 616 617 617 617 617 617 617 617 733 733 733 733 733 733 733 733 733 734 734 734 734 734 734 734 734 521 521 521 521 521 521 521 521 521 521 521 521 521 521 521 521 521 522 522 522 522 628 628 628 628 628 628 628 628 628 628 628 628 628 628 628 628 628 628 628 628 628 558 558 558 558 558 558 558 558 558 558 558 558 558 558 558 558 558 551 551 551 551 551
