testData/tiles/oneDegree/grid18.0-1.0-19.0-2.0.asc
ncols   200
nrows   200
xllcorner   18.0
yllcorner   1.0
cellsize   0.005
NODATA_value   -9999.0
[rows 126 to 167 of 200, columns 0 to 93 of 200]
246 245 245 244 244 262 262 260 260 259 259 258 258 257 257 256 255 254 254 253 253 252 252 251 251 249 249 248 248 247 247 246 246 244 244 243 243 242 241 405 404 403 403 402 402 401 401 399 399 398 398 397 397 396 395 394 394 393 393 392 391 390 390 389 389 388 388 385 511 511 510 510 508 508 507 507 506 506 504 504 503 503 502 502 500 500 499 498 498 496 496 570 571 572
246 245 245 245 244 244 243 261 260 260 259 259 258 258 257 257 255 255 254 254 253 253 252 252 250 250 249 249 248 248 247 247 245 245 244 244 243 243 242 405 404 404 403 403 402 402 400 400 399 399 398 398 397 396 395 395 394 393 393 392 391 390 390 389 389 388 387 386 385 511 511 510 509 508 508 507 507 506 505 504 503 503 502 501 500 500 499 499 497 497 496 496 570 572
246 246 245 245 244 244 242 242 241 260 259 259 258 258 258 256 256 255 255 254 254 253 253 251 251 250 250 249 249 248 248 246 246 245 245 244 244 243 243 406 405 404 403 403 402 402 400 400 399 399 398 398 397 396 395 395 394 394 393 392 391 391 390 390 389 388 387 387 386 512 511 509 509 508 508 507 507 505 505 504 504 503 503 501 501 500 500 499 498 497 496 496 494 493
247 246 246 245 245 243 243 242 242 241 241 259 259 258 257 256 256 255 255 254 254 253 252 251 251 250 250 249 249 248 247 246 246 245 245 244 244 243 407 406 406 405 404 403 403 401 401 400 400 399 399 398 397 396 396 395 395 394 393 392 392 391 390 390 389 388 387 387 386 386 511 510 509 509 508 508 506 506 505 505 504 504 502 501 501 500 500 498 498 497 497 496 495 493
247 247 246 246 244 244 243 243 242 242 241 241 240 239 257 257 256 256 255 255 254 254 252 252 251 251 250 250 249 249 247 247 246 246 245 245 244 243 407 407 406 406 405 405 402 402 401 401 400 400 399 398 397 396 396 395 395 394 393 392 392 391 391 390 389 388 388 387 387 386 385 510 510 509 509 508 506 506 505 505 504 503 502 502 501 501 500 499 498 498 497 497 495 493
247 247 246 245 244 244 243 243 242 242 242 241 240 239 239 238 257 256 256 255 255 253 253 252 252 251 251 250 250 248 248 247 247 246 246 245 244 243 407 407 406 406 405 405 403 402 401 401 400 400 399 398 397 397 396 396 395 394 393 393 392 392 391 390 389 389 388 387 387 385 385 510 510 509 509 507 507 506 506 505 505 503 503 502 502 501 499 499 498 498 497 496 495 495
248 247 246 245 245 244 244 243 243 242 242 240 240 239 239 238 238 237 256 255 254 253 253 252 252 251 251 250 249 248 248 247 247 246 246 245 244 408 408 407 407 406 406 404 404 403 402 401 401 400 399 398 398 397 397 396 395 394 393 393 392 392 391 390 389 389 388 388 387 386 385 385 510 510 509 508 507 507 506 505 504 503 503 502 502 501 500 499 499 498 498 496 496 495
248 247 246 246 245 245 244 244 243 243 242 241 240 240 239 239 238 238 237 236 235 254 253 253 252 252 251 250 249 249 248 248 247 247 246 245 244 409 408 408 407 407 405 405 404 404 403 401 401 399 399 398 398 397 397 396 395 394 394 393 393 392 391 390 390 389 389 388 387 386 385 385 511 510 508 508 507 507 506 506 504 504 503 503 502 501 500 499 499 498 497 496 496 495
247 247 246 246 246 245 245 244 244 243 242 241 241 240 240 239 239 238 237 236 236 235 235 253 253 252 252 250 250 249 249 248 248 247 245 245 244 409 408 408 407 407 405 405 404 404 403 403 401 400 399 399 398 398 397 396 395 395 394 394 393 392 391 390 390 389 389 388 387 386 386 385 385 509 509 508 508 507 507 505 504 504 503 503 501 501 500 500 499 499 497 497 496 496
248 247 247 246 246 245 245 244 244 242 242 241 241 240 240 239 239 238 237 236 236 235 235 234 234 233 251 250 250 249 249 248 248 246 246 245 410 409 409 408 408 406 406 405 405 404 404 403 402 401 400 399 399 398 396 396 395 395 394 394 393 392 391 391 390 390 389 388 387 387 386 386 385 383 509 508 508 507 506 505 505 504 504 503 502 501 501 500 499 498 497 497 496 496
248 248 247 247 246 246 245 245 243 243 242 242 241 241 240 240 239 238 237 237 236 236 235 235 234 233 232 232 250 250 249 249 248 247 246 246 410 410 409 409 407 407 406 405 405 404 404 402 402 401 401 399 399 398 397 396 396 395 395 394 393 392 392 391 391 390 388 388 387 387 386 386 384 384 510 509 508 508 506 506 505 505 504 502 502 501 501 500 499 498 498 497 497 496
249 248 248 247 247 246 246 244 244 243 243 242 242 241 241 240 239 238 238 237 237 236 236 235 234 233 233 232 232 231 230 249 247 247 246 246 410 410 409 408 407 407 406 406 405 405 403 403 402 402 401 401 399 398 397 397 396 396 395 393 393 392 392 391 391 390 389 388 388 387 387 386 385 384 384 509 508 507 506 506 505 505 504 503 502 502 501 501 499 499 498 497 497 495
249 248 248 247 247 247 246 245 245 244 244 243 243 242 241 239 239 238 238 237 237 236 236 234 234 233 233 232 232 231 231 229 229 228 247 411 411 410 410 408 408 407 407 406 406 405 404 403 403 402 401 401 398 398 397 397 396 396 395 394 393 393 392 392 391 390 389 389 388 387 387 385 385 384 384 510 509 507 507 506 506 505 504 503 502 502 501 500 499 499 498 498 496 496
250 250 249 249 248 247 246 246 245 245 244 244 243 243 241 241 240 240 239 238 237 237 235 235 234 234 233 233 232 232 230 230 229 229 228 393 392 392 409 408 408 407 407 406 406 404 404 403 403 402 402 401 400 398 398 397 397 396 395 394 394 393 392 392 390 390 389 389 388 388 386 386 385 385 384 384 508 507 507 506 506 504 504 503 503 502 502 500 500 499 499 498 496 496
251 250 250 249 248 247 247 246 246 245 245 244 244 242 242 241 241 240 240 239 239 238 236 235 235 234 233 233 232 232 230 230 229 229 228 393 392 391 390 390 389 408 407 407 405 405 404 404 403 403 402 401 400 399 398 397 397 395 395 394 394 393 393 392 391 390 390 389 389 388 387 386 385 385 384 383 382 508 507 507 506 505 504 504 503 502 501 500 500 499 499 497 497 496
251 250 250 248 248 247 247 246 246 245 245 244 243 242 242 241 241 240 240 239 239 237 237 236 236 234 234 233 233 231 231 230 230 229 229 393 392 391 391 390 390 389 389 387 387 405 404 404 403 403 401 401 400 400 399 398 397 396 395 395 394 394 393 392 391 390 390 389 389 387 387 386 386 385 385 383 383 509 508 507 505 505 504 504 503 502 501 501 500 500 499 498 497 496
251 251 249 249 248 248 247 247 246 246 245 244 243 243 242 242 241 241 240 240 238 238 237 237 236 236 235 234 232 232 231 231 230 230 394 392 392 391 391 390 390 389 389 387 387 386 386 385 385 402 402 401 401 400 400 399 396 396 395 395 394 394 392 392 391 391 390 390 388 388 387 387 386 385 384 383 383 382 508 507 506 505 505 504 504 502 501 501 500 500 498 498 497 497
252 250 250 249 249 248 248 247 247 246 245 244 244 243 243 242 242 241 241 239 239 238 237 237 236 236 235 234 233 232 231 231 230 230 394 393 392 392 391 391 390 390 388 388 387 387 386 386 385 383 383 382 382 381 400 398 397 396 396 395 395 394 393 392 392 391 390 390 388 388 387 387 386 385 384 384 383 383 381 507 506 505 505 504 503 502 502 501 501 499 499 498 497 497
251 250 250 249 249 248 248 247 247 246 245 244 244 243 243 242 242 241 240 239 239 238 238 237 237 236 235 234 234 233 232 231 231 230 394 393 393 392 392 391 390 389 388 388 387 387 386 386 384 384 383 383 382 382 381 380 379 378 377 395 395 393 393 392 392 391 391 389 389 388 388 387 387 385 384 384 383 383 381 380 506 506 505 505 503 503 502 501 501 499 499 498 498 497
251 251 250 250 249 249 248 248 247 246 245 245 244 244 243 243 242 241 240 240 239 239 238 238 237 236 235 235 234 234 233 232 231 394 394 393 393 392 392 391 390 389 389 388 388 387 387 385 385 384 384 383 382 382 380 380 379 379 377 377 375 375 374 374 373 392 390 390 389 388 388 387 386 385 385 384 384 383 382 380 507 506 505 504 503 503 502 502 500 500 499 499 498 496
252 251 251 250 250 249 249 248 247 246 246 245 245 244 244 243 242 241 240 240 239 239 238 238 237 236 235 235 234 234 233 233 231 395 394 394 393 393 392 392 390 390 389 389 388 387 387 385 385 384 384 383 383 381 381 380 380 379 378 376 376 375 374 374 373 373 371 371 370 370 369 368 367 386 385 384 384 382 382 381 380 506 505 504 504 503 503 502 500 500 499 499 498 497
252 251 251 250 250 249 249 247 247 246 246 245 245 244 244 242 242 241 241 240 240 239 239 238 237 236 236 235 235 234 234 232 232 396 395 394 393 393 392 391 390 390 389 389 388 388 386 386 385 385 384 384 382 382 381 380 380 379 379 376 376 375 375 374 374 372 372 371 371 370 369 368 367 367 366 366 364 364 363 363 361 361 486 485 485 484 484 482 482 481 481 480 479 478
252 252 251 251 250 250 248 248 247 247 246 246 245 245 244 243 242 242 241 241 240 240 239 238 237 237 236 235 235 234 234 232 232 396 396 395 394 393 392 391 391 390 390 389 389 387 387 386 385 385 384 384 382 382 381 381 380 380 378 378 376 376 375 374 373 372 372 371 371 370 369 368 368 367 367 366 364 364 363 363 362 360 486 486 485 485 483 483 482 481 481 479 479 478
253 252 252 251 251 249 249 248 248 247 247 246 246 245 243 243 242 242 241 241 240 240 238 238 237 237 236 236 235 235 233 233 397 397 396 396 395 393 392 392 391 390 390 389 388 387 387 386 386 385 385 383 383 382 382 381 380 379 378 378 376 376 375 374 373 373 372 372 371 370 369 368 368 367 367 365 365 364 364 363 362 360 359 486 485 485 483 483 482 482 481 480 479 478
253 252 252 251 250 249 249 248 248 247 247 246 246 244 244 243 243 242 242 241 241 239 239 238 238 237 237 236 236 234 234 233 397 397 396 396 394 394 392 392 391 391 390 389 388 388 387 387 386 386 384 383 383 382 382 381 381 379 379 378 378 376 376 374 373 373 372 372 371 370 369 369 368 368 366 366 365 364 364 363 362 360 360 359 486 484 484 483 482 482 480 480 479 479
253 253 252 251 250 250 249 249 248 248 247 247 245 245 244 244 243 243 242 242 240 240 239 238 238 237 237 236 235 234 234 233 398 397 397 396 395 394 393 392 392 391 391 389 388 388 387 387 386 385 384 384 383 383 382 382 380 380 379 378 378 376 375 374 374 373 373 372 371 370 370 369 368 368 366 366 365 365 364 363 362 362 360 359 358 484 484 483 483 481 481 480 480 479
254 253 252 251 251 250 250 249 249 248 247 246 245 245 244 244 243 243 242 241 240 240 239 239 238 238 237 236 235 235 234 234 398 398 397 395 395 394 394 392 392 391 390 389 389 388 388 387 387 385 385 384 383 383 382 381 380 380 379 379 378 377 375 375 374 373 373 371 371 370 370 369 369 367 367 366 366 365 363 363 362 362 360 360 358 358 484 484 483 481 481 480 480 479
254 252 252 251 251 250 250 249 249 248 247 246 246 245 245 244 244 243 242 241 241 240 240 239 239 238 237 236 235 235 234 399 398 398 396 396 395 395 394 394 392 391 390 390 389 388 388 387 386 385 385 384 384 383 382 381 381 380 380 379 378 377 375 375 374 374 372 372 371 371 370 370 368 367 367 366 366 365 364 363 363 362 361 359 358 358 484 484 482 482 481 481 480 478
253 253 252 252 251 251 250 250 249 248 247 247 246 246 245 245 244 242 242 241 241 240 240 239 239 237 237 236 236 235 235 399 399 397 397 396 396 395 394 394 392 391 390 390 389 389 388 387 386 386 385 385 384 383 382 381 381 380 380 379 378 377 376 375 375 374 372 372 371 371 370 370 368 368 367 367 366 364 364 363 363 362 361 359 359 358 358 484 482 482 481 481 480 479
254 253 253 252 252 251 250 250 248 248 247 247 246 246 245 245 243 243 242 242 241 241 240 240 239 238 237 237 236 236 235 399 398 397 397 396 396 395 395 393 393 391 391 390 390 389 388 387 386 386 385 385 384 383 382 382 381 381 380 379 378 377 377 375 375 373 373 372 372 371 371 369 368 368 367 367 365 365 364 364 363 363 361 359 359 358 358 356 483 482 482 481 480 479
254 253 253 252 252 251 251 249 249 248 248 247 247 246 246 244 244 243 243 242 242 241 240 240 238 238 237 237 236 236 235 399 398 398 397 397 396 396 395 394 393 392 391 390 390 388 388 387 387 386 386 385 384 383 382 382 381 381 379 379 378 378 377 376 374 374 373 372 372 371 370 369 369 368 368 367 366 365 364 364 363 362 361 360 359 359 357 357 356 482 482 480 480 479
254 254 253 253 252 252 250 251 250 250 249 249 247 246 245 244 244 243 243 242 242 241 241 239 239 238 238 237 237 236 400 399 399 398 397 397 396 396 394 394 393 393 392 391 390 389 388 388 387 386 386 384 384 383 383 382 382 381 380 379 379 378 377 377 374 374 373 373 372 371 370 370 369 368 368 366 366 365 365 364 363 362 362 361 359 359 357 357 356 356 482 481 480 479
255 254 253 254 253 252 251 251 250 250 249 249 248 248 246 246 244 244 243 243 242 242 240 240 239 239 238 237 237 235 400 399 399 398 398 397 397 395 395 394 394 393 392 391 389 389 388 388 387 387 385 385 384 384 383 382 382 380 380 379 379 378 378 376 375 374 374 373 372 371 370 370 369 369 367 367 366 366 365 364 363 362 362 361 360 358 358 357 356 356 354 481 480 480
255 255 255 254 253 252 252 251 251 250 250 249 249 247 247 246 246 245 243 243 242 241 240 240 239 239 238 238 237 236 400 400 399 399 398 397 396 395 395 394 394 393 393 391 390 389 389 388 388 387 385 385 384 384 383 383 381 381 380 380 379 378 377 376 375 374 374 373 372 371 371 370 369 369 367 367 366 366 365 364 363 363 362 361 359 358 358 357 357 355 355 354 480 480
256 256 255 254 253 253 252 252 251 250 250 249 248 247 247 246 246 245 245 244 242 241 241 240 240 239 239 238 236 236 400 400 399 399 398 397 396 396 395 395 394 394 392 391 390 389 389 388 388 386 386 385 385 384 384 382 381 381 380 380 379 378 377 377 376 375 374 372 372 371 371 370 370 368 368 367 367 366 364 364 363 363 362 362 359 359 358 357 357 355 355 354 354 479
256 256 254 254 253 253 252 252 251 251 250 249 248 248 247 247 246 246 245 244 243 241 241 240 240 239 239 237 237 401 401 400 400 399 398 397 397 396 395 395 394 393 392 392 391 390 389 389 387 387 386 385 385 384 383 382 382 381 381 380 380 378 377 377 376 375 373 373 372 372 371 371 369 368 368 367 367 366 365 364 364 363 362 361 359 359 358 358 356 356 355 355 354 352
256 255 255 254 254 253 253 252 252 250 250 249 249 248 247 247 246 246 244 244 243 243 242 241 240 240 238 238 237 402 401 400 400 398 398 397 397 396 396 395 394 393 393 392 391 390 389 388 387 387 386 386 385 385 383 383 382 381 381 380 379 378 378 377 377 375 374 373 372 372 371 370 369 369 368 368 367 365 365 364 364 363 362 361 361 359 359 357 356 356 355 355 353 353
256 256 255 255 254 253 253 252 251 250 250 249 249 248 248 247 247 245 245 244 244 243 243 242 240 239 238 238 237 402 401 401 399 399 398 398 397 397 396 395 394 393 393 392 392 390 389 388 388 387 387 386 385 384 383 383 382 382 381 380 379 379 378 377 377 374 374 373 373 372 372 370 369 369 368 368 366 366 365 365 364 363 362 361 361 359 359 357 357 356 356 354 353 353
256 256 255 255 254 254 253 252 251 251 250 250 249 249 248 248 246 245 245 244 244 243 243 242 240 239 239 238 238 402 402 401 399 399 398 398 397 397 396 395 394 394 393 393 392 390 389 388 388 387 387 386 385 384 384 383 383 382 380 380 379 379 378 378 376 376 374 373 373 372 371 370 370 369 369 367 367 366 365 365 364 363 362 362 361 360 358 357 357 356 356 354 354 353
257 256 256 255 255 254 253 252 252 251 250 250 249 249 248 247 246 246 245 245 244 244 243 242 241 240 239 238 238 402 402 400 400 399 399 398 398 397 396 395 394 394 393 393 392 391 389 389 388 388 387 385 385 384 384 383 383 381 381 380 380 379 378 377 376 376 374 374 373 372 371 371 370 369 369 367 367 366 366 365 364 363 362 362 361 359 358 358 357 357 355 354 354 353
257 256 256 255 255 253 253 252 252 251 251 250 250 249 248 247 247 246 246 245 244 244 242 242 241 241 239 239 403 403 401 401 400 399 399 398 398 396 396 395 395 394 394 393 392 391 389 389 388 388 386 386 385 385 384 384 383 381 381 380 380 379 379 377 377 376 375 374 372 372 371 371 370 370 368 368 367 366 366 364 364 363 363 362 361 359 358 358 357 356 355 355 354 354
257 257 256 256 254 254 253 253 252 252 251 251 250 248 248 247 247 246 246 245 245 243 243 242 242 241 240 239 403 402 401 401 400 400 399 399 397 397 396 396 395 394 394 392 392 391 391 389 389 388 387 386 385 385 384 384 382 382 381 381 380 380 378 377 377 376 375 374 373 372 372 371 370 369 368 368 367 367 366 365 364 363 363 362 361 359 359 358 358 356 355 355 354 354
