testData/tiles/oneDegree/grid3.0-44.0-4.0-45.0.asc
ncols   200
nrows   200
xllcorner   3.0
yllcorner   44.0
cellsize   0.005
NODATA_value   -9999.0
[rows 126 to 167 of 200, columns 0 to 93 of 200]
496 496 496 496 496 496 496 459 460 460 460 460 460 460 460 460 460 460 460 460 460 460 459 459 459 459 459 459 459 459 459 459 459 459 459 459 459 459 459 459 459 459 458 458 458 458 458 458 458 458 475 475 475 475 475 475 475 475 475 474 474 474 475 606 607 608 608 609 609 610 610 611 611 612 612 611 612 612 612 613 774 775 775 775 775 776 776 776 777 776 776 776 777 777
497 497 496 496 496 496 496 459 459 460 460 460 460 460 460 460 460 460 460 460 460 460 460 460 460 459 459 459 459 459 459 459 459 459 459 459 459 459 459 459 459 459 459 459 459 458 458 458 458 458 458 458 458 458 458 475 475 475 475 475 475 475 474 605 605 605 605 605 606 607 607 608 608 609 609 610 610 610 610 610 611 772 772 773 773 773 774 774 774 775 775 775 774 775
497 497 497 497 497 497 496 459 459 460 460 460 460 460 460 460 460 460 460 460 460 460 460 460 460 460 460 460 460 459 459 459 459 459 459 459 459 459 459 459 459 459 459 459 459 459 459 459 458 458 458 458 458 458 458 458 458 458 458 458 475 475 606 606 606 605 605 605 605 605 605 605 605 605 606 606 607 607 608 608 608 769 770 770 770 771 771 771 772 772 772 773 773 773
497 497 497 497 497 497 497 460 460 461 460 460 460 460 460 460 460 460 460 460 460 460 460 460 460 460 460 460 460 460 460 460 459 459 459 459 459 459 459 459 459 459 459 459 459 459 459 459 459 459 459 458 458 458 458 458 458 458 458 458 458 458 589 589 589 606 606 606 605 605 605 605 605 605 605 605 605 605 605 605 605 606 767 767 767 768 768 769 769 769 770 770 770 771
497 497 497 497 497 497 497 460 460 460 461 461 461 461 460 460 460 460 460 460 460 460 460 460 460 460 460 460 460 460 460 460 460 460 460 459 459 459 459 459 459 459 459 459 459 459 459 459 459 459 459 459 459 459 458 458 458 458 458 458 458 458 589 589 589 589 589 589 589 589 588 605 605 605 605 605 605 605 605 605 605 605 605 766 766 765 765 765 766 766 766 767 767 767
497 497 497 497 497 497 460 460 460 460 461 461 461 461 461 461 461 460 460 460 460 460 460 460 460 460 460 460 460 460 460 460 460 460 460 460 460 460 460 459 459 459 459 459 459 459 459 459 459 459 459 459 459 459 459 459 459 458 458 458 458 458 589 589 589 589 589 589 589 589 589 589 589 588 588 588 588 605 605 605 605 605 605 766 766 766 766 766 765 765 765 765 765 765
497 497 497 497 497 497 460 460 460 460 460 461 461 461 461 461 461 461 461 461 461 460 460 460 460 460 460 460 460 460 460 460 460 460 460 460 460 460 460 460 460 460 459 459 459 459 459 459 459 459 459 459 459 459 459 459 459 459 459 459 458 589 589 589 589 589 589 589 589 589 589 589 589 589 589 588 588 588 588 588 588 588 588 588 766 766 766 766 766 766 765 765 765 765
497 497 497 497 497 497 460 460 460 460 460 461 461 461 461 461 461 461 461 461 461 461 461 461 460 460 460 460 460 460 460 460 460 460 460 460 460 460 460 460 460 460 460 460 459 459 459 459 459 459 459 459 459 459 459 459 459 459 459 459 459 590 589 589 589 589 589 589 589 589 589 589 589 589 589 589 589 589 588 588 588 588 588 588 588 749 749 749 749 749 749 749 748 765
498 498 498 498 497 497 460 460 460 460 460 461 461 461 461 461 461 461 461 461 461 461 461 461 461 461 461 460 460 460 460 460 460 460 460 460 460 460 460 460 460 460 460 460 460 460 460 459 459 459 459 459 459 459 459 459 459 459 459 459 459 590 590 590 590 589 589 589 589 589 589 589 589 589 589 589 589 589 589 589 588 588 588 588 588 749 749 749 749 749 749 749 749 749
498 498 498 498 498 498 461 460 460 460 460 460 461 461 461 461 461 461 461 461 461 461 461 461 461 461 461 461 461 461 460 460 460 460 460 460 460 460 460 460 460 460 460 460 460 460 460 460 460 460 459 459 459 459 459 459 459 459 459 459 459 590 590 590 590 590 590 589 589 589 589 589 589 589 589 589 589 589 589 589 589 589 588 588 588 588 749 749 749 749 749 749 749 749
498 498 498 498 498 461 461 461 461 461 461 460 461 461 461 461 461 461 461 461 461 461 461 461 461 461 461 461 461 461 461 461 461 460 460 460 460 460 460 460 460 460 460 460 460 460 460 460 460 460 460 460 460 459 459 459 459 459 459 459 590 590 590 590 590 590 590 590 590 589 589 589 589 589 589 589 589 589 589 589 589 589 589 589 589 588 588 749 749 749 749 749 749 749
498 498 498 498 498 461 461 461 461 461 461 461 461 462 461 461 461 461 461 461 461 461 461 461 461 461 461 461 461 461 461 461 461 461 461 461 460 460 460 460 460 460 460 460 460 460 460 460 460 460 460 460 460 460 460 459 459 459 459 459 590 590 590 590 590 590 590 590 590 590 590 590 589 589 589 589 589 589 589 589 589 589 589 589 589 589 589 749 749 749 749 749 749 749
498 498 498 498 498 461 461 461 461 461 461 461 461 462 462 462 462 461 461 461 461 461 461 461 461 461 461 461 461 461 461 461 461 461 461 461 461 461 461 460 460 460 460 460 460 460 460 460 460 460 460 460 460 460 460 460 460 460 459 459 590 590 590 590 590 590 590 590 590 590 590 590 590 590 589 589 589 589 589 589 589 589 589 589 589 589 589 589 750 749 749 749 749 749
498 498 498 498 498 461 461 461 461 461 461 461 461 461 462 462 462 462 462 462 461 461 461 461 461 461 461 461 461 461 461 461 461 461 461 461 461 461 461 461 461 461 460 460 460 460 460 460 460 460 460 460 460 460 460 460 460 460 460 460 590 590 590 590 590 590 590 590 590 590 590 590 590 590 590 590 589 589 589 589 589 589 589 589 589 589 589 589 589 750 750 749 749 749
498 498 498 498 498 461 461 461 461 461 461 461 461 461 462 462 462 462 462 462 462 462 462 461 461 461 461 461 461 461 461 461 461 461 461 461 461 461 461 461 461 461 461 461 460 460 460 460 460 460 460 460 460 460 460 460 460 460 460 460 591 591 590 590 590 590 590 590 590 590 590 590 590 590 590 590 590 590 589 589 589 589 589 589 589 589 589 589 589 750 750 750 750 749
499 499 498 498 461 461 461 461 461 461 461 461 461 461 461 462 462 462 462 462 462 462 462 462 462 462 461 461 461 461 461 461 461 461 461 461 461 461 461 461 461 461 461 461 461 461 461 460 460 460 460 460 460 460 460 460 460 460 460 591 591 591 591 591 590 590 590 590 590 590 590 590 590 590 590 590 590 590 590 590 589 589 589 589 589 589 589 589 589 589 750 750 750 750
499 499 499 499 462 461 461 461 461 461 461 461 461 461 461 462 462 462 462 462 462 462 462 462 462 462 462 462 462 461 461 461 461 461 461 461 461 461 461 461 461 461 461 461 461 461 461 461 461 460 460 460 460 460 460 460 460 460 460 591 591 591 591 591 591 591 591 590 590 590 590 590 590 590 590 590 590 590 590 590 590 590 589 589 589 589 589 589 589 589 589 750 750 750
499 499 499 499 462 462 462 462 461 461 461 461 461 461 461 461 462 462 462 462 462 462 462 462 462 462 462 462 462 462 462 461 461 461 461 461 461 461 461 461 461 461 461 461 461 461 461 461 461 461 461 460 460 460 460 460 460 460 460 591 591 591 591 591 591 591 591 591 591 590 590 590 590 590 590 590 590 590 590 590 590 590 590 590 589 589 589 589 589 589 589 589 750 750
499 499 499 499 462 462 462 462 462 462 462 461 461 461 461 461 462 462 462 462 462 462 462 462 462 462 462 462 462 462 462 462 462 462 461 461 461 461 461 461 461 461 461 461 461 461 461 461 461 461 461 461 461 460 460 460 460 460 460 591 591 591 591 591 591 591 591 591 591 591 591 590 590 590 590 590 590 590 590 590 590 590 590 590 590 590 589 589 589 589 589 589 750 750
499 499 499 462 462 462 462 462 462 462 462 462 462 462 461 461 461 462 462 462 462 462 462 462 462 462 462 462 462 462 462 462 462 462 462 462 461 461 461 461 461 461 461 461 461 461 461 461 461 461 461 461 461 461 461 461 460 460 460 591 591 591 591 591 591 591 591 591 591 591 591 591 591 590 590 590 590 590 590 590 590 590 590 590 590 590 590 590 589 589 589 589 589 750
499 499 499 462 462 462 462 462 462 462 462 462 462 462 462 462 461 461 462 462 462 462 462 462 462 462 462 462 462 462 462 462 462 462 462 462 462 462 462 461 461 461 461 461 461 461 461 461 461 461 461 461 461 461 461 461 461 461 591 591 591 591 591 591 591 591 591 591 591 591 591 591 591 591 591 590 590 590 590 590 590 590 590 590 590 590 590 590 590 590 589 589 589 589
499 499 499 462 462 462 462 462 462 462 462 462 462 462 462 462 462 462 463 462 462 462 462 462 462 462 462 462 462 462 462 462 462 462 462 462 462 462 462 462 462 461 461 461 461 461 461 461 461 461 461 461 461 461 461 461 461 461 592 592 591 591 591 591 591 591 591 591 591 591 591 591 591 591 591 591 590 590 590 590 590 590 590 590 590 590 590 590 590 590 590 589 589 589
499 499 499 462 462 462 462 462 462 462 462 462 462 462 462 462 462 462 462 463 463 463 462 462 462 462 462 462 462 462 462 462 462 462 462 462 462 462 462 462 462 462 462 461 461 461 461 461 461 461 461 461 461 461 461 461 461 461 592 592 592 592 591 591 591 591 591 591 591 591 591 591 591 591 591 591 591 591 590 590 590 590 590 590 590 590 590 590 590 590 590 590 590 589
499 499 462 462 462 462 462 462 462 462 462 462 462 462 462 462 462 462 462 462 463 463 463 463 462 462 462 462 462 462 462 462 462 462 462 462 462 462 462 462 462 462 462 462 462 461 461 461 461 461 461 461 461 461 461 461 461 461 592 592 592 592 592 591 591 591 591 591 591 591 591 591 591 591 591 591 591 591 591 591 590 590 590 590 590 590 590 590 590 590 590 590 590 590
500 499 462 462 462 462 462 462 462 462 462 462 462 462 462 462 462 462 462 462 463 463 463 463 463 463 462 462 462 462 462 462 462 462 462 462 462 462 462 462 462 462 462 462 462 462 462 461 461 461 461 461 461 461 461 461 461 461 592 592 592 592 592 592 592 591 591 591 591 591 591 591 591 591 591 591 591 591 591 591 591 591 590 590 590 590 590 590 590 590 590 590 590 590
500 500 463 463 462 462 462 462 462 462 462 462 462 462 462 462 462 462 462 462 462 463 463 463 463 463 463 463 462 462 462 462 462 462 462 462 462 462 462 462 462 462 462 462 462 462 462 462 462 461 461 461 461 461 461 461 461 592 592 592 592 592 592 592 592 592 592 591 591 591 591 591 591 591 591 591 591 591 591 591 591 591 591 590 590 590 590 590 590 590 590 590 590 590
500 500 463 463 463 463 462 462 462 462 462 462 462 462 462 462 462 462 462 462 462 462 463 463 463 463 463 463 463 463 462 462 462 462 462 462 462 462 462 462 462 462 462 462 462 462 462 462 462 462 462 461 461 461 461 461 461 592 592 592 592 592 592 592 592 592 592 592 592 591 591 591 591 591 591 591 591 591 591 591 591 591 591 591 591 590 590 590 590 590 590 590 590 590
500 463 463 463 463 463 463 463 463 462 462 462 462 462 462 462 462 462 462 462 462 462 463 463 463 463 463 463 463 463 463 463 463 462 462 462 462 462 462 462 462 462 462 462 462 462 462 462 462 462 462 462 462 461 461 461 461 592 592 592 592 592 592 592 592 592 592 592 592 592 591 591 591 591 591 591 591 591 591 591 591 591 591 591 591 591 590 590 590 590 590 590 590 590
500 463 463 463 463 463 463 463 463 463 463 462 462 462 462 462 462 462 462 462 462 462 462 463 463 463 463 463 463 463 463 463 463 463 462 462 462 462 462 462 462 462 462 462 462 462 462 462 462 462 462 462 462 462 461 461 461 592 592 592 592 592 592 592 592 592 592 592 592 592 592 592 591 591 591 591 591 591 591 591 591 591 591 591 591 591 591 591 590 590 590 590 590 590
500 463 463 463 463 463 463 463 463 463 463 463 463 462 462 462 462 462 462 462 462 462 462 462 463 463 463 463 463 463 463 463 463 463 463 463 462 462 462 462 462 462 462 462 462 462 462 462 462 462 462 462 462 462 462 462 461 592 592 592 592 592 592 592 592 592 592 592 592 592 592 592 592 591 591 591 591 591 591 591 591 591 591 591 591 591 591 591 591 590 590 590 590 590
500 463 463 463 463 463 463 463 463 463 463 463 463 463 463 462 462 462 462 462 462 462 462 462 462 463 463 463 463 463 463 463 463 463 463 463 463 463 462 462 462 462 462 462 462 462 462 462 462 462 462 462 462 462 462 462 462 593 592 592 592 592 592 592 592 592 592 592 592 592 592 592 592 592 592 591 591 591 591 591 595 591 591 591 591 591 591 591 591 591 590 590 590 590
463 463 463 463 463 463 463 463 463 463 463 463 463 463 463 463 463 462 462 462 462 462 462 462 462 463 463 463 463 463 463 463 463 463 463 463 463 463 463 463 462 462 462 462 462 462 462 462 462 462 462 462 462 462 462 462 593 593 593 596 596 596 596 596 596 596 596 596 596 596 596 596 596 596 596 596 595 595 595 595 595 595 595 595 595 595 595 595 595 595 595 595 594 594
463 463 463 463 463 463 463 463 463 463 463 463 463 463 463 463 463 463 463 462 462 462 462 462 462 462 463 463 463 463 463 463 463 463 463 463 463 463 463 463 463 463 462 462 462 462 462 462 462 462 466 466 466 466 466 466 597 597 597 597 597 596 596 596 596 596 596 596 596 596 596 596 596 596 596 596 596 596 595 595 595 595 595 595 595 595 595 595 595 595 595 595 595 594
463 463 463 463 463 463 463 463 463 463 463 463 463 463 463 463 463 463 463 463 463 462 462 462 462 462 462 463 463 463 463 463 463 463 463 463 463 463 463 463 463 463 463 466 466 466 466 466 466 466 466 466 466 466 466 466 597 597 597 597 597 597 596 596 596 596 596 596 596 596 596 596 596 596 596 596 596 596 596 595 595 595 595 595 595 595 595 595 595 595 595 595 595 595
463 463 463 463 463 463 463 463 463 463 463 463 463 463 463 463 463 463 463 463 463 463 463 462 462 462 462 462 463 463 463 463 463 463 463 463 463 467 467 467 467 467 467 467 467 466 466 466 466 466 466 466 466 466 466 466 597 597 597 597 597 597 597 596 596 596 596 596 596 596 596 596 596 596 596 596 596 596 596 596 595 595 595 595 595 595 595 595 595 595 595 595 595 595
463 463 463 463 463 463 463 463 463 463 463 463 463 463 463 463 463 463 463 463 463 463 463 463 463 462 462 462 462 463 463 463 467 467 467 467 467 467 467 467 467 467 467 467 467 467 466 466 466 466 466 466 466 466 466 466 597 597 597 597 597 597 597 597 597 596 596 596 596 596 596 596 596 596 596 596 596 596 596 596 596 595 595 595 595 595 595 595 595 595 595 595 595 595
464 463 463 463 463 463 463 463 463 463 463 463 463 463 463 463 463 463 463 463 463 463 463 463 463 463 462 466 466 466 467 467 467 467 467 467 467 467 467 467 467 467 467 467 467 467 467 467 466 466 466 466 466 466 466 466 597 597 597 597 597 597 597 597 597 597 596 596 596 596 596 596 596 596 596 596 596 596 596 596 596 596 596 595 595 595 595 595 595 595 595 595 595 595
464 464 464 463 463 463 463 463 463 463 463 463 463 463 463 463 463 463 463 463 463 463 463 467 467 467 467 467 466 466 466 467 467 467 467 467 467 467 467 467 467 467 467 467 467 467 467 467 467 466 466 466 466 466 466 466 597 597 597 597 597 597 597 597 597 597 597 596 596 596 596 596 596 596 596 596 596 596 596 596 596 596 596 596 595 595 595 595 595 595 595 595 595 595
464 464 464 464 463 463 463 463 463 463 463 463 463 463 463 463 463 463 463 467 467 467 467 467 467 467 467 467 467 466 466 466 467 467 467 467 467 467 467 467 467 467 467 467 467 467 467 467 467 467 466 466 466 466 466 466 597 597 597 597 597 597 597 597 597 597 597 597 596 596 596 596 596 596 596 596 596 596 596 596 596 596 596 596 596 595 595 595 595 595 595 595 595 595
464 464 464 464 464 464 463 463 463 463 463 463 463 463 463 463 467 467 467 467 467 467 467 467 467 467 467 467 467 467 467 466 466 467 467 467 467 467 467 467 467 467 467 467 467 467 467 467 467 467 467 466 466 466 466 597 597 597 597 597 597 597 597 597 597 597 597 597 597 597 596 596 596 596 596 596 596 596 596 596 596 596 596 596 596 596 595 595 595 595 595 595 595 595
464 464 464 464 464 464 464 464 463 463 463 463 467 467 467 467 467 467 467 467 467 467 467 467 467 467 467 467 467 467 467 467 466 466 467 467 467 467 467 467 467 467 467 467 467 467 467 467 467 467 467 467 467 466 466 597 597 597 597 597 597 597 597 597 597 597 597 597 597 597 597 596 596 596 596 596 596 596 596 596 596 596 596 596 596 596 596 595 595 595 595 595 595 595
464 464 464 464 464 464 464 464 464 467 467 467 467 467 467 467 467 467 467 467 467 467 467 467 467 467 467 467 467 467 467 467 467 466 466 467 467 467 467 467 467 467 467 467 467 467 467 467 467 467 467 467 467 467 466 597 597 597 597 597 597 597 597 597 597 597 597 597 597 597 597 597 596 596 596 596 596 596 596 596 596 596 596 596 596 596 596 596 595 595 595 595 595 595
