testData/tiles/oneDegree/grid28.0-35.0-29.0-36.0.asc
ncols   200
nrows   200
xllcorner   28.0
yllcorner   35.0
cellsize   0.005
NODATA_value   -9999.0
[rows 85 to 101 of 200, columns 74 to 110 of 200]
1.032000000000000000e+03 1.034000000000000000e+03 1.033000000000000000e+03 1.034000000000000000e+03 1.035000000000000000e+03 1.036000000000000000e+03 1.037000000000000000e+03 1.036000000000000000e+03 1.037000000000000000e+03 1.038000000000000000e+03 1.039000000000000000e+03 1.040000000000000000e+03 1.039000000000000000e+03 1.041000000000000000e+03 1.041000000000000000e+03 1.042000000000000000e+03 1.043000000000000000e+03 1.043000000000000000e+03 1.044000000000000000e+03 1.044000000000000000e+03 1.044000000000000000e+03 1.047000000000000000e+03 1.046000000000000000e+03 1.047000000000000000e+03 1.047000000000000000e+03 1.048000000000000000e+03 1.048000000000000000e+03 1.049000000000000000e+03 1.050000000000000000e+03 1.050000000000000000e+03 1.051000000000000000e+03 1.051000000000000000e+03 1.051000000000000000e+03 1.053000000000000000e+03 1.053000000000000000e+03 1.054000000000000000e+03 1.054000000000000000e+03
7.460000000000000000e+02 7.460000000000000000e+02 7.460000000000000000e+02 7.470000000000000000e+02 7.470000000000000000e+02 7.490000000000000000e+02 7.490000000000000000e+02 7.500000000000000000e+02 7.510000000000000000e+02 1.036000000000000000e+03 1.037000000000000000e+03 1.039000000000000000e+03 1.039000000000000000e+03 1.040000000000000000e+03 1.039000000000000000e+03 1.041000000000000000e+03 1.042000000000000000e+03 1.042000000000000000e+03 1.043000000000000000e+03 1.043000000000000000e+03 1.044000000000000000e+03 1.044000000000000000e+03 1.045000000000000000e+03 1.046000000000000000e+03 1.046000000000000000e+03 1.047000000000000000e+03 1.047000000000000000e+03 1.047000000000000000e+03 1.049000000000000000e+03 1.049000000000000000e+03 1.050000000000000000e+03 1.050000000000000000e+03 1.050000000000000000e+03 1.052000000000000000e+03 1.052000000000000000e+03 1.053000000000000000e+03 1.053000000000000000e+03
7.450000000000000000e+02 7.440000000000000000e+02 7.450000000000000000e+02 7.470000000000000000e+02 7.460000000000000000e+02 7.470000000000000000e+02 7.480000000000000000e+02 7.490000000000000000e+02 7.500000000000000000e+02 7.490000000000000000e+02 7.510000000000000000e+02 7.510000000000000000e+02 7.520000000000000000e+02 7.530000000000000000e+02 7.530000000000000000e+02 7.540000000000000000e+02 7.540000000000000000e+02 7.550000000000000000e+02 7.570000000000000000e+02 7.560000000000000000e+02 7.570000000000000000e+02 7.570000000000000000e+02 7.580000000000000000e+02 7.600000000000000000e+02 7.590000000000000000e+02 7.600000000000000000e+02 7.600000000000000000e+02 7.610000000000000000e+02 7.620000000000000000e+02 7.620000000000000000e+02 7.630000000000000000e+02 7.630000000000000000e+02 7.640000000000000000e+02 7.640000000000000000e+02 7.650000000000000000e+02 7.660000000000000000e+02 7.660000000000000000e+02
7.430000000000000000e+02 7.440000000000000000e+02 7.450000000000000000e+02 7.460000000000000000e+02 7.450000000000000000e+02 7.470000000000000000e+02 7.470000000000000000e+02 7.480000000000000000e+02 7.480000000000000000e+02 7.490000000000000000e+02 7.500000000000000000e+02 7.490000000000000000e+02 7.510000000000000000e+02 7.520000000000000000e+02 7.520000000000000000e+02 7.530000000000000000e+02 7.520000000000000000e+02 7.540000000000000000e+02 7.550000000000000000e+02 7.550000000000000000e+02 7.560000000000000000e+02 7.560000000000000000e+02 7.570000000000000000e+02 7.580000000000000000e+02 7.580000000000000000e+02 7.600000000000000000e+02 7.590000000000000000e+02 7.600000000000000000e+02 7.600000000000000000e+02 7.610000000000000000e+02 7.630000000000000000e+02 7.620000000000000000e+02 7.630000000000000000e+02 7.630000000000000000e+02 7.630000000000000000e+02 7.650000000000000000e+02 7.650000000000000000e+02
7.420000000000000000e+02 7.420000000000000000e+02 7.440000000000000000e+02 7.430000000000000000e+02 7.450000000000000000e+02 7.460000000000000000e+02 7.450000000000000000e+02 7.470000000000000000e+02 7.470000000000000000e+02 7.480000000000000000e+02 7.490000000000000000e+02 7.490000000000000000e+02 7.500000000000000000e+02 7.500000000000000000e+02 7.510000000000000000e+02 7.530000000000000000e+02 7.520000000000000000e+02 7.530000000000000000e+02 7.530000000000000000e+02 7.550000000000000000e+02 7.560000000000000000e+02 7.550000000000000000e+02 7.560000000000000000e+02 7.550000000000000000e+02 7.580000000000000000e+02 7.580000000000000000e+02 7.580000000000000000e+02 7.590000000000000000e+02 7.600000000000000000e+02 7.600000000000000000e+02 7.610000000000000000e+02 7.610000000000000000e+02 7.620000000000000000e+02 7.630000000000000000e+02 7.630000000000000000e+02 7.630000000000000000e+02 7.640000000000000000e+02
7.410000000000000000e+02 7.410000000000000000e+02 7.430000000000000000e+02 7.430000000000000000e+02 7.440000000000000000e+02 7.440000000000000000e+02 7.440000000000000000e+02 7.460000000000000000e+02 7.460000000000000000e+02 7.470000000000000000e+02 7.470000000000000000e+02 7.480000000000000000e+02 7.490000000000000000e+02 7.480000000000000000e+02 7.510000000000000000e+02 7.510000000000000000e+02 7.510000000000000000e+02 7.520000000000000000e+02 7.520000000000000000e+02 7.540000000000000000e+02 7.540000000000000000e+02 7.540000000000000000e+02 7.560000000000000000e+02 7.550000000000000000e+02 7.560000000000000000e+02 7.570000000000000000e+02 7.570000000000000000e+02 7.590000000000000000e+02 7.580000000000000000e+02 7.590000000000000000e+02 7.590000000000000000e+02 7.600000000000000000e+02 7.610000000000000000e+02 7.610000000000000000e+02 7.620000000000000000e+02 7.620000000000000000e+02 7.630000000000000000e+02
7.390000000000000000e+02 7.400000000000000000e+02 7.410000000000000000e+02 7.420000000000000000e+02 7.430000000000000000e+02 7.420000000000000000e+02 7.440000000000000000e+02 7.450000000000000000e+02 7.440000000000000000e+02 7.470000000000000000e+02 7.460000000000000000e+02 7.470000000000000000e+02 7.480000000000000000e+02 7.480000000000000000e+02 7.500000000000000000e+02 7.490000000000000000e+02 7.500000000000000000e+02 7.510000000000000000e+02 7.510000000000000000e+02 7.520000000000000000e+02 7.520000000000000000e+02 7.540000000000000000e+02 7.540000000000000000e+02 7.540000000000000000e+02 7.550000000000000000e+02 7.550000000000000000e+02 7.570000000000000000e+02 7.570000000000000000e+02 7.570000000000000000e+02 7.580000000000000000e+02 7.580000000000000000e+02 7.590000000000000000e+02 7.600000000000000000e+02 7.600000000000000000e+02 7.600000000000000000e+02 7.610000000000000000e+02 7.620000000000000000e+02
7.380000000000000000e+02 7.400000000000000000e+02 7.400000000000000000e+02 7.400000000000000000e+02 7.420000000000000000e+02 7.420000000000000000e+02 7.430000000000000000e+02 7.420000000000000000e+02 7.440000000000000000e+02 7.460000000000000000e+02 7.450000000000000000e+02 7.460000000000000000e+02 7.460000000000000000e+02 7.470000000000000000e+02 7.480000000000000000e+02 7.480000000000000000e+02 7.500000000000000000e+02 7.490000000000000000e+02 7.500000000000000000e+02 7.510000000000000000e+02 7.510000000000000000e+02 7.530000000000000000e+02 7.530000000000000000e+02 7.530000000000000000e+02 7.540000000000000000e+02 7.540000000000000000e+02 7.550000000000000000e+02 7.560000000000000000e+02 7.570000000000000000e+02 7.570000000000000000e+02 7.570000000000000000e+02 7.580000000000000000e+02 7.580000000000000000e+02 7.600000000000000000e+02 7.600000000000000000e+02 7.600000000000000000e+02 7.600000000000000000e+02
7.380000000000000000e+02 7.390000000000000000e+02 7.380000000000000000e+02 7.390000000000000000e+02 7.400000000000000000e+02 7.410000000000000000e+02 7.420000000000000000e+02 7.420000000000000000e+02 7.430000000000000000e+02 7.430000000000000000e+02 7.440000000000000000e+02 7.460000000000000000e+02 7.450000000000000000e+02 7.460000000000000000e+02 7.460000000000000000e+02 7.470000000000000000e+02 7.490000000000000000e+02 7.480000000000000000e+02 7.490000000000000000e+02 7.500000000000000000e+02 7.500000000000000000e+02 7.510000000000000000e+02 7.510000000000000000e+02 7.530000000000000000e+02 7.530000000000000000e+02 7.530000000000000000e+02 7.530000000000000000e+02 7.540000000000000000e+02 7.560000000000000000e+02 7.560000000000000000e+02 7.560000000000000000e+02 7.560000000000000000e+02 7.570000000000000000e+02 7.570000000000000000e+02 7.590000000000000000e+02 7.590000000000000000e+02 7.590000000000000000e+02
7.370000000000000000e+02 7.370000000000000000e+02 7.370000000000000000e+02 7.390000000000000000e+02 7.380000000000000000e+02 7.400000000000000000e+02 7.410000000000000000e+02 7.410000000000000000e+02 7.420000000000000000e+02 7.410000000000000000e+02 7.430000000000000000e+02 7.450000000000000000e+02 7.440000000000000000e+02 7.450000000000000000e+02 7.450000000000000000e+02 7.460000000000000000e+02 7.460000000000000000e+02 7.480000000000000000e+02 7.490000000000000000e+02 7.480000000000000000e+02 7.490000000000000000e+02 7.490000000000000000e+02 7.500000000000000000e+02 7.520000000000000000e+02 7.510000000000000000e+02 7.520000000000000000e+02 7.530000000000000000e+02 7.530000000000000000e+02 7.530000000000000000e+02 7.540000000000000000e+02 7.560000000000000000e+02 7.560000000000000000e+02 7.560000000000000000e+02 7.560000000000000000e+02 7.570000000000000000e+02 7.580000000000000000e+02 7.590000000000000000e+02
7.360000000000000000e+02 7.360000000000000000e+02 7.370000000000000000e+02 7.380000000000000000e+02 7.370000000000000000e+02 7.390000000000000000e+02 7.390000000000000000e+02 7.400000000000000000e+02 7.410000000000000000e+02 7.410000000000000000e+02 7.420000000000000000e+02 7.410000000000000000e+02 7.430000000000000000e+02 7.450000000000000000e+02 7.440000000000000000e+02 7.450000000000000000e+02 7.450000000000000000e+02 7.460000000000000000e+02 7.470000000000000000e+02 7.470000000000000000e+02 7.490000000000000000e+02 7.480000000000000000e+02 7.490000000000000000e+02 7.490000000000000000e+02 7.500000000000000000e+02 7.520000000000000000e+02 7.520000000000000000e+02 7.520000000000000000e+02 7.520000000000000000e+02 7.530000000000000000e+02 7.540000000000000000e+02 7.550000000000000000e+02 7.550000000000000000e+02 7.550000000000000000e+02 7.560000000000000000e+02 7.560000000000000000e+02 7.580000000000000000e+02
7.350000000000000000e+02 7.350000000000000000e+02 7.360000000000000000e+02 7.360000000000000000e+02 7.360000000000000000e+02 7.380000000000000000e+02 7.370000000000000000e+02 7.390000000000000000e+02 7.400000000000000000e+02 7.400000000000000000e+02 7.410000000000000000e+02 7.400000000000000000e+02 7.420000000000000000e+02 7.420000000000000000e+02 7.430000000000000000e+02 7.450000000000000000e+02 7.440000000000000000e+02 7.450000000000000000e+02 7.460000000000000000e+02 7.470000000000000000e+02 7.470000000000000000e+02 7.470000000000000000e+02 7.480000000000000000e+02 7.490000000000000000e+02 7.500000000000000000e+02 7.500000000000000000e+02 7.500000000000000000e+02 7.500000000000000000e+02 7.520000000000000000e+02 7.520000000000000000e+02 7.520000000000000000e+02 7.530000000000000000e+02 7.540000000000000000e+02 7.550000000000000000e+02 7.540000000000000000e+02 7.550000000000000000e+02 7.550000000000000000e+02
7.330000000000000000e+02 7.340000000000000000e+02 7.350000000000000000e+02 7.340000000000000000e+02 7.360000000000000000e+02 7.360000000000000000e+02 7.360000000000000000e+02 7.380000000000000000e+02 7.380000000000000000e+02 7.390000000000000000e+02 7.400000000000000000e+02 7.400000000000000000e+02 7.410000000000000000e+02 7.410000000000000000e+02 7.420000000000000000e+02 7.430000000000000000e+02 7.430000000000000000e+02 7.440000000000000000e+02 7.440000000000000000e+02 7.460000000000000000e+02 7.460000000000000000e+02 7.460000000000000000e+02 7.470000000000000000e+02 7.470000000000000000e+02 7.480000000000000000e+02 7.490000000000000000e+02 7.490000000000000000e+02 7.500000000000000000e+02 7.500000000000000000e+02 7.500000000000000000e+02 7.510000000000000000e+02 7.520000000000000000e+02 7.530000000000000000e+02 7.540000000000000000e+02 7.530000000000000000e+02 7.540000000000000000e+02 7.540000000000000000e+02
7.330000000000000000e+02 7.330000000000000000e+02 7.330000000000000000e+02 7.340000000000000000e+02 7.350000000000000000e+02 7.340000000000000000e+02 7.350000000000000000e+02 7.370000000000000000e+02 7.370000000000000000e+02 7.380000000000000000e+02 7.380000000000000000e+02 7.390000000000000000e+02 7.400000000000000000e+02 7.390000000000000000e+02 7.420000000000000000e+02 7.410000000000000000e+02 7.420000000000000000e+02 7.430000000000000000e+02 7.430000000000000000e+02 7.440000000000000000e+02 7.440000000000000000e+02 7.460000000000000000e+02 7.460000000000000000e+02 7.460000000000000000e+02 7.460000000000000000e+02 7.480000000000000000e+02 7.490000000000000000e+02 7.490000000000000000e+02 7.490000000000000000e+02 7.490000000000000000e+02 7.510000000000000000e+02 7.500000000000000000e+02 7.510000000000000000e+02 7.510000000000000000e+02 7.530000000000000000e+02 7.540000000000000000e+02 7.530000000000000000e+02
7.310000000000000000e+02 7.320000000000000000e+02 7.320000000000000000e+02 7.330000000000000000e+02 7.340000000000000000e+02 7.330000000000000000e+02 7.350000000000000000e+02 7.340000000000000000e+02 7.350000000000000000e+02 7.380000000000000000e+02 7.370000000000000000e+02 7.380000000000000000e+02 7.370000000000000000e+02 7.390000000000000000e+02 7.390000000000000000e+02 7.400000000000000000e+02 7.410000000000000000e+02 7.410000000000000000e+02 7.420000000000000000e+02 7.420000000000000000e+02 7.430000000000000000e+02 7.440000000000000000e+02 7.450000000000000000e+02 7.450000000000000000e+02 7.460000000000000000e+02 7.460000000000000000e+02 7.460000000000000000e+02 7.480000000000000000e+02 7.470000000000000000e+02 7.490000000000000000e+02 7.490000000000000000e+02 7.490000000000000000e+02 7.500000000000000000e+02 7.500000000000000000e+02 7.520000000000000000e+02 7.510000000000000000e+02 7.520000000000000000e+02
7.300000000000000000e+02 7.310000000000000000e+02 7.310000000000000000e+02 7.320000000000000000e+02 7.320000000000000000e+02 7.330000000000000000e+02 7.340000000000000000e+02 7.330000000000000000e+02 7.340000000000000000e+02 7.340000000000000000e+02 7.360000000000000000e+02 7.370000000000000000e+02 7.370000000000000000e+02 7.380000000000000000e+02 7.380000000000000000e+02 7.380000000000000000e+02 7.400000000000000000e+02 7.400000000000000000e+02 7.410000000000000000e+02 7.420000000000000000e+02 7.420000000000000000e+02 7.420000000000000000e+02 7.430000000000000000e+02 7.440000000000000000e+02 7.450000000000000000e+02 7.450000000000000000e+02 7.450000000000000000e+02 7.450000000000000000e+02 7.470000000000000000e+02 7.480000000000000000e+02 7.470000000000000000e+02 7.480000000000000000e+02 7.480000000000000000e+02 7.490000000000000000e+02 7.490000000000000000e+02 7.500000000000000000e+02 7.510000000000000000e+02
7.290000000000000000e+02 7.290000000000000000e+02 7.300000000000000000e+02 7.310000000000000000e+02 7.300000000000000000e+02 7.320000000000000000e+02 7.320000000000000000e+02 7.320000000000000000e+02 7.340000000000000000e+02 7.330000000000000000e+02 7.340000000000000000e+02 7.360000000000000000e+02 7.360000000000000000e+02 7.370000000000000000e+02 7.360000000000000000e+02 7.380000000000000000e+02 7.380000000000000000e+02 7.390000000000000000e+02 7.390000000000000000e+02 7.400000000000000000e+02 7.400000000000000000e+02 7.410000000000000000e+02 7.410000000000000000e+02 7.430000000000000000e+02 7.430000000000000000e+02 7.430000000000000000e+02 7.440000000000000000e+02 7.440000000000000000e+02 7.450000000000000000e+02 7.470000000000000000e+02 7.460000000000000000e+02 7.480000000000000000e+02 7.470000000000000000e+02 7.480000000000000000e+02 7.480000000000000000e+02 7.490000000000000000e+02 7.500000000000000000e+02
