testData/tiles/oneDegree/grid24.0-24.0-25.0-25.0.asc
ncols   200
nrows   200
xllcorner   24.0
yllcorner   24.0
cellsize   0.005
NODATA_value   -9999.0
[rows 84 to 125 of 200, columns 94 to 187 of 200]
531 531 531 531 531 530 530 530 530 530 529 529 529 529 529 529 528 528 528 528 528 527 527 527 527 527 526 526 526 526 525 525 525 525 525 524 524 524 524 524 523 523 523 523 522 522 522 522 522 521 521 521 521 520 520 520 520 520 519 519 519 519 518 518 518 518 517 524 529 533 535 538 540 542 543 545 547 549 549 551 552 553 554 555 556 558 558 559 560 561 561 562 563 564
531 531 531 530 530 530 530 530 530 529 529 529 529 529 528 528 528 528 528 527 527 527 527 527 526 526 526 526 526 525 525 525 525 525 524 524 524 524 523 523 523 523 523 522 522 522 522 522 521 521 521 521 520 520 520 520 519 519 519 519 519 518 518 518 518 517 517 517 526 529 533 536 539 540 542 544 546 546 548 550 551 551 553 554 555 556 557 558 559 559 560 561 562 562
531 530 530 530 530 530 530 529 529 529 529 529 528 528 528 528 528 528 527 527 527 527 527 526 526 526 526 526 525 525 525 525 524 524 524 524 524 523 523 523 523 523 522 522 522 522 521 521 521 521 521 520 520 520 520 519 519 519 519 519 518 518 518 518 517 517 517 517 520 526 531 534 536 538 540 542 543 545 547 548 549 550 552 553 553 555 556 557 557 558 559 561 561 562
530 530 530 530 530 529 529 529 529 529 529 528 528 528 528 528 527 527 527 527 527 526 526 526 526 526 525 525 525 525 525 524 524 524 524 524 523 523 523 523 522 522 522 522 522 521 521 521 521 521 520 520 520 520 519 519 519 519 518 518 518 518 518 517 517 517 517 516 516 521 527 530 534 536 539 540 542 544 546 546 548 549 551 551 552 554 555 555 556 557 559 559 560 561
530 530 530 530 529 529 529 529 529 528 528 528 528 528 527 527 527 527 527 527 526 526 526 526 526 525 525 525 525 525 524 524 524 524 523 523 523 523 523 522 522 522 522 522 521 521 521 521 520 520 520 520 520 519 519 519 519 518 518 518 518 517 517 517 517 517 516 516 516 516 522 528 531 534 536 538 540 542 543 545 547 548 549 550 551 553 553 554 555 557 557 558 559 560
530 530 529 529 529 529 529 528 528 528 528 528 528 527 527 527 527 527 526 526 526 526 526 525 525 525 525 525 524 524 524 524 524 523 523 523 523 523 522 522 522 522 521 521 521 521 521 520 520 520 520 520 519 519 519 519 518 518 518 518 517 517 517 517 517 516 516 516 516 515 515 524 529 531 534 537 539 540 542 544 545 546 547 549 550 551 552 553 554 555 556 557 558 558
529 529 529 529 529 529 528 528 528 528 528 527 527 527 527 527 526 526 526 526 526 526 525 525 525 525 525 524 524 524 524 524 523 523 523 523 522 522 522 522 522 521 521 521 521 521 520 520 520 520 519 519 519 519 519 518 518 518 518 517 517 517 517 516 516 516 516 516 515 515 515 519 524 528 532 535 536 538 540 542 543 545 546 548 548 550 551 552 553 554 555 556 556 557
529 529 529 529 528 528 528 528 528 527 527 527 527 527 527 526 526 526 526 526 525 525 525 525 525 524 524 524 524 524 523 523 523 523 523 522 522 522 522 522 521 521 521 521 520 520 520 520 520 519 519 519 519 518 518 518 518 518 517 517 517 517 516 516 516 516 516 515 515 515 515 514 519 525 529 531 534 537 539 540 542 543 545 546 547 549 550 550 552 553 554 554 555 556
529 529 528 528 528 528 528 528 527 527 527 527 527 526 526 526 526 526 526 525 525 525 525 525 524 524 524 524 524 523 523 523 523 523 522 522 522 522 521 521 521 521 521 520 520 520 520 520 519 519 519 519 518 518 518 518 518 517 517 517 517 516 516 516 516 515 515 515 515 515 514 514 514 521 525 529 532 535 536 538 540 542 543 544 546 547 548 549 550 552 552 553 554 555
528 528 528 528 528 528 527 527 527 527 527 527 526 526 526 526 526 525 525 525 525 525 524 524 524 524 524 523 523 523 523 523 522 522 522 522 522 521 521 521 521 521 520 520 520 520 519 519 519 519 519 518 518 518 518 517 517 517 517 517 516 516 516 516 515 515 515 515 514 514 514 514 514 513 521 526 530 532 534 537 539 540 541 543 545 545 547 548 549 550 551 552 553 554
528 528 528 528 527 527 527 527 527 527 526 526 526 526 526 525 525 525 525 525 525 524 524 524 524 524 523 523 523 523 523 522 522 522 522 522 521 521 521 521 520 520 520 520 520 519 519 519 519 519 518 518 518 518 517 517 517 517 517 516 516 516 516 515 515 515 515 514 514 514 514 514 513 513 513 522 526 529 532 535 536 538 540 542 542 544 545 547 547 549 550 551 551 553
528 528 527 527 527 527 527 527 526 526 526 526 526 526 525 525 525 525 525 524 524 524 524 524 523 523 523 523 523 522 522 522 522 522 521 521 521 521 521 520 520 520 520 520 519 519 519 519 518 518 518 518 518 517 517 517 517 516 516 516 516 516 515 515 515 515 514 514 514 514 513 513 513 513 513 516 523 527 530 532 534 536 538 539 541 543 544 545 546 548 549 549 550 552
528 527 527 527 527 527 526 526 526 526 526 526 525 525 525 525 525 524 524 524 524 524 524 523 523 523 523 523 522 522 522 522 522 521 521 521 521 521 520 520 520 520 519 519 519 519 519 518 518 518 518 518 517 517 517 517 516 516 516 516 516 515 515 515 515 514 514 514 514 513 513 513 513 513 512 512 517 523 526 530 532 535 536 538 540 541 542 543 545 546 547 548 549 551
527 527 527 527 527 526 526 526 526 526 525 525 525 525 525 525 524 524 524 524 524 523 523 523 523 523 522 522 522 522 522 521 521 521 521 521 520 520 520 520 520 519 519 519 519 519 518 518 518 518 517 517 517 517 517 516 516 516 516 515 515 515 515 515 514 514 514 514 513 513 513 513 512 512 512 512 512 518 523 527 530 532 534 536 538 539 541 542 544 544 546 547 548 548
527 527 527 526 526 526 526 526 526 525 525 525 525 525 524 524 524 524 524 523 523 523 523 523 523 522 522 522 522 522 521 521 521 521 521 520 520 520 520 520 519 519 519 519 518 518 518 518 518 517 517 517 517 517 516 516 516 516 515 515 515 515 515 514 514 514 514 513 513 513 513 512 512 512 512 511 511 511 519 524 527 529 532 534 535 537 539 541 541 543 544 546 546 547
527 526 526 526 526 526 526 525 525 525 525 525 524 524 524 524 524 524 523 523 523 523 523 522 522 522 522 522 521 521 521 521 521 520 520 520 520 520 519 519 519 519 519 518 518 518 518 518 517 517 517 517 516 516 516 516 516 515 515 515 515 514 514 514 514 514 513 513 513 513 512 512 512 512 511 511 511 511 511 519 524 527 530 531 534 536 538 538 540 542 543 544 545 546
526 526 526 526 526 525 525 525 525 525 525 524 524 524 524 524 523 523 523 523 523 522 522 522 522 522 522 521 521 521 521 521 520 520 520 520 520 519 519 519 519 519 518 518 518 518 517 517 517 517 517 516 516 516 516 516 515 515 515 515 514 514 514 514 513 513 513 513 513 512 512 512 512 511 511 511 511 510 510 510 520 524 527 529 532 534 535 537 539 540 541 542 544 545
526 526 526 525 525 525 525 525 525 524 524 524 524 524 523 523 523 523 523 523 522 522 522 522 522 521 521 521 521 521 520 520 520 520 520 519 519 519 519 519 518 518 518 518 518 517 517 517 517 517 516 516 516 516 515 515 515 515 515 514 514 514 514 513 513 513 513 513 512 512 512 512 511 511 511 511 510 510 510 510 514 520 524 527 530 531 533 535 537 538 539 541 542 543
526 525 525 525 525 525 525 524 524 524 524 524 524 523 523 523 523 523 522 522 522 522 522 522 521 521 521 521 521 520 520 520 520 520 519 519 519 519 519 518 518 518 518 518 517 517 517 517 516 516 516 516 516 515 515 515 515 515 514 514 514 514 513 513 513 513 512 512 512 512 512 511 511 511 511 510 510 510 510 509 509 514 520 524 526 529 531 533 534 536 538 540 540 542
525 525 525 525 525 524 524 524 524 524 524 523 523 523 523 523 523 522 522 522 522 522 521 521 521 521 521 520 520 520 520 520 519 519 519 519 519 518 518 518 518 518 517 517 517 517 517 516 516 516 516 516 515 515 515 515 514 514 514 514 514 513 513 513 513 512 512 512 512 512 511 511 511 511 510 510 510 510 509 509 509 509 514 520 524 527 529 531 533 535 536 537 539 540
525 525 525 524 524 524 524 524 524 523 523 523 523 523 523 522 522 522 522 522 521 521 521 521 521 521 520 520 520 520 520 519 519 519 519 519 518 518 518 518 518 517 517 517 517 517 516 516 516 516 515 515 515 515 515 514 514 515 515 514 514 514 514 514 513 513 513 513 512 512 512 512 512 511 511 511 511 510 510 510 510 509 508 515 520 524 526 529 531 533 534 536 537 539
525 524 524 524 524 524 524 523 523 523 523 523 523 522 522 522 522 522 522 521 521 521 521 521 520 520 520 520 520 519 519 519 519 519 518 518 518 518 518 517 517 517 517 517 516 516 516 516 516 515 515 516 516 516 515 515 515 515 514 514 514 514 514 513 513 513 513 512 512 512 512 512 511 511 511 511 510 510 510 510 509 509 509 509 516 521 524 527 529 530 532 534 536 536
524 524 524 524 524 524 523 523 523 523 523 522 522 522 522 522 522 521 521 521 521 521 520 520 520 520 520 520 519 519 519 519 519 518 518 518 518 518 517 517 517 517 517 516 516 516 517 517 516 516 516 516 515 515 515 515 515 514 514 514 514 513 513 513 513 513 512 512 512 512 511 511 511 511 511 510 510 510 510 509 509 509 509 508 508 517 521 524 527 529 531 533 534 535
524 524 524 524 523 523 523 523 523 523 522 522 522 522 522 521 521 521 521 521 521 520 520 520 520 520 519 519 519 519 519 518 518 518 518 518 517 517 517 517 517 516 517 517 517 517 516 516 516 516 516 515 515 515 515 515 514 514 514 514 514 514 514 514 514 513 513 513 513 512 512 512 512 512 511 511 511 511 510 509 509 509 508 508 508 508 516 521 524 527 529 530 532 534
524 524 523 523 523 523 523 523 522 522 522 522 522 521 521 521 521 521 521 520 520 520 520 520 519 519 519 519 519 519 518 518 518 518 518 517 517 517 517 518 517 517 517 517 517 516 516 516 516 516 515 515 515 516 515 515 515 515 515 514 514 514 514 513 513 513 513 513 512 512 512 512 511 511 511 511 511 510 510 510 510 509 509 509 509 508 507 517 521 523 526 528 531 533
523 523 523 523 523 523 522 522 522 522 522 522 521 521 521 521 521 520 520 520 520 520 520 519 519 519 519 519 518 518 518 518 518 517 517 517 518 518 517 517 517 517 517 516 516 516 516 516 516 516 516 516 516 515 515 515 515 515 514 514 514 514 513 513 513 513 513 512 512 512 512 511 511 511 511 510 510 510 510 510 509 509 509 509 508 508 508 512 517 521 524 526 528 530
523 523 523 523 522 522 522 522 522 522 521 521 521 521 521 521 520 520 520 520 520 519 519 519 519 519 519 518 518 518 518 518 517 518 518 518 518 517 517 517 517 517 516 516 517 517 517 516 516 516 516 516 515 515 515 515 514 514 514 514 514 513 513 513 513 513 513 513 513 513 512 512 512 512 510 510 510 510 510 509 509 509 509 508 508 508 508 507 511 517 521 524 526 529
523 523 522 522 522 522 522 522 521 521 521 521 521 521 520 520 520 520 520 519 519 519 519 519 519 518 518 518 518 518 517 518 518 518 518 517 517 517 517 517 516 517 517 517 517 516 516 516 516 516 515 515 515 515 515 515 515 515 515 515 514 514 514 514 513 513 513 513 513 512 512 512 512 511 511 511 511 510 510 510 510 510 509 509 508 508 507 507 507 511 517 521 524 526
522 522 522 522 522 522 521 521 521 521 521 521 520 520 520 520 520 520 519 519 519 519 519 518 518 518 518 518 518 518 518 518 518 518 517 517 517 517 518 517 517 517 517 517 516 516 516 516 516 515 516 516 516 516 515 515 515 515 514 514 514 514 514 513 513 513 513 512 512 512 512 512 511 511 511 511 510 510 510 510 510 509 509 509 509 508 508 508 508 506 510 517 521 523
522 522 522 522 521 521 521 521 521 521 520 520 520 520 520 520 519 519 519 519 519 519 518 518 518 518 519 518 518 518 518 518 517 517 517 518 518 517 517 517 517 517 516 516 516 516 517 516 516 516 516 516 515 515 515 515 515 514 514 514 514 514 513 513 513 513 512 512 512 512 512 511 511 511 511 510 510 510 510 509 509 509 509 509 508 508 508 508 507 507 507 512 517 520
522 522 521 521 521 521 521 521 520 520 520 520 520 520 519 519 519 519 519 519 518 518 518 518 519 518 518 518 518 518 518 517 518 518 518 518 517 517 517 517 517 516 517 517 517 517 516 516 516 516 516 515 515 515 515 515 514 514 515 515 514 514 514 514 514 513 513 513 513 512 512 512 512 512 511 511 511 511 510 510 510 509 509 508 508 508 508 507 507 507 507 506 511 517
521 521 521 521 521 521 520 520 520 520 520 520 519 519 519 519 519 519 518 518 518 518 519 519 518 518 518 518 518 517 518 518 518 518 517 517 517 517 517 517 517 517 517 517 516 516 516 516 516 515 515 515 516 516 515 515 515 515 515 514 514 514 514 513 513 513 513 513 512 512 512 512 512 511 511 511 511 510 510 510 510 509 509 509 509 509 508 507 507 507 506 506 506 511
521 521 521 521 520 520 520 520 520 520 519 519 519 519 519 519 518 518 518 518 518 519 518 518 518 518 518 517 518 518 518 518 518 517 517 517 518 518 517 517 517 517 517 516 516 516 516 517 516 516 516 516 516 515 515 515 515 514 514 514 514 514 513 513 513 513 513 512 512 512 512 511 511 511 511 511 510 510 510 510 509 509 509 509 508 508 508 508 508 507 507 507 506 505
521 521 520 520 520 520 520 520 520 519 519 519 519 519 519 518 518 518 518 519 518 518 518 518 518 518 518 518 518 518 518 517 517 517 518 518 517 517 517 517 517 516 516 516 517 517 516 516 516 516 516 515 515 515 515 515 514 514 514 514 515 514 514 514 514 513 513 513 513 513 512 512 512 512 511 511 511 511 511 509 509 509 509 508 508 508 508 508 507 507 507 507 506 506
520 520 520 520 520 520 520 519 519 519 519 519 519 518 518 518 518 519 518 518 518 518 518 518 518 518 518 518 518 517 517 518 518 518 518 517 517 517 517 517 516 517 517 517 517 516 516 516 516 516 515 515 515 515 516 515 515 515 515 514 514 514 514 514 513 513 513 513 513 512 512 512 512 511 511 511 511 511 510 510 510 510 509 509 509 508 507 507 507 507 507 506 506 506
520 520 520 520 520 519 519 519 519 519 519 518 518 518 518 518 519 518 518 518 518 518 518 518 518 518 518 518 517 518 518 518 518 517 517 517 517 517 517 517 517 517 517 516 516 516 516 516 515 516 516 516 516 515 515 515 515 515 514 514 514 514 514 513 513 513 513 512 512 512 512 512 511 511 511 511 510 510 510 510 510 509 509 509 509 508 508 508 508 508 506 506 506 506
520 520 520 519 519 519 519 519 519 518 518 518 518 518 519 518 518 518 518 518 519 518 518 518 518 518 517 518 518 518 518 518 517 517 517 518 518 517 517 517 517 517 516 516 516 517 517 516 516 516 516 516 515 515 515 515 515 514 514 514 514 513 513 513 513 514 513 513 513 513 513 512 512 512 511 510 510 510 510 510 509 509 509 509 508 508 508 508 507 507 507 507 507 506
520 519 519 519 519 519 519 518 518 518 518 518 518 518 518 518 518 518 518 518 518 518 518 518 517 518 518 518 518 518 517 517 517 518 518 517 517 517 517 517 516 516 517 517 517 516 516 516 516 516 515 515 515 515 515 514 515 515 515 515 514 514 514 514 514 513 513 513 513 512 512 512 512 512 511 511 511 511 510 510 510 510 510 508 508 508 508 507 507 507 507 506 506 506
519 519 519 519 519 518 518 518 518 518 518 518 518 518 518 518 518 518 518 518 518 518 518 517 518 518 518 518 517 517 517 518 518 518 517 517 517 517 517 517 517 517 517 517 516 516 516 516 516 515 515 516 516 516 515 515 515 515 515 514 514 514 514 513 513 513 513 513 512 512 512 512 512 511 511 511 511 510 510 510 510 510 509 509 509 509 508 508 507 507 506 506 506 506
519 519 519 518 518 518 518 518 518 517 518 518 518 518 518 517 518 518 518 518 518 517 518 518 518 518 518 517 517 518 518 518 517 517 517 517 517 517 517 517 517 517 516 516 516 516 516 517 516 516 516 516 515 515 515 515 515 514 514 514 514 514 513 513 513 513 513 512 512 512 512 511 511 511 511 511 510 510 510 510 509 509 509 509 509 508 508 508 508 507 507 507 506 505
519 518 518 518 518 518 518 517 517 518 518 518 518 517 518 518 518 518 518 517 518 518 518 518 518 517 517 518 518 518 517 517 517 517 518 518 517 517 517 517 517 516 516 516 517 517 516 516 516 516 516 515 515 515 515 515 514 514 515 515 515 514 514 514 514 513 513 513 513 513 512 512 512 512 512 511 511 511 511 510 510 509 509 509 508 508 508 508 507 507 507 507 506 506
518 518 518 518 518 517 517 518 518 518 518 517 517 518 518 518 518 517 517 518 518 518 518 517 517 518 518 518 518 517 517 517 518 518 517 517 517 517 517 516 516 517 517 517 516 516 516 516 516 516 515 515 515 516 515 515 515 515 515 514 514 514 514 514 513 513 513 513 513 512 512 512 512 511 511 511 511 511 510 510 510 510 509 509 509 509 508 507 507 507 507 506 506 506
