testData/tiles/oneDegree/grid26.0-38.0-27.0-39.0.asc
ncols   200
nrows   200
xllcorner   26.0
yllcorner   38.0
cellsize   0.005
NODATA_value   -9999.0
[rows 42 to 83 of 200, columns 0 to 93 of 200]
403 403 401 401 388 387 386 385 385 384 383 383 381 381 380 380 378 378 377 376 376 375 374 373 373 372 371 370 369 368 367 342 340 340 339 339 337 336 336 334 334 333 268 268 267 266 265 264 263 262 261 260 259 258 257 256 254 254 253 251 250 249 248 247 246 245 243 242 241 239 238 237 236 235 235 235 235 235 235 235 235 235 235 235 235 235 235 235 235 235 235 235 235 235
403 403 402 388 388 386 386 386 385 384 383 383 381 381 381 379 379 378 378 376 376 375 374 373 373 371 371 370 370 368 343 342 340 340 339 338 337 337 336 334 334 333 332 268 267 266 265 264 264 262 261 260 259 258 257 255 255 254 253 251 250 250 248 247 246 244 243 242 241 239 238 237 236 235 235 235 235 235 235 235 235 235 235 235 235 235 235 235 235 235 235 235 235 235
403 403 402 388 388 387 386 386 385 384 383 383 382 381 381 379 379 378 378 376 376 375 374 373 373 371 371 370 370 343 343 342 341 340 340 338 337 337 336 335 334 333 332 331 267 266 265 264 264 262 261 261 259 258 257 256 255 254 253 252 251 250 248 247 246 244 243 243 242 240 239 238 236 235 235 235 235 235 235 235 235 235 235 235 235 235 235 235 235 235 235 235 235 235
344 403 402 388 388 387 386 386 385 384 384 383 382 381 381 379 379 378 378 377 376 376 374 374 373 372 371 371 370 343 343 342 341 340 340 338 338 337 336 335 334 334 332 331 268 266 265 265 264 262 262 261 259 258 258 256 255 254 254 252 251 250 248 247 247 245 244 243 242 240 239 238 237 236 235 235 235 235 235 235 235 235 235 235 235 235 235 235 235 235 235 235 235 235
344 403 402 389 388 387 386 386 385 384 384 383 382 381 381 380 379 379 377 377 376 376 374 374 373 372 371 371 344 344 343 343 341 340 340 338 338 337 337 335 334 334 332 332 331 266 266 265 264 263 262 261 259 259 258 256 255 255 254 252 251 250 249 248 247 245 244 243 242 240 239 238 237 236 235 235 235 235 235 235 235 235 235 235 235 235 235 235 235 235 235 235 235 235
344 344 402 389 388 387 387 386 385 384 384 383 382 382 381 380 379 379 377 377 376 376 374 374 373 372 371 371 344 344 343 343 341 341 340 339 338 337 336 335 335 334 332 332 331 266 266 265 263 263 262 261 260 259 258 256 256 255 253 252 251 251 249 248 247 245 244 243 241 240 239 238 237 236 235 235 235 235 235 235 235 235 235 235 235 235 235 235 235 235 235 235 235 235
344 343 389 389 389 387 387 386 385 384 384 383 382 382 381 380 379 379 377 377 377 376 375 374 374 372 372 346 345 344 343 343 341 341 340 339 338 338 336 335 335 334 333 332 331 330 266 265 264 263 262 262 260 259 258 257 256 255 253 252 252 251 249 248 247 245 244 244 242 241 240 239 238 237 235 235 235 235 235 235 235 235 235 235 235 235 235 235 235 235 235 235 235 235
344 343 329 389 389 387 387 386 385 385 384 383 382 382 381 380 380 379 378 377 377 375 375 374 374 372 372 346 345 344 344 342 342 341 340 339 338 338 336 336 335 334 333 332 331 330 329 265 264 263 262 262 260 259 259 257 256 255 253 253 252 251 249 248 247 246 245 244 242 241 240 239 238 237 236 235 235 235 235 235 235 235 235 235 235 235 235 235 235 235 235 235 235 235
344 343 330 389 388 387 387 387 385 385 384 383 383 382 382 380 380 379 378 377 377 375 375 374 374 372 347 346 345 344 344 342 342 341 341 339 338 338 336 336 335 334 333 332 332 330 329 266 264 263 263 261 260 259 259 257 256 255 254 253 252 250 249 249 248 246 245 244 242 241 240 239 238 237 236 235 235 235 235 235 235 235 235 235 235 235 235 235 235 235 235 235 235 235
345 343 330 329 388 388 387 387 385 385 385 383 383 382 381 380 380 379 378 378 377 376 375 375 373 348 347 347 345 345 344 342 342 341 341 339 339 338 337 336 335 334 333 332 332 330 330 329 264 264 263 261 260 260 259 257 256 256 254 253 252 251 250 249 248 246 245 244 242 241 240 239 238 237 236 235 235 235 235 235 235 235 235 235 235 235 235 235 235 235 235 235 235 235
345 343 330 330 328 388 387 386 386 385 385 383 383 382 381 380 380 380 378 378 377 376 375 375 373 348 347 347 345 345 344 343 342 342 340 339 339 338 337 336 335 334 333 333 331 330 330 329 264 264 263 261 261 260 259 257 257 256 254 253 253 251 250 249 248 246 245 244 243 242 241 240 239 238 237 235 235 235 235 235 235 235 235 235 235 235 235 235 235 235 235 235 235 235
345 330 330 330 328 388 387 386 386 385 385 383 383 383 381 381 380 379 378 378 377 376 375 375 348 348 347 347 345 345 344 343 342 342 340 340 339 338 337 336 336 334 333 333 331 331 330 329 328 264 263 262 261 260 258 258 257 256 254 254 253 251 250 249 247 247 246 245 243 242 241 240 239 238 237 236 235 235 235 235 235 235 235 235 235 235 235 235 235 235 235 235 235 235
344 331 330 330 328 328 388 386 386 385 384 384 383 383 381 381 380 379 378 378 378 376 376 375 349 348 348 346 346 345 344 343 342 342 340 340 339 338 337 336 336 334 334 333 331 331 330 329 328 327 263 262 261 260 259 258 257 256 255 254 253 251 250 249 248 247 246 245 243 242 241 240 239 238 237 236 235 235 235 235 235 235 235 235 235 235 235 235 235 235 235 235 235 235
344 331 330 330 329 328 388 386 386 386 384 384 383 383 381 381 381 379 379 378 377 376 376 350 349 348 348 346 346 345 345 343 343 342 340 340 339 338 337 337 336 334 334 333 332 331 330 329 328 327 264 262 261 260 259 258 257 256 255 254 253 251 251 250 248 247 246 245 243 242 241 240 239 238 237 236 235 235 235 235 235 235 235 235 235 235 235 235 235 235 235 235 235 235
344 331 330 329 329 328 328 387 386 386 384 384 383 382 382 381 381 379 379 378 377 376 351 350 349 348 348 346 346 345 344 343 343 342 341 340 340 338 337 337 335 335 334 333 332 331 330 329 328 327 327 262 261 261 259 258 257 256 255 254 253 252 251 250 248 247 246 244 244 243 242 241 240 239 238 237 235 235 235 235 235 235 235 235 235 235 235 235 235 235 235 235 235 235
331 331 331 329 329 328 327 387 386 386 384 384 384 382 382 381 381 379 379 378 377 376 351 350 349 349 348 347 346 345 344 343 343 342 341 340 340 338 338 337 335 335 334 334 332 331 331 329 328 328 326 262 262 261 259 258 258 256 255 254 254 252 251 250 248 247 247 245 244 243 242 241 240 239 238 237 236 235 235 235 235 235 235 235 235 235 235 235 235 235 235 235 235 235
332 331 331 329 329 329 327 327 386 386 385 384 384 382 382 381 380 379 379 379 377 352 351 350 349 349 348 347 346 346 344 344 343 342 341 340 340 338 338 337 336 335 334 334 332 331 331 329 328 328 326 325 262 261 259 259 258 256 255 255 253 252 251 250 248 248 247 245 244 243 242 241 240 239 238 237 236 235 235 235 235 235 235 235 235 235 235 235 235 235 235 235 235 235
332 331 331 330 329 329 327 327 387 385 385 384 384 382 382 382 380 380 379 379 377 352 351 350 349 349 347 347 346 346 344 344 343 342 341 341 340 338 338 337 336 335 334 333 332 332 331 329 329 328 326 326 262 260 260 259 258 256 256 255 253 252 251 251 249 248 247 245 244 243 242 241 240 239 238 237 236 235 235 235 235 235 235 235 235 235 235 235 235 235 235 235 235 235
332 331 330 330 329 329 327 327 327 385 385 384 384 383 382 382 380 380 379 378 352 352 351 350 349 349 347 347 346 346 344 344 343 342 341 341 339 339 338 396 336 335 335 333 332 332 331 330 329 328 327 326 325 260 260 259 258 257 256 255 253 252 252 250 249 248 247 245 244 243 243 242 241 240 239 238 236 235 235 235 235 235 235 235 235 235 235 235 235 235 235 235 235 235
332 332 330 330 329 329 328 327 327 385 385 385 383 383 382 382 380 439 438 412 412 411 411 409 409 408 407 406 406 404 404 403 403 401 400 400 398 398 397 397 395 394 394 392 392 391 389 389 388 387 386 385 384 320 319 318 316 316 315 314 312 312 252 250 249 248 247 246 245 244 243 242 241 240 239 238 237 236 235 235 235 235 235 235 235 235 235 235 235 235 235 235 235 235
332 332 330 330 330 328 328 327 386 385 444 444 442 442 441 441 440 439 439 412 412 411 410 409 409 408 407 406 406 404 404 403 403 401 401 400 398 398 397 396 395 395 394 392 392 391 389 389 388 388 386 385 384 383 319 318 317 316 315 314 313 312 311 309 308 307 306 305 304 303 302 242 241 240 239 238 237 236 235 235 235 235 235 235 235 235 235 235 235 235 235 235 235 235
391 391 389 389 389 387 387 386 385 385 384 444 442 442 442 440 440 439 414 412 412 411 410 409 409 408 407 406 406 404 404 403 402 401 401 400 399 398 398 396 395 395 394 393 392 391 390 389 388 387 386 385 385 383 382 319 317 316 315 314 313 312 311 309 309 308 306 305 304 303 302 301 300 299 298 297 296 295 294 235 235 235 235 235 235 235 235 235 235 235 235 235 235 235
391 390 390 389 389 387 387 387 385 385 384 444 443 442 442 440 440 439 413 412 412 412 410 410 409 408 407 407 406 405 404 404 402 401 401 400 399 398 398 396 395 395 393 393 392 391 390 389 389 387 386 386 385 383 382 319 317 316 315 314 313 312 311 310 309 308 306 305 304 303 302 301 301 300 299 297 296 295 294 294 294 294 294 294 294 235 235 235 235 235 235 235 235 235
391 390 390 389 388 388 387 387 385 385 385 383 443 442 442 440 440 414 413 413 412 412 410 410 409 408 407 407 406 405 404 404 402 402 401 400 399 398 398 396 396 395 393 393 392 392 390 389 389 387 386 386 384 383 383 382 317 316 316 314 313 312 311 310 309 308 306 305 304 304 303 302 301 300 299 298 297 296 294 294 294 294 294 294 294 294 294 294 294 294 235 235 235 235
392 390 390 389 388 388 387 387 385 385 385 383 443 442 442 441 415 415 413 413 412 411 410 410 409 408 407 407 405 405 404 404 402 402 401 400 399 399 398 396 396 395 394 393 392 391 390 390 389 387 387 386 384 383 383 381 317 317 316 314 313 313 311 310 309 308 306 306 305 304 303 302 301 300 299 298 297 296 295 294 294 294 294 294 294 294 294 294 294 294 294 294 294 294
391 390 390 390 388 388 387 386 386 385 385 383 383 443 441 441 415 415 413 413 412 411 410 410 409 408 408 407 406 405 404 403 402 402 401 400 399 399 397 397 396 395 394 393 393 391 390 390 388 387 387 386 384 384 383 381 381 317 316 314 314 313 311 310 309 307 307 306 305 304 303 302 301 300 299 298 297 296 295 294 294 294 294 294 294 294 294 294 294 294 294 294 294 294
391 390 390 390 388 388 388 386 386 385 385 383 383 443 441 416 415 414 413 413 413 411 411 410 409 408 408 407 406 405 405 403 403 402 401 401 400 400 398 398 397 396 395 394 393 391 390 390 388 388 387 386 385 384 383 381 381 317 315 314 314 313 311 310 309 308 307 306 305 304 303 302 301 300 299 298 297 296 295 294 294 294 294 294 294 294 294 294 294 294 294 294 294 294
391 391 390 389 388 388 388 386 386 385 384 384 383 383 416 416 415 415 415 414 415 413 413 412 412 411 411 409 409 409 409 407 407 406 405 404 404 403 401 401 400 399 398 397 397 395 395 394 392 392 390 388 388 387 386 384 383 382 317 316 315 314 311 310 310 308 307 306 305 304 303 303 302 301 300 299 298 297 295 294 294 294 294 294 294 294 294 294 294 294 294 294 294 294
391 391 390 389 389 388 387 386 387 387 386 386 386 385 359 420 420 418 419 418 417 416 417 416 415 414 415 413 413 412 412 410 410 409 409 408 408 407 406 405 404 403 402 402 400 398 398 397 395 395 394 393 392 390 389 388 387 385 321 320 319 316 315 315 313 311 310 308 307 306 305 303 302 301 300 299 298 297 296 295 294 294 294 294 294 294 294 294 294 294 294 294 294 294
391 392 392 391 392 391 391 390 390 391 389 390 389 363 364 423 423 422 422 421 421 420 420 419 418 419 418 417 416 416 414 414 414 413 412 411 411 409 409 408 408 406 405 405 403 403 402 400 399 398 397 396 395 394 392 391 390 389 388 323 322 320 319 318 317 314 313 313 311 310 308 307 306 304 303 301 300 298 296 295 294 294 294 294 294 294 294 294 294 294 294 294 294 294
395 396 395 395 395 395 394 394 394 393 393 393 368 367 367 366 426 425 425 424 424 424 423 422 422 422 421 420 419 419 417 418 417 417 415 415 414 412 412 411 410 409 409 408 406 406 405 403 402 401 400 399 398 397 396 394 393 393 391 326 325 324 323 321 319 318 317 316 315 313 312 310 309 308 306 305 303 302 300 298 297 296 296 295 294 294 294 294 294 294 294 294 294 294
398 399 398 398 398 398 397 398 397 396 397 396 371 370 370 369 429 429 428 428 427 427 426 425 425 425 423 423 422 422 420 421 420 419 418 418 417 416 415 414 413 412 412 411 409 409 408 407 405 404 403 402 401 401 399 397 397 395 394 393 329 327 326 324 322 322 321 319 318 316 315 314 312 311 309 308 306 305 303 302 300 300 299 299 298 297 297 296 295 294 294 294 294 294
403 402 402 401 401 401 400 401 400 399 400 374 374 373 373 373 372 432 431 430 430 430 429 428 427 428 426 426 425 425 423 423 422 422 421 421 419 419 418 418 416 415 415 413 413 412 410 409 408 407 406 405 404 404 401 400 400 398 397 395 331 330 329 327 326 325 324 322 321 319 318 318 316 315 313 312 311 309 308 305 304 303 302 302 301 301 300 299 299 298 297 297 296 295
406 404 405 405 404 404 403 404 403 402 378 377 376 377 376 375 375 375 434 433 432 433 431 431 431 430 430 429 429 427 427 426 426 424 423 423 421 421 420 420 418 418 417 415 415 414 414 412 411 411 409 408 408 405 404 404 403 401 399 399 397 333 332 331 329 328 326 325 324 323 322 321 319 318 316 315 314 312 311 309 308 306 306 305 305 304 303 303 302 301 301 300 299 299
409 407 408 408 406 407 406 406 406 405 381 379 379 379 379 378 377 377 436 436 436 435 435 434 434 432 432 431 431 430 430 429 428 427 427 426 425 424 423 422 421 421 420 418 418 417 416 415 414 414 411 410 410 408 407 407 406 403 403 402 400 335 335 333 332 330 329 328 328 326 325 323 322 321 319 318 317 315 314 312 311 309 309 308 308 307 306 306 305 305 304 303 303 302
410 411 410 411 409 409 410 409 409 383 383 383 382 382 381 381 380 380 379 439 439 438 437 436 436 435 435 434 434 432 432 431 430 429 430 429 428 427 427 425 424 424 422 422 421 419 418 417 417 415 414 414 413 411 410 409 407 406 406 405 402 401 338 336 334 333 332 332 330 329 328 326 325 323 322 321 319 318 316 315 314 312 312 311 311 310 309 309 308 308 307 306 306 305
413 414 413 413 412 412 412 411 386 386 386 385 384 385 383 383 383 383 382 381 441 439 440 439 439 437 437 436 435 435 435 434 433 432 432 430 430 429 429 427 427 426 424 424 423 423 421 420 420 418 416 416 415 413 413 412 410 409 408 406 405 405 403 338 337 336 335 334 333 331 330 329 327 326 325 323 322 321 319 318 316 315 314 314 313 313 312 312 311 311 310 309 309 308
416 416 416 415 415 415 415 413 389 389 387 388 387 387 386 386 386 384 384 384 444 442 442 442 440 441 440 440 438 438 437 436 435 435 434 432 432 431 430 429 429 428 426 426 425 424 423 422 422 420 420 419 417 417 415 414 412 412 411 409 408 407 406 341 339 339 338 337 335 334 333 331 331 330 328 327 326 324 323 321 319 317 317 317 316 316 315 314 314 313 313 312 312 311
418 419 418 417 418 417 416 392 391 391 390 390 390 390 389 388 388 386 387 386 386 445 444 445 443 443 442 442 440 440 439 439 438 438 437 436 435 434 433 432 432 431 430 429 428 427 426 426 424 422 422 421 419 419 418 416 415 414 413 411 411 409 407 406 343 342 340 339 338 336 336 335 333 332 331 329 328 327 325 324 322 321 320 319 319 318 318 317 317 316 316 315 314 314
421 421 420 420 420 420 394 394 393 394 392 392 393 391 391 390 391 389 389 389 387 448 447 447 445 445 444 443 443 443 442 441 440 440 438 438 437 437 435 434 434 432 432 431 431 429 428 428 426 425 425 423 421 421 420 418 418 417 415 414 413 412 410 409 345 344 343 341 340 340 338 337 336 335 333 332 330 329 328 326 325 324 322 322 321 321 320 320 319 319 318 318 317 316
423 423 423 422 423 423 396 397 396 395 395 395 395 393 393 393 392 392 391 391 390 390 449 448 447 447 446 446 445 445 443 443 442 442 440 440 439 438 437 437 436 434 434 433 432 431 430 430 428 428 427 425 424 423 422 421 420 419 417 416 415 414 412 412 410 346 345 344 343 342 341 340 338 337 336 334 333 331 330 329 327 326 324 324 324 323 323 322 322 321 321 320 320 319
426 426 425 424 425 399 398 399 398 397 398 397 396 395 396 396 394 394 393 394 392 392 391 450 450 450 450 448 448 447 446 445 445 444 442 442 441 440 439 439 438 437 436 435 434 433 433 432 430 430 429 427 427 426 424 423 422 421 420 419 417 415 415 414 413 348 347 347 346 344 343 342 340 339 338 336 335 334 332 331 330 328 327 326 326 326 325 325 324 324 323 323 322 322
