testData/tiles/oneDegree/grid30.0-34.0-31.0-35.0.asc
ncols   200
nrows   200
xllcorner   30.0
yllcorner   34.0
cellsize   0.005
NODATA_value   -9999.0
[rows 126 to 167 of 200, columns 0 to 93 of 200]
473 473 472 472 471 471 470 470 470 469 469 468 468 467 467 467 466 466 465 465 464 464 464 463 463 462 462 461 461 461 460 460 459 459 458 330 329 329 328 328 328 327 327 326 326 325 325 324 366 366 365 365 364 364 367 371 373 376 378 381 383 385 388 389 391 393 395 396 398 399 401 403 405 406 408 410 411 413 415 416 418 419 421 422 424 425 427 428 430 431 432 434 435 436
473 472 472 471 471 470 470 470 469 469 468 468 467 467 467 466 466 465 465 464 464 464 463 463 462 462 461 461 461 460 460 459 459 458 458 457 329 329 328 328 327 327 326 326 325 325 324 324 324 365 365 364 364 363 364 367 371 373 376 379 381 383 385 387 389 391 392 394 395 397 399 401 403 405 407 408 410 412 414 415 417 418 420 421 423 424 426 427 428 430 431 432 434 435
472 472 471 471 470 470 470 469 469 468 468 467 467 467 466 466 465 465 464 464 464 463 463 462 462 461 461 461 460 460 459 459 458 458 457 457 457 328 328 327 327 326 326 325 325 325 324 324 323 323 364 364 363 363 362 364 368 371 374 376 379 380 383 385 387 388 391 392 394 396 398 400 402 404 405 407 409 411 412 414 415 417 419 420 422 423 425 426 427 429 430 431 433 434
472 471 471 470 470 470 469 469 468 468 467 467 467 466 466 465 465 465 464 464 463 463 462 462 461 461 461 460 460 459 459 458 458 458 457 457 456 328 327 327 326 326 325 325 325 324 324 323 323 322 364 363 363 363 362 362 364 368 370 374 376 378 380 383 384 387 389 390 392 394 396 398 400 402 404 406 408 409 411 413 414 416 417 419 420 422 423 425 426 428 429 430 432 433
471 471 470 470 470 469 469 468 468 467 467 467 466 466 465 465 465 464 464 463 463 462 462 461 461 461 460 460 459 459 458 458 458 457 457 456 456 455 327 326 326 326 325 325 324 324 323 323 322 322 321 363 363 362 362 361 362 364 368 370 373 375 378 381 382 385 386 388 391 393 395 397 399 401 403 404 406 408 410 411 413 415 416 418 419 421 422 424 425 426 428 429 431 432
471 470 470 470 469 469 468 468 467 467 467 466 466 465 465 465 464 464 463 463 462 462 462 461 461 460 460 459 459 458 458 458 457 457 456 456 455 455 454 326 326 325 325 324 324 323 323 322 322 322 321 321 362 362 361 361 360 362 364 368 371 373 376 378 380 382 384 387 389 391 393 395 397 399 401 403 405 407 408 410 412 413 415 416 418 420 421 422 424 425 427 428 429 431
470 470 470 469 469 468 468 467 467 467 466 466 465 465 465 464 464 463 463 462 462 462 461 461 460 460 459 459 458 458 458 457 457 456 456 455 455 455 454 454 325 325 324 324 323 323 322 322 322 321 321 320 320 361 361 360 360 359 362 365 368 371 373 376 377 380 382 385 387 389 392 394 396 398 400 402 403 405 407 409 410 412 414 415 417 418 420 421 423 424 426 427 428 430
470 470 469 469 468 468 467 467 467 466 466 465 465 465 464 464 463 463 462 462 462 461 461 460 460 459 459 458 458 458 457 457 456 456 455 455 455 454 454 453 325 324 324 323 323 323 322 322 321 321 320 320 319 361 360 360 360 359 359 361 365 367 371 372 375 378 381 383 385 388 390 392 394 396 398 400 402 404 406 407 409 411 412 414 415 417 419 420 422 423 424 426 427 366
470 469 469 468 468 467 467 467 466 466 465 465 465 464 464 463 463 462 462 462 461 461 460 460 459 459 459 458 458 457 457 456 456 455 455 455 454 454 453 453 452 324 323 323 323 322 322 321 321 320 320 319 319 319 360 360 359 359 358 358 361 365 367 370 373 376 379 381 384 386 388 390 392 395 397 398 400 402 404 406 408 409 411 413 414 416 417 419 420 422 423 425 363 364
469 469 468 468 467 467 467 466 466 465 465 464 464 464 463 463 462 462 462 461 461 460 460 459 459 459 458 458 457 457 456 456 455 455 455 454 454 453 453 452 452 452 323 323 322 322 321 321 320 320 319 319 319 318 318 359 359 358 358 357 358 361 365 368 371 374 376 379 382 384 386 389 391 393 395 397 399 401 403 404 406 408 410 411 413 414 416 418 419 421 422 360 362 363
469 468 468 467 467 467 466 466 465 465 464 464 464 463 463 462 462 462 461 461 460 460 459 459 459 458 458 457 457 456 456 455 455 455 454 454 453 453 452 452 452 451 323 322 322 321 321 320 320 320 319 319 318 318 317 317 358 358 357 357 357 358 362 365 368 371 374 377 380 382 384 387 389 391 393 395 397 399 401 403 405 406 408 410 412 413 415 416 418 356 358 359 361 362
468 468 467 467 467 466 466 465 465 464 464 464 463 463 462 462 462 461 461 460 460 459 459 459 458 458 457 457 456 456 456 455 455 454 454 453 453 452 452 452 451 451 450 322 321 321 320 320 320 319 319 318 318 317 317 316 358 358 357 357 356 356 359 363 366 369 372 375 378 380 383 385 387 389 392 394 396 398 400 401 403 405 407 408 410 412 413 415 353 355 357 358 359 361
468 467 467 467 466 466 465 465 464 464 464 463 463 462 462 462 461 461 460 460 459 459 459 458 458 457 457 456 456 456 455 455 454 454 453 453 452 452 452 451 451 450 450 321 321 321 320 320 319 319 318 318 317 317 316 316 316 357 357 356 356 356 356 360 363 367 370 373 375 378 381 383 385 388 390 392 394 396 398 400 402 404 405 407 409 410 412 351 352 354 355 357 358 360
467 467 466 466 466 465 465 464 464 464 463 463 462 462 462 461 461 460 460 459 459 459 458 458 457 457 456 456 456 455 455 454 454 453 453 453 452 452 451 451 450 450 449 449 321 320 320 319 319 318 318 317 317 317 316 316 315 315 356 356 356 356 356 357 360 364 367 370 373 376 378 381 383 386 388 390 392 394 396 398 400 402 404 406 407 409 348 349 351 352 354 355 357 358
467 466 466 466 465 465 464 464 464 463 463 462 462 461 461 461 460 460 459 459 459 458 458 457 457 456 456 456 455 455 454 454 453 453 453 452 452 451 451 450 450 449 449 449 448 320 319 319 318 318 317 317 317 316 316 315 315 314 314 356 356 356 356 356 357 361 365 368 371 374 376 379 381 384 386 388 390 393 395 397 399 400 402 404 406 344 346 348 349 351 353 354 356 357
466 466 466 465 465 464 464 464 463 463 462 462 461 461 461 460 460 459 459 459 458 458 457 457 456 456 456 455 455 454 454 453 453 453 452 452 451 451 450 450 449 449 449 448 448 319 319 318 318 318 317 317 316 316 315 315 314 314 314 314 356 356 356 356 356 358 362 365 368 371 374 377 379 382 384 386 389 391 393 395 397 399 401 402 341 343 345 346 348 350 351 353 354 340
466 466 465 465 464 464 464 463 463 462 462 461 461 461 460 460 459 459 459 458 458 457 457 456 456 456 455 455 454 454 453 453 453 452 452 451 451 450 450 450 449 449 448 448 447 447 318 318 318 317 317 316 316 315 315 314 314 314 314 314 356 356 356 356 356 356 359 362 366 369 372 375 377 380 382 385 387 389 391 393 395 397 336 338 340 341 343 345 347 348 350 351 337 338
466 465 465 464 464 463 463 463 462 462 461 461 461 460 460 459 459 459 458 458 457 457 456 456 456 455 455 454 454 453 453 453 452 452 451 451 450 450 450 449 449 448 448 447 447 446 446 318 317 317 316 316 315 315 314 314 314 314 314 314 314 356 356 356 356 356 356 359 363 366 369 372 375 378 380 383 385 387 389 391 393 332 334 336 338 340 342 343 345 347 348 334 336 337
465 465 464 464 463 463 463 462 462 461 461 461 460 460 459 459 458 458 458 457 457 456 456 456 455 455 454 454 453 453 453 452 452 451 451 450 450 450 449 449 448 448 447 447 446 446 446 317 317 316 316 315 315 315 314 314 314 314 314 314 314 314 356 356 356 356 356 356 360 363 367 370 373 375 378 380 383 385 387 390 329 331 333 335 336 338 340 342 344 345 347 333 334 336
465 464 464 463 463 463 462 462 461 461 461 460 460 459 459 458 458 458 457 457 456 456 456 455 455 454 454 453 453 453 452 452 451 451 450 450 450 449 449 448 448 447 447 447 446 446 445 445 316 316 315 315 315 314 314 314 314 314 314 314 314 314 314 356 356 356 356 356 357 360 364 367 370 373 376 378 381 383 385 325 327 329 331 333 335 337 339 340 342 344 329 331 333 334
464 464 463 463 463 462 462 461 461 461 460 460 459 459 458 458 458 457 457 456 456 456 455 455 454 454 453 453 453 452 452 451 451 450 450 450 449 449 448 448 447 447 447 446 446 445 445 444 316 315 315 315 314 314 314 314 314 314 314 314 314 314 314 314 356 356 356 356 356 357 361 364 368 371 373 376 379 318 320 323 325 327 329 331 333 335 337 339 340 326 328 330 331 333
464 463 463 463 462 462 461 461 460 460 460 459 459 458 458 458 457 457 456 456 456 455 455 454 454 453 453 453 452 452 451 451 450 450 450 449 449 448 448 447 447 447 446 446 445 445 444 444 443 315 315 314 314 314 314 314 314 314 314 314 314 314 314 314 314 356 356 356 356 356 358 361 365 368 371 374 313 316 318 321 323 325 327 329 331 333 335 337 323 325 326 328 330 331
464 463 462 462 462 461 461 460 460 460 459 459 458 458 458 457 457 456 456 455 455 455 454 454 453 453 453 452 452 451 451 450 450 450 449 449 448 448 447 447 447 446 446 445 445 444 444 444 443 443 314 314 314 314 314 314 314 314 314 314 314 314 314 314 314 314 356 356 356 356 356 358 362 365 368 308 311 314 316 319 321 323 325 327 330 332 333 319 321 323 325 326 328 330
465 462 462 462 461 461 460 460 460 459 459 458 458 458 457 457 456 456 455 455 455 454 454 453 453 453 452 452 451 451 450 450 450 449 449 448 448 447 447 447 446 446 445 445 444 444 444 443 443 442 314 314 314 314 314 314 314 314 314 314 314 314 314 314 314 314 356 356 356 356 356 356 359 362 303 306 308 311 314 316 319 321 323 326 328 330 332 318 319 321 323 325 327 328
464 463 462 461 461 460 460 460 459 459 458 458 458 457 457 456 456 455 455 455 454 454 453 453 453 452 452 451 451 450 450 450 449 449 448 448 447 447 447 446 446 445 445 444 444 444 443 443 442 442 442 314 314 314 314 314 314 314 314 314 314 314 314 314 314 314 314 356 356 356 356 356 293 296 300 303 306 309 312 314 317 319 321 324 326 328 314 316 318 320 321 323 325 327
465 464 462 461 460 460 460 459 459 458 458 457 457 457 456 456 455 455 455 454 454 453 453 453 452 452 451 451 450 450 450 449 449 448 448 447 447 447 446 446 445 445 444 444 444 443 443 442 442 442 442 314 314 314 314 314 314 314 314 314 314 314 314 314 314 314 314 314 356 356 356 293 293 293 296 300 303 306 309 312 314 317 319 321 324 310 312 314 316 318 320 322 323 325
465 464 463 461 460 459 459 459 458 458 457 457 457 456 456 455 455 455 454 454 453 453 453 452 452 451 451 450 450 450 449 449 448 448 447 447 447 446 446 445 445 444 444 444 443 443 442 442 442 442 442 442 314 314 314 314 314 314 314 314 314 314 314 314 314 314 314 314 314 356 293 293 293 293 293 297 300 303 306 309 312 315 317 319 306 308 310 312 314 316 318 320 322 323
466 465 463 461 459 459 459 458 458 457 457 457 456 456 455 455 455 454 454 453 453 452 452 452 451 451 450 450 450 449 449 448 448 447 447 447 446 446 445 445 444 444 444 443 443 442 442 442 442 442 442 442 314 314 314 314 314 314 314 314 314 314 314 314 314 314 314 314 251 251 293 293 293 293 293 293 297 300 304 307 309 312 315 301 303 306 308 310 312 314 316 318 320 322
467 465 463 461 460 459 458 458 457 457 457 456 456 455 455 455 454 454 453 453 452 452 452 451 451 450 450 450 449 449 448 448 447 447 447 446 446 445 445 444 444 444 443 443 442 442 442 442 442 442 442 442 442 314 314 314 314 314 314 314 314 314 314 314 314 314 314 251 251 251 251 293 293 293 293 293 294 297 301 304 307 310 296 299 301 304 306 308 310 312 314 316 318 320
466 465 463 462 460 459 458 457 457 456 456 456 455 455 454 454 454 453 453 452 452 452 451 451 450 450 450 449 449 448 448 447 447 447 446 446 445 445 444 444 444 443 443 442 442 442 442 442 442 442 442 442 442 442 314 314 314 314 314 314 314 314 314 314 314 314 251 251 251 251 251 251 293 293 293 293 293 294 298 301 304 291 294 296 299 301 304 306 308 310 312 314 316 318
467 465 464 462 461 459 457 457 456 456 456 455 455 454 454 454 453 453 452 452 452 451 451 450 450 450 449 449 448 448 447 447 447 446 446 445 445 444 444 444 443 443 442 442 442 442 442 442 442 442 442 442 442 442 314 314 314 314 314 314 314 314 314 314 251 251 251 251 251 251 251 251 251 293 293 293 293 293 294 298 301 288 291 294 297 299 301 304 306 308 310 312 314 316
467 466 464 463 461 459 458 456 456 456 455 455 454 454 454 453 453 452 452 452 451 451 450 450 449 449 449 448 448 447 447 447 446 446 445 445 444 444 444 443 443 442 442 442 442 442 442 442 442 442 442 442 442 442 442 314 314 314 314 314 314 314 314 251 251 251 251 251 251 251 251 251 251 251 293 293 293 293 293 294 282 285 288 291 294 297 299 302 304 306 308 310 312 314
468 466 465 463 461 460 458 457 456 455 455 454 454 454 453 453 452 452 452 451 451 450 450 449 449 449 448 448 447 447 447 446 446 445 445 444 444 444 443 443 442 442 442 442 442 442 442 442 442 442 442 442 442 442 442 314 314 314 314 314 314 314 251 251 251 251 251 251 251 251 251 251 251 251 251 293 293 293 293 277 279 282 285 288 291 294 297 299 302 304 306 308 310 312
468 466 464 463 462 460 459 456 455 455 454 454 453 453 453 452 452 451 451 451 450 450 449 449 449 448 448 447 447 447 446 446 445 445 444 444 444 443 443 442 442 442 442 442 442 442 442 442 442 442 442 442 442 442 442 442 314 314 314 314 251 251 251 251 251 251 251 251 251 251 251 251 251 251 251 251 293 293 277 277 277 279 282 285 288 291 294 297 299 302 304 306 308 310
468 466 465 464 462 461 458 457 456 454 454 453 453 453 452 452 451 451 451 450 450 449 449 449 448 448 447 447 447 446 446 445 445 444 444 444 443 443 442 442 442 442 442 442 442 442 442 442 442 442 442 442 442 442 442 442 314 314 314 251 251 251 251 251 251 251 251 251 251 251 251 251 251 251 251 251 293 277 277 277 277 277 279 282 285 289 291 294 297 299 302 304 306 308
468 467 466 464 463 460 459 458 456 455 453 453 453 452 452 451 451 451 450 450 449 449 449 448 448 447 447 446 446 446 445 445 444 444 444 443 443 442 442 442 442 442 442 442 442 442 442 442 442 442 442 442 442 442 442 442 442 314 251 251 251 251 251 251 251 251 251 251 251 251 251 251 251 251 251 251 235 277 277 277 277 277 277 279 282 286 289 291 294 297 299 302 304 306
469 467 466 464 462 461 460 458 457 454 453 453 452 452 451 451 451 450 450 449 449 449 448 448 447 447 446 446 446 445 445 444 444 444 443 443 442 442 442 442 442 442 442 442 442 442 442 442 442 442 442 442 442 442 442 442 379 251 251 251 251 251 251 251 251 251 251 251 251 251 251 251 251 251 251 235 235 235 277 277 277 277 277 277 279 282 286 289 291 294 297 299 302 304
468 467 466 464 463 461 460 459 456 455 453 452 452 451 451 450 450 450 449 449 448 448 448 447 447 446 446 446 445 445 444 444 444 443 443 442 442 442 442 442 442 442 442 442 442 442 442 442 442 442 442 442 442 442 442 379 379 379 251 251 251 251 251 251 251 251 251 251 251 251 251 251 251 251 235 235 235 235 235 277 277 277 277 277 277 279 282 285 288 291 294 297 299 301
469 468 466 465 463 462 460 458 457 455 454 452 451 451 450 450 450 449 449 448 448 448 447 447 446 446 446 445 445 444 444 444 443 443 442 442 442 442 442 442 442 442 442 442 442 442 442 442 442 442 442 442 442 379 379 379 379 379 251 251 251 251 251 251 251 251 251 251 251 251 251 251 251 235 235 235 235 235 235 235 277 277 277 277 277 277 279 282 285 288 291 294 297 299
469 468 467 465 463 462 460 459 457 456 454 452 451 450 450 450 449 449 448 448 448 447 447 446 446 446 445 445 444 444 443 443 443 442 442 442 442 442 442 442 442 442 442 442 442 442 442 442 442 442 442 442 379 379 379 379 379 379 379 251 251 251 251 251 251 251 251 251 251 251 251 251 235 235 235 235 235 235 235 235 235 277 277 277 277 277 277 279 282 285 288 291 294 296
470 469 466 465 463 462 461 459 458 456 454 453 451 450 450 449 449 448 448 448 447 447 446 446 446 445 445 444 444 443 443 443 442 442 442 442 442 442 442 442 442 442 442 442 442 442 442 442 442 442 379 379 379 379 379 379 379 379 379 251 251 251 251 251 251 251 251 251 251 251 251 251 235 235 235 235 235 235 235 235 235 235 277 277 277 277 277 277 279 282 285 288 291 294
470 468 467 465 464 463 461 460 457 456 455 453 452 449 449 449 448 448 447 447 447 446 446 445 445 445 444 444 443 443 443 442 442 442 442 442 442 442 442 442 442 442 442 442 442 442 442 442 442 379 379 379 379 379 379 379 379 379 379 379 251 251 251 251 251 251 251 251 251 251 251 235 235 235 235 235 235 235 235 235 235 235 235 277 277 277 277 277 277 278 282 285 288 291
