testData/tiles/oneDegree/grid30.0-6.0-31.0-7.0.asc
ncols   200
nrows   200
xllcorner   30.0
yllcorner   6.0
cellsize   0.005
NODATA_value   -9999.0
[rows 84 to 125 of 200, columns 94 to 187 of 200]
238 238 238 238 238 238 238 238 238 237 237 237 237 237 237 237 237 237 237 237 237 237 237 236 236 236 236 236 236 236 236 236 236 236 235 235 235 235 235 235 235 235 235 235 235 236 236 236 237 237 238 237 237 238 238 239 239 239 239 239 239 240 240 240 240 240 240 241 241 241 241 241 241 242 242 241 241 242 242 242 242 242 242 242 243 242 242 242 242 243 242 242 242 243
239 239 239 239 239 239 239 239 238 238 238 238 238 238 238 238 238 238 238 238 238 238 238 237 237 237 237 237 237 237 237 237 237 237 236 236 236 236 236 236 236 236 236 236 236 237 237 238 238 238 239 238 239 239 239 240 240 241 240 240 241 241 241 242 241 241 242 242 242 243 242 242 242 243 243 243 243 243 243 243 244 243 243 243 244 244 243 243 244 244 243 243 244 244
240 240 240 240 240 240 240 240 239 239 239 239 239 239 239 239 239 239 239 239 239 239 239 238 238 238 238 238 238 238 238 238 238 238 237 237 237 237 237 237 237 237 238 237 238 238 238 239 239 240 240 239 240 240 241 241 241 242 241 241 242 242 242 243 242 242 243 243 243 244 243 243 244 244 244 245 244 244 244 245 245 244 244 245 245 245 244 245 245 245 244 244 245 245
241 241 241 241 241 241 241 240 240 240 240 240 240 240 240 240 240 240 240 240 240 240 239 239 239 239 239 239 239 239 239 239 239 238 238 238 238 238 238 238 238 238 238 238 239 239 240 240 240 241 240 241 241 241 242 242 243 243 242 243 243 243 244 244 243 244 244 244 245 245 244 245 245 245 245 246 245 245 246 246 246 245 246 246 246 246 246 246 246 246 246 246 246 246
242 242 242 242 242 241 241 241 241 241 241 241 241 241 241 241 241 241 241 241 241 240 240 240 240 240 240 240 240 240 240 240 240 239 239 239 239 239 239 239 239 240 239 239 240 240 241 241 242 242 241 242 242 243 243 243 244 243 243 244 244 245 245 245 245 245 245 245 246 246 245 246 246 246 247 247 246 246 247 247 247 246 247 247 247 247 247 247 247 247 248 247 247 247
243 243 243 243 242 242 242 242 242 242 242 242 242 242 242 242 242 242 242 242 241 241 241 241 241 241 241 241 241 241 241 241 240 240 240 240 240 240 240 240 240 241 240 241 241 242 242 242 243 243 243 243 243 244 244 245 245 244 245 245 245 246 246 246 246 246 246 247 247 247 247 247 247 247 248 248 247 248 248 248 248 248 248 248 248 249 248 248 248 249 249 248 248 248
244 244 243 243 243 243 243 243 243 243 243 243 243 243 243 243 243 243 243 242 242 242 242 242 242 242 242 242 242 242 242 241 241 241 241 241 241 241 241 241 242 241 241 242 242 243 243 244 244 243 244 244 245 245 245 246 246 245 246 246 247 247 247 247 247 247 248 248 248 248 248 248 248 249 249 248 249 249 249 249 250 249 249 249 250 250 249 249 250 250 250 249 249 250
244 244 244 244 244 244 244 244 244 244 244 244 244 244 244 244 244 244 243 243 243 243 243 243 243 243 243 243 243 243 242 242 242 242 242 242 242 242 242 242 242 242 243 243 244 244 244 245 245 245 245 245 246 246 247 247 246 247 247 247 248 248 248 248 248 248 249 249 249 249 249 249 250 250 250 249 250 250 250 250 251 250 250 250 251 251 250 250 251 251 251 250 251 251
245 245 245 245 245 245 245 245 245 245 245 245 245 245 245 245 245 244 244 244 244 244 244 244 244 244 244 244 244 243 243 243 243 243 243 243 243 243 243 242 243 243 244 244 245 245 246 246 245 246 246 247 247 247 248 248 247 248 248 249 249 249 250 249 249 250 250 250 251 250 250 250 251 251 251 251 251 251 251 252 251 251 251 252 252 252 251 252 252 252 251 252 252 252
246 246 246 246 246 246 246 246 246 246 246 246 246 246 246 245 245 245 245 245 245 245 245 245 245 245 245 245 244 244 244 244 244 244 244 244 244 244 244 244 244 245 245 245 246 246 247 246 247 247 247 248 248 249 249 248 249 249 249 250 250 250 250 250 250 251 251 251 251 251 251 252 252 252 251 252 252 252 253 253 252 252 253 253 253 252 253 253 253 253 252 253 253 253
247 247 247 247 247 247 247 247 247 247 247 247 247 246 246 246 246 246 246 246 246 246 246 246 246 246 246 245 245 245 245 245 245 245 245 245 245 244 244 245 245 246 246 247 247 248 247 247 248 248 249 249 249 250 249 249 250 250 251 251 251 251 251 251 252 252 252 253 252 252 252 253 253 253 253 253 253 253 254 254 253 254 254 254 254 253 254 254 254 254 254 254 254 254
248 248 248 248 248 248 248 248 248 248 248 247 247 247 247 247 247 247 247 247 247 247 247 247 247 246 246 246 246 246 246 246 246 246 246 246 245 245 246 246 247 247 247 248 248 249 248 249 249 249 250 250 251 251 250 251 251 251 252 252 252 252 252 252 253 253 253 253 253 253 254 254 254 254 254 254 254 255 255 254 254 255 255 255 255 255 255 255 255 256 255 255 255 255
249 249 249 249 249 249 249 249 248 248 248 248 248 248 248 248 248 248 248 248 248 248 248 248 247 247 247 247 247 247 247 247 247 247 247 246 246 246 247 247 248 248 249 249 248 249 249 250 250 251 251 251 252 251 251 252 252 253 253 253 253 253 253 254 254 254 255 254 254 255 255 255 255 255 255 255 256 256 256 255 256 256 256 256 256 256 256 256 257 256 256 256 256 257
250 250 250 250 250 249 249 249 249 249 249 249 249 249 249 249 249 249 249 249 249 249 248 248 248 248 248 248 248 248 248 248 248 248 247 247 247 248 248 248 249 249 250 249 250 250 250 251 251 252 252 252 252 252 253 253 253 254 254 253 254 254 254 255 255 255 255 255 255 256 256 256 256 256 256 256 257 257 256 256 257 257 257 257 257 257 257 257 258 257 257 257 258 258
251 250 250 250 250 250 250 250 250 250 250 250 250 250 250 250 250 250 250 250 249 249 249 249 249 249 249 249 249 249 249 249 248 248 248 248 248 249 249 250 250 251 250 250 251 251 252 252 252 253 253 253 253 253 254 254 255 255 254 255 255 255 256 256 256 256 256 256 257 257 257 257 257 257 257 258 258 257 257 258 258 258 258 258 258 258 258 259 258 258 258 258 259 258
251 251 251 251 251 251 251 251 251 251 251 251 251 251 251 251 251 250 250 250 250 250 250 250 250 250 250 250 250 250 249 249 249 249 249 249 249 250 250 251 251 251 251 252 252 252 253 253 254 253 253 254 254 255 255 255 256 255 255 256 256 256 257 257 256 257 257 257 258 258 258 258 258 258 258 259 259 258 259 259 259 259 259 259 259 259 260 260 259 259 259 260 260 259
252 252 252 252 252 252 252 252 252 252 252 252 252 252 251 251 251 251 251 251 251 251 251 251 251 251 251 251 250 250 250 250 250 250 250 250 251 251 252 251 251 252 252 253 253 254 254 254 254 254 255 255 255 256 256 256 256 256 257 257 257 258 258 257 258 258 258 259 259 259 258 259 259 259 260 260 259 259 260 260 260 260 260 260 260 260 261 260 260 260 261 261 260 260
253 253 253 253 253 253 253 253 253 253 253 252 252 252 252 252 252 252 252 252 252 252 252 252 252 252 251 251 251 251 251 251 251 251 251 251 252 251 252 252 253 253 253 254 254 255 255 255 255 255 256 256 257 257 257 257 257 257 258 258 258 259 258 258 259 259 259 260 260 259 260 260 260 260 261 260 260 261 261 261 261 261 261 261 261 262 261 261 261 262 262 261 261 261
254 254 254 254 254 254 254 253 253 253 253 253 253 253 253 253 253 253 253 253 253 253 253 253 252 252 252 252 252 252 252 252 252 252 252 251 252 252 253 253 254 254 255 255 256 255 255 256 256 257 257 257 258 257 257 258 258 259 259 259 260 259 259 260 260 260 261 261 260 260 261 261 261 262 261 261 261 262 262 262 262 262 262 262 263 263 262 262 262 263 263 262 262 262
255 255 255 254 254 254 254 254 254 254 254 254 254 254 254 254 254 254 254 254 254 253 253 253 253 253 253 253 253 253 253 253 253 252 252 253 253 254 254 254 255 255 256 255 256 256 257 257 257 258 258 258 258 258 259 259 259 260 260 260 260 260 260 261 261 261 262 261 261 262 262 262 263 262 262 262 263 263 263 262 263 263 263 263 264 263 263 263 264 264 263 263 263 264
255 255 255 255 255 255 255 255 255 255 255 255 255 255 255 255 255 255 254 254 254 254 254 254 254 254 254 254 254 254 254 253 253 253 253 254 254 255 255 256 256 256 256 256 257 257 258 258 258 259 258 259 259 259 260 260 261 261 260 261 261 261 262 262 262 262 262 262 262 263 263 263 263 263 263 264 264 264 263 264 264 264 264 265 264 264 264 265 265 264 264 264 265 265
256 256 256 256 256 256 256 256 256 256 256 256 256 256 255 255 255 255 255 255 255 255 255 255 255 255 255 255 254 254 254 254 254 254 255 255 255 256 256 256 256 257 257 258 258 258 259 259 260 259 259 260 260 261 261 261 262 261 261 262 262 262 263 263 262 263 263 263 264 264 264 264 264 264 264 265 265 264 264 265 265 265 265 265 265 265 265 266 265 265 265 266 266 265
257 257 257 257 257 257 257 257 257 257 256 256 256 256 256 256 256 256 256 256 256 256 256 256 256 256 255 255 255 255 255 255 255 255 256 256 257 256 257 257 257 258 258 259 259 260 260 259 260 260 261 261 261 262 262 261 262 262 263 263 263 264 264 263 264 264 264 264 265 265 264 265 265 265 266 266 265 265 266 266 266 266 266 266 266 266 267 266 266 266 266 267 267 266
258 258 258 258 258 257 257 257 257 257 257 257 257 257 257 257 257 257 257 257 257 257 257 256 256 256 256 256 256 256 256 256 256 256 257 256 257 257 258 258 259 259 259 260 260 260 260 261 261 261 262 262 263 262 262 263 263 263 264 264 264 264 264 264 265 265 265 266 265 265 266 266 266 266 267 266 266 266 267 267 267 267 267 267 267 267 267 267 267 267 268 268 267 267
258 258 258 258 258 258 258 258 258 258 258 258 258 258 258 258 258 258 258 257 257 257 257 257 257 257 257 257 257 257 257 257 256 257 257 257 258 258 259 259 260 260 261 260 260 261 261 262 262 263 263 263 263 263 263 264 264 264 265 265 265 265 265 266 266 266 266 266 266 266 267 267 267 267 267 267 267 268 268 267 267 268 268 268 268 268 268 268 268 269 269 268 268 268
259 259 259 259 259 259 259 259 259 259 259 259 259 259 259 258 258 258 258 258 258 258 258 258 258 258 258 258 258 257 257 257 257 258 258 259 259 260 260 260 260 260 261 261 262 262 262 263 263 264 263 263 264 264 265 265 265 266 265 265 266 266 266 267 267 266 267 267 267 268 268 268 267 268 268 268 269 269 268 268 269 269 269 269 269 269 269 269 269 270 269 269 269 269
260 260 260 260 260 260 260 260 260 260 259 259 259 259 259 259 259 259 259 259 259 259 259 259 259 259 258 258 258 258 258 258 258 259 259 260 260 261 260 261 261 262 262 262 263 263 264 263 263 264 264 265 265 265 266 266 265 266 266 266 267 267 267 268 267 267 268 268 268 269 268 268 269 269 269 269 270 269 269 269 270 270 270 269 270 270 270 270 270 270 270 270 270 271
261 261 261 261 261 260 260 260 260 260 260 260 260 260 260 260 260 260 260 260 260 260 260 259 259 259 259 259 259 259 259 259 260 260 260 260 260 261 261 262 262 263 263 264 264 263 264 264 265 265 265 266 266 266 266 266 267 267 267 268 268 268 268 268 268 269 269 269 270 269 269 269 270 270 270 270 270 270 270 271 271 270 270 271 271 271 271 270 271 271 271 271 272 271
261 261 261 261 261 261 261 261 261 261 261 261 261 261 261 261 261 261 261 260 260 260 260 260 260 260 260 260 260 260 260 260 260 260 261 261 262 262 263 263 263 264 264 264 264 265 265 265 266 266 267 267 266 267 267 267 268 268 268 269 268 268 269 269 269 270 270 269 270 270 270 271 271 271 270 271 271 271 271 272 271 271 271 272 272 272 271 272 272 272 272 271 272 272
262 262 262 262 262 262 262 262 262 262 262 262 262 262 261 261 261 261 261 261 261 261 261 261 261 261 261 261 261 260 260 260 261 261 262 262 263 263 264 264 264 264 264 265 265 266 266 266 267 267 267 267 267 268 268 269 269 269 269 269 269 270 270 270 271 270 270 270 271 271 271 272 271 271 272 272 272 272 273 272 272 272 273 273 273 272 273 273 273 273 272 273 273 273
263 263 263 263 263 263 263 263 262 262 262 262 262 262 262 262 262 262 262 262 262 262 262 262 262 261 261 261 261 261 261 262 262 262 263 263 264 263 264 264 265 265 266 266 266 267 267 267 267 267 268 268 269 269 269 270 269 269 270 270 270 271 271 270 271 271 271 272 272 272 273 272 272 272 273 273 273 272 273 273 273 273 274 273 273 273 274 274 274 273 274 274 274 274
264 263 263 263 263 263 263 263 263 263 263 263 263 263 263 263 263 263 263 263 263 262 262 262 262 262 262 262 262 262 262 263 263 264 263 264 264 265 265 265 266 266 267 267 267 267 267 268 268 269 269 269 270 269 269 270 270 271 271 271 272 271 271 272 272 272 272 273 273 272 273 273 273 274 274 273 273 274 274 274 274 275 274 274 274 275 275 274 274 274 275 275 275 274
264 264 264 264 264 264 264 264 264 264 264 264 264 264 264 264 263 263 263 263 263 263 263 263 263 263 263 263 263 263 262 263 263 264 264 265 265 266 266 267 267 267 267 267 268 268 269 269 269 270 270 269 270 270 271 271 271 272 272 271 272 272 272 273 273 273 274 273 273 274 274 274 274 275 274 274 274 275 275 275 274 275 275 275 275 276 275 275 275 276 276 276 275 275
265 265 265 265 265 265 265 265 265 265 264 264 264 264 264 264 264 264 264 264 264 264 264 264 264 264 263 263 263 263 263 264 264 265 265 266 266 267 266 267 267 268 268 268 269 269 270 270 269 270 270 271 271 271 272 272 272 272 272 272 273 273 273 274 274 273 274 274 274 275 275 275 274 275 275 275 276 276 275 275 276 276 276 276 276 276 276 276 276 277 276 276 276 277
266 266 266 265 265 265 265 265 265 265 265 265 265 265 265 265 265 265 265 265 265 265 264 264 264 264 264 264 264 264 265 265 266 266 267 266 266 267 267 268 268 269 269 270 270 269 270 270 271 271 271 272 272 272 272 272 273 273 273 274 274 274 274 274 274 275 275 275 275 276 275 275 276 276 276 276 276 276 276 276 277 277 277 276 277 277 277 277 278 277 277 277 277 278
266 266 266 266 266 266 266 266 266 266 266 266 266 266 266 266 266 265 265 265 265 265 265 265 265 265 265 265 265 265 266 265 266 266 267 267 268 268 269 269 269 270 269 270 270 271 271 271 272 272 272 273 272 273 273 273 274 274 274 275 274 274 275 275 275 276 276 276 276 276 276 276 277 277 277 277 277 277 277 278 278 277 277 278 278 278 278 278 278 278 278 278 279 278
267 267 267 267 267 267 267 267 267 267 267 266 266 266 266 266 266 266 266 266 266 266 266 266 266 266 266 265 265 265 266 266 267 267 268 268 269 269 270 269 270 270 270 271 271 272 272 272 273 272 273 273 273 274 274 274 275 275 275 275 275 276 276 276 276 276 276 276 277 277 277 278 278 277 277 278 278 278 278 278 278 278 278 279 279 278 278 279 279 279 279 279 279 279
268 268 268 268 267 267 267 267 267 267 267 267 267 267 267 267 267 267 267 267 267 267 267 266 266 266 266 266 266 267 267 268 268 269 269 268 269 269 270 270 271 271 272 272 272 273 272 273 273 273 274 274 275 275 275 275 275 275 276 276 276 277 277 276 277 277 277 278 278 278 277 278 278 278 279 279 279 278 279 279 279 279 280 279 279 279 280 280 280 279 279 280 280 280
268 268 268 268 268 268 268 268 268 268 268 268 268 268 268 268 268 267 267 267 267 267 267 267 267 267 267 267 267 268 268 269 268 269 269 270 270 271 271 271 272 272 273 272 273 273 273 274 274 275 275 275 275 275 275 276 276 276 277 277 277 277 277 277 278 278 278 279 278 278 279 279 279 279 280 279 279 279 280 280 280 279 280 280 280 280 281 281 280 280 281 281 281 280
269 269 269 269 269 269 269 269 269 269 269 268 268 268 268 268 268 268 268 268 268 268 268 268 268 268 268 267 267 268 268 269 269 270 270 271 271 272 272 272 272 272 273 273 274 274 274 275 275 275 275 275 276 276 277 277 277 278 277 277 278 278 278 279 279 279 278 279 279 279 280 280 280 280 280 280 280 281 281 280 280 281 281 281 281 282 281 281 281 281 282 281 281 281
270 270 270 269 269 269 269 269 269 269 269 269 269 269 269 269 269 269 269 269 269 269 268 268 268 268 268 268 268 269 269 270 270 271 271 271 271 272 272 273 273 274 274 274 275 275 275 275 275 276 276 277 277 277 278 277 277 278 278 278 279 279 279 279 279 279 280 280 280 281 281 280 280 281 281 281 281 281 281 281 281 282 282 282 281 282 282 282 282 283 282 282 282 282
270 270 270 270 270 270 270 270 270 270 270 270 270 270 270 270 269 269 269 269 269 269 269 269 269 269 269 269 270 270 271 270 271 271 272 272 272 273 273 274 274 275 274 274 275 275 276 276 277 277 277 278 277 277 278 278 278 279 279 279 280 279 279 280 280 280 281 281 280 281 281 281 281 282 282 281 282 282 282 282 283 283 282 282 283 283 283 283 282 283 283 283 283 282
