testData/tiles/oneDegree/grid39.0-10.0-40.0-11.0.asc
ncols   200
nrows   200
xllcorner   39.0
yllcorner   10.0
cellsize   0.005
NODATA_value   -9999.0
[rows 123 to 163 of 200, columns 92 to 183 of 200]
1143 1143 1143 1143 1143 1202 1202 1202 1202 1202 1202 1202 1202 1202 1203 1203 1203 1203 1203 1203 1203 1203 1203 1203 1203 1203 1203 1203 1203 1203 1203 1203 1203 1203 1203 1203 1117 1131 1131 1131 1131 1131 1131 1131 1131 1131 1131 1131 1131 1131 1131 1131 1131 1131 1131 1131 1131 1131 1131 1130 1130 1130 1130 1131 1131 1108 1108 1109 1109 1110 1110 1111 1053 1053 1054 1054 1055 1055 1056 1057 1057 1057 1057 1058 1058 1059 1059 1060 1061 1061 1062 1062
1143 1143 1143 1143 1143 1143 1143 1202 1202 1202 1202 1202 1202 1202 1202 1202 1202 1202 1202 1202 1202 1202 1202 1202 1202 1202 1202 1202 1202 1202 1202 1202 1202 1202 1202 1202 1202 1130 1130 1130 1130 1130 1130 1130 1130 1130 1130 1130 1130 1130 1130 1130 1130 1130 1130 1130 1130 1130 1130 1130 1130 1130 1130 1130 1131 1108 1108 1109 1109 1110 1051 1052 1052 1052 1053 1053 1054 1054 1055 1055 1056 1057 1057 1058 1058 1059 1059 1060 1060 1061 1061 1061
1142 1142 1142 1142 1142 1142 1142 1142 1142 1201 1201 1202 1202 1202 1202 1202 1202 1202 1202 1202 1202 1202 1202 1202 1202 1202 1202 1202 1202 1202 1202 1202 1202 1202 1202 1202 1202 1130 1130 1130 1130 1130 1130 1130 1130 1130 1130 1130 1130 1130 1130 1130 1130 1130 1130 1130 1130 1130 1130 1130 1130 1130 1129 1129 1130 1106 1107 1108 1049 1050 1050 1051 1051 1052 1052 1053 1054 1054 1055 1055 1056 1056 1057 1057 1057 1058 1058 1059 1059 1060 1060 1061
1142 1142 1142 1142 1142 1142 1142 1142 1142 1142 1142 1201 1201 1201 1201 1201 1201 1201 1201 1201 1201 1201 1201 1201 1201 1201 1201 1201 1201 1201 1201 1201 1201 1201 1201 1201 1201 1129 1129 1129 1129 1129 1129 1129 1129 1129 1129 1129 1129 1129 1129 1129 1129 1129 1129 1129 1129 1129 1129 1129 1129 1129 1129 1129 1130 1106 1048 1048 1049 1050 1050 1051 1051 1052 1052 1052 1052 1053 1054 1054 1055 1055 1056 1056 1057 1058 1058 1059 1059 1060 1060 1060
1141 1141 1141 1141 1141 1141 1141 1141 1141 1142 1142 1142 1142 1201 1201 1201 1201 1201 1201 1201 1201 1201 1201 1201 1201 1201 1201 1201 1201 1201 1201 1201 1201 1201 1201 1201 1201 1201 1129 1129 1129 1129 1129 1129 1129 1129 1129 1129 1129 1129 1129 1129 1129 1129 1129 1129 1129 1129 1129 1129 1129 1129 1129 1129 1070 1046 1047 1047 1048 1048 1049 1050 1050 1051 1051 1052 1052 1053 1053 1054 1055 1055 1056 1056 1056 1056 1057 1057 1058 1059 1059 1060
1141 1141 1141 1141 1141 1141 1141 1141 1141 1141 1141 1141 1141 1141 1141 1141 1200 1200 1200 1200 1200 1200 1200 1200 1200 1200 1200 1200 1200 1201 1201 1201 1201 1201 1201 1201 1201 1201 1129 1129 1129 1129 1129 1129 1128 1128 1128 1128 1128 1128 1128 1128 1128 1128 1128 1128 1128 1128 1128 1128 1128 1069 1069 1069 1069 1046 1047 1047 1048 1048 1049 1049 1050 1051 1051 1052 1051 1052 1052 1053 1053 1054 1055 1055 1056 1056 1057 1057 1058 1058 1059 1060
1140 1140 1140 1140 1140 1140 1140 1141 1141 1141 1141 1141 1141 1141 1141 1141 1141 1141 1141 1200 1200 1200 1200 1200 1200 1200 1200 1200 1200 1200 1200 1200 1200 1200 1200 1200 1200 1200 1214 1128 1128 1128 1128 1128 1128 1128 1128 1128 1128 1128 1128 1128 1128 1128 1128 1128 1128 1128 1069 1069 1069 1069 1069 1069 1069 1046 1045 1046 1047 1047 1048 1048 1049 1049 1050 1051 1051 1052 1052 1053 1053 1054 1054 1055 1056 1055 1056 1056 1057 1057 1058 1058
1140 1140 1140 1140 1140 1140 1140 1140 1140 1140 1140 1140 1140 1140 1140 1140 1140 1140 1140 1140 1140 1140 1199 1199 1200 1200 1200 1200 1200 1200 1200 1200 1200 1200 1200 1200 1200 1200 1214 1128 1128 1128 1128 1128 1128 1128 1128 1128 1128 1127 1127 1127 1127 1127 1127 1068 1068 1068 1068 1068 1068 1068 1068 1068 1068 1045 1045 1046 1046 1047 1048 1048 1049 1049 1050 1050 1051 1051 1051 1052 1052 1053 1053 1054 1054 1055 1056 1056 1057 1057 1058 1058
1139 1139 1139 1139 1139 1139 1140 1140 1140 1140 1140 1140 1140 1140 1140 1140 1140 1140 1140 1140 1140 1140 1140 1140 1140 1140 1140 1199 1199 1199 1199 1199 1199 1199 1199 1199 1199 1199 1213 1127 1127 1127 1127 1127 1127 1127 1127 1127 1127 1127 1068 1068 1068 1068 1068 1068 1068 1068 1068 1068 1068 1068 1068 1068 1068 1045 1045 1045 1045 1046 1046 1047 1048 1048 1049 1049 1050 1050 1051 1051 1052 1053 1053 1054 1054 1055 1054 1055 1055 1056 1057 1057
1139 1139 1139 1139 1139 1139 1139 1139 1139 1139 1139 1139 1139 1139 1139 1139 1139 1139 1139 1139 1139 1139 1140 1140 1140 1140 1140 1140 1140 1140 1140 1140 1140 1140 1140 1140 1140 1140 1140 1154 1068 1068 1068 1068 1068 1068 1068 1068 1068 1069 1069 1068 1068 1068 1068 1068 1068 1068 1068 1068 1068 1068 1068 1068 1068 1045 1044 1045 1045 1046 1046 1047 1047 1048 1049 1049 1050 1050 1050 1050 1051 1051 1052 1053 1053 1054 1054 1055 1055 1056 1056 1057
1138 1138 1138 1138 1138 1139 1139 1139 1139 1139 1139 1139 1139 1139 1139 1139 1139 1139 1139 1139 1139 1139 1139 1139 1139 1139 1139 1139 1139 1139 1139 1139 1139 1139 1139 1139 1139 1139 1139 1153 1067 1067 1068 1068 1068 1068 1069 1069 1069 1069 1069 1069 1070 1070 1070 1070 1070 1070 1070 1070 1070 1070 1070 1069 1069 1045 1046 1047 1046 1046 1046 1047 1047 1047 1047 1048 1049 1049 1050 1050 1051 1051 1052 1052 1053 1054 1053 1054 1054 1055 1055 1056
1138 1138 1138 1138 1138 1138 1138 1138 1138 1138 1138 1138 1138 1138 1138 1138 1138 1138 1138 1138 1138 1139 1139 1139 1139 1139 1139 1139 1139 1139 1139 1139 1139 1139 1139 1139 1139 1140 1140 1154 1069 1069 1069 1069 1070 1070 1070 1070 1071 1071 1071 1071 1070 1070 1070 1070 1070 1070 1070 1070 1070 1070 1070 1070 1070 1046 1047 1046 1047 1047 1048 1048 1048 1049 1049 1049 1049 1050 1048 1049 1050 1050 1051 1051 1052 1052 1053 1053 1054 1055 1055 1056
1137 1137 1137 1137 1137 1138 1138 1138 1138 1138 1138 1138 1138 1138 1138 1138 1138 1138 1138 1138 1138 1138 1138 1138 1138 1138 1138 1138 1138 1138 1138 1138 1138 1139 1139 1139 1140 1140 1141 1155 1155 1069 1070 1070 1070 1071 1071 1071 1071 1071 1071 1072 1072 1072 1072 1072 1072 1072 1072 1072 1072 1072 1072 1072 1071 1047 1048 1048 1048 1048 1048 1048 1049 1049 1049 1050 1050 1050 1050 1050 1050 1051 1052 1052 1053 1053 1053 1053 1055 1055 1056 1057
1137 1137 1137 1137 1137 1137 1137 1137 1137 1137 1137 1137 1137 1137 1137 1137 1137 1137 1137 1137 1138 1138 1138 1138 1138 1138 1138 1138 1138 1138 1139 1139 1140 1140 1140 1141 1141 1142 1142 1142 1157 1071 1071 1072 1072 1072 1072 1073 1073 1073 1073 1073 1073 1072 1072 1072 1072 1072 1072 1072 1072 1072 1072 1072 1072 1048 1049 1050 1050 1050 1051 1051 1052 1052 1053 1053 1053 1054 1053 1054 1053 1054 1054 1054 1056 1055 1056 1056 1057 1057 1059 1059
1136 1136 1136 1136 1136 1137 1137 1137 1137 1137 1137 1137 1137 1137 1137 1137 1137 1137 1137 1137 1137 1137 1137 1137 1137 1137 1137 1138 1138 1139 1139 1140 1140 1141 1141 1141 1142 1142 1143 1143 1157 1072 1072 1072 1072 1073 1073 1073 1073 1073 1074 1074 1074 1074 1074 1075 1075 1075 1075 1075 1076 1076 1076 1076 1077 1052 1052 1053 1052 1053 1054 1054 1055 1055 1055 1056 1057 1056 1057 1057 1057 1059 1058 1059 1058 1059 1057 1059 1059 1059 1060 1060
1136 1136 1136 1136 1136 1136 1136 1136 1136 1136 1136 1136 1136 1136 1136 1136 1136 1136 1136 1136 1137 1137 1137 1137 1137 1138 1138 1139 1140 1140 1141 1141 1142 1142 1143 1143 1143 1144 1144 1144 1159 1073 1073 1074 1074 1075 1075 1076 1076 1077 1077 1077 1077 1077 1078 1078 1078 1078 1079 1079 1079 1078 1078 1079 1079 1055 1055 1056 1056 1057 1057 1058 1058 1059 1060 1059 1060 1060 1059 1060 1061 1061 1061 1061 1061 1061 1062 1062 1061 1062 1061 1062
1135 1135 1135 1135 1135 1136 1136 1136 1136 1136 1136 1136 1136 1136 1136 1136 1136 1136 1136 1136 1136 1136 1137 1137 1138 1138 1139 1140 1140 1141 1141 1142 1142 1143 1143 1143 1145 1145 1146 1146 1161 1162 1076 1076 1078 1078 1078 1078 1079 1080 1080 1080 1081 1081 1081 1081 1081 1082 1082 1082 1082 1082 1083 1083 1083 1059 1058 1060 1059 1060 1060 1060 1060 1062 1062 1062 1063 1062 1064 1063 1064 1064 1064 1064 1064 1066 1064 1065 1064 1064 1064 1077
1135 1135 1135 1135 1135 1135 1135 1135 1135 1135 1135 1135 1135 1135 1135 1135 1135 1135 1135 1135 1136 1137 1138 1139 1139 1140 1140 1141 1143 1143 1144 1144 1146 1146 1147 1148 1148 1149 1149 1151 1151 1165 1080 1080 1081 1081 1082 1082 1083 1083 1083 1083 1084 1084 1084 1084 1084 1085 1085 1085 1085 1085 1086 1085 1085 1061 1061 1062 1063 1063 1063 1064 1064 1065 1065 1066 1065 1066 1065 1066 1067 1066 1067 1066 1067 1067 1068 1067 1067 1068 1080 1081
1134 1134 1134 1134 1134 1134 1135 1135 1135 1135 1135 1135 1135 1135 1135 1135 1135 1135 1136 1136 1137 1139 1139 1140 1141 1142 1143 1143 1145 1146 1146 1147 1148 1149 1149 1149 1151 1151 1152 1152 1153 1168 1082 1082 1084 1084 1084 1084 1086 1086 1086 1086 1086 1087 1087 1087 1087 1087 1088 1088 1088 1088 1088 1089 1089 1065 1065 1063 1065 1065 1066 1066 1066 1067 1067 1068 1068 1068 1068 1068 1069 1070 1070 1070 1070 1070 1070 1069 1070 1082 1083 1082
1134 1134 1134 1134 1134 1134 1134 1134 1134 1134 1134 1134 1134 1134 1134 1135 1136 1136 1138 1139 1139 1140 1142 1143 1144 1146 1146 1147 1147 1149 1150 1150 1151 1152 1153 1153 1153 1155 1155 1156 1156 1171 1086 1086 1086 1087 1088 1088 1088 1088 1088 1089 1089 1089 1090 1090 1090 1090 1090 1091 1091 1091 1091 1091 1091 1067 1067 1067 1068 1067 1069 1069 1070 1069 1070 1071 1071 1071 1070 1071 1071 1071 1072 1072 1072 1072 1072 1072 1085 1086 1086 1087
1133 1133 1133 1133 1133 1133 1133 1134 1134 1134 1135 1135 1135 1136 1136 1137 1139 1140 1140 1141 1143 1144 1144 1146 1147 1147 1148 1149 1150 1151 1151 1153 1153 1154 1155 1156 1156 1156 1158 1158 1158 1173 1173 1088 1089 1089 1089 1090 1091 1091 1091 1091 1092 1092 1092 1092 1093 1093 1093 1093 1093 1093 1094 1094 1094 1070 1069 1069 1070 1070 1071 1070 1071 1072 1072 1072 1073 1072 1073 1075 1074 1075 1074 1075 1074 1075 1087 1087 1088 1088 1091 1091
1133 1133 1133 1133 1133 1134 1134 1134 1135 1135 1135 1136 1136 1137 1138 1140 1140 1141 1143 1144 1144 1146 1147 1147 1148 1150 1151 1152 1152 1154 1155 1155 1156 1157 1158 1158 1158 1160 1160 1161 1161 1162 1177 1091 1091 1093 1093 1092 1092 1092 1094 1094 1094 1094 1095 1095 1095 1095 1095 1096 1096 1096 1096 1096 1096 1072 1072 1072 1072 1073 1073 1074 1075 1074 1075 1075 1075 1075 1075 1075 1076 1076 1076 1077 1077 1090 1089 1090 1090 1093 1095 1095
1132 1133 1133 1133 1134 1134 1134 1135 1136 1136 1137 1138 1139 1140 1141 1142 1143 1145 1145 1146 1148 1148 1149 1150 1151 1152 1153 1153 1155 1155 1156 1158 1158 1159 1159 1161 1161 1161 1162 1162 1164 1164 1178 1093 1094 1094 1094 1095 1096 1096 1096 1096 1096 1097 1098 1098 1098 1098 1099 1099 1099 1098 1098 1099 1099 1074 1074 1074 1073 1075 1075 1076 1075 1076 1077 1077 1078 1077 1078 1078 1078 1079 1079 1079 1091 1091 1091 1092 1095 1097 1098 1100
1134 1134 1134 1135 1135 1135 1136 1136 1136 1137 1138 1139 1140 1142 1143 1143 1145 1146 1147 1147 1149 1150 1151 1152 1153 1154 1154 1156 1156 1157 1157 1159 1161 1161 1162 1163 1163 1164 1164 1166 1166 1165 1180 1095 1095 1096 1096 1096 1097 1097 1098 1098 1098 1099 1099 1099 1099 1099 1100 1100 1100 1100 1100 1101 1101 1076 1076 1076 1077 1078 1077 1078 1078 1078 1079 1079 1078 1079 1079 1079 1080 1080 1081 1093 1093 1093 1094 1096 1099 1101 1101 1103
1134 1134 1134 1135 1135 1135 1136 1136 1137 1139 1141 1141 1142 1144 1145 1146 1147 1148 1149 1150 1152 1152 1153 1155 1155 1156 1157 1158 1159 1159 1160 1162 1162 1163 1163 1165 1165 1165 1166 1167 1168 1168 1182 1098 1098 1098 1098 1099 1100 1100 1100 1100 1100 1102 1102 1102 1102 1102 1103 1103 1103 1103 1102 1102 1102 1078 1078 1078 1077 1078 1079 1080 1079 1080 1080 1081 1081 1081 1081 1082 1081 1083 1096 1095 1095 1095 1098 1099 1103 1103 1105 1106
1135 1135 1135 1136 1136 1136 1137 1138 1139 1140 1142 1143 1144 1145 1146 1147 1149 1150 1150 1151 1153 1154 1154 1155 1157 1157 1158 1160 1160 1161 1161 1163 1164 1164 1165 1166 1166 1167 1167 1168 1169 1170 1170 1184 1099 1100 1100 1100 1100 1102 1102 1102 1102 1103 1103 1103 1103 1103 1104 1104 1104 1104 1104 1104 1105 1081 1080 1080 1080 1080 1081 1081 1082 1081 1081 1082 1082 1083 1082 1083 1083 1096 1097 1097 1098 1101 1101 1104 1105 1106 1108 1108
1134 1135 1135 1135 1136 1137 1137 1139 1140 1141 1143 1144 1145 1147 1149 1149 1150 1152 1153 1154 1154 1156 1157 1157 1158 1160 1160 1161 1163 1163 1164 1164 1166 1167 1167 1168 1168 1169 1170 1170 1171 1172 1172 1187 1101 1102 1103 1103 1103 1103 1104 1105 1105 1105 1105 1106 1106 1106 1106 1106 1106 1106 1106 1106 1105 1082 1082 1082 1082 1081 1082 1083 1083 1083 1084 1083 1084 1083 1085 1085 1098 1098 1097 1099 1102 1103 1105 1107 1107 1109 1110 1111
1134 1134 1136 1136 1137 1139 1140 1141 1143 1144 1144 1145 1147 1148 1149 1151 1152 1152 1153 1155 1156 1156 1158 1159 1160 1160 1162 1163 1163 1164 1165 1166 1166 1167 1169 1169 1170 1170 1171 1172 1172 1173 1173 1188 1103 1103 1103 1104 1105 1105 1105 1105 1106 1106 1106 1106 1106 1107 1107 1107 1107 1107 1108 1108 1108 1084 1084 1083 1084 1084 1084 1083 1084 1084 1085 1085 1085 1085 1086 1098 1100 1099 1101 1103 1105 1107 1108 1110 1110 1112 1113 1114
1135 1135 1135 1136 1138 1139 1140 1142 1143 1144 1146 1147 1147 1149 1150 1151 1152 1155 1156 1156 1157 1159 1160 1160 1162 1163 1163 1164 1166 1166 1167 1167 1169 1170 1170 1171 1172 1172 1173 1173 1174 1175 1175 1176 1104 1105 1106 1106 1106 1106 1107 1108 1108 1108 1108 1109 1108 1108 1108 1108 1109 1109 1109 1109 1108 1085 1085 1085 1085 1084 1084 1086 1085 1086 1086 1086 1086 1086 1101 1100 1100 1102 1104 1105 1108 1109 1111 1112 1113 1115 1115 1116
1134 1134 1136 1137 1139 1140 1142 1143 1144 1146 1147 1148 1150 1151 1152 1152 1154 1155 1156 1158 1158 1159 1160 1162 1162 1163 1164 1165 1166 1167 1167 1169 1169 1170 1171 1172 1173 1173 1173 1175 1175 1176 1176 1176 1106 1106 1106 1106 1108 1108 1108 1108 1108 1109 1110 1110 1110 1110 1111 1111 1111 1110 1110 1110 1111 1087 1087 1086 1086 1086 1086 1086 1086 1087 1086 1088 1087 1101 1101 1101 1103 1105 1108 1109 1111 1112 1113 1113 1115 1116 1117 1118
1134 1135 1138 1139 1140 1142 1142 1143 1145 1146 1147 1148 1150 1151 1152 1154 1155 1155 1156 1158 1159 1160 1162 1163 1164 1164 1166 1167 1167 1168 1170 1170 1171 1171 1173 1174 1174 1174 1176 1176 1177 1177 1178 1179 1107 1107 1108 1109 1109 1109 1110 1109 1110 1110 1110 1110 1110 1111 1111 1111 1111 1111 1111 1112 1112 1087 1087 1087 1088 1087 1087 1087 1088 1087 1089 1089 1102 1101 1101 1104 1105 1108 1109 1111 1112 1114 1114 1116 1118 1118 1120 1120
1135 1136 1138 1139 1140 1142 1143 1144 1147 1148 1149 1150 1151 1152 1153 1155 1156 1157 1159 1159 1160 1161 1163 1163 1164 1165 1167 1167 1168 1169 1170 1171 1171 1172 1173 1174 1175 1175 1176 1177 1177 1178 1179 1179 1194 1108 1108 1110 1110 1110 1110 1110 1111 1112 1112 1112 1112 1113 1113 1113 1113 1113 1113 1113 1113 1088 1088 1088 1088 1088 1088 1087 1088 1088 1089 1102 1102 1102 1105 1107 1109 1112 1112 1114 1114 1116 1116 1117 1119 1120 1120 1121
1136 1137 1139 1140 1141 1143 1144 1145 1147 1148 1149 1150 1152 1153 1153 1155 1156 1157 1158 1160 1161 1161 1163 1164 1165 1165 1167 1168 1168 1169 1171 1171 1172 1173 1175 1175 1176 1176 1178 1178 1178 1178 1179 1180 1180 1109 1109 1110 1110 1111 1111 1111 1112 1112 1112 1112 1112 1113 1113 1113 1113 1113 1113 1114 1114 1090 1089 1089 1090 1090 1089 1089 1090 1089 1103 1102 1103 1104 1107 1108 1111 1112 1115 1115 1117 1118 1118 1120 1122 1123 1123 1123
1136 1137 1139 1140 1141 1142 1144 1145 1146 1148 1149 1150 1153 1154 1155 1156 1158 1158 1159 1161 1162 1163 1163 1165 1166 1167 1167 1169 1170 1170 1171 1173 1173 1174 1174 1176 1176 1177 1177 1179 1179 1180 1180 1180 1182 1110 1110 1111 1112 1112 1112 1112 1113 1114 1114 1114 1114 1114 1115 1115 1115 1114 1114 1113 1114 1090 1090 1090 1089 1090 1090 1089 1089 1103 1102 1104 1105 1108 1110 1112 1113 1115 1116 1117 1118 1118 1121 1121 1122 1124 1125 1125
1136 1137 1139 1140 1142 1143 1144 1146 1147 1148 1150 1151 1152 1154 1155 1156 1157 1159 1160 1160 1161 1163 1164 1165 1166 1167 1168 1169 1170 1171 1172 1172 1174 1174 1175 1175 1177 1177 1178 1178 1179 1180 1181 1181 1181 1111 1111 1111 1111 1112 1113 1113 1113 1113 1113 1114 1114 1115 1114 1114 1115 1115 1115 1115 1115 1092 1091 1091 1091 1091 1090 1090 1103 1103 1103 1105 1107 1109 1112 1113 1115 1116 1118 1118 1122 1122 1123 1124 1124 1124 1125 1125
1136 1137 1139 1140 1142 1144 1145 1146 1148 1149 1150 1151 1152 1153 1154 1156 1157 1159 1160 1162 1163 1163 1165 1166 1167 1167 1169 1170 1171 1171 1173 1174 1174 1175 1176 1177 1177 1178 1179 1180 1180 1181 1181 1183 1183 1097 1112 1113 1113 1113 1113 1114 1115 1115 1115 1115 1114 1115 1115 1115 1115 1115 1116 1116 1115 1091 1091 1091 1092 1091 1091 1104 1103 1103 1106 1109 1110 1113 1113 1115 1116 1118 1118 1121 1121 1122 1123 1124 1125 1126 1127 1127
1135 1137 1139 1140 1142 1143 1145 1147 1148 1149 1151 1152 1153 1154 1156 1157 1157 1159 1160 1161 1162 1164 1165 1165 1166 1168 1169 1169 1171 1172 1172 1173 1175 1175 1176 1176 1177 1178 1179 1179 1180 1181 1182 1182 1182 1098 1112 1112 1113 1113 1114 1114 1114 1114 1115 1116 1116 1116 1116 1116 1117 1116 1116 1116 1116 1093 1093 1091 1091 1091 1103 1104 1104 1105 1108 1109 1112 1112 1116 1116 1118 1119 1121 1122 1123 1124 1124 1125 1126 1127 1126 1127
1137 1138 1139 1141 1142 1143 1145 1146 1147 1148 1150 1151 1152 1154 1155 1156 1158 1159 1160 1160 1162 1163 1164 1165 1166 1167 1169 1171 1171 1172 1173 1174 1175 1176 1176 1178 1178 1179 1179 1180 1181 1182 1182 1183 1184 1098 1113 1112 1112 1113 1114 1114 1114 1115 1115 1115 1115 1115 1116 1116 1116 1116 1116 1116 1117 1092 1092 1092 1092 1104 1105 1105 1106 1108 1110 1111 1113 1115 1116 1117 1118 1120 1122 1122 1124 1124 1125 1127 1127 1128 1127 1129
1136 1137 1138 1140 1141 1142 1144 1145 1146 1148 1149 1151 1152 1154 1155 1156 1158 1159 1160 1161 1163 1163 1164 1166 1167 1168 1168 1170 1171 1172 1172 1174 1175 1175 1176 1177 1178 1178 1179 1180 1181 1181 1182 1183 1183 1098 1098 1112 1114 1114 1114 1114 1114 1116 1116 1116 1116 1116 1117 1117 1117 1117 1115 1116 1116 1092 1092 1091 1104 1105 1104 1106 1108 1109 1111 1113 1115 1116 1118 1118 1121 1122 1123 1123 1124 1125 1126 1126 1127 1128 1129 1129
1135 1136 1138 1140 1141 1142 1144 1145 1146 1148 1149 1150 1151 1153 1154 1155 1157 1158 1159 1160 1162 1163 1164 1165 1166 1167 1168 1170 1170 1171 1172 1173 1174 1175 1175 1177 1177 1178 1178 1180 1180 1181 1181 1183 1183 1097 1098 1112 1113 1113 1114 1114 1114 1115 1115 1115 1115 1115 1116 1116 1116 1116 1116 1117 1117 1092 1092 1105 1106 1105 1107 1108 1109 1111 1112 1115 1115 1117 1117 1120 1120 1123 1123 1124 1125 1126 1127 1127 1128 1128 1129 1129
1134 1136 1137 1138 1140 1141 1142 1145 1146 1147 1149 1150 1151 1153 1154 1155 1156 1158 1159 1160 1162 1163 1164 1165 1167 1167 1168 1169 1171 1171 1172 1174 1174 1175 1176 1177 1178 1178 1179 1179 1181 1181 1182 1182 1184 1098 1098 1099 1114 1114 1114 1114 1115 1116 1116 1116 1115 1115 1116 1116 1116 1116 1116 1116 1116 1092 1105 1105 1104 1107 1109 1110 1112 1112 1114 1115 1117 1118 1119 1120 1121 1123 1123 1125 1125 1126 1127 1127 1128 1129 1130 1131
