testData/tiles/oneDegree/grid39.0-44.0-40.0-45.0.asc
ncols   200
nrows   200
xllcorner   39.0
yllcorner   44.0
cellsize   0.005
NODATA_value   -9999.0
[rows 0 to 41 of 200, columns 94 to 187 of 200]
705 704 704 704 704 702 701 700 700 698 697 694 693 690 687 686 682 680 677 675 670 667 663 658 652 648 642 637 631 624 617 610 602 603 603 603 603 604 494 494 493 494 494 494 492 492 492 493 493 494 495 493 493 493 494 495 493 494 494 493 493 493 494 493 494 492 493 492 492 492 491 492 491 491 491 492 491 492 492 492 491 492 491 492 492 491 491 491 490 491 491 489 490 490
702 702 701 702 701 701 699 699 697 696 694 693 692 688 687 683 681 677 675 671 668 664 660 656 651 646 641 634 629 622 614 607 603 602 601 600 601 601 492 492 493 491 492 491 491 492 492 492 493 492 493 492 492 493 492 493 493 493 493 492 493 492 492 492 492 493 491 491 491 491 491 491 492 491 491 492 492 492 492 491 491 491 492 491 492 491 490 491 491 490 491 490 489 490
700 699 699 698 698 698 697 695 695 695 691 691 688 686 683 682 679 676 673 670 666 661 659 653 648 644 639 632 628 620 613 604 601 599 600 601 600 600 492 491 492 492 491 490 490 490 491 491 492 491 492 492 491 492 491 492 492 492 492 491 491 492 492 491 491 492 490 490 490 491 492 491 491 491 491 491 492 492 492 491 492 491 491 492 491 491 491 490 491 491 490 490 490 489
698 699 698 698 697 697 696 693 693 691 691 687 686 684 682 679 677 675 671 668 665 661 655 652 647 641 637 632 624 618 611 603 599 599 598 599 599 599 489 489 489 490 488 489 489 489 490 490 491 492 489 490 491 491 492 490 491 491 491 491 490 491 490 491 490 489 490 490 490 491 491 492 490 491 491 491 491 492 491 491 491 492 491 491 491 490 491 491 490 491 490 489 490 490
695 696 696 695 695 694 694 694 691 690 688 687 683 681 680 677 675 672 670 666 663 658 654 649 644 639 634 628 622 616 609 600 597 597 597 598 598 597 489 489 488 487 488 488 489 489 488 489 489 489 490 490 490 489 490 491 490 489 489 490 490 489 490 490 489 489 489 490 491 490 491 490 491 490 491 491 491 491 491 491 491 491 492 491 490 491 490 491 491 490 490 490 489 489
693 693 693 693 691 691 691 690 689 688 686 683 682 681 678 677 672 670 667 663 659 656 652 647 643 638 633 626 621 613 606 598 596 596 597 595 596 596 487 487 487 486 486 486 487 488 488 489 489 488 488 488 489 489 489 489 489 489 489 488 489 489 488 489 489 489 489 490 490 491 490 490 490 491 490 491 491 490 490 491 491 491 491 491 490 490 491 490 490 490 489 489 490 489
692 692 691 691 691 690 689 689 686 684 684 682 681 677 676 673 671 667 665 662 656 653 650 645 640 636 630 625 619 611 602 595 593 594 595 595 595 486 485 486 485 485 486 486 486 487 487 487 487 486 487 488 488 488 487 488 488 488 488 487 488 488 489 488 488 489 490 489 490 490 490 489 490 491 491 491 491 491 490 490 491 491 491 490 491 490 490 491 490 489 490 489 489 490
690 689 689 689 689 688 687 686 684 684 680 679 678 676 673 672 669 666 663 659 655 652 647 643 638 633 629 622 616 609 601 593 593 593 593 594 593 485 485 483 483 484 484 485 485 485 486 485 486 487 487 486 486 487 488 487 486 486 487 488 487 488 489 488 489 489 489 490 490 490 489 490 490 490 491 491 490 490 491 490 491 491 498 490 490 491 490 490 490 489 489 490 489 489
687 687 686 687 687 687 684 683 683 681 680 678 676 673 671 669 667 664 659 656 653 649 645 642 636 631 626 620 615 606 600 591 592 592 592 592 593 483 483 482 482 483 483 484 485 485 485 485 484 485 485 486 486 486 486 485 486 486 486 487 488 487 487 488 488 489 489 489 490 498 497 498 498 498 498 499 498 498 498 499 498 499 498 498 498 498 499 498 497 498 497 497 497 496
684 684 685 684 684 683 682 681 680 679 677 676 674 672 671 668 664 661 657 654 651 648 643 640 635 629 625 618 610 604 596 590 590 591 590 590 590 480 480 481 482 483 482 482 483 483 483 484 483 484 485 485 485 484 484 485 485 486 486 487 487 487 488 495 496 497 497 497 497 497 498 497 498 498 498 497 498 498 498 498 499 497 498 498 497 498 498 497 497 497 497 497 497 496
684 683 682 682 680 680 679 679 678 676 676 673 671 670 667 665 663 659 656 651 649 645 641 636 632 627 622 615 610 601 594 589 588 590 590 590 590 480 479 480 481 481 482 482 482 482 482 483 484 482 483 483 484 484 485 484 485 486 487 494 495 495 495 496 496 496 497 497 496 497 497 498 497 498 497 497 497 498 498 498 498 498 497 498 498 497 497 497 496 497 497 497 496 496
680 681 681 679 679 679 679 677 674 674 672 672 670 667 666 664 659 658 654 651 647 644 639 634 630 625 617 613 607 599 592 587 587 587 588 587 587 478 479 479 480 480 481 482 480 480 481 481 482 482 483 483 483 483 484 485 493 493 494 495 495 494 495 496 496 496 496 496 497 496 497 497 498 497 497 498 497 497 498 498 497 497 498 497 498 498 496 497 497 496 497 497 495 496
678 677 678 678 677 676 676 675 675 672 671 670 667 665 661 660 658 654 652 648 645 641 638 632 628 622 617 610 603 598 589 586 586 586 586 586 585 477 478 478 478 479 479 480 479 480 481 480 481 482 482 483 490 491 492 492 493 493 494 493 494 495 494 495 496 496 495 496 496 497 496 497 498 497 497 497 498 497 498 497 497 497 497 498 497 497 497 496 497 497 496 496 496 495
676 675 675 674 675 674 673 672 671 671 669 668 666 662 661 658 655 652 649 647 643 639 635 630 625 620 615 608 602 594 586 584 585 585 584 584 583 475 477 477 478 479 478 478 479 478 479 480 480 481 490 490 491 490 491 492 493 493 493 493 494 494 495 495 495 496 496 495 496 496 497 497 496 497 497 497 497 498 497 497 497 497 497 497 498 496 497 497 496 497 496 495 496 496
675 673 672 672 671 672 671 670 669 668 666 665 662 660 658 656 654 651 647 643 641 636 632 628 623 618 612 607 599 593 585 582 583 583 583 583 584 474 475 476 476 477 477 477 477 478 479 488 489 490 488 489 490 491 492 491 492 493 493 493 493 494 495 495 495 495 495 496 495 496 497 497 496 496 497 497 497 497 497 496 497 497 498 497 496 497 496 496 497 496 496 496 495 496
672 671 670 670 671 671 670 668 667 666 665 661 660 659 656 653 651 648 645 642 639 635 629 624 621 614 609 605 597 591 583 582 580 581 581 581 582 474 475 475 475 475 476 477 478 486 486 487 488 488 489 489 490 490 491 492 492 492 492 493 494 493 494 495 494 494 495 495 496 496 496 496 496 496 496 497 497 496 496 497 496 497 497 496 496 496 497 496 496 496 495 495 495 495
671 669 669 668 668 667 667 665 665 664 662 660 657 655 654 651 648 646 643 640 636 632 627 624 617 613 608 601 595 588 581 579 579 578 580 580 581 473 473 474 473 474 475 484 485 486 487 487 488 488 489 489 489 490 491 492 491 491 492 493 493 494 494 494 494 495 494 495 496 496 495 495 496 496 496 496 497 496 496 496 497 496 497 496 496 496 496 496 496 495 495 495 495 495
668 667 666 666 665 665 664 664 662 660 659 658 656 655 652 650 646 643 641 636 633 629 626 621 617 612 605 599 593 586 576 578 579 578 579 579 470 471 473 473 474 483 483 484 485 486 486 487 486 487 488 489 490 490 490 491 491 492 491 492 493 494 494 493 494 494 495 494 495 496 495 495 495 497 497 497 496 497 496 497 497 498 496 497 497 496 497 497 496 496 496 496 495 494
667 665 663 663 663 662 662 661 660 658 657 655 654 651 650 647 644 643 639 635 630 627 623 619 614 608 604 597 591 583 575 576 576 576 578 579 471 471 471 480 481 482 483 484 484 485 486 486 487 487 488 488 489 490 491 490 490 491 492 493 492 493 493 493 493 494 494 496 496 495 496 496 496 496 498 498 497 498 498 497 498 497 498 497 498 498 497 497 497 497 497 496 496 495
667 664 662 662 662 661 658 658 657 655 654 654 652 649 647 645 643 639 636 632 630 624 621 617 610 607 600 594 588 580 575 574 575 576 577 578 470 478 480 480 481 482 483 484 485 485 485 485 486 487 488 488 489 490 489 490 490 491 491 492 493 492 493 494 495 494 495 497 496 496 496 497 497 497 498 498 499 498 499 499 499 498 498 499 498 499 499 497 498 498 496 497 496 495
665 662 660 659 659 657 656 656 655 654 653 650 649 647 644 643 640 637 633 631 627 623 619 614 610 603 599 592 584 577 573 574 575 575 577 586 477 478 479 480 480 481 482 483 484 484 485 485 486 487 488 488 488 488 489 490 491 490 491 493 492 493 493 495 495 496 496 495 497 497 497 497 498 499 497 499 499 500 499 500 499 499 499 499 499 499 499 499 498 499 498 496 497 497
664 661 658 656 655 656 655 654 653 652 651 648 647 646 644 638 637 634 630 628 624 621 615 612 607 602 595 588 583 575 572 573 575 584 585 584 476 477 479 480 481 482 482 483 483 484 485 485 485 486 487 488 488 488 488 490 491 492 492 493 493 494 494 495 496 496 496 496 497 498 498 498 499 498 499 498 500 500 501 499 500 500 500 500 500 499 499 500 499 498 499 497 497 498
661 660 656 653 653 652 652 651 650 649 649 646 645 642 640 638 634 632 629 624 622 617 614 609 605 599 593 588 580 573 572 573 582 583 584 585 476 477 478 479 480 481 482 481 482 483 484 485 486 486 487 487 487 489 490 490 492 492 493 494 494 494 495 497 496 497 497 497 498 498 499 500 498 499 499 500 499 501 500 500 500 501 501 501 500 500 500 500 499 499 498 499 498 498
660 657 655 653 650 650 650 649 647 646 645 644 642 640 637 635 632 630 627 624 619 616 611 608 602 598 592 586 580 574 579 580 582 582 583 584 476 477 477 479 480 481 481 482 483 483 484 484 485 486 487 487 488 490 491 491 492 493 493 493 495 495 495 496 498 497 497 498 498 499 500 499 500 499 500 500 501 500 501 501 501 501 502 502 501 501 501 500 500 499 499 499 499 499
657 656 653 651 648 647 647 648 646 644 644 640 639 637 635 633 629 627 624 621 619 614 610 605 601 596 590 585 579 580 580 581 580 581 582 584 476 477 478 479 479 479 480 481 482 483 483 484 486 486 487 489 488 490 491 492 493 492 493 494 496 496 496 497 497 498 498 498 499 501 500 500 500 501 500 501 501 501 500 502 502 502 502 502 502 501 501 501 501 500 500 500 500 500
656 653 651 650 647 646 646 645 644 643 640 639 637 633 632 630 628 626 623 620 616 613 609 604 600 593 589 583 585 579 579 579 580 582 582 583 475 476 477 479 479 479 480 481 482 483 485 485 485 486 487 489 490 490 492 492 492 494 494 494 496 497 498 496 498 499 499 499 499 500 501 500 501 501 502 501 501 501 502 501 503 503 502 502 503 501 501 502 500 501 501 501 501 500
654 652 649 647 645 642 642 642 641 639 638 636 635 634 632 629 627 624 621 618 613 611 606 603 597 593 596 591 584 577 577 579 580 581 582 584 475 476 477 477 478 479 480 480 482 483 485 485 486 487 488 490 490 491 492 492 493 494 495 495 496 497 497 498 497 499 500 500 500 500 501 502 501 502 502 502 501 502 502 502 502 502 502 502 502 503 502 501 502 501 501 502 501 500
654 650 647 646 643 641 640 637 637 637 635 634 633 631 630 628 625 623 620 615 613 608 605 600 596 600 595 589 583 577 577 578 579 581 582 474 475 476 475 476 478 479 481 482 483 484 484 485 486 488 488 489 491 492 493 493 493 494 496 496 496 497 498 498 499 500 500 501 501 500 501 502 503 502 502 503 503 503 503 504 502 502 503 503 503 503 503 502 502 503 502 502 502 501
651 650 646 644 642 639 637 637 636 635 634 633 632 630 628 626 625 620 618 616 611 609 603 599 603 599 593 586 581 576 577 578 579 580 581 473 475 475 476 476 478 479 481 482 483 484 484 486 487 489 490 490 491 491 492 494 495 494 496 497 497 497 498 499 500 500 501 500 501 502 501 503 503 504 503 503 504 504 504 504 504 503 503 504 504 503 503 503 503 503 504 502 502 503
650 647 645 644 640 638 637 635 635 635 633 631 630 628 626 625 621 619 615 613 611 606 611 607 602 597 590 586 579 575 577 578 579 579 581 473 473 474 475 477 478 480 481 483 483 485 486 486 487 488 490 491 492 492 493 494 495 496 497 497 497 498 500 499 500 501 501 501 502 502 503 503 504 504 504 504 504 505 505 504 504 505 504 504 505 503 504 504 503 504 503 503 503 503
648 647 643 641 639 636 634 634 634 632 631 631 629 628 624 622 619 617 615 611 608 612 609 605 601 595 590 584 578 575 576 577 579 580 580 471 472 475 476 478 479 481 481 482 483 485 486 487 488 489 491 491 491 493 493 495 496 496 496 497 498 498 500 501 501 500 502 503 502 503 503 504 504 504 505 505 505 505 505 504 505 505 506 505 504 505 504 505 505 503 504 504 503 503
648 644 642 641 638 636 634 631 631 631 630 629 627 624 623 621 619 616 613 610 614 611 607 604 598 594 589 584 576 574 576 577 578 578 580 473 474 475 476 478 479 481 481 484 484 485 486 487 489 490 490 491 492 494 495 494 496 496 497 499 498 499 501 501 501 501 501 503 504 503 504 503 505 505 505 506 506 505 505 506 505 506 506 506 505 505 506 505 506 505 504 505 505 503
646 645 642 639 637 635 632 631 630 629 628 626 625 623 621 619 617 614 611 617 613 610 606 601 598 593 588 582 575 575 575 576 577 578 580 472 474 476 477 478 480 480 482 483 485 485 487 488 490 490 491 492 492 494 495 496 496 497 497 499 500 499 500 501 502 502 502 504 504 505 503 504 505 506 506 506 506 505 506 506 507 506 506 506 505 506 506 507 505 505 506 505 504 504
645 643 641 640 637 635 633 629 628 627 625 624 623 621 620 618 614 613 619 615 613 609 605 601 596 592 586 580 574 574 575 576 576 578 580 473 475 476 478 478 479 480 482 483 485 486 487 488 488 490 491 493 493 494 496 495 496 497 498 499 500 501 500 501 502 503 503 504 505 504 505 505 505 507 507 506 506 507 506 507 507 507 506 507 507 506 507 506 506 506 506 506 504 504
644 643 640 638 636 634 631 629 626 625 624 623 620 619 618 616 614 619 617 614 610 607 603 600 595 590 584 579 572 572 574 576 577 580 580 473 474 476 477 479 480 481 482 484 485 487 487 489 489 491 492 494 494 494 495 496 497 498 498 499 501 501 501 502 503 503 504 504 504 505 505 506 506 506 507 506 507 507 508 507 507 507 508 507 508 508 506 507 507 507 507 505 505 505
643 641 639 638 635 633 630 626 624 623 623 622 621 618 616 614 620 618 614 612 609 606 602 598 594 589 584 577 571 572 574 576 578 579 581 474 475 476 477 479 480 482 483 484 485 486 487 489 490 491 492 493 495 495 496 496 497 499 500 500 500 501 502 502 503 504 504 504 505 505 506 507 506 506 507 508 507 508 508 508 507 508 508 508 508 508 508 507 508 508 507 506 506 505
642 641 638 636 634 630 628 626 623 622 621 620 618 617 616 621 619 617 614 610 608 605 601 597 592 588 581 576 571 572 574 576 578 579 473 474 475 475 477 480 481 483 484 486 485 487 488 489 491 492 493 493 494 495 496 498 498 498 500 500 500 502 502 503 505 504 504 505 506 506 506 507 507 506 507 508 509 508 508 508 509 508 509 509 508 508 508 508 508 509 507 506 507 507
642 640 638 636 632 630 627 624 622 620 618 618 617 615 622 620 617 615 613 611 607 603 599 595 592 585 579 574 571 574 575 576 578 580 472 473 476 477 479 479 481 482 484 484 486 486 488 489 491 492 494 493 494 496 497 498 499 499 500 501 501 502 503 503 505 505 504 505 506 507 507 507 507 508 507 509 509 509 508 509 509 510 509 509 509 509 509 509 509 508 507 507 507 507
641 639 636 634 632 629 627 625 622 618 617 616 615 621 620 618 616 614 611 609 606 602 599 594 589 583 579 573 572 573 575 578 579 579 472 474 475 477 479 480 481 483 484 485 487 488 490 490 492 493 493 494 494 496 497 499 500 499 500 501 502 757 756 757 757 758 759 759 759 761 761 760 761 761 762 761 762 762 763 762 763 763 762 762 763 763 763 763 762 761 761 761 761 760
639 637 635 633 631 628 626 623 621 618 616 614 622 619 618 616 615 613 611 607 858 855 849 846 841 837 831 826 824 826 829 830 831 833 725 727 728 731 732 734 734 736 736 738 739 741 742 744 743 745 746 748 749 751 750 751 752 753 754 754 755 756 758 756 757 759 759 760 760 759 761 762 761 762 762 762 762 763 763 764 763 763 763 763 763 764 763 762 763 762 762 762 761 761
891 889 887 885 883 880 878 875 873 869 868 875 874 873 871 870 866 864 862 860 855 852 848 844 841 836 832 824 824 827 827 829 832 833 726 728 729 731 732 733 734 736 738 739 740 742 743 744 745 746 746 748 749 750 752 751 753 753 754 756 756 756 757 758 758 758 760 761 760 760 762 762 763 762 762 762 763 763 764 764 763 763 764 764 764 764 764 763 762 763 762 761 762 761
890 888 886 884 881 879 877 875 871 869 866 873 872 871 870 868 866 863 860 857 854 850 847 843 839 835 831 824 826 825 828 830 831 833 727 728 730 730 732 733 735 737 738 740 740 742 742 744 745 747 747 748 750 750 751 752 752 754 755 756 756 756 758 758 759 759 760 760 761 761 762 763 763 763 762 763 763 764 764 764 764 764 764 765 765 764 764 763 763 763 763 762 762 763
