testData/tiles/oneDegree/grid42.0-4.0-43.0-5.0.asc
ncols   200
nrows   200
xllcorner   42.0
yllcorner   4.0
cellsize   0.005
NODATA_value   -9999.0
[rows 0 to 41 of 200, columns 0 to 93 of 200]
608 607 606 606 605 604 604 603 602 601 601 600 599 598 598 597 596 596 595 594 593 592 592 591 590 589 588 588 587 586 586 585 585 584 584 584 583 583 582 582 581 581 580 580 579 472 472 471 471 470 470 469 469 468 468 467 467 466 466 465 465 464 464 463 462 462 461 461 460 460 459 459 458 457 457 456 456 455 454 454 453 453 452 451 451 450 449 449 448 448 448 448 448 448
610 609 609 608 607 606 606 605 604 604 603 602 602 601 600 600 598 598 598 596 596 594 594 594 592 592 590 590 590 588 588 586 586 584 584 584 583 583 582 582 581 581 580 580 580 579 472 471 471 470 470 469 469 468 468 467 467 466 466 465 465 464 464 463 463 462 461 461 460 460 459 459 458 457 457 456 456 455 454 454 453 453 452 451 451 450 449 449 448 448 448 448 448 448
612 612 611 610 610 609 608 608 606 606 606 604 604 604 602 602 601 600 600 598 598 598 596 596 595 594 593 592 592 591 590 589 588 588 586 586 585 584 583 582 581 581 581 580 580 579 579 471 471 470 470 469 469 468 468 467 467 466 466 465 465 464 464 463 463 462 462 461 460 460 459 459 458 458 457 456 456 455 455 454 453 453 452 451 451 450 449 449 448 448 448 448 448 448
614 614 613 612 612 611 610 610 609 608 608 606 606 606 604 604 604 602 602 601 600 600 599 598 597 596 596 595 594 593 592 591 591 590 589 588 587 586 585 585 584 583 582 581 580 579 579 578 471 470 470 469 469 468 468 467 467 466 466 465 465 464 464 463 463 462 462 461 460 460 459 459 458 458 457 456 456 455 455 454 453 453 452 452 451 450 450 449 448 448 448 448 448 448
616 616 616 614 614 614 612 612 612 610 610 609 608 608 607 606 606 605 604 603 602 602 601 600 599 599 598 597 596 595 595 594 593 592 591 591 589 589 587 587 586 585 585 583 583 581 581 579 579 470 470 469 469 468 468 467 467 466 466 465 465 464 464 463 463 462 462 461 461 460 459 459 458 458 457 457 456 455 455 454 453 453 452 452 451 450 450 449 448 448 448 448 448 448
618 618 618 616 616 616 614 614 614 612 612 612 610 610 609 608 608 607 606 605 605 604 603 603 601 601 600 599 599 597 597 596 595 595 593 593 591 591 591 589 589 587 587 585 585 584 583 582 581 580 472 471 470 470 468 468 467 467 466 465 465 464 464 463 463 462 462 461 461 460 459 459 458 458 457 457 456 455 455 454 454 453 452 452 451 450 450 449 448 448 448 448 448 448
621 620 620 618 618 618 616 616 616 614 614 614 612 612 611 610 610 609 608 608 607 606 605 605 604 603 603 601 601 599 599 599 597 597 595 595 595 593 593 591 591 590 589 588 587 586 585 584 584 583 582 474 473 472 471 470 469 468 467 466 465 464 464 463 463 462 462 461 461 460 460 459 458 458 457 457 456 455 455 454 454 453 452 452 451 450 450 449 449 448 448 448 448 448
623 622 622 621 620 620 618 618 618 616 616 616 614 614 614 612 612 611 610 610 609 608 607 607 606 605 605 603 603 602 601 601 599 599 598 597 597 595 595 594 593 592 591 590 589 588 588 587 586 585 584 583 475 474 473 473 471 471 469 469 467 467 465 464 463 462 462 461 461 460 460 459 458 458 457 457 456 456 455 454 454 453 452 452 451 451 450 449 449 448 448 448 448 448
625 624 624 623 622 622 621 620 620 618 618 618 616 616 616 614 614 613 612 612 611 610 609 609 608 607 607 605 605 605 603 603 601 601 600 599 599 597 597 596 595 594 593 592 592 591 590 589 588 587 586 586 584 477 475 475 473 473 471 471 469 469 467 467 465 464 463 462 461 460 460 459 459 458 457 457 456 456 455 454 454 453 453 452 451 451 450 449 449 448 448 448 448 448
627 626 625 625 624 624 623 622 622 620 620 620 618 618 618 616 616 615 614 614 613 612 612 611 610 609 609 608 607 607 605 605 603 603 603 601 601 600 599 598 597 596 596 595 594 593 592 591 590 590 588 588 586 586 477 477 475 475 474 473 472 471 470 469 468 467 466 464 464 462 462 460 460 458 457 457 456 456 455 454 454 453 453 452 451 451 450 449 449 448 448 448 448 448
629 628 627 627 626 625 625 624 624 623 622 622 620 620 620 618 618 618 616 616 615 614 614 613 612 611 611 610 609 609 607 607 605 605 605 603 603 602 601 600 599 599 598 597 596 595 594 594 592 592 590 590 588 588 587 479 478 477 476 475 474 473 472 471 470 469 468 467 466 464 464 462 462 460 460 458 457 456 455 455 454 453 453 452 451 451 450 449 449 448 448 448 448 448
631 629 629 629 628 627 627 626 625 625 624 624 622 622 622 620 620 620 618 618 617 616 616 615 614 613 613 612 611 611 609 609 608 607 607 605 605 604 603 602 601 601 600 599 598 597 596 596 594 594 592 592 590 590 589 588 480 479 478 477 476 475 474 473 472 472 470 470 468 467 466 465 464 463 462 461 459 459 457 456 455 453 453 452 451 451 450 450 449 448 448 448 448 448
633 631 631 631 629 629 629 628 627 627 626 625 625 624 623 622 622 621 620 620 618 618 618 616 616 615 614 614 613 612 611 611 610 609 609 607 607 605 605 605 603 603 602 601 600 599 598 598 596 596 594 594 592 592 591 590 589 481 480 479 478 478 476 476 474 474 472 472 470 470 468 467 466 465 464 463 462 461 459 459 457 456 455 454 453 451 450 450 449 448 448 448 448 448
634 634 633 632 631 631 631 629 629 629 627 627 627 626 625 624 624 623 622 622 621 620 620 618 618 618 616 616 615 614 613 613 612 611 611 609 609 607 607 607 605 605 603 603 602 601 600 600 598 598 596 596 595 594 594 592 592 590 483 481 480 480 478 478 476 476 474 474 472 472 470 469 468 467 466 465 464 463 461 461 459 459 457 456 455 454 452 452 450 448 448 448 448 448
636 636 635 634 634 633 632 631 631 631 629 629 629 627 627 627 625 625 624 623 623 622 621 620 620 619 618 618 616 616 616 614 614 613 612 611 611 610 609 609 607 607 605 605 604 603 602 601 601 600 599 598 597 596 596 594 594 592 485 483 483 482 480 480 478 478 476 476 474 474 472 472 470 469 468 467 466 465 463 463 461 461 459 458 457 456 454 454 452 451 450 449 449 448
638 638 636 636 636 634 634 634 633 632 631 631 630 629 629 628 627 627 626 625 625 624 623 622 622 621 620 620 618 618 618 616 616 615 614 613 612 612 611 610 609 609 607 607 605 605 604 603 603 602 601 600 599 598 597 596 596 594 594 485 485 484 483 482 480 480 478 478 476 476 474 474 472 471 471 469 469 467 466 465 464 463 461 460 459 458 456 456 454 454 452 452 451 451
639 639 638 638 637 636 636 636 634 634 633 632 632 631 630 630 629 629 627 627 627 625 625 624 623 623 622 621 620 620 619 618 618 616 616 616 614 614 613 612 611 610 609 609 607 607 607 605 605 603 603 602 601 600 599 598 598 596 596 594 487 485 485 484 483 482 480 480 478 478 476 476 474 474 472 471 471 469 469 467 466 465 464 462 462 460 459 458 456 456 454 454 453 453
641 641 640 639 639 638 637 637 636 636 635 634 634 632 632 632 631 630 630 629 628 627 627 626 625 625 623 623 623 621 621 620 619 618 618 617 616 616 614 614 613 612 611 611 610 609 608 607 607 605 605 603 603 602 601 600 599 598 598 596 596 487 487 485 485 484 483 482 480 480 478 478 476 476 474 473 473 471 471 469 468 467 466 465 464 462 462 460 458 458 456 456 455 455
643 642 641 641 641 639 639 639 638 637 637 636 635 634 634 634 632 632 632 630 630 629 628 628 627 626 625 625 624 623 623 622 621 620 619 619 618 617 616 616 614 614 614 612 612 611 610 609 608 607 607 605 605 603 603 602 601 600 599 598 598 489 489 487 487 485 485 484 482 482 480 480 478 478 476 475 474 473 472 471 470 469 468 467 466 464 464 462 460 460 458 458 457 457
644 644 643 643 642 641 641 640 639 639 639 637 637 636 636 635 634 634 633 632 632 630 630 630 628 628 627 627 626 625 625 623 623 623 621 621 619 619 618 617 616 616 615 614 614 612 612 611 610 609 608 607 607 605 605 603 603 602 601 600 599 598 491 489 489 487 487 485 485 484 482 482 480 480 478 478 476 475 474 473 472 471 469 469 467 466 465 464 462 462 460 460 459 459
646 646 645 644 644 643 642 642 641 641 640 639 639 638 637 637 636 635 635 634 633 632 632 631 630 630 628 628 628 627 626 625 625 624 623 623 621 621 619 619 619 617 617 616 615 614 614 612 612 610 610 609 608 607 607 605 605 603 603 602 601 600 599 491 490 489 489 487 487 485 484 483 482 482 480 480 478 477 476 475 474 473 471 471 469 468 467 466 464 464 462 462 461 461
648 647 647 646 645 644 644 644 642 642 642 641 640 640 639 638 637 637 637 635 635 635 633 633 632 631 631 630 629 628 628 626 626 626 625 624 623 622 621 621 620 619 619 617 617 616 615 614 614 612 612 610 610 609 608 607 607 605 605 603 603 601 601 600 492 491 490 489 489 487 487 485 484 483 482 481 480 479 478 477 476 475 473 473 471 470 469 468 467 466 464 464 463 463
649 649 649 647 647 647 645 645 644 644 643 642 642 642 640 640 639 638 638 637 637 636 635 635 633 633 633 631 631 630 629 629 628 627 626 626 624 624 623 622 622 621 620 619 619 617 617 616 615 614 613 612 612 610 610 610 608 607 606 605 605 603 603 601 494 493 492 491 490 489 488 487 486 485 484 483 482 481 480 478 478 476 475 475 473 473 471 470 469 468 466 466 465 465
651 650 650 649 649 648 647 647 646 645 645 644 643 643 642 642 641 640 640 638 638 638 636 636 635 635 634 633 633 631 631 631 629 629 628 627 626 626 625 624 624 622 622 621 620 619 619 617 617 616 615 615 613 613 612 611 610 609 608 608 606 605 605 603 603 494 494 492 492 491 490 489 487 487 485 485 484 483 482 480 480 478 478 476 475 474 473 471 471 469 468 467 467 466
652 652 652 650 650 650 648 648 648 647 646 645 645 645 643 643 643 641 641 640 640 639 638 638 636 636 636 635 634 633 633 632 631 631 629 629 628 627 627 626 625 624 624 622 622 621 620 619 618 618 617 616 615 615 613 613 612 611 610 609 608 608 606 605 604 603 496 494 494 492 492 490 490 489 487 487 485 485 483 482 481 480 480 478 477 476 475 473 473 471 470 469 469 468
654 653 653 652 651 651 650 650 649 648 648 647 646 646 645 645 644 643 643 641 641 641 640 639 638 638 637 636 636 634 634 634 632 632 631 631 629 629 629 627 627 626 625 624 623 622 622 621 620 620 618 618 617 616 615 615 613 613 611 611 610 609 608 607 606 605 604 496 495 494 494 492 492 490 489 488 487 487 485 484 483 482 481 480 478 478 476 475 474 473 472 471 471 487
655 655 654 653 653 653 651 651 651 650 649 649 648 648 646 646 646 644 644 644 643 642 641 641 640 639 639 638 637 637 636 635 634 634 632 632 632 630 630 629 628 627 627 625 625 624 623 623 622 621 620 620 618 618 616 616 615 614 613 613 611 611 609 609 608 607 606 497 497 496 495 494 493 492 491 490 489 488 487 486 485 483 483 482 480 480 478 477 476 475 473 473 489 489
656 656 656 655 654 654 653 653 652 651 651 651 649 649 648 647 647 646 646 645 644 644 642 642 642 641 640 639 639 638 637 637 635 635 634 634 633 632 632 630 630 629 628 627 627 626 625 625 623 623 621 621 620 619 618 618 616 616 615 614 613 612 611 611 609 609 607 606 499 497 497 495 495 494 493 492 490 490 488 488 487 485 485 483 482 481 480 479 478 476 476 491 491 491
658 658 657 656 656 656 654 654 654 653 652 652 651 650 649 649 649 647 647 647 646 645 644 644 643 642 642 640 640 640 639 638 637 637 635 635 635 633 633 632 631 630 630 628 628 628 626 626 625 624 623 623 621 621 620 619 618 617 616 616 614 614 613 612 611 610 609 609 500 499 498 497 497 495 495 493 492 491 490 490 488 487 486 485 484 483 481 481 480 478 495 493 493 492
660 659 659 657 657 657 656 655 655 654 654 653 652 652 652 650 650 649 648 648 647 647 645 645 645 643 643 642 642 641 640 640 638 638 638 636 636 635 635 633 633 632 631 631 630 629 628 628 626 626 624 624 623 622 621 621 619 619 618 617 616 615 614 614 612 612 611 610 609 500 500 499 498 497 496 495 493 493 492 491 490 488 488 486 486 485 483 483 481 497 496 495 494 494
662 660 660 660 659 658 657 657 657 655 655 655 653 653 653 652 651 650 650 650 648 648 647 646 646 645 645 643 643 643 641 641 640 640 639 638 638 636 636 635 634 633 633 632 631 631 629 629 628 627 626 626 624 624 623 622 621 620 619 619 617 617 616 615 614 613 612 612 610 609 501 500 500 498 498 496 495 495 493 493 491 490 489 488 488 486 485 484 500 498 498 496 496 495
663 662 661 661 660 660 659 658 658 657 656 656 655 655 654 653 653 652 651 651 650 649 649 648 648 646 646 646 644 644 643 643 641 641 641 639 639 638 637 636 636 635 634 634 632 632 631 630 629 629 627 627 626 625 624 624 622 622 621 620 619 618 617 617 615 615 614 613 612 611 503 502 501 500 499 498 498 496 495 494 493 492 491 490 489 488 486 503 501 500 499 498 498 497
664 663 663 662 661 661 661 659 659 658 658 657 656 656 656 654 654 653 653 652 651 651 651 649 649 648 647 647 646 645 644 644 643 642 642 641 640 639 639 637 637 637 635 635 634 634 632 632 631 630 629 628 627 627 625 625 624 623 622 622 620 620 619 618 617 616 615 615 613 613 611 503 503 501 501 499 499 498 496 496 494 494 493 491 491 489 505 504 503 501 501 500 499 499
665 664 664 664 663 662 662 661 661 659 659 659 658 657 657 656 655 655 654 654 652 652 652 651 650 649 649 648 647 647 646 645 644 644 643 642 642 640 640 639 639 638 637 637 635 635 634 633 632 632 630 630 629 628 627 626 625 625 623 623 622 621 620 620 618 618 616 616 615 614 613 612 504 503 502 501 501 499 498 497 496 495 494 493 492 491 506 506 504 503 503 501 501 500
667 666 665 665 664 664 663 662 662 662 660 660 659 659 658 657 657 657 655 655 654 653 653 652 652 650 650 650 648 648 647 647 646 645 645 643 643 642 641 641 640 640 638 638 637 636 635 635 633 633 632 631 630 630 628 628 627 626 625 624 623 623 621 621 620 619 618 618 616 616 614 614 506 504 504 502 502 501 499 499 497 497 496 494 494 509 508 507 506 506 504 503 502 502
668 667 667 666 665 665 665 663 663 663 662 661 660 660 660 658 658 658 657 656 655 655 654 653 653 652 651 651 650 650 648 648 648 646 646 645 644 643 643 643 641 641 640 639 638 638 636 636 635 634 633 633 632 631 631 629 629 628 627 626 625 624 623 622 621 621 619 619 618 617 616 615 614 506 505 504 503 502 501 500 499 498 497 496 512 511 510 509 507 507 506 504 504 503
669 668 668 668 666 666 666 665 664 664 663 663 661 661 661 660 659 659 658 658 656 656 656 654 654 653 653 652 651 651 650 649 649 648 647 646 646 644 644 644 643 642 641 641 639 639 638 637 636 636 634 634 634 632 632 631 630 629 629 627 627 626 624 624 622 622 621 620 619 619 617 617 615 507 507 505 505 503 503 502 500 500 498 514 514 512 512 510 509 508 507 506 505 505
671 669 669 669 668 667 667 666 666 665 664 664 664 662 662 661 661 660 659 659 658 657 657 656 655 654 654 654 652 652 651 651 650 649 649 647 647 646 645 645 644 644 642 642 641 640 639 639 637 637 637 635 635 634 633 632 632 630 630 629 628 627 627 625 624 623 622 622 620 620 619 618 617 615 508 507 506 505 504 503 502 501 517 516 515 514 513 512 510 510 508 507 507 506
672 671 670 670 669 669 668 667 667 667 665 665 665 664 663 662 662 662 660 660 660 659 658 657 657 656 655 655 654 653 652 652 651 650 650 649 648 647 647 646 645 645 643 643 642 642 640 640 640 638 638 637 636 635 635 633 633 632 631 630 630 628 628 626 625 625 623 623 622 621 620 620 618 618 509 508 508 506 506 504 503 520 518 518 516 515 515 513 512 511 510 508 508 508
673 672 671 671 670 670 670 668 668 668 667 666 666 665 665 663 663 663 662 661 661 660 660 658 658 658 656 656 655 655 654 653 653 651 651 650 650 649 648 648 646 646 645 644 643 643 642 641 641 640 639 638 638 636 636 635 634 633 633 631 631 630 629 628 627 626 625 624 623 623 621 621 620 619 618 509 509 508 507 506 521 521 520 519 518 516 516 515 513 513 511 510 509 509
674 673 673 672 671 671 671 669 669 669 668 668 667 666 666 665 664 664 663 663 662 661 661 659 659 659 658 657 656 656 656 654 654 653 652 651 651 651 649 649 648 647 646 646 644 644 644 642 642 641 640 639 639 638 637 636 636 634 634 632 632 631 630 629 629 627 626 626 624 624 623 622 621 620 619 511 510 509 509 507 523 522 521 521 519 518 517 516 514 514 513 511 511 510
675 675 674 674 672 672 672 671 670 670 669 669 668 667 667 666 665 665 664 664 663 662 662 661 660 660 659 659 657 657 657 655 655 654 654 652 652 652 650 650 649 649 647 647 646 645 645 644 643 642 642 640 640 639 638 637 637 635 635 634 633 632 632 630 630 629 628 627 626 625 624 623 622 622 620 619 512 510 510 525 524 524 522 522 520 519 519 517 516 515 514 513 512 512
