testData/tiles/oneDegree/grid11.0-11.0-12.0-12.0.asc
ncols   200
nrows   200
xllcorner   11.0
yllcorner   11.0
cellsize   0.005
NODATA_value   -9999.0
[rows 46 to 91 of 200, columns 0 to 95 of 200]
146 144 143 140 139 137 136 134 132 130 128 125 122 120 118 115 112 109 106 101 97 92 92 92 67 67 66 66 66 66 66 66 66 65 66 66 66 164 164 163 163 163 163 163 164 164 163 163 163 163 163 162 162 162 163 163 163 162 162 162 162 162 161 161 162 162 162 162 161 161 161 161 161 160 160 161 161 161 160 160 160 160 160 159 159 160 160 159 159 159 159 159 158 158 158 158
146 144 142 141 140 138 136 135 132 130 127 125 123 121 119 116 113 109 106 103 99 94 92 92 66 66 66 66 66 66 65 65 65 65 66 66 66 65 65 163 163 163 163 162 163 163 163 163 163 162 162 162 162 162 162 162 162 162 162 162 161 161 161 161 161 162 161 161 161 161 161 160 160 160 160 161 160 160 160 160 160 159 159 159 159 159 159 159 159 159 158 158 158 158 158 157
146 145 143 142 141 138 136 134 132 130 128 126 124 121 119 117 114 111 108 104 100 95 91 91 91 66 66 66 65 65 65 65 65 65 65 65 65 65 65 65 163 162 162 162 162 163 163 162 162 162 162 162 162 161 161 162 162 162 161 161 161 161 161 161 160 161 161 161 161 160 160 160 160 160 159 159 160 160 160 159 159 159 159 159 158 158 159 159 159 158 158 158 158 157 157 157
147 146 143 141 140 139 137 135 133 131 128 126 124 122 119 118 115 112 108 105 101 97 92 91 91 65 65 65 65 65 65 65 64 64 64 65 65 65 64 64 64 162 162 162 162 162 162 162 162 162 162 161 161 161 161 161 161 161 161 161 161 161 160 160 160 160 161 160 160 160 160 160 159 159 159 159 160 159 159 159 159 159 158 158 158 158 158 158 158 158 158 158 157 157 157 157
147 145 144 142 140 140 138 135 133 131 129 127 125 123 120 118 115 112 109 106 102 99 93 90 90 91 65 65 65 64 64 64 64 64 64 64 64 64 64 64 64 64 63 161 161 161 162 162 161 161 161 161 161 161 160 160 161 161 161 161 160 160 160 160 160 159 160 160 160 160 159 159 159 159 159 159 158 159 159 159 159 158 158 158 158 157 157 157 158 158 157 157 157 157 157 156
148 146 144 142 140 138 138 136 134 132 130 128 125 123 120 118 116 113 110 106 103 99 95 90 90 90 65 64 64 64 64 64 64 63 63 63 64 64 64 64 63 63 63 63 161 161 161 161 161 161 161 161 160 160 160 160 160 161 160 160 160 160 160 159 159 159 159 160 160 159 159 159 159 159 158 158 158 159 159 158 158 158 158 158 157 157 157 157 157 157 157 157 157 156 156 156
147 146 144 142 141 139 138 137 134 132 130 128 126 124 121 119 116 114 111 108 104 101 97 92 89 89 64 64 64 64 64 63 63 63 63 63 63 63 63 63 63 63 63 63 62 62 160 161 161 161 160 160 160 160 160 160 159 160 160 160 160 159 159 159 159 159 159 158 159 159 159 159 158 158 158 158 158 157 158 158 158 158 157 157 157 157 157 156 156 157 157 156 156 156 156 156
148 146 145 143 142 139 137 136 135 133 131 129 127 123 121 119 116 115 112 109 106 101 97 93 89 89 89 64 63 63 63 63 63 63 63 62 62 63 63 63 63 62 62 62 62 62 62 160 160 160 160 160 160 159 159 159 159 159 160 159 159 159 159 159 159 158 158 158 159 159 158 158 158 158 158 157 157 157 157 158 157 157 157 157 157 156 156 156 156 157 156 156 156 156 156 155
148 146 144 143 141 140 138 137 135 133 131 129 126 124 122 120 117 116 112 109 106 103 99 95 90 88 88 63 63 63 63 63 62 62 62 62 62 63 63 62 62 62 62 62 62 61 61 61 62 160 160 159 159 159 159 159 159 158 159 159 159 159 159 158 158 158 158 158 157 158 158 158 158 157 157 157 157 157 156 157 157 157 157 156 156 156 156 156 155 155 156 156 156 155 155 155
148 147 145 144 142 140 139 137 135 133 131 129 127 125 123 120 117 115 113 110 107 104 100 95 91 88 88 62 63 63 62 62 62 62 62 62 61 61 62 62 62 62 62 61 61 61 61 61 62 61 159 159 159 159 159 158 158 158 158 159 158 158 158 158 158 158 157 157 157 158 158 157 157 157 157 157 156 156 156 156 157 156 156 156 156 156 155 155 155 155 156 155 155 155 155 155
149 147 146 143 142 140 138 137 136 134 132 130 127 125 123 121 118 116 114 111 107 104 101 97 93 88 88 87 62 62 62 62 62 62 61 61 61 61 62 62 61 61 61 61 61 61 61 60 60 61 61 61 159 158 158 158 158 158 157 158 158 158 158 158 157 157 157 157 157 156 157 157 157 157 157 156 156 156 156 156 156 156 156 156 156 155 155 155 155 154 154 155 155 155 154 154
148 147 145 144 142 141 139 137 136 134 132 130 128 126 124 121 119 116 114 111 108 105 102 98 93 88 87 87 61 62 62 61 61 61 61 61 61 61 60 61 61 61 61 61 60 60 60 60 60 61 60 60 60 60 158 158 157 157 157 157 158 158 157 157 157 157 157 156 156 156 157 157 157 156 156 156 156 156 155 155 155 156 156 155 155 155 155 155 154 154 154 154 154 154 154 154
149 148 146 144 143 140 139 137 135 134 133 131 129 126 124 121 119 117 114 112 110 106 102 99 95 90 87 87 87 61 61 61 61 61 61 60 60 60 60 61 61 61 60 60 60 60 60 60 59 59 60 60 60 60 59 157 157 157 157 157 157 157 157 157 157 156 156 156 156 156 156 156 156 156 156 156 155 155 155 155 155 155 155 155 155 155 154 154 154 154 154 153 154 154 154 154
150 147 146 144 143 141 139 138 136 135 132 130 129 126 124 122 120 118 114 112 110 107 104 100 96 92 86 86 86 60 61 61 61 60 60 60 60 60 60 59 60 60 60 60 60 60 59 59 59 59 60 60 59 59 59 59 59 157 156 156 156 157 157 156 156 156 156 156 156 155 155 156 156 156 155 155 155 155 155 154 154 154 155 155 154 154 154 154 154 153 153 153 153 154 153 153
149 148 146 145 143 142 140 137 136 134 133 131 129 127 125 122 120 117 115 112 111 108 105 100 97 93 88 86 86 60 60 60 60 60 60 60 60 59 59 59 60 60 60 59 59 59 59 59 59 58 58 59 59 59 59 58 58 58 58 156 156 156 156 156 156 156 156 155 155 155 155 155 155 155 155 155 155 154 154 154 154 154 153 154 154 154 154 153 153 153 153 153 152 152 153 153
150 148 147 144 143 141 140 138 136 135 134 132 129 127 125 123 121 118 116 113 111 108 105 102 98 94 90 85 85 85 59 60 60 60 59 59 59 59 59 59 59 59 59 59 59 59 59 58 58 58 58 59 59 58 58 58 58 58 58 57 57 155 156 156 156 155 155 155 155 155 154 154 154 155 155 154 154 154 154 154 153 153 153 154 154 153 153 153 153 153 152 152 152 152 153 152
149 148 146 145 143 142 140 139 137 134 132 132 130 128 126 124 121 118 116 113 111 109 106 103 98 95 90 85 85 85 59 60 59 59 59 59 59 59 58 58 58 59 59 59 59 58 58 58 58 58 58 57 58 58 58 58 58 57 57 57 57 57 58 57 155 155 155 155 154 154 154 154 154 154 154 154 154 154 154 153 153 153 153 153 153 153 153 153 153 152 152 152 152 151 151 152
149 148 147 146 144 141 140 138 137 135 133 132 130 129 126 123 121 119 117 114 112 109 106 103 100 96 92 87 85 84 58 58 59 59 59 59 58 58 58 58 58 58 58 58 58 58 58 58 58 57 57 57 58 58 58 57 57 57 57 57 56 56 56 57 57 57 154 154 154 154 154 153 153 153 154 154 154 153 153 153 153 153 152 152 153 153 153 152 152 152 152 152 151 151 151 152
149 148 147 145 144 142 141 139 137 136 133 131 130 128 126 124 122 120 117 114 112 109 107 104 101 97 92 88 84 84 84 58 59 58 58 58 58 58 58 58 57 57 58 58 58 58 57 57 57 57 57 57 56 57 57 57 57 57 56 56 56 56 56 56 56 56 56 56 56 153 153 153 153 153 154 153 153 153 153 153 152 152 152 152 152 152 152 152 152 152 151 151 151 151 151 150
149 148 147 146 144 143 141 139 137 135 133 132 131 129 127 124 122 120 117 115 112 110 108 104 101 97 94 89 84 84 83 57 57 58 58 58 58 57 57 57 57 57 57 58 57 57 57 57 57 57 56 56 56 56 57 57 56 56 56 56 56 56 55 55 56 56 56 55 55 55 55 153 153 152 152 153 153 153 152 152 152 152 152 151 151 151 152 152 151 151 151 151 151 150 150 150
149 148 148 145 144 142 141 139 137 136 134 132 130 129 127 125 123 120 118 116 112 110 107 105 102 99 95 91 85 83 83 57 57 58 58 57 57 57 57 57 57 56 56 56 57 57 57 57 56 56 56 56 56 56 56 56 56 56 56 56 55 55 55 55 55 55 55 55 55 55 55 54 54 54 54 153 152 152 152 152 152 151 151 151 151 151 151 151 151 151 151 150 150 150 150 150
149 148 146 146 144 143 141 140 138 135 134 132 130 129 127 125 123 120 118 116 113 111 108 106 103 99 95 91 87 83 83 83 56 56 57 57 57 57 57 56 56 56 56 56 57 56 56 56 56 56 56 55 55 55 55 56 56 55 55 55 55 55 55 54 54 55 55 55 55 54 54 54 54 54 53 53 54 54 152 151 151 151 151 151 151 150 150 151 151 151 150 150 150 150 149 149
150 148 147 146 145 142 141 139 138 136 134 133 131 130 127 125 123 121 119 116 114 112 108 105 103 100 96 93 88 82 82 82 56 56 57 57 56 56 56 56 56 56 56 55 55 56 56 56 56 55 55 55 55 55 55 55 55 55 55 55 55 54 54 54 54 54 55 54 54 54 54 54 53 53 53 53 53 53 53 53 53 53 151 150 150 150 150 150 150 150 150 150 150 149 149 149
150 148 146 145 144 143 141 140 138 137 134 132 130 129 128 126 124 122 119 116 114 111 109 106 104 101 97 93 89 84 82 82 56 55 55 56 56 56 56 56 55 55 55 55 55 56 56 55 55 55 55 55 55 54 54 54 55 55 55 54 54 54 54 54 54 53 54 54 54 54 53 53 53 53 53 53 52 53 53 53 53 52 52 52 52 52 51 51 150 150 150 149 149 149 149 149
150 148 147 145 145 143 142 139 138 136 135 133 131 129 128 125 123 121 119 117 115 112 110 106 103 101 98 94 90 86 82 81 81 55 55 56 56 56 55 55 55 55 55 55 54 54 55 55 55 55 55 54 54 54 54 54 55 54 54 54 54 54 53 53 53 53 53 54 53 53 53 53 53 53 52 52 52 52 53 52 52 52 52 52 51 51 51 51 51 51 51 51 51 51 50 50
150 149 147 145 143 143 141 140 138 137 135 133 131 129 127 126 124 122 120 118 114 112 110 107 104 102 99 95 90 86 81 81 81 55 55 54 55 55 55 55 55 55 54 54 54 54 55 55 54 54 54 54 54 54 53 53 53 54 54 54 53 53 53 53 53 53 52 52 53 53 53 52 52 52 52 52 52 51 51 52 52 52 51 51 51 51 51 50 50 50 51 51 50 50 50 50
149 148 147 145 144 144 142 140 138 136 135 133 131 129 128 127 125 122 120 117 115 113 110 108 105 101 99 95 92 88 83 81 80 54 54 54 55 55 55 54 54 54 54 54 54 54 53 54 54 54 54 54 53 53 53 53 53 53 53 53 53 53 53 53 52 52 52 52 53 52 52 52 52 52 52 51 51 51 51 52 51 51 51 51 51 50 50 50 50 50 50 50 50 50 50 50
150 149 147 146 144 142 142 140 138 137 135 134 132 130 127 125 124 122 120 118 116 114 110 108 105 102 100 97 93 88 83 80 80 54 54 54 53 54 54 54 54 54 54 53 53 53 53 54 54 54 53 53 53 53 53 53 52 52 53 53 53 53 52 52 52 52 52 51 51 52 52 52 52 51 51 51 51 51 50 50 51 51 51 50 50 50 50 50 50 49 49 50 50 50 50 50
150 148 147 145 144 143 142 141 139 137 135 133 131 130 128 126 125 123 121 118 116 113 111 108 106 103 99 97 93 89 85 80 80 80 53 53 53 54 54 54 54 53 53 53 53 53 53 52 53 53 53 53 53 52 52 52 52 52 52 52 52 52 52 52 52 51 51 51 51 51 52 51 51 51 51 51 50 50 50 50 50 51 50 50 50 50 50 49 49 49 49 49 50 50 50 50
150 149 147 146 144 143 142 140 139 137 135 134 132 130 128 126 124 123 121 119 116 114 112 108 106 103 100 98 94 90 86 80 79 79 53 53 53 53 53 53 53 53 53 53 53 52 52 52 52 53 53 52 52 52 52 52 52 51 51 52 52 52 52 51 51 51 51 51 51 50 51 51 51 51 50 50 50 50 50 50 49 50 50 50 50 49 49 49 49 49 49 49 50 50 50 50
150 149 148 145 144 143 141 141 139 137 136 134 132 130 128 126 124 123 121 119 116 114 111 109 106 104 101 98 94 91 86 82 79 79 53 52 52 52 52 53 53 53 52 52 52 52 52 52 52 52 52 52 52 52 52 51 51 51 51 51 52 51 51 51 51 51 51 50 50 50 50 51 50 50 50 50 50 50 49 49 49 49 50 49 49 49 49 49 49 49 49 49 49 50 50 50
150 148 147 146 144 143 142 140 139 137 135 134 132 130 129 127 125 122 121 119 117 115 112 110 107 103 101 98 95 92 88 83 78 78 78 52 52 52 52 52 52 52 52 52 52 52 51 51 51 51 52 52 51 51 51 51 51 51 51 50 50 51 51 51 50 50 50 50 50 50 49 50 50 50 50 50 49 49 49 49 49 48 48 49 49 49 49 49 49 49 49 49 49 49 50 50
150 149 148 146 145 142 141 140 139 137 136 134 133 131 128 126 124 123 121 120 117 115 112 109 107 104 101 98 95 93 88 84 78 78 78 52 52 51 51 51 52 52 52 52 51 51 51 51 51 51 51 51 51 51 51 51 50 50 50 50 50 51 50 50 50 50 50 50 49 49 49 49 50 50 49 49 49 49 49 48 48 48 48 49 49 49 49 49 49 49 49 49 49 49 50 50
151 148 147 146 144 143 141 140 139 138 135 134 132 130 129 127 125 123 121 119 117 115 113 110 108 105 102 98 95 92 89 85 80 78 77 51 51 51 51 51 52 51 51 51 51 51 51 51 50 50 50 51 51 51 50 50 50 50 50 50 49 49 50 50 50 50 49 49 49 49 49 49 48 49 49 49 49 48 48 48 48 48 48 48 49 49 49 49 49 49 49 49 49 49 49 50
205 204 202 201 200 143 142 139 138 137 136 134 133 131 129 126 125 123 121 119 118 116 113 111 107 105 102 99 96 93 90 85 80 77 77 51 51 51 50 50 50 51 51 51 51 50 50 50 50 50 50 50 50 50 50 50 50 50 49 49 49 49 50 50 49 49 49 49 49 48 48 48 48 49 49 48 48 48 48 48 48 48 48 48 48 49 49 49 49 49 49 49 49 49 49 49
206 204 203 201 199 198 196 195 193 192 191 190 187 131 129 127 125 123 121 119 117 115 113 111 108 106 103 100 96 93 89 86 82 77 77 77 50 50 50 50 50 51 50 50 50 50 50 50 50 49 49 49 50 50 50 49 49 49 49 49 49 48 48 49 49 49 49 48 48 48 48 48 48 47 48 48 48 48 48 48 48 48 48 48 48 49 49 49 49 49 49 49 49 49 49 49
205 204 202 201 200 198 197 195 193 191 191 189 188 186 184 183 181 178 176 119 117 116 114 111 109 105 103 100 97 94 90 87 83 77 76 76 50 50 50 50 49 49 50 50 50 50 50 49 49 49 49 49 49 49 49 49 49 49 49 48 48 48 48 48 49 48 48 48 48 48 48 47 47 47 47 48 48 48 48 48 48 48 48 48 48 48 49 49 49 49 49 49 49 49 49 49
205 204 203 201 200 198 196 195 193 192 190 190 188 187 184 182 180 178 177 175 173 171 168 166 164 161 103 101 98 95 90 86 83 78 76 76 50 49 49 49 49 49 49 50 49 49 49 49 49 49 49 48 48 49 49 49 49 48 48 48 48 48 48 47 48 48 48 48 48 47 47 47 47 47 47 48 48 48 48 48 48 48 48 48 48 48 48 49 49 49 49 49 49 49 49 49
205 203 202 201 199 198 197 195 194 192 190 189 188 186 184 183 181 179 177 174 172 170 169 167 164 162 159 155 153 149 146 87 84 80 75 75 75 49 49 49 49 48 48 49 49 49 49 49 48 48 48 48 48 48 48 48 48 48 48 48 48 47 47 47 47 48 47 47 47 47 47 47 47 47 47 47 48 48 48 48 48 48 48 48 48 48 48 49 49 49 49 49 49 49 49 49
204 204 203 201 200 199 196 195 193 192 190 189 188 186 185 182 180 178 177 175 173 171 169 167 164 161 159 156 153 150 147 142 139 135 130 130 130 49 49 48 48 48 48 48 49 48 48 48 48 48 48 48 47 47 47 48 48 48 47 47 47 47 47 47 46 46 47 47 47 47 47 47 47 47 47 47 47 48 48 48 48 48 48 48 48 48 48 48 49 49 49 49 49 49 49 49
204 203 203 201 199 198 197 195 194 192 191 189 188 186 184 183 181 179 177 175 172 170 168 167 165 162 160 157 153 150 147 143 140 135 131 130 129 103 103 103 103 103 48 47 48 48 48 48 48 47 47 47 47 47 47 48 47 47 47 47 47 47 46 46 46 46 47 47 47 47 47 47 47 47 47 47 47 48 48 48 48 48 48 48 48 48 48 48 48 49 49 49 49 49 49 49
204 203 202 201 200 198 197 196 193 192 190 189 187 186 185 183 181 179 177 175 173 171 169 167 165 162 159 157 154 151 148 144 141 135 132 129 129 103 103 103 102 102 102 102 102 103 48 47 47 47 47 47 47 46 46 46 47 47 47 47 46 46 46 46 46 46 46 47 47 47 47 47 47 47 47 47 47 47 48 48 48 48 48 48 48 48 48 48 48 48 49 49 49 49 49 49
204 203 202 201 199 198 196 195 194 192 191 189 187 187 184 183 181 179 177 175 173 171 168 166 165 162 160 157 155 152 148 144 141 137 132 129 129 128 102 102 102 102 102 102 101 101 102 102 102 102 102 46 46 46 46 46 46 46 46 46 46 46 46 46 46 46 46 46 47 47 47 47 47 47 47 47 47 47 47 48 48 48 48 48 48 48 48 48 48 48 49 49 49 49 49 49
204 202 201 201 199 198 197 195 194 192 190 188 187 185 185 183 181 179 178 175 173 171 169 167 164 163 161 157 154 151 148 145 142 138 133 128 128 128 102 102 102 102 101 101 101 101 102 102 101 101 101 101 101 101 101 45 45 46 46 46 46 46 46 46 46 46 46 46 47 47 47 47 47 47 47 47 47 47 47 47 48 48 48 48 48 48 48 48 48 48 48 49 49 49 49 49
204 203 201 200 200 199 196 195 193 192 190 189 187 186 184 182 181 179 177 175 173 171 169 167 164 163 160 158 155 152 149 146 141 138 133 128 128 128 102 101 101 101 101 101 101 101 100 101 101 101 101 101 100 100 100 100 100 100 101 101 46 46 46 46 46 46 46 46 46 47 47 47 47 47 47 47 47 47 47 47 48 48 48 48 48 48 48 48 48 48 48 48 49 49 49 49
204 203 201 200 198 198 197 195 194 192 191 189 187 185 184 183 181 179 178 176 174 171 169 167 164 162 161 158 156 152 149 146 142 139 134 130 126 127 101 101 101 101 101 100 100 100 100 101 101 101 100 100 100 100 100 100 100 100 100 101 101 101 101 101 46 46 46 46 46 46 47 47 47 47 47 47 47 47 47 47 47 48 48 48 48 48 48 48 48 48 48 48 48 49 49 49
