testData/tiles/oneDegree/grid15.0-44.0-16.0-45.0.asc
ncols   200
nrows   200
xllcorner   15.0
yllcorner   44.0
cellsize   0.005
NODATA_value   -9999.0
[rows 0 to 41 of 200, columns 0 to 93 of 200]
83 84 84 84 85 85 85 86 86 87 87 87 87 89 89 89 89 89 90 90 91 91 91 92 92 112 112 112 114 114 114 114 114 114 115 115 116 116 218 219 219 219 219 219 220 221 221 221 221 221 222 222 222 222 222 223 224 224 224 225 225 225 227 227 227 227 228 229 229 230 230 231 231 231 231 231 231 233 233 234 234 234 235 235 235 235 236 236 236 237 237 237 237 238
84 84 84 84 85 85 86 86 86 87 87 87 88 88 89 89 89 89 89 90 91 91 91 91 92 112 112 113 113 114 114 114 114 114 115 116 116 116 218 218 219 219 219 219 219 221 221 221 221 221 221 222 222 222 222 223 223 224 224 225 225 225 225 226 227 227 228 229 229 229 229 230 231 231 231 231 231 232 233 234 234 234 234 235 235 235 235 235 236 237 237 237 238 238
84 84 84 84 84 85 86 86 86 86 87 87 88 88 88 89 89 89 89 90 91 91 91 91 91 92 112 113 113 113 114 114 114 114 114 116 116 116 218 218 218 219 219 219 220 220 221 221 221 221 221 221 222 222 223 223 223 223 224 225 225 225 225 226 226 228 228 229 229 229 229 229 231 231 231 231 231 232 233 233 233 234 234 235 235 235 235 235 235 235 236 237 238 238
83 84 84 84 84 85 86 86 86 86 86 87 88 88 88 88 89 89 89 90 90 91 91 91 91 91 113 113 113 113 113 114 114 114 115 115 116 116 218 218 218 218 219 220 220 220 220 221 221 221 221 221 221 223 223 223 223 223 223 224 225 225 225 226 227 227 227 229 229 229 229 229 230 230 231 231 231 233 233 233 233 233 233 235 235 235 235 235 235 235 236 237 237 237
83 83 84 84 84 85 86 86 86 86 86 88 88 88 88 88 89 89 90 90 90 91 91 91 91 91 113 113 113 113 113 113 114 114 115 115 115 218 218 218 218 218 218 220 220 220 220 220 220 221 221 221 221 222 222 223 223 223 223 224 224 225 225 226 227 227 227 228 229 229 229 229 230 230 230 230 232 233 233 233 233 233 233 234 234 235 235 235 235 235 237 237 237 237
83 83 84 84 85 85 85 86 86 86 86 87 88 88 88 88 88 89 90 90 90 90 91 91 91 92 112 113 113 113 113 113 113 115 115 115 115 217 218 218 218 218 219 219 220 220 220 220 220 220 221 221 222 222 222 222 223 223 223 224 224 224 225 227 227 227 227 227 228 228 229 229 230 230 230 231 231 231 233 233 233 233 233 233 234 234 234 234 235 236 237 237 237 237
83 83 83 84 85 85 85 85 86 86 87 87 87 88 88 88 88 89 90 90 90 90 90 91 91 92 112 112 113 113 113 113 113 115 115 115 115 217 217 218 218 218 219 219 219 220 220 220 220 220 220 221 222 222 222 222 222 223 223 223 224 224 224 226 227 227 227 227 228 228 228 229 229 230 230 231 231 231 232 232 233 233 233 233 234 234 234 234 234 235 236 237 237 237
83 83 83 84 85 85 85 85 86 86 87 87 87 88 88 88 88 89 89 90 90 90 90 90 92 92 112 112 112 113 113 113 114 114 115 115 115 217 217 217 218 219 219 219 219 219 220 220 220 220 220 221 222 222 222 222 222 222 223 223 224 224 225 225 226 227 227 227 228 228 228 228 228 230 231 231 231 231 232 232 232 232 233 233 234 234 234 234 235 235 235 236 236 237
83 83 83 84 85 85 85 85 85 87 87 87 87 87 88 88 89 89 89 90 90 90 90 90 91 92 112 112 112 112 113 113 114 114 114 115 217 217 217 217 217 219 219 219 219 219 219 220 220 220 221 221 221 222 222 222 222 222 222 222 224 225 225 225 226 226 226 227 228 228 228 228 228 230 230 231 231 231 232 232 232 232 232 232 234 234 234 235 235 235 235 236 236 236
83 83 84 84 84 85 85 85 85 86 87 87 87 87 87 88 89 89 89 89 90 90 90 91 91 92 112 112 112 112 112 114 114 114 114 114 217 217 217 217 218 218 219 219 219 219 219 219 220 220 221 221 221 221 222 222 222 222 222 222 223 225 225 225 226 226 226 226 228 228 228 228 228 230 230 230 230 231 231 232 232 232 232 232 232 233 234 235 235 235 235 236 236 236
82 83 84 84 84 84 85 85 86 86 86 87 87 87 87 88 89 89 89 89 89 90 90 91 91 91 92 112 112 112 112 113 114 114 114 114 216 217 217 217 218 218 218 219 219 219 219 219 219 221 221 221 221 221 221 221 222 222 222 222 224 224 224 225 226 226 226 226 226 227 228 228 229 230 230 230 230 230 230 232 232 232 232 232 232 233 234 234 234 234 235 235 236 236
82 84 84 84 84 84 85 85 86 86 86 87 87 87 87 88 88 89 89 89 89 89 91 91 91 91 91 112 112 112 113 113 113 114 114 114 216 216 217 218 218 218 218 218 219 219 219 219 219 220 221 221 221 221 221 221 221 222 222 222 224 224 224 224 226 226 226 226 226 227 227 228 229 229 230 230 230 230 230 231 231 232 232 232 232 234 234 234 234 234 234 234 235 236
82 83 84 84 84 84 84 86 86 86 86 86 87 87 88 88 88 89 89 89 89 89 90 91 91 91 91 111 112 112 113 113 113 113 114 216 216 216 216 218 218 218 218 218 218 219 219 219 220 220 220 220 221 221 221 221 221 221 222 223 223 224 224 224 224 225 226 226 226 227 227 228 228 228 230 230 230 230 230 231 231 231 231 232 233 234 234 234 240 240 240 240 241 241
82 83 83 84 84 84 84 85 86 86 86 86 86 87 88 88 88 88 89 89 89 90 90 90 91 91 91 111 111 113 113 113 113 113 113 216 216 216 217 217 218 218 218 218 218 218 218 219 220 220 220 220 220 221 221 221 221 221 222 222 223 224 224 224 224 225 225 226 226 227 228 228 228 228 229 229 230 230 230 231 231 231 237 237 238 238 240 240 240 241 241 242 242 244
83 83 83 83 84 84 85 85 85 86 86 86 86 87 88 88 88 88 88 89 89 90 90 90 91 91 91 111 111 112 113 113 113 113 113 215 216 217 217 217 217 217 218 218 218 218 218 219 220 220 220 220 220 220 221 221 221 221 222 222 222 224 224 224 224 225 225 225 225 227 228 228 228 228 229 229 235 235 236 236 237 237 237 239 239 240 241 242 242 243 244 244 245 246
83 83 83 83 84 84 85 85 85 86 86 86 86 87 87 88 88 88 88 88 90 90 90 90 90 91 91 111 112 112 112 113 113 113 113 215 215 217 217 217 217 217 217 218 218 218 218 219 219 220 220 220 220 220 220 220 221 222 222 222 222 223 223 224 224 225 225 225 225 226 227 234 234 234 234 235 235 236 236 237 239 240 241 241 242 242 243 244 244 244 245 245 246 248
83 83 83 83 83 84 85 85 85 85 86 86 87 87 87 87 88 88 88 88 89 90 90 90 90 90 91 111 112 112 112 112 113 113 113 215 216 216 217 217 217 217 217 217 218 218 219 219 219 219 220 220 220 220 220 220 220 222 222 222 222 223 223 223 223 231 231 231 232 232 233 234 234 236 236 237 238 238 239 239 240 241 242 243 244 244 245 246 246 246 246 247 247 247
82 83 83 83 83 84 85 85 85 85 85 86 87 87 87 87 88 88 88 89 89 89 90 90 90 90 90 92 112 112 112 112 112 113 215 215 216 216 216 217 217 217 217 217 217 218 219 219 219 219 219 219 220 220 220 220 221 221 221 222 228 228 229 229 229 229 232 232 234 234 236 236 237 237 237 240 240 240 241 241 242 243 244 244 244 246 246 247 247 248 248 248 248 249
82 82 83 83 83 84 84 85 85 85 85 86 87 87 87 87 87 88 88 89 89 89 89 90 90 90 90 91 112 112 112 112 112 112 215 216 216 216 216 216 217 217 217 217 217 218 219 219 219 219 219 219 219 220 220 227 227 227 227 227 228 229 230 231 231 232 233 235 236 236 238 238 238 239 239 240 241 242 242 242 244 245 245 246 246 246 246 247 249 249 249 249 250 250
82 82 83 83 84 84 84 84 85 85 85 86 86 87 87 87 87 87 89 89 89 89 89 89 90 90 91 91 111 112 112 112 112 112 214 216 216 216 216 216 216 217 217 217 218 218 218 218 219 219 225 225 225 225 226 227 228 228 229 229 230 230 233 233 233 234 235 237 237 237 238 240 240 240 241 242 242 242 243 244 245 246 247 247 247 247 248 249 249 249 249 251 251 251
82 82 82 83 84 84 84 84 85 85 85 86 86 86 87 87 87 87 88 89 89 89 89 89 89 90 91 91 111 111 112 112 112 112 215 215 216 216 216 216 216 216 217 217 218 224 224 224 224 225 225 226 226 227 228 229 230 231 231 232 232 232 234 235 235 236 238 238 238 239 239 240 242 242 242 242 244 244 244 245 245 247 248 248 248 248 249 249 250 250 250 251 251 251
82 82 82 83 84 84 84 84 84 85 86 86 86 86 86 87 87 88 88 88 89 89 89 89 89 90 91 91 111 111 111 112 112 214 215 215 215 216 216 216 222 222 222 223 224 224 225 225 226 226 228 228 229 229 231 231 231 233 233 233 234 234 235 235 236 238 238 240 240 240 240 242 242 242 243 244 245 245 246 246 247 247 248 248 249 250 250 250 251 251 252 252 252 253
82 82 82 83 83 84 84 84 84 84 86 86 86 86 86 87 87 88 88 88 88 89 89 89 89 90 90 91 111 111 111 111 112 215 215 215 221 221 221 222 222 223 223 225 225 227 227 228 228 228 229 229 231 232 232 233 233 233 233 235 235 235 236 237 237 238 239 241 241 241 242 243 243 243 243 244 246 246 247 248 248 248 249 249 249 250 250 251 252 252 253 253 254 254
82 82 82 83 83 83 84 84 84 85 85 86 86 86 86 86 88 88 88 88 88 88 89 89 90 90 90 90 91 111 111 117 117 220 221 221 221 222 223 223 225 225 227 227 227 228 229 229 230 230 231 231 231 233 234 234 234 235 235 235 235 237 237 238 239 240 240 241 241 243 243 243 244 244 245 245 245 247 248 249 249 249 250 250 250 251 251 251 252 252 252 254 255 255
81 82 83 83 83 83 84 84 84 85 85 85 86 86 86 86 87 88 88 88 88 88 88 89 90 90 90 96 96 117 117 117 118 221 222 223 224 224 225 225 226 227 228 229 229 229 230 230 231 232 232 232 234 234 234 235 236 236 236 236 237 237 238 239 241 241 241 242 242 243 243 244 245 245 246 246 247 248 248 249 249 250 251 251 251 252 252 252 252 253 253 255 255 255
81 81 83 83 83 83 83 84 85 85 85 85 85 86 86 86 87 87 88 88 88 88 88 95 96 96 96 96 97 118 119 120 121 224 224 224 226 226 227 227 227 229 230 230 231 231 231 231 232 233 233 234 235 235 235 236 237 237 237 238 238 238 238 240 242 242 242 243 243 244 244 244 245 246 247 247 248 249 249 249 250 250 250 251 252 252 253 253 253 254 255 255 256 256
81 82 82 83 83 83 83 83 85 85 85 85 85 85 86 87 87 87 93 94 94 94 94 95 96 98 98 99 99 120 120 122 225 225 226 226 226 228 228 228 229 230 230 231 232 232 232 233 233 233 235 236 236 236 236 237 237 237 238 239 239 239 239 240 242 242 243 243 244 245 245 245 246 246 246 249 249 250 250 250 251 251 251 252 252 252 252 254 254 255 256 256 256 256
81 82 82 82 83 83 83 83 84 85 85 85 85 85 91 93 93 93 93 94 95 96 96 98 98 99 100 101 101 121 122 123 227 227 227 228 228 228 229 230 231 231 232 232 232 233 234 234 234 234 235 236 237 237 238 238 238 238 238 240 240 240 241 241 243 243 243 243 245 245 246 246 246 247 247 249 249 249 251 251 251 252 252 253 253 253 253 253 254 255 257 257 257 257
81 82 82 82 82 83 83 84 84 84 91 91 91 91 92 93 94 95 95 96 96 98 99 100 100 101 101 102 103 123 123 125 227 228 229 229 229 229 230 230 232 233 233 233 233 234 235 235 235 235 237 237 237 238 239 239 239 239 239 240 240 242 242 242 243 244 244 244 245 245 247 247 247 248 249 249 250 250 251 251 252 252 252 253 254 254 254 254 255 255 257 257 257 257
82 82 82 82 82 82 89 90 90 90 90 92 92 93 94 95 95 97 97 98 98 99 101 101 102 102 102 103 104 124 126 126 228 229 230 230 230 231 231 232 232 234 234 234 234 235 235 235 236 236 238 238 238 238 238 240 240 240 240 240 241 242 242 243 244 245 245 245 246 246 246 247 248 250 250 250 250 250 252 252 252 252 252 253 255 255 255 255 256 256 257 257 258 258
81 82 88 88 88 88 90 91 91 92 92 93 94 96 96 97 97 98 99 99 100 101 101 103 103 103 104 104 104 106 127 127 229 230 230 230 231 232 232 233 233 234 235 235 235 236 236 236 236 238 239 239 239 239 239 240 240 241 241 241 242 243 243 243 243 245 246 246 246 247 247 247 247 250 251 251 251 251 252 253 253 253 253 253 254 254 256 257 257 257 257 258 258 258
87 87 88 89 89 90 91 93 93 94 94 95 95 98 98 98 99 99 99 101 101 102 103 103 104 105 105 105 105 107 127 128 231 231 231 231 232 233 233 234 234 235 235 235 236 236 237 237 237 238 238 240 240 240 240 240 241 241 242 242 243 243 244 244 244 245 245 246 247 248 248 248 249 249 251 251 251 252 252 253 253 254 254 254 254 255 256 256 256 257 258 259 259 259
88 89 89 91 91 92 93 94 95 96 96 96 97 98 99 100 100 100 101 101 103 104 104 104 105 105 106 106 107 108 128 230 232 232 232 232 232 233 235 235 235 236 236 236 236 237 238 238 239 239 239 240 241 241 241 241 241 242 242 243 244 244 244 245 245 246 246 246 246 249 249 249 250 250 251 251 252 252 252 254 254 254 254 254 255 256 257 257 257 257 257 259 259 259
90 91 91 92 93 95 95 95 96 97 97 98 99 99 100 101 101 102 102 102 104 105 105 105 106 106 106 107 109 109 129 231 232 233 233 233 233 234 235 236 236 236 237 237 237 237 238 239 240 240 240 240 240 241 242 242 242 242 242 244 244 244 245 245 245 247 247 247 247 248 248 251 251 251 252 252 252 252 252 254 254 254 255 255 255 257 258 258 258 258 258 258 259 259
92 92 93 93 94 96 96 97 97 97 99 99 100 101 101 101 102 103 103 103 105 105 106 106 107 107 107 107 110 110 130 232 232 233 234 234 234 235 236 236 236 237 237 238 238 238 238 239 241 241 241 241 241 241 242 243 243 243 244 244 245 245 245 245 246 246 247 248 248 248 249 250 250 251 253 253 253 253 253 253 254 255 255 255 255 257 258 258 258 259 259 259 260 260
93 94 94 95 96 96 98 98 98 99 99 101 101 102 102 102 103 104 104 105 106 106 106 107 108 108 108 108 109 111 111 233 233 233 234 235 235 236 236 237 237 237 238 238 239 239 239 240 240 241 242 242 242 242 242 242 243 244 245 245 245 245 246 246 246 246 248 248 248 249 251 251 251 251 251 252 254 254 254 254 255 255 255 255 257 257 258 258 258 259 259 259 259 261
94 95 96 96 97 97 98 99 99 100 100 101 102 103 103 103 104 104 105 106 107 107 107 107 108 109 109 110 110 110 112 234 234 234 235 235 236 237 237 237 238 238 238 238 239 240 241 241 241 241 241 243 243 243 243 243 243 244 245 246 246 246 246 246 247 247 248 248 249 249 251 251 252 252 252 253 253 253 253 255 256 256 256 257 257 257 258 258 259 259 259 259 259 261
95 95 97 97 98 99 99 100 100 101 101 102 102 104 104 104 104 105 106 107 107 108 108 108 108 109 110 111 111 111 112 235 235 235 235 235 237 237 238 238 238 239 239 239 239 240 241 242 242 242 242 242 242 244 244 244 244 245 245 245 246 247 247 247 247 247 248 249 249 250 251 252 252 252 252 254 254 254 254 254 254 255 256 258 258 258 258 259 259 259 259 260 260 261
96 96 97 99 99 100 100 100 101 102 103 103 103 104 105 105 105 106 107 107 108 108 109 109 109 109 111 112 112 112 214 234 235 236 236 237 237 238 238 239 239 239 239 240 240 241 241 242 242 243 243 243 243 243 244 244 246 246 246 246 246 246 246 248 248 248 248 249 250 250 251 252 252 253 253 253 254 254 255 255 255 256 257 257 257 258 259 260 260 260 260 260 260 260
97 97 98 99 100 101 101 101 101 103 104 104 104 105 105 106 106 106 108 108 108 109 109 110 110 110 111 111 113 113 215 235 235 236 237 238 238 238 238 239 239 240 240 240 240 242 242 242 243 243 243 244 244 244 244 244 246 246 247 247 247 247 247 247 247 249 249 250 251 251 251 252 252 253 253 254 255 255 255 255 255 257 258 258 258 258 258 259 260 260 261 261 261 261
98 98 100 100 100 101 102 102 102 102 104 105 105 105 106 106 107 108 108 109 109 109 110 110 111 112 112 112 112 114 216 216 236 236 237 239 239 239 239 239 239 240 241 241 242 242 242 243 243 243 244 244 244 244 245 246 246 246 247 247 247 248 248 248 248 248 248 251 251 252 252 253 253 253 253 253 254 255 256 256 256 257 258 258 258 259 259 259 260 260 260 260 260 261
99 99 101 101 101 101 103 103 103 104 104 105 106 106 106 107 107 108 109 109 110 110 110 110 111 113 113 113 113 113 216 217 237 237 238 238 238 240 240 240 240 240 240 241 243 243 243 243 243 243 244 245 245 245 245 246 246 247 247 247 248 248 248 248 249 249 249 251 251 252 252 252 254 254 254 254 254 255 255 255 256 258 259 259 259 259 259 259 260 260 261 261 261 261
