testData/tiles/oneDegree/grid29.0-47.0-30.0-48.0.asc
ncols   200
nrows   200
xllcorner   29.0
yllcorner   47.0
cellsize   0.005
NODATA_value   -9999.0
[rows 84 to 125 of 200, columns 94 to 187 of 200]
368 367 367 367 367 366 366 366 366 365 365 365 267 266 266 266 266 266 265 266 266 266 265 265 265 265 264 264 263 263 263 262 262 262 262 261 261 261 261 260 260 260 260 260 259 259 259 259 258 183 183 182 181 181 181 181 181 180 180 180 180 179 178 178 178 177 177 177 177 177 176 175 175 175 174 174 174 174 173 172 172 172 171 171 171 170 170 169 169 169 169 168 167 167
368 367 367 367 367 366 366 367 367 366 366 366 366 365 365 365 365 267 266 266 266 266 265 265 265 265 264 264 264 264 264 263 263 263 263 262 262 262 262 261 260 260 260 260 259 259 259 259 258 183 183 183 182 182 182 181 181 180 180 180 180 179 179 179 179 177 177 177 177 177 176 176 176 176 174 174 174 174 173 173 173 172 171 171 171 171 171 169 169 169 169 168 168 168
367 368 368 368 368 367 367 367 367 366 366 366 366 365 365 365 365 365 364 364 364 364 265 265 265 265 264 264 264 264 264 263 263 263 263 262 262 262 262 261 261 261 261 261 260 260 259 259 258 183 183 183 182 182 182 182 182 181 181 180 180 179 179 179 179 178 178 178 177 177 176 176 176 176 175 175 174 174 173 173 173 173 172 171 171 171 171 170 170 169 169 168 168 168
368 368 368 368 368 367 367 367 367 366 366 366 366 365 365 365 365 365 365 365 365 365 364 364 364 364 265 265 265 264 264 263 263 263 263 262 262 262 262 261 261 261 261 261 260 260 260 260 259 259 184 183 182 182 182 182 182 181 181 181 181 180 179 179 179 178 178 178 178 177 177 176 176 176 175 175 175 175 173 173 173 173 172 172 172 171 171 170 170 170 170 168 168 168
368 368 368 368 368 367 367 368 368 367 367 367 367 366 366 366 366 366 365 365 365 365 364 364 364 364 363 363 363 363 265 264 264 264 264 263 263 263 263 262 261 261 261 261 260 260 260 260 259 259 184 184 183 183 183 182 181 181 181 181 181 180 180 180 180 178 178 178 178 177 177 177 177 176 175 175 175 175 174 174 173 173 172 172 172 172 172 170 170 170 170 169 169 168
368 369 369 369 369 368 368 368 368 367 367 367 367 366 366 366 366 366 365 365 365 365 364 364 364 364 363 363 363 363 363 362 362 362 264 263 263 263 263 262 262 262 262 262 261 261 260 260 259 259 184 184 183 183 183 183 182 182 181 181 181 180 180 180 180 179 179 179 178 177 177 177 177 177 176 175 175 175 174 174 174 174 172 172 172 172 172 171 171 170 170 169 169 169
369 369 369 369 369 368 368 368 368 367 367 367 367 366 366 366 367 367 366 366 366 366 365 365 365 365 364 364 364 364 363 362 362 362 362 361 361 361 263 262 262 262 262 261 261 261 261 261 260 260 185 184 183 183 183 183 182 182 182 182 182 181 180 180 180 179 179 179 179 178 177 177 177 177 176 176 176 176 174 174 174 174 173 173 172 172 172 171 171 171 170 169 169 169
369 369 369 369 368 368 368 369 369 368 368 368 368 367 367 367 367 366 366 366 366 366 365 365 365 365 364 364 364 364 363 363 363 363 363 362 362 362 362 361 360 360 262 261 261 261 261 261 260 260 185 185 184 184 184 183 182 182 182 182 182 181 181 181 181 179 179 179 179 178 178 178 178 177 176 176 176 176 175 175 174 174 173 173 173 173 172 171 171 171 171 170 169 169
369 370 370 370 369 369 369 369 369 368 368 368 368 367 367 367 367 366 366 366 366 366 365 365 365 365 364 364 364 364 363 363 363 363 363 362 362 362 362 361 361 361 361 360 360 262 261 261 260 260 185 185 184 184 184 184 183 183 182 182 182 181 181 181 181 180 180 179 179 178 178 178 178 178 177 176 176 176 175 175 175 175 173 173 173 173 173 172 171 171 171 170 170 170
370 370 370 370 369 369 369 369 369 368 368 368 368 367 367 368 368 367 367 367 367 367 366 366 366 366 365 365 365 365 364 364 363 363 363 362 362 362 362 361 361 361 361 360 360 360 360 360 261 261 186 185 184 184 184 184 183 183 183 183 183 181 181 181 181 180 180 180 180 179 178 178 178 177 177 177 177 176 175 175 175 175 174 174 173 173 172 172 172 172 171 170 170 170
370 370 370 370 369 369 370 370 370 369 369 369 369 368 368 368 368 367 367 367 367 367 366 366 366 366 365 365 365 365 364 364 364 364 364 363 363 363 363 362 362 361 361 360 360 360 360 359 359 359 359 186 185 185 185 184 183 183 183 183 182 182 182 182 181 180 180 180 180 179 179 179 178 177 177 177 177 177 176 175 175 175 174 174 174 174 172 172 172 172 172 170 170 170
370 371 371 371 370 370 370 370 369 369 369 369 369 368 368 368 368 367 367 367 367 366 366 366 366 366 365 365 365 365 364 364 364 364 363 363 363 363 363 362 362 362 362 361 361 361 360 359 359 359 359 284 283 283 283 185 184 184 183 183 182 182 182 182 182 181 181 180 180 179 179 179 179 178 178 177 177 177 176 176 176 175 174 174 174 174 173 172 172 172 172 171 171 170
371 371 371 371 370 370 370 370 369 369 369 369 369 368 368 369 369 368 368 368 368 367 367 367 367 367 366 366 366 366 365 365 364 364 363 363 363 363 363 362 362 362 362 361 361 361 361 360 360 360 360 284 283 283 283 283 282 184 184 184 183 182 182 182 182 181 181 181 181 179 179 179 179 178 178 178 178 177 176 176 176 176 175 174 174 174 173 173 173 172 172 171 171 171
371 371 371 371 370 370 371 371 370 370 370 370 370 369 369 369 369 368 368 368 368 367 367 367 367 367 366 366 366 366 365 365 365 365 364 364 364 364 364 363 363 362 362 361 361 361 361 360 360 360 360 285 284 284 284 283 282 282 282 282 183 183 183 183 182 181 181 181 181 180 180 180 179 178 178 178 178 178 177 176 176 176 175 175 175 174 173 173 173 173 172 171 171 171
371 372 372 372 371 371 371 371 370 370 370 370 369 369 369 369 369 368 368 368 368 367 367 367 367 366 366 366 366 366 365 365 365 365 364 364 364 364 363 363 363 363 363 362 362 362 361 360 360 360 360 284 284 284 284 284 283 283 282 282 281 281 281 183 182 182 182 181 181 180 180 180 180 179 178 178 178 177 177 177 177 176 175 175 175 175 174 173 173 173 172 172 171 171
372 372 372 372 371 371 371 371 370 370 370 370 369 369 370 370 370 369 369 369 369 368 368 368 368 367 367 367 367 367 366 366 366 365 364 364 364 364 363 363 363 363 363 362 362 362 362 361 361 361 361 284 284 284 284 284 283 283 283 283 282 281 281 281 280 280 182 182 182 180 180 180 180 179 179 179 178 177 177 177 177 177 176 175 175 175 174 174 173 173 172 172 172 172
372 372 372 371 371 371 372 372 371 371 371 371 370 370 370 370 369 369 369 369 369 368 368 368 368 367 367 367 367 366 366 366 366 366 365 365 365 365 364 364 364 363 363 362 362 362 362 361 361 361 361 285 285 285 284 284 283 283 283 283 282 282 282 282 280 280 280 280 280 181 181 180 180 179 179 179 179 178 177 177 177 177 176 176 175 175 174 174 174 174 172 172 172 172
372 373 373 372 372 372 372 372 371 371 371 371 370 370 370 370 369 369 369 369 369 368 368 368 368 367 367 367 367 366 366 366 366 366 365 365 365 365 364 364 364 364 363 363 363 363 362 361 361 361 361 285 285 285 285 284 284 284 283 283 282 282 282 282 281 281 280 280 279 279 279 181 181 180 179 179 179 178 178 178 177 176 176 176 176 176 174 174 174 174 173 173 172 172
373 373 373 372 372 372 372 371 371 371 371 371 370 371 371 371 370 370 370 370 369 369 369 369 369 368 368 368 368 367 367 367 367 367 365 365 365 365 364 364 364 364 363 363 363 363 363 362 362 362 362 285 285 285 285 284 284 284 284 284 283 282 282 282 281 281 281 281 280 279 279 279 279 278 180 180 179 178 178 178 178 177 176 176 176 176 175 175 174 174 173 173 173 172
373 373 373 372 372 372 373 372 372 372 372 372 371 371 371 371 370 370 370 370 369 369 369 369 369 368 368 368 368 367 367 367 367 366 366 366 366 366 365 365 365 364 363 363 363 363 362 362 362 362 362 286 286 286 285 284 284 284 284 284 283 283 283 282 281 281 281 281 280 280 280 279 279 278 278 278 180 179 178 178 178 177 177 177 176 176 175 175 175 174 173 173 173 173
373 374 374 373 373 373 373 372 372 372 372 371 371 371 371 371 370 370 370 370 369 369 369 369 369 368 368 368 368 367 367 367 367 366 366 366 366 366 365 365 365 365 364 364 364 364 362 362 362 362 362 361 286 286 286 285 285 284 284 283 283 283 283 283 282 282 281 281 280 280 280 280 279 278 278 278 278 277 179 178 178 177 177 177 177 175 175 175 175 175 174 173 173 173
374 374 373 373 373 373 373 372 372 372 372 371 371 372 372 372 371 371 371 371 370 370 370 370 369 369 369 369 369 368 368 368 368 367 366 366 366 365 365 365 365 365 364 364 364 364 363 363 363 363 362 361 286 286 286 285 285 285 285 284 283 283 283 283 282 282 282 282 280 280 280 280 279 279 279 278 278 277 277 277 277 177 177 177 177 176 176 175 175 175 174 174 173 173
374 374 373 373 373 373 374 373 373 373 373 372 372 372 372 371 371 371 371 371 370 370 370 370 369 369 369 369 369 368 368 368 368 367 367 367 367 366 366 366 366 365 364 364 364 364 363 363 363 363 362 362 287 287 286 285 285 285 285 284 284 284 284 282 282 282 282 282 281 281 280 280 279 279 279 279 279 277 277 277 277 276 276 177 177 176 176 176 176 175 174 174 174 174
374 375 374 374 374 374 373 373 373 373 373 372 372 372 372 371 371 371 371 371 370 370 370 370 369 369 369 369 368 368 368 368 368 367 367 367 367 366 366 366 366 366 365 365 365 365 363 363 363 363 362 362 287 287 287 286 286 285 285 284 284 284 284 283 283 282 282 282 281 281 281 281 279 279 279 279 278 278 278 277 277 276 276 276 276 176 176 176 176 175 174 174 174 174
375 375 374 374 374 374 373 373 373 373 373 372 373 373 373 372 372 372 372 371 371 371 371 371 370 370 370 370 369 369 369 369 369 368 368 367 367 366 366 366 366 365 365 365 365 365 364 364 364 364 362 362 287 287 286 286 286 286 286 285 284 284 284 283 283 283 283 283 281 281 281 281 280 280 279 279 278 278 278 278 278 276 276 276 276 275 274 274 176 175 175 175 174 174
375 374 374 374 374 374 374 374 374 374 373 373 373 373 373 372 372 372 372 371 371 371 371 371 370 370 370 370 369 369 369 369 368 368 368 368 368 367 367 367 367 365 365 365 365 365 364 364 364 364 363 363 288 288 286 286 286 286 286 285 285 285 285 283 283 283 283 282 282 282 281 281 280 280 280 280 278 278 278 278 277 277 276 276 276 275 275 275 274 273 175 175 175 174
375 375 375 375 375 375 374 374 374 374 373 373 373 373 373 372 372 372 372 371 371 371 371 370 370 370 370 370 369 369 369 369 368 368 368 368 368 367 367 367 367 366 366 366 366 365 364 364 364 364 363 363 288 288 287 287 287 286 285 285 285 285 285 284 284 283 283 282 282 282 282 282 280 280 280 280 279 279 278 278 277 277 277 277 276 275 275 275 275 273 273 273 175 174
376 375 375 375 375 374 374 374 374 374 373 373 374 374 373 373 373 373 373 372 372 372 372 371 371 371 371 371 370 370 370 370 369 369 369 368 367 367 367 367 367 366 366 366 366 365 365 365 365 365 363 363 288 288 287 287 287 287 286 286 285 285 285 284 284 284 284 282 282 282 282 281 281 281 280 280 279 279 279 279 277 277 277 277 277 276 275 275 275 274 274 273 273 272
376 375 375 375 375 375 375 375 375 375 374 374 374 374 373 373 373 373 373 372 372 372 372 371 371 371 371 370 370 370 370 370 369 369 369 369 368 368 368 368 368 367 366 366 366 365 365 365 365 364 364 364 289 289 287 287 287 287 286 286 286 286 285 284 284 284 284 283 283 282 282 281 281 281 281 281 279 279 279 279 278 278 277 277 276 276 276 275 275 274 274 274 273 272
375 376 376 376 376 375 375 375 375 374 374 374 374 374 373 373 373 373 372 372 372 372 372 371 371 371 371 370 370 370 370 370 369 369 369 369 368 368 368 368 367 367 367 367 367 366 365 365 365 364 364 364 289 289 288 288 288 287 286 286 286 286 285 285 285 284 284 283 283 283 283 281 281 281 281 280 280 280 279 279 278 278 278 277 276 276 276 276 276 274 274 274 274 273
376 376 376 376 376 375 375 375 375 374 374 375 375 375 374 374 374 374 373 373 373 373 372 372 372 372 372 371 371 371 371 370 370 370 370 370 368 368 368 368 367 367 367 367 367 366 366 366 366 365 364 364 289 288 288 288 288 288 287 286 286 286 285 285 285 285 285 283 283 283 283 282 282 281 281 280 280 280 280 279 278 278 278 278 277 276 276 276 275 275 274 274 274 273
376 376 376 376 375 376 376 376 376 375 375 375 375 374 374 374 374 374 373 373 373 373 372 372 372 372 372 371 371 371 371 370 370 370 370 370 369 369 369 369 368 368 367 367 366 366 366 366 366 365 365 365 290 288 288 288 288 288 287 287 287 287 285 285 285 285 284 284 284 283 283 282 282 282 282 280 280 280 280 280 279 278 278 278 277 277 276 276 275 275 275 274 274 273
376 377 377 377 376 376 376 376 376 375 375 375 375 374 374 374 374 373 373 373 373 373 372 372 372 372 371 371 371 371 371 370 370 370 370 369 369 369 369 369 368 368 368 368 367 367 366 366 366 365 365 365 290 289 289 289 288 287 287 287 287 287 286 286 285 285 284 284 284 284 284 282 282 282 282 281 281 280 280 279 279 279 278 278 277 277 277 277 275 275 275 275 274 273
377 377 377 377 376 376 376 376 375 375 375 376 376 375 375 375 375 374 374 374 374 374 373 373 373 373 372 372 372 372 372 371 371 371 371 370 369 369 369 368 368 368 368 368 367 367 367 367 366 366 365 365 290 289 289 289 289 288 288 287 287 287 286 286 286 286 284 284 284 284 283 283 283 282 282 281 281 281 281 279 279 279 279 279 277 277 277 277 276 275 275 275 274 274
377 377 377 376 376 377 377 377 376 376 376 376 375 375 375 375 375 374 374 374 374 373 373 373 373 373 372 372 372 372 371 371 371 371 371 370 370 370 370 369 369 369 368 368 367 367 367 367 366 366 366 366 291 289 289 289 289 288 288 288 288 286 286 286 286 286 285 285 284 284 283 283 283 283 282 281 281 281 281 280 279 279 279 278 278 277 277 277 276 276 275 275 274 274
377 378 378 377 377 377 377 377 376 376 376 376 375 375 375 375 375 374 374 374 374 373 373 373 373 373 372 372 372 372 371 371 371 371 371 370 370 370 370 369 369 369 369 368 368 368 367 367 366 366 366 366 290 290 290 290 289 288 288 288 288 287 287 287 286 286 285 285 285 285 283 283 283 283 282 282 281 281 281 280 280 280 279 278 278 278 278 277 276 276 276 276 274 274
378 378 378 377 377 377 377 376 376 376 376 377 376 376 376 376 375 375 375 375 375 374 374 374 374 373 373 373 373 373 372 372 372 372 371 371 370 370 370 369 369 369 369 368 368 368 368 368 367 367 366 366 290 290 290 290 289 289 288 288 288 287 287 287 287 286 285 285 285 285 284 284 283 283 282 282 282 282 281 280 280 280 280 278 278 278 278 277 276 276 276 276 275 274
378 378 377 377 377 378 378 377 377 377 377 376 376 376 376 376 375 375 375 375 375 374 374 374 374 373 373 373 373 373 372 372 372 372 371 371 371 371 370 370 370 370 369 368 368 368 368 367 367 367 367 367 291 290 290 290 289 289 289 289 289 287 287 287 287 286 286 286 285 285 284 284 284 284 282 282 282 282 281 280 280 280 280 279 279 278 278 277 277 277 276 276 275 275
378 379 378 378 378 378 378 377 377 377 377 376 376 376 376 376 375 375 375 375 374 374 374 374 374 373 373 373 373 372 372 372 372 372 371 371 371 371 370 370 370 370 370 369 369 369 368 367 367 367 367 367 291 291 291 291 289 289 289 289 288 288 288 287 287 286 286 286 286 285 284 284 284 284 283 282 282 282 281 281 281 280 280 279 279 279 278 277 277 277 277 275 275 275
379 379 378 378 378 378 377 377 377 377 377 377 377 377 377 376 376 376 376 376 375 375 375 375 374 374 374 374 374 373 373 373 373 372 372 372 371 371 370 370 370 370 369 369 369 369 369 368 368 367 367 366 291 291 291 291 290 290 289 289 288 288 288 288 288 286 286 286 286 285 285 284 284 283 283 283 283 282 281 281 281 281 279 279 279 279 279 277 277 277 277 276 275 275
379 378 378 378 378 379 378 378 378 378 377 377 377 377 377 376 376 376 376 376 375 375 375 375 374 374 374 374 374 373 373 373 373 372 372 372 372 372 371 371 371 371 369 369 369 369 369 368 368 368 368 367 291 291 291 291 290 290 290 290 288 288 288 288 287 287 287 286 286 285 285 285 285 283 283 283 283 283 282 281 281 281 280 280 279 279 279 278 278 277 277 276 276 275
379 379 379 379 379 379 378 378 378 378 377 377 377 377 377 376 376 376 376 375 375 376 376 376 375 375 374 374 373 373 373 373 373 372 372 372 372 371 371 371 371 371 370 370 370 370 368 368 368 368 368 367 292 292 292 290 290 290 290 290 289 289 289 288 287 287 287 287 287 285 285 285 285 284 284 283 283 282 282 282 281 281 280 280 280 279 278 278 278 278 277 276 276 276
