testData/tiles/oneDegree/grid25.0-33.0-26.0-34.0.asc
ncols   200
nrows   200
xllcorner   25.0
yllcorner   33.0
cellsize   0.005
NODATA_value   -9999.0
[rows 84 to 125 of 200, columns 0 to 93 of 200]
402 400 399 398 397 652 650 649 647 647 646 646 646 646 646 645 645 645 645 645 644 644 644 644 644 643 643 643 643 642 642 642 642 642 641 717 717 717 717 716 716 716 716 715 715 715 715 604 603 603 603 603 603 602 602 602 602 601 601 601 601 601 600 600 600 600 600 599 599 599 599 599 598 598 598 598 597 597 597 597 597 596 596 596 596 596 595 582 582 582 581 581 581 581
402 400 398 397 396 652 649 648 647 647 646 646 646 646 646 645 645 645 645 645 644 644 644 644 644 643 643 643 643 642 642 642 642 642 641 717 717 717 717 716 716 716 716 715 715 715 715 604 603 603 603 603 603 602 602 602 602 601 601 601 601 601 600 600 600 600 600 599 599 599 599 599 598 598 598 598 597 597 597 597 597 596 596 596 596 596 582 582 582 582 581 581 581 581
401 399 398 396 395 651 649 647 647 647 646 646 646 646 646 645 645 645 645 645 644 644 644 644 644 643 643 643 643 642 642 642 642 642 641 717 717 717 717 716 716 716 716 715 715 715 715 604 603 603 603 603 603 602 602 602 602 602 601 601 601 601 600 600 600 600 600 599 599 599 599 599 598 598 598 598 597 597 597 597 597 596 596 596 596 596 582 582 582 582 581 581 581 581
400 398 397 396 395 650 648 647 647 647 647 646 646 646 646 645 645 645 645 645 644 644 644 644 644 643 643 643 643 642 642 642 642 642 641 717 717 717 717 716 716 716 716 715 715 715 604 604 603 603 603 603 603 602 602 602 602 602 601 601 601 601 600 600 600 600 600 599 599 599 599 599 598 598 598 598 597 597 597 597 597 596 596 596 596 596 582 582 582 582 581 581 581 581
400 398 396 395 394 650 647 647 647 647 647 646 646 646 646 645 645 645 645 645 644 644 644 644 644 643 643 643 643 642 642 642 642 642 641 717 717 717 717 716 716 716 716 715 715 715 604 604 603 603 603 603 603 602 602 602 602 602 601 601 601 601 600 600 600 600 600 599 599 599 599 599 598 598 598 598 597 597 597 597 597 596 596 596 596 583 582 582 582 582 581 581 581 581
399 397 396 394 650 649 647 647 647 647 647 646 646 646 646 645 645 645 645 645 644 644 644 644 644 643 643 643 643 642 642 642 642 642 641 717 717 717 717 716 716 716 716 715 715 604 604 604 603 603 603 603 603 602 602 602 602 602 601 601 601 601 600 600 600 600 600 599 599 599 599 599 598 598 598 598 597 597 597 597 597 596 596 596 596 583 582 582 582 582 581 581 581 581
398 396 395 394 649 648 647 647 647 647 647 646 646 646 646 645 645 645 645 645 644 644 644 644 644 643 643 643 643 642 642 642 642 642 641 641 717 717 717 716 716 716 716 715 715 604 604 604 603 603 603 603 603 602 602 602 602 602 601 601 601 601 600 600 600 600 600 599 599 599 599 599 598 598 598 598 597 597 597 597 597 596 596 596 583 583 582 582 582 582 581 581 581 581
398 396 394 393 649 648 647 647 647 647 647 646 646 646 646 645 645 645 645 645 644 644 644 644 644 643 643 643 643 642 642 642 642 642 641 641 717 717 717 716 716 716 716 715 604 604 604 604 603 603 603 603 603 602 602 602 602 602 601 601 601 601 600 600 600 600 600 599 599 599 599 599 598 598 598 598 597 597 597 597 597 596 596 596 583 583 582 582 582 582 581 581 581 581
397 395 394 392 648 648 647 647 647 647 646 646 646 646 646 645 645 645 645 645 644 644 644 644 644 643 643 643 643 642 642 642 642 642 641 641 717 717 717 716 716 716 716 715 604 604 604 604 603 603 603 603 603 602 602 602 602 602 601 601 601 601 600 600 600 600 600 599 599 599 599 599 598 598 598 598 597 597 597 597 597 596 596 583 583 583 582 582 582 582 581 581 581 581
396 394 393 392 648 648 647 647 647 647 646 646 646 646 646 645 645 645 645 645 644 644 644 644 644 643 643 643 643 642 642 642 642 642 641 641 717 717 717 716 716 716 716 604 604 604 604 604 603 603 603 603 603 602 602 602 602 601 601 601 601 601 600 600 600 600 600 599 599 599 599 599 598 598 598 598 597 597 597 597 597 596 596 583 583 583 582 582 582 582 581 581 581 581
396 393 392 391 648 648 647 647 647 647 646 646 646 646 646 645 645 645 645 645 644 644 644 644 644 643 643 643 643 642 642 642 642 642 641 641 717 717 717 716 716 716 716 604 604 604 604 604 603 603 603 603 603 602 602 602 602 601 601 601 601 601 600 600 600 600 600 599 599 599 599 599 598 598 598 598 597 597 597 597 597 596 583 583 583 583 582 582 582 582 581 581 581 581
395 393 391 391 648 648 647 647 647 647 646 646 646 646 646 645 645 645 645 645 644 644 644 644 643 643 643 643 643 642 642 642 642 642 641 641 717 717 717 716 716 716 605 604 604 604 604 604 603 603 603 603 603 602 602 602 602 601 601 601 601 601 600 600 600 600 600 599 599 599 599 598 598 598 598 598 597 597 597 597 597 596 583 583 583 583 582 582 582 582 581 581 581 581
394 392 391 391 648 647 647 647 647 647 646 646 646 646 646 645 645 645 645 645 644 644 644 644 643 643 643 643 643 642 642 642 642 642 641 641 717 717 716 716 716 716 605 604 604 604 604 604 603 603 603 603 603 602 602 602 602 601 601 601 601 601 600 600 600 600 600 599 599 599 599 598 598 598 598 598 597 597 597 597 597 596 583 583 583 583 582 582 582 582 581 581 581 581
393 391 391 391 648 647 647 647 647 647 646 646 646 646 646 645 645 645 645 645 644 644 644 644 643 643 643 643 643 642 642 642 642 642 641 641 717 717 716 716 716 605 605 604 604 604 604 604 603 603 603 603 603 602 602 602 602 601 601 601 601 601 600 600 600 600 600 599 599 599 599 598 598 598 598 598 597 597 597 597 597 583 583 583 583 583 582 582 582 582 581 581 581 581
392 391 391 648 648 647 647 647 647 647 646 646 646 646 646 645 645 645 645 644 644 644 644 644 643 643 643 643 643 642 642 642 642 642 641 641 717 717 716 716 716 605 605 604 604 604 604 604 603 603 603 603 602 602 602 602 602 601 601 601 601 601 600 600 600 600 600 599 599 599 599 598 598 598 598 598 597 597 597 597 597 583 583 583 583 582 582 582 582 582 581 581 581 581
391 391 391 648 648 647 647 647 647 647 646 646 646 646 646 645 645 645 645 644 644 644 644 644 643 643 643 643 643 642 642 642 642 641 641 641 717 717 716 716 605 605 605 604 604 604 604 604 603 603 603 603 602 602 602 602 602 601 601 601 601 601 600 600 600 600 600 599 599 599 599 598 598 598 598 598 597 597 597 597 584 583 583 583 583 582 582 582 582 582 581 581 581 581
391 391 391 648 648 647 647 647 647 647 646 646 646 646 645 645 645 645 645 644 644 644 644 644 643 643 643 643 643 642 642 642 642 641 641 641 717 717 716 716 605 605 605 604 604 604 604 604 603 603 603 603 602 602 602 602 602 601 601 601 601 601 600 600 600 600 599 599 599 599 599 598 598 598 598 598 597 597 597 584 584 583 583 583 583 582 582 582 582 582 581 581 581 581
391 391 391 648 648 647 647 647 647 646 646 646 646 646 645 645 645 645 645 644 644 644 644 644 643 643 643 643 642 642 642 642 642 641 641 641 717 717 716 605 605 605 605 604 604 604 604 603 603 603 603 603 602 602 602 602 602 601 601 601 601 601 600 600 600 600 599 599 599 599 599 598 598 598 598 598 597 597 597 584 583 583 583 583 583 582 582 582 582 582 581 581 581 581
391 391 391 648 647 647 647 647 647 646 646 646 646 646 645 645 645 645 645 644 644 644 644 644 643 643 643 643 642 642 642 642 642 641 641 641 641 717 716 605 605 605 605 604 604 604 604 603 603 603 603 603 602 602 602 602 602 601 601 601 601 600 600 600 600 600 599 599 599 599 599 598 598 598 598 598 597 597 584 584 583 583 583 583 583 582 582 582 582 582 581 581 581 581
391 391 391 648 647 647 647 647 647 646 646 646 646 646 645 645 645 645 645 644 644 644 644 643 643 643 643 643 642 642 642 642 642 641 641 641 641 717 605 605 605 605 604 604 604 604 604 603 603 603 603 603 602 602 602 602 602 601 601 601 601 600 600 600 600 600 599 599 599 599 599 598 598 598 598 598 597 597 584 584 583 583 583 583 583 582 582 582 582 582 581 581 581 581
391 391 391 648 647 647 647 647 647 646 646 646 646 646 645 645 645 645 644 644 644 644 644 643 643 643 643 643 642 642 642 642 642 641 641 641 641 716 605 605 605 605 604 604 604 604 604 603 603 603 603 603 602 602 602 602 602 601 601 601 601 600 600 600 600 600 599 599 599 599 599 598 598 598 598 597 597 584 584 584 583 583 583 583 583 582 582 582 582 582 581 581 581 581
391 391 391 648 647 647 647 647 646 646 646 646 646 645 645 645 645 645 644 644 644 644 644 643 643 643 643 643 642 642 642 642 642 641 641 641 641 605 605 605 605 605 604 604 604 604 604 603 603 603 603 603 602 602 602 602 601 601 601 601 601 600 600 600 600 600 599 599 599 599 599 598 598 598 598 597 597 584 584 584 583 583 583 583 583 582 582 582 582 582 581 581 581 581
391 391 391 647 647 647 647 647 646 646 646 646 646 645 645 645 645 645 644 644 644 644 644 643 643 643 643 643 642 642 642 642 641 641 641 641 641 605 605 605 605 605 604 604 604 604 604 603 603 603 603 602 602 602 602 602 601 601 601 601 601 600 600 600 600 600 599 599 599 599 598 598 598 598 598 597 584 584 584 584 583 583 583 583 583 582 582 582 582 581 581 581 581 581
391 391 391 647 647 647 647 647 646 646 646 646 646 645 645 645 645 645 644 644 644 644 643 643 643 643 643 642 642 642 642 642 641 641 641 641 530 605 605 605 605 605 604 604 604 604 604 603 603 603 603 602 602 602 602 602 601 601 601 601 601 600 600 600 600 600 599 599 599 599 598 598 598 598 598 597 584 584 584 584 583 583 583 583 583 582 582 582 582 581 581 581 581 581
391 391 391 647 647 647 647 647 646 646 646 646 645 645 645 645 645 644 644 644 644 644 643 643 643 643 643 642 642 642 642 642 641 641 641 641 530 605 605 605 605 605 604 604 604 604 603 603 603 603 603 602 602 602 602 602 601 601 601 601 601 600 600 600 600 599 599 599 599 599 598 598 598 598 598 584 584 584 584 584 583 583 583 583 582 582 582 582 582 581 581 581 581 581
391 391 390 647 647 647 647 646 646 646 646 646 645 645 645 645 645 644 644 644 644 644 643 643 643 643 643 642 642 642 642 642 641 641 641 530 529 605 605 605 605 604 604 604 604 604 603 603 603 603 603 602 602 602 602 602 601 601 601 601 600 600 600 600 600 599 599 599 599 599 598 598 598 598 585 584 584 584 584 584 583 583 583 583 582 582 582 582 582 581 581 581 581 581
391 391 647 647 647 647 647 646 646 646 646 646 645 645 645 645 645 644 644 644 644 644 643 643 643 643 643 642 642 642 642 641 641 641 641 530 529 605 605 605 605 604 604 604 604 604 603 603 603 603 603 602 602 602 602 601 601 601 601 601 600 600 600 600 600 599 599 599 599 599 598 598 598 598 585 584 584 584 584 583 583 583 583 583 582 582 582 582 582 581 581 581 581 581
391 390 647 647 647 647 646 646 646 646 646 645 645 645 645 645 644 644 644 644 644 643 643 643 643 643 642 642 642 642 642 641 641 641 530 530 529 529 605 605 605 604 604 604 604 604 603 603 603 603 602 602 602 602 602 601 601 601 601 601 600 600 600 600 600 599 599 599 599 599 598 598 598 585 584 584 584 584 584 583 583 583 583 583 582 582 582 582 582 581 581 581 581 580
391 390 647 647 647 647 646 646 646 646 646 645 645 645 645 645 644 644 644 644 644 643 643 643 643 643 642 642 642 642 642 641 641 641 530 530 529 529 605 605 605 604 604 604 604 603 603 603 603 603 602 602 602 602 602 601 601 601 601 601 600 600 600 600 600 599 599 599 599 598 598 598 598 585 584 584 584 584 584 583 583 583 583 583 582 582 582 582 582 581 581 581 581 580
391 390 647 647 647 647 646 646 646 646 646 645 645 645 645 645 644 644 644 644 644 643 643 643 643 643 642 642 642 642 642 641 641 530 530 529 529 529 605 605 604 604 604 604 604 603 603 603 603 603 602 602 602 602 602 601 601 601 601 601 600 600 600 600 599 599 599 599 599 598 598 598 585 585 584 584 584 584 584 583 583 583 583 583 582 582 582 582 581 581 581 581 581 580
390 390 647 647 647 646 646 646 646 646 645 645 645 645 645 644 644 644 644 644 643 643 643 643 643 642 642 642 642 642 641 641 530 530 530 529 529 529 605 605 604 604 604 604 604 603 603 603 603 603 602 602 602 602 602 601 601 601 601 600 600 600 600 600 599 599 599 599 599 598 598 585 585 585 584 584 584 584 584 583 583 583 583 582 582 582 582 582 581 581 581 581 581 580
390 390 647 647 647 646 646 646 646 646 645 645 645 645 645 644 644 644 644 644 643 643 643 643 643 642 642 642 642 642 641 641 530 530 530 529 529 529 605 605 604 604 604 604 604 603 603 603 603 603 602 602 602 602 601 601 601 601 601 600 600 600 600 600 599 599 599 599 599 598 598 585 585 585 584 584 584 584 583 583 583 583 583 582 582 582 582 582 581 581 581 581 581 580
390 390 647 647 646 646 646 646 646 645 645 645 645 645 645 644 644 644 644 644 643 643 643 643 643 642 642 642 642 642 641 530 530 530 530 529 529 529 605 604 604 604 604 604 603 603 603 603 603 602 602 602 602 602 601 601 601 601 601 600 600 600 600 600 599 599 599 599 599 598 585 585 585 584 584 584 584 584 583 583 583 583 583 582 582 582 582 582 581 581 581 581 581 580
390 390 647 647 646 646 646 646 646 645 645 645 645 645 644 644 644 644 644 643 643 643 643 643 642 642 642 642 642 641 641 530 530 530 529 529 529 529 605 604 604 604 604 604 603 603 603 603 603 602 602 602 602 602 601 601 601 601 601 600 600 600 600 600 599 599 599 599 598 585 585 585 585 584 584 584 584 584 583 583 583 583 583 582 582 582 582 582 581 581 581 581 580 580
390 390 647 646 646 646 646 646 646 645 645 645 645 645 644 644 644 644 644 643 643 643 643 643 642 642 642 642 642 641 530 530 530 530 529 529 529 529 605 604 604 604 604 604 603 603 603 603 603 602 602 602 602 602 601 601 601 601 600 600 600 600 600 599 599 599 599 599 585 585 585 585 585 584 584 584 584 584 583 583 583 583 583 582 582 582 582 581 581 581 581 581 580 580
390 390 647 646 646 646 646 646 645 645 645 645 645 644 644 644 644 644 643 643 643 643 643 643 642 642 642 642 642 641 530 530 530 530 529 529 529 529 529 604 604 604 604 603 603 603 603 603 602 602 602 602 602 601 601 601 601 601 600 600 600 600 600 599 599 599 599 599 585 585 585 585 585 584 584 584 584 584 583 583 583 583 582 582 582 582 582 581 581 581 581 581 580 580
390 390 646 646 646 646 646 646 645 645 645 645 645 644 644 644 644 644 643 643 643 643 643 642 642 642 642 642 641 530 530 530 530 529 529 529 529 529 528 604 604 604 604 603 603 603 603 603 602 602 602 602 602 601 601 601 601 601 600 600 600 600 600 599 599 599 599 586 585 585 585 585 584 584 584 584 584 583 583 583 583 583 582 582 582 582 582 581 581 581 581 581 580 580
390 390 646 646 646 646 646 645 645 645 645 645 644 644 644 644 644 644 643 643 643 643 643 642 642 642 642 642 530 530 530 530 530 529 529 529 529 529 528 604 604 604 604 603 603 603 603 603 602 602 602 602 602 601 601 601 601 601 600 600 600 600 600 599 599 599 586 585 585 585 585 585 584 584 584 584 584 583 583 583 583 583 582 582 582 582 582 581 581 581 581 581 580 580
390 389 646 646 646 646 645 645 645 645 645 645 644 644 644 644 644 643 643 643 643 643 642 642 642 642 642 641 530 530 530 530 529 529 529 529 529 528 528 604 604 604 603 603 603 603 603 602 602 602 602 602 601 601 601 601 601 600 600 600 600 600 599 599 599 586 586 585 585 585 585 585 584 584 584 584 584 583 583 583 583 583 582 582 582 582 582 581 581 581 581 580 580 580
389 389 646 646 646 646 645 645 645 645 645 644 644 644 644 644 644 643 643 643 643 643 642 642 642 642 642 530 530 530 530 530 529 529 529 529 529 528 528 604 604 604 603 603 603 603 603 602 602 602 602 602 601 601 601 601 601 600 600 600 600 600 599 599 599 586 586 585 585 585 585 585 584 584 584 584 584 583 583 583 583 582 582 582 582 582 581 581 581 581 581 580 580 580
389 389 646 646 646 645 645 645 645 645 645 644 644 644 644 644 643 643 643 643 643 642 642 642 642 642 641 530 530 530 530 530 529 529 529 529 529 528 528 604 604 604 603 603 603 603 603 602 602 602 602 602 601 601 601 601 601 600 600 600 600 600 599 599 586 586 586 585 585 585 585 584 584 584 584 584 583 583 583 583 583 582 582 582 582 582 581 581 581 581 581 580 580 580
389 389 646 646 646 645 645 645 645 645 644 644 644 644 644 643 643 643 643 643 643 642 642 642 642 642 530 530 530 530 530 529 529 529 529 529 528 528 528 604 604 603 603 603 603 603 602 602 602 602 602 601 601 601 601 601 600 600 600 600 600 599 599 586 586 586 585 585 585 585 585 584 584 584 584 584 583 583 583 583 583 582 582 582 582 582 581 581 581 581 581 580 580 580
