testData/tiles/oneDegree/grid47.0-41.0-48.0-42.0.asc
ncols   200
nrows   200
xllcorner   47.0
yllcorner   41.0
cellsize   0.005
NODATA_value   -9999.0
[rows 126 to 167 of 200, columns 94 to 187 of 200]
325 323 322 320 319 317 315 314 312 310 308 307 305 303 301 299 297 295 292 290 288 285 283 280 278 275 272 270 268 265 263 260 257 253 248 243 237 228 211 212 213 214 215 215 216 217 218 219 219 220 221 222 222 223 224 225 225 226 227 227 228 229 229 230 231 231 232 233 233 234 234 235 236 236 237 237 238 239 239 240 240 241 241 242 242 243 243 244 245 245 246 246 247 247
324 323 321 320 318 316 315 313 311 310 308 306 304 302 300 298 296 294 292 290 287 285 282 280 277 274 271 268 266 263 261 258 254 251 246 241 233 223 210 211 212 213 214 215 215 216 217 218 219 219 220 221 222 222 223 224 225 225 226 227 227 228 229 229 230 231 231 232 233 233 234 234 235 236 236 237 237 238 239 239 240 240 241 241 242 242 243 243 244 244 245 245 246 246
324 322 321 319 317 316 314 313 311 309 307 305 304 302 300 298 295 293 291 289 286 284 281 279 276 273 270 267 264 261 259 256 252 248 244 238 231 220 209 210 211 212 213 214 215 215 216 217 218 219 219 220 221 222 222 223 224 225 225 226 227 227 228 229 229 230 231 231 232 233 233 234 234 235 236 236 237 237 238 238 239 240 240 241 241 242 242 243 243 244 244 245 245 246
323 322 320 319 317 315 314 312 310 308 307 305 303 301 299 297 295 293 290 288 286 283 281 278 275 272 269 266 263 259 256 253 250 246 241 235 227 208 209 210 210 211 212 213 214 215 215 216 217 218 219 219 220 221 222 222 223 224 225 225 226 227 227 228 229 229 230 231 231 232 232 233 234 234 235 236 236 237 237 238 238 239 239 240 241 241 242 242 243 243 244 244 245 245
323 321 320 318 316 315 313 311 310 308 306 304 302 300 298 296 294 292 290 287 285 283 280 277 274 272 268 265 262 258 254 251 247 243 238 232 223 207 208 209 210 210 211 212 213 214 215 216 216 217 218 219 219 220 221 222 222 223 224 225 225 226 227 227 228 229 229 230 231 231 232 232 233 234 234 235 235 236 237 237 238 238 239 239 240 240 241 242 242 243 243 244 244 245
322 321 319 317 316 314 313 311 309 307 305 304 302 300 298 296 293 291 289 287 284 282 279 276 274 271 268 264 261 257 253 249 245 241 235 229 218 206 207 208 209 210 211 211 212 213 214 215 216 216 217 218 219 219 220 221 222 222 223 224 225 225 226 227 227 228 229 229 230 230 231 232 232 233 234 234 235 235 236 237 237 238 238 239 239 240 240 241 241 242 242 243 243 244
322 320 318 317 315 314 312 310 309 307 305 303 301 299 297 295 293 291 288 286 283 281 278 276 273 270 267 263 260 256 252 248 243 238 232 225 215 205 206 207 208 209 210 211 211 212 213 214 215 216 216 217 218 219 219 220 221 222 222 223 224 224 225 226 227 227 228 229 229 230 230 231 232 232 233 234 234 235 235 236 236 237 238 238 239 239 240 240 241 241 242 242 243 243
321 320 318 316 315 313 311 310 308 306 304 302 300 298 296 294 292 290 288 285 283 280 278 275 272 269 266 262 259 255 251 246 241 235 229 221 203 204 205 206 207 208 209 210 211 211 212 213 214 215 216 216 217 218 219 219 220 221 222 222 223 224 224 225 226 226 227 228 228 229 230 230 231 232 232 233 233 234 235 235 236 236 237 237 238 239 239 240 240 241 241 242 242 243
321 319 317 316 314 313 311 309 307 306 304 302 300 298 296 294 291 289 287 284 282 279 277 274 271 268 265 261 258 254 249 245 240 233 226 216 202 203 204 205 206 207 208 209 210 211 211 212 213 214 215 216 216 217 218 219 219 220 221 222 222 223 224 224 225 226 226 227 228 228 229 230 230 231 232 232 233 233 234 235 235 236 236 237 237 238 238 239 240 240 241 241 242 242
320 318 317 315 314 312 310 309 307 305 303 301 299 297 295 293 291 288 286 284 281 279 276 273 270 267 264 260 256 252 248 243 238 231 223 212 202 203 203 204 205 206 207 208 209 210 211 211 212 213 214 215 216 216 217 218 219 219 220 221 222 222 223 224 224 225 226 226 227 228 228 229 230 230 231 231 232 233 233 234 234 235 236 236 237 237 238 238 239 239 240 240 241 241
319 318 316 315 313 311 310 308 306 304 302 300 299 296 294 292 290 288 285 283 280 278 275 272 269 266 263 259 255 251 247 242 236 229 221 200 201 202 203 204 204 205 206 207 208 209 210 211 212 212 213 214 215 216 216 217 218 219 219 220 221 222 222 223 224 224 225 226 226 227 228 228 229 230 230 231 231 232 233 233 234 234 235 235 236 237 237 238 238 239 239 240 240 241
319 317 316 314 312 311 309 307 306 304 302 300 298 296 294 292 289 287 285 282 280 277 274 271 268 265 262 258 254 250 245 240 234 227 217 200 200 201 202 203 204 205 205 206 207 208 209 210 211 212 212 213 214 215 216 216 217 218 219 219 220 221 221 222 223 224 224 225 226 226 227 228 228 229 229 230 231 231 232 232 233 234 234 235 235 236 236 237 238 238 239 239 240 240
318 317 315 314 312 310 308 307 305 303 301 299 297 295 293 291 289 286 284 281 279 276 273 270 267 264 261 257 253 249 244 239 232 225 213 200 200 200 201 202 203 204 205 205 206 207 208 209 210 211 212 212 213 214 215 216 216 217 218 219 219 220 221 221 222 223 224 224 225 226 226 227 227 228 229 229 230 231 231 232 232 233 234 234 235 235 236 236 237 237 238 238 239 240
318 316 315 313 311 310 308 306 304 302 301 299 297 294 292 290 288 285 283 281 278 275 272 269 266 263 259 256 252 247 242 237 230 222 211 200 200 200 200 201 202 203 204 205 205 206 207 208 209 210 211 212 212 213 214 215 215 216 217 218 219 219 220 221 221 222 223 223 224 225 225 226 227 227 228 229 229 230 230 231 232 232 233 233 234 235 235 236 236 237 237 238 238 239
317 316 314 312 311 309 307 305 304 302 300 298 296 294 292 289 287 285 282 280 277 274 271 268 265 262 258 255 250 246 241 235 228 219 200 200 200 200 200 200 201 202 203 204 205 205 206 207 208 209 210 211 211 212 213 214 215 215 216 217 218 218 219 220 221 221 222 223 223 224 225 225 226 227 227 228 229 229 230 230 231 232 232 233 233 234 234 235 236 236 237 237 238 238
317 315 313 312 310 308 307 305 303 301 299 297 295 293 291 289 286 284 281 279 276 273 271 267 264 261 257 253 249 244 239 233 226 215 200 200 200 200 200 200 200 201 202 203 204 205 205 206 207 208 209 210 211 211 212 213 214 215 215 216 217 218 218 219 220 221 221 222 223 223 224 225 225 226 227 227 228 228 229 230 230 231 231 232 233 233 234 234 235 235 236 236 237 238
316 315 313 311 310 308 306 304 302 300 299 297 294 292 290 288 286 283 281 278 275 273 270 267 263 260 256 252 248 243 238 231 223 211 200 200 200 200 200 200 200 200 201 202 203 204 205 205 206 207 208 209 210 211 211 212 213 214 215 215 216 217 218 218 219 220 220 221 222 223 223 224 225 225 226 226 227 228 228 229 230 230 231 231 232 232 233 234 234 235 235 236 236 237
316 314 312 311 309 307 305 304 302 300 298 296 294 292 289 287 285 282 280 277 274 272 269 266 262 259 255 251 246 241 236 229 220 200 200 200 200 200 200 200 200 200 200 201 202 203 204 205 205 206 207 208 209 210 211 211 212 213 214 215 215 216 217 218 218 219 220 220 221 222 222 223 224 224 225 226 226 227 228 228 229 229 230 231 231 232 232 233 233 234 235 235 236 236
315 313 312 310 308 307 305 303 301 299 297 295 293 291 289 286 284 282 279 276 274 271 268 265 261 258 254 250 245 240 234 227 217 200 200 200 200 200 200 200 200 200 200 200 201 202 203 204 205 205 206 207 208 209 210 211 211 212 213 214 214 215 216 217 217 218 219 220 220 221 222 222 223 224 224 225 226 226 227 228 228 229 229 230 230 231 232 232 233 233 234 234 235 235
222 313 311 309 308 306 304 302 300 298 296 294 292 290 288 286 283 281 278 275 273 270 267 263 260 256 252 248 243 238 232 224 212 200 200 200 200 200 200 200 200 200 200 200 200 201 202 203 204 205 205 206 207 208 209 210 211 211 212 213 214 214 215 216 217 217 218 219 220 220 221 222 222 223 224 224 225 226 226 227 227 228 229 229 230 230 231 232 232 233 233 234 234 235
222 220 311 309 307 305 304 302 300 298 296 294 292 289 287 285 282 280 277 275 272 269 266 262 259 255 251 247 242 236 230 221 211 200 200 200 200 200 200 200 200 200 200 200 200 200 201 202 203 204 205 205 206 207 208 209 210 210 211 212 213 214 214 215 216 217 217 218 219 219 220 221 221 222 223 223 224 225 225 226 227 227 228 228 229 230 230 231 231 232 232 233 234 234
221 220 310 308 306 305 303 301 299 297 295 293 291 289 286 284 282 279 276 274 271 268 265 261 258 254 250 245 240 235 227 218 200 200 200 200 200 200 200 200 200 200 200 200 200 200 200 201 202 203 204 205 205 206 207 208 209 210 210 211 212 213 214 214 215 216 216 217 218 219 219 220 221 221 222 223 223 224 225 225 226 227 227 228 228 229 229 230 231 231 232 232 233 233
221 219 217 308 306 304 302 300 298 296 294 292 290 288 286 283 281 278 276 273 270 267 264 260 257 253 249 244 239 233 225 214 200 200 200 200 200 200 200 200 200 200 200 200 200 200 200 200 201 202 203 204 204 205 206 207 208 209 210 210 211 212 213 213 214 215 216 216 217 218 219 219 220 221 221 222 223 223 224 225 225 226 226 227 228 228 229 229 230 230 231 232 232 233
220 218 217 215 305 303 302 300 298 296 294 292 289 287 285 282 280 277 275 272 269 266 263 259 255 251 247 242 237 230 222 211 200 200 200 200 200 200 200 200 200 200 200 200 200 200 200 200 200 201 202 203 204 204 205 206 207 208 209 209 210 211 212 213 213 214 215 216 216 217 218 218 219 220 220 221 222 222 223 224 224 225 226 226 227 227 228 229 229 230 230 231 231 232
219 218 216 214 213 303 301 299 297 295 293 291 289 286 284 282 279 276 274 271 268 265 261 258 254 250 246 241 235 228 219 200 200 200 200 200 200 200 200 200 200 200 200 200 200 200 200 200 200 200 201 202 203 203 204 205 206 207 208 209 209 210 211 212 213 213 214 215 215 216 217 218 218 219 220 220 221 222 222 223 224 224 225 225 226 227 227 228 228 229 230 230 231 231
219 217 215 214 212 210 300 298 296 294 292 290 288 286 283 281 278 276 273 270 267 264 260 257 253 249 244 239 233 226 215 200 200 200 200 200 200 200 200 200 200 200 200 200 200 200 200 200 200 200 200 201 202 203 203 204 205 206 207 208 208 209 210 211 212 212 213 214 215 215 216 217 217 218 219 220 220 221 222 222 223 223 224 225 225 226 227 227 228 228 229 229 230 231
218 217 215 213 211 209 208 298 296 294 291 289 287 285 282 280 277 275 272 269 266 263 259 256 252 247 243 237 231 223 211 200 200 200 200 200 200 200 200 200 200 200 200 200 200 200 200 200 200 200 200 200 201 202 202 203 204 205 206 207 208 208 209 210 211 212 212 213 214 215 215 216 217 217 218 219 219 220 221 221 222 223 223 224 225 225 226 226 227 228 228 229 229 230
218 216 214 212 211 209 207 205 295 293 291 289 286 284 282 279 276 274 271 268 265 262 258 254 250 246 241 235 229 220 200 200 200 200 200 200 200 200 200 200 200 200 200 200 200 200 200 200 200 200 200 200 200 201 202 202 203 204 205 206 207 207 208 209 210 211 211 212 213 214 214 215 216 217 217 218 219 219 220 221 221 222 223 223 224 224 225 226 226 227 227 228 228 229
217 215 214 212 210 208 206 204 294 292 290 288 285 283 281 278 276 273 270 267 264 260 257 253 249 244 239 233 226 216 200 200 200 200 200 200 200 200 200 200 200 200 200 200 200 200 200 200 200 200 200 200 200 200 201 201 202 203 204 205 206 207 207 208 209 210 211 211 212 213 214 214 215 216 216 217 218 218 219 220 220 221 222 222 223 224 224 225 225 226 227 227 228 228
216 215 213 211 209 207 205 203 201 291 289 287 285 282 280 277 275 272 269 266 263 259 256 252 247 243 237 231 223 211 200 200 200 200 200 200 200 200 200 200 200 200 200 200 200 200 200 200 200 200 200 200 200 200 200 200 201 202 203 204 205 206 206 207 208 209 210 210 211 212 213 213 214 215 216 216 217 218 218 219 220 220 221 222 222 223 223 224 225 225 226 226 227 228
216 214 212 210 209 207 205 203 201 199 288 286 284 281 279 276 274 271 268 265 262 258 254 250 246 241 236 229 220 200 200 200 200 200 200 200 200 200 200 200 200 200 200 200 200 200 200 200 200 200 200 200 200 200 200 200 200 201 202 203 204 205 206 206 207 208 209 210 210 211 212 213 213 214 215 215 216 217 217 218 219 219 220 221 221 222 223 223 224 224 225 226 226 227
215 213 212 210 208 206 204 202 200 198 196 285 283 281 278 275 273 270 267 264 260 257 253 249 245 239 234 227 217 200 200 200 200 200 200 200 200 200 200 200 200 200 200 200 200 200 200 200 200 200 200 200 200 200 200 200 200 200 201 202 203 204 205 205 206 207 208 209 209 210 211 212 212 213 214 215 215 216 217 217 218 219 219 220 221 221 222 222 223 224 224 225 225 226
214 213 211 209 207 205 203 201 199 197 195 193 282 280 277 275 272 269 266 263 259 256 252 248 243 238 232 224 212 200 200 200 200 200 200 200 200 200 200 200 200 200 200 200 200 200 200 200 200 200 200 200 200 200 200 200 200 200 200 201 202 203 204 204 205 206 207 208 209 209 210 211 212 212 213 214 214 215 216 216 217 218 218 219 220 220 221 222 222 223 223 224 225 225
214 212 210 208 206 205 203 201 198 196 194 192 189 279 276 274 271 268 265 262 258 254 250 246 241 236 229 221 211 200 200 200 200 200 200 200 200 200 200 200 200 200 200 200 200 200 200 200 200 200 200 200 200 200 200 200 200 200 200 200 201 202 203 204 204 205 206 207 208 208 209 210 211 211 212 213 214 214 215 216 216 217 218 218 219 220 220 221 221 222 223 223 224 224
213 211 209 208 206 204 202 200 198 195 193 191 188 186 275 273 270 267 264 260 257 253 249 245 240 234 227 217 200 200 200 200 200 200 200 200 200 200 200 200 200 200 200 200 200 200 200 200 200 200 200 200 200 200 200 200 200 200 200 200 200 201 202 203 203 204 205 206 207 207 208 209 210 210 211 212 213 213 214 215 215 216 217 217 218 219 219 220 221 221 222 222 223 224
212 211 209 207 205 203 201 199 197 195 192 190 188 185 182 272 269 266 263 259 256 252 248 243 238 232 224 212 200 200 200 200 200 200 200 200 200 200 200 200 200 200 200 200 200 200 200 200 200 200 200 200 200 200 200 200 200 200 200 200 200 200 201 202 202 203 204 205 206 207 207 208 209 210 210 211 212 212 213 214 215 215 216 217 217 218 219 219 220 220 221 222 222 223
212 210 208 206 204 202 200 198 196 194 192 189 187 184 181 179 268 265 261 258 254 250 246 241 236 229 221 211 200 200 200 200 200 200 200 200 200 200 200 200 200 200 200 200 200 200 200 200 200 200 200 200 200 200 200 200 200 200 200 200 200 200 200 201 201 202 203 204 205 206 206 207 208 209 209 210 211 212 212 213 214 214 215 216 216 217 218 218 219 220 220 221 221 222
211 209 207 205 204 202 200 197 195 193 191 188 186 183 181 178 175 264 260 257 253 249 245 240 234 227 217 200 200 200 200 200 200 200 200 200 200 200 200 200 200 200 200 200 200 200 200 200 200 200 200 200 200 200 200 200 200 200 200 200 200 200 200 200 200 201 202 203 204 205 205 206 207 208 208 209 210 211 211 212 213 214 214 215 216 216 217 217 218 219 219 220 221 221
210 209 207 205 203 201 199 197 194 192 190 187 185 182 180 177 174 171 259 256 252 248 243 238 232 224 213 200 200 200 200 200 200 200 200 200 200 200 200 200 200 200 200 200 200 200 200 200 200 200 200 200 200 200 200 200 200 200 200 200 200 200 200 200 200 200 201 202 203 204 204 205 206 207 208 208 209 210 211 211 212 213 213 214 215 215 216 217 217 218 219 219 220 220
210 208 206 204 202 200 198 196 194 191 189 186 184 181 179 176 173 169 258 254 250 246 241 236 229 221 211 200 200 200 200 200 200 200 200 200 200 200 200 200 200 200 200 200 200 200 200 200 200 200 200 200 200 200 200 200 200 200 200 200 200 200 200 200 200 200 200 201 202 203 203 204 205 206 207 207 208 209 210 210 211 212 212 213 214 214 215 216 216 217 218 218 219 220
209 207 205 203 201 199 197 195 193 190 188 186 183 180 178 175 171 168 165 253 249 244 239 234 227 217 200 200 200 200 200 200 200 200 200 200 200 200 200 200 200 200 200 200 200 200 200 200 200 200 200 200 200 200 200 200 200 200 200 200 200 200 200 200 200 200 200 200 201 202 202 203 204 205 206 206 207 208 209 209 210 211 212 212 213 214 214 215 216 216 217 217 218 219
208 206 204 203 201 198 196 194 192 190 187 185 182 179 176 173 170 167 163 160 247 243 238 232 224 213 200 200 200 200 200 200 200 200 200 200 200 200 200 200 200 200 200 200 200 200 200 200 200 200 200 200 200 200 200 200 200 200 200 200 200 200 200 200 200 200 200 200 200 201 201 202 203 204 205 205 206 207 208 208 209 210 211 211 212 213 213 214 215 215 216 217 217 218
