testData/tiles/oneDegree/grid3.0-9.0-4.0-10.0.asc
ncols   200
nrows   200
xllcorner   3.0
yllcorner   9.0
cellsize   0.005
NODATA_value   -9999.0
[rows 0 to 41 of 200, columns 94 to 187 of 200]
619 619 619 620 619 618 617 617 616 615 614 612 611 608 608 605 604 601 598 553 551 549 546 543 540 539 534 532 529 524 522 519 516 511 509 505 501 499 494 491 486 484 482 481 481 481 479 479 479 477 477 476 476 475 474 474 473 472 471 471 470 470 468 469 467 466 466 466 466 465 465 466 465 465 356 356 356 356 356 355 355 355 355 354 354 353 354 353 353 352 352 352 352 352
622 622 621 622 621 621 621 620 618 617 616 614 613 612 609 607 606 603 602 598 553 551 548 544 542 539 536 533 530 527 524 519 516 514 511 506 504 500 496 493 488 484 481 481 479 479 479 478 477 477 476 475 475 474 474 472 472 472 470 470 469 469 468 467 466 467 465 465 464 465 464 464 464 463 464 355 355 354 354 355 354 354 353 353 353 353 352 352 352 352 352 351 351 350
625 625 626 624 623 624 622 623 621 620 618 617 616 613 612 610 607 605 603 600 599 552 550 547 544 540 537 535 531 528 525 523 519 514 511 508 504 500 498 493 489 486 481 479 479 479 477 477 476 476 475 474 474 473 472 472 472 470 470 469 468 468 466 467 465 465 464 464 464 463 463 463 463 463 462 354 354 354 354 353 353 353 353 352 352 351 351 352 351 351 350 350 350 350
627 627 628 627 628 626 625 624 623 623 621 620 618 616 614 612 610 607 604 602 600 597 551 548 546 543 539 536 533 530 526 523 519 517 512 508 506 501 498 494 491 486 483 480 477 477 477 476 475 475 474 474 473 472 472 470 470 470 469 468 468 467 466 465 464 465 463 463 462 462 463 462 462 461 462 353 353 353 352 353 352 352 351 351 351 351 351 350 350 349 350 349 349 348
577 629 629 629 629 629 629 627 626 624 623 622 620 619 616 615 612 610 607 604 601 599 596 551 547 543 542 538 533 531 527 524 520 517 513 511 506 502 500 494 491 488 484 479 477 476 475 475 474 474 473 472 472 472 470 469 470 468 468 467 467 466 464 464 463 463 462 461 462 461 461 461 461 461 460 460 352 352 352 351 351 350 351 350 350 350 349 350 349 349 348 348 347 348
579 579 580 579 632 631 630 630 629 628 626 623 622 620 619 617 614 612 609 607 604 600 598 594 549 546 542 538 536 532 528 525 521 518 514 511 507 504 500 495 492 488 484 481 477 475 474 474 473 473 472 472 470 470 470 468 468 467 467 466 466 464 465 463 462 462 461 461 460 460 461 460 460 459 459 459 351 351 350 350 350 350 349 349 349 349 349 348 348 347 348 347 347 346
581 582 582 582 582 580 581 578 631 629 628 627 624 624 620 618 616 614 611 608 605 603 600 595 550 546 544 541 537 533 530 526 522 519 515 511 508 505 500 496 493 488 485 481 477 474 474 473 471 472 471 470 470 470 468 468 468 466 466 464 465 464 463 462 462 461 460 459 460 459 459 459 458 459 458 458 350 350 350 349 349 348 349 349 348 348 347 347 347 347 346 346 345 345
585 585 583 585 583 583 583 582 581 579 578 628 628 625 622 621 617 616 612 610 607 604 600 597 595 547 545 541 539 534 531 528 524 519 516 513 509 505 501 498 492 489 486 480 478 474 472 472 472 470 469 470 468 468 467 467 466 466 465 464 464 462 463 461 461 460 460 459 458 458 458 458 458 457 457 458 349 349 348 348 348 348 348 347 347 347 347 346 346 345 345 345 345 345
586 587 587 587 587 586 585 584 583 581 580 579 576 573 572 622 620 618 613 612 608 605 603 599 596 592 546 542 539 535 533 528 524 521 517 513 509 506 501 498 494 490 485 482 478 473 472 471 470 470 470 468 467 468 466 466 464 465 464 463 462 462 461 460 459 459 459 457 457 457 457 457 456 457 456 456 456 347 348 347 347 346 346 347 346 346 345 345 345 345 344 344 344 343
588 590 589 590 589 589 588 587 585 583 583 580 578 576 573 571 569 565 616 613 609 607 603 601 596 593 590 543 540 536 533 529 525 521 518 514 509 506 502 499 494 491 487 482 478 474 470 469 470 468 468 467 467 466 465 465 464 464 462 463 461 461 460 459 459 458 457 457 456 456 456 456 456 455 455 455 455 347 346 346 345 346 346 345 345 344 345 344 344 343 343 343 343 343
593 592 593 592 591 591 590 590 588 586 585 581 580 577 575 573 571 567 565 561 558 555 604 602 597 595 590 587 541 537 533 529 526 522 518 514 511 507 502 498 495 491 486 484 478 475 470 468 468 467 467 466 466 464 465 464 462 463 462 461 460 461 459 458 457 457 457 455 455 455 455 455 454 454 454 454 454 345 345 345 345 345 344 344 344 344 343 343 342 343 343 342 342 341
594 594 595 594 594 594 592 591 589 589 586 586 583 578 577 574 572 569 566 562 560 557 553 549 546 542 538 589 584 538 534 530 526 522 519 515 511 507 503 499 494 491 486 483 478 476 470 468 467 466 466 465 465 464 464 462 462 462 460 460 459 459 458 457 457 456 455 454 454 454 454 453 454 453 453 453 452 345 344 344 343 343 344 343 343 342 342 342 342 342 341 341 341 341
597 597 597 597 597 596 595 594 593 590 589 587 584 582 579 576 573 569 568 564 562 557 554 551 547 542 539 536 532 529 481 478 527 522 518 515 512 506 504 499 496 491 487 483 478 475 470 467 466 465 464 464 464 462 463 462 461 460 460 459 458 458 457 457 455 455 455 453 453 453 453 453 452 452 452 452 452 343 343 342 343 343 342 342 341 342 341 341 341 340 341 340 340 339
599 599 601 600 599 598 597 596 594 594 591 589 586 583 581 578 575 572 568 565 562 558 556 551 548 544 540 536 532 529 526 478 474 471 467 461 459 507 504 498 496 491 486 483 479 474 470 467 465 465 464 463 462 462 462 460 460 459 459 458 457 457 456 455 455 455 453 453 451 452 452 451 451 451 451 451 450 450 342 342 342 341 342 341 341 340 340 340 340 340 339 339 338 339
601 601 602 602 602 601 601 598 597 595 592 591 588 586 582 579 576 573 569 566 562 559 556 552 548 544 541 537 533 529 525 522 475 471 466 463 459 454 451 446 442 438 435 483 478 475 470 466 464 464 462 462 462 460 460 460 459 458 458 457 457 456 454 455 453 453 452 452 451 450 450 451 450 450 450 449 450 449 341 340 341 341 340 340 339 340 340 339 339 338 338 338 338 337
604 606 604 604 604 603 603 600 600 597 595 592 588 587 583 581 576 573 570 567 564 560 556 552 549 545 541 537 533 530 524 522 474 471 466 463 458 455 450 446 443 438 434 430 427 421 416 414 409 409 462 461 460 460 459 458 458 457 457 456 455 455 454 453 452 453 451 451 449 450 450 449 449 448 449 449 448 448 340 340 340 339 339 339 339 338 338 338 337 338 337 337 336 336
606 607 607 608 607 605 604 603 601 599 597 594 592 587 585 582 578 576 570 568 564 560 557 552 549 545 542 538 534 529 526 522 517 471 466 463 458 455 450 446 442 437 435 429 425 421 417 412 408 409 407 407 407 406 405 404 404 403 403 401 455 453 453 452 451 451 450 449 449 448 448 448 448 448 448 447 447 447 339 339 338 339 338 338 337 337 338 337 337 336 336 335 336 336
608 609 610 610 610 609 608 605 602 600 598 595 593 590 586 582 579 576 572 569 564 561 557 552 550 544 542 537 534 530 526 521 518 514 465 463 458 455 450 446 442 437 433 429 426 420 417 412 407 407 406 406 405 405 403 404 403 401 402 401 400 399 400 398 398 396 396 396 394 394 395 394 394 393 393 394 393 393 284 285 285 284 284 283 284 284 283 283 282 282 282 282 282 281
610 612 612 612 611 610 609 607 605 602 601 596 593 590 587 584 580 575 572 569 565 562 556 554 549 546 542 537 534 529 526 521 518 513 509 462 457 454 450 445 441 437 433 428 425 420 416 412 408 405 405 405 403 404 403 402 401 402 400 399 399 398 398 397 396 396 395 394 393 393 393 393 392 393 393 392 392 391 284 284 283 283 283 283 282 282 282 282 282 281 281 280 280 281
612 614 614 615 614 614 611 610 606 603 601 597 595 591 588 584 580 577 572 569 564 561 557 554 548 546 541 537 534 528 526 521 517 513 508 504 458 453 448 446 441 436 433 428 423 420 416 410 407 405 405 403 403 403 401 401 401 400 399 399 398 397 397 396 396 394 394 394 392 392 392 392 392 391 391 391 391 391 282 282 283 282 282 281 281 282 281 281 280 280 279 280 280 279
616 615 617 617 617 615 613 612 608 605 601 598 595 591 589 584 581 576 573 569 565 561 556 553 549 546 541 536 533 529 525 520 517 512 509 504 456 453 449 444 440 437 431 428 424 419 414 411 407 403 403 403 401 401 401 400 399 399 398 398 397 395 396 395 394 393 394 392 392 390 391 391 390 390 391 390 390 389 281 282 281 281 280 281 280 280 280 279 279 279 279 279 278 278
617 619 620 620 618 617 615 612 610 607 604 600 595 591 588 584 581 576 573 568 565 561 556 553 548 545 541 537 532 528 524 520 516 511 508 504 499 452 447 444 439 435 431 428 422 418 415 409 405 403 402 401 401 400 399 399 398 398 397 396 396 396 394 393 394 392 392 391 391 390 390 389 390 389 389 389 388 389 280 280 280 279 280 279 279 279 278 279 278 278 277 277 278 278
618 620 622 622 622 620 617 614 610 607 603 600 596 592 589 583 580 576 573 569 564 560 556 552 548 544 539 537 532 528 523 519 515 511 507 502 499 495 446 443 438 435 430 426 422 418 413 408 406 401 401 400 400 399 399 398 397 397 395 396 395 394 393 393 392 391 390 390 390 388 388 389 388 388 388 388 388 387 279 279 279 279 278 278 278 278 278 277 277 276 277 277 277 277
620 622 624 624 623 621 617 615 610 608 602 600 595 592 588 583 581 575 571 568 564 560 555 551 547 543 540 535 530 527 523 518 514 510 506 502 498 493 490 442 437 434 429 425 421 417 412 409 404 400 399 399 399 397 398 397 395 395 395 394 393 394 392 392 391 390 390 389 388 388 388 387 387 387 387 387 386 386 278 278 278 277 277 277 277 277 276 276 276 276 276 276 276 277
620 622 626 627 626 621 619 614 611 607 602 600 595 591 586 584 579 574 572 566 563 558 555 551 545 542 538 534 530 526 521 518 514 508 505 500 497 492 488 441 438 432 427 425 420 415 411 408 402 399 399 397 397 397 397 395 396 395 393 393 393 392 391 391 390 389 388 387 388 386 386 386 386 386 385 385 386 385 277 277 276 277 276 276 276 275 276 275 275 275 275 276 276 276
618 622 626 630 626 621 618 614 610 605 601 598 594 590 586 582 577 573 570 565 562 557 554 549 545 542 536 533 529 525 521 516 512 509 504 498 496 491 487 483 436 431 427 423 418 415 410 406 402 399 397 396 397 395 395 395 394 393 392 392 391 391 390 390 389 388 388 387 386 385 385 385 385 384 384 385 384 384 275 276 276 275 275 274 275 275 274 274 274 275 275 275 275 275
617 621 623 624 622 619 616 612 609 605 600 596 592 588 584 581 577 573 568 564 560 556 553 547 544 540 536 532 526 524 519 515 512 507 502 498 495 489 486 482 478 430 426 422 417 413 408 406 400 397 397 395 395 394 394 393 393 392 392 391 389 390 389 388 387 388 386 386 385 384 384 384 383 384 383 383 383 382 275 275 274 274 274 274 274 273 273 274 274 274 274 274 274 275
614 617 619 619 619 616 612 609 605 602 598 595 590 588 582 578 575 571 567 564 558 554 550 547 543 537 535 530 525 522 517 514 509 506 501 497 493 489 484 479 477 472 424 421 416 412 407 404 399 396 395 395 393 393 393 392 392 391 391 389 390 389 387 387 387 386 385 385 384 383 382 382 383 382 382 382 382 382 273 273 273 273 273 272 272 273 273 273 273 273 273 274 274 274
610 612 614 614 614 611 610 606 604 599 595 592 588 585 580 577 572 568 565 561 557 553 548 544 541 537 533 528 525 520 516 513 507 504 500 496 491 487 483 479 474 470 424 419 415 411 406 401 398 395 394 393 393 393 391 391 391 389 389 389 388 387 387 386 385 385 384 384 383 382 382 382 381 381 381 381 381 380 272 273 272 272 271 271 272 272 272 272 272 273 273 273 273 273
606 609 609 611 608 607 605 601 600 596 594 589 586 581 577 574 570 567 563 559 555 551 547 543 539 534 531 527 523 518 514 510 507 503 497 495 490 486 481 477 473 469 465 417 414 409 405 401 396 393 392 393 391 391 391 389 389 389 388 387 387 387 386 385 383 384 383 382 381 382 380 380 380 380 380 380 379 380 271 271 271 270 271 271 271 271 271 272 272 272 272 272 273 273
601 603 604 605 604 603 601 598 595 592 589 585 583 579 577 571 568 564 560 557 553 549 544 540 537 533 529 524 521 517 513 508 504 500 497 492 487 485 480 475 472 467 463 459 412 407 404 399 394 392 391 391 390 391 389 389 389 387 387 386 386 385 385 383 383 383 381 381 381 380 379 378 379 379 378 378 379 378 270 270 270 270 270 270 270 271 271 271 271 271 272 272 272 272
598 598 599 599 598 598 596 595 591 589 585 582 579 576 573 569 565 561 557 554 549 547 542 539 534 530 527 522 519 514 511 507 503 498 494 490 487 482 477 475 470 464 462 457 453 406 402 397 393 391 390 390 389 389 388 388 387 386 385 385 385 383 384 383 382 381 381 380 379 379 378 378 378 377 378 378 377 377 268 269 269 269 269 269 270 270 270 270 270 271 271 271 271 271
593 593 594 594 594 592 591 590 587 584 582 579 576 572 569 566 563 559 555 552 547 544 540 537 532 528 524 521 517 512 509 504 501 497 491 488 484 480 477 472 467 465 460 454 452 404 399 395 392 390 388 389 388 387 387 387 385 385 385 384 383 383 383 381 381 381 379 379 377 378 377 376 376 377 376 376 376 376 268 268 268 268 269 269 269 269 269 270 270 270 270 270 271 271
588 588 589 589 589 588 587 585 582 580 578 574 573 569 566 563 559 556 551 549 545 541 537 533 530 526 522 517 514 510 507 502 499 494 490 487 481 478 474 470 465 462 457 453 449 444 398 394 389 388 389 387 386 387 386 385 384 385 383 382 383 381 381 380 380 379 379 377 377 377 375 375 376 375 375 374 375 375 267 267 268 268 268 268 268 269 269 269 269 269 270 270 270 270
583 584 584 584 583 583 581 581 578 576 574 570 568 564 563 559 557 553 548 545 541 539 534 531 527 523 520 516 512 507 504 500 497 492 488 484 479 477 471 467 464 460 455 452 447 443 439 391 388 387 387 386 386 385 384 384 383 383 382 382 381 380 379 379 379 377 378 377 375 375 375 374 374 374 373 374 374 374 266 267 267 267 267 267 268 268 268 268 268 269 269 269 269 269
578 579 579 579 578 579 576 575 573 572 569 568 564 562 558 554 552 548 546 542 539 535 531 528 524 522 516 513 509 505 501 497 493 490 486 481 478 474 469 467 461 457 454 449 445 441 437 389 387 386 386 385 384 384 382 383 382 381 381 381 380 378 379 378 377 377 377 375 374 375 373 373 372 373 373 373 373 373 266 266 266 266 267 267 267 267 267 268 268 268 268 268 269 269
573 573 574 574 574 573 572 571 569 567 564 563 560 557 555 552 549 544 542 538 536 532 529 525 520 518 514 511 506 501 499 495 491 487 483 480 476 471 467 463 459 455 451 447 444 438 434 431 386 384 385 384 383 382 382 382 380 381 380 379 378 378 377 376 377 375 375 374 374 373 372 371 372 372 372 372 373 373 265 265 265 266 266 266 266 267 267 267 267 267 268 268 268 268
568 568 570 569 569 567 566 565 564 563 561 559 555 553 550 547 545 542 539 535 532 528 525 522 519 514 510 508 503 501 496 491 489 484 481 476 473 469 465 460 457 453 449 445 441 437 433 428 427 384 383 382 382 382 380 380 380 379 378 379 377 377 376 375 375 374 373 373 373 371 370 371 371 371 371 372 372 372 264 265 265 265 265 265 266 266 266 266 266 267 267 267 267 267
563 563 564 563 564 563 563 560 559 557 556 554 552 549 547 543 540 537 535 532 529 525 522 518 515 511 508 504 500 497 493 490 485 481 478 474 470 466 463 458 455 450 446 443 437 434 430 426 425 382 382 381 381 380 380 379 378 378 377 377 376 376 375 374 374 372 373 372 371 370 371 370 370 370 371 371 371 263 264 264 264 264 265 265 265 265 265 266 266 266 266 266 267 267
558 558 558 558 558 558 557 556 554 554 550 549 547 544 542 540 537 534 531 527 525 522 519 516 511 507 504 501 498 494 489 487 483 479 475 471 468 464 459 456 451 448 443 440 435 433 427 425 425 424 380 380 380 378 379 378 377 376 376 376 374 375 374 373 372 372 371 370 370 370 370 369 370 370 370 370 370 263 263 263 263 264 264 264 264 264 265 265 265 265 265 266 266 266
553 553 554 554 554 552 552 551 550 548 546 545 542 540 537 535 533 529 528 524 521 517 514 512 508 505 500 497 494 491 488 483 479 476 472 469 465 460 458 453 449 446 441 438 433 430 425 425 423 422 423 378 378 378 378 376 376 376 374 374 374 373 372 372 372 370 370 370 370 369 369 369 369 369 369 370 370 262 262 262 263 263 263 263 264 264 264 264 264 265 265 265 265 265
547 549 548 548 548 548 547 546 544 543 541 540 537 536 533 532 528 526 523 519 518 514 511 507 504 501 497 495 490 487 484 481 477 473 469 465 462 457 454 450 448 442 438 435 431 426 423 423 422 422 421 377 378 376 376 375 375 374 373 374 372 372 371 371 370 369 370 369 369 368 369 368 368 368 369 369 369 261 261 262 262 262 262 263 263 263 263 263 264 264 264 264 264 265
