testData/tiles/oneDegree/grid36.0-10.0-37.0-11.0.asc
ncols   200
nrows   200
xllcorner   36.0
yllcorner   10.0
cellsize   0.005
NODATA_value   -9999.0
[rows 42 to 83 of 200, columns 0 to 93 of 200]
483 483 483 483 483 483 483 483 483 482 482 482 481 481 481 480 480 479 479 479 478 478 477 477 476 476 475 475 474 474 474 473 473 472 472 471 471 470 470 469 469 468 468 467 467 466 466 465 465 464 464 463 463 462 462 461 461 460 460 459 459 458 458 426 426 425 425 424 424 423 423 422 422 421 421 420 420 419 419 418 418 417 417 416 416 415 415 414 414 413 413 412 412 411
304 304 304 483 483 483 483 482 482 482 482 481 481 481 480 480 480 479 479 478 478 477 477 477 476 476 475 475 474 474 473 473 472 472 471 471 471 470 470 469 469 468 468 467 467 466 466 465 465 464 464 463 463 462 462 461 461 460 460 459 459 427 427 426 426 425 425 424 424 423 423 422 422 421 421 420 420 419 419 418 418 417 417 416 416 415 415 414 414 413 413 412 412 411
303 303 303 303 303 303 303 482 482 482 481 481 481 480 480 480 479 479 478 478 478 477 477 476 476 475 475 475 474 474 473 473 472 472 471 471 470 470 469 469 468 468 468 467 467 466 466 465 465 464 464 463 463 462 462 461 461 460 460 459 428 427 427 426 426 425 425 424 424 423 423 422 422 421 421 420 420 419 419 418 418 417 417 416 416 415 415 414 414 413 413 412 412 411
303 303 303 303 303 303 303 302 302 302 481 481 480 480 480 479 479 479 478 478 477 477 477 476 476 475 475 474 474 473 473 473 472 472 471 471 470 470 469 469 468 468 467 467 466 466 465 465 464 464 464 463 463 462 462 461 461 460 429 428 428 427 427 426 426 425 425 424 424 423 423 422 422 421 421 420 420 419 419 418 418 417 417 416 416 415 415 414 414 413 413 412 412 411
302 302 302 302 302 302 302 302 302 302 301 301 301 301 479 479 479 478 478 477 477 477 476 476 475 475 475 474 474 473 473 472 472 471 471 470 470 470 469 469 468 468 467 467 466 466 465 465 464 464 463 463 462 462 461 461 429 429 428 428 428 427 427 426 426 425 425 424 424 423 423 422 422 421 421 420 420 419 419 418 418 417 417 416 416 415 415 414 414 413 413 412 412 411
302 302 302 302 302 302 302 302 301 301 301 301 300 300 300 300 299 299 477 477 477 476 476 476 475 475 474 474 473 473 473 472 472 471 471 470 470 469 469 468 468 467 467 467 466 466 465 465 464 464 463 463 462 462 430 430 429 429 428 428 427 427 426 426 425 425 424 424 423 423 422 422 422 421 421 420 420 419 419 418 418 417 417 416 416 415 415 414 414 413 413 412 412 411
301 301 301 301 301 301 301 301 301 301 301 300 300 300 299 299 299 298 298 298 297 297 297 475 475 474 474 474 473 473 472 472 471 471 471 470 470 469 469 468 468 467 467 466 466 465 465 464 464 464 463 463 431 431 430 430 429 429 428 428 427 427 426 426 425 425 424 424 423 423 422 422 421 421 420 420 419 419 418 418 417 417 416 416 416 415 415 414 414 413 413 412 412 411
301 301 301 301 301 301 301 301 300 300 300 300 300 299 299 299 298 298 298 297 297 297 296 296 296 295 295 473 473 472 472 472 471 471 470 470 469 469 468 468 468 467 467 466 466 465 465 464 464 463 463 431 431 430 430 430 429 429 428 428 427 427 426 426 425 425 424 424 423 423 422 422 421 421 420 420 419 419 418 418 417 417 416 416 415 415 414 414 413 413 412 412 411 411
300 300 300 300 300 300 300 300 300 300 300 299 299 299 299 298 298 298 297 297 297 296 296 296 295 295 294 294 294 293 293 292 292 470 470 470 469 469 468 468 467 467 466 466 466 465 465 464 464 432 432 431 431 430 430 429 429 428 428 427 427 426 426 426 425 425 424 424 423 423 422 422 421 421 420 420 419 419 418 418 417 417 416 416 415 415 414 414 413 413 412 412 411 411
300 300 300 300 300 300 300 300 299 299 299 299 299 298 298 298 298 297 297 297 296 296 296 295 295 295 294 294 293 293 292 292 292 291 291 290 290 289 289 468 467 467 466 466 465 465 464 433 432 432 432 431 431 430 430 429 429 428 428 427 427 426 426 425 425 424 424 423 423 422 422 422 421 421 420 420 419 419 418 418 417 417 416 416 415 415 414 414 413 413 412 412 411 411
299 299 299 299 299 299 299 299 299 299 299 298 298 298 298 298 297 297 297 296 296 296 295 295 295 294 294 293 293 293 292 292 291 291 291 290 290 289 289 288 288 287 287 287 255 255 433 433 432 432 431 431 430 430 429 429 429 428 428 427 427 426 426 425 425 424 424 423 423 422 422 421 421 420 420 419 419 418 418 418 417 417 416 416 415 415 414 414 413 413 412 412 411 411
299 299 299 299 299 299 299 299 299 298 298 298 298 298 297 297 297 297 296 296 296 295 295 295 294 294 293 293 293 292 292 292 291 291 290 290 289 289 289 288 288 287 256 255 255 254 254 254 253 253 252 252 251 251 250 250 428 428 427 427 426 426 426 425 425 424 424 423 423 422 422 421 421 420 420 419 419 418 418 417 417 416 416 415 415 414 414 413 413 413 412 412 411 411
298 298 298 298 298 298 298 298 298 298 298 298 297 297 297 297 296 296 296 296 295 295 295 294 294 294 293 293 292 292 292 291 291 290 290 290 289 289 288 288 256 256 256 255 255 254 254 253 253 252 252 252 251 251 250 250 249 249 248 248 247 247 246 246 245 245 244 244 244 243 243 242 242 241 241 240 240 239 239 238 238 237 237 236 236 235 235 234 234 233 233 232 232 231
298 298 298 298 298 298 298 298 298 297 297 297 297 297 296 296 296 296 295 295 295 295 294 294 294 293 293 292 292 292 291 291 290 290 290 289 289 288 257 257 256 256 255 255 254 254 254 253 253 252 252 251 251 250 250 249 249 249 248 248 247 247 246 246 245 245 244 244 243 243 242 242 241 241 241 240 240 239 239 238 238 237 237 236 236 235 235 234 234 233 233 232 232 231
297 297 297 297 297 297 297 297 297 297 297 297 296 296 296 296 296 295 295 295 294 294 294 293 293 293 292 292 292 291 291 291 290 290 289 258 258 257 257 256 256 255 255 255 254 254 253 253 252 252 252 251 251 250 250 249 249 248 248 247 247 246 246 246 245 245 244 244 243 243 242 242 241 241 240 240 239 239 238 238 237 237 237 236 236 235 235 234 234 233 233 232 232 231
297 297 297 297 297 297 297 297 297 296 296 296 296 296 296 295 295 295 295 294 294 294 293 293 293 292 292 292 291 291 291 290 290 258 258 258 257 257 256 256 256 255 255 254 254 253 253 253 252 252 251 251 250 250 249 249 249 248 248 247 247 246 246 245 245 244 244 243 243 243 242 242 241 241 240 240 239 239 238 238 237 237 236 236 235 235 234 234 233 233 233 232 232 231
296 296 296 296 296 296 296 296 296 296 296 296 295 295 295 295 295 294 294 294 294 293 293 293 292 292 292 291 291 291 290 259 259 258 258 257 257 257 256 256 255 255 255 254 254 253 253 252 252 252 251 251 250 250 249 249 248 248 247 247 247 246 246 245 245 244 244 243 243 242 242 241 241 240 240 240 239 239 238 238 237 237 236 236 235 235 234 234 233 233 232 232 231 231
296 296 296 296 296 296 296 296 296 295 295 295 295 295 295 294 294 294 294 293 293 293 293 292 292 292 291 291 260 259 259 259 258 258 257 257 257 256 256 255 255 255 254 254 253 253 253 252 252 251 251 250 250 249 249 249 248 248 247 247 246 246 245 245 245 244 244 243 243 242 242 241 241 240 240 239 239 238 238 237 237 237 236 236 235 235 234 234 233 233 232 232 231 231
295 295 295 295 295 295 295 295 295 295 295 295 295 294 294 294 294 294 293 293 293 292 292 292 292 260 260 260 259 259 259 258 258 258 257 257 256 256 256 255 255 254 254 254 253 253 252 252 251 251 251 250 250 249 249 248 248 247 247 247 246 246 245 245 244 244 243 243 242 242 242 241 241 240 240 239 239 238 238 237 237 236 236 235 235 234 234 234 233 233 232 232 231 231
295 295 295 295 295 295 295 295 295 295 294 294 294 294 294 294 293 293 293 293 292 292 292 261 260 260 260 259 259 259 258 258 258 257 257 256 256 256 255 255 254 254 254 253 253 252 252 252 251 251 250 250 249 249 249 248 248 247 247 246 246 245 245 245 244 244 243 243 242 242 241 241 240 240 239 239 239 238 238 237 237 236 236 235 235 234 234 233 233 232 232 231 231 230
294 294 294 294 294 294 294 294 294 294 294 294 294 293 293 293 293 293 292 292 261 261 260 260 260 259 259 259 259 258 258 258 257 257 256 256 256 255 255 255 254 254 253 253 253 252 252 251 251 250 250 250 249 249 248 248 247 247 247 246 246 245 245 244 244 243 243 243 242 242 241 241 240 240 239 239 238 238 237 237 236 236 236 235 235 234 234 233 233 232 232 231 231 230
294 294 294 294 294 294 294 294 294 294 293 293 293 293 293 293 292 261 261 261 260 260 260 260 259 259 259 258 258 258 258 257 257 256 256 256 255 255 255 254 254 253 253 253 252 252 251 251 251 250 250 249 249 249 248 248 247 247 246 246 245 245 245 244 244 243 243 242 242 241 241 240 240 240 239 239 238 238 237 237 236 236 235 235 234 234 233 233 233 232 232 231 231 230
293 293 293 293 293 293 293 293 293 293 293 293 293 292 261 261 261 261 261 260 260 260 260 259 259 259 258 258 258 257 257 257 256 256 256 255 255 255 254 254 254 253 253 252 252 252 251 251 250 250 250 249 249 248 248 247 247 247 246 246 245 245 244 244 243 243 243 242 242 241 241 240 240 239 239 238 238 238 237 237 236 236 235 235 234 234 233 233 232 232 231 231 230 230
293 293 293 293 293 293 293 293 293 293 292 261 261 261 261 261 260 260 260 260 260 259 259 259 259 258 258 258 257 257 257 256 256 256 255 255 255 254 254 254 253 253 252 252 252 251 251 250 250 250 249 249 248 248 248 247 247 246 246 245 245 245 244 244 243 243 242 242 241 241 241 240 240 239 239 238 238 237 237 236 236 235 235 235 234 234 233 233 232 232 231 231 230 230
302 292 292 292 292 292 292 261 261 261 261 261 261 261 260 260 260 260 260 259 259 259 259 258 258 258 258 257 257 257 256 256 256 255 255 255 254 254 254 253 253 252 252 252 251 251 251 250 250 249 249 249 248 248 247 247 246 246 246 245 245 244 244 243 243 243 242 242 241 241 240 240 239 239 238 238 238 237 237 236 236 235 235 234 234 233 233 232 232 232 231 231 230 230
302 292 292 292 261 261 261 261 261 261 260 260 260 260 260 260 260 259 259 259 259 258 258 258 258 257 257 257 257 256 256 256 255 255 255 254 254 254 253 253 253 252 252 251 251 251 250 250 249 249 249 248 248 247 247 247 246 246 245 245 244 244 244 243 243 242 242 241 241 241 240 240 239 239 238 238 237 237 236 236 236 235 235 234 234 233 233 232 232 231 231 230 230 229
270 260 260 260 260 260 260 260 260 260 260 260 260 260 259 259 259 259 259 258 258 258 258 258 257 257 257 256 256 256 256 255 255 255 254 254 254 253 253 253 252 252 251 251 251 250 250 250 249 249 248 248 248 247 247 246 246 245 245 245 244 244 243 243 242 242 242 241 241 240 240 239 239 238 238 238 237 237 236 236 235 235 234 234 233 233 233 232 232 231 231 230 230 229
270 270 260 260 260 260 260 260 260 260 259 259 259 259 259 259 259 258 258 258 258 258 257 257 257 257 256 256 256 255 255 255 255 254 254 254 253 253 253 252 252 251 251 251 250 250 250 249 249 248 248 248 247 247 246 246 246 245 245 244 244 243 243 243 242 242 241 241 240 240 240 239 239 238 238 237 237 236 236 236 235 235 234 234 233 233 232 232 231 231 231 230 230 229
269 269 259 259 259 259 259 259 259 259 259 259 259 259 258 258 258 258 258 258 257 257 257 257 256 256 256 256 255 255 255 254 254 254 254 253 253 253 252 252 251 251 251 250 250 250 249 249 249 248 248 247 247 247 246 246 245 245 244 244 244 243 243 242 242 242 241 241 240 240 239 239 238 238 238 237 237 236 236 235 235 234 234 234 233 233 232 232 231 231 230 230 229 229
269 269 259 259 259 259 259 259 259 259 258 258 258 258 258 258 258 257 257 257 257 257 256 256 256 256 255 255 255 255 254 254 254 253 253 253 252 252 252 251 251 251 250 250 250 249 249 249 248 248 247 247 247 246 246 245 245 245 244 244 243 243 243 242 242 241 241 240 240 240 239 239 238 238 237 237 236 236 236 235 235 234 234 233 233 232 232 231 231 231 230 230 229 229
269 268 268 258 258 258 258 258 258 258 258 258 258 258 258 257 257 257 257 257 256 256 256 256 256 255 255 255 255 254 254 254 253 253 253 252 252 252 251 251 251 250 250 250 249 249 249 248 248 247 247 247 246 246 246 245 245 244 244 243 243 243 242 242 241 241 241 240 240 239 239 238 238 238 237 237 236 236 235 235 234 234 234 233 233 232 232 231 231 230 230 229 229 229
270 268 268 258 258 258 258 258 258 258 258 257 257 257 257 257 257 257 256 256 256 256 256 255 255 255 255 254 254 254 254 253 253 253 252 252 252 251 251 251 250 250 250 249 249 249 248 248 248 247 247 246 246 246 245 245 244 244 244 243 243 242 242 242 241 241 240 240 239 239 239 238 238 237 237 236 236 236 235 235 234 234 233 233 232 232 232 231 231 230 230 229 229 228
270 267 267 257 257 257 257 257 257 257 257 257 257 257 257 256 256 256 256 256 256 255 255 255 255 254 254 254 254 253 253 253 253 252 252 252 251 251 251 250 250 250 249 249 249 248 248 248 247 247 246 246 246 245 245 245 244 244 243 243 243 242 242 241 241 240 240 240 239 239 238 238 237 237 237 236 236 235 235 234 234 234 233 233 232 232 231 231 230 230 229 229 229 228
270 268 267 267 257 257 257 257 257 257 257 256 256 256 256 256 256 256 255 255 255 255 255 254 254 254 254 253 253 253 253 252 252 252 252 251 251 251 250 250 250 249 249 249 248 248 248 247 247 246 246 246 245 245 245 244 244 243 243 243 242 242 241 241 241 240 240 239 239 238 238 238 237 237 236 236 235 235 235 234 234 233 233 232 232 232 231 231 230 230 229 229 228 251
270 268 266 266 256 256 256 256 256 256 256 256 256 256 256 255 255 255 255 255 255 254 254 254 254 254 253 253 253 253 252 252 252 251 251 251 251 250 250 250 249 249 249 248 248 248 247 247 247 246 246 245 245 245 244 244 243 243 243 242 242 242 241 241 240 240 239 239 239 238 238 237 237 237 236 236 235 235 234 234 233 233 233 232 232 231 231 230 230 229 229 229 251 251
271 268 266 266 256 256 256 256 256 256 256 255 255 255 255 255 255 255 254 254 254 254 254 254 253 253 253 253 252 252 252 252 251 251 251 250 250 250 250 249 249 249 248 248 248 247 247 247 246 246 245 245 245 244 244 244 243 243 242 242 242 241 241 240 240 240 239 239 238 238 238 237 237 236 236 235 235 235 234 234 233 233 232 232 231 231 231 230 230 229 229 251 251 250
270 268 266 265 255 255 255 255 255 255 255 255 255 255 255 254 254 254 254 254 254 253 253 253 253 253 252 252 252 252 251 251 251 251 250 250 250 249 249 249 249 248 248 248 247 247 247 246 246 245 245 245 244 244 244 243 243 242 242 242 241 241 240 240 240 239 239 238 238 238 237 237 236 236 236 235 235 234 234 233 233 233 232 232 231 231 230 230 229 229 252 251 251 250
271 269 266 265 265 255 255 255 255 255 255 254 254 254 254 254 254 254 254 253 253 253 253 253 252 252 252 252 252 251 251 251 250 250 250 250 249 249 249 248 248 248 247 247 247 246 246 246 245 245 245 244 244 244 243 243 243 242 242 241 241 241 240 240 239 239 239 238 238 237 237 237 236 236 235 235 234 234 234 233 233 232 232 231 231 231 230 230 229 252 251 251 250 250
270 269 266 264 264 254 254 254 254 254 254 254 254 254 254 254 253 253 253 253 253 253 252 252 252 252 252 251 251 251 251 250 250 250 250 249 249 249 248 248 248 247 247 247 246 246 246 245 245 245 244 244 244 243 243 243 242 242 241 241 241 240 240 239 239 239 238 238 237 237 237 236 236 235 235 235 234 234 233 233 232 232 232 231 231 230 230 229 252 252 251 251 250 250
271 269 267 264 264 254 254 254 254 254 254 253 253 253 253 253 253 253 253 252 252 252 252 252 252 251 251 251 251 250 250 250 250 249 249 249 249 248 248 248 247 247 247 246 246 246 245 245 245 244 244 244 243 243 243 242 242 241 241 241 240 240 240 239 239 238 238 238 237 237 236 236 236 235 235 234 234 233 233 233 232 232 231 231 230 230 230 252 252 251 251 250 250 250
271 269 267 264 263 263 253 253 253 253 253 253 253 253 253 253 252 252 252 252 252 252 251 251 251 251 251 250 250 250 250 249 249 249 249 248 248 248 248 247 247 247 246 246 246 245 245 245 244 244 244 243 243 243 242 242 242 241 241 240 240 240 239 239 238 238 238 237 237 236 236 236 235 235 234 234 234 233 233 232 232 232 231 231 230 230 252 252 251 251 251 250 250 249
271 269 267 265 263 263 253 253 253 253 253 252 252 252 252 252 252 252 252 251 251 251 251 251 251 250 250 250 250 249 249 249 249 249 248 248 248 247 247 247 247 246 246 246 245 245 245 244 244 244 243 243 243 242 242 242 241 241 240 240 240 239 239 239 238 238 237 237 237 236 236 235 235 235 234 234 233 233 232 232 232 231 231 230 230 253 252 252 251 251 250 250 250 249
