testData/tiles/oneDegree/grid14.0-38.0-15.0-39.0.asc
ncols   200
nrows   200
xllcorner   14.0
yllcorner   38.0
cellsize   0.005
NODATA_value   -9999.0
[rows 42 to 83 of 200, columns 0 to 93 of 200]
387 385 383 381 379 376 406 404 401 400 397 395 394 391 388 385 384 381 378 376 373 370 367 365 362 358 356 355 351 349 345 343 339 335 331 330 332 329 306 306 307 309 309 310 310 311 312 313 313 314 314 315 315 315 316 316 317 317 318 319 319 320 320 321 321 321 322 322 323 324 324 325 325 325 326 325 325 326 326 326 327 328 328 328 329 329 329 330 330 330 330 330 330 330
387 384 383 412 409 408 405 402 401 398 396 394 391 390 388 386 382 380 378 375 372 368 367 365 362 361 357 355 353 348 347 343 339 334 334 333 334 310 308 309 310 310 311 311 313 313 314 314 314 314 316 316 317 317 318 318 319 320 320 321 321 321 322 322 324 324 324 325 325 325 326 326 326 326 326 327 328 328 328 329 329 329 329 330 330 330 331 331 331 330 331 331 331 331
416 415 412 410 409 406 404 402 400 398 396 393 390 389 386 383 381 378 376 374 372 371 368 366 364 361 359 355 353 350 346 343 338 337 336 335 312 313 311 311 312 311 313 313 314 314 315 316 317 317 317 318 318 319 320 321 321 321 322 322 323 324 324 325 325 325 326 326 326 327 328 327 328 328 328 329 329 329 330 330 330 331 331 331 331 333 333 333 332 333 333 333 334 334
417 414 412 411 408 406 404 402 400 397 395 392 391 387 385 383 381 378 376 375 374 370 369 366 363 361 359 355 352 349 344 341 339 338 337 313 313 314 312 312 314 314 314 315 315 317 317 318 318 319 319 320 321 321 322 322 322 323 324 325 325 325 326 326 326 327 327 328 329 328 328 329 329 329 330 330 330 331 332 332 333 333 333 333 334 334 333 333 334 334 334 335 335 335
416 415 412 410 409 406 403 401 399 397 394 392 389 388 386 384 382 381 379 375 374 373 369 367 364 361 358 354 352 348 344 342 341 342 316 316 315 316 314 315 315 316 316 318 318 318 319 319 320 321 322 322 322 323 323 324 325 325 326 326 326 327 327 329 329 329 329 329 329 330 330 330 330 332 332 332 333 333 333 334 334 334 334 335 334 334 334 335 335 335 336 336 336 336
417 413 411 409 407 405 403 401 397 396 394 393 390 389 387 385 383 382 379 376 374 372 369 367 365 361 358 354 351 347 345 344 344 319 318 317 318 318 319 316 317 318 319 319 320 320 320 322 322 323 323 324 324 325 326 326 326 327 327 328 329 329 330 329 329 330 330 330 331 332 332 332 333 333 333 334 334 334 335 335 335 335 336 336 336 336 337 337 337 337 338 338 338 338
414 413 411 409 406 404 402 400 400 397 395 394 392 390 387 387 383 382 381 377 375 372 370 367 363 361 358 354 349 348 348 347 323 321 321 320 320 320 321 319 319 320 320 321 321 323 323 323 324 324 325 326 326 327 327 327 328 328 330 330 329 330 330 330 331 331 332 333 333 333 333 334 334 334 335 335 335 337 337 337 337 337 337 337 337 338 338 338 338 339 339 339 339 340
413 411 409 406 407 405 403 402 400 399 396 395 392 391 389 387 384 382 380 377 375 373 369 367 363 360 356 352 352 351 326 325 324 325 323 323 321 322 323 321 321 321 322 323 324 324 324 325 326 327 327 327 328 328 328 330 330 330 330 330 331 331 331 333 333 333 333 334 334 334 335 335 335 337 337 337 337 338 338 337 338 338 338 338 339 339 339 339 340 340 340 341 342 342
413 411 409 408 406 405 404 401 399 400 398 395 394 392 389 387 385 383 380 378 375 371 369 365 362 357 355 354 354 329 328 328 327 326 325 324 325 324 325 322 322 324 324 325 325 325 327 327 328 328 328 329 328 329 330 330 331 331 331 332 333 333 334 334 334 334 335 335 335 337 337 337 338 338 338 338 339 338 338 338 339 339 340 341 341 341 341 342 342 342 342 342 343 342
413 412 411 410 407 406 405 402 401 399 397 396 393 391 390 388 384 382 380 377 374 370 368 363 360 359 358 357 332 331 331 330 329 328 328 327 326 326 326 327 325 325 326 326 327 328 328 328 328 328 330 330 330 331 331 331 332 333 333 334 334 334 335 335 335 337 337 337 338 338 338 338 339 339 338 339 340 340 340 341 341 341 341 342 342 342 342 343 343 343 343 343 343 343
415 413 412 411 408 406 406 403 401 400 397 395 393 391 389 385 384 381 378 376 372 369 365 362 361 361 360 335 335 334 333 331 332 330 330 329 328 328 328 328 325 326 327 327 328 328 329 329 330 331 331 331 332 332 333 334 334 334 335 335 335 336 337 337 338 338 338 338 339 339 339 340 340 340 340 341 341 341 342 342 342 342 343 343 343 343 344 344 344 344 344 345 345 284
416 413 413 412 408 408 406 403 403 400 398 395 393 390 388 386 383 380 377 374 370 366 364 363 363 337 337 336 336 335 333 334 332 332 330 331 329 328 329 329 328 328 328 329 329 330 331 331 332 332 332 333 334 334 335 335 335 336 336 337 338 338 338 338 339 339 339 340 341 340 341 341 341 341 342 342 342 342 343 343 343 344 345 345 345 345 346 346 345 345 346 285 285 285
416 415 413 412 410 408 406 404 402 399 397 396 392 390 387 385 381 379 376 372 367 367 366 365 340 341 339 339 337 337 336 335 335 333 334 332 331 330 330 332 329 329 330 330 331 332 332 333 333 333 335 335 335 336 336 336 337 338 338 338 339 339 339 340 340 341 342 341 341 341 342 342 342 342 343 343 344 345 345 345 345 345 346 346 346 346 346 346 346 285 286 286 286 286
418 415 414 411 410 407 406 404 401 400 397 394 391 389 387 383 381 376 373 369 370 369 344 343 343 342 341 340 340 339 338 337 337 336 335 333 333 333 332 333 330 331 332 332 333 333 333 334 335 335 336 336 336 337 338 338 339 339 339 340 340 340 342 342 341 341 342 342 342 342 343 343 344 345 345 345 345 346 346 346 346 347 347 347 346 347 347 286 286 287 288 288 288 288
416 416 414 412 409 408 405 403 402 399 396 394 391 388 384 381 377 374 373 373 371 347 346 346 345 344 344 342 342 340 340 340 338 338 336 337 335 334 334 334 335 333 333 334 334 334 336 336 336 337 337 337 339 339 339 340 340 340 340 342 341 341 342 342 342 343 343 343 344 345 345 345 345 346 346 346 346 347 347 347 347 349 348 348 287 288 288 288 288 288 289 289 289 289
415 415 412 410 410 407 405 402 401 397 396 392 389 385 383 378 376 376 375 350 350 349 349 347 346 346 345 345 343 344 342 341 340 340 339 338 337 336 336 336 337 334 334 335 336 336 337 337 337 338 339 339 340 340 340 341 342 341 342 342 342 342 343 343 343 345 345 345 345 346 346 346 346 347 347 347 348 349 349 349 348 349 288 288 288 289 289 289 289 289 290 290 290 290
417 413 412 410 408 405 403 401 397 397 393 390 386 384 380 379 379 378 353 352 352 350 350 350 349 348 347 347 345 345 343 343 343 341 341 339 338 338 337 338 338 335 337 337 337 338 338 339 340 340 340 341 340 340 342 342 342 342 343 343 343 344 345 345 345 346 346 346 346 347 347 348 349 349 349 349 349 350 349 288 288 289 289 289 289 290 290 290 291 291 292 292 292 292
415 412 412 409 406 404 401 398 396 393 390 386 383 381 382 381 357 355 355 355 353 353 352 352 350 349 350 348 348 346 346 345 344 343 342 342 341 340 338 339 340 337 338 338 338 340 340 339 340 340 340 341 342 342 343 343 343 343 344 345 345 346 346 346 346 347 347 347 349 349 349 349 350 350 350 350 350 289 289 289 289 291 291 291 291 292 292 292 292 292 293 293 293 292
414 413 409 408 405 403 399 397 394 390 387 385 384 385 359 358 357 357 356 355 354 354 354 352 352 352 351 350 349 348 348 347 345 346 344 344 342 340 340 340 340 338 338 338 340 340 340 341 341 342 342 343 343 343 344 344 345 346 346 346 346 347 347 347 347 349 349 349 350 350 350 350 351 350 289 289 291 291 291 291 291 292 292 292 292 293 293 293 293 293 294 293 293 293
412 411 410 406 404 399 398 393 390 389 388 387 362 362 360 360 359 359 358 358 357 355 355 354 354 352 351 352 350 350 348 347 347 346 344 344 344 342 342 341 341 339 340 340 341 341 341 343 343 343 344 344 344 344 346 346 346 347 347 347 347 348 349 349 350 350 350 350 351 351 350 351 291 291 291 291 291 292 292 292 292 293 293 293 293 294 294 294 295 294 295 295 295 295
412 409 407 402 401 397 393 391 391 390 389 365 364 363 364 362 362 360 360 359 358 357 357 356 355 354 354 353 351 351 350 349 349 347 346 346 345 344 343 342 344 344 341 341 342 343 343 344 344 344 345 345 346 347 347 347 347 348 348 349 349 350 350 350 351 351 351 350 352 291 291 291 292 292 292 292 292 293 293 293 293 295 295 295 295 295 296 296 295 295 295 296 296 296
409 407 403 401 396 395 394 394 392 368 368 367 366 365 365 363 363 362 362 361 360 360 358 358 357 356 355 354 353 353 352 351 350 349 349 347 346 346 345 344 345 345 342 344 344 344 344 345 345 346 347 347 347 348 348 348 349 350 350 350 350 351 351 351 351 352 291 291 292 292 292 292 292 293 293 293 294 295 295 295 295 296 296 296 296 296 296 296 296 296 296 297 297 297
406 403 400 398 398 397 397 371 371 370 369 368 368 368 366 367 365 364 363 363 362 361 359 360 359 357 357 356 356 354 353 352 352 351 350 349 348 348 346 345 346 346 344 345 345 345 346 347 347 347 348 348 348 349 350 350 350 351 351 351 351 351 352 291 291 292 292 292 292 293 293 293 294 295 295 295 295 296 296 296 296 296 297 296 296 296 297 297 297 298 298 299 299 299
401 401 400 399 376 374 374 373 373 372 371 371 370 369 368 368 366 366 365 364 364 362 363 361 360 359 359 357 357 356 355 355 353 352 351 351 349 349 347 346 348 348 345 346 346 347 348 348 348 348 349 349 350 351 351 351 351 351 351 352 291 292 292 292 292 293 293 293 294 295 295 295 295 296 296 296 296 297 297 297 297 297 298 298 298 298 298 299 299 299 299 299 300 300
403 402 377 377 376 376 375 375 373 373 373 372 371 371 371 369 368 368 367 366 366 364 364 362 362 362 360 359 358 358 356 356 354 354 353 352 351 350 350 348 349 349 346 347 348 348 349 349 349 349 351 351 350 351 351 351 291 292 292 292 292 293 293 293 293 295 295 295 295 296 296 296 296 297 297 297 298 298 299 298 298 298 298 299 299 299 299 300 300 300 300 300 300 301
381 380 380 379 377 378 376 376 375 375 374 372 373 371 371 371 370 369 368 368 367 366 365 365 363 363 361 362 360 359 358 357 357 356 355 353 354 352 351 349 350 350 348 349 349 349 349 350 350 350 351 351 351 291 292 292 292 293 293 293 293 294 295 295 295 296 296 296 296 297 297 297 298 298 299 299 299 298 299 299 299 299 299 300 300 300 300 300 301 301 301 302 302 303
382 382 381 380 380 379 379 378 377 376 375 375 374 372 373 371 371 370 369 369 367 366 366 365 364 363 362 362 361 359 361 358 357 356 355 354 354 352 351 350 351 351 348 349 349 349 351 351 351 290 291 291 292 292 293 293 293 294 294 295 295 296 296 296 296 296 297 297 298 298 299 299 299 299 299 299 299 299 299 300 300 300 301 301 302 302 302 302 302 303 303 303 303 302
384 384 383 382 382 380 381 379 379 377 377 376 375 376 374 373 372 372 370 370 369 369 367 366 367 365 364 363 362 361 361 359 358 358 357 356 355 354 353 352 352 352 349 350 351 290 290 291 291 291 293 293 293 293 294 294 294 295 296 296 296 296 297 297 297 298 299 299 299 299 300 299 299 299 299 300 300 301 301 301 302 302 302 302 303 303 303 303 303 303 304 303 303 303
386 385 385 384 383 382 382 380 381 380 378 378 377 377 375 375 374 373 371 372 371 370 369 368 368 366 365 365 364 362 362 361 360 360 358 357 356 356 354 353 292 292 293 291 291 291 291 292 293 293 294 294 294 294 296 296 296 296 297 297 297 297 299 299 299 299 300 300 299 299 299 300 300 301 301 302 302 302 302 302 303 303 303 303 303 304 304 304 304 303 304 304 304 304
387 387 386 385 385 385 383 383 382 381 380 380 378 378 377 376 376 374 375 373 372 371 371 369 369 367 367 367 365 364 364 363 361 361 359 298 296 296 295 293 294 294 294 292 292 292 293 294 294 294 294 295 296 296 296 297 297 297 297 298 299 299 299 300 300 299 299 300 300 301 301 302 302 302 302 302 303 303 303 303 303 304 304 304 305 305 306 305 305 305 305 306 306 306
390 389 387 388 386 386 385 384 383 382 382 381 380 380 379 377 377 376 376 374 374 373 372 371 371 370 368 368 366 366 304 303 301 302 300 299 298 297 297 295 295 295 295 292 294 294 294 295 295 295 296 297 297 297 297 298 298 299 299 300 300 299 299 300 300 300 301 301 302 302 302 302 303 303 303 303 303 304 305 305 305 305 306 306 306 305 305 306 306 306 306 306 307 307
390 389 389 388 387 388 386 386 386 384 384 382 382 381 380 380 379 377 377 376 375 375 373 312 311 310 308 309 307 306 305 304 304 302 302 300 299 299 298 296 296 296 297 294 295 295 295 295 297 297 297 297 298 298 298 299 300 299 299 299 300 300 300 301 302 302 302 302 303 303 303 303 303 304 305 305 305 305 306 306 306 306 305 306 306 306 306 306 307 307 307 307 307 307
391 391 390 389 389 388 387 387 386 385 385 384 383 382 321 320 319 318 318 317 315 315 314 313 312 311 310 310 309 307 307 306 305 303 303 302 301 300 299 297 297 298 298 295 296 296 297 297 298 298 298 298 298 299 299 299 300 300 300 300 302 302 302 302 302 303 303 303 303 304 305 305 305 305 306 306 306 306 306 307 306 306 306 306 307 308 308 308 308 309 309 309 309 309
332 331 331 330 329 328 328 327 326 324 325 323 322 323 321 321 320 320 319 318 316 317 315 314 313 313 312 310 310 309 308 307 306 304 305 303 302 300 300 300 298 299 299 296 297 297 297 297 297 298 299 299 299 300 300 300 300 301 302 302 302 303 303 303 303 304 304 305 305 305 306 306 306 306 306 307 307 306 306 307 308 308 308 308 308 309 309 309 309 309 310 310 310 310
334 332 333 331 330 330 329 328 328 326 326 325 324 324 322 321 321 320 318 319 317 316 316 315 314 313 312 310 311 309 308 307 307 305 304 304 302 302 301 300 298 298 300 297 297 298 298 298 299 300 300 300 300 301 301 302 302 303 303 303 303 303 304 304 305 305 306 306 306 306 306 307 307 307 307 307 308 308 308 308 308 309 309 309 309 309 310 310 310 310 310 310 311 311
335 334 334 332 332 331 330 331 329 328 327 327 325 325 324 323 322 321 320 320 319 317 318 316 315 314 314 312 312 310 309 309 308 307 305 305 304 303 302 301 299 300 301 298 298 298 299 300 300 300 301 301 301 302 303 303 303 303 304 304 304 305 306 306 306 306 306 307 307 307 307 308 308 308 308 308 308 309 309 309 309 309 310 310 310 310 310 311 312 312 312 312 311 312
337 335 335 334 333 333 332 332 330 329 329 328 326 327 325 324 323 323 322 321 320 319 319 317 316 316 315 313 313 312 311 310 309 308 307 307 305 304 302 303 301 301 301 299 299 300 300 301 301 301 301 303 303 303 303 304 304 304 305 306 306 306 306 307 307 307 307 307 309 308 308 308 308 309 309 309 309 309 310 310 310 311 311 312 312 312 312 312 312 313 312 312 312 312
338 337 337 336 334 335 333 333 331 331 330 329 328 328 327 325 326 324 323 322 322 320 320 318 318 316 316 315 314 314 312 311 311 310 308 307 306 306 304 303 302 302 302 301 301 301 301 302 302 303 303 304 304 304 304 305 306 306 306 306 307 307 307 307 308 308 308 308 308 309 309 309 309 309 310 310 311 311 311 312 312 312 312 312 313 313 313 313 312 312 313 313 313 313
339 339 338 337 336 336 334 333 333 332 331 331 330 329 328 327 327 325 325 324 323 321 321 320 319 318 317 317 315 315 313 313 311 311 309 308 308 307 305 304 304 304 304 301 302 302 302 303 304 304 304 304 305 305 306 306 307 307 307 307 307 307 308 308 308 309 309 309 309 309 310 310 311 311 311 312 312 312 312 312 313 313 313 313 313 313 313 313 313 313 313 313 315 315
340 339 338 338 337 337 336 335 334 333 333 332 331 330 330 328 327 327 326 324 324 323 322 322 320 320 319 318 316 315 315 314 312 312 311 310 308 308 307 305 305 305 305 302 302 304 304 304 304 305 305 305 306 307 307 307 307 307 307 308 308 308 309 309 309 309 310 310 310 311 311 312 312 312 312 312 313 313 313 313 313 313 314 315 314 314 314 315 315 315 315 315 315 316
341 340 340 339 337 338 336 335 335 334 334 333 333 331 331 329 329 328 327 325 326 325 323 322 322 321 319 319 318 317 316 315 313 313 312 311 310 308 309 307 306 305 306 303 304 305 305 305 305 305 307 306 306 306 307 307 307 308 309 309 309 309 309 310 310 310 311 311 312 312 312 312 313 313 313 313 313 313 315 315 315 314 314 315 315 315 315 315 315 316 316 316 316 316
342 342 340 340 339 339 338 336 337 335 334 334 333 331 331 330 329 328 328 327 326 326 324 324 323 322 320 321 319 318 316 317 315 314 313 312 312 310 310 308 307 306 308 304 304 304 305 305 306 306 307 307 307 307 307 309 309 309 309 310 310 310 310 311 312 312 312 312 312 313 313 313 313 313 315 315 315 315 314 315 315 315 315 315 315 316 316 316 316 316 317 317 317 317
