testData/tiles/oneDegree/grid40.0-35.0-41.0-36.0.asc
ncols   200
nrows   200
xllcorner   40.0
yllcorner   35.0
cellsize   0.005
NODATA_value   -9999.0
[rows 41 to 81 of 200, columns 92 to 183 of 200]
665 665 665 664 664 663 663 662 662 661 661 661 660 660 659 659 658 658 657 657 655 655 654 654 653 652 653 651 652 649 650 648 649 647 647 647 646 646 645 645 644 795 793 794 792 784 665 665 664 664 663 662 662 660 661 659 658 658 657 657 656 655 654 654 652 653 651 650 650 648 648 647 647 645 645 644 643 643 641 640 639 639 638 637 635 636 634 632 632 630 630 629
667 666 666 666 666 664 664 664 663 663 664 662 662 661 660 660 659 660 659 658 657 657 656 657 654 654 653 653 652 651 651 650 650 649 649 648 647 647 797 797 796 796 795 795 794 786 667 667 666 664 665 663 664 662 663 661 660 660 658 659 657 657 656 656 654 654 653 652 652 650 649 649 648 647 647 645 645 644 644 642 640 641 639 639 637 637 636 635 633 632 632 630
668 669 668 667 668 665 666 666 665 665 664 664 664 662 663 662 661 661 660 659 659 659 658 658 656 656 655 656 654 653 652 652 651 651 650 801 800 800 799 799 797 798 796 797 795 669 668 668 667 667 666 665 665 664 663 663 662 662 661 659 660 658 658 657 656 656 654 654 653 653 651 651 650 648 649 647 646 646 645 644 643 642 641 640 638 639 637 637 635 634 634 632
670 670 669 670 669 668 668 667 667 667 666 666 665 664 664 663 664 662 663 661 660 660 659 659 658 657 657 656 656 655 654 654 804 804 803 803 802 802 801 801 800 799 799 798 797 671 670 670 669 669 668 667 666 666 665 664 664 662 663 661 661 660 659 659 657 658 656 655 655 654 653 653 651 651 650 649 648 646 647 645 645 644 643 642 640 640 639 638 637 637 635 635
671 671 671 671 670 670 668 669 670 669 669 669 668 667 666 666 666 665 665 663 663 663 663 662 660 659 658 658 657 807 807 806 806 805 805 803 804 802 803 801 802 800 801 799 682 672 672 671 670 670 669 669 668 668 666 667 665 664 664 663 663 662 661 660 660 658 659 657 656 656 654 655 653 652 652 651 650 648 648 647 646 646 645 643 643 642 640 640 638 638 637 636
675 674 674 673 673 672 671 672 670 671 671 670 670 668 668 668 667 667 666 665 665 664 664 663 662 662 812 812 811 810 809 809 808 808 807 807 805 805 804 803 803 802 802 801 682 674 673 673 672 672 670 671 669 670 668 668 667 666 666 664 664 663 663 662 661 660 660 659 658 657 656 655 655 654 652 653 651 651 650 648 648 647 647 645 644 644 643 641 641 640 638 638
676 676 676 675 676 673 674 673 672 673 671 672 671 670 670 669 669 669 668 666 666 666 665 816 815 814 814 813 813 811 810 810 809 809 808 809 807 808 806 807 805 805 803 685 684 676 675 674 674 673 673 671 671 670 670 669 669 668 666 667 665 665 664 663 663 661 662 660 660 659 658 657 656 656 654 654 653 652 652 651 649 648 648 646 646 645 645 643 642 642 641 639
678 677 677 677 676 675 676 674 675 673 674 674 672 672 671 671 670 670 670 668 668 819 818 817 816 815 815 815 814 813 813 812 812 811 810 810 809 809 808 808 807 807 806 688 687 678 678 675 676 674 674 673 673 672 671 671 669 670 668 669 667 667 666 665 665 663 662 662 661 661 660 658 659 657 656 656 654 654 653 653 651 650 650 648 647 647 646 644 644 643 643 641
679 679 679 678 678 677 676 676 677 675 676 674 675 673 672 673 671 672 822 821 820 820 820 819 818 817 817 816 816 814 814 813 813 812 812 811 810 810 809 809 808 808 689 689 688 680 679 678 678 677 677 676 675 673 673 672 671 671 670 670 669 668 667 667 666 666 664 663 663 661 662 660 659 659 658 657 656 655 654 654 653 652 651 651 649 647 648 646 645 644 644 642
680 681 680 680 680 678 678 678 677 677 676 676 677 674 675 673 825 824 823 823 821 822 821 821 819 819 818 818 818 815 816 814 815 813 814 812 813 811 812 810 810 809 691 690 690 681 681 680 680 678 678 677 677 676 676 674 673 673 672 671 670 670 669 668 667 667 666 666 664 663 663 662 661 660 660 658 659 657 655 656 654 653 653 652 651 650 649 648 647 645 646 644
682 682 681 682 681 680 680 679 679 680 678 678 677 676 827 826 827 825 826 823 824 823 822 823 820 821 819 820 818 818 817 816 816 815 815 814 814 813 813 812 812 693 692 692 691 683 681 682 680 681 679 679 678 678 677 676 676 674 675 672 673 671 670 670 668 669 667 667 666 665 664 663 663 662 661 660 660 659 658 657 656 655 653 654 652 651 651 650 649 647 647 646
684 684 684 684 683 683 681 682 682 681 681 831 831 830 829 829 828 828 828 826 827 825 826 824 823 822 822 822 821 821 819 820 817 818 816 816 815 815 814 814 813 695 694 694 692 685 683 684 682 682 681 680 680 679 679 677 678 676 676 675 674 674 672 672 670 669 669 668 668 667 665 666 664 663 663 661 661 660 659 658 658 657 655 655 654 653 652 652 650 649 649 647
686 686 686 685 686 683 683 684 682 834 833 833 833 831 831 830 830 830 829 828 827 827 826 826 826 824 824 823 823 821 821 820 820 819 819 818 818 816 817 814 697 695 696 694 695 685 685 684 684 683 683 682 681 681 680 680 678 678 677 676 676 675 675 673 674 671 670 670 668 669 667 667 666 665 665 663 662 662 661 659 660 658 658 657 655 655 653 653 652 651 650 650
688 688 687 687 687 685 686 835 835 836 834 835 833 833 833 832 832 831 831 828 829 829 828 828 826 826 825 825 824 823 822 822 821 821 820 820 819 819 818 817 699 698 698 697 697 687 687 686 685 685 684 684 682 682 681 681 680 680 679 678 678 676 676 675 675 674 673 672 670 670 669 668 667 667 665 666 664 663 663 661 661 660 659 657 658 656 655 655 653 653 651 651
690 688 689 689 839 838 837 837 838 836 837 835 835 835 833 834 832 833 833 831 831 829 830 828 828 827 827 826 826 825 824 824 822 823 821 822 820 821 819 702 700 700 699 698 698 689 689 688 688 686 686 685 684 684 683 683 681 681 680 680 679 678 678 676 676 675 675 674 673 672 670 670 669 668 667 667 665 665 664 663 662 661 661 659 659 658 657 656 655 654 652 653
690 691 842 840 841 838 839 839 838 838 838 837 838 835 835 834 834 835 833 833 831 832 831 831 829 828 829 827 828 825 826 824 825 824 823 823 822 822 821 703 702 702 701 700 700 691 690 690 689 689 688 688 687 685 684 684 683 682 682 681 681 680 678 678 677 677 676 675 675 673 674 672 670 670 668 668 667 666 666 665 663 663 662 661 660 659 659 657 657 656 654 654
843 844 842 843 842 841 841 839 840 840 839 839 838 837 838 836 836 835 835 833 833 833 832 833 830 831 829 829 829 827 827 826 826 825 825 824 823 823 704 704 703 703 702 702 701 692 692 691 691 689 690 688 689 687 688 686 686 684 682 683 681 682 680 680 679 677 678 676 676 675 674 674 673 672 671 669 669 668 666 667 665 664 664 662 661 661 660 658 659 657 657 655
845 844 844 845 843 844 842 843 843 841 842 840 841 840 839 839 838 838 838 836 836 835 835 834 833 833 832 832 830 828 828 827 827 826 826 825 826 706 706 705 705 704 704 703 703 694 694 692 693 691 691 690 689 689 688 688 687 687 685 685 683 683 682 681 680 680 679 678 677 676 676 675 675 673 673 672 670 669 668 668 667 666 665 665 663 662 662 660 659 659 658 656
847 847 847 846 846 844 844 845 843 844 843 842 843 840 841 839 840 839 839 838 837 837 836 836 834 834 833 833 832 831 830 830 830 829 829 828 827 708 707 707 705 706 704 705 703 696 694 695 693 693 692 691 691 690 690 689 689 688 687 686 685 685 684 683 682 681 680 679 679 678 677 676 676 675 675 673 672 672 670 669 668 667 666 666 665 663 663 662 661 660 660 658
849 849 848 848 846 846 846 845 845 845 844 845 843 843 842 841 842 840 841 838 839 838 838 837 835 835 834 835 834 833 832 832 831 830 830 829 711 710 710 710 709 708 706 706 705 697 696 696 695 695 694 692 693 691 691 690 690 689 689 687 687 686 685 685 684 684 681 682 680 679 679 677 678 676 675 675 674 673 672 671 671 670 667 668 666 665 665 663 662 661 661 659
851 849 850 848 849 848 846 847 847 846 846 845 845 844 843 844 842 842 842 840 840 839 839 838 838 837 836 836 835 834 833 833 832 832 832 830 713 711 712 710 711 709 710 708 707 699 698 697 696 696 695 695 694 692 693 691 692 690 690 689 688 688 686 687 685 685 684 683 682 681 680 679 678 678 677 676 676 674 674 673 671 672 670 669 668 667 665 666 664 662 663 661
851 851 851 850 851 848 849 849 847 848 846 847 847 845 845 844 844 844 843 841 841 841 841 840 839 838 838 837 836 835 834 835 833 834 832 715 713 713 712 712 711 711 710 710 709 700 699 699 698 698 697 696 695 695 693 693 692 692 691 691 690 689 689 687 687 686 685 685 684 684 682 681 680 679 678 677 677 676 675 674 674 672 671 671 670 668 667 666 665 665 663 662
853 852 852 852 851 850 851 849 850 848 849 849 847 847 845 846 845 845 845 843 843 842 842 841 840 839 839 838 839 836 836 835 835 834 834 715 715 715 714 713 713 712 712 711 711 702 702 701 699 700 698 699 697 698 696 695 694 692 693 691 692 690 690 689 689 688 686 686 685 685 684 684 682 681 680 678 678 677 676 676 675 674 674 672 671 671 669 668 667 666 665 664
854 854 854 852 853 852 851 851 850 850 852 850 851 849 848 848 847 848 846 846 845 845 844 842 841 841 840 840 839 838 837 837 835 836 717 717 716 716 715 715 714 713 713 712 712 703 703 702 702 700 700 699 699 698 698 697 696 696 694 693 693 692 691 690 690 689 689 688 686 686 685 684 684 683 682 680 679 679 678 676 677 675 674 674 672 671 671 670 668 668 666 665
856 857 855 856 856 853 854 852 853 853 852 852 852 850 850 849 849 849 848 847 846 846 845 845 844 842 843 841 842 840 840 840 839 839 718 718 717 717 716 716 715 715 714 713 714 704 705 703 704 702 702 701 700 700 698 699 697 697 696 695 695 693 692 692 691 690 690 688 688 687 687 686 684 685 683 683 682 679 680 678 677 677 676 675 675 673 672 672 670 670 669 667
858 857 857 858 856 856 854 854 855 853 854 853 853 852 851 851 850 850 849 848 847 848 846 847 845 845 844 843 844 841 842 840 841 721 721 720 720 720 718 719 716 717 715 715 714 706 705 705 704 704 703 702 701 701 700 700 699 699 697 698 696 695 695 692 693 691 692 690 689 689 687 687 686 686 685 684 683 683 682 679 679 678 677 676 676 675 674 673 672 671 670 670
858 859 859 858 858 856 856 857 855 855 855 854 855 852 853 852 852 851 850 849 849 849 848 848 846 846 845 845 844 843 842 842 723 723 723 722 721 721 720 720 719 718 718 717 717 706 707 705 706 704 704 703 703 702 701 701 700 699 699 698 698 697 697 695 694 694 692 691 691 690 690 688 687 687 686 685 684 684 683 682 681 679 679 677 677 676 675 675 673 672 671 671
861 861 859 860 858 858 858 857 857 857 856 856 855 854 854 853 853 852 852 851 850 850 849 849 848 847 847 846 846 843 844 843 725 724 724 723 723 722 721 721 720 720 718 719 718 710 709 708 708 706 706 704 705 703 704 702 701 701 699 700 698 699 697 697 696 695 695 694 692 691 691 690 689 688 687 687 685 686 684 683 683 681 681 679 678 678 677 675 676 674 672 673
862 861 862 861 860 860 858 859 858 858 858 857 857 855 855 854 854 854 854 852 852 851 850 851 848 849 847 848 846 846 845 726 726 725 725 724 724 723 723 723 721 722 720 720 719 711 710 710 709 708 708 707 705 705 704 704 702 703 701 701 700 700 699 698 697 696 696 695 695 693 694 691 690 690 688 688 687 686 686 685 684 684 682 681 681 678 678 677 676 675 674 673
863 863 863 862 863 860 860 859 859 860 858 859 858 857 856 855 856 855 855 853 853 852 853 851 850 849 849 848 848 847 846 728 727 726 726 725 726 724 725 723 724 722 722 721 720 712 711 711 710 709 709 708 708 706 707 705 705 703 702 702 701 701 700 699 699 698 697 696 695 695 694 694 693 690 691 689 688 688 686 686 685 685 683 682 682 681 680 678 678 677 676 674
865 864 865 865 864 863 862 862 862 861 861 861 860 859 858 859 858 857 857 855 855 855 854 854 852 852 851 851 850 849 730 729 728 728 727 727 726 726 725 725 724 724 722 723 721 713 713 712 712 711 711 709 709 708 708 707 707 706 705 703 702 702 701 701 699 700 698 698 697 695 696 694 694 693 693 691 689 689 688 688 686 686 685 684 683 682 681 681 679 677 678 676
866 866 866 865 866 863 864 864 863 863 862 862 861 860 860 860 859 858 858 856 857 855 856 854 854 853 852 852 851 850 731 731 731 730 730 728 729 726 727 725 726 725 725 724 723 715 713 714 712 713 711 712 710 709 709 708 708 707 706 706 704 704 702 701 701 700 700 699 698 697 697 696 695 694 694 693 692 691 689 688 688 687 685 686 684 683 683 681 681 680 678 677
868 867 867 867 866 865 866 864 865 863 863 864 862 862 861 861 860 860 859 858 857 857 856 856 855 854 854 853 852 733 732 733 731 732 730 731 729 729 729 728 728 727 726 725 724 715 715 714 714 713 713 712 712 710 710 709 709 708 708 706 707 705 705 704 702 702 701 701 699 699 698 697 696 696 695 693 694 692 692 690 688 689 687 687 686 685 684 683 682 681 681 679
869 869 869 867 868 867 866 866 865 865 866 864 864 863 862 862 861 861 861 859 859 857 858 858 856 856 855 855 737 735 734 734 733 732 732 731 731 730 730 729 729 728 728 727 727 718 716 716 714 715 713 714 713 712 712 710 710 709 708 708 707 707 705 705 704 704 702 702 700 701 699 698 698 696 697 695 695 694 693 692 691 690 688 688 687 686 685 684 683 682 682 680
870 871 869 870 869 867 868 866 867 867 866 866 866 864 863 863 862 863 861 861 860 859 860 858 858 856 857 856 738 736 735 735 734 734 733 733 732 732 731 730 730 729 729 728 728 720 719 718 717 717 715 715 714 714 712 712 711 711 710 709 709 708 708 706 705 705 704 704 703 701 701 700 699 698 697 696 696 695 695 693 692 692 691 689 688 688 686 687 685 683 684 682
871 871 871 871 870 870 868 868 869 867 868 866 867 865 864 864 864 863 863 862 861 862 860 860 858 858 858 739 739 737 737 736 735 736 734 734 733 733 732 731 731 730 731 729 730 720 720 719 718 718 717 717 716 715 714 713 713 711 711 710 710 709 709 707 707 706 706 705 703 704 702 701 700 699 699 697 697 696 696 694 695 693 691 692 689 688 688 687 686 685 684 683
872 873 872 872 872 870 871 871 870 870 869 869 869 867 867 867 865 866 865 864 864 863 863 862 861 860 860 740 739 738 738 737 737 736 736 735 734 734 733 734 732 732 731 731 730 722 721 720 720 719 718 718 717 717 715 716 714 713 712 711 711 710 710 709 708 708 706 706 705 705 704 703 702 700 700 698 699 697 696 696 695 695 693 692 692 691 689 689 687 687 686 684
875 875 874 875 873 873 872 872 872 870 871 870 869 868 868 867 868 867 866 866 864 865 863 864 862 861 743 742 741 740 740 740 739 739 737 737 735 735 735 734 734 733 733 731 732 722 722 721 721 720 719 720 718 718 717 717 716 716 714 713 712 711 711 709 710 708 708 707 706 706 705 704 704 703 702 700 699 699 698 697 697 695 695 694 693 692 691 691 688 688 687 685
877 876 875 875 875 873 873 874 872 872 872 871 870 869 869 869 869 868 867 866 866 865 865 865 863 745 744 743 742 741 742 740 741 739 739 738 737 738 736 737 734 735 733 733 732 724 724 722 723 721 722 720 720 719 718 718 717 717 716 714 715 713 713 711 711 710 709 708 707 707 706 706 704 705 703 702 702 699 699 698 698 696 696 695 693 694 692 691 691 689 687 687
878 877 876 877 875 875 875 874 874 873 873 872 871 870 871 870 870 869 869 868 866 867 865 866 864 746 745 744 743 743 742 742 741 741 740 740 739 738 738 737 737 736 736 734 734 725 724 724 723 723 722 722 720 720 719 719 718 718 716 717 715 715 714 713 712 711 711 710 708 709 707 706 706 705 704 704 703 702 701 699 699 698 697 696 695 694 694 693 691 692 690 689
879 878 878 877 877 876 875 876 874 875 874 873 872 872 872 871 871 870 871 868 868 867 867 867 747 747 746 746 745 743 744 742 743 741 742 741 740 740 738 739 737 738 737 737 736 727 727 725 725 723 724 722 722 721 720 720 719 719 718 717 717 715 716 714 714 713 712 710 711 709 709 708 706 707 705 705 704 703 702 702 700 698 699 697 697 696 694 694 693 692 691 691
