testData/tiles/oneDegree/grid1.0-20.0-2.0-21.0.asc
ncols   200
nrows   200
xllcorner   1.0
yllcorner   20.0
cellsize   0.005
NODATA_value   -9999.0
[rows 84 to 125 of 200, columns 94 to 187 of 200]
175 175 175 207 207 207 207 207 207 207 207 207 207 207 207 207 207 207 207 207 207 207 207 207 207 207 207 207 207 208 208 208 208 208 208 208 208 208 208 208 208 208 208 208 208 208 208 208 208 208 208 209 210 210 211 212 212 213 214 214 215 216 216 217 217 218 219 219 220 221 221 222 222 223 224 224 225 225 226 226 227 228 228 229 229 230 230 231 231 232 233 233 234 234
175 175 175 207 207 207 207 207 207 207 207 207 207 207 207 207 207 207 207 207 207 208 208 208 208 208 208 208 208 208 208 208 208 208 208 208 208 208 208 208 208 208 208 208 208 208 208 208 208 208 209 209 210 211 211 212 213 213 214 215 215 216 217 217 218 219 219 220 220 221 222 222 223 223 224 225 225 226 226 227 228 228 229 229 230 230 231 231 232 233 233 234 234 235
175 175 207 207 207 207 207 207 207 207 207 207 207 207 208 208 208 208 208 208 208 208 208 208 208 208 208 208 208 208 208 208 208 208 208 208 208 208 208 208 208 208 208 208 208 208 208 208 208 209 209 210 211 211 212 213 213 214 214 215 216 216 217 218 218 219 220 220 221 221 222 223 223 224 225 225 226 226 227 227 228 229 229 230 230 231 231 232 233 233 234 234 235 235
175 175 207 207 207 207 207 207 208 208 208 208 208 208 208 208 208 208 208 208 208 208 208 208 208 208 208 208 208 208 208 208 208 208 208 208 208 208 208 208 208 208 208 208 208 208 208 208 208 209 210 210 211 212 212 213 214 214 215 216 216 217 217 218 219 219 220 221 221 222 223 223 224 224 225 226 226 227 227 228 229 229 230 230 231 231 232 233 233 234 234 235 235 236
175 207 208 208 208 208 208 208 208 208 208 208 208 208 208 208 208 208 208 208 208 208 208 208 208 208 208 208 208 208 208 208 208 208 208 208 208 208 208 208 208 208 208 208 208 208 208 208 209 210 211 212 212 213 214 214 215 216 216 217 218 218 219 220 220 221 221 222 223 223 224 225 225 226 226 227 228 228 229 229 230 231 231 232 232 233 234 234 235 235 236 236 237 237
176 208 208 208 208 208 208 208 208 208 208 208 208 208 208 208 208 208 208 208 208 208 208 208 208 208 208 208 208 208 208 208 208 208 208 208 208 209 209 209 209 209 209 209 209 209 209 209 210 211 211 212 213 213 214 215 215 216 217 217 218 219 219 220 221 221 222 223 223 224 224 225 226 226 227 228 228 229 229 230 231 231 232 232 233 234 234 235 235 236 236 237 237 238
176 208 208 208 208 208 208 208 208 208 208 208 208 208 208 208 208 208 208 208 208 208 208 208 208 208 208 208 209 209 209 209 209 209 209 209 209 209 209 209 209 209 209 209 209 209 209 210 210 211 212 212 213 214 214 215 216 216 217 218 218 219 220 220 221 222 222 223 224 224 225 226 226 227 227 228 229 229 230 230 231 232 232 233 233 234 235 235 236 236 237 237 238 238
208 208 208 208 208 208 208 208 208 208 208 208 208 208 208 208 208 208 208 208 209 209 209 209 209 209 209 209 209 209 209 209 209 209 209 209 209 209 209 209 209 209 209 209 209 209 209 210 211 211 212 213 214 214 215 216 216 217 218 218 219 220 220 221 222 222 223 223 224 225 225 226 227 227 228 229 229 230 230 231 232 232 233 233 234 235 235 236 236 237 237 238 239 239
208 208 208 208 208 208 208 208 208 208 208 208 208 208 209 209 209 209 209 209 209 209 209 209 209 209 209 209 209 209 209 209 209 209 209 209 209 209 209 209 209 209 209 209 209 209 210 210 211 212 213 213 214 215 215 216 217 217 218 219 219 220 221 221 222 223 223 224 225 225 226 226 227 228 228 229 230 230 231 231 232 233 233 234 234 235 236 236 237 237 238 238 239 240
208 208 208 208 208 208 208 208 209 209 209 209 209 209 209 209 209 209 209 209 209 209 209 209 209 209 209 209 209 209 209 209 209 209 209 209 209 209 209 209 209 209 209 209 209 209 210 211 212 212 213 214 214 215 216 216 217 218 218 219 220 220 221 222 222 223 224 224 225 226 226 227 228 228 229 229 230 231 231 232 233 233 234 234 235 236 236 237 237 238 238 239 240 240
208 208 208 209 209 209 209 209 209 209 209 209 209 209 209 209 209 209 209 209 209 209 209 209 209 209 209 209 209 209 209 209 209 209 209 209 209 209 209 209 209 209 209 209 209 210 210 211 212 213 213 214 216 216 217 218 218 219 220 220 221 222 222 223 224 224 225 226 226 227 228 228 229 230 230 231 232 232 233 233 234 235 235 236 236 237 238 238 239 239 240 241 241 242
209 209 209 209 209 209 209 209 209 209 209 209 209 209 209 209 209 209 209 209 209 209 209 209 209 209 209 209 209 209 209 209 209 209 209 209 209 209 209 209 210 210 210 210 210 211 212 213 213 214 215 215 216 217 217 218 219 219 220 221 221 222 223 223 224 225 225 226 227 227 228 229 229 230 231 231 232 233 233 234 234 235 236 236 237 238 238 239 239 240 241 241 242 242
209 209 209 209 209 209 209 209 209 209 209 209 209 209 209 209 209 209 209 209 209 209 209 209 209 209 209 209 209 209 209 210 210 210 210 210 210 210 210 210 210 210 210 210 211 211 212 213 214 214 215 216 216 217 218 218 219 220 220 221 222 223 223 224 225 225 226 227 227 228 229 229 230 230 231 232 232 233 234 234 235 236 236 237 237 238 239 239 240 240 241 242 242 243
209 209 209 209 209 209 209 209 209 209 209 209 209 209 209 209 209 209 209 209 209 209 209 210 210 210 210 210 210 210 210 210 210 210 210 210 210 210 210 210 210 210 210 210 211 212 212 213 214 215 215 216 217 217 218 219 219 220 221 222 222 223 224 224 225 226 226 227 228 228 229 230 230 231 232 232 233 233 234 235 235 236 237 237 238 239 239 240 240 241 242 242 243 243
209 209 209 209 209 209 209 209 209 209 209 209 209 209 209 209 209 210 210 210 210 210 210 210 210 210 210 210 210 210 210 210 210 210 210 210 210 210 210 210 210 210 210 211 211 212 213 214 214 215 216 216 217 218 218 219 220 221 221 222 223 223 224 225 225 226 227 227 228 229 229 230 231 231 232 233 233 234 235 235 236 236 237 238 238 239 240 240 241 241 242 243 243 244
209 209 209 209 209 209 209 209 209 209 209 210 210 210 210 210 210 210 210 210 210 210 210 210 210 210 210 210 210 210 210 210 210 210 210 210 210 210 210 210 210 210 210 211 212 212 213 214 215 215 216 217 217 218 219 219 220 221 222 222 223 224 224 225 226 226 227 228 228 229 230 230 231 232 232 233 234 234 235 236 236 237 238 238 239 239 240 241 241 242 243 243 244 244
209 209 209 209 209 209 210 210 210 210 210 210 210 210 210 210 210 210 210 210 210 210 210 210 210 210 210 210 210 210 210 210 210 210 210 210 210 210 210 210 210 210 211 211 212 213 213 214 215 216 216 217 218 218 219 220 221 221 222 223 223 224 225 225 226 227 227 228 229 229 230 232 232 233 234 234 235 236 236 237 237 237 238 239 239 240 241 241 242 242 243 244 244 245
209 209 210 210 210 210 210 210 210 210 210 210 210 210 210 210 210 210 210 210 210 210 210 210 210 210 210 210 210 210 210 210 210 210 210 210 210 210 210 210 210 210 211 212 212 213 214 214 215 217 218 218 219 220 220 221 222 223 223 224 225 225 226 227 227 228 229 229 230 231 232 232 233 234 234 235 236 236 237 237 238 239 239 240 241 241 242 243 243 244 244 245 246 246
210 210 210 210 210 210 210 210 210 210 210 210 210 210 210 210 210 210 210 210 210 210 210 210 210 210 210 210 210 210 210 210 210 210 210 210 210 210 210 211 211 211 212 213 214 214 215 216 216 217 218 219 219 220 221 221 222 223 224 224 225 226 226 227 228 228 229 230 231 231 232 233 233 234 235 235 236 237 237 238 239 239 240 241 241 242 242 243 244 244 245 246 246 247
210 210 210 210 210 210 210 210 210 210 210 210 210 210 210 210 210 210 210 210 210 210 210 210 210 210 210 210 210 210 210 211 211 211 211 211 211 211 211 211 211 212 212 213 214 215 215 216 217 217 218 219 220 220 221 222 222 223 224 225 225 226 227 227 228 229 229 230 231 232 232 233 234 234 235 236 236 237 238 238 239 240 240 241 242 242 243 244 244 245 245 246 247 247
210 210 210 210 210 210 210 210 210 210 210 210 210 210 210 210 210 210 210 210 210 210 210 210 211 211 211 211 211 211 211 211 211 211 211 211 211 211 211 211 211 212 213 213 214 215 216 216 217 218 219 219 220 221 221 222 223 224 224 225 226 226 227 228 228 229 230 231 231 232 233 233 234 235 235 236 237 237 238 239 239 240 241 241 242 243 243 244 245 245 246 247 247 248
210 210 210 210 210 210 210 210 210 210 210 210 210 210 210 210 210 210 211 211 211 211 211 211 211 211 211 211 211 211 211 211 211 211 211 211 211 211 211 211 212 212 213 214 214 215 216 217 217 218 219 220 220 221 222 222 223 224 225 225 226 227 227 228 229 229 230 231 232 232 233 234 234 235 236 236 237 238 238 239 240 240 241 242 242 243 244 244 245 246 246 247 248 248
210 210 210 210 210 210 210 210 210 210 210 210 210 211 211 211 211 211 211 211 211 211 211 211 211 211 211 211 211 211 211 211 211 211 211 211 211 211 211 211 212 213 213 214 215 215 216 217 218 218 219 220 221 221 222 223 223 224 225 226 226 227 228 228 229 230 231 231 232 233 233 234 235 235 236 237 237 238 239 239 240 241 242 242 243 244 244 245 245 246 247 247 248 249
210 210 210 210 210 210 210 210 211 211 211 211 211 211 211 211 211 211 211 211 211 211 211 211 211 211 211 211 211 211 211 211 211 211 211 211 211 211 211 211 212 213 214 214 215 216 216 217 218 219 219 220 221 222 222 223 224 224 225 226 227 227 228 229 229 230 231 232 232 233 234 234 235 236 236 237 238 239 239 240 241 241 242 243 243 244 245 245 246 247 247 248 248 249
210 210 210 210 211 211 211 211 211 211 211 211 211 211 211 211 211 211 211 211 211 211 211 211 211 211 211 211 211 211 211 211 211 211 211 211 211 211 211 212 212 213 214 215 215 216 217 217 218 219 220 220 221 222 223 223 224 225 226 227 228 229 229 230 231 231 232 233 234 234 235 236 236 237 238 238 239 240 241 241 242 243 243 244 245 245 246 247 247 248 249 249 250 250
211 211 211 211 211 211 211 211 211 211 211 211 211 211 211 211 211 211 211 211 211 211 211 211 211 211 211 211 211 211 211 211 211 211 211 211 211 211 211 212 213 213 214 215 215 217 218 219 219 220 221 222 222 223 224 225 225 226 227 227 228 229 230 230 231 232 232 233 234 235 235 236 237 237 238 239 240 240 241 242 242 243 244 244 245 246 246 247 248 248 249 250 250 251
211 211 211 211 211 211 211 211 211 211 211 211 211 211 211 211 211 211 211 211 211 211 211 211 211 211 211 211 211 211 211 211 211 211 211 211 211 212 212 213 214 215 215 216 217 217 218 219 220 220 221 222 223 223 224 225 226 226 227 228 228 229 230 231 231 232 233 233 234 235 236 236 237 238 238 239 240 241 241 242 243 243 244 245 245 246 247 247 248 249 249 250 251 251
211 211 211 211 211 211 211 211 211 211 211 211 211 211 211 211 211 211 211 211 211 211 211 211 211 211 211 211 211 211 212 212 212 212 212 212 212 212 213 213 214 215 215 216 217 218 218 219 220 221 221 222 223 224 224 225 226 227 227 228 229 229 230 231 232 232 233 234 234 235 236 237 237 238 239 239 240 241 242 242 243 244 244 245 246 246 247 248 248 249 250 251 251 252
211 211 211 211 211 211 211 211 211 211 211 211 211 211 211 211 211 211 211 211 211 211 211 211 212 212 212 212 212 212 212 212 212 212 212 212 212 212 213 213 214 215 216 216 217 218 219 219 220 221 222 222 223 224 225 225 226 227 228 228 229 230 230 231 232 233 233 234 235 236 236 237 238 238 239 240 241 241 242 243 243 244 245 245 246 247 247 248 249 250 250 251 252 252
211 211 211 211 211 211 211 211 211 211 211 211 211 211 211 211 211 211 211 212 212 212 212 212 212 212 212 212 212 212 212 212 212 212 212 212 212 212 213 214 214 215 216 217 217 218 219 220 220 221 222 223 223 224 225 226 226 227 228 229 229 230 231 231 232 233 234 234 235 236 237 237 238 239 239 240 241 242 242 243 244 244 245 246 246 247 248 249 249 250 251 251 252 253
211 211 211 211 211 211 211 211 211 211 211 211 211 211 212 212 212 212 212 212 212 212 212 212 212 212 212 212 212 212 212 212 212 212 212 212 212 212 213 214 215 215 216 217 218 218 219 220 221 221 222 223 224 224 225 226 227 227 228 229 229 230 231 232 232 233 234 235 235 236 237 238 238 239 240 240 241 242 243 243 244 245 245 246 247 248 248 249 250 250 251 252 252 253
211 211 211 211 211 211 211 211 211 211 212 212 212 212 212 212 212 212 212 212 212 212 212 212 212 212 212 212 212 212 212 212 212 212 212 212 212 213 213 214 215 216 216 217 218 219 219 220 221 222 222 223 224 225 225 226 227 228 228 229 230 230 231 232 233 233 234 235 236 236 237 238 239 239 240 241 241 242 243 244 244 245 246 246 247 248 249 249 250 251 251 252 253 253
211 211 211 211 211 211 212 212 212 212 212 212 212 212 212 212 212 212 212 212 212 212 212 212 212 212 212 212 212 212 212 212 212 212 212 212 212 213 214 214 215 216 217 217 218 219 220 220 221 222 223 223 224 225 226 226 227 228 228 229 230 231 231 232 233 234 234 235 236 237 237 238 239 240 240 241 242 242 243 244 245 245 246 247 247 248 249 250 250 251 252 252 253 254
211 211 212 212 212 212 212 212 212 212 212 212 212 212 212 212 212 212 212 212 212 212 212 212 212 212 212 212 212 212 212 212 212 212 212 212 212 213 214 214 215 216 217 217 218 219 220 220 221 222 223 223 224 225 227 227 228 229 230 230 231 232 233 233 234 235 236 236 237 238 239 239 240 241 242 242 243 244 244 245 246 247 247 248 249 249 250 251 252 252 253 254 254 255
212 212 212 212 212 212 212 212 212 212 212 212 212 212 212 212 212 212 212 212 212 212 212 212 212 212 212 212 212 212 212 212 212 212 212 212 212 213 214 215 215 216 217 218 219 220 221 222 222 223 224 225 225 226 227 228 228 229 230 231 231 232 233 234 234 235 236 237 237 238 239 240 240 241 242 243 243 244 245 245 246 247 248 248 249 250 250 251 252 253 253 254 255 255
212 212 212 212 212 212 212 212 212 212 212 212 212 212 212 212 212 212 212 212 212 212 212 212 212 212 212 212 212 212 212 212 212 212 212 212 213 214 215 216 217 217 218 219 220 220 221 222 223 223 224 225 226 226 227 228 229 229 230 231 232 232 233 234 235 235 236 237 238 238 239 240 241 241 242 243 244 244 245 246 246 247 248 249 249 250 251 252 252 253 254 254 255 256
212 212 212 212 212 212 212 212 212 212 212 212 212 212 212 212 212 212 212 212 212 212 212 212 212 212 212 212 212 212 212 213 213 213 213 213 214 214 215 216 217 217 218 219 220 221 221 222 223 224 224 225 226 227 227 228 229 230 230 231 232 233 233 234 235 236 236 237 238 239 239 240 241 242 242 243 244 244 245 246 247 247 248 249 250 250 251 252 253 253 254 255 255 256
212 212 212 212 212 212 212 212 212 212 212 212 212 212 212 212 212 212 212 212 212 212 212 212 212 212 213 213 213 213 213 213 213 213 213 213 214 215 215 216 217 218 218 219 220 221 221 222 223 224 224 225 226 227 228 228 229 230 231 231 232 233 234 234 235 236 237 237 238 239 240 240 241 242 243 243 244 245 245 246 247 248 248 249 250 251 251 252 253 254 254 255 256 256
212 212 212 212 212 212 212 212 212 212 212 212 212 212 212 212 212 212 212 212 212 213 213 213 213 213 213 213 213 213 213 213 213 213 213 213 214 215 216 216 217 218 219 219 220 221 222 222 223 224 225 225 226 227 228 228 229 230 231 231 232 233 234 234 235 236 237 237 238 239 240 240 241 242 243 243 244 245 246 246 247 248 249 249 250 251 252 252 253 254 255 255 256 257
212 212 212 212 212 212 212 212 212 212 212 212 212 212 212 212 212 213 213 213 213 213 213 213 213 213 213 213 213 213 213 213 213 213 213 213 214 215 216 216 217 218 219 219 220 221 222 223 223 224 225 226 226 227 228 229 229 230 231 232 232 233 234 235 235 236 237 238 238 239 240 241 241 242 243 244 244 245 246 247 247 248 249 250 250 251 252 253 253 254 255 256 256 257
212 212 212 212 212 212 212 212 212 212 212 212 212 213 213 213 213 213 213 213 213 213 213 213 213 213 213 213 213 213 213 213 213 213 213 214 214 215 216 217 217 218 219 220 220 221 222 223 223 224 225 226 226 227 228 229 230 230 231 232 233 233 234 235 236 236 237 238 239 239 240 241 242 242 243 244 245 245 246 247 248 248 249 250 251 251 252 253 254 254 255 256 257 257
212 212 212 212 212 212 212 212 212 212 213 213 213 213 213 213 213 213 213 213 213 213 213 213 213 213 213 213 213 213 213 213 213 213 213 214 214 215 216 217 217 218 219 220 221 221 222 223 224 224 225 226 227 227 228 229 230 230 231 232 233 233 234 235 236 237 237 238 239 240 240 241 242 243 243 244 245 246 246 247 248 249 249 250 251 252 252 253 254 255 255 256 257 258
