testData/tiles/oneDegree/grid28.0-27.0-29.0-28.0.asc
ncols   200
nrows   200
xllcorner   28.0
yllcorner   27.0
cellsize   0.005
NODATA_value   -9999.0
[rows 0 to 41 of 200, columns 94 to 187 of 200]
169 173 177 180 183 185 189 192 194 196 198 201 203 205 207 208 211 213 214 215 217 219 220 221 222 224 225 226 227 228 229 230 231 232 233 233 234 235 235 236 237 237 238 238 238 239 239 240 240 240 240 240 241 241 240 240 240 240 240 240 240 239 239 239 238 237 238 237 237 236 235 234 233 233 233 232 230 229 228 227 226 225 224 223 221 219 218 216 214 212 211 209 207 205
169 174 177 180 183 186 189 192 194 196 198 201 203 205 207 209 211 213 214 216 217 219 220 222 223 224 225 227 228 228 229 230 231 232 233 234 234 235 235 237 237 237 238 238 238 239 240 240 240 240 240 240 241 241 241 240 240 240 240 240 240 240 239 239 238 238 238 237 237 236 235 234 234 234 233 232 231 230 228 227 226 226 224 223 221 220 218 216 214 212 211 209 207 205
169 174 177 180 183 186 189 192 194 196 199 202 203 205 207 209 211 213 214 216 217 219 220 222 223 224 225 227 228 229 229 230 231 232 233 234 234 235 235 237 237 237 238 238 238 239 240 240 240 240 240 240 241 241 241 240 240 240 240 240 240 240 239 239 238 238 238 237 237 236 235 235 234 234 233 232 231 230 228 227 226 226 224 223 221 220 218 216 214 213 212 209 207 205
169 174 177 180 183 186 190 192 194 197 199 202 204 205 207 209 211 213 214 216 217 219 221 222 223 224 225 227 228 229 229 230 231 233 233 234 234 235 235 237 237 238 238 238 238 240 240 240 240 240 240 240 241 241 241 241 240 240 240 241 240 240 239 239 238 238 238 238 237 236 235 235 234 234 233 232 231 230 229 227 226 226 224 223 221 220 218 216 215 213 212 210 207 205
170 174 178 181 184 186 190 192 195 197 199 202 204 206 207 209 212 213 215 216 217 220 221 222 223 224 225 227 228 229 230 230 231 233 233 234 235 235 236 237 237 238 238 238 239 240 240 240 240 240 240 240 241 241 241 241 241 240 240 241 240 240 240 239 239 238 238 238 237 236 236 235 234 234 233 232 231 230 229 228 226 225 225 223 222 220 218 217 215 213 212 210 208 205
170 175 178 181 184 186 190 193 195 197 199 202 204 206 208 209 212 213 215 216 217 219 221 222 223 224 225 227 228 229 230 231 231 233 234 234 235 235 236 237 237 238 238 238 239 240 240 240 240 240 240 240 241 241 241 241 241 240 240 241 240 240 240 239 239 238 239 238 237 237 236 235 234 233 233 232 231 230 229 228 226 225 225 223 222 220 219 217 215 213 212 210 208 206
170 175 178 181 184 187 190 193 195 197 199 202 204 206 208 209 212 213 215 216 218 219 221 222 223 224 225 227 228 229 230 231 231 233 234 234 235 235 236 237 238 238 238 239 239 240 240 240 240 240 240 240 241 241 241 241 241 241 240 241 241 240 240 239 239 238 239 238 237 237 236 235 234 233 233 232 231 230 229 228 227 225 225 223 222 220 219 217 215 213 212 210 208 206
170 175 178 181 184 187 190 193 195 197 199 202 204 206 208 210 212 214 215 216 218 219 221 222 223 225 226 227 228 229 230 231 231 233 234 234 235 235 236 237 238 238 238 239 239 240 240 240 241 241 241 241 242 241 241 241 241 241 240 241 241 240 240 239 239 238 239 238 237 237 236 235 234 233 234 233 231 230 229 228 227 225 225 224 222 221 219 217 215 213 212 210 208 206
171 175 178 182 184 187 191 193 195 198 200 203 204 206 208 210 212 214 215 217 218 219 221 223 224 225 226 228 228 229 230 231 232 233 234 235 235 236 236 237 238 238 239 239 239 239 240 241 241 241 241 241 242 242 241 241 241 241 241 241 241 240 240 240 239 239 239 238 238 237 236 235 234 234 234 233 232 231 229 228 227 226 225 224 222 221 219 217 215 214 213 211 208 206
171 175 179 182 185 187 191 193 196 198 200 203 205 206 208 210 212 214 215 217 218 219 222 223 224 225 226 228 229 229 230 231 232 233 234 235 235 236 236 238 238 238 239 239 239 239 241 241 241 241 241 241 242 242 242 241 241 241 241 241 241 241 240 240 239 239 239 238 238 237 236 235 235 234 234 233 232 231 230 228 227 226 225 224 222 221 219 217 216 214 212 211 209 206
171 176 179 182 185 187 191 193 196 198 200 203 205 207 208 210 212 214 216 217 218 219 222 223 224 225 226 227 229 230 230 231 232 234 234 235 235 236 236 238 238 238 239 239 239 240 241 241 241 241 241 241 242 242 242 242 241 241 241 241 241 241 240 240 239 239 239 239 238 237 236 236 235 234 234 233 232 231 230 228 227 226 226 224 223 221 219 218 216 214 212 211 209 206
171 176 179 182 185 188 191 194 196 198 200 203 205 207 208 210 212 214 216 217 218 220 222 223 224 225 226 227 229 230 231 231 232 233 234 235 235 236 236 237 238 239 239 239 239 240 241 241 241 241 241 241 241 242 242 242 241 241 241 242 241 241 240 240 239 239 238 239 238 237 237 236 235 234 234 233 232 231 230 229 227 226 226 224 223 221 219 218 216 214 212 211 209 207
172 175 179 182 185 188 191 194 196 198 200 202 205 207 209 210 212 214 216 217 218 220 222 223 224 225 226 227 229 230 231 231 232 233 234 235 236 236 237 237 238 239 239 239 240 240 241 241 241 241 241 241 241 242 242 242 242 241 241 241 241 241 241 240 240 239 238 239 238 237 237 236 235 234 233 233 232 231 230 229 227 226 225 224 223 221 220 218 216 214 212 211 209 207
172 175 180 183 185 188 191 194 196 198 200 202 205 207 209 210 212 215 216 217 219 220 222 223 224 225 226 227 229 230 231 232 232 233 235 235 236 236 237 237 238 239 239 239 240 240 241 241 241 241 241 241 241 242 242 242 242 241 241 241 241 241 241 240 240 239 239 239 238 238 237 236 235 234 233 233 232 231 230 229 228 226 225 225 223 221 220 218 216 214 212 211 209 207
172 176 180 183 186 188 191 194 196 199 201 203 205 207 209 211 212 215 216 217 219 220 221 223 224 225 226 227 229 230 231 232 232 233 235 235 236 236 237 237 239 239 239 240 240 240 241 241 241 241 241 241 241 242 242 242 242 242 241 241 242 241 241 240 240 239 239 239 238 238 237 236 235 234 233 233 232 231 230 229 228 226 225 225 223 222 220 218 216 215 213 211 209 207
172 176 180 183 186 188 191 194 197 199 201 203 206 207 209 211 212 215 216 218 219 220 221 223 225 226 227 228 229 230 231 232 233 233 235 235 236 236 237 237 239 239 239 240 240 240 240 241 241 242 242 242 241 242 242 242 242 242 241 241 242 241 241 240 240 239 239 238 239 238 237 236 235 235 234 234 233 231 230 229 228 227 225 225 223 222 220 218 217 215 213 211 210 207
173 176 180 183 186 189 191 194 197 199 201 203 206 208 209 211 212 214 216 218 219 220 221 224 225 226 227 228 229 230 231 232 233 233 235 236 236 237 237 237 238 239 240 240 240 240 240 242 242 242 242 242 242 242 242 242 242 242 242 241 242 241 241 241 240 240 239 238 239 238 237 236 236 235 234 234 233 232 230 229 228 227 225 224 223 222 220 219 217 215 213 211 210 207
173 176 180 183 186 189 191 195 197 199 201 203 206 208 209 211 213 214 217 218 219 220 222 224 225 226 227 228 229 230 231 232 233 233 234 236 236 237 237 238 238 239 240 240 240 240 241 242 242 242 242 242 242 242 243 242 242 242 242 241 241 242 241 241 240 240 239 238 239 238 237 236 236 235 234 233 233 232 231 229 228 227 226 224 224 222 220 219 217 215 213 211 209 208
173 176 180 184 186 189 191 194 197 199 201 203 205 208 210 211 213 214 217 218 219 221 222 224 225 226 227 228 229 231 231 232 233 234 234 236 236 237 237 238 238 239 240 240 240 240 241 242 242 242 242 242 242 242 243 242 242 242 242 241 241 242 241 241 240 240 239 239 239 238 237 237 236 235 234 233 233 232 231 230 228 227 226 224 224 222 221 219 217 215 213 211 209 208
173 177 180 184 187 189 192 194 197 199 201 203 205 208 210 211 213 214 217 218 219 221 222 223 225 226 227 228 229 231 232 232 233 234 234 236 236 237 237 238 238 240 240 240 240 241 241 241 242 242 242 242 242 242 243 243 242 242 242 242 241 242 241 241 240 240 239 239 238 238 238 237 236 235 234 233 233 232 231 230 228 227 226 224 223 222 221 219 217 215 213 211 209 208
174 177 180 184 187 189 192 194 197 200 202 204 205 208 210 211 213 214 217 218 220 221 222 223 225 226 227 228 229 230 232 232 233 234 234 236 237 237 237 238 238 239 240 240 240 241 241 241 242 242 242 242 242 242 242 243 242 242 242 242 241 241 241 241 241 240 239 239 238 238 238 237 236 235 234 233 232 232 231 230 229 227 226 224 223 222 221 219 217 216 214 212 209 207
174 177 180 184 187 190 192 194 198 200 202 204 206 208 210 212 213 215 216 218 220 221 222 223 225 226 227 228 229 230 232 233 233 234 235 235 237 237 238 238 238 239 240 240 241 241 241 241 242 242 242 242 242 242 242 243 243 242 242 242 241 241 242 241 241 240 240 239 238 239 238 237 236 235 234 233 232 232 231 230 229 227 226 225 223 223 221 219 218 216 214 212 210 207
174 177 180 183 187 190 192 195 197 200 202 204 206 207 210 212 213 215 216 219 220 221 222 223 224 226 227 228 229 230 232 233 233 234 235 235 237 237 238 238 239 239 240 240 241 241 241 241 241 242 242 242 242 242 242 243 243 242 242 242 242 241 242 241 241 240 240 239 238 238 238 237 236 235 234 233 232 231 231 230 229 228 226 225 223 222 221 219 218 216 214 212 210 208
174 177 181 184 187 190 192 195 197 200 202 204 206 208 210 212 213 215 216 219 220 221 222 224 225 227 228 229 229 230 231 233 233 234 235 235 237 237 238 238 239 239 239 241 241 241 241 241 241 242 242 242 242 242 242 242 243 243 242 242 242 241 241 241 241 240 240 239 238 238 238 237 236 236 235 234 233 232 231 230 229 228 226 225 223 222 221 220 218 216 214 212 210 208
174 178 181 184 187 190 193 195 197 200 202 204 206 208 210 212 214 215 216 218 220 221 223 224 225 227 228 229 230 230 231 233 234 234 235 235 236 237 238 238 239 239 239 241 241 241 241 241 242 243 243 243 243 242 242 242 243 243 242 242 242 241 241 241 241 240 240 239 239 238 237 237 237 236 235 234 233 232 232 230 229 228 226 225 224 222 220 220 218 216 214 212 210 208
175 178 181 184 188 190 193 195 197 200 202 204 206 208 210 212 214 215 217 218 220 221 223 224 225 227 228 229 230 230 231 233 234 234 235 236 236 238 238 238 239 239 240 241 241 241 241 242 242 242 243 243 243 243 242 242 243 243 243 242 242 241 241 241 241 241 240 239 239 238 237 237 237 236 235 234 233 232 231 230 229 228 227 225 224 222 221 220 218 216 214 212 210 208
175 178 181 184 187 190 193 195 197 199 203 204 206 208 210 212 214 215 217 218 220 222 223 224 225 226 228 229 230 231 231 232 234 234 235 236 236 238 238 239 239 239 240 240 241 241 242 242 242 242 243 243 243 243 243 242 242 243 243 242 242 242 241 241 241 241 240 239 239 238 237 238 237 236 235 234 233 232 231 231 229 228 227 225 224 222 221 219 218 216 215 212 210 208
175 178 181 184 187 191 193 195 198 200 203 205 206 208 210 212 214 215 217 218 219 222 223 224 225 226 228 229 230 231 231 232 234 235 235 236 236 237 238 239 239 239 240 240 241 241 242 242 242 242 242 243 243 243 243 242 242 243 243 242 242 242 241 241 241 241 240 240 239 238 237 237 237 236 235 234 233 232 231 230 229 228 227 225 224 222 221 219 218 217 215 213 211 208
174 178 182 184 187 191 193 195 198 200 202 205 207 208 210 212 214 216 217 218 220 222 223 224 225 226 227 229 230 231 232 232 234 235 235 236 236 237 238 239 239 240 240 240 241 242 242 242 242 242 242 243 243 243 243 243 242 242 243 243 242 242 241 241 240 241 240 240 239 238 238 237 237 236 235 234 233 232 231 230 230 228 227 226 224 223 221 219 218 217 215 213 211 208
174 179 182 185 187 190 193 196 198 200 202 205 207 208 210 212 214 216 217 218 220 222 223 224 225 226 227 229 230 231 232 232 233 235 235 236 237 237 238 239 239 240 240 240 240 242 242 242 242 242 242 243 243 243 243 243 242 242 243 243 242 242 242 241 241 241 240 240 239 238 238 237 236 236 235 234 233 232 231 230 229 228 227 226 224 223 221 219 218 217 215 213 211 209
175 179 182 185 187 190 193 196 198 200 202 205 207 209 210 212 214 216 217 219 220 221 223 224 225 226 227 229 230 231 232 233 233 235 236 236 237 237 238 239 239 240 240 240 241 242 242 242 242 242 242 242 243 243 243 243 243 242 242 243 242 242 242 241 241 240 241 240 239 239 238 237 236 236 235 234 233 232 231 230 229 229 227 226 224 223 221 220 218 216 215 213 211 209
175 178 182 185 188 190 193 196 198 200 202 204 207 209 210 212 213 216 217 219 220 221 223 224 226 227 228 228 230 231 232 233 233 234 236 236 237 237 238 238 240 240 240 240 241 241 242 242 242 242 242 242 243 243 243 243 243 242 242 243 243 242 242 241 241 240 241 240 239 239 238 237 236 235 236 235 234 232 231 230 229 228 227 226 224 223 221 220 218 216 215 213 211 209
175 178 182 185 188 190 193 196 198 200 202 204 207 209 211 212 214 216 217 219 220 221 222 225 226 227 228 229 230 231 232 233 233 234 236 236 237 237 238 238 240 240 240 241 241 241 242 242 242 242 242 242 242 243 243 243 243 243 242 242 243 242 242 241 241 240 240 240 239 239 238 237 236 236 236 235 234 233 231 230 229 228 226 226 225 223 222 220 218 216 214 213 211 209
175 178 181 185 188 191 193 196 198 201 203 204 207 209 211 212 214 215 218 219 220 221 223 225 226 227 228 229 230 231 232 233 234 234 236 236 237 237 238 238 239 240 240 241 241 241 241 242 242 243 243 243 242 243 243 243 243 243 242 242 243 242 242 241 241 240 240 240 240 239 238 237 237 236 235 235 234 233 232 230 229 228 227 226 225 223 222 220 218 216 215 213 211 209
175 179 182 185 188 191 193 195 199 201 203 205 206 209 211 212 214 215 218 219 220 222 223 224 226 227 228 229 230 231 232 233 234 234 235 237 237 238 238 238 239 240 241 241 241 241 241 243 243 243 243 243 243 243 243 243 243 243 243 242 242 242 242 242 241 241 240 239 240 239 238 237 237 236 235 234 234 233 232 231 229 228 227 225 225 223 222 220 218 217 215 213 212 209
176 179 182 186 188 191 193 196 199 201 203 205 207 209 211 212 214 215 217 219 220 222 223 224 226 227 228 229 230 231 232 233 234 234 235 237 237 238 238 239 239 239 241 241 241 241 241 242 243 243 243 243 243 243 243 243 243 243 243 242 242 243 242 242 241 241 240 239 239 239 238 238 237 236 235 234 234 233 232 231 229 228 227 225 225 223 222 220 219 217 215 213 211 210
176 179 182 185 188 191 193 196 198 201 203 205 207 208 211 213 214 216 217 219 221 222 223 224 225 227 228 229 230 231 232 233 234 235 235 236 237 238 238 239 239 239 241 241 241 241 242 242 243 243 243 243 243 243 243 243 243 243 243 242 242 242 242 242 241 241 240 240 239 239 238 238 237 236 235 234 233 233 232 231 230 228 227 226 224 224 222 220 219 217 215 213 211 209
176 179 182 185 189 191 194 196 198 201 203 205 207 209 211 213 214 216 217 218 221 222 223 224 225 227 228 229 230 231 232 233 234 235 235 236 236 238 238 239 239 240 240 241 241 242 242 242 242 243 243 243 243 243 243 243 243 243 243 243 242 242 241 242 241 241 240 240 239 238 239 238 237 236 235 234 233 232 232 231 230 228 227 226 224 223 222 221 219 217 215 213 211 209
176 179 182 185 188 191 194 196 198 200 203 205 207 209 210 213 214 216 217 219 221 222 223 224 225 226 228 229 230 231 232 233 234 235 235 236 237 238 238 239 239 240 240 241 241 242 242 242 242 242 243 243 243 243 243 243 243 243 243 243 242 242 241 242 242 241 240 240 239 238 238 238 237 236 235 234 233 232 232 231 230 229 227 226 224 223 221 221 219 217 215 213 211 209
176 179 182 185 188 191 194 196 198 200 203 205 207 209 210 213 215 216 217 219 220 222 223 224 225 226 228 229 230 231 232 233 234 235 236 236 237 237 239 239 239 240 240 240 242 242 242 242 242 242 243 243 243 243 243 243 243 243 243 243 242 242 242 241 242 241 241 240 239 239 238 238 237 236 235 234 233 232 231 231 230 229 227 226 225 223 221 221 219 217 215 213 211 209
176 180 183 185 188 191 194 196 198 201 202 205 207 209 211 212 215 216 217 219 220 222 223 225 226 227 228 229 230 231 232 233 234 235 236 236 237 237 239 239 239 240 240 240 242 242 242 242 242 242 242 243 243 243 243 243 243 242 243 243 242 242 242 241 241 241 241 240 239 239 238 237 237 236 236 235 234 233 231 230 230 229 227 226 225 223 222 220 219 217 215 214 211 209
176 180 183 186 188 191 194 196 199 201 203 205 207 209 211 212 215 216 218 219 220 221 224 225 226 227 228 230 230 231 232 233 233 235 236 236 237 237 238 239 240 240 240 240 241 242 242 242 242 242 242 243 243 243 243 243 243 242 243 243 243 242 242 241 241 241 241 240 239 239 238 237 236 237 236 235 234 233 232 230 229 229 228 226 225 223 222 220 218 217 216 214 212 209
