testData/tiles/oneDegree/grid17.0-31.0-18.0-32.0.asc
ncols   200
nrows   200
xllcorner   17.0
yllcorner   31.0
cellsize   0.005
NODATA_value   -9999.0
[rows 84 to 125 of 200, columns 0 to 93 of 200]
398 399 400 401 402 403 404 405 406 407 408 409 410 411 412 413 414 415 416 416 417 418 419 420 421 421 422 423 424 424 425 426 427 427 428 429 430 430 431 432 432 433 434 434 435 436 436 437 437 438 439 439 440 440 441 442 442 397 397 398 399 399 400 400 401 401 402 402 403 403 404 404 405 405 406 406 407 407 408 408 409 409 410 410 411 411 412 412 413 413 413 414 414 415
398 400 401 402 403 404 405 406 407 408 409 410 411 412 412 413 414 415 416 417 418 418 419 420 421 422 422 423 424 425 426 426 427 428 428 429 430 431 431 432 433 433 434 435 435 436 437 437 438 438 439 440 440 441 441 442 397 397 398 398 399 399 400 401 401 402 402 403 403 404 404 405 405 406 406 407 407 408 408 409 409 410 410 411 411 411 412 412 413 413 414 414 415 415
399 400 401 402 403 404 405 406 407 408 409 410 411 412 413 414 415 415 416 417 418 419 420 420 421 422 423 424 424 425 426 427 427 428 429 430 430 431 432 432 433 434 434 435 436 436 437 437 438 439 439 440 441 441 396 396 397 397 398 399 399 400 400 401 401 402 402 403 403 404 405 405 406 406 407 407 408 408 408 409 409 410 410 411 411 412 412 413 413 414 414 414 415 415
399 401 402 403 404 405 406 407 408 409 410 411 411 412 413 414 415 416 417 418 418 419 420 421 422 422 423 424 425 426 426 427 428 428 429 430 431 431 432 433 433 434 435 435 436 437 437 438 438 439 440 440 441 395 396 397 397 398 398 399 399 400 401 401 402 402 403 403 404 404 405 405 406 406 407 407 408 408 409 409 410 410 411 411 412 412 412 413 413 414 414 415 415 416
400 401 402 403 404 405 406 407 408 409 410 411 412 413 414 415 415 416 417 418 419 420 420 421 422 423 424 424 425 426 427 427 428 429 429 430 431 432 432 433 434 434 435 436 436 437 437 438 439 439 440 395 395 396 396 397 398 398 399 399 400 400 401 401 402 402 403 404 404 405 405 406 406 407 407 408 408 409 409 410 410 410 411 411 412 412 413 413 414 414 415 415 415 416
400 401 403 404 405 406 407 408 409 410 410 411 412 413 414 415 416 417 418 418 419 420 421 422 422 423 424 425 425 426 427 428 428 429 430 431 431 432 433 433 434 435 435 436 437 437 438 438 439 440 394 395 395 396 397 397 398 398 399 400 400 401 401 402 402 403 403 404 404 405 405 406 406 407 407 408 408 409 409 410 410 411 411 412 412 413 413 413 414 414 415 415 416 416
401 402 403 404 405 406 407 408 409 410 411 412 413 414 414 415 416 417 418 419 420 420 421 422 423 424 424 425 426 427 427 428 429 429 430 431 432 432 433 434 434 435 436 436 437 438 438 439 393 394 395 395 396 396 397 398 398 399 399 400 400 401 401 402 403 403 404 404 405 405 406 406 407 407 408 408 409 409 410 410 411 411 411 412 412 413 413 414 414 415 415 415 416 416
401 402 403 404 405 406 407 408 409 410 411 412 413 414 415 416 417 417 418 419 420 421 422 422 423 424 425 425 426 427 428 428 429 430 431 431 432 433 433 434 435 435 436 437 437 438 438 393 394 394 395 396 396 397 397 398 398 399 400 400 401 401 402 402 403 403 404 404 405 405 406 406 407 407 408 408 409 409 410 410 411 411 412 412 413 413 414 414 414 415 415 416 416 417
402 403 404 405 406 407 408 409 410 411 412 413 413 414 415 416 417 418 419 420 420 421 422 423 423 424 425 426 427 427 428 429 429 430 431 432 432 433 434 434 435 436 436 437 438 392 393 393 394 395 395 396 396 397 398 398 399 399 400 400 401 402 402 403 403 404 404 405 405 406 406 407 407 408 408 409 409 410 410 411 411 412 412 412 413 413 414 414 415 415 416 416 416 417
402 403 404 405 406 407 408 409 410 411 412 413 414 415 416 417 417 418 419 420 421 421 422 423 424 425 425 426 427 428 428 429 430 430 431 432 433 433 434 435 435 436 437 437 392 392 393 394 394 395 396 396 397 397 398 398 399 400 400 401 401 402 402 403 403 404 404 405 406 406 407 407 408 408 409 409 409 410 410 411 411 412 412 413 413 414 414 415 415 415 416 416 417 417
403 404 405 406 407 408 409 410 411 412 412 413 414 415 416 417 418 419 419 420 421 422 423 423 424 425 426 426 427 428 429 429 430 431 432 432 433 434 434 435 436 436 391 392 392 393 393 394 395 395 396 396 397 398 398 399 399 400 400 401 402 402 403 403 404 404 405 405 406 406 407 407 408 408 409 409 410 410 411 411 412 412 413 413 413 414 414 415 415 416 416 417 417 417
403 404 405 406 407 408 409 410 411 412 413 414 415 416 416 417 418 419 420 421 421 422 423 424 425 425 426 427 428 428 429 430 430 431 432 433 433 434 435 435 436 391 391 392 392 393 394 394 395 396 396 397 397 398 398 399 400 400 401 401 402 402 403 403 404 405 405 406 406 407 407 408 408 409 409 410 410 410 411 411 412 412 413 413 414 414 415 415 416 416 416 417 417 418
404 405 406 407 408 409 410 410 411 412 413 414 415 416 417 418 418 419 420 421 422 423 423 424 425 426 426 427 428 429 429 430 431 431 432 433 434 434 435 390 390 391 391 392 393 393 394 395 395 396 396 397 398 398 399 399 400 400 401 402 402 403 403 404 404 405 405 406 406 407 407 408 408 409 409 410 410 411 411 412 412 413 413 414 414 414 415 415 416 416 417 417 417 418
404 405 406 407 408 409 410 411 412 413 414 415 415 416 417 418 419 420 421 421 422 423 424 424 425 426 427 428 428 429 430 430 431 432 432 433 434 435 389 390 391 391 392 392 393 394 394 395 396 396 397 397 398 398 399 400 400 401 401 402 402 403 403 404 405 405 406 406 407 407 408 408 409 409 410 410 411 411 412 412 412 413 413 414 414 415 415 416 416 416 417 417 418 418
404 405 406 407 408 409 410 411 412 413 414 415 416 417 418 418 419 420 421 422 422 423 424 425 426 426 427 428 429 429 430 431 431 432 433 433 388 389 390 390 391 391 392 393 393 394 395 395 396 396 397 398 398 399 399 400 400 401 402 402 403 403 404 404 405 405 406 406 407 407 408 408 409 409 410 410 411 411 412 412 413 413 414 414 415 415 415 416 416 417 417 418 418 418
405 406 407 408 409 410 411 412 413 414 414 415 416 417 418 419 420 420 421 422 423 424 424 425 426 427 427 428 429 430 430 431 432 432 387 388 388 389 390 390 391 392 392 393 394 394 395 396 396 397 397 398 398 399 400 400 401 401 402 402 403 403 404 405 405 406 406 407 407 408 408 409 409 410 410 411 411 412 412 412 413 413 414 414 415 415 416 416 417 417 417 418 418 419
405 406 407 408 409 410 411 412 413 414 415 416 417 417 418 419 420 421 422 422 423 424 425 426 426 427 428 429 429 430 431 431 432 387 387 388 389 389 390 391 391 392 393 393 394 395 395 396 396 397 398 398 399 399 400 400 401 402 402 403 403 404 404 405 405 406 406 407 407 408 408 409 409 410 410 411 411 412 412 413 413 414 414 415 415 415 416 416 417 417 418 418 418 419
406 407 408 409 410 411 412 412 413 414 415 416 417 418 419 419 420 421 422 423 424 424 425 426 427 427 428 429 430 430 431 386 386 387 388 388 389 390 390 391 392 392 393 394 394 395 395 396 397 397 398 398 399 400 400 401 401 402 402 403 404 404 405 405 406 406 407 407 408 408 409 409 410 410 411 411 412 412 413 413 413 414 414 415 415 416 416 417 417 417 418 418 419 419
406 407 408 409 410 411 412 413 414 415 416 416 417 418 419 420 421 421 422 423 424 425 425 426 427 428 428 429 430 385 385 386 387 387 388 389 389 390 391 391 392 393 393 394 395 395 396 396 397 398 398 399 399 400 400 401 402 402 403 403 404 404 405 405 406 406 407 407 408 408 409 409 410 410 411 411 412 412 413 413 414 414 415 415 416 416 416 417 417 418 418 419 419 419
407 408 408 409 410 411 412 413 414 415 416 417 418 419 419 420 421 422 423 423 424 425 426 427 427 428 429 429 384 385 386 386 387 388 388 389 390 390 391 392 392 393 394 394 395 395 396 397 397 398 398 399 400 400 401 401 402 402 403 404 404 405 405 406 406 407 407 408 408 409 409 410 410 411 411 412 412 413 413 414 414 414 415 415 416 416 417 417 418 418 418 419 419 420
407 408 409 410 411 412 413 414 414 415 416 417 418 419 420 421 421 422 423 424 425 425 426 427 428 428 383 384 385 385 386 387 387 388 389 389 390 391 391 392 393 393 394 395 395 396 396 397 398 398 399 399 400 400 401 402 402 403 403 404 404 405 405 406 406 407 407 408 408 409 409 410 410 411 411 412 412 413 413 414 414 415 415 416 416 416 417 417 418 418 419 419 419 420
603 408 409 410 411 412 413 414 415 416 417 418 418 419 420 421 422 422 423 424 425 426 426 427 382 383 383 384 385 386 386 387 388 388 389 390 390 391 392 392 393 394 394 395 395 396 397 397 398 398 399 400 400 401 401 402 402 403 404 404 405 405 406 406 407 407 408 408 409 409 410 410 411 411 412 412 413 413 414 414 414 415 415 416 416 417 417 418 418 418 419 419 420 420
604 409 410 411 412 413 413 414 415 416 417 418 419 420 420 421 422 423 424 424 425 426 381 381 382 383 384 384 385 386 387 387 388 389 389 390 391 391 392 393 393 394 394 395 396 396 397 398 398 399 399 400 400 401 402 402 403 403 404 404 405 405 406 406 407 407 408 408 409 409 410 410 411 411 412 412 413 413 414 414 415 415 416 416 417 417 417 418 418 419 419 420 420 420
410 411 410 411 412 413 414 415 416 416 417 418 419 420 421 422 422 423 424 425 426 380 381 382 383 383 384 385 385 386 387 388 388 389 390 390 391 392 392 393 393 394 395 395 396 397 397 398 398 399 400 400 401 401 402 402 403 403 404 405 405 406 406 407 407 408 408 409 409 410 410 411 411 412 412 413 413 414 414 415 415 415 416 416 417 417 418 418 418 419 419 420 420 421
410 411 216 217 218 413 414 415 416 417 418 419 419 420 421 422 423 424 424 379 380 381 381 382 383 384 384 385 386 386 387 388 389 389 390 391 391 392 393 393 394 394 395 396 396 397 397 398 399 399 400 400 401 402 402 403 403 404 404 405 405 406 406 407 407 408 408 409 409 410 410 411 411 412 412 413 413 414 414 415 415 416 416 417 417 417 418 418 419 419 420 420 420 421
411 412 413 218 219 220 221 221 222 417 418 419 420 421 421 422 423 378 379 379 380 381 382 382 383 384 385 385 386 387 387 388 389 390 390 391 391 392 393 393 394 395 395 396 397 397 398 398 399 400 400 401 401 402 402 403 403 404 405 405 406 406 407 407 408 408 409 409 410 410 411 411 412 412 413 413 414 414 415 415 415 416 416 417 417 418 418 419 419 419 420 420 421 421
411 412 413 218 219 220 221 222 223 224 224 225 226 421 422 377 377 378 379 380 380 381 382 383 383 384 385 386 386 387 388 388 389 390 390 391 392 392 393 394 394 395 396 396 397 397 398 399 399 400 400 401 402 402 403 403 404 404 405 405 406 406 407 407 408 408 409 410 410 410 411 411 412 412 413 413 414 414 415 415 416 416 417 417 417 418 418 419 419 420 420 420 421 421
412 413 414 218 219 220 221 222 223 224 225 226 226 181 182 183 184 378 379 380 381 382 382 383 384 385 385 386 387 387 388 389 389 390 391 391 392 393 393 394 395 395 396 396 397 398 398 399 399 400 401 401 402 402 403 403 404 405 405 406 406 407 407 408 408 409 409 410 410 411 411 412 412 413 413 414 414 415 415 415 416 416 417 417 418 418 419 419 419 420 420 421 421 422
412 413 414 415 220 221 222 222 223 224 225 180 181 182 182 183 184 185 186 186 187 382 383 383 384 385 386 386 387 388 388 389 390 390 391 392 392 393 394 394 395 396 396 397 397 398 399 399 400 400 401 401 402 403 403 404 404 405 405 406 406 407 407 408 408 409 409 410 410 411 411 412 412 413 413 414 414 415 415 416 416 417 417 417 418 418 419 419 420 420 420 421 421 422
412 413 414 415 220 221 222 223 224 179 179 180 181 182 183 184 184 185 186 187 187 188 189 190 190 385 386 387 387 388 389 389 390 391 391 392 393 393 394 395 395 396 396 397 398 398 399 399 400 401 401 402 402 403 403 404 405 405 406 406 407 407 408 408 409 409 410 410 411 411 412 412 413 413 414 414 415 415 415 416 416 417 417 418 418 419 419 419 420 420 421 421 422 422
413 414 415 416 416 221 222 177 178 179 180 181 181 182 183 184 185 185 186 187 188 188 189 190 191 191 192 193 194 194 389 390 390 391 392 392 393 394 394 395 395 396 397 397 398 399 399 400 400 401 401 402 403 403 404 404 405 405 406 406 407 407 408 408 409 409 410 410 411 411 412 412 413 413 414 414 415 415 416 416 417 417 418 418 418 419 419 420 420 421 421 421 422 422
413 414 415 416 417 176 177 177 178 179 180 181 182 183 183 184 185 186 187 187 188 189 190 190 191 192 192 193 194 195 195 196 197 197 198 393 393 394 394 395 396 396 397 398 398 399 399 400 401 401 402 402 403 403 404 404 405 406 406 407 407 408 408 409 409 410 410 411 411 412 412 413 413 414 414 415 415 415 416 416 417 417 418 418 419 419 419 420 420 421 421 422 422 422
413 414 415 370 371 176 177 178 179 180 180 181 182 183 184 184 185 186 187 188 188 189 190 191 191 192 193 193 194 195 195 196 197 198 198 199 199 200 201 201 202 397 397 398 398 399 400 400 401 401 402 403 403 404 404 405 405 406 406 407 407 408 408 409 409 410 410 411 411 412 412 413 413 414 414 415 415 416 416 417 417 418 418 418 419 419 420 420 421 421 421 422 422 423
414 369 370 371 372 372 177 178 179 180 181 182 182 183 184 185 186 186 187 188 189 189 190 191 192 192 193 194 194 195 196 196 197 198 198 199 200 200 201 202 202 203 203 204 205 205 206 206 401 402 402 403 403 404 404 405 406 406 407 407 408 408 409 409 410 410 411 411 412 412 413 413 414 414 415 415 415 416 416 417 417 418 418 419 419 420 420 420 421 421 422 422 422 423
368 369 370 371 372 373 178 178 179 180 181 182 183 184 184 185 186 187 187 188 189 190 190 191 192 193 193 194 195 195 196 197 197 198 199 199 200 201 201 202 203 203 204 204 205 206 206 207 207 208 208 209 210 210 211 405 406 406 407 407 408 408 409 409 410 410 411 411 412 412 413 413 414 414 415 415 416 416 417 417 418 418 418 419 419 420 420 421 421 421 422 422 423 423
368 369 370 371 372 373 374 179 180 181 181 182 183 184 185 185 186 187 188 188 189 190 191 191 192 193 194 194 195 196 196 197 198 198 199 200 200 201 202 202 203 203 204 205 205 206 206 207 208 208 209 209 210 210 211 211 212 213 213 214 214 215 215 216 216 217 411 412 412 413 413 414 414 415 415 415 416 416 417 417 418 418 419 419 420 420 420 421 421 422 422 422 423 423
369 370 371 372 373 373 374 179 180 181 182 182 183 184 185 186 186 187 188 189 190 190 191 192 192 193 194 195 195 196 197 197 198 199 199 200 201 201 202 202 203 204 204 205 205 206 207 207 208 208 209 210 210 211 211 212 212 213 213 214 214 215 215 216 216 217 217 218 218 219 219 220 220 221 221 222 222 223 223 224 224 224 225 225 226 226 227 227 227 228 228 229 229 229
369 370 371 372 373 374 375 179 180 181 182 183 184 184 185 186 187 188 188 189 190 191 191 192 193 193 194 195 196 196 197 198 198 199 200 200 201 201 202 203 203 204 205 205 206 206 207 207 208 209 209 210 210 211 211 212 212 213 214 214 215 215 216 216 217 217 218 218 219 219 220 220 221 221 221 222 222 223 223 224 224 225 225 226 226 226 227 227 228 228 228 229 229 230
370 370 371 372 373 374 375 376 181 181 182 183 184 185 186 186 187 188 189 189 190 191 192 192 193 194 194 195 196 196 197 198 198 199 200 200 201 202 202 203 204 204 205 205 206 207 207 208 208 209 209 210 211 211 212 212 213 213 214 214 215 215 216 216 217 217 218 218 219 219 220 220 221 221 222 222 223 223 224 224 224 225 225 226 226 227 227 227 228 228 229 229 230 230
370 371 372 373 373 374 375 376 181 182 183 183 184 185 186 187 187 188 189 190 190 191 192 193 193 194 195 195 196 197 197 198 199 199 200 201 201 202 203 203 204 204 205 206 206 207 207 208 209 209 210 210 211 211 212 212 213 213 214 215 215 216 216 217 217 218 218 219 219 220 220 221 221 221 222 222 223 223 224 224 225 225 226 226 226 227 227 228 228 228 229 229 230 230
370 371 372 373 374 375 376 376 181 182 183 184 185 185 186 187 188 188 189 190 191 191 192 193 194 194 195 196 196 197 198 198 199 200 200 201 202 202 203 203 204 205 205 206 206 207 208 208 209 209 210 210 211 212 212 213 213 214 214 215 215 216 216 217 217 218 218 219 219 220 220 221 221 222 222 223 223 224 224 224 225 225 226 226 227 227 227 228 228 229 229 230 230 230
371 371 372 373 374 375 376 377 378 182 183 184 185 186 186 187 188 189 189 190 191 192 192 193 194 195 195 196 197 197 198 199 199 200 201 201 202 202 203 204 204 205 206 206 207 207 208 208 209 210 210 211 211 212 212 213 213 214 214 215 216 216 217 217 218 218 219 219 220 220 220 221 221 222 222 223 223 224 224 225 225 226 226 226 227 227 228 228 229 229 229 230 230 231
