testData/tiles/oneDegree/grid22.0-37.0-23.0-38.0.asc
ncols   200
nrows   200
xllcorner   22.0
yllcorner   37.0
cellsize   0.005
NODATA_value   -9999.0
[rows 82 to 122 of 200, columns 93 to 185 of 200]
723 723 723 723 723 723 723 723 723 723 723 723 723 723 723 723 723 977 977 977 977 977 977 995 1009 1019 1027 1034 1040 1045 1049 1054 1058 1061 1065 1068 1071 1074 1076 1079 1081 1083 1085 1087 1089 1091 1092 1094 1096 1098 1099 1100 1102 1103 1104 1106 1107 1107 1108 1109 1110 1110 1112 1112 1112 1112 1113 1113 1113 1114 1114 1113 1113 1113 1113 1112 1113 1112 1111 1110 1110 1109 1108 1108 1106 1105 1103 1103 1101 1099 1098 1096 1094
723 723 723 723 723 723 723 723 723 723 723 723 723 723 723 723 723 977 977 977 977 977 977 977 996 1010 1020 1027 1034 1039 1044 1049 1053 1057 1061 1064 1067 1070 1073 1075 1078 1080 1082 1084 1086 1088 1089 1091 1093 1095 1096 1097 1099 1100 1101 1103 1104 1105 1105 1107 1107 1108 1109 1109 1109 1109 1110 1110 1110 1111 1111 1111 1110 1111 1110 1110 1110 1109 1108 1107 1107 1106 1105 1105 1103 1102 1100 1100 1098 1096 1095 1093 1091
723 723 723 723 723 723 723 723 723 723 723 723 723 723 723 723 723 977 977 977 977 977 977 977 977 996 1010 1019 1027 1033 1039 1044 1048 1052 1056 1060 1063 1066 1069 1072 1074 1076 1079 1081 1083 1084 1086 1088 1090 1092 1093 1094 1096 1097 1098 1100 1101 1102 1102 1104 1104 1105 1106 1106 1106 1107 1108 1108 1107 1108 1108 1108 1107 1108 1107 1107 1107 1106 1105 1104 1104 1103 1102 1102 1100 1099 1097 1096 1095 1093 1092 1089 1087
723 723 723 723 723 723 723 723 723 723 723 723 723 723 723 723 977 977 977 977 977 977 977 977 977 977 996 1010 1019 1026 1033 1038 1043 1047 1051 1055 1059 1062 1065 1068 1070 1073 1075 1077 1079 1081 1083 1084 1087 1088 1090 1092 1093 1094 1095 1097 1098 1099 1100 1101 1101 1102 1103 1103 1103 1105 1105 1105 1104 1105 1105 1105 1105 1105 1104 1104 1104 1103 1102 1102 1101 1100 1099 1098 1097 1095 1095 1093 1091 1089 1088 1086 1083
723 723 723 723 723 723 723 723 723 723 723 723 723 723 723 723 977 977 977 977 977 977 977 977 977 977 977 996 1009 1018 1026 1032 1037 1042 1046 1050 1054 1057 1061 1063 1066 1069 1071 1073 1075 1077 1079 1081 1083 1085 1086 1089 1090 1091 1092 1094 1095 1095 1097 1098 1098 1099 1100 1100 1100 1102 1102 1102 1101 1102 1102 1102 1102 1102 1101 1100 1101 1100 1099 1099 1098 1097 1095 1095 1093 1092 1091 1089 1087 1085 1084 1082 1079
723 723 723 723 723 723 723 723 723 723 723 723 723 723 723 723 977 977 977 977 977 977 977 977 977 977 977 977 995 1008 1017 1025 1031 1036 1041 1045 1049 1053 1056 1059 1062 1065 1067 1069 1072 1074 1076 1077 1080 1081 1083 1085 1086 1088 1089 1091 1091 1092 1094 1094 1095 1095 1097 1097 1097 1098 1098 1098 1098 1099 1099 1098 1099 1098 1098 1097 1097 1097 1096 1096 1094 1093 1092 1091 1090 1088 1088 1086 1084 1081 1080 1078 1075
723 723 723 723 723 723 723 723 723 723 723 723 723 723 723 723 977 977 977 977 977 977 977 977 977 977 977 977 977 995 1007 1016 1023 1029 1035 1040 1044 1048 1051 1054 1057 1060 1063 1065 1068 1070 1072 1074 1076 1078 1079 1082 1083 1084 1085 1087 1088 1089 1091 1091 1092 1092 1093 1094 1094 1095 1095 1095 1095 1096 1095 1095 1096 1095 1095 1094 1094 1093 1092 1092 1091 1090 1088 1088 1086 1085 1084 1082 1080 1077 1076 1073 1070
723 723 723 723 723 723 723 723 723 723 723 723 723 723 723 723 977 977 977 977 977 977 977 977 977 977 977 977 977 977 995 1005 1015 1022 1028 1033 1038 1042 1046 1049 1053 1056 1058 1061 1063 1066 1068 1070 1072 1074 1076 1078 1079 1080 1082 1084 1085 1085 1087 1088 1088 1089 1090 1090 1091 1092 1092 1092 1092 1092 1092 1092 1092 1092 1091 1090 1091 1090 1089 1088 1087 1086 1085 1084 1082 1081 1080 1078 1075 1073 1071 1069 1066
723 723 723 723 723 723 723 723 723 723 723 723 723 723 723 723 977 977 977 977 977 977 977 977 977 977 977 977 977 977 977 995 1003 1013 1020 1026 1031 1036 1040 1044 1048 1051 1054 1056 1059 1061 1063 1065 1068 1070 1072 1074 1075 1077 1078 1080 1081 1082 1083 1084 1085 1085 1087 1087 1087 1088 1088 1088 1088 1089 1089 1088 1089 1088 1087 1087 1087 1086 1085 1085 1083 1082 1081 1080 1078 1076 1075 1073 1071 1068 1067 1064 1061
723 723 723 723 723 723 723 723 723 723 723 723 723 723 723 977 977 977 977 977 977 977 977 977 977 977 977 977 977 977 977 977 977 1000 1010 1018 1024 1029 1034 1038 1042 1045 1049 1051 1054 1057 1059 1061 1064 1066 1067 1070 1071 1073 1074 1076 1077 1078 1080 1080 1081 1081 1083 1083 1083 1085 1085 1085 1084 1085 1085 1084 1085 1084 1084 1083 1083 1082 1081 1081 1079 1078 1076 1076 1074 1072 1071 1069 1066 1063 1062 1058 1055
723 723 723 723 723 723 723 723 723 723 723 723 723 723 723 977 977 977 977 977 977 977 977 977 977 977 977 977 977 977 977 977 977 977 995 1007 1015 1021 1027 1032 1036 1040 1043 1046 1049 1052 1054 1056 1059 1061 1063 1066 1067 1069 1070 1072 1073 1074 1076 1076 1077 1078 1079 1079 1080 1081 1081 1081 1081 1081 1081 1081 1081 1080 1080 1079 1079 1078 1077 1077 1075 1074 1072 1071 1069 1067 1066 1064 1061 1058 1056 1053 1049
723 723 723 723 723 723 723 723 723 723 723 723 723 723 723 977 977 977 977 977 977 977 977 977 977 977 977 977 977 977 977 977 977 977 977 995 1003 1012 1018 1024 1029 1033 1037 1040 1043 1046 1049 1052 1055 1057 1058 1061 1063 1064 1066 1068 1069 1070 1072 1072 1073 1074 1075 1075 1076 1077 1077 1077 1078 1077 1077 1076 1077 1076 1076 1076 1075 1074 1072 1072 1071 1069 1068 1067 1065 1062 1061 1058 1055 1053 1050 1046 1042
723 723 723 723 723 723 723 723 723 723 723 723 723 723 723 977 977 977 977 977 977 977 977 977 977 977 977 977 977 977 977 977 977 977 977 977 977 998 1008 1015 1021 1026 1030 1034 1037 1040 1043 1047 1049 1051 1053 1056 1058 1059 1062 1063 1064 1065 1067 1068 1069 1070 1071 1071 1071 1072 1072 1072 1073 1073 1073 1072 1073 1072 1071 1071 1070 1069 1068 1067 1066 1064 1063 1061 1059 1057 1055 1052 1049 1047 1043 1039 1173
723 723 723 723 723 723 723 723 723 723 723 723 723 723 723 977 977 977 977 977 977 977 977 977 977 977 977 977 977 977 977 977 977 977 977 977 977 977 995 1003 1011 1017 1022 1027 1031 1034 1037 1041 1044 1046 1048 1051 1053 1054 1057 1058 1060 1061 1063 1063 1064 1066 1066 1067 1067 1068 1068 1068 1069 1069 1068 1068 1068 1067 1067 1067 1066 1064 1063 1062 1061 1059 1058 1056 1054 1051 1049 1046 1043 1040 1035 1030 1163
723 723 723 723 723 723 723 723 723 723 723 723 723 723 723 977 977 977 977 977 977 977 977 977 977 977 977 977 977 977 977 977 977 977 977 977 977 977 977 977 996 1006 1012 1018 1023 1027 1030 1034 1037 1040 1042 1045 1047 1049 1052 1053 1054 1056 1058 1058 1059 1061 1061 1062 1062 1063 1063 1063 1064 1064 1063 1063 1063 1062 1062 1062 1060 1059 1058 1057 1055 1053 1052 1050 1047 1044 1042 1039 1035 1031 1025 1158 1148
723 723 723 723 723 723 723 723 723 723 723 723 723 723 977 977 977 977 977 977 977 977 977 977 977 977 977 977 977 977 977 977 977 977 977 977 977 977 977 977 977 995 999 1007 1013 1018 1022 1027 1030 1033 1036 1039 1041 1043 1046 1048 1049 1050 1052 1053 1054 1056 1056 1057 1057 1058 1058 1058 1059 1059 1058 1058 1058 1057 1056 1056 1055 1054 1052 1051 1049 1047 1046 1043 1040 1037 1034 1030 1025 1020 1151 1147 1129
723 723 723 723 723 723 723 723 723 723 723 723 723 723 977 977 977 977 977 977 977 977 977 977 977 977 977 977 977 977 977 977 977 977 977 977 977 977 977 977 977 977 977 995 1000 1007 1012 1018 1022 1025 1028 1032 1035 1037 1040 1041 1043 1044 1046 1047 1048 1050 1051 1051 1051 1053 1053 1053 1053 1053 1053 1052 1052 1051 1050 1050 1049 1047 1046 1045 1043 1040 1038 1035 1032 1028 1024 1019 1012 1008 1129 1129 1129
723 723 723 723 723 723 723 723 723 723 723 723 723 723 977 977 977 977 977 977 977 977 977 977 977 977 977 977 977 977 977 977 977 977 977 977 977 977 977 977 977 977 977 977 977 995 999 1006 1012 1016 1020 1024 1027 1029 1032 1034 1036 1038 1040 1041 1042 1044 1045 1045 1045 1047 1047 1047 1047 1047 1047 1046 1046 1045 1044 1044 1042 1040 1038 1037 1035 1032 1030 1026 1022 1016 1011 1007 989 1129 1129 1129 1129
723 723 723 723 723 723 723 723 723 723 723 723 723 723 977 977 977 977 977 977 977 977 977 977 977 977 977 977 977 977 977 977 977 977 977 977 977 977 977 977 977 977 977 977 977 977 977 996 997 1004 1009 1014 1018 1021 1024 1026 1028 1030 1033 1034 1035 1037 1038 1038 1039 1040 1040 1040 1041 1040 1040 1039 1039 1038 1037 1036 1034 1032 1030 1029 1026 1022 1019 1014 1007 1006 989 989 989 1129 1129 1129 1129
723 723 723 723 723 723 723 723 723 723 723 723 723 723 977 977 977 977 977 977 977 977 977 977 977 977 977 977 977 977 977 977 977 977 977 977 977 977 977 977 977 977 977 977 977 977 977 978 978 978 996 1000 1005 1009 1014 1017 1019 1021 1024 1026 1027 1029 1030 1031 1031 1032 1032 1032 1033 1033 1032 1031 1031 1030 1028 1027 1025 1023 1020 1017 1013 1008 1006 988 988 988 989 989 1128 1129 1129 1129 1129
723 723 723 723 723 723 723 723 723 723 723 723 723 723 977 977 977 977 977 977 977 977 977 977 977 977 977 977 977 977 977 977 977 977 977 977 977 977 977 977 977 977 977 977 977 977 977 978 978 978 978 979 979 997 998 1003 1007 1010 1013 1015 1017 1019 1020 1021 1022 1023 1023 1023 1024 1023 1022 1021 1021 1019 1017 1016 1013 1009 1004 1005 987 987 988 988 988 988 989 989 1128 1129 1129 1129 1129
723 723 723 723 723 723 723 723 723 723 723 723 723 723 977 977 977 977 977 977 977 977 977 977 977 977 977 977 977 977 977 977 977 977 977 977 977 977 977 977 977 977 977 977 977 977 977 978 978 978 978 979 979 979 980 980 980 998 999 1000 1003 1006 1008 1009 1010 1011 1011 1011 1012 1011 1010 1008 1007 1004 1003 1004 986 986 986 987 987 987 988 988 988 988 989 1128 1128 1129 1129 1129 1129
723 723 723 723 723 723 723 723 723 723 723 723 723 723 977 977 977 977 977 977 977 977 977 977 977 977 977 977 977 977 977 977 977 977 977 977 977 977 977 977 977 977 977 977 977 977 977 978 978 978 978 979 979 979 980 980 980 980 981 981 981 982 982 982 982 983 983 983 984 984 984 984 985 985 985 986 986 986 986 987 987 987 988 988 988 988 1128 1128 1128 1129 1129 1129 1129
723 723 723 723 723 723 723 723 723 723 723 723 723 977 977 977 977 977 977 977 977 977 977 977 977 977 977 977 977 977 977 977 977 977 977 977 977 977 977 977 977 977 977 977 977 977 977 978 978 978 978 979 979 979 980 980 980 980 981 981 981 982 982 982 982 983 983 983 984 984 984 984 985 985 985 986 986 986 986 987 987 987 988 988 988 988 1128 1128 1128 1129 1129 1129 1129
723 723 723 723 723 723 723 723 723 723 723 723 723 977 977 977 977 977 977 977 977 977 977 977 977 977 977 977 977 977 977 977 977 977 977 977 977 977 977 977 977 977 977 977 977 977 977 978 978 978 978 979 979 979 980 980 980 980 981 981 981 982 982 982 982 983 983 983 984 984 984 984 985 985 985 986 986 986 986 987 987 987 988 988 988 1127 1128 1128 1128 1129 1129 1129 1129
723 723 723 723 723 723 723 723 723 723 723 723 723 977 977 977 977 977 977 977 977 977 977 977 977 977 977 977 977 977 977 977 977 977 977 977 977 977 977 977 977 977 977 977 977 977 977 978 978 978 978 979 979 979 980 980 980 980 981 981 981 982 982 982 982 983 983 983 984 984 984 984 985 985 985 986 986 986 986 987 987 987 988 988 988 1127 1128 1128 1128 1129 1129 1129 1129
723 723 723 723 723 723 723 723 723 723 723 723 723 977 977 977 977 977 977 977 977 977 977 977 977 977 977 977 977 977 977 977 977 977 977 977 977 977 977 977 977 977 977 977 977 977 977 978 978 978 978 979 979 979 980 980 980 980 981 981 981 982 982 982 982 983 983 983 984 984 984 984 985 985 985 986 986 986 986 987 987 987 988 988 1127 1127 1128 1128 1128 1129 1129 1129 1129
723 723 723 723 723 723 723 723 723 723 723 723 723 977 977 977 977 977 977 977 977 977 977 977 977 977 977 977 977 977 977 977 977 977 977 977 977 977 977 977 977 977 977 977 977 977 977 978 978 978 978 979 979 979 980 980 980 980 981 981 981 982 982 982 982 983 983 983 984 984 984 984 985 985 985 986 986 986 986 987 987 987 988 988 1127 1127 1128 1128 1128 1129 1129 1129 1129
723 723 723 723 723 723 723 723 723 723 723 723 723 977 977 977 977 977 977 977 977 977 977 977 977 977 977 977 977 977 977 977 977 977 977 977 977 977 977 977 977 977 977 977 977 977 977 978 978 978 978 979 979 979 980 980 980 980 981 981 981 982 982 982 982 983 983 983 984 984 984 984 985 985 985 986 986 986 986 987 987 987 988 1127 1127 1127 1128 1128 1128 1129 1129 1129 1129
723 723 723 723 723 723 723 723 723 723 723 723 723 977 977 977 977 977 977 977 977 977 977 977 977 977 977 977 977 977 977 977 977 977 977 977 977 977 977 977 977 977 977 977 977 977 977 978 978 978 978 979 979 979 980 980 980 980 981 981 981 982 982 982 982 983 983 983 984 984 984 984 985 985 985 986 986 986 986 987 987 987 988 1127 1127 1127 1128 1128 1128 1129 1129 1129 1129
723 723 723 723 723 723 723 723 723 723 723 723 723 977 977 977 977 977 977 977 977 977 977 977 977 977 977 977 977 977 977 977 977 977 977 977 977 977 977 977 977 977 977 977 977 977 977 978 978 978 978 979 979 979 980 980 980 980 981 981 981 982 982 982 982 983 983 983 984 984 984 984 985 985 985 986 986 986 986 987 987 987 1127 1127 1127 1127 1128 1128 1128 1129 1129 1129 1129
723 723 723 723 723 723 723 723 723 723 723 723 723 977 977 977 977 977 977 977 977 977 977 977 977 977 977 977 977 977 977 977 977 977 977 977 977 977 977 977 977 977 977 977 977 977 977 978 978 978 978 979 979 979 980 980 980 980 981 981 981 982 982 982 982 983 983 983 984 984 984 984 985 985 985 986 986 986 986 987 987 987 1127 1127 1127 1127 1128 1128 1128 1129 1129 1129 1129
723 723 723 723 723 723 723 723 723 723 723 723 977 977 977 977 977 977 977 977 977 977 977 977 977 977 977 977 977 977 977 977 977 977 977 977 977 977 977 977 977 977 977 977 977 977 977 978 978 978 978 979 979 979 980 980 980 980 981 981 981 982 982 982 982 983 983 983 984 984 984 984 985 985 985 986 986 986 986 987 987 1126 1127 1127 1127 1127 1128 1128 1128 1129 1129 1129 1129
454 454 723 723 723 723 723 723 723 723 723 723 977 977 977 977 977 977 977 977 977 977 977 977 977 977 977 977 977 977 977 977 977 977 977 977 977 977 977 977 977 977 977 977 977 977 977 978 978 978 978 979 979 979 980 980 980 980 981 981 981 982 982 982 982 983 983 983 984 984 984 984 985 985 985 986 986 986 986 987 987 1126 1127 1127 1127 1127 1128 1128 1128 1129 1129 1129 1129
454 454 454 723 723 723 723 723 723 723 723 723 977 977 977 977 977 977 977 977 977 977 977 977 977 977 977 977 977 977 977 977 977 977 977 977 977 977 977 977 977 977 977 977 977 977 977 977 978 978 978 979 979 979 979 980 980 980 981 981 981 981 982 982 982 983 983 983 983 984 984 984 985 985 985 985 986 986 986 987 1126 1126 1126 1127 1127 1127 1128 1128 1128 1128 1129 1129 1129
454 454 454 454 454 723 723 723 723 723 723 723 977 977 977 977 977 977 977 977 977 977 977 977 977 977 977 977 977 977 977 977 977 977 977 977 977 977 977 977 977 977 977 977 977 977 977 977 978 978 978 979 979 979 979 980 980 980 981 981 981 981 982 982 982 983 983 983 983 984 984 984 985 985 985 985 986 986 986 987 1126 1126 1126 1127 1127 1127 1128 1128 1128 1128 1129 1129 1129
454 454 454 454 454 454 454 723 723 723 723 723 977 977 977 977 977 977 977 977 977 977 977 977 977 977 977 977 977 977 977 977 977 977 977 977 977 977 977 977 977 977 977 977 977 977 977 977 978 978 978 979 979 979 979 980 980 980 981 981 981 981 982 982 982 983 983 983 983 984 984 984 985 985 985 985 986 986 986 1126 1126 1126 1126 1127 1127 1127 1128 1128 1128 1128 1129 1129 1129
454 454 454 454 454 454 454 454 454 723 723 723 977 977 977 977 977 977 977 977 977 977 977 977 977 977 977 977 977 977 977 977 977 977 977 977 977 977 977 977 977 977 977 977 977 977 977 977 978 978 978 979 979 979 979 980 980 980 981 981 981 981 982 982 982 983 983 983 983 984 984 984 985 985 985 985 986 986 986 1126 1126 1126 1126 1127 1127 1127 1128 1128 1128 1128 1129 1129 1129
454 454 454 454 454 454 454 454 454 454 454 723 977 977 977 977 977 977 977 977 977 977 977 977 977 977 977 977 977 977 977 977 977 977 977 977 977 977 977 977 977 977 977 977 977 977 977 977 978 978 978 979 979 979 979 980 980 980 981 981 981 981 982 982 982 983 983 983 983 984 984 984 985 985 985 985 986 986 1125 1126 1126 1126 1126 1127 1127 1127 1128 1128 1128 1128 1129 1129 1129
454 454 454 454 454 454 454 454 454 454 454 454 708 977 977 977 977 977 977 977 977 977 977 977 977 977 977 977 977 977 977 977 977 977 977 977 977 977 977 977 977 977 977 977 977 977 977 977 978 978 978 979 979 979 979 980 980 980 981 981 981 981 982 982 982 983 983 983 983 984 984 984 985 985 985 985 986 986 1125 1126 1126 1126 1126 1127 1127 1127 1128 1128 1128 1128 1129 1129 1129
454 454 454 454 454 454 454 454 454 454 454 454 708 708 708 977 977 977 977 977 977 977 977 977 977 977 977 977 977 977 977 977 977 977 977 977 977 977 977 977 977 977 977 977 977 977 977 977 978 978 978 979 979 979 979 980 980 980 981 981 981 981 982 982 982 983 983 983 983 984 984 984 985 985 985 985 986 986 1125 1126 1126 1126 1126 1127 1127 1127 1128 1128 1128 1128 1129 1129 1129
