testData/tiles/oneDegree/grid49.0-37.0-50.0-38.0.asc
ncols   200
nrows   200
xllcorner   49.0
yllcorner   37.0
cellsize   0.005
NODATA_value   -9999.0
[rows 84 to 125 of 200, columns 0 to 93 of 200]
378 378 378 378 378 378 378 379 379 379 380 380 380 380 380 380 380 380 380 380 380 380 380 380 379 379 379 379 379 379 379 379 379 379 378 378 378 378 378 378 378 377 377 377 377 377 376 376 377 377 377 376 376 376 375 375 375 375 374 374 374 373 373 373 372 372 372 371 371 371 370 370 369 369 369 368 368 367 367 366 366 365 365 364 364 363 363 362 362 361 361 360 360 358
378 378 378 378 378 378 378 379 379 379 379 379 379 379 379 379 379 379 379 379 379 379 379 379 379 379 379 379 379 379 379 379 378 378 378 378 378 378 378 377 377 378 378 378 378 377 377 377 377 376 376 376 376 375 375 375 375 374 374 374 373 373 373 372 372 372 371 371 371 370 370 369 369 369 368 368 367 367 366 366 366 365 365 364 364 363 363 362 362 361 360 360 359 359
377 377 378 378 379 379 379 379 379 379 379 379 379 379 379 379 379 379 379 379 379 379 379 379 379 379 379 379 379 378 378 378 378 378 378 379 379 378 378 378 378 378 378 377 377 377 377 377 376 376 376 376 375 375 375 375 374 374 374 373 373 373 372 372 372 371 371 371 370 370 370 369 369 368 368 368 367 367 366 366 365 365 364 364 363 363 362 362 361 361 360 360 359 358
377 378 378 378 378 379 379 379 379 379 379 379 379 379 379 379 379 379 379 379 379 379 379 379 379 379 378 378 378 379 379 379 379 379 379 378 378 378 378 378 378 378 377 377 377 377 377 376 376 376 376 375 375 375 375 374 374 374 373 373 373 373 372 372 372 371 371 370 370 370 369 369 368 368 368 367 367 366 366 365 365 364 364 364 363 363 362 361 361 360 360 359 359 358
378 378 378 378 378 378 378 378 378 378 378 379 379 379 379 379 379 379 379 379 378 378 378 378 378 379 379 379 379 379 379 379 379 378 378 378 378 378 378 378 377 377 377 377 377 376 376 376 376 376 375 375 375 375 374 374 374 373 373 373 373 372 372 372 371 371 370 370 370 369 369 369 368 368 367 367 366 366 366 365 365 364 364 363 363 362 362 361 361 360 360 359 358 358
378 378 378 378 378 378 378 378 378 378 378 378 378 378 378 378 378 378 378 378 378 379 379 379 379 379 379 379 379 379 379 378 378 378 378 378 378 378 377 377 377 377 377 377 376 376 376 376 376 375 375 375 375 374 374 374 373 373 373 373 372 372 372 371 371 371 370 370 369 369 369 368 368 367 367 367 366 366 365 365 364 364 363 363 362 362 361 361 360 360 359 359 358 357
377 377 377 378 378 378 378 378 378 378 378 378 378 378 378 378 378 379 379 379 379 379 379 379 379 379 379 379 378 378 378 378 378 378 378 378 377 377 377 377 377 377 376 376 376 376 376 375 375 375 375 374 374 374 374 373 373 373 373 372 372 372 371 371 371 370 370 370 369 369 368 368 368 367 367 366 366 365 365 365 364 364 363 363 362 362 361 361 360 359 359 358 358 357
377 377 377 377 377 377 377 377 378 378 378 378 378 379 379 379 379 379 379 379 379 379 379 378 378 378 378 378 378 378 378 378 378 378 377 377 377 377 377 377 377 376 376 376 376 376 375 375 375 375 374 374 374 374 374 374 374 374 373 373 373 372 372 372 371 371 371 370 370 369 369 369 368 368 367 367 367 366 366 365 365 364 364 363 363 362 362 360 360 359 359 358 357 357
377 377 377 377 377 377 377 377 377 377 378 378 378 378 378 378 378 378 378 378 378 378 378 378 378 378 378 378 378 378 378 378 377 377 377 377 377 377 377 376 376 376 376 376 375 376 376 376 376 375 375 375 375 374 374 374 374 373 373 373 372 372 372 371 371 371 370 370 370 369 369 368 368 368 367 367 366 366 365 365 364 364 363 363 362 362 361 361 360 360 359 359 358 358
376 376 377 377 377 377 377 378 378 378 378 378 378 378 378 378 378 378 378 378 378 378 378 378 378 378 378 378 378 377 377 377 377 377 377 377 377 376 377 377 377 377 377 376 376 376 376 376 375 375 375 375 374 374 374 374 373 373 373 372 372 372 371 371 371 370 370 370 369 369 368 368 368 367 367 366 366 365 365 365 364 364 363 363 362 362 361 361 360 359 359 358 358 357
376 376 376 376 377 377 378 378 378 378 378 378 378 378 378 378 378 378 378 378 378 378 378 378 378 377 377 377 377 377 377 377 377 378 378 377 377 377 377 377 377 376 376 376 376 376 375 375 375 375 375 374 374 374 373 373 373 373 372 372 372 371 371 371 370 370 370 369 369 369 368 368 367 367 366 366 366 365 365 364 364 363 363 362 362 361 361 360 360 359 359 358 357 357
376 377 377 377 377 377 377 377 377 377 377 377 377 377 378 378 378 377 377 377 377 377 377 377 377 377 377 377 378 378 378 378 378 377 377 377 377 377 377 377 376 376 376 376 376 375 375 375 375 374 374 374 374 373 373 373 373 372 372 372 371 371 371 370 370 370 369 369 369 368 368 367 367 367 366 366 365 365 364 364 363 363 362 362 361 361 360 360 359 359 358 358 357 357
376 377 377 377 377 377 377 377 377 377 377 377 377 377 377 377 377 377 377 377 377 377 377 377 378 378 378 378 378 378 377 377 377 377 377 377 377 377 376 376 376 376 376 375 375 375 375 375 374 374 374 374 373 373 373 373 372 372 372 371 371 371 370 370 370 369 369 369 368 368 368 367 367 366 366 365 365 365 364 364 363 363 362 362 361 361 360 360 359 359 358 357 357 356
376 376 376 376 376 377 377 377 377 377 377 377 377 377 377 377 377 377 377 377 378 378 378 378 378 378 377 377 377 377 377 377 377 377 377 377 376 376 376 376 376 376 375 375 375 375 375 374 374 374 374 373 373 373 373 372 372 372 371 371 371 370 370 370 369 369 369 368 368 368 367 367 366 366 366 365 365 364 364 363 363 362 362 361 361 360 360 359 359 358 358 357 356 356
376 376 376 376 376 376 376 376 376 376 377 377 377 377 377 377 378 378 378 378 378 377 377 377 377 377 377 377 377 377 377 377 377 376 376 376 376 376 376 376 375 375 375 375 375 374 374 374 374 374 373 373 373 373 372 372 372 371 371 371 370 370 370 370 370 370 369 369 369 368 368 367 367 367 366 366 365 365 363 363 362 362 362 361 361 360 359 359 358 358 357 357 356 356
376 376 376 376 376 376 376 376 376 376 376 376 376 377 377 377 377 377 377 377 377 377 377 377 377 377 377 377 377 377 377 376 376 376 376 376 376 376 375 375 375 375 375 375 374 374 374 374 373 373 374 374 373 373 373 373 372 372 372 371 371 371 370 370 370 369 369 369 368 368 368 367 367 366 366 365 365 365 364 364 363 363 362 362 361 361 360 360 359 359 358 356 356 355
375 375 375 375 376 376 376 376 376 376 377 377 377 377 377 377 377 377 377 377 377 377 377 377 377 377 377 376 376 376 376 376 376 376 376 376 375 375 375 375 375 375 375 375 375 375 375 374 374 374 374 373 373 373 373 372 372 372 371 371 371 371 370 370 369 369 369 368 368 368 367 367 366 366 366 365 365 364 364 363 363 362 362 361 361 360 360 359 359 358 358 357 356 356
375 375 375 375 375 375 375 376 376 377 377 377 377 377 377 377 377 377 377 377 377 377 376 376 376 376 376 376 376 376 376 376 376 376 375 375 376 376 376 376 375 375 375 375 375 375 374 374 374 374 373 373 373 373 372 372 372 371 371 371 371 370 370 370 369 369 368 368 368 367 367 366 366 366 365 365 364 364 363 363 363 362 362 361 361 360 359 359 358 358 357 357 356 356
375 375 375 375 376 376 376 376 376 376 376 376 376 376 376 376 376 376 376 376 376 376 376 376 376 376 376 376 376 376 376 376 376 376 376 376 376 376 375 375 375 375 375 375 374 374 374 374 374 373 373 373 373 372 372 372 371 371 371 371 370 370 370 369 369 368 368 368 367 367 367 366 366 365 365 364 364 364 363 363 362 362 361 361 360 360 359 359 358 358 357 356 356 355
374 375 375 376 376 376 376 376 376 376 376 376 376 376 376 376 376 376 376 376 376 376 376 376 376 376 376 377 376 376 376 376 376 376 376 376 375 375 375 375 375 375 374 374 374 374 374 373 373 373 373 372 372 372 372 371 371 371 370 370 370 370 369 369 369 368 368 367 367 367 366 366 365 365 365 364 364 363 363 362 362 361 361 360 360 359 359 358 358 357 357 356 355 355
375 375 375 375 375 375 375 375 376 376 376 376 376 376 376 376 376 376 376 376 376 376 376 376 376 376 376 376 376 376 376 376 376 376 375 375 375 375 375 375 375 374 374 374 374 374 373 373 373 373 372 372 372 372 371 371 371 370 370 370 370 369 369 369 368 368 367 367 367 366 366 366 365 365 364 364 363 363 362 362 362 361 361 360 360 359 358 358 357 357 356 356 355 355
375 375 375 375 375 375 375 375 375 375 375 375 375 375 375 375 375 375 375 376 376 376 376 376 376 376 376 376 376 376 376 375 375 375 375 375 375 375 375 374 374 374 374 374 373 373 373 373 373 372 372 372 372 371 371 371 370 370 370 370 369 369 369 368 368 367 367 367 366 366 366 365 365 364 364 363 363 363 362 362 361 361 360 360 359 359 358 358 357 356 356 355 355 354
374 374 374 375 375 375 375 375 375 375 375 375 375 375 375 375 376 376 376 376 376 376 376 376 376 376 376 376 375 375 375 375 375 375 375 375 375 374 374 374 374 374 374 373 373 373 373 372 372 372 372 371 371 371 371 371 371 371 371 370 370 370 369 369 369 368 368 367 367 367 366 366 365 365 365 364 364 363 363 362 362 361 361 360 360 359 358 357 357 356 356 355 354 354
374 374 374 374 374 374 374 375 375 375 375 375 375 376 376 376 376 376 376 376 376 376 376 376 375 375 375 375 375 375 375 375 375 375 374 374 374 374 374 374 374 373 373 373 373 373 373 373 373 373 372 372 372 372 371 371 371 370 370 370 370 369 369 369 368 368 367 367 367 366 366 365 365 365 364 364 363 363 362 362 361 361 360 360 359 359 358 358 357 357 356 356 355 354
374 374 374 374 374 374 374 374 374 374 375 375 375 375 375 375 375 375 375 375 375 375 375 375 375 375 375 375 375 375 375 375 374 374 374 374 374 374 374 373 374 374 374 374 373 373 373 373 373 372 372 372 372 371 371 371 370 370 370 370 369 369 369 368 368 367 367 367 366 366 366 365 365 364 364 363 363 363 362 362 361 361 360 360 359 359 358 358 357 356 356 355 355 354
373 373 373 374 374 374 374 375 375 375 375 375 375 375 375 375 375 375 375 375 375 375 375 375 375 375 375 375 374 374 374 374 374 374 375 375 375 374 374 374 374 374 374 373 373 373 373 372 372 372 372 371 371 371 371 370 370 370 370 369 369 369 368 368 368 367 367 366 366 366 365 365 364 364 364 363 363 362 362 361 361 360 360 359 359 358 358 357 357 356 356 355 354 354
373 373 373 373 374 374 374 375 375 375 375 375 375 375 375 375 375 375 375 375 375 375 375 375 374 374 374 374 374 374 375 375 375 375 374 374 374 374 374 374 374 373 373 373 373 373 372 372 372 372 371 371 371 371 370 370 370 369 369 369 369 368 368 368 367 367 366 366 366 365 365 364 364 364 363 363 362 362 361 361 360 360 359 359 358 358 357 357 356 356 355 355 354 353
373 374 374 374 374 374 374 374 374 374 374 374 374 374 374 374 374 374 374 374 374 374 374 374 374 374 375 375 375 375 375 375 374 374 374 374 374 374 374 373 373 373 373 373 372 372 372 372 372 371 371 371 371 370 370 370 369 369 369 369 368 368 368 367 367 366 366 366 365 365 365 364 364 363 363 362 362 362 361 361 360 360 359 359 358 358 357 356 356 355 355 354 354 353
373 373 374 374 374 374 374 374 374 374 374 374 374 374 374 374 374 374 374 374 374 374 375 375 375 375 375 375 375 374 374 374 374 374 374 374 374 373 373 373 373 373 373 372 372 372 372 371 371 371 371 370 370 370 370 369 369 369 368 368 368 368 367 367 366 366 366 365 365 365 364 364 363 363 363 362 362 361 361 360 360 359 359 358 358 357 357 356 356 355 354 354 353 353
373 373 373 373 373 373 373 374 374 374 374 374 374 374 374 374 374 374 374 375 375 375 375 375 374 374 374 374 374 374 374 374 374 374 373 373 373 373 373 373 373 372 372 372 372 372 371 371 371 371 370 370 370 370 369 369 369 368 368 368 368 367 367 366 367 367 366 366 366 365 365 364 364 364 363 363 362 361 360 360 359 359 358 358 357 357 356 356 355 355 354 353 353 352
373 373 373 373 373 373 373 373 373 373 373 373 373 373 373 374 374 374 374 374 374 374 374 374 374 374 374 374 374 374 374 374 373 373 373 373 373 373 373 372 372 372 372 372 371 371 371 371 371 370 370 371 371 370 370 370 369 369 369 368 368 368 367 367 367 366 366 366 365 365 364 364 364 363 363 362 362 361 361 360 360 360 359 359 358 357 357 356 356 355 354 353 353 352
372 372 372 373 373 373 373 373 373 373 373 373 374 374 374 374 374 374 374 374 374 374 374 374 374 374 374 374 373 373 373 373 373 373 373 373 373 372 372 372 372 372 371 371 372 372 372 371 371 371 371 370 370 370 370 369 369 369 368 368 368 367 367 367 366 366 366 365 365 365 364 364 363 363 362 362 362 361 361 360 360 359 359 358 358 357 357 356 355 355 354 354 353 353
372 372 372 372 372 372 372 373 373 374 374 374 374 374 374 374 374 374 374 374 374 374 374 374 373 373 373 373 373 373 373 373 373 373 372 372 372 372 373 373 373 372 372 372 372 372 371 371 371 371 370 370 370 370 369 369 369 368 368 368 367 367 367 366 366 366 365 365 365 364 364 363 363 363 362 362 361 361 360 360 359 359 358 358 357 357 356 356 355 355 354 353 353 352
372 372 372 372 372 372 372 373 373 373 373 373 373 373 373 373 373 373 373 373 373 373 373 373 373 373 373 373 373 373 373 372 372 373 373 373 373 373 373 372 372 372 372 372 371 371 371 371 371 370 370 370 369 369 369 369 368 368 368 367 367 367 366 366 366 365 365 365 364 364 363 363 363 362 362 361 361 360 360 359 359 358 358 357 357 356 356 355 355 354 354 353 352 352
371 371 371 372 373 373 373 373 373 373 373 373 373 373 373 373 373 373 373 373 373 373 373 373 373 373 373 373 372 373 373 373 373 373 373 373 372 372 372 372 372 372 371 371 371 371 371 370 370 370 370 369 369 369 369 368 368 368 367 367 367 366 366 366 365 365 365 364 364 363 363 363 362 362 361 361 360 360 360 359 359 358 358 357 357 356 355 355 354 354 353 353 352 351
371 371 372 372 372 372 372 372 373 373 373 373 373 373 373 373 373 373 373 373 373 373 373 372 372 373 373 373 373 373 373 373 373 373 372 372 372 372 372 372 371 371 371 371 371 370 370 370 370 370 369 369 369 369 368 368 368 367 367 367 366 366 366 365 365 365 364 364 363 363 363 362 362 361 361 361 360 360 359 359 358 358 357 357 356 356 355 355 354 353 353 352 352 351
372 372 372 372 372 372 372 372 372 372 372 372 372 372 372 372 372 372 372 372 372 373 373 373 373 373 373 373 373 373 373 372 372 372 372 372 372 372 371 371 371 371 371 371 370 370 370 370 369 369 369 369 368 368 368 368 367 367 367 366 366 366 365 365 365 364 364 364 363 363 362 362 361 361 361 360 360 359 359 358 358 357 357 356 356 355 355 354 354 353 352 352 351 351
371 371 371 371 372 372 372 372 372 372 372 372 372 372 372 372 372 372 373 373 373 373 373 373 373 373 373 372 372 372 372 372 372 372 372 372 371 371 371 371 371 371 370 370 370 370 370 369 369 369 369 368 368 368 368 367 367 368 367 367 367 366 366 366 365 365 365 364 364 363 363 363 362 362 361 361 360 360 359 359 358 358 357 357 355 355 354 354 353 353 352 351 351 350
371 371 371 371 371 371 371 371 371 372 372 372 372 372 372 373 373 373 373 373 373 373 372 372 372 372 372 372 372 372 372 372 372 371 371 371 371 371 371 371 370 370 370 370 370 369 369 369 370 369 369 369 369 368 368 368 368 367 367 367 366 366 366 365 365 365 364 364 363 363 363 362 362 361 361 360 360 360 359 359 358 358 357 357 356 355 355 354 354 353 353 352 351 350
370 371 371 371 371 371 371 371 371 371 371 371 372 372 372 372 372 372 372 372 372 372 372 372 372 372 372 372 372 372 371 371 371 371 371 371 371 371 370 370 370 371 371 370 370 370 370 370 369 369 369 369 368 368 368 368 367 367 367 366 366 366 365 365 365 364 364 363 363 363 362 362 361 361 361 360 360 359 359 358 358 357 357 356 356 355 355 354 353 353 352 352 351 351
370 370 370 370 371 371 371 371 371 372 372 372 372 372 372 372 372 372 372 372 372 372 372 372 372 372 372 371 371 371 371 371 371 371 371 371 371 371 371 371 371 371 370 370 370 370 369 369 369 369 369 368 368 368 367 367 367 367 366 366 366 365 365 365 364 364 363 363 363 362 362 361 361 361 360 360 359 359 358 358 357 357 356 356 355 355 354 354 353 352 352 351 351 350
370 370 370 370 370 370 370 371 371 371 371 372 372 372 372 372 372 372 372 372 371 371 371 371 371 371 371 371 371 371 371 371 372 371 371 371 371 371 371 371 370 370 370 370 370 369 369 369 369 368 368 368 368 367 367 367 366 366 366 366 365 365 365 364 364 363 363 363 362 362 361 361 361 360 360 359 359 358 358 357 357 356 356 355 355 354 354 353 353 352 352 351 350 350
