testData/tiles/oneDegree/grid34.0-32.0-35.0-33.0.asc
ncols   200
nrows   200
xllcorner   34.0
yllcorner   32.0
cellsize   0.005
NODATA_value   -9999.0
[rows 0 to 54 of 200, columns 96 to 191 of 200]
37 37 37 37 37 37 37 37 37 37 37 37 37 37 37 37 37 37 37 37 37 37 37 37 37 37 37 37 37 37 37 37 37 37 37 37 37 37 37 37 37 37 37 37 37 37 37 37 37 37 37 37 37 37 37 37 37 37 37 37 90 90 90 90 90 90 90 90 90 90 90 90 90 90 90 90 90 90 90 90 90 90 90 90 90 90 90 90 90 90 90 90 90 90 90 90
37 37 37 37 37 37 37 37 37 37 37 37 37 37 37 37 37 37 37 37 37 37 37 37 37 37 37 37 37 37 37 37 37 37 37 37 37 37 37 37 37 37 37 37 37 37 37 37 37 37 37 37 37 37 37 37 37 37 37 37 37 90 90 90 90 90 90 90 90 90 90 90 90 90 90 90 90 90 90 90 90 90 90 90 90 90 90 90 90 90 90 90 90 90 90 90
37 37 37 37 37 37 37 37 37 37 37 37 37 37 37 37 37 37 37 37 37 37 37 37 37 37 37 37 37 37 37 37 37 37 37 37 37 37 37 37 37 37 37 37 37 37 37 37 37 37 37 37 37 37 37 37 37 37 37 37 37 90 90 90 90 90 90 90 90 90 90 90 90 90 90 90 90 90 90 90 90 90 90 90 90 90 90 90 90 90 90 90 90 90 90 90
37 37 37 37 37 37 37 37 37 37 37 37 37 37 37 37 37 37 37 37 37 37 37 37 37 37 37 37 37 37 37 37 37 37 37 37 37 37 37 37 37 37 37 37 37 37 37 37 37 37 37 37 37 37 37 37 37 37 37 37 37 90 90 90 90 90 90 90 90 90 90 90 90 90 90 90 90 90 90 90 90 90 90 90 90 90 90 90 90 90 90 90 90 90 90 90
37 37 37 37 37 37 37 37 37 37 37 37 37 37 37 37 37 37 37 37 37 37 37 37 37 37 37 37 37 37 37 37 37 37 37 37 37 37 37 37 37 37 37 37 37 37 37 37 37 37 37 37 37 37 37 37 37 37 37 37 37 37 90 90 90 90 90 90 90 90 90 90 90 90 90 90 90 90 90 90 90 90 90 90 90 90 90 90 90 90 90 90 90 90 90 90
37 37 37 37 37 37 37 37 37 37 37 37 37 37 37 37 37 37 37 37 37 37 37 37 37 37 37 37 37 37 37 37 37 37 37 37 37 37 37 37 37 37 37 37 37 37 37 37 37 37 37 37 37 37 37 37 37 37 37 37 37 37 90 90 90 90 90 90 90 90 90 90 90 90 90 90 90 90 90 90 90 90 90 90 90 90 90 90 90 90 90 90 90 90 90 90
37 37 37 37 37 37 37 37 37 37 37 37 37 37 37 37 37 37 37 37 37 37 37 37 37 37 37 37 37 37 37 37 37 37 37 37 37 37 37 37 37 37 37 37 37 37 37 37 37 37 37 37 37 37 37 37 37 37 37 37 37 37 37 90 90 90 90 90 90 90 90 90 90 90 90 90 90 90 90 90 90 90 90 90 90 90 90 90 90 90 90 90 90 90 90 90
47 47 47 47 37 37 37 37 37 37 37 37 37 37 37 37 37 37 37 37 37 37 37 37 37 37 37 37 37 37 37 37 37 37 37 37 37 37 37 37 37 37 37 37 37 37 37 37 37 37 37 37 37 37 37 37 37 37 37 37 37 37 37 90 90 90 90 90 90 90 90 90 90 90 90 90 90 90 90 90 90 90 90 90 90 90 90 90 90 90 90 90 90 90 90 90
47 47 47 47 47 47 47 47 47 47 37 37 37 37 37 37 37 37 37 37 37 37 37 37 37 37 37 37 37 37 37 37 37 37 37 37 37 37 37 37 37 37 37 37 37 37 37 37 37 37 37 37 37 37 37 37 37 37 37 37 37 37 37 37 90 90 90 90 90 90 90 90 90 90 90 90 90 90 90 90 90 90 90 90 90 90 90 90 90 90 90 90 90 90 90 90
47 47 47 47 47 47 47 47 47 47 47 47 47 47 47 37 37 37 37 37 37 37 37 37 37 37 37 37 37 37 37 37 37 37 37 37 37 37 37 37 37 37 37 37 37 37 37 37 37 37 37 37 37 37 37 37 37 37 37 37 37 37 37 37 37 90 90 90 90 90 90 90 90 90 90 90 90 90 90 90 90 90 90 90 90 90 90 90 90 90 90 90 90 90 90 90
48 48 47 47 47 47 47 47 47 47 47 47 47 47 47 47 47 47 47 47 47 37 37 37 37 37 37 37 37 37 37 37 37 37 37 37 37 37 37 37 37 37 37 37 37 37 37 37 37 37 37 37 37 37 37 37 37 37 37 37 37 37 37 37 37 90 90 90 90 90 90 90 90 90 90 90 90 90 90 90 90 90 90 90 90 90 90 90 90 90 90 90 90 90 90 90
50 49 49 49 49 48 48 48 47 47 47 47 47 47 47 47 47 47 47 47 47 47 47 47 47 47 37 37 37 37 37 37 37 37 37 37 37 37 37 37 37 37 37 37 37 37 37 37 37 37 37 37 37 37 37 37 37 37 37 37 37 37 37 37 37 37 90 90 90 90 90 90 90 90 90 90 90 90 90 90 90 90 90 90 90 90 90 90 90 90 90 90 90 90 90 90
51 51 50 50 50 50 49 49 49 49 48 48 48 48 47 47 47 47 47 47 47 47 47 47 47 47 47 47 47 47 47 37 37 37 37 37 37 37 37 37 37 37 37 37 37 37 37 37 37 37 37 37 37 37 37 37 37 37 37 37 37 37 37 37 37 37 90 90 90 90 90 90 90 90 90 90 90 90 90 90 90 90 90 90 90 90 90 90 90 90 90 90 90 90 90 90
52 52 52 51 51 51 51 51 50 50 50 50 49 49 49 49 48 48 48 47 47 47 47 47 47 47 47 47 47 47 47 47 47 47 47 47 37 37 37 37 37 37 37 37 37 37 37 37 37 37 37 37 37 37 37 37 37 37 37 37 37 37 37 37 37 37 37 90 90 90 90 90 90 90 90 90 90 90 90 90 90 90 90 90 90 90 90 90 90 90 90 90 90 90 90 90
53 53 53 53 52 52 52 52 52 51 51 51 51 50 50 50 50 49 49 49 49 48 48 48 47 47 47 47 47 47 47 47 47 47 47 47 47 47 47 47 47 37 37 37 37 37 37 37 37 37 37 37 37 37 37 37 37 37 37 37 37 37 37 37 37 37 37 90 90 90 90 90 90 90 90 90 90 90 90 90 90 90 90 90 90 90 90 90 90 90 90 90 90 90 90 90
54 54 54 54 53 53 53 53 53 52 52 52 52 52 51 51 51 51 50 50 50 50 49 49 49 49 48 48 48 47 47 47 47 47 47 47 47 47 47 47 47 47 47 47 47 47 37 37 37 37 37 37 37 37 37 37 37 37 37 37 37 37 37 37 37 37 37 37 90 90 90 90 90 90 90 90 90 90 90 90 90 90 90 90 90 90 90 90 90 90 90 90 90 90 90 90
55 55 55 55 54 54 54 54 54 53 53 53 53 53 52 52 52 52 52 51 51 51 51 50 50 50 50 49 49 49 49 48 48 48 47 47 47 47 47 47 47 47 47 47 47 47 47 47 47 47 37 37 37 37 37 37 37 37 37 37 37 37 37 37 37 37 37 37 90 90 90 90 90 90 90 90 90 90 90 90 90 90 90 90 90 90 90 90 90 90 90 90 90 90 90 90
56 56 56 55 55 55 55 55 55 54 54 54 54 54 53 53 53 53 53 52 52 52 52 52 51 51 51 51 50 50 50 50 49 49 49 48 48 48 48 47 47 47 47 47 47 47 47 47 47 47 47 47 47 47 47 37 37 37 37 37 37 37 37 37 37 37 37 37 37 90 90 90 90 90 90 90 90 90 90 90 90 90 90 90 90 90 90 90 90 90 90 90 90 90 90 90
57 57 56 56 56 56 56 56 55 55 55 55 55 55 54 54 54 54 54 53 53 53 53 53 52 52 52 52 52 51 51 51 51 50 50 50 50 49 49 49 48 48 48 47 47 47 47 47 47 47 47 47 47 47 47 47 47 47 47 37 37 37 37 37 37 37 37 37 37 90 90 90 90 90 90 90 90 90 90 90 90 90 90 90 90 90 90 90 90 90 90 90 90 90 90 90
58 57 57 57 57 57 57 56 56 56 56 56 56 55 55 55 55 55 55 54 54 54 54 54 53 53 53 53 53 52 52 52 52 51 51 51 51 50 50 50 50 49 49 49 48 48 48 48 47 47 47 47 47 47 47 47 47 47 47 47 47 47 47 37 37 37 37 37 37 37 90 90 90 90 90 90 90 90 90 90 90 90 90 90 90 90 90 90 90 90 90 90 90 90 90 90
58 58 58 58 58 58 57 57 57 57 57 57 56 56 56 56 56 56 55 55 55 55 55 55 54 54 54 54 54 53 53 53 53 52 52 52 52 52 51 51 51 51 50 50 50 49 49 49 49 48 48 48 47 47 47 47 47 47 47 47 47 47 47 47 47 47 47 37 37 37 90 90 90 90 90 90 90 90 90 90 90 90 90 90 90 90 90 90 90 90 90 90 90 90 90 90
59 59 59 59 58 58 58 58 58 58 58 57 57 57 57 57 57 56 56 56 56 56 56 55 55 55 55 55 54 54 54 54 54 53 53 53 53 53 52 52 52 52 51 51 51 51 50 50 50 50 49 49 49 48 48 48 47 47 47 47 47 47 47 47 47 47 47 47 47 47 47 90 90 90 90 90 90 90 90 90 90 90 90 90 90 90 90 90 90 90 90 90 90 90 90 90
60 60 59 59 59 59 59 59 59 58 58 58 58 58 58 58 57 57 57 57 57 57 56 56 56 56 56 55 55 55 55 55 55 54 54 54 54 54 53 53 53 53 52 52 52 52 51 51 51 51 50 50 50 50 49 49 49 48 48 48 47 47 47 47 47 47 47 47 47 47 47 100 100 100 100 90 90 90 90 90 90 90 90 90 90 90 90 90 90 90 90 90 90 90 90 90
60 60 60 60 60 60 60 59 59 59 59 59 59 59 58 58 58 58 58 58 57 57 57 57 57 57 56 56 56 56 56 56 55 55 55 55 55 54 54 54 54 54 53 53 53 53 52 52 52 52 51 51 51 51 50 50 50 50 49 49 49 48 48 48 47 47 47 47 47 47 47 47 100 100 100 100 100 100 100 90 90 90 90 90 90 90 90 90 90 90 90 90 90 90 90 90
61 61 61 61 60 60 60 60 60 60 60 60 59 59 59 59 59 59 58 58 58 58 58 58 58 57 57 57 57 57 57 56 56 56 56 56 55 55 55 55 55 54 54 54 54 54 53 53 53 53 52 52 52 52 51 51 51 51 50 50 50 50 49 49 49 48 48 48 47 47 47 47 47 100 100 100 100 100 100 100 100 100 90 90 90 90 90 90 90 90 90 90 90 90 90 90
62 61 61 61 61 61 61 61 61 60 60 60 60 60 60 60 59 59 59 59 59 59 59 58 58 58 58 58 58 57 57 57 57 57 57 56 56 56 56 56 55 55 55 55 55 54 54 54 54 54 53 53 53 53 52 52 52 52 51 51 51 51 50 50 50 49 49 49 49 48 48 47 47 100 100 100 100 100 100 100 100 100 100 100 100 100 90 90 90 90 90 90 90 90 90 90
62 62 62 62 62 62 61 61 61 61 61 61 61 61 60 60 60 60 60 60 60 59 59 59 59 59 59 58 58 58 58 58 58 57 57 57 57 57 57 56 56 56 56 56 55 55 55 55 55 54 54 54 54 54 53 53 53 53 52 52 52 52 51 51 51 51 50 50 50 49 49 49 48 48 101 100 100 100 100 100 100 100 100 100 100 100 100 100 100 90 90 90 90 90 90 90
63 63 63 62 62 62 62 62 62 62 61 61 61 61 61 61 61 61 60 60 60 60 60 60 60 59 59 59 59 59 59 58 58 58 58 58 58 57 57 57 57 57 57 56 56 56 56 56 55 55 55 55 55 54 54 54 54 54 53 53 53 53 52 52 52 52 51 51 51 50 50 50 50 49 102 102 101 101 100 100 100 100 100 100 100 100 100 100 100 100 100 100 100 90 90 90
63 63 63 63 63 63 63 62 62 62 62 62 62 62 62 61 61 61 61 61 61 61 60 60 60 60 60 60 60 59 59 59 59 59 59 58 58 58 58 58 58 57 57 57 57 57 57 56 56 56 56 56 55 55 55 55 55 54 54 54 54 53 53 53 53 52 52 52 52 51 51 51 51 50 50 103 102 102 102 101 101 101 100 100 100 100 100 100 100 100 100 100 100 100 100 100
64 64 64 63 63 63 63 63 63 63 63 62 62 62 62 62 62 62 62 61 61 61 61 61 61 61 60 60 60 60 60 60 60 59 59 59 59 59 59 58 58 58 58 58 58 57 57 57 57 57 56 56 56 56 56 56 55 55 55 55 54 54 54 54 54 53 53 53 53 52 52 52 52 51 51 104 103 103 103 102 102 102 101 101 101 100 100 100 100 100 100 100 100 100 100 100
64 64 64 64 64 64 64 63 63 63 63 63 63 63 63 62 62 62 62 62 62 62 62 61 61 61 61 61 61 61 60 60 60 60 60 60 60 59 59 59 59 59 59 58 58 58 58 58 58 57 57 57 57 57 56 56 56 56 56 55 55 55 55 55 54 54 54 54 53 53 53 53 52 52 52 52 104 104 104 104 103 103 103 102 102 102 101 101 100 100 100 100 100 100 100 100
65 65 65 64 64 64 64 64 64 64 64 64 63 63 63 63 63 63 63 63 62 62 62 62 62 62 62 61 61 61 61 61 61 61 60 60 60 60 60 60 59 59 59 59 59 59 59 58 58 58 58 58 57 57 57 57 57 57 56 56 56 56 56 55 55 55 55 54 54 54 54 54 53 53 53 53 105 105 105 104 104 104 104 103 103 103 102 102 102 101 101 101 100 100 100 100
65 65 65 65 65 65 65 64 64 64 64 64 64 64 64 64 63 63 63 63 63 63 63 62 62 62 62 62 62 62 62 61 61 61 61 61 61 61 60 60 60 60 60 60 59 59 59 59 59 59 58 58 58 58 58 58 57 57 57 57 57 56 56 56 56 56 55 55 55 55 54 54 54 54 54 53 53 106 106 105 105 105 104 104 104 104 103 103 103 102 102 102 101 101 101 100
66 66 65 65 65 65 65 65 65 65 65 64 64 64 64 64 64 64 64 63 63 63 63 63 63 63 63 62 62 62 62 62 62 62 61 61 61 61 61 61 61 60 60 60 60 60 60 60 59 59 59 59 59 58 58 58 58 58 58 57 57 57 57 57 56 56 56 56 56 55 55 55 55 55 54 54 54 54 106 106 106 106 105 105 105 105 104 104 104 103 103 103 102 102 102 101
66 66 66 66 66 66 65 65 65 65 65 65 65 65 65 64 64 64 64 64 64 64 64 63 63 63 63 63 63 63 63 62 62 62 62 62 62 62 61 61 61 61 61 61 61 60 60 60 60 60 60 59 59 59 59 59 59 58 58 58 58 58 57 57 57 57 57 56 56 56 56 56 55 55 55 55 55 54 107 107 107 106 106 106 106 105 105 105 105 104 104 104 103 103 103 102
67 66 66 66 66 66 66 66 66 66 65 65 65 65 65 65 65 65 65 64 64 64 64 64 64 64 64 63 63 63 63 63 63 63 62 62 62 62 62 62 62 61 61 61 61 61 61 61 60 60 60 60 60 60 59 59 59 59 59 59 58 58 58 58 58 58 57 57 57 57 57 56 56 56 56 55 55 55 55 108 107 107 107 107 106 106 106 106 105 105 105 105 104 104 104 103
67 67 67 67 67 66 66 66 66 66 66 66 66 66 65 65 65 65 65 65 65 65 64 64 64 64 64 64 64 64 63 63 63 63 63 63 63 63 62 62 62 62 62 62 62 61 61 61 61 61 61 60 60 60 60 60 60 59 59 59 59 59 59 58 58 58 58 58 58 57 57 57 57 57 56 56 56 56 55 108 108 108 108 107 107 107 107 106 106 106 106 105 105 105 104 104
67 67 67 67 67 67 67 67 67 66 66 66 66 66 66 66 66 66 65 65 65 65 65 65 65 65 64 64 64 64 64 64 64 64 63 63 63 63 63 63 63 62 62 62 62 62 62 62 61 61 61 61 61 61 60 60 60 60 60 60 60 59 59 59 59 59 58 58 58 58 58 58 57 57 57 57 57 56 56 56 109 108 108 108 108 108 107 107 107 107 106 106 106 106 105 105
68 68 68 67 67 67 67 67 67 67 67 67 66 66 66 66 66 66 66 66 66 65 65 65 65 65 65 65 65 64 64 64 64 64 64 64 64 63 63 63 63 63 63 63 62 62 62 62 62 62 62 61 61 61 61 61 61 61 60 60 60 60 60 60 59 59 59 59 59 58 58 58 58 58 57 57 57 57 57 56 56 109 109 109 108 108 108 108 107 107 107 107 106 106 106 106
68 68 68 68 68 68 67 67 67 67 67 67 67 67 67 67 66 66 66 66 66 66 66 66 66 65 65 65 65 65 65 65 65 64 64 64 64 64 64 64 63 63 63 63 63 63 63 63 62 62 62 62 62 62 61 61 61 61 61 61 61 60 60 60 60 60 59 59 59 59 59 59 58 58 58 58 58 57 57 57 57 110 109 109 109 109 109 108 108 108 108 107 107 107 107 106
68 68 68 68 68 68 68 68 68 68 67 67 67 67 67 67 67 67 67 66 66 66 66 66 66 66 66 66 65 65 65 65 65 65 65 65 64 64 64 64 64 64 64 63 63 63 63 63 63 63 63 62 62 62 62 62 62 61 61 61 61 61 61 60 60 60 60 60 60 59 59 59 59 59 59 58 58 58 58 58 57 57 110 110 110 109 109 109 109 108 108 108 108 108 107 107
69 69 69 69 68 68 68 68 68 68 68 68 68 67 67 67 67 67 67 67 67 67 67 66 66 66 66 66 66 66 66 65 65 65 65 65 65 65 65 64 64 64 64 64 64 64 63 63 63 63 63 63 63 62 62 62 62 62 62 62 61 61 61 61 61 61 60 60 60 60 60 60 59 59 59 59 59 59 58 58 58 58 111 110 110 110 110 110 109 109 109 109 108 108 108 108
69 69 69 69 69 69 69 68 68 68 68 68 68 68 68 68 68 67 67 67 67 67 67 67 67 67 66 66 66 66 66 66 66 66 65 65 65 65 65 65 65 65 64 64 64 64 64 64 64 63 63 63 63 63 63 63 62 62 62 62 62 62 62 61 61 61 61 61 61 60 60 60 60 60 60 59 59 59 59 59 58 58 58 111 111 110 110 110 110 110 109 109 109 109 109 108
69 69 69 69 69 69 69 69 69 69 68 68 68 68 68 68 68 68 68 68 67 67 67 67 67 67 67 67 67 66 66 66 66 66 66 66 66 65 65 65 65 65 65 65 65 64 64 64 64 64 64 64 63 63 63 63 63 63 63 62 62 62 62 62 62 62 61 61 61 61 61 61 60 60 60 60 60 59 59 59 59 59 59 58 111 111 111 111 110 110 110 110 110 109 109 109
70 70 70 70 69 69 69 69 69 69 69 69 69 69 68 68 68 68 68 68 68 68 68 67 67 67 67 67 67 67 67 67 66 66 66 66 66 66 66 66 65 65 65 65 65 65 65 65 64 64 64 64 64 64 64 63 63 63 63 63 63 63 62 62 62 62 62 62 61 61 61 61 61 61 60 60 60 60 60 60 59 59 59 59 112 111 111 111 111 111 110 110 110 110 110 109
70 70 70 70 70 70 70 69 69 69 69 69 69 69 69 69 69 68 68 68 68 68 68 68 68 68 67 67 67 67 67 67 67 67 67 66 66 66 66 66 66 66 66 65 65 65 65 65 65 65 64 64 64 64 64 64 64 64 63 63 63 63 63 63 62 62 62 62 62 62 62 61 61 61 61 61 61 60 60 60 60 60 59 59 59 112 112 112 111 111 111 111 111 110 110 110
70 70 70 70 70 70 70 70 70 70 69 69 69 69 69 69 69 69 69 69 68 68 68 68 68 68 68 68 68 67 67 67 67 67 67 67 67 66 66 66 66 66 66 66 66 65 65 65 65 65 65 65 65 64 64 64 64 64 64 64 63 63 63 63 63 63 63 62 62 62 62 62 62 61 61 61 61 61 61 60 60 60 60 60 60 59 112 112 112 112 111 111 111 111 111 110
71 71 70 70 70 70 70 70 70 70 70 70 70 69 69 69 69 69 69 69 69 69 69 68 68 68 68 68 68 68 68 68 67 67 67 67 67 67 67 67 66 66 66 66 66 66 66 66 65 65 65 65 65 65 65 65 64 64 64 64 64 64 64 63 63 63 63 63 63 62 62 62 62 62 62 62 61 61 61 61 61 60 60 60 60 60 113 112 112 112 112 112 111 111 111 111
71 71 71 71 71 70 70 70 70 70 70 70 70 70 70 70 69 69 69 69 69 69 69 69 69 68 68 68 68 68 68 68 68 68 67 67 67 67 67 67 67 67 67 66 66 66 66 66 66 66 66 65 65 65 65 65 65 65 64 64 64 64 64 64 64 63 63 63 63 63 63 63 62 62 62 62 62 62 61 61 61 61 61 61 60 60 60 113 113 112 112 112 112 112 111 111
71 71 71 71 71 71 71 71 70 70 70 70 70 70 70 70 70 70 69 69 69 69 69 69 69 69 69 69 68 68 68 68 68 68 68 68 68 67 67 67 67 67 67 67 67 66 66 66 66 66 66 66 66 65 65 65 65 65 65 65 64 64 64 64 64 64 64 63 63 63 63 63 63 63 62 62 62 62 62 62 61 61 61 61 61 61 60 113 113 113 113 112 112 112 112 112
71 71 71 71 71 71 71 71 71 71 71 70 70 70 70 70 70 70 70 70 70 69 69 69 69 69 69 69 69 69 69 68 68 68 68 68 68 68 68 67 67 67 67 67 67 67 67 67 66 66 66 66 66 66 66 65 65 65 65 65 65 65 65 64 64 64 64 64 64 64 63 63 63 63 63 63 62 62 62 62 62 62 61 61 61 61 61 61 113 113 113 113 113 112 112 112
72 72 72 71 71 71 71 71 71 71 71 71 71 71 70 70 70 70 70 70 70 70 70 70 69 69 69 69 69 69 69 69 69 68 68 68 68 68 68 68 68 68 67 67 67 67 67 67 67 67 66 66 66 66 66 66 66 66 65 65 65 65 65 65 65 64 64 64 64 64 64 64 63 63 63 63 63 63 62 62 62 62 62 62 61 61 61 61 61 114 113 113 113 113 113 112
72 72 72 72 72 72 71 71 71 71 71 71 71 71 71 71 70 70 70 70 70 70 70 70 70 70 69 69 69 69 69 69 69 69 69 68 68 68 68 68 68 68 68 68 67 67 67 67 67 67 67 67 66 66 66 66 66 66 66 66 65 65 65 65 65 65 65 64 64 64 64 64 64 64 63 63 63 63 63 63 62 62 62 62 62 62 61 61 61 114 114 114 113 113 113 113
72 72 72 72 72 72 72 72 71 71 71 71 71 71 71 71 71 71 71 70 70 70 70 70 70 70 70 70 70 69 69 69 69 69 69 69 69 69 68 68 68 68 68 68 68 68 67 67 67 67 67 67 67 67 66 66 66 66 66 66 66 66 65 65 65 65 65 65 65 64 64 64 64 64 64 64 63 63 63 63 63 63 62 62 62 62 62 62 61 61 114 114 114 114 113 113
72 72 72 72 72 72 72 72 72 72 72 71 71 71 71 71 71 71 71 71 71 70 70 70 70 70 70 70 70 70 70 69 69 69 69 69 69 69 69 69 68 68 68 68 68 68 68 68 68 67 67 67 67 67 67 67 67 66 66 66 66 66 66 66 65 65 65 65 65 65 65 64 64 64 64 64 64 64 63 63 63 63 63 63 62 62 62 62 62 62 61 114 114 114 114 114
