testData/tiles/oneDegree/grid40.0-20.0-41.0-21.0.asc
ncols   200
nrows   200
xllcorner   40.0
yllcorner   20.0
cellsize   0.005
NODATA_value   -9999.0
[rows 126 to 167 of 200, columns 94 to 187 of 200]
945 944 943 943 941 941 940 940 939 938 937 936 936 935 934 934 791 790 789 789 788 787 787 785 785 784 783 783 782 781 780 779 779 778 777 776 776 775 774 774 772 772 771 770 770 768 768 767 766 766 764 764 763 763 762 760 760 759 759 758 756 756 755 755 754 752 903 902 902 830 829 829 828 828 826 825 825 824 823 822 821 766 764 764 763 762 761 760 760 759 758 757 756 756
945 944 944 943 941 941 940 940 939 939 938 936 936 935 935 792 791 790 789 789 788 788 787 785 785 784 784 783 782 781 780 780 779 778 778 776 776 775 775 774 772 772 771 771 770 768 768 767 767 766 765 764 763 763 762 761 760 759 759 758 757 756 755 906 905 834 833 832 832 831 830 829 828 828 826 826 825 824 823 822 822 821 820 819 763 763 762 760 760 759 759 757 756 756
945 944 944 943 943 941 941 940 939 939 938 938 936 935 793 792 792 791 789 789 788 788 787 787 785 784 784 783 783 782 780 780 779 779 778 776 776 775 775 774 774 772 771 771 770 770 768 767 767 766 766 764 763 763 762 762 760 759 759 909 909 837 836 836 835 835 833 833 832 831 830 829 829 828 826 826 825 825 824 822 822 821 821 819 818 818 762 761 760 759 759 757 757 756
945 945 944 943 943 942 941 940 940 939 938 938 936 936 793 792 792 791 790 789 789 788 787 787 785 785 784 783 783 782 781 780 779 779 778 778 776 775 775 774 774 772 772 771 770 770 769 768 767 766 766 765 764 763 762 762 912 841 840 839 839 837 837 836 835 835 833 833 832 831 831 829 829 828 828 826 825 825 824 823 822 821 821 819 819 818 817 817 825 770 769 768 767 766
945 945 944 944 943 942 941 940 940 939 939 938 937 794 793 793 792 791 791 789 789 788 788 787 786 785 784 784 783 782 782 780 780 779 778 778 776 776 775 774 774 773 772 771 771 770 769 768 767 767 766 765 764 844 844 843 842 841 840 840 839 838 837 836 836 835 833 833 832 832 831 829 829 828 828 826 825 825 824 824 822 821 831 830 829 828 827 827 825 825 824 768 767 767
946 945 944 944 943 943 942 941 940 939 939 938 796 794 793 793 792 792 791 790 789 788 788 787 787 786 784 784 783 783 782 780 780 779 779 778 777 776 775 775 774 773 772 771 771 770 769 769 697 697 696 847 846 844 844 843 843 842 840 840 839 839 837 836 836 835 835 833 832 832 831 830 829 828 828 827 826 835 834 834 832 832 831 830 829 828 828 828 826 827 826 826 825 769
947 945 945 944 943 943 942 942 940 940 939 796 796 795 794 793 792 792 791 791 789 788 788 787 787 786 785 784 783 783 782 782 780 779 779 778 778 776 775 775 774 774 773 701 701 700 700 699 848 848 847 847 846 844 844 843 843 842 841 840 839 839 838 837 836 835 835 833 833 832 831 831 839 839 838 837 836 835 835 834 833 832 832 833 832 830 831 830 831 829 828 829 828 827
947 945 945 944 944 943 942 942 940 940 797 797 796 795 795 793 793 792 791 791 790 789 788 787 787 786 786 784 783 783 782 782 780 780 779 778 778 777 706 705 704 704 703 702 701 851 851 850 850 848 847 847 846 846 844 843 843 842 842 840 839 839 838 837 836 835 835 844 843 842 841 841 839 839 838 837 838 836 837 836 836 835 835 835 834 833 833 832 833 831 830 831 830 829
947 947 945 944 944 943 943 942 941 798 797 797 796 796 795 793 793 792 792 791 790 789 788 788 787 786 786 784 784 783 782 782 781 710 709 709 708 707 707 705 705 704 854 854 852 852 851 850 850 848 848 847 846 846 844 844 843 842 842 840 840 839 848 848 846 846 845 844 843 842 842 842 841 841 840 841 840 839 839 838 839 837 837 837 836 837 835 834 835 834 833 832 832 832
947 947 946 945 944 943 943 942 800 798 797 797 796 796 795 795 793 792 792 791 791 790 788 788 787 787 786 715 714 713 713 712 711 711 709 709 708 707 707 705 856 855 854 854 852 852 851 851 850 849 848 847 847 846 845 844 843 843 852 850 850 849 849 848 846 846 845 846 846 844 845 844 845 843 843 843 842 843 841 840 841 840 839 839 838 838 837 837 836 836 835 834 834 834
948 947 946 945 944 944 943 800 800 799 798 797 796 796 795 795 793 793 792 791 721 720 719 718 717 717 716 716 714 713 713 712 712 711 709 709 708 859 858 857 856 855 855 854 853 852 851 851 850 849 848 847 847 846 855 854 853 853 852 851 850 849 850 849 849 848 848 848 848 846 847 846 847 846 844 845 844 845 843 842 842 842 841 840 840 840 838 839 838 837 837 836 836 835
948 947 947 946 944 944 801 801 800 799 799 797 797 726 725 725 724 723 722 721 721 720 720 718 718 717 716 716 715 714 713 712 712 711 711 860 859 859 858 858 856 855 855 854 854 852 851 851 850 850 859 857 857 856 856 855 853 853 853 854 852 852 852 852 852 851 850 851 850 850 849 848 848 848 847 846 846 846 845 845 844 843 844 842 842 841 841 840 839 839 839 837 837 836
948 947 947 946 945 732 731 731 730 730 729 727 727 726 726 725 724 723 722 722 721 720 720 719 718 717 716 716 715 714 713 713 863 862 862 860 860 859 858 858 857 856 855 854 854 853 862 861 860 860 859 858 857 856 857 857 856 856 855 856 855 855 854 854 854 853 853 852 852 852 850 851 850 849 850 848 848 848 847 846 845 846 845 843 843 843 843 841 840 841 840 839 838 838
878 877 877 876 734 732 732 731 730 730 729 729 727 726 726 725 725 724 722 722 721 721 720 719 718 717 717 716 715 715 864 864 863 862 862 861 860 859 858 858 857 856 855 864 864 863 862 861 861 860 860 859 859 860 859 859 858 858 858 858 857 857 856 856 856 855 854 854 853 854 853 852 851 851 851 849 850 849 848 847 847 847 846 845 845 844 844 843 842 842 841 841 839 839
878 878 877 734 734 733 732 731 731 730 729 729 727 727 726 725 725 724 724 722 721 721 720 720 719 717 717 716 867 866 864 864 863 863 862 861 860 859 859 868 867 867 865 865 864 863 864 862 863 863 862 863 861 862 861 861 861 860 860 859 859 859 858 858 857 857 856 855 856 855 854 854 853 853 852 851 851 850 850 850 848 848 847 848 846 845 845 845 844 843 842 842 841 841
878 878 735 735 734 733 732 731 731 730 729 729 728 727 726 726 725 724 724 722 722 721 720 720 719 718 868 867 867 866 866 864 863 863 862 862 871 869 869 868 868 867 865 866 866 866 866 864 865 865 865 865 863 863 863 863 863 861 862 861 861 861 859 859 859 859 858 857 857 856 856 855 854 854 854 854 852 851 852 851 850 849 849 849 847 847 846 846 846 844 843 843 843 842
879 736 735 735 734 734 733 731 731 730 730 729 728 727 726 726 725 724 724 723 722 721 720 871 870 870 868 867 867 866 866 864 864 873 872 872 871 870 869 868 869 869 869 868 868 868 868 868 867 866 867 866 867 865 864 865 864 865 863 862 863 862 861 861 860 860 860 858 858 857 858 857 855 855 855 855 853 852 853 852 852 850 850 850 849 848 847 847 847 845 845 844 844 843
738 736 736 735 734 734 733 732 731 730 730 729 729 728 726 726 725 725 724 723 722 872 872 871 870 870 868 868 867 866 876 875 874 873 872 872 872 872 871 871 871 871 871 870 869 870 869 870 868 868 868 868 868 866 866 866 866 866 864 864 864 863 863 862 861 861 861 861 859 858 859 858 857 857 856 856 855 854 854 853 853 851 852 851 850 849 848 849 848 846 846 845 845 844
738 736 736 735 735 734 733 733 731 731 730 729 729 728 727 726 725 725 724 875 874 872 872 871 871 870 869 878 877 877 876 875 874 874 874 874 874 874 873 874 873 873 873 872 872 872 871 871 871 870 870 869 869 869 868 867 867 867 866 866 865 864 865 863 863 862 862 862 860 861 860 859 859 858 858 857 856 855 855 854 854 852 852 852 851 851 849 849 849 848 847 846 846 845
738 737 736 735 735 734 733 733 731 731 730 730 729 728 728 726 726 876 875 875 874 873 872 871 881 880 880 878 877 877 877 877 877 876 876 876 877 876 875 875 875 875 875 874 874 873 873 873 872 872 871 870 871 870 869 869 868 868 868 867 866 865 866 865 864 864 863 863 862 862 861 860 860 858 859 858 857 856 856 856 855 854 853 853 853 852 850 850 849 850 848 847 847 846
738 738 736 735 735 734 734 733 732 731 730 730 729 728 728 877 877 876 875 875 874 884 882 881 881 880 880 879 878 879 879 879 879 878 878 878 878 878 877 877 876 877 876 875 875 874 875 874 873 874 872 872 872 871 871 870 870 869 869 869 867 867 867 866 865 864 865 864 863 862 862 862 861 859 860 859 859 858 856 857 856 855 854 853 854 853 851 851 850 850 849 848 848 847
738 738 737 736 735 734 734 733 733 731 730 730 729 880 879 878 877 876 876 885 884 884 882 882 881 881 882 882 881 881 880 881 881 881 880 879 880 879 880 878 877 878 877 878 877 875 876 875 875 875 873 873 873 873 872 871 871 870 871 870 868 868 868 867 867 865 866 865 864 863 863 863 862 861 860 860 860 859 857 857 857 857 856 854 854 854 854 852 851 851 850 850 849 848
739 738 737 736 735 735 734 733 733 732 731 881 880 880 879 879 887 886 886 885 885 884 884 884 883 884 884 883 884 882 883 883 882 883 881 882 881 880 881 880 880 879 878 879 878 876 877 876 877 876 874 874 874 874 873 872 872 871 871 871 869 869 869 869 868 866 867 866 866 865 863 864 863 863 861 860 861 860 860 858 857 858 857 855 855 854 855 853 852 852 851 850 849 849
739 738 737 737 735 735 734 733 733 732 883 881 880 880 889 889 888 886 886 885 886 886 886 885 885 886 885 885 885 884 884 884 883 884 883 883 882 882 882 881 881 880 879 880 879 880 878 877 878 877 877 875 875 875 874 875 873 872 872 872 872 870 869 870 869 869 867 867 867 866 864 864 864 864 863 861 861 861 861 859 858 858 858 857 856 855 855 853 854 853 852 852 850 850
739 738 738 737 735 735 734 734 884 883 883 891 891 890 889 889 888 888 888 887 888 888 888 888 887 887 887 887 887 886 886 885 886 885 884 884 883 884 883 882 883 881 881 881 880 880 879 879 878 878 878 876 876 876 875 875 874 873 873 872 873 871 870 870 870 870 868 867 868 867 867 865 864 865 864 863 862 861 862 860 860 859 858 858 857 856 856 855 854 853 853 853 851 851
739 738 738 737 737 735 885 885 884 894 893 892 891 890 890 890 890 891 889 890 890 889 890 889 889 889 888 889 888 888 887 886 887 886 886 886 884 885 884 883 884 882 882 882 881 881 881 880 879 879 879 878 877 877 876 876 876 875 874 873 873 873 872 871 870 871 869 869 868 867 868 866 865 865 864 864 863 862 862 861 861 860 859 859 857 857 857 856 855 854 854 853 852 852
739 738 738 737 888 886 885 895 894 894 893 892 891 891 892 892 892 892 891 892 891 891 891 891 891 890 889 890 889 890 888 887 888 887 888 887 885 886 885 885 885 884 883 883 883 882 882 881 880 880 880 879 878 878 878 877 876 876 875 874 874 873 873 872 871 871 871 870 869 868 868 867 867 866 865 865 864 864 863 862 861 860 861 860 858 858 857 856 857 855 855 854 853 852
739 739 738 888 888 897 896 895 894 894 894 894 894 893 894 893 894 894 893 893 892 893 892 892 892 891 891 891 890 891 890 889 889 888 889 888 888 887 886 886 886 885 884 883 884 883 882 882 881 881 880 880 880 878 879 878 877 877 875 876 875 874 873 873 873 872 871 870 870 870 869 868 867 867 866 866 864 864 864 863 863 861 861 860 860 859 858 858 857 855 855 855 855 853
739 890 889 899 898 897 896 895 896 896 895 896 896 896 895 895 895 895 896 894 894 894 894 893 893 892 892 892 891 892 891 890 890 889 889 889 889 887 887 887 886 887 885 884 885 884 884 883 882 882 881 881 881 879 879 878 878 878 876 876 876 875 875 873 874 873 872 871 870 871 870 869 868 867 867 867 866 865 864 864 863 862 862 861 860 859 858 859 858 856 856 855 855 853
890 900 899 899 898 897 898 897 897 897 897 898 897 897 896 896 897 896 897 896 895 895 895 895 894 894 893 893 893 892 892 892 891 891 890 890 890 888 889 888 887 887 887 885 885 885 885 884 882 883 882 882 881 880 880 879 879 879 877 877 876 877 876 874 874 873 874 873 871 871 870 870 869 868 868 867 866 866 865 865 864 862 862 862 862 860 859 859 858 858 857 856 856 855
902 900 899 899 899 900 899 898 899 899 899 899 899 899 898 898 898 897 898 897 897 896 896 896 895 896 894 894 894 893 893 893 891 892 891 890 891 890 889 889 888 888 887 887 886 885 886 885 885 883 883 883 882 882 881 880 880 879 878 878 877 877 876 875 875 874 874 873 872 872 871 871 870 868 869 868 868 866 865 865 865 864 863 862 862 861 860 860 859 859 857 856 856 856
902 900 901 901 900 901 901 902 900 900 901 900 900 900 899 899 899 898 899 898 899 897 896 897 896 897 896 894 895 894 894 894 893 892 892 892 891 891 890 889 890 889 888 888 887 886 886 885 886 884 883 883 883 883 881 880 881 880 880 878 878 878 877 877 875 875 875 874 873 872 871 872 871 869 869 868 869 868 866 866 865 865 863 863 863 862 861 860 859 860 858 857 857 856
902 901 902 902 902 903 902 903 901 901 902 901 902 901 901 900 900 900 900 899 899 898 898 898 897 897 897 896 896 895 895 895 894 893 892 893 892 891 892 890 890 890 889 889 887 888 887 886 886 885 885 884 883 884 882 881 881 880 881 879 878 878 878 878 876 875 875 874 875 873 872 872 871 871 870 869 869 868 866 867 866 866 864 863 863 862 862 861 860 860 859 858 857 857
904 904 904 903 904 904 903 904 904 903 903 902 903 902 902 901 901 901 900 900 900 900 899 898 898 898 898 898 896 896 896 895 896 894 893 893 893 893 892 891 891 890 889 890 888 888 887 887 887 886 885 885 884 884 883 883 882 881 881 880 880 879 878 878 877 876 876 875 875 873 873 873 872 872 870 869 870 869 868 867 866 866 866 865 864 863 863 861 860 861 860 859 858 857
906 905 905 905 905 905 904 905 905 904 904 903 904 903 904 903 901 902 901 902 901 900 900 899 900 899 898 899 897 896 897 896 896 896 894 894 893 894 893 891 892 891 891 890 890 889 888 888 888 887 886 885 885 885 884 883 882 882 882 881 880 879 879 879 878 877 876 876 876 875 874 873 872 873 871 870 870 869 869 868 867 867 866 865 864 863 864 862 862 861 860 859 858 858
907 907 907 906 906 906 906 906 906 906 905 905 904 904 904 904 902 903 902 902 902 901 901 900 900 900 899 899 898 898 897 897 897 896 895 895 894 894 894 894 892 891 892 891 890 889 889 889 888 887 887 886 886 885 884 885 883 883 882 881 881 880 879 879 878 878 877 876 876 875 875 874 873 873 871 871 871 870 870 868 868 867 866 866 865 864 864 862 862 861 861 861 859 859
908 909 908 907 907 907 907 907 906 907 905 906 905 905 905 905 905 903 903 903 902 903 902 901 901 900 901 900 899 899 898 897 897 897 897 895 895 895 894 894 893 892 892 891 892 891 889 889 889 889 888 886 887 886 885 885 883 884 883 882 882 880 881 880 879 879 877 877 877 876 875 874 873 873 873 872 871 870 870 868 869 868 867 867 865 865 864 864 863 862 861 861 859 859
909 910 909 910 908 908 908 908 908 908 907 907 906 906 906 905 906 904 903 904 903 903 903 901 902 901 901 900 900 899 898 899 898 897 898 896 896 895 895 895 894 892 893 892 892 891 890 890 889 889 889 887 887 886 886 886 884 884 883 882 883 881 881 880 879 880 878 878 877 876 876 875 875 874 873 872 871 871 871 870 869 868 867 867 866 866 865 864 863 862 862 862 860 860
911 910 910 911 909 909 909 909 909 908 908 907 907 907 907 906 906 905 905 904 904 904 903 904 902 901 902 901 900 901 899 899 899 898 898 896 897 896 895 895 895 894 893 892 893 892 891 890 890 890 889 888 887 887 887 886 885 885 884 884 883 882 881 881 881 880 878 878 878 877 877 875 875 874 874 873 872 872 871 870 869 869 869 868 866 866 865 864 864 863 863 862 860 860
912 911 911 911 911 910 910 909 910 909 910 908 907 908 907 907 907 906 906 905 904 905 904 904 903 902 902 902 902 901 899 900 899 899 899 898 897 896 896 896 895 894 894 893 893 892 893 891 890 890 889 890 888 887 887 887 886 885 884 884 884 883 882 881 881 880 880 879 878 878 877 875 876 875 874 874 872 872 872 871 870 869 869 868 866 867 866 866 865 863 863 862 861 861
913 912 912 912 912 911 910 910 910 910 910 910 908 908 908 908 908 907 906 906 906 905 905 905 903 903 903 902 902 902 900 900 900 900 899 898 898 897 897 896 896 896 894 893 894 893 893 891 890 891 890 890 888 888 888 887 887 885 885 885 884 883 882 881 882 881 880 879 878 879 878 877 876 875 875 874 873 873 872 871 870 869 869 869 868 867 866 866 865 863 864 863 863 861
913 913 913 913 912 913 911 912 911 910 911 910 909 909 908 909 908 907 908 906 906 906 905 905 905 904 903 903 903 902 902 901 900 900 900 899 898 897 898 897 896 896 895 895 894 893 893 892 892 891 890 891 890 888 888 887 888 887 885 885 884 885 884 882 882 881 881 880 879 879 878 877 876 876 876 875 873 873 872 872 872 870 870 869 868 867 866 867 866 864 864 863 863 861
