testData/tiles/oneDegree/grid18.0-26.0-19.0-27.0.asc
ncols   200
nrows   200
xllcorner   18.0
yllcorner   26.0
cellsize   0.005
NODATA_value   -9999.0
[rows 0 to 41 of 200, columns 0 to 93 of 200]
124 124 125 124 124 125 125 124 125 125 124 124 125 124 124 124 124 124 124 123 123 123 123 123 123 123 122 122 122 121 121 121 120 120 120 119 119 119 119 118 118 118 117 117 117 116 115 115 114 114 114 113 113 112 111 111 111 110 109 109 109 107 107 107 105 105 105 103 103 102 101 101 100 99 98 98 97 96 95 94 93 92 91 91 90 89 88 87 86 85 84 83 82 81
124 124 125 124 124 125 124 124 125 125 124 124 125 124 124 124 124 124 124 123 123 123 122 123 123 123 122 122 122 121 121 121 120 120 120 119 119 119 118 118 118 118 117 117 117 116 115 115 114 114 114 113 113 112 111 111 111 109 109 109 109 107 107 107 105 105 105 103 103 102 101 101 100 99 98 98 96 95 95 93 93 92 91 91 90 89 88 87 86 85 84 83 82 81
124 124 125 124 124 125 124 124 125 124 124 124 124 124 124 124 124 124 124 123 123 123 122 123 123 122 122 122 121 121 121 121 120 120 120 119 119 119 118 118 118 117 117 117 116 116 115 115 114 114 114 113 113 112 111 111 111 109 109 109 108 107 107 106 105 105 105 103 103 102 101 101 100 99 98 98 96 95 95 93 93 92 91 91 90 89 88 87 86 85 84 83 82 81
124 124 124 124 124 125 124 124 125 124 124 124 124 124 124 123 124 124 124 123 123 123 122 123 123 122 122 122 121 121 121 120 120 120 120 119 119 119 118 118 118 117 117 117 116 116 115 114 114 114 114 113 113 112 111 111 111 109 109 109 108 107 107 106 105 105 104 103 103 102 101 101 100 99 98 98 96 95 95 93 93 92 91 91 90 89 88 87 86 85 84 83 82 81
124 124 124 124 124 124 124 124 125 124 124 124 124 124 124 123 123 124 123 123 123 122 122 123 123 122 122 122 121 121 121 120 120 120 119 119 119 119 118 118 118 117 117 117 116 116 115 114 114 114 113 113 112 111 111 111 111 109 109 109 108 107 107 106 105 105 104 103 103 101 101 101 99 99 98 98 96 95 95 93 93 92 91 90 90 89 88 87 86 85 84 83 82 80
124 124 124 124 124 124 124 124 124 124 124 123 124 124 124 123 123 124 123 123 123 122 122 123 122 122 122 122 121 121 121 120 120 120 119 119 119 118 118 118 117 117 117 117 116 116 115 114 114 114 113 113 112 111 111 111 110 109 109 109 108 107 107 106 105 105 104 103 103 101 101 101 99 99 98 97 96 95 95 93 93 92 91 90 90 89 88 87 86 85 84 83 82 80
124 123 124 124 124 124 124 124 124 124 124 123 124 124 123 123 123 124 123 123 123 122 122 123 122 122 122 121 121 121 121 120 120 120 119 119 119 118 118 118 117 117 117 116 116 116 115 114 114 114 113 113 112 111 111 111 110 109 109 108 108 107 106 106 105 105 104 103 103 101 101 101 99 99 98 97 96 95 94 93 93 92 91 90 90 89 88 87 86 85 84 83 82 80
124 123 124 124 123 124 124 124 124 124 124 123 124 124 123 123 123 123 123 123 123 122 122 123 122 122 122 121 121 121 120 120 120 119 119 119 119 118 118 118 117 117 117 116 116 116 114 114 114 113 113 113 112 111 111 111 110 109 109 108 108 107 106 106 105 104 104 103 103 101 101 101 99 99 98 97 96 95 94 93 93 92 91 90 90 89 88 87 86 85 84 83 82 80
124 123 124 124 123 124 124 123 124 124 123 123 124 124 123 123 123 123 123 123 122 122 122 122 122 122 122 121 121 121 120 120 120 119 119 119 118 118 118 118 117 117 117 116 116 116 114 114 114 113 113 113 111 111 111 111 110 109 109 108 108 107 106 106 105 104 104 103 102 101 101 99 99 99 98 97 96 95 94 93 93 92 91 90 90 89 88 87 86 85 84 83 82 80
123 123 124 124 123 124 124 123 124 124 123 123 124 123 123 123 123 123 123 123 122 122 122 121 122 122 121 121 121 121 120 120 120 119 119 119 118 118 118 117 117 117 116 116 116 115 114 114 114 113 113 113 111 111 111 110 110 109 108 108 108 107 106 106 105 104 104 103 102 101 101 99 99 99 97 96 96 95 94 93 93 92 91 90 90 89 88 87 86 85 84 83 82 80
123 123 124 123 123 124 123 123 124 124 123 123 124 123 123 123 122 123 123 122 122 122 122 121 122 122 121 121 121 120 120 120 119 119 119 119 118 118 118 117 117 117 116 116 116 114 114 114 114 113 113 113 111 111 111 110 110 109 108 108 108 106 106 106 105 104 104 103 102 101 101 99 99 99 97 96 96 94 94 93 93 92 91 90 90 89 88 87 86 85 84 83 82 80
123 123 124 123 123 124 123 123 124 123 123 123 124 123 123 123 122 123 123 122 122 122 121 121 122 122 121 121 121 120 120 120 119 119 119 118 118 118 118 117 117 117 116 116 116 114 114 114 113 113 113 112 111 111 111 110 110 109 108 108 108 106 106 106 104 104 104 102 102 101 101 99 99 98 97 96 96 94 94 93 92 92 91 90 90 89 88 87 86 85 84 83 82 80
123 123 123 123 123 124 123 123 123 123 123 123 123 123 123 123 122 123 123 122 122 122 121 121 122 121 121 121 121 120 120 120 119 119 119 118 118 118 117 117 117 117 116 116 116 114 114 114 113 113 113 112 111 111 110 110 110 109 108 108 107 106 106 106 104 104 104 102 102 101 100 99 99 98 97 96 96 94 94 93 92 92 91 90 90 89 88 87 86 85 84 83 82 80
123 123 122 123 123 123 123 123 123 123 123 123 123 123 123 122 122 123 122 122 122 122 121 121 122 121 121 121 120 120 120 119 119 119 119 118 118 118 117 117 117 116 116 116 115 114 114 114 113 113 113 112 111 111 110 110 110 108 108 108 106 106 106 106 104 104 103 102 102 101 100 99 99 97 97 96 95 94 94 93 92 92 91 90 90 89 88 87 86 85 84 83 82 80
123 123 122 123 123 123 123 123 122 123 123 122 123 123 123 122 122 123 122 122 122 121 121 121 122 121 121 121 120 120 120 119 119 119 118 118 118 118 117 117 117 116 116 116 115 114 114 113 113 113 113 112 111 111 110 110 110 108 108 108 106 106 106 105 104 104 103 102 102 101 100 99 99 97 97 96 95 94 94 93 92 92 91 90 90 89 88 87 86 85 84 83 82 80
123 122 122 123 122 123 123 123 122 123 123 122 123 123 122 122 122 123 122 122 122 121 121 121 121 121 121 120 120 120 120 119 119 119 118 118 118 117 117 117 117 116 116 116 115 114 114 113 113 113 112 112 111 110 110 110 110 108 108 108 106 106 106 105 104 104 102 102 102 100 100 99 99 97 97 96 95 94 94 93 92 92 91 90 90 89 88 87 86 85 84 83 82 80
123 122 122 123 122 123 123 122 122 123 123 122 122 123 122 122 122 122 122 122 122 121 121 121 121 121 121 120 120 120 119 119 119 119 118 118 118 117 117 117 116 116 116 115 115 114 114 113 113 113 112 112 111 110 110 110 108 108 108 108 106 106 106 105 104 104 102 102 102 100 100 99 98 97 97 96 95 94 94 93 92 92 91 90 90 89 88 87 86 85 84 83 82 80
122 122 122 123 122 122 123 122 122 123 122 122 122 123 122 122 122 122 122 122 121 121 121 120 121 121 121 120 120 120 119 119 119 118 118 118 118 117 117 117 116 116 116 115 115 114 113 113 113 113 112 112 111 110 110 110 108 108 108 107 106 106 105 104 104 104 102 102 102 100 100 99 98 97 97 95 95 94 94 93 92 92 91 90 89 89 88 87 86 85 84 83 81 80
122 122 122 122 122 122 122 122 122 123 122 122 122 122 122 122 121 122 122 122 121 121 121 120 120 121 120 120 120 120 119 119 119 118 118 118 117 117 117 116 116 116 116 115 114 114 113 113 113 112 112 112 110 110 110 110 108 108 108 107 106 106 105 104 104 103 102 102 102 100 100 99 98 97 97 95 95 94 94 93 92 92 91 90 89 89 88 87 86 85 84 83 81 80
122 122 122 122 122 122 122 122 122 122 122 122 122 122 122 122 121 121 122 121 121 121 121 120 120 121 120 120 120 119 119 119 119 118 118 118 117 117 117 116 116 116 115 115 114 114 113 113 113 112 112 111 110 110 110 109 108 108 108 107 106 106 105 104 104 103 102 102 101 100 100 98 98 97 97 95 95 94 94 93 92 92 91 90 89 89 88 87 86 85 84 83 81 80
122 122 121 122 122 122 122 122 122 122 122 122 121 122 122 122 121 121 122 121 121 121 120 120 120 121 120 120 120 119 119 119 118 118 118 117 117 117 117 116 116 116 115 115 114 113 113 113 113 112 112 111 110 110 110 109 108 108 107 107 106 106 105 104 104 103 102 102 101 100 100 98 98 97 96 95 95 94 94 93 92 92 91 90 89 89 88 87 86 85 84 83 81 80
122 122 121 122 122 121 122 122 122 122 122 122 121 122 122 121 121 121 122 121 121 121 120 120 120 120 120 120 120 119 119 119 118 118 118 117 117 117 116 116 116 116 115 115 114 113 113 113 112 112 112 110 110 110 110 109 108 108 107 107 106 105 105 104 103 103 102 102 101 100 100 98 98 97 96 95 95 94 94 93 92 92 91 90 89 89 88 87 86 85 84 83 81 80
122 121 121 122 122 121 122 122 121 122 122 121 121 122 122 121 121 121 121 121 121 120 120 120 120 120 120 120 119 119 119 118 118 118 118 117 117 117 116 116 116 115 115 115 114 113 113 113 112 112 112 110 110 110 109 109 108 108 107 107 106 105 105 104 103 103 102 101 101 100 100 98 98 97 96 95 95 94 94 93 92 92 91 90 89 89 88 87 86 85 84 83 81 80
122 121 121 122 121 121 122 122 121 122 122 121 121 122 121 121 121 121 121 121 121 120 120 120 119 120 120 120 119 119 119 118 118 118 117 117 117 117 116 116 116 115 115 115 113 113 113 112 112 112 112 110 110 110 109 109 108 107 107 107 105 105 105 104 103 103 102 101 101 100 99 98 98 96 96 95 95 94 94 93 92 92 91 90 89 89 88 87 86 85 84 83 81 80
121 121 121 122 121 121 122 121 121 122 122 121 121 122 121 121 121 120 121 121 121 120 120 120 119 120 120 119 119 119 119 118 118 118 117 117 117 116 116 116 116 115 115 115 113 113 113 112 112 112 111 110 110 110 109 109 108 107 107 107 105 105 105 103 103 103 102 101 101 100 99 98 98 96 96 95 95 94 94 93 92 92 91 90 89 89 88 87 86 85 84 83 81 80
121 121 121 121 121 121 122 121 121 122 121 121 121 121 121 121 121 120 121 121 120 120 120 120 119 119 120 119 119 119 118 118 118 118 117 117 117 116 116 116 115 115 115 113 113 113 113 112 112 112 111 110 110 109 109 109 108 107 107 107 105 105 105 103 103 103 101 101 101 100 99 98 98 96 96 95 95 94 93 93 92 92 91 90 89 88 88 87 86 85 84 82 81 80
121 121 121 121 121 121 121 121 121 122 121 121 121 121 121 121 120 120 121 121 120 120 120 119 119 119 119 119 119 119 118 118 118 117 117 117 116 116 116 116 115 115 115 113 113 113 112 112 112 112 111 110 110 109 109 109 107 107 107 106 105 105 105 103 103 103 101 101 101 99 99 98 97 96 96 95 95 94 93 93 92 92 91 90 89 88 88 87 86 85 84 82 81 80
120 121 120 121 121 121 121 121 121 121 121 121 121 121 121 121 120 120 121 120 120 120 120 119 119 119 119 119 119 118 118 118 118 117 117 117 116 116 116 115 115 115 115 113 113 113 112 112 112 111 111 110 110 109 109 109 107 107 107 106 105 105 104 103 103 103 101 101 100 99 99 98 97 96 96 95 95 94 93 93 92 92 91 90 89 88 88 87 86 85 84 82 81 80
120 121 120 121 121 120 121 121 121 121 121 121 120 121 121 120 120 120 121 120 120 120 119 119 119 119 119 119 119 118 118 118 117 117 117 117 116 116 116 115 115 115 114 113 113 113 112 112 112 111 111 110 109 109 109 108 107 107 107 106 105 105 104 103 103 102 101 101 100 99 99 98 97 96 96 95 95 94 93 93 92 91 91 90 89 88 88 87 86 85 84 82 81 306
120 120 120 121 121 120 121 121 120 121 121 121 120 121 121 120 120 120 120 120 120 120 119 119 119 118 119 119 118 118 118 118 117 117 117 116 116 116 116 115 115 115 114 113 113 112 112 112 111 111 111 110 109 109 109 108 107 107 106 106 105 105 104 103 103 102 101 101 99 99 99 97 97 96 96 95 95 94 93 93 92 91 91 90 89 88 88 87 86 85 84 308 307 306
120 120 120 121 120 120 121 121 120 121 121 120 120 121 121 120 120 120 120 120 120 119 119 119 119 118 119 119 118 118 118 117 117 117 117 116 116 116 115 115 115 114 114 113 113 112 112 112 111 111 111 109 109 109 109 108 107 107 106 106 105 104 104 103 103 102 101 101 99 99 99 97 97 96 96 95 95 94 93 93 92 91 91 90 89 88 88 87 86 85 310 308 307 306
119 120 120 121 120 120 121 120 120 120 121 120 120 120 120 120 120 119 119 120 120 119 119 119 118 118 118 119 118 118 118 117 117 117 116 116 116 116 115 115 115 114 113 113 112 112 112 112 111 111 110 109 109 109 108 107 107 107 106 105 105 104 104 103 102 102 101 100 99 99 99 97 97 96 96 95 95 94 93 93 92 91 91 90 89 88 87 87 86 311 309 308 307 306
119 120 120 120 120 120 121 120 120 120 120 120 120 120 120 120 120 119 119 120 119 119 119 119 118 118 118 118 118 118 118 117 117 117 116 116 116 115 115 115 115 114 113 113 112 112 112 111 111 111 110 109 109 109 108 107 107 106 106 105 104 104 104 103 102 102 101 100 99 99 98 97 97 96 96 95 95 94 93 93 92 91 91 90 89 88 87 313 312 311 309 308 307 306
119 120 120 120 120 120 120 120 120 120 120 120 120 119 120 120 119 119 119 120 119 119 119 118 118 118 118 118 118 118 117 117 117 116 116 116 116 115 115 115 114 114 113 112 112 112 112 111 111 111 109 109 109 108 108 107 107 106 106 105 104 104 104 102 102 102 101 100 99 99 98 97 97 96 96 95 95 94 93 93 92 91 91 90 89 88 313 313 312 311 309 308 307 306
119 120 119 120 120 120 120 120 120 119 120 120 120 119 120 120 119 119 119 119 119 119 119 118 118 118 117 118 118 118 117 117 117 116 116 116 115 115 115 115 114 114 113 112 112 112 111 111 111 111 109 109 109 108 108 107 106 106 106 105 104 104 104 102 102 102 100 100 99 99 98 97 97 96 96 95 94 94 93 93 92 91 91 90 89 314 313 312 312 310 309 308 307 306
119 120 119 119 120 119 120 120 120 119 120 120 119 119 120 119 119 119 119 119 119 119 118 118 118 118 117 118 118 117 117 117 117 116 116 116 115 115 115 114 114 114 113 112 112 112 111 111 111 110 109 109 109 108 108 107 106 106 106 104 104 104 104 102 102 101 100 100 99 98 97 97 97 96 96 95 94 94 93 93 92 91 91 90 315 314 313 312 311 310 309 308 307 305
119 119 119 119 120 119 119 120 119 119 120 119 119 119 120 119 119 119 118 119 119 119 118 118 118 117 117 117 118 117 117 117 116 116 116 115 115 115 115 114 114 113 112 112 112 112 111 111 111 110 109 109 108 108 108 107 106 106 106 104 104 104 102 102 102 101 100 100 99 98 97 97 97 96 96 95 94 94 93 93 92 91 91 316 315 314 313 312 311 310 309 308 307 305
118 119 119 119 119 119 119 119 119 119 120 119 119 119 119 119 119 119 118 119 119 118 118 118 118 117 117 117 117 117 117 117 116 116 116 115 115 115 114 114 114 113 112 112 112 111 111 111 110 110 109 109 108 108 108 106 106 106 105 104 104 104 102 102 102 100 100 100 98 98 97 97 97 96 96 95 94 94 93 93 92 317 317 316 315 314 313 312 311 310 309 308 307 305
118 119 119 118 119 119 119 119 119 119 119 119 119 119 119 119 119 118 118 119 119 118 118 118 117 117 117 117 117 117 117 116 116 116 116 115 115 115 114 114 114 112 112 112 112 111 111 111 110 110 109 108 108 108 108 106 106 106 105 104 104 103 102 102 102 100 100 100 98 98 97 97 96 96 95 95 94 94 93 93 318 317 317 316 315 314 313 312 311 310 309 308 307 305
118 119 119 118 119 119 118 119 119 119 119 119 119 118 119 119 119 118 118 119 118 118 118 118 117 117 117 116 116 117 117 116 116 116 115 115 115 114 114 114 113 112 112 112 111 111 111 111 110 110 109 108 108 108 107 106 106 106 105 104 104 103 102 102 101 100 100 100 98 98 97 97 96 96 95 95 94 94 93 319 318 317 316 316 315 314 313 312 311 310 309 308 307 305
118 119 118 118 119 119 118 119 119 118 119 119 119 118 119 119 118 118 118 118 118 118 118 117 117 117 117 116 116 117 116 116 116 116 115 115 115 114 114 114 112 112 112 112 111 111 111 110 110 109 109 108 108 108 107 106 106 105 105 104 104 103 102 102 101 100 100 99 98 98 97 97 96 96 95 95 94 94 319 319 318 317 316 316 315 314 313 312 311 310 309 308 307 305
118 119 118 118 119 118 118 119 119 118 119 119 118 118 119 119 118 118 118 117 118 118 118 117 117 117 116 116 116 117 116 116 116 115 115 115 114 114 114 114 112 112 112 111 111 111 111 110 110 109 108 108 108 107 107 106 106 105 105 104 103 103 102 101 101 100 100 99 98 98 97 97 96 96 95 95 94 320 319 319 318 317 316 316 315 314 313 312 311 310 309 308 307 305
