testData/tiles/oneDegree/grid11.0-43.0-12.0-44.0.asc
ncols   200
nrows   200
xllcorner   11.0
yllcorner   43.0
cellsize   0.005
NODATA_value   -9999.0
[rows 88 to 131 of 200, columns 96 to 191 of 200]
226 227 229 229 230 239 240 240 241 243 243 244 244 246 246 247 248 251 251 253 254 256 257 259 260 261 262 264 265 268 269 271 271 273 274 276 277 278 280 280 282 283 329 330 331 333 333 335 335 336 338 339 341 341 342 344 345 347 348 349 349 350 351 353 354 355 357 357 358 359 360 362 363 364 365 365 366 368 369 370 371 371 372 373 375 376 396 396 397 398 400 401 401 402 403 404
226 226 226 228 228 238 238 239 240 240 242 242 243 244 245 245 247 248 249 251 253 255 256 258 259 259 261 262 264 265 267 268 269 270 272 274 276 277 279 279 280 282 326 328 329 331 331 332 334 335 337 338 339 340 341 343 344 345 346 347 347 349 350 352 353 354 356 355 356 358 359 360 362 363 362 364 365 366 368 369 369 370 371 372 374 375 375 395 396 397 398 399 400 401 402 403
226 226 226 226 227 236 237 237 238 239 239 240 241 243 243 244 245 247 248 249 251 253 255 256 258 258 260 261 263 264 266 267 267 269 270 272 273 275 276 277 278 280 325 326 328 329 330 331 332 334 335 337 338 339 340 341 342 343 344 346 346 348 349 350 352 352 353 354 355 356 358 359 361 361 361 363 364 365 367 367 368 369 370 371 372 373 374 375 395 396 397 398 399 400 400 402
226 226 226 226 235 235 236 236 236 237 238 238 239 241 242 242 244 245 246 248 249 251 252 254 256 257 258 260 261 263 264 266 266 267 269 270 272 273 275 275 277 278 324 325 326 328 328 330 331 333 334 335 337 336 338 339 340 342 343 345 345 346 348 349 349 351 352 352 354 355 357 357 358 360 360 361 363 364 364 366 367 367 369 370 370 372 373 374 374 395 395 396 398 399 399 400
226 226 226 226 226 235 235 236 236 236 236 237 237 239 239 241 242 244 244 246 248 249 251 252 254 254 256 258 260 261 263 264 265 266 267 269 270 272 273 274 275 277 322 324 325 326 327 328 330 331 332 333 334 335 336 338 339 340 342 343 344 345 345 347 348 349 351 351 353 354 354 356 357 358 359 360 361 362 363 364 366 366 367 368 369 370 372 373 373 393 394 395 396 398 397 398
225 226 226 226 226 235 235 235 235 236 236 236 236 237 238 238 240 242 243 244 246 247 249 251 252 253 254 256 257 259 260 262 263 265 266 267 269 270 272 272 274 275 321 322 324 324 324 326 327 329 330 332 333 333 335 336 338 339 340 342 341 343 344 345 347 348 349 350 350 352 353 354 356 357 357 359 359 360 362 363 364 365 365 366 368 369 370 371 371 372 393 394 395 395 396 397
225 225 225 226 226 235 235 235 235 235 236 236 236 237 237 237 238 240 240 242 244 246 247 249 250 251 252 254 255 257 258 260 260 262 263 265 266 268 269 270 271 273 318 320 321 322 323 324 326 327 329 330 331 332 333 335 336 337 338 339 340 341 342 344 345 347 348 347 349 350 351 353 354 356 355 356 358 359 360 362 362 362 364 365 366 368 369 368 370 371 372 392 394 394 394 396
225 225 225 225 226 235 235 235 235 235 235 235 236 237 237 237 238 239 239 240 242 243 246 247 249 249 251 252 254 255 257 258 259 260 262 263 265 266 268 268 270 315 317 318 319 321 321 323 324 326 327 329 330 330 332 332 334 335 336 338 338 340 341 342 344 344 346 346 347 349 350 351 353 352 353 355 356 357 359 360 360 361 362 364 365 366 366 367 368 369 371 372 391 393 393 394
225 225 225 225 225 234 235 235 235 235 235 235 235 236 237 237 238 239 239 240 241 242 243 244 246 246 249 251 252 254 255 257 257 259 260 262 263 265 266 266 268 313 315 316 318 319 320 321 323 324 325 326 327 328 329 331 332 333 335 336 337 338 339 340 341 343 343 344 346 347 348 349 350 351 352 353 355 356 357 358 358 359 361 362 363 364 365 365 367 368 369 370 371 391 392 393
225 225 225 225 225 234 234 235 235 235 235 235 235 236 236 236 238 239 239 240 241 242 243 244 245 245 246 248 249 251 252 255 255 257 258 260 261 263 264 265 266 312 313 315 316 318 317 318 320 321 323 324 325 326 328 329 330 332 333 334 335 335 337 338 340 341 341 343 344 346 346 347 349 349 350 352 353 353 355 356 357 358 359 361 361 362 364 364 365 367 367 368 369 371 390 391
224 225 225 225 225 234 234 234 234 235 235 235 235 236 236 236 237 238 239 240 241 242 243 244 245 245 246 247 248 249 250 252 252 254 255 257 258 260 260 262 263 309 310 312 313 314 315 317 318 320 321 323 323 324 326 327 329 330 332 331 332 334 335 337 338 339 340 341 342 343 344 346 347 347 349 350 351 352 353 355 355 356 358 358 359 361 362 362 364 364 365 367 368 369 389 389
224 224 225 225 225 234 234 234 234 234 234 235 235 236 236 236 237 238 238 239 240 242 243 244 244 245 246 247 248 249 250 250 251 252 254 255 257 258 259 260 262 307 309 310 312 312 313 315 316 318 319 321 321 323 324 326 326 327 329 329 331 332 333 335 336 338 337 338 340 341 343 344 345 346 347 348 349 350 352 353 353 355 355 356 358 359 360 361 361 362 364 365 366 367 367 387
224 224 224 224 225 234 234 234 234 234 234 234 235 236 236 236 237 237 238 239 240 241 242 243 244 245 246 247 248 249 250 250 251 252 253 254 255 256 257 258 260 305 307 308 310 310 312 313 315 316 317 319 319 320 321 323 324 326 327 327 329 330 332 333 335 335 335 337 338 340 341 342 343 343 344 346 347 349 350 350 351 352 353 355 356 357 358 358 359 361 362 363 365 364 365 367
224 224 224 224 224 233 234 234 234 234 234 234 234 235 235 236 237 237 238 239 240 241 242 243 243 244 245 246 247 249 250 250 251 252 253 254 255 256 256 257 258 303 305 306 308 308 310 311 312 313 315 316 316 318 319 321 322 324 324 326 327 328 329 330 332 332 334 335 336 338 339 340 340 341 343 344 345 347 348 348 349 350 352 353 354 356 355 356 358 359 360 362 362 362 364 365
224 224 224 224 224 233 233 234 234 234 234 234 234 235 235 235 236 237 238 239 240 241 242 243 243 244 245 246 247 248 249 249 250 251 252 253 254 255 255 256 257 302 303 304 304 305 307 308 310 311 313 313 315 316 317 319 320 322 322 324 324 326 327 328 330 330 332 333 334 336 336 338 338 339 341 342 344 345 345 346 347 348 350 351 352 353 353 355 356 357 359 359 359 361 362 363
223 224 224 224 224 233 233 233 233 234 234 234 234 235 235 235 236 236 237 238 240 241 242 243 243 244 245 246 247 248 248 249 250 251 252 253 254 254 255 256 257 302 303 304 304 305 306 307 308 309 311 311 312 314 315 317 318 319 319 321 322 324 325 326 328 328 330 331 332 333 334 336 336 338 339 340 341 342 342 344 345 347 348 348 350 350 351 353 354 355 356 357 357 359 360 361
223 223 224 224 224 233 233 233 233 233 233 234 234 235 235 235 235 236 237 238 239 240 241 242 243 244 245 246 247 248 248 249 250 251 252 253 254 254 255 256 257 302 303 304 304 305 306 307 308 309 310 310 311 312 312 314 315 316 317 319 320 322 323 324 325 326 327 328 330 331 332 333 334 336 337 337 339 340 341 342 343 345 345 346 348 348 350 351 352 353 354 355 356 357 358 359
223 223 223 223 224 233 233 233 233 233 233 233 233 235 235 235 235 236 237 238 239 240 241 241 242 243 244 246 247 248 248 249 250 251 252 253 254 254 255 256 257 302 303 303 304 305 306 307 308 309 308 309 310 311 312 313 314 314 315 316 318 319 321 322 322 323 325 326 327 329 330 331 332 333 334 335 337 338 339 340 341 342 343 344 345 346 348 348 349 351 352 352 354 355 355 357
223 223 223 223 223 232 233 233 233 233 233 233 233 234 234 234 235 236 237 238 239 240 241 241 242 243 244 245 246 246 247 248 249 250 251 252 253 254 255 256 257 301 302 302 303 304 305 306 307 308 308 309 310 311 312 313 314 314 315 316 317 317 318 319 320 321 322 324 325 327 327 328 329 330 332 333 335 335 336 337 338 340 341 342 343 344 345 346 347 349 350 350 352 352 353 355
223 223 223 223 223 232 232 232 233 233 233 233 233 234 234 234 234 235 237 238 239 240 240 241 242 243 244 245 246 246 247 248 249 250 251 252 252 253 254 255 256 301 302 302 303 304 305 306 307 307 308 309 310 311 312 313 313 314 315 315 316 317 318 318 319 320 321 322 323 324 324 325 327 328 330 331 333 333 333 335 336 338 339 339 341 341 342 344 345 347 347 348 349 350 351 353
222 223 223 223 223 232 232 232 232 232 233 233 233 234 234 234 234 235 236 237 238 239 240 241 242 243 244 245 246 246 247 248 249 250 251 251 252 253 254 255 256 301 301 302 303 304 305 306 307 307 308 309 310 311 312 312 312 313 314 315 316 317 318 318 319 320 321 321 322 322 323 324 325 326 327 329 328 330 331 333 334 335 337 337 338 339 340 342 343 344 344 345 347 348 349 351
222 222 223 223 223 232 232 232 232 232 232 232 233 234 234 234 234 235 236 237 238 238 239 240 241 242 244 245 245 246 247 248 249 250 251 251 252 253 254 255 256 301 301 302 303 304 305 306 307 307 308 308 309 310 311 311 312 313 314 315 316 317 317 318 319 319 320 321 322 322 323 324 325 326 327 327 327 328 329 330 332 333 332 334 335 337 338 339 341 340 342 343 344 346 347 348
222 222 222 222 223 232 232 232 232 232 232 232 232 233 234 234 234 235 236 237 238 238 239 240 241 242 243 244 244 245 246 247 248 250 251 251 252 253 254 255 256 300 301 302 302 303 304 305 305 306 307 308 309 310 311 311 312 313 314 315 316 317 317 317 318 319 320 321 321 322 323 324 325 325 326 326 327 328 329 330 331 331 331 332 333 334 336 337 337 338 339 341 342 343 345 344
222 222 222 222 222 231 232 232 232 232 232 232 232 233 233 233 233 235 236 237 237 238 239 240 241 242 243 243 244 245 246 247 248 249 249 250 251 252 253 254 255 299 300 301 302 303 304 305 305 306 307 308 309 310 310 311 312 313 314 315 315 315 316 317 318 319 320 321 321 322 323 323 324 325 326 326 327 328 329 329 330 330 331 332 333 334 335 335 335 336 337 338 340 340 341 342
222 222 222 222 222 231 231 231 232 232 232 232 232 233 233 233 233 234 235 236 237 238 239 240 241 242 243 243 244 245 246 247 248 249 249 250 251 252 253 254 254 299 300 301 302 303 304 304 305 306 307 308 309 310 310 311 312 312 313 314 314 315 316 317 318 319 320 320 321 321 322 323 324 325 325 326 327 328 328 329 330 330 331 332 333 333 334 334 335 336 337 338 338 339 339 340
221 222 222 222 222 231 231 231 231 231 232 232 232 233 233 233 233 234 235 235 236 237 238 239 241 242 242 243 244 245 246 247 248 248 249 250 251 252 253 254 254 299 300 301 302 303 303 304 305 306 307 308 309 308 309 310 311 312 313 314 314 315 316 317 318 319 320 319 320 321 322 323 324 324 325 326 326 327 328 329 329 330 331 332 332 333 334 334 335 336 337 337 338 338 339 340
221 221 221 222 222 222 231 231 231 231 231 231 231 233 233 233 233 234 235 235 236 237 238 239 240 241 241 242 243 244 246 247 247 248 249 250 251 252 253 253 254 299 300 301 302 303 303 303 304 305 306 307 308 308 309 310 311 312 313 313 314 315 316 317 317 318 318 319 320 321 322 323 324 324 324 325 326 327 328 328 329 330 330 331 332 333 333 334 335 336 336 337 337 338 339 340
221 221 221 221 221 222 231 231 231 231 231 231 231 232 232 232 233 234 234 235 236 237 238 239 240 240 241 242 243 244 245 246 246 247 248 249 250 251 252 252 253 298 299 300 301 301 302 303 304 305 306 307 307 308 309 310 311 312 313 313 314 314 315 316 317 317 318 319 320 321 322 323 322 323 324 325 326 327 328 328 329 329 330 331 332 332 333 334 334 335 336 337 337 338 339 339
221 221 221 221 221 221 230 231 231 231 231 231 231 232 232 232 232 233 233 235 236 237 238 239 240 240 241 242 243 244 245 245 246 247 248 249 250 251 251 252 253 298 299 300 301 301 302 303 304 305 306 306 307 308 309 310 311 312 311 312 313 314 315 316 317 317 318 319 320 321 321 321 322 323 324 325 326 327 327 327 328 329 330 331 331 332 333 333 334 335 336 336 337 338 338 339
104 104 104 221 221 221 230 230 230 231 231 231 231 232 232 232 232 232 233 234 235 236 237 239 239 240 241 242 243 244 245 245 246 247 248 249 250 250 251 252 253 298 299 300 300 301 302 303 304 305 306 306 307 308 308 309 310 310 311 312 313 314 315 316 316 317 318 319 319 320 321 321 322 323 324 325 326 325 326 327 328 329 330 331 331 332 332 333 334 335 335 336 337 337 338 339
103 104 104 104 104 104 113 230 230 230 230 230 231 232 232 232 232 232 233 234 235 236 237 237 238 239 240 241 242 244 244 245 246 247 248 249 250 250 251 252 253 298 299 299 300 301 302 303 303 304 304 305 306 307 308 309 310 310 311 312 313 314 315 315 316 316 317 318 319 320 320 321 322 323 324 325 324 325 326 327 328 329 330 330 330 331 332 333 334 334 335 335 336 337 338 339
103 103 103 104 104 104 113 113 113 113 113 113 230 231 232 232 232 232 233 234 235 236 237 237 238 239 240 241 242 242 243 244 245 246 247 248 248 249 250 251 252 297 298 298 299 300 301 302 303 303 304 305 306 307 308 309 309 310 311 312 313 314 314 314 315 316 317 318 319 319 320 321 322 323 323 324 324 325 326 327 328 329 328 329 330 331 332 333 334 334 334 335 336 337 338 338
103 103 103 103 103 104 113 113 113 113 113 113 113 114 114 114 114 231 233 234 235 236 236 237 238 239 240 241 242 242 243 244 245 246 247 247 248 249 250 251 252 297 297 298 299 300 301 302 303 303 304 305 306 307 308 308 309 311 311 311 312 313 313 314 315 316 317 318 318 319 320 321 321 322 323 323 324 325 326 327 328 327 328 329 330 331 332 333 333 333 334 335 336 337 337 338
103 103 103 103 103 103 112 112 113 113 113 113 113 114 114 114 114 114 115 116 117 117 236 237 238 239 240 241 241 242 243 244 245 246 247 247 248 249 250 251 252 296 297 298 299 300 301 302 302 303 304 305 306 307 307 307 308 309 310 311 312 312 313 314 315 316 317 317 318 318 319 320 321 322 322 323 324 325 326 326 326 327 328 329 330 331 332 331 332 333 334 335 336 336 336 337
103 103 103 103 103 103 112 112 112 112 113 113 113 114 114 114 114 114 115 116 117 117 118 119 120 121 122 240 241 242 243 244 245 246 246 247 248 249 250 251 295 296 297 298 299 300 301 301 302 303 303 304 305 306 306 307 308 309 310 311 311 312 313 314 315 316 317 316 317 318 319 320 321 321 322 323 324 324 325 325 326 327 328 329 330 331 330 331 332 333 334 335 335 335 336 337
102 102 103 103 103 103 112 112 112 112 112 112 112 114 114 114 114 114 115 116 116 117 118 119 120 121 122 122 123 124 125 126 127 244 245 246 247 248 249 250 250 295 296 297 298 299 299 300 301 302 303 304 305 305 306 307 308 309 310 310 311 312 313 314 314 315 315 316 317 318 319 320 320 321 322 322 323 324 325 325 326 327 328 329 329 329 330 331 332 333 334 334 334 335 336 337
102 102 102 102 103 103 103 112 112 112 112 112 112 113 113 113 114 114 115 115 116 117 118 119 120 121 121 122 123 124 125 126 126 127 128 129 130 131 249 249 250 295 296 297 298 298 299 300 301 302 303 304 304 305 306 307 308 309 309 310 311 311 312 313 314 314 315 316 317 318 319 319 320 320 321 322 323 324 324 325 326 327 327 328 328 329 330 331 332 333 332 333 334 335 336 337
102 102 102 102 102 102 103 112 112 112 112 112 112 113 113 113 113 113 114 114 116 117 118 119 120 120 121 122 123 124 125 126 126 127 128 129 130 131 131 132 133 178 179 180 298 298 299 300 301 302 303 303 304 305 306 307 308 308 308 309 310 311 312 313 313 314 315 316 317 318 318 318 319 320 321 322 323 323 324 325 325 326 327 327 328 329 330 331 332 331 332 333 334 335 336 337
102 102 102 102 102 102 102 111 111 112 112 112 112 113 113 113 113 113 113 114 115 116 117 118 118 120 121 122 123 124 125 125 126 127 128 129 130 130 131 132 133 178 179 180 180 181 182 183 184 185 185 303 303 304 305 306 307 307 308 309 310 311 312 312 313 314 315 316 316 316 317 318 319 320 321 322 322 323 324 324 325 326 326 327 328 329 330 330 330 331 332 333 334 335 335 335
101 102 102 102 102 102 102 111 111 111 111 111 112 113 113 113 113 113 113 114 115 116 117 117 118 119 120 121 122 123 123 124 125 126 128 129 129 130 131 132 133 178 179 178 179 180 181 182 183 183 184 185 186 187 188 189 189 307 308 309 310 311 311 312 313 313 314 315 315 316 317 318 319 320 321 321 321 322 323 324 325 325 326 327 328 328 329 329 330 331 332 333 334 333 334 335
101 101 101 102 102 102 102 111 111 111 111 111 111 112 112 113 113 113 113 114 115 116 117 117 118 119 120 121 122 122 123 124 125 126 127 128 128 129 130 131 132 177 177 178 179 180 181 182 182 183 184 185 186 187 188 188 189 190 191 192 193 193 193 194 312 313 314 314 315 316 317 318 319 320 319 320 321 322 323 324 324 325 326 327 327 328 328 329 330 331 332 333 332 333 334 335
101 101 101 101 101 102 102 111 111 111 111 111 111 112 112 112 112 112 112 114 115 116 116 117 118 119 120 121 121 122 123 124 125 126 127 127 128 129 130 131 132 176 177 178 179 180 181 182 182 183 184 185 186 187 187 188 189 190 190 191 191 192 193 194 195 196 196 197 198 199 200 318 318 318 319 320 321 322 323 323 324 325 325 326 327 327 328 329 330 331 331 331 332 333 334 335
101 101 101 101 101 101 101 110 111 111 111 111 111 112 112 112 112 112 112 113 114 114 115 117 118 119 120 120 121 122 123 124 125 126 126 127 128 129 130 131 131 176 177 178 179 180 181 181 182 183 184 185 186 186 186 187 188 189 190 190 191 192 193 194 195 195 196 197 198 198 199 200 200 201 202 203 204 205 322 323 323 324 325 326 326 327 328 329 330 330 330 331 332 333 334 335
101 101 101 101 101 101 101 101 110 110 111 111 111 112 112 112 112 112 112 113 113 114 115 116 117 118 119 119 120 121 122 124 125 125 126 127 128 129 130 130 131 176 177 178 179 180 179 180 181 182 183 184 184 185 186 187 188 189 189 190 191 192 193 194 194 195 196 196 197 198 199 199 200 201 202 203 204 204 204 205 206 207 208 208 209 210 328 328 329 329 330 331 332 333 334 333
