testData/tiles/oneDegree/grid7.0-42.0-8.0-43.0.asc
ncols   200
nrows   200
xllcorner   7.0
yllcorner   42.0
cellsize   0.005
NODATA_value   -9999.0
[rows 0 to 41 of 200, columns 0 to 93 of 200]
419 419 419 419 419 419 419 419 419 419 419 419 419 419 419 419 419 419 419 419 419 419 418 418 418 418 418 418 418 418 418 418 418 418 418 418 350 349 349 349 349 349 349 349 390 390 390 389 389 389 389 389 389 389 389 388 388 388 388 388 388 388 387 387 387 387 387 387 386 386 386 386 386 386 385 385 385 385 385 384 384 384 384 384 383 383 383 383 382 382 382 382 381 381
419 419 419 419 419 419 419 419 419 419 419 419 419 419 419 419 419 419 419 419 419 419 418 418 418 418 418 418 418 418 418 418 418 418 418 418 417 349 349 349 349 349 390 390 390 390 390 389 389 389 389 389 389 389 389 388 388 388 388 388 388 388 387 387 387 387 387 387 386 386 386 386 386 386 385 385 385 385 385 384 384 384 384 384 383 383 383 383 382 382 382 382 381 381
419 419 419 419 419 419 419 419 419 419 419 419 419 419 419 419 419 419 419 419 419 418 418 418 418 418 418 418 418 418 418 418 418 418 418 418 417 417 349 349 349 390 390 390 390 390 389 389 389 389 389 389 389 389 389 388 388 388 388 388 388 388 387 387 387 387 387 387 386 386 386 386 386 385 385 385 385 385 385 384 384 384 384 383 383 383 383 383 382 382 382 382 381 381
419 419 419 419 419 419 419 419 419 419 419 419 419 419 419 419 419 419 419 419 418 418 418 418 418 418 418 418 418 418 418 418 418 418 418 418 417 417 417 349 390 390 390 390 390 390 389 389 389 389 389 389 389 389 388 388 388 388 388 388 388 387 387 387 387 387 387 387 386 386 386 386 386 385 385 385 385 385 384 384 384 384 384 383 383 383 383 383 382 382 382 382 381 381
419 419 419 419 419 419 419 419 419 419 419 419 419 419 419 419 419 419 419 419 418 418 418 418 418 418 418 418 418 418 418 418 418 418 418 417 417 417 458 458 390 390 390 390 390 390 389 389 389 389 389 389 389 389 388 388 388 388 388 388 388 387 387 387 387 387 387 386 386 386 386 386 386 385 385 385 385 385 384 384 384 384 384 383 383 383 383 382 382 382 382 382 381 381
419 419 419 419 419 419 419 419 419 419 419 419 419 419 419 419 419 419 419 418 418 418 418 418 418 418 418 418 418 418 418 418 418 418 418 417 417 458 458 458 458 390 390 390 390 389 389 389 389 389 389 389 389 389 388 388 388 388 388 388 388 387 387 387 387 387 387 386 386 386 386 386 386 385 385 385 385 385 384 384 384 384 384 383 383 383 383 382 382 382 382 381 381 381
419 419 419 419 419 419 419 419 419 419 419 419 419 419 419 419 419 419 418 418 418 418 418 418 418 418 418 418 418 418 418 418 418 418 417 417 458 458 458 458 458 458 390 390 390 389 389 389 389 389 389 389 389 388 388 388 388 388 388 388 388 387 387 387 387 387 387 386 386 386 386 386 386 385 385 385 385 385 384 384 384 384 384 383 383 383 383 382 382 382 382 381 381 381
419 419 419 419 419 419 419 419 419 419 419 419 419 419 419 419 419 418 418 418 418 418 418 418 418 418 418 418 418 418 418 418 418 418 458 458 458 458 458 458 458 458 458 390 390 389 389 389 389 389 389 389 389 388 388 388 388 388 388 388 387 387 387 387 387 387 387 386 386 386 386 386 385 385 385 385 385 385 384 384 384 384 383 383 383 383 383 382 382 382 382 381 381 381
419 419 419 419 419 419 419 419 419 419 419 419 419 419 419 419 418 418 418 418 418 418 418 418 418 418 418 418 418 418 418 418 418 458 458 458 458 458 458 458 458 458 458 458 389 389 389 389 389 389 389 389 389 388 388 388 388 388 388 388 387 387 387 387 387 387 386 386 386 386 386 386 385 385 385 385 385 384 384 384 384 384 383 383 383 383 383 382 382 382 382 381 381 381
419 419 419 419 419 419 419 419 419 419 419 419 419 419 419 418 418 418 418 418 418 418 418 418 418 418 418 418 418 418 418 418 459 458 458 458 458 458 458 458 458 458 458 458 457 389 389 389 389 389 389 389 388 388 388 388 388 388 388 388 387 387 387 387 387 387 386 386 386 386 386 386 385 385 385 385 385 384 384 384 384 384 383 383 383 383 383 382 382 382 382 381 381 381
419 419 419 419 419 419 419 419 419 419 419 419 419 419 418 418 418 418 418 418 418 418 418 418 418 418 418 418 418 418 459 459 458 458 458 458 458 458 458 458 458 458 458 457 457 389 389 389 389 389 389 389 388 388 388 388 388 388 388 387 387 387 387 387 387 387 386 386 386 386 386 386 385 385 385 385 385 384 384 384 384 384 383 383 383 383 382 382 382 382 382 381 381 381
419 419 419 419 419 419 419 419 419 419 419 419 419 418 418 418 418 418 418 418 418 418 418 418 418 418 418 418 418 459 459 459 458 458 458 458 458 458 458 458 458 458 458 457 457 457 389 389 389 389 389 389 388 388 388 388 388 388 388 387 387 387 387 387 387 387 386 386 386 386 386 385 385 385 385 385 385 384 384 384 384 384 383 383 383 383 382 382 382 382 381 381 381 381
419 419 419 419 419 419 419 419 419 419 419 418 418 418 418 418 418 418 418 418 418 418 418 418 418 418 418 418 459 459 459 458 458 458 458 458 458 458 458 458 458 458 458 457 457 457 457 389 389 389 389 388 388 388 388 388 388 388 388 387 387 387 387 387 387 386 386 386 386 386 386 385 385 385 385 385 385 384 384 384 384 383 383 383 383 383 382 382 382 382 381 381 381 381
419 419 419 419 419 419 419 419 419 419 418 418 418 418 418 418 418 418 418 418 418 418 418 418 418 418 418 459 459 459 459 458 458 458 458 458 458 458 458 458 458 458 457 457 457 457 457 457 389 389 389 388 388 388 388 388 388 388 388 387 387 387 387 387 387 386 386 386 386 386 386 385 385 385 385 385 384 384 384 384 384 383 383 383 383 383 382 382 382 382 381 381 381 381
419 419 419 419 419 419 419 419 418 418 418 418 418 418 418 418 418 418 418 418 418 418 418 418 418 418 459 459 459 459 458 458 458 458 458 458 458 458 458 458 458 458 457 457 457 457 457 457 457 389 389 388 388 388 388 388 388 388 387 387 387 387 387 387 387 386 386 386 386 386 386 385 385 385 385 385 384 384 384 384 384 383 383 383 383 383 382 382 382 382 381 381 381 381
419 419 419 419 419 418 418 418 418 418 418 418 418 418 418 418 418 418 418 418 418 418 418 418 459 459 459 459 459 459 458 458 458 458 458 458 458 458 458 458 458 457 457 457 457 457 457 457 457 457 388 388 388 388 388 388 388 388 387 387 387 387 387 387 387 386 386 386 386 386 385 385 385 385 385 385 384 384 384 384 384 383 383 383 383 382 382 382 382 382 381 381 381 381
418 418 418 418 418 418 418 418 418 418 418 418 418 418 418 418 418 418 418 418 418 418 418 459 459 459 459 459 459 458 458 458 458 458 458 458 458 458 458 458 458 457 457 457 457 457 457 457 457 457 456 388 388 388 388 388 388 388 387 387 387 387 387 387 386 386 386 386 386 386 385 385 385 385 385 385 384 384 384 384 384 383 383 383 383 382 382 382 382 381 381 381 381 380
418 418 418 418 418 418 418 418 418 418 418 418 418 418 418 418 418 418 418 418 418 418 459 459 459 459 459 459 458 458 458 458 458 458 458 458 458 458 458 458 458 457 457 457 457 457 457 457 457 457 456 456 388 388 388 388 388 387 387 387 387 387 387 387 386 386 386 386 386 386 385 385 385 385 385 384 384 384 384 384 383 383 383 383 383 382 382 382 382 381 381 381 381 380
418 418 418 418 418 418 418 418 418 418 418 418 418 418 418 418 418 418 418 418 418 459 459 459 459 459 459 459 458 458 458 458 458 458 458 458 458 458 458 458 457 457 457 457 457 457 457 457 457 456 456 456 456 388 388 388 388 387 387 387 387 387 387 387 386 386 386 386 386 386 385 385 385 385 385 384 384 384 384 384 383 383 383 383 383 382 382 382 382 381 381 381 381 380
418 418 418 418 418 418 418 418 418 418 418 418 418 418 418 418 418 418 418 418 459 459 459 459 459 459 459 458 458 458 458 458 458 458 458 458 458 458 458 458 457 457 457 457 457 457 457 457 457 456 456 456 456 388 388 388 388 387 387 387 387 387 387 386 386 386 386 386 386 385 385 385 385 385 385 384 384 384 384 384 383 383 383 383 382 382 382 382 382 381 381 381 381 380
418 418 418 418 418 418 418 418 418 418 418 418 418 418 418 418 418 418 418 459 459 459 459 459 459 459 458 458 458 458 458 458 458 458 458 458 458 458 458 457 457 457 457 457 457 457 457 457 457 456 456 456 456 456 388 388 387 387 387 387 387 387 387 386 386 386 386 386 386 385 385 385 385 385 385 384 384 384 384 384 383 383 383 383 382 382 382 382 382 381 381 381 381 380
418 418 418 418 418 418 418 418 418 418 418 418 418 418 418 418 418 459 459 459 459 459 459 459 459 459 458 458 458 458 458 458 458 458 458 458 458 458 458 457 457 457 457 457 457 457 457 457 456 456 456 456 456 456 456 388 387 387 387 387 387 387 387 386 386 386 386 386 386 385 385 385 385 385 384 384 384 384 384 383 383 383 383 383 382 382 382 382 381 381 381 381 380 380
418 418 418 418 418 418 418 418 418 418 418 418 418 418 418 418 459 459 459 459 459 459 459 459 459 458 458 458 458 458 458 458 458 458 458 458 458 458 457 457 457 457 457 457 457 457 457 457 456 456 456 456 456 456 456 456 387 387 387 387 387 387 387 386 386 386 386 386 386 385 385 385 385 385 384 384 384 384 384 383 383 383 383 383 382 382 382 382 381 381 381 381 380 380
418 418 418 418 418 418 418 418 418 418 418 418 418 418 418 459 459 459 459 459 459 459 459 459 458 458 458 458 458 458 458 458 458 458 458 458 458 458 457 457 457 457 457 457 457 457 457 456 456 456 456 456 456 456 456 455 455 387 387 387 387 387 386 386 386 386 386 386 385 385 385 385 385 385 384 384 384 384 384 383 383 383 383 383 382 382 382 382 381 381 381 381 380 380
418 418 418 418 418 418 418 418 418 418 418 418 418 418 459 459 459 459 459 459 459 459 459 458 458 458 458 458 458 458 458 458 458 458 458 458 458 457 457 457 457 457 457 457 457 457 457 456 456 456 456 456 456 456 456 455 455 455 387 387 387 387 386 386 386 386 386 386 385 385 385 385 385 385 384 384 384 384 384 383 383 383 383 382 382 382 382 382 381 381 381 381 380 380
418 418 418 418 418 418 418 418 418 418 418 418 418 459 459 459 459 459 459 459 459 459 458 458 458 458 458 458 458 458 458 458 458 458 458 458 458 457 457 457 457 457 457 457 457 457 457 456 456 456 456 456 456 456 456 455 455 455 387 387 387 387 386 386 386 386 386 386 385 385 385 385 385 384 384 384 384 384 383 383 383 383 383 382 382 382 382 381 381 381 381 381 380 380
418 418 418 418 418 418 418 418 418 418 418 418 459 459 459 459 459 459 459 459 459 459 458 458 458 458 458 458 458 458 458 458 458 458 458 458 457 457 457 457 457 457 457 457 457 457 456 456 456 456 456 456 456 456 455 455 455 455 455 387 387 386 386 386 386 386 386 386 385 385 385 385 385 384 384 384 384 384 383 383 383 383 383 382 382 382 382 381 381 381 381 380 380 380
418 418 418 418 418 418 418 418 418 418 418 459 459 459 459 459 459 459 459 459 459 458 458 458 458 458 458 458 458 458 458 458 458 458 458 458 457 457 457 457 457 457 457 457 457 457 456 456 456 456 456 456 456 456 455 455 455 455 455 455 387 386 386 386 386 386 386 385 385 385 385 385 385 384 384 384 384 384 383 383 383 383 383 382 382 382 382 381 381 381 381 380 380 380
419 419 419 418 418 418 418 418 418 418 459 459 459 459 459 459 459 459 459 459 458 458 458 458 458 458 458 458 458 458 458 458 458 458 458 457 457 457 457 457 457 457 457 457 457 456 456 456 456 456 456 456 456 456 455 455 455 455 455 455 455 386 386 386 386 386 386 385 385 385 385 385 385 384 384 384 384 384 383 383 383 383 382 382 382 382 382 381 381 381 381 380 380 380
419 419 419 419 419 419 419 418 418 459 459 459 459 459 459 459 459 459 459 458 458 458 458 458 458 458 458 458 458 458 458 458 458 458 457 457 457 457 457 457 457 457 457 457 457 456 456 456 456 456 456 456 456 455 455 455 455 455 455 455 454 454 386 386 386 386 386 385 385 385 385 385 384 384 384 384 384 383 383 383 383 383 382 382 382 382 382 381 381 381 381 380 380 380
420 420 420 419 419 419 419 419 460 460 460 459 459 459 459 459 459 459 458 458 458 458 458 458 458 458 458 458 458 458 458 458 458 458 457 457 457 457 457 457 457 457 457 457 456 456 456 456 456 456 456 456 456 455 455 455 455 455 455 455 454 454 386 386 386 386 385 385 385 385 385 385 384 384 384 384 384 383 383 383 383 383 382 382 382 382 381 381 381 381 380 380 380 380
420 420 420 420 420 420 420 460 460 460 460 460 460 460 459 459 458 458 458 458 458 458 458 458 458 458 458 458 458 458 458 458 458 457 457 457 457 457 457 457 457 457 457 457 456 456 456 456 456 456 456 456 456 455 455 455 455 455 455 455 454 454 454 386 386 386 385 385 385 385 385 385 384 384 384 384 384 383 383 383 383 383 382 382 382 382 381 381 381 381 380 380 380 380
421 421 421 421 420 420 461 461 461 461 461 460 460 460 460 459 459 458 458 458 458 458 458 458 458 458 458 458 458 458 458 458 458 457 457 457 457 457 457 457 457 457 457 457 456 456 456 456 456 456 456 456 455 455 455 455 455 455 455 454 454 454 454 454 386 386 385 385 385 385 385 384 384 384 384 384 384 383 383 383 383 382 382 382 382 382 381 381 381 381 380 380 380 380
421 421 421 421 421 462 462 462 461 461 461 461 461 461 459 459 459 459 459 459 458 458 458 458 458 458 458 458 458 458 458 458 457 457 457 457 457 457 457 457 457 457 457 456 456 456 456 456 456 456 456 456 455 455 455 455 455 455 455 454 454 454 454 454 454 385 385 385 385 385 385 384 384 384 384 384 383 383 383 383 383 382 382 382 382 382 381 381 381 381 380 380 380 380
422 422 422 422 462 462 462 462 462 462 462 461 460 460 460 460 460 459 459 459 459 459 459 458 458 458 458 458 458 458 458 457 457 457 457 457 457 457 457 457 457 457 457 456 456 456 456 456 456 456 456 455 455 455 455 455 455 455 455 454 454 454 454 454 454 453 385 385 385 385 385 384 384 384 384 384 383 383 383 383 383 382 382 382 382 381 381 381 381 381 380 380 380 379
422 422 422 463 463 463 463 463 462 462 461 461 461 461 461 460 460 460 460 460 459 459 459 459 459 458 458 458 458 458 458 457 457 457 457 457 457 457 457 457 457 457 456 456 456 456 456 456 456 456 456 455 455 455 455 455 455 455 454 454 454 454 454 454 454 453 385 385 385 385 385 384 384 384 384 384 383 383 383 383 383 382 382 382 382 381 381 381 381 380 380 380 380 379
423 423 464 464 464 463 463 463 462 462 462 462 461 461 461 461 461 461 460 460 460 460 460 459 459 459 459 459 458 458 457 457 457 457 457 457 457 457 457 457 457 457 456 456 456 456 456 456 456 456 455 455 455 455 455 455 455 455 454 454 454 454 454 454 453 453 453 385 385 385 384 384 384 384 384 384 383 383 383 383 382 382 382 382 382 381 381 381 381 380 380 380 380 379
424 464 464 464 464 463 463 463 463 462 462 462 462 462 462 461 461 461 461 461 460 460 460 460 460 459 459 459 459 458 457 457 457 457 457 457 457 457 457 457 457 456 456 456 456 456 456 456 456 456 455 455 455 455 455 455 455 455 454 454 454 454 454 454 453 453 453 453 385 385 384 384 384 384 384 383 383 383 383 383 382 382 382 382 382 381 381 381 381 380 380 380 380 379
464 464 464 464 464 463 463 463 463 463 463 463 462 462 462 462 462 462 461 461 461 461 461 460 460 460 460 460 459 458 458 458 457 457 457 457 457 457 457 457 457 456 456 456 456 456 456 456 456 456 455 455 455 455 455 455 455 454 454 454 454 454 454 454 453 453 453 453 453 385 384 384 384 384 384 383 383 383 383 383 382 382 382 382 381 381 381 381 381 380 380 380 380 379
465 465 464 464 464 464 464 464 464 463 463 463 463 463 463 462 462 462 462 462 462 461 461 461 461 461 460 460 459 459 458 458 458 458 457 457 457 457 457 457 456 456 456 456 456 456 456 456 456 455 455 455 455 455 455 455 455 454 454 454 454 454 454 453 453 453 453 453 453 384 384 384 384 384 384 383 383 383 383 383 382 382 382 382 381 381 381 381 380 380 380 380 379 379
465 465 465 465 465 465 464 464 464 464 464 464 463 463 463 463 463 463 462 462 462 462 462 461 461 461 461 460 459 459 459 459 458 458 458 458 457 457 457 456 456 456 456 456 456 456 456 456 456 455 455 455 455 455 455 455 454 454 454 454 454 454 454 453 453 453 453 453 453 452 384 384 384 384 383 383 383 383 383 382 382 382 382 382 381 381 381 381 380 380 380 380 379 379
466 466 465 465 465 465 465 465 465 464 464 464 464 464 464 463 463 463 463 463 463 462 462 462 462 462 460 460 460 460 459 459 459 459 458 458 458 458 457 456 456 456 456 456 456 456 456 456 455 455 455 455 455 455 455 455 454 454 454 454 454 454 454 453 453 453 453 453 453 452 452 384 384 384 383 383 383 383 383 382 382 382 382 382 381 381 381 381 380 380 380 380 379 379
