testData/tiles/oneDegree/grid3.0-8.0-4.0-9.0.asc
ncols   200
nrows   200
xllcorner   3.0
yllcorner   8.0
cellsize   0.005
NODATA_value   -9999.0
[rows 0 to 41 of 200, columns 94 to 187 of 200]
90 90 89 88 88 87 87 86 86 85 85 84 84 83 83 82 82 81 81 80 79 79 78 78 77 77 76 76 75 75 74 74 73 72 72 71 71 70 70 69 69 68 68 67 67 66 66 65 64 64 63 63 62 62 62 62 62 62 62 62 62 62 62 62 62 62 62 62 62 62 62 62 62 62 62 62 62 62 62 62 62 62 62 62 62 62 62 19 19 0 0 0 0 0
90 89 89 88 88 87 87 86 86 85 85 84 84 83 82 82 81 81 80 80 79 79 78 78 77 77 76 76 75 74 74 73 73 72 72 71 71 70 70 69 69 68 67 67 66 66 65 65 64 64 63 63 62 62 62 62 62 62 62 62 62 62 62 62 62 62 62 62 62 62 62 62 62 62 62 62 62 62 62 62 62 62 62 62 62 62 62 19 19 0 0 0 0 0
90 89 89 88 88 87 86 86 85 85 84 84 83 83 82 82 81 81 80 80 79 79 78 77 77 76 76 75 75 74 74 73 73 72 72 71 71 70 69 69 68 68 67 67 66 66 65 65 64 64 63 62 62 62 62 62 62 62 62 62 62 62 62 62 62 62 62 62 62 62 62 62 62 62 62 62 62 62 62 62 62 62 62 62 62 62 19 19 19 0 0 0 0 0
89 89 88 88 87 87 86 86 85 85 84 84 83 83 82 82 81 80 80 79 79 78 78 77 77 76 76 75 75 74 74 73 72 72 71 71 70 70 69 69 68 68 67 67 66 66 65 64 64 63 63 62 62 62 62 62 62 62 62 62 62 62 62 62 62 62 62 62 62 62 62 62 62 62 62 62 62 62 62 62 62 62 62 62 62 62 19 19 0 0 0 0 0 0
89 89 88 88 87 87 86 86 85 84 84 83 83 82 82 81 81 80 80 79 79 78 78 77 77 76 75 75 74 74 73 73 72 72 71 71 70 70 69 69 68 67 67 66 66 65 65 64 64 63 63 62 62 62 62 62 62 62 62 62 62 62 62 62 62 62 62 62 62 62 62 62 62 62 62 62 62 62 62 62 62 62 62 62 62 62 19 19 0 0 0 0 0 0
89 89 88 87 87 86 86 85 85 84 84 83 83 82 82 81 81 80 80 79 78 78 77 77 76 76 75 75 74 74 73 73 72 72 71 70 70 69 69 68 68 67 67 66 66 65 65 64 64 63 62 62 62 62 62 62 62 62 62 62 62 62 62 62 62 62 62 62 62 62 62 62 62 62 62 62 62 62 62 62 62 62 62 62 62 62 19 19 0 0 0 0 0 0
89 88 88 87 87 86 86 85 85 84 84 83 83 82 81 81 80 80 79 79 78 78 77 77 76 76 75 75 74 73 73 72 72 71 71 70 70 69 69 68 68 67 67 66 66 65 64 64 63 63 62 62 62 62 62 62 62 62 62 62 62 62 62 62 62 62 62 62 62 62 62 62 62 62 62 62 62 62 62 62 62 62 62 62 62 62 19 0 0 0 0 0 0 0
89 88 88 87 87 86 85 85 84 84 83 83 82 82 81 81 80 80 79 79 78 78 77 76 76 75 75 74 74 73 73 72 72 71 71 70 70 69 69 68 67 67 66 66 65 65 64 64 63 63 62 62 62 62 62 62 62 62 62 62 62 62 62 62 62 62 62 62 62 62 62 62 62 62 62 62 62 62 62 62 62 62 62 62 62 62 19 0 0 0 0 0 0 0
88 88 87 87 86 86 85 85 84 84 83 83 82 82 81 81 80 79 79 78 78 77 77 76 76 75 75 74 74 73 73 72 72 71 70 70 69 69 68 68 67 67 66 66 65 65 64 64 63 62 62 62 62 62 62 62 62 62 62 62 62 62 62 62 62 62 62 62 62 62 62 62 62 62 62 62 62 62 62 62 62 62 62 62 62 19 19 0 0 0 0 0 0 0
88 88 87 87 86 86 85 85 84 83 83 82 82 81 81 80 80 79 79 78 78 77 77 76 76 75 75 74 73 73 72 72 71 71 70 70 69 69 68 68 67 67 66 65 65 64 64 63 63 62 62 62 62 62 62 62 62 62 62 62 62 62 62 62 62 62 62 62 62 62 62 62 62 62 62 62 62 62 62 62 62 62 62 62 62 19 0 0 0 0 0 0 0 0
88 87 87 86 86 85 85 84 84 83 83 82 82 81 81 80 80 79 79 78 77 77 76 76 75 75 74 74 73 73 72 72 71 71 70 70 69 68 68 67 67 66 66 65 65 64 64 63 63 62 62 62 62 62 62 62 62 62 62 62 62 62 62 62 62 62 62 62 62 62 62 62 62 62 62 62 62 62 62 62 62 62 62 62 62 19 0 0 0 0 0 0 0 0
88 87 87 86 86 85 85 84 84 83 83 82 81 81 80 80 79 79 78 78 77 77 76 76 75 75 74 74 73 73 72 71 71 70 70 69 69 68 68 67 67 66 66 65 65 64 63 63 62 62 62 62 62 62 62 62 62 62 62 62 62 62 62 62 62 62 62 62 62 62 62 62 62 62 62 62 62 62 62 62 62 62 62 62 62 19 0 0 0 0 0 0 0 0
88 87 87 86 85 85 84 84 83 83 82 82 81 81 80 80 79 79 78 78 77 77 76 75 75 74 74 73 73 72 72 71 71 70 70 69 69 68 68 67 66 66 65 65 64 64 63 63 62 62 62 62 62 62 62 62 62 62 62 62 62 62 62 62 62 62 62 62 62 62 62 62 62 62 62 62 62 62 62 62 62 62 62 62 62 0 0 0 0 0 0 0 0 0
87 87 86 86 85 85 84 84 83 83 82 82 81 81 80 79 79 78 78 77 77 76 76 75 75 74 74 73 73 72 72 71 71 70 69 69 68 68 67 67 66 66 65 65 64 64 63 63 62 62 62 62 62 62 62 62 62 62 62 62 62 62 62 62 62 62 62 62 62 62 62 62 62 62 62 62 62 62 62 62 62 62 62 62 62 0 0 0 0 0 0 0 0 0
87 87 86 86 85 85 84 83 83 82 82 81 81 80 80 79 79 78 78 77 77 76 76 75 75 74 73 73 72 72 71 71 70 70 69 69 68 68 67 67 66 66 65 65 64 63 63 62 62 62 62 62 62 62 62 62 62 62 62 62 62 62 62 62 62 62 62 62 62 62 62 62 62 62 62 62 62 62 62 62 62 62 62 62 19 0 0 0 0 0 0 0 0 0
87 86 86 85 85 84 84 83 83 82 82 81 81 80 80 79 79 78 78 77 76 76 75 75 74 74 73 73 72 72 71 71 70 70 69 69 68 67 67 66 66 65 65 64 64 63 63 62 62 62 62 62 62 62 62 62 62 62 62 62 62 62 62 62 62 62 62 62 62 62 62 62 62 62 62 62 62 62 62 62 62 62 62 62 0 0 0 0 0 0 0 0 0 0
87 86 86 85 85 84 84 83 83 82 81 81 80 80 79 79 78 78 77 77 76 76 75 75 74 74 73 73 72 72 71 70 70 69 69 68 68 67 67 66 66 65 65 64 64 63 63 62 62 62 62 62 62 62 62 62 62 62 62 62 62 62 62 62 62 62 62 62 62 62 62 62 62 62 62 62 62 62 62 62 62 62 62 62 0 0 0 0 0 0 0 0 0 0
86 86 85 85 84 84 83 83 82 82 81 81 80 80 79 79 78 78 77 77 76 76 75 74 74 73 73 72 72 71 71 70 70 69 69 68 68 67 67 66 65 65 64 64 63 63 62 62 62 62 62 62 62 62 62 62 62 62 62 62 62 62 62 62 62 62 62 62 62 62 62 62 62 62 62 62 62 62 62 62 62 62 62 62 0 0 0 0 0 0 0 0 0 0
86 86 85 85 84 84 83 83 82 82 81 81 80 79 79 78 78 77 77 76 76 75 75 74 74 73 73 72 72 71 71 70 70 69 68 68 67 67 66 66 65 65 64 64 63 63 62 62 62 62 62 62 62 62 62 62 62 62 62 62 62 62 62 62 62 62 62 62 62 62 62 62 62 62 62 62 62 62 62 62 62 62 62 43 0 0 0 0 0 0 0 0 0 0
86 86 85 84 84 83 83 82 82 81 81 80 80 79 79 78 78 77 77 76 76 75 75 74 74 73 72 72 71 71 70 70 69 69 68 68 67 67 66 66 65 65 64 64 63 62 62 62 62 62 62 62 62 62 62 62 62 62 62 62 62 62 62 62 62 62 62 62 62 62 62 62 62 62 62 62 62 62 62 62 62 62 62 0 0 0 0 0 0 0 0 0 0 0
86 85 85 84 84 83 83 82 82 81 81 80 80 79 79 78 77 77 76 76 75 75 74 74 73 73 72 72 71 71 70 70 69 69 68 68 67 66 66 65 65 64 64 63 63 62 62 62 62 62 62 62 62 62 62 62 62 62 62 62 62 62 62 62 62 62 62 62 62 62 62 62 62 62 62 62 62 62 62 62 62 62 62 0 0 0 0 0 0 0 0 0 0 0
86 85 85 84 84 83 82 82 81 81 80 80 79 79 78 78 77 77 76 76 75 75 74 74 73 73 72 72 71 70 70 69 69 68 68 67 67 66 66 65 65 64 64 63 63 62 62 62 62 62 62 62 62 62 62 62 62 62 62 62 62 62 62 62 62 62 62 62 62 62 62 62 62 62 62 62 62 62 62 62 62 62 43 0 0 0 0 0 0 0 0 0 0 0
85 85 84 84 83 83 82 82 81 81 80 80 79 79 78 78 77 77 76 75 75 74 74 73 73 72 72 71 71 70 70 69 69 68 68 67 67 66 66 65 64 64 63 63 62 62 62 62 62 62 62 62 62 62 62 62 62 62 62 62 62 62 62 62 62 62 62 62 62 62 62 62 62 62 62 62 62 62 62 62 62 62 43 0 0 0 0 0 0 0 0 0 0 0
85 85 84 84 83 83 82 81 81 80 80 79 79 78 78 77 77 76 76 75 75 74 74 73 73 72 72 71 71 70 70 69 68 68 67 67 66 66 65 65 64 64 63 63 62 62 62 62 62 62 62 62 62 62 62 62 62 62 62 62 62 62 62 62 62 62 62 62 62 62 62 62 62 62 62 62 62 62 62 62 62 62 43 0 0 0 0 0 0 0 0 0 0 0
85 84 84 83 83 82 82 81 81 80 80 79 79 78 78 77 77 76 76 75 75 74 73 73 72 72 71 71 70 70 69 69 68 68 67 67 66 66 65 65 64 64 63 62 62 62 62 62 62 62 62 62 62 62 62 62 62 62 62 62 62 62 62 62 62 62 62 62 62 62 62 62 62 62 62 62 62 62 62 62 62 43 0 0 0 0 0 0 0 0 0 0 0 0
85 84 84 83 83 82 82 81 81 80 79 79 78 78 77 77 76 76 75 75 74 74 73 73 72 72 71 71 70 70 69 69 68 68 67 66 66 65 65 64 64 63 63 62 62 62 62 62 62 62 62 62 62 62 62 62 62 62 62 62 62 62 62 62 62 62 62 62 62 62 62 62 62 62 62 62 62 62 62 62 62 43 0 0 0 0 0 0 0 0 0 0 0 0
84 84 83 83 82 82 81 81 80 80 79 79 78 78 77 77 76 76 75 75 74 74 73 73 72 71 71 70 70 69 69 68 68 67 67 66 66 65 65 64 64 63 63 62 62 62 62 62 62 62 62 62 62 62 62 62 62 62 62 62 62 62 62 62 62 62 62 62 62 62 62 62 62 62 62 62 62 62 62 62 62 43 0 0 0 0 0 0 0 0 0 0 0 0
84 84 83 83 82 82 81 81 80 80 79 79 78 77 77 76 76 75 75 74 74 73 73 72 72 71 71 70 70 69 69 68 68 67 67 66 66 65 64 64 63 63 62 62 62 62 62 62 62 62 62 62 62 62 62 62 62 62 62 62 62 62 62 62 62 62 62 62 62 62 62 62 62 62 62 62 62 62 62 62 43 43 0 0 0 0 0 0 0 0 0 0 0 0
84 83 83 82 82 81 81 80 80 79 79 78 78 77 77 76 76 75 75 74 74 73 73 72 72 71 71 70 69 69 68 68 67 67 66 66 65 65 64 64 63 63 62 62 62 62 62 62 62 62 62 62 62 62 62 62 62 62 62 62 62 62 62 62 62 62 62 62 62 62 62 62 62 62 62 62 62 62 62 62 43 0 0 0 0 0 0 0 0 0 0 0 0 0
84 83 83 82 82 81 81 80 80 79 79 78 78 77 77 76 75 75 74 74 73 73 72 72 71 71 70 70 69 69 68 68 67 67 66 66 65 65 64 64 63 62 62 62 62 62 62 62 62 62 62 62 62 62 62 62 62 62 62 62 62 62 62 62 62 62 62 62 62 62 62 62 62 62 62 62 62 62 62 43 43 0 0 0 0 0 0 0 0 0 0 0 0 0
83 83 82 82 81 81 80 80 79 79 78 78 77 77 76 76 75 75 74 74 73 73 72 72 71 71 70 70 69 69 68 67 67 66 66 65 65 64 64 63 63 62 62 62 62 62 62 62 62 62 62 62 62 62 62 62 62 62 62 62 62 62 62 62 62 62 62 62 62 62 62 62 62 62 62 62 62 62 62 43 43 0 0 0 0 0 0 0 0 0 0 0 0 0
83 83 82 82 81 81 80 80 79 79 78 78 77 77 76 76 75 74 74 73 73 72 72 71 71 70 70 69 69 68 68 67 67 66 66 65 65 64 64 63 63 62 62 62 62 62 62 62 62 62 62 62 62 62 62 62 62 62 62 62 62 62 62 62 62 62 62 62 62 62 62 62 62 62 62 62 62 62 62 43 43 0 0 0 0 0 0 0 0 0 0 0 0 0
83 82 82 81 81 80 80 79 79 78 78 77 77 76 76 75 75 74 74 73 73 72 72 71 71 70 70 69 69 68 68 67 67 66 65 65 64 64 63 63 62 62 62 62 62 62 62 62 62 62 62 62 62 62 62 62 62 62 62 62 62 62 62 62 62 62 62 62 62 62 62 62 62 62 62 62 62 62 43 43 0 0 0 0 0 0 0 0 0 0 0 0 0 0
83 82 82 81 81 80 80 79 79 78 78 77 77 76 76 75 75 74 74 73 72 72 71 71 70 70 69 69 68 68 67 67 66 66 65 65 64 64 63 63 62 62 62 62 62 62 62 62 62 62 62 62 62 62 62 62 62 62 62 62 62 62 62 62 62 62 62 62 62 62 62 62 62 62 62 62 62 62 43 43 0 0 0 0 0 0 0 0 0 0 0 0 0 0
83 82 81 81 80 80 79 79 78 78 77 77 76 76 75 75 74 74 73 73 72 72 71 71 70 70 69 69 68 68 67 67 66 66 65 64 64 63 63 62 62 62 62 62 62 62 62 62 62 62 62 62 62 62 62 62 62 62 62 62 62 62 62 62 62 62 62 62 62 62 62 62 62 62 62 62 62 62 43 43 0 0 0 0 0 0 0 0 0 0 0 0 0 0
82 82 81 81 80 80 79 79 78 78 77 77 76 76 75 75 74 74 73 73 72 72 71 70 70 69 69 68 68 67 67 66 66 65 65 64 64 63 63 62 62 62 62 62 62 62 62 62 62 62 62 62 62 62 62 62 62 62 62 62 62 62 62 62 62 62 62 62 62 62 62 62 62 62 62 62 62 43 43 43 0 0 0 0 0 0 0 0 0 0 0 0 0 0
82 82 81 80 80 79 79 78 78 77 77 76 76 75 75 74 74 73 73 72 72 71 71 70 70 69 69 68 68 67 67 66 66 65 65 64 64 63 62 62 62 62 62 62 62 62 62 62 62 62 62 62 62 62 62 62 62 62 62 62 62 62 62 62 62 62 62 62 62 62 62 62 62 62 62 62 62 43 43 0 0 0 0 0 0 0 0 0 0 0 0 0 0 0
82 81 81 80 80 79 79 78 78 77 77 76 76 75 75 74 74 73 73 72 72 71 71 70 69 69 68 68 67 67 66 66 65 65 64 64 63 63 62 62 62 62 62 62 62 62 62 62 62 62 62 62 62 62 62 62 62 62 62 62 62 62 62 62 62 62 62 62 62 62 62 62 62 62 62 62 43 43 43 0 0 0 0 0 0 0 0 0 0 0 0 0 0 0
82 81 81 80 79 79 78 78 77 77 76 76 75 75 74 74 73 73 72 72 71 71 70 70 69 69 68 68 67 67 66 66 65 65 64 64 63 63 62 62 62 62 62 62 62 62 62 62 62 62 62 62 62 62 62 62 62 62 62 62 62 62 62 62 62 62 62 62 62 62 62 62 62 62 62 62 43 43 43 0 0 0 0 0 0 0 0 0 0 0 0 0 0 0
81 81 80 80 79 79 78 78 77 77 76 76 75 75 74 74 73 73 72 72 71 71 70 70 69 69 68 67 67 66 66 65 65 64 64 63 63 62 62 62 62 62 62 62 62 62 62 62 62 62 62 62 62 62 62 62 62 62 62 62 62 62 62 62 62 62 62 62 62 62 62 62 62 62 62 62 43 43 0 0 0 0 0 0 0 0 0 0 0 0 0 0 0 0
81 81 80 80 79 78 78 77 77 76 76 75 75 74 74 73 73 72 72 71 71 70 70 69 69 68 68 67 67 66 66 65 65 64 64 63 63 62 62 62 62 62 62 62 62 62 62 62 62 62 62 62 62 62 62 62 62 62 62 62 62 62 62 62 62 62 62 62 62 62 62 62 62 62 62 43 43 43 0 0 0 0 0 0 0 0 0 0 0 0 0 0 0 0
81 80 80 79 79 78 78 77 77 76 76 75 75 74 74 73 73 72 72 71 71 70 70 69 69 68 68 67 66 66 65 65 64 64 63 63 62 62 62 62 62 62 62 62 62 62 62 62 62 62 62 62 62 62 62 62 62 62 62 62 62 62 62 62 62 62 62 62 62 62 62 62 62 62 62 43 43 43 0 0 0 0 0 0 0 0 0 0 0 0 0 0 0 0
