testData/tiles/oneDegree/grid9.0-7.0-10.0-8.0.asc
ncols   200
nrows   200
xllcorner   9.0
yllcorner   7.0
cellsize   0.005
NODATA_value   -9999.0
[rows 126 to 167 of 200, columns 0 to 93 of 200]
591 591 591 591 544 545 545 545 545 545 545 545 547 543 545 546 548 558 560 561 564 565 566 568 569 572 576 580 584 533 537 541 545 549 553 556 560 563 567 571 575 578 582 586 590 593 596 601 603 607 610 614 617 620 653 657 659 662 666 668 672 675 679 682 686 688 692 694 698 700 704 707 710 713 716 719 722 726 729 732 735 737 740 743 746 750 753 755 759 761 823 826 830 832
591 591 544 544 544 544 545 545 545 545 545 498 500 543 545 546 548 558 560 561 563 564 566 568 569 572 521 525 529 533 536 541 545 548 552 556 560 563 567 570 575 578 582 585 589 592 596 600 603 607 610 614 616 620 623 657 659 662 666 668 672 675 679 682 685 688 692 694 698 700 704 707 710 713 716 719 722 726 729 732 734 737 740 743 746 749 753 755 759 761 764 826 830 832
544 544 544 544 544 544 544 545 545 545 498 498 500 543 545 546 548 558 560 561 563 564 565 567 514 517 520 525 528 533 536 541 545 548 552 555 560 563 567 570 575 578 582 585 589 592 594 599 602 607 610 613 616 620 623 656 659 662 665 668 672 674 679 682 685 688 691 694 698 700 704 707 710 713 716 719 722 725 728 732 734 737 740 743 746 749 753 755 758 761 764 825 829 832
544 544 544 544 544 544 544 544 498 498 498 498 500 501 545 546 548 558 560 561 562 509 510 512 513 517 520 525 528 533 536 540 545 548 552 555 559 562 567 570 575 578 582 585 587 591 594 598 602 606 609 612 616 620 623 627 659 662 665 668 672 674 678 681 685 688 691 694 696 700 703 707 709 713 715 719 721 725 728 732 734 737 740 742 746 748 753 755 758 761 764 825 828 832
544 544 544 544 544 544 497 497 497 497 498 498 500 501 545 546 548 558 505 506 507 509 510 512 513 516 519 524 528 532 536 539 543 548 552 555 559 562 566 569 574 577 581 584 587 591 594 598 602 606 608 612 615 619 621 624 659 661 665 668 671 674 678 681 685 688 691 694 696 700 702 707 709 713 715 719 721 725 728 731 734 736 740 742 746 748 752 755 758 761 763 825 828 831
544 544 544 544 497 497 497 497 497 497 497 498 500 501 545 491 493 503 504 506 507 509 510 512 513 516 518 523 527 532 535 539 543 547 552 555 559 562 566 569 573 577 580 584 587 591 594 598 602 605 608 612 615 617 621 624 629 660 664 667 670 674 678 680 685 687 690 693 696 700 702 707 709 713 715 719 721 724 727 730 734 736 740 742 746 748 751 755 757 760 763 825 826 830
544 544 497 497 497 497 497 497 497 497 497 442 445 446 490 491 493 503 504 506 507 509 510 512 513 515 518 523 526 530 534 538 543 546 551 555 559 562 566 569 572 577 580 584 587 591 594 597 600 605 608 612 615 617 621 624 628 660 664 666 670 673 676 679 683 686 689 692 695 699 702 705 709 711 715 717 721 723 727 730 734 736 740 742 743 747 749 753 756 759 762 824 826 829
497 497 497 497 497 497 497 497 442 442 442 442 444 445 490 491 492 503 504 506 507 509 510 512 513 515 518 521 526 529 534 537 542 546 551 554 558 562 565 569 572 576 580 584 587 591 593 597 600 604 608 611 614 617 621 624 627 631 664 666 669 673 675 679 681 686 689 692 695 698 701 703 708 710 714 716 720 722 726 728 732 735 737 741 743 747 749 752 756 759 761 764 826 828
441 497 497 497 497 442 442 442 442 442 442 442 444 445 446 491 492 503 504 506 507 509 510 512 513 514 517 521 526 529 534 537 541 545 550 554 557 561 564 568 572 576 579 583 586 590 593 596 600 603 608 610 614 617 621 623 627 630 662 666 669 672 675 679 681 686 688 691 695 697 701 703 707 710 714 716 720 722 725 728 730 735 737 741 743 746 749 751 755 758 761 764 826 828
441 386 442 442 442 442 442 442 442 442 442 442 443 445 446 490 491 503 504 506 507 509 510 511 513 514 517 521 525 529 533 537 541 544 548 553 556 561 564 568 571 575 578 583 586 589 593 596 600 603 607 610 614 617 619 623 626 630 633 666 669 672 675 678 681 684 688 691 694 697 700 703 706 709 712 716 718 722 724 728 730 735 737 739 743 745 749 751 754 758 760 763 825 828
386 386 386 442 442 442 442 442 442 442 442 442 443 445 446 490 491 502 504 506 507 508 510 511 513 514 517 519 525 529 533 536 540 544 547 551 556 560 563 567 571 574 578 582 586 589 593 596 600 602 606 610 613 616 619 623 626 629 632 666 668 671 675 677 681 683 687 691 694 697 699 703 705 709 712 716 718 722 724 727 730 733 737 739 743 745 748 751 753 757 760 763 825 740
386 386 386 386 442 442 442 442 442 442 442 442 443 445 446 490 491 501 503 504 507 508 510 511 513 514 517 519 523 528 532 536 539 544 547 551 555 560 563 566 570 573 578 581 586 589 593 595 598 602 605 609 613 616 619 623 625 628 632 635 668 671 674 677 681 683 686 690 693 697 699 703 705 709 711 715 718 721 724 726 730 732 735 739 742 745 747 751 753 755 759 762 824 740
386 386 386 386 386 441 442 442 442 442 442 442 443 445 446 489 491 501 503 504 506 507 510 511 513 514 516 519 522 528 531 536 539 543 547 550 554 558 562 565 570 573 577 580 583 588 591 595 598 602 605 609 611 615 619 622 625 628 632 634 668 671 673 677 680 683 686 689 693 696 699 701 705 707 711 713 718 720 723 726 729 732 735 738 741 744 747 750 753 755 758 761 677 740
386 386 386 386 386 386 441 442 442 442 442 442 443 444 446 489 491 501 503 504 506 507 508 510 512 514 516 519 522 527 531 534 539 542 546 550 554 557 562 565 569 572 575 579 582 586 590 594 597 602 605 607 611 614 619 621 625 628 630 634 637 670 673 677 679 683 686 688 692 695 699 701 705 707 710 713 716 720 723 726 729 731 734 737 740 744 746 749 752 755 757 673 676 738
386 386 386 386 386 386 386 441 442 442 442 442 443 444 446 447 491 501 502 504 505 507 508 510 511 514 516 519 522 525 530 534 539 542 546 549 554 557 560 565 568 572 575 579 582 586 589 593 597 599 603 606 611 614 617 621 624 628 630 634 637 669 673 676 679 682 685 688 691 694 698 701 704 707 710 712 716 718 723 725 728 731 733 737 739 742 745 748 752 754 670 673 675 737
386 386 386 386 386 386 386 386 441 441 442 442 443 444 446 447 490 501 502 504 505 507 508 510 511 512 515 518 521 525 529 533 538 542 545 549 552 556 560 564 568 572 575 578 582 585 589 593 596 599 602 606 609 612 615 620 623 627 630 633 636 639 672 675 679 682 684 688 690 694 696 699 703 706 709 712 715 718 720 724 727 731 733 735 739 741 745 747 750 754 669 671 675 736
386 386 386 386 386 386 386 386 386 386 441 442 442 444 445 447 490 501 502 504 505 506 508 509 511 512 515 517 520 525 528 533 536 541 545 549 552 556 559 562 567 571 575 578 582 584 587 591 595 599 602 606 608 612 615 618 622 625 629 632 635 638 670 674 677 681 684 687 690 693 696 699 702 706 708 712 714 718 720 723 726 729 733 735 738 741 744 746 749 666 668 670 673 735
386 386 386 386 386 386 386 386 386 386 386 441 441 444 445 447 490 491 502 503 505 506 508 509 511 512 514 517 519 523 527 531 536 540 544 548 552 555 559 562 566 569 573 577 580 584 587 591 594 598 602 604 608 611 615 618 620 624 628 631 634 638 640 672 676 678 683 685 689 691 694 698 700 704 707 710 713 716 719 721 724 727 731 733 737 739 742 745 660 663 666 669 672 675
386 386 386 386 386 386 386 386 386 386 386 386 441 443 444 446 490 491 502 503 505 506 507 509 510 512 513 517 519 523 526 530 534 538 543 547 551 555 558 562 565 569 572 577 580 583 587 590 594 597 600 604 607 611 614 617 620 624 626 630 634 636 640 643 675 678 681 685 688 691 694 696 700 702 706 709 712 715 718 720 724 726 730 732 735 739 741 657 660 662 665 668 671 674
385 385 386 386 386 386 386 386 386 386 386 386 386 442 444 445 448 491 501 503 504 506 507 509 510 512 513 515 519 522 526 530 534 537 541 545 549 554 558 562 565 568 572 575 580 583 587 590 592 596 599 603 607 611 613 616 620 623 626 629 633 636 639 643 674 678 680 683 688 690 694 696 699 702 705 707 711 714 718 720 723 726 728 731 734 738 741 656 659 662 664 667 669 672
385 385 385 386 386 386 386 386 386 386 386 386 386 387 443 445 446 490 501 503 504 506 507 508 510 511 513 515 518 521 525 529 533 537 540 545 548 552 556 560 564 568 572 575 578 582 585 589 592 596 599 602 606 609 613 616 619 622 625 629 631 635 639 641 645 677 680 683 685 689 692 695 698 701 704 707 709 713 716 719 722 725 728 731 733 736 652 655 659 661 663 667 669 671
385 385 385 385 386 386 386 386 386 386 386 386 386 387 388 445 446 490 500 501 504 505 507 508 510 511 512 515 517 520 524 529 532 536 540 543 548 551 556 559 562 566 570 574 577 581 585 588 592 595 599 601 604 608 611 616 618 622 625 627 631 634 637 641 644 676 679 682 685 688 691 694 697 701 703 707 709 712 715 718 721 725 727 729 733 648 651 654 656 660 663 665 668 670
385 385 385 385 385 385 386 386 386 386 386 386 386 387 388 389 446 489 500 501 503 504 506 508 509 511 512 515 517 519 523 527 532 535 540 543 546 550 554 559 562 566 569 572 576 580 584 587 591 595 597 601 604 607 611 613 618 621 625 627 630 634 636 639 643 646 679 681 684 687 690 694 696 700 703 706 708 712 714 716 720 722 726 729 645 647 650 653 655 659 661 664 667 670
385 385 385 385 385 385 385 386 386 386 386 386 386 386 388 389 391 447 499 501 502 504 505 507 509 510 512 514 517 519 523 526 531 535 538 543 546 550 553 556 561 565 569 572 575 579 582 586 588 593 597 600 604 607 610 613 616 620 623 626 630 632 636 639 641 645 649 681 684 686 690 692 695 698 701 704 708 710 713 716 719 721 725 727 920 647 649 652 655 657 660 662 665 669
385 385 385 385 385 385 385 385 385 386 386 386 386 386 387 389 390 392 444 501 502 503 505 506 508 509 512 514 516 519 521 526 529 534 538 541 546 549 553 556 559 563 567 571 574 577 581 584 588 591 594 599 602 606 609 612 616 618 622 626 628 632 635 638 641 644 647 679 682 686 689 691 695 697 701 703 706 710 713 715 719 998 1000 916 919 922 925 928 654 656 659 662 664 667
385 385 385 385 385 385 385 385 385 385 385 386 386 386 387 389 390 391 435 445 502 503 505 506 507 509 510 513 516 519 521 524 529 532 537 541 544 548 552 556 559 562 566 569 574 577 580 584 587 591 594 596 601 604 608 611 613 617 620 625 627 631 635 637 640 643 646 650 681 684 688 691 693 697 699 702 705 708 710 715 994 997 913 916 918 920 924 926 930 655 658 661 663 665
385 385 385 385 385 385 385 385 385 385 385 385 386 386 387 388 390 391 435 445 446 503 504 506 507 508 510 511 515 517 520 524 527 532 535 540 543 547 551 555 559 562 565 569 572 577 580 583 587 590 593 596 599 603 607 610 613 616 620 622 625 629 631 636 639 641 645 648 651 684 686 689 693 696 698 702 704 707 710 990 992 910 912 914 917 920 922 924 926 930 655 658 661 664
385 385 385 385 385 385 385 385 385 385 385 385 385 385 387 388 389 391 434 445 446 447 504 505 507 508 510 511 513 516 519 523 526 531 535 538 543 546 550 554 557 561 565 568 572 575 579 582 585 589 592 596 599 602 605 608 612 616 618 622 625 627 631 634 636 641 644 646 650 652 684 687 690 693 697 700 702 706 985 987 904 906 909 911 916 918 920 923 926 929 931 656 660 662
384 385 385 385 385 385 385 385 385 385 385 385 385 385 385 387 389 390 392 444 446 447 449 505 506 508 509 511 513 515 518 521 526 529 533 537 541 545 549 552 557 560 564 567 570 574 577 581 584 588 592 595 598 601 604 608 611 613 618 621 624 627 630 633 636 639 642 646 649 652 684 686 690 692 695 697 702 981 984 987 903 905 908 911 913 916 919 923 925 927 930 933 658 661
384 384 384 385 385 385 385 385 385 385 385 385 385 385 385 386 388 389 392 444 445 447 448 450 451 507 509 510 513 515 517 520 523 529 532 536 540 543 548 552 555 559 563 567 570 573 577 580 583 587 590 594 597 600 604 607 609 613 616 620 623 626 630 632 635 639 641 644 647 651 653 686 689 691 694 697 977 979 983 899 901 904 907 910 912 915 918 920 923 926 929 932 934 660
384 384 384 384 385 385 385 385 385 385 385 385 385 385 385 386 387 389 390 443 445 446 448 449 451 452 508 510 512 515 517 519 523 526 531 535 538 543 546 550 553 556 562 565 570 573 576 580 582 585 589 592 595 600 603 606 609 612 616 618 621 625 628 631 635 637 640 644 646 649 652 655 687 691 693 973 975 979 894 897 899 903 906 909 911 914 917 919 922 924 927 930 933 935
384 384 384 384 384 384 385 385 385 385 385 385 385 385 385 386 387 388 390 442 444 445 447 449 450 452 453 509 512 514 517 519 521 526 529 534 537 541 546 549 553 556 559 563 566 570 575 578 582 585 588 592 595 598 601 605 608 612 614 617 621 623 626 630 633 636 640 642 645 648 651 654 657 689 692 972 975 891 893 896 899 901 904 906 910 913 916 918 920 924 926 928 931 933
384 384 384 384 384 384 384 384 385 385 385 385 385 385 385 385 387 388 389 391 443 445 446 447 450 451 453 454 510 513 516 519 521 525 529 532 537 540 543 548 552 555 559 562 566 569 572 576 580 584 588 591 593 597 600 603 607 610 614 617 620 622 626 629 631 635 637 641 645 647 650 653 656 687 967 970 886 889 892 895 898 900 903 906 909 911 913 916 920 923 925 927 930 932
384 384 384 384 384 384 384 384 384 385 385 385 385 385 385 385 386 388 389 390 443 444 446 447 448 450 452 454 455 512 515 517 521 524 528 532 535 539 543 546 550 554 558 562 565 568 572 575 578 582 585 589 592 595 600 603 605 609 612 615 619 622 625 628 631 634 636 640 642 645 650 652 655 657 967 882 885 887 891 893 897 899 902 905 907 910 912 915 918 920 923 926 928 931
384 384 384 384 384 384 384 384 384 384 384 385 385 385 385 385 386 387 389 390 442 444 445 447 448 449 451 452 454 457 459 517 519 522 527 531 535 538 542 546 549 552 556 560 564 567 570 574 577 580 584 587 590 595 597 600 604 607 610 613 617 620 624 627 630 632 636 639 641 645 647 650 652 934 936 881 883 887 889 892 894 898 900 903 906 909 911 914 917 919 921 924 926 928
384 384 384 384 384 384 384 384 384 384 384 384 384 385 385 385 385 387 388 390 442 443 445 446 448 449 450 452 453 455 458 461 519 521 525 529 534 537 541 544 549 552 555 559 562 566 570 573 576 580 583 586 590 592 595 600 603 606 609 612 615 618 621 624 627 631 634 636 640 642 646 649 652 932 847 850 883 886 888 891 894 897 899 900 903 905 909 912 914 917 919 922 924 926
384 384 384 384 384 384 384 384 384 384 384 384 384 384 384 385 385 386 388 389 400 443 444 446 447 448 450 451 453 455 457 460 462 519 524 528 532 535 540 544 547 550 555 558 561 565 568 571 576 579 581 585 588 591 595 598 600 604 608 611 614 617 620 623 626 629 631 635 639 641 644 647 927 842 845 848 851 882 885 888 892 894 897 899 902 904 907 910 912 915 917 920 923 925
573 573 574 384 384 384 384 384 384 384 384 384 384 384 384 384 384 386 387 389 390 442 444 445 447 448 449 451 452 453 456 459 462 464 522 526 530 534 538 542 545 550 553 557 560 563 567 570 573 577 580 584 588 591 594 596 600 603 606 609 612 616 620 622 625 628 631 634 636 639 643 645 839 841 845 847 850 881 884 887 890 892 895 898 900 904 906 909 911 913 916 918 921 923
573 573 573 573 574 574 574 574 574 384 384 384 384 384 384 384 384 384 386 388 390 442 443 445 446 447 449 450 452 453 455 458 460 463 466 470 529 533 536 540 544 548 552 556 559 563 566 569 573 576 579 583 586 589 593 596 599 602 605 608 611 615 617 620 624 627 630 632 635 639 641 834 836 840 842 846 848 851 883 886 888 891 893 896 899 902 904 906 910 912 915 917 919 922
573 573 573 573 573 574 574 574 574 574 574 574 574 574 384 384 384 384 385 387 388 442 443 444 446 447 448 450 451 452 455 457 460 462 464 468 473 531 536 539 542 546 549 553 558 561 565 569 572 575 579 581 584 588 591 594 598 601 604 607 611 613 616 619 622 625 628 631 635 637 553 833 836 839 841 844 846 850 852 885 887 890 892 895 898 900 903 905 908 910 912 915 917 920
573 573 573 573 573 573 573 574 574 574 574 574 574 574 574 574 574 574 385 386 388 398 441 444 445 446 448 449 451 452 454 457 459 461 464 467 470 475 533 537 542 545 548 552 555 558 562 565 569 574 577 580 584 587 590 592 596 599 602 606 609 612 615 618 621 624 626 630 633 548 828 832 835 837 840 842 846 848 851 853 885 887 890 893 897 899 902 904 906 909 911 913 916 918
573 573 573 573 573 573 573 573 573 574 574 574 574 574 574 574 574 574 574 576 577 579 441 442 444 445 447 449 450 451 453 456 458 461 463 466 470 473 478 481 539 544 548 551 554 558 561 564 568 571 574 578 583 586 589 592 595 598 602 604 607 610 613 617 620 622 626 629 544 547 827 830 833 835 838 841 845 847 850 852 855 886 889 892 894 897 899 902 904 907 910 912 915 917
