testData/tiles/oneDegree/grid14.0-8.0-15.0-9.0.asc
ncols   200
nrows   200
xllcorner   14.0
yllcorner   8.0
cellsize   0.005
NODATA_value   -9999.0
[rows 132 to 175 of 200, columns 96 to 191 of 200]
118 115 113 110 106 104 104 103 83 83 82 82 82 81 81 81 80 80 79 79 78 78 77 77 76 76 75 75 74 73 73 72 71 71 70 69 68 68 67 66 65 64 63 62 60 59 58 56 55 53 51 49 46 42 36 36 36 36 36 36 36 36 36 36 35 35 35 35 35 35 89 89 89 89 89 89 89 89 89 89 89 89 89 89 89 89 89 89 89 89 89 98 98 98 158 158
117 114 111 108 105 103 103 103 82 82 82 81 81 81 80 80 79 79 79 78 78 77 77 76 76 75 74 74 73 73 72 71 71 70 69 68 67 67 66 65 64 63 62 60 59 58 57 55 53 51 49 47 43 36 36 36 36 36 36 36 36 36 36 36 36 36 35 35 35 35 89 89 89 89 89 89 89 89 89 89 89 89 89 89 89 89 89 89 89 89 89 98 98 98 98 158
115 113 110 106 103 103 102 82 82 81 81 81 80 80 80 79 79 78 78 77 77 76 76 75 75 74 74 73 72 72 71 70 70 69 68 67 66 66 65 64 63 62 60 59 58 57 55 53 52 49 47 43 36 36 36 36 36 36 36 36 36 36 36 36 36 36 36 36 35 35 89 89 89 89 89 89 89 89 89 89 89 89 89 89 89 89 89 89 89 89 89 98 98 98 98 98
113 111 108 105 102 102 102 81 81 81 80 80 80 79 79 78 78 78 77 77 76 76 75 75 74 73 73 72 72 71 70 70 69 68 67 66 66 65 64 63 62 60 59 58 57 55 53 52 49 47 44 37 36 36 36 36 36 36 36 36 36 36 36 36 36 36 36 36 36 36 89 89 89 89 89 89 89 89 89 89 89 89 89 89 89 89 89 89 89 89 89 98 98 98 98 98
112 109 106 103 102 101 101 81 80 80 80 79 79 79 78 78 77 77 76 76 75 75 74 74 73 73 72 71 71 70 69 69 68 67 66 65 64 64 63 61 60 59 58 57 55 53 52 50 47 44 38 36 36 36 36 36 36 36 36 36 36 36 36 36 36 36 36 36 36 36 90 90 89 89 89 89 89 89 89 89 89 89 89 89 89 89 89 89 89 89 89 98 98 98 98 98
110 107 104 101 101 101 80 80 80 79 79 79 78 78 77 77 77 76 76 75 75 74 74 73 72 72 71 71 70 69 68 68 67 66 65 64 63 62 61 60 59 58 57 55 53 52 50 47 44 39 36 36 36 36 36 36 36 36 36 36 36 36 36 36 36 36 36 36 36 90 90 90 90 90 89 89 89 89 89 89 89 89 89 89 89 89 89 89 89 89 89 98 98 98 98 98
109 105 102 101 100 100 80 79 79 79 78 78 78 77 77 76 76 75 75 74 74 73 73 72 72 71 70 70 69 68 68 67 66 65 64 63 62 61 60 59 58 56 55 53 52 50 47 44 39 36 36 36 36 36 36 36 36 36 36 36 36 36 36 36 36 36 36 36 36 90 90 90 90 90 90 89 89 89 89 89 89 89 89 89 89 89 89 89 89 89 89 98 98 98 98 98
107 104 100 100 100 79 79 79 78 78 78 77 77 76 76 76 75 75 74 74 73 73 72 71 71 70 69 69 68 67 67 66 65 64 63 62 61 60 59 58 56 55 53 52 50 47 44 40 36 36 36 36 36 36 36 36 36 36 36 36 36 36 36 36 36 36 36 36 36 90 90 90 90 90 90 90 90 89 89 89 89 89 89 89 89 89 89 89 89 89 89 98 98 98 98 98
105 101 100 99 99 79 78 78 78 77 77 77 76 76 75 75 74 74 73 73 72 72 71 71 70 69 69 68 67 66 66 65 64 63 62 61 60 59 58 56 55 53 52 50 47 44 40 36 36 36 36 36 36 36 36 36 36 36 36 36 36 36 36 36 36 36 36 36 36 90 90 90 90 90 90 90 90 90 90 89 89 89 89 89 89 89 89 89 89 89 89 98 98 98 98 98
103 100 100 100 79 79 79 78 77 77 76 76 75 75 74 74 74 73 73 72 71 71 70 70 69 68 68 67 66 65 65 64 63 62 61 60 59 57 56 55 53 52 50 47 44 40 36 36 36 36 36 36 36 36 36 36 36 36 36 36 36 36 36 36 36 36 36 36 36 90 90 90 90 90 90 90 90 90 90 90 89 89 89 89 89 89 89 89 89 89 89 89 98 98 98 98
102 100 99 99 79 78 78 78 77 77 76 76 76 75 75 74 73 72 72 71 71 70 69 69 68 67 67 66 65 64 63 63 62 61 60 59 57 56 55 53 51 50 47 44 40 36 36 36 36 36 36 36 36 36 36 36 36 36 36 36 36 36 36 36 36 36 36 36 36 90 90 90 90 90 90 90 90 90 90 90 90 89 89 89 89 89 89 89 89 89 89 89 98 98 98 98
99 99 98 98 78 78 77 77 76 76 76 75 75 74 74 73 73 72 72 71 71 69 68 68 67 66 66 65 64 63 62 61 60 59 58 57 56 54 53 51 49 47 44 40 36 36 36 36 36 36 36 36 36 36 36 36 36 36 36 36 36 36 36 36 36 36 36 36 90 90 90 90 90 90 90 90 90 90 90 90 90 90 90 89 89 89 89 89 89 89 89 89 98 98 98 98
98 98 98 77 77 77 76 76 76 75 75 74 74 74 73 73 72 72 71 70 70 69 69 68 67 66 65 64 63 62 61 60 59 58 57 56 54 53 51 49 47 44 40 36 36 36 36 36 36 36 36 36 36 36 36 36 36 36 36 36 36 36 36 36 36 36 36 36 90 90 90 90 90 90 90 90 90 90 90 90 90 90 90 90 89 89 89 89 89 89 89 89 98 98 98 98
98 97 97 77 76 76 76 75 75 74 74 74 73 73 72 72 71 71 70 69 69 68 68 67 66 65 65 64 63 61 60 59 58 57 55 54 53 51 49 47 44 39 36 36 36 36 36 36 36 36 36 36 36 36 36 36 36 36 36 36 36 36 36 36 36 36 36 36 90 90 90 90 90 90 90 90 90 90 90 90 90 90 90 90 90 90 89 89 89 89 89 89 98 98 98 98
97 97 76 76 76 75 75 74 74 74 73 73 72 72 71 71 70 70 69 69 68 67 67 66 65 64 63 63 62 61 60 59 57 55 54 52 51 49 47 44 38 36 36 36 36 36 36 36 36 36 36 36 36 36 36 36 36 36 36 36 36 36 36 36 36 36 36 36 90 90 90 90 90 90 90 90 90 90 90 90 90 90 90 90 90 90 90 89 89 89 89 89 98 98 98 98
96 96 75 75 75 74 74 74 73 73 72 72 71 71 70 70 69 69 68 68 67 66 65 65 64 63 62 61 60 59 58 57 56 55 53 51 48 46 43 37 36 36 36 36 36 36 36 36 36 36 36 36 36 36 36 36 36 36 36 36 36 36 36 36 36 36 36 36 90 90 90 90 90 90 90 90 90 90 90 90 90 90 90 90 90 90 90 90 89 89 89 89 98 98 98 98
95 75 75 74 74 74 73 73 72 72 71 71 71 70 69 69 68 68 67 67 66 65 64 64 63 62 61 60 59 58 57 56 54 53 51 49 47 44 36 36 36 36 36 36 36 36 36 36 36 36 36 36 36 36 36 36 36 36 36 36 36 36 36 36 36 36 36 36 90 90 90 90 90 90 90 90 90 90 90 90 90 90 90 90 90 90 90 90 90 89 89 89 98 98 98 98
94 74 74 73 73 73 72 72 72 71 71 70 70 69 69 68 67 67 66 65 65 64 63 62 62 61 60 59 58 57 55 54 52 51 49 46 43 37 37 37 37 36 36 36 36 36 36 36 36 36 36 36 36 36 36 36 36 36 36 36 36 36 36 36 36 36 36 90 90 90 90 90 90 90 90 90 90 90 90 90 90 90 90 90 90 90 90 90 90 90 89 89 98 98 98 98
74 73 73 73 72 72 71 71 71 70 70 69 69 68 68 67 66 66 65 64 64 63 62 61 60 59 58 57 56 55 54 52 50 48 46 43 37 37 37 37 37 37 37 36 36 36 36 36 36 36 36 36 36 36 36 36 36 36 36 36 36 36 36 36 36 36 36 90 90 90 90 90 90 90 90 90 90 90 90 90 90 90 90 90 90 90 90 90 90 90 90 89 89 98 98 98
73 72 72 72 71 71 71 70 70 69 69 68 68 67 67 66 65 65 64 63 62 62 61 60 59 58 57 56 54 53 52 50 48 45 42 37 37 37 37 37 37 37 37 37 37 36 36 36 36 36 36 36 36 36 36 36 36 36 36 36 36 36 36 36 36 36 36 90 90 90 90 90 90 90 90 90 90 90 90 90 90 90 90 90 90 90 90 90 90 90 90 90 90 98 98 98
72 72 71 71 70 70 70 69 69 68 68 67 67 66 65 65 64 64 63 62 61 60 60 59 58 56 55 54 53 51 49 47 45 40 37 37 37 37 37 37 37 37 37 37 37 37 37 36 36 36 36 36 36 36 36 36 36 36 36 36 36 36 36 36 36 36 36 90 90 90 90 90 90 90 90 90 90 90 90 90 90 90 90 90 90 90 90 90 90 90 90 90 90 99 98 98
71 71 70 70 70 69 69 68 68 67 67 66 66 65 64 64 63 62 62 61 60 59 58 57 56 55 54 52 51 49 47 44 38 37 37 37 37 37 37 37 37 37 37 37 37 37 37 37 37 36 36 36 36 36 36 36 36 36 36 36 36 36 36 36 36 36 36 90 90 90 90 90 90 90 90 90 90 90 90 90 90 90 90 90 90 90 90 90 90 90 90 90 90 99 99 98
70 70 69 69 69 68 68 67 67 66 66 65 65 64 63 63 62 61 60 59 59 58 57 56 54 53 52 50 48 46 43 37 37 37 37 37 37 37 37 37 37 37 37 37 37 37 37 37 37 37 37 36 36 36 36 36 36 36 36 36 36 36 36 36 36 36 36 90 90 90 90 90 90 90 90 90 90 90 90 90 90 90 90 90 90 90 90 90 90 90 90 90 90 99 99 99
69 69 68 68 68 67 67 66 66 65 65 64 63 63 62 61 61 60 59 58 57 56 55 54 52 51 49 47 45 42 37 37 37 37 37 37 37 37 37 37 37 37 37 37 37 37 37 37 37 37 37 37 37 36 36 36 36 36 36 36 36 36 36 36 36 36 36 90 90 90 90 90 90 90 90 90 90 90 90 90 90 90 90 90 90 90 90 90 90 90 90 90 90 99 99 99
68 68 67 67 67 66 66 65 65 64 63 63 62 61 61 60 59 58 57 57 55 54 53 52 50 49 47 44 40 37 37 37 37 37 37 37 37 37 37 37 37 37 37 37 37 37 37 37 37 37 37 37 37 37 36 36 36 36 36 36 36 36 36 36 36 36 90 90 90 90 90 90 90 90 90 90 90 90 90 90 90 90 90 90 90 90 90 90 90 90 90 90 90 99 99 99
67 67 66 66 65 65 64 64 63 63 62 62 61 60 59 59 58 57 56 55 54 53 51 50 48 46 43 37 37 37 37 37 37 37 37 37 37 37 37 37 37 37 37 37 37 37 37 37 37 37 37 37 37 37 37 37 36 36 36 36 36 36 36 36 36 36 90 90 90 90 90 90 90 90 90 90 90 90 90 90 90 90 90 90 90 90 90 90 90 90 90 90 90 90 99 99
66 66 65 65 64 64 63 63 62 62 61 60 60 59 58 57 56 55 54 53 52 50 49 47 45 41 37 37 37 37 37 37 37 37 37 37 37 37 37 37 37 37 37 37 37 37 37 37 37 37 37 37 37 37 37 37 37 36 36 36 36 36 36 36 36 36 90 90 90 90 90 90 90 90 90 90 90 90 90 90 90 90 90 90 90 90 90 90 90 90 90 90 90 90 99 99
65 65 64 64 63 63 62 62 61 60 60 59 58 57 56 56 55 54 52 51 50 48 46 43 38 37 37 37 37 37 37 37 37 37 37 37 37 37 37 37 37 37 37 37 37 37 37 37 37 37 37 37 37 37 37 37 37 37 37 36 36 36 36 36 36 36 90 90 90 90 90 90 90 90 90 90 90 90 90 90 90 90 90 90 90 90 90 90 90 90 90 90 90 90 99 99
64 63 63 63 62 61 61 60 60 59 58 57 57 56 55 54 53 52 50 49 47 45 42 37 37 37 37 37 37 37 37 37 37 37 37 37 37 37 37 37 37 37 37 37 37 37 37 37 37 37 37 37 37 37 37 37 37 37 37 37 36 36 36 36 36 36 90 90 90 90 90 90 90 90 90 90 90 90 90 90 90 90 90 90 90 90 90 90 90 90 90 90 90 90 99 99
63 62 62 61 61 60 60 59 58 57 57 56 55 54 53 52 51 49 48 46 43 38 37 37 37 37 37 37 37 37 37 37 37 37 37 37 37 37 37 37 37 37 37 37 37 37 37 37 37 37 37 37 37 37 37 37 37 37 37 37 37 36 36 36 36 36 90 90 90 90 90 90 90 90 90 90 90 90 90 90 90 90 90 90 90 90 90 90 90 90 90 90 90 90 99 99
62 61 60 60 59 59 58 57 57 56 55 54 53 52 51 50 48 46 44 41 37 37 37 37 37 37 37 37 37 37 37 37 37 37 37 37 37 37 37 37 37 37 37 37 37 37 37 37 37 37 37 37 37 37 37 37 37 37 37 37 37 37 36 36 36 36 90 90 90 90 90 90 90 90 90 90 90 90 90 90 90 90 90 90 90 90 90 90 90 90 90 90 90 90 99 99
60 60 59 59 58 57 57 56 55 54 53 52 51 50 49 47 45 42 37 37 37 37 37 37 37 37 37 37 37 37 37 37 37 37 37 37 37 37 37 37 37 37 37 37 37 37 37 37 37 37 37 37 37 37 37 37 37 37 37 37 37 37 37 36 36 36 90 90 90 90 90 90 90 90 90 90 90 90 90 90 90 90 90 90 90 90 90 90 90 90 90 90 90 90 90 99
59 58 58 57 56 56 55 54 53 52 51 50 49 47 45 43 39 37 37 37 37 37 37 37 37 37 37 37 37 37 37 37 37 37 37 37 37 37 37 37 37 37 37 37 37 37 37 37 37 37 37 37 37 37 37 37 37 37 37 37 37 37 37 37 37 90 90 90 90 90 90 90 90 90 90 90 90 90 90 90 90 90 90 90 90 90 90 90 90 90 90 90 90 90 90 99
57 57 56 55 55 54 53 52 51 50 49 47 46 44 41 37 37 37 37 37 37 37 37 37 37 37 37 37 37 37 37 37 37 37 37 37 37 37 37 37 37 37 37 37 37 37 37 37 37 37 37 37 37 37 37 37 37 37 37 37 37 37 37 37 37 91 90 90 90 90 90 90 90 90 90 90 90 90 90 90 90 90 90 90 90 90 90 90 90 90 90 90 90 90 90 99
56 55 54 54 53 52 51 50 49 47 46 44 41 37 37 37 37 37 37 37 37 37 37 37 37 37 37 37 37 37 37 37 37 37 37 37 37 37 37 37 37 37 37 37 37 37 37 37 37 37 37 37 37 37 37 37 37 37 37 37 37 37 37 37 37 91 91 90 90 90 90 90 90 90 90 90 90 90 90 90 90 90 90 90 90 90 90 90 90 90 90 90 90 90 90 99
54 53 52 52 51 50 49 47 46 44 41 37 37 37 37 37 37 37 37 37 37 37 37 37 37 37 37 37 37 37 37 37 37 37 37 37 37 37 37 37 37 37 37 37 37 37 37 37 37 37 37 37 37 37 37 37 37 37 37 37 37 37 37 37 37 91 91 91 90 90 90 90 90 90 90 90 90 90 90 90 90 90 90 90 90 90 90 90 90 90 90 90 90 90 90 99
52 51 50 49 48 47 46 44 41 37 37 37 37 37 37 37 37 37 37 37 37 37 37 37 37 37 37 37 37 37 37 37 37 37 37 37 37 37 37 37 37 37 37 37 37 37 37 37 37 37 37 37 37 37 37 37 37 37 37 37 37 37 37 37 37 91 91 91 90 90 90 90 90 90 90 90 90 90 90 90 90 90 90 90 90 90 90 90 90 90 90 90 90 90 90 99
50 49 48 46 45 43 41 37 37 37 37 37 37 37 37 37 37 37 37 37 37 37 37 37 37 37 37 37 37 37 37 37 37 37 37 37 37 37 37 37 37 37 37 37 37 37 37 37 37 37 37 37 37 37 37 37 37 37 37 37 37 37 37 37 37 91 91 91 91 90 90 90 90 90 90 90 90 90 90 90 90 90 90 90 90 90 90 90 90 90 90 90 90 90 90 90
47 46 44 42 39 37 37 37 37 37 37 37 37 37 37 37 37 37 37 37 37 37 37 37 37 37 37 37 37 37 37 37 37 37 37 37 37 37 37 37 37 37 37 37 37 37 37 37 37 37 37 37 37 37 37 37 37 37 37 37 37 37 37 37 37 91 91 91 91 91 90 90 90 90 90 90 90 90 90 90 90 90 90 90 90 90 90 90 90 90 90 90 90 90 90 90
43 41 37 37 37 37 37 37 37 37 37 37 37 37 37 37 37 37 37 37 37 37 37 37 37 37 37 37 37 37 37 37 37 37 37 37 37 37 37 37 37 37 37 37 37 37 37 37 37 37 37 37 37 37 37 37 37 37 37 37 37 37 37 37 37 91 91 91 91 91 91 90 90 90 90 90 90 90 90 90 90 90 90 90 90 90 90 90 90 90 90 90 90 90 90 90
37 37 37 37 37 37 37 37 37 37 37 37 37 37 37 37 37 37 37 37 37 37 37 37 37 37 37 37 37 37 37 37 37 37 37 37 37 37 37 37 37 37 37 37 37 37 37 37 37 37 37 37 37 37 37 37 37 37 37 37 37 37 37 37 37 91 91 91 91 91 91 91 90 90 90 90 90 90 90 90 90 90 90 90 90 90 90 90 90 90 90 90 90 90 90 90
37 37 37 37 37 37 37 37 37 37 37 37 37 37 37 37 37 37 37 37 37 37 37 37 37 37 37 37 37 37 37 37 37 37 37 37 37 37 37 37 37 37 37 37 37 37 37 37 37 37 37 37 37 37 37 37 37 37 37 37 37 37 37 37 91 91 91 91 91 91 91 91 90 90 90 90 90 90 90 90 90 90 90 90 90 90 90 90 90 90 90 90 90 90 90 90
37 37 37 37 37 37 37 37 37 37 37 37 37 37 37 37 37 37 37 37 37 37 37 37 37 37 37 37 37 37 37 37 37 37 37 37 37 37 37 37 37 37 37 37 37 37 37 37 37 37 37 37 37 37 37 37 37 37 37 37 37 37 37 37 91 91 91 91 91 91 91 91 91 90 90 90 90 90 90 90 90 90 90 90 90 90 90 90 90 90 90 90 90 90 90 90
37 37 37 37 37 37 37 37 37 37 37 37 37 37 37 37 37 37 37 37 37 37 37 37 37 37 37 37 37 37 37 37 37 37 37 37 37 37 37 37 37 37 37 37 37 37 37 37 37 37 37 37 37 37 37 37 37 37 37 37 37 37 37 37 91 91 91 91 91 91 91 91 91 91 90 90 90 90 90 90 90 90 90 90 90 90 90 90 90 90 90 90 90 90 90 90
