testData/tiles/oneDegree/grid43.0-40.0-44.0-41.0.asc
ncols   200
nrows   200
xllcorner   43.0
yllcorner   40.0
cellsize   0.005
NODATA_value   -9999.0
[rows 84 to 125 of 200, columns 94 to 187 of 200]
268 268 267 267 265 264 264 263 262 262 260 259 259 258 257 257 256 255 255 254 253 252 251 251 250 249 248 247 246 246 245 243 243 314 313 312 311 311 311 310 308 308 307 306 305 304 303 303 302 300 390 389 388 387 386 385 385 384 384 384 384 383 383 383 383 382 382 382 381 381 381 381 380 380 380 380 379 379 379 378 378 378 378 377 377 379 380 381 382 383 384 385 387 387
268 267 266 266 266 265 264 263 262 261 261 260 260 258 257 257 256 255 254 253 252 253 252 250 250 249 248 248 246 245 245 244 243 314 313 313 312 311 310 309 308 308 306 305 305 304 303 303 302 301 301 389 388 388 387 385 385 385 385 384 384 384 384 383 383 383 383 382 382 382 381 381 381 381 380 380 380 380 379 379 379 378 378 378 378 378 379 381 381 383 384 385 386 387
268 267 267 266 265 264 263 263 263 262 261 260 259 259 258 257 256 255 254 254 253 252 251 250 250 249 247 247 247 246 246 244 243 315 314 313 312 311 310 310 308 307 307 306 305 304 303 303 302 300 300 299 388 387 386 385 385 384 385 385 385 384 384 384 384 383 383 383 383 382 382 382 381 381 381 381 380 380 380 380 379 379 379 378 378 379 381 381 382 384 384 386 387 387
269 268 267 266 265 265 264 263 262 261 260 260 259 258 258 257 257 256 255 254 253 252 252 251 249 249 248 247 247 245 244 244 243 315 313 312 313 312 310 310 309 308 308 306 305 305 304 302 302 301 300 299 388 387 387 385 385 385 385 384 384 384 384 383 383 383 383 382 382 382 382 381 381 381 380 380 380 381 380 380 380 379 379 379 379 379 381 382 383 384 385 387 387 389
268 267 266 267 266 265 264 263 263 262 261 260 259 258 258 257 255 255 254 253 253 253 252 251 250 250 249 247 247 246 245 245 243 314 314 313 311 311 310 309 309 307 307 306 305 305 304 303 303 301 300 300 299 387 387 386 386 385 385 385 385 384 384 384 384 383 383 383 383 382 382 382 382 381 381 381 380 380 380 380 379 379 379 378 378 380 381 381 383 384 385 386 387 388
268 268 267 266 265 264 264 263 263 262 261 260 260 259 258 257 256 256 255 253 253 252 251 251 249 248 248 247 247 246 245 245 244 315 314 313 312 312 311 309 309 308 307 306 305 304 304 302 301 301 300 298 298 297 387 385 385 386 386 385 385 385 385 384 384 384 384 383 383 383 383 382 382 382 381 381 381 381 380 380 380 380 379 379 379 380 381 382 383 384 386 387 387 389
268 268 267 266 266 265 263 263 262 262 261 260 259 258 258 258 257 255 255 254 253 253 251 251 250 249 249 247 246 246 245 244 243 314 313 313 313 311 311 310 310 308 307 307 306 304 304 303 302 302 300 299 299 298 386 386 386 386 385 385 385 385 384 384 384 383 383 383 383 382 382 382 382 381 382 382 381 381 381 381 380 380 380 379 379 381 382 383 384 385 386 387 389 389
268 267 267 266 266 265 264 264 263 261 261 260 259 259 258 257 256 255 255 254 252 253 252 251 251 249 248 248 247 247 245 244 244 315 314 313 312 311 311 309 308 308 307 305 305 305 304 304 302 302 301 300 299 298 297 387 386 386 386 386 385 385 385 385 384 384 384 383 383 383 383 382 382 382 382 381 381 381 380 380 380 380 379 379 379 380 381 383 383 384 386 387 388 389
269 267 267 266 265 265 264 262 262 262 262 261 259 259 258 257 257 256 254 254 253 252 252 250 250 249 248 248 247 246 246 245 243 315 314 313 313 311 311 310 309 308 307 306 306 305 303 303 302 301 300 299 298 298 296 296 387 387 386 386 386 386 385 385 385 385 384 384 384 383 383 383 383 382 382 382 381 381 381 381 380 380 380 379 380 381 382 383 384 386 386 387 389 390
269 268 267 267 265 264 264 263 263 262 260 260 259 258 258 257 256 256 255 255 254 252 252 251 250 250 248 247 247 246 245 244 243 315 314 312 313 312 311 310 309 308 308 307 305 305 304 304 302 301 301 300 298 298 297 297 296 386 386 386 385 385 385 385 384 384 384 383 383 383 383 382 382 383 383 382 382 382 381 381 381 381 380 380 381 381 382 384 385 386 387 388 389 390
268 268 266 265 265 265 265 263 262 262 261 260 260 258 258 257 256 256 254 253 253 252 252 251 250 250 249 248 247 246 245 245 244 314 314 313 312 311 310 310 309 308 307 306 305 305 304 303 303 302 300 300 299 298 297 297 297 387 386 386 386 386 385 385 385 385 384 384 384 383 383 383 383 382 382 382 382 381 381 381 380 380 380 380 380 381 382 383 384 386 386 388 389 390
268 268 267 266 266 264 263 263 262 261 262 260 260 259 258 258 256 255 255 254 254 252 251 251 250 249 248 247 246 247 246 244 244 315 315 313 312 312 311 310 309 308 307 307 305 304 304 303 302 301 300 300 298 297 297 297 296 297 387 387 386 386 386 386 385 385 385 385 384 384 384 383 383 383 383 382 382 382 381 381 381 381 380 380 381 381 383 384 385 386 387 389 389 390
268 268 267 266 265 265 264 264 262 261 261 260 259 259 257 256 256 256 256 254 253 253 252 251 250 249 249 248 247 246 245 244 244 314 313 313 312 312 311 310 310 309 307 307 306 305 304 303 302 302 300 299 299 298 297 297 297 297 296 386 386 386 385 385 385 385 384 384 384 384 383 383 383 382 382 383 383 382 382 382 381 381 381 381 381 382 384 384 385 387 387 389 390 391
268 267 266 266 265 265 264 263 263 262 261 260 259 259 258 257 257 255 254 254 253 252 251 251 251 250 249 248 247 246 246 244 315 315 314 314 312 311 311 310 308 308 307 306 305 304 303 304 303 302 301 300 300 298 298 298 298 297 297 387 386 386 386 386 385 385 385 385 384 384 384 383 383 383 383 382 382 382 381 381 381 381 380 380 381 381 383 384 385 386 387 389 389 390
268 268 267 266 265 264 264 263 262 261 260 260 260 259 258 257 256 256 255 254 253 252 252 251 249 249 248 247 247 245 245 245 244 316 314 313 313 312 310 310 309 309 307 306 306 305 304 303 302 301 301 299 298 298 298 297 297 297 297 296 387 387 386 386 386 386 385 385 385 385 384 384 384 383 383 383 383 382 382 382 381 381 381 381 381 382 384 384 385 387 387 389 390 391
269 267 267 266 266 265 263 263 262 262 261 260 259 258 257 257 256 255 254 254 254 253 251 251 250 250 249 247 247 246 245 245 243 314 314 313 312 311 310 310 310 308 308 307 306 305 304 303 303 301 301 300 299 298 298 298 298 297 297 297 297 386 386 386 385 385 385 385 384 384 384 384 383 383 383 382 382 382 382 381 381 382 381 381 382 382 384 385 386 387 388 390 390 391
269 268 268 267 265 265 264 264 263 262 261 260 259 259 258 257 256 255 255 254 252 252 251 251 250 248 249 248 247 247 245 244 244 315 314 313 312 312 311 309 309 308 307 306 305 305 304 302 302 301 301 300 299 299 299 298 298 298 298 297 297 297 387 386 386 386 385 385 385 385 384 384 384 383 383 383 383 382 382 382 381 381 381 381 381 382 383 384 385 387 387 389 390 391
270 268 267 267 266 265 265 263 263 262 261 261 260 259 258 257 257 256 254 254 253 253 252 250 250 249 248 248 246 246 245 244 243 314 314 314 313 311 311 310 310 308 307 307 306 304 304 303 302 301 300 300 299 298 298 298 298 297 297 297 297 296 386 386 386 386 386 386 385 385 385 385 384 384 384 383 383 383 383 382 382 382 381 381 382 382 383 385 386 387 388 389 390 391
269 269 268 267 267 265 265 264 263 263 261 261 260 259 259 257 256 256 255 255 254 252 252 251 250 249 248 248 247 246 245 244 243 315 314 313 312 311 311 309 308 308 307 306 306 305 305 303 302 302 301 299 299 299 299 298 298 298 298 297 297 297 297 386 386 386 385 385 385 385 384 384 384 384 383 383 383 382 382 382 381 381 381 381 381 382 383 384 385 387 387 388 390 391
270 269 268 267 267 266 265 265 263 262 262 261 261 259 258 258 257 257 255 254 254 253 252 251 250 250 249 248 247 246 245 245 244 315 314 313 313 311 310 310 309 308 307 306 306 304 303 303 302 300 300 299 299 298 298 299 299 298 298 298 298 297 297 297 387 386 386 386 385 385 385 385 384 384 384 383 383 383 383 382 382 382 381 381 381 382 383 385 386 386 388 389 390 391
270 269 268 268 267 266 265 264 264 263 263 261 260 260 259 259 257 256 256 255 254 253 252 252 251 250 249 248 247 247 245 245 244 315 315 313 312 312 311 310 309 308 308 306 305 305 304 303 302 301 301 300 299 299 299 298 298 298 298 297 297 297 297 296 296 386 386 385 385 385 384 385 385 385 384 384 384 383 383 383 382 382 382 382 381 383 384 385 386 387 388 389 391 392
270 270 269 268 267 266 266 265 264 263 262 262 261 261 259 258 258 257 256 255 254 254 253 252 251 250 249 249 247 247 246 245 245 315 314 314 313 312 311 310 310 309 307 307 306 306 304 303 303 302 300 300 300 300 299 299 299 298 298 298 298 297 297 297 297 296 386 386 385 385 385 385 384 384 384 383 383 383 383 382 382 382 381 381 381 383 383 384 386 386 388 389 389 391
270 269 269 268 268 267 265 265 264 264 263 261 261 260 260 259 258 257 256 256 255 254 253 252 251 251 249 249 248 247 247 245 245 316 315 314 313 312 312 311 309 309 308 308 306 305 305 304 302 302 301 301 300 300 300 300 299 299 299 298 298 298 298 297 297 297 387 386 386 386 385 385 385 385 384 384 384 383 383 383 383 382 382 382 381 383 384 384 386 387 388 389 390 392
271 270 270 269 267 267 266 266 265 263 263 262 262 261 259 259 258 258 257 255 255 254 253 253 251 251 250 249 249 247 247 246 245 316 315 314 314 313 312 311 310 310 308 307 307 306 304 304 303 303 301 301 301 301 300 300 300 300 299 299 299 298 298 298 298 297 297 387 387 386 386 386 385 385 385 385 384 384 384 383 383 383 382 382 382 383 384 385 387 387 388 390 390 392
271 270 269 269 268 267 267 265 265 264 263 263 261 261 260 259 259 257 257 256 255 255 253 253 252 251 251 249 248 248 247 246 245 316 316 315 314 313 312 312 310 309 309 308 307 306 305 305 303 302 302 302 301 301 301 301 300 300 300 300 299 299 299 298 298 298 298 297 387 387 386 386 386 386 385 385 385 384 384 384 384 383 383 383 382 383 385 385 386 388 388 390 391 392
271 271 270 269 268 267 267 266 265 265 263 263 262 261 261 259 259 258 257 257 255 255 254 253 253 251 250 250 249 248 247 246 246 317 316 315 314 314 312 311 311 310 309 308 307 307 305 304 304 303 302 302 302 302 301 301 301 301 300 300 300 299 299 299 299 298 298 298 298 387 387 387 386 386 386 386 385 385 385 384 384 384 383 383 383 384 384 386 387 388 389 390 391 392
272 271 270 269 268 268 267 266 265 264 264 263 263 261 260 260 259 259 257 256 256 255 255 253 252 252 251 250 249 248 248 247 246 317 316 316 314 313 313 312 311 310 309 309 307 306 306 305 304 303 303 303 302 302 302 302 301 301 301 301 300 300 300 299 299 299 299 298 298 388 387 387 387 387 386 386 386 385 385 385 385 384 384 384 383 384 385 386 387 388 389 390 392 393
271 271 270 270 269 268 267 266 266 265 264 263 262 262 261 261 259 258 258 257 256 255 254 254 253 252 251 250 250 249 247 247 246 318 316 315 315 314 313 312 311 311 309 308 308 307 306 305 304 304 303 303 303 303 302 302 302 302 301 301 301 301 300 300 300 299 299 299 299 298 388 388 387 387 387 387 386 386 386 385 385 385 384 384 384 385 385 386 388 388 390 391 391 393
272 272 270 269 269 268 268 267 265 265 264 264 263 261 261 260 260 259 257 257 256 256 255 253 253 252 252 251 249 249 248 248 246 317 317 316 315 314 313 313 312 310 310 309 309 307 306 306 305 304 304 304 303 303 303 303 302 302 302 302 301 301 301 301 300 300 300 299 299 299 299 388 388 388 387 387 387 386 386 386 386 385 385 385 384 384 386 386 388 389 389 391 392 394
272 271 271 270 269 269 267 267 266 266 265 263 263 262 262 261 259 259 258 258 257 255 255 254 254 253 251 251 250 250 248 247 247 318 316 316 315 315 314 312 312 311 311 309 308 308 307 305 305 305 305 304 304 304 303 303 303 303 302 302 302 302 301 301 301 300 300 300 300 299 299 299 388 388 388 388 387 387 387 386 386 386 385 385 385 385 386 387 388 389 390 392 392 393
272 272 271 270 269 269 268 267 267 265 265 264 263 263 261 261 260 259 259 257 257 256 255 254 253 253 252 251 250 249 249 248 246 318 317 317 316 314 314 313 313 311 310 310 309 307 307 306 306 305 305 305 305 304 304 304 303 303 303 303 302 302 302 302 301 301 301 300 300 300 300 299 299 389 388 388 388 387 387 387 387 386 386 386 385 385 386 387 388 390 390 391 393 393
273 271 271 270 270 269 268 267 266 266 265 265 263 263 262 261 261 259 259 258 257 256 255 255 254 253 252 251 251 250 248 248 247 247 318 316 316 315 315 313 312 312 311 309 309 308 308 306 306 306 306 305 305 305 305 304 304 304 303 303 303 303 302 302 302 301 301 301 301 300 300 300 299 299 389 389 388 388 388 387 387 387 386 386 386 386 386 387 389 389 391 392 392 394
273 272 272 271 269 269 268 268 267 266 265 264 264 263 262 261 260 260 259 258 257 256 256 255 254 253 253 252 250 250 249 248 248 246 318 317 316 315 314 314 313 311 311 310 310 308 307 307 307 306 306 306 306 305 305 305 305 304 304 304 303 303 303 303 302 302 302 301 301 301 301 300 300 300 389 389 389 388 388 388 388 387 387 387 386 386 387 387 389 390 390 392 393 393
273 272 271 271 270 270 269 267 267 266 266 265 263 263 262 262 261 260 259 258 258 257 256 255 254 254 252 252 251 250 250 248 248 247 318 317 316 316 315 313 313 312 312 310 309 309 308 307 307 307 307 306 306 306 306 305 305 305 304 304 304 304 303 303 303 303 302 302 302 301 301 301 300 300 300 390 389 389 389 388 388 388 387 387 387 387 387 388 389 390 391 392 393 394
273 272 272 271 271 269 269 268 267 267 265 265 264 264 263 261 261 260 260 259 257 257 256 256 254 254 253 252 252 250 250 249 248 247 318 317 317 315 315 314 313 312 311 311 310 308 308 308 308 307 307 307 307 306 306 306 306 305 305 305 304 304 304 304 303 303 303 302 302 302 302 301 301 301 300 300 390 390 389 389 389 388 388 388 387 387 387 388 389 390 391 392 393 394
274 273 271 271 270 270 269 269 267 267 266 265 265 263 263 262 261 261 259 259 258 258 256 255 255 254 254 252 251 251 250 249 248 247 319 317 317 316 315 315 313 313 312 311 310 309 309 308 308 308 308 307 307 307 307 306 306 306 306 305 305 305 304 304 304 304 303 303 303 302 302 302 302 301 301 301 300 390 390 389 389 389 388 388 388 388 387 388 390 390 391 393 393 394
273 273 272 272 271 269 269 268 268 267 266 265 264 264 263 262 261 261 260 259 258 257 257 256 255 254 253 253 252 251 250 249 249 248 319 318 317 317 315 315 314 313 312 311 310 310 309 309 309 308 308 308 308 307 307 307 307 306 306 306 305 305 305 305 304 304 304 303 303 303 303 302 302 302 301 301 301 301 390 390 390 389 389 389 388 388 388 388 389 391 391 392 394 394
274 273 273 271 271 270 270 269 267 267 266 266 265 264 263 262 262 261 260 259 258 258 257 256 255 255 254 252 252 251 251 250 248 248 319 319 317 316 316 315 314 313 312 312 310 310 310 310 309 309 309 308 308 308 308 307 307 307 307 306 306 306 305 305 305 305 304 304 304 303 303 303 303 302 302 302 301 301 301 390 390 390 389 389 389 389 388 389 390 390 392 393 393 521
273 273 272 272 271 271 269 269 268 267 267 265 265 264 264 263 261 261 260 260 259 258 257 256 256 254 254 253 252 252 250 250 249 249 247 318 318 317 316 315 314 314 312 312 311 311 310 310 310 310 309 309 309 308 308 308 308 307 307 307 307 306 306 306 305 305 305 305 304 304 304 303 303 303 302 302 302 302 301 301 391 390 390 390 389 389 389 388 390 391 391 519 520 520
274 274 273 271 271 270 270 269 269 267 267 266 265 265 263 263 262 262 261 259 259 258 258 256 256 255 254 254 252 252 251 250 249 248 248 319 317 317 316 316 314 313 313 312 311 311 311 311 310 310 310 310 309 309 309 308 308 308 308 307 307 307 306 306 306 306 305 305 305 304 304 304 304 303 303 303 302 302 302 301 391 391 390 390 390 390 389 389 390 391 518 519 520 521
275 273 273 272 272 271 269 269 268 268 267 267 265 264 264 263 262 261 261 260 259 258 257 257 256 256 254 253 253 252 251 250 249 249 247 319 318 318 316 315 315 314 313 312 312 312 311 311 311 311 310 310 310 310 309 309 309 308 308 308 308 307 307 307 306 306 306 306 305 305 305 304 304 304 303 303 303 303 302 302 302 391 391 391 390 390 390 389 516 517 518 519 520 521
274 274 273 273 271 271 270 269 269 267 267 266 266 265 264 263 262 262 261 260 259 259 258 257 256 255 255 254 253 252 251 251 249 249 248 319 318 317 317 316 314 314 313 313 312 312 312 312 311 311 311 311 310 310 310 309 309 309 309 308 308 308 308 307 307 307 306 306 306 305 305 305 305 304 304 304 303 303 303 302 302 302 391 391 391 391 390 516 516 517 518 519 520 521
