testData/tiles/oneDegree/grid7.0-22.0-8.0-23.0.asc
ncols   200
nrows   200
xllcorner   7.0
yllcorner   22.0
cellsize   0.005
NODATA_value   -9999.0
[rows 84 to 125 of 200, columns 94 to 187 of 200]
176 176 176 177 177 177 178 178 178 179 179 179 180 180 180 180 181 181 181 182 182 182 182 183 183 183 183 184 184 184 184 185 185 185 185 186 186 186 186 187 187 187 187 188 188 188 188 188 189 189 189 189 189 190 190 190 190 190 191 191 191 191 191 192 192 192 192 192 193 193 193 193 193 193 194 194 194 194 194 194 194 195 195 195 195 195 195 195 196 196 196 196 196 196
176 176 177 177 177 178 178 178 179 179 179 179 180 180 180 181 181 181 181 182 182 182 183 183 183 183 184 184 184 184 185 185 185 185 186 186 186 186 187 187 187 187 188 188 188 188 188 189 189 189 189 189 190 190 190 190 190 191 191 191 191 191 192 192 192 192 192 193 193 193 193 193 193 194 194 194 194 194 194 194 195 195 195 195 195 195 195 196 196 196 196 196 196 196
176 177 177 177 178 178 178 178 179 179 179 180 180 180 181 181 181 181 182 182 182 182 183 183 183 184 184 184 184 185 185 185 185 186 186 186 186 187 187 187 187 188 188 188 188 188 189 189 189 189 189 190 190 190 190 190 191 191 191 191 191 192 192 192 192 192 193 193 193 193 193 193 194 194 194 194 194 194 195 195 195 195 195 195 195 196 196 196 196 196 196 196 196 197
176 177 177 177 178 178 178 179 179 179 180 180 180 180 181 181 181 182 182 182 182 183 183 183 184 184 184 184 185 185 185 185 186 186 186 186 187 187 187 187 187 188 188 188 188 189 189 189 189 189 190 190 190 190 190 191 191 191 191 191 192 192 192 192 192 193 193 193 193 193 193 194 194 194 194 194 194 195 195 195 195 195 195 195 196 196 196 196 196 196 196 197 197 197
177 177 177 178 178 178 179 179 179 179 180 180 180 181 181 181 182 182 182 182 183 183 183 183 184 184 184 184 185 185 185 186 186 186 186 186 187 187 187 187 188 188 188 188 189 189 189 189 189 190 190 190 190 190 191 191 191 191 191 192 192 192 192 192 193 193 193 193 193 193 194 194 194 194 194 194 195 195 195 195 195 195 196 196 196 196 196 196 196 196 197 197 197 197
177 177 178 178 178 178 179 179 179 180 180 180 181 181 181 181 182 182 182 183 183 183 183 184 184 184 184 185 185 185 185 186 186 186 186 187 187 187 187 188 188 188 188 189 189 189 189 189 190 190 190 190 190 191 191 191 191 191 192 192 192 192 192 193 193 193 193 193 193 194 194 194 194 194 194 195 195 195 195 195 195 196 196 196 196 196 196 196 197 197 197 197 197 197
177 177 178 178 178 179 179 179 180 180 180 180 181 181 181 182 182 182 182 183 183 183 184 184 184 184 185 185 185 185 186 186 186 186 187 187 187 187 188 188 188 188 189 189 189 189 189 190 190 190 190 190 191 191 191 191 191 192 192 192 192 192 193 193 193 193 193 193 194 194 194 194 194 194 195 195 195 195 195 195 196 196 196 196 196 196 196 197 197 197 197 197 197 197
177 178 178 178 179 179 179 179 180 180 180 181 181 181 182 182 182 182 183 183 183 183 184 184 184 185 185 185 185 186 186 186 186 187 187 187 187 188 188 188 188 188 189 189 189 189 190 190 190 190 190 191 191 191 191 191 192 192 192 192 192 193 193 193 193 193 193 194 194 194 194 194 195 195 195 195 195 195 195 196 196 196 196 196 196 196 197 197 197 197 197 197 197 198
177 178 178 178 179 179 179 180 180 180 181 181 181 181 182 182 182 183 183 183 183 184 184 184 184 185 185 185 186 186 186 186 187 187 187 187 187 188 188 188 188 189 189 189 189 190 190 190 190 190 191 191 191 191 191 192 192 192 192 192 193 193 193 193 193 193 194 194 194 194 194 195 195 195 195 195 195 195 196 196 196 196 196 196 197 197 197 197 197 197 197 197 198 198
178 178 178 179 179 179 180 180 180 180 181 181 181 182 182 182 182 183 183 183 184 184 184 184 185 185 185 185 186 186 186 186 187 187 187 187 188 188 188 188 189 189 189 189 190 190 190 190 190 191 191 191 191 191 192 192 192 192 192 193 193 193 193 193 194 194 194 194 194 194 195 195 195 195 195 195 196 196 196 196 196 196 196 197 197 197 197 197 197 197 198 198 198 198
178 178 178 179 179 179 180 180 180 181 181 181 182 182 182 182 183 183 183 184 184 184 184 185 185 185 185 186 186 186 186 187 187 187 187 188 188 188 188 230 189 189 189 189 190 190 190 190 191 191 191 191 191 192 192 192 192 192 193 193 193 193 193 193 194 194 194 194 194 195 195 195 195 195 195 196 196 196 196 196 196 196 197 197 197 197 197 197 197 198 198 198 198 198
178 178 179 179 179 180 180 180 181 222 222 222 223 223 223 224 224 224 224 225 225 225 226 226 226 226 227 227 227 227 228 228 228 228 229 229 229 229 230 230 230 230 230 231 231 231 231 232 232 232 232 232 233 233 233 233 233 234 234 234 234 234 234 235 235 235 235 235 236 236 195 195 195 195 196 196 196 196 196 196 196 197 197 197 197 197 197 197 198 198 198 198 198 198
219 220 220 220 221 221 221 221 222 222 222 223 223 223 223 224 224 224 225 225 225 225 226 226 226 226 227 227 227 228 228 228 228 229 229 229 229 229 230 230 230 230 231 231 231 231 231 232 232 232 232 233 233 233 233 233 234 234 234 234 234 234 235 235 235 235 235 236 236 236 236 236 236 237 237 237 237 237 237 237 238 238 238 197 197 197 197 198 198 198 198 198 198 198
219 220 220 220 221 221 221 222 222 222 223 223 223 223 224 224 224 225 225 225 225 226 226 226 226 227 227 227 227 228 228 228 228 229 229 229 229 230 230 230 230 231 231 231 231 231 232 232 232 232 233 233 233 233 233 234 234 234 234 234 234 235 235 235 235 235 236 236 236 236 236 236 237 237 237 237 237 237 238 238 238 238 238 238 238 239 239 239 239 239 239 239 198 199
220 220 220 221 221 221 221 222 222 222 223 223 223 224 224 224 224 225 225 225 226 226 226 226 227 227 227 227 228 228 228 228 229 229 229 229 230 230 230 230 231 231 231 231 231 232 232 232 232 232 233 233 233 233 233 234 234 234 234 234 235 235 235 235 235 236 236 236 236 236 236 237 237 237 237 237 237 238 238 238 238 238 238 238 239 239 239 239 239 239 239 239 240 240
220 220 220 221 221 221 222 222 222 223 223 223 223 224 224 224 225 225 225 225 226 226 226 227 227 227 227 228 228 228 228 229 229 229 229 230 230 230 230 230 231 231 231 231 232 232 232 232 232 233 233 233 233 233 234 234 234 234 234 235 235 235 235 235 236 236 236 236 236 236 237 237 237 237 237 237 238 238 238 238 238 238 238 239 239 239 239 239 239 239 240 240 240 240
220 220 221 221 221 222 222 222 222 223 223 223 224 224 224 224 225 225 225 226 226 226 226 227 227 227 227 228 228 228 228 229 229 229 229 230 230 230 230 231 231 231 231 232 232 232 232 232 233 233 233 233 233 234 234 234 234 234 235 235 235 235 235 236 236 236 236 236 236 237 237 237 237 237 237 238 238 238 238 238 238 238 239 239 239 239 239 239 239 240 240 240 240 240
220 220 221 221 221 222 222 222 223 223 223 224 224 224 224 225 225 225 225 226 226 226 227 227 227 227 228 228 228 228 229 229 229 229 230 230 230 230 231 231 231 231 231 232 232 232 232 233 233 233 233 233 234 234 234 234 234 235 235 235 235 235 236 236 236 236 236 236 237 237 237 237 237 237 238 238 238 238 238 238 238 239 239 239 239 239 239 239 240 240 240 240 240 240
220 221 221 221 222 222 222 222 223 223 223 224 224 224 225 225 225 225 226 226 226 226 227 227 227 228 228 228 228 229 229 229 229 230 230 230 230 230 231 231 231 231 232 232 232 232 233 233 233 233 233 234 234 234 234 234 235 235 235 235 235 235 236 236 236 236 236 237 237 237 237 237 237 238 238 238 238 238 238 238 239 239 239 239 239 239 239 240 240 240 240 240 240 240
220 221 221 221 222 222 222 223 223 223 224 224 224 224 225 225 225 226 226 226 226 227 227 227 227 228 228 228 228 229 229 229 229 230 230 230 230 231 231 231 231 232 232 232 232 232 233 233 233 233 234 234 234 234 234 235 235 235 235 235 235 236 236 236 236 236 237 237 237 237 237 237 238 238 238 238 238 238 238 239 239 239 239 239 239 239 240 240 240 240 240 240 240 241
221 221 221 222 222 222 223 223 223 223 224 224 224 225 225 225 225 226 226 226 227 227 227 227 228 228 228 228 229 229 229 229 230 230 230 230 231 231 231 231 232 232 232 232 232 233 233 233 233 233 234 234 234 234 234 235 235 235 235 235 236 236 236 236 236 237 237 237 237 237 237 238 238 238 238 238 238 238 239 239 239 239 239 239 240 240 240 240 240 240 240 240 241 241
221 221 221 222 222 222 223 223 223 224 224 224 224 225 225 225 226 226 226 226 227 227 227 228 228 228 228 229 229 229 229 230 230 230 230 231 231 231 231 231 232 232 232 232 233 233 233 233 233 234 234 234 234 234 235 235 235 235 235 236 236 236 236 236 236 237 237 237 237 237 238 238 238 238 238 238 238 239 239 239 239 239 239 240 240 240 240 240 240 240 240 241 241 241
221 221 222 222 222 223 223 223 223 224 224 224 225 225 225 225 226 226 226 227 227 227 227 228 228 228 228 229 229 229 229 230 230 230 230 231 231 231 231 232 232 232 232 232 233 233 233 233 234 234 234 234 234 235 235 235 235 235 236 236 236 236 236 236 237 237 237 237 237 238 238 238 238 238 238 238 239 239 239 239 239 239 240 240 240 240 240 240 240 240 241 241 241 241
221 221 222 222 222 223 223 223 224 224 224 225 225 225 225 226 226 226 226 227 227 227 228 228 228 228 229 229 229 229 230 230 230 230 231 231 231 231 232 232 232 232 232 233 233 233 233 233 234 234 234 234 235 235 235 235 235 236 236 236 236 236 236 237 237 237 237 237 237 238 238 238 238 238 238 239 239 239 239 239 239 240 240 240 240 240 240 240 240 241 241 241 241 241
221 222 222 222 223 223 223 223 224 224 224 225 225 225 226 226 226 226 227 227 227 227 228 228 228 228 229 229 229 230 230 230 230 230 231 231 231 231 232 232 232 232 233 233 233 233 233 234 234 234 234 234 235 235 235 235 235 236 236 236 236 236 237 237 237 237 237 237 238 238 238 238 238 238 239 239 239 239 239 239 240 240 240 240 240 240 240 241 241 241 241 241 241 241
221 222 222 222 223 223 223 224 224 224 225 225 225 225 226 226 226 227 227 227 227 228 228 228 228 229 229 229 229 230 230 230 230 231 231 231 231 232 232 232 232 232 233 233 233 233 234 234 234 234 234 235 235 235 235 235 236 236 236 236 236 237 237 237 237 237 237 238 238 238 238 238 238 239 239 239 239 239 239 240 240 240 240 240 240 240 241 241 241 241 241 241 241 241
222 222 222 223 223 223 223 224 224 224 225 225 225 226 226 226 226 227 227 227 227 228 228 228 229 229 229 229 230 230 230 230 231 231 231 231 231 232 232 232 232 233 233 233 233 234 234 234 234 234 235 235 235 235 235 236 236 236 236 236 237 237 237 237 237 237 238 238 238 238 238 238 239 239 239 239 239 239 240 240 240 240 240 240 240 241 241 241 241 241 241 241 241 242
222 222 222 223 223 223 224 224 224 225 225 225 225 226 226 226 227 227 227 227 228 228 228 228 229 229 229 229 230 230 230 230 231 231 231 231 232 232 232 232 233 233 233 233 233 234 234 234 234 235 235 235 235 235 236 236 236 236 236 236 237 237 237 237 237 238 238 238 238 238 238 239 239 239 239 239 239 240 240 240 240 240 240 240 241 241 241 241 241 241 241 241 242 242
222 222 223 223 223 223 224 224 224 225 225 225 226 226 226 226 227 227 227 228 228 228 228 229 229 229 229 230 230 230 230 231 231 231 231 232 232 232 232 232 233 233 233 233 234 234 234 234 234 235 235 235 235 235 236 236 236 236 236 237 237 237 237 237 238 238 238 238 238 238 239 239 239 239 239 239 239 240 240 240 240 240 240 241 241 241 241 241 241 241 241 242 242 242
222 222 223 223 223 224 224 224 225 225 225 225 226 226 226 227 227 227 227 228 228 228 228 229 229 229 229 230 230 230 230 231 231 231 231 232 232 232 232 233 233 233 233 234 234 234 234 234 235 235 235 235 235 236 236 236 236 236 237 237 237 237 237 237 238 238 238 238 238 239 239 239 239 239 239 239 240 240 240 240 240 240 241 241 241 241 241 241 241 241 242 242 242 242
222 223 223 223 223 224 224 224 225 225 225 226 226 226 226 227 227 227 228 228 228 228 229 229 229 229 230 230 230 230 231 231 231 231 232 232 232 232 233 233 233 233 233 234 234 234 234 235 235 235 235 235 236 236 236 236 236 237 237 237 237 237 237 238 238 238 238 238 238 239 239 239 239 239 239 240 240 240 240 240 240 241 241 241 241 241 241 241 241 242 242 242 242 242
222 223 223 223 224 224 224 225 225 225 225 226 226 226 227 227 227 227 228 228 228 228 229 229 229 230 230 230 230 231 231 231 231 231 232 232 232 232 233 233 233 233 234 234 234 234 234 235 235 235 235 235 236 236 236 236 236 237 237 237 237 237 238 238 238 238 238 238 239 239 239 239 239 239 240 240 240 240 240 240 240 241 241 241 241 241 241 241 242 242 242 242 242 242
223 223 223 223 224 224 224 225 225 225 226 226 226 226 227 227 227 228 228 228 228 229 229 229 229 230 230 230 230 231 231 231 231 232 232 232 232 233 233 233 233 233 234 234 234 234 235 235 235 235 235 236 236 236 236 236 237 237 237 237 237 238 238 238 238 238 238 239 239 239 239 239 239 240 240 240 240 240 240 240 241 241 241 241 241 241 241 242 242 242 242 242 242 242
223 223 223 224 224 224 225 225 225 225 226 226 226 227 227 227 227 228 228 228 228 229 229 229 230 230 230 230 231 231 231 231 232 232 232 232 232 233 233 233 233 234 234 234 234 234 235 235 235 235 236 236 236 236 236 237 237 237 237 237 237 238 238 238 238 238 239 239 239 239 239 239 240 240 240 240 240 240 240 241 241 241 241 241 241 241 242 242 242 242 242 242 242 242
223 223 223 224 224 224 225 225 225 226 226 226 226 227 227 227 228 228 228 228 229 229 229 229 230 230 230 230 231 231 231 231 232 232 232 232 233 233 233 233 234 234 234 234 234 235 235 235 235 235 236 236 236 236 236 237 237 237 237 237 238 238 238 238 238 238 239 239 239 239 239 239 240 240 240 240 240 240 241 241 241 241 241 241 241 242 242 242 242 242 242 242 242 243
223 223 224 224 224 224 225 225 225 226 226 226 227 227 227 227 228 228 228 228 229 229 229 230 230 230 230 231 231 231 231 232 232 232 232 232 233 233 233 233 234 234 234 234 235 235 235 235 235 236 236 236 236 236 237 237 237 237 237 238 238 238 238 238 238 239 239 239 239 239 239 240 240 240 240 240 240 241 241 241 241 241 241 241 242 242 242 242 242 242 242 242 243 243
223 223 224 224 224 225 225 225 226 226 226 226 227 227 227 228 228 228 228 229 229 229 229 230 230 230 230 231 231 231 231 232 232 232 232 233 233 233 233 234 234 234 234 234 235 235 235 235 235 236 236 236 236 236 237 237 237 237 237 238 238 238 238 238 239 239 239 239 239 239 240 240 240 240 240 240 241 241 241 241 241 241 241 242 242 242 242 242 242 242 242 243 243 243
223 224 224 224 224 225 225 225 226 226 226 227 227 227 227 228 228 228 228 229 229 229 230 230 230 230 231 231 231 231 232 232 232 232 233 233 233 233 233 234 234 234 234 235 235 235 235 235 236 236 236 236 236 237 237 237 237 237 238 238 238 238 238 238 239 239 239 239 239 240 240 240 240 240 240 240 241 241 241 241 241 241 242 242 242 242 242 242 242 242 243 243 243 243
223 224 224 224 225 225 225 225 226 226 226 227 227 227 227 228 228 228 229 229 229 229 230 230 230 230 231 231 231 231 232 232 232 232 233 233 233 233 234 234 234 234 234 235 235 235 235 236 236 236 236 236 237 237 237 237 237 238 238 238 238 238 238 239 239 239 239 239 239 240 240 240 240 240 240 241 241 241 241 241 241 241 242 242 242 242 242 242 242 243 243 243 243 243
223 224 224 224 225 225 225 226 226 226 226 227 227 227 228 228 228 228 229 229 229 230 230 230 230 231 231 231 231 232 232 232 232 233 233 233 233 233 234 234 234 234 235 235 235 235 235 236 236 236 236 236 237 237 237 237 237 238 238 238 238 238 239 239 239 239 239 239 240 240 240 240 240 240 241 241 241 241 241 241 241 242 242 242 242 242 242 242 243 243 243 243 243 243
224 224 224 225 225 225 225 226 226 226 227 227 227 227 228 228 228 229 229 229 229 230 230 230 230 231 231 231 231 232 232 232 232 233 233 233 233 234 234 234 234 234 235 235 235 235 236 236 236 236 236 237 237 237 237 237 238 238 238 238 238 238 239 239 239 239 239 240 240 240 240 240 240 241 241 241 241 241 241 241 242 242 242 242 242 242 242 243 243 243 243 243 243 243
224 224 224 225 225 225 226 226 226 226 227 227 227 228 228 228 228 229 229 229 229 230 230 230 231 231 231 231 232 232 232 232 233 233 233 233 233 234 234 234 234 235 235 235 235 235 236 236 236 236 236 237 237 237 237 237 238 238 238 238 238 239 239 239 239 239 239 240 240 240 240 240 240 241 241 241 241 241 241 242 242 242 242 242 242 242 243 243 243 243 243 243 243 243
