testData/tiles/oneDegree/grid43.0-20.0-44.0-21.0.asc
ncols   200
nrows   200
xllcorner   43.0
yllcorner   20.0
cellsize   0.005
NODATA_value   -9999.0
[rows 84 to 125 of 200, columns 0 to 93 of 200]
257 257 257 257 257 262 262 263 264 265 267 268 270 270 272 272 274 274 275 276 278 279 280 280 282 282 283 283 285 285 286 287 287 288 288 290 290 291 291 293 293 294 294 296 296 297 297 297 299 299 300 300 301 302 303 302 303 303 303 305 305 306 306 307 306 307 308 308 309 309 308 310 310 311 311 311 311 311 313 313 312 313 313 313 313 314 314 315 314 314 315 314 314 316
257 257 257 257 258 262 262 262 263 265 265 268 268 270 270 272 272 274 274 276 277 278 279 280 280 282 282 283 284 285 285 286 287 288 288 289 290 291 291 291 293 293 294 294 296 296 297 297 298 299 299 300 300 301 302 302 302 303 303 303 305 305 306 306 306 306 307 308 308 309 309 308 310 310 311 311 310 311 311 312 313 312 313 313 313 313 314 314 314 314 314 315 314 314
257 257 257 257 258 258 262 262 262 264 266 267 268 270 270 272 272 273 274 276 277 278 278 280 280 280 282 282 283 284 285 285 286 287 288 288 290 290 291 291 292 293 294 294 294 296 296 297 297 298 299 300 300 300 301 302 302 302 303 303 303 305 305 306 306 306 306 307 308 308 309 308 308 310 310 311 310 310 311 311 312 312 312 312 313 312 312 314 313 314 314 314 313 314
257 257 257 257 258 258 258 262 262 262 265 266 268 268 270 270 272 272 275 275 276 277 278 279 280 280 282 282 283 283 285 285 286 287 287 288 288 290 290 291 291 293 293 294 294 295 296 296 297 297 298 299 300 300 301 301 302 302 302 303 303 304 305 305 306 305 306 306 307 308 308 308 308 308 310 310 310 310 310 311 311 311 312 312 312 312 312 312 314 313 313 314 313 313
257 257 257 258 258 258 258 262 262 262 265 265 267 268 269 270 271 272 273 275 275 277 277 278 279 280 280 282 282 283 283 285 285 286 287 288 288 289 290 290 291 291 293 293 294 294 295 296 297 297 297 298 299 300 300 301 301 301 302 302 303 303 305 305 305 305 305 306 307 307 308 308 308 308 308 310 310 309 310 310 310 310 311 312 312 311 312 312 312 313 313 313 313 313
257 257 257 258 258 258 258 258 262 263 263 265 266 267 268 270 270 273 273 274 275 276 277 278 278 280 280 281 282 282 283 284 285 285 286 288 289 289 290 291 291 291 291 293 293 294 294 296 296 297 297 297 299 299 300 300 301 301 301 302 302 303 303 305 305 305 305 305 306 307 307 308 307 307 308 308 310 309 309 310 310 309 310 311 311 311 311 311 312 311 312 313 312 312
257 257 257 258 258 258 258 258 258 263 263 263 265 266 268 268 270 271 273 273 275 275 276 277 278 278 280 280 281 282 283 283 286 286 286 287 288 289 289 290 291 292 292 292 293 293 294 294 296 296 297 297 298 299 299 300 300 301 301 301 302 302 303 303 305 305 304 305 305 306 307 307 307 307 307 308 308 309 309 309 310 310 309 310 311 311 311 311 311 311 311 312 313 312
257 257 258 258 258 258 258 258 258 259 263 263 265 265 267 268 270 271 272 273 274 275 275 276 277 278 279 280 280 281 282 284 284 286 286 287 288 289 289 289 291 291 292 292 292 293 294 294 294 296 296 297 297 298 299 299 300 300 301 301 302 302 302 303 303 305 304 304 305 305 305 307 307 307 307 307 308 308 308 309 309 309 309 309 310 311 310 310 311 310 310 311 312 311
257 257 258 258 258 258 258 258 259 259 263 263 263 265 266 267 269 270 271 272 273 274 275 276 277 278 278 280 280 281 283 283 284 284 286 286 287 288 289 289 290 291 291 292 292 294 293 294 294 294 296 296 297 297 298 299 299 300 300 300 301 302 302 302 303 303 305 304 304 305 305 305 307 306 307 307 307 308 307 308 309 309 308 309 309 309 310 310 310 311 310 310 311 311
257 257 258 258 258 258 258 258 259 259 259 263 263 264 265 268 268 269 271 271 273 273 274 275 276 277 278 278 281 281 282 283 284 284 285 286 286 287 288 289 289 290 291 291 292 292 294 293 294 294 295 296 296 297 297 298 299 299 300 300 300 301 302 302 302 303 303 303 304 304 305 305 305 306 306 306 307 307 307 308 308 309 308 308 309 309 308 310 310 310 309 310 310 309
257 257 258 258 258 258 258 259 259 259 259 259 263 263 264 266 268 269 270 271 272 273 274 275 275 276 277 279 279 281 281 282 283 284 284 286 286 286 287 288 289 289 290 291 292 292 292 294 293 294 294 295 296 296 297 297 298 299 299 300 299 300 301 301 302 302 303 303 303 304 304 305 305 304 306 306 306 307 306 306 308 308 308 308 308 308 308 308 309 310 309 309 310 309
257 258 258 258 258 258 258 259 259 259 259 259 259 263 263 266 266 268 269 270 271 272 273 274 275 276 277 279 279 279 281 281 282 283 284 284 286 286 287 287 288 289 289 290 291 292 292 292 294 293 294 294 295 296 296 297 297 298 299 299 299 299 300 301 301 302 302 303 302 303 304 304 304 305 304 306 306 306 307 306 306 308 308 307 308 308 308 308 308 309 308 309 309 308
257 258 258 258 258 258 258 259 259 259 259 259 259 263 264 265 266 268 268 269 270 271 272 273 274 276 277 277 279 279 281 281 281 283 283 284 284 286 286 287 287 289 289 289 291 291 292 292 293 294 293 294 294 296 296 296 297 297 299 299 299 299 299 300 301 301 302 302 302 302 303 304 304 304 304 304 305 306 306 306 306 306 308 307 307 307 308 307 307 308 308 308 309 309
257 258 258 258 258 258 258 259 259 259 259 259 259 259 264 264 265 266 268 268 270 270 272 272 273 275 276 277 278 279 279 281 281 282 283 283 284 284 286 286 287 288 289 289 289 291 291 292 292 293 293 293 294 294 296 296 296 297 297 299 299 298 299 299 300 301 301 302 301 302 303 303 304 304 303 304 304 305 306 305 305 306 306 306 307 307 307 307 307 307 308 308 308 308
408 258 258 258 258 258 259 259 259 259 259 259 259 260 260 264 264 265 266 268 268 270 271 272 274 275 275 277 277 278 279 279 281 281 282 283 284 284 284 286 286 287 288 289 289 289 291 291 292 292 293 293 293 294 294 296 296 296 297 297 299 299 298 299 299 300 301 301 302 301 301 303 303 304 303 303 304 304 305 305 305 305 306 305 306 307 307 306 306 307 307 306 308 308
409 409 409 409 409 409 410 410 410 410 259 259 259 260 260 260 264 265 266 266 268 269 270 272 273 274 275 276 277 277 279 279 279 281 281 282 283 284 284 286 286 286 287 288 289 289 290 291 291 292 292 294 293 293 294 294 296 296 296 297 297 299 298 298 299 299 300 301 301 301 301 301 303 303 303 303 303 303 304 304 304 305 305 305 305 306 306 306 306 306 307 306 306 307
409 409 409 409 409 409 410 410 410 410 410 410 410 411 411 411 415 415 265 266 267 268 270 271 272 273 274 275 276 277 277 279 279 280 281 281 282 283 284 284 286 286 286 287 288 289 289 290 291 291 292 292 293 293 293 294 294 296 296 296 297 297 298 298 298 299 299 300 301 300 301 301 301 303 303 302 303 303 303 304 304 304 305 305 304 305 306 306 305 306 306 305 306 306
409 409 409 409 409 410 410 410 410 410 410 410 411 411 411 411 411 415 415 416 417 419 420 422 422 424 273 274 275 276 277 277 279 279 280 281 281 282 283 284 284 286 286 286 287 288 289 289 290 291 291 292 292 293 293 293 294 294 296 296 296 297 297 298 298 298 299 299 300 301 300 300 301 301 303 302 302 303 303 303 303 304 304 304 304 304 304 306 305 305 306 305 305 305
409 409 409 409 409 410 410 410 410 410 410 410 411 411 411 411 411 411 415 415 416 418 420 420 422 422 424 424 426 426 427 428 428 279 279 281 281 282 282 283 284 284 286 286 287 287 288 289 289 290 291 291 292 292 293 293 293 294 294 296 296 296 297 296 297 298 298 299 299 300 300 300 300 301 301 301 302 302 302 303 302 302 304 304 303 304 304 304 304 305 305 304 305 305
409 409 409 409 409 410 410 410 410 410 410 411 411 411 411 411 411 411 411 415 416 417 419 420 420 422 423 424 425 426 426 428 428 429 430 430 432 432 433 434 283 284 284 286 286 287 287 288 289 289 290 291 291 292 291 293 293 293 294 294 296 296 296 297 296 297 298 298 298 299 299 300 300 300 301 301 301 302 302 302 302 302 302 303 303 303 303 304 303 303 305 305 304 304
409 409 409 409 410 410 410 410 410 410 410 411 411 411 411 411 411 411 411 411 416 417 417 419 420 422 422 423 424 425 426 426 428 428 429 430 430 432 432 433 434 434 435 435 437 437 287 288 288 289 289 290 291 291 292 291 293 293 293 294 294 295 296 296 296 296 297 298 298 298 299 299 299 300 300 300 300 301 301 302 302 301 302 302 303 303 303 303 302 303 303 304 304 304
409 409 409 409 410 410 410 410 410 410 410 411 411 411 411 411 411 411 411 411 416 416 417 418 419 420 422 422 423 424 425 426 427 428 428 430 430 430 432 432 433 434 435 435 435 437 437 438 439 439 440 440 442 291 291 291 291 293 293 293 294 294 295 296 295 296 296 297 298 298 298 298 299 299 300 300 299 300 301 301 302 301 301 302 302 302 302 303 303 302 303 303 303 303
409 409 409 409 410 410 410 410 410 410 411 411 411 411 411 411 411 411 411 412 412 416 416 417 418 420 420 422 422 424 424 425 426 427 428 428 430 430 430 432 432 433 434 435 435 436 437 437 438 439 439 440 440 442 442 442 442 442 443 293 293 294 294 295 296 295 295 296 297 297 298 297 298 299 299 300 299 299 299 301 301 300 301 301 301 301 302 302 302 302 302 302 302 303
409 409 409 409 410 410 410 410 410 410 411 411 411 411 411 411 411 411 411 412 412 412 416 417 417 418 420 420 422 422 424 424 426 426 427 428 428 430 430 430 432 432 433 434 435 435 436 437 437 438 439 439 440 440 442 442 441 442 442 443 444 444 445 445 446 295 295 295 296 297 297 297 297 297 299 299 299 299 299 299 301 300 300 301 301 300 300 302 302 301 302 302 301 301
409 409 409 410 410 410 410 410 410 410 411 411 411 411 411 411 411 411 412 412 412 412 412 416 417 417 419 420 420 422 422 424 424 426 426 427 428 428 430 430 431 432 432 433 434 435 435 436 437 437 438 439 439 440 440 441 442 441 442 442 443 444 444 444 445 445 446 446 446 447 297 297 297 297 297 299 299 298 299 299 299 299 300 300 300 300 300 300 301 301 301 301 301 301
409 409 409 410 410 410 410 410 410 411 411 411 411 411 411 411 411 411 412 412 412 412 412 412 416 417 417 419 420 420 422 423 424 424 426 426 427 428 428 430 430 432 432 432 433 434 435 435 436 437 437 438 439 439 440 440 441 441 441 442 442 443 444 444 444 445 445 445 446 446 446 448 447 447 448 297 298 298 298 298 299 299 299 300 300 300 299 300 300 300 301 301 301 300
409 409 409 410 410 410 410 410 410 411 411 411 411 411 411 411 411 412 412 412 412 412 412 412 412 416 417 417 419 420 422 422 423 424 425 426 426 427 428 429 430 430 432 432 432 433 434 435 435 436 437 437 437 439 439 440 440 441 441 441 441 442 443 444 444 444 444 445 445 446 446 446 447 447 447 448 448 448 449 449 449 298 298 298 299 300 299 299 299 299 300 300 301 300
409 409 409 410 410 410 410 410 410 411 411 411 411 411 411 411 411 412 412 412 412 412 412 412 412 416 416 417 418 419 420 422 422 423 425 426 427 427 428 429 430 430 430 432 432 432 433 434 435 435 436 437 437 437 439 439 440 440 440 441 441 441 442 443 443 444 443 444 445 445 446 446 445 447 447 447 447 447 448 448 449 449 448 449 449 450 298 299 299 299 298 300 300 299
409 409 410 410 410 410 410 410 410 411 411 411 411 411 411 411 411 412 412 412 412 412 412 412 412 412 416 416 417 418 419 420 423 423 424 425 426 427 427 429 429 430 431 430 432 432 432 434 434 434 435 436 437 437 437 439 439 440 439 440 441 441 441 442 443 443 443 443 443 445 445 445 446 445 446 447 447 447 447 447 448 448 448 448 448 449 449 449 449 450 449 298 299 299
409 409 410 410 410 410 410 410 411 411 411 411 411 411 411 411 412 412 412 412 412 412 412 412 412 412 412 416 417 417 418 420 421 423 423 424 425 426 427 427 429 429 430 431 430 432 432 432 434 434 434 435 436 437 437 437 439 439 439 439 440 441 441 441 442 443 443 443 443 443 445 445 445 445 445 446 447 447 446 446 447 448 447 448 448 448 447 449 449 449 448 449 449 449
409 409 410 410 410 410 410 410 411 411 411 411 411 411 411 411 412 412 412 412 412 412 412 412 412 412 412 412 416 418 418 419 421 421 423 423 424 425 426 427 428 429 429 430 431 431 431 432 432 434 434 434 435 436 437 437 437 439 439 438 439 440 440 441 441 441 443 442 442 443 443 444 445 444 444 445 446 446 446 446 446 447 448 447 447 448 447 447 448 449 448 448 448 448
409 409 410 410 410 410 410 410 411 411 411 411 411 411 411 412 412 412 412 412 412 412 412 412 412 412 412 412 412 417 418 418 419 421 421 423 423 424 425 426 427 428 428 429 430 431 430 431 432 432 434 434 434 435 436 436 437 437 439 439 438 439 440 440 441 441 441 442 442 442 443 443 444 444 444 444 445 446 445 445 446 446 446 447 447 447 447 447 447 448 447 448 448 448
409 410 410 410 410 410 410 411 411 411 411 411 411 411 411 412 412 412 412 412 412 412 412 412 412 412 412 412 413 413 417 418 418 419 421 421 423 423 424 425 426 427 428 428 429 430 431 430 431 432 432 434 434 434 435 436 436 437 437 438 438 438 439 440 440 441 441 441 442 442 442 442 443 444 443 444 444 444 446 445 445 446 446 445 446 447 447 446 446 447 447 447 447 448
409 410 410 410 410 410 410 411 411 411 411 411 411 411 411 412 412 412 412 412 412 412 412 412 412 412 412 413 413 413 413 417 418 418 419 421 421 423 423 424 425 426 427 428 428 429 430 431 430 431 432 432 433 434 434 435 436 436 437 437 437 438 438 438 440 440 440 441 440 441 442 442 442 443 443 443 444 444 444 444 445 445 445 445 445 446 446 446 446 446 446 447 447 447
409 410 410 410 410 410 410 411 411 411 411 411 411 411 412 412 412 412 412 412 412 412 412 412 412 412 413 413 413 413 413 413 417 418 418 419 421 421 423 423 424 425 426 427 428 428 429 430 431 430 431 432 432 433 434 434 434 436 436 437 437 437 438 438 438 440 440 440 440 440 441 442 442 442 441 443 443 443 444 443 444 445 445 444 444 445 446 445 445 446 446 445 446 447
409 410 410 410 410 410 410 411 411 411 411 411 411 411 412 412 412 412 412 412 412 412 412 412 412 413 413 413 413 413 413 413 413 417 418 418 419 421 421 423 423 424 425 426 427 428 428 429 430 430 430 431 432 432 433 434 434 434 436 436 436 436 437 437 438 438 439 440 439 439 440 441 441 442 441 441 443 443 443 442 443 444 444 444 444 444 444 445 445 445 445 445 445 445
409 410 410 410 410 410 411 411 411 411 411 411 411 411 412 412 412 412 412 412 412 412 412 412 412 413 413 413 413 413 413 413 413 417 417 418 418 419 421 421 423 424 424 425 426 427 428 428 429 430 429 430 431 432 432 433 434 434 434 436 436 435 436 437 437 438 438 439 440 439 439 440 441 441 441 441 441 442 443 442 442 443 444 444 443 444 444 443 444 445 445 444 444 445
410 410 410 410 410 410 411 411 411 411 411 411 411 412 412 412 412 412 412 412 412 412 412 412 413 413 413 413 413 413 413 413 413 413 417 417 418 418 419 421 421 423 424 424 425 426 427 428 428 429 430 429 430 431 431 432 433 433 434 434 436 436 435 436 437 437 438 438 439 438 439 439 439 441 441 440 441 441 442 441 442 442 442 443 443 443 443 444 443 443 444 444 444 444
410 410 410 410 410 410 411 411 411 411 411 411 411 412 412 412 412 412 412 412 412 412 412 412 413 413 413 413 413 413 413 413 413 413 413 417 417 418 419 419 421 422 423 424 424 425 426 426 428 428 429 429 429 430 431 431 432 433 433 434 434 435 435 435 435 437 437 437 438 438 438 439 439 439 441 440 440 440 441 442 441 442 442 442 441 443 443 443 442 443 443 443 443 444
410 410 410 410 410 410 411 411 411 411 411 411 411 412 412 412 412 412 412 412 412 412 412 413 413 413 413 413 413 413 413 413 413 413 413 413 417 417 418 419 419 421 422 423 424 424 425 426 426 428 428 428 429 429 430 431 431 432 433 433 434 434 434 435 435 435 437 437 437 437 438 438 438 439 439 439 440 440 440 440 441 441 441 442 441 441 442 443 442 442 442 442 443 443
410 410 410 410 410 411 411 411 411 411 411 411 412 412 412 412 412 412 412 412 412 412 412 413 413 413 413 413 413 413 413 413 413 413 413 413 413 417 417 418 419 419 421 422 422 424 424 425 426 426 428 428 427 429 429 429 431 431 431 433 433 433 434 434 434 435 435 436 437 437 436 437 438 438 439 438 439 439 440 440 439 441 441 441 440 441 441 442 441 442 442 442 441 442
410 410 410 410 410 411 411 411 411 411 411 411 412 412 412 412 412 412 412 412 412 412 413 413 413 413 413 413 413 413 413 413 413 413 413 413 413 413 417 417 418 419 419 421 422 422 424 424 424 426 426 428 428 427 429 429 429 431 431 431 433 433 433 433 434 434 435 435 436 437 436 436 436 438 438 437 438 439 439 439 439 439 439 441 440 440 440 441 441 441 441 441 441 441
