testData/tiles/oneDegree/grid41.0-24.0-42.0-25.0.asc
ncols   200
nrows   200
xllcorner   41.0
yllcorner   24.0
cellsize   0.005
NODATA_value   -9999.0
[rows 39 to 77 of 200, columns 0 to 87 of 200]
750 748 746 744 743 739 736 733 732 731 728 725 722 720 716 714 712 709 706 704 702 697 695 693 690 688 685 681 679 675 674 672 668 666 663 661 659 657 655 786 783 781 778 776 774 772 769 768 765 763 760 757 756 753 751 748 746 744 741 738 736 734 731 729 726 723 721 719 718 717 651 651 650 649 648 647 646 646 646 645 644 643 642 641 640 639 638 637
757 755 752 750 749 746 743 739 739 736 734 731 728 726 723 721 719 716 712 710 708 704 702 699 696 693 692 688 685 683 680 677 675 672 668 666 662 660 657 787 785 782 780 777 775 773 770 769 766 764 761 759 756 753 752 749 748 745 742 740 737 734 731 729 727 724 722 720 718 717 716 716 715 714 713 647 647 647 646 645 644 643 642 641 640 639 638 637
763 761 759 755 754 752 749 746 744 742 740 736 734 731 730 726 725 722 718 715 713 712 709 705 702 699 697 694 692 690 686 684 680 677 675 672 670 667 664 793 791 787 785 781 779 776 773 769 766 764 761 760 757 756 753 750 748 745 742 740 737 735 733 731 728 725 723 720 718 717 717 716 715 714 714 713 713 712 711 710 709 643 642 641 640 639 639 638
769 767 764 761 759 757 756 753 750 747 745 743 740 738 735 732 729 728 724 722 719 717 713 712 708 705 702 700 697 695 692 690 686 683 682 678 676 673 670 800 797 793 790 788 785 781 780 776 773 769 765 762 760 757 753 750 749 746 743 741 738 736 734 731 728 726 723 720 718 717 717 716 716 715 714 714 713 712 711 710 709 708 707 706 706 705 639 638
774 772 770 767 763 763 761 758 754 752 750 748 745 744 740 738 735 732 731 727 725 722 719 716 713 710 709 706 703 700 697 694 693 690 688 684 681 678 675 804 802 800 798 794 791 787 785 781 778 775 773 770 766 763 760 756 753 749 746 742 739 737 735 732 729 727 724 721 718 718 717 717 716 715 715 714 713 712 711 710 709 708 707 707 706 705 704 703
779 777 775 773 769 768 765 763 761 757 755 754 751 748 745 743 740 738 736 732 730 727 724 722 720 716 713 712 708 706 702 700 698 695 692 688 687 683 681 810 808 806 802 799 796 793 791 787 784 782 779 775 771 769 765 762 758 755 754 750 746 743 739 735 731 728 724 721 718 719 718 717 716 715 715 714 713 712 711 710 709 709 708 707 706 705 704 703
783 782 780 778 776 772 770 768 766 762 761 758 756 753 750 747 745 743 741 738 735 731 729 728 725 723 718 716 712 710 707 706 703 700 697 694 691 689 685 816 814 811 808 805 801 799 795 792 790 786 784 781 778 774 771 768 764 761 759 755 751 748 744 741 738 735 731 728 725 722 720 718 716 716 715 714 713 712 711 711 710 709 709 708 707 706 705 704
788 785 785 783 780 777 775 772 770 768 765 762 761 757 755 754 750 747 745 743 740 736 735 731 729 726 724 721 717 715 713 710 707 704 701 700 696 694 691 822 818 815 812 809 806 803 801 799 795 792 789 785 783 779 775 773 770 767 763 761 758 754 750 747 744 740 737 733 730 727 726 724 931 929 927 925 923 922 920 919 919 918 917 916 915 914 913 912
793 791 789 787 785 781 778 776 776 773 770 768 764 762 760 758 756 751 749 747 743 743 739 736 734 731 728 724 722 719 718 714 712 709 706 703 700 698 695 825 822 820 817 814 811 809 806 803 799 797 793 790 787 784 783 779 775 773 769 765 762 967 963 960 957 954 950 947 943 940 939 937 936 934 932 930 929 927 925 924 922 920 918 916 915 914 913 912
799 796 793 791 789 787 783 781 779 778 774 772 770 767 764 761 760 757 753 751 750 746 744 740 737 736 732 730 727 724 721 718 716 713 710 708 706 703 700 830 827 824 821 818 816 813 809 807 804 802 798 795 1000 997 995 991 987 985 981 977 975 971 967 967 963 959 955 953 949 945 943 942 941 939 938 936 934 932 931 929 927 925 923 921 919 917 915 914
803 800 798 795 792 791 789 786 783 781 777 776 775 771 768 766 763 761 758 755 754 751 748 746 741 739 737 734 732 727 726 723 720 718 715 713 709 707 703 834 830 828 825 824 820 1026 1022 1020 1016 1013 1010 1007 1005 1001 999 995 991 990 986 982 980 976 973 971 967 963 961 957 953 949 948 947 945 944 942 941 939 938 936 934 932 930 928 927 925 924 922 919
806 805 802 799 796 795 793 790 788 785 782 779 778 776 772 770 768 765 763 759 757 754 751 749 747 743 742 738 736 733 729 727 723 722 718 716 713 711 709 1046 1044 1040 1039 1035 1033 1029 1026 1023 1020 1017 1014 1012 1009 1006 1003 1000 997 993 990 987 985 981 978 975 971 967 965 961 957 955 953 952 950 949 947 945 944 942 941 939 937 935 933 932 930 928 926 924
810 808 806 804 801 799 797 793 791 789 786 784 782 780 777 773 771 769 766 765 761 758 755 753 750 747 745 742 739 737 732 731 729 934 931 928 926 922 920 1049 1047 1045 1042 1039 1036 1033 1031 1028 1024 1023 1019 1016 1013 1010 1007 1003 1001 997 994 992 988 985 982 978 976 972 969 966 962 958 958 956 954 953 951 950 948 947 945 943 941 939 939 937 935 933 931 929
814 812 810 807 805 803 801 797 795 793 790 787 785 782 781 778 775 773 770 768 765 762 758 756 754 751 749 746 951 949 945 943 940 937 935 931 929 926 923 1054 1052 1049 1046 1043 1040 1037 1034 1031 1029 1026 1022 1020 1016 1014 1010 1007 1004 1001 999 996 993 989 987 983 979 977 973 970 967 964 962 960 958 956 955 954 952 951 949 947 946 944 943 941 939 937 935 933
819 816 814 811 809 807 803 801 798 798 795 792 789 786 784 781 778 776 774 770 769 767 762 969 967 963 961 957 954 952 949 947 943 940 938 935 933 930 928 1058 1055 1052 1049 1046 1043 1040 1038 1035 1033 1029 1026 1023 1020 1018 1015 1011 1008 1006 1003 1000 996 993 990 986 983 980 977 974 970 968 965 963 962 960 959 958 956 954 953 952 950 948 947 945 943 941 939 938
822 818 817 814 813 810 808 805 803 800 798 796 791 789 787 786 783 780 778 982 980 978 974 972 970 966 964 961 957 957 953 951 949 944 942 938 936 934 931 1061 1058 1055 1052 1049 1047 1043 1042 1039 1037 1033 1031 1027 1024 1021 1018 1016 1013 1009 1007 1003 999 997 993 990 986 984 981 977 974 972 969 967 965 964 963 961 960 959 957 956 954 952 950 950 948 946 944 942
825 824 821 818 815 813 811 808 805 804 802 799 796 793 999 997 994 992 988 985 983 981 978 976 973 970 968 965 962 959 956 954 951 947 945 941 940 936 934 1064 1061 1058 1056 1053 1050 1048 1046 1042 1040 1036 1034 1030 1027 1024 1022 1019 1016 1012 1010 1006 1003 1000 997 993 992 989 985 982 979 975 972 970 969 968 966 965 964 962 961 959 957 957 955 953 951 950 948 946
829 827 824 821 819 817 815 813 810 806 1012 1010 1008 1004 1002 1000 996 994 993 989 987 985 982 979 976 973 970 969 966 962 959 956 954 951 947 945 944 940 938 1068 1065 1063 1059 1057 1054 1051 1048 1045 1043 1039 1037 1033 1031 1028 1025 1022 1019 1015 1013 1010 1007 1004 1001 998 995 992 988 985 982 979 975 973 972 971 971 969 967 966 964 962 962 960 958 957 955 953 951 951
832 830 828 826 821 819 1026 1024 1021 1017 1015 1012 1012 1009 1006 1003 1000 998 995 993 990 987 985 982 980 975 973 972 968 966 962 960 958 954 953 949 946 944 940 1071 1068 1065 1062 1060 1057 1055 1051 1048 1045 1042 1039 1036 1034 1031 1029 1026 1023 1019 1017 1013 1010 1007 1005 1001 998 995 991 988 985 982 978 977 976 975 974 972 970 969 967 967 965 963 962 960 958 958 956 954
835 832 830 1036 1034 1030 1028 1027 1025 1021 1018 1017 1015 1011 1009 1006 1004 1000 999 997 992 990 988 984 982 979 977 975 972 969 966 963 960 957 956 953 949 946 943 1074 1070 1068 1066 1063 1060 1057 1054 1051 1048 1045 1043 1041 1038 1035 1031 1029 1025 1023 1019 1016 1013 1011 1007 1004 1001 998 994 992 988 985 981 980 980 978 977 975 974 972 971 970 968 966 965 963 962 961 959 957
1045 1044 1042 1039 1038 1034 1032 1029 1027 1024 1022 1019 1017 1014 1011 1009 1006 1003 1001 999 997 993 991 988 986 984 980 978 974 972 970 965 963 960 958 956 951 949 946 1076 1073 1072 1068 1066 1062 1061 1057 1055 1052 1048 1047 1043 1041 1037 1035 1032 1028 1026 1022 1019 1017 1014 1010 1008 1004 1001 997 995 991 987 985 984 983 981 980 978 977 975 974 973 971 969 968 967 966 964 962 961
1049 1046 1044 1043 1040 1037 1034 1032 1029 1027 1025 1022 1019 1016 1014 1013 1010 1007 1005 1002 999 997 994 990 989 987 983 980 978 974 972 969 966 964 961 958 955 952 948 1079 1076 1075 1072 1069 1066 1063 1060 1058 1054 1053 1049 1046 1043 1040 1038 1034 1031 1028 1026 1022 1020 1016 1013 1010 1007 1003 1000 997 994 991 989 987 986 984 983 981 979 979 977 976 974 973 972 970 969 967 965 964
1052 1049 1046 1045 1043 1040 1037 1034 1032 1030 1028 1026 1023 1020 1017 1015 1014 1009 1007 1005 1001 999 996 994 991 989 986 983 980 977 974 972 970 966 963 961 957 956 952 1083 1080 1077 1074 1072 1068 1066 1062 1060 1058 1055 1052 1048 1046 1043 1040 1037 1033 1032 1028 1025 1022 1019 1015 1013 1009 1006 1003 1001 998 995 991 990 988 987 985 984 982 982 980 978 978 976 975 973 971 970 968 967
1055 1052 1049 1047 1045 1043 1040 1038 1036 1034 1030 1028 1026 1023 1019 1018 1016 1013 1009 1007 1005 1001 1000 997 994 991 988 986 982 979 978 974 972 969 966 964 961 958 955 1086 1082 1080 1076 1074 1071 1068 1065 1064 1060 1058 1054 1052 1048 1045 1043 1039 1037 1034 1031 1028 1025 1021 1018 1016 1013 1010 1007 1005 1001 998 995 993 991 989 988 986 986 984 984 982 981 979 977 976 974 973 971 969
1057 1056 1053 1050 1048 1046 1043 1040 1038 1036 1033 1030 1028 1026 1023 1020 1018 1016 1013 1009 1007 1004 1002 1000 996 993 990 988 986 982 980 979 975 973 969 966 963 962 958 1088 1085 1082 1079 1076 1073 1071 1068 1066 1062 1060 1057 1054 1051 1047 1045 1043 1040 1037 1033 1031 1027 1024 1022 1019 1016 1012 1011 1007 1004 1000 998 995 994 992 991 989 988 988 986 985 983 982 980 978 977 975 974 972
1060 1058 1056 1053 1050 1048 1045 1043 1041 1038 1036 1032 1030 1028 1025 1022 1020 1018 1015 1011 1009 1007 1005 1002 999 996 993 990 990 986 983 981 977 975 972 968 966 964 1093 1091 1088 1084 1082 1079 1076 1074 1071 1068 1065 1062 1059 1057 1053 1050 1048 1045 1043 1039 1036 1033 1031 1027 1025 1021 1018 1015 1013 1010 1006 1003 1000 998 996 995 993 992 992 990 989 987 986 984 983 981 980 978 976 975
1063 1061 1058 1055 1053 1050 1048 1046 1043 1041 1038 1035 1032 1031 1028 1025 1022 1020 1017 1014 1012 1009 1007 1004 1001 998 996 993 992 989 985 983 980 977 974 971 968 966 964 1093 1090 1087 1084 1081 1080 1076 1074 1070 1067 1065 1061 1059 1055 1053 1051 1047 1045 1041 1038 1037 1033 1030 1027 1024 1021 1018 1015 1012 1008 1005 1002 1000 998 997 995 996 994 993 991 990 988 987 985 984 982 981 979 977
1135 1063 1060 1057 1055 1052 1051 1048 1045 1043 1041 1037 1035 1033 1031 1028 1024 1022 1019 1018 1015 1011 1009 1006 1003 1001 999 996 994 991 988 985 982 979 976 975 971 968 966 1095 1093 1089 1086 1084 1082 1078 1076 1073 1069 1067 1063 1061 1059 1056 1053 1049 1047 1044 1040 1039 1035 1032 1029 1027 1024 1021 1018 1014 1011 1008 1005 1002 1001 999 999 998 997 995 994 992 991 989 988 986 985 983 981 981
1138 1135 1132 1129 1057 1056 1053 1050 1047 1045 1043 1039 1037 1035 1033 1030 1027 1024 1021 1020 1017 1014 1011 1008 1005 1003 1002 998 996 994 990 988 984 982 979 977 975 970 968 1098 1095 1092 1090 1086 1084 1080 1078 1075 1072 1069 1066 1063 1061 1058 1055 1052 1049 1046 1042 1041 1038 1034 1033 1029 1026 1023 1020 1016 1013 1011 1007 1005 1003 1003 1002 1001 999 998 996 995 993 992 990 989 988 987 986 984
1140 1138 1134 1131 1130 1128 1126 1051 1049 1047 1045 1043 1039 1037 1035 1032 1029 1026 1024 1022 1019 1016 1013 1010 1007 1006 1004 999 998 996 992 990 986 985 981 979 977 972 970 1100 1097 1094 1092 1088 1086 1083 1080 1077 1074 1071 1068 1066 1063 1061 1057 1054 1051 1048 1045 1042 1040 1037 1035 1031 1028 1026 1022 1019 1015 1013 1009 1007 1006 1005 1004 1003 1001 1000 998 997 995 994 992 992 991 990 988 987
1141 1140 1136 1133 1132 1130 1128 1124 1121 1049 1048 1044 1042 1039 1037 1033 1031 1030 1026 1023 1021 1019 1016 1012 1009 1008 1006 1002 999 997 993 992 990 987 984 981 979 975 972 1102 1099 1097 1095 1090 1088 1085 1082 1079 1077 1073 1071 1068 1065 1063 1059 1056 1053 1050 1048 1044 1042 1039 1037 1034 1030 1028 1024 1021 1017 1015 1011 1010 1009 1007 1007 1005 1004 1002 1001 999 998 996 996 995 994 992 991 989
1143 1140 1138 1135 1133 1131 1129 1126 1123 1121 1120 1117 1044 1042 1039 1035 1033 1032 1030 1025 1023 1021 1018 1015 1013 1010 1008 1004 1002 999 995 993 991 988 986 983 981 977 975 1104 1102 1099 1097 1093 1090 1087 1084 1081 1079 1076 1073 1070 1067 1065 1061 1058 1056 1052 1050 1047 1044 1042 1038 1035 1032 1030 1026 1023 1020 1017 1015 1012 1011 1010 1009 1007 1006 1004 1003 1001 1000 999 999 997 996 994 993 991
1144 1142 1140 1138 1135 1132 1130 1128 1125 1123 1121 1119 1116 1114 1040 1037 1036 1034 1031 1027 1025 1023 1019 1018 1015 1012 1009 1006 1004 1001 997 996 993 990 988 984 981 979 977 1107 1104 1101 1099 1095 1092 1089 1086 1083 1081 1078 1076 1072 1069 1067 1063 1061 1058 1054 1053 1049 1046 1044 1040 1037 1033 1031 1027 1025 1023 1020 1017 1014 1013 1012 1011 1009 1008 1006 1005 1003 1002 1003 1001 1000 998 996 995 993
1146 1144 1143 1140 1137 1134 1132 1130 1127 1125 1122 1120 1117 1114 1112 1110 1108 1036 1033 1030 1027 1025 1021 1020 1018 1013 1011 1008 1006 1003 1000 998 995 992 990 986 983 980 978 1108 1105 1103 1100 1097 1095 1090 1088 1086 1083 1080 1078 1074 1071 1069 1065 1063 1059 1057 1055 1051 1048 1046 1042 1039 1036 1033 1029 1026 1025 1021 1019 1016 1015 1014 1013 1011 1010 1009 1007 1006 1006 1005 1003 1002 1000 999 997 996
1147 1146 1145 1141 1139 1137 1134 1132 1129 1127 1125 1122 1118 1116 1114 1113 1109 1106 1104 1031 1030 1026 1024 1022 1020 1016 1013 1011 1007 1005 1003 1000 997 994 992 988 985 982 981 1110 1108 1104 1101 1098 1096 1093 1090 1088 1085 1082 1080 1076 1073 1070 1067 1065 1062 1059 1057 1053 1050 1047 1044 1041 1038 1035 1031 1029 1027 1023 1020 1018 1017 1016 1015 1013 1012 1011 1009 1009 1008 1007 1005 1004 1002 1001 999 998
1150 1147 1145 1142 1140 1138 1135 1134 1131 1129 1127 1123 1120 1118 1117 1115 1110 1108 1106 1103 1100 1098 1025 1023 1020 1017 1016 1013 1009 1008 1005 1002 999 996 994 990 988 985 982 1112 1110 1105 1103 1100 1097 1094 1092 1088 1086 1083 1081 1078 1075 1072 1069 1068 1064 1061 1058 1055 1052 1049 1046 1043 1040 1037 1034 1031 1028 1025 1022 1020 1019 1018 1017 1015 1014 1013 1012 1012 1010 1009 1007 1006 1004 1003 1001 1000
1152 1150 1147 1144 1142 1139 1137 1135 1132 1130 1127 1125 1122 1120 1118 1116 1113 1110 1108 1104 1102 1101 1097 1094 1022 1019 1017 1013 1011 1009 1005 1004 1001 998 995 992 990 986 984 1114 1111 1108 1105 1102 1099 1097 1095 1090 1088 1085 1082 1079 1076 1073 1071 1069 1066 1063 1060 1057 1054 1051 1048 1044 1042 1040 1036 1033 1030 1027 1024 1022 1022 1020 1019 1017 1016 1015 1014 1014 1012 1011 1009 1008 1006 1005 1003 1002
1153 1151 1149 1145 1143 1141 1140 1138 1133 1131 1129 1127 1124 1121 1119 1117 1114 1111 1109 1106 1105 1102 1099 1096 1094 1090 1018 1016 1013 1010 1007 1005 1003 998 996 993 992 989 986 1116 1113 1111 1108 1103 1101 1099 1096 1093 1090 1086 1084 1081 1078 1075 1073 1070 1067 1064 1061 1059 1055 1053 1050 1046 1045 1041 1038 1035 1032 1029 1025 1024 1024 1022 1021 1019 1019 1017 1016 1015 1014 1013 1011 1010 1008 1007 1005 1004
1155 1152 1150 1147 1144 1142 1140 1138 1134 1133 1131 1128 1125 1123 1121 1119 1115 1113 1111 1107 1105 1103 1100 1099 1095 1092 1090 1089 1085 1012 1009 1007 1004 1001 998 995 993 990 987 1116 1114 1112 1109 1106 1104 1100 1098 1095 1091 1088 1086 1082 1080 1078 1074 1072 1069 1065 1063 1060 1056 1054 1050 1048 1047 1043 1040 1036 1034 1031 1027 1026 1025 1024 1023 1022 1021 1019 1018 1017 1016 1014 1013 1011 1010 1009 1007 1006
