testData/tiles/oneDegree/grid24.0-1.0-25.0-2.0.asc
ncols   200
nrows   200
xllcorner   24.0
yllcorner   1.0
cellsize   0.005
NODATA_value   -9999.0
[rows 126 to 167 of 200, columns 94 to 187 of 200]
434 433 433 432 431 431 429 428 428 427 426 426 425 424 424 422 421 421 420 419 419 418 417 416 415 414 413 413 412 411 410 410 410 410 410 410 410 409 409 409 409 409 409 409 408 408 408 408 409 410 409 410 411 412 412 413 413 414 414 415 416 416 416 417 418 419 418 419 420 421 421 421 422 393 393 394 395 396 396 397 398 399 399 400 401 402 402 403 404 405 405 406 407 408
434 433 432 431 430 429 429 428 427 427 426 424 424 423 422 422 421 420 420 418 417 416 416 415 414 414 413 411 411 410 410 410 410 410 409 409 409 409 409 409 409 408 408 408 408 408 408 407 408 409 410 410 411 411 412 412 413 414 415 414 415 416 417 417 417 418 419 419 420 420 421 421 392 393 394 394 395 396 397 397 398 399 400 400 401 402 403 403 404 405 405 406 407 408
432 431 431 430 429 429 428 427 426 425 424 424 423 422 422 421 419 419 418 417 417 416 415 415 413 412 412 411 410 410 410 409 409 409 409 409 409 409 408 408 408 408 408 408 407 407 407 407 408 409 409 409 410 411 412 412 412 413 414 414 415 415 416 416 417 418 418 418 419 420 421 421 392 393 394 394 395 396 397 397 398 399 400 400 401 402 403 403 404 405 406 406 407 408
432 431 430 430 429 427 427 426 425 425 424 423 423 421 420 420 419 418 418 417 416 415 414 413 412 412 411 410 409 409 409 409 409 409 409 408 408 408 408 408 408 407 407 407 407 407 407 406 407 408 409 409 410 410 411 411 412 413 414 413 414 415 416 416 416 417 418 418 419 420 421 391 392 393 394 394 395 396 397 397 398 399 400 400 401 402 403 403 404 405 406 406 407 408
431 429 429 428 428 427 426 426 425 423 423 422 421 421 420 419 418 417 416 415 415 414 413 413 412 410 410 409 409 409 409 409 408 408 408 408 408 408 407 407 407 407 407 407 406 406 406 407 407 408 408 409 409 410 411 412 411 412 413 414 414 414 415 416 416 417 418 419 419 420 421 392 392 393 394 395 395 396 397 398 398 399 400 401 401 402 403 404 404 405 406 407 407 408
430 429 428 428 427 426 425 424 423 423 422 421 421 420 418 418 417 416 416 415 414 414 412 411 411 410 409 409 409 408 408 408 408 408 408 407 407 407 407 407 407 407 406 406 406 406 406 406 406 407 408 409 409 409 410 411 411 412 412 413 413 414 415 416 416 417 418 419 419 420 391 392 392 393 394 395 395 396 397 398 398 399 400 401 401 402 403 404 404 405 406 407 407 408
429 429 427 426 426 425 424 424 423 422 422 420 419 419 418 417 417 416 414 414 413 412 411 411 410 408 408 408 408 408 408 408 407 407 407 407 407 407 407 406 406 406 406 406 406 405 405 406 406 407 407 408 408 409 410 411 410 411 412 413 413 414 415 416 416 417 418 419 419 420 391 392 392 393 394 395 395 396 397 398 398 399 400 401 401 402 403 404 404 405 406 407 407 408
428 427 426 426 425 424 424 422 421 421 420 419 419 418 417 416 415 414 414 413 412 412 410 409 409 408 408 408 408 407 407 407 407 407 407 406 406 406 406 406 406 406 405 405 405 405 405 405 405 406 407 408 408 408 409 410 410 411 412 413 413 414 415 416 416 417 418 419 419 390 391 392 393 393 394 395 396 396 397 398 399 399 400 401 402 402 403 404 405 405 406 407 408 408
427 426 426 424 424 423 422 422 421 420 420 418 417 417 416 415 415 414 413 412 411 410 410 409 408 408 407 407 407 407 407 407 406 406 406 406 406 406 406 405 405 405 405 405 404 404 404 405 406 406 406 407 408 408 409 410 411 411 412 413 414 414 415 416 417 417 418 419 390 390 391 392 393 393 394 395 396 396 397 398 399 399 400 401 402 402 403 404 405 405 406 407 408 637
426 425 424 424 423 422 422 421 419 419 418 417 417 416 415 414 413 412 412 411 410 410 408 407 407 407 407 407 407 406 406 406 406 406 406 405 405 405 405 405 405 404 404 404 404 404 404 404 405 405 406 407 408 408 409 410 411 411 412 413 414 414 415 416 417 417 418 419 390 390 391 392 393 393 394 395 396 396 397 398 399 399 400 401 402 402 403 404 405 405 406 407 408 637
425 424 424 423 422 421 420 420 419 418 418 417 415 415 414 413 413 412 411 410 409 408 408 407 407 407 406 406 406 406 406 406 405 405 405 405 405 405 404 404 404 404 404 404 403 403 403 404 405 405 406 407 408 408 409 410 411 411 412 413 414 414 415 416 417 417 418 389 390 390 391 392 393 393 394 395 396 396 397 398 399 399 400 401 402 402 403 404 405 405 406 407 408 637
424 423 422 422 421 420 420 419 417 417 416 415 415 414 413 413 411 410 410 409 408 408 407 406 406 406 406 406 406 405 405 405 405 405 405 404 404 404 404 404 404 403 403 403 403 403 403 404 405 405 406 407 408 408 409 410 411 411 412 413 414 414 415 416 417 417 418 389 390 390 391 392 393 393 394 395 396 396 397 398 399 399 400 401 402 402 403 404 405 405 406 407 408 638
423 422 422 421 420 419 418 418 417 416 416 415 413 413 412 411 411 410 409 408 407 406 406 406 406 406 405 405 405 405 405 405 404 404 404 404 404 404 403 403 403 403 403 403 403 403 403 404 405 405 406 407 408 408 409 410 411 411 412 413 414 414 415 416 417 417 388 389 390 391 391 392 393 394 394 395 396 397 397 398 399 400 400 401 402 403 403 404 405 406 406 407 408 638
423 421 420 420 419 418 418 417 415 415 414 413 413 412 411 411 409 408 408 407 406 406 405 405 405 405 405 405 405 404 404 404 404 404 404 403 403 403 403 403 403 403 403 403 403 403 403 404 405 405 406 407 408 408 409 410 411 412 412 413 414 415 415 416 417 388 388 389 390 391 391 392 393 394 394 395 396 397 397 398 399 400 400 401 402 403 403 404 405 406 406 407 408 638
421 420 420 419 418 417 416 416 415 414 414 413 411 411 410 409 409 408 407 406 405 405 405 405 405 404 404 404 404 404 404 403 403 403 403 403 403 403 403 403 403 403 403 403 403 403 403 404 405 406 406 407 408 409 409 410 411 412 412 413 414 415 415 416 417 388 388 389 390 391 391 392 393 394 394 395 396 397 397 398 399 400 400 401 402 403 403 404 405 406 406 407 408 638
421 419 418 418 417 416 416 415 413 413 412 411 411 410 409 408 407 406 406 405 405 405 404 404 404 404 404 404 403 403 403 403 403 403 403 403 403 403 403 403 403 403 403 403 403 403 403 404 405 406 406 407 408 409 409 410 411 412 412 413 414 415 415 416 387 388 388 389 390 391 391 392 393 394 394 395 396 397 397 398 399 400 400 401 402 403 403 404 405 406 406 407 408 638
419 418 418 417 415 415 414 414 413 412 412 411 409 409 408 407 407 406 404 404 404 404 404 404 404 403 403 403 403 403 403 403 403 403 403 403 403 403 403 403 403 403 403 403 403 403 403 404 405 406 406 407 408 409 409 410 411 412 412 413 414 415 415 416 387 388 388 389 390 391 391 392 393 394 394 395 396 397 397 398 399 400 400 401 402 403 403 404 405 406 406 407 408 638
418 417 416 416 415 414 414 413 411 411 410 409 409 408 407 406 405 405 404 404 404 403 403 403 403 403 403 403 403 403 403 403 403 403 403 403 403 403 403 403 403 403 403 403 403 403 403 404 405 406 406 407 408 409 409 410 411 412 412 413 414 415 415 386 387 388 388 389 390 391 391 392 393 394 394 395 396 397 397 398 399 400 400 401 402 403 403 404 405 406 406 407 408 638
417 416 416 415 413 413 412 412 411 410 410 408 407 407 406 405 405 403 403 403 403 403 403 403 403 403 403 403 403 403 403 403 403 403 403 403 403 403 403 403 403 403 403 403 403 403 403 404 405 406 406 407 408 409 409 410 411 412 412 413 414 415 385 386 387 388 388 389 390 391 391 392 393 394 394 395 396 397 397 398 399 400 400 401 402 403 403 404 405 406 406 407 408 638
415 415 414 414 413 412 412 410 409 409 408 407 407 406 404 404 403 403 403 403 403 403 403 403 403 403 403 403 403 403 403 403 403 403 403 403 403 403 403 403 403 403 403 403 403 403 403 404 405 406 406 407 408 409 409 410 411 412 412 413 414 415 385 386 387 388 388 389 390 391 391 392 393 394 394 395 396 397 397 398 399 400 400 401 402 403 403 404 405 406 406 407 408 638
415 414 414 412 411 411 410 409 409 408 407 406 405 405 404 403 403 403 403 403 403 403 403 403 403 403 403 403 403 403 403 403 403 403 403 403 403 403 403 403 403 403 403 403 403 403 403 404 405 406 406 407 408 409 409 410 411 412 412 413 414 385 385 386 387 388 388 389 390 391 391 392 393 394 394 395 396 397 397 398 399 400 400 401 402 403 403 404 405 406 406 407 408 638
413 413 412 411 411 410 409 408 407 407 406 405 405 404 403 403 403 403 403 403 403 403 403 403 403 403 403 403 403 403 403 403 403 403 403 403 403 403 403 403 403 403 403 403 403 403 403 404 405 406 406 407 408 409 409 410 411 412 412 413 414 385 385 386 387 388 388 389 390 391 391 392 393 394 394 395 396 397 397 398 399 400 400 401 402 403 403 404 405 406 407 407 408 638
413 412 411 410 409 409 408 407 407 406 406 405 404 404 403 403 403 403 403 403 403 403 403 403 403 403 403 403 403 403 403 403 403 403 403 403 403 403 403 403 403 403 403 403 403 403 403 404 405 406 406 407 408 409 409 410 411 412 412 413 384 385 385 386 387 388 388 389 390 391 391 392 393 394 394 395 396 397 397 398 399 400 400 401 402 403 403 404 405 406 406 407 408 638
411 411 410 409 409 408 408 407 406 406 405 404 404 403 403 403 403 403 403 403 403 403 403 403 403 403 403 403 403 403 403 403 403 403 403 403 403 403 403 403 403 403 403 403 403 403 403 404 405 406 406 407 408 409 409 410 411 412 412 383 384 385 385 386 387 388 388 389 390 391 391 392 393 394 394 395 396 397 397 398 399 400 400 401 402 403 403 404 405 406 406 407 408 638
411 410 410 409 408 408 407 406 406 405 404 404 403 403 403 403 403 403 403 403 403 403 403 403 403 403 403 403 403 403 403 403 403 403 403 403 403 403 403 403 403 403 403 403 403 403 403 404 405 406 406 407 408 409 409 410 411 412 412 383 384 385 385 386 387 388 388 389 390 391 391 392 393 394 394 395 396 397 397 398 399 400 400 401 402 403 403 404 405 406 406 373 603 604
410 410 409 408 408 407 406 406 405 405 404 403 403 403 403 403 403 403 403 403 403 403 403 403 403 403 403 403 403 403 403 403 403 403 403 403 403 403 403 403 403 403 403 403 403 403 403 404 405 406 406 407 408 409 409 410 411 412 382 383 384 385 385 386 387 388 388 389 390 391 391 392 393 394 394 395 396 397 397 398 399 400 400 401 402 403 403 404 405 372 372 373 603 604
278 277 276 408 407 407 406 405 405 404 403 403 403 403 403 403 403 403 403 403 403 403 403 403 403 403 403 403 403 403 403 403 403 403 403 403 403 403 403 403 403 403 403 403 403 403 403 404 405 406 406 407 408 409 409 410 411 382 382 383 384 385 385 386 387 388 388 389 390 391 391 392 393 394 394 395 396 397 397 398 399 400 400 401 402 403 369 370 371 372 372 373 603 604
277 277 276 275 275 406 405 405 404 404 403 403 403 403 403 403 403 403 403 403 403 403 403 403 403 403 403 403 403 403 403 403 403 403 403 403 403 403 403 403 403 403 403 403 403 403 403 404 405 406 406 407 408 409 409 410 411 382 382 383 384 385 385 386 387 388 388 389 390 391 391 392 393 394 394 395 396 397 397 398 399 400 400 367 368 369 369 370 371 372 372 373 603 604
277 276 275 275 274 273 273 272 404 403 403 403 403 403 403 403 403 403 403 403 403 403 403 403 403 403 403 403 403 403 403 403 403 403 403 403 403 403 403 403 403 403 403 403 403 403 403 404 405 406 406 407 408 409 409 410 381 382 382 383 384 385 385 386 387 388 388 389 390 391 391 392 393 394 394 395 396 397 397 398 365 366 366 367 368 369 369 370 371 372 372 373 603 604
276 275 275 274 274 273 272 272 271 271 271 403 403 403 403 403 403 403 403 403 403 403 403 403 403 403 403 403 403 403 403 403 403 403 403 403 403 403 403 403 403 403 403 403 403 403 403 404 405 405 406 407 408 408 409 380 381 382 382 383 384 385 385 386 387 388 388 389 390 391 391 392 393 394 394 395 396 363 363 364 365 366 366 367 368 369 369 370 371 372 372 373 603 604
276 275 274 274 273 272 272 271 271 271 271 271 271 271 403 403 403 403 403 403 403 403 403 403 403 403 403 403 403 403 403 403 403 403 403 403 403 403 403 403 403 403 403 403 403 403 403 404 405 405 406 407 408 408 409 380 381 381 382 383 384 384 385 386 387 387 388 389 390 391 391 392 393 394 360 361 362 363 363 364 365 366 366 367 368 369 369 370 371 372 372 373 603 604
275 274 274 273 272 272 271 271 271 271 271 271 271 271 271 271 271 271 403 403 403 403 403 403 403 403 403 403 403 403 403 403 403 403 403 403 403 403 403 403 403 403 403 403 403 403 403 404 405 405 406 407 408 408 379 380 381 381 382 383 384 384 385 386 387 387 388 389 390 390 391 358 359 359 360 361 362 362 363 364 365 365 366 367 368 368 369 370 371 371 372 373 603 604
274 274 273 273 272 271 271 271 271 271 271 271 271 271 271 271 271 271 271 271 271 403 403 403 403 403 403 403 403 403 403 403 403 403 403 403 403 403 403 403 403 403 403 403 403 403 403 404 405 405 406 407 408 378 379 380 381 381 382 383 384 384 385 386 387 387 388 389 356 356 357 358 359 359 360 361 362 362 363 364 365 365 366 367 368 368 369 370 371 371 372 373 603 603
274 273 273 272 271 271 271 271 271 271 271 271 271 271 271 271 271 271 271 271 271 271 271 271 403 403 403 403 403 403 403 403 403 403 403 403 403 403 403 403 403 403 403 403 403 403 403 404 405 405 406 407 378 378 379 380 381 381 382 383 384 384 385 386 387 353 354 355 356 356 357 358 359 359 360 361 362 362 363 364 365 365 366 367 368 368 369 370 371 371 372 373 603 603
273 273 272 271 271 271 271 271 271 271 271 271 271 271 271 271 271 271 271 271 271 271 271 271 271 271 271 271 403 403 403 403 403 403 403 403 403 403 403 403 403 403 403 403 403 403 403 404 405 405 406 407 378 378 379 380 381 381 382 383 384 384 351 352 353 353 354 355 356 356 357 358 359 359 360 361 362 362 363 364 365 365 366 367 368 368 369 370 371 371 372 373 603 603
273 272 272 271 271 271 271 271 271 271 271 271 271 271 271 271 271 271 271 271 271 271 271 271 271 271 271 271 271 271 271 271 403 403 403 403 403 403 403 403 403 403 403 403 403 403 403 404 404 405 406 377 377 378 379 380 380 381 382 349 349 350 351 352 352 353 354 355 355 356 357 358 359 359 360 361 362 362 363 364 365 365 366 367 368 368 369 370 371 371 372 373 603 603
272 272 271 271 271 271 271 271 271 271 271 271 271 271 271 271 271 271 271 271 271 271 271 271 271 271 271 271 271 271 271 271 271 271 271 271 403 403 403 403 403 403 403 403 403 403 403 404 404 405 376 377 377 378 379 346 346 347 348 349 349 350 351 352 352 353 354 355 355 356 357 358 358 359 360 361 361 362 363 364 364 365 366 367 367 368 369 370 370 371 372 373 602 603
272 271 271 271 271 271 271 271 271 271 271 271 271 271 271 271 271 271 271 271 271 271 271 271 271 271 271 271 271 271 271 271 271 271 271 271 271 271 271 271 403 403 403 403 403 403 403 404 404 375 376 377 343 344 345 346 346 347 348 349 349 350 351 352 352 353 354 355 355 356 357 358 358 359 360 361 361 362 363 364 364 365 366 367 367 368 369 370 370 371 372 373 602 603
271 271 271 271 271 271 271 271 271 271 271 271 271 271 271 271 271 271 271 271 271 271 271 271 271 271 271 271 271 271 271 271 271 271 271 271 271 271 271 271 271 271 271 271 271 403 403 404 370 341 342 343 343 344 345 346 346 347 348 349 349 350 351 352 352 353 354 355 355 356 357 358 358 359 360 361 361 362 363 364 364 365 366 367 367 368 369 370 370 371 372 373 602 603
271 271 271 271 271 271 271 271 271 271 271 271 271 271 271 271 271 271 271 271 271 271 271 271 271 271 271 271 271 271 271 271 271 271 271 271 271 271 271 271 271 271 271 271 271 237 237 237 208 209 342 342 343 344 345 345 346 347 348 348 349 350 351 351 352 353 354 354 355 356 357 357 358 359 360 360 361 362 363 363 364 365 366 366 367 368 369 369 370 371 372 372 602 603
271 271 271 271 271 271 271 271 271 271 271 271 271 271 271 271 271 271 271 271 271 271 271 271 271 271 271 271 271 271 271 271 271 271 271 271 271 271 271 271 271 237 237 237 237 237 237 207 208 209 210 210 211 212 213 213 346 347 348 348 349 350 351 351 352 353 354 354 355 356 357 357 358 359 360 360 361 362 363 363 364 365 366 366 367 368 369 369 370 371 372 372 602 603
271 271 271 271 271 271 271 271 271 271 271 271 271 271 271 271 271 271 271 271 271 271 271 271 271 271 271 271 271 271 271 271 271 271 271 271 271 237 237 237 237 237 237 237 237 237 207 207 208 209 210 210 211 212 213 213 214 215 216 216 217 218 351 351 352 353 354 354 355 356 357 357 358 359 360 360 361 362 363 363 364 365 366 366 367 368 369 369 370 371 371 372 602 603
