testData/tiles/oneDegree/grid34.0-0.0-35.0-1.0.asc
ncols   200
nrows   200
xllcorner   34.0
yllcorner   0.0
cellsize   0.005
NODATA_value   -9999.0
[rows 42 to 83 of 200, columns 94 to 187 of 200]
443 443 443 443 443 443 443 443 444 444 444 444 444 444 444 444 444 444 444 444 445 445 445 421 421 421 421 421 421 421 421 421 421 421 421 422 422 422 422 422 422 422 422 422 436 436 436 436 436 436 436 436 436 436 436 436 436 436 436 436 436 436 436 437 437 437 437 437 437 437 437 437 437 437 437 437 437 437 437 437 437 437 436 436 436 436 436 436 436 436 436 436 436 436
443 443 443 443 443 444 444 444 444 444 444 444 444 444 444 444 445 445 445 445 445 445 421 421 421 421 421 421 421 421 422 422 422 422 422 422 422 422 422 422 422 422 422 436 436 436 436 436 436 436 437 437 437 437 437 437 437 437 437 437 437 437 437 437 437 437 437 437 437 437 437 437 437 437 437 437 437 437 437 437 437 437 437 437 437 437 437 437 437 437 437 437 437 437
443 443 444 444 444 444 444 444 444 444 444 444 444 445 445 445 445 445 445 445 445 421 421 421 421 422 422 422 422 422 422 422 422 422 422 422 422 422 422 422 422 422 436 437 437 437 437 437 437 437 437 437 437 437 437 437 437 437 437 437 437 437 437 437 437 437 437 437 437 437 437 437 437 437 437 437 437 437 437 437 437 437 437 437 437 437 437 437 437 437 437 437 437 437
444 444 444 444 444 444 444 444 444 444 445 445 445 445 445 445 445 445 445 445 421 422 422 422 422 422 422 422 422 422 422 422 422 422 422 422 422 423 423 423 437 437 437 437 437 437 437 437 437 437 437 437 437 437 437 437 437 437 437 437 437 437 437 437 437 437 437 437 437 437 437 437 437 437 437 437 437 437 437 437 437 437 437 437 437 437 437 437 437 437 437 437 437 437
444 444 444 444 444 444 445 445 445 445 445 445 445 445 445 445 445 445 446 422 422 422 422 422 422 422 422 422 422 422 422 422 423 423 423 423 423 423 423 437 437 437 437 437 437 437 437 437 437 437 437 437 437 437 437 438 438 438 438 438 438 438 438 438 438 438 438 438 438 438 438 438 438 438 438 438 438 438 438 438 438 438 438 438 438 438 438 438 438 438 437 437 437 437
444 444 444 444 445 445 445 445 445 445 445 445 445 445 446 446 446 446 422 422 422 422 422 422 422 422 422 423 423 423 423 423 423 423 423 423 423 423 437 437 437 437 437 437 437 437 438 438 438 438 438 438 438 438 438 438 438 438 438 438 438 438 438 438 438 438 438 438 438 438 438 438 438 438 438 438 438 438 438 438 438 438 438 438 438 438 438 438 438 438 438 438 438 438
444 445 445 445 445 445 445 445 445 445 445 446 446 446 446 446 446 422 422 422 422 422 422 423 423 423 423 423 423 423 423 423 423 423 423 423 437 437 437 438 438 438 438 438 438 438 438 438 438 438 438 438 438 438 438 438 438 438 438 438 438 438 438 438 438 438 438 438 438 438 438 438 438 438 438 438 438 438 438 438 438 438 438 438 438 438 438 438 438 438 438 438 438 438
445 445 445 445 445 445 445 445 446 446 446 446 446 446 446 446 446 422 422 423 423 423 423 423 423 423 423 423 423 423 423 423 423 423 424 438 438 438 438 438 438 438 438 438 438 438 438 438 438 438 438 438 438 438 438 438 438 438 438 438 438 438 439 439 439 439 439 439 439 439 439 439 439 439 439 439 439 439 439 439 439 439 439 438 438 438 438 438 438 438 438 438 438 438
445 445 445 445 445 446 446 446 446 446 446 446 446 446 446 446 423 423 423 423 423 423 423 423 423 423 423 423 423 424 424 424 424 424 438 438 438 438 438 438 438 438 438 438 438 438 438 438 438 438 439 439 439 439 439 439 439 439 439 439 439 439 439 439 439 439 439 439 439 439 439 439 439 439 439 439 439 439 439 439 439 439 439 439 439 439 439 439 439 439 439 439 439 439
445 445 446 446 446 446 446 446 446 446 446 446 446 447 447 423 423 423 423 423 423 423 423 423 423 424 424 424 424 424 424 424 424 438 438 438 438 438 438 438 438 438 438 439 439 439 439 439 439 439 439 439 439 439 439 439 439 439 439 439 439 439 439 439 439 439 439 439 439 439 439 439 439 439 439 439 439 439 439 439 439 439 439 439 439 439 439 439 440 440 440 440 440 440
446 446 446 446 446 446 446 446 446 446 447 447 447 447 423 423 423 423 423 423 423 423 424 424 424 424 424 424 424 424 424 424 438 438 438 438 438 439 439 439 439 439 439 439 439 439 439 439 439 439 439 439 439 439 439 439 439 439 439 439 439 439 439 439 439 439 439 439 439 439 439 439 439 439 439 439 439 439 439 439 439 439 439 439 440 440 440 440 440 440 440 440 441 441
446 446 446 446 446 446 446 447 447 447 447 447 447 423 423 423 423 423 424 424 424 424 424 424 424 424 424 424 424 424 424 438 439 439 439 439 439 439 439 439 439 439 439 439 439 439 439 439 439 439 439 439 439 439 439 439 439 440 440 440 440 440 440 440 440 440 440 440 440 440 440 440 440 440 440 440 440 440 440 440 440 441 441 441 441 441 441 442 441 441 441 441 441 441
446 446 446 446 447 447 447 447 447 447 447 447 423 423 423 424 424 424 424 424 424 424 424 424 424 424 424 424 425 425 439 439 439 439 439 439 439 439 439 439 439 439 439 439 439 439 439 439 440 440 440 440 440 440 440 440 440 440 440 440 440 440 440 440 440 440 440 440 440 440 440 440 440 440 440 440 440 440 441 441 441 441 441 442 442 442 442 442 442 442 442 443 443 443
446 446 447 447 447 447 447 447 447 447 447 423 424 424 424 424 424 424 424 424 424 424 424 424 425 425 425 425 425 439 439 439 439 439 439 439 439 439 439 439 439 440 440 440 440 440 440 440 440 440 440 440 440 440 440 440 440 440 440 440 440 440 440 440 440 440 440 440 440 440 440 440 440 440 440 441 441 441 441 441 442 442 442 442 442 442 443 443 443 443 443 443 443 443
447 447 447 447 447 447 447 447 447 448 424 424 424 424 424 424 424 424 424 424 424 425 425 425 425 425 425 425 439 439 439 439 439 439 439 439 440 440 440 440 440 440 440 440 440 440 440 440 440 440 440 440 440 440 440 440 440 440 440 440 440 440 440 440 440 440 440 440 440 440 440 440 440 441 441 441 441 442 442 442 442 442 442 443 443 443 443 443 443 443 444 444 444 444
447 447 447 447 447 447 448 448 448 424 424 424 424 424 424 424 424 425 425 425 425 425 425 425 425 425 425 439 439 439 439 439 440 440 440 440 440 440 440 440 440 440 440 440 440 440 440 440 440 440 440 440 440 440 440 441 441 441 441 441 441 441 441 441 441 441 441 441 441 441 441 442 442 442 442 443 443 443 443 443 444 444 444 444 444 444 445 445 445 445 444 444 444 444
447 447 447 447 448 448 448 448 424 424 424 424 424 424 425 425 425 425 425 425 425 425 425 425 425 425 439 440 440 440 440 440 440 440 440 440 440 440 440 440 440 440 440 440 440 440 440 441 441 441 441 441 441 441 441 441 441 441 441 441 441 441 441 441 441 441 441 441 442 442 442 442 442 443 443 443 443 444 444 444 444 444 445 445 445 445 445 445 445 446 446 446 446 446
447 448 448 448 448 448 448 424 424 424 424 425 425 425 425 425 425 425 425 425 425 425 425 425 426 440 440 440 440 440 440 440 440 440 440 440 440 440 440 440 440 441 441 441 441 441 441 441 441 441 441 441 441 441 441 441 441 441 441 441 441 441 441 441 441 441 441 442 442 442 443 443 443 443 443 444 444 444 444 445 445 445 445 445 445 446 446 446 446 446 446 446 447 447
448 448 448 448 448 448 424 424 424 425 425 425 425 425 425 425 425 425 425 425 426 426 426 426 440 440 440 440 440 440 440 440 440 440 440 440 441 441 441 441 441 441 441 441 441 441 441 441 441 441 441 441 441 441 441 441 441 441 441 441 441 441 441 441 441 442 442 442 443 443 443 443 444 444 444 444 444 445 445 445 445 445 446 446 446 446 446 446 447 447 447 447 447 447
448 448 448 448 448 424 425 425 425 425 425 425 425 425 425 425 425 426 426 426 426 426 426 440 440 440 440 440 440 440 440 441 441 441 441 441 441 441 441 441 441 441 441 441 441 441 441 441 441 441 441 441 441 441 441 442 442 442 442 442 442 442 442 443 443 443 444 444 444 444 445 445 445 445 446 446 446 446 446 447 447 447 447 447 448 448 448 448 448 448 447 448 448 448
448 448 448 448 425 425 425 425 425 425 425 425 425 425 426 426 426 426 426 426 426 426 440 440 440 440 440 441 441 441 441 441 441 441 441 441 441 441 441 441 441 441 441 441 441 441 441 442 442 442 442 442 442 442 442 442 442 442 442 442 442 443 443 443 443 444 444 444 445 445 445 445 446 446 446 446 447 447 447 447 447 448 448 448 448 448 448 449 449 449 449 449 449 449
448 449 449 425 425 425 425 425 425 425 425 426 426 426 426 426 426 426 426 426 426 440 440 440 441 441 441 441 441 441 441 441 441 441 441 441 441 441 441 441 441 442 442 442 442 442 442 442 442 442 442 442 442 442 442 442 442 442 442 442 443 443 443 444 444 444 445 445 445 445 446 446 446 446 447 447 447 447 447 448 448 448 448 448 449 449 449 449 449 449 450 450 450 450
449 449 425 425 425 425 425 425 425 426 426 426 426 426 426 426 426 426 426 426 440 441 441 441 441 441 441 441 441 441 441 441 441 441 441 441 442 442 442 442 442 442 442 442 442 442 442 442 442 442 442 442 442 442 442 442 442 442 443 443 443 444 444 444 444 445 445 445 446 446 446 446 447 447 447 447 448 448 448 448 448 449 449 449 449 449 450 450 450 450 450 450 450 450
449 425 425 425 425 425 426 426 426 426 426 426 426 426 426 426 426 426 427 427 441 441 441 441 441 441 441 441 441 441 441 441 442 442 442 442 442 442 442 442 442 442 442 442 442 442 442 442 442 442 442 442 442 442 442 442 443 444 444 444 445 445 445 446 446 446 447 447 447 447 448 448 448 448 449 449 449 449 450 450 450 450 450 451 451 451 451 451 451 451 451 451 451 451
425 425 425 425 426 426 426 426 426 426 426 426 426 426 426 427 427 427 427 441 441 441 441 441 441 441 441 441 442 442 442 442 442 442 442 442 442 442 442 442 442 442 442 442 442 442 442 442 443 443 443 443 443 443 443 443 444 444 445 445 445 445 446 446 446 447 447 447 448 448 448 448 449 449 449 449 450 450 450 450 451 451 451 451 451 451 452 452 452 452 452 452 452 453
425 425 426 426 426 426 426 426 426 426 426 426 427 427 427 427 427 427 441 441 441 441 441 441 441 442 442 442 442 442 442 442 442 442 442 442 442 442 442 442 442 442 443 443 443 443 443 443 443 443 443 443 443 443 444 444 444 445 445 445 446 446 446 447 447 447 448 448 448 448 449 449 449 449 450 450 450 450 451 451 451 451 451 452 452 452 452 452 452 453 453 453 453 453
426 426 426 426 426 426 426 426 426 427 427 427 427 427 427 427 427 441 441 441 441 441 442 442 442 442 442 442 442 442 442 442 442 442 442 442 442 442 443 443 443 443 443 443 443 443 443 443 443 443 443 443 443 444 444 444 445 445 445 446 446 446 447 447 447 448 448 448 449 449 449 449 450 450 450 450 451 451 451 451 452 452 452 452 452 453 453 453 453 453 453 453 454 454
426 426 426 426 426 426 426 427 427 427 427 427 427 427 427 427 427 441 441 442 442 442 442 442 442 442 442 442 442 442 442 442 442 443 443 443 443 443 443 443 443 443 443 443 443 443 443 443 443 443 443 443 444 444 445 445 445 446 446 446 448 448 448 449 449 449 449 450 450 450 451 451 451 451 452 452 452 452 453 453 453 453 454 454 454 453 453 453 454 454 454 454 454 454
426 426 426 426 426 427 427 427 427 427 427 427 427 427 427 427 442 442 442 442 442 442 442 442 442 442 442 442 442 442 443 443 443 443 443 443 443 443 443 443 443 443 443 443 443 443 443 443 443 443 443 445 445 446 446 446 447 447 447 448 448 448 449 449 449 450 450 450 451 451 451 451 452 452 452 452 453 453 453 453 454 454 454 454 454 455 455 455 455 455 455 456 456 456
426 426 426 427 427 427 427 427 427 427 427 427 427 428 428 442 442 442 442 442 442 442 442 442 442 442 443 443 443 443 443 443 443 443 443 443 443 443 443 443 443 443 443 443 443 444 444 444 444 445 445 445 446 446 446 447 447 447 448 448 449 449 449 450 450 450 450 451 451 451 452 452 452 452 453 453 453 454 454 454 454 454 455 455 455 455 455 456 456 456 456 456 456 456
427 427 427 427 427 427 427 427 427 427 427 428 428 428 442 442 442 442 442 442 442 442 442 443 443 443 443 443 443 443 443 443 443 443 443 443 443 443 443 443 444 444 444 444 444 444 444 444 445 445 445 446 446 446 447 447 448 448 448 449 449 449 450 450 450 451 451 451 452 452 452 452 453 453 453 454 454 454 454 455 455 455 455 455 456 456 456 456 456 456 457 457 457 457
427 427 427 427 427 427 427 427 428 428 428 428 428 428 442 442 442 442 442 442 443 443 443 443 443 443 443 443 443 443 443 443 443 443 443 443 444 444 444 444 444 444 444 444 444 444 444 445 445 445 446 446 447 447 447 448 448 448 449 449 449 450 450 450 451 451 451 452 452 452 453 453 453 454 454 454 454 455 455 455 455 455 456 456 456 456 456 457 457 457 457 457 457 458
427 427 427 427 427 427 428 428 428 428 428 428 428 442 442 442 442 443 443 443 443 443 443 443 443 443 443 443 443 443 443 443 444 444 444 444 444 444 444 444 444 444 444 444 444 444 445 445 445 446 446 447 447 447 448 448 449 450 450 451 451 451 452 452 452 453 453 453 454 454 454 454 455 455 455 456 456 456 456 457 457 457 457 457 458 458 458 458 458 458 458 458 458 458
427 427 427 427 428 428 428 428 428 428 428 428 442 442 442 443 443 443 443 443 443 443 443 443 443 443 443 443 444 444 444 444 444 444 444 444 444 444 444 444 444 444 444 444 444 445 445 445 446 447 448 448 448 449 449 450 450 450 451 451 451 452 452 452 453 453 453 454 454 454 455 455 455 456 456 456 456 457 457 457 457 458 458 458 458 458 459 459 459 459 459 459 460 460
427 427 428 428 428 428 428 428 428 428 428 428 443 443 443 443 443 443 443 443 443 443 443 443 443 444 444 444 444 444 444 444 444 444 444 444 444 444 444 444 444 444 444 445 446 446 446 447 447 448 448 448 449 449 450 450 450 451 451 451 452 452 453 453 453 454 454 454 455 455 455 455 456 456 456 457 457 457 457 458 458 458 458 459 459 459 459 459 459 460 460 460 460 460
428 428 428 428 428 428 428 428 428 428 429 443 443 443 443 443 443 443 443 443 443 443 444 444 444 444 444 444 444 444 444 444 444 444 444 444 444 444 444 445 445 445 445 446 446 446 447 447 448 448 448 449 449 450 450 450 451 451 452 452 452 453 453 453 454 454 454 455 455 455 456 456 456 457 457 457 457 458 458 458 458 459 459 459 459 459 460 460 460 460 460 461 461 461
428 428 428 428 428 428 428 428 429 429 429 443 443 443 443 443 443 443 443 443 444 444 444 444 444 444 444 444 444 444 444 444 444 444 444 445 445 445 445 445 445 445 445 446 446 447 447 448 448 448 449 449 450 450 450 451 451 452 452 452 453 453 453 454 454 454 455 455 456 457 457 457 458 458 458 459 459 458 458 459 459 459 459 460 460 460 460 460 461 461 461 461 461 461
428 428 428 428 428 428 429 429 429 429 443 443 443 443 443 443 443 444 444 444 444 444 444 444 444 444 444 444 444 444 444 445 445 445 445 445 445 445 445 445 445 445 446 446 447 447 448 448 448 449 449 450 450 450 451 452 453 453 453 454 454 455 455 455 456 456 456 457 457 457 458 458 458 459 459 459 459 460 460 460 460 461 461 461 461 462 462 462 462 462 461 462 462 462
428 428 428 428 429 429 429 429 429 429 443 443 443 443 443 444 444 444 444 444 444 444 444 444 444 444 444 444 445 445 445 445 445 445 445 445 445 445 445 445 445 446 446 447 447 448 448 448 449 450 451 451 451 452 452 453 453 453 454 454 455 455 455 456 456 456 457 457 457 458 458 458 459 459 459 460 460 460 460 461 461 461 461 462 462 462 462 462 463 463 463 463 463 463
428 428 429 429 429 429 429 429 429 443 443 443 444 444 444 444 444 444 444 444 444 444 444 444 444 445 445 445 445 445 445 445 445 445 445 445 445 445 445 445 446 446 447 448 448 449 449 450 450 451 451 451 452 452 453 453 453 454 454 455 455 455 456 456 457 457 457 458 458 458 459 459 459 460 460 460 460 461 461 461 461 462 462 462 462 463 463 463 463 463 464 464 464 464
429 429 429 429 429 429 429 429 443 443 444 444 444 444 444 444 444 444 444 444 444 444 445 445 445 445 445 445 445 445 445 445 445 445 445 445 445 445 445 447 447 448 448 448 449 449 450 450 451 451 451 452 452 453 453 454 454 454 455 455 455 456 456 457 457 457 458 458 458 459 459 459 460 460 460 461 461 461 461 462 462 462 462 463 463 463 463 464 464 464 464 464 464 465
429 429 429 429 429 429 429 429 444 444 444 444 444 444 444 444 444 444 444 444 445 445 445 445 445 445 445 445 445 445 445 445 445 445 445 446 446 446 446 447 447 448 448 449 449 450 450 451 451 451 452 452 453 453 454 454 454 455 455 456 456 456 457 457 457 458 458 458 459 459 460 460 460 460 461 461 461 462 462 462 462 463 463 463 463 464 464 464 464 465 465 465 465 465
