testData/tiles/oneDegree/grid3.0-15.0-4.0-16.0.asc
ncols   200
nrows   200
xllcorner   3.0
yllcorner   15.0
cellsize   0.005
NODATA_value   -9999.0
[rows 102 to 118 of 200, columns 37 to 73 of 200]
1.010000000000000000e+03 1.009000000000000000e+03 1.008000000000000000e+03 1.008000000000000000e+03 1.007000000000000000e+03 1.007000000000000000e+03 1.006000000000000000e+03 1.006000000000000000e+03 1.005000000000000000e+03 1.005000000000000000e+03 1.005000000000000000e+03 1.003000000000000000e+03 1.003000000000000000e+03 1.003000000000000000e+03 1.002000000000000000e+03 1.001000000000000000e+03 1.001000000000000000e+03 1.001000000000000000e+03 1.000000000000000000e+03 1.000000000000000000e+03 1.000000000000000000e+03 1.000000000000000000e+03 9.970000000000000000e+02 9.970000000000000000e+02 9.970000000000000000e+02 9.960000000000000000e+02 9.960000000000000000e+02 9.960000000000000000e+02 9.960000000000000000e+02 9.950000000000000000e+02 9.950000000000000000e+02 9.950000000000000000e+02 9.950000000000000000e+02 9.950000000000000000e+02 9.950000000000000000e+02 9.950000000000000000e+02 9.940000000000000000e+02
1.009000000000000000e+03 1.008000000000000000e+03 1.008000000000000000e+03 1.008000000000000000e+03 1.007000000000000000e+03 1.006000000000000000e+03 1.006000000000000000e+03 1.006000000000000000e+03 1.005000000000000000e+03 1.005000000000000000e+03 1.004000000000000000e+03 1.003000000000000000e+03 1.003000000000000000e+03 1.002000000000000000e+03 1.002000000000000000e+03 1.001000000000000000e+03 1.001000000000000000e+03 1.001000000000000000e+03 1.000000000000000000e+03 1.000000000000000000e+03 1.000000000000000000e+03 9.990000000000000000e+02 9.970000000000000000e+02 9.970000000000000000e+02 9.970000000000000000e+02 9.960000000000000000e+02 9.960000000000000000e+02 9.960000000000000000e+02 9.950000000000000000e+02 9.950000000000000000e+02 9.950000000000000000e+02 9.950000000000000000e+02 9.950000000000000000e+02 9.950000000000000000e+02 9.950000000000000000e+02 7.800000000000000000e+02 7.800000000000000000e+02
1.009000000000000000e+03 1.008000000000000000e+03 1.008000000000000000e+03 1.008000000000000000e+03 1.006000000000000000e+03 1.006000000000000000e+03 1.006000000000000000e+03 1.006000000000000000e+03 1.005000000000000000e+03 1.005000000000000000e+03 1.004000000000000000e+03 1.003000000000000000e+03 1.003000000000000000e+03 1.002000000000000000e+03 1.002000000000000000e+03 1.001000000000000000e+03 1.001000000000000000e+03 1.001000000000000000e+03 1.000000000000000000e+03 1.000000000000000000e+03 9.990000000000000000e+02 9.980000000000000000e+02 9.970000000000000000e+02 9.970000000000000000e+02 9.970000000000000000e+02 9.960000000000000000e+02 9.960000000000000000e+02 9.960000000000000000e+02 9.950000000000000000e+02 9.950000000000000000e+02 9.950000000000000000e+02 9.950000000000000000e+02 7.810000000000000000e+02 7.810000000000000000e+02 7.800000000000000000e+02 7.800000000000000000e+02 7.800000000000000000e+02
1.008000000000000000e+03 1.008000000000000000e+03 1.008000000000000000e+03 1.008000000000000000e+03 1.006000000000000000e+03 1.006000000000000000e+03 1.006000000000000000e+03 1.005000000000000000e+03 1.005000000000000000e+03 1.004000000000000000e+03 1.004000000000000000e+03 1.003000000000000000e+03 1.002000000000000000e+03 1.002000000000000000e+03 1.001000000000000000e+03 1.001000000000000000e+03 1.001000000000000000e+03 1.001000000000000000e+03 1.000000000000000000e+03 1.000000000000000000e+03 9.990000000000000000e+02 9.970000000000000000e+02 9.970000000000000000e+02 9.970000000000000000e+02 9.970000000000000000e+02 9.960000000000000000e+02 9.960000000000000000e+02 9.950000000000000000e+02 9.950000000000000000e+02 7.810000000000000000e+02 7.810000000000000000e+02 7.810000000000000000e+02 7.810000000000000000e+02 7.810000000000000000e+02 7.800000000000000000e+02 7.800000000000000000e+02 7.800000000000000000e+02
1.008000000000000000e+03 1.008000000000000000e+03 1.008000000000000000e+03 1.007000000000000000e+03 1.006000000000000000e+03 1.006000000000000000e+03 1.006000000000000000e+03 1.005000000000000000e+03 1.005000000000000000e+03 1.004000000000000000e+03 1.004000000000000000e+03 1.002000000000000000e+03 1.002000000000000000e+03 1.002000000000000000e+03 1.001000000000000000e+03 1.001000000000000000e+03 1.001000000000000000e+03 1.001000000000000000e+03 1.000000000000000000e+03 9.990000000000000000e+02 9.980000000000000000e+02 9.970000000000000000e+02 9.970000000000000000e+02 9.970000000000000000e+02 9.970000000000000000e+02 9.960000000000000000e+02 7.810000000000000000e+02 7.810000000000000000e+02 7.810000000000000000e+02 7.810000000000000000e+02 7.810000000000000000e+02 7.810000000000000000e+02 7.810000000000000000e+02 7.800000000000000000e+02 7.800000000000000000e+02 7.800000000000000000e+02 7.800000000000000000e+02
1.008000000000000000e+03 1.008000000000000000e+03 1.007000000000000000e+03 1.007000000000000000e+03 1.006000000000000000e+03 1.006000000000000000e+03 1.006000000000000000e+03 1.005000000000000000e+03 1.004000000000000000e+03 1.004000000000000000e+03 1.003000000000000000e+03 1.002000000000000000e+03 1.002000000000000000e+03 1.002000000000000000e+03 1.001000000000000000e+03 1.001000000000000000e+03 1.001000000000000000e+03 1.001000000000000000e+03 9.990000000000000000e+02 9.990000000000000000e+02 9.980000000000000000e+02 9.970000000000000000e+02 9.970000000000000000e+02 7.830000000000000000e+02 7.830000000000000000e+02 7.820000000000000000e+02 7.810000000000000000e+02 7.810000000000000000e+02 7.810000000000000000e+02 7.810000000000000000e+02 7.810000000000000000e+02 7.810000000000000000e+02 7.810000000000000000e+02 7.800000000000000000e+02 7.800000000000000000e+02 7.800000000000000000e+02 7.800000000000000000e+02
1.008000000000000000e+03 1.007000000000000000e+03 1.007000000000000000e+03 1.006000000000000000e+03 1.006000000000000000e+03 1.006000000000000000e+03 1.006000000000000000e+03 1.005000000000000000e+03 1.004000000000000000e+03 1.004000000000000000e+03 1.002000000000000000e+03 1.002000000000000000e+03 1.002000000000000000e+03 1.002000000000000000e+03 1.001000000000000000e+03 1.001000000000000000e+03 1.001000000000000000e+03 1.000000000000000000e+03 9.990000000000000000e+02 7.840000000000000000e+02 7.840000000000000000e+02 7.830000000000000000e+02 7.830000000000000000e+02 7.830000000000000000e+02 7.820000000000000000e+02 7.810000000000000000e+02 7.810000000000000000e+02 7.810000000000000000e+02 7.810000000000000000e+02 7.810000000000000000e+02 7.810000000000000000e+02 7.810000000000000000e+02 7.800000000000000000e+02 7.800000000000000000e+02 7.800000000000000000e+02 7.800000000000000000e+02 7.800000000000000000e+02
1.007000000000000000e+03 1.007000000000000000e+03 1.007000000000000000e+03 1.006000000000000000e+03 1.006000000000000000e+03 1.006000000000000000e+03 1.006000000000000000e+03 1.004000000000000000e+03 1.004000000000000000e+03 1.003000000000000000e+03 1.002000000000000000e+03 1.002000000000000000e+03 1.002000000000000000e+03 1.002000000000000000e+03 1.001000000000000000e+03 1.001000000000000000e+03 7.870000000000000000e+02 7.850000000000000000e+02 7.850000000000000000e+02 7.840000000000000000e+02 7.840000000000000000e+02 7.830000000000000000e+02 7.830000000000000000e+02 7.830000000000000000e+02 7.810000000000000000e+02 7.810000000000000000e+02 7.810000000000000000e+02 7.810000000000000000e+02 7.810000000000000000e+02 7.810000000000000000e+02 7.810000000000000000e+02 7.800000000000000000e+02 7.800000000000000000e+02 7.800000000000000000e+02 7.800000000000000000e+02 7.800000000000000000e+02 7.800000000000000000e+02
1.007000000000000000e+03 1.007000000000000000e+03 1.007000000000000000e+03 1.006000000000000000e+03 1.006000000000000000e+03 1.006000000000000000e+03 1.004000000000000000e+03 1.004000000000000000e+03 1.003000000000000000e+03 1.003000000000000000e+03 1.002000000000000000e+03 1.002000000000000000e+03 1.002000000000000000e+03 7.870000000000000000e+02 7.870000000000000000e+02 7.870000000000000000e+02 7.860000000000000000e+02 7.850000000000000000e+02 7.840000000000000000e+02 7.840000000000000000e+02 7.830000000000000000e+02 7.830000000000000000e+02 7.830000000000000000e+02 7.830000000000000000e+02 7.810000000000000000e+02 7.810000000000000000e+02 7.810000000000000000e+02 7.810000000000000000e+02 7.810000000000000000e+02 7.810000000000000000e+02 7.810000000000000000e+02 7.800000000000000000e+02 7.800000000000000000e+02 7.800000000000000000e+02 7.800000000000000000e+02 7.800000000000000000e+02 7.800000000000000000e+02
1.007000000000000000e+03 1.007000000000000000e+03 1.007000000000000000e+03 1.006000000000000000e+03 1.006000000000000000e+03 1.006000000000000000e+03 1.004000000000000000e+03 1.003000000000000000e+03 1.003000000000000000e+03 7.890000000000000000e+02 7.880000000000000000e+02 7.880000000000000000e+02 7.880000000000000000e+02 7.870000000000000000e+02 7.870000000000000000e+02 7.860000000000000000e+02 7.860000000000000000e+02 7.850000000000000000e+02 7.840000000000000000e+02 7.840000000000000000e+02 7.830000000000000000e+02 7.830000000000000000e+02 7.830000000000000000e+02 7.820000000000000000e+02 7.810000000000000000e+02 7.810000000000000000e+02 7.810000000000000000e+02 7.810000000000000000e+02 7.810000000000000000e+02 7.810000000000000000e+02 7.800000000000000000e+02 7.800000000000000000e+02 7.800000000000000000e+02 7.800000000000000000e+02 7.800000000000000000e+02 7.800000000000000000e+02 7.800000000000000000e+02
8.900000000000000000e+02 1.007000000000000000e+03 1.007000000000000000e+03 1.006000000000000000e+03 1.006000000000000000e+03 1.005000000000000000e+03 7.890000000000000000e+02 7.890000000000000000e+02 7.890000000000000000e+02 7.890000000000000000e+02 7.880000000000000000e+02 7.880000000000000000e+02 7.880000000000000000e+02 7.870000000000000000e+02 7.870000000000000000e+02 7.860000000000000000e+02 7.860000000000000000e+02 7.840000000000000000e+02 7.840000000000000000e+02 7.840000000000000000e+02 7.830000000000000000e+02 7.830000000000000000e+02 7.820000000000000000e+02 7.820000000000000000e+02 7.810000000000000000e+02 7.810000000000000000e+02 7.810000000000000000e+02 7.810000000000000000e+02 7.810000000000000000e+02 7.800000000000000000e+02 7.800000000000000000e+02 7.800000000000000000e+02 7.800000000000000000e+02 7.800000000000000000e+02 7.800000000000000000e+02 7.800000000000000000e+02 7.790000000000000000e+02
8.900000000000000000e+02 8.900000000000000000e+02 7.920000000000000000e+02 7.920000000000000000e+02 7.920000000000000000e+02 7.910000000000000000e+02 7.890000000000000000e+02 7.890000000000000000e+02 7.890000000000000000e+02 7.880000000000000000e+02 7.880000000000000000e+02 7.880000000000000000e+02 7.880000000000000000e+02 7.870000000000000000e+02 7.860000000000000000e+02 7.860000000000000000e+02 7.850000000000000000e+02 7.840000000000000000e+02 7.840000000000000000e+02 7.840000000000000000e+02 7.830000000000000000e+02 7.820000000000000000e+02 7.820000000000000000e+02 7.810000000000000000e+02 7.810000000000000000e+02 7.810000000000000000e+02 7.810000000000000000e+02 7.810000000000000000e+02 7.810000000000000000e+02 7.800000000000000000e+02 7.800000000000000000e+02 7.800000000000000000e+02 7.800000000000000000e+02 7.800000000000000000e+02 7.800000000000000000e+02 7.790000000000000000e+02 7.790000000000000000e+02
6.760000000000000000e+02 6.760000000000000000e+02 6.750000000000000000e+02 6.750000000000000000e+02 7.910000000000000000e+02 7.900000000000000000e+02 7.890000000000000000e+02 7.890000000000000000e+02 7.890000000000000000e+02 7.880000000000000000e+02 7.880000000000000000e+02 7.880000000000000000e+02 7.880000000000000000e+02 7.860000000000000000e+02 7.860000000000000000e+02 7.860000000000000000e+02 7.840000000000000000e+02 7.840000000000000000e+02 7.840000000000000000e+02 7.840000000000000000e+02 7.830000000000000000e+02 7.820000000000000000e+02 7.820000000000000000e+02 7.810000000000000000e+02 7.810000000000000000e+02 7.810000000000000000e+02 7.810000000000000000e+02 7.810000000000000000e+02 7.800000000000000000e+02 7.800000000000000000e+02 7.800000000000000000e+02 7.800000000000000000e+02 7.800000000000000000e+02 7.800000000000000000e+02 7.800000000000000000e+02 7.790000000000000000e+02 7.790000000000000000e+02
6.760000000000000000e+02 6.760000000000000000e+02 6.750000000000000000e+02 6.740000000000000000e+02 6.730000000000000000e+02 6.720000000000000000e+02 7.890000000000000000e+02 7.890000000000000000e+02 7.890000000000000000e+02 7.880000000000000000e+02 7.880000000000000000e+02 7.880000000000000000e+02 7.860000000000000000e+02 7.860000000000000000e+02 7.860000000000000000e+02 7.850000000000000000e+02 7.840000000000000000e+02 7.840000000000000000e+02 7.840000000000000000e+02 7.840000000000000000e+02 7.820000000000000000e+02 7.820000000000000000e+02 7.820000000000000000e+02 7.810000000000000000e+02 7.810000000000000000e+02 7.810000000000000000e+02 7.810000000000000000e+02 7.800000000000000000e+02 7.800000000000000000e+02 7.800000000000000000e+02 7.800000000000000000e+02 7.800000000000000000e+02 7.800000000000000000e+02 7.800000000000000000e+02 7.790000000000000000e+02 7.790000000000000000e+02 7.790000000000000000e+02
6.760000000000000000e+02 6.760000000000000000e+02 6.750000000000000000e+02 6.730000000000000000e+02 6.730000000000000000e+02 6.720000000000000000e+02 6.720000000000000000e+02 6.720000000000000000e+02 7.890000000000000000e+02 7.880000000000000000e+02 7.880000000000000000e+02 7.870000000000000000e+02 7.860000000000000000e+02 7.860000000000000000e+02 7.860000000000000000e+02 7.850000000000000000e+02 7.840000000000000000e+02 7.840000000000000000e+02 7.840000000000000000e+02 7.820000000000000000e+02 7.820000000000000000e+02 7.820000000000000000e+02 7.820000000000000000e+02 7.810000000000000000e+02 7.810000000000000000e+02 7.810000000000000000e+02 7.800000000000000000e+02 7.800000000000000000e+02 7.800000000000000000e+02 7.800000000000000000e+02 7.800000000000000000e+02 7.800000000000000000e+02 7.800000000000000000e+02 7.790000000000000000e+02 7.790000000000000000e+02 7.790000000000000000e+02 7.790000000000000000e+02
6.760000000000000000e+02 6.760000000000000000e+02 6.730000000000000000e+02 6.730000000000000000e+02 6.730000000000000000e+02 6.720000000000000000e+02 6.720000000000000000e+02 6.720000000000000000e+02 6.720000000000000000e+02 6.710000000000000000e+02 7.880000000000000000e+02 7.870000000000000000e+02 7.860000000000000000e+02 7.860000000000000000e+02 7.850000000000000000e+02 7.850000000000000000e+02 7.840000000000000000e+02 7.840000000000000000e+02 7.830000000000000000e+02 7.820000000000000000e+02 7.820000000000000000e+02 7.820000000000000000e+02 7.820000000000000000e+02 7.810000000000000000e+02 7.810000000000000000e+02 7.810000000000000000e+02 7.800000000000000000e+02 7.800000000000000000e+02 7.800000000000000000e+02 7.800000000000000000e+02 7.800000000000000000e+02 7.800000000000000000e+02 7.800000000000000000e+02 7.790000000000000000e+02 7.790000000000000000e+02 7.790000000000000000e+02 7.790000000000000000e+02
6.760000000000000000e+02 6.730000000000000000e+02 6.730000000000000000e+02 6.730000000000000000e+02 6.730000000000000000e+02 6.720000000000000000e+02 6.720000000000000000e+02 6.720000000000000000e+02 6.710000000000000000e+02 6.710000000000000000e+02 6.700000000000000000e+02 6.700000000000000000e+02 7.860000000000000000e+02 7.860000000000000000e+02 7.850000000000000000e+02 7.840000000000000000e+02 7.840000000000000000e+02 7.840000000000000000e+02 7.830000000000000000e+02 7.820000000000000000e+02 7.820000000000000000e+02 7.820000000000000000e+02 7.810000000000000000e+02 7.810000000000000000e+02 7.810000000000000000e+02 7.800000000000000000e+02 7.800000000000000000e+02 7.800000000000000000e+02 7.800000000000000000e+02 7.800000000000000000e+02 7.800000000000000000e+02 7.800000000000000000e+02 7.790000000000000000e+02 7.790000000000000000e+02 7.790000000000000000e+02 7.730000000000000000e+02 7.730000000000000000e+02
