testData/tiles/oneDegree/grid45.0-42.0-46.0-43.0.asc
ncols   200
nrows   200
xllcorner   45.0
yllcorner   42.0
cellsize   0.005
NODATA_value   -9999.0
[rows 84 to 125 of 200, columns 0 to 93 of 200]
662 662 663 664 663 662 664 664 664 664 665 665 665 666 666 667 665 666 666 666 668 666 666 666 667 667 666 666 667 668 667 666 667 666 666 666 667 667 666 665 666 666 666 665 665 665 666 664 664 665 664 663 663 663 662 661 661 661 660 660 661 659 659 659 658 658 658 656 655 656 656 656 654 654 653 653 652 651 650 647 647 647 647 645 645 643 642 641 642 640 638 638 637 635
660 662 662 662 663 664 663 665 664 664 666 664 664 664 666 666 666 665 665 666 666 667 666 667 666 667 666 665 666 667 667 666 666 667 666 666 665 666 666 667 665 665 665 665 664 666 665 665 663 663 664 663 663 663 663 662 660 660 660 660 661 659 658 658 657 657 657 657 656 655 654 655 654 653 652 651 652 650 650 649 646 646 645 646 645 644 643 641 641 641 639 638 637 636
660 661 661 661 661 663 663 663 664 664 664 665 664 665 665 666 665 664 665 665 665 665 666 666 666 666 667 665 665 665 666 666 666 666 667 665 664 665 666 666 665 665 664 665 664 664 664 664 663 663 663 664 663 662 662 661 662 662 660 659 659 659 658 657 657 657 657 656 656 655 653 653 654 653 652 650 650 650 650 650 649 647 645 645 645 644 643 642 640 639 639 639 636 636
660 659 660 660 661 662 662 662 663 664 664 663 664 664 664 664 665 665 665 664 664 665 664 665 665 665 666 666 665 664 664 666 665 665 665 666 665 664 664 665 664 664 665 664 663 663 663 663 664 663 662 662 662 662 662 661 661 661 661 659 659 658 659 658 657 656 656 656 655 655 653 653 653 653 653 651 650 650 649 649 648 648 646 644 643 643 642 642 640 638 638 637 637 635
900 899 898 661 661 662 663 662 662 662 663 663 662 663 663 663 664 665 664 664 665 665 664 663 664 665 665 665 665 664 665 665 664 664 664 665 666 664 664 663 665 664 664 664 664 662 663 663 662 663 663 661 661 662 662 662 660 660 660 659 659 659 658 658 658 655 655 655 654 655 655 653 653 651 651 652 651 649 648 648 646 647 646 645 642 642 641 641 639 639 638 636 636 635
898 898 899 899 899 661 662 662 662 662 662 664 664 661 662 663 663 663 663 663 664 665 664 663 664 664 664 664 663 665 664 664 663 664 664 664 664 664 663 664 664 663 663 663 663 663 663 662 662 661 662 663 660 660 660 661 660 659 660 658 659 659 657 657 657 657 655 655 654 654 654 653 652 651 650 650 650 650 647 648 647 647 647 646 645 643 641 641 639 639 638 637 636 635
897 897 898 898 899 899 900 660 661 661 662 663 663 662 662 663 663 662 662 663 663 663 664 663 663 663 664 664 663 663 664 663 663 663 664 664 663 662 664 663 663 662 663 663 663 662 662 662 661 661 661 662 662 660 659 659 660 660 660 658 657 658 658 657 657 657 657 655 653 653 653 652 652 651 651 650 649 650 649 647 647 646 646 644 645 643 642 640 639 639 637 637 636 634
897 897 896 897 898 899 899 899 898 661 661 661 662 662 662 661 662 663 664 664 664 663 664 665 663 663 663 665 664 664 662 663 663 662 662 663 663 663 662 663 662 662 662 663 662 662 661 660 662 661 660 660 661 660 660 659 658 659 659 659 657 657 658 657 657 656 655 655 655 653 652 652 652 652 650 650 649 648 648 648 646 645 645 644 643 642 642 640 639 638 637 635 635 634
897 897 896 898 899 899 899 899 899 900 900 900 661 663 662 662 661 663 663 662 663 664 664 664 663 662 663 663 664 663 663 664 665 662 662 662 664 664 662 662 662 662 661 661 662 662 661 661 660 661 660 660 660 660 660 659 659 657 658 659 658 657 656 656 656 656 654 654 654 654 653 653 651 651 650 649 649 648 647 646 646 645 645 644 644 642 641 641 640 639 638 637 634 634
895 896 896 896 899 899 899 900 899 899 899 900 901 901 662 661 662 661 662 661 661 663 663 663 662 664 663 662 662 662 663 663 663 664 663 662 662 663 662 662 663 664 661 660 660 662 661 661 660 659 659 660 660 658 658 659 658 658 657 657 657 657 657 654 654 656 655 654 654 652 653 652 651 650 649 647 649 648 648 646 646 644 645 643 643 642 641 639 640 639 638 636 635 633
895 895 896 897 897 898 898 899 900 898 898 899 900 900 899 901 662 662 661 661 661 661 662 662 663 662 663 662 662 661 662 662 662 663 663 662 662 661 662 662 662 662 662 661 661 661 660 660 660 661 658 659 659 659 658 658 659 657 657 657 655 656 656 656 654 654 654 654 654 652 651 651 652 651 651 649 648 647 647 646 645 645 643 644 642 642 641 640 638 637 638 636 635 633
896 895 897 897 897 897 898 898 898 898 898 898 898 899 899 899 900 900 661 661 661 661 660 662 662 661 661 662 662 662 661 662 662 662 661 662 661 662 661 661 661 661 662 662 661 661 660 659 661 661 660 657 658 658 658 658 657 657 656 656 656 655 656 656 655 654 653 653 653 654 652 651 650 651 650 649 649 646 645 646 645 645 643 642 641 642 641 641 640 638 637 636 636 635
894 895 896 895 896 896 897 898 898 897 899 898 897 897 899 898 898 899 900 900 659 660 661 661 662 660 660 661 662 661 660 661 662 662 660 660 662 661 661 660 661 661 661 660 660 660 661 659 659 660 660 659 659 657 657 657 657 657 656 656 656 655 655 655 654 653 653 652 652 653 652 651 649 649 650 648 648 647 646 645 645 645 644 643 641 641 639 640 639 638 636 635 635 634
893 895 896 895 894 896 896 896 897 898 897 898 897 898 898 898 898 898 899 899 898 897 660 660 660 660 661 661 660 661 660 660 660 661 661 661 660 661 660 659 660 661 661 659 659 659 660 659 659 658 659 659 659 658 656 657 656 657 656 655 655 654 654 654 653 654 653 652 651 651 651 651 651 648 649 648 648 648 647 646 643 643 643 643 641 640 639 638 638 638 636 635 634 633
893 894 895 895 894 894 895 895 896 897 896 896 898 897 897 896 897 898 898 899 898 898 897 898 659 660 660 660 660 660 660 659 659 659 661 660 660 660 660 659 659 659 660 659 660 659 658 658 658 659 659 658 658 658 657 657 657 657 656 655 654 653 654 654 653 652 653 651 651 651 649 650 651 649 648 647 647 648 646 646 644 642 641 642 642 639 639 638 637 636 636 635 633 632
893 894 894 895 895 894 895 895 896 895 895 895 896 897 896 896 896 897 897 897 899 898 898 897 898 898 658 659 659 660 660 660 659 659 659 659 659 659 660 660 658 658 658 659 659 659 659 656 658 658 658 657 656 657 657 656 656 656 655 655 656 653 653 653 653 652 652 651 651 651 650 649 649 649 648 647 646 646 645 645 644 644 644 641 641 641 639 638 638 637 635 635 634 633
892 893 893 894 895 894 893 895 895 895 894 896 896 896 896 896 895 895 896 897 897 897 897 898 897 898 896 896 659 659 659 658 660 659 659 657 658 659 659 659 659 658 658 658 657 658 658 659 656 657 657 656 657 657 657 655 655 655 654 655 655 655 653 652 652 651 652 652 650 650 650 649 648 647 647 647 646 646 645 645 645 643 643 642 640 639 639 637 637 636 636 634 633 632
891 891 893 893 893 893 894 893 894 894 895 894 895 895 896 897 895 895 895 896 896 895 896 897 897 896 896 897 897 657 658 658 658 659 658 658 658 658 658 658 657 657 658 658 656 656 658 658 657 656 656 657 656 656 656 655 654 655 655 654 654 654 653 652 653 651 651 651 650 649 649 648 649 648 647 647 646 646 644 644 644 642 642 641 641 638 638 637 637 635 635 634 632 631
891 891 892 892 892 891 893 893 892 893 894 893 893 894 895 895 895 894 895 895 896 896 895 896 896 896 896 896 896 896 896 658 657 657 656 658 657 657 657 657 657 657 656 657 656 657 656 657 656 656 656 656 655 655 655 655 656 654 654 653 653 654 653 653 652 651 651 650 649 649 649 647 648 648 647 646 645 644 645 643 643 642 642 640 641 640 639 637 636 635 635 634 634 632
889 891 891 891 892 892 892 893 893 893 894 892 892 893 894 894 894 895 894 894 894 896 895 895 896 896 896 894 895 895 896 895 896 657 657 656 656 656 656 657 657 656 656 656 656 656 656 656 655 656 656 655 654 654 655 655 654 654 654 652 653 653 652 652 652 650 650 651 650 649 649 647 646 647 646 646 644 643 644 644 643 642 642 640 639 639 639 637 636 634 634 632 633 632
889 889 890 890 890 892 891 891 892 893 892 892 893 893 893 895 895 894 895 894 895 895 895 895 895 897 897 896 894 896 896 896 894 896 896 657 654 655 656 656 655 656 657 656 655 655 655 656 655 654 655 655 653 654 655 654 653 653 654 653 652 652 651 651 652 651 650 650 649 649 648 647 646 645 645 646 646 644 643 642 642 641 641 641 639 638 637 638 637 634 633 632 631 630
889 889 888 889 890 890 890 890 892 893 893 892 893 893 893 893 895 894 894 895 894 894 893 894 895 895 896 895 896 895 895 895 895 895 896 896 895 656 656 655 655 655 656 656 656 653 655 655 655 654 654 655 653 653 653 653 653 653 653 651 652 652 651 651 651 651 649 649 649 648 648 648 647 646 645 644 645 644 644 641 641 640 641 640 639 638 636 637 636 637 634 632 631 629
888 889 889 888 891 891 890 891 891 891 892 893 891 892 892 893 893 893 893 894 895 894 893 893 894 894 894 895 895 895 894 895 895 894 894 895 896 895 655 656 656 655 655 655 655 655 654 653 654 653 654 654 655 652 652 652 652 653 652 652 650 650 652 650 650 650 649 649 648 648 648 648 647 645 644 644 643 642 643 642 641 641 640 640 639 639 637 636 635 635 634 631 631 630
888 888 889 890 889 890 889 890 891 891 891 893 892 890 891 892 892 891 892 893 893 894 893 893 893 894 893 894 893 894 894 894 894 894 894 894 895 894 894 893 656 655 654 654 655 655 655 653 653 653 653 653 653 652 652 652 651 651 652 652 651 650 650 650 649 649 648 649 649 647 647 647 646 645 644 643 644 642 642 641 641 640 639 639 638 637 636 636 635 634 633 633 630 629
887 887 889 889 889 888 889 889 889 890 891 891 891 891 891 892 892 892 891 892 892 892 894 892 892 892 894 894 893 892 894 894 892 893 894 894 894 893 893 894 893 892 654 655 654 653 654 653 654 653 653 652 652 652 652 652 650 650 650 651 651 650 649 648 648 650 648 648 648 646 646 646 645 646 646 644 643 642 642 641 640 640 638 638 637 637 635 634 634 634 632 632 631 627
887 886 887 888 888 888 888 888 888 888 890 890 889 891 891 890 891 892 891 891 892 892 892 892 891 892 892 893 892 893 893 894 893 892 892 893 893 892 893 894 893 891 892 654 654 653 652 654 653 652 652 652 652 651 651 651 651 651 650 650 649 650 650 648 648 648 648 647 647 645 646 647 645 645 645 644 642 642 641 641 639 639 638 639 637 637 636 635 633 634 633 632 631 631
886 886 887 887 888 889 889 887 888 889 888 889 889 889 890 890 889 891 890 890 890 892 892 891 892 891 891 891 891 892 892 892 893 892 891 891 892 892 892 892 893 893 891 891 892 653 653 653 653 651 651 652 652 652 651 650 650 649 650 649 648 648 650 648 647 647 646 646 648 646 645 645 644 644 644 643 642 641 641 641 640 639 638 637 636 636 635 635 634 632 631 632 630 630
885 885 886 886 886 888 888 887 886 888 888 888 890 889 889 889 890 889 889 889 890 890 891 890 891 891 891 891 890 891 891 891 892 892 891 891 891 891 891 891 891 893 891 891 890 892 891 652 652 652 651 651 651 650 651 652 651 648 648 649 649 648 648 648 647 647 647 646 646 647 645 644 643 643 643 643 643 642 640 640 639 639 637 636 636 635 634 634 634 632 630 630 629 629
884 884 884 885 886 886 887 886 887 886 887 887 888 888 888 888 890 890 888 888 889 889 889 890 890 890 890 891 890 890 890 891 891 890 891 891 891 891 891 890 891 891 891 890 891 891 889 890 651 652 651 651 650 649 650 650 651 649 648 648 648 648 647 647 646 647 647 645 645 645 644 644 643 643 643 642 642 642 640 640 638 638 637 637 636 635 635 633 634 633 632 630 629 629
884 884 884 884 886 885 885 885 886 885 885 887 887 886 887 888 888 889 888 888 888 889 889 889 889 889 889 890 890 889 889 890 891 889 889 891 890 890 889 891 891 890 889 890 890 890 889 888 890 890 650 649 651 650 649 649 649 649 650 648 648 646 647 648 646 646 645 645 644 644 644 644 644 642 642 641 641 640 640 640 639 638 638 636 637 634 634 633 633 631 632 630 628 628
884 882 883 884 884 885 885 885 886 886 885 886 886 885 885 887 887 887 889 888 887 887 889 889 888 889 889 889 888 888 889 889 889 889 890 889 889 889 889 889 889 890 890 889 889 889 888 889 889 889 888 650 649 649 649 648 649 648 649 648 647 646 647 647 646 645 644 643 645 645 643 643 643 641 641 640 641 641 639 638 638 638 637 636 635 633 633 632 632 631 630 628 629 627
883 883 881 883 883 883 884 885 884 884 886 885 885 885 886 886 887 886 887 887 887 886 887 888 887 888 889 889 889 887 888 888 888 889 889 889 889 890 888 888 888 888 889 889 889 887 888 888 888 888 888 888 888 648 647 649 649 647 647 647 648 647 646 646 645 645 646 643 643 643 643 642 642 642 641 640 640 640 639 639 636 637 637 636 635 633 632 631 631 630 630 628 627 626
881 882 880 881 882 882 883 884 883 883 884 885 884 883 885 885 885 887 887 886 886 886 886 886 886 887 887 887 888 888 887 888 887 888 887 888 888 889 887 888 887 888 887 888 888 889 887 886 887 887 887 887 888 887 647 647 647 648 646 647 647 646 646 645 644 645 645 644 642 642 641 642 643 641 640 640 639 639 638 638 638 636 636 636 636 634 633 631 631 630 630 629 628 626
881 881 882 881 881 882 883 883 882 883 883 883 884 884 883 884 884 885 886 885 885 886 886 886 885 886 886 886 887 887 887 886 887 888 886 886 888 888 887 886 888 888 886 886 887 888 888 886 885 887 886 886 886 888 886 885 646 646 647 647 646 645 644 646 645 644 644 643 643 642 641 641 641 641 640 639 638 638 637 638 638 636 635 634 634 634 633 630 630 629 628 628 628 625
880 880 880 881 880 881 882 882 881 883 883 883 883 885 882 882 884 884 884 884 885 885 885 885 885 885 886 885 886 885 886 887 886 886 886 887 886 886 886 887 886 886 887 886 886 886 887 886 886 886 886 885 886 886 885 885 884 646 645 646 646 644 644 644 644 644 643 642 643 643 641 640 640 639 639 640 638 638 637 636 636 636 635 633 633 632 632 631 630 628 628 626 626 626
878 880 879 879 880 880 880 881 880 881 881 882 884 884 884 883 884 885 885 883 885 885 885 886 885 885 885 886 887 886 885 887 887 886 885 886 886 886 885 886 886 885 885 886 886 886 885 886 886 885 885 885 885 885 884 884 885 885 644 644 644 645 645 643 642 642 644 644 642 642 640 640 639 639 639 639 637 637 636 636 636 634 635 634 634 632 632 631 630 629 628 627 626 625
878 879 878 878 878 880 879 879 881 881 881 881 883 883 882 884 883 883 884 884 884 884 884 885 885 884 884 885 885 885 886 886 887 885 885 885 886 886 887 885 886 885 885 884 885 885 886 885 884 884 884 884 884 885 883 884 884 883 883 882 644 643 644 644 642 642 642 643 642 641 641 640 639 639 638 638 637 636 636 636 636 635 634 632 633 632 631 631 630 628 627 626 626 624
876 878 877 878 880 880 881 880 880 880 881 881 881 882 881 882 883 882 882 884 883 883 884 885 885 884 884 884 884 884 885 885 885 885 885 884 884 884 886 885 885 886 886 883 883 883 885 884 884 884 884 883 883 883 884 883 883 882 881 883 883 642 642 642 644 642 641 641 640 642 642 639 639 638 638 637 637 637 636 634 635 634 634 632 631 631 631 630 629 629 627 625 624 624
876 877 877 877 878 879 879 880 880 879 879 881 881 881 881 882 881 881 882 882 882 882 883 883 884 883 883 884 884 884 883 884 884 885 884 884 884 885 884 884 884 885 885 884 884 884 883 883 883 884 884 882 882 883 883 882 883 882 881 881 881 881 880 642 642 640 641 640 640 640 640 640 638 638 638 637 636 636 635 634 634 632 633 632 632 630 630 630 629 629 628 626 625 622
876 876 876 877 877 877 878 879 879 878 878 879 880 880 880 881 881 881 882 882 880 881 882 882 882 883 883 882 882 884 883 882 883 884 883 883 884 884 884 883 884 884 884 883 884 884 884 882 884 883 883 881 882 882 882 881 881 883 882 880 880 881 881 881 641 640 639 641 640 639 639 638 640 638 637 637 635 635 635 633 633 633 632 631 632 631 629 629 628 628 627 626 625 622
875 876 876 876 877 877 876 878 878 877 878 878 878 879 879 879 880 881 881 881 880 881 881 882 881 881 882 882 882 882 882 882 883 883 882 882 882 883 883 882 883 884 883 882 882 882 883 882 883 882 883 881 881 881 882 880 881 881 880 881 880 880 879 879 880 640 640 639 638 639 638 638 638 637 637 636 635 634 635 633 633 632 632 631 630 630 629 628 627 627 626 625 624 623
874 874 875 875 875 876 877 877 878 877 877 878 878 878 878 878 878 880 880 880 878 880 880 880 882 881 881 880 882 881 880 881 882 882 882 883 882 881 881 882 882 882 882 883 882 881 881 882 882 882 882 882 882 881 880 880 881 880 879 879 880 880 878 878 879 879 640 638 637 638 639 638 637 637 635 635 635 635 635 633 631 630 631 631 629 629 628 627 626 626 625 625 622 621
