testData/tiles/oneDegree/grid48.0-19.0-49.0-20.0.asc
ncols   200
nrows   200
xllcorner   48.0
yllcorner   19.0
cellsize   0.005
NODATA_value   -9999.0
[rows 0 to 41 of 200, columns 94 to 187 of 200]
418 418 418 418 418 418 418 418 418 418 418 418 418 418 418 418 418 418 418 419 420 421 422 424 425 425 426 427 428 429 430 431 432 433 434 435 436 437 438 439 440 441 442 442 443 444 445 446 447 448 448 449 450 451 452 452 453 454 455 455 456 457 458 458 459 460 460 461 461 462 463 463 464 464 465 465 466 466 467 467 468 468 468 469 469 469 470 470 470 470 471 471 471 471
418 418 418 418 418 418 418 418 418 418 418 418 418 418 418 418 418 418 418 419 420 421 422 423 424 425 426 427 428 429 430 431 432 432 433 434 435 436 437 438 439 440 441 442 442 443 444 445 446 447 447 448 449 450 451 451 452 453 454 454 455 456 457 457 458 458 459 460 460 461 462 462 463 463 464 464 465 465 466 466 466 467 467 467 468 468 468 469 469 469 469 470 470 470
418 418 418 418 418 418 418 418 418 418 418 418 418 418 418 418 418 418 418 418 419 420 421 422 423 424 425 426 427 428 429 430 431 432 433 434 434 435 436 437 438 439 440 441 442 442 443 444 445 446 447 447 448 449 450 450 451 452 453 453 454 455 455 456 457 457 458 459 459 460 460 461 462 462 463 463 464 464 464 465 465 466 466 466 467 467 467 467 468 468 468 468 468 469
418 418 418 418 418 418 418 418 418 418 418 418 418 418 418 418 418 418 418 418 418 419 420 421 422 423 424 425 426 427 428 429 430 431 432 433 434 435 435 436 437 438 439 440 441 442 442 443 444 445 446 446 447 448 449 449 450 451 452 452 453 454 454 455 456 456 457 458 458 459 459 460 460 461 461 462 462 463 463 464 464 464 465 465 465 466 466 466 467 467 467 467 467 467
418 418 418 418 418 418 418 418 418 418 418 418 418 418 418 418 418 418 418 418 418 419 420 421 422 422 423 424 425 426 427 428 429 430 431 432 433 434 435 435 436 437 438 439 440 441 441 442 443 444 445 445 446 447 448 448 449 450 451 451 452 453 453 454 455 455 456 457 457 458 458 459 459 460 460 461 461 462 462 462 463 463 464 464 464 465 465 465 465 466 466 466 466 466
418 418 418 418 418 418 418 418 418 418 418 418 418 418 418 418 418 418 418 418 418 418 419 420 421 422 423 424 425 426 426 427 428 429 430 431 432 433 434 435 435 436 437 438 439 440 441 441 442 443 444 444 445 446 447 448 448 449 450 450 451 452 452 453 454 454 455 455 456 457 457 458 458 459 459 460 460 460 461 461 462 462 462 463 463 463 464 464 464 464 464 465 465 465
418 418 418 418 418 418 418 418 418 418 418 418 418 418 418 418 418 418 418 418 418 418 418 419 420 421 422 423 424 425 426 427 427 428 429 430 431 432 433 434 435 435 436 437 438 439 440 440 441 442 443 444 444 445 446 447 447 448 449 449 450 451 451 452 453 453 454 454 455 455 456 457 457 458 458 458 459 459 460 460 461 461 461 462 462 462 462 463 463 463 463 463 464 464
418 418 418 418 418 418 418 418 418 418 418 418 418 418 418 418 418 418 418 418 418 418 418 418 419 420 421 422 423 424 425 426 427 428 428 429 430 431 432 433 434 435 435 436 437 438 439 439 440 441 442 443 443 444 445 445 446 447 448 448 449 450 450 451 451 452 453 453 454 454 455 455 456 456 457 457 458 458 459 459 459 460 460 460 461 461 461 461 462 462 462 462 462 462
418 418 418 418 418 418 418 418 418 418 418 418 418 418 418 418 418 418 418 418 418 418 418 418 418 419 420 421 422 423 424 425 426 427 428 428 429 430 431 432 433 434 434 435 436 437 438 438 439 440 441 442 442 443 444 444 445 446 447 447 448 449 449 450 450 451 452 452 453 453 454 454 455 455 456 456 457 457 457 458 458 458 459 459 459 460 460 460 460 461 461 461 461 461
418 418 418 418 418 418 418 418 418 418 418 418 418 418 418 418 418 418 418 418 418 418 418 418 418 419 419 420 421 422 423 424 425 426 427 428 428 429 430 431 432 433 434 434 435 436 437 438 438 439 440 441 441 442 443 443 444 445 446 446 447 447 448 449 449 450 450 451 452 452 453 453 454 454 455 455 455 456 456 457 457 457 458 458 458 458 459 459 459 459 460 460 460 460
418 418 418 418 418 418 418 418 418 418 418 418 418 418 418 418 418 418 418 418 418 418 418 418 418 418 419 420 420 421 422 423 424 425 426 427 428 428 429 430 431 432 433 433 434 435 436 437 437 438 439 440 440 441 442 442 443 444 444 445 446 446 447 448 448 449 449 450 450 451 451 452 452 453 453 454 454 455 455 455 456 456 456 457 457 457 458 458 458 458 458 459 459 459
418 418 418 418 418 418 418 418 418 418 418 418 418 418 418 418 418 418 418 418 418 418 418 418 418 418 418 419 420 421 421 422 423 424 425 426 427 428 428 429 430 431 432 432 433 434 435 436 436 437 438 439 439 440 441 441 442 443 443 444 445 445 446 447 447 448 448 449 449 450 450 451 451 452 452 453 453 453 454 454 455 455 455 456 456 456 456 457 457 457 457 457 457 458
418 418 418 418 418 418 418 418 418 418 418 418 418 418 418 418 418 418 418 418 418 418 418 418 418 418 418 418 419 420 421 421 422 423 424 425 426 427 427 428 429 430 431 432 432 433 434 435 435 436 437 438 438 439 440 440 441 442 442 443 444 444 445 445 446 447 447 448 448 449 449 450 450 451 451 452 452 452 453 453 453 454 454 454 455 455 455 455 456 456 456 456 456 456
418 418 418 418 418 418 418 418 418 418 418 418 418 418 418 418 418 418 418 418 418 418 418 418 418 418 418 418 418 419 420 421 421 422 423 424 425 426 427 427 428 429 430 431 431 432 433 434 434 435 436 437 437 438 439 439 440 441 441 442 443 443 444 444 445 445 446 447 447 448 448 449 449 449 450 450 451 451 452 452 452 453 453 453 453 454 454 454 454 455 455 455 455 455
418 418 418 418 418 418 418 418 418 418 418 418 418 418 418 418 418 418 418 418 418 418 418 418 418 418 418 418 418 418 419 420 421 421 422 423 424 425 426 426 427 428 429 430 430 431 432 433 433 434 435 436 436 437 438 438 439 440 440 441 441 442 443 443 444 444 445 445 446 446 447 447 448 448 449 449 450 450 450 451 451 451 452 452 452 452 453 453 453 453 453 454 454 454
418 418 418 418 418 418 418 418 418 418 418 418 418 418 418 418 418 418 418 418 418 418 418 418 418 418 418 418 418 418 418 419 420 421 421 422 423 424 425 426 426 427 428 429 429 430 431 432 432 433 434 435 435 436 437 437 438 439 439 440 440 441 442 442 443 443 444 444 445 445 446 446 447 447 448 448 448 449 449 449 450 450 450 451 451 451 451 452 452 452 452 452 453 453
418 418 418 418 418 418 418 418 418 418 418 418 418 418 418 418 418 418 418 418 418 418 418 418 418 418 418 418 418 418 418 418 419 420 420 421 422 423 424 425 425 426 427 428 428 429 430 431 431 432 433 434 434 435 436 436 437 438 438 439 439 440 441 441 442 442 443 443 444 444 445 445 446 446 446 447 447 448 448 448 449 449 449 450 450 450 450 450 451 451 451 451 451 451
418 418 418 418 418 418 418 418 418 418 418 418 418 418 418 418 418 418 418 418 418 418 418 418 418 418 418 418 418 418 418 418 418 419 420 420 421 422 423 424 424 425 426 427 427 428 429 430 430 431 432 433 433 434 435 435 436 436 437 438 438 439 439 440 441 441 442 442 443 443 444 444 444 445 445 446 446 446 447 447 447 448 448 448 449 449 449 449 449 450 450 450 450 450
418 418 418 418 418 418 418 418 418 418 418 418 418 418 418 418 418 418 418 418 418 418 418 418 418 418 418 418 418 418 418 418 418 418 419 419 420 421 422 423 423 424 425 426 426 427 428 429 429 430 431 431 432 433 433 434 435 435 436 437 437 438 438 439 439 440 440 441 441 442 442 443 443 444 444 444 445 445 446 446 446 447 447 447 447 448 448 448 448 448 449 449 449 449
418 418 418 418 418 418 418 418 418 418 418 418 418 418 418 418 418 418 418 418 418 418 418 418 418 418 418 418 418 418 418 418 418 418 418 419 419 420 421 422 422 423 424 425 425 426 427 428 428 429 430 430 431 432 432 433 434 434 435 435 436 437 437 438 438 439 439 440 440 441 441 442 442 443 443 443 444 444 444 445 445 445 446 446 446 446 447 447 447 447 447 447 448 448
418 418 418 418 418 418 418 418 418 418 418 418 418 418 418 418 418 418 418 418 418 418 418 418 418 418 418 418 418 418 418 418 418 418 418 418 418 419 420 421 422 422 423 424 425 425 426 427 427 428 429 429 430 431 431 432 433 433 434 434 435 436 436 437 437 438 438 439 439 440 440 441 441 441 442 442 443 443 443 444 444 444 444 445 445 445 445 446 446 446 446 446 446 446
418 418 418 418 418 418 418 418 418 418 418 418 418 418 418 418 418 418 418 418 418 418 418 418 418 418 418 418 418 418 418 418 418 418 418 418 418 418 419 420 421 421 422 423 424 424 425 426 426 427 428 428 429 430 430 431 432 432 433 433 434 434 435 436 436 437 437 438 438 438 439 439 440 440 441 441 441 442 442 442 443 443 443 443 444 444 444 444 445 445 445 445 445 445
418 418 418 418 418 418 418 418 418 418 418 418 418 418 418 418 418 418 418 418 418 418 418 418 418 418 418 418 418 418 418 418 418 418 418 418 418 418 418 419 420 420 421 422 422 423 424 425 425 426 427 427 428 429 429 430 430 431 432 432 433 433 434 434 435 435 436 436 437 437 438 438 439 439 439 440 440 440 441 441 441 442 442 442 443 443 443 443 443 443 444 444 444 444
418 418 418 418 418 418 418 418 418 418 418 418 418 418 418 418 418 418 418 418 418 418 418 418 418 418 418 418 418 418 418 418 418 418 418 418 418 418 418 418 419 419 420 421 421 422 423 424 424 425 426 426 427 428 428 429 429 430 431 431 432 432 433 433 434 434 435 435 436 436 437 437 437 438 438 439 439 439 440 440 440 441 441 441 441 442 442 442 442 442 442 443 443 443
418 418 418 418 418 418 418 418 418 418 418 418 418 418 418 418 418 418 418 418 418 418 418 418 418 418 418 418 418 418 418 418 418 418 418 418 418 418 418 418 418 418 419 420 420 421 422 423 423 424 425 425 426 426 427 428 428 429 429 430 431 431 432 432 433 433 434 434 435 435 435 436 436 437 437 437 438 438 438 439 439 439 440 440 440 440 441 441 441 441 441 441 441 442
229 229 229 418 418 418 418 418 418 418 418 418 418 418 418 418 418 418 418 418 418 418 418 418 418 418 418 418 418 418 418 418 418 418 418 418 418 418 418 418 418 418 418 419 419 420 421 422 422 423 424 424 425 425 426 427 427 428 428 429 429 430 431 431 432 432 432 433 433 434 434 435 435 435 436 436 437 437 437 438 438 438 438 439 439 439 439 439 440 440 440 440 440 440
229 229 229 229 229 229 229 229 418 418 418 418 418 418 418 418 418 418 418 418 418 418 418 418 418 418 418 418 418 418 418 418 418 418 418 418 418 418 418 418 418 418 418 418 418 419 420 420 421 422 422 423 424 424 425 426 426 427 427 428 428 429 429 430 430 431 431 432 432 433 433 434 434 434 435 435 435 436 436 436 437 437 437 437 438 438 438 438 438 250 250 250 250 250
229 229 229 229 229 229 229 229 229 229 229 229 229 418 418 418 418 418 418 418 418 418 418 418 418 418 418 418 418 418 418 418 418 418 418 418 418 418 418 418 418 418 418 418 418 418 419 419 420 421 421 422 423 423 424 424 425 426 426 427 427 428 428 429 429 430 430 431 431 432 432 432 433 433 434 434 434 435 435 435 435 436 436 436 247 248 248 248 248 248 249 249 249 249
229 229 229 229 229 229 229 229 229 229 229 229 229 229 229 229 229 229 229 229 418 418 418 418 418 418 418 418 418 418 418 418 418 418 418 418 418 418 418 418 418 418 418 418 418 418 418 418 419 420 420 421 422 422 423 423 424 424 425 426 426 427 427 428 428 429 429 430 430 430 431 431 432 432 432 433 433 244 245 245 245 245 246 246 246 246 247 247 247 247 247 247 248 248
229 229 229 229 229 229 229 229 229 229 229 229 229 229 229 229 229 229 229 229 229 229 229 229 229 229 229 229 418 418 418 418 418 418 418 418 418 418 418 418 418 418 418 418 418 418 418 418 418 419 419 420 420 421 422 422 423 423 424 424 425 426 426 427 427 427 428 428 429 240 241 241 241 242 242 242 243 243 243 244 244 244 245 245 245 245 245 246 246 246 246 246 246 246
229 229 229 229 229 229 229 229 229 229 229 229 229 229 229 229 229 229 229 229 229 229 229 229 229 229 229 229 229 229 229 229 229 229 229 229 229 229 229 229 229 229 229 229 229 229 229 229 229 229 229 230 230 231 232 232 233 233 234 234 235 235 236 236 237 237 238 238 239 239 239 240 240 241 241 241 242 242 242 243 243 243 243 244 244 244 244 244 245 245 245 245 245 245
229 229 229 229 229 229 229 229 229 229 229 229 229 229 229 229 229 229 229 229 229 229 229 229 229 229 229 229 229 229 229 229 229 229 229 229 229 229 229 229 229 229 229 229 229 229 229 229 229 229 229 229 229 230 230 231 232 232 233 233 234 234 235 235 236 236 237 237 237 238 238 239 239 239 240 240 240 241 241 241 242 242 242 242 243 243 243 243 243 243 244 244 244 244
229 229 229 229 229 229 229 229 229 229 229 229 229 229 229 229 229 229 229 229 229 229 229 229 229 229 229 229 229 229 229 229 229 229 229 229 229 229 229 229 229 229 229 229 229 229 229 229 229 229 229 229 229 229 229 230 231 231 232 232 233 233 234 234 235 235 235 236 236 237 237 237 238 238 239 239 239 240 240 240 240 241 241 241 241 242 242 242 242 242 242 242 243 243
229 229 229 229 229 229 229 229 229 229 229 229 229 229 229 229 229 229 229 229 229 229 229 229 229 229 229 229 229 229 229 229 229 229 229 229 229 229 229 229 229 229 229 229 229 229 229 229 229 229 229 229 229 229 229 229 229 230 230 231 231 232 232 233 233 234 234 235 235 236 236 236 237 237 237 238 238 238 239 239 239 239 240 240 240 240 241 241 241 241 241 241 241 241
229 229 229 229 229 229 229 229 229 229 229 229 229 229 229 229 229 229 229 229 229 229 229 229 229 229 229 229 229 229 229 229 229 229 229 229 229 229 229 229 229 229 229 229 229 229 229 229 229 229 229 229 229 229 229 229 229 229 229 230 230 231 231 232 232 233 233 234 234 234 235 235 236 236 236 237 237 237 237 238 238 238 238 239 239 239 239 239 240 240 240 240 240 240
229 229 229 229 229 229 229 229 229 229 229 229 229 229 229 229 229 229 229 229 229 229 229 229 229 229 229 229 229 229 229 229 229 229 229 229 229 229 229 229 229 229 229 229 229 229 229 229 229 229 229 229 229 229 229 229 229 229 229 229 229 230 230 231 231 232 232 232 233 233 234 234 234 235 235 235 236 236 236 237 237 237 237 237 238 238 238 238 238 239 239 239 239 239
229 229 229 229 229 229 229 229 229 229 229 229 229 229 229 229 229 229 229 229 229 229 229 229 229 229 229 229 229 229 229 229 229 229 229 229 229 229 229 229 229 229 229 229 229 229 229 229 229 229 229 229 229 229 229 229 229 229 229 229 229 229 229 229 230 230 231 231 232 232 232 233 233 233 234 234 234 235 235 235 236 236 236 236 236 237 237 237 237 237 237 238 238 238
229 229 229 229 229 229 229 229 229 229 229 229 229 229 229 229 229 229 229 229 229 229 229 229 229 229 229 229 229 229 229 229 229 229 229 229 229 229 229 229 229 229 229 229 229 229 229 229 229 229 229 229 229 229 229 229 229 229 229 229 229 229 229 229 229 229 230 230 230 231 231 232 232 232 233 233 233 234 234 234 234 235 235 235 235 235 236 236 236 236 236 236 236 237
229 229 229 229 229 229 229 229 229 229 229 229 229 229 229 229 229 229 229 229 229 229 229 229 229 229 229 229 229 229 229 229 229 229 229 229 229 229 229 229 229 229 229 229 229 229 229 229 229 229 229 229 229 229 229 229 229 229 229 229 229 229 229 229 229 229 229 229 229 230 230 230 231 231 231 232 232 232 233 233 233 233 234 234 234 234 234 235 235 235 235 235 235 235
229 229 229 229 229 229 229 229 229 229 229 229 229 229 229 229 229 229 229 229 229 229 229 229 229 229 229 229 229 229 229 229 229 229 229 229 229 229 229 229 229 229 229 229 229 229 229 229 229 229 229 229 229 229 229 229 229 229 229 229 229 229 229 229 229 229 229 229 229 229 229 229 230 230 230 231 231 231 231 232 232 232 232 233 233 233 233 233 233 234 234 234 234 234
229 229 229 229 229 229 229 229 229 229 229 229 229 229 229 229 229 229 229 229 229 229 229 229 229 229 229 229 229 229 229 229 229 229 229 229 229 229 229 229 229 229 229 229 229 229 229 229 229 229 229 229 229 229 229 229 229 229 229 229 229 229 229 229 229 229 229 229 229 229 229 229 229 229 229 229 230 230 230 230 231 231 231 231 232 232 232 232 232 232 233 233 233 233
229 229 229 229 229 229 229 229 229 229 229 229 229 229 229 229 229 229 229 229 229 229 229 229 229 229 229 229 229 229 229 229 229 229 229 229 229 229 229 229 229 229 229 229 229 229 229 229 229 229 229 229 229 229 229 229 229 229 229 229 229 229 229 229 229 229 229 229 229 229 229 229 229 229 229 229 229 229 229 229 229 230 230 230 230 231 231 231 231 231 231 231 231 232
