testData/tiles/oneDegree/grid5.0-21.0-6.0-22.0.asc
ncols   200
nrows   200
xllcorner   5.0
yllcorner   21.0
cellsize   0.005
NODATA_value   -9999.0
[rows 41 to 81 of 200, columns 91 to 181 of 200]
485 485 486 487 487 487 487 487 488 488 488 488 489 489 488 489 489 489 489 595 595 595 596 596 596 597 596 596 596 596 596 596 596 596 595 595 595 594 593 593 593 593 592 592 592 592 592 593 594 594 707 709 709 711 712 713 714 715 714 716 717 718 719 720 721 721 722 722 723 723 723 724 724 725 727 726 726 725 726 727 727 728 728 728 729 729 730 730 731 731 731
482 482 484 484 484 484 484 484 486 487 486 486 486 486 487 487 488 487 487 593 593 593 593 592 593 594 594 594 593 593 593 593 592 592 592 592 591 592 592 592 591 591 591 591 590 590 590 591 593 704 706 706 707 709 709 711 712 713 714 715 715 716 718 717 718 719 719 720 720 722 723 722 723 723 723 724 724 725 726 726 726 726 727 728 728 729 727 728 729 729 730
480 481 482 482 481 481 482 483 483 483 483 483 483 483 484 484 484 484 591 591 590 591 591 592 592 591 591 591 591 591 590 591 591 591 590 590 590 590 589 589 589 588 587 587 587 587 587 700 703 704 704 706 706 708 709 710 711 713 712 713 714 714 716 717 717 719 719 719 720 721 721 721 722 722 723 722 722 723 723 724 724 725 726 726 726 726 727 728 728 728 727
477 478 478 478 479 479 479 481 481 480 480 481 481 482 482 482 482 587 588 588 588 588 589 588 588 588 588 589 588 588 588 588 587 587 587 587 586 586 586 586 586 586 586 586 585 697 698 699 701 703 704 704 704 706 706 708 709 710 711 713 712 713 715 715 715 716 716 717 718 718 720 720 720 720 720 721 721 721 722 722 722 724 724 724 724 724 725 724 725 725 726
475 476 475 476 476 476 477 477 477 478 478 478 479 478 478 478 480 586 586 585 585 586 586 586 587 586 586 586 586 586 585 585 585 585 584 585 585 585 584 584 584 584 583 693 693 695 696 697 699 700 701 703 703 704 705 707 707 709 710 710 712 712 713 714 714 714 716 715 716 716 716 718 718 718 719 720 719 719 719 720 721 721 722 722 722 723 723 724 723 724 724
471 472 473 473 473 473 475 475 475 475 475 475 476 476 477 477 582 582 582 582 583 583 583 583 583 583 583 582 582 582 582 582 582 582 582 582 581 581 581 581 580 580 691 691 691 693 695 697 698 700 701 702 703 703 703 705 706 707 708 709 710 710 711 712 713 713 713 714 715 715 716 717 716 718 718 718 718 717 718 719 719 719 719 720 721 721 722 721 722 723 723
469 469 470 470 470 471 471 472 472 472 472 473 472 473 474 474 580 580 580 580 581 581 581 581 581 580 580 580 580 581 580 580 580 580 579 579 579 579 578 578 689 689 689 689 691 692 693 694 696 697 698 700 701 702 702 704 704 705 707 707 708 709 708 709 711 711 712 713 713 714 714 714 715 714 715 716 717 717 717 717 718 717 718 719 718 719 719 719 720 720 720
468 468 468 468 468 470 469 469 469 469 469 470 470 471 471 576 576 576 576 577 578 578 577 577 577 577 577 576 577 577 577 577 576 576 576 576 575 575 575 686 686 686 686 687 688 690 692 693 694 695 697 698 699 701 699 701 702 703 704 705 706 707 707 708 709 710 710 710 710 711 712 713 713 713 713 713 714 714 714 715 715 715 716 715 716 716 717 717 717 718 718
467 467 467 467 467 468 468 468 468 468 469 468 469 469 469 575 575 575 575 575 575 575 575 575 574 574 574 575 575 575 574 574 574 574 573 573 573 684 684 684 684 684 684 685 687 689 690 690 692 693 694 695 697 697 699 699 700 701 703 703 704 704 705 705 706 707 708 709 708 709 709 710 711 711 711 712 712 713 712 712 713 714 714 715 715 714 715 715 716 716 716
466 466 466 466 468 467 467 467 467 467 468 468 468 468 574 573 573 574 574 574 574 573 573 573 573 573 573 572 572 572 572 572 572 572 572 683 682 682 682 682 681 680 682 683 684 686 687 689 690 691 693 693 695 696 698 697 698 699 699 701 702 702 704 704 704 705 705 706 707 707 707 708 709 709 710 709 710 711 710 711 712 712 712 712 713 714 714 714 713 714 715
465 465 465 465 466 466 466 466 466 467 466 467 467 467 573 573 573 574 573 573 573 573 573 573 572 572 572 572 572 571 572 572 572 572 682 682 682 682 681 681 681 682 683 683 685 687 687 689 690 691 692 693 695 695 697 698 697 699 700 701 702 702 703 704 704 705 705 706 708 707 708 707 708 709 708 709 710 710 709 710 710 711 711 712 713 712 713 713 714 715 714
464 464 464 465 465 465 465 465 465 466 466 466 466 572 571 571 572 572 572 572 572 571 571 571 571 571 572 571 572 572 572 572 682 681 681 681 680 680 680 680 679 681 682 684 685 686 687 689 689 691 692 693 694 696 697 698 698 699 699 700 701 702 703 704 703 705 706 705 706 707 707 708 709 709 709 709 709 710 710 710 711 711 711 712 712 713 713 714 714 713 714
463 463 463 464 464 464 464 464 465 464 465 465 465 571 571 572 572 571 571 571 571 571 571 571 570 570 570 571 571 570 570 681 681 681 680 680 680 680 679 679 680 682 682 684 686 687 687 689 690 691 691 693 694 695 696 698 699 699 700 701 701 702 703 703 704 704 705 706 707 707 707 707 707 708 710 709 710 710 710 710 710 711 712 712 713 711 712 713 713 714 713
462 462 461 463 463 463 463 463 464 464 464 464 464 569 569 570 570 570 570 570 569 569 569 570 570 571 570 570 570 681 681 680 680 680 680 680 678 678 678 678 679 680 682 684 685 686 688 689 689 691 692 694 694 695 697 697 698 699 698 700 701 701 702 704 705 704 705 705 706 707 706 707 708 708 709 708 708 709 710 709 710 711 710 711 711 712 713 713 713 713 755
461 461 462 462 462 462 462 462 462 462 463 463 569 569 570 570 570 569 569 569 569 569 569 568 569 569 569 569 680 679 679 679 679 679 678 678 678 678 677 678 680 681 682 684 685 687 688 689 691 690 691 692 694 694 696 697 698 699 700 700 701 702 702 702 704 704 704 705 706 706 707 707 707 708 709 708 709 710 710 709 709 710 711 711 712 712 712 712 712 754 754
459 459 461 461 461 461 461 462 462 462 462 462 567 567 568 568 568 568 568 568 567 567 568 569 569 569 679 679 679 679 679 678 678 678 678 678 677 676 676 678 678 680 682 684 684 686 687 689 690 691 692 693 693 695 696 697 698 698 699 699 700 701 702 703 704 704 705 705 705 706 707 706 707 708 708 708 708 708 709 709 709 710 709 710 711 711 712 712 759 760 760
459 460 460 460 460 460 459 460 460 461 461 567 567 568 568 568 567 567 567 567 567 567 568 567 567 678 678 678 678 677 677 677 677 677 676 676 676 676 676 677 679 681 682 683 685 687 687 689 690 692 691 692 693 695 695 696 698 698 699 701 700 701 701 702 703 704 703 704 705 706 707 707 706 707 708 708 708 709 708 709 709 709 710 711 711 717 717 718 759 759 759
457 458 459 459 459 459 460 460 460 460 460 565 565 566 566 566 566 566 566 565 565 566 567 678 678 678 677 677 677 677 677 676 676 676 676 676 675 675 675 677 678 680 681 683 684 685 687 688 689 690 692 692 693 694 696 696 697 698 699 699 700 701 701 702 703 704 705 704 704 705 706 706 706 707 707 708 708 708 709 710 709 715 714 715 716 716 717 759 758 759 759
457 458 458 458 458 457 458 458 458 459 459 565 566 566 566 565 565 565 565 565 565 566 676 676 676 676 676 676 675 675 675 675 675 674 674 674 674 674 675 677 679 680 681 683 684 686 687 688 690 691 691 692 692 694 694 696 697 697 699 700 700 700 701 702 702 703 704 703 705 706 706 706 706 706 707 708 708 708 713 714 715 714 715 716 716 716 758 758 758 758 758
456 456 457 457 457 457 458 458 458 458 563 563 564 564 564 564 564 564 564 563 564 676 676 676 676 675 675 675 675 675 675 674 674 674 674 674 673 674 675 677 677 679 681 683 683 685 686 688 688 690 691 693 693 694 695 695 697 697 698 698 700 700 700 701 703 703 704 703 703 704 705 705 706 707 707 713 714 713 714 715 715 715 714 714 715 757 757 757 757 758 759
456 456 456 455 455 456 456 456 456 457 563 564 564 564 563 563 563 563 563 675 675 675 674 674 674 674 674 674 673 673 673 673 673 672 672 672 672 674 675 676 678 680 681 682 684 685 686 687 689 690 690 691 693 694 693 695 696 696 698 699 700 700 700 701 701 702 703 704 704 705 705 705 712 711 712 713 713 713 713 713 714 714 714 715 755 756 757 757 757 758 757
454 454 454 455 455 456 456 456 456 561 561 562 562 562 562 562 562 562 672 673 673 674 674 674 674 673 673 673 673 673 672 672 672 672 672 671 672 674 674 676 677 679 680 682 682 684 686 687 688 689 691 692 692 694 694 695 695 696 697 698 699 700 699 700 702 703 703 703 703 709 710 711 711 712 713 712 713 714 713 714 714 712 713 754 755 756 756 756 757 757 758
391 390 390 390 391 391 391 391 391 560 562 562 562 562 561 561 561 672 673 673 673 672 672 672 672 672 672 672 671 671 671 671 671 670 670 670 671 673 674 676 678 679 680 682 683 685 685 687 688 689 689 691 692 693 694 694 695 696 697 698 699 700 700 700 700 701 708 709 710 710 710 710 711 711 711 712 712 713 712 712 713 714 754 755 755 755 756 756 756 757 756
389 389 389 390 391 391 391 391 390 496 497 497 497 497 497 608 608 608 608 608 608 608 609 609 671 671 671 671 671 671 670 670 671 671 671 670 672 673 675 676 677 678 680 681 682 683 685 686 687 688 690 691 691 693 694 696 694 695 696 697 698 699 700 699 707 708 707 708 709 708 709 710 710 711 711 711 712 713 712 712 713 712 753 754 754 755 755 755 756 756 756
388 388 388 388 389 389 389 389 495 496 497 497 497 496 607 607 607 608 608 608 608 607 607 607 607 607 607 606 606 606 607 607 607 606 606 607 609 611 611 613 615 616 617 618 619 621 621 623 624 625 625 627 628 629 630 631 631 632 633 634 635 635 642 643 642 643 644 645 646 646 646 646 647 648 647 648 649 648 648 649 649 691 690 691 691 690 691 692 692 692 693
387 387 387 389 389 389 388 388 494 495 495 495 495 606 606 606 607 606 606 606 606 606 606 606 606 606 606 606 606 607 606 606 606 606 606 606 607 609 611 613 613 615 617 618 618 619 621 622 623 624 626 627 628 629 630 632 631 631 632 633 640 641 642 642 643 644 643 644 645 645 645 646 646 647 646 646 647 648 648 648 689 689 689 690 690 691 691 691 692 692 692
386 386 386 387 387 387 387 387 493 494 494 606 605 605 605 605 606 606 606 606 605 605 605 605 605 605 605 605 605 605 605 605 604 604 604 606 608 609 611 612 614 616 616 618 619 621 620 622 622 624 624 626 627 628 629 630 631 632 638 639 640 640 641 642 641 642 643 644 645 646 645 645 646 647 647 647 648 647 648 689 689 690 691 688 689 690 690 691 691 691 692
385 385 385 386 387 386 386 386 493 493 604 604 604 604 604 605 604 604 604 604 604 604 604 603 603 603 604 604 604 603 603 603 603 603 604 605 607 608 610 612 613 614 616 617 618 619 621 621 622 623 625 626 627 628 629 629 636 637 637 638 639 640 641 641 642 642 642 643 644 644 644 645 646 645 646 646 646 647 689 688 688 688 689 689 689 690 690 689 690 691 691
384 384 385 385 385 385 385 491 492 603 602 602 603 603 603 604 604 604 604 603 603 603 603 603 603 604 603 603 603 603 603 603 602 602 604 605 607 608 610 611 613 615 615 617 618 620 620 621 621 623 623 625 626 627 628 635 636 637 637 638 638 638 640 641 642 641 642 643 643 643 644 644 645 646 646 646 646 646 688 688 687 688 689 687 688 689 689 690 690 690 690
383 383 384 383 383 384 384 602 602 602 602 602 602 602 603 602 602 602 602 602 602 602 602 601 602 602 602 602 602 601 601 601 601 601 603 604 606 608 609 610 612 613 615 616 617 618 620 621 622 622 624 625 625 633 633 634 635 636 637 637 638 639 640 640 641 641 641 642 643 644 644 644 645 644 645 646 645 687 688 687 687 688 688 688 689 687 688 689 689 690 690
382 382 383 383 383 383 494 601 601 600 600 600 600 600 602 602 602 602 602 601 601 601 601 602 602 602 601 601 601 601 601 601 600 601 603 604 606 607 609 610 612 614 614 616 617 618 618 620 621 623 622 624 631 632 633 634 635 636 637 636 637 637 638 640 641 641 641 642 641 642 643 642 643 644 644 645 685 686 686 687 687 687 687 687 687 688 688 688 688 689 690
380 381 381 381 381 492 493 600 600 600 600 600 600 601 600 600 600 600 600 600 600 600 600 600 600 600 600 600 600 599 599 599 599 600 601 603 605 607 608 609 611 612 614 615 616 617 619 620 621 622 624 630 630 631 632 633 633 635 636 637 636 638 639 639 639 640 640 640 641 643 643 644 643 643 644 686 685 686 687 686 686 686 686 687 687 686 687 688 689 690 689
379 381 381 381 492 492 599 599 598 598 598 598 598 599 599 599 600 600 599 599 599 599 600 600 600 599 599 599 599 599 599 598 598 600 602 603 605 606 608 609 611 612 613 614 615 617 617 619 620 622 628 628 630 631 631 633 634 635 634 636 636 636 637 638 639 640 641 640 640 641 642 643 642 643 685 684 684 685 685 686 686 685 686 687 685 686 687 687 688 689 690
378 379 490 490 490 490 597 597 598 598 598 598 599 598 598 598 598 598 598 598 598 598 598 598 598 598 598 598 597 597 597 597 597 599 600 602 604 605 607 608 609 611 613 614 615 616 618 619 620 627 628 629 628 629 631 632 632 633 635 636 636 636 637 637 638 639 640 639 640 641 641 641 641 641 683 684 684 684 684 684 685 685 685 686 685 686 687 687 688 688 689
378 489 490 490 490 490 596 596 596 596 596 596 597 597 597 597 597 596 597 597 598 598 598 598 598 597 597 597 597 597 597 596 597 599 601 602 603 605 607 608 610 609 611 613 614 616 616 618 619 626 627 628 629 630 630 631 633 633 633 634 635 636 636 637 638 638 638 638 638 640 641 642 642 683 683 683 684 684 684 685 684 683 684 685 685 686 686 687 688 688 689
488 488 488 488 488 489 595 595 595 595 596 597 596 596 596 596 596 596 596 596 597 596 596 596 596 596 596 596 595 595 595 595 596 598 599 601 603 604 606 607 608 610 611 613 613 615 616 618 624 625 626 627 628 628 629 631 631 632 633 635 635 635 635 635 636 638 639 639 639 640 639 640 682 681 682 683 684 682 683 684 684 684 685 684 685 685 686 687 687 688 688
487 487 487 487 487 594 594 594 594 594 594 595 595 595 595 595 594 594 594 595 595 595 595 596 595 595 595 595 595 595 595 594 596 598 599 601 601 603 604 606 608 608 610 611 613 614 615 616 624 625 625 627 628 629 629 629 630 631 632 633 634 635 634 636 637 636 637 638 638 638 639 681 681 680 681 681 682 682 682 682 683 683 684 685 686 684 685 686 687 688 688
486 486 486 486 486 593 593 593 593 593 592 593 594 594 594 594 594 594 594 595 594 594 594 594 594 594 594 593 593 593 593 593 595 596 598 600 601 603 605 605 607 609 610 611 612 614 615 616 622 623 625 626 626 628 628 629 630 631 632 633 632 634 634 634 635 636 637 637 637 637 637 679 680 681 681 681 681 681 681 682 683 684 683 684 685 685 686 685 686 687 688
485 485 484 484 485 591 592 592 592 592 593 593 593 593 593 592 592 592 593 593 593 593 593 592 592 592 592 592 592 592 591 592 594 595 597 599 600 601 603 605 606 607 608 610 611 613 613 621 622 624 624 625 627 627 627 628 629 630 630 631 633 634 634 634 634 634 635 637 638 637 679 680 679 680 680 680 681 682 681 682 682 683 683 684 684 684 685 686 687 686 687
483 484 484 484 485 591 591 591 591 590 591 591 591 591 591 592 592 593 593 592 592 592 592 592 592 592 592 591 591 591 591 592 594 596 598 599 601 603 603 605 606 607 609 609 610 611 613 614 621 622 623 625 625 626 628 629 628 629 630 631 631 632 633 633 633 635 636 635 636 677 678 678 679 680 679 679 680 681 681 682 683 683 683 683 684 685 684 685 686 687 687
482 482 482 482 483 589 589 589 590 591 591 591 591 591 590 590 590 591 591 591 591 591 591 590 590 590 590 590 590 590 589 591 593 595 597 598 599 601 603 604 606 606 607 609 610 611 612 613 621 622 623 623 624 626 626 627 627 629 629 630 631 632 631 633 633 633 634 635 677 676 677 677 677 678 678 679 680 680 680 681 682 683 683 683 684 684 684 685 685 686 917
