testData/tiles/oneDegree/grid36.0-48.0-37.0-49.0.asc
ncols   200
nrows   200
xllcorner   36.0
yllcorner   48.0
cellsize   0.005
NODATA_value   -9999.0
[rows 126 to 167 of 200, columns 0 to 93 of 200]
476 476 475 475 474 474 473 473 472 472 471 471 470 470 469 469 468 468 467 467 466 466 465 465 464 464 463 463 462 462 461 461 461 460 460 459 459 458 458 457 485 484 484 483 483 482 482 477 477 476 476 475 475 391 391 390 390 389 389 388 388 379 379 378 378 377 377 376 376 375 375 374 374 373 373 372 372 371 371 370 370 369 369 368 368 367 367 366 366 366 366 366 366 366
476 476 475 475 474 474 473 473 472 472 471 471 470 470 469 469 468 468 467 467 466 466 465 465 464 464 463 463 462 462 461 461 460 460 459 459 458 458 458 457 485 484 484 483 483 482 482 477 477 476 476 475 475 391 391 390 390 389 389 388 380 379 379 378 378 377 377 376 376 375 375 374 374 373 373 372 372 371 371 370 370 369 369 368 368 367 367 366 366 366 366 366 366 366
476 476 475 475 474 474 473 473 472 472 471 471 470 470 469 469 468 468 467 467 466 466 465 465 464 464 463 463 462 462 461 461 460 460 459 459 458 458 457 457 484 484 483 483 483 482 482 481 477 476 476 475 475 474 391 390 390 389 389 388 380 379 379 378 378 377 377 376 376 375 375 374 374 373 373 372 372 371 371 370 370 369 369 368 368 367 367 366 366 366 366 366 366 366
476 476 475 475 474 474 473 473 472 472 471 471 470 470 469 469 468 468 467 467 466 466 465 465 464 464 463 463 462 462 461 461 460 460 459 459 458 458 457 457 484 484 483 483 482 482 481 481 476 476 476 475 475 474 391 390 390 389 389 380 380 379 379 378 378 377 377 376 376 375 375 374 374 373 373 372 372 371 371 370 370 369 369 368 368 367 367 366 366 366 366 366 366 366
476 476 475 475 474 474 473 473 472 472 471 471 470 470 469 469 468 468 467 467 466 466 465 465 464 464 463 463 462 462 461 461 460 460 459 459 458 458 457 457 484 484 483 483 482 482 481 481 480 476 475 475 474 474 390 390 390 389 389 380 380 379 379 378 378 377 377 376 376 375 375 374 374 373 373 372 372 371 371 370 370 369 369 368 368 367 367 366 366 366 366 366 366 366
476 476 475 475 474 474 473 473 472 472 471 471 470 470 469 469 468 468 467 467 466 466 465 465 464 464 463 463 462 462 461 461 460 460 459 459 458 458 457 457 484 484 483 483 482 482 481 481 480 476 475 475 474 474 390 390 389 389 380 380 379 379 379 378 378 377 377 376 376 375 375 374 374 373 373 372 372 371 371 370 370 369 369 368 368 367 367 366 366 366 366 366 366 366
476 476 475 475 474 474 473 473 472 472 471 471 470 470 469 469 468 468 467 467 466 466 465 465 464 464 463 463 462 462 461 461 460 460 459 459 458 458 457 457 456 484 483 483 482 482 481 481 480 480 475 475 474 474 473 390 389 381 380 380 379 379 378 378 377 377 376 376 376 375 375 374 374 373 373 372 372 371 371 370 370 369 369 368 368 367 367 366 366 366 366 366 366 366
476 475 475 474 474 474 473 473 472 472 471 471 470 470 469 469 468 468 467 467 466 466 465 465 464 464 463 463 462 462 461 461 460 460 459 459 458 458 457 457 456 484 483 483 482 482 481 481 480 480 475 475 474 474 473 390 389 381 380 380 379 379 378 378 377 377 376 376 375 375 374 374 373 373 372 372 372 371 371 370 370 369 369 368 368 367 367 366 366 366 366 366 366 366
476 475 475 474 474 473 473 472 472 471 471 470 470 470 469 469 468 468 467 467 466 466 465 465 464 464 463 463 462 462 461 461 460 460 459 459 458 458 457 457 456 484 483 483 482 482 481 481 480 480 479 475 474 474 473 390 381 381 380 380 379 379 378 378 377 377 376 376 375 375 374 374 373 373 372 372 371 371 370 370 369 369 369 368 368 367 367 366 366 366 366 366 366 366
476 475 475 474 474 473 473 472 472 471 471 470 470 469 469 468 468 467 467 467 466 466 465 465 464 464 463 463 462 462 461 461 460 460 459 459 458 458 457 457 456 484 483 483 482 482 481 481 480 480 479 475 474 474 473 473 381 381 380 380 379 379 378 378 377 377 376 376 375 375 374 374 373 373 372 372 371 371 370 370 369 369 368 368 367 367 366 366 366 366 366 366 366 366
476 475 475 474 474 473 473 472 472 471 471 470 470 469 469 468 468 467 467 466 466 465 465 464 464 463 463 463 462 462 461 461 460 460 459 459 458 458 457 457 456 484 483 483 482 482 481 481 480 480 479 479 474 474 473 465 381 381 380 380 379 379 378 378 377 377 376 376 375 375 374 374 373 373 372 372 371 371 370 370 369 369 368 368 367 367 366 366 366 366 366 366 366 366
476 475 475 474 474 473 473 472 472 471 471 470 470 469 469 468 468 467 467 466 466 465 465 464 464 463 463 462 462 461 461 460 460 459 459 459 458 458 457 457 456 484 483 483 482 482 481 481 480 480 479 479 474 474 473 465 381 381 380 380 379 379 378 378 377 377 376 376 375 375 374 374 373 373 372 372 371 371 370 370 369 369 368 368 367 367 366 366 366 366 366 366 366 366
476 475 475 474 474 473 473 472 472 471 471 470 470 469 469 468 468 467 467 466 466 465 465 464 464 463 463 462 462 461 461 460 460 459 459 458 458 457 457 456 456 455 483 483 482 482 481 481 480 480 479 479 478 474 465 465 464 381 380 380 379 379 378 378 377 377 376 376 375 375 374 374 373 373 372 372 371 371 370 370 369 369 368 368 367 367 366 366 366 366 366 366 366 366
475 475 475 474 474 473 473 472 472 471 471 470 470 469 469 468 468 467 467 466 466 465 465 464 464 463 463 462 462 461 461 460 460 459 459 458 458 457 457 456 456 455 483 482 482 481 481 480 480 480 479 479 478 466 465 465 464 381 380 380 379 379 378 378 377 377 376 376 375 375 374 374 373 373 372 372 371 371 370 370 369 369 368 368 367 367 366 366 366 366 366 366 366 366
475 475 474 474 473 473 472 472 471 471 471 470 470 469 469 468 468 467 467 466 466 465 465 464 464 463 463 462 462 461 461 460 460 459 459 458 458 457 457 456 456 455 483 482 482 481 481 480 480 479 479 478 478 469 465 464 464 381 380 380 379 379 378 378 377 377 376 376 375 375 374 374 373 373 372 372 371 371 370 370 369 369 368 368 367 367 366 366 366 366 366 366 366 366
475 475 474 474 473 473 472 472 471 471 470 470 469 469 468 468 468 467 467 466 466 465 465 464 464 463 463 462 462 461 461 460 460 459 459 458 458 457 457 456 456 455 483 482 482 481 481 480 480 479 479 478 470 469 465 464 464 380 380 379 379 378 378 377 377 377 376 376 375 375 374 374 373 373 372 372 371 371 370 370 369 369 368 368 367 367 366 366 366 366 366 366 366 366
475 475 474 474 473 473 472 472 471 471 470 470 469 469 468 468 467 467 466 466 465 465 464 464 464 463 463 462 462 461 461 460 460 459 459 458 458 457 457 456 456 455 483 482 482 481 481 480 480 479 479 478 470 469 469 464 464 463 380 379 379 378 378 377 377 376 376 375 375 374 374 373 373 373 372 372 371 371 370 370 369 369 368 368 367 367 366 366 366 366 366 366 366 366
475 475 474 474 473 473 472 472 471 471 470 470 469 469 468 468 467 467 466 466 465 465 464 464 463 463 462 462 461 461 461 460 460 459 459 458 458 457 457 456 456 455 455 482 482 481 481 480 480 479 479 470 470 469 469 464 464 463 380 379 379 378 378 377 377 376 376 375 375 374 374 373 373 372 372 371 371 370 370 370 369 369 368 368 367 367 366 366 366 366 366 366 366 366
475 474 474 474 473 473 472 472 471 471 470 470 469 469 468 468 467 467 466 466 465 465 464 464 463 463 462 462 461 461 460 460 459 459 458 458 457 457 457 456 456 455 455 482 482 481 481 480 480 479 479 470 470 469 469 464 464 463 380 379 379 378 378 377 377 376 376 375 375 374 374 373 373 372 372 371 371 370 370 369 369 368 368 367 367 366 366 366 366 366 366 366 366 366
475 474 474 473 473 472 472 471 471 471 470 470 469 469 468 468 467 467 466 466 465 465 464 464 463 463 462 462 461 461 460 460 459 459 458 458 457 457 456 456 455 455 454 482 481 481 481 480 480 479 471 470 470 469 469 468 464 463 380 379 379 378 378 377 377 376 376 375 375 374 374 373 373 372 372 371 371 370 370 369 369 368 368 367 367 366 366 366 366 366 366 366 366 366
475 474 474 473 473 472 472 471 471 470 470 469 469 468 468 467 467 467 466 466 465 465 464 464 463 463 462 462 461 461 460 460 459 459 458 458 457 457 456 456 455 455 454 482 481 481 480 480 479 471 470 470 470 469 469 468 464 463 463 379 379 378 378 377 377 376 376 375 375 374 374 373 373 372 372 371 371 370 370 369 369 368 368 367 367 366 366 366 366 366 366 366 366 366
475 474 474 473 473 472 472 471 471 470 470 469 469 468 468 467 467 466 466 465 465 464 464 464 463 463 462 462 461 461 460 460 459 459 458 458 457 457 456 456 455 455 454 482 481 481 480 480 479 471 470 470 469 469 468 468 467 463 462 379 379 378 378 377 377 376 376 375 375 374 374 373 373 372 372 371 371 370 370 369 369 368 368 367 367 366 366 366 366 366 366 366 366 366
474 474 474 473 473 472 472 471 471 470 470 469 469 468 468 467 467 466 466 465 465 464 464 463 463 462 462 461 461 461 460 460 459 459 458 458 457 457 456 456 455 455 454 454 481 481 480 480 471 471 470 470 469 469 468 468 467 463 462 379 378 378 377 377 376 376 376 375 375 374 374 373 373 372 372 371 371 370 370 369 369 368 368 367 367 366 366 366 366 366 366 366 366 366
474 474 473 473 472 472 471 471 471 470 470 469 469 468 468 467 467 466 466 465 465 464 464 463 463 462 462 461 461 460 460 459 459 458 458 457 457 457 456 456 455 455 454 454 481 481 480 472 471 471 470 470 469 469 468 468 467 467 462 379 378 378 377 377 376 376 375 375 374 374 373 373 372 372 372 371 371 370 370 369 369 368 368 367 367 366 366 366 366 366 366 366 366 366
474 474 473 473 472 472 471 471 470 470 469 469 468 468 468 467 467 466 466 465 465 464 464 463 463 462 462 461 461 460 460 459 459 458 458 457 457 456 456 455 455 454 454 454 481 481 480 472 471 471 470 470 469 469 468 468 467 467 462 462 378 378 377 377 376 376 375 375 374 374 373 373 372 372 371 371 370 370 369 369 368 368 368 367 367 366 366 366 366 366 366 366 366 366
474 474 473 473 472 472 471 471 470 470 469 469 468 468 467 467 466 466 465 465 465 464 464 463 463 462 462 461 461 460 460 459 459 458 458 457 457 456 456 455 455 454 454 453 481 480 472 471 471 471 470 470 469 469 468 468 467 467 466 462 378 378 377 377 376 376 375 375 374 374 373 373 372 372 371 371 370 370 369 369 368 368 367 367 366 366 366 366 366 366 366 366 366 366
474 473 473 472 472 472 471 471 470 470 469 469 468 468 467 467 466 466 465 465 464 464 463 463 462 462 462 461 461 460 460 459 459 458 458 457 457 456 456 455 455 454 454 453 481 480 472 471 471 470 470 469 469 468 468 467 467 467 466 462 378 378 377 377 376 376 375 375 374 374 373 373 372 372 371 371 370 370 369 369 368 368 367 367 366 366 366 366 366 366 366 366 366 366
474 473 473 472 472 471 471 470 470 469 469 469 468 468 467 467 466 466 465 465 464 464 463 463 462 462 461 461 460 460 459 459 458 458 458 457 457 456 456 455 455 454 454 453 453 472 472 471 471 470 470 469 469 468 468 467 467 466 466 461 378 377 377 377 376 376 375 375 374 374 373 373 372 372 371 371 370 370 369 369 368 368 367 367 366 366 366 366 366 366 366 366 366 366
474 473 473 472 472 471 471 470 470 469 469 468 468 467 467 467 466 466 465 465 464 464 463 463 462 462 461 461 460 460 459 459 458 458 457 457 456 456 455 455 455 454 454 453 445 472 472 471 471 470 470 469 469 468 468 467 467 466 466 465 461 377 377 376 376 375 375 374 374 373 373 373 372 372 371 371 370 370 369 369 368 368 367 367 366 366 366 366 366 366 366 366 366 366
473 473 473 472 472 471 471 470 470 469 469 468 468 467 467 466 466 465 465 464 464 464 463 463 462 462 461 461 460 460 459 459 458 458 457 457 456 456 455 455 454 454 453 453 444 472 472 471 471 470 470 469 469 468 468 467 467 466 466 465 461 377 377 376 376 375 375 374 374 373 373 372 372 371 371 370 370 370 369 369 368 368 367 367 366 366 366 366 366 366 366 366 366 366
473 473 472 472 471 471 470 470 470 469 469 468 468 467 467 466 466 465 465 464 464 463 463 462 462 461 461 461 460 460 459 459 458 458 457 457 456 456 455 455 454 454 453 445 444 472 471 471 470 470 469 469 469 468 468 467 467 466 466 465 465 377 377 376 376 375 375 374 374 373 373 372 372 371 371 370 370 369 369 368 368 367 367 366 366 366 366 366 366 366 366 366 366 366
473 473 472 472 471 471 470 470 469 469 468 468 467 467 467 466 466 465 465 464 464 463 463 462 462 461 461 460 460 459 459 458 458 458 457 457 456 456 455 455 454 454 445 445 444 444 471 471 470 470 469 469 468 468 467 467 466 466 466 465 465 377 377 376 376 375 375 374 374 373 373 372 372 371 371 370 370 369 369 368 368 367 367 366 366 366 366 366 366 366 366 366 366 366
473 472 472 472 471 471 470 470 469 469 468 468 467 467 466 466 465 465 465 464 464 463 463 462 462 461 461 460 460 459 459 458 458 457 457 456 456 455 455 455 454 454 445 445 444 444 471 471 470 470 469 469 468 468 467 467 466 466 465 465 464 460 376 376 375 375 375 374 374 373 373 372 372 371 371 370 370 369 369 368 368 367 367 366 366 366 366 366 366 366 366 366 366 366
473 472 472 471 471 470 470 470 469 469 468 468 467 467 466 466 465 465 464 464 463 463 462 462 462 461 461 460 460 459 459 458 458 457 457 456 456 455 455 454 454 445 445 444 444 444 471 471 470 470 469 469 468 468 467 467 466 466 465 465 464 464 376 376 375 375 374 374 373 373 372 372 372 371 371 370 370 369 369 368 368 367 367 366 366 366 366 366 366 366 366 366 366 366
473 472 472 471 471 470 470 469 469 468 468 467 467 467 466 466 465 465 464 464 463 463 462 462 461 461 460 460 459 459 459 458 458 457 457 456 456 455 455 454 446 445 445 444 444 443 471 470 470 469 469 469 468 468 467 467 466 466 465 465 464 464 376 376 375 375 374 374 373 373 372 372 371 371 370 370 369 369 369 368 368 367 367 366 366 366 366 366 366 366 366 366 366 366
472 472 472 471 471 470 470 469 469 468 468 467 467 466 466 465 465 465 464 464 463 463 462 462 461 461 460 460 459 459 458 458 457 457 456 456 456 455 455 454 446 445 445 444 444 443 443 470 470 469 469 468 468 467 467 466 466 466 465 465 464 464 380 376 375 375 374 374 373 373 372 372 371 371 370 370 369 369 368 368 367 367 366 366 366 366 366 366 366 366 366 366 366 366
472 472 471 471 470 470 469 469 469 468 468 467 467 466 466 465 465 464 464 463 463 462 462 462 461 461 460 460 459 459 458 458 457 457 456 456 455 455 454 446 445 445 445 444 444 443 443 470 470 469 469 468 468 467 467 466 466 465 465 464 464 463 463 376 375 375 374 374 373 373 372 372 371 371 370 370 369 369 368 368 367 367 366 366 366 366 366 366 366 366 366 366 366 366
472 472 471 471 470 470 469 469 468 468 467 467 467 466 466 465 465 464 464 463 463 462 462 461 461 460 460 460 459 459 458 458 457 457 456 456 455 455 446 446 445 445 444 444 443 443 443 470 470 469 469 468 468 467 467 466 466 465 465 464 464 463 463 375 375 374 374 373 373 373 372 372 371 371 370 370 369 369 368 368 367 367 366 366 366 366 366 366 366 366 366 366 366 366
472 471 471 470 470 470 469 469 468 468 467 467 466 466 465 465 464 464 464 463 463 462 462 461 461 460 460 459 459 458 458 457 457 457 456 456 455 447 446 446 445 445 444 444 443 443 442 470 469 469 468 468 468 467 467 466 466 465 465 464 464 463 463 379 375 374 374 373 373 372 372 371 371 370 370 369 369 369 368 368 367 367 366 366 366 366 366 366 366 366 366 366 366 366
472 471 471 470 470 469 469 468 468 468 467 467 466 466 465 465 464 464 463 463 462 462 462 461 461 460 460 459 459 458 458 457 457 456 456 455 455 446 446 446 445 445 444 444 443 443 442 442 469 469 468 468 467 467 466 466 465 465 465 464 464 463 463 379 375 374 374 373 373 372 372 371 371 370 370 369 369 368 368 367 367 366 366 366 366 366 366 366 366 366 366 366 366 366
471 471 471 470 470 469 469 468 468 467 467 466 466 466 465 465 464 464 463 463 462 462 461 461 460 460 459 459 459 458 458 457 457 456 456 455 447 446 446 445 445 444 444 443 443 443 442 442 469 469 468 468 467 467 466 466 465 465 464 464 463 463 462 379 379 374 374 373 373 372 372 371 371 370 370 369 369 368 368 367 367 366 366 366 366 366 366 366 366 366 366 366 366 366
471 471 470 470 469 469 469 468 468 467 467 466 466 465 465 464 464 463 463 463 462 462 461 461 460 460 459 459 458 458 457 457 457 456 456 447 447 446 446 445 445 444 444 443 443 442 442 441 469 469 468 468 467 467 466 466 465 465 464 464 463 463 462 462 378 374 373 373 372 372 372 371 371 370 370 369 369 368 368 367 367 366 366 366 366 366 366 366 366 366 366 366 366 366
