testData/tiles/oneDegree/grid48.0-40.0-49.0-41.0.asc
ncols   200
nrows   200
xllcorner   48.0
yllcorner   40.0
cellsize   0.005
NODATA_value   -9999.0
[rows 42 to 83 of 200, columns 0 to 93 of 200]
119 119 119 119 119 119 118 118 118 118 118 117 117 117 117 116 116 208 207 207 207 206 206 206 205 205 205 204 204 204 203 203 202 202 201 201 200 200 200 200 200 200 200 200 200 200 200 200 200 200 200 200 200 200 200 200 200 200 200 200 200 200 200 200 200 200 200 200 200 218 218 218 218 218 218 218 218 218 218 218 218 218 218 218 218 218 218 218 218 218 218 218 218 218
120 120 120 120 119 119 119 119 119 119 118 118 118 118 117 117 117 116 116 208 207 207 207 206 206 206 205 205 205 204 204 203 203 202 202 202 201 201 200 200 200 200 200 200 200 200 200 200 200 200 200 200 200 200 200 200 200 200 200 200 200 200 200 200 200 200 200 200 200 200 218 218 218 218 218 218 218 218 218 218 218 218 218 218 218 218 218 218 218 218 218 218 218 218
121 121 120 120 120 120 120 120 119 119 119 119 119 118 118 118 117 117 117 116 116 116 207 207 207 206 206 206 205 205 204 204 203 203 203 202 202 201 201 200 200 200 200 200 200 200 200 200 200 200 200 200 200 200 200 200 200 200 200 200 200 200 200 200 200 200 200 200 200 200 200 218 218 218 218 218 218 218 218 218 218 218 218 218 218 218 218 218 218 218 218 218 218 218
121 121 121 121 121 121 121 120 120 120 120 119 119 119 119 118 118 118 117 117 117 116 116 116 207 207 207 206 206 205 205 204 204 204 203 203 202 202 201 201 200 200 200 200 200 200 200 200 200 200 200 200 200 200 200 200 200 200 200 200 200 200 200 200 200 200 200 200 200 200 200 200 218 218 218 218 218 218 218 218 218 218 218 218 218 218 218 218 218 218 218 218 218 218
122 122 122 122 122 121 121 121 121 121 120 120 120 120 119 119 119 118 118 118 117 117 117 116 116 116 207 207 206 206 206 205 205 204 204 203 203 202 202 201 201 200 200 200 200 200 200 200 200 200 200 200 200 200 200 200 200 200 200 200 200 200 200 200 200 200 200 200 200 200 200 200 200 218 218 218 218 218 218 218 218 218 218 218 218 218 218 218 218 218 218 218 218 218
123 123 123 122 122 122 122 122 122 121 121 121 121 120 120 120 119 119 119 118 118 118 117 117 117 116 116 115 207 207 206 206 205 205 204 204 203 203 202 202 201 201 200 200 200 200 200 200 200 200 200 200 200 200 200 200 200 200 200 200 200 200 200 200 200 200 200 200 200 200 200 200 200 200 218 218 218 218 218 218 218 218 218 218 218 218 218 218 218 218 218 218 218 218
124 123 123 123 123 123 123 123 122 122 122 122 121 121 121 120 120 120 119 119 119 118 118 118 117 117 116 116 116 115 115 206 206 205 205 204 204 203 203 202 202 201 201 200 200 200 200 200 200 200 200 200 200 200 200 200 200 200 200 200 200 200 200 200 200 200 200 200 200 200 200 200 200 200 200 218 218 218 218 218 218 218 218 218 218 218 218 218 218 218 218 218 218 218
124 124 124 124 124 124 123 123 123 123 123 122 122 122 121 121 121 120 120 120 119 119 119 118 118 118 117 117 116 116 115 115 114 206 205 205 204 204 203 203 202 202 201 201 200 200 200 200 200 200 200 200 200 200 200 200 200 200 200 200 200 200 200 200 200 200 200 200 200 200 200 200 200 200 200 200 218 218 218 218 218 218 218 218 218 218 218 218 218 218 218 218 218 218
125 125 125 125 125 124 124 124 124 123 123 123 123 122 122 122 121 121 121 120 120 120 119 119 119 118 118 117 117 116 116 115 115 114 114 114 205 205 204 203 203 202 202 201 201 200 200 200 200 200 200 200 200 200 200 200 200 200 200 200 200 200 200 200 200 200 200 200 200 200 200 200 200 200 200 200 200 218 218 218 218 218 218 218 218 218 218 218 218 218 218 218 218 218
126 126 126 125 125 125 125 125 124 124 124 124 123 123 123 122 122 122 121 121 121 120 120 120 119 119 118 118 117 117 116 116 116 115 115 114 114 113 205 204 203 203 202 202 201 201 200 200 200 200 200 200 200 200 200 200 200 200 200 200 200 200 200 200 200 200 200 200 200 200 200 200 200 200 200 200 200 200 218 218 218 218 218 218 218 218 218 218 218 218 218 218 218 218
127 126 126 126 126 126 126 125 125 125 125 124 124 124 123 123 123 122 122 122 121 121 121 120 120 119 119 118 118 118 117 117 116 116 115 115 114 114 113 113 112 203 203 202 202 201 201 200 200 200 200 200 200 200 200 200 200 200 200 200 200 200 200 200 200 200 200 200 200 200 200 200 200 200 200 200 200 200 200 218 218 218 218 218 218 218 218 218 218 218 218 218 218 218
127 127 127 127 127 127 126 126 126 126 125 125 125 124 124 124 123 123 123 122 122 122 121 121 120 120 120 119 119 118 118 117 117 116 116 115 115 114 114 113 113 112 111 203 202 202 201 201 200 200 200 200 200 200 200 200 200 200 200 200 200 200 200 200 200 200 200 200 200 200 200 200 200 200 200 200 200 200 200 200 218 218 218 218 218 218 218 218 218 218 218 218 218 218
128 128 128 128 127 127 127 127 127 126 126 126 125 125 125 124 124 124 123 123 123 122 122 121 121 121 120 120 119 119 118 118 117 117 116 116 115 115 114 114 113 112 112 111 111 110 202 201 200 200 200 200 200 200 200 200 200 200 200 200 200 200 200 200 200 200 200 200 200 200 200 200 200 200 200 200 200 200 200 200 200 218 218 218 218 218 218 218 218 218 218 218 218 218
129 129 128 128 128 128 128 128 127 127 127 126 126 126 125 125 125 124 124 124 123 123 122 122 122 121 121 120 120 119 119 118 118 117 117 116 116 115 115 114 114 113 112 112 111 111 110 110 109 200 200 200 200 200 200 200 200 200 200 200 200 200 200 200 200 200 200 200 200 200 200 200 200 200 200 200 200 200 200 200 200 200 218 218 218 218 218 218 218 218 218 218 218 218
129 129 129 129 129 129 128 128 128 128 127 127 127 126 126 126 125 125 125 124 124 123 123 123 122 122 121 121 120 120 119 119 118 118 117 117 116 116 115 115 114 113 113 112 112 111 111 110 109 109 108 108 200 200 200 200 200 200 200 200 200 200 200 200 200 200 200 200 200 200 200 200 200 200 200 200 200 200 200 200 200 200 200 218 218 218 218 218 218 218 218 218 218 218
130 130 130 130 130 129 129 129 129 128 128 128 127 127 127 126 126 126 125 125 125 124 124 123 123 122 122 121 121 120 120 119 119 118 118 117 117 116 116 115 114 114 113 113 112 112 111 110 110 109 109 108 108 108 108 200 200 200 200 200 200 200 200 200 200 200 200 200 200 200 200 200 200 200 200 200 200 200 200 200 200 200 200 200 200 218 218 218 218 218 218 218 218 218
131 131 131 130 130 130 130 130 129 129 129 128 128 128 127 127 127 126 126 126 125 125 124 124 123 123 122 122 121 121 120 120 119 119 118 118 117 117 116 116 115 114 114 113 113 112 111 111 110 110 109 108 108 108 108 108 108 108 200 200 200 200 200 200 200 200 200 200 200 200 200 200 200 200 200 200 200 200 200 200 200 200 200 200 200 200 218 218 218 218 218 218 218 218
132 132 131 131 131 131 131 130 130 130 129 129 129 128 128 128 127 127 127 126 126 125 125 124 124 123 123 122 122 121 121 120 120 119 119 118 118 117 117 116 115 115 114 114 113 112 112 111 111 110 109 109 108 108 108 108 108 108 108 108 108 200 200 200 200 200 200 200 200 200 200 200 200 200 200 200 200 200 200 200 200 200 200 200 200 200 200 218 218 218 218 218 218 218
132 132 132 132 132 132 131 131 131 130 130 130 129 129 129 128 128 128 127 127 126 126 125 125 125 124 124 123 123 122 121 121 120 120 119 119 118 118 117 116 116 115 115 114 114 113 112 112 111 110 110 109 109 108 108 108 108 108 108 108 108 108 108 108 108 200 200 200 200 200 200 200 200 200 200 200 200 200 200 200 200 200 200 200 200 200 200 200 218 218 218 218 218 218
133 133 133 133 132 132 132 132 131 131 131 130 130 130 129 129 129 128 128 127 127 127 126 126 125 125 124 124 123 123 122 121 121 120 120 119 119 118 118 117 116 116 115 115 114 113 113 112 112 111 110 110 109 108 108 108 108 108 108 108 108 108 108 108 108 108 108 108 200 200 200 200 200 200 200 200 200 200 200 200 200 200 200 200 200 200 200 200 200 200 218 218 218 218
134 134 134 133 133 133 133 132 132 132 131 131 131 130 130 130 129 129 128 128 128 127 127 126 126 125 125 124 124 123 123 122 121 121 120 120 119 119 118 117 117 116 116 115 114 114 113 113 112 111 111 110 109 109 108 108 108 108 108 108 108 108 108 108 108 108 108 108 108 108 108 108 200 200 200 200 200 200 200 200 200 200 200 200 200 200 200 200 200 200 200 218 218 218
135 134 134 134 134 134 133 133 133 132 132 132 131 131 131 130 130 129 129 129 128 128 127 127 126 126 125 125 124 124 123 122 122 121 121 120 120 119 118 118 117 117 116 115 115 114 114 113 112 112 111 110 110 109 108 108 108 108 108 108 108 108 108 108 108 108 108 108 108 108 108 108 108 108 108 108 200 200 200 200 200 200 200 200 200 200 200 200 200 200 200 200 218 218
135 135 135 135 135 134 134 134 133 133 133 132 132 132 131 131 131 130 130 129 129 128 128 127 127 126 126 125 125 124 124 123 122 122 121 121 120 120 119 118 118 117 116 116 115 115 114 113 113 112 111 111 110 109 109 108 108 108 108 108 108 108 108 108 108 108 108 108 108 108 108 108 108 108 108 108 108 108 108 108 200 200 200 200 200 200 200 200 200 200 200 200 200 200
136 136 136 136 135 135 135 134 134 134 133 133 133 132 132 132 131 131 130 130 129 129 128 128 127 127 126 126 125 125 124 123 123 122 122 121 121 120 119 119 118 118 117 116 116 115 114 114 113 112 112 111 110 110 109 108 108 108 108 108 108 108 108 108 108 108 108 108 108 108 108 108 108 108 108 108 108 108 108 108 108 108 108 108 200 200 200 200 200 200 200 200 200 200
137 137 136 136 136 136 135 135 135 134 134 134 133 133 133 132 132 131 131 130 130 129 129 128 128 127 127 126 126 125 125 124 123 123 122 122 121 120 120 119 119 118 117 117 116 115 115 114 113 113 112 111 111 110 109 109 108 108 108 108 108 108 108 108 108 108 108 108 108 108 108 108 108 108 108 108 108 108 108 108 108 108 108 108 108 108 108 108 108 200 200 200 200 200
138 137 137 137 137 136 136 136 135 135 135 134 134 134 133 133 132 132 131 131 130 130 129 129 128 128 127 127 126 126 125 124 124 123 123 122 121 121 120 120 119 118 118 117 116 116 115 114 114 113 112 112 111 110 110 109 108 108 108 108 108 108 108 108 108 108 108 108 108 108 108 108 108 108 108 108 108 108 108 108 108 108 108 108 108 108 108 108 108 108 108 108 108 108
138 138 138 138 137 137 137 136 136 136 135 135 135 134 134 133 133 132 132 131 131 130 130 129 129 128 128 127 127 126 125 125 124 124 123 122 122 121 121 120 119 119 118 117 117 116 115 115 114 113 113 112 111 111 110 109 109 108 108 108 108 108 108 108 108 108 108 108 108 108 108 108 108 108 108 108 108 108 108 108 108 108 108 108 108 108 108 108 108 108 108 108 108 108
139 139 139 138 138 138 137 137 137 136 136 136 135 135 134 134 133 133 133 132 132 131 130 130 129 129 128 128 127 127 126 125 125 124 123 123 122 122 121 120 120 119 118 118 117 116 116 115 114 114 113 112 112 111 110 110 109 108 108 108 108 108 108 108 108 108 108 108 108 108 108 108 108 108 108 108 108 108 108 108 108 108 108 108 108 108 108 108 108 108 108 108 108 108
140 140 139 139 139 138 138 138 137 137 137 136 136 135 135 135 134 134 133 133 132 132 131 130 130 129 129 128 128 127 126 126 125 125 124 123 123 122 121 121 120 119 119 118 117 117 116 115 115 114 113 113 112 111 111 110 109 109 108 108 108 108 108 108 108 108 108 108 108 108 108 108 108 108 108 108 108 108 108 108 108 108 108 108 108 108 108 108 108 108 108 108 108 108
140 140 140 140 139 139 139 138 138 138 137 137 136 136 136 135 135 134 134 133 133 132 131 131 130 130 129 129 128 127 127 126 126 125 124 124 123 122 122 121 120 120 119 118 118 117 116 116 115 114 114 113 112 112 111 110 110 109 108 108 108 108 108 108 108 108 108 108 108 108 108 108 108 108 108 108 108 108 108 108 108 108 108 108 108 108 108 108 108 108 108 108 108 108
141 141 141 140 140 140 139 139 139 138 138 138 137 137 136 136 135 135 134 134 133 133 132 131 131 130 130 129 128 128 127 127 126 125 125 124 123 123 122 121 121 120 119 119 118 117 117 116 115 115 114 113 113 112 111 111 110 109 109 108 108 108 108 108 108 108 108 108 108 108 108 108 108 108 108 108 108 108 108 108 108 108 108 108 108 108 108 108 108 108 108 108 108 108
142 142 141 141 141 140 140 140 139 139 139 138 138 137 137 136 136 135 135 134 134 133 132 132 131 131 130 129 129 128 128 127 126 126 125 124 124 123 122 122 121 120 120 119 118 118 117 116 116 115 114 114 113 112 112 111 110 110 109 108 108 108 108 108 108 108 108 108 108 108 108 108 108 108 108 108 108 108 108 108 108 108 108 108 108 108 108 108 108 108 108 108 108 108
143 142 142 142 141 141 141 140 140 140 139 139 138 138 137 137 136 136 135 135 134 133 133 132 132 131 131 130 129 129 128 127 127 126 125 125 124 123 123 122 121 121 120 119 119 118 117 117 116 115 115 114 113 113 112 111 111 110 109 108 108 108 108 108 108 108 108 108 108 108 108 108 108 108 108 108 108 108 108 108 108 108 108 108 108 108 108 108 108 108 108 108 108 134
143 143 143 142 142 142 141 141 141 140 140 139 139 138 138 137 137 136 136 135 135 134 133 133 132 132 131 130 130 129 128 128 127 126 126 125 124 124 123 122 122 121 120 120 119 118 118 117 116 116 115 114 114 113 112 111 111 110 109 109 108 108 108 108 108 108 108 108 108 108 108 108 108 108 108 108 108 108 108 108 108 108 108 108 108 108 108 108 108 108 108 134 134 134
144 144 143 143 143 142 142 142 141 141 140 140 139 139 138 138 137 137 136 136 135 134 134 133 133 132 131 131 130 129 129 128 127 127 126 125 125 124 123 123 122 121 121 120 119 119 118 117 117 116 115 115 114 113 112 112 111 110 110 109 108 108 108 108 108 108 108 108 108 108 108 108 108 108 108 108 108 108 108 108 108 108 108 108 108 108 108 108 108 108 134 134 134 134
145 144 144 144 143 143 143 142 142 141 141 140 140 139 139 138 138 137 137 136 135 135 134 134 133 132 132 131 130 130 129 128 128 127 126 126 125 124 124 123 122 122 121 120 120 119 118 118 117 116 115 115 114 113 113 112 111 111 110 109 108 108 108 108 108 108 108 108 108 108 108 108 108 108 108 108 108 108 108 108 108 108 108 108 108 108 108 108 134 134 134 134 134 134
145 145 145 144 144 144 143 143 142 142 141 141 140 140 139 139 138 138 137 136 136 135 135 134 133 133 132 131 131 130 129 129 128 127 127 126 125 125 124 123 123 122 121 121 120 119 119 118 117 116 116 115 114 114 113 112 111 111 110 109 109 108 108 108 108 108 108 108 108 108 108 108 108 108 108 108 108 108 108 108 108 108 108 108 108 108 134 134 134 134 134 134 136 138
146 146 145 145 145 144 144 144 143 143 142 142 141 140 140 139 139 138 138 137 136 136 135 134 134 133 132 132 131 130 130 129 128 128 127 126 126 125 124 124 123 122 122 121 120 119 119 118 117 117 116 115 115 114 113 112 112 111 110 110 109 108 108 108 108 108 108 108 108 108 108 108 108 108 108 108 108 108 108 108 108 108 108 108 134 134 134 134 134 134 135 137 139 141
147 146 146 146 145 145 145 144 144 143 143 142 141 141 140 140 139 139 138 137 137 136 135 135 134 133 133 132 131 131 130 129 129 128 127 127 126 125 125 124 123 123 122 121 120 120 119 118 118 117 116 115 115 114 113 113 112 111 110 110 109 108 108 108 108 108 108 108 108 108 108 108 108 108 108 108 108 108 108 108 108 108 108 134 134 134 134 134 135 137 139 141 142 144
147 147 147 146 146 146 145 145 144 144 143 143 142 141 141 140 140 139 138 138 137 136 136 135 134 134 133 132 132 131 130 130 129 128 128 127 126 126 125 124 123 123 122 121 121 120 119 119 118 117 116 116 115 114 113 113 112 111 111 110 109 108 108 108 108 108 108 108 108 108 108 108 108 108 108 108 108 108 108 108 108 134 134 134 134 134 134 136 138 140 142 144 145 147
148 148 147 147 147 146 146 145 145 144 144 143 142 142 141 141 140 139 139 138 137 137 136 135 135 134 133 133 132 131 131 130 129 129 128 127 127 126 125 124 124 123 122 122 121 120 119 119 118 117 117 116 115 114 114 113 112 112 111 110 109 109 108 108 108 108 108 108 108 108 108 108 108 108 108 108 108 108 108 134 134 134 134 134 134 136 138 140 142 143 145 147 148 150
149 148 148 148 147 147 146 146 145 145 144 144 143 142 142 141 140 140 139 138 138 137 136 136 135 134 134 133 132 132 131 130 130 129 128 128 127 126 125 125 124 123 123 122 121 120 120 119 118 117 117 116 115 115 114 113 112 112 111 110 109 109 108 108 108 108 108 108 108 108 108 108 108 108 108 108 108 134 134 134 134 134 134 135 137 139 141 143 145 146 148 149 151 152
