testData/tiles/oneDegree/grid32.0-14.0-33.0-15.0.asc
ncols   200
nrows   200
xllcorner   32.0
yllcorner   14.0
cellsize   0.005
NODATA_value   -9999.0
[rows 84 to 125 of 200, columns 94 to 187 of 200]
406 405 404 404 403 403 402 401 371 370 370 369 369 367 366 366 365 364 364 362 362 361 360 359 358 357 356 356 355 354 353 352 351 351 351 350 350 350 350 350 349 349 349 349 349 348 348 402 402 402 402 401 401 401 401 324 324 324 324 324 323 323 323 323 323 322 322 322 322 322 321 321 321 321 321 320 320 320 320 319 242 242 242 242 242 242 242 242 242 242 242 242 242 242
405 404 404 403 403 402 400 400 399 370 369 368 367 366 366 365 364 364 362 361 361 360 359 358 357 356 356 355 354 352 352 351 351 351 350 350 350 350 350 349 349 349 349 349 348 348 348 402 402 401 401 401 401 401 400 400 324 324 324 323 323 323 323 323 322 322 322 322 322 321 321 321 321 321 320 320 320 320 319 242 242 242 242 242 242 242 242 242 242 242 242 242 242 242
404 404 403 402 401 400 400 399 399 369 367 367 366 366 365 364 363 362 361 361 360 359 358 357 356 356 355 353 352 352 351 351 351 350 350 350 350 350 349 349 349 349 349 348 348 348 348 402 401 401 401 401 401 400 400 400 324 324 323 323 323 323 323 322 322 322 322 322 321 321 321 321 321 320 320 320 320 319 242 242 242 242 242 242 242 242 242 242 242 242 242 242 242 242
403 403 402 401 400 400 399 398 398 396 367 366 365 365 364 363 362 361 361 360 359 358 357 356 355 355 353 352 352 351 351 351 350 350 350 350 350 349 349 349 349 349 348 348 348 348 348 347 401 401 401 401 400 400 400 400 400 323 323 323 323 323 322 322 322 322 322 321 321 321 321 321 320 320 320 320 320 242 242 242 242 242 242 242 242 242 242 242 242 242 242 242 242 242
403 401 401 400 400 399 398 397 396 396 395 365 365 363 362 362 361 361 360 358 357 357 356 355 355 353 352 351 351 351 350 350 350 350 350 350 349 349 349 349 349 348 348 348 348 348 347 347 401 401 401 400 400 400 400 400 399 399 323 323 323 322 322 322 322 322 321 321 321 321 321 320 320 320 320 320 242 242 242 242 242 242 242 242 242 242 242 242 242 242 242 242 242 242
401 401 400 399 399 398 397 396 395 395 394 365 363 362 362 361 360 360 358 357 357 356 355 355 353 352 351 351 351 350 350 350 350 350 349 349 349 349 349 349 348 348 348 348 348 347 347 347 401 401 400 400 400 400 400 399 399 399 323 323 322 322 322 322 322 321 321 321 321 321 320 320 320 320 320 242 242 242 242 242 242 242 242 242 242 242 242 242 242 242 242 242 242 242
400 400 399 399 398 397 396 395 395 394 394 392 362 362 361 360 359 358 357 357 356 355 354 353 352 351 351 351 350 350 350 350 350 349 349 349 349 349 349 348 348 348 348 348 347 347 347 347 347 400 400 400 400 400 399 399 399 399 399 322 322 322 322 322 321 321 321 321 321 320 320 320 320 320 242 242 242 242 242 242 242 242 242 242 242 242 242 242 242 242 242 242 242 242
400 399 399 397 396 396 395 395 394 392 392 391 361 361 360 359 358 357 357 356 355 353 353 352 351 351 351 350 350 350 350 350 349 349 349 349 349 348 348 348 348 348 348 347 347 347 347 347 346 400 400 400 400 399 399 399 399 399 398 398 322 322 322 321 321 321 321 321 320 320 320 320 320 242 242 242 242 242 242 242 242 242 242 242 242 242 242 242 242 242 242 242 242 242
399 397 397 396 396 395 394 394 392 392 391 390 390 360 358 358 357 356 356 355 353 353 352 351 351 350 350 350 350 350 350 349 349 349 349 349 348 348 348 348 348 348 347 347 347 347 347 346 346 400 400 400 399 399 399 399 399 398 398 398 322 322 321 321 321 321 321 320 320 320 320 320 242 242 242 242 242 242 242 242 242 242 242 242 242 242 242 242 242 242 242 242 242 242
397 397 396 396 395 394 393 392 392 391 390 390 388 387 358 357 356 356 354 353 352 352 351 351 350 350 350 350 350 349 349 349 349 349 349 348 348 348 348 348 347 347 347 347 347 347 346 346 346 346 400 399 399 399 399 399 398 398 398 398 398 321 321 321 321 321 320 320 320 320 320 242 242 242 242 242 242 242 242 242 242 242 242 242 242 242 242 242 242 242 242 242 242 242
397 396 395 395 394 393 392 391 391 390 389 388 387 387 357 356 355 354 353 352 352 351 351 350 350 350 350 350 349 349 349 349 349 349 348 348 348 348 348 347 347 347 347 347 346 346 346 346 346 346 399 399 399 399 399 398 398 398 398 398 397 397 321 321 321 320 320 320 320 320 242 242 242 242 242 242 242 242 242 242 242 242 242 242 242 242 242 242 242 242 242 242 242 242
396 395 395 393 392 392 391 391 390 388 388 387 386 386 385 354 354 353 352 352 351 350 350 350 350 350 350 349 349 349 349 349 348 348 348 348 348 348 347 347 347 347 347 346 346 346 346 346 345 345 399 399 399 399 398 398 398 398 398 397 397 397 321 321 320 320 320 320 320 242 242 242 242 242 242 242 242 242 242 242 242 242 242 242 242 242 242 242 242 242 242 242 242 242
395 395 393 392 392 391 391 390 388 388 387 386 386 385 383 383 353 352 351 351 350 350 350 350 350 350 349 349 349 349 349 348 348 348 348 348 348 347 347 347 347 347 346 346 346 346 346 345 345 345 345 399 399 398 398 398 398 398 397 397 397 397 397 320 320 320 320 320 242 242 242 242 242 242 242 242 242 242 242 242 242 242 242 242 242 242 242 242 242 242 242 242 242 242
393 393 392 392 391 390 389 388 387 387 386 385 384 383 382 382 352 351 350 350 350 350 350 350 349 349 349 349 349 349 348 348 348 348 348 347 347 347 347 347 347 346 346 346 346 346 345 345 345 345 345 398 398 398 398 398 397 397 397 397 397 397 396 320 320 320 320 242 242 242 242 242 242 242 242 242 242 242 242 242 242 242 242 242 242 242 242 242 242 242 242 242 242 242
393 392 391 391 390 389 388 387 387 386 385 384 383 382 382 381 380 350 350 350 350 350 350 349 349 349 349 349 349 348 348 348 348 348 347 347 347 347 347 347 346 346 346 346 346 345 345 345 345 345 344 344 398 398 398 397 397 397 397 397 396 396 396 396 320 319 242 242 242 242 242 242 242 242 242 242 242 242 242 242 242 242 242 242 242 242 242 242 242 242 242 242 242 242
392 391 391 389 388 388 387 387 386 384 384 383 382 381 381 380 379 350 350 350 350 349 349 349 349 349 349 348 348 348 348 348 348 347 347 347 347 347 346 346 346 346 346 346 345 345 345 345 345 344 344 344 398 398 397 397 397 397 397 396 396 396 396 396 395 242 242 242 242 242 242 242 242 242 242 242 242 242 242 242 242 242 242 242 242 242 242 242 242 242 242 242 242 242
391 391 389 388 388 387 386 386 384 383 383 382 381 381 379 379 379 379 350 350 349 349 349 349 349 349 348 348 348 348 348 348 347 347 347 347 347 346 346 346 346 346 346 345 345 345 345 345 344 344 344 344 398 397 397 397 397 397 396 396 396 396 396 395 318 242 242 242 242 242 242 242 242 242 242 242 242 242 242 242 242 242 242 242 242 242 242 242 242 242 242 242 242 242
389 389 388 387 387 386 385 384 383 383 382 381 380 379 379 379 379 379 379 349 349 349 349 349 349 348 348 348 348 348 347 347 347 347 347 347 346 346 346 346 346 345 345 345 345 345 345 344 344 344 344 344 343 397 397 397 397 396 396 396 396 396 395 318 318 318 242 242 242 242 242 242 242 242 242 242 242 242 242 242 242 242 242 242 242 242 242 242 242 242 242 242 242 242
389 388 387 387 386 384 384 383 382 382 381 379 379 379 379 379 379 378 378 349 349 349 349 348 348 348 348 348 348 347 347 347 347 347 347 346 346 346 346 346 345 345 345 345 345 344 344 344 344 344 344 343 343 397 397 397 396 396 396 396 396 395 318 318 318 318 242 242 242 242 242 242 242 242 242 242 242 242 242 242 242 242 242 242 242 242 242 242 242 242 242 242 242 242
388 387 387 385 384 384 383 382 382 381 379 379 379 379 379 379 378 378 378 378 349 349 348 348 348 348 348 348 347 347 347 347 347 346 346 346 346 346 346 345 345 345 345 345 344 344 344 344 344 344 343 343 343 397 397 396 396 396 396 396 395 318 318 318 318 318 318 242 242 242 242 242 242 242 242 242 242 242 242 242 242 242 242 242 242 242 242 242 242 242 242 242 242 242
387 386 385 384 383 383 382 381 380 379 379 379 379 379 378 378 378 378 378 378 348 348 348 348 348 348 347 347 347 347 347 347 346 346 346 346 346 346 345 345 345 345 345 344 344 344 344 344 343 343 343 343 343 343 396 396 396 396 396 395 318 318 318 318 318 318 318 318 242 242 242 242 242 242 242 242 242 242 242 242 242 242 242 242 242 242 242 242 242 242 242 242 242 242
385 385 384 383 383 382 380 380 379 379 379 379 379 378 378 378 378 378 378 377 377 348 348 348 348 347 347 347 347 347 347 346 346 346 346 346 345 345 345 345 345 345 344 344 344 344 344 343 343 343 343 343 343 342 396 396 396 396 395 318 318 318 318 318 318 318 318 318 242 242 242 242 242 242 242 242 242 242 242 242 242 242 242 242 242 242 242 242 242 242 242 242 242 242
384 384 383 382 382 380 379 379 379 379 379 378 378 378 378 378 378 377 377 377 377 377 348 347 347 347 347 347 347 346 346 346 346 346 346 345 345 345 345 345 345 344 344 344 344 344 343 343 343 343 343 342 342 342 342 396 396 395 318 318 318 318 318 318 318 318 318 318 318 242 242 242 242 242 242 242 242 242 242 242 242 242 242 242 242 242 242 242 242 242 242 242 242 242
384 383 382 381 380 379 379 379 379 379 378 378 378 378 378 378 377 377 377 377 377 377 347 347 347 347 347 347 346 346 346 346 346 346 345 345 345 345 345 344 344 344 344 344 344 343 343 343 343 343 342 342 342 342 342 395 395 318 318 318 318 318 318 318 318 318 318 318 318 242 242 242 242 242 242 242 242 242 242 242 242 242 242 242 242 242 242 242 242 242 242 242 242 242
383 381 380 380 379 379 379 379 378 378 378 378 378 378 377 377 377 377 377 377 376 376 376 347 347 347 346 346 346 346 346 346 345 345 345 345 345 345 344 344 344 344 344 343 343 343 343 343 343 342 342 342 342 342 341 395 318 318 318 318 318 318 318 318 318 318 318 318 318 318 242 242 242 242 242 242 242 242 242 242 242 242 242 242 242 242 242 242 242 242 242 242 242 242
381 380 379 379 379 379 378 378 378 378 378 378 378 377 377 377 377 377 377 376 376 376 376 347 347 346 346 346 346 346 346 345 345 345 345 345 345 344 344 344 344 344 343 343 343 343 343 343 342 342 342 342 342 341 341 264 318 318 318 318 318 318 318 318 318 318 318 318 318 318 242 242 242 242 242 242 242 242 242 242 242 242 242 242 242 242 242 242 242 242 242 242 242 242
380 379 379 379 379 378 378 378 378 378 378 377 377 377 377 377 377 377 376 376 376 376 376 376 346 346 346 346 346 346 345 345 345 345 345 344 344 344 344 344 344 343 343 343 343 343 342 342 342 342 342 342 341 264 264 264 318 318 318 318 318 318 318 318 318 318 318 318 318 318 318 242 242 242 242 242 242 242 242 242 242 242 242 242 242 242 242 242 242 242 242 242 242 242
379 379 379 378 378 378 378 378 378 378 377 377 377 377 377 377 376 376 376 376 376 376 375 375 346 346 346 346 345 345 345 345 345 345 344 344 344 344 344 344 343 343 343 343 343 342 342 342 342 342 342 341 264 264 264 264 264 318 318 318 318 318 318 318 318 318 318 318 318 318 318 318 242 242 242 242 242 242 242 242 242 242 242 242 242 242 242 242 242 242 242 242 242 242
379 378 378 378 378 378 378 378 377 377 377 377 377 377 376 376 376 376 376 376 376 375 375 375 375 346 346 345 345 345 345 345 345 344 344 344 344 344 343 343 343 343 343 343 342 342 342 342 342 341 341 264 264 264 264 264 264 318 318 318 318 318 318 318 318 318 318 318 318 318 318 318 242 242 242 242 242 242 242 242 242 242 242 242 242 242 242 242 242 242 242 242 242 242
378 378 378 378 378 378 377 377 377 377 377 377 377 376 376 376 376 376 376 375 375 375 375 375 375 345 345 345 345 345 345 344 344 344 344 344 344 343 343 343 343 343 343 342 342 342 342 342 341 341 264 264 264 264 264 264 264 318 318 318 318 318 318 318 318 318 318 318 318 318 318 318 318 242 242 242 242 242 242 242 242 242 242 242 242 242 242 242 242 242 242 242 242 242
378 378 378 378 378 377 377 377 377 377 377 376 376 376 376 376 376 376 375 375 375 375 375 375 374 374 345 345 345 345 344 344 344 344 344 344 343 343 343 343 343 342 342 342 342 342 342 341 341 264 264 264 264 264 264 264 264 264 318 318 318 318 318 318 318 318 318 318 318 318 318 318 318 242 242 242 242 242 242 242 242 242 242 242 242 242 242 242 242 242 242 242 242 242
378 378 378 377 377 377 377 377 377 377 376 376 376 376 376 376 375 375 375 375 375 375 374 374 374 374 374 345 344 344 344 344 344 344 343 343 343 343 343 343 342 342 342 342 342 342 341 341 264 264 264 264 264 264 264 264 264 264 318 318 318 318 318 318 318 318 318 318 318 318 318 318 318 318 242 242 242 242 242 242 242 242 242 242 242 242 242 242 242 242 242 242 242 242
378 377 377 377 377 377 377 377 376 376 376 376 376 376 375 375 375 375 375 375 375 374 374 374 374 374 374 344 344 344 344 344 344 343 343 343 343 343 343 342 342 342 342 342 341 341 341 264 264 264 264 264 264 264 264 264 264 264 264 318 318 318 318 318 318 318 318 318 318 318 318 318 318 318 242 242 242 242 242 242 242 242 242 242 242 242 242 242 242 242 242 242 242 243
377 377 377 377 377 377 376 376 376 376 376 376 376 375 375 375 375 375 375 374 374 374 374 374 374 373 373 373 344 344 344 343 343 343 343 343 343 342 342 342 342 342 342 341 341 341 264 264 264 264 264 264 264 264 264 264 264 264 264 318 318 318 318 318 318 318 318 318 318 318 318 318 318 318 318 242 242 242 242 242 242 242 242 242 242 242 242 242 242 242 242 242 242 243
377 377 377 377 377 376 376 376 376 376 376 375 375 375 375 375 375 375 374 374 374 374 374 374 373 373 373 373 344 344 343 343 343 343 343 343 342 342 342 342 342 342 341 341 341 264 264 264 264 264 264 264 264 264 264 264 264 264 264 318 318 318 318 318 318 318 318 318 318 318 318 318 318 318 318 242 242 242 242 242 242 242 242 242 242 242 242 242 242 242 242 242 242 243
377 377 377 376 376 376 376 376 376 376 375 375 375 375 375 375 374 374 374 374 374 374 373 373 373 373 373 373 373 343 343 343 343 343 342 342 342 342 342 342 341 341 341 264 264 264 264 264 264 264 264 264 264 264 264 264 264 264 264 264 318 318 318 318 318 318 318 318 318 318 318 318 318 318 318 318 242 242 242 242 242 242 242 242 242 242 242 242 242 242 242 242 242 243
377 376 376 376 376 376 376 376 375 375 375 375 375 375 375 374 374 374 374 374 374 373 373 373 373 373 373 372 372 343 343 343 343 342 342 342 342 342 342 341 341 341 264 264 264 264 264 264 264 264 264 264 264 264 264 264 264 264 264 264 318 318 318 318 318 318 318 318 318 318 318 318 318 318 318 318 242 242 242 242 242 242 242 242 242 242 242 242 242 242 242 242 242 243
376 376 376 376 376 376 375 375 375 375 375 375 375 374 374 374 374 374 374 373 373 373 373 373 373 373 372 372 372 372 343 343 342 342 342 342 342 342 341 341 341 264 264 264 264 264 264 264 264 264 264 264 264 264 264 264 264 264 264 264 264 318 318 318 318 318 318 318 318 318 318 318 318 318 318 318 318 242 242 242 242 242 242 242 242 242 242 242 242 242 242 242 242 243
376 376 376 376 375 375 375 375 375 375 375 374 374 374 374 374 374 374 373 373 373 373 373 373 372 372 372 372 372 372 342 342 342 342 342 342 341 341 341 341 264 264 264 264 264 264 264 264 264 264 264 264 264 264 264 264 264 264 264 264 264 318 318 318 318 318 318 318 318 318 318 318 318 318 318 318 318 242 242 242 242 242 242 242 242 242 242 242 242 242 242 242 243 243
376 376 376 375 375 375 375 375 375 375 374 374 374 374 374 374 373 373 373 373 373 373 373 372 372 372 372 372 372 371 371 342 342 342 342 341 341 341 341 264 264 264 264 264 264 264 264 264 264 264 264 264 264 264 264 264 264 264 264 264 264 264 318 318 318 318 318 318 318 318 318 318 318 318 318 318 318 318 242 242 242 242 242 242 242 242 242 242 242 242 242 242 243 243
376 375 375 375 375 375 375 375 374 374 374 374 374 374 374 373 373 373 373 373 373 372 372 372 372 372 372 371 371 371 371 342 342 341 341 341 341 341 264 264 264 264 264 264 264 264 264 264 264 264 264 264 264 264 264 264 264 264 264 264 264 264 318 318 318 318 318 318 318 318 318 318 318 318 318 318 318 318 242 242 242 242 242 242 242 242 242 242 242 242 242 242 243 243
375 375 375 375 375 375 374 374 374 374 374 374 374 373 373 373 373 373 373 372 372 372 372 372 372 372 371 371 371 371 371 371 341 341 341 341 264 264 264 264 264 264 264 264 264 264 264 264 264 264 264 264 264 264 264 264 264 264 264 264 264 264 318 318 318 318 318 318 318 318 318 318 318 318 318 318 318 318 318 242 242 242 242 242 242 242 242 242 242 242 242 242 243 243
