testData/tiles/oneDegree/grid28.0-22.0-29.0-23.0.asc
ncols   200
nrows   200
xllcorner   28.0
yllcorner   22.0
cellsize   0.005
NODATA_value   -9999.0
[rows 84 to 125 of 200, columns 94 to 187 of 200]
509 509 508 509 542 542 542 542 542 542 543 544 544 543 544 544 544 544 544 545 545 546 545 545 544 545 545 545 546 545 546 546 452 452 452 452 453 452 453 452 452 452 452 453 452 452 453 453 454 453 452 452 452 453 452 452 453 453 454 453 453 453 452 451 452 452 452 453 452 453 481 480 479 479 479 479 480 479 480 480 479 478 478 479 479 479 478 478 477 477 477 478 478 478
510 510 511 511 511 544 544 543 543 543 543 544 545 545 545 544 545 545 545 546 546 546 546 546 547 547 546 545 547 547 547 546 453 453 453 453 454 454 454 454 454 454 453 453 453 454 454 454 454 454 455 454 454 454 453 452 454 454 454 454 453 454 454 454 454 452 452 454 454 453 453 481 481 482 480 480 480 480 480 480 481 481 481 479 479 479 479 479 479 479 479 478 478 478
511 511 511 511 513 545 544 545 545 545 545 545 546 546 546 546 546 545 546 547 547 547 547 547 547 547 548 547 548 548 549 549 454 453 454 454 455 455 454 455 455 455 455 455 455 455 455 454 455 455 455 455 454 455 455 455 456 455 454 455 455 455 454 454 455 455 454 455 454 454 455 454 482 482 482 481 481 481 482 482 481 481 481 481 481 481 480 480 479 479 479 480 481 480
512 512 512 512 513 514 546 546 545 546 546 546 547 547 547 547 548 548 548 547 548 548 548 548 548 548 548 548 550 549 549 549 456 456 455 455 454 456 456 455 455 456 456 456 455 455 457 457 457 456 455 456 456 456 455 455 457 457 457 456 456 455 456 455 455 455 455 456 456 456 456 455 454 482 483 483 483 482 483 483 482 482 482 482 482 481 481 481 482 481 480 480 481 481
514 514 514 514 514 514 546 547 547 547 546 547 548 548 548 548 548 548 549 549 550 549 550 550 550 549 549 549 550 550 551 550 456 456 456 457 456 457 457 458 457 456 456 456 457 457 457 457 457 458 458 457 457 456 457 456 457 457 457 458 457 457 457 457 456 456 456 457 457 456 456 457 457 457 483 483 483 483 483 484 484 484 483 482 482 483 483 482 482 482 482 480 481 482
514 514 515 515 516 516 516 548 548 549 549 548 548 549 549 549 549 549 549 549 551 551 550 550 551 551 551 551 551 552 551 551 457 457 457 457 457 459 458 458 458 458 459 458 457 457 458 459 458 458 458 458 458 458 458 458 459 458 458 458 458 458 457 458 458 458 457 458 457 458 458 457 457 457 457 485 485 484 484 485 484 484 485 485 484 484 483 483 482 483 483 483 483 483
515 516 515 515 517 517 517 549 549 549 549 550 551 551 550 551 551 550 550 550 551 551 551 552 551 551 551 552 553 552 552 553 459 459 457 458 458 459 459 458 459 459 459 459 458 459 460 460 459 458 459 459 459 459 458 459 460 460 460 459 459 459 459 458 458 458 459 460 459 459 459 458 458 458 458 458 486 485 485 487 486 485 485 485 485 484 485 485 485 484 483 483 484 484
516 516 516 517 517 517 518 518 550 550 550 550 551 552 552 551 551 552 552 552 553 553 552 552 552 553 552 552 553 554 554 553 459 460 460 460 459 460 460 460 460 459 459 460 460 460 460 460 461 461 461 460 459 460 460 459 460 460 461 461 460 460 460 460 460 459 459 460 460 459 460 460 460 460 458 458 459 487 486 487 487 487 486 486 486 486 486 485 485 485 485 484 485 485
518 518 518 518 520 520 518 518 551 551 551 551 552 552 552 553 553 552 552 553 554 554 554 554 554 554 554 554 554 554 554 554 461 460 460 460 461 462 461 461 461 462 462 460 460 461 462 462 461 461 462 462 461 461 461 461 462 461 461 461 461 462 461 461 461 461 460 461 461 461 461 460 460 460 461 460 460 459 487 487 488 488 488 488 487 487 486 486 486 486 486 486 486 486
519 519 519 519 519 520 521 521 520 552 553 553 554 553 553 553 553 553 554 553 554 555 555 555 554 554 555 555 556 556 556 556 461 461 462 461 461 462 462 463 462 462 462 463 462 462 461 462 463 462 462 462 462 462 462 462 462 463 463 462 462 462 462 461 461 462 462 462 462 462 461 462 461 461 461 461 460 460 461 490 489 488 488 488 488 488 488 488 487 486 486 486 486 488
519 520 520 520 520 521 521 521 522 554 553 553 555 555 555 555 555 555 554 554 556 555 555 555 556 556 555 555 556 557 557 556 463 463 463 463 461 463 463 463 463 463 463 463 463 463 463 464 464 464 463 463 463 463 463 462 462 464 464 464 463 463 463 463 463 462 462 462 463 463 463 463 463 462 461 462 462 462 461 461 490 490 489 489 489 489 488 488 488 489 489 487 487 488
522 520 520 521 521 522 522 522 522 522 555 555 555 555 556 556 556 556 556 556 557 557 558 556 556 556 557 557 556 557 558 558 464 463 463 464 464 464 464 465 464 464 464 463 464 464 464 465 464 465 465 465 464 464 463 464 464 464 464 464 465 465 464 464 464 463 463 463 464 464 464 463 464 464 464 463 462 462 462 462 463 491 491 491 490 489 490 490 489 489 489 489 488 488
522 522 523 522 522 524 524 523 523 523 555 555 555 557 556 556 557 557 557 556 557 558 558 558 559 558 558 558 557 559 558 558 464 465 465 464 464 464 466 466 465 465 466 466 464 464 464 466 466 465 465 465 466 466 465 465 465 465 466 465 465 465 465 464 465 465 465 465 464 464 465 465 464 464 464 464 464 464 463 463 464 463 491 492 492 491 491 491 490 489 489 490 490 490
523 523 523 523 524 524 524 525 525 525 525 557 557 557 557 558 557 557 557 558 558 558 558 559 559 559 558 559 559 560 560 560 466 465 465 465 465 465 466 466 467 466 466 466 466 467 466 467 466 466 467 466 466 466 466 465 466 466 467 467 465 466 466 466 466 465 465 466 467 466 466 465 465 464 465 465 465 465 464 464 465 465 464 492 492 492 491 491 492 492 491 490 490 490
524 524 524 524 524 525 526 525 525 526 526 558 558 559 559 559 559 560 559 558 558 560 560 559 559 560 560 560 559 561 561 561 467 466 467 467 467 466 467 467 467 467 467 467 467 467 467 467 468 468 468 467 466 466 467 467 467 466 467 468 468 468 467 466 466 467 466 466 466 467 466 467 467 467 466 465 465 465 466 465 465 466 466 465 464 493 493 493 492 492 492 492 491 491
525 525 525 525 525 525 526 526 527 526 526 526 559 560 559 560 560 560 560 561 560 561 561 562 561 560 560 560 561 561 561 561 468 468 468 467 467 468 469 469 468 468 468 468 468 467 468 468 469 468 468 469 469 469 468 467 467 468 468 468 468 468 468 468 468 468 468 466 466 468 468 468 467 467 467 468 467 466 466 466 466 466 467 467 467 466 493 493 493 492 493 493 493 492
526 526 526 527 527 527 528 527 527 527 528 527 559 560 561 561 560 560 561 561 561 562 562 562 562 562 563 562 561 561 563 563 468 468 468 469 469 468 468 470 470 469 469 469 470 469 468 468 469 470 470 469 469 469 469 469 469 469 469 469 469 469 469 469 468 468 469 469 469 468 468 468 468 468 468 468 468 468 467 467 467 468 467 467 467 467 466 495 495 494 493 493 493 493
527 528 527 527 527 528 529 528 528 529 529 529 530 560 561 561 562 562 561 561 562 562 563 562 563 563 563 563 562 563 564 564 470 469 469 469 469 469 469 470 470 470 471 470 470 470 470 471 469 470 470 470 469 470 470 470 470 469 470 471 471 469 469 469 470 470 469 469 469 469 470 470 469 469 469 468 468 469 469 468 468 468 468 467 468 468 468 467 495 495 495 494 494 494
528 528 528 529 528 528 529 530 530 529 529 530 530 530 563 563 563 563 563 563 562 562 563 564 564 563 563 564 564 564 564 565 471 471 471 470 471 470 470 471 471 471 471 471 471 471 471 471 471 471 471 472 471 471 470 470 471 471 470 471 471 471 472 471 470 470 470 469 470 470 471 471 470 470 471 470 469 469 469 469 468 469 470 470 470 468 468 468 468 496 496 496 496 495
528 528 529 529 529 529 529 530 530 531 531 530 530 531 564 564 564 564 564 564 564 565 565 564 564 565 565 564 564 565 565 566 471 471 472 472 472 471 471 472 473 471 471 472 472 472 471 471 471 473 473 472 472 472 473 471 471 471 471 472 472 472 472 472 471 471 472 471 471 470 471 471 472 471 471 471 471 470 469 470 470 470 469 470 470 470 470 469 469 469 496 496 496 496
530 531 530 530 531 531 530 531 531 531 531 532 532 531 531 565 565 565 564 565 565 565 565 566 566 566 566 566 565 565 565 566 473 472 472 472 472 473 472 472 473 473 474 473 472 472 472 473 472 472 473 473 473 473 473 473 473 473 472 472 473 472 472 473 473 473 472 472 472 472 471 472 472 472 472 471 472 472 472 471 470 470 470 471 471 471 471 470 470 470 469 497 497 497
531 531 531 532 531 531 532 533 533 533 533 533 532 532 533 565 565 565 566 566 565 565 566 567 567 566 567 567 567 567 567 568 473 473 473 473 473 473 473 473 474 474 474 474 474 474 474 474 473 472 474 474 474 474 473 474 474 474 473 473 474 474 474 473 473 473 473 473 473 473 473 474 473 472 473 473 472 472 472 472 471 472 472 471 471 471 471 471 472 471 471 471 498 497
532 532 532 532 532 533 532 532 534 534 534 534 534 534 534 535 568 566 566 566 567 567 566 567 568 568 568 567 567 568 568 568 474 475 475 475 474 473 474 474 474 474 474 475 475 475 474 474 475 475 476 474 474 475 475 474 474 474 474 475 474 475 475 475 473 474 474 474 474 473 473 474 475 474 474 473 473 472 473 473 473 473 472 472 473 472 472 472 472 472 471 471 471 471
532 533 533 533 533 533 533 534 534 534 534 535 535 534 534 535 536 568 568 568 568 568 567 568 568 568 568 569 569 568 568 568 476 476 475 475 476 476 475 475 474 476 476 475 475 475 476 476 475 475 475 477 476 476 476 475 475 475 475 475 475 475 475 476 476 476 475 474 474 475 474 474 475 475 474 474 475 475 474 473 473 473 473 473 473 474 474 473 472 472 472 472 472 472
533 534 535 534 534 533 534 534 535 536 535 535 535 536 536 535 536 569 569 569 568 569 569 569 570 570 569 569 569 569 569 569 476 476 477 476 476 476 476 477 476 477 477 477 477 476 476 476 476 476 476 477 477 477 476 477 477 477 475 475 475 477 477 476 476 476 476 476 476 476 475 474 474 476 476 476 475 475 475 475 475 474 474 474 473 474 474 474 474 474 473 473 472 472
534 535 535 535 536 536 535 535 536 536 536 536 536 536 536 536 538 537 569 569 570 570 569 569 571 571 571 570 571 571 571 570 475 477 477 477 477 477 477 477 477 477 478 478 478 478 477 477 477 477 477 476 477 478 478 477 477 477 478 478 477 476 477 477 477 477 477 477 477 476 476 477 477 476 476 476 476 475 476 476 476 475 475 474 474 474 475 475 475 475 474 474 474 474
535 535 536 536 536 536 537 537 536 537 538 538 538 538 537 537 537 538 539 570 570 570 571 571 570 571 571 572 572 571 571 572 478 479 478 477 478 478 477 477 478 478 479 478 478 479 479 479 478 478 477 478 478 478 478 478 479 478 478 478 478 477 479 479 478 478 477 477 478 478 477 477 477 477 477 477 477 477 476 476 476 476 477 476 476 476 476 475 475 475 476 475 475 475
535 536 537 537 537 537 537 537 537 539 538 538 538 539 539 538 538 540 540 571 570 571 571 571 571 572 572 572 572 573 572 572 478 478 480 479 479 479 478 479 478 478 478 479 480 479 479 479 479 479 479 479 479 480 479 479 479 479 478 478 479 479 479 479 479 479 479 478 478 478 478 477 477 478 479 479 478 478 477 477 477 477 477 477 476 476 476 477 476 476 476 476 475 475
537 536 537 537 538 538 538 538 538 538 539 540 539 539 539 540 540 540 540 541 573 573 572 573 572 572 573 572 573 573 573 573 479 479 480 480 480 480 480 480 480 480 479 480 480 480 479 480 480 480 480 479 480 481 481 480 480 479 480 480 479 479 479 479 480 480 480 480 479 478 479 479 479 478 478 479 479 479 479 479 478 477 477 477 477 477 477 477 478 477 476 476 476 476
538 538 539 539 539 538 539 539 539 538 540 540 540 540 540 540 540 540 542 541 541 573 574 574 573 573 575 575 574 573 573 574 480 480 479 481 481 481 480 480 481 481 481 480 481 481 481 481 480 480 481 481 480 480 481 481 482 481 481 481 480 479 480 480 481 480 480 480 481 481 480 480 479 479 478 479 480 480 479 479 479 479 479 478 478 478 478 477 478 478 479 478 477 477
538 539 539 540 541 540 540 540 541 541 541 540 541 541 541 541 541 541 542 542 543 574 574 574 574 575 575 575 575 576 575 575 480 480 481 481 481 481 482 482 481 481 481 482 483 482 482 482 482 481 481 481 481 481 482 482 482 482 481 481 482 482 481 480 480 481 482 481 481 481 481 480 480 481 480 479 480 480 480 480 480 480 480 480 479 478 478 479 478 479 479 479 478 478
540 540 539 541 541 541 541 541 541 541 541 543 542 542 542 543 542 541 541 543 543 543 574 575 575 575 575 576 576 576 576 576 482 482 482 482 482 482 482 482 482 482 482 482 482 483 482 483 483 483 483 482 482 482 482 482 482 482 483 483 482 482 482 482 482 482 482 482 481 481 482 482 482 481 481 481 481 481 481 481 481 480 480 480 480 480 480 479 479 478 479 479 479 479
540 540 541 541 541 542 542 542 542 542 542 543 543 544 543 543 543 544 544 544 543 544 544 576 575 575 576 577 577 576 577 577 483 483 482 483 484 484 483 483 483 483 483 482 482 484 484 484 483 483 484 484 483 483 483 483 484 483 483 483 483 482 483 483 483 482 483 483 483 483 482 482 482 482 481 482 482 482 482 481 481 481 481 481 481 481 480 480 480 480 480 480 480 480
541 541 541 541 543 542 542 542 543 543 543 542 544 544 544 544 544 544 544 544 546 545 545 545 578 577 576 576 577 578 578 577 483 484 484 483 483 484 485 485 484 484 484 484 484 483 484 484 485 484 484 484 484 484 484 484 485 485 483 483 484 484 483 483 483 483 484 484 484 484 484 482 482 483 483 482 482 482 483 482 483 483 482 481 481 481 481 482 481 481 481 482 480 480
543 543 542 543 543 543 543 543 543 543 544 544 544 544 545 545 545 545 545 545 546 546 545 546 578 578 578 578 579 578 578 578 484 484 484 484 485 485 485 485 485 486 485 485 485 485 484 485 485 485 485 484 485 485 485 484 485 485 486 485 485 484 484 484 484 484 484 485 484 484 485 485 484 483 483 483 483 483 483 484 484 483 483 483 482 482 482 482 482 481 481 481 482 482
543 544 544 544 543 545 545 545 545 545 545 544 544 546 545 545 545 546 546 545 545 547 547 547 546 578 579 579 579 579 580 580 486 485 484 485 485 485 485 485 486 486 486 485 485 486 486 487 486 485 486 486 485 485 485 485 486 486 486 486 486 485 486 485 485 484 484 484 486 485 485 485 485 485 484 485 484 484 483 483 484 484 484 484 484 484 482 482 482 482 482 482 482 483
544 544 544 544 545 545 545 545 546 546 546 545 546 547 547 547 546 546 546 546 547 547 547 547 548 548 579 579 579 580 581 486 486 487 487 486 485 485 487 487 486 486 486 487 487 486 486 486 488 487 487 487 486 486 486 486 486 486 486 486 487 487 486 486 486 486 486 485 485 486 486 485 485 486 486 485 485 485 484 483 484 485 485 484 484 484 484 483 484 483 483 482 482 482
545 545 544 545 545 545 547 546 546 546 547 547 547 546 548 548 548 548 548 548 547 547 548 548 548 548 548 580 580 580 581 487 487 487 487 487 488 487 487 488 487 488 487 487 487 487 486 487 488 488 488 487 488 488 488 486 486 486 488 487 487 487 487 487 487 487 487 487 486 486 487 487 486 486 486 486 485 486 486 486 484 485 485 485 485 485 485 485 485 484 484 483 483 483
545 546 546 546 545 546 546 547 547 547 547 547 547 548 548 548 548 549 549 548 548 549 550 550 548 549 549 581 581 580 581 488 488 488 487 488 488 488 487 487 489 489 489 487 487 488 488 488 487 488 489 489 488 488 488 488 488 488 487 488 488 487 488 488 488 487 487 487 488 487 488 487 487 486 486 487 487 487 486 486 486 486 486 486 486 486 485 485 485 485 484 485 485 484
548 547 547 547 547 547 546 548 548 548 548 548 548 548 548 550 549 549 549 549 550 549 549 550 551 551 550 550 582 582 582 488 488 489 489 488 488 488 489 489 489 489 489 490 490 489 488 488 489 488 489 489 489 488 489 489 489 489 488 488 490 489 488 488 488 488 488 488 488 488 488 488 488 489 488 487 487 487 487 486 487 487 487 487 487 486 486 485 486 486 486 485 485 485
547 548 548 548 548 548 549 549 549 548 549 549 549 548 549 549 550 550 550 550 550 550 550 550 551 551 551 552 551 583 583 489 489 489 489 489 490 489 489 489 489 491 490 490 490 490 489 490 490 489 489 489 490 490 490 489 489 489 490 489 489 490 490 490 489 489 489 489 488 488 488 489 489 489 489 489 487 487 488 488 487 487 487 487 487 487 488 487 486 486 486 486 485 485
547 549 549 549 548 549 549 549 550 550 550 550 550 551 550 549 550 551 551 550 550 551 551 551 551 552 552 552 552 551 584 490 490 491 490 491 490 490 489 489 490 490 491 490 490 491 491 490 490 490 491 492 490 490 490 490 490 490 490 490 490 490 491 491 491 490 489 489 489 489 489 489 489 489 489 489 490 489 488 488 488 487 487 488 488 489 488 488 488 487 486 487 487 486
