testData/tiles/oneDegree/grid8.0-12.0-9.0-13.0.asc
ncols   200
nrows   200
xllcorner   8.0
yllcorner   12.0
cellsize   0.005
NODATA_value   -9999.0
[rows 120 to 159 of 200, columns 90 to 179 of 200]
968 967 967 967 966 966 966 966 965 965 964 965 965 965 964 964 964 1008 1008 1008 1009 1008 1008 1007 1007 1006 1006 1005 1004 1005 1005 1038 1039 1038 1038 1038 1039 1039 1039 1040 1042 1042 1042 1043 1043 1044 1044 1044 1044 1045 1045 1045 1047 1046 1048 1048 1048 1047 1047 1048 1048 1048 1048 1048 1047 1047 1047 1047 1047 1049 1048 1047 1048 1047 1047 1047 1047 1046 1046 1045 863 864 864 864 863 863 862 862 862 862
966 966 965 966 966 965 966 965 965 963 963 963 963 963 963 963 962 1008 1008 1008 1007 1006 1005 1006 1005 1005 1004 1005 1004 1004 1003 1037 1035 1036 1035 1036 1036 1038 1038 1039 1040 1040 1040 1041 1041 1042 1043 1043 1044 1045 1045 1045 1045 1045 1045 1046 1046 1046 1045 1045 1046 1045 1047 1047 1047 1048 1047 1046 1047 1047 1047 1046 1046 1045 1045 1044 1045 1044 1044 1045 862 862 861 862 861 861 861 860 859 859
963 964 964 965 964 964 963 963 962 964 964 963 963 961 961 960 960 1007 1007 1006 1006 1005 1005 1005 1004 1004 1004 1004 1003 1003 1002 1002 1035 1035 1034 1034 1035 1036 1037 1037 1038 1038 1039 1039 1039 1039 1041 1041 1041 1042 1042 1044 1043 1043 1043 1043 1044 1043 1044 1044 1044 1044 1044 1045 1044 1044 1045 1044 1044 1044 1043 1043 1044 1044 1045 1044 1043 1042 1043 861 861 862 861 860 860 861 860 860 860 859
963 963 963 962 963 961 962 962 962 962 961 961 961 961 960 960 961 1006 1005 1004 1005 1004 1004 1003 1004 1003 1003 1002 1002 1000 1001 1000 1034 1034 1034 1034 1035 1035 1035 1035 1035 1036 1037 1038 1039 1040 1040 1040 1040 1041 1041 1041 1041 1041 1042 1042 1041 1042 1043 1044 1043 1043 1044 1043 1043 1043 1043 1043 1043 1043 1043 1042 1041 1042 1042 1041 1042 1041 1041 860 860 860 860 860 859 858 858 858 857 858
962 962 961 961 961 960 960 961 961 959 960 959 959 959 959 960 959 1005 1004 1004 1003 1002 1001 1002 1002 1002 1001 1001 1000 1000 999 999 1032 1032 1032 1032 1033 1034 1034 1035 1035 1035 1036 1036 1037 1037 1038 1039 1040 1040 1040 1039 1039 1040 1040 1042 1041 1041 1041 1041 1041 1041 1041 1042 1041 1043 1042 1041 1042 1041 1041 1042 1041 1040 1042 1041 1041 1041 860 859 859 858 858 858 858 858 857 857 856 856
960 959 960 960 959 959 959 959 958 958 959 958 958 959 958 957 957 1002 1003 1002 1002 1002 1002 1001 1001 999 999 998 999 998 999 998 998 1031 1031 1029 1031 1031 1032 1033 1034 1035 1036 1036 1036 1036 1036 1037 1037 1038 1038 1038 1038 1039 1040 1040 1040 1040 1040 1041 1040 1040 1040 1039 1040 1040 1040 1040 1039 1039 1040 1040 1040 1040 1039 1039 1039 857 859 858 858 857 857 856 856 857 856 856 855 855
960 959 959 958 958 958 958 958 957 957 956 956 955 957 956 956 955 1002 1000 1000 1001 1001 1001 1000 1000 999 999 998 998 997 997 996 997 1030 1030 1029 1029 1031 1030 1032 1032 1033 1033 1034 1035 1036 1036 1035 1036 1036 1036 1037 1038 1038 1038 1039 1037 1038 1038 1038 1039 1039 1040 1038 1038 1039 1038 1039 1040 1039 1040 1039 1038 1039 1038 1038 1039 857 856 855 856 855 855 855 854 853 853 853 853 852
958 958 957 957 956 957 957 957 957 956 955 954 955 954 954 954 954 1000 999 999 999 1000 998 998 997 998 997 997 997 997 996 996 994 994 1027 1027 1028 1029 1031 1032 1032 1031 1032 1032 1033 1033 1034 1034 1035 1035 1035 1036 1036 1037 1037 1036 1037 1037 1037 1036 1036 1037 1037 1037 1037 1038 1037 1037 1037 1037 1038 1038 1038 1037 1036 1037 856 855 856 855 854 854 854 853 853 853 853 851 852 851
957 955 956 956 956 956 955 955 954 954 954 955 955 954 953 952 952 997 997 998 998 997 997 996 996 994 995 994 995 995 995 994 994 993 1027 1025 1026 1027 1029 1029 1030 1031 1031 1032 1031 1032 1032 1033 1033 1034 1034 1034 1035 1034 1035 1034 1035 1036 1036 1036 1036 1035 1036 1036 1037 1037 1036 1037 1036 1035 1036 1035 1035 1036 1035 1034 853 853 853 853 853 852 851 851 851 849 850 849 849 847
955 955 955 954 955 955 954 953 953 953 952 953 952 952 952 952 951 997 995 996 995 995 994 995 994 994 993 994 993 992 991 991 991 992 1025 1025 1025 1027 1027 1028 1028 1029 1029 1030 1030 1030 1032 1031 1032 1032 1033 1033 1033 1034 1034 1034 1033 1033 1034 1033 1034 1034 1035 1034 1035 1035 1035 1035 1036 1035 1035 1034 1034 1034 1034 853 852 852 852 850 850 850 850 849 849 848 849 848 849 848
954 954 953 953 953 953 953 952 953 952 951 951 951 950 950 949 949 949 996 996 995 995 993 993 992 992 992 993 992 992 991 991 989 989 988 1021 1023 1023 1025 1025 1028 1028 1028 1028 1029 1029 1029 1030 1030 1031 1030 1031 1032 1032 1032 1032 1033 1033 1032 1032 1032 1034 1033 1033 1034 1033 1032 1033 1032 1032 1033 1031 1031 1031 1030 849 850 850 849 850 849 848 849 848 849 848 848 847 847 846
952 951 951 951 952 952 951 951 950 950 949 951 950 950 950 948 948 947 994 993 994 993 993 992 992 991 991 990 990 989 990 989 989 988 988 1020 1022 1022 1022 1023 1023 1024 1026 1027 1026 1026 1026 1027 1028 1028 1029 1029 1030 1029 1028 1029 1029 1030 1029 1030 1032 1031 1031 1031 1031 1031 1031 1031 1030 1030 1030 1030 1030 1029 849 848 847 848 847 847 848 847 847 846 847 846 846 845 845 844
950 950 950 949 950 950 950 949 949 948 948 949 948 948 948 948 947 947 993 992 991 991 990 990 990 990 990 990 989 988 987 987 986 986 985 986 1021 1022 1022 1022 1022 1022 1023 1023 1024 1024 1026 1025 1026 1027 1027 1028 1028 1028 1028 1027 1028 1028 1028 1028 1029 1030 1029 1028 1029 1028 1029 1029 1029 1030 1029 1028 1029 1028 847 848 847 846 845 846 845 846 847 846 845 844 845 844 844 843
948 949 948 948 948 948 947 947 947 948 948 947 947 946 946 945 945 944 992 991 991 990 989 988 988 987 988 987 988 987 987 986 985 984 984 983 1019 1019 1020 1021 1022 1022 1021 1022 1022 1023 1024 1025 1025 1025 1025 1025 1026 1025 1027 1027 1027 1028 1026 1026 1028 1027 1028 1028 1028 1027 1027 1027 1027 1027 1027 1027 1027 844 845 845 844 845 844 843 843 844 843 843 844 843 842 842 843 842
948 947 946 945 947 946 946 946 945 945 944 945 946 946 945 944 943 943 989 989 988 989 988 988 988 987 986 986 985 985 984 984 984 984 983 983 1017 1018 1018 1019 1019 1020 1020 1020 1021 1021 1022 1023 1024 1024 1024 1025 1024 1024 1024 1024 1025 1024 1025 1025 1025 1025 1026 1027 1027 1026 1027 1027 1025 1026 1025 1025 845 844 844 843 843 843 843 843 842 843 842 842 841 841 841 841 839 839
946 946 945 945 944 945 945 944 944 943 943 942 943 942 942 941 943 943 988 988 987 987 986 986 985 986 985 986 985 984 983 983 982 981 981 980 982 1017 1018 1017 1018 1018 1019 1019 1019 1020 1020 1021 1021 1022 1023 1023 1023 1023 1024 1023 1023 1023 1023 1024 1024 1024 1025 1024 1023 1024 1024 1024 1024 1024 1023 1023 842 843 843 842 842 842 841 841 841 841 841 841 840 840 839 839 839 839
944 943 944 944 943 944 943 943 942 942 942 941 941 941 941 940 940 939 985 985 986 986 986 984 984 983 983 982 983 983 983 982 982 980 980 979 978 1015 1015 1016 1016 1018 1017 1018 1018 1018 1019 1019 1021 1021 1021 1020 1020 1021 1021 1022 1022 1022 1022 1022 1023 1022 1023 1024 1023 1022 1023 1022 1022 1023 1022 841 841 840 840 840 840 839 840 839 838 838 838 838 838 838 837 837 836 836
943 943 943 941 941 941 942 941 941 940 940 940 939 941 940 939 938 938 983 983 983 983 982 983 982 982 981 981 980 981 980 980 979 980 979 979 977 977 1014 1014 1015 1015 1016 1016 1016 1016 1016 1018 1018 1020 1019 1020 1020 1019 1020 1020 1020 1020 1020 1021 1019 1019 1020 1021 1021 1021 1022 1022 1021 1021 1021 840 839 840 840 838 838 838 838 838 838 837 836 836 836 835 834 835 834 834
941 942 941 941 940 940 939 939 939 939 939 938 938 937 938 937 937 937 983 981 981 981 981 980 980 979 980 979 979 977 978 977 978 977 977 976 976 976 1012 1013 1013 1014 1014 1015 1015 1016 1016 1015 1016 1016 1017 1017 1018 1019 1019 1019 1018 1018 1019 1019 1019 1019 1019 1019 1018 1019 1020 1019 1019 1020 837 837 837 837 837 837 837 835 836 834 834 835 835 834 833 833 833 833 832 832
939 938 939 939 939 938 938 938 938 938 937 938 936 936 935 936 935 935 980 980 980 980 980 979 978 978 977 977 976 976 975 977 976 975 974 974 973 974 974 1009 1011 1012 1012 1013 1014 1014 1015 1015 1015 1015 1014 1015 1016 1016 1017 1016 1017 1017 1016 1017 1017 1017 1018 1017 1018 1017 1016 1018 1018 836 836 836 834 835 835 834 834 834 834 832 833 833 832 832 832 831 830 830 830 830
937 938 937 937 936 936 937 936 936 936 936 935 935 934 935 934 934 933 979 978 978 977 977 976 978 977 976 975 975 974 974 973 974 973 973 973 972 972 973 1007 1008 1009 1010 1011 1010 1011 1011 1011 1011 1012 1013 1013 1014 1013 1014 1014 1014 1015 1015 1014 1014 1014 1014 1014 1014 1014 1014 1013 1013 833 833 834 834 834 832 833 833 832 833 832 832 830 831 831 830 830 830 829 828 828
935 935 935 934 936 936 935 935 933 934 934 934 933 933 932 932 931 932 933 977 977 976 976 975 975 975 975 974 974 974 972 972 971 971 971 971 970 971 971 1005 1006 1006 1007 1007 1009 1009 1010 1009 1009 1010 1010 1011 1011 1011 1011 1010 1013 1013 1013 1013 1013 1014 1014 1012 1013 1013 1012 1013 832 831 831 831 831 832 831 831 830 830 830 829 830 829 829 827 828 827 827 827 827 826
933 933 932 933 933 933 933 932 933 932 932 931 932 931 931 931 930 930 929 976 975 976 975 974 973 973 972 973 972 972 971 970 971 969 969 968 969 969 970 970 1005 1005 1004 1005 1005 1007 1008 1009 1009 1009 1009 1009 1010 1010 1009 1010 1010 1011 1011 1010 1011 1011 1010 1011 1012 1011 1011 830 830 830 830 829 829 829 828 829 828 829 830 828 828 827 828 827 827 825 826 825 825 824
932 933 932 932 930 930 929 931 930 930 929 930 929 929 930 930 929 928 928 973 973 973 973 972 972 972 971 970 970 970 970 969 968 968 967 967 965 967 968 969 1003 1004 1004 1004 1004 1004 1005 1005 1007 1007 1007 1009 1009 1008 1008 1008 1009 1009 1008 1009 1008 1010 1009 1009 1010 1009 1009 828 827 827 828 827 827 828 826 826 825 827 827 826 827 825 826 825 826 825 825 823 824 823
930 930 930 930 930 929 929 928 927 927 928 928 927 927 926 928 927 927 926 973 971 971 970 971 970 970 969 969 968 969 967 968 967 966 966 965 965 964 966 965 967 1001 1003 1003 1003 1004 1004 1004 1004 1004 1005 1006 1006 1006 1006 1006 1006 1007 1006 1007 1008 1008 1006 1007 1007 1007 827 827 826 826 826 825 826 826 825 826 824 824 823 824 824 823 824 822 822 821 822 821 821 819
928 928 927 927 928 928 927 927 926 926 926 926 925 925 925 924 924 923 924 969 970 969 969 968 968 968 968 967 967 966 966 965 965 964 964 964 963 963 964 965 965 1000 999 1000 1001 1001 1002 1002 1004 1004 1003 1004 1003 1004 1005 1005 1006 1005 1004 1005 1005 1005 1005 1005 1006 823 823 824 823 824 826 825 824 823 824 824 823 824 822 822 821 822 822 821 821 820 820 819 819 819
928 927 927 926 925 924 925 925 925 925 924 924 923 924 923 923 922 922 921 967 967 967 966 966 965 966 965 966 965 965 964 964 963 963 962 961 961 960 961 963 964 964 999 999 998 999 1000 1001 1001 1001 1002 1001 1001 1001 1002 1003 1003 1003 1004 1004 1004 1003 1003 1004 822 822 823 822 821 822 821 821 822 821 820 822 821 821 820 821 819 819 818 819 819 818 817 816 816 815
924 924 925 925 924 924 923 923 922 922 922 922 922 921 921 921 921 920 920 965 965 964 965 964 964 963 963 962 962 961 961 961 962 961 961 960 959 959 959 960 961 962 996 996 998 998 999 998 999 1000 999 1000 1000 1001 1001 1000 1000 1000 1000 1001 1001 1000 1001 1002 821 821 821 821 821 820 819 820 820 819 820 819 818 819 818 817 816 817 815 816 815 816 816 815 815 813
923 922 922 921 921 922 922 922 921 921 920 921 920 919 919 919 918 918 918 964 963 963 962 961 961 962 961 961 960 960 959 959 958 958 957 957 957 956 957 957 958 959 961 995 995 996 996 997 996 996 997 997 998 999 999 1000 999 999 999 999 999 999 999 819 818 817 818 817 818 819 817 816 817 816 817 816 817 817 815 816 815 815 814 815 813 813 812 812 812 812
921 922 921 921 920 919 919 919 920 919 919 918 918 917 918 917 916 915 916 961 962 961 961 960 960 959 959 957 959 958 958 957 957 956 956 955 954 954 954 955 955 957 957 991 991 992 993 993 994 994 994 995 994 995 995 994 995 996 997 998 996 996 816 815 815 816 816 814 815 815 814 815 814 814 814 814 814 813 814 814 812 812 812 812 811 811 810 810 809 809
918 917 917 918 919 919 918 918 917 916 916 916 916 916 915 915 915 915 914 914 958 959 958 959 958 958 957 957 956 956 954 955 955 955 954 953 953 952 953 952 954 954 955 989 989 990 991 991 991 991 993 993 994 994 993 993 993 993 994 993 994 813 812 812 813 813 813 814 814 813 813 813 812 813 813 812 812 811 811 810 811 811 809 809 809 810 809 809 807 808
915 916 915 915 915 914 915 916 916 915 915 914 914 913 913 913 913 912 912 911 958 957 957 956 955 955 955 955 955 954 954 953 953 951 951 951 950 951 951 952 952 953 952 952 988 988 989 989 990 990 989 990 990 991 991 992 993 992 992 992 992 811 812 811 810 811 810 810 811 810 811 811 810 810 809 810 810 809 809 808 808 808 808 808 807 807 806 807 806 806
914 914 914 914 914 913 912 912 911 912 913 913 912 912 911 911 911 910 909 910 955 955 954 955 954 954 953 952 951 951 952 952 951 951 950 949 948 947 947 949 950 950 951 952 985 986 986 987 987 988 989 989 989 988 988 989 989 989 989 989 807 810 809 809 810 810 809 809 809 808 809 809 808 808 807 807 807 807 807 806 806 806 806 806 805 806 804 804 803 803
911 912 912 911 912 911 911 911 911 909 909 908 908 909 909 909 909 908 908 908 953 952 952 952 952 951 951 951 951 950 949 948 948 947 948 948 947 947 946 946 947 948 948 948 950 984 985 984 984 986 986 987 986 986 988 987 987 988 987 807 807 807 806 806 806 806 806 806 806 806 806 805 807 807 806 806 805 805 805 805 805 804 803 803 803 802 802 802 801 801
911 909 909 909 909 909 908 909 908 908 908 908 907 906 905 905 906 906 905 906 951 951 950 951 949 949 948 949 948 948 947 948 947 946 945 944 944 943 943 945 946 947 946 947 947 982 982 982 983 984 984 983 983 984 984 985 986 984 804 804 804 805 805 805 805 804 804 805 804 804 805 803 803 803 803 803 802 801 803 802 802 801 802 801 800 799 800 799 799 798
907 907 909 908 908 906 906 905 906 905 906 905 905 904 905 904 904 902 902 901 949 948 948 947 947 947 947 946 946 945 945 945 945 944 943 944 942 942 941 942 942 943 944 944 945 946 981 981 981 982 981 982 981 981 982 983 983 802 802 801 802 801 801 802 802 802 802 802 801 803 803 802 803 801 801 801 801 801 800 799 800 799 799 798 799 797 796 795 795 795
906 906 905 905 904 905 905 905 904 904 902 903 902 902 902 902 901 901 901 901 945 945 944 944 945 945 944 944 943 943 941 941 942 941 941 940 941 940 940 939 941 941 941 942 943 944 978 977 977 977 979 980 980 981 980 980 980 799 799 800 800 800 800 800 800 800 800 799 799 799 798 799 799 798 798 798 797 797 797 797 797 796 796 796 796 795 795 794 794 793
904 903 903 902 903 902 902 901 902 902 902 901 901 899 899 899 899 898 899 898 944 943 944 943 942 941 941 940 941 941 941 940 940 938 937 937 936 937 936 937 937 938 939 939 940 940 941 976 976 976 976 976 977 977 977 977 796 797 797 798 798 798 798 799 797 797 798 797 797 796 796 796 796 796 796 795 795 795 794 794 793 794 793 792 792 791 792 791 791 789
901 901 901 902 901 901 899 899 899 899 898 898 898 899 898 898 897 896 895 895 895 942 941 941 940 940 940 939 938 938 937 937 936 936 937 936 935 934 934 934 934 935 936 937 936 936 937 972 973 973 973 974 974 975 975 793 794 794 794 794 793 793 794 793 793 795 794 793 794 795 794 794 795 793 793 793 793 793 792 792 791 791 790 790 790 789 790 789 789 789
897 898 899 898 898 897 899 898 898 897 896 895 896 895 895 895 895 894 895 894 894 938 938 937 938 937 938 937 937 936 935 934 934 934 933 933 932 932 932 930 933 933 934 934 935 935 935 935 969 970 971 971 972 972 790 791 791 791 792 791 792 792 792 791 792 792 791 792 791 790 791 791 790 790 791 789 789 789 790 790 789 788 788 788 787 787 786 786 785 785
