testData/tiles/oneDegree/grid35.0-13.0-36.0-14.0.asc
ncols   200
nrows   200
xllcorner   35.0
yllcorner   13.0
cellsize   0.005
NODATA_value   -9999.0
[rows 0 to 45 of 200, columns 0 to 95 of 200]
113 113 114 115 116 116 117 118 119 119 120 121 122 122 123 124 125 125 126 127 127 128 129 130 130 131 132 132 133 134 134 135 136 136 137 138 138 139 140 140 141 142 142 143 143 144 145 145 146 146 147 147 148 149 149 150 150 151 151 152 152 152 153 153 154 154 155 155 155 156 156 156 157 157 157 158 158 158 158 158 159 159 159 159 159 159 159 159 159 159 159 159 159 159 159 159
112 113 114 115 115 116 117 118 118 119 120 120 121 122 123 123 124 125 126 126 127 128 128 129 130 130 131 132 133 133 134 135 135 136 137 137 138 138 139 140 140 141 142 142 143 143 144 145 145 146 146 147 147 148 148 149 149 150 150 151 151 152 152 153 153 153 154 154 155 155 155 156 156 156 156 157 157 157 157 158 158 158 158 158 158 158 158 158 159 159 159 158 158 158 158 158
112 113 113 114 115 116 116 117 118 119 119 120 121 122 122 123 124 124 125 126 126 127 128 129 129 130 131 131 132 133 133 134 135 135 136 137 137 138 139 139 140 140 141 142 142 143 143 144 144 145 146 146 147 147 148 148 149 149 150 150 151 151 151 152 152 153 153 153 154 154 154 155 155 155 156 156 156 156 157 157 157 157 157 157 157 158 158 158 158 158 158 158 158 158 157 157
112 112 113 114 115 115 116 117 117 118 119 120 120 121 122 122 123 124 125 125 126 127 127 128 129 129 130 131 131 132 133 133 134 135 135 136 137 137 138 139 139 140 140 141 142 142 143 143 144 144 145 145 146 147 147 148 148 149 149 149 150 150 151 151 152 152 152 153 153 153 154 154 154 155 155 155 155 156 156 156 156 156 156 157 157 157 157 157 157 157 157 157 157 157 157 157
111 112 113 113 114 115 116 116 117 118 118 119 120 121 121 122 123 123 124 125 126 126 127 128 128 129 130 130 131 132 132 133 134 134 135 136 136 137 137 138 139 139 140 140 141 142 142 143 143 144 144 145 145 146 146 147 147 148 148 149 149 150 150 150 151 151 152 152 152 153 153 153 154 154 154 154 155 155 155 155 155 155 156 156 156 156 156 156 156 156 156 156 156 156 156 156
111 111 112 113 114 114 115 116 117 117 118 119 119 120 121 122 122 123 124 124 125 126 126 127 128 128 129 130 130 131 132 132 133 134 134 135 136 136 137 137 138 139 139 140 140 141 141 142 143 143 144 144 145 145 146 146 147 147 148 148 148 149 149 150 150 150 151 151 151 152 152 152 153 153 153 153 154 154 154 154 154 155 155 155 155 155 155 155 155 155 155 155 155 155 155 155
110 111 112 113 113 114 115 115 116 117 118 118 119 120 120 121 122 123 123 124 125 125 126 127 127 128 129 129 130 131 131 132 132 133 134 134 135 136 136 137 137 138 139 139 140 140 141 141 142 142 143 143 144 144 145 145 146 146 147 147 148 148 149 149 149 150 150 150 151 151 151 152 152 152 152 153 153 153 153 153 154 154 154 154 154 154 154 154 154 154 154 154 154 154 154 154
110 111 111 112 113 114 114 115 116 116 117 118 119 119 120 121 121 122 123 123 124 125 125 126 127 127 128 129 129 130 131 131 132 133 133 134 134 135 136 136 137 137 138 139 139 140 140 141 141 142 142 143 143 144 144 145 145 146 146 147 147 147 148 148 149 149 149 150 150 150 151 151 151 151 152 152 152 152 152 153 153 153 153 153 153 153 153 153 153 153 153 153 153 153 153 153
109 110 111 112 112 113 114 115 115 116 117 117 118 119 119 120 121 122 122 123 124 124 125 126 126 127 128 128 129 129 130 131 131 132 133 133 134 134 135 136 136 137 137 138 138 139 140 140 141 141 142 142 143 143 144 144 145 145 145 146 146 147 147 147 148 148 149 149 149 149 150 150 150 151 151 151 151 151 152 152 152 152 152 152 152 152 153 153 153 153 153 153 153 152 152 152
109 110 111 111 112 113 113 114 115 115 116 117 118 118 119 120 120 121 122 122 123 124 124 125 126 126 127 128 128 129 130 130 131 131 132 133 133 134 134 135 136 136 137 137 138 138 139 139 140 140 141 141 142 142 143 143 144 144 145 145 146 146 146 147 147 147 148 148 148 149 149 149 150 150 150 150 150 151 151 151 151 151 151 151 152 152 152 152 152 152 152 152 152 152 152 151
109 109 110 111 111 112 113 114 114 115 116 116 117 118 118 119 120 121 121 122 123 123 124 125 125 126 126 127 128 128 129 130 130 131 131 132 133 133 134 134 135 136 136 137 137 138 138 139 139 140 140 141 141 142 142 143 143 144 144 144 145 145 146 146 146 147 147 147 148 148 148 148 149 149 149 149 150 150 150 150 150 150 151 151 151 151 151 151 151 151 151 151 151 151 151 151
108 109 110 110 111 112 112 113 114 115 115 116 117 117 118 119 119 120 121 121 122 123 123 124 125 125 126 127 127 128 128 129 130 130 131 131 132 133 133 134 134 135 135 136 137 137 138 138 139 139 140 140 141 141 141 142 142 143 143 144 144 144 145 145 146 146 146 146 147 147 147 148 148 148 148 149 149 149 149 149 149 150 150 150 150 150 150 150 150 150 150 150 150 150 150 150
108 108 109 110 111 111 112 113 113 114 115 115 116 117 117 118 119 120 120 121 121 122 123 123 124 125 125 126 127 127 128 128 129 130 130 131 131 132 133 133 134 134 135 135 136 136 137 137 138 138 139 139 140 140 141 141 142 142 142 143 143 144 144 144 145 145 145 146 146 146 147 147 147 147 148 148 148 148 148 148 149 149 149 149 149 149 149 149 149 149 149 149 149 149 149 149
107 108 109 109 110 111 112 112 113 114 114 115 116 116 117 118 118 119 120 120 121 122 122 123 124 124 125 125 126 127 127 128 128 129 130 130 131 131 132 132 133 134 134 135 135 136 136 137 137 138 138 139 139 140 140 140 141 141 142 142 143 143 143 144 144 144 145 145 145 146 146 146 146 147 147 147 147 147 147 148 148 148 148 148 148 148 148 148 148 148 148 148 148 148 148 148
107 108 108 109 110 110 111 112 112 113 114 114 115 116 116 117 118 118 119 120 120 121 122 122 123 124 124 125 125 126 127 127 128 128 129 130 130 131 131 132 132 133 133 134 135 135 136 136 137 137 137 138 138 139 139 140 140 141 141 141 142 142 142 143 143 144 144 144 144 145 145 145 145 146 146 146 146 147 147 147 147 147 147 147 147 147 147 148 148 148 148 148 147 147 147 147
106 107 108 108 109 110 111 111 112 113 113 114 115 115 116 117 117 118 119 119 120 121 121 122 122 123 124 124 125 125 126 127 127 128 128 129 130 130 131 131 132 132 133 133 134 134 135 135 136 136 137 137 138 138 139 139 139 140 140 141 141 141 142 142 142 143 143 143 144 144 144 144 145 145 145 145 146 146 146 146 146 146 146 146 147 147 147 147 147 147 147 147 147 147 147 146
106 107 107 108 109 109 110 111 111 112 113 113 114 115 115 116 117 117 118 119 119 120 121 121 122 122 123 124 124 125 125 126 127 127 128 128 129 129 130 131 131 132 132 133 133 134 134 135 135 136 136 137 137 137 138 138 139 139 139 140 140 141 141 141 142 142 142 143 143 143 143 144 144 144 144 144 145 145 145 145 145 145 146 146 146 146 146 146 146 146 146 146 146 146 146 146
105 106 107 107 108 109 110 110 111 112 112 113 114 114 115 116 116 117 117 118 119 119 120 121 121 122 122 123 124 124 125 125 126 127 127 128 128 129 129 130 130 131 131 132 133 133 133 134 134 135 135 136 136 137 137 138 138 138 139 139 139 140 140 141 141 141 141 142 142 142 143 143 143 143 143 144 144 144 144 144 144 145 145 145 145 145 145 145 145 145 145 145 145 145 145 145
105 106 106 107 108 108 109 110 110 111 112 112 113 114 114 115 116 116 117 118 118 119 119 120 121 121 122 122 123 124 124 125 125 126 127 127 128 128 129 129 130 130 131 131 132 132 133 133 134 134 135 135 136 136 136 137 137 138 138 138 139 139 139 140 140 140 141 141 141 142 142 142 142 142 143 143 143 143 143 143 144 144 144 144 144 144 144 144 144 144 144 144 144 144 144 144
104 105 106 107 107 108 109 109 110 111 111 112 113 113 114 114 115 116 116 117 118 118 119 119 120 121 121 122 122 123 124 124 125 125 126 126 127 128 128 129 129 130 130 131 131 132 132 133 133 134 134 134 135 135 136 136 136 137 137 138 138 138 139 139 139 140 140 140 140 141 141 141 141 142 142 142 142 142 143 143 143 143 143 143 143 143 143 143 143 143 143 143 143 143 143 143
104 105 105 106 107 107 108 109 109 110 111 111 112 113 113 114 115 115 116 116 117 118 118 119 119 120 121 121 122 122 123 124 124 125 125 126 126 127 127 128 128 129 129 130 130 131 131 132 132 133 133 134 134 135 135 135 136 136 136 137 137 138 138 138 138 139 139 139 140 140 140 140 141 141 141 141 141 142 142 142 142 142 142 142 142 142 142 142 142 142 142 142 142 142 142 142
103 104 105 105 106 107 108 108 109 109 110 111 111 112 113 113 114 115 115 116 116 117 118 118 119 119 120 121 121 122 122 123 124 124 125 125 126 126 127 127 128 128 129 129 130 130 131 131 132 132 133 133 133 134 134 135 135 135 136 136 136 137 137 137 138 138 138 139 139 139 139 140 140 140 140 140 141 141 141 141 141 141 141 141 141 142 142 142 142 142 142 142 142 142 141 141
103 104 104 105 106 106 107 108 108 109 110 110 111 112 112 113 113 114 115 115 116 117 117 118 118 119 119 120 121 121 122 122 123 123 124 125 125 126 126 127 127 128 128 129 129 130 130 130 131 131 132 132 133 133 133 134 134 135 135 135 136 136 136 137 137 137 137 138 138 138 139 139 139 139 139 140 140 140 140 140 140 140 140 141 141 141 141 141 141 141 141 141 141 141 141 141
102 103 104 104 105 106 106 107 108 108 109 110 110 111 112 112 113 113 114 115 115 116 117 117 118 118 119 119 120 121 121 122 122 123 123 124 124 125 125 126 126 127 127 128 128 129 129 130 130 131 131 131 132 132 133 133 133 134 134 135 135 135 136 136 136 136 137 137 137 137 138 138 138 138 139 139 139 139 139 139 139 140 140 140 140 140 140 140 140 140 140 140 140 140 140 140
102 103 103 104 105 105 106 107 107 108 109 109 110 110 111 112 112 113 114 114 115 115 116 117 117 118 118 119 119 120 121 121 122 122 123 123 124 124 125 125 126 126 127 127 128 128 129 129 129 130 130 131 131 132 132 132 133 133 133 134 134 134 135 135 135 136 136 136 136 137 137 137 137 138 138 138 138 138 138 138 139 139 139 139 139 139 139 139 139 139 139 139 139 139 139 139
101 102 103 103 104 105 105 106 107 107 108 109 109 110 110 111 112 112 113 114 114 115 115 116 116 117 118 118 119 119 120 120 121 121 122 123 123 124 124 125 125 126 126 126 127 127 128 128 129 129 130 130 130 131 131 132 132 132 133 133 133 134 134 134 135 135 135 135 136 136 136 136 137 137 137 137 137 137 138 138 138 138 138 138 138 138 138 138 138 138 138 138 138 138 138 138
101 102 102 103 104 104 105 105 106 107 107 108 109 109 110 111 111 112 112 113 114 114 115 115 116 116 117 118 118 119 119 120 120 121 121 122 122 123 123 124 124 125 125 126 126 127 127 128 128 128 129 129 130 130 130 131 131 132 132 132 133 133 133 133 134 134 134 135 135 135 135 135 136 136 136 136 136 137 137 137 137 137 137 137 137 137 137 137 137 137 137 137 137 137 137 137
100 101 102 102 103 104 104 105 106 106 107 107 108 109 109 110 111 111 112 112 113 114 114 115 115 116 116 117 117 118 119 119 120 120 121 121 122 122 123 123 124 124 125 125 126 126 126 127 127 128 128 129 129 129 130 130 130 131 131 131 132 132 132 133 133 133 133 134 134 134 134 135 135 135 135 135 136 136 136 136 136 136 136 136 136 136 137 137 137 137 137 137 137 136 136 136
100 101 101 102 102 103 104 104 105 106 106 107 108 108 109 109 110 111 111 112 112 113 113 114 115 115 116 116 117 117 118 118 119 120 120 121 121 122 122 123 123 123 124 124 125 125 126 126 127 127 127 128 128 129 129 129 130 130 130 131 131 131 132 132 132 132 133 133 133 133 134 134 134 134 134 135 135 135 135 135 135 135 135 136 136 136 136 136 136 136 136 136 136 136 136 136
99 100 101 101 102 103 103 104 104 105 106 106 107 108 108 109 109 110 111 111 112 112 113 113 114 115 115 116 116 117 117 118 118 119 119 120 120 121 121 122 122 123 123 124 124 125 125 125 126 126 127 127 127 128 128 129 129 129 130 130 130 130 131 131 131 132 132 132 132 133 133 133 133 133 134 134 134 134 134 134 134 135 135 135 135 135 135 135 135 135 135 135 135 135 135 135
99 99 100 101 101 102 103 103 104 105 105 106 106 107 108 108 109 109 110 111 111 112 112 113 113 114 114 115 116 116 117 117 118 118 119 119 120 120 121 121 122 122 122 123 123 124 124 125 125 125 126 126 127 127 127 128 128 128 129 129 129 130 130 130 131 131 131 131 132 132 132 132 132 133 133 133 133 133 133 133 134 134 134 134 134 134 134 134 134 134 134 134 134 134 134 134
98 99 100 100 101 101 102 103 103 104 105 105 106 106 107 108 108 109 109 110 110 111 112 112 113 113 114 114 115 115 116 116 117 117 118 118 119 119 120 120 121 121 122 122 123 123 124 124 124 125 125 126 126 126 127 127 127 128 128 128 129 129 129 129 130 130 130 131 131 131 131 131 132 132 132 132 132 132 133 133 133 133 133 133 133 133 133 133 133 133 133 133 133 133 133 133
98 98 99 100 100 101 101 102 103 103 104 105 105 106 106 107 108 108 109 109 110 110 111 112 112 113 113 114 114 115 115 116 116 117 117 118 118 119 119 120 120 121 121 122 122 122 123 123 124 124 124 125 125 126 126 126 127 127 127 128 128 128 128 129 129 129 129 130 130 130 130 131 131 131 131 131 131 132 132 132 132 132 132 132 132 132 132 132 132 132 132 132 132 132 132 132
97 98 98 99 100 100 101 102 102 103 103 104 105 105 106 106 107 108 108 109 109 110 110 111 111 112 113 113 114 114 115 115 116 116 117 117 118 118 119 119 119 120 120 121 121 122 122 122 123 123 124 124 124 125 125 125 126 126 126 127 127 127 128 128 128 128 129 129 129 129 130 130 130 130 130 130 131 131 131 131 131 131 131 131 131 131 131 131 131 132 131 131 131 131 131 131
97 97 98 98 99 100 100 101 102 102 103 103 104 105 105 106 106 107 107 108 109 109 110 110 111 111 112 112 113 113 114 114 115 115 116 116 117 117 118 118 119 119 120 120 120 121 121 122 122 123 123 123 124 124 124 125 125 125 126 126 126 127 127 127 127 128 128 128 128 129 129 129 129 129 129 130 130 130 130 130 130 130 130 130 131 131 131 131 131 131 131 131 131 131 131 130
96 97 97 98 99 99 100 100 101 102 102 103 103 104 105 105 106 106 107 107 108 109 109 110 110 111 111 112 112 113 113 114 114 115 115 116 116 117 117 118 118 118 119 119 120 120 121 121 121 122 122 122 123 123 124 124 124 125 125 125 125 126 126 126 127 127 127 127 127 128 128 128 128 128 129 129 129 129 129 129 129 129 130 130 130 130 130 130 130 130 130 130 130 130 130 130
95 96 97 97 98 99 99 100 100 101 102 102 103 103 104 105 105 106 106 107 107 108 108 109 109 110 111 111 112 112 113 113 114 114 115 115 115 116 116 117 117 118 118 119 119 119 120 120 121 121 121 122 122 122 123 123 123 124 124 124 125 125 125 125 126 126 126 126 127 127 127 127 127 128 128 128 128 128 128 128 129 129 129 129 129 129 129 129 129 129 129 129 129 129 129 129
95 96 96 97 97 98 99 99 100 100 101 102 102 103 103 104 104 105 106 106 107 107 108 108 109 109 110 110 111 111 112 112 113 113 114 114 115 115 116 116 117 117 117 118 118 119 119 119 120 120 121 121 121 122 122 122 123 123 123 124 124 124 124 125 125 125 125 126 126 126 126 126 127 127 127 127 127 127 127 128 128 128 128 128 128 128 128 128 128 128 128 128 128 128 128 128
94 95 96 96 97 97 98 99 99 100 100 101 102 102 103 103 104 104 105 105 106 107 107 108 108 109 109 110 110 111 111 112 112 113 113 114 114 115 115 115 116 116 117 117 118 118 118 119 119 119 120 120 121 121 121 122 122 122 122 123 123 123 124 124 124 124 125 125 125 125 125 126 126 126 126 126 126 127 127 127 127 127 127 127 127 127 127 127 127 127 127 127 127 127 127 127
94 94 95 96 96 97 97 98 99 99 100 100 101 101 102 103 103 104 104 105 105 106 106 107 108 108 109 109 110 110 111 111 112 112 112 113 113 114 114 115 115 116 116 116 117 117 118 118 118 119 119 119 120 120 120 121 121 121 122 122 122 123 123 123 123 124 124 124 124 124 125 125 125 125 125 125 126 126 126 126 126 126 126 126 126 126 126 126 126 126 126 126 126 126 126 126
93 94 94 95 96 96 97 97 98 99 99 100 100 101 101 102 103 103 104 104 105 105 106 106 107 107 108 108 109 109 110 110 111 111 112 112 113 113 114 114 114 115 115 116 116 116 117 117 118 118 118 119 119 119 120 120 120 121 121 121 121 122 122 122 123 123 123 123 123 124 124 124 124 124 124 125 125 125 125 125 125 125 125 125 125 126 126 126 126 126 126 126 126 126 125 125
93 93 94 94 95 96 96 97 97 98 99 99 100 100 101 101 102 102 103 104 104 105 105 106 106 107 107 108 108 109 109 110 110 111 111 111 112 112 113 113 114 114 115 115 115 116 116 116 117 117 118 118 118 119 119 119 120 120 120 120 121 121 121 121 122 122 122 122 123 123 123 123 123 123 124 124 124 124 124 124 124 124 125 125 125 125 125 125 125 125 125 125 125 125 125 125
92 93 93 94 94 95 96 96 97 97 98 98 99 100 100 101 101 102 102 103 103 104 104 105 105 106 107 107 107 108 108 109 109 110 110 111 111 112 112 113 113 113 114 114 115 115 115 116 116 116 117 117 117 118 118 118 119 119 119 120 120 120 120 121 121 121 121 122 122 122 122 122 122 123 123 123 123 123 123 123 124 124 124 124 124 124 124 124 124 124 124 124 124 124 124 124
92 92 93 93 94 94 95 96 96 97 97 98 98 99 100 100 101 101 102 102 103 103 104 104 105 105 106 106 107 107 108 108 109 109 110 110 111 111 111 112 112 113 113 113 114 114 115 115 115 116 116 116 117 117 117 118 118 118 119 119 119 119 120 120 120 120 121 121 121 121 121 122 122 122 122 122 122 122 122 123 123 123 123 123 123 123 123 123 123 123 123 123 123 123 123 123
92 92 92 93 93 94 94 95 96 96 97 97 98 98 99 99 100 101 101 102 102 103 103 104 104 105 105 106 106 107 107 108 108 108 109 109 110 110 111 111 111 112 112 113 113 113 114 114 115 115 115 116 116 116 117 117 117 117 118 118 118 119 119 119 119 120 120 120 120 120 121 121 121 121 121 121 121 122 122 122 122 122 122 122 122 122 122 122 122 122 122 122 122 122 122 122
92 92 92 92 93 93 94 94 95 95 96 97 97 98 98 99 99 100 100 101 101 102 102 103 103 104 104 105 105 106 106 107 107 108 108 109 109 109 110 110 111 111 112 112 112 113 113 113 114 114 114 115 115 115 116 116 116 117 117 117 117 118 118 118 118 119 119 119 119 119 120 120 120 120 120 120 121 121 121 121 121 121 121 121 121 121 121 121 121 121 121 121 121 121 121 121
