testData/tiles/oneDegree/grid1.0-7.0-2.0-8.0.asc
ncols   200
nrows   200
xllcorner   1.0
yllcorner   7.0
cellsize   0.005
NODATA_value   -9999.0
[rows 42 to 83 of 200, columns 94 to 187 of 200]
327 327 327 327 328 328 328 328 328 328 327 327 327 327 327 327 328 328 328 328 328 328 328 328 328 328 328 328 328 328 328 328 328 328 328 328 328 328 328 328 328 328 328 328 328 328 328 328 328 328 327 327 327 327 327 327 327 327 327 327 327 327 327 374 374 374 373 373 373 373 373 373 373 373 373 373 373 373 373 373 372 372 372 372 372 372 372 372 372 372 372 372 372 371
327 327 327 327 327 327 327 327 327 327 327 328 328 327 327 327 327 327 327 327 327 327 327 327 328 328 328 328 328 328 328 328 328 328 327 327 327 327 327 327 327 327 327 327 327 327 328 328 328 328 328 328 327 327 327 327 327 327 327 327 327 374 374 374 374 374 374 374 373 373 373 373 373 373 373 373 373 373 373 373 373 373 372 372 372 371 371 371 371 371 371 371 371 371
326 326 326 326 326 326 327 327 327 327 327 327 327 327 327 326 326 326 327 327 327 327 327 327 327 327 327 327 327 327 327 327 327 327 327 328 327 327 327 327 327 327 327 327 327 327 327 327 327 327 327 327 327 327 326 326 326 326 326 326 373 373 373 373 373 373 373 373 373 372 372 372 372 372 372 372 372 372 372 372 372 372 372 371 371 371 371 371 371 371 371 371 371 371
325 326 326 326 326 326 326 326 326 326 326 326 327 327 327 327 327 327 326 326 326 326 326 326 326 326 327 327 327 327 327 327 327 327 327 327 327 327 326 326 326 326 326 326 326 326 326 326 326 326 326 327 327 327 327 327 326 326 373 373 373 373 373 373 373 373 373 373 373 373 373 372 372 372 372 372 372 372 372 372 371 371 371 371 371 370 370 370 370 370 370 370 370 370
325 325 325 325 325 325 325 326 326 326 326 326 326 326 326 326 326 326 326 326 326 326 326 326 326 326 326 326 326 326 326 326 326 326 326 326 326 326 327 327 327 326 326 326 326 326 326 326 326 326 326 326 326 326 326 326 373 373 372 372 372 372 372 372 372 372 372 372 372 372 372 372 372 371 371 371 371 371 371 371 371 371 371 371 371 371 370 370 370 370 370 370 370 369
324 324 325 325 325 325 325 325 325 325 325 325 325 325 326 326 326 326 326 326 326 326 326 325 325 325 325 325 325 326 326 326 326 326 326 326 326 326 326 326 326 326 326 325 325 325 325 325 325 325 325 325 325 325 325 372 372 372 372 371 372 372 372 372 372 372 372 372 372 372 372 371 371 371 370 370 370 370 370 370 370 370 370 370 370 370 370 370 369 369 369 369 369 369
325 324 324 324 324 324 324 324 325 325 325 325 325 325 325 325 325 325 325 325 325 326 326 326 326 325 325 325 325 325 325 325 325 325 325 325 325 325 325 325 325 326 326 326 326 325 325 325 325 325 325 325 325 372 372 372 372 372 372 372 372 371 371 371 371 371 371 371 371 371 371 371 371 371 371 371 370 370 370 370 370 370 370 370 370 370 370 370 370 369 368 368 368 368
324 324 324 325 324 324 324 324 324 324 324 324 324 324 324 325 325 325 325 325 325 325 325 325 325 325 325 325 324 324 324 325 325 325 325 325 325 325 325 325 325 325 325 325 325 325 325 324 324 324 324 324 371 371 371 371 371 371 371 371 371 371 371 370 370 370 370 370 370 370 370 370 370 370 370 370 370 370 369 369 369 369 369 369 369 369 369 369 369 369 369 368 368 368
324 324 324 324 324 324 324 323 323 323 324 324 324 324 324 324 324 324 324 324 324 324 324 325 325 325 325 325 325 325 324 324 324 324 324 324 324 324 324 324 324 324 324 324 324 325 325 325 325 324 371 371 371 371 371 371 371 371 371 371 371 371 371 371 371 370 370 370 370 370 370 370 370 370 370 370 370 370 370 369 369 369 369 369 369 369 368 368 368 368 368 368 367 367
323 323 323 323 323 324 324 324 324 324 323 323 323 323 323 323 323 324 324 324 324 324 324 324 324 324 324 324 324 324 324 324 323 323 324 324 324 324 324 324 324 324 324 324 324 324 324 324 324 371 370 370 370 370 370 370 370 370 370 370 370 370 370 370 370 370 369 369 369 369 369 369 369 369 369 369 369 369 369 369 369 368 368 368 368 368 368 368 368 368 368 368 368 368
323 323 323 323 323 323 323 323 323 323 323 324 323 323 323 323 323 323 323 323 323 323 323 323 323 324 324 324 324 324 324 324 324 324 323 323 323 323 323 323 323 323 323 323 323 323 323 370 370 371 371 371 370 370 370 370 370 370 370 370 370 370 370 370 370 370 370 370 369 369 369 369 369 369 369 369 369 369 369 369 369 369 367 367 367 367 367 367 367 367 367 367 367 367
322 322 322 322 322 322 323 323 323 323 323 323 323 323 323 322 322 322 322 323 323 323 323 323 323 323 323 323 323 323 323 323 323 323 323 323 323 323 323 323 323 323 323 323 323 323 370 370 370 370 370 370 370 370 369 369 369 369 369 369 369 369 369 369 369 369 369 369 369 369 368 368 368 368 368 368 368 368 368 368 368 368 368 368 367 367 367 367 367 367 367 367 367 367
512 513 322 322 322 322 322 322 322 322 322 322 322 323 323 323 323 322 322 322 322 322 322 322 322 322 322 322 323 323 323 323 323 323 323 323 323 323 322 322 322 322 322 322 369 369 369 369 369 369 369 369 369 369 369 369 369 369 369 369 369 369 369 369 369 369 369 369 369 369 369 368 368 368 368 367 367 367 367 367 367 367 367 367 367 366 366 366 366 366 366 366 366 366
512 512 512 512 512 512 512 322 322 322 322 322 322 322 322 322 322 322 322 322 322 322 322 322 322 322 322 322 322 322 322 322 322 322 322 322 322 322 322 323 322 322 322 369 369 369 369 369 369 369 369 369 369 369 369 369 369 368 368 368 368 368 368 368 368 368 368 368 368 368 368 368 368 367 367 367 367 367 367 367 367 367 367 367 367 367 366 366 366 366 366 366 365 365
511 511 512 512 512 512 512 512 512 512 512 321 321 321 322 322 322 322 322 322 322 322 321 321 321 321 321 321 321 321 322 322 322 322 322 322 322 322 322 322 322 322 368 368 368 368 368 368 368 368 368 368 368 368 368 368 368 368 368 367 367 367 367 367 367 367 367 367 367 367 367 367 367 367 366 366 366 366 366 366 366 366 366 366 366 366 366 366 365 365 365 365 365 365
511 511 511 511 511 511 511 511 511 512 512 512 512 512 512 321 321 321 321 321 321 321 322 322 321 321 321 321 321 321 321 321 321 321 321 321 321 321 321 321 368 368 368 369 368 368 368 368 368 368 368 368 368 368 368 368 368 368 368 368 368 367 367 367 367 367 367 367 367 367 367 367 367 367 367 367 366 366 366 366 366 366 366 366 366 366 366 366 365 364 364 364 364 364
511 511 510 510 511 511 511 511 511 511 511 511 511 511 511 511 512 512 321 321 321 321 321 321 321 321 320 320 320 320 320 320 321 321 321 321 321 321 321 368 368 368 368 368 368 368 367 367 367 367 367 367 367 367 367 367 367 367 367 367 367 367 366 366 366 366 366 366 366 366 366 366 366 366 366 366 366 365 365 365 365 365 365 365 365 365 365 365 365 365 365 364 364 364
511 511 511 511 511 510 510 510 510 510 511 511 511 511 511 511 511 511 511 511 511 511 320 320 321 321 321 321 320 320 320 320 320 320 320 320 320 367 367 367 367 367 367 367 367 367 367 367 367 367 367 367 367 367 367 367 367 367 367 367 367 367 367 367 366 366 366 366 366 366 366 366 366 366 366 366 366 366 366 365 365 365 365 365 364 364 364 364 364 364 364 364 363 363
510 510 510 510 510 511 511 510 510 510 510 510 510 510 510 510 510 510 511 511 511 511 511 511 511 511 320 320 320 320 319 319 319 319 319 320 367 367 367 367 367 367 367 367 367 367 367 367 367 366 366 366 366 366 366 366 366 366 366 366 366 366 366 366 366 365 365 365 365 365 365 365 365 365 365 365 365 365 365 365 364 364 364 364 364 364 364 364 364 364 364 364 364 363
510 510 510 510 510 510 510 510 510 510 509 509 510 510 510 510 510 510 510 510 510 510 510 510 510 510 510 511 511 320 320 320 319 319 319 366 366 366 366 366 366 366 366 366 366 366 366 366 366 366 366 365 365 366 366 366 366 366 366 366 366 366 366 366 366 366 366 365 365 365 365 365 365 365 365 365 365 365 364 364 364 363 363 363 363 363 363 363 363 363 363 363 363 363
509 509 509 509 509 509 510 510 510 510 510 510 509 509 509 509 509 509 509 510 510 510 510 510 510 510 510 510 510 510 510 510 319 319 365 365 365 365 366 366 366 366 366 366 366 366 366 366 366 366 366 366 365 365 365 365 365 365 365 365 365 365 365 365 365 365 365 365 364 364 364 364 364 364 364 364 364 364 364 364 364 364 364 363 363 363 363 363 363 363 363 363 363 362
508 509 509 509 509 509 509 509 509 509 509 509 509 510 510 509 509 509 509 509 509 509 509 509 509 509 509 509 509 510 510 510 557 557 557 557 365 365 365 365 365 365 365 365 365 365 365 365 365 365 365 365 365 365 364 364 364 364 364 364 364 364 364 364 364 364 364 364 364 364 363 363 363 363 363 363 363 363 363 363 363 363 363 363 362 362 362 362 362 362 362 362 362 362
508 508 508 508 508 508 508 508 509 509 509 509 509 509 509 509 509 508 508 508 508 509 509 509 509 509 509 509 509 509 509 556 556 556 556 556 556 556 555 364 364 364 365 365 365 365 365 365 365 365 365 365 365 365 365 365 364 364 364 364 364 364 364 364 364 364 364 364 364 364 364 363 363 363 363 363 363 363 363 363 363 363 363 363 363 362 362 362 362 361 361 361 361 361
507 507 507 508 508 508 508 508 508 508 508 508 508 508 508 509 509 509 509 508 508 508 508 508 508 508 508 508 508 508 555 556 556 556 556 556 556 556 556 556 555 555 364 364 364 364 364 364 364 364 364 364 364 364 364 364 364 363 363 363 363 363 363 363 363 363 363 363 363 363 363 363 363 362 362 362 362 362 362 362 362 362 362 362 362 362 362 361 361 361 361 361 361 361
507 507 507 507 507 507 507 507 507 508 508 508 508 508 508 508 508 508 508 508 508 507 507 508 508 508 508 508 508 555 555 555 555 555 555 555 555 555 555 555 555 554 554 554 554 363 364 364 364 364 364 364 364 364 364 364 364 364 364 363 363 363 363 363 363 363 363 363 363 363 363 363 363 363 362 362 362 362 362 362 362 362 362 362 362 361 361 361 360 360 360 360 360 360
506 506 506 506 507 507 507 507 507 507 507 507 507 507 507 507 507 508 508 508 508 508 508 507 507 507 507 554 554 554 554 554 554 554 555 555 555 555 555 555 555 555 555 554 554 554 554 554 363 363 363 363 363 363 363 363 363 363 363 363 362 362 362 362 362 362 362 362 362 362 362 362 362 362 362 361 361 361 361 361 361 361 361 361 361 361 361 361 361 360 360 360 360 360
506 506 506 506 506 506 506 506 506 506 506 507 507 507 507 507 507 507 507 507 507 507 507 507 507 507 554 554 554 554 554 554 554 554 554 554 554 554 554 554 554 554 554 554 554 553 553 553 553 553 362 363 363 363 363 363 363 363 363 363 363 363 362 362 362 362 362 362 362 362 362 362 362 362 362 362 362 361 361 361 360 360 360 360 360 360 360 360 360 360 359 359 359 359
506 506 505 505 505 506 506 506 506 506 506 506 506 506 506 506 506 506 507 507 507 507 507 507 507 554 554 553 553 553 553 553 553 553 553 553 553 554 554 554 554 554 554 554 554 554 553 553 553 553 553 553 553 362 362 362 362 362 362 362 362 362 362 361 361 361 361 361 361 361 361 361 361 361 361 361 361 361 360 360 360 360 360 360 360 360 360 360 360 360 360 359 359 359
506 506 506 506 506 505 505 505 505 505 505 505 506 506 506 506 506 506 506 506 506 506 506 506 553 553 553 553 553 553 553 553 553 553 553 553 553 553 553 553 553 553 553 553 553 553 553 553 552 552 552 552 552 552 552 552 361 361 361 361 362 362 362 362 361 361 361 361 361 361 361 360 360 360 360 360 360 360 360 359 359 359 359 359 359 359 359 359 359 359 359 359 359 358
505 505 505 505 505 505 505 505 505 505 505 505 505 505 505 505 505 505 505 505 506 506 506 553 553 553 553 553 553 553 552 552 552 552 552 552 552 552 552 552 553 553 553 553 553 553 553 553 553 552 552 552 552 552 552 552 552 552 361 361 361 361 361 361 361 361 360 360 360 360 360 360 360 360 360 360 360 360 360 360 359 359 359 359 359 359 359 359 359 359 359 358 358 358
504 504 505 505 505 505 505 505 505 504 504 504 504 504 505 505 505 505 505 505 505 552 552 552 552 552 552 552 552 552 553 553 552 552 552 552 552 552 552 552 552 552 552 552 552 552 552 552 552 552 552 551 551 551 551 551 551 551 551 551 551 360 360 360 360 360 360 359 359 359 359 359 359 359 359 359 359 359 359 359 359 359 358 358 358 358 358 358 358 358 358 358 358 358
504 504 504 504 504 504 504 504 505 505 505 504 504 504 504 504 504 504 504 504 551 551 552 552 552 552 552 552 552 552 552 552 552 552 551 551 551 551 551 551 551 551 551 551 552 552 552 552 552 552 552 552 551 551 551 551 551 551 551 551 551 551 551 551 360 360 360 360 359 359 359 359 359 359 359 359 359 359 359 359 359 359 359 358 358 358 358 357 357 357 357 357 357 357
503 503 503 504 504 504 504 504 504 504 504 504 504 503 503 503 504 504 504 551 551 551 551 551 551 551 551 551 551 551 551 551 551 552 552 551 551 551 551 551 551 551 551 551 551 551 551 551 551 551 551 551 551 551 550 550 550 550 550 550 550 550 550 550 550 550 359 359 359 359 358 358 358 358 358 358 358 358 358 358 358 358 358 358 357 357 357 357 357 357 357 357 357 357
503 503 503 503 503 503 503 503 503 503 504 504 504 504 504 503 503 503 550 550 550 550 550 550 551 551 551 551 551 551 551 551 551 551 551 551 551 550 550 550 550 550 550 550 550 550 550 550 550 551 551 551 551 551 551 550 550 550 550 550 550 550 550 550 550 550 550 550 359 359 359 358 358 358 358 358 358 358 358 358 358 358 357 357 357 356 356 356 356 356 356 356 356 356
502 502 502 502 503 503 503 503 503 503 503 503 503 503 503 503 503 550 550 550 550 550 550 550 550 550 550 550 550 550 550 550 550 550 550 550 551 551 550 550 550 550 550 550 550 550 550 550 550 550 550 550 550 550 550 550 549 549 549 549 549 549 549 549 549 549 549 549 549 549 549 358 357 357 357 357 357 357 357 357 357 357 357 357 357 357 356 356 356 356 356 356 356 356
502 502 502 502 502 502 502 502 502 502 502 503 503 503 503 503 550 550 550 549 549 549 549 549 549 549 549 550 550 550 550 550 550 550 550 550 550 550 550 550 549 549 549 549 549 549 549 549 549 549 549 549 549 549 549 549 550 550 549 549 549 549 549 549 549 549 549 549 549 549 549 549 549 357 357 356 356 356 356 356 356 356 356 356 356 356 356 355 355 355 355 355 355 355
502 502 502 502 502 502 502 502 502 502 502 502 502 502 502 549 549 549 549 550 550 549 549 549 549 549 549 549 549 549 549 549 549 549 549 549 549 549 549 550 550 549 549 549 549 549 549 549 549 549 549 549 549 549 549 549 549 549 549 548 548 548 548 548 548 548 548 548 548 548 548 548 548 548 547 547 356 356 356 356 356 356 356 356 356 356 356 356 355 355 355 355 354 354
502 502 502 502 502 502 502 502 502 502 502 502 502 502 549 549 549 549 549 549 549 549 548 548 548 548 548 548 548 549 549 549 549 549 549 549 549 549 549 549 549 549 549 548 548 548 548 548 548 548 548 548 548 548 548 548 548 548 548 548 547 547 547 547 547 547 547 547 547 547 547 547 547 547 547 547 546 546 355 355 355 355 355 355 355 355 355 355 355 354 354 354 354 354
502 502 502 502 502 502 502 502 502 502 502 502 502 549 549 549 549 549 549 549 549 549 549 549 548 548 548 548 548 548 548 548 548 548 548 548 548 548 548 548 548 548 548 549 548 548 548 548 548 548 548 548 548 548 548 548 548 548 548 548 548 547 547 547 547 547 547 547 547 547 547 547 547 547 547 547 547 546 546 546 355 355 355 355 355 355 355 355 354 354 353 353 353 353
503 502 502 502 502 502 502 502 502 502 502 549 549 549 549 549 549 549 549 549 549 549 549 549 549 549 548 548 548 548 548 548 548 548 548 548 548 548 548 548 548 548 548 548 548 548 547 547 547 547 547 547 547 547 547 547 547 547 547 547 547 547 547 546 546 546 546 546 546 546 546 546 546 546 546 546 546 546 545 545 545 545 354 354 354 354 354 354 354 354 354 353 353 353
503 503 503 502 502 502 502 502 502 502 549 549 549 549 549 549 549 549 549 549 549 549 549 549 549 549 549 548 548 548 548 548 548 548 548 548 548 548 548 548 548 548 548 548 548 548 548 547 547 547 547 547 547 547 547 547 547 547 547 547 547 547 547 547 546 546 546 546 546 546 546 546 546 546 546 546 546 546 546 545 545 545 545 545 354 354 354 354 354 354 354 354 353 353
503 503 503 503 503 502 502 502 502 549 549 549 549 549 549 549 549 549 549 549 549 549 549 549 549 549 549 549 549 548 548 548 548 548 548 548 548 548 548 548 548 548 548 548 548 548 548 548 547 547 547 547 547 547 547 547 547 547 547 547 547 547 547 547 547 546 546 546 546 546 546 546 546 546 546 546 546 546 546 546 545 545 545 545 545 545 545 354 354 354 354 354 354 353
