testData/tiles/oneDegree/grid27.0-22.0-28.0-23.0.asc
ncols   200
nrows   200
xllcorner   27.0
yllcorner   22.0
cellsize   0.005
NODATA_value   -9999.0
[rows 84 to 125 of 200, columns 0 to 93 of 200]
409 410 411 413 415 416 416 417 419 420 421 423 424 425 427 428 437 442 447 450 454 457 473 476 479 482 484 486 490 492 495 498 500 502 505 508 509 512 515 518 520 524 527 529 532 534 535 538 541 543 545 547 550 552 555 558 560 562 564 567 567 570 571 574 576 578 581 582 585 586 589 591 592 594 597 599 600 601 604 606 607 608 610 611 613 614 616 617 620 622 624 626 628 629
410 412 413 413 415 416 417 419 420 421 423 424 425 425 427 428 438 445 447 451 468 471 474 476 479 482 485 488 491 493 496 498 500 502 505 508 511 515 517 519 523 525 527 530 533 535 536 539 542 545 546 549 552 553 556 559 561 562 565 568 568 571 573 576 578 580 582 583 586 588 589 591 593 596 597 598 600 603 605 607 608 610 612 613 615 616 618 619 622 623 625 627 628 630
411 412 413 415 416 417 418 420 421 422 423 424 425 427 429 429 440 445 461 465 468 471 474 479 481 483 486 488 491 493 496 498 501 505 507 509 513 515 518 520 523 526 528 532 535 536 538 541 543 545 548 550 552 555 557 559 562 565 567 569 570 573 574 576 579 580 583 585 587 588 590 593 595 597 598 601 603 604 606 608 610 611 613 614 616 616 619 620 623 624 626 627 629 632
412 413 414 416 417 418 420 420 421 423 425 426 426 428 429 430 441 457 461 467 470 473 476 479 481 484 486 488 492 495 497 499 503 505 508 510 514 516 518 523 525 527 531 533 535 536 539 541 544 547 548 551 555 556 558 561 564 565 567 571 571 573 574 577 580 582 585 586 589 590 592 594 595 598 600 601 603 605 608 609 610 612 614 614 618 619 621 622 624 625 629 630 631 633
413 414 415 417 417 418 420 422 423 424 425 426 428 429 429 444 454 459 463 467 470 473 477 478 481 486 488 490 493 495 498 500 504 506 508 513 515 518 521 523 526 528 531 534 536 537 541 543 546 548 550 552 555 557 559 562 564 566 569 571 572 574 577 579 581 583 586 587 589 591 592 595 597 599 600 601 606 607 609 610 612 614 616 616 619 619 621 623 626 627 629 630 632 634
414 414 416 417 419 421 421 422 423 425 426 426 429 430 444 446 454 459 464 468 470 475 478 480 483 486 488 490 495 497 499 503 505 508 510 514 516 518 522 524 526 531 533 535 539 539 541 543 547 548 550 553 556 557 561 564 565 567 570 570 573 576 577 579 583 584 586 587 589 593 594 597 598 600 602 604 605 607 610 611 613 614 616 617 619 620 623 624 626 628 631 633 634 636
414 416 418 418 419 421 422 423 424 426 427 429 443 443 444 446 455 460 465 469 472 476 478 480 484 486 489 492 496 499 501 504 506 508 512 514 516 521 523 526 528 531 533 536 539 539 542 545 547 549 553 555 557 558 562 564 565 568 571 571 574 576 579 581 584 585 587 590 591 593 595 597 599 601 603 604 605 609 611 611 614 616 617 619 621 622 624 625 628 630 631 633 635 637
415 417 418 419 420 421 423 424 426 427 427 442 443 444 447 447 456 462 466 469 472 476 479 482 485 488 491 495 496 499 503 505 508 510 513 516 518 521 524 526 529 532 534 537 539 541 543 546 549 550 553 555 558 560 562 564 567 570 572 572 576 578 579 582 584 586 589 590 591 593 596 598 600 603 604 606 608 610 612 612 615 617 618 620 622 622 624 627 629 630 631 634 635 638
416 417 418 420 422 423 424 424 426 440 441 443 444 445 447 448 456 462 466 469 475 477 480 483 487 489 492 495 498 502 505 507 509 513 515 516 520 522 524 527 531 533 535 539 539 541 545 547 549 551 554 556 559 561 564 566 568 570 573 574 576 578 580 583 585 586 590 591 593 596 597 599 601 604 604 606 608 610 612 614 616 617 619 620 622 624 627 628 629 632 633 636 637 640
417 419 420 420 422 423 424 426 440 441 442 444 445 445 447 448 457 464 467 470 475 478 481 484 488 490 496 497 499 503 506 509 510 513 516 518 521 524 526 529 531 534 537 539 540 542 545 548 551 553 555 557 561 562 564 567 569 571 573 574 577 580 582 584 586 588 591 592 594 595 597 600 602 604 604 607 610 612 614 615 616 618 621 622 623 625 626 628 630 633 634 636 638 640
417 419 420 421 423 424 438 440 441 442 443 444 445 447 449 449 457 463 468 471 475 478 483 487 489 492 496 499 501 503 507 509 512 515 517 519 523 525 526 530 532 534 538 540 541 544 547 549 551 553 556 558 561 562 566 569 570 572 574 576 578 581 582 584 586 589 591 592 594 597 599 602 603 605 607 609 610 612 614 615 617 620 620 622 623 625 627 629 631 633 635 638 639 642
418 420 421 422 424 438 439 440 441 442 445 446 446 448 449 450 459 463 467 473 477 481 483 488 491 493 496 499 503 506 509 511 514 516 519 520 523 526 529 531 533 536 539 539 541 545 547 549 552 555 557 559 561 564 566 569 570 573 575 576 578 581 583 586 588 590 592 594 596 597 599 602 604 606 607 609 610 613 615 616 619 621 621 623 625 627 628 631 632 634 636 639 640 642
420 421 422 436 437 438 439 442 443 443 445 446 447 449 449 451 459 466 470 474 478 481 485 488 492 495 498 502 503 507 510 512 515 517 520 523 525 527 529 533 535 536 539 540 542 546 548 551 553 555 557 561 562 564 567 570 571 574 576 577 580 583 584 586 588 591 593 594 596 597 601 603 604 607 608 610 612 615 615 617 619 621 622 625 625 627 629 631 632 635 637 639 640 643
421 421 435 436 439 440 440 442 443 444 446 446 448 450 451 452 460 466 471 476 479 483 487 491 493 496 499 502 505 507 510 514 517 519 521 524 526 529 531 533 536 539 539 541 543 547 549 551 553 556 558 561 563 566 569 570 572 575 577 578 580 582 584 587 589 591 594 595 598 599 602 603 605 608 609 611 612 615 615 617 620 621 622 625 625 628 631 633 634 637 638 640 642 645
434 436 437 437 439 440 441 443 443 445 447 448 449 450 452 453 461 467 473 477 481 485 487 491 494 497 502 504 506 510 512 514 518 520 522 524 528 530 533 535 537 539 540 543 544 547 549 553 555 557 559 562 564 566 569 570 573 575 576 578 581 584 586 588 590 592 594 596 598 599 602 603 606 609 609 611 613 616 617 619 621 622 623 626 627 629 631 633 634 637 638 641 643 645
435 436 437 439 440 440 442 444 445 446 447 448 449 452 453 455 462 469 473 478 482 485 490 493 495 499 502 504 507 510 512 515 519 521 524 527 529 530 534 536 538 539 541 544 546 548 551 552 555 557 560 562 564 566 570 572 574 576 577 580 583 584 586 588 591 593 594 596 598 599 604 605 607 608 610 612 615 617 617 620 621 622 624 627 627 629 631 633 634 638 640 642 644 646
436 437 437 439 441 442 443 444 445 446 448 451 451 454 455 457 463 469 474 480 484 487 489 494 497 498 503 505 508 513 514 516 519 523 524 527 530 532 534 537 539 540 542 544 547 550 551 552 556 558 561 563 565 568 571 572 574 577 578 580 582 584 586 589 592 594 595 597 600 601 604 605 607 608 611 613 615 617 617 619 622 624 625 627 628 630 632 635 636 639 640 642 644 646
437 438 439 440 441 442 443 445 447 447 450 451 453 454 456 457 466 471 475 481 484 487 490 494 497 501 505 506 510 513 515 517 520 522 525 530 531 533 537 538 539 540 544 546 547 551 553 555 557 559 561 564 566 568 571 572 575 577 579 581 583 586 588 589 592 594 595 598 599 601 604 605 608 610 612 613 615 618 619 621 623 624 625 627 628 631 633 635 636 639 640 642 645 646
437 438 439 440 442 443 444 446 448 449 451 452 453 457 458 459 461 472 477 481 485 488 492 497 499 501 506 508 510 514 516 519 522 524 526 529 531 533 535 538 539 542 545 547 549 552 553 555 558 560 562 564 566 569 572 574 575 576 579 582 583 586 588 589 593 595 595 599 600 602 606 607 609 609 612 613 616 618 619 621 623 624 625 628 629 631 634 636 637 640 642 643 645 647
437 439 440 441 443 444 445 447 448 450 453 455 455 457 459 460 463 471 477 482 487 489 493 497 499 503 505 509 512 516 517 520 523 525 526 529 532 535 536 540 541 543 546 548 550 552 554 555 560 562 563 564 568 570 571 574 575 577 580 582 583 587 590 591 594 596 596 599 601 603 605 607 609 609 613 614 616 618 620 621 625 626 627 628 630 632 633 637 638 639 642 643 645 646
438 440 441 442 443 444 446 449 451 451 454 455 457 458 459 462 463 474 478 482 487 491 494 498 501 504 508 510 512 515 519 521 522 526 529 531 533 536 538 541 541 543 547 549 551 553 556 558 559 562 563 566 568 570 571 575 577 578 581 583 584 588 590 591 593 595 597 599 601 603 605 608 610 611 614 615 617 617 620 622 623 625 627 627 630 632 634 635 638 639 641 644 646 648
439 440 441 442 446 447 448 450 452 453 454 456 458 460 462 463 464 473 478 484 488 491 495 499 502 505 508 511 514 516 519 522 525 527 529 531 535 536 538 541 544 545 548 550 552 553 556 558 560 562 564 567 570 570 573 576 577 578 580 584 585 587 590 591 595 597 598 600 602 604 606 608 610 611 613 615 617 618 621 622 623 624 628 629 631 633 635 636 639 640 643 644 647 648
439 442 443 444 446 448 449 451 452 455 456 458 460 460 463 464 465 474 480 484 490 493 495 499 503 505 508 512 515 517 520 523 525 528 531 533 536 538 541 541 544 546 548 550 552 554 558 560 562 564 566 567 570 572 574 574 576 579 581 584 586 588 590 593 595 595 598 600 602 605 606 608 609 611 614 616 619 619 621 623 624 626 628 629 631 632 635 636 639 641 643 644 646 648
440 442 444 446 447 448 451 452 455 456 457 459 460 462 464 465 467 474 480 485 489 493 498 500 504 507 510 513 515 518 521 523 526 529 532 534 535 539 540 542 544 547 550 552 553 555 558 561 561 563 567 569 570 572 575 577 578 580 582 583 586 589 590 593 595 595 598 600 603 605 607 609 609 613 614 616 619 619 621 623 625 626 627 629 631 632 636 638 640 641 643 645 647 648
442 443 445 447 449 451 452 453 455 457 458 460 462 463 465 467 467 474 481 486 490 495 498 501 505 507 510 513 517 519 521 525 527 528 532 535 537 540 541 544 546 548 549 551 555 557 558 561 562 566 568 570 571 572 576 577 578 580 582 584 587 589 591 593 596 597 599 601 603 605 607 610 610 612 614 616 616 620 623 624 625 627 628 629 632 634 636 637 640 641 643 644 648 649
443 445 447 449 449 452 453 454 457 458 460 461 463 464 465 467 470 476 481 487 491 495 498 501 504 509 511 514 517 519 523 525 527 529 533 535 538 539 543 543 545 548 551 552 556 558 560 561 564 566 568 570 572 574 577 576 579 582 584 585 587 590 591 594 596 597 599 600 603 605 607 610 611 613 614 618 618 620 622 624 625 626 629 630 632 633 636 637 639 640 644 645 647 649
445 445 447 449 451 453 455 456 457 460 460 461 464 466 467 469 470 471 482 486 490 496 500 503 505 510 512 515 518 520 524 526 529 531 533 536 538 539 542 544 546 549 552 554 555 559 561 562 564 566 569 570 573 575 576 578 580 582 584 586 587 589 592 594 594 598 600 602 604 606 608 608 611 613 615 617 618 620 621 622 625 627 628 630 632 634 635 637 640 642 643 645 647 649
446 447 449 451 452 454 456 456 458 460 463 464 464 467 468 469 471 472 482 488 493 496 500 504 507 508 512 516 519 522 523 527 530 532 533 536 539 541 542 546 548 550 552 554 557 559 560 563 565 569 570 571 574 575 577 578 581 582 583 587 590 590 592 595 595 597 600 602 604 605 608 608 611 613 615 618 618 621 622 624 625 628 628 630 631 634 636 638 639 641 643 645 646 648
447 449 450 452 453 454 456 459 460 461 463 464 466 468 468 471 473 474 482 487 493 496 500 504 507 511 515 516 519 522 525 526 530 534 536 536 539 541 544 545 548 550 553 556 558 559 562 564 566 568 570 571 574 577 578 579 581 584 586 587 590 591 592 593 596 598 599 602 605 606 609 610 612 613 615 618 618 621 622 624 625 626 627 630 632 634 635 638 640 642 643 646 647 650
448 449 451 452 455 457 457 459 461 462 464 465 467 468 471 471 472 475 482 488 494 498 501 504 508 511 513 517 519 523 526 528 530 533 536 537 540 542 544 547 550 552 554 556 558 559 562 565 566 568 570 574 575 576 578 580 582 583 586 588 588 591 595 595 596 599 600 602 604 607 609 609 611 613 615 617 618 621 622 624 625 627 629 631 632 635 636 638 639 642 643 646 647 649
448 452 453 453 456 457 459 460 461 464 465 467 468 469 471 472 474 475 482 489 494 497 501 505 509 512 515 518 521 523 526 529 531 533 535 539 541 543 545 548 550 553 553 555 558 562 563 565 568 570 571 573 576 576 577 581 583 584 586 589 591 592 594 595 597 597 600 603 604 606 607 609 612 614 617 617 619 620 623 624 626 627 628 631 632 634 635 638 640 642 643 645 647 648
450 451 454 455 456 458 460 461 464 465 465 467 469 470 472 474 475 476 484 488 493 498 503 505 508 513 516 517 521 524 526 529 532 534 536 538 540 543 546 548 549 552 555 557 559 561 564 565 567 570 572 573 576 578 580 581 583 585 587 588 591 593 593 594 597 600 601 603 605 607 607 610 613 614 616 616 619 620 622 623 625 626 628 630 632 634 637 639 640 641 643 644 646 648
451 453 454 456 458 459 461 462 463 465 467 468 470 472 473 474 476 477 478 490 494 498 503 506 509 512 515 518 523 525 527 530 533 534 536 538 542 544 546 548 551 553 555 558 560 561 564 566 568 570 573 576 575 577 580 582 582 585 588 589 591 593 595 596 598 600 602 602 604 606 608 610 611 613 616 617 620 621 623 624 626 626 628 629 633 634 636 637 639 640 643 644 647 648
452 454 455 458 458 460 462 463 465 466 468 469 471 472 473 475 478 478 479 489 495 499 502 507 511 513 516 520 522 525 528 530 532 535 537 540 542 545 546 548 551 554 555 558 561 564 564 566 569 571 573 574 576 578 579 582 585 586 588 590 592 594 595 597 598 599 601 603 605 608 608 611 612 614 615 617 620 621 622 623 624 626 629 630 632 633 635 636 640 641 644 645 647 648
453 454 456 457 460 461 462 465 466 467 469 470 471 473 476 476 477 480 481 488 493 500 504 506 510 514 517 518 522 525 529 530 532 534 538 541 542 544 548 551 552 554 557 559 561 563 565 566 569 572 575 575 576 579 582 582 584 587 588 589 592 594 594 597 598 601 603 604 606 606 608 610 611 614 615 617 618 620 621 624 626 627 629 630 632 634 636 637 640 641 643 644 646 647
453 455 457 459 461 462 464 464 466 468 470 472 473 474 475 477 478 479 482 488 494 499 503 507 511 514 517 520 524 526 527 530 534 535 537 540 544 546 548 551 553 554 557 560 561 562 565 569 571 572 573 575 577 579 581 583 584 586 590 592 593 594 595 597 599 601 602 604 606 606 607 610 613 615 615 617 618 621 622 624 624 626 628 630 632 633 636 637 639 640 642 643 644 647
454 455 458 459 460 463 464 466 468 469 470 472 474 474 475 478 480 481 482 489 495 499 503 508 511 514 518 521 523 525 527 531 534 537 538 541 543 546 548 550 553 555 557 559 562 565 566 568 571 572 573 575 578 580 581 583 586 587 589 591 593 594 595 597 599 601 603 605 606 608 610 611 612 613 615 617 619 620 621 623 624 626 627 630 632 634 635 637 638 640 641 644 646 648
456 456 457 460 462 464 465 467 468 469 472 472 474 477 478 478 479 482 483 483 495 500 504 507 511 515 518 521 523 526 529 532 534 536 540 542 543 545 549 552 553 555 558 560 562 564 567 568 570 573 575 576 578 579 582 584 586 587 589 591 592 595 597 598 600 602 602 605 607 607 609 610 613 613 614 616 619 620 622 624 624 626 628 630 631 633 634 637 638 640 642 644 645 647
456 458 460 460 462 464 466 468 468 471 472 474 475 476 478 479 481 482 484 485 495 500 504 507 512 516 518 520 525 526 529 531 534 536 540 542 545 547 549 551 554 555 558 561 564 565 567 569 572 573 574 577 577 579 582 584 586 588 590 591 594 595 596 597 599 601 604 605 605 608 609 611 613 615 615 616 619 619 621 622 624 626 627 629 631 633 634 636 639 641 642 644 645 647
456 459 460 461 463 464 466 468 471 471 472 474 476 477 479 481 482 483 484 486 493 499 505 509 512 514 517 521 523 526 530 533 535 538 539 542 545 548 549 551 554 558 559 561 563 565 567 569 571 574 574 576 579 582 583 584 586 587 591 592 594 594 596 598 601 602 604 606 606 608 609 611 612 614 616 616 618 618 620 621 624 626 628 630 631 633 635 637 638 640 641 643 644 645
458 459 460 463 464 466 467 468 469 471 474 475 476 479 480 480 482 484 485 487 493 500 505 508 511 515 518 522 524 527 530 533 535 537 539 543 545 548 550 553 555 557 559 561 562 565 567 570 572 573 574 577 579 581 583 584 586 589 590 592 595 595 596 599 600 603 604 605 606 607 609 612 613 614 615 617 617 619 622 622 624 625 627 628 630 632 634 635 637 638 640 641 643 645
458 460 462 464 464 466 467 469 471 472 474 475 478 478 480 481 484 485 486 487 494 498 503 507 512 515 518 521 524 527 530 532 535 539 541 543 546 547 550 552 555 556 559 561 565 566 568 570 572 573 575 577 578 581 583 586 587 589 591 593 593 595 597 599 600 602 604 605 608 609 610 612 613 614 614 618 618 619 621 621 623 624 626 628 631 632 634 635 637 638 640 642 644 645
