testData/tiles/oneDegree/grid7.0-5.0-8.0-6.0.asc
ncols   200
nrows   200
xllcorner   7.0
yllcorner   5.0
cellsize   0.005
NODATA_value   -9999.0
[rows 42 to 83 of 200, columns 0 to 93 of 200]
210 210 211 211 211 212 212 212 213 213 213 214 214 214 215 215 215 216 216 216 217 217 217 218 218 218 218 219 219 219 220 220 220 220 221 221 221 220 221 221 221 222 222 222 222 223 223 223 223 223 224 224 224 224 225 225 225 225 226 226 226 226 226 227 227 227 227 227 228 228 228 228 228 229 229 229 229 229 230 230 230 230 230 230 231 231 231 231 231 231 231 232 232 232
210 210 210 211 211 212 212 212 213 213 213 214 214 214 215 215 215 215 216 216 216 217 217 217 218 218 218 218 219 219 219 220 220 220 220 221 220 220 221 221 221 221 222 222 222 222 223 223 223 223 224 224 224 224 224 225 225 225 225 226 226 226 226 226 227 227 227 227 227 228 228 228 228 228 229 229 229 229 229 230 230 230 230 230 230 231 231 231 231 231 231 231 232 232
210 210 210 211 211 211 212 212 212 213 213 213 214 214 214 215 215 215 216 216 216 217 217 217 217 218 218 218 219 219 219 219 220 220 219 220 220 220 220 221 221 221 221 222 222 222 222 223 223 223 223 224 224 224 224 225 225 225 225 225 226 226 226 226 226 227 227 227 227 227 228 228 228 228 228 229 229 229 229 229 230 230 230 230 230 230 231 231 231 231 231 231 231 232
209 210 210 210 211 211 211 212 212 212 213 213 213 214 214 214 215 215 215 216 216 216 217 217 217 218 218 218 218 219 219 219 220 219 219 219 220 220 220 220 221 221 221 221 222 222 222 222 223 223 223 223 224 224 224 224 225 225 225 225 225 226 226 226 226 226 227 227 227 227 227 228 228 228 228 228 229 229 229 229 229 230 230 230 230 230 230 230 231 231 231 231 231 231
209 210 210 210 211 211 211 212 212 212 213 213 213 214 214 214 215 215 215 216 216 216 216 217 217 217 218 218 218 218 219 219 218 219 219 219 219 220 220 220 220 221 221 221 222 222 222 222 223 223 223 223 223 224 224 224 224 225 225 225 225 225 226 226 226 226 227 227 227 227 227 227 228 228 228 228 228 229 229 229 229 229 229 230 230 230 230 230 230 231 231 231 231 231
209 209 210 210 210 211 211 211 212 212 212 213 213 213 214 214 214 215 215 215 216 216 216 217 217 217 217 218 218 218 218 218 218 218 219 219 219 220 220 220 220 221 221 221 221 222 222 222 222 223 223 223 223 223 224 224 224 224 225 225 225 225 225 226 226 226 226 227 227 227 227 227 227 228 228 228 228 228 229 229 229 229 229 229 230 230 230 230 230 230 231 231 231 231
442 442 209 210 210 210 211 211 212 212 212 213 213 213 214 214 214 214 215 215 215 216 216 216 217 217 217 218 218 217 217 218 218 218 218 219 219 219 220 220 220 220 221 221 221 221 222 222 222 222 223 223 223 223 224 224 224 224 224 225 225 225 225 225 226 226 226 226 227 227 227 227 227 227 228 228 228 228 228 229 229 229 229 229 229 230 230 230 230 230 230 231 231 231
441 442 442 443 210 210 211 211 211 212 212 212 213 213 213 214 214 214 215 215 215 216 216 216 216 217 217 217 217 217 217 217 218 218 218 219 219 219 219 220 220 220 220 221 221 221 221 222 222 222 222 223 223 223 223 224 224 224 224 224 225 225 225 225 226 226 226 226 226 227 227 227 227 227 227 228 228 228 228 228 229 229 229 229 229 229 230 230 230 230 230 230 231 231
441 442 442 442 443 443 210 211 211 211 212 212 212 213 213 213 214 214 214 215 215 215 216 216 216 216 216 216 216 217 217 217 218 218 218 218 219 219 219 219 220 220 220 220 221 221 221 221 222 222 222 222 223 223 223 223 224 224 224 224 224 225 225 225 225 226 226 226 226 226 227 227 227 227 227 227 228 228 228 228 228 229 229 229 229 229 229 230 230 230 230 230 230 230
441 441 442 442 442 443 443 444 211 211 212 212 212 213 213 213 214 214 214 214 215 215 215 216 216 215 216 216 216 216 217 217 217 218 218 218 218 219 219 219 219 220 220 220 220 221 221 221 221 222 222 222 222 223 223 223 223 224 224 224 224 224 225 225 225 225 226 226 226 226 226 226 227 227 227 227 227 228 228 228 228 228 228 229 229 229 229 229 229 230 230 230 230 230
441 441 442 442 442 443 443 443 444 444 211 212 212 212 213 213 213 214 214 214 215 215 215 215 215 215 215 216 216 216 217 217 217 217 218 218 218 218 219 219 219 220 220 220 220 221 221 221 221 222 222 222 222 222 223 223 223 223 224 224 224 224 224 225 225 225 225 225 226 226 226 226 226 227 227 227 227 227 228 228 228 228 228 228 229 229 229 229 229 229 230 230 230 230
441 441 441 442 442 442 443 443 443 444 444 444 212 212 212 213 213 213 214 214 214 215 214 214 215 215 215 215 216 216 216 217 217 217 217 218 218 218 218 219 219 219 220 220 220 220 221 221 221 221 222 222 222 222 222 223 223 223 223 224 224 224 224 224 225 225 225 225 225 226 226 226 226 226 227 227 227 227 227 228 228 228 228 228 228 229 229 229 229 229 229 230 230 230
440 441 441 441 442 442 442 443 443 443 444 444 445 445 212 212 213 213 213 214 214 213 214 214 214 215 215 215 215 216 216 216 217 217 217 217 218 218 218 219 219 219 219 220 220 220 220 221 221 221 221 222 222 222 222 222 223 223 223 223 224 224 224 224 224 225 225 225 225 225 226 226 226 226 226 227 227 227 227 227 228 228 228 228 228 228 229 229 229 229 229 229 229 230
440 440 441 441 442 442 442 443 443 443 444 444 444 445 445 445 213 213 213 214 213 213 213 214 214 214 215 215 215 216 216 216 216 217 217 217 217 218 218 218 219 219 219 219 220 220 220 220 221 221 221 221 222 222 222 222 222 223 223 223 223 224 224 224 224 224 225 225 225 225 225 226 226 226 226 226 227 227 227 227 227 227 228 228 228 228 228 228 229 229 229 229 229 229
440 440 441 441 441 442 442 442 443 443 443 444 444 444 445 445 445 446 212 212 213 213 213 214 214 214 214 215 215 215 216 216 216 216 217 217 217 218 218 218 218 219 219 219 219 220 220 220 220 221 221 221 221 222 222 222 222 222 223 223 223 223 224 224 224 224 224 225 225 225 225 225 226 226 226 226 226 227 227 227 227 227 227 228 228 228 228 228 228 229 229 229 229 229
440 440 440 441 441 441 442 442 442 443 443 443 444 444 444 445 445 444 445 445 212 213 213 213 214 214 214 214 215 215 215 216 216 216 216 217 217 217 218 218 218 218 219 219 219 219 220 220 220 220 221 221 221 221 222 222 222 222 222 223 223 223 223 224 224 224 224 224 225 225 225 225 225 226 226 226 226 226 226 227 227 227 227 227 228 228 228 228 228 228 228 229 229 229
439 440 440 440 441 441 441 442 442 443 443 443 444 444 444 443 444 444 444 445 445 445 213 213 213 214 214 214 215 215 215 215 216 216 216 216 217 217 217 218 218 218 218 219 219 219 219 220 220 220 220 221 221 221 221 222 222 222 222 222 223 223 223 223 224 224 224 224 224 225 225 225 225 225 226 226 226 226 226 226 227 227 227 227 227 227 228 228 228 228 228 228 229 229
439 439 440 440 440 441 441 442 442 442 443 443 443 444 443 443 444 444 444 445 445 445 445 213 213 213 214 214 214 215 215 215 215 216 216 216 217 217 217 217 218 218 218 218 219 219 219 219 220 220 220 220 221 221 221 221 222 222 222 222 222 223 223 223 223 223 224 224 224 224 224 225 225 225 225 225 226 226 226 226 226 227 227 227 227 227 227 228 228 228 228 228 228 228
439 439 440 440 440 441 441 441 442 442 442 443 442 442 443 443 443 444 444 444 445 445 445 446 446 213 213 214 214 214 215 215 215 215 216 216 216 217 217 217 217 218 218 218 218 219 219 219 219 220 220 220 220 221 221 221 221 221 222 222 222 222 223 223 223 223 223 224 224 224 224 224 225 225 225 225 225 226 226 226 226 226 226 227 227 227 227 227 227 228 228 228 228 228
439 439 439 440 440 440 441 441 441 442 442 441 442 442 442 443 443 443 444 444 444 445 445 445 446 446 446 213 214 214 214 215 215 215 215 216 216 216 217 217 217 217 218 218 218 218 219 219 219 219 220 220 220 220 221 221 221 221 221 222 222 222 222 223 223 223 223 223 224 224 224 224 224 225 225 225 225 225 226 226 226 226 226 226 227 227 227 227 227 227 228 228 228 228
438 439 439 439 440 440 440 441 441 440 441 441 441 442 442 442 443 443 443 444 444 444 445 445 445 446 446 446 446 214 214 214 215 215 215 215 216 216 216 217 217 217 217 218 218 218 218 219 219 219 219 220 220 220 220 221 221 221 221 221 222 222 222 222 223 223 223 223 223 224 224 224 224 224 225 225 225 225 225 225 226 226 226 226 226 226 227 227 227 227 227 227 228 228
438 438 439 439 439 440 440 440 440 440 440 441 441 442 442 442 442 443 443 443 444 444 444 445 445 445 446 446 446 446 447 214 214 215 215 215 215 216 216 216 217 217 217 217 218 218 218 218 219 219 219 219 220 220 220 220 221 221 221 221 221 222 222 222 222 222 223 223 223 223 223 224 224 224 224 224 225 225 225 225 225 226 226 226 226 226 226 227 227 227 227 227 227 227
438 438 438 439 439 439 439 439 440 440 440 441 441 441 442 442 442 443 443 443 443 444 444 444 445 445 445 446 446 446 447 447 447 214 215 215 215 215 216 216 216 217 217 217 217 218 218 218 218 219 219 219 219 220 220 220 220 220 221 221 221 221 222 222 222 222 222 223 223 223 223 223 224 224 224 224 224 225 225 225 225 225 225 226 226 226 226 226 226 227 227 227 227 227
437 438 438 438 439 438 439 439 439 440 440 440 441 441 441 442 442 442 443 443 443 444 444 444 444 445 445 445 446 446 446 447 447 447 214 215 215 215 215 216 216 216 217 217 217 217 218 218 218 218 219 219 219 219 220 220 220 220 220 221 221 221 221 222 222 222 222 222 223 223 223 223 223 224 224 224 224 224 224 225 225 225 225 225 226 226 226 226 226 226 227 227 227 227
437 437 438 437 438 438 438 439 439 439 440 440 440 441 441 441 442 442 442 443 443 443 444 444 444 444 445 445 445 446 446 446 447 447 447 447 215 215 215 215 216 216 216 217 217 217 217 218 218 218 218 219 219 219 219 219 220 220 220 220 221 221 221 221 221 222 222 222 222 222 223 223 223 223 223 224 224 224 224 224 225 225 225 225 225 225 226 226 226 226 226 226 227 227
437 436 437 437 437 438 438 438 439 439 439 440 440 440 441 441 441 442 442 442 443 443 443 444 444 444 444 445 445 445 446 446 446 447 447 447 447 448 215 215 215 216 216 216 216 217 217 217 218 218 218 218 218 219 219 219 219 220 220 220 220 221 221 221 221 221 222 222 222 222 222 223 223 223 223 223 224 224 224 224 224 224 225 225 225 225 225 225 226 226 226 226 226 226
435 436 436 437 437 437 438 438 438 439 439 439 440 440 440 441 441 441 442 442 442 443 443 443 444 444 444 444 445 445 445 446 446 446 447 447 447 447 448 215 215 215 216 216 216 216 217 217 217 217 218 218 218 218 219 219 219 219 220 220 220 220 220 221 221 221 221 222 222 222 222 222 223 223 223 223 223 223 224 224 224 224 224 225 225 225 225 225 225 226 226 226 226 226
435 436 436 436 437 437 437 438 438 438 439 439 439 440 440 440 441 441 441 442 442 442 443 443 443 444 444 444 444 445 445 445 446 446 446 447 447 447 447 448 448 215 215 216 216 216 216 217 217 217 217 218 218 218 218 219 219 219 219 220 220 220 220 220 221 221 221 221 221 222 222 222 222 222 223 223 223 223 223 224 224 224 224 224 224 225 225 225 225 225 225 226 226 226
435 435 436 436 436 437 437 437 438 438 438 439 439 439 440 440 440 441 441 441 442 442 442 443 443 443 444 444 444 444 445 445 445 446 446 446 446 447 447 447 448 448 448 215 216 216 216 216 217 217 217 217 218 218 218 218 219 219 219 219 219 220 220 220 220 221 221 221 221 221 222 222 222 222 222 223 223 223 223 223 223 224 224 224 224 224 224 225 225 225 225 225 225 226
435 435 435 436 436 436 437 437 437 438 438 438 439 439 439 440 440 440 441 441 441 442 442 442 443 443 443 444 444 444 444 445 445 445 446 446 446 446 447 447 447 448 448 448 448 216 216 216 216 217 217 217 217 218 218 218 218 218 219 219 219 219 220 220 220 220 220 221 221 221 221 221 222 222 222 222 222 223 223 223 223 223 224 224 224 224 224 224 225 225 225 225 225 225
434 435 435 435 436 436 436 437 437 437 438 438 438 439 439 439 440 440 440 441 441 441 442 442 442 443 443 443 444 444 444 444 445 445 445 446 446 446 446 447 447 447 447 448 448 448 216 216 216 216 217 217 217 217 217 218 218 218 218 219 219 219 219 220 220 220 220 220 221 221 221 221 221 222 222 222 222 222 223 223 223 223 223 223 224 224 224 224 224 224 225 225 225 225
434 434 435 435 435 436 436 436 437 437 437 438 438 438 439 439 439 440 440 440 441 441 441 442 442 442 443 443 443 444 444 444 444 445 445 445 446 446 446 446 447 447 447 447 448 448 448 448 216 216 216 216 217 217 217 217 218 218 218 218 219 219 219 219 219 220 220 220 220 220 221 221 221 221 221 222 222 222 222 222 223 223 223 223 223 223 224 224 224 224 224 224 225 225
434 434 434 435 435 435 436 436 436 437 437 437 438 438 438 439 439 439 440 440 440 441 441 441 442 442 442 443 443 443 444 444 444 444 445 445 445 446 446 446 446 447 447 447 447 448 448 448 448 216 216 216 216 217 217 217 217 218 218 218 218 218 219 219 219 219 220 220 220 220 220 221 221 221 221 221 222 222 222 222 222 222 223 223 223 223 223 223 224 224 224 224 224 224
433 434 434 434 435 435 435 436 436 436 437 437 437 438 438 438 439 439 439 440 440 440 441 441 441 442 442 442 443 443 443 443 444 444 444 445 445 445 445 446 446 446 447 447 447 447 448 448 448 448 449 216 216 216 217 217 217 217 217 218 218 218 218 219 219 219 219 219 220 220 220 220 220 221 221 221 221 221 222 222 222 222 222 223 223 223 223 223 223 224 224 224 224 224
433 433 434 434 434 435 435 435 436 436 436 437 437 437 438 438 438 439 439 439 440 440 440 441 441 441 442 442 442 443 443 443 443 444 444 444 445 445 445 445 446 446 446 446 447 447 447 448 448 448 448 449 449 216 216 216 217 217 217 217 218 218 218 218 219 219 219 219 219 220 220 220 220 220 221 221 221 221 221 221 222 222 222 222 222 223 223 223 223 223 223 224 224 224
432 433 433 434 434 434 435 435 435 436 436 436 437 437 437 438 438 438 439 439 439 440 440 440 441 441 441 442 442 442 443 443 443 443 444 444 444 445 445 445 445 446 446 446 446 447 447 447 447 448 448 448 448 449 216 216 216 217 217 217 217 218 218 218 218 218 219 219 219 219 219 220 220 220 220 220 221 221 221 221 221 222 222 222 222 222 222 223 223 223 223 223 223 224
432 433 433 433 434 434 434 435 435 435 436 436 436 437 437 437 438 438 438 439 439 439 440 440 440 441 441 441 442 442 442 442 443 443 443 444 444 444 444 445 445 445 446 446 446 446 447 447 447 447 448 448 448 448 449 449 216 216 217 217 217 217 217 218 218 218 218 219 219 219 219 219 220 220 220 220 220 220 221 221 221 221 221 222 222 222 222 222 222 223 223 223 223 223
432 432 433 433 433 434 434 434 435 435 435 436 436 436 437 437 437 438 438 438 439 439 439 440 440 440 441 441 441 442 442 442 442 443 443 443 444 444 444 444 445 445 445 446 446 446 446 447 447 447 447 448 448 448 448 449 449 216 216 216 217 217 217 217 218 218 218 218 218 219 219 219 219 219 220 220 220 220 220 221 221 221 221 221 221 222 222 222 222 222 222 223 223 223
431 432 432 433 433 433 434 434 434 435 435 435 436 436 436 437 437 437 438 438 438 439 439 439 440 440 440 441 441 441 442 442 442 442 443 443 443 444 444 444 444 445 445 445 445 446 446 446 446 447 447 447 447 448 448 448 448 449 449 216 216 217 217 217 217 217 218 218 218 218 218 219 219 219 219 219 220 220 220 220 220 221 221 221 221 221 221 222 222 222 222 222 222 223
431 431 432 432 433 433 433 434 434 434 435 435 435 436 436 436 437 437 437 438 438 438 439 439 439 440 440 440 441 441 441 441 442 442 442 443 443 443 443 444 444 444 445 445 445 445 446 446 446 446 447 447 447 447 448 448 448 448 449 449 216 216 216 217 217 217 217 218 218 218 218 218 219 219 219 219 219 219 220 220 220 220 220 221 221 221 221 221 221 222 222 222 222 222
431 431 431 432 432 433 433 433 434 434 434 435 435 435 436 436 436 437 437 437 438 438 438 439 439 439 440 440 440 441 441 441 441 442 442 442 443 443 443 443 444 444 444 444 445 445 445 446 446 446 446 447 447 447 447 447 448 448 448 448 449 449 216 216 217 217 217 217 217 218 218 218 218 218 219 219 219 219 219 220 220 220 220 220 220 221 221 221 221 221 221 222 222 222
430 431 431 431 432 432 433 433 433 434 434 434 435 435 435 436 436 436 437 437 437 438 438 438 439 439 439 440 440 440 440 441 441 441 442 442 442 442 443 443 443 444 444 444 444 445 445 445 445 446 446 446 446 447 447 447 447 448 448 448 448 449 449 216 216 216 217 217 217 217 217 218 218 218 218 218 219 219 219 219 219 220 220 220 220 220 220 221 221 221 221 221 221 222
