testData/tiles/oneDegree/grid29.0-9.0-30.0-10.0.asc
ncols   200
nrows   200
xllcorner   29.0
yllcorner   9.0
cellsize   0.005
NODATA_value   -9999.0
[rows 42 to 83 of 200, columns 0 to 93 of 200]
277 277 276 276 276 275 275 275 274 274 274 273 273 273 271 271 270 270 270 269 269 269 268 268 268 267 266 266 265 265 265 264 264 264 263 248 248 246 246 247 246 246 246 233 233 233 231 277 277 276 276 276 275 275 274 273 273 273 272 272 272 270 270 270 270 271 273 273 272 273 274 275 276 276 277 277 277 278 279 279 280 279 279 280 280 281 282 281 280 281 281 282 282 281
276 277 276 276 276 275 275 275 274 274 273 273 273 272 271 271 270 270 270 269 269 269 268 268 268 267 266 266 265 265 265 264 264 264 263 248 247 247 247 236 235 234 280 279 279 278 277 277 277 276 276 276 275 275 274 273 273 273 272 273 275 274 275 277 277 278 279 278 278 279 279 280 281 281 282 282 282 283 284 284 285 283 284 285 285 286 284 284 285 286 285 286 286 286
266 266 265 276 276 275 275 274 274 274 273 273 273 271 271 271 270 270 270 269 269 269 268 268 268 266 266 266 265 265 265 264 264 264 263 249 237 236 282 281 280 280 280 279 279 278 277 277 277 276 276 276 275 274 275 276 277 278 279 280 281 280 281 282 282 283 284 284 284 285 284 285 286 286 286 287 287 288 287 288 288 288 289 289 289 289 289 288 289 290 290 289 290 290
266 265 265 265 264 264 264 263 274 274 273 273 272 271 271 271 270 270 270 269 269 269 268 268 268 266 266 266 265 265 265 253 253 299 299 283 282 281 281 281 280 280 280 279 279 278 277 277 277 277 279 280 280 281 282 282 283 284 284 286 286 286 287 287 287 288 289 288 288 289 289 290 291 291 291 290 291 292 292 293 292 292 293 293 292 293 293 292 293 294 293 294 295 294
266 265 265 265 264 264 264 263 263 263 262 262 261 260 260 260 259 259 259 258 258 258 257 257 256 255 255 255 254 300 300 299 300 300 283 282 282 281 281 281 280 280 280 279 279 280 281 282 283 284 285 286 286 286 288 288 289 290 290 291 291 290 291 292 292 292 293 292 293 294 294 295 294 295 295 295 295 296 296 297 296 296 296 296 296 296 297 297 298 298 298 298 298 298
266 265 265 265 264 264 264 263 263 263 262 261 261 260 260 260 259 259 259 258 258 258 257 257 302 301 301 301 300 300 301 299 299 299 283 282 282 281 281 281 282 283 285 285 285 287 287 288 289 289 290 292 291 292 293 293 294 295 295 295 294 294 295 296 296 297 298 296 297 297 298 299 298 298 299 299 299 300 300 299 299 299 300 300 301 301 301 301 301 302 302 301 302 301
266 265 265 265 264 264 264 263 263 263 262 261 261 260 260 260 259 259 259 258 304 304 303 302 302 301 301 301 300 300 300 299 299 299 282 283 285 285 286 288 288 289 291 290 291 292 292 293 294 294 295 296 295 296 297 297 298 299 298 298 299 299 299 299 300 301 300 300 301 301 302 303 302 302 303 302 303 304 303 302 303 303 304 305 304 304 305 304 305 305 304 305 305 305
266 265 265 265 264 264 264 263 263 263 261 261 261 260 260 260 305 305 305 304 304 304 303 302 302 301 300 301 300 300 300 301 302 304 288 289 291 291 292 293 294 295 296 295 296 297 297 298 299 299 300 300 300 301 302 302 302 301 302 302 302 303 303 303 304 305 304 304 305 305 305 306 306 306 306 306 307 306 307 307 307 307 307 308 308 307 308 307 308 309 307 308 308 308
266 265 265 265 264 264 264 263 263 262 261 261 307 306 306 306 305 305 305 304 304 304 302 301 301 301 302 303 304 305 306 307 308 308 294 295 296 296 297 298 299 300 301 300 301 302 302 303 304 303 304 303 304 305 304 305 306 305 306 306 306 306 307 307 308 308 307 308 309 308 309 310 308 309 310 310 310 311 309 310 310 310 311 311 310 310 311 311 311 312 310 311 311 311
266 265 265 265 264 264 264 263 308 308 307 307 307 306 306 306 305 305 305 303 303 303 302 304 306 306 308 309 309 311 312 312 313 314 299 300 301 301 302 303 303 304 304 304 305 305 306 307 307 308 308 307 307 308 308 309 309 309 309 310 309 310 311 311 311 311 311 311 312 312 312 313 313 313 313 313 313 314 312 313 314 313 314 314 313 314 314 314 314 314 313 314 313 313
266 265 265 265 310 310 310 309 308 308 307 307 307 306 306 306 304 304 305 306 307 308 309 310 312 312 313 315 315 316 317 317 317 303 303 304 305 306 307 306 307 308 307 308 309 309 310 311 311 311 310 310 311 312 311 312 313 313 312 313 313 314 314 314 315 314 314 315 315 315 317 317 316 315 316 316 316 317 316 316 317 316 317 317 316 316 317 317 317 317 316 316 316 316
312 311 311 311 310 310 310 308 308 308 307 307 306 305 306 308 308 310 311 311 313 314 314 316 316 317 318 318 320 321 321 322 322 307 308 309 309 310 311 311 311 311 311 312 313 313 314 313 313 314 314 314 314 315 315 316 316 316 316 316 316 317 318 317 318 318 317 319 319 319 320 318 318 319 319 319 319 319 318 319 320 319 320 319 319 319 320 319 320 318 318 318 319 318
311 311 311 310 310 310 308 308 307 306 307 308 309 311 312 312 314 315 316 318 318 318 319 320 321 322 323 323 324 325 325 325 326 311 312 313 313 314 314 314 315 315 315 316 317 315 316 317 317 316 317 317 318 318 318 319 320 318 319 320 319 320 321 320 320 322 321 322 322 321 322 321 321 321 322 322 322 322 321 322 322 322 322 322 322 322 323 322 322 321 321 321 322 321
311 311 311 309 309 308 308 309 311 311 313 314 315 316 317 318 319 321 321 321 323 323 324 325 325 326 327 327 328 329 328 329 330 315 316 317 316 317 318 318 318 319 318 318 319 319 320 320 320 320 321 320 321 322 321 322 323 321 322 323 322 323 325 324 324 325 324 324 324 324 325 324 324 324 325 324 325 324 324 325 325 325 325 325 324 325 324 324 323 324 323 324 324 324
310 310 310 311 312 313 313 315 316 317 318 319 320 321 322 323 325 326 326 326 327 327 328 329 329 330 331 331 332 333 332 333 334 318 319 320 320 321 322 321 320 321 321 322 322 322 323 324 322 323 324 323 324 325 324 325 325 324 325 326 326 327 328 327 327 327 326 327 327 327 326 327 326 327 328 327 327 327 327 327 328 327 327 327 327 326 327 326 326 326 326 326 326 326
313 314 316 317 317 318 319 320 321 322 323 324 324 325 328 328 329 330 329 330 331 331 332 333 333 334 335 335 336 335 335 336 322 322 323 324 323 324 324 323 323 324 324 325 325 325 326 327 325 326 327 326 327 328 327 328 328 327 329 329 329 330 330 329 328 329 329 329 330 329 329 329 329 330 330 330 329 330 329 330 330 330 329 328 328 329 328 329 328 328 328 329 328 329
318 320 321 321 322 323 324 325 326 326 327 328 330 331 332 332 333 333 333 334 335 335 336 337 337 337 338 338 339 339 339 340 325 325 326 326 326 326 327 326 327 327 327 328 328 328 329 330 328 329 330 329 330 330 330 330 331 331 332 332 332 332 332 331 331 332 331 332 332 331 332 331 332 332 332 332 332 331 332 332 332 332 331 330 331 331 331 330 331 330 330 331 330 331
323 325 325 325 327 328 328 329 330 330 331 334 334 335 336 336 337 337 337 337 338 338 339 340 340 341 342 342 341 342 342 343 329 327 328 329 329 329 329 329 330 330 330 331 331 331 332 331 331 332 332 332 333 333 334 333 333 334 334 334 333 334 333 333 334 333 334 334 334 333 334 334 334 335 334 334 334 334 334 335 333 333 333 333 333 334 333 332 333 332 333 333 333 333
328 328 328 330 331 331 332 333 333 334 336 336 337 338 338 339 339 339 340 341 341 342 343 342 343 344 344 345 344 344 344 345 330 330 331 331 332 332 331 332 332 332 333 333 333 334 334 333 334 334 334 335 336 336 336 336 336 336 336 335 336 337 335 336 336 336 336 337 336 336 336 336 336 337 336 336 336 336 336 336 335 335 335 335 335 336 335 335 335 335 335 335 335 335
331 332 333 334 335 335 336 337 338 339 340 340 341 342 342 342 343 342 343 344 344 345 346 346 346 347 347 346 347 346 347 348 333 333 334 334 334 334 334 334 335 335 335 336 336 336 336 336 336 337 338 338 339 338 338 339 337 338 338 338 338 339 338 338 339 338 339 339 338 338 339 338 339 339 339 338 339 337 338 338 338 337 338 337 338 338 336 337 337 337 337 338 337 337
335 336 336 337 338 338 339 341 341 342 343 343 344 345 344 345 346 346 346 347 347 348 349 349 348 349 348 349 349 349 350 336 335 336 337 336 337 337 336 337 338 337 338 339 338 339 339 338 340 340 340 341 341 341 339 340 340 340 341 340 341 340 340 340 341 340 341 342 340 341 341 341 341 342 340 340 340 339 340 340 339 339 340 339 340 340 339 339 339 339 339 340 339 339
339 340 340 341 342 343 344 345 345 346 347 347 347 348 347 348 349 349 350 350 349 350 351 350 351 352 351 351 352 352 353 338 338 339 339 339 339 339 339 340 340 340 341 341 341 341 342 342 342 343 343 343 343 341 342 342 342 342 343 343 343 343 342 343 343 343 343 344 342 343 343 343 343 344 341 342 342 342 342 343 341 341 342 341 342 342 341 341 342 341 341 341 340 341
342 343 343 344 346 346 347 348 348 349 350 350 350 350 350 351 352 351 351 352 352 353 353 353 354 354 353 354 355 355 355 341 341 341 342 342 341 342 342 342 343 342 343 344 344 344 345 344 345 344 344 344 345 344 344 345 344 345 345 345 344 345 344 345 345 345 345 345 344 345 345 345 344 345 343 344 344 344 344 345 343 344 344 343 344 343 343 343 344 343 342 343 342 343
346 346 347 349 348 349 350 350 351 352 352 353 352 351 352 353 353 353 354 354 355 355 356 356 357 356 356 357 357 357 358 343 343 344 344 343 344 344 344 345 345 345 346 347 346 346 347 345 346 347 346 347 346 346 346 347 346 347 348 347 347 347 347 347 348 347 348 347 347 347 347 346 346 346 345 346 346 346 346 346 345 346 345 345 346 344 345 345 344 344 344 344 344 345
349 349 351 352 351 352 353 353 353 354 354 353 354 354 355 356 355 356 357 357 357 358 358 358 358 358 359 359 359 360 360 345 346 346 345 346 346 346 346 347 347 348 349 348 348 348 347 348 348 348 348 349 347 348 349 348 349 349 349 348 349 348 349 349 349 349 349 348 348 348 348 348 348 347 347 348 347 348 348 347 347 348 347 347 348 346 347 346 345 346 346 346 346 346
353 353 354 354 353 354 355 355 356 357 356 356 357 357 357 358 358 359 359 359 360 361 360 360 361 360 361 362 361 362 348 347 348 349 347 348 348 348 349 350 350 350 350 349 349 350 349 350 350 350 351 350 350 350 351 350 351 351 351 350 351 350 351 351 351 351 350 349 350 350 350 350 349 349 349 350 349 350 349 349 349 349 349 349 349 347 348 348 347 348 348 348 348 348
354 355 355 356 356 357 358 358 358 359 358 359 360 359 360 361 360 361 362 362 362 363 363 362 363 363 363 364 364 364 350 350 350 350 349 350 351 351 352 352 351 352 352 351 351 352 351 352 353 352 353 352 352 352 353 352 353 353 353 352 353 352 353 353 352 352 352 351 352 352 351 352 351 351 351 352 351 352 351 350 351 351 351 350 350 349 349 350 349 350 350 349 350 350
357 357 358 358 359 360 359 360 361 360 361 361 361 362 362 363 363 364 364 364 365 365 364 365 365 365 366 366 366 367 352 352 352 352 352 353 354 352 353 354 353 354 353 353 353 354 354 354 355 354 354 354 354 354 355 354 355 355 354 354 355 354 354 354 354 353 354 353 353 354 353 354 353 353 353 354 353 353 353 352 353 353 352 351 351 351 351 352 351 351 352 351 352 352
359 360 361 361 361 362 362 363 363 362 363 364 363 364 365 365 365 366 366 366 367 366 366 367 367 367 368 368 368 369 353 354 354 354 354 354 355 355 355 356 355 356 355 355 355 356 356 356 357 356 356 356 356 356 357 356 357 357 356 356 356 355 356 356 356 355 355 355 355 356 355 355 355 355 355 355 355 354 355 354 354 354 353 353 353 353 353 353 353 353 353 353 353 354
362 363 363 363 364 365 364 364 365 365 365 366 366 367 367 367 368 368 368 369 369 368 369 369 369 369 370 370 370 356 356 354 356 355 356 356 356 357 357 357 357 357 356 357 357 357 358 358 358 357 358 357 358 358 358 358 359 357 357 357 356 357 357 357 356 357 357 357 357 358 357 356 357 356 357 357 357 356 355 355 355 356 355 354 355 354 355 355 354 355 355 355 355 356
364 365 365 366 366 366 366 367 367 367 368 368 368 369 369 369 370 370 370 371 370 370 371 371 371 372 372 372 371 357 357 357 358 357 358 358 358 359 359 359 358 359 358 359 359 359 359 360 359 359 359 359 359 360 359 360 359 358 358 359 358 359 359 359 358 359 358 358 359 358 358 358 358 358 359 358 357 357 356 357 357 356 356 356 356 356 356 356 356 356 357 357 358 356
367 367 367 368 369 367 368 369 368 369 370 370 370 371 371 371 372 373 372 372 373 372 373 373 373 373 373 373 373 360 359 359 360 359 360 360 360 361 361 361 360 361 360 361 361 361 361 362 360 361 361 361 361 362 360 361 360 360 360 361 360 361 361 359 360 360 360 360 361 360 360 360 359 360 360 359 358 358 358 358 359 358 357 358 357 358 358 358 359 359 358 359 358 358
369 370 369 370 370 370 370 371 371 371 372 372 372 373 373 373 374 374 373 374 374 373 374 373 374 375 374 375 376 361 361 361 362 361 362 362 362 362 363 361 362 363 362 363 363 363 363 364 362 363 363 362 362 363 362 362 362 361 362 362 362 362 363 361 362 362 361 362 362 362 361 362 361 360 361 360 360 360 359 360 360 360 359 359 360 360 361 360 360 361 359 359 360 359
371 371 372 372 372 372 372 373 373 373 374 374 374 375 375 375 376 375 374 375 375 375 376 375 376 377 377 378 378 362 362 363 363 363 364 363 364 364 364 363 364 363 364 364 364 364 365 364 364 363 364 363 364 364 364 363 364 363 364 364 363 364 363 363 363 364 363 364 364 362 363 362 362 362 362 361 361 362 361 361 362 361 362 362 361 362 362 362 362 361 453 453 453 453
373 373 374 373 373 374 375 374 375 376 375 376 376 376 376 376 377 376 376 377 376 377 378 377 378 379 379 380 364 364 364 365 364 365 365 365 366 366 365 365 366 365 366 366 366 366 367 364 365 365 365 365 365 365 365 365 364 365 365 365 365 366 364 364 365 364 365 365 366 363 363 364 363 364 364 362 363 363 363 364 364 363 363 364 363 363 456 454 454 455 454 455 455 454
375 374 375 376 375 376 377 376 377 377 376 377 377 377 378 378 377 378 378 378 378 379 379 380 381 381 381 381 366 365 366 367 366 367 367 367 367 367 366 367 367 367 367 368 366 367 366 366 366 367 366 367 367 367 366 367 366 366 367 366 367 366 366 366 366 366 366 366 364 365 365 364 365 365 364 364 365 365 365 366 364 364 365 456 456 456 455 456 456 455 456 456 455 456
375 376 377 375 376 377 377 377 378 378 378 379 379 379 380 379 379 379 380 380 380 381 381 382 382 382 383 382 367 367 368 367 368 368 369 368 369 368 368 369 369 368 368 368 368 368 368 367 368 368 368 368 369 368 368 368 368 368 368 368 368 368 367 368 368 366 367 367 366 366 367 366 366 367 366 367 367 366 367 367 457 458 458 457 457 457 457 457 457 457 457 457 457 457
376 377 378 377 378 379 378 379 380 379 380 381 381 381 380 381 381 381 382 381 383 384 383 384 384 384 383 384 368 369 370 369 370 370 370 370 370 369 370 369 369 369 370 369 370 369 369 369 370 370 369 370 370 369 369 370 369 370 370 369 369 369 369 368 369 368 368 368 367 368 368 368 369 369 368 368 368 460 460 461 459 459 459 458 458 459 458 458 459 458 459 459 458 459
378 379 380 379 380 381 380 381 382 381 382 382 382 382 382 382 382 383 383 384 385 385 385 385 386 384 385 371 370 371 371 371 371 372 371 372 370 370 370 371 370 371 371 371 371 371 370 371 371 371 371 371 371 370 371 370 371 371 371 371 370 369 369 370 370 369 370 369 369 370 371 370 370 370 461 461 462 461 462 461 459 460 460 459 460 460 460 460 460 460 460 460 460 460
380 381 381 381 382 382 382 383 383 383 384 384 384 383 384 384 384 385 385 386 386 386 387 387 387 386 387 371 372 372 373 372 373 372 372 371 372 371 372 372 372 372 373 372 372 372 372 372 373 372 373 373 371 372 372 372 372 373 372 371 371 370 371 371 371 371 370 371 371 372 371 463 464 462 463 463 462 463 462 460 461 461 461 461 461 462 461 461 462 461 461 462 461 461
382 383 382 383 384 383 384 384 384 385 385 385 384 385 386 385 387 387 387 387 388 388 388 389 387 388 388 373 373 374 372 373 373 373 372 373 372 373 373 374 373 374 374 373 373 374 373 374 374 374 374 374 373 373 374 373 373 373 372 372 372 372 372 373 372 373 373 372 465 465 464 465 464 464 464 464 463 463 462 462 462 463 462 462 463 462 462 463 462 462 463 462 462 462
384 384 384 385 385 385 386 386 386 386 387 386 386 387 386 388 388 388 389 389 390 389 390 389 389 389 389 373 374 374 374 374 375 374 374 374 374 374 375 374 375 375 375 374 375 374 375 375 375 375 375 375 374 375 374 374 374 374 373 373 374 373 374 375 374 374 466 466 466 466 466 466 466 465 464 465 464 464 464 463 463 464 463 464 464 463 464 464 463 464 464 462 463 463
