testData/tiles/oneDegree/grid23.0-14.0-24.0-15.0.asc
ncols   200
nrows   200
xllcorner   23.0
yllcorner   14.0
cellsize   0.005
NODATA_value   -9999.0
[rows 0 to 41 of 200, columns 94 to 187 of 200]
344 344 344 344 343 343 344 343 343 343 342 343 343 342 342 342 341 364 364 363 363 363 362 363 363 362 362 362 361 362 362 361 361 361 360 360 361 360 360 485 359 360 360 360 361 361 361 361 361 361 361 361 361 362 362 362 362 362 234 234 234 233 234 234 234 235 235 234 234 235 234 234 234 233 234 234 233 233 234 234 234 234 233 233 234 233 233 233 232 232 232 232 232 231
344 343 344 344 343 343 343 343 343 343 342 342 468 467 467 467 466 466 489 488 488 488 487 487 488 487 487 487 486 486 487 486 486 486 485 485 485 485 485 485 484 484 485 484 484 486 485 486 486 485 486 486 485 486 487 486 487 487 358 358 359 358 358 359 358 359 359 234 234 234 233 234 234 233 233 233 233 233 233 232 233 234 233 233 233 232 233 233 232 232 232 231 232 232
344 469 468 469 469 468 468 468 468 468 468 467 467 468 467 467 467 466 466 489 488 488 488 487 487 488 487 487 487 486 486 487 486 486 486 485 485 485 485 485 485 484 484 484 484 484 486 485 485 486 485 485 485 485 485 485 486 486 358 358 358 358 358 358 357 358 358 358 358 359 358 358 358 358 358 358 357 357 233 232 232 232 231 233 233 232 232 232 232 232 232 231 231 231
469 469 468 469 469 468 468 468 468 468 468 467 467 467 467 467 467 466 466 467 488 488 488 487 487 487 487 487 487 486 486 486 486 486 486 485 485 485 484 484 485 484 484 484 483 484 484 483 485 485 485 485 485 485 485 485 485 486 358 357 358 358 357 358 358 357 357 358 357 358 357 358 358 357 357 358 357 357 357 356 357 357 356 356 356 356 357 232 231 231 231 231 231 231
469 469 468 468 469 468 468 468 467 468 468 467 467 467 466 467 467 466 466 466 466 488 488 487 487 487 486 487 487 486 486 486 485 486 486 485 485 485 484 484 484 484 484 484 483 483 483 483 483 485 484 484 485 484 484 485 484 484 485 357 357 358 357 357 357 357 357 357 356 357 357 357 357 358 357 357 357 357 357 357 356 356 356 356 356 355 355 356 355 355 356 355 355 356
469 469 469 468 468 469 468 468 468 467 468 468 467 467 467 466 467 467 466 466 466 466 466 488 487 487 486 486 487 486 486 486 485 485 486 485 485 485 484 484 484 483 484 484 483 483 483 482 483 483 483 484 484 483 484 484 484 484 484 355 356 357 356 357 357 356 356 357 356 356 357 356 356 357 356 357 357 356 356 357 356 356 356 355 356 356 355 355 355 355 355 354 354 354
468 469 469 468 468 468 468 468 468 467 467 468 467 467 467 466 467 467 466 466 466 465 466 466 487 487 487 486 486 487 486 486 486 485 485 486 485 485 485 484 484 484 483 484 484 483 483 482 482 482 482 482 484 483 483 484 483 483 484 355 355 356 356 356 356 356 356 356 356 356 356 355 356 356 355 355 356 356 356 356 355 356 356 355 355 355 355 355 355 354 354 354 354 354
468 468 469 468 468 468 467 468 468 467 467 467 467 467 467 466 466 467 466 466 466 465 465 466 465 487 487 486 486 486 486 486 486 485 485 485 484 485 485 484 484 484 483 483 484 483 483 483 482 482 482 482 482 483 483 483 483 483 483 355 355 355 354 355 356 355 356 356 355 355 356 355 355 355 355 355 355 354 355 356 355 355 355 355 355 355 354 354 354 354 354 354 353 353
468 468 469 468 468 468 467 468 468 467 467 467 466 467 467 466 466 466 466 466 466 465 465 465 465 465 487 486 486 486 485 486 486 485 485 485 484 484 485 484 484 484 483 483 483 482 483 483 482 482 482 481 481 482 481 483 483 482 483 355 354 355 355 354 354 355 355 355 356 355 355 355 355 355 354 354 355 354 354 354 353 355 355 354 354 355 354 354 354 353 353 354 353 353
469 468 468 469 468 468 468 467 468 468 467 467 467 467 467 467 466 466 466 466 466 466 465 465 464 465 465 464 486 486 485 485 486 485 485 485 484 484 484 484 484 484 483 483 483 482 482 483 482 482 482 481 481 481 481 481 482 482 482 354 354 354 354 354 354 354 354 354 355 354 355 355 354 354 355 354 354 354 354 354 354 353 353 353 354 354 353 353 354 353 353 353 352 353
469 468 468 468 468 468 468 467 467 468 467 467 467 466 467 467 466 466 466 465 466 466 465 465 465 464 465 465 464 486 486 485 485 486 485 485 485 484 484 484 484 484 483 483 483 482 482 482 482 482 482 481 481 481 480 480 481 480 481 354 353 353 354 353 353 354 353 353 354 353 354 354 354 354 354 353 354 354 353 353 354 353 353 353 352 353 353 353 353 353 353 353 352 352
469 468 468 468 467 468 468 467 467 467 467 467 467 466 466 467 466 466 466 465 465 466 465 465 465 464 464 465 464 464 486 485 485 485 485 485 485 484 484 484 483 484 484 483 483 483 482 482 482 481 482 482 481 481 480 480 480 479 480 352 353 353 353 353 353 353 352 353 353 352 353 353 353 353 354 353 353 353 353 353 353 352 353 353 352 352 352 352 352 352 351 352 352 352
468 468 468 468 467 467 468 467 467 467 466 467 467 466 466 466 466 466 466 465 465 465 465 465 465 464 464 464 464 464 464 485 485 485 484 485 485 484 484 484 483 483 483 483 483 483 482 482 482 481 481 482 481 481 481 480 480 480 479 352 352 352 353 352 352 353 352 352 353 352 352 352 352 352 353 352 353 353 352 352 353 352 352 352 351 352 352 351 351 351 351 351 351 350
468 468 468 468 468 467 468 468 467 467 467 466 467 467 466 466 466 466 466 465 465 465 464 465 465 464 464 464 463 464 464 463 463 485 484 484 485 484 484 484 483 483 483 482 483 483 482 482 482 481 481 481 480 481 481 480 480 480 479 351 351 351 351 352 352 352 352 352 352 352 352 352 351 351 352 351 351 352 352 352 352 351 352 352 351 351 351 351 351 351 350 350 351 350
468 468 468 468 468 467 467 468 467 467 467 466 466 467 466 466 466 465 466 466 465 465 465 464 465 465 464 464 464 463 464 464 463 463 484 484 484 484 484 484 483 483 483 482 482 483 482 482 482 481 481 481 480 480 481 480 480 480 479 351 351 350 350 351 350 351 352 351 351 352 351 351 352 351 351 351 351 351 350 350 352 351 351 351 351 351 351 350 350 351 350 350 350 349
468 468 467 468 468 467 467 467 467 467 467 466 466 467 466 466 466 465 465 466 465 465 465 464 464 465 464 464 464 463 463 463 463 463 463 462 484 484 483 484 484 483 483 482 482 482 481 482 482 481 481 481 480 480 480 479 480 480 479 351 351 350 350 350 350 350 350 350 351 351 350 351 351 350 351 351 350 350 351 350 350 350 350 351 351 350 350 350 350 350 349 349 350 349
468 468 467 467 468 467 467 467 466 467 467 466 466 466 466 466 466 465 465 465 465 465 465 464 464 464 464 464 464 463 463 463 462 463 463 462 462 484 483 483 484 483 483 483 482 482 482 481 482 482 481 481 480 480 480 479 479 479 479 351 351 350 350 350 349 349 350 349 349 351 350 350 350 350 350 350 350 350 350 349 350 350 349 349 350 349 350 350 349 350 350 349 349 348
468 468 468 467 467 468 467 467 467 466 467 467 466 466 465 466 466 465 465 465 464 465 465 464 464 464 463 464 464 463 463 463 462 462 463 462 462 462 483 483 483 483 483 483 482 482 482 481 481 481 481 481 481 480 480 480 479 479 479 351 351 350 350 350 349 349 349 348 349 349 348 350 350 349 349 350 349 349 350 349 349 349 349 349 349 348 348 349 348 348 349 349 349 349
467 468 468 467 467 467 467 467 467 466 466 467 466 466 466 465 466 466 465 465 465 464 465 465 464 464 463 463 464 463 463 463 462 462 462 462 462 462 461 461 483 482 482 483 482 482 482 481 481 481 480 481 481 480 480 480 479 479 479 350 350 351 350 350 350 349 349 348 348 348 348 348 348 348 349 349 348 349 349 348 349 349 348 348 349 348 348 348 347 348 348 347 347 347
467 467 468 467 467 467 466 467 467 466 466 466 466 466 466 465 465 466 465 465 465 464 464 465 464 464 464 463 463 464 463 463 463 462 462 461 462 462 461 461 461 482 482 482 482 482 482 481 481 481 480 480 480 480 480 480 479 479 479 350 350 350 349 350 350 349 349 349 348 348 348 347 348 347 347 348 348 348 348 348 348 348 347 348 348 347 347 348 347 347 347 347 347 347
467 467 467 467 467 467 466 466 467 466 466 466 465 466 466 465 465 465 465 465 465 464 464 464 464 464 464 463 463 463 462 463 463 462 462 462 461 462 462 461 461 460 460 482 481 482 482 481 481 481 480 480 480 479 480 480 479 479 479 350 350 350 349 349 349 349 349 349 348 348 348 347 347 347 347 347 347 347 347 347 347 348 347 347 347 347 347 347 346 347 347 346 346 346
468 467 467 467 467 467 466 466 467 466 466 466 465 465 466 465 465 465 464 465 465 464 464 464 463 464 464 463 463 463 462 462 463 462 462 462 461 461 461 461 461 461 460 460 482 481 481 482 481 481 480 480 480 479 479 479 479 479 479 350 350 350 349 349 349 348 348 349 348 348 348 347 347 347 346 346 347 346 346 347 346 346 347 347 347 346 346 347 346 346 346 345 346 346
468 467 467 467 467 467 467 466 466 467 466 466 466 465 465 465 465 465 464 464 465 464 464 464 463 463 464 463 463 463 462 462 462 462 462 462 461 461 461 460 461 461 460 460 460 459 481 481 481 481 481 480 480 480 479 479 478 478 479 350 350 350 349 349 349 348 348 348 347 348 348 347 347 347 346 346 346 345 346 346 345 345 346 345 345 346 346 346 346 345 346 345 345 345
467 467 467 467 466 467 467 466 466 466 466 466 466 465 465 465 465 465 465 464 464 465 464 464 463 463 463 463 463 463 462 462 462 461 462 462 461 461 461 460 460 461 460 460 460 459 459 481 480 480 481 480 480 480 479 479 479 478 478 351 350 350 349 349 349 348 348 348 347 347 347 346 347 347 346 346 346 345 345 345 345 345 345 344 345 345 344 344 345 344 345 345 345 345
467 467 467 467 466 466 467 466 466 466 465 466 466 465 465 465 464 465 465 464 464 464 464 464 464 463 463 463 462 463 462 462 462 461 461 462 461 461 461 460 460 460 459 460 460 459 459 459 458 480 480 480 480 480 479 479 479 478 478 350 349 350 350 349 349 348 348 348 347 347 347 346 346 346 346 346 346 345 345 345 344 344 345 344 344 344 344 344 344 343 344 344 343 343
467 466 467 467 466 466 466 466 466 466 465 465 466 465 465 465 464 464 465 464 464 464 463 464 464 463 463 463 462 462 463 462 462 462 461 461 460 461 461 460 460 460 459 459 460 459 459 459 458 458 480 479 479 480 479 479 479 478 478 350 349 349 349 349 349 349 348 348 348 347 347 346 346 346 345 345 345 345 345 345 344 344 344 343 343 344 343 343 344 343 343 343 342 343
467 467 466 467 466 466 466 465 466 466 465 465 465 465 465 465 464 464 464 464 464 464 463 463 463 463 463 463 462 462 462 462 462 462 461 461 461 460 461 461 460 460 459 459 459 458 459 459 458 458 458 457 479 479 478 479 479 478 478 350 349 349 349 348 348 349 348 348 348 347 347 347 346 346 346 345 345 344 344 344 344 344 344 343 343 343 342 343 343 342 342 343 342 342
467 467 466 466 467 466 466 466 465 466 465 465 465 464 465 465 464 464 464 463 464 464 463 463 463 462 463 463 462 462 462 461 462 462 461 461 461 460 460 461 460 460 460 459 459 459 458 459 458 458 458 457 457 457 478 478 479 478 478 350 349 349 349 348 348 348 347 348 348 347 347 347 346 346 346 345 345 345 344 344 343 343 343 343 343 343 342 342 342 342 342 342 341 342
467 467 466 466 466 466 466 466 465 465 466 465 465 465 464 465 465 464 464 463 463 464 463 463 463 462 462 463 462 462 462 461 461 462 461 461 461 460 460 460 459 460 460 459 459 459 458 458 458 458 458 457 457 457 456 478 478 477 478 350 349 349 349 348 348 348 347 347 347 346 347 347 346 346 346 345 345 345 344 344 344 343 343 342 342 342 341 342 342 341 341 341 341 341
466 467 466 466 466 465 466 466 465 465 465 465 465 465 464 464 465 464 464 464 463 463 463 463 463 462 462 462 462 462 462 461 461 461 460 461 461 460 460 460 459 459 460 459 459 459 458 458 458 457 458 458 457 457 457 456 456 477 477 349 349 349 349 348 348 348 347 347 347 346 346 346 346 346 346 345 345 345 344 344 344 343 343 343 342 342 342 341 341 340 340 341 340 340
466 466 466 466 466 465 465 466 465 465 465 464 465 465 464 464 464 464 464 464 463 463 463 463 463 463 462 462 461 462 462 461 461 461 460 460 461 460 460 460 459 459 459 459 459 459 458 458 458 457 457 457 457 457 457 456 456 456 455 349 348 348 349 348 348 348 347 347 347 346 346 346 345 345 345 345 345 345 344 344 344 343 343 343 342 342 342 341 341 341 340 340 339 339
466 466 465 466 466 465 465 465 465 465 465 464 464 465 464 464 464 463 464 464 463 463 463 462 463 463 462 462 462 461 462 462 461 461 460 460 460 460 460 460 459 459 459 458 458 459 458 458 458 457 457 457 456 456 457 456 456 456 455 327 349 348 348 348 348 348 347 347 347 346 346 346 345 345 345 344 344 344 344 344 344 343 343 343 342 342 342 341 341 341 340 340 340 339
466 466 466 465 466 465 465 465 464 465 465 464 464 464 464 464 464 463 463 464 463 463 463 462 462 463 462 462 462 461 461 461 461 461 461 460 460 459 459 460 459 459 459 458 458 458 458 458 458 457 457 457 456 456 456 456 456 456 455 327 327 326 348 348 347 347 348 347 347 346 346 346 345 345 345 344 344 344 343 343 343 343 343 343 342 342 342 341 341 341 340 340 340 339
466 466 466 465 465 466 465 465 465 464 465 464 464 464 463 464 464 463 463 463 463 463 463 462 462 462 462 462 462 461 461 461 460 461 461 460 460 460 459 459 460 459 459 458 458 458 457 457 458 457 457 457 456 456 456 455 455 456 455 327 327 326 326 326 347 347 347 346 346 347 346 346 345 345 345 344 344 344 343 343 343 342 342 342 341 342 342 341 341 341 340 340 340 339
465 466 466 465 465 465 465 465 465 464 464 465 464 464 463 463 464 463 463 463 462 462 463 462 462 462 461 461 462 461 461 461 460 460 461 460 460 460 459 459 459 459 459 459 458 458 457 457 457 456 457 457 456 456 456 455 455 455 454 327 327 326 326 326 325 325 347 346 346 346 345 346 346 345 345 344 344 344 343 343 343 342 342 342 341 341 341 340 340 341 340 340 340 339
465 465 466 465 465 465 464 465 465 464 464 464 464 464 464 463 463 464 463 463 462 462 462 462 462 462 461 461 461 461 461 461 460 460 460 459 460 460 459 459 459 458 458 459 458 458 458 457 457 456 456 457 456 456 456 455 455 455 454 326 326 326 326 326 325 325 325 324 346 346 345 345 345 344 345 345 344 344 343 343 343 342 342 342 341 341 341 340 340 340 339 339 339 338
465 465 465 465 465 465 464 464 465 464 464 464 463 464 464 463 463 463 463 463 463 462 462 461 462 462 461 461 461 460 461 461 460 460 460 459 459 460 459 459 459 458 458 458 458 458 458 457 457 457 456 456 455 456 456 455 455 455 454 326 326 325 325 326 325 325 325 324 324 324 345 345 345 344 344 344 343 344 344 343 343 342 342 342 341 341 341 340 340 340 339 339 339 338
465 465 465 464 465 465 464 464 464 464 464 464 463 463 464 463 463 463 462 463 463 462 462 462 461 462 461 461 461 460 460 461 460 460 460 459 459 459 459 459 459 458 458 458 457 457 458 457 457 457 456 456 456 455 455 455 455 455 454 326 326 325 325 325 324 324 325 324 324 324 323 323 345 344 344 344 343 343 343 342 343 343 342 342 341 341 341 340 340 340 339 339 339 338
465 465 465 464 464 465 464 464 464 463 464 464 463 463 463 463 463 463 462 462 463 462 462 462 461 461 462 461 461 460 460 460 459 460 460 459 459 459 458 458 459 458 458 458 457 457 457 456 457 457 456 456 456 455 455 455 454 455 454 326 326 325 325 325 324 324 324 323 324 324 323 323 323 322 344 344 343 343 343 342 342 342 341 342 342 341 341 340 340 340 332 332 332 331
465 465 465 464 464 464 464 464 464 463 463 464 463 463 463 462 463 463 462 462 462 461 462 462 461 461 461 460 461 461 460 460 459 459 460 459 459 459 458 458 458 458 458 458 457 457 457 456 456 457 456 456 456 455 455 455 454 454 454 326 326 325 325 325 324 324 324 323 323 323 323 323 323 322 322 322 343 343 343 342 342 342 341 341 341 340 333 334 333 333 332 332 332 331
465 464 465 465 464 464 463 464 464 463 463 463 463 463 463 462 462 463 462 462 462 461 461 462 461 461 461 460 460 461 460 460 460 459 459 459 459 459 458 458 458 457 457 458 457 457 457 456 456 456 455 456 456 455 455 455 454 454 454 325 325 326 325 325 324 324 324 323 323 323 322 322 322 322 322 322 321 321 343 342 342 342 334 334 334 333 333 333 332 332 332 331 332 331
465 464 464 465 464 464 464 463 464 464 463 463 462 463 463 462 462 462 462 462 462 461 461 461 461 461 461 460 460 460 460 460 460 459 459 459 458 459 458 458 458 457 457 457 457 457 457 456 456 456 455 455 455 455 455 455 454 454 454 325 325 325 324 325 325 324 324 323 323 323 322 322 322 321 321 321 321 314 314 313 335 335 334 334 334 333 333 333 332 332 332 331 331 330
