testData/tiles/oneDegree/grid39.0-8.0-40.0-9.0.asc
ncols   200
nrows   200
xllcorner   39.0
yllcorner   8.0
cellsize   0.005
NODATA_value   -9999.0
[rows 84 to 125 of 200, columns 94 to 187 of 200]
545 547 548 485 487 487 489 491 491 492 494 495 496 497 499 498 500 501 502 503 503 505 505 507 507 508 305 307 307 308 309 310 311 311 312 313 314 315 315 317 316 530 530 531 531 532 534 533 535 535 535 536 536 538 538 538 538 539 539 540 540 541 542 542 542 542 543 543 544 544 544 545 545 545 546 546 546 546 546 547 548 548 547 548 548 548 548 548 548 550 548 549 549 549
545 547 548 485 487 488 489 490 490 493 493 495 497 497 498 498 500 500 502 503 503 505 505 507 506 508 307 308 308 309 310 311 311 312 313 315 314 316 316 316 316 317 531 530 532 532 533 533 535 535 535 537 536 538 538 538 538 538 540 540 540 541 541 542 542 541 543 543 543 545 544 545 544 545 545 546 547 546 547 546 548 547 547 547 548 548 548 548 548 549 548 548 549 548
546 546 484 486 486 488 488 489 490 493 494 495 496 496 498 498 500 501 501 502 503 505 505 507 508 509 307 308 308 309 310 311 311 313 313 314 314 316 317 316 318 318 318 530 532 531 533 534 533 535 535 536 536 538 538 538 539 538 540 539 540 541 541 542 542 542 543 543 543 544 544 543 545 545 546 546 546 546 546 546 547 547 546 548 548 548 548 548 548 548 549 548 550 548
546 483 484 486 485 487 489 489 492 493 494 494 495 497 498 499 500 500 501 502 503 504 506 506 508 509 510 307 308 310 310 311 311 313 312 313 315 315 316 316 318 317 319 319 531 532 532 533 533 535 534 536 537 536 538 538 539 538 538 540 540 541 541 542 542 542 542 543 543 544 545 543 545 544 545 545 545 545 546 547 547 547 546 548 547 547 548 548 548 548 548 548 547 548
482 483 483 485 486 487 489 489 491 492 493 495 495 497 497 499 499 500 502 502 504 503 506 506 508 509 509 307 308 309 309 310 311 312 313 313 315 314 316 316 317 318 319 319 318 532 532 533 534 535 535 535 536 536 538 537 538 539 538 540 539 541 541 541 543 541 542 543 543 544 544 543 544 545 545 546 545 545 546 546 546 546 547 546 548 546 547 547 547 546 548 548 547 548
479 482 484 484 486 487 488 489 491 492 493 494 495 497 497 498 499 500 502 502 503 503 506 507 508 508 509 307 308 308 310 310 312 311 313 313 314 314 316 317 317 318 318 318 318 320 532 533 534 534 535 535 536 537 537 538 537 538 538 540 539 540 541 541 542 541 542 542 543 543 543 544 544 545 544 545 544 545 546 546 545 546 546 546 547 546 547 547 547 547 548 547 547 548
480 481 484 484 486 487 488 489 489 491 493 494 495 497 497 498 499 500 501 501 503 504 505 506 507 508 509 307 308 308 310 310 311 311 313 313 314 315 316 316 316 317 317 318 319 319 320 533 533 533 535 535 536 537 537 537 536 538 539 539 540 539 541 540 540 541 541 543 543 542 543 543 543 544 545 544 545 545 546 545 545 546 546 546 546 547 545 547 546 547 546 547 547 547
480 481 482 484 486 487 487 489 489 491 492 494 496 495 497 498 499 500 500 502 502 504 504 505 506 507 509 306 308 308 310 309 311 312 313 313 314 315 313 315 316 316 317 318 318 319 320 320 533 534 534 535 536 536 535 537 537 538 538 538 540 539 540 540 540 542 541 543 541 542 542 543 543 543 544 543 545 544 544 545 545 546 545 545 546 545 545 546 547 545 546 545 546 545
480 481 482 484 485 486 487 489 489 491 492 492 494 495 497 497 499 500 500 502 502 504 503 505 506 507 507 305 306 307 307 309 309 311 310 312 312 313 314 315 316 316 317 318 318 319 320 320 321 533 534 535 534 535 536 536 537 537 538 538 539 539 539 540 540 541 541 540 542 541 543 543 542 543 543 543 544 544 543 545 544 544 544 545 545 545 546 544 546 545 545 545 545 545
480 481 482 483 483 485 487 488 490 491 491 492 494 495 496 498 498 499 500 502 503 503 504 505 506 506 507 306 306 307 307 309 309 310 311 312 312 313 314 315 315 316 317 317 318 319 319 320 321 321 322 533 534 535 535 536 537 537 538 537 538 539 538 540 540 540 540 540 542 541 542 541 542 543 543 542 543 544 543 544 543 544 544 544 544 545 544 544 545 545 544 545 544 545
479 479 481 483 483 485 487 487 490 490 491 493 493 495 496 496 497 498 500 501 502 503 504 505 505 507 507 306 305 307 307 309 309 310 311 312 312 313 314 315 315 316 316 317 318 318 319 319 320 320 321 321 534 534 535 537 536 536 537 537 538 538 539 538 539 539 540 540 541 541 540 542 542 541 542 542 542 542 543 543 544 542 544 543 543 543 544 543 544 543 543 544 543 543
477 479 480 481 484 485 486 487 488 489 490 493 493 495 494 496 498 498 500 499 501 501 503 504 505 507 507 306 305 307 308 308 309 310 311 311 312 314 313 314 315 314 315 316 317 317 319 318 319 320 320 322 322 535 534 534 535 536 536 537 537 537 538 538 539 538 540 539 539 541 540 541 540 541 542 541 541 542 542 541 542 542 541 543 542 542 542 542 541 543 541 542 542 542
476 479 481 481 483 484 484 487 488 489 490 491 492 493 494 496 497 498 499 499 501 502 503 503 504 505 506 303 305 305 307 306 308 308 309 310 311 311 312 313 314 314 316 316 317 317 317 318 319 320 319 321 320 321 534 534 536 535 535 536 536 537 537 538 537 538 539 539 539 539 539 539 541 539 541 540 540 541 541 542 541 542 541 542 541 541 541 542 541 542 541 541 541 540
477 478 479 480 483 483 484 486 486 488 489 491 492 493 494 495 496 496 497 499 500 502 502 503 504 505 506 303 305 305 306 306 308 308 309 310 311 311 312 313 314 314 316 315 315 316 316 318 318 319 319 320 320 321 321 533 534 534 535 535 536 536 536 537 537 538 537 538 538 539 538 538 540 539 539 539 540 540 540 540 540 540 540 540 541 539 541 539 540 539 540 538 540 539
476 477 478 480 481 482 483 485 486 488 489 489 491 491 493 494 495 497 497 499 499 500 501 502 504 503 505 302 304 303 305 306 306 307 308 309 309 310 312 311 313 313 313 314 315 316 316 318 317 318 318 318 320 319 321 321 533 533 533 535 535 535 535 535 536 536 537 537 537 538 538 537 538 539 537 539 538 538 538 539 537 539 538 538 539 538 539 538 538 538 537 538 536 537
475 476 477 479 479 481 482 484 486 486 487 488 490 491 493 493 494 496 496 498 497 499 500 501 502 503 505 302 303 304 305 306 306 307 309 308 310 310 310 311 312 312 312 314 313 315 315 316 317 317 318 318 318 318 320 320 320 321 532 534 533 534 534 534 536 535 536 535 536 535 537 536 537 537 536 537 537 537 538 537 537 538 537 537 537 537 536 537 536 535 535 534 534 534
473 474 476 478 478 480 483 483 484 485 486 487 489 491 491 492 493 494 495 496 497 499 500 500 501 502 503 301 301 303 303 304 305 306 306 307 308 308 309 311 311 312 312 314 312 314 314 314 316 315 317 317 318 318 317 319 319 320 320 531 533 533 534 533 533 534 534 535 534 535 535 535 535 535 535 535 536 535 536 535 535 535 535 535 535 534 534 534 533 532 532 531 532 532
471 473 474 476 478 479 480 481 483 483 485 487 488 489 490 491 492 493 494 494 497 498 498 499 500 502 501 300 300 302 302 303 304 304 305 306 307 308 308 310 309 311 311 312 313 312 313 313 314 314 316 316 316 317 316 318 317 319 318 318 532 531 532 531 532 533 532 533 533 533 533 534 533 534 533 533 533 533 532 533 532 533 532 532 531 531 529 531 531 531 524 524 524 524
469 472 474 474 477 477 478 479 482 483 484 486 485 487 488 490 492 491 493 493 495 494 497 498 499 500 500 299 300 300 301 302 303 303 304 306 305 307 307 308 308 309 310 309 311 310 312 312 313 314 313 314 314 315 315 316 317 316 317 317 318 529 529 531 530 531 531 530 531 531 531 531 531 531 531 530 531 531 530 531 529 529 529 529 529 522 523 522 524 523 524 524 525 525
468 470 471 472 474 474 476 479 479 481 481 483 484 486 487 488 488 490 492 492 493 494 495 496 497 497 499 297 298 299 300 301 301 303 303 304 304 305 304 305 307 306 308 308 309 309 311 311 310 312 311 313 312 314 314 313 315 314 315 314 315 316 527 529 527 528 528 528 529 528 529 528 528 527 528 527 528 528 528 529 521 521 523 522 523 523 524 523 525 525 524 526 525 526
466 466 467 469 471 473 474 476 477 478 479 481 483 483 485 485 487 488 489 491 491 492 493 495 496 496 498 295 296 296 298 298 299 300 300 301 302 303 304 304 306 305 306 305 307 308 307 309 309 309 309 310 311 311 311 311 312 311 313 313 312 313 312 313 525 525 525 525 524 525 525 526 526 527 519 520 519 521 520 521 522 522 523 523 523 524 524 525 525 526 525 527 526 526
463 463 465 467 467 469 471 472 473 475 476 478 480 480 482 482 484 486 487 488 488 490 491 491 493 494 496 292 294 295 295 296 297 298 298 299 301 300 302 302 302 302 304 304 304 305 305 306 305 307 308 307 308 307 308 309 309 309 308 309 308 310 311 310 312 523 517 516 517 518 518 518 519 519 520 520 521 521 522 521 523 522 523 523 524 524 525 525 525 526 526 526 528 527
455 456 458 460 460 462 463 463 465 474 475 476 477 477 479 480 481 482 482 484 484 487 487 488 489 490 490 289 291 291 292 293 294 294 296 296 297 296 298 297 298 300 299 301 300 301 301 302 303 304 304 304 305 306 307 307 299 300 300 302 302 303 303 303 304 304 516 518 517 519 519 519 520 520 521 521 522 522 523 522 524 524 524 525 525 525 525 526 526 527 527 527 528 528
456 458 459 460 461 462 463 464 466 466 468 469 469 471 472 473 474 474 475 476 478 478 479 480 481 482 482 281 281 282 282 284 284 285 286 286 287 288 288 290 290 291 291 293 292 294 295 295 296 295 297 298 298 299 299 300 300 301 302 302 303 302 304 303 305 306 305 519 518 519 519 520 521 521 521 522 522 522 523 524 523 525 524 526 525 526 527 527 527 527 528 527 529 529
457 459 459 461 461 463 464 465 467 467 468 469 470 472 472 474 474 475 477 477 478 478 480 482 481 483 483 282 281 283 284 284 285 286 286 287 288 290 289 291 290 292 292 293 294 294 295 295 297 297 298 298 299 299 299 301 301 302 302 302 303 303 305 305 305 306 306 307 307 519 521 520 521 521 522 522 523 523 524 524 524 525 525 525 527 526 527 527 528 527 529 529 528 530
458 459 460 461 463 463 465 466 467 468 469 470 471 473 473 474 475 476 478 477 479 479 481 481 482 483 484 282 283 284 284 285 286 287 287 289 289 290 290 292 291 293 294 293 295 294 296 297 297 298 298 299 299 300 301 301 302 303 303 303 304 305 305 306 305 307 306 307 308 308 522 521 522 522 523 523 524 524 525 525 524 526 526 526 527 527 527 528 528 529 529 530 529 530
459 459 461 462 463 464 466 466 467 469 469 471 472 473 474 475 476 477 477 478 480 481 481 482 483 484 485 282 284 284 285 285 287 287 288 289 289 290 291 291 293 293 294 294 295 296 297 297 298 299 298 300 300 301 301 302 303 302 304 304 305 305 305 307 306 308 308 308 309 309 309 522 522 524 523 524 524 525 524 526 526 526 527 527 527 527 528 529 529 529 530 530 530 530
459 460 462 463 464 465 467 467 468 470 470 472 474 473 475 475 477 477 478 480 480 482 481 483 484 484 486 283 285 284 286 287 287 288 289 289 290 291 292 292 294 293 295 296 296 297 297 298 298 299 300 300 301 302 302 302 303 304 304 305 305 306 306 307 308 307 309 308 310 309 310 311 311 523 524 524 526 525 526 526 527 526 528 528 528 529 529 529 529 530 530 531 531 531
460 461 463 463 465 467 466 468 469 470 471 473 473 474 476 476 477 478 479 481 481 482 482 484 485 485 487 284 285 286 287 287 288 289 290 290 292 291 293 293 294 294 296 296 296 298 297 299 299 300 301 301 302 301 303 303 304 305 305 306 305 307 307 308 308 308 309 309 309 311 310 312 312 312 525 525 525 526 526 527 527 528 528 529 528 530 529 530 531 531 531 531 532 531
461 462 463 465 465 467 467 469 470 471 472 473 474 475 476 477 478 479 480 481 481 483 484 485 485 486 487 285 285 287 287 288 289 290 291 291 293 292 293 294 294 296 295 297 297 298 299 299 300 301 301 301 302 303 304 304 305 305 305 306 307 307 308 308 309 309 310 311 310 312 311 312 313 313 314 526 526 527 527 528 528 528 528 529 529 529 531 530 531 531 532 531 532 533
462 462 464 465 466 467 468 470 471 471 473 473 475 476 476 478 478 480 481 481 483 483 485 485 486 487 487 286 286 288 287 289 290 290 291 292 292 293 294 295 295 297 296 298 298 299 300 300 301 300 302 303 303 304 304 305 304 306 307 307 308 307 309 308 310 310 310 311 311 312 313 312 314 313 314 314 527 528 528 528 529 529 529 530 530 530 531 531 531 532 532 533 533 533
462 463 464 466 466 468 470 470 471 472 473 474 476 476 477 479 479 481 481 482 484 484 485 485 487 488 488 287 287 288 289 290 290 291 292 292 293 295 294 296 296 297 297 299 299 299 300 300 302 302 303 303 304 304 304 306 306 307 307 307 308 308 309 310 310 311 310 312 312 312 313 313 314 314 314 316 315 316 528 529 528 530 530 531 531 531 532 531 532 533 533 533 534 534
462 464 465 466 467 469 471 470 472 473 474 476 476 477 478 479 480 481 482 483 484 484 486 487 488 488 489 287 287 288 290 289 291 292 292 294 294 295 295 296 296 297 299 298 300 299 301 302 302 303 303 304 304 305 306 306 307 307 308 307 309 309 310 311 310 312 312 313 313 313 314 314 314 316 315 317 316 316 317 529 530 530 531 530 532 531 532 533 532 533 533 534 533 535
463 465 465 467 469 470 470 471 473 474 475 476 476 478 479 480 481 481 483 484 484 486 486 488 488 489 490 287 289 289 291 290 292 293 293 294 295 295 296 296 298 298 299 299 301 300 302 302 303 304 303 305 305 306 306 307 307 307 309 309 310 310 310 311 312 312 313 312 314 313 315 315 315 316 316 316 317 317 318 318 318 531 531 531 532 533 532 534 533 533 534 534 535 535
464 465 467 468 470 469 471 472 474 475 475 477 477 479 480 480 482 482 484 483 485 487 487 488 488 490 491 288 290 290 291 291 293 293 294 295 295 296 298 297 299 298 300 300 301 302 301 303 303 304 305 305 306 306 307 307 308 309 309 310 309 311 310 312 312 312 313 313 314 315 314 316 315 317 316 317 318 318 318 319 319 319 532 532 532 533 533 534 534 534 536 535 535 536
464 466 468 468 469 470 472 474 474 475 476 477 478 480 480 481 482 483 485 485 486 487 487 489 489 491 491 289 290 290 291 293 292 294 295 295 296 297 298 298 299 299 300 301 301 303 302 304 303 305 305 306 307 306 308 308 309 309 310 310 310 311 312 313 313 313 314 315 315 316 315 317 316 316 318 317 319 318 319 319 320 320 321 533 533 534 533 534 535 535 535 536 536 536
466 467 468 469 470 472 473 474 474 476 476 478 480 479 481 482 483 485 485 486 487 488 488 489 491 491 492 290 290 292 292 293 293 295 294 296 297 297 298 299 299 301 300 302 302 303 303 304 305 305 306 306 307 308 308 309 310 310 310 311 312 312 313 312 314 313 315 315 315 316 316 317 318 317 319 318 318 319 319 320 320 321 321 322 321 535 535 534 536 535 536 537 537 537
466 467 469 469 471 473 473 474 475 477 478 479 480 480 482 482 484 485 485 487 487 488 490 490 491 491 493 290 291 293 293 294 294 296 296 297 297 298 299 299 300 302 301 303 302 303 305 304 306 305 307 306 308 309 309 310 309 311 311 312 312 312 313 313 314 315 314 316 315 317 317 317 318 318 318 319 319 321 320 320 321 321 321 322 323 322 536 535 535 537 536 537 537 537
467 468 469 471 472 474 473 475 476 477 479 479 480 481 483 484 484 485 486 488 487 489 490 490 492 492 494 291 292 293 293 294 296 295 297 297 298 298 299 300 301 301 302 303 304 304 305 305 306 306 308 308 308 309 309 310 311 311 312 311 313 312 314 314 314 315 315 316 316 316 318 317 319 318 319 320 320 320 321 321 322 322 322 323 323 323 324 537 536 537 537 537 538 538
467 468 470 472 473 473 474 476 477 478 479 479 481 483 483 484 485 486 487 487 489 490 491 491 492 494 494 292 293 293 294 295 296 296 298 297 299 300 300 301 301 302 303 303 305 304 306 306 307 308 307 309 308 310 309 311 312 311 313 312 314 314 315 315 315 316 316 317 318 317 319 318 318 320 319 321 320 321 321 322 322 323 323 322 324 323 324 325 325 538 537 538 539 539
468 470 471 472 472 474 476 476 478 478 480 480 482 484 483 485 485 487 488 488 490 490 491 492 493 494 494 293 292 294 296 295 297 297 298 298 300 300 301 302 302 303 304 304 306 305 306 307 307 308 308 310 309 311 311 311 312 312 313 314 314 315 314 316 315 317 317 317 318 318 319 319 319 321 320 320 321 321 323 322 323 323 324 323 324 325 324 326 325 326 539 538 539 539
469 471 471 472 473 475 477 477 478 479 480 482 483 483 484 486 486 487 488 489 491 490 492 493 493 495 495 294 294 295 296 296 297 298 298 300 299 301 301 302 303 303 304 305 305 306 306 308 308 309 309 310 311 310 312 311 313 312 314 314 314 315 315 316 317 316 318 317 319 318 319 320 320 321 321 321 323 322 322 323 323 323 324 325 325 325 325 326 327 326 328 327 539 540
