testData/tiles/oneDegree/grid8.0-25.0-9.0-26.0.asc
ncols   200
nrows   200
xllcorner   8.0
yllcorner   25.0
cellsize   0.005
NODATA_value   -9999.0
[rows 84 to 125 of 200, columns 94 to 187 of 200]
245 246 247 248 249 250 251 251 252 253 254 255 256 257 258 259 260 261 262 263 264 264 264 265 266 267 268 269 269 270 271 272 272 273 274 274 275 275 276 277 277 278 279 280 280 281 282 281 282 283 283 284 285 285 286 286 287 287 287 288 288 289 290 290 291 291 291 291 292 293 293 294 294 295 294 295 295 296 296 297 297 298 297 298 298 299 299 300 300 300 300 300 301 301
244 245 246 248 249 250 251 251 252 253 254 255 256 257 258 258 259 260 261 262 263 264 265 265 265 266 267 268 269 270 270 271 272 273 273 274 274 275 275 276 277 278 278 279 280 280 281 281 281 282 283 283 284 285 285 286 287 286 287 287 288 289 289 290 290 291 290 291 292 292 293 293 294 294 295 294 295 295 296 296 297 297 297 297 298 298 299 299 300 300 299 300 300 301
244 245 246 247 248 249 250 250 251 252 253 254 255 256 257 258 259 260 261 261 262 263 264 264 265 266 267 267 268 269 270 271 271 272 273 274 273 274 275 276 276 277 278 278 279 280 281 280 281 282 282 283 284 284 285 285 286 286 286 287 287 288 289 289 290 290 290 290 291 292 292 293 293 294 294 294 294 295 295 296 296 297 297 297 297 298 298 299 299 299 299 299 300 300
243 244 245 246 247 248 249 249 250 251 252 253 254 255 256 257 258 259 260 261 262 263 263 263 264 265 266 267 268 268 269 270 271 272 272 273 273 274 274 275 276 276 277 278 279 279 280 280 280 281 282 282 283 284 284 285 285 285 286 286 287 288 288 289 289 290 289 290 291 291 292 292 293 293 294 293 294 294 295 295 296 296 297 296 297 297 298 298 299 299 298 299 299 300
242 243 244 245 246 248 249 250 250 251 252 253 254 255 256 257 257 258 259 260 261 262 263 263 264 264 265 266 267 268 269 269 270 271 272 272 272 273 274 274 275 276 277 277 278 279 279 279 280 280 281 282 282 283 284 284 285 285 285 286 286 287 288 288 289 289 289 289 290 291 291 292 292 293 293 293 293 294 294 295 295 296 296 296 296 297 297 298 298 298 298 298 299 299
241 242 244 245 246 247 248 249 249 250 251 252 253 254 255 256 257 258 259 260 260 261 262 262 263 264 265 265 266 267 268 269 270 270 271 272 272 272 273 274 275 275 276 277 277 278 279 279 279 280 281 281 282 282 283 284 284 284 285 285 286 286 287 288 288 289 288 289 289 290 291 291 292 292 293 292 293 293 294 294 295 295 296 295 296 296 297 297 298 298 297 298 298 299
241 242 243 244 245 246 247 248 248 249 250 251 252 253 254 255 256 257 258 259 260 261 262 261 262 263 264 265 266 267 267 268 269 270 270 271 271 272 273 273 274 275 275 276 277 278 278 278 279 279 280 281 281 282 283 283 284 283 284 285 285 286 286 287 288 288 289 288 289 289 290 291 291 292 292 292 292 293 293 294 294 295 295 295 295 296 296 297 297 297 297 297 298 298
240 241 242 243 244 245 246 247 248 249 250 251 252 253 254 254 255 256 257 258 259 260 261 261 262 263 263 264 265 266 267 267 268 269 270 271 270 271 272 273 273 274 275 276 276 277 278 277 278 279 279 280 281 281 282 283 283 283 284 284 285 285 286 287 287 288 288 288 288 289 289 290 291 291 292 291 292 292 293 293 294 294 295 294 295 295 296 296 297 297 296 297 297 298
239 240 241 242 244 245 246 247 247 248 249 250 251 252 253 254 255 256 257 258 258 259 260 261 261 262 263 264 264 265 266 267 268 268 269 270 270 271 271 272 273 274 274 275 276 276 277 278 277 278 279 279 280 281 281 282 283 283 283 284 284 285 285 286 287 287 288 287 288 288 289 289 290 291 291 291 291 292 292 293 293 294 294 294 294 295 295 296 296 296 296 296 297 297
238 239 241 242 243 244 245 246 246 247 248 249 250 251 252 253 254 255 256 257 258 259 260 260 260 261 262 263 264 265 265 266 267 268 269 269 269 270 271 271 272 273 274 274 275 276 276 277 277 278 278 279 280 280 281 281 282 283 282 283 284 284 285 285 286 287 287 287 287 288 288 289 289 290 291 290 291 291 292 292 293 293 294 293 294 294 295 295 295 296 295 296 296 297
237 239 240 241 242 243 244 245 245 246 247 248 249 250 251 252 253 254 255 256 257 258 259 260 260 261 261 262 263 264 265 266 266 267 268 269 270 269 270 271 272 272 273 274 274 275 276 277 276 277 278 278 279 280 280 281 282 282 282 282 283 284 284 285 285 286 287 286 287 287 288 288 289 289 290 289 290 291 291 292 292 293 293 293 293 294 294 294 295 295 295 295 296 296
237 238 239 240 241 242 243 244 246 246 247 248 249 250 251 252 253 254 254 255 256 257 258 259 259 260 261 262 262 263 264 265 266 266 267 268 269 269 269 270 271 272 272 273 274 275 275 276 276 276 277 278 278 279 280 280 281 282 281 282 282 283 284 284 285 285 286 286 286 287 287 288 288 289 289 289 289 290 290 291 292 292 292 292 292 293 293 294 294 295 295 295 295 296
236 237 238 239 240 241 243 244 245 245 246 247 248 249 250 251 252 253 254 255 256 257 257 258 258 259 260 261 262 263 263 264 265 266 267 267 268 268 269 269 270 271 272 272 273 274 275 275 275 276 276 277 278 278 279 280 280 281 281 281 282 282 283 284 284 285 285 285 286 286 287 287 288 288 289 288 289 289 290 290 291 291 292 291 292 292 293 293 294 294 295 294 295 295
235 236 237 238 240 241 242 243 244 244 245 246 247 248 249 250 251 252 253 254 255 256 257 258 258 258 259 260 261 262 263 264 264 265 266 267 268 267 268 269 270 270 271 272 273 273 274 275 274 275 276 276 277 278 278 279 280 280 280 281 281 282 282 283 284 284 285 284 285 285 286 287 287 288 288 288 288 289 289 290 290 291 291 291 291 292 292 293 293 294 294 294 294 295
234 235 236 238 239 240 241 242 243 243 244 245 246 247 248 249 250 251 252 253 254 255 256 257 257 258 259 259 260 261 262 263 264 264 265 266 267 267 267 268 269 270 270 271 272 273 273 274 274 274 275 276 276 277 278 278 279 280 279 280 281 281 282 282 283 284 284 284 284 285 285 286 287 287 288 287 288 288 289 289 290 290 291 290 291 291 292 292 293 293 294 293 294 294
233 234 236 237 238 239 240 241 242 242 243 244 246 247 248 249 250 251 251 252 253 254 255 256 256 257 258 259 260 260 261 262 263 264 265 265 266 266 267 267 268 269 270 270 271 272 273 273 273 274 274 275 276 276 277 278 278 279 279 279 280 281 281 282 282 283 284 283 284 284 285 285 286 287 287 287 287 288 288 289 289 290 290 290 290 291 291 292 292 293 293 292 293 293
232 233 235 236 237 238 239 240 241 242 243 244 245 246 247 248 249 250 251 252 253 254 254 255 255 256 257 258 259 260 261 261 262 263 264 265 265 265 266 267 268 268 269 270 271 271 272 273 272 273 274 274 275 276 276 277 278 278 278 279 279 280 281 281 282 282 283 283 283 284 284 285 285 286 286 286 287 287 288 288 289 289 290 289 290 290 291 291 292 292 292 292 292 293
231 233 234 235 236 237 238 240 241 241 242 243 244 245 246 247 248 249 250 251 252 253 254 255 255 255 256 257 258 259 260 261 261 262 263 264 265 265 265 266 267 268 268 269 270 271 271 272 272 272 273 274 274 275 276 276 277 278 277 278 279 279 280 281 281 282 282 282 282 283 284 284 285 285 286 285 286 286 287 287 288 288 289 288 289 289 290 290 291 291 292 291 292 292
230 232 233 234 235 236 238 239 240 240 241 242 243 244 245 246 247 248 249 250 251 252 253 254 254 255 256 256 257 258 259 260 261 262 262 263 264 264 265 265 266 267 268 268 269 270 271 271 271 272 272 273 274 274 275 276 276 277 277 277 278 279 279 280 280 281 282 281 282 282 283 284 284 285 285 285 285 286 286 287 287 288 288 288 288 289 289 290 290 291 291 291 291 292
229 231 232 233 234 235 237 238 239 239 240 241 242 243 244 245 246 247 248 249 250 251 252 253 253 254 255 256 257 257 258 259 260 261 262 262 263 263 264 265 265 266 267 268 268 269 270 271 270 271 272 272 273 274 274 275 276 276 276 277 277 278 279 279 280 280 281 281 281 282 282 283 283 284 285 284 285 285 286 286 287 287 288 287 288 288 289 289 290 290 291 290 291 291
229 230 231 232 233 235 236 237 238 238 239 240 241 242 243 244 245 246 247 248 249 250 251 252 252 253 254 255 256 257 258 258 259 260 261 262 263 262 263 264 265 265 266 267 268 268 269 270 270 270 271 272 272 273 274 274 275 276 275 276 277 277 278 279 279 280 280 280 281 281 282 282 283 283 284 283 284 285 285 286 286 287 287 287 287 288 288 289 289 290 290 289 290 290
228 229 230 231 232 234 235 236 237 237 238 239 240 242 243 244 245 246 247 248 249 250 251 251 251 252 253 254 255 256 257 258 258 259 260 261 262 262 262 263 264 265 265 266 267 268 268 269 269 270 270 271 272 272 273 274 274 275 275 275 276 277 277 278 278 279 280 279 280 280 281 282 282 283 283 283 283 284 284 285 285 286 286 286 287 287 287 288 288 289 289 289 289 290
227 228 229 230 231 233 234 235 236 236 237 238 240 241 242 243 244 245 246 247 248 249 250 251 251 251 252 253 254 255 256 257 258 259 259 260 261 261 262 262 263 264 265 265 266 267 268 268 268 269 270 270 271 272 272 273 274 274 274 275 275 276 277 277 278 278 279 279 279 280 280 281 281 282 283 282 283 283 284 284 285 285 286 285 286 286 287 287 288 288 289 288 289 289
226 227 228 229 230 232 233 234 235 235 236 238 239 240 241 242 243 244 245 246 247 248 249 250 250 251 252 252 253 254 255 256 257 258 259 259 260 260 261 262 262 263 264 265 266 266 267 268 267 268 269 270 270 271 272 272 273 274 273 274 275 275 276 276 277 278 278 278 279 279 280 280 281 281 282 281 282 283 283 284 284 285 285 285 285 286 286 287 287 288 288 288 288 289
224 226 227 228 229 231 232 233 234 234 236 237 238 239 240 241 242 243 244 245 246 247 248 249 249 250 251 252 253 253 254 255 256 257 258 259 259 259 260 261 262 262 263 264 265 265 266 267 267 267 268 269 270 270 271 272 272 273 273 273 274 275 275 276 276 277 278 277 278 278 279 280 280 281 281 281 281 282 282 283 283 284 285 284 285 285 286 286 287 287 287 287 287 288
223 225 226 227 228 230 231 232 233 233 235 236 237 238 239 240 241 242 243 244 245 246 247 248 248 249 250 251 252 253 254 254 255 256 257 258 259 258 259 260 261 262 262 263 264 265 265 266 266 267 267 268 269 269 270 271 272 272 272 273 273 274 274 275 276 276 277 277 277 278 278 279 279 280 281 280 281 281 282 282 283 283 284 283 284 284 285 285 286 286 287 286 287 287
222 224 225 226 227 229 230 231 232 232 234 235 236 237 238 239 240 241 242 243 244 245 246 247 247 248 249 250 251 252 253 254 254 255 256 257 258 258 258 259 260 261 262 262 263 264 265 265 265 266 267 267 268 269 269 270 271 271 271 272 272 273 274 274 275 276 276 276 276 277 278 278 279 279 280 279 280 281 281 282 282 283 283 283 283 284 284 285 285 286 286 286 286 287
221 223 224 225 226 228 229 230 231 231 233 234 235 236 237 238 239 240 241 242 243 244 245 246 246 247 248 249 250 251 252 253 254 254 255 256 257 257 258 258 259 260 261 262 262 263 264 265 264 265 266 267 267 268 269 269 270 271 270 271 272 272 273 274 274 275 275 275 276 276 277 277 278 279 279 279 279 280 280 281 281 282 282 282 283 283 284 284 285 285 285 285 285 286
220 221 223 224 225 227 228 229 229 230 232 233 234 235 236 237 238 239 240 241 242 243 244 245 245 246 247 248 249 250 251 252 253 254 254 255 256 256 257 258 258 259 260 261 262 262 263 264 264 264 265 266 267 267 268 269 269 270 270 270 271 272 272 273 273 274 275 274 275 276 276 277 277 278 278 278 279 279 280 280 281 281 282 281 282 282 283 283 284 284 284 284 285 285
219 220 222 223 224 226 227 228 228 229 231 232 233 234 235 236 237 238 239 240 241 242 243 244 244 245 246 247 248 249 250 251 252 253 254 254 254 255 256 257 258 258 259 260 261 262 262 263 263 264 264 265 266 266 267 268 269 269 269 270 270 271 271 272 273 273 274 274 274 275 275 276 277 277 278 277 278 278 279 279 280 281 281 281 281 282 282 283 283 284 283 284 284 285
218 219 221 222 223 224 226 227 227 228 230 231 232 233 234 235 236 237 238 239 240 242 243 244 244 244 245 246 247 248 249 250 251 252 253 254 253 254 255 256 257 258 258 259 260 261 261 262 262 263 263 264 265 266 266 267 268 268 268 269 269 270 271 271 272 273 273 273 273 274 275 275 276 276 277 277 277 278 278 279 279 280 280 280 280 281 281 282 282 283 282 283 283 284
217 218 219 221 222 223 225 226 226 227 228 230 231 232 233 234 235 236 237 238 240 241 242 242 243 244 245 245 246 247 248 249 250 251 252 253 253 253 254 255 256 257 258 258 259 260 261 260 261 262 263 263 264 265 266 266 267 267 267 268 269 269 270 271 271 272 272 272 273 273 274 275 275 276 276 276 276 277 277 278 279 279 280 279 280 280 281 281 282 282 282 282 283 283
215 217 218 220 221 222 223 225 225 226 227 229 230 231 232 233 234 235 236 237 239 240 241 241 242 243 244 245 245 246 247 248 249 250 251 252 252 253 253 254 255 256 257 257 258 259 260 260 260 261 262 263 263 264 265 265 266 266 266 267 268 268 269 270 270 271 272 271 272 273 273 274 274 275 275 275 276 276 277 277 278 278 279 278 279 279 280 280 281 281 281 281 282 282
214 216 217 218 220 221 222 224 224 225 226 227 229 230 231 232 233 234 235 236 238 239 240 240 241 242 243 244 245 245 246 247 248 249 250 251 251 252 252 253 254 255 256 257 257 258 259 259 259 260 261 262 262 263 264 265 265 265 266 266 267 268 268 269 270 270 270 271 271 272 272 273 274 274 275 274 275 275 276 277 277 278 278 278 278 279 279 280 280 281 280 281 281 282
213 214 216 217 218 220 221 222 223 224 225 226 228 229 230 231 232 233 234 235 237 238 239 239 240 241 242 243 244 245 245 246 247 248 249 250 250 251 252 252 253 254 255 256 257 257 258 258 259 259 260 261 262 262 263 264 264 264 265 266 266 267 268 268 269 269 269 270 270 271 272 272 273 273 274 274 274 275 275 276 276 277 277 277 277 278 279 279 280 280 280 280 280 281
212 213 215 216 217 219 220 220 222 223 224 225 226 228 229 230 231 232 233 234 235 237 238 238 239 240 241 242 243 244 244 245 246 247 248 249 249 250 251 252 252 253 254 255 256 256 257 257 258 259 259 260 261 261 262 263 264 263 264 265 265 266 267 267 268 269 268 269 270 270 271 271 272 273 273 273 273 274 274 275 276 276 277 276 277 277 278 278 279 279 279 279 280 280
210 212 213 215 216 217 219 219 220 222 223 224 225 226 228 229 230 231 232 233 234 235 237 237 238 239 240 241 242 243 243 244 245 246 247 248 248 249 250 251 251 252 253 254 255 256 256 256 257 258 258 259 260 261 261 262 263 262 263 264 265 265 266 267 267 268 267 268 269 269 270 271 271 272 272 272 273 273 274 274 275 275 276 275 276 276 277 277 278 279 278 279 279 279
209 211 212 213 215 216 217 218 219 220 222 223 224 225 227 228 229 230 231 232 233 234 235 236 237 238 239 240 241 242 242 243 244 245 246 247 247 248 249 250 250 251 252 253 254 255 255 255 256 257 258 258 259 260 260 261 262 262 262 263 264 264 265 266 266 267 267 267 268 269 269 270 270 271 272 271 272 272 273 273 274 275 274 275 275 276 276 277 277 278 277 278 278 279
208 209 211 212 213 215 216 217 218 219 220 222 223 224 225 227 228 229 230 231 232 233 233 234 235 237 238 239 240 241 241 242 243 244 245 245 246 247 248 249 250 250 251 252 253 254 254 254 255 256 257 257 258 259 260 260 261 261 261 262 263 264 264 265 266 266 266 266 267 268 268 269 270 270 270 270 271 272 272 273 273 274 273 274 274 275 275 276 276 277 276 277 277 278
206 208 209 211 212 214 215 215 217 218 219 221 222 223 224 225 227 228 229 230 231 232 232 233 234 235 236 237 238 239 240 241 242 243 244 244 245 246 247 248 249 249 250 251 252 253 254 253 254 255 256 256 257 258 259 259 260 260 261 261 262 263 263 264 265 265 265 266 266 267 268 268 269 269 269 270 270 271 271 272 272 273 272 273 274 274 275 275 276 276 276 276 277 277
205 206 208 209 211 212 213 214 215 217 218 219 221 222 223 224 225 227 228 229 230 231 231 232 233 234 235 236 237 238 239 240 241 242 243 243 244 245 246 247 248 248 249 250 251 252 252 252 253 254 255 256 256 257 258 259 258 259 260 260 261 262 262 263 264 264 264 265 265 266 267 267 268 268 268 269 269 270 270 271 272 272 272 272 273 273 274 274 275 275 275 275 276 276
203 205 206 208 209 211 211 213 214 215 217 218 219 221 222 223 224 225 227 228 229 230 230 231 232 233 234 235 236 237 238 239 240 241 242 242 243 244 245 246 247 247 248 249 250 251 251 251 252 253 254 255 255 256 257 258 257 258 259 259 260 261 262 262 263 264 263 264 265 265 266 266 267 268 267 268 268 269 270 270 271 271 271 271 272 272 273 274 274 274 274 275 275 276
