testData/tiles/oneDegree/grid45.0-11.0-46.0-12.0.asc
ncols   200
nrows   200
xllcorner   45.0
yllcorner   11.0
cellsize   0.005
NODATA_value   -9999.0
[rows 84 to 125 of 200, columns 94 to 187 of 200]
615 615 614 613 612 613 613 612 612 611 611 611 610 609 608 608 607 607 607 606 606 605 603 602 602 601 601 601 600 600 598 597 596 596 596 596 595 631 631 631 631 631 630 629 629 629 628 628 628 628 627 627 627 626 626 626 625 625 625 624 624 624 623 623 622 622 621 613 613 612 612 611 611 610 610 609 609 608 607 607 606 606 605 605 605 605 605 605 605 605 605 605 605 605
611 611 611 611 610 609 609 608 608 607 607 606 606 606 604 604 603 603 602 602 602 601 601 599 599 598 598 598 598 598 598 597 597 596 596 596 596 596 632 631 631 631 631 630 629 629 629 628 628 628 628 627 627 627 626 626 626 625 625 625 624 624 623 623 623 622 622 621 613 612 612 611 611 610 610 609 609 608 608 607 607 606 605 605 605 605 605 605 605 605 605 605 605 605
608 607 607 607 606 606 604 604 603 603 603 602 602 601 601 601 600 600 600 600 600 600 600 600 600 599 599 599 598 598 598 598 597 597 597 596 596 596 633 632 631 631 631 631 631 629 629 629 628 628 628 628 627 627 627 626 626 626 625 625 624 624 624 623 623 622 622 622 621 621 612 612 611 611 610 610 609 609 608 607 607 606 606 605 605 605 605 605 605 605 605 605 605 605
603 603 603 602 602 602 602 602 601 602 602 602 602 602 602 602 602 602 600 600 600 600 600 600 600 600 599 599 599 599 598 598 598 598 597 597 597 596 596 633 633 632 631 631 631 631 630 629 629 628 628 628 628 627 627 627 626 626 626 625 625 624 624 624 623 623 622 622 621 621 620 612 611 611 610 610 609 609 608 608 607 607 606 605 605 605 605 605 605 605 605 605 605 605
602 602 602 602 603 603 603 603 603 603 602 602 602 602 602 602 602 602 602 601 601 601 601 600 600 600 600 600 599 599 599 599 598 598 598 597 597 597 596 633 633 633 632 631 631 631 631 630 629 629 628 628 628 628 627 627 627 626 626 625 625 625 624 624 623 623 623 622 622 621 621 620 612 611 611 610 610 609 609 608 608 607 606 606 605 605 605 605 605 605 605 605 605 605
602 603 603 603 603 603 603 603 603 603 603 602 602 602 602 602 602 602 602 602 602 601 601 601 601 601 600 600 600 599 599 599 599 599 598 598 598 597 597 633 633 633 633 632 631 631 631 631 630 629 629 628 628 628 627 627 627 626 626 626 625 625 625 624 624 623 623 622 622 622 621 621 620 612 611 611 610 609 609 608 608 607 607 606 605 605 605 605 605 605 605 605 605 605
604 604 603 603 603 603 603 603 603 603 603 603 603 602 602 602 602 602 602 602 602 602 601 601 601 601 601 601 601 600 600 599 599 599 599 599 598 598 597 597 634 633 633 633 633 631 631 631 631 630 630 629 628 628 628 627 627 627 626 626 626 625 625 624 624 624 623 623 622 622 621 621 620 620 619 611 610 610 609 609 608 608 607 606 606 605 605 605 605 605 605 605 605 605
604 604 604 604 603 603 603 604 604 604 604 604 604 604 603 603 603 603 603 603 602 602 602 602 601 601 601 601 601 601 601 600 599 599 599 599 599 598 598 597 634 634 633 633 633 633 631 631 631 631 630 630 629 628 628 628 627 627 627 626 626 626 625 625 624 624 623 623 623 622 622 621 621 620 620 619 611 610 610 609 608 608 607 607 606 605 605 605 605 605 605 605 605 605
604 604 604 605 605 604 604 604 604 604 604 604 604 604 604 604 603 603 603 603 603 603 603 603 602 601 601 601 601 601 601 601 601 599 599 599 599 599 599 598 598 634 634 633 633 633 633 631 631 631 631 630 630 629 628 628 628 627 627 627 626 626 625 625 625 624 624 623 623 622 622 621 621 620 620 619 619 610 610 609 609 608 608 607 606 606 605 605 605 605 605 605 605 605
605 605 605 605 605 605 605 604 604 604 604 604 604 604 604 604 604 603 603 603 603 603 603 603 603 603 603 601 601 601 601 601 601 601 600 599 599 599 599 599 598 635 634 634 633 633 633 633 632 631 631 631 630 630 630 628 628 628 627 627 626 626 626 625 625 624 624 624 623 623 622 622 621 621 620 620 619 619 610 610 609 608 608 607 607 606 605 605 605 605 605 605 605 605
605 605 605 605 605 605 605 605 604 604 604 604 604 604 604 604 604 604 604 603 603 603 603 603 603 603 603 603 602 601 601 601 601 601 601 601 599 599 599 599 599 598 635 635 634 633 633 633 633 632 631 631 630 630 630 630 628 628 627 627 627 626 626 626 625 625 624 624 623 623 622 622 622 621 621 620 619 619 618 610 609 609 608 608 607 606 606 605 605 605 605 605 605 605
605 605 605 605 605 605 606 606 606 606 605 605 605 605 605 605 605 605 605 605 604 603 603 603 603 603 603 603 603 602 602 601 601 601 601 601 601 600 599 599 599 599 635 635 635 634 633 633 633 633 632 631 631 630 630 630 629 628 628 627 627 627 626 626 625 625 625 624 624 623 623 622 622 621 621 620 620 619 619 618 618 609 608 608 607 607 606 605 605 605 605 436 436 436
605 605 606 606 606 606 606 606 606 606 606 605 605 605 605 605 605 605 605 605 605 605 604 604 604 603 603 603 603 603 603 602 602 601 601 601 601 601 601 599 599 599 599 635 635 635 634 633 633 633 633 632 632 631 630 630 630 629 629 628 627 627 627 626 626 625 625 624 624 624 623 623 622 622 621 621 620 620 619 618 618 448 440 439 438 438 437 437 436 436 436 436 436 436
607 607 606 606 606 606 606 606 606 606 606 606 606 605 605 605 605 605 605 605 605 605 605 604 604 604 604 603 603 603 603 603 602 602 602 601 601 601 601 601 599 599 599 636 636 635 635 635 633 633 633 633 632 632 631 630 630 630 629 629 628 627 627 626 626 626 625 625 624 624 623 454 453 453 452 452 451 451 450 450 449 449 448 439 439 438 438 437 436 436 436 436 436 436
607 607 607 606 606 606 606 606 606 606 606 606 607 607 607 605 605 605 605 605 605 605 605 605 605 604 604 604 604 604 603 603 603 603 602 602 601 601 601 601 601 600 599 599 636 636 635 635 635 633 633 633 633 632 632 631 630 630 630 629 460 458 458 458 457 457 456 456 456 455 455 454 454 453 453 452 452 451 451 450 449 449 448 448 439 438 438 437 437 436 436 436 436 436
607 607 607 607 607 607 607 607 607 607 607 607 607 607 607 607 606 606 606 606 606 606 605 605 605 605 604 604 604 604 604 604 603 603 603 602 602 602 601 601 601 601 601 599 636 636 636 635 466 466 464 464 464 464 463 463 463 461 461 460 460 460 458 458 458 457 457 456 456 455 455 454 454 453 453 452 452 451 451 450 450 449 449 448 447 439 438 437 437 436 436 436 436 436
607 607 608 608 608 608 607 607 607 607 607 607 607 607 607 607 607 607 606 606 606 606 606 606 606 605 605 604 604 604 604 604 604 603 603 603 433 433 433 432 432 432 432 432 430 467 467 467 466 466 466 465 464 464 463 463 463 462 461 461 460 460 460 459 458 457 457 456 456 456 455 455 454 454 453 453 452 452 451 451 450 449 449 448 448 447 438 438 437 436 436 436 436 436
608 608 608 608 608 608 608 608 607 607 607 607 607 607 607 607 607 607 607 606 606 606 606 437 437 437 437 437 436 435 435 435 435 435 435 434 434 434 433 433 432 432 432 432 432 468 467 467 467 466 466 466 465 464 464 463 463 463 462 461 461 460 460 459 459 458 457 457 456 456 455 455 454 454 453 453 452 452 451 451 450 450 449 449 448 447 447 446 437 437 436 436 436 436
608 608 608 608 608 608 608 608 439 438 438 439 439 439 439 439 438 438 438 438 437 437 437 437 437 437 437 437 437 437 435 435 435 435 435 435 434 434 434 433 433 433 432 432 432 432 468 467 467 467 466 466 466 465 464 464 463 463 463 462 461 461 460 460 459 459 457 457 457 456 456 455 455 454 454 453 453 452 452 451 451 450 449 449 448 448 447 446 446 437 436 436 436 436
439 439 439 439 439 440 440 440 440 440 440 439 439 439 439 439 439 439 439 439 439 439 437 437 437 437 437 437 437 437 437 437 435 435 435 435 435 435 434 434 433 433 433 432 432 432 469 468 467 467 466 466 466 466 465 464 464 463 463 463 462 462 460 460 460 459 459 457 457 456 456 455 455 455 454 453 453 452 452 451 451 450 450 449 448 448 447 447 446 445 437 436 436 436
439 439 440 440 440 440 440 440 440 440 440 440 439 439 439 439 439 439 439 439 439 439 439 438 438 437 437 437 437 437 437 437 437 435 435 435 435 435 435 434 434 434 433 433 432 432 432 469 468 468 467 466 466 466 465 465 465 463 463 463 462 462 462 460 460 459 459 459 457 457 456 456 455 455 454 454 453 453 452 452 451 451 450 449 449 448 448 447 446 446 445 436 436 436
441 441 440 440 440 440 440 440 440 440 440 440 440 440 439 439 439 439 439 439 439 439 439 439 439 438 438 438 437 437 437 437 437 437 436 435 435 435 435 435 434 434 434 433 433 432 432 469 469 468 468 467 466 466 466 465 465 465 463 463 463 462 462 461 460 460 459 459 458 458 456 456 456 455 455 454 454 453 452 452 451 451 450 450 449 448 448 447 447 446 445 445 436 436
441 441 441 440 440 440 440 440 440 440 440 440 441 441 441 439 439 439 439 439 439 439 439 439 439 439 438 438 438 438 437 437 437 437 437 437 435 435 435 435 435 435 434 434 433 433 432 432 469 469 468 468 467 466 466 466 465 465 465 463 463 463 462 462 461 460 460 459 459 458 458 456 456 455 455 454 454 453 453 452 452 451 450 450 449 449 448 447 447 446 445 445 444 436
441 441 441 441 441 441 441 441 441 441 441 441 441 441 441 441 441 440 440 440 440 440 439 439 439 439 439 439 438 438 438 438 437 437 437 437 437 436 435 435 435 435 435 434 434 434 433 432 469 469 468 468 468 467 466 466 466 465 465 465 463 463 462 462 462 461 461 459 459 458 458 458 456 456 455 455 454 454 453 452 452 451 451 450 450 449 448 448 447 446 446 445 444 444
441 441 442 442 442 442 442 441 441 441 441 441 441 441 441 441 441 441 440 440 440 440 440 440 440 439 439 439 439 438 438 438 438 437 437 437 437 437 436 435 435 435 435 435 434 434 434 433 432 469 469 468 468 468 468 466 466 466 465 465 464 464 463 462 462 461 461 461 459 459 458 458 457 456 455 455 454 454 453 453 452 452 451 450 450 449 449 448 447 447 446 445 445 444
442 442 442 442 442 442 442 442 441 441 441 441 441 441 441 441 441 441 441 441 440 440 440 440 440 440 440 439 439 439 438 438 438 438 438 437 437 437 437 437 435 435 435 435 435 434 434 434 433 469 469 469 468 468 468 467 466 466 465 465 465 464 464 463 462 462 461 461 460 459 459 458 458 457 456 455 455 454 454 453 452 452 451 451 450 449 449 448 448 447 446 446 445 444
442 442 442 442 442 442 442 442 442 442 441 441 441 441 441 441 441 441 441 441 441 440 440 440 440 440 440 440 440 440 439 439 438 438 438 438 437 437 437 437 437 435 435 435 435 435 434 434 434 434 469 469 469 468 468 468 467 466 466 465 465 465 464 464 462 462 462 461 461 460 459 458 458 457 457 456 455 454 454 453 453 452 452 451 450 450 449 449 448 447 447 446 445 445
442 442 442 442 442 442 443 443 443 443 443 442 442 442 442 442 442 442 442 442 442 441 441 440 440 440 440 440 440 440 440 439 439 438 438 438 438 438 437 437 437 437 436 435 435 435 435 434 434 434 433 469 469 469 468 468 468 467 466 466 465 465 464 464 464 462 462 461 461 460 460 459 458 458 457 457 456 455 454 453 453 452 452 451 451 450 449 449 448 448 447 446 446 445
442 442 442 443 443 443 443 443 443 443 443 443 443 442 442 442 442 442 442 442 442 442 442 442 440 440 440 440 440 440 440 440 440 439 438 438 438 438 438 437 437 437 437 437 435 435 435 435 434 434 434 470 469 469 468 468 468 467 467 467 465 465 465 464 464 463 462 462 461 461 460 460 458 458 457 457 456 456 454 454 453 453 452 451 451 450 450 449 448 448 447 446 446 445
444 443 443 443 443 443 443 443 443 443 443 443 443 443 442 442 442 442 442 442 442 442 442 442 442 441 441 440 440 440 440 440 440 440 440 439 438 438 438 438 437 437 437 437 437 435 435 435 435 434 434 434 470 469 469 468 468 468 467 467 467 465 465 465 464 464 463 463 461 461 461 460 460 459 458 457 457 456 456 454 453 453 452 452 451 451 450 449 449 448 447 447 446 445
444 444 444 443 443 443 443 443 443 443 443 443 443 443 443 442 442 442 442 442 442 442 442 442 442 442 442 441 441 440 440 440 440 440 440 440 439 438 438 438 438 437 437 437 437 437 435 435 435 434 434 434 471 470 470 469 468 468 468 467 467 467 465 465 464 464 464 463 463 461 461 460 460 459 459 457 457 456 456 455 454 453 453 452 451 451 450 450 449 448 448 447 446 446
444 444 444 444 443 443 443 444 444 444 444 444 444 444 444 444 444 443 443 443 442 442 442 442 442 442 442 442 441 441 441 440 440 440 440 440 440 439 438 438 438 438 437 437 437 437 437 436 435 435 434 434 434 471 470 470 469 468 468 468 467 467 466 465 465 464 464 463 463 462 461 461 460 460 459 459 457 457 456 456 455 453 453 452 452 451 450 450 449 449 448 447 447 446
444 444 444 445 445 445 444 444 444 444 444 444 444 444 444 444 444 444 443 443 443 443 443 443 442 442 442 442 442 442 441 441 441 440 440 440 440 440 440 439 438 438 438 437 437 437 437 436 436 435 435 434 434 434 470 470 470 468 468 468 467 467 467 466 465 464 464 464 463 463 462 461 460 460 459 459 458 457 456 456 455 455 453 453 452 451 451 450 449 449 448 448 447 446
444 445 445 445 445 445 445 444 444 444 444 444 444 444 444 444 444 444 444 444 443 443 443 443 443 443 442 442 442 442 442 441 441 441 440 440 440 440 440 440 439 438 438 438 437 437 437 437 436 436 435 435 434 434 471 470 470 470 468 468 468 467 467 466 466 466 464 464 463 463 463 462 461 460 460 459 459 458 457 456 455 455 454 453 452 452 451 450 450 449 448 448 447 446
445 445 445 445 445 445 445 445 445 444 444 444 444 444 444 444 444 444 444 444 444 443 443 443 443 443 443 443 442 442 442 442 441 441 441 441 440 440 440 440 440 439 438 438 438 437 437 437 437 436 436 435 435 434 434 471 470 470 470 468 468 467 467 467 466 466 465 464 464 463 463 462 462 460 460 459 459 458 458 456 456 455 455 454 453 452 451 451 450 449 449 448 447 447
445 445 445 445 445 445 445 445 445 446 445 445 445 445 445 445 445 445 444 444 444 444 443 443 443 443 443 443 443 443 442 442 442 442 441 441 441 440 440 440 440 440 439 439 438 438 437 437 437 437 436 436 436 434 434 434 471 470 470 469 469 468 467 467 467 466 466 465 464 463 463 463 462 462 461 460 459 459 458 458 456 455 455 454 454 453 451 451 450 450 449 448 448 447
445 445 445 445 445 446 446 446 446 446 446 446 445 445 445 445 445 445 445 445 445 445 444 444 443 443 443 443 443 443 443 443 442 442 442 441 441 441 440 440 440 440 440 439 439 438 438 437 437 437 437 436 436 436 434 434 471 470 470 470 469 469 468 467 467 466 466 466 465 464 463 463 462 462 461 461 459 459 458 458 457 457 455 455 454 453 453 451 450 450 449 449 448 447
445 445 446 446 446 446 446 446 446 446 446 446 446 445 445 445 445 445 445 445 445 445 445 445 445 443 443 443 443 443 443 443 443 443 442 442 441 441 441 440 440 440 440 440 439 439 438 438 437 437 437 437 436 436 436 434 434 471 470 470 470 469 469 467 467 467 466 466 465 465 463 463 463 462 462 461 461 459 459 458 457 457 456 455 454 454 453 452 451 450 449 449 448 447
447 446 446 446 446 446 446 446 446 446 446 446 446 446 445 445 445 445 445 445 445 445 445 445 445 445 445 443 443 443 443 443 443 443 443 442 442 441 441 441 440 440 440 440 440 439 439 438 438 437 437 437 436 436 436 436 434 434 471 470 470 469 469 469 467 467 466 466 466 465 465 463 463 462 462 461 461 460 459 458 458 457 457 456 454 454 453 453 452 450 450 449 448 448
447 447 446 446 446 446 446 446 446 446 446 446 446 446 446 446 445 445 445 445 445 445 445 445 445 445 445 445 444 443 443 443 443 443 443 443 442 442 442 441 441 441 440 440 440 440 439 439 439 438 437 437 437 436 436 436 435 434 471 470 470 470 469 469 468 467 467 466 466 465 465 464 464 463 462 462 461 461 460 458 458 457 457 456 456 454 453 453 452 452 450 449 449 448
447 447 447 447 446 446 446 447 447 447 447 447 447 447 447 447 447 446 446 446 445 445 445 445 445 445 445 445 445 444 444 443 443 443 443 443 443 443 442 442 441 441 441 440 440 440 440 439 439 439 437 437 437 437 436 436 436 435 435 471 470 470 470 469 469 468 468 466 466 466 465 465 464 464 462 462 461 461 460 460 458 458 457 456 456 455 454 453 452 452 451 450 449 448
447 447 447 448 448 447 447 447 447 447 447 447 447 447 447 447 447 447 447 446 446 446 446 446 445 445 445 445 445 445 445 444 444 443 443 443 443 443 443 442 442 441 441 441 440 440 440 440 439 439 439 437 437 437 437 436 436 436 435 435 470 470 470 469 469 469 468 468 466 466 465 465 464 464 464 462 462 461 460 460 459 458 457 457 456 456 455 453 453 452 451 451 449 448
