testData/tiles/oneDegree/grid42.0-14.0-43.0-15.0.asc
ncols   200
nrows   200
xllcorner   42.0
yllcorner   14.0
cellsize   0.005
NODATA_value   -9999.0
[rows 126 to 167 of 200, columns 94 to 187 of 200]
319 319 320 320 320 320 320 320 320 320 351 351 351 351 352 352 352 352 352 352 352 352 352 352 352 352 352 352 353 353 353 353 353 353 353 353 353 353 353 353 353 354 354 354 355 355 356 356 358 358 359 359 359 360 360 361 314 314 273 273 273 274 397 398 398 398 399 400 400 402 403 404 405 406 407 407 409 410 410 412 413 413 414 416 416 417 419 419 420 420 422 423 423 424
320 320 320 320 320 320 320 320 320 320 321 352 352 352 352 352 352 352 352 352 352 352 352 353 353 353 353 353 353 353 353 353 353 353 353 353 353 353 353 353 354 354 355 355 356 356 357 357 358 358 358 359 359 360 360 360 361 361 273 273 273 274 397 397 398 398 398 399 400 401 402 403 404 406 407 408 410 410 411 412 413 414 415 416 417 418 418 420 420 421 423 423 424 425
320 320 320 320 320 321 321 321 321 321 321 352 352 352 352 352 352 352 353 353 353 353 353 353 353 353 353 353 353 353 353 353 353 353 354 354 354 354 354 354 354 354 355 355 355 356 356 357 357 358 358 359 359 359 360 360 361 319 320 321 274 397 398 398 399 399 399 400 401 401 403 404 404 405 407 408 408 410 411 411 413 414 414 415 417 417 418 419 420 421 421 423 424 424
320 320 321 321 321 321 321 321 321 321 321 321 352 353 353 353 353 353 353 353 353 353 353 353 353 353 353 353 354 354 354 354 354 354 354 354 354 354 354 354 354 354 354 355 355 356 356 357 358 359 359 359 360 360 361 361 319 320 320 321 321 444 398 398 398 399 399 399 400 401 402 403 404 405 406 407 408 410 410 411 412 413 414 415 416 417 417 418 420 420 421 422 423 424
321 321 321 321 321 321 321 321 321 322 322 322 353 353 353 353 353 353 353 353 353 353 353 354 354 354 354 354 354 354 354 354 354 354 354 354 354 354 354 354 355 355 355 356 356 356 357 357 358 358 359 359 360 360 360 361 319 320 320 320 321 444 444 445 445 398 399 399 400 400 401 402 404 404 405 407 408 409 411 411 412 414 414 415 416 417 418 419 420 421 422 422 424 424
321 321 321 321 321 322 322 322 322 322 322 322 322 353 353 353 353 353 354 354 354 354 354 354 354 354 354 354 354 354 354 354 354 354 355 355 355 355 355 355 355 355 355 355 356 356 357 357 358 358 358 359 359 360 360 319 319 319 320 321 321 445 445 446 446 446 447 400 400 401 402 402 404 405 406 407 408 409 409 411 412 412 414 415 415 417 418 418 419 421 421 422 422 424
321 322 322 322 322 322 322 322 322 322 322 322 322 354 354 354 354 354 354 354 354 354 354 354 354 354 354 354 355 355 355 355 355 355 355 355 355 355 355 355 355 355 355 355 356 356 356 357 357 359 359 360 360 361 361 319 320 320 321 321 444 445 445 445 446 446 446 447 447 400 401 402 403 405 405 406 418 418 419 421 422 425 427 428 430 432 433 435 436 437 439 439 441 443
322 322 322 322 322 322 322 322 322 323 323 323 323 354 354 354 354 354 354 354 354 354 354 355 355 355 355 355 355 355 355 355 355 355 355 355 355 355 355 355 355 356 356 356 356 357 357 358 358 359 359 359 360 360 319 319 320 320 320 321 444 444 445 445 446 446 446 457 457 457 460 416 417 420 423 425 426 428 430 431 433 435 436 438 440 440 441 444 444 445 446 448 449 449
322 322 322 322 322 323 323 323 323 323 323 323 323 323 354 354 354 354 355 355 355 355 355 355 355 355 355 355 355 355 355 355 355 355 355 356 356 356 356 356 356 356 356 356 356 357 357 357 358 358 359 359 360 318 319 319 319 320 320 320 454 455 457 459 461 464 465 466 469 470 471 473 475 429 431 433 434 437 438 439 442 442 443 445 446 448 449 450 451 452 453 455 438 439
322 322 323 323 323 323 323 323 323 323 323 323 323 323 355 355 355 355 355 355 355 355 355 355 355 355 355 355 355 356 356 356 356 356 356 356 356 356 356 356 356 356 356 356 356 356 357 357 358 358 359 360 360 319 319 330 331 334 337 338 464 466 467 469 470 472 473 474 476 477 478 480 481 482 484 439 440 441 444 444 445 448 448 449 452 452 453 454 439 440 441 441 443 443
323 323 323 323 323 323 323 323 323 323 324 324 324 324 324 355 355 355 355 355 355 355 355 355 356 356 356 356 356 356 356 356 356 356 356 356 356 356 356 356 356 356 356 357 357 357 357 358 358 359 369 371 332 336 338 339 342 343 346 347 471 473 474 476 477 478 480 480 481 483 483 484 486 487 489 490 492 446 448 449 450 452 453 454 437 440 441 441 443 445 445 446 447 448
323 323 323 323 323 323 324 324 324 324 324 324 324 324 324 355 355 355 355 356 356 356 356 356 356 356 356 356 356 356 356 356 356 356 356 356 357 357 357 357 357 357 357 357 357 367 367 371 374 377 379 340 342 343 346 347 349 350 351 476 477 479 480 481 483 483 485 487 487 488 489 490 491 492 493 495 497 498 499 437 438 439 441 442 443 444 445 446 448 449 450 450 451 453
323 323 324 324 324 324 324 324 324 324 324 324 324 324 324 325 356 356 356 356 356 356 356 356 356 356 356 356 356 356 356 357 357 357 357 357 357 357 357 357 357 367 368 371 374 376 379 380 383 385 387 346 349 350 353 354 355 357 358 483 483 484 486 487 488 489 490 491 492 492 494 494 495 496 498 481 483 485 486 487 442 443 443 445 447 447 449 450 450 452 453 454 455 456
324 324 324 324 324 324 324 324 324 324 324 325 325 325 325 325 356 356 356 356 356 356 356 356 356 356 357 357 357 357 357 357 357 357 357 357 357 367 368 371 374 377 379 381 383 384 387 388 391 392 352 353 354 356 357 359 360 362 362 486 488 489 490 491 492 493 494 494 496 496 480 481 482 482 483 485 486 487 489 490 492 493 447 449 449 450 452 453 454 454 456 457 457 458
324 324 324 324 324 324 324 325 325 325 325 325 325 325 325 325 325 356 356 356 356 357 357 357 357 357 357 357 357 357 357 357 357 357 367 370 374 376 379 382 384 386 387 389 390 391 393 394 395 355 356 358 359 361 362 363 364 365 367 490 492 493 493 495 495 479 480 481 482 483 483 485 485 486 487 489 490 492 493 493 495 497 497 498 454 454 455 457 457 458 459 461 462 463
324 324 324 325 325 325 325 325 325 325 325 325 325 325 325 325 326 357 357 357 357 357 357 357 357 357 357 357 357 357 367 368 372 376 379 381 383 385 387 389 390 391 393 394 395 396 398 399 400 359 360 362 363 364 366 366 368 369 494 495 479 480 481 482 483 484 485 485 486 487 488 488 489 490 490 492 493 494 495 497 498 499 500 502 502 504 458 458 460 461 462 463 465 465
325 325 325 325 325 325 325 325 325 325 325 325 326 326 326 326 326 326 357 357 357 357 357 357 357 357 357 367 370 374 377 380 382 384 386 388 390 391 393 394 395 397 398 399 400 401 402 403 362 363 365 366 368 369 353 354 355 356 480 482 482 484 484 485 486 487 487 489 489 490 491 491 493 493 493 494 495 496 497 500 500 501 503 504 505 507 507 508 462 463 465 465 467 468
325 325 325 325 325 325 325 325 325 326 326 326 326 326 326 326 326 326 357 357 357 357 357 358 368 371 375 378 381 383 385 387 389 391 392 394 395 396 398 399 400 401 402 404 405 406 407 366 350 350 352 353 354 355 356 358 358 360 483 484 486 486 488 488 488 490 490 492 492 493 494 494 495 496 496 497 498 499 499 502 503 504 504 506 508 508 510 511 511 466 466 467 468 470
325 325 325 325 325 326 326 326 326 326 326 326 326 326 326 326 326 326 326 358 358 368 371 375 378 381 383 386 388 389 391 393 394 396 397 398 401 402 403 404 405 389 390 391 392 393 351 352 353 354 355 356 357 359 359 361 361 362 487 487 489 489 490 491 491 493 493 494 496 496 497 498 498 499 500 500 501 502 503 504 506 507 508 509 510 511 512 514 515 515 517 471 471 472
325 325 326 326 326 326 326 326 326 326 326 326 326 326 326 327 327 327 337 370 375 378 381 383 386 388 390 391 393 395 396 399 400 401 385 387 388 389 390 391 392 393 394 394 395 396 355 356 356 357 358 359 360 361 362 363 365 366 490 491 491 493 493 495 495 496 497 497 498 499 500 501 501 501 503 503 503 505 506 506 507 509 510 511 513 513 514 516 516 517 519 520 521 474
326 326 326 326 326 326 326 326 326 326 326 327 327 327 327 327 338 343 346 349 383 385 388 390 391 393 379 380 382 383 385 386 387 388 389 390 391 392 393 394 395 396 397 398 399 357 358 359 360 361 362 362 364 365 366 367 367 492 492 494 494 496 496 497 498 498 500 500 500 502 502 502 504 504 504 506 506 506 507 508 510 511 512 513 514 516 517 517 519 520 520 522 522 523
326 326 326 326 326 326 326 327 327 327 327 327 327 337 341 345 332 334 337 339 372 374 377 379 380 382 383 385 386 387 389 390 391 392 393 394 395 396 397 398 399 400 401 402 361 361 362 363 363 364 365 365 366 367 368 369 370 495 495 496 497 497 499 499 501 501 501 503 503 503 505 505 505 507 507 507 508 509 509 510 511 512 513 515 516 517 518 519 519 521 522 523 525 526
326 326 326 309 310 310 310 310 310 310 320 322 327 330 333 336 339 342 344 346 348 380 382 383 385 386 387 389 390 391 392 393 394 395 396 398 399 400 401 402 403 403 404 363 364 364 365 366 366 367 367 368 369 370 371 372 373 496 498 498 499 500 500 502 502 504 505 505 506 507 508 508 509 510 510 510 512 512 512 513 514 515 517 518 518 519 521 521 523 525 525 526 527 528
310 310 310 310 310 310 310 310 320 324 329 332 335 338 341 343 345 347 349 351 352 385 386 387 389 390 391 392 394 395 397 398 399 400 401 401 402 403 404 405 405 406 407 366 366 367 368 368 369 369 370 371 371 372 373 375 376 500 501 501 502 503 504 505 505 506 507 507 509 509 509 511 511 511 512 513 513 514 514 515 516 517 518 519 520 521 523 524 525 525 527 528 528 530
310 310 310 310 310 310 321 326 330 333 337 340 342 344 346 348 350 352 353 355 356 358 390 391 392 395 396 397 398 399 400 401 402 403 404 404 405 406 407 408 408 409 368 368 369 370 370 372 372 373 374 374 375 375 377 377 378 502 502 504 504 506 506 506 508 508 509 510 510 511 512 512 513 513 514 515 515 515 517 517 517 518 519 520 523 523 524 526 526 527 527 529 530 530
310 310 310 320 323 328 332 336 338 341 343 345 347 349 351 353 354 356 357 359 360 362 394 396 397 398 399 400 401 402 403 404 405 406 406 407 408 409 409 410 412 371 371 372 373 373 374 374 375 375 376 376 377 377 378 379 503 504 505 505 507 507 508 509 510 510 511 512 512 513 514 514 515 516 516 517 517 517 519 519 519 520 521 522 523 525 525 526 528 528 529 531 531 532
310 320 324 330 334 337 339 342 344 346 348 350 352 354 355 357 358 361 362 363 364 366 367 399 400 401 402 403 404 405 406 407 407 408 409 411 412 412 413 414 372 373 374 374 375 376 376 377 377 378 378 379 379 380 380 381 505 506 507 507 509 509 509 511 511 513 514 514 515 516 517 517 517 519 519 519 520 521 521 522 522 522 523 525 526 527 528 529 529 531 532 532 534 535
326 331 334 337 340 343 345 347 349 351 353 354 356 359 360 361 363 364 365 366 368 369 370 371 403 404 405 406 407 408 409 410 411 412 413 413 414 415 416 374 375 376 376 377 377 378 378 379 380 380 381 381 382 382 382 384 508 509 510 511 511 512 513 514 514 515 516 516 517 518 518 519 520 520 521 521 521 523 523 523 524 524 524 526 527 528 530 530 531 533 533 534 534 536
335 338 341 343 346 348 350 352 353 355 358 359 361 362 363 365 366 367 368 370 371 372 373 374 406 408 409 410 410 411 412 413 414 414 415 416 417 417 418 377 377 378 378 379 380 380 381 382 383 383 384 384 385 385 386 386 509 511 511 513 513 514 515 515 516 517 518 518 518 520 520 520 522 522 523 523 523 525 525 525 526 526 526 528 529 529 530 532 532 533 535 535 536 538
341 344 346 348 350 352 355 357 358 360 361 363 364 365 367 368 369 370 371 372 374 376 377 378 378 410 411 412 413 414 415 415 416 417 418 418 419 420 378 379 380 381 382 382 383 383 384 384 385 385 386 386 387 387 388 388 511 513 513 514 515 515 517 517 518 519 519 520 520 521 522 522 523 524 524 525 525 525 527 527 527 528 528 528 530 531 532 533 534 535 535 537 538 538
346 349 351 354 355 357 359 360 362 363 365 366 367 369 370 371 372 374 375 376 377 378 379 380 381 413 414 415 415 416 417 418 418 419 420 421 422 381 381 382 383 383 384 384 385 385 386 387 387 387 388 388 389 389 390 390 513 514 515 516 517 517 518 519 519 521 521 521 522 524 525 525 525 527 527 527 528 528 529 530 530 530 531 531 531 533 534 535 537 537 538 540 540 541
352 354 356 358 359 361 362 364 365 367 368 369 370 372 374 375 376 377 378 379 380 381 382 383 384 384 416 417 418 419 419 421 422 422 423 424 382 383 384 384 385 385 386 386 387 388 388 389 389 389 390 390 391 391 392 515 515 517 517 519 519 520 521 522 522 522 524 524 525 525 526 527 527 527 529 529 530 530 530 532 532 532 533 533 533 534 535 535 537 539 539 540 542 542
356 358 360 361 363 364 366 367 368 370 372 373 374 375 376 377 379 380 381 381 382 383 384 385 386 387 420 420 421 422 423 423 424 425 425 384 385 385 386 386 387 387 388 389 389 390 390 391 391 392 393 393 394 394 395 518 518 519 519 520 521 521 522 523 524 524 526 526 526 527 528 528 529 529 530 531 531 532 532 532 533 534 534 535 535 535 536 537 538 539 540 542 542 544
360 361 363 364 366 367 369 371 372 373 375 376 377 378 379 380 381 382 383 509 385 386 388 388 389 390 391 423 423 424 425 425 426 427 385 386 387 387 388 388 389 389 390 391 392 392 393 393 394 394 395 395 396 396 396 520 520 521 521 521 523 523 524 524 525 526 526 528 528 528 529 530 531 531 531 532 533 533 534 534 534 535 535 536 537 537 537 538 539 540 542 542 543 543
488 490 491 493 495 496 498 499 500 501 502 503 505 506 507 508 509 509 511 512 513 514 515 516 516 517 518 550 550 551 552 552 553 512 512 513 514 514 516 516 517 392 393 393 394 394 395 395 396 396 397 397 397 398 398 522 522 522 523 523 523 525 525 526 527 528 528 528 530 530 531 531 531 533 533 533 534 534 537 537 537 538 538 538 539 539 540 540 542 542 543 545 545 545
491 494 495 497 498 499 500 502 503 504 505 506 507 508 509 511 512 513 514 515 515 516 517 518 519 519 520 521 552 553 554 554 513 515 515 516 517 517 518 518 519 519 520 520 521 521 522 522 523 523 398 399 399 400 400 523 524 524 524 525 525 526 528 528 529 530 531 531 532 533 533 534 534 534 536 536 537 537 537 538 539 539 540 540 540 541 541 541 542 543 544 545 547 548
495 497 498 499 501 502 503 504 505 506 507 508 510 511 512 513 514 515 516 517 518 518 519 520 521 521 522 523 524 556 557 557 516 517 517 518 518 519 520 520 521 521 522 522 523 523 524 524 524 525 525 526 526 527 528 651 651 527 527 527 528 528 529 530 531 531 531 533 533 534 534 535 536 536 537 537 538 539 539 539 540 540 540 542 542 542 543 543 543 544 545 546 547 548
498 500 501 502 503 504 506 507 509 510 511 512 513 514 515 515 516 517 518 519 520 520 521 522 524 524 525 526 526 558 559 517 518 519 519 520 520 521 521 522 522 523 523 524 524 525 525 527 527 528 528 528 529 529 652 653 653 653 654 654 654 655 530 531 532 533 533 534 535 535 536 536 537 538 538 539 539 539 540 541 541 542 542 542 543 543 543 544 545 545 547 547 548 550
501 502 503 505 506 508 509 510 511 512 513 514 515 516 517 518 518 519 520 521 523 523 524 525 526 526 527 528 528 529 519 519 520 520 521 522 522 523 523 524 524 526 526 527 527 528 528 528 529 529 530 530 530 531 654 654 655 655 655 656 656 656 657 658 658 658 660 535 536 536 538 538 538 539 539 540 541 541 542 542 542 543 544 544 545 545 545 546 546 546 546 548 549 549
503 505 507 508 509 510 511 512 513 514 515 516 517 518 519 520 521 522 523 524 525 525 526 527 528 528 529 530 530 489 520 521 522 522 523 523 525 525 526 526 527 527 528 528 529 529 530 530 530 531 531 532 532 532 656 656 656 657 657 657 658 658 658 659 660 660 661 662 662 663 663 665 541 541 542 542 543 543 544 545 545 545 546 546 546 547 547 548 549 549 549 550 551 552
507 508 509 510 511 512 514 515 515 516 517 518 519 520 522 523 524 524 525 526 527 527 528 529 529 530 531 531 490 491 491 524 524 525 526 526 527 527 528 528 529 529 530 530 530 531 531 532 532 533 533 533 534 534 657 658 658 658 659 659 660 661 661 661 661 663 663 664 664 665 666 666 667 667 668 669 544 545 545 545 546 546 547 548 548 548 549 549 549 550 550 550 552 552
509 510 512 513 514 515 516 517 518 519 520 521 522 523 524 525 525 526 527 528 528 529 530 531 531 532 533 492 493 493 494 495 526 527 527 528 528 529 529 530 530 531 531 532 532 532 533 533 534 534 534 535 536 537 660 660 661 661 661 661 662 662 662 663 663 664 664 665 666 666 667 667 668 669 669 670 670 670 672 672 547 548 548 549 549 549 550 551 551 551 552 552 552 554
