testData/tiles/oneDegree/grid22.0-48.0-23.0-49.0.asc
ncols   200
nrows   200
xllcorner   22.0
yllcorner   48.0
cellsize   0.005
NODATA_value   -9999.0
[rows 0 to 65 of 200, columns 96 to 191 of 200]
22 22 22 22 22 22 22 22 22 22 22 22 22 22 22 22 22 22 22 22 22 22 22 23 23 23 23 23 23 23 23 23 23 23 23 23 23 23 23 23 23 23 23 23 23 23 23 23 23 23 23 23 23 23 23 23 23 23 23 38 48 55 61 66 70 73 77 80 82 85 86 89 91 92 94 96 97 99 100 101 102 167 168 169 170 171 171 172 175 180 184 188 191 194 197 200
22 22 22 22 22 22 22 22 22 22 22 22 22 22 22 22 22 22 22 22 22 22 22 22 22 22 22 23 23 23 23 23 23 23 23 23 23 23 23 23 23 23 23 23 23 23 23 23 23 23 23 23 23 23 23 23 23 23 23 38 48 55 61 66 70 73 76 79 82 84 86 89 91 93 94 96 97 99 100 101 166 167 168 169 170 171 171 173 177 182 186 189 193 196 200 202
22 22 22 22 22 22 22 22 22 22 22 22 22 22 22 22 22 22 22 22 22 22 22 22 22 22 22 22 22 22 22 22 22 23 23 23 23 23 23 23 23 23 23 23 23 23 23 23 23 23 23 23 23 23 23 23 23 23 23 39 48 55 60 65 69 73 76 79 82 84 87 89 91 93 94 96 98 99 100 101 166 168 168 169 170 171 171 175 179 184 187 191 194 198 201 203
22 22 22 22 22 22 22 22 22 22 22 22 22 22 22 22 22 22 22 22 22 22 22 22 22 22 22 22 22 22 22 22 22 22 22 22 22 22 22 22 22 22 22 22 23 23 23 23 23 22 22 22 22 22 22 22 22 22 22 38 48 55 60 65 69 73 76 79 82 84 87 89 91 93 94 96 98 99 100 165 167 168 169 169 170 171 172 177 181 186 189 193 197 199 202 205
21 21 22 22 22 22 22 22 22 22 22 22 22 22 22 22 22 22 22 22 22 22 22 22 22 22 22 22 22 22 22 22 22 22 22 22 22 22 22 22 22 22 22 22 22 22 22 22 22 22 22 22 22 22 22 22 22 22 22 39 48 55 60 65 69 73 76 79 82 84 87 89 91 93 95 96 98 99 100 166 167 168 169 169 170 171 174 179 183 187 191 193 197 200 203 206
21 21 21 21 22 22 22 22 22 22 22 22 22 22 22 22 22 22 22 22 22 22 22 22 22 22 22 22 22 22 22 22 22 22 22 22 22 22 22 22 22 22 22 22 22 22 22 22 22 22 22 22 22 22 22 22 22 22 22 39 48 55 61 65 69 73 76 79 82 85 87 89 91 93 95 96 98 99 164 166 167 168 169 170 170 171 177 181 185 188 191 196 199 202 205 207
21 21 21 21 21 21 22 22 22 22 22 22 22 22 22 22 22 22 22 22 22 22 22 22 22 22 22 22 22 22 22 22 22 22 22 22 22 22 22 22 22 22 22 22 22 22 22 22 22 22 22 22 22 22 22 22 22 22 22 39 49 55 61 65 70 73 76 79 82 85 87 89 91 93 95 96 98 99 165 166 167 168 169 170 170 173 179 182 186 190 193 197 200 203 206 209
21 21 21 21 21 21 21 21 21 22 22 22 22 22 22 22 22 22 22 22 22 22 22 22 22 22 22 22 22 22 22 22 22 22 22 22 22 22 22 22 22 22 22 22 22 22 22 22 22 22 22 22 22 22 22 22 22 22 22 40 49 56 61 66 70 73 77 80 82 85 87 89 91 93 95 96 98 99 165 166 167 168 169 170 169 174 179 183 188 191 195 199 202 205 207 210
21 21 21 21 21 21 21 21 21 21 21 22 22 22 22 22 22 22 22 22 22 22 22 22 22 22 22 22 22 22 22 22 22 22 22 22 22 22 22 22 22 22 22 22 22 22 22 22 22 22 22 22 22 22 22 22 22 22 22 40 49 56 61 66 70 73 77 80 82 85 87 89 91 93 95 97 98 163 165 166 167 168 168 169 172 176 181 185 190 193 196 200 203 206 209 211
21 21 21 21 21 21 21 21 21 21 21 21 21 21 22 22 22 22 22 22 22 22 22 22 22 22 22 22 22 22 22 22 22 22 22 22 22 22 22 22 22 22 22 22 22 22 22 22 22 22 22 22 22 22 22 22 22 22 22 40 49 56 61 66 70 74 77 80 82 85 87 89 91 93 95 97 98 164 165 165 166 167 168 169 174 178 183 187 191 194 199 202 205 207 210 213
21 21 21 21 21 21 21 21 21 21 21 21 21 21 21 21 21 22 22 22 22 22 22 22 22 22 22 22 22 22 22 22 22 22 22 22 22 22 22 22 22 22 22 22 22 22 22 22 22 22 22 22 22 22 22 22 22 22 22 41 50 56 62 66 70 74 77 80 83 85 87 90 92 93 95 97 161 163 164 165 166 167 168 171 176 180 185 188 193 196 200 203 206 209 211 214
21 21 21 21 21 21 21 21 21 21 21 21 21 21 21 21 21 21 21 21 21 22 22 22 22 22 22 22 22 22 22 22 22 22 22 22 22 22 22 22 22 22 22 22 22 22 22 22 22 22 22 22 22 22 22 22 22 22 22 41 50 56 62 66 70 74 77 80 83 85 87 90 91 92 94 96 161 163 164 165 166 167 168 173 178 182 186 191 194 197 202 204 207 210 213 215
21 21 21 21 21 21 21 21 21 21 21 21 21 21 21 21 21 21 21 21 21 21 21 21 21 22 22 22 22 22 22 22 22 22 22 22 22 22 22 22 22 22 22 22 22 22 22 22 22 22 22 22 22 22 22 22 22 22 22 41 50 57 62 66 70 74 77 80 82 84 87 89 91 93 94 160 161 163 164 165 166 167 169 175 180 184 188 192 196 199 203 206 209 211 214 216
21 21 21 21 21 21 21 21 21 21 21 21 21 21 21 21 21 21 21 21 21 21 21 21 21 21 21 21 21 21 22 22 22 22 22 22 22 22 22 22 22 22 22 22 22 22 22 22 22 22 22 22 22 22 22 22 22 22 22 42 50 57 62 66 69 73 76 79 82 84 87 89 91 93 94 160 161 163 164 165 166 167 171 176 181 186 190 194 197 201 204 207 210 213 215 217
21 21 21 21 21 21 21 21 21 21 21 21 21 21 21 21 21 21 21 21 21 21 21 21 21 21 21 21 21 21 21 21 21 21 21 21 21 21 22 22 22 22 22 22 22 22 22 22 22 22 22 22 22 22 22 21 21 21 21 41 50 56 61 66 70 73 76 79 82 84 87 89 91 93 94 160 162 163 164 165 166 168 173 178 183 188 191 195 199 203 206 208 211 213 215 218
20 20 21 21 21 21 21 21 21 21 21 21 21 21 21 21 21 21 21 21 21 21 21 21 21 21 21 21 21 21 21 21 21 21 21 21 21 21 21 21 21 21 21 21 21 21 21 21 21 21 21 21 21 21 21 21 21 21 27 41 50 56 61 66 70 73 76 79 82 85 87 89 91 93 159 160 162 163 164 165 167 171 175 180 185 189 193 197 200 204 207 209 211 215 218 220
20 20 20 20 20 21 21 21 21 21 21 21 21 21 21 21 21 21 21 21 21 21 21 21 21 21 21 21 21 21 21 21 21 21 21 21 21 21 21 21 21 21 21 21 21 21 21 21 21 21 21 21 21 21 21 21 21 21 27 42 50 56 61 66 70 73 77 80 82 85 87 89 91 93 159 160 162 163 164 166 167 172 178 182 186 191 194 198 200 204 207 210 213 216 219 221
20 20 20 20 20 20 20 21 21 21 21 21 21 21 21 21 21 21 21 21 21 21 21 21 21 21 21 21 21 21 21 21 21 21 21 21 21 21 21 21 21 21 21 21 21 21 21 21 21 21 21 21 21 21 21 21 21 21 27 42 50 56 62 66 70 74 77 80 82 85 87 89 91 157 159 160 162 163 164 166 169 174 179 183 188 192 195 199 202 206 209 211 215 217 220 222
20 20 20 20 20 20 20 20 20 20 21 21 21 21 21 21 21 21 21 21 21 21 21 21 21 21 21 21 21 21 21 21 21 21 21 21 21 21 21 21 21 21 21 21 21 21 21 21 21 21 21 21 21 21 21 21 21 21 27 42 50 57 62 66 70 74 77 80 82 85 87 89 91 157 159 160 162 163 165 166 171 176 181 185 188 193 197 200 204 207 210 212 216 219 221 223
20 20 20 20 20 20 20 20 20 20 20 20 20 21 21 21 21 21 21 21 21 21 21 21 21 21 21 21 21 21 21 21 21 21 21 21 21 21 21 21 21 21 21 21 21 21 21 21 21 21 21 21 21 21 21 21 21 21 28 43 51 57 62 66 70 74 77 80 83 85 87 89 91 157 159 160 162 163 165 167 172 177 182 186 190 194 198 202 205 208 211 215 217 220 222 224
20 20 20 20 20 20 20 20 20 20 20 20 20 20 20 20 21 21 21 21 21 21 21 21 21 21 21 21 21 21 21 21 21 21 21 21 21 21 21 21 21 21 21 21 21 21 21 21 21 21 21 21 21 21 21 21 21 21 29 43 51 57 62 66 70 74 77 80 83 85 87 89 155 157 159 161 162 162 164 168 173 179 183 188 191 196 200 203 207 210 212 216 218 221 223 226
20 20 20 20 20 20 20 20 20 20 20 20 20 20 20 20 20 20 20 20 21 21 21 21 21 21 21 21 21 21 21 21 21 21 21 21 21 21 21 21 21 21 21 21 21 21 21 21 21 21 21 21 21 21 21 21 21 21 29 43 51 57 62 67 70 74 77 80 83 85 87 90 156 156 158 160 161 162 164 170 175 180 185 189 193 197 201 204 208 211 213 217 220 222 224 227
20 20 20 20 20 20 20 20 20 20 20 20 20 20 20 20 20 20 20 20 20 20 20 20 21 21 21 21 21 21 21 21 21 21 21 21 21 21 21 21 21 21 21 21 21 21 21 21 21 21 21 21 21 21 21 21 21 21 30 43 51 57 62 67 71 74 77 80 83 84 87 153 155 156 158 160 161 163 166 172 177 182 186 191 195 198 202 205 209 212 216 218 221 223 225 228
20 20 20 20 20 20 20 20 20 20 20 20 20 20 20 20 20 20 20 20 20 20 20 20 20 20 20 20 20 21 21 21 21 21 21 21 21 21 21 21 21 21 21 21 21 21 21 21 21 21 21 21 21 21 21 21 21 21 31 44 51 57 63 67 70 73 76 79 82 84 87 153 155 157 158 160 161 163 168 174 179 183 188 192 197 200 204 207 210 213 217 219 222 224 225 228
19 20 20 20 20 20 20 20 20 20 20 20 20 20 20 20 20 20 20 20 20 20 20 20 20 20 20 20 20 20 20 20 20 20 20 20 20 21 21 21 21 21 21 21 21 21 21 21 21 21 21 21 21 21 21 21 20 20 30 43 51 57 62 66 70 73 76 79 82 84 87 153 155 157 158 160 161 165 170 175 180 185 189 194 198 201 205 208 212 214 218 220 222 224 227 229
19 19 19 20 20 20 20 20 20 20 20 20 20 20 20 20 20 20 20 20 20 20 20 20 20 20 20 20 20 20 20 20 20 20 20 20 20 20 20 20 20 20 20 20 20 20 20 20 20 20 20 20 20 20 20 20 20 20 31 43 51 57 62 66 70 73 77 79 82 85 151 153 155 157 158 160 161 166 172 177 182 186 191 195 199 202 206 210 213 216 218 221 223 225 228 230
19 19 19 19 19 19 20 20 20 20 20 20 20 20 20 20 20 20 20 20 20 20 20 20 20 20 20 20 20 20 20 20 20 20 20 20 20 20 20 20 20 20 20 20 20 20 20 20 20 20 20 20 20 20 20 20 20 20 31 43 51 57 62 66 70 74 77 80 82 85 151 153 155 157 158 160 163 168 173 178 183 188 192 196 201 205 208 210 213 216 219 222 224 226 229 231
19 19 19 19 19 19 19 19 19 20 20 20 20 20 20 20 20 20 20 20 20 20 20 20 20 20 20 20 20 20 20 20 20 20 20 20 20 20 20 20 20 20 20 20 20 20 20 20 20 20 20 20 20 20 20 20 20 20 32 44 51 57 62 66 70 74 77 80 82 149 151 153 155 157 159 160 164 170 175 180 185 189 194 198 201 205 208 212 214 218 220 223 225 227 230 232
19 19 19 19 19 19 19 19 19 19 19 19 20 20 20 20 20 20 20 20 20 20 20 20 20 20 20 20 20 20 20 20 20 20 20 20 20 20 20 20 20 20 20 20 20 20 20 20 20 20 20 20 20 20 20 20 20 20 32 44 51 57 62 67 70 74 77 80 82 149 151 153 155 157 159 160 166 172 177 182 187 190 194 198 202 206 209 213 215 219 221 224 226 228 231 233
19 19 19 19 19 19 19 19 19 19 19 19 19 19 19 20 20 20 20 20 20 20 20 20 20 20 20 20 20 20 20 20 20 20 20 20 20 20 20 20 20 20 20 20 20 20 20 20 20 20 20 20 20 20 20 20 20 20 33 44 52 57 62 67 70 74 77 80 82 149 151 153 155 157 159 161 168 173 177 183 188 192 195 199 203 207 210 214 216 220 222 225 227 229 233 234
19 19 19 19 19 19 19 19 19 19 19 19 19 19 19 19 19 19 19 20 20 20 20 20 20 20 20 20 20 20 20 20 20 20 20 20 20 20 20 20 20 20 20 20 20 20 20 20 20 20 20 20 20 20 20 20 20 20 33 44 52 58 62 67 71 74 77 80 147 149 151 153 155 157 158 162 169 174 179 184 189 193 198 201 205 208 211 215 218 221 223 226 228 231 234 236
19 19 19 19 19 19 19 19 19 19 19 19 19 19 19 19 19 19 19 19 19 19 19 20 20 20 20 20 20 20 20 20 20 20 20 20 20 20 20 20 20 20 20 20 20 20 20 20 20 20 20 20 20 20 20 20 20 20 33 45 52 58 63 67 71 74 77 80 147 149 150 152 154 156 158 164 170 175 180 186 190 195 199 202 206 210 212 216 219 222 225 227 229 232 235 237
19 19 19 19 19 19 19 19 19 19 19 19 19 19 19 19 19 19 19 19 19 19 19 19 19 19 19 19 20 20 20 20 20 20 20 20 20 20 20 20 20 20 20 20 20 20 20 20 20 20 20 20 20 20 20 20 20 20 34 45 52 58 63 67 71 73 76 79 146 148 150 152 154 156 160 166 172 177 183 187 192 196 200 203 207 211 215 217 220 223 226 228 231 233 234 237
18 18 19 19 19 19 19 19 19 19 19 19 19 19 19 19 19 19 19 19 19 19 19 19 19 19 19 19 19 19 19 19 19 19 19 19 20 20 20 20 20 20 20 20 20 20 20 20 20 20 20 20 20 20 20 20 20 19 33 44 51 57 62 66 70 73 76 143 146 148 150 153 155 156 162 168 174 178 184 189 193 197 201 205 208 212 216 218 222 224 227 228 231 233 235 237
18 18 18 18 19 19 19 19 19 19 19 19 19 19 19 19 19 19 19 19 19 19 19 19 19 19 19 19 19 19 19 19 19 19 19 19 19 19 19 19 19 19 19 19 19 19 19 19 19 19 19 19 19 19 19 19 19 19 34 44 51 57 62 66 70 73 76 143 146 148 151 153 155 157 164 170 175 180 186 190 194 198 203 206 209 213 217 219 223 224 227 230 232 234 236 238
18 18 18 18 18 18 18 19 19 19 19 19 19 19 19 19 19 19 19 19 19 19 19 19 19 19 19 19 19 19 19 19 19 19 19 19 19 19 19 19 19 19 19 19 19 19 19 19 19 19 19 19 19 19 19 19 19 19 34 44 52 57 62 66 70 73 141 143 146 148 151 153 155 159 165 172 177 182 187 191 196 200 204 208 210 214 217 219 223 225 228 231 233 235 237 239
18 18 18 18 18 18 18 18 18 18 19 19 19 19 19 19 19 19 19 19 19 19 19 19 19 19 19 19 19 19 19 19 19 19 19 19 19 19 19 19 19 19 19 19 19 19 19 19 19 19 19 19 19 19 19 19 19 19 34 45 52 57 62 66 70 74 141 143 146 148 151 153 155 162 167 173 178 184 188 193 197 201 205 208 211 214 218 220 224 226 228 232 234 236 238 240
18 18 18 18 18 18 18 18 18 18 18 18 18 18 19 19 19 19 19 19 19 19 19 19 19 19 19 19 19 19 19 19 19 19 19 19 19 19 19 19 19 19 19 19 19 19 19 19 19 19 19 19 19 19 19 19 19 19 35 45 52 58 62 67 70 74 141 144 146 149 151 153 157 163 169 175 179 185 190 193 197 201 205 209 213 215 219 221 225 227 229 233 235 237 239 241
18 18 18 18 18 18 18 18 18 18 18 18 18 18 18 18 18 19 19 19 19 19 19 19 19 19 19 19 19 19 19 19 19 19 19 19 19 19 19 19 19 19 19 19 19 19 19 19 19 19 19 19 19 19 19 19 19 19 35 45 52 58 62 67 70 138 141 144 146 149 151 153 158 165 170 176 180 185 190 194 198 202 206 210 214 216 220 222 226 228 231 234 236 238 240 242
18 18 18 18 18 18 18 18 18 18 18 18 18 18 18 18 18 18 18 18 18 18 19 19 19 19 19 19 19 19 19 19 19 19 19 19 19 19 19 19 19 19 19 19 19 19 19 19 19 19 19 19 19 19 19 19 19 19 35 45 52 58 63 67 71 138 141 144 146 149 151 152 159 165 171 177 181 187 191 195 199 203 207 211 215 217 221 223 227 229 232 235 237 239 241 243
18 18 18 18 18 18 18 18 18 18 18 18 18 18 18 18 18 18 18 18 18 18 18 18 18 18 18 19 19 19 19 19 19 19 19 19 19 19 19 19 19 19 19 19 19 19 19 19 19 19 19 19 19 19 19 19 19 19 36 45 52 58 63 67 71 138 140 143 145 148 150 154 161 167 172 178 183 188 192 197 201 205 208 212 216 218 222 225 228 230 233 235 238 239 241 243
17 17 18 18 18 18 18 18 18 18 18 18 18 18 18 18 18 18 18 18 18 18 18 18 18 18 18 18 18 18 18 18 18 18 19 19 19 19 19 19 19 19 19 19 19 19 19 19 19 19 19 19 19 19 19 19 19 19 36 45 52 57 62 66 134 137 140 143 146 148 150 156 162 169 175 179 185 189 194 198 202 206 209 213 217 219 223 226 229 231 234 235 237 240 242 244
17 17 17 17 17 18 18 18 18 18 18 18 18 18 18 18 18 18 18 18 18 18 18 18 18 18 18 18 18 18 18 18 18 18 18 18 18 18 18 18 18 18 18 18 18 18 18 18 18 18 18 18 18 18 18 18 18 18 35 45 52 57 62 66 134 137 140 143 146 148 151 157 164 170 176 181 186 191 195 199 203 207 211 214 218 221 224 227 229 231 234 236 238 240 242 244
17 17 17 17 17 17 17 17 18 18 18 18 18 18 18 18 18 18 18 18 18 18 18 18 18 18 18 18 18 18 18 18 18 18 18 18 18 18 18 18 18 18 18 18 18 18 18 18 18 18 18 18 18 18 18 18 18 18 35 45 52 57 62 66 134 137 140 143 146 148 152 159 165 171 177 182 187 192 196 200 204 208 212 215 219 221 224 227 229 233 235 237 239 241 243 245
17 17 17 17 17 17 17 17 17 17 17 17 18 18 18 18 18 18 18 18 18 18 18 18 18 18 18 18 18 18 18 18 18 18 18 18 18 18 18 18 18 18 18 18 18 18 18 18 18 18 18 18 18 18 18 18 18 18 36 45 52 57 62 130 134 137 140 143 146 148 154 161 167 173 179 183 189 193 197 201 206 209 212 215 219 222 225 228 230 234 236 238 240 242 244 246
17 17 17 17 17 17 17 17 17 17 17 17 17 17 17 18 18 18 18 18 18 18 18 18 18 18 18 18 18 18 18 18 18 18 18 18 18 18 18 18 18 18 18 18 18 18 18 18 18 18 18 18 18 18 18 18 18 18 36 45 52 58 62 130 134 137 140 143 146 149 156 162 168 174 180 184 190 194 197 202 206 210 213 216 220 223 226 229 231 235 237 239 241 243 245 247
17 17 17 17 17 17 17 17 17 17 17 17 17 17 17 17 17 17 17 18 18 18 18 18 18 18 18 18 18 18 18 18 18 18 18 18 18 18 18 18 18 18 18 18 18 18 18 18 18 18 18 18 18 18 18 18 18 18 36 46 52 58 62 131 134 138 141 143 146 151 157 165 170 176 180 185 190 194 198 203 207 211 215 217 221 224 227 230 232 235 238 240 242 244 247 248
17 17 17 17 17 17 17 17 17 17 17 17 17 17 17 17 17 17 17 17 17 17 17 17 18 18 18 18 18 18 18 18 18 18 18 18 18 18 18 18 18 18 18 18 18 18 18 18 18 18 18 18 18 18 18 18 18 18 37 46 52 58 127 131 134 138 141 143 146 151 159 165 171 176 182 187 191 195 200 204 208 212 216 218 222 225 228 231 233 236 238 240 243 245 246 248
16 16 17 17 17 17 17 17 17 17 17 17 17 17 17 17 17 17 17 17 17 17 17 17 17 17 17 17 17 17 17 18 18 18 18 18 18 18 18 18 18 18 18 18 18 18 18 18 18 18 18 18 18 18 18 18 18 18 37 46 53 58 126 130 133 137 140 142 146 153 160 167 172 177 183 188 192 197 202 205 209 213 217 219 223 226 228 232 234 237 239 240 242 245 247 249
16 16 16 16 16 17 17 17 17 17 17 17 17 17 17 17 17 17 17 17 17 17 17 17 17 17 17 17 17 17 17 17 17 17 17 17 17 17 17 17 17 17 17 17 17 18 18 18 17 17 17 17 17 17 17 17 17 17 36 45 52 57 126 130 133 137 140 143 148 154 162 168 174 178 184 189 194 198 203 206 210 214 218 221 224 227 230 233 234 237 239 241 244 246 248 250
16 16 16 16 16 16 16 16 17 17 17 17 17 17 17 17 17 17 17 17 17 17 17 17 17 17 17 17 17 17 17 17 17 17 17 17 17 17 17 17 17 17 17 17 17 17 17 17 17 17 17 17 17 17 17 17 17 17 36 45 52 121 126 130 134 137 140 143 149 157 163 169 175 180 185 190 195 199 204 208 211 215 219 222 225 227 230 232 236 238 240 242 245 247 249 251
16 16 16 16 16 16 16 16 16 16 16 16 17 17 17 17 17 17 17 17 17 17 17 17 17 17 17 17 17 17 17 17 17 17 17 17 17 17 17 17 17 17 17 17 17 17 17 17 17 17 17 17 17 17 17 17 17 17 37 45 52 121 126 130 134 137 140 144 151 158 165 171 176 182 186 192 196 201 205 209 212 215 218 222 224 228 231 233 236 239 241 243 246 248 250 251
16 16 16 16 16 16 16 16 16 16 16 16 16 16 16 16 17 17 17 17 17 17 17 17 17 17 17 17 17 17 17 17 17 17 17 17 17 17 17 17 17 17 17 17 17 17 17 17 17 17 17 17 17 17 17 17 17 17 37 46 52 121 126 130 134 137 140 146 152 160 166 172 178 183 187 193 197 201 205 209 212 216 219 223 225 229 232 234 237 239 242 245 247 248 250 252
16 16 16 16 16 16 16 16 16 16 16 16 16 16 16 16 16 16 16 16 17 17 17 17 17 17 17 17 17 17 17 17 17 17 17 17 17 17 17 17 17 17 17 17 17 17 17 17 17 17 17 17 17 17 17 17 17 17 37 46 116 122 126 130 134 137 140 147 154 161 167 173 179 183 188 193 197 202 206 210 213 217 220 224 226 230 233 235 238 240 242 245 247 249 250 252
15 16 16 16 16 16 16 16 16 16 16 16 16 16 16 16 16 16 16 16 16 16 16 16 16 17 17 17 17 17 17 17 17 17 17 17 17 17 17 17 17 17 17 17 17 17 17 17 17 17 17 17 17 17 17 17 17 17 37 46 116 122 126 130 134 137 141 149 154 162 168 173 179 184 189 194 198 203 207 210 214 218 221 225 228 230 234 236 239 241 243 246 247 249 251 253
15 15 15 15 16 16 16 16 16 16 16 16 16 16 16 16 16 16 16 16 16 16 16 16 16 16 16 16 16 16 16 16 16 17 17 17 17 17 17 17 17 17 17 17 17 17 17 17 17 17 17 17 17 17 17 17 17 17 37 46 115 121 125 129 133 136 142 149 157 163 169 175 180 186 190 195 199 204 208 211 215 219 222 226 229 231 234 237 240 241 243 246 248 250 252 253
15 15 15 15 15 15 15 16 16 16 16 16 16 16 16 16 16 16 16 16 16 16 16 16 16 16 16 16 16 16 16 16 16 16 16 16 16 16 16 16 16 16 16 16 16 16 16 16 16 16 16 16 16 16 16 16 16 22 37 45 116 121 125 129 133 136 143 151 158 164 170 176 181 187 192 196 200 205 209 212 216 220 223 226 230 232 234 236 240 242 244 247 249 250 252 254
15 15 15 15 15 15 15 15 15 15 15 16 16 16 16 16 16 16 16 16 16 16 16 16 16 16 16 16 16 16 16 16 16 16 16 16 16 16 16 16 16 16 16 16 16 16 16 16 16 16 16 16 16 16 16 16 16 22 37 109 116 121 126 130 133 137 145 152 160 166 171 177 182 188 193 197 202 206 210 213 217 220 223 226 230 232 235 237 240 242 245 247 249 251 253 255
15 15 15 15 15 15 15 15 15 15 15 15 15 15 15 16 16 16 16 16 16 16 16 16 16 16 16 16 16 16 16 16 16 16 16 16 16 16 16 16 16 16 16 16 16 16 16 16 16 16 16 16 16 16 16 16 16 22 37 110 116 121 126 130 133 139 146 154 161 167 173 178 184 189 194 198 203 207 210 213 217 220 224 227 230 233 236 238 241 243 246 248 250 252 254 256
15 15 15 15 15 15 15 15 15 15 15 15 15 15 15 15 15 15 15 16 16 16 16 16 16 16 16 16 16 16 16 16 16 16 16 16 16 16 16 16 16 16 16 16 16 16 16 16 16 16 16 16 16 16 16 16 16 22 37 110 116 121 126 130 133 141 149 155 162 168 174 179 185 190 194 198 203 207 210 214 218 221 225 228 231 233 237 240 242 244 247 249 251 253 253 255
14 14 15 15 15 15 15 15 15 15 15 15 15 15 15 15 15 15 15 15 15 15 15 15 16 16 16 16 16 16 16 16 16 16 16 16 16 16 16 16 16 16 16 16 16 16 16 16 16 16 16 16 16 16 16 16 16 22 101 110 116 121 126 130 134 143 150 156 163 168 174 179 185 190 195 199 204 208 211 215 219 222 225 229 232 234 237 241 243 245 248 249 250 252 254 256
14 14 14 14 14 15 15 15 15 15 15 15 15 15 15 15 15 15 15 15 15 15 15 15 15 15 15 15 15 15 15 16 16 16 16 16 16 16 16 16 16 16 16 16 16 16 16 16 16 16 16 16 16 16 16 16 16 22 102 110 116 121 125 129 134 143 150 157 164 169 175 182 186 191 196 200 205 209 212 216 219 223 226 230 233 236 238 241 242 244 247 249 251 253 255 257
14 14 14 14 14 14 14 14 15 15 15 15 15 15 15 15 15 15 15 15 15 15 15 15 15 15 15 15 15 15 15 15 15 15 15 15 15 15 15 15 15 15 15 15 15 15 15 15 15 15 15 15 15 15 15 15 15 22 101 109 115 121 125 129 137 144 152 159 165 171 177 183 187 192 197 201 206 210 213 217 221 225 227 230 234 236 238 241 243 245 248 250 252 254 256 257
14 14 14 14 14 14 14 14 14 14 14 14 15 15 15 15 15 15 15 15 15 15 15 15 15 15 15 15 15 15 15 15 15 15 15 15 15 15 15 15 15 15 15 15 15 15 15 15 15 15 15 15 15 15 15 15 15 86 101 109 115 121 125 129 138 146 153 160 166 172 178 184 189 193 198 202 207 210 214 219 222 225 227 230 233 237 239 242 244 247 249 251 253 254 256 258
14 14 14 14 14 14 14 14 14 14 14 14 14 14 14 14 15 15 15 15 15 15 15 15 15 15 15 15 15 15 15 15 15 15 15 15 15 15 15 15 15 15 15 15 15 15 15 15 15 15 15 15 15 15 15 15 15 87 101 109 116 121 125 131 140 147 154 161 167 173 179 185 190 194 199 203 208 210 214 218 222 225 228 231 234 237 239 243 245 248 250 251 253 255 257 258
13 14 14 14 14 14 14 14 14 14 14 14 14 14 14 14 14 14 14 14 14 15 15 15 15 15 15 15 15 15 15 15 15 15 15 15 15 15 15 15 15 15 15 15 15 15 15 15 15 15 15 15 15 15 15 15 15 87 101 109 116 121 125 132 141 149 156 163 168 175 180 186 190 194 199 204 208 211 216 219 223 226 229 232 235 238 240 243 245 248 250 252 253 255 257 258
