testData/tiles/oneDegree/grid31.0-3.0-32.0-4.0.asc
ncols   200
nrows   200
xllcorner   31.0
yllcorner   3.0
cellsize   0.005
NODATA_value   -9999.0
[rows 42 to 83 of 200, columns 94 to 187 of 200]
439 439 440 440 440 440 441 441 441 441 441 441 441 442 442 442 442 442 442 442 442 442 440 440 440 440 440 440 440 439 439 439 439 438 438 438 438 437 361 361 360 360 359 359 359 358 358 356 356 355 355 354 354 353 353 352 352 351 351 350 350 349 349 348 347 347 346 346 345 344 344 342 341 341 340 339 339 338 338 337 336 335 335 334 333 333 332 331 331 330 329 329 328 327
438 439 439 439 439 440 440 440 440 440 440 441 441 441 441 441 441 441 441 441 441 441 441 440 439 439 439 439 439 439 438 438 438 438 437 437 437 361 360 360 359 359 359 358 358 358 357 357 355 355 354 354 353 353 352 352 351 351 350 350 349 349 348 347 347 346 346 345 344 344 343 343 341 340 340 339 338 338 337 336 336 335 334 334 333 332 332 331 330 329 329 328 327 327
438 438 438 438 439 439 439 439 439 439 440 440 440 440 440 440 440 440 440 440 440 440 440 440 439 438 438 438 438 438 438 437 437 437 437 436 360 360 359 359 359 358 358 358 357 357 356 356 354 354 354 353 353 352 352 351 351 350 350 349 348 348 347 347 346 346 345 344 344 343 343 342 340 340 339 338 338 337 336 336 335 334 334 333 332 332 331 330 330 329 328 328 327 326
437 437 437 438 438 438 438 438 438 439 439 439 439 439 439 439 439 439 439 439 439 439 439 439 439 438 437 437 437 437 437 437 436 436 360 360 359 359 359 358 358 358 357 357 356 356 356 355 355 353 353 352 352 351 351 350 350 349 349 348 348 347 347 346 346 345 344 344 343 343 342 341 341 339 338 338 337 337 336 335 335 334 333 333 332 331 331 330 329 328 328 327 326 326
436 436 436 437 437 437 437 437 438 438 438 438 438 438 438 438 438 438 438 438 438 438 438 438 438 437 437 436 436 436 436 436 435 359 359 359 358 358 358 357 357 357 356 356 356 355 355 354 354 354 352 352 351 351 350 350 349 349 348 348 347 347 346 345 345 344 344 343 343 342 341 341 340 339 338 337 337 336 335 335 334 333 333 332 331 331 330 329 329 328 327 327 326 325
435 435 436 436 436 436 436 437 437 437 437 437 437 437 437 437 437 437 437 437 437 437 437 437 437 437 436 436 435 435 435 435 359 358 358 358 358 357 357 357 356 356 356 355 355 355 354 354 353 353 351 351 351 350 350 349 349 348 348 347 346 346 345 345 344 344 343 343 342 341 341 340 340 338 337 337 336 335 335 334 334 333 332 332 331 330 330 329 328 327 327 326 325 325
435 435 435 435 435 435 436 436 436 436 436 436 436 436 437 437 437 437 437 437 437 436 436 436 436 436 436 435 435 434 434 358 358 358 357 357 357 357 356 356 356 355 355 355 354 354 353 353 353 352 352 350 350 349 349 348 348 347 347 346 346 345 345 344 344 343 343 342 341 341 340 340 339 338 337 336 336 335 334 334 333 332 332 331 330 330 329 328 328 327 326 326 325 324
435 435 434 434 434 435 435 435 435 435 435 435 436 436 436 436 436 436 436 436 436 436 436 435 435 435 435 434 434 434 357 357 357 357 357 356 356 356 355 355 355 354 354 354 353 353 353 352 352 351 351 350 349 349 348 348 347 347 346 346 345 345 344 344 343 342 342 341 341 340 340 339 338 338 336 336 335 334 334 333 332 332 331 330 330 329 328 328 327 326 326 325 324 324
434 434 434 433 434 434 434 434 434 434 435 435 435 435 435 435 435 435 435 435 435 435 435 435 435 434 434 434 357 357 357 356 356 356 356 355 355 355 355 354 354 354 353 353 353 352 352 351 351 351 350 350 348 348 347 347 346 346 345 345 344 344 343 343 342 342 341 341 340 340 339 338 338 337 337 335 334 334 333 332 332 331 331 330 329 329 328 327 327 326 325 325 324 323
433 433 433 433 433 433 433 433 433 434 434 434 434 434 434 434 434 434 434 434 434 434 434 434 434 434 433 357 356 356 356 356 355 355 355 355 354 354 354 354 353 353 353 352 352 352 351 351 350 350 350 349 348 347 347 346 346 345 345 344 344 343 343 342 342 341 341 340 339 339 338 338 337 337 336 334 334 333 333 332 331 331 330 329 329 328 327 327 326 325 325 324 323 323
432 432 433 433 432 432 432 432 433 433 433 433 433 433 433 433 433 433 433 433 433 433 433 433 433 433 357 356 356 355 355 355 355 354 354 354 354 353 353 353 352 352 352 351 351 351 350 350 350 349 349 348 348 346 346 346 345 345 344 344 343 343 342 342 341 340 340 339 339 338 338 337 337 336 335 335 333 333 332 331 331 330 329 329 328 328 327 326 326 325 324 324 323 322
687 688 688 688 688 687 687 688 688 688 688 688 688 688 688 688 688 688 688 688 688 688 688 688 688 612 612 612 355 355 354 354 354 354 353 353 353 353 352 352 352 351 351 351 350 350 350 349 349 348 348 348 347 346 345 345 344 344 343 343 342 342 341 341 340 340 339 339 338 338 337 337 336 335 335 334 333 332 331 331 330 329 329 328 328 327 326 326 325 324 324 323 322 322
686 687 687 687 687 687 687 687 687 687 687 687 687 687 687 687 687 687 687 687 687 687 687 611 611 611 611 611 611 610 609 609 609 609 608 608 608 608 607 607 607 607 606 606 606 605 605 604 604 604 603 603 602 602 601 600 600 599 599 342 342 341 341 340 340 339 339 338 338 337 336 336 335 335 334 334 333 331 331 330 330 329 328 328 327 326 326 325 324 324 323 323 322 321
686 686 686 686 686 687 686 686 686 686 686 686 686 687 687 687 687 687 687 687 687 687 610 610 610 610 610 610 610 610 609 608 608 608 608 607 607 607 607 606 606 606 605 605 605 604 604 604 603 603 603 602 602 601 600 599 599 598 598 598 597 597 596 596 595 595 594 593 593 592 592 591 591 590 590 589 588 587 586 586 585 584 328 327 326 326 325 325 324 323 323 322 321 321
685 685 685 685 686 686 686 685 685 685 685 686 686 686 686 686 686 686 686 686 686 610 610 610 609 609 609 609 609 609 609 607 607 607 607 607 606 606 606 606 605 605 605 604 604 604 603 603 603 602 602 601 601 601 600 599 598 598 597 597 596 596 595 595 594 594 593 593 592 592 591 591 590 589 589 588 588 586 586 585 584 584 583 583 582 581 581 580 579 579 578 577 577 576
684 684 684 685 685 685 685 685 684 685 685 685 685 685 685 685 685 685 685 609 609 609 609 609 609 609 608 608 608 608 608 608 606 606 606 606 606 605 605 605 604 604 604 604 603 603 603 602 602 601 601 601 600 600 599 598 598 597 597 596 596 595 595 594 594 593 593 592 592 591 591 590 589 589 588 588 587 587 585 584 584 583 583 582 581 581 580 579 579 578 578 577 576 576
683 683 684 684 684 684 684 684 684 684 684 684 684 684 684 684 684 684 608 608 608 608 608 608 608 608 608 607 607 607 607 607 606 605 605 605 605 604 604 604 604 603 603 603 602 602 602 601 601 601 600 600 599 599 599 598 597 596 596 595 595 594 594 593 593 592 592 591 591 590 590 589 589 588 588 587 586 586 584 584 583 583 582 581 581 580 579 579 578 578 577 576 576 575
682 683 683 683 683 683 683 684 684 683 683 683 683 683 683 683 607 607 607 607 607 607 607 607 607 607 607 607 606 606 606 606 606 605 604 604 604 604 603 603 603 603 602 602 602 601 601 601 600 600 600 599 599 598 598 597 596 596 595 595 594 594 593 593 592 592 591 591 590 590 589 589 588 588 587 586 586 585 585 583 583 582 581 581 580 580 579 578 578 577 576 576 575 574
682 682 682 682 682 682 683 683 683 683 682 682 682 682 682 606 606 606 606 606 606 606 606 606 606 606 606 606 606 605 605 605 605 605 604 603 603 603 603 602 602 602 601 601 601 601 600 600 600 599 599 598 598 598 597 597 596 595 594 594 594 593 593 592 592 591 591 590 590 589 589 588 587 587 586 586 585 585 584 583 582 581 581 580 580 579 578 578 577 576 576 575 575 574
681 681 681 681 681 682 682 682 682 682 681 681 681 605 605 606 606 606 606 606 605 605 605 605 605 605 605 605 605 605 604 604 604 604 603 603 602 602 602 602 601 601 601 600 600 600 599 599 599 598 598 598 597 597 596 596 596 594 594 593 593 592 592 591 591 590 590 589 589 588 588 587 587 586 586 585 585 584 583 582 581 581 580 580 579 578 578 577 577 576 575 575 574 573
680 680 680 680 681 681 681 681 681 681 681 680 605 605 605 605 605 605 605 605 605 605 605 604 604 604 604 604 604 604 604 603 603 603 603 602 601 601 601 601 600 600 600 600 599 599 599 598 598 598 597 597 596 596 596 595 595 593 593 593 592 592 591 591 590 590 589 589 588 588 587 587 586 586 585 585 584 583 583 582 581 580 580 579 578 578 577 577 576 575 575 574 573 573
679 679 679 680 680 680 680 680 680 680 605 604 604 604 604 604 604 604 604 604 604 604 604 604 604 603 603 603 603 603 603 603 602 602 602 601 601 600 600 600 600 599 599 599 599 598 598 598 597 597 596 596 596 595 595 595 594 594 592 592 591 591 590 590 590 589 589 588 588 587 587 586 585 585 584 584 583 583 582 582 580 586 586 585 585 584 584 583 582 582 581 580 580 579
678 678 679 679 679 679 679 679 679 604 604 604 603 603 603 603 603 603 603 603 603 603 603 603 603 603 602 602 602 602 602 602 602 601 601 601 600 600 599 599 599 599 598 598 598 597 597 597 596 596 596 595 595 595 594 594 593 593 592 591 591 590 590 589 589 588 588 587 587 586 586 585 585 591 591 590 590 589 589 588 587 586 585 585 584 584 583 582 582 581 581 580 579 579
677 678 678 678 678 678 678 603 603 603 603 603 603 602 602 602 602 602 602 602 602 602 602 602 602 602 602 602 601 601 601 601 601 601 600 600 599 599 599 598 598 598 598 597 597 597 596 596 596 595 595 595 594 594 593 593 593 592 592 590 590 589 589 589 588 588 587 587 593 593 592 592 591 591 590 590 589 588 588 587 587 585 585 584 584 583 582 582 581 581 580 579 579 578
681 680 680 680 680 679 604 604 604 603 603 603 602 601 601 601 601 601 601 601 601 601 601 601 601 601 601 601 601 600 600 600 600 600 600 599 598 598 598 597 597 597 597 596 596 596 596 595 595 595 594 594 593 593 593 592 592 591 591 590 589 589 588 595 594 594 593 593 592 592 591 591 590 590 589 589 588 588 587 587 586 585 584 583 583 582 582 581 581 580 579 579 578 577
684 684 683 683 607 608 607 607 607 606 606 606 606 605 604 604 603 603 603 602 602 602 601 601 601 600 600 600 600 600 599 599 599 599 599 599 598 597 597 597 596 596 596 596 595 595 595 594 594 594 593 593 593 592 592 592 591 591 590 596 595 595 595 594 594 593 593 592 592 591 591 590 590 589 589 588 588 587 587 586 586 585 583 583 582 582 581 581 580 579 579 578 578 577
686 686 610 609 610 610 610 609 609 609 608 608 608 608 607 607 607 606 606 606 605 604 604 603 603 603 602 602 602 601 601 599 599 599 598 598 598 596 596 596 596 595 595 595 595 594 594 594 593 593 593 592 592 592 591 598 597 597 597 596 595 594 594 593 593 593 592 592 591 591 590 590 589 589 588 588 587 587 586 585 585 584 583 582 582 581 580 580 579 579 578 578 577 576
612 611 611 612 612 611 611 611 611 610 610 611 610 610 610 609 608 608 608 607 607 607 606 606 605 604 604 604 603 603 602 602 601 600 600 599 599 599 596 596 595 595 594 594 594 593 593 593 593 592 592 598 598 598 597 597 597 596 596 595 594 594 593 593 592 592 591 591 590 590 589 589 588 588 587 587 586 586 585 585 584 584 582 582 581 580 581 580 580 579 579 578 577 577
612 612 613 613 612 612 612 612 611 612 612 612 611 611 611 609 609 609 608 608 608 607 607 607 606 606 605 604 604 604 603 603 602 601 601 600 600 599 597 597 596 596 594 594 593 593 592 592 599 598 598 598 597 597 597 596 596 595 595 595 594 593 592 592 592 591 591 590 590 589 589 588 588 587 587 586 586 586 586 585 585 584 583 582 581 581 580 580 579 578 578 577 577 576
612 613 613 613 613 612 612 612 612 612 612 612 611 611 611 610 609 609 609 608 608 608 607 607 607 606 606 604 604 604 603 603 603 602 601 600 600 600 599 597 596 596 595 594 593 600 600 598 598 598 597 597 597 596 596 595 595 595 594 594 594 592 592 591 591 590 590 589 589 589 589 589 588 588 587 587 586 586 585 584 584 583 583 582 582 581 581 580 579 579 578 578 577 577
613 613 612 612 612 612 612 612 612 612 611 611 611 610 610 610 609 608 608 608 607 607 607 606 606 606 605 605 604 603 603 602 602 602 601 600 599 599 598 597 596 595 602 601 600 599 599 597 597 597 596 596 596 595 595 595 594 594 594 593 593 591 591 591 590 591 590 590 589 589 588 588 587 587 586 587 586 586 585 585 584 584 583 582 581 581 580 579 579 578 578 577 577 576
611 611 611 611 611 611 611 611 610 610 610 610 609 609 609 608 608 607 607 606 606 606 605 605 605 604 604 603 603 603 601 601 601 600 600 599 598 598 597 597 602 601 600 600 599 598 598 597 596 596 596 595 595 595 594 594 594 593 593 592 592 593 591 591 590 590 589 589 589 589 589 588 588 587 587 586 586 585 585 584 584 583 583 582 581 581 580 580 579 579 578 577 577 576
609 609 609 609 609 609 609 609 608 608 608 608 607 607 607 606 606 605 604 604 604 603 603 603 602 602 602 601 601 601 600 599 598 598 598 597 597 602 602 602 600 599 598 598 597 596 596 596 596 595 595 595 594 594 594 593 593 593 593 593 592 592 590 590 591 590 590 589 589 588 588 587 587 586 586 586 586 585 585 584 584 583 583 582 581 580 580 579 579 578 577 577 576 576
607 606 606 607 607 606 606 606 606 605 605 605 605 605 605 605 604 604 603 602 602 602 601 600 600 599 599 599 598 598 597 597 596 595 595 601 601 601 599 599 597 597 596 596 596 596 595 595 595 594 594 594 593 593 594 593 593 593 592 592 593 592 591 590 590 589 589 589 588 589 588 588 587 587 586 586 585 585 584 584 583 583 582 582 580 581 580 579 579 578 578 577 577 576
603 603 604 603 603 603 603 602 602 602 602 602 602 602 601 601 601 600 599 599 598 598 598 597 597 596 595 595 595 594 594 593 600 599 598 598 598 598 598 597 597 596 596 595 595 595 595 594 594 594 594 594 594 593 593 593 593 593 593 592 592 591 591 590 590 590 589 589 588 588 587 587 587 586 586 585 586 585 585 584 584 583 583 582 580 580 579 579 578 578 577 577 576 575
599 600 599 599 599 599 598 598 599 598 598 598 598 597 597 597 596 596 596 594 594 594 593 593 593 592 592 591 591 591 598 598 598 598 597 597 597 597 597 596 596 595 595 595 594 594 594 594 594 594 594 593 593 594 593 593 593 592 592 591 592 592 591 590 589 589 589 588 588 587 588 587 587 586 586 585 585 584 584 583 583 582 582 581 581 579 579 578 578 577 577 577 576 576
595 594 594 594 594 593 593 594 594 593 593 593 592 592 592 592 592 592 592 591 591 591 591 591 591 591 591 591 597 597 597 597 597 597 597 596 596 596 596 596 595 594 594 594 594 594 594 594 593 593 594 593 593 593 592 592 593 592 592 592 591 591 590 589 589 589 589 588 588 588 587 587 586 586 585 585 584 584 583 584 583 583 582 582 581 580 579 579 578 577 577 576 576 575
590 590 590 590 590 591 591 591 591 591 591 591 591 591 591 591 591 591 591 591 590 590 590 590 590 590 597 597 597 597 596 596 596 596 596 596 595 595 595 595 595 594 594 594 594 593 593 594 594 593 593 593 592 593 593 592 592 592 591 591 591 591 591 590 589 589 588 588 587 587 586 586 585 586 585 585 585 584 584 583 583 582 582 581 580 579 578 578 577 577 576 576 575 575
589 589 589 589 590 590 590 590 590 590 590 590 590 590 590 590 590 590 590 590 589 589 589 589 596 596 596 596 596 596 596 595 595 595 595 595 595 594 594 595 595 595 593 593 594 594 593 593 593 592 593 593 593 592 592 592 591 592 591 591 591 590 590 590 588 588 587 588 587 587 587 586 586 585 585 584 584 583 583 582 582 581 581 580 580 578 579 578 578 577 577 576 575 575
588 588 588 589 589 589 589 589 589 589 589 589 589 589 589 590 590 590 590 590 588 588 595 595 595 595 595 595 595 595 595 595 594 594 594 594 594 595 594 594 594 595 594 593 593 593 593 593 593 593 592 592 592 591 592 592 591 591 591 590 590 590 589 590 588 588 588 587 587 586 586 585 585 585 584 584 583 584 583 583 582 582 581 581 580 580 578 578 577 576 576 575 575 574
587 587 588 588 588 588 588 588 588 588 588 589 589 589 589 589 589 589 589 589 596 595 595 595 594 594 594 594 594 594 594 594 594 593 594 594 594 594 594 594 594 594 594 592 593 593 593 592 592 592 592 592 592 592 591 591 591 590 590 591 590 590 589 589 588 587 587 586 586 586 585 586 585 585 584 584 583 583 582 582 581 581 580 580 579 579 577 577 576 576 575 575 574 574
586 587 587 587 587 587 587 587 587 588 588 588 588 588 588 588 588 588 595 595 595 594 594 594 594 594 593 593 593 593 593 593 594 594 593 593 594 594 594 594 593 594 594 593 592 592 592 592 592 592 592 591 591 591 591 591 591 591 590 590 589 589 589 588 588 587 587 587 586 586 585 585 585 584 584 583 583 582 582 581 581 580 580 579 579 579 578 577 577 576 576 575 575 574
