testData/tiles/oneDegree/grid31.0-41.0-32.0-42.0.asc
ncols   200
nrows   200
xllcorner   31.0
yllcorner   41.0
cellsize   0.005
NODATA_value   -9999.0
[rows 43 to 85 of 200, columns 0 to 95 of 200]
349 349 348 348 352 352 352 352 352 352 352 352 352 352 351 351 351 351 351 351 351 350 350 350 350 350 350 350 350 350 350 350 350 350 350 350 350 350 350 350 350 349 187 187 187 187 187 187 187 187 187 187 187 187 187 187 187 187 187 187 187 187 187 187 187 186 186 186 186 186 186 186 194 197 199 202 203 205 206 207 208 208 209 209 210 210 210 210 210 210 210 209 209 208 208 207
349 349 349 348 348 352 352 352 352 352 352 352 352 352 352 352 351 351 351 351 351 351 350 350 350 350 350 350 350 350 350 350 350 350 350 350 350 350 350 350 350 350 187 187 187 187 187 187 187 187 187 187 187 187 187 187 187 187 187 187 187 187 187 187 187 187 186 186 186 186 186 186 194 197 199 201 203 204 206 207 207 208 209 209 210 210 210 210 210 210 210 209 209 208 207 207
349 349 349 349 348 348 352 352 352 352 352 352 352 352 352 352 352 352 351 351 351 351 351 350 350 350 350 350 350 350 350 350 350 350 350 350 350 350 350 350 350 350 188 188 187 187 187 187 187 187 187 187 187 187 187 187 187 187 187 187 187 187 187 187 187 187 187 187 186 186 186 186 194 196 199 201 203 204 205 206 207 208 209 209 209 210 210 210 210 210 209 209 209 208 207 206
349 349 349 349 349 348 348 352 352 352 352 352 352 352 352 352 352 352 352 352 351 351 351 351 350 350 350 350 350 350 350 350 350 350 350 350 350 350 350 350 350 350 350 188 188 187 187 187 187 187 187 187 187 187 187 187 187 187 187 187 187 187 187 187 187 187 187 187 187 186 186 186 194 196 199 201 203 204 205 206 207 208 208 209 209 209 210 210 210 209 209 209 208 208 207 206
349 349 349 349 349 349 348 348 352 352 352 352 352 352 352 352 352 352 352 352 352 351 351 351 351 350 350 350 350 350 350 350 350 350 350 350 350 350 350 350 350 350 350 188 188 188 188 187 187 187 187 187 187 187 187 187 187 187 187 187 187 187 187 187 187 187 187 187 187 187 186 186 194 196 198 201 202 204 205 206 207 208 208 209 209 209 209 210 209 209 209 209 208 208 207 206
349 349 349 349 349 349 349 348 348 348 352 352 352 352 352 352 352 352 352 352 352 352 352 351 351 351 350 350 350 350 350 350 350 350 350 350 350 350 350 350 350 350 350 188 188 188 188 188 187 187 187 187 187 187 187 187 187 187 187 187 187 187 187 187 187 187 187 187 187 187 187 186 194 195 198 200 202 204 205 206 207 207 208 209 209 209 209 209 209 209 209 209 208 207 207 206
349 349 349 349 349 349 349 349 348 348 348 352 352 352 352 352 352 352 352 352 352 352 352 352 351 351 351 350 350 350 350 350 350 350 350 350 350 350 350 350 350 350 350 188 188 188 188 188 188 188 187 187 187 187 187 187 187 187 187 187 187 187 187 187 187 187 187 187 187 187 187 187 195 195 198 200 202 203 205 206 207 207 208 208 209 209 209 209 209 209 209 208 208 207 207 206
349 349 349 349 349 349 349 349 349 348 348 348 352 352 352 352 352 352 352 352 352 352 352 352 352 352 351 350 350 350 350 350 350 350 350 350 350 350 350 350 350 350 350 350 188 188 188 188 188 188 188 187 187 187 187 187 187 187 187 187 187 187 187 187 187 187 187 187 187 187 187 187 195 196 198 200 202 203 204 206 206 207 208 208 209 209 209 209 209 209 209 208 208 207 206 206
349 349 349 349 349 349 349 349 349 349 348 348 348 352 352 352 352 352 352 352 352 352 352 352 352 352 352 352 350 350 350 350 350 350 350 350 350 350 350 350 350 350 350 350 188 188 188 188 188 188 188 188 187 187 187 187 187 187 187 187 187 187 187 187 187 187 187 187 187 187 187 187 195 195 198 200 201 203 204 205 206 207 208 208 208 209 209 209 209 209 208 208 208 207 206 205
351 350 349 349 349 349 349 349 349 349 349 348 348 348 348 352 352 352 352 352 352 352 352 352 352 352 352 352 352 350 350 350 350 350 350 350 350 350 350 350 350 350 350 350 188 188 188 188 188 188 188 188 188 188 187 187 187 187 187 187 187 187 187 187 187 187 187 187 187 187 187 187 187 195 198 200 201 203 204 205 206 207 207 208 208 209 209 209 209 209 208 208 207 207 206 205
351 351 350 350 349 349 349 349 349 349 349 349 348 348 348 348 352 352 352 352 352 352 352 352 352 352 352 352 352 352 351 350 350 350 350 350 350 350 350 350 350 350 350 350 188 188 188 188 188 188 188 188 188 188 188 187 187 187 187 187 187 187 187 187 187 187 187 187 187 187 187 187 187 195 198 200 202 203 204 205 206 207 207 208 208 208 209 209 209 208 208 208 207 207 206 205
351 351 351 350 350 349 349 349 349 349 349 349 349 348 348 348 348 352 352 352 352 352 352 352 352 352 352 352 352 352 352 351 350 350 350 350 350 350 350 350 350 350 350 350 350 188 188 188 188 188 188 188 188 188 188 188 187 187 187 187 187 187 187 187 187 187 187 187 187 187 187 187 187 195 197 200 202 203 205 205 206 206 207 208 208 208 208 208 208 208 208 208 207 206 206 205
351 351 351 351 350 350 350 349 349 349 349 349 349 348 348 348 348 348 348 352 352 352 352 352 352 352 352 352 352 352 352 352 351 351 350 350 350 350 350 350 350 350 350 350 350 188 188 188 188 188 188 188 188 188 188 188 188 188 187 187 187 187 187 187 187 187 187 187 187 187 187 187 187 195 197 200 202 203 204 206 205 206 207 207 208 208 208 208 208 208 208 207 207 206 205 205
235 351 351 351 351 350 350 350 350 349 349 349 349 349 348 348 348 348 348 348 352 352 352 352 352 352 352 352 352 352 352 352 352 351 351 350 350 350 350 350 350 350 350 350 350 188 188 188 188 188 188 188 188 188 188 188 188 188 188 187 187 187 187 187 187 187 187 187 187 187 187 187 187 195 197 199 201 203 204 205 206 206 207 207 208 208 208 208 208 208 208 207 207 206 205 204
235 235 351 351 351 351 350 350 350 350 350 349 349 349 349 348 348 348 348 348 348 352 352 352 352 352 352 352 352 352 352 352 352 351 351 351 351 350 350 350 350 350 350 350 350 188 188 188 188 188 188 188 188 188 188 188 188 188 188 188 187 187 187 187 187 187 187 187 187 187 187 187 187 195 196 199 201 203 204 205 206 207 207 207 207 208 208 208 208 208 207 207 207 206 205 204
235 235 235 351 351 351 351 350 350 350 350 350 349 349 349 349 348 348 348 348 348 348 348 352 352 352 352 352 352 352 352 352 352 352 351 351 351 351 350 350 350 350 350 350 350 188 188 188 188 188 188 188 188 188 188 188 188 188 188 188 188 187 187 187 187 187 187 187 187 187 187 187 187 195 196 199 201 202 204 205 206 207 207 207 207 207 208 208 208 207 207 207 206 206 205 204
235 235 235 235 235 351 351 351 350 350 350 350 350 350 349 349 349 348 348 348 348 348 348 348 352 352 352 352 352 352 352 352 352 352 352 351 351 351 351 350 350 350 350 350 350 350 188 188 188 188 188 188 188 188 188 188 188 188 188 188 188 188 188 187 187 187 187 187 187 187 187 187 187 195 195 198 200 202 204 205 206 206 207 208 207 207 207 208 207 207 207 207 206 205 205 204
235 235 235 235 235 235 351 351 351 350 350 350 350 350 350 350 349 349 348 348 348 348 348 348 348 352 352 352 352 352 352 352 352 352 352 352 351 351 351 351 351 350 350 350 350 350 188 188 188 188 188 188 188 188 188 188 188 188 188 188 188 188 188 188 187 187 187 187 187 187 187 187 187 195 195 198 200 202 203 204 205 206 207 207 208 207 207 207 207 207 207 206 206 205 204 203
235 235 235 235 235 235 235 351 351 351 350 350 350 350 350 350 350 349 349 348 348 348 348 348 348 348 348 352 352 352 352 352 352 352 352 352 352 351 351 351 351 351 350 350 350 350 188 188 188 188 188 188 188 188 188 188 188 188 188 188 188 188 188 188 188 187 187 187 187 187 187 187 187 187 195 197 200 202 203 204 205 206 207 207 208 208 207 207 207 207 207 206 206 205 204 203
236 235 235 235 235 235 235 235 235 351 350 350 350 350 350 350 350 350 350 349 348 348 348 348 348 348 348 348 352 352 352 352 352 352 352 352 352 352 351 351 351 351 351 351 350 350 188 188 188 188 188 188 188 188 188 188 188 188 188 188 188 188 188 188 188 188 187 187 187 187 187 187 187 187 195 197 199 201 203 204 205 206 206 207 207 208 208 208 207 207 206 206 205 205 204 203
236 236 235 235 235 235 235 235 235 235 351 350 350 350 350 350 350 350 350 350 348 348 348 348 348 348 348 348 348 348 352 352 352 352 352 352 352 352 351 351 351 351 351 351 351 350 350 188 188 188 188 188 188 188 188 188 188 188 188 188 188 188 188 188 188 188 188 187 187 187 187 187 187 187 195 197 199 201 202 204 205 206 206 207 207 207 208 208 208 206 206 206 205 205 204 203
236 236 236 235 235 235 235 235 235 235 235 235 350 350 350 350 350 350 350 350 350 349 348 348 348 348 348 348 348 348 348 352 352 352 352 352 352 352 352 351 351 351 351 351 351 351 350 188 188 188 188 188 188 188 188 188 188 188 188 188 188 188 188 188 188 188 188 188 188 187 187 187 187 187 195 196 199 201 202 203 204 205 206 207 207 207 207 208 207 207 206 206 205 204 203 202
236 236 236 236 235 235 235 235 235 235 235 235 235 350 350 350 350 350 350 350 350 350 349 348 348 348 348 348 348 348 348 348 352 352 352 352 352 352 352 352 351 351 351 351 351 351 351 189 188 188 188 188 188 188 188 188 188 188 188 188 188 188 188 188 188 188 188 188 188 188 187 187 187 187 195 196 198 200 202 203 204 205 206 206 207 207 207 207 207 207 207 205 205 204 203 202
236 236 236 236 236 235 235 235 235 235 235 235 235 235 234 350 350 350 350 350 350 350 350 349 349 348 348 348 348 348 348 348 348 348 352 352 352 352 352 352 352 351 351 351 351 351 351 189 189 188 188 188 188 188 188 188 188 188 188 188 188 188 188 188 188 188 188 188 188 188 188 187 187 187 195 195 198 200 202 203 204 205 206 206 207 207 207 207 207 207 207 206 205 204 203 202
236 236 236 236 236 236 235 235 235 235 235 235 235 235 235 234 350 350 350 350 350 350 350 350 349 349 348 348 348 348 348 348 348 348 348 352 352 352 352 352 352 352 351 351 351 351 351 189 189 189 188 188 188 188 188 188 188 188 188 188 188 188 188 188 188 188 188 188 188 188 188 188 187 187 195 195 198 200 201 203 204 205 205 206 206 207 207 207 207 207 206 206 205 204 203 202
237 237 236 236 236 236 235 235 235 235 235 235 235 235 235 235 234 350 350 350 350 350 350 350 350 349 349 349 348 348 348 348 348 348 348 348 348 352 352 352 352 352 351 351 351 351 351 351 189 189 189 188 188 188 188 188 188 188 188 188 188 188 188 188 188 188 188 188 188 188 188 188 188 187 187 195 197 199 201 202 203 204 205 206 206 206 207 207 207 206 206 206 205 204 202 201
237 237 237 236 236 236 236 235 235 235 235 235 235 235 235 235 234 234 234 350 350 350 350 350 350 349 349 349 349 348 348 348 348 348 348 348 348 348 348 352 352 352 352 351 351 351 351 351 189 189 189 189 189 188 188 188 188 188 188 188 188 188 188 188 188 188 188 188 188 188 188 188 188 188 187 195 197 199 201 202 203 204 205 205 206 206 206 206 206 206 206 205 205 204 203 201
237 237 237 237 237 236 236 236 235 235 235 235 235 235 235 235 235 234 234 234 350 350 350 350 350 350 349 349 349 349 349 348 348 348 348 348 348 348 348 348 352 352 352 352 351 351 351 351 189 189 189 189 189 189 188 188 188 188 188 188 188 188 188 188 188 188 188 188 188 188 188 188 188 188 188 195 196 198 200 202 203 204 205 205 206 206 206 206 206 206 206 205 205 204 203 202
237 237 237 237 237 237 237 236 236 235 235 235 235 235 235 235 235 235 234 234 234 234 350 350 350 350 350 349 349 349 349 349 348 348 348 348 348 348 348 348 348 348 352 352 352 351 351 351 189 189 189 189 189 189 189 188 188 188 188 188 188 188 188 188 188 188 188 188 188 188 188 188 188 188 188 196 197 198 200 201 203 203 204 205 205 206 206 206 206 206 205 205 204 203 203 201
238 237 237 237 237 237 237 237 236 236 235 235 235 235 235 235 235 235 235 234 234 234 234 234 350 350 350 350 349 349 349 349 349 348 348 348 348 348 348 348 348 348 348 352 352 351 351 351 189 189 189 189 189 189 189 189 188 188 188 188 188 188 188 188 188 188 188 188 188 188 188 188 188 188 188 196 196 199 200 201 202 203 204 205 205 205 206 206 206 205 205 205 204 203 202 201
238 238 237 237 237 237 237 237 237 237 236 235 235 235 235 235 235 235 235 235 234 234 234 234 234 350 350 350 350 349 349 349 349 349 349 348 348 348 348 348 348 348 348 348 348 352 351 351 351 189 189 189 189 189 189 189 189 189 188 188 188 188 188 188 188 188 188 188 188 188 188 188 188 188 188 196 196 198 200 201 202 203 204 204 205 205 205 205 205 205 205 204 204 203 202 201
238 238 237 237 237 237 237 237 237 237 237 236 235 235 235 235 235 235 235 235 235 234 234 234 234 234 234 350 350 349 349 349 349 349 349 349 348 348 348 348 348 348 348 348 348 348 348 351 351 189 189 189 189 189 189 189 189 189 189 188 188 188 188 188 188 188 188 188 188 188 188 188 188 188 188 188 196 198 200 201 202 203 203 204 204 205 205 205 205 205 204 204 203 203 202 200
238 238 238 237 237 237 237 237 237 237 237 237 236 235 235 235 235 235 235 235 235 234 234 234 234 234 234 234 350 350 349 349 349 349 349 349 349 349 348 348 348 348 348 348 348 348 348 348 351 189 189 189 189 189 189 189 189 189 189 189 188 188 188 188 188 188 188 188 188 188 188 188 188 188 188 188 196 197 199 201 202 202 203 204 204 205 205 205 205 205 204 204 203 202 201 200
238 238 238 238 237 237 237 237 237 237 237 237 237 236 236 235 235 235 235 235 235 235 234 234 234 234 234 234 234 234 350 349 349 349 349 349 349 349 349 348 348 348 348 348 348 348 348 348 347 185 189 189 189 189 189 189 189 189 189 189 189 188 188 188 188 188 188 188 188 188 188 188 188 188 188 188 196 197 199 201 202 203 203 203 204 204 204 205 204 204 204 203 203 202 201 200
238 238 238 238 238 237 237 237 237 237 237 237 237 237 236 236 235 235 235 235 235 235 235 234 234 234 234 234 234 234 234 350 349 349 349 349 349 349 349 349 348 348 348 348 348 348 348 348 348 185 185 185 189 189 189 189 189 189 189 189 189 189 188 188 188 188 188 188 188 188 188 188 188 188 188 188 196 196 198 200 201 203 203 203 204 204 204 204 204 204 204 203 202 202 200 199
238 238 238 238 238 238 237 237 237 237 237 237 237 237 237 236 236 236 235 235 235 235 235 235 234 234 234 234 234 234 234 234 234 349 349 349 349 349 349 349 349 348 348 348 348 348 348 348 348 348 185 185 185 189 189 189 189 189 189 189 189 189 189 188 188 188 188 188 188 188 188 188 188 188 188 188 196 196 198 200 201 202 203 204 203 204 204 204 204 204 203 203 202 201 200 199
238 238 238 238 238 238 238 237 237 237 237 237 237 237 237 237 236 236 236 235 235 235 235 235 235 234 234 234 234 234 234 234 234 233 233 349 349 349 349 349 349 349 349 348 348 348 348 348 348 348 186 185 185 185 185 189 189 189 189 189 189 189 189 189 189 188 188 188 188 188 188 188 188 188 188 188 196 196 197 199 201 202 203 203 204 203 204 204 204 203 203 202 202 201 200 198
238 238 238 238 238 238 238 238 237 237 237 237 237 237 237 237 236 236 236 236 236 235 235 235 235 234 234 234 234 234 234 234 234 234 233 233 349 349 349 349 349 349 349 349 348 348 348 348 348 348 186 185 185 185 185 185 185 189 189 189 189 189 189 189 189 189 188 188 188 188 188 188 188 188 188 188 188 196 197 199 200 201 202 203 204 204 203 203 203 203 203 202 201 200 199 198
238 238 238 238 238 238 238 238 237 237 237 237 237 237 237 237 237 236 236 236 236 236 235 235 235 235 234 234 234 234 234 234 234 234 234 233 233 233 349 349 349 349 349 349 349 348 348 348 348 348 186 186 185 185 185 185 185 185 185 189 189 189 189 189 189 189 189 188 188 188 188 188 188 188 188 188 188 196 196 198 200 201 202 203 203 204 204 203 203 203 202 202 201 200 199 197
238 238 238 238 238 238 238 238 238 237 237 237 237 237 237 237 237 237 236 236 236 236 236 235 235 235 235 234 234 234 234 234 234 234 234 234 233 233 233 233 349 349 349 349 349 349 348 348 348 348 186 186 186 185 185 185 185 185 185 185 185 189 189 189 189 189 189 189 188 188 188 188 188 188 188 188 188 196 196 198 199 201 202 202 203 203 204 204 203 202 202 201 201 200 198 197
239 238 238 238 238 238 238 238 238 238 237 237 237 237 237 237 237 237 237 236 236 236 236 236 236 235 235 235 234 234 234 234 234 234 234 234 233 233 233 233 233 349 349 349 349 349 349 349 348 348 348 186 186 186 185 185 185 185 185 185 185 185 189 189 189 189 189 189 189 188 188 188 188 188 188 188 188 196 196 197 199 200 201 202 203 203 203 203 203 202 202 201 200 199 198 196
240 239 238 238 238 238 238 238 238 238 238 237 237 237 237 237 237 237 237 237 236 236 236 236 236 236 235 235 234 234 234 234 234 234 234 234 234 233 233 233 233 233 233 349 349 349 349 349 349 348 348 186 186 186 185 185 185 185 185 185 185 185 185 185 189 189 189 189 189 189 188 188 188 188 188 188 188 188 196 197 198 200 201 202 202 203 203 203 203 203 201 201 200 199 197 196
240 240 240 238 238 238 238 238 238 238 238 238 237 237 237 237 237 237 237 237 236 236 236 236 236 236 236 235 235 234 234 234 234 234 234 234 234 234 233 233 233 233 233 233 233 349 349 349 349 349 348 186 186 186 186 185 185 185 185 185 185 185 185 185 185 185 189 189 189 189 189 188 188 188 188 188 188 188 196 196 198 199 200 201 202 202 202 203 202 202 202 200 199 198 197 195
