testData/tiles/oneDegree/grid26.0-31.0-27.0-32.0.asc
ncols   200
nrows   200
xllcorner   26.0
yllcorner   31.0
cellsize   0.005
NODATA_value   -9999.0
[rows 126 to 167 of 200, columns 0 to 93 of 200]
503 504 504 504 504 504 504 504 505 505 505 505 505 505 505 505 505 505 505 505 505 505 505 505 505 505 506 506 506 506 506 506 506 506 506 506 506 506 506 506 506 506 506 506 506 505 505 505 505 505 505 505 505 505 505 505 505 505 505 505 505 505 505 505 505 505 505 505 505 505 504 504 504 504 761 761 761 761 761 761 761 761 761 760 760 760 760 760 760 760 760 759 759 758
505 505 505 505 505 505 505 505 506 506 506 506 506 506 506 506 506 506 507 507 507 507 507 507 507 507 507 507 507 507 507 507 507 507 507 507 507 507 507 507 507 507 507 507 507 507 507 507 507 507 507 507 507 506 506 506 506 506 506 506 506 506 506 506 506 506 506 506 506 506 506 506 506 505 505 505 505 762 762 762 762 762 762 762 762 761 761 761 761 761 761 760 760 760
506 506 506 506 506 506 506 506 507 507 507 507 507 508 508 508 508 508 508 508 508 508 508 508 508 508 508 508 508 508 508 508 508 508 508 508 508 508 508 508 508 508 508 508 508 508 508 508 508 508 508 508 508 508 508 508 508 508 507 507 507 507 507 507 507 507 507 507 507 507 507 507 507 507 507 506 506 506 506 506 763 763 763 763 763 763 763 762 762 762 762 761 761 761
507 507 507 507 507 507 507 507 508 508 509 509 509 509 509 509 509 509 509 509 509 509 509 509 509 509 509 509 509 509 509 509 509 509 509 509 509 509 509 509 509 509 509 509 509 509 509 509 509 509 509 509 509 509 509 509 509 509 509 509 509 508 508 508 508 508 508 508 508 508 508 508 508 508 508 508 508 507 507 507 507 507 507 764 764 764 764 764 764 763 763 762 762 762
508 508 508 508 508 508 508 509 510 510 510 510 510 510 510 510 510 510 510 510 510 510 510 510 510 510 510 510 510 510 510 510 510 510 510 510 510 510 510 510 510 510 510 510 510 510 510 510 510 511 510 510 510 510 510 510 510 510 510 510 510 510 510 510 509 509 509 509 509 509 509 509 509 509 509 509 509 509 509 508 508 508 508 508 508 508 765 765 765 765 764 763 763 763
509 509 509 509 509 510 510 510 511 511 511 511 511 511 511 511 511 511 511 511 511 511 511 511 511 511 511 511 511 511 511 511 511 511 511 511 511 511 511 511 511 511 511 511 511 511 511 511 511 511 511 511 511 511 511 511 511 511 511 511 511 511 511 511 511 511 510 510 510 510 510 510 510 510 510 510 510 510 510 510 510 509 509 509 509 509 509 509 509 509 766 765 764 764
510 510 510 511 511 511 511 511 512 512 512 512 512 512 512 512 512 512 512 512 512 512 512 512 512 512 512 512 512 512 512 512 512 512 512 512 512 512 512 512 512 512 512 512 512 512 512 512 512 512 512 512 512 512 512 512 512 512 512 512 512 512 512 512 512 512 512 512 511 511 511 511 511 511 511 511 511 511 511 511 511 511 510 510 510 510 510 510 510 510 510 509 509 765
511 512 512 512 512 512 512 512 513 513 513 513 513 513 513 513 513 513 513 513 513 513 513 513 513 513 513 513 513 513 514 514 514 514 514 514 514 514 514 514 514 513 513 513 513 513 513 513 513 513 513 513 513 513 513 513 513 513 513 513 513 513 513 513 513 513 513 513 513 513 512 512 512 512 512 512 512 512 512 512 512 512 512 512 511 511 511 511 511 511 511 510 510 510
513 513 513 513 513 513 513 513 514 514 514 514 514 514 514 514 514 514 514 514 514 514 514 514 514 515 515 515 515 515 515 515 515 515 515 515 515 515 515 515 515 515 515 515 515 515 514 514 514 514 514 514 514 514 514 514 514 514 514 514 514 514 514 514 514 514 514 514 514 514 514 513 513 513 513 513 513 513 513 513 513 513 513 513 513 512 512 512 512 512 512 511 511 511
514 514 514 514 514 514 514 514 514 515 515 515 515 515 515 515 515 515 515 515 515 515 516 516 516 516 516 516 516 516 516 516 516 516 516 516 516 516 516 516 516 516 516 516 516 516 516 516 516 515 515 515 515 515 515 515 515 515 515 515 515 515 515 515 515 515 515 515 515 515 515 515 514 514 514 514 514 514 514 514 514 514 514 514 514 513 513 513 513 513 512 512 512 512
515 515 515 515 515 515 515 515 515 516 516 516 516 516 516 516 516 516 516 516 516 517 517 517 517 517 517 517 517 517 517 517 517 517 517 517 517 517 517 517 517 517 517 517 517 517 517 517 517 517 516 516 516 516 516 516 516 516 516 516 516 516 516 516 516 516 516 516 516 516 516 516 516 515 515 515 515 515 515 515 515 515 515 515 515 515 514 514 514 514 513 513 513 513
516 516 516 516 516 516 516 516 516 517 517 517 517 517 517 517 517 517 517 517 518 518 518 518 518 518 518 518 518 518 518 518 518 518 518 518 518 518 518 518 518 518 518 518 518 518 518 518 518 518 518 517 517 517 517 517 517 517 517 517 517 517 517 517 517 517 517 517 517 517 517 517 517 516 516 516 516 516 516 516 516 516 516 516 516 516 516 515 515 515 514 514 514 514
517 517 517 517 517 517 517 517 517 517 518 518 518 518 518 518 518 518 518 518 519 519 519 519 519 519 519 519 519 519 519 519 519 519 519 519 519 519 519 519 519 519 519 519 519 519 519 519 519 519 519 518 518 518 518 518 518 518 518 518 518 518 518 518 518 518 518 518 518 518 518 518 518 518 517 517 517 517 517 517 517 517 517 517 517 517 517 516 516 515 515 515 515 515
518 518 518 518 518 518 518 518 518 518 519 519 519 519 519 519 519 519 519 519 520 520 520 520 520 520 520 520 520 520 520 520 520 520 520 520 520 520 520 520 520 520 520 520 520 520 520 520 520 520 520 519 519 519 519 519 519 519 519 519 519 519 519 519 519 519 519 519 519 519 519 519 519 519 518 518 518 518 518 518 518 518 518 518 518 518 518 517 517 516 516 516 516 516
519 519 519 519 519 519 519 519 519 519 519 520 520 520 520 520 520 520 520 520 521 521 521 521 521 521 521 521 521 521 521 521 521 521 521 521 521 521 521 521 521 521 521 521 521 521 521 521 521 521 521 520 520 520 520 520 520 520 520 520 520 520 520 520 520 520 520 520 520 520 520 520 520 520 519 519 519 519 519 519 519 519 519 519 519 519 519 518 517 517 517 517 517 517
520 520 520 520 520 520 520 520 520 520 520 521 521 521 521 521 521 521 521 521 521 521 522 522 522 522 522 522 522 522 522 522 522 522 522 522 522 522 522 522 522 522 522 522 522 522 522 522 522 521 521 521 521 521 521 521 521 521 521 521 521 521 521 521 521 521 521 521 521 521 521 521 521 520 520 520 520 520 520 520 520 520 520 520 520 520 520 519 518 518 518 518 518 518
521 521 521 521 521 521 521 521 521 521 521 521 522 522 522 522 522 522 522 522 522 522 522 522 523 523 523 523 523 523 523 523 523 523 523 523 523 523 523 523 523 523 523 523 523 523 523 522 522 522 522 522 522 522 522 522 522 522 522 522 522 522 522 522 522 522 522 522 522 522 522 522 522 521 521 521 521 521 521 521 521 521 521 521 521 521 521 519 519 519 519 519 519 519
522 522 522 522 522 522 522 522 522 522 522 522 523 523 523 523 523 523 523 523 523 523 523 523 523 523 523 523 524 524 524 524 524 524 524 524 524 524 524 524 524 524 524 523 523 523 523 523 523 523 523 523 523 523 523 523 523 523 523 523 523 523 523 523 523 523 523 523 523 523 523 523 522 522 522 522 522 522 522 522 522 522 522 522 522 522 521 520 520 520 520 520 520 520
523 523 523 523 523 523 523 523 523 523 523 523 523 524 524 524 524 524 524 524 524 524 524 524 524 524 524 524 524 524 524 524 524 524 524 524 524 524 524 524 524 524 524 524 524 524 524 524 524 524 524 524 524 524 524 524 524 524 524 524 524 524 524 524 524 524 524 524 524 524 524 523 523 523 523 523 523 523 523 523 523 523 523 523 523 522 521 521 521 521 521 521 521 521
523 523 524 524 524 524 524 524 524 524 524 524 524 524 525 525 525 525 525 525 525 525 525 525 525 525 525 525 525 525 525 525 525 525 525 525 525 525 525 525 525 525 525 525 525 525 525 525 525 525 525 525 525 525 525 525 525 525 525 525 525 525 525 525 525 525 525 525 525 524 524 524 524 524 524 524 524 524 524 524 524 524 524 524 524 522 522 522 522 522 522 522 522 522
524 524 524 525 525 525 525 525 525 525 525 525 525 525 525 526 526 526 526 526 526 526 526 526 526 526 526 526 526 526 526 526 526 526 526 526 526 526 526 526 526 526 526 526 526 526 526 526 526 526 526 526 526 526 526 526 526 526 526 526 526 526 526 526 526 526 526 526 525 525 525 525 525 525 525 525 525 525 525 525 525 525 525 525 523 523 523 523 523 523 523 523 523 523
525 525 525 525 525 526 526 526 526 526 526 526 526 526 526 526 527 527 527 527 527 527 527 527 527 527 527 527 527 527 527 527 527 527 527 527 527 527 527 527 527 527 527 527 527 527 527 527 527 527 527 527 527 527 527 527 527 527 527 527 527 527 527 527 527 527 526 526 526 526 526 526 526 526 526 526 526 526 526 526 526 526 525 524 524 524 524 524 524 524 524 524 524 524
526 526 526 526 526 526 526 526 527 527 527 527 527 527 527 527 527 528 528 528 528 528 528 528 528 528 528 528 528 528 528 528 528 528 528 528 528 528 528 528 528 528 528 528 528 528 528 528 528 528 528 528 528 528 528 528 528 528 528 528 528 528 528 527 527 527 527 527 527 527 527 527 527 527 527 527 527 527 527 527 527 526 525 525 525 525 525 525 525 525 525 525 525 524
527 527 527 527 527 527 527 527 527 527 527 528 528 528 528 528 528 528 529 529 529 529 529 529 529 529 529 529 529 529 529 529 529 529 529 529 529 529 529 529 529 529 529 529 529 529 529 529 529 529 529 529 529 529 529 529 529 529 529 529 528 528 528 528 528 528 528 528 528 528 528 528 528 528 528 528 528 528 528 527 527 526 526 526 526 526 526 526 526 526 526 526 525 525
528 528 528 528 528 528 528 528 528 528 528 528 528 528 528 529 529 529 529 530 530 530 530 530 530 530 530 530 530 530 530 530 530 530 530 530 530 530 530 530 530 530 530 530 530 530 530 530 530 530 530 530 530 530 530 530 529 529 529 529 529 529 529 529 529 529 529 529 529 529 529 529 529 529 529 529 529 528 528 528 527 527 527 527 527 527 527 527 527 527 527 526 526 526
529 529 529 529 529 529 529 529 529 529 529 529 529 529 529 529 529 529 529 529 531 531 531 531 531 531 531 531 531 531 531 531 531 531 531 531 531 531 531 531 531 531 531 531 531 531 531 531 531 531 531 530 530 530 530 530 530 530 530 530 530 530 530 530 530 530 530 530 530 530 530 530 530 530 530 529 529 529 529 528 528 528 528 528 528 528 528 528 528 527 527 527 527 527
530 530 530 530 530 530 530 530 530 530 530 530 530 530 530 530 530 530 530 530 530 530 531 531 531 531 531 531 531 531 531 532 532 532 532 532 532 532 532 532 531 531 531 531 531 531 531 531 531 531 531 531 531 531 531 531 531 531 531 531 531 531 531 531 531 531 531 531 531 531 531 531 530 530 530 530 530 529 529 529 529 529 529 529 529 529 529 528 528 528 528 528 528 528
529 530 531 531 531 531 531 531 531 531 531 531 531 531 531 531 531 531 531 531 531 531 531 531 532 532 532 532 532 532 532 532 532 532 532 532 532 532 532 532 532 532 532 532 532 532 532 532 532 532 532 532 532 532 532 532 532 532 532 532 532 532 532 532 532 532 532 532 532 531 531 531 531 531 531 530 530 530 530 530 530 530 530 530 530 529 529 529 529 529 529 529 529 529
530 530 531 531 531 532 532 532 532 532 532 532 532 532 532 532 532 532 532 532 532 532 532 532 532 533 533 533 533 533 533 533 533 533 533 533 533 533 533 533 533 533 533 533 533 533 533 533 533 533 533 533 533 533 533 533 533 533 533 533 533 533 533 533 533 533 532 532 532 532 532 532 532 532 531 531 531 531 531 531 531 531 531 530 530 530 530 530 530 530 530 530 530 530
531 531 531 532 532 532 532 532 532 532 533 533 533 533 533 533 533 533 533 533 533 533 533 533 533 533 533 534 534 534 534 534 534 534 534 534 534 534 534 534 534 534 534 534 534 534 534 534 534 534 534 534 534 534 534 534 534 534 534 534 534 533 533 533 533 533 533 533 533 533 533 533 532 532 532 532 532 532 532 532 531 531 531 531 531 531 531 531 531 531 531 531 531 530
532 532 532 532 533 533 533 533 533 533 533 533 533 533 533 533 534 534 534 534 534 534 534 534 534 534 534 534 534 534 535 535 535 535 535 535 535 535 535 535 535 535 535 535 535 535 535 535 535 535 535 535 535 535 535 534 534 534 534 534 534 534 534 534 534 534 534 534 534 533 533 533 533 533 533 533 533 532 532 532 532 532 532 532 532 532 532 532 532 532 532 531 531 531
533 533 533 533 533 534 534 534 534 534 534 534 534 534 534 534 534 534 534 534 534 534 534 534 534 535 535 535 535 535 535 535 535 536 536 536 536 536 536 536 536 536 536 536 536 536 535 535 535 535 535 535 535 535 535 535 535 535 535 535 535 535 535 535 535 535 534 534 534 534 534 534 534 534 533 533 533 533 533 533 533 533 533 533 533 533 533 533 533 532 532 532 532 532
533 534 534 534 534 534 535 535 535 535 535 535 535 535 535 535 535 535 535 535 535 535 535 535 535 535 535 535 535 535 535 535 535 535 535 535 536 536 536 536 536 536 536 536 536 536 536 536 536 536 536 536 536 536 536 536 536 536 536 536 536 536 536 535 535 535 535 535 535 535 534 534 534 534 534 534 534 534 534 534 534 534 534 534 534 534 533 533 533 533 533 533 533 532
534 534 534 534 534 534 535 536 536 536 536 536 536 536 536 536 536 536 536 536 536 536 536 536 536 536 536 536 536 536 536 536 536 536 536 536 536 536 536 536 536 536 537 537 537 537 537 537 537 537 537 537 537 537 537 537 537 536 536 536 536 536 536 536 536 535 535 535 535 535 535 535 535 535 535 535 535 535 535 535 535 535 535 534 534 534 534 534 534 534 534 534 533 533
535 535 535 535 535 535 535 535 535 536 536 536 537 537 537 537 537 537 537 537 537 537 537 537 537 537 537 537 537 537 537 537 537 537 537 537 537 537 537 537 537 537 537 537 537 537 537 537 537 537 537 537 537 537 537 537 537 537 537 536 536 536 536 536 536 536 536 536 536 536 536 536 536 536 536 536 536 536 536 536 535 535 535 535 535 535 535 535 535 535 534 534 534 533
536 536 536 536 536 536 536 536 536 536 537 537 537 537 537 537 537 537 537 537 538 538 538 538 538 538 538 538 538 538 538 538 538 538 538 538 538 538 538 538 538 538 538 538 538 538 538 538 538 538 538 537 537 537 537 537 537 537 537 537 537 537 537 537 537 537 537 537 537 537 537 537 537 537 537 537 536 536 536 536 536 536 536 536 536 536 536 536 536 535 535 534 534 534
537 537 537 537 537 537 537 537 537 537 537 537 538 538 538 538 538 538 538 538 538 538 538 538 538 538 538 538 538 538 538 538 538 538 538 538 538 538 538 538 538 538 538 538 538 538 538 538 538 538 538 538 538 538 538 538 538 538 538 538 538 538 538 538 538 538 538 538 538 538 538 537 537 537 537 537 537 537 537 537 537 537 537 537 537 537 537 535 535 535 535 535 535 535
537 537 537 537 537 538 538 538 538 538 538 538 538 538 539 539 539 539 539 539 539 539 539 539 539 539 539 539 539 539 539 539 539 539 539 539 539 539 539 539 539 539 539 539 539 539 539 539 539 539 539 539 539 539 539 539 539 539 539 539 539 539 539 539 539 539 538 538 538 538 538 538 538 538 538 538 538 538 538 538 538 538 538 538 537 536 536 536 536 536 536 536 536 536
538 538 538 538 538 538 538 538 538 538 538 538 539 539 539 539 540 540 540 540 540 540 540 540 540 540 540 540 540 540 540 540 540 540 540 540 540 540 540 540 540 540 540 540 540 540 540 540 540 540 540 540 540 540 540 540 540 540 540 539 539 539 539 539 539 539 539 539 539 539 539 539 539 539 539 539 539 539 539 539 538 538 538 537 537 537 537 537 537 537 537 537 537 537
539 539 539 539 539 539 539 539 539 539 539 539 539 539 539 539 539 539 540 540 540 540 540 541 541 541 541 541 541 541 541 541 541 541 541 541 541 541 541 541 541 541 541 541 541 541 541 541 540 540 540 540 540 540 540 540 540 540 540 540 540 540 540 540 540 540 540 540 540 540 540 540 540 540 540 540 539 539 539 539 539 538 538 538 538 538 538 538 538 538 538 537 537 537
539 540 540 540 540 540 540 540 540 540 540 540 540 540 540 540 540 540 540 540 541 541 541 541 541 541 541 541 541 541 541 541 541 541 541 541 541 541 541 541 541 541 541 541 541 541 541 541 541 541 541 541 541 541 541 541 541 541 541 541 541 541 541 541 541 541 541 541 541 541 540 540 540 540 540 540 540 540 540 539 539 539 539 539 539 539 539 538 538 538 538 538 538 538
540 540 540 540 540 540 540 540 541 541 541 541 541 541 541 541 541 541 541 541 541 541 541 542 542 542 542 542 542 542 542 542 542 542 542 542 542 542 542 542 542 542 542 542 542 542 542 542 542 542 542 542 542 542 542 542 542 542 542 542 542 542 542 541 541 541 541 541 541 541 541 541 541 541 541 541 540 540 540 540 540 540 540 539 539 539 539 539 539 539 539 539 539 539
