testData/tiles/oneDegree/grid6.0-15.0-7.0-16.0.asc
ncols   200
nrows   200
xllcorner   6.0
yllcorner   15.0
cellsize   0.005
NODATA_value   -9999.0
[rows 0 to 16 of 200, columns 74 to 110 of 200]
5.050000000000000000e+02 5.050000000000000000e+02 5.050000000000000000e+02 5.050000000000000000e+02 5.040000000000000000e+02 5.040000000000000000e+02 5.040000000000000000e+02 5.040000000000000000e+02 5.040000000000000000e+02 5.040000000000000000e+02 5.030000000000000000e+02 5.030000000000000000e+02 5.030000000000000000e+02 5.030000000000000000e+02 5.030000000000000000e+02 5.020000000000000000e+02 5.020000000000000000e+02 5.020000000000000000e+02 5.020000000000000000e+02 5.020000000000000000e+02 5.010000000000000000e+02 5.010000000000000000e+02 5.010000000000000000e+02 5.010000000000000000e+02 2.610000000000000000e+02 2.600000000000000000e+02 2.600000000000000000e+02 1.430000000000000000e+02 1.430000000000000000e+02 1.430000000000000000e+02 1.420000000000000000e+02 1.420000000000000000e+02 1.420000000000000000e+02 1.420000000000000000e+02 1.420000000000000000e+02 1.390000000000000000e+02 1.390000000000000000e+02
5.050000000000000000e+02 5.050000000000000000e+02 5.040000000000000000e+02 5.040000000000000000e+02 5.040000000000000000e+02 5.040000000000000000e+02 5.040000000000000000e+02 5.040000000000000000e+02 5.030000000000000000e+02 5.030000000000000000e+02 5.030000000000000000e+02 5.030000000000000000e+02 5.030000000000000000e+02 5.020000000000000000e+02 5.020000000000000000e+02 5.020000000000000000e+02 5.020000000000000000e+02 5.020000000000000000e+02 5.010000000000000000e+02 5.010000000000000000e+02 5.010000000000000000e+02 5.010000000000000000e+02 5.010000000000000000e+02 5.000000000000000000e+02 2.600000000000000000e+02 2.600000000000000000e+02 1.430000000000000000e+02 1.430000000000000000e+02 1.420000000000000000e+02 1.420000000000000000e+02 1.420000000000000000e+02 1.420000000000000000e+02 1.420000000000000000e+02 1.410000000000000000e+02 1.410000000000000000e+02 1.390000000000000000e+02 1.390000000000000000e+02
5.040000000000000000e+02 5.040000000000000000e+02 5.040000000000000000e+02 5.040000000000000000e+02 5.040000000000000000e+02 5.030000000000000000e+02 5.030000000000000000e+02 5.030000000000000000e+02 5.030000000000000000e+02 5.030000000000000000e+02 5.030000000000000000e+02 5.020000000000000000e+02 5.020000000000000000e+02 5.020000000000000000e+02 5.020000000000000000e+02 5.020000000000000000e+02 5.010000000000000000e+02 5.010000000000000000e+02 5.010000000000000000e+02 5.010000000000000000e+02 5.010000000000000000e+02 5.000000000000000000e+02 5.000000000000000000e+02 5.000000000000000000e+02 2.600000000000000000e+02 2.600000000000000000e+02 1.420000000000000000e+02 1.420000000000000000e+02 1.420000000000000000e+02 1.420000000000000000e+02 1.420000000000000000e+02 1.410000000000000000e+02 1.410000000000000000e+02 1.410000000000000000e+02 1.390000000000000000e+02 1.390000000000000000e+02 1.380000000000000000e+02
5.040000000000000000e+02 5.040000000000000000e+02 5.040000000000000000e+02 5.030000000000000000e+02 5.030000000000000000e+02 5.030000000000000000e+02 5.030000000000000000e+02 5.030000000000000000e+02 5.030000000000000000e+02 5.020000000000000000e+02 5.020000000000000000e+02 5.020000000000000000e+02 5.020000000000000000e+02 5.020000000000000000e+02 5.010000000000000000e+02 5.010000000000000000e+02 5.010000000000000000e+02 5.010000000000000000e+02 5.010000000000000000e+02 5.000000000000000000e+02 5.000000000000000000e+02 5.000000000000000000e+02 5.000000000000000000e+02 5.000000000000000000e+02 2.590000000000000000e+02 1.420000000000000000e+02 1.420000000000000000e+02 1.420000000000000000e+02 1.420000000000000000e+02 1.410000000000000000e+02 1.410000000000000000e+02 1.410000000000000000e+02 1.410000000000000000e+02 1.410000000000000000e+02 1.380000000000000000e+02 1.380000000000000000e+02 1.380000000000000000e+02
5.040000000000000000e+02 5.030000000000000000e+02 5.030000000000000000e+02 5.030000000000000000e+02 5.030000000000000000e+02 5.030000000000000000e+02 5.020000000000000000e+02 5.020000000000000000e+02 5.020000000000000000e+02 5.020000000000000000e+02 5.020000000000000000e+02 5.020000000000000000e+02 5.010000000000000000e+02 5.010000000000000000e+02 5.010000000000000000e+02 5.010000000000000000e+02 5.010000000000000000e+02 5.000000000000000000e+02 5.000000000000000000e+02 5.000000000000000000e+02 5.000000000000000000e+02 5.000000000000000000e+02 4.990000000000000000e+02 4.990000000000000000e+02 1.420000000000000000e+02 1.420000000000000000e+02 1.420000000000000000e+02 1.410000000000000000e+02 1.410000000000000000e+02 1.410000000000000000e+02 1.410000000000000000e+02 1.410000000000000000e+02 1.400000000000000000e+02 1.400000000000000000e+02 1.380000000000000000e+02 1.380000000000000000e+02 1.380000000000000000e+02
5.030000000000000000e+02 5.030000000000000000e+02 5.030000000000000000e+02 5.030000000000000000e+02 5.020000000000000000e+02 5.020000000000000000e+02 5.020000000000000000e+02 5.020000000000000000e+02 5.020000000000000000e+02 5.010000000000000000e+02 5.010000000000000000e+02 5.010000000000000000e+02 5.010000000000000000e+02 5.010000000000000000e+02 5.010000000000000000e+02 5.000000000000000000e+02 5.000000000000000000e+02 5.000000000000000000e+02 5.000000000000000000e+02 5.000000000000000000e+02 4.990000000000000000e+02 4.990000000000000000e+02 4.990000000000000000e+02 3.820000000000000000e+02 1.420000000000000000e+02 1.410000000000000000e+02 1.410000000000000000e+02 1.410000000000000000e+02 1.410000000000000000e+02 1.410000000000000000e+02 1.400000000000000000e+02 1.400000000000000000e+02 1.400000000000000000e+02 1.380000000000000000e+02 1.380000000000000000e+02 1.370000000000000000e+02 1.370000000000000000e+02
5.030000000000000000e+02 5.020000000000000000e+02 5.020000000000000000e+02 5.020000000000000000e+02 5.020000000000000000e+02 5.020000000000000000e+02 5.020000000000000000e+02 5.010000000000000000e+02 5.010000000000000000e+02 5.010000000000000000e+02 5.010000000000000000e+02 5.010000000000000000e+02 5.010000000000000000e+02 5.000000000000000000e+02 5.000000000000000000e+02 5.000000000000000000e+02 5.000000000000000000e+02 5.000000000000000000e+02 4.990000000000000000e+02 4.990000000000000000e+02 4.990000000000000000e+02 4.990000000000000000e+02 3.820000000000000000e+02 3.810000000000000000e+02 1.410000000000000000e+02 1.410000000000000000e+02 1.410000000000000000e+02 1.410000000000000000e+02 1.400000000000000000e+02 1.400000000000000000e+02 1.400000000000000000e+02 1.400000000000000000e+02 1.400000000000000000e+02 1.370000000000000000e+02 1.370000000000000000e+02 1.370000000000000000e+02 1.370000000000000000e+02
5.020000000000000000e+02 5.020000000000000000e+02 5.020000000000000000e+02 5.020000000000000000e+02 5.020000000000000000e+02 5.010000000000000000e+02 5.010000000000000000e+02 5.010000000000000000e+02 5.010000000000000000e+02 5.010000000000000000e+02 5.000000000000000000e+02 5.000000000000000000e+02 5.000000000000000000e+02 5.000000000000000000e+02 5.000000000000000000e+02 5.000000000000000000e+02 4.990000000000000000e+02 4.990000000000000000e+02 4.990000000000000000e+02 4.990000000000000000e+02 4.990000000000000000e+02 4.980000000000000000e+02 3.810000000000000000e+02 3.810000000000000000e+02 1.410000000000000000e+02 1.410000000000000000e+02 1.400000000000000000e+02 1.400000000000000000e+02 1.400000000000000000e+02 1.400000000000000000e+02 1.400000000000000000e+02 1.390000000000000000e+02 1.370000000000000000e+02 1.370000000000000000e+02 1.370000000000000000e+02 1.370000000000000000e+02 1.360000000000000000e+02
5.020000000000000000e+02 5.020000000000000000e+02 5.010000000000000000e+02 5.010000000000000000e+02 5.010000000000000000e+02 5.010000000000000000e+02 5.010000000000000000e+02 5.010000000000000000e+02 5.000000000000000000e+02 5.000000000000000000e+02 5.000000000000000000e+02 5.000000000000000000e+02 5.000000000000000000e+02 4.990000000000000000e+02 4.990000000000000000e+02 4.990000000000000000e+02 4.990000000000000000e+02 4.990000000000000000e+02 4.990000000000000000e+02 4.980000000000000000e+02 4.980000000000000000e+02 3.810000000000000000e+02 3.810000000000000000e+02 3.810000000000000000e+02 1.400000000000000000e+02 1.400000000000000000e+02 1.400000000000000000e+02 1.400000000000000000e+02 1.400000000000000000e+02 1.390000000000000000e+02 1.390000000000000000e+02 1.390000000000000000e+02 1.370000000000000000e+02 1.370000000000000000e+02 1.360000000000000000e+02 1.360000000000000000e+02 1.360000000000000000e+02
5.010000000000000000e+02 5.010000000000000000e+02 5.010000000000000000e+02 5.010000000000000000e+02 5.010000000000000000e+02 5.010000000000000000e+02 5.000000000000000000e+02 5.000000000000000000e+02 5.000000000000000000e+02 5.000000000000000000e+02 5.000000000000000000e+02 4.990000000000000000e+02 4.990000000000000000e+02 4.990000000000000000e+02 4.990000000000000000e+02 4.990000000000000000e+02 4.990000000000000000e+02 4.980000000000000000e+02 4.980000000000000000e+02 4.980000000000000000e+02 3.810000000000000000e+02 3.810000000000000000e+02 3.800000000000000000e+02 3.800000000000000000e+02 1.400000000000000000e+02 1.400000000000000000e+02 1.400000000000000000e+02 1.390000000000000000e+02 1.390000000000000000e+02 1.390000000000000000e+02 1.390000000000000000e+02 1.390000000000000000e+02 1.360000000000000000e+02 1.360000000000000000e+02 1.360000000000000000e+02 1.360000000000000000e+02 1.360000000000000000e+02
5.010000000000000000e+02 5.010000000000000000e+02 5.010000000000000000e+02 5.000000000000000000e+02 5.000000000000000000e+02 5.000000000000000000e+02 5.000000000000000000e+02 5.000000000000000000e+02 5.000000000000000000e+02 4.990000000000000000e+02 4.990000000000000000e+02 4.990000000000000000e+02 4.990000000000000000e+02 4.990000000000000000e+02 4.980000000000000000e+02 4.980000000000000000e+02 4.980000000000000000e+02 4.980000000000000000e+02 4.980000000000000000e+02 3.810000000000000000e+02 3.800000000000000000e+02 3.800000000000000000e+02 3.800000000000000000e+02 3.800000000000000000e+02 1.400000000000000000e+02 1.390000000000000000e+02 1.390000000000000000e+02 1.390000000000000000e+02 1.390000000000000000e+02 1.390000000000000000e+02 1.380000000000000000e+02 1.360000000000000000e+02 1.360000000000000000e+02 1.360000000000000000e+02 1.360000000000000000e+02 1.350000000000000000e+02 1.350000000000000000e+02
5.010000000000000000e+02 5.000000000000000000e+02 5.000000000000000000e+02 5.000000000000000000e+02 5.000000000000000000e+02 5.000000000000000000e+02 5.000000000000000000e+02 4.990000000000000000e+02 4.990000000000000000e+02 4.990000000000000000e+02 4.990000000000000000e+02 4.990000000000000000e+02 4.980000000000000000e+02 4.980000000000000000e+02 4.980000000000000000e+02 4.980000000000000000e+02 4.980000000000000000e+02 4.970000000000000000e+02 4.970000000000000000e+02 3.800000000000000000e+02 3.800000000000000000e+02 3.800000000000000000e+02 3.800000000000000000e+02 3.790000000000000000e+02 1.390000000000000000e+02 1.390000000000000000e+02 1.390000000000000000e+02 1.390000000000000000e+02 1.380000000000000000e+02 1.380000000000000000e+02 1.380000000000000000e+02 1.360000000000000000e+02 1.360000000000000000e+02 1.350000000000000000e+02 1.350000000000000000e+02 1.350000000000000000e+02 1.350000000000000000e+02
5.000000000000000000e+02 5.000000000000000000e+02 5.000000000000000000e+02 5.000000000000000000e+02 4.990000000000000000e+02 4.990000000000000000e+02 4.990000000000000000e+02 4.990000000000000000e+02 4.990000000000000000e+02 4.990000000000000000e+02 4.980000000000000000e+02 4.980000000000000000e+02 4.980000000000000000e+02 4.980000000000000000e+02 4.980000000000000000e+02 4.970000000000000000e+02 4.970000000000000000e+02 4.970000000000000000e+02 3.800000000000000000e+02 3.800000000000000000e+02 3.790000000000000000e+02 3.790000000000000000e+02 3.790000000000000000e+02 3.790000000000000000e+02 1.390000000000000000e+02 1.390000000000000000e+02 1.380000000000000000e+02 1.380000000000000000e+02 1.380000000000000000e+02 1.380000000000000000e+02 1.380000000000000000e+02 1.350000000000000000e+02 1.350000000000000000e+02 1.350000000000000000e+02 1.350000000000000000e+02 1.350000000000000000e+02 1.340000000000000000e+02
5.000000000000000000e+02 5.000000000000000000e+02 4.990000000000000000e+02 4.990000000000000000e+02 4.990000000000000000e+02 4.990000000000000000e+02 4.990000000000000000e+02 4.980000000000000000e+02 4.980000000000000000e+02 4.980000000000000000e+02 4.980000000000000000e+02 4.980000000000000000e+02 4.980000000000000000e+02 4.970000000000000000e+02 4.970000000000000000e+02 4.970000000000000000e+02 4.970000000000000000e+02 3.800000000000000000e+02 3.790000000000000000e+02 3.790000000000000000e+02 3.790000000000000000e+02 3.790000000000000000e+02 3.790000000000000000e+02 3.780000000000000000e+02 1.380000000000000000e+02 1.380000000000000000e+02 1.380000000000000000e+02 1.380000000000000000e+02 1.380000000000000000e+02 1.370000000000000000e+02 1.350000000000000000e+02 1.350000000000000000e+02 1.350000000000000000e+02 1.350000000000000000e+02 1.340000000000000000e+02 1.340000000000000000e+02 1.340000000000000000e+02
4.990000000000000000e+02 4.990000000000000000e+02 4.990000000000000000e+02 4.990000000000000000e+02 4.990000000000000000e+02 4.980000000000000000e+02 4.980000000000000000e+02 4.980000000000000000e+02 4.980000000000000000e+02 4.980000000000000000e+02 4.980000000000000000e+02 4.970000000000000000e+02 4.970000000000000000e+02 4.970000000000000000e+02 4.970000000000000000e+02 4.970000000000000000e+02 3.790000000000000000e+02 3.790000000000000000e+02 3.790000000000000000e+02 3.790000000000000000e+02 3.790000000000000000e+02 3.780000000000000000e+02 3.780000000000000000e+02 3.780000000000000000e+02 1.380000000000000000e+02 1.380000000000000000e+02 1.370000000000000000e+02 1.370000000000000000e+02 1.370000000000000000e+02 1.370000000000000000e+02 1.350000000000000000e+02 1.350000000000000000e+02 1.340000000000000000e+02 1.340000000000000000e+02 1.340000000000000000e+02 1.340000000000000000e+02 1.330000000000000000e+02
4.990000000000000000e+02 4.990000000000000000e+02 4.990000000000000000e+02 4.980000000000000000e+02 4.980000000000000000e+02 4.980000000000000000e+02 4.980000000000000000e+02 4.980000000000000000e+02 4.970000000000000000e+02 4.970000000000000000e+02 4.970000000000000000e+02 4.970000000000000000e+02 4.970000000000000000e+02 4.970000000000000000e+02 4.960000000000000000e+02 3.790000000000000000e+02 3.790000000000000000e+02 3.790000000000000000e+02 3.790000000000000000e+02 3.780000000000000000e+02 3.780000000000000000e+02 3.780000000000000000e+02 3.780000000000000000e+02 3.780000000000000000e+02 1.370000000000000000e+02 1.370000000000000000e+02 1.370000000000000000e+02 1.370000000000000000e+02 1.370000000000000000e+02 1.340000000000000000e+02 1.340000000000000000e+02 1.340000000000000000e+02 1.340000000000000000e+02 1.340000000000000000e+02 1.330000000000000000e+02 1.330000000000000000e+02 1.330000000000000000e+02
4.980000000000000000e+02 4.980000000000000000e+02 4.980000000000000000e+02 4.980000000000000000e+02 4.980000000000000000e+02 4.980000000000000000e+02 4.970000000000000000e+02 4.970000000000000000e+02 4.970000000000000000e+02 4.970000000000000000e+02 4.970000000000000000e+02 4.960000000000000000e+02 4.960000000000000000e+02 4.960000000000000000e+02 4.960000000000000000e+02 3.790000000000000000e+02 3.790000000000000000e+02 3.780000000000000000e+02 3.780000000000000000e+02 3.780000000000000000e+02 3.780000000000000000e+02 3.780000000000000000e+02 3.770000000000000000e+02 3.770000000000000000e+02 1.370000000000000000e+02 1.370000000000000000e+02 1.370000000000000000e+02 1.360000000000000000e+02 1.360000000000000000e+02 1.340000000000000000e+02 1.340000000000000000e+02 1.340000000000000000e+02 1.330000000000000000e+02 1.330000000000000000e+02 1.330000000000000000e+02 1.330000000000000000e+02 1.330000000000000000e+02
