testData/tiles/oneDegree/grid37.0-47.0-38.0-48.0.asc
ncols   200
nrows   200
xllcorner   37.0
yllcorner   47.0
cellsize   0.005
NODATA_value   -9999.0
[rows 42 to 83 of 200, columns 0 to 93 of 200]
434 429 424 419 416 417 417 373 373 373 374 302 302 302 302 302 303 303 303 303 303 303 304 304 304 304 304 304 304 304 305 305 305 305 305 305 305 305 306 306 306 306 306 306 306 306 306 306 307 307 307 307 307 307 307 307 307 307 307 307 307 307 308 308 308 308 308 308 308 308 308 308 308 308 308 308 308 308 308 308 308 308 308 308 308 308 308 308 308 308 308 308 308 308
437 433 428 423 417 417 417 417 373 373 373 302 302 302 302 302 302 303 303 303 303 303 303 304 304 304 304 304 304 304 305 305 305 305 305 305 305 305 306 306 306 306 306 306 306 306 306 306 306 307 307 307 307 307 307 307 307 307 307 307 307 307 307 308 308 308 308 308 308 308 308 308 308 308 308 308 308 308 308 308 308 308 308 308 308 308 308 308 308 308 308 308 308 308
439 436 431 426 421 416 417 417 417 373 373 302 302 302 302 302 302 303 303 303 303 303 303 303 304 304 304 304 304 304 304 305 305 305 305 305 305 305 305 306 306 306 306 306 306 306 306 306 306 307 307 307 307 307 307 307 307 307 307 307 307 307 307 307 307 308 308 308 308 308 308 308 308 308 308 308 308 308 308 308 308 308 308 308 308 308 308 308 308 308 308 308 308 308
442 439 434 430 425 419 417 417 417 373 301 301 302 302 302 302 302 302 303 303 303 303 303 303 304 304 304 304 304 304 304 305 305 305 305 305 305 305 305 305 306 306 306 306 306 306 306 306 306 306 307 307 307 307 307 307 307 307 307 307 307 307 307 307 307 307 308 308 308 308 308 308 308 308 308 308 308 308 308 308 308 308 308 308 308 308 308 308 308 308 308 308 308 308
444 441 438 433 428 423 417 417 417 417 301 301 302 302 302 302 302 302 303 303 303 303 303 303 303 304 304 304 304 304 304 304 305 305 305 305 305 305 305 305 305 306 306 306 306 306 306 306 306 306 306 307 307 307 307 307 307 307 307 307 307 307 307 307 307 307 307 307 308 308 308 308 308 308 308 308 308 308 308 308 308 308 308 308 308 308 308 308 308 308 308 308 308 308
447 443 440 436 432 427 422 417 417 345 345 301 301 302 302 302 302 302 302 303 303 303 303 303 303 304 304 304 304 304 304 304 304 305 305 305 305 305 305 305 305 306 306 306 306 306 306 306 306 306 306 306 307 307 307 307 307 307 307 307 307 307 307 307 307 307 307 307 307 307 307 308 308 308 308 308 308 308 308 308 308 308 308 308 308 308 308 308 308 308 308 308 308 308
449 446 443 439 435 430 425 420 417 345 345 301 301 302 302 302 302 302 302 303 303 303 303 303 303 303 304 304 304 304 304 304 304 305 305 305 305 305 305 305 305 305 306 306 306 306 306 306 306 306 306 306 306 306 307 307 307 307 307 307 307 307 307 307 307 307 307 307 307 307 307 307 307 307 308 308 308 308 308 308 308 308 308 308 308 308 308 308 308 308 308 308 308 308
452 448 445 442 438 433 429 423 346 345 345 345 301 301 302 302 302 302 302 302 303 303 303 303 303 303 304 304 304 304 304 304 304 304 305 305 305 305 305 305 305 305 305 306 306 306 306 306 306 306 306 306 306 306 306 307 307 307 307 307 307 307 307 307 307 307 307 307 307 307 307 307 307 307 307 307 307 307 308 308 308 308 308 308 308 308 308 308 308 308 308 307 307 307
454 451 447 445 441 436 432 427 349 345 345 345 345 301 302 302 302 302 302 302 303 303 303 303 303 303 303 304 304 304 304 304 304 304 304 305 305 305 305 305 305 305 305 305 306 306 306 306 306 306 306 306 306 306 306 306 307 307 307 307 307 307 307 307 307 307 307 307 307 307 307 307 307 307 307 307 307 307 307 307 307 307 307 307 307 307 307 307 307 307 307 307 307 307
456 453 450 446 443 439 435 430 353 348 345 345 345 301 301 302 302 302 302 302 302 303 303 303 303 303 303 303 304 304 304 304 304 304 304 304 305 305 305 305 305 305 305 305 305 306 306 306 306 306 306 306 306 306 306 306 306 307 307 307 307 307 307 307 307 307 307 307 307 307 307 307 307 307 307 307 307 307 307 307 307 307 307 307 307 307 307 307 307 307 307 307 307 307
458 455 452 448 446 442 438 361 356 351 346 345 345 345 301 302 302 302 302 302 302 303 303 303 303 303 303 303 304 304 304 304 304 304 304 304 305 305 305 305 305 305 305 305 305 305 306 306 306 306 306 306 306 306 306 306 306 306 306 307 307 307 307 307 307 307 307 307 307 307 307 307 307 307 307 307 307 307 307 307 307 307 307 307 307 307 307 307 307 307 307 307 307 307
460 457 454 451 447 444 440 364 360 354 350 345 345 345 345 301 302 302 302 302 302 302 303 303 303 303 303 303 303 304 304 304 304 304 304 304 304 305 305 305 305 305 305 305 305 305 305 306 306 306 306 306 306 306 306 306 306 306 306 306 307 307 307 307 307 307 307 307 307 307 307 307 307 307 307 307 307 307 307 307 307 307 307 307 307 307 307 307 307 307 307 307 307 307
462 459 456 453 450 447 371 367 363 358 352 347 345 345 345 301 302 302 302 302 302 302 302 303 303 303 303 303 303 303 304 304 304 304 304 304 304 304 305 305 305 305 305 305 305 305 305 305 306 306 306 306 306 306 306 306 306 306 306 306 306 306 307 307 307 307 307 307 307 307 307 307 307 307 307 307 307 307 307 307 307 307 307 307 307 307 307 307 307 307 307 307 307 307
463 461 458 455 452 448 374 370 365 361 356 351 345 345 345 345 301 302 302 302 302 302 302 303 303 303 303 303 303 303 303 304 304 304 304 304 304 304 304 305 305 305 305 305 305 305 305 305 305 306 306 306 306 306 306 306 306 306 306 306 306 306 306 306 307 307 307 307 307 307 307 307 307 307 307 307 307 307 307 307 307 307 307 307 307 307 307 307 307 307 307 307 307 307
465 463 460 457 454 451 376 372 368 364 359 354 349 345 345 345 301 301 302 302 302 302 302 302 303 303 303 303 303 303 303 304 304 304 304 304 304 304 304 304 305 305 305 305 305 305 305 305 305 305 306 306 306 306 306 306 306 306 306 306 306 306 306 306 306 306 307 307 307 307 307 307 307 307 307 307 307 307 307 307 307 307 307 307 307 307 307 307 307 307 307 307 307 307
467 464 462 459 456 381 377 375 371 366 362 357 352 346 345 345 345 301 302 302 302 302 302 302 302 303 303 303 303 303 303 303 304 304 304 304 304 304 304 304 304 305 305 305 305 305 305 305 305 305 305 305 306 306 306 306 306 306 306 306 306 306 306 306 306 306 306 306 306 307 307 307 307 307 307 307 307 307 307 307 307 307 307 307 307 307 307 307 307 307 307 307 307 307
469 466 464 461 458 383 379 377 373 369 365 360 355 350 345 345 345 301 301 302 302 302 302 302 302 303 303 303 303 303 303 303 303 304 304 304 304 304 304 304 304 304 305 305 305 305 305 305 305 305 305 305 305 306 306 306 306 306 306 306 306 306 306 306 306 306 306 306 306 306 306 306 307 307 307 307 307 307 307 307 307 307 307 307 307 307 307 307 307 307 307 307 307 307
471 468 465 463 388 385 382 378 375 371 367 363 358 352 347 345 345 345 301 301 302 302 302 302 302 302 303 303 303 303 303 303 303 303 304 304 304 304 304 304 304 304 304 305 305 305 305 305 305 305 305 305 305 305 306 306 306 306 306 306 306 306 306 306 306 306 306 306 306 306 306 306 306 306 306 306 307 307 307 307 307 307 307 307 307 307 307 307 307 307 307 307 307 306
472 470 467 465 390 387 384 380 377 374 370 365 361 356 351 345 345 345 345 301 302 302 302 302 302 302 302 303 303 303 303 303 303 303 303 304 304 304 304 304 304 304 304 304 305 305 305 305 305 305 305 305 305 305 305 305 306 306 306 306 306 306 306 306 306 306 306 306 306 306 306 306 306 306 306 306 306 306 306 306 306 306 306 306 306 306 306 306 306 306 306 306 306 306
474 471 469 394 392 389 386 382 379 376 372 368 363 359 353 348 345 345 345 301 301 302 302 302 302 302 302 302 303 303 303 303 303 303 303 303 304 304 304 304 304 304 304 304 304 305 305 305 305 305 305 305 305 305 305 305 305 306 306 306 306 306 306 306 306 306 306 306 306 306 306 306 306 306 306 306 306 306 306 306 306 306 306 306 306 306 306 306 306 306 306 306 306 306
476 473 470 396 393 391 388 384 381 377 375 370 366 361 356 351 345 345 345 345 301 301 302 302 302 302 302 302 302 303 303 303 303 303 303 303 303 304 304 304 304 304 304 304 304 304 305 305 305 305 305 305 305 305 305 305 305 305 305 306 306 306 306 306 306 306 306 306 306 306 306 306 306 306 306 306 306 306 306 306 306 306 306 306 306 306 306 306 306 306 306 306 306 306
477 475 400 397 395 393 390 386 383 379 377 373 369 364 359 354 349 345 345 345 301 301 302 302 302 302 302 302 302 303 303 303 303 303 303 303 303 303 304 304 304 304 304 304 304 304 304 305 305 305 305 305 305 305 305 305 305 305 305 305 305 306 306 306 306 306 306 306 306 306 306 306 306 306 306 306 306 306 306 306 306 306 306 306 306 306 306 306 306 306 306 306 306 306
478 476 402 399 396 393 391 388 385 382 378 375 371 367 362 357 351 346 345 345 345 301 301 302 302 302 302 302 302 302 303 303 303 303 303 303 303 303 303 304 304 304 304 304 304 304 304 304 304 305 305 305 305 305 305 305 305 305 305 305 305 305 305 306 306 306 306 306 306 306 306 306 306 306 306 306 306 306 306 306 306 306 306 306 306 306 306 306 306 306 306 306 306 306
479 406 403 401 398 395 393 390 387 384 380 376 373 369 365 360 354 348 345 345 345 301 301 301 302 302 302 302 302 302 302 303 303 303 303 303 303 303 303 303 304 304 304 304 304 304 304 304 304 304 305 305 305 305 305 305 305 305 305 305 305 305 305 305 305 305 306 306 306 306 306 306 306 306 306 306 306 306 306 306 306 306 306 306 306 306 306 306 306 306 306 306 306 306
481 406 405 402 400 397 394 392 389 385 382 378 376 371 367 362 357 352 346 345 345 345 301 301 301 302 302 302 302 302 302 302 303 303 303 303 303 303 303 303 303 304 304 304 304 304 304 304 304 304 304 304 305 305 305 305 305 305 305 305 305 305 305 305 305 305 305 305 305 306 306 306 306 306 306 306 306 306 306 306 306 306 306 306 306 306 306 306 306 306 306 306 306 306
410 408 405 404 401 399 396 393 391 387 384 380 377 374 370 365 360 355 349 345 345 345 301 301 301 301 302 302 302 302 302 302 302 303 303 303 303 303 303 303 303 303 304 304 304 304 304 304 304 304 304 304 304 305 305 305 305 305 305 305 305 305 305 305 305 305 305 305 305 305 305 305 306 306 306 306 306 306 306 306 306 306 306 306 306 306 306 306 306 306 306 306 306 306
412 409 407 405 403 400 397 394 392 389 386 382 379 375 372 367 363 358 352 345 345 345 345 301 301 301 301 302 302 302 302 302 302 302 303 303 303 303 303 303 303 303 303 304 304 304 304 304 304 304 304 304 304 304 304 305 305 305 305 305 305 305 305 305 305 305 305 305 305 305 305 305 305 305 305 305 305 305 306 306 306 306 306 306 306 306 306 306 306 306 306 305 305 305
413 411 408 406 404 402 399 396 393 391 388 384 381 377 373 370 365 360 355 349 344 345 345 301 301 301 301 301 302 302 302 302 302 302 302 303 303 303 303 303 303 303 303 303 304 304 304 304 304 304 304 304 304 304 304 304 304 305 305 305 305 305 305 305 305 305 305 305 305 305 305 305 305 305 305 305 305 305 305 305 305 305 305 305 305 305 305 305 305 305 305 305 305 305
415 412 410 407 405 403 401 398 395 392 390 386 383 379 375 372 368 363 358 352 345 344 345 345 301 301 301 301 302 302 302 302 302 302 302 302 303 303 303 303 303 303 303 303 303 303 304 304 304 304 304 304 304 304 304 304 304 304 304 305 305 305 305 305 305 305 305 305 305 305 305 305 305 305 305 305 305 305 305 305 305 305 305 305 305 305 305 305 305 305 305 305 305 305
416 414 411 409 406 405 402 399 396 393 391 388 385 381 377 373 370 365 360 355 349 344 345 345 301 301 301 301 301 302 302 302 302 302 302 302 302 303 303 303 303 303 303 303 303 303 303 304 304 304 304 304 304 304 304 304 304 304 304 304 304 305 305 305 305 305 305 305 305 305 305 305 305 305 305 305 305 305 305 305 305 305 305 305 305 305 305 305 305 305 305 305 305 305
416 415 413 410 408 405 404 401 398 395 392 390 386 383 379 375 371 368 363 358 352 345 344 345 345 301 301 301 301 301 302 302 302 302 302 302 302 302 302 303 303 303 303 303 303 303 303 303 303 304 304 304 304 304 304 304 304 304 304 304 304 304 304 305 305 305 305 305 305 305 305 305 305 305 305 305 305 305 305 305 305 305 305 305 305 305 305 305 305 305 305 305 305 305
418 415 414 412 409 407 404 402 400 397 394 390 388 385 381 377 373 369 365 360 355 349 344 344 345 301 301 301 301 301 301 302 302 302 302 302 302 302 302 302 303 303 303 303 303 303 303 303 303 303 304 304 304 304 304 304 304 304 304 304 304 304 304 304 304 304 305 305 305 305 305 305 305 305 305 305 305 305 305 305 305 305 305 305 305 305 305 305 305 305 305 305 305 305
419 417 415 413 411 408 405 404 401 398 395 392 389 387 383 379 375 371 367 363 358 352 345 344 344 345 301 301 301 301 301 301 301 302 302 302 302 302 302 302 302 303 303 303 303 303 303 303 303 303 303 303 304 304 304 304 304 304 304 304 304 304 304 304 304 304 304 304 304 305 305 305 305 305 305 305 305 305 305 305 305 305 305 305 305 305 305 305 305 305 305 305 305 305
420 418 416 414 412 409 407 404 403 400 397 394 391 387 385 381 377 373 369 364 360 355 348 344 344 344 301 301 301 301 301 301 301 301 302 302 302 302 302 302 302 302 303 303 303 303 303 303 303 303 303 303 303 303 304 304 304 304 304 304 304 304 304 304 304 304 304 304 304 304 304 304 304 304 305 305 305 305 305 305 305 305 305 305 305 305 305 305 305 305 305 305 305 305
421 419 417 415 413 411 408 406 403 401 398 395 392 389 387 383 379 375 371 366 363 357 351 344 344 344 344 301 301 301 301 301 301 301 301 302 302 302 302 302 302 302 302 302 303 303 303 303 303 303 303 303 303 303 303 303 304 304 304 304 304 304 304 304 304 304 304 304 304 304 304 304 304 304 304 304 304 304 304 304 304 304 304 304 304 304 304 304 304 304 304 304 304 304
422 420 418 416 414 412 410 407 404 402 400 397 394 391 387 385 381 377 373 369 364 360 354 348 344 344 344 300 301 301 301 301 301 301 301 301 302 302 302 302 302 302 302 302 302 303 303 303 303 303 303 303 303 303 303 303 303 303 304 304 304 304 304 304 304 304 304 304 304 304 304 304 304 304 304 304 304 304 304 304 304 304 304 304 304 304 304 304 304 304 304 304 304 304
424 422 419 417 415 413 411 408 406 403 401 398 395 392 389 385 383 379 375 371 366 361 357 351 344 344 344 300 300 301 301 301 301 301 301 301 301 302 302 302 302 302 302 302 302 302 302 303 303 303 303 303 303 303 303 303 303 303 303 303 304 304 304 304 304 304 304 304 304 304 304 304 304 304 304 304 304 304 304 304 304 304 304 304 304 304 304 304 304 304 304 304 304 304
424 423 421 418 416 414 412 410 407 404 402 400 397 394 391 387 384 381 377 373 368 364 358 354 347 344 344 344 300 300 301 301 301 301 301 301 301 301 302 302 302 302 302 302 302 302 302 302 302 303 303 303 303 303 303 303 303 303 303 303 303 303 303 304 304 304 304 304 304 304 304 304 304 304 304 304 304 304 304 304 304 304 304 304 304 304 304 304 304 304 304 304 304 304
425 423 422 419 417 415 412 411 408 406 403 400 398 395 392 389 385 382 379 375 370 366 361 355 350 344 344 344 300 300 300 301 301 301 301 301 301 301 301 301 302 302 302 302 302 302 302 302 302 302 303 303 303 303 303 303 303 303 303 303 303 303 303 303 303 303 304 304 304 304 304 304 304 304 304 304 304 304 304 304 304 304 304 304 304 304 304 304 304 304 304 304 304 304
426 424 423 421 418 416 414 412 410 407 404 402 399 397 394 390 387 383 380 377 372 368 363 358 352 346 344 344 344 300 300 300 300 301 301 301 301 301 301 301 301 302 302 302 302 302 302 302 302 302 302 302 303 303 303 303 303 303 303 303 303 303 303 303 303 303 303 303 303 304 304 304 304 304 304 304 304 304 304 304 304 304 304 304 304 304 304 304 304 304 304 304 304 304
427 425 423 422 420 417 415 413 411 408 406 403 400 397 395 392 389 385 381 378 374 370 365 360 355 348 344 344 344 300 300 300 300 300 301 301 301 301 301 301 301 301 301 302 302 302 302 302 302 302 302 302 302 302 303 303 303 303 303 303 303 303 303 303 303 303 303 303 303 303 303 303 303 303 304 304 304 304 304 304 304 304 304 304 304 304 304 304 304 304 304 304 304 304
428 426 424 422 421 418 416 414 411 410 407 404 402 399 396 393 390 387 383 379 375 372 367 362 357 351 344 344 344 344 300 300 300 300 300 301 301 301 301 301 301 301 301 301 302 302 302 302 302 302 302 302 302 302 302 302 303 303 303 303 303 303 303 303 303 303 303 303 303 303 303 303 303 303 303 303 303 303 303 303 303 303 303 303 303 303 303 303 303 303 303 303 303 303
