testData/tiles/oneDegree/grid20.0-25.0-21.0-26.0.asc
ncols   200
nrows   200
xllcorner   20.0
yllcorner   25.0
cellsize   0.005
NODATA_value   -9999.0
[rows 126 to 167 of 200, columns 94 to 187 of 200]
460 459 459 458 458 458 457 456 456 456 455 455 454 453 453 453 453 452 452 453 452 451 452 451 451 451 451 450 450 450 450 450 449 449 449 448 448 449 448 447 447 447 447 447 446 447 448 448 448 449 450 450 451 451 451 452 453 453 453 454 455 455 456 456 456 458 458 458 459 459 459 460 461 461 462 462 462 463 463 464 465 465 465 466 466 466 467 467 467 469 469 469 469 470
460 460 460 459 459 458 458 458 457 456 455 456 455 454 454 453 453 454 453 452 452 453 452 452 451 451 451 451 451 451 450 449 450 450 449 449 449 448 448 448 448 448 447 446 447 447 447 448 449 449 450 450 450 452 452 452 453 453 454 455 455 455 456 457 457 458 458 458 459 460 460 461 461 461 462 462 463 463 464 464 464 465 465 465 466 467 467 468 468 468 469 469 469 470
462 461 460 460 460 459 459 458 458 457 457 456 455 456 455 454 454 454 453 453 454 453 452 453 453 452 452 452 451 451 451 451 451 450 449 450 450 449 449 449 448 448 448 448 448 447 447 449 449 449 450 451 451 452 452 452 454 454 454 455 455 456 456 457 457 457 458 459 459 460 460 460 461 462 462 463 463 463 464 464 464 466 466 466 467 467 467 468 468 468 469 469 470 470
462 462 462 461 460 459 460 459 458 458 457 457 457 456 455 455 455 455 454 454 454 454 454 454 453 452 453 453 452 452 452 451 451 452 451 450 450 450 449 450 449 449 449 448 447 448 448 448 449 449 450 451 451 451 452 453 453 454 454 455 456 456 456 457 457 458 459 459 459 460 460 461 462 462 462 463 463 463 465 465 465 465 466 466 466 467 467 468 469 469 469 470 470 470
463 463 462 462 461 461 460 459 460 459 458 458 457 457 456 456 455 454 456 455 454 455 454 453 454 454 453 453 452 452 453 452 452 452 451 450 452 451 450 450 450 449 450 449 449 449 448 448 450 450 450 451 451 452 453 453 453 454 455 455 456 456 456 458 458 458 458 459 459 460 461 461 461 462 462 463 464 464 464 465 465 465 466 467 467 468 468 468 469 469 469 470 470 470
464 464 463 462 462 462 461 461 460 459 460 459 458 457 457 457 456 456 456 455 455 456 455 454 455 454 453 454 454 453 453 453 452 453 452 452 452 451 450 452 451 450 450 450 449 448 449 449 449 450 450 451 452 452 452 453 454 454 455 455 455 457 457 457 458 458 459 460 460 460 461 461 461 463 463 463 464 464 464 465 466 466 466 467 467 467 468 468 468 469 470 470 471 471
465 464 464 464 463 462 462 462 461 461 460 459 459 459 458 457 457 456 456 456 456 455 455 455 455 455 455 454 454 453 454 454 453 452 453 452 452 452 452 451 451 450 450 451 450 449 450 449 449 450 451 451 452 452 453 454 454 454 455 456 456 457 457 457 459 459 459 459 460 460 461 462 462 462 463 463 463 465 465 465 466 466 466 467 467 468 469 469 469 470 470 470 470 471
466 465 465 464 464 464 463 462 461 461 461 460 460 459 458 459 458 457 456 457 456 456 457 456 455 456 455 455 455 455 454 454 453 454 454 453 453 453 452 452 453 452 451 451 451 450 451 450 449 451 451 451 451 453 453 453 454 454 455 456 456 456 457 458 458 459 459 459 461 461 461 462 462 462 464 464 464 465 465 465 466 466 467 467 468 468 468 469 469 469 470 470 470 472
466 465 466 465 464 464 463 463 463 462 461 461 461 460 460 459 458 457 458 458 457 457 457 456 457 457 456 455 455 455 455 454 455 454 453 454 454 453 453 453 452 452 451 452 452 451 450 451 450 450 451 452 452 453 453 453 455 455 455 456 456 457 458 458 458 459 460 460 461 461 461 461 463 463 463 464 464 464 465 466 466 467 467 467 468 468 468 469 470 470 471 471 471 471
467 467 466 465 466 465 464 464 463 463 463 462 461 461 460 460 459 459 458 457 458 458 457 457 457 456 456 457 456 456 455 455 455 455 455 455 454 453 454 453 453 453 453 452 452 451 451 452 451 450 452 452 452 453 454 454 454 455 455 456 457 457 457 458 459 459 460 460 460 461 462 462 463 463 463 464 465 465 466 466 466 467 467 467 468 469 469 469 470 470 470 471 471 471
468 468 467 467 466 465 466 465 464 464 463 462 462 462 461 460 460 459 459 459 459 458 457 458 458 457 458 457 456 456 457 456 456 456 455 455 454 455 454 454 453 453 453 452 452 453 452 451 451 451 451 452 452 453 454 454 454 456 456 456 457 457 458 459 459 459 460 460 461 462 462 462 462 463 464 464 465 465 465 466 466 467 468 468 468 469 469 469 470 470 471 472 472 472
469 468 468 467 467 467 466 465 464 465 464 463 463 462 461 462 461 460 460 459 458 459 459 458 458 458 457 458 457 457 457 456 456 457 456 455 456 455 454 455 455 454 454 454 453 453 452 452 453 452 451 453 453 453 454 454 455 456 456 456 456 458 458 458 459 459 460 461 461 461 462 463 463 464 464 464 465 465 466 467 467 467 468 468 468 468 470 470 470 471 471 471 472 472
469 469 469 468 467 467 467 466 466 465 464 464 464 463 463 462 461 461 461 460 459 460 459 458 460 459 458 458 458 457 458 458 457 457 456 456 456 456 456 456 455 454 454 454 454 453 454 453 452 452 452 452 453 453 454 455 455 455 456 457 457 458 458 458 460 460 460 461 461 462 463 463 463 463 464 465 465 466 466 466 467 467 467 469 469 469 470 470 470 471 471 471 471 473
470 470 469 469 469 468 467 467 466 466 466 465 464 464 463 463 462 462 461 460 460 460 460 460 459 459 458 459 459 458 458 458 457 456 458 457 456 457 456 455 455 456 455 455 454 454 454 453 452 454 453 452 453 454 454 455 455 456 457 457 457 457 459 459 459 460 460 461 462 462 462 463 463 464 465 465 465 466 466 466 468 468 468 468 469 469 469 470 471 471 472 472 472 473
472 471 470 470 469 468 469 468 467 467 466 465 465 465 464 463 463 462 462 462 461 460 461 460 460 460 460 459 459 459 458 459 458 458 458 457 457 457 457 456 457 456 455 455 455 455 454 455 454 453 453 452 453 454 454 454 456 456 456 457 458 458 459 459 459 461 461 461 462 462 462 464 464 464 464 465 465 466 467 467 467 468 468 468 470 470 470 471 471 471 472 472 472 472
472 471 470 471 470 469 469 468 467 468 467 466 466 465 464 465 464 463 463 462 461 462 462 461 460 461 460 459 460 460 459 458 459 458 457 459 458 457 457 457 456 456 457 456 456 455 455 455 454 453 455 454 453 454 455 455 456 456 456 458 458 458 458 459 460 460 461 461 461 463 463 463 464 464 464 466 466 466 467 467 467 469 469 469 469 470 470 470 471 471 471 473 473 473
473 472 472 471 470 470 470 469 469 468 467 467 467 466 466 465 464 464 464 463 462 462 461 461 462 461 461 461 460 460 459 460 460 459 459 459 458 457 458 458 457 458 457 456 456 456 455 456 455 455 454 454 453 454 455 455 455 457 457 457 458 458 459 460 460 460 461 462 462 463 463 463 465 465 465 465 466 466 466 468 468 468 469 469 469 470 470 471 472 472 472 472 473 473
473 473 472 472 472 471 470 470 470 469 469 468 467 467 466 466 465 465 464 463 463 463 462 463 462 461 462 461 461 461 461 460 459 460 459 459 459 459 458 458 458 457 457 457 457 457 456 455 456 455 454 455 455 454 455 455 456 457 457 457 459 459 459 459 460 461 461 462 462 462 464 464 464 465 465 465 467 467 467 468 468 468 468 470 470 470 471 471 471 472 472 472 473 474
474 474 473 472 472 472 471 471 470 469 469 468 468 468 467 466 466 465 465 465 464 463 463 462 462 463 462 462 461 461 461 460 461 461 460 459 460 459 458 459 459 458 458 458 457 457 456 456 457 456 456 455 455 454 454 456 456 456 457 458 458 459 459 460 461 461 461 462 463 463 464 464 464 464 466 466 466 467 467 467 469 469 469 470 470 470 471 471 471 473 473 473 473 474
475 474 473 474 473 472 472 471 470 471 470 469 469 468 467 468 467 466 466 465 464 464 464 463 463 463 462 462 462 462 462 462 461 461 460 460 460 460 460 459 459 458 458 458 458 458 458 457 456 457 456 455 455 456 455 456 456 457 458 458 458 459 460 460 460 461 461 462 463 463 463 464 465 465 466 466 466 467 468 468 469 469 469 469 470 471 471 472 472 472 473 473 473 474
476 475 475 474 473 474 473 472 472 471 470 470 470 469 469 468 467 467 467 466 465 465 464 463 463 463 463 463 463 462 462 462 461 461 462 461 460 461 460 459 459 460 459 459 459 458 458 457 457 458 457 456 456 456 455 455 457 457 457 458 459 459 460 460 460 462 462 462 463 463 464 465 465 465 465 466 467 467 468 468 468 469 470 470 471 471 471 472 472 472 472 474 474 474
476 475 476 475 475 474 473 473 472 472 471 471 470 469 469 469 468 468 467 466 466 465 465 465 464 464 464 463 463 463 463 463 462 462 462 461 461 461 461 460 460 460 459 459 459 458 458 459 458 457 457 457 456 456 455 456 457 457 457 459 459 459 460 461 461 461 462 462 463 464 464 464 465 466 466 467 467 467 468 468 469 469 470 470 470 471 471 472 473 473 473 474 474 475
477 477 476 475 475 474 474 474 473 472 472 471 471 471 470 469 469 468 467 468 467 466 466 465 464 464 465 464 463 464 463 462 463 462 462 463 462 461 461 461 460 460 461 460 460 459 459 459 458 457 458 458 457 457 457 456 456 457 458 458 459 459 460 461 461 461 463 463 463 464 464 465 466 466 466 466 467 468 468 469 469 469 470 470 471 472 472 472 472 473 473 473 475 475
478 477 476 477 476 475 475 474 473 474 473 472 472 471 470 470 470 469 469 468 467 467 466 466 465 465 465 464 464 464 463 464 464 463 463 463 462 461 462 462 461 461 461 460 459 460 459 458 460 459 458 458 458 457 457 456 457 458 458 458 460 460 460 460 461 462 462 463 463 463 465 465 465 466 466 467 468 468 468 469 469 470 470 471 471 471 472 472 472 474 475 475 476 476
479 478 477 477 476 475 476 475 475 474 473 473 472 472 472 471 470 469 469 468 468 468 467 466 466 465 464 466 465 464 465 464 463 464 463 462 463 463 462 462 462 461 461 460 461 461 460 460 460 459 458 459 458 458 457 458 457 457 458 459 459 460 460 461 462 462 462 463 464 464 465 465 465 466 467 467 467 468 468 469 470 470 470 471 471 471 473 473 474 474 475 475 475 476
479 478 478 478 477 477 476 475 475 475 474 474 473 472 472 471 471 471 470 469 469 468 467 467 467 466 466 466 465 465 465 464 464 465 464 463 464 463 462 463 462 462 461 462 461 460 461 460 459 459 460 459 459 458 458 458 457 457 459 459 459 460 461 461 461 462 463 463 464 464 464 466 466 466 467 467 467 469 469 469 469 470 470 471 472 472 473 474 474 474 475 475 476 477
480 480 479 478 478 477 477 477 476 475 475 474 473 474 473 472 472 471 470 470 469 469 469 468 467 467 466 466 465 466 465 465 465 464 464 464 463 464 464 463 463 462 462 462 461 461 462 461 460 461 460 459 459 459 458 457 459 458 458 459 460 460 461 461 461 463 463 463 464 465 465 466 466 466 466 468 468 468 469 469 470 471 471 471 473 473 473 473 475 475 475 476 476 476
480 480 479 479 479 478 477 477 476 475 476 475 475 474 473 473 472 472 472 471 470 469 469 468 467 468 467 466 467 466 465 466 465 464 466 465 464 465 464 463 463 463 462 462 463 462 461 461 461 460 460 460 460 460 459 459 459 458 458 460 460 460 461 462 462 462 463 463 464 465 465 465 466 467 467 468 468 468 470 470 470 470 471 472 472 474 474 474 475 475 475 476 476 476
482 481 480 480 479 478 478 478 477 477 476 475 475 474 474 474 473 472 472 471 470 470 470 469 469 468 467 467 467 466 467 466 466 466 465 465 464 464 464 464 464 464 463 463 463 462 461 462 461 461 462 461 460 460 460 459 458 458 459 459 460 460 461 462 462 462 464 464 464 465 465 466 466 467 467 467 469 469 469 470 470 471 473 473 473 473 474 474 474 475 476 476 477 477
483 481 480 481 480 480 479 478 478 477 476 477 476 475 475 474 473 473 473 472 472 471 470 470 469 468 468 468 467 468 467 466 467 466 465 466 466 465 465 465 464 464 464 463 462 463 463 462 462 462 461 461 460 460 460 460 459 460 459 459 460 461 461 461 462 463 463 464 464 465 466 466 466 467 468 468 469 469 469 470 472 472 472 473 473 473 474 475 475 476 476 476 476 477
484 483 483 481 480 480 479 479 479 478 477 477 476 475 475 475 475 474 473 473 472 471 471 471 470 469 469 468 467 468 467 466 467 467 466 466 466 465 465 465 464 465 465 464 463 464 463 462 463 462 461 462 462 461 460 460 460 459 459 460 460 461 461 462 463 463 463 464 465 465 465 466 467 467 468 468 468 469 471 471 472 472 472 473 474 474 474 475 475 475 476 476 477 478
484 484 483 482 482 481 480 480 479 478 478 477 477 477 476 475 475 474 473 473 473 472 472 471 470 470 469 468 469 468 468 468 467 467 467 466 466 466 466 466 465 465 465 464 464 463 463 464 463 463 462 462 462 461 461 461 460 459 461 460 460 461 462 462 462 463 464 464 465 465 465 467 467 467 468 468 470 470 471 471 471 473 473 473 474 474 474 475 475 476 476 477 477 477
485 485 484 483 483 481 480 480 480 480 479 478 478 477 476 476 476 475 475 474 473 473 472 471 471 471 470 470 469 468 469 468 467 467 468 467 467 467 466 465 466 465 464 465 465 464 465 464 463 463 463 462 462 462 462 461 461 461 460 460 460 461 462 462 462 464 464 464 465 466 466 466 467 467 468 470 470 470 471 472 472 473 473 473 473 474 475 475 476 476 476 477 477 477
487 486 484 484 483 483 482 481 480 480 479 478 478 478 477 477 476 475 475 474 474 474 473 473 472 471 471 470 469 469 469 469 468 468 468 467 467 467 466 466 467 466 466 466 465 465 464 464 463 463 463 463 463 463 462 461 462 461 460 460 461 461 461 462 463 463 464 464 465 466 466 466 468 469 469 470 470 471 471 472 472 472 473 474 474 475 475 475 475 476 477 477 478 478
487 486 486 485 484 484 483 481 481 481 480 480 479 478 478 477 476 476 476 475 475 474 473 473 472 471 471 471 470 470 469 469 469 468 467 468 468 467 468 467 466 467 466 465 465 465 464 465 465 464 464 464 463 462 462 462 461 461 461 461 461 461 462 463 463 463 465 465 465 465 466 467 468 469 469 469 471 471 471 472 472 473 473 474 474 474 475 476 476 477 477 477 478 478
489 487 487 486 484 484 484 483 482 481 480 480 479 479 479 478 478 477 476 476 475 474 474 474 473 473 472 471 471 470 469 469 469 469 469 469 468 468 468 467 467 467 466 466 466 466 465 465 465 464 464 464 463 462 464 463 462 463 462 461 461 462 462 462 463 464 464 465 465 466 468 468 468 469 470 470 470 471 471 472 473 473 473 474 474 475 476 476 476 476 477 477 477 479
489 488 487 487 487 485 484 484 483 481 481 481 480 480 479 478 478 477 476 477 476 475 475 474 474 473 472 472 471 471 471 470 470 470 469 468 468 468 467 468 468 467 467 467 466 466 466 465 465 465 465 465 464 464 463 463 463 462 462 461 461 462 462 462 464 464 464 464 466 467 467 468 469 469 470 470 470 472 472 472 472 473 474 474 475 475 475 476 476 477 478 478 478 478
490 490 489 487 487 486 484 485 484 482 482 481 481 480 479 479 479 478 478 477 476 476 475 474 474 474 473 473 472 471 471 470 469 470 469 469 470 469 468 469 468 467 468 467 466 466 467 466 465 466 465 464 465 464 463 464 463 462 463 463 462 461 462 463 463 464 464 466 467 467 467 469 469 469 469 471 471 471 472 472 473 474 474 474 475 475 476 476 477 477 477 478 478 478
490 490 489 489 488 487 487 485 484 484 482 481 482 481 480 480 479 479 478 477 477 476 476 476 475 474 474 473 472 472 471 470 471 471 470 470 469 469 469 468 468 468 467 468 468 467 467 466 466 466 465 465 464 464 465 464 464 463 463 463 462 461 463 463 463 465 466 466 466 468 468 468 469 469 470 471 471 471 472 473 473 473 474 474 475 476 476 476 477 477 477 478 479 479
493 491 490 490 489 487 487 486 485 485 484 483 482 481 481 480 479 479 479 478 478 477 476 476 475 474 474 473 474 473 472 472 471 470 471 470 469 470 469 469 469 469 468 467 468 467 466 467 466 465 467 466 465 466 465 464 464 464 463 462 463 462 462 463 464 465 466 466 467 468 468 468 469 470 470 470 471 472 472 473 473 473 475 475 475 475 476 476 477 478 478 478 479 479
493 492 491 490 489 490 488 487 487 485 484 484 482 481 482 481 481 480 479 479 478 477 477 476 476 476 475 474 474 473 472 472 471 470 470 471 470 470 470 469 469 469 468 468 468 467 468 468 467 467 467 466 465 465 465 464 464 464 463 464 464 463 462 465 465 465 465 467 467 467 468 469 469 470 470 471 472 472 472 472 474 474 474 475 475 475 477 477 477 477 478 478 478 480
493 492 493 491 490 490 489 487 487 486 485 485 484 483 482 481 481 480 479 479 479 479 478 477 477 476 475 475 474 473 473 473 472 472 471 471 471 470 470 470 469 469 469 469 468 469 468 467 468 467 466 466 466 465 465 466 465 465 465 464 463 463 464 464 465 465 466 467 467 467 469 469 469 469 471 471 471 472 473 473 474 474 474 474 476 476 476 477 477 477 479 479 479 479
