testData/tiles/oneDegree/grid43.0-4.0-44.0-5.0.asc
ncols   200
nrows   200
xllcorner   43.0
yllcorner   4.0
cellsize   0.005
NODATA_value   -9999.0
[rows 126 to 167 of 200, columns 94 to 187 of 200]
270 270 270 270 355 355 355 355 355 359 367 373 379 385 390 395 399 403 407 411 414 417 420 422 425 427 429 431 432 434 435 436 437 438 439 440 440 441 441 442 442 442 441 441 440 439 438 437 436 435 433 432 297 295 293 290 288 285 282 279 275 271 267 263 258 253 247 241 235 227 223 223 223 223 223 138 138 138 138 138 137 137 137 276 276 276 276 276 276 276 276 276 276 276
270 270 270 270 355 355 355 355 355 360 367 374 380 385 391 395 400 404 407 411 414 417 420 422 425 427 429 431 433 434 436 437 439 440 440 441 442 442 442 442 442 442 442 441 440 440 439 438 437 435 434 432 297 295 293 290 288 285 282 279 275 272 268 263 259 253 248 242 235 228 223 223 223 223 223 138 138 138 138 138 138 138 138 277 277 277 277 276 276 276 276 276 276 276
270 270 270 270 355 355 355 355 355 360 368 374 380 386 391 396 400 404 408 411 414 417 420 423 425 427 429 432 434 435 437 438 439 440 441 441 442 442 442 443 442 442 442 441 441 440 439 438 437 435 434 432 430 295 293 291 288 285 282 279 276 272 268 264 259 254 248 242 236 228 223 223 223 223 223 138 138 138 138 138 138 138 138 277 277 277 277 277 277 277 277 277 276 276
270 270 270 270 355 355 355 355 355 361 368 375 381 386 391 396 400 404 408 412 415 418 422 424 427 429 431 433 434 436 437 438 439 440 441 442 442 443 443 443 443 443 442 442 441 440 439 438 437 436 434 433 431 296 294 291 289 286 283 280 276 272 268 264 259 254 249 243 236 229 223 223 223 223 223 138 138 138 138 138 138 138 138 277 277 277 277 277 277 277 277 277 277 277
270 270 270 270 355 355 355 355 355 361 369 375 381 387 392 396 401 405 410 413 416 419 422 425 427 429 431 433 435 436 437 439 440 441 441 442 443 443 443 443 443 443 443 442 441 441 440 439 437 436 435 433 431 296 294 292 289 286 283 280 277 273 269 264 260 255 249 243 237 229 223 223 223 223 223 138 138 138 138 138 138 138 138 138 277 277 277 277 277 277 277 277 277 277
270 270 270 270 355 355 355 355 355 362 369 376 382 387 393 398 402 406 410 413 417 420 422 425 427 429 431 433 435 436 438 439 440 441 442 442 443 443 443 443 443 443 443 442 442 441 440 439 438 436 435 433 431 429 294 292 289 287 284 280 277 273 269 265 260 255 250 244 237 230 223 223 223 223 223 138 138 138 138 138 138 138 138 138 277 277 277 277 277 277 277 277 277 277
270 270 270 270 355 355 355 355 355 362 371 377 383 389 394 398 403 407 410 414 417 420 423 425 428 430 432 434 435 437 438 439 440 441 442 443 443 443 444 444 444 443 443 443 442 441 440 439 438 437 435 434 432 430 295 292 290 287 284 281 277 274 270 265 261 256 250 244 238 230 223 223 223 223 223 138 138 138 138 138 138 138 138 138 277 277 277 277 277 277 277 277 277 277
270 270 270 270 355 355 355 356 356 364 371 378 384 389 394 399 403 407 411 414 417 420 423 426 428 430 432 434 436 437 438 440 441 442 442 443 443 444 444 444 444 444 443 443 442 442 441 440 438 437 436 434 432 430 428 293 290 287 284 281 278 274 270 266 261 256 251 245 238 231 223 223 223 223 223 138 138 138 138 138 138 138 138 138 277 277 277 277 277 277 277 277 277 277
270 270 270 270 356 356 356 356 356 365 372 378 384 389 394 399 403 407 411 414 418 421 423 426 428 430 432 434 436 437 439 440 441 442 443 443 444 444 444 444 444 444 444 443 443 442 441 440 439 437 436 434 432 430 428 293 290 288 285 281 278 274 270 266 261 256 251 245 239 232 223 223 223 223 223 138 138 138 138 138 138 138 138 138 277 277 277 277 277 277 277 277 277 277
270 271 271 271 356 356 356 356 357 365 372 379 385 390 395 399 404 408 411 415 418 421 424 426 428 431 433 434 436 438 439 440 441 442 443 443 444 444 445 445 445 444 444 443 443 442 441 440 439 438 436 434 433 431 428 293 291 288 285 282 278 275 271 266 262 257 252 246 239 232 224 223 223 223 223 138 138 138 138 138 138 138 138 138 277 277 277 277 277 277 277 277 277 277
271 271 271 271 356 356 356 356 358 366 373 379 385 390 395 400 404 408 412 415 418 421 424 426 429 431 433 435 436 438 439 440 441 442 443 444 444 445 445 445 445 445 444 444 443 442 441 440 439 438 436 435 433 431 429 426 291 288 285 282 279 275 271 267 262 257 252 246 240 233 225 223 223 223 223 138 138 138 138 138 138 138 138 138 138 277 277 277 277 277 277 277 277 277
271 271 271 271 356 356 356 356 358 366 373 380 385 391 396 400 404 408 412 415 419 422 424 427 429 431 433 435 437 438 440 441 442 443 443 444 445 445 445 445 445 445 445 444 443 443 442 441 440 438 437 435 433 431 429 427 291 289 286 282 279 275 271 267 263 258 252 247 240 233 225 223 223 223 223 138 138 138 138 138 138 138 138 138 138 277 277 277 277 277 277 277 277 277
271 271 271 271 356 356 356 356 359 367 374 380 386 391 396 401 405 409 412 416 419 422 425 427 429 432 434 435 437 439 440 441 442 443 444 444 445 445 445 445 445 445 445 444 444 443 442 441 440 439 437 435 434 432 429 427 292 289 286 283 279 276 272 268 263 258 253 247 241 234 226 223 223 223 223 138 138 138 138 138 138 138 138 138 138 277 277 277 277 277 277 277 277 277
271 271 271 271 356 356 356 356 359 367 374 380 386 392 396 401 405 409 413 416 419 422 425 427 430 432 434 436 437 439 440 441 442 443 444 445 445 445 446 446 446 445 445 445 444 443 442 441 440 439 437 436 434 432 430 427 425 289 286 283 280 276 272 268 263 259 253 247 241 234 226 223 223 223 223 138 138 138 138 138 138 138 138 138 138 277 277 277 277 277 277 277 277 277
271 271 271 356 356 356 356 356 360 368 375 381 387 392 397 401 406 409 413 416 420 422 425 428 430 432 434 436 438 439 440 442 443 444 444 445 445 446 446 446 446 446 445 445 444 444 443 442 440 439 438 436 434 432 430 428 425 289 287 283 280 276 273 268 264 259 254 248 242 235 227 223 223 223 223 223 138 138 138 138 138 138 138 138 138 277 277 277 277 277 277 277 277 277
363 363 271 356 356 356 356 356 360 368 375 381 387 392 397 402 406 410 413 417 420 423 425 428 430 432 434 436 438 439 441 442 443 444 445 445 446 446 446 446 446 446 446 445 445 444 443 442 441 439 438 436 434 432 430 428 425 290 287 284 280 277 273 269 264 259 254 248 242 235 227 223 223 223 223 223 138 138 138 138 138 138 138 138 138 277 277 277 277 277 277 277 277 277
363 363 363 448 448 448 356 356 361 369 375 382 387 393 398 402 406 410 414 417 420 423 426 428 431 433 435 437 438 440 441 442 443 444 445 445 446 446 446 447 446 446 446 445 445 444 443 442 441 440 438 437 435 433 431 428 426 423 287 284 281 277 273 269 265 260 254 249 242 236 228 223 223 223 223 223 138 138 138 138 138 138 138 138 138 138 277 277 277 277 277 277 277 277
363 363 363 448 448 448 448 448 453 461 376 382 388 393 398 402 407 410 414 417 421 423 426 429 431 433 435 437 438 440 441 442 443 444 445 446 446 446 447 447 447 446 446 446 445 444 443 442 441 440 438 437 435 433 431 429 426 423 288 284 281 277 274 269 265 260 255 249 243 236 228 223 223 223 223 223 138 138 138 138 138 138 138 138 138 138 277 277 277 277 277 277 277 277
363 363 363 448 448 448 448 448 454 461 468 475 480 393 398 403 407 411 414 418 421 424 426 429 431 433 435 437 439 440 441 443 444 445 445 446 446 447 447 447 447 447 446 446 445 445 444 443 441 440 439 437 435 433 431 429 426 424 288 285 281 278 274 270 265 260 255 250 243 236 229 223 223 223 223 223 138 138 138 138 138 138 138 138 138 138 277 277 277 277 277 277 277 277
363 363 363 448 448 448 448 448 454 462 469 475 481 486 491 495 499 411 415 418 421 424 427 429 431 434 436 437 439 440 442 443 444 445 446 446 447 447 447 447 447 447 447 446 446 445 444 443 442 440 439 437 436 434 431 429 427 424 288 285 282 278 274 270 266 261 256 250 244 237 229 223 223 223 223 223 138 138 138 138 138 138 138 138 138 138 277 277 277 277 277 277 277 277
363 363 363 448 448 448 448 448 455 462 469 475 481 486 491 495 500 503 507 510 421 424 427 429 432 434 436 438 439 441 442 443 444 445 446 446 447 447 447 448 447 447 447 446 446 445 444 443 442 441 439 438 436 434 432 429 427 424 421 285 282 278 275 270 266 261 256 250 244 237 230 223 223 223 223 223 138 138 138 138 138 138 138 138 138 138 277 277 277 277 277 277 277 277
363 363 363 448 448 448 448 448 455 463 470 476 481 487 491 496 500 504 507 511 514 517 519 522 432 434 436 438 439 441 442 443 444 445 446 447 447 448 448 448 448 448 447 447 446 445 444 443 442 441 439 438 436 434 432 430 427 425 422 286 282 279 275 271 266 262 256 251 245 238 230 223 223 223 223 223 138 138 138 138 138 138 138 138 138 138 138 277 277 277 277 277 277 277
363 363 363 448 448 448 448 448 456 463 470 476 482 487 492 496 500 504 508 511 514 517 520 522 524 526 528 438 440 441 443 444 445 446 446 447 447 448 448 448 448 448 447 447 446 446 445 444 443 441 440 438 436 434 432 430 428 425 422 286 283 279 275 271 267 262 257 251 245 238 231 223 223 223 223 223 138 138 138 138 138 138 138 138 138 138 138 277 277 277 277 277 277 277
363 363 363 448 448 448 448 448 456 464 470 477 482 487 492 496 501 504 508 511 514 517 520 522 525 527 529 530 532 533 443 444 445 446 447 447 448 448 448 448 448 448 448 447 447 446 445 444 443 441 440 438 437 435 433 430 428 425 422 286 283 279 276 271 267 262 257 252 245 239 231 223 223 223 223 223 138 138 138 138 138 138 138 138 138 138 138 277 277 277 277 277 277 277
363 363 363 448 448 448 448 448 457 464 471 477 482 488 492 497 501 505 508 512 515 517 520 523 525 527 529 531 532 534 535 536 537 446 447 447 448 448 448 449 448 448 448 447 448 447 446 445 444 443 441 440 438 436 434 432 429 426 424 288 284 281 277 273 268 264 258 253 247 240 233 224 224 224 224 223 138 138 138 138 138 138 138 138 138 138 138 277 277 277 277 277 277 277
363 363 363 448 448 448 448 449 457 465 471 477 483 488 493 497 501 505 508 512 515 518 520 523 525 527 529 531 533 534 535 536 537 538 539 540 449 450 450 450 450 450 449 449 448 447 446 445 444 443 442 440 438 436 434 432 429 427 424 288 284 281 277 273 269 264 259 253 247 241 233 225 224 224 224 224 139 139 139 139 139 139 139 138 138 138 138 138 277 277 277 277 277 277
364 363 363 448 448 448 448 449 458 465 472 478 483 488 493 497 501 505 509 512 515 518 521 523 525 527 529 531 533 534 537 538 539 540 540 541 541 542 542 450 450 450 449 449 448 448 447 446 445 443 442 440 438 436 434 432 430 427 424 421 285 281 277 273 269 264 259 254 248 241 234 225 224 224 224 224 139 139 139 139 139 139 139 139 139 139 139 139 278 277 277 277 277 277
364 363 363 448 448 448 448 450 458 465 472 478 484 489 493 498 502 506 509 512 515 518 521 523 526 529 531 532 534 535 537 538 539 540 541 541 542 542 542 542 542 450 450 449 449 448 447 446 445 443 442 440 439 437 435 432 430 427 424 421 285 282 278 274 269 265 260 254 248 241 234 226 224 224 224 224 139 139 139 139 139 139 139 139 139 139 139 139 278 278 278 278 278 278
364 363 363 448 448 448 448 450 459 466 472 478 484 489 494 498 502 506 509 513 516 520 522 525 527 529 531 533 534 536 537 538 539 540 541 541 542 542 542 542 542 542 542 541 449 448 447 446 445 444 442 441 439 437 435 433 430 428 425 422 285 282 278 274 270 265 260 254 248 242 235 226 224 224 224 224 139 139 139 139 139 139 139 139 139 139 139 139 278 278 278 278 278 278
364 363 363 448 448 448 448 451 459 466 473 479 484 489 494 498 502 507 511 514 517 520 522 525 527 529 531 533 535 536 537 538 539 540 541 542 542 542 543 543 543 542 542 542 541 540 539 446 445 444 443 441 439 437 435 433 430 428 425 422 286 282 278 274 270 265 260 255 249 242 235 227 224 224 224 224 139 139 139 139 139 139 139 139 139 139 139 139 278 278 278 278 278 278
364 363 363 448 448 448 448 451 459 467 473 479 485 490 495 500 504 507 511 514 517 520 523 525 527 529 531 533 535 536 537 539 540 541 541 542 542 543 543 543 543 543 542 542 541 541 540 539 537 444 443 441 439 437 435 433 431 428 425 422 286 282 279 275 270 266 261 255 249 243 235 227 224 224 224 224 139 139 139 139 139 139 139 139 139 139 139 139 139 278 278 278 278 278
364 363 363 448 448 448 448 452 460 467 473 480 486 491 496 500 504 508 511 514 517 520 523 525 528 530 532 533 535 536 538 539 540 541 542 542 543 543 543 543 543 543 543 542 542 541 540 539 538 536 535 533 440 438 436 433 431 428 425 422 286 283 279 275 271 266 261 255 249 243 236 228 224 224 224 224 139 139 139 139 139 139 139 139 139 139 139 139 139 278 278 278 278 278
364 363 363 448 448 448 448 452 461 468 475 481 486 491 496 500 504 508 511 515 518 521 523 526 528 530 532 534 535 537 538 539 540 541 542 542 543 543 543 543 543 543 543 542 542 541 540 539 538 537 535 534 532 530 436 434 431 429 426 423 286 283 279 275 271 266 261 256 250 243 236 228 224 224 224 224 139 139 139 139 139 139 139 139 139 139 139 139 139 278 278 278 278 278
364 363 363 448 448 449 449 454 462 469 475 481 487 492 496 500 505 508 512 515 518 521 523 526 528 530 532 534 535 537 538 539 540 541 542 543 543 543 544 544 544 543 543 543 542 541 540 539 538 537 535 534 532 530 528 526 523 429 426 423 287 283 280 275 271 267 262 256 250 244 237 229 224 224 224 224 139 139 139 139 139 139 139 139 139 139 139 139 139 278 278 278 278 278
365 363 449 449 449 449 449 454 462 469 476 481 487 492 496 501 505 509 512 515 518 521 524 526 528 530 532 534 536 537 538 540 541 541 542 543 543 544 544 544 544 544 543 543 542 541 541 540 538 537 536 534 532 530 528 526 524 521 518 423 287 284 280 276 271 267 262 256 251 244 237 229 224 224 224 224 224 139 139 139 139 139 139 139 139 139 139 139 139 139 278 278 278 278
366 365 449 449 449 449 449 455 462 469 476 482 487 492 497 501 505 509 512 515 519 521 524 526 529 531 533 534 536 537 539 540 541 542 542 543 543 544 544 544 544 544 543 543 542 542 541 540 539 537 536 534 533 531 529 526 524 521 519 515 379 284 280 276 272 267 262 257 251 244 237 230 224 224 224 224 224 139 139 139 139 139 139 139 139 139 139 139 139 139 278 278 278 278
366 365 449 449 449 449 449 455 463 470 476 482 487 492 497 501 505 509 513 516 519 522 524 527 529 531 533 535 536 538 539 540 541 542 543 543 544 544 544 544 544 544 544 543 543 542 541 540 539 538 536 535 533 531 529 527 524 522 519 516 380 376 372 276 272 267 262 257 251 245 238 230 224 224 224 224 224 139 139 139 139 139 139 139 139 139 139 139 139 139 278 278 278 278
366 365 449 449 449 449 449 455 463 470 477 482 488 493 497 502 506 509 513 516 519 522 524 527 529 531 533 535 536 538 539 540 541 542 543 543 544 544 544 544 544 544 544 543 543 542 541 540 539 538 536 535 533 531 529 527 524 522 519 516 380 376 373 369 364 360 263 257 252 245 238 230 224 224 224 224 224 139 139 139 139 139 139 139 139 139 139 139 139 139 278 278 278 278
366 365 449 449 449 449 449 456 464 471 477 483 488 493 498 502 506 510 513 516 519 522 525 527 529 531 533 535 537 538 539 540 541 542 543 544 544 544 545 545 545 544 544 544 543 542 541 540 539 538 537 535 533 531 529 527 525 522 519 516 380 377 373 369 365 360 355 350 252 246 239 231 224 224 224 224 224 139 139 139 139 139 139 139 139 139 139 139 139 139 139 278 278 278
366 365 449 449 449 449 449 456 464 471 477 483 488 493 498 502 506 510 513 516 519 522 525 527 529 532 533 535 537 538 539 541 542 542 543 544 544 545 545 545 545 545 544 544 543 542 542 541 539 538 537 535 533 532 529 527 525 522 519 516 380 377 373 369 365 360 355 350 344 338 239 231 224 224 224 224 224 139 139 139 139 139 139 139 139 139 139 139 139 139 139 278 278 278
366 365 449 449 449 449 449 457 464 471 478 483 489 494 498 502 506 510 514 517 520 522 525 527 530 532 534 535 537 538 540 541 542 543 543 544 544 545 545 545 545 545 544 544 543 543 542 541 540 538 537 535 534 532 530 527 525 522 520 517 381 377 373 369 365 361 356 350 345 338 331 324 224 224 224 224 224 139 139 139 139 139 139 139 139 139 139 139 139 139 139 278 278 278
366 365 449 449 449 449 449 457 465 472 478 484 489 494 498 503 507 510 514 517 520 523 525 528 530 532 534 536 537 539 540 541 542 543 544 544 545 545 545 545 545 545 545 544 544 543 542 541 540 539 537 536 534 532 530 528 525 523 520 517 381 377 374 370 365 361 356 351 345 339 332 324 316 316 224 224 224 139 139 139 139 139 139 139 139 139 139 139 139 139 139 139 278 278
