testData/tiles/oneDegree/grid10.0-22.0-11.0-23.0.asc
ncols   200
nrows   200
xllcorner   10.0
yllcorner   22.0
cellsize   0.005
NODATA_value   -9999.0
[rows 84 to 125 of 200, columns 94 to 187 of 200]
366 366 366 366 366 366 366 367 367 367 367 367 367 367 367 367 367 367 367 367 367 367 367 367 367 367 367 367 367 367 367 367 367 367 367 367 366 366 366 366 366 366 366 366 366 366 366 365 365 365 365 365 365 365 365 364 364 364 364 364 364 363 363 363 363 363 362 362 362 362 362 361 362 363 363 363 364 365 365 366 367 368 368 369 369 369 370 371 371 371 372 372 372 372
368 368 368 368 368 369 369 369 369 369 369 369 369 369 369 369 369 369 369 369 369 369 369 369 369 369 369 369 369 369 369 369 369 369 369 369 369 369 368 368 368 368 368 368 368 368 368 368 368 367 367 367 367 367 367 367 366 366 366 366 366 366 365 365 365 365 365 364 364 364 364 364 363 364 365 365 365 366 367 368 368 369 370 370 370 371 371 372 372 372 373 373 373 374
370 370 370 370 370 371 371 371 371 371 371 371 371 371 371 371 371 371 371 371 371 371 371 371 371 371 371 371 371 371 371 371 371 371 371 371 371 371 370 370 370 370 370 370 370 370 370 370 370 369 369 369 369 369 369 369 369 368 368 368 368 368 368 367 367 367 367 367 366 366 366 366 366 365 366 367 367 367 368 369 370 370 371 371 371 372 373 373 373 374 375 374 375 375
372 372 372 372 372 372 373 373 373 373 373 373 373 373 373 373 373 373 373 373 373 373 373 373 373 373 373 373 373 373 373 373 373 373 373 373 373 372 372 372 372 372 372 372 372 372 372 372 372 371 371 371 371 371 371 371 371 370 370 370 370 370 370 369 369 369 369 369 369 368 368 368 368 367 367 368 368 369 369 370 371 372 372 372 373 373 374 374 375 375 375 376 376 376
374 374 374 374 374 374 374 374 375 375 375 375 375 375 375 375 375 375 375 375 375 375 375 375 375 375 375 375 375 375 375 375 375 375 375 374 374 374 374 374 374 374 374 374 374 374 374 374 373 373 373 373 373 373 373 373 373 372 372 372 372 372 372 371 371 371 371 371 371 370 370 370 370 370 369 369 369 370 370 371 372 373 372 373 374 375 374 375 376 376 376 377 376 377
376 376 376 376 376 376 376 376 376 376 376 376 377 377 377 377 377 377 377 377 377 377 377 377 377 377 377 377 377 377 377 376 376 376 376 376 376 376 376 376 376 376 376 376 376 376 376 375 375 375 375 375 375 375 375 375 374 374 374 374 374 374 374 373 373 373 373 373 372 372 372 372 372 371 371 371 371 371 371 372 373 374 373 374 375 376 375 376 377 377 377 378 378 378
378 378 378 378 378 378 378 378 378 378 378 378 378 378 378 378 378 378 378 378 378 378 378 378 378 378 378 378 378 378 378 378 378 378 378 378 378 378 378 378 378 378 378 378 377 377 377 377 377 377 377 377 377 377 376 376 376 376 376 376 376 376 375 375 375 375 375 375 374 374 374 374 374 373 373 373 373 373 372 373 374 374 374 375 376 376 376 377 377 378 378 378 379 378
379 379 380 380 380 380 380 380 380 380 380 380 380 380 380 380 380 380 380 380 380 380 380 380 380 380 380 380 380 380 380 380 380 380 380 380 380 380 380 380 380 379 379 379 379 379 379 379 379 379 379 379 378 378 378 378 378 378 378 378 377 377 377 377 377 377 377 376 376 376 376 376 375 375 375 375 375 374 374 374 375 375 375 376 377 377 377 378 378 379 378 379 380 379
381 381 381 381 381 381 381 381 382 382 382 382 382 382 382 382 382 382 382 382 382 382 382 382 382 382 382 382 382 382 382 382 382 382 382 381 381 381 381 381 381 381 381 381 381 381 381 381 381 380 380 380 380 380 380 380 380 380 379 379 379 379 379 379 379 378 378 378 378 378 378 377 377 377 377 377 376 376 376 376 376 375 376 377 377 377 378 378 379 379 379 380 380 380
383 383 383 383 383 383 383 383 383 383 383 383 383 383 383 383 383 383 383 383 383 383 383 383 383 383 383 383 383 383 383 383 383 383 383 383 383 383 383 383 383 383 383 383 383 382 382 382 382 382 382 382 382 382 382 381 381 381 381 381 381 381 381 380 380 380 380 380 380 379 379 379 379 379 379 378 378 378 378 378 377 377 377 378 377 378 379 379 379 379 380 381 380 381
384 384 384 384 385 385 385 385 385 385 385 385 385 385 385 385 385 385 385 385 385 385 385 385 385 385 385 385 385 385 385 385 385 385 385 385 385 385 385 384 384 384 384 384 384 384 384 384 384 384 384 384 383 383 383 383 383 383 383 383 382 382 382 382 382 382 382 381 381 381 381 381 381 380 380 380 380 380 379 379 379 379 379 378 378 379 379 379 380 380 381 380 381 381
386 386 386 386 386 386 386 386 386 386 386 386 386 386 386 386 386 387 387 387 387 387 387 387 387 387 386 386 386 386 386 386 386 386 386 386 386 386 386 386 386 386 386 386 386 386 386 385 385 385 385 385 385 385 385 385 385 384 384 384 384 384 384 384 384 383 383 383 383 383 383 382 382 382 382 382 382 381 381 381 381 381 380 380 380 380 379 380 380 381 381 381 382 382
387 387 387 388 388 388 388 388 388 388 388 388 388 388 388 388 388 388 388 388 388 388 388 388 388 388 388 388 388 388 388 388 388 388 388 388 388 388 388 388 387 387 387 387 387 387 387 387 387 387 387 387 387 386 386 386 386 386 386 386 386 385 385 385 385 385 385 385 384 384 384 384 384 384 383 383 383 383 383 383 382 382 382 382 382 381 381 381 381 381 381 382 382 382
389 389 389 389 389 389 389 389 389 389 389 389 389 389 389 389 389 389 389 390 390 390 390 390 389 389 389 389 389 389 389 389 389 389 389 389 389 389 389 389 389 389 389 389 389 389 389 388 388 388 388 388 388 388 388 388 388 387 387 387 387 387 387 387 387 386 386 386 386 386 386 386 385 385 385 385 385 385 384 384 384 384 384 383 383 383 383 382 382 382 382 383 382 383
390 390 390 390 391 391 391 391 391 391 391 391 391 391 391 391 391 391 391 391 391 391 391 391 391 391 391 391 391 391 391 391 391 391 391 391 391 391 391 390 390 390 390 390 390 390 390 390 390 390 390 390 389 389 389 389 389 389 389 389 389 388 388 388 388 388 388 388 388 387 387 387 387 387 387 386 386 386 386 386 385 385 385 385 385 384 384 384 384 384 383 383 383 383
392 392 392 392 392 392 392 392 392 392 392 392 392 392 392 392 392 392 392 392 392 392 392 392 392 392 392 392 392 392 392 392 392 392 392 392 392 392 392 392 392 392 392 392 392 391 391 391 391 391 391 391 391 391 391 391 391 390 390 390 390 390 390 390 390 389 389 389 389 389 389 389 388 388 388 388 388 388 387 387 387 387 387 386 386 386 386 386 385 385 385 385 384 384
393 393 393 393 393 393 393 393 393 394 394 394 394 394 394 394 394 394 394 394 394 394 394 394 394 394 394 394 394 394 394 394 394 394 393 393 393 393 393 393 393 393 393 393 393 393 393 393 393 393 392 392 392 392 392 392 392 392 392 392 391 391 391 391 391 391 391 391 390 390 390 390 390 390 390 389 389 389 389 389 388 388 388 388 388 388 387 387 387 387 386 386 386 386
394 395 395 395 395 395 395 395 395 395 395 395 395 395 395 395 395 395 395 395 395 395 395 395 395 395 395 395 395 395 395 395 395 395 395 395 395 395 395 395 395 395 394 394 394 394 394 394 394 394 394 394 394 394 394 393 393 393 393 393 393 393 393 393 392 392 392 392 392 392 392 391 391 391 391 391 391 390 390 390 390 390 390 389 389 389 389 389 388 388 388 388 387 387
396 396 396 396 396 396 396 396 396 396 396 396 396 396 396 396 396 396 396 396 396 396 396 396 396 396 396 396 396 396 396 396 396 396 396 396 396 396 396 396 396 396 396 396 396 396 396 395 395 395 395 395 395 395 395 395 395 395 394 394 394 394 394 394 394 394 393 393 393 393 393 393 393 392 392 392 392 392 392 391 391 391 391 391 391 390 390 390 390 390 389 389 389 389
397 397 397 397 397 397 397 397 397 398 398 398 398 398 398 398 398 398 398 398 398 398 398 398 398 398 398 398 398 398 398 398 398 398 397 397 397 397 397 397 397 397 397 397 397 397 397 397 397 397 397 396 396 396 396 396 396 396 396 396 396 395 395 395 395 395 395 395 395 394 394 394 394 394 394 394 393 393 393 393 393 393 392 392 392 392 392 391 391 391 391 391 390 390
398 398 398 399 399 399 399 399 399 399 399 399 399 399 399 399 399 399 399 399 399 399 399 399 399 399 399 399 399 399 399 399 399 399 399 399 399 399 399 399 398 398 398 398 398 398 398 398 398 398 398 398 398 398 397 397 397 397 397 397 397 397 397 397 396 396 396 396 396 396 396 395 395 395 395 395 395 395 394 394 394 394 394 394 393 393 393 393 393 392 392 392 392 392
400 400 400 400 400 400 400 400 400 400 400 400 400 400 400 400 400 400 400 400 400 400 400 400 400 400 400 400 400 400 400 400 400 400 400 400 400 400 400 400 400 400 400 400 400 399 399 399 399 399 399 399 399 399 399 399 399 398 398 398 398 398 398 398 398 398 397 397 397 397 397 397 397 396 396 396 396 396 396 396 395 395 395 395 395 394 394 394 394 394 394 393 393 393
401 401 401 401 401 401 401 401 401 401 401 401 401 401 401 401 401 401 401 401 401 401 401 401 401 401 401 401 401 401 401 401 401 401 401 401 401 401 401 401 401 401 401 401 401 401 401 401 400 400 400 400 400 400 400 400 400 400 400 400 399 399 399 399 399 399 399 399 398 398 398 398 398 398 398 397 397 397 397 397 397 397 396 396 396 396 396 395 395 395 395 395 394 394
402 402 402 402 402 402 402 402 402 403 403 403 403 403 403 403 403 403 403 403 403 403 403 403 403 403 403 403 403 403 403 403 403 403 402 402 402 402 402 402 402 402 402 402 402 402 402 402 402 402 402 401 401 401 401 401 401 401 401 401 401 401 400 400 400 400 400 400 400 400 399 399 399 399 399 399 399 398 398 398 398 398 398 397 397 397 397 397 397 396 396 396 396 396
403 403 403 403 404 404 404 404 404 404 404 404 404 404 404 404 404 404 404 404 404 404 404 404 404 404 404 404 404 404 404 404 404 404 404 404 404 404 404 403 403 403 403 403 403 403 403 403 403 403 403 403 403 403 402 402 402 402 402 402 402 402 402 402 401 401 401 401 401 401 401 401 400 400 400 400 400 400 400 399 399 399 399 399 399 398 398 398 398 398 397 397 397 397
404 405 405 405 405 405 405 405 405 405 405 405 405 405 405 405 405 405 405 405 405 405 405 405 405 405 405 405 405 405 405 405 405 405 405 405 405 405 405 405 405 405 404 404 404 404 404 404 404 404 404 404 404 404 404 404 403 403 403 403 403 403 403 403 403 403 402 402 402 402 402 402 402 402 401 401 401 401 401 401 400 400 400 400 400 400 399 399 399 399 399 399 398 398
406 406 406 406 406 406 406 406 406 406 406 406 406 406 406 406 406 406 406 406 406 406 406 406 406 406 406 406 406 406 406 406 406 406 406 406 406 406 406 406 406 406 406 406 406 405 405 405 405 405 405 405 405 405 405 405 405 405 404 404 404 404 404 404 404 404 404 403 403 403 403 403 403 403 403 402 402 402 402 402 402 402 401 401 401 401 401 400 400 400 400 400 400 399
407 407 407 407 407 407 407 407 407 407 407 407 407 407 407 407 407 407 407 407 407 407 407 407 407 407 407 407 407 407 407 407 407 407 407 407 407 407 407 407 407 407 407 407 407 407 407 406 406 406 406 406 406 406 406 406 406 406 406 406 405 405 405 405 405 405 405 405 405 404 404 404 404 404 404 404 403 403 403 403 403 403 403 402 402 402 402 402 402 401 401 401 401 401
408 408 408 408 408 408 408 408 408 408 408 408 408 408 408 408 408 408 408 408 408 408 408 408 408 408 408 408 408 408 408 408 408 408 408 408 408 408 408 408 408 408 408 408 408 408 408 408 408 407 407 407 407 407 407 407 407 407 407 407 407 406 406 406 406 406 406 406 406 406 405 405 405 405 405 405 405 404 404 404 404 404 404 404 403 403 403 403 403 403 402 402 402 402
409 409 409 409 409 409 409 409 409 409 409 409 409 409 410 410 410 410 410 410 410 410 410 410 410 410 410 410 410 409 409 409 409 409 409 409 409 409 409 409 409 409 409 409 409 409 409 409 409 409 409 408 408 408 408 408 408 408 408 408 408 408 407 407 407 407 407 407 407 407 407 406 406 406 406 406 406 406 405 405 405 405 405 405 405 404 404 404 404 404 404 403 403 403
410 410 410 410 410 410 410 410 410 410 411 411 411 411 411 411 411 411 411 411 411 411 411 411 411 411 411 411 411 411 411 411 411 410 410 410 410 410 410 410 410 410 410 410 410 410 410 410 410 410 410 410 409 409 409 409 409 409 409 409 409 409 409 408 408 408 408 408 408 408 408 408 407 407 407 407 407 407 407 406 406 406 406 406 406 406 405 405 405 405 405 405 404 404
411 411 411 411 411 411 411 411 412 412 412 412 412 412 412 412 412 412 412 412 412 412 412 412 412 412 412 412 412 412 412 412 412 412 412 411 411 411 411 411 411 411 411 411 411 411 411 411 411 411 411 411 411 410 410 410 410 410 410 410 410 410 410 410 409 409 409 409 409 409 409 409 409 408 408 408 408 408 408 408 407 407 407 407 407 407 407 406 406 406 406 406 405 405
412 412 412 412 412 412 413 413 413 413 413 413 413 413 413 413 413 413 413 413 413 413 413 413 413 413 413 413 413 413 413 413 413 413 413 413 413 412 412 412 412 412 412 412 412 412 412 412 412 412 412 412 412 412 411 411 411 411 411 411 411 411 411 411 411 410 410 410 410 410 410 410 410 410 409 409 409 409 409 409 409 408 408 408 408 408 408 407 407 407 407 407 407 406
413 413 413 413 413 414 414 414 414 414 414 414 414 414 414 414 414 414 414 414 414 414 414 414 414 414 414 414 414 414 414 414 414 414 414 414 414 414 413 413 413 413 413 413 413 413 413 413 413 413 413 413 413 413 413 412 412 412 412 412 412 412 412 412 412 412 411 411 411 411 411 411 411 411 410 410 410 410 410 410 410 409 409 409 409 409 409 409 408 408 408 408 408 408
414 414 414 414 415 415 415 415 415 415 415 415 415 415 415 415 415 415 415 415 415 415 415 415 415 415 415 415 415 415 415 415 415 415 415 415 415 415 415 414 414 414 414 414 414 414 414 414 414 414 414 414 414 414 414 413 413 413 413 413 413 413 413 413 413 413 412 412 412 412 412 412 412 412 412 411 411 411 411 411 411 411 410 410 410 410 410 410 409 409 409 409 409 409
415 415 415 415 416 416 416 416 416 416 416 416 416 416 416 416 416 416 416 416 416 416 416 416 416 416 416 416 416 416 416 416 416 416 416 416 416 416 416 415 415 415 415 415 415 415 415 415 415 415 415 415 415 415 415 415 414 414 414 414 414 414 414 414 414 414 413 413 413 413 413 413 413 413 413 412 412 412 412 412 412 412 411 411 411 411 411 411 411 410 410 410 410 410
416 416 416 416 417 417 417 417 417 417 417 417 417 417 417 417 417 417 417 417 417 417 417 417 417 417 417 417 417 417 417 417 417 417 417 417 417 417 417 416 416 416 416 416 416 416 416 416 416 416 416 416 416 416 416 416 415 415 415 415 415 415 415 415 415 415 415 414 414 414 414 414 414 414 414 413 413 413 413 413 413 413 413 412 412 412 412 412 412 411 411 411 411 411
417 417 417 417 418 418 418 418 418 418 418 418 418 418 418 418 418 418 418 418 418 418 418 418 418 418 418 418 418 418 418 418 418 418 418 418 418 418 418 417 417 417 417 417 417 417 417 417 417 417 417 417 417 417 417 417 416 416 416 416 416 416 416 416 416 416 416 415 415 415 415 415 415 415 415 414 414 414 414 414 414 414 414 413 413 413 413 413 413 412 412 412 412 412
418 418 418 418 419 419 419 419 419 419 419 419 419 419 419 419 419 419 419 419 419 419 419 419 419 419 419 419 419 419 419 419 419 419 419 419 419 419 419 418 418 418 418 418 418 418 418 418 418 418 418 418 418 418 418 418 417 417 417 417 417 417 417 417 417 417 417 416 416 416 416 416 416 416 416 415 415 415 415 415 415 415 415 414 414 414 414 414 414 413 413 413 413 413
419 419 419 419 419 420 420 420 420 420 420 420 420 420 420 420 420 420 420 420 420 420 420 420 420 420 420 420 420 420 420 420 420 420 420 420 420 420 419 419 419 419 419 419 419 419 419 419 419 419 419 419 419 419 419 418 418 418 418 418 418 418 418 418 418 418 418 417 417 417 417 417 417 417 417 416 416 416 416 416 416 416 416 415 415 415 415 415 415 415 414 414 414 414
420 420 420 420 420 420 420 421 421 421 421 421 421 421 421 421 421 421 421 421 421 421 421 421 421 421 421 421 421 421 421 421 421 421 421 421 420 420 420 420 420 420 420 420 420 420 420 420 420 420 420 420 420 420 420 419 419 419 419 419 419 419 419 419 419 419 418 418 418 418 418 418 418 418 418 417 417 417 417 417 417 417 417 416 416 416 416 416 416 416 415 415 415 415
421 421 421 421 421 421 421 421 421 422 422 422 422 422 422 422 422 422 422 422 422 422 422 422 422 422 422 422 422 422 422 422 422 422 421 421 421 421 421 421 421 421 421 421 421 421 421 421 421 421 421 421 421 421 420 420 420 420 420 420 420 420 420 420 420 420 419 419 419 419 419 419 419 419 419 418 418 418 418 418 418 418 418 417 417 417 417 417 417 416 416 416 416 416
