testData/tiles/oneDegree/grid36.0-16.0-37.0-17.0.asc
ncols   200
nrows   200
xllcorner   36.0
yllcorner   16.0
cellsize   0.005
NODATA_value   -9999.0
[rows 126 to 167 of 200, columns 0 to 93 of 200]
109 110 111 113 114 115 117 118 119 121 122 123 125 126 127 128 130 131 132 134 135 136 138 139 140 142 143 202 203 205 206 207 209 210 211 213 214 215 216 218 219 220 222 223 224 226 227 228 230 231 232 233 235 236 237 239 240 241 243 244 245 246 248 249 250 252 253 254 256 257 258 259 261 262 263 265 266 267 268 270 271 272 274 275 276 278 279 280 281 283 284 285 287 288
109 110 111 113 114 115 117 118 119 120 122 123 124 126 127 128 130 131 132 134 135 136 137 139 140 199 201 202 203 205 206 207 209 210 211 212 214 215 216 218 219 220 222 223 224 225 227 228 229 231 232 233 235 236 237 238 240 241 242 244 245 246 248 249 250 251 253 254 255 257 258 259 260 262 263 264 266 267 268 270 271 272 273 275 276 277 279 280 281 282 284 285 286 287
109 110 111 112 114 115 116 118 119 120 122 123 124 126 127 128 129 131 132 133 135 136 137 139 198 199 201 202 203 204 206 207 208 210 211 212 214 215 216 217 219 220 221 223 224 225 227 228 229 230 232 233 234 236 237 238 240 241 242 243 245 246 247 249 250 251 252 254 255 256 258 259 260 262 263 264 265 267 268 269 271 272 273 274 276 277 278 280 281 282 283 285 286 287
108 110 111 112 114 115 116 118 119 120 121 123 124 125 127 128 129 131 132 133 135 136 195 196 198 199 200 202 203 204 206 207 208 209 211 212 213 215 216 217 219 220 221 222 224 225 226 228 229 230 232 233 234 235 237 238 239 241 242 243 244 246 247 248 250 251 252 254 255 256 257 259 260 261 263 264 265 266 268 269 270 272 273 274 275 277 278 279 280 282 283 284 286 287
108 110 111 112 113 115 116 117 119 120 121 123 124 125 127 128 129 130 132 133 134 194 195 196 198 199 200 201 203 204 205 207 208 209 211 212 213 214 216 217 218 220 221 222 224 225 226 227 229 230 231 233 234 235 236 238 239 240 242 243 244 246 247 248 249 251 252 253 255 256 257 258 260 261 262 264 265 266 267 269 270 271 272 274 275 276 278 279 280 281 283 284 285 286
108 109 111 112 113 115 116 117 119 120 121 122 124 125 126 128 129 130 132 191 192 193 195 196 197 199 200 201 203 204 205 206 208 209 210 212 213 214 216 217 218 219 221 222 223 225 226 227 228 230 231 232 234 235 236 238 239 240 241 243 244 245 247 248 249 250 252 253 254 256 257 258 259 261 262 263 265 266 267 268 270 271 272 273 275 276 277 279 280 281 282 284 285 286
108 109 111 112 113 114 116 117 118 120 121 122 124 125 126 127 129 130 189 191 192 193 195 196 197 198 200 201 202 204 205 206 208 209 210 211 213 214 215 217 218 219 221 222 223 224 226 227 228 230 231 232 233 235 236 237 239 240 241 242 244 245 246 248 249 250 251 253 254 255 257 258 259 260 262 263 264 265 267 268 269 271 272 273 274 276 277 278 279 281 282 283 284 286
108 109 110 112 113 114 116 117 118 119 121 122 123 125 126 127 187 188 189 190 192 193 194 196 197 198 200 201 202 203 205 206 207 209 210 211 213 214 215 216 218 219 220 222 223 224 225 227 228 229 231 232 233 234 236 237 238 240 241 242 243 245 246 247 249 250 251 252 254 255 256 258 259 260 261 263 264 265 266 268 269 270 271 273 274 275 277 278 279 280 282 283 284 285
108 109 110 111 113 114 115 117 118 119 121 122 123 124 126 185 186 188 189 190 192 193 194 195 197 198 199 201 202 203 205 206 207 208 210 211 212 214 215 216 217 219 220 221 223 224 225 226 228 229 230 232 233 234 235 237 238 239 241 242 243 244 246 247 248 250 251 252 253 255 256 257 258 260 261 262 264 265 266 267 269 270 271 272 274 275 276 277 279 280 281 282 284 285
107 109 110 111 113 114 115 116 118 119 120 122 123 124 184 185 186 187 189 190 191 193 194 195 197 198 199 200 202 203 204 206 207 208 209 211 212 213 215 216 217 218 220 221 222 224 225 226 227 229 230 231 233 234 235 236 238 239 240 242 243 244 245 247 248 249 250 252 253 254 256 257 258 259 261 262 263 264 266 267 268 269 271 272 273 274 276 277 278 279 281 282 283 284
107 108 110 111 112 114 115 116 118 119 120 121 181 182 183 185 186 187 189 190 191 192 194 195 196 198 199 200 201 203 204 205 207 208 209 210 212 213 214 216 217 218 219 221 222 223 225 226 227 228 230 231 232 234 235 236 237 239 240 241 243 244 245 246 248 249 250 251 253 254 255 256 258 259 260 262 263 264 265 267 268 269 270 272 273 274 275 277 278 279 280 281 283 284
107 108 110 111 112 113 115 116 117 119 120 179 181 182 183 184 186 187 188 190 191 192 193 195 196 197 199 200 201 202 204 205 206 208 209 210 211 213 214 215 217 218 219 220 222 223 224 226 227 228 229 231 232 233 235 236 237 238 240 241 242 243 245 246 247 249 250 251 252 254 255 256 257 259 260 261 262 264 265 266 267 269 270 271 272 274 275 276 277 279 280 281 282 283
107 108 109 111 112 113 115 116 117 118 178 179 180 182 183 184 185 187 188 189 191 192 193 194 196 197 198 200 201 202 204 205 206 207 209 210 211 212 214 215 216 218 219 220 221 223 224 225 227 228 229 230 232 233 234 235 237 238 239 241 242 243 244 246 247 248 249 251 252 253 254 256 257 258 259 261 262 263 264 266 267 268 269 271 272 273 274 276 277 278 279 281 282 283
107 108 109 110 112 113 114 116 175 176 177 179 180 181 183 184 185 186 188 189 190 192 193 194 196 197 198 199 201 202 203 205 206 207 208 210 211 212 213 215 216 217 219 220 221 222 224 225 226 228 229 230 231 233 234 235 236 238 239 240 241 243 244 245 247 248 249 250 252 253 254 255 257 258 259 260 262 263 264 265 267 268 269 270 271 273 274 275 276 278 279 280 281 282
106 108 109 110 111 113 114 173 175 176 177 178 180 181 182 184 185 186 188 189 190 191 193 194 195 197 198 199 200 202 203 204 206 207 208 209 211 212 213 214 216 217 218 220 221 222 223 225 226 227 228 230 231 232 234 235 236 237 239 240 241 242 244 245 246 247 249 250 251 252 254 255 256 257 259 260 261 262 264 265 266 267 269 270 271 272 273 275 276 277 278 280 281 282
106 107 109 110 111 113 172 173 174 176 177 178 180 181 182 183 185 186 187 189 190 191 192 194 195 196 198 199 200 201 203 204 205 206 208 209 210 212 213 214 215 217 218 219 221 222 223 224 226 227 228 229 231 232 233 234 236 237 238 239 241 242 243 245 246 247 248 250 251 252 253 255 256 257 258 259 261 262 263 264 266 267 268 269 271 272 273 274 275 277 278 279 280 281
106 107 108 110 169 170 172 173 174 175 177 178 179 181 182 183 184 186 187 188 190 191 192 193 195 196 197 199 200 201 202 204 205 206 207 209 210 211 213 214 215 216 218 219 220 221 223 224 225 227 228 229 230 232 233 234 235 237 238 239 240 242 243 244 245 247 248 249 250 252 253 254 255 257 258 259 260 261 263 264 265 266 268 269 270 271 272 274 275 276 277 278 280 281
106 107 108 167 169 170 171 173 174 175 176 178 179 180 182 183 184 185 187 188 189 191 192 193 194 196 197 198 199 201 202 203 205 206 207 208 210 211 212 213 215 216 217 219 220 221 222 224 225 226 227 229 230 231 232 234 235 236 237 239 240 241 242 244 245 246 247 249 250 251 252 254 255 256 257 259 260 261 262 263 265 266 267 268 269 271 272 273 274 275 277 278 279 280
105 107 166 167 168 170 171 172 174 175 176 177 179 180 181 183 184 185 186 188 189 190 191 193 194 195 197 198 199 200 202 203 204 206 207 208 209 211 212 213 214 216 217 218 219 221 222 223 225 226 227 228 230 231 232 233 235 236 237 238 240 241 242 243 245 246 247 248 249 251 252 253 254 256 257 258 259 261 262 263 264 265 267 268 269 270 271 273 274 275 276 277 278 280
105 164 166 167 168 169 171 172 173 175 176 177 178 180 181 182 184 185 186 187 189 190 191 192 194 195 196 198 199 200 201 203 204 205 206 208 209 210 212 213 214 215 217 218 219 220 222 223 224 225 227 228 229 230 232 233 234 235 237 238 239 240 242 243 244 245 247 248 249 250 251 253 254 255 256 258 259 260 261 262 264 265 266 267 268 270 271 272 273 274 276 277 278 279
163 164 165 167 168 169 170 172 173 174 176 177 178 179 181 182 183 184 186 187 188 190 191 192 193 195 196 197 198 200 201 202 204 205 206 207 209 210 211 212 214 215 216 217 219 220 221 222 224 225 226 227 229 230 231 232 234 235 236 237 239 240 241 242 244 245 246 247 249 250 251 252 253 255 256 257 258 259 261 262 263 264 265 267 268 269 270 271 273 274 275 276 277 278
162 164 165 166 168 169 170 171 173 174 175 177 178 179 180 182 183 184 185 187 188 189 191 192 193 194 196 197 198 199 201 202 203 204 206 207 208 210 211 212 213 215 216 217 218 220 221 222 223 225 226 227 228 230 231 232 233 235 236 237 238 239 241 242 243 244 246 247 248 249 250 252 253 254 255 257 258 259 260 261 263 264 265 266 267 268 270 271 272 273 274 275 277 278
162 163 165 166 167 169 170 171 172 174 175 176 177 179 180 181 183 184 185 186 188 189 190 191 193 194 195 197 198 199 200 202 203 204 205 207 208 209 210 212 213 214 215 217 218 219 220 222 223 224 225 227 228 229 230 232 233 234 235 237 238 239 240 241 243 244 245 246 248 249 250 251 252 254 255 256 257 258 260 261 262 263 264 266 267 268 269 270 271 273 274 275 276 277
162 163 164 166 167 168 169 171 172 173 175 176 177 178 180 181 182 183 185 186 187 189 190 191 192 194 195 196 197 199 200 201 202 204 205 206 207 209 210 211 213 214 215 216 218 219 220 221 222 224 225 226 227 229 230 231 232 234 235 236 237 239 240 241 242 243 245 246 247 248 249 251 252 253 254 255 257 258 259 260 261 263 264 265 266 267 268 270 271 272 273 274 275 277
162 163 164 165 167 168 169 170 172 173 174 176 177 178 179 181 182 183 184 186 187 188 189 191 192 193 195 196 197 198 200 201 202 203 205 206 207 208 210 211 212 213 215 216 217 218 220 221 222 223 225 226 227 228 229 231 232 233 234 236 237 238 239 240 242 243 244 245 247 248 249 250 251 253 254 255 256 257 258 260 261 262 263 264 266 267 268 269 270 271 272 274 275 276
161 162 164 165 166 168 169 170 171 173 174 175 176 178 179 180 182 183 184 185 187 188 189 190 192 193 194 195 197 198 199 200 202 203 204 205 207 208 209 210 212 213 214 215 217 218 219 220 222 223 224 225 227 228 229 230 231 233 234 235 236 238 239 240 241 242 244 245 246 247 248 250 251 252 253 254 256 257 258 259 260 261 263 264 265 266 267 268 269 271 272 273 274 275
161 162 163 165 166 167 169 170 171 172 174 175 176 177 179 180 181 182 184 185 186 187 189 190 191 193 194 195 196 198 199 200 201 203 204 205 206 208 209 210 211 212 214 215 216 217 219 220 221 222 224 225 226 227 229 230 231 232 233 235 236 237 238 239 241 242 243 244 245 247 248 249 250 251 253 254 255 256 257 258 260 261 262 263 264 265 267 268 269 270 271 272 273 274
161 162 163 164 166 167 168 169 171 172 173 174 176 177 178 180 181 182 183 185 186 187 188 190 191 192 193 195 196 197 198 200 201 202 203 205 206 207 208 210 211 212 213 215 216 217 218 219 221 222 223 224 226 227 228 229 230 232 233 234 235 237 238 239 240 241 243 244 245 246 247 248 250 251 252 253 254 256 257 258 259 260 261 262 264 265 266 267 268 269 270 272 273 274
160 161 163 164 165 167 168 169 170 172 173 174 175 177 178 179 180 182 183 184 185 187 188 189 190 192 193 194 195 197 198 199 200 202 203 204 205 207 208 209 210 212 213 214 215 217 218 219 220 221 223 224 225 226 228 229 230 231 232 234 235 236 237 238 240 241 242 243 244 246 247 248 249 250 251 253 254 255 256 257 258 260 261 262 263 264 265 266 267 269 270 271 272 273
160 161 162 164 165 166 167 169 170 171 172 174 175 176 178 179 180 181 183 184 185 186 188 189 190 191 193 194 195 196 198 199 200 201 203 204 205 206 207 209 210 211 212 214 215 216 217 219 220 221 222 223 225 226 227 228 229 231 232 233 234 235 237 238 239 240 241 243 244 245 246 247 248 250 251 252 253 254 255 257 258 259 260 261 262 263 265 266 267 268 269 270 271 272
159 161 162 163 165 166 167 168 170 171 172 173 175 176 177 178 180 181 182 183 185 186 187 188 190 191 192 193 195 196 197 198 200 201 202 203 205 206 207 208 209 211 212 213 214 216 217 218 219 220 222 223 224 225 227 228 229 230 231 233 234 235 236 237 238 240 241 242 243 244 246 247 248 249 250 251 253 254 255 256 257 258 259 261 262 263 264 265 266 267 268 269 270 272
159 160 162 163 164 165 167 168 169 170 172 173 174 175 177 178 179 180 182 183 184 185 187 188 189 190 192 193 194 195 197 198 199 200 202 203 204 205 207 208 209 210 211 213 214 215 216 218 219 220 221 222 224 225 226 227 228 230 231 232 233 234 236 237 238 239 240 241 243 244 245 246 247 248 250 251 252 253 254 255 256 258 259 260 261 262 263 264 265 266 268 269 270 271
159 160 161 163 164 165 166 168 169 170 171 173 174 175 176 178 179 180 181 183 184 185 186 188 189 190 191 193 194 195 196 197 199 200 201 202 204 205 206 207 208 210 211 212 213 215 216 217 218 219 221 222 223 224 225 227 228 229 230 231 233 234 235 236 237 238 240 241 242 243 244 245 247 248 249 250 251 252 254 255 256 257 258 259 260 261 262 264 265 266 267 268 269 270
158 160 161 162 163 165 166 167 168 170 171 172 173 175 176 177 178 180 181 182 183 185 186 187 188 190 191 192 193 195 196 197 198 199 201 202 203 204 206 207 208 209 210 212 213 214 215 216 218 219 220 221 223 224 225 226 227 228 230 231 232 233 234 236 237 238 239 240 241 243 244 245 246 247 248 249 251 252 253 254 255 256 257 258 260 261 262 263 264 265 266 267 268 269
158 159 161 162 163 164 166 167 168 169 171 172 173 174 176 177 178 179 180 182 183 184 185 187 188 189 190 192 193 194 195 197 198 199 200 201 203 204 205 206 208 209 210 211 212 214 215 216 217 218 220 221 222 223 224 226 227 228 229 230 231 233 234 235 236 237 238 240 241 242 243 244 245 247 248 249 250 251 252 253 254 255 257 258 259 260 261 262 263 264 265 266 267 268
158 159 160 161 163 164 165 166 168 169 170 171 173 174 175 176 178 179 180 181 183 184 185 186 187 189 190 191 192 194 195 196 197 198 200 201 202 203 205 206 207 208 209 211 212 213 214 215 217 218 219 220 221 223 224 225 226 227 228 230 231 232 233 234 236 237 238 239 240 241 242 244 245 246 247 248 249 250 251 253 254 255 256 257 258 259 260 261 262 263 265 266 267 268
157 158 160 161 162 163 165 166 167 168 170 171 172 173 175 176 177 178 180 181 182 183 185 186 187 188 189 191 192 193 194 196 197 198 199 200 202 203 204 205 206 208 209 210 211 212 214 215 216 217 218 220 221 222 223 224 226 227 228 229 230 231 233 234 235 236 237 238 239 241 242 243 244 245 246 247 249 250 251 252 253 254 255 256 257 258 259 261 262 263 264 265 266 267
157 158 159 161 162 163 164 166 167 168 169 170 172 173 174 175 177 178 179 180 182 183 184 185 187 188 189 190 191 193 194 195 196 197 199 200 201 202 204 205 206 207 208 210 211 212 213 214 216 217 218 219 220 221 223 224 225 226 227 228 230 231 232 233 234 235 237 238 239 240 241 242 243 244 246 247 248 249 250 251 252 253 254 256 257 258 259 260 261 262 263 264 265 266
156 158 159 160 161 163 164 165 166 168 169 170 171 173 174 175 176 177 179 180 181 182 184 185 186 187 188 190 191 192 193 195 196 197 198 199 201 202 203 204 205 207 208 209 210 211 213 214 215 216 217 219 220 221 222 223 224 226 227 228 229 230 231 232 234 235 236 237 238 239 240 242 243 244 245 246 247 248 249 250 252 253 254 255 256 257 258 259 260 261 262 263 264 265
156 157 158 160 161 162 163 165 166 167 168 170 171 172 173 175 176 177 178 179 181 182 183 184 186 187 188 189 190 192 193 194 195 196 198 199 200 201 202 204 205 206 207 208 210 211 212 213 214 216 217 218 219 220 221 223 224 225 226 227 228 230 231 232 233 234 235 236 238 239 240 241 242 243 244 245 246 248 249 250 251 252 253 254 255 256 257 258 259 260 261 262 263 264
156 157 158 159 160 162 163 164 165 167 168 169 170 172 173 174 175 177 178 179 180 181 183 184 185 186 187 189 190 191 192 194 195 196 197 198 200 201 202 203 204 206 207 208 209 210 211 213 214 215 216 217 218 220 221 222 223 224 225 227 228 229 230 231 232 233 235 236 237 238 239 240 241 242 243 245 246 247 248 249 250 251 252 253 254 255 256 257 258 259 261 262 263 264
155 156 158 159 160 161 163 164 165 166 167 169 170 171 172 174 175 176 177 178 180 181 182 183 185 186 187 188 189 191 192 193 194 195 197 198 199 200 201 203 204 205 206 207 209 210 211 212 213 214 216 217 218 219 220 221 223 224 225 226 227 228 229 231 232 233 234 235 236 237 238 239 241 242 243 244 245 246 247 248 249 250 251 252 253 255 256 257 258 259 260 261 262 263
