testData/tiles/oneDegree/grid38.0-39.0-39.0-40.0.asc
ncols   200
nrows   200
xllcorner   38.0
yllcorner   39.0
cellsize   0.005
NODATA_value   -9999.0
[rows 42 to 83 of 200, columns 94 to 187 of 200]
789 790 792 794 794 796 1000 1001 1003 1004 1005 1007 1008 1009 1011 1011 1012 1014 1016 1016 1016 1020 1020 1021 1022 1023 1024 1025 1025 1027 1028 1029 1031 1032 1032 1033 1034 1035 1035 1036 1038 1039 1039 1039 1041 1042 1042 1042 1044 1045 1044 1045 1047 1047 1048 1049 1049 1050 1050 1050 1051 1052 1053 1052 1054 1054 1054 1054 1054 1055 1055 1057 1056 1059 1059 1058 1059 1059 1060 1060 943 944 945 944 945 945 944 946 945 946 946 946 947 947
789 790 791 793 794 795 1000 1001 1002 1005 1005 1005 1007 1009 1010 1011 1012 1013 1014 1015 1018 1019 1018 1020 1022 1023 1023 1025 1025 1026 1028 1030 1030 1031 1031 1033 1033 1034 1035 1036 1036 1038 1039 1040 1040 1040 1042 1044 1043 1044 1045 1045 1045 1047 1048 1049 1049 1049 1049 1050 1051 1050 1051 1053 1053 1053 1054 1054 1054 1056 1055 1057 1057 1056 1057 1057 1058 1058 1059 943 944 945 944 944 944 945 945 945 945 945 946 946 945 946
788 789 791 792 794 795 999 1000 1002 1003 1005 1006 1007 1008 1009 1011 1011 1013 1014 1015 1017 1018 1020 1020 1021 1022 1023 1024 1026 1026 1028 1028 1029 1030 1031 1032 1032 1034 1035 1035 1037 1038 1038 1039 1040 1041 1041 1041 1042 1044 1044 1045 1046 1047 1047 1047 1047 1049 1050 1049 1050 1051 1052 1051 1052 1052 1053 1054 1055 1055 1056 1057 1056 1056 1058 1057 1058 1058 941 943 942 942 943 943 944 944 943 944 945 945 946 945 946 947
788 789 790 792 793 794 796 1001 1001 1002 1004 1005 1007 1007 1009 1010 1011 1011 1014 1016 1016 1017 1019 1019 1020 1022 1022 1023 1025 1026 1028 1027 1029 1030 1031 1031 1032 1033 1034 1036 1037 1037 1038 1037 1039 1040 1041 1040 1042 1042 1043 1044 1046 1046 1046 1046 1048 1048 1048 1049 1051 1050 1051 1051 1052 1052 1052 1053 1054 1055 1055 1055 1056 1056 1057 1057 1056 1058 942 942 942 942 943 943 942 943 944 943 944 944 944 946 945 945
787 788 791 792 791 793 795 1000 1001 1002 1004 1004 1005 1007 1008 1009 1011 1012 1013 1014 1016 1017 1018 1017 1020 1021 1021 1023 1025 1025 1026 1028 1029 1029 1029 1031 1032 1032 1034 1035 1036 1036 1037 1038 1039 1038 1040 1041 1042 1041 1044 1044 1044 1044 1047 1047 1047 1047 1049 1048 1049 1049 1050 1051 1051 1053 1052 1054 1054 1054 1054 1055 1055 1055 1056 1057 1057 942 941 941 942 942 943 942 943 944 943 944 945 945 945 945 945 945
785 788 789 790 792 793 795 795 1000 1002 1002 1003 1006 1007 1006 1009 1010 1010 1013 1015 1015 1015 1017 1019 1019 1020 1021 1023 1024 1025 1026 1027 1027 1028 1030 1030 1030 1033 1035 1034 1035 1036 1037 1036 1038 1039 1040 1039 1040 1042 1044 1043 1044 1045 1045 1045 1046 1047 1048 1048 1049 1049 1049 1050 1050 1052 1053 1053 1053 1053 1054 1054 1055 1054 1055 1056 939 940 941 940 941 941 940 943 943 943 944 944 945 945 944 945 946 945
787 787 787 789 791 793 793 795 1000 1001 1001 1003 1004 1005 1007 1008 1009 1011 1012 1013 1015 1016 1016 1017 1018 1020 1022 1023 1023 1024 1025 1027 1027 1028 1028 1029 1032 1032 1033 1033 1035 1035 1036 1036 1038 1037 1039 1039 1042 1041 1042 1042 1044 1044 1045 1045 1046 1046 1047 1046 1049 1049 1048 1050 1051 1052 1051 1052 1053 1052 1054 1054 1055 1055 1055 939 939 940 940 940 940 941 941 942 942 942 943 943 943 943 944 943 944 944
785 786 787 789 790 792 793 794 795 999 1002 1002 1003 1005 1006 1006 1009 1011 1011 1012 1014 1014 1016 1017 1018 1019 1021 1021 1023 1024 1024 1026 1026 1028 1027 1029 1030 1031 1033 1033 1034 1034 1035 1036 1037 1037 1039 1039 1040 1041 1042 1042 1043 1043 1044 1045 1046 1045 1047 1047 1047 1047 1049 1051 1050 1051 1051 1051 1052 1052 1052 1053 1053 1053 1053 939 939 939 940 939 940 941 941 941 943 942 943 942 942 944 943 943 943 944
783 784 787 787 789 791 793 794 794 999 1000 1000 1003 1004 1006 1006 1008 1010 1010 1012 1013 1014 1014 1016 1017 1019 1021 1020 1022 1022 1024 1026 1025 1026 1027 1029 1029 1030 1031 1032 1033 1034 1035 1035 1035 1037 1039 1039 1039 1040 1041 1042 1042 1043 1044 1043 1043 1045 1045 1046 1046 1049 1048 1049 1049 1049 1050 1050 1052 1052 1052 1053 1052 1053 938 937 938 938 939 939 939 940 941 940 941 941 940 942 942 941 942 941 942 943
782 785 786 788 788 789 791 793 794 795 999 1002 1001 1002 1005 1006 1008 1009 1009 1011 1012 1012 1014 1016 1016 1018 1020 1020 1021 1021 1023 1024 1024 1026 1027 1028 1029 1030 1030 1031 1033 1033 1033 1034 1036 1036 1037 1037 1040 1040 1040 1040 1042 1042 1041 1043 1044 1044 1044 1046 1046 1047 1048 1048 1049 1049 1050 1049 1051 1051 1050 1051 1052 935 937 937 938 938 939 939 939 940 940 940 940 941 941 940 941 941 941 942 942 941
781 783 784 787 787 789 791 791 792 793 999 1000 1000 1003 1004 1004 1006 1008 1008 1010 1012 1011 1013 1015 1016 1018 1018 1018 1021 1021 1022 1022 1024 1026 1026 1028 1028 1029 1029 1031 1030 1032 1032 1034 1034 1035 1038 1038 1037 1038 1039 1041 1040 1041 1042 1042 1042 1043 1046 1046 1046 1046 1047 1047 1048 1047 1049 1050 1049 1050 1050 1052 935 935 936 936 936 937 937 939 938 938 939 938 940 941 940 940 942 941 941 942 941 942
780 782 783 785 786 788 789 790 792 793 997 998 1000 1001 1003 1004 1006 1006 1007 1009 1010 1011 1012 1014 1015 1016 1016 1019 1019 1019 1021 1022 1023 1024 1025 1027 1027 1028 1028 1030 1030 1032 1031 1032 1034 1036 1035 1036 1036 1039 1038 1039 1039 1040 1040 1042 1042 1044 1044 1044 1044 1045 1046 1047 1047 1048 1048 1048 1048 1050 1049 933 934 935 936 937 936 937 938 937 938 938 938 939 939 938 939 939 939 940 939 940 941 940
779 781 782 784 786 787 787 789 791 791 793 998 999 1000 1001 1003 1004 1006 1007 1008 1009 1009 1012 1014 1014 1015 1016 1017 1018 1019 1020 1020 1022 1023 1025 1025 1026 1027 1028 1028 1029 1030 1031 1033 1033 1034 1034 1035 1036 1037 1037 1037 1039 1040 1040 1040 1042 1042 1042 1043 1045 1045 1045 1045 1046 1046 1046 1047 1048 1048 1049 932 934 934 934 935 936 935 936 936 935 937 937 937 937 939 939 939 939 939 940 940 939 940
778 779 780 783 784 785 786 789 790 789 792 996 997 999 1002 1002 1002 1005 1005 1006 1008 1010 1010 1012 1013 1014 1015 1015 1017 1018 1019 1021 1021 1022 1023 1025 1026 1026 1026 1028 1028 1029 1030 1032 1032 1033 1034 1035 1035 1035 1037 1038 1038 1037 1039 1040 1042 1041 1043 1043 1043 1043 1044 1044 1045 1046 1047 1046 1047 1047 931 932 933 933 933 935 935 935 936 936 936 937 936 937 938 937 937 938 938 938 938 938 938 939
777 778 780 781 782 783 785 786 788 789 791 792 996 998 1000 1000 1002 1004 1004 1004 1007 1008 1010 1012 1011 1013 1013 1015 1017 1017 1019 1019 1021 1021 1022 1023 1024 1024 1026 1027 1027 1030 1030 1030 1031 1033 1033 1033 1033 1035 1036 1035 1036 1037 1040 1039 1040 1041 1041 1041 1041 1044 1043 1044 1044 1044 1045 1045 1045 930 931 932 932 934 933 933 934 933 934 935 934 934 936 935 935 936 936 936 937 936 936 938 937 937
775 777 778 779 781 783 784 784 787 787 789 791 996 997 998 999 1000 1002 1003 1004 1007 1006 1009 1009 1010 1012 1013 1013 1014 1016 1018 1019 1019 1020 1021 1022 1023 1023 1024 1025 1027 1027 1028 1029 1031 1030 1031 1032 1034 1033 1034 1034 1036 1036 1038 1038 1038 1039 1039 1041 1041 1042 1042 1041 1043 1043 1043 1044 929 930 930 931 932 931 932 932 932 933 933 933 935 935 935 935 935 936 936 936 936 937 936 936 937 936
777 778 777 778 780 781 781 784 785 786 788 790 790 995 997 998 999 1002 1001 1002 1005 1006 1008 1007 1009 1011 1011 1012 1014 1015 1015 1017 1019 1019 1020 1021 1022 1022 1023 1024 1026 1026 1028 1028 1029 1029 1031 1031 1032 1032 1034 1034 1035 1036 1036 1037 1037 1039 1039 1040 1040 1039 1041 1041 1043 1042 1043 928 927 929 930 929 930 930 929 932 932 932 932 933 933 933 933 934 934 934 934 934 935 935 935 935 936 936
777 778 778 780 781 782 782 783 784 785 786 789 789 995 995 996 998 999 1000 1002 1004 1004 1005 1007 1008 1010 1009 1011 1013 1014 1015 1016 1016 1017 1020 1020 1020 1020 1023 1024 1024 1024 1027 1027 1027 1028 1030 1030 1030 1031 1031 1033 1033 1035 1035 1036 1036 1038 1038 1037 1038 1039 1040 1040 1040 1042 925 926 927 928 928 928 930 930 930 931 930 931 932 931 931 932 932 932 933 932 933 934 933 933 933 934 935 935
777 778 779 780 781 783 783 784 786 785 787 788 789 790 994 995 996 997 999 1001 1001 1003 1005 1005 1006 1006 1009 1010 1011 1013 1013 1015 1015 1016 1016 1018 1018 1020 1021 1022 1023 1024 1024 1025 1026 1027 1027 1028 1029 1030 1030 1032 1033 1034 1033 1034 1036 1036 1036 1037 1038 1037 1038 1040 1040 1040 925 925 926 926 928 927 928 929 928 928 930 929 929 930 930 930 931 930 931 932 931 932 933 933 934 935 934 935
778 780 780 781 782 783 783 785 786 786 788 790 789 790 995 995 996 996 999 999 999 1001 1003 1003 1005 1005 1007 1008 1010 1012 1011 1012 1014 1015 1015 1017 1017 1018 1020 1022 1021 1022 1023 1025 1024 1025 1026 1028 1027 1028 1031 1032 1031 1031 1033 1034 1034 1034 1036 1035 1035 1037 1038 1038 1038 923 924 924 925 925 926 927 927 926 928 928 928 928 928 929 929 929 930 931 931 931 931 932 933 933 932 932 934 933
779 780 780 782 783 784 785 786 786 787 789 790 790 792 793 995 996 998 999 1000 1001 1002 1001 1002 1004 1004 1005 1007 1008 1008 1010 1011 1011 1013 1014 1015 1016 1017 1018 1020 1020 1021 1022 1023 1023 1025 1025 1025 1026 1028 1029 1029 1030 1031 1031 1032 1032 1033 1033 1034 1034 1036 1036 1036 921 922 923 923 923 925 925 924 925 926 926 926 926 927 927 927 928 929 929 929 929 929 931 931 931 931 932 932 931 932
780 781 781 782 783 784 785 786 788 789 790 790 791 792 792 996 998 999 999 1001 1001 1002 1003 1004 1003 1004 1007 1007 1008 1007 1009 1009 1010 1011 1012 1012 1014 1016 1017 1016 1019 1019 1020 1020 1022 1022 1023 1024 1026 1026 1027 1027 1029 1029 1029 1029 1031 1032 1032 1033 1033 1034 1034 920 921 921 920 922 923 922 923 923 924 924 924 925 925 925 926 925 927 928 927 927 930 929 929 930 929 930 930 930 930 930
780 782 782 783 785 785 785 786 788 789 790 791 792 793 793 794 999 999 1001 1001 1001 1003 1003 1004 1004 1007 1006 1007 1009 1009 1010 1010 1011 1011 1012 1012 1014 1014 1015 1016 1017 1017 1018 1019 1021 1020 1021 1022 1025 1024 1025 1026 1027 1027 1028 1029 1029 1029 1031 1031 1032 1031 919 919 918 919 920 919 920 921 923 922 922 923 923 923 924 923 924 925 924 925 926 927 927 928 927 928 929 928 928 930 929 929
781 782 782 784 785 785 786 789 789 789 791 791 792 794 794 795 796 1000 1001 1001 1003 1003 1004 1004 1005 1007 1007 1009 1009 1009 1009 1011 1012 1012 1013 1014 1015 1015 1016 1016 1017 1017 1019 1018 1018 1020 1020 1021 1021 1024 1024 1024 1024 1027 1027 1026 1027 1028 1030 1029 1029 916 915 916 917 918 918 918 919 919 919 921 920 921 922 921 921 923 923 922 923 925 924 925 926 926 927 927 926 927 927 927 928 928
782 783 784 785 785 785 787 789 789 791 792 792 793 793 794 796 797 1001 1002 1002 1003 1003 1004 1005 1007 1007 1008 1009 1009 1010 1011 1011 1011 1013 1014 1015 1014 1016 1016 1017 1016 1018 1018 1019 1020 1020 1021 1022 1023 1023 1023 1023 1025 1024 1025 1025 1027 1026 1026 1028 913 914 914 915 915 915 917 917 917 918 918 918 919 920 919 920 921 921 921 921 923 923 923 923 924 924 923 924 925 924 925 925 925 927
689 690 784 785 786 787 788 790 790 791 791 793 794 794 795 797 797 798 1002 1003 1004 1004 1005 1005 1007 1008 1009 1009 1009 1011 1011 1012 1013 1013 1014 1015 1016 1017 1016 1018 1018 1019 1018 1020 1020 1022 1022 1022 1023 1023 1024 1024 1025 1025 1026 1026 1026 1027 1027 1029 913 913 914 914 915 914 915 916 916 915 917 917 916 917 918 918 918 919 920 921 921 922 922 922 923 922 922 923 923 923 923 925 925 925
691 691 691 738 739 740 742 790 791 792 793 793 794 794 797 797 798 800 1002 1003 1003 1005 1006 1007 1008 1008 1009 1009 1011 1011 1011 1012 1013 1014 1015 1015 1016 1016 1018 1018 1018 1018 1020 1020 1020 1021 1023 1023 1023 1024 1025 1025 1024 1026 1026 1027 1026 1027 1028 913 913 914 914 915 914 916 916 915 916 917 916 917 917 919 918 918 919 920 920 921 920 921 922 921 921 923 922 922 922 923 924 924 925 925
691 691 692 694 694 741 743 743 744 746 746 794 794 796 797 797 799 799 800 1004 1005 1005 1005 1008 1008 1009 1011 1010 1011 1011 1013 1013 1014 1014 1016 1016 1017 1017 1018 1018 1019 1020 1020 1020 1023 1023 1022 1023 1024 1025 1024 1025 1026 1027 1026 1026 1028 1028 913 914 914 915 914 916 916 915 916 917 917 917 917 919 918 918 919 919 920 921 920 920 922 921 921 922 923 922 923 923 924 924 925 925 926 927
690 691 693 694 694 697 698 744 746 745 746 747 748 750 751 752 753 799 800 1004 1005 1006 1008 1008 1008 1010 1010 1011 1011 1012 1012 1013 1016 1016 1016 1016 1018 1018 1019 1018 1019 1020 1020 1023 1022 1023 1023 1025 1024 1025 1025 1026 1026 1026 1028 1028 1028 913 914 915 914 915 916 915 916 916 917 917 917 918 918 918 919 918 919 921 921 920 922 922 921 922 923 922 923 923 923 925 925 925 925 927 927 927
691 693 694 694 695 697 697 699 700 746 747 749 749 750 751 752 753 754 755 755 958 960 1008 1009 1010 1011 1010 1011 1012 1013 1013 1015 1015 1016 1016 1018 1017 1018 1019 1020 1020 1020 1021 1023 1023 1024 1024 1024 1025 1026 1026 1026 1027 1028 1027 1028 913 915 914 914 915 915 916 916 916 917 917 917 917 918 919 919 918 920 921 920 921 922 921 922 922 922 923 923 923 925 925 925 926 927 927 927 928 928
692 693 694 695 697 698 699 700 699 700 748 748 750 752 752 753 753 754 755 755 757 961 961 962 963 963 964 965 1012 1013 1014 1016 1016 1017 1017 1018 1018 1020 1019 1019 1020 1021 1023 1022 1023 1024 1025 1024 1026 1026 1026 1027 1027 1028 1028 914 914 914 915 915 916 916 916 917 917 917 918 918 919 919 918 920 920 920 921 922 922 922 922 923 923 923 923 924 925 925 926 926 927 927 928 928 929 930
693 694 694 695 697 698 699 700 700 702 703 702 751 751 752 754 754 755 755 756 757 961 963 963 964 963 965 965 966 967 969 968 969 970 971 1018 1019 1019 1020 1020 1021 1022 1023 1024 1025 1024 1024 1026 1026 1026 1026 1028 1028 1027 914 914 915 914 915 916 916 916 917 917 918 917 919 919 918 919 920 920 921 921 922 922 922 922 923 923 923 924 925 925 926 926 927 928 928 928 928 930 930 930
693 695 695 697 698 699 699 700 701 702 702 705 706 706 753 753 754 755 756 757 758 759 962 963 963 965 965 965 967 967 969 969 971 970 971 972 973 973 972 974 974 976 1023 1024 1024 1025 1026 1026 1026 1026 1028 1027 1028 913 915 914 914 916 916 916 916 917 918 917 917 919 918 919 919 920 921 921 921 922 922 922 922 923 923 924 924 925 926 926 926 928 928 928 928 930 930 930 931 932
694 694 695 697 698 699 700 701 702 703 703 705 705 707 708 708 755 755 756 757 759 760 963 964 964 965 965 967 967 969 968 970 970 971 972 972 972 973 974 975 975 977 977 978 977 978 979 979 981 980 981 1028 913 914 914 915 916 915 916 916 918 917 917 919 918 919 919 920 920 920 921 922 922 922 923 923 923 924 924 925 926 926 926 928 928 928 929 929 930 930 931 931 932 933
695 695 696 699 698 699 701 701 702 703 705 706 707 707 707 708 710 710 757 759 759 759 760 964 965 965 966 967 967 970 970 971 970 972 972 973 974 973 974 975 977 977 977 977 979 979 979 980 980 981 981 866 867 868 868 868 869 869 871 870 870 871 918 918 919 919 920 920 920 921 922 922 923 922 923 924 924 924 926 926 926 927 928 928 929 929 930 930 931 931 932 933 933 933
694 695 698 698 699 701 701 702 703 703 705 705 707 708 708 710 709 710 711 713 760 760 762 761 965 966 967 967 970 969 970 970 972 972 972 973 974 974 975 976 977 977 978 979 978 979 980 981 980 981 866 866 867 868 869 869 868 870 870 871 870 871 872 872 871 873 873 874 874 875 876 875 876 877 877 877 879 879 879 880 880 881 882 882 882 884 884 884 884 886 886 886 887 889
803 697 698 698 700 701 701 703 703 704 706 706 707 707 709 709 710 712 713 713 713 715 761 762 966 966 966 968 969 970 970 971 971 972 973 974 973 974 976 977 977 978 978 979 979 981 980 980 982 982 866 867 868 869 868 869 870 870 870 870 872 872 871 873 873 873 873 875 876 875 875 877 877 877 878 879 879 880 880 881 882 882 882 884 884 884 884 886 886 886 887 888 889 889
804 698 698 700 701 701 702 703 703 705 706 707 708 709 709 709 711 711 713 713 715 716 715 717 763 967 968 970 969 970 971 972 972 973 973 974 974 976 976 977 978 978 979 978 980 980 981 982 981 866 867 869 868 869 869 870 870 870 872 872 871 872 873 873 873 873 876 875 875 876 877 877 878 878 879 880 880 880 882 882 882 883 884 884 884 885 886 886 887 888 889 890 890 890
804 806 699 700 700 702 703 703 704 707 706 707 708 709 709 711 712 713 713 714 715 715 717 717 717 921 968 969 970 971 971 971 973 973 974 974 975 976 977 978 978 978 979 980 980 980 981 982 866 867 868 868 869 870 870 870 870 872 871 872 872 873 873 873 873 875 875 876 876 877 878 878 879 880 880 880 882 882 882 883 884 884 884 885 885 886 887 887 888 890 890 890 890 892
805 807 700 701 701 702 702 703 706 706 707 708 709 709 710 711 711 713 714 715 714 716 717 717 719 719 924 923 971 971 972 973 973 973 974 975 976 977 977 978 978 979 980 980 980 982 982 865 866 868 869 868 869 870 870 871 871 871 872 872 873 873 873 874 875 875 876 877 877 878 878 880 880 880 881 882 882 883 883 884 884 885 885 886 887 887 888 890 890 890 890 892 892 892
806 807 700 700 702 703 703 705 705 706 708 708 709 710 711 711 712 714 714 715 716 717 717 718 718 719 720 925 925 925 972 973 973 975 975 975 976 978 978 979 979 979 980 980 982 981 866 866 868 868 868 870 870 870 870 871 872 871 872 873 873 873 874 875 876 876 877 878 878 878 880 880 880 881 882 882 883 883 884 885 885 885 887 887 887 889 890 890 890 891 892 892 893 893
807 808 808 701 702 702 704 705 706 708 708 708 709 710 711 711 714 714 715 715 716 716 718 718 719 721 721 925 925 927 927 927 974 974 975 975 978 977 978 979 980 980 980 981 981 866 866 867 868 869 870 869 870 870 872 871 871 873 873 872 873 874 875 876 876 878 878 878 879 880 880 881 882 882 883 883 884 885 885 885 887 887 887 888 890 890 891 891 891 892 893 893 893 894
