testData/tiles/oneDegree/grid10.0-34.0-11.0-35.0.asc
ncols   200
nrows   200
xllcorner   10.0
yllcorner   34.0
cellsize   0.005
NODATA_value   -9999.0
[rows 126 to 167 of 200, columns 94 to 187 of 200]
583 583 583 582 582 583 582 582 582 582 581 582 582 581 581 581 581 581 580 580 580 579 580 580 579 579 578 588 589 588 588 587 587 586 587 586 586 585 585 584 585 584 584 583 583 582 582 582 582 581 580 580 580 580 581 581 581 580 581 581 580 581 580 581 580 580 379 379 380 378 378 377 376 374 371 367 368 369 369 369 371 371 372 372 373 375 375 376 376 377 378 378 379 379
583 583 583 582 583 583 582 582 582 582 582 582 581 581 581 581 581 581 580 580 580 580 580 579 579 579 578 589 588 588 588 587 587 587 587 586 586 585 585 585 585 584 584 583 583 583 582 582 581 581 580 579 581 581 580 580 581 580 580 580 582 581 580 580 580 580 380 379 379 378 377 376 376 373 371 367 367 369 369 370 370 371 373 373 374 374 375 376 376 377 377 380 380 380
583 583 583 583 583 582 582 582 583 582 582 582 581 582 582 581 581 580 580 581 580 580 580 579 579 579 579 589 588 588 587 588 587 587 587 586 586 586 586 585 585 584 584 583 583 583 582 582 581 580 581 580 579 581 580 580 580 581 581 580 580 580 581 580 580 580 379 379 378 377 377 375 375 372 372 367 367 368 369 370 371 371 372 373 374 374 375 375 376 378 378 379 379 380
583 584 583 583 583 582 582 583 582 582 582 581 582 582 581 581 581 580 581 581 580 580 579 579 580 579 579 588 588 588 588 588 587 587 586 586 586 586 585 585 584 584 584 584 583 583 582 581 581 581 581 580 579 580 580 581 580 581 581 580 580 579 581 580 579 579 379 379 377 377 377 375 374 371 366 367 367 368 369 371 371 372 372 372 374 374 376 376 377 378 378 379 379 380
584 583 583 583 582 583 583 583 582 582 582 582 582 582 581 581 582 581 581 580 580 580 580 580 579 579 589 588 589 588 588 588 587 587 587 587 586 586 585 585 585 585 584 584 583 582 582 582 582 581 580 580 580 580 580 581 580 580 579 580 581 580 580 580 580 579 377 378 378 377 376 375 373 370 366 366 369 369 369 370 370 372 372 373 374 374 376 376 377 377 377 379 379 381
584 583 583 583 583 583 583 582 582 583 582 582 582 581 581 582 581 581 581 580 580 580 580 580 579 579 588 589 589 588 588 587 587 587 587 586 586 585 585 585 585 584 584 583 583 583 583 582 581 581 580 579 581 580 579 580 580 580 579 580 580 579 579 578 579 578 379 378 376 377 375 374 371 371 367 367 368 369 370 370 370 371 373 374 374 374 375 376 377 377 379 379 379 381
583 583 583 583 583 583 583 582 583 583 582 582 582 581 582 582 581 581 580 581 581 580 580 580 579 580 589 589 588 588 588 588 588 587 587 586 586 586 586 585 585 584 584 584 584 583 582 582 581 580 581 580 580 580 580 579 578 581 580 580 579 580 579 578 579 578 379 377 376 375 374 374 371 366 367 367 368 368 369 371 371 372 372 373 374 375 375 375 377 378 379 379 380 380
583 584 584 583 583 583 582 583 583 582 582 582 582 582 582 581 581 581 581 581 581 580 580 579 580 580 589 589 588 588 588 588 587 587 587 586 587 586 586 585 585 584 584 584 583 583 582 581 582 581 581 580 580 579 580 580 580 579 580 580 579 579 580 579 579 577 377 377 376 376 374 373 370 366 366 366 368 369 370 370 372 372 372 373 373 376 376 377 377 377 378 379 380 380
584 584 583 583 583 583 583 583 583 582 582 583 582 582 582 581 581 581 581 581 580 580 581 580 580 589 589 589 589 589 588 588 587 587 587 587 586 586 585 585 585 585 584 584 583 582 582 582 582 581 580 580 580 580 580 580 580 579 578 578 579 579 578 578 578 577 377 376 377 375 373 371 370 366 366 368 368 369 370 370 371 371 373 374 374 375 375 377 377 377 378 378 380 381
584 584 583 583 584 583 583 583 582 582 583 582 582 582 581 582 582 581 581 581 580 581 580 580 580 589 589 589 589 588 588 588 587 588 587 587 586 586 585 586 585 585 584 583 583 583 583 582 581 581 580 581 581 580 580 579 580 579 580 579 578 579 578 578 577 577 377 376 375 374 373 370 364 366 367 368 368 369 370 370 371 372 373 374 374 375 375 376 376 379 379 379 380 380
584 583 583 584 584 583 583 583 583 583 583 582 582 582 582 582 581 581 581 581 581 581 580 580 579 590 590 589 589 588 588 588 588 587 587 586 586 586 586 585 585 584 584 584 584 583 582 582 581 580 581 581 580 581 580 579 580 579 580 579 578 578 578 578 577 577 377 375 374 372 372 370 366 366 366 368 368 369 370 370 372 372 373 373 374 375 375 377 377 378 378 380 380 380
584 583 584 584 583 583 583 583 583 583 582 582 582 582 582 582 581 581 582 581 581 580 580 580 580 590 589 589 588 588 589 588 588 587 587 586 587 586 586 585 585 584 585 584 583 583 582 581 582 581 580 581 580 580 580 580 580 579 579 578 578 578 577 578 577 577 375 376 374 373 371 369 366 366 366 367 368 370 370 371 371 371 373 373 375 375 376 377 377 378 378 379 379 381
583 584 584 584 583 583 584 583 583 583 582 583 583 582 582 581 581 582 581 581 581 580 581 580 580 590 589 589 589 589 588 588 587 587 588 587 587 586 585 585 585 585 584 584 583 582 583 582 582 581 580 580 580 581 580 580 580 579 579 578 579 578 578 577 576 576 375 375 373 372 370 364 365 366 368 368 368 369 370 371 371 372 373 374 375 375 376 376 376 378 378 380 380 381
584 584 584 583 583 584 583 583 583 582 583 583 582 582 582 582 582 582 581 581 580 581 581 580 590 589 589 590 589 589 588 588 587 588 587 587 586 586 585 586 585 585 584 583 583 583 583 582 581 581 581 581 580 581 580 580 579 578 579 579 579 577 577 576 575 576 375 374 372 371 369 364 366 366 367 368 368 369 369 370 372 373 373 373 374 375 376 376 378 378 378 380 380 381
584 584 583 584 584 584 583 583 583 583 583 583 582 582 582 582 582 581 581 581 581 581 580 580 590 590 590 589 589 588 588 589 588 588 587 587 586 587 586 585 585 584 584 584 584 583 582 582 581 580 582 581 580 580 580 580 580 580 579 578 578 577 577 577 576 575 373 374 371 370 369 365 366 366 367 367 369 369 370 371 371 373 373 374 374 374 376 377 378 378 378 379 379 381
584 584 584 584 584 583 583 584 583 583 583 582 582 583 582 582 582 581 582 581 581 581 580 580 590 590 590 589 589 588 589 588 588 587 587 586 587 586 586 585 585 584 585 584 583 583 582 581 582 581 581 581 581 580 580 580 580 580 579 579 578 578 577 576 576 574 373 372 371 369 364 365 365 366 367 367 369 369 371 371 371 372 372 374 375 375 376 376 377 378 379 379 380 381
584 584 584 584 584 583 584 584 583 583 583 582 583 582 582 582 581 582 582 581 581 580 580 581 590 590 589 589 589 589 589 588 588 587 588 587 587 586 586 585 585 585 584 584 583 582 583 582 581 581 581 580 581 581 580 580 579 579 578 579 578 577 577 576 575 574 374 372 369 369 364 365 365 366 368 368 369 369 370 371 371 373 373 374 374 376 376 376 377 377 380 380 381 381
585 584 584 584 583 584 584 583 583 583 583 583 583 582 582 582 582 582 581 581 581 581 581 580 590 590 589 590 589 589 588 588 587 588 587 587 586 586 585 586 585 585 584 583 583 583 583 582 581 580 581 581 581 580 581 580 579 579 579 579 578 578 576 575 576 574 373 371 368 363 363 365 366 367 367 367 369 369 370 371 372 373 373 374 374 375 376 378 378 378 379 379 380 381
584 584 584 583 584 584 584 583 583 584 583 583 582 582 583 582 582 582 581 581 581 581 581 580 590 590 590 589 589 589 588 589 588 588 587 587 586 587 586 585 585 584 584 584 584 583 582 582 581 582 581 581 581 580 580 579 579 580 579 578 577 577 576 576 575 573 372 370 368 363 364 365 366 367 367 368 368 370 371 371 372 372 372 374 374 376 376 377 378 378 379 379 380 380
584 584 584 584 584 584 583 583 584 583 583 583 582 583 583 582 582 581 581 582 581 581 580 590 591 590 590 589 589 588 589 588 588 587 587 586 587 586 586 585 585 584 584 584 583 583 582 581 582 582 581 580 581 580 581 580 580 579 578 578 577 578 576 576 574 573 372 369 369 364 364 365 365 366 367 369 369 369 370 371 372 372 373 374 375 376 376 377 377 378 379 380 381 381
584 585 584 584 584 583 583 584 583 583 583 582 583 583 582 582 582 582 582 581 581 581 580 591 590 590 589 589 590 589 589 588 588 587 588 587 587 586 586 585 585 585 584 584 583 582 583 582 581 582 581 581 581 580 581 580 580 579 579 579 577 577 576 575 574 572 372 368 364 364 365 365 365 367 367 369 369 370 370 370 371 373 374 374 375 375 376 377 377 379 379 379 380 381
585 585 584 584 584 584 584 584 583 583 583 583 583 583 582 582 582 582 582 581 581 581 581 591 590 590 589 590 589 589 588 588 587 588 587 587 586 586 585 586 585 585 584 583 583 583 582 582 581 581 580 582 581 580 580 579 579 579 579 578 577 577 575 575 574 573 370 368 364 364 365 366 367 367 367 368 368 370 370 371 372 372 374 374 375 375 376 377 378 379 379 380 380 380
585 584 584 584 584 584 584 583 583 584 583 583 583 582 582 583 582 582 581 581 582 581 581 590 590 589 590 590 589 589 588 589 588 588 587 587 586 587 586 585 585 584 584 584 583 583 582 581 581 582 581 581 580 581 580 579 580 579 579 578 577 576 576 575 573 572 369 363 364 365 366 366 367 367 367 368 369 370 370 372 372 372 373 373 376 376 377 377 377 378 379 380 380 381
584 584 584 585 584 584 584 583 584 584 583 583 582 583 583 582 582 582 581 582 581 581 581 590 591 590 590 589 589 588 589 588 588 587 587 586 587 586 586 585 585 584 584 584 583 582 582 581 581 582 581 581 580 580 580 579 579 578 578 577 578 577 575 574 572 571 368 365 365 365 366 366 367 367 369 369 369 370 370 371 372 372 374 374 375 375 377 377 377 378 379 380 380 382
584 584 585 584 584 584 583 584 584 583 583 583 583 583 583 582 582 581 582 582 581 581 590 591 590 590 590 589 589 589 589 588 588 587 588 587 587 586 585 585 585 585 584 583 583 582 582 582 582 581 580 581 581 581 580 580 579 578 578 578 577 576 575 574 572 571 369 365 365 365 366 366 367 368 369 369 369 370 370 371 372 373 374 374 375 375 376 376 379 379 379 380 380 381
584 585 584 584 584 584 584 584 584 583 583 583 583 583 582 582 583 582 582 581 581 581 591 591 590 590 589 590 589 589 588 588 587 588 587 587 586 586 585 586 585 584 584 583 582 583 582 581 582 581 580 581 580 580 580 580 579 578 578 577 577 575 575 573 571 569 364 365 365 366 366 367 368 368 369 369 370 370 371 372 372 373 373 374 375 375 377 377 378 378 379 380 380 381
585 585 584 584 584 584 584 584 583 583 584 583 583 582 582 583 582 582 582 581 582 581 591 590 590 590 590 590 589 589 588 589 588 588 587 587 586 586 586 585 585 584 583 584 583 582 582 581 581 581 582 581 580 580 579 580 579 579 578 577 576 575 575 573 571 569 364 365 365 367 367 367 368 368 369 369 371 371 371 372 372 373 373 374 375 375 377 377 378 378 379 379 380 382
585 584 584 584 584 584 584 583 583 584 583 583 583 582 583 583 582 582 581 582 582 581 591 590 590 590 590 589 589 588 589 588 588 587 587 586 587 586 586 585 584 584 584 584 583 582 581 581 582 581 581 580 580 580 580 580 579 578 577 576 577 575 574 572 570 564 364 366 366 367 367 368 368 368 370 370 371 371 372 372 372 374 374 375 375 376 376 376 378 379 380 380 380 381
585 584 585 585 584 584 584 584 584 584 583 583 582 583 583 582 582 582 582 582 581 581 590 591 591 590 590 589 589 589 589 588 588 587 588 587 587 586 585 585 585 584 584 583 583 582 582 581 582 581 581 580 581 580 579 579 578 578 577 577 576 574 573 571 569 565 366 366 366 367 367 368 369 369 370 370 371 371 372 373 373 374 374 375 375 376 376 377 378 378 380 380 381 381
584 585 585 584 584 584 584 584 584 583 583 584 583 583 582 582 582 582 582 581 581 581 591 591 590 590 589 590 589 589 588 588 587 588 587 587 586 586 585 585 585 584 584 583 582 582 582 581 581 580 581 581 581 580 579 579 578 578 577 577 575 573 572 570 570 565 366 366 366 367 368 369 369 370 370 370 371 372 373 373 374 374 374 375 375 377 377 378 378 378 379 379 380 382
585 585 585 584 584 585 584 584 583 583 584 583 583 583 582 583 582 582 582 581 581 581 591 591 590 590 590 590 589 589 588 588 588 588 587 587 586 586 586 585 585 584 583 584 583 582 581 582 581 581 581 580 580 579 579 579 578 578 576 576 574 573 572 569 565 565 366 366 368 368 368 369 369 370 370 371 372 372 373 373 374 374 374 376 376 377 377 378 378 378 379 380 381 381
585 585 584 584 585 584 584 584 583 584 584 583 583 582 583 583 582 582 581 582 582 591 591 590 590 590 590 589 589 588 589 588 588 587 587 586 587 586 585 585 584 584 584 583 582 582 581 581 581 581 581 580 580 579 580 579 578 577 576 575 575 574 571 569 565 565 366 367 368 368 368 369 369 371 371 372 372 372 373 373 374 375 376 376 376 377 377 378 378 380 380 380 381 381
585 584 584 585 584 584 584 583 584 584 583 583 583 583 583 582 582 582 582 582 581 591 590 590 591 590 590 589 589 589 589 588 588 587 587 587 586 586 585 585 585 584 584 583 582 581 582 582 581 581 580 579 580 579 579 578 578 577 576 576 574 572 569 565 565 566 367 367 368 368 368 369 370 371 371 372 372 372 373 374 375 375 376 376 376 377 378 379 379 380 380 380 381 381
585 584 585 585 584 584 584 584 584 583 583 583 583 583 583 582 582 582 582 582 581 591 591 591 590 590 589 589 589 589 588 588 587 588 587 587 586 585 585 585 585 584 583 583 582 582 581 581 581 581 580 580 580 579 579 578 577 577 575 575 573 571 569 566 566 566 367 367 368 368 370 370 370 371 371 372 372 374 374 374 375 375 376 376 378 378 378 379 379 380 380 381 382 382
584 585 585 584 584 584 584 584 584 583 583 583 583 583 582 582 583 582 582 581 581 591 591 591 590 590 590 590 589 589 588 588 588 587 587 586 586 586 586 585 584 584 583 583 582 582 581 581 580 581 580 580 579 578 578 578 578 576 576 574 572 571 565 566 566 567 367 367 369 369 370 370 370 371 371 373 373 374 374 374 375 375 377 377 378 378 378 379 379 380 381 382 382 382
585 585 584 584 584 584 584 584 583 583 584 583 583 582 582 583 582 582 581 581 582 591 591 590 590 590 590 589 589 588 588 588 588 587 587 586 586 586 585 585 584 583 584 583 582 581 580 581 581 581 580 580 579 578 579 577 577 576 575 573 571 570 565 566 566 567 368 368 369 369 370 370 371 372 372 373 373 374 374 375 376 376 377 377 378 378 379 379 380 381 381 382 382 383
585 585 584 585 585 584 584 584 584 584 583 583 583 583 583 582 582 582 581 582 581 591 590 590 591 590 590 589 589 589 589 588 587 587 586 587 586 585 585 584 585 584 583 582 582 581 582 581 580 580 580 580 579 579 578 577 576 575 575 573 570 565 565 566 566 568 368 368 369 369 370 371 372 372 372 373 373 374 375 376 376 376 377 377 378 378 380 380 380 381 381 382 382 383
585 584 585 585 584 584 584 584 584 584 583 583 583 583 583 582 582 582 582 582 581 591 590 591 590 590 589 589 589 589 588 588 587 588 587 586 586 585 585 585 584 583 583 582 581 581 582 581 580 580 579 580 579 579 578 576 576 575 574 572 570 565 565 567 567 568 368 369 369 370 371 371 372 372 373 373 374 375 375 376 376 377 377 377 379 379 380 380 381 381 381 383 383 384
584 585 585 584 584 584 584 584 584 583 583 584 583 583 582 582 583 582 582 581 591 591 591 590 590 589 589 589 589 588 588 587 588 587 587 586 585 585 585 585 584 583 582 583 582 581 581 580 579 581 580 579 578 578 577 576 576 574 573 570 570 566 566 567 567 568 368 369 370 370 371 371 372 372 373 374 374 375 375 376 376 377 378 378 379 379 380 380 381 382 382 383 383 384
585 585 585 584 584 585 584 584 583 583 584 583 583 583 582 583 582 582 581 581 592 591 591 590 590 590 590 589 589 588 588 588 588 587 586 586 586 585 585 584 583 583 583 582 581 581 581 580 581 580 579 579 578 578 577 577 575 573 572 569 566 566 567 567 567 568 369 370 370 371 371 371 372 373 374 374 375 375 375 376 377 378 378 379 379 379 380 381 382 382 382 383 383 384
585 585 584 584 585 584 584 584 583 584 583 583 583 582 583 582 582 582 581 582 591 591 590 590 590 590 589 589 588 588 588 588 587 587 586 586 586 585 584 584 584 583 583 582 581 580 581 580 581 580 578 578 578 578 577 576 574 572 571 570 566 566 567 567 568 569 369 370 370 371 371 372 373 373 374 374 375 375 376 377 377 378 378 379 379 380 381 381 382 382 383 383 383 385
585 584 584 585 584 584 584 583 584 584 583 583 582 583 583 582 582 581 582 581 591 591 590 591 590 590 589 589 589 589 588 587 587 586 587 586 585 585 584 584 584 583 582 581 581 581 581 580 580 579 579 579 578 577 576 575 573 573 570 565 566 566 567 568 569 569 369 370 370 372 372 372 373 373 374 374 376 376 376 377 377 378 378 380 380 380 381 381 382 382 383 384 384 385
