testData/tiles/oneDegree/grid5.0-29.0-6.0-30.0.asc
ncols   200
nrows   200
xllcorner   5.0
yllcorner   29.0
cellsize   0.005
NODATA_value   -9999.0
[rows 43 to 85 of 200, columns 96 to 191 of 200]
398 399 399 399 399 399 399 399 398 398 397 396 395 394 393 391 390 388 386 384 382 380 377 374 371 368 365 361 357 353 349 344 339 334 328 321 314 307 298 288 286 286 286 202 202 202 202 202 202 202 202 202 202 202 202 202 202 202 202 202 202 202 202 202 202 202 202 203 203 203 203 203 63 63 63 63 63 63 63 63 64 64 64 64 64 64 64 64 64 64 64 64 64 64 64 64
398 399 399 399 399 399 399 399 398 398 397 396 395 394 393 391 390 388 386 384 382 380 377 374 371 368 365 361 357 353 349 344 339 334 328 321 314 307 298 288 286 286 286 202 202 202 202 202 202 202 202 202 202 202 202 202 202 202 202 202 202 202 202 202 203 203 203 203 203 203 203 203 63 63 63 63 63 64 64 64 64 64 64 64 64 64 64 64 64 64 64 64 64 65 65 65
398 399 399 399 399 399 399 399 398 398 397 396 395 394 393 391 390 388 386 384 382 379 377 374 371 368 365 361 357 353 349 344 339 334 328 321 314 307 298 288 286 286 286 202 202 202 202 202 202 202 202 202 202 202 202 202 202 202 202 202 202 202 203 203 203 203 203 203 203 203 203 203 63 64 64 64 64 64 64 64 64 64 64 64 64 64 64 64 65 65 65 65 65 65 65 65
398 399 399 399 399 399 399 399 398 398 397 396 395 394 393 391 390 388 386 384 382 379 377 374 371 368 365 361 357 353 349 344 339 334 328 321 314 307 298 288 286 286 286 202 202 202 202 202 202 202 202 202 202 202 202 202 202 202 202 203 203 203 203 203 203 203 203 203 203 203 204 204 64 64 64 64 64 64 64 64 64 64 64 64 65 65 65 65 65 65 65 65 65 65 65 65
398 399 399 399 399 399 399 399 398 398 397 396 395 394 393 391 390 388 386 384 382 379 377 374 371 368 365 361 357 353 349 344 339 334 328 321 314 307 298 288 286 286 286 202 202 202 202 202 202 202 202 202 202 202 202 202 202 203 203 203 203 203 203 203 203 203 203 203 204 204 204 204 64 64 64 64 64 64 64 64 65 65 65 65 65 65 65 65 65 65 65 65 65 65 65 65
398 399 399 399 399 399 399 399 398 398 397 396 395 394 393 391 390 388 386 384 382 379 377 374 371 368 365 361 357 353 349 344 339 334 328 321 314 307 298 288 286 286 286 202 202 202 202 202 202 202 202 202 202 202 202 203 203 203 203 203 203 203 203 203 203 204 204 204 204 204 204 204 64 64 64 64 64 65 65 65 65 65 65 65 65 65 65 65 65 65 65 65 65 66 66 66
398 399 399 399 399 399 399 399 398 398 397 396 395 394 393 391 390 388 386 384 382 379 377 374 371 368 365 361 357 353 349 344 339 333 328 321 314 306 298 288 286 286 286 202 202 202 202 202 202 202 202 202 202 203 203 203 203 203 203 203 203 203 204 204 204 204 204 204 204 204 204 204 64 64 65 65 65 65 65 65 65 65 65 65 65 65 65 65 66 66 66 66 66 66 66 66
398 399 399 399 399 399 399 399 398 398 397 396 395 394 393 391 390 388 386 384 382 379 377 374 371 368 365 361 357 353 349 344 339 333 328 321 314 306 298 288 286 286 286 202 202 202 202 202 202 202 202 203 203 203 203 203 203 203 203 203 204 204 204 204 204 204 204 204 204 204 204 205 205 65 65 65 65 65 65 65 65 65 65 65 66 66 66 66 66 66 66 66 66 66 66 66
398 399 399 399 399 399 399 399 398 398 397 396 395 394 393 391 390 388 386 384 382 379 377 374 371 368 365 361 357 353 349 344 339 333 328 321 314 306 298 288 286 286 286 202 202 202 202 202 202 203 203 203 203 203 203 203 203 203 204 204 204 204 204 204 204 204 204 204 205 205 205 205 205 65 65 65 65 65 65 65 66 66 66 66 66 66 66 66 66 66 66 66 66 66 66 66
398 399 399 399 399 399 399 399 398 398 397 396 395 394 393 391 390 388 386 384 382 379 377 374 371 368 365 361 357 353 349 344 339 333 327 321 314 306 298 288 286 286 286 202 202 202 202 203 203 203 203 203 203 203 203 204 204 204 204 204 204 204 204 204 204 205 205 205 205 205 205 205 205 65 65 65 65 66 66 66 66 66 66 66 66 66 66 66 66 66 66 66 66 67 67 67
398 399 399 399 399 399 399 399 398 397 397 396 395 394 392 391 389 388 386 384 382 379 377 374 371 368 365 361 357 353 349 344 339 333 327 321 314 306 298 288 286 286 286 202 202 203 203 203 203 203 203 203 203 204 204 204 204 204 204 204 204 204 204 205 205 205 205 205 205 205 205 205 205 65 66 66 66 66 66 66 66 66 66 66 66 66 66 66 67 67 67 67 67 67 67 67
398 399 399 399 399 399 399 399 398 397 397 396 395 394 392 391 389 388 386 384 382 379 377 374 371 368 364 361 357 353 349 344 339 333 327 321 314 306 298 288 286 286 286 203 203 203 203 203 203 203 203 204 204 204 204 204 204 204 204 204 204 205 205 205 205 205 205 205 205 205 205 206 206 66 66 66 66 66 66 66 66 66 66 66 67 67 67 67 67 67 67 67 67 67 67 67
398 398 399 399 399 399 399 398 398 397 397 396 395 394 392 391 389 388 386 384 382 379 377 374 371 368 364 361 357 353 348 344 339 333 327 321 314 306 298 288 286 287 287 203 203 203 203 203 203 204 204 204 204 204 204 204 204 204 205 205 205 205 205 205 205 205 205 205 206 206 206 206 206 66 66 66 66 66 66 66 66 67 67 67 67 67 67 67 67 67 67 67 67 67 67 67
398 398 399 399 399 399 399 398 398 397 397 396 395 394 392 391 389 388 386 384 382 379 377 374 371 368 364 361 357 353 348 344 339 333 327 321 314 306 298 288 287 287 287 203 203 203 203 204 204 204 204 204 204 204 204 204 205 205 205 205 205 205 205 205 205 205 206 206 206 206 206 206 206 66 66 66 66 67 67 67 67 67 67 67 67 67 67 67 67 67 67 67 67 68 68 68
398 398 399 399 399 399 399 398 398 397 397 396 395 394 392 391 389 388 386 384 382 379 377 374 371 368 364 361 357 353 348 344 339 333 327 321 314 306 298 289 287 287 287 203 203 203 204 204 204 204 204 204 204 204 205 205 205 205 205 205 205 205 205 205 206 206 206 206 206 206 206 206 206 66 67 67 67 67 67 67 67 67 67 67 67 67 67 67 68 68 68 68 68 68 68 68
398 398 399 399 399 399 399 398 398 397 397 396 395 394 392 391 389 388 386 384 381 379 377 374 371 368 364 361 357 353 348 344 339 333 327 321 315 307 298 289 287 287 287 203 204 204 204 204 204 204 204 204 205 205 205 205 205 205 205 205 205 206 206 206 206 206 206 206 206 206 206 206 207 67 67 67 67 67 67 67 67 67 67 67 67 68 68 68 68 68 68 68 68 68 68 68
398 398 399 399 399 399 399 398 398 397 397 396 395 394 392 391 389 388 386 384 381 379 377 374 371 368 364 361 357 353 348 344 339 333 327 322 315 307 298 289 287 287 288 204 204 204 204 204 204 204 205 205 205 205 205 205 205 205 205 206 206 206 206 206 206 206 206 206 206 207 207 207 207 67 67 67 67 67 67 67 67 68 68 68 68 68 68 68 68 68 68 68 68 68 68 68
398 398 399 399 399 399 399 398 398 397 397 396 395 394 392 391 389 388 386 384 381 379 376 374 371 368 364 361 357 353 348 344 338 334 328 322 315 307 298 288 288 288 288 204 204 204 204 204 205 205 205 205 205 205 205 205 205 206 206 206 206 206 206 206 206 206 207 207 207 207 207 207 207 67 67 67 67 67 68 68 68 68 68 68 68 68 68 68 68 68 68 68 68 69 69 69
398 398 399 399 399 399 399 398 398 397 397 396 395 394 392 391 389 388 386 384 381 379 376 374 371 368 364 361 357 353 348 344 339 334 328 322 315 307 298 289 288 288 288 204 204 204 204 205 205 205 205 205 205 205 205 206 206 206 206 206 206 206 206 206 207 207 207 207 207 207 207 207 207 67 67 68 68 68 68 68 68 68 68 68 68 68 68 68 68 69 69 69 69 69 69 69
398 398 399 399 399 399 399 398 398 397 396 396 395 393 392 391 389 387 386 384 381 379 376 374 371 368 364 361 357 353 349 344 339 334 328 322 315 308 299 289 288 288 288 204 204 205 205 205 205 205 205 205 205 206 206 206 206 206 206 206 206 206 207 207 207 207 207 207 207 207 207 207 208 68 68 68 68 68 68 68 68 68 68 68 68 69 69 69 69 69 69 69 69 69 69 69
398 398 399 399 399 399 399 398 398 397 396 396 395 393 392 391 389 387 386 384 381 379 376 374 371 368 364 361 357 354 349 344 339 334 328 321 315 308 299 289 288 288 288 205 205 205 205 205 205 205 205 206 206 206 206 206 206 206 206 206 207 207 207 207 207 207 207 207 207 207 208 208 208 68 68 68 68 68 68 68 68 69 69 69 69 69 69 69 69 69 69 69 69 69 69 69
398 398 399 399 399 399 399 398 398 397 396 396 395 393 392 391 389 387 386 383 381 379 376 374 371 367 364 361 358 354 349 344 339 334 329 322 315 308 299 289 288 289 289 205 205 205 205 205 205 206 206 206 206 206 206 206 206 206 207 207 207 207 207 207 207 207 207 208 208 208 208 208 208 68 68 68 68 68 69 69 69 69 69 69 69 69 69 69 69 69 69 69 69 70 70 70
398 398 398 399 399 399 398 398 398 397 396 395 394 393 392 391 389 387 385 383 381 379 376 374 371 367 365 361 358 353 349 344 339 335 329 322 315 308 299 289 289 289 289 205 205 205 205 206 206 206 206 206 206 206 206 206 207 207 207 207 207 207 207 207 207 208 208 208 208 208 208 208 208 68 68 69 69 69 69 69 69 69 69 69 69 69 69 69 69 70 70 70 70 70 70 70
398 398 398 399 399 399 398 398 398 397 396 395 394 393 392 391 389 387 385 383 381 379 376 373 371 368 365 361 358 353 349 345 340 335 329 322 315 307 300 290 289 289 289 205 205 205 206 206 206 206 206 206 206 206 207 207 207 207 207 207 207 207 207 208 208 208 208 208 208 208 208 208 208 69 69 69 69 69 69 69 69 69 69 69 69 70 70 70 70 70 70 70 70 70 70 70
398 398 398 399 399 399 398 398 398 397 396 395 394 393 392 391 389 387 385 383 381 379 376 374 371 368 365 361 357 353 350 345 340 335 329 322 315 308 300 290 289 289 289 205 206 206 206 206 206 206 206 206 207 207 207 207 207 207 207 207 208 208 208 208 208 208 208 208 208 208 209 209 209 69 69 69 69 69 69 69 69 69 70 70 70 70 70 70 70 70 70 70 70 70 70 70
398 398 398 399 399 399 398 398 398 397 396 395 394 393 392 391 389 387 385 383 381 379 377 374 371 368 365 361 357 354 350 345 340 335 329 323 316 308 300 290 289 289 290 206 206 206 206 206 206 206 207 207 207 207 207 207 207 207 208 208 208 208 208 208 208 208 208 208 209 209 209 209 209 69 69 69 69 69 69 70 70 70 70 70 70 70 70 70 70 70 70 70 70 71 71 71
398 398 398 398 399 398 398 398 398 397 396 395 394 393 392 390 389 387 385 383 381 380 377 374 371 368 365 362 358 354 350 345 340 334 330 323 316 308 300 290 289 290 290 206 206 206 206 206 207 207 207 207 207 207 207 207 208 208 208 208 208 208 208 208 208 209 209 209 209 209 209 209 209 69 69 69 70 70 70 70 70 70 70 70 70 70 70 70 70 71 71 71 71 71 71 71
397 398 398 398 399 398 398 398 397 397 396 395 394 393 392 390 389 387 385 383 382 380 377 374 371 368 366 362 358 354 350 345 341 335 329 323 316 308 299 291 290 290 290 206 206 206 206 207 207 207 207 207 207 207 207 208 208 208 208 208 208 208 208 209 209 209 209 209 209 209 209 209 209 70 70 70 70 70 70 70 70 70 70 70 70 71 71 71 71 71 71 71 71 71 71 71
397 398 398 398 398 398 398 398 397 397 396 395 394 393 392 390 389 387 386 384 382 380 377 374 371 369 366 362 358 354 350 346 341 335 329 323 316 308 300 291 290 290 290 206 206 207 207 207 207 207 207 207 207 208 208 208 208 208 208 208 208 209 209 209 209 209 209 209 209 209 209 210 210 70 70 70 70 70 70 70 70 70 71 71 71 71 71 71 71 71 71 71 71 71 71 71
397 398 398 398 398 398 398 398 397 397 396 395 394 393 392 390 389 388 386 384 382 380 377 375 372 369 366 362 358 354 351 346 341 335 329 323 317 309 300 290 290 290 290 207 207 207 207 207 207 207 207 208 208 208 208 208 208 208 208 209 209 209 209 209 209 209 209 209 210 210 210 210 210 70 70 70 70 70 70 71 71 71 71 71 71 71 71 71 71 71 71 71 71 72 72 72
397 398 398 398 398 398 398 398 397 397 396 395 394 393 392 390 390 388 386 384 382 379 378 375 372 369 366 362 359 355 351 346 341 335 329 324 317 309 300 290 290 290 291 207 207 207 207 207 207 208 208 208 208 208 208 208 208 209 209 209 209 209 209 209 209 209 210 210 210 210 210 210 210 70 70 70 71 71 71 71 71 71 71 71 71 71 71 71 71 72 72 72 72 72 72 72
397 398 398 398 398 398 398 398 397 397 396 395 394 393 392 391 390 388 386 384 382 380 378 375 372 369 366 363 359 355 351 346 341 335 330 324 317 309 300 290 291 291 291 207 207 207 207 207 208 208 208 208 208 208 208 209 209 209 209 209 209 209 209 209 210 210 210 210 210 210 210 210 210 70 71 71 71 71 71 71 71 71 71 71 71 71 72 72 72 72 72 72 72 72 72 72
397 398 398 398 398 398 398 398 397 397 396 395 394 393 393 391 390 388 386 384 383 380 378 375 372 369 367 363 359 355 350 346 342 336 330 324 317 309 300 291 291 291 291 207 207 207 208 208 208 208 208 208 208 208 209 209 209 209 209 209 209 209 210 210 210 210 210 210 210 210 210 211 211 71 71 71 71 71 71 71 71 71 72 72 72 72 72 72 72 72 72 72 72 72 72 72
397 398 398 398 398 398 398 398 397 397 396 395 394 394 393 391 390 388 386 385 383 380 378 375 372 370 366 363 359 355 350 347 342 336 330 324 316 310 301 291 291 291 291 207 208 208 208 208 208 208 208 208 209 209 209 209 209 209 209 209 210 210 210 210 210 210 210 210 210 211 211 211 211 71 71 71 71 71 71 72 72 72 72 72 72 72 72 72 72 72 72 72 72 73 73 73
397 398 398 398 398 398 398 398 397 397 396 395 395 394 393 391 390 389 387 385 383 380 378 376 373 370 366 363 359 355 351 347 341 336 330 323 317 310 301 291 291 291 291 208 208 208 208 208 208 208 209 209 209 209 209 209 209 209 210 210 210 210 210 210 210 210 210 211 211 211 211 211 211 71 71 71 71 72 72 72 72 72 72 72 72 72 72 72 72 73 73 73 73 73 73 73
397 398 398 398 398 398 398 398 397 396 396 396 395 394 392 391 390 389 387 385 383 380 379 376 373 370 366 363 360 356 351 346 341 336 330 324 317 309 301 291 291 292 292 208 208 208 208 208 208 209 209 209 209 209 209 209 210 210 210 210 210 210 210 210 210 211 211 211 211 211 211 211 211 71 72 72 72 72 72 72 72 72 72 72 72 72 73 73 73 73 73 73 73 73 73 73
397 397 398 398 398 398 398 397 397 396 397 396 395 394 392 392 390 389 387 385 383 381 379 376 373 370 366 364 360 356 351 346 341 337 331 324 317 309 301 291 292 292 292 208 208 208 208 209 209 209 209 209 209 209 210 210 210 210 210 210 210 210 210 211 211 211 211 211 211 211 211 211 212 72 72 72 72 72 72 72 72 72 72 73 73 73 73 73 73 73 73 73 73 73 73 73
397 397 398 398 398 398 398 397 397 397 397 396 395 394 393 392 390 389 387 385 383 381 378 376 373 370 367 364 360 356 351 346 342 337 331 324 317 309 300 292 292 292 292 208 208 209 209 209 209 209 209 209 209 210 210 210 210 210 210 210 210 211 211 211 211 211 211 211 211 211 212 212 212 72 72 72 72 72 72 72 73 73 73 73 73 73 73 73 73 73 73 73 73 74 74 74
397 397 398 398 398 398 398 397 398 397 397 396 395 395 393 392 390 389 387 386 383 381 378 376 373 371 367 364 360 355 351 347 342 337 331 324 317 310 301 292 292 292 292 208 209 209 209 209 209 209 209 210 210 210 210 210 210 210 210 211 211 211 211 211 211 211 211 212 212 212 212 212 212 72 72 72 72 73 73 73 73 73 73 73 73 73 73 73 73 74 74 74 74 74 74 74
397 397 398 398 398 398 398 398 398 397 397 396 396 395 393 392 390 389 388 386 383 381 378 376 374 370 367 363 360 355 352 347 342 337 331 324 318 310 301 292 292 292 292 209 209 209 209 209 209 209 210 210 210 210 210 210 210 211 211 211 211 211 211 211 211 212 212 212 212 212 212 212 212 72 72 73 73 73 73 73 73 73 73 73 73 73 74 74 74 74 74 74 74 74 74 74
397 397 398 398 398 398 399 398 398 397 396 397 396 394 393 392 390 389 388 386 383 381 379 377 374 370 367 363 360 356 352 347 342 336 330 325 318 310 301 292 292 293 293 209 209 209 209 209 210 210 210 210 210 210 210 211 211 211 211 211 211 211 211 212 212 212 212 212 212 212 212 212 213 73 73 73 73 73 73 73 73 73 73 74 74 74 74 74 74 74 74 74 74 74 74 74
397 397 398 398 398 399 399 398 398 397 397 397 396 394 393 392 391 389 387 385 383 382 379 376 374 370 367 364 360 356 352 347 342 337 331 325 318 310 301 292 293 293 293 209 209 209 209 210 210 210 210 210 210 210 211 211 211 211 211 211 211 211 212 212 212 212 212 212 212 212 213 213 213 73 73 73 73 73 73 73 74 74 74 74 74 74 74 74 74 74 74 74 74 75 75 75
397 397 397 398 399 399 398 398 398 398 397 397 396 394 393 393 391 389 387 385 384 382 379 376 373 370 368 364 360 356 352 347 343 337 331 325 318 310 302 293 293 293 293 209 209 210 210 210 210 210 210 210 211 211 211 211 211 211 211 211 212 212 212 212 212 212 212 212 213 213 213 213 213 73 73 73 73 73 74 74 74 74 74 74 74 74 74 74 74 74 75 75 75 75 75 75
