testData/tiles/oneDegree/grid20.0-20.0-21.0-21.0.asc
ncols   200
nrows   200
xllcorner   20.0
yllcorner   20.0
cellsize   0.005
NODATA_value   -9999.0
[rows 42 to 83 of 200, columns 94 to 187 of 200]
242 243 244 244 247 247 247 248 250 250 251 252 252 254 254 255 256 256 256 259 259 259 259 261 262 262 263 264 264 264 266 267 267 267 268 269 269 270 271 271 272 272 272 273 274 275 275 276 276 276 277 277 279 279 279 279 281 281 281 281 281 282 284 284 284 284 284 285 286 286 286 286 286 287 287 288 289 289 289 290 290 290 291 291 291 291 292 292 292 292 293 293 293 293
241 241 244 244 244 245 247 248 248 249 250 251 251 253 253 253 256 256 256 256 258 258 259 260 261 261 261 262 264 264 264 265 266 266 267 267 269 269 269 269 270 272 272 272 273 274 274 274 274 276 276 277 277 278 278 278 279 279 281 281 281 281 282 283 283 283 283 283 283 286 286 286 286 286 286 287 288 288 288 288 288 288 289 290 290 290 291 291 291 292 292 293 293 293
241 241 241 243 243 245 245 246 247 248 250 250 250 251 253 253 253 254 255 255 257 258 258 258 259 261 261 261 262 263 263 264 265 266 266 266 267 268 269 269 269 271 271 271 271 272 274 274 274 274 275 276 276 276 277 278 278 279 279 279 280 280 280 281 282 282 283 283 283 284 284 285 285 285 285 285 286 287 288 288 288 288 288 288 290 290 290 290 290 290 290 291 292 292
239 241 241 242 243 244 244 244 247 247 247 249 250 250 251 252 252 254 254 255 255 256 256 258 259 259 260 260 261 262 263 263 264 264 265 266 266 267 267 268 268 268 270 271 271 271 271 272 273 273 274 274 276 276 276 276 276 277 278 279 279 279 280 280 281 281 281 281 282 282 283 284 284 284 285 285 285 286 286 286 287 287 287 287 288 288 288 289 289 289 290 290 291 291
239 240 241 242 242 243 244 244 245 246 247 248 248 249 250 251 252 252 253 253 254 256 256 256 257 258 259 259 260 261 261 261 263 264 264 264 265 266 266 267 268 268 269 269 269 270 270 272 272 273 273 273 274 274 275 276 276 276 277 278 278 278 278 278 280 280 281 281 281 281 282 283 283 283 283 283 284 285 285 285 286 286 286 287 287 288 288 288 288 288 288 289 289 290
239 239 240 241 242 242 243 244 244 245 246 246 247 247 249 250 250 250 252 253 253 254 255 255 256 258 258 258 258 260 261 261 261 263 263 263 263 265 266 266 266 266 267 268 269 269 270 270 271 271 271 272 273 274 274 274 275 275 275 276 276 278 278 278 278 279 280 280 280 280 280 281 282 282 283 283 283 283 284 285 285 285 285 285 285 286 287 287 287 287 287 287 287 288
238 239 240 240 242 242 242 243 244 245 245 246 247 247 247 249 249 250 250 252 252 252 254 255 255 255 256 257 258 258 259 260 260 260 262 263 263 263 264 265 265 266 266 268 268 268 268 268 270 271 271 271 271 272 273 273 273 274 275 276 276 276 276 277 277 278 278 278 279 280 280 280 281 281 281 282 282 282 282 283 283 283 284 284 285 285 286 286 286 287 287 287 287 287
238 238 239 240 240 242 242 243 243 244 245 245 245 247 247 247 249 249 249 250 252 252 252 253 254 254 256 256 257 257 258 258 260 260 261 261 262 262 263 264 264 265 265 265 266 267 268 268 268 269 270 270 270 270 272 273 273 273 273 273 275 275 275 275 276 277 278 278 278 278 278 279 280 280 280 280 280 282 282 283 283 283 283 283 283 284 284 285 285 285 285 285 285 286
237 238 238 240 240 241 242 242 243 243 245 245 245 246 247 247 248 248 249 249 250 251 251 252 253 254 254 255 255 256 257 258 258 259 259 260 261 261 262 263 263 263 264 265 266 266 266 267 267 268 268 269 270 270 270 271 271 272 272 272 274 274 275 275 275 275 276 277 277 277 277 278 278 279 280 280 280 280 280 280 282 282 282 282 282 282 282 283 284 284 285 285 285 285
237 238 238 239 240 240 241 241 243 243 243 245 245 245 246 247 247 248 248 249 250 250 250 252 252 252 252 254 255 255 255 257 257 257 258 260 260 260 260 261 263 263 263 263 264 265 265 265 266 267 268 268 268 269 269 270 271 271 271 272 272 273 273 273 274 274 274 276 276 276 277 277 277 277 278 278 279 279 279 279 279 281 281 282 282 282 282 282 283 283 283 284 284 284
236 236 238 238 239 240 241 241 241 243 243 244 245 245 246 246 247 248 248 248 250 250 250 250 252 252 252 252 254 254 254 255 257 257 257 257 258 259 260 260 261 262 262 262 262 264 265 265 265 265 267 267 267 268 268 269 270 270 270 270 270 271 272 273 273 273 274 274 275 275 275 275 276 276 277 278 278 278 278 279 279 280 280 280 280 280 281 281 281 282 282 282 282 282
236 236 237 238 239 239 240 241 241 242 243 243 244 244 245 246 246 246 248 248 248 250 250 250 251 252 252 252 253 253 254 254 255 255 256 256 258 258 259 259 259 260 260 262 262 262 263 264 264 264 265 266 267 267 267 267 268 269 269 270 270 270 271 272 272 272 272 272 274 274 274 275 275 275 275 277 277 277 277 277 277 277 279 279 279 279 279 279 280 281 282 282 282 282
235 236 236 237 238 239 239 240 241 241 242 243 244 244 244 246 246 246 247 248 248 249 249 250 250 251 251 252 252 253 253 254 254 255 255 256 256 257 257 257 259 260 260 260 261 261 262 262 263 264 264 265 265 265 266 266 267 268 268 269 269 269 269 270 270 271 272 272 272 273 273 274 274 274 274 275 275 276 276 276 276 277 277 278 278 279 279 279 279 279 280 280 280 281
234 236 236 237 237 239 239 239 240 241 242 242 243 244 244 244 246 246 246 247 248 248 249 249 250 251 251 251 252 253 253 253 253 255 255 255 255 256 257 257 257 258 259 259 259 260 261 262 262 262 262 263 264 265 265 265 266 267 267 267 267 268 268 270 270 270 270 271 271 272 272 272 272 273 273 274 275 275 275 275 276 276 276 277 277 277 277 277 278 278 278 279 279 279
234 234 235 236 237 237 239 239 240 240 242 242 242 243 244 244 245 245 246 247 247 247 249 249 249 249 251 251 251 251 253 253 253 253 255 255 255 255 256 257 257 257 257 259 259 259 259 260 261 261 261 262 262 264 264 264 264 264 266 266 267 267 267 267 269 269 269 269 269 269 271 272 272 272 272 272 273 274 274 274 274 274 274 275 276 276 276 276 277 277 277 278 279 279
234 234 235 235 237 237 238 239 240 240 240 242 242 242 243 244 244 245 245 246 247 247 247 249 249 249 250 251 251 251 252 253 253 253 254 254 255 255 255 256 257 257 257 258 258 259 259 259 260 260 261 261 261 262 262 263 263 264 264 265 266 266 266 266 267 267 268 269 269 269 269 270 271 271 271 271 271 272 272 273 273 274 274 274 275 275 275 276 276 276 276 276 277 277
232 234 234 235 235 237 237 238 238 240 240 241 241 242 243 243 244 245 245 245 247 247 247 248 249 249 249 250 250 251 251 252 252 253 253 254 254 255 255 256 256 256 257 257 258 258 258 259 259 260 260 260 261 261 262 262 262 263 263 264 264 264 265 265 266 267 267 267 268 268 268 269 269 269 269 270 270 271 272 272 272 272 273 273 273 274 274 274 274 274 275 275 275 276
232 233 233 235 235 236 237 238 238 239 240 240 241 241 242 243 243 243 245 245 245 246 247 247 248 248 249 249 250 250 251 252 252 252 253 254 254 254 254 255 256 256 256 256 258 258 258 258 259 260 260 260 260 260 262 262 262 262 262 263 264 264 264 264 264 265 266 266 266 266 266 267 268 269 269 269 269 269 270 271 271 271 271 271 271 272 273 273 273 273 274 274 274 274
232 232 233 233 235 235 236 237 238 238 239 240 241 241 241 243 243 243 244 245 245 246 246 247 248 248 248 249 250 250 250 250 252 252 252 252 254 254 254 254 255 256 256 256 256 258 258 258 258 258 260 260 260 260 260 261 262 262 262 262 263 264 264 264 264 264 265 266 266 266 266 266 266 268 268 268 268 268 268 269 269 270 270 270 271 271 272 272 272 273 273 273 273 273
230 232 233 233 234 235 236 236 237 238 239 239 239 241 241 241 242 243 243 244 244 245 246 246 246 248 248 248 248 250 250 250 251 252 252 252 253 253 254 254 254 255 256 256 256 257 257 258 258 258 259 259 260 260 260 261 261 261 262 262 262 263 263 264 264 264 264 265 265 266 266 266 266 267 267 267 268 268 268 268 269 269 269 269 270 270 270 271 271 271 271 271 272 272
230 231 232 233 233 234 236 236 236 237 238 239 239 240 241 241 242 242 243 244 244 244 246 246 246 247 248 248 248 249 250 250 250 251 251 252 252 253 253 254 254 255 255 255 256 256 257 257 257 258 258 259 259 259 260 260 261 261 261 261 262 262 263 263 263 263 264 264 265 265 265 265 266 266 267 267 267 267 267 268 268 269 269 269 269 269 269 270 271 271 271 271 271 271
230 230 231 232 233 234 234 235 236 237 237 239 239 239 240 241 241 242 242 243 244 244 244 246 246 246 247 247 248 248 249 249 250 251 251 251 252 253 253 253 253 254 255 255 255 255 257 257 257 257 257 259 259 259 259 259 260 261 261 261 261 261 263 263 263 263 263 263 265 265 265 265 265 265 266 267 267 267 267 267 267 268 269 269 269 269 269 269 269 270 270 271 271 271
228 230 231 231 232 234 234 235 235 236 237 237 238 239 240 240 240 242 242 242 243 244 244 245 245 246 246 247 247 248 249 249 249 249 251 251 251 251 253 253 253 253 254 255 255 255 255 256 257 257 257 257 258 259 259 259 259 260 260 261 261 261 261 262 263 263 263 263 263 264 264 265 265 265 265 266 266 266 267 267 267 267 268 268 268 268 269 269 269 270 270 270 270 270
228 229 230 231 232 232 234 234 235 235 237 237 238 238 239 240 240 240 242 242 242 243 244 244 245 245 246 247 247 247 247 249 249 249 250 251 251 251 251 252 253 253 253 254 254 255 255 255 256 256 257 257 257 258 258 259 259 259 260 260 260 261 261 262 262 262 262 263 263 264 264 264 264 265 265 265 266 266 266 266 266 267 267 268 268 268 268 268 268 269 270 270 270 270
228 228 229 230 231 232 233 233 235 235 235 237 237 238 238 240 240 240 241 241 242 243 243 243 245 245 245 245 247 247 247 248 249 249 249 250 250 251 251 252 252 252 253 253 254 254 254 255 256 256 256 256 257 258 258 258 258 259 260 260 260 260 260 261 262 262 262 262 262 263 264 264 264 264 264 264 266 266 266 266 266 266 266 267 268 268 268 268 268 268 268 269 269 270
226 228 229 229 230 232 232 233 233 235 235 236 236 238 238 238 239 240 240 241 241 242 243 243 243 245 245 245 246 246 247 247 248 248 249 249 250 250 250 251 252 252 252 252 254 254 254 254 254 256 256 256 256 256 258 258 258 258 258 259 260 260 260 260 260 261 262 262 262 262 262 263 264 264 264 264 264 265 265 266 266 266 266 266 267 267 267 267 268 268 268 269 269 269
226 227 228 229 230 230 232 233 233 234 235 235 236 236 238 238 239 239 240 241 241 241 243 243 243 244 244 245 245 246 246 247 248 248 248 248 250 250 250 250 252 252 252 252 252 254 254 254 254 255 255 256 256 256 257 257 258 258 258 258 259 259 260 260 260 261 261 261 262 262 262 263 263 263 263 264 264 264 265 265 265 265 265 266 266 267 267 267 267 267 267 268 269 269
225 226 227 228 229 230 231 231 233 233 234 234 236 236 237 237 238 239 239 239 241 241 241 242 243 243 244 244 245 246 246 246 246 248 248 248 248 250 250 250 250 251 252 252 252 253 253 254 254 254 255 255 255 256 256 257 257 257 258 258 259 259 259 259 260 260 261 261 261 261 261 262 263 263 263 263 263 263 265 265 265 265 265 265 265 266 267 267 267 267 267 267 267 268
224 226 227 227 228 230 230 231 232 233 234 234 234 236 236 237 237 239 239 239 240 241 241 242 242 242 244 244 244 244 246 246 246 247 247 248 248 249 249 250 250 251 251 251 252 252 253 253 253 254 255 255 255 255 255 256 257 257 257 257 257 259 259 259 259 259 259 261 261 261 261 261 261 263 263 263 263 263 263 264 264 265 265 265 265 265 266 266 266 266 267 267 267 267
223 224 225 227 228 228 230 231 231 232 233 234 234 235 236 237 237 237 238 239 239 240 240 241 242 242 242 244 244 244 245 245 246 246 247 247 248 248 249 249 249 250 251 251 251 251 253 253 253 253 253 255 255 255 255 255 256 257 257 257 257 258 258 259 259 259 259 260 260 261 261 261 261 262 262 262 263 263 263 263 264 264 264 264 265 265 265 266 266 266 266 266 266 266
222 224 225 226 227 228 229 229 231 232 232 233 234 234 235 235 237 237 238 238 239 240 240 240 242 242 242 243 243 244 244 245 245 246 247 247 247 247 249 249 249 249 249 251 251 251 251 252 253 253 253 253 254 254 255 255 255 256 256 257 257 257 258 258 258 259 259 259 260 260 260 260 261 261 262 262 262 262 262 262 264 264 264 264 264 264 264 265 266 266 266 266 266 266
221 223 224 225 226 228 228 229 230 231 232 232 233 234 235 235 236 237 237 238 238 238 240 240 240 241 242 242 243 243 244 245 245 245 245 247 247 247 247 248 249 249 249 250 250 251 251 251 252 252 253 253 254 254 254 254 255 256 256 256 256 256 257 258 258 258 258 258 260 260 260 260 260 260 260 262 262 262 262 262 262 263 263 264 264 264 264 264 265 265 265 265 266 266
219 221 223 225 226 226 228 229 229 230 232 232 233 233 233 235 235 236 236 237 238 238 239 240 240 241 241 242 243 243 243 243 245 245 245 245 246 247 247 248 248 248 249 249 250 250 250 251 252 252 252 252 253 254 254 254 254 254 256 256 256 256 256 257 258 258 258 258 258 259 259 260 260 260 260 261 261 261 262 262 262 262 263 263 263 263 263 264 264 265 265 265 265 265
218 221 222 223 225 226 227 227 229 230 230 231 232 233 233 234 235 236 236 236 238 238 238 239 239 240 241 241 241 243 243 243 244 244 245 245 246 246 246 247 248 248 248 248 250 250 250 250 250 252 252 252 252 253 254 254 254 254 254 255 256 256 256 256 257 257 257 258 258 258 259 259 259 259 260 260 261 261 261 261 261 262 262 263 263 263 263 263 263 263 264 265 265 265
217 219 221 223 224 226 226 227 228 229 230 231 231 233 233 233 234 234 236 236 236 237 238 239 239 239 241 241 241 241 242 243 243 244 244 244 245 246 246 246 247 248 248 248 248 249 250 250 250 251 251 252 252 252 253 253 253 254 254 255 255 255 255 256 256 257 257 257 257 258 259 259 259 259 259 259 259 261 261 261 261 261 261 262 262 263 263 263 263 263 264 264 264 264
217 217 220 222 223 224 225 227 227 228 229 230 231 231 232 233 234 234 234 236 236 237 237 238 239 239 239 240 241 241 242 242 242 243 244 244 244 246 246 246 246 247 248 248 248 249 249 249 250 250 251 251 251 252 252 253 253 253 253 254 255 255 255 255 255 257 257 257 257 257 257 258 259 259 259 259 259 260 260 260 261 261 261 261 262 262 262 262 262 263 263 264 264 264
217 217 218 220 223 224 225 225 227 228 228 229 231 231 232 232 233 234 234 235 235 236 237 237 238 239 239 240 240 240 241 242 242 242 244 244 244 244 245 246 246 246 247 247 248 248 249 249 249 249 250 251 251 251 251 253 253 253 253 253 254 255 255 255 255 255 256 256 257 257 257 257 258 258 258 259 259 259 260 260 260 260 260 261 261 262 262 262 262 262 262 262 263 264
216 217 217 220 221 223 224 225 226 227 228 229 229 230 231 232 232 233 234 234 235 235 237 237 237 238 238 239 240 240 240 242 242 242 242 243 244 244 245 245 245 246 247 247 247 247 248 249 249 249 249 250 251 251 251 251 252 252 253 253 253 254 254 254 255 255 255 256 256 256 256 257 258 258 258 258 258 258 259 260 260 260 260 260 260 261 261 262 262 262 262 262 262 263
389 389 389 391 220 222 223 225 225 226 227 228 229 229 230 231 232 232 233 234 235 235 235 236 237 237 238 238 239 240 240 240 241 242 242 243 243 243 244 245 245 245 245 247 247 247 247 248 249 249 249 249 250 250 251 251 251 252 252 252 253 253 254 254 254 254 254 256 256 256 256 256 256 257 258 258 258 258 258 259 259 259 260 260 260 260 261 261 261 261 261 262 262 263
389 389 389 389 393 394 395 396 398 226 226 227 229 229 230 230 231 232 233 233 233 235 235 236 236 237 238 238 238 239 240 240 241 241 241 242 243 243 243 243 245 245 245 245 246 247 247 247 248 248 248 249 250 250 250 250 251 252 252 252 252 252 253 254 254 254 254 254 255 256 256 256 256 256 257 257 257 258 258 258 259 259 259 259 259 259 260 261 261 261 261 261 261 261
388 388 389 389 390 392 395 396 397 397 399 400 400 228 229 230 230 231 232 233 233 234 234 235 236 236 236 238 238 238 239 239 240 241 241 241 242 243 243 243 244 244 245 245 246 246 246 247 248 248 248 248 248 250 250 250 250 250 251 252 252 252 252 253 253 254 254 254 254 255 255 255 256 256 257 257 257 257 257 257 258 259 259 259 259 259 259 259 260 260 261 261 261 261
388 388 388 389 389 391 393 395 396 397 398 399 400 401 401 403 403 404 231 232 233 233 234 234 236 236 236 237 237 238 239 239 239 239 241 241 241 242 242 243 243 244 244 244 245 246 246 246 246 248 248 248 248 248 249 250 250 250 251 251 251 252 252 252 253 253 253 253 254 255 255 255 255 255 255 257 257 257 257 257 257 257 258 258 259 259 259 259 260 260 260 260 260 260
