testData/tiles/oneDegree/grid3.0-30.0-4.0-31.0.asc
ncols   200
nrows   200
xllcorner   3.0
yllcorner   30.0
cellsize   0.005
NODATA_value   -9999.0
[rows 0 to 41 of 200, columns 0 to 93 of 200]
505 504 505 505 506 506 507 507 508 508 509 509 510 510 511 511 512 512 513 513 514 514 515 515 516 516 517 517 518 518 519 519 520 520 521 521 522 522 523 524 524 525 525 526 525 527 527 528 528 529 530 531 531 531 532 532 534 534 535 535 535 536 536 537 537 539 539 539 540 540 541 541 540 541 541 542 542 542 542 542 543 543 543 544 544 544 545 544 544 545 545 546 546 544
503 504 504 505 505 506 506 507 507 508 508 509 509 510 510 511 511 512 512 513 513 514 514 515 515 516 516 517 517 518 518 519 519 520 520 521 521 522 522 524 523 524 524 524 526 526 527 527 528 529 530 530 531 531 531 533 533 534 534 535 535 536 536 537 538 538 539 539 538 539 539 540 540 540 541 541 542 542 542 543 542 542 543 543 544 544 544 545 544 544 545 544 544 545
503 504 504 505 505 506 506 507 507 508 508 509 509 510 510 511 511 512 512 513 513 514 514 515 515 516 516 517 517 518 518 518 519 519 520 519 520 520 522 522 523 523 524 525 526 526 526 527 527 529 529 530 530 531 532 533 533 533 534 534 535 536 537 537 537 537 537 538 538 538 539 539 540 540 540 541 541 542 542 542 543 543 542 543 543 543 544 544 544 543 543 544 544 544
503 503 504 504 505 505 506 506 507 507 508 508 509 509 510 510 511 511 512 512 513 513 514 514 515 515 516 516 517 517 517 517 518 518 519 519 519 520 521 522 522 523 523 525 525 526 526 527 528 528 529 529 530 530 532 532 533 533 533 534 535 536 535 535 536 536 537 537 538 538 538 539 539 540 540 540 541 541 541 542 542 543 543 542 543 542 542 543 543 542 543 543 543 544
502 503 503 504 504 505 505 506 506 507 507 508 508 509 509 510 510 511 511 512 512 513 513 514 514 514 514 515 515 516 516 517 517 518 518 519 519 521 521 521 522 522 524 524 525 525 526 527 528 528 528 529 529 531 531 532 532 533 532 533 534 534 535 535 535 536 536 538 538 539 539 539 540 540 540 541 540 541 541 541 542 542 541 542 541 541 542 542 543 543 542 543 543 543
502 503 503 504 504 505 505 506 506 507 507 508 508 509 509 510 510 511 511 511 511 512 512 513 513 514 514 514 515 515 516 516 517 517 518 518 519 520 521 521 522 522 523 524 524 525 525 527 527 528 528 529 530 530 530 530 531 531 533 533 533 534 534 535 535 536 537 537 538 538 538 539 539 540 540 540 541 541 540 540 540 541 541 541 542 541 541 542 542 542 543 542 542 543
502 502 503 503 504 504 505 505 506 506 507 507 508 507 508 508 509 509 510 510 511 511 512 512 513 513 514 514 515 515 516 516 516 517 517 518 518 520 520 521 521 522 523 524 524 524 526 526 527 527 527 527 529 529 529 530 530 532 532 533 533 533 534 535 536 536 536 537 537 538 538 538 539 539 540 539 539 540 540 540 540 540 540 541 541 542 541 541 542 542 542 542 542 542
501 502 502 503 503 504 503 504 504 505 505 506 506 507 507 508 508 509 509 510 510 511 511 512 512 513 513 514 514 515 515 516 516 517 517 518 519 519 520 520 521 522 523 523 524 523 525 525 525 526 526 528 528 529 529 529 531 531 532 532 533 533 534 535 535 536 536 536 537 537 538 538 537 538 538 538 539 539 540 540 540 540 540 540 541 541 541 541 541 541 542 542 540 541
500 501 501 502 502 503 503 504 504 505 505 506 506 507 507 508 508 509 509 510 510 511 511 511 512 512 513 513 514 514 515 515 516 516 517 517 519 519 520 520 520 521 521 522 522 523 524 525 525 525 526 527 528 528 529 529 530 531 531 532 532 534 534 534 535 535 536 536 535 536 537 537 538 537 538 538 538 539 539 539 540 540 539 540 540 541 541 540 541 540 540 540 540 540
500 500 501 501 502 502 503 503 504 504 505 505 506 506 507 507 508 508 509 509 510 510 511 511 512 512 513 513 513 514 514 515 515 516 516 517 517 518 518 519 519 520 521 521 522 523 524 524 525 525 526 527 527 528 528 530 530 530 531 531 533 533 533 534 533 534 534 535 536 536 537 537 537 538 538 539 538 538 539 539 539 540 540 539 540 540 539 540 539 539 540 540 540 540
316 500 500 501 501 502 502 503 503 504 504 505 505 506 506 507 507 508 508 509 509 510 510 511 511 512 512 513 513 514 513 514 514 514 515 515 517 517 518 518 520 520 521 521 521 523 523 524 524 525 526 526 527 527 528 529 530 530 530 531 531 532 532 532 533 533 535 535 535 536 536 537 537 537 538 538 538 538 538 538 539 539 540 538 538 539 539 539 539 539 539 539 540 539
316 317 317 501 501 502 502 503 503 504 504 505 505 506 506 507 507 508 508 508 509 509 510 510 511 510 511 511 512 512 513 513 514 514 515 515 516 517 517 518 519 520 520 521 521 522 523 523 524 524 526 526 526 527 528 529 528 529 529 530 531 531 532 532 532 534 534 535 535 535 536 536 536 537 537 538 538 538 538 537 537 538 538 538 538 538 538 539 539 538 539 539 539 539
316 316 317 317 318 501 502 502 503 503 504 504 505 505 506 506 507 507 507 507 508 508 509 509 509 510 510 511 511 512 512 513 513 514 514 516 516 516 517 517 519 519 520 520 521 522 522 523 523 525 525 526 525 525 527 527 528 528 529 530 530 531 531 532 533 533 534 534 534 535 535 536 536 536 537 537 536 537 537 537 537 537 538 538 537 538 538 538 539 538 538 538 539 539
315 316 316 317 317 318 318 502 502 503 503 503 503 504 504 505 505 506 506 507 507 508 508 509 509 510 510 511 511 511 512 512 513 513 514 515 516 516 517 517 518 519 519 520 521 522 522 521 522 523 524 524 525 525 526 527 527 528 529 529 530 530 531 532 532 533 533 534 534 535 536 536 536 536 535 536 536 536 537 537 536 537 537 537 538 537 537 538 538 537 538 537 537 538
315 316 316 316 316 317 317 318 318 502 502 503 503 504 504 504 505 505 506 506 507 507 508 508 509 509 510 510 511 511 512 512 512 513 513 515 515 516 516 517 518 518 518 518 520 520 521 521 521 523 523 524 524 525 526 526 527 527 529 529 529 530 530 532 532 532 533 533 534 534 534 535 535 535 536 535 535 536 536 537 536 536 537 537 537 537 537 537 536 536 536 536 537 537
314 314 315 315 316 316 317 317 318 318 319 502 503 503 504 504 505 505 506 506 506 507 507 508 508 509 509 510 510 511 511 512 512 512 513 514 515 514 515 515 517 517 517 518 519 520 520 521 521 522 523 523 524 525 526 526 526 527 528 529 529 529 530 531 531 531 531 533 533 533 534 534 535 535 535 536 535 535 536 536 535 536 536 536 536 535 535 536 536 536 536 536 536 536
313 314 314 315 315 316 316 317 317 318 318 319 319 320 503 504 504 505 505 506 506 507 507 508 508 508 509 509 510 510 511 510 511 511 512 513 513 514 514 515 516 517 517 518 519 519 520 520 521 522 522 523 523 525 525 526 526 526 528 527 528 528 529 530 530 530 531 532 533 533 533 534 534 534 535 535 535 535 535 536 536 534 535 535 535 535 535 535 535 536 535 535 536 536
313 314 314 315 315 316 316 317 317 318 318 318 319 319 320 320 504 504 505 505 506 506 507 507 508 507 508 508 508 509 509 510 510 511 511 513 513 513 514 514 516 516 517 517 519 519 519 520 520 522 522 522 523 524 525 524 525 525 526 527 527 527 529 529 530 530 530 532 532 533 533 534 534 534 534 535 534 533 534 534 534 534 534 534 535 534 534 535 535 535 535 535 535 535
313 313 314 314 315 315 316 316 317 317 318 318 319 319 320 320 320 321 503 504 504 505 505 506 506 507 507 508 508 509 509 509 510 510 511 512 513 513 514 514 515 516 516 517 518 519 519 519 520 521 521 521 521 523 523 524 524 524 526 526 527 527 528 529 529 530 530 531 532 532 532 533 533 532 533 533 533 533 533 534 534 533 534 534 534 534 534 534 534 535 534 533 534 534
313 313 313 314 314 315 315 316 316 317 317 317 317 318 318 319 319 320 320 321 321 504 505 505 506 506 507 507 508 508 509 509 509 510 510 512 512 513 513 514 515 515 516 516 518 517 518 518 518 520 520 521 521 522 523 523 524 524 525 526 526 527 527 528 529 529 529 531 531 531 531 531 532 532 532 533 532 532 533 533 532 533 533 533 534 533 533 534 533 533 533 533 533 533
313 313 312 313 313 314 314 314 315 315 316 316 317 317 318 318 319 319 320 320 321 321 322 505 505 506 506 507 507 508 508 509 509 510 510 511 512 512 513 513 514 514 514 515 516 517 517 518 518 519 520 520 521 521 522 523 523 524 525 525 526 526 526 528 528 528 528 528 530 530 530 531 531 532 532 531 532 532 532 533 532 532 533 533 532 531 532 532 532 532 532 532 533 533
312 312 312 312 313 313 314 314 315 315 316 316 317 317 317 318 318 319 319 320 320 321 321 322 322 323 506 506 507 507 508 508 509 509 509 510 510 511 511 512 513 514 514 514 516 516 517 517 517 519 519 520 520 521 522 522 523 523 524 525 524 525 525 526 527 527 528 528 528 530 530 530 531 531 530 531 531 531 532 532 530 531 531 531 532 531 531 532 532 531 531 532 532 532
312 312 312 312 312 313 313 314 314 315 315 316 316 317 317 318 318 318 319 319 320 320 321 321 322 322 323 323 322 506 506 507 507 508 508 510 510 510 511 511 513 513 514 514 514 516 516 517 517 518 519 519 520 520 521 521 521 522 522 523 524 524 525 525 526 527 527 527 528 528 528 529 529 530 530 530 530 530 530 530 530 530 531 531 530 530 531 531 531 531 531 531 532 531
312 312 312 312 312 312 313 313 314 314 315 315 316 316 317 317 318 318 319 319 319 319 319 320 320 321 321 322 322 323 323 323 507 507 508 508 510 510 510 511 512 513 513 514 514 515 516 516 517 517 517 518 518 519 520 520 521 521 522 523 523 524 524 524 525 526 527 527 527 528 528 528 528 528 528 529 529 529 529 529 529 530 530 530 530 530 530 531 531 529 529 530 530 529
312 312 312 312 312 312 313 313 314 314 314 315 315 315 315 316 316 317 317 318 318 319 319 319 320 320 321 321 322 322 323 323 323 324 324 325 509 510 510 510 512 512 513 513 514 514 514 515 515 516 517 517 518 518 519 520 520 521 521 521 523 523 524 524 524 525 526 525 526 526 527 527 527 528 528 528 529 528 528 529 529 529 530 529 529 528 529 529 528 529 529 529 529 529
312 312 312 312 311 311 311 312 312 313 313 314 314 314 315 315 316 316 317 317 318 318 319 319 319 320 320 321 321 322 322 323 323 323 324 324 326 326 327 509 509 511 511 512 512 514 514 514 515 515 517 517 517 518 518 520 520 520 521 521 522 523 523 523 523 523 524 525 525 526 526 526 527 527 527 528 527 527 528 528 528 528 528 527 528 528 528 529 528 528 528 529 529 528
311 311 311 311 311 311 311 311 312 312 313 313 314 314 315 315 315 316 316 317 317 318 318 319 319 320 320 320 321 321 322 322 323 322 322 323 324 325 325 326 326 327 328 511 512 512 513 514 514 515 515 516 517 517 518 518 519 520 519 520 520 521 522 522 522 523 523 523 524 524 526 526 526 526 526 526 527 526 526 527 527 527 526 527 527 527 528 527 527 528 528 528 526 527
311 311 311 311 311 311 311 311 311 312 312 313 313 314 314 315 315 316 316 316 317 317 318 318 319 319 319 319 319 320 320 321 321 322 322 322 324 324 325 325 326 327 327 328 328 329 330 330 514 514 515 516 516 516 516 517 518 518 519 519 519 520 521 522 522 522 523 523 523 524 524 524 525 524 524 525 525 525 526 526 526 526 526 526 527 527 527 526 527 526 526 527 526 526
311 311 311 311 311 311 311 311 311 311 312 312 313 313 314 314 315 315 315 315 316 316 316 317 317 318 318 319 319 319 320 320 321 321 322 322 322 324 324 325 325 326 327 327 328 328 330 329 329 330 330 331 332 332 516 516 517 518 518 519 519 519 520 521 521 522 522 523 522 522 523 523 523 524 524 524 525 525 525 526 525 525 525 526 525 525 525 525 525 526 526 525 525 526
311 311 311 311 311 311 311 311 311 311 311 311 311 312 312 313 313 314 314 315 315 316 316 316 317 317 318 318 319 319 319 320 320 321 321 322 322 323 324 324 325 324 326 326 326 327 327 329 329 329 330 330 332 332 332 333 333 333 335 335 336 519 519 519 519 520 521 521 521 522 522 522 523 523 523 524 524 524 524 524 523 524 524 524 525 524 524 524 525 525 525 525 525 525
310 310 310 310 310 310 310 310 310 310 310 311 311 312 312 312 313 313 314 314 315 315 316 316 316 317 317 318 318 319 319 320 320 320 321 320 321 322 322 323 323 324 325 326 326 326 327 328 328 329 329 330 330 331 332 332 333 333 332 334 334 334 335 335 335 336 336 338 338 338 339 339 339 340 340 340 339 339 339 339 340 340 340 341 340 340 341 341 341 341 340 340 340 341
310 310 310 310 310 310 310 310 310 310 310 310 311 311 312 312 313 313 313 314 314 315 315 316 316 317 317 317 317 317 318 318 319 319 319 320 320 321 322 322 323 323 324 325 325 326 326 327 328 328 329 329 330 329 330 331 331 331 332 332 334 334 334 335 335 335 336 336 336 337 337 336 337 337 337 338 338 338 339 339 339 340 340 339 339 340 339 339 340 339 339 339 340 340
310 310 310 310 310 310 310 310 310 310 310 310 310 311 311 312 312 313 313 313 313 313 314 314 315 315 316 316 316 317 317 318 318 319 319 319 320 320 322 322 322 323 323 325 325 325 326 325 326 327 327 328 328 329 330 330 331 331 331 332 332 333 334 334 335 335 334 335 335 335 336 336 336 337 337 337 338 338 338 338 339 339 337 338 338 338 339 339 339 338 339 339 339 339
310 310 310 310 310 310 310 310 310 310 310 310 309 309 310 310 311 311 312 312 312 313 313 314 314 315 315 316 316 316 317 317 318 318 318 319 319 320 320 322 322 321 322 322 324 324 324 325 325 327 327 327 328 328 328 330 330 331 331 331 332 331 331 333 333 333 334 334 334 335 335 335 336 336 336 337 337 336 337 337 336 337 337 337 337 338 338 338 338 338 338 337 338 338
310 310 309 309 309 309 309 309 309 309 309 309 309 309 309 310 310 311 311 312 312 313 313 313 314 314 315 315 316 316 316 317 317 318 317 317 318 318 319 320 321 321 321 322 322 324 324 324 325 325 326 327 327 328 328 328 329 329 329 330 330 331 331 331 332 333 333 334 334 334 335 335 335 335 335 335 336 336 335 335 336 336 336 337 337 337 337 336 336 336 337 337 337 336
309 309 309 309 309 309 309 309 309 309 309 309 309 309 309 309 310 310 311 311 312 312 313 313 313 314 314 314 314 315 315 315 316 316 317 317 317 318 318 319 320 320 321 321 322 323 323 324 324 325 324 325 326 326 326 327 327 328 329 329 330 330 330 331 331 331 332 332 331 333 333 333 334 334 333 334 334 334 335 335 335 336 335 335 335 335 335 335 336 336 336 336 336 336
309 309 309 309 309 309 309 309 309 309 309 309 309 309 309 309 310 310 310 310 310 311 311 312 312 312 313 313 314 314 315 315 315 316 316 317 317 317 318 318 320 320 320 321 320 321 322 322 323 323 324 324 325 326 326 326 327 327 327 329 329 330 330 329 330 330 330 331 331 331 332 332 332 333 333 333 333 333 333 333 334 334 334 335 334 334 334 335 335 335 335 334 334 334
309 309 309 309 309 309 309 309 309 308 308 308 308 308 308 308 308 309 309 309 310 310 311 311 312 312 312 313 313 314 314 315 315 315 316 316 317 316 316 317 317 319 319 319 320 320 321 322 322 323 323 323 324 325 326 326 326 326 326 326 327 328 328 329 329 329 330 330 330 331 331 331 332 331 331 332 332 332 333 333 333 333 333 333 333 333 333 333 333 334 333 333 333 334
308 308 308 308 308 308 308 308 308 308 308 308 308 308 308 308 308 308 309 309 309 310 310 311 311 312 312 312 313 313 313 313 314 314 314 315 315 316 316 316 317 317 319 319 319 320 320 320 322 322 323 322 322 323 324 324 325 325 326 326 326 327 327 328 329 329 329 330 329 329 330 330 330 331 331 331 331 332 332 332 332 331 331 332 332 332 332 333 333 332 332 333 333 333
313 308 308 308 308 308 308 308 308 308 308 308 308 308 308 308 308 308 308 309 309 309 309 309 310 310 311 311 311 312 312 313 313 313 314 314 315 315 315 316 316 317 318 318 319 318 319 319 320 321 321 321 322 322 323 324 324 325 325 325 326 326 325 326 326 326 328 328 328 329 329 329 330 330 330 331 330 329 330 330 330 330 331 331 331 332 332 332 331 332 332 332 332 333
313 313 308 308 308 308 308 308 308 308 308 308 308 307 307 307 307 307 307 307 308 308 308 309 309 310 310 311 311 311 312 312 313 313 313 314 314 315 314 314 315 315 316 317 317 318 318 319 319 320 321 321 321 322 322 322 323 323 324 324 324 325 325 325 326 326 326 327 327 327 328 327 327 328 328 328 328 329 329 329 330 330 330 330 331 331 330 331 331 331 331 332 332 332
313 313 313 307 307 307 307 307 307 307 307 307 307 307 307 307 307 307 307 307 307 308 308 308 309 309 310 310 311 311 311 311 311 312 312 312 313 313 314 314 314 315 315 316 317 317 318 318 318 319 319 320 320 320 321 321 321 322 323 323 324 324 324 325 325 324 325 325 325 326 326 326 327 327 327 328 328 328 329 329 329 329 330 330 330 329 330 330 330 331 331 331 330 331
