testData/tiles/oneDegree/grid36.0-45.0-37.0-46.0.asc
ncols   200
nrows   200
xllcorner   36.0
yllcorner   45.0
cellsize   0.005
NODATA_value   -9999.0
[rows 126 to 167 of 200, columns 94 to 187 of 200]
697 697 697 697 697 697 697 696 696 696 696 696 696 695 695 695 695 695 694 694 694 694 694 692 692 692 692 692 691 691 691 691 690 690 690 690 689 689 688 688 687 687 687 687 686 686 683 682 682 681 681 680 680 680 679 679 679 678 677 677 676 676 676 675 675 675 673 673 673 672 672 671 671 670 669 669 668 668 668 667 435 434 434 433 433 433 431 431 430 430 429 428 427 427
698 698 698 698 697 697 697 697 697 697 696 696 696 696 696 696 695 695 694 694 694 693 693 693 693 693 692 692 692 692 691 691 691 691 690 689 689 689 688 688 688 688 687 687 684 684 683 682 682 681 681 681 680 680 680 680 679 678 678 677 677 677 676 676 676 674 674 673 673 673 672 672 671 670 670 669 669 668 667 667 435 435 434 434 432 432 431 431 431 430 429 428 428 427
699 698 698 698 698 698 698 697 697 697 697 696 696 695 695 695 695 695 694 694 694 694 694 693 693 693 693 693 692 692 692 692 690 690 690 690 689 689 689 689 688 688 685 685 684 683 683 682 682 682 682 681 681 681 680 679 679 678 678 678 677 677 677 675 675 675 674 674 674 673 672 671 671 671 670 670 669 668 667 667 436 435 435 433 433 432 432 431 431 429 429 428 428 427
698 698 698 698 697 697 697 697 697 697 696 696 696 696 696 696 695 695 695 695 695 694 694 694 694 694 693 693 693 692 691 691 691 691 690 690 690 690 689 689 689 686 684 684 684 684 683 683 683 682 682 682 681 680 680 680 679 679 679 678 678 677 676 676 675 675 675 674 674 673 672 672 671 671 671 670 669 668 668 436 436 436 434 434 433 433 432 432 430 430 429 429 428 427
699 698 698 698 698 698 698 698 697 697 697 697 697 697 696 696 696 696 696 695 695 695 695 695 693 693 693 693 692 692 692 692 691 691 691 691 691 690 690 686 685 685 685 685 684 684 684 683 683 683 682 681 681 681 680 680 680 679 679 678 677 677 677 676 676 676 675 674 673 673 673 672 672 671 670 670 669 669 668 437 436 435 435 434 434 433 433 431 431 430 430 429 428 428
699 699 699 699 699 698 698 698 698 698 698 697 697 697 697 697 696 696 696 695 695 694 694 694 694 694 693 693 693 693 692 692 692 692 692 691 687 687 686 686 686 686 685 685 685 685 684 684 683 682 682 682 681 681 681 680 680 679 678 678 678 677 677 677 676 676 675 674 674 673 673 673 672 671 670 670 670 669 669 436 436 435 435 435 434 433 432 432 431 431 430 429 429 429
700 700 699 699 699 699 699 699 698 698 698 698 697 697 696 696 696 696 696 695 695 695 695 695 694 694 694 694 693 693 693 693 693 691 688 688 688 687 687 687 686 686 686 686 685 684 684 683 683 683 683 682 682 682 681 680 680 679 679 679 678 678 678 677 676 675 675 675 674 674 674 672 672 671 671 670 670 670 668 437 436 436 435 435 433 433 432 432 431 431 430 430 430 430
699 699 699 699 699 698 698 698 698 698 698 697 697 697 697 697 697 696 696 696 696 695 695 695 695 695 694 694 694 693 692 692 689 689 689 688 688 688 687 687 687 687 686 685 685 685 684 684 684 683 683 683 682 681 681 680 680 680 679 679 679 678 677 677 676 676 676 675 675 673 673 673 672 672 671 671 669 669 669 437 437 436 436 434 434 433 433 432 432 431 431 431 431 431
700 700 699 699 699 699 699 699 698 698 698 698 698 698 697 697 697 697 697 696 696 696 696 696 694 694 694 694 693 693 690 690 689 689 689 689 688 688 688 687 686 686 686 686 685 685 685 684 684 684 683 682 682 682 681 681 681 680 680 680 678 678 677 677 677 676 676 676 674 674 673 673 673 672 672 670 670 669 438 438 437 436 435 435 434 434 433 432 432 432 432 432 432 431
700 700 700 700 700 699 699 699 699 699 699 698 698 698 698 698 698 697 696 696 696 696 695 695 695 695 694 691 691 691 690 690 690 690 689 689 688 688 687 687 687 687 686 686 686 685 685 685 684 683 683 683 682 682 682 681 681 680 679 679 679 678 678 677 677 677 675 675 675 674 674 673 673 672 671 671 670 670 438 438 436 436 436 435 435 434 433 433 433 433 433 433 432 432
701 701 700 700 700 700 700 700 699 699 698 698 698 698 697 697 697 697 697 696 696 696 696 696 695 692 692 692 691 691 691 691 689 689 689 689 688 688 688 688 687 687 687 687 686 685 685 684 684 684 683 683 683 682 682 681 680 680 680 679 679 679 678 678 677 676 676 675 675 675 674 673 672 672 672 671 671 670 438 437 437 436 436 435 434 434 434 434 434 434 433 433 433 433
700 700 700 700 700 700 699 699 699 699 699 698 698 698 698 698 698 697 697 697 697 696 693 693 693 693 692 692 691 691 690 690 690 690 689 689 689 689 688 688 688 688 686 686 686 685 685 685 684 684 684 684 683 682 682 681 681 681 680 680 679 679 678 677 677 677 676 676 675 674 674 673 673 672 672 671 670 670 438 438 437 437 436 435 435 435 435 435 435 434 434 434 434 434
701 701 700 700 700 700 700 700 699 699 699 699 699 699 698 698 698 698 698 697 694 694 693 693 692 692 692 692 691 691 691 691 690 690 690 690 689 689 688 688 687 687 687 686 686 686 686 685 685 685 683 683 683 682 682 682 681 681 681 679 679 678 678 678 677 677 677 675 675 674 674 674 673 673 672 671 670 670 438 438 438 436 436 436 436 436 436 435 435 435 435 435 435 434
701 701 701 701 701 701 700 700 700 700 700 699 699 699 699 698 697 694 694 694 694 693 693 693 693 693 692 692 692 692 691 691 691 691 689 689 689 689 688 688 688 687 687 687 687 686 686 685 684 684 684 683 683 683 682 682 682 680 680 680 679 679 679 678 678 676 676 676 675 675 674 674 674 672 672 671 671 439 439 437 437 437 437 437 437 437 436 436 436 436 436 435 435 435
701 701 700 700 700 700 700 700 699 699 699 699 699 699 695 695 695 695 695 694 694 694 694 693 693 693 693 693 692 692 691 691 690 690 690 690 689 689 689 688 688 688 688 687 686 686 685 685 685 684 684 684 683 683 682 681 681 681 680 680 680 679 679 678 677 677 676 676 676 675 675 673 673 672 672 672 671 440 438 438 438 438 438 438 437 437 437 437 437 437 436 436 436 436
701 701 701 701 701 700 700 700 700 700 700 696 696 696 696 696 695 695 695 695 695 694 694 694 693 692 692 692 692 692 691 691 691 691 690 690 690 689 689 689 688 687 687 687 686 686 686 686 685 685 685 683 683 683 682 682 682 681 681 680 679 679 678 678 678 677 677 676 676 675 674 674 673 673 672 672 670 439 439 439 439 439 438 438 438 438 438 438 437 437 437 437 437 437
702 702 701 701 701 701 701 701 697 697 697 697 697 697 696 696 696 695 694 694 694 694 694 693 693 693 693 692 692 692 692 691 691 691 691 690 689 689 689 688 688 688 687 687 687 687 686 686 685 684 684 684 683 683 683 682 682 682 680 680 679 679 679 678 678 678 676 676 675 675 674 674 674 673 672 671 671 440 440 440 439 439 439 439 439 439 439 438 438 438 438 438 437 437
702 702 702 702 702 698 697 697 697 697 697 696 696 696 696 696 695 695 695 695 695 694 694 694 694 693 693 693 693 692 692 691 691 690 690 690 690 689 689 689 688 688 688 688 687 686 686 685 685 685 684 684 684 683 683 682 681 681 681 680 680 679 679 679 677 677 676 676 676 675 675 674 673 672 672 672 672 441 441 440 440 440 440 440 440 439 439 439 439 439 439 438 438 438
702 699 698 698 698 698 698 698 697 697 697 697 697 696 696 696 696 696 695 695 695 695 695 694 694 694 693 692 692 692 692 691 691 691 691 690 690 690 689 689 689 688 687 687 687 686 686 686 685 685 685 684 683 683 682 682 682 681 681 681 680 679 678 678 678 677 677 676 676 675 674 674 673 673 673 673 442 441 441 441 441 441 441 440 440 440 440 440 440 439 439 439 439 439
699 699 699 699 699 698 698 698 698 698 697 697 697 697 697 696 696 696 696 695 694 694 694 694 694 693 693 693 693 692 692 692 692 691 691 691 690 689 689 689 688 688 688 687 687 687 686 686 686 684 684 684 683 683 683 682 682 682 681 680 680 679 679 678 678 678 677 676 675 675 674 674 674 674 673 673 442 442 442 442 442 441 441 441 441 441 441 440 440 440 440 440 440 439
700 699 699 699 699 699 699 698 697 697 697 697 697 696 696 696 696 696 695 695 695 695 694 694 694 694 693 693 693 693 692 692 691 691 690 690 690 690 689 689 689 688 688 688 687 686 686 686 685 685 685 684 684 684 683 683 681 681 681 680 680 680 679 679 678 677 677 676 676 675 675 675 674 674 674 674 443 443 443 442 442 442 442 442 442 442 441 441 441 441 441 441 440 440
699 699 699 699 698 698 698 698 698 698 697 697 697 697 697 696 696 696 696 696 695 695 695 695 694 694 693 693 692 692 692 692 691 691 691 691 690 690 690 689 689 688 688 687 687 687 686 686 686 685 685 685 684 683 683 682 682 681 681 681 680 680 678 678 678 677 677 676 676 676 675 675 675 675 675 675 444 443 443 443 443 443 443 443 442 442 442 442 442 442 441 441 441 441
700 699 699 699 699 699 699 698 698 698 698 698 697 697 697 697 697 696 696 695 695 694 694 694 694 694 693 693 693 693 692 692 692 692 691 691 691 689 689 689 689 688 688 688 687 687 687 686 686 685 684 684 684 683 683 683 682 682 681 680 680 679 679 678 678 678 677 676 676 676 676 676 676 676 676 444 444 444 444 444 444 444 443 443 443 443 443 443 442 442 442 442 442 442
700 700 700 699 699 699 699 698 698 697 697 697 697 697 696 696 696 696 696 695 695 695 695 694 694 694 694 693 693 693 693 692 691 691 691 690 690 690 689 689 689 689 688 688 688 686 686 686 685 685 685 684 684 684 683 683 681 681 681 680 680 680 679 679 678 677 677 677 677 677 677 677 677 676 676 445 445 445 445 445 444 444 444 444 444 444 443 443 443 443 443 443 442 442
699 699 699 699 699 699 698 698 698 698 698 697 697 697 697 697 696 696 696 696 696 695 695 695 695 694 693 693 693 692 692 692 692 691 691 691 690 690 690 690 689 688 688 687 687 687 686 686 686 685 685 685 684 683 683 682 682 681 681 681 680 680 678 678 678 678 678 678 678 678 677 677 677 677 677 446 446 445 445 445 445 445 445 445 444 444 444 444 444 444 443 443 443 443
700 700 700 699 699 699 699 699 698 698 698 698 698 697 697 697 697 697 695 695 695 695 694 694 694 694 694 693 693 693 692 692 692 692 691 691 691 690 689 689 689 688 688 688 687 687 687 686 686 685 684 684 684 683 683 683 682 682 681 680 680 679 679 679 679 679 679 678 678 678 678 678 678 678 678 446 446 446 446 446 446 446 445 445 445 445 445 445 444 444 444 444 444 444
700 700 700 700 699 698 698 698 698 698 697 697 697 697 697 696 696 696 696 696 695 695 695 695 694 694 694 694 693 693 693 692 691 691 691 690 690 690 690 689 689 689 688 688 688 686 686 686 685 685 685 684 684 684 683 683 681 681 681 680 680 680 680 680 680 679 679 679 679 679 679 679 678 678 447 447 447 447 447 447 446 446 446 446 446 446 445 445 445 445 445 445 444 444
700 700 699 699 699 699 699 698 698 698 698 698 697 697 697 697 697 696 696 696 696 696 695 695 695 694 693 693 693 693 692 692 692 691 691 691 691 690 690 690 689 688 688 687 687 687 686 686 686 685 685 685 683 683 683 682 682 681 681 681 681 681 680 680 680 680 680 680 680 680 679 679 679 679 448 448 448 447 447 447 447 447 447 447 446 446 446 446 446 446 445 445 445 445
700 700 700 700 699 699 699 699 699 698 698 698 698 698 697 697 696 696 696 695 695 695 695 694 694 694 694 693 693 693 693 692 692 692 691 691 690 690 689 689 689 688 688 688 687 687 687 686 685 685 684 684 684 683 683 682 682 682 681 681 681 681 681 681 681 681 681 680 680 680 680 680 680 680 449 448 448 448 448 448 448 448 447 447 447 447 447 447 446 446 446 446 446 446
700 699 699 699 699 699 698 698 698 698 698 697 697 697 697 697 696 696 696 696 696 695 695 695 695 694 694 694 694 693 692 692 691 691 691 691 690 690 690 689 689 689 688 688 687 686 686 686 685 685 685 684 684 684 683 682 682 682 682 682 682 682 682 682 681 681 681 681 681 681 681 681 680 680 449 449 449 449 449 448 448 448 448 448 448 448 447 447 447 447 447 447 446 446
700 700 700 699 699 699 699 699 698 698 698 698 698 697 697 697 697 697 696 696 696 696 694 694 694 694 693 693 693 693 692 692 692 691 691 691 691 690 690 689 688 688 688 687 687 687 686 686 686 685 685 684 683 683 683 683 683 683 683 683 683 682 682 682 682 682 682 682 682 681 681 681 681 681 450 450 450 449 449 449 449 449 449 449 448 448 448 448 448 448 447 447 447 447
700 700 700 700 700 699 699 699 699 699 698 698 697 697 697 696 696 696 696 695 695 695 695 695 694 694 694 693 693 693 693 692 692 692 691 690 690 690 689 689 689 688 688 688 687 687 687 685 685 685 684 684 684 684 684 684 684 683 683 683 683 683 683 683 683 683 682 682 682 682 682 682 682 451 450 450 450 450 450 450 450 449 449 449 449 449 449 449 448 448 448 448 448 448
700 700 699 699 699 699 699 698 698 698 698 698 697 697 697 697 697 696 696 696 696 695 695 695 695 694 694 693 693 692 692 692 691 691 691 691 690 690 690 689 689 689 688 687 687 686 686 686 685 685 685 685 685 685 684 684 684 684 684 684 684 684 684 683 683 683 683 683 683 683 683 682 682 451 451 451 451 451 451 450 450 450 450 450 450 449 449 449 449 449 449 448 448 448
700 700 700 700 699 699 699 699 699 698 698 698 698 698 697 697 697 697 696 695 695 695 694 694 694 694 693 693 693 693 692 692 692 691 691 691 691 689 689 689 688 688 688 687 687 687 686 686 686 686 685 685 685 685 685 685 685 685 685 685 684 684 684 684 684 684 684 684 683 683 683 683 683 452 452 452 451 451 451 451 451 451 451 450 450 450 450 450 450 449 449 449 449 449
700 700 699 699 699 699 698 698 698 698 698 697 697 697 697 696 696 696 696 696 695 695 695 695 694 694 694 693 693 693 693 691 691 691 690 690 690 690 689 689 689 688 688 688 687 686 686 686 686 686 686 686 686 686 686 686 685 685 685 685 685 685 685 685 685 684 684 684 684 684 684 684 453 452 452 452 452 452 452 452 451 451 451 451 451 451 451 450 450 450 450 450 450 449
700 700 699 699 699 699 699 698 698 698 698 698 697 697 697 697 697 696 696 696 696 695 695 695 694 693 693 693 693 692 692 692 691 691 691 690 690 690 690 689 688 688 687 687 687 687 687 687 687 687 687 687 686 686 686 686 686 686 686 686 686 686 685 685 685 685 685 685 685 685 684 684 453 453 453 453 453 453 452 452 452 452 452 452 452 451 451 451 451 451 451 450 450 450
700 700 700 700 699 699 699 699 699 698 698 698 698 697 696 696 696 696 695 695 695 695 694 694 694 694 693 693 693 693 692 692 692 691 691 690 689 689 689 688 688 688 688 688 688 688 688 688 687 687 687 687 687 687 687 687 687 687 686 686 686 686 686 686 686 686 686 685 685 685 685 685 454 454 454 453 453 453 453 453 453 453 452 452 452 452 452 452 451 451 451 451 451 451
699 699 699 699 699 699 698 698 698 698 698 697 697 697 697 696 696 696 696 695 695 695 695 694 694 694 694 693 692 692 692 691 691 691 690 690 690 689 689 689 689 689 689 688 688 688 688 688 688 688 688 688 688 688 687 687 687 687 687 687 687 687 687 687 686 686 686 686 686 686 686 686 454 454 454 454 454 454 454 453 453 453 453 453 453 453 452 452 452 452 452 452 451 451
700 700 699 699 699 699 699 699 698 698 698 698 697 697 697 697 697 696 696 695 695 694 694 694 694 693 693 693 692 692 692 692 691 691 691 690 690 690 689 689 689 689 689 689 689 689 689 689 689 689 688 688 688 688 688 688 688 688 688 688 687 687 687 687 687 687 687 687 687 686 686 455 455 455 455 455 454 454 454 454 454 454 454 453 453 453 453 453 453 453 452 452 452 452
699 699 699 699 698 698 698 698 698 697 697 697 697 697 696 696 696 696 695 695 695 695 694 694 694 694 693 693 693 692 692 691 690 690 690 690 690 690 690 690 690 690 690 690 690 689 689 689 689 689 689 689 689 689 689 689 688 688 688 688 688 688 688 688 688 687 687 687 687 687 687 456 456 455 455 455 455 455 455 455 455 454 454 454 454 454 454 453 453 453 453 453 453 453
699 699 699 699 699 699 698 698 698 698 697 697 697 697 697 696 696 696 696 695 695 695 695 693 693 693 693 692 692 692 691 691 691 691 691 691 691 691 691 691 690 690 690 690 690 690 690 690 690 690 690 690 689 689 689 689 689 689 689 689 689 689 688 688 688 688 688 688 688 688 687 456 456 456 456 456 456 456 455 455 455 455 455 455 455 454 454 454 454 454 454 453 453 453
700 700 699 699 699 699 699 698 698 698 697 697 696 696 696 696 695 695 695 695 694 694 694 694 693 693 693 692 692 692 692 692 692 692 691 691 691 691 691 691 691 691 691 691 691 691 691 690 690 690 690 690 690 690 690 690 690 690 689 689 689 689 689 689 689 689 689 688 688 688 688 457 457 457 457 456 456 456 456 456 456 456 455 455 455 455 455 455 455 454 454 454 454 454
