testData/tiles/oneDegree/grid17.0-20.0-18.0-21.0.asc
ncols   200
nrows   200
xllcorner   17.0
yllcorner   20.0
cellsize   0.005
NODATA_value   -9999.0
[rows 0 to 41 of 200, columns 94 to 187 of 200]
393 394 394 394 394 395 395 394 395 395 395 395 396 395 395 396 396 396 396 397 397 397 397 398 396 396 421 421 422 422 422 422 423 423 422 422 422 380 380 380 380 380 380 380 380 380 380 381 381 380 379 379 379 380 380 380 380 379 379 379 379 379 379 378 378 379 379 379 378 377 377 377 378 378 378 377 376 376 376 376 377 376 376 376 375 375 374 374 374 374 375 373 373 373
391 391 391 392 392 392 392 393 393 392 393 393 393 392 393 393 393 394 394 394 394 395 395 395 394 395 394 419 419 419 420 420 420 419 420 378 378 378 378 378 378 378 377 377 378 378 378 378 378 378 377 377 377 377 377 378 377 377 377 377 376 377 377 376 376 376 376 377 377 375 375 375 375 375 376 375 375 374 374 374 373 373 373 374 374 372 372 372 372 372 371 371 371 371
388 388 388 389 389 389 390 390 390 391 391 390 389 390 390 390 391 391 391 391 392 392 392 391 392 392 392 416 417 417 417 417 418 417 375 375 375 376 376 376 375 375 375 375 375 375 376 376 376 375 375 374 375 375 375 375 374 375 375 375 375 374 374 374 374 374 374 374 374 373 373 373 373 373 372 372 372 373 372 372 371 371 371 371 371 370 370 370 370 370 369 369 369 368
385 385 385 386 386 386 387 387 387 388 388 387 388 387 387 387 388 388 388 389 389 389 388 389 389 389 389 415 415 414 414 415 372 372 372 373 373 373 373 373 374 373 372 372 373 373 373 373 372 373 373 373 373 372 372 373 372 372 372 372 373 373 371 371 371 371 371 372 371 371 371 370 370 371 370 370 370 370 370 369 368 369 369 369 369 368 368 367 367 367 367 367 367 367
382 382 382 383 383 383 384 384 384 385 384 384 385 385 385 385 385 385 385 386 386 386 385 386 386 386 387 412 412 412 371 369 369 369 370 370 370 370 370 371 370 370 370 370 370 370 370 370 370 370 370 370 370 371 370 369 369 369 370 370 370 370 369 368 369 369 369 369 368 368 368 369 368 368 367 367 367 367 368 367 366 366 366 366 365 365 366 366 365 364 364 364 364 364
378 379 379 379 380 380 380 381 381 381 381 381 381 382 382 382 383 382 382 383 383 382 382 383 383 383 384 384 409 367 368 367 366 366 367 367 367 367 368 368 367 367 367 368 367 367 367 367 367 367 367 367 368 368 368 366 366 367 367 367 367 366 366 367 367 366 366 366 365 366 366 366 366 364 364 364 365 365 365 364 364 363 363 364 363 363 363 363 363 361 361 361 362 362
375 375 376 376 376 377 377 377 378 377 377 378 378 378 379 379 379 380 380 379 379 379 379 379 380 380 380 339 364 364 363 364 364 364 363 364 364 364 364 364 364 364 364 365 365 365 364 364 364 364 364 364 365 365 364 364 363 364 364 364 364 363 364 364 364 364 363 362 363 363 363 363 363 362 361 362 362 362 362 361 361 361 361 361 360 360 360 360 360 359 359 359 359 358
372 372 373 372 372 373 373 374 373 373 374 374 374 375 375 375 376 376 376 377 376 375 376 376 376 377 335 335 360 361 360 360 361 361 361 360 361 361 361 360 361 361 361 361 362 362 361 360 361 361 361 361 361 362 361 361 361 360 361 361 360 360 360 361 361 361 361 359 359 360 360 360 360 359 359 359 359 359 358 358 358 358 359 357 357 357 357 357 356 357 356 356 356 355
371 371 371 371 371 370 370 369 369 369 370 370 371 371 371 372 372 372 373 372 372 373 373 372 331 331 331 332 357 356 356 357 357 357 358 358 358 357 357 357 357 357 358 358 358 358 358 358 357 357 358 358 358 357 358 358 358 358 357 358 357 357 357 357 358 358 357 357 356 356 357 357 356 356 356 356 356 356 355 355 355 355 355 355 354 354 354 354 353 353 354 353 353 352
371 371 371 371 371 371 370 369 369 369 369 369 369 369 369 369 369 369 368 368 368 369 327 327 327 327 327 328 328 352 353 353 353 354 354 354 354 354 353 353 354 354 354 354 355 354 354 354 355 354 354 354 355 354 354 354 354 355 355 355 353 353 354 354 354 354 353 354 354 353 353 353 353 353 353 353 353 351 352 352 352 352 352 351 351 351 351 351 350 350 350 350 349 349
371 371 371 371 371 371 370 370 370 369 369 369 369 369 369 369 369 369 368 368 368 326 326 326 326 326 325 325 324 349 349 349 349 349 350 350 350 350 350 349 350 350 350 350 351 350 350 350 351 351 351 350 350 350 350 350 351 351 351 350 351 350 350 350 350 350 350 350 350 350 350 349 349 349 349 349 350 349 348 348 348 348 348 348 348 348 347 346 347 347 347 347 346 345
371 371 371 371 371 370 370 370 370 370 370 369 369 369 369 369 369 368 368 326 326 326 326 326 326 326 326 325 324 349 349 349 349 349 349 349 348 348 348 348 348 347 347 347 346 346 346 346 347 347 347 347 346 346 346 346 347 347 347 346 347 347 346 346 346 346 346 346 346 347 347 345 345 345 345 346 346 345 345 344 345 345 344 344 344 344 344 343 343 343 343 343 342 342
371 371 371 371 370 370 370 370 370 370 370 370 370 369 369 369 368 326 326 326 326 326 326 326 326 326 326 325 325 324 349 349 349 349 349 349 348 348 348 348 348 348 347 347 346 346 346 346 346 346 346 345 345 344 344 344 344 344 343 343 343 343 343 342 342 341 342 342 342 342 343 342 341 341 341 342 341 341 341 341 340 341 340 340 340 340 340 339 339 339 339 338 338 339
371 371 371 370 370 370 370 370 370 370 370 370 370 370 370 369 326 326 326 326 326 326 326 326 326 326 325 325 325 325 350 349 349 349 349 348 348 348 348 348 348 348 348 346 346 346 346 346 346 346 346 345 345 345 344 344 344 344 343 343 343 343 343 343 341 341 341 341 341 341 340 340 340 339 339 339 338 338 338 338 338 336 336 336 336 336 335 335 335 335 335 334 334 334
371 371 370 370 370 370 370 370 370 370 370 370 370 370 328 327 327 326 326 326 326 326 326 326 326 325 325 325 325 325 350 350 349 349 349 348 348 348 348 348 348 348 348 347 346 346 346 346 346 346 345 345 345 345 345 344 344 343 343 343 343 343 343 343 342 341 341 341 341 341 340 340 340 340 339 338 338 338 338 338 338 337 336 336 336 336 335 335 335 334 334 333 333 333
305 304 370 370 370 370 370 370 370 370 370 370 328 328 327 327 327 327 327 326 326 326 326 326 326 325 325 325 325 325 350 350 350 349 348 348 348 348 348 348 348 348 347 347 347 347 346 346 346 346 345 345 345 345 345 345 344 343 343 343 343 343 343 342 342 342 341 341 341 340 340 340 340 340 339 338 338 338 338 338 337 337 336 336 336 335 335 335 335 335 333 333 333 333
305 305 304 304 304 304 304 304 304 304 262 262 262 261 327 327 327 327 327 327 326 326 326 326 325 325 325 325 325 325 325 350 350 349 349 348 348 348 348 348 348 348 347 347 347 347 347 346 346 345 345 345 345 345 345 345 344 343 343 343 343 343 343 342 342 342 342 341 341 340 340 340 340 340 340 338 338 338 338 338 337 337 337 336 336 335 335 335 335 335 334 333 333 333
305 305 305 305 304 304 304 304 304 262 262 262 261 261 261 261 261 261 261 261 261 261 260 259 259 259 259 259 325 325 325 350 350 349 349 349 348 348 348 348 348 347 347 347 347 347 347 347 346 345 345 345 345 345 345 345 344 344 343 343 343 343 342 342 342 342 342 342 340 340 340 340 340 340 339 339 338 338 338 338 337 337 337 337 336 335 335 335 335 335 334 333 333 333
305 305 305 305 305 305 304 262 262 262 262 262 261 261 261 261 261 261 261 261 261 261 261 260 259 259 259 259 259 259 259 284 283 283 283 283 283 282 282 282 282 281 281 347 347 347 347 347 346 345 345 345 345 345 345 344 344 344 344 343 343 343 342 342 342 342 342 342 341 340 340 340 340 340 339 339 339 338 338 337 337 337 337 337 336 335 335 335 335 334 334 334 333 333
305 305 305 305 305 263 263 263 262 262 262 261 261 261 261 261 261 261 261 261 261 261 260 260 260 259 259 259 259 259 259 259 283 283 283 283 283 283 283 282 281 281 281 281 281 281 281 281 280 280 279 279 279 279 279 278 278 278 278 278 277 276 342 342 342 342 342 342 341 341 340 340 340 339 339 339 339 339 338 337 337 337 337 337 336 336 335 335 335 334 334 334 334 333
305 305 305 263 263 263 263 263 263 263 261 261 261 261 261 261 261 261 261 261 261 260 260 260 260 260 260 259 259 259 259 258 283 283 283 283 283 283 283 282 281 281 281 281 281 281 281 280 280 280 280 279 279 279 278 278 278 278 278 278 278 276 276 276 276 276 276 275 275 275 274 274 274 273 273 273 273 273 272 271 271 271 271 271 270 270 335 335 334 334 334 334 334 333
305 263 263 263 263 263 263 263 263 262 262 262 261 261 261 261 261 261 261 261 260 260 260 260 260 260 260 260 259 259 258 258 283 283 283 283 283 283 283 282 282 281 281 281 281 281 281 280 280 280 280 280 279 279 278 278 278 278 278 278 277 277 276 276 276 276 276 275 275 275 275 274 273 273 273 273 273 273 272 272 271 271 271 270 270 270 270 269 268 268 268 268 268 267
263 263 263 263 263 263 263 263 262 262 262 262 262 262 261 261 261 261 261 261 260 260 260 260 260 260 260 260 260 258 258 258 258 283 283 283 283 283 282 282 282 282 281 281 281 281 280 280 280 280 280 280 280 278 278 278 278 278 278 278 277 277 277 276 276 276 275 275 275 275 275 275 273 273 273 273 273 272 272 272 271 271 271 270 270 270 270 270 268 268 268 268 267 267
263 263 263 263 263 263 263 262 262 262 262 262 262 262 262 261 261 261 261 260 260 260 260 260 260 260 260 260 260 259 259 258 258 283 283 283 283 283 282 282 282 282 282 281 281 281 280 280 280 280 280 280 280 279 278 278 278 278 278 277 277 277 277 277 276 276 275 275 275 275 275 275 274 273 273 273 273 272 272 272 272 271 270 270 270 270 270 269 269 268 268 268 267 267
263 263 263 263 263 263 262 262 262 262 262 262 262 262 262 262 262 261 260 260 260 260 260 260 260 260 260 260 259 259 259 259 258 283 283 283 283 282 282 282 282 282 282 282 282 280 280 280 280 280 280 280 279 279 279 278 278 278 278 277 277 277 277 277 277 275 275 275 275 275 275 274 274 274 273 273 273 272 272 272 272 272 270 270 270 270 270 269 269 269 268 268 267 267
263 263 263 263 263 262 262 262 262 262 262 262 262 262 262 262 262 261 260 260 260 260 260 260 260 260 260 259 259 259 259 259 259 258 283 283 282 282 282 282 282 282 282 282 281 281 280 280 280 280 280 280 279 279 279 279 278 278 277 277 277 277 277 277 277 276 275 275 275 275 275 274 274 274 274 273 272 272 272 272 272 271 271 270 270 270 269 269 269 269 268 252 252 252
264 263 263 263 262 262 262 262 262 262 262 262 262 262 262 262 261 261 261 261 260 260 260 260 260 260 260 259 259 259 259 259 259 259 284 283 282 282 282 282 282 282 282 282 281 281 281 280 280 280 280 279 279 279 279 279 279 278 277 277 277 277 277 277 276 276 276 275 275 275 274 274 274 274 274 273 272 272 272 272 272 271 271 270 270 270 269 269 254 254 254 252 252 252
264 264 264 262 262 262 262 262 262 262 262 262 262 262 262 261 261 261 261 261 261 260 260 260 260 260 259 259 259 259 259 259 259 259 284 283 282 282 282 282 282 282 282 281 281 281 281 281 280 280 280 279 279 279 279 279 279 278 277 277 277 277 277 277 276 276 276 276 275 275 274 274 274 274 274 273 272 272 272 272 272 271 271 271 270 255 254 254 254 254 253 253 252 252
264 264 263 263 263 262 262 262 262 262 262 262 262 262 262 261 261 261 261 261 261 261 261 260 260 259 259 259 259 259 259 259 259 259 258 283 283 282 282 282 282 282 281 281 281 281 281 281 281 280 279 279 279 279 279 279 279 278 278 277 277 277 277 276 276 276 276 276 276 274 274 274 274 274 274 273 273 272 272 272 271 271 256 256 256 254 254 254 254 254 253 253 252 252
264 263 263 263 263 263 263 262 262 262 262 262 262 262 261 261 261 261 261 261 261 261 261 261 259 259 259 259 259 259 259 259 259 259 258 283 283 283 282 282 282 282 281 281 281 281 281 281 281 280 279 279 279 279 279 279 278 278 278 278 277 277 277 276 276 276 276 276 276 274 274 274 274 274 273 273 273 273 257 257 256 256 256 256 256 255 254 254 254 254 253 253 253 252
263 263 263 263 263 263 263 263 262 262 262 262 262 261 261 261 261 261 261 261 261 261 261 261 260 260 259 259 259 259 259 259 259 258 258 283 283 283 283 282 282 281 281 281 281 281 281 281 281 280 280 279 279 279 279 279 278 278 278 278 278 277 276 276 276 276 276 276 275 275 274 274 274 274 273 258 258 258 258 256 256 256 256 256 255 255 254 254 254 253 253 253 253 253
263 263 263 263 263 263 263 263 263 263 262 262 261 261 261 261 261 261 261 261 261 261 261 260 260 260 260 259 259 259 259 259 258 258 258 258 283 283 283 283 282 281 281 281 281 281 281 281 280 280 280 280 279 279 279 278 278 278 278 278 278 278 276 276 276 276 276 276 275 275 275 274 259 258 258 258 258 258 258 256 256 256 256 256 255 255 255 254 254 253 253 253 253 252
263 263 263 263 263 263 263 263 263 263 263 262 261 261 261 261 261 261 261 261 261 261 260 260 260 260 260 260 259 259 259 258 258 258 258 258 283 283 283 283 282 281 281 281 281 281 281 281 280 280 280 280 280 279 279 278 278 278 278 278 278 277 277 276 276 276 276 275 260 260 260 260 259 258 258 258 258 258 257 257 256 256 256 255 255 255 255 255 253 253 253 253 253 252
263 263 263 263 263 263 263 263 263 263 262 262 262 261 261 261 261 261 261 261 261 260 260 260 260 260 260 260 260 259 259 258 258 258 258 258 258 283 283 282 282 282 281 281 281 281 281 280 280 280 280 280 280 280 278 278 278 278 278 278 278 277 277 276 276 261 261 260 260 260 260 260 258 258 258 258 258 258 257 257 257 256 256 255 255 255 255 255 253 253 253 253 252 252
263 263 263 263 263 263 263 263 263 262 262 262 262 262 262 261 261 261 261 261 260 260 260 260 260 260 260 260 260 260 258 258 258 258 258 258 258 283 283 282 282 282 282 281 281 281 280 280 280 280 280 280 280 279 278 278 278 278 278 278 277 262 262 262 261 261 260 260 260 260 260 260 259 258 258 258 258 257 257 257 257 256 255 255 255 255 255 254 254 253 253 253 252 252
263 263 263 263 263 263 263 263 262 262 262 262 262 262 262 262 261 261 261 260 260 260 260 260 260 260 260 260 260 259 259 259 258 258 258 258 258 283 282 282 282 282 282 282 281 281 280 280 280 280 280 280 280 279 279 278 278 263 263 262 262 262 262 262 262 261 260 260 260 260 260 259 259 259 258 258 258 257 257 257 257 257 255 255 255 255 255 254 254 254 253 253 252 252
263 263 263 263 263 263 263 262 262 262 262 262 262 262 262 262 262 262 261 260 260 260 260 260 260 260 260 260 259 259 259 259 259 258 258 258 258 257 282 282 282 282 282 282 282 280 280 280 280 280 280 280 279 279 264 264 263 263 263 262 262 262 262 262 262 261 260 260 260 260 260 259 259 259 259 258 257 257 257 257 257 257 256 255 255 255 254 254 254 254 253 252 252 252
263 263 263 263 263 263 262 262 262 262 262 262 262 262 262 262 262 262 261 260 260 260 260 260 260 260 260 260 259 259 259 259 259 259 258 258 257 257 282 282 282 282 282 282 281 281 280 280 280 280 265 265 264 264 264 264 264 263 262 262 262 262 262 262 262 261 261 260 260 260 259 259 259 259 259 258 257 257 257 257 257 256 256 255 255 255 254 254 254 254 254 252 252 252
264 263 263 263 263 262 262 262 262 262 262 262 262 262 262 262 262 261 261 261 260 260 260 260 260 260 260 259 259 259 259 259 259 259 259 258 257 257 257 282 282 282 282 282 281 281 266 265 265 265 265 264 264 264 264 264 264 264 262 262 262 262 262 262 261 261 261 260 260 260 259 259 259 259 259 258 257 257 257 257 257 256 256 256 255 255 254 254 254 254 253 253 252 252
264 264 264 262 262 262 262 262 262 262 262 262 262 262 262 262 261 261 261 261 261 261 260 260 260 260 259 259 259 259 259 259 259 259 259 258 257 257 257 282 282 282 267 266 266 266 266 266 265 265 264 264 264 264 264 264 264 263 263 262 262 262 262 261 261 261 261 261 260 259 259 259 259 259 259 258 258 257 257 257 256 256 256 256 256 254 254 254 254 254 253 253 252 252
264 264 263 263 262 262 262 262 262 262 262 262 262 262 262 261 261 261 261 261 261 261 261 260 260 259 259 259 259 259 259 259 259 259 258 258 258 242 242 267 267 267 266 266 266 266 266 266 266 265 264 264 264 264 264 264 264 263 263 262 262 262 262 261 261 261 261 261 261 259 259 259 259 259 258 258 258 257 257 257 256 256 256 256 256 254 254 254 254 253 253 253 253 252
264 263 263 263 263 263 262 262 262 262 262 262 262 262 261 261 261 261 261 261 261 261 261 261 259 259 259 259 259 259 259 259 259 243 243 243 243 243 242 242 267 267 266 266 266 266 266 266 266 265 264 264 264 264 264 264 263 263 263 263 262 262 261 261 261 261 261 261 260 260 259 259 259 259 258 258 258 258 257 256 256 256 256 256 255 255 254 254 254 253 253 253 253 251
