testData/tiles/oneDegree/grid20.0-28.0-21.0-29.0.asc
ncols   200
nrows   200
xllcorner   20.0
yllcorner   28.0
cellsize   0.005
NODATA_value   -9999.0
[rows 42 to 83 of 200, columns 94 to 187 of 200]
563 563 563 564 564 564 565 565 565 566 566 566 567 567 567 567 568 568 568 569 569 569 569 570 415 415 415 416 416 416 416 417 417 417 417 418 418 418 418 419 419 419 419 420 420 420 420 420 421 421 421 421 421 422 422 422 422 422 423 423 423 423 422 423 423 423 423 423 423 424 424 424 424 424 424 425 425 425 425 425 425 426 426 426 426 426 426 426 427 427 427 427 427 427
563 563 563 564 564 564 564 565 565 565 566 566 566 567 567 567 567 568 568 568 569 569 569 569 415 415 415 415 416 416 416 416 417 417 417 417 418 418 418 418 419 419 419 419 419 420 420 420 420 421 421 421 421 421 422 422 422 422 422 423 422 422 422 422 423 423 423 423 423 423 424 424 424 424 424 424 425 425 425 425 425 425 425 426 426 426 426 426 426 426 427 427 427 427
562 563 563 563 564 564 564 565 565 565 565 566 566 566 567 567 567 567 568 568 568 569 569 569 569 415 415 415 415 416 416 416 416 417 417 417 417 418 418 418 418 419 419 419 419 419 420 420 420 420 421 421 421 421 421 422 422 421 421 421 422 422 422 422 422 422 423 423 423 423 423 424 424 424 424 424 424 424 425 425 425 425 425 425 426 426 426 426 426 426 426 427 427 427
562 562 563 563 563 564 564 564 565 565 565 565 566 566 566 567 567 567 567 568 568 568 569 569 569 414 415 415 415 415 416 416 416 416 417 417 417 417 418 418 418 418 419 419 419 419 419 420 420 420 420 420 421 421 421 420 421 421 421 421 421 421 422 422 422 422 422 423 423 423 423 423 423 424 424 424 424 424 424 425 425 425 425 425 425 425 426 426 426 426 426 426 426 427
562 562 562 563 563 563 564 564 564 565 565 565 565 566 566 566 567 567 567 567 568 568 568 569 569 569 414 415 415 415 415 416 416 416 416 417 417 417 417 418 418 418 418 419 419 419 419 419 420 420 420 420 419 420 420 420 420 420 421 421 421 421 421 422 422 422 422 422 422 423 423 423 423 423 424 424 424 424 424 424 424 425 425 425 425 425 425 425 426 426 426 426 426 426
561 562 562 562 563 563 563 564 564 564 565 565 565 565 566 566 566 567 567 567 567 568 568 568 569 569 414 414 415 415 415 415 416 416 416 416 417 417 417 417 418 418 418 418 418 419 419 419 419 419 419 419 419 419 420 420 420 420 420 421 421 421 421 421 422 422 422 422 422 422 423 423 423 423 423 423 424 424 424 424 424 424 425 425 425 425 425 425 425 426 426 426 426 426
561 562 562 562 562 563 563 563 564 564 564 565 565 565 566 566 566 566 567 567 567 568 568 568 568 569 414 414 414 415 415 415 415 416 416 416 416 417 417 417 417 418 418 418 418 418 418 418 418 418 419 419 419 419 419 420 420 420 420 420 421 421 421 421 421 421 422 422 422 422 422 423 423 423 423 423 423 424 424 424 424 424 424 424 425 425 425 425 425 425 425 426 426 425
561 561 562 562 562 563 563 563 563 564 564 564 565 565 565 566 566 566 566 567 567 567 568 568 568 568 569 414 414 414 415 415 415 415 416 416 416 416 417 417 417 417 418 417 417 417 417 418 418 418 418 418 419 419 419 419 420 420 420 420 420 420 421 421 421 421 421 422 422 422 422 422 422 423 423 423 423 423 423 424 424 424 424 424 424 424 425 425 425 425 425 424 424 425
561 561 561 562 562 562 563 563 563 563 564 564 564 565 565 565 566 566 566 566 567 567 567 568 568 568 568 414 414 414 414 415 415 415 415 416 416 416 416 417 416 416 416 416 417 417 417 417 418 418 418 418 418 419 419 419 419 419 420 420 420 420 420 421 421 421 421 421 422 422 422 422 422 422 423 423 423 423 423 423 423 424 424 424 424 424 424 425 425 425 424 424 424 424
560 561 561 561 562 562 562 563 563 563 564 564 564 564 565 565 565 566 566 566 566 567 567 567 568 568 568 568 414 414 414 414 415 415 415 415 416 415 415 415 416 416 416 416 416 417 417 417 417 418 418 418 418 418 419 419 419 419 419 420 420 420 420 420 421 421 421 421 421 421 422 422 422 422 422 422 423 423 423 423 423 423 424 424 424 424 424 424 423 424 424 424 424 424
560 560 561 561 561 562 562 562 563 563 563 564 564 564 564 565 565 565 566 566 566 566 567 567 567 568 568 568 413 414 414 414 414 414 414 414 414 415 415 415 415 415 416 416 416 416 417 417 417 417 417 418 418 418 418 419 419 419 419 419 420 420 420 420 420 420 421 421 421 421 421 422 422 422 422 422 422 423 423 423 423 423 423 423 424 424 423 423 423 423 423 424 424 424
560 560 560 561 561 561 562 562 562 563 563 563 564 564 564 564 565 565 565 566 566 566 566 567 567 567 568 568 413 412 413 413 413 413 414 414 414 414 415 415 415 415 415 416 416 416 416 417 417 417 417 417 418 418 418 418 418 419 419 419 419 419 420 420 420 420 420 421 421 421 421 421 421 422 422 422 422 422 422 423 423 423 423 423 422 422 423 423 423 423 423 423 423 424
559 560 560 560 561 561 561 562 562 562 563 563 563 564 564 564 564 565 565 565 566 566 566 566 567 566 566 567 567 412 412 413 413 413 413 414 414 414 414 415 415 415 415 415 416 416 416 416 417 417 417 417 417 418 418 418 418 418 419 419 419 419 419 420 420 420 420 420 420 421 421 421 421 421 422 422 422 422 422 422 422 423 422 422 422 422 422 423 423 423 423 423 423 423
559 560 560 560 561 561 561 561 562 562 562 563 563 563 564 564 564 564 565 565 564 565 565 565 565 566 566 566 566 412 412 412 413 413 413 413 414 414 414 414 414 415 415 415 415 416 416 416 416 416 417 417 417 417 418 418 418 418 418 419 419 419 419 419 420 420 420 420 420 420 421 421 421 421 421 421 422 422 422 422 421 421 422 422 422 422 422 422 422 423 423 423 423 423
559 559 560 560 560 561 561 561 561 562 562 562 563 563 563 563 563 563 563 564 564 564 565 565 565 565 566 566 566 411 412 412 412 412 413 413 413 413 414 414 414 414 415 415 415 415 416 416 416 416 416 417 417 417 417 417 418 418 418 418 418 419 419 419 419 419 420 420 420 420 420 421 421 421 421 421 421 422 421 421 421 421 421 421 422 422 422 422 422 422 422 423 423 423
559 559 559 560 560 560 561 561 561 561 561 561 561 562 562 562 563 563 563 563 564 564 564 565 565 565 565 566 566 566 411 412 412 412 412 413 413 413 413 414 414 414 414 415 415 415 415 416 416 416 416 416 417 417 417 417 417 418 418 418 418 418 419 419 419 419 419 420 420 420 420 420 420 421 421 421 420 420 420 421 421 421 421 421 421 421 422 422 422 422 422 422 422 423
557 558 558 558 559 559 559 560 560 560 561 561 561 561 562 562 562 563 563 563 563 564 564 564 565 565 565 565 566 566 411 411 412 412 412 412 413 413 413 413 414 414 414 414 415 415 415 415 415 416 416 416 416 417 417 417 417 417 418 418 418 418 418 419 419 419 419 419 419 420 420 420 420 420 419 420 420 420 420 420 420 421 421 421 421 421 421 422 422 422 422 422 422 422
557 557 558 558 558 559 559 559 560 560 560 561 561 561 561 562 562 562 563 563 563 563 564 564 564 565 565 565 565 566 411 411 411 412 412 412 412 413 413 413 413 414 414 414 414 415 415 415 415 415 416 416 416 416 416 417 417 417 417 418 418 418 418 418 418 419 419 419 419 419 420 419 419 419 419 419 420 420 420 420 420 420 421 421 421 421 421 421 421 422 422 422 422 422
557 557 557 558 558 558 559 559 559 560 560 560 561 561 561 561 562 562 562 563 563 563 563 564 564 564 565 565 565 565 566 411 411 411 412 412 412 412 413 413 413 413 414 414 414 414 414 415 415 415 415 416 416 416 416 416 417 417 417 417 417 418 418 418 418 418 419 419 419 418 418 418 419 419 419 419 419 419 420 420 420 420 420 420 421 421 421 421 421 421 421 422 422 422
556 557 557 557 558 558 558 559 559 559 560 560 560 561 561 561 561 562 562 562 563 563 563 563 564 564 564 565 565 565 565 411 411 411 411 412 412 412 412 413 413 413 413 414 414 414 414 414 415 415 415 415 416 416 416 416 416 417 417 417 417 417 418 418 418 418 418 417 418 418 418 418 418 419 419 419 419 419 419 420 420 420 420 420 420 420 421 421 421 421 421 421 421 422
556 556 557 557 557 558 558 558 559 559 559 560 560 560 561 561 561 561 562 562 562 563 563 563 563 564 564 564 565 565 565 410 411 411 411 411 412 412 412 412 413 413 413 413 413 414 414 414 414 415 415 415 415 415 416 416 416 416 416 417 417 417 417 417 417 417 417 417 417 418 418 418 418 418 418 419 419 419 419 419 419 420 420 420 420 420 420 420 421 421 421 421 421 421
556 556 556 557 557 557 558 558 558 559 559 559 560 560 560 561 561 561 561 562 562 562 563 563 563 563 564 564 564 565 565 565 410 411 411 411 411 412 412 412 412 413 413 413 413 413 414 414 414 414 415 415 415 415 415 416 416 416 416 416 417 417 416 416 416 417 417 417 417 417 417 418 418 418 418 418 419 419 419 419 419 419 419 420 420 420 420 420 420 421 421 421 421 421
556 556 556 557 557 557 558 558 558 558 559 559 559 560 560 560 561 561 561 561 562 562 562 563 563 563 563 564 564 564 564 565 410 410 411 411 411 411 412 412 412 412 412 413 413 413 413 414 414 414 414 414 415 415 415 415 416 416 416 415 415 416 416 416 416 416 416 417 417 417 417 417 418 418 418 418 418 418 419 419 419 419 419 419 420 420 420 420 420 420 420 421 421 421
555 556 556 556 557 557 557 558 558 558 558 559 559 559 560 560 560 561 561 561 561 562 562 562 563 563 563 563 564 564 564 564 410 410 410 410 411 411 411 411 412 412 412 412 413 413 413 413 414 414 414 414 414 415 415 415 414 414 415 415 415 415 415 416 416 416 416 416 417 417 417 417 417 417 418 418 418 418 418 418 419 419 419 419 419 419 420 420 420 420 420 420 420 421
555 555 556 556 556 557 557 557 558 558 558 558 559 559 559 560 560 560 561 561 561 561 562 562 562 563 563 563 563 564 564 564 409 410 410 410 410 411 411 411 411 412 412 412 412 413 413 413 413 414 414 414 414 413 414 414 414 414 414 415 415 415 415 415 416 416 416 416 416 416 417 417 417 417 417 418 418 418 418 418 418 419 419 419 419 419 419 419 420 420 420 420 420 420
555 555 555 556 556 556 557 557 557 558 558 558 558 559 559 559 560 560 560 561 561 561 561 562 562 562 563 563 563 563 564 564 564 409 410 410 410 410 411 411 411 411 412 412 412 412 413 413 413 413 412 413 413 413 413 414 414 414 414 414 415 415 415 415 415 415 416 416 416 416 416 417 417 417 417 417 417 418 418 418 418 418 418 419 419 419 419 419 419 419 420 420 420 420
554 555 555 555 556 556 556 557 557 557 558 558 558 558 559 559 559 560 560 560 561 561 561 561 562 562 562 563 563 563 563 564 564 409 409 410 410 410 410 411 411 411 411 412 412 412 412 411 412 412 412 412 413 413 413 413 413 414 414 414 414 414 415 415 415 415 415 416 416 416 416 416 416 417 417 417 417 417 417 418 418 418 418 418 418 419 419 419 419 419 419 419 420 420
554 554 555 555 555 556 556 556 557 557 557 558 558 558 558 559 559 559 560 560 560 561 561 561 561 562 562 562 563 563 563 563 564 409 409 409 410 410 410 410 411 411 411 411 411 411 411 411 411 412 412 412 412 413 413 413 413 413 414 414 414 414 414 415 415 415 415 415 415 416 416 416 416 416 417 417 417 417 417 417 418 418 418 418 418 418 418 419 419 419 419 419 419 419
554 554 554 555 555 555 556 556 556 557 557 557 558 558 558 558 559 559 559 560 560 560 561 561 561 561 562 562 562 562 563 563 563 564 409 409 409 410 410 410 409 410 410 410 410 410 411 411 411 411 412 412 412 412 412 413 413 413 413 413 414 414 414 414 414 415 415 415 415 415 416 416 416 416 416 416 417 417 417 417 417 417 418 418 418 418 418 418 418 419 419 419 419 418
553 554 554 554 555 555 555 556 556 556 557 557 557 558 558 558 558 559 559 559 560 560 560 561 561 561 561 562 562 562 562 563 563 563 408 409 409 408 408 409 409 409 409 410 410 410 410 411 411 411 411 412 412 412 412 412 413 413 413 413 413 414 414 414 414 414 415 415 415 415 415 415 416 416 416 416 416 417 417 417 417 417 417 417 418 418 418 418 418 418 418 418 418 418
553 553 554 554 554 555 555 555 556 556 556 557 557 557 558 558 558 558 559 559 559 560 560 560 561 561 561 561 562 562 562 562 563 562 407 407 408 408 408 408 409 409 409 409 410 410 410 410 411 411 411 411 411 412 412 412 412 413 413 413 413 413 414 414 414 414 414 414 415 415 415 415 415 416 416 416 416 416 416 417 417 417 417 417 417 417 418 418 418 417 417 417 417 418
553 553 553 554 554 554 555 555 555 556 556 556 557 557 557 558 558 558 558 559 559 559 560 560 560 560 561 561 560 561 561 561 561 562 407 407 407 408 408 408 408 409 409 409 409 410 410 410 410 410 411 411 411 411 412 412 412 412 412 413 413 413 413 413 414 414 414 414 414 415 415 415 415 415 415 416 416 416 416 416 416 417 417 417 417 417 417 417 417 417 417 417 417 417
552 553 553 553 554 554 554 555 555 555 556 556 556 557 557 557 558 558 558 558 559 559 559 560 559 559 559 560 560 560 561 561 561 561 562 407 407 407 408 408 408 408 409 409 409 409 410 410 410 410 410 411 411 411 411 412 412 412 412 412 413 413 413 413 413 414 414 414 414 414 414 415 415 415 415 415 415 416 416 416 416 416 416 417 417 416 416 416 416 417 417 417 417 417
552 552 553 553 553 554 554 554 555 555 555 556 556 556 557 557 557 558 557 557 557 558 558 558 559 559 559 559 560 560 560 561 561 561 561 407 407 407 407 408 408 408 408 409 409 409 409 409 410 410 410 410 411 411 411 411 411 412 412 412 412 412 413 413 413 413 413 414 414 414 414 414 415 415 415 415 415 415 416 416 416 416 416 415 415 416 416 416 416 416 416 417 417 417
552 552 552 553 553 553 554 554 554 555 555 555 555 555 555 556 556 556 557 557 557 557 558 558 558 559 559 559 559 560 560 560 560 561 561 406 407 407 407 407 408 408 408 408 408 409 409 409 409 410 410 410 410 410 411 411 411 411 412 412 412 412 412 413 413 413 413 413 414 414 414 414 414 414 415 415 415 415 415 415 416 415 415 415 415 415 416 416 416 416 416 416 416 417
551 552 552 552 552 552 552 553 553 553 554 554 554 555 555 555 556 556 556 557 557 557 557 558 558 558 559 559 559 559 560 560 560 560 561 406 406 406 407 407 407 407 408 408 408 408 409 409 409 409 410 410 410 410 410 411 411 411 411 411 412 412 412 412 412 413 413 413 413 413 414 414 414 414 414 414 415 415 414 414 414 414 415 415 415 415 415 415 416 416 416 416 416 416
550 550 551 551 551 552 552 552 553 553 553 554 554 554 555 555 555 556 556 556 556 557 557 557 558 558 558 558 559 559 559 560 560 560 560 561 406 406 406 407 407 407 407 408 408 408 408 409 409 409 409 409 410 410 410 410 411 411 411 411 411 412 412 412 412 412 413 413 413 413 413 413 414 414 414 414 413 414 414 414 414 414 414 414 415 415 415 415 415 415 416 416 416 416
550 550 550 551 551 551 552 552 552 553 553 553 554 554 554 555 555 555 556 556 556 556 557 557 557 558 558 558 558 559 559 559 560 560 560 560 406 406 406 406 407 407 407 407 408 408 408 408 408 409 409 409 409 410 410 410 410 410 411 411 411 411 411 412 412 412 412 412 413 413 413 413 413 414 413 413 413 413 413 414 414 414 414 414 414 415 415 415 415 415 415 415 416 416
549 550 550 550 551 551 551 552 552 552 553 553 553 554 554 554 555 555 555 556 556 556 556 557 557 557 558 558 558 558 559 559 559 559 560 560 405 406 406 406 406 407 407 407 407 407 408 408 408 408 409 409 409 409 410 410 410 410 410 411 411 411 411 411 412 412 412 412 412 413 413 412 412 412 412 413 413 413 413 413 413 414 414 414 414 414 414 415 415 415 415 415 415 415
549 549 550 550 550 551 551 551 552 552 552 553 553 553 554 554 554 555 555 555 556 556 556 556 557 557 557 558 558 558 558 559 559 559 559 560 405 405 405 406 406 406 406 407 407 407 407 408 408 408 408 409 409 409 409 409 410 410 410 410 410 411 411 411 411 411 412 412 412 411 411 412 412 412 412 412 412 413 413 413 413 413 413 414 414 414 414 414 414 415 415 415 415 415
549 549 549 550 550 550 551 551 551 552 552 552 553 553 553 554 554 554 555 555 555 556 556 556 556 557 557 557 558 558 558 558 559 559 559 559 405 405 405 405 406 406 406 406 407 407 407 407 408 408 408 408 408 409 409 409 409 410 410 410 410 410 411 411 411 411 410 411 411 411 411 411 411 412 412 412 412 412 413 413 413 413 413 413 413 414 414 414 414 414 414 415 415 415
548 549 549 549 550 550 550 551 551 551 552 552 552 553 553 553 554 554 554 555 555 555 555 556 556 556 557 557 557 557 558 558 558 559 559 559 559 405 405 405 405 406 406 406 406 407 407 407 407 407 408 408 408 408 409 409 409 409 409 410 410 410 410 409 410 410 410 410 410 411 411 411 411 411 412 412 412 412 412 412 413 413 413 413 413 413 413 414 414 414 414 414 414 415
