testData/tiles/oneDegree/grid4.0-30.0-5.0-31.0.asc
ncols   200
nrows   200
xllcorner   4.0
yllcorner   30.0
cellsize   0.005
NODATA_value   -9999.0
[rows 0 to 41 of 200, columns 0 to 93 of 200]
353 353 353 352 352 352 352 351 351 351 350 350 349 349 349 348 348 339 338 338 338 337 337 336 336 336 335 335 334 334 334 333 333 332 332 332 331 331 330 330 329 329 329 328 328 327 327 326 326 326 325 325 324 324 323 323 322 322 321 321 320 320 320 319 319 318 318 317 317 316 316 315 315 259 259 258 258 257 257 256 256 255 255 254 254 253 253 252 252 251 251 250 250 249
353 353 352 352 352 351 351 351 350 350 350 349 349 349 348 339 339 338 338 337 337 337 336 336 336 335 335 334 334 334 333 333 332 332 332 331 331 330 330 330 329 329 328 328 327 327 326 326 326 325 325 324 324 323 323 322 322 321 321 321 320 320 319 319 318 318 317 317 316 316 315 315 314 314 313 258 257 257 256 256 255 255 254 254 253 253 252 252 251 251 250 250 249 249
352 352 352 351 351 351 350 350 350 350 349 349 349 348 339 338 338 338 337 337 337 336 336 336 335 335 334 334 334 333 333 332 332 332 331 331 330 330 330 329 329 328 328 327 327 327 326 326 325 325 324 324 323 323 322 322 322 321 321 320 320 319 319 318 318 317 317 316 316 315 315 315 314 314 313 313 312 257 256 256 255 255 254 254 253 253 252 252 251 251 250 250 249 249
352 352 351 351 351 350 350 350 349 349 349 348 339 339 338 338 338 337 337 337 336 336 335 335 335 334 334 334 333 333 332 332 332 331 331 330 330 329 329 329 328 328 327 327 327 326 326 325 325 324 324 323 323 323 322 322 321 321 320 320 319 319 318 318 317 317 317 316 316 315 315 314 314 313 313 312 312 311 311 255 255 254 254 253 253 252 252 251 251 250 250 249 249 248
351 351 351 350 350 350 349 349 349 349 339 339 339 338 338 337 337 337 336 336 336 335 335 335 334 334 333 333 333 332 332 332 331 331 330 330 329 329 329 328 328 327 327 327 326 326 325 325 324 324 323 323 323 322 322 321 321 320 320 319 319 318 318 318 317 317 316 316 315 315 314 314 313 313 312 312 311 311 310 310 309 254 253 253 252 252 251 251 250 250 249 249 248 248
351 350 350 350 350 349 349 349 348 339 339 338 338 338 337 337 337 336 336 336 335 335 335 334 334 333 333 333 332 332 331 331 331 330 330 329 329 329 328 328 327 327 327 326 326 325 325 324 324 324 323 323 322 322 321 321 320 320 319 319 319 318 318 317 317 316 316 315 315 314 314 313 313 312 312 312 311 311 310 310 309 309 308 253 252 252 251 251 250 250 249 249 248 248
350 350 350 349 349 349 348 339 339 339 338 338 338 337 337 337 336 336 335 335 335 334 334 334 333 333 333 332 332 331 331 331 330 330 329 329 329 328 328 327 327 327 326 326 325 325 324 324 324 323 323 322 322 321 321 320 320 320 319 319 318 318 317 317 316 316 315 315 314 314 314 313 313 312 312 311 311 310 310 309 309 308 308 307 307 251 251 250 250 249 249 248 248 247
350 349 349 349 349 339 339 339 338 338 338 337 337 337 336 336 336 335 335 335 334 334 334 333 333 332 332 332 331 331 331 330 330 329 329 329 328 328 327 327 327 326 326 325 325 324 324 324 323 323 322 322 321 321 321 320 320 319 319 318 318 317 317 316 316 316 315 315 314 314 313 313 312 312 311 311 310 310 309 309 308 308 307 307 306 306 305 250 249 249 248 248 247 247
349 349 349 348 339 339 338 338 338 337 337 337 337 336 336 336 335 335 334 334 334 333 333 333 332 332 332 331 331 330 330 330 329 329 329 328 328 327 327 327 326 326 325 325 324 324 324 323 323 322 322 321 321 321 320 320 319 319 318 318 317 317 317 316 316 315 315 314 314 313 313 312 312 311 311 310 310 309 309 309 308 308 307 307 306 306 305 305 249 249 248 248 247 247
349 348 339 339 339 338 338 338 337 337 337 336 336 336 335 335 335 334 334 334 333 333 333 332 332 332 331 331 330 330 330 329 329 328 328 328 327 327 326 326 326 325 325 324 324 324 323 323 322 322 321 321 321 320 320 319 319 318 318 317 317 317 316 316 315 315 314 314 313 313 312 312 311 311 311 310 310 309 309 308 308 307 307 306 306 305 305 304 304 303 248 247 247 246
339 339 339 338 338 338 337 337 337 336 336 336 336 335 335 335 334 334 334 333 333 332 332 332 331 331 331 330 330 330 329 329 328 328 328 327 327 326 326 326 325 325 324 324 324 323 323 322 322 321 321 321 320 320 319 319 318 318 318 317 317 316 316 315 315 314 314 313 313 313 312 312 311 311 310 310 309 309 308 308 307 307 306 306 305 305 304 304 303 303 302 302 246 246
339 338 338 338 337 337 337 337 336 336 336 335 335 335 334 334 334 333 333 333 332 332 332 331 331 331 330 330 329 329 329 328 328 328 327 327 326 326 326 325 325 324 324 324 323 323 322 322 321 321 321 320 320 319 319 318 318 318 317 317 316 316 315 315 314 314 314 313 313 312 312 311 311 310 310 309 309 308 308 307 307 306 306 306 305 305 304 304 303 303 302 302 301 301
338 338 337 337 337 337 336 336 336 335 335 335 335 334 334 334 333 333 333 332 332 332 331 331 330 330 330 329 329 329 328 328 327 327 327 326 326 326 325 325 324 324 324 323 323 322 322 321 321 321 320 320 319 319 318 318 318 317 317 316 316 315 315 314 314 314 313 313 312 312 311 311 310 310 309 309 308 308 308 307 307 306 306 305 305 304 304 303 303 302 302 301 301 300
338 337 337 337 336 336 336 336 335 335 335 334 334 334 333 333 333 332 332 332 331 331 331 330 330 330 329 329 329 328 328 327 327 327 326 326 325 325 325 324 324 323 323 323 322 322 321 321 321 320 320 319 319 318 318 318 317 317 316 316 315 315 315 314 314 313 313 312 312 311 311 310 310 310 309 309 308 308 307 307 306 306 305 305 304 304 303 303 302 302 301 301 300 300
337 337 336 336 336 336 335 335 335 334 334 334 333 333 333 333 332 332 332 331 331 331 330 330 329 329 329 328 328 328 327 327 327 326 326 325 325 325 324 324 323 323 323 322 322 321 321 321 320 320 319 319 318 318 318 317 317 316 316 315 315 315 314 314 313 313 312 312 311 311 311 310 310 309 309 308 308 307 307 306 306 305 305 304 304 303 303 303 302 302 301 301 300 300
336 336 336 336 335 335 335 334 334 334 334 333 333 333 332 332 332 331 331 331 330 330 330 329 329 329 328 328 328 327 327 326 326 326 325 325 325 324 324 323 323 323 322 322 321 321 321 320 320 319 319 318 318 318 317 317 316 316 315 315 315 314 314 313 313 312 312 311 311 311 310 310 309 309 308 308 307 307 306 306 305 305 305 304 304 303 303 302 302 301 301 300 300 299
336 336 335 335 335 335 334 334 334 333 333 333 332 332 332 332 331 331 331 330 330 330 329 329 329 328 328 327 327 327 326 326 326 325 325 324 324 324 323 323 323 322 322 321 321 321 320 320 319 319 318 318 318 317 317 316 316 316 315 315 314 314 313 313 312 312 312 311 311 310 310 309 309 308 308 307 307 307 306 306 305 305 304 304 303 303 302 302 301 301 300 300 299 299
335 335 335 335 334 334 334 333 333 333 333 332 332 332 331 331 331 330 330 330 329 329 329 328 328 328 327 327 327 326 326 326 325 325 324 324 324 323 323 322 322 322 321 321 321 320 320 319 319 318 318 318 317 317 316 316 316 315 315 314 314 313 313 312 312 312 311 311 310 310 309 309 308 308 308 307 307 306 306 305 305 304 304 303 303 302 302 301 301 300 300 300 299 299
335 335 334 334 334 333 333 333 333 332 332 332 331 331 331 331 330 330 330 329 329 329 328 328 328 327 327 326 326 326 325 325 325 324 324 324 323 323 322 322 322 321 321 320 320 320 319 319 318 318 318 317 317 316 316 316 315 315 314 314 313 313 313 312 312 311 311 310 310 309 309 309 308 308 307 307 306 306 305 305 304 304 303 303 302 302 302 301 301 300 300 299 299 298
334 334 334 333 333 333 333 332 332 332 332 331 331 331 330 330 330 329 329 329 328 328 328 327 327 327 326 326 326 325 325 325 324 324 323 323 323 322 322 322 321 321 320 320 320 319 319 318 318 318 317 317 316 316 316 315 315 314 314 313 313 313 312 312 311 311 310 310 309 309 309 308 308 307 307 306 306 305 305 304 304 304 303 303 302 302 301 301 300 300 299 299 298 298
334 333 333 333 333 332 332 332 332 331 331 331 330 330 330 329 329 329 329 328 328 328 327 327 327 326 326 326 325 325 324 324 324 323 323 323 322 322 321 321 321 320 320 320 319 319 318 318 318 317 317 316 316 316 315 315 314 314 313 313 313 312 312 311 311 310 310 310 309 309 308 308 307 307 306 306 305 305 305 304 304 303 303 302 302 301 301 300 300 299 299 298 298 297
333 333 333 332 332 332 332 331 331 331 330 330 330 330 329 329 329 328 328 328 327 327 327 326 326 326 325 325 325 324 324 324 323 323 323 322 322 321 321 321 320 320 319 319 319 318 318 318 317 317 316 316 315 315 315 314 314 313 313 313 312 312 311 311 310 310 310 309 309 308 308 307 307 306 306 306 305 305 304 304 303 303 302 302 301 301 300 300 300 299 299 298 298 297
333 332 332 332 332 331 331 331 331 330 330 330 329 329 329 328 328 328 328 327 327 327 326 326 326 325 325 325 324 324 323 323 323 322 322 322 321 321 321 320 320 319 319 319 318 318 317 317 317 316 316 315 315 315 314 314 313 313 313 312 312 311 311 310 310 310 309 309 308 308 307 307 306 306 306 305 305 304 304 303 303 302 302 301 301 301 300 300 299 299 298 298 297 297
332 332 332 331 331 331 331 330 330 330 329 329 329 329 328 328 328 327 327 327 326 326 326 325 325 325 324 324 324 323 323 323 322 322 322 321 321 320 320 320 319 319 319 318 318 317 317 317 316 316 315 315 315 314 314 313 313 313 312 312 311 311 310 310 310 309 309 308 308 307 307 307 306 306 305 305 304 304 303 303 302 302 302 301 301 300 300 299 299 298 298 297 297 296
332 331 331 331 331 330 330 330 329 329 329 329 328 328 328 327 327 327 327 326 326 326 325 325 325 324 324 324 323 323 323 322 322 321 321 321 320 320 320 319 319 318 318 318 317 317 317 316 316 315 315 315 314 314 313 313 313 312 312 311 311 310 310 310 309 309 308 308 307 307 307 306 306 305 305 304 304 303 303 303 302 302 301 301 300 300 299 299 298 298 297 297 297 296
331 331 331 330 330 330 329 329 329 329 328 328 328 328 327 327 327 326 326 326 325 325 325 324 324 324 323 323 323 322 322 322 321 321 321 320 320 320 319 319 318 318 318 317 317 317 316 316 315 315 315 314 314 313 313 313 312 312 311 311 310 310 310 309 309 308 308 307 307 307 306 306 305 305 304 304 303 303 303 302 302 301 301 300 300 299 299 298 298 298 297 297 296 296
330 330 330 330 329 329 329 329 328 328 328 328 327 327 327 326 326 326 325 325 325 325 324 324 324 323 323 323 322 322 322 321 321 320 320 320 319 319 319 318 318 318 317 317 316 316 316 315 315 314 314 314 313 313 312 312 312 311 311 310 310 310 309 309 308 308 307 307 307 306 306 305 305 304 304 304 303 303 302 302 301 301 300 300 299 299 299 298 298 297 297 296 296 295
330 330 329 329 329 329 328 328 328 328 327 327 327 326 326 326 326 325 325 325 324 324 324 323 323 323 322 322 322 321 321 321 320 320 320 319 319 319 318 318 317 317 317 316 316 316 315 315 314 314 314 313 313 312 312 312 311 311 310 310 310 309 309 308 308 307 307 307 306 306 305 305 304 304 304 303 303 302 302 301 301 300 300 300 299 299 298 298 297 297 296 296 295 295
329 329 329 329 328 328 328 328 327 327 327 327 326 326 326 325 325 325 324 324 324 324 323 323 323 322 322 322 321 321 321 320 320 320 319 319 318 318 318 317 317 317 316 316 316 315 315 314 314 314 313 313 312 312 312 311 311 310 310 310 309 309 308 308 307 307 307 306 306 305 305 304 304 304 303 303 302 302 301 301 301 300 300 299 299 298 298 297 297 296 296 295 295 295
329 329 328 328 328 328 327 327 327 327 326 326 326 325 325 325 325 324 324 324 323 323 323 322 322 322 321 321 321 320 320 320 319 319 319 318 318 318 317 317 317 316 316 315 315 315 314 314 314 313 313 312 312 312 311 311 310 310 310 309 309 308 308 307 307 307 306 306 305 305 304 304 304 303 303 302 302 301 301 301 300 300 299 299 298 298 297 297 296 296 296 295 295 295
328 328 328 328 327 327 327 327 326 326 326 325 325 325 325 324 324 324 323 323 323 322 322 322 322 321 321 321 320 320 320 319 319 319 318 318 317 317 317 316 316 316 315 315 315 314 314 313 313 313 312 312 311 311 311 310 310 310 309 309 308 308 307 307 307 306 306 305 305 305 304 304 303 303 302 302 301 301 301 300 300 299 299 298 298 297 297 297 296 296 295 295 295 295
328 327 327 327 327 326 326 326 326 325 325 325 325 324 324 324 323 323 323 323 322 322 322 321 321 321 320 320 320 319 319 319 318 318 318 317 317 317 316 316 316 315 315 314 314 314 313 313 313 312 312 311 311 311 310 310 309 309 309 308 308 307 307 307 306 306 305 305 305 304 304 303 303 302 302 302 301 301 300 300 299 299 298 298 298 297 297 296 296 295 295 295 295 295
327 327 327 326 326 326 326 325 325 325 325 324 324 324 324 323 323 323 322 322 322 321 321 321 321 320 320 320 319 319 319 318 318 318 317 317 317 316 316 315 315 315 314 314 314 313 313 313 312 312 311 311 311 310 310 309 309 309 308 308 307 307 307 306 306 305 305 305 304 304 303 303 302 302 302 301 301 300 300 299 299 298 298 298 297 297 296 296 295 295 295 295 295 295
327 326 326 326 326 325 325 325 325 324 324 324 324 323 323 323 322 322 322 322 321 321 321 320 320 320 319 319 319 318 318 318 317 317 317 316 316 316 315 315 315 314 314 314 313 313 312 312 312 311 311 311 310 310 309 309 309 308 308 307 307 307 306 306 305 305 304 304 304 303 303 302 302 302 301 301 300 300 299 299 298 298 298 297 297 296 296 295 295 295 295 295 295 295
326 326 326 325 325 325 325 324 324 324 324 323 323 323 322 322 322 322 321 321 321 320 320 320 320 319 319 319 318 318 318 317 317 317 316 316 316 315 315 315 314 314 313 313 313 312 312 312 311 311 310 310 310 309 309 309 308 308 307 307 307 306 306 305 305 304 304 304 303 303 302 302 302 301 301 300 300 299 299 299 298 298 297 297 296 296 295 295 295 295 295 295 295 295
325 325 325 325 325 324 324 324 324 323 323 323 323 322 322 322 321 321 321 321 320 320 320 319 319 319 318 318 318 317 317 317 316 316 316 315 315 315 314 314 314 313 313 313 312 312 311 311 311 310 310 310 309 309 308 308 308 307 307 306 306 306 305 305 304 304 304 303 303 302 302 302 301 301 300 300 299 299 299 298 298 297 297 296 296 295 295 295 295 295 295 295 295 295
325 325 324 324 324 324 324 323 323 323 323 322 322 322 321 321 321 321 320 320 320 319 319 319 318 318 318 318 317 317 317 316 316 316 315 315 315 314 314 314 313 313 312 312 312 311 311 311 310 310 310 309 309 308 308 308 307 307 306 306 306 305 305 304 304 304 303 303 302 302 302 301 301 300 300 299 299 299 298 298 297 297 296 296 296 295 295 295 295 295 295 295 295 295
324 324 324 324 323 323 323 323 322 322 322 322 321 321 321 321 320 320 320 319 319 319 319 318 318 318 317 317 317 316 316 316 315 315 315 314 314 314 313 313 313 312 312 312 311 311 311 310 310 309 309 309 308 308 308 307 307 306 306 306 305 305 304 304 304 303 303 302 302 302 301 301 300 300 299 299 299 298 298 297 297 296 296 296 295 295 295 295 295 295 295 295 295 295
324 324 323 323 323 323 322 322 322 322 321 321 321 321 320 320 320 320 319 319 319 318 318 318 317 317 317 317 316 316 316 315 315 315 314 314 314 313 313 313 312 312 312 311 311 310 310 310 309 309 309 308 308 307 307 307 306 306 306 305 305 304 304 304 303 303 302 302 302 301 301 300 300 299 299 299 298 298 297 297 296 296 296 295 295 295 295 295 295 295 295 295 295 295
323 323 323 323 322 322 322 322 321 321 321 321 320 320 320 320 319 319 319 318 318 318 318 317 317 317 316 316 316 315 315 315 314 314 314 313 313 313 312 312 312 311 311 311 310 310 310 309 309 308 308 308 307 307 307 306 306 305 305 305 304 304 303 303 303 302 302 301 301 301 300 300 299 299 299 298 298 297 297 296 296 296 295 295 295 295 295 295 295 295 295 295 295 295
323 322 322 322 322 322 321 321 321 321 320 320 320 320 319 319 319 318 318 318 318 317 317 317 316 316 316 316 315 315 315 314 314 314 313 313 313 312 312 312 311 311 311 310 310 309 309 309 308 308 308 307 307 307 306 306 305 305 305 304 304 303 303 303 302 302 301 301 301 300 300 299 299 299 298 298 297 297 296 296 296 295 295 295 295 295 295 295 295 295 295 295 295 295
322 322 322 321 321 321 321 321 320 320 320 320 319 319 319 318 318 318 318 317 317 317 317 316 316 316 315 315 315 314 314 314 313 313 313 312 312 312 311 311 311 310 310 310 309 309 309 308 308 308 307 307 306 306 306 305 305 305 304 304 303 303 303 302 302 301 301 301 300 300 299 299 299 298 298 297 297 296 296 296 295 295 295 295 295 295 295 295 295 295 295 295 295 295
