testData/tiles/oneDegree/grid43.0-28.0-44.0-29.0.asc
ncols   200
nrows   200
xllcorner   43.0
yllcorner   28.0
cellsize   0.005
NODATA_value   -9999.0
[rows 110 to 164 of 200, columns 96 to 191 of 200]
44 44 44 44 44 45 45 45 45 45 45 45 45 45 45 45 45 45 45 45 45 45 45 45 45 45 45 45 45 45 45 45 45 45 45 45 45 45 45 45 45 45 45 45 45 45 45 45 45 45 45 45 45 45 38 38 39 39 39 39 39 39 39 39 39 39 39 39 39 39 39 39 39 39 39 39 39 39 39 39 39 39 39 39 39 39 39 39 39 39 39 39 39 39 39 39
44 44 44 44 44 45 45 45 45 45 45 45 45 45 45 45 45 45 45 45 45 45 45 45 45 45 45 45 45 45 45 45 45 45 45 45 45 45 45 45 45 45 45 45 45 45 45 45 45 45 45 45 45 45 38 38 38 39 39 39 39 39 39 39 39 39 39 39 39 39 39 39 39 39 39 39 39 39 39 39 39 39 39 39 39 39 39 39 39 39 39 39 39 39 39 39
44 44 44 44 44 45 45 45 45 45 45 45 45 45 45 45 45 45 45 45 45 45 45 45 45 45 45 45 45 45 45 45 45 45 45 45 45 45 45 45 45 45 45 45 45 45 45 45 45 45 45 45 45 45 38 38 38 38 39 39 39 39 39 39 39 39 39 39 39 39 39 39 39 39 39 39 39 39 39 39 39 39 39 39 39 39 39 39 39 39 39 39 39 39 39 39
44 44 44 44 44 45 45 45 45 45 45 45 45 45 45 45 45 45 45 45 45 45 45 45 45 45 45 45 45 45 45 45 45 45 45 45 45 45 45 45 45 45 45 45 45 45 45 45 45 45 45 45 45 45 45 38 38 38 39 39 39 39 39 39 39 39 39 39 39 39 39 39 39 39 39 39 39 39 39 39 39 39 39 39 39 39 39 39 39 39 39 39 39 39 39 39
44 44 44 44 44 45 45 45 45 45 45 45 45 45 45 45 45 45 45 45 45 45 45 45 45 45 45 45 45 45 45 45 45 45 45 45 45 45 45 45 45 45 45 45 45 45 45 45 45 45 45 45 45 45 45 38 38 38 38 39 39 39 39 39 39 39 39 39 39 39 39 39 39 39 39 39 39 39 39 39 39 39 39 39 39 39 39 39 39 39 39 39 39 39 39 39
44 44 44 44 44 45 45 45 45 45 45 45 45 45 45 45 45 45 45 45 45 45 45 45 45 45 45 45 45 45 45 45 45 45 45 45 45 45 45 45 45 45 45 45 45 45 45 45 45 45 45 45 45 45 45 38 38 38 38 38 39 39 39 39 39 39 39 39 39 39 39 39 39 39 39 39 39 39 39 39 39 39 39 39 39 39 39 39 39 39 39 39 39 39 39 39
50 50 44 44 44 45 45 45 45 45 45 45 45 45 45 45 45 45 45 45 45 45 45 45 45 45 45 45 45 45 45 45 45 45 45 45 45 45 45 45 45 45 45 45 45 45 45 45 45 45 45 45 45 45 45 45 38 38 38 38 38 39 39 39 39 39 39 39 39 39 39 39 39 39 39 39 39 39 39 39 39 39 39 39 39 39 39 39 39 39 39 39 39 39 39 39
50 50 50 50 50 45 45 45 45 45 45 45 45 45 45 45 45 45 45 45 45 45 45 45 45 45 45 45 45 45 45 45 45 45 45 45 45 45 45 45 45 45 45 45 45 45 45 45 45 45 45 45 45 45 45 45 38 38 38 38 38 38 39 39 39 39 39 39 39 39 39 39 39 39 39 39 39 39 39 39 39 39 39 39 39 39 39 39 39 39 39 39 39 39 39 39
50 50 50 50 50 51 51 45 45 45 45 45 45 45 45 45 45 45 45 45 45 45 45 45 45 45 45 45 45 45 45 45 45 45 45 45 45 45 45 45 45 45 45 45 45 45 45 45 45 45 45 45 45 45 45 45 38 38 38 38 38 38 38 39 39 39 40 39 39 39 39 39 39 39 39 39 39 39 39 39 39 39 39 39 39 39 39 39 39 39 39 39 39 39 39 39
50 50 50 50 50 51 51 51 51 51 45 45 45 45 45 45 45 45 45 45 45 45 45 45 45 45 45 45 45 45 45 45 45 45 45 45 45 45 45 45 45 45 45 45 45 45 45 45 45 45 45 45 45 45 45 45 38 38 38 38 38 38 38 38 39 39 39 39 39 39 39 39 39 39 39 39 39 39 39 39 39 39 39 39 39 39 39 39 39 39 39 39 39 39 39 39
50 50 50 50 50 51 51 51 51 51 51 51 45 45 45 45 45 45 45 45 45 45 45 45 45 45 45 45 45 45 45 45 45 45 45 45 45 45 45 45 45 45 45 45 45 45 45 45 45 45 45 45 45 45 45 45 45 38 38 38 38 38 38 38 38 39 39 39 39 39 39 39 39 39 39 39 39 39 39 39 39 39 39 39 39 39 39 39 39 39 39 39 39 39 39 39
50 50 50 50 50 51 51 51 51 51 51 51 51 51 51 45 45 45 45 45 45 45 45 45 45 45 45 45 45 45 45 45 45 45 45 45 45 45 45 45 45 45 45 45 45 45 45 45 45 45 45 45 45 45 45 45 45 38 38 38 38 38 38 38 38 38 39 39 39 39 39 39 39 39 39 39 39 39 39 39 39 39 39 39 39 39 39 39 39 39 39 39 39 39 39 39
50 50 50 50 50 51 51 51 51 51 51 51 51 51 51 51 51 45 45 45 45 45 45 45 45 45 45 45 45 45 45 45 45 45 45 45 45 45 45 45 45 45 45 45 45 45 45 45 45 45 45 45 45 45 45 45 45 38 38 38 38 38 38 38 38 38 38 39 39 39 39 39 39 39 39 39 39 39 39 39 39 39 39 39 39 39 39 39 39 39 39 39 39 39 39 39
50 50 50 50 50 51 51 51 51 51 51 51 51 51 51 51 51 51 51 45 45 45 45 45 45 45 45 45 45 45 45 45 45 45 45 45 45 45 45 45 45 45 45 45 45 45 45 45 45 45 45 45 45 45 45 45 45 45 38 38 38 38 38 38 38 38 38 38 39 39 39 39 39 39 39 39 39 39 39 39 39 39 39 39 39 39 39 39 39 39 39 39 39 39 39 39
50 50 50 50 50 51 51 51 51 51 51 51 51 51 51 51 51 51 51 51 51 45 45 45 45 45 45 45 45 45 45 45 45 45 45 45 45 45 45 45 45 45 45 45 45 45 45 45 45 45 45 45 45 45 45 45 45 45 38 38 38 38 38 38 38 38 38 38 38 39 39 39 39 39 39 39 39 39 39 39 39 39 39 39 39 39 39 39 39 39 39 39 39 39 39 39
50 50 50 50 50 51 51 51 51 51 51 51 51 51 51 51 51 51 51 51 51 51 51 51 45 45 45 45 45 45 45 45 45 45 45 45 45 45 45 45 45 45 45 45 45 45 45 45 45 45 45 45 45 45 45 45 45 45 38 38 38 38 38 38 38 38 38 38 38 38 39 39 39 39 39 39 39 39 39 39 39 39 39 39 39 39 39 39 39 39 39 39 39 39 39 39
50 50 50 50 50 51 51 51 51 51 51 51 51 51 51 51 51 51 51 51 51 51 51 51 51 51 45 45 45 45 45 45 45 45 45 45 45 45 45 45 45 45 45 45 45 45 45 45 45 45 45 45 45 45 45 45 45 45 38 38 38 38 38 38 38 38 38 38 38 38 38 39 39 39 39 39 39 39 39 39 39 39 39 39 39 39 39 39 39 39 39 39 39 39 39 39
50 50 50 50 50 51 51 51 51 51 51 51 51 51 51 51 51 51 51 51 51 51 51 51 51 51 51 51 45 45 45 45 45 45 45 45 45 45 45 45 45 45 45 45 45 45 45 45 45 45 45 45 45 45 45 45 45 45 45 38 38 38 38 38 38 38 38 38 38 38 38 38 39 39 39 39 39 39 39 39 39 39 39 39 39 39 39 39 39 39 39 39 39 39 39 39
50 50 50 50 50 51 51 51 51 51 51 51 51 51 51 51 51 51 51 51 51 51 51 51 51 51 51 51 51 51 45 45 45 45 45 45 45 45 45 45 45 45 45 45 45 45 45 45 45 45 45 45 45 45 45 45 45 45 45 38 38 38 38 38 38 38 38 38 38 38 38 38 38 39 39 39 39 39 39 39 39 39 39 39 39 39 39 39 39 39 39 39 39 39 39 39
50 50 50 50 50 51 51 51 51 51 51 51 51 51 51 51 51 51 51 51 51 51 51 51 51 51 51 51 51 51 51 51 45 45 45 45 45 45 45 45 45 45 45 45 45 45 45 45 45 45 45 45 45 45 45 45 45 45 45 38 38 38 38 38 38 38 38 38 38 38 38 38 38 38 39 39 39 39 39 39 39 39 39 39 39 39 39 39 39 39 39 39 39 39 39 39
50 50 50 50 50 51 51 51 51 51 51 51 51 51 51 51 51 51 51 51 51 51 51 51 51 51 51 51 51 51 51 51 51 51 45 45 45 45 45 45 45 45 45 45 45 45 45 45 45 45 45 45 45 45 45 45 45 45 45 38 38 38 38 38 38 38 38 38 38 38 38 38 38 38 38 39 39 39 39 39 39 39 39 39 39 39 39 39 39 39 39 39 39 39 39 39
50 50 50 50 50 51 51 51 51 51 51 51 51 51 51 51 51 51 51 51 51 51 51 51 51 51 51 51 51 51 51 51 51 51 51 51 45 45 45 45 45 45 45 45 45 45 45 45 45 45 45 45 45 45 45 45 45 45 45 45 38 38 38 38 38 38 38 38 38 38 38 38 38 38 38 38 39 39 39 39 39 39 39 39 39 39 39 39 39 39 39 39 39 39 39 39
50 50 50 50 50 51 51 51 51 51 51 51 51 51 51 51 51 51 51 51 51 51 51 51 51 51 51 51 51 51 51 51 51 51 51 51 51 51 45 45 45 45 45 45 45 45 45 45 45 45 45 45 45 45 45 45 45 45 45 45 38 38 38 38 38 38 38 38 38 38 38 38 38 38 38 38 38 38 39 39 39 39 39 39 39 39 39 39 39 39 39 39 39 39 39 39
50 50 50 50 50 51 51 51 51 51 51 51 51 51 51 51 51 51 51 51 51 51 51 51 51 51 51 51 51 51 51 51 51 51 51 51 51 51 51 51 45 45 45 45 45 45 45 45 45 45 45 45 45 45 45 45 45 45 45 45 38 38 38 38 38 38 38 38 38 38 38 38 38 38 38 38 38 38 38 39 39 39 39 39 39 39 39 39 39 39 39 39 39 39 39 39
50 50 50 50 50 50 51 51 51 51 51 51 51 51 51 51 51 51 51 51 51 51 51 51 51 51 51 51 51 51 51 51 51 51 51 51 51 51 51 51 51 51 45 45 45 45 45 45 45 45 45 45 45 45 45 45 45 45 45 45 38 38 38 38 38 38 38 38 38 38 38 38 38 38 38 38 38 38 38 38 39 39 39 39 39 39 39 39 39 39 39 39 39 39 39 39
50 50 50 50 50 50 51 51 51 51 51 51 51 51 51 51 51 51 51 51 51 51 51 51 51 51 51 51 51 51 51 51 51 51 51 51 51 51 51 51 51 51 51 45 45 45 45 45 45 45 45 45 45 45 45 45 45 45 45 45 45 38 38 38 38 38 38 38 38 38 38 38 38 38 38 38 38 38 38 38 38 39 39 39 39 39 39 39 39 39 39 39 39 39 39 39
50 50 50 50 50 50 51 51 51 51 51 51 51 51 51 51 51 51 51 51 51 51 51 51 51 51 51 51 51 51 51 51 51 51 51 51 51 51 51 51 51 51 51 51 51 45 45 45 45 45 45 45 45 45 45 45 45 45 45 45 45 38 38 38 38 38 38 38 38 38 38 38 38 38 38 38 38 38 38 38 38 38 39 39 39 39 39 39 39 39 39 39 39 39 39 39
50 50 50 50 50 50 51 51 51 51 51 51 51 51 51 51 51 51 51 51 51 51 51 51 51 51 51 51 51 51 51 51 51 51 51 51 51 51 51 51 51 51 51 51 51 51 51 45 45 45 45 45 45 45 45 45 45 45 45 45 45 38 38 38 38 38 38 38 38 38 38 38 38 38 38 38 38 38 38 38 38 38 38 39 39 39 39 39 39 39 39 39 39 39 39 39
50 50 50 50 50 50 51 51 51 51 51 51 51 51 51 51 51 51 51 51 51 51 51 51 51 51 51 51 51 51 51 51 51 51 51 51 51 51 51 51 51 51 51 51 51 51 51 51 51 45 45 45 45 45 45 45 45 45 45 45 45 38 38 38 38 38 38 38 38 38 38 38 38 38 38 38 38 38 38 38 38 38 38 38 39 39 39 39 39 39 39 39 39 39 39 39
50 50 50 50 50 50 51 51 51 51 51 51 51 51 51 51 51 51 51 51 51 51 51 51 51 51 51 51 51 51 51 51 51 51 51 51 51 51 51 51 51 51 51 51 51 51 51 51 51 51 51 45 45 45 45 45 45 45 45 45 45 45 38 38 38 38 38 38 38 38 38 38 38 38 38 38 38 38 38 38 38 38 38 38 38 38 39 39 39 39 39 39 39 39 39 39
51 50 50 50 50 50 51 51 51 51 51 51 51 51 51 51 51 51 51 51 51 51 51 51 51 51 51 51 51 51 51 51 51 51 51 51 51 51 51 51 51 51 51 51 51 51 51 51 51 51 51 51 45 45 45 45 45 45 45 45 45 45 38 38 38 38 38 38 38 38 38 38 38 38 38 38 38 38 38 38 38 38 38 38 38 38 38 39 39 39 39 39 39 39 39 39
142 51 51 51 50 50 51 51 51 51 51 51 51 51 51 51 51 51 51 51 51 51 51 51 51 51 51 51 51 51 51 51 51 51 51 51 51 51 51 51 51 51 51 51 51 51 51 51 51 51 51 51 51 51 45 45 45 45 45 45 45 45 38 38 38 38 38 38 38 38 38 38 38 38 38 38 38 38 38 38 38 38 38 38 38 38 38 38 39 39 39 39 39 39 39 39
142 141 141 141 141 141 140 141 141 141 51 51 51 51 51 51 51 51 51 51 51 51 51 51 51 51 51 51 51 51 51 51 51 51 51 51 51 51 51 51 51 51 51 51 51 51 51 51 51 51 51 51 51 51 51 51 45 45 45 45 45 45 38 38 38 38 38 38 38 38 38 38 38 38 38 38 38 38 38 38 38 38 38 38 38 38 38 38 38 39 39 39 39 39 39 39
142 141 141 141 141 141 141 142 141 141 141 141 141 141 141 141 141 141 51 51 51 51 51 51 51 51 51 51 51 51 51 51 51 51 51 51 51 51 51 51 51 51 51 51 51 51 51 51 51 51 51 51 51 51 51 51 51 51 45 45 45 45 45 38 38 38 38 38 38 38 38 38 38 38 38 38 38 38 38 38 38 38 38 38 38 38 38 38 38 48 49 49 49 49 49 49
143 142 142 141 141 141 141 142 142 142 142 141 141 141 141 141 141 141 141 141 141 141 141 141 51 51 51 51 51 51 51 51 51 51 51 51 51 51 51 51 51 51 51 51 51 51 51 51 51 51 51 51 51 51 51 51 51 51 51 45 45 45 45 38 38 38 38 38 38 38 38 38 38 38 38 38 38 48 48 48 48 48 48 48 48 48 48 48 48 48 48 48 49 49 49 49
143 143 142 142 142 141 141 142 142 142 142 142 142 141 141 141 141 141 141 141 141 141 141 141 141 141 141 141 141 141 51 51 51 51 51 51 51 51 51 51 51 51 51 51 51 51 51 51 51 51 51 51 51 51 51 51 51 51 51 51 51 45 45 38 38 48 48 48 48 48 48 48 48 48 48 48 48 48 48 48 48 48 48 48 49 49 49 50 50 50 50 50 51 52 52 52
143 143 142 142 142 142 142 142 142 142 142 142 142 142 142 141 141 141 141 141 141 141 141 141 141 141 141 141 141 141 141 141 141 141 141 141 51 51 51 51 51 51 51 51 51 51 51 51 51 51 51 51 51 51 51 61 61 61 61 61 61 61 55 48 48 48 48 48 48 48 48 48 48 49 49 49 50 50 50 50 51 51 51 51 52 52 52 52 52 53 53 53 53 53 55 55
144 143 142 142 142 142 142 142 143 142 142 142 142 142 142 142 142 141 141 141 141 141 141 141 141 141 141 141 141 141 141 141 141 141 141 141 141 141 141 141 141 51 51 51 51 61 61 61 61 61 61 61 61 61 61 61 61 61 61 61 61 61 61 55 49 49 50 50 50 50 51 51 51 51 52 52 52 52 52 53 53 53 53 54 54 54 54 54 54 55 55 55 55 55 56 56
144 144 144 143 142 142 142 142 143 143 143 143 142 142 142 142 142 142 142 141 141 141 141 141 141 141 141 141 141 141 141 141 141 141 141 141 141 151 151 151 151 151 151 151 151 151 61 61 61 61 61 61 61 61 62 62 62 63 63 63 63 64 64 64 57 58 52 52 52 53 53 53 53 53 54 54 54 54 54 55 55 55 55 55 56 56 56 56 56 56 57 57 57 57 57 57
144 144 144 143 143 143 142 142 143 143 143 143 143 143 142 142 142 142 142 142 142 141 141 141 141 141 141 141 141 151 151 151 151 151 151 151 151 151 151 151 151 151 151 151 151 151 152 152 152 153 63 63 64 64 64 64 65 65 65 65 66 66 66 66 59 60 60 54 54 54 55 55 55 55 55 56 56 56 56 56 56 57 57 57 57 57 57 58 58 58 58 58 58 58 59 59
144 144 144 143 143 143 143 143 143 143 143 143 143 143 143 143 142 142 142 142 142 142 152 151 151 151 151 151 151 151 151 151 151 151 151 151 151 151 152 152 152 153 153 153 153 154 154 154 154 155 155 155 155 156 156 66 66 67 67 67 67 67 68 68 61 61 61 62 62 56 56 56 56 57 57 57 57 57 57 58 58 58 58 58 58 59 59 59 59 59 59 59 60 60 60 60
145 145 144 143 143 143 143 143 144 144 143 143 143 143 143 153 153 153 152 152 152 152 152 152 152 151 151 151 151 151 151 152 152 152 152 153 153 153 154 154 154 154 155 155 155 155 156 156 156 156 157 157 157 157 157 158 158 158 158 68 69 69 69 69 62 63 63 63 63 63 57 58 58 58 58 58 58 58 59 59 59 59 59 59 60 60 60 60 60 60 60 61 61 61 61 61
145 145 145 144 144 143 143 143 143 144 154 154 153 153 153 153 153 153 153 153 152 152 152 152 152 153 153 152 153 153 153 153 154 154 154 155 155 155 155 156 156 156 156 156 157 157 157 157 158 158 158 158 158 159 159 159 159 159 159 160 160 160 160 70 64 64 64 64 64 64 64 65 59 59 59 59 59 60 60 60 60 60 60 60 61 61 61 61 61 61 61 61 62 62 62 62
145 145 145 145 144 154 154 153 153 154 154 154 154 154 154 153 153 153 153 153 154 154 153 154 154 154 155 155 155 154 155 155 155 155 156 156 156 156 157 157 157 157 157 158 158 158 158 158 159 159 159 159 159 160 160 160 160 160 161 161 161 161 161 161 161 155 155 65 65 65 65 66 66 60 60 60 60 60 61 61 61 61 61 61 61 62 62 62 62 62 62 62 62 63 63 63
156 155 155 155 154 154 154 154 154 154 154 154 154 154 154 155 155 154 155 155 155 155 156 156 155 156 156 156 156 157 157 156 156 157 157 157 157 157 158 158 158 158 159 159 159 159 159 159 160 160 160 160 160 161 161 161 161 161 161 162 162 162 162 162 162 156 156 156 156 156 66 66 67 67 67 61 61 61 61 61 62 62 62 62 62 62 62 63 63 63 63 63 63 63 63 63
156 156 156 155 154 154 154 154 154 155 155 155 155 155 156 156 156 157 157 156 156 157 157 157 157 158 157 157 157 158 158 158 158 158 158 158 158 158 159 159 159 159 159 160 160 160 160 160 160 161 161 161 161 161 162 162 162 162 162 162 162 163 163 163 163 156 156 157 157 157 157 157 157 157 67 68 62 62 62 62 62 62 63 63 63 63 63 63 63 63 64 64 64 64 64 64
156 156 156 156 155 155 154 154 155 155 156 157 157 156 157 157 157 158 158 158 158 158 158 158 158 159 159 159 158 158 159 159 159 159 160 159 159 159 159 160 160 160 160 160 160 161 161 161 161 161 162 162 162 162 162 162 162 163 163 163 163 163 163 164 164 157 157 157 157 157 158 158 158 158 158 158 158 68 63 63 63 63 63 63 63 63 64 64 64 64 64 64 64 64 65 65
156 156 156 156 156 156 156 156 156 156 157 158 158 158 159 158 158 158 159 159 159 159 160 159 159 159 160 160 160 160 159 160 160 160 160 160 160 160 160 160 160 161 161 161 161 161 161 162 162 162 162 162 162 163 163 163 163 163 163 163 164 164 164 164 164 157 157 158 158 158 158 158 158 158 159 159 159 159 159 153 153 63 64 64 64 64 64 64 64 64 64 65 65 65 65 65
157 157 157 157 157 157 157 157 158 158 158 158 159 159 159 160 160 159 159 160 160 160 160 160 161 160 160 160 161 161 161 161 160 161 161 161 161 161 160 161 161 161 161 161 162 162 162 162 162 162 163 163 163 163 163 163 163 164 164 164 164 164 164 164 165 165 158 158 158 158 158 159 159 159 159 159 159 159 159 160 160 154 154 154 64 64 64 65 65 65 65 65 65 65 65 65
158 158 158 159 158 157 158 158 158 158 159 160 159 159 160 160 160 160 161 160 160 160 161 161 161 161 162 161 161 161 161 162 162 161 161 161 161 162 162 162 161 161 162 162 162 162 162 162 163 163 163 163 163 163 163 164 164 164 164 164 164 164 165 165 165 165 158 158 158 159 159 159 159 159 159 159 159 160 160 160 160 160 154 154 154 155 155 65 65 65 65 65 65 65 66 66
158 158 159 159 159 159 159 158 158 159 159 160 161 161 160 160 161 161 161 161 162 161 161 161 161 162 162 162 161 161 162 162 162 162 162 162 162 162 162 162 162 163 162 162 162 162 162 163 163 163 163 163 163 164 164 164 164 164 164 164 165 165 165 165 165 165 158 159 159 159 159 159 159 159 159 160 160 160 160 160 160 160 160 155 155 155 155 155 155 155 65 65 66 66 66 66
159 159 159 159 160 159 159 159 160 159 159 161 161 161 161 162 161 161 161 161 162 162 162 161 162 162 162 162 162 163 162 162 162 162 163 163 163 162 162 162 163 163 163 162 162 162 163 163 163 163 163 163 164 164 164 164 164 164 164 165 165 165 165 165 165 165 159 159 159 159 159 159 159 159 160 160 160 160 160 160 160 160 161 161 161 155 155 155 155 155 155 156 156 66 66 66
159 160 160 159 160 160 159 160 160 160 160 160 161 161 161 162 162 162 161 162 162 162 162 162 163 162 162 162 162 163 163 163 162 162 163 163 163 163 163 162 163 163 163 163 163 162 163 163 163 163 163 163 164 164 164 164 164 164 164 165 165 165 165 165 165 165 159 159 159 159 159 159 159 159 160 160 160 160 160 160 160 160 161 161 161 161 155 155 155 155 155 156 156 156 156 156
159 160 160 160 161 160 159 159 160 160 160 161 162 161 161 162 162 162 162 162 162 162 162 162 163 163 163 162 162 163 163 163 163 163 163 163 163 163 163 163 163 163 163 163 163 163 164 163 163 163 163 163 164 164 164 164 164 164 164 165 165 165 165 165 165 165 159 159 159 159 159 159 159 159 160 160 160 160 160 160 160 160 161 161 161 161 161 155 155 155 155 156 156 156 156 156
159 159 160 160 160 161 160 160 159 160 160 160 162 162 162 161 162 162 162 162 163 163 162 162 162 163 163 163 163 162 163 163 163 163 163 164 163 163 163 163 163 164 163 163 163 163 163 164 163 163 163 163 163 164 164 164 164 164 164 164 165 165 165 165 165 165 165 159 159 159 159 159 159 159 159 160 160 160 160 160 160 160 160 161 161 161 161 161 161 155 155 155 156 156 156 156
