testData/tiles/oneDegree/grid49.0-4.0-50.0-5.0.asc
ncols   200
nrows   200
xllcorner   49.0
yllcorner   4.0
cellsize   0.005
NODATA_value   -9999.0
[rows 0 to 41 of 200, columns 94 to 187 of 200]
144 143 143 143 143 143 143 143 143 142 142 142 142 142 142 142 142 142 142 142 142 142 142 142 142 142 142 142 142 142 142 142 142 142 142 142 142 142 142 142 142 142 142 142 142 142 142 142 142 142 142 142 142 142 142 142 142 142 142 142 142 142 142 142 142 142 142 142 142 142 142 142 142 142 142 142 142 142 142 142 142 142 142 142 142 142 142 142 142 142 142 142 142 142
144 144 144 144 144 143 143 143 143 143 143 143 142 142 142 142 142 142 142 142 142 142 142 142 142 142 142 142 142 142 142 142 142 142 142 142 142 142 142 142 142 142 142 142 142 142 142 142 142 142 142 142 142 142 142 142 142 142 142 142 142 142 142 142 142 142 142 142 142 142 142 142 142 142 142 142 142 142 142 142 142 142 142 142 142 142 142 142 142 142 142 142 142 142
145 145 144 144 144 144 144 144 144 143 143 143 143 143 143 142 142 142 142 142 142 142 142 142 142 142 142 142 142 142 142 142 142 142 142 142 142 142 142 142 142 142 142 142 142 142 142 142 142 142 142 142 142 142 142 142 142 142 142 142 142 142 142 142 142 142 142 142 142 142 142 142 142 142 142 142 142 142 142 142 142 142 142 142 142 142 142 142 142 142 142 142 142 142
145 145 145 145 145 145 144 144 144 144 144 144 143 143 143 143 143 143 142 142 142 142 142 142 142 142 142 142 142 142 142 142 142 142 142 142 142 142 142 142 142 142 142 142 142 142 142 142 142 142 142 142 142 142 142 142 142 142 142 142 142 142 142 142 142 142 142 142 142 142 142 142 142 142 142 142 142 142 142 142 142 142 142 142 142 142 142 142 142 142 142 142 142 142
146 146 145 145 145 145 145 145 145 144 144 144 144 144 144 143 143 143 143 143 143 142 142 142 142 142 142 142 142 142 142 142 142 142 142 142 142 142 142 142 142 142 142 142 142 142 142 142 142 142 142 142 142 142 142 142 142 142 142 142 142 142 142 142 142 142 142 142 142 142 142 142 142 142 142 142 142 142 142 142 142 142 142 142 142 142 142 142 142 142 142 142 142 142
146 146 146 146 146 146 145 145 145 145 145 145 144 144 144 144 144 144 143 143 143 143 143 143 142 142 142 142 142 142 142 142 142 142 142 142 142 142 142 142 142 142 142 142 142 142 142 142 142 142 142 142 142 142 142 142 142 142 142 142 142 142 142 142 142 142 142 142 142 142 142 142 142 142 142 142 142 142 142 142 142 142 142 142 142 142 142 142 142 142 142 142 142 142
147 147 146 146 146 146 146 146 146 145 145 145 145 145 145 145 144 144 144 144 144 143 143 143 143 143 142 142 142 142 142 142 142 142 142 142 142 142 142 142 142 142 142 142 142 142 142 142 142 142 142 142 142 142 142 142 142 142 142 142 142 142 142 142 142 142 142 142 142 142 142 142 142 142 142 142 142 142 142 142 142 142 142 142 142 142 142 142 142 142 142 142 142 142
147 147 147 147 147 147 146 146 146 146 146 146 146 145 145 145 145 145 144 144 144 144 144 144 143 143 143 143 143 142 142 142 142 142 142 142 142 142 142 142 142 142 142 142 142 142 142 142 142 142 142 142 142 142 142 142 142 142 142 142 142 142 142 142 142 142 142 142 142 142 142 142 142 142 142 142 142 142 142 142 142 142 142 142 142 142 142 142 142 142 142 142 142 142
148 148 148 147 147 147 147 147 147 147 146 146 146 146 146 146 145 145 145 145 145 144 144 144 144 144 143 143 143 143 143 142 142 142 142 142 142 142 142 142 142 142 142 142 142 142 142 142 142 142 142 142 142 142 142 142 142 142 142 142 142 142 142 142 142 142 142 142 142 142 142 142 142 142 142 142 142 142 142 142 142 142 142 142 142 142 142 142 142 142 142 142 142 142
148 148 148 148 148 148 147 147 147 147 147 147 147 146 146 146 146 146 146 145 145 145 145 145 144 144 144 144 144 143 143 143 143 143 142 142 142 142 142 142 142 142 142 142 142 142 142 142 142 142 142 142 142 142 142 142 142 142 142 142 142 142 142 142 142 142 142 142 142 142 142 142 142 142 142 142 142 142 142 142 142 142 142 142 142 142 142 142 142 142 142 142 142 142
149 149 149 148 148 148 148 148 148 148 147 147 147 147 147 147 146 146 146 146 146 145 145 145 145 145 144 144 144 144 144 143 143 143 143 143 142 142 142 142 142 142 142 142 142 142 142 142 142 142 142 142 142 142 142 142 142 142 142 142 142 142 142 142 142 142 142 142 142 142 142 142 142 142 142 142 142 142 142 142 142 142 142 142 142 142 142 142 142 142 142 142 142 142
149 149 149 149 149 149 149 148 148 148 148 148 148 147 147 147 147 147 147 146 146 146 146 146 145 145 145 145 145 144 144 144 144 143 143 143 143 143 142 142 142 142 142 142 142 142 142 142 142 142 142 142 142 142 142 142 142 142 142 142 142 142 142 142 142 142 142 142 142 142 142 142 142 142 142 142 142 142 142 142 142 142 142 142 142 142 142 142 142 142 142 142 142 142
150 150 150 149 149 149 149 149 149 149 148 148 148 148 148 148 147 147 147 147 147 146 146 146 146 146 145 145 145 145 145 144 144 144 144 144 143 143 143 143 142 142 142 142 142 142 142 142 142 142 142 142 142 142 142 142 142 142 142 142 142 142 142 142 142 142 142 142 142 142 142 142 142 142 142 142 142 142 142 142 142 142 142 142 142 142 142 142 142 142 142 142 142 142
299 299 150 150 150 150 150 149 149 149 149 149 149 148 148 148 148 148 148 147 147 147 147 147 146 146 146 146 146 145 145 145 145 144 144 144 144 144 143 143 143 143 142 142 142 142 142 142 142 142 142 142 142 142 142 142 142 142 142 142 142 142 142 142 142 142 142 142 142 142 142 142 142 142 142 142 142 142 142 142 142 142 142 142 142 142 142 142 142 142 142 142 142 142
300 300 300 151 150 150 150 150 150 150 149 149 149 149 149 149 148 148 148 148 148 147 147 147 147 147 146 146 146 146 146 145 145 145 145 145 144 144 144 144 143 143 143 143 142 142 142 142 142 142 142 142 142 142 142 142 142 142 142 142 142 142 142 142 142 142 142 142 142 142 142 142 142 142 142 142 142 142 142 142 142 142 142 142 142 142 142 142 142 142 142 142 142 142
300 300 300 300 151 151 151 150 150 150 150 150 150 149 149 149 149 149 149 148 148 148 148 148 147 147 147 147 147 146 146 146 146 145 145 145 145 145 144 144 144 144 143 143 143 143 142 142 142 142 142 142 142 142 142 142 142 142 142 142 142 142 142 142 142 142 142 142 142 142 142 142 142 142 142 142 142 142 142 142 142 142 142 142 142 142 142 142 142 142 142 142 142 142
301 301 301 301 300 300 151 151 151 151 150 150 150 150 150 150 149 149 149 149 149 148 148 148 148 148 147 147 147 147 147 146 146 146 146 145 145 145 145 145 144 144 144 144 143 143 143 143 142 142 142 142 142 142 142 142 142 142 142 142 142 142 142 142 142 142 142 142 142 142 142 142 142 142 142 142 142 142 142 142 142 142 142 142 142 142 142 142 142 142 142 142 142 142
301 301 301 301 301 301 301 151 151 151 151 151 151 150 150 150 150 150 150 149 149 149 149 149 148 148 148 148 148 147 147 147 147 146 146 146 146 145 145 145 145 145 144 144 144 144 143 143 143 142 142 142 142 142 142 142 142 142 142 142 142 142 142 142 142 142 142 142 142 142 142 142 142 142 142 142 142 142 142 142 142 142 142 142 142 142 142 142 142 142 142 142 142 142
302 302 302 302 301 301 301 301 152 152 151 151 151 151 151 151 150 150 150 150 150 149 149 149 149 149 148 148 148 148 148 147 147 147 147 146 146 146 146 145 145 145 145 144 144 144 144 143 143 143 143 142 142 142 142 142 142 142 142 142 142 142 142 142 142 142 142 142 142 142 142 142 142 142 142 142 142 142 142 142 142 142 142 142 142 142 142 142 142 142 142 142 142 142
303 302 302 302 302 302 302 302 301 301 152 152 152 151 151 151 151 151 151 150 150 150 150 150 149 149 149 149 149 148 148 148 148 147 147 147 147 146 146 146 146 145 145 145 145 144 144 144 144 143 143 143 143 142 142 142 142 142 142 142 142 142 142 142 142 142 142 142 142 142 142 142 142 142 142 142 142 142 142 142 142 142 142 142 142 142 142 142 142 142 142 142 142 142
303 303 303 303 302 302 302 302 302 302 302 152 152 152 152 152 151 151 151 151 151 150 150 150 150 150 149 149 149 149 149 148 148 148 148 147 147 147 147 146 146 146 146 145 145 145 145 144 144 144 144 143 143 143 142 142 142 142 142 142 142 142 142 142 142 142 142 142 142 142 142 142 142 142 142 142 142 142 142 142 142 142 142 142 142 142 142 142 142 142 142 142 142 142
304 303 303 303 303 303 303 303 302 302 302 302 153 153 152 152 152 152 152 151 151 151 151 151 150 150 150 150 150 149 149 149 149 148 148 148 148 147 147 147 147 146 146 146 146 145 145 145 145 144 144 144 144 143 143 143 142 142 142 142 142 142 142 142 142 142 142 142 142 142 142 142 142 142 142 142 142 142 142 142 142 142 142 142 142 142 142 142 142 142 142 142 142 142
304 304 304 304 304 303 303 303 303 303 303 302 302 153 153 153 152 152 152 152 152 151 151 151 151 151 150 150 150 150 150 149 149 149 149 148 148 148 148 147 147 147 147 146 146 146 146 145 145 145 145 144 144 144 143 143 143 143 142 142 142 142 142 142 142 142 142 142 142 142 142 142 142 142 142 142 142 142 142 142 142 142 142 142 142 142 142 142 142 142 142 142 142 142
305 304 304 304 304 304 304 304 303 303 303 303 303 303 153 153 153 153 153 152 152 152 152 152 151 151 151 151 151 150 150 150 150 149 149 149 149 148 148 148 148 147 147 147 147 146 146 146 146 145 145 145 144 144 144 144 143 143 143 142 142 142 142 142 142 142 142 142 142 142 142 142 142 142 142 142 142 142 142 142 142 142 142 142 142 142 142 142 142 142 142 142 142 142
305 305 305 305 305 304 304 304 304 304 304 303 303 303 303 154 153 153 153 153 153 152 152 152 152 152 151 151 151 151 151 150 150 150 150 149 149 149 149 148 148 148 148 147 147 147 147 146 146 146 145 145 145 145 144 144 144 143 143 143 143 142 142 142 142 142 142 142 142 142 142 142 142 142 142 142 142 142 142 142 142 142 142 142 142 142 142 142 142 142 142 142 142 142
306 306 305 305 305 305 305 305 304 304 304 304 304 304 303 303 154 154 154 153 153 153 153 153 152 152 152 152 151 151 151 151 151 150 150 150 150 149 149 149 149 148 148 148 148 147 147 147 146 146 146 146 145 145 145 144 144 144 144 143 143 143 142 142 142 142 142 142 142 142 142 142 142 142 142 142 142 142 142 142 142 142 142 142 142 142 142 142 142 142 142 142 142 142
306 306 306 306 306 305 305 305 305 305 305 304 304 304 304 304 303 154 154 154 154 153 153 153 153 153 152 152 152 152 152 151 151 151 151 150 150 150 150 149 149 149 149 148 148 148 147 147 147 147 146 146 146 146 145 145 145 144 144 144 143 143 143 143 142 142 142 142 142 142 142 142 142 142 142 142 142 142 142 142 142 142 142 142 142 142 142 142 142 142 142 142 142 142
307 307 306 306 306 306 306 306 305 305 305 305 305 305 304 304 304 304 155 154 154 154 154 154 153 153 153 153 152 152 152 152 152 151 151 151 151 150 150 150 150 149 149 149 148 148 148 148 147 147 147 147 146 146 146 145 145 145 144 144 144 144 143 143 143 142 142 142 142 142 142 142 142 142 142 142 142 142 142 142 142 142 142 142 142 142 142 142 142 142 142 142 142 142
307 307 307 307 307 306 306 306 306 306 306 305 305 305 305 305 304 304 304 155 155 154 154 154 154 154 153 153 153 153 152 152 152 152 152 151 151 151 151 150 150 150 149 149 149 149 148 148 148 148 147 147 147 146 146 146 146 145 145 145 144 144 144 143 143 143 142 142 142 142 142 142 142 142 142 142 142 142 142 142 142 142 142 142 142 142 142 142 142 142 142 142 142 142
308 308 307 307 307 307 307 307 306 306 306 306 306 306 305 305 305 305 305 304 155 155 155 155 154 154 154 154 153 153 153 153 152 152 152 152 152 151 151 151 150 150 150 150 149 149 149 149 148 148 148 147 147 147 147 146 146 146 145 145 145 144 144 144 144 143 143 143 142 142 142 142 142 142 142 142 142 142 142 142 142 142 142 142 142 142 142 142 142 142 142 142 142 142
308 308 308 308 308 307 307 307 307 307 307 306 306 306 306 306 305 305 305 305 305 155 155 155 155 155 154 154 154 154 153 153 153 153 152 152 152 152 151 151 151 151 150 150 150 150 149 149 149 148 148 148 148 147 147 147 146 146 146 146 145 145 145 144 144 144 143 143 143 142 142 142 142 142 142 142 142 142 142 142 142 142 142 142 142 142 142 142 142 142 142 142 142 142
309 309 308 308 308 308 308 308 307 307 307 307 307 307 306 306 306 306 306 305 305 305 156 156 155 155 155 155 154 154 154 154 153 153 153 153 152 152 152 152 151 151 151 151 150 150 150 150 149 149 149 148 148 148 147 147 147 147 146 146 146 145 145 145 144 144 144 143 143 143 142 142 142 142 142 142 142 142 142 142 142 142 142 142 142 142 142 142 142 142 142 142 142 142
309 309 309 309 309 309 308 308 308 308 308 307 307 307 307 307 307 306 306 306 306 305 305 156 156 156 155 155 155 155 154 154 154 154 153 153 153 153 152 152 152 152 151 151 151 151 150 150 150 149 149 149 149 148 148 148 147 147 147 146 146 146 145 145 145 145 144 144 144 143 143 143 142 142 142 142 142 142 142 142 142 142 142 142 142 142 142 142 142 142 142 142 142 142
310 310 310 309 309 309 309 309 309 308 308 308 308 308 307 307 307 307 307 306 306 306 306 306 156 156 156 156 155 155 155 155 154 154 154 154 153 153 153 153 152 152 152 152 151 151 151 150 150 150 150 149 149 149 148 148 148 147 147 147 147 146 146 146 145 145 145 144 144 144 143 143 143 142 142 142 142 142 142 142 142 142 142 142 142 142 142 142 142 142 142 142 142 142
310 310 310 310 310 310 309 309 309 309 309 308 308 308 308 308 308 307 307 307 307 306 306 306 306 157 156 156 156 156 155 155 155 155 154 154 154 154 153 153 153 153 152 152 152 151 151 151 151 150 150 150 149 149 149 149 148 148 148 147 147 147 146 146 146 145 145 145 144 144 144 143 143 143 142 142 142 142 142 142 142 142 142 142 142 142 142 142 142 142 142 142 142 142
311 311 311 310 310 310 310 310 310 309 309 309 309 309 308 308 308 308 308 307 307 307 307 307 306 157 157 157 156 156 156 156 155 155 155 155 154 154 154 154 153 153 153 152 152 152 152 151 151 151 150 150 150 150 149 149 149 148 148 148 147 147 147 146 146 146 145 145 145 145 144 144 143 143 143 142 142 142 142 142 142 142 142 142 142 142 142 142 142 142 142 142 142 142
311 311 311 311 311 311 310 310 310 310 310 309 309 309 309 309 309 308 308 308 308 307 307 307 307 307 157 157 157 157 156 156 156 156 155 155 155 155 154 154 154 153 153 153 153 152 152 152 152 151 151 151 150 150 150 149 149 149 148 148 148 148 147 147 147 146 146 146 145 145 145 144 144 144 143 143 143 142 142 142 142 142 142 142 142 142 142 142 142 142 142 142 142 142
312 312 312 311 311 311 311 311 311 310 310 310 310 310 309 309 309 309 309 308 308 308 308 307 307 307 307 158 157 157 157 157 156 156 156 156 155 155 155 154 154 154 154 153 153 153 153 152 152 152 151 151 151 150 150 150 150 149 149 149 148 148 148 147 147 147 146 146 146 145 145 145 144 144 144 143 143 143 142 142 142 142 142 142 142 142 142 142 142 142 142 142 142 142
312 312 312 312 312 312 311 311 311 311 311 310 310 310 310 310 309 309 309 309 309 308 308 308 308 308 307 307 158 158 157 157 157 157 156 156 156 156 155 155 155 154 154 154 154 153 153 153 152 152 152 152 151 151 151 150 150 150 149 149 149 148 148 148 147 147 147 146 146 146 145 145 145 144 144 144 143 143 143 142 142 142 142 142 142 142 142 142 142 142 142 142 142 142
313 313 313 312 312 312 312 312 312 311 311 311 311 311 310 310 310 310 310 309 309 309 309 308 308 308 308 308 158 158 158 158 157 157 157 157 156 156 156 155 155 155 155 154 154 154 153 153 153 153 152 152 152 151 151 151 150 150 150 149 149 149 149 148 148 148 147 147 147 146 146 146 145 145 144 144 144 143 143 143 142 142 142 142 142 142 142 142 142 142 142 142 142 142
313 313 313 313 313 313 312 312 312 312 312 312 311 311 311 311 310 310 310 310 310 309 309 309 309 308 308 308 308 159 158 158 158 157 157 157 157 156 156 156 156 155 155 155 154 154 154 154 153 153 153 152 152 152 151 151 151 151 150 150 150 149 149 149 148 148 148 147 147 147 146 146 146 145 145 145 144 144 143 143 143 142 142 142 142 142 142 142 142 142 142 142 142 142
314 314 314 313 313 313 313 313 313 312 312 312 312 312 311 311 311 311 311 310 310 310 310 309 309 309 309 308 308 308 159 158 158 158 158 157 157 157 157 156 156 156 156 155 155 155 154 154 154 153 153 153 153 152 152 152 151 151 151 150 150 150 149 149 149 148 148 148 147 147 147 146 146 146 145 145 145 144 144 144 143 143 142 142 142 142 142 142 142 142 142 142 142 142
