testData/tiles/oneDegree/grid23.0-30.0-24.0-31.0.asc
ncols   200
nrows   200
xllcorner   23.0
yllcorner   30.0
cellsize   0.005
NODATA_value   -9999.0
[rows 84 to 125 of 200, columns 94 to 187 of 200]
646 646 645 644 645 644 643 643 643 641 640 641 640 639 638 638 637 636 635 635 635 634 632 631 631 630 629 628 629 627 626 624 623 622 622 621 619 619 617 617 615 614 612 611 610 609 607 606 604 603 602 602 600 599 597 596 594 592 592 591 591 590 590 589 588 589 588 588 587 586 586 585 585 585 585 585 584 583 583 582 581 580 580 579 578 578 578 577 576 575 574 573 572 571
641 641 641 639 639 639 638 638 637 636 636 634 634 634 633 632 632 630 630 629 628 628 627 627 625 624 622 622 622 621 620 618 618 616 615 614 613 613 611 610 609 608 607 606 604 603 601 599 597 597 595 595 594 595 594 595 594 593 593 592 592 591 591 591 590 590 589 589 588 587 587 587 586 586 585 585 584 583 582 582 581 580 581 580 579 579 578 577 576 575 575 574 573 572
636 636 635 634 634 633 632 632 631 631 630 628 629 628 627 627 627 625 624 622 622 622 621 620 618 619 617 616 615 613 613 611 611 609 609 609 607 606 604 603 601 600 599 599 598 598 597 598 597 597 596 596 595 596 595 595 594 593 594 593 594 593 593 592 591 591 590 590 589 589 589 588 587 587 586 585 585 584 583 584 583 582 582 581 580 579 579 578 577 576 459 458 457 457
630 630 629 629 628 627 626 626 625 624 624 623 622 622 620 620 619 618 618 617 616 615 613 612 613 612 610 609 609 607 606 604 603 601 602 602 601 601 600 601 600 600 599 599 598 600 599 599 598 598 597 598 597 597 596 596 595 594 595 594 594 593 593 593 592 592 591 592 591 590 590 589 588 588 587 586 587 586 585 585 584 583 583 465 464 463 463 462 461 461 461 460 459 458
623 622 624 622 621 621 620 619 617 618 618 616 615 614 614 613 611 610 611 609 609 607 607 606 604 603 603 604 604 603 603 602 603 602 602 601 602 603 602 602 601 601 600 601 600 600 599 599 598 600 599 599 598 598 597 596 597 596 596 595 595 594 594 593 593 593 592 592 591 590 590 590 589 589 589 588 588 470 469 469 468 467 467 466 465 464 465 464 463 462 461 460 459 458
616 616 615 614 615 613 612 612 611 610 609 608 609 608 606 605 605 605 605 605 605 605 605 605 604 604 604 604 605 604 604 604 604 603 603 602 603 603 602 603 602 602 602 602 601 601 600 600 600 600 599 599 599 599 598 598 598 597 597 596 596 595 595 595 594 594 593 593 592 591 474 474 473 473 472 471 471 470 469 469 468 467 467 467 466 465 465 464 463 462 462 461 460 459
609 608 607 607 606 606 606 607 606 606 606 606 606 607 606 607 606 606 606 605 606 606 606 606 606 606 605 605 605 605 606 605 605 604 605 604 604 604 603 603 603 603 603 603 602 602 602 602 601 601 600 600 599 600 599 598 598 598 598 597 597 597 479 479 478 478 477 476 476 476 476 475 474 474 473 472 472 471 470 470 470 469 469 468 467 466 466 465 464 463 463 462 461 460
607 607 607 607 607 606 607 608 607 607 608 607 607 607 607 608 607 607 608 607 607 606 606 608 607 607 606 606 607 606 606 605 605 606 606 605 605 604 604 605 604 604 603 603 602 604 603 603 602 602 601 602 601 600 483 482 482 481 481 481 481 480 480 480 479 479 478 478 478 477 477 476 475 475 474 473 473 472 472 472 471 470 470 469 468 467 467 466 465 464 464 463 463 462
607 609 608 608 608 608 608 608 608 609 609 608 608 609 608 608 608 609 609 608 608 607 608 608 607 608 607 608 607 607 607 606 607 606 606 606 606 606 606 606 605 605 604 605 604 487 486 486 486 486 486 486 485 484 484 483 483 483 483 482 482 481 480 480 479 479 479 478 478 477 478 477 476 476 475 474 475 474 473 473 472 471 470 470 469 468 468 467 466 466 465 464 463 462
609 609 609 609 610 609 609 609 609 609 610 609 610 609 609 609 609 609 610 609 609 609 609 609 608 608 608 609 608 608 608 608 608 607 607 606 490 489 490 489 489 489 489 489 488 488 487 487 486 487 486 485 486 485 485 484 485 484 484 483 483 482 481 481 481 481 480 479 479 478 478 477 476 476 476 475 475 474 473 473 472 471 470 470 469 468 469 468 467 466 465 465 464 463
610 610 609 610 611 610 610 611 610 610 610 610 611 610 610 611 610 610 610 609 611 610 610 610 609 610 492 492 491 492 493 492 492 491 491 491 491 490 490 489 489 491 490 490 489 489 488 489 488 488 487 486 486 485 486 485 486 485 485 484 484 483 482 483 482 482 481 480 480 479 478 478 478 478 477 476 476 475 474 474 473 472 471 471 471 470 469 469 468 467 466 466 465 464
611 611 611 611 611 611 612 612 611 611 612 611 611 611 612 495 494 494 494 494 494 493 494 493 494 494 493 493 492 493 493 492 493 492 493 492 492 491 491 490 491 490 490 489 490 490 490 489 489 488 488 487 487 487 487 486 486 485 485 484 483 485 484 484 483 483 482 481 481 480 480 480 479 479 478 477 477 476 475 474 474 473 473 473 472 471 470 470 469 468 467 467 466 465
612 613 495 495 495 495 495 496 495 496 496 495 495 495 495 496 495 495 495 495 495 494 494 494 495 495 494 494 494 494 493 493 493 493 494 493 493 492 492 492 492 491 491 490 490 490 490 490 490 489 489 488 489 488 488 487 487 486 486 485 485 485 484 484 483 482 482 481 481 482 481 481 480 479 479 478 477 477 476 475 476 475 474 474 473 472 471 471 470 469 468 468 466 465
496 497 496 496 497 496 496 496 496 497 496 496 497 496 496 496 495 497 496 496 496 495 496 495 495 495 495 496 495 495 494 494 495 494 494 493 493 493 494 493 493 492 492 491 492 491 491 490 490 489 489 490 490 489 489 488 488 487 487 487 486 486 485 485 484 483 483 482 483 482 481 481 480 479 479 478 477 477 476 476 476 475 474 474 473 472 471 471 470 469 468 467 467 466
497 497 496 498 498 497 497 498 497 497 497 497 498 497 497 497 497 497 496 497 497 497 497 496 496 496 496 496 496 496 495 496 496 495 495 494 494 494 494 493 494 493 493 493 493 492 492 491 491 490 491 490 490 489 489 489 489 488 489 488 487 487 486 486 485 484 484 484 484 483 482 482 481 480 480 479 478 479 478 477 477 476 475 475 474 473 472 472 471 470 469 468 469 468
498 498 498 498 499 498 499 499 498 498 497 498 499 498 498 499 498 498 497 497 498 498 498 497 497 498 497 497 496 496 495 497 497 496 496 495 496 495 495 494 494 493 494 494 494 493 493 492 492 492 492 491 491 490 490 489 489 489 488 488 488 488 487 487 486 485 486 485 485 484 483 483 482 481 481 480 480 480 479 478 478 477 476 475 475 474 473 473 472 471 471 470 470 469
499 499 499 499 499 498 500 499 499 499 499 499 499 498 499 500 499 499 498 499 499 498 498 498 499 499 498 498 497 497 497 497 496 497 497 496 497 496 496 495 495 494 495 494 494 493 494 493 493 493 493 492 492 491 491 490 491 490 489 489 488 488 487 487 486 486 486 485 486 485 484 484 483 482 482 482 481 481 480 479 479 478 477 476 476 475 474 473 473 473 472 471 471 469
500 501 500 500 500 500 500 500 500 501 500 500 500 499 500 499 500 500 499 500 500 499 499 498 499 499 499 499 498 499 498 498 497 497 497 497 498 497 497 496 496 496 496 495 495 494 494 493 494 493 494 493 493 492 492 492 492 491 490 490 489 489 488 488 488 487 487 486 485 485 484 484 483 482 483 482 481 481 480 479 479 478 477 476 476 475 474 473 474 473 472 471 471 470
501 502 501 501 500 501 501 500 500 502 501 501 501 501 501 500 500 500 501 501 500 500 500 500 500 499 499 500 499 500 499 499 498 498 499 498 498 497 497 497 498 497 497 496 496 495 495 495 495 494 494 493 493 492 493 493 492 492 491 491 490 490 489 489 489 488 488 487 486 486 485 485 484 484 484 483 482 482 481 480 479 479 478 477 477 476 475 475 475 474 473 472 471 471
502 501 501 502 502 502 502 501 502 502 501 502 502 502 502 501 501 501 501 501 501 501 501 501 501 500 500 500 500 500 500 500 499 499 499 499 499 498 498 497 498 497 498 497 497 496 496 496 496 495 495 494 494 493 494 493 492 492 491 492 491 491 490 490 490 489 489 488 487 487 486 485 485 485 485 484 483 483 482 481 480 480 479 478 478 477 477 476 476 475 474 473 472 472
503 502 502 503 503 503 503 502 503 503 502 502 503 503 503 502 502 503 502 502 501 501 503 502 502 501 501 501 501 501 500 500 500 501 500 500 500 499 499 499 499 498 498 497 497 497 498 497 497 496 496 495 495 494 494 494 493 493 492 492 491 491 491 490 490 489 489 489 488 488 487 486 487 486 485 485 484 483 483 482 481 481 480 479 479 479 478 477 477 476 475 474 473 473
504 503 503 504 503 503 504 504 504 504 503 503 503 503 503 503 503 504 503 503 502 502 503 502 503 502 502 502 502 502 501 501 500 501 500 501 500 500 500 500 500 499 499 498 498 497 498 497 497 497 497 496 496 496 495 495 494 494 493 493 492 492 492 491 491 490 490 489 488 488 487 486 487 486 485 485 484 483 483 482 481 481 480 479 478 479 478 477 476 476 475 474 473 472
505 504 504 505 504 504 504 504 505 505 504 504 504 504 504 503 505 505 504 504 503 504 504 503 503 502 503 503 503 503 502 502 501 502 501 501 500 500 501 501 501 500 500 499 499 498 499 498 498 497 497 496 495 497 496 496 495 495 494 494 493 493 493 492 492 491 490 490 489 489 488 487 488 487 486 486 485 484 484 483 482 482 481 480 480 480 479 478 477 477 476 475 474 473
505 505 506 506 505 505 505 505 505 505 505 506 505 505 505 504 505 504 504 505 504 505 504 504 504 503 503 503 503 504 503 503 503 503 502 502 501 501 501 501 501 501 501 500 500 500 500 499 499 498 497 497 496 497 496 496 495 495 494 495 494 494 494 493 493 492 491 491 490 490 489 489 489 488 487 487 486 485 485 484 483 483 482 481 481 481 480 479 478 478 477 476 475 474
506 505 506 507 506 506 507 506 506 505 505 507 506 506 506 505 506 505 505 505 504 506 505 505 505 504 505 504 504 503 503 504 504 504 503 503 502 502 502 502 501 501 500 500 501 501 501 500 499 499 498 498 497 498 497 497 496 496 495 495 494 494 494 493 493 492 492 492 491 491 490 490 490 489 488 488 487 486 486 485 484 483 483 482 482 482 481 480 479 479 478 477 476 475
507 506 507 507 506 507 508 507 507 506 506 507 506 507 507 506 507 506 506 506 505 506 505 506 506 505 506 505 505 504 504 504 504 504 504 504 503 503 503 503 502 502 501 501 500 501 500 500 500 500 499 499 498 499 498 498 497 497 496 495 495 495 495 494 494 493 492 492 491 490 490 490 490 489 488 488 487 486 486 485 484 483 483 482 482 482 481 480 479 478 478 477 476 475
508 508 508 508 507 507 507 508 508 507 508 508 507 507 507 508 508 507 507 507 507 507 506 506 506 506 507 506 506 505 505 505 505 505 504 504 503 504 504 504 503 503 502 502 501 502 501 501 500 500 499 499 499 500 499 499 498 498 497 496 496 496 496 495 494 494 493 493 492 491 491 491 491 490 489 489 488 487 486 486 485 484 484 483 482 482 482 481 480 479 479 478 477 476
509 509 509 508 508 508 508 508 509 508 509 509 508 508 507 508 508 508 508 508 508 508 507 507 506 506 507 506 507 506 506 505 506 506 505 505 504 504 504 504 504 504 503 503 502 503 502 502 501 501 500 500 499 500 499 499 498 498 498 497 497 497 497 496 495 495 494 494 493 492 492 491 491 491 490 489 489 488 487 487 486 485 485 484 483 483 483 482 481 480 480 479 478 477
508 509 510 509 509 509 509 509 509 508 510 510 509 509 508 509 509 508 508 507 509 509 508 508 507 507 508 507 507 506 507 506 507 507 506 506 505 505 505 505 504 504 503 504 503 504 503 503 502 502 501 501 500 501 500 500 499 498 498 497 497 496 497 496 495 496 495 495 494 493 493 492 492 492 491 490 490 489 488 488 487 486 486 485 484 483 484 483 482 481 481 480 479 478
509 510 510 509 510 511 510 510 510 509 510 510 510 510 509 510 510 509 509 508 509 509 509 509 508 508 509 508 508 507 507 506 507 507 507 507 506 506 506 506 505 505 504 504 503 504 503 504 503 503 502 502 501 502 501 501 500 499 499 498 498 497 498 497 496 496 495 495 494 493 493 492 492 492 491 490 490 489 488 488 487 486 485 485 484 483 484 483 482 481 480 480 479 478
510 511 511 510 510 512 511 511 511 510 511 510 510 510 510 511 511 510 510 509 510 510 509 509 509 509 510 509 509 508 508 507 508 507 507 507 507 507 507 507 506 506 505 505 504 505 504 504 503 503 502 502 502 503 502 501 501 500 500 499 499 498 498 498 497 497 496 495 495 494 494 493 492 493 492 491 491 490 489 489 488 487 486 486 485 484 483 484 483 482 481 481 480 479
511 512 512 511 511 512 511 512 512 511 512 511 511 511 510 511 512 511 511 510 510 511 510 510 509 509 509 510 510 509 509 508 509 508 508 507 507 507 506 508 507 507 506 506 505 505 505 505 504 504 503 503 502 502 502 501 501 501 501 500 500 499 498 499 498 498 497 496 496 495 495 494 493 493 493 492 492 491 490 490 489 488 487 487 486 485 484 484 484 483 482 482 481 480
511 513 513 512 512 512 512 512 511 512 513 512 512 512 511 512 511 511 512 511 511 511 511 511 510 510 510 510 510 510 510 509 510 509 509 508 508 508 507 508 507 507 506 507 506 506 506 506 505 505 504 504 503 502 503 502 502 501 501 500 500 499 498 499 499 499 498 497 497 496 495 495 494 494 493 493 493 492 491 490 490 489 488 488 487 486 485 485 484 483 483 482 482 481
512 513 514 513 513 513 513 513 512 512 513 513 513 513 512 512 512 512 512 511 511 512 512 512 511 511 510 511 511 510 510 509 510 510 510 509 509 508 508 509 508 508 507 507 506 506 506 507 506 506 505 504 504 503 503 503 503 502 502 501 500 500 499 499 499 499 498 497 497 496 495 495 494 493 493 492 492 492 492 491 491 490 489 488 487 486 485 485 484 483 482 482 482 481
513 514 514 513 514 513 514 514 513 513 513 513 513 514 513 513 513 513 513 512 512 512 512 513 512 512 511 512 511 511 511 510 510 510 510 510 510 509 509 508 509 508 508 508 507 507 506 506 506 505 505 505 505 504 504 504 504 503 503 502 501 501 500 500 499 499 499 498 498 497 496 496 495 494 494 493 492 493 492 491 491 490 489 488 488 487 486 485 485 484 483 482 481 482
514 515 514 514 514 513 515 515 514 514 514 514 514 513 513 514 514 514 514 513 513 513 513 513 512 512 512 513 512 512 512 511 511 510 511 510 510 509 510 509 510 509 509 508 508 507 507 506 507 506 506 505 505 504 504 503 505 504 504 503 502 502 501 501 500 499 500 499 499 498 497 497 496 495 495 494 493 493 493 492 492 491 490 489 489 488 487 486 486 485 484 483 482 482
515 515 515 515 515 514 515 515 515 515 515 515 515 514 514 514 514 515 514 514 514 513 514 513 513 513 512 512 513 513 512 512 512 511 512 511 511 510 510 509 509 509 510 509 509 508 508 507 508 507 507 506 506 505 505 504 504 504 503 503 502 502 501 502 501 500 500 500 499 499 498 498 497 496 496 495 494 494 493 493 492 492 491 490 490 489 488 487 487 486 485 484 483 483
515 516 516 516 516 515 515 516 515 515 516 516 516 515 515 515 514 515 514 514 515 514 515 514 514 514 513 513 513 513 512 513 513 512 512 512 512 511 511 510 510 509 510 509 509 508 509 508 508 508 508 507 507 506 506 505 505 504 504 504 503 503 502 501 501 500 500 499 499 499 498 498 497 496 496 496 495 495 494 493 492 493 492 491 490 490 488 487 486 486 485 484 483 482
516 516 516 517 517 516 516 517 516 516 515 515 517 516 516 516 515 516 515 515 515 514 515 515 515 515 514 514 513 514 513 513 512 512 513 513 513 512 512 511 511 510 511 510 510 509 509 508 508 507 509 508 508 507 507 506 505 505 504 505 504 504 503 502 502 501 501 500 499 500 499 498 498 497 496 496 495 494 494 493 492 492 491 491 490 490 489 488 487 487 486 485 484 483
517 517 517 517 517 517 517 517 517 517 516 516 517 516 517 517 516 516 516 516 516 515 515 515 515 515 515 515 514 515 514 514 513 513 513 512 513 513 513 512 512 511 511 511 511 510 510 509 509 508 508 508 508 507 506 507 506 506 505 505 505 505 504 503 503 502 502 501 500 500 499 499 499 498 497 497 496 495 495 494 493 493 492 491 490 491 490 489 488 488 487 486 485 484
518 518 517 518 518 517 517 517 518 518 517 517 517 517 517 516 517 517 517 517 516 516 516 515 516 515 515 516 515 515 515 515 514 514 513 513 513 513 513 512 512 512 512 511 512 511 511 510 510 509 509 508 509 508 507 507 506 506 505 505 504 504 505 504 504 503 502 502 501 501 500 499 500 499 498 498 497 496 496 495 494 493 493 492 491 491 490 490 489 488 488 487 486 485
519 518 518 519 518 518 518 517 518 519 518 518 518 518 518 517 517 517 516 518 517 517 517 516 516 516 516 516 515 515 515 516 515 515 514 514 513 513 514 513 513 512 512 511 511 512 512 511 511 510 510 509 508 509 508 508 507 507 506 506 505 504 504 504 504 503 502 502 501 501 500 499 499 499 499 499 498 497 497 496 495 494 494 493 492 491 491 490 488 487 488 487 486 485
