testData/tiles/oneDegree/grid38.0-42.0-39.0-43.0.asc
ncols   200
nrows   200
xllcorner   38.0
yllcorner   42.0
cellsize   0.005
NODATA_value   -9999.0
[rows 42 to 83 of 200, columns 94 to 187 of 200]
763 765 765 765 765 765 765 765 767 767 767 767 767 767 768 768 768 769 769 769 769 834 834 834 834 834 834 835 835 836 836 836 836 836 836 836 836 837 837 838 838 838 838 838 838 838 723 723 723 723 723 723 723 723 723 724 725 725 725 552 552 552 553 553 554 555 555 556 557 558 559 559 560 560 561 561 562 563 563 564 564 565 565 567 567 567 568 568 569 569 570 570 571 571
764 765 765 765 765 765 766 767 767 767 767 767 767 768 768 769 769 769 769 769 770 770 834 834 834 835 835 835 836 836 836 836 836 836 836 836 838 838 838 838 838 838 838 838 838 839 839 723 723 723 723 724 724 724 724 725 725 725 725 552 552 552 552 553 553 554 556 556 557 558 558 559 559 560 560 561 563 563 564 564 565 566 567 567 568 568 568 569 569 570 570 571 571 572
765 765 765 765 765 766 767 767 767 767 767 767 767 769 769 769 769 769 769 770 770 770 835 835 835 835 835 836 836 836 836 836 836 837 837 838 838 838 838 838 838 838 838 838 839 839 839 840 724 724 724 724 724 724 725 725 725 725 552 552 552 552 552 552 553 554 555 557 557 558 559 559 560 560 561 561 562 563 563 565 565 566 566 567 567 568 568 569 569 569 570 570 571 571
765 765 765 766 766 767 767 767 767 767 767 768 769 769 769 769 769 769 769 770 771 771 771 835 835 835 836 836 836 836 837 837 837 837 838 838 838 838 838 838 838 838 838 840 840 840 840 840 840 724 724 724 725 725 725 725 725 725 552 552 552 553 553 553 554 555 556 556 557 558 558 559 559 560 560 561 562 563 564 564 565 565 566 566 567 567 568 568 569 569 569 570 570 571
765 766 766 766 766 767 767 767 767 768 768 769 769 769 769 769 769 769 771 771 771 771 771 771 835 836 836 836 837 837 837 837 837 838 838 838 838 838 838 838 839 839 840 840 840 840 840 840 840 840 724 725 725 725 725 725 726 553 553 553 553 553 554 554 554 554 555 556 556 557 558 558 559 559 560 561 562 563 563 564 564 565 565 566 566 567 567 568 568 568 569 569 570 570
766 766 766 766 767 767 767 768 768 768 769 769 769 769 769 770 770 771 771 771 771 771 771 771 836 837 837 837 837 837 837 837 838 838 838 838 838 839 839 839 839 840 840 840 840 840 840 840 840 840 725 725 726 726 726 726 726 553 553 553 553 554 554 554 554 554 555 555 556 556 557 558 558 559 560 561 562 562 563 563 565 565 566 566 567 567 568 568 569 569 569 571 571 572
770 770 766 767 767 768 768 768 768 768 769 769 769 770 770 770 771 771 771 771 771 771 771 772 773 837 837 837 837 837 837 838 838 838 839 839 839 839 839 839 840 840 840 840 840 840 840 840 841 842 842 726 726 726 726 726 553 553 553 553 554 554 554 554 554 554 554 555 555 556 558 558 559 560 561 561 562 563 563 564 564 565 565 566 566 567 567 568 568 570 570 570 617 617
770 770 770 772 768 768 768 768 768 769 769 770 770 770 770 770 771 771 771 771 772 772 772 773 773 837 837 837 837 837 838 839 839 839 839 839 839 839 839 840 840 840 840 840 841 841 841 841 842 842 842 842 726 726 726 726 553 553 553 554 554 554 554 555 555 555 555 555 556 556 557 559 559 560 560 561 562 562 563 563 564 564 565 565 566 566 567 568 615 615 616 616 616 617
770 771 772 772 772 772 768 768 769 770 770 770 770 770 770 771 771 771 772 772 772 772 773 773 773 773 837 837 837 838 839 839 839 839 839 839 839 839 840 840 840 841 841 841 841 841 841 842 842 842 842 842 842 726 726 726 553 553 555 555 555 555 555 555 555 555 555 555 555 556 557 558 559 559 560 560 561 562 562 563 563 564 564 565 611 612 613 614 614 615 615 616 616 616
771 772 772 772 772 772 772 773 770 770 770 770 770 770 771 771 772 772 772 772 772 773 773 773 773 773 774 838 838 839 839 839 839 839 839 839 839 840 841 841 841 841 841 841 841 841 842 842 842 842 842 842 842 843 727 554 554 555 555 555 555 555 555 555 555 555 555 555 555 556 557 558 558 559 559 560 561 561 562 562 563 609 610 610 612 612 613 613 614 614 615 615 616 616
771 772 772 772 772 772 773 774 774 770 770 770 770 770 772 772 772 772 772 772 772 773 773 773 774 774 774 838 839 839 839 839 839 839 839 840 841 841 841 841 841 841 841 841 841 842 842 842 842 843 843 843 843 843 843 554 555 555 555 555 555 555 555 555 555 555 555 556 556 556 556 557 558 559 560 560 561 608 608 609 609 610 611 612 612 613 613 614 614 615 615 616 616 616
773 773 772 772 773 773 774 774 774 774 774 770 771 772 772 772 772 772 772 772 773 774 774 774 774 774 774 775 839 839 839 839 840 840 840 841 841 841 841 841 841 841 841 841 842 842 843 843 843 843 843 843 843 843 670 671 555 555 555 555 555 555 555 555 555 555 557 557 557 557 557 557 558 559 605 606 606 607 608 608 609 610 611 611 612 612 613 613 614 614 615 615 616 616
774 774 774 774 773 773 774 774 774 774 775 775 776 772 772 772 772 772 772 774 774 774 774 774 774 774 774 775 775 839 840 840 840 840 840 841 841 841 841 841 841 841 842 842 843 843 843 843 843 843 843 843 843 843 671 671 671 555 555 555 556 556 556 556 556 557 557 557 557 557 557 603 604 604 605 605 606 606 607 609 609 610 610 611 611 612 612 613 613 614 614 615 615 616
776 776 775 775 774 774 774 774 775 775 775 775 776 776 772 772 772 773 774 774 774 774 774 774 774 774 775 776 776 840 840 840 840 840 841 841 841 841 841 842 842 842 842 843 843 843 843 843 843 843 843 843 843 671 671 671 672 672 556 556 556 556 556 556 557 557 557 557 603 603 603 603 603 604 604 605 605 606 608 608 609 609 610 610 611 611 612 612 613 613 614 614 615 615
777 777 776 776 775 775 776 775 775 775 775 776 776 776 776 777 773 773 774 774 774 774 774 774 774 776 776 776 776 776 840 840 840 841 841 841 842 842 842 842 842 842 843 843 843 843 843 843 843 843 843 843 845 672 672 672 672 672 672 556 556 556 556 557 557 603 603 603 603 603 603 603 603 603 604 604 605 606 607 608 609 610 610 611 611 612 612 613 613 614 614 615 615 616
778 778 777 776 777 777 777 776 776 775 776 776 776 777 777 777 777 774 774 774 774 774 774 775 776 776 776 776 776 776 776 840 841 841 842 842 842 842 842 842 842 843 843 843 843 843 843 843 844 844 844 845 672 672 672 672 672 672 672 672 556 556 603 603 603 603 603 603 603 603 604 604 604 604 604 606 606 607 607 608 609 609 610 610 611 611 612 612 613 613 614 614 615 616
779 778 778 779 779 778 778 777 777 776 776 777 777 777 777 777 777 778 774 774 775 775 775 775 776 776 776 776 776 776 776 841 842 842 842 842 842 842 842 842 843 843 843 843 844 844 844 844 844 844 845 845 672 672 672 672 672 672 672 718 602 603 603 603 604 604 604 604 604 604 604 604 604 604 605 605 606 606 607 607 608 609 609 610 610 611 611 612 612 613 613 615 615 616
780 780 780 780 780 779 779 778 777 779 778 778 777 777 777 777 778 778 779 779 775 775 775 776 776 776 776 776 776 777 777 778 842 842 842 842 842 842 842 842 843 844 844 844 844 844 844 844 844 845 845 672 672 672 672 672 718 718 718 719 720 604 604 604 604 604 604 604 604 604 604 604 604 605 605 605 605 606 606 607 607 608 609 609 610 610 611 611 612 612 614 614 615 615
782 781 782 781 781 780 780 780 779 780 779 779 778 777 777 778 779 779 779 779 779 775 775 776 776 776 777 777 777 777 778 778 778 842 842 842 842 842 843 844 844 844 844 844 844 844 844 844 845 845 845 672 672 672 719 719 719 719 719 720 720 720 604 604 604 604 604 604 604 604 604 604 605 605 605 605 605 605 606 606 607 607 608 609 609 610 610 611 612 613 613 614 614 615
783 782 783 782 782 781 782 781 781 781 780 780 779 778 779 779 779 779 779 779 779 779 776 776 777 777 777 777 777 777 778 778 778 842 842 842 843 843 844 844 844 844 844 844 844 844 844 845 845 845 673 719 719 719 719 719 719 719 720 720 720 720 720 604 604 604 604 604 604 604 604 605 605 605 605 605 606 606 606 607 607 608 608 609 610 610 611 612 613 613 614 614 615 615
784 784 784 783 784 783 782 782 782 782 781 780 781 780 781 780 779 779 779 779 779 780 781 781 777 777 777 777 777 778 778 778 778 779 843 843 843 844 844 844 844 844 844 844 844 844 844 846 892 892 719 719 719 719 719 719 719 720 720 720 720 720 720 720 604 604 604 604 605 606 606 606 606 606 606 606 606 606 606 606 607 607 608 608 609 611 611 612 612 613 613 614 614 615
785 785 786 785 785 784 783 784 783 783 782 782 782 781 781 781 780 780 779 779 780 781 781 781 781 777 777 777 778 778 779 779 779 779 779 843 843 844 844 844 844 844 844 844 845 845 892 892 892 719 719 719 719 719 719 719 720 720 720 720 720 720 721 721 721 605 605 605 606 606 606 606 606 606 606 606 606 606 606 606 606 607 607 608 609 610 611 611 612 612 613 613 614 614
787 787 787 786 785 785 784 785 784 784 784 783 783 783 782 782 781 780 781 780 781 781 781 781 781 781 777 777 779 779 779 779 779 779 779 843 844 844 844 844 844 845 845 891 891 892 892 892 892 719 719 719 719 719 719 720 720 720 721 721 721 721 721 721 721 721 605 606 606 606 606 606 606 606 606 606 606 606 606 606 606 606 608 608 609 609 610 610 611 612 612 613 613 613
789 788 788 787 786 786 786 787 786 785 785 784 784 784 783 783 783 782 782 781 781 781 781 781 781 781 782 779 779 779 779 779 779 779 779 780 844 844 845 845 845 891 891 891 892 892 892 892 719 719 719 719 719 720 720 721 721 721 721 721 721 721 721 721 721 721 605 606 606 606 606 606 606 606 606 606 606 606 606 606 606 607 607 608 608 609 609 610 610 611 611 612 612 613
790 789 788 788 787 788 788 788 787 786 786 785 785 785 785 784 784 783 782 783 782 781 781 781 782 782 782 783 783 779 779 779 779 779 779 781 781 845 845 891 891 891 891 891 892 892 892 892 719 719 720 720 720 720 721 721 721 721 721 721 721 721 721 721 721 721 722 606 606 606 606 606 606 606 606 607 607 607 607 607 608 608 608 608 609 609 610 610 611 611 612 612 613 613
791 790 789 789 789 790 789 788 788 787 787 786 787 787 786 785 785 784 783 784 783 782 783 782 782 782 783 783 783 783 779 779 779 780 781 781 781 827 891 891 891 891 891 892 892 892 893 720 720 720 720 720 720 721 721 721 721 721 721 721 721 721 721 721 721 722 722 722 607 607 607 607 607 607 607 607 607 607 607 608 608 608 608 608 608 609 609 610 610 611 611 612 612 613
791 791 791 791 790 791 790 789 789 788 788 789 788 788 787 786 786 785 785 786 785 784 783 783 782 782 783 783 783 783 784 780 780 780 827 827 827 827 891 891 891 891 892 893 893 893 893 720 720 720 720 720 721 721 721 721 721 721 721 721 721 721 722 722 723 723 723 723 723 607 607 607 607 607 607 607 607 607 608 608 608 608 608 608 608 608 609 609 610 610 611 611 612 612
844 793 792 792 792 791 791 790 790 790 789 790 789 788 788 787 786 786 787 786 786 785 784 784 783 783 783 783 784 784 784 784 826 827 827 827 827 827 827 891 892 892 893 893 893 893 720 720 720 720 720 720 721 721 721 721 721 722 722 722 722 722 722 723 723 723 723 723 723 723 607 607 607 607 607 607 607 608 608 608 608 608 608 608 608 608 608 609 609 610 610 611 611 612
845 794 793 793 793 792 792 792 791 791 791 791 790 789 789 788 788 789 788 787 787 786 785 784 785 784 784 784 784 784 830 830 831 827 827 827 827 827 828 828 892 893 893 893 893 720 720 720 720 720 720 721 721 722 722 722 722 722 722 722 722 722 723 723 723 723 723 723 723 723 723 607 607 607 607 607 608 608 608 608 608 608 608 608 608 608 608 608 609 609 610 610 611 611
846 846 794 794 794 794 794 793 792 792 792 791 791 790 790 790 789 789 789 788 787 787 786 785 787 786 785 784 830 830 830 830 831 831 827 828 828 828 828 828 828 893 893 893 893 720 720 720 720 720 722 722 722 722 722 722 722 722 722 722 722 722 723 723 723 723 723 723 723 723 723 607 607 607 607 608 609 609 609 609 609 609 609 609 609 609 609 609 609 610 610 611 611 613
847 847 795 795 796 795 795 794 793 794 793 792 793 792 791 791 791 790 790 789 788 788 788 787 787 787 832 831 830 830 830 831 831 832 832 828 828 828 828 828 829 893 893 893 720 720 720 721 721 721 722 722 722 722 722 722 722 722 722 722 722 723 723 723 723 723 723 723 724 724 724 724 608 608 609 609 609 609 609 609 609 609 609 609 609 609 609 609 609 609 609 610 611 612
848 848 848 797 797 796 795 795 794 795 795 794 794 793 792 792 792 791 790 790 790 789 789 789 834 833 833 832 831 831 831 832 832 832 832 832 828 828 828 828 829 829 893 893 721 721 721 721 721 722 722 722 722 722 722 722 722 722 722 722 723 723 723 724 724 724 724 724 724 724 724 724 724 609 609 609 609 609 609 609 609 609 609 609 609 609 609 609 609 609 610 610 611 611
850 849 850 798 798 797 796 796 795 796 796 795 794 794 793 793 793 792 792 792 791 790 835 836 835 834 834 833 833 832 833 832 832 832 832 832 832 828 828 829 829 830 830 721 721 721 721 721 721 722 722 722 722 722 722 722 722 722 723 724 724 724 724 724 724 724 724 724 724 724 724 724 725 725 609 609 609 609 609 609 609 609 609 609 609 609 609 609 609 610 610 610 610 611
851 850 851 850 798 798 797 798 798 797 797 796 795 795 794 794 795 794 793 792 838 837 837 837 836 835 835 835 834 833 833 833 832 832 832 832 832 832 829 830 830 830 657 657 721 721 721 721 722 722 722 722 722 722 723 723 723 723 723 724 724 724 724 724 724 724 724 724 724 724 724 724 725 725 725 609 609 609 609 609 609 609 609 609 609 609 609 609 610 610 610 610 610 610
852 851 852 851 799 800 799 798 799 798 797 797 796 795 796 796 795 795 840 839 839 838 838 837 838 837 836 835 835 834 834 833 833 832 832 832 833 833 834 830 830 830 657 657 721 721 721 722 722 722 722 723 723 723 723 723 723 723 724 724 724 724 724 724 724 724 724 724 724 724 724 725 725 725 725 609 609 609 610 610 610 610 610 610 610 610 610 611 611 611 611 611 611 611
853 853 853 852 852 801 800 800 800 799 798 798 798 797 798 797 842 842 841 840 839 840 840 839 838 838 837 836 835 836 835 834 833 834 833 833 833 833 834 834 830 657 657 657 657 721 721 723 723 723 723 723 723 723 723 723 723 723 724 724 724 724 724 724 724 724 724 724 724 724 726 726 726 726 726 726 610 610 610 610 610 610 610 610 610 610 611 611 611 611 611 611 611 611
854 854 854 854 853 853 801 801 801 800 799 800 799 798 844 844 843 842 842 841 841 841 841 840 839 838 838 837 836 836 836 836 835 834 834 833 833 834 834 834 834 657 657 657 658 658 723 723 723 723 723 723 723 723 723 723 723 724 724 724 724 724 724 724 725 725 725 725 725 726 726 726 726 726 726 726 726 610 610 610 610 610 610 610 610 611 611 611 611 611 611 611 611 611
855 856 855 855 854 853 802 802 801 802 801 800 846 846 845 845 844 843 843 843 842 842 842 841 840 839 839 838 838 838 837 837 836 835 834 834 833 834 834 834 661 661 658 658 658 658 659 723 723 723 723 723 723 723 723 723 724 724 724 724 725 725 725 725 725 725 725 725 725 726 726 726 726 726 726 726 726 726 610 610 610 610 610 610 611 611 611 611 611 611 611 611 611 611
857 857 856 856 855 854 855 804 803 803 848 847 847 847 846 845 846 845 844 844 844 843 842 842 841 840 839 840 840 839 838 837 837 836 835 834 834 834 834 662 662 662 662 658 658 659 659 659 723 723 723 723 723 723 723 723 725 725 725 725 725 725 725 725 725 725 725 725 726 726 726 726 726 726 726 726 726 726 610 610 610 610 610 611 611 611 611 611 611 611 611 611 611 611
858 858 857 856 856 855 856 805 804 849 849 848 847 848 847 847 847 846 845 844 845 844 843 842 842 842 841 840 841 840 839 838 837 837 836 835 835 835 835 662 662 662 662 658 658 659 659 659 723 723 723 723 724 724 724 725 725 725 725 725 725 725 725 725 725 725 725 725 726 726 726 726 726 726 726 726 726 726 726 610 610 610 610 611 612 612 612 612 612 612 612 612 612 612
859 859 858 857 858 857 857 903 851 850 850 849 849 850 849 848 847 847 846 845 845 845 844 844 843 843 842 842 841 841 840 839 838 837 838 838 837 836 662 662 662 662 662 662 658 659 659 659 659 724 724 724 724 724 724 725 725 725 725 725 725 725 725 725 725 725 725 726 726 726 726 726 726 727 727 727 727 727 727 727 611 611 612 612 612 612 612 612 612 612 612 612 612 612
860 860 859 859 859 904 904 904 852 851 850 851 851 850 850 849 848 847 847 847 846 846 846 845 844 843 843 843 842 841 840 840 840 839 838 838 838 664 663 662 662 662 662 662 663 659 660 660 660 660 724 724 724 724 725 725 725 725 725 725 725 725 725 725 725 725 726 727 727 727 727 727 727 727 727 727 727 727 727 727 727 612 612 612 612 612 612 612 612 612 612 612 612 612
