testData/tiles/oneDegree/grid20.0-30.0-21.0-31.0.asc
ncols   200
nrows   200
xllcorner   20.0
yllcorner   30.0
cellsize   0.005
NODATA_value   -9999.0
[rows 84 to 125 of 200, columns 94 to 187 of 200]
576 576 576 577 577 577 577 578 578 578 579 578 578 578 578 579 579 578 578 579 579 579 579 667 666 689 709 726 740 752 762 772 782 789 796 803 809 816 819 824 828 830 834 837 839 841 843 845 845 845 846 845 846 844 843 842 839 837 836 832 829 825 821 816 811 806 799 793 786 777 768 759 749 738 725 711 693 673 650 650 562 561 559 558 558 558 558 558 556 556 555 555 554 554
576 576 577 577 577 577 578 578 578 578 579 579 579 579 579 579 579 579 580 580 580 579 579 668 668 691 711 727 741 753 764 774 783 791 797 804 811 816 821 825 829 833 835 837 840 842 844 846 847 847 846 846 846 846 844 843 841 837 836 833 829 826 821 817 812 806 801 793 786 779 770 761 750 739 726 712 696 675 651 650 562 561 561 559 558 559 558 558 557 556 555 555 555 555
578 577 578 578 578 578 579 579 579 579 580 580 580 580 581 581 580 579 580 580 580 580 581 669 669 693 711 728 742 754 765 776 784 793 799 805 812 817 822 827 831 835 838 839 841 843 846 846 847 848 848 848 848 846 845 843 842 841 837 834 831 827 823 819 814 808 801 795 787 780 771 762 752 740 727 712 696 676 652 651 562 562 561 561 560 559 559 558 558 557 556 555 556 555
578 578 579 579 578 578 579 579 579 580 580 580 580 581 581 581 581 582 581 581 581 580 581 669 672 696 715 730 743 755 766 776 785 793 801 807 814 818 823 827 832 836 838 841 843 845 846 848 848 849 849 849 848 848 846 845 842 841 839 834 831 827 823 820 814 808 802 795 789 781 773 763 752 740 728 714 698 680 654 651 562 562 562 562 561 560 559 558 558 557 556 556 556 556
579 580 580 580 580 581 581 580 580 581 581 581 581 582 582 582 582 582 582 582 581 582 582 670 673 697 716 732 746 756 768 778 787 794 801 809 815 820 824 828 833 836 840 842 844 847 848 849 849 849 851 851 850 848 847 845 845 842 839 836 832 828 825 820 816 810 803 796 790 782 774 765 754 742 729 716 699 681 657 651 563 562 562 562 562 560 560 560 558 558 557 557 556 556
579 580 580 580 580 581 581 581 581 582 581 581 581 582 582 582 582 583 583 583 583 582 582 670 675 700 718 733 747 759 771 778 787 795 803 809 816 821 825 830 834 837 840 843 845 848 849 850 851 852 851 851 851 850 848 846 845 843 840 837 832 829 826 821 816 810 805 797 791 783 774 765 755 743 731 717 701 682 658 651 563 562 563 563 562 562 560 560 559 558 558 558 556 556
580 581 581 581 582 582 582 582 583 583 583 583 583 583 583 583 584 583 583 583 583 584 584 671 677 701 719 735 748 760 771 781 789 796 804 811 816 822 827 832 835 838 842 844 847 850 850 851 851 853 853 853 852 851 848 848 845 844 841 838 835 830 827 822 817 812 805 800 791 784 776 766 756 744 732 718 702 684 660 653 563 564 563 563 562 562 560 560 560 560 560 558 557 556
581 581 581 581 582 582 582 582 583 583 583 583 584 584 583 583 584 584 584 584 585 584 584 672 681 703 720 735 749 762 773 782 790 797 805 811 818 823 827 833 837 839 842 845 848 850 852 852 853 853 854 854 853 852 852 848 847 844 842 839 836 833 827 823 817 812 807 800 793 784 776 767 757 747 734 719 703 685 661 653 564 564 564 563 563 562 562 560 560 560 560 559 558 556
583 583 583 582 583 583 583 583 584 584 584 584 585 585 585 585 585 584 584 584 585 585 585 673 682 704 722 737 750 763 773 783 791 800 806 813 818 824 830 833 838 841 843 847 849 850 852 854 855 855 854 854 854 853 853 851 848 845 842 840 837 833 830 823 819 813 808 801 794 786 777 768 757 748 735 720 704 685 663 653 566 564 564 563 563 562 562 560 561 561 560 560 559 557
583 583 583 584 584 584 583 584 584 584 584 585 585 585 585 586 586 586 585 586 586 585 585 673 684 706 723 738 752 764 774 784 792 801 808 814 820 824 830 835 838 842 845 847 850 852 853 854 856 856 856 855 855 854 853 852 850 847 845 841 838 834 830 824 819 814 809 802 795 787 777 769 760 748 736 722 705 686 664 654 566 565 564 564 563 563 562 563 561 561 560 560 559 559
584 584 584 585 585 585 585 586 586 585 585 586 586 586 586 587 587 586 586 587 586 586 586 674 685 707 725 741 754 765 776 785 794 802 809 815 821 827 831 835 839 842 846 849 850 852 854 855 857 857 857 856 855 856 854 853 851 848 845 842 838 835 830 826 820 816 809 803 796 788 779 769 761 749 737 723 707 688 665 655 566 566 565 564 563 563 562 563 561 561 561 560 560 559
585 585 585 586 586 585 585 587 587 587 587 586 586 586 586 587 587 587 587 588 587 586 586 675 687 709 726 742 756 767 776 786 795 802 810 816 821 828 832 836 840 844 847 850 852 853 854 857 857 858 857 858 856 856 855 853 851 850 846 844 840 837 831 827 822 816 810 803 797 788 780 771 761 750 738 724 708 689 667 655 566 566 565 564 564 563 564 563 563 561 561 560 560 559
586 586 587 587 587 587 588 588 588 588 588 588 588 587 588 588 588 587 588 588 588 588 676 675 688 710 728 743 756 768 779 786 796 804 811 817 824 829 833 837 841 845 848 850 853 855 855 857 858 858 859 858 859 857 855 854 852 850 848 844 841 837 833 828 823 817 811 805 797 790 781 773 762 751 738 725 709 691 669 655 655 566 566 565 564 564 564 563 563 562 561 560 560 559
587 587 587 587 587 587 589 589 589 589 590 589 589 589 590 588 588 588 589 589 588 588 677 677 690 711 728 745 758 769 779 790 797 804 812 818 824 830 835 838 842 846 849 852 853 855 858 858 859 859 859 859 859 859 856 855 853 850 849 846 842 837 834 829 825 820 811 805 798 790 782 774 763 752 740 726 710 693 670 655 655 566 566 565 564 564 564 564 563 563 561 561 560 561
588 588 589 589 589 588 589 589 589 590 590 590 590 591 591 591 590 589 590 589 589 589 678 677 692 714 731 745 758 770 781 790 799 806 812 819 826 830 835 840 843 847 850 852 855 856 859 860 859 860 860 861 861 859 857 855 854 852 850 847 843 839 834 831 825 820 814 807 799 791 784 774 765 752 740 726 711 694 672 655 655 567 566 566 566 565 564 564 563 563 562 561 561 561
588 589 589 589 589 591 591 590 590 591 591 591 590 591 591 591 591 592 591 591 590 590 678 678 694 714 733 747 760 771 781 792 799 807 814 820 826 832 836 840 845 848 850 852 855 858 859 860 862 860 861 861 861 859 859 856 854 853 850 847 843 839 835 831 827 821 815 807 800 792 784 775 765 755 741 728 713 695 673 656 655 567 566 567 566 565 564 564 563 563 562 561 562 561
589 590 590 590 590 591 591 591 591 591 591 591 591 592 592 592 592 592 592 592 591 592 679 679 696 716 735 748 761 772 783 792 801 808 815 823 827 832 837 841 846 849 852 854 855 858 860 861 862 861 862 862 861 861 859 858 855 853 851 848 845 840 837 832 827 821 816 810 801 795 786 776 766 755 742 729 714 696 674 657 655 567 566 567 567 566 565 564 564 563 563 563 562 561
589 590 590 590 590 592 592 592 593 593 593 592 592 592 592 592 592 593 593 593 592 592 680 680 697 719 736 751 762 773 784 793 801 809 815 823 829 832 837 843 846 850 853 854 857 859 861 862 862 863 863 863 862 861 860 858 857 854 852 848 845 841 838 833 827 822 816 810 803 795 786 778 766 756 743 730 715 697 676 657 657 567 568 567 567 566 565 564 564 563 564 563 562 561
591 591 591 591 592 592 592 592 593 593 593 593 594 593 593 593 594 593 593 593 594 594 680 680 699 721 737 752 765 777 786 794 803 810 818 824 829 834 838 843 847 850 853 855 858 860 861 862 863 863 865 863 863 861 861 859 858 855 852 849 845 843 838 833 828 823 816 810 804 796 788 778 769 757 746 731 716 698 677 657 657 567 568 567 567 566 566 564 564 563 564 564 562 562
592 592 592 591 592 593 593 593 594 594 594 594 594 594 594 593 594 594 594 594 594 594 682 682 700 721 738 753 765 778 788 796 804 812 818 825 831 835 839 844 848 851 854 857 859 860 862 863 864 865 865 864 863 863 861 861 858 856 852 850 846 843 839 835 829 823 818 812 805 797 788 779 769 758 747 732 716 698 678 657 657 570 568 568 567 567 566 565 564 565 564 564 563 562
593 593 593 593 594 594 593 593 594 594 594 594 595 595 595 595 595 594 594 594 595 595 682 682 704 723 739 754 767 778 789 798 805 813 821 826 831 836 842 845 848 852 855 858 861 862 863 863 864 866 866 866 864 863 862 861 859 857 854 850 848 844 840 835 830 824 818 812 806 797 789 779 770 760 748 735 718 700 679 658 657 570 568 568 567 567 566 566 564 565 564 564 563 562
593 593 593 594 594 595 595 596 595 595 595 596 595 595 595 596 596 596 595 595 595 595 683 683 704 725 741 754 768 780 789 798 807 814 821 827 832 838 843 846 849 852 855 858 861 863 864 864 866 866 866 866 866 863 864 861 860 857 855 850 848 844 840 835 831 825 819 813 806 799 790 780 770 761 748 735 720 702 679 658 658 570 568 568 567 567 566 566 565 565 564 564 563 563
594 594 594 595 595 595 595 596 596 596 595 596 596 596 596 597 597 596 596 596 596 595 683 683 706 725 742 756 769 780 790 799 807 816 821 828 834 838 844 848 852 853 856 860 861 863 864 865 867 867 867 866 866 865 864 862 860 857 855 854 849 845 841 837 831 826 820 814 806 799 790 781 771 761 749 736 720 702 681 659 659 570 570 568 568 567 567 567 567 565 565 564 564 563
594 594 594 595 596 596 596 597 597 597 597 597 597 596 596 597 597 597 597 597 596 596 684 684 707 727 743 757 770 782 791 800 809 817 824 828 834 840 845 849 852 856 858 860 863 864 866 866 867 867 867 867 866 867 864 863 861 859 856 854 849 846 841 837 832 828 820 814 807 800 792 782 773 762 750 736 722 704 683 660 660 570 570 568 568 567 567 567 567 565 565 564 564 563
595 596 595 596 596 596 597 597 597 597 598 598 598 597 598 598 597 597 597 598 598 596 684 685 709 728 744 760 772 782 792 801 810 817 824 830 834 841 845 849 853 856 859 861 864 864 866 868 868 868 868 868 867 867 865 863 861 859 856 854 850 846 842 837 833 828 822 814 808 800 792 784 773 762 751 737 722 705 684 660 660 571 570 569 568 567 568 567 567 565 565 564 564 563
596 596 597 597 597 597 598 598 598 598 599 599 599 598 598 598 598 598 599 598 598 598 686 685 709 729 745 760 773 783 793 802 810 818 824 831 838 841 846 850 854 856 861 863 864 866 867 869 869 869 868 868 868 868 867 864 862 859 858 855 852 846 843 838 834 828 823 815 808 800 792 784 775 762 751 737 723 705 686 660 660 571 571 570 568 568 568 568 567 567 565 565 564 564
596 597 598 598 598 598 598 598 598 598 599 599 599 599 600 600 598 598 599 599 599 598 687 687 710 730 746 761 773 785 794 803 811 819 826 831 838 843 846 851 854 859 861 864 864 867 868 870 871 870 869 868 869 868 867 865 862 860 858 855 852 848 843 838 834 829 823 817 809 802 794 785 775 764 751 739 723 707 687 661 660 572 571 571 570 569 568 568 567 567 565 565 564 564
597 597 598 598 599 599 600 600 599 600 600 600 600 600 600 600 600 599 599 599 599 599 687 688 713 730 748 762 774 785 795 805 812 819 826 832 838 844 847 851 854 859 861 864 867 867 870 870 871 871 872 869 870 868 867 865 864 862 859 856 852 849 843 840 835 830 823 817 809 802 794 786 775 765 752 739 724 708 688 663 660 572 571 571 570 570 568 568 567 567 566 565 564 565
597 599 599 599 599 600 600 600 600 601 600 600 600 601 601 601 600 601 600 600 599 599 688 689 713 733 748 763 775 786 796 805 814 820 826 834 839 844 849 852 857 859 862 864 867 867 870 870 872 872 872 872 871 869 868 866 864 862 859 856 852 849 845 841 835 830 824 818 810 802 795 786 776 766 752 740 724 709 688 664 660 572 571 571 571 570 569 569 567 567 566 565 565 565
599 599 599 599 600 601 601 601 601 602 602 601 601 601 601 601 601 602 601 600 600 601 688 690 715 733 751 763 776 787 797 806 814 821 828 834 840 844 849 853 857 859 863 866 867 870 870 872 872 873 872 873 871 871 869 867 864 863 859 857 853 849 845 841 835 830 824 818 811 804 795 786 776 766 754 740 726 709 689 664 661 572 571 571 571 571 569 569 568 567 566 565 565 565
600 602 601 600 600 601 601 601 601 602 602 602 601 602 602 602 601 602 602 602 600 601 689 691 715 736 751 764 776 787 798 807 815 822 828 834 840 845 850 854 857 861 863 866 867 871 870 872 872 873 873 873 871 871 869 868 867 864 860 857 854 850 847 842 837 831 825 818 812 805 796 787 777 766 755 740 727 710 690 665 662 572 572 572 572 571 570 569 569 568 567 567 566 565
601 602 602 602 604 603 603 602 603 603 603 603 604 603 602 602 603 603 602 602 602 601 689 693 716 736 752 766 777 788 799 807 815 823 830 836 841 846 850 855 858 861 863 866 868 871 873 872 873 873 875 874 874 871 870 868 868 865 862 857 854 850 847 842 837 831 826 819 813 805 796 787 778 767 755 743 728 710 691 666 662 572 572 572 572 571 571 569 569 568 568 567 566 565
602 602 603 603 604 604 603 603 604 604 604 603 604 604 604 602 603 603 603 602 603 603 689 694 718 737 753 766 779 790 799 808 816 823 830 837 841 846 850 856 860 862 864 866 870 871 873 873 873 873 875 874 874 871 870 869 868 865 863 858 854 851 848 843 838 831 826 819 813 805 797 787 778 767 756 743 728 711 692 667 662 572 573 572 572 571 571 569 569 568 569 568 566 565
603 603 603 603 605 605 605 605 605 605 605 605 606 605 605 604 604 603 603 603 603 603 691 694 718 738 754 768 779 791 799 809 816 824 832 837 842 846 851 856 860 862 865 867 870 871 873 874 874 875 875 874 874 873 871 870 868 865 863 860 856 852 848 843 838 831 826 820 814 806 798 788 778 767 757 744 729 711 692 667 662 573 573 572 572 571 571 569 569 568 569 568 568 566
603 603 604 604 605 605 605 605 606 605 605 605 606 606 606 605 606 605 603 603 604 603 691 697 720 739 754 768 780 792 802 809 817 824 832 837 843 847 853 856 860 863 866 867 870 872 873 875 875 876 875 875 874 874 871 871 868 866 863 861 856 854 849 844 839 834 826 821 814 807 798 789 779 769 757 745 730 713 693 669 662 575 573 572 572 571 571 570 569 569 569 568 568 566
605 604 604 605 605 606 606 607 607 607 607 607 606 606 606 607 607 606 605 605 605 604 691 697 722 739 755 768 781 792 802 809 818 825 832 839 844 848 853 857 860 864 866 869 871 873 874 875 875 876 875 876 874 874 873 871 869 867 864 861 858 854 849 845 840 834 827 822 814 807 799 790 779 770 758 745 730 713 693 669 662 575 574 573 572 572 571 571 569 570 569 568 568 566
605 605 606 606 606 606 606 607 607 607 607 608 607 607 607 607 607 607 606 606 605 605 693 699 723 741 756 769 782 793 802 811 818 826 832 839 844 849 853 857 861 864 866 870 871 873 874 875 876 877 876 876 875 874 873 871 869 867 864 861 858 854 850 845 840 835 828 822 814 807 799 790 779 770 758 746 731 714 694 670 663 575 574 573 572 572 571 571 570 570 569 569 568 568
605 606 606 607 607 607 607 608 608 608 608 609 608 607 607 608 607 607 607 607 606 605 693 702 724 743 757 770 782 794 803 812 819 827 833 839 844 849 854 858 861 864 867 870 871 873 874 875 877 877 876 876 875 874 874 872 869 867 864 861 859 854 850 846 840 835 830 823 815 808 799 791 780 771 758 746 731 715 694 671 663 575 574 573 572 572 571 571 571 570 569 569 568 568
606 606 606 608 608 608 607 608 608 608 608 609 609 609 607 608 608 607 607 608 607 606 693 702 725 743 758 771 784 794 803 812 821 827 834 839 845 851 855 858 862 865 869 871 873 873 875 876 878 878 878 876 876 876 875 873 870 867 864 863 859 856 850 846 840 837 830 823 816 808 799 791 782 771 759 746 731 715 695 672 663 575 574 573 572 572 571 572 571 570 569 569 568 568
606 606 608 608 608 609 610 609 609 609 610 610 609 609 610 608 608 608 607 608 607 606 693 703 726 744 760 774 785 795 805 813 822 828 834 840 845 851 856 859 862 865 869 871 873 873 875 877 878 878 878 876 876 876 875 873 871 867 865 863 860 856 851 846 842 837 830 825 816 809 800 791 782 771 759 747 732 716 695 673 663 575 574 574 572 572 571 572 571 570 569 569 568 568
606 607 608 608 609 609 610 610 609 609 610 610 610 609 610 610 608 608 609 608 608 607 694 703 726 744 760 774 785 795 805 813 823 829 834 840 846 851 856 859 862 865 869 871 873 875 875 877 878 878 878 876 876 876 875 873 871 868 865 863 860 856 851 846 842 837 832 825 817 809 802 793 782 771 759 747 732 716 696 673 663 575 574 574 572 572 572 572 571 570 569 569 568 568
608 607 608 609 609 610 611 611 611 611 611 611 610 610 610 610 610 608 609 608 608 607 696 704 727 744 760 774 787 796 806 814 823 830 837 841 847 851 856 859 863 866 869 871 874 875 876 877 878 878 879 878 878 876 875 873 872 868 867 863 860 856 852 846 843 837 832 825 818 810 802 794 785 773 761 747 732 716 698 674 663 575 574 574 572 572 572 572 571 571 569 569 568 568
