testData/tiles/oneDegree/grid9.0-30.0-10.0-31.0.asc
ncols   200
nrows   200
xllcorner   9.0
yllcorner   30.0
cellsize   0.005
NODATA_value   -9999.0
[rows 126 to 167 of 200, columns 94 to 187 of 200]
725 722 722 720 719 717 716 714 711 710 708 706 704 704 701 699 698 695 695 693 691 689 686 685 682 680 678 676 674 672 670 668 666 664 663 660 658 655 653 651 648 646 783 780 779 775 774 771 769 765 763 760 758 755 753 750 748 744 742 738 735 732 729 726 723 721 717 714 711 708 705 702 699 696 693 690 687 684 679 707 704 700 697 692 688 683 677 672 666 662 651 648 644 640
725 722 722 720 718 717 715 713 712 710 707 707 705 702 701 699 698 696 695 692 690 689 686 686 682 681 679 676 675 672 671 669 667 665 662 660 656 655 653 651 788 785 783 780 779 776 774 771 768 765 763 760 757 756 752 750 747 745 742 737 736 732 728 727 723 720 717 714 711 708 705 703 700 696 693 690 687 683 679 708 704 700 696 691 688 683 677 672 666 655 652 648 645 641
724 723 722 719 718 717 714 714 711 710 708 706 705 702 701 699 698 696 693 692 690 689 687 685 682 680 678 676 675 672 671 668 666 664 662 661 657 656 791 789 787 785 783 780 778 776 773 770 767 766 762 761 757 755 752 749 747 744 741 738 734 732 729 726 723 720 717 714 711 708 705 702 699 696 693 689 686 682 711 707 704 700 696 692 687 681 676 670 666 656 652 649 645 640
725 723 721 720 718 717 715 713 711 709 708 706 704 702 702 699 697 696 693 693 690 689 686 683 682 680 678 676 674 672 669 668 666 664 662 659 796 793 792 790 787 785 783 781 777 776 773 771 767 766 763 759 758 754 753 749 747 744 740 738 734 732 729 726 723 719 717 713 710 707 705 702 699 696 693 690 686 714 711 708 703 700 695 691 687 681 676 670 660 656 653 650 646 641
724 723 721 720 718 717 714 712 710 709 708 705 705 703 700 699 697 696 694 693 690 688 685 683 682 679 679 676 674 673 670 669 666 664 661 797 796 793 792 789 788 784 782 780 778 775 772 770 768 764 763 759 758 755 752 750 746 744 740 737 735 732 728 726 723 719 716 714 711 708 705 702 699 696 692 689 685 714 710 707 704 699 695 691 686 680 674 670 660 657 654 650 646 642
724 722 721 719 717 716 714 711 711 709 707 706 704 702 700 699 697 696 694 691 690 687 685 684 682 680 678 676 674 672 670 669 666 803 800 798 795 793 791 789 786 785 782 780 777 776 771 769 767 764 762 760 757 755 751 749 746 743 740 738 734 731 729 725 722 720 716 713 710 707 705 702 699 696 693 690 717 714 710 706 703 699 695 690 685 679 674 664 661 658 654 651 646 642
723 722 721 719 718 715 714 712 710 709 707 706 704 702 700 700 697 695 693 691 690 687 686 684 681 680 677 676 674 672 670 806 805 802 800 797 796 794 791 789 786 785 782 781 777 774 772 769 767 765 762 759 757 754 752 749 745 743 740 737 734 731 728 725 723 719 715 713 710 707 704 701 698 695 692 720 717 714 710 706 702 699 694 690 684 678 674 664 661 658 655 651 647 643
724 722 721 719 717 715 713 712 710 708 707 706 703 702 701 698 697 695 693 692 689 687 685 683 681 679 677 676 673 810 808 806 805 801 800 797 795 793 791 789 786 784 782 779 778 773 772 769 767 764 762 759 757 754 751 750 745 741 740 736 734 731 728 725 722 719 715 713 710 708 705 702 699 696 693 720 717 713 710 706 702 698 694 688 682 678 668 665 662 659 655 651 647 643
724 722 719 718 716 715 713 712 709 709 707 704 703 702 700 698 697 695 694 691 688 687 684 683 681 679 678 675 813 811 809 807 804 802 798 797 794 793 791 789 787 784 782 779 777 774 772 769 766 764 761 760 756 755 751 747 745 742 739 737 734 730 728 725 721 718 716 713 710 707 704 701 698 695 723 720 717 713 709 706 701 698 693 688 682 678 668 665 662 659 656 651 648 644
723 721 719 718 716 715 713 712 710 708 707 704 704 701 700 698 696 695 692 690 688 687 684 684 681 679 817 814 813 810 809 806 803 802 799 798 795 793 790 788 786 784 782 779 776 774 771 769 766 765 761 759 756 753 752 747 745 742 740 736 733 731 727 724 722 718 715 712 709 707 705 702 699 727 723 719 716 713 709 705 702 697 692 686 681 672 669 666 663 660 656 652 648 645
723 722 719 718 716 714 713 711 710 708 706 705 704 701 699 699 696 695 691 690 688 686 685 682 820 818 816 814 812 810 808 805 803 801 799 797 795 792 791 787 786 783 782 778 775 773 771 769 766 764 762 758 756 753 750 747 745 741 739 736 733 731 727 725 720 717 715 713 710 707 704 701 698 726 723 720 716 712 709 704 701 697 690 685 682 672 669 666 663 660 656 652 649 645
722 720 719 717 716 714 713 711 710 707 706 705 702 701 700 698 696 694 691 690 688 686 685 821 820 817 815 814 811 810 806 805 802 801 799 796 795 792 791 788 787 783 781 778 776 773 771 769 766 763 761 758 756 753 750 747 744 742 738 737 733 730 727 724 720 717 715 712 709 707 704 701 730 725 722 719 716 712 708 704 700 696 689 685 675 672 670 667 664 661 656 653 649 646
722 720 718 717 716 713 713 711 708 708 706 704 702 702 699 697 695 692 692 690 688 825 823 821 819 817 816 814 812 810 807 806 803 801 798 796 794 792 790 788 785 784 779 778 775 774 770 768 766 763 761 758 756 752 748 747 743 742 738 736 732 730 727 722 720 718 715 712 709 706 704 733 729 725 722 718 715 712 708 703 700 693 688 685 676 673 670 667 664 660 657 653 650 646
722 720 719 717 715 714 712 711 709 708 706 704 703 700 699 696 694 693 692 689 827 824 822 822 819 818 815 814 812 808 807 804 803 800 799 796 795 792 789 788 785 783 780 777 775 772 771 767 766 763 761 758 754 752 749 746 744 741 738 735 733 729 726 723 720 717 714 711 709 706 703 732 728 725 722 719 714 711 707 703 698 693 688 679 676 673 670 668 665 660 657 654 650 648
721 719 718 717 714 714 712 710 709 707 705 704 703 700 699 696 695 693 829 828 826 825 823 821 819 818 815 813 811 808 806 804 803 800 798 796 794 792 790 787 785 782 780 777 775 772 771 768 765 763 760 758 754 751 749 747 743 740 738 734 733 729 726 722 719 717 715 712 709 706 735 731 728 725 721 718 715 711 706 702 697 691 689 679 676 674 671 668 664 661 658 654 652 648
964 964 718 716 715 713 711 710 709 706 706 704 702 700 697 696 833 831 829 828 826 825 823 820 819 816 815 812 810 808 806 804 801 800 797 796 793 792 789 787 783 781 779 777 775 772 770 768 765 762 760 756 754 752 748 746 743 740 738 735 732 728 725 722 719 717 714 711 708 737 734 730 727 724 721 717 714 710 706 701 695 691 682 679 677 674 671 668 664 661 658 655 652 650
964 963 961 960 959 712 712 710 708 706 705 703 701 699 697 835 833 831 829 827 826 824 822 820 818 816 815 811 809 808 806 804 801 799 797 796 793 791 789 787 784 782 779 776 774 772 769 767 765 762 759 757 753 751 748 745 744 740 737 734 731 728 724 721 719 717 714 711 709 738 734 731 727 724 721 717 713 709 705 700 694 685 682 680 677 674 672 669 665 662 659 656 654 650
965 963 961 960 959 956 955 710 707 707 705 703 700 838 836 835 832 831 830 827 826 823 822 820 818 817 813 812 809 808 806 804 802 799 798 795 793 790 789 785 784 781 779 776 774 772 769 767 764 762 758 755 754 750 749 745 743 739 737 734 730 727 724 722 719 716 713 711 740 737 733 730 727 723 720 717 713 709 704 698 695 685 683 680 677 675 672 668 665 662 660 657 654 652
965 962 961 960 957 957 955 953 952 951 704 702 840 837 836 833 833 831 829 827 825 823 821 820 818 816 813 812 809 808 805 803 801 799 797 795 793 791 787 785 782 781 778 777 773 772 769 767 764 761 759 755 753 750 748 745 742 740 736 734 730 727 724 721 718 715 714 711 740 736 732 729 726 723 719 716 712 708 702 697 688 686 683 680 678 675 672 669 666 663 660 658 655 652
963 962 961 959 957 957 954 953 952 949 1087 1085 1083 837 836 834 833 830 828 827 824 824 821 820 818 815 813 810 809 806 805 802 801 799 797 795 792 791 787 786 782 781 778 776 774 770 769 766 764 760 758 755 752 750 747 745 741 740 736 733 729 725 724 721 718 716 713 742 739 736 733 729 726 723 719 716 711 707 701 698 688 686 683 681 678 676 672 669 666 664 662 659 656 654
963 963 960 958 958 955 954 953 951 1088 1087 1084 1083 1081 1078 834 831 830 828 826 825 823 821 819 816 814 812 810 809 806 805 802 800 798 796 794 792 789 787 785 783 779 778 775 773 771 768 766 763 760 757 755 752 750 746 745 742 738 735 732 729 726 723 720 718 715 744 741 738 735 732 729 725 722 718 715 711 704 700 691 689 686 684 681 679 676 672 669 667 664 662 660 657 654
963 962 960 958 958 955 954 1092 1090 1087 1085 1084 1082 1080 1079 1078 1075 1074 827 826 825 822 821 818 816 814 812 810 809 807 804 803 800 799 795 794 790 789 786 784 782 780 777 775 773 771 768 765 762 760 756 755 752 750 747 743 741 738 735 731 729 725 723 721 718 715 745 742 738 735 731 728 725 721 717 713 709 703 701 691 689 686 684 681 679 675 672 670 668 666 663 660 658 654
964 961 960 959 956 955 1093 1091 1088 1088 1085 1084 1081 1081 1079 1076 1075 1073 1072 1070 824 822 820 817 816 814 812 810 808 806 804 803 800 799 796 794 791 788 786 784 782 779 778 774 772 770 768 764 761 760 756 753 752 748 746 743 741 737 734 731 728 725 723 720 717 747 744 740 737 734 731 727 725 721 716 712 707 703 694 692 689 687 684 682 679 676 673 671 669 666 664 662 658 655
962 961 959 958 1095 1095 1092 1090 1088 1087 1085 1083 1082 1080 1078 1076 1075 1073 1072 1069 1068 1066 1062 818 815 814 811 810 808 806 804 801 800 797 796 792 791 788 786 783 781 779 777 775 771 770 767 765 761 758 757 753 751 749 746 743 740 737 733 731 727 724 722 720 717 747 744 739 736 734 731 727 724 720 716 712 706 696 694 692 689 687 685 682 679 676 674 671 669 667 664 662 659 655
962 961 959 1097 1095 1093 1091 1089 1088 1086 1085 1082 1082 1080 1078 1076 1075 1073 1071 1069 1067 1064 1063 1061 1059 814 811 809 807 805 803 801 799 797 794 792 789 788 785 784 780 779 776 775 772 768 766 763 762 758 756 754 751 748 744 743 739 736 732 731 727 725 722 719 749 746 742 739 737 733 730 726 723 719 715 709 706 697 694 692 690 687 685 682 679 676 674 673 670 668 666 663 659 657
962 960 1098 1096 1095 1092 1091 1089 1088 1086 1084 1083 1081 1079 1077 1076 1074 1073 1070 1069 1067 1065 1063 1060 1059 1056 1055 808 807 804 803 801 798 797 793 792 789 788 785 783 781 778 776 773 772 768 765 763 761 757 756 753 749 748 745 742 738 736 733 729 727 724 721 751 748 745 741 739 736 732 729 725 722 718 713 708 699 697 695 692 690 688 685 682 679 678 676 673 671 669 666 663 660 657
1101 1099 1098 1096 1094 1092 1090 1089 1087 1085 1084 1083 1080 1079 1078 1076 1074 1072 1070 1069 1066 1064 1062 1060 1058 1056 1055 1052 1050 804 802 800 798 795 793 791 789 787 785 782 781 778 775 773 771 768 766 762 760 758 754 753 750 747 745 741 738 734 732 729 727 724 722 751 748 744 741 738 735 732 728 724 722 717 711 708 699 697 695 693 690 688 686 682 680 678 676 674 671 669 667 663 661 658
1099 1099 1097 1094 1093 1092 1090 1089 1087 1085 1084 1082 1080 1078 1077 1075 1073 1071 1071 1067 1066 1063 1062 1060 1057 1056 1054 1053 1050 1049 1046 801 797 796 793 791 788 786 784 782 780 778 776 772 769 767 765 762 759 758 755 752 750 746 744 740 737 735 732 729 726 723 753 750 747 744 741 738 734 732 728 724 720 716 711 702 700 697 695 693 691 688 685 682 681 679 676 675 673 670 667 665 661 659
1100 1099 1095 1095 1093 1091 1090 1088 1086 1085 1083 1081 1080 1078 1077 1075 1073 1072 1069 1067 1065 1063 1061 1059 1058 1056 1054 1052 1050 1048 1046 1042 1041 795 793 790 789 786 784 781 779 777 775 772 768 767 764 763 759 756 754 751 749 746 743 740 737 734 730 728 725 724 753 749 746 743 740 737 734 731 727 723 719 713 711 702 700 698 695 693 691 688 685 684 681 679 678 676 673 671 667 665 663 659
1100 1097 1095 1094 1092 1090 1090 1087 1086 1085 1083 1081 1080 1078 1076 1074 1072 1070 1068 1067 1064 1063 1060 1060 1057 1055 1054 1051 1050 1047 1046 1042 1041 1038 1037 790 788 786 783 781 778 777 774 772 769 765 764 761 759 756 754 751 749 746 742 739 735 734 730 728 725 755 752 748 746 742 739 737 733 730 726 722 717 713 704 702 700 698 696 693 691 688 686 684 682 681 678 676 674 670 668 665 663 661
1098 1096 1096 1093 1092 1091 1089 1087 1086 1084 1082 1081 1079 1078 1075 1074 1072 1070 1068 1066 1064 1061 1061 1059 1057 1055 1053 1051 1049 1047 1044 1042 1039 1038 1035 1034 1031 786 783 782 778 775 773 770 769 766 763 761 759 755 754 751 747 744 742 739 736 733 730 727 757 754 751 748 745 742 739 736 732 729 725 720 715 706 704 702 700 698 696 694 691 688 687 685 683 681 679 677 675 672 669 667 663 661
1097 1096 1095 1093 1091 1090 1088 1087 1085 1084 1082 1081 1079 1077 1075 1074 1071 1069 1067 1065 1064 1062 1061 1058 1057 1054 1052 1050 1048 1045 1043 1041 1039 1037 1035 1033 1031 1028 1027 780 779 775 772 770 768 765 763 760 757 756 752 750 747 744 741 738 735 731 730 727 757 754 751 747 744 742 738 735 731 727 724 719 716 707 705 703 701 698 696 694 691 689 687 685 684 681 680 678 674 672 670 667 665 661
1097 1096 1094 1093 1092 1090 1088 1086 1085 1083 1081 1080 1079 1076 1075 1072 1071 1068 1067 1065 1064 1062 1059 1058 1055 1054 1052 1050 1047 1045 1043 1041 1039 1036 1035 1032 1030 1028 1026 1024 1022 775 772 769 767 765 762 760 757 755 752 750 746 742 740 737 735 732 729 758 756 753 750 747 743 741 738 734 730 727 723 718 709 707 705 703 701 699 696 694 691 690 688 687 684 682 681 678 675 672 670 668 665 663
1097 1095 1094 1092 1091 1089 1087 1086 1085 1082 1082 1080 1078 1076 1073 1072 1070 1068 1066 1065 1063 1061 1059 1058 1055 1054 1051 1050 1047 1045 1043 1041 1039 1037 1035 1033 1030 1027 1026 1023 1020 1018 1016 769 766 765 762 760 757 754 752 747 746 742 740 737 734 731 728 758 755 752 749 746 744 740 737 733 730 726 720 711 709 707 705 703 701 699 697 693 692 691 688 687 685 683 681 678 675 674 671 668 666 663
1096 1095 1094 1091 1091 1089 1087 1086 1083 1082 1081 1079 1077 1076 1073 1072 1069 1068 1066 1065 1063 1060 1059 1056 1055 1053 1052 1048 1047 1044 1043 1040 1039 1036 1034 1032 1030 1027 1025 1022 1019 1018 1015 1013 1010 763 761 759 756 753 751 747 745 742 739 736 733 731 760 758 754 751 748 745 743 739 736 733 729 724 720 711 709 707 705 703 701 699 697 695 692 691 690 687 686 684 681 679 677 674 672 669 667 663
1095 1095 1092 1092 1090 1088 1087 1086 1083 1083 1080 1079 1076 1075 1073 1070 1069 1068 1066 1064 1062 1060 1058 1056 1055 1053 1050 1048 1045 1044 1041 1040 1037 1036 1033 1032 1029 1028 1024 1022 1019 1016 1015 1012 1010 1007 1005 758 757 753 749 747 743 742 738 736 733 730 760 757 753 751 747 745 742 738 735 731 727 722 713 711 709 708 706 703 701 699 696 695 694 691 690 688 686 684 682 679 677 675 672 670 667 664
1096 1094 1092 1092 1089 1087 1087 1084 1083 1081 1080 1077 1076 1074 1072 1070 1069 1067 1066 1063 1062 1059 1057 1057 1054 1052 1049 1048 1045 1044 1041 1040 1037 1036 1033 1030 1029 1026 1024 1021 1018 1016 1014 1012 1010 1006 1004 1002 755 751 749 747 743 741 738 735 732 761 759 755 753 750 747 744 741 737 734 730 725 722 713 712 710 708 706 704 702 699 697 695 694 692 691 689 687 685 682 680 677 675 673 670 668 665
1095 1093 1093 1090 1089 1088 1086 1084 1084 1081 1079 1076 1076 1074 1071 1070 1068 1067 1064 1063 1061 1059 1058 1056 1053 1051 1049 1047 1045 1042 1041 1038 1037 1034 1033 1030 1028 1025 1023 1021 1019 1015 1013 1011 1008 1007 1003 1001 998 996 748 746 743 739 738 734 764 761 759 755 752 749 747 743 740 737 733 728 724 716 714 712 710 708 706 704 702 699 697 696 695 693 691 690 687 685 683 680 679 676 674 671 668 665
1095 1093 1092 1090 1088 1087 1085 1084 1082 1080 1077 1077 1075 1073 1071 1069 1068 1067 1064 1063 1060 1060 1057 1055 1052 1050 1048 1046 1044 1042 1040 1038 1036 1034 1032 1030 1026 1024 1022 1020 1018 1016 1012 1011 1008 1006 1004 1000 997 994 991 989 743 739 737 733 763 761 757 754 752 748 746 742 739 736 731 727 718 716 714 712 710 708 706 704 701 700 699 696 695 694 691 690 688 685 683 682 679 677 674 672 669 665
1094 1093 1091 1090 1087 1087 1085 1083 1081 1079 1077 1077 1074 1072 1070 1069 1068 1065 1064 1061 1061 1058 1057 1053 1052 1049 1048 1045 1044 1041 1039 1037 1035 1033 1031 1028 1026 1024 1021 1020 1017 1015 1013 1009 1007 1005 1003 998 996 994 991 988 986 982 735 765 762 759 756 754 751 748 745 741 738 734 729 726 718 716 714 712 710 708 706 704 702 700 699 698 695 694 693 690 688 686 683 682 679 677 675 672 669 666
1094 1091 1091 1088 1088 1086 1084 1082 1081 1078 1077 1075 1074 1072 1070 1069 1067 1065 1063 1061 1060 1058 1055 1053 1051 1049 1047 1045 1043 1042 1040 1038 1035 1034 1031 1028 1025 1023 1021 1018 1017 1014 1012 1009 1007 1004 1001 999 995 993 990 987 985 983 979 765 762 759 755 753 750 747 744 740 737 732 728 720 718 716 714 712 710 708 706 703 702 701 699 698 697 695 693 691 688 686 685 682 680 677 675 672 669 667
1093 1092 1091 1088 1088 1085 1083 1082 1080 1078 1077 1075 1073 1071 1070 1068 1066 1064 1062 1062 1059 1057 1054 1053 1050 1049 1046 1046 1043 1041 1039 1037 1035 1032 1030 1027 1026 1022 1020 1018 1016 1014 1012 1009 1005 1003 1000 998 994 993 990 987 984 982 1010 1008 1004 758 755 752 749 746 743 740 735 731 722 720 718 716 714 712 711 709 707 705 702 701 700 699 697 695 694 691 689 687 685 683 680 679 676 672 669 667
