testData/tiles/oneDegree/grid31.0-33.0-32.0-34.0.asc
ncols   200
nrows   200
xllcorner   31.0
yllcorner   33.0
cellsize   0.005
NODATA_value   -9999.0
[rows 47 to 93 of 200, columns 0 to 95 of 200]
435 434 435 434 434 434 434 433 432 475 474 474 473 473 473 472 472 471 472 473 475 478 480 482 484 485 487 489 490 472 473 474 476 477 477 478 480 481 482 483 484 484 485 487 488 489 489 490 491 492 491 492 493 493 494 495 495 496 495 496 497 497 498 497 498 498 499 498 499 499 498 499 499 499 499 499 499 499 499 498 499 498 498 498 497 498 497 497 496 496 495 495 495 494 494 493
435 434 434 434 434 433 434 433 433 432 433 474 473 473 472 473 472 472 471 470 470 472 474 476 479 481 483 484 486 488 489 469 471 472 474 475 476 477 479 480 480 481 482 483 485 485 486 487 488 488 489 490 489 490 491 491 492 493 493 494 493 494 495 495 496 495 495 496 496 496 496 497 496 496 497 496 496 497 496 496 496 496 496 495 495 495 495 495 494 494 493 493 492 492 491 491
435 435 434 435 434 434 433 434 433 433 432 432 432 431 473 472 472 472 471 471 470 470 470 471 473 475 477 479 481 482 484 485 487 468 470 471 473 474 475 475 477 478 479 480 480 481 482 484 484 485 486 487 487 488 488 488 489 489 490 491 491 492 491 492 492 493 493 493 493 494 493 493 494 494 493 494 494 493 494 494 493 493 493 493 493 492 492 491 491 492 491 491 490 490 489 488
435 435 435 434 435 434 433 433 433 433 432 432 432 432 431 430 472 471 472 471 470 470 470 470 470 470 472 474 476 478 479 481 483 484 486 467 469 469 470 472 473 474 476 476 477 478 479 479 480 481 483 483 484 485 484 485 486 486 487 487 488 488 489 489 489 490 490 490 490 490 491 491 491 491 491 492 491 491 491 491 491 491 490 491 490 490 490 489 489 488 488 487 487 487 486 486
435 434 435 434 434 434 434 433 433 433 433 432 431 432 431 431 430 430 429 470 471 470 470 470 470 470 470 470 470 472 474 476 478 480 481 482 483 465 466 468 469 471 471 472 473 475 475 476 477 478 478 479 480 480 481 482 482 483 484 484 485 485 486 486 487 486 487 487 488 488 487 488 488 489 488 488 489 488 488 488 488 488 488 487 487 488 487 487 486 486 486 485 485 484 484 483
435 435 434 435 434 434 434 434 433 432 433 432 432 431 431 431 430 430 429 429 428 469 469 469 469 470 470 470 470 470 469 470 472 474 476 477 479 481 482 464 464 466 467 468 470 470 471 472 474 474 475 476 476 477 478 478 479 480 480 481 481 482 482 483 483 484 483 484 484 485 485 485 485 485 486 485 485 486 486 485 485 486 485 485 485 484 484 483 484 484 483 483 482 482 482 480
435 435 435 434 434 434 433 434 433 433 432 433 432 432 431 430 430 430 430 429 428 428 427 427 469 469 469 469 469 469 469 469 469 469 470 472 474 476 477 478 460 461 463 464 465 466 467 469 469 470 471 471 473 474 474 475 476 476 477 477 478 479 479 480 480 481 480 481 481 481 482 482 482 482 482 483 482 482 482 483 482 482 482 482 482 482 481 481 481 480 480 479 479 479 478 478
435 434 435 434 434 434 434 433 434 433 433 432 431 432 431 431 430 429 429 428 429 428 427 427 427 427 427 469 469 469 469 469 469 469 469 468 468 469 471 473 475 477 457 459 460 462 463 464 465 466 467 468 469 469 470 471 472 473 474 474 475 475 476 476 477 477 477 477 478 478 478 479 479 479 479 479 480 479 479 479 480 479 479 479 478 478 479 478 478 478 477 477 477 476 476 475
435 435 434 435 434 434 434 434 433 432 433 432 432 431 431 431 430 430 429 429 428 427 427 426 426 426 427 427 427 468 468 468 468 468 468 468 468 468 468 468 469 470 472 474 456 456 458 459 461 461 462 464 464 465 467 467 468 469 469 470 470 471 471 472 472 473 473 474 474 475 475 475 476 475 475 476 476 476 476 476 476 476 476 476 476 475 475 475 474 474 474 473 473 473 472 472
434 435 434 434 434 434 433 433 433 433 432 432 432 431 431 430 430 429 430 429 428 428 427 426 426 426 426 426 426 426 426 426 468 468 468 468 468 467 467 467 467 467 467 468 469 471 453 454 455 457 458 459 460 461 462 463 464 464 465 466 467 467 468 468 469 469 470 470 471 471 472 472 471 472 472 472 473 473 472 472 473 473 473 472 472 473 472 472 472 471 471 471 470 470 470 469
435 434 435 434 434 434 434 433 433 433 433 432 431 431 431 431 430 429 429 428 428 427 427 427 426 426 426 426 426 426 426 426 426 425 425 467 467 467 467 467 467 466 466 466 466 466 467 448 450 452 452 454 455 456 457 459 459 460 460 462 462 463 464 464 465 465 465 466 466 467 467 468 468 468 469 469 469 470 469 469 469 469 470 469 469 469 469 468 468 468 467 467 467 466 466 466
434 435 434 434 434 434 433 433 433 432 432 432 432 431 431 430 429 430 429 429 428 427 427 426 425 425 425 425 425 425 425 425 425 425 425 425 425 425 466 466 466 466 466 466 465 465 465 465 464 445 447 448 449 451 452 453 455 455 456 457 458 459 459 460 461 462 462 462 463 463 464 464 464 465 465 465 466 465 465 466 466 466 466 465 465 466 466 465 465 465 465 464 464 464 463 463
434 434 434 434 433 434 433 433 432 433 432 432 431 431 431 430 430 429 428 428 427 428 427 426 426 425 425 425 425 425 425 425 425 425 424 424 424 424 424 424 424 466 465 465 465 465 464 464 464 464 463 443 444 445 446 448 449 450 451 452 453 454 455 455 457 457 458 458 458 459 459 460 460 460 461 461 461 462 462 462 462 462 462 462 462 462 462 461 461 461 461 460 460 460 459 459
434 434 434 433 434 433 433 433 433 432 431 432 431 431 430 430 430 429 429 428 428 427 426 426 425 424 424 424 424 424 424 424 424 424 424 424 424 424 424 423 423 423 423 423 464 464 464 464 463 463 463 462 442 442 441 442 443 444 446 446 448 449 450 451 451 452 453 453 454 454 455 455 456 457 457 457 458 458 458 457 458 458 458 458 458 458 458 458 458 458 457 457 457 457 456 455
434 433 434 433 433 433 433 432 432 432 432 431 431 431 430 430 429 429 428 427 427 427 427 426 425 425 424 424 424 424 424 424 424 424 423 423 423 423 423 423 423 423 422 422 422 422 421 463 463 463 462 462 462 461 441 441 440 440 439 441 441 443 445 445 446 447 447 449 449 450 450 450 452 452 453 453 453 453 454 454 454 454 454 455 454 454 454 454 454 454 453 453 453 453 452 452
433 434 433 433 433 433 432 433 432 432 431 431 431 430 430 429 429 429 428 428 427 427 426 425 425 424 423 423 423 423 423 423 423 423 423 423 423 423 422 422 422 422 422 422 421 421 421 421 420 420 462 461 461 461 460 460 440 439 439 438 438 437 438 439 440 441 442 443 444 444 446 446 446 447 448 448 449 449 449 449 449 450 450 450 450 450 450 449 449 450 450 450 449 448 448 448
434 433 434 433 433 432 432 432 431 432 431 431 430 430 430 429 429 428 428 427 426 426 426 426 425 424 424 423 423 423 423 423 423 422 422 422 422 422 422 422 422 421 421 421 421 421 420 420 420 419 419 419 419 418 460 459 459 439 438 438 437 437 436 436 435 435 436 437 438 439 440 440 442 442 442 443 444 444 444 445 445 445 445 445 446 446 446 446 446 446 445 445 445 445 445 444
433 433 433 432 433 432 432 431 432 431 431 430 431 430 429 429 428 428 428 427 427 426 425 425 424 424 423 422 422 422 422 422 422 422 422 422 422 421 421 421 421 421 421 420 420 420 420 419 419 419 419 418 418 418 417 417 416 458 458 437 437 436 436 435 435 434 434 433 432 433 433 435 435 436 437 438 438 439 439 440 440 440 441 441 441 441 441 441 441 441 441 441 441 440 440 440
433 433 432 433 432 432 432 432 431 430 431 430 430 429 429 429 428 428 427 427 426 425 425 424 423 423 422 422 421 421 421 421 421 421 421 421 421 421 421 421 420 420 420 420 420 419 419 419 419 418 418 418 417 417 417 416 416 415 415 414 436 436 435 435 434 434 433 432 432 431 431 430 429 430 431 431 433 433 433 434 434 435 435 436 436 436 436 436 436 436 436 436 436 436 435 435
432 432 432 432 431 432 431 431 430 431 430 430 429 430 429 428 428 427 427 426 426 426 425 424 424 423 422 422 421 421 421 421 421 421 421 420 420 420 420 420 420 420 419 419 419 419 418 418 418 418 417 417 417 416 416 416 415 415 414 414 413 413 392 392 433 433 432 432 431 431 430 429 429 428 427 427 426 427 427 428 429 429 430 430 430 430 431 431 432 432 432 432 431 431 430 430
432 432 432 431 432 431 431 430 431 430 429 429 429 429 428 428 427 427 427 426 426 425 424 424 423 422 422 421 420 420 420 420 420 420 420 420 420 420 419 419 419 419 419 418 418 418 418 417 417 417 417 416 416 416 415 415 414 414 414 413 413 412 412 391 391 390 390 431 430 430 429 429 428 427 427 426 425 424 424 423 422 423 423 423 425 425 425 426 426 426 426 426 426 426 425 425
431 431 431 431 431 430 430 430 430 429 430 429 429 428 428 428 427 427 426 426 425 424 424 423 422 422 421 420 420 419 419 419 419 419 419 419 419 419 419 419 418 418 418 418 418 417 417 417 416 416 416 416 415 415 414 414 414 413 413 412 412 411 411 410 410 389 389 388 388 387 386 428 427 426 426 425 424 424 423 422 421 420 420 419 418 418 419 419 420 420 420 420 420 421 421 420
431 431 430 431 430 430 430 430 429 430 429 429 428 427 428 427 427 426 425 425 424 425 424 423 423 422 421 421 420 419 419 419 419 419 418 418 418 418 418 418 418 417 417 417 417 417 416 416 416 415 415 415 414 414 414 413 413 413 412 412 411 411 410 410 409 409 408 387 387 386 386 385 384 384 383 424 424 423 422 421 420 420 419 418 417 416 415 414 413 413 414 414 414 414 415 414
430 430 431 430 430 430 429 429 429 429 428 428 427 428 427 427 426 425 425 425 425 424 423 423 422 421 421 420 419 419 418 418 418 418 418 418 417 417 417 417 417 417 416 416 416 416 416 415 415 415 414 414 414 413 413 413 412 412 411 411 410 410 409 409 408 408 407 407 386 385 385 384 384 383 382 381 381 380 379 420 420 419 418 417 416 415 414 413 412 411 410 409 408 408 408 408
430 430 430 429 430 429 429 428 429 428 428 427 428 427 426 426 425 426 425 424 424 423 423 422 421 421 420 419 419 418 417 417 417 417 417 417 417 417 416 416 416 416 416 415 415 415 415 414 414 414 414 413 413 413 412 412 411 411 410 410 410 409 409 408 408 407 406 406 405 405 384 383 383 382 381 381 380 379 378 377 377 376 375 416 415 414 413 412 411 410 409 408 407 406 405 404
429 430 429 429 429 429 428 429 428 427 427 427 427 426 426 425 425 425 424 424 423 422 422 421 421 420 419 419 418 417 417 416 416 416 416 416 416 416 416 415 415 415 415 415 414 414 414 414 413 413 413 412 412 412 411 411 411 410 410 409 409 408 408 407 407 406 406 405 404 404 403 382 382 381 380 380 379 378 377 377 376 375 374 373 372 371 370 411 410 409 408 407 406 405 404 402
428 429 428 429 428 428 427 428 427 427 427 427 426 426 425 425 425 424 424 423 422 422 421 420 421 420 420 419 418 417 417 415 415 415 415 415 415 415 415 415 414 414 414 414 414 413 413 413 412 412 412 412 411 411 410 410 410 409 409 408 408 407 407 406 406 405 405 404 403 403 402 402 381 380 379 379 378 377 376 376 375 374 373 372 371 370 369 368 367 366 365 406 405 404 403 401
429 428 428 428 428 427 428 427 427 426 426 426 425 425 425 425 424 423 423 422 422 421 421 421 420 419 419 418 417 417 416 415 415 414 414 414 414 414 414 414 414 413 413 413 413 412 412 412 412 411 411 411 410 410 410 409 409 408 408 407 407 406 406 405 405 404 404 403 403 402 401 401 400 399 378 378 377 376 375 375 374 373 372 371 370 369 368 367 366 365 364 363 362 361 360 359
428 427 427 427 427 426 427 426 426 426 426 425 425 424 424 424 423 423 422 422 421 421 421 420 419 419 418 417 417 416 415 415 414 414 413 413 413 413 413 413 413 412 412 412 412 412 411 411 411 410 410 410 409 409 409 408 408 407 407 406 406 405 405 404 404 403 403 402 402 401 400 400 399 398 397 377 376 375 374 374 373 372 371 370 369 368 367 366 365 364 363 362 361 360 359 359
427 427 426 427 426 426 426 426 425 426 425 424 424 423 424 423 423 422 421 421 421 421 420 419 419 418 417 417 416 415 415 414 413 413 413 412 412 412 412 412 412 411 411 411 411 411 410 410 410 409 409 409 408 408 408 407 407 406 406 405 405 404 404 403 403 402 402 401 401 400 399 399 398 397 396 396 395 374 373 372 372 371 370 369 368 367 366 365 364 363 362 361 360 359 359 359
426 426 425 426 425 425 425 425 424 425 424 424 423 424 423 422 422 421 421 420 420 420 419 419 418 417 417 416 415 415 414 413 413 412 412 411 411 411 411 411 411 411 410 410 410 410 409 409 409 408 408 408 407 407 407 406 406 405 405 404 404 403 403 402 402 401 401 400 399 399 398 398 397 396 395 395 394 393 372 371 371 370 369 368 367 366 365 364 363 362 361 359 359 359 359 359
426 425 425 425 425 424 425 424 424 424 424 423 422 423 422 422 421 421 420 419 420 419 418 418 417 417 416 415 415 414 413 413 412 411 411 410 410 410 410 410 410 410 409 409 409 409 408 408 408 407 407 407 406 406 406 405 405 404 404 403 403 402 402 401 401 400 400 399 398 398 397 396 396 395 394 393 393 392 391 390 369 368 368 367 366 365 364 363 362 360 359 359 359 359 359 359
425 424 424 424 424 423 424 423 423 423 423 422 422 421 422 421 420 420 419 419 419 418 418 417 416 416 415 415 414 413 412 412 411 410 410 409 409 409 409 409 409 408 408 408 408 408 407 407 407 406 406 406 405 405 405 404 404 403 403 402 402 401 401 400 400 399 399 398 397 397 396 395 395 394 393 392 392 391 390 389 388 367 366 365 364 363 362 361 360 359 359 359 359 359 359 359
423 424 423 424 423 423 423 423 422 422 422 421 421 420 421 420 420 419 418 418 417 418 417 416 416 415 414 414 413 412 412 411 410 410 408 408 408 408 408 408 408 407 407 407 407 406 406 406 406 405 405 405 404 404 403 403 403 402 402 401 401 400 400 399 399 398 397 397 396 395 395 394 393 393 392 391 390 390 389 388 387 386 365 364 363 362 361 360 359 359 359 359 359 359 359 359
422 423 422 422 422 422 422 422 421 421 421 421 420 420 420 420 419 418 418 417 417 416 416 416 415 414 414 413 412 412 411 410 410 408 407 407 407 407 407 407 407 406 406 406 406 405 405 405 405 404 404 403 403 403 402 402 401 401 401 400 400 399 399 398 397 397 396 396 395 394 394 393 392 391 391 390 389 388 387 387 386 385 384 383 362 361 360 359 359 359 359 359 359 359 359 359
422 422 422 421 422 421 421 421 421 420 420 420 419 419 418 419 418 418 417 416 416 415 415 415 414 414 413 412 412 411 410 410 408 407 406 406 406 406 406 406 405 405 405 405 404 404 404 404 403 403 403 402 402 402 401 401 400 400 399 399 398 398 397 397 396 396 395 394 394 393 392 392 391 390 389 389 388 387 386 385 384 383 382 381 380 359 359 359 359 359 359 359 359 359 359 359
421 420 421 420 420 420 420 419 420 419 419 419 419 418 418 417 417 417 416 416 415 414 414 413 413 412 411 411 410 409 409 408 407 406 406 405 405 405 405 404 404 404 404 404 403 403 403 402 402 402 401 401 401 400 400 400 399 399 398 398 397 397 396 396 395 394 394 393 392 392 391 390 390 389 388 387 386 386 385 384 383 382 381 380 379 379 359 359 359 359 359 359 359 359 359 359
420 420 420 420 419 420 419 419 419 419 418 418 418 417 417 416 416 416 416 415 414 414 413 412 412 411 411 410 409 409 408 407 406 406 405 404 404 404 403 403 403 403 403 402 402 402 402 401 401 401 400 400 400 399 399 398 398 397 397 396 396 395 395 394 394 393 392 392 391 390 390 389 388 388 387 386 385 384 383 382 382 381 380 379 379 379 379 379 359 359 359 359 359 359 359 359
418 419 418 419 418 418 418 418 417 418 417 417 416 417 416 416 415 414 414 414 414 413 412 412 411 410 410 409 408 408 407 406 406 405 404 404 402 402 402 402 402 402 401 401 401 401 400 400 400 399 399 399 398 398 397 397 397 396 396 395 395 394 394 393 392 392 391 390 390 389 388 388 387 386 385 385 384 383 382 381 380 379 379 379 379 379 379 379 379 359 359 359 359 359 359 359
418 418 418 417 418 417 417 417 417 416 417 416 415 415 414 415 414 414 413 412 412 411 412 411 410 410 409 408 408 407 406 406 405 403 403 402 401 401 401 401 400 400 400 400 400 399 399 399 398 398 398 397 397 397 396 396 395 395 394 394 393 393 392 392 391 390 390 389 388 388 387 386 385 385 384 383 382 381 380 380 379 379 379 379 379 379 379 379 379 379 359 359 359 359 359 359
417 416 417 416 416 416 416 415 416 415 415 414 415 414 414 413 413 413 412 412 411 410 410 409 409 408 407 407 406 405 405 404 403 403 402 401 400 400 400 399 399 399 399 398 398 398 398 397 397 397 396 396 396 395 395 394 394 393 393 392 392 391 391 390 390 389 388 388 387 386 386 385 384 383 382 382 381 380 379 379 379 379 379 379 379 379 379 379 379 379 379 379 359 359 359 359
415 416 415 416 415 415 415 415 414 415 414 414 413 413 413 412 412 411 411 411 410 410 409 408 408 407 407 406 405 405 404 403 402 402 401 400 399 398 398 398 398 398 397 397 397 397 396 396 396 395 395 395 394 394 393 393 392 392 391 391 390 390 389 389 388 387 387 386 385 385 384 383 382 382 381 380 379 379 379 379 379 379 379 379 379 379 379 379 379 379 379 379 379 359 359 359
414 414 414 414 414 414 413 414 413 413 412 413 412 412 411 412 411 410 410 409 409 408 408 408 407 406 406 405 404 404 403 402 402 400 399 399 398 397 397 397 396 396 396 396 395 395 395 395 394 394 394 393 393 392 392 391 391 391 390 389 389 388 388 387 387 386 385 385 384 383 382 382 381 380 379 379 379 379 379 379 379 379 379 379 379 379 379 379 379 379 379 379 379 379 359 359
413 413 413 413 413 412 413 412 412 412 412 411 410 411 410 410 409 409 409 408 408 407 407 406 405 405 404 403 403 402 401 401 400 399 399 398 397 395 395 395 395 395 394 394 394 394 393 393 393 392 392 392 391 391 390 390 389 389 388 388 387 387 386 386 385 384 384 383 382 382 381 380 379 379 379 379 379 379 379 379 379 379 379 379 379 379 379 379 379 379 379 379 379 379 379 379
412 411 412 411 412 411 411 411 411 410 410 410 410 409 409 409 408 408 407 407 406 406 406 405 405 404 403 403 402 401 401 400 399 399 397 396 395 395 394 394 393 393 393 393 392 392 392 392 391 391 391 390 390 389 389 388 388 387 387 386 386 385 385 384 383 383 382 381 381 380 379 379 379 379 379 379 379 379 379 379 379 379 379 379 379 379 379 379 379 379 379 379 379 379 379 379
410 411 410 411 410 410 410 410 409 410 409 408 408 408 408 407 407 406 407 406 405 405 404 403 403 402 402 401 400 400 399 398 398 397 396 395 395 393 392 392 392 392 391 391 391 391 390 390 390 389 389 389 388 388 387 387 386 386 385 385 384 384 383 382 382 381 380 380 379 379 379 379 379 379 379 379 379 379 379 379 379 379 379 379 379 379 379 379 379 379 379 379 379 379 379 379
409 409 409 409 408 409 408 408 408 408 407 408 407 407 406 406 406 405 405 404 404 403 403 403 402 401 401 400 399 399 398 397 397 395 394 394 393 392 391 391 390 390 390 390 389 389 389 388 388 388 387 387 387 386 386 385 385 384 384 383 383 382 381 381 380 379 379 379 379 379 379 379 379 379 379 379 379 379 379 379 379 379 379 379 379 379 379 379 379 379 379 379 379 379 379 379
