testData/tiles/oneDegree/grid47.0-10.0-48.0-11.0.asc
ncols   200
nrows   200
xllcorner   47.0
yllcorner   10.0
cellsize   0.005
NODATA_value   -9999.0
[rows 84 to 125 of 200, columns 0 to 93 of 200]
415 415 415 416 416 417 417 417 418 418 420 420 420 421 421 422 421 421 422 422 423 423 424 320 320 321 321 321 321 321 322 322 322 323 323 325 325 325 325 325 326 326 326 327 327 328 327 327 329 329 330 330 330 330 330 331 331 331 332 331 331 332 332 334 334 333 334 334 335 335 334 335 335 336 336 510 511 511 512 513 512 513 513 514 513 513 514 514 514 514 514 515 395 396
415 415 415 416 416 417 417 417 417 417 419 419 419 420 420 421 421 421 422 422 423 423 318 319 319 320 320 320 321 321 322 322 322 322 323 324 324 324 325 325 326 325 325 326 326 327 327 327 329 328 329 329 329 330 330 331 330 330 331 331 332 332 331 333 333 334 334 333 334 334 335 335 334 510 510 511 511 510 511 512 513 513 512 513 513 513 513 513 514 514 513 395 395 396
414 414 414 415 415 416 416 416 417 417 419 419 419 420 420 420 420 420 421 421 422 318 318 319 319 320 320 319 320 320 321 321 321 322 323 324 324 323 324 324 325 325 325 326 326 326 326 326 328 328 329 329 328 329 329 330 330 330 330 330 331 331 332 333 332 333 333 333 334 333 334 509 509 510 509 510 510 510 512 511 512 512 512 512 512 513 513 512 513 513 395 394 394 395
414 414 414 415 415 416 415 415 416 416 418 418 418 419 419 420 420 420 421 421 317 317 317 318 318 319 319 319 320 320 321 321 320 321 322 323 323 323 324 324 325 324 324 325 325 326 326 327 327 327 328 328 328 329 329 329 329 329 330 330 331 330 331 332 332 333 332 332 333 508 509 508 508 509 509 510 509 509 511 511 512 511 511 512 512 512 512 512 513 512 394 394 394 394
413 413 414 414 414 415 415 416 416 417 418 418 419 419 418 419 419 420 420 315 316 317 318 318 318 319 318 319 319 319 320 320 321 322 322 323 322 323 323 323 324 324 325 325 324 325 325 327 327 327 328 327 328 328 328 329 329 329 329 329 330 330 332 331 331 332 332 333 507 507 508 508 508 508 508 509 509 509 510 510 511 511 510 511 511 512 511 511 512 393 393 393 393 394
413 413 414 413 413 414 414 415 415 416 417 417 418 418 418 419 419 420 315 314 315 316 317 317 317 318 318 319 319 319 319 319 320 321 321 322 322 323 323 322 323 323 324 324 324 325 325 326 326 326 327 327 328 327 327 328 328 329 329 328 329 330 331 331 331 331 506 507 507 507 507 507 508 508 508 508 508 510 510 509 510 510 511 511 510 511 511 512 392 392 393 393 393 393
412 412 413 413 413 414 414 415 415 416 417 416 417 417 417 418 418 314 314 314 316 316 317 317 316 317 317 318 318 318 319 319 320 321 320 321 321 322 322 322 323 323 323 323 323 324 325 326 326 325 326 326 327 327 327 328 327 328 328 328 329 330 330 330 505 506 506 506 506 506 507 507 507 507 507 508 508 509 509 509 510 509 510 510 510 510 510 392 392 391 392 392 393 392
411 411 412 412 412 413 413 414 414 415 416 416 417 417 417 418 313 313 313 313 315 315 316 316 316 317 317 318 318 317 318 318 319 320 320 321 321 322 321 321 322 322 323 323 323 323 324 325 325 325 326 326 326 326 326 327 327 328 327 327 328 329 330 505 504 505 505 506 506 505 506 506 507 507 506 507 507 509 508 508 509 509 509 509 509 510 390 391 391 391 391 391 392 392
411 411 412 412 412 413 413 414 414 414 415 415 416 416 416 312 312 313 313 313 315 315 315 315 315 316 316 317 317 317 318 318 318 319 319 320 320 321 321 321 322 321 322 322 322 323 324 325 324 324 325 325 326 326 325 326 326 327 327 327 327 503 504 504 504 504 504 505 505 505 505 505 506 506 506 506 507 508 508 507 508 508 509 509 508 390 390 390 390 390 391 390 391 391
410 410 411 411 412 412 412 413 414 415 415 415 416 416 311 311 311 312 312 313 314 314 315 315 316 316 315 316 316 317 317 317 319 319 320 319 319 320 320 321 321 321 322 321 322 322 323 324 324 325 324 324 325 325 326 326 325 326 326 502 503 503 503 503 504 504 504 504 504 505 505 505 505 505 506 506 506 507 507 508 508 507 508 508 390 389 389 390 389 390 390 390 390 390
410 410 411 410 411 411 411 412 413 414 414 414 415 310 311 311 311 312 312 312 313 313 314 314 315 315 315 316 316 317 316 316 318 318 319 319 319 320 319 320 320 320 321 321 322 323 322 323 323 324 324 324 324 324 325 325 325 326 500 501 502 502 503 503 503 503 503 504 504 504 504 504 505 504 505 505 506 507 506 507 507 507 507 388 389 389 388 389 389 389 389 389 390 389
409 409 410 410 411 411 411 412 413 414 413 413 309 309 310 310 310 311 311 313 313 313 314 313 314 314 314 315 315 316 316 316 318 317 318 318 318 319 319 320 320 319 320 320 321 322 322 323 322 323 323 323 324 324 324 324 499 500 500 501 501 501 502 502 503 502 502 503 503 504 503 503 504 504 504 504 505 506 506 506 506 506 388 387 388 388 388 388 388 389 388 388 389 390
408 408 409 409 410 410 410 411 412 413 413 308 309 309 310 309 309 310 310 312 312 312 313 313 314 314 313 314 314 315 315 315 317 317 318 317 317 318 318 319 319 319 320 319 320 321 321 322 322 323 322 322 323 323 324 499 498 499 499 500 501 500 501 501 502 502 501 502 502 503 503 502 503 503 504 505 504 505 505 506 505 386 387 387 387 387 387 387 387 388 388 387 388 389
408 408 409 409 409 409 409 411 411 412 307 307 308 308 309 309 309 310 310 311 311 311 312 312 313 313 313 314 314 314 314 315 316 316 317 317 317 318 317 318 318 318 319 319 320 320 320 321 321 322 322 322 322 497 498 498 498 498 498 500 500 500 501 500 501 501 501 502 501 502 502 502 502 502 503 504 504 504 504 505 386 385 386 386 387 386 386 387 386 387 387 387 387 388
407 407 408 408 409 409 409 411 411 307 306 306 307 307 308 308 308 309 309 311 311 311 312 311 312 312 312 313 313 314 314 315 315 315 316 316 316 317 317 318 317 317 318 318 319 320 320 320 320 321 321 322 497 496 497 497 498 498 498 499 499 500 500 500 500 500 501 501 501 501 501 502 502 501 502 503 504 504 503 385 385 386 385 385 386 385 386 386 386 386 386 387 387 387
406 406 407 407 408 408 408 410 305 306 306 306 307 307 307 307 307 308 308 310 310 310 311 311 312 312 311 312 312 313 313 315 315 315 316 315 316 316 316 317 317 318 317 317 319 319 320 320 320 320 495 496 496 496 497 496 497 497 497 499 498 499 499 499 500 499 500 500 500 501 500 501 501 501 501 502 503 503 383 384 384 385 384 384 385 385 385 385 385 385 385 386 387 386
406 406 406 406 407 407 407 304 304 305 305 305 306 306 307 307 308 308 308 309 309 310 310 310 311 311 312 312 311 312 312 314 314 314 315 315 316 315 315 316 316 317 317 317 318 318 319 319 319 495 494 495 495 495 496 496 496 496 496 498 498 498 498 498 499 499 499 499 499 500 500 500 500 500 502 501 502 502 383 383 383 384 384 383 384 384 384 384 384 385 384 385 386 385
405 405 406 406 407 302 303 303 303 304 304 305 305 305 306 306 307 307 308 309 309 309 309 309 310 310 311 311 311 312 311 313 313 313 314 314 315 315 314 315 315 316 316 316 318 317 318 493 493 494 494 495 494 494 495 495 496 495 496 497 497 498 497 497 498 498 499 498 498 499 499 500 499 499 501 501 501 382 382 383 382 383 383 382 383 383 384 383 383 384 383 384 385 385
404 405 405 405 301 301 302 303 303 304 304 304 304 304 305 305 306 306 307 308 308 309 309 308 309 309 310 310 310 311 312 313 312 312 313 313 314 314 314 315 314 315 315 315 317 317 493 492 492 493 493 494 494 493 494 494 495 495 495 496 496 497 497 496 497 497 498 498 497 498 498 499 498 498 500 500 381 381 381 382 381 382 382 382 382 382 383 382 382 383 383 384 384 384
403 404 404 299 300 300 302 302 302 303 303 304 304 304 304 304 305 305 306 307 307 308 308 308 309 309 309 309 309 310 311 312 312 312 312 312 313 313 313 314 314 315 314 314 491 491 492 492 491 492 492 493 493 493 493 493 494 494 495 495 495 496 496 496 496 496 497 497 496 497 497 498 498 497 499 380 381 380 380 381 381 381 381 381 381 381 382 382 381 382 382 384 384 384
403 404 298 298 299 299 301 301 301 302 302 303 303 303 304 304 305 304 305 306 306 307 307 307 308 308 309 308 308 309 310 311 311 311 312 312 312 312 312 313 313 314 314 489 490 490 491 491 491 491 491 492 492 492 493 492 493 493 494 495 494 495 495 495 496 495 496 496 496 496 496 497 497 496 379 379 380 379 379 380 380 380 380 380 380 380 381 381 381 382 382 384 384 384
402 298 298 298 299 299 300 300 300 301 301 302 302 302 303 303 304 304 305 305 305 306 306 306 307 307 308 308 308 308 309 310 310 310 311 311 312 311 311 312 312 313 488 489 489 489 490 490 490 491 490 491 491 491 492 491 492 492 493 494 493 494 494 494 495 494 495 495 495 495 495 496 496 378 378 378 379 378 378 379 379 379 379 380 380 380 381 381 382 382 382 384 384 385
296 297 297 297 298 298 300 300 300 300 300 301 301 301 302 302 303 304 304 305 305 305 305 305 306 306 307 307 307 308 308 309 309 309 310 310 311 311 310 311 486 487 487 488 489 488 489 489 489 490 490 490 490 490 491 491 491 492 492 493 493 493 493 493 494 493 494 494 494 495 494 495 376 377 377 377 378 378 378 378 378 379 379 380 380 380 381 381 382 382 382 384 384 385
295 296 296 296 297 297 299 299 299 300 300 300 300 300 301 301 302 303 303 304 304 305 305 304 305 305 306 306 306 307 308 309 308 308 309 309 310 310 310 485 485 486 486 487 488 487 488 488 488 489 489 489 489 489 490 490 490 491 491 492 492 492 492 492 493 493 493 493 494 494 493 375 375 377 376 376 377 377 378 378 378 379 379 380 380 380 381 381 382 382 383 384 384 385
294 295 295 295 296 296 298 298 298 299 299 300 300 299 300 300 301 302 302 303 303 304 304 304 304 304 305 305 305 306 307 308 308 307 308 308 309 484 484 485 484 485 485 486 487 487 487 487 487 488 488 489 488 488 489 489 490 490 490 491 491 492 491 492 492 492 492 492 493 493 373 374 374 376 376 376 377 377 378 378 378 379 379 380 380 380 381 381 382 382 383 384 384 385
293 294 294 294 295 295 297 297 297 298 298 299 299 299 300 299 300 301 301 302 302 303 303 303 304 303 304 304 304 306 306 307 307 306 307 307 483 483 483 484 483 484 484 485 486 486 486 486 486 487 487 488 487 487 488 488 489 489 490 490 490 491 490 491 491 491 491 491 492 373 373 374 374 376 376 376 377 377 378 378 378 379 379 380 380 380 381 381 382 382 383 384 384 385
293 294 293 293 294 295 296 296 296 297 297 298 298 298 299 299 299 300 300 301 301 302 302 302 303 303 303 303 303 305 305 306 306 306 306 481 482 482 482 483 483 483 483 484 485 485 486 485 485 486 486 487 486 486 487 487 488 488 489 489 489 490 489 490 490 490 491 491 373 373 373 374 374 376 376 376 377 377 378 378 378 379 379 380 380 380 381 381 382 382 383 384 384 385
292 293 293 292 293 294 295 295 295 296 296 297 297 297 298 298 299 299 299 300 300 301 301 301 302 302 303 302 302 304 304 305 305 480 480 480 481 481 481 482 482 482 483 483 484 484 485 484 484 485 485 486 485 485 486 486 487 487 488 488 488 489 489 490 490 490 491 372 373 373 373 374 375 376 376 376 377 377 378 378 378 379 379 380 380 380 381 381 382 382 383 384 384 385
291 292 292 292 293 293 294 294 294 295 295 296 296 296 297 297 298 299 298 299 299 300 300 300 301 301 302 301 301 303 303 304 479 479 480 479 480 480 480 481 481 481 482 482 483 483 484 483 483 484 484 485 484 485 485 485 486 487 488 488 488 489 489 490 490 371 372 372 373 373 373 374 375 376 376 376 377 377 378 378 378 379 379 380 380 380 381 381 382 383 383 384 384 385
290 291 291 291 292 292 293 293 293 294 294 295 295 295 296 296 297 298 297 298 298 299 299 299 300 300 301 300 300 302 302 478 478 478 479 478 479 479 479 480 480 480 481 481 482 482 483 482 482 483 483 484 484 484 485 485 487 487 488 488 488 489 489 490 371 371 372 372 373 373 373 374 375 376 376 376 377 377 378 378 378 379 379 380 380 380 381 381 382 383 383 384 384 385
289 290 290 290 291 292 292 292 292 293 293 294 294 294 295 295 296 297 296 297 297 298 298 298 299 299 300 299 299 476 476 477 477 477 477 477 478 478 478 479 479 479 480 480 481 481 482 482 482 483 483 484 484 484 485 485 487 487 488 488 488 489 489 371 371 371 372 372 373 373 373 374 375 376 376 376 377 377 378 378 378 379 379 380 380 380 381 381 382 383 383 384 384 385
288 289 289 289 290 291 291 291 291 292 292 293 293 293 294 294 296 296 295 296 296 297 297 297 298 298 299 298 473 475 475 476 476 476 476 476 477 477 477 478 478 479 480 480 481 481 482 482 482 483 483 484 484 484 485 485 487 487 488 488 488 489 370 371 371 371 372 372 373 373 373 374 375 376 376 376 377 377 378 378 378 379 379 380 380 380 381 381 382 383 383 384 384 385
287 288 288 288 289 289 290 290 290 291 291 292 292 292 293 293 295 294 294 295 295 296 296 296 297 297 297 472 472 474 474 475 475 475 476 476 477 477 477 478 478 479 480 480 481 481 482 482 482 483 483 484 484 484 485 485 487 487 487 488 488 370 370 371 371 371 372 372 373 373 373 374 375 376 376 376 377 377 378 378 378 379 379 380 380 380 381 381 382 383 383 384 384 385
286 287 287 287 287 288 289 289 289 290 290 291 291 291 292 292 294 293 293 294 294 295 295 295 296 296 472 472 472 474 474 475 475 475 476 476 477 477 477 478 478 479 480 480 481 481 482 482 482 483 483 484 484 484 485 485 487 487 487 488 369 370 370 370 371 371 372 372 373 373 373 374 375 376 376 376 377 377 378 378 378 379 379 380 380 380 381 381 382 383 383 384 384 385
285 286 286 285 286 287 288 288 288 289 289 290 290 290 291 291 293 293 293 294 294 295 295 295 471 471 472 472 473 474 474 475 475 475 476 476 477 477 477 478 478 479 480 480 481 481 482 482 482 483 483 484 484 484 485 485 487 487 487 369 369 370 370 370 371 371 372 372 372 373 373 375 375 375 376 376 377 377 378 378 378 379 379 380 380 380 381 381 382 383 383 384 410 411
284 285 285 285 286 287 288 288 288 289 289 290 290 290 291 291 293 293 293 294 294 295 295 470 471 471 472 472 473 474 474 475 475 475 476 476 477 477 477 478 478 479 480 480 481 481 482 482 482 483 483 484 484 484 485 485 487 487 368 369 369 370 370 370 371 371 372 372 372 373 373 375 375 375 376 376 377 377 377 378 378 379 379 380 380 380 381 381 382 409 409 410 410 411
284 285 285 285 286 287 288 288 288 289 289 290 290 290 291 291 293 293 293 294 294 295 470 470 471 471 472 472 473 474 474 475 475 475 476 476 477 477 477 478 478 480 480 480 481 481 482 482 482 483 483 484 484 484 485 485 487 368 368 369 369 370 370 370 371 371 372 372 372 373 373 375 375 375 376 376 377 377 377 378 378 379 379 379 380 406 407 407 408 409 409 410 410 410
284 285 285 285 287 287 288 288 288 289 289 290 290 290 291 291 293 293 293 294 294 470 470 470 471 471 472 472 473 474 474 475 475 475 476 476 477 477 477 478 478 480 480 480 481 481 482 482 482 483 483 484 484 484 485 485 368 368 368 369 369 370 370 370 371 371 372 372 372 373 373 375 375 375 376 376 377 377 377 378 378 379 405 405 406 406 407 407 408 409 409 411 412 413
284 285 285 285 287 287 288 288 288 289 289 290 290 290 291 291 293 293 293 294 469 470 470 470 471 471 472 472 473 474 474 475 475 475 476 476 477 477 477 478 478 480 480 480 481 481 482 482 482 483 483 484 484 484 485 366 368 368 368 369 369 370 370 370 371 371 372 372 372 373 373 375 375 375 376 376 377 377 377 404 404 405 405 405 406 406 407 407 409 412 413 415 416 417
284 284 285 285 287 287 288 288 288 289 289 290 290 290 291 291 293 293 468 469 469 470 470 470 471 471 472 472 473 474 474 475 475 475 476 476 477 477 477 478 478 480 480 480 481 481 482 482 482 483 483 484 484 484 366 366 368 368 368 369 369 370 370 370 371 371 372 372 372 373 373 375 375 375 376 376 403 403 403 404 404 405 405 405 406 408 410 412 414 416 417 419 420 421
284 284 285 285 287 287 287 288 288 289 289 289 290 290 291 291 293 468 468 469 469 470 470 470 471 471 472 472 473 474 474 475 475 475 476 476 477 477 477 478 478 480 480 480 481 481 482 482 482 483 483 484 365 365 366 367 368 368 368 369 369 370 370 370 371 371 372 372 372 373 373 375 375 401 402 402 403 403 403 404 404 406 407 409 411 412 414 415 417 419 420 422 423 424
284 284 285 285 287 287 287 288 288 289 289 289 290 290 291 291 467 468 468 469 469 469 470 470 471 471 471 472 473 474 474 475 475 475 476 476 477 477 477 478 478 480 480 480 481 481 482 482 482 483 483 365 365 365 366 367 368 368 368 369 369 370 370 370 371 371 372 372 372 373 373 401 401 401 402 402 403 403 404 406 408 410 411 413 415 416 418 419 421 423 424 426 426 427
