testData/tiles/oneDegree/grid10.0-21.0-11.0-22.0.asc
ncols   200
nrows   200
xllcorner   10.0
yllcorner   21.0
cellsize   0.005
NODATA_value   -9999.0
[rows 0 to 41 of 200, columns 94 to 187 of 200]
327 327 327 327 327 327 328 328 328 328 328 328 328 328 328 328 328 328 328 328 328 328 328 328 328 328 328 328 328 328 328 328 328 328 328 328 328 327 327 327 328 328 328 329 329 329 330 330 330 331 331 331 332 332 332 332 333 333 333 334 334 333 333 334 477 477 477 478 478 478 479 479 479 479 480 479 479 479 480 480 480 480 481 481 481 481 481 481 481 481 481 482 482 482
328 328 328 328 328 328 328 328 328 328 328 328 328 328 328 328 328 328 328 328 328 328 328 328 328 328 328 328 328 328 328 328 328 328 328 328 328 328 328 329 329 329 330 330 330 331 331 331 331 332 331 331 332 332 332 333 333 333 333 334 334 334 335 335 335 335 336 479 478 478 479 479 479 479 480 480 480 480 481 481 480 480 481 481 481 481 482 482 482 482 482 482 482 482
328 328 328 328 328 328 328 328 328 328 328 329 329 329 329 329 329 329 329 329 329 329 329 329 329 329 329 329 329 329 329 329 328 328 328 328 328 328 328 329 329 329 330 330 330 331 331 331 332 332 332 333 333 333 333 334 334 334 335 334 334 334 335 335 335 336 336 336 336 337 337 480 480 481 480 480 480 481 481 481 481 482 482 482 482 482 482 482 482 483 483 483 483 483
329 329 329 329 329 329 329 329 329 329 329 329 329 329 329 329 329 329 329 329 329 329 329 329 329 329 329 329 329 329 329 329 329 329 329 329 329 329 330 330 330 331 331 331 332 332 332 332 332 332 332 333 333 333 334 334 334 334 335 335 335 336 336 336 336 337 337 336 336 337 337 337 338 338 338 481 482 482 482 481 482 482 482 482 482 483 483 483 483 484 483 483 483 484
329 329 329 329 329 329 329 329 329 329 329 329 329 329 329 329 329 329 329 329 329 329 329 329 329 329 329 329 329 329 329 329 329 329 329 329 329 329 330 330 330 331 331 331 332 332 332 333 333 333 334 334 334 334 335 335 335 336 335 335 335 336 336 336 337 337 337 337 338 338 338 338 339 338 338 338 339 339 339 339 483 483 483 483 483 483 483 483 484 484 484 484 484 485
330 330 330 330 330 330 330 330 330 330 330 330 330 330 330 330 330 330 330 330 330 330 330 330 330 330 330 330 330 330 330 330 330 330 330 330 330 331 331 331 332 332 332 333 333 332 332 333 333 333 334 334 334 335 335 335 335 336 336 336 337 337 337 337 338 337 337 337 338 338 338 339 339 339 339 340 340 340 339 340 340 340 340 341 341 484 484 484 485 484 484 484 485 485
330 330 330 330 330 330 330 330 330 330 330 330 330 330 330 330 330 330 330 330 330 330 330 330 330 330 330 330 330 330 330 330 330 330 330 330 330 331 331 331 332 332 332 333 333 333 334 334 334 335 335 335 335 336 336 335 336 336 336 336 337 337 337 338 338 338 338 339 339 339 339 339 339 339 339 340 340 340 340 341 341 341 341 341 341 341 341 342 342 342 342 343 343 485
330 331 331 331 331 331 331 331 331 331 331 331 331 331 331 331 331 331 331 331 331 331 331 331 331 331 331 331 331 331 331 331 331 331 331 331 332 332 332 333 333 333 333 333 333 333 334 334 334 335 335 335 336 336 336 336 337 337 337 338 338 338 338 338 338 338 339 339 339 339 340 340 340 340 341 341 341 340 341 341 341 341 342 342 342 342 343 343 342 342 342 343 343 343
331 331 331 331 331 331 331 331 331 331 331 331 331 331 331 331 331 331 331 331 331 331 331 331 331 331 331 331 331 331 331 331 331 331 331 331 332 332 332 333 333 333 334 334 334 335 335 335 336 336 336 336 337 336 336 337 337 337 337 338 338 338 339 339 339 339 340 340 340 340 340 340 340 340 341 341 341 342 342 342 342 342 342 342 342 342 343 343 343 343 344 344 343 343
331 331 331 331 331 331 331 332 332 332 332 332 332 332 332 332 332 332 332 332 332 332 332 332 332 332 332 332 332 332 332 332 332 332 332 333 332 332 333 333 333 334 334 334 334 335 335 335 336 336 336 337 337 337 337 338 338 338 339 339 339 338 339 339 339 340 340 340 340 341 341 341 341 342 342 341 341 342 342 342 342 343 343 343 343 344 343 343 343 344 344 344 344 344
332 332 332 332 332 332 332 332 332 332 332 332 332 332 332 332 332 332 332 332 332 332 332 332 332 332 332 332 332 332 332 332 332 332 332 333 333 333 334 334 334 335 335 335 336 336 336 337 337 337 336 337 337 337 338 338 338 338 339 339 339 340 340 340 340 341 341 341 340 341 341 341 342 342 342 342 343 343 343 343 343 343 343 343 343 344 344 344 344 345 345 344 344 345
332 332 332 332 332 332 332 332 332 332 332 332 332 332 332 332 332 332 333 333 333 333 333 333 333 332 332 332 332 332 332 332 332 332 333 333 333 334 334 334 334 335 335 335 336 336 336 337 337 337 338 338 338 338 339 339 339 340 339 339 339 340 340 340 341 341 341 341 342 342 342 342 343 342 342 342 343 343 343 343 344 344 344 344 345 344 344 344 345 345 345 345 345 346
336 333 333 333 333 333 333 333 333 333 333 333 333 333 333 333 333 333 333 333 333 333 333 333 333 333 333 333 333 333 333 333 333 333 334 334 334 335 335 335 336 336 336 337 337 337 336 337 337 337 338 338 338 339 339 339 339 340 340 340 341 341 341 341 342 341 341 341 342 342 342 343 343 343 343 344 344 344 344 344 344 344 344 345 345 345 345 345 346 345 345 345 346 346
336 333 333 333 333 333 333 333 333 333 333 333 333 333 333 333 333 333 333 333 333 333 333 333 333 333 333 333 333 333 333 333 333 334 334 334 334 335 335 335 336 336 336 337 337 337 338 338 338 339 339 339 339 340 340 339 340 340 340 340 341 341 341 342 342 342 342 343 343 343 343 343 343 343 343 344 344 344 344 345 345 345 345 345 345 345 345 346 346 346 346 347 347 346
336 333 333 334 334 334 334 334 334 334 334 334 334 334 334 334 334 334 334 334 334 334 334 334 334 334 334 334 334 334 334 334 334 335 335 335 336 336 336 337 336 336 337 337 337 337 338 338 338 339 339 339 340 340 340 340 341 341 341 342 342 342 342 342 342 342 342 343 343 343 344 344 344 344 345 345 345 344 345 345 345 345 346 346 346 346 346 347 346 346 346 347 347 347
337 337 334 334 334 334 334 334 334 334 334 334 334 334 334 334 334 334 334 334 334 334 334 334 334 334 334 334 334 334 334 334 334 335 335 335 336 336 336 337 337 337 338 338 338 339 339 339 340 340 340 339 340 340 340 341 341 341 341 342 342 342 343 343 343 343 344 344 344 343 344 344 344 344 345 345 345 345 346 346 346 346 346 346 346 346 347 347 347 347 348 348 347 347
337 337 334 334 334 334 334 334 334 334 334 334 335 335 335 335 335 335 335 335 335 335 335 335 335 335 335 335 335 335 335 334 335 335 335 336 336 336 337 337 337 338 338 338 338 339 339 339 340 340 340 341 341 341 341 342 342 342 343 343 342 342 343 343 343 343 344 344 344 345 345 345 345 346 345 345 345 346 346 346 346 347 347 347 347 348 347 347 347 347 348 348 348 348
338 338 338 335 335 335 335 335 335 335 335 335 335 335 335 335 335 335 335 335 335 335 335 335 335 335 335 335 335 335 335 335 336 336 336 337 337 337 338 338 338 339 339 339 340 340 340 339 340 340 340 341 341 341 342 342 342 342 343 343 343 344 344 344 344 345 344 344 344 345 345 345 345 346 346 346 346 347 347 346 346 347 347 347 347 348 348 348 348 349 348 348 348 348
338 338 338 335 335 335 335 335 335 335 335 335 335 335 335 335 335 335 335 335 335 335 335 335 335 335 335 335 335 335 335 336 336 336 337 337 337 338 338 338 338 339 339 339 340 340 340 341 341 341 342 342 342 342 343 343 342 343 343 343 343 344 344 344 344 345 345 345 346 346 346 346 346 346 346 346 347 347 347 347 348 348 348 348 348 348 348 348 348 349 349 349 349 350
338 338 338 336 336 336 336 336 336 336 336 336 336 336 336 336 336 336 336 336 336 336 336 336 336 336 336 336 336 336 336 337 337 337 338 338 338 339 339 339 339 339 339 340 340 340 340 341 341 341 342 342 342 343 343 343 343 344 344 344 345 345 345 344 345 345 345 345 346 346 346 346 347 347 347 347 348 347 347 347 348 348 348 348 349 349 349 349 349 349 349 349 349 350
339 339 339 336 336 336 336 336 336 336 336 336 336 336 336 336 336 336 336 336 336 336 336 336 336 336 336 336 336 336 336 337 337 337 338 338 338 339 339 339 340 340 340 341 341 341 342 342 342 342 343 342 342 343 343 343 344 344 344 344 345 345 345 345 346 346 346 347 347 346 346 347 347 347 347 348 348 348 348 349 349 349 348 349 349 349 349 349 350 350 350 350 350 350
339 339 339 339 336 336 336 336 336 336 336 336 336 336 336 337 337 337 337 337 337 337 337 337 337 337 337 337 336 336 337 337 337 338 338 338 339 339 339 340 340 340 340 341 341 341 342 342 342 343 343 343 343 344 344 344 345 345 345 344 345 345 345 346 346 346 346 347 347 347 347 348 348 348 347 348 348 348 348 349 349 349 349 350 350 350 349 350 350 350 350 351 351 351
340 340 340 340 337 337 337 337 337 337 337 337 337 337 337 337 337 337 337 337 337 337 337 337 337 337 337 337 337 337 338 338 338 339 339 339 340 340 340 341 341 341 342 342 342 343 342 342 342 343 343 343 344 344 344 344 345 345 345 346 346 346 346 347 347 347 347 347 347 347 348 348 348 348 349 349 349 349 350 349 349 349 350 350 350 350 350 351 351 351 350 351 351 351
340 340 340 340 337 337 337 337 337 337 337 337 337 337 337 337 337 337 337 337 337 337 337 337 337 337 337 337 337 338 338 338 339 339 339 340 340 340 340 341 341 341 342 342 342 343 343 343 344 344 344 344 345 345 345 345 345 345 345 346 346 346 347 347 347 347 348 348 348 348 349 348 348 348 349 349 349 349 350 350 350 350 351 351 350 350 351 351 351 351 352 352 352 352
340 340 340 340 340 337 338 338 338 338 338 338 338 338 338 338 338 338 338 338 338 338 338 338 338 338 338 338 338 339 339 339 340 340 340 341 341 340 341 341 341 342 342 342 342 343 343 343 344 344 344 345 345 345 345 346 346 346 347 347 347 347 347 347 347 347 348 348 348 349 349 349 349 350 350 350 349 350 350 350 350 351 351 351 351 351 352 352 351 351 352 352 352 352
341 341 341 341 341 338 338 338 338 338 338 338 338 338 338 338 338 338 338 338 338 338 338 338 338 338 338 338 338 339 339 339 340 340 340 341 341 341 342 342 342 343 343 343 344 344 344 345 345 344 344 345 345 345 346 346 346 346 347 347 347 348 348 348 348 349 349 349 348 349 349 349 349 350 350 350 350 351 351 351 351 351 351 351 351 352 352 352 352 353 353 353 352 352
341 341 341 341 341 338 338 338 338 338 338 338 338 338 338 338 338 338 338 338 338 338 338 338 338 338 338 338 339 339 339 340 340 340 341 341 341 342 342 342 342 343 343 343 344 344 344 345 345 345 346 346 346 346 347 347 347 347 347 347 347 348 348 348 348 349 349 349 350 350 350 350 351 350 350 350 351 351 351 351 352 352 352 352 352 352 352 352 352 353 353 353 353 354
341 342 342 342 342 339 339 339 339 339 339 339 339 339 339 339 339 339 339 339 339 339 339 339 339 339 339 339 340 340 340 341 341 341 342 342 342 343 343 343 344 344 343 344 344 344 344 345 345 345 346 346 346 347 347 347 347 348 348 348 348 349 349 349 349 349 349 349 350 350 350 350 351 351 351 351 352 352 351 351 352 352 352 352 353 353 353 353 354 353 353 353 353 354
342 342 342 342 342 342 339 339 339 339 339 339 339 339 339 339 339 339 339 339 339 339 339 339 339 339 339 339 340 340 340 341 341 341 342 342 342 343 343 343 344 344 344 345 345 345 346 346 346 346 347 347 346 347 347 347 347 348 348 348 349 349 349 349 350 350 350 350 351 351 350 351 351 351 351 352 352 352 352 353 353 353 352 352 353 353 353 353 354 354 354 354 355 354
342 342 342 342 342 342 339 339 339 339 339 339 339 339 339 339 339 340 340 340 340 340 340 340 340 340 339 340 340 340 341 341 341 342 342 342 343 343 343 344 344 344 344 345 345 345 346 346 346 347 347 347 347 348 348 348 349 349 349 348 349 349 349 350 350 350 350 351 351 351 351 352 352 352 352 352 352 352 352 353 353 353 353 354 354 354 353 354 354 354 354 354 355 355
343 343 343 343 343 343 340 340 340 340 340 340 340 340 340 340 340 340 340 340 340 340 340 340 340 340 340 341 341 341 342 342 342 343 343 343 344 344 344 345 345 345 346 346 346 345 346 346 346 347 347 347 348 348 348 348 349 349 349 350 350 350 350 351 351 351 350 351 351 351 351 352 352 352 352 353 353 353 353 353 353 353 353 354 354 354 354 355 355 355 354 355 355 355
343 343 343 343 343 343 340 340 340 340 340 340 340 340 340 340 340 340 340 340 340 340 340 340 340 340 340 341 341 342 342 342 342 343 343 343 344 344 344 345 345 345 346 346 346 347 347 347 347 348 348 348 349 349 348 349 349 349 349 350 350 350 350 351 351 351 352 352 352 352 353 352 352 352 353 353 353 353 354 354 354 354 355 354 354 354 354 355 355 355 355 356 356 356
343 343 343 343 343 343 343 340 340 340 341 341 341 341 341 341 341 341 341 341 341 341 341 341 341 341 342 342 342 343 343 343 344 343 343 344 344 344 345 345 345 345 346 346 346 347 347 347 348 348 348 348 349 349 349 350 350 350 350 351 351 350 351 351 351 351 352 352 352 352 353 353 353 353 354 354 353 353 354 354 354 354 355 355 355 355 356 355 355 355 356 356 356 356
344 344 344 344 344 344 344 341 341 341 341 341 341 341 341 341 341 341 341 341 341 341 341 341 341 341 342 342 342 343 343 343 344 344 344 345 345 345 346 346 346 347 347 347 348 348 347 347 348 348 348 349 349 349 349 350 350 350 351 351 351 351 352 352 352 352 353 352 352 353 353 353 353 354 354 354 354 355 355 355 354 355 355 355 355 355 356 356 356 356 357 356 356 356
344 344 344 344 344 344 344 341 341 341 341 341 341 341 341 341 341 341 341 341 341 341 341 341 341 341 342 342 343 343 343 344 344 344 344 345 345 345 346 346 346 347 347 347 348 348 348 349 349 349 349 350 350 350 351 350 350 350 351 351 351 352 352 352 352 353 353 353 353 354 354 354 353 354 354 354 354 355 355 355 355 356 356 356 355 356 356 356 356 356 357 357 357 357
344 344 344 344 344 344 344 341 342 342 342 342 342 342 342 342 342 342 342 342 342 342 342 342 342 343 343 343 344 344 344 345 345 345 346 345 345 346 346 346 347 347 347 347 348 348 348 349 349 349 350 350 350 350 351 351 351 352 352 352 352 353 352 352 352 353 353 353 353 354 354 354 355 355 355 355 355 355 355 355 355 356 356 356 356 357 357 357 356 357 357 357 357 357
345 345 345 345 345 345 345 342 342 342 342 342 342 342 342 342 342 342 342 342 342 342 342 342 342 343 343 343 344 344 344 345 345 345 346 346 346 347 347 347 348 348 348 349 349 349 349 349 349 349 350 350 350 350 351 351 351 352 352 352 352 353 353 353 354 354 354 353 354 354 354 354 355 355 355 355 356 356 356 356 357 356 356 356 357 357 357 357 357 358 358 358 357 358
345 345 345 345 345 345 345 345 342 342 342 342 342 342 342 342 342 342 342 342 342 342 342 342 342 343 343 344 344 344 345 345 345 345 346 346 346 347 347 347 348 348 348 349 349 349 350 350 350 350 351 351 351 352 352 351 351 352 352 352 353 353 353 353 354 354 354 354 355 355 355 355 355 355 355 355 356 356 356 356 357 357 357 357 358 357 357 357 358 358 358 358 358 359
345 345 345 345 345 345 345 346 343 343 343 343 343 343 343 343 343 343 343 343 343 343 343 343 344 344 344 345 345 345 346 346 346 347 347 347 347 347 347 348 348 348 348 349 349 349 350 350 350 351 351 351 351 352 352 352 353 353 353 353 354 354 353 353 354 354 354 355 355 355 355 356 356 356 356 357 357 356 356 357 357 357 357 358 358 358 358 358 358 358 358 358 359 359
346 346 346 346 346 346 346 346 343 343 343 343 343 343 343 343 343 343 343 343 343 343 343 343 344 344 344 345 345 345 346 346 346 347 347 347 348 348 348 349 349 349 350 350 350 350 351 351 350 351 351 351 352 352 352 352 353 353 353 353 354 354 354 355 355 355 355 355 355 355 355 356 356 356 356 357 357 357 357 358 358 357 357 358 358 358 358 359 359 359 359 359 359 359
346 346 346 346 346 346 346 346 343 343 343 343 343 343 343 343 343 343 343 343 343 343 343 343 344 344 344 345 345 345 346 346 346 347 347 347 348 348 348 349 349 349 350 350 350 351 351 351 351 352 352 352 353 353 353 352 353 353 353 354 354 354 354 355 355 355 355 356 356 356 357 357 356 356 357 357 357 357 357 358 358 358 358 359 359 358 358 359 359 359 359 360 360 360
346 346 346 346 346 346 346 346 344 344 344 344 344 344 344 344 344 344 344 344 344 344 344 345 345 345 346 346 346 347 347 347 348 348 348 348 348 348 348 349 349 349 350 350 350 351 351 351 352 352 352 352 353 353 353 354 354 354 354 355 355 355 354 355 355 355 356 356 356 356 357 357 357 357 358 358 358 357 358 358 358 358 359 359 359 359 359 360 359 359 359 360 360 360
