testData/tiles/oneDegree/grid21.0-33.0-22.0-34.0.asc
ncols   200
nrows   200
xllcorner   21.0
yllcorner   33.0
cellsize   0.005
NODATA_value   -9999.0
[rows 42 to 83 of 200, columns 0 to 93 of 200]
601 601 600 600 599 599 598 598 597 597 597 596 596 595 595 594 594 593 593 592 591 591 590 590 589 589 588 588 587 448 448 447 471 470 469 469 468 467 467 466 465 465 464 463 463 462 461 460 460 459 458 457 456 456 455 454 453 452 451 451 450 449 448 447 446 445 444 443 442 441 440 450 449 448 447 446 445 444 443 442 440 439 438 437 435 434 433 432 430 429 428 428 428 428
601 600 600 599 599 598 598 598 597 597 596 596 595 595 594 594 593 593 592 592 591 591 590 590 589 588 588 587 587 448 447 447 446 446 469 468 468 467 466 466 465 464 464 463 462 461 461 460 459 458 458 457 456 455 454 454 453 452 451 450 449 448 448 447 446 445 444 443 442 441 440 450 449 448 447 446 444 443 442 441 440 439 437 436 435 434 432 431 430 428 428 428 428 428
600 600 599 599 599 598 598 597 597 596 596 595 595 594 594 593 593 592 592 591 591 590 590 589 589 588 587 587 586 448 447 446 446 445 445 468 467 467 466 465 465 464 463 463 462 461 460 460 459 458 457 457 456 455 454 453 452 452 451 450 449 448 447 446 445 444 443 442 441 440 439 449 448 447 446 445 444 443 442 441 439 438 437 436 435 433 432 431 429 428 428 428 428 428
600 600 599 599 598 598 597 597 597 596 596 595 595 594 594 593 593 592 592 591 591 590 589 589 588 588 587 587 586 447 447 446 446 445 444 444 443 466 466 465 464 464 463 462 461 461 460 459 458 458 457 456 455 455 454 453 452 451 450 449 449 448 447 446 445 444 443 442 441 440 439 449 448 447 446 445 444 442 441 440 439 438 437 435 434 433 431 430 429 428 428 428 428 428
600 599 599 598 598 598 597 597 596 596 595 595 594 594 593 593 592 592 591 591 590 590 589 589 588 587 587 586 448 447 446 446 445 445 444 443 443 442 465 465 464 463 463 462 461 460 460 459 458 457 457 456 455 454 453 452 452 451 450 449 448 447 446 445 444 444 443 442 441 440 439 449 448 446 445 444 443 442 441 440 439 437 436 435 434 432 431 430 428 428 428 428 428 428
599 599 599 598 598 597 597 596 596 595 595 594 594 593 593 592 592 591 591 590 590 589 589 588 588 587 586 586 447 447 446 445 445 444 444 443 442 442 441 440 464 463 462 461 461 460 459 458 458 457 456 455 455 454 453 452 451 450 450 449 448 447 446 445 444 443 442 441 440 439 438 448 447 446 445 444 443 442 440 439 438 437 436 434 433 432 430 429 428 428 428 428 428 428
599 599 598 598 597 597 596 596 596 595 595 594 594 593 593 592 592 591 591 590 589 589 588 588 587 587 586 586 447 446 446 445 444 444 443 443 442 441 441 440 439 438 462 461 460 460 459 458 457 457 456 455 454 453 453 452 451 450 449 448 447 446 446 445 444 443 442 441 440 439 438 448 447 446 444 443 442 441 440 439 438 436 435 434 433 431 430 429 428 428 428 428 428 428
599 598 598 597 597 597 596 596 595 595 594 594 593 593 592 592 591 591 590 590 589 589 588 587 587 586 586 585 447 446 445 445 444 443 443 442 442 441 440 439 439 438 437 461 460 459 458 458 457 456 455 455 454 453 452 451 450 450 449 448 447 446 445 444 443 442 441 440 439 438 437 447 446 445 444 443 442 441 439 438 437 436 435 433 432 431 429 428 428 428 428 428 428 428
598 598 598 597 597 596 596 595 595 594 594 593 593 592 592 591 591 590 590 589 589 588 588 587 587 586 585 447 446 446 445 444 444 443 442 442 441 440 440 439 438 438 437 436 436 459 458 457 457 456 455 454 453 453 452 451 450 449 448 447 447 446 445 444 443 442 441 440 439 438 437 447 446 445 443 442 441 440 439 438 437 435 434 433 431 430 429 428 428 428 428 428 428 428
598 598 597 597 596 596 595 595 595 594 594 593 593 592 592 591 591 590 590 589 588 588 587 587 586 586 585 446 446 445 445 444 443 443 442 441 441 440 439 439 438 437 437 436 435 434 434 457 456 455 455 454 453 452 451 450 450 449 448 447 446 445 444 443 442 441 440 439 438 437 436 446 445 444 443 442 441 440 438 437 436 435 434 432 431 430 428 428 428 428 428 428 428 428
598 597 597 596 596 596 595 595 594 594 593 593 592 592 591 591 590 590 589 589 588 588 587 586 586 585 585 446 445 445 444 444 443 442 442 441 440 440 439 438 438 437 436 436 435 434 433 433 456 455 454 453 453 452 451 450 449 448 447 447 446 445 444 443 442 441 440 439 438 437 436 446 445 444 443 441 440 439 438 437 435 434 433 432 430 429 428 428 428 428 428 428 428 428
597 597 597 596 596 595 595 594 594 593 593 592 592 591 591 590 590 589 589 588 588 587 587 586 585 585 584 446 445 444 444 443 443 442 441 441 440 439 439 438 437 437 436 435 434 434 433 432 431 431 454 453 452 451 450 450 449 448 447 446 445 444 443 442 441 440 439 438 437 436 435 445 444 443 442 441 440 439 437 436 435 434 432 431 430 428 428 428 428 428 428 428 428 428
597 597 596 596 595 595 594 594 593 593 593 592 592 591 591 590 589 589 588 588 587 587 586 586 585 585 446 445 445 444 443 443 442 442 441 440 440 439 438 438 437 436 435 435 434 433 432 432 431 430 429 429 452 451 450 449 448 447 447 446 445 444 443 442 441 440 439 438 437 436 435 445 444 443 442 440 439 438 437 436 434 433 432 431 429 428 428 428 428 428 428 428 428 428
597 596 596 595 595 594 594 594 593 593 592 592 591 591 590 590 589 589 588 588 587 586 586 585 585 584 446 445 444 444 443 442 442 441 441 440 439 439 438 437 436 436 435 434 434 433 432 431 430 430 429 428 427 426 450 449 448 447 446 445 444 443 442 441 440 440 439 438 436 435 434 444 443 442 441 440 439 438 436 435 434 433 431 430 429 428 428 428 428 428 428 428 428 428
596 596 595 595 595 594 594 593 593 592 592 591 591 590 590 589 589 588 588 587 587 586 585 585 584 584 445 445 444 443 443 442 441 441 440 439 439 438 437 437 436 435 435 434 433 432 432 431 430 429 428 428 427 426 425 448 447 447 446 445 444 443 442 441 440 439 438 437 436 435 434 444 443 442 440 439 438 437 436 435 433 432 431 429 428 428 428 428 428 428 428 428 428 428
596 596 595 595 594 594 593 593 592 592 591 591 590 590 589 589 588 588 587 587 586 586 585 585 584 445 445 444 444 443 442 442 441 440 440 439 438 438 437 436 436 435 434 433 433 432 431 430 430 429 428 427 426 426 425 424 423 446 445 444 443 442 441 441 440 439 438 437 435 434 433 443 442 441 440 439 438 436 435 434 433 431 430 429 428 428 428 428 428 428 428 428 428 428
596 595 595 594 594 593 593 592 592 592 591 591 590 590 589 589 588 587 587 586 586 585 585 584 584 445 444 444 443 443 442 441 441 440 439 439 438 437 437 436 435 434 434 433 432 432 431 430 429 428 428 427 426 425 424 423 422 422 421 444 443 442 441 440 439 438 437 436 435 434 433 443 442 441 439 438 437 436 435 433 432 431 430 428 428 428 428 428 428 428 428 428 428 428
595 595 594 594 593 593 593 592 592 591 591 590 590 589 589 588 588 587 587 586 585 585 584 584 583 445 444 443 443 442 441 441 440 440 439 438 438 437 436 435 435 434 433 433 432 431 430 430 429 428 427 426 425 425 424 423 422 421 420 419 418 441 440 440 439 438 437 436 434 433 432 442 441 440 439 438 437 435 434 433 432 430 429 428 428 428 428 428 428 428 428 428 428 428
595 594 594 594 593 593 592 592 591 591 590 590 589 589 588 588 587 587 586 586 585 584 584 583 445 444 444 443 442 442 441 440 440 439 438 438 437 436 436 435 434 434 433 432 431 431 430 429 428 427 427 426 425 424 423 422 422 421 420 419 418 417 416 439 438 437 436 435 434 433 432 442 441 439 438 437 436 435 434 432 431 430 428 428 428 428 428 428 428 428 428 428 428 428
594 594 594 593 593 592 592 591 591 590 590 589 589 588 588 587 587 586 586 585 585 584 583 583 444 444 443 443 442 441 441 440 439 439 438 437 437 436 435 435 434 433 432 432 431 430 429 429 428 427 426 425 425 424 423 422 421 420 419 418 417 416 416 415 414 437 436 434 433 432 431 441 440 439 438 437 435 434 433 432 430 429 428 428 428 428 428 428 428 428 428 428 428 428
594 594 593 593 592 592 591 591 590 590 589 589 588 588 587 587 586 586 585 585 584 584 583 583 444 443 443 442 441 441 440 440 439 438 438 437 436 436 435 434 433 433 432 431 430 430 429 428 427 427 426 425 424 423 422 421 421 420 419 418 417 416 415 414 413 412 411 434 433 432 442 441 440 438 437 436 435 434 432 431 430 429 428 428 428 428 428 428 428 428 428 428 428 428
594 593 593 592 592 591 591 591 590 590 589 589 588 588 587 587 586 585 585 584 584 583 583 582 443 443 442 442 441 440 440 439 439 438 437 437 436 435 434 434 433 432 432 431 430 429 428 428 427 426 425 424 424 423 422 421 420 419 418 417 416 415 414 413 412 411 410 409 408 431 430 440 439 438 437 435 434 433 432 431 429 428 428 428 428 428 428 428 428 428 428 428 428 428
593 593 592 592 592 591 591 590 590 589 589 588 588 587 587 586 586 585 584 584 583 583 582 444 443 442 442 441 441 440 439 439 438 437 437 436 435 435 434 433 433 432 431 430 430 429 428 427 426 426 425 424 423 422 421 420 420 419 418 417 416 415 414 413 412 411 410 409 408 407 406 440 438 437 436 435 434 432 431 430 429 428 428 428 428 428 428 428 428 428 428 428 428 428
593 592 592 592 591 591 590 590 589 589 588 588 587 587 586 586 585 585 584 584 583 582 582 443 443 442 441 441 440 440 439 438 438 437 436 436 435 434 434 433 432 431 431 430 429 428 428 427 426 425 424 423 423 422 421 420 419 418 417 416 415 414 413 412 411 410 409 408 407 406 405 415 414 437 435 434 433 432 431 429 428 428 428 428 428 428 428 428 428 428 428 428 428 428
592 592 592 591 591 590 590 589 589 588 588 587 587 586 586 585 585 584 584 583 583 582 581 443 442 442 441 440 440 439 438 438 437 437 436 435 434 434 433 432 432 431 430 429 429 428 427 426 425 425 424 423 422 421 420 419 419 418 417 416 415 414 413 412 411 410 409 408 407 406 404 414 413 412 411 434 432 431 430 429 428 428 428 428 428 428 428 428 428 428 428 428 428 428
592 592 591 591 590 590 589 589 588 588 587 587 586 586 585 585 584 584 583 583 582 582 443 442 442 441 441 440 439 439 438 437 437 436 435 435 434 433 433 432 431 430 430 429 428 427 427 426 425 424 423 422 422 421 420 419 418 417 416 415 414 413 412 411 410 409 408 407 406 405 404 414 413 411 410 409 408 431 429 428 428 428 428 428 428 428 428 428 428 428 428 428 428 428
592 591 591 590 590 589 589 588 588 587 587 586 586 585 585 584 584 583 583 582 582 581 443 442 441 441 440 439 439 438 438 437 436 436 435 434 434 433 432 431 431 430 429 428 428 427 426 425 424 424 423 422 421 420 419 418 418 417 416 415 414 413 412 411 410 409 408 407 406 404 403 413 412 411 410 408 407 406 405 428 428 428 428 428 428 428 428 428 428 428 428 428 428 428
591 591 590 590 589 589 589 588 588 587 587 586 586 585 585 584 583 583 582 582 581 581 442 441 441 440 440 439 438 438 437 436 436 435 434 434 433 432 432 431 430 429 429 428 427 426 426 425 424 423 422 421 421 420 419 418 417 416 415 414 413 412 411 410 409 408 407 406 405 404 403 413 411 410 409 408 407 405 404 404 404 428 428 428 428 428 428 428 428 428 428 428 428 428
591 590 590 589 589 589 588 588 587 587 586 586 585 585 584 584 583 582 582 581 581 442 442 441 440 440 439 439 438 437 437 436 435 435 434 433 433 432 431 430 430 429 428 427 427 426 425 424 423 423 422 421 420 419 418 417 416 416 415 414 413 412 411 410 409 408 407 405 404 403 402 412 411 410 408 407 406 405 404 404 404 404 404 404 428 428 428 428 428 428 428 428 428 428
590 590 590 589 589 588 588 587 587 586 586 585 585 584 584 583 583 582 581 581 580 442 441 441 440 439 439 438 437 437 436 436 435 434 433 433 432 431 431 430 429 428 428 427 426 425 425 424 423 422 421 420 419 419 418 417 416 415 414 413 412 411 410 409 408 407 406 405 404 403 401 411 410 409 408 406 405 404 404 404 404 404 404 404 404 404 428 428 428 428 428 428 428 428
590 590 589 589 588 588 587 587 586 586 585 585 584 584 583 583 582 582 581 580 580 441 441 440 439 439 438 438 437 436 436 435 434 434 433 432 432 431 430 429 429 428 427 426 426 425 424 423 422 422 421 420 419 418 417 416 415 414 413 412 412 411 409 408 407 406 405 404 403 402 401 411 409 408 407 406 405 404 404 404 404 404 404 404 404 404 404 404 428 428 428 428 428 428
590 589 589 588 588 587 587 586 586 585 585 584 584 583 583 582 582 581 581 580 441 441 440 440 439 438 438 437 437 436 435 435 434 433 433 432 431 430 430 429 428 427 427 426 425 424 423 423 422 421 420 419 418 418 417 416 415 414 413 412 411 410 409 408 407 406 405 404 402 401 400 410 409 408 406 405 404 404 404 404 404 404 404 404 404 404 404 404 404 404 404 428 428 428
589 589 588 588 587 587 586 586 585 585 584 584 583 583 582 582 581 581 580 579 441 440 440 439 439 438 437 437 436 435 435 434 433 433 432 431 431 430 429 428 428 427 426 425 425 424 423 422 421 420 420 419 418 417 416 415 414 413 412 411 410 409 408 407 406 405 404 403 402 401 400 409 408 407 406 404 404 404 404 404 404 404 404 404 404 404 404 404 404 404 404 404 404 428
589 588 588 587 587 586 586 585 585 584 584 583 583 582 582 581 581 580 580 579 440 440 439 439 438 437 437 436 436 435 434 434 433 432 432 431 430 429 429 428 427 426 426 425 424 423 422 422 421 420 419 418 417 416 415 415 414 413 412 411 410 409 408 407 406 405 403 402 401 400 399 409 408 406 405 404 404 404 404 404 404 404 404 404 404 404 404 404 404 404 404 404 404 404
588 588 587 587 586 586 585 585 584 584 583 583 582 582 581 581 580 580 579 441 440 439 439 438 438 437 436 436 435 434 434 433 432 432 431 430 430 429 428 427 427 426 425 424 423 423 422 421 420 419 418 418 417 416 415 414 413 412 411 410 409 408 407 406 405 404 403 402 401 399 398 408 407 406 404 404 404 404 404 404 404 404 404 404 404 404 404 404 404 404 404 404 404 404
588 587 587 586 586 585 585 584 584 583 583 582 582 581 581 580 580 579 579 440 439 439 438 438 437 436 436 435 435 434 433 433 432 431 430 430 429 428 428 427 426 425 425 424 423 422 421 420 420 419 418 417 416 415 414 413 412 411 411 410 409 407 406 405 404 403 402 401 400 399 398 407 406 405 404 404 404 404 404 404 404 404 404 404 404 404 404 404 404 404 404 404 404 404
587 587 586 586 585 585 584 584 583 583 582 582 581 581 580 580 579 579 578 440 439 438 438 437 437 436 435 435 434 433 433 432 431 431 430 429 429 428 427 426 426 425 424 423 422 422 421 420 419 418 417 416 416 415 414 413 412 411 410 409 408 407 406 405 404 403 401 400 399 398 397 407 405 404 404 404 404 404 404 404 404 404 404 404 404 404 404 404 404 404 404 404 404 404
587 586 586 585 585 584 584 584 583 583 582 581 581 580 580 579 579 578 440 439 438 438 437 437 436 435 435 434 434 433 432 432 431 430 429 429 428 427 427 426 425 424 423 423 422 421 420 419 418 418 417 416 415 414 413 412 411 410 409 408 407 406 405 404 403 402 401 400 399 397 396 406 405 404 404 404 404 404 404 404 404 404 404 404 404 404 404 404 404 404 404 404 404 404
586 586 585 585 584 584 584 583 583 582 582 581 580 580 579 579 578 578 439 439 438 437 437 436 436 435 434 434 433 432 432 431 430 430 429 428 427 427 426 425 424 424 423 422 421 420 420 419 418 417 416 415 414 413 413 412 411 410 409 408 407 406 405 403 402 401 400 399 398 397 395 405 404 404 404 404 404 404 404 404 404 404 404 404 404 404 404 404 404 404 404 404 404 404
586 585 585 584 584 584 583 583 582 582 581 580 580 579 579 578 578 439 439 438 437 437 436 436 435 434 434 433 432 432 431 430 430 429 428 428 427 426 425 425 424 423 422 421 421 420 419 418 417 416 416 415 414 413 412 411 410 409 408 407 406 405 404 403 402 401 399 398 397 396 395 405 404 404 404 404 404 404 404 404 404 404 404 404 404 404 404 404 404 404 404 404 404 404
585 585 584 584 584 583 583 582 582 581 581 580 579 579 578 578 577 439 438 438 437 436 436 435 434 434 433 433 432 431 431 430 429 428 428 427 426 426 425 424 423 423 422 421 420 419 418 418 417 416 415 414 413 412 411 410 409 408 407 406 405 404 403 402 401 400 399 398 396 395 394 404 404 404 404 404 404 404 404 404 404 404 404 404 404 404 404 404 404 404 404 404 404 404
585 584 584 584 583 583 582 582 581 581 580 579 579 578 578 577 577 438 438 437 436 436 435 435 434 433 433 432 431 431 430 429 429 428 427 426 426 425 424 423 423 422 421 420 420 419 418 417 416 415 414 413 413 412 411 410 409 408 407 406 405 404 403 401 400 399 398 397 396 395 393 404 404 404 404 404 404 404 404 404 404 404 404 404 404 404 404 404 404 404 404 404 404 404
