testData/tiles/oneDegree/grid43.0-30.0-44.0-31.0.asc
ncols   200
nrows   200
xllcorner   43.0
yllcorner   30.0
cellsize   0.005
NODATA_value   -9999.0
[rows 0 to 41 of 200, columns 94 to 187 of 200]
210 210 210 210 210 210 210 210 210 210 210 210 210 210 210 210 210 210 210 210 210 210 210 210 210 209 209 209 209 209 182 182 182 182 182 182 182 182 182 182 182 182 182 182 182 182 182 182 182 181 181 181 181 181 181 181 181 181 180 180 180 180 180 180 180 179 179 179 179 258 258 258 257 257 257 257 257 257 257 256 256 256 256 256 255 255 255 255 255 255 254 254 254 254
210 210 210 210 210 210 210 210 210 210 210 210 210 210 210 210 210 210 210 210 210 210 210 210 210 210 210 210 209 209 182 182 182 182 182 182 182 182 182 183 183 182 182 182 182 182 182 182 182 182 182 181 181 181 181 181 181 181 181 180 180 180 180 180 180 180 180 258 258 258 258 258 258 258 257 257 257 257 257 257 256 256 256 256 256 255 255 255 255 255 255 254 254 254
211 211 211 211 211 211 211 211 211 210 210 210 210 210 210 210 210 210 210 210 210 210 210 210 210 210 210 210 210 210 209 182 182 182 182 182 182 182 182 183 183 183 183 182 182 182 182 182 182 182 182 182 182 181 181 181 181 181 181 181 181 180 180 180 180 259 259 259 258 258 258 258 258 258 258 257 257 257 257 257 257 256 256 256 256 256 255 255 255 255 255 255 254 254
211 211 211 211 211 211 211 211 211 211 211 211 211 211 211 210 210 210 210 210 210 210 210 210 210 210 210 210 210 210 210 183 183 182 182 182 182 182 182 183 183 183 183 183 183 182 182 182 182 182 182 182 182 182 181 181 181 181 181 181 181 181 180 180 259 259 259 259 259 258 258 258 258 258 258 258 257 257 257 257 257 257 256 256 256 256 256 255 255 255 255 255 255 254
211 211 211 211 211 211 211 211 211 211 211 211 211 211 211 211 211 211 211 210 210 210 210 210 210 210 210 210 210 210 210 210 183 183 183 182 182 182 182 183 183 183 183 183 183 183 183 182 182 182 182 182 182 182 182 182 181 181 181 181 181 181 181 260 259 259 259 259 259 259 259 258 258 258 258 258 258 257 257 257 257 257 257 256 256 256 256 256 255 255 255 255 255 254
211 211 211 211 211 211 211 211 211 211 211 211 211 211 211 211 211 211 211 211 211 211 211 210 210 210 210 210 210 210 210 210 183 183 183 183 183 182 183 183 183 183 183 183 183 183 183 183 182 182 182 182 182 182 182 182 182 181 181 181 181 260 260 260 260 259 259 259 259 259 259 259 258 258 258 258 258 258 257 257 257 257 257 257 256 256 256 256 256 255 255 255 255 255
211 211 211 211 211 211 211 211 211 211 211 211 211 211 211 211 211 211 211 211 211 211 211 211 211 211 210 210 210 210 210 210 183 183 183 183 183 183 184 184 183 183 183 183 183 183 183 183 183 183 182 182 182 182 182 182 182 182 182 181 260 260 260 260 260 260 259 259 259 259 259 259 259 258 258 258 258 258 258 257 257 257 257 257 257 256 256 256 256 256 255 255 255 255
212 212 212 211 211 211 211 211 211 211 211 211 211 211 211 211 211 211 211 211 211 211 211 211 211 211 211 211 210 210 210 210 210 183 183 183 183 183 184 184 184 183 183 183 183 183 183 183 183 183 183 183 182 182 182 182 182 182 261 261 260 260 260 260 260 260 260 259 259 259 259 259 259 259 258 258 258 258 258 258 257 257 257 257 257 257 256 256 256 256 256 255 255 255
212 212 212 212 212 212 212 212 212 212 212 211 211 211 211 211 211 211 211 211 211 211 211 211 211 211 211 211 211 211 211 210 210 183 183 183 183 183 184 184 184 184 184 183 183 183 183 183 183 183 183 183 183 182 182 182 182 261 261 261 261 260 260 260 260 260 260 260 260 259 259 259 259 259 259 258 258 258 258 258 258 257 257 257 257 257 257 256 256 256 256 256 255 255
212 212 212 212 212 212 212 212 212 212 212 212 212 212 212 212 211 211 211 211 211 211 211 211 211 211 211 211 211 211 211 211 211 210 183 183 183 183 184 184 184 184 184 184 184 183 183 183 183 183 183 183 183 183 183 261 261 261 261 261 261 261 261 260 260 260 260 260 260 260 259 259 259 259 259 259 258 258 258 258 258 258 257 257 257 257 257 257 256 256 256 256 256 255
212 212 212 212 212 212 212 212 212 212 212 212 212 212 212 212 212 212 212 211 211 211 211 211 211 211 211 211 211 211 211 211 211 211 184 184 183 183 184 184 184 184 184 184 184 184 184 183 183 183 183 183 183 183 262 262 261 261 261 261 261 261 261 261 260 260 260 260 260 260 260 259 259 259 259 259 259 258 258 258 258 258 258 257 257 257 257 257 257 256 256 256 256 256
212 212 212 212 212 212 212 212 212 212 212 212 212 212 212 212 212 212 212 212 212 212 212 211 211 211 211 211 211 211 211 211 211 211 184 184 184 184 184 184 184 184 184 184 184 184 184 184 183 183 183 183 183 262 262 262 262 261 261 261 261 261 261 261 261 260 260 260 260 260 260 260 259 259 259 259 259 259 258 258 258 258 258 258 257 257 257 257 257 257 256 256 256 256
212 212 212 212 212 212 212 212 212 212 212 212 212 212 212 212 212 212 212 212 212 212 212 212 212 212 211 211 211 211 211 211 211 211 211 184 184 185 185 185 184 184 184 184 184 184 184 184 184 184 183 262 262 262 262 262 262 262 262 261 261 261 261 261 261 261 260 260 260 260 260 260 260 259 259 259 259 259 259 258 258 258 258 258 258 257 257 257 257 257 256 256 256 256
213 212 212 212 212 212 212 212 212 212 212 212 212 212 212 212 212 212 212 212 212 212 212 212 212 212 212 212 211 211 211 211 211 211 211 184 184 185 185 185 185 184 184 184 184 184 184 184 184 184 263 262 262 262 262 262 262 262 262 262 261 261 261 261 261 261 261 260 260 260 260 260 260 260 259 259 259 259 259 259 258 258 258 258 258 258 257 257 257 257 257 256 256 256
213 213 213 213 213 213 213 213 213 213 212 212 212 212 212 212 212 212 212 212 212 212 212 212 212 212 212 212 212 212 212 211 211 211 211 211 184 185 185 185 185 185 185 184 184 184 184 184 184 263 263 263 263 262 262 262 262 262 262 262 262 261 261 261 261 261 261 261 261 260 260 260 260 260 260 259 259 259 259 259 259 258 258 258 258 258 258 257 257 257 257 257 256 256
213 213 213 213 213 213 213 213 213 213 213 213 213 213 212 212 212 212 212 212 212 212 212 212 212 212 212 212 212 212 212 212 212 211 211 211 184 185 185 185 185 185 185 185 185 184 184 184 263 263 263 263 263 263 262 262 262 262 262 262 262 262 261 261 261 261 261 261 261 261 260 260 260 260 260 260 259 259 259 259 259 259 258 258 258 258 258 258 257 257 257 257 257 256
213 213 213 213 213 213 213 213 213 213 213 213 213 213 213 213 213 213 212 212 212 212 212 212 212 212 212 212 212 212 212 212 212 212 212 211 184 185 185 185 185 185 185 185 185 185 263 263 263 263 263 263 263 263 263 263 262 262 262 262 262 262 262 262 261 261 261 261 261 261 261 260 260 260 260 260 260 259 259 259 259 259 259 258 258 258 258 258 258 257 257 257 257 257
213 213 213 213 213 213 213 213 213 213 213 213 213 213 213 213 213 213 213 213 213 213 212 212 212 212 212 212 212 212 212 212 212 212 212 212 212 185 185 185 185 185 185 185 185 264 264 264 263 263 263 263 263 263 263 263 263 262 262 262 262 262 262 262 262 261 261 261 261 261 261 261 260 260 260 260 260 260 259 259 259 259 259 259 258 258 258 258 258 257 257 257 257 257
213 213 213 213 213 213 213 213 213 213 213 213 213 213 213 213 213 213 213 213 213 213 213 213 212 212 212 212 212 212 212 212 212 212 212 212 212 186 186 185 185 185 185 185 264 264 264 264 264 263 263 263 263 263 263 263 263 263 262 262 262 262 262 262 262 262 261 261 261 261 261 261 261 260 260 260 260 260 260 259 259 259 259 259 259 258 258 258 258 258 257 257 257 257
213 213 213 213 213 213 213 213 213 213 213 213 213 213 213 213 213 213 213 213 213 213 213 213 213 213 213 212 212 212 212 212 212 212 212 212 212 186 186 186 186 185 185 264 264 264 264 264 264 264 264 263 263 263 263 263 263 263 263 262 262 262 262 262 262 262 262 261 261 261 261 261 261 261 260 260 260 260 260 260 259 259 259 259 259 259 258 258 258 258 258 257 257 257
214 214 214 214 214 213 213 213 213 213 213 213 213 213 213 213 213 213 213 213 213 213 213 213 213 213 213 213 213 212 212 212 212 212 212 212 213 213 186 186 186 265 264 264 264 264 264 264 264 264 264 264 263 263 263 263 263 263 263 263 263 262 262 262 262 262 262 262 261 261 261 261 261 261 261 260 260 260 260 260 260 259 259 259 259 259 259 258 258 258 258 258 257 257
214 214 214 214 214 214 214 214 214 214 214 213 213 213 213 213 213 213 213 213 213 213 213 213 213 213 213 213 213 213 213 212 212 212 212 212 213 213 186 186 265 265 265 265 264 264 264 264 264 264 264 264 264 263 263 263 263 263 263 263 263 263 262 262 262 262 262 262 262 261 261 261 261 261 261 261 260 260 260 260 260 260 259 259 259 259 259 258 258 258 258 258 258 257
214 214 214 214 214 214 214 214 214 214 214 214 214 214 214 213 213 213 213 213 213 213 213 213 213 213 213 213 213 213 213 213 213 212 212 212 213 213 186 265 265 265 265 265 265 264 264 264 264 264 264 264 264 264 264 263 263 263 263 263 263 263 263 262 262 262 262 262 262 262 261 261 261 261 261 261 261 260 260 260 260 260 260 259 259 259 259 259 258 258 258 258 258 257
214 214 214 214 214 214 214 214 214 214 214 214 214 214 214 214 214 214 214 213 213 213 213 213 213 213 213 213 213 213 213 213 213 213 213 212 213 213 292 265 265 265 265 265 265 265 265 264 264 264 264 264 264 264 264 264 263 263 263 263 263 263 263 263 262 262 262 262 262 262 262 261 261 261 261 261 261 261 260 260 260 260 260 259 259 259 259 259 259 258 258 258 258 258
214 214 214 214 214 214 214 214 214 214 214 214 214 214 214 214 214 214 214 214 214 214 213 213 213 213 213 213 213 213 213 213 213 213 213 213 214 292 292 265 265 265 265 265 265 265 265 265 264 264 264 264 264 264 264 264 264 263 263 263 263 263 263 263 263 262 262 262 262 262 262 262 261 261 261 261 261 261 260 260 260 260 260 260 259 259 259 259 259 259 258 258 258 258
214 214 214 214 214 214 214 214 214 214 214 214 214 214 214 214 214 214 214 214 214 214 214 214 213 213 213 213 213 213 213 213 213 213 213 213 293 293 293 292 265 265 265 265 265 265 265 265 265 264 264 264 264 264 264 264 264 264 263 263 263 263 263 263 263 263 262 262 262 262 262 262 262 261 261 261 261 261 261 260 260 260 260 260 260 259 259 259 259 259 259 258 258 258
214 214 214 214 214 214 214 214 214 214 214 214 214 214 214 214 214 214 214 214 214 214 214 214 214 214 214 213 213 213 213 213 213 213 213 292 293 293 293 293 265 265 265 265 265 265 265 265 265 265 265 264 264 264 264 264 264 264 264 263 263 263 263 263 263 263 263 262 262 262 262 262 262 262 261 261 261 261 261 261 260 260 260 260 260 260 259 259 259 259 259 258 258 258
215 215 215 214 214 214 214 214 214 214 214 214 214 214 214 214 214 214 214 214 214 214 214 214 214 214 214 214 214 213 213 213 213 213 292 292 293 293 293 293 266 266 265 265 265 265 265 265 265 265 265 265 264 264 264 264 264 264 264 264 264 263 263 263 263 263 263 263 262 262 262 262 262 262 262 261 261 261 261 261 261 260 260 260 260 260 260 259 259 259 259 259 258 258
215 215 215 215 215 215 215 215 215 215 214 214 214 214 214 214 214 214 214 214 214 214 214 214 214 214 214 214 214 214 214 213 292 292 292 292 293 293 293 293 293 266 266 265 265 265 265 265 265 265 265 265 265 264 264 264 264 264 264 264 264 264 263 263 263 263 263 263 263 262 262 262 262 262 262 262 261 261 261 261 261 261 260 260 260 260 260 259 259 259 259 259 259 258
215 215 215 215 215 215 215 215 215 215 215 215 215 215 214 214 214 214 214 214 214 214 214 214 214 214 214 214 214 214 214 293 293 292 292 292 293 293 293 293 293 266 266 266 266 265 265 265 265 265 265 265 265 265 264 264 264 264 264 264 264 264 264 263 263 263 263 263 263 263 262 262 262 262 262 262 261 261 261 261 261 261 261 260 260 260 260 260 259 259 259 259 259 258
215 215 215 215 215 215 215 215 215 215 215 215 215 215 215 215 215 214 214 214 214 214 214 214 214 214 214 214 214 214 293 293 293 293 292 293 293 293 293 293 293 266 266 266 266 266 265 265 265 265 265 265 265 265 265 265 264 264 264 264 264 264 264 264 263 263 263 263 263 263 263 262 262 262 262 262 262 261 261 261 261 261 261 260 260 260 260 260 260 259 259 259 259 259
215 215 215 215 215 215 215 215 215 215 215 215 215 215 215 215 215 215 215 215 214 214 214 214 214 214 214 214 214 293 293 293 293 293 293 294 293 293 293 293 293 293 266 266 266 266 266 265 265 265 265 265 265 265 265 265 265 264 264 264 264 264 264 264 264 263 263 263 263 263 263 263 262 262 262 262 262 262 261 261 261 261 261 261 260 260 260 260 260 260 259 259 259 259
215 215 215 215 215 215 215 215 215 215 215 215 215 215 215 215 215 215 215 215 215 215 215 214 214 214 214 214 293 293 293 293 293 293 293 294 294 294 293 293 293 293 266 266 266 266 266 266 266 265 265 265 265 265 265 265 265 265 264 264 264 264 264 264 264 263 263 263 263 263 263 263 262 262 262 262 262 262 262 261 261 261 261 261 261 260 260 260 260 260 259 259 259 259
215 215 215 215 215 215 215 215 215 215 215 215 215 215 215 215 215 215 215 215 215 215 215 215 215 214 214 293 293 293 293 293 293 293 293 294 294 294 294 293 293 293 266 266 266 266 266 266 266 266 265 265 265 265 265 265 265 265 265 264 264 264 264 264 264 264 263 263 263 263 263 263 263 262 262 262 262 262 262 262 261 261 261 261 261 260 260 260 260 260 260 259 259 259
215 215 215 215 215 215 215 215 215 215 215 215 215 215 215 215 215 215 215 215 215 215 215 215 215 215 294 293 293 293 293 293 293 293 293 294 294 294 294 294 294 293 293 266 266 266 266 266 266 266 266 265 265 265 265 265 265 265 265 265 264 264 264 264 264 264 264 263 263 263 263 263 263 263 262 262 262 262 262 262 261 261 261 261 261 261 260 260 260 260 260 260 259 259
216 216 216 215 215 215 215 215 215 215 215 215 215 215 215 215 215 215 215 215 215 215 215 215 215 294 294 294 294 293 293 293 293 293 293 294 294 294 294 294 294 294 293 266 266 266 266 266 266 266 266 266 265 265 265 265 265 265 265 265 265 264 264 264 264 264 264 264 263 263 263 263 263 263 263 262 262 262 262 262 262 261 261 261 261 261 261 260 260 260 260 260 259 259
216 216 216 216 216 216 216 216 216 215 215 215 215 215 215 215 215 215 215 215 215 215 215 215 294 294 294 294 294 294 294 293 293 293 293 294 294 294 294 294 294 294 294 266 266 266 266 266 266 266 266 266 266 265 265 265 265 265 265 265 265 265 264 264 264 264 264 264 264 263 263 263 263 263 263 263 262 262 262 262 262 262 261 261 261 261 261 261 260 260 260 260 260 259
216 216 216 216 216 216 216 216 216 216 216 216 216 215 215 215 215 215 215 215 215 215 215 294 294 294 294 294 294 294 294 294 293 293 293 294 294 294 294 294 294 294 294 294 267 266 266 266 266 266 266 266 266 266 265 265 265 265 265 265 265 265 265 264 264 264 264 264 264 264 263 263 263 263 263 263 262 262 262 262 262 262 262 261 261 261 261 261 260 260 260 260 260 259
216 216 216 216 216 216 216 216 216 216 216 216 216 216 216 216 215 215 215 215 215 215 294 294 294 294 294 294 294 294 294 294 294 294 293 294 294 294 294 294 294 294 294 294 267 267 266 266 266 266 266 266 266 266 266 265 265 265 265 265 265 265 265 264 264 264 264 264 264 264 264 263 263 263 263 263 263 262 262 262 262 262 262 261 261 261 261 261 261 260 260 260 260 260
216 216 216 216 216 216 216 216 216 216 216 216 216 216 216 216 216 216 216 215 215 294 294 294 294 294 294 294 294 294 294 294 294 294 294 294 294 294 294 294 294 294 294 294 267 267 267 266 266 266 266 266 266 266 266 266 265 265 265 265 265 265 265 265 264 264 264 264 264 264 264 263 263 263 263 263 263 263 262 262 262 262 262 262 261 261 261 261 261 260 260 260 260 260
216 216 216 216 216 216 216 216 216 216 216 216 216 216 216 216 216 216 216 216 295 294 294 294 294 294 294 294 294 294 294 294 294 294 294 295 295 294 294 294 294 294 294 294 267 267 267 267 266 266 266 266 266 266 266 266 266 265 265 265 265 265 265 265 265 264 264 264 264 264 264 264 263 263 263 263 263 263 263 262 262 262 262 262 262 261 261 261 261 261 260 260 260 260
216 216 216 216 216 216 216 216 216 216 216 216 216 216 216 216 216 216 216 295 295 295 295 294 294 294 294 294 294 294 294 294 294 294 294 295 295 295 294 294 294 294 294 294 294 267 267 267 267 266 266 266 266 266 266 266 266 266 265 265 265 265 265 265 265 265 264 264 264 264 264 264 264 263 263 263 263 263 263 262 262 262 262 262 262 261 261 261 261 261 261 260 260 260
