testData/tiles/oneDegree/grid4.0-14.0-5.0-15.0.asc
ncols   200
nrows   200
xllcorner   4.0
yllcorner   14.0
cellsize   0.005
NODATA_value   -9999.0
[rows 0 to 41 of 200, columns 0 to 93 of 200]
486 486 486 486 486 486 486 486 486 486 486 486 486 486 486 486 486 486 428 428 428 428 428 428 428 428 428 428 429 429 430 430 431 431 432 432 432 433 433 434 434 434 435 435 435 436 436 436 437 325 325 326 326 326 327 327 327 327 328 328 328 328 329 329 329 329 329 330 330 330 330 330 331 331 331 331 331 331 331 332 332 332 332 332 332 332 332 335 335 336 336 336 336 336
486 486 486 486 486 486 486 486 486 486 486 486 486 486 486 486 486 486 428 428 428 428 428 428 428 428 428 428 429 429 430 430 431 431 432 432 432 433 433 434 434 434 435 435 435 436 436 436 325 325 325 326 326 326 327 327 327 327 328 328 328 328 329 329 329 329 329 330 330 330 330 330 331 331 331 331 331 331 331 332 332 332 332 332 332 332 335 335 335 336 336 336 336 336
486 486 486 486 486 486 486 486 486 486 486 486 486 486 486 486 486 428 428 428 428 428 428 428 428 428 428 428 429 429 430 430 431 431 432 432 432 433 433 434 434 434 435 435 436 436 436 437 325 325 325 326 326 326 327 327 327 327 328 328 328 328 329 329 329 329 330 330 330 330 330 330 331 331 331 331 331 331 332 332 332 332 332 332 332 332 335 335 336 336 336 336 336 336
486 486 486 486 486 486 486 486 486 486 486 486 486 486 486 486 486 428 428 428 428 428 428 428 428 428 428 428 429 429 430 430 431 431 432 432 433 433 433 434 434 434 435 435 436 436 436 325 325 325 326 326 326 326 327 327 327 328 328 328 328 328 329 329 329 329 330 330 330 330 330 330 331 331 331 331 331 331 332 332 332 332 332 332 332 335 335 336 336 336 336 336 336 336
486 486 486 486 486 486 486 486 486 486 486 486 486 486 486 486 428 428 428 428 428 428 428 428 428 428 428 429 429 429 430 430 431 431 432 432 433 433 433 434 434 435 435 435 436 436 436 325 325 325 326 326 326 326 327 327 327 328 328 328 328 329 329 329 329 329 330 330 330 330 330 331 331 331 331 331 331 331 332 332 332 332 332 332 332 335 335 336 336 336 336 336 336 336
486 486 486 486 486 486 486 486 486 486 486 486 486 486 486 486 428 428 428 428 428 428 428 428 428 428 428 429 429 430 430 430 431 431 432 432 433 433 433 434 434 435 435 435 436 436 436 325 325 325 326 326 326 327 327 327 327 328 328 328 328 329 329 329 329 329 330 330 330 330 330 331 331 331 331 331 331 332 332 332 332 332 332 332 335 335 336 336 336 336 336 336 336 336
486 486 486 486 486 486 486 486 486 486 486 486 486 486 486 486 428 428 428 428 428 428 428 428 428 428 428 429 429 430 430 431 431 431 432 432 433 433 433 434 434 435 435 435 436 436 324 325 325 325 326 326 326 327 327 327 327 328 328 328 328 329 329 329 329 329 330 330 330 330 330 331 331 331 331 331 331 332 332 332 332 332 332 332 335 335 336 336 336 336 336 336 336 336
486 486 486 486 486 486 486 486 486 486 486 486 486 486 486 428 428 428 428 428 428 428 428 428 428 428 428 429 429 430 430 431 431 431 432 432 433 433 434 434 434 435 435 435 436 436 324 325 325 325 326 326 326 327 327 327 327 328 328 328 328 329 329 329 329 330 330 330 330 330 330 331 331 331 331 331 331 332 332 332 332 332 332 335 335 335 336 336 336 336 336 336 336 336
486 486 486 486 486 486 486 486 486 486 486 486 486 486 486 428 428 428 428 428 428 428 428 428 428 428 428 429 429 430 430 431 431 431 432 432 433 433 434 434 434 435 435 435 436 324 324 325 325 325 326 326 326 327 327 327 327 328 328 328 328 329 329 329 329 330 330 330 330 330 331 331 331 331 331 331 331 332 332 332 332 332 332 335 335 336 336 336 336 336 336 336 336 336
486 486 486 486 486 486 486 486 486 486 486 486 486 486 428 428 428 428 428 428 428 428 428 428 428 428 428 429 429 430 430 431 431 432 432 432 433 433 434 434 434 435 435 435 436 324 324 325 325 325 326 326 326 327 327 327 327 328 328 328 328 329 329 329 329 330 330 330 330 330 331 331 331 331 331 331 332 332 332 332 332 332 335 335 335 336 336 336 336 336 336 336 336 336
486 486 486 486 486 486 486 486 486 486 486 486 486 486 428 428 428 428 428 428 428 428 428 428 428 428 428 429 429 430 430 431 431 432 432 432 433 433 434 434 434 435 435 435 324 324 325 325 325 325 326 326 326 327 327 327 328 328 328 328 329 329 329 329 329 330 330 330 330 330 331 331 331 331 331 331 332 332 332 332 332 335 335 335 335 336 336 336 336 336 336 336 336 336
486 486 486 486 486 486 486 486 486 486 486 486 486 486 428 428 428 428 428 428 428 428 428 428 428 428 428 429 429 430 430 431 431 432 432 432 433 433 434 434 434 435 435 436 324 324 325 325 325 326 326 326 326 327 327 327 328 328 328 328 329 329 329 329 329 330 330 330 330 330 331 331 331 331 331 331 332 332 332 332 332 335 335 335 336 336 336 336 336 336 336 336 336 336
486 486 486 486 486 486 486 486 486 486 486 486 486 428 428 428 428 428 428 428 428 428 428 428 428 428 428 429 429 430 430 431 431 432 432 432 433 433 434 434 434 435 435 324 324 324 325 325 325 326 326 326 326 327 327 327 328 328 328 328 329 329 329 329 329 330 330 330 330 330 331 331 331 331 331 331 332 332 332 332 335 335 335 335 336 336 336 336 336 336 336 336 336 336
486 486 486 486 486 486 486 486 486 486 486 486 486 428 428 428 428 428 428 428 428 428 428 428 428 428 428 429 429 430 430 431 431 432 432 432 433 433 434 434 434 435 435 324 324 324 325 325 325 326 326 326 326 327 327 327 328 328 328 328 329 329 329 329 329 330 330 330 330 330 331 331 331 331 331 331 332 332 332 332 335 335 335 335 336 336 336 336 336 336 336 336 336 336
486 486 486 486 486 486 486 486 486 486 486 486 428 428 428 428 428 428 428 428 428 428 428 428 428 428 428 429 429 430 430 431 431 432 432 433 433 433 434 434 434 435 323 324 324 324 325 325 325 326 326 326 326 327 327 327 328 328 328 328 329 329 329 329 329 330 330 330 330 330 331 331 331 331 331 331 332 332 332 335 335 335 335 335 336 336 336 336 336 336 336 336 336 336
486 486 486 486 486 486 486 486 486 486 486 486 428 428 428 428 428 428 428 428 428 428 428 428 428 428 428 429 429 430 430 431 431 432 432 433 433 433 434 434 435 435 323 324 324 324 325 325 325 326 326 326 326 327 327 327 328 328 328 328 329 329 329 329 330 330 330 330 330 330 331 331 331 331 331 331 332 332 332 335 335 335 335 335 336 336 336 336 336 336 336 336 336 336
486 486 486 486 486 486 486 486 486 486 486 486 428 428 428 428 428 428 428 428 428 428 428 428 428 428 428 429 429 430 430 431 431 432 432 433 433 433 434 434 435 323 323 324 324 324 325 325 325 326 326 326 327 327 327 327 328 328 328 328 329 329 329 329 330 330 330 330 330 331 331 331 331 331 331 332 332 332 332 335 335 335 335 336 336 336 336 336 336 336 336 336 336 336
486 486 486 486 486 486 486 486 486 486 486 428 428 428 428 428 428 428 428 428 428 428 428 428 428 428 428 429 429 430 430 431 431 432 432 433 433 433 434 434 435 323 323 324 324 324 325 325 325 326 326 326 327 327 327 327 328 328 328 328 329 329 329 329 330 330 330 330 330 331 331 331 331 331 331 332 332 332 335 335 335 335 335 336 336 336 336 336 336 336 336 336 336 336
486 486 486 486 486 486 486 486 486 486 486 428 428 428 428 428 428 428 428 428 428 428 428 428 428 428 428 429 429 430 430 431 431 432 432 433 433 433 434 434 323 323 323 324 324 324 325 325 325 326 326 326 327 327 327 327 328 328 328 328 329 329 329 329 330 330 330 330 330 331 331 331 331 331 331 332 332 332 335 335 335 335 335 336 336 336 336 336 336 336 336 336 336 336
486 486 486 486 486 486 486 486 486 486 428 428 428 428 428 428 428 428 428 428 428 428 428 428 428 428 428 429 429 430 430 431 431 432 432 433 433 433 434 434 323 323 323 324 324 324 325 325 325 326 326 326 327 327 327 327 328 328 328 328 329 329 329 329 330 330 330 330 330 331 331 331 331 331 331 332 332 335 335 335 335 335 335 336 336 336 336 336 336 336 336 336 336 336
486 486 486 486 486 486 486 486 486 486 428 428 428 428 428 428 428 428 428 428 428 428 428 428 428 428 428 429 429 430 430 431 431 432 432 433 433 433 434 322 323 323 323 324 324 324 325 325 325 326 326 326 327 327 327 327 328 328 328 328 329 329 329 329 330 330 330 330 330 331 331 331 331 331 331 332 332 335 335 335 335 335 335 336 336 336 336 336 336 336 336 336 336 336
486 486 486 486 486 486 486 486 486 428 428 428 428 428 428 428 428 428 428 428 428 428 428 428 428 428 428 429 429 430 430 431 431 432 432 433 433 433 434 322 323 323 323 324 324 324 325 325 325 326 326 326 327 327 327 327 328 328 328 328 329 329 329 329 330 330 330 330 330 331 331 331 331 331 331 332 335 335 335 335 335 335 335 336 336 336 336 336 336 336 336 336 336 336
486 486 486 486 486 486 486 486 486 428 428 428 428 428 428 428 428 428 428 428 428 428 428 428 428 428 428 429 429 430 430 431 431 432 432 433 433 433 322 322 323 323 323 324 324 324 325 325 325 326 326 326 327 327 327 327 328 328 328 328 329 329 329 329 330 330 330 330 330 331 331 331 331 331 331 332 335 335 335 335 335 335 335 336 336 336 336 336 336 336 336 336 336 336
486 486 486 486 486 486 486 486 486 428 428 428 428 428 428 428 428 428 428 428 428 428 428 428 428 428 428 429 429 430 430 431 431 432 432 433 433 433 322 322 323 323 323 324 324 324 325 325 325 326 326 326 327 327 327 327 328 328 328 328 329 329 329 329 330 330 330 330 330 331 331 331 331 331 331 335 335 335 335 335 335 335 335 336 336 336 336 336 336 336 336 336 336 336
486 486 486 486 486 486 486 486 428 428 428 428 428 428 428 428 428 428 428 428 428 428 428 428 428 428 428 429 429 430 430 431 431 432 432 433 433 321 322 322 323 323 323 324 324 324 325 325 325 326 326 326 327 327 327 327 328 328 328 328 329 329 329 329 330 330 330 330 330 331 331 331 331 331 331 335 335 335 335 335 335 335 335 336 336 336 336 336 336 336 336 336 336 336
486 486 486 486 486 486 486 486 428 428 428 428 428 428 428 428 428 428 428 428 428 428 428 428 428 428 428 429 429 430 430 431 431 432 432 433 433 321 322 322 323 323 323 324 324 324 325 325 325 326 326 326 326 327 327 327 328 328 328 328 329 329 329 329 330 330 330 330 330 330 331 331 331 331 334 334 335 335 335 335 335 335 335 335 336 336 336 336 336 336 336 336 336 336
486 486 486 486 486 486 486 428 428 428 428 428 428 428 428 428 428 428 428 428 428 428 428 428 428 428 428 429 429 430 430 431 431 432 432 433 321 321 322 322 322 323 323 324 324 324 325 325 325 326 326 326 326 327 327 327 328 328 328 328 329 329 329 329 329 330 330 330 330 330 331 331 331 331 334 334 335 335 335 335 335 335 335 335 336 336 336 336 336 336 336 336 336 336
486 486 486 486 486 486 486 428 428 428 428 428 428 428 428 428 428 428 428 428 428 428 428 428 428 428 428 429 429 430 430 431 431 432 432 432 321 321 322 322 322 323 323 324 324 324 325 325 325 326 326 326 326 327 327 327 328 328 328 328 329 329 329 329 329 330 330 330 330 330 331 331 331 331 334 334 335 335 335 335 335 335 335 335 336 336 336 336 336 336 336 336 336 336
486 486 486 486 486 486 428 428 428 428 428 428 428 428 428 428 428 428 428 428 428 428 428 428 428 428 428 429 429 430 430 431 431 432 432 320 321 321 322 322 322 323 323 324 324 324 325 325 325 326 326 326 326 327 327 327 328 328 328 328 329 329 329 329 329 330 330 330 330 330 331 331 331 334 334 334 335 335 335 335 335 335 335 335 336 336 336 336 336 336 336 336 336 336
486 486 486 486 486 486 428 428 428 428 428 428 428 428 428 428 428 428 428 428 428 428 428 428 428 428 428 429 429 430 430 431 431 432 432 320 321 321 322 322 322 323 323 324 324 324 325 325 325 326 326 326 326 327 327 327 328 328 328 328 329 329 329 329 329 330 330 330 330 330 331 331 331 334 334 334 335 335 335 335 335 335 335 335 336 336 336 336 336 336 336 336 336 336
486 486 486 486 486 428 428 428 428 428 428 428 428 428 428 428 428 428 428 428 428 428 428 428 428 428 428 429 429 430 430 431 431 432 320 320 321 321 322 322 322 323 323 323 324 324 325 325 325 325 326 326 326 327 327 327 328 328 328 328 329 329 329 329 329 330 330 330 330 330 331 331 334 334 334 334 335 335 335 335 335 335 335 335 335 336 336 336 336 336 336 336 336 336
486 486 486 486 486 428 428 428 428 428 428 428 428 428 428 428 428 428 428 428 428 428 428 428 428 428 428 429 429 430 430 431 431 432 320 320 321 321 322 322 322 323 323 323 324 324 324 325 325 325 326 326 326 327 327 327 327 328 328 328 328 329 329 329 329 330 330 330 330 330 331 331 334 334 334 334 335 335 335 335 335 335 335 335 335 336 336 336 336 336 336 336 336 336
486 486 486 486 486 428 428 428 428 428 428 428 428 428 428 428 428 428 428 428 428 428 428 428 428 428 428 429 429 430 430 431 431 319 320 320 321 321 322 322 322 323 323 323 324 324 324 325 325 325 326 326 326 327 327 327 327 328 328 328 328 329 329 329 329 330 330 330 330 330 331 331 334 334 334 334 334 335 335 335 335 335 335 335 335 336 336 336 336 336 336 336 336 336
486 486 486 486 428 428 428 428 428 428 428 428 428 428 428 428 428 428 428 428 428 428 428 428 428 428 428 429 429 430 430 431 431 319 320 320 321 321 322 322 322 323 323 323 324 324 324 325 325 325 326 326 326 327 327 327 327 328 328 328 328 329 329 329 329 330 330 330 330 330 330 334 334 334 334 334 334 335 335 335 335 335 335 335 335 335 336 336 336 336 336 336 336 336
486 486 486 486 428 428 428 428 428 428 428 428 428 428 428 428 428 428 428 428 428 428 428 428 428 428 428 429 429 430 430 431 319 319 320 320 321 321 321 322 322 323 323 323 324 324 324 325 325 325 326 326 326 327 327 327 327 328 328 328 328 329 329 329 329 329 330 330 330 330 330 334 334 334 334 334 334 335 335 335 335 335 335 335 335 335 336 336 336 336 336 336 336 336
486 486 486 428 428 428 428 428 428 428 428 428 428 428 428 428 428 428 428 428 428 428 428 428 428 428 428 429 429 430 430 430 319 319 320 320 321 321 321 322 322 323 323 323 324 324 324 325 325 325 326 326 326 327 327 327 327 328 328 328 328 329 329 329 329 329 330 330 330 330 333 334 334 334 334 334 334 335 335 335 335 335 335 335 335 335 336 336 336 336 336 336 336 336
486 486 486 428 428 428 428 428 428 428 428 428 428 428 428 428 428 428 428 428 428 428 428 428 428 428 428 429 429 429 430 318 319 319 320 320 321 321 321 322 322 323 323 323 324 324 324 325 325 325 326 326 326 326 327 327 327 328 328 328 328 329 329 329 329 329 330 330 330 330 333 334 334 334 334 334 334 334 335 335 335 335 335 335 335 335 335 336 336 336 336 336 336 336
486 486 428 428 428 428 428 428 428 428 428 428 428 428 428 428 428 428 428 428 428 428 428 428 428 428 428 428 429 429 430 318 319 319 320 320 321 321 321 322 322 322 323 323 324 324 324 325 325 325 326 326 326 326 327 327 327 328 328 328 328 328 329 329 329 329 330 330 330 330 333 333 334 334 334 334 334 334 335 335 335 335 335 335 335 335 335 336 336 336 336 336 336 336
486 486 428 428 428 428 428 428 428 428 428 428 428 428 428 428 428 428 428 428 428 428 428 428 428 428 428 428 429 429 318 318 319 319 320 320 320 321 321 322 322 322 323 323 324 324 324 325 325 325 325 326 326 326 327 327 327 327 328 328 328 328 329 329 329 329 330 330 330 333 333 333 334 334 334 334 334 334 335 335 335 335 335 335 335 335 335 335 336 336 336 336 336 336
486 428 428 428 428 428 428 428 428 428 428 428 428 428 428 428 428 428 428 428 428 428 428 428 428 428 428 428 429 429 318 318 319 319 320 320 320 321 321 322 322 322 323 323 323 324 324 324 325 325 325 326 326 326 327 327 327 327 328 328 328 328 329 329 329 329 329 330 330 333 333 333 334 334 334 334 334 334 334 335 335 335 335 335 335 335 335 335 335 336 336 336 336 336
486 428 428 428 428 428 428 428 428 428 428 428 428 428 428 428 428 428 428 428 428 428 428 428 428 428 428 428 429 317 318 318 319 319 320 320 320 321 321 322 322 322 323 323 323 324 324 324 325 325 325 326 326 326 327 327 327 327 328 328 328 328 329 329 329 329 329 330 333 333 333 333 334 334 334 334 334 334 334 335 335 335 335 335 335 335 335 335 335 336 336 336 336 336
428 428 428 428 428 428 428 428 428 428 428 428 428 428 428 428 428 428 428 428 428 428 428 428 428 428 428 428 317 317 318 318 319 319 319 320 320 321 321 322 322 322 323 323 323 324 324 324 325 325 325 326 326 326 326 327 327 327 328 328 328 328 329 329 329 329 329 330 333 333 333 333 333 334 334 334 334 334 334 334 335 335 335 335 335 335 335 335 335 335 336 336 336 336
