testData/tiles/oneDegree/grid13.0-39.0-14.0-40.0.asc
ncols   200
nrows   200
xllcorner   13.0
yllcorner   39.0
cellsize   0.005
NODATA_value   -9999.0
[rows 42 to 83 of 200, columns 0 to 93 of 200]
231 231 231 231 231 230 230 230 230 230 230 230 229 229 229 230 230 230 229 229 229 229 229 230 229 229 229 229 229 229 228 228 229 229 229 228 228 228 228 227 227 228 228 228 227 227 227 227 226 226 227 227 227 227 227 227 227 227 228 229 230 231 231 232 232 233 234 234 235 237 237 238 239 239 240 241 241 242 243 244 245 245 246 247 247 248 249 249 251 251 252 253 253 254
231 231 231 231 231 231 230 230 230 230 230 230 230 229 230 230 230 230 230 229 229 229 229 230 230 229 229 229 229 229 228 228 229 229 229 228 228 228 228 228 227 228 228 228 227 227 227 227 227 226 227 227 227 227 227 227 227 227 228 229 230 231 231 232 232 233 234 234 236 237 237 238 239 239 240 241 241 242 243 244 245 245 246 247 247 248 249 250 251 252 252 253 253 254
231 231 231 231 231 231 230 230 230 230 230 230 230 229 230 230 230 230 230 229 229 229 230 230 230 229 229 229 229 229 228 229 229 229 229 228 228 228 228 228 228 228 228 228 227 227 227 227 227 227 227 227 227 227 227 227 227 227 229 229 230 231 231 232 232 233 234 235 236 237 237 238 239 239 240 241 241 243 243 244 245 245 246 247 247 248 249 250 251 252 252 253 253 254
231 231 231 231 231 231 230 230 230 230 230 230 230 230 230 230 230 230 230 229 229 229 230 230 230 229 229 229 229 229 228 229 229 229 229 228 228 228 228 228 228 228 228 228 228 227 227 227 227 227 227 227 227 227 227 227 227 227 229 229 230 231 231 232 232 233 234 235 236 237 237 238 239 239 240 241 242 243 243 244 245 245 246 247 247 248 250 250 251 252 252 253 253 254
231 231 231 231 231 231 231 230 230 230 230 230 230 231 230 230 230 230 230 230 229 230 230 230 230 229 229 229 229 229 230 229 229 229 229 229 228 228 228 229 228 228 228 228 228 227 227 227 228 227 227 227 227 227 227 227 227 228 229 229 230 231 231 232 232 233 235 235 236 237 237 238 239 239 240 241 242 243 243 244 245 245 246 247 247 249 250 250 251 251 252 253 253 254
231 231 231 231 231 231 231 230 230 230 230 230 231 231 230 230 230 230 230 230 229 230 230 230 230 230 229 229 229 229 230 229 229 229 229 229 228 228 229 229 229 228 228 228 228 227 227 228 228 227 227 227 227 227 227 227 228 228 229 229 230 231 231 232 232 233 235 235 236 237 237 238 239 239 240 242 242 243 243 244 245 245 246 247 248 249 250 250 251 251 252 253 253 254
231 231 231 231 231 231 231 230 230 230 230 230 231 231 230 230 230 230 230 230 230 230 230 230 230 230 229 229 229 230 230 229 229 229 229 229 228 228 229 229 229 228 228 228 228 227 227 228 228 228 227 227 227 227 227 227 228 228 229 229 230 231 231 232 232 234 235 235 236 237 237 238 239 239 241 241 242 243 243 244 245 245 246 247 248 249 250 250 251 251 252 253 253 255
231 231 231 231 231 231 231 231 230 230 230 231 231 231 230 230 230 230 230 230 231 230 230 230 230 230 229 229 229 230 230 229 229 229 229 229 228 229 229 229 229 228 228 228 228 228 228 228 228 228 227 227 227 227 227 228 228 228 229 229 230 231 231 232 233 234 235 235 236 237 237 238 239 239 241 241 242 243 243 244 245 245 246 248 248 249 250 250 251 251 252 253 253 255
232 231 231 231 231 231 231 231 230 230 230 231 231 231 231 230 230 230 230 231 231 230 230 230 230 230 229 229 230 230 230 230 229 229 229 229 229 229 229 229 229 228 228 228 228 228 228 228 228 228 227 227 227 227 227 228 228 228 229 229 230 230 231 232 233 234 235 235 236 237 237 238 239 240 241 241 242 243 243 244 245 245 247 248 248 249 249 250 251 251 252 253 254 255
232 231 231 231 231 231 231 231 230 230 231 231 231 231 231 230 230 230 230 231 231 230 230 230 230 230 230 229 230 230 230 230 229 229 229 229 230 229 229 229 229 229 228 228 228 229 228 228 228 228 227 227 227 227 228 228 228 228 229 229 230 230 231 233 233 234 235 235 236 237 237 238 239 240 241 241 242 243 243 244 245 245 247 248 248 249 249 250 251 251 252 254 254 255
232 231 231 231 231 231 231 231 231 230 231 231 231 231 231 230 230 230 231 231 231 230 230 230 230 230 230 230 230 230 230 230 229 229 229 229 230 229 229 229 229 229 228 228 228 229 228 228 228 228 227 227 227 227 228 228 228 228 228 229 230 230 231 233 233 234 235 235 236 237 237 238 239 240 241 241 242 243 243 244 245 246 247 247 248 249 249 250 251 251 253 254 254 255
232 232 231 231 231 231 231 231 231 231 231 231 231 231 231 231 230 230 231 231 231 231 230 230 230 230 230 230 230 230 230 230 229 229 229 230 230 229 229 229 229 229 228 228 229 229 228 228 228 228 228 227 227 228 228 228 228 228 228 229 230 230 232 233 233 234 235 235 236 236 237 239 239 240 241 241 242 243 243 244 246 246 247 247 248 249 249 250 251 251 253 254 254 255
232 232 231 231 231 231 231 231 231 231 231 231 231 231 231 231 230 230 231 231 231 231 230 230 230 230 231 230 230 230 230 230 230 229 229 230 230 229 229 229 229 229 228 228 229 229 229 228 228 228 228 227 228 228 228 228 228 228 228 229 230 231 232 233 233 234 235 235 236 236 238 239 239 240 241 241 242 243 243 244 245 246 247 247 248 249 249 250 251 252 253 253 254 255
232 232 231 231 231 231 231 231 231 232 231 231 231 231 231 231 230 231 231 231 231 231 230 230 230 230 231 231 230 230 230 230 230 229 230 230 230 230 229 229 229 229 228 229 229 229 229 228 228 228 228 227 228 228 228 228 228 228 228 229 230 231 232 233 233 234 234 235 236 236 238 239 239 240 241 241 242 242 243 245 245 246 247 247 248 249 249 250 251 252 253 253 254 255
232 232 232 231 231 231 231 231 232 232 231 231 231 231 231 231 230 231 231 231 231 231 230 230 230 231 231 231 230 230 230 230 230 229 230 230 230 230 229 229 229 229 229 229 229 229 229 228 228 228 228 228 228 228 228 228 228 228 228 229 231 231 232 232 233 234 234 235 236 237 238 239 239 240 241 241 242 242 244 245 245 246 247 247 248 249 249 250 251 252 253 253 254 255
232 232 232 231 231 231 231 231 232 232 231 231 231 231 231 231 232 231 231 231 231 231 230 230 230 231 231 231 230 230 230 230 230 230 230 230 230 230 229 229 229 229 230 229 229 229 229 228 228 228 228 228 228 228 228 228 228 228 228 229 231 231 232 232 233 234 234 235 236 237 238 239 239 240 240 241 242 242 244 245 245 246 247 247 248 248 249 251 251 252 253 253 254 255
232 232 232 231 231 231 231 232 232 232 231 231 231 231 231 231 232 231 231 231 231 231 231 230 231 231 231 231 230 230 230 230 230 230 230 230 230 230 229 229 229 229 230 229 229 229 229 228 228 228 229 228 228 228 228 228 228 228 228 230 230 231 232 232 233 234 234 235 237 237 238 238 239 240 240 241 242 243 244 245 245 246 246 247 248 248 250 251 251 252 253 253 254 254
232 232 232 231 231 231 231 232 232 232 232 231 231 231 231 232 232 231 231 231 231 231 231 230 231 231 231 231 230 230 230 230 231 231 230 230 230 230 229 229 229 230 230 229 229 229 229 228 228 228 229 229 228 228 228 228 228 228 228 230 230 231 232 232 233 234 234 236 236 237 238 238 239 240 240 241 243 243 244 244 245 246 246 247 248 248 250 251 251 252 252 253 254 254
232 232 232 232 231 231 232 232 232 232 232 231 231 231 231 232 232 231 231 231 231 231 231 231 231 231 231 231 231 230 230 230 231 231 230 230 230 230 230 229 229 230 230 229 229 229 229 229 228 229 229 229 228 228 228 228 228 228 229 230 230 231 232 232 233 233 234 236 236 237 238 238 239 240 240 241 242 243 244 244 245 246 246 247 248 249 250 250 251 252 252 253 254 254
232 232 232 232 231 231 232 232 232 232 232 231 231 231 232 232 232 231 231 231 231 231 231 231 231 231 231 231 231 230 230 230 231 231 230 230 230 230 230 229 230 230 230 229 229 229 229 229 228 229 229 229 228 228 228 228 228 228 229 230 230 231 232 232 233 233 235 236 236 237 238 238 239 239 240 242 242 243 244 244 245 246 246 247 248 249 250 250 251 252 252 253 254 254
232 232 232 232 231 231 232 232 232 232 232 231 231 231 232 232 232 232 231 231 231 231 231 232 231 231 231 231 231 230 230 231 231 231 230 230 230 230 230 229 230 230 230 229 229 229 229 229 229 229 229 229 228 228 228 228 228 229 229 230 230 231 231 232 233 233 235 236 236 237 237 238 239 239 240 242 242 243 244 244 245 245 246 247 248 249 250 250 251 252 252 253 253 255
232 232 232 232 231 232 232 232 232 232 232 231 231 231 232 232 232 232 231 231 231 231 232 232 231 231 231 231 231 230 230 231 231 231 230 230 230 230 230 230 230 230 230 230 229 229 229 229 229 229 229 229 228 228 228 228 229 229 229 229 230 231 231 232 233 234 235 235 236 237 237 238 239 239 241 242 242 243 243 244 245 245 246 248 248 249 250 250 251 251 252 253 254 255
232 232 232 232 232 232 232 232 232 232 232 232 231 232 232 232 232 232 231 231 231 231 232 232 231 231 231 231 231 230 231 231 231 231 230 230 230 230 230 230 230 230 230 230 229 229 229 230 229 229 229 229 228 228 228 228 229 229 229 229 230 231 231 232 232 234 235 235 236 237 237 238 239 239 241 241 242 243 243 244 245 245 246 247 248 249 249 250 251 251 252 253 254 255
232 232 232 232 232 232 232 232 232 232 232 232 231 232 232 232 232 232 231 231 231 232 232 232 231 231 231 231 231 230 231 231 231 231 231 230 230 230 231 230 230 230 230 230 229 229 229 230 229 229 229 229 228 228 228 229 229 229 229 229 230 230 231 232 233 234 235 235 236 237 237 238 238 240 241 241 242 243 243 244 244 245 247 247 248 249 249 250 251 251 252 253 254 255
232 232 232 232 233 232 232 232 232 232 232 232 232 232 232 232 232 232 231 231 231 232 232 232 231 231 231 231 231 232 231 231 231 231 231 230 230 230 231 231 230 230 230 230 229 229 230 230 229 229 229 229 229 228 228 229 229 229 229 229 230 230 231 232 233 234 235 235 236 236 237 238 238 240 241 241 242 242 243 244 244 246 247 247 248 249 249 250 250 251 253 253 254 255
232 232 232 232 233 232 232 232 232 232 232 232 232 232 232 232 232 232 232 231 232 232 232 232 231 231 231 231 231 232 231 231 231 231 231 230 230 231 231 231 230 230 230 230 229 229 230 230 230 229 229 229 229 228 228 229 229 229 229 229 230 230 231 233 233 234 234 235 236 236 237 238 239 240 240 241 242 242 243 244 244 246 246 247 248 248 249 250 250 251 253 253 254 254
232 232 232 233 233 233 232 232 232 232 232 232 232 232 232 232 232 232 232 231 232 232 232 232 232 231 231 231 232 232 231 231 231 231 231 230 230 231 231 231 230 230 230 230 229 230 230 230 230 229 229 229 229 228 229 229 229 229 229 229 230 230 231 232 233 234 234 235 236 236 237 238 239 240 240 241 242 242 243 243 245 246 246 247 248 248 249 249 250 252 252 253 254 254
232 232 232 233 233 233 232 232 232 232 232 233 233 232 232 232 232 232 232 231 232 232 232 232 232 231 231 231 232 232 231 231 231 231 231 230 230 231 231 231 230 230 230 230 229 230 230 230 230 229 229 229 229 228 229 229 229 229 229 229 229 230 232 232 233 234 234 235 235 236 237 238 239 240 240 241 241 242 243 243 245 246 246 247 247 248 249 249 250 252 252 253 253 254
232 232 232 233 233 233 232 232 232 232 232 233 233 232 232 232 232 232 232 232 232 232 232 232 232 231 231 231 232 232 231 231 231 231 231 230 231 231 231 231 230 230 230 230 230 230 230 230 230 229 229 229 229 229 229 229 229 229 229 229 229 230 232 232 233 233 234 235 235 236 238 238 239 239 240 241 241 242 243 244 245 245 246 247 247 248 249 249 251 251 252 253 253 254
232 232 233 233 233 233 232 232 232 232 232 233 233 232 232 232 232 232 232 232 232 232 232 232 232 231 231 232 232 232 231 231 231 231 231 230 231 231 231 231 230 230 230 230 231 230 230 230 230 229 229 229 229 229 229 229 229 229 229 229 229 231 231 232 233 233 234 235 235 236 237 238 239 239 240 241 241 242 242 244 245 245 246 247 247 248 248 249 251 251 252 253 253 254
232 232 233 233 233 233 232 232 232 232 233 233 233 232 232 232 232 232 232 232 232 232 232 232 232 231 231 232 232 232 231 231 231 231 231 231 231 231 231 231 230 230 230 230 231 230 230 230 230 229 229 229 230 229 229 229 229 229 229 229 229 231 231 232 233 233 234 234 235 237 237 238 239 239 240 240 241 242 243 244 245 245 246 246 247 248 248 250 250 251 252 252 253 254
232 232 233 233 233 233 232 232 232 232 233 233 233 232 232 232 232 232 233 232 232 232 232 232 232 231 231 232 232 232 232 231 231 231 231 232 231 231 231 231 230 230 230 231 231 230 230 230 230 229 229 229 230 229 229 229 229 229 229 229 230 231 231 232 232 233 234 234 235 237 237 238 238 239 240 240 241 242 243 244 244 245 246 246 247 247 249 250 250 251 252 252 253 253
232 233 233 233 233 233 233 232 232 232 233 233 233 232 232 232 232 232 233 233 232 232 232 232 232 231 232 232 232 232 232 231 231 231 232 232 231 231 231 231 230 230 230 231 231 230 230 230 230 229 229 230 230 229 229 229 229 229 229 229 230 230 231 232 232 233 234 234 236 236 237 238 238 239 239 240 241 242 243 244 244 245 245 246 247 247 249 250 250 251 251 252 253 253
232 233 233 233 233 233 233 232 232 233 233 233 233 232 232 232 232 233 233 233 232 232 232 232 232 231 232 232 232 232 232 231 231 231 232 232 231 231 231 231 231 230 231 231 231 230 230 230 230 229 229 230 230 229 229 229 229 229 229 230 230 230 231 231 232 233 233 234 236 236 237 237 238 239 239 240 241 242 243 243 244 245 245 246 247 248 249 249 250 251 251 252 252 253
232 233 233 233 233 233 233 232 232 233 233 233 233 233 232 232 232 233 233 233 232 232 232 232 232 233 232 232 232 232 232 231 231 231 232 232 231 231 231 231 231 230 231 231 231 230 230 230 230 229 229 230 230 230 229 229 229 229 229 230 230 230 231 231 232 233 233 234 235 236 237 237 238 239 239 240 241 242 243 243 244 244 245 246 246 248 249 249 250 250 251 252 252 253
233 233 233 233 233 233 233 232 232 233 233 233 233 233 232 232 232 233 233 233 232 232 232 232 232 233 232 232 232 232 232 231 231 232 232 232 231 231 231 231 231 230 231 231 231 230 230 230 230 230 230 230 230 230 229 229 229 229 229 230 230 230 231 231 232 232 233 235 235 236 237 237 238 238 239 240 241 242 242 243 244 244 245 246 247 248 248 249 250 250 251 251 252 254
233 233 233 233 233 233 233 232 233 233 233 233 233 233 232 232 233 233 233 233 232 232 232 232 232 233 232 232 232 232 232 231 231 232 232 232 231 231 231 231 231 231 231 231 231 230 230 230 230 230 230 230 230 230 229 229 229 229 230 230 230 230 230 231 232 232 233 235 235 236 236 237 238 238 239 240 241 242 242 243 244 244 245 245 247 248 248 249 249 250 251 251 252 253
233 233 233 233 233 233 233 232 233 233 233 233 233 233 232 232 233 233 233 233 232 232 232 232 233 233 232 232 232 232 232 231 231 232 232 232 231 231 231 231 231 231 231 231 231 230 230 230 230 231 230 230 230 230 229 229 229 229 230 230 230 230 230 231 231 232 234 234 235 236 236 237 237 238 239 240 241 241 242 243 243 244 245 246 247 247 248 249 249 250 250 251 253 253
233 233 233 233 233 233 233 232 233 233 233 233 233 233 232 232 233 233 233 233 232 232 232 232 233 233 232 232 232 232 232 231 232 232 232 232 231 231 231 231 231 231 231 231 231 230 230 230 230 231 230 230 230 230 229 229 229 230 230 230 230 230 230 231 231 232 234 234 235 235 236 237 237 238 239 240 241 241 242 243 243 244 244 246 247 247 248 248 249 250 250 251 252 253
233 233 233 233 233 233 233 233 233 233 233 233 233 233 232 233 233 233 233 233 232 232 232 232 233 233 232 232 232 232 232 231 232 232 232 232 231 231 231 231 232 231 231 231 231 230 230 230 231 231 230 230 230 230 229 229 229 230 230 230 230 230 230 231 231 233 233 234 235 235 236 236 237 238 239 240 240 241 242 242 243 244 245 246 246 247 248 248 249 249 250 252 252 253
233 233 233 233 233 233 233 233 233 233 233 233 233 233 232 233 233 233 233 233 232 232 232 233 233 233 232 232 232 232 232 231 232 232 232 232 231 231 231 231 232 231 231 231 231 231 230 230 231 231 230 230 230 230 229 229 230 230 230 230 230 230 230 230 231 233 233 234 234 235 236 236 237 238 239 240 240 241 242 242 243 243 245 246 246 247 247 248 249 249 250 251 252 253
233 233 233 233 233 233 233 234 233 233 233 233 233 233 232 233 233 233 233 233 232 232 232 233 233 233 232 232 232 232 232 232 232 232 232 232 231 231 231 232 232 231 231 231 231 231 230 230 231 231 230 230 230 230 229 229 230 230 230 230 230 230 230 230 232 232 233 234 234 235 235 236 237 238 239 239 240 241 241 242 243 244 245 245 246 247 247 248 248 249 251 251 252 252
