testData/tiles/oneDegree/grid48.0-33.0-49.0-34.0.asc
ncols   200
nrows   200
xllcorner   48.0
yllcorner   33.0
cellsize   0.005
NODATA_value   -9999.0
[rows 120 to 159 of 200, columns 91 to 181 of 200]
950 950 949 949 948 948 947 945 945 944 944 943 943 941 940 940 939 938 937 936 935 934 933 932 930 929 928 926 925 923 921 920 918 915 914 911 741 739 735 730 726 715 715 716 717 718 718 719 720 720 720 722 722 722 723 724 724 724 725 726 726 727 727 728 729 729 729 731 731 731 731 733 733 733 734 734 735 735 736 736 736 737 738 738 738 738 740 740 740 740 741
952 951 951 950 950 949 949 948 947 947 946 945 944 943 943 941 941 940 938 938 937 935 935 933 931 931 929 928 926 924 923 921 919 917 915 912 742 740 736 732 725 717 718 718 719 720 720 721 722 722 722 724 724 724 725 726 726 727 727 728 729 729 729 730 731 731 731 733 733 733 734 734 735 735 736 736 736 737 738 738 738 739 740 740 740 741 741 742 742 743 743
954 954 953 953 952 952 951 950 950 948 948 947 946 946 944 943 943 941 941 940 938 938 936 935 934 932 930 930 928 926 925 923 920 919 916 746 743 740 736 732 727 719 720 721 721 722 722 723 724 724 724 726 726 726 727 728 728 729 729 730 731 731 731 733 733 733 733 734 735 735 736 736 737 737 738 738 738 740 740 740 740 741 741 742 742 743 743 743 744 745 745
957 956 956 955 954 953 952 952 951 950 950 949 948 947 946 946 944 943 943 941 940 939 938 936 935 934 932 931 929 927 926 924 921 920 750 747 744 741 736 731 721 721 722 722 724 724 724 726 726 726 727 728 728 729 729 730 730 731 731 731 733 733 733 734 735 735 736 736 736 737 738 738 738 740 740 740 740 741 741 742 743 743 743 743 745 745 745 745 746 746 747
958 958 957 956 956 955 954 954 953 953 951 950 950 949 947 947 946 944 944 943 942 941 939 937 937 935 933 932 930 928 927 925 923 921 751 748 745 742 738 730 723 724 724 724 726 726 726 727 728 728 729 729 730 731 731 731 733 733 733 734 735 735 735 736 736 737 738 738 738 739 740 740 740 741 741 742 743 743 743 743 745 745 745 745 746 746 747 747 748 748 748
960 960 959 958 958 957 957 955 954 954 953 952 952 950 949 949 947 947 946 944 944 942 940 939 938 936 935 934 932 930 929 926 924 754 752 749 745 742 738 732 724 726 726 726 727 728 728 729 729 730 731 731 731 733 733 733 734 735 735 736 736 736 738 738 738 738 740 740 740 741 741 742 742 743 743 743 745 745 745 745 746 746 747 747 748 748 748 748 750 750 750
962 962 961 960 959 958 958 957 956 956 955 953 953 952 951 950 949 947 947 946 944 944 942 940 940 938 936 935 933 931 929 927 758 755 753 750 746 742 737 726 726 727 728 728 729 729 730 731 731 731 733 733 733 734 735 735 736 736 737 738 738 738 739 740 740 740 741 741 742 743 743 743 744 745 745 745 746 746 747 747 748 748 748 749 750 750 750 751 751 751 752
963 963 962 962 961 960 960 959 958 957 956 955 955 953 952 952 950 949 949 947 946 945 943 942 941 939 937 935 934 932 930 762 759 756 753 751 747 742 735 728 728 729 729 730 731 731 731 733 733 733 734 735 735 736 736 737 738 738 738 739 740 740 741 741 741 743 743 743 743 744 745 745 746 746 746 747 748 748 748 748 749 750 750 751 751 751 752 753 753 753 753
965 965 964 964 963 962 961 960 959 959 958 956 956 955 954 953 952 950 950 949 947 945 945 943 941 941 939 937 935 933 931 762 760 757 754 750 747 742 737 729 730 731 731 731 733 733 734 734 735 736 736 736 738 738 738 738 739 740 740 741 741 741 743 743 743 744 744 745 745 746 746 746 748 748 748 748 749 750 750 751 751 751 751 753 753 753 753 754 754 755 755
966 966 965 964 964 963 962 962 961 959 959 958 957 956 955 954 953 952 951 950 948 947 945 945 943 941 940 938 936 934 765 763 760 758 755 751 747 741 731 731 731 733 733 734 734 735 736 736 736 737 738 738 739 739 740 740 741 741 741 743 743 743 744 744 745 746 746 746 746 748 748 748 749 749 750 750 751 751 751 752 753 753 753 754 754 754 755 756 756 756 756
968 968 967 966 966 965 964 963 962 961 961 960 958 958 957 955 954 953 952 950 950 948 947 945 944 942 940 939 937 768 766 764 761 758 755 752 747 739 732 733 733 734 734 736 736 736 737 738 738 739 739 739 741 741 741 742 743 743 743 744 744 745 746 746 746 747 748 748 748 749 749 749 751 751 751 751 752 753 753 754 754 754 754 756 756 756 756 757 757 757 758
970 969 969 968 966 966 965 964 964 963 961 961 960 958 958 957 955 954 953 952 950 950 948 946 944 944 942 940 770 769 767 764 762 759 755 751 747 741 734 734 735 736 736 737 737 738 739 739 739 741 741 741 742 742 743 743 744 744 744 746 746 746 747 747 748 749 749 749 749 751 751 751 752 752 753 753 754 754 754 755 756 756 756 757 757 757 757 759 759 759 759
1118 970 969 969 968 967 967 966 964 964 963 962 961 960 959 957 957 955 954 953 952 950 948 948 946 944 943 941 772 769 768 765 762 759 756 751 745 734 736 736 736 737 738 738 739 739 740 741 741 742 742 743 744 744 744 744 746 746 746 747 747 748 749 749 749 750 751 751 751 752 752 752 754 754 754 754 755 755 756 757 757 757 757 758 759 759 759 760 760 760 760
1119 1119 971 970 970 968 967 967 966 965 964 963 962 962 960 959 957 957 955 954 953 952 950 948 947 945 943 774 773 770 768 765 763 760 756 751 744 736 737 737 738 739 739 739 740 741 741 742 742 743 744 744 744 745 746 746 747 747 747 749 749 749 750 750 751 752 752 752 752 753 754 754 755 755 755 756 757 757 757 757 758 758 759 760 760 760 760 761 762 762 762
1208 1119 1119 971 970 970 969 968 967 966 965 965 963 962 961 960 959 957 957 955 954 952 951 949 947 946 777 775 773 771 769 766 763 759 756 750 745 737 739 739 739 740 740 741 742 742 742 744 744 744 745 745 746 747 747 747 748 749 749 750 750 750 752 752 752 752 753 754 754 755 755 755 756 757 757 757 758 758 758 759 760 760 760 761 761 761 762 763 763 763 763
1209 1121 1120 1120 972 971 970 969 968 967 966 965 964 964 962 961 959 959 957 956 955 953 952 950 949 780 778 775 774 772 769 766 764 760 755 749 739 739 740 740 740 742 742 742 743 744 744 745 745 745 747 747 747 748 748 749 750 750 750 751 752 752 753 753 753 754 755 755 755 756 756 757 757 758 758 758 759 760 760 760 761 761 761 761 763 763 763 763 764 764 765
1210 1210 1122 1120 1120 972 971 970 970 968 967 967 965 964 963 962 961 959 959 957 955 954 953 951 949 780 779 777 774 772 770 767 763 759 755 748 740 740 741 742 742 743 743 744 745 745 745 746 747 747 748 748 748 750 750 750 751 751 752 753 753 753 753 755 755 755 756 756 756 758 758 758 758 759 759 760 761 761 761 761 762 763 763 763 764 764 764 764 766 766 766
1211 1210 1209 1122 1121 1120 1119 971 970 970 969 967 966 965 964 963 961 961 959 957 957 955 953 951 783 781 779 777 775 773 770 767 763 760 754 741 741 742 742 743 743 743 745 745 746 746 747 748 748 748 749 750 750 751 751 751 752 753 753 753 754 754 755 756 756 756 757 758 758 758 759 759 759 761 761 761 761 762 762 762 764 764 764 764 765 765 766 766 767 767 767
1212 1212 1211 1123 1122 1121 1120 1119 972 970 969 969 967 966 965 964 963 961 959 959 957 955 954 786 784 782 779 778 775 773 770 767 764 759 752 743 743 743 743 744 745 745 746 746 746 748 748 748 749 749 750 751 751 751 752 753 753 754 754 754 756 756 756 757 757 757 758 759 759 759 760 760 761 761 762 762 762 763 764 764 764 765 765 765 765 767 767 767 767 768 768
1213 1212 1211 1211 1123 1122 1122 1120 1119 971 971 969 968 966 966 965 963 962 961 959 957 957 788 786 784 783 780 778 775 773 771 767 763 758 752 744 744 744 745 746 746 746 747 748 748 749 749 749 751 751 751 752 752 753 754 754 754 755 755 756 757 757 757 757 759 759 759 760 760 760 762 762 762 762 763 763 764 764 765 765 765 766 766 767 767 768 768 768 768 769 770
1214 1214 1213 1212 1210 1123 1122 1121 1121 1119 971 970 969 968 966 965 964 963 961 960 959 957 788 786 785 783 781 778 776 774 770 767 762 757 745 745 745 746 746 746 747 747 748 749 749 750 750 751 752 752 752 753 754 754 755 755 755 756 757 757 757 758 758 759 760 760 760 761 761 762 762 763 763 763 764 765 765 765 766 766 766 766 768 768 768 768 769 769 769 770 771
1216 1214 1213 1212 1212 1124 1123 1122 1121 1120 1118 971 970 968 967 966 965 963 962 961 959 790 788 787 785 783 781 779 776 773 770 767 762 756 746 746 747 747 747 747 749 749 749 750 750 751 752 752 752 753 753 754 755 755 755 756 757 757 758 758 758 760 760 760 760 761 761 762 763 763 763 764 764 764 765 766 846 766 766 767 768 768 769 769 769 769 770 771 771 771 772
1216 1215 1215 1214 1213 1211 1124 1123 1122 1120 1120 1119 970 970 968 967 965 965 963 961 792 792 790 788 785 783 782 779 776 773 771 767 761 755 747 748 748 748 748 749 749 750 750 751 752 832 833 833 833 835 835 835 836 836 836 838 838 838 838 839 840 840 841 841 841 842 843 843 844 844 844 844 846 846 846 847 847 847 847 849 849 849 849 850 850 850 851 852 852 852 852
1217 1217 1215 1214 1213 1213 1212 1123 1123 1122 1120 1119 1119 970 969 967 967 965 963 795 794 792 790 788 786 784 782 779 776 774 770 766 840 828 829 829 829 829 830 830 830 831 831 832 833 833 833 834 835 835 836 836 836 837 838 838 839 839 839 841 841 841 842 842 842 843 844 844 844 845 845 846 847 847 847 847 848 848 849 849 850 850 850 851 851 852 852 853 853 853 853
1218 1217 1216 1215 1215 1213 1212 1125 1124 1122 1121 1121 1119 1118 969 969 967 965 797 796 794 792 870 868 867 864 862 859 857 854 850 845 838 830 830 830 830 831 831 831 831 831 833 833 834 834 834 836 836 836 837 837 837 839 839 839 840 840 841 841 842 842 842 843 844 844 845 845 845 845 846 847 847 848 848 848 848 850 850 850 851 851 851 851 853 853 853 853 854 854 854
1219 1218 1216 1216 1215 1214 1214 1212 1124 1123 1122 1121 1120 1118 1198 1049 1047 879 878 876 874 872 870 869 867 864 862 860 857 853 849 844 839 831 831 831 832 832 832 832 832 833 834 834 834 835 835 836 837 837 837 838 839 839 840 840 840 841 842 842 843 843 843 845 845 845 845 846 846 846 848 848 848 848 849 849 850 851 851 851 851 852 852 852 853 854 854 854 854 855 855
1219 1218 1218 1217 1216 1215 1294 1293 1205 1204 1203 1201 1200 1199 1198 1196 1048 879 878 876 875 873 871 869 867 864 863 860 857 853 848 843 832 832 832 832 833 833 833 833 833 834 834 835 835 835 837 837 837 838 838 839 840 840 840 841 841 842 843 843 843 844 844 845 846 846 846 846 847 848 848 849 849 849 850 850 851 851 852 852 852 852 853 854 854 854 855 855 855 950 951
1300 1300 1299 1297 1296 1296 1295 1293 1292 1205 1203 1202 1200 1200 1198 1197 1028 880 879 877 875 874 872 869 867 864 863 860 856 852 848 841 833 833 833 834 834 834 834 834 835 835 835 836 836 837 838 838 838 839 839 840 841 841 841 842 843 843 844 844 844 844 846 846 846 847 847 847 848 849 849 849 850 850 850 852 852 852 852 853 853 853 854 855 855 855 856 951 951 951 953
1301 1300 1299 1298 1298 1296 1295 1294 1293 1292 1204 1202 1202 1200 1199 1030 1029 1028 879 877 876 874 872 870 867 865 863 859 856 851 847 834 834 834 835 835 835 835 835 836 836 836 836 836 837 838 838 839 839 839 841 841 841 842 842 842 844 844 844 845 845 845 847 847 847 847 848 848 849 850 850 850 851 851 851 852 853 853 853 853 854 854 855 856 856 856 951 952 952 952 953
1302 1301 1300 1299 1298 1297 1296 1295 1294 1293 1204 1204 1202 1201 1032 1031 1030 1028 1026 877 876 874 872 870 868 865 862 859 855 851 845 835 835 835 836 836 836 836 836 837 837 837 837 837 838 839 839 839 840 840 841 842 842 842 843 844 844 845 845 845 846 847 847 848 848 848 849 849 850 850 851 851 851 852 852 853 853 854 854 854 854 855 856 856 952 952 952 952 953 953 954
1302 1301 1300 1300 1299 1297 1296 1296 1294 1293 1292 1204 1203 1034 1032 1032 1030 1028 1026 1025 876 874 872 870 868 865 862 859 854 850 844 836 836 837 837 837 837 837 837 838 838 838 838 838 839 839 840 840 841 842 842 843 843 843 844 845 845 845 846 846 846 848 848 848 849 849 849 850 851 851 851 852 852 852 854 854 854 854 855 855 855 855 952 952 952 953 953 953 953 954 955
1303 1302 1302 1300 1299 1298 1297 1296 1295 1293 1293 1204 1036 1034 1033 1032 1030 1029 1027 1026 1024 874 872 870 868 865 862 858 855 849 837 837 837 838 838 838 838 838 839 839 839 839 839 839 840 840 841 841 841 843 843 843 844 844 844 846 846 846 847 847 847 848 849 849 849 850 850 850 852 852 852 852 853 853 854 855 855 855 855 856 951 951 952 953 953 953 954 954 954 954 956
1303 1302 1302 1301 1300 1298 1298 1297 1295 1294 1293 1125 1036 1035 1034 1032 1031 1029 1027 1026 1024 1022 872 871 868 865 861 857 854 846 838 838 838 839 839 839 839 839 840 840 840 840 840 841 841 841 841 842 842 843 844 844 844 845 845 846 847 847 847 848 848 849 849 850 850 850 851 851 852 853 853 853 853 854 854 855 856 856 951 951 952 952 953 953 954 954 954 955 955 955 956
1304 1304 1303 1301 1300 1300 1298 1297 1296 1294 1294 1125 1124 1035 1034 1033 1031 1029 1028 1026 1024 1022 1019 871 868 865 861 857 852 847 839 839 839 840 840 840 840 840 841 841 841 841 841 842 842 842 842 842 843 844 844 845 845 845 846 847 847 848 848 848 849 850 850 850 851 851 851 852 853 853 854 854 854 854 855 856 856 952 952 952 952 953 954 954 954 955 955 955 955 956 957
1304 1304 1303 1302 1300 1300 1299 1297 1296 1296 1127 1126 1124 1035 1035 1033 1031 1029 1028 1026 1024 1022 1019 870 867 864 860 856 850 840 840 840 840 841 841 841 841 841 842 842 842 842 842 843 843 843 843 843 843 845 845 845 846 846 846 848 848 848 849 849 849 851 851 851 851 852 852 852 854 854 854 855 855 855 855 952 952 952 953 953 953 953 954 955 955 955 956 956 956 956 957
1305 1305 1303 1302 1301 1301 1299 1298 1296 1129 1127 1126 1124 1123 1035 1033 1031 1029 1028 1026 1024 1022 1019 1017 867 864 860 854 849 841 841 841 841 842 842 842 842 842 843 843 843 843 843 843 844 844 844 844 844 845 846 846 846 847 847 848 849 849 849 850 850 850 852 852 852 852 853 853 854 855 855 855 856 951 951 951 953 953 953 953 954 954 954 956 956 956 956 957 957 957 957
1305 1305 1304 1303 1301 1301 1300 1298 1130 1129 1128 1126 1125 1123 1035 1033 1032 1030 1029 1026 1024 1022 1019 1017 1014 863 859 853 842 842 842 842 842 843 843 843 843 843 844 844 844 844 844 844 845 845 845 845 845 845 846 847 847 847 848 848 849 850 850 850 851 851 852 853 853 853 853 854 854 855 856 856 951 951 952 952 953 954 954 954 954 955 955 955 956 957 957 957 958 958 958
1306 1306 1304 1303 1302 1301 1300 1132 1130 1130 1128 1127 1125 1123 1123 1034 1032 1030 1029 1026 1024 1022 1019 1017 1013 1010 858 850 843 843 843 843 843 844 844 844 844 844 844 845 845 845 845 845 846 846 846 846 846 846 847 847 848 848 848 849 850 850 851 851 851 852 852 853 853 854 854 854 855 855 951 952 952 952 952 953 953 954 955 955 955 955 956 956 956 957 958 958 958 958 959
1306 1306 1305 1304 1302 1302 1133 1132 1131 1130 1129 1127 1125 1124 1123 1034 1032 1030 1029 1027 1024 1021 1019 1016 1013 1009 1003 851 844 844 844 844 844 844 845 845 845 845 845 846 846 846 846 846 846 847 847 847 847 847 847 848 848 849 849 849 850 851 851 852 852 852 852 854 854 854 855 855 950 951 952 952 952 953 953 953 954 954 955 955 956 956 956 957 957 957 958 959 959 959 959
1307 1307 1305 1304 1303 1135 1134 1132 1131 1130 1129 1127 1126 1124 1123 1121 1032 1030 1028 1027 1024 1021 1018 1015 1012 1008 1001 991 844 845 845 845 845 845 846 846 846 846 846 847 847 847 847 847 847 848 848 848 848 848 848 849 849 849 850 850 850 852 852 852 852 853 853 853 855 855 855 951 951 951 952 953 953 953 954 954 954 955 955 956 956 957 957 957 957 958 958 959 959 960 960
