testData/tiles/oneDegree/grid29.0-2.0-30.0-3.0.asc
ncols   200
nrows   200
xllcorner   29.0
yllcorner   2.0
cellsize   0.005
NODATA_value   -9999.0
[rows 43 to 85 of 200, columns 96 to 191 of 200]
77 76 76 76 76 76 76 75 75 75 75 75 75 75 74 74 74 74 74 73 73 73 73 73 73 72 72 72 72 72 71 71 71 71 71 70 70 70 70 69 69 69 69 68 68 68 68 67 67 67 67 66 66 66 66 65 65 65 64 64 64 63 63 63 62 62 62 61 61 61 60 60 60 59 59 59 59 59 59 59 59 59 59 59 59 59 59 59 59 59 59 59 59 59 59 59
76 76 76 75 75 75 75 75 75 75 74 74 74 74 74 74 73 73 73 73 73 72 72 72 72 72 71 71 71 71 71 70 70 70 70 70 69 69 69 69 68 68 68 68 67 67 67 67 66 66 66 66 65 65 65 64 64 64 64 63 63 63 62 62 62 61 61 61 60 60 60 59 59 59 59 59 59 59 59 59 59 59 59 59 59 59 59 59 59 59 59 59 59 59 59 59
75 75 75 75 75 74 74 74 74 74 74 74 73 73 73 73 73 73 72 72 72 72 72 71 71 71 71 71 70 70 70 70 70 69 69 69 69 68 68 68 68 67 67 67 67 66 66 66 66 65 65 65 65 64 64 64 63 63 63 62 62 62 61 61 61 60 60 60 59 59 59 59 59 59 59 59 59 59 59 59 59 59 59 59 59 59 59 59 59 59 59 59 59 59 59 59
75 74 74 74 74 74 74 74 73 73 73 73 73 73 72 72 72 72 72 71 71 71 71 71 70 70 70 70 70 69 69 69 69 69 68 68 68 68 67 67 67 67 66 66 66 66 65 65 65 65 64 64 64 63 63 63 63 62 62 62 61 61 61 60 60 60 59 59 59 59 59 59 59 59 59 59 59 59 59 59 59 59 59 59 59 59 59 59 59 59 59 59 59 59 59 59
74 74 74 73 73 73 73 73 73 73 72 72 72 72 72 72 71 71 71 71 71 70 70 70 70 70 69 69 69 69 69 68 68 68 68 67 67 67 67 66 66 66 66 65 65 65 65 64 64 64 63 63 63 63 62 62 62 61 61 61 60 60 60 59 59 59 59 59 59 59 59 59 59 59 59 59 59 59 59 59 59 59 59 59 59 59 59 59 59 59 59 59 59 59 59 59
73 73 73 73 73 73 72 72 72 72 72 72 71 71 71 71 71 70 70 70 70 70 69 69 69 69 69 68 68 68 68 68 67 67 67 67 66 66 66 66 65 65 65 65 64 64 64 64 63 63 63 62 62 62 61 61 61 61 60 60 60 59 59 59 59 59 59 59 59 59 59 59 59 59 59 59 59 59 59 59 59 59 59 59 59 59 59 59 59 59 59 59 59 59 59 59
73 72 72 72 72 72 72 71 71 71 71 71 71 70 70 70 70 70 70 69 69 69 69 69 68 68 68 68 67 67 67 67 67 66 66 66 66 65 65 65 65 64 64 64 64 63 63 63 62 62 62 62 61 61 61 60 60 60 59 59 59 59 59 59 59 59 59 59 59 59 59 59 59 59 59 59 59 59 59 59 59 59 59 59 59 59 59 59 59 59 59 59 59 59 59 59
72 72 72 71 71 71 71 71 71 70 70 70 70 70 70 69 69 69 69 69 68 68 68 68 68 67 67 67 67 66 66 66 66 66 65 65 65 65 64 64 64 64 63 63 63 62 62 62 62 61 61 61 60 60 60 59 59 59 59 59 59 59 59 59 59 59 59 59 59 59 59 59 59 59 59 59 59 59 59 59 59 59 59 59 59 59 59 59 59 59 59 59 59 59 59 59
71 71 71 71 71 70 70 70 70 70 70 69 69 69 69 69 68 68 68 68 68 67 67 67 67 67 66 66 66 66 65 65 65 65 65 64 64 64 64 63 63 63 62 62 62 62 61 61 61 60 60 60 59 59 59 59 59 59 59 59 59 59 59 59 59 59 59 59 59 59 59 59 59 59 59 59 59 59 59 59 59 59 59 59 59 59 59 59 59 59 59 59 59 59 59 59
70 70 70 70 70 70 70 69 69 69 69 69 68 68 68 68 68 68 67 67 67 67 66 66 66 66 66 65 65 65 65 64 64 64 64 63 63 63 63 62 62 62 62 61 61 61 60 60 60 60 59 59 59 59 59 59 59 59 59 59 59 59 59 59 59 59 59 59 59 59 59 59 59 59 59 59 59 59 59 59 59 59 59 59 59 59 59 59 59 59 59 59 59 59 59 59
70 70 69 69 69 69 69 69 68 68 68 68 68 68 67 67 67 67 67 66 66 66 66 65 65 65 65 65 64 64 64 64 63 63 63 63 62 62 62 62 61 61 61 60 60 60 60 59 59 59 59 59 59 59 59 59 59 59 59 59 59 59 59 59 59 59 59 59 59 59 59 59 59 59 59 59 59 59 59 59 59 59 59 59 59 59 59 59 59 59 59 59 59 59 59 59
131 131 131 131 130 130 130 130 130 130 67 67 67 67 67 66 66 66 66 66 65 65 65 65 64 64 64 64 64 63 63 63 63 62 62 62 62 61 61 61 60 60 60 60 59 59 59 59 59 59 59 59 59 59 59 59 59 59 59 59 59 59 59 59 59 59 59 59 59 59 59 59 59 59 59 59 59 59 59 59 59 59 59 59 59 59 59 59 59 59 59 59 59 59 59 59
130 130 130 130 130 129 129 129 129 129 129 128 128 128 128 66 65 65 65 65 65 64 64 64 64 63 63 63 63 62 62 62 62 61 61 61 61 60 60 60 60 59 59 59 59 59 59 59 59 59 59 59 59 59 59 59 59 59 59 59 59 59 59 59 59 59 59 59 59 59 59 59 59 59 59 59 59 59 59 59 59 59 59 59 59 59 59 59 59 59 59 59 59 59 59 59
130 129 129 129 129 129 129 128 128 128 128 128 127 127 127 127 127 126 126 64 64 63 63 63 63 63 62 62 62 62 61 61 61 61 60 60 60 59 59 59 59 59 59 59 59 59 59 59 59 59 59 59 59 59 59 59 59 59 59 59 59 59 59 59 59 59 59 59 59 59 59 59 59 59 59 59 59 59 59 59 59 59 59 59 59 59 59 59 59 59 59 59 59 59 59 59
129 129 128 128 128 128 128 128 127 127 127 127 127 126 126 126 126 126 125 125 125 125 124 62 62 62 61 61 61 61 60 60 60 60 59 59 59 59 59 59 59 59 59 59 59 59 59 59 59 59 59 59 59 59 59 59 59 59 59 59 59 59 59 59 59 59 59 59 59 59 59 59 59 59 59 59 59 59 59 59 59 59 59 59 59 59 59 59 59 59 59 59 59 59 59 18
128 128 128 127 127 127 127 127 127 126 126 126 126 126 125 125 125 125 124 124 124 124 124 123 123 123 61 60 60 60 60 59 59 59 59 59 59 59 59 59 59 59 59 59 59 59 59 59 59 59 59 59 59 59 59 59 59 59 59 59 59 59 59 59 59 59 59 59 59 59 59 59 59 59 59 59 59 59 59 59 59 59 59 59 59 59 59 59 59 59 59 59 18 18 18 18
127 127 127 127 126 126 126 126 126 126 125 125 125 125 124 124 124 124 124 123 123 123 123 122 122 122 122 121 59 59 59 59 59 59 59 59 59 59 59 59 59 59 59 59 59 59 59 59 59 59 59 59 59 59 59 59 59 59 59 59 59 59 59 59 59 59 59 59 59 59 59 59 59 59 59 59 59 59 59 59 59 59 59 59 59 59 59 59 59 59 18 18 18 18 18 18
126 126 126 126 126 125 125 125 125 125 124 124 124 124 124 123 123 123 123 122 122 122 122 122 121 121 121 121 121 121 121 59 59 59 59 59 59 59 59 59 59 59 59 59 59 59 59 59 59 59 59 59 59 59 59 59 59 59 59 59 59 59 59 59 59 59 59 59 59 59 59 59 59 59 59 59 59 59 59 59 59 59 59 59 59 59 59 59 18 18 18 18 18 18 18 18
126 125 125 125 125 125 124 124 124 124 124 123 123 123 123 122 122 122 122 122 121 121 121 121 121 121 121 121 121 121 121 121 121 59 59 59 59 59 59 59 59 59 59 59 59 59 59 59 59 59 59 59 59 59 59 59 59 59 59 59 59 59 59 59 59 59 59 59 59 59 59 59 59 59 59 59 59 59 59 59 59 59 59 59 59 59 18 18 18 18 18 18 18 18 18 18
125 124 124 124 124 124 124 123 123 123 123 122 122 122 122 122 121 121 121 121 121 121 121 121 121 121 121 121 121 121 121 121 121 121 121 59 59 59 59 59 59 59 59 59 59 59 59 59 59 59 59 59 59 59 59 59 59 59 59 59 59 59 59 59 59 59 59 59 59 59 59 59 59 59 59 59 59 59 59 59 59 59 59 18 18 18 18 18 18 18 18 18 18 18 18 18
124 124 123 123 123 123 123 122 122 122 122 122 121 121 121 121 121 121 121 121 121 121 121 121 121 121 121 121 121 121 121 121 121 121 121 121 121 59 59 59 59 59 59 59 59 59 59 59 59 59 59 59 59 59 59 59 59 59 59 59 59 59 59 59 59 59 59 59 59 59 59 59 59 59 59 59 59 59 59 59 59 18 18 18 18 18 18 18 18 18 18 18 18 18 18 18
123 123 123 122 122 122 122 121 121 121 121 121 121 121 121 121 121 121 121 121 121 121 121 121 121 121 121 121 121 121 121 121 121 121 121 121 121 121 121 59 59 59 59 59 59 59 59 59 59 59 59 59 59 59 59 59 59 59 59 59 59 59 59 59 59 59 59 59 59 59 59 59 59 59 59 59 59 59 18 18 18 18 18 18 18 18 18 18 18 18 18 18 18 18 18 18
122 122 122 121 121 121 121 121 121 121 121 121 121 121 121 121 121 121 121 121 121 121 121 121 121 121 121 121 121 121 121 121 121 121 121 121 121 121 121 121 121 59 59 59 59 59 59 59 59 59 59 59 59 59 59 59 59 59 59 59 59 59 59 59 59 59 59 59 59 59 59 59 59 59 59 59 18 18 18 18 18 18 18 18 18 18 18 18 18 18 18 18 18 18 18 18
121 121 121 121 121 121 121 121 121 121 121 121 121 121 121 121 121 121 121 121 121 121 121 121 121 121 121 121 121 121 121 121 121 121 121 121 121 121 121 121 121 121 121 59 59 59 59 59 59 59 59 59 59 59 59 59 59 59 59 59 59 59 59 59 59 59 59 59 59 59 59 59 59 18 18 18 18 18 18 18 18 18 18 18 18 18 18 18 18 18 18 18 18 18 18 18
121 121 121 121 121 121 121 121 121 121 121 121 121 121 121 121 121 121 121 121 121 121 121 121 121 121 121 121 121 121 121 121 121 121 121 121 121 121 121 121 121 121 121 121 121 59 59 59 59 59 59 59 59 59 59 59 59 59 59 59 59 59 59 59 59 59 59 59 59 59 59 18 18 18 18 18 18 18 18 18 18 18 18 18 18 18 18 18 18 18 18 18 18 18 18 18
121 121 121 121 121 121 121 121 121 121 121 121 121 121 121 121 121 121 121 121 121 121 121 121 121 121 121 121 121 121 121 121 121 121 121 121 121 121 121 121 121 121 121 121 121 121 59 59 59 59 59 59 59 59 59 59 59 59 59 59 59 59 59 59 59 59 59 59 18 18 18 18 18 18 18 18 18 18 18 18 18 18 18 18 18 18 18 18 18 18 18 18 18 18 18 18
121 121 121 121 121 121 121 121 121 121 121 121 121 121 121 121 121 121 121 121 121 121 121 121 121 121 121 121 121 121 121 121 121 121 121 121 121 121 121 121 121 121 121 121 121 121 121 121 59 59 59 59 59 59 59 59 59 59 59 59 59 59 59 59 59 18 18 18 18 18 18 18 18 18 18 18 18 18 18 18 18 18 18 18 18 18 18 18 18 18 18 18 18 18 18 18
121 121 121 121 121 121 121 121 121 121 121 121 121 121 121 121 121 121 121 121 121 121 121 121 121 121 121 121 121 121 121 121 121 121 121 121 121 121 121 121 121 121 121 121 121 121 121 121 121 59 59 59 59 59 59 59 59 59 59 59 59 59 59 18 18 18 18 18 18 18 18 18 18 18 18 18 18 18 18 18 18 18 18 18 18 18 18 18 18 18 18 18 18 18 18 18
121 121 121 121 121 121 121 121 121 121 121 121 121 121 121 121 121 121 121 121 121 121 121 121 121 121 121 121 121 121 121 121 121 121 121 121 121 121 121 121 121 121 121 121 121 121 121 121 121 121 121 59 59 59 59 59 59 59 59 59 18 18 18 18 18 18 18 18 18 18 18 18 18 18 18 18 18 18 18 18 18 18 18 18 18 18 18 18 18 18 18 18 18 18 18 18
121 121 121 121 121 121 121 121 121 121 121 121 121 121 121 121 121 121 121 121 121 121 121 121 121 121 121 121 121 121 121 121 121 121 121 121 121 121 121 121 121 121 121 121 121 121 121 121 121 121 121 121 59 59 59 59 59 18 18 18 18 18 18 18 18 18 18 18 18 18 18 18 18 18 18 18 18 18 18 18 18 18 18 18 18 18 18 18 18 18 18 18 18 18 18 18
121 121 121 121 121 121 121 121 121 121 121 121 121 121 121 121 121 121 121 121 121 121 121 121 121 121 121 121 121 121 121 121 121 121 121 121 121 121 121 121 121 121 121 121 121 121 121 121 121 121 121 121 121 121 18 18 18 18 18 18 18 18 18 18 18 18 18 18 18 18 18 18 18 18 18 18 18 18 18 18 18 18 18 18 18 18 18 18 18 18 18 18 18 18 18 18
121 121 121 121 121 121 121 121 121 121 121 121 121 121 121 121 121 121 121 121 121 121 121 121 121 121 121 121 121 121 121 121 121 121 121 121 121 121 121 121 121 121 121 121 121 121 121 121 121 121 121 80 80 80 80 18 18 18 18 18 18 18 18 18 18 18 18 18 18 18 18 18 18 18 18 18 18 18 18 18 18 18 18 18 18 18 18 18 18 18 18 18 18 18 18 18
121 121 121 121 121 121 121 121 121 121 121 121 121 121 121 121 121 121 121 121 121 121 121 121 121 121 121 121 121 121 121 121 121 121 121 121 121 121 121 121 121 121 121 121 121 121 121 121 80 80 80 80 80 80 80 80 18 18 18 18 18 18 18 18 18 18 18 18 18 18 18 18 18 18 18 18 18 18 18 18 18 18 18 18 18 18 18 18 18 18 18 18 18 18 18 18
310 310 310 121 121 121 121 121 121 121 121 121 121 121 121 121 121 121 121 121 121 121 121 121 121 121 121 121 121 121 121 121 121 121 121 121 121 121 121 121 121 121 121 121 121 80 80 80 80 80 80 80 80 80 80 80 80 80 18 18 18 18 18 18 18 18 18 18 18 18 18 18 18 18 18 18 18 18 18 18 18 18 18 18 18 18 18 18 18 18 18 18 18 18 18 18
310 310 310 310 310 310 310 121 121 121 121 121 121 121 121 121 121 121 121 121 121 121 121 121 121 121 121 121 121 121 121 121 121 121 121 121 121 121 121 121 121 121 80 80 80 80 80 80 80 80 80 80 80 80 80 80 80 80 80 18 18 18 18 18 18 18 18 18 18 18 18 18 18 18 18 18 18 18 18 18 18 18 18 18 18 18 18 18 18 18 18 18 18 18 18 18
310 310 310 310 310 310 310 310 310 310 121 121 121 121 121 121 121 121 121 121 121 121 121 121 121 121 121 121 121 121 121 121 121 121 121 121 121 121 80 80 80 80 80 80 80 80 80 80 80 80 80 80 80 80 80 80 80 80 80 80 18 18 18 18 18 18 18 18 18 18 18 18 18 18 18 18 18 18 18 18 18 18 18 18 18 18 18 18 18 18 18 18 18 18 18 18
310 310 310 310 310 310 310 310 310 310 310 310 310 121 121 121 121 121 121 121 121 121 121 121 121 121 121 121 121 121 121 121 121 121 121 80 80 80 80 80 80 80 80 80 80 80 80 80 80 80 80 80 80 80 80 80 80 80 80 80 80 18 18 18 18 18 18 18 18 18 18 18 18 18 18 18 18 18 18 18 18 18 18 18 18 18 18 18 18 18 18 18 18 18 18 18
310 310 310 310 310 310 310 310 310 310 310 310 310 310 310 310 121 121 121 121 121 121 121 121 121 121 121 121 121 121 121 80 80 80 80 80 80 80 80 80 80 80 80 80 80 80 80 80 80 80 80 80 80 80 80 80 80 80 80 80 80 80 18 18 18 18 18 18 18 18 18 18 18 18 18 18 18 18 18 18 18 18 18 18 18 18 18 18 18 18 18 18 18 18 18 18
310 310 310 310 310 310 310 310 310 310 310 310 310 310 310 310 310 310 121 121 121 121 121 121 121 121 121 80 80 80 80 80 80 80 80 80 80 80 80 80 80 80 80 80 80 80 80 80 80 80 80 80 80 80 80 80 80 80 80 80 80 80 80 80 18 18 18 18 18 18 18 18 18 18 18 18 18 18 18 18 18 18 18 18 18 18 18 18 18 18 18 18 18 18 18 18
310 310 310 310 310 310 310 310 310 310 310 310 310 310 310 310 310 310 310 310 310 121 121 121 80 80 80 80 80 80 80 80 80 80 80 80 80 80 80 80 80 80 80 80 80 80 80 80 80 80 80 80 80 80 80 80 80 80 80 80 80 80 80 80 80 18 18 18 18 18 18 18 18 18 18 18 18 18 18 18 18 18 18 18 18 18 18 18 18 18 18 18 18 18 18 18
310 310 310 310 310 310 310 310 310 310 310 310 310 310 310 310 310 310 310 310 269 269 269 80 80 80 80 80 80 80 80 80 80 80 80 80 80 80 80 80 80 80 80 80 80 80 80 80 80 80 80 80 80 80 80 80 80 80 80 80 80 80 80 80 80 80 18 18 18 18 18 18 18 18 18 18 18 18 18 18 18 18 18 18 18 18 18 18 18 18 18 18 18 18 18 18
310 310 310 310 310 310 310 310 310 310 310 310 310 310 310 269 269 269 269 269 269 269 269 269 269 269 80 80 80 80 80 80 80 80 80 80 80 80 80 80 80 80 80 80 80 80 80 80 80 80 80 80 80 80 80 80 80 80 80 80 80 80 80 80 80 80 80 18 18 18 18 18 18 18 18 18 18 18 18 18 18 18 18 18 18 18 18 18 18 18 18 18 18 18 18 18
310 310 310 310 310 310 310 310 310 310 310 269 269 269 269 269 269 269 269 269 269 269 269 269 269 269 269 269 80 80 80 80 80 80 80 80 80 80 80 80 80 80 80 80 80 80 80 80 80 80 80 80 80 80 80 80 80 80 80 80 80 80 80 80 80 80 80 80 18 18 18 18 18 18 18 18 18 18 18 18 18 18 18 18 18 18 18 18 18 18 18 18 18 18 18 18
