testData/tiles/oneDegree/grid12.0-5.0-13.0-6.0.asc
ncols   200
nrows   200
xllcorner   12.0
yllcorner   5.0
cellsize   0.005
NODATA_value   -9999.0
[rows 0 to 37 of 200, columns 86 to 171 of 200]
1134 1133 1133 1133 1131 1132 1131 1130 1130 1129 1129 1128 1127 1127 1125 1125 1125 1123 1122 1121 1121 1119 1118 1118 1116 1308 1307 1305 1306 1301 1301 1300 1297 1296 1295 1295 1292 1289 1289 1286 1286 1282 1279 1279 1276 1274 1273 1270 1267 1265 1266 1264 1184 1183 1182 1180 1179 1177 1175 1174 1171 1170 1167 1167 1165 1162 1160 1159 1160 1159 1159 1159 1157 1156 1091 1091 1090 1090 1087 1086 1085 1082 1083 1080 1079 1077
1134 1134 1135 1133 1132 1134 1133 1131 1132 1131 1131 1131 1128 1129 1127 1127 1126 1125 1124 1124 1123 1120 1120 1118 1118 1309 1308 1307 1306 1304 1302 1301 1299 1297 1296 1296 1293 1291 1290 1287 1286 1285 1281 1281 1277 1275 1274 1270 1270 1268 1189 1188 1186 1186 1183 1182 1180 1178 1178 1176 1174 1173 1170 1167 1166 1164 1161 1160 1160 1160 1160 1160 1159 1157 1093 1092 1092 1090 1088 1089 1086 1085 1084 1081 1081 1079
1136 1135 1135 1135 1135 1135 1134 1134 1133 1131 1132 1131 1130 1129 1129 1128 1127 1127 1125 1125 1123 1123 1120 1121 1120 1310 1309 1306 1307 1306 1303 1303 1301 1299 1298 1297 1294 1294 1292 1288 1287 1285 1283 1281 1280 1277 1276 1271 1192 1193 1191 1189 1187 1186 1185 1184 1181 1181 1179 1177 1177 1174 1173 1170 1169 1168 1164 1163 1161 1162 1160 1161 1160 1161 1094 1093 1093 1093 1091 1088 1089 1088 1084 1083 1083 1080
1136 1136 1137 1137 1135 1136 1134 1136 1133 1132 1133 1132 1131 1130 1129 1129 1129 1128 1125 1125 1125 1124 1121 1121 1120 1313 1310 1309 1308 1307 1305 1303 1302 1300 1300 1298 1296 1293 1293 1290 1289 1287 1284 1283 1282 1200 1199 1195 1193 1194 1192 1191 1189 1188 1186 1184 1185 1182 1181 1179 1177 1175 1174 1173 1172 1168 1168 1164 1163 1163 1162 1162 1161 1161 1096 1095 1095 1093 1092 1091 1089 1088 1088 1086 1084 1082
1139 1138 1138 1136 1137 1136 1136 1136 1134 1134 1135 1133 1134 1133 1131 1130 1131 1130 1127 1127 1125 1125 1123 1122 1121 1121 1312 1311 1309 1309 1306 1305 1303 1301 1300 1301 1298 1295 1293 1291 1291 1289 1285 1207 1204 1203 1200 1196 1197 1194 1193 1192 1191 1190 1188 1186 1185 1184 1183 1180 1179 1177 1176 1173 1173 1170 1168 1167 1165 1164 1164 1163 1162 1162 1097 1097 1095 1094 1095 1093 1090 1090 1088 1087 1085 1085
1140 1139 1138 1138 1137 1138 1138 1138 1137 1136 1135 1135 1134 1134 1133 1131 1131 1131 1129 1129 1127 1126 1126 1125 1122 1121 1313 1311 1311 1309 1307 1307 1305 1304 1302 1301 1299 1297 1295 1294 1291 1211 1210 1207 1206 1203 1202 1198 1197 1197 1193 1193 1192 1190 1190 1189 1187 1185 1183 1182 1182 1179 1178 1175 1173 1171 1171 1169 1167 1167 1165 1165 1164 1164 1099 1098 1097 1096 1094 1093 1094 1092 1089 1089 1088 1085
1140 1140 1141 1140 1139 1139 1139 1138 1138 1136 1137 1136 1134 1135 1133 1132 1133 1130 1130 1129 1128 1128 1126 1126 1124 1124 1314 1312 1312 1311 1310 1307 1306 1306 1303 1302 1300 1297 1298 1217 1215 1213 1211 1209 1206 1205 1203 1200 1198 1198 1196 1195 1194 1192 1191 1190 1189 1186 1185 1184 1182 1180 1178 1177 1176 1173 1173 1169 1169 1168 1168 1166 1166 1165 1100 1099 1098 1098 1097 1095 1093 1093 1092 1091 1088 1087
1143 1142 1141 1141 1140 1140 1139 1139 1139 1137 1136 1137 1136 1135 1134 1134 1133 1132 1131 1128 1130 1128 1127 1127 1125 1125 1316 1314 1313 1313 1310 1309 1307 1306 1303 1303 1223 1221 1219 1218 1217 1214 1212 1210 1208 1207 1204 1201 1201 1198 1197 1197 1195 1194 1192 1191 1189 1188 1187 1185 1184 1181 1180 1177 1178 1175 1173 1171 1170 1167 1169 1168 1167 1166 1101 1101 1099 1098 1098 1096 1096 1094 1092 1092 1090 1089
1144 1142 1143 1141 1141 1141 1140 1141 1141 1139 1139 1139 1137 1138 1137 1134 1135 1134 1133 1132 1131 1130 1129 1127 1126 1124 1317 1316 1315 1313 1312 1311 1308 1307 1226 1226 1226 1223 1221 1219 1217 1215 1214 1211 1210 1208 1205 1202 1201 1201 1198 1198 1197 1194 1195 1192 1191 1189 1188 1187 1185 1183 1182 1181 1178 1176 1175 1173 1171 1169 1168 1168 1169 1168 1103 1103 1102 1102 1100 1097 1097 1096 1095 1093 1092 1090
1143 1144 1144 1143 1142 1143 1142 1141 1141 1141 1140 1138 1138 1138 1137 1137 1135 1134 1135 1133 1132 1131 1129 1129 1128 1126 1124 1316 1316 1314 1314 1232 1232 1230 1229 1227 1226 1224 1224 1220 1219 1216 1215 1213 1210 1210 1206 1204 1202 1201 1201 1199 1198 1196 1195 1193 1193 1191 1190 1188 1186 1185 1183 1183 1179 1178 1177 1174 1173 1171 1171 1169 1169 1169 1104 1103 1102 1103 1101 1100 1099 1097 1095 1094 1093 1093
1146 1145 1144 1145 1143 1143 1143 1142 1142 1141 1142 1140 1139 1138 1138 1138 1136 1136 1133 1133 1133 1131 1131 1129 1129 1128 1127 1318 1317 1237 1236 1235 1232 1231 1230 1229 1227 1226 1223 1222 1220 1218 1216 1214 1212 1210 1207 1205 1205 1202 1202 1200 1199 1197 1197 1196 1193 1192 1192 1190 1187 1186 1185 1183 1182 1180 1177 1177 1175 1171 1171 1170 1170 1169 1106 1104 1103 1102 1101 1102 1100 1098 1099 1096 1093 1092
1146 1146 1145 1146 1145 1144 1143 1144 1143 1143 1143 1140 1141 1141 1139 1138 1139 1137 1136 1136 1133 1133 1131 1130 1131 1128 1050 1241 1241 1238 1238 1235 1234 1232 1231 1228 1229 1226 1224 1222 1221 1219 1217 1216 1214 1211 1208 1205 1206 1205 1202 1202 1201 1197 1199 1197 1195 1194 1192 1191 1189 1188 1187 1185 1182 1181 1179 1179 1176 1175 1171 1170 1171 1169 1106 1105 1105 1104 1102 1102 1101 1099 1099 1097 1096 1095
1148 1146 1146 1146 1146 1146 1145 1143 1144 1145 1143 1142 1141 1141 1141 1140 1139 1137 1138 1136 1136 1134 1132 1133 1054 1051 1049 1241 1241 1240 1239 1237 1236 1233 1233 1230 1229 1228 1225 1224 1223 1220 1218 1217 1214 1213 1209 1207 1207 1205 1205 1203 1202 1201 1199 1198 1197 1196 1194 1191 1190 1190 1186 1187 1183 1182 1182 1179 1177 1175 1174 1173 1171 1172 1107 1106 1105 1106 1104 1104 1102 1101 1101 1098 1097 1097
1148 1147 1148 1147 1147 1147 1145 1145 1146 1143 1145 1145 1141 1142 1141 1140 1141 1139 1137 1136 1137 1058 1057 1056 1055 1054 1052 1052 1242 1241 1240 1240 1236 1236 1234 1232 1231 1230 1227 1227 1222 1222 1220 1218 1216 1211 1212 1209 1207 1206 1206 1204 1203 1202 1201 1200 1197 1197 1194 1194 1191 1191 1189 1186 1185 1185 1182 1181 1178 1176 1175 1173 1174 1171 1109 1107 1107 1105 1105 1104 1103 1103 1102 1100 1099 1098
1149 1149 1148 1148 1148 1148 1146 1146 1146 1145 1145 1143 1143 1144 1142 1142 1141 1140 1062 1060 1060 1059 1057 1056 1056 1054 1054 1053 1244 1243 1241 1239 1238 1237 1235 1234 1231 1231 1230 1227 1226 1222 1221 1220 1218 1215 1214 1209 1208 1208 1206 1207 1204 1202 1202 1201 1199 1197 1195 1195 1192 1192 1191 1188 1186 1186 1183 1182 1180 1179 1175 1175 1174 1174 1108 1109 1108 1107 1106 1105 1104 1103 1100 1101 1101 1099
1150 1150 1148 1148 1149 1149 1148 1147 1147 1148 1147 1147 1146 1144 1145 1066 1064 1064 1062 1062 1063 1060 1059 1057 1057 1056 1054 1052 1245 1245 1242 1242 1238 1237 1237 1235 1233 1233 1230 1228 1227 1225 1223 1220 1218 1217 1215 1212 1211 1209 1208 1207 1206 1204 1202 1202 1198 1199 1198 1195 1195 1194 1191 1190 1188 1187 1185 1183 1180 1179 1178 1177 1174 1175 1109 1108 1108 1107 1106 1106 1104 1104 1103 1101 1100 1099
1150 1149 1149 1151 1149 1149 1151 1149 1148 1148 1147 1147 1147 1067 1066 1066 1066 1065 1063 1063 1062 1062 1060 1058 1059 1058 1055 1053 1246 1245 1244 1242 1241 1239 1236 1235 1234 1233 1232 1229 1227 1227 1224 1222 1220 1216 1215 1214 1212 1212 1209 1208 1207 1206 1204 1202 1201 1199 1199 1197 1196 1195 1193 1190 1190 1188 1186 1185 1182 1180 1179 1177 1175 1173 1111 1109 1109 1108 1109 1107 1106 1105 1105 1102 1103 1100
1153 1151 1151 1153 1151 1152 1151 1148 1150 1149 1069 1070 1070 1067 1068 1067 1065 1066 1065 1063 1063 1062 1060 1060 1059 1058 1056 1055 1248 1246 1244 1242 1243 1239 1239 1237 1234 1232 1234 1230 1230 1226 1225 1223 1221 1218 1216 1214 1213 1212 1211 1211 1208 1207 1206 1204 1204 1202 1201 1199 1197 1195 1194 1192 1191 1189 1188 1185 1184 1183 1180 1179 1176 1176 1110 1110 1110 1108 1109 1108 1107 1106 1104 1104 1103 1101
1153 1153 1153 1152 1152 1153 1151 1073 1072 1071 1072 1072 1070 1069 1070 1068 1068 1068 1065 1064 1064 1063 1061 1059 1060 1059 1056 1056 1054 1248 1246 1244 1242 1240 1239 1238 1236 1233 1233 1231 1230 1229 1225 1223 1221 1220 1217 1216 1214 1213 1212 1210 1211 1209 1206 1207 1204 1202 1203 1200 1200 1197 1195 1194 1191 1190 1189 1187 1185 1183 1181 1180 1176 1177 1111 1112 1111 1110 1110 1108 1107 1107 1106 1105 1103 1102
1154 1153 1153 1153 1074 1075 1076 1074 1073 1073 1072 1072 1072 1071 1069 1069 1068 1068 1067 1064 1065 1065 1063 1061 1060 1059 1059 1057 1055 1247 1246 1245 1244 1241 1239 1239 1236 1236 1234 1231 1230 1229 1225 1224 1223 1220 1219 1214 1215 1215 1213 1212 1210 1210 1208 1207 1207 1204 1203 1201 1199 1199 1198 1195 1193 1192 1190 1187 1186 1185 1184 1181 1179 1176 1113 1113 1111 1111 1110 1109 1109 1107 1105 1105 1104 1103
1155 1075 1076 1076 1076 1075 1075 1074 1075 1073 1072 1073 1071 1071 1071 1068 1068 1069 1067 1066 1066 1064 1064 1062 1061 1061 1060 1057 1056 1249 1246 1246 1245 1243 1242 1239 1238 1236 1234 1234 1231 1229 1227 1226 1222 1221 1219 1218 1216 1215 1214 1213 1211 1211 1210 1207 1207 1205 1205 1202 1201 1199 1198 1196 1195 1193 1193 1188 1187 1186 1184 1182 1180 1178 1113 1112 1112 1110 1110 1109 1110 1108 1106 1106 1105 1103
1077 1079 1077 1077 1076 1076 1076 1076 1074 1073 1074 1073 1072 1072 1070 1070 1070 1068 1068 1067 1065 1066 1064 1062 1062 1062 1061 1058 1058 1248 1248 1246 1245 1245 1241 1241 1239 1237 1235 1235 1231 1230 1229 1226 1225 1220 1220 1218 1218 1216 1215 1214 1212 1211 1211 1210 1208 1206 1204 1203 1202 1200 1200 1197 1196 1195 1192 1191 1190 1187 1186 1183 1180 1179 1113 1113 1112 1113 1112 1109 1109 1108 1107 1107 1106 1105
1078 1079 1077 1078 1077 1077 1076 1076 1078 1076 1074 1074 1075 1073 1072 1072 1070 1071 1071 1067 1067 1066 1065 1064 1062 1062 1061 1059 1059 1057 1250 1246 1246 1244 1243 1241 1240 1237 1237 1234 1233 1230 1229 1226 1226 1223 1223 1219 1217 1218 1214 1216 1214 1212 1212 1209 1209 1208 1206 1205 1203 1201 1201 1198 1197 1196 1194 1192 1191 1189 1187 1184 1184 1180 1115 1114 1112 1113 1110 1111 1110 1110 1109 1108 1107 1104
1079 1080 1077 1078 1079 1077 1078 1078 1076 1076 1076 1074 1074 1073 1075 1072 1071 1072 1070 1069 1067 1067 1067 1064 1064 1063 1061 1060 1058 1057 1250 1249 1247 1245 1243 1242 1241 1239 1237 1235 1232 1232 1231 1228 1226 1224 1221 1222 1219 1218 1217 1215 1215 1213 1212 1211 1211 1208 1207 1205 1205 1203 1201 1200 1198 1195 1196 1192 1192 1190 1189 1186 1184 1181 1116 1114 1114 1113 1112 1111 1111 1111 1108 1109 1107 1107
1080 1080 1080 1080 1078 1078 1079 1077 1078 1077 1074 1076 1076 1073 1074 1072 1071 1072 1071 1068 1068 1069 1067 1066 1064 1063 1064 1062 1059 1058 1251 1248 1248 1247 1244 1243 1241 1239 1238 1237 1233 1232 1230 1228 1228 1225 1223 1221 1220 1219 1218 1217 1216 1214 1214 1211 1210 1210 1208 1206 1206 1203 1202 1199 1200 1197 1196 1195 1193 1190 1190 1188 1186 1184 1118 1116 1113 1113 1113 1111 1113 1110 1111 1110 1107 1107
1080 1081 1081 1079 1079 1079 1078 1078 1079 1077 1076 1077 1074 1075 1076 1072 1072 1071 1071 1071 1069 1068 1067 1067 1065 1065 1064 1062 1060 1060 1250 1250 1249 1247 1245 1244 1243 1240 1238 1237 1236 1234 1232 1230 1227 1227 1222 1223 1221 1219 1219 1217 1217 1215 1215 1213 1211 1210 1209 1208 1207 1205 1203 1203 1200 1199 1197 1196 1194 1192 1190 1188 1187 1184 1119 1118 1115 1115 1112 1113 1112 1110 1111 1109 1109 1107
1081 1082 1080 1080 1079 1079 1080 1080 1078 1079 1078 1077 1077 1077 1075 1075 1075 1072 1073 1072 1070 1071 1068 1067 1065 1065 1065 1063 1062 1059 1059 1251 1249 1248 1245 1244 1243 1242 1239 1239 1235 1235 1233 1230 1229 1227 1225 1222 1221 1220 1221 1218 1218 1217 1214 1214 1213 1211 1211 1208 1208 1206 1203 1205 1201 1200 1200 1196 1195 1191 1192 1190 1188 1186 1121 1118 1116 1115 1114 1113 1112 1113 1111 1110 1108 1108
1081 1081 1081 1081 1081 1080 1080 1079 1080 1079 1077 1078 1077 1076 1077 1074 1073 1073 1073 1072 1071 1070 1069 1070 1066 1065 1064 1063 1061 1061 1060 1251 1251 1248 1248 1245 1244 1242 1241 1237 1238 1235 1234 1231 1229 1227 1227 1224 1222 1222 1220 1219 1217 1217 1216 1214 1214 1212 1210 1210 1207 1207 1206 1203 1202 1201 1198 1198 1196 1193 1193 1191 1189 1186 1122 1120 1117 1115 1116 1114 1114 1111 1110 1112 1109 1109
1082 1084 1083 1081 1081 1081 1081 1080 1079 1079 1079 1077 1077 1077 1075 1076 1075 1073 1073 1073 1070 1070 1071 1068 1067 1066 1066 1065 1062 1061 1059 1253 1250 1250 1248 1245 1244 1244 1241 1240 1238 1235 1234 1232 1231 1229 1225 1225 1223 1222 1222 1220 1219 1218 1216 1214 1215 1214 1212 1210 1209 1208 1205 1205 1204 1202 1200 1199 1196 1195 1193 1192 1191 1188 1122 1120 1118 1117 1115 1116 1115 1113 1113 1110 1109 1109
1082 1083 1083 1082 1082 1080 1081 1081 1080 1080 1078 1077 1078 1077 1076 1077 1074 1074 1075 1073 1071 1070 1070 1070 1068 1066 1066 1065 1064 1062 1061 1252 1251 1250 1249 1247 1246 1243 1241 1239 1239 1237 1234 1232 1231 1229 1227 1226 1225 1224 1221 1221 1221 1218 1218 1217 1215 1214 1212 1212 1210 1209 1207 1206 1204 1203 1199 1201 1198 1196 1195 1193 1191 1188 1124 1122 1120 1117 1115 1115 1114 1114 1113 1111 1110 1109
1084 1084 1083 1082 1082 1081 1082 1081 1080 1082 1081 1079 1079 1078 1078 1078 1076 1075 1075 1075 1073 1071 1071 1070 1067 1067 1067 1066 1064 1063 1061 1061 1252 1250 1249 1246 1247 1246 1242 1241 1239 1237 1235 1235 1231 1231 1228 1226 1225 1224 1224 1221 1221 1219 1219 1217 1216 1215 1213 1214 1210 1209 1208 1207 1205 1204 1202 1200 1199 1197 1196 1193 1193 1189 1124 1123 1121 1118 1116 1116 1117 1114 1113 1113 1111 1109
1083 1083 1084 1083 1083 1082 1082 1082 1082 1081 1080 1079 1080 1078 1078 1078 1075 1076 1076 1075 1074 1072 1073 1071 1070 1067 1067 1066 1064 1063 1062 1060 1253 1252 1250 1248 1247 1245 1243 1242 1240 1238 1237 1234 1232 1230 1229 1227 1226 1224 1225 1221 1222 1221 1219 1219 1216 1216 1214 1213 1211 1211 1209 1208 1205 1204 1203 1201 1200 1199 1196 1194 1192 1191 1126 1123 1122 1119 1117 1116 1115 1114 1114 1113 1112 1112
1084 1086 1084 1083 1085 1083 1083 1082 1081 1082 1082 1079 1079 1079 1078 1078 1077 1076 1075 1076 1074 1072 1073 1072 1071 1070 1069 1068 1065 1065 1063 1063 1254 1253 1252 1249 1248 1247 1246 1242 1242 1238 1238 1236 1234 1231 1229 1227 1227 1226 1224 1224 1222 1221 1220 1218 1218 1217 1214 1214 1213 1210 1209 1208 1206 1206 1203 1202 1200 1199 1196 1196 1194 1192 1125 1124 1122 1120 1118 1117 1115 1115 1114 1113 1113 1111
1085 1084 1085 1085 1084 1082 1083 1083 1082 1082 1081 1080 1081 1079 1078 1080 1078 1077 1078 1076 1075 1074 1074 1073 1071 1070 1069 1069 1069 1065 1064 1063 1253 1255 1253 1251 1249 1248 1244 1245 1242 1241 1238 1237 1234 1234 1229 1228 1228 1226 1225 1224 1224 1223 1220 1220 1218 1217 1216 1215 1213 1213 1209 1210 1207 1205 1204 1204 1201 1201 1198 1196 1194 1192 1127 1125 1125 1122 1118 1117 1116 1116 1114 1114 1114 1112
1085 1085 1086 1083 1085 1084 1082 1083 1083 1083 1083 1082 1082 1081 1082 1081 1079 1079 1077 1078 1078 1075 1074 1072 1072 1071 1069 1070 1067 1066 1067 1064 1062 1254 1253 1250 1250 1248 1246 1244 1243 1241 1239 1238 1236 1234 1231 1230 1228 1229 1227 1224 1224 1223 1221 1220 1220 1218 1216 1216 1213 1213 1210 1210 1209 1207 1205 1204 1202 1199 1198 1198 1195 1193 1129 1125 1124 1121 1120 1119 1116 1116 1115 1114 1113 1112
1085 1085 1085 1085 1087 1083 1084 1086 1084 1084 1084 1082 1083 1082 1080 1081 1080 1078 1078 1078 1076 1075 1075 1075 1074 1070 1070 1070 1069 1066 1065 1065 1061 1255 1254 1251 1250 1249 1246 1245 1244 1241 1240 1239 1235 1234 1233 1231 1230 1227 1228 1225 1225 1225 1224 1221 1219 1220 1216 1216 1214 1213 1212 1210 1209 1207 1205 1206 1202 1202 1200 1198 1196 1194 1128 1127 1125 1124 1121 1119 1117 1115 1115 1113 1114 1113
1086 1086 1087 1086 1087 1086 1086 1084 1085 1085 1084 1082 1083 1081 1082 1081 1080 1079 1078 1078 1078 1076 1074 1074 1073 1072 1071 1071 1068 1066 1067 1065 1063 1255 1254 1251 1251 1249 1247 1246 1245 1241 1241 1239 1238 1235 1233 1231 1231 1229 1228 1227 1225 1226 1223 1222 1222 1220 1218 1216 1215 1214 1212 1211 1210 1209 1206 1205 1203 1202 1199 1200 1197 1131 1130 1127 1125 1124 1121 1120 1117 1117 1116 1114 1114 1113
1086 1088 1088 1087 1088 1085 1085 1086 1085 1083 1084 1085 1082 1082 1082 1080 1081 1080 1078 1078 1078 1075 1075 1075 1074 1072 1071 1070 1070 1069 1066 1065 1063 1062 1254 1253 1251 1250 1247 1246 1245 1244 1240 1240 1236 1235 1233 1232 1231 1231 1228 1228 1227 1226 1225 1224 1221 1221 1219 1218 1217 1215 1213 1213 1209 1210 1207 1205 1206 1203 1201 1201 1198 1132 1129 1128 1128 1124 1124 1121 1118 1117 1114 1115 1115 1113
