testData/tiles/oneDegree/grid34.0-46.0-35.0-47.0.asc
ncols   200
nrows   200
xllcorner   34.0
yllcorner   46.0
cellsize   0.005
NODATA_value   -9999.0
[rows 0 to 41 of 200, columns 0 to 93 of 200]
352 351 351 351 350 350 350 350 349 349 349 348 348 348 347 347 346 346 346 345 345 344 344 343 343 342 342 341 341 341 341 341 341 341 341 341 341 330 330 330 330 330 330 330 330 330 330 330 330 330 330 330 330 330 330 330 330 330 330 330 330 330 330 330 330 330 330 330 330 330 330 330 330 330 330 330 330 330 330 330 330 330 330 330 330 315 315 315 315 315 315 315 315 315
352 352 352 351 351 351 350 350 350 349 349 349 348 348 348 347 347 347 346 346 345 345 345 344 344 343 343 342 342 341 341 341 341 341 341 341 341 341 341 330 330 330 330 330 330 330 330 330 330 330 330 330 330 330 330 330 330 330 330 330 330 330 330 330 330 330 330 330 330 330 330 330 330 330 330 330 330 330 330 330 330 330 330 330 330 314 315 315 315 315 315 315 315 315
353 352 352 352 351 351 351 351 350 350 350 349 349 349 348 348 348 347 347 346 346 346 345 345 344 344 343 343 342 342 341 341 341 341 341 341 341 341 341 341 330 330 330 330 330 330 330 330 330 330 330 330 330 330 330 330 330 330 330 330 330 330 330 330 330 330 330 330 330 330 330 330 330 330 330 330 330 330 330 330 330 330 330 330 314 314 314 315 315 315 315 315 315 315
353 353 352 352 352 352 351 351 351 350 350 350 349 349 349 348 348 348 347 347 347 346 346 345 345 345 344 344 343 343 342 342 341 341 341 341 341 341 341 341 341 341 330 330 330 330 330 330 330 330 330 330 330 330 330 330 330 330 330 330 330 330 330 330 330 330 330 330 330 330 330 330 330 330 330 330 330 330 330 330 330 330 330 330 314 314 314 314 315 315 315 315 315 315
353 353 353 353 352 352 352 351 351 351 351 350 350 350 349 349 349 348 348 348 347 347 346 346 346 345 345 344 344 343 343 342 342 341 341 341 341 341 341 341 341 341 341 330 330 330 330 330 330 330 330 330 330 330 330 330 330 330 330 330 330 330 330 330 330 330 330 330 330 330 330 330 330 330 330 330 330 330 330 330 330 330 330 330 314 314 314 314 314 315 315 315 315 315
354 354 353 353 353 352 352 352 352 351 351 351 350 350 350 350 349 349 348 348 348 347 347 347 346 346 345 345 345 344 344 343 343 342 341 341 341 341 341 341 341 341 341 341 341 330 330 330 330 330 330 330 330 330 330 330 330 330 330 330 330 330 330 330 330 330 330 330 330 330 330 330 330 330 330 330 330 330 330 330 330 330 330 314 314 314 314 314 314 314 315 315 315 315
354 354 354 353 353 353 353 352 352 352 352 351 351 351 350 350 350 349 349 349 348 348 348 347 347 346 346 346 345 345 344 344 343 343 342 342 341 341 341 341 341 341 341 341 341 341 330 330 330 330 330 330 330 330 330 330 330 330 330 330 330 330 330 330 330 330 330 330 330 330 330 330 330 330 330 330 330 330 330 330 330 330 330 314 314 314 314 314 314 314 314 315 315 315
355 354 354 354 354 353 353 353 353 352 352 352 351 351 351 350 350 350 350 349 349 348 348 348 347 347 347 346 346 345 345 345 344 344 343 343 342 341 341 341 341 341 341 341 341 341 341 330 330 330 330 330 330 330 330 330 330 330 330 330 330 330 330 330 330 330 330 330 330 330 330 330 330 330 330 330 330 330 330 330 330 330 314 314 314 314 314 314 314 314 314 314 315 315
355 355 355 354 354 354 353 353 353 353 352 352 352 352 351 351 351 350 350 350 349 349 349 348 348 348 347 347 346 346 346 345 345 344 344 343 343 342 342 341 341 341 341 341 341 341 341 341 341 330 330 330 330 330 330 330 330 330 330 330 330 330 330 330 330 330 330 330 330 330 330 330 330 330 330 330 330 330 330 330 330 330 314 314 314 314 314 314 314 314 314 314 314 314
355 355 355 355 354 354 354 354 353 353 353 353 352 352 352 351 351 351 350 350 350 350 349 349 348 348 348 347 347 347 346 346 345 345 344 344 343 343 342 342 341 341 341 341 341 341 341 341 341 341 330 330 330 330 330 330 330 330 330 330 330 330 330 330 330 330 330 330 330 330 330 330 330 330 330 330 330 330 330 330 330 330 314 314 314 314 314 314 314 314 314 314 314 314
356 356 355 355 355 355 354 354 354 354 353 353 353 352 352 352 352 351 351 351 350 350 350 349 349 349 348 348 348 347 347 346 346 346 345 345 344 344 343 343 342 341 341 341 341 341 341 341 341 341 341 330 330 330 330 330 330 330 330 330 330 330 330 330 330 330 330 330 330 330 330 330 330 330 330 330 330 330 330 330 330 314 314 314 314 314 314 314 314 314 314 314 314 314
356 356 356 355 355 355 355 354 354 354 354 353 353 353 353 352 352 352 351 351 351 350 350 350 349 349 349 348 348 348 347 347 347 346 346 345 345 344 344 343 343 342 342 341 341 341 341 341 341 341 341 341 341 330 330 330 330 330 330 330 330 330 330 330 330 330 330 330 330 330 330 330 330 330 330 330 330 330 330 330 330 314 314 314 314 314 314 314 314 314 314 314 314 314
356 356 356 356 356 355 355 355 355 354 354 354 354 353 353 353 352 352 352 352 351 351 351 350 350 350 349 349 349 348 348 347 347 347 346 346 345 345 344 344 343 343 342 342 341 341 341 341 341 341 341 341 341 341 330 330 330 330 330 330 330 330 330 330 330 330 330 330 330 330 330 330 330 330 330 330 330 330 330 330 314 314 314 314 314 314 314 314 314 314 314 314 314 314
357 357 356 356 356 356 355 355 355 355 354 354 354 354 353 353 353 353 352 352 352 351 351 351 350 350 350 349 349 349 348 348 348 347 347 346 346 346 345 345 344 344 343 343 342 341 341 341 341 341 341 341 341 341 341 330 330 330 330 330 330 330 330 330 330 330 330 330 330 330 330 330 330 330 330 330 330 330 330 330 314 314 314 314 314 314 314 314 314 314 314 314 314 314
357 357 357 356 356 356 356 356 355 355 355 355 354 354 354 353 353 353 353 352 352 352 351 351 351 351 350 350 350 349 349 348 348 348 347 347 347 346 346 345 345 344 344 343 343 342 342 341 341 341 341 341 341 341 341 341 330 330 330 330 330 330 330 330 330 330 330 330 330 330 330 330 330 330 330 330 330 330 330 314 314 314 314 314 314 314 314 314 314 314 314 314 314 314
358 357 357 357 357 356 356 356 356 355 355 355 355 354 354 354 354 353 353 353 352 352 352 352 351 351 351 350 350 350 349 349 349 348 348 347 347 347 346 346 345 345 344 344 343 343 342 342 341 341 341 341 341 341 341 341 341 341 330 330 330 330 330 330 330 330 330 330 330 330 330 330 330 330 330 330 330 330 330 314 314 314 314 314 314 314 314 314 314 314 314 314 314 314
358 358 357 357 357 357 356 356 356 356 356 355 355 355 355 354 354 354 353 353 353 353 352 352 352 351 351 351 350 350 350 349 349 349 348 348 348 347 347 346 346 346 345 345 344 344 343 343 342 341 341 341 341 341 341 341 341 341 341 330 330 330 330 330 330 330 330 330 330 330 330 330 330 330 330 330 330 330 330 314 314 314 314 314 314 314 314 314 314 314 314 314 314 314
358 358 358 358 357 357 357 357 356 356 356 356 355 355 355 355 354 354 354 354 353 353 353 352 352 352 352 351 351 351 350 350 350 349 349 349 348 348 347 347 347 346 346 345 345 344 344 343 343 342 342 341 341 341 341 341 341 341 341 341 330 330 330 330 330 330 330 330 330 330 330 330 330 330 330 330 330 330 314 314 314 314 314 314 314 314 314 314 314 314 314 314 314 314
358 358 358 358 358 357 357 357 357 356 356 356 356 356 355 355 355 354 354 354 354 353 353 353 353 352 352 352 351 351 351 350 350 350 349 349 349 348 348 347 347 347 346 346 345 345 344 344 343 343 342 342 341 341 341 341 341 341 341 341 341 330 330 330 330 330 330 330 330 330 330 330 330 330 330 330 330 330 314 314 314 314 314 314 314 314 314 314 314 314 314 314 314 314
359 359 358 358 358 358 358 357 357 357 357 356 356 356 356 355 355 355 355 354 354 354 354 353 353 353 352 352 352 351 351 351 350 350 350 349 349 349 348 348 348 347 347 346 346 345 345 345 344 344 343 342 342 341 341 341 341 341 341 341 341 341 341 330 330 330 330 330 330 330 330 330 330 330 330 330 330 314 314 314 314 314 314 314 314 314 314 314 314 314 314 314 314 314
359 359 359 358 358 358 358 358 357 357 357 357 356 356 356 356 355 355 355 355 354 354 354 354 353 353 353 352 352 352 352 351 351 351 350 350 350 349 349 348 348 348 347 347 346 346 346 345 345 344 344 343 343 342 341 341 341 341 341 341 341 341 341 341 330 330 330 330 330 330 330 330 330 330 330 330 330 314 314 314 314 314 314 314 314 314 314 314 314 314 314 314 314 314
359 359 359 359 359 358 358 358 358 357 357 357 357 357 356 356 356 356 355 355 355 355 354 354 354 353 353 353 353 352 352 352 351 351 351 350 350 350 349 349 349 348 348 347 347 347 346 346 345 345 344 344 343 343 342 341 341 341 341 341 341 341 341 341 341 330 330 330 330 330 330 330 330 330 330 330 314 314 314 314 314 314 314 314 314 314 314 314 314 314 314 314 314 314
360 360 359 359 359 359 358 358 358 358 358 357 357 357 357 356 356 356 356 355 355 355 355 354 354 354 354 353 353 353 352 352 352 351 351 351 350 350 350 349 349 349 348 348 348 347 347 346 346 345 345 344 344 343 343 342 342 341 341 341 341 341 341 341 341 341 330 330 330 330 330 330 330 330 330 330 314 314 314 314 314 314 314 314 314 314 314 314 314 314 314 314 314 314
360 360 360 359 359 359 359 359 358 358 358 358 357 357 357 357 357 356 356 356 356 355 355 355 354 354 354 354 353 353 353 352 352 352 352 351 351 351 350 350 350 349 349 348 348 348 347 347 346 346 345 345 345 344 343 343 342 342 341 341 341 341 341 341 341 341 341 330 330 330 330 330 330 330 330 314 314 314 314 314 314 314 314 314 314 314 314 314 314 314 314 314 314 314
360 360 360 360 360 359 359 359 359 358 358 358 358 358 357 357 357 357 356 356 356 356 355 355 355 355 354 354 354 353 353 353 353 352 352 352 351 351 351 350 350 350 349 349 348 348 348 347 347 346 346 346 345 345 344 344 343 342 342 341 341 341 341 341 341 341 341 341 330 330 330 330 330 330 330 314 314 314 314 314 314 314 314 314 314 314 314 314 314 314 314 314 314 314
361 360 360 360 360 360 359 359 359 359 359 358 358 358 358 357 357 357 357 356 356 356 356 355 355 355 355 354 354 354 354 353 353 353 352 352 352 351 351 351 350 350 350 349 349 349 348 348 347 347 347 346 346 345 345 344 344 343 343 342 341 341 341 341 341 341 341 341 341 341 330 330 330 330 314 314 314 314 314 314 314 314 314 314 314 314 314 314 314 314 314 314 314 314
361 361 360 360 360 360 360 359 359 359 359 359 358 358 358 358 357 357 357 357 357 356 356 356 356 355 355 355 354 354 354 354 353 353 353 352 352 352 351 351 351 350 350 350 349 349 349 348 348 347 347 347 346 346 345 345 344 344 343 343 342 341 341 341 341 341 341 341 341 341 341 330 330 330 314 314 314 314 314 314 314 314 314 314 314 314 314 314 314 314 314 314 314 314
361 361 361 361 360 360 360 360 360 359 359 359 359 358 358 358 358 358 357 357 357 357 356 356 356 356 355 355 355 355 354 354 354 353 353 353 352 352 352 352 351 351 351 350 350 349 349 349 348 348 348 347 347 346 346 345 345 344 344 343 343 342 342 341 341 341 341 341 341 341 341 341 330 330 314 314 314 314 314 314 314 314 314 314 314 314 314 314 314 314 314 314 314 314
361 361 361 361 361 360 360 360 360 360 359 359 359 359 359 358 358 358 358 357 357 357 357 356 356 356 356 355 355 355 355 354 354 354 353 353 353 353 352 352 352 351 351 351 350 350 350 349 349 348 348 348 347 347 346 346 345 345 344 344 343 343 342 342 341 341 341 341 341 341 341 341 341 314 314 314 314 314 314 314 314 314 314 314 314 314 314 314 314 314 314 314 314 314
362 362 361 361 361 361 361 360 360 360 360 359 359 359 359 359 358 358 358 358 357 357 357 357 356 356 356 356 355 355 355 355 354 354 354 354 353 353 353 352 352 352 351 351 351 350 350 350 349 349 348 348 348 347 347 346 346 345 345 345 344 343 343 342 342 341 341 341 341 341 341 341 341 325 314 314 314 314 314 314 314 314 314 314 314 314 314 314 314 314 314 314 314 314
362 362 362 361 361 361 361 361 360 360 360 360 360 359 359 359 359 358 358 358 358 358 357 357 357 357 356 356 356 356 355 355 355 354 354 354 354 353 353 353 352 352 352 351 351 351 350 350 350 349 349 349 348 348 347 347 346 346 346 345 345 344 344 343 342 342 341 341 341 341 341 341 325 325 325 314 314 314 314 314 314 314 314 314 314 314 314 314 314 314 314 314 314 314
362 362 362 362 361 361 361 361 361 360 360 360 360 360 359 359 359 359 359 358 358 358 358 357 357 357 357 356 356 356 356 355 355 355 355 354 354 354 353 353 353 352 352 352 351 351 351 350 350 350 349 349 349 348 348 347 347 347 346 346 345 345 344 344 343 342 342 341 341 341 341 341 325 325 325 325 314 314 314 314 314 314 314 314 314 314 314 314 314 314 314 314 314 314
363 362 362 362 362 362 361 361 361 361 361 360 360 360 360 359 359 359 359 359 358 358 358 358 357 357 357 357 356 356 356 356 355 355 355 355 354 354 354 353 353 353 352 352 352 352 351 351 351 350 350 349 349 349 348 348 347 347 347 346 346 345 345 344 344 343 342 342 341 341 341 325 325 325 325 325 325 314 314 314 314 314 314 314 314 314 314 314 314 314 314 314 314 314
363 363 362 362 362 362 362 361 361 361 361 361 360 360 360 360 360 359 359 359 359 358 358 358 358 357 357 357 357 356 356 356 356 355 355 355 355 354 354 354 353 353 353 353 352 352 352 351 351 351 350 350 349 349 349 348 348 347 347 347 346 346 345 345 344 344 343 343 342 341 341 325 325 325 325 325 325 325 314 314 314 314 314 314 314 314 314 314 314 314 314 314 314 314
363 363 363 362 362 362 362 362 361 361 361 361 361 360 360 360 360 360 359 359 359 359 358 358 358 358 358 357 357 357 357 356 356 356 356 355 355 355 354 354 354 354 353 353 353 352 352 352 351 351 351 350 350 350 349 349 348 348 348 347 347 346 346 345 345 344 344 343 343 342 325 325 325 325 325 325 325 325 325 314 314 314 314 314 314 314 314 314 314 314 314 314 314 314
363 363 363 363 363 362 362 362 362 362 361 361 361 361 361 360 360 360 360 359 359 359 359 359 358 358 358 358 357 357 357 357 356 356 356 356 355 355 355 354 354 354 354 353 353 353 352 352 352 351 351 351 350 350 350 349 349 348 348 348 347 347 346 346 345 345 344 344 343 343 326 325 325 325 325 325 325 325 325 325 314 314 314 314 314 314 314 314 314 314 314 314 314 314
364 363 363 363 363 363 362 362 362 362 362 361 361 361 361 361 360 360 360 360 360 359 359 359 359 358 358 358 358 357 357 357 357 356 356 356 356 355 355 355 354 354 354 354 353 353 353 352 352 352 351 351 351 350 350 350 349 349 348 348 348 347 347 346 346 345 345 344 344 327 327 326 325 325 325 325 325 325 325 325 325 314 314 314 314 314 314 314 314 314 314 314 314 314
364 364 363 363 363 363 363 362 362 362 362 362 361 361 361 361 361 360 360 360 360 360 359 359 359 359 358 358 358 358 357 357 357 357 356 356 356 356 355 355 355 355 354 354 354 353 353 353 352 352 352 351 351 351 350 350 350 349 349 348 348 348 347 347 346 346 345 345 344 328 327 327 326 325 325 325 325 325 325 325 325 325 314 314 314 314 314 314 314 314 314 314 314 314
364 364 364 363 363 363 363 363 362 362 362 362 362 362 361 361 361 361 360 360 360 360 360 359 359 359 359 358 358 358 358 357 357 357 357 356 356 356 356 355 355 355 355 354 354 354 353 353 353 352 352 352 351 351 351 350 350 350 349 349 348 348 348 347 347 346 346 345 329 328 328 327 327 326 325 325 325 325 325 325 325 325 325 314 314 314 314 314 314 314 314 314 314 314
364 364 364 364 363 363 363 363 363 363 362 362 362 362 362 361 361 361 361 361 360 360 360 360 359 359 359 359 359 358 358 358 358 357 357 357 357 356 356 356 355 355 355 355 354 354 354 353 353 353 352 352 352 351 351 351 350 350 350 349 349 349 348 348 347 347 346 346 329 329 328 328 327 327 326 325 325 325 325 325 325 325 325 325 314 314 314 314 314 314 314 314 314 314
364 364 364 364 364 364 363 363 363 363 363 362 362 362 362 362 361 361 361 361 361 360 360 360 360 359 359 359 359 359 358 358 358 358 357 357 357 357 356 356 356 355 355 355 355 354 354 354 353 353 353 353 352 352 352 351 351 350 350 350 349 349 349 348 348 347 347 330 330 329 329 328 328 327 327 326 325 325 325 325 325 325 325 325 325 314 314 314 314 314 314 314 314 314
365 364 364 364 364 364 364 363 363 363 363 363 362 362 362 362 362 361 361 361 361 361 360 360 360 360 360 359 359 359 359 358 358 358 358 357 357 357 357 356 356 356 356 355 355 355 354 354 354 353 353 353 353 352 352 352 351 351 350 350 350 349 349 349 348 348 347 331 330 330 329 329 328 328 327 327 326 325 325 325 325 325 325 325 325 325 314 314 314 314 314 314 314 314
