testData/tiles/oneDegree/grid22.0-36.0-23.0-37.0.asc
ncols   200
nrows   200
xllcorner   22.0
yllcorner   36.0
cellsize   0.005
NODATA_value   -9999.0
[rows 34 to 50 of 200, columns 0 to 36 of 200]
5.280000000000000000e+02 5.270000000000000000e+02 5.270000000000000000e+02 5.260000000000000000e+02 5.260000000000000000e+02 5.250000000000000000e+02 5.240000000000000000e+02 5.230000000000000000e+02 5.230000000000000000e+02 5.220000000000000000e+02 5.210000000000000000e+02 5.210000000000000000e+02 5.190000000000000000e+02 5.190000000000000000e+02 5.180000000000000000e+02 5.180000000000000000e+02 5.170000000000000000e+02 5.160000000000000000e+02 5.160000000000000000e+02 5.150000000000000000e+02 5.150000000000000000e+02 5.140000000000000000e+02 5.130000000000000000e+02 5.130000000000000000e+02 5.120000000000000000e+02 5.110000000000000000e+02 5.110000000000000000e+02 5.100000000000000000e+02 5.100000000000000000e+02 5.090000000000000000e+02 5.080000000000000000e+02 5.080000000000000000e+02 5.070000000000000000e+02 5.060000000000000000e+02 5.060000000000000000e+02 5.050000000000000000e+02 5.040000000000000000e+02
5.270000000000000000e+02 5.270000000000000000e+02 5.260000000000000000e+02 5.260000000000000000e+02 5.250000000000000000e+02 5.250000000000000000e+02 5.230000000000000000e+02 5.230000000000000000e+02 5.220000000000000000e+02 5.220000000000000000e+02 5.210000000000000000e+02 5.200000000000000000e+02 5.190000000000000000e+02 5.180000000000000000e+02 5.180000000000000000e+02 5.170000000000000000e+02 5.170000000000000000e+02 5.160000000000000000e+02 5.150000000000000000e+02 5.150000000000000000e+02 5.140000000000000000e+02 5.140000000000000000e+02 5.130000000000000000e+02 5.120000000000000000e+02 5.120000000000000000e+02 5.110000000000000000e+02 5.110000000000000000e+02 5.100000000000000000e+02 5.090000000000000000e+02 5.090000000000000000e+02 5.080000000000000000e+02 5.070000000000000000e+02 5.070000000000000000e+02 5.060000000000000000e+02 5.050000000000000000e+02 5.050000000000000000e+02 5.040000000000000000e+02
5.270000000000000000e+02 5.260000000000000000e+02 5.260000000000000000e+02 5.250000000000000000e+02 5.250000000000000000e+02 5.240000000000000000e+02 5.230000000000000000e+02 5.220000000000000000e+02 5.220000000000000000e+02 5.210000000000000000e+02 5.210000000000000000e+02 5.200000000000000000e+02 5.180000000000000000e+02 5.180000000000000000e+02 5.170000000000000000e+02 5.170000000000000000e+02 5.160000000000000000e+02 5.160000000000000000e+02 5.150000000000000000e+02 5.140000000000000000e+02 5.140000000000000000e+02 5.130000000000000000e+02 5.130000000000000000e+02 5.120000000000000000e+02 5.110000000000000000e+02 5.110000000000000000e+02 5.100000000000000000e+02 5.100000000000000000e+02 5.090000000000000000e+02 5.080000000000000000e+02 5.080000000000000000e+02 5.070000000000000000e+02 5.060000000000000000e+02 5.060000000000000000e+02 5.050000000000000000e+02 5.050000000000000000e+02 5.040000000000000000e+02
5.260000000000000000e+02 5.260000000000000000e+02 5.250000000000000000e+02 5.250000000000000000e+02 5.240000000000000000e+02 5.240000000000000000e+02 5.220000000000000000e+02 5.220000000000000000e+02 5.210000000000000000e+02 5.210000000000000000e+02 5.200000000000000000e+02 5.200000000000000000e+02 5.180000000000000000e+02 5.170000000000000000e+02 5.170000000000000000e+02 5.160000000000000000e+02 5.160000000000000000e+02 5.150000000000000000e+02 5.150000000000000000e+02 5.140000000000000000e+02 5.130000000000000000e+02 5.130000000000000000e+02 5.120000000000000000e+02 5.120000000000000000e+02 5.110000000000000000e+02 5.100000000000000000e+02 5.100000000000000000e+02 5.090000000000000000e+02 5.090000000000000000e+02 5.080000000000000000e+02 5.070000000000000000e+02 5.070000000000000000e+02 5.060000000000000000e+02 5.060000000000000000e+02 5.050000000000000000e+02 5.040000000000000000e+02 5.040000000000000000e+02
5.260000000000000000e+02 5.250000000000000000e+02 5.250000000000000000e+02 5.240000000000000000e+02 5.240000000000000000e+02 5.230000000000000000e+02 5.220000000000000000e+02 5.210000000000000000e+02 5.210000000000000000e+02 5.200000000000000000e+02 5.200000000000000000e+02 5.190000000000000000e+02 5.180000000000000000e+02 5.170000000000000000e+02 5.170000000000000000e+02 5.160000000000000000e+02 5.150000000000000000e+02 5.150000000000000000e+02 5.140000000000000000e+02 5.140000000000000000e+02 5.130000000000000000e+02 5.120000000000000000e+02 5.120000000000000000e+02 5.110000000000000000e+02 5.110000000000000000e+02 5.100000000000000000e+02 5.090000000000000000e+02 5.090000000000000000e+02 5.080000000000000000e+02 5.080000000000000000e+02 5.070000000000000000e+02 5.060000000000000000e+02 5.060000000000000000e+02 5.050000000000000000e+02 5.050000000000000000e+02 5.040000000000000000e+02 5.030000000000000000e+02
5.250000000000000000e+02 5.250000000000000000e+02 5.240000000000000000e+02 5.240000000000000000e+02 5.230000000000000000e+02 5.230000000000000000e+02 5.210000000000000000e+02 5.210000000000000000e+02 5.200000000000000000e+02 5.200000000000000000e+02 5.190000000000000000e+02 5.190000000000000000e+02 5.170000000000000000e+02 5.170000000000000000e+02 5.160000000000000000e+02 5.160000000000000000e+02 5.150000000000000000e+02 5.140000000000000000e+02 5.140000000000000000e+02 5.130000000000000000e+02 5.130000000000000000e+02 5.120000000000000000e+02 5.120000000000000000e+02 5.110000000000000000e+02 5.100000000000000000e+02 5.100000000000000000e+02 5.090000000000000000e+02 5.090000000000000000e+02 5.080000000000000000e+02 5.070000000000000000e+02 5.070000000000000000e+02 5.060000000000000000e+02 5.050000000000000000e+02 5.050000000000000000e+02 5.040000000000000000e+02 5.040000000000000000e+02 5.030000000000000000e+02
5.250000000000000000e+02 5.240000000000000000e+02 5.240000000000000000e+02 5.230000000000000000e+02 5.230000000000000000e+02 5.220000000000000000e+02 5.210000000000000000e+02 5.200000000000000000e+02 5.200000000000000000e+02 5.190000000000000000e+02 5.190000000000000000e+02 5.180000000000000000e+02 5.170000000000000000e+02 5.160000000000000000e+02 5.160000000000000000e+02 5.150000000000000000e+02 5.150000000000000000e+02 5.140000000000000000e+02 5.130000000000000000e+02 5.130000000000000000e+02 5.120000000000000000e+02 5.120000000000000000e+02 5.110000000000000000e+02 5.110000000000000000e+02 5.100000000000000000e+02 5.090000000000000000e+02 5.090000000000000000e+02 5.080000000000000000e+02 5.080000000000000000e+02 5.070000000000000000e+02 5.060000000000000000e+02 5.060000000000000000e+02 5.050000000000000000e+02 5.050000000000000000e+02 5.040000000000000000e+02 5.030000000000000000e+02 5.030000000000000000e+02
5.240000000000000000e+02 5.240000000000000000e+02 5.230000000000000000e+02 5.230000000000000000e+02 5.220000000000000000e+02 5.220000000000000000e+02 5.200000000000000000e+02 5.200000000000000000e+02 5.190000000000000000e+02 5.190000000000000000e+02 5.180000000000000000e+02 5.180000000000000000e+02 5.160000000000000000e+02 5.160000000000000000e+02 5.150000000000000000e+02 5.150000000000000000e+02 5.140000000000000000e+02 5.140000000000000000e+02 5.130000000000000000e+02 5.120000000000000000e+02 5.120000000000000000e+02 5.110000000000000000e+02 5.110000000000000000e+02 5.100000000000000000e+02 5.100000000000000000e+02 5.090000000000000000e+02 5.080000000000000000e+02 5.080000000000000000e+02 5.070000000000000000e+02 5.070000000000000000e+02 5.060000000000000000e+02 5.050000000000000000e+02 5.050000000000000000e+02 5.040000000000000000e+02 5.040000000000000000e+02 5.030000000000000000e+02 5.020000000000000000e+02
5.240000000000000000e+02 5.230000000000000000e+02 5.230000000000000000e+02 5.220000000000000000e+02 5.220000000000000000e+02 5.210000000000000000e+02 5.200000000000000000e+02 5.190000000000000000e+02 5.190000000000000000e+02 5.180000000000000000e+02 5.180000000000000000e+02 5.170000000000000000e+02 5.160000000000000000e+02 5.150000000000000000e+02 5.150000000000000000e+02 5.140000000000000000e+02 5.140000000000000000e+02 5.130000000000000000e+02 5.130000000000000000e+02 5.120000000000000000e+02 5.110000000000000000e+02 5.110000000000000000e+02 5.100000000000000000e+02 5.100000000000000000e+02 5.090000000000000000e+02 5.090000000000000000e+02 5.080000000000000000e+02 5.070000000000000000e+02 5.070000000000000000e+02 5.060000000000000000e+02 5.060000000000000000e+02 5.050000000000000000e+02 5.040000000000000000e+02 5.040000000000000000e+02 5.030000000000000000e+02 5.030000000000000000e+02 5.020000000000000000e+02
5.230000000000000000e+02 5.230000000000000000e+02 5.220000000000000000e+02 5.220000000000000000e+02 5.210000000000000000e+02 5.210000000000000000e+02 5.190000000000000000e+02 5.190000000000000000e+02 5.180000000000000000e+02 5.180000000000000000e+02 5.170000000000000000e+02 5.170000000000000000e+02 5.150000000000000000e+02 5.150000000000000000e+02 5.140000000000000000e+02 5.140000000000000000e+02 5.130000000000000000e+02 5.130000000000000000e+02 5.120000000000000000e+02 5.120000000000000000e+02 5.110000000000000000e+02 5.100000000000000000e+02 5.100000000000000000e+02 5.090000000000000000e+02 5.090000000000000000e+02 5.080000000000000000e+02 5.080000000000000000e+02 5.070000000000000000e+02 5.060000000000000000e+02 5.060000000000000000e+02 5.050000000000000000e+02 5.050000000000000000e+02 5.040000000000000000e+02 5.040000000000000000e+02 5.030000000000000000e+02 5.020000000000000000e+02 5.020000000000000000e+02
5.220000000000000000e+02 5.220000000000000000e+02 5.220000000000000000e+02 5.210000000000000000e+02 5.210000000000000000e+02 5.200000000000000000e+02 5.190000000000000000e+02 5.180000000000000000e+02 5.180000000000000000e+02 5.170000000000000000e+02 5.170000000000000000e+02 5.160000000000000000e+02 5.150000000000000000e+02 5.140000000000000000e+02 5.140000000000000000e+02 5.130000000000000000e+02 5.130000000000000000e+02 5.120000000000000000e+02 5.120000000000000000e+02 5.110000000000000000e+02 5.110000000000000000e+02 5.100000000000000000e+02 5.100000000000000000e+02 5.090000000000000000e+02 5.080000000000000000e+02 5.080000000000000000e+02 5.070000000000000000e+02 5.070000000000000000e+02 5.060000000000000000e+02 5.060000000000000000e+02 5.050000000000000000e+02 5.040000000000000000e+02 5.040000000000000000e+02 5.030000000000000000e+02 5.030000000000000000e+02 5.020000000000000000e+02 5.010000000000000000e+02
5.220000000000000000e+02 5.210000000000000000e+02 5.210000000000000000e+02 5.210000000000000000e+02 5.200000000000000000e+02 5.200000000000000000e+02 5.180000000000000000e+02 5.180000000000000000e+02 5.170000000000000000e+02 5.170000000000000000e+02 5.160000000000000000e+02 5.160000000000000000e+02 5.140000000000000000e+02 5.140000000000000000e+02 5.130000000000000000e+02 5.130000000000000000e+02 5.120000000000000000e+02 5.120000000000000000e+02 5.110000000000000000e+02 5.110000000000000000e+02 5.100000000000000000e+02 5.100000000000000000e+02 5.090000000000000000e+02 5.090000000000000000e+02 5.080000000000000000e+02 5.070000000000000000e+02 5.070000000000000000e+02 5.060000000000000000e+02 5.060000000000000000e+02 5.050000000000000000e+02 5.050000000000000000e+02 5.040000000000000000e+02 5.030000000000000000e+02 5.030000000000000000e+02 5.020000000000000000e+02 5.020000000000000000e+02 5.010000000000000000e+02
5.210000000000000000e+02 5.210000000000000000e+02 5.200000000000000000e+02 5.200000000000000000e+02 5.200000000000000000e+02 5.190000000000000000e+02 5.180000000000000000e+02 5.170000000000000000e+02 5.170000000000000000e+02 5.160000000000000000e+02 5.160000000000000000e+02 5.150000000000000000e+02 5.150000000000000000e+02 5.130000000000000000e+02 5.130000000000000000e+02 5.120000000000000000e+02 5.120000000000000000e+02 5.110000000000000000e+02 5.110000000000000000e+02 5.100000000000000000e+02 5.100000000000000000e+02 5.090000000000000000e+02 5.090000000000000000e+02 5.080000000000000000e+02 5.080000000000000000e+02 5.070000000000000000e+02 5.060000000000000000e+02 5.060000000000000000e+02 5.050000000000000000e+02 5.050000000000000000e+02 5.040000000000000000e+02 5.040000000000000000e+02 5.030000000000000000e+02 5.020000000000000000e+02 5.020000000000000000e+02 5.010000000000000000e+02 5.010000000000000000e+02
5.210000000000000000e+02 5.200000000000000000e+02 5.200000000000000000e+02 5.190000000000000000e+02 5.190000000000000000e+02 5.190000000000000000e+02 5.170000000000000000e+02 5.170000000000000000e+02 5.160000000000000000e+02 5.160000000000000000e+02 5.150000000000000000e+02 5.150000000000000000e+02 5.140000000000000000e+02 5.130000000000000000e+02 5.120000000000000000e+02 5.120000000000000000e+02 5.110000000000000000e+02 5.110000000000000000e+02 5.100000000000000000e+02 5.100000000000000000e+02 5.090000000000000000e+02 5.090000000000000000e+02 5.080000000000000000e+02 5.080000000000000000e+02 5.070000000000000000e+02 5.070000000000000000e+02 5.060000000000000000e+02 5.050000000000000000e+02 5.050000000000000000e+02 5.040000000000000000e+02 5.040000000000000000e+02 5.030000000000000000e+02 5.030000000000000000e+02 5.020000000000000000e+02 5.010000000000000000e+02 5.010000000000000000e+02 5.000000000000000000e+02
5.200000000000000000e+02 5.200000000000000000e+02 5.190000000000000000e+02 5.190000000000000000e+02 5.190000000000000000e+02 5.180000000000000000e+02 5.180000000000000000e+02 5.160000000000000000e+02 5.160000000000000000e+02 5.150000000000000000e+02 5.150000000000000000e+02 5.140000000000000000e+02 5.140000000000000000e+02 5.120000000000000000e+02 5.120000000000000000e+02 5.110000000000000000e+02 5.110000000000000000e+02 5.100000000000000000e+02 5.100000000000000000e+02 5.090000000000000000e+02 5.090000000000000000e+02 5.080000000000000000e+02 5.080000000000000000e+02 5.070000000000000000e+02 5.070000000000000000e+02 5.060000000000000000e+02 5.060000000000000000e+02 5.050000000000000000e+02 5.040000000000000000e+02 5.040000000000000000e+02 5.030000000000000000e+02 5.030000000000000000e+02 5.020000000000000000e+02 5.020000000000000000e+02 5.010000000000000000e+02 5.000000000000000000e+02 5.000000000000000000e+02
5.200000000000000000e+02 5.190000000000000000e+02 5.190000000000000000e+02 5.180000000000000000e+02 5.180000000000000000e+02 5.180000000000000000e+02 5.170000000000000000e+02 5.160000000000000000e+02 5.150000000000000000e+02 5.150000000000000000e+02 5.140000000000000000e+02 5.140000000000000000e+02 5.130000000000000000e+02 5.120000000000000000e+02 5.110000000000000000e+02 5.110000000000000000e+02 5.100000000000000000e+02 5.100000000000000000e+02 5.090000000000000000e+02 5.090000000000000000e+02 5.080000000000000000e+02 5.080000000000000000e+02 5.070000000000000000e+02 5.070000000000000000e+02 5.060000000000000000e+02 5.060000000000000000e+02 5.050000000000000000e+02 5.050000000000000000e+02 5.040000000000000000e+02 5.040000000000000000e+02 5.030000000000000000e+02 5.020000000000000000e+02 5.020000000000000000e+02 5.010000000000000000e+02 5.010000000000000000e+02 5.000000000000000000e+02 4.990000000000000000e+02
5.190000000000000000e+02 5.190000000000000000e+02 5.180000000000000000e+02 5.180000000000000000e+02 5.170000000000000000e+02 5.170000000000000000e+02 5.170000000000000000e+02 5.150000000000000000e+02 5.150000000000000000e+02 5.140000000000000000e+02 5.140000000000000000e+02 5.130000000000000000e+02 5.130000000000000000e+02 5.110000000000000000e+02 5.110000000000000000e+02 5.100000000000000000e+02 5.100000000000000000e+02 5.090000000000000000e+02 5.090000000000000000e+02 5.080000000000000000e+02 5.080000000000000000e+02 5.070000000000000000e+02 5.070000000000000000e+02 5.060000000000000000e+02 5.060000000000000000e+02 5.050000000000000000e+02 5.050000000000000000e+02 5.040000000000000000e+02 5.040000000000000000e+02 5.030000000000000000e+02 5.030000000000000000e+02 5.020000000000000000e+02 5.010000000000000000e+02 5.010000000000000000e+02 5.000000000000000000e+02 5.000000000000000000e+02 4.990000000000000000e+02
