testData/tiles/oneDegree/grid36.0-20.0-37.0-21.0.asc
ncols   200
nrows   200
xllcorner   36.0
yllcorner   20.0
cellsize   0.005
NODATA_value   -9999.0
[rows 42 to 83 of 200, columns 94 to 187 of 200]
474 474 473 473 472 471 472 471 470 450 449 449 448 420 419 418 417 418 417 416 415 414 414 414 413 412 411 447 446 447 446 445 444 443 442 441 441 440 439 438 437 436 435 435 434 433 432 431 430 429 427 427 426 425 424 422 421 420 419 418 417 416 350 349 347 346 344 343 341 341 339 338 336 334 333 331 329 327 325 324 322 320 318 316 313 311 309 306 303 301 298 294 292 289
474 473 473 473 472 472 471 470 470 470 449 448 448 419 419 418 418 417 416 416 415 415 414 413 412 411 411 410 410 409 408 407 407 406 442 441 440 439 438 438 437 436 435 434 433 432 431 431 430 428 427 426 425 424 423 422 421 420 418 417 416 414 349 348 347 346 344 343 341 340 338 336 335 333 332 330 328 327 325 323 321 318 316 314 312 309 308 305 302 299 296 293 290 249
474 473 473 472 471 472 471 470 470 469 448 448 448 419 418 417 418 417 416 415 415 414 414 413 412 411 410 410 409 409 408 407 406 405 404 403 403 402 401 400 399 398 434 434 433 432 431 430 429 427 426 426 425 424 422 421 420 419 417 416 416 414 413 347 346 344 343 341 340 339 338 336 334 332 331 329 327 325 323 321 320 318 316 313 311 271 269 266 263 260 257 253 250 247
473 473 472 472 472 471 470 470 470 469 448 448 447 419 418 418 417 416 415 415 415 414 413 412 411 410 411 410 409 408 407 406 406 405 404 403 402 401 400 400 399 398 397 396 395 394 393 393 392 390 389 388 387 386 384 384 383 381 380 379 377 376 375 309 308 307 306 304 303 301 299 298 296 294 292 291 289 287 285 283 281 279 277 274 272 269 267 265 262 259 255 252 248 246
474 473 472 471 471 471 470 470 469 468 469 448 447 418 418 417 417 416 415 415 414 413 413 412 411 411 410 409 408 408 407 406 405 404 403 402 402 401 400 399 398 397 396 396 395 394 393 392 390 389 388 388 387 385 384 383 382 380 379 378 377 376 374 309 307 306 304 303 301 299 299 297 295 293 292 290 288 286 284 282 279 277 276 273 271 268 265 262 259 256 252 249 246 246
473 472 472 472 471 470 470 469 469 468 468 447 446 418 418 417 416 415 414 415 414 413 412 411 410 410 410 409 408 407 406 405 405 404 403 402 401 400 399 398 398 397 396 395 394 393 392 390 390 389 388 387 385 384 383 382 381 380 379 377 376 374 373 308 306 304 304 302 301 299 297 296 294 292 290 288 287 285 283 281 279 276 274 271 269 266 263 260 257 254 250 247 247 247
473 472 471 471 470 470 470 469 468 467 468 467 446 417 417 416 416 415 414 414 413 412 412 411 410 410 409 408 407 407 406 405 404 403 402 401 401 400 399 398 397 396 395 394 394 393 391 390 389 388 387 386 385 384 383 381 380 379 377 376 375 374 373 371 306 304 302 301 299 297 296 295 293 291 289 287 285 283 281 279 277 274 272 270 267 264 261 258 255 251 247 247 247 247
472 471 472 471 470 469 469 468 468 468 467 466 445 418 417 416 415 414 414 414 413 412 411 410 409 409 409 408 407 406 405 404 403 403 402 401 400 399 398 397 397 396 395 394 393 391 390 389 389 388 387 385 384 383 381 380 379 378 377 376 374 373 371 370 304 303 301 300 299 297 295 293 291 290 288 286 283 281 280 278 275 273 270 268 265 262 259 255 252 248 247 248 248 248
472 471 471 470 469 470 469 468 467 467 467 466 445 417 416 415 415 414 414 413 412 411 410 410 409 409 408 407 406 406 405 404 403 402 401 400 399 399 398 397 396 395 394 393 392 391 390 389 388 386 385 384 383 382 381 380 378 377 376 374 373 371 371 369 304 302 300 299 297 295 293 292 290 289 287 285 283 280 278 276 273 271 268 265 262 260 257 253 249 248 248 248 248 248
471 470 471 470 469 469 468 467 467 467 466 465 464 417 416 415 414 413 413 412 412 411 410 409 408 407 408 407 406 405 404 403 402 402 401 400 399 398 397 396 395 395 393 392 391 390 389 388 386 386 385 384 382 381 380 378 377 376 375 374 372 371 369 368 302 300 299 297 296 295 293 291 289 287 285 283 281 278 276 274 272 269 267 264 261 257 254 250 248 248 248 248 248 208
471 470 470 469 468 469 468 467 466 466 465 465 464 416 415 414 413 413 412 412 411 410 409 409 408 407 406 406 405 404 404 403 402 401 400 399 398 398 397 396 394 393 392 391 390 390 389 387 386 385 384 382 381 380 379 378 377 375 374 372 371 369 368 367 365 300 298 296 295 293 291 289 287 285 284 282 279 277 275 272 270 267 264 261 258 254 250 249 249 249 249 249 208 208
470 469 470 469 468 468 467 466 466 466 465 464 463 414 415 414 413 412 411 411 411 410 409 408 407 406 405 405 404 404 403 402 401 400 400 399 397 396 395 394 393 392 392 391 390 388 387 386 385 384 383 382 381 379 378 377 375 374 372 372 370 369 367 365 364 298 296 295 293 292 290 288 286 284 282 280 277 275 272 270 267 265 262 259 255 252 249 249 249 249 249 208 208 208
470 469 469 468 467 468 467 466 465 465 464 464 463 414 414 413 412 412 411 410 410 409 408 407 407 406 405 404 403 402 401 401 400 399 398 397 396 395 395 394 393 392 391 389 388 387 387 386 384 383 382 380 379 378 376 376 375 373 372 370 369 367 365 364 362 297 296 294 292 290 288 286 284 282 280 277 276 273 271 268 265 262 259 256 252 249 249 249 249 250 209 209 209 209
469 468 469 468 467 466 466 465 465 464 464 463 462 433 413 413 412 411 410 409 409 409 408 407 406 405 404 404 403 402 401 400 399 398 397 397 396 395 394 393 392 390 389 389 388 387 385 384 383 382 380 380 379 377 376 374 373 372 370 368 367 366 365 363 361 295 294 292 290 288 286 285 283 281 278 276 273 271 268 265 262 259 256 253 250 250 250 250 250 209 209 209 209 209
469 468 468 467 466 466 466 465 464 463 463 463 462 433 412 412 411 411 410 409 408 407 406 406 406 405 404 403 402 401 400 400 399 398 397 396 395 394 392 392 391 390 389 388 386 385 384 384 382 381 380 378 377 376 374 373 372 371 369 368 366 364 363 361 359 358 292 291 289 287 285 283 280 278 276 273 271 268 266 263 260 257 253 250 250 250 250 250 209 209 209 209 210 210
468 467 466 467 466 465 465 464 464 463 462 462 461 432 411 411 411 410 409 408 407 407 406 405 404 403 403 402 402 401 400 399 398 396 395 394 394 393 392 391 390 389 387 386 386 385 384 382 381 380 378 377 376 375 374 372 371 369 368 366 364 363 362 360 358 357 291 289 287 285 283 280 278 277 274 272 269 266 263 260 257 253 250 250 250 250 251 210 210 210 210 210 210 210
468 467 466 466 465 464 464 464 463 462 461 460 461 432 431 410 409 408 409 408 407 406 405 404 403 403 402 401 400 399 398 397 397 396 395 394 393 392 391 389 389 388 387 386 384 383 382 381 379 379 378 376 375 373 372 370 369 367 367 365 363 362 360 358 356 354 289 287 284 283 281 279 277 274 272 269 266 263 260 257 253 251 251 251 251 251 210 210 210 210 210 210 210 210
467 466 465 465 465 464 463 462 462 462 461 460 459 431 430 410 409 408 407 406 406 405 405 404 403 402 401 400 399 399 398 397 396 395 394 393 391 391 390 389 388 387 385 384 383 383 381 380 379 377 376 375 373 372 371 370 368 366 365 363 361 360 358 356 355 353 351 285 283 281 279 276 274 271 269 267 264 261 257 254 251 251 251 251 251 210 210 210 210 211 211 211 211 211
467 466 465 464 464 463 463 462 461 461 460 459 459 430 430 409 408 407 406 406 405 404 403 402 401 401 401 400 399 398 396 395 394 394 393 392 391 390 389 387 386 386 385 384 382 381 380 378 377 376 375 374 372 371 369 368 366 365 363 361 360 359 357 355 353 351 349 283 281 278 276 275 272 269 267 264 260 257 253 251 251 251 251 252 211 211 211 211 211 211 211 211 211 211
465 465 464 463 463 463 462 461 460 459 460 459 458 429 428 427 407 407 406 405 404 403 402 402 401 400 399 398 397 396 396 395 394 393 392 391 389 388 388 387 386 384 383 382 381 379 379 378 376 375 373 372 371 369 367 366 365 364 362 360 358 357 355 353 351 349 348 281 279 277 274 272 269 266 263 260 257 253 252 252 252 252 252 211 211 211 211 211 211 211 211 211 212 212
464 464 464 463 462 461 461 461 460 459 458 457 457 429 428 427 406 405 404 403 404 403 402 401 400 399 398 398 397 396 395 393 392 391 390 390 389 388 387 385 384 383 382 381 380 379 377 376 375 373 372 370 370 368 366 365 363 361 360 358 356 354 353 351 349 347 345 279 276 274 271 269 266 264 261 257 254 252 252 252 252 252 211 211 211 211 212 212 212 212 212 212 212 212
464 463 462 462 462 461 460 459 459 458 458 457 456 427 427 426 405 405 404 403 402 401 400 399 399 398 397 396 395 394 393 393 392 391 390 388 387 386 385 385 383 382 381 380 378 377 375 374 374 372 371 369 368 366 364 363 361 359 359 357 355 353 351 349 347 345 342 340 273 272 269 266 263 260 257 253 252 252 252 252 252 212 212 212 212 212 212 212 212 212 212 212 212 212
463 462 462 461 460 460 459 458 458 457 457 456 455 426 426 425 404 403 403 402 401 401 400 399 398 397 396 395 395 394 392 391 390 389 388 387 387 385 384 383 382 380 379 378 376 376 375 373 372 370 369 367 366 364 363 362 360 358 356 354 352 350 348 346 345 343 340 338 271 269 266 263 260 256 252 252 253 253 253 253 212 212 212 212 212 212 212 212 212 212 213 213 213 213
462 461 461 460 459 459 459 458 457 456 455 455 454 426 425 424 423 402 402 401 400 399 398 397 396 396 395 394 393 392 391 390 389 388 387 386 385 384 382 381 380 380 378 377 376 374 373 371 370 368 368 366 364 363 361 359 358 356 354 352 351 349 347 345 342 340 337 335 268 265 262 260 256 253 253 253 253 253 253 212 212 212 212 212 213 213 213 213 213 213 213 213 213 213
461 460 460 460 459 458 457 456 455 456 455 454 453 424 423 423 422 402 401 400 399 398 398 397 396 395 394 392 391 390 390 389 388 387 386 384 383 382 382 380 379 378 376 375 374 372 372 370 369 367 366 364 362 361 359 357 356 354 352 350 348 346 344 342 339 337 334 332 266 262 259 256 253 253 253 253 253 212 212 213 213 213 213 213 213 213 213 213 213 213 213 213 213 213
460 460 459 458 457 457 457 456 455 454 453 452 453 424 423 422 421 400 399 399 398 397 396 395 394 393 392 392 391 390 388 387 386 385 385 384 382 381 380 378 377 376 374 374 373 371 370 368 367 365 363 362 361 359 357 356 354 352 350 348 346 343 342 340 337 334 332 329 262 258 255 253 253 253 254 254 213 213 213 213 213 213 213 213 213 213 213 213 214 214 214 214 214 214
459 458 458 458 457 456 455 454 454 453 453 452 451 422 421 420 420 419 398 397 396 395 394 394 393 392 391 390 389 388 387 387 385 384 383 382 380 379 378 378 376 375 373 372 370 369 367 366 365 364 362 360 359 357 355 353 351 349 348 346 344 341 339 336 334 331 328 325 321 255 254 254 254 254 254 213 213 213 213 213 213 213 214 214 214 214 214 214 214 214 214 214 214 214
458 458 457 456 455 455 454 454 453 452 451 450 449 421 421 420 419 418 397 396 395 395 394 393 392 391 389 388 388 387 386 385 384 382 381 380 380 378 377 376 374 373 371 370 368 368 366 365 363 361 360 358 356 354 353 351 349 347 345 343 340 338 335 333 330 328 325 321 318 254 254 254 254 254 213 213 213 214 214 214 214 214 214 214 214 214 214 214 214 214 214 214 215 215
457 456 456 455 455 454 453 452 451 451 450 450 449 420 419 418 417 416 396 395 394 393 392 391 390 390 389 388 386 385 384 383 382 381 380 379 378 376 375 373 372 372 370 369 367 366 364 362 361 359 357 356 354 353 351 349 346 344 342 340 337 336 333 330 327 324 320 318 318 254 254 254 213 214 214 214 214 214 214 214 214 214 214 214 214 214 215 215 215 215 215 215 215 215
456 455 455 454 453 452 452 451 451 450 449 448 447 418 417 417 416 415 394 393 392 391 391 390 389 388 387 386 384 383 383 382 381 379 378 377 375 374 374 372 371 369 368 366 365 363 361 361 359 357 355 354 352 350 348 346 343 342 340 337 335 332 329 326 323 319 318 318 319 255 255 214 214 214 214 214 214 214 214 214 214 215 215 215 215 215 215 215 215 215 215 215 215 215
455 454 453 453 452 452 451 450 449 448 447 446 447 418 417 416 415 414 413 393 392 390 389 388 387 386 385 385 384 382 381 380 379 377 376 376 374 373 371 370 369 367 365 364 363 362 360 358 356 355 353 351 349 348 346 343 341 339 336 333 331 328 325 321 319 319 319 319 319 319 214 214 214 214 214 214 215 215 215 215 215 215 215 215 215 215 215 215 215 215 215 216 216 216
453 453 452 452 451 450 449 448 448 448 447 446 445 416 415 414 414 413 412 391 390 389 388 386 386 385 384 383 382 380 379 378 377 376 375 373 372 371 369 368 367 366 364 362 361 359 357 356 354 353 351 349 347 345 342 340 338 335 332 330 328 324 321 319 319 319 319 319 278 278 214 215 215 215 215 215 215 215 215 215 215 215 215 215 215 216 216 216 216 216 216 216 216 216
453 452 451 450 449 449 448 448 447 446 445 444 443 414 414 413 412 411 410 389 388 388 387 385 384 383 382 381 379 379 378 377 375 374 373 371 370 369 368 366 365 363 362 360 358 356 356 354 352 350 348 346 343 341 339 336 335 332 329 326 323 319 319 319 319 319 319 279 279 279 215 215 215 215 215 215 215 215 215 215 216 216 216 216 216 216 216 216 216 216 216 216 216 216
451 450 449 449 449 448 447 446 445 444 443 443 442 413 412 411 410 409 409 388 387 386 385 383 382 381 381 380 378 377 376 374 373 372 371 370 368 367 365 364 362 361 360 358 356 355 353 351 349 347 345 342 341 339 336 334 331 328 325 321 319 319 319 320 320 320 279 279 279 279 215 215 215 215 215 216 216 216 216 216 216 216 216 216 216 216 216 216 216 216 217 217 217 217
449 449 449 448 447 446 445 444 444 443 442 441 440 411 410 410 409 408 407 406 385 384 382 382 381 380 379 377 376 375 373 373 372 370 369 367 366 364 363 362 360 359 357 355 353 352 350 348 347 344 342 340 337 335 332 329 326 323 320 320 320 320 320 320 279 279 279 279 279 279 279 216 216 216 216 216 216 216 216 216 216 216 216 216 217 217 217 217 217 217 217 217 217 217
449 448 447 446 445 444 444 443 442 441 440 439 439 410 409 408 407 406 405 404 384 383 381 380 379 378 376 375 375 373 372 371 369 368 366 365 364 363 361 359 358 356 354 352 350 349 347 345 343 341 338 336 333 331 328 326 322 320 320 320 320 320 320 279 279 279 280 280 280 280 280 216 216 216 216 216 216 216 216 217 217 217 217 217 217 217 217 217 217 217 217 217 217 217
447 446 445 445 444 443 442 441 440 439 439 438 437 408 407 406 405 405 404 403 382 380 379 378 377 376 375 374 372 371 370 368 367 366 365 363 362 360 358 357 355 353 352 350 348 346 344 342 339 337 334 333 330 327 324 320 320 320 320 320 320 279 280 280 280 280 280 280 280 280 280 216 216 216 217 217 217 217 217 217 217 217 217 217 217 217 217 217 217 218 218 218 218 218
445 445 444 443 442 441 440 440 439 438 437 436 435 406 406 405 404 403 402 400 379 378 378 377 375 374 373 371 370 369 368 367 365 364 362 360 359 357 356 355 353 351 349 347 345 343 340 338 336 334 331 328 325 322 320 320 320 320 321 321 280 280 280 280 280 280 280 280 280 280 281 217 217 217 217 217 217 217 217 217 217 217 217 217 218 218 218 218 218 218 218 218 218 218
444 443 442 441 440 440 439 438 437 436 435 434 434 405 404 403 402 401 399 399 398 377 375 374 373 372 370 370 368 367 365 364 362 361 359 358 357 355 353 351 349 347 345 343 342 340 337 335 332 329 326 323 320 320 321 321 321 321 280 280 280 280 280 280 280 280 281 281 281 281 281 217 217 217 217 217 217 217 217 218 218 218 218 218 218 218 218 218 218 218 218 218 218 218
442 441 441 440 439 438 437 436 435 435 434 433 432 403 402 401 400 399 398 397 396 374 373 372 371 370 369 367 366 364 363 361 360 359 357 355 354 352 350 348 346 345 343 340 338 336 333 330 327 324 321 321 321 321 321 321 321 280 280 280 280 280 281 281 281 281 281 281 281 281 281 281 217 217 218 218 218 218 218 218 218 218 218 218 218 218 218 218 218 219 219 219 219 219
441 440 439 438 437 436 436 435 434 433 432 431 430 402 400 399 398 397 396 394 393 373 371 370 369 367 366 364 363 362 361 359 357 356 354 352 350 348 347 345 343 341 339 336 334 331 328 326 323 321 321 321 321 321 321 280 280 280 281 281 281 281 281 281 281 281 281 281 281 281 282 282 218 218 218 218 218 218 218 218 218 218 218 219 219 219 219 219 219 219 219 219 219 219
439 438 437 436 436 435 434 433 432 431 430 429 428 399 398 397 396 394 394 393 391 370 369 367 366 364 364 362 361 359 358 356 354 352 351 350 348 346 344 342 339 337 334 332 330 327 324 321 321 321 321 321 321 280 281 281 281 281 281 281 281 281 281 281 281 282 282 282 282 282 282 282 218 218 218 218 218 218 219 219 219 219 219 219 219 219 219 219 219 219 219 219 219 219
