testData/tiles/oneDegree/grid46.0-42.0-47.0-43.0.asc
ncols   200
nrows   200
xllcorner   46.0
yllcorner   42.0
cellsize   0.005
NODATA_value   -9999.0
[rows 0 to 41 of 200, columns 94 to 187 of 200]
681 684 687 691 693 696 698 700 703 705 707 710 710 711 714 716 717 718 720 721 722 724 725 726 726 727 728 729 730 730 732 732 733 733 733 734 736 738 864 860 860 771 772 773 772 773 774 774 775 775 776 776 776 776 776 776 777 776 777 777 777 774 774 774 774 773 773 772 772 771 771 771 770 770 770 770 768 768 768 766 765 764 764 763 762 761 759 758 758 757 755 754 752 751
682 685 688 691 694 696 699 701 703 706 708 710 710 713 714 716 717 719 721 722 723 724 725 726 726 728 728 729 731 731 731 733 733 733 734 736 737 738 864 860 861 861 772 772 773 774 776 775 775 776 776 777 775 776 776 777 776 777 777 777 777 774 774 774 773 774 774 774 773 772 772 772 770 770 770 770 769 768 768 767 765 765 764 763 762 762 760 759 758 756 756 755 753 751
683 685 689 691 694 695 698 701 703 706 709 709 711 713 714 716 718 719 720 722 723 724 727 727 726 728 729 729 730 731 732 732 733 733 734 736 737 739 864 861 862 862 773 772 773 775 776 775 775 776 777 777 777 776 777 777 777 777 778 778 777 777 775 775 774 774 774 774 773 773 772 772 771 771 771 769 769 769 769 767 766 765 764 763 763 762 761 759 758 757 756 755 753 751
682 686 689 692 694 697 699 702 704 707 708 710 711 713 715 716 717 720 721 722 724 725 725 727 727 728 729 731 730 732 732 733 734 733 735 737 738 739 735 861 862 862 862 773 775 776 776 776 776 777 777 777 777 777 777 778 777 778 778 778 778 778 775 775 774 774 775 775 774 774 774 771 771 771 771 770 770 769 769 768 767 766 764 764 763 762 761 761 759 757 756 756 754 752
683 686 690 692 694 698 700 702 704 707 708 710 713 713 715 717 717 719 721 722 723 726 726 727 727 728 729 730 731 731 733 733 733 735 736 737 738 738 736 862 863 864 862 774 775 776 777 777 776 777 778 777 778 777 778 777 778 778 778 778 778 778 775 775 775 775 775 774 774 774 774 773 772 772 771 770 770 770 768 768 768 766 765 764 764 762 762 761 758 758 757 756 754 753
685 687 690 692 694 697 700 702 705 708 708 710 713 715 715 717 718 720 722 723 724 725 726 727 728 729 730 730 731 732 732 734 734 736 736 738 739 739 736 862 863 864 864 865 776 776 776 777 777 777 778 778 778 778 778 778 778 778 779 778 778 779 776 775 775 775 775 774 774 774 774 773 773 772 771 771 770 770 769 768 768 767 765 765 764 763 762 761 760 758 757 755 755 754
684 688 690 692 695 698 700 703 706 706 709 710 713 715 716 716 719 720 721 723 724 725 727 728 728 729 730 730 732 732 733 733 734 737 737 738 738 735 736 737 863 863 864 865 776 777 777 777 777 778 777 778 779 779 778 778 778 779 778 779 779 779 776 775 776 776 775 775 775 775 774 774 774 772 771 771 771 770 769 769 768 767 766 765 764 763 762 762 760 758 758 756 755 754
685 689 690 692 696 698 700 702 705 707 708 711 713 715 715 716 719 721 722 723 725 725 726 728 729 728 730 731 731 733 733 733 736 737 738 738 739 736 737 738 864 865 865 866 867 776 777 778 779 778 778 778 779 780 778 778 779 779 779 779 779 779 779 776 776 776 775 775 775 775 774 774 774 774 772 771 771 770 770 769 769 767 767 766 764 763 763 761 761 759 758 756 756 755
686 688 691 693 696 699 701 703 706 707 709 712 714 715 716 718 719 720 722 723 724 726 727 728 729 730 730 731 732 732 732 734 736 737 739 738 739 736 737 738 864 865 866 866 867 777 778 778 779 778 778 779 779 779 778 779 779 780 779 779 780 780 779 776 776 777 776 776 776 775 775 775 774 773 773 772 772 770 770 770 768 768 767 766 764 764 763 762 761 760 758 757 756 754
686 689 690 693 697 699 702 703 705 708 709 712 714 715 716 718 720 721 723 723 725 726 727 728 729 730 730 731 732 733 733 735 737 738 739 738 736 737 738 740 740 866 867 867 866 867 778 779 779 778 779 779 780 779 779 779 780 779 779 780 780 779 779 777 777 776 776 776 776 775 775 775 775 774 773 773 771 771 770 770 769 768 768 766 765 764 764 762 761 761 758 757 756 755
686 689 691 693 697 699 701 704 706 707 710 713 714 715 717 718 720 721 721 724 725 726 728 728 729 731 730 731 733 732 733 736 737 738 739 739 736 737 738 739 740 866 867 867 867 868 778 779 779 778 779 780 780 780 780 780 780 779 780 780 780 780 780 777 777 776 776 776 776 775 775 775 774 774 774 774 771 771 771 769 769 769 768 767 765 765 763 762 762 761 759 758 757 755
687 689 691 695 697 700 701 704 706 708 710 713 713 715 717 718 720 722 722 724 726 726 727 728 730 730 731 731 732 732 735 736 738 739 739 740 736 738 740 740 741 867 867 866 867 868 779 779 779 780 779 780 780 780 781 781 780 781 781 782 780 780 780 780 777 777 777 777 776 776 776 776 775 774 774 774 773 772 771 770 769 769 769 767 767 765 763 763 762 760 760 758 756 755
687 690 692 695 697 698 701 704 706 708 711 712 714 715 718 720 720 720 722 724 725 727 728 727 730 731 731 732 731 733 735 737 738 738 739 737 737 739 739 740 741 742 868 868 868 868 869 779 780 780 780 780 781 782 782 781 781 781 782 782 781 781 782 781 777 777 777 777 776 776 776 775 775 775 775 773 773 773 772 770 770 769 768 768 767 764 764 763 763 761 760 758 757 756
688 690 693 696 698 699 703 705 706 709 712 712 714 716 718 720 720 721 723 725 725 726 727 729 730 731 732 731 732 734 736 737 738 739 740 737 737 739 739 740 741 742 867 868 868 869 870 779 780 781 781 781 781 782 782 781 781 782 782 781 782 782 782 781 778 778 778 777 777 777 777 776 775 775 775 774 774 773 771 771 770 770 768 768 767 766 764 764 762 761 761 760 757 756
687 691 693 695 697 699 702 705 707 709 711 713 714 716 719 720 720 721 723 725 726 727 728 729 730 732 732 731 732 735 736 737 738 739 736 738 739 739 740 741 742 743 743 869 868 869 869 870 780 782 782 781 782 782 783 782 782 782 782 782 782 782 782 782 779 779 778 777 777 777 777 776 776 776 774 774 774 774 772 771 771 769 769 768 768 766 765 764 762 762 761 759 757 757
688 690 694 696 697 700 703 705 707 708 711 713 714 717 719 719 719 722 724 724 726 726 727 730 730 731 732 731 733 735 737 738 738 740 737 738 740 739 740 741 742 742 743 869 869 870 869 871 782 782 782 782 782 783 782 783 782 782 783 782 782 783 783 782 782 779 778 778 777 777 776 776 776 776 775 775 774 773 773 771 771 770 769 769 767 767 765 764 763 762 761 760 758 757
689 691 693 697 698 700 703 705 707 710 711 713 715 717 719 720 721 721 724 725 725 727 728 729 731 732 731 733 734 736 737 737 739 740 737 739 739 740 741 742 743 743 744 869 870 869 871 872 872 783 782 782 783 783 783 783 782 783 782 783 783 783 782 782 783 780 779 779 779 778 777 777 777 775 775 775 775 774 773 773 770 770 770 769 768 767 766 764 763 763 761 760 759 757
688 692 694 696 698 701 703 706 706 709 712 713 714 718 718 719 721 722 723 725 725 726 729 730 730 731 732 733 735 736 736 738 739 736 738 739 740 740 741 742 742 743 744 745 871 870 871 872 873 782 783 782 783 783 783 783 783 783 783 783 783 783 783 783 783 779 779 779 779 778 777 777 777 776 776 775 775 774 774 773 771 770 770 769 768 767 767 764 764 763 761 760 760 757
689 690 694 697 699 702 704 704 707 710 711 714 715 716 719 720 721 723 724 724 726 727 728 730 731 730 732 735 735 736 737 738 739 737 739 739 740 740 741 742 742 743 744 745 870 871 872 872 873 873 783 783 783 783 783 784 783 783 783 783 784 783 783 783 783 779 780 780 780 779 778 777 777 776 776 776 775 774 774 774 772 771 770 769 768 768 766 766 764 763 762 761 760 757
688 691 695 697 699 702 704 705 707 710 712 714 715 717 719 720 721 724 724 724 726 727 729 731 730 731 732 735 735 736 737 739 736 737 738 740 741 742 742 742 743 744 745 746 746 871 872 873 872 873 784 784 783 783 784 784 785 783 783 784 784 783 783 784 784 783 780 780 779 779 779 778 777 777 776 776 775 775 774 773 773 771 771 769 769 768 767 766 764 763 762 761 759 758
689 691 695 698 700 702 704 705 708 711 712 714 716 717 718 721 722 724 724 725 726 728 729 729 731 731 733 735 737 736 738 739 736 739 739 740 741 742 741 742 743 744 745 746 747 873 872 873 873 873 784 785 783 784 784 785 784 783 784 784 783 784 784 784 783 783 780 780 779 779 779 779 777 777 777 776 775 775 775 773 773 773 770 770 769 769 767 766 765 763 762 762 760 759
689 693 695 697 700 701 703 706 708 710 713 713 715 718 719 720 723 723 723 725 726 728 730 729 730 732 734 736 736 737 738 739 737 738 739 740 741 743 742 743 744 745 746 746 747 873 873 872 873 874 874 784 784 784 785 785 784 784 784 784 784 784 784 784 783 784 781 780 780 780 780 779 778 777 777 776 776 775 774 774 773 773 771 770 770 768 767 767 765 763 763 762 760 759
689 692 696 698 699 703 704 705 709 711 712 714 716 717 719 721 722 724 724 725 727 728 728 730 730 732 735 735 737 737 738 736 736 738 740 741 742 742 742 743 744 745 746 747 748 748 872 873 873 874 875 784 784 784 785 784 785 784 784 784 784 784 784 784 784 784 781 780 780 780 780 779 779 778 776 776 776 776 774 774 774 772 771 770 770 768 768 767 765 764 763 761 761 760
690 693 695 698 700 702 704 706 708 711 712 713 716 718 719 721 722 723 725 725 727 728 729 729 731 733 735 736 737 737 739 736 738 739 740 741 742 742 743 743 744 745 746 747 748 749 872 873 874 875 874 875 785 785 784 785 785 785 785 784 784 785 785 784 784 784 780 780 780 780 779 779 779 779 777 777 776 775 775 774 774 773 772 771 769 769 768 767 766 764 763 762 761 760
689 694 696 697 701 703 704 706 709 710 712 714 716 718 719 719 723 724 725 725 727 727 729 730 731 734 734 736 737 739 735 736 738 739 740 742 742 743 744 744 745 746 747 747 748 748 749 874 874 875 875 875 786 785 785 785 785 786 784 784 785 785 784 784 785 785 784 781 781 781 780 780 780 778 777 777 777 775 775 775 773 773 773 771 770 769 769 767 766 766 763 762 761 759
690 693 695 697 700 703 704 707 708 710 711 715 716 718 719 721 722 724 725 725 727 728 729 730 732 733 735 736 738 739 736 736 738 740 741 741 742 743 744 744 745 746 747 748 749 748 749 874 875 874 875 875 786 784 785 785 786 786 785 785 785 785 785 785 785 784 784 781 781 780 780 780 780 779 779 777 776 776 776 775 774 773 773 770 770 769 769 767 767 766 763 762 762 760
690 693 695 698 701 703 706 707 708 710 712 715 717 718 719 721 722 724 725 724 727 728 729 730 732 734 735 737 738 740 735 737 739 740 741 741 742 744 745 745 746 746 747 748 748 749 750 874 875 875 875 876 876 785 785 786 786 786 785 785 785 785 785 785 785 784 784 782 782 781 780 780 779 779 779 778 776 776 776 775 774 774 773 772 770 770 768 768 767 765 764 763 761 760
690 693 695 697 701 703 706 707 708 711 712 715 717 717 719 722 723 724 726 727 727 728 729 731 732 734 736 737 739 735 735 738 739 740 741 742 743 744 745 746 746 747 748 749 748 749 750 750 874 875 876 876 876 785 786 786 786 786 786 786 785 785 785 785 785 785 785 782 781 781 781 781 780 779 779 778 777 777 776 775 775 774 773 772 771 770 769 768 767 766 764 763 761 761
690 693 696 699 702 704 705 707 709 710 713 715 716 718 719 721 723 724 724 727 727 728 730 730 733 735 736 738 739 735 737 738 739 741 741 742 743 744 744 746 746 747 748 748 749 750 750 749 875 875 876 877 876 877 786 786 786 786 787 786 785 785 786 786 785 785 785 782 781 781 781 780 780 780 780 778 777 777 776 775 775 774 773 773 771 770 769 768 767 766 765 764 762 761
691 693 696 699 701 703 705 708 709 711 713 715 716 717 720 722 723 724 725 727 727 728 730 731 733 735 736 738 734 736 738 739 740 740 741 742 744 745 746 747 747 748 747 748 749 750 751 750 750 876 876 876 876 877 786 786 787 788 788 785 786 786 786 785 785 785 786 785 782 782 782 780 780 780 779 779 779 777 776 776 775 774 773 773 772 770 769 769 767 766 766 763 762 761
691 694 696 700 701 703 705 708 709 711 713 714 716 718 720 722 722 723 725 727 727 729 729 731 734 735 737 737 735 736 739 739 739 740 742 743 744 744 746 747 747 748 748 749 749 750 750 751 750 876 876 876 877 878 878 787 788 788 788 787 787 787 786 786 786 786 786 785 782 782 781 781 781 781 779 779 779 777 776 776 776 774 774 773 772 770 770 768 767 767 766 763 762 762
691 694 696 698 701 703 706 709 709 711 713 715 716 718 720 721 723 724 725 727 728 728 730 731 734 736 736 734 735 737 739 738 740 741 742 743 743 745 746 747 747 747 748 749 750 751 750 751 751 751 876 877 878 879 877 788 788 788 788 787 787 787 787 786 786 786 785 785 782 782 781 781 781 780 780 779 779 778 777 776 775 775 774 774 772 771 770 768 768 767 765 764 763 761
691 694 697 699 701 704 706 708 710 710 713 715 716 718 721 721 722 724 726 727 728 728 730 733 734 736 737 734 736 738 739 740 740 741 742 744 744 746 747 748 748 748 749 749 750 750 751 751 751 751 877 878 878 879 878 788 788 789 788 788 788 788 787 787 787 785 786 786 783 782 782 781 781 780 780 780 779 778 777 777 775 775 774 773 772 772 769 769 768 767 766 765 763 761
692 694 695 699 701 703 707 709 709 711 713 714 717 718 719 721 722 723 726 727 728 729 731 733 735 735 737 735 736 738 739 740 740 742 743 743 744 746 747 748 748 748 749 750 750 750 751 752 752 752 753 878 879 878 879 878 789 788 788 789 788 787 787 788 788 787 786 786 783 782 782 782 781 781 780 780 779 779 777 776 776 775 775 773 773 772 770 769 768 767 766 765 763 762
691 694 696 699 702 704 706 708 710 710 714 715 716 717 720 721 723 724 726 727 728 729 731 734 734 736 733 735 736 738 739 740 741 742 742 743 745 746 747 747 748 748 749 750 750 751 751 752 753 752 753 879 878 879 879 879 788 788 789 789 787 787 788 788 787 787 787 786 785 782 782 782 781 781 781 779 779 779 779 776 776 776 774 774 773 772 770 769 769 767 766 766 763 762
691 693 697 699 701 704 706 707 710 712 713 715 716 718 720 721 723 724 725 727 729 731 731 733 735 736 734 735 737 738 739 741 741 742 742 744 746 747 747 748 749 749 750 749 750 751 752 751 753 753 753 754 878 879 879 879 878 789 789 789 788 788 788 788 787 787 788 786 786 783 783 781 781 781 781 780 780 779 778 777 776 776 774 774 773 772 770 770 768 767 767 765 763 762
691 694 697 700 702 702 706 708 709 712 713 714 716 718 720 722 723 724 726 727 729 731 732 733 735 733 734 736 737 738 740 741 742 742 743 744 746 747 747 748 749 750 749 750 751 751 752 753 753 753 754 753 879 879 880 878 879 789 789 789 788 788 788 788 788 788 788 787 786 783 783 782 782 782 780 780 780 780 778 777 777 775 775 774 773 772 772 770 768 768 767 765 764 763
691 694 697 699 701 703 706 708 710 712 714 714 716 719 720 722 722 724 726 728 730 731 732 734 735 733 734 735 737 739 740 741 742 742 743 745 746 746 748 748 749 750 749 750 751 752 752 753 754 753 753 754 754 880 880 880 879 789 790 789 789 788 788 788 788 788 787 787 787 783 782 782 782 782 781 780 780 779 779 778 777 776 775 775 773 773 772 769 769 768 766 766 765 762
691 694 698 700 701 704 706 708 710 713 712 715 716 719 720 721 722 724 726 728 730 731 732 734 732 733 734 735 738 739 741 741 742 742 744 746 746 747 748 749 750 750 750 750 751 751 753 753 754 755 753 754 754 880 879 880 879 880 789 789 790 789 788 788 788 788 788 788 788 783 783 782 782 781 781 781 781 779 779 779 776 776 775 774 773 773 772 770 769 768 767 766 765 762
692 694 697 699 701 704 707 708 710 712 713 715 716 718 721 721 722 725 727 729 729 731 734 735 732 734 734 736 738 740 741 741 742 743 744 746 746 747 748 749 749 750 750 751 752 752 753 754 754 754 754 754 755 754 880 880 880 879 789 790 790 788 788 788 789 788 788 788 788 787 783 783 782 781 781 781 780 780 779 778 777 776 776 774 774 773 772 770 769 768 767 766 765 763
691 695 697 699 701 704 706 709 709 712 713 714 717 719 719 721 722 725 727 728 730 731 734 731 732 733 735 737 738 740 740 742 743 743 745 745 746 747 749 749 749 750 750 751 751 753 753 754 754 754 754 755 755 755 880 881 880 879 790 790 790 788 789 789 788 788 788 788 787 787 783 783 782 782 782 780 780 780 780 778 778 777 775 775 774 773 772 771 770 768 767 767 765 763
692 693 697 699 701 705 706 707 710 712 714 715 716 718 719 721 723 726 727 728 730 732 735 731 732 733 735 737 739 739 741 742 743 744 745 746 747 748 749 749 750 751 752 750 752 753 754 754 754 755 754 755 754 755 755 881 879 880 880 790 790 789 789 789 788 788 788 789 788 788 784 782 782 782 782 781 781 780 779 779 778 777 775 775 774 773 772 772 769 768 768 766 765 763
