testData/tiles/oneDegree/grid33.0-6.0-34.0-7.0.asc
ncols   200
nrows   200
xllcorner   33.0
yllcorner   6.0
cellsize   0.005
NODATA_value   -9999.0
[rows 126 to 167 of 200, columns 0 to 93 of 200]
230 230 230 231 231 231 231 232 232 232 232 232 233 233 233 233 234 234 234 234 235 235 235 235 235 236 236 236 236 237 237 237 237 237 238 238 238 238 238 239 239 239 239 239 240 240 240 240 240 241 241 241 241 241 241 242 242 242 242 242 243 243 243 243 243 243 244 244 244 244 244 244 245 245 245 245 245 245 245 246 246 246 246 246 246 247 247 247 247 247 247 247 248 248
230 230 230 231 231 231 231 232 232 232 232 233 233 233 233 234 234 234 234 235 235 235 235 235 236 236 236 236 236 237 237 237 237 238 238 238 238 238 239 239 239 239 239 240 240 240 240 240 241 241 241 241 241 241 242 242 242 242 242 243 243 243 243 243 243 244 244 244 244 244 244 245 245 245 245 245 245 245 246 246 246 246 246 246 247 247 247 247 247 247 247 248 248 248
230 230 231 231 231 231 232 232 232 232 233 233 233 233 234 234 234 234 234 235 235 235 235 236 236 236 236 236 237 237 237 237 238 238 238 238 238 239 239 239 239 239 240 240 240 240 240 240 241 241 241 241 241 242 242 242 242 242 242 243 243 243 243 243 244 244 244 244 244 244 245 245 245 245 245 245 245 246 246 246 246 246 246 247 247 247 247 247 247 247 248 248 248 248
230 231 231 231 231 232 232 232 232 233 233 233 233 233 234 234 234 234 235 235 235 235 236 236 236 236 236 237 237 237 237 237 238 238 238 238 239 239 239 239 239 239 240 240 240 240 240 241 241 241 241 241 242 242 242 242 242 242 243 243 243 243 243 244 244 244 244 244 244 245 245 245 245 245 245 245 246 246 246 246 246 246 247 247 247 247 247 247 247 248 248 248 248 248
231 231 231 231 232 232 232 232 232 233 233 233 233 234 234 234 234 235 235 235 235 235 236 236 236 236 237 237 237 237 237 238 238 238 238 238 239 239 239 239 239 240 240 240 240 240 241 241 241 241 241 242 242 242 242 242 242 243 243 243 243 243 244 244 244 244 244 244 245 245 245 245 245 245 245 246 246 246 246 246 246 247 247 247 247 247 247 247 248 248 248 248 248 248
231 231 231 231 232 232 232 232 233 233 233 233 234 234 234 234 235 235 235 235 235 236 236 236 236 237 237 237 237 237 238 238 238 238 238 239 239 239 239 239 240 240 240 240 240 241 241 241 241 241 242 242 242 242 242 242 243 243 243 243 243 244 244 244 244 244 244 245 245 245 245 245 245 245 246 246 246 246 246 246 247 247 247 247 247 247 247 248 248 248 248 248 248 248
231 231 231 232 232 232 232 233 233 233 233 234 234 234 234 234 235 235 235 235 236 236 236 236 236 237 237 237 237 238 238 238 238 238 239 239 239 239 239 240 240 240 240 240 241 241 241 241 241 242 242 242 242 242 242 243 243 243 243 243 243 244 244 244 244 244 245 245 245 245 245 245 245 246 246 246 246 246 246 247 247 247 247 247 247 247 248 248 248 248 248 248 248 249
231 231 232 232 232 232 233 233 233 233 233 234 234 234 234 235 235 235 235 236 236 236 236 236 237 237 237 237 238 238 238 238 238 239 239 239 239 239 240 240 240 240 240 241 241 241 241 241 241 242 242 242 242 242 243 243 243 243 243 243 244 244 244 244 244 244 245 245 245 245 245 245 246 246 246 246 246 246 247 247 247 247 247 247 247 248 248 248 248 248 248 248 249 249
231 231 232 232 232 232 233 233 233 233 234 234 234 234 235 235 235 235 236 236 236 236 236 237 237 237 237 237 238 238 238 238 239 239 239 239 239 240 240 240 240 240 241 241 241 241 241 241 242 242 242 242 242 243 243 243 243 243 243 244 244 244 244 244 244 245 245 245 245 245 245 246 246 246 246 246 246 247 247 247 247 247 247 247 248 248 248 248 248 248 248 249 249 249
231 232 232 232 232 233 233 233 233 234 234 234 234 235 235 235 235 235 236 236 236 236 237 237 237 237 237 238 238 238 238 238 239 239 239 239 239 240 240 240 240 240 241 241 241 241 241 242 242 242 242 242 243 243 243 243 243 243 244 244 244 244 244 244 245 245 245 245 245 245 246 246 246 246 246 246 247 247 247 247 247 247 247 248 248 248 248 248 248 248 249 249 249 249
232 232 232 232 233 233 233 233 234 234 234 234 234 235 235 235 235 236 236 236 236 237 237 237 237 237 238 238 238 238 238 239 239 239 239 239 240 240 240 240 240 241 241 241 241 241 242 242 242 242 242 243 243 243 243 243 243 244 244 244 244 244 244 245 245 245 245 245 245 246 246 246 246 246 246 247 247 247 247 247 247 247 248 248 248 248 248 248 249 249 249 249 249 249
232 232 232 232 233 233 233 233 234 234 234 234 235 235 235 235 236 236 236 236 236 237 237 237 237 238 238 238 238 238 239 239 239 239 239 240 240 240 240 240 241 241 241 241 241 242 242 242 242 242 242 243 243 243 243 243 244 244 244 244 244 244 245 245 245 245 245 245 246 246 246 246 246 246 247 247 247 247 247 247 247 248 248 248 248 248 248 249 249 249 249 249 249 249
232 232 232 233 233 233 233 234 234 234 234 235 235 235 235 235 236 236 236 236 237 237 237 237 237 238 238 238 238 239 239 239 239 239 240 240 240 240 240 241 241 241 241 241 242 242 242 242 242 242 243 243 243 243 243 244 244 244 244 244 244 245 245 245 245 245 245 246 246 246 246 246 246 247 247 247 247 247 247 247 248 248 248 248 248 248 249 249 249 249 249 249 249 249
232 232 233 233 233 233 234 234 234 234 234 235 235 235 235 236 236 236 236 237 237 237 237 237 238 238 238 238 238 239 239 239 239 240 240 240 240 240 241 241 241 241 241 241 242 242 242 242 242 243 243 243 243 243 244 244 244 244 244 244 245 245 245 245 245 245 246 246 246 246 246 246 247 247 247 247 247 247 247 248 248 248 248 248 248 249 249 249 249 249 249 249 250 250
232 232 233 233 233 233 234 234 234 234 235 235 235 235 236 236 236 236 236 237 237 237 237 238 238 238 238 238 239 239 239 239 239 240 240 240 240 240 241 241 241 241 241 242 242 242 242 242 243 243 243 243 243 244 244 244 244 244 244 245 245 245 245 245 245 246 246 246 246 246 246 247 247 247 247 247 247 247 248 248 248 248 248 248 249 249 249 249 249 249 249 250 250 250
232 233 233 233 233 234 234 234 234 235 235 235 235 236 236 236 236 236 237 237 237 237 238 238 238 238 238 239 239 239 239 239 240 240 240 240 240 241 241 241 241 241 242 242 242 242 242 243 243 243 243 243 243 244 244 244 244 244 245 245 245 245 245 245 246 246 246 246 246 246 247 247 247 247 247 247 247 248 248 248 248 248 248 249 249 249 249 249 249 249 250 250 250 250
233 233 233 233 234 234 234 234 235 235 235 235 235 236 236 236 236 237 237 237 237 237 238 238 238 238 239 239 239 239 239 240 240 240 240 240 241 241 241 241 241 242 242 242 242 242 243 243 243 243 243 243 244 244 244 244 244 245 245 245 245 245 245 246 246 246 246 246 246 247 247 247 247 247 247 247 248 248 248 248 248 248 249 249 249 249 249 249 249 250 250 250 250 250
233 233 233 233 234 234 234 234 235 235 235 235 236 236 236 236 237 237 237 237 237 238 238 238 238 238 239 239 239 239 240 240 240 240 240 241 241 241 241 241 242 242 242 242 242 242 243 243 243 243 243 244 244 244 244 244 244 245 245 245 245 245 246 246 246 246 246 246 247 247 247 247 247 247 247 248 248 248 248 248 248 249 249 249 249 249 249 249 250 250 250 250 250 250
233 233 233 234 234 234 234 235 235 235 235 236 236 236 236 236 237 237 237 237 238 238 238 238 238 239 239 239 239 239 240 240 240 240 241 241 241 241 241 241 242 242 242 242 242 243 243 243 243 243 244 244 244 244 244 244 245 245 245 245 245 245 246 246 246 246 246 246 247 247 247 247 247 247 248 248 248 248 248 248 249 249 249 249 249 249 249 250 250 250 250 250 250 250
233 233 234 234 234 234 235 235 235 235 235 236 236 236 236 237 237 237 237 237 238 238 238 238 239 239 239 239 239 240 240 240 240 240 241 241 241 241 241 242 242 242 242 242 243 243 243 243 243 244 244 244 244 244 244 245 245 245 245 245 245 246 246 246 246 246 246 247 247 247 247 247 247 248 248 248 248 248 248 249 249 249 249 249 249 249 250 250 250 250 250 250 250 250
233 233 234 234 234 234 235 235 235 235 236 236 236 236 237 237 237 237 237 238 238 238 238 239 239 239 239 239 240 240 240 240 240 241 241 241 241 241 242 242 242 242 242 243 243 243 243 243 243 244 244 244 244 244 245 245 245 245 245 245 246 246 246 246 246 246 247 247 247 247 247 247 248 248 248 248 248 248 248 249 249 249 249 249 249 250 250 250 250 250 250 250 250 251
233 234 234 234 234 235 235 235 235 236 236 236 236 236 237 237 237 237 238 238 238 238 238 239 239 239 239 240 240 240 240 240 241 241 241 241 241 242 242 242 242 242 243 243 243 243 243 243 244 244 244 244 244 245 245 245 245 245 245 246 246 246 246 246 246 247 247 247 247 247 247 248 248 248 248 248 248 248 249 249 249 249 249 249 250 250 250 250 250 250 250 251 251 251
234 234 234 234 235 235 235 235 235 236 236 236 236 237 237 237 237 238 238 238 238 238 239 239 239 239 239 240 240 240 240 240 241 241 241 241 241 242 242 242 242 242 243 243 243 243 243 244 244 244 244 244 245 245 245 245 245 245 246 246 246 246 246 246 247 247 247 247 247 247 248 248 248 248 248 248 248 249 249 249 249 249 249 250 250 250 250 250 250 250 250 251 251 251
234 234 234 234 235 235 235 235 236 236 236 236 237 237 237 237 237 238 238 238 238 239 239 239 239 239 240 240 240 240 240 241 241 241 241 241 242 242 242 242 242 243 243 243 243 243 244 244 244 244 244 244 245 245 245 245 245 246 246 246 246 246 246 247 247 247 247 247 247 248 248 248 248 248 248 248 249 249 249 249 249 249 249 250 250 250 250 250 250 250 251 251 251 251
234 234 234 235 235 235 235 236 236 236 236 236 237 237 237 237 238 238 238 238 238 239 239 239 239 240 240 240 240 240 241 241 241 241 241 242 242 242 242 242 243 243 243 243 243 244 244 244 244 244 244 245 245 245 245 245 245 246 246 246 246 246 247 247 247 247 247 247 247 248 248 248 248 248 248 249 249 249 249 249 249 249 250 250 250 250 250 250 250 251 251 251 251 251
113 234 234 235 235 235 235 236 236 236 236 237 237 237 237 238 238 238 238 238 239 239 239 239 239 240 240 240 240 241 241 241 241 241 242 242 242 242 242 243 243 243 243 243 243 244 244 244 244 244 245 245 245 245 245 245 246 246 246 246 246 246 247 247 247 247 247 247 248 248 248 248 248 248 249 249 249 249 249 249 249 250 250 250 250 250 250 250 251 251 251 251 251 251
113 113 114 235 235 235 236 236 236 236 237 237 237 237 237 238 238 238 238 239 239 239 239 239 240 240 240 240 240 241 241 241 241 241 242 242 242 242 242 243 243 243 243 243 244 244 244 244 244 245 245 245 245 245 245 246 246 246 246 246 246 247 247 247 247 247 247 248 248 248 248 248 248 249 249 249 249 249 249 249 250 250 250 250 250 250 250 251 251 251 251 251 251 251
113 114 114 114 114 115 236 236 236 236 237 237 237 237 238 238 238 238 238 239 239 239 239 240 240 240 240 240 241 241 241 241 241 242 242 242 242 242 243 243 243 243 243 244 244 244 244 244 244 245 245 245 245 245 246 246 246 246 246 246 247 247 247 247 247 247 248 248 248 248 248 248 249 249 249 249 249 249 249 250 250 250 250 250 250 250 251 251 251 251 251 251 251 252
113 114 114 114 114 115 115 115 115 237 237 237 237 238 238 238 238 238 239 239 239 239 239 240 240 240 240 241 241 241 241 241 242 242 242 242 242 243 243 243 243 243 244 244 244 244 244 244 245 245 245 245 245 246 246 246 246 246 246 247 247 247 247 247 247 248 248 248 248 248 248 249 249 249 249 249 249 249 250 250 250 250 250 250 250 251 251 251 251 251 251 251 252 252
114 114 114 114 115 115 115 115 116 116 116 116 237 238 238 238 238 239 239 239 239 239 240 240 240 240 240 241 241 241 241 241 242 242 242 242 242 243 243 243 243 243 244 244 244 244 244 245 245 245 245 245 245 246 246 246 246 246 247 247 247 247 247 247 248 248 248 248 248 248 248 249 249 249 249 249 249 250 250 250 250 250 250 250 251 251 251 251 251 251 251 252 252 252
114 114 114 114 115 115 115 115 116 116 116 116 117 117 238 238 238 239 239 239 239 240 240 240 240 240 241 241 241 241 241 242 242 242 242 242 243 243 243 243 243 244 244 244 244 244 245 245 245 245 245 245 246 246 246 246 246 246 247 247 247 247 247 247 248 248 248 248 248 248 249 249 249 249 249 249 250 250 250 250 250 250 250 251 251 251 251 251 251 251 252 252 252 252
114 114 114 115 115 115 115 116 116 116 116 116 117 117 117 117 118 239 239 239 239 240 240 240 240 241 241 241 241 241 242 242 242 242 242 243 243 243 243 243 244 244 244 244 244 244 245 245 245 245 245 246 246 246 246 246 246 247 247 247 247 247 247 248 248 248 248 248 248 249 249 249 249 249 249 250 250 250 250 250 250 250 251 251 251 251 251 251 251 252 252 252 252 252
114 114 115 115 115 115 115 116 116 116 116 117 117 117 117 118 118 118 118 118 119 240 240 240 240 241 241 241 241 242 242 242 242 242 243 243 243 243 243 243 244 244 244 244 244 245 245 245 245 245 246 246 246 246 246 246 247 247 247 247 247 247 248 248 248 248 248 248 249 249 249 249 249 249 249 250 250 250 250 250 250 251 251 251 251 251 251 251 252 252 252 252 252 252
114 114 115 115 115 115 116 116 116 116 117 117 117 117 117 118 118 118 118 119 119 119 119 119 241 241 241 241 241 242 242 242 242 242 243 243 243 243 243 244 244 244 244 244 245 245 245 245 245 245 246 246 246 246 246 247 247 247 247 247 247 248 248 248 248 248 248 249 249 249 249 249 249 249 250 250 250 250 250 250 251 251 251 251 251 251 251 252 252 252 252 252 252 252
114 115 115 115 115 116 116 116 116 116 117 117 117 117 118 118 118 118 118 119 119 119 119 120 120 120 120 241 242 242 242 242 242 243 243 243 243 243 244 244 244 244 244 245 245 245 245 245 245 246 246 246 246 246 246 247 247 247 247 247 248 248 248 248 248 248 248 249 249 249 249 249 249 250 250 250 250 250 250 250 251 251 251 251 251 251 252 252 252 252 252 252 252 252
114 115 115 115 115 116 116 116 116 117 117 117 117 117 118 118 118 118 119 119 119 119 119 120 120 120 120 121 121 121 121 242 243 243 243 243 243 243 244 244 244 244 244 245 245 245 245 245 246 246 246 246 246 246 247 247 247 247 247 247 248 248 248 248 248 248 249 249 249 249 249 249 250 250 250 250 250 250 250 251 251 251 251 251 251 251 252 252 252 252 252 252 252 253
115 115 115 115 116 116 116 116 116 117 117 117 117 118 118 118 118 119 119 119 119 119 120 120 120 120 120 121 121 121 121 121 122 122 122 243 243 244 244 244 244 244 245 245 245 245 245 246 246 246 246 246 246 247 247 247 247 247 247 248 248 248 248 248 248 249 249 249 249 249 249 250 250 250 250 250 250 250 251 251 251 251 251 251 251 252 252 252 252 252 252 252 253 253
115 115 115 115 116 116 116 116 117 117 117 117 118 118 118 118 118 119 119 119 119 120 120 120 120 120 121 121 121 121 121 122 122 122 122 122 123 123 123 244 244 245 245 245 245 245 245 246 246 246 246 246 247 247 247 247 247 247 248 248 248 248 248 248 249 249 249 249 249 249 250 250 250 250 250 250 250 251 251 251 251 251 251 251 252 252 252 252 252 252 252 253 253 253
115 115 115 116 116 116 116 117 117 117 117 117 118 118 118 118 119 119 119 119 119 120 120 120 120 120 121 121 121 121 122 122 122 122 122 122 123 123 123 123 123 124 124 245 245 245 246 246 246 246 246 246 247 247 247 247 247 248 248 248 248 248 248 249 249 249 249 249 249 249 250 250 250 250 250 250 251 251 251 251 251 251 251 252 252 252 252 252 252 252 253 253 253 253
115 115 115 116 116 116 116 117 117 117 117 118 118 118 118 118 119 119 119 119 120 120 120 120 120 121 121 121 121 121 122 122 122 122 122 123 123 123 123 123 124 124 124 124 124 125 125 246 246 246 246 247 247 247 247 247 247 248 248 248 248 248 248 249 249 249 249 249 249 250 250 250 250 250 250 251 251 251 251 251 251 251 252 252 252 252 252 252 252 253 253 253 253 253
115 115 116 116 116 116 117 117 117 117 117 118 118 118 118 119 119 119 119 119 120 120 120 120 121 121 121 121 121 122 122 122 122 122 123 123 123 123 123 124 124 124 124 124 124 125 125 125 125 125 126 126 247 247 247 247 248 248 248 248 248 248 249 249 249 249 249 249 250 250 250 250 250 250 250 251 251 251 251 251 251 252 252 252 252 252 252 252 253 253 253 253 253 253
115 116 116 116 116 116 117 117 117 117 118 118 118 118 119 119 119 119 119 120 120 120 120 120 121 121 121 121 121 122 122 122 122 122 123 123 123 123 123 124 124 124 124 124 125 125 125 125 125 125 126 126 126 126 126 127 127 127 248 248 248 249 249 249 249 249 249 250 250 250 250 250 250 250 251 251 251 251 251 251 251 252 252 252 252 252 252 252 253 253 253 253 253 253
