testData/tiles/oneDegree/grid17.0-17.0-18.0-18.0.asc
ncols   200
nrows   200
xllcorner   17.0
yllcorner   17.0
cellsize   0.005
NODATA_value   -9999.0
[rows 126 to 167 of 200, columns 94 to 187 of 200]
261 261 259 259 259 258 258 258 257 257 256 256 256 255 255 254 254 252 252 251 251 251 250 250 249 249 248 248 247 247 245 245 244 243 243 242 242 241 241 240 240 239 238 237 236 236 235 235 234 233 233 232 231 230 229 229 228 228 227 245 244 243 242 242 241 241 240 239 239 238 237 237 236 235 235 234 233 233 232 231 231 230 229 228 228 227 226 226 225 224 223 223 223 223
260 260 259 258 258 257 257 257 256 256 256 255 255 254 254 253 253 251 251 251 250 250 249 249 248 248 247 247 246 246 244 244 243 243 242 242 241 241 240 239 239 238 237 236 236 235 234 234 233 233 232 231 230 229 229 228 228 227 245 245 243 242 242 241 240 240 239 239 238 237 237 236 235 235 234 233 233 232 231 231 230 229 228 228 227 226 226 225 224 224 223 223 223 223
259 259 258 257 257 257 256 256 255 255 255 254 254 253 253 253 252 251 250 250 249 249 248 248 247 247 246 246 245 245 243 243 242 242 241 241 240 240 239 239 238 238 236 235 235 234 234 233 233 232 231 230 229 229 228 227 227 245 245 244 242 242 241 240 240 239 238 238 237 237 236 235 235 234 233 233 232 231 231 230 229 228 228 227 226 226 225 224 224 223 223 223 223 223
259 258 257 256 256 256 255 255 255 254 254 253 253 253 252 252 251 250 249 249 248 248 248 247 247 246 246 245 245 244 243 242 242 241 241 240 239 239 238 238 237 236 235 235 234 234 233 232 232 231 231 229 228 228 227 227 245 244 244 243 242 241 240 240 239 238 238 237 236 236 235 235 234 233 233 232 231 231 230 229 228 228 227 226 226 225 224 224 223 223 223 223 223 223
258 256 256 256 255 255 254 254 254 253 253 252 252 252 251 251 250 249 248 248 248 247 247 246 246 245 245 244 244 243 242 241 241 240 240 239 239 238 238 237 237 235 234 234 233 233 232 232 231 230 230 228 228 227 226 245 244 244 243 242 241 240 240 239 238 238 237 236 236 235 234 234 233 232 232 231 231 230 229 228 228 227 226 226 225 224 224 223 223 223 223 223 223 223
257 255 255 255 254 254 254 253 253 252 252 252 251 251 250 250 250 248 248 247 247 246 246 245 245 244 244 243 243 242 241 240 240 239 239 238 238 237 237 236 236 234 234 233 233 232 231 231 230 230 229 228 227 226 245 244 244 243 242 241 240 239 239 238 238 237 236 236 235 234 234 233 232 232 231 230 230 229 228 228 227 226 226 225 224 224 223 223 223 223 223 223 223 223
256 254 254 254 253 253 253 252 252 252 251 251 250 250 250 249 249 247 247 246 246 245 245 245 244 244 243 243 242 242 240 240 239 239 238 238 237 237 236 235 235 233 233 232 232 231 231 230 229 229 228 227 226 245 244 243 243 242 242 240 239 239 238 237 237 236 236 235 234 234 233 232 232 231 230 230 229 228 228 227 226 226 225 224 224 223 223 223 223 223 223 223 223 223
255 254 253 253 253 252 252 251 251 251 250 250 249 249 249 248 247 246 246 245 245 245 244 244 243 243 242 242 241 241 239 239 238 238 237 237 236 236 235 235 234 233 232 232 231 230 230 229 229 228 228 226 225 244 243 243 242 241 241 239 239 238 237 237 236 236 235 234 234 233 232 232 231 230 230 229 228 228 227 226 226 225 224 224 223 223 223 223 223 223 223 223 223 223
254 253 252 252 252 251 251 251 250 250 249 249 249 248 248 247 246 246 245 245 244 244 243 243 242 242 241 241 240 239 239 238 238 237 237 236 235 235 234 234 233 232 231 231 230 230 229 229 228 227 227 225 244 243 242 242 241 241 240 238 238 237 237 236 235 235 234 234 233 232 232 231 230 230 229 228 228 227 226 226 225 224 224 223 223 223 223 223 223 223 223 223 223 223
253 252 251 251 251 250 250 250 249 249 249 248 248 247 247 246 245 245 244 244 243 243 242 242 242 241 241 240 240 238 238 237 237 236 236 235 235 234 234 233 233 231 230 230 229 229 228 228 227 227 225 243 243 242 242 241 241 240 239 238 237 237 236 235 235 234 233 233 232 232 231 230 230 229 228 228 227 226 226 225 224 224 223 223 223 223 223 223 223 223 223 223 223 223
251 251 251 250 250 250 249 249 248 248 248 247 247 246 246 246 244 244 243 243 242 242 242 241 241 240 240 239 239 237 237 236 236 235 235 234 234 233 233 232 231 230 230 229 229 228 228 227 226 226 243 243 242 242 241 240 240 239 239 237 236 236 235 235 234 233 233 232 231 231 230 230 229 228 228 227 226 226 225 224 224 223 223 223 223 223 223 223 223 223 223 223 223 223
250 250 250 249 249 249 248 248 248 247 247 246 246 246 245 245 243 243 243 242 242 241 241 240 240 239 239 238 238 237 236 236 235 235 234 234 233 233 232 231 230 229 229 228 228 227 227 226 226 244 242 242 241 241 240 240 239 238 238 236 236 235 234 234 233 233 232 231 231 230 229 229 228 228 227 226 226 225 224 224 223 223 223 223 223 223 223 223 223 223 223 223 223 223
249 249 249 248 248 248 247 247 247 246 246 245 245 245 244 244 242 242 242 241 241 240 240 239 239 239 238 238 237 236 235 235 234 234 233 233 232 232 231 231 229 229 228 228 227 226 226 225 244 243 242 241 241 240 239 239 238 238 237 235 235 234 234 233 232 232 231 231 230 229 229 228 227 227 226 226 225 224 224 223 223 223 223 223 223 223 223 223 223 223 223 223 223 223
249 248 248 248 247 247 246 246 246 245 245 245 244 244 243 242 242 241 241 240 240 239 239 239 238 238 237 237 236 235 234 234 233 233 232 232 231 231 230 230 228 228 227 227 226 226 225 244 243 242 241 240 240 239 239 238 237 237 235 235 234 234 233 232 232 231 231 230 229 229 228 227 227 226 225 225 224 224 223 223 223 223 223 223 223 223 223 223 223 223 223 223 223 223
248 247 247 247 246 246 246 245 245 244 244 244 243 243 243 241 241 240 240 239 239 239 238 238 237 237 236 236 234 234 234 233 233 232 232 231 231 230 230 229 228 227 226 226 225 225 224 243 242 242 240 240 239 238 238 237 237 236 235 234 233 233 232 232 231 230 230 229 229 228 227 227 226 225 225 224 223 223 223 223 223 223 223 223 223 223 223 223 223 223 223 223 223 223
247 246 246 246 245 245 245 244 244 244 243 243 242 242 242 240 240 239 239 239 238 238 237 237 236 236 236 235 234 233 233 232 232 231 231 230 230 229 229 228 227 226 226 225 225 224 243 242 241 241 239 239 238 238 237 237 236 235 234 233 233 232 231 231 230 230 229 228 228 227 227 226 225 225 224 223 223 223 223 223 223 223 223 223 223 223 223 223 223 223 223 223 223 223
246 245 245 245 244 244 244 243 243 243 242 242 242 241 241 239 239 239 238 238 237 237 236 236 236 235 235 234 233 232 232 231 231 230 230 229 229 228 228 227 226 225 225 224 224 242 242 241 241 239 239 238 237 237 236 236 235 235 233 232 232 231 231 230 229 229 228 228 227 226 226 225 225 224 223 223 223 223 223 223 223 223 223 223 223 223 223 223 223 223 223 223 223 223
245 245 244 244 244 243 243 243 242 242 241 241 241 240 240 239 238 238 237 237 236 236 236 235 235 234 234 233 232 231 231 231 230 230 229 229 228 228 227 226 225 225 224 224 242 242 241 240 240 238 238 237 237 236 236 235 234 234 232 232 231 231 230 229 229 228 228 227 226 226 225 224 224 223 223 223 223 223 223 223 223 223 223 223 223 223 223 223 223 223 223 223 223 223
244 244 243 243 243 242 242 242 241 241 241 240 240 239 238 238 237 237 236 236 236 235 235 234 234 233 233 233 231 231 230 230 229 229 228 228 227 227 226 225 224 224 223 242 241 241 240 240 239 238 237 236 236 235 235 234 234 233 232 231 230 230 229 229 228 227 227 226 226 225 224 224 223 223 223 223 223 223 223 223 223 223 223 223 223 223 223 223 223 223 223 223 223 223
243 243 242 242 242 241 241 241 240 240 240 239 239 239 237 237 236 236 236 235 235 234 234 233 233 233 232 232 230 230 229 229 228 228 227 227 226 226 225 224 223 223 222 241 240 240 239 239 238 237 236 236 235 235 234 233 233 232 231 230 230 229 228 228 227 227 226 225 225 224 224 223 223 223 223 223 223 223 223 223 223 223 223 223 223 223 223 223 223 223 223 223 223 223
242 242 242 241 241 241 240 240 240 239 239 238 238 238 236 236 236 235 235 234 234 233 233 233 232 232 231 230 229 229 228 228 228 227 227 226 226 225 225 223 223 222 241 240 240 239 239 238 238 236 235 235 234 234 233 233 232 231 230 229 229 228 228 227 226 226 225 225 224 223 223 223 223 223 223 223 223 223 223 223 223 223 223 223 223 223 223 223 223 223 223 223 223 223
241 241 241 240 240 240 239 239 239 238 238 238 237 237 235 235 235 234 234 233 233 233 232 232 231 231 230 229 229 228 228 227 227 226 226 225 225 224 224 222 222 240 240 239 239 238 238 237 237 235 235 234 234 233 232 232 231 230 229 229 228 227 227 226 226 225 225 224 223 223 223 223 223 223 223 223 223 223 223 223 223 223 223 223 223 223 223 223 223 223 223 223 223 223
240 240 240 239 239 239 238 238 238 237 237 237 236 236 235 234 234 233 233 233 232 232 231 231 230 230 230 228 228 227 227 226 226 225 225 224 224 224 223 222 221 240 239 239 238 237 237 236 235 234 234 233 233 232 232 231 231 229 228 228 227 227 226 226 225 224 224 223 223 223 223 223 223 223 223 223 223 223 223 223 223 223 223 223 223 223 223 223 223 223 223 223 223 223
239 239 239 239 238 238 238 237 237 236 236 236 235 235 234 233 233 232 232 232 231 231 230 230 230 229 229 227 227 226 226 226 225 225 224 224 223 223 221 221 239 239 238 238 237 237 236 236 234 234 233 232 232 231 231 230 230 228 228 227 227 226 225 225 224 224 223 223 223 223 223 223 223 223 223 223 223 223 223 223 223 223 223 223 223 223 223 223 223 223 223 223 223 223
239 238 238 238 237 237 237 236 236 236 235 235 235 233 233 232 232 232 231 231 230 230 230 229 229 228 228 226 226 226 225 225 224 224 223 223 222 222 220 239 238 238 237 237 236 236 235 235 233 233 232 232 231 231 230 230 229 227 227 226 226 225 225 224 223 223 223 223 223 223 223 223 223 223 223 223 223 223 223 223 223 223 223 223 223 223 223 223 223 223 223 223 223 223
238 237 237 237 236 236 236 235 235 235 234 234 234 232 232 232 231 231 230 230 230 229 229 228 228 227 227 226 225 225 224 224 223 223 222 222 221 221 239 238 238 237 237 236 236 235 235 234 232 232 231 231 230 230 229 229 228 227 226 226 225 224 224 223 223 223 223 223 223 223 223 223 223 223 223 223 223 223 223 223 223 223 223 223 223 223 223 223 223 223 223 223 223 223
237 236 236 236 235 235 235 234 234 234 233 233 233 231 231 231 230 230 229 229 229 228 228 227 227 227 225 225 224 224 223 223 223 222 222 221 221 220 238 237 237 236 236 235 235 234 234 233 232 231 231 230 230 229 228 228 227 226 225 225 224 224 223 223 223 223 223 223 223 223 223 223 223 223 223 223 223 223 223 223 223 223 223 223 223 223 223 223 223 223 223 223 223 214
236 235 235 235 235 234 234 234 233 233 233 232 232 230 230 230 229 229 229 228 228 227 227 227 226 226 224 224 223 223 223 222 222 221 221 220 220 238 237 236 236 235 235 234 234 233 233 232 231 230 230 229 229 228 228 227 226 225 225 224 223 223 223 223 223 223 223 223 223 223 223 223 223 223 223 223 223 223 223 223 223 223 223 223 223 223 223 223 223 223 223 223 223 214
235 235 234 234 234 233 233 233 232 232 232 231 231 230 229 229 228 228 228 227 227 227 226 226 225 225 223 223 223 222 222 221 221 220 220 219 219 238 236 236 235 235 234 234 233 233 232 232 230 230 229 229 228 227 227 226 225 224 224 223 223 223 223 223 223 223 223 223 223 223 223 223 223 223 223 223 223 223 223 223 223 223 223 223 223 223 223 223 223 223 223 223 223 214
234 234 233 233 233 232 232 232 231 231 231 230 229 229 228 228 228 227 227 226 226 226 225 225 224 224 223 222 222 221 221 220 220 220 219 219 237 236 235 235 234 234 233 233 232 232 231 230 229 229 228 228 227 227 226 226 224 223 223 223 223 223 223 223 223 223 223 223 223 223 223 223 223 223 223 223 223 223 223 223 223 223 223 223 223 223 223 223 223 223 223 223 223 214
233 233 232 232 232 232 231 231 231 230 230 230 228 228 227 227 227 226 226 226 225 225 224 224 224 223 222 221 221 220 220 220 219 219 218 237 236 235 234 234 233 233 232 232 231 231 230 229 228 228 227 227 226 226 225 225 223 223 223 223 223 223 223 223 223 223 223 223 223 223 223 223 223 223 223 223 223 223 223 223 223 223 223 223 223 223 223 223 223 223 223 223 223 214
232 232 232 231 231 231 230 230 230 229 229 229 227 227 227 226 226 225 225 225 224 224 223 223 223 221 221 220 220 220 219 219 218 218 217 236 235 234 234 233 233 232 232 231 231 230 230 228 228 227 227 226 226 225 225 224 223 223 223 223 223 223 223 223 223 223 223 223 223 223 223 223 223 223 223 223 223 223 223 223 223 223 223 223 223 223 223 223 223 223 223 223 223 214
231 231 231 230 230 230 229 229 229 228 228 228 226 226 226 225 225 225 224 224 223 223 223 222 222 220 220 220 219 219 218 218 217 217 236 235 235 233 233 232 232 231 231 230 230 229 229 227 227 226 226 225 225 224 224 224 223 223 223 223 223 223 223 223 223 223 223 223 223 223 223 223 223 223 223 223 223 223 223 223 223 223 223 223 223 223 223 223 223 223 223 223 223 214
230 230 230 229 229 229 228 228 228 228 227 226 225 225 225 224 224 224 223 223 223 222 222 221 221 220 219 219 218 218 217 217 217 235 235 234 234 232 232 231 231 230 230 229 229 228 228 226 226 225 225 224 224 224 224 223 223 223 223 223 223 223 223 223 223 223 223 223 223 223 223 223 223 223 223 223 223 223 223 223 223 223 223 223 223 223 223 223 223 223 223 223 214 214
229 229 229 229 228 228 228 227 227 227 226 225 225 224 224 224 223 223 222 222 222 221 221 220 220 219 218 218 217 217 217 216 216 234 234 233 232 231 231 231 230 230 229 229 228 228 226 226 225 225 224 224 224 224 224 223 223 223 223 223 223 223 223 223 223 223 223 223 223 223 223 223 223 223 223 223 223 223 223 223 223 223 223 223 223 223 223 223 223 223 223 223 214 214
228 228 228 228 227 227 227 226 226 226 225 224 224 223 223 223 222 222 222 221 221 220 220 220 219 218 217 217 217 216 216 215 234 233 233 233 231 231 230 230 229 229 228 228 227 227 225 225 224 224 224 224 224 224 224 223 223 223 223 223 223 223 223 223 223 223 223 223 223 223 223 223 223 223 223 223 223 223 223 223 223 223 223 223 223 223 223 223 223 223 223 223 214 214
228 227 227 227 226 226 226 225 225 225 224 223 223 222 222 222 221 221 221 220 220 220 219 219 217 217 217 216 216 215 215 214 233 233 232 232 230 230 229 229 228 228 227 227 226 226 225 224 224 224 224 224 224 224 224 223 223 223 223 223 223 223 223 223 223 223 223 223 223 223 223 223 223 223 223 223 223 223 223 223 223 223 223 223 223 223 223 223 223 223 223 223 214 214
227 226 226 226 225 225 225 225 224 224 224 222 222 222 221 221 220 220 220 219 219 219 218 218 216 216 216 215 215 214 214 233 232 232 231 231 229 229 228 228 228 227 227 226 226 225 224 224 224 224 224 224 224 224 224 223 223 223 223 223 223 223 223 223 223 223 223 223 223 223 223 223 223 223 223 223 223 223 223 223 223 223 223 223 223 223 223 223 223 223 223 223 214 214
226 225 225 225 225 224 224 224 223 223 222 221 221 221 220 220 220 219 219 218 218 218 217 217 216 215 215 214 214 214 213 232 231 231 230 230 229 228 228 227 227 226 226 225 225 225 224 224 224 224 224 224 224 224 223 223 223 223 223 223 223 223 223 223 223 223 223 223 223 223 223 223 223 223 223 223 223 223 223 223 223 223 223 223 223 223 223 223 223 223 223 223 214 214
225 225 224 224 224 223 223 223 222 222 221 220 220 220 219 219 219 218 218 218 217 217 216 216 215 214 214 214 213 213 231 231 230 230 230 228 228 227 227 226 226 225 225 225 225 225 224 224 224 224 224 224 224 224 223 223 223 223 223 223 223 223 223 223 223 223 223 223 223 223 223 223 223 223 223 223 223 223 223 223 223 223 223 223 223 223 223 223 223 223 223 223 214 214
224 224 223 223 223 222 222 222 222 221 220 220 219 219 219 218 218 217 217 217 216 216 216 214 214 213 213 213 212 212 230 230 230 229 229 227 227 226 226 225 225 225 225 225 225 224 224 224 224 224 224 224 224 224 223 223 223 223 223 223 223 223 223 223 223 223 223 223 223 223 223 223 223 223 223 223 223 223 223 223 223 223 223 223 223 223 223 223 223 223 223 214 214 214
223 223 222 222 222 222 221 221 221 220 219 219 218 218 218 217 217 217 216 216 215 215 215 213 213 213 212 212 211 230 230 229 229 228 228 226 226 226 225 225 225 225 225 225 225 224 224 224 224 224 224 224 224 224 223 223 223 223 223 223 223 223 223 223 223 223 223 223 223 223 223 223 223 223 223 223 223 223 223 223 223 223 223 223 223 223 223 223 223 223 223 214 214 214
