testData/tiles/oneDegree/grid44.0-37.0-45.0-38.0.asc
ncols   200
nrows   200
xllcorner   44.0
yllcorner   37.0
cellsize   0.005
NODATA_value   -9999.0
[rows 42 to 83 of 200, columns 94 to 187 of 200]
599 599 599 599 599 599 600 601 603 603 603 604 603 603 604 605 606 607 607 607 608 608 607 609 609 826 827 827 826 825 826 826 827 829 829 828 828 829 829 829 830 829 831 831 832 832 831 831 832 832 832 832 833 834 834 833 833 834 834 833 834 835 835 834 834 835 839 843 846 850 851 854 855 854 854 853 851 849 846 844 840 836 836 836 836 835 835 835 835 835 835 835 835 834
599 600 599 600 600 600 601 603 603 604 603 604 604 604 604 605 606 607 607 607 607 607 607 608 610 826 826 827 826 826 827 827 828 830 828 828 828 829 829 829 828 830 831 831 832 831 831 831 832 832 832 832 832 834 833 833 833 834 833 834 834 834 834 834 834 835 835 838 842 844 846 848 848 849 848 847 845 844 842 839 836 836 835 836 835 835 835 834 835 836 835 835 834 834
599 600 599 599 600 600 601 601 602 603 603 603 604 604 605 607 607 608 607 607 608 608 608 609 610 610 825 826 826 826 827 827 828 828 829 829 829 830 830 828 829 830 830 831 830 831 831 831 831 832 832 832 832 833 833 833 833 833 834 834 834 833 834 834 834 833 834 836 836 839 840 842 843 843 843 841 839 840 836 835 836 835 835 836 835 835 834 835 835 835 835 835 834 834
600 600 600 600 600 599 601 601 602 603 603 603 604 604 605 606 606 606 607 607 607 608 609 609 610 610 826 827 827 827 828 827 827 828 829 829 829 829 829 830 830 831 831 831 830 831 831 831 831 832 832 832 831 832 833 833 832 833 834 834 833 833 834 834 833 833 835 835 835 835 835 835 837 837 836 835 835 834 835 835 835 835 835 835 835 835 835 835 834 835 835 834 834 834
598 599 599 599 600 601 601 602 603 604 604 604 605 606 605 606 607 607 608 607 607 608 609 608 610 610 826 827 827 827 827 828 828 829 830 830 828 828 830 830 830 830 830 831 831 832 831 832 831 832 832 831 831 831 833 832 833 833 834 833 833 833 833 833 833 834 835 835 835 835 834 834 835 834 834 835 834 834 835 834 834 835 834 834 835 835 835 835 834 834 834 834 834 833
597 598 599 599 600 601 601 602 603 603 604 603 604 605 605 606 607 607 608 608 608 609 609 609 610 611 827 826 826 827 827 828 828 828 830 829 829 829 831 831 830 829 830 830 831 830 832 832 832 832 832 832 831 831 831 833 833 833 833 833 833 833 832 833 834 834 833 834 835 834 834 834 833 834 835 835 834 834 835 834 834 835 834 834 835 835 835 834 834 834 834 834 833 833
598 599 600 600 602 602 602 603 603 603 604 604 605 605 605 606 606 607 608 607 608 609 609 609 609 611 611 826 828 828 828 829 829 827 828 829 829 830 831 830 830 830 831 831 831 831 832 832 832 831 832 832 832 831 833 833 833 832 832 833 833 832 832 834 834 833 833 834 834 834 834 834 833 835 835 834 834 834 833 834 834 833 835 835 834 835 834 834 834 833 833 834 833 834
598 598 600 601 601 602 601 602 602 603 604 605 605 606 606 606 607 607 607 609 609 609 610 609 609 610 610 826 828 828 828 829 828 828 828 830 831 831 829 830 830 830 831 830 830 832 833 833 832 831 832 832 831 832 833 833 833 833 832 833 832 832 833 833 833 833 833 833 834 834 834 833 834 834 834 834 834 833 833 834 833 834 834 834 834 835 834 834 833 833 833 834 834 833
599 599 600 600 600 601 601 601 602 603 604 605 605 606 606 605 606 607 607 609 609 609 610 609 609 610 611 828 829 829 827 827 828 828 828 831 830 830 830 831 831 831 830 830 831 832 833 832 832 832 832 832 833 832 832 832 833 833 833 833 833 833 833 832 833 833 833 832 832 834 833 834 834 833 834 834 833 833 833 833 834 834 833 834 834 834 834 834 833 833 833 833 834 833
598 598 600 601 601 602 602 602 603 603 605 606 605 606 606 606 607 607 609 609 609 608 609 609 609 610 612 612 828 828 828 828 829 829 830 831 830 830 830 831 831 830 830 832 832 833 832 832 832 832 831 832 833 833 832 833 832 833 833 832 834 834 833 833 833 833 832 832 832 833 834 834 834 833 834 834 833 833 833 833 834 834 833 833 833 833 834 833 833 834 833 833 833 833
598 599 599 601 601 602 602 602 603 604 604 605 605 605 606 606 607 608 609 610 609 609 610 610 610 611 612 611 827 828 828 828 829 829 829 829 831 831 831 831 830 830 831 832 831 831 832 833 833 832 832 833 833 832 832 833 833 834 833 833 834 833 833 833 833 833 833 832 831 832 834 834 833 833 833 833 833 833 833 833 834 833 833 833 832 833 833 833 834 833 833 832 832 833
598 600 600 602 602 602 603 602 604 604 605 606 606 605 606 606 607 608 608 608 609 609 609 610 610 611 611 612 828 829 829 829 828 829 829 829 831 831 830 830 831 832 832 832 832 831 832 833 832 832 833 833 833 833 832 832 833 832 833 834 834 834 834 833 832 833 833 833 833 833 834 833 833 833 832 833 833 833 833 833 832 833 833 832 832 833 832 834 833 833 833 832 832 832
599 600 600 601 601 601 602 602 603 604 604 606 606 606 607 606 607 608 608 609 610 610 610 610 610 610 611 612 612 829 829 828 829 830 830 830 831 831 830 830 832 832 831 831 832 832 832 832 833 833 833 832 833 833 833 833 833 833 834 834 833 834 834 833 833 833 833 833 833 833 833 834 834 832 832 832 833 833 833 832 832 833 832 832 832 831 833 834 833 833 832 832 832 831
599 600 599 599 601 601 602 603 603 604 604 605 606 605 606 607 607 608 608 609 610 610 609 611 611 611 612 612 613 827 828 829 829 830 830 829 829 831 831 831 833 832 831 831 832 832 831 832 834 834 833 833 833 833 833 832 832 834 834 834 834 834 833 833 833 833 834 834 833 832 832 833 833 833 833 833 833 833 833 832 832 831 832 832 832 832 832 832 833 832 832 832 831 831
599 600 600 600 602 602 604 604 604 605 604 604 606 606 607 608 608 608 608 608 608 609 610 610 611 611 611 612 612 612 829 830 830 831 830 829 829 830 831 832 831 832 832 832 833 832 831 832 834 833 833 833 833 834 833 832 833 834 833 834 834 834 834 834 833 833 834 834 833 833 833 833 833 833 834 833 834 833 832 832 832 831 832 832 832 832 831 831 833 832 832 831 831 832
599 599 600 600 602 602 603 604 603 604 604 604 606 606 607 608 608 608 608 608 609 610 611 611 612 612 610 611 611 612 830 830 829 829 830 830 830 831 832 832 831 832 832 831 831 832 833 833 833 834 833 833 832 833 833 834 834 834 834 833 833 833 834 834 834 834 833 834 833 833 833 832 833 834 833 833 833 833 833 833 831 831 832 832 832 831 831 831 831 832 832 831 832 831
600 600 601 601 601 603 603 604 604 604 605 605 606 607 607 608 607 607 608 608 609 611 611 611 611 611 611 612 612 614 614 830 829 829 830 830 830 830 831 832 832 833 832 832 831 832 833 832 832 834 834 833 833 833 834 834 833 833 834 833 834 834 834 834 834 834 834 834 834 833 832 832 834 833 834 834 832 833 833 832 832 833 831 832 832 831 831 830 830 832 831 832 831 831
599 599 600 600 600 603 603 604 604 604 605 605 606 607 607 608 608 608 609 609 610 612 610 610 611 611 611 611 613 612 613 830 830 830 831 830 830 830 831 832 832 831 832 832 832 834 833 833 832 834 833 833 833 834 835 834 834 833 833 833 833 834 834 835 834 834 833 834 834 833 833 833 833 833 834 833 833 833 832 832 833 832 832 833 831 831 831 830 830 829 832 832 831 831
599 599 600 600 601 602 603 603 604 604 605 604 605 607 607 607 608 608 608 609 609 610 611 611 611 612 612 612 613 612 613 614 830 830 829 830 831 831 832 832 832 831 832 832 833 832 833 833 833 832 834 833 833 833 834 834 834 833 834 834 833 833 834 835 835 834 834 833 833 833 834 834 833 834 833 833 833 833 833 834 832 832 832 831 832 832 830 830 830 830 831 831 831 830
600 600 600 602 602 603 604 604 604 604 605 606 606 607 608 608 609 609 607 609 609 609 611 611 611 612 611 612 613 613 613 614 614 830 829 831 831 831 830 831 832 832 833 833 833 833 833 833 832 832 833 834 834 834 835 834 833 833 833 834 834 834 835 835 834 834 834 833 834 835 834 833 833 834 833 833 833 832 833 834 833 833 832 831 832 831 831 831 830 830 829 830 831 830
600 600 600 602 601 602 603 603 604 604 605 606 606 606 608 608 608 608 609 610 610 610 612 612 611 611 612 612 612 613 613 613 614 830 831 832 832 831 831 831 831 832 831 833 833 833 833 833 833 832 832 834 834 834 834 834 834 834 833 834 834 834 834 834 835 834 833 833 834 835 834 834 833 832 833 833 832 834 834 833 833 833 832 832 831 831 831 831 831 831 829 830 829 830
600 600 601 602 602 602 603 604 605 605 606 607 606 605 606 607 607 608 609 609 610 610 609 611 611 611 613 613 613 613 613 612 614 614 831 830 831 831 831 832 832 832 833 833 833 833 832 833 833 833 833 834 835 834 833 834 834 834 833 834 835 834 833 833 835 835 834 835 834 834 834 834 833 833 834 832 833 834 833 833 834 832 832 832 831 832 832 831 831 830 830 829 829 829
599 601 601 601 602 602 603 604 604 606 606 606 606 606 607 608 608 610 610 610 610 610 609 611 611 612 613 613 612 613 613 613 614 616 615 831 831 831 831 830 831 832 833 834 833 833 833 833 833 833 833 834 834 834 834 834 834 833 834 834 835 834 834 833 834 834 835 835 834 835 834 833 833 833 832 834 834 832 833 833 833 833 833 831 831 832 832 832 831 830 830 829 830 829
599 601 601 601 602 602 603 603 603 605 605 605 606 606 607 607 609 610 609 609 610 610 610 611 613 613 613 613 612 612 613 613 613 615 615 615 832 832 831 831 833 832 833 832 833 833 833 833 833 834 834 833 833 834 834 834 834 835 835 834 834 834 834 834 833 835 835 834 834 834 834 834 834 832 833 834 834 833 833 832 832 833 832 832 833 831 831 831 831 831 830 829 966 968
600 601 602 602 602 602 602 603 605 606 606 606 607 607 607 608 609 608 609 609 609 610 610 610 612 612 612 613 613 613 614 614 614 616 615 615 831 831 831 831 833 833 832 833 834 833 833 832 834 834 834 833 834 834 834 833 835 835 835 834 834 835 834 833 833 835 835 835 835 833 834 834 834 834 834 833 833 833 833 832 833 832 832 833 832 832 832 831 831 968 968 968 967 968
599 600 601 601 602 602 602 604 604 605 606 606 607 606 606 608 608 609 610 610 610 611 610 611 612 612 612 613 613 612 613 614 614 614 616 615 615 832 831 832 832 832 832 832 833 833 833 834 834 834 833 833 833 834 833 835 835 835 834 834 834 835 834 834 834 833 834 835 835 834 834 834 833 834 834 833 834 833 832 832 832 832 834 832 832 832 969 969 970 968 968 968 968 967
600 600 602 602 602 603 603 605 605 606 606 605 605 606 607 608 608 609 610 610 609 610 611 611 612 613 613 613 613 613 614 614 614 614 614 615 615 616 833 832 832 833 832 832 832 833 834 834 834 834 834 834 833 833 833 835 835 835 835 835 834 833 834 835 834 834 835 834 834 834 834 834 835 834 833 833 833 833 833 833 831 832 834 971 971 969 969 969 969 969 969 968 968 967
600 600 602 602 602 603 604 603 604 604 606 606 606 607 608 608 609 609 609 610 610 610 611 611 611 611 612 612 613 614 614 615 614 614 615 616 615 616 616 832 832 833 833 832 832 835 834 834 833 834 834 834 833 834 835 834 834 834 835 835 834 834 836 834 834 834 834 834 835 834 833 834 835 834 834 834 832 833 833 832 971 971 969 971 970 970 970 968 968 970 969 969 968 967
600 600 600 602 601 602 603 603 604 604 606 606 606 608 608 607 608 608 609 610 610 611 612 612 611 612 612 613 613 614 613 614 614 614 614 615 615 616 617 617 832 831 832 832 832 833 834 834 834 834 834 833 833 834 835 834 834 835 835 834 834 835 834 835 835 834 833 834 834 834 835 835 834 834 834 833 833 971 970 971 971 970 970 971 970 970 969 969 970 969 969 968 968 968
599 600 600 602 602 603 604 604 605 605 605 607 607 608 608 608 609 608 608 610 611 611 611 611 611 612 612 613 615 614 614 614 615 614 614 614 616 616 616 617 616 832 833 833 833 832 834 834 834 833 834 834 835 834 834 834 834 834 835 835 835 834 834 835 835 834 834 834 833 834 835 834 834 835 971 971 971 970 972 972 970 970 970 969 970 970 969 970 969 969 970 968 968 967
599 600 600 601 603 603 604 604 605 605 604 606 607 607 608 608 608 609 609 609 611 611 612 612 611 611 612 612 613 614 614 614 615 614 614 616 616 617 616 616 616 616 616 834 833 833 834 835 833 833 834 835 835 834 834 835 834 833 834 835 835 835 835 835 834 834 834 833 835 835 833 972 972 973 972 972 970 971 971 971 971 971 969 969 970 969 971 970 969 969 969 969 968 967
600 601 601 601 604 604 605 604 604 605 605 606 607 607 608 608 608 608 608 609 611 611 611 612 612 611 612 613 614 615 614 613 614 614 614 615 616 615 616 617 617 617 615 617 833 833 833 833 834 834 834 834 834 834 834 834 834 834 834 835 835 835 835 834 835 835 833 834 972 972 972 972 972 971 972 972 972 972 970 971 971 970 970 970 968 970 969 970 970 969 968 968 968 968
600 600 601 601 602 603 603 604 604 605 605 606 608 608 609 608 608 609 610 610 611 611 611 611 611 611 613 613 613 615 614 614 614 615 616 615 615 615 616 616 617 616 617 618 618 833 832 833 833 834 834 835 835 835 833 834 834 834 834 834 836 836 834 834 835 834 972 973 972 972 972 972 971 972 973 972 972 972 971 971 970 970 970 969 970 971 969 969 969 969 969 967 968 968
599 599 600 601 602 603 603 604 604 605 606 606 606 607 607 608 608 608 610 610 610 611 611 611 612 612 613 613 612 612 614 614 614 616 615 615 615 616 616 616 616 617 617 617 617 617 617 833 834 834 834 834 835 834 834 834 835 834 834 834 835 835 835 973 971 972 973 973 972 972 973 971 971 971 972 973 973 971 971 971 971 971 969 970 970 969 970 969 968 968 968 968 969 968
600 600 602 602 602 603 604 605 605 604 606 606 607 607 608 609 608 609 610 609 609 610 611 611 612 613 612 613 613 613 615 615 614 614 615 615 615 616 615 615 616 618 618 616 617 617 617 617 833 834 835 835 834 834 834 834 834 835 835 835 971 972 973 972 972 974 974 972 972 972 972 972 972 971 971 973 972 972 972 970 970 970 971 971 969 969 969 969 969 968 967 969 968 969
600 600 601 602 602 602 603 604 604 605 606 606 606 607 608 609 608 609 610 610 610 611 612 612 612 612 612 613 613 613 613 614 615 615 616 616 616 615 615 615 616 618 617 617 617 618 617 616 617 618 834 834 834 835 835 833 834 835 973 972 972 973 971 972 973 973 973 973 973 971 971 972 971 972 972 970 972 972 971 971 971 971 971 970 970 970 968 969 968 968 969 968 968 967
601 601 601 602 602 603 603 604 605 606 606 606 606 607 606 607 609 609 609 610 610 610 610 611 612 613 613 613 614 613 612 614 615 615 616 615 615 615 616 617 616 617 617 617 617 617 617 618 618 619 617 617 834 835 834 973 973 974 972 972 972 971 972 973 974 972 973 973 972 972 972 971 972 972 971 971 972 971 971 971 971 971 971 970 970 969 969 969 968 969 968 968 967 967
599 601 601 602 602 602 603 603 606 606 606 606 606 607 607 608 610 610 610 611 609 609 610 611 612 613 613 612 613 613 613 615 616 615 614 615 615 615 616 616 616 616 618 618 617 616 618 618 617 618 618 618 755 755 973 973 972 972 973 973 972 971 972 973 973 973 973 972 972 972 971 972 973 971 971 971 970 971 972 970 971 971 970 971 970 969 969 968 970 969 968 968 967 751
599 601 601 601 602 602 603 604 605 605 605 606 606 606 607 608 609 610 609 610 610 610 611 612 613 613 612 612 612 613 614 614 614 615 615 616 616 615 616 616 616 616 616 617 617 617 619 618 617 617 756 755 755 756 758 757 756 972 973 972 972 972 973 972 972 973 972 973 973 972 972 972 972 972 972 971 970 970 970 972 972 970 970 970 970 970 969 969 968 969 753 752 751 751
600 601 602 602 602 602 603 604 604 606 606 607 607 607 609 607 607 609 609 609 610 610 611 611 611 612 613 613 613 614 614 614 614 614 615 615 615 616 616 617 617 616 615 616 617 618 618 756 756 756 756 755 755 756 757 757 757 757 756 756 972 973 972 973 973 972 972 972 972 973 973 972 971 972 971 971 971 970 971 971 971 971 971 969 970 969 969 754 752 752 752 752 752 751
599 599 601 601 602 602 603 604 604 606 606 606 606 606 607 608 608 610 610 610 611 611 611 611 611 611 613 613 612 614 614 614 614 615 614 615 615 616 616 616 616 616 616 617 618 756 755 756 756 755 755 756 757 756 755 757 757 756 756 757 757 756 756 756 972 972 972 972 972 973 972 972 972 972 971 971 970 971 971 971 970 970 970 754 754 753 754 753 753 752 752 752 752 752
600 600 601 602 602 603 604 605 605 604 605 605 606 607 607 608 608 608 610 609 609 611 611 612 612 612 612 613 614 613 614 614 613 614 614 615 617 617 616 616 616 616 616 753 755 756 756 756 756 755 755 756 756 756 756 757 757 756 756 755 757 757 757 756 756 756 755 755 757 757 756 756 755 755 756 755 755 755 754 755 755 754 753 754 753 755 754 753 753 752 752 753 752 752
