testData/tiles/oneDegree/grid11.0-16.0-12.0-17.0.asc
ncols   200
nrows   200
xllcorner   11.0
yllcorner   16.0
cellsize   0.005
NODATA_value   -9999.0
[rows 126 to 167 of 200, columns 94 to 187 of 200]
626 629 630 632 633 635 636 638 639 642 643 644 645 647 648 650 650 652 654 656 656 658 659 660 661 662 663 664 667 667 668 669 670 671 672 673 674 675 675 678 678 679 680 681 681 683 683 684 685 686 687 688 689 689 690 691 691 692 693 694 694 694 696 696 697 698 698 699 700 700 700 702 702 702 703 703 703 704 705 706 706 706 708 708 708 708 709 709 709 709 710 711 711 711
627 630 631 633 634 636 636 638 639 642 643 645 646 647 648 650 651 652 654 656 657 658 659 661 661 662 664 664 667 667 668 670 670 672 672 673 674 675 676 678 678 679 680 681 681 683 683 684 685 686 687 689 689 689 690 691 692 692 693 694 694 695 696 697 698 698 698 700 700 700 701 702 702 702 703 703 704 705 705 706 706 707 708 708 708 709 709 709 709 710 711 711 711 711
628 630 631 633 634 636 637 639 639 642 644 645 646 648 648 650 651 653 654 656 657 658 659 661 661 662 664 665 667 668 668 670 670 672 672 673 675 675 677 678 679 679 681 681 682 683 684 684 685 686 687 689 689 690 690 691 692 692 694 694 694 695 696 697 698 698 698 700 700 700 701 702 702 703 703 703 704 705 706 706 707 707 708 708 709 709 709 709 709 711 711 711 711 711
628 630 631 633 634 636 637 639 640 643 644 645 646 648 649 650 651 654 655 656 657 659 659 661 662 662 664 666 667 668 668 670 671 672 673 673 675 675 677 678 679 679 681 681 682 683 684 684 686 687 688 689 689 690 690 692 692 692 694 694 695 695 697 698 698 698 699 700 700 701 701 702 703 703 703 703 705 705 706 706 707 707 708 708 709 709 709 709 710 711 711 711 711 712
629 631 632 634 634 636 637 639 642 643 645 646 647 648 649 651 651 654 655 657 657 659 660 661 662 663 664 666 667 668 669 670 671 672 673 673 675 677 677 679 679 680 681 682 682 683 684 684 686 687 688 689 690 690 690 692 692 693 694 694 695 695 697 698 698 698 699 700 700 701 701 702 703 703 703 704 705 706 706 707 707 707 708 709 709 709 709 710 710 711 711 711 712 712
629 631 632 634 635 637 638 639 642 643 645 646 648 648 649 651 652 654 655 657 657 659 660 661 662 663 664 666 668 668 669 670 671 673 673 674 675 677 677 679 679 680 681 682 682 684 684 685 686 687 688 689 690 690 691 692 692 693 694 695 695 695 698 698 698 699 699 700 701 701 701 703 703 703 703 704 705 706 707 707 707 707 709 709 709 709 710 710 710 711 711 712 712 712
629 631 632 634 635 637 638 640 643 643 645 646 648 649 649 651 652 655 655 657 658 659 660 662 662 663 666 666 668 668 669 671 671 673 673 674 675 677 677 679 679 680 681 682 682 684 684 685 687 688 688 690 690 690 691 692 693 693 694 695 695 696 698 698 699 699 699 701 701 701 701 703 703 703 704 704 706 706 707 707 707 708 709 709 709 709 710 710 710 711 712 712 712 712
629 631 632 634 635 637 638 641 643 644 645 646 648 649 650 651 653 655 656 657 658 660 660 662 663 663 666 666 668 669 669 671 671 673 674 674 677 677 678 679 680 680 682 682 683 684 685 685 687 688 688 690 690 691 691 692 693 693 695 695 695 697 698 698 699 699 699 701 701 701 702 703 703 704 704 704 706 707 707 707 707 708 709 709 709 710 710 710 710 711 712 712 712 712
630 632 633 635 636 637 638 641 643 644 646 646 648 649 650 652 653 655 656 657 658 660 660 662 663 663 666 667 668 669 669 671 672 673 674 674 677 677 678 679 680 680 682 682 683 684 685 685 688 688 689 690 690 691 691 693 693 693 695 695 696 697 698 699 699 699 700 701 701 701 702 703 703 704 704 705 707 707 707 707 708 708 709 709 710 710 710 710 710 712 712 712 712 712
630 632 633 635 636 638 639 641 643 644 646 647 649 649 650 652 654 655 656 658 658 660 661 662 663 665 666 667 668 669 670 671 672 673 674 674 677 678 678 680 680 681 682 683 683 684 685 686 688 688 689 690 691 691 691 693 693 694 695 695 697 697 698 699 699 699 700 701 701 702 702 703 704 704 704 705 707 707 707 708 708 708 709 710 710 710 710 710 711 712 712 712 712 714
630 632 633 635 636 638 639 642 644 644 646 647 649 650 650 652 654 655 656 658 659 660 661 663 663 665 666 667 669 669 670 671 672 674 674 675 677 678 678 680 680 681 682 683 683 685 685 687 688 688 689 690 691 691 692 693 693 694 695 695 697 697 699 699 699 700 700 701 702 702 702 703 704 704 704 706 707 707 707 708 708 708 709 710 710 710 710 711 711 712 712 712 713 714
631 633 633 635 636 638 639 642 643 645 646 647 648 650 651 653 654 656 656 658 659 660 661 663 663 665 667 667 669 670 670 672 672 674 674 676 677 678 678 680 680 681 682 683 683 685 685 687 688 689 689 690 691 691 692 693 694 694 695 696 697 697 699 699 699 700 700 701 702 702 702 704 704 704 706 706 707 707 708 708 708 708 710 710 710 710 711 711 711 712 712 713 714 714
631 633 634 636 637 638 640 642 643 645 647 647 648 650 651 653 654 656 657 658 659 661 661 663 664 665 667 668 669 670 670 672 672 674 675 676 678 678 679 680 681 681 683 683 684 685 687 687 688 689 689 691 691 692 692 693 694 694 695 697 697 698 699 699 700 700 700 702 702 702 703 704 704 704 706 706 707 708 708 708 708 709 710 710 710 710 711 711 711 712 713 713 714 714
631 633 634 636 637 639 641 642 643 645 646 648 648 650 651 654 654 656 657 659 659 661 662 663 664 665 667 668 669 670 670 672 673 674 675 676 678 678 679 680 681 681 683 683 684 685 687 687 689 689 689 691 691 692 692 693 694 694 696 697 697 698 699 699 700 700 700 702 702 702 703 704 704 705 706 706 707 708 708 708 708 709 710 710 710 711 711 711 711 713 713 714 714 714
631 633 634 636 637 639 641 643 643 645 646 648 649 650 651 654 655 656 657 659 659 661 662 663 665 666 667 668 670 670 671 672 673 674 675 676 678 679 679 681 681 682 683 683 684 685 687 687 689 689 690 691 691 692 692 694 694 694 696 697 698 698 699 700 700 700 701 702 702 703 703 704 704 706 706 706 707 708 708 708 709 709 710 710 711 711 711 711 711 712 713 714 714 714
631 633 634 635 636 638 640 642 643 646 646 648 649 651 651 654 655 657 657 659 660 661 662 664 665 666 668 668 670 670 671 672 673 675 676 677 678 679 679 681 681 682 683 684 684 686 687 688 689 689 690 691 692 692 692 694 694 695 697 697 698 698 699 700 700 700 701 702 702 703 703 704 705 706 706 706 707 708 708 709 709 709 709 711 711 711 711 711 712 712 713 714 714 715
631 633 634 636 637 638 640 642 643 645 646 647 648 650 651 653 654 656 657 658 659 661 661 662 664 666 668 668 670 671 671 673 673 675 676 677 678 679 679 681 681 682 683 684 684 686 687 688 689 690 690 691 692 692 693 694 694 695 696 698 698 698 699 700 700 701 701 702 703 703 703 703 705 706 706 707 707 708 708 709 709 709 709 711 711 711 711 712 712 712 714 714 715 715
631 633 634 636 637 639 641 642 643 645 646 648 648 650 652 654 654 656 657 658 659 661 661 662 665 665 667 668 669 670 670 672 672 674 676 676 678 678 679 680 681 681 683 683 684 687 687 688 689 690 690 692 692 692 693 694 695 695 696 698 698 698 699 700 700 701 701 702 703 703 703 704 706 706 707 707 707 708 709 709 709 709 710 711 711 711 712 712 712 712 714 715 715 715
631 633 634 636 637 640 641 643 643 645 646 648 649 650 652 654 655 656 657 659 659 661 662 662 665 666 667 668 669 670 670 672 673 673 676 676 678 678 679 680 681 681 683 683 684 686 687 687 688 689 689 691 691 692 692 693 694 694 696 697 697 698 698 699 700 700 700 702 703 703 704 704 706 706 707 707 707 709 709 709 709 710 710 711 711 711 712 712 712 712 715 715 715 715
632 634 635 636 637 640 641 643 644 645 646 648 649 651 652 654 655 656 657 659 660 661 662 662 665 666 667 668 670 670 671 672 673 673 676 676 678 678 679 680 681 681 683 683 684 686 687 687 689 689 690 690 691 692 692 694 694 694 696 697 697 698 698 699 700 700 700 702 702 702 703 703 705 706 706 706 706 708 708 708 708 709 709 710 710 711 711 711 711 712 714 714 714 714
632 634 635 637 638 640 641 643 644 646 646 648 649 651 653 654 655 657 657 659 660 661 662 664 665 666 668 668 669 670 671 672 673 674 676 677 678 679 679 681 681 682 683 684 684 687 687 687 689 689 690 690 692 692 692 694 694 695 696 697 698 698 698 700 700 700 701 702 702 703 703 703 705 706 706 706 707 708 708 708 709 709 709 710 711 711 711 711 711 713 714 714 714 714
632 634 635 637 638 641 641 643 644 646 647 648 649 651 653 654 655 657 658 659 660 662 662 664 666 666 668 668 669 671 671 673 673 675 676 677 678 679 679 681 681 682 683 684 684 687 687 688 689 689 690 690 692 692 693 694 694 696 696 697 698 698 698 700 700 700 701 702 702 703 703 703 706 706 706 706 707 708 708 709 709 709 709 710 711 711 711 711 712 713 713 714 714 715
632 634 635 637 638 641 642 644 644 646 647 649 649 651 653 655 655 657 658 659 660 661 662 664 666 666 668 669 669 671 671 673 673 675 676 677 679 679 680 681 682 682 683 684 684 687 687 688 689 690 690 690 692 692 693 694 694 696 696 698 698 698 699 700 700 701 701 702 703 703 703 704 706 706 706 707 707 708 708 709 709 709 709 711 711 711 711 712 712 713 713 714 715 715
633 635 635 637 638 641 642 644 645 646 647 649 650 651 653 655 656 657 658 660 660 661 663 664 666 667 668 669 669 671 671 673 674 675 677 677 678 679 680 681 682 682 684 684 686 687 688 688 688 690 690 691 692 692 693 694 695 696 696 698 698 698 699 700 700 701 701 701 703 703 703 705 706 706 707 707 707 707 709 709 709 709 710 710 711 711 711 712 713 713 713 715 715 715
633 634 636 638 638 641 642 644 645 647 647 649 650 652 653 655 656 658 658 660 661 661 663 664 666 667 668 669 670 671 672 673 674 675 677 677 678 679 680 681 682 682 684 684 686 687 688 688 689 690 690 691 692 693 693 693 695 696 697 698 698 699 699 700 701 701 701 702 703 703 704 705 706 706 707 707 707 707 709 709 709 709 710 710 711 711 712 712 713 713 713 715 715 715
633 634 636 638 639 642 642 644 645 647 648 649 650 653 654 655 656 658 658 659 661 661 663 665 666 667 669 669 670 671 672 673 674 675 677 678 678 680 680 681 682 683 684 684 686 686 688 688 689 690 691 691 692 693 693 694 695 696 697 698 698 699 699 700 701 701 701 702 703 703 704 705 705 707 707 707 707 708 709 709 709 710 710 710 711 712 712 712 713 713 714 715 715 715
633 634 636 638 639 642 643 644 645 647 648 650 650 653 654 656 656 658 659 659 661 662 663 665 666 667 668 669 670 671 672 673 674 676 677 678 678 680 680 681 682 683 683 685 686 687 688 688 689 690 691 691 693 693 693 694 695 696 697 697 699 699 699 700 701 701 702 702 703 704 704 705 705 707 707 707 708 708 709 709 710 710 710 710 712 712 712 712 713 714 714 714 715 715
634 635 636 637 639 642 643 645 645 647 648 650 651 653 654 656 656 658 659 659 661 662 663 665 667 667 668 669 670 672 672 673 674 676 677 678 678 680 680 681 682 683 683 685 686 687 688 689 689 690 691 691 693 693 694 694 695 697 697 697 699 699 699 700 701 701 702 702 703 704 704 705 706 707 707 707 708 708 709 709 710 710 710 710 712 712 712 712 714 714 714 714 715 716
634 635 637 638 639 642 643 645 646 647 648 650 651 653 654 656 657 657 659 660 661 662 664 665 667 667 668 670 670 672 672 673 675 676 678 678 679 680 681 681 683 683 684 685 686 687 688 689 689 691 691 691 693 693 694 694 696 697 697 698 699 699 700 700 701 702 702 702 704 704 704 705 706 707 707 708 708 708 709 710 710 710 710 711 711 712 712 712 714 714 714 714 715 716
634 635 637 638 640 641 643 645 646 648 648 650 651 654 654 655 657 658 659 660 662 662 664 665 667 668 668 670 670 672 673 673 675 676 678 678 679 680 681 681 683 683 684 685 687 687 689 689 689 691 691 692 692 693 694 694 697 697 697 698 699 699 700 700 701 702 702 702 704 704 704 706 706 707 707 708 708 708 709 710 710 710 711 711 711 712 712 713 714 714 714 714 715 716
634 635 637 638 640 642 643 644 646 648 649 650 651 653 655 655 657 658 659 660 662 662 664 666 666 668 668 670 671 672 673 673 675 676 677 678 679 680 681 681 683 683 684 685 687 687 689 689 690 691 691 692 692 694 694 694 697 697 698 698 699 700 700 700 702 702 702 703 703 704 704 706 706 707 708 708 708 708 709 710 710 710 711 711 711 712 713 713 714 714 714 715 715 716
635 635 637 638 641 642 644 645 646 647 649 650 651 653 655 656 657 658 660 660 662 663 664 666 666 668 669 670 671 672 673 674 675 677 677 679 679 681 681 682 683 684 684 686 687 687 689 689 690 691 692 692 692 694 694 695 697 697 698 698 699 700 700 700 702 702 702 703 703 704 705 706 706 706 708 708 708 709 709 710 710 711 711 711 711 711 713 713 714 714 715 715 715 716
635 636 638 638 641 642 644 645 647 647 649 650 652 653 655 656 657 658 660 660 662 663 664 666 667 668 669 670 671 672 673 674 675 677 677 679 679 680 681 682 683 684 684 686 687 688 689 689 690 690 692 692 693 694 694 695 696 697 698 698 700 700 700 701 701 702 703 703 703 704 705 706 706 707 708 708 708 709 709 710 710 711 711 711 711 712 713 713 714 714 715 715 715 715
635 636 638 639 641 642 644 645 647 648 649 650 652 654 655 656 658 658 660 661 662 663 664 666 667 668 669 671 671 672 673 674 675 677 677 679 679 680 681 682 683 684 684 686 687 688 688 690 690 690 692 692 693 694 695 695 696 698 698 698 699 700 700 701 701 702 703 703 703 705 705 706 707 707 708 708 709 709 709 709 711 711 711 711 712 712 713 713 714 715 715 715 715 715
635 636 638 639 642 643 644 645 647 648 649 650 652 654 655 656 658 659 660 661 662 663 664 666 667 669 669 671 671 672 673 674 676 677 678 679 680 680 682 682 683 684 685 685 687 688 688 690 690 691 692 692 693 694 695 695 696 698 698 699 699 700 701 701 701 703 703 703 703 705 705 706 707 707 708 708 709 709 709 710 711 711 711 711 712 712 713 713 715 715 715 715 715 716
634 636 638 639 642 643 645 645 647 648 650 650 652 654 656 656 658 659 660 661 663 663 664 667 667 669 669 671 672 672 674 674 675 677 678 679 680 680 682 682 683 684 685 685 688 688 689 690 690 691 692 693 693 693 695 695 697 698 698 699 699 700 701 701 701 703 703 703 704 704 705 707 707 707 707 709 709 709 709 710 711 711 711 712 712 712 712 714 715 715 715 715 716 716
635 637 638 639 641 643 645 646 647 648 650 651 652 654 656 657 658 659 661 661 662 664 664 667 667 669 670 670 672 672 674 674 675 677 678 680 680 681 682 682 683 684 685 685 688 688 689 690 691 691 692 693 693 694 695 695 697 698 698 699 699 701 701 701 702 703 703 703 704 704 705 707 707 707 708 709 709 709 710 710 710 711 712 712 712 712 712 714 715 715 715 715 716 716
635 637 638 640 641 643 645 646 648 648 650 651 653 654 656 657 658 659 660 661 662 664 664 667 668 669 670 670 672 672 674 675 675 678 678 680 680 681 682 683 683 685 685 686 688 688 689 690 691 691 693 693 693 694 695 696 697 697 699 699 699 701 701 701 702 702 703 704 704 704 706 707 707 707 708 709 709 709 710 710 710 711 712 712 712 712 713 713 715 715 715 716 716 716
635 637 638 640 641 643 645 646 648 649 650 651 653 654 656 657 659 659 660 662 662 664 665 667 668 669 670 670 672 673 674 675 675 678 678 679 680 681 682 683 683 685 685 686 688 689 689 690 691 691 692 693 694 694 695 696 697 697 699 699 699 700 701 702 702 702 703 704 704 704 706 707 707 708 708 709 709 710 710 710 710 712 712 712 712 713 713 713 715 715 716 716 716 716
635 637 638 640 641 644 644 646 648 649 650 651 653 655 655 657 658 659 660 662 662 664 665 667 668 669 670 671 672 673 673 675 675 678 678 679 681 681 682 683 683 685 685 686 688 689 689 690 691 691 692 693 694 694 695 696 696 698 699 699 700 700 701 702 702 702 704 704 704 705 705 707 707 708 708 708 710 710 710 710 711 711 712 712 712 713 713 713 715 716 716 716 716 716
636 637 638 640 641 644 645 646 647 649 650 651 652 655 656 657 658 660 660 662 663 664 665 667 668 669 670 671 672 673 674 675 676 678 679 679 681 681 682 683 684 684 686 686 687 689 689 690 691 692 692 693 694 694 696 696 696 698 699 699 700 700 701 702 702 702 704 704 704 705 705 707 708 708 708 708 710 710 710 710 711 711 712 712 713 713 713 713 714 716 716 716 716 716
636 638 638 640 641 644 645 647 647 649 650 652 652 655 656 657 658 660 660 662 663 664 665 667 668 669 670 671 673 673 674 675 676 678 679 679 681 681 682 683 684 684 686 686 688 689 690 690 691 692 692 694 694 694 695 696 697 698 699 700 700 700 702 702 702 703 703 704 705 705 705 707 708 708 708 709 710 710 710 711 711 711 712 713 713 713 713 713 715 716 716 716 716 717
