testData/tiles/oneDegree/grid3.0-18.0-4.0-19.0.asc
ncols   200
nrows   200
xllcorner   3.0
yllcorner   18.0
cellsize   0.005
NODATA_value   -9999.0
[rows 156 to 194 of 200, columns 89 to 177 of 200]
1033 1033 1033 1032 1032 1032 1031 1031 1030 1030 1030 1030 1028 1028 1028 1028 1027 1027 1026 1026 1026 1026 1026 1027 1025 1026 1026 1027 963 964 963 962 963 963 964 963 963 905 905 905 905 922 921 922 810 810 810 810 809 809 810 809 810 809 809 809 809 809 808 809 808 809 809 808 808 808 808 808 809 807 808 808 808 1067 1065 1066 1066 1066 1066 1065 1065 1065 1065 1065 1064 1064 1065 1064 1065
1032 1032 1031 1031 1031 1031 1031 1029 1029 1029 1029 1028 1028 1027 1027 1026 1026 1026 1026 1024 1025 1025 1026 1025 1025 1025 1025 962 962 963 962 962 962 962 962 962 963 961 904 904 905 904 920 921 920 809 809 809 808 809 808 808 809 808 808 808 808 808 808 807 807 808 807 808 807 807 807 807 807 807 807 806 807 806 807 1065 1064 1065 1064 1065 1064 1064 1064 1063 1064 1063 1063 1063 1063
1032 1031 1030 1030 1030 1029 1029 1029 1028 1027 1027 1027 1027 1027 1025 1025 1025 1025 1024 1024 1024 1023 1024 1024 1025 1024 1023 961 961 961 961 962 960 961 961 961 961 961 961 902 903 903 904 920 919 920 807 808 808 807 807 808 807 807 808 806 807 807 807 807 806 806 806 807 806 806 805 806 806 805 806 805 805 805 805 805 805 1063 1063 1063 1063 1063 1062 1063 1062 1062 1062 1061 1062
1030 1030 1030 1028 1028 1028 1028 1027 1027 1027 1026 1025 1025 1025 1025 1024 1023 1023 1023 1022 1023 1023 1023 1022 1023 1023 961 960 959 960 959 960 960 960 959 960 960 959 960 959 902 901 902 902 919 918 918 806 806 807 805 806 806 806 806 806 805 805 806 805 806 805 804 805 805 805 804 804 804 805 804 804 804 803 804 803 804 803 803 1062 1061 1062 1060 1061 1061 1061 1061 1059 1060
1028 1028 1028 1028 1027 1026 1026 1026 1026 1025 1025 1024 1024 1023 1023 1023 1023 1021 1021 1022 1021 1021 1022 1021 1021 1021 959 959 959 958 958 958 958 959 959 958 958 959 958 958 958 899 900 900 901 917 917 917 804 805 805 804 804 805 804 805 805 803 804 803 804 804 803 803 803 803 803 803 802 803 802 803 802 801 802 801 802 802 801 801 801 1060 1060 1059 1059 1059 1059 1059 1058
1027 1026 1026 1026 1026 1025 1024 1024 1024 1023 1023 1023 1022 1021 1021 1021 1021 1020 1019 1020 1020 1020 1020 1020 1020 956 957 957 957 957 957 957 956 957 957 957 956 957 956 957 957 955 898 898 899 898 916 915 915 915 803 803 802 803 802 803 802 803 802 801 802 802 802 801 802 801 802 801 800 801 800 801 800 800 800 799 800 799 800 799 799 799 799 1058 1056 1057 1057 1057 1057
1026 1024 1024 1024 1024 1023 1023 1022 1022 1021 1021 1021 1021 1019 1019 1019 1019 1018 1018 1018 1018 1018 1018 1019 1018 954 955 955 955 955 956 954 955 955 955 955 955 955 954 955 955 955 896 896 896 896 897 913 913 913 913 801 801 800 800 801 800 801 801 800 800 799 800 800 799 799 800 799 800 798 798 799 798 799 797 798 798 797 798 796 797 796 797 797 797 796 1054 1055 1054
1023 1023 1022 1022 1021 1021 1021 1021 1020 1019 1019 1019 1018 1018 1018 1017 1016 1016 1016 1017 1016 1016 1016 1016 953 954 953 952 953 953 953 953 953 953 953 953 953 953 952 953 952 953 953 894 894 894 894 894 912 910 911 911 799 799 798 798 798 799 798 799 797 798 798 797 798 796 797 797 797 797 796 796 796 796 796 795 795 796 795 795 794 794 794 794 794 793 794 793 1052
1021 1021 1021 1020 1019 1019 1019 1018 1018 1018 1017 1016 1016 1016 1016 1015 1014 1014 1014 1014 1014 1015 1013 951 951 951 951 952 951 950 951 951 951 950 951 950 951 951 950 950 950 950 950 951 891 892 892 891 892 909 908 908 909 796 797 796 795 796 795 796 796 795 795 796 795 795 794 794 795 794 795 793 794 794 793 794 792 793 792 793 792 791 792 791 792 791 791 790 791
1018 1018 1018 1018 1017 1016 1016 1016 1015 1015 1015 1014 1013 1013 1013 1013 1012 1011 1012 1012 1012 1012 1012 948 948 949 948 949 949 949 948 948 949 948 948 948 948 948 949 948 947 948 947 948 948 890 889 890 889 889 907 905 906 906 794 794 793 793 793 793 793 793 792 793 792 793 792 791 792 791 792 791 791 791 791 791 790 790 789 790 789 790 788 788 789 788 789 787 788
1016 1015 1015 1015 1015 1014 1013 1013 1013 1012 1012 1012 1011 1010 1010 1010 1010 1009 1009 1009 1009 1009 947 947 945 946 946 946 946 947 945 946 946 945 946 946 945 945 946 945 946 945 944 945 945 945 887 887 886 887 887 903 903 902 903 791 791 790 791 790 790 790 790 790 789 790 789 790 788 788 789 788 789 787 788 787 788 787 786 787 786 787 786 786 785 785 785 785 784
1014 1013 1012 1012 1012 1011 1011 1011 1010 1009 1009 1009 1009 1008 1007 1007 1006 1006 1007 1007 1006 1006 944 943 944 943 943 943 943 944 943 943 943 943 943 943 943 942 943 942 943 943 942 942 941 942 942 884 883 884 883 884 901 899 900 899 788 788 787 787 787 787 787 787 786 786 786 786 786 786 785 785 785 785 784 784 784 784 784 783 782 783 782 783 782 782 781 782 781
1011 1010 1010 1009 1009 1008 1008 1008 1007 1006 1006 1006 1005 1005 1005 1004 1003 1004 1004 1003 1004 940 940 940 941 940 940 940 940 940 940 941 939 940 940 940 940 940 939 939 939 939 940 938 939 939 938 939 881 880 880 880 880 898 896 896 896 784 785 783 784 783 784 783 782 783 782 783 782 783 781 782 781 781 781 780 781 780 781 780 780 779 779 779 779 778 777 778 777
1007 1007 1007 1006 1005 1005 1005 1004 1004 1004 1002 1002 1002 1002 1001 1001 1000 1000 1000 1000 1000 937 937 937 937 937 938 937 937 937 936 937 937 936 936 937 936 937 936 935 936 935 936 936 935 935 935 935 877 877 876 877 876 877 876 893 892 892 781 780 780 779 780 779 780 779 778 779 778 779 778 778 777 778 777 777 776 776 776 776 776 775 775 775 774 775 773 774 773
1003 1003 1003 1003 1002 1001 1001 1001 1000 1000 1000 998 998 998 998 997 997 997 996 997 934 933 934 933 933 933 934 933 934 933 933 933 933 933 932 933 932 933 932 933 932 931 932 932 932 931 931 931 932 873 873 872 872 873 872 873 888 889 888 776 776 775 776 775 776 775 775 774 774 774 774 773 773 773 773 773 772 771 772 771 772 771 771 770 770 770 768 769 768
1000 999 999 999 998 998 998 997 996 996 996 995 995 994 993 993 993 993 992 930 930 930 930 930 929 929 930 929 930 929 929 929 929 929 929 928 928 929 928 929 928 928 928 927 928 927 927 927 927 927 869 869 867 868 868 868 868 884 884 884 772 771 771 770 771 770 771 769 770 769 769 769 768 768 768 768 768 767 767 766 767 766 765 765 765 765 765 763 763
996 996 995 994 994 994 994 993 992 992 991 991 991 990 989 989 988 989 989 926 925 926 925 926 926 924 925 925 925 925 926 924 925 924 925 925 923 924 923 924 924 924 923 923 923 923 923 922 922 922 922 864 865 863 863 863 863 863 879 879 879 767 767 765 766 765 766 765 765 764 765 764 764 763 762 763 762 763 761 762 761 760 761 759 760 759 759 759 758
992 991 991 990 990 989 989 989 988 987 987 986 986 986 985 984 985 984 921 922 921 921 921 921 921 921 920 920 920 920 921 920 920 919 920 920 919 920 918 919 919 919 919 918 918 918 918 917 917 917 917 917 859 859 858 858 857 858 857 874 873 874 761 762 760 760 760 759 760 758 759 758 759 758 756 757 756 757 756 755 755 755 755 754 753 753 753 752 753
987 986 986 986 985 984 984 984 983 983 982 981 981 981 980 980 980 979 917 916 916 917 915 916 916 916 916 916 915 915 915 915 915 914 915 914 915 914 914 913 913 914 913 914 912 913 912 913 912 911 911 911 911 853 853 852 852 852 851 852 867 868 867 755 755 754 754 753 754 753 752 752 752 752 752 750 750 750 749 750 748 748 748 748 747 745 746 745 745
981 981 981 980 980 979 978 978 978 977 977 976 975 975 975 974 975 911 911 911 911 911 911 910 910 910 910 911 910 910 909 909 909 909 909 908 909 908 909 908 907 907 907 907 907 906 906 906 906 906 905 904 905 846 847 845 846 845 846 845 844 861 860 861 748 748 747 747 746 746 746 745 745 744 744 744 743 742 742 742 741 740 740 740 739 739 738 737 737
977 975 975 975 974 974 974 972 972 971 971 971 970 969 969 968 906 905 905 905 905 905 905 905 904 904 904 904 904 904 903 903 903 903 903 902 902 902 902 902 902 901 900 901 900 901 899 899 899 899 899 898 898 897 839 839 838 838 838 837 838 837 836 853 852 853 740 739 738 739 738 737 737 736 736 735 736 734 734 733 732 732 731 731 730 730 729 728 727
970 970 969 968 968 967 967 967 965 965 965 964 964 963 962 962 899 899 899 899 898 898 898 898 899 897 897 897 897 897 897 896 896 896 896 895 895 894 895 894 895 894 894 893 892 893 892 892 891 891 891 891 890 889 889 831 831 829 830 829 829 829 828 827 843 844 843 731 729 729 729 729 728 726 726 725 725 725 724 723 723 722 721 722 722 723 723 723 723
963 963 962 961 961 960 960 959 959 958 957 957 956 956 956 892 892 891 892 891 892 890 891 890 891 890 890 889 889 889 889 889 888 888 888 888 887 886 886 886 886 885 886 884 885 884 883 884 882 882 882 882 881 881 880 879 821 821 820 819 819 818 819 817 817 833 832 720 718 719 719 720 720 720 720 720 721 721 721 721 722 722 723 722 722 723 723 724 723
955 955 955 954 953 952 952 951 951 951 949 949 948 948 884 885 883 884 883 883 883 883 882 882 882 882 882 880 880 880 880 880 879 879 878 879 878 878 877 876 876 876 876 875 874 874 874 873 872 872 871 871 870 870 868 869 811 811 812 811 812 812 813 813 813 813 831 831 719 719 719 720 720 721 720 721 721 721 722 721 722 722 723 723 723 723 723 664 664
947 946 946 945 945 944 943 942 942 941 941 939 939 938 875 875 875 874 873 874 873 873 873 871 872 871 872 871 870 870 869 869 869 869 867 867 867 867 866 865 865 865 866 866 867 866 867 867 868 868 867 868 868 869 869 869 869 812 812 812 812 812 813 813 814 813 814 814 831 720 719 720 720 721 661 661 661 662 662 662 662 662 663 663 664 663 664 664 664
937 936 935 935 934 934 933 932 931 931 930 929 929 864 863 864 863 864 862 862 861 862 861 861 861 861 862 862 863 862 863 863 863 864 864 864 864 865 865 866 865 866 866 866 867 867 867 867 868 868 869 868 868 869 869 870 869 870 812 813 753 752 753 753 754 754 754 754 755 772 660 660 660 661 661 662 661 662 662 663 663 662 663 663 664 664 664 664 665
925 925 923 923 923 923 923 923 922 922 922 922 859 859 858 859 859 860 860 860 860 861 861 862 862 861 862 862 863 863 864 863 864 864 864 865 864 865 865 866 866 866 866 867 807 807 808 807 808 808 809 809 809 809 809 810 810 810 810 753 753 754 753 753 754 754 755 754 755 755 773 661 660 661 661 662 662 662 662 663 663 664 663 663 664 664 665 664 665
924 924 924 923 923 923 923 923 923 922 922 922 859 859 860 859 859 860 860 861 861 861 861 862 862 863 802 802 803 803 804 804 804 804 805 805 805 805 805 806 806 807 806 807 807 807 808 807 808 808 809 809 810 809 810 810 810 811 810 811 753 754 754 754 754 754 755 755 755 755 756 756 662 661 661 662 662 663 662 663 663 664 664 664 664 664 665 664 665
924 924 924 924 924 863 863 863 863 863 862 799 799 799 800 800 800 800 800 801 801 802 801 802 802 803 803 802 803 803 804 804 805 804 805 805 806 806 805 806 806 807 807 807 807 808 808 808 808 808 809 809 810 810 810 810 811 811 811 811 753 754 754 755 754 755 755 755 756 755 756 756 757 662 662 662 662 663 662 663 663 664 664 664 664 664 665 665 665
864 864 864 864 864 864 863 863 863 863 800 799 799 799 800 800 801 800 801 801 801 802 802 802 802 803 803 804 803 803 804 804 805 805 805 805 806 806 807 806 806 807 807 808 807 808 808 809 809 808 809 809 810 810 810 810 811 811 812 812 811 754 754 755 755 755 755 756 756 755 756 756 757 757 662 662 663 663 663 663 663 664 664 665 664 665 665 665 666
865 864 864 864 864 864 864 863 863 800 800 800 800 799 800 800 801 801 801 801 802 802 802 803 802 803 803 804 804 804 804 804 805 805 806 805 806 806 807 807 807 807 807 808 808 808 808 809 809 810 809 809 810 810 811 810 811 811 812 812 811 812 754 755 755 755 755 756 756 757 756 756 757 757 758 645 663 663 664 664 663 664 664 665 665 665 665 666 666
865 865 864 864 864 864 864 864 863 800 800 800 800 800 800 800 801 801 802 801 802 802 802 803 803 803 803 804 804 805 804 805 805 805 806 806 806 806 807 807 808 807 808 808 808 809 808 809 809 810 810 810 810 810 811 811 811 811 812 812 813 812 812 755 755 756 755 756 756 757 757 757 757 757 758 758 646 663 664 664 665 664 664 665 665 666 665 666 666
865 865 865 864 864 864 864 864 801 800 800 800 800 801 801 800 801 801 802 802 802 802 803 803 803 804 803 804 804 805 805 805 805 806 806 806 807 806 807 807 808 808 808 808 808 809 809 809 809 810 810 811 810 811 811 811 812 811 812 812 813 813 813 755 755 756 756 756 756 757 757 758 757 758 758 758 759 646 664 664 665 665 665 665 665 666 665 666 666
865 865 865 865 865 864 864 801 801 801 800 800 800 801 801 802 801 801 802 802 803 802 803 803 804 804 804 804 804 805 805 806 805 806 806 807 807 807 807 807 808 808 809 808 809 809 809 810 809 810 810 811 811 811 811 812 812 812 812 812 813 813 814 813 756 756 756 757 756 757 757 758 758 758 758 759 759 759 647 647 665 665 665 665 666 666 666 666 666
865 865 865 865 865 865 801 801 801 801 801 800 800 801 801 802 802 801 802 802 803 803 804 803 804 804 805 805 804 805 805 806 806 806 806 807 807 808 807 807 808 808 809 809 809 809 810 810 810 810 810 811 811 812 811 812 812 813 813 812 813 813 814 814 814 756 757 757 757 757 757 758 758 759 758 759 759 759 759 647 648 665 666 665 666 666 667 667 667
866 865 865 865 865 865 802 801 801 801 801 801 801 801 801 802 802 803 802 802 803 803 804 804 804 804 805 805 806 805 805 806 806 807 806 807 807 808 808 807 808 808 809 809 810 809 810 810 811 811 810 811 811 812 812 812 812 813 813 813 813 813 814 814 815 756 757 757 758 758 757 758 758 759 758 759 759 760 760 759 648 648 649 666 666 667 668 668 669
866 866 865 865 865 802 802 802 801 801 801 801 801 802 801 802 802 803 803 803 803 803 804 804 805 804 805 805 806 806 806 806 806 807 807 807 807 808 808 809 808 808 809 809 810 810 810 810 811 811 812 811 811 812 812 813 812 813 813 814 814 813 814 814 815 815 757 757 758 758 758 758 758 759 759 759 759 760 760 761 760 648 650 650 668 667 668 668 669
866 866 866 865 802 802 802 802 802 801 801 801 801 802 802 802 802 803 803 804 803 804 804 804 805 805 805 805 806 806 807 806 806 807 807 808 807 808 808 809 809 809 809 809 810 810 810 810 811 811 812 811 812 812 812 813 812 813 813 814 814 814 814 814 815 815 815 757 758 758 759 758 759 759 759 760 759 760 760 762 762 762 650 650 651 651 669 669 670
866 866 866 803 803 802 802 802 802 802 801 801 802 802 802 803 802 803 803 804 804 804 804 805 805 805 806 805 806 806 807 807 807 807 807 808 808 808 808 809 809 810 809 810 810 810 811 810 811 811 812 812 812 812 812 813 813 813 813 814 814 815 814 815 815 815 816 815 758 758 759 759 759 759 759 760 761 761 761 762 762 763 650 652 652 652 652 669 670
