testData/tiles/oneDegree/grid12.0-45.0-13.0-46.0.asc
ncols   200
nrows   200
xllcorner   12.0
yllcorner   45.0
cellsize   0.005
NODATA_value   -9999.0
[rows 42 to 83 of 200, columns 94 to 187 of 200]
203 203 203 203 203 204 204 204 204 204 204 204 205 205 205 205 205 205 205 205 206 206 206 206 206 206 206 206 206 207 207 207 207 207 207 207 207 207 207 208 208 208 208 208 208 208 208 208 208 208 209 209 209 209 209 209 209 209 209 209 209 209 209 210 210 210 210 210 210 210 210 210 210 210 210 210 210 210 210 211 211 211 211 211 211 211 211 211 211 282 282 282 282 282
203 203 203 203 203 203 204 204 204 204 204 204 204 204 205 205 205 205 205 205 205 205 206 206 206 206 206 206 206 206 206 207 207 207 207 207 207 207 207 207 207 208 208 208 208 208 208 208 208 208 208 208 209 209 209 209 209 209 209 209 209 209 209 209 209 210 210 210 210 210 210 210 210 210 210 210 210 210 210 210 210 210 211 211 211 211 211 211 211 282 282 282 282 282
203 203 203 203 203 203 203 204 204 204 204 204 204 204 204 205 205 205 205 205 205 205 205 206 206 206 206 206 206 206 206 206 207 207 207 207 207 207 207 207 207 207 208 208 208 208 208 208 208 208 208 208 208 208 209 209 209 209 209 209 209 209 209 209 209 209 209 209 210 210 210 210 210 210 210 210 210 210 210 210 210 210 210 210 210 210 211 211 211 282 282 282 282 282
202 203 203 203 203 203 203 203 203 204 204 204 204 204 204 204 205 205 205 205 205 205 205 205 205 206 206 206 206 206 206 206 206 206 207 207 207 207 207 207 207 207 207 207 208 208 208 208 208 208 208 208 208 208 208 208 209 209 209 209 209 209 209 209 209 209 209 209 209 209 210 210 210 210 210 210 210 210 210 210 210 210 210 210 210 210 210 210 210 282 282 282 282 282
202 202 202 203 203 203 203 203 203 203 204 204 204 204 204 204 204 204 205 205 205 205 205 205 205 205 206 206 206 206 206 206 206 206 206 206 207 207 207 207 207 207 207 207 207 207 208 208 208 208 208 208 208 208 208 208 208 208 209 209 209 209 209 209 209 209 209 209 209 209 209 209 209 210 210 210 210 210 210 210 210 210 210 210 210 210 210 210 210 281 281 281 281 282
202 202 202 202 203 203 203 203 203 203 203 204 204 204 204 204 204 204 204 205 205 205 205 205 205 205 205 205 206 206 206 206 206 206 206 206 206 207 207 207 207 207 207 207 207 207 207 207 208 208 208 208 208 208 208 208 208 208 208 208 209 209 209 209 209 209 209 209 209 209 209 209 209 209 209 209 210 210 210 210 210 210 210 210 210 210 210 210 210 281 281 281 281 281
202 202 202 202 202 203 203 203 203 203 203 203 203 204 204 204 204 204 204 204 204 205 205 205 205 205 205 205 205 206 206 206 206 206 206 206 206 206 206 207 207 207 207 207 207 207 207 207 207 207 208 208 208 208 208 208 208 208 208 208 208 208 208 209 209 209 209 209 209 209 209 209 209 209 209 209 209 209 209 210 210 210 210 210 210 210 210 210 210 281 281 281 281 281
202 202 202 202 202 202 203 203 203 203 203 203 203 203 204 204 204 204 204 204 204 204 205 205 205 205 205 205 205 205 205 206 206 206 206 206 206 206 206 206 206 207 207 207 207 207 207 207 207 207 207 207 208 208 208 208 208 208 208 208 208 208 208 208 208 209 209 209 209 209 209 209 209 209 209 209 209 209 209 209 209 209 210 210 210 210 210 210 210 281 281 281 281 281
201 202 202 202 202 202 202 202 203 203 203 203 203 203 203 204 204 204 204 204 204 204 204 204 205 205 205 205 205 205 205 205 206 206 206 206 206 206 206 206 206 206 207 207 207 207 207 207 207 207 207 207 207 207 208 208 208 208 208 208 208 208 208 208 208 208 208 208 209 209 209 209 209 209 209 209 209 209 209 209 209 209 209 209 209 210 210 210 210 281 281 281 281 281
201 201 202 202 202 202 202 202 202 203 203 203 203 203 203 203 203 204 204 204 204 204 204 204 204 205 205 205 205 205 205 205 205 205 206 206 206 206 206 206 206 206 206 206 207 207 207 207 207 207 207 207 207 207 207 207 208 208 208 208 208 208 208 208 208 208 208 208 208 208 209 209 209 209 209 209 209 209 209 209 209 209 209 209 209 209 209 209 209 281 281 281 281 281
201 201 201 202 202 202 202 202 202 202 203 203 203 203 203 203 203 203 204 204 204 204 204 204 204 204 204 205 205 205 205 205 205 205 205 205 206 206 206 206 206 206 206 206 206 206 207 207 207 207 207 207 207 207 207 207 207 207 208 208 208 208 208 208 208 208 208 208 208 208 208 208 208 209 209 209 209 209 209 209 209 209 209 209 209 209 209 209 209 280 280 280 280 281
201 201 201 201 201 202 202 202 202 202 202 202 203 203 203 203 203 203 203 203 204 204 204 204 204 204 204 204 205 205 205 205 205 205 205 205 205 205 206 206 206 206 206 206 206 206 206 206 207 207 207 207 207 207 207 207 207 207 207 207 207 208 208 208 208 208 208 208 208 208 208 208 208 208 208 208 209 209 209 209 209 209 209 209 209 209 209 209 209 280 280 280 280 280
201 201 201 201 201 201 202 202 202 202 202 202 202 203 203 203 203 203 203 203 203 204 204 204 204 204 204 204 204 204 205 205 205 205 205 205 205 205 205 206 206 206 206 206 206 206 206 206 206 206 207 207 207 207 207 207 207 207 207 207 207 207 207 208 208 208 208 208 208 208 208 208 208 208 208 208 208 208 208 209 209 209 209 209 209 209 209 209 209 280 280 280 280 280
201 201 201 201 201 201 201 202 202 202 202 202 202 202 202 203 203 203 203 203 203 203 203 204 204 204 204 204 204 204 204 205 205 205 205 205 205 205 205 205 205 206 206 206 206 206 206 206 206 206 206 206 207 207 207 207 207 207 207 207 207 207 207 207 207 208 208 208 208 208 208 208 208 208 208 208 208 208 208 208 208 208 209 209 209 209 209 209 209 280 280 280 280 280
200 200 201 201 201 201 201 201 201 202 202 202 202 202 202 202 203 203 203 203 203 203 203 203 204 204 204 204 204 204 204 204 204 205 205 205 205 205 205 205 205 205 205 206 206 206 206 206 206 206 206 206 206 206 207 207 207 207 207 207 207 207 207 207 207 207 207 207 208 208 208 208 208 208 208 208 208 208 208 208 208 208 208 208 208 208 209 209 209 280 280 280 280 280
200 200 200 201 201 201 201 201 201 201 202 202 202 202 202 202 202 203 203 203 203 203 203 203 203 203 204 204 204 204 204 204 204 204 204 205 205 205 205 205 205 205 205 205 205 206 206 206 206 206 206 206 206 206 206 206 206 207 207 207 207 207 207 207 207 207 207 207 207 207 207 208 208 208 208 208 208 208 208 208 208 208 208 208 208 208 208 208 208 280 280 280 280 280
200 200 200 200 201 201 201 201 201 201 201 202 202 202 202 202 202 202 202 203 203 203 203 203 203 203 203 204 204 204 204 204 204 204 204 204 204 205 205 205 205 205 205 205 205 205 205 206 206 206 206 206 206 206 206 206 206 206 206 207 207 207 207 207 207 207 207 207 207 207 207 207 207 208 208 208 208 208 208 208 208 208 208 208 208 208 208 208 208 279 279 279 279 279
200 200 200 200 200 201 201 201 201 201 201 201 201 202 202 202 202 202 202 202 203 203 203 203 203 203 203 203 203 204 204 204 204 204 204 204 204 204 205 205 205 205 205 205 205 205 205 205 205 206 206 206 206 206 206 206 206 206 206 206 206 207 207 207 207 207 207 207 207 207 207 207 207 207 207 207 208 208 208 208 208 208 208 208 208 208 208 208 208 279 279 279 279 279
200 200 200 200 200 200 200 201 201 201 201 201 201 201 202 202 202 202 202 202 202 202 203 203 203 203 203 203 203 203 203 204 204 204 204 204 204 204 204 204 205 205 205 205 205 205 205 205 205 205 205 206 206 206 206 206 206 206 206 206 206 206 206 206 207 207 207 207 207 207 207 207 207 207 207 207 207 207 207 207 208 208 208 208 208 208 208 208 208 279 279 279 279 279
199 200 200 200 200 200 200 200 201 201 201 201 201 201 201 201 202 202 202 202 202 202 202 202 203 203 203 203 203 203 203 203 204 204 204 204 204 204 204 204 204 204 205 205 205 205 205 205 205 205 205 205 205 206 206 206 206 206 206 206 206 206 206 206 206 206 207 207 207 207 207 207 207 207 207 207 207 207 207 207 207 207 207 208 208 208 208 208 208 279 279 279 279 279
199 199 199 200 200 200 200 200 200 200 201 201 201 201 201 201 201 202 202 202 202 202 202 202 202 203 203 203 203 203 203 203 203 203 204 204 204 204 204 204 204 204 204 204 205 205 205 205 205 205 205 205 205 205 205 206 206 206 206 206 206 206 206 206 206 206 206 206 206 207 207 207 207 207 207 207 207 207 207 207 207 207 207 207 207 207 207 208 208 279 279 279 279 279
199 199 199 199 200 200 200 200 200 200 200 201 201 201 201 201 201 201 201 202 202 202 202 202 202 202 202 203 203 203 203 203 203 203 203 203 204 204 204 204 204 204 204 204 204 204 205 205 205 205 205 205 205 205 205 205 205 205 206 206 206 206 206 206 206 206 206 206 206 206 206 206 207 207 207 207 207 207 207 207 207 207 207 207 207 207 207 207 207 278 278 279 279 279
199 199 199 199 199 200 200 200 200 200 200 200 201 201 201 201 201 201 201 201 202 202 202 202 202 202 202 202 203 203 203 203 203 203 203 203 203 203 204 204 204 204 204 204 204 204 204 204 205 205 205 205 205 205 205 205 205 205 205 205 206 206 206 206 206 206 206 206 206 206 206 206 206 206 206 207 207 207 207 207 207 207 207 207 207 207 207 207 207 278 278 278 278 278
199 199 199 199 199 199 199 200 200 200 200 200 200 200 201 201 201 201 201 201 201 201 202 202 202 202 202 202 202 202 203 203 203 203 203 203 203 203 203 204 204 204 204 204 204 204 204 204 204 204 205 205 205 205 205 205 205 205 205 205 205 205 206 206 206 206 206 206 206 206 206 206 206 206 206 206 206 206 207 207 207 207 207 207 207 207 207 207 207 278 278 278 278 278
198 199 199 199 199 199 199 199 200 200 200 200 200 200 200 201 201 201 201 201 201 201 201 202 202 202 202 202 202 202 202 202 203 203 203 203 203 203 203 203 203 204 204 204 204 204 204 204 204 204 204 204 205 205 205 205 205 205 205 205 205 205 205 205 205 206 206 206 206 206 206 206 206 206 206 206 206 206 206 206 206 207 207 207 207 207 207 207 207 278 278 278 278 278
198 198 198 199 199 199 199 199 199 200 200 200 200 200 200 200 200 201 201 201 201 201 201 201 201 202 202 202 202 202 202 202 202 202 203 203 203 203 203 203 203 203 203 204 204 204 204 204 204 204 204 204 204 204 205 205 205 205 205 205 205 205 205 205 205 205 205 205 206 206 206 206 206 206 206 206 206 206 206 206 206 206 206 206 206 207 207 207 207 278 278 278 278 278
198 198 198 198 199 199 199 199 199 199 199 200 200 200 200 200 200 200 201 201 201 201 201 201 201 201 202 202 202 202 202 202 202 202 202 203 203 203 203 203 203 203 203 203 203 204 204 204 204 204 204 204 204 204 204 204 204 205 205 205 205 205 205 205 205 205 205 205 205 205 206 206 206 206 206 206 206 206 206 206 206 206 206 206 206 206 206 206 207 278 278 278 278 278
198 198 198 198 198 199 199 199 199 199 199 199 200 200 200 200 200 200 200 200 201 201 201 201 201 201 201 201 202 202 202 202 202 202 202 202 202 203 203 203 203 203 203 203 203 203 203 204 204 204 204 204 204 204 204 204 204 204 204 205 205 205 205 205 205 205 205 205 205 205 205 205 205 206 206 206 206 206 206 206 206 206 206 206 206 206 206 206 206 277 277 277 277 278
192 198 198 198 198 198 198 199 199 199 199 199 199 199 200 200 200 200 200 200 200 201 201 201 201 201 201 201 201 201 202 202 202 202 202 202 202 202 202 203 203 203 203 203 203 203 203 203 203 204 204 204 204 204 204 204 204 204 204 204 204 204 205 205 205 205 205 205 205 205 205 205 205 205 205 205 206 206 206 206 206 206 206 206 206 206 206 206 206 277 277 277 277 277
191 192 192 198 198 198 198 198 199 199 199 199 199 199 199 200 200 200 200 200 200 200 200 201 201 201 201 201 201 201 201 201 202 202 202 202 202 202 202 202 202 203 203 203 203 203 203 203 203 203 203 203 204 204 204 204 204 204 204 204 204 204 204 204 205 205 205 205 205 205 205 205 205 205 205 205 205 205 205 205 206 206 206 206 206 206 206 206 206 277 277 277 277 277
191 191 191 192 192 192 198 198 198 198 199 199 199 199 199 199 199 200 200 200 200 200 200 200 200 201 201 201 201 201 201 201 201 202 202 202 202 202 202 202 202 202 202 203 203 203 203 203 203 203 203 203 203 203 204 204 204 204 204 204 204 204 204 204 204 204 204 205 205 205 205 205 205 205 205 205 205 205 205 205 205 205 205 206 206 206 206 206 206 277 277 277 277 277
191 191 191 191 192 192 192 192 198 198 198 199 199 199 199 199 199 199 200 200 200 200 200 200 200 200 201 201 201 201 201 201 201 201 201 202 202 202 202 202 202 202 202 202 202 203 203 203 203 203 203 203 203 203 203 203 204 204 204 204 204 204 204 204 204 204 204 204 204 204 205 205 205 205 205 205 205 205 205 205 205 205 205 205 205 205 205 206 206 277 277 277 277 277
191 191 191 191 191 191 192 192 192 192 192 198 198 199 199 199 199 199 199 199 200 200 200 200 200 200 200 200 201 201 201 201 201 201 201 201 201 202 202 202 202 202 202 202 202 202 202 203 203 203 203 203 203 203 203 203 203 203 203 204 204 204 204 204 204 204 204 204 204 204 204 204 205 205 205 205 205 205 205 205 205 205 205 205 205 205 205 205 205 276 276 277 277 277
146 146 191 191 191 191 191 192 192 192 192 192 192 198 199 199 199 199 199 199 199 199 200 200 200 200 200 200 200 200 201 201 201 201 201 201 201 201 201 202 202 202 202 202 202 202 202 202 202 203 203 203 203 203 203 203 203 203 203 203 203 204 204 204 204 204 204 204 204 204 204 204 204 204 204 204 205 205 205 205 205 205 205 205 205 205 205 205 205 276 276 276 276 276
145 145 146 146 191 191 191 191 192 192 192 192 192 192 192 192 199 199 199 199 199 199 199 200 200 200 200 200 200 200 200 200 201 201 201 201 201 201 201 201 201 202 202 202 202 202 202 202 202 202 202 203 203 203 203 203 203 203 203 203 203 203 203 203 204 204 204 204 204 204 204 204 204 204 204 204 204 204 204 205 205 205 205 205 205 205 205 205 205 276 276 276 276 276
145 145 145 146 146 146 146 191 191 191 192 192 192 192 192 192 192 193 199 199 199 199 199 199 199 200 200 200 200 200 200 200 200 201 201 201 201 201 201 201 201 201 201 202 202 202 202 202 202 202 202 202 202 202 203 203 203 203 203 203 203 203 203 203 203 203 204 204 204 204 204 204 204 204 204 204 204 204 204 204 204 204 205 205 205 205 205 205 205 276 276 276 276 276
145 145 145 145 145 146 146 146 146 191 191 192 192 192 192 192 192 192 192 193 193 199 199 199 199 199 199 200 200 200 200 200 200 200 200 201 201 201 201 201 201 201 201 201 201 202 202 202 202 202 202 202 202 202 202 202 203 203 203 203 203 203 203 203 203 203 203 203 203 204 204 204 204 204 204 204 204 204 204 204 204 204 204 204 204 204 205 205 205 276 276 276 276 276
145 145 145 145 145 145 146 146 146 146 146 191 191 192 192 192 192 192 192 192 193 193 193 193 199 199 199 199 200 200 200 200 200 200 200 200 200 201 201 201 201 201 201 201 201 201 201 202 202 202 202 202 202 202 202 202 202 202 203 203 203 203 203 203 203 203 203 203 203 203 203 203 204 204 204 204 204 204 204 204 204 204 204 204 204 204 204 204 204 204 276 276 276 276
144 145 145 145 145 145 145 146 146 146 146 146 146 146 192 192 192 192 192 192 192 192 193 193 193 193 193 199 199 199 200 200 200 200 200 200 200 200 200 201 201 201 201 201 201 201 201 201 201 202 202 202 202 202 202 202 202 202 202 202 202 203 203 203 203 203 203 203 203 203 203 203 203 203 203 204 204 204 204 204 204 204 204 204 204 204 204 204 204 204 275 275 275 275
144 144 145 145 145 145 145 145 145 146 146 146 146 146 146 146 192 192 192 192 192 192 192 192 193 193 193 193 193 193 199 199 200 200 200 200 200 200 200 200 200 201 201 201 201 201 201 201 201 201 201 202 202 202 202 202 202 202 202 202 202 202 202 202 203 203 203 203 203 203 203 203 203 203 203 203 203 203 203 204 204 204 204 204 204 204 204 204 204 204 275 275 275 275
144 144 144 144 145 145 145 145 145 145 146 146 146 146 146 146 146 146 147 192 192 192 192 192 192 193 193 193 193 193 193 193 193 199 200 200 200 200 200 200 200 200 200 201 201 201 201 201 201 201 201 201 201 201 202 202 202 202 202 202 202 202 202 202 202 202 203 203 203 203 203 203 203 203 203 203 203 203 203 203 203 203 204 204 204 204 204 204 204 204 275 275 275 275
144 144 144 144 144 145 145 145 145 145 145 145 146 146 146 146 146 146 146 147 147 192 192 192 192 192 192 193 193 193 193 193 193 193 193 193 194 200 200 200 200 200 200 200 200 201 201 201 201 201 201 201 201 201 201 201 202 202 202 202 202 202 202 202 202 202 202 202 202 203 203 203 203 203 203 203 203 203 203 203 203 203 203 203 203 203 204 204 204 204 275 275 275 275
