testData/tiles/oneDegree/grid15.0-17.0-16.0-18.0.asc
ncols   200
nrows   200
xllcorner   15.0
yllcorner   17.0
cellsize   0.005
NODATA_value   -9999.0
[rows 129 to 171 of 200, columns 95 to 189 of 200]
317 315 315 314 165 164 163 162 162 160 160 158 158 158 157 157 154 154 153 153 151 151 149 149 157 156 155 154 153 152 151 150 149 148 147 146 145 144 143 142 141 141 138 138 137 136 134 133 132 131 129 128 128 126 125 124 123 121 120 119 119 117 116 115 114 112 111 110 108 109 107 107 105 105 103 102 99 98 97 97 95 94 93 91 90 89 88 86 85 84 83 82 80 79 77
316 316 315 165 164 164 163 163 161 160 159 159 158 157 157 156 155 154 153 152 152 151 149 148 157 156 155 153 153 152 152 149 149 148 148 145 145 144 143 141 141 140 139 137 137 135 135 133 131 131 129 128 127 126 125 123 122 122 120 119 118 118 116 115 113 113 111 110 108 108 107 106 105 103 103 101 101 97 96 96 95 93 92 91 89 89 87 86 84 83 83 81 80 78 77
317 315 166 165 165 164 163 162 161 160 159 158 158 157 157 154 154 154 153 153 151 150 149 149 156 156 154 154 152 152 150 150 149 148 146 146 145 144 142 142 141 139 138 138 136 135 134 133 132 130 129 128 128 125 125 123 123 120 120 119 118 117 116 115 113 112 111 110 108 108 106 106 104 103 102 101 100 99 97 96 94 93 92 90 89 87 87 85 84 82 82 81 79 78 76
167 167 166 165 164 164 163 162 160 160 159 159 158 157 156 155 154 153 153 152 152 150 149 148 157 156 154 153 153 152 150 149 149 148 147 145 145 144 143 141 141 139 139 137 136 135 135 132 132 131 129 128 126 126 125 123 122 121 120 119 117 118 115 115 113 113 110 110 108 108 106 104 104 102 102 100 99 98 97 97 94 92 91 90 88 87 86 85 83 82 81 80 79 77 76
167 166 166 165 165 163 163 161 161 160 159 158 158 157 156 154 154 153 153 152 150 150 149 149 156 155 154 154 152 152 150 150 148 148 146 146 144 143 142 142 141 139 138 138 136 135 134 133 132 130 129 128 126 125 125 123 122 120 120 118 117 116 116 115 113 112 111 110 108 107 106 104 103 102 101 100 98 98 96 96 95 94 90 89 88 86 85 84 83 81 81 79 78 77 75
167 167 166 165 164 164 162 161 160 160 159 159 157 157 155 155 154 153 152 152 150 149 149 148 157 155 154 153 153 151 150 149 149 147 146 145 145 143 142 141 140 139 138 137 136 135 133 132 132 130 128 128 126 126 123 123 122 121 119 118 117 117 115 114 113 111 110 109 108 107 106 104 104 101 100 99 98 97 96 95 95 93 92 89 87 86 84 84 82 81 79 79 77 76 75
166 166 166 165 165 162 162 161 161 160 159 158 158 156 155 154 154 153 153 150 150 149 149 148 146 155 154 154 152 151 150 150 148 147 146 146 144 143 142 142 139 139 138 137 135 135 133 133 131 130 129 128 126 125 124 123 122 120 120 118 117 116 116 113 113 111 111 108 108 106 107 104 103 102 99 99 97 96 95 95 94 93 91 90 89 85 84 82 82 80 79 78 77 75 74
167 166 165 165 163 163 162 161 160 160 159 159 156 156 155 155 153 153 152 151 150 149 148 148 147 154 154 153 153 150 150 149 149 147 146 145 144 143 142 141 140 139 138 136 136 135 133 132 132 130 128 127 126 126 123 123 121 120 119 118 117 116 115 114 113 111 110 109 108 106 106 105 102 101 100 99 97 95 95 93 93 92 91 89 89 87 83 82 80 80 78 78 76 75 73
166 166 165 164 163 162 162 161 161 159 159 158 157 156 155 154 154 153 151 150 150 149 149 147 146 155 154 153 151 151 150 149 147 147 146 146 143 143 142 141 139 139 138 137 135 135 133 133 130 130 129 126 126 125 124 122 121 120 119 117 117 116 116 113 113 111 110 108 108 106 105 104 103 102 99 99 97 95 94 93 92 92 90 89 87 87 85 83 80 78 78 77 76 74 73
167 166 164 163 163 162 162 161 160 160 159 157 156 156 155 155 153 153 151 151 149 149 148 147 146 154 153 153 152 150 150 149 148 146 146 145 144 142 142 140 140 138 137 136 136 133 133 132 131 129 129 127 126 124 123 123 121 120 118 118 116 116 114 114 111 111 109 109 106 106 105 105 102 102 100 97 97 95 94 92 92 90 90 88 87 86 85 83 81 78 76 77 75 74 72
166 165 164 164 162 162 161 161 161 159 158 157 157 155 155 154 154 152 151 150 150 149 148 146 146 154 154 151 151 151 150 148 147 147 146 144 143 143 142 140 139 139 137 136 135 134 133 132 130 130 129 126 126 124 124 122 121 120 119 117 116 115 114 113 112 111 109 108 107 106 105 104 103 100 100 98 97 95 93 93 91 90 89 88 86 85 84 83 81 79 76 75 75 73 72
166 164 164 163 163 162 161 160 160 160 158 157 156 156 155 154 153 152 151 151 149 149 147 147 145 154 153 152 151 150 149 148 148 146 146 144 144 142 141 140 140 138 137 136 136 133 133 132 131 129 128 127 126 124 123 122 120 120 118 118 115 115 114 114 111 111 109 108 106 106 105 104 102 101 100 97 96 95 93 92 92 90 88 87 86 84 83 82 81 79 77 76 73 73 71
165 165 164 164 162 162 161 161 159 158 158 157 157 155 155 154 153 152 151 150 150 149 147 146 146 154 152 151 151 150 149 147 147 147 146 144 143 143 141 140 139 138 137 136 134 134 133 131 130 130 127 126 126 124 123 121 121 119 118 117 116 115 114 113 112 110 109 108 107 105 105 103 103 100 100 98 95 95 93 92 91 90 88 87 85 84 82 82 80 79 77 75 75 71 70
166 164 164 163 163 162 161 160 159 158 158 157 156 156 155 153 152 152 151 150 149 148 147 147 145 154 152 152 150 150 148 148 146 146 144 144 143 142 141 140 139 137 137 136 134 133 133 131 130 129 128 127 124 124 123 122 120 119 118 117 115 114 114 113 111 111 109 107 106 105 103 103 102 101 98 98 96 94 93 91 92 89 88 86 85 83 82 80 80 78 77 75 74 73 70
165 165 164 163 162 162 161 160 158 158 157 157 157 155 155 153 153 151 151 150 149 147 147 146 146 153 152 151 151 150 148 147 147 146 144 143 143 142 140 140 139 138 136 136 134 134 132 131 130 129 127 126 125 124 122 121 121 118 118 116 116 113 114 112 112 109 109 107 106 104 104 103 102 100 99 97 96 94 93 91 89 90 87 86 85 84 81 80 78 78 76 75 74 73 72
166 164 164 163 163 161 160 159 159 158 157 156 156 156 154 153 152 152 151 150 148 148 147 146 145 144 152 152 150 149 148 148 146 145 144 144 142 141 140 140 138 137 137 135 134 133 132 131 130 128 127 127 124 124 122 121 120 119 118 116 115 114 114 112 111 110 108 107 106 105 103 103 101 100 98 98 96 94 93 91 89 89 88 86 84 83 82 79 78 76 76 74 74 73 72
165 165 164 163 162 161 160 160 158 158 157 157 155 154 154 153 153 151 151 149 149 147 147 146 145 143 152 151 151 148 148 147 147 145 144 143 143 141 140 139 138 137 136 135 134 133 131 131 130 127 127 125 125 123 122 121 120 118 117 116 116 113 114 112 111 109 109 107 106 104 103 102 101 100 99 96 96 94 93 91 89 89 87 86 84 82 81 80 78 76 74 74 74 73 72
164 164 163 163 162 160 160 159 159 158 157 156 155 154 153 153 152 152 151 149 148 148 147 146 144 144 152 151 149 149 148 147 145 145 144 143 141 141 140 138 137 137 136 134 133 133 131 130 128 128 127 125 124 124 122 121 119 119 116 116 114 114 111 112 111 110 107 107 105 104 102 103 101 100 98 97 95 94 92 92 89 88 88 85 84 82 82 79 78 76 74 73 72 72 70
165 164 164 161 161 161 160 159 158 158 157 157 154 154 153 153 152 151 150 149 149 147 147 145 145 143 152 151 150 148 148 147 146 144 144 143 142 140 140 138 138 136 135 134 134 131 131 130 129 127 127 125 125 122 122 121 119 118 117 116 114 113 112 112 110 109 108 106 105 104 103 102 101 99 98 96 96 94 92 91 90 88 86 86 84 82 80 80 77 76 75 73 72 72 69
164 164 162 162 161 160 160 159 159 157 157 155 155 154 153 152 152 150 149 149 148 148 146 145 144 144 152 150 149 149 148 146 145 145 144 142 141 141 140 138 137 137 135 134 133 132 131 130 128 128 125 125 124 123 121 120 119 119 116 116 114 114 111 112 110 109 107 107 105 104 102 101 100 99 98 97 94 94 92 90 89 88 87 85 84 82 80 78 78 76 75 74 73 70 69
164 163 162 161 161 160 160 159 158 158 156 155 154 154 153 153 151 150 149 149 148 147 146 145 144 143 152 150 149 148 148 146 146 144 144 142 142 140 139 138 138 136 135 134 133 131 131 129 128 127 126 125 124 122 122 120 119 117 117 115 114 113 112 111 110 109 108 106 105 103 102 100 101 99 97 96 95 93 92 90 90 87 86 85 83 82 80 78 77 77 76 74 71 71 69
163 163 162 162 160 160 159 159 159 156 156 155 155 153 153 152 151 150 149 148 148 148 145 145 144 144 150 150 149 149 147 146 145 145 142 142 141 141 138 138 137 136 134 134 132 132 130 129 128 128 125 125 123 123 121 120 119 117 116 115 114 112 111 111 110 108 107 106 104 103 102 101 100 99 97 96 94 93 92 90 88 88 86 84 83 81 80 79 78 76 75 73 71 71 70
164 163 162 161 161 160 159 158 157 157 156 155 154 154 153 151 150 150 149 149 147 146 146 145 144 143 151 150 149 148 147 146 145 144 143 142 141 139 139 138 137 135 135 134 132 131 131 129 128 126 126 124 123 122 121 119 119 117 117 114 114 112 111 110 110 108 107 105 105 103 102 100 100 98 97 96 95 92 92 90 88 86 87 84 82 81 81 79 78 77 73 72 71 71 70
163 163 162 162 160 160 159 158 156 156 156 155 155 153 152 151 151 149 149 148 147 146 145 145 144 143 141 150 149 148 146 146 145 144 142 142 141 140 138 138 136 136 134 133 132 132 129 129 128 126 125 125 123 122 120 120 118 117 116 115 113 112 111 111 109 108 107 106 104 103 101 100 99 99 96 95 94 93 90 90 88 86 86 85 83 81 80 80 78 75 74 72 71 70 70
164 162 162 161 161 160 158 157 157 156 155 155 154 154 152 151 150 150 149 148 146 146 145 144 144 142 142 150 149 147 147 146 145 143 143 142 141 139 139 138 136 135 135 132 132 131 130 128 128 126 126 123 123 122 121 119 118 117 115 114 113 112 111 109 109 107 106 105 104 102 101 100 99 97 97 95 94 92 91 89 88 86 86 84 83 82 80 79 77 75 74 73 72 70 70
163 163 162 161 160 159 158 158 156 156 155 155 154 152 152 151 151 149 149 147 147 145 145 144 143 142 141 150 148 147 146 146 144 143 142 142 140 139 138 137 136 135 134 133 132 130 129 129 127 126 125 124 123 121 120 120 117 117 115 115 112 112 110 109 108 108 106 105 103 103 100 99 99 98 96 95 93 92 90 89 88 86 85 84 83 82 81 77 76 76 75 73 72 71 70
163 162 162 160 160 158 158 157 157 156 155 154 153 153 151 151 150 150 148 147 146 146 145 143 142 142 142 149 148 147 147 145 144 143 143 141 140 139 139 136 136 135 134 132 132 130 130 128 127 126 124 123 123 121 120 118 118 117 115 114 113 111 110 109 109 107 106 105 103 101 101 99 98 97 96 94 93 92 91 88 87 86 84 84 84 82 79 78 77 75 74 74 72 71 71
163 162 161 159 159 159 158 158 156 156 155 154 152 152 152 151 150 148 148 147 147 145 145 143 143 141 141 149 148 147 146 145 144 143 142 141 140 139 138 137 136 135 133 133 131 130 129 128 126 126 124 124 122 121 120 119 117 116 115 113 112 112 110 109 108 108 105 104 103 102 100 99 98 97 95 95 93 91 90 89 86 86 85 84 83 83 80 78 77 76 74 73 72 70 70
161 161 160 160 159 158 158 157 157 156 154 153 153 152 151 151 150 149 147 147 146 146 143 143 142 142 141 148 147 147 147 144 144 143 143 140 140 139 137 136 136 134 133 132 131 130 129 127 127 126 124 123 122 121 120 118 118 115 115 113 113 110 110 108 108 106 106 104 103 101 101 98 97 97 96 94 93 91 90 88 87 85 85 85 84 80 80 79 77 76 75 73 72 71 70
162 161 161 159 159 158 158 157 156 155 154 154 152 152 151 151 149 148 148 147 146 144 144 143 142 141 140 148 147 146 145 145 143 143 141 141 139 139 137 137 135 134 133 133 130 130 129 128 126 125 124 123 121 121 119 118 117 116 115 113 112 111 109 108 108 107 105 104 103 101 99 99 97 97 95 94 92 91 89 88 87 86 85 85 82 81 79 78 78 76 75 74 73 71 70
161 161 160 160 159 158 157 157 156 154 154 153 153 151 151 149 149 149 147 147 146 145 143 143 142 141 139 139 147 147 144 144 144 143 141 140 140 138 137 136 135 134 133 131 131 130 128 127 127 124 124 122 122 120 119 118 117 115 114 113 112 110 110 108 107 106 105 103 102 101 100 98 97 96 95 93 92 90 89 88 88 86 85 83 82 81 80 78 77 77 76 74 73 72 70
162 161 160 159 159 158 157 155 155 155 154 153 152 152 150 149 148 148 148 147 145 144 144 143 142 140 140 139 147 145 145 144 143 142 141 141 139 138 137 137 134 134 133 131 130 130 128 127 126 125 124 122 121 121 118 118 116 116 113 113 111 111 108 108 106 106 104 104 102 101 99 98 96 95 95 93 91 91 90 88 88 87 83 82 83 81 80 79 78 76 75 74 73 72 71
161 161 160 160 158 157 156 156 155 154 154 153 153 150 150 149 149 147 147 146 145 144 143 143 141 141 139 139 146 146 144 144 142 142 141 140 139 137 137 135 135 133 132 131 131 128 128 127 126 124 124 122 121 119 119 117 116 115 114 113 111 110 109 107 106 106 105 103 102 100 99 97 97 94 94 93 92 90 90 89 87 85 84 82 82 81 81 79 78 77 75 74 73 71 70
161 161 160 159 158 157 156 155 155 154 154 153 151 151 150 149 148 148 146 145 145 144 144 141 141 140 140 138 146 145 145 143 142 141 141 140 138 138 137 135 134 134 132 131 130 129 128 127 125 125 122 122 121 120 118 117 116 115 113 113 111 110 108 108 106 105 104 103 101 100 99 97 95 95 94 93 92 91 90 89 86 84 84 83 83 81 80 80 78 77 76 74 73 72 70
161 160 159 159 157 157 156 156 154 154 153 152 152 150 150 149 149 146 146 145 145 144 143 142 141 140 139 138 146 145 144 143 142 141 140 139 139 137 136 135 135 133 132 131 129 128 128 126 125 124 123 122 120 119 119 116 116 114 114 111 111 109 108 106 106 105 104 102 102 99 98 97 96 94 94 93 92 91 90 87 86 85 84 83 83 82 80 79 79 77 76 75 74 72 71
160 159 158 158 158 157 156 155 155 154 152 151 151 151 149 149 148 147 146 145 144 144 142 141 141 140 140 137 146 145 145 142 142 141 140 138 138 137 136 135 134 133 131 131 129 129 127 126 125 124 122 122 120 119 117 117 116 114 113 112 110 109 108 107 105 104 104 102 100 100 98 97 95 94 94 93 93 92 88 87 87 85 84 83 83 82 81 79 78 77 76 75 74 73 71
160 159 159 157 157 157 156 156 154 153 152 152 150 150 150 149 147 146 146 145 145 142 142 141 141 140 138 138 146 145 143 143 142 141 139 139 137 136 135 135 134 132 132 131 129 128 127 126 125 123 123 121 120 119 118 116 115 114 112 111 110 109 108 106 105 103 103 102 101 99 98 97 95 94 95 94 92 90 89 87 86 86 84 83 82 82 81 80 79 77 76 75 73 72 71
160 159 158 158 157 156 156 155 154 153 152 151 151 150 149 148 147 147 145 145 143 143 141 141 140 139 138 137 137 144 143 142 142 140 139 138 138 136 135 134 133 133 131 130 129 128 126 126 125 123 122 121 120 119 117 117 114 114 112 112 109 109 107 106 104 104 103 102 100 100 97 96 96 95 93 94 91 89 89 88 86 86 85 83 82 82 82 80 79 78 76 75 74 72 71
160 159 159 157 157 156 155 154 153 153 152 152 150 150 148 148 147 146 146 145 143 142 142 141 139 138 138 138 136 144 143 143 141 140 139 139 136 136 135 134 132 132 132 129 129 127 127 125 124 123 123 120 120 118 117 115 115 114 112 111 110 108 107 106 105 103 103 101 100 98 98 97 95 95 94 92 91 90 89 88 87 85 85 84 83 82 81 80 79 78 77 75 74 73 71
159 159 158 158 157 155 154 154 154 152 152 151 151 149 148 147 147 147 145 144 143 143 141 141 139 139 137 137 136 144 143 142 141 140 139 138 137 135 135 133 133 131 130 130 129 127 126 126 124 123 121 121 119 118 117 116 114 113 112 110 109 108 107 105 104 103 102 101 100 99 98 97 96 95 92 92 91 90 89 89 87 86 85 84 83 83 81 80 79 77 76 75 74 72 71
159 159 158 156 156 155 155 153 153 153 152 151 149 149 148 147 146 146 145 144 143 142 142 140 139 138 138 136 135 144 143 141 140 140 139 137 136 136 134 133 132 132 130 129 128 127 126 124 124 123 121 120 119 118 117 115 115 112 112 110 110 107 107 105 104 102 103 101 99 99 98 97 96 93 92 92 91 91 89 88 88 86 85 84 82 83 82 80 79 78 76 75 74 73 71
159 157 157 157 155 155 154 154 153 152 151 150 150 148 148 147 147 144 144 144 143 142 140 140 139 138 137 136 135 143 143 141 141 139 138 137 137 135 134 133 133 130 130 129 127 126 126 125 123 122 121 121 118 118 116 115 113 113 112 110 109 108 106 105 104 103 100 101 100 99 98 97 94 93 93 93 91 91 90 88 87 87 85 84 83 81 82 81 80 78 77 76 74 73 72
158 158 156 156 156 155 154 153 153 151 151 150 149 149 148 147 145 145 144 143 143 141 141 139 139 138 137 135 135 143 142 141 140 140 138 137 136 135 134 133 131 131 129 128 127 127 124 124 124 122 121 119 119 117 116 115 114 112 111 110 108 107 106 105 103 102 101 101 100 99 98 95 95 94 92 92 92 90 90 89 87 86 86 84 83 82 82 80 80 79 77 76 75 73 72
