testData/tiles/oneDegree/grid11.0-34.0-12.0-35.0.asc
ncols   200
nrows   200
xllcorner   11.0
yllcorner   34.0
cellsize   0.005
NODATA_value   -9999.0
[rows 84 to 125 of 200, columns 94 to 187 of 200]
413 412 412 413 412 412 413 413 412 413 413 413 413 413 412 412 412 412 412 412 412 412 411 412 412 412 412 412 412 412 412 412 412 411 411 411 411 411 411 411 411 411 411 417 417 417 417 416 416 417 417 417 418 418 418 419 419 419 420 419 419 420 420 420 421 421 421 422 422 422 422 422 422 422 423 423 423 424 424 424 425 425 425 425 426 426 426 427 427 427 428 428 428 428
413 412 413 413 412 413 413 412 413 413 412 413 413 413 413 413 413 413 413 413 412 412 412 412 412 412 412 412 412 412 413 412 412 413 412 412 413 411 411 412 411 411 412 411 411 411 417 417 418 418 418 418 418 418 419 419 419 420 420 420 421 421 420 421 421 421 422 422 422 423 423 423 423 423 423 423 424 424 424 425 425 425 426 426 426 426 427 427 427 428 428 428 428 429
413 413 413 412 412 413 413 413 413 413 413 413 413 413 413 413 413 413 414 413 413 414 413 413 414 413 412 413 412 412 413 412 412 412 412 413 412 412 413 412 412 413 411 411 412 411 411 412 412 418 419 419 419 420 419 419 420 420 420 421 421 421 422 422 422 423 422 422 422 423 423 423 424 424 424 424 424 424 425 425 425 426 426 426 426 427 427 427 428 428 428 428 429 429
413 414 414 413 414 414 413 414 414 414 414 413 413 413 413 413 413 413 413 413 414 413 413 414 413 413 414 413 413 414 413 412 413 412 412 413 412 412 413 412 413 413 412 413 413 412 412 412 412 413 413 413 414 420 420 421 421 421 421 421 421 422 422 422 423 423 423 423 423 423 423 424 424 424 425 425 425 426 425 425 426 426 426 426 427 427 427 428 428 428 428 429 429 429
413 414 413 414 414 413 414 414 414 414 414 415 414 414 415 414 414 415 413 413 414 413 413 414 413 414 414 413 414 414 413 414 414 413 414 414 412 413 413 412 413 412 412 413 412 412 413 413 414 413 413 414 414 414 415 415 421 422 422 422 422 422 422 422 423 423 423 424 424 424 425 424 424 425 425 425 426 426 426 427 427 426 426 427 427 427 428 428 428 429 429 429 429 430
414 414 413 414 414 414 414 414 414 414 414 414 414 414 414 414 415 414 414 415 414 414 415 414 413 414 413 413 414 413 414 414 413 414 414 413 414 414 413 414 413 412 413 413 412 413 413 413 414 414 414 415 415 414 415 415 415 416 416 416 423 423 423 424 423 423 424 424 424 425 425 425 426 426 425 426 426 426 427 427 427 427 428 427 427 428 428 428 429 429 429 429 430 430
415 414 415 415 414 415 415 415 414 414 415 414 414 415 414 414 415 414 415 415 414 415 415 414 415 415 414 415 415 413 414 414 414 414 414 414 414 414 414 414 414 414 414 414 413 413 413 414 414 414 415 415 415 416 416 416 416 416 416 417 417 417 418 424 424 425 425 424 425 425 425 426 426 426 427 427 427 427 427 427 427 428 428 428 429 429 428 429 429 429 429 430 430 430
414 415 415 415 415 415 415 415 415 415 415 415 416 415 415 416 414 414 415 414 414 415 414 415 415 414 415 415 414 415 415 414 415 415 413 414 414 414 414 414 414 414 414 414 414 414 415 415 414 415 415 415 416 416 416 417 417 417 418 417 417 418 418 418 419 419 419 426 426 426 426 426 426 427 427 427 427 428 428 427 428 428 428 429 429 429 430 430 429 429 430 430 430 431
414 415 415 414 415 415 415 415 415 415 415 415 416 415 416 416 415 416 416 415 416 416 414 415 415 415 415 415 415 415 415 415 415 415 415 415 415 415 414 414 414 414 415 414 414 415 415 415 416 416 416 416 416 416 417 417 417 418 418 418 419 419 418 419 419 419 420 420 420 421 421 427 428 427 427 427 428 428 428 429 429 429 429 429 429 430 430 430 430 431 430 430 431 431
416 416 415 416 416 415 415 415 416 415 415 416 415 415 416 415 415 416 415 416 416 415 416 416 415 416 416 414 415 415 415 415 415 415 415 415 415 415 415 415 415 415 414 414 414 415 415 415 416 416 417 417 417 418 418 417 418 418 418 419 419 419 420 420 420 420 420 420 421 421 421 421 422 422 422 428 428 428 429 429 429 430 430 430 430 430 430 430 431 431 431 432 432 431
416 416 416 416 416 416 416 416 416 416 417 416 416 416 416 415 416 416 415 416 416 416 416 416 416 416 416 416 416 416 416 416 415 415 415 416 415 415 416 415 415 416 415 415 416 416 415 416 416 416 417 417 417 418 418 418 419 419 418 419 419 419 420 420 420 421 421 421 421 421 421 422 422 422 423 423 423 424 423 429 430 430 430 431 431 431 431 431 431 431 432 432 432 433
416 415 416 416 416 416 416 417 416 416 417 416 416 417 416 417 417 416 417 416 415 416 416 415 416 416 416 416 416 417 416 416 417 416 416 417 415 416 416 415 416 416 415 416 416 416 417 417 417 418 417 417 418 418 418 419 419 419 420 420 420 420 420 420 421 421 421 422 422 422 423 422 422 423 423 423 424 424 424 425 424 424 425 431 431 431 432 432 432 432 432 432 433 433
416 417 416 416 416 416 416 416 416 417 416 416 417 416 416 417 417 417 417 417 417 417 417 417 417 416 416 416 417 416 416 417 416 416 417 416 416 417 416 416 417 415 416 416 416 417 417 417 418 418 418 419 419 418 419 419 419 420 420 420 421 421 421 422 421 421 422 422 422 423 423 423 424 424 423 424 424 424 425 425 425 426 426 425 425 426 426 432 433 433 433 433 433 433
416 417 417 417 417 417 417 417 417 418 416 417 417 416 417 417 416 417 417 417 417 417 417 417 417 417 417 417 417 417 416 417 416 417 417 416 417 417 416 417 417 416 417 417 416 417 417 418 418 418 419 419 419 420 420 420 420 420 420 421 421 421 422 422 422 423 423 422 423 423 423 424 424 424 425 425 424 425 425 425 426 426 426 426 427 426 426 427 427 427 428 428 434 434
417 417 416 417 417 418 417 417 418 417 417 418 417 418 418 417 418 417 417 417 417 417 417 417 418 417 417 418 417 417 418 417 417 418 417 417 417 416 417 417 416 417 417 417 418 418 418 419 418 418 419 419 420 420 420 421 421 421 422 421 421 422 422 422 423 423 423 424 424 424 424 424 424 425 425 425 426 426 426 425 426 426 426 427 427 427 428 427 427 428 428 428 429 429
417 416 417 417 417 417 417 417 417 417 418 417 417 418 418 417 418 418 418 418 418 418 418 417 417 417 418 417 417 418 418 417 418 418 417 418 418 417 418 417 417 417 417 418 418 418 419 419 419 420 420 419 420 420 420 421 421 421 422 422 423 423 422 423 423 423 424 424 424 425 425 425 425 425 425 425 426 426 426 427 427 426 427 427 427 428 428 428 429 429 428 429 429 429
418 417 418 418 418 418 418 418 417 417 418 417 418 418 417 418 418 417 418 418 419 418 418 419 418 418 419 418 417 418 417 418 418 417 418 418 417 418 418 417 418 418 419 418 418 419 419 419 420 420 420 421 421 421 422 421 421 422 422 422 423 423 423 424 424 423 424 424 424 425 425 425 426 426 426 426 426 426 427 427 427 428 428 428 428 428 428 429 429 429 430 430 429 429
417 418 418 417 418 418 419 418 418 419 418 418 419 418 419 418 418 418 418 418 418 418 419 418 418 419 418 418 419 418 418 419 419 418 418 418 418 418 418 418 418 418 419 419 419 420 419 420 420 420 421 421 421 422 422 422 423 423 422 423 423 423 424 424 424 425 425 425 425 425 425 426 426 426 427 427 427 427 427 427 428 428 428 429 429 429 429 429 429 430 430 430 430 431
417 418 417 418 418 418 418 418 419 418 418 419 419 418 419 419 419 419 419 419 419 418 419 418 418 419 418 419 419 418 419 419 418 419 419 418 419 418 418 418 418 419 419 419 420 420 420 421 421 421 421 421 422 422 422 423 423 423 424 424 424 424 424 424 425 425 425 426 426 426 427 426 426 427 427 427 428 428 428 429 428 428 429 429 429 430 430 430 430 430 430 430 431 431
419 419 418 419 419 418 418 418 419 418 418 419 418 419 419 418 419 419 419 419 419 420 419 419 420 419 418 419 418 419 419 418 419 419 419 419 419 419 419 419 420 419 419 420 420 420 421 421 421 422 422 422 423 422 422 423 423 424 424 424 425 425 425 426 425 425 426 426 426 427 427 427 428 427 427 428 428 428 429 429 429 430 429 429 430 430 430 430 431 431 430 431 431 431
419 418 419 419 418 419 419 420 419 419 420 419 418 419 419 419 419 419 419 419 419 419 419 420 419 419 420 420 419 420 420 418 419 419 419 419 419 419 419 419 420 420 420 421 421 421 421 421 422 422 422 423 423 423 424 424 423 424 424 424 425 425 426 426 426 427 427 426 427 427 427 428 428 428 429 429 428 429 429 429 430 430 430 431 430 430 430 431 431 431 432 432 432 432
418 418 419 419 419 419 419 419 419 420 420 419 420 420 419 420 420 420 420 419 420 419 419 420 419 420 420 419 420 420 419 420 420 419 420 419 420 419 419 420 420 420 421 421 421 422 422 423 422 422 423 423 423 424 424 424 425 425 425 425 425 425 426 426 426 427 427 427 428 427 428 428 428 429 429 429 430 430 429 429 430 430 430 431 431 431 432 431 431 432 432 432 433 433
419 419 419 418 419 419 419 419 419 420 419 419 420 419 420 420 420 420 420 420 420 420 421 420 419 420 419 419 420 420 420 420 420 420 420 420 420 420 421 420 420 421 421 421 422 422 422 423 423 423 424 424 424 424 424 425 425 425 426 426 426 427 426 426 427 427 427 428 428 428 429 429 428 429 429 429 430 430 430 431 431 430 431 431 431 432 432 432 433 432 432 433 433 433
419 420 419 420 420 419 420 420 421 420 419 420 419 419 420 420 420 420 420 420 420 420 421 420 421 421 420 421 421 419 420 420 420 420 420 420 420 420 421 421 421 422 422 422 422 422 423 423 423 424 424 424 425 425 425 425 425 426 426 426 427 427 427 428 428 427 428 428 428 429 429 429 430 430 429 430 430 430 431 431 431 432 432 431 432 432 432 433 433 433 434 433 433 434
420 419 419 420 420 420 420 420 420 420 421 421 420 421 421 420 421 420 421 420 420 421 420 420 421 420 421 421 420 421 421 421 421 421 421 420 420 421 421 421 422 422 422 423 423 424 424 423 424 424 424 425 425 425 426 426 426 427 426 426 427 427 428 428 428 429 429 429 429 429 429 430 430 430 431 431 431 431 431 431 432 432 432 433 433 432 433 433 433 434 434 434 435 434
419 419 420 420 419 420 420 420 420 420 421 420 420 421 420 421 421 421 421 421 422 421 420 421 420 420 421 421 421 421 421 421 421 421 421 421 421 422 421 422 422 422 423 423 423 424 424 424 425 425 425 425 425 426 426 426 427 427 427 428 428 427 428 428 428 429 429 430 430 430 430 430 430 431 431 431 432 432 432 432 432 432 433 433 433 434 434 433 434 434 434 435 435 435
420 420 421 420 421 421 420 420 420 421 420 420 421 421 420 421 421 421 421 421 421 421 421 422 421 422 422 420 421 421 420 421 421 422 421 421 422 422 422 423 423 423 423 423 424 424 424 425 425 425 426 426 427 426 426 427 427 427 428 428 428 429 429 429 429 429 429 430 430 430 431 431 432 431 431 432 432 432 433 433 433 434 433 433 434 434 434 435 435 435 434 435 435 435
420 421 420 420 421 421 421 421 421 421 421 422 422 421 421 421 420 421 421 422 421 421 422 421 421 422 421 422 422 422 422 422 421 421 421 422 422 422 423 423 423 424 424 424 425 424 425 425 425 426 426 426 427 427 427 428 427 428 428 428 429 429 429 430 430 430 430 430 430 431 431 431 432 432 432 432 432 432 433 433 433 434 434 434 434 434 434 435 435 435 436 436 435 436
420 420 420 421 421 420 421 421 421 421 421 422 421 421 422 421 422 422 422 422 421 422 421 421 422 422 421 422 422 422 422 422 422 422 422 423 422 423 423 423 424 424 424 425 425 425 426 426 426 426 426 427 427 427 428 428 428 429 429 428 429 429 430 430 430 431 431 431 432 431 431 432 432 432 433 433 433 434 433 433 434 434 434 435 435 435 435 435 435 436 436 436 437 437
421 421 421 422 420 421 421 420 421 421 422 421 421 422 422 421 422 422 422 422 422 423 422 422 423 421 422 422 421 422 422 422 422 422 423 423 423 424 424 424 424 424 425 425 425 426 426 426 427 427 427 428 427 428 428 428 429 429 429 430 430 430 430 430 431 431 431 432 432 432 433 432 432 433 433 433 434 434 434 435 434 434 435 435 435 436 436 436 436 436 436 437 437 437
421 421 422 421 421 422 422 422 422 422 422 422 421 422 421 422 422 421 422 422 423 422 422 423 422 422 423 423 423 423 422 422 422 422 423 423 424 424 424 425 425 425 426 425 426 426 426 427 427 427 428 428 428 429 429 429 429 429 430 430 430 431 431 431 432 431 431 432 432 433 433 433 434 434 433 434 434 434 435 435 435 436 435 435 436 436 436 437 437 437 437 437 437 438
421 421 421 421 422 422 421 422 422 422 422 422 423 422 422 423 423 423 422 422 422 422 423 423 422 423 423 422 423 423 423 423 423 424 423 423 424 424 425 425 425 426 426 426 427 427 427 427 427 428 428 428 429 429 429 430 430 431 430 430 431 431 431 432 432 432 433 432 432 433 433 433 434 434 435 435 434 435 435 435 436 436 436 437 437 436 437 437 437 438 438 438 438 438
422 421 421 421 422 421 422 422 421 422 422 422 422 422 423 423 422 423 423 423 423 423 424 422 422 423 422 423 423 423 423 423 423 424 424 425 425 425 425 425 425 426 426 427 427 427 428 428 428 429 428 429 429 429 430 430 430 431 431 431 432 431 432 432 432 433 433 433 434 434 433 434 434 434 435 435 435 436 436 435 436 436 437 437 437 438 438 437 438 438 438 439 439 439
421 422 422 423 422 422 423 422 423 422 422 422 422 422 423 422 423 423 422 423 423 424 423 423 424 423 423 424 423 423 423 423 424 424 424 425 425 426 426 426 427 427 426 427 427 428 428 428 429 429 429 430 430 430 430 430 431 431 431 432 432 432 433 432 432 433 433 434 434 434 435 435 435 435 435 435 436 436 436 437 437 436 437 437 437 438 438 438 439 438 438 439 439 439
422 422 422 422 422 423 423 422 423 423 422 423 423 424 423 423 423 423 423 423 423 423 423 423 424 423 424 424 423 424 424 425 424 424 425 425 425 426 426 427 427 427 428 428 428 428 428 429 429 429 430 430 430 431 431 431 431 431 432 432 432 433 433 433 434 434 433 434 434 435 435 435 436 436 436 436 436 436 437 437 437 438 438 437 438 438 438 439 439 439 440 439 439 440
422 422 422 422 422 423 422 422 423 422 423 423 423 423 423 424 424 423 424 424 424 423 423 424 423 423 424 423 424 424 424 425 425 426 426 426 426 426 426 427 427 428 428 428 429 429 429 430 430 429 430 430 431 431 431 432 432 432 433 432 433 433 433 434 434 434 435 435 435 435 435 435 436 436 437 437 437 437 437 437 438 438 438 439 439 438 439 439 439 440 440 440 441 440
422 422 423 423 423 423 423 423 422 422 423 423 423 423 423 424 423 424 424 423 424 424 424 424 424 425 424 423 424 424 425 425 425 426 426 426 427 427 428 428 427 428 428 428 429 429 430 430 430 431 431 431 431 431 432 432 432 433 433 433 434 434 433 434 434 435 435 435 436 436 436 436 436 436 437 437 437 438 438 439 438 438 439 439 439 440 440 439 440 440 440 441 441 441
422 423 423 422 423 423 423 423 423 424 424 423 424 424 424 423 423 424 424 424 424 424 424 424 424 425 424 425 425 425 426 425 426 426 426 427 427 427 428 428 429 429 429 430 429 429 430 430 431 431 431 432 432 432 433 432 433 433 433 434 434 434 435 435 435 435 435 436 436 436 437 437 437 437 437 437 438 438 438 439 439 439 439 439 440 440 440 441 441 440 441 441 441 442
422 423 422 422 423 423 423 423 423 424 423 424 424 424 424 424 425 425 424 424 424 423 424 424 425 424 424 425 425 426 426 426 427 427 427 427 427 428 428 428 429 429 430 430 430 431 431 430 431 431 432 432 432 433 433 433 434 434 433 434 434 435 435 435 436 436 436 436 436 436 437 437 438 438 438 439 438 438 439 439 439 440 440 440 440 440 440 441 441 441 442 442 441 442
423 423 423 424 423 422 423 423 424 423 423 424 424 424 424 424 425 424 425 425 425 425 425 425 424 424 425 425 425 426 426 427 427 427 428 428 428 429 429 429 429 429 430 430 430 431 431 432 432 432 432 432 432 433 433 434 434 434 435 435 434 435 435 436 436 436 437 437 437 438 437 437 438 438 439 439 439 440 439 439 440 440 440 441 441 441 441 441 441 442 442 442 443 442
423 423 423 424 423 424 424 424 424 424 425 424 423 424 424 425 424 424 425 425 424 425 425 425 425 425 426 426 427 426 426 427 427 428 428 428 429 429 429 430 430 431 430 430 431 431 431 432 432 433 433 433 434 433 433 434 434 435 435 435 436 436 436 436 436 437 437 437 438 438 438 439 438 438 439 439 439 440 440 441 440 440 441 441 441 442 442 442 442 442 442 443 443 443
423 423 424 423 423 424 424 424 424 424 425 424 425 425 425 425 425 424 425 424 425 425 424 425 425 426 426 426 427 427 428 428 428 428 428 428 429 429 430 430 430 431 431 432 432 431 432 432 432 433 433 434 434 434 435 435 434 435 435 436 436 436 437 437 437 438 437 437 438 438 439 439 439 440 439 439 440 440 440 441 441 441 441 441 442 442 442 443 443 443 443 443 443 444
