testData/tiles/oneDegree/grid21.0-21.0-22.0-22.0.asc
ncols   200
nrows   200
xllcorner   21.0
yllcorner   21.0
cellsize   0.005
NODATA_value   -9999.0
[rows 126 to 167 of 200, columns 94 to 187 of 200]
486 485 486 485 485 484 483 484 483 483 483 481 481 480 480 479 478 478 477 477 476 476 476 475 475 552 552 551 551 550 549 418 417 417 416 415 415 414 413 412 412 412 411 411 410 409 409 408 408 406 406 405 404 405 404 404 402 402 402 400 400 399 398 397 397 397 396 396 394 394 393 392 392 391 390 389 389 388 387 387 385 385 384 383 383 382 382 381 381 380 380 380 379 379
486 485 486 485 485 484 483 483 483 483 482 482 481 480 480 479 479 478 477 477 477 476 475 475 475 553 552 551 551 551 418 418 417 417 415 415 415 414 413 412 412 413 411 411 410 410 408 408 408 407 406 405 405 404 403 403 403 402 401 401 400 399 399 397 398 398 396 396 395 394 393 393 392 391 391 389 389 388 387 387 386 385 384 383 383 382 382 381 381 380 380 380 379 380
486 486 486 485 485 484 484 483 482 483 482 482 481 480 480 479 479 478 477 477 477 477 475 475 475 474 553 551 420 419 419 418 417 417 416 415 415 414 414 412 413 412 412 411 410 410 409 408 408 407 406 405 405 404 403 403 402 401 400 400 401 399 399 398 398 397 397 396 395 395 393 393 392 391 391 390 389 388 387 387 386 385 384 384 382 382 382 381 381 380 380 379 379 379
486 486 486 485 485 484 484 483 482 482 482 482 481 481 480 479 479 478 478 476 477 477 476 475 474 474 553 421 420 419 419 419 417 417 416 416 414 414 414 413 413 412 412 412 410 410 409 409 407 407 407 405 405 404 404 403 402 402 400 400 399 398 398 397 397 397 397 397 395 395 394 393 392 391 391 390 389 388 388 386 386 386 384 384 382 382 382 381 380 379 379 378 378 379
486 486 486 486 484 484 484 483 483 482 481 482 481 481 480 479 479 478 478 477 477 477 476 476 474 474 421 421 421 419 419 418 418 417 416 416 415 414 414 413 414 412 412 411 411 410 409 409 407 407 407 406 405 404 404 402 402 402 401 400 399 399 398 397 398 396 396 395 394 394 393 392 391 392 391 390 390 388 388 387 385 385 383 383 382 381 380 380 380 379 379 378 379 379
486 487 486 486 485 484 484 483 483 482 481 480 481 481 480 480 478 478 478 478 477 476 476 476 344 343 421 421 421 419 419 418 418 417 416 416 415 415 413 413 414 413 412 411 411 410 409 409 408 407 406 406 406 404 404 403 402 402 401 400 399 399 398 398 398 397 396 395 395 394 393 393 391 391 390 389 389 388 387 386 385 384 384 383 382 382 380 380 380 379 379 378 379 378
486 486 486 486 485 485 483 483 483 482 482 480 480 481 480 480 478 478 478 478 478 476 476 344 344 344 342 421 420 420 419 418 418 417 416 416 415 415 413 414 414 413 412 411 411 410 409 409 408 408 406 406 406 404 404 403 403 401 401 401 399 399 398 398 398 397 396 395 395 393 393 393 391 391 390 389 389 388 387 386 386 384 384 384 382 382 380 380 379 379 379 378 379 378
487 486 486 485 485 485 484 483 482 482 482 481 480 479 480 480 479 478 477 478 478 346 345 344 344 344 343 421 420 420 420 418 418 417 417 415 415 415 414 414 413 413 413 411 411 410 410 409 408 408 406 406 405 405 404 403 403 401 401 401 400 399 398 399 397 397 397 395 395 394 393 393 392 391 390 390 388 388 388 386 386 384 384 384 382 382 381 380 379 379 379 379 379 378
486 487 486 485 485 484 484 484 482 482 481 481 481 479 479 479 479 479 477 478 346 346 346 344 344 343 343 421 420 420 419 419 418 417 417 416 415 415 414 415 413 413 412 412 411 410 410 408 408 408 407 406 405 405 405 403 403 402 401 400 400 399 398 399 397 397 397 395 395 394 394 392 392 391 390 390 388 388 388 386 386 385 384 383 383 382 381 380 379 379 378 379 379 378
486 487 486 485 485 484 484 483 483 482 481 481 481 480 479 478 479 479 347 347 346 346 345 345 344 343 343 421 420 420 419 419 417 417 417 416 416 414 414 415 414 413 412 412 411 410 410 409 408 407 407 407 405 405 404 403 403 402 401 400 400 399 399 399 398 397 396 396 395 394 394 392 392 392 390 390 389 388 387 387 386 385 384 383 383 381 381 381 379 379 378 379 379 378
486 487 486 486 485 484 484 483 483 483 481 481 480 480 480 478 347 347 348 348 346 346 345 345 344 343 343 342 421 420 419 419 418 417 416 416 416 414 414 414 414 413 412 412 411 410 410 409 409 407 407 407 405 405 404 404 402 402 402 400 400 399 399 399 398 397 396 396 395 394 394 393 392 391 390 390 389 388 387 387 386 385 385 383 383 382 381 381 379 379 378 379 378 378
487 486 486 486 485 484 484 483 483 482 481 481 480 480 348 348 347 346 348 347 346 346 345 345 344 343 343 342 421 419 419 419 418 418 416 416 416 415 414 414 414 414 412 412 411 411 409 409 409 407 407 406 406 405 404 404 402 402 402 401 400 399 400 398 398 398 396 396 395 394 394 393 392 391 391 389 389 389 387 387 386 385 385 383 383 382 381 380 380 379 379 379 378 378
487 486 486 486 485 485 483 483 483 482 482 349 349 349 348 348 346 346 347 347 347 345 345 345 344 344 342 342 421 420 419 418 418 418 416 416 415 415 415 414 414 413 412 412 411 411 409 409 409 408 407 406 406 404 404 404 403 402 401 401 400 399 400 398 398 398 396 396 395 395 393 393 393 391 391 389 389 389 387 387 386 385 384 384 383 382 381 380 380 379 379 379 378 378
488 486 486 485 485 485 483 483 482 351 351 350 349 348 348 348 347 346 347 346 346 346 345 345 344 344 342 342 421 420 420 418 418 418 417 416 415 415 415 414 414 413 413 411 411 411 410 409 408 408 407 406 406 405 404 404 403 402 401 401 400 399 400 399 398 397 397 396 395 395 393 393 393 391 391 390 389 388 388 387 386 385 384 384 383 382 382 380 380 378 379 379 378 378
487 486 486 485 485 484 353 352 351 351 350 350 349 348 348 348 347 347 346 346 346 345 345 344 344 344 343 342 341 420 420 418 418 417 417 416 415 415 415 414 414 413 413 411 411 411 410 409 408 408 407 406 406 405 404 403 403 403 401 401 400 400 400 399 398 397 397 395 395 395 393 393 392 391 391 390 389 388 388 387 386 386 384 384 383 382 382 380 380 379 379 379 378 378
487 487 354 354 354 353 353 352 351 351 350 350 350 348 348 347 347 347 346 346 345 345 345 344 344 343 343 342 341 420 419 419 418 417 417 416 415 415 415 415 413 413 413 412 411 410 410 410 408 408 407 406 406 405 405 403 403 402 401 401 400 400 399 399 399 397 397 396 395 395 394 393 392 392 391 390 390 388 388 386 386 386 384 384 383 382 382 381 380 380 379 378 378 378
356 356 355 354 353 353 353 352 351 350 350 350 349 349 348 347 347 346 347 346 345 345 344 343 343 343 343 342 341 420 419 419 417 417 417 416 415 414 415 415 413 413 412 412 411 410 410 409 408 408 407 407 405 405 405 403 403 402 402 401 400 401 399 399 399 397 397 396 395 394 394 393 392 392 390 390 390 388 388 387 386 386 385 384 383 382 381 381 380 380 380 378 378 378
356 355 355 354 353 353 352 352 352 350 350 350 349 349 347 347 347 347 347 345 345 345 344 344 342 342 343 342 341 420 419 419 418 417 417 416 416 414 415 415 414 413 412 412 412 410 410 409 408 407 407 407 405 405 404 404 403 402 402 400 400 401 399 399 398 397 397 396 396 394 394 394 392 392 391 390 389 388 388 387 386 385 385 384 383 383 381 381 380 380 380 378 378 377
355 355 355 354 353 353 352 352 351 351 350 349 349 349 348 347 346 347 347 346 345 344 344 344 342 342 342 342 342 340 419 419 418 417 416 416 416 415 415 414 414 413 412 412 411 410 410 409 409 407 407 407 405 405 404 404 403 402 402 400 400 400 400 399 398 398 396 396 396 394 394 393 392 392 391 390 389 389 388 387 387 385 385 383 383 383 381 381 380 380 380 378 378 377
355 355 355 354 354 352 352 352 351 351 350 349 349 348 348 347 346 347 346 346 345 344 344 344 343 342 341 341 341 340 419 418 418 418 416 416 415 416 415 414 414 413 412 412 411 411 409 409 409 407 407 406 406 405 404 404 402 402 402 401 400 400 400 399 398 398 396 396 396 394 394 393 392 391 391 390 389 389 387 387 387 385 385 384 383 383 381 381 380 380 379 378 378 377
355 355 354 354 354 352 352 351 351 351 350 349 349 348 348 347 346 347 346 346 346 344 344 343 343 342 341 341 340 340 419 418 418 417 416 416 415 416 414 414 414 413 412 411 411 411 409 409 408 408 407 406 406 404 404 404 403 402 401 401 401 400 400 398 398 398 396 396 395 395 394 393 393 391 391 390 389 389 387 387 386 385 385 384 383 382 382 381 380 380 379 379 378 377
355 354 354 354 353 353 352 351 351 351 350 349 348 348 348 347 346 346 346 346 345 344 344 343 343 342 341 341 340 340 417 417 418 417 416 416 415 416 414 414 414 413 412 411 411 411 409 409 408 408 407 406 406 404 404 404 403 402 401 401 401 400 400 399 398 397 397 396 395 395 393 393 393 391 391 390 389 389 388 387 386 385 385 384 383 382 382 380 381 380 379 379 377 377
355 354 354 354 353 353 351 351 351 350 350 349 348 348 347 347 347 346 346 346 345 344 343 343 343 342 341 340 340 340 338 417 417 416 417 415 415 416 415 414 413 413 413 411 411 410 410 409 408 408 406 406 406 405 404 403 403 402 401 401 401 400 400 399 398 397 397 396 395 395 393 393 393 391 391 390 389 388 388 387 386 386 384 384 383 382 382 380 381 381 379 379 377 377
355 354 354 353 353 353 351 351 350 350 350 349 348 348 347 347 346 346 346 345 345 345 343 343 342 342 341 340 340 340 339 417 416 416 416 414 415 415 415 414 413 413 412 411 411 410 410 408 408 408 406 406 405 405 404 403 403 401 401 401 401 400 399 399 398 397 397 395 395 395 393 393 392 391 391 390 389 388 388 387 386 386 384 384 383 382 382 380 381 380 379 379 377 377
355 354 353 353 353 352 352 351 350 350 350 349 348 347 347 347 346 346 346 345 345 344 343 343 342 342 341 340 340 339 339 417 416 416 415 414 414 415 415 413 413 413 412 411 410 410 410 408 408 407 407 406 405 405 403 403 403 402 401 400 401 400 399 399 397 397 397 395 395 394 394 393 392 392 390 390 389 388 388 386 386 386 384 384 383 382 382 380 381 380 379 378 378 377
354 354 353 353 352 352 352 350 350 350 349 349 348 347 347 346 346 347 345 345 345 344 343 342 342 342 341 340 340 339 339 337 416 416 415 415 413 414 414 414 413 412 412 412 410 410 410 408 408 407 407 406 405 405 404 403 403 402 401 400 401 400 399 399 397 397 397 396 395 394 394 393 392 392 390 390 389 388 388 386 386 385 384 384 383 382 381 381 381 380 379 378 378 377
354 353 352 353 352 352 352 350 350 349 349 349 348 347 347 346 346 346 345 345 344 344 344 342 342 341 341 340 339 339 339 338 416 415 415 415 413 414 413 413 412 411 412 412 410 410 409 409 408 407 407 405 405 405 404 403 402 402 401 400 401 399 399 399 398 397 396 396 395 394 394 392 392 392 390 390 389 388 388 387 386 385 384 384 383 382 381 381 380 380 379 378 378 376
353 353 352 351 352 352 351 351 350 349 349 348 348 347 346 346 346 346 345 345 344 344 343 342 342 341 341 340 339 339 338 338 416 415 415 414 413 414 413 413 412 411 411 410 410 410 409 409 407 407 407 405 405 404 404 403 402 402 400 400 401 400 399 398 398 397 396 396 394 394 394 392 392 391 390 390 389 388 387 387 386 385 385 383 383 382 381 381 380 380 380 378 378 376
353 353 351 351 351 351 351 351 349 349 349 348 348 347 346 346 345 346 345 344 344 344 343 342 341 341 341 340 339 339 338 338 415 415 415 414 413 414 413 413 411 411 411 410 409 408 409 409 407 407 406 405 405 404 404 402 402 402 400 400 400 400 399 398 398 396 396 396 394 394 393 392 392 391 390 389 389 388 387 387 385 385 385 383 383 381 381 381 380 380 379 378 378 376
353 353 351 351 351 350 351 350 349 349 348 348 348 346 346 346 345 346 344 344 344 343 343 342 341 341 341 340 339 338 338 338 336 415 414 414 413 413 413 413 411 411 410 410 409 408 408 407 406 407 406 406 404 404 404 402 402 402 401 400 400 400 399 398 398 396 396 396 394 394 393 392 392 391 390 389 389 388 387 387 385 385 385 383 383 381 381 380 380 380 379 378 377 376
353 352 352 351 350 350 350 350 349 349 348 348 347 347 346 345 345 346 345 344 344 343 343 341 341 341 340 340 339 338 338 337 336 415 414 414 413 413 413 412 411 411 410 410 408 408 408 407 406 406 405 405 404 404 404 402 402 401 401 400 400 400 398 398 398 396 396 395 394 394 393 392 391 391 390 389 389 387 387 387 385 385 384 383 383 382 381 380 380 380 379 378 377 376
352 352 352 350 350 350 349 349 349 348 348 348 347 347 345 345 345 345 345 344 343 343 343 341 341 340 340 340 338 338 338 337 336 414 414 414 413 413 413 412 412 410 410 410 408 408 407 407 406 405 405 405 403 403 402 402 402 401 401 399 400 400 398 398 397 396 396 395 394 393 393 392 391 391 389 389 389 387 387 386 385 385 384 383 382 382 381 380 380 379 379 378 377 376
352 352 351 350 350 349 349 349 347 348 348 347 347 347 345 345 346 345 345 343 343 343 342 342 341 340 340 340 338 338 337 337 336 335 414 414 414 413 412 412 412 410 410 409 408 408 407 407 406 405 405 404 403 403 402 401 400 400 400 398 400 399 398 398 397 396 395 395 394 393 393 393 391 391 389 389 389 387 387 386 385 385 384 383 382 382 380 380 380 379 379 377 377 375
352 352 351 350 350 349 349 348 347 347 347 347 347 346 345 345 345 345 345 343 343 343 342 342 340 340 340 339 338 338 337 337 335 335 414 413 414 413 412 412 411 410 410 409 409 408 407 407 405 405 405 404 403 402 402 401 400 400 399 398 399 398 397 397 396 396 395 395 394 393 393 392 391 391 390 389 388 387 387 386 385 384 384 383 382 382 380 381 379 378 378 376 376 375
352 351 351 350 349 349 349 348 347 347 346 346 346 346 345 344 345 345 344 343 343 342 342 342 340 340 339 339 338 337 337 337 335 335 413 413 414 412 412 412 411 410 409 409 409 407 407 407 405 405 404 404 403 402 402 400 400 400 399 398 399 398 397 396 396 395 394 394 393 392 392 391 390 389 389 388 387 386 385 385 384 383 383 381 381 381 379 380 378 378 378 376 376 375
351 351 351 349 349 349 348 348 347 346 346 346 345 346 345 344 345 344 344 343 342 342 342 341 340 340 339 339 338 337 337 336 335 335 334 413 414 412 412 411 411 410 409 409 409 407 407 406 405 405 404 404 402 402 402 400 400 400 399 398 398 398 397 396 396 394 394 394 392 392 391 391 390 389 389 387 387 386 385 385 383 383 383 381 381 380 379 380 378 378 377 376 376 374
351 351 350 349 349 348 348 348 346 346 346 345 345 345 344 344 345 344 344 343 342 342 341 341 340 339 339 339 337 337 337 336 335 334 334 413 413 412 412 411 411 409 409 409 407 407 407 406 405 404 404 404 402 402 401 400 400 399 399 398 398 398 396 396 396 394 394 393 392 392 391 391 389 389 388 387 387 385 385 385 383 383 383 381 381 380 379 380 378 378 377 376 376 374
351 350 350 349 348 348 348 347 346 346 345 345 345 344 343 344 344 344 344 342 342 342 341 340 340 339 339 338 337 337 336 336 335 334 334 413 413 412 411 411 411 409 409 409 407 407 406 406 405 404 404 403 402 402 401 400 400 399 399 397 398 398 396 396 395 394 394 393 392 391 391 390 389 389 388 387 387 385 385 385 383 383 382 381 381 380 379 379 378 378 377 376 375 374
351 350 350 349 348 348 348 347 346 346 345 345 345 344 343 342 343 344 343 342 342 341 341 340 339 339 339 338 337 336 336 336 334 334 334 412 412 412 411 411 409 409 409 408 407 407 406 406 404 404 404 403 402 402 401 400 399 399 399 397 398 397 396 396 395 394 393 393 392 391 391 390 389 389 387 387 387 385 385 384 383 383 382 381 380 380 379 378 378 377 377 376 375 374
350 350 349 348 348 348 347 347 346 345 345 345 344 343 343 342 342 343 342 342 341 341 341 339 339 339 338 338 337 336 336 336 334 334 333 333 411 411 411 411 409 409 408 408 407 406 406 406 404 404 403 403 402 401 401 400 399 399 398 397 398 397 396 395 395 394 393 393 392 391 391 389 389 389 387 387 386 385 385 384 383 382 382 381 380 379 378 378 378 377 377 375 375 374
350 350 348 348 348 347 347 347 345 345 345 344 344 343 342 342 342 342 341 341 341 341 341 339 339 338 338 338 336 336 336 335 334 334 333 333 410 411 411 410 409 409 408 408 407 406 406 405 404 404 403 402 402 401 401 399 399 399 397 397 397 397 396 395 395 394 393 393 391 391 391 389 389 388 387 387 386 385 384 384 383 382 382 380 380 379 378 378 378 377 377 375 375 374
350 349 348 348 347 347 347 346 345 345 344 344 344 342 342 342 341 342 341 340 340 341 340 339 339 338 338 337 336 336 335 335 334 333 333 333 410 411 411 410 409 408 408 408 406 406 406 405 404 403 403 402 401 401 401 399 399 398 397 397 397 397 396 395 395 393 393 393 391 391 390 389 389 388 387 386 386 385 384 384 383 382 382 380 380 379 378 378 377 377 377 375 375 373
