testData/tiles/oneDegree/grid22.0-49.0-23.0-50.0.asc
ncols   200
nrows   200
xllcorner   22.0
yllcorner   49.0
cellsize   0.005
NODATA_value   -9999.0
[rows 106 to 158 of 200, columns 96 to 191 of 200]
26 26 26 26 26 27 27 27 27 27 27 27 27 27 27 27 27 27 27 27 27 27 27 27 27 27 27 27 27 27 27 27 27 27 27 27 27 27 27 27 27 27 27 27 27 27 27 27 27 27 27 27 27 27 27 27 27 27 27 27 27 27 27 38 49 56 61 66 70 73 76 79 82 84 86 88 90 92 93 95 96 97 98 99 100 101 101 102 102 102 102 103 103 103 103 103
26 26 26 26 26 26 27 27 27 27 27 27 27 27 27 27 27 27 27 27 27 27 27 27 27 27 27 27 27 27 27 27 27 27 27 27 27 27 27 27 27 27 27 27 27 27 27 27 27 27 27 27 27 27 27 27 27 27 27 27 27 27 27 39 49 56 62 66 70 74 77 79 82 84 86 88 90 92 93 95 96 97 98 99 100 101 102 101 102 102 103 103 103 103 103 103
26 26 26 26 26 26 27 27 27 27 27 27 27 27 27 27 27 27 27 27 27 27 27 27 27 27 27 27 27 27 27 27 27 27 27 27 27 27 27 27 27 27 27 27 27 27 27 27 27 27 27 27 27 27 27 27 27 27 27 27 27 27 27 40 50 57 62 66 70 74 77 80 82 84 87 89 90 92 94 95 96 97 98 99 100 101 102 101 102 102 103 103 103 103 103 103
26 26 26 26 26 26 26 27 27 27 27 27 27 27 27 27 27 27 27 27 27 27 27 27 27 27 27 27 27 27 27 27 27 27 27 27 27 27 27 27 27 27 27 27 27 27 27 27 27 27 27 27 27 27 27 27 27 27 27 27 27 27 27 41 50 57 62 67 71 74 77 80 82 85 87 89 91 92 94 95 96 98 99 100 100 101 101 102 102 102 103 103 103 103 103 103
26 26 26 26 26 26 26 26 27 27 27 27 27 27 27 27 27 27 27 27 27 27 27 27 27 27 27 27 27 27 27 27 27 27 27 27 27 27 27 27 27 27 27 27 27 27 27 27 27 27 27 27 27 27 27 27 27 27 27 27 27 27 27 41 51 57 63 67 71 74 77 80 83 85 87 89 91 92 94 95 97 98 99 100 101 100 101 102 102 103 103 103 103 104 104 104
26 26 26 26 26 26 26 26 27 27 27 27 27 27 27 27 27 27 27 27 27 27 27 27 27 27 27 27 27 27 27 27 27 27 27 27 27 27 27 27 27 27 27 27 27 27 27 27 27 27 27 27 27 27 27 27 27 27 27 27 27 27 27 42 51 58 63 67 71 74 77 80 83 85 87 89 91 92 94 95 97 98 99 100 101 101 101 102 102 103 103 103 104 104 104 104
26 26 26 26 26 26 26 26 26 27 27 27 27 27 27 27 27 27 27 27 27 27 27 27 27 27 27 27 27 27 27 27 27 27 27 27 27 27 27 27 27 27 27 27 27 27 27 27 27 27 27 27 27 27 27 27 27 27 27 27 27 27 27 43 52 58 63 68 71 75 78 80 83 85 87 89 91 93 94 96 97 98 99 100 100 101 101 102 102 103 103 104 104 104 104 104
26 26 26 26 26 26 26 26 26 26 27 27 27 27 27 27 27 27 27 27 27 27 27 27 27 27 27 27 27 27 27 27 27 27 27 27 27 27 27 27 27 27 27 27 27 27 27 27 27 27 27 27 27 27 27 27 27 27 27 27 27 27 27 43 52 58 64 68 72 75 78 81 83 85 87 89 91 93 94 96 97 98 99 99 100 101 101 102 103 103 103 104 104 104 104 104
26 26 26 26 26 26 26 26 26 26 26 27 27 27 27 27 27 27 27 27 27 27 27 27 27 27 27 27 27 27 27 27 27 27 27 27 27 27 27 27 27 27 27 27 27 27 27 27 27 27 27 27 27 27 27 27 27 27 27 27 27 27 27 44 53 59 64 68 72 75 78 81 83 86 88 90 91 93 94 96 97 98 98 99 100 101 102 102 103 103 104 104 104 104 104 104
26 26 26 26 26 26 26 26 26 26 26 26 27 27 27 27 27 27 27 27 27 27 27 27 27 27 27 27 27 27 27 27 27 27 27 27 27 27 27 27 27 27 27 27 27 27 27 27 27 27 27 27 27 27 27 27 27 27 27 27 27 27 27 45 53 59 64 68 72 75 78 81 84 86 88 90 92 93 95 96 97 97 99 99 100 101 102 102 103 103 104 104 104 104 104 104
26 26 26 26 26 26 26 26 26 26 26 26 26 27 27 27 27 27 27 27 27 27 27 27 27 27 27 27 27 27 27 27 27 27 27 27 27 27 27 27 27 27 27 27 27 27 27 27 27 27 27 27 27 27 27 27 27 27 27 27 27 27 27 45 53 59 64 69 72 76 79 81 84 86 88 90 92 93 95 96 96 98 99 100 100 101 102 103 103 103 104 104 104 104 104 104
26 26 26 26 26 26 26 26 26 26 26 26 26 26 27 27 27 27 27 27 27 27 27 27 27 27 27 27 27 27 27 27 27 27 27 27 27 27 27 27 27 27 27 27 27 27 27 27 27 27 27 27 27 27 27 27 27 27 27 27 27 27 27 46 54 60 65 69 73 76 79 81 84 86 88 90 92 93 95 95 97 98 99 100 101 101 102 103 103 104 104 104 104 105 105 105
26 26 26 26 26 26 26 26 26 26 26 26 26 26 26 27 27 27 27 27 27 27 27 27 27 27 27 27 27 27 27 27 27 27 27 27 27 27 27 27 27 27 27 27 27 27 27 27 27 27 27 27 27 27 27 27 27 27 27 27 27 27 33 46 54 60 65 69 73 76 79 82 84 86 88 90 92 94 94 95 97 98 99 100 101 102 102 103 103 104 104 104 105 105 105 105
26 26 26 26 26 26 26 26 26 26 26 26 26 26 26 26 27 27 27 27 27 27 27 27 27 27 27 27 27 27 27 27 27 27 27 27 27 27 27 27 27 27 27 27 27 27 27 27 27 27 27 27 27 27 27 27 27 27 27 27 27 27 33 47 55 60 65 69 73 76 79 82 84 86 89 90 92 93 94 96 97 98 99 100 101 102 102 103 103 104 104 105 105 105 105 105
26 26 26 26 26 26 26 26 26 26 26 26 26 26 26 26 26 27 27 27 27 27 27 27 27 27 27 27 27 27 27 27 27 27 27 27 27 27 27 27 27 27 27 27 27 27 27 27 27 27 27 27 27 27 27 27 27 27 27 27 27 27 34 47 55 61 66 70 73 76 79 82 84 87 89 91 91 93 94 96 97 98 99 100 101 102 102 103 104 104 104 105 105 105 105 105
26 26 26 26 26 26 26 26 26 26 26 26 26 26 26 26 26 26 27 27 27 27 27 27 27 27 27 27 27 27 27 27 27 27 27 27 27 27 27 27 27 27 27 27 27 27 27 27 27 27 27 27 27 27 27 27 27 27 27 27 27 27 35 48 55 61 66 70 73 77 80 82 85 87 89 90 92 93 95 96 97 98 99 100 101 102 103 103 104 104 105 105 105 105 105 105
26 26 26 26 26 26 26 26 26 26 26 26 26 26 26 26 26 26 26 27 27 27 27 27 27 27 27 27 27 27 27 27 27 27 27 27 27 27 27 27 27 27 27 27 27 27 27 27 27 27 27 27 27 27 27 27 27 27 27 27 27 27 36 48 56 61 66 70 74 77 80 82 85 87 88 90 92 93 95 96 97 98 100 100 101 102 103 103 104 104 105 105 105 105 105 105
26 26 26 26 26 26 26 26 26 26 26 26 26 26 26 26 26 26 26 26 26 27 27 27 27 27 27 27 27 27 27 27 27 27 27 27 27 27 27 27 27 27 27 27 27 27 27 27 27 27 27 27 27 27 27 27 27 27 27 27 27 27 37 49 56 62 66 70 74 77 80 83 84 86 88 90 92 93 95 96 97 99 100 101 101 102 103 103 104 104 105 105 105 105 105 105
26 26 26 26 26 26 26 26 26 26 26 26 26 26 26 26 26 26 26 26 26 26 27 27 27 27 27 27 27 27 27 27 27 27 27 27 27 27 27 27 27 27 27 27 27 27 27 27 27 27 27 27 27 27 27 27 27 27 27 27 27 27 38 49 56 62 67 71 74 77 80 82 84 86 88 90 92 94 95 96 98 99 100 101 102 102 103 104 104 105 105 105 105 105 106 105
26 26 26 26 26 26 26 26 26 26 26 26 26 26 26 26 26 26 26 26 26 26 26 26 27 27 27 27 27 27 27 27 27 27 27 27 27 27 27 27 27 27 27 27 27 27 27 27 27 27 27 27 27 27 27 27 27 27 27 27 27 27 39 50 57 62 67 71 74 76 79 82 84 87 89 90 92 94 95 97 98 99 100 101 102 102 103 104 104 105 105 105 105 106 106 106
26 26 26 26 26 26 26 26 26 26 26 26 26 26 26 26 26 26 26 26 26 26 26 26 26 26 27 27 27 27 27 27 27 27 27 27 27 27 27 27 27 27 27 27 27 27 27 27 27 27 27 27 27 27 27 27 27 27 27 27 27 27 40 50 57 63 67 70 74 77 80 82 85 87 89 91 92 94 95 97 98 99 100 101 102 103 103 104 104 105 105 105 106 106 106 106
26 26 26 26 26 26 26 26 26 26 26 26 26 26 26 26 26 26 26 26 26 26 26 26 26 26 26 26 27 27 27 27 27 27 27 27 27 27 27 27 27 27 27 27 27 27 27 27 27 27 27 27 27 27 27 27 27 27 27 27 27 27 41 51 57 62 66 70 74 77 80 82 85 87 89 91 92 94 95 97 98 99 100 101 102 103 103 104 105 105 105 106 106 106 106 106
26 26 26 26 26 26 26 26 26 26 26 26 26 26 26 26 26 26 26 26 26 26 26 26 26 26 26 26 26 26 27 27 27 27 27 27 27 27 27 27 27 27 27 27 27 27 27 27 27 27 27 27 27 27 27 27 27 27 27 27 27 27 41 50 57 62 67 70 74 77 80 82 85 87 89 91 93 94 96 97 98 99 100 101 102 103 104 104 105 105 105 106 106 106 106 106
26 26 26 26 26 26 26 26 26 26 26 26 26 26 26 26 26 26 26 26 26 26 26 26 26 26 26 26 26 26 26 26 26 27 27 27 27 27 27 27 27 27 27 27 27 27 27 27 27 27 27 27 27 27 27 27 27 27 27 27 26 26 41 51 57 62 67 71 74 77 80 83 85 87 89 91 93 94 96 97 98 99 100 101 102 103 104 104 105 105 106 106 106 106 106 106
26 26 26 26 26 26 26 26 26 26 26 26 26 26 26 26 26 26 26 26 26 26 26 26 26 26 26 26 26 26 26 26 26 26 26 26 27 27 27 27 27 27 27 27 27 27 27 27 27 27 27 27 27 27 27 27 27 26 26 26 26 26 42 51 57 63 67 71 74 77 80 83 85 87 89 91 93 94 96 97 98 100 101 102 102 103 104 104 105 105 106 106 106 106 106 106
26 26 26 26 26 26 26 26 26 26 26 26 26 26 26 26 26 26 26 26 26 26 26 26 26 26 26 26 26 26 26 26 26 26 26 26 26 26 26 26 26 26 27 27 27 27 27 27 27 27 27 26 26 26 26 26 26 26 26 26 26 26 42 51 58 63 67 71 75 78 80 83 85 88 90 91 93 95 96 97 99 100 101 102 103 103 104 105 105 105 106 106 106 106 106 106
26 26 26 26 26 26 26 26 26 26 26 26 26 26 26 26 26 26 26 26 26 26 26 26 26 26 26 26 26 26 26 26 26 26 26 26 26 26 26 26 26 26 26 26 26 26 26 26 26 26 26 26 26 26 26 26 26 26 26 26 26 26 43 52 58 63 68 71 75 78 81 83 86 88 90 92 93 95 96 98 99 100 101 102 103 103 104 105 105 106 106 106 106 106 107 106
26 26 26 26 26 26 26 26 26 26 26 26 26 26 26 26 26 26 26 26 26 26 26 26 26 26 26 26 26 26 26 26 26 26 26 26 26 26 26 26 26 26 26 26 26 26 26 26 26 26 26 26 26 26 26 26 26 26 26 26 26 26 43 52 58 63 68 72 75 78 81 83 86 88 90 92 93 95 96 98 99 100 101 102 103 104 104 105 105 106 106 106 107 107 107 107
26 26 26 26 26 26 26 26 26 26 26 26 26 26 26 26 26 26 26 26 26 26 26 26 26 26 26 26 26 26 26 26 26 26 26 26 26 26 26 26 26 26 26 26 26 26 26 26 26 26 26 26 26 26 26 26 26 26 26 26 26 26 44 52 59 64 68 72 75 78 81 84 86 88 90 92 94 95 96 98 99 100 101 102 103 104 104 105 105 106 106 106 107 107 107 106
26 26 26 26 26 26 26 26 26 26 26 26 26 26 26 26 26 26 26 26 26 26 26 26 26 26 26 26 26 26 26 26 26 26 26 26 26 26 26 26 26 26 26 26 26 26 26 26 26 26 26 26 26 26 26 26 26 26 26 26 26 26 45 53 59 64 68 72 75 78 81 84 86 88 90 92 94 95 97 98 99 100 101 102 103 104 104 105 106 106 106 107 107 107 106 106
26 26 26 26 26 26 26 26 26 26 26 26 26 26 26 26 26 26 26 26 26 26 26 26 26 26 26 26 26 26 26 26 26 26 26 26 26 26 26 26 26 26 26 26 26 26 26 26 26 26 26 26 26 26 26 26 26 26 26 26 26 26 45 53 59 64 69 72 76 79 81 84 86 88 90 92 94 95 97 98 99 100 101 102 103 104 105 105 106 106 106 107 107 106 106 106
25 26 26 26 26 26 26 26 26 26 26 26 26 26 26 26 26 26 26 26 26 26 26 26 26 26 26 26 26 26 26 26 26 26 26 26 26 26 26 26 26 26 26 26 26 26 26 26 26 26 26 26 26 26 26 26 26 26 26 26 26 32 46 54 60 64 69 72 76 79 82 84 86 88 90 92 94 95 97 98 99 101 102 102 103 104 105 105 106 106 107 107 106 106 106 106
25 25 26 26 26 26 26 26 26 26 26 26 26 26 26 26 26 26 26 26 26 26 26 26 26 26 26 26 26 26 26 26 26 26 26 26 26 26 26 26 26 26 26 26 26 26 26 26 26 26 26 26 26 26 26 26 26 26 26 26 26 32 46 54 60 65 69 73 76 79 82 84 87 89 91 92 94 96 97 98 100 101 102 103 103 104 105 105 106 106 107 106 106 106 106 106
25 25 25 26 26 26 26 26 26 26 26 26 26 26 26 26 26 26 26 26 26 26 26 26 26 26 26 26 26 26 26 26 26 26 26 26 26 26 26 26 26 26 26 26 26 26 26 26 26 26 26 26 26 26 26 26 26 26 26 26 26 32 46 54 60 65 69 73 76 79 82 84 87 89 91 93 94 96 97 99 100 101 102 103 104 104 105 106 106 106 106 106 106 106 106 106
25 25 25 25 26 26 26 26 26 26 26 26 26 26 26 26 26 26 26 26 26 26 26 26 26 26 26 26 26 26 26 26 26 26 26 26 26 26 26 26 26 26 26 26 26 26 26 26 26 26 26 26 26 26 26 26 26 26 26 26 26 33 47 55 60 65 69 73 76 79 82 85 87 89 91 93 94 96 97 99 100 101 102 103 104 104 105 106 106 106 106 106 106 106 107 106
25 25 25 25 25 25 26 26 26 26 26 26 26 26 26 26 26 26 26 26 26 26 26 26 26 26 26 26 26 26 26 26 26 26 26 26 26 26 26 26 26 26 26 26 26 26 26 26 26 26 26 26 26 26 26 26 26 26 26 26 26 35 47 55 61 65 70 73 77 80 82 85 87 89 91 93 95 96 97 99 100 101 102 103 104 105 105 105 105 106 106 106 106 107 107 107
25 25 25 25 25 25 25 26 26 26 26 26 26 26 26 26 26 26 26 26 26 26 26 26 26 26 26 26 26 26 26 26 26 26 26 26 26 26 26 26 26 26 26 26 26 26 26 26 26 26 26 26 26 26 26 26 26 26 26 26 26 36 48 55 61 66 70 73 77 80 82 85 87 89 91 93 95 96 98 99 100 101 102 103 104 105 104 105 105 106 106 106 107 107 107 107
25 25 25 25 25 25 25 25 26 26 26 26 26 26 26 26 26 26 26 26 26 26 26 26 26 26 26 26 26 26 26 26 26 26 26 26 26 26 26 26 26 26 26 26 26 26 26 26 26 26 26 26 26 26 26 26 26 26 26 26 26 36 48 56 61 66 70 74 77 80 83 85 87 89 91 93 95 96 98 99 100 101 102 103 104 104 104 105 106 106 106 107 107 107 107 107
25 25 25 25 25 25 25 25 25 25 26 26 26 26 26 26 26 26 26 26 26 26 26 26 26 26 26 26 26 26 26 26 26 26 26 26 26 26 26 26 26 26 26 26 26 26 26 26 26 26 26 26 26 26 26 26 26 26 26 26 26 37 49 56 61 66 70 74 77 80 83 85 87 90 91 93 95 96 98 99 100 101 102 102 103 104 105 105 106 106 106 107 107 107 107 107
25 25 25 25 25 25 25 25 25 25 25 26 26 26 26 26 26 26 26 26 26 26 26 26 26 26 26 26 26 26 26 26 26 26 26 26 26 26 26 26 26 26 26 26 26 26 26 26 26 26 26 26 26 26 26 26 26 26 26 26 26 38 49 56 62 66 70 74 77 80 83 85 88 90 92 93 95 97 98 99 100 102 102 102 103 104 105 105 106 106 106 107 107 107 107 107
25 25 25 25 25 25 25 25 25 25 25 25 25 26 26 26 26 26 26 26 26 26 26 26 26 26 26 26 26 26 26 26 26 26 26 26 26 26 26 26 26 26 26 26 26 26 26 26 26 26 26 26 26 26 26 26 26 26 26 26 26 39 49 56 62 67 71 74 77 80 83 86 88 90 92 94 95 97 98 99 100 101 102 103 103 104 105 105 106 106 107 107 107 107 107 107
25 25 25 25 25 25 25 25 25 25 25 25 25 25 26 26 26 26 26 26 26 26 26 26 26 26 26 26 26 26 26 26 26 26 26 26 26 26 26 26 26 26 26 26 26 26 26 26 26 26 26 26 26 26 26 26 26 26 26 26 26 39 50 57 62 67 71 74 78 81 83 86 88 90 92 94 95 97 98 99 100 101 102 103 104 104 105 105 106 106 107 107 107 107 107 107
25 25 25 25 25 25 25 25 25 25 25 25 25 25 25 25 26 26 26 26 26 26 26 26 26 26 26 26 26 26 26 26 26 26 26 26 26 26 26 26 26 26 26 26 26 26 26 26 26 26 26 26 26 26 26 26 26 26 26 26 26 40 50 57 63 67 71 75 78 81 83 86 88 90 92 94 95 96 97 99 100 101 102 103 104 104 105 106 106 107 107 107 107 107 107 107
25 25 25 25 25 25 25 25 25 25 25 25 25 25 25 25 25 25 26 26 26 26 26 26 26 26 26 26 26 26 26 26 26 26 26 26 26 26 26 26 26 26 26 26 26 26 26 26 26 26 26 26 26 26 26 26 26 26 26 26 26 41 51 57 63 67 71 75 78 81 84 86 88 90 92 93 95 96 98 99 100 101 102 103 104 105 105 106 106 107 107 107 107 108 108 108
25 25 25 25 25 25 25 25 25 25 25 25 25 25 25 25 25 25 25 25 26 26 26 26 26 26 26 26 26 26 26 26 26 26 26 26 26 26 26 26 26 26 26 26 26 26 26 26 26 26 26 26 26 26 26 26 26 26 26 26 26 41 51 58 63 68 72 75 78 81 84 86 88 89 91 93 95 96 98 99 100 101 102 103 104 105 105 106 106 107 107 107 108 108 108 108
25 25 25 25 25 25 25 25 25 25 25 25 25 25 25 25 25 25 25 25 25 25 26 26 26 26 26 26 26 26 26 26 26 26 26 26 26 26 26 26 26 26 26 26 26 26 26 26 26 26 26 26 26 26 26 26 26 26 26 26 26 42 51 58 63 68 72 75 78 81 84 85 88 90 91 93 95 96 98 99 100 101 102 103 104 105 105 106 106 107 107 107 108 108 108 108
25 25 25 25 25 25 25 25 25 25 25 25 25 25 25 25 25 25 25 25 25 25 25 25 26 26 26 26 26 26 26 26 26 26 26 26 26 26 26 26 26 26 26 26 26 26 26 26 26 26 26 26 26 26 26 26 26 26 26 26 26 42 52 58 64 68 72 75 79 80 83 85 88 90 92 93 95 96 98 99 100 101 102 103 104 105 105 106 107 107 107 108 108 108 108 108
25 25 25 25 25 25 25 25 25 25 25 25 25 25 25 25 25 25 25 25 25 25 25 25 25 25 25 26 26 26 26 26 26 26 26 26 26 26 26 26 26 26 26 26 26 26 26 26 26 26 26 26 26 26 26 26 26 26 26 26 26 43 52 59 64 68 71 75 78 81 83 86 88 90 92 94 95 97 98 99 100 102 103 103 104 105 106 106 107 107 107 108 108 108 108 108
25 25 25 25 25 25 25 25 25 25 25 25 25 25 25 25 25 25 25 25 25 25 25 25 25 25 25 25 25 25 26 26 26 26 26 26 26 26 26 26 26 26 26 26 26 26 26 26 26 26 26 26 26 26 26 26 26 26 26 26 26 44 52 58 63 67 71 75 78 81 83 86 88 90 92 94 95 97 98 99 101 102 103 104 104 105 106 106 107 107 108 108 108 108 108 108
25 25 25 25 25 25 25 25 25 25 25 25 25 25 25 25 25 25 25 25 25 25 25 25 25 25 25 25 25 25 25 25 25 25 26 26 26 26 26 26 26 26 26 26 26 26 26 26 26 26 26 26 26 26 26 26 26 26 26 25 25 43 52 58 63 68 72 75 78 81 84 86 88 90 92 94 95 97 98 100 101 102 103 104 104 105 106 106 107 107 108 108 108 108 108 108
25 25 25 25 25 25 25 25 25 25 25 25 25 25 25 25 25 25 25 25 25 25 25 25 25 25 25 25 25 25 25 25 25 25 25 25 25 25 25 25 25 26 26 26 26 26 26 26 26 26 26 26 25 25 25 25 25 25 25 25 25 44 52 58 63 68 72 75 78 81 84 86 88 90 92 94 96 97 98 100 101 102 103 104 105 105 106 107 107 107 108 108 108 108 108 108
25 25 25 25 25 25 25 25 25 25 25 25 25 25 25 25 25 25 25 25 25 25 25 25 25 25 25 25 25 25 25 25 25 25 25 25 25 25 25 25 25 25 25 25 25 25 25 25 25 25 25 25 25 25 25 25 25 25 25 25 25 44 52 59 64 68 72 75 78 81 84 86 88 90 92 94 96 97 99 100 101 102 103 104 105 105 106 107 107 108 108 108 108 108 108 107
25 25 25 25 25 25 25 25 25 25 25 25 25 25 25 25 25 25 25 25 25 25 25 25 25 25 25 25 25 25 25 25 25 25 25 25 25 25 25 25 25 25 25 25 25 25 25 25 25 25 25 25 25 25 25 25 25 25 25 25 25 44 53 59 64 68 72 75 79 81 84 86 89 91 92 94 96 97 99 100 101 102 103 104 105 106 106 107 107 108 108 108 108 108 108 107
