testData/tiles/oneDegree/grid48.0-3.0-49.0-4.0.asc
ncols   200
nrows   200
xllcorner   48.0
yllcorner   3.0
cellsize   0.005
NODATA_value   -9999.0
[rows 84 to 125 of 200, columns 94 to 187 of 200]
474 474 472 471 471 471 470 469 468 467 466 465 464 463 464 464 464 463 461 462 461 461 460 461 460 459 459 458 459 458 457 457 456 457 455 454 454 453 455 454 453 453 451 452 451 450 450 449 450 449 448 448 447 447 447 446 446 445 443 444 443 442 443 442 442 442 440 440 439 438 438 438 437 273 271 270 271 271 270 270 269 268 268 268 269 269 270 270 270 271 272 273 274 274
475 474 472 472 472 471 470 469 469 468 466 465 464 464 464 464 463 464 462 462 461 460 461 460 460 460 459 459 458 458 457 458 457 456 455 454 456 455 454 454 453 454 452 451 451 450 450 450 450 450 448 448 448 447 447 446 445 446 444 443 443 443 442 443 442 441 440 439 439 439 438 438 437 436 436 272 271 271 270 269 268 269 268 268 269 269 269 270 272 272 272 273 273 273
475 474 474 473 472 471 471 470 469 468 466 466 465 465 464 464 464 463 462 461 462 461 460 460 461 461 459 459 458 458 458 457 457 456 455 456 455 455 454 454 454 453 452 451 451 451 450 450 450 450 449 448 447 447 446 446 446 445 444 444 444 444 443 442 442 441 440 440 439 438 438 437 437 438 436 435 435 270 270 270 269 268 268 268 268 270 270 271 271 272 272 272 274 274
476 476 474 473 472 472 471 470 469 469 467 466 466 466 465 464 464 463 462 462 461 461 460 462 461 460 459 459 459 458 457 457 457 457 456 455 455 455 455 454 453 453 452 452 451 450 451 451 450 450 448 448 448 447 447 446 445 445 445 445 444 443 443 442 442 442 440 439 439 439 438 439 438 437 436 435 435 435 434 269 269 268 268 269 269 270 270 271 271 272 273 273 273 273
477 476 474 474 473 472 471 471 470 469 467 467 467 466 465 464 464 464 462 461 461 462 462 461 461 461 459 459 458 458 458 457 457 457 456 456 455 455 454 454 454 453 452 451 452 452 451 451 450 449 449 448 448 447 446 446 446 446 445 444 444 444 443 443 442 441 440 440 439 439 439 438 438 438 436 436 435 434 434 434 433 268 268 269 269 270 271 271 272 272 272 272 273 274
477 477 475 474 473 472 472 471 470 470 469 468 467 466 466 465 464 463 462 462 463 462 461 462 461 461 459 458 459 458 458 457 457 458 456 456 455 454 455 454 454 453 451 453 452 452 451 450 451 450 448 448 447 448 447 447 447 446 444 445 444 443 443 442 442 442 440 440 440 439 440 439 438 438 436 435 434 435 434 433 433 432 432 270 270 270 271 271 271 271 273 273 273 273
478 477 475 474 474 473 472 471 472 471 469 468 467 467 466 465 464 464 462 463 462 462 462 461 461 460 460 459 459 458 458 459 458 458 456 455 456 455 454 454 453 454 453 452 452 451 452 451 450 450 448 448 448 447 448 447 447 447 445 444 444 443 443 443 442 441 440 440 440 440 439 438 438 437 436 436 435 434 434 433 434 434 433 433 433 270 270 271 272 272 272 272 273 273
478 477 476 475 474 473 472 473 472 471 469 469 468 467 466 466 465 464 463 462 463 462 462 461 462 461 459 459 458 460 459 458 458 457 457 456 455 455 454 455 454 454 453 452 452 452 451 451 450 450 449 448 447 448 448 448 447 446 445 444 444 444 443 442 442 443 441 441 440 439 439 439 438 438 436 435 435 435 435 435 434 433 432 433 434 434 435 271 271 271 272 273 273 275
478 478 476 475 474 474 474 473 472 472 470 469 468 467 467 466 465 465 464 463 463 462 461 462 461 461 459 459 460 459 459 458 458 458 456 456 455 455 455 455 455 454 453 453 452 451 451 451 451 450 448 449 449 448 448 447 446 447 445 445 444 443 443 443 443 443 441 440 440 440 439 439 438 437 436 436 435 435 435 434 433 434 433 433 434 434 434 434 436 272 272 274 274 274
479 477 476 476 475 475 474 473 473 471 470 469 469 468 467 466 467 465 464 463 462 463 462 461 461 461 460 460 459 459 459 459 458 457 456 456 456 455 455 455 455 455 453 452 452 452 451 451 450 450 450 449 449 448 447 448 447 446 445 444 443 444 444 443 443 442 441 441 440 439 439 438 438 438 436 436 436 435 435 435 434 433 433 433 433 434 435 435 435 437 437 273 274 275
479 477 477 476 476 475 475 474 473 471 471 470 469 468 468 468 467 465 464 464 463 462 462 462 461 460 460 460 460 459 459 458 458 457 456 456 455 456 456 455 455 453 453 453 452 452 451 450 451 450 449 449 448 449 448 447 447 445 445 445 444 444 444 443 443 443 441 440 440 439 439 439 438 437 437 436 436 436 435 434 433 433 433 433 434 434 434 435 436 437 437 438 438 274
480 478 477 477 477 476 475 474 474 472 471 470 469 469 469 468 467 466 465 464 463 462 462 462 461 461 461 460 460 459 459 459 458 457 456 455 457 456 456 455 454 454 453 453 452 451 452 452 451 450 449 449 449 448 448 447 447 446 445 444 445 445 444 444 443 441 441 441 440 440 439 438 439 438 437 437 436 435 434 435 434 432 433 433 433 433 436 436 436 437 437 437 437 439
479 478 478 478 477 476 475 475 473 472 471 471 470 470 469 469 467 466 465 464 464 463 462 461 462 461 461 460 459 460 459 459 458 456 457 457 456 456 455 456 455 453 453 453 452 452 452 452 451 450 450 449 448 448 448 447 447 445 446 446 445 445 444 443 443 442 441 441 440 439 439 440 439 437 437 436 435 436 435 434 434 432 432 433 435 435 435 436 436 436 437 438 438 438
479 480 479 478 477 477 476 475 473 473 472 471 471 470 470 469 467 466 466 465 464 463 463 463 461 461 460 461 460 459 459 458 458 458 457 457 456 456 456 455 454 454 453 453 452 452 453 452 451 450 449 449 449 448 448 447 445 447 446 445 445 444 444 444 443 441 441 440 440 441 440 439 439 437 437 437 436 435 435 434 434 432 433 434 434 435 435 436 436 437 437 437 437 438
481 480 479 478 478 477 476 474 474 473 472 472 472 471 470 468 468 467 466 465 464 465 464 462 461 461 461 460 460 459 459 459 458 458 457 457 457 456 455 456 454 454 453 452 454 453 452 452 450 451 450 449 449 448 447 448 447 446 446 445 445 445 444 443 442 441 441 441 441 440 440 440 438 438 437 436 435 435 435 434 433 433 433 434 435 435 435 436 436 436 436 438 438 438
481 480 480 479 478 477 476 475 474 473 474 473 472 471 470 469 468 467 466 466 466 465 464 463 462 461 460 460 460 460 459 458 458 458 458 457 456 457 456 454 454 453 455 454 453 453 452 451 451 450 449 449 448 449 449 448 447 446 446 446 445 444 444 444 442 442 441 441 441 441 440 440 438 437 436 437 436 435 435 434 433 434 434 434 434 435 435 435 436 437 437 437 438 438
482 481 480 479 479 478 476 475 474 475 474 473 472 472 470 469 468 468 467 467 466 465 464 463 462 461 461 460 460 459 459 459 458 458 457 457 457 456 456 454 454 455 454 454 453 453 453 451 450 450 450 449 449 449 448 447 447 447 446 445 445 445 444 443 442 442 441 442 441 440 440 438 438 438 437 436 436 435 436 434 434 433 433 434 434 435 435 436 436 436 437 437 439 439
482 481 480 480 479 477 476 476 476 475 474 474 473 471 470 469 469 468 468 467 467 466 464 463 463 462 461 460 460 461 459 459 458 457 458 457 457 456 455 455 455 454 454 454 454 453 451 451 451 450 450 449 449 450 448 447 447 446 445 446 445 444 444 442 443 443 442 441 441 440 440 439 438 437 437 436 436 436 436 434 433 433 434 434 434 435 435 435 436 437 438 438 439 439
482 482 481 480 478 478 477 477 476 475 475 474 472 471 471 470 469 469 469 468 467 465 464 464 463 462 461 461 461 460 459 458 459 458 457 457 457 456 455 455 455 455 454 454 453 452 452 451 451 450 450 451 450 449 448 447 447 447 446 445 445 444 444 444 443 442 442 441 441 441 439 438 438 438 437 437 437 436 434 435 434 433 433 434 434 434 436 436 436 437 438 438 439 439
483 482 481 479 479 478 478 477 477 476 475 474 473 472 471 470 471 470 469 468 466 466 465 464 463 463 462 462 460 459 460 459 458 458 457 457 457 455 456 456 455 455 454 453 454 452 451 451 450 452 451 450 450 448 448 448 447 446 446 445 445 445 444 443 443 443 442 442 441 440 438 439 438 437 438 437 436 437 435 434 433 433 433 434 435 435 435 436 437 437 438 438 439 439
483 482 481 480 479 479 479 478 477 476 475 474 473 472 471 472 471 470 469 468 467 466 465 464 464 463 463 461 461 460 459 459 458 458 458 457 455 457 456 456 455 454 455 454 452 452 451 451 452 451 450 450 449 448 448 447 446 447 446 445 446 444 443 444 443 442 442 441 441 440 439 438 439 438 438 438 437 435 434 434 434 433 434 434 434 435 436 437 437 437 464 464 464 465
483 482 481 480 480 480 479 478 477 477 475 474 473 473 473 472 471 471 469 468 467 466 466 465 464 464 464 462 461 460 459 459 459 458 457 458 457 456 456 455 455 455 454 453 452 452 452 452 451 451 451 450 449 448 447 448 447 446 447 446 444 445 444 443 443 442 442 442 440 439 439 439 439 438 438 437 435 435 435 434 433 433 433 433 436 462 462 462 463 463 464 464 465 465
483 482 481 482 481 480 479 479 477 476 475 475 474 474 473 472 472 470 469 468 468 467 466 465 466 465 463 462 461 461 460 459 458 458 458 457 457 456 456 456 455 454 453 453 453 452 452 452 452 451 451 449 448 449 448 447 447 447 447 446 445 444 444 443 443 443 442 440 440 441 440 439 439 438 437 438 436 435 434 434 459 459 461 461 461 461 462 462 463 463 464 464 464 464
483 482 483 482 481 480 480 478 477 476 476 475 475 474 474 473 471 470 470 469 468 467 467 467 465 464 463 463 462 461 460 459 459 458 457 457 457 457 456 455 455 454 453 453 453 452 453 452 452 451 449 450 449 448 448 447 448 448 446 445 445 445 444 444 443 442 441 441 441 440 440 439 438 439 438 462 461 461 460 460 460 460 460 460 461 462 462 462 463 463 463 464 465 465
484 484 483 482 482 481 479 478 478 477 476 476 476 475 474 472 471 471 470 469 468 469 468 466 465 465 464 463 462 461 461 460 459 458 458 457 457 456 456 456 454 454 453 453 454 453 452 452 451 450 450 449 448 448 448 448 448 446 445 446 445 444 444 443 442 443 441 441 441 440 466 466 465 464 462 462 462 461 461 461 460 459 461 461 461 461 462 462 462 463 464 464 464 465
485 484 483 483 482 480 479 479 478 477 477 477 476 474 473 473 472 471 470 470 470 469 467 466 466 465 464 463 463 462 461 460 459 459 458 457 456 457 456 455 454 453 455 454 453 453 452 452 451 450 449 449 449 449 449 448 446 447 446 445 445 444 444 444 443 468 468 467 467 466 466 465 464 463 463 462 462 461 461 460 461 460 460 460 461 461 462 462 463 463 463 464 466 466
485 485 484 482 481 481 480 479 478 479 478 477 475 475 474 473 472 471 471 471 470 468 468 467 466 465 465 464 463 462 461 461 460 459 458 458 457 456 455 454 454 455 454 454 453 453 453 451 450 450 450 449 450 449 448 448 447 446 446 445 445 471 470 469 468 468 468 467 467 466 465 466 464 463 462 462 462 462 462 461 460 459 460 461 461 461 462 462 462 464 465 465 465 465
486 485 483 482 482 481 480 479 480 479 478 476 476 475 474 473 473 472 472 471 470 469 468 467 466 466 465 464 462 463 462 461 460 459 459 458 457 455 455 455 455 454 454 454 453 453 451 451 451 450 450 450 449 450 448 447 447 472 472 471 471 470 469 470 469 468 468 467 466 467 466 464 463 463 463 463 463 462 461 460 460 460 460 461 461 461 461 463 464 464 464 465 465 466
485 484 484 483 482 481 481 481 480 478 478 477 476 475 475 474 473 473 471 471 470 469 468 468 467 466 465 464 464 463 462 461 461 460 459 458 457 456 455 455 455 455 454 454 452 451 452 451 450 450 450 450 450 474 473 473 473 472 472 471 470 472 470 469 469 468 468 468 467 466 464 464 464 463 464 463 462 461 462 460 459 460 460 460 461 462 463 463 463 464 465 465 465 466
486 485 484 483 483 482 482 480 479 479 478 477 476 476 475 474 474 473 472 471 470 470 469 468 467 467 465 465 464 463 463 462 461 460 459 458 457 456 456 456 455 455 454 452 453 452 451 451 450 477 477 476 474 474 474 473 473 472 471 472 472 470 470 469 469 468 468 467 466 465 465 464 465 464 463 463 463 462 460 459 459 460 460 461 461 462 462 463 464 464 464 465 465 465
486 485 484 484 483 483 481 481 480 479 478 478 477 476 475 475 474 473 472 472 471 470 469 468 467 466 466 465 465 464 463 462 461 460 459 458 458 458 457 456 455 454 454 453 452 478 477 478 478 477 476 475 475 474 474 473 472 473 472 471 470 470 470 469 469 468 467 468 466 465 465 465 464 464 464 463 462 460 460 460 459 460 460 461 461 463 463 463 463 464 464 465 465 466
486 486 485 484 483 483 482 481 480 479 479 478 477 475 476 475 474 473 473 472 471 470 469 468 467 467 467 466 465 464 463 462 461 460 459 460 459 458 457 456 455 480 479 478 478 478 478 478 477 476 476 475 474 474 473 473 473 472 471 471 471 470 470 469 468 469 468 466 465 465 465 465 465 464 463 461 462 461 460 460 459 459 461 462 462 462 462 463 463 464 464 465 465 465
487 486 484 483 484 483 482 481 481 480 479 477 477 476 476 475 475 474 473 472 472 470 469 468 468 468 467 466 465 465 463 462 461 460 461 460 459 458 484 482 481 480 479 479 478 479 478 477 477 476 475 475 474 474 474 473 473 472 472 471 471 470 469 470 469 467 466 466 467 466 466 465 464 463 463 462 461 461 460 459 459 461 461 461 461 462 463 463 463 464 464 464 465 624
486 485 485 485 484 483 483 482 481 479 479 478 477 477 476 476 475 474 473 472 471 470 469 470 469 468 467 467 465 464 463 462 462 462 487 486 486 484 483 482 481 481 480 479 479 478 478 477 476 476 475 475 475 474 473 473 473 472 472 471 470 470 470 469 467 467 467 467 467 466 465 465 465 463 462 462 461 461 460 461 460 460 460 462 462 462 462 463 463 464 464 465 466 624
486 486 486 485 484 484 483 481 480 480 479 478 478 478 477 476 475 474 473 472 471 471 471 470 469 468 467 466 465 464 464 489 489 488 488 487 485 484 483 483 482 481 480 480 480 478 477 477 476 476 476 475 474 475 474 473 472 472 471 471 471 470 469 468 468 467 468 467 466 466 466 465 463 463 462 462 461 461 461 460 459 461 461 461 461 462 462 463 463 464 464 465 465 625
487 487 486 486 485 483 482 482 481 480 479 480 479 478 477 475 475 474 473 472 472 472 471 470 470 468 467 466 492 491 490 490 489 489 487 486 485 485 484 483 482 481 482 480 479 478 477 477 476 476 475 475 474 474 473 473 473 472 472 471 470 469 469 468 468 468 467 467 467 466 464 464 464 463 462 462 462 461 461 460 460 460 460 461 462 462 462 463 463 464 465 466 466 624
488 487 487 485 484 483 483 482 481 480 481 480 479 477 477 476 475 474 474 473 473 472 472 470 469 494 493 493 492 491 491 491 489 488 487 487 486 485 484 483 483 482 481 480 479 479 478 477 476 476 476 474 474 474 474 473 473 472 471 472 470 469 468 469 468 468 468 467 466 464 465 464 463 463 462 462 462 462 460 459 459 460 461 461 461 462 462 462 464 465 465 465 465 624
488 487 486 485 485 484 483 482 482 482 480 479 479 478 477 476 476 475 474 474 472 498 497 496 495 495 494 493 492 493 491 490 489 488 488 487 486 485 485 484 483 482 481 481 480 479 478 478 477 475 474 475 475 474 474 473 472 472 471 470 469 469 470 469 469 468 467 465 466 465 464 464 463 463 463 463 461 460 459 460 460 460 461 461 461 462 463 464 464 464 464 466 624 624
488 487 486 486 485 484 483 483 482 481 480 480 479 478 477 477 476 475 500 500 499 498 497 497 496 495 494 493 493 492 491 490 490 489 488 487 487 486 484 484 483 483 482 481 480 479 479 477 476 476 476 475 474 474 473 473 472 471 470 470 470 470 470 469 468 467 467 466 465 465 464 464 464 464 463 461 460 461 460 459 460 460 461 461 462 463 463 463 463 465 465 465 623 624
488 488 487 486 485 484 483 483 482 482 481 480 479 479 478 503 501 502 501 500 499 498 498 497 496 495 494 494 493 492 492 491 490 489 488 488 486 485 485 485 484 483 482 481 481 479 478 477 478 477 476 475 474 474 474 472 471 471 471 471 470 470 469 469 468 467 466 466 465 465 464 465 464 462 462 462 461 460 460 459 460 460 461 462 462 462 464 464 464 464 464 465 624 624
489 488 486 485 485 484 484 483 483 482 481 480 506 504 503 502 503 502 501 500 500 499 498 496 496 495 495 494 494 493 492 491 490 489 488 487 486 487 486 485 484 483 483 481 480 479 479 479 478 477 476 476 475 473 472 472 472 471 471 471 470 470 469 468 467 467 467 466 465 465 465 463 463 463 462 461 461 460 460 459 460 460 461 462 463 463 463 463 464 464 465 465 623 624
488 487 487 486 485 485 485 484 483 482 507 506 505 504 504 504 503 502 502 501 500 498 497 497 496 496 495 495 494 493 492 491 490 489 488 488 488 487 486 485 485 483 482 481 480 480 480 479 478 478 477 475 474 473 473 472 471 472 471 471 470 469 468 467 468 467 466 466 465 465 464 464 463 462 462 462 461 460 460 459 459 461 462 462 462 462 463 464 464 464 464 465 623 625
