testData/tiles/oneDegree/grid28.0-38.0-29.0-39.0.asc
ncols   200
nrows   200
xllcorner   28.0
yllcorner   38.0
cellsize   0.005
NODATA_value   -9999.0
[rows 126 to 167 of 200, columns 94 to 187 of 200]
550 550 550 551 551 682 683 683 684 685 685 686 686 687 687 688 688 689 689 690 691 691 692 692 693 693 694 694 694 695 695 696 696 696 697 697 697 698 698 698 700 700 700 701 701 701 702 702 702 703 703 703 703 704 704 704 704 705 705 705 705 706 706 706 707 708 708 708 708 708 709 709 709 709 709 710 710 710 710 710 710 711 711 711 711 711 711 712 712 712 712 712 712 712
550 550 550 681 681 682 683 683 684 684 685 685 686 687 687 688 688 689 689 689 690 690 691 692 693 693 693 694 694 695 695 695 696 696 697 697 697 698 698 698 699 699 699 701 701 701 702 702 702 702 703 703 703 704 704 704 704 705 705 705 705 706 706 706 706 706 707 708 708 708 709 709 709 709 709 709 710 710 710 710 710 711 711 711 711 711 711 711 712 712 712 712 712 712
550 681 681 681 681 681 682 683 684 684 685 685 686 686 687 687 688 688 689 689 690 690 691 691 692 693 693 694 694 695 695 695 696 696 696 697 697 698 698 698 699 699 699 699 700 700 701 702 702 702 703 703 703 703 704 704 704 704 705 705 705 705 706 706 706 706 707 707 707 707 707 709 709 709 709 709 710 710 710 710 710 710 711 711 711 711 711 711 711 712 712 712 712 712
681 681 681 681 681 681 681 682 683 684 685 685 686 686 687 687 688 688 689 689 690 690 691 691 691 692 692 693 694 694 695 695 696 696 696 697 697 697 698 698 698 699 699 699 700 700 700 701 701 702 702 703 703 703 704 704 704 704 705 705 705 705 706 706 706 706 706 707 707 707 707 707 708 708 708 709 709 710 710 710 710 710 710 711 711 711 711 711 711 712 712 712 712 712
681 681 681 681 681 681 681 682 682 683 683 684 686 686 687 687 688 688 689 689 689 690 690 691 691 692 692 692 693 693 694 695 695 696 696 697 697 697 698 698 698 699 699 699 700 700 700 700 701 701 701 702 702 703 703 704 704 704 704 705 705 705 705 706 706 706 706 707 707 707 707 707 708 708 708 708 708 709 709 709 710 710 710 711 711 711 711 711 711 711 712 712 712 712
681 681 681 681 681 681 681 682 682 683 683 684 684 685 686 687 687 688 688 689 689 690 690 691 691 692 692 692 693 693 694 694 694 695 696 696 697 697 697 698 698 698 699 699 699 700 700 700 701 701 701 702 702 702 702 703 704 704 704 705 705 705 705 706 706 706 706 706 707 707 707 707 707 708 708 708 708 708 709 709 709 709 709 709 711 711 711 711 711 711 711 712 712 712
681 681 681 681 681 681 681 681 682 683 683 684 684 685 685 686 686 688 688 689 689 690 690 691 691 691 692 692 693 693 693 694 694 695 695 695 697 697 697 698 698 698 699 699 699 700 700 700 701 701 701 701 702 702 702 702 703 703 703 704 705 705 705 705 706 706 706 706 707 707 707 707 707 708 708 708 708 708 708 709 709 709 709 709 709 710 710 710 710 711 711 711 712 712
680 681 681 681 681 681 681 681 682 682 683 684 684 685 685 686 686 687 687 689 689 689 690 690 691 691 692 692 692 693 693 694 694 694 695 695 696 696 696 698 698 698 699 699 699 699 700 700 700 701 701 701 702 702 702 702 703 703 703 703 704 704 704 705 706 706 706 706 706 707 707 707 707 707 708 708 708 708 708 709 709 709 709 709 709 709 710 710 710 710 710 710 710 711
680 680 680 681 681 681 681 681 682 682 683 683 684 684 685 685 686 686 687 687 688 688 690 690 691 691 692 692 692 693 693 694 694 694 695 695 695 696 696 696 697 697 698 699 699 699 700 700 700 701 701 701 701 702 702 702 702 703 703 703 703 704 704 704 704 705 705 706 706 706 707 707 707 707 707 708 708 708 708 708 709 709 709 709 709 709 710 710 710 710 710 710 710 710
680 680 680 680 680 680 681 681 681 682 683 683 684 684 685 685 686 686 687 687 688 688 689 689 691 691 691 692 692 693 693 693 694 694 695 695 695 696 696 696 697 697 697 698 698 699 700 700 700 700 701 701 701 702 702 702 702 703 703 703 703 704 704 704 704 705 705 705 705 705 706 707 707 707 707 708 708 708 708 708 708 709 709 709 761 761 761 762 762 762 762 762 762 762
680 680 680 680 680 680 680 680 681 682 682 683 684 684 685 685 686 686 687 687 688 688 688 689 689 690 690 692 692 692 693 693 694 694 694 695 695 695 696 696 696 697 697 697 698 698 698 699 699 700 701 701 701 701 702 702 702 702 703 703 703 703 704 704 704 704 705 705 705 705 705 706 758 758 758 759 760 760 760 760 760 760 761 761 761 761 761 761 762 762 762 762 762 762
680 680 680 680 680 680 680 680 680 681 681 683 683 684 684 685 685 686 686 687 687 688 688 689 689 690 690 690 691 691 693 693 693 694 694 695 695 695 696 696 696 697 697 697 698 698 698 699 699 699 699 700 701 701 702 702 702 702 703 703 703 703 704 756 756 756 756 757 757 757 757 758 758 758 758 758 758 759 759 760 760 760 761 761 761 761 761 761 761 762 762 762 762 762
680 680 680 680 680 680 680 680 680 681 681 682 682 684 684 685 685 686 686 687 687 688 688 689 689 689 690 690 691 691 692 692 692 694 694 694 695 695 695 696 696 697 697 697 697 698 698 698 699 699 699 700 700 700 700 754 754 754 754 755 755 755 755 756 756 756 756 757 757 757 757 757 758 758 758 758 758 759 759 759 759 759 759 760 761 761 761 761 761 761 762 762 762 762
680 680 680 680 680 680 680 680 680 680 681 681 682 683 683 685 685 686 686 687 687 688 688 688 689 689 690 690 691 691 691 692 692 693 693 694 695 695 695 696 696 696 697 697 697 698 698 698 751 751 751 751 752 752 752 753 753 753 753 755 755 755 755 756 756 756 756 756 757 757 757 757 757 758 758 758 758 758 759 759 759 759 759 759 760 760 760 760 761 761 761 762 762 762
680 680 680 680 680 680 680 680 680 680 681 681 682 682 683 683 684 684 686 686 687 687 688 688 689 689 690 690 690 691 691 692 692 692 693 693 693 694 695 696 696 696 749 749 749 750 750 750 750 751 751 751 752 752 752 752 753 753 753 753 754 754 755 755 756 756 756 756 757 757 757 757 757 758 758 758 758 758 758 759 759 759 759 759 759 760 760 760 760 760 760 760 761 761
679 679 680 680 680 680 680 680 680 680 681 681 682 682 683 683 684 684 685 685 686 687 688 688 689 689 689 690 690 691 691 691 692 692 693 693 745 746 746 746 747 748 748 749 749 749 750 750 750 751 751 751 751 752 752 752 753 753 753 753 754 754 754 754 754 755 756 756 756 757 757 757 757 757 758 758 758 758 758 759 759 759 759 759 759 760 760 760 760 760 760 760 761 761
679 679 679 679 679 680 680 680 680 680 680 681 681 682 683 683 684 684 685 685 686 686 686 688 688 689 689 690 690 690 691 743 744 744 744 745 745 746 746 746 747 747 747 748 748 749 750 750 750 750 751 751 751 752 752 752 752 753 753 753 753 754 754 754 754 755 755 755 755 755 757 757 757 757 757 758 758 758 758 758 759 759 759 759 759 759 760 760 760 760 760 760 760 761
679 679 679 679 679 679 679 680 680 680 680 681 681 682 682 683 683 684 684 685 685 686 686 687 687 688 741 741 742 742 743 743 743 744 744 745 745 745 746 746 746 747 747 747 748 748 748 749 750 750 751 751 751 751 752 752 752 752 753 753 753 753 754 754 754 754 755 755 755 755 756 756 756 756 757 758 758 758 758 758 758 759 759 759 759 759 759 760 760 760 760 760 760 760
679 679 679 679 679 679 679 679 679 680 680 680 681 682 682 683 683 684 684 685 685 686 738 739 739 739 740 740 741 742 743 743 743 744 744 744 745 745 746 746 746 747 747 747 748 748 748 749 749 749 749 751 751 751 752 752 752 752 753 753 753 753 754 754 754 754 755 755 755 755 755 756 756 756 756 756 757 757 757 758 758 758 759 759 759 759 759 759 760 760 760 760 760 760
679 679 679 679 679 679 679 679 679 679 679 679 681 681 682 682 683 735 736 736 737 737 738 738 739 739 740 740 741 741 741 742 743 744 744 744 745 745 745 746 746 746 747 747 747 748 748 748 749 749 749 750 750 750 751 752 752 752 752 753 753 753 753 754 754 754 754 755 755 755 755 755 756 756 756 756 756 757 757 757 757 757 757 759 759 759 759 759 759 760 760 760 760 760
679 679 679 679 679 679 679 679 679 679 679 679 680 732 734 734 735 735 736 736 737 737 738 738 739 739 739 740 740 741 741 742 742 742 744 744 744 745 745 746 746 746 747 747 747 748 748 748 748 749 749 749 750 750 750 750 751 751 752 753 753 753 753 754 754 754 754 754 755 755 755 755 755 756 756 756 756 756 757 757 757 757 757 757 758 758 758 758 759 759 760 760 760 760
680 680 680 680 680 680 680 680 680 732 731 731 731 732 732 733 734 735 736 736 737 737 738 738 738 739 739 740 740 741 741 741 742 742 743 743 743 745 745 745 746 746 746 747 747 747 748 748 748 749 749 749 750 750 750 750 751 751 751 751 752 752 753 753 754 754 754 754 755 755 755 755 755 756 756 756 756 756 756 757 757 757 757 757 758 758 758 758 758 758 758 759 759 760
679 680 680 680 680 732 732 732 732 732 732 732 732 733 732 733 733 734 734 735 736 737 737 738 738 739 739 740 740 740 741 741 742 742 742 743 743 743 744 744 745 746 746 747 747 747 748 748 748 748 749 749 749 750 750 750 750 751 751 751 751 752 752 752 752 753 754 754 754 755 755 755 755 755 756 756 756 756 756 757 757 757 757 757 757 758 758 758 758 758 758 758 759 759
679 731 731 732 732 732 732 732 732 732 732 732 732 732 733 734 733 734 734 735 735 736 737 738 738 738 739 739 740 740 741 741 741 742 742 743 743 743 744 744 744 745 745 745 747 747 747 748 748 748 749 749 749 749 750 750 750 751 751 751 751 752 752 752 752 753 753 753 753 753 755 755 755 755 755 756 756 756 756 756 757 757 757 757 757 757 758 758 758 758 758 758 758 759
731 731 731 731 731 731 732 732 732 732 732 732 732 732 733 733 734 734 735 734 735 735 736 736 737 738 739 739 740 740 740 741 741 742 742 742 743 743 743 744 744 745 745 745 746 746 746 748 748 748 748 749 749 749 750 750 750 750 751 751 751 751 752 752 752 752 753 753 753 753 753 754 754 754 755 755 756 756 756 756 756 757 757 757 757 757 757 758 758 758 758 758 758 758
731 731 731 731 731 731 731 731 732 732 732 732 732 732 733 733 734 734 735 735 736 735 736 736 737 737 738 738 739 740 740 741 741 741 742 742 743 743 743 744 744 744 745 745 745 746 746 746 747 747 748 749 749 749 749 750 750 750 750 751 751 751 751 752 752 752 752 753 753 753 753 754 754 754 754 754 755 755 756 756 756 756 757 757 757 757 757 757 758 758 758 758 758 758
731 731 731 731 731 731 731 731 731 731 731 732 732 732 732 733 733 734 734 735 736 736 735 736 736 737 737 738 738 739 739 740 741 741 742 742 742 743 743 743 744 744 745 745 745 746 746 746 746 747 747 747 748 748 749 750 750 750 750 751 751 751 751 752 752 752 752 752 753 753 753 753 754 754 754 754 754 755 755 755 755 755 755 757 757 757 757 757 757 758 758 758 758 758
731 731 731 732 732 732 731 731 731 731 731 731 731 732 732 733 733 734 734 735 735 736 736 737 736 737 737 738 738 738 739 739 740 740 741 742 742 743 743 743 744 744 744 745 745 745 746 746 746 747 747 747 747 748 748 748 749 750 750 750 751 751 751 751 752 752 752 752 753 753 753 753 753 754 754 754 754 754 755 755 755 755 756 756 757 757 757 757 758 758 759 759 759 760
732 732 732 732 732 732 732 732 732 732 732 732 731 731 731 731 733 734 734 735 735 736 736 737 737 736 737 737 738 738 739 739 739 740 740 741 741 742 743 743 743 744 744 744 745 745 745 746 746 746 747 747 747 748 748 748 748 749 749 749 749 751 751 751 751 752 752 752 752 753 753 754 754 754 755 755 755 755 756 757 757 757 757 757 757 758 758 758 759 759 759 759 760 761
732 732 732 732 732 732 732 732 732 732 732 732 732 732 732 731 732 732 734 734 735 735 736 736 737 737 737 737 738 738 738 739 739 740 740 740 741 741 742 742 743 744 744 744 745 745 745 746 746 746 747 747 747 747 748 748 748 749 749 749 749 750 750 751 751 753 753 753 754 754 755 755 755 755 755 757 757 757 757 757 758 758 758 758 759 759 760 760 760 760 760 760 760 761
731 731 732 732 732 732 732 732 732 732 732 732 732 732 732 732 733 733 733 733 734 735 736 736 737 737 737 738 737 738 738 739 739 739 740 740 741 741 741 742 742 742 743 744 744 745 745 745 746 746 746 747 747 747 748 749 749 749 750 750 751 751 752 752 752 752 754 754 754 755 755 756 756 757 757 757 758 758 758 758 758 760 760 760 760 760 760 761 761 761 761 761 762 762
731 731 731 731 731 732 732 732 732 732 732 732 732 732 732 732 732 733 733 733 733 734 734 735 736 737 737 738 738 738 738 738 739 739 740 740 740 741 741 742 742 742 743 743 743 744 745 745 746 747 747 747 748 749 749 750 750 750 751 752 752 752 752 753 754 754 754 755 755 755 756 757 757 758 758 758 759 759 760 760 760 760 761 761 761 761 761 761 763 763 763 763 763 763
731 731 731 731 731 731 731 732 732 732 732 732 732 732 732 732 732 733 733 734 734 734 734 735 735 736 736 737 738 738 738 738 739 739 739 740 740 741 741 741 742 742 742 744 744 744 745 746 746 747 748 749 750 750 750 750 752 752 752 752 753 753 754 755 755 755 755 755 757 757 757 757 758 758 758 758 759 760 761 761 761 761 761 762 762 763 763 763 763 764 764 764 764 764
731 731 731 731 731 731 731 731 731 731 732 732 732 732 732 732 732 732 733 733 734 734 735 734 735 735 736 736 737 737 739 738 738 739 739 740 740 741 742 742 742 744 744 745 745 746 747 747 747 747 749 749 749 751 751 752 753 753 753 753 755 755 755 755 756 756 757 757 757 758 758 758 758 759 760 760 760 760 761 761 761 761 762 763 764 764 764 764 764 764 765 765 765 765
731 732 732 732 732 732 732 732 731 731 731 731 732 732 732 732 732 732 733 733 734 734 735 735 735 735 736 736 736 737 737 738 738 740 740 740 742 742 743 743 744 745 745 745 747 747 747 748 749 749 750 750 750 751 752 752 752 754 754 755 755 756 756 756 756 758 758 758 758 759 759 759 760 760 761 761 761 761 761 762 763 763 763 763 763 764 764 764 765 765 765 765 766 767
732 732 732 732 732 732 732 732 732 732 732 732 732 731 731 732 732 732 732 733 733 734 734 735 735 736 735 736 737 738 738 740 740 739 740 741 743 743 744 745 745 745 746 747 747 748 748 749 750 750 750 751 752 752 753 753 753 754 755 755 756 756 757 758 758 758 759 759 759 759 761 761 761 761 761 762 762 762 762 763 764 764 764 764 764 764 765 765 765 765 766 766 766 768
732 732 732 732 732 732 732 732 732 732 732 732 732 732 732 732 731 732 732 733 733 734 734 736 736 737 738 738 738 738 740 740 741 742 742 742 742 744 744 745 746 747 748 748 748 749 750 750 751 751 751 752 753 753 753 754 755 755 755 756 756 756 757 758 759 759 759 760 760 761 761 762 762 762 762 762 763 764 827 827 827 828 828 828 828 828 828 829 830 830 830 830 830 830
731 732 732 732 732 732 732 732 732 732 732 732 732 732 732 732 732 732 731 732 734 734 736 736 737 738 739 739 739 740 741 741 742 743 743 743 744 744 745 745 747 747 748 749 749 750 751 751 751 753 753 753 754 754 754 755 756 756 756 757 757 758 758 759 759 759 822 824 825 825 825 825 826 826 826 826 827 828 828 828 828 828 829 829 829 829 830 830 831 831 831 831 831 831
731 731 731 732 732 732 732 732 732 732 732 732 732 732 732 733 733 733 734 734 734 735 736 737 739 739 740 740 741 741 741 743 743 744 744 745 745 745 746 747 747 748 748 748 750 751 751 752 753 753 754 754 754 755 756 756 820 820 820 820 822 822 822 822 823 823 824 824 825 825 825 825 825 827 828 828 828 828 829 829 829 829 829 830 830 831 831 831 831 831 832 832 832 832
731 731 731 731 731 731 732 732 732 732 732 733 733 733 734 734 734 735 735 735 736 736 736 738 738 739 740 742 742 743 743 744 744 744 746 746 746 746 747 748 748 748 749 750 751 751 751 752 816 817 818 818 818 819 820 820 820 821 821 822 822 823 823 823 823 824 825 825 825 826 826 826 826 826 828 828 828 829 829 830 830 830 830 830 831 832 832 832 832 832 832 833 833 833
731 731 731 731 731 731 731 732 733 733 734 734 734 735 735 735 736 736 736 737 737 738 739 739 739 740 741 742 742 744 745 744 745 746 747 747 747 748 748 749 749 812 814 814 814 815 815 816 817 817 817 818 820 820 821 821 821 821 823 823 823 823 824 824 824 825 826 826 826 826 827 827 827 828 828 829 829 829 829 829 830 830 831 832 832 832 833 833 833 833 833 833 834 834
731 731 732 732 733 733 734 733 733 734 734 735 736 736 736 737 737 737 738 738 738 739 740 740 740 741 742 742 743 744 745 745 745 747 747 811 811 813 812 812 813 814 814 815 815 815 817 817 817 818 818 819 820 820 820 821 822 823 823 824 824 824 824 825 826 826 826 827 827 827 827 828 829 829 829 829 830 830 830 830 830 831 832 832 832 832 832 834 834 834 834 834 834 834
