testData/tiles/oneDegree/grid31.0-45.0-32.0-46.0.asc
ncols   200
nrows   200
xllcorner   31.0
yllcorner   45.0
cellsize   0.005
NODATA_value   -9999.0
[rows 84 to 125 of 200, columns 0 to 93 of 200]
306 306 306 306 306 306 306 307 307 308 309 309 310 310 311 311 312 312 313 313 314 314 315 315 315 316 316 317 317 317 318 220 220 221 221 221 222 240 240 241 241 241 242 242 242 242 243 243 243 244 244 244 245 246 247 247 248 249 250 250 251 252 253 253 253 254 255 256 256 256 258 258 258 259 259 260 261 261 261 262 263 263 264 264 264 265 266 266 199 199 200 201 201 201
306 306 306 306 306 306 306 306 307 307 308 309 309 310 310 311 312 312 313 313 313 314 314 315 315 316 316 316 317 317 317 220 220 220 221 221 221 240 240 240 241 241 241 242 242 242 243 243 243 243 244 244 245 245 247 247 248 248 250 250 251 251 253 253 253 254 254 256 256 256 257 258 258 259 259 259 261 261 261 262 262 263 264 264 264 264 266 266 199 199 200 200 201 201
295 306 306 306 306 306 306 306 306 307 308 308 309 310 310 311 311 312 312 313 313 314 314 314 315 315 316 316 316 317 317 220 220 220 221 221 221 240 240 240 241 241 241 241 242 242 242 243 243 243 243 244 245 245 246 247 248 248 249 250 251 251 252 253 254 254 254 256 256 256 257 257 259 259 259 260 260 261 261 262 262 262 264 264 264 264 265 199 199 199 200 200 200 201
295 306 306 306 306 306 306 306 306 307 307 308 309 309 310 310 311 311 312 312 313 313 314 314 315 315 315 316 316 317 317 219 220 220 220 221 221 239 240 240 240 241 241 241 242 242 242 242 243 243 243 243 245 245 246 247 248 248 249 249 251 251 252 252 254 254 254 255 256 256 257 257 258 259 259 260 260 260 261 262 262 262 263 264 264 264 198 198 199 200 200 200 200 200
295 295 306 306 306 306 306 306 306 306 307 307 308 309 309 310 310 311 311 312 312 313 313 314 314 315 315 315 316 316 317 219 219 220 220 220 221 239 239 240 240 240 241 241 241 242 242 242 242 243 243 243 245 245 246 246 248 248 249 249 251 251 252 252 253 254 254 255 255 257 257 257 258 258 259 260 260 260 262 262 262 262 263 263 264 198 198 198 198 200 200 200 200 201
295 295 295 306 306 306 306 306 306 306 306 307 308 308 309 309 310 311 311 312 312 313 313 314 314 314 315 315 316 316 316 317 219 219 220 220 221 239 239 240 240 240 240 241 241 241 242 242 242 242 243 243 244 245 246 246 247 248 249 249 250 251 252 252 253 254 254 255 255 256 257 257 258 258 259 260 260 260 261 262 262 262 263 263 264 198 198 198 198 199 200 200 200 201
295 295 295 306 306 306 306 306 306 306 306 306 307 308 308 309 310 310 311 311 312 312 313 313 314 314 314 315 315 316 316 316 219 219 220 220 220 239 239 239 240 240 240 241 241 241 241 242 242 242 243 243 244 244 246 246 247 247 249 249 250 250 252 252 253 253 254 255 255 256 256 257 258 258 258 260 260 260 261 261 262 262 263 263 196 198 198 198 198 199 199 200 200 201
295 295 295 295 306 306 306 306 306 306 306 306 307 307 308 309 309 310 310 311 311 312 312 313 313 314 314 315 315 315 316 316 219 219 219 220 220 238 239 239 239 240 240 240 241 241 241 241 242 242 242 243 244 244 245 246 247 247 248 249 250 250 251 252 253 253 253 255 255 256 256 256 258 258 258 259 260 260 261 261 261 262 263 196 196 197 198 198 198 199 199 199 200 201
295 295 295 295 295 306 306 306 306 306 306 306 306 307 308 308 309 309 310 311 311 312 312 313 313 313 314 314 315 315 315 316 218 219 219 219 220 238 238 239 239 239 240 240 240 241 241 241 242 242 242 242 244 244 245 246 247 248 248 248 250 250 251 251 253 253 253 254 255 256 256 256 258 258 258 259 259 260 261 261 261 261 196 196 196 197 197 198 198 199 199 199 199 201
295 295 295 295 295 295 306 306 306 306 306 306 306 306 307 308 308 309 310 310 311 311 312 312 313 313 314 314 314 315 315 316 218 218 219 219 219 238 238 238 239 239 239 240 240 240 241 241 241 242 242 242 243 244 245 246 246 248 248 248 250 250 251 251 253 253 253 254 254 256 256 256 257 258 258 259 259 259 261 261 261 261 195 196 196 197 197 197 198 199 199 199 199 201
295 295 295 295 295 295 306 306 306 306 306 306 306 306 307 307 308 309 309 310 310 311 311 312 312 313 313 314 314 314 315 315 218 218 218 219 219 238 238 238 239 239 239 240 240 240 240 241 241 241 242 242 243 243 245 246 246 248 248 249 249 250 251 251 252 253 253 254 254 255 256 256 257 257 258 259 259 259 260 261 261 194 195 195 196 197 197 197 197 199 199 199 199 200
295 295 295 295 295 295 295 306 306 306 306 306 306 306 306 307 307 308 309 309 310 310 311 311 312 312 313 313 314 314 315 315 217 218 218 219 219 237 238 238 238 239 239 239 240 240 240 241 241 241 241 242 243 243 245 246 246 247 248 249 249 249 251 251 252 252 254 254 254 255 255 256 257 257 257 259 259 259 260 260 194 195 195 195 195 197 197 197 197 198 199 199 199 200
295 295 295 295 295 295 295 295 306 306 306 306 306 306 306 306 307 308 308 309 309 310 310 311 312 312 312 313 313 314 314 315 217 217 218 218 219 237 237 238 238 238 239 239 239 240 240 240 241 241 241 241 243 244 244 246 246 247 247 249 249 249 250 251 252 252 253 254 254 255 255 256 257 257 257 258 259 259 260 193 193 195 195 195 195 196 197 197 197 198 198 199 199 200
295 295 295 295 295 295 295 295 306 306 306 306 306 306 306 306 306 307 308 308 309 310 310 311 311 312 312 313 313 313 314 314 315 217 218 218 218 237 237 237 238 238 238 239 239 239 240 240 240 241 241 241 242 244 244 245 246 247 247 248 249 249 250 250 252 252 253 253 254 255 255 255 257 257 257 258 258 259 193 193 193 194 195 195 195 196 196 197 197 198 198 198 199 200
295 295 295 295 295 295 295 295 295 306 306 306 306 306 306 306 306 307 307 308 308 309 310 310 311 311 312 312 313 313 314 314 314 217 217 218 218 236 237 237 237 238 238 238 239 239 239 240 240 240 241 241 242 244 244 245 245 247 247 248 248 249 250 250 251 252 253 253 253 255 255 255 256 257 257 258 258 258 193 193 193 194 194 195 195 196 196 196 197 198 198 198 198 200
295 295 295 295 295 295 295 295 295 295 306 306 306 306 306 306 306 306 307 307 308 309 309 310 310 311 311 312 312 313 313 314 314 216 217 217 218 236 236 237 237 237 238 238 239 239 239 239 240 240 240 241 242 243 244 245 245 246 247 248 248 248 250 250 251 251 253 253 253 254 255 255 256 256 257 258 258 191 192 193 193 194 194 194 195 196 196 196 196 198 198 198 198 199
295 295 295 295 295 295 295 295 295 295 295 306 306 306 306 306 306 306 306 307 307 308 309 309 310 310 311 311 312 312 313 313 314 216 217 217 217 236 236 236 237 237 238 238 238 239 239 239 240 240 240 240 242 243 243 245 245 246 246 248 248 249 249 250 251 251 252 253 253 254 254 255 256 256 256 258 191 191 192 192 193 194 194 194 194 196 196 196 196 197 198 198 198 199
295 295 295 295 295 295 295 295 295 295 295 295 306 306 306 306 306 306 306 306 307 308 308 309 309 310 311 311 312 312 312 313 313 216 216 217 217 235 236 236 237 237 237 238 238 238 239 239 239 240 240 240 241 243 243 244 245 246 246 247 248 249 249 249 251 251 252 252 253 254 254 254 256 256 256 190 191 191 192 192 192 194 194 194 194 195 196 196 196 197 197 198 198 199
295 295 295 295 295 295 295 295 295 295 295 295 306 306 306 306 306 306 306 306 306 307 308 308 309 310 310 311 311 312 312 313 313 215 216 216 217 235 235 236 236 237 237 237 238 238 238 239 239 239 240 240 241 242 243 244 244 246 246 247 247 249 249 249 251 251 252 252 253 254 254 254 255 256 189 190 190 191 192 192 192 193 194 194 194 195 195 196 196 197 197 197 198 199
295 295 295 295 295 295 295 295 295 295 295 295 295 306 306 306 306 306 306 306 306 307 307 308 308 309 310 310 311 311 312 312 313 215 215 216 216 235 235 236 236 236 237 237 237 238 238 238 239 239 239 240 241 242 243 244 244 245 246 247 247 248 249 249 250 251 252 252 252 254 254 254 255 255 189 190 190 190 192 192 192 193 193 194 194 195 195 195 196 197 197 197 197 199
295 295 295 295 295 295 295 295 295 295 295 295 295 295 306 306 306 306 306 306 306 306 307 307 308 309 309 310 310 311 311 312 312 215 215 216 216 234 235 235 236 236 236 237 237 237 238 238 238 239 239 239 241 242 242 244 244 245 245 247 247 248 249 249 250 250 252 252 252 253 254 254 255 188 188 190 190 190 191 192 192 193 193 193 194 195 195 195 195 197 197 197 313 314
295 295 295 295 295 295 295 295 295 295 295 295 295 295 295 306 306 306 306 306 306 306 306 307 307 308 309 309 310 310 311 311 312 214 215 215 216 234 234 235 235 236 236 236 237 237 237 238 238 238 239 239 240 242 242 243 244 245 245 246 247 248 248 249 250 250 251 252 252 253 253 254 188 188 188 189 190 190 191 191 192 193 193 193 193 195 195 195 195 312 313 313 313 314
295 295 295 295 295 295 295 295 295 295 295 295 295 295 295 295 306 306 306 306 306 306 306 306 307 308 308 309 309 310 310 311 311 214 214 215 233 234 234 234 235 235 236 236 236 237 237 237 238 238 238 239 240 241 242 243 243 245 245 246 246 248 248 248 250 250 251 251 252 253 253 186 188 188 188 189 189 190 191 191 191 193 193 193 193 194 195 311 311 312 312 313 313 314
295 295 295 295 295 295 295 295 295 295 295 295 295 295 295 295 306 306 306 306 306 306 306 306 306 307 308 308 309 309 310 310 311 311 214 214 215 233 234 234 235 235 235 236 236 236 237 237 237 238 238 238 240 241 241 243 243 244 245 246 246 247 248 248 249 250 251 251 251 253 186 186 187 188 188 189 189 189 191 191 191 192 193 193 193 310 310 311 311 312 312 312 313 314
248 248 248 295 295 295 295 295 295 295 295 295 295 295 295 295 295 306 306 306 306 306 306 306 306 306 307 308 308 309 309 310 311 311 214 214 214 233 233 234 234 235 235 235 236 236 236 237 237 238 238 238 239 241 241 242 243 244 244 246 246 247 247 248 249 249 251 251 251 185 186 186 187 187 188 189 189 189 190 191 191 192 308 309 309 310 310 310 311 312 312 312 312 314
248 248 248 248 248 248 248 248 248 248 248 248 248 248 295 295 295 295 306 306 306 306 306 306 306 306 306 307 308 308 309 310 310 311 213 214 214 233 233 233 234 234 235 235 235 236 236 236 237 237 238 238 239 241 241 242 242 244 244 245 246 247 247 247 249 249 250 251 184 185 185 186 187 187 187 189 189 189 190 190 307 308 308 308 309 310 310 310 310 312 312 312 312 313
248 248 248 248 248 248 248 248 248 248 248 248 248 248 248 248 248 248 248 259 259 259 259 259 259 259 259 260 260 308 308 309 310 310 213 213 214 232 233 233 233 234 234 235 235 235 236 236 237 237 237 238 239 240 241 242 242 243 244 245 245 247 247 247 248 249 250 250 184 185 185 185 187 187 187 188 189 189 306 306 306 308 308 308 308 310 310 310 310 311 312 312 312 313
248 248 248 248 248 248 248 248 248 248 248 248 248 248 248 248 248 248 248 248 259 259 259 259 259 259 259 259 260 260 261 262 262 263 165 166 166 185 185 186 186 186 187 187 188 188 188 189 189 190 190 190 192 193 193 195 195 196 196 198 198 199 200 200 201 201 203 136 136 138 138 138 139 140 140 141 257 258 259 259 259 260 261 261 261 262 263 263 263 264 264 265 265 266
248 248 248 248 248 248 248 248 248 248 248 248 248 248 248 248 248 248 248 248 248 259 259 259 259 259 259 259 259 260 260 261 262 262 165 165 166 184 185 185 186 186 186 187 187 188 188 188 189 189 190 190 191 193 193 194 195 196 196 197 198 199 199 200 201 201 135 136 136 137 138 138 139 139 256 257 257 257 259 259 259 260 260 261 261 262 262 263 263 264 264 264 265 266
248 248 248 248 248 248 248 248 248 248 248 248 248 248 248 248 248 248 248 248 248 248 259 259 259 259 259 259 259 259 260 260 261 262 164 165 165 184 184 185 185 186 186 187 187 187 188 188 188 189 189 190 191 192 193 194 194 196 196 197 197 198 199 199 201 134 135 135 136 137 137 138 255 255 255 257 257 257 258 259 259 260 260 260 261 262 262 262 263 264 264 264 264 266
248 248 248 248 248 248 248 248 248 248 248 248 248 248 248 248 248 248 248 248 248 248 259 259 259 259 259 259 259 259 259 260 260 261 164 164 165 183 184 184 185 185 186 186 187 187 187 188 188 188 189 189 191 192 192 194 194 195 196 197 197 197 199 199 133 134 135 135 135 137 253 253 255 255 255 256 257 257 258 258 258 260 260 260 260 262 262 262 262 263 264 264 264 265
248 248 248 248 248 248 248 248 248 248 248 248 248 248 248 248 248 248 248 248 248 248 248 259 259 259 259 259 259 259 259 259 260 261 163 164 164 183 183 184 184 185 185 186 186 187 187 187 188 188 189 189 190 192 192 193 194 195 195 197 197 197 198 132 133 133 135 135 251 252 253 253 254 255 255 256 256 257 258 258 258 259 260 260 260 261 262 262 262 263 263 264 264 265
248 248 248 248 248 248 248 248 248 248 248 248 248 248 248 248 248 248 248 248 248 248 248 248 259 259 259 259 259 259 259 259 259 260 163 163 164 182 183 183 184 184 185 185 186 186 187 187 187 188 188 189 190 191 192 193 193 195 195 196 197 197 131 131 133 133 250 251 251 252 252 253 254 254 254 256 256 256 257 258 258 259 259 260 260 261 261 262 262 263 263 263 264 265
248 248 248 248 248 248 248 248 248 248 248 248 248 248 248 248 248 248 248 248 248 248 248 248 248 259 259 259 259 259 259 259 259 259 162 163 163 182 182 183 183 184 184 185 185 186 186 187 187 187 188 188 190 190 191 193 193 194 195 196 196 130 131 131 248 249 250 250 251 252 252 252 254 254 254 255 256 256 257 257 258 259 259 259 260 261 261 261 262 263 263 263 263 265
248 248 248 248 248 248 248 248 248 248 248 248 248 248 248 248 248 248 248 248 248 248 248 248 248 248 259 259 259 259 259 259 259 259 259 162 163 181 182 182 183 183 184 184 185 185 186 186 187 187 187 188 189 190 191 192 193 194 194 196 129 129 247 247 248 248 249 250 250 252 252 252 253 254 254 255 255 256 257 257 257 258 259 259 259 261 261 261 261 263 263 263 263 264
248 248 248 248 248 248 248 248 248 248 248 248 248 248 248 248 248 248 248 248 248 248 248 248 248 248 248 259 259 259 259 259 259 259 259 161 162 181 181 182 182 183 183 184 184 185 185 186 186 187 187 187 189 189 190 192 192 194 194 194 245 245 246 247 248 248 248 250 250 251 252 252 253 253 254 255 255 255 257 257 257 257 259 259 259 260 261 261 261 262 262 263 263 264
248 248 248 248 248 248 248 248 248 248 248 248 248 248 248 248 248 248 248 248 248 248 248 248 248 248 248 248 259 259 259 259 259 259 259 161 161 180 181 181 182 182 183 183 184 184 185 185 186 186 187 187 188 189 190 191 192 193 310 243 244 245 246 246 247 248 248 249 250 251 251 252 253 253 253 255 255 255 256 257 257 257 258 259 259 260 260 261 261 262 262 262 263 264
248 248 248 248 248 248 248 248 248 248 248 248 248 248 248 248 248 248 248 248 248 248 248 248 248 248 248 248 248 259 259 259 259 259 259 161 161 179 180 181 181 182 182 183 183 184 184 185 185 186 186 187 188 188 190 190 307 308 242 243 244 244 246 246 247 247 248 249 249 251 251 251 253 253 253 254 255 255 256 256 257 257 258 258 259 260 260 260 261 262 262 262 262 264
248 248 248 248 248 248 248 248 248 248 248 248 248 248 248 248 248 248 248 248 248 248 248 248 248 248 248 248 248 248 259 259 259 259 259 161 161 179 179 180 181 181 182 182 183 183 184 184 185 185 186 186 188 188 305 306 307 240 242 242 244 244 245 246 247 247 247 249 249 250 251 251 252 252 253 254 254 255 256 256 256 257 258 258 258 260 260 260 260 261 262 262 262 263
248 248 248 248 248 248 248 248 248 248 248 248 248 248 248 248 248 248 248 248 248 248 248 248 248 248 248 248 248 248 248 259 259 259 259 161 161 179 179 179 180 181 181 182 182 183 183 184 184 185 185 186 303 304 305 305 240 240 241 242 243 243 245 245 246 247 247 248 249 250 250 251 252 252 252 254 254 254 256 256 256 256 258 258 258 259 260 260 260 261 261 262 262 263
248 248 248 248 248 248 248 248 248 248 248 248 248 248 248 248 248 248 248 248 248 248 248 248 248 248 248 248 248 248 248 248 259 259 259 161 161 179 179 179 179 180 181 181 182 182 183 183 184 184 301 301 303 303 304 238 239 240 241 241 243 243 244 245 246 246 247 248 248 250 250 250 252 252 252 253 254 254 255 255 256 256 257 257 258 259 259 259 260 261 261 261 262 263
248 248 248 248 248 248 248 248 248 248 248 248 248 248 248 248 248 248 248 248 248 248 248 248 248 248 248 248 248 248 248 248 248 259 259 161 161 179 179 179 179 179 180 181 181 182 182 183 183 300 300 301 302 303 237 237 239 239 241 241 242 243 244 244 246 246 246 248 248 248 250 250 251 252 252 253 253 254 254 255 255 256 257 257 257 258 259 259 259 261 261 261 261 262
