testData/tiles/oneDegree/grid19.0-30.0-20.0-31.0.asc
ncols   200
nrows   200
xllcorner   19.0
yllcorner   30.0
cellsize   0.005
NODATA_value   -9999.0
[rows 42 to 83 of 200, columns 94 to 187 of 200]
576 576 577 578 578 579 578 578 577 579 579 578 578 578 577 577 578 577 584 591 596 600 603 606 607 610 612 613 616 617 618 619 620 622 623 625 625 626 627 627 627 628 629 628 629 628 628 629 629 628 629 629 628 628 627 627 626 626 624 624 622 622 621 619 618 616 615 612 612 610 610 610 610 611 611 613 612 613 569 569 569 569 571 571 570 571 571 570 661 661 661 662 662 661
577 578 579 580 580 580 579 580 579 580 580 579 579 579 579 580 580 579 588 593 598 603 605 608 610 612 614 616 618 619 620 622 622 624 626 626 627 627 629 628 630 630 630 630 631 630 631 630 631 631 630 630 629 630 629 629 628 628 626 626 625 625 623 622 621 619 617 616 615 613 612 611 611 611 612 613 613 613 569 569 570 570 571 571 571 571 571 572 661 662 663 662 662 663
580 580 582 581 581 581 581 581 582 581 581 581 581 581 581 581 581 580 591 596 602 606 607 610 613 614 616 618 620 621 622 624 625 627 627 629 629 630 630 631 632 631 633 632 632 631 634 634 633 633 632 632 632 632 631 631 630 629 628 629 627 627 625 625 623 621 621 620 618 616 614 612 612 613 612 613 613 614 613 570 571 571 571 571 571 571 571 662 663 662 663 663 662 663
581 582 583 582 583 583 582 582 583 583 583 583 582 582 582 582 582 583 594 600 604 608 610 613 614 616 619 620 622 623 625 627 627 629 629 630 631 631 632 633 633 634 634 633 635 636 635 635 634 635 634 636 635 635 634 633 632 632 632 631 630 629 627 627 625 625 624 622 621 618 617 614 614 613 614 613 613 614 614 615 571 571 572 571 572 572 571 663 663 662 663 663 662 663
583 584 584 584 584 584 583 585 585 584 584 584 583 584 583 584 584 589 597 603 606 609 611 614 617 619 620 622 624 626 626 629 630 630 631 632 633 633 635 634 636 635 635 637 637 637 637 637 637 637 636 637 636 636 635 635 634 635 633 633 632 631 630 629 629 628 626 626 624 621 620 618 616 614 614 614 613 614 615 616 615 571 572 571 572 573 663 663 663 663 663 663 663 664
584 585 586 585 585 585 586 586 586 585 585 586 586 586 586 585 585 593 600 606 609 612 613 616 618 621 623 624 626 628 629 631 631 632 633 634 634 636 636 637 637 636 638 639 638 639 639 639 638 639 639 639 638 638 637 637 637 636 635 635 634 633 633 633 632 631 628 628 626 624 624 621 619 616 615 614 614 615 615 616 616 616 572 572 573 573 663 663 663 663 663 663 664 664
587 586 587 587 586 587 587 587 587 586 587 587 587 587 587 586 586 596 603 608 611 614 617 617 621 622 625 628 627 629 631 632 633 634 635 635 637 637 638 638 638 640 639 640 640 641 640 641 640 641 640 640 639 639 638 638 638 638 637 637 636 636 635 635 633 633 631 629 628 628 626 624 622 619 617 614 616 615 615 616 616 616 616 573 574 663 663 664 663 664 664 664 665 665
588 588 588 588 588 589 589 588 589 588 588 589 588 588 588 587 587 600 605 610 612 616 618 621 623 625 627 629 630 632 633 634 634 636 637 637 639 639 640 639 641 641 641 643 642 642 642 642 642 642 642 643 642 642 641 642 641 640 639 640 639 639 637 637 635 635 633 632 632 630 628 626 625 622 620 618 616 616 615 616 616 617 617 617 574 663 664 664 664 664 665 665 665 665
590 589 589 590 589 590 590 590 590 589 589 590 589 589 589 588 593 603 607 612 614 617 620 624 626 627 628 630 631 634 634 636 637 637 639 639 641 640 641 642 642 643 644 644 643 644 643 644 645 645 644 644 643 643 643 643 642 643 642 642 640 641 640 638 637 636 635 635 633 633 630 629 627 624 624 621 619 616 616 616 616 618 618 617 664 664 664 664 664 665 665 665 665 665
591 590 590 591 591 591 591 591 591 591 591 591 590 590 591 590 599 607 610 613 616 619 624 625 628 629 630 632 634 636 635 637 639 638 641 641 642 642 643 644 643 646 645 645 645 646 645 647 646 646 645 645 645 646 646 646 645 644 644 643 644 643 641 641 640 638 637 637 635 634 633 631 629 627 626 624 621 618 617 617 617 618 618 618 708 664 665 664 665 666 665 665 666 665
592 591 592 592 592 592 593 592 592 592 592 592 592 592 592 592 602 609 612 616 619 623 625 627 629 631 632 633 635 637 638 639 640 641 642 643 643 644 644 645 646 647 646 647 647 647 648 648 647 647 647 647 647 648 649 648 647 646 646 646 645 644 644 643 641 641 640 639 637 636 634 634 632 631 628 626 625 621 619 618 618 618 618 619 708 708 665 665 665 666 665 665 666 665
593 592 593 594 593 594 594 593 593 594 593 594 594 593 593 593 605 611 614 618 622 625 627 628 631 633 634 637 637 639 640 640 642 643 644 644 645 646 646 648 648 648 647 649 648 650 649 649 649 650 650 649 651 650 650 649 649 648 649 648 647 646 645 644 644 643 642 641 639 638 636 635 634 632 630 628 627 624 621 620 618 618 618 709 709 708 710 666 665 666 666 666 666 668
594 594 594 595 594 595 595 594 595 595 595 595 595 594 595 597 608 613 617 621 625 627 629 630 632 634 636 638 638 640 642 642 644 644 645 645 647 647 648 649 649 650 650 650 649 651 652 651 652 651 651 652 652 651 652 651 651 650 650 649 649 648 648 645 646 645 643 643 641 640 638 638 636 635 632 630 629 626 625 622 620 619 618 709 709 709 710 666 666 666 667 667 668 668
595 595 596 596 595 596 596 595 596 596 596 596 596 595 596 603 610 616 619 623 627 628 631 631 634 636 638 640 640 641 643 644 645 646 647 647 648 649 650 650 651 651 651 651 652 653 653 653 653 653 654 653 654 653 653 652 652 652 652 651 651 649 649 649 649 646 646 644 643 642 641 640 638 637 635 633 631 629 628 624 622 619 619 709 710 710 710 710 668 667 667 669 668 668
596 597 597 597 597 597 597 597 597 598 597 597 597 597 597 606 613 618 621 625 628 630 633 634 635 638 639 641 642 643 644 646 647 647 649 649 650 651 651 652 652 652 652 654 655 654 654 654 655 654 655 655 655 655 654 653 654 653 653 652 652 651 652 650 650 649 647 646 644 645 643 642 640 639 637 636 634 631 630 627 625 622 709 710 710 711 711 711 712 667 668 669 668 668
597 599 598 598 599 598 598 598 598 599 598 598 598 598 598 610 615 620 623 627 630 632 634 636 637 640 641 643 643 644 646 647 648 649 650 650 651 652 653 654 653 654 654 655 656 655 656 656 657 657 658 657 657 656 656 656 656 655 655 653 653 652 653 652 651 650 650 647 648 646 645 644 641 640 639 639 636 633 632 630 627 624 712 711 711 712 712 711 712 713 668 669 669 668
599 600 599 599 600 599 600 600 599 600 599 599 600 599 600 613 617 622 625 629 631 633 636 638 639 641 642 644 646 645 648 649 649 650 651 652 653 655 654 655 654 656 657 656 657 657 659 658 659 658 659 658 658 657 657 657 658 657 657 656 655 655 654 653 653 651 651 651 649 648 646 646 644 642 641 640 638 635 634 631 630 627 715 713 711 712 712 712 713 713 668 669 669 668
600 601 600 600 601 600 601 601 600 601 600 600 601 601 606 615 619 625 628 630 633 635 637 640 641 643 643 645 647 648 650 650 651 651 653 654 654 656 655 656 656 658 658 658 660 659 660 659 660 660 660 659 659 658 660 659 659 658 658 657 658 657 656 655 654 653 652 652 652 650 649 647 645 646 643 642 640 639 636 633 634 631 719 716 712 712 712 713 713 713 713 669 669 669
601 602 601 601 602 602 602 602 601 602 602 602 603 602 610 617 621 626 630 632 635 636 639 642 642 644 645 647 649 649 651 651 652 654 654 655 656 657 656 658 657 659 660 661 661 660 661 661 661 661 661 660 660 661 661 660 660 659 659 659 659 658 658 656 656 654 655 653 653 651 651 648 648 647 645 643 642 641 639 637 636 633 721 718 715 713 713 713 714 713 714 713 669 671
602 603 602 602 603 603 603 603 602 603 604 604 604 603 613 620 624 628 631 633 636 638 641 643 643 645 646 648 651 651 652 653 653 655 656 657 657 658 658 659 660 662 662 662 662 661 663 662 663 663 663 662 663 663 663 662 662 661 660 660 660 659 659 658 658 657 656 655 654 653 652 651 649 649 647 646 644 643 642 640 638 725 724 720 717 716 713 714 714 713 714 714 670 671
603 604 603 603 605 604 604 604 603 604 606 605 605 604 616 622 626 630 633 635 638 639 643 644 645 647 648 650 652 652 654 654 655 656 658 658 658 660 659 661 663 663 663 663 663 663 665 664 664 664 664 663 665 664 664 664 663 663 663 663 661 660 660 659 660 658 658 656 656 654 654 653 652 650 648 648 647 645 644 642 639 727 726 723 720 718 715 714 714 714 714 715 714 671
604 605 604 604 605 605 605 605 605 605 606 606 606 606 618 625 628 632 635 637 639 642 643 645 646 648 650 652 653 653 655 656 656 659 659 659 660 661 661 664 664 664 664 664 665 665 666 665 665 665 665 666 666 666 665 665 664 665 664 664 663 663 661 660 661 660 659 658 658 655 656 654 654 652 651 650 648 647 645 644 642 729 727 726 722 720 717 714 714 714 715 715 715 671
605 606 605 606 606 606 606 607 606 607 607 607 607 612 620 627 630 633 636 638 641 644 645 647 648 650 653 653 654 655 656 658 658 660 660 661 661 662 665 665 665 665 666 666 667 666 667 666 666 666 667 667 667 667 666 666 665 666 665 665 664 664 663 663 662 661 661 659 659 659 657 657 656 655 652 651 651 650 647 646 644 730 729 728 726 722 719 717 714 715 716 715 715 715
606 606 606 607 607 606 608 608 607 608 608 607 607 616 624 629 632 635 638 640 642 645 646 648 649 651 654 654 655 656 658 658 660 661 662 662 663 664 666 665 666 667 667 666 668 667 668 667 668 669 669 669 669 669 668 668 667 667 666 666 666 665 665 665 664 662 662 661 660 660 659 658 658 656 654 654 652 651 649 647 645 733 732 729 728 724 721 719 715 715 716 715 715 716
607 607 609 608 608 608 609 609 609 609 609 608 608 618 625 630 633 637 639 640 644 646 647 650 651 653 655 655 657 657 659 660 661 662 663 664 665 666 667 666 668 667 668 668 669 669 670 669 669 671 670 670 670 670 669 670 669 669 668 668 667 667 666 666 665 665 663 662 663 662 662 659 659 657 658 655 653 653 651 649 647 736 734 731 730 727 723 721 719 715 716 716 715 716
608 608 610 609 610 609 609 610 610 610 610 609 609 622 627 631 635 637 640 643 645 648 649 651 652 655 656 656 658 659 660 662 662 665 664 666 666 667 668 668 669 668 669 669 671 670 671 671 670 672 671 671 671 671 670 671 670 670 670 670 669 669 668 667 666 666 666 665 665 663 663 661 660 658 659 657 655 654 652 651 649 737 736 733 731 729 725 724 721 717 716 716 715 716
609 610 610 611 611 611 610 611 611 611 611 610 610 624 629 633 637 639 642 644 647 649 650 652 654 655 657 658 659 660 662 663 665 665 665 667 667 668 670 669 670 669 672 671 672 671 672 672 672 673 672 672 671 672 672 672 671 671 670 671 671 671 669 669 667 668 668 667 666 664 664 663 662 661 660 659 657 655 653 654 651 739 737 735 733 730 729 726 723 720 716 716 716 717
610 611 612 611 612 612 611 612 611 612 612 611 617 626 631 635 638 640 644 646 648 651 652 654 655 657 658 659 661 660 663 665 666 666 667 669 669 670 670 670 671 672 673 672 673 673 672 674 673 674 674 674 672 674 673 673 672 672 671 672 672 672 671 672 669 669 669 669 668 665 665 664 664 663 661 660 658 656 656 655 653 741 739 737 734 733 730 728 725 723 718 716 718 717
610 613 613 612 613 613 613 613 613 612 613 612 621 629 633 637 640 642 646 647 650 652 653 655 657 658 660 660 662 664 665 667 666 668 668 669 671 671 671 672 672 673 673 673 673 674 674 676 675 675 675 675 674 676 675 675 674 673 672 674 673 673 673 673 671 671 670 670 669 668 666 666 665 664 663 661 659 659 657 656 654 743 740 738 738 735 732 730 727 725 722 718 718 717
613 614 614 613 613 614 614 614 614 613 613 613 624 631 634 638 642 645 647 649 651 652 654 657 658 659 661 662 663 666 667 668 667 669 670 671 672 672 673 673 674 674 674 674 675 676 676 677 676 676 676 676 676 676 676 676 675 675 675 674 675 675 674 674 673 673 671 671 670 669 668 667 667 665 665 662 662 661 659 657 746 745 742 741 739 736 734 732 728 727 724 720 718 718
614 614 615 614 614 615 615 615 615 614 614 614 625 632 635 639 642 645 648 650 652 654 656 658 660 661 662 663 666 667 668 668 669 670 671 672 673 673 674 674 675 675 676 676 676 677 677 677 677 677 676 677 677 677 677 677 676 676 676 677 676 675 674 674 674 674 673 672 671 671 670 669 668 666 666 664 664 662 660 659 657 746 744 742 741 739 736 734 731 729 726 722 720 718
615 615 615 615 615 616 615 615 616 615 616 616 628 634 637 641 645 647 649 652 653 655 657 659 661 661 664 664 667 669 668 670 670 672 672 673 675 674 675 675 676 676 677 677 677 678 678 678 678 678 677 679 678 678 677 678 677 679 678 678 677 677 675 676 675 675 674 674 672 673 671 670 669 667 667 665 665 663 662 661 658 747 746 743 742 740 738 735 734 731 728 725 722 718
616 616 616 615 617 617 616 616 616 616 617 622 630 635 639 642 646 648 651 653 655 658 659 661 662 663 665 667 668 669 669 671 671 673 673 674 675 675 676 677 678 677 678 678 679 679 679 680 679 680 680 680 680 680 678 679 680 680 679 679 678 678 678 677 676 676 675 675 674 674 672 671 671 668 668 667 667 664 663 662 659 749 748 746 743 741 740 737 735 733 730 727 723 721
616 617 617 616 617 618 617 617 617 616 617 624 632 637 640 645 648 650 652 655 656 658 659 661 664 665 666 668 669 670 671 672 673 674 675 675 676 676 678 678 678 678 679 679 681 681 680 681 680 681 681 681 681 681 681 681 682 681 680 680 679 679 679 679 677 677 676 676 676 676 673 672 672 670 670 669 668 666 664 663 662 751 749 747 745 743 741 739 737 735 731 729 727 723
617 617 618 617 618 618 618 618 618 618 618 627 633 638 641 645 648 650 653 655 657 659 660 663 665 666 669 668 670 672 672 672 674 675 677 676 677 677 679 679 679 679 680 682 681 682 681 682 681 682 682 682 681 683 682 683 682 683 682 681 680 681 680 680 679 678 677 678 677 677 674 673 673 672 671 670 669 668 665 664 664 752 750 748 747 744 744 740 738 738 734 731 729 726
618 618 618 619 619 619 618 618 619 619 619 630 635 640 644 647 650 652 654 657 659 662 663 665 667 666 669 670 671 673 672 675 675 677 677 677 679 679 680 679 680 681 681 683 682 683 682 682 682 683 683 683 683 684 683 684 683 683 683 683 681 682 681 681 680 680 678 679 678 677 676 675 674 673 673 671 670 669 667 666 665 754 751 749 748 746 745 744 740 739 736 733 732 728
619 619 619 619 620 620 619 619 620 619 620 632 637 642 645 649 651 653 656 658 661 663 664 665 667 669 670 671 673 673 674 676 676 677 678 678 679 680 681 680 682 682 683 683 683 683 683 683 684 684 684 685 684 684 685 685 684 684 683 684 684 684 682 682 681 681 681 680 679 678 677 677 676 674 674 673 671 670 670 667 666 755 752 751 749 747 747 745 742 740 738 735 733 730
619 620 621 620 620 621 620 620 621 620 623 634 638 643 648 650 653 655 657 660 662 664 665 666 668 670 672 672 673 674 676 677 677 678 679 679 681 681 681 682 682 683 684 684 684 684 684 685 685 687 686 686 686 687 685 686 685 685 684 685 684 685 684 683 682 683 682 682 679 679 678 679 677 675 675 674 672 671 671 669 667 756 754 752 753 751 749 746 744 742 740 737 735 732
620 620 622 621 621 621 620 622 622 621 627 636 640 645 649 651 653 655 659 662 663 665 666 668 671 671 672 673 674 676 677 678 678 679 680 680 682 682 683 683 683 685 684 686 685 686 685 687 687 687 687 687 687 688 687 687 686 686 685 686 685 685 684 684 682 683 682 682 681 680 679 680 678 676 676 674 674 673 672 670 668 757 756 756 754 752 750 748 745 743 742 739 736 733
621 621 622 621 622 622 621 622 622 621 630 638 642 647 650 652 655 658 661 663 664 666 667 668 671 672 673 674 675 677 677 679 679 680 681 682 683 683 684 683 684 685 686 686 686 686 687 688 688 688 688 688 688 689 688 688 687 688 687 687 686 686 685 685 685 684 683 683 682 682 681 681 679 678 677 675 676 673 673 671 671 759 758 758 755 753 752 749 747 746 743 740 738 735
621 623 623 622 622 623 622 623 623 622 632 639 643 647 652 654 657 659 662 664 665 667 668 670 672 673 675 676 676 678 679 680 679 681 682 682 684 684 684 684 687 687 687 687 687 688 689 689 689 689 688 689 689 689 689 689 688 688 688 688 687 687 686 686 686 686 684 684 683 683 682 681 680 679 678 676 677 675 674 673 672 670 759 759 756 754 753 750 749 748 744 742 740 736
622 623 624 623 623 623 623 624 624 623 634 641 645 649 652 655 658 660 663 665 666 668 670 672 674 674 675 676 677 679 680 680 681 682 683 684 685 684 685 686 687 688 687 688 688 689 689 690 689 690 689 690 690 690 689 690 689 690 689 689 689 688 687 688 687 687 685 685 684 685 683 682 681 680 679 678 678 677 676 674 673 673 760 760 758 755 754 753 750 749 745 743 741 738
