testData/tiles/oneDegree/grid2.0-24.0-3.0-25.0.asc
ncols   200
nrows   200
xllcorner   2.0
yllcorner   24.0
cellsize   0.005
NODATA_value   -9999.0
[rows 80 to 119 of 200, columns 0 to 89 of 200]
1173 1171 1168 1164 1163 1163 1163 1163 1162 1162 1162 1162 1161 1160 1160 1160 1160 1090 1090 1089 1089 1088 1088 1087 1087 1086 1085 1085 1084 1084 1083 1082 1075 1075 1074 1074 1072 1071 1071 1070 1068 1068 1067 1066 1065 1065 1064 1063 1062 1061 1060 1059 1058 1058 1057 1056 1054 1053 1052 1051 1050 1049 1048 1047 1045 1044 1043 1041 1040 1040 1038 1037 1035 1034 1032 1032 1030 1028 1027 1026 1024 1023 1022 1020 1018 1017 1015 1015 1013 1010
1169 1166 1163 1162 1162 1162 1162 1161 1161 1160 1160 1160 1160 1160 1159 1158 1089 1089 1088 1088 1088 1087 1086 1086 1085 1085 1084 1084 1082 1082 1081 1075 1074 1073 1072 1072 1071 1070 1069 1068 1067 1067 1066 1065 1064 1064 1063 1062 1061 1060 1059 1058 1058 1057 1056 1055 1054 1052 1051 1050 1049 1048 1047 1046 1044 1043 1042 1040 1040 1039 1037 1036 1034 1033 1032 1030 1029 1027 1025 1024 1024 1022 1021 1019 1017 1016 1015 1014 1011 1009
1165 1162 1160 1160 1160 1160 1160 1160 1160 1160 1159 1158 1158 1158 1158 1088 1088 1088 1086 1086 1086 1085 1085 1085 1083 1083 1082 1082 1082 1081 1074 1073 1072 1072 1071 1070 1069 1068 1068 1067 1066 1066 1065 1064 1063 1063 1062 1061 1060 1059 1058 1057 1057 1056 1055 1054 1053 1051 1050 1049 1048 1047 1046 1044 1043 1042 1041 1040 1039 1038 1036 1035 1033 1033 1031 1029 1028 1026 1024 1023 1023 1021 1020 1018 1016 1016 1013 1012 1010 1008
1161 1159 1159 1159 1159 1158 1158 1158 1158 1158 1158 1157 1157 1157 1156 1086 1086 1086 1086 1085 1085 1084 1083 1083 1082 1082 1082 1080 1074 1073 1073 1072 1071 1070 1069 1069 1068 1068 1067 1066 1066 1065 1064 1063 1063 1062 1061 1060 1059 1058 1057 1057 1056 1055 1054 1053 1052 1050 1049 1048 1047 1046 1045 1043 1042 1041 1041 1039 1038 1036 1035 1033 1033 1031 1030 1028 1026 1025 1024 1022 1021 1019 1018 1016 1015 1014 1012 1010 1008 1006
1158 1158 1158 1157 1157 1157 1157 1157 1157 1156 1156 1155 1155 1155 1086 1086 1085 1084 1084 1083 1083 1083 1082 1081 1081 1080 1080 1073 1073 1071 1071 1070 1070 1069 1068 1068 1067 1067 1066 1065 1065 1064 1063 1062 1062 1061 1060 1059 1058 1057 1056 1056 1055 1054 1053 1052 1051 1049 1048 1047 1046 1045 1044 1042 1041 1040 1039 1038 1037 1035 1034 1033 1032 1030 1029 1027 1025 1025 1023 1021 1020 1018 1017 1016 1014 1013 1011 1008 1007 1005
1157 1157 1157 1156 1156 1155 1155 1155 1155 1155 1155 1155 1154 1084 1084 1084 1083 1083 1083 1082 1081 1081 1080 1080 1080 1079 1072 1071 1071 1070 1070 1069 1069 1068 1068 1067 1066 1066 1065 1064 1064 1063 1062 1061 1061 1060 1059 1058 1057 1056 1055 1055 1054 1053 1052 1051 1049 1048 1047 1046 1045 1044 1043 1041 1040 1040 1038 1037 1036 1034 1034 1032 1031 1029 1027 1026 1025 1023 1021 1020 1019 1017 1016 1015 1013 1011 1009 1007 1006 1004
1155 1155 1155 1155 1155 1155 1154 1153 1153 1153 1153 1153 1152 1083 1083 1083 1081 1081 1081 1081 1080 1080 1079 1078 1078 1071 1071 1070 1070 1069 1069 1068 1068 1067 1067 1066 1065 1065 1064 1063 1063 1062 1061 1060 1060 1059 1058 1057 1056 1055 1054 1054 1053 1052 1051 1050 1048 1047 1046 1045 1044 1043 1041 1040 1040 1039 1037 1036 1034 1033 1033 1031 1029 1028 1026 1026 1024 1022 1020 1018 1017 1016 1014 1013 1011 1010 1008 1005 1005 1003
1154 1153 1153 1153 1153 1153 1153 1152 1152 1152 1152 1151 1082 1081 1081 1081 1081 1080 1080 1079 1078 1078 1078 1071 1071 1070 1070 1069 1069 1068 1068 1067 1067 1066 1066 1065 1064 1064 1063 1062 1062 1061 1060 1059 1059 1058 1057 1056 1055 1054 1053 1053 1052 1051 1050 1048 1047 1046 1045 1044 1043 1042 1040 1040 1039 1037 1036 1035 1033 1033 1031 1030 1028 1027 1025 1024 1023 1021 1019 1017 1016 1015 1013 1012 1010 1009 1006 1005 1004 1001
1152 1152 1152 1152 1152 1152 1151 1151 1150 1150 1150 1081 1081 1080 1079 1079 1079 1078 1078 1078 1077 1077 1071 1070 1070 1069 1069 1069 1068 1068 1067 1066 1066 1065 1065 1064 1064 1063 1062 1061 1061 1060 1059 1059 1058 1057 1056 1055 1054 1053 1052 1051 1051 1050 1048 1047 1046 1045 1044 1043 1042 1041 1039 1039 1038 1036 1035 1034 1033 1032 1030 1029 1027 1025 1025 1023 1021 1019 1018 1016 1016 1014 1012 1011 1008 1006 1006 1003 1002 999
1150 1150 1150 1150 1150 1150 1150 1150 1149 1148 1079 1079 1079 1079 1078 1078 1078 1077 1077 1077 1076 1070 1070 1069 1069 1069 1068 1068 1067 1067 1066 1066 1065 1064 1064 1063 1063 1062 1061 1061 1060 1059 1058 1058 1057 1056 1055 1054 1053 1052 1051 1050 1049 1048 1047 1046 1045 1044 1043 1042 1041 1039 1039 1038 1037 1035 1034 1033 1032 1030 1029 1027 1026 1025 1023 1022 1020 1018 1016 1015 1013 1012 1010 1009 1007 1006 1004 1002 1000 998
1149 1149 1149 1149 1148 1148 1148 1148 1148 1147 1078 1078 1078 1078 1077 1077 1077 1077 1076 1070 1070 1069 1069 1068 1068 1068 1067 1067 1066 1066 1065 1065 1064 1063 1063 1062 1062 1061 1060 1060 1059 1058 1057 1057 1056 1055 1054 1053 1052 1051 1050 1049 1048 1047 1046 1045 1044 1043 1042 1041 1040 1039 1038 1037 1035 1034 1034 1032 1031 1029 1028 1026 1026 1024 1022 1020 1019 1017 1016 1014 1012 1011 1009 1008 1007 1004 1003 1000 998 996
1147 1147 1147 1147 1147 1147 1147 1147 1147 1077 1077 1077 1077 1077 1076 1076 1076 1076 1069 1069 1069 1068 1068 1067 1067 1067 1066 1066 1065 1065 1064 1064 1063 1062 1062 1061 1061 1060 1059 1059 1058 1057 1056 1056 1055 1054 1053 1052 1051 1050 1049 1048 1047 1046 1045 1044 1043 1042 1041 1040 1039 1038 1037 1036 1034 1033 1033 1031 1030 1028 1027 1026 1024 1023 1021 1019 1017 1017 1015 1013 1011 1010 1007 1006 1005 1003 1001 999 996 995
1146 1146 1146 1146 1146 1146 1146 1146 1077 1077 1076 1076 1076 1076 1075 1075 1075 1069 1068 1068 1068 1067 1067 1067 1066 1066 1065 1065 1064 1064 1063 1063 1062 1061 1061 1060 1060 1059 1058 1058 1057 1056 1055 1054 1054 1053 1052 1051 1050 1049 1048 1047 1046 1045 1044 1043 1042 1041 1040 1039 1038 1037 1036 1034 1033 1033 1031 1030 1028 1027 1025 1025 1023 1021 1020 1018 1016 1015 1013 1011 1009 1008 1006 1005 1003 1001 1000 997 995 994
1145 1145 1145 1145 1145 1145 1145 1076 1076 1076 1075 1075 1075 1075 1075 1068 1068 1068 1067 1067 1067 1066 1066 1066 1065 1065 1064 1064 1063 1063 1062 1062 1061 1060 1060 1059 1059 1058 1057 1057 1056 1055 1054 1053 1053 1052 1051 1050 1049 1048 1047 1046 1045 1044 1043 1042 1041 1040 1039 1038 1037 1036 1035 1033 1033 1032 1030 1029 1027 1026 1025 1023 1022 1020 1018 1017 1016 1014 1012 1010 1008 1007 1006 1003 1002 1000 998 996 994 992
1144 1144 1144 1144 1144 1144 1075 1075 1075 1075 1074 1074 1074 1074 1068 1067 1067 1067 1066 1066 1066 1065 1065 1065 1064 1064 1063 1063 1062 1062 1061 1061 1060 1059 1059 1058 1058 1057 1056 1055 1055 1054 1053 1052 1052 1051 1050 1049 1048 1047 1046 1045 1044 1043 1042 1041 1040 1039 1038 1037 1036 1035 1033 1032 1032 1030 1029 1027 1026 1025 1024 1022 1020 1019 1017 1016 1014 1012 1010 1008 1006 1006 1004 1002 1000 998 995 994 992 990
1144 1144 1143 1143 1143 1143 1074 1074 1074 1074 1074 1073 1073 1067 1067 1066 1066 1066 1065 1065 1065 1064 1064 1064 1063 1063 1062 1062 1061 1061 1060 1060 1059 1058 1058 1057 1057 1056 1055 1054 1054 1053 1052 1051 1051 1050 1049 1048 1047 1046 1045 1044 1043 1042 1041 1040 1039 1039 1037 1036 1035 1034 1032 1032 1031 1029 1028 1026 1026 1024 1022 1021 1019 1017 1017 1015 1013 1011 1009 1007 1006 1004 1002 1000 999 996 994 993 990 989
1143 1143 1143 1142 1142 1073 1073 1073 1073 1073 1073 1066 1066 1066 1066 1065 1065 1065 1064 1064 1064 1063 1063 1063 1062 1062 1061 1061 1060 1060 1059 1059 1058 1057 1057 1056 1056 1055 1054 1053 1053 1052 1051 1050 1049 1049 1048 1047 1046 1045 1044 1043 1042 1041 1040 1039 1038 1037 1036 1035 1034 1032 1032 1031 1029 1028 1026 1025 1024 1023 1021 1020 1018 1017 1015 1013 1012 1010 1008 1007 1004 1002 1001 999 997 995 993 991 989 986
1142 1142 1142 1141 1072 1072 1072 1072 1072 1072 1066 1065 1065 1065 1065 1064 1064 1064 1063 1063 1063 1062 1062 1062 1061 1061 1060 1060 1059 1059 1058 1058 1057 1056 1056 1055 1055 1054 1053 1052 1052 1051 1050 1049 1048 1048 1047 1046 1045 1044 1043 1042 1041 1040 1039 1038 1037 1036 1035 1034 1032 1032 1031 1029 1028 1027 1025 1025 1023 1022 1020 1018 1016 1016 1014 1012 1010 1008 1006 1005 1003 1001 999 997 995 994 991 990 987 984
1141 1141 1141 1071 1071 1071 1071 1071 1065 1065 1065 1064 1064 1064 1064 1063 1063 1063 1063 1062 1062 1061 1061 1061 1060 1060 1059 1059 1058 1058 1057 1057 1056 1055 1055 1054 1053 1053 1052 1051 1051 1050 1049 1048 1047 1046 1046 1045 1044 1043 1042 1041 1040 1039 1037 1037 1036 1035 1034 1033 1031 1031 1030 1028 1027 1025 1025 1023 1022 1020 1019 1017 1016 1014 1012 1011 1009 1007 1006 1003 1001 999 998 995 994 992 990 988 985 982
1140 1140 1071 1071 1070 1070 1070 1064 1064 1064 1064 1063 1063 1063 1063 1062 1062 1062 1061 1061 1061 1060 1060 1060 1059 1059 1058 1058 1057 1057 1056 1056 1055 1054 1054 1053 1052 1052 1051 1050 1049 1049 1048 1047 1046 1045 1044 1044 1043 1042 1041 1040 1039 1037 1036 1036 1035 1034 1033 1031 1031 1030 1028 1027 1026 1025 1024 1022 1020 1019 1017 1016 1015 1013 1011 1009 1007 1006 1004 1002 1000 997 996 995 992 990 988 985 983 980
1139 1070 1070 1070 1069 1063 1063 1063 1063 1063 1063 1062 1062 1062 1062 1061 1061 1061 1060 1060 1060 1059 1059 1059 1058 1058 1057 1057 1056 1056 1055 1055 1054 1053 1053 1052 1051 1051 1050 1049 1048 1048 1047 1046 1045 1044 1043 1042 1041 1040 1039 1038 1037 1036 1036 1035 1034 1033 1031 1031 1030 1028 1027 1026 1024 1024 1022 1021 1019 1018 1017 1015 1013 1011 1010 1008 1007 1005 1003 1000 998 996 993 993 990 989 986 983 981 979
1138 1069 1069 1069 1062 1062 1062 1062 1062 1062 1062 1061 1061 1061 1061 1060 1060 1060 1059 1059 1059 1058 1058 1058 1057 1057 1056 1056 1055 1055 1054 1053 1053 1052 1052 1051 1050 1050 1049 1048 1047 1047 1046 1045 1044 1043 1042 1041 1040 1039 1038 1037 1036 1036 1035 1034 1033 1031 1030 1030 1029 1027 1026 1024 1024 1022 1021 1019 1018 1016 1015 1014 1012 1010 1008 1006 1005 1003 1001 999 996 994 993 991 989 986 984 981 980 977
1068 1068 1062 1061 1061 1061 1061 1061 1061 1061 1061 1060 1060 1060 1060 1059 1059 1059 1058 1058 1058 1057 1057 1056 1056 1056 1055 1055 1054 1054 1053 1052 1052 1051 1051 1050 1049 1048 1048 1047 1046 1045 1045 1044 1043 1042 1041 1040 1039 1038 1037 1036 1035 1035 1034 1033 1031 1030 1030 1029 1027 1026 1025 1024 1023 1021 1020 1018 1016 1016 1014 1012 1010 1009 1007 1006 1004 1002 999 997 995 993 991 989 987 984 982 979 978 975
1067 1061 1061 1060 1060 1060 1060 1060 1060 1060 1060 1059 1059 1059 1059 1058 1058 1058 1057 1057 1057 1056 1056 1055 1055 1055 1054 1054 1053 1052 1052 1051 1051 1050 1049 1049 1048 1047 1047 1046 1045 1044 1043 1043 1042 1041 1040 1039 1038 1037 1036 1035 1035 1034 1033 1031 1030 1030 1029 1027 1026 1025 1023 1023 1021 1020 1018 1017 1016 1014 1013 1011 1009 1007 1006 1004 1002 1000 998 995 994 992 989 988 985 982 980 978 975 972
1060 1060 1060 1059 1059 1059 1059 1059 1059 1059 1059 1058 1058 1058 1058 1057 1057 1057 1056 1056 1056 1055 1055 1054 1054 1053 1053 1052 1052 1051 1051 1050 1050 1049 1048 1048 1047 1046 1046 1045 1044 1043 1042 1041 1041 1040 1039 1038 1037 1036 1035 1034 1034 1032 1031 1030 1029 1029 1027 1026 1025 1023 1023 1021 1020 1018 1017 1015 1015 1013 1011 1009 1007 1007 1005 1003 1000 998 996 994 992 990 987 985 983 980 979 976 973 970
1059 1059 1058 1058 1058 1058 1058 1058 1058 1058 1057 1057 1057 1057 1057 1056 1056 1056 1055 1055 1055 1054 1054 1053 1053 1052 1052 1051 1051 1050 1050 1049 1049 1048 1047 1047 1046 1045 1044 1044 1043 1042 1041 1040 1039 1039 1038 1037 1036 1035 1034 1033 1032 1031 1030 1029 1029 1027 1026 1025 1023 1023 1022 1020 1019 1017 1015 1015 1013 1011 1010 1008 1006 1005 1003 1001 999 997 994 993 991 988 986 983 981 979 976 974 970 968
1057 1057 1057 1057 1057 1057 1057 1057 1057 1057 1056 1056 1056 1056 1055 1055 1055 1055 1054 1054 1053 1053 1053 1052 1052 1051 1051 1050 1050 1049 1049 1048 1047 1047 1046 1045 1045 1044 1043 1042 1042 1041 1040 1039 1038 1037 1036 1035 1034 1033 1033 1032 1031 1030 1029 1029 1027 1026 1025 1023 1022 1022 1020 1019 1017 1016 1015 1013 1012 1010 1008 1006 1005 1003 1001 999 997 995 994 991 989 986 984 981 979 977 974 972 968 964
1056 1056 1056 1056 1056 1056 1056 1056 1056 1056 1055 1055 1055 1055 1054 1054 1054 1053 1053 1053 1052 1052 1052 1051 1051 1050 1050 1049 1049 1048 1048 1047 1046 1046 1045 1044 1044 1043 1042 1041 1041 1040 1039 1038 1037 1036 1035 1034 1033 1032 1032 1031 1030 1029 1028 1027 1026 1025 1023 1022 1022 1020 1019 1017 1016 1014 1014 1012 1010 1008 1007 1006 1004 1002 1000 998 996 994 992 990 987 984 982 979 978 975 972 969 966 962
1055 1055 1055 1055 1055 1055 1055 1055 1055 1054 1054 1054 1054 1054 1053 1053 1053 1052 1052 1052 1051 1051 1050 1050 1050 1049 1049 1048 1048 1047 1046 1046 1045 1045 1044 1043 1042 1042 1041 1040 1039 1038 1038 1037 1036 1035 1034 1033 1032 1032 1031 1030 1029 1027 1027 1026 1025 1023 1022 1022 1020 1019 1017 1016 1014 1014 1012 1010 1009 1007 1005 1004 1002 1000 998 996 994 993 990 988 985 982 980 978 975 973 969 967 963 959
1054 1054 1054 1054 1054 1054 1054 1054 1054 1053 1053 1053 1053 1052 1052 1052 1052 1051 1051 1051 1050 1050 1049 1049 1048 1048 1047 1047 1046 1046 1045 1045 1044 1043 1043 1042 1041 1041 1040 1039 1038 1037 1036 1036 1035 1034 1033 1032 1032 1031 1030 1028 1027 1026 1026 1025 1023 1022 1021 1020 1019 1018 1016 1015 1014 1012 1011 1009 1007 1005 1005 1003 1001 999 996 994 993 991 988 986 983 980 979 976 973 970 967 963 961 957
1053 1053 1053 1053 1053 1053 1053 1053 1052 1052 1052 1052 1052 1051 1051 1051 1051 1050 1050 1049 1049 1049 1048 1048 1047 1047 1046 1046 1045 1045 1044 1043 1043 1042 1042 1041 1040 1039 1039 1038 1037 1036 1035 1034 1033 1032 1031 1030 1030 1029 1028 1027 1026 1026 1025 1023 1022 1021 1020 1019 1018 1016 1015 1013 1013 1011 1009 1007 1006 1005 1003 1001 999 997 995 994 991 989 986 984 981 978 977 974 970 968 965 961 959 955
1052 1052 1052 1052 1052 1052 1052 1051 1051 1051 1051 1051 1051 1050 1050 1050 1049 1049 1049 1048 1048 1048 1047 1047 1046 1046 1045 1045 1044 1044 1043 1042 1042 1041 1040 1040 1039 1038 1037 1037 1036 1035 1034 1033 1032 1031 1030 1030 1029 1028 1027 1026 1026 1025 1023 1022 1021 1019 1019 1018 1016 1015 1013 1013 1011 1009 1008 1006 1004 1003 1001 999 997 995 993 992 989 987 985 982 979 977 974 971 968 965 962 959 956 952
1051 1051 1051 1051 1051 1051 1051 1050 1050 1050 1050 1050 1049 1049 1049 1049 1048 1048 1048 1047 1047 1046 1046 1046 1045 1045 1044 1043 1043 1042 1042 1041 1040 1040 1039 1038 1038 1037 1036 1035 1034 1034 1033 1032 1031 1030 1029 1029 1028 1027 1026 1025 1024 1023 1022 1021 1019 1019 1018 1016 1015 1013 1013 1011 1010 1008 1006 1004 1004 1002 1000 998 996 993 992 990 988 985 983 980 978 975 972 969 966 962 959 956 952 948
1050 1050 1050 1050 1050 1050 1049 1049 1049 1049 1049 1048 1048 1048 1048 1047 1047 1047 1046 1046 1046 1045 1045 1044 1044 1043 1043 1042 1042 1041 1041 1040 1039 1039 1038 1037 1036 1036 1035 1034 1033 1032 1031 1031 1030 1029 1029 1028 1027 1025 1024 1024 1023 1022 1021 1019 1019 1018 1016 1015 1013 1012 1011 1010 1008 1006 1005 1004 1002 1000 998 996 994 993 990 988 986 983 981 979 976 973 970 967 963 960 958 954 949 945
1049 1049 1049 1049 1048 1048 1048 1048 1048 1048 1048 1047 1047 1047 1047 1046 1046 1046 1045 1045 1044 1044 1044 1043 1043 1042 1042 1041 1041 1040 1039 1039 1038 1037 1037 1036 1035 1034 1034 1033 1032 1031 1030 1029 1028 1027 1027 1026 1025 1024 1023 1023 1022 1020 1019 1018 1018 1016 1015 1013 1012 1011 1010 1008 1006 1005 1003 1002 1000 998 996 994 992 991 989 986 984 981 979 977 974 971 968 964 961 958 954 951 946 942
1048 1048 1047 1047 1047 1047 1047 1047 1047 1047 1046 1046 1046 1046 1045 1045 1045 1044 1044 1044 1043 1043 1042 1042 1042 1041 1040 1040 1039 1039 1038 1038 1037 1036 1035 1035 1034 1033 1032 1032 1031 1030 1029 1028 1027 1027 1026 1025 1024 1023 1023 1021 1020 1019 1018 1017 1016 1015 1013 1012 1011 1010 1008 1007 1005 1003 1002 1000 999 997 995 992 991 989 987 984 982 979 977 975 972 969 965 962 958 955 951 947 942 937
1046 1046 1046 1046 1046 1046 1046 1046 1046 1045 1045 1045 1045 1045 1044 1044 1044 1043 1043 1043 1042 1042 1041 1041 1040 1040 1039 1039 1038 1038 1037 1036 1036 1035 1034 1033 1033 1032 1031 1030 1029 1029 1028 1027 1027 1026 1025 1024 1023 1022 1021 1020 1019 1018 1016 1016 1015 1013 1012 1010 1010 1008 1007 1005 1003 1002 1001 999 997 995 993 992 989 987 985 982 980 978 975 972 969 966 963 959 956 952 948 944 939 937
1045 1045 1045 1045 1045 1045 1045 1045 1044 1044 1044 1044 1044 1043 1043 1043 1042 1042 1042 1041 1041 1041 1040 1040 1039 1039 1038 1037 1037 1036 1036 1035 1034 1034 1033 1032 1031 1031 1030 1029 1028 1027 1026 1025 1025 1024 1023 1022 1021 1021 1020 1019 1017 1016 1016 1015 1013 1012 1010 1010 1008 1007 1005 1003 1002 1001 999 997 995 993 991 990 988 985 983 980 978 976 973 970 967 964 960 957 953 949 944 939 937 937
1044 1044 1044 1044 1044 1044 1044 1043 1043 1043 1043 1043 1042 1042 1042 1042 1041 1041 1041 1040 1040 1039 1039 1038 1038 1037 1037 1036 1036 1035 1034 1034 1033 1032 1032 1031 1030 1029 1029 1028 1027 1026 1025 1025 1024 1023 1022 1021 1021 1020 1018 1017 1016 1016 1014 1013 1012 1010 1009 1008 1007 1005 1003 1002 1001 999 997 995 993 991 990 988 986 983 981 978 977 974 971 968 964 961 958 955 950 946 941 936 937 938
1043 1043 1043 1043 1043 1043 1042 1042 1042 1042 1042 1041 1041 1041 1041 1040 1040 1040 1039 1039 1038 1038 1038 1037 1037 1036 1036 1035 1034 1034 1033 1033 1032 1031 1030 1030 1029 1028 1027 1026 1025 1025 1024 1024 1023 1022 1021 1019 1019 1018 1017 1016 1015 1014 1013 1012 1010 1009 1008 1007 1005 1003 1002 1000 999 997 996 994 992 990 988 986 984 981 979 977 974 971 968 965 962 958 956 952 947 942 937 936 936 938
