testData/tiles/oneDegree/grid28.0-8.0-29.0-9.0.asc
ncols   200
nrows   200
xllcorner   28.0
yllcorner   8.0
cellsize   0.005
NODATA_value   -9999.0
[rows 42 to 83 of 200, columns 0 to 93 of 200]
292 292 293 293 294 295 296 296 296 297 297 298 298 299 300 300 300 302 302 302 303 303 304 304 305 305 306 306 306 307 307 307 307 308 308 308 308 310 310 310 310 310 310 310 310 311 311 311 311 312 312 312 311 311 311 311 311 311 311 311 310 310 312 312 312 311 311 311 311 310 310 310 309 309 309 308 308 308 308 308 307 307 307 306 306 305 305 304 304 303 303 302 301 301
292 292 293 293 294 294 295 295 297 297 297 298 298 298 299 299 300 302 302 302 303 303 303 303 304 304 306 306 306 307 307 307 307 307 307 307 309 310 310 310 310 310 310 310 310 310 310 310 310 311 312 312 312 311 311 311 311 311 311 311 310 310 311 311 311 310 310 310 310 309 309 310 309 309 309 308 308 308 308 308 308 307 307 306 306 305 305 304 304 303 303 302 301 301
291 291 293 293 294 294 295 295 296 296 297 298 298 299 299 299 300 301 301 302 303 303 303 303 304 304 305 305 306 307 307 307 307 307 307 308 308 309 309 309 310 310 310 310 310 310 310 310 310 311 311 311 311 311 310 311 311 311 311 311 311 310 311 311 311 310 310 310 310 309 309 309 309 308 308 308 307 307 307 307 307 306 306 305 305 304 304 303 303 302 302 301 301 300
291 291 292 292 293 294 295 295 296 296 296 297 297 299 299 299 300 301 301 302 302 302 303 304 304 304 305 305 306 306 306 306 307 307 307 308 308 309 309 309 309 309 309 309 309 310 310 310 310 311 311 311 311 311 310 310 310 310 310 310 310 309 311 311 311 311 310 310 310 310 309 309 309 308 308 308 307 307 307 307 307 306 306 305 305 304 304 303 303 302 302 301 301 300
291 291 292 292 293 293 294 295 296 296 297 297 297 298 298 298 300 301 301 302 302 302 302 303 303 304 305 305 306 306 306 306 306 306 307 307 308 309 309 309 309 309 309 309 309 309 309 309 309 310 311 311 311 311 311 310 310 310 310 310 310 309 310 310 310 310 309 309 309 309 308 309 309 308 308 308 307 307 308 307 307 306 306 305 305 304 304 303 303 302 302 301 301 300
290 290 292 292 293 293 294 294 295 295 297 297 297 298 298 298 299 300 300 302 302 302 302 303 303 303 304 305 305 306 306 306 306 306 307 307 307 308 308 308 309 309 309 309 309 309 309 309 309 310 310 310 310 310 310 310 310 310 310 310 310 310 310 310 310 310 309 309 309 309 308 308 308 307 307 307 306 306 307 306 306 305 305 304 304 303 303 302 302 301 301 300 300 299
290 291 291 292 293 293 294 294 295 295 296 296 296 298 298 298 299 300 300 301 301 301 302 303 303 303 304 305 305 305 305 305 306 307 307 307 307 308 308 308 308 308 308 308 308 309 309 309 309 310 310 310 310 310 310 310 309 309 309 309 309 309 309 310 310 310 309 309 309 309 308 308 308 307 307 307 306 306 307 306 306 305 305 304 304 304 303 303 302 301 301 300 300 299
290 291 291 292 292 293 293 294 295 295 296 296 296 297 297 299 299 300 300 301 301 301 302 302 302 303 304 305 305 305 305 305 305 306 306 306 307 308 308 308 308 308 308 308 308 308 308 308 308 309 310 310 310 310 310 310 309 309 309 309 309 309 308 309 309 309 309 308 308 308 307 307 308 308 307 307 306 306 307 306 306 305 305 305 304 304 303 303 302 302 301 300 300 299
289 291 291 292 292 293 293 293 294 294 296 296 297 297 297 298 298 299 300 301 301 301 302 302 302 302 303 304 305 305 305 305 305 306 306 306 306 307 307 307 308 308 308 308 308 308 308 308 308 309 309 309 309 309 309 310 309 309 309 309 309 309 308 309 309 309 309 308 308 308 307 307 307 307 306 306 306 305 306 305 305 304 304 304 303 303 302 302 301 301 300 299 299 298
289 290 290 291 292 293 293 294 294 294 295 295 297 297 297 298 298 299 300 300 300 301 302 302 302 302 304 304 304 304 304 304 306 306 306 306 306 307 307 307 307 307 307 307 307 308 308 308 308 309 309 309 309 309 309 309 309 308 308 308 308 308 309 309 309 309 309 308 308 308 308 307 307 307 306 306 306 305 306 305 305 305 304 304 303 303 302 302 301 301 300 300 299 298
289 290 290 291 291 292 293 294 294 294 295 295 296 296 296 298 298 299 300 300 300 300 301 301 301 302 304 304 304 304 304 304 305 305 305 305 306 307 307 307 307 307 307 307 307 307 307 307 307 308 309 309 309 309 309 309 309 308 308 308 308 308 308 308 308 308 308 307 307 307 307 306 307 307 306 306 306 305 306 305 305 305 304 304 303 303 302 302 301 301 300 300 299 298
288 290 290 291 291 292 292 293 293 294 295 295 296 296 296 297 297 298 300 300 300 300 301 301 301 301 302 303 304 304 304 305 305 305 305 305 305 306 306 306 307 307 307 307 307 307 307 307 307 308 308 308 308 308 308 308 309 309 308 308 308 308 308 308 308 308 308 307 307 307 307 306 306 306 305 305 305 304 305 304 304 304 303 303 302 302 301 301 300 300 299 299 298 297
288 289 289 291 291 292 292 293 293 294 294 294 296 296 296 297 297 298 299 299 299 301 301 301 301 301 302 303 303 303 303 304 305 305 305 305 305 306 306 306 306 306 306 306 306 307 307 307 307 308 308 308 308 308 308 308 308 308 307 307 307 307 307 308 308 308 308 308 307 307 307 306 306 306 305 305 305 304 305 305 304 304 303 303 302 302 301 301 300 300 299 299 298 297
288 289 289 290 290 291 292 293 293 294 294 294 295 295 295 297 297 298 299 299 299 300 300 300 301 302 302 303 303 303 303 304 304 304 304 304 305 306 306 306 306 306 307 307 307 307 307 306 306 307 308 308 308 308 308 308 308 308 307 307 307 307 307 308 307 307 307 307 306 306 306 305 305 306 305 305 305 304 305 305 304 304 303 303 302 302 301 301 300 300 299 299 298 298
287 289 289 290 290 291 291 292 292 294 294 294 295 295 296 296 296 298 299 299 299 300 300 300 300 301 301 302 303 303 304 304 304 304 304 304 304 305 305 305 307 307 307 307 307 307 307 307 307 307 307 307 307 307 307 307 308 308 308 307 307 307 307 308 307 307 307 307 306 306 306 306 305 305 305 304 304 303 304 304 303 303 302 302 301 301 300 300 299 299 298 298 297 297
287 288 289 290 291 291 291 292 292 293 293 294 295 295 296 296 296 298 298 298 298 300 300 300 300 301 301 302 302 302 303 304 304 304 304 304 304 305 305 306 306 306 306 306 307 307 307 307 307 308 307 307 307 307 307 307 307 307 307 306 306 306 306 308 307 307 307 307 306 306 306 306 305 305 305 304 304 303 304 304 303 303 302 302 302 301 301 300 299 299 298 298 297 297
288 288 289 289 290 290 291 292 292 293 293 294 294 294 296 296 296 298 298 298 298 299 299 299 300 301 301 302 302 302 303 303 303 303 303 304 304 305 305 306 306 306 306 306 306 306 306 306 306 307 307 307 307 307 307 307 307 307 307 306 306 306 306 307 306 306 306 306 305 305 305 305 304 305 305 304 304 304 304 304 303 303 302 302 302 301 301 300 300 299 298 298 297 297
288 288 289 289 290 290 291 291 292 293 293 294 294 294 295 295 295 298 298 298 299 299 299 299 300 300 300 301 302 302 303 303 303 303 303 303 303 303 305 305 306 306 306 306 306 306 306 306 306 306 307 306 306 306 306 306 307 307 307 306 306 306 306 307 307 306 306 306 306 305 305 305 304 304 304 303 303 303 303 303 302 302 302 301 301 300 300 299 299 298 298 297 296 296
287 287 288 289 290 290 291 291 291 292 292 294 294 294 295 295 295 297 297 297 299 299 299 299 300 300 300 301 301 302 302 303 303 303 303 303 303 304 305 305 305 305 305 305 306 306 306 306 306 306 307 307 306 306 306 306 306 306 306 306 305 305 305 307 307 306 306 306 306 305 305 305 304 304 304 303 303 303 303 303 302 302 302 301 301 300 300 299 299 298 298 297 296 296
287 287 288 288 289 290 291 291 291 292 292 293 293 293 295 295 295 297 297 297 298 298 298 298 300 300 300 301 301 302 302 302 302 302 302 303 303 304 305 305 305 305 305 305 305 305 305 305 305 305 307 307 306 306 306 306 306 306 306 306 305 305 305 306 306 305 305 305 305 304 304 304 303 303 304 303 303 303 303 303 302 302 302 301 301 300 300 299 299 298 298 297 296 296
287 287 288 288 289 289 290 290 292 292 292 293 293 293 294 294 294 297 297 297 298 298 298 298 299 299 299 301 301 302 302 302 302 302 302 302 303 303 304 304 305 305 305 305 305 305 305 305 305 305 306 306 306 305 305 305 306 306 306 306 305 305 305 306 306 305 305 305 305 304 304 304 303 303 303 302 302 302 302 302 302 301 301 300 300 299 299 298 298 297 297 296 296 295
286 286 288 288 289 289 290 290 291 291 291 293 293 294 294 294 295 296 296 296 298 298 298 298 299 299 299 300 301 301 301 302 302 302 302 302 303 303 304 304 304 304 304 304 305 305 305 305 305 305 306 306 306 305 305 305 305 305 305 305 305 304 304 306 306 305 305 305 305 304 304 304 304 303 303 303 302 302 302 302 302 301 301 300 300 299 299 298 298 297 297 296 296 295
286 286 287 287 288 289 290 290 291 291 291 292 292 293 294 294 295 295 296 296 297 297 297 298 299 299 299 300 301 301 301 301 301 301 301 303 303 303 304 304 304 304 304 304 304 304 304 304 304 304 306 306 306 306 305 305 305 305 305 305 305 304 304 305 305 305 304 304 304 303 303 303 303 302 303 303 302 302 302 302 302 301 301 300 300 299 299 298 298 297 297 296 296 295
286 286 287 287 288 288 289 289 291 291 291 292 292 293 293 293 294 295 296 297 297 297 297 298 298 298 298 300 301 301 301 301 301 301 301 302 302 302 303 304 304 304 304 304 304 304 304 304 304 304 305 305 305 305 304 304 305 305 305 305 305 304 304 305 305 305 304 304 304 304 303 303 303 302 302 302 301 301 300 301 301 300 300 299 299 298 298 297 297 296 296 295 295 294
285 285 287 287 288 288 289 289 290 290 292 292 292 293 293 293 294 294 295 296 297 297 297 298 298 298 298 299 300 300 300 301 301 301 301 302 302 302 303 303 303 303 303 303 304 304 304 304 304 304 305 305 305 305 304 304 304 304 304 304 304 303 303 304 305 305 304 304 304 304 303 303 303 302 302 302 301 301 301 301 301 300 300 299 299 298 298 297 297 296 296 295 295 294
285 286 286 287 288 288 289 289 290 290 291 291 291 293 293 293 294 294 295 296 296 296 296 298 298 298 298 299 300 300 300 300 300 300 301 302 302 302 303 303 303 303 303 303 303 303 303 303 303 303 305 305 305 305 305 304 304 304 304 304 304 303 303 303 304 304 303 303 303 303 302 302 302 301 301 302 301 301 301 301 301 300 300 299 299 299 298 298 297 296 296 295 295 294
285 286 286 287 287 287 288 289 290 290 291 291 291 292 292 292 294 294 295 296 296 296 296 297 297 297 297 300 300 300 300 300 300 300 301 301 301 301 302 303 303 303 303 303 303 303 303 303 303 303 304 304 304 304 304 303 304 304 304 304 304 304 303 303 304 304 303 303 303 303 302 302 302 301 301 301 300 300 300 300 300 299 299 298 298 298 297 297 296 295 295 294 294 293
284 286 286 287 287 288 288 288 289 289 291 291 291 292 292 292 293 293 294 295 296 296 296 297 297 297 297 298 299 299 299 300 300 301 301 301 301 301 302 302 302 302 302 302 303 303 303 303 303 303 304 304 304 304 304 304 303 303 303 303 303 303 302 302 304 304 303 303 303 303 302 302 302 301 301 301 300 300 300 300 300 299 299 299 298 298 297 297 296 296 295 294 294 293
284 285 285 286 287 288 288 288 289 289 290 290 290 292 292 293 293 293 294 295 295 295 296 297 297 297 297 298 299 299 299 299 299 300 300 301 301 301 302 302 302 302 302 302 302 302 302 302 302 302 304 304 304 304 304 304 303 303 303 303 303 303 302 302 303 303 303 302 302 302 301 301 301 301 300 301 300 300 300 300 300 299 299 299 298 298 297 297 296 296 295 294 294 293
284 285 285 286 286 287 287 289 289 289 290 290 291 291 291 292 293 293 294 295 295 295 296 296 296 296 296 298 299 299 299 299 299 300 300 300 300 300 301 302 302 302 302 302 302 302 302 302 302 302 302 303 303 303 303 303 303 303 303 303 303 303 302 302 303 303 303 302 302 302 301 301 301 301 300 300 300 299 299 299 299 299 298 298 297 297 296 296 295 295 294 294 293 292
283 285 285 286 286 287 287 288 288 288 290 290 291 291 291 292 292 292 294 295 295 295 296 296 296 296 297 297 298 298 299 299 299 300 300 300 300 300 300 301 301 301 301 301 302 302 302 302 302 302 302 303 303 303 303 303 302 302 302 302 302 302 302 301 303 303 303 302 302 302 302 301 301 301 300 300 300 299 299 299 299 299 298 298 297 297 296 296 295 295 294 294 293 292
283 284 284 285 286 287 287 288 288 288 289 289 290 291 291 292 292 292 294 294 294 294 295 296 296 296 297 297 298 298 298 298 299 299 299 300 300 300 300 301 301 301 301 301 301 301 301 301 301 301 302 303 303 303 303 303 303 302 302 302 302 302 302 301 302 302 302 301 301 301 301 300 300 300 299 299 300 299 299 299 299 299 298 298 297 297 296 296 295 295 294 294 293 292
283 284 284 285 285 286 287 288 288 288 289 289 290 290 290 291 292 292 294 294 294 294 295 295 295 295 297 297 298 298 298 298 299 299 299 299 299 299 299 301 301 301 301 301 301 301 301 301 301 301 301 302 302 302 302 302 303 302 302 302 302 302 302 301 302 302 302 301 301 301 301 300 300 300 299 299 299 298 298 297 298 298 297 297 296 296 295 295 294 294 293 293 292 291
283 284 284 285 285 286 286 287 287 289 289 289 290 290 290 291 291 291 292 294 294 294 295 295 295 295 296 296 297 297 298 298 299 299 299 299 299 299 299 300 300 300 300 300 301 301 301 301 301 301 301 302 302 302 302 302 302 301 301 301 301 301 301 300 301 302 302 301 301 301 301 300 300 300 299 299 299 298 298 298 298 298 297 297 296 296 295 295 294 294 293 293 292 292
282 283 283 285 285 286 286 287 287 288 288 288 290 290 290 291 291 291 292 293 293 294 294 295 295 295 296 296 297 297 297 298 298 298 299 299 299 299 299 300 300 300 300 300 300 300 300 300 300 300 301 302 302 302 302 302 302 302 301 301 301 301 301 300 300 301 301 301 300 300 300 299 299 299 298 298 298 298 298 298 298 298 297 297 296 296 295 295 294 294 293 293 292 292
282 283 283 284 284 285 286 287 287 288 288 288 289 289 289 291 291 291 292 293 293 294 294 294 294 294 296 296 297 297 297 298 298 298 298 298 298 298 298 300 300 300 300 300 300 300 300 300 300 300 300 301 301 301 301 301 302 302 301 301 301 301 301 300 300 301 301 301 300 300 300 299 299 299 298 298 298 297 297 297 297 297 296 296 295 295 294 294 293 293 292 292 291 291
282 283 283 284 284 285 285 286 286 288 288 288 289 289 289 290 290 290 291 293 293 294 294 294 294 295 295 295 295 296 297 298 298 298 298 298 298 298 298 299 299 299 299 300 301 301 300 300 300 300 300 301 301 301 301 301 301 301 300 300 300 300 300 300 300 301 301 301 300 300 300 299 299 299 298 298 298 297 297 297 297 297 296 296 295 295 294 294 293 293 292 292 291 291
281 282 283 284 284 285 285 286 286 287 287 287 289 289 290 290 290 290 291 292 292 293 294 294 294 295 295 295 295 296 296 297 297 297 298 298 298 298 298 299 299 299 300 300 300 300 300 299 299 299 300 301 301 301 301 301 301 301 300 300 300 300 300 300 299 300 300 300 299 299 299 298 298 298 298 297 297 296 297 297 297 297 296 296 295 295 295 294 293 293 292 292 291 291
282 282 283 283 284 284 285 286 286 287 287 287 288 288 289 290 290 291 291 292 292 293 293 293 293 294 295 295 295 296 297 297 297 297 297 297 297 297 297 298 299 300 300 300 300 300 300 300 299 299 299 299 300 300 300 300 301 301 301 300 300 300 300 300 299 300 300 300 299 299 299 299 298 298 298 297 297 296 296 296 296 296 295 295 295 294 294 293 293 292 291 291 290 290
282 282 283 283 284 284 284 285 285 287 287 288 288 288 289 289 289 290 290 292 292 293 293 293 293 294 294 294 294 295 297 297 297 297 297 297 297 297 297 297 299 299 299 299 300 300 300 300 300 299 299 299 300 300 300 300 300 300 300 299 299 299 299 299 298 300 300 300 299 299 299 299 298 298 298 297 297 297 296 296 295 296 295 295 295 294 294 293 293 292 291 291 290 290
282 282 283 283 284 284 284 285 285 286 286 287 288 288 289 289 289 290 290 291 291 292 293 293 293 294 294 294 294 295 296 296 296 296 297 297 297 297 297 298 299 299 299 299 299 299 299 299 299 299 299 299 300 300 300 300 300 300 300 299 299 299 299 299 298 299 299 299 298 298 298 298 297 297 297 296 296 296 296 296 295 296 295 295 295 294 294 293 293 292 292 291 290 290
282 282 283 283 284 284 285 285 285 286 286 287 287 287 288 289 289 290 290 290 291 292 292 292 292 293 294 294 294 295 296 296 296 296 296 296 296 296 296 298 299 299 299 299 299 299 299 299 299 299 298 298 299 299 299 299 300 300 300 299 299 299 299 299 298 298 299 299 298 298 298 298 297 297 297 296 296 296 295 295 294 295 295 294 294 293 293 292 292 291 291 290 289 289
