testData/tiles/oneDegree/grid3.0-2.0-4.0-3.0.asc
ncols   200
nrows   200
xllcorner   3.0
yllcorner   2.0
cellsize   0.005
NODATA_value   -9999.0
[rows 0 to 41 of 200, columns 94 to 187 of 200]
497 498 499 499 499 500 501 500 501 502 502 502 503 503 503 504 504 505 504 505 506 505 506 506 506 507 507 509 508 509 509 539 539 540 540 540 541 540 541 541 541 541 582 596 609 621 629 638 646 653 659 664 671 676 681 686 691 695 699 703 707 711 714 718 721 724 728 731 734 737 740 742 744 746 749 751 753 755 757 758 760 763 764 765 767 769 769 771 773 774 775 775 777 778
499 498 499 500 500 500 501 502 502 502 503 503 503 504 504 505 504 505 506 505 506 507 506 507 507 508 507 508 510 509 510 510 540 540 541 540 541 541 541 541 542 541 583 597 610 620 631 638 646 654 659 666 671 677 682 686 691 696 700 704 707 712 715 718 722 725 727 731 734 737 740 742 745 747 749 752 754 756 757 759 761 763 765 766 768 769 770 772 773 775 775 776 778 779
499 500 500 500 501 501 501 502 502 503 503 504 504 505 504 505 506 505 506 507 506 507 507 508 508 508 509 508 509 510 510 510 511 541 541 542 541 542 542 542 542 542 583 597 611 620 631 639 647 653 661 666 672 677 682 688 691 696 701 704 709 712 715 720 722 725 729 731 734 738 740 743 746 748 749 753 755 756 758 760 762 763 765 767 768 770 770 773 773 775 775 777 779 779
499 500 501 501 501 502 502 503 503 503 504 504 504 505 506 505 506 507 506 507 507 507 508 508 509 508 509 510 509 510 511 511 511 512 541 542 542 542 542 543 542 543 584 598 611 622 631 639 647 653 661 667 672 678 682 688 692 697 701 705 709 712 715 719 723 726 729 732 735 738 739 744 747 748 750 753 755 756 759 761 762 764 766 767 769 770 772 773 774 775 777 777 779 780
500 501 501 501 502 502 503 503 504 504 504 505 505 505 506 507 506 507 507 507 508 508 509 508 509 510 509 510 510 510 510 512 511 512 513 542 543 543 543 543 543 543 584 598 610 622 631 640 647 655 661 667 673 678 684 688 692 698 701 706 710 712 717 719 723 727 729 732 736 738 740 743 746 749 751 754 755 758 759 761 763 765 767 767 769 771 772 774 774 777 777 778 778 781
501 501 502 502 502 503 504 504 504 505 505 505 506 507 506 507 507 507 508 508 508 509 509 510 509 510 510 510 511 511 511 511 512 512 513 513 543 543 544 543 544 544 585 598 612 622 632 641 647 655 662 668 673 679 684 689 693 698 702 706 710 714 717 720 724 727 730 733 736 739 741 744 745 749 751 753 756 758 760 761 764 766 767 768 770 772 772 774 776 777 778 778 780 781
501 502 502 503 503 503 504 505 505 505 506 506 506 507 507 507 508 508 508 509 509 510 509 510 511 510 511 511 511 511 512 511 512 512 513 513 544 543 544 544 544 544 586 598 612 623 632 641 649 655 662 669 673 680 685 690 694 697 703 707 710 714 718 721 725 727 731 734 736 740 741 744 747 749 751 753 757 759 760 763 764 766 767 769 771 772 773 775 776 776 778 780 780 782
502 503 503 503 504 504 504 505 506 505 506 507 506 507 508 508 508 509 509 509 509 510 511 510 511 511 511 511 512 512 512 513 512 513 513 514 514 545 544 545 545 545 586 600 612 624 633 641 649 656 662 669 675 680 685 690 694 699 703 707 712 714 718 722 725 728 731 734 737 740 742 744 747 750 751 754 756 759 762 763 765 766 768 769 771 772 774 776 776 777 779 780 781 782
502 503 504 503 504 505 506 505 506 507 506 507 508 508 508 509 509 509 509 510 510 510 511 511 511 512 512 512 512 513 512 513 513 513 513 514 514 515 545 545 545 546 586 600 613 624 633 642 649 656 663 668 675 680 686 690 695 699 704 707 711 715 719 722 726 729 732 734 738 740 742 746 747 750 753 754 757 758 761 764 765 768 768 770 771 773 775 776 777 778 780 780 781 782
502 503 504 505 504 505 506 507 506 507 508 507 508 509 509 509 509 510 510 510 511 511 511 512 512 512 512 513 512 513 514 513 514 514 514 514 515 515 516 546 546 546 588 600 613 625 633 642 650 657 663 670 675 680 686 690 696 700 703 709 711 715 720 722 726 729 732 736 738 740 744 746 748 750 753 755 757 760 761 763 765 768 769 770 773 773 775 775 777 779 780 781 781 783
503 503 504 505 506 505 506 507 507 507 508 508 508 509 509 510 510 510 511 511 511 512 512 512 512 513 513 513 514 513 514 514 514 514 515 514 515 515 515 516 547 546 588 600 614 624 635 642 650 658 663 670 676 681 686 691 696 700 704 708 712 716 720 723 726 730 732 736 739 740 744 746 748 752 753 755 757 760 762 763 766 766 769 771 773 774 775 776 778 779 781 781 783 783
503 504 504 505 506 507 506 507 508 508 508 509 509 509 510 510 511 511 511 512 511 512 513 513 513 513 514 513 514 514 514 515 515 515 515 516 515 516 516 516 517 548 588 600 614 624 635 643 651 658 665 670 676 682 686 692 697 700 705 708 712 717 720 724 727 730 734 736 739 742 744 747 749 752 754 755 758 760 762 765 766 767 768 771 773 774 776 777 779 779 781 782 783 784
503 504 505 505 506 507 508 507 508 509 509 509 510 510 511 510 511 512 511 512 513 512 513 513 514 513 514 515 514 515 515 515 515 516 515 516 516 516 516 517 516 518 589 601 614 626 635 643 652 658 665 671 677 682 687 692 697 702 705 709 713 717 720 724 727 730 734 737 738 742 745 747 750 752 754 757 758 760 763 765 767 767 770 771 773 773 777 778 779 780 782 783 783 784
504 504 505 506 506 507 508 508 509 509 509 510 510 510 511 512 511 512 513 512 513 513 513 514 514 515 514 515 515 515 515 516 515 516 517 516 517 517 517 517 517 517 558 602 614 626 635 644 651 659 665 671 678 682 688 693 697 702 705 710 714 717 721 725 727 731 734 736 740 742 745 747 750 752 755 757 758 760 764 765 766 768 770 772 773 775 776 778 779 781 783 783 784 784
505 505 505 506 507 507 508 509 509 510 510 510 511 511 511 512 513 512 513 513 513 514 514 514 514 515 515 515 516 516 516 516 517 516 517 517 517 517 518 517 518 518 559 571 616 626 635 645 651 659 666 672 678 683 688 693 699 702 706 710 714 718 721 725 729 731 734 737 740 743 746 748 750 752 756 757 759 761 763 765 766 769 770 772 774 775 777 777 779 781 782 783 784 786
505 506 506 506 507 508 508 509 510 510 511 511 511 512 512 512 513 513 513 514 514 514 514 515 515 515 516 516 516 516 517 516 517 517 517 517 518 517 518 518 518 518 560 570 585 627 636 645 653 659 666 673 677 684 689 693 698 702 707 711 714 719 722 725 729 731 734 738 740 743 747 748 751 753 756 758 760 762 763 765 767 769 771 772 774 775 777 778 780 781 781 784 785 786
506 506 507 507 507 508 508 509 510 510 511 512 511 512 513 512 513 514 514 514 514 515 515 515 516 515 516 516 517 517 517 518 517 518 518 518 518 519 518 519 519 519 560 571 584 595 606 644 653 660 667 673 678 684 689 695 698 703 707 711 715 719 722 727 729 732 735 738 741 744 747 748 752 754 756 758 760 762 764 766 768 769 771 774 774 776 777 779 780 781 782 784 785 786
506 507 507 508 508 508 509 509 510 511 511 512 513 512 513 514 513 514 514 515 515 515 516 515 516 517 516 517 517 518 517 518 518 518 518 519 518 519 519 519 519 520 560 572 585 596 606 614 653 660 668 673 679 685 689 695 698 704 708 711 716 720 722 727 729 732 736 738 741 745 747 749 752 754 757 759 761 762 764 767 768 770 772 774 774 776 779 779 781 781 782 784 785 786
507 507 508 508 508 509 509 510 510 511 512 512 513 513 513 514 514 514 515 515 516 515 516 517 516 517 517 517 517 518 517 518 518 519 519 519 520 519 520 520 519 520 561 572 585 597 606 615 623 660 667 673 679 685 690 695 699 704 708 712 716 719 724 727 730 733 736 739 742 745 747 750 753 754 758 759 761 763 765 767 768 770 773 774 775 776 778 779 780 782 783 785 785 786
507 508 508 509 509 509 510 510 510 511 512 511 513 514 514 514 515 515 515 515 516 517 516 517 517 517 517 518 518 518 519 518 519 519 520 519 520 520 520 520 521 520 562 572 586 597 607 615 623 631 666 674 679 684 691 694 700 704 708 713 717 719 724 726 730 734 736 739 743 745 747 750 753 755 757 760 761 764 766 767 769 771 773 775 775 778 778 780 780 783 784 784 786 786
508 508 508 509 510 510 510 511 511 511 512 513 512 514 515 515 515 515 516 516 516 517 516 517 518 518 518 518 519 518 519 519 519 519 520 519 520 520 521 520 521 521 562 572 587 597 607 615 623 631 636 673 680 685 690 695 700 704 709 713 717 720 724 727 731 734 737 740 743 745 748 751 753 756 757 760 762 764 766 767 770 772 773 774 776 778 779 780 782 783 784 784 786 787
508 509 509 509 510 511 510 511 512 511 512 513 513 513 515 515 516 516 516 517 516 517 518 517 518 518 519 518 519 519 519 520 520 520 520 521 520 521 521 521 521 521 562 572 586 597 607 616 623 630 637 643 679 685 690 696 701 704 710 714 716 721 724 727 732 734 738 741 743 746 748 751 753 756 758 760 763 765 766 768 770 772 774 775 777 778 779 780 782 784 784 785 787 788
508 509 510 510 510 511 512 511 512 513 512 513 514 514 514 516 516 516 516 517 518 517 518 518 518 518 519 520 519 520 520 520 520 521 520 521 521 521 521 522 521 522 563 572 586 597 607 616 624 630 638 644 649 685 690 696 701 705 709 713 717 721 725 728 732 735 738 741 743 747 749 751 754 756 758 762 763 765 766 769 771 772 774 775 777 779 779 782 782 784 784 786 788 788
509 509 510 511 510 511 512 513 512 513 514 513 514 514 515 515 516 517 517 517 518 518 518 519 519 519 519 520 519 520 520 521 520 521 521 521 521 522 521 522 522 522 563 573 586 598 608 616 624 631 638 644 651 655 690 696 700 706 709 713 718 721 725 729 731 736 738 741 745 746 749 752 754 757 758 761 764 765 768 769 771 773 775 776 777 779 780 782 783 784 786 786 788 788
510 510 510 511 512 511 512 513 513 513 514 514 514 515 515 516 516 517 518 517 518 519 519 519 519 520 519 520 520 520 521 521 521 521 522 522 522 522 523 522 523 523 563 573 587 598 608 617 624 632 639 644 651 655 661 696 700 705 710 714 718 722 726 729 731 736 739 741 745 747 749 753 754 757 760 761 764 765 768 770 771 773 774 776 778 780 781 782 783 784 786 787 787 789
510 511 510 511 512 513 512 513 514 513 514 515 515 515 515 516 517 516 517 519 518 519 519 519 519 520 521 520 521 521 521 521 522 521 522 522 522 522 523 523 523 523 565 573 588 599 607 617 624 632 638 645 650 656 661 666 701 705 709 714 718 722 725 729 732 735 739 743 745 747 749 753 755 757 760 761 764 767 768 770 771 774 775 776 778 779 781 783 783 785 786 787 787 789
510 511 512 511 512 513 513 513 514 514 514 515 515 516 516 516 517 516 517 518 519 519 519 520 520 520 521 521 521 521 522 521 522 522 522 522 523 522 523 523 523 523 565 572 587 599 608 617 625 632 638 645 650 657 662 666 671 706 709 714 717 722 726 729 733 736 739 743 744 747 751 753 755 759 760 762 763 767 769 770 773 773 775 777 779 780 781 782 784 785 787 787 788 790
510 511 512 512 512 513 514 514 514 515 515 515 516 516 517 516 517 518 517 518 518 520 520 520 521 520 521 521 521 522 522 523 522 523 523 523 523 524 523 524 524 524 565 573 587 598 609 617 625 633 638 645 651 657 662 667 671 676 710 714 718 722 725 730 733 736 739 742 745 747 751 753 755 758 760 762 765 767 769 770 773 774 775 777 779 780 782 782 785 785 787 787 789 790
512 511 512 513 513 513 514 514 514 515 515 516 516 516 517 518 517 518 518 518 519 519 521 520 521 521 521 522 522 522 522 523 522 523 523 524 523 524 524 524 524 525 565 574 588 598 609 618 625 632 640 645 651 657 662 667 671 676 681 684 719 723 725 730 733 736 740 742 745 749 751 753 756 758 761 762 765 766 769 772 772 774 775 778 780 780 782 783 785 786 787 789 789 790
512 512 512 513 514 514 514 515 515 515 516 516 517 517 517 518 517 518 519 519 519 519 520 520 521 522 522 522 522 523 522 523 523 523 523 524 523 524 524 524 524 525 566 573 587 600 609 618 625 632 640 645 652 657 661 667 672 676 681 685 689 722 726 730 733 735 739 743 745 749 751 753 757 758 761 764 765 767 768 771 773 774 777 778 780 780 783 784 785 786 787 789 789 790
512 513 513 513 514 514 514 515 515 516 516 516 517 518 517 518 519 518 519 519 520 520 520 521 520 522 522 522 522 523 524 523 524 524 524 524 525 524 525 525 525 525 566 573 587 600 608 618 626 633 640 646 652 657 663 667 672 677 681 685 689 692 727 729 733 737 739 742 747 749 752 754 757 759 761 764 765 767 770 771 773 774 777 779 779 781 783 784 785 786 788 789 790 790
512 513 513 513 514 515 515 515 516 516 517 517 517 518 517 518 519 519 519 520 520 520 520 521 521 521 523 523 523 523 524 523 524 524 525 524 525 525 525 525 526 525 567 573 587 599 609 618 626 634 640 647 653 657 663 668 672 677 680 686 689 692 697 730 733 737 740 742 746 748 752 755 757 759 762 764 766 767 770 771 773 776 777 779 779 782 784 784 786 786 788 789 790 791
512 513 514 514 514 515 515 516 516 516 517 518 517 518 519 518 519 519 520 520 520 521 520 521 522 522 522 522 524 523 524 524 524 524 525 524 525 525 525 525 526 526 567 573 589 599 610 619 626 634 639 647 652 657 663 668 673 677 681 685 689 693 697 700 734 737 740 743 746 749 751 754 757 759 762 764 766 768 770 772 773 776 777 779 780 782 784 784 786 788 788 790 790 791
513 513 514 514 515 515 516 516 517 517 517 518 518 518 519 519 519 520 520 521 520 521 522 521 522 522 522 522 523 524 524 524 525 525 525 526 525 526 526 525 526 526 567 573 588 599 610 619 626 634 640 646 652 659 663 668 674 677 682 686 689 694 697 700 704 737 740 744 746 749 751 754 756 759 762 764 766 769 770 772 774 776 778 779 781 782 783 785 786 788 788 790 790 792
513 514 514 515 515 516 516 516 517 518 517 518 519 518 519 520 520 520 520 521 521 521 522 522 522 522 523 523 523 524 524 525 525 526 525 526 526 526 526 527 526 527 568 572 588 600 610 618 627 633 641 647 652 659 664 669 673 677 682 686 689 694 698 700 704 708 710 744 746 748 752 754 756 760 761 765 767 769 771 772 775 776 778 778 781 783 783 785 786 788 789 789 792 792
514 514 515 515 515 516 517 517 517 518 518 518 519 519 519 520 520 520 521 521 522 521 522 522 522 523 523 524 523 524 524 524 525 526 525 526 526 526 526 527 526 527 568 574 588 600 610 618 627 633 641 647 652 658 664 669 673 678 682 686 691 694 697 702 704 708 711 714 747 749 752 755 757 760 761 763 767 769 771 773 775 777 778 780 781 783 783 786 787 788 789 789 792 792
514 515 515 516 516 516 517 517 517 518 519 518 519 520 520 520 520 521 521 521 522 522 522 523 523 523 523 524 523 524 524 525 524 526 526 526 526 527 526 527 527 527 568 573 587 600 610 619 627 634 641 647 654 658 664 669 673 679 683 686 691 694 697 702 704 707 712 714 716 749 752 755 757 760 762 764 767 768 770 774 775 777 777 780 782 783 784 786 787 788 789 791 792 793
514 515 515 516 516 516 517 518 517 518 519 519 519 520 520 520 521 521 522 521 522 523 522 523 523 524 523 524 524 524 525 525 525 525 527 527 527 527 528 527 527 528 568 573 588 600 610 620 627 634 642 647 654 659 664 669 673 678 683 686 691 695 698 702 705 708 711 713 717 720 752 755 758 760 762 764 766 769 771 773 774 777 779 780 782 783 785 787 787 789 790 791 791 793
515 515 515 516 517 517 517 518 519 518 519 520 519 520 520 521 521 521 522 523 522 523 523 523 523 524 524 524 525 525 525 525 526 525 526 526 527 527 528 527 528 528 569 573 588 600 610 620 626 635 641 647 654 659 664 669 674 678 683 688 691 694 699 702 705 708 711 714 717 720 723 755 758 759 763 765 766 769 771 773 775 775 778 780 782 783 785 787 787 788 790 791 792 793
515 516 516 516 517 518 517 518 519 518 519 520 520 520 521 521 522 521 522 523 522 523 523 524 524 524 525 524 525 525 525 525 526 526 526 526 527 527 528 528 528 528 570 572 588 600 609 619 627 635 641 648 653 659 665 669 675 679 682 688 691 694 699 701 705 709 711 714 717 720 723 725 728 760 763 765 766 768 772 773 775 776 778 780 781 784 785 786 788 789 791 791 792 792
515 516 517 516 517 518 518 518 519 520 519 520 520 521 521 521 522 522 522 523 523 523 524 524 524 524 525 525 525 525 526 525 526 526 526 526 527 526 527 528 528 528 570 573 588 600 611 619 627 634 641 648 653 659 665 669 675 679 682 687 691 695 699 702 706 709 711 715 718 720 724 726 728 730 763 765 767 769 771 772 774 777 778 780 781 783 785 786 788 789 791 791 792 793
515 516 517 517 517 518 519 518 519 520 520 520 521 521 521 521 522 523 522 523 523 523 524 524 525 524 525 525 525 526 526 527 526 527 527 527 527 528 527 528 529 528 570 572 588 600 611 619 628 635 641 648 654 660 665 670 674 679 684 687 691 695 699 702 706 709 712 715 718 721 723 726 728 731 734 765 767 769 771 773 775 777 778 780 783 783 785 785 788 789 791 792 792 794
