testData/tiles/oneDegree/grid27.0-47.0-28.0-48.0.asc
ncols   200
nrows   200
xllcorner   27.0
yllcorner   47.0
cellsize   0.005
NODATA_value   -9999.0
[rows 0 to 41 of 200, columns 94 to 187 of 200]
462 462 463 464 464 464 465 464 465 533 533 534 535 534 535 535 536 536 536 537 537 537 537 537 538 538 538 539 538 539 539 540 540 539 541 542 541 542 542 542 542 543 541 543 544 543 543 544 544 544 544 543 545 545 544 544 545 545 544 545 544 545 545 546 545 546 548 547 547 549 548 550 550 549 550 550 551 551 551 552 553 552 553 553 553 554 553 554 554 554 555 554 554 555
462 462 463 463 463 463 464 464 465 533 533 534 534 533 534 535 535 535 536 537 536 536 537 537 537 538 538 537 538 539 539 540 539 540 541 540 541 541 542 542 542 542 541 543 544 542 543 544 544 543 544 543 545 544 544 544 544 545 544 545 544 545 546 545 546 547 548 547 548 548 549 550 550 549 552 551 550 551 551 553 552 553 553 553 554 553 554 554 555 554 555 555 554 556
460 460 461 462 462 463 464 464 532 533 533 532 533 533 534 535 534 535 536 536 535 536 537 537 537 537 537 537 538 539 539 539 539 540 541 540 540 541 542 542 541 542 542 543 543 542 543 544 543 543 544 544 544 544 544 543 544 544 544 544 545 546 545 547 546 547 548 548 548 549 549 550 550 550 551 552 551 551 552 552 553 553 553 554 555 554 554 554 555 556 555 556 554 556
459 460 461 462 462 463 464 464 531 532 531 532 533 533 534 534 534 535 535 534 535 536 537 536 536 537 536 537 539 538 538 539 538 540 541 539 540 541 541 541 541 542 542 542 542 542 544 543 543 543 544 543 544 544 544 544 544 544 543 544 546 545 546 547 546 547 549 547 549 550 549 550 551 549 552 552 552 552 554 553 553 553 554 555 554 555 554 555 556 555 556 555 556 557
459 460 461 461 462 462 463 530 530 531 531 532 533 532 533 534 533 534 534 534 535 536 535 535 536 537 536 537 539 537 538 539 538 540 540 539 540 541 540 541 541 541 542 542 542 542 543 543 543 543 543 543 544 544 542 544 544 543 543 545 544 546 546 548 547 548 549 548 549 551 549 551 550 551 552 552 552 553 553 554 554 553 555 554 555 556 555 556 556 556 556 556 557 557
458 459 460 460 461 462 461 529 530 531 531 531 532 532 533 533 533 533 534 534 535 536 534 535 536 536 536 537 538 537 538 539 539 539 539 539 540 540 540 540 541 542 541 542 542 542 542 543 542 542 543 543 543 543 542 544 543 543 544 546 545 546 547 547 548 548 549 548 551 550 550 551 551 552 553 552 553 552 554 554 554 554 554 555 555 556 555 557 556 557 556 557 557 557
458 459 460 459 460 461 528 529 529 529 530 531 532 531 532 533 532 533 534 534 534 534 534 535 536 535 535 537 537 537 538 538 538 539 539 539 540 540 540 540 541 541 541 542 541 542 542 543 542 542 543 543 542 543 543 544 543 544 544 546 545 547 546 547 548 548 549 549 550 551 550 551 551 553 552 553 552 554 554 554 554 555 555 556 555 556 557 556 558 556 557 558 557 558
457 457 458 458 459 460 527 528 529 529 530 531 531 531 531 532 532 533 534 532 533 534 534 535 535 534 535 536 536 537 538 537 538 538 539 538 539 540 540 540 540 540 541 542 540 542 542 542 541 542 543 542 542 543 543 543 544 544 544 546 546 547 547 548 548 549 549 549 551 551 550 551 553 552 553 553 553 554 554 554 555 555 556 556 556 556 556 557 558 557 557 558 558 557
456 457 458 458 459 527 527 528 529 529 529 529 529 530 531 532 532 533 532 532 533 534 534 534 534 534 535 536 536 537 536 537 538 538 538 538 539 540 539 539 541 540 541 540 540 542 542 541 541 543 542 542 542 543 542 544 544 544 545 547 546 547 548 548 549 549 550 550 552 551 551 552 553 553 553 553 553 555 554 555 554 556 556 556 556 556 557 557 558 557 558 558 559 558
455 456 457 457 458 526 526 527 527 527 528 529 529 530 531 531 530 531 532 532 533 533 533 533 534 534 534 536 535 535 536 537 537 537 537 537 539 540 538 539 541 540 540 540 540 541 541 541 541 543 541 542 542 542 543 544 544 544 546 548 546 548 548 548 549 550 549 551 552 551 551 553 553 553 553 553 555 554 555 555 555 556 556 556 557 557 558 557 557 558 558 559 558 559
454 456 456 457 458 526 525 526 527 527 528 529 529 529 530 529 530 531 531 532 532 533 532 533 533 533 535 535 534 535 536 537 536 537 537 538 539 538 538 539 540 539 540 540 541 540 541 540 541 541 541 542 541 543 543 545 544 545 547 547 547 547 549 548 550 549 550 551 551 551 552 553 553 553 554 554 555 555 555 555 556 556 556 557 556 558 557 558 558 557 559 557 559 559
454 455 455 456 523 523 524 525 526 526 527 528 528 528 529 529 530 531 530 531 531 531 532 532 533 533 534 534 534 535 536 535 536 537 536 538 538 537 538 540 539 539 539 540 540 540 541 540 541 541 541 540 542 542 544 543 544 546 546 547 547 547 549 549 549 550 551 551 551 552 551 554 553 553 554 554 555 556 555 556 557 556 557 556 557 558 558 558 558 559 559 558 559 559
453 453 453 455 523 523 524 525 525 526 527 528 527 528 528 528 529 530 530 530 531 530 531 532 532 532 533 534 534 535 535 535 536 536 536 537 537 537 538 538 538 539 539 539 539 540 541 539 541 541 541 541 542 543 543 544 544 545 547 546 547 547 550 548 550 550 550 551 552 551 552 554 553 553 555 554 555 555 556 556 557 557 556 557 558 558 558 558 558 560 559 559 559 560
451 453 453 521 522 522 523 524 524 525 525 525 526 527 528 528 529 530 529 529 530 530 531 532 531 531 533 533 534 533 535 535 535 536 536 537 537 537 536 538 538 538 538 539 539 540 539 539 540 541 541 541 544 542 544 544 545 546 547 547 547 549 550 549 550 551 550 552 552 552 553 553 553 554 554 555 555 556 555 557 557 558 557 558 558 558 559 558 560 559 560 558 560 561
451 451 452 520 521 521 523 524 523 524 525 525 526 527 527 527 528 528 528 529 530 530 531 530 530 532 533 532 532 533 534 534 535 535 536 536 537 536 536 538 538 538 538 538 539 539 538 539 540 541 540 542 542 543 544 545 544 546 548 546 548 549 548 549 550 550 551 552 552 552 554 553 554 553 555 555 555 556 555 556 558 556 558 557 559 559 558 559 558 560 560 559 560 561
450 450 518 520 520 521 522 522 522 523 524 524 525 526 526 526 527 527 528 529 529 529 529 530 530 532 532 531 532 534 533 534 534 534 535 536 537 535 537 538 537 537 538 538 539 538 538 540 540 540 541 542 543 543 544 544 545 547 546 547 547 549 548 550 549 551 551 552 552 552 553 554 554 554 555 555 555 557 555 557 557 557 557 559 558 558 559 559 559 560 560 559 561 561
449 449 518 519 519 519 520 520 521 522 524 524 525 526 524 525 526 526 527 528 527 528 529 530 529 531 531 531 532 533 533 533 534 533 535 536 534 535 537 537 536 537 537 538 537 538 538 539 540 540 541 542 542 544 543 545 545 546 547 547 548 549 549 549 550 551 551 551 552 552 554 554 554 554 555 555 556 556 557 557 558 557 557 559 558 558 560 560 560 560 560 560 561 562
448 515 516 517 517 518 519 520 521 522 522 523 523 524 524 525 526 526 527 527 526 527 528 528 529 530 531 530 531 533 532 532 533 534 535 534 534 535 536 535 536 536 538 537 537 538 536 539 541 540 541 542 543 542 544 544 546 547 547 548 548 550 549 549 550 550 551 552 551 553 554 553 553 555 555 556 555 556 557 557 558 557 557 560 558 559 559 560 560 561 561 559 562 561
445 514 515 516 516 518 519 519 520 521 521 521 522 522 523 524 525 525 525 526 526 527 528 528 528 529 529 530 531 532 531 532 533 534 533 534 534 534 535 535 535 536 536 536 537 538 537 540 540 540 541 543 543 543 544 545 545 546 548 546 549 549 549 549 552 550 552 552 552 553 553 553 554 555 555 556 556 556 557 557 558 557 559 559 559 558 560 560 560 561 560 561 560 562
511 513 514 514 515 517 518 518 519 519 519 521 522 522 523 524 524 524 525 526 525 526 527 526 528 529 529 529 530 530 531 532 532 532 533 534 533 534 535 534 535 535 535 536 537 536 538 540 540 540 541 543 542 543 545 544 546 546 546 547 549 549 549 550 551 551 552 552 551 554 553 554 553 556 555 555 556 555 557 558 557 558 558 559 559 559 559 560 560 560 560 562 561 561
510 512 513 513 515 516 516 516 517 519 519 520 521 521 522 522 522 523 524 524 525 526 526 526 527 528 528 528 530 530 530 531 530 532 532 533 532 534 534 534 534 534 535 536 536 536 539 539 540 540 542 543 542 544 543 545 545 546 546 548 548 548 549 549 551 551 551 552 553 553 554 553 554 555 555 555 557 556 557 557 558 558 559 559 559 559 560 560 561 560 561 561 562 561
509 510 512 512 514 514 514 515 517 517 518 519 520 520 520 521 521 522 523 523 523 524 524 525 527 528 527 527 529 529 530 530 531 531 532 531 532 533 534 533 533 535 535 535 536 537 538 539 539 540 542 542 543 542 544 545 546 546 546 549 548 549 548 550 550 551 551 553 552 554 554 553 555 555 555 556 555 557 556 558 557 558 559 559 558 560 560 561 560 561 560 562 561 561
508 509 511 510 511 513 513 514 516 516 517 518 517 518 520 521 521 522 523 522 523 524 523 525 526 525 526 527 529 529 528 529 530 531 531 530 531 533 532 532 533 535 533 535 537 536 538 539 539 539 541 542 543 543 545 545 545 546 547 547 549 548 549 550 551 550 552 550 553 553 554 553 556 555 555 556 556 558 557 558 557 559 560 558 559 559 561 559 561 561 561 562 562 561
506 507 508 509 510 512 512 513 515 515 516 516 516 518 519 519 520 521 521 521 522 523 523 525 525 525 525 526 527 527 528 529 530 529 530 530 532 531 531 532 533 532 534 536 536 537 538 539 538 539 542 542 542 543 544 544 546 546 546 548 549 548 549 551 550 551 552 552 553 553 553 554 554 556 555 556 558 556 558 557 558 559 559 559 559 561 560 560 561 561 561 562 562 561
504 506 506 508 509 510 511 512 513 513 514 515 516 517 518 518 519 519 519 520 521 522 522 523 524 524 525 527 526 526 527 527 528 529 530 529 531 531 531 531 532 533 533 535 535 537 538 539 538 540 542 541 542 543 543 545 545 545 546 548 548 548 549 550 550 551 551 552 553 553 553 553 555 556 555 556 557 557 558 558 557 559 559 559 559 561 560 561 560 560 561 561 563 561
503 504 505 506 508 508 510 510 511 512 513 513 515 516 517 516 517 518 518 519 520 519 520 522 523 523 524 525 525 526 527 526 527 528 528 529 530 530 530 531 533 532 534 534 534 537 538 537 538 541 540 541 543 542 544 544 545 544 547 547 547 549 548 551 550 551 551 553 552 554 552 554 556 554 556 556 557 557 557 558 558 559 560 558 560 560 560 560 561 562 562 562 561 562
502 502 503 505 507 507 508 509 509 511 512 512 514 515 514 515 516 517 518 519 519 519 520 522 522 523 523 524 524 525 525 526 527 528 527 527 529 529 530 530 532 533 534 534 534 537 537 537 539 539 540 541 542 544 543 545 545 545 547 547 548 548 550 549 550 550 552 551 553 553 553 554 555 555 556 556 556 557 557 558 558 559 559 559 559 561 560 561 561 561 562 562 561 562
503 502 502 502 503 505 506 508 508 510 511 511 511 513 513 514 515 515 517 517 518 518 520 521 521 521 522 523 524 524 524 525 526 527 526 527 528 528 528 530 532 532 533 534 535 535 537 538 538 540 539 541 541 542 544 544 545 545 546 547 547 548 549 550 550 551 551 552 552 553 552 555 555 555 555 557 557 557 558 556 559 558 559 559 560 561 560 560 561 561 561 562 562 562
503 502 502 502 502 503 505 505 507 508 509 509 510 512 512 513 514 514 515 516 516 517 519 519 519 520 521 522 522 523 523 525 526 525 525 527 528 527 528 529 531 532 533 533 534 536 536 537 538 539 540 540 541 543 543 544 544 545 546 547 546 548 550 549 550 551 551 552 552 552 553 554 555 555 555 557 556 557 557 557 559 559 558 559 560 559 560 560 562 562 561 563 561 563
503 503 503 502 502 502 503 504 505 506 506 508 509 509 511 512 513 512 514 515 515 516 517 517 518 519 521 520 521 522 522 524 524 524 525 526 526 527 528 530 529 531 533 533 534 535 536 537 538 540 539 540 541 541 543 544 543 545 546 545 547 548 549 549 550 550 551 551 552 552 553 554 555 554 556 556 557 557 557 558 558 559 558 558 561 559 561 560 561 561 562 561 562 562
504 504 504 503 503 503 502 502 503 504 505 506 508 508 510 510 510 511 513 514 514 514 516 516 517 518 518 519 520 521 521 522 523 523 524 525 525 526 528 529 530 531 532 532 534 536 534 536 539 537 539 540 541 541 543 544 543 545 546 546 546 548 548 549 549 550 551 551 552 551 553 554 553 555 554 556 556 557 557 558 558 559 558 560 560 560 559 561 560 561 561 561 562 563
505 505 505 504 504 504 502 502 502 502 503 505 506 507 507 509 509 510 511 512 512 513 515 515 516 516 517 518 519 519 520 521 522 522 522 524 525 526 527 528 529 531 531 533 534 534 535 535 538 538 539 540 540 541 542 543 543 545 546 545 547 547 548 548 549 550 550 552 552 552 553 554 554 555 556 555 556 556 556 557 559 558 558 559 560 559 560 560 561 561 561 561 562 562
506 506 505 505 504 504 503 503 503 502 502 503 504 504 506 507 508 509 510 509 511 513 513 514 514 515 517 518 519 518 520 521 520 520 521 524 524 525 526 528 529 529 530 532 534 534 534 536 537 537 539 539 540 541 542 541 544 544 545 546 545 548 547 548 550 549 551 551 551 551 553 553 554 554 556 555 556 557 555 558 557 558 557 559 560 559 560 561 560 561 561 560 562 562
507 507 505 505 505 504 504 504 504 503 503 502 501 503 504 505 506 508 508 508 509 512 512 512 513 513 515 517 517 517 519 520 519 520 522 522 523 524 526 527 528 530 529 532 532 533 534 535 536 537 537 539 540 540 541 542 543 544 545 544 546 547 547 549 549 550 550 551 550 552 552 553 552 554 556 555 556 556 557 556 558 557 558 559 559 559 559 561 560 560 562 560 563 562
507 506 506 506 506 505 505 505 504 504 503 503 502 502 503 503 505 505 506 507 508 510 510 511 512 513 514 515 515 516 518 519 518 519 522 522 522 524 524 526 527 529 530 530 532 532 533 536 535 536 537 537 540 540 541 540 543 544 543 545 546 546 546 548 549 549 550 550 551 551 553 551 553 554 554 555 555 556 557 557 558 557 557 559 558 559 559 560 560 561 560 562 561 563
508 507 507 507 506 506 506 506 504 504 504 503 503 503 503 501 502 504 504 505 507 507 508 510 511 512 512 513 514 515 517 516 517 519 521 521 522 524 524 525 527 527 528 531 532 531 532 535 536 535 537 538 538 540 540 541 542 544 543 544 546 545 547 547 547 550 549 551 549 552 552 552 552 554 554 555 555 555 556 557 557 557 558 558 559 558 560 559 560 560 560 560 562 561
509 508 508 508 507 507 506 505 505 505 505 504 504 504 502 502 502 502 502 504 504 506 507 508 509 510 511 512 512 514 515 515 516 518 519 520 522 523 524 525 526 526 528 530 531 531 532 535 534 536 536 537 538 540 539 540 543 541 543 545 545 546 545 547 548 548 550 549 550 551 552 551 552 553 554 554 555 554 556 557 556 557 558 559 557 559 558 560 559 560 559 561 561 561
452 452 509 509 507 507 507 506 506 506 505 505 505 504 503 503 503 502 502 501 504 504 506 507 506 508 510 510 511 512 513 514 516 516 518 520 521 521 523 525 525 525 528 530 529 531 532 532 534 535 536 536 538 539 539 541 541 542 542 543 545 545 546 546 547 548 549 549 549 551 550 552 551 554 553 554 554 555 556 556 556 556 558 557 558 557 560 559 560 560 559 562 561 561
453 453 452 508 508 508 508 507 507 507 506 505 505 504 504 504 504 503 502 502 502 502 504 504 505 507 508 509 509 511 511 513 513 517 517 519 520 520 523 524 523 525 527 528 529 530 531 532 533 534 534 537 536 538 539 540 541 541 542 542 544 545 545 545 546 548 549 548 551 550 551 550 552 551 553 554 554 555 555 556 555 556 558 557 558 558 558 559 560 560 561 560 562 560
453 453 453 452 452 509 508 508 508 508 506 506 506 505 505 505 503 503 503 503 503 503 502 502 503 505 507 506 507 510 510 511 513 514 516 516 519 520 522 523 522 524 526 526 528 530 531 532 532 533 534 536 537 536 538 540 541 540 541 543 542 544 545 544 547 546 547 549 549 551 549 551 551 552 552 553 553 554 555 555 555 557 557 557 557 557 558 558 559 559 559 561 561 561
454 454 453 453 453 453 509 509 508 507 507 507 507 506 506 505 504 504 504 503 504 503 503 502 503 504 503 505 506 508 508 510 512 514 514 516 516 519 520 521 522 522 525 526 527 528 530 531 532 532 533 535 536 537 536 539 540 539 541 542 542 544 544 544 546 547 546 547 549 549 550 550 552 551 552 553 553 554 555 554 555 556 556 556 557 558 557 559 559 559 560 560 560 560
455 455 454 454 454 453 453 452 509 508 508 508 507 507 506 506 505 505 505 504 504 504 503 503 504 503 502 503 504 505 507 509 510 512 514 515 516 517 519 520 521 522 525 525 526 527 529 530 531 531 532 534 536 535 536 538 538 540 540 541 542 542 544 544 545 546 546 546 549 548 549 550 550 552 551 553 552 554 554 554 554 556 556 556 557 556 558 558 559 558 560 560 559 560
