testData/tiles/oneDegree/grid2.0-37.0-3.0-38.0.asc
ncols   200
nrows   200
xllcorner   2.0
yllcorner   37.0
cellsize   0.005
NODATA_value   -9999.0
[rows 0 to 43 of 200, columns 0 to 95 of 200]
206 206 206 206 206 206 206 206 206 206 206 206 206 206 206 206 206 206 206 206 206 206 206 206 206 206 206 206 206 206 185 185 185 185 185 185 185 185 185 185 185 185 185 185 185 185 185 270 270 270 270 270 270 270 270 270 270 270 270 270 270 270 270 270 270 271 420 421 421 422 422 423 423 424 424 425 425 426 426 428 433 438 443 446 451 454 459 462 465 468 471 474 477 479 482 484
206 206 206 206 206 206 206 206 206 206 206 206 206 206 206 206 206 206 206 206 206 206 206 206 206 206 206 206 206 185 185 185 185 185 185 185 185 185 185 185 185 185 185 185 185 185 185 270 270 270 270 270 270 270 270 270 270 270 270 270 270 270 270 270 270 270 419 419 419 419 419 419 419 419 420 420 421 421 422 425 429 435 439 444 447 452 455 459 462 464 468 470 474 476 479 481
206 206 206 206 206 206 206 206 206 206 206 206 206 206 206 206 206 206 206 206 206 206 206 206 206 206 206 206 206 185 185 185 185 185 185 185 185 185 185 185 185 185 185 185 185 185 185 185 270 270 270 270 270 270 270 270 270 270 270 270 270 270 270 270 270 270 419 419 419 419 419 419 419 419 419 419 419 419 419 423 428 432 436 440 444 448 452 455 458 461 464 467 469 473 475 476
206 206 206 206 206 206 206 206 206 206 206 206 206 206 206 206 206 206 206 206 206 206 206 206 206 206 206 206 185 185 185 185 185 185 185 185 185 185 185 185 185 185 185 185 185 185 185 185 270 270 270 270 270 270 270 270 270 270 270 270 270 270 270 270 270 270 419 419 419 419 419 419 419 419 419 419 419 419 420 424 429 433 437 441 444 448 451 454 457 459 462 464 466 469 471 473
98 98 98 206 206 206 206 206 206 206 206 206 206 206 206 206 206 206 206 206 206 206 206 206 206 206 206 206 185 185 185 185 185 185 185 185 185 185 185 185 185 185 185 185 185 185 185 185 270 270 270 270 270 270 270 270 270 270 270 270 270 270 270 270 270 419 419 419 419 419 419 419 419 419 419 419 419 419 421 425 430 434 438 442 445 449 452 455 458 460 463 465 467 469 471 473
98 98 98 98 98 98 98 98 98 98 98 98 206 206 206 206 206 206 206 206 206 206 206 206 206 206 206 185 185 185 185 185 185 185 185 185 185 185 185 185 185 185 185 185 185 185 185 185 185 270 270 270 270 270 270 270 270 270 270 270 270 270 270 270 270 419 419 419 419 419 419 419 419 419 419 419 419 419 422 427 431 435 439 443 446 450 453 456 458 461 464 466 468 470 472 474
98 98 98 98 98 98 98 98 98 98 98 98 98 98 98 98 98 98 98 98 206 206 206 206 206 206 185 185 185 185 185 185 185 185 185 185 185 185 185 185 185 185 185 185 185 185 185 185 185 270 270 270 270 270 270 270 270 270 270 270 270 270 270 270 270 419 419 419 419 419 419 419 419 419 419 419 419 419 423 428 432 436 440 444 447 451 454 457 459 462 465 467 469 471 473 475
98 98 98 98 98 98 98 98 98 98 98 98 98 98 98 98 98 98 98 98 98 98 98 98 98 98 77 77 77 185 185 185 185 185 185 185 185 185 185 185 185 185 185 185 185 185 185 185 185 185 270 270 270 270 270 270 270 270 270 270 270 270 270 270 270 419 419 419 419 419 419 419 419 419 419 419 419 419 424 429 433 437 441 445 448 452 455 458 460 463 465 468 470 472 474 476
98 98 98 98 98 98 98 98 98 98 98 98 98 98 98 98 98 98 98 98 98 98 98 98 98 77 77 77 77 77 77 77 77 77 77 77 77 77 77 185 185 185 185 185 185 185 185 185 185 185 270 270 270 270 270 270 270 270 270 270 270 270 270 270 270 419 419 419 419 419 419 419 419 419 419 419 419 421 425 430 434 438 442 446 449 453 456 459 461 464 466 469 471 473 475 477
98 98 98 98 98 98 98 98 98 98 98 98 98 98 98 98 98 98 98 98 98 98 98 98 98 77 77 77 77 77 77 77 77 77 77 77 77 77 77 77 77 77 77 77 77 77 77 77 77 185 185 270 270 270 270 270 270 270 270 270 270 270 270 270 419 419 419 419 419 419 419 419 419 419 419 419 419 422 427 431 435 439 443 447 450 453 457 459 462 465 467 470 472 474 476 478
98 98 98 98 98 98 98 98 98 98 98 98 98 98 98 98 98 98 98 98 98 98 98 98 77 77 77 77 77 77 77 77 77 77 77 77 77 77 77 77 77 77 77 77 77 77 77 77 77 77 77 162 162 162 162 162 162 162 162 162 270 270 270 270 419 419 419 419 419 419 419 419 419 419 419 419 419 423 428 432 436 440 444 448 451 454 457 460 463 466 468 470 473 475 477 478
98 98 98 98 98 98 98 98 98 98 98 98 98 98 98 98 98 98 98 98 98 98 98 77 77 77 77 77 77 77 77 77 77 77 77 77 77 77 77 77 77 77 77 77 77 77 77 77 77 77 77 162 162 162 162 162 162 162 162 162 162 162 162 162 311 311 311 311 311 311 311 311 419 419 419 419 419 424 429 433 437 441 445 449 452 455 458 461 464 467 469 471 473 476 477 479
98 98 98 98 98 98 98 98 98 98 98 98 98 98 98 98 98 98 98 98 98 98 98 77 77 77 77 77 77 77 77 77 77 77 77 77 77 77 77 77 77 77 77 77 77 77 77 77 77 77 77 77 162 162 162 162 162 162 162 162 162 162 162 162 311 311 311 311 311 311 311 311 311 311 311 311 312 317 322 326 330 334 338 342 453 456 459 462 465 467 470 472 474 476 478 480
98 98 98 98 98 98 98 98 98 98 98 98 98 98 98 98 98 98 98 98 98 98 77 77 77 77 77 77 77 77 77 77 77 77 77 77 77 77 77 77 77 77 77 77 77 77 77 77 77 77 77 77 162 162 162 162 162 162 162 162 162 162 162 162 311 311 311 311 311 311 311 311 311 311 311 311 313 318 323 327 331 335 339 343 346 349 352 355 358 360 363 365 367 369 371 373
98 98 98 98 98 98 98 98 98 98 98 98 98 98 98 98 98 98 98 98 98 77 77 77 77 77 77 77 77 77 77 77 77 77 77 77 77 77 77 77 77 77 77 77 77 77 77 77 77 77 77 77 77 162 162 162 162 162 162 162 162 162 162 162 311 311 311 311 311 311 311 311 311 311 311 311 314 319 324 328 332 336 340 344 347 350 353 356 359 361 364 366 368 370 372 374
98 98 98 98 98 98 98 98 98 98 98 98 98 98 98 98 98 98 98 98 98 77 77 77 77 77 77 77 77 77 77 77 77 77 77 77 77 77 77 77 77 77 77 77 77 77 77 77 77 77 77 77 77 162 162 162 162 162 162 162 162 162 162 162 311 311 311 311 311 311 311 311 311 311 311 311 316 320 325 329 333 337 341 345 348 351 354 357 359 362 364 367 369 371 373 374
98 98 98 98 98 98 98 98 98 98 98 98 98 98 98 98 98 98 98 98 77 77 77 77 77 77 77 77 77 77 77 77 77 77 77 77 77 77 77 77 77 77 77 77 77 77 77 77 77 77 77 77 77 77 162 162 162 162 162 162 162 162 162 311 311 311 311 311 311 311 311 311 311 311 311 312 317 321 326 330 334 338 342 345 349 352 355 358 360 363 365 368 370 372 374 375
98 98 98 98 98 98 98 98 98 98 98 98 98 98 98 98 98 98 98 77 77 77 77 77 77 77 77 77 77 77 77 77 77 77 77 77 77 77 77 77 77 77 77 77 77 77 77 77 77 77 77 77 77 77 162 162 162 162 162 162 162 162 162 311 311 311 311 311 311 311 311 311 311 311 311 313 318 323 327 331 335 339 343 346 350 353 356 359 361 364 366 368 370 372 374 376
98 98 98 98 98 98 98 98 98 98 98 98 98 98 98 98 98 98 98 77 77 77 77 77 77 77 77 77 77 77 77 77 77 77 77 77 77 77 77 77 77 77 77 77 77 77 77 77 77 77 77 77 77 77 162 162 162 162 162 162 162 162 162 311 311 311 311 311 311 311 311 311 311 311 311 314 319 324 328 332 336 340 344 347 351 354 357 359 362 365 367 369 371 373 375 377
98 98 98 98 98 98 98 98 98 98 98 98 98 98 98 98 98 98 77 77 77 77 77 77 77 77 77 77 77 77 77 77 77 77 77 77 77 77 77 77 77 77 77 77 77 77 77 77 77 77 77 77 77 77 77 162 162 162 162 162 162 162 162 311 311 311 311 311 311 311 311 311 311 311 311 315 320 325 329 333 337 341 345 348 351 355 357 360 363 365 368 370 372 374 376 378
98 98 98 98 98 98 98 98 98 98 98 98 98 98 98 98 98 77 77 77 77 77 77 77 77 77 77 77 77 77 77 77 77 77 77 77 77 77 77 77 77 77 77 77 77 77 77 77 77 77 77 77 77 77 77 162 162 162 162 162 162 162 162 311 311 311 311 311 311 311 311 311 311 311 311 316 321 326 330 334 338 342 346 349 352 355 358 361 364 366 369 371 373 375 377 378
98 98 98 98 98 98 98 98 98 98 98 98 98 98 98 98 98 77 77 77 77 77 77 77 77 77 77 77 77 77 77 77 77 77 77 77 77 77 77 77 77 77 77 77 77 77 77 77 77 77 77 77 77 77 77 77 162 162 162 162 162 162 162 311 311 311 311 311 311 311 311 311 311 311 312 317 322 327 331 335 339 343 347 350 353 356 359 362 365 367 369 372 374 376 377 379
98 98 98 98 98 98 98 98 98 98 98 98 98 98 98 98 77 77 77 77 77 77 77 77 77 77 77 77 77 77 77 77 77 77 77 77 77 77 77 77 77 77 77 77 77 77 77 77 77 77 77 77 77 77 77 77 162 162 162 162 162 162 311 311 311 311 311 311 311 311 311 311 311 311 313 318 323 328 332 336 340 344 347 351 354 357 360 363 365 368 370 372 374 376 378 380
98 98 98 98 98 98 98 98 98 98 98 98 98 98 98 77 77 77 77 77 77 77 77 77 77 77 77 77 77 77 77 77 77 77 77 77 77 77 77 77 77 77 77 77 77 77 77 77 77 77 77 77 77 77 77 77 77 162 162 162 162 162 311 311 311 311 311 311 311 311 311 311 311 311 314 319 324 329 333 337 341 345 348 352 355 358 361 364 366 369 371 373 375 377 379 381
98 98 98 98 98 98 98 98 98 98 98 98 98 98 98 77 77 77 77 77 77 77 77 77 77 77 77 77 77 77 77 77 77 77 77 77 77 77 77 77 77 77 77 77 77 77 77 77 77 77 77 77 77 77 77 77 77 162 162 162 162 162 311 311 311 311 311 311 311 311 311 311 311 311 315 320 325 330 334 338 342 346 349 353 356 359 362 364 367 369 372 374 376 378 380 381
98 98 98 98 98 98 98 98 98 98 98 98 98 98 77 77 77 77 77 77 77 77 77 77 77 77 77 77 77 77 77 77 77 77 77 77 77 77 77 77 77 77 77 77 77 77 77 77 77 77 77 77 77 77 77 77 77 77 162 162 162 162 311 311 311 311 311 311 311 311 311 311 311 311 316 321 326 331 335 339 343 347 350 353 357 360 362 365 368 370 372 375 377 379 380 382
98 98 98 98 98 98 98 98 98 98 98 98 98 77 77 77 77 77 77 77 77 77 77 77 77 77 77 77 77 77 77 77 77 77 77 77 77 77 77 77 77 77 77 77 77 77 77 77 77 77 77 77 77 77 77 77 77 77 162 162 162 162 311 311 311 311 311 311 311 311 311 311 311 312 317 322 327 331 336 340 344 347 351 354 357 360 363 366 368 371 373 375 377 379 381 383
98 98 98 98 98 98 98 98 98 98 98 98 98 77 77 77 77 77 77 77 77 77 77 77 77 77 77 77 77 77 77 77 77 77 77 77 77 77 77 77 77 77 77 77 77 77 77 77 77 77 77 77 77 77 77 77 77 77 77 162 162 162 311 311 311 311 311 311 311 311 311 311 311 313 318 323 328 332 337 341 345 348 352 355 358 361 364 367 369 372 374 376 378 380 382 384
98 98 98 98 98 98 98 98 98 98 98 98 77 77 77 77 77 77 77 77 77 77 77 77 77 77 77 77 77 77 77 77 77 77 77 77 77 77 77 77 77 77 77 77 77 77 77 77 77 77 77 77 77 77 77 77 77 77 77 162 162 162 311 311 311 311 311 311 311 311 311 311 311 314 319 324 329 333 338 342 346 349 353 356 359 362 365 367 370 372 375 377 379 381 383 384
98 98 98 98 98 98 98 98 98 98 98 77 77 77 77 77 77 77 77 77 77 77 77 77 77 77 77 77 77 77 77 77 77 77 77 77 77 77 77 77 77 77 77 77 77 77 77 77 77 77 77 77 77 77 77 77 77 77 77 162 162 311 311 311 311 311 311 311 311 311 311 311 311 315 320 325 330 334 339 343 346 350 353 357 360 363 366 368 371 373 375 378 380 382 383 385
98 98 98 98 98 98 98 98 98 98 98 77 77 77 77 77 77 77 77 77 77 77 77 77 77 77 77 77 77 77 77 77 77 77 77 77 77 77 77 77 77 77 77 77 77 77 77 77 77 77 77 77 77 77 77 77 77 77 77 77 162 311 311 311 311 311 311 311 311 311 311 311 311 316 321 326 331 335 339 343 347 351 354 358 361 364 366 369 372 374 376 378 380 382 384 386
98 98 98 98 98 98 98 98 98 98 77 77 77 77 77 77 77 77 77 77 77 77 77 77 77 77 77 77 77 77 77 77 77 77 77 77 77 77 77 77 77 77 77 77 77 77 77 77 77 77 77 77 77 77 77 77 77 77 77 77 162 311 311 311 311 311 311 311 311 311 311 311 311 317 322 327 332 336 340 344 348 352 355 358 361 364 367 370 372 375 377 379 381 383 385 386
98 98 98 98 98 98 98 98 98 77 77 77 77 77 77 77 77 77 77 77 77 77 77 77 77 77 77 77 77 77 77 77 77 77 77 77 77 77 77 77 77 77 77 77 77 77 77 77 77 77 77 77 77 77 77 77 77 77 77 77 77 311 311 311 311 311 311 311 311 311 311 311 312 318 323 328 333 337 341 345 349 352 356 359 362 365 368 371 373 375 378 380 382 384 385 387
98 98 98 98 98 98 98 98 77 77 77 77 77 77 77 77 77 77 77 77 77 77 77 77 77 77 77 77 77 77 77 77 77 77 77 77 77 77 77 77 77 77 77 77 77 77 77 77 77 77 77 77 77 77 77 77 77 77 77 77 77 311 311 311 311 311 311 311 311 311 311 311 313 319 324 329 333 338 342 346 350 353 357 360 363 366 369 371 374 376 378 380 382 384 386 388
98 98 98 98 98 98 98 98 77 77 77 77 77 77 77 77 77 77 77 77 77 77 77 77 77 77 77 77 77 77 77 77 77 77 77 77 77 77 77 77 77 77 77 77 77 77 77 77 77 77 77 77 77 77 77 77 77 77 77 77 77 226 311 311 311 311 311 311 311 311 311 311 314 320 325 330 334 339 343 347 351 354 357 361 364 367 369 372 374 377 379 381 383 385 387 388
98 98 98 98 98 98 98 77 77 77 77 77 77 77 77 77 77 77 77 77 77 77 77 77 77 77 77 77 77 77 77 77 77 77 77 77 77 77 77 77 77 77 77 77 77 77 77 77 77 77 77 77 77 77 77 77 77 77 77 77 77 226 311 311 311 311 311 311 311 311 311 311 315 321 326 331 335 340 344 348 351 355 358 361 364 367 370 373 375 378 380 382 384 386 388 389
98 98 98 98 98 98 77 77 77 77 77 77 77 77 77 77 77 77 77 77 77 77 77 77 77 77 77 77 77 77 77 77 77 77 77 77 77 77 77 77 77 77 77 77 77 77 77 77 77 77 77 77 77 77 77 77 77 77 77 77 226 226 226 311 311 311 311 311 311 311 311 311 316 322 327 332 336 340 345 348 352 356 359 362 365 368 371 373 376 378 380 383 385 386 388 390
98 98 98 98 98 77 77 77 77 77 77 77 77 77 77 77 77 77 77 77 77 77 77 77 77 77 77 77 77 77 77 77 77 77 77 77 77 77 77 77 77 77 77 77 77 77 77 77 77 77 77 77 77 77 77 77 77 77 77 77 226 226 226 311 311 311 311 311 311 311 311 312 317 323 328 332 337 341 345 349 353 356 360 363 366 369 372 374 377 379 381 383 385 387 389 390
98 98 98 98 98 77 77 77 77 77 77 77 77 77 77 77 77 77 77 77 77 77 77 77 77 77 77 77 77 77 77 77 77 77 77 77 77 77 77 77 77 77 77 77 77 77 77 77 77 77 77 77 77 77 77 77 77 77 77 77 226 226 226 226 311 311 311 311 311 311 311 313 318 324 329 333 338 342 346 350 354 357 361 364 367 370 372 375 377 380 382 384 386 388 390 391
98 98 98 98 77 77 77 77 77 77 77 77 77 77 77 77 77 77 77 77 77 77 77 77 77 77 77 77 77 77 77 77 77 77 77 77 77 77 77 77 77 77 77 77 77 77 77 77 77 77 77 77 77 77 77 77 77 77 77 77 226 226 226 226 311 311 311 311 311 311 311 314 319 325 330 334 339 343 347 351 355 358 361 364 367 370 373 376 378 380 383 385 387 388 390 392
98 98 98 77 77 77 77 77 77 77 77 77 77 77 77 77 77 77 77 77 77 77 77 77 77 77 77 77 77 77 77 77 77 77 77 77 77 77 77 77 77 77 77 77 77 77 77 77 77 77 77 77 77 77 77 77 77 77 77 77 226 226 226 226 226 311 311 311 311 311 311 315 320 325 330 335 340 344 348 352 355 359 362 365 368 371 374 376 379 381 383 385 387 389 391 392
98 98 77 77 77 77 77 77 77 77 77 77 77 77 77 77 77 77 77 77 77 77 77 77 77 77 77 77 77 77 77 77 77 77 77 77 77 77 77 77 77 77 77 77 77 77 77 77 77 77 77 77 77 77 77 77 77 77 77 77 226 226 226 226 226 311 311 311 311 311 311 316 321 326 331 336 340 345 349 352 356 359 363 366 369 372 374 377 379 382 384 386 388 390 391 393
98 98 77 77 77 77 77 77 77 77 77 77 77 77 77 77 77 77 77 77 77 77 77 77 77 77 77 77 77 77 77 77 77 77 77 77 77 77 77 77 77 77 77 77 77 77 77 77 77 77 77 77 77 77 77 77 77 77 77 77 226 226 226 226 226 226 311 311 311 311 311 317 322 327 332 337 341 345 349 353 357 360 363 367 370 372 375 378 380 382 385 387 389 390 392 394
98 77 77 77 77 77 77 77 77 77 77 77 77 77 77 77 77 77 77 77 77 77 77 77 77 77 77 77 77 77 77 77 77 77 77 77 77 77 77 77 77 77 77 77 77 77 77 77 77 77 77 77 77 77 77 77 77 77 77 226 226 226 226 226 226 226 311 311 311 311 312 317 323 328 333 338 342 346 350 354 358 361 364 367 370 373 376 378 381 383 385 387 389 391 393 394
