testData/tiles/oneDegree/grid8.0-26.0-9.0-27.0.asc
ncols   200
nrows   200
xllcorner   8.0
yllcorner   26.0
cellsize   0.005
NODATA_value   -9999.0
[rows 0 to 41 of 200, columns 94 to 187 of 200]
473 473 473 473 473 473 473 473 473 473 473 473 472 472 472 472 472 472 472 473 473 473 472 472 472 472 472 473 473 473 472 472 472 472 472 472 472 473 472 472 472 472 472 472 472 471 471 471 471 472 472 471 471 471 471 471 471 470 470 470 470 470 470 469 470 470 470 470 469 469 469 469 469 469 468 468 468 468 366 366 366 366 366 365 365 365 365 364 364 445 445 444 444 444
474 474 474 474 473 473 473 473 473 473 473 473 473 473 473 472 472 472 472 473 473 473 473 473 473 472 472 472 473 473 473 473 473 472 472 472 472 473 473 473 472 472 472 472 472 472 472 471 471 472 472 472 472 472 471 471 471 471 471 471 470 470 470 470 470 470 470 470 470 470 469 469 469 469 469 468 468 468 367 367 366 366 366 366 365 365 365 446 446 445 445 445 445 444
474 474 474 474 474 474 474 474 473 473 473 473 473 473 473 473 473 473 472 472 473 473 473 473 473 473 473 472 473 473 473 473 473 473 473 472 472 472 473 473 473 473 473 472 472 472 472 472 472 471 472 472 472 472 472 472 471 471 471 471 471 470 470 470 470 470 471 470 470 470 470 470 469 469 469 469 469 367 367 367 367 367 366 366 447 447 446 446 446 446 445 445 445 445
474 474 474 474 474 474 474 474 474 474 474 473 473 473 473 473 473 473 473 473 474 473 473 473 473 473 473 473 473 474 473 473 473 473 473 473 473 473 473 473 473 473 473 473 473 472 472 472 472 472 472 473 472 472 472 472 472 472 471 471 471 471 471 470 470 470 470 471 471 470 470 470 470 470 469 469 469 368 368 367 367 367 448 447 447 447 447 447 446 446 446 446 445 445
475 475 475 474 474 474 474 474 474 474 474 474 474 474 474 473 473 473 473 473 474 474 474 474 473 473 473 473 473 474 474 474 474 473 473 473 473 473 473 474 473 473 473 473 473 473 473 472 472 472 472 473 473 473 472 472 472 472 472 472 471 471 471 471 471 470 470 470 471 471 471 470 470 470 470 470 368 368 368 449 448 448 448 448 448 447 447 447 447 446 446 446 446 445
475 475 475 475 475 475 475 474 474 474 474 474 474 474 474 474 474 474 473 473 473 474 474 474 474 474 474 473 473 473 474 474 474 474 474 473 473 473 473 473 474 474 474 473 473 473 473 473 473 472 472 472 473 473 473 473 472 472 472 472 472 472 471 471 471 471 471 470 470 471 471 471 470 470 470 470 369 449 449 449 449 449 448 448 448 448 448 447 447 447 447 446 446 446
475 475 475 475 475 475 475 475 475 475 474 474 474 474 474 474 474 474 474 474 474 474 474 474 474 474 474 474 474 474 474 474 474 474 474 474 474 474 473 473 474 474 474 474 474 473 473 473 473 473 473 472 472 473 473 473 473 473 472 472 472 472 472 472 471 471 471 471 471 470 471 471 471 471 551 450 450 450 450 449 449 449 449 449 448 448 448 448 447 447 447 447 446 446
476 476 475 475 475 475 475 475 475 475 475 475 475 475 474 474 474 474 474 474 474 474 475 474 474 474 474 474 474 474 475 475 474 474 474 474 474 474 474 474 473 474 474 474 474 474 474 473 473 473 473 473 473 474 473 473 473 473 473 473 472 472 472 472 472 471 471 471 471 471 471 471 552 552 451 451 450 450 450 450 450 449 449 449 449 448 448 448 448 448 447 447 447 447
476 476 476 476 476 476 475 475 475 475 475 475 475 475 475 475 475 474 474 474 474 474 475 475 475 475 474 474 474 474 474 475 475 475 475 474 474 474 474 474 474 475 474 474 474 474 474 474 474 473 473 473 473 473 474 474 473 473 473 473 473 473 472 472 472 472 472 471 471 471 552 552 552 552 451 451 451 451 450 450 450 450 449 449 449 449 449 448 448 448 448 447 447 447
476 476 476 476 476 476 476 476 476 475 475 475 475 475 475 475 475 475 475 475 474 474 474 475 475 475 475 475 475 474 474 475 475 475 475 475 475 474 474 474 474 474 475 475 474 474 474 474 474 474 474 473 473 473 473 474 474 474 473 473 473 473 473 473 472 472 472 472 553 552 552 552 552 451 451 451 451 451 451 450 450 450 450 450 449 449 449 449 449 448 448 448 448 447
477 476 476 476 476 476 476 476 476 476 476 476 476 475 475 475 475 475 475 475 475 475 475 475 475 475 475 475 475 475 475 474 475 475 475 475 475 475 475 474 474 474 475 475 475 475 475 474 474 474 474 474 474 473 473 473 474 474 474 474 473 473 473 473 473 472 553 553 553 553 553 552 552 451 451 452 451 451 451 451 451 450 450 450 450 450 449 449 449 449 448 448 448 448
477 477 477 477 476 476 476 476 476 476 476 476 476 476 476 476 475 475 475 475 475 475 475 475 476 475 475 475 475 475 475 475 475 476 475 475 475 475 475 475 475 475 474 475 475 475 475 475 475 474 474 474 474 474 474 473 474 474 474 474 474 473 473 554 554 554 554 553 553 553 553 553 452 451 451 451 452 452 451 451 451 451 451 450 450 450 450 449 449 449 449 449 448 448
477 477 477 477 477 477 477 477 476 476 476 476 476 476 476 476 476 476 476 475 475 475 475 475 476 476 476 476 475 475 475 475 475 476 476 476 475 475 475 475 475 475 475 475 475 475 475 475 475 475 475 474 474 474 474 474 474 474 474 474 474 555 555 554 554 554 554 554 554 553 553 452 452 452 451 451 451 451 452 451 451 451 451 451 450 450 450 450 450 449 449 449 449 448
477 477 477 477 477 477 477 477 477 477 477 476 476 476 476 476 476 476 476 476 476 476 475 475 476 476 476 476 476 476 476 475 475 475 476 476 476 476 476 475 475 475 475 475 476 476 475 475 475 475 475 475 475 474 474 474 474 474 475 555 555 555 555 555 555 554 554 554 554 554 554 452 452 452 452 452 451 451 451 451 452 451 451 451 451 451 450 450 450 450 449 449 449 450
478 478 478 477 477 477 477 477 477 477 477 477 477 477 476 476 476 476 476 476 476 476 476 476 475 476 476 476 476 476 476 476 476 475 476 476 476 476 476 476 476 475 475 475 475 476 476 476 475 475 475 475 475 475 475 474 474 555 555 556 556 555 555 555 555 555 555 554 554 554 453 453 452 452 452 452 452 452 451 451 451 452 452 451 451 451 451 450 450 450 450 451 451 452
478 478 478 478 478 478 477 477 477 477 477 477 477 477 477 477 477 476 476 476 476 476 476 476 476 477 477 476 476 476 476 476 476 476 476 477 476 476 476 476 476 476 476 475 475 475 476 476 476 476 475 475 475 475 475 556 556 555 555 555 556 556 556 555 555 555 555 555 555 554 453 453 453 453 452 452 452 452 452 451 451 451 451 452 451 451 451 451 452 452 453 454 455 455
478 478 478 478 478 478 478 478 478 477 477 477 477 477 477 477 477 477 477 477 476 476 476 476 476 476 477 477 477 477 476 476 476 476 476 477 477 477 476 476 476 476 476 476 476 475 476 476 476 476 476 476 475 475 556 556 556 556 556 555 555 556 556 556 556 555 555 555 555 454 454 453 453 453 453 453 452 452 452 452 452 451 451 451 451 452 452 453 454 455 456 457 458 459
478 478 478 478 478 478 478 478 478 478 478 478 478 477 477 477 477 477 477 477 477 477 477 476 476 476 477 477 477 477 477 477 476 476 476 476 477 477 477 477 476 476 476 476 476 476 476 477 476 476 476 476 557 557 556 556 556 556 556 556 556 555 556 556 556 556 556 555 454 454 454 454 453 453 453 453 453 453 452 452 452 452 452 452 453 454 455 455 457 458 459 460 460 461
479 479 479 479 478 478 478 478 478 478 478 478 478 478 478 478 477 477 477 477 477 477 477 477 477 477 476 477 477 477 477 477 477 477 476 476 477 477 477 477 477 477 476 476 476 476 476 476 477 477 557 557 557 557 557 557 556 556 556 556 556 556 557 556 556 556 556 556 454 454 454 454 454 454 453 453 453 453 453 452 452 453 454 455 455 456 457 458 459 459 460 462 463 463
479 479 479 479 479 479 479 478 478 478 478 478 478 478 478 478 478 478 478 477 477 477 477 477 477 477 477 478 477 477 477 477 477 477 477 477 477 477 477 477 477 477 477 477 477 476 476 476 558 558 558 558 557 557 557 557 557 557 556 556 556 556 556 557 556 556 556 455 455 455 454 454 454 454 454 454 453 453 453 454 455 455 457 458 459 460 460 461 462 463 463 464 465 466
479 479 479 479 479 479 479 479 479 479 479 478 478 478 478 478 478 478 478 478 478 477 477 477 477 477 477 477 478 478 478 477 477 477 477 477 477 478 478 477 477 477 477 477 477 477 558 557 557 558 558 558 558 558 557 557 557 557 557 557 556 556 556 556 557 557 556 455 455 455 455 455 454 454 454 454 454 454 456 457 458 459 459 460 461 462 463 463 464 465 466 467 467 468
480 480 479 479 479 479 479 479 479 479 479 479 479 479 478 478 478 478 478 478 478 478 478 478 477 477 477 477 478 478 478 478 478 477 477 477 477 477 478 478 478 477 477 477 558 558 558 558 558 557 558 558 558 558 558 558 557 557 557 557 557 557 556 556 556 557 456 456 455 455 455 455 455 455 454 456 457 458 459 459 460 461 462 463 463 464 465 466 467 467 468 469 470 470
480 480 480 480 480 479 479 479 479 479 479 479 479 479 479 479 479 478 478 478 478 478 478 478 478 478 478 477 477 478 478 478 478 478 478 478 477 477 477 478 478 478 478 558 558 558 558 558 558 558 558 558 558 558 558 558 558 557 557 557 557 557 557 557 556 455 455 456 456 456 455 455 455 457 458 458 459 460 462 463 463 464 465 466 467 467 468 469 470 470 470 471 472 473
480 480 480 480 480 480 480 480 479 479 479 479 479 479 479 479 479 479 479 479 478 478 478 478 478 478 478 478 478 478 478 478 478 478 478 478 478 478 477 478 478 559 559 559 559 559 558 558 558 558 558 559 559 558 558 558 558 558 558 557 557 557 557 557 557 456 455 455 456 456 457 457 458 459 460 462 463 463 464 465 466 467 467 468 469 470 471 471 472 473 473 474 474 475
480 480 480 480 480 480 480 480 480 480 480 480 479 479 479 479 479 479 479 479 479 479 478 478 478 478 478 478 478 478 479 479 478 478 478 478 478 478 478 559 559 559 559 559 559 559 559 559 558 558 558 558 559 559 559 558 558 558 558 558 558 557 557 557 456 456 456 455 456 458 459 460 461 462 463 464 465 466 466 467 468 469 470 471 471 472 473 474 474 475 475 476 477 477
481 481 480 480 480 480 480 480 480 480 480 480 480 480 480 479 479 479 479 479 479 479 479 479 479 478 478 478 478 478 478 479 479 479 478 478 478 478 559 559 559 560 559 559 559 559 559 559 559 559 558 558 558 559 559 559 559 558 558 558 558 558 558 456 456 456 457 458 459 459 462 463 464 465 466 466 467 468 469 470 470 471 472 473 474 474 475 476 477 478 477 478 479 480
481 481 481 481 481 481 480 480 480 480 480 480 480 480 480 480 480 480 479 479 479 479 479 479 479 479 479 479 478 478 478 479 479 479 479 479 559 559 559 559 559 560 560 560 559 559 559 559 559 559 559 559 558 558 559 559 559 559 558 558 558 558 558 457 458 458 459 460 462 463 464 465 466 467 468 469 469 470 472 472 473 474 474 475 476 477 478 478 479 480 480 480 481 482
481 481 481 481 481 481 481 481 481 480 480 480 480 480 480 480 480 480 480 480 479 479 479 479 479 479 479 479 479 479 478 478 479 479 560 560 560 560 560 559 559 559 560 560 560 560 559 559 559 559 559 559 559 559 559 559 559 559 559 559 558 558 457 459 460 461 462 463 464 465 466 467 467 469 471 472 473 474 474 475 476 476 477 477 478 479 480 481 481 481 482 483 484 484
481 481 481 481 481 481 481 481 481 481 481 481 480 480 480 480 480 480 480 480 480 480 480 479 479 479 479 479 479 479 479 479 479 560 560 560 560 560 560 560 560 559 560 560 560 560 560 560 559 559 559 559 559 559 559 560 559 559 559 559 559 460 460 461 462 464 465 466 466 467 468 470 471 472 473 474 475 476 477 477 478 478 479 480 481 481 482 483 483 484 484 485 486 486
482 482 482 481 481 481 481 481 481 481 481 481 481 481 481 480 480 480 480 480 480 480 480 480 480 480 479 479 479 479 479 560 560 561 561 560 560 560 560 560 560 560 560 560 560 560 560 560 560 560 559 559 559 559 559 559 560 559 559 560 562 462 463 465 465 466 467 468 469 470 471 472 473 474 475 477 477 478 479 480 480 480 481 482 483 484 484 485 485 486 487 487 487 488
482 482 482 482 482 482 481 481 481 481 481 481 481 481 481 481 481 481 480 480 480 480 480 480 480 480 480 480 479 479 560 560 560 561 561 561 561 560 560 560 560 560 560 560 561 560 560 560 560 560 560 560 559 559 559 559 559 561 562 563 463 464 466 467 468 469 469 470 472 473 474 475 475 476 477 478 479 480 481 481 482 483 483 484 485 486 487 487 487 488 489 489 489 490
482 482 482 482 482 482 482 482 482 481 481 481 481 481 481 481 481 481 481 481 481 480 480 480 480 480 480 480 561 561 560 560 560 560 561 561 561 561 561 560 560 560 560 560 560 561 561 560 560 560 560 560 560 560 559 560 561 563 565 465 466 467 468 469 470 471 472 473 474 475 476 477 478 478 479 480 481 482 482 483 484 485 486 487 487 487 488 489 490 490 490 491 492 493
482 482 482 482 482 482 482 482 482 482 482 482 481 481 481 481 481 481 481 481 481 481 481 480 480 480 480 561 561 561 561 561 561 560 560 561 561 561 561 561 561 560 560 560 560 561 561 561 561 560 560 560 560 561 562 563 564 565 566 467 469 470 471 471 472 473 475 476 477 477 478 479 480 481 482 482 483 483 484 485 486 487 488 489 489 489 490 491 492 492 492 493 494 494
483 483 483 482 482 482 482 482 482 482 482 482 482 482 482 481 481 481 481 481 481 481 481 481 481 562 561 561 561 561 561 561 561 561 561 561 561 561 561 561 561 561 561 560 560 560 561 561 561 561 561 560 562 563 564 566 567 568 467 469 471 472 473 474 474 475 477 478 479 480 481 481 482 483 484 484 484 485 486 487 488 489 490 490 491 492 493 493 493 494 495 496 495 496
483 483 483 483 483 483 482 482 482 482 482 482 482 482 482 482 482 482 481 481 481 481 481 481 562 562 562 562 561 561 561 561 561 561 561 561 562 561 561 561 561 561 561 561 561 560 560 561 561 561 562 564 565 565 567 568 569 469 471 472 472 474 475 476 477 478 479 480 481 482 483 484 483 484 485 486 487 488 488 489 490 490 491 491 492 494 494 495 495 496 496 497 498 498
483 483 483 483 483 483 483 483 483 482 482 482 482 482 482 482 482 482 482 482 482 481 562 562 562 562 562 562 562 562 562 561 561 561 561 561 562 562 562 561 561 561 561 561 561 561 561 561 562 563 564 566 567 569 570 570 470 471 473 474 475 475 477 478 479 480 481 482 482 483 484 485 486 487 487 488 489 490 491 490 491 492 493 494 495 494 495 497 498 498 498 499 499 500
483 483 483 483 483 483 483 483 483 483 483 483 482 482 482 482 482 482 482 482 482 563 563 562 562 562 562 562 562 562 562 562 562 561 561 561 561 562 562 562 562 562 561 561 561 561 561 563 565 565 567 568 569 571 572 573 473 474 475 476 477 478 479 480 481 482 483 484 485 485 486 487 488 489 490 490 491 491 492 493 494 494 495 495 496 497 497 497 498 499 501 500 501 502
484 484 484 483 483 483 483 483 483 483 483 483 483 483 483 482 482 482 482 563 563 563 563 563 563 563 562 562 562 562 562 562 562 562 562 561 561 561 562 562 562 562 562 562 561 562 563 565 566 569 570 570 572 573 574 474 475 477 477 478 479 480 481 482 484 484 485 486 487 488 489 489 490 491 492 492 493 493 494 495 496 496 496 497 498 498 499 500 500 500 501 502 503 502
484 484 484 484 484 484 483 483 483 483 483 483 483 483 483 483 483 483 563 563 563 563 563 563 563 563 563 563 562 562 562 562 562 562 562 562 562 561 562 562 562 562 562 562 564 565 566 567 569 570 572 573 575 575 475 476 477 479 480 481 481 482 483 484 485 487 488 488 489 490 491 492 493 492 493 494 495 496 496 496 497 498 499 500 499 500 501 502 502 502 503 503 504 505
484 484 484 484 484 484 484 484 484 483 483 483 483 483 483 483 483 564 564 564 564 563 563 563 563 563 563 563 563 563 563 562 562 562 562 562 562 562 562 563 562 562 563 565 566 568 569 570 571 572 573 575 577 477 478 478 479 480 482 483 484 485 485 486 487 488 490 491 491 492 492 493 494 495 495 496 497 497 498 499 499 500 500 501 502 502 502 503 504 504 504 505 505 506
484 484 484 484 484 484 484 484 484 484 484 484 483 483 483 564 564 564 564 564 564 564 564 563 563 563 563 563 563 563 563 563 563 562 562 562 562 562 562 562 564 565 566 567 568 570 571 572 574 574 575 577 579 479 480 481 482 482 483 484 485 487 488 489 489 489 490 492 493 494 494 495 496 497 498 498 498 499 500 501 501 501 502 503 503 504 505 505 505 506 507 507 507 508
485 485 484 484 484 484 484 484 484 484 484 484 484 484 565 564 564 564 564 564 564 564 564 564 564 564 563 563 563 563 563 563 563 563 563 562 562 562 562 563 566 567 569 570 571 572 573 575 576 577 578 578 480 481 482 483 484 485 486 486 487 488 489 490 491 491 492 493 494 496 497 497 497 498 499 500 501 501 501 502 503 504 504 504 505 506 506 507 507 507 508 509 509 509
