testData/tiles/oneDegree/grid10.0-27.0-11.0-28.0.asc
ncols   200
nrows   200
xllcorner   10.0
yllcorner   27.0
cellsize   0.005
NODATA_value   -9999.0
[rows 42 to 83 of 200, columns 94 to 187 of 200]
623 623 624 625 625 625 625 625 626 627 627 627 627 627 627 627 629 629 629 629 629 629 629 629 630 631 631 631 368 368 368 368 369 369 369 369 369 369 369 369 369 371 371 371 371 371 371 371 371 371 371 371 372 372 372 372 371 371 371 371 371 371 371 371 372 372 372 372 372 372 372 372 371 371 371 371 371 371 372 372 372 371 371 371 371 371 371 371 370 370 370 370 436 436
623 623 624 624 624 624 625 625 625 626 626 626 626 627 627 627 627 628 628 628 628 629 629 629 629 630 630 367 367 367 367 367 368 369 369 369 369 369 369 369 369 369 369 370 370 370 370 370 370 370 370 370 370 371 371 371 371 371 371 371 371 371 371 371 371 370 371 371 371 371 371 371 371 371 371 371 370 370 370 370 371 371 371 371 370 370 370 370 370 370 370 369 369 435
622 622 622 624 624 624 624 624 624 624 626 626 626 626 626 626 626 627 628 628 628 628 628 628 628 628 630 367 367 367 367 367 367 367 368 368 368 368 368 368 368 368 368 368 369 369 369 369 369 369 369 369 369 369 369 370 370 370 370 370 370 370 370 370 370 370 370 371 371 371 371 370 370 370 370 370 370 370 370 370 369 369 370 370 370 370 370 369 369 369 369 369 369 435
621 622 622 622 623 623 623 624 624 624 624 625 625 626 626 626 626 626 626 627 627 627 628 628 628 628 628 366 366 366 366 366 366 366 367 368 368 368 368 368 368 368 368 368 368 369 369 369 369 369 369 369 369 369 369 369 370 370 370 370 370 370 370 369 369 369 369 369 369 370 370 370 370 370 370 369 369 369 369 369 369 369 369 369 368 369 369 369 369 369 368 368 368 434
621 621 621 621 622 623 623 623 623 623 624 624 625 625 625 625 625 625 626 626 627 627 627 627 627 627 364 364 366 366 366 366 366 366 366 366 366 367 367 367 367 367 367 367 367 367 368 368 368 368 368 368 368 368 368 368 368 369 369 369 369 369 369 369 369 369 369 369 369 368 369 369 369 369 369 369 369 369 369 368 368 368 368 368 368 368 368 368 368 368 368 368 368 367
620 621 621 621 621 621 622 623 623 623 623 623 623 624 625 625 625 625 625 625 625 626 626 627 627 627 364 364 364 365 365 365 365 365 365 365 366 366 367 367 367 367 367 367 367 367 367 367 368 368 368 368 368 368 368 368 368 368 368 369 369 368 368 368 368 368 368 368 368 368 368 368 369 369 368 368 368 368 368 368 368 368 368 367 367 367 367 367 367 368 367 367 367 367
620 620 620 620 621 621 621 622 622 622 622 623 623 623 624 624 624 624 624 625 625 625 626 626 626 626 363 363 363 364 365 365 365 365 365 365 365 365 365 366 366 366 366 366 366 366 366 366 366 367 367 367 367 367 367 367 367 367 367 367 368 368 368 368 368 368 368 368 367 367 367 367 367 367 368 368 368 368 367 367 367 367 367 367 367 367 366 366 366 366 366 367 367 366
618 619 620 620 620 620 620 620 622 622 622 622 622 622 622 624 624 624 624 624 624 624 624 625 626 363 363 363 363 363 363 364 364 364 364 364 364 364 364 364 366 366 366 366 366 366 366 366 366 366 367 367 367 367 367 367 367 366 366 366 366 366 367 367 367 367 367 367 367 367 367 367 367 366 366 366 367 367 367 367 367 367 366 366 366 366 366 366 366 365 365 365 365 365
618 618 619 619 619 620 620 620 620 621 621 621 622 622 622 622 623 623 623 623 624 624 624 624 625 362 362 362 362 362 362 363 364 364 364 364 364 364 364 364 364 365 365 365 365 365 365 365 365 365 365 365 366 366 366 366 366 366 366 366 366 366 366 366 367 367 366 366 366 366 366 366 366 366 366 366 366 365 366 366 366 366 366 366 366 365 365 365 365 365 365 365 364 364
617 617 618 619 619 619 619 619 620 620 621 621 621 621 621 621 622 623 623 623 623 623 623 623 360 362 362 362 362 362 362 362 362 363 363 363 363 363 363 363 363 363 363 364 364 365 365 365 365 365 365 365 364 365 365 365 365 365 365 365 365 365 365 365 365 366 366 366 366 366 366 366 365 365 365 365 365 365 365 365 366 365 365 365 365 365 365 365 365 364 364 364 364 364
617 617 617 617 618 619 619 619 619 619 619 620 621 621 621 621 621 621 622 622 622 623 623 623 360 360 361 361 361 361 361 361 361 362 363 363 363 363 363 363 363 363 363 363 364 364 364 364 364 364 364 364 364 364 364 365 365 365 365 365 365 365 365 365 364 364 364 365 365 365 365 365 365 365 365 365 364 364 364 364 364 364 365 365 365 364 364 364 364 364 364 364 363 363
616 616 616 617 617 618 618 618 618 619 619 620 620 620 620 620 620 621 621 622 622 622 622 622 359 359 359 361 361 361 361 361 361 361 361 361 362 362 362 362 362 362 362 362 362 363 363 363 363 363 363 363 363 363 363 363 364 364 364 364 364 364 364 364 364 364 364 364 364 365 364 364 364 364 364 364 364 364 364 364 363 363 363 363 364 364 364 364 363 363 363 363 363 363
616 616 616 616 616 617 618 618 618 618 618 618 619 620 620 620 620 620 620 620 621 621 622 359 359 359 359 359 360 360 360 360 360 360 360 360 361 362 362 362 362 362 362 362 362 362 363 363 363 363 363 363 363 363 363 363 363 364 364 364 364 363 363 363 363 363 363 363 363 363 364 364 364 364 364 363 363 363 363 363 363 363 363 363 362 362 363 363 363 363 363 362 362 362
615 615 615 616 616 616 617 617 617 617 618 618 618 619 619 619 619 619 620 620 620 621 621 358 358 358 358 358 359 360 360 360 360 360 360 360 360 360 361 361 361 361 361 361 361 361 361 361 362 362 362 362 362 362 362 362 362 362 362 363 363 363 363 363 363 363 363 363 363 362 362 362 363 363 363 363 363 363 363 362 362 362 362 362 362 362 362 361 361 362 362 362 362 362
614 615 615 615 615 615 615 617 617 617 617 617 617 617 619 619 619 619 619 619 619 619 357 358 358 358 358 358 358 358 359 359 359 359 359 359 359 359 359 361 361 361 361 361 361 361 361 361 361 362 362 362 362 362 362 362 362 362 361 361 361 362 362 362 362 362 362 362 362 362 362 362 362 362 362 362 362 362 362 362 362 362 362 361 361 361 361 361 361 361 360 361 361 361
613 613 614 614 615 615 615 615 616 616 616 617 617 617 617 618 618 618 618 619 619 619 356 357 357 357 357 357 357 357 358 359 359 359 359 359 359 359 359 359 360 360 360 360 360 360 360 360 360 360 360 361 361 361 361 361 361 361 361 361 361 361 362 362 362 362 362 361 361 361 361 361 361 361 361 361 362 362 361 361 361 361 361 361 361 361 360 360 360 360 360 360 360 359
612 613 614 614 614 614 614 615 615 616 616 616 616 616 616 617 618 618 618 618 618 618 355 355 356 357 357 357 357 357 357 357 357 358 358 358 358 358 358 358 358 358 359 360 360 360 360 360 360 360 360 360 361 361 360 360 360 360 360 360 360 360 360 360 361 361 361 361 361 361 361 361 360 360 360 360 360 360 361 361 361 361 360 360 360 360 360 360 360 360 359 359 359 359
612 612 612 613 614 614 614 614 614 614 615 616 616 616 616 616 616 617 617 617 618 355 355 355 355 356 356 356 356 356 356 356 357 357 358 358 358 358 358 358 358 358 358 359 359 359 359 359 359 359 359 359 359 360 360 360 360 360 360 360 360 360 360 360 360 360 360 360 360 360 360 360 360 360 360 360 360 359 359 359 360 360 360 360 360 360 359 359 359 359 359 359 359 358
611 612 612 612 613 613 613 613 614 614 614 615 615 615 615 615 616 616 616 617 617 354 354 354 354 354 356 356 356 356 356 356 356 356 356 357 357 357 357 357 357 357 357 357 358 358 358 358 358 358 358 358 358 358 358 359 359 359 359 359 359 359 359 359 359 359 359 360 360 360 360 359 359 359 359 359 359 359 359 359 359 358 359 359 359 359 359 359 359 358 358 358 358 358
611 611 611 611 611 613 613 613 613 613 613 613 615 615 615 615 615 615 615 615 353 354 354 354 354 354 354 354 355 355 355 355 355 355 355 356 357 357 357 357 357 357 357 357 357 357 358 358 358 358 358 358 358 358 358 358 359 359 359 359 359 359 358 358 358 358 358 358 358 359 359 359 359 359 359 359 358 358 358 358 358 358 358 358 359 358 358 358 358 358 358 358 357 357
610 610 611 611 611 611 612 612 612 613 613 613 613 614 614 614 614 615 615 615 352 353 353 353 353 353 353 353 354 355 355 355 355 355 355 355 355 356 356 356 356 356 356 356 356 356 356 357 357 357 357 357 357 357 357 357 357 357 358 358 358 358 358 358 358 358 358 358 358 357 357 358 358 358 358 358 358 358 358 358 357 357 357 357 357 357 357 358 357 357 357 357 357 357
609 610 610 610 610 610 611 612 612 612 612 612 612 613 614 614 614 614 614 351 351 351 353 353 353 353 353 353 353 353 354 354 354 354 354 354 354 354 355 356 356 356 356 356 356 356 356 356 357 357 357 357 357 357 357 357 357 357 357 356 357 357 357 357 357 357 357 357 357 357 357 357 357 358 358 357 357 357 357 357 357 357 357 357 356 356 356 356 356 357 357 356 356 356
608 608 609 610 610 610 610 610 611 611 612 612 612 612 612 613 613 613 614 351 351 351 351 352 352 352 352 352 352 353 353 354 354 354 354 354 354 354 354 354 355 355 355 355 355 355 355 355 355 355 356 356 356 356 356 356 356 356 356 356 356 357 357 357 357 357 357 357 356 356 356 356 356 356 356 357 357 357 357 356 356 356 356 356 356 356 356 355 355 355 355 355 356 356
608 608 608 609 609 609 610 610 610 611 611 611 611 611 612 612 613 613 613 350 350 350 350 350 352 352 352 352 352 352 352 352 353 353 353 353 353 353 353 353 353 354 355 355 355 355 355 355 355 355 355 356 356 356 356 355 355 355 355 355 355 355 355 356 356 356 356 356 356 356 356 356 356 355 355 355 355 356 356 356 356 356 356 355 355 355 355 355 355 355 355 354 354 354
607 607 607 609 609 609 609 609 609 609 611 611 611 611 611 611 611 612 349 350 350 350 350 350 350 351 351 351 351 351 351 352 352 353 353 353 353 353 353 353 353 353 353 354 354 354 354 354 354 354 354 354 354 355 355 355 355 355 355 355 355 355 355 355 355 356 355 355 355 355 355 355 355 355 355 355 355 355 354 355 355 355 355 355 355 355 355 354 354 354 354 354 354 354
607 607 607 607 608 608 608 609 609 609 609 610 610 610 610 611 611 611 349 349 349 349 349 349 349 350 351 351 351 351 351 351 351 351 351 352 352 352 352 352 352 352 352 352 353 353 353 353 353 353 353 353 353 353 354 354 354 354 354 354 354 354 354 354 354 354 355 355 355 355 355 355 354 354 354 354 354 354 354 354 354 355 354 354 354 354 354 354 354 354 353 353 353 353
606 606 606 606 607 608 608 608 608 608 608 609 610 610 610 610 610 347 347 347 349 349 349 349 349 349 349 350 350 350 350 350 350 350 351 351 352 352 352 352 352 352 352 352 352 353 353 353 353 353 353 353 353 353 353 353 354 354 354 354 354 354 354 353 353 353 353 353 354 354 354 354 354 354 354 354 354 353 353 353 353 353 353 354 354 354 353 353 353 353 353 353 353 352
605 606 606 606 606 606 607 607 608 608 608 608 608 609 609 609 610 347 347 347 347 348 348 348 348 348 348 349 349 350 350 350 350 350 350 350 350 351 351 351 351 351 351 351 351 351 351 352 352 352 352 352 352 352 352 352 352 352 353 353 353 353 353 353 353 353 353 353 353 353 353 353 353 353 353 353 353 353 353 353 353 352 352 352 352 352 353 353 353 352 352 352 352 352
604 605 605 605 606 606 606 607 607 607 607 607 608 608 609 609 346 346 346 346 346 347 348 348 348 348 348 348 348 348 349 349 349 349 349 349 349 350 350 351 351 351 351 351 351 351 351 351 352 352 352 352 352 352 352 352 352 352 352 353 352 352 352 352 352 352 352 352 352 352 352 352 353 353 353 353 352 352 352 352 352 352 352 352 352 351 351 351 352 352 352 352 352 351
603 604 605 605 605 605 605 605 607 607 607 607 607 607 607 608 345 346 346 346 346 346 346 347 347 347 347 347 347 348 348 349 349 349 349 349 349 349 349 349 350 350 350 350 350 350 350 350 350 350 351 351 351 351 351 351 351 351 351 351 351 352 352 352 352 352 352 352 351 351 351 351 351 351 352 352 352 352 352 352 351 351 351 351 351 351 351 351 351 350 350 351 351 351
603 603 603 604 604 605 605 605 605 606 606 606 606 607 607 344 344 345 345 345 345 345 345 346 347 347 347 347 347 347 347 347 348 348 348 348 348 348 348 348 348 350 350 350 350 350 350 350 350 350 350 351 351 351 351 351 350 350 350 350 350 350 350 351 351 351 351 351 351 351 351 351 351 351 350 350 351 351 351 351 351 351 351 351 350 350 350 350 350 350 350 350 349 350
602 602 603 603 604 604 604 604 604 605 605 606 606 606 606 343 343 343 345 345 345 345 345 345 345 346 346 346 346 346 346 347 347 347 348 348 348 348 348 348 348 348 348 349 349 349 349 349 349 349 349 349 349 350 350 350 350 350 350 350 350 350 350 350 351 351 350 350 350 350 350 350 350 350 350 350 350 350 351 350 350 350 350 350 350 350 350 350 349 349 349 349 349 349
602 602 602 602 602 603 604 604 604 604 604 604 605 605 343 343 343 343 343 344 344 344 344 344 345 345 346 346 346 346 346 346 346 346 346 347 347 347 347 347 347 347 347 347 348 348 348 348 348 348 348 348 348 348 349 349 349 349 349 349 349 349 349 349 349 349 350 350 350 350 350 350 350 349 349 349 349 349 349 349 350 350 350 349 349 349 349 349 349 349 349 348 348 348
601 601 601 602 602 602 603 603 603 603 604 604 604 605 342 342 342 342 342 343 344 344 344 344 344 344 344 344 345 345 345 345 345 346 346 346 347 347 347 490 347 347 347 347 347 348 348 348 348 348 348 348 348 348 348 348 349 349 349 349 349 349 349 349 348 348 348 348 349 349 349 349 349 349 349 349 349 349 348 348 348 348 348 349 349 349 349 348 348 348 348 348 348 348
601 601 601 601 601 601 601 603 603 603 603 603 603 340 341 485 485 485 485 485 485 486 486 486 486 486 487 487 487 488 488 488 488 488 488 488 488 489 489 489 489 489 489 489 489 489 489 490 490 490 490 490 490 490 490 490 490 490 491 491 491 491 491 491 348 348 348 348 348 348 349 348 348 348 348 348 348 348 348 348 348 348 347 347 347 348 348 348 348 348 347 347 347 347
599 600 600 601 744 744 744 744 745 745 745 746 746 483 483 484 484 484 484 484 484 485 486 486 486 486 486 486 486 486 487 487 487 487 487 487 488 488 488 489 489 489 489 489 489 489 489 489 490 490 490 490 490 490 490 490 490 490 490 491 491 490 490 490 490 490 490 490 490 490 490 490 491 491 491 348 347 347 347 347 347 347 347 347 347 347 346 346 347 347 347 347 347 347
742 742 743 743 743 743 743 744 744 745 745 745 745 482 482 482 484 484 484 484 484 484 484 485 485 485 485 485 486 486 486 487 487 487 487 487 487 487 487 487 488 488 488 488 488 488 488 488 488 488 489 489 489 489 489 489 489 489 489 489 489 490 490 490 490 490 490 490 490 489 489 489 489 489 490 490 490 490 490 490 490 489 489 346 346 346 346 346 346 346 346 346 346 346
741 741 741 742 743 743 743 743 743 743 744 744 482 482 482 482 482 483 483 483 483 483 484 484 484 485 485 485 485 485 485 485 485 486 486 486 486 486 486 486 487 487 488 488 488 488 488 488 488 488 488 489 489 489 489 489 489 488 488 488 488 488 488 489 489 489 489 489 489 489 489 489 489 489 489 488 489 489 489 489 489 489 489 489 489 488 488 488 488 345 345 345 345 345
740 741 741 741 741 742 742 742 743 743 743 744 481 481 481 481 481 482 483 483 483 483 483 483 483 483 484 484 484 484 485 485 485 485 486 486 486 486 486 486 486 486 486 487 487 487 487 487 487 487 487 487 487 488 488 488 488 488 488 488 488 488 488 488 489 489 489 488 488 488 488 488 488 488 488 488 488 488 489 489 488 488 488 488 488 488 488 488 488 487 487 487 487 487
740 740 740 740 740 741 742 742 742 742 742 479 480 481 481 481 481 481 481 482 482 482 482 483 483 483 483 484 484 484 484 484 484 484 484 485 485 485 485 485 485 485 485 485 486 486 486 486 486 486 486 486 486 486 486 487 487 487 487 487 487 487 487 487 487 487 488 488 488 488 488 488 488 488 487 487 487 487 487 487 487 488 488 488 487 487 487 487 487 487 487 487 486 486
740 740 740 740 740 740 740 741 741 742 742 479 479 480 480 480 480 480 481 481 482 482 482 482 482 482 482 482 483 483 483 483 484 484 484 484 484 485 485 485 485 485 485 485 485 485 486 486 486 486 486 486 486 486 486 486 487 487 487 487 487 487 487 487 487 486 486 486 487 487 487 487 487 487 487 487 487 487 487 486 486 486 486 487 487 487 487 487 486 486 486 486 486 486
739 740 740 740 740 740 740 740 741 741 478 478 478 478 480 480 480 480 480 480 480 480 481 481 481 482 482 482 482 483 483 483 483 483 483 483 483 483 484 484 484 484 484 484 484 484 484 485 485 485 485 485 485 485 485 485 485 485 486 486 486 486 486 486 486 486 486 486 486 486 487 487 486 486 486 486 486 486 486 486 486 486 486 485 485 486 486 486 486 486 486 486 486 486
