testData/tiles/oneDegree/grid28.0-37.0-29.0-38.0.asc
ncols   200
nrows   200
xllcorner   28.0
yllcorner   37.0
cellsize   0.005
NODATA_value   -9999.0
[rows 126 to 167 of 200, columns 94 to 187 of 200]
919 920 867 867 867 867 867 867 869 869 869 869 869 869 869 870 870 870 870 871 871 871 870 871 871 871 871 871 871 871 871 870 871 871 872 872 872 871 871 871 871 871 872 871 871 871 871 871 870 870 870 870 869 869 870 870 869 869 869 868 868 868 868 867 867 867 866 866 866 866 866 866 865 865 865 865 865 865 865 865 865 865 865 865 865 865 865 865 865 865 865 865 866 866
920 920 868 868 868 868 868 869 869 869 869 869 870 870 871 871 871 871 871 871 871 871 871 871 872 872 872 872 872 872 873 872 872 872 872 872 872 871 871 871 872 872 872 872 872 872 872 872 871 871 871 872 871 871 871 871 870 870 870 869 869 869 869 868 868 869 868 868 868 867 867 867 866 866 866 866 866 866 866 866 866 866 866 866 866 867 867 867 866 866 866 866 866 866
921 921 921 868 868 869 870 870 870 870 870 870 871 871 871 871 871 872 872 872 873 872 872 872 872 872 872 872 873 873 872 873 873 873 873 873 873 872 873 873 873 873 873 872 872 872 872 871 871 872 872 872 871 871 871 871 870 871 871 870 870 870 871 870 870 870 869 869 869 868 868 867 867 867 866 866 866 866 866 866 867 867 867 867 867 867 867 867 867 867 867 867 867 867
922 922 922 869 870 870 870 870 870 870 871 872 872 872 872 872 872 872 873 873 873 872 873 873 873 873 874 874 874 874 873 873 873 873 873 873 874 873 874 874 874 874 874 873 873 873 874 873 873 873 873 873 872 872 872 872 871 871 871 871 871 871 870 870 870 870 869 869 869 868 868 867 867 867 867 868 868 868 868 868 868 868 868 868 868 868 868 868 868 868 868 868 868 867
922 922 923 870 871 871 871 871 871 872 872 872 872 872 873 873 874 874 874 874 874 873 873 873 874 874 874 875 875 875 874 874 874 875 875 875 875 874 874 874 874 874 873 873 874 874 874 873 874 874 874 874 873 873 873 872 873 873 873 872 872 872 871 871 871 871 870 870 870 869 869 869 869 869 869 869 869 869 869 869 869 869 869 868 868 868 868 868 868 868 868 868 868 868
923 924 924 871 871 871 871 872 873 873 873 873 873 873 873 874 874 874 874 875 874 874 874 875 875 875 875 875 875 875 874 875 875 875 876 876 876 875 875 875 875 876 875 875 875 875 875 874 874 874 874 873 873 874 874 873 873 873 873 872 872 872 871 871 871 870 870 870 870 870 870 869 869 869 869 869 869 869 869 869 869 869 869 869 869 869 869 869 869 869 870 870 870 870
924 924 925 925 872 872 873 873 873 873 873 873 874 875 875 875 875 875 875 875 874 875 875 875 876 876 876 876 876 876 876 876 876 876 876 876 876 875 875 876 876 876 876 876 876 876 876 875 875 875 876 875 875 875 875 874 874 874 874 873 873 873 872 872 873 872 872 872 871 871 871 870 870 870 870 870 870 870 870 870 870 870 870 870 871 871 871 871 871 870 870 870 870 870
925 925 925 925 873 873 874 874 874 874 874 874 875 875 875 875 875 876 876 877 876 876 876 876 876 876 876 876 877 876 876 877 877 877 877 877 876 877 877 877 877 877 876 876 876 876 876 875 876 876 876 875 875 875 875 874 875 875 875 874 874 875 874 874 874 873 873 873 872 872 872 871 871 871 871 870 870 870 870 871 871 871 871 871 871 871 871 871 871 871 871 871 871 871
925 926 926 927 874 874 874 874 874 874 876 876 876 876 876 876 876 876 877 876 876 876 877 877 877 877 878 878 878 877 877 877 877 877 877 878 877 877 878 878 878 878 877 877 877 877 878 877 877 877 877 876 876 876 876 875 875 875 876 875 875 875 874 874 874 873 873 873 872 872 872 871 871 871 871 872 872 872 872 872 872 872 872 872 872 872 872 872 872 872 872 872 872 871
926 926 927 927 875 875 875 875 875 876 876 876 876 876 876 877 878 878 878 877 877 877 877 877 878 878 878 879 879 878 878 878 878 879 879 879 878 878 878 878 878 878 877 878 878 878 878 877 878 878 878 877 877 877 877 877 877 877 877 876 876 876 875 875 875 874 874 874 873 873 873 873 873 873 873 873 873 873 873 873 873 873 873 872 872 872 872 872 872 872 872 872 872 872
928 928 928 928 875 875 875 876 877 877 877 877 877 877 878 878 878 878 877 878 878 878 879 879 879 879 879 879 879 878 878 879 879 879 880 880 879 879 879 879 879 880 879 879 879 879 878 878 878 878 878 877 877 878 878 877 877 877 876 876 876 876 875 875 875 874 874 875 874 874 874 873 873 873 873 873 873 873 873 873 873 873 873 873 873 873 873 873 873 873 874 874 874 874
929 928 928 929 929 876 877 877 877 877 877 877 878 879 879 879 879 879 878 878 878 879 879 879 879 880 880 880 879 880 880 880 880 880 880 880 879 879 879 880 880 879 880 880 880 880 879 879 879 879 880 879 879 879 879 878 878 878 877 877 877 877 876 876 877 876 876 876 875 875 875 874 874 874 874 874 874 874 874 874 874 874 874 874 875 875 875 875 875 874 874 874 874 874
930 930 929 929 930 877 878 878 878 878 878 879 879 879 879 879 879 879 879 880 880 880 880 880 880 880 880 880 880 880 880 881 881 881 881 880 880 881 881 881 881 880 880 880 880 880 879 879 880 880 880 879 879 879 879 878 879 879 878 878 878 879 878 878 878 877 877 877 876 876 876 875 875 875 875 874 874 874 874 875 875 875 875 875 875 875 875 875 875 875 875 875 875 875
930 931 931 931 931 878 878 878 878 878 880 880 880 880 880 880 880 880 880 880 880 880 881 881 881 881 882 882 881 881 881 881 881 881 881 881 881 881 882 882 882 881 881 881 881 881 881 881 881 881 880 880 880 880 879 879 879 879 879 879 879 878 878 878 878 877 877 877 876 876 876 875 875 875 875 876 876 876 876 876 876 876 876 876 876 876 876 876 876 876 876 876 876 875
932 931 932 932 932 879 879 879 880 880 880 880 880 880 880 881 881 881 881 881 881 881 881 881 882 882 882 883 882 882 882 882 882 883 883 882 882 882 882 882 882 881 881 881 882 882 881 882 882 882 881 881 881 881 880 880 881 881 880 880 880 879 879 879 879 878 878 878 877 877 876 877 877 877 877 877 877 877 877 877 877 877 877 877 876 876 876 876 876 876 876 876 876 876
934 934 933 933 933 880 879 880 880 881 881 881 881 881 882 882 881 881 881 882 882 882 883 883 883 883 883 882 882 882 882 883 883 883 884 883 883 883 883 883 883 883 883 883 883 883 882 882 882 882 881 881 881 882 881 881 881 881 880 880 880 879 879 879 878 878 878 877 878 878 877 877 877 877 877 877 877 877 877 877 877 877 877 877 877 877 877 877 877 877 877 877 878 878
934 934 934 934 934 934 882 881 881 881 881 881 881 883 883 882 882 882 882 882 882 883 883 883 883 884 884 883 883 883 884 884 884 884 883 883 883 883 883 884 883 883 884 884 884 883 883 883 883 883 882 883 883 883 882 882 882 882 881 881 881 880 880 880 879 880 880 879 879 879 878 878 878 878 878 878 878 878 878 878 878 878 878 878 878 878 879 879 879 878 878 878 878 878
936 935 935 935 936 935 882 883 883 882 882 882 883 883 882 882 882 883 883 884 884 884 884 884 884 884 884 883 884 884 884 885 885 885 884 884 884 885 885 885 884 884 884 884 884 883 883 883 883 884 883 883 883 883 882 883 883 883 882 882 882 881 882 882 881 881 881 880 880 880 879 879 879 879 879 879 878 878 878 878 878 879 879 879 879 879 879 879 879 879 879 879 879 879
936 937 936 937 937 937 883 883 883 883 883 884 884 884 883 883 883 883 884 884 884 884 885 885 885 885 885 885 885 885 885 885 885 885 884 884 885 885 886 886 885 885 885 885 885 884 885 885 885 885 884 884 884 884 883 883 883 882 882 883 883 882 882 882 881 881 881 880 880 880 879 879 879 879 879 879 879 880 880 880 880 880 880 880 880 880 880 880 880 880 880 880 880 879
937 937 938 937 937 938 885 884 884 885 885 884 884 883 883 884 885 885 885 885 885 885 885 885 885 886 885 886 886 886 886 886 886 886 886 886 886 886 886 886 885 885 885 885 886 885 885 886 886 885 885 885 885 884 884 884 884 884 884 884 884 883 883 883 882 882 882 881 881 881 880 880 880 881 881 881 881 881 881 881 881 881 881 881 880 880 880 880 880 880 880 880 880 880
940 939 939 939 939 938 885 886 886 886 886 886 884 884 884 885 885 885 885 885 886 886 886 887 887 887 886 886 886 886 886 886 887 886 887 887 887 887 887 887 886 886 887 887 887 886 886 886 886 885 885 885 885 884 885 885 885 884 884 884 884 883 883 883 882 882 882 881 881 881 881 881 881 881 881 881 881 881 881 881 881 881 881 881 881 881 881 881 881 881 881 881 881 881
940 940 939 940 940 940 940 887 887 887 885 885 885 887 886 886 886 886 886 886 886 886 887 887 887 887 887 887 887 887 888 888 888 887 887 887 887 887 887 886 887 887 888 888 887 887 887 887 887 886 886 886 887 886 886 886 886 885 885 885 884 884 884 884 883 883 883 883 883 883 882 882 882 882 882 882 882 882 882 882 882 882 882 882 882 882 882 882 882 882 882 882 882 882
941 941 941 940 940 941 941 888 888 887 887 886 887 887 887 886 886 887 887 887 888 888 888 888 888 887 887 887 887 888 888 889 889 888 888 888 888 888 889 888 888 888 888 888 887 887 887 887 887 886 887 887 887 886 887 887 887 886 886 886 885 885 885 885 885 885 885 884 884 884 883 883 883 883 883 883 883 882 882 882 882 882 882 882 883 883 883 883 883 883 883 883 883 883
941 940 941 941 942 941 941 888 888 887 887 889 888 888 888 888 887 887 887 888 888 888 889 889 888 888 888 889 889 889 889 889 889 888 888 888 888 890 890 889 889 889 889 889 888 888 888 888 889 888 888 888 888 887 887 887 887 886 886 886 885 886 886 885 885 885 884 884 884 883 883 883 883 883 883 883 883 883 883 884 884 884 884 884 884 884 884 884 884 884 884 884 884 884
942 942 942 942 942 943 942 889 889 890 889 889 889 889 888 889 889 889 889 889 889 889 889 889 888 888 889 889 890 890 890 890 889 889 889 890 890 890 890 889 889 889 889 889 888 888 889 890 889 889 889 889 889 888 888 888 887 887 887 888 887 887 887 886 886 886 885 885 885 884 884 884 884 884 884 884 885 885 885 885 885 885 885 885 884 884 884 884 884 884 884 884 884 884
943 944 944 943 943 943 943 889 890 891 891 890 890 890 890 889 890 890 890 889 890 890 890 889 890 890 890 890 890 890 890 890 889 890 891 891 891 891 890 890 890 890 890 890 890 890 890 890 889 889 889 889 888 888 888 888 888 888 888 888 887 887 887 886 886 886 885 885 885 884 884 884 885 885 885 885 885 885 885 885 885 885 885 885 885 885 885 885 885 885 885 885 885 885
945 944 944 944 945 944 944 892 891 891 891 891 890 891 892 892 891 891 891 891 890 890 890 890 890 891 891 891 891 891 891 891 891 891 891 891 891 891 890 890 890 890 892 891 891 891 891 891 890 890 890 890 889 889 890 890 889 889 889 889 888 888 888 887 887 887 886 886 886 886 886 886 886 886 886 886 886 886 886 886 886 886 886 886 886 886 886 886 886 885 885 885 885 885
946 946 945 945 945 945 945 946 893 893 892 892 892 892 892 892 892 891 892 892 892 892 891 891 891 891 891 891 891 891 892 892 892 892 892 892 892 892 891 891 892 892 892 891 891 891 891 891 890 890 890 890 890 891 891 891 890 890 890 889 889 889 889 888 888 888 888 888 888 887 887 887 887 887 887 887 887 887 886 886 886 886 886 886 886 886 886 886 887 887 887 887 887 887
946 946 947 946 947 947 947 946 893 893 893 893 894 894 894 893 893 893 892 892 893 893 892 892 892 892 892 892 893 893 893 892 892 892 892 892 892 892 893 893 893 893 893 892 892 892 892 892 891 891 892 892 891 891 891 891 890 890 890 889 889 889 889 888 889 889 888 888 888 887 887 887 887 887 887 887 887 887 887 887 887 887 887 887 888 888 888 888 888 888 888 888 888 888
948 947 947 948 947 947 948 948 894 894 894 895 894 894 894 895 894 894 895 894 894 893 893 892 892 892 892 893 894 894 894 893 893 893 893 893 893 893 893 893 893 893 893 892 892 892 893 892 893 893 893 893 892 892 892 892 891 891 891 890 890 891 890 890 890 890 889 889 889 888 888 888 888 888 888 888 888 888 888 888 889 889 889 889 889 888 888 888 888 888 888 888 888 888
949 949 949 949 949 949 948 948 895 896 896 896 896 895 895 895 895 895 895 895 896 894 894 894 893 894 894 894 894 894 893 893 893 893 894 895 895 894 894 894 894 894 893 893 893 893 894 893 893 893 893 892 892 892 892 891 891 891 891 891 891 891 890 890 890 889 889 889 888 888 888 888 888 888 888 888 889 889 889 889 889 889 889 889 889 889 889 889 889 889 889 889 889 889
949 950 950 949 950 950 950 949 897 897 897 896 896 897 896 896 897 897 896 896 895 895 894 894 895 895 895 895 895 895 894 894 894 895 895 895 895 894 894 894 894 895 894 894 895 895 895 894 894 894 894 893 893 893 893 892 893 893 893 892 892 892 891 891 891 890 890 890 889 889 889 889 889 890 890 890 890 890 890 890 890 890 890 890 890 890 890 890 890 890 889 889 889 889
952 951 951 951 950 950 950 951 898 898 898 898 897 897 898 898 897 897 898 896 896 896 896 896 896 896 896 895 895 894 894 895 896 896 896 896 895 895 895 895 895 895 895 895 895 895 895 894 894 894 894 893 893 894 895 894 894 894 894 893 893 893 892 892 892 891 891 891 890 890 891 891 891 891 891 891 891 891 890 890 890 890 890 890 890 890 890 890 890 890 890 890 890 890
952 952 952 952 952 952 952 952 952 898 898 899 899 900 900 900 899 898 898 897 896 897 898 898 897 897 897 897 896 895 896 896 896 896 896 896 895 896 896 896 897 897 896 896 896 896 895 895 895 895 895 894 895 895 895 894 894 894 893 893 893 893 892 892 892 891 891 892 891 891 891 891 891 891 891 891 891 891 891 891 891 891 891 891 891 891 891 891 891 891 892 892 892 892
953 953 953 952 952 953 954 953 953 900 900 899 901 902 901 901 901 900 898 898 899 899 898 898 898 897 897 897 897 897 897 897 897 897 897 897 896 896 896 897 897 896 896 896 896 896 896 896 896 896 897 896 896 896 895 895 895 895 894 894 894 894 893 893 893 893 893 893 892 892 892 892 892 892 892 892 892 892 892 892 892 892 892 892 892 891 892 892 892 892 892 892 892 892
953 954 954 954 954 954 954 954 953 900 901 903 903 903 904 902 902 900 899 899 900 900 900 899 899 899 898 899 898 898 897 897 897 897 898 897 897 898 898 898 898 897 897 897 897 897 896 896 897 897 896 896 896 896 895 895 895 895 894 894 894 893 894 894 894 893 893 893 892 892 892 892 892 892 892 892 892 892 892 892 892 892 893 893 893 893 893 893 893 893 893 893 893 894
955 955 955 955 956 955 955 955 955 901 902 903 904 904 906 905 903 902 901 901 900 900 900 900 899 900 901 900 899 899 899 898 898 898 898 897 898 898 898 898 898 898 898 898 898 898 897 898 898 898 897 897 897 897 896 896 896 896 895 895 896 895 895 895 894 894 894 893 893 893 893 893 893 893 893 893 893 893 894 894 894 894 894 894 894 894 894 894 894 894 893 893 894 894
956 957 957 956 956 956 956 955 956 904 903 904 905 905 905 903 904 903 902 902 902 901 901 901 901 901 901 900 899 899 899 900 899 899 899 899 899 899 899 899 898 898 898 898 898 898 898 898 898 898 897 897 898 898 897 897 897 897 897 897 897 896 896 896 895 895 895 894 894 894 894 894 894 894 894 895 895 895 895 894 894 894 894 894 894 894 894 894 894 894 894 895 895 895
957 957 957 958 957 957 957 958 957 904 904 904 905 906 905 905 904 903 903 902 902 902 901 903 903 903 902 901 901 901 900 900 900 900 899 899 899 900 900 900 899 899 899 900 900 899 899 899 899 899 898 898 898 898 897 897 898 897 897 897 897 896 896 896 895 895 895 894 894 894 894 894 895 895 895 895 895 895 895 895 895 895 895 895 895 895 895 895 895 895 896 896 897 897
959 959 958 958 958 957 959 959 959 958 905 905 905 904 905 905 904 904 904 904 903 903 904 904 903 903 902 901 902 902 902 902 902 902 900 900 900 900 900 900 899 899 900 900 900 899 900 900 900 899 899 899 899 898 899 899 899 898 898 898 898 897 897 897 896 896 896 895 895 896 896 896 896 896 896 896 896 896 896 896 896 896 896 896 896 895 895 895 895 896 896 897 897 897
959 960 960 959 959 960 959 959 959 959 906 905 905 906 905 905 905 904 904 904 905 905 905 905 905 903 903 903 902 902 903 903 902 901 902 901 901 901 901 900 901 901 901 901 901 900 900 900 900 899 899 899 900 899 899 899 899 898 898 898 897 897 897 897 896 896 896 896 896 896 896 896 896 896 896 896 896 896 896 896 896 896 896 896 896 896 896 896 897 897 899 899 899 900
960 960 960 960 960 961 961 961 960 959 906 905 906 906 907 906 906 906 906 905 906 906 905 905 905 905 904 904 904 904 904 904 904 902 902 902 901 901 902 901 901 902 902 902 901 901 901 901 901 900 901 901 901 900 900 900 900 899 899 899 898 898 898 897 898 898 897 897 897 897 897 897 897 897 897 897 897 897 897 897 897 897 897 897 897 898 898 899 899 900 899 899 900 900
