testData/tiles/oneDegree/grid42.0-30.0-43.0-31.0.asc
ncols   200
nrows   200
xllcorner   42.0
yllcorner   30.0
cellsize   0.005
NODATA_value   -9999.0
[rows 0 to 41 of 200, columns 94 to 187 of 200]
192 191 188 186 182 176 174 174 174 174 174 174 174 175 175 176 176 176 177 177 178 178 179 179 179 180 180 180 181 181 182 182 182 183 183 184 184 184 185 185 185 186 186 186 187 187 187 188 188 188 189 189 189 190 190 190 190 191 191 191 192 192 192 193 193 193 193 194 194 194 194 195 195 195 196 196 196 196 197 197 197 197 197 198 198 198 198 199 199 199 199 199 200 200
192 190 188 186 182 176 174 174 174 174 174 174 174 175 175 176 176 177 177 177 178 178 179 179 180 180 180 181 181 181 182 182 183 183 183 184 184 184 185 185 185 186 186 187 187 187 188 188 188 189 189 189 189 190 190 190 191 191 191 192 192 192 192 193 193 193 194 194 194 194 195 195 195 195 196 196 196 196 197 197 197 197 198 198 198 198 199 199 199 199 199 200 200 200
192 190 188 186 182 174 174 174 174 174 174 174 175 175 176 176 176 177 177 178 178 179 179 179 180 180 181 181 181 182 182 182 183 183 184 184 184 185 185 185 186 186 186 187 187 187 188 188 188 189 189 189 190 190 190 191 191 191 191 192 192 192 193 193 193 194 194 194 194 195 195 195 195 196 196 196 196 197 197 197 197 198 198 198 198 199 199 199 199 199 200 200 200 200
192 190 188 185 182 174 174 174 174 174 174 174 175 175 176 176 177 177 178 178 178 179 179 180 180 180 181 181 182 182 182 183 183 183 184 184 184 185 185 186 186 186 187 187 187 188 188 188 189 189 189 190 190 190 190 191 191 191 192 192 192 193 193 193 193 194 194 194 195 195 195 195 196 196 196 196 197 197 197 197 198 198 198 198 199 199 199 199 199 200 200 200 200 200
192 190 188 185 182 174 174 174 174 174 174 175 175 176 176 176 177 177 178 178 179 179 179 180 180 181 181 181 182 182 182 183 183 184 184 184 185 185 185 186 186 186 187 187 187 188 188 188 189 189 189 190 190 190 191 191 191 192 192 192 192 193 193 193 194 194 194 194 195 195 195 196 196 196 196 197 197 197 197 198 198 198 198 198 199 199 199 199 200 200 200 200 200 201
192 190 188 185 181 174 174 174 174 174 174 175 175 176 176 177 177 178 178 178 179 179 180 180 180 181 181 182 182 182 183 183 183 184 184 185 185 185 186 186 186 187 187 187 188 188 188 189 189 189 190 190 190 191 191 191 191 192 192 192 193 193 193 194 194 194 194 195 195 195 195 196 196 196 196 197 197 197 197 198 198 198 198 199 199 199 199 200 200 200 200 200 201 201
192 190 188 185 181 174 174 174 174 174 175 175 176 176 176 177 177 178 178 179 179 179 180 180 181 181 181 182 182 183 183 183 184 184 184 185 185 185 186 186 187 187 187 188 188 188 189 189 189 190 190 190 190 191 191 191 192 192 192 193 193 193 193 194 194 194 195 195 195 195 196 196 196 196 197 197 197 197 198 198 198 198 199 199 199 199 200 200 200 200 200 201 201 201
192 190 188 185 181 174 174 174 174 174 175 175 176 176 177 177 178 178 178 179 179 180 180 180 181 181 182 182 182 183 183 183 184 184 185 185 185 186 186 186 187 187 187 188 188 188 189 189 189 190 190 190 191 191 191 192 192 192 192 193 193 193 194 194 194 194 195 195 195 196 196 196 196 197 197 197 197 198 198 198 198 199 199 199 199 199 200 200 200 200 201 201 201 201
192 190 188 185 181 174 174 174 174 175 175 176 176 176 177 177 178 178 179 179 179 180 180 181 181 181 182 182 183 183 183 184 184 184 185 185 185 186 186 187 187 187 188 188 188 189 189 189 190 190 190 191 191 191 191 192 192 192 193 193 193 194 194 194 194 195 195 195 195 196 196 196 197 197 197 197 198 198 198 198 199 199 199 199 199 200 200 200 200 201 201 201 201 201
192 190 187 185 181 174 174 174 174 175 175 176 176 177 177 177 178 178 179 179 180 180 180 181 181 182 182 182 183 183 183 184 184 185 185 185 186 186 186 187 187 187 188 188 188 189 189 189 190 190 190 191 191 191 192 192 192 193 193 193 193 194 194 194 195 195 195 195 196 196 196 196 197 197 197 197 198 198 198 198 199 199 199 199 200 200 200 200 201 201 201 201 201 202
192 190 187 185 180 174 174 174 175 175 176 176 176 177 177 178 178 179 179 179 180 180 181 181 181 182 182 183 183 183 184 184 184 185 185 186 186 186 187 187 187 188 188 188 189 189 189 190 190 190 191 191 191 192 192 192 192 193 193 193 194 194 194 194 195 195 195 196 196 196 196 197 197 197 197 198 198 198 198 199 199 199 199 200 200 200 200 200 201 201 201 201 202 202
191 190 187 184 180 174 174 174 175 175 176 176 177 177 177 178 178 179 179 180 180 180 181 181 182 182 182 183 183 184 184 184 185 185 185 186 186 186 187 187 187 188 188 188 189 189 189 190 190 190 191 191 191 192 192 192 193 193 193 193 194 194 194 195 195 195 195 196 196 196 197 197 197 197 198 198 198 198 199 199 199 199 200 200 200 200 200 201 201 201 201 202 202 202
191 189 187 184 180 174 174 175 175 175 176 176 177 177 178 178 179 179 179 180 180 181 181 181 182 182 183 183 183 184 184 184 185 185 186 186 186 187 187 187 188 188 188 189 189 189 190 190 190 191 191 191 192 192 192 192 193 193 193 194 194 194 195 195 195 195 196 196 196 196 197 197 197 197 198 198 198 198 199 199 199 199 200 200 200 200 201 201 201 201 201 202 202 202
191 189 187 184 180 174 174 175 175 176 176 177 177 177 178 178 179 179 180 180 180 181 181 182 182 182 183 183 184 184 184 185 185 185 186 186 186 187 187 187 188 188 189 189 189 190 190 190 190 191 191 191 192 192 192 193 193 193 194 194 194 194 195 195 195 196 196 196 196 197 197 197 197 198 198 198 198 199 199 199 199 200 200 200 200 201 201 201 201 201 202 202 202 202
191 189 187 184 180 174 175 175 175 176 176 177 177 178 178 178 179 179 180 180 181 181 181 182 182 183 183 183 184 184 184 185 185 186 186 186 187 187 187 188 188 188 189 189 189 190 190 190 191 191 191 192 192 192 193 193 193 193 194 194 194 195 195 195 195 196 196 196 197 197 197 197 198 198 198 198 199 199 199 199 200 200 200 200 200 201 201 201 201 202 202 202 202 202
191 189 187 184 179 174 175 175 176 176 177 177 177 178 178 179 179 180 180 180 181 181 182 182 182 183 183 183 184 184 185 185 185 186 186 186 187 187 188 188 188 189 189 189 190 190 190 191 191 191 191 192 192 192 193 193 193 194 194 194 194 195 195 195 196 196 196 196 197 197 197 197 198 198 198 198 199 199 199 199 200 200 200 200 201 201 201 201 202 202 202 202 202 203
191 189 187 184 179 174 175 175 176 176 177 177 178 178 178 179 179 180 180 181 181 181 182 182 183 183 183 184 184 184 185 185 186 186 186 187 187 187 188 188 188 189 189 189 190 190 190 191 191 191 192 192 192 193 193 193 193 194 194 194 195 195 195 195 196 196 196 197 197 197 197 198 198 198 198 199 199 199 199 200 200 200 200 201 201 201 201 201 202 202 202 202 203 203
191 189 187 183 179 175 175 176 176 176 177 177 178 178 179 179 179 180 180 181 181 182 182 182 183 183 183 184 184 185 185 185 186 186 186 187 187 188 188 188 189 189 189 190 190 190 191 191 191 192 192 192 192 193 193 193 194 194 194 195 195 195 195 196 196 196 196 197 197 197 198 198 198 198 199 199 199 199 200 200 200 200 201 201 201 201 201 202 202 202 202 202 203 203
191 189 186 183 178 175 175 176 176 177 177 178 178 178 179 179 180 180 180 181 181 182 182 182 183 183 184 184 184 185 185 186 186 186 187 187 187 188 188 188 189 189 189 190 190 190 191 191 191 192 192 192 193 193 193 194 194 194 194 195 195 195 196 196 196 196 197 197 197 197 198 198 198 198 199 199 199 199 200 200 200 200 201 201 201 201 202 202 202 202 202 203 203 203
191 189 186 183 179 175 175 176 176 177 177 178 178 179 179 179 180 180 181 181 181 182 182 183 183 183 184 184 185 185 185 186 186 186 187 187 188 188 188 189 189 189 190 190 190 191 191 191 192 192 192 192 193 193 193 194 194 194 195 195 195 195 196 196 196 197 197 197 197 198 198 198 198 199 199 199 199 200 200 200 200 201 201 201 201 202 202 202 202 202 203 203 203 203
191 189 186 183 179 175 176 176 177 177 177 178 178 179 179 180 180 180 181 181 182 182 182 183 183 184 184 184 185 185 186 186 186 187 187 187 188 188 188 189 189 189 190 190 190 191 191 191 192 192 192 193 193 193 194 194 194 194 195 195 195 196 196 196 196 197 197 197 198 198 198 198 199 199 199 199 200 200 200 200 201 201 201 201 201 202 202 202 202 203 203 203 203 203
191 189 186 183 178 175 176 176 177 177 178 178 178 179 179 180 180 181 181 181 182 182 183 183 183 184 184 185 185 185 186 186 186 187 187 187 188 188 189 189 189 190 190 190 191 191 191 192 192 192 192 193 193 193 194 194 194 195 195 195 195 196 196 196 197 197 197 197 198 198 198 198 199 199 199 199 200 200 200 200 201 201 201 201 202 202 202 202 202 203 203 203 203 204
191 188 186 184 178 176 176 176 177 177 178 178 179 179 180 180 180 181 181 182 182 182 183 183 184 184 184 185 185 185 186 186 187 187 187 188 188 188 189 189 189 190 190 190 191 191 191 192 192 192 193 193 193 194 194 194 194 195 195 195 196 196 196 196 197 197 197 198 198 198 198 199 199 199 199 200 200 200 200 201 201 201 201 202 202 202 202 202 203 203 203 203 203 204
190 188 186 183 177 176 176 177 177 178 178 178 179 179 180 180 181 181 181 182 182 183 183 183 184 184 185 185 185 186 186 186 187 187 187 188 188 189 189 189 190 190 190 191 191 191 192 192 192 192 193 193 193 194 194 194 195 195 195 195 196 196 196 197 197 197 197 198 198 198 198 199 199 199 200 200 200 200 200 201 201 201 201 202 202 202 202 203 203 203 203 203 204 204
190 188 187 183 177 176 176 177 177 178 178 179 179 179 180 180 181 181 182 182 182 183 183 184 184 184 185 185 185 186 186 187 187 187 188 188 188 189 189 189 190 190 190 191 191 191 192 192 192 193 193 193 194 194 194 194 195 195 195 196 196 196 196 197 197 197 198 198 198 198 199 199 199 199 200 200 200 200 201 201 201 201 202 202 202 202 202 203 203 203 203 204 204 204
190 188 187 183 178 176 177 177 177 178 178 179 179 180 180 180 181 181 182 182 182 183 183 184 184 184 185 185 186 186 186 187 187 187 188 188 188 189 189 190 190 190 191 191 191 192 192 192 192 193 193 193 194 194 194 195 195 195 196 196 196 196 197 197 197 197 198 198 198 199 199 199 199 200 200 200 200 201 201 201 201 202 202 202 202 202 203 203 203 203 204 204 204 204
190 188 186 183 176 176 177 177 178 178 178 179 179 180 180 181 181 181 182 182 183 183 183 184 184 185 185 185 186 186 186 187 187 188 188 188 189 189 189 190 190 190 191 191 191 192 192 192 193 193 193 194 194 194 194 195 195 195 196 196 196 197 197 197 197 198 198 198 198 199 199 199 199 200 200 200 200 201 201 201 201 202 202 202 202 203 203 203 203 203 204 204 204 204
190 189 186 184 176 176 177 177 178 178 179 179 180 180 180 181 181 182 182 182 183 183 184 184 184 185 185 186 186 186 187 187 187 188 188 188 189 189 189 190 190 191 191 191 192 192 192 192 193 193 193 194 194 194 195 195 195 196 196 196 196 197 197 197 197 198 198 198 199 199 199 199 200 200 200 200 201 201 201 201 202 202 202 202 202 203 203 203 203 204 204 204 204 204
190 189 186 184 176 177 177 177 178 178 179 179 180 180 181 181 181 182 182 183 183 183 184 184 185 185 185 186 186 186 187 187 188 188 188 189 189 189 190 190 190 191 191 191 192 192 192 193 193 193 194 194 194 194 195 195 195 196 196 196 197 197 197 197 198 198 198 198 199 199 199 199 200 200 200 200 201 201 201 201 202 202 202 202 203 203 203 203 203 204 204 204 204 205
190 189 186 183 176 177 177 178 178 179 179 179 180 180 181 181 181 182 182 183 183 184 184 184 185 185 185 186 186 187 187 187 188 188 188 189 189 189 190 190 190 191 191 191 192 192 192 193 193 193 194 194 194 195 195 195 196 196 196 196 197 197 197 198 198 198 198 199 199 199 199 200 200 200 200 201 201 201 201 202 202 202 202 203 203 203 203 203 204 204 204 204 204 205
191 189 187 183 176 177 177 178 178 179 179 180 180 180 181 181 182 182 182 183 183 184 184 184 185 185 186 186 186 187 187 187 188 188 189 189 189 190 190 190 191 191 191 192 192 192 193 193 193 194 194 194 194 195 195 195 196 196 196 197 197 197 197 198 198 198 198 199 199 199 200 200 200 200 201 201 201 201 201 202 202 202 202 203 203 203 203 204 204 204 204 204 205 205
191 188 187 183 177 177 178 178 178 179 179 180 180 181 181 181 182 182 183 183 183 184 184 185 185 185 186 186 187 187 187 188 188 188 189 189 189 190 190 190 191 191 191 192 192 192 193 193 193 194 194 194 195 195 195 195 196 196 196 197 197 197 198 198 198 198 199 199 199 199 200 200 200 200 201 201 201 201 202 202 202 202 203 203 203 203 203 204 204 204 204 205 205 205
191 188 187 183 177 177 178 178 179 179 179 180 180 181 181 182 182 182 183 183 184 184 184 185 185 186 186 186 187 187 187 188 188 188 189 189 190 190 190 191 191 191 192 192 192 193 193 193 194 194 194 194 195 195 195 196 196 196 197 197 197 197 198 198 198 198 199 199 199 200 200 200 200 201 201 201 201 202 202 202 202 202 203 203 203 203 204 204 204 204 204 205 205 205
190 189 186 182 177 177 178 178 179 179 180 180 180 181 181 182 182 183 183 183 184 184 185 185 185 186 186 186 187 187 188 188 188 189 189 189 190 190 190 191 191 191 192 192 192 193 193 193 194 194 194 195 195 195 195 196 196 196 197 197 197 197 198 198 198 199 199 199 199 200 200 200 200 201 201 201 201 202 202 202 202 203 203 203 203 204 204 204 204 204 205 205 205 205
190 189 186 183 177 178 178 178 179 179 180 180 181 181 181 182 182 183 183 183 184 184 185 185 185 186 186 187 187 187 188 188 188 189 189 189 190 190 191 191 191 192 192 192 192 193 193 193 194 194 194 195 195 195 196 196 196 196 197 197 197 198 198 198 198 199 199 199 200 200 200 200 201 201 201 201 202 202 202 202 202 203 203 203 203 204 204 204 204 205 205 205 205 205
190 189 186 183 177 178 178 179 179 179 180 180 181 181 182 182 182 183 183 184 184 184 185 185 186 186 186 187 187 187 188 188 189 189 189 190 190 190 191 191 191 192 192 192 193 193 193 194 194 194 195 195 195 195 196 196 196 197 197 197 197 198 198 198 199 199 199 199 200 200 200 200 201 201 201 201 202 202 202 202 203 203 203 203 204 204 204 204 204 205 205 205 205 205
191 189 186 183 177 178 178 179 179 180 180 180 181 181 182 182 183 183 183 184 184 185 185 185 186 186 186 187 187 188 188 188 189 189 189 190 190 190 191 191 191 192 192 192 193 193 193 194 194 194 195 195 195 196 196 196 196 197 197 197 198 198 198 198 199 199 199 200 200 200 200 201 201 201 201 202 202 202 202 203 203 203 203 203 204 204 204 204 205 205 205 205 205 206
191 189 187 182 178 178 178 179 179 180 180 181 181 181 182 182 183 183 183 184 184 185 185 185 186 186 187 187 187 188 188 188 189 189 190 190 190 191 191 191 192 192 192 193 193 193 194 194 194 194 195 195 195 196 196 196 197 197 197 197 198 198 198 199 199 199 199 200 200 200 200 201 201 201 201 202 202 202 202 203 203 203 203 204 204 204 204 204 205 205 205 205 205 206
191 189 187 182 178 178 179 179 179 180 180 181 181 182 182 182 183 183 184 184 184 185 185 186 186 186 187 187 187 188 188 189 189 189 190 190 190 191 191 191 192 192 192 193 193 193 194 194 194 195 195 195 196 196 196 196 197 197 197 198 198 198 198 199 199 199 200 200 200 200 201 201 201 201 202 202 202 202 203 203 203 203 203 204 204 204 204 205 205 205 205 205 206 206
191 188 186 182 178 178 179 179 180 180 180 181 181 182 182 183 183 183 184 184 185 185 185 186 186 186 187 187 188 188 188 189 189 189 190 190 190 191 191 191 192 192 192 193 193 193 194 194 194 195 195 195 196 196 196 197 197 197 197 198 198 198 199 199 199 199 200 200 200 200 201 201 201 201 202 202 202 202 203 203 203 203 204 204 204 204 204 205 205 205 205 206 206 206
191 189 186 181 178 178 179 179 180 180 181 181 181 182 182 183 183 183 184 184 185 185 185 186 186 187 187 187 188 188 188 189 189 190 190 190 191 191 191 192 192 192 193 193 193 194 194 194 195 195 195 195 196 196 196 197 197 197 198 198 198 198 199 199 199 199 200 200 200 201 201 201 201 202 202 202 202 203 203 203 203 203 204 204 204 204 205 205 205 205 205 206 206 206
191 189 186 182 178 179 179 179 180 180 181 181 182 182 182 183 183 184 184 184 185 185 186 186 186 187 187 187 188 188 189 189 189 190 190 190 191 191 191 192 192 192 193 193 193 194 194 194 195 195 195 196 196 196 196 197 197 197 198 198 198 199 199 199 199 200 200 200 200 201 201 201 201 202 202 202 202 203 203 203 203 204 204 204 204 204 205 205 205 205 206 206 206 206
