testData/tiles/oneDegree/grid37.0-23.0-38.0-24.0.asc
ncols   200
nrows   200
xllcorner   37.0
yllcorner   23.0
cellsize   0.005
NODATA_value   -9999.0
[rows 0 to 41 of 200, columns 94 to 187 of 200]
223 222 222 222 222 221 220 220 220 220 219 218 219 218 218 217 217 217 216 216 215 215 215 213 213 213 212 212 211 211 211 210 210 208 208 208 207 207 207 206 198 196 196 196 195 195 194 194 193 192 191 192 191 191 189 189 189 188 187 186 186 185 185 183 184 183 182 182 181 180 180 179 178 178 178 177 177 178 178 177 177 178 177 177 177 176 177 177 176 176 177 176 176 176
224 223 223 223 222 222 221 222 221 220 220 219 220 219 218 217 217 217 216 215 216 215 215 214 213 214 213 212 212 211 211 210 209 210 209 209 208 207 207 206 205 197 197 197 196 194 195 194 193 193 192 192 191 190 190 190 188 188 187 188 187 185 185 184 184 184 182 181 182 181 180 179 179 179 178 178 178 179 178 178 178 178 178 178 177 178 178 177 177 177 177 177 177 176
223 223 222 223 222 221 221 221 221 220 219 220 219 219 218 217 218 217 217 216 216 216 215 214 214 213 213 212 212 212 211 211 210 211 209 208 208 208 207 207 206 198 197 196 196 195 195 195 193 193 193 192 192 191 189 190 189 189 188 187 187 186 185 186 184 184 183 182 182 181 180 180 179 179 179 179 179 179 179 179 178 179 179 178 178 179 178 178 178 177 178 178 177 177
224 223 224 223 223 222 222 222 221 221 220 221 220 219 219 218 218 217 216 216 216 216 215 214 215 214 214 213 213 212 211 210 210 210 210 209 208 209 207 207 206 198 198 197 196 195 195 195 194 193 194 192 191 191 191 191 190 188 188 188 187 187 185 186 185 184 183 183 182 182 181 180 180 180 179 179 180 180 179 179 180 180 179 179 179 179 179 179 178 179 179 178 178 178
224 223 224 223 222 222 221 222 221 220 220 220 220 219 219 219 218 218 217 218 217 216 216 214 214 214 213 213 213 212 212 211 212 211 209 209 208 209 208 207 207 199 197 197 196 197 196 195 195 193 193 193 192 192 191 190 190 189 190 189 187 187 186 186 185 184 183 184 183 182 181 181 181 180 180 180 181 180 180 180 180 180 180 179 180 180 180 179 179 180 179 179 179 179
224 224 224 224 223 223 223 222 222 221 221 221 220 220 219 219 218 217 217 217 217 216 215 216 215 215 214 213 214 212 212 211 211 211 210 210 210 209 208 207 206 199 198 198 197 196 196 195 195 195 194 194 192 191 192 191 191 189 189 189 188 187 187 186 186 185 184 184 183 182 182 181 181 181 181 181 181 181 181 180 181 181 180 180 181 180 180 180 180 180 180 179 179 180
224 224 224 223 223 222 223 222 221 221 221 221 220 220 219 219 219 218 218 218 217 217 216 216 215 214 214 214 214 213 212 212 212 211 210 209 210 209 208 208 208 200 198 197 197 197 196 196 195 195 194 193 193 193 193 191 190 190 190 189 188 187 188 187 186 185 185 184 184 182 182 182 182 181 181 182 182 181 181 182 182 181 181 181 181 181 181 180 181 181 180 180 180 180
225 225 225 224 223 223 223 223 222 222 222 221 221 220 220 219 218 218 217 218 217 216 216 216 216 215 214 215 213 213 212 212 212 211 211 210 210 210 208 208 208 199 199 198 198 197 196 196 195 195 195 194 193 193 192 192 191 190 190 189 189 188 187 187 186 185 186 184 184 183 183 182 182 182 182 182 182 182 182 182 182 182 181 182 182 182 181 181 182 181 181 181 181 181
224 225 224 224 223 224 223 222 222 221 222 221 220 220 220 220 219 219 219 218 218 217 216 216 215 215 214 215 214 213 213 213 213 211 210 211 210 210 209 208 209 208 198 198 198 198 197 196 197 195 195 194 193 194 193 191 191 191 191 190 188 189 188 187 187 185 186 185 184 183 183 183 183 182 183 183 183 182 182 183 183 182 182 183 182 182 182 183 182 182 182 181 182 182
225 226 225 224 224 224 224 223 222 223 222 222 221 220 220 219 219 218 219 218 217 217 217 217 216 215 215 215 214 213 212 213 212 212 211 211 211 210 209 208 208 208 199 199 199 197 197 196 197 196 195 195 194 193 193 192 192 191 190 190 189 189 188 187 187 187 186 185 184 183 184 183 183 183 184 183 183 183 184 183 183 183 183 183 183 183 182 183 183 182 182 182 182 182
225 225 225 224 223 224 223 223 222 223 222 221 221 221 221 220 219 219 219 219 218 217 217 216 216 215 216 215 214 214 213 214 213 211 211 211 211 210 209 210 209 208 199 198 199 198 197 197 196 196 195 194 195 194 193 192 192 192 191 190 189 189 189 188 187 187 186 186 185 184 184 184 184 184 184 184 184 183 184 184 184 183 184 184 184 183 183 184 183 183 183 183 183 183
226 226 225 225 224 225 224 223 223 223 223 221 221 221 220 220 219 219 219 218 218 217 218 217 216 216 216 215 214 213 214 213 213 212 211 212 211 210 209 209 209 208 200 200 199 198 197 197 197 196 196 194 195 194 193 193 193 191 191 190 190 190 188 188 187 188 187 185 185 185 185 184 184 185 185 185 184 184 185 184 184 184 185 184 184 184 183 184 184 184 183 184 184 183
226 225 225 224 225 224 224 223 222 223 222 222 221 222 221 220 220 220 220 219 218 217 217 217 216 216 216 215 215 214 215 214 212 212 212 212 211 210 210 210 210 208 199 200 199 199 198 198 197 196 196 195 195 195 193 192 193 192 192 191 190 190 189 189 188 187 187 186 185 185 185 185 185 186 185 185 185 185 185 185 185 184 185 185 185 184 185 185 184 184 184 184 184 268
227 226 226 225 225 225 224 223 223 223 222 221 221 221 221 220 220 220 219 219 218 219 218 217 217 216 216 215 214 214 214 214 213 213 213 212 211 210 211 210 209 209 200 200 199 198 198 198 197 197 196 196 195 194 194 193 194 192 191 191 191 190 189 188 189 188 187 186 185 186 186 185 185 186 186 186 185 186 186 185 185 185 186 185 185 185 186 185 185 185 185 185 269 268
226 226 225 225 225 225 224 223 224 223 223 222 223 222 221 221 220 221 219 218 218 218 218 217 217 217 216 216 215 215 215 213 213 212 213 212 211 211 211 211 209 208 201 200 200 199 198 199 197 197 196 196 196 195 194 194 193 193 192 191 191 190 190 189 189 188 187 187 187 186 186 186 186 187 186 186 186 187 186 186 186 186 186 186 186 185 186 186 185 185 186 269 269 269
226 225 225 224 225 224 224 223 223 223 222 222 222 222 221 220 221 220 220 219 219 219 218 218 217 217 216 215 215 215 215 214 214 213 213 213 211 211 211 210 210 209 202 201 199 199 199 199 198 197 197 196 195 195 194 195 194 192 192 192 192 191 189 189 189 189 188 186 187 187 187 186 187 187 187 187 186 187 187 186 186 187 187 186 186 187 187 186 186 186 270 270 270 269
227 226 225 226 225 225 224 224 224 224 223 222 223 222 222 221 221 220 219 219 218 219 218 218 217 217 217 216 216 216 214 214 213 214 213 212 212 211 212 210 209 209 209 201 200 199 200 198 198 197 197 197 196 195 194 194 194 193 193 192 191 191 190 191 189 188 188 187 188 187 187 187 188 187 187 187 188 187 187 187 187 187 187 187 187 187 187 187 186 271 271 271 270 270
226 226 225 226 225 224 224 224 224 223 223 222 223 222 221 221 221 221 220 219 220 219 219 217 217 217 216 216 215 216 215 214 214 214 213 212 212 212 211 211 210 210 210 200 200 199 200 199 198 198 197 197 196 195 195 195 194 193 192 193 192 191 190 190 190 189 188 188 188 188 188 187 188 188 188 187 188 188 188 187 188 188 188 187 187 188 188 187 187 272 271 271 271 271
227 226 226 226 226 225 225 225 224 224 223 224 223 222 221 220 221 220 220 219 220 219 218 218 218 218 217 217 216 215 215 214 214 214 213 213 212 213 211 210 210 210 210 201 200 200 199 199 198 197 198 197 197 195 195 195 194 194 193 192 192 191 191 191 189 189 188 189 189 188 188 189 189 188 188 188 189 188 188 188 189 188 188 188 189 188 188 188 271 272 272 272 271 272
226 226 225 226 225 225 224 225 224 223 223 223 223 222 222 221 222 221 220 220 220 219 218 218 218 217 217 216 217 216 215 215 214 214 213 213 212 212 212 211 211 211 209 201 200 201 200 199 199 197 198 197 196 196 196 196 194 193 194 193 193 191 190 191 190 189 188 189 189 189 189 189 189 189 189 189 189 189 189 188 189 189 189 188 189 189 189 272 273 273 272 272 272 272
227 227 226 226 226 225 225 225 224 223 223 223 222 222 221 222 221 221 220 219 220 219 219 218 219 218 217 216 216 216 215 215 215 214 214 213 213 212 211 211 210 211 210 201 201 200 200 199 198 199 198 198 196 195 196 195 195 194 193 193 192 192 192 190 190 189 189 190 189 189 189 190 190 189 189 190 190 189 189 190 190 189 189 189 190 189 189 273 273 273 273 273 273 273
227 226 227 226 226 225 224 225 224 224 223 224 223 223 222 222 222 221 220 220 220 219 218 218 218 218 217 217 217 216 216 215 215 214 213 213 213 213 212 212 211 210 210 201 201 201 200 200 198 199 198 197 197 197 197 195 194 194 194 194 193 191 192 191 191 190 190 190 190 190 189 190 190 190 190 190 190 190 190 190 190 190 190 190 190 190 273 273 274 274 273 273 274 273
226 226 226 226 225 225 225 224 224 223 223 223 223 222 222 222 221 221 220 221 220 220 219 220 219 217 217 216 217 216 215 215 215 215 214 214 213 212 212 211 212 211 210 202 200 201 200 200 199 199 199 197 197 197 196 196 195 195 194 193 193 192 193 191 190 190 191 191 190 190 191 191 190 190 190 191 191 190 190 191 191 190 190 191 191 274 274 274 274 274 274 273 274 274
227 226 227 226 226 225 226 225 225 224 224 224 223 223 221 222 221 221 220 220 220 219 219 219 219 218 217 218 217 217 215 215 215 214 214 213 214 213 213 211 211 211 210 202 202 201 201 199 199 199 198 198 197 198 196 195 195 195 195 194 192 193 192 192 191 190 191 191 191 191 191 191 191 191 191 191 191 191 191 191 191 191 191 191 191 275 274 275 275 275 274 274 275 274
227 226 226 226 225 225 225 225 224 224 224 224 223 222 223 222 222 221 221 221 221 220 218 219 218 218 217 218 217 216 216 216 216 215 214 213 213 213 212 212 212 211 211 201 202 201 200 200 200 200 198 198 197 197 197 196 196 195 194 194 193 194 192 191 191 191 192 191 191 191 192 192 191 191 192 192 191 191 192 192 191 191 191 192 275 275 275 276 275 275 275 275 275 275
227 228 227 227 226 225 226 225 225 223 224 223 223 222 223 222 221 221 221 221 220 220 219 219 219 218 218 217 217 216 215 216 215 215 214 215 214 213 212 211 212 211 211 210 202 202 200 200 200 199 199 198 199 197 196 196 195 196 195 193 193 193 193 192 191 192 192 192 192 191 192 192 192 192 192 192 192 192 192 192 192 192 192 192 276 276 275 276 276 275 275 276 276 275
227 227 227 226 226 226 226 225 224 224 224 224 223 223 223 223 222 221 221 220 220 219 220 219 219 218 217 218 217 217 216 217 215 214 214 214 214 213 213 213 212 211 210 210 202 201 201 200 201 199 199 198 198 198 197 197 196 195 195 194 194 193 192 192 192 193 193 192 192 193 193 192 192 192 193 193 192 192 193 193 192 192 193 277 276 276 277 277 276 276 276 276 276 276
226 227 226 226 225 226 225 225 224 224 224 223 223 222 223 222 222 221 222 221 220 220 220 220 219 218 218 218 217 216 216 216 216 215 215 215 213 213 212 213 212 211 211 211 203 201 201 200 200 200 199 199 198 197 197 196 197 196 194 194 194 194 193 193 192 193 193 193 193 193 193 193 193 193 193 193 193 193 193 193 193 193 193 277 277 277 277 277 277 276 277 277 277 276
227 227 227 226 226 226 226 225 225 225 225 224 223 224 222 222 221 221 221 221 220 220 220 219 219 218 219 218 218 217 216 216 215 215 214 215 214 213 213 213 212 211 211 211 202 202 201 202 200 199 199 198 199 198 197 196 196 196 195 195 194 193 193 193 193 194 193 193 193 194 194 193 193 194 194 193 193 194 194 193 193 193 278 277 277 277 278 277 277 277 278 277 277 277
226 227 226 226 225 226 225 225 224 225 224 224 223 224 223 222 222 221 222 221 221 219 220 219 218 218 218 218 217 217 217 217 216 215 215 214 214 213 213 213 212 212 211 211 202 202 201 201 201 200 199 199 198 198 197 197 197 195 195 194 195 194 194 193 194 194 194 194 193 194 194 194 194 194 194 194 194 194 194 194 194 194 278 278 278 277 278 278 278 277 278 278 277 277
228 228 227 227 226 226 225 224 224 224 224 223 223 223 223 222 222 222 221 221 220 220 220 220 219 219 219 217 217 216 217 216 216 215 215 215 214 214 212 213 212 211 211 211 203 202 201 201 200 200 199 200 199 198 197 196 197 196 196 194 194 194 194 194 195 194 194 194 195 195 194 194 194 195 194 194 194 195 195 194 194 279 279 278 278 279 279 278 278 278 278 278 278 278
228 227 227 226 227 226 226 225 224 225 224 224 223 224 223 223 222 222 221 221 220 220 220 219 219 218 219 218 218 217 217 216 215 215 215 215 214 213 214 213 213 211 211 211 202 202 201 202 201 200 199 199 199 198 198 198 196 196 195 195 195 194 194 194 195 195 195 194 195 195 195 195 195 195 195 195 194 195 195 195 194 279 279 279 278 279 279 279 278 279 279 279 278 278
227 227 226 226 226 226 225 225 225 225 224 223 223 223 223 222 222 222 222 221 221 221 220 219 218 219 218 218 217 217 217 216 216 215 216 214 214 213 214 213 212 212 212 212 202 202 201 201 201 200 200 200 198 198 197 198 197 197 195 195 195 195 195 195 195 195 195 195 196 195 195 195 196 196 195 195 196 196 195 195 279 280 279 279 279 280 279 279 279 280 279 279 279 279
228 227 227 226 227 226 226 225 226 225 225 223 224 223 222 222 221 222 221 221 220 221 220 220 219 219 219 218 217 217 217 216 216 215 215 215 214 214 214 213 212 211 212 211 203 202 203 201 200 200 199 200 199 199 197 197 197 196 196 196 195 195 195 196 196 196 195 195 196 196 196 195 196 196 196 195 196 196 196 196 280 280 280 280 279 280 280 280 279 280 280 279 279 280
227 227 226 226 226 226 225 225 225 225 224 224 224 224 223 223 223 222 222 220 220 220 220 219 219 219 219 218 217 218 217 217 216 216 215 215 214 213 214 213 213 212 212 211 202 202 202 202 201 201 200 199 199 198 198 198 197 196 195 196 196 196 195 196 196 196 196 197 196 196 196 196 197 196 196 196 197 196 196 280 281 280 280 280 281 280 280 280 280 280 280 280 280 280
227 226 226 225 226 225 225 224 225 224 224 223 224 223 223 222 223 222 222 221 220 221 220 220 219 219 218 218 217 218 217 216 216 216 216 215 215 214 213 213 212 212 212 212 203 202 202 201 201 200 201 200 199 198 198 198 197 197 196 196 196 196 196 197 197 196 196 197 197 197 196 197 197 197 196 196 197 197 197 280 281 281 281 280 281 281 281 280 281 281 281 280 280 281
228 227 227 227 226 226 225 225 225 225 224 224 224 223 222 222 222 222 221 221 221 221 220 219 219 219 219 218 218 218 217 216 215 216 215 215 214 215 214 214 212 212 212 211 203 202 203 202 200 200 200 200 199 199 199 197 197 196 197 197 197 196 196 197 197 197 197 197 197 197 197 198 197 197 197 198 197 197 197 281 282 281 281 281 282 281 281 281 282 281 281 281 281 281
227 227 226 227 226 226 225 226 225 224 224 223 224 223 223 222 223 222 222 221 221 220 220 219 220 219 218 218 217 218 217 217 216 217 215 214 214 214 214 213 213 213 213 211 202 203 202 202 201 201 201 199 199 198 199 198 198 196 197 197 197 197 198 197 197 197 197 198 198 197 197 198 198 197 197 198 198 198 281 282 282 282 281 281 282 282 281 281 282 282 281 281 282 282
227 226 226 226 226 225 225 225 225 224 224 223 224 223 222 222 222 222 221 221 221 221 220 220 220 220 218 217 218 217 217 216 216 216 216 215 215 214 213 213 212 213 212 212 211 203 202 201 201 200 201 200 199 198 198 198 197 197 198 198 197 197 198 198 198 197 198 198 198 198 197 198 198 198 198 198 198 198 282 283 282 282 282 283 282 282 282 282 282 282 282 281 282 282
227 227 226 227 226 226 225 226 225 225 224 225 224 224 222 222 222 221 221 220 221 220 220 219 220 219 219 218 219 218 216 216 216 216 215 215 214 215 214 213 213 212 212 211 211 203 203 202 201 201 200 200 199 199 199 198 197 197 198 198 198 198 198 198 198 198 199 198 198 198 199 199 198 198 198 199 199 282 282 283 283 282 282 283 283 282 282 283 283 282 282 282 283 314
227 226 226 226 226 225 225 225 225 224 224 224 224 223 223 223 223 222 222 221 221 220 219 219 219 219 218 218 218 218 217 217 217 216 215 214 215 214 214 213 213 213 212 212 210 203 202 202 201 202 201 199 199 199 199 198 198 198 198 198 198 198 199 199 198 198 199 199 199 198 199 199 199 199 199 199 199 283 283 283 283 283 283 283 283 283 283 283 283 283 283 283 315 315
227 227 225 226 225 225 224 225 224 224 223 224 223 223 222 223 222 222 221 222 221 221 220 219 220 219 218 217 218 217 217 216 217 216 216 215 215 215 213 213 213 213 212 212 211 203 203 201 201 201 201 200 199 200 198 198 198 199 199 199 198 198 199 199 199 199 199 199 199 199 200 199 199 199 200 200 199 283 283 284 283 283 283 284 283 283 283 284 283 283 283 316 315 315
