testData/tiles/oneDegree/grid32.0-6.0-33.0-7.0.asc
ncols   200
nrows   200
xllcorner   32.0
yllcorner   6.0
cellsize   0.005
NODATA_value   -9999.0
[rows 138 to 183 of 200, columns 0 to 95 of 200]
208 208 208 208 208 208 208 208 208 208 208 208 208 208 208 208 208 208 208 208 208 208 208 208 208 208 208 208 208 101 101 101 101 188 188 188 188 188 188 188 188 188 188 188 188 188 188 188 188 188 188 188 87 87 87 87 87 87 87 87 87 87 87 87 87 87 87 87 87 87 87 87 87 87 87 87 87 87 87 87 87 87 87 87 87 87 87 87 87 87 87 87 87 87 87 87
208 208 208 208 208 208 208 208 208 208 208 208 208 208 208 208 208 208 208 208 208 208 208 208 208 208 208 208 208 208 101 101 101 188 188 188 188 188 188 188 188 188 188 188 188 188 188 188 188 188 188 188 87 87 87 87 87 87 87 87 87 87 87 87 87 87 87 87 87 87 87 87 87 87 87 87 87 87 87 87 87 87 87 87 87 87 87 87 87 87 87 87 87 87 87 87
208 208 208 208 208 208 208 208 208 208 208 208 208 208 208 208 208 208 208 208 208 208 208 208 208 208 208 208 208 208 208 101 188 188 188 188 188 188 188 188 188 188 188 188 188 188 188 188 188 188 188 188 87 87 87 87 87 87 87 87 87 87 87 87 87 87 87 87 87 87 87 87 87 87 87 87 87 87 87 87 87 87 87 87 87 87 87 87 87 87 87 87 87 87 87 87
208 208 208 208 208 208 208 208 208 208 208 208 208 208 208 208 208 208 208 208 208 208 208 208 208 208 208 208 208 208 208 208 188 188 188 188 188 188 188 188 188 188 188 188 188 188 188 188 188 188 188 188 87 87 87 87 87 87 87 87 87 87 87 87 87 87 87 87 87 87 87 87 87 87 87 87 87 87 87 87 87 87 87 87 87 87 87 87 87 87 87 87 87 87 87 87
208 208 208 208 208 208 208 208 208 208 208 208 208 208 208 208 208 208 208 208 208 208 208 208 208 208 208 208 208 208 208 208 295 188 188 188 188 188 188 188 188 188 188 188 188 188 188 188 188 188 188 188 188 87 87 87 87 87 87 87 87 87 87 87 87 87 87 87 87 87 87 87 87 87 87 87 87 87 87 87 87 87 87 87 87 87 87 87 87 87 87 87 87 87 87 87
208 208 208 208 208 208 208 208 208 208 208 208 208 208 208 208 208 208 208 208 208 208 208 208 208 208 208 208 208 208 208 295 295 295 188 188 188 188 188 188 188 188 188 188 188 188 188 188 188 188 188 188 188 87 87 87 87 87 87 87 87 87 87 87 87 87 87 87 87 87 87 87 87 87 87 87 87 87 87 87 87 87 87 87 87 87 87 87 87 87 87 87 87 87 87 87
208 208 208 208 208 208 208 208 208 208 208 208 208 208 208 208 208 208 208 208 208 208 208 208 208 208 208 208 208 208 208 295 295 295 295 188 188 188 188 188 188 188 188 188 188 188 188 188 188 188 188 188 188 87 87 87 87 87 87 87 87 87 87 87 87 87 87 87 87 87 87 87 87 87 87 87 87 87 87 87 87 87 87 87 87 87 87 87 87 87 87 87 87 87 87 87
208 208 208 208 208 208 208 208 208 208 208 208 208 208 208 208 208 208 208 208 208 208 208 208 208 208 208 208 208 208 295 295 295 295 295 295 295 188 188 188 188 188 188 188 188 188 188 188 188 188 188 188 188 87 87 87 87 87 87 87 87 87 87 87 87 87 87 87 87 87 87 87 87 87 87 87 87 87 87 87 87 87 87 87 87 87 87 87 87 87 87 87 87 87 87 87
208 208 208 208 208 208 208 208 208 208 208 208 208 208 208 208 208 208 208 208 208 208 208 208 208 208 208 208 208 208 295 295 295 295 295 295 295 295 188 188 188 188 188 188 188 188 188 188 188 188 188 188 188 87 87 87 87 87 87 87 87 87 87 87 87 87 87 87 87 87 87 87 87 87 87 87 87 87 87 87 87 87 87 87 87 87 87 87 87 87 87 87 87 87 87 87
208 208 208 208 208 208 208 208 208 208 208 208 208 208 208 208 208 208 208 208 208 208 208 208 208 208 208 208 208 208 295 295 295 295 295 295 295 295 295 188 188 188 188 188 188 188 188 188 188 188 188 188 188 87 87 87 87 87 87 87 87 87 87 87 87 87 87 87 87 87 87 87 87 87 87 87 87 87 87 87 87 87 87 87 87 87 87 87 87 87 87 87 87 87 87 87
208 208 208 208 208 208 208 208 208 208 208 208 208 208 208 208 208 208 208 208 208 208 208 208 208 208 208 208 208 295 295 295 295 295 295 295 295 295 295 295 188 188 188 188 188 188 188 188 188 188 188 188 188 87 87 87 87 87 87 87 87 87 87 87 87 87 87 87 87 87 87 87 87 87 87 87 87 87 87 87 87 87 87 87 87 87 87 87 87 87 87 87 87 87 87 87
208 208 208 208 208 208 208 208 208 208 208 208 208 208 208 208 208 208 208 208 208 208 208 208 208 208 208 208 208 295 295 295 295 295 295 295 295 295 295 295 295 188 188 188 188 188 188 188 188 188 188 188 188 87 87 87 87 87 87 87 87 87 87 87 87 87 87 87 87 87 87 87 87 87 87 87 87 87 87 87 87 87 87 87 87 87 87 87 87 87 87 87 87 87 87 87
208 208 208 208 208 208 208 208 208 208 208 208 208 208 208 208 208 208 208 208 208 208 208 208 208 208 208 208 295 295 295 295 295 295 295 295 295 295 295 295 295 295 188 188 188 188 188 188 188 188 188 188 188 87 87 87 87 87 87 87 87 87 87 87 87 87 87 87 87 87 87 87 87 87 87 87 87 87 87 87 87 87 87 87 87 87 87 87 87 87 87 87 87 87 87 87
208 208 208 208 208 208 208 208 208 208 208 208 208 208 208 208 208 208 208 208 208 208 208 208 208 208 208 208 295 295 295 295 295 295 295 295 295 295 295 295 295 295 295 188 188 188 188 188 188 188 188 188 188 188 87 87 87 87 87 87 87 87 87 87 87 87 87 87 87 87 87 87 87 87 87 87 87 87 87 87 87 87 87 87 87 87 87 87 87 87 87 87 87 87 87 87
208 208 208 208 208 208 208 208 208 208 208 208 208 208 208 208 208 208 208 208 208 208 208 208 208 208 208 208 295 295 295 295 295 295 295 295 295 295 295 295 295 295 295 295 188 188 188 188 188 188 188 188 188 188 87 87 87 87 87 87 87 87 87 87 87 87 87 87 87 87 87 87 87 87 87 87 87 87 87 87 87 87 87 87 87 87 87 87 87 87 87 87 87 87 87 87
208 208 208 208 208 208 208 208 208 208 208 208 208 208 208 208 208 208 208 208 208 208 208 208 208 208 208 295 295 295 295 295 295 295 295 295 295 295 295 295 295 295 295 295 295 188 188 188 188 188 188 188 188 188 87 87 87 87 87 87 87 87 87 87 87 87 87 87 87 87 87 87 87 87 87 87 87 87 87 87 87 87 87 87 87 87 87 87 87 87 87 87 87 87 87 87
297 297 297 297 297 297 297 208 208 208 208 208 208 208 208 208 208 208 208 208 208 208 208 208 208 208 208 295 295 295 295 295 295 295 295 295 295 295 295 295 295 295 295 295 295 295 188 188 188 188 188 188 188 188 87 87 87 87 87 87 87 87 87 87 87 87 87 87 87 87 87 87 87 87 87 87 87 87 87 87 87 87 87 87 87 87 87 87 87 87 87 87 87 87 87 87
322 319 317 314 312 309 306 303 301 297 297 297 297 297 297 297 297 297 297 297 297 297 297 208 208 208 208 295 295 295 295 295 295 295 295 295 295 295 295 295 295 295 295 295 295 295 295 188 188 188 188 188 188 188 87 87 87 87 87 87 87 87 87 87 87 87 87 87 87 87 87 87 87 87 87 87 87 87 87 87 87 87 87 87 87 87 87 87 87 87 87 87 87 87 87 87
354 352 350 348 347 345 343 340 338 336 334 332 329 327 324 322 319 317 314 311 308 305 301 298 297 297 384 384 384 384 384 384 384 384 384 384 295 295 295 295 295 295 295 295 295 295 295 295 188 188 188 188 188 188 87 87 87 87 87 87 87 87 87 87 87 87 87 87 87 87 87 87 87 87 87 87 87 87 87 87 87 87 87 87 87 87 87 87 87 87 87 87 87 87 87 87
377 376 374 372 371 369 367 366 364 362 360 358 356 354 352 350 348 346 344 342 339 337 335 332 330 327 411 409 406 403 400 396 393 390 386 384 384 384 384 384 384 384 384 384 384 384 384 295 188 188 188 188 188 188 87 87 87 87 87 87 87 87 87 87 87 87 87 87 87 87 87 87 87 87 87 87 87 87 87 87 87 87 87 87 87 87 87 87 87 87 87 87 87 87 87 87
395 393 392 390 389 387 386 384 383 381 379 378 376 374 372 371 369 367 365 363 361 359 357 355 353 351 435 433 431 428 426 423 421 418 415 413 410 407 403 400 397 393 390 386 384 384 384 384 384 277 277 277 277 277 176 87 87 87 87 87 87 87 87 87 87 87 87 87 87 87 87 87 87 87 87 87 87 87 87 87 87 87 87 87 87 87 87 87 87 87 87 87 87 87 87 87
408 406 405 404 402 401 399 398 397 395 393 392 390 389 387 386 384 382 380 379 377 375 373 371 369 454 452 450 448 446 444 442 439 437 435 432 430 427 425 422 419 416 413 410 407 404 401 397 394 390 279 277 277 277 176 176 176 176 176 176 176 87 87 87 87 87 87 87 87 87 87 87 87 87 87 87 87 87 87 87 87 87 87 87 87 87 87 87 87 87 87 87 87 87 87 87
417 416 415 413 412 411 409 408 407 405 404 402 401 399 398 396 395 393 391 390 388 386 385 383 381 466 464 463 461 459 457 455 453 450 448 446 444 441 439 437 434 432 429 426 424 421 418 415 412 409 405 295 291 288 284 179 176 176 176 176 176 176 176 176 176 176 87 87 87 87 87 87 87 87 87 87 87 87 87 87 87 87 87 87 87 87 87 87 87 87 87 87 87 87 87 87
424 423 421 420 419 418 416 415 414 412 411 409 408 407 405 404 402 401 399 397 396 394 392 391 389 474 473 471 469 467 465 463 461 459 457 455 453 451 449 446 444 442 439 437 434 432 429 426 423 420 417 414 304 301 298 193 189 186 182 177 176 176 176 176 176 176 176 176 176 176 87 87 87 87 87 87 87 87 87 87 87 87 87 87 87 87 87 87 87 87 87 87 87 87 87 87
428 427 425 424 423 422 420 419 418 416 415 414 412 411 409 408 406 405 403 402 400 399 397 395 481 479 477 475 474 472 470 468 466 464 462 460 458 456 454 452 449 447 445 443 440 438 435 432 430 427 424 421 418 308 305 201 197 194 190 186 182 178 176 176 176 176 176 176 176 176 176 176 87 87 87 87 87 87 87 87 87 87 87 87 87 87 87 87 87 87 87 87 87 87 87 87
429 428 427 425 424 423 422 420 419 418 416 415 414 412 411 409 408 406 405 403 402 400 398 397 482 480 479 477 475 473 472 470 468 466 464 462 460 458 456 454 451 449 447 444 442 440 437 434 432 429 426 423 421 418 307 203 200 196 193 189 185 181 177 176 176 176 176 176 176 176 176 176 87 87 87 87 87 87 87 87 87 87 87 87 87 87 87 87 87 87 87 87 87 87 87 87
428 427 425 424 423 422 420 419 418 416 415 414 412 411 409 408 406 405 403 402 400 399 397 395 481 479 477 475 474 472 470 468 466 464 462 460 458 456 454 452 449 447 445 443 440 438 435 432 430 427 424 421 418 415 412 201 197 194 190 186 182 178 176 176 176 176 176 176 176 176 176 176 87 87 87 87 87 87 87 87 87 87 87 87 87 87 87 87 87 87 87 87 87 87 87 87
424 423 421 420 419 418 416 415 414 412 411 409 408 407 405 404 402 401 399 397 396 394 392 478 476 474 473 471 469 467 465 463 461 459 457 455 453 451 449 446 444 442 439 437 434 432 429 426 423 420 417 414 411 408 405 300 189 186 182 177 176 176 176 176 176 176 176 176 176 176 87 87 87 87 87 87 87 87 87 87 87 87 87 87 87 87 87 87 87 87 87 87 87 87 87 87
417 416 415 413 412 411 409 408 407 405 404 402 401 399 398 396 395 393 391 390 388 386 385 470 468 466 464 463 461 459 457 455 453 450 448 446 444 441 439 437 434 432 429 426 424 421 418 415 412 409 405 402 398 395 391 286 283 176 176 176 176 176 176 176 176 176 87 87 87 87 87 87 87 87 87 87 87 87 87 87 87 87 87 87 87 87 87 87 87 87 87 87 87 87 87 87
408 406 405 404 402 401 399 398 397 395 393 392 390 389 387 386 384 382 380 379 377 375 373 458 456 454 452 450 448 446 444 442 439 437 435 432 430 427 425 422 419 416 413 410 407 404 401 397 394 390 386 384 384 384 384 283 283 176 176 176 176 87 87 87 87 87 87 87 87 87 87 87 87 87 87 87 87 87 87 87 87 87 87 87 87 87 87 87 87 87 87 87 87 87 87 87
395 393 392 390 389 387 386 384 383 381 379 378 376 374 372 371 369 367 365 363 361 359 444 442 440 438 435 433 431 428 426 423 421 418 415 413 410 407 403 400 397 393 390 386 384 384 384 384 384 384 384 384 384 384 384 194 194 194 87 87 87 87 87 87 87 87 87 87 87 87 87 87 87 87 87 87 87 87 87 87 87 87 87 87 87 87 87 87 87 87 87 87 87 87 87 87
377 376 374 372 371 369 367 366 364 362 360 358 356 354 352 350 348 346 344 342 339 337 422 419 417 414 411 409 406 403 400 396 393 390 386 384 384 384 384 384 384 384 384 384 384 384 384 295 295 295 295 295 295 295 295 194 194 194 194 87 87 87 87 87 87 87 87 87 87 87 87 87 87 87 87 87 87 87 87 87 87 87 87 87 87 87 87 87 87 87 87 87 87 87 87 87
354 352 350 348 347 345 343 340 338 336 334 332 329 327 324 322 319 317 314 311 308 305 388 385 384 384 384 384 384 384 384 384 384 384 384 384 295 295 295 295 295 295 295 295 295 295 295 295 295 295 295 295 295 295 295 194 194 194 194 194 87 87 87 87 87 87 87 87 87 87 87 87 87 87 87 87 87 87 87 87 87 87 87 87 87 87 87 87 87 87 87 87 87 87 87 87
322 319 317 314 312 309 306 303 301 297 297 297 297 297 297 297 297 297 297 297 297 384 384 295 295 295 295 295 295 295 295 295 295 295 295 295 295 295 295 295 295 295 295 295 295 295 295 295 295 295 295 295 295 295 295 194 194 194 194 194 194 87 87 87 87 87 87 87 87 87 87 87 87 87 87 87 87 87 87 87 87 87 87 87 87 87 87 87 87 87 87 87 87 87 87 87
297 297 297 297 297 297 297 208 208 208 208 208 208 208 208 208 208 208 208 208 208 295 295 295 295 295 295 295 295 295 295 295 295 295 295 295 295 295 295 295 295 295 295 295 295 295 295 295 295 295 295 295 295 295 295 194 194 194 194 194 194 194 87 87 87 87 87 87 87 87 87 87 87 87 87 87 87 87 87 87 87 87 87 87 87 87 87 87 87 87 87 87 87 87 87 87
208 208 208 208 208 208 208 208 208 208 208 208 208 208 208 208 208 208 208 208 208 295 295 295 295 295 295 295 295 295 295 295 295 295 295 295 295 295 295 295 295 295 295 295 295 295 295 295 295 295 295 295 295 295 295 295 194 194 194 194 194 194 87 87 87 87 87 87 87 87 87 87 87 87 87 87 87 87 87 87 87 87 87 87 87 87 87 87 87 87 87 87 87 87 87 87
208 208 208 208 208 208 208 208 208 208 208 208 208 208 208 208 208 208 208 208 295 295 295 295 295 295 295 295 295 295 295 295 295 295 295 295 295 295 295 295 295 295 295 295 295 295 295 295 295 295 295 295 295 295 295 295 194 194 194 194 194 194 194 87 87 87 87 87 87 87 87 87 87 87 87 87 87 87 87 87 87 87 87 87 87 87 87 87 87 87 87 87 87 87 87 87
208 208 208 208 208 208 208 208 208 208 208 208 208 208 208 208 208 208 208 208 295 295 295 295 295 295 295 295 295 295 295 295 295 295 295 295 295 295 295 295 295 295 295 295 295 295 295 295 295 295 295 295 295 295 295 295 194 194 194 194 194 194 194 194 87 87 87 87 87 87 87 87 87 87 87 87 87 87 87 87 87 87 87 87 87 87 87 87 87 87 87 87 87 87 87 87
208 208 208 208 208 208 208 208 208 208 208 208 208 208 208 208 208 208 208 208 295 295 295 295 295 295 295 295 295 295 295 295 295 295 295 295 295 295 295 295 295 295 295 295 295 295 295 295 295 295 295 295 295 295 295 295 194 194 194 194 194 194 194 194 194 87 87 87 87 87 87 87 87 87 87 87 87 87 87 87 87 87 87 87 87 87 87 87 87 87 87 87 87 87 87 87
208 208 208 208 208 208 208 208 208 208 208 208 208 208 208 208 208 208 208 295 295 295 295 295 295 295 295 295 295 295 295 295 295 295 295 295 295 295 295 295 295 295 295 295 295 295 295 295 295 295 295 295 295 295 295 295 194 194 194 194 194 194 194 194 194 194 87 87 87 87 87 87 87 87 87 87 87 87 87 87 87 87 87 87 87 87 87 87 87 87 87 87 87 87 87 87
209 208 208 208 208 208 208 208 208 208 208 208 208 208 208 208 208 208 208 295 295 295 295 295 295 295 295 295 295 295 295 295 295 295 295 295 295 295 295 295 295 295 295 295 295 295 295 295 295 295 295 295 295 295 295 295 194 194 194 194 194 194 194 194 194 194 87 87 87 87 87 87 87 87 87 87 87 87 87 87 87 87 87 87 87 87 87 87 87 87 87 87 87 87 87 87
210 209 208 208 208 208 208 208 208 208 208 208 208 208 208 208 208 208 208 295 295 295 295 295 295 295 295 295 295 295 295 295 295 295 295 295 295 295 295 295 295 295 295 295 295 295 295 295 295 295 295 295 295 295 295 295 194 194 194 194 194 194 194 194 194 194 194 87 87 87 87 87 87 87 87 87 87 87 87 87 87 87 87 87 87 87 87 87 87 87 87 87 87 87 87 87
211 210 209 208 208 208 208 208 208 208 208 208 208 208 208 208 208 208 208 295 295 295 295 295 295 295 295 295 295 295 295 295 295 295 295 295 295 295 295 295 295 295 295 295 295 295 295 295 295 295 295 295 295 295 295 295 194 194 194 194 194 194 194 194 194 194 194 194 87 87 87 87 87 87 87 87 87 87 87 87 87 87 87 87 87 87 87 87 87 87 87 87 87 87 87 87
211 210 210 209 208 208 208 208 208 208 208 208 208 208 208 208 208 208 295 295 295 295 295 295 295 295 295 295 295 295 295 295 295 295 295 295 295 295 295 295 295 295 295 295 295 295 295 295 295 295 295 295 295 295 295 295 194 194 194 194 194 194 194 194 194 194 194 194 194 87 87 87 87 87 87 87 87 87 87 87 87 87 87 87 87 87 87 87 87 87 87 87 87 87 87 87
212 211 210 210 209 208 208 208 208 208 208 208 208 208 208 208 208 208 295 295 295 295 295 295 295 295 295 295 295 295 295 295 295 295 295 295 295 295 295 295 295 295 295 295 295 295 295 295 295 295 295 295 295 295 295 295 194 194 194 194 194 194 194 194 194 194 194 194 194 87 87 87 87 87 87 87 87 87 87 87 87 87 87 87 87 87 87 87 87 87 87 87 87 87 87 87
212 212 211 210 210 209 208 208 208 208 208 208 208 208 208 208 208 208 295 295 295 295 295 295 295 295 295 295 295 295 295 295 295 295 295 295 295 295 295 295 295 295 295 295 295 295 295 295 295 295 295 295 295 295 295 295 194 194 194 194 194 194 194 194 194 194 194 194 194 194 87 87 87 87 87 87 87 87 87 87 87 87 87 87 87 87 87 87 87 87 87 87 87 87 87 87
