testData/tiles/oneDegree/grid21.0-49.0-22.0-50.0.asc
ncols   200
nrows   200
xllcorner   21.0
yllcorner   49.0
cellsize   0.005
NODATA_value   -9999.0
[rows 96 to 143 of 200, columns 0 to 95 of 200]
218 221 225 228 231 234 237 240 243 246 249 251 254 256 258 260 262 264 266 268 270 272 273 275 277 278 279 281 282 283 284 285 286 287 288 289 290 290 291 292 292 293 293 294 294 294 294 294 294 295 294 294 294 294 294 294 293 293 292 292 291 290 290 289 288 287 286 285 284 283 282 281 279 278 277 275 273 272 270 268 266 264 262 260 258 256 254 251 249 246 243 240 237 234 231 228
218 221 225 228 231 235 238 241 243 246 249 251 254 256 258 260 263 265 267 268 270 272 274 275 277 278 279 281 282 283 284 285 286 287 288 289 290 291 291 292 292 293 293 294 294 294 294 294 295 295 295 294 294 294 294 294 293 293 292 292 291 291 290 289 288 287 286 285 284 283 282 281 279 278 277 275 274 272 270 268 267 265 263 260 258 256 254 251 249 246 243 241 238 235 231 228
218 221 225 228 232 235 238 241 243 246 249 251 254 256 258 261 263 265 267 268 270 272 274 275 277 278 280 281 282 283 284 286 287 287 288 289 290 291 291 292 292 293 293 294 294 294 294 295 295 295 295 295 294 294 294 294 293 293 292 292 291 291 290 289 288 287 287 286 284 283 282 281 280 278 277 275 274 272 270 268 267 265 263 261 258 256 254 251 249 246 243 241 238 235 232 228
218 222 225 228 232 235 238 241 244 246 249 251 254 256 258 261 263 265 267 269 270 272 274 275 277 278 280 281 282 283 285 286 287 288 288 289 290 291 291 292 293 293 293 294 294 294 295 295 295 295 295 295 295 294 294 294 293 293 293 292 291 291 290 289 288 288 287 286 285 283 282 281 280 278 277 275 274 272 270 269 267 265 263 261 258 256 254 251 249 246 244 241 238 235 232 228
218 222 225 229 232 235 238 241 244 246 249 251 254 256 259 261 263 265 267 269 270 272 274 275 277 278 280 281 282 284 285 286 287 288 289 289 290 291 291 292 293 293 293 294 294 294 295 295 295 295 295 295 295 294 294 294 293 293 293 292 291 291 290 289 289 288 287 286 285 284 282 281 280 278 277 275 274 272 270 269 267 265 263 261 259 256 254 251 249 246 244 241 238 235 232 229
218 222 225 229 232 235 238 241 244 246 249 252 254 256 259 261 263 265 267 269 271 272 274 275 277 278 280 281 282 284 285 286 287 288 289 289 290 291 292 292 293 293 294 294 294 294 295 295 295 295 295 295 295 294 294 294 294 293 293 292 292 291 290 289 289 288 287 286 285 284 282 281 280 278 277 275 274 272 271 269 267 265 263 261 259 256 254 252 249 246 244 241 238 235 232 229
218 222 225 229 232 235 238 241 244 247 249 252 254 256 259 261 263 265 267 269 271 272 274 276 277 279 280 281 282 284 285 286 287 288 289 289 290 291 292 292 293 293 294 294 294 295 295 295 295 295 295 295 295 295 294 294 294 293 293 292 292 291 290 289 289 288 287 286 285 284 282 281 280 279 277 276 274 272 271 269 267 265 263 261 259 256 254 252 249 247 244 241 238 235 232 229
218 222 225 229 232 235 238 241 244 247 249 252 254 257 259 261 263 265 267 269 271 272 274 276 277 279 280 281 283 284 285 286 287 288 289 290 290 291 292 292 293 293 294 294 294 295 295 295 295 295 295 295 295 295 294 294 294 293 293 292 292 291 290 290 289 288 287 286 285 284 283 281 280 279 277 276 274 272 271 269 267 265 263 261 259 257 254 252 249 247 244 241 238 235 232 229
218 222 225 229 232 235 238 241 244 247 249 252 254 257 259 261 263 265 267 269 271 272 274 276 277 279 280 281 283 284 285 286 287 288 289 290 290 291 292 292 293 293 294 294 294 295 295 295 295 295 295 295 295 295 294 294 294 293 293 292 292 291 290 290 289 288 287 286 285 284 283 281 280 279 277 276 274 272 271 269 267 265 263 261 259 257 254 252 249 247 244 241 238 235 232 229
218 222 226 229 232 235 238 241 244 247 249 252 254 257 259 261 263 265 267 269 271 273 274 276 277 279 280 281 283 284 285 286 287 288 289 290 290 291 292 292 293 293 294 294 294 295 295 295 295 295 295 295 295 295 294 294 294 293 293 292 292 291 290 290 289 288 287 286 285 284 283 281 280 279 277 276 274 273 271 269 267 265 263 261 259 257 254 252 249 247 244 241 238 235 232 229
219 222 226 229 232 235 238 241 244 247 249 252 254 257 259 261 263 265 267 269 271 273 274 276 277 279 280 281 283 284 285 286 287 288 289 290 290 291 292 292 293 293 294 294 295 295 295 295 295 295 295 295 295 295 295 294 294 293 293 292 292 291 290 290 289 288 287 286 285 284 283 281 280 279 277 276 274 273 271 269 267 265 263 261 259 257 254 252 249 247 244 241 238 235 232 229
219 222 226 229 232 235 238 241 244 247 249 252 254 257 259 261 263 265 267 269 271 273 274 276 277 279 280 282 283 284 285 286 287 288 289 290 291 291 292 292 293 293 294 294 295 295 295 295 295 295 295 295 295 295 295 294 294 293 293 292 292 291 291 290 289 288 287 286 285 284 283 282 280 279 277 276 274 273 271 269 267 265 263 261 259 257 254 252 249 247 244 241 238 235 232 229
219 222 226 229 232 235 238 241 244 247 250 252 254 257 259 261 263 265 267 269 271 273 274 276 277 279 280 282 283 284 285 286 287 288 289 290 291 291 292 293 293 294 294 294 295 295 295 295 295 295 295 295 295 295 295 294 294 294 293 293 292 291 291 290 289 288 287 286 285 284 283 282 280 279 277 276 274 273 271 269 267 265 263 261 259 257 254 252 250 247 244 241 238 235 232 229
219 222 226 229 232 236 239 241 244 247 250 252 254 257 259 261 263 265 267 269 271 273 274 276 277 279 280 282 283 284 285 286 287 288 289 290 291 291 292 293 293 294 294 294 295 295 295 295 295 295 295 295 295 295 295 294 294 294 293 293 292 291 291 290 289 288 287 286 285 284 283 282 280 279 277 276 274 273 271 269 267 265 263 261 259 257 254 252 250 247 244 241 239 236 232 229
219 222 226 229 232 236 239 241 244 247 250 252 255 257 259 261 263 265 267 269 271 273 274 276 277 279 280 282 283 284 285 286 287 288 289 290 291 291 292 293 293 294 294 294 295 295 295 295 295 295 295 295 295 295 295 294 294 294 293 293 292 291 291 290 289 288 287 286 285 284 283 282 280 279 277 276 274 273 271 269 267 265 263 261 259 257 255 252 250 247 244 241 239 236 232 229
219 222 226 229 232 236 239 242 244 247 250 252 255 257 259 261 263 265 267 269 271 273 274 276 278 279 280 282 283 284 285 286 287 288 289 290 291 291 292 293 293 294 294 294 295 295 295 295 295 295 295 295 295 295 295 294 294 294 293 293 292 291 291 290 289 288 287 286 285 284 283 282 280 279 278 276 274 273 271 269 267 265 263 261 259 257 255 252 250 247 244 242 239 236 232 229
219 222 226 229 233 236 239 242 244 247 250 252 255 257 259 261 263 265 267 269 271 273 274 276 278 279 280 282 283 284 285 286 287 288 289 290 291 291 292 293 293 294 294 294 295 295 295 295 295 295 295 295 295 295 295 294 294 294 293 293 292 291 291 290 289 288 287 286 285 284 283 282 280 279 278 276 274 273 271 269 267 265 263 261 259 257 255 252 250 247 244 242 239 236 233 229
219 222 226 229 233 236 239 242 244 247 250 252 255 257 259 261 263 266 267 269 271 273 274 276 278 279 280 282 283 284 285 286 287 288 289 290 291 291 292 293 293 294 294 294 295 295 295 295 295 295 295 295 295 295 295 294 294 294 293 293 292 291 291 290 289 288 287 286 285 284 283 282 280 279 278 276 274 273 271 269 267 266 263 261 259 257 255 252 250 247 244 242 239 236 233 229
219 222 226 229 233 236 239 242 244 247 250 252 255 257 259 261 264 266 267 269 271 273 274 276 278 279 280 282 283 284 285 286 287 288 289 290 291 291 292 293 293 294 294 294 295 295 295 295 295 295 295 295 295 295 295 294 294 294 293 293 292 291 291 290 289 288 287 286 285 284 283 282 280 279 278 276 274 273 271 269 267 266 264 261 259 257 255 252 250 247 244 242 239 236 233 229
219 223 226 229 233 236 239 242 244 247 250 252 255 257 259 261 264 266 267 269 271 273 274 276 278 279 280 282 283 284 285 286 287 288 289 290 291 291 292 293 293 294 294 294 295 295 295 295 295 295 295 295 295 295 295 294 294 294 293 293 292 291 291 290 289 288 287 286 285 284 283 282 280 279 278 276 274 273 271 269 267 266 264 261 259 257 255 252 250 247 244 242 239 236 233 229
219 223 226 229 233 236 239 242 244 247 250 252 255 257 259 261 264 266 267 269 271 273 275 276 278 279 280 282 283 284 285 286 287 288 289 290 291 291 292 293 293 294 294 294 295 295 295 295 295 295 295 295 295 295 295 294 294 294 293 293 292 291 291 290 289 288 287 286 285 284 283 282 280 279 278 276 275 273 271 269 267 266 264 261 259 257 255 252 250 247 244 242 239 236 233 229
219 223 226 229 233 236 239 242 244 247 250 252 255 257 259 261 264 266 267 269 271 273 275 276 278 279 280 282 283 284 285 286 287 288 289 290 291 291 292 293 293 294 294 294 295 295 295 295 295 296 295 295 295 295 295 294 294 294 293 293 292 291 291 290 289 288 287 286 285 284 283 282 280 279 278 276 275 273 271 269 267 266 264 261 259 257 255 252 250 247 244 242 239 236 233 229
219 223 226 229 233 236 239 242 244 247 250 252 255 257 259 261 264 266 267 269 271 273 275 276 278 279 280 282 283 284 285 286 287 288 289 290 291 291 292 293 293 294 294 294 295 295 295 295 295 295 295 295 295 295 295 294 294 294 293 293 292 291 291 290 289 288 287 286 285 284 283 282 280 279 278 276 275 273 271 269 267 266 264 261 259 257 255 252 250 247 244 242 239 236 233 229
219 223 226 229 233 236 239 242 244 247 250 252 255 257 259 261 264 266 267 269 271 273 274 276 278 279 280 282 283 284 285 286 287 288 289 290 291 291 292 293 293 294 294 294 295 295 295 295 295 295 295 295 295 295 295 294 294 294 293 293 292 291 291 290 289 288 287 286 285 284 283 282 280 279 278 276 274 273 271 269 267 266 264 261 259 257 255 252 250 247 244 242 239 236 233 229
219 222 226 229 233 236 239 242 244 247 250 252 255 257 259 261 264 266 267 269 271 273 274 276 278 279 280 282 283 284 285 286 287 288 289 290 291 291 292 293 293 294 294 294 295 295 295 295 295 295 295 295 295 295 295 294 294 294 293 293 292 291 291 290 289 288 287 286 285 284 283 282 280 279 278 276 274 273 271 269 267 266 264 261 259 257 255 252 250 247 244 242 239 236 233 229
219 222 226 229 233 236 239 242 244 247 250 252 255 257 259 261 263 266 267 269 271 273 274 276 278 279 280 282 283 284 285 286 287 288 289 290 291 291 292 293 293 294 294 294 295 295 295 295 295 295 295 295 295 295 295 294 294 294 293 293 292 291 291 290 289 288 287 286 285 284 283 282 280 279 278 276 274 273 271 269 267 266 263 261 259 257 255 252 250 247 244 242 239 236 233 229
219 222 226 229 233 236 239 242 244 247 250 252 255 257 259 261 263 265 267 269 271 273 274 276 278 279 280 282 283 284 285 286 287 288 289 290 291 291 292 293 293 294 294 294 295 295 295 295 295 295 295 295 295 295 295 294 294 294 293 293 292 291 291 290 289 288 287 286 285 284 283 282 280 279 278 276 274 273 271 269 267 265 263 261 259 257 255 252 250 247 244 242 239 236 233 229
219 222 226 229 232 236 239 242 244 247 250 252 255 257 259 261 263 265 267 269 271 273 274 276 278 279 280 282 283 284 285 286 287 288 289 290 291 291 292 293 293 294 294 294 295 295 295 295 295 295 295 295 295 295 295 294 294 294 293 293 292 291 291 290 289 288 287 286 285 284 283 282 280 279 278 276 274 273 271 269 267 265 263 261 259 257 255 252 250 247 244 242 239 236 232 229
219 222 226 229 232 236 239 241 244 247 250 252 255 257 259 261 263 265 267 269 271 273 274 276 277 279 280 282 283 284 285 286 287 288 289 290 291 291 292 293 293 294 294 294 295 295 295 295 295 295 295 295 295 295 295 294 294 294 293 293 292 291 291 290 289 288 287 286 285 284 283 282 280 279 277 276 274 273 271 269 267 265 263 261 259 257 255 252 250 247 244 241 239 236 232 229
219 222 226 229 232 236 239 241 244 247 250 252 254 257 259 261 263 265 267 269 271 273 274 276 277 279 280 282 283 284 285 286 287 288 289 290 291 291 292 293 293 294 294 294 295 295 295 295 295 295 295 295 295 295 295 294 294 294 293 293 292 291 291 290 289 288 287 286 285 284 283 282 280 279 277 276 274 273 271 269 267 265 263 261 259 257 254 252 250 247 244 241 239 236 232 229
219 222 226 229 232 235 238 241 244 247 250 252 254 257 259 261 263 265 267 269 271 273 274 276 277 279 280 282 283 284 285 286 287 288 289 290 291 291 292 293 293 294 294 294 295 295 295 295 295 295 295 295 295 295 295 294 294 294 293 293 292 291 291 290 289 288 287 286 285 284 283 282 280 279 277 276 274 273 271 269 267 265 263 261 259 257 254 252 250 247 244 241 238 235 232 229
219 222 226 229 232 235 238 241 244 247 249 252 254 257 259 261 263 265 267 269 271 273 274 276 277 279 280 282 283 284 285 286 287 288 289 290 291 291 292 292 293 293 294 294 295 295 295 295 295 295 295 295 295 295 295 294 294 293 293 292 292 291 291 290 289 288 287 286 285 284 283 282 280 279 277 276 274 273 271 269 267 265 263 261 259 257 254 252 249 247 244 241 238 235 232 229
219 222 226 229 232 235 238 241 244 247 249 252 254 257 259 261 263 265 267 269 271 273 274 276 277 279 280 281 283 284 285 286 287 288 289 290 290 291 292 292 293 293 294 294 295 295 295 295 295 295 295 295 295 295 295 294 294 293 293 292 292 291 290 290 289 288 287 286 285 284 283 281 280 279 277 276 274 273 271 269 267 265 263 261 259 257 254 252 249 247 244 241 238 235 232 229
218 222 226 229 232 235 238 241 244 247 249 252 254 257 259 261 263 265 267 269 271 273 274 276 277 279 280 281 283 284 285 286 287 288 289 290 290 291 292 292 293 293 294 294 294 295 295 295 295 295 295 295 295 295 294 294 294 293 293 292 292 291 290 290 289 288 287 286 285 284 283 281 280 279 277 276 274 273 271 269 267 265 263 261 259 257 254 252 249 247 244 241 238 235 232 229
218 222 225 229 232 235 238 241 244 247 249 252 254 257 259 261 263 265 267 269 271 272 274 276 277 279 280 281 283 284 285 286 287 288 289 290 290 291 292 292 293 293 294 294 294 295 295 295 295 295 295 295 295 295 294 294 294 293 293 292 292 291 290 290 289 288 287 286 285 284 283 281 280 279 277 276 274 272 271 269 267 265 263 261 259 257 254 252 249 247 244 241 238 235 232 229
218 222 225 229 232 235 238 241 244 247 249 252 254 257 259 261 263 265 267 269 271 272 274 276 277 279 280 281 283 284 285 286 287 288 289 290 290 291 292 292 293 293 294 294 294 295 295 295 295 295 295 295 295 295 294 294 294 293 293 292 292 291 290 290 289 288 287 286 285 284 283 281 280 279 277 276 274 272 271 269 267 265 263 261 259 257 254 252 249 247 244 241 238 235 232 229
218 222 225 229 232 235 238 241 244 247 249 252 254 256 259 261 263 265 267 269 271 272 274 276 277 279 280 281 282 284 285 286 287 288 289 289 290 291 292 292 293 293 294 294 294 295 295 295 295 295 295 295 295 295 294 294 294 293 293 292 292 291 290 289 289 288 287 286 285 284 282 281 280 279 277 276 274 272 271 269 267 265 263 261 259 256 254 252 249 247 244 241 238 235 232 229
218 222 225 229 232 235 238 241 244 246 249 252 254 256 259 261 263 265 267 269 271 272 274 275 277 278 280 281 282 284 285 286 287 288 289 289 290 291 292 292 293 293 294 294 294 294 295 295 295 295 295 295 295 294 294 294 294 293 293 292 292 291 290 289 289 288 287 286 285 284 282 281 280 278 277 275 274 272 271 269 267 265 263 261 259 256 254 252 249 246 244 241 238 235 232 229
218 222 225 229 232 235 238 241 244 246 249 251 254 256 259 261 263 265 267 269 270 272 274 275 277 278 280 281 282 284 285 286 287 288 289 289 290 291 291 292 293 293 293 294 294 294 295 295 295 295 295 295 295 294 294 294 293 293 293 292 291 291 290 289 289 288 287 286 285 284 282 281 280 278 277 275 274 272 270 269 267 265 263 261 259 256 254 251 249 246 244 241 238 235 232 229
218 222 225 228 232 235 238 241 244 246 249 251 254 256 258 261 263 265 267 269 270 272 274 275 277 278 280 281 282 283 285 286 287 288 288 289 290 291 291 292 293 293 293 294 294 294 295 295 295 295 295 295 295 294 294 294 293 293 293 292 291 291 290 289 288 288 287 286 285 283 282 281 280 278 277 275 274 272 270 269 267 265 263 261 258 256 254 251 249 246 244 241 238 235 232 228
218 221 225 228 232 235 238 241 243 246 249 251 254 256 258 261 263 265 267 268 270 272 274 275 277 278 280 281 282 283 284 286 287 287 288 289 290 291 291 292 292 293 293 294 294 294 294 295 295 295 295 295 294 294 294 294 293 293 292 292 291 291 290 289 288 287 287 286 284 283 282 281 280 278 277 275 274 272 270 268 267 265 263 261 258 256 254 251 249 246 243 241 238 235 232 228
218 221 225 228 231 235 238 241 243 246 249 251 254 256 258 260 263 265 267 268 270 272 274 275 277 278 279 281 282 283 284 285 286 287 288 289 290 291 291 292 292 293 293 294 294 294 294 294 295 295 295 294 294 294 294 294 293 293 292 292 291 291 290 289 288 287 286 285 284 283 282 281 279 278 277 275 274 272 270 268 267 265 263 260 258 256 254 251 249 246 243 241 238 235 231 228
218 221 225 228 231 234 237 240 243 246 249 251 254 256 258 260 262 264 266 268 270 272 273 275 277 278 279 281 282 283 284 285 286 287 288 289 290 290 291 292 292 293 293 294 294 294 294 294 294 295 294 294 294 294 294 294 293 293 292 292 291 290 290 289 288 287 286 285 284 283 282 281 279 278 277 275 273 272 270 268 266 264 262 260 258 256 254 251 249 246 243 240 237 234 231 228
217 221 225 228 231 234 237 240 243 246 248 251 253 256 258 260 262 264 266 268 270 272 273 275 276 278 279 281 282 283 284 285 286 287 288 289 290 290 291 292 292 293 293 293 294 294 294 294 294 294 294 294 294 294 294 293 293 293 292 292 291 290 290 289 288 287 286 285 284 283 282 281 279 278 276 275 273 272 270 268 266 264 262 260 258 256 253 251 248 246 243 240 237 234 231 228
217 221 224 228 231 234 237 240 243 246 248 251 253 256 258 260 262 264 266 268 270 272 273 275 276 278 279 281 282 283 284 285 286 287 288 289 290 290 291 292 292 293 293 293 294 294 294 294 294 294 294 294 294 294 294 293 293 293 292 292 291 290 290 289 288 287 286 285 284 283 282 281 279 278 276 275 273 272 270 268 266 264 262 260 258 256 253 251 248 246 243 240 237 234 231 228
217 221 224 228 231 234 237 240 243 246 248 251 253 256 258 260 262 264 266 268 270 271 273 275 276 278 279 280 282 283 284 285 286 287 288 289 289 290 291 291 292 292 293 293 294 294 294 294 294 294 294 294 294 294 294 293 293 292 292 291 291 290 289 289 288 287 286 285 284 283 282 280 279 278 276 275 273 271 270 268 266 264 262 260 258 256 253 251 248 246 243 240 237 234 231 228
217 221 224 228 231 234 237 240 243 245 248 251 253 255 258 260 262 264 266 268 270 271 273 275 276 278 279 280 282 283 284 285 286 287 288 289 289 290 291 291 292 292 293 293 293 294 294 294 294 294 294 294 294 294 293 293 293 292 292 291 291 290 289 289 288 287 286 285 284 283 282 280 279 278 276 275 273 271 270 268 266 264 262 260 258 255 253 251 248 245 243 240 237 234 231 228
217 221 224 227 231 234 237 240 243 245 248 250 253 255 258 260 262 264 266 268 269 271 273 274 276 277 279 280 281 283 284 285 286 287 288 288 289 290 291 291 292 292 293 293 293 294 294 294 294 294 294 294 294 294 293 293 293 292 292 291 291 290 289 288 288 287 286 285 284 283 281 280 279 277 276 274 273 271 269 268 266 264 262 260 258 255 253 250 248 245 243 240 237 234 231 227
