testData/tiles/oneDegree/grid2.0-32.0-3.0-33.0.asc
ncols   200
nrows   200
xllcorner   2.0
yllcorner   32.0
cellsize   0.005
NODATA_value   -9999.0
[rows 0 to 41 of 200, columns 0 to 93 of 200]
280 280 280 280 280 279 279 279 279 278 278 278 278 277 277 277 277 276 276 276 276 275 275 275 274 274 274 274 273 273 273 272 272 272 272 271 271 271 270 270 270 269 269 269 268 268 268 267 267 267 266 266 266 265 265 265 264 264 264 263 263 263 262 262 262 261 261 260 260 260 259 259 258 258 258 257 257 256 256 256 255 255 254 254 253 253 253 252 252 251 251 250 250 250
280 280 280 280 279 279 279 279 278 278 278 278 277 277 277 277 276 276 276 276 275 275 275 275 274 274 274 273 273 273 273 272 272 272 271 271 271 271 270 270 270 269 269 269 268 268 268 267 267 267 266 266 266 265 265 265 264 264 264 263 263 262 262 262 261 261 261 260 260 259 259 259 258 258 257 257 257 256 256 255 255 255 254 254 253 253 252 252 252 251 251 250 250 249
280 280 280 280 279 279 279 279 278 278 278 278 277 277 277 277 276 276 276 276 275 275 275 274 274 274 274 273 273 273 272 272 272 272 271 271 271 270 270 270 269 269 269 268 268 268 268 267 267 267 266 266 266 265 265 264 264 264 263 263 263 262 262 262 261 261 260 260 260 259 259 259 258 258 257 257 257 256 256 255 255 254 254 254 253 253 252 252 251 251 251 250 250 249
280 280 280 279 279 279 279 278 278 278 278 277 277 277 277 276 276 276 276 275 275 275 275 274 274 274 273 273 273 273 272 272 272 271 271 271 271 270 270 270 269 269 269 268 268 268 267 267 267 266 266 266 265 265 265 264 264 264 263 263 263 262 262 261 261 261 260 260 260 259 259 258 258 258 257 257 256 256 256 255 255 254 254 253 253 253 252 252 251 251 250 250 249 249
280 280 279 279 279 279 279 278 278 278 278 277 277 277 277 276 276 276 276 275 275 275 274 274 274 274 273 273 273 272 272 272 272 271 271 271 270 270 270 269 269 269 269 268 268 268 267 267 267 266 266 266 265 265 265 264 264 263 263 263 262 262 262 261 261 261 260 260 259 259 259 258 258 257 257 257 256 256 255 255 255 254 254 253 253 252 252 252 251 251 250 250 249 249
280 280 279 279 279 279 278 278 278 278 277 277 277 277 276 276 276 276 275 275 275 275 274 274 274 273 273 273 273 272 272 272 271 271 271 271 270 270 270 269 269 269 268 268 268 267 267 267 266 266 266 265 265 265 264 264 264 263 263 263 262 262 261 261 261 260 260 260 259 259 258 258 258 257 257 256 256 256 255 255 254 254 254 253 253 252 252 251 251 251 250 250 249 249
280 279 279 279 279 278 278 278 278 277 277 277 277 277 276 276 276 275 275 275 275 274 274 274 274 273 273 273 272 272 272 272 271 271 271 270 270 270 269 269 269 269 268 268 268 267 267 267 266 266 266 265 265 265 264 264 263 263 263 262 262 262 261 261 261 260 260 259 259 259 258 258 257 257 257 256 256 255 255 255 254 254 253 253 253 252 252 251 251 250 250 249 249 249
279 279 279 279 279 278 278 278 278 277 277 277 277 276 276 276 276 275 275 275 275 274 274 274 273 273 273 273 272 272 272 271 271 271 271 270 270 270 269 269 269 268 268 268 267 267 267 266 266 266 265 265 265 264 264 264 263 263 263 262 262 262 261 261 260 260 260 259 259 258 258 258 257 257 257 256 256 255 255 254 254 254 253 253 252 252 251 251 251 250 250 249 249 248
279 279 279 279 278 278 278 278 277 277 277 277 276 276 276 276 275 275 275 275 274 274 274 274 273 273 273 272 272 272 272 271 271 271 270 270 270 269 269 269 269 268 268 268 267 267 267 266 266 266 265 265 265 264 264 264 263 263 262 262 262 261 261 261 260 260 259 259 259 258 258 258 257 257 256 256 256 255 255 254 254 253 253 253 252 252 251 251 250 250 250 249 249 248
279 279 279 278 278 278 278 278 277 277 277 277 276 276 276 276 275 275 275 274 274 274 274 273 273 273 273 272 272 272 271 271 271 271 270 270 270 269 269 269 268 268 268 267 267 267 266 266 266 265 265 265 264 264 264 263 263 263 262 262 262 261 261 260 260 260 259 259 259 258 258 257 257 257 256 256 255 255 255 254 254 253 253 252 252 252 251 251 250 250 249 249 248 248
279 279 279 278 278 278 278 277 277 277 277 276 276 276 276 275 275 275 275 274 274 274 273 273 273 273 272 272 272 272 271 271 271 270 270 270 269 269 269 269 268 268 268 267 267 267 266 266 266 265 265 265 264 264 264 263 263 262 262 262 261 261 261 260 260 260 259 259 258 258 258 257 257 256 256 256 255 255 254 254 254 253 253 252 252 251 251 251 250 250 249 249 248 248
279 279 278 278 278 278 277 277 277 277 276 276 276 276 275 275 275 275 274 274 274 274 273 273 273 272 272 272 272 271 271 271 270 270 270 270 269 269 269 268 268 268 267 267 267 266 266 266 265 265 265 264 264 264 263 263 263 262 262 262 261 261 260 260 260 259 259 259 258 258 257 257 257 256 256 255 255 255 254 254 253 253 253 252 252 251 251 250 250 249 249 249 248 248
279 278 278 278 278 278 277 277 277 277 276 276 276 276 275 275 275 275 274 274 274 273 273 273 273 272 272 272 271 271 271 271 270 270 270 269 269 269 268 268 268 268 267 267 267 266 266 266 265 265 265 264 264 264 263 263 262 262 262 261 261 261 260 260 260 259 259 258 258 258 257 257 256 256 256 255 255 254 254 254 253 253 252 252 251 251 251 250 250 249 249 248 248 247
278 278 278 278 278 277 277 277 277 276 276 276 276 275 275 275 275 274 274 274 274 273 273 273 272 272 272 272 271 271 271 270 270 270 270 269 269 269 268 268 268 267 267 267 266 266 266 265 265 265 264 264 264 263 263 263 262 262 262 261 261 260 260 260 259 259 259 258 258 257 257 257 256 256 255 255 255 254 254 253 253 253 252 252 251 251 250 250 250 249 249 248 248 247
278 278 278 278 277 277 277 277 276 276 276 276 275 275 275 275 274 274 274 274 273 273 273 273 272 272 272 271 271 271 271 270 270 270 269 269 269 268 268 268 267 267 267 267 266 266 266 265 265 265 264 264 264 263 263 262 262 262 261 261 261 260 260 260 259 259 258 258 258 257 257 256 256 256 255 255 254 254 254 253 253 252 252 252 251 251 250 250 249 249 248 248 248 247
278 278 278 277 277 277 277 277 276 276 276 276 275 275 275 275 274 274 274 273 273 273 273 272 272 272 272 271 271 271 270 270 270 269 269 269 269 268 268 268 267 267 267 266 266 266 265 265 265 264 264 264 263 263 263 262 262 262 261 261 260 260 260 259 259 259 258 258 257 257 257 256 256 255 255 255 254 254 253 253 253 252 252 251 251 250 250 250 249 249 248 248 247 247
278 278 278 277 277 277 277 276 276 276 276 275 275 275 275 274 274 274 274 273 273 273 272 272 272 272 271 271 271 270 270 270 270 269 269 269 268 268 268 267 267 267 267 266 266 266 265 265 265 264 264 264 263 263 262 262 262 261 261 261 260 260 260 259 259 258 258 258 257 257 257 256 256 255 255 254 254 254 253 253 252 252 252 251 251 250 250 249 249 249 248 248 247 247
278 278 277 277 277 277 276 276 276 276 275 275 275 275 274 274 274 274 273 273 273 273 272 272 272 271 271 271 271 270 270 270 269 269 269 269 268 268 268 267 267 267 266 266 266 265 265 265 264 264 264 263 263 263 262 262 262 261 261 260 260 260 259 259 259 258 258 257 257 257 256 256 256 255 255 254 254 253 253 253 252 252 251 251 251 250 250 249 249 248 248 247 247 247
278 277 277 277 277 276 276 276 276 275 275 275 275 274 274 274 274 273 273 273 273 272 272 272 272 271 271 271 270 270 270 270 269 269 269 268 268 268 267 267 267 266 266 266 265 265 265 264 264 264 263 263 263 262 262 262 261 261 261 260 260 260 259 259 258 258 258 257 257 257 256 256 255 255 255 254 254 253 253 252 252 252 251 251 250 250 249 249 249 248 248 247 247 246
277 277 277 277 277 276 276 276 276 275 275 275 275 274 274 274 274 273 273 273 272 272 272 272 271 271 271 271 270 270 270 269 269 269 268 268 268 268 267 267 267 266 266 266 265 265 265 264 264 264 263 263 263 262 262 262 261 261 260 260 260 259 259 259 258 258 257 257 257 256 256 256 255 255 254 254 254 253 253 252 252 251 251 251 250 250 249 249 248 248 247 247 247 246
277 277 277 277 276 276 276 276 275 275 275 275 274 274 274 274 273 273 273 273 272 272 272 271 271 271 271 270 270 270 269 269 269 269 268 268 268 267 267 267 266 266 266 265 265 265 264 264 264 263 263 263 262 262 262 261 261 261 260 260 260 259 259 258 258 258 257 257 257 256 256 255 255 255 254 254 253 253 252 252 252 251 251 250 250 249 249 249 248 248 247 247 246 246
277 277 277 276 276 276 276 275 275 275 275 274 274 274 274 273 273 273 273 272 272 272 272 271 271 271 270 270 270 270 269 269 269 268 268 268 267 267 267 267 266 266 266 265 265 265 264 264 264 263 263 263 262 262 262 261 261 260 260 260 259 259 259 258 258 257 257 257 256 256 256 255 255 254 254 254 253 253 252 252 251 251 251 250 250 249 249 248 248 248 247 247 246 246
277 277 276 276 276 276 275 275 275 275 275 274 274 274 273 273 273 273 272 272 272 272 271 271 271 271 270 270 270 269 269 269 268 268 268 268 267 267 267 266 266 266 265 265 265 264 264 264 263 263 263 262 262 262 261 261 261 260 260 260 259 259 258 258 258 257 257 256 256 256 255 255 255 254 254 253 253 252 252 252 251 251 250 250 250 249 249 248 248 247 247 246 246 246
277 276 276 276 276 276 275 275 275 275 274 274 274 274 273 273 273 273 272 272 272 271 271 271 271 270 270 270 269 269 269 269 268 268 268 267 267 267 266 266 266 265 265 265 265 264 264 264 263 263 263 262 262 261 261 261 260 260 260 259 259 259 258 258 257 257 257 256 256 256 255 255 254 254 254 253 253 252 252 251 251 251 250 250 249 249 248 248 248 247 247 246 246 246
277 276 276 276 276 275 275 275 275 274 274 274 274 273 273 273 273 272 272 272 272 271 271 271 270 270 270 270 269 269 269 268 268 268 267 267 267 267 266 266 266 265 265 265 264 264 264 263 263 263 262 262 262 261 261 261 260 260 259 259 259 258 258 258 257 257 256 256 256 255 255 255 254 254 253 253 252 252 252 251 251 250 250 250 249 249 248 248 247 247 246 246 246 246
276 276 276 276 275 275 275 275 274 274 274 274 273 273 273 273 272 272 272 272 271 271 271 270 270 270 270 269 269 269 268 268 268 268 267 267 267 266 266 266 265 265 265 264 264 264 263 263 263 262 262 262 261 261 261 260 260 260 259 259 259 258 258 257 257 257 256 256 255 255 255 254 254 253 253 253 252 252 251 251 251 250 250 249 249 248 248 248 247 247 246 246 246 246
276 276 276 275 275 275 275 274 274 274 274 273 273 273 273 272 272 272 272 271 271 271 271 270 270 270 269 269 269 269 268 268 268 267 267 267 266 266 266 266 265 265 265 264 264 264 263 263 263 262 262 262 261 261 260 260 260 259 259 259 258 258 258 257 257 256 256 256 255 255 254 254 254 253 253 252 252 252 251 251 250 250 250 249 249 248 248 247 247 246 246 246 246 246
276 276 275 275 275 275 275 274 274 274 274 273 273 273 273 272 272 272 271 271 271 271 270 270 270 270 269 269 269 268 268 268 267 267 267 267 266 266 266 265 265 265 264 264 264 263 263 263 262 262 262 261 261 261 260 260 260 259 259 258 258 258 257 257 257 256 256 255 255 255 254 254 253 253 253 252 252 251 251 251 250 250 249 249 248 248 248 247 247 246 246 246 246 246
276 275 275 275 275 275 274 274 274 274 273 273 273 273 272 272 272 272 271 271 271 270 270 270 270 269 269 269 268 268 268 268 267 267 267 266 266 266 265 265 265 264 264 264 263 263 263 262 262 262 261 261 261 260 260 260 259 259 259 258 258 258 257 257 256 256 256 255 255 254 254 254 253 253 252 252 252 251 251 250 250 250 249 249 248 248 247 247 246 246 246 246 246 246
276 275 275 275 275 274 274 274 274 273 273 273 273 272 272 272 272 271 271 271 271 270 270 270 269 269 269 269 268 268 268 267 267 267 266 266 266 266 265 265 265 264 264 264 263 263 263 262 262 262 261 261 261 260 260 260 259 259 258 258 258 257 257 257 256 256 255 255 255 254 254 253 253 253 252 252 251 251 251 250 250 249 249 248 248 248 247 247 246 246 246 246 246 246
275 275 275 275 274 274 274 274 273 273 273 273 272 272 272 272 271 271 271 271 270 270 270 269 269 269 269 268 268 268 267 267 267 267 266 266 266 265 265 265 264 264 264 263 263 263 262 262 262 261 261 261 260 260 260 259 259 259 258 258 257 257 257 256 256 256 255 255 254 254 254 253 253 252 252 252 251 251 250 250 249 249 249 248 248 247 247 246 246 246 246 246 246 246
275 275 275 274 274 274 274 273 273 273 273 272 272 272 272 271 271 271 271 270 270 270 270 269 269 269 268 268 268 268 267 267 267 266 266 266 265 265 265 264 264 264 264 263 263 263 262 262 262 261 261 260 260 260 259 259 259 258 258 258 257 257 256 256 256 255 255 255 254 254 253 253 253 252 252 251 251 251 250 250 249 249 248 248 248 247 247 246 246 246 246 246 246 246
275 275 274 274 274 274 273 273 273 273 272 272 272 272 271 271 271 271 270 270 270 270 269 269 269 268 268 268 268 267 267 267 266 266 266 266 265 265 265 264 264 264 263 263 263 262 262 262 261 261 261 260 260 260 259 259 258 258 258 257 257 257 256 256 256 255 255 254 254 254 253 253 252 252 252 251 251 250 250 249 249 249 248 248 247 247 246 246 246 246 246 246 246 246
275 274 274 274 274 274 273 273 273 273 272 272 272 272 271 271 271 270 270 270 270 269 269 269 269 268 268 268 267 267 267 267 266 266 266 265 265 265 264 264 264 263 263 263 262 262 262 261 261 261 260 260 260 259 259 259 258 258 258 257 257 256 256 256 255 255 255 254 254 253 253 253 252 252 251 251 250 250 250 249 249 248 248 247 247 247 246 246 246 246 246 246 246 246
274 274 274 274 274 273 273 273 273 272 272 272 272 271 271 271 271 270 270 270 269 269 269 269 268 268 268 267 267 267 267 266 266 266 265 265 265 264 264 264 263 263 263 263 262 262 262 261 261 260 260 260 259 259 259 258 258 258 257 257 257 256 256 255 255 255 254 254 253 253 253 252 252 251 251 251 250 250 249 249 249 248 248 247 247 246 246 246 246 246 246 246 246 246
274 274 274 274 273 273 273 273 272 272 272 272 271 271 271 271 270 270 270 269 269 269 269 268 268 268 268 267 267 267 266 266 266 265 265 265 265 264 264 264 263 263 263 262 262 262 261 261 261 260 260 260 259 259 259 258 258 257 257 257 256 256 256 255 255 254 254 254 253 253 252 252 252 251 251 250 250 250 249 249 248 248 247 247 247 246 246 246 246 246 246 246 246 246
274 274 274 273 273 273 273 272 272 272 272 271 271 271 271 270 270 270 270 269 269 269 268 268 268 268 267 267 267 266 266 266 266 265 265 265 264 264 264 263 263 263 262 262 262 261 261 261 260 260 260 259 259 259 258 258 258 257 257 256 256 256 255 255 255 254 254 253 253 253 252 252 251 251 251 250 250 249 249 249 248 248 247 247 246 246 246 246 246 246 246 246 246 246
274 274 273 273 273 273 272 272 272 272 271 271 271 271 270 270 270 270 269 269 269 268 268 268 268 267 267 267 266 266 266 266 265 265 265 264 264 264 263 263 263 262 262 262 261 261 261 260 260 260 259 259 259 258 258 258 257 257 257 256 256 255 255 255 254 254 254 253 253 252 252 252 251 251 250 250 250 249 249 248 248 247 247 247 246 246 246 246 246 246 246 246 246 246
274 273 273 273 273 272 272 272 272 271 271 271 271 270 270 270 270 269 269 269 269 268 268 268 267 267 267 267 266 266 266 265 265 265 264 264 264 264 263 263 263 262 262 262 261 261 261 260 260 260 259 259 259 258 258 257 257 257 256 256 256 255 255 254 254 254 253 253 253 252 252 251 251 251 250 250 249 249 248 248 248 247 247 246 246 246 246 246 246 246 246 246 246 246
273 273 273 273 272 272 272 272 271 271 271 271 270 270 270 270 269 269 269 269 268 268 268 267 267 267 267 266 266 266 265 265 265 265 264 264 264 263 263 263 262 262 262 261 261 261 260 260 260 259 259 259 258 258 258 257 257 256 256 256 255 255 255 254 254 253 253 253 252 252 251 251 251 250 250 249 249 249 248 248 247 247 246 246 246 246 246 246 246 246 246 246 246 246
273 273 273 272 272 272 272 271 271 271 271 270 270 270 270 269 269 269 269 268 268 268 268 267 267 267 266 266 266 266 265 265 265 264 264 264 263 263 263 262 262 262 261 261 261 260 260 260 259 259 259 258 258 258 257 257 257 256 256 256 255 255 254 254 254 253 253 252 252 252 251 251 250 250 250 249 249 248 248 248 247 247 246 246 246 246 246 246 246 246 246 246 246 246
273 273 272 272 272 272 271 271 271 271 270 270 270 270 269 269 269 269 268 268 268 268 267 267 267 266 266 266 266 265 265 265 264 264 264 263 263 263 262 262 262 262 261 261 261 260 260 260 259 259 258 258 258 257 257 257 256 256 256 255 255 255 254 254 253 253 253 252 252 251 251 251 250 250 249 249 249 248 248 247 247 246 246 246 246 246 246 246 246 246 246 246 246 246
