testData/tiles/oneDegree/grid10.0-9.0-11.0-10.0.asc
ncols   200
nrows   200
xllcorner   10.0
yllcorner   9.0
cellsize   0.005
NODATA_value   -9999.0
[rows 0 to 41 of 200, columns 0 to 93 of 200]
380 380 380 380 380 324 323 324 323 323 322 322 323 322 322 321 321 320 320 320 320 319 319 319 318 305 257 257 256 256 255 255 254 253 253 252 252 251 251 250 249 249 247 247 246 245 245 244 244 242 241 241 240 239 237 237 236 235 233 233 232 231 229 228 227 226 225 224 222 221 219 218 217 215 213 211 210 208 206 204 202 200 198 195 192 196 193 192 192 192 176 177 177 176
375 376 375 375 374 375 320 319 319 319 319 318 318 318 317 318 317 317 316 316 315 315 314 314 313 301 300 253 252 252 251 251 250 250 249 248 247 246 246 245 244 244 243 243 242 241 240 239 238 237 237 236 234 234 233 232 230 229 229 228 226 225 224 222 221 220 218 217 216 214 213 211 209 207 206 204 202 200 197 195 193 189 188 187 187 170 175 175 174 174 174 175 174 174
372 371 371 371 371 371 370 316 315 315 314 314 314 314 314 313 313 312 312 312 312 311 311 310 297 296 295 248 247 247 246 246 245 244 244 243 243 242 241 241 240 239 238 237 236 236 235 234 234 232 231 230 229 229 227 226 225 224 222 221 220 218 217 216 214 213 212 210 208 206 205 203 201 199 196 195 191 189 188 188 187 171 170 169 169 168 173 173 172 172 172 172 172 172
367 367 367 367 366 366 366 366 311 310 311 310 310 309 309 308 309 308 308 307 307 306 306 305 292 291 290 244 243 243 242 241 241 240 239 238 237 237 236 235 235 234 233 232 232 230 229 228 228 227 226 224 223 222 221 219 219 218 216 214 213 212 210 209 208 205 204 202 200 198 195 193 190 189 188 188 171 171 170 170 169 169 168 167 167 166 171 171 170 169 169 170 170 170
362 363 363 362 363 362 362 361 362 306 306 305 305 305 305 304 304 303 303 302 302 302 302 288 287 287 286 239 238 237 237 236 235 235 234 233 233 232 231 231 229 228 227 227 226 225 224 223 221 220 219 219 218 216 214 213 212 210 209 208 205 204 203 200 198 197 194 192 189 189 189 188 172 171 171 170 170 169 168 168 167 167 166 165 165 164 169 169 168 167 167 167 167 168
359 358 358 358 358 357 357 357 357 301 301 300 301 300 300 299 299 298 299 298 297 297 296 283 282 281 281 280 232 232 231 230 230 229 228 228 227 226 225 224 224 223 222 220 219 218 217 216 215 213 212 211 210 209 207 205 204 203 200 199 197 194 192 190 189 189 188 172 172 171 171 170 170 169 169 168 168 167 166 166 165 165 164 163 163 162 161 166 166 165 165 165 165 164
354 353 353 353 353 352 353 352 352 351 297 296 296 295 294 294 294 294 293 293 292 291 291 277 276 277 276 275 228 227 226 225 225 224 223 222 221 220 219 218 217 216 215 214 213 211 210 209 208 207 205 203 202 200 199 196 194 192 189 189 189 188 172 172 171 171 171 170 170 169 169 168 168 167 167 166 166 165 164 164 163 162 162 161 160 160 159 164 163 162 162 162 163 162
349 348 349 348 348 347 348 347 346 347 346 291 290 290 290 289 289 288 287 287 286 286 273 272 271 271 270 269 221 221 220 219 218 217 217 216 215 214 213 211 210 209 208 206 205 204 203 200 199 197 196 194 191 189 189 188 188 172 172 171 171 171 170 170 169 169 169 168 168 167 167 166 166 165 165 164 164 163 162 162 161 160 160 159 158 157 156 162 161 160 160 159 159 159
343 343 343 343 342 343 342 342 341 341 341 340 284 285 284 284 283 282 282 281 281 280 267 266 265 264 264 263 262 214 213 212 211 210 209 208 207 206 205 204 202 200 199 197 196 194 192 190 188 188 188 188 171 171 171 171 170 170 170 169 169 169 168 168 167 167 167 166 166 165 165 164 164 163 163 162 161 161 160 159 159 158 157 156 156 155 154 159 158 157 156 156 156 156
349 348 349 348 337 337 336 336 336 335 335 334 333 279 278 277 277 276 275 275 275 261 260 259 258 257 256 256 255 207 206 204 203 202 201 200 198 197 196 194 192 190 187 187 187 187 171 171 170 170 170 170 170 169 169 169 168 168 168 167 167 167 166 166 165 165 165 164 164 163 163 162 161 161 160 160 159 158 158 157 156 155 155 154 153 152 151 150 155 154 153 153 153 153
343 342 343 342 342 342 341 341 341 329 329 328 327 272 272 271 270 269 269 268 268 254 253 252 251 250 249 248 246 198 197 196 194 193 191 189 187 186 186 186 186 170 170 169 169 169 169 169 168 168 168 168 168 167 167 167 166 166 166 165 165 165 164 164 163 163 162 162 161 161 160 160 159 159 158 157 157 156 155 154 154 153 152 151 150 149 148 147 152 151 150 150 150 149
337 336 337 336 335 336 335 334 333 334 333 332 331 320 264 264 263 262 262 261 247 246 244 243 242 241 239 238 236 188 186 184 184 184 184 168 168 168 168 168 168 168 168 167 167 167 167 167 166 166 166 166 165 165 165 165 164 164 164 163 163 162 162 162 161 161 160 160 159 159 158 157 157 156 155 155 154 153 153 152 151 150 149 148 147 146 145 144 149 148 147 146 145 144
330 330 329 329 328 328 328 327 326 326 325 324 324 324 322 266 265 264 252 252 237 236 234 233 231 229 229 229 229 213 166 166 166 166 166 166 166 166 166 166 166 166 165 165 165 165 165 165 164 164 164 164 163 163 163 162 162 162 161 161 161 160 160 159 159 158 158 157 157 156 155 155 154 154 153 152 151 151 150 149 148 147 146 145 144 143 142 141 146 144 143 141 141 141
322 323 322 321 321 320 319 319 318 317 317 316 315 313 313 312 255 253 252 237 238 238 227 211 211 211 211 211 211 211 164 164 164 164 164 164 164 164 164 164 164 163 163 163 163 163 163 162 162 162 162 161 161 161 160 160 160 159 159 159 158 158 157 157 156 156 155 155 154 153 153 152 152 151 150 149 149 148 147 146 145 144 143 142 141 140 138 137 136 140 139 139 140 141
314 313 313 312 311 311 310 309 308 307 306 305 303 302 302 303 303 232 232 219 219 219 220 220 220 220 209 209 209 209 162 162 162 162 162 162 162 162 162 161 161 161 161 161 161 161 160 160 160 160 159 159 159 158 158 158 157 157 157 156 156 155 155 154 154 153 153 152 151 151 150 149 149 148 147 146 145 145 144 143 142 141 139 138 137 136 134 133 133 139 139 139 140 141
304 304 303 301 301 299 298 298 298 299 299 283 283 284 284 284 284 230 217 217 217 217 217 217 217 218 218 218 218 207 160 160 160 160 160 160 159 159 159 159 159 159 159 159 158 158 158 158 157 157 157 157 156 156 156 155 155 154 154 154 153 153 152 152 151 150 150 149 148 148 147 146 146 145 144 143 142 141 140 139 138 137 135 134 133 133 133 133 133 139 139 139 113 114
292 293 293 294 278 279 279 279 280 280 280 281 281 281 281 282 282 282 214 214 215 215 215 215 215 215 215 215 215 215 215 168 168 157 157 157 157 157 157 157 157 156 156 156 156 156 155 155 155 155 154 154 154 153 153 153 152 152 151 151 150 150 149 149 148 147 147 146 145 145 144 143 142 141 140 139 138 137 136 135 133 133 133 133 133 133 133 133 133 113 113 113 113 114
273 274 274 275 275 276 276 276 277 277 278 278 278 278 279 279 279 266 267 212 212 212 212 212 212 213 213 213 213 213 213 166 166 166 166 166 154 154 154 154 154 154 154 153 153 153 153 152 152 152 152 151 151 150 150 150 149 149 148 148 147 147 146 145 145 144 143 143 142 141 140 139 138 137 136 135 134 133 133 133 133 133 133 133 133 133 133 107 107 107 113 113 113 114
270 271 271 272 272 273 273 273 274 274 275 275 275 276 276 276 276 264 264 264 209 209 210 210 210 210 210 210 210 210 210 163 163 163 163 163 163 163 163 162 151 151 151 151 150 150 150 150 149 149 149 148 148 147 147 147 146 146 145 145 144 143 143 142 141 141 140 139 138 137 136 135 134 133 133 133 133 133 133 133 133 133 133 107 107 107 107 107 107 107 113 113 113 114
266 267 268 268 269 269 270 270 271 271 271 272 272 273 273 273 260 261 261 261 206 206 207 207 207 207 207 207 207 207 207 160 160 160 160 160 160 160 160 159 159 159 159 148 147 147 147 147 146 146 145 145 145 144 144 143 143 142 142 141 140 140 139 138 137 137 136 135 134 133 133 133 133 133 133 133 133 133 133 133 107 107 107 107 107 107 107 107 107 107 113 113 113 113
262 263 264 264 265 266 266 267 267 268 268 268 269 269 270 270 257 257 258 258 258 203 203 204 204 204 204 204 204 204 204 204 157 157 157 157 157 157 156 156 156 156 156 155 155 155 144 143 143 142 142 142 141 141 140 140 139 138 138 137 136 136 135 134 133 133 133 133 133 133 133 133 133 133 133 133 107 107 107 107 107 107 107 107 107 107 107 107 107 107 113 113 113 113
259 259 259 260 261 261 262 263 263 264 264 265 265 265 266 253 254 254 254 254 255 255 200 200 200 200 200 201 201 201 201 201 154 154 153 153 153 153 153 153 153 152 152 152 152 151 151 150 150 139 138 138 137 137 136 135 135 134 133 133 133 133 133 133 133 133 133 133 133 133 133 133 107 107 107 107 107 107 107 107 107 107 107 107 107 107 107 107 107 107 107 113 113 113
259 259 259 259 259 259 259 259 259 259 260 260 261 261 262 249 249 250 250 250 251 251 251 196 196 197 197 197 197 197 197 197 150 150 150 150 149 149 149 149 149 148 148 148 147 147 147 146 146 145 145 144 133 133 133 133 133 133 133 133 133 133 133 133 133 133 133 133 107 107 107 107 107 107 107 107 107 107 107 107 107 107 107 107 107 107 107 107 107 107 107 113 113 113
259 259 259 259 259 259 259 259 259 259 259 259 259 259 246 246 246 246 246 246 246 246 247 192 192 192 192 192 192 193 193 193 145 145 145 145 145 145 145 144 144 144 144 144 144 144 144 144 144 144 144 144 144 144 144 133 133 133 133 133 133 133 133 107 107 107 107 107 107 107 107 107 107 107 107 107 107 107 107 107 107 107 107 107 107 107 107 107 107 107 107 113 113 113
233 233 233 233 259 259 259 259 259 259 259 259 259 259 246 246 246 246 246 246 246 246 246 246 191 191 191 191 191 191 191 191 191 144 144 144 144 144 144 144 144 144 144 144 144 144 144 144 144 144 144 144 144 144 144 144 144 118 107 107 107 107 107 107 107 107 107 107 107 107 107 107 107 107 107 107 107 107 107 107 107 107 107 107 107 107 107 107 107 107 107 107 113 113
233 233 233 233 233 233 233 233 233 233 233 233 259 246 246 246 246 246 246 246 246 246 246 246 246 191 191 191 191 191 191 191 191 144 144 144 144 144 144 144 144 144 144 144 144 144 144 144 144 118 118 118 118 118 118 118 118 118 118 118 107 107 107 107 107 107 107 107 107 107 107 107 107 107 107 107 107 107 107 107 107 107 107 107 107 107 107 107 107 107 107 107 113 113
233 233 233 233 233 233 233 233 233 233 233 233 233 220 220 220 220 220 220 220 220 220 220 220 220 165 165 165 165 165 165 165 165 118 118 118 118 118 118 118 118 118 118 118 118 118 118 118 118 118 118 118 118 118 118 118 118 118 118 118 118 118 118 107 107 107 107 107 107 107 107 107 107 107 107 107 107 107 107 107 107 107 107 107 107 107 107 107 107 107 107 107 113 113
233 233 233 233 233 233 233 233 233 233 233 233 220 220 220 220 220 220 220 220 220 220 220 220 220 220 165 165 165 165 165 165 165 118 118 118 118 118 118 118 118 118 118 118 118 118 118 118 118 118 118 118 118 118 118 118 118 118 118 118 118 118 118 118 118 118 107 107 107 107 107 107 107 107 107 107 107 107 107 107 107 107 107 107 107 107 107 107 107 107 107 107 107 113
233 233 233 233 233 233 233 233 233 233 233 233 220 220 220 220 220 220 220 220 220 220 220 220 220 220 220 165 165 165 165 165 165 118 118 118 118 118 118 118 118 118 118 118 118 118 118 118 118 118 118 118 118 118 118 118 118 118 118 118 118 118 118 118 118 118 118 118 107 107 107 107 107 107 107 107 107 107 107 107 107 107 107 107 107 107 107 107 107 107 107 107 107 113
233 233 233 233 233 233 233 233 233 233 233 220 220 220 220 220 220 220 220 220 220 220 220 220 220 220 220 165 165 165 165 165 165 165 118 118 118 118 118 118 118 118 118 118 118 118 118 118 118 118 118 118 118 118 118 118 118 118 118 118 118 118 118 118 118 118 118 118 118 118 118 107 107 107 107 107 107 107 107 107 107 107 107 107 107 107 107 107 107 107 107 107 107 113
233 233 233 233 233 233 233 233 233 233 220 220 220 220 220 220 220 220 220 220 220 220 220 220 220 220 220 220 165 165 165 165 165 165 118 118 118 118 118 118 118 118 118 118 118 118 118 118 118 118 118 118 118 118 118 118 118 118 118 118 118 118 118 118 118 118 118 118 118 118 118 118 118 107 107 107 107 107 107 107 107 107 107 107 107 107 107 107 107 107 107 107 107 107
233 233 233 233 233 233 233 233 233 233 220 220 220 220 220 220 220 220 220 220 220 220 220 220 220 220 220 220 220 165 165 165 165 165 118 118 118 118 118 118 118 118 118 118 118 118 118 118 118 118 118 118 118 118 118 118 118 118 118 118 118 118 118 118 118 118 118 118 118 118 118 118 118 118 118 107 107 107 107 107 107 107 107 107 107 107 107 107 107 107 107 107 107 107
233 233 233 233 233 233 233 233 233 220 220 220 220 220 220 220 220 220 220 220 220 220 220 220 220 220 220 220 220 220 165 165 165 165 118 118 118 118 118 118 118 118 118 118 118 118 118 118 118 118 118 118 118 118 118 118 118 118 118 118 118 118 118 118 118 118 118 118 118 118 118 118 118 118 118 118 118 118 107 107 107 107 107 107 107 107 107 107 107 107 107 107 107 107
233 233 233 233 233 233 233 233 233 220 220 220 220 220 220 220 220 220 220 220 220 220 220 220 220 220 220 220 220 220 165 165 165 165 165 118 118 118 118 118 118 118 118 118 118 118 118 118 118 118 118 118 118 118 118 118 118 118 118 118 118 118 118 118 118 118 118 118 118 118 118 118 118 118 118 118 118 118 118 118 107 107 107 107 107 107 107 107 107 107 107 107 107 107
233 233 233 233 233 233 233 233 220 220 220 220 220 220 220 220 220 220 220 220 220 220 220 220 220 220 220 220 220 220 220 165 165 165 165 118 118 118 118 118 118 118 118 118 118 118 118 118 118 118 118 118 118 118 118 118 118 118 118 118 118 118 118 118 118 118 118 118 118 118 118 118 118 118 118 118 118 118 118 118 118 118 107 107 107 107 107 107 107 107 107 107 107 107
233 233 233 233 233 233 233 233 220 220 220 220 220 220 220 220 220 220 220 220 220 220 220 220 220 220 220 220 220 220 220 220 165 165 165 118 118 118 118 118 118 118 118 118 118 118 118 118 118 118 118 118 118 118 118 118 118 118 118 118 118 118 118 118 118 118 118 118 118 118 118 118 118 118 118 118 118 118 118 118 118 118 118 118 118 107 107 107 107 107 107 107 107 107
233 233 233 233 233 233 233 220 220 220 220 220 220 220 220 220 220 220 220 220 220 220 220 220 220 220 220 220 220 220 220 220 165 165 165 118 118 118 118 118 118 118 118 118 118 118 118 118 118 118 118 118 118 118 118 118 118 118 118 118 118 118 118 118 118 118 118 118 118 118 118 118 118 118 118 118 118 118 118 118 118 118 118 118 118 118 118 107 107 107 107 107 107 107
233 233 233 233 233 233 233 220 220 220 220 220 220 220 220 220 220 220 220 220 220 220 220 220 220 220 220 220 220 220 220 220 220 165 165 118 118 118 118 118 118 118 118 118 118 118 118 118 118 118 118 118 118 118 118 118 118 118 118 118 118 118 118 118 118 118 118 118 118 118 118 118 118 118 118 118 118 118 118 118 118 118 118 118 118 118 118 118 118 107 107 107 107 107
314 233 233 233 233 233 220 220 220 220 220 220 220 220 220 220 220 220 220 220 220 220 220 220 220 220 220 220 220 220 220 220 220 165 165 165 118 118 118 118 118 118 118 118 118 118 118 118 118 118 118 118 118 118 118 118 118 118 118 118 118 118 118 118 118 118 118 118 118 118 118 118 118 118 118 118 118 118 118 118 118 118 118 118 118 118 118 118 118 118 118 107 107 107
314 314 314 314 314 220 220 220 220 220 220 220 220 220 220 220 220 220 220 220 220 220 220 220 220 220 220 220 220 220 220 220 220 220 165 165 118 118 118 118 118 118 118 118 118 118 118 118 118 118 118 118 118 118 118 118 118 118 118 118 118 118 118 118 118 118 118 118 118 118 118 118 118 118 118 118 118 118 118 118 118 118 118 118 118 118 118 118 118 118 118 118 118 107
314 314 314 314 314 301 301 301 220 220 220 220 220 220 220 220 220 220 220 220 220 220 220 220 220 220 220 220 220 220 220 220 220 220 220 165 118 118 118 118 118 118 118 118 118 118 118 118 118 118 118 118 118 118 118 118 118 118 118 118 118 118 118 118 118 118 118 118 118 118 118 118 118 118 118 118 118 118 118 118 118 118 118 118 118 118 118 118 118 118 118 118 118 118
314 314 314 314 301 301 301 301 301 301 301 220 220 220 220 220 220 220 220 220 220 220 220 220 220 220 220 220 220 220 220 220 220 220 220 165 118 118 118 118 118 118 118 118 118 118 118 118 118 118 118 118 118 118 118 118 118 118 118 118 118 118 118 118 118 118 118 118 118 118 118 118 118 118 118 118 118 118 118 118 118 118 118 118 118 118 118 118 118 118 118 118 118 118
