testData/tiles/oneDegree/grid7.0-23.0-8.0-24.0.asc
ncols   200
nrows   200
xllcorner   7.0
yllcorner   23.0
cellsize   0.005
NODATA_value   -9999.0
[rows 54 to 107 of 200, columns 0 to 95 of 200]
94 92 91 90 89 87 86 85 84 82 81 79 78 76 75 73 72 70 68 66 65 63 61 59 57 55 52 50 48 45 42 39 36 32 28 23 17 15 0 0 0 0 0 0 0 0 0 0 0 0 0 0 0 0 0 54 54 54 54 54 54 54 54 54 54 54 54 54 54 54 54 54 54 54 54 54 54 54 54 54 54 54 54 54 54 54 54 54 54 54 54 54 54 54 54 54
94 93 91 90 89 88 86 85 84 82 81 79 78 76 75 73 72 70 68 67 65 63 61 59 57 55 53 50 48 45 42 39 36 33 29 24 18 15 0 0 0 0 0 0 0 0 0 0 0 0 0 0 0 0 0 0 0 54 54 54 54 54 54 54 54 54 54 54 54 54 54 54 54 54 54 54 54 54 54 54 54 54 54 54 54 54 54 54 54 54 54 54 54 54 54 54
94 93 92 90 89 88 86 85 84 82 81 80 78 77 75 74 72 70 69 67 65 63 61 59 57 55 53 50 48 45 43 40 36 33 29 24 19 15 0 0 0 0 0 0 0 0 0 0 0 0 0 0 0 0 0 0 0 0 0 54 54 54 54 54 54 54 54 54 54 54 54 54 54 54 54 54 54 54 54 54 54 54 54 54 54 54 54 54 54 54 54 54 54 54 54 54
94 93 92 90 89 88 87 85 84 83 81 80 78 77 75 74 72 70 69 67 65 63 61 59 57 55 53 51 48 46 43 40 37 33 29 25 19 15 0 0 0 0 0 0 0 0 0 0 0 0 0 0 0 0 0 0 0 0 0 0 54 54 54 54 54 54 54 54 54 54 54 54 54 54 54 54 54 54 54 54 54 54 54 54 54 54 54 54 54 54 54 54 54 54 54 54
94 93 92 91 89 88 87 85 84 83 81 80 78 77 75 74 72 71 69 67 65 64 62 60 58 55 53 51 48 46 43 40 37 34 30 25 20 15 0 0 0 0 0 0 0 0 0 0 0 0 0 0 0 0 0 0 0 0 0 0 0 0 54 54 54 54 54 54 54 54 54 54 54 54 54 54 54 54 54 54 54 54 54 54 54 54 54 54 54 54 54 54 54 54 54 54
94 93 92 91 89 88 87 86 84 83 81 80 79 77 76 74 72 71 69 67 66 64 62 60 58 56 53 51 49 46 43 40 37 34 30 26 20 15 0 0 0 0 0 0 0 0 0 0 0 0 0 0 0 0 0 0 0 0 0 0 0 0 0 54 54 54 54 54 54 54 54 54 54 54 54 54 54 54 54 54 54 54 54 54 54 54 54 54 54 54 54 54 54 54 54 54
94 93 92 91 90 88 87 86 84 83 82 80 79 77 76 74 72 71 69 67 66 64 62 60 58 56 54 51 49 46 44 41 38 34 30 26 21 15 0 0 0 0 0 0 0 0 0 0 0 0 0 0 0 0 0 0 0 0 0 0 0 0 0 0 0 54 54 54 54 54 54 54 54 54 54 54 54 54 54 54 54 54 54 54 54 54 54 54 54 54 54 54 54 54 54 54
94 93 92 91 90 88 87 86 84 83 82 80 79 77 76 74 73 71 69 68 66 64 62 60 58 56 54 52 49 47 44 41 38 34 31 26 21 15 0 0 0 0 0 0 0 0 0 0 0 0 0 0 0 0 0 0 0 0 0 0 0 0 0 0 0 0 0 54 54 54 54 54 54 54 54 54 54 54 54 54 54 54 54 54 54 54 54 54 54 54 54 54 54 54 54 54
95 93 92 91 90 88 87 86 85 83 82 80 79 77 76 74 73 71 69 68 66 64 62 60 58 56 54 52 49 47 44 41 38 35 31 27 22 15 0 0 0 0 0 0 0 0 0 0 0 0 0 0 0 0 0 0 0 0 0 0 0 0 0 0 0 0 0 0 54 54 54 54 54 54 54 54 54 54 54 54 54 54 54 54 54 54 54 54 54 54 54 54 54 54 54 54
95 94 92 91 90 89 87 86 85 83 82 80 79 78 76 75 73 71 70 68 66 64 62 60 58 56 54 52 50 47 44 41 38 35 31 27 22 16 15 0 0 0 0 0 0 0 0 0 0 0 0 0 0 0 0 0 0 0 0 0 0 0 0 0 0 0 0 0 0 0 54 54 54 54 54 54 54 54 54 54 54 54 54 54 54 54 54 54 54 54 54 54 54 54 54 54
95 94 92 91 90 89 87 86 85 83 82 81 79 78 76 75 73 71 70 68 66 64 63 61 59 57 54 52 50 47 45 42 39 35 32 27 23 16 15 0 0 0 0 0 0 0 0 0 0 0 0 0 0 0 0 0 0 0 0 0 0 0 0 0 0 0 0 0 0 0 0 0 54 54 54 54 54 54 54 54 54 54 54 54 54 54 54 54 54 54 54 54 54 54 54 54
95 94 93 91 90 89 88 86 85 84 82 81 79 78 76 75 73 72 70 68 66 65 63 61 59 57 55 52 50 47 45 42 39 36 32 28 23 17 15 0 0 0 0 0 0 0 0 0 0 0 0 0 0 0 0 0 0 0 0 0 0 0 0 0 0 0 0 0 0 0 0 0 0 0 54 54 54 54 54 54 54 54 54 54 54 54 54 54 54 54 54 54 54 54 54 54
95 94 93 91 90 89 88 86 85 84 82 81 79 78 76 75 73 72 70 68 67 65 63 61 59 57 55 52 50 48 45 42 39 36 32 28 23 17 15 0 0 0 0 0 0 0 0 0 0 0 0 0 0 0 0 0 0 0 0 0 0 0 0 0 0 0 0 0 0 0 0 0 0 0 0 54 54 54 54 54 54 54 54 54 54 54 54 54 54 54 54 54 54 54 54 54
95 94 93 92 90 89 88 86 85 84 82 81 80 78 77 75 73 72 70 68 67 65 63 61 59 57 55 53 50 48 45 42 39 36 33 28 24 18 15 0 0 0 0 0 0 0 0 0 0 0 0 0 0 0 0 0 0 0 0 0 0 0 0 0 0 0 0 0 0 0 0 0 0 0 0 0 0 54 54 54 54 54 54 54 54 54 54 54 54 54 54 54 54 54 54 54
95 94 93 92 90 89 88 87 85 84 82 81 80 78 77 75 74 72 70 69 67 65 63 61 59 57 55 53 50 48 45 43 40 36 33 29 24 18 15 0 0 0 0 0 0 0 0 0 0 0 0 0 0 0 0 0 0 0 0 0 0 0 0 0 0 0 0 0 0 0 0 0 0 0 0 0 0 0 0 54 54 54 54 54 54 54 54 54 54 54 54 54 54 54 54 54
95 94 93 92 90 89 88 87 85 84 83 81 80 78 77 75 74 72 70 69 67 65 63 61 59 57 55 53 51 48 46 43 40 37 33 29 24 19 15 0 0 0 0 0 0 0 0 0 0 0 0 0 0 0 0 0 0 0 0 0 0 0 0 0 0 0 0 0 0 0 0 0 0 0 0 0 0 0 0 0 0 54 54 54 54 54 54 54 54 54 54 54 54 54 54 54
95 94 93 92 91 89 88 87 85 84 83 81 80 78 77 75 74 72 71 69 67 65 63 62 60 57 55 53 51 48 46 43 40 37 33 29 25 19 15 0 0 0 0 0 0 0 0 0 0 0 0 0 0 0 0 0 0 0 0 0 0 0 0 0 0 0 0 0 0 0 0 0 0 0 0 0 0 0 0 0 0 0 0 54 54 54 54 54 54 54 54 54 54 54 54 54
95 94 93 92 91 89 88 87 86 84 83 81 80 78 77 75 74 72 71 69 67 65 64 62 60 58 55 53 51 48 46 43 40 37 34 30 25 20 15 0 0 0 0 0 0 0 0 0 0 0 0 0 0 0 0 0 0 0 0 0 0 0 0 0 0 0 0 0 0 0 0 0 0 0 0 0 0 0 0 0 0 0 0 0 0 54 54 54 54 54 54 54 54 54 54 54
96 94 93 92 91 89 88 87 86 84 83 81 80 79 77 76 74 72 71 69 67 66 64 62 60 58 56 53 51 49 46 43 40 37 34 30 25 20 15 0 0 0 0 0 0 0 0 0 0 0 0 0 0 0 0 0 0 0 0 0 0 0 0 0 0 0 0 0 0 0 0 0 0 0 0 0 0 0 0 0 0 0 0 0 0 0 0 54 54 54 54 54 54 54 54 54
96 94 93 92 91 90 88 87 86 84 83 82 80 79 77 76 74 73 71 69 67 66 64 62 60 58 56 54 51 49 46 44 41 37 34 30 26 20 15 0 0 0 0 0 0 0 0 0 0 0 0 0 0 0 0 0 0 0 0 0 0 0 0 0 0 0 0 0 0 0 0 0 0 0 0 0 0 0 0 0 0 0 0 0 0 0 0 0 0 54 54 54 54 54 54 54
96 95 93 92 91 90 88 87 86 84 83 82 80 79 77 76 74 73 71 69 68 66 64 62 60 58 56 54 51 49 46 44 41 38 34 30 26 21 15 0 0 0 0 0 0 0 0 0 0 0 0 0 0 0 0 0 0 0 0 0 0 0 0 0 0 0 0 0 0 0 0 0 0 0 0 0 0 0 0 0 0 0 0 0 0 0 0 0 0 0 0 54 54 54 54 54
96 95 93 92 91 90 88 87 86 85 83 82 80 79 77 76 74 73 71 69 68 66 64 62 60 58 56 54 52 49 47 44 41 38 34 31 26 21 15 0 0 0 0 0 0 0 0 0 0 0 0 0 0 0 0 0 0 0 0 0 0 0 0 0 0 0 0 0 0 0 0 0 0 0 0 0 0 0 0 0 0 0 0 0 0 0 0 0 0 0 0 0 0 54 54 54
96 95 94 92 91 90 89 87 86 85 83 82 80 79 77 76 74 73 71 70 68 66 64 62 60 58 56 54 52 49 47 44 41 38 35 31 27 21 15 0 0 0 0 0 0 0 0 0 0 0 0 0 0 0 0 0 0 0 0 0 0 0 0 0 0 0 0 0 0 0 0 0 0 0 0 0 0 0 0 0 0 0 0 0 0 0 0 0 0 0 0 0 0 0 0 54
96 95 94 92 91 90 89 87 86 85 83 82 81 79 78 76 75 73 71 70 68 66 64 62 60 58 56 54 52 49 47 44 41 38 35 31 27 22 15 0 0 0 0 0 0 0 0 0 0 0 0 0 0 0 0 0 0 0 0 0 0 0 0 0 0 0 0 0 0 0 0 0 0 0 0 0 0 0 0 0 0 0 0 0 0 0 0 0 0 0 0 0 0 0 0 0
96 95 94 92 91 90 89 87 86 85 83 82 81 79 78 76 75 73 71 70 68 66 64 63 61 59 56 54 52 50 47 44 42 38 35 31 27 22 16 15 0 0 0 0 0 0 0 0 0 0 0 0 0 0 0 0 0 0 0 0 0 0 0 0 0 0 0 0 0 0 0 0 0 0 0 0 0 0 0 0 0 0 0 0 0 0 0 0 0 0 0 0 0 0 0 0
96 95 94 93 91 90 89 88 86 85 83 82 81 79 78 76 75 73 71 70 68 66 65 63 61 59 57 54 52 50 47 45 42 39 35 32 27 22 16 15 0 0 0 0 0 0 0 0 0 0 0 0 0 0 0 0 0 0 0 0 0 0 0 0 0 0 0 0 0 0 0 0 0 0 0 0 0 0 0 0 0 0 0 0 0 0 0 0 0 0 0 0 0 0 0 0
96 95 94 93 91 90 89 88 86 85 84 82 81 79 78 76 75 73 72 70 68 66 65 63 61 59 57 55 52 50 47 45 42 39 35 32 28 23 16 15 0 0 0 0 0 0 0 0 0 0 0 0 0 0 0 0 0 0 0 0 0 0 0 0 0 0 0 0 0 0 0 0 0 0 0 0 0 0 0 0 0 0 0 0 0 0 0 0 0 0 0 0 0 0 0 0
96 95 94 93 91 90 89 88 86 85 84 82 81 79 78 76 75 73 72 70 68 67 65 63 61 59 57 55 52 50 47 45 42 39 36 32 28 23 17 15 0 0 0 0 0 0 0 0 0 0 0 0 0 0 0 0 0 0 0 0 0 0 0 0 0 0 0 0 0 0 0 0 0 0 0 0 0 0 0 0 0 0 0 0 0 0 0 0 0 0 0 0 0 0 0 0
96 95 94 93 92 90 89 88 86 85 84 82 81 79 78 77 75 73 72 70 68 67 65 63 61 59 57 55 52 50 48 45 42 39 36 32 28 23 17 15 0 0 0 0 0 0 0 0 0 0 0 0 0 0 0 0 0 0 0 0 0 0 0 0 0 0 0 0 0 0 0 0 0 0 0 0 0 0 0 0 0 0 0 0 0 0 0 0 0 0 0 0 0 0 0 0
96 95 94 93 92 90 89 88 86 85 84 82 81 80 78 77 75 73 72 70 68 67 65 63 61 59 57 55 53 50 48 45 42 39 36 32 28 24 17 15 0 0 0 0 0 0 0 0 0 0 0 0 0 0 0 0 0 0 0 0 0 0 0 0 0 0 0 0 0 0 0 0 0 0 0 0 0 0 0 0 0 0 0 0 0 0 0 0 0 0 0 0 0 0 0 0
96 95 94 93 92 90 89 88 87 85 84 82 81 80 78 77 75 74 72 70 69 67 65 63 61 59 57 55 53 50 48 45 42 39 36 33 28 24 18 15 0 0 0 0 0 0 0 0 0 0 0 0 0 0 0 0 0 0 0 0 0 0 0 0 0 0 0 0 0 0 0 0 0 0 0 0 0 0 0 0 0 0 0 0 0 0 0 0 0 0 0 0 0 0 0 0
96 95 94 93 92 90 89 88 87 85 84 83 81 80 78 77 75 74 72 70 69 67 65 63 61 59 57 55 53 50 48 45 43 40 36 33 29 24 18 15 0 0 0 0 0 0 0 0 0 0 0 0 0 0 0 0 0 0 0 0 0 0 0 0 0 0 0 0 0 0 0 0 0 0 0 0 0 0 0 0 0 0 0 0 0 0 0 0 0 0 0 0 0 0 0 0
97 95 94 93 92 91 89 88 87 85 84 83 81 80 78 77 75 74 72 70 69 67 65 63 61 59 57 55 53 51 48 45 43 40 36 33 29 24 18 15 0 0 0 0 0 0 0 0 0 0 0 0 0 0 0 0 0 0 0 0 0 0 0 0 0 0 0 0 0 0 0 0 0 0 0 0 0 0 0 0 0 0 0 0 0 0 0 0 0 0 0 0 0 0 0 0
97 95 94 93 92 91 89 88 87 85 84 83 81 80 78 77 75 74 72 70 69 67 65 63 61 59 57 55 53 51 48 46 43 40 37 33 29 24 19 15 0 0 0 0 0 0 0 0 0 0 0 0 0 0 0 0 0 0 0 0 0 0 0 0 0 0 0 0 0 0 0 0 0 0 0 0 0 0 0 0 0 0 0 0 0 0 0 0 0 0 0 0 0 0 0 0
97 95 94 93 92 91 89 88 87 85 84 83 81 80 78 77 75 74 72 71 69 67 65 63 62 60 57 55 53 51 48 46 43 40 37 33 29 25 19 15 0 0 0 0 0 0 0 0 0 0 0 0 0 0 0 0 0 0 0 0 0 0 0 0 0 0 0 0 0 0 0 0 0 0 0 0 0 0 0 0 0 0 0 0 0 0 0 0 0 0 0 0 0 0 23 23
97 96 94 93 92 91 89 88 87 86 84 83 81 80 78 77 75 74 72 71 69 67 65 64 62 60 58 55 53 51 48 46 43 40 37 33 29 25 19 15 0 0 0 0 0 0 0 0 0 0 0 0 0 0 0 0 0 0 0 0 0 0 0 0 0 0 0 0 0 0 0 0 0 0 0 0 0 0 0 0 0 0 0 0 0 0 0 0 0 0 0 0 23 23 23 23
97 96 94 93 92 91 89 88 87 86 84 83 81 80 79 77 76 74 72 71 69 67 65 64 62 60 58 56 53 51 48 46 43 40 37 33 30 25 19 15 0 0 0 0 0 0 0 0 0 0 0 0 0 0 0 0 0 0 0 0 0 0 0 0 0 0 0 0 0 0 0 0 0 0 0 0 0 0 0 0 0 0 0 0 0 0 0 0 0 0 23 23 23 23 23 26
97 96 94 93 92 91 90 88 87 86 84 83 82 80 79 77 76 74 72 71 69 67 66 64 62 60 58 56 53 51 49 46 43 40 37 34 30 25 20 15 0 0 0 0 0 0 0 0 0 0 0 0 0 0 0 0 0 0 0 0 0 0 0 0 0 0 0 0 0 0 0 0 0 0 0 0 0 0 0 0 0 0 0 0 0 0 0 0 23 23 23 23 23 26 28 30
97 96 94 93 92 91 90 88 87 86 84 83 82 80 79 77 76 74 72 71 69 67 66 64 62 60 58 56 53 51 49 46 43 40 37 34 30 25 20 15 0 0 0 0 0 0 0 0 0 0 0 0 0 0 0 0 0 0 0 0 0 0 0 0 0 0 0 0 0 0 0 0 0 0 0 0 0 0 0 0 0 0 0 0 0 0 23 23 23 23 23 26 28 30 32 33
97 96 95 93 92 91 90 88 87 86 84 83 82 80 79 77 76 74 73 71 69 67 66 64 62 60 58 56 54 51 49 46 43 40 37 34 30 26 20 15 0 0 0 0 0 0 0 0 0 0 0 0 0 0 0 0 0 0 0 0 0 0 0 0 0 0 0 0 0 0 0 0 0 0 0 0 0 0 0 0 0 0 0 0 23 23 23 23 23 26 28 30 32 33 35 36
97 96 95 93 92 91 90 88 87 86 84 83 82 80 79 77 76 74 73 71 69 68 66 64 62 60 58 56 54 51 49 46 44 41 37 34 30 26 20 15 0 0 0 0 0 0 0 0 0 0 0 0 0 0 0 0 0 0 0 0 0 0 0 0 0 0 0 0 0 0 0 0 0 0 0 0 0 0 0 0 0 0 23 23 23 23 23 25 28 30 31 33 35 36 38 39
97 96 95 93 92 91 90 88 87 86 84 83 82 80 79 77 76 74 73 71 69 68 66 64 62 60 58 56 54 51 49 46 44 41 38 34 30 26 20 15 0 0 0 0 0 0 0 0 0 0 0 0 0 0 0 0 0 0 0 0 0 0 0 0 0 0 0 0 0 0 0 0 0 0 0 0 0 0 0 0 23 23 23 23 23 25 27 29 31 33 35 36 38 39 41 42
97 96 95 93 92 91 90 88 87 86 85 83 82 80 79 77 76 74 73 71 69 68 66 64 62 60 58 56 54 51 49 46 44 41 38 34 30 26 21 15 0 0 0 0 0 0 0 0 0 0 0 0 0 0 0 0 0 0 0 0 0 0 0 0 0 0 0 0 0 0 0 0 0 0 0 0 0 0 23 23 23 23 23 25 27 29 31 33 35 36 38 39 41 42 43 45
97 96 95 93 92 91 90 89 87 86 85 83 82 80 79 77 76 74 73 71 69 68 66 64 62 60 58 56 54 51 49 46 44 41 38 34 30 26 21 15 0 0 0 0 0 0 0 0 0 0 0 0 0 0 0 0 0 0 0 0 0 0 0 0 0 0 0 0 0 0 0 0 0 0 0 0 23 23 23 23 23 24 27 29 31 33 34 36 38 39 41 42 43 45 46 47
97 96 95 94 92 91 90 89 87 86 85 83 82 80 79 77 76 74 73 71 69 68 66 64 62 60 58 56 54 52 49 47 44 41 38 34 31 26 21 15 0 0 0 0 0 0 0 0 0 0 0 0 0 0 0 0 0 0 0 0 0 0 0 0 0 0 0 0 0 0 0 0 0 0 0 23 23 23 23 24 26 29 31 32 34 36 38 39 41 42 43 45 46 47 48 49
97 96 95 94 92 91 90 89 87 86 85 83 82 80 79 77 76 74 73 71 69 68 66 64 62 60 58 56 54 52 49 47 44 41 38 34 31 26 21 15 0 0 0 0 0 0 0 0 0 0 0 0 0 0 0 0 0 0 0 0 0 0 0 0 0 0 0 0 0 0 0 0 0 23 23 23 23 23 26 28 30 32 34 36 37 39 40 42 43 44 46 47 48 49 50 52
97 96 95 94 92 91 90 89 87 86 85 83 82 80 79 78 76 74 73 71 70 68 66 64 62 60 58 56 54 52 49 47 44 41 38 35 31 26 21 15 0 0 0 0 0 0 0 0 0 0 0 0 0 0 0 0 0 0 0 0 0 0 0 0 0 0 0 0 0 0 0 23 23 23 23 23 25 28 30 32 34 35 37 39 40 42 43 44 46 47 48 49 50 51 53 54
97 96 95 94 92 91 90 89 87 86 85 83 82 81 79 78 76 74 73 71 70 68 66 64 62 60 58 56 54 52 49 47 44 41 38 35 31 26 21 15 0 0 0 0 0 0 0 0 0 0 0 0 0 0 0 0 0 0 0 0 0 0 0 0 0 0 0 0 0 0 23 23 23 23 25 27 29 31 33 35 37 38 40 41 43 44 45 47 48 49 50 51 52 54 55 56
97 96 95 94 92 91 90 89 87 86 85 83 82 81 79 78 76 75 73 71 70 68 66 64 62 60 58 56 54 52 49 47 44 41 38 35 31 27 21 15 0 0 0 0 0 0 0 0 0 0 0 0 0 0 0 0 0 0 0 0 0 0 0 0 0 0 0 0 23 23 23 23 24 27 29 31 33 35 36 38 40 41 43 44 45 47 48 49 50 51 52 53 54 56 57 58
97 96 95 94 92 91 90 89 87 86 85 83 82 81 79 78 76 75 73 71 70 68 66 64 62 60 58 56 54 52 49 47 44 41 38 35 31 27 22 15 0 0 0 0 0 0 0 0 0 0 0 0 0 0 0 0 0 0 0 0 0 0 0 0 0 0 23 23 23 23 23 26 28 30 32 34 36 38 39 41 42 44 45 46 48 49 50 51 52 53 54 55 56 57 58 59
97 96 95 94 92 91 90 89 87 86 85 83 82 81 79 78 76 75 73 71 70 68 66 64 62 60 58 56 54 52 49 47 44 41 38 35 31 27 22 15 0 0 0 0 0 0 0 0 0 0 0 0 0 0 0 0 0 0 0 0 0 0 0 0 0 23 23 23 23 25 27 30 32 34 35 37 39 40 42 43 45 46 47 49 50 51 52 53 54 55 56 57 58 59 60 61
97 96 95 94 92 91 90 89 87 86 85 83 82 81 79 78 76 75 73 71 70 68 66 64 62 60 58 56 54 52 49 47 44 41 38 35 31 27 22 15 0 0 0 0 0 0 0 0 0 0 0 0 0 0 0 0 0 0 0 0 0 0 0 23 23 23 23 24 27 29 31 33 35 37 38 40 41 43 44 46 47 48 50 51 52 53 54 55 56 57 58 59 60 61 62 63
97 96 95 94 93 91 90 89 87 86 85 83 82 81 79 78 76 75 73 71 70 68 66 64 62 61 58 56 54 52 49 47 44 41 38 35 31 27 22 15 0 0 0 0 0 0 0 0 0 0 0 0 0 0 0 0 0 0 0 0 0 23 23 23 23 23 26 28 30 32 34 36 38 40 41 43 44 45 47 48 49 50 52 53 54 55 56 57 58 59 60 61 62 63 64 65
97 96 95 94 93 91 90 89 87 86 85 83 82 81 79 78 76 75 73 71 70 68 66 64 62 61 59 56 54 52 50 47 44 41 38 35 31 27 22 15 0 0 0 0 0 0 0 0 0 0 0 0 0 0 0 0 0 0 0 0 23 23 23 23 25 27 30 32 34 36 37 39 41 42 44 45 46 48 49 50 51 53 54 55 56 57 58 59 60 61 62 63 64 64 65 66
