testData/tiles/oneDegree/grid3.0-48.0-4.0-49.0.asc
ncols   200
nrows   200
xllcorner   3.0
yllcorner   48.0
cellsize   0.005
NODATA_value   -9999.0
[rows 39 to 77 of 200, columns 0 to 86 of 200]
1029 1029 1028 1029 1029 1029 1030 1030 1030 1030 1030 1030 1030 1030 1030 1029 1030 1030 1029 1030 1029 1028 1028 1029 1028 1027 1027 1025 1024 1024 1024 1024 1023 1022 1023 1022 1022 1021 1020 1020 1019 1018 1017 1017 1015 1015 1013 1013 1012 1010 1009 1008 1007 1006 1005 1005 1003 1000 999 997 996 996 994 992 991 988 987 986 986 986 986 984 984 984 984 984 983 982 982 982 982 1053 1053 1052 1052 1052 1050
1029 1029 1031 1031 1030 1031 1031 1031 1032 1032 1030 1031 1031 1030 1031 1031 1030 1030 1030 1029 1029 1030 1029 1027 1027 1027 1027 1026 1025 1026 1025 1024 1024 1025 1022 1022 1021 1021 1020 1019 1019 1018 1018 1017 1016 1015 1015 1013 1013 1011 1009 1008 1008 1007 1006 1004 1003 1001 1000 999 997 996 993 991 989 989 988 987 987 987 986 986 984 984 985 985 984 983 983 983 983 981 980 980 979 981 981
1030 1031 1030 1031 1032 1031 1031 1032 1031 1031 1032 1032 1032 1033 1032 1031 1031 1032 1031 1030 1031 1029 1028 1027 1028 1028 1026 1027 1027 1025 1025 1025 1024 1025 1023 1022 1022 1021 1021 1020 1019 1019 1018 1017 1016 1016 1014 1013 1011 1012 1012 1010 1009 1008 1005 1004 1002 1002 1000 999 998 995 994 993 991 989 987 988 986 986 986 987 987 986 986 984 984 984 983 983 982 983 983 982 981 980 979
1031 1031 1031 1031 1032 1032 1033 1032 1032 1033 1032 1032 1033 1031 1031 1032 1031 1031 1031 1031 1031 1030 1030 1030 1030 1028 1029 1029 1027 1027 1026 1025 1024 1022 1024 1023 1022 1021 1022 1021 1020 1019 1019 1018 1016 1016 1015 1013 1013 1011 1011 1010 1007 1006 1006 1005 1004 1002 1001 998 997 996 994 993 991 989 989 987 989 987 987 987 986 986 985 985 985 985 986 983 983 982 982 983 981 981 980
1032 1033 1033 1033 1033 1032 1032 1033 1033 1033 1033 1033 1033 1033 1033 1032 1032 1031 1031 1031 1030 1031 1031 1030 1029 1030 1029 1028 1028 1027 1026 1026 1024 1025 1023 1024 1023 1022 1021 1022 1020 1018 1018 1018 1017 1015 1014 1016 1014 1013 1010 1009 1009 1007 1006 1005 1004 1003 1001 999 998 996 995 992 991 990 989 989 988 989 988 988 987 985 987 986 986 985 984 985 984 984 982 981 982 982 982
1031 1032 1032 1032 1033 1033 1032 1033 1033 1033 1034 1034 1034 1034 1034 1033 1033 1033 1033 1032 1033 1032 1031 1031 1030 1029 1028 1028 1028 1027 1026 1027 1026 1025 1024 1023 1024 1023 1021 1020 1022 1020 1019 1017 1017 1017 1015 1014 1013 1012 1012 1010 1010 1009 1007 1005 1003 1002 1001 999 997 996 995 994 991 990 990 989 989 988 989 988 988 988 987 988 986 985 984 984 985 985 984 983 983 982 982
1034 1034 1033 1034 1035 1033 1034 1034 1033 1034 1034 1033 1034 1034 1033 1034 1034 1033 1033 1034 1033 1031 1032 1031 1031 1030 1030 1030 1028 1028 1029 1027 1026 1025 1025 1024 1023 1021 1022 1021 1020 1021 1019 1019 1018 1018 1016 1014 1013 1013 1011 1010 1008 1007 1008 1005 1004 1002 1002 1000 998 997 994 993 991 990 990 990 991 990 989 988 988 988 987 986 987 987 987 986 985 985 984 984 983 983 981
1033 1034 1035 1034 1034 1035 1035 1035 1036 1035 1035 1036 1035 1035 1036 1035 1034 1034 1033 1032 1032 1032 1032 1032 1030 1031 1031 1029 1029 1030 1028 1028 1026 1026 1025 1024 1023 1024 1022 1022 1020 1019 1020 1019 1017 1016 1015 1016 1014 1013 1012 1011 1011 1007 1006 1006 1004 1002 1001 1001 1000 996 995 993 991 992 991 990 990 990 990 989 989 989 988 987 987 987 987 986 985 985 984 984 984 983 983
1034 1034 1034 1035 1035 1035 1035 1036 1034 1035 1036 1035 1035 1036 1035 1035 1035 1034 1034 1033 1034 1034 1032 1032 1033 1032 1031 1031 1030 1028 1028 1028 1027 1026 1025 1025 1024 1023 1023 1021 1023 1020 1019 1018 1017 1017 1016 1014 1014 1012 1013 1011 1010 1009 1006 1005 1006 1003 1002 999 998 997 995 994 992 993 992 991 990 990 990 990 989 989 989 989 988 988 986 986 986 986 986 984 985 985 984
1035 1035 1035 1035 1036 1036 1036 1036 1036 1035 1035 1035 1035 1035 1035 1035 1035 1035 1034 1035 1035 1033 1034 1034 1033 1032 1031 1031 1030 1029 1030 1029 1028 1027 1027 1025 1025 1023 1023 1022 1020 1021 1019 1019 1018 1018 1017 1016 1014 1013 1011 1010 1009 1008 1008 1006 1005 1004 1001 1000 998 998 996 994 992 991 992 992 992 992 991 991 989 989 989 989 988 987 988 987 988 987 985 985 984 985 984
1035 1035 1036 1036 1035 1036 1037 1036 1037 1037 1036 1037 1037 1036 1037 1037 1036 1036 1037 1035 1035 1034 1033 1033 1032 1032 1032 1031 1030 1031 1029 1029 1028 1028 1027 1027 1024 1025 1023 1023 1021 1019 1020 1020 1018 1017 1015 1016 1015 1013 1013 1011 1011 1010 1008 1006 1003 1002 1001 1001 999 997 995 994 993 993 992 993 992 991 991 990 991 990 991 990 988 989 988 988 986 986 987 986 985 984 984
1035 1036 1036 1036 1037 1037 1036 1037 1037 1037 1038 1038 1037 1038 1038 1036 1035 1035 1035 1035 1035 1035 1035 1033 1034 1034 1032 1032 1033 1030 1030 1029 1028 1028 1026 1026 1026 1024 1024 1022 1023 1022 1020 1019 1019 1018 1016 1015 1014 1013 1011 1012 1010 1008 1007 1005 1005 1004 1003 1000 998 997 994 994 994 994 994 992 992 991 991 992 991 991 990 990 989 989 990 987 987 986 987 987 986 986 985
1038 1037 1037 1038 1038 1038 1038 1037 1037 1038 1037 1037 1037 1036 1036 1037 1036 1036 1036 1036 1036 1035 1034 1035 1034 1033 1034 1033 1032 1031 1031 1030 1030 1028 1029 1027 1026 1025 1023 1024 1022 1020 1020 1018 1018 1018 1017 1016 1014 1015 1013 1010 1009 1008 1007 1007 1005 1004 1001 1000 999 998 997 994 994 993 993 993 992 993 993 993 992 990 990 990 990 988 989 989 989 989 987 986 985 986 986
1036 1037 1037 1037 1037 1037 1038 1038 1038 1038 1038 1038 1038 1038 1038 1038 1038 1037 1038 1037 1036 1037 1036 1035 1033 1033 1033 1032 1031 1032 1031 1030 1029 1030 1028 1028 1026 1026 1025 1023 1023 1020 1020 1020 1018 1017 1017 1016 1015 1013 1013 1012 1010 1010 1009 1006 1004 1002 1002 1001 999 997 996 995 994 994 994 994 994 993 992 992 992 991 991 992 991 990 989 989 988 988 988 987 987 985 985
1036 1037 1037 1038 1038 1038 1038 1038 1038 1039 1039 1039 1039 1039 1039 1038 1037 1038 1037 1036 1037 1036 1035 1035 1035 1035 1034 1033 1034 1032 1031 1030 1030 1030 1028 1026 1027 1025 1025 1024 1022 1023 1021 1020 1020 1017 1017 1016 1014 1013 1011 1012 1011 1009 1007 1006 1005 1005 1002 1002 999 996 994 994 996 995 995 994 994 994 992 992 992 993 991 991 991 991 991 990 988 987 988 989 988 987 986
1039 1039 1038 1039 1040 1039 1040 1040 1039 1040 1040 1039 1039 1039 1037 1037 1038 1037 1037 1038 1037 1036 1035 1036 1036 1034 1034 1035 1033 1033 1032 1031 1031 1029 1029 1029 1028 1026 1024 1025 1024 1022 1021 1020 1019 1018 1017 1016 1015 1014 1014 1011 1009 1009 1007 1007 1004 1004 1002 1000 998 997 997 996 995 996 994 994 993 993 994 994 993 992 992 991 991 990 989 990 990 990 989 987 987 987 987
1037 1038 1039 1038 1038 1039 1039 1039 1040 1039 1039 1040 1039 1039 1039 1039 1039 1039 1039 1038 1038 1037 1038 1037 1035 1036 1034 1033 1033 1033 1032 1032 1030 1030 1029 1029 1028 1027 1027 1024 1024 1023 1020 1021 1020 1018 1017 1015 1015 1013 1012 1011 1009 1008 1008 1007 1005 1002 1002 999 999 998 997 997 995 995 996 995 995 994 993 993 993 993 992 992 991 991 990 990 991 990 989 988 988 988 987
1039 1039 1038 1039 1040 1039 1039 1040 1039 1039 1041 1040 1040 1039 1040 1039 1038 1039 1039 1038 1038 1038 1036 1036 1037 1036 1035 1034 1035 1034 1033 1031 1032 1030 1030 1028 1027 1027 1026 1025 1023 1024 1023 1021 1020 1019 1018 1017 1014 1013 1011 1011 1011 1009 1008 1006 1005 1003 1002 1002 998 997 996 995 996 996 996 995 995 995 994 993 993 993 992 992 992 992 992 991 989 988 989 989 988 988 987
1040 1040 1040 1040 1040 1041 1041 1041 1041 1040 1041 1041 1040 1041 1040 1038 1039 1039 1038 1038 1037 1037 1037 1037 1037 1036 1035 1036 1034 1034 1033 1033 1032 1031 1030 1030 1028 1027 1026 1025 1025 1023 1023 1021 1019 1019 1017 1016 1016 1014 1014 1012 1009 1009 1006 1005 1004 1004 1003 1000 998 997 997 998 996 997 995 995 994 995 995 995 995 993 993 992 992 992 991 991 990 990 990 990 988 988 988
1040 1038 1039 1040 1039 1040 1040 1040 1040 1041 1040 1040 1041 1040 1040 1041 1040 1040 1039 1039 1039 1038 1039 1038 1036 1036 1037 1034 1034 1034 1033 1033 1031 1031 1031 1030 1029 1028 1027 1027 1025 1024 1022 1021 1021 1019 1018 1016 1015 1014 1012 1011 1009 1008 1009 1007 1006 1002 1001 1000 998 998 998 998 996 996 997 996 995 995 995 994 994 994 993 994 992 992 991 991 992 991 990 989 989 989 989
1040 1040 1041 1040 1040 1041 1040 1040 1041 1040 1040 1040 1040 1040 1040 1040 1040 1039 1040 1040 1039 1040 1038 1037 1037 1037 1036 1036 1035 1035 1035 1033 1032 1031 1031 1030 1028 1028 1027 1026 1025 1024 1024 1022 1021 1020 1018 1018 1015 1014 1013 1011 1010 1009 1008 1006 1004 1003 1001 1002 999 998 997 997 997 996 997 997 996 996 995 994 994 994 993 993 993 993 993 992 991 990 990 990 989 988 988
1040 1041 1041 1041 1041 1042 1042 1042 1042 1042 1042 1042 1042 1042 1042 1041 1039 1040 1039 1039 1039 1038 1038 1038 1037 1037 1036 1036 1036 1035 1034 1034 1032 1032 1030 1030 1030 1029 1027 1025 1025 1025 1023 1022 1020 1019 1019 1017 1016 1014 1013 1013 1010 1008 1006 1005 1004 1004 1002 1000 998 998 998 998 998 998 996 996 995 996 996 995 994 994 995 993 993 993 992 992 991 991 990 990 989 989 989
1041 1040 1040 1041 1041 1040 1041 1041 1041 1042 1042 1041 1042 1042 1041 1041 1042 1040 1040 1040 1040 1040 1039 1039 1039 1037 1036 1035 1035 1034 1033 1034 1033 1032 1031 1031 1030 1029 1028 1028 1025 1025 1024 1021 1021 1020 1019 1018 1016 1014 1013 1012 1011 1009 1008 1006 1005 1001 1001 1000 998 998 999 999 998 997 998 997 996 995 995 996 995 995 994 995 993 993 991 991 993 991 991 990 991 990 989
1042 1041 1042 1041 1041 1042 1042 1041 1042 1041 1041 1042 1041 1041 1041 1041 1041 1041 1041 1041 1041 1038 1039 1038 1038 1038 1037 1037 1036 1036 1036 1034 1033 1032 1032 1031 1029 1028 1028 1027 1026 1024 1024 1024 1022 1021 1018 1017 1017 1015 1014 1012 1011 1009 1007 1006 1004 1003 1000 999 1001 999 998 997 998 997 997 997 997 997 996 996 995 995 994 993 993 994 994 992 992 991 991 991 1007 1006 1006
1041 1043 1042 1042 1043 1042 1043 1044 1043 1043 1044 1043 1043 1042 1042 1042 1040 1041 1041 1039 1039 1040 1039 1039 1038 1038 1038 1036 1037 1037 1035 1034 1032 1033 1032 1031 1030 1030 1028 1027 1026 1025 1024 1022 1022 1020 1019 1018 1017 1016 1014 1012 1011 1009 1007 1006 1005 1002 1001 999 999 1000 999 999 998 998 997 997 997 997 997 996 995 994 995 994 994 1010 1010 1010 1009 1009 1008 1008 1006 1006 1006
1041 1041 1041 1042 1042 1042 1042 1042 1042 1042 1043 1043 1042 1043 1043 1042 1042 1041 1041 1041 1041 1041 1040 1040 1040 1038 1036 1037 1036 1035 1035 1034 1034 1032 1032 1031 1031 1030 1029 1027 1027 1026 1025 1022 1021 1021 1020 1019 1016 1015 1014 1013 1012 1010 1008 1006 1004 1003 1001 1000 999 999 999 998 999 998 998 998 997 996 995 1013 1013 1013 1012 1012 1011 1011 1009 1009 1010 1008 1008 1008 1009 1008 1007
1043 1043 1041 1042 1043 1042 1043 1042 1042 1043 1042 1042 1043 1042 1042 1043 1042 1042 1042 1042 1041 1039 1040 1040 1039 1038 1038 1038 1037 1036 1036 1036 1034 1033 1032 1031 1030 1029 1028 1028 1027 1026 1024 1024 1023 1021 1020 1018 1016 1015 1014 1012 1011 1009 1007 1007 1005 1003 1002 1001 1001 998 999 998 999 1016 1015 1014 1014 1014 1014 1014 1013 1012 1012 1011 1011 1011 1011 1009 1010 1010 1010 1011 1009 1010 1010
1042 1042 1044 1043 1043 1044 1043 1044 1045 1044 1044 1043 1043 1043 1043 1042 1042 1041 1041 1041 1040 1041 1040 1039 1039 1039 1039 1038 1037 1037 1035 1035 1034 1034 1033 1032 1031 1030 1029 1028 1026 1025 1024 1023 1022 1021 1020 1019 1018 1017 1014 1013 1011 1009 1009 1006 1005 1003 1001 1000 1018 1018 1017 1017 1016 1015 1014 1014 1015 1014 1015 1013 1013 1012 1014 1012 1013 1013 1014 1014 1014 1014 1013 1014 1012 1013 1013
1042 1042 1042 1043 1043 1043 1043 1043 1043 1043 1043 1043 1043 1042 1043 1042 1042 1043 1042 1042 1042 1042 1041 1040 1039 1039 1037 1037 1037 1036 1036 1034 1035 1034 1033 1032 1031 1030 1029 1028 1027 1026 1026 1024 1022 1021 1019 1018 1016 1015 1014 1012 1012 1010 1009 1024 1022 1019 1019 1019 1018 1018 1017 1016 1016 1015 1016 1016 1016 1015 1015 1017 1016 1017 1015 1018 1017 1017 1016 1016 1017 1016 1016 1016 1017 1015 1016
1042 1043 1043 1043 1043 1043 1044 1044 1043 1044 1044 1043 1043 1044 1043 1043 1044 1042 1042 1041 1041 1041 1040 1041 1039 1039 1039 1038 1038 1038 1036 1036 1034 1033 1032 1031 1031 1030 1029 1028 1028 1027 1025 1023 1022 1022 1021 1019 1017 1015 1031 1031 1028 1027 1025 1023 1021 1021 1021 1019 1019 1017 1018 1017 1019 1020 1018 1019 1018 1020 1019 1020 1018 1020 1020 1019 1020 1020 1019 1019 1019 1018 1019 1019 1018 1019 1019
1044 1043 1045 1044 1043 1044 1044 1043 1044 1044 1044 1044 1044 1044 1043 1043 1043 1042 1041 1042 1041 1041 1042 1040 1040 1039 1039 1038 1037 1036 1037 1035 1035 1033 1033 1033 1032 1030 1029 1028 1027 1025 1025 1023 1023 1021 1037 1036 1035 1034 1032 1031 1028 1026 1025 1024 1023 1021 1021 1022 1022 1022 1023 1022 1021 1022 1021 1021 1022 1021 1023 1022 1023 1022 1023 1021 1021 1022 1021 1022 1023 1022 1021 1022 1021 1021 1020
1043 1043 1043 1043 1044 1044 1044 1044 1044 1044 1044 1044 1044 1043 1044 1044 1043 1043 1044 1043 1043 1041 1041 1040 1039 1039 1038 1038 1037 1037 1036 1036 1035 1035 1033 1032 1031 1030 1030 1028 1028 1026 1041 1041 1040 1038 1036 1035 1035 1033 1032 1030 1029 1027 1028 1028 1024 1025 1025 1025 1026 1025 1026 1025 1026 1025 1026 1024 1024 1024 1024 1025 1025 1024 1024 1024 1024 1026 1023 1023 1025 1024 1024 1022 1023 1023 1023
1043 1043 1044 1043 1044 1044 1043 1045 1045 1044 1045 1044 1043 1043 1043 1043 1043 1043 1042 1042 1041 1042 1041 1040 1041 1040 1040 1039 1039 1038 1035 1035 1035 1034 1033 1032 1031 1030 1047 1046 1044 1043 1042 1041 1040 1038 1038 1036 1036 1036 1033 1033 1033 1031 1030 1030 1029 1029 1028 1029 1028 1028 1028 1028 1027 1028 1028 1028 1028 1028 1027 1026 1025 1027 1027 1027 1026 1026 1027 1026 1027 1024 1025 1025 1025 1025 1024
1044 1044 1043 1045 1045 1044 1045 1044 1044 1045 1044 1045 1044 1044 1043 1043 1043 1043 1042 1042 1043 1042 1041 1040 1040 1039 1038 1039 1037 1037 1037 1036 1036 1034 1051 1050 1048 1047 1045 1045 1045 1043 1042 1041 1041 1041 1040 1039 1038 1038 1036 1037 1036 1034 1034 1031 1031 1031 1032 1032 1032 1032 1031 1031 1030 1031 1030 1031 1030 1029 1030 1029 1029 1030 1029 1028 1028 1029 1028 1028 1028 1028 1027 1027 1027 1027 1026
1043 1044 1044 1044 1044 1045 1045 1045 1045 1045 1045 1044 1045 1045 1044 1044 1044 1043 1043 1043 1042 1041 1041 1041 1039 1039 1040 1038 1038 1037 1054 1053 1051 1051 1049 1050 1049 1047 1047 1046 1046 1046 1044 1043 1043 1043 1043 1042 1042 1040 1041 1039 1038 1037 1035 1035 1034 1035 1034 1033 1033 1033 1034 1034 1034 1033 1033 1032 1032 1031 1031 1032 1031 1031 1031 1031 1030 1031 1029 1029 1029 1031 1030 1029 1029 1029 1030
1043 1042 1043 1044 1043 1044 1044 1043 1045 1045 1044 1045 1044 1044 1045 1044 1044 1043 1043 1043 1042 1042 1042 1041 1041 1040 1039 1056 1055 1054 1053 1052 1052 1050 1051 1049 1050 1050 1049 1049 1048 1048 1049 1048 1048 1047 1045 1043 1043 1043 1041 1041 1039 1039 1038 1037 1037 1037 1037 1036 1036 1036 1036 1035 1035 1036 1035 1035 1034 1035 1034 1034 1033 1033 1032 1032 1032 1031 1034 1032 1032 1030 1030 1031 1030 1030 1029
1044 1045 1045 1044 1046 1045 1045 1046 1045 1044 1045 1044 1044 1044 1044 1044 1043 1043 1043 1042 1042 1041 1041 1041 1057 1057 1056 1056 1055 1055 1054 1053 1053 1054 1052 1052 1051 1053 1053 1051 1052 1051 1051 1049 1048 1049 1048 1048 1047 1046 1046 1043 1042 1040 1039 1039 1039 1039 1039 1039 1039 1039 1039 1038 1037 1038 1037 1037 1037 1037 1037 1036 1036 1035 1034 1033 1035 1034 1033 1033 1034 1034 1032 1031 1031 1032 1031
1045 1044 1045 1045 1044 1044 1045 1045 1045 1044 1045 1045 1044 1045 1045 1044 1045 1044 1043 1042 1059 1059 1058 1057 1058 1057 1056 1054 1055 1055 1055 1055 1056 1056 1056 1055 1057 1056 1055 1055 1052 1053 1053 1052 1051 1050 1051 1049 1048 1046 1046 1044 1045 1044 1042 1042 1040 1041 1041 1041 1042 1041 1041 1040 1040 1040 1041 1039 1039 1037 1038 1038 1037 1038 1037 1037 1036 1035 1035 1035 1033 1033 1035 1034 1033 1032 1033
1044 1044 1043 1044 1045 1044 1045 1045 1044 1045 1044 1044 1045 1044 1044 1044 1044 1061 1060 1060 1060 1058 1058 1058 1058 1058 1058 1059 1057 1058 1058 1059 1060 1058 1057 1059 1057 1058 1057 1056 1057 1056 1056 1054 1054 1052 1052 1051 1050 1049 1049 1048 1045 1044 1043 1044 1045 1044 1045 1043 1042 1042 1042 1043 1043 1043 1041 1041 1041 1041 1039 1040 1039 1039 1039 1039 1039 1037 1037 1036 1036 1035 1034 1035 1035 1035 1035
