testData/tiles/oneDegree/grid14.0-41.0-15.0-42.0.asc
ncols   200
nrows   200
xllcorner   14.0
yllcorner   41.0
cellsize   0.005
NODATA_value   -9999.0
[rows 147 to 195 of 200, columns 96 to 191 of 200]
64 64 64 65 65 65 65 65 65 65 66 66 66 66 66 66 66 67 67 67 67 67 67 67 68 68 68 68 68 68 68 68 69 69 69 69 69 69 69 69 69 70 70 70 70 70 70 70 70 70 70 71 71 71 71 71 71 71 71 71 71 71 72 72 72 72 72 72 72 72 72 72 72 72 72 73 73 73 73 50 50 50 50 50 50 50 50 50 50 50 50 51 51 51 51 51
64 64 64 64 65 65 65 65 65 65 65 66 66 66 66 66 66 66 67 67 67 67 67 67 67 68 68 68 68 68 68 68 68 69 69 69 69 69 69 69 69 69 70 70 70 70 70 70 70 70 70 70 71 71 71 71 71 71 71 71 71 71 71 71 72 72 72 72 72 72 72 72 72 72 72 72 72 73 73 73 73 73 50 50 50 50 50 50 50 50 50 50 50 51 51 51
64 64 64 64 64 65 65 65 65 65 65 66 66 66 66 66 66 66 66 67 67 67 67 67 67 67 68 68 68 68 68 68 68 68 68 69 69 69 69 69 69 69 69 69 70 70 70 70 70 70 70 70 70 70 71 71 71 71 71 71 71 71 71 71 71 72 72 72 72 72 72 72 72 72 72 72 72 72 72 73 73 73 73 73 50 50 50 50 50 50 50 50 50 50 50 50
64 64 64 64 64 64 65 65 65 65 65 65 66 66 66 66 66 66 66 66 67 67 67 67 67 67 67 68 68 68 68 68 68 68 68 68 69 69 69 69 69 69 69 69 69 70 70 70 70 70 70 70 70 70 70 71 71 71 71 71 71 71 71 71 71 71 71 72 72 72 72 72 72 72 72 72 72 72 72 72 72 73 73 73 73 73 73 50 50 50 50 50 50 50 50 50
64 64 64 64 64 64 64 65 65 65 65 65 65 66 66 66 66 66 66 66 66 67 67 67 67 67 67 67 68 68 68 68 68 68 68 68 68 69 69 69 69 69 69 69 69 69 70 70 70 70 70 70 70 70 70 70 70 71 71 71 71 71 71 71 71 71 71 71 72 72 72 72 72 72 72 72 72 72 72 72 72 72 72 73 73 73 73 73 73 73 50 50 50 50 50 50
63 64 64 64 64 64 64 64 65 65 65 65 65 65 66 66 66 66 66 66 66 66 67 67 67 67 67 67 67 67 68 68 68 68 68 68 68 68 69 69 69 69 69 69 69 69 69 70 70 70 70 70 70 70 70 70 70 70 71 71 71 71 71 71 71 71 71 71 71 71 72 72 72 72 72 72 72 72 72 72 72 72 72 72 72 73 73 73 73 73 73 73 50 50 50 50
63 63 64 64 64 64 64 64 64 65 65 65 65 65 65 66 66 66 66 66 66 66 66 67 67 67 67 67 67 67 67 68 68 68 68 68 68 68 68 69 69 69 69 69 69 69 69 69 69 70 70 70 70 70 70 70 70 70 70 71 71 71 71 71 71 71 71 71 71 71 71 71 72 72 72 72 72 72 72 72 72 72 72 72 72 72 72 73 73 73 73 73 73 73 73 50
63 63 63 64 64 64 64 64 64 64 65 65 65 65 65 65 66 66 66 66 66 66 66 66 67 67 67 67 67 67 67 67 68 68 68 68 68 68 68 68 68 69 69 69 69 69 69 69 69 69 70 70 70 70 70 70 70 70 70 70 70 71 71 71 71 71 71 71 71 71 71 71 71 71 72 72 72 72 72 72 72 72 72 72 72 72 72 72 72 73 73 73 73 73 73 73
63 63 63 63 64 64 64 64 64 64 64 65 65 65 65 65 65 65 66 66 66 66 66 66 66 67 67 67 67 67 67 67 67 68 68 68 68 68 68 68 68 68 69 69 69 69 69 69 69 69 69 69 70 70 70 70 70 70 70 70 70 70 70 71 71 71 71 71 71 71 71 71 71 71 71 72 72 72 72 72 72 72 72 72 72 72 72 72 72 72 72 73 73 73 73 73
63 63 63 63 63 64 64 64 64 64 64 64 65 65 65 65 65 65 65 66 66 66 66 66 66 66 67 67 67 67 67 67 67 67 68 68 68 68 68 68 68 68 68 69 69 69 69 69 69 69 69 69 69 70 70 70 70 70 70 70 70 70 70 70 71 71 71 71 71 71 71 71 71 71 71 71 71 72 72 72 72 72 72 72 72 72 72 72 72 72 72 72 72 73 73 73
63 63 63 63 63 63 64 64 64 64 64 64 64 65 65 65 65 65 65 65 66 66 66 66 66 66 66 67 67 67 67 67 67 67 67 68 68 68 68 68 68 68 68 68 69 69 69 69 69 69 69 69 69 69 70 70 70 70 70 70 70 70 70 70 70 70 71 71 71 71 71 71 71 71 71 71 71 71 71 72 72 72 72 72 72 72 72 72 72 72 72 72 72 72 72 73
62 63 63 63 63 63 63 64 64 64 64 64 64 64 65 65 65 65 65 65 65 66 66 66 66 66 66 66 67 67 67 67 67 67 67 67 67 68 68 68 68 68 68 68 68 68 69 69 69 69 69 69 69 69 69 69 70 70 70 70 70 70 70 70 70 70 70 71 71 71 71 71 71 71 71 71 71 71 71 71 71 72 72 72 72 72 72 72 72 72 72 72 72 75 75 75
62 62 63 63 63 63 63 63 64 64 64 64 64 64 64 65 65 65 65 65 65 65 66 66 66 66 66 66 66 66 67 67 67 67 67 67 67 67 68 68 68 68 68 68 68 68 68 69 69 69 69 69 69 69 69 69 69 70 70 70 70 70 70 70 70 70 70 70 70 71 71 71 71 71 71 71 71 71 71 71 71 71 71 72 72 72 72 72 72 75 75 75 75 75 75 75
62 62 62 63 63 63 63 63 63 64 64 64 64 64 64 64 65 65 65 65 65 65 65 66 66 66 66 66 66 66 66 67 67 67 67 67 67 67 67 68 68 68 68 68 68 68 68 68 69 69 69 69 69 69 69 69 69 69 69 70 70 70 70 70 70 70 70 70 70 70 70 71 71 71 71 71 71 71 71 71 71 71 71 71 71 75 75 75 75 75 75 75 75 75 76 76
62 62 62 62 63 63 63 63 63 63 64 64 64 64 64 64 64 65 65 65 65 65 65 65 66 66 66 66 66 66 66 66 67 67 67 67 67 67 67 67 68 68 68 68 68 68 68 68 68 68 69 69 69 69 69 69 69 69 69 69 70 70 70 70 70 70 70 70 70 70 70 70 70 71 71 71 71 71 71 71 71 71 74 74 74 74 74 75 75 76 76 77 77 77 78 78
62 62 62 62 62 63 63 63 63 63 63 64 64 64 64 64 64 64 65 65 65 65 65 65 65 66 66 66 66 66 66 66 66 67 67 67 67 67 67 67 67 67 68 68 68 68 68 68 68 68 68 69 69 69 69 69 69 69 69 69 69 69 70 70 70 70 70 70 70 70 70 70 70 70 71 71 71 71 71 71 74 74 74 74 74 74 75 76 76 78 78 79 79 79 80 80
62 62 62 62 62 62 63 63 63 63 63 63 64 64 64 64 64 64 64 65 65 65 65 65 65 65 66 66 66 66 66 66 66 66 67 67 67 67 67 67 67 67 67 68 68 68 68 68 68 68 68 68 68 69 69 69 69 69 69 69 69 69 69 69 70 70 70 70 70 70 70 70 70 70 70 70 71 71 74 74 74 74 74 75 76 76 77 77 78 78 79 79 81 81 82 82
61 62 62 62 62 62 62 63 63 63 63 63 63 64 64 64 64 64 64 64 65 65 65 65 65 65 65 65 66 66 66 66 66 66 66 66 67 67 67 67 67 67 67 67 68 68 68 68 68 68 68 68 68 68 69 69 69 69 69 69 69 69 69 69 69 70 70 70 70 70 70 70 70 70 70 70 73 73 74 74 75 75 76 77 77 78 79 79 80 80 81 81 82 82 84 84
61 61 62 62 62 62 62 62 63 63 63 63 63 63 64 64 64 64 64 64 64 65 65 65 65 65 65 65 65 66 66 66 66 66 66 66 66 67 67 67 67 67 67 67 67 67 68 68 68 68 68 68 68 68 68 68 69 69 69 69 69 69 69 69 69 69 69 70 70 70 70 70 70 70 73 73 73 73 74 75 76 77 78 79 79 80 81 81 82 82 83 83 84 84 84 85
61 61 61 62 62 62 62 62 62 63 63 63 63 63 63 63 64 64 64 64 64 64 64 65 65 65 65 65 65 65 66 66 66 66 66 66 66 66 67 67 67 67 67 67 67 67 67 68 68 68 68 68 68 68 68 68 68 69 69 69 69 69 69 69 69 69 69 69 69 70 70 70 73 73 73 73 74 75 76 76 77 78 80 80 81 82 82 83 84 84 85 85 86 86 86 87
61 61 61 61 62 62 62 62 62 62 63 63 63 63 63 63 63 64 64 64 64 64 64 64 65 65 65 65 65 65 65 66 66 66 66 66 66 66 66 66 67 67 67 67 67 67 67 67 67 68 68 68 68 68 68 68 68 68 68 69 69 69 69 69 69 69 69 69 69 69 72 73 73 73 74 75 76 76 77 78 79 80 81 81 82 84 84 85 86 86 87 87 88 88 88 89
61 61 61 61 61 62 62 62 62 62 62 63 63 63 63 63 63 63 64 64 64 64 64 64 64 65 65 65 65 65 65 65 65 66 66 66 66 66 66 66 66 67 67 67 67 67 67 67 67 67 68 68 68 68 68 68 68 68 68 68 68 69 69 69 69 69 69 69 69 72 72 72 72 74 75 76 77 78 79 80 81 82 82 83 84 85 85 87 87 88 89 89 89 90 90 91
61 61 61 61 61 61 62 62 62 62 62 62 63 63 63 63 63 63 63 64 64 64 64 64 64 64 65 65 65 65 65 65 65 65 66 66 66 66 66 66 66 66 67 67 67 67 67 67 67 67 67 67 68 68 68 68 68 68 68 68 68 68 69 69 69 69 69 69 72 72 72 73 74 75 77 78 79 80 81 82 83 83 84 85 86 86 87 88 88 90 90 91 91 92 92 93
60 61 61 61 61 61 61 62 62 62 62 62 62 62 63 63 63 63 63 63 64 64 64 64 64 64 64 65 65 65 65 65 65 65 65 66 66 66 66 66 66 66 66 66 67 67 67 67 67 67 67 67 67 68 68 68 68 68 68 68 68 68 68 68 69 69 72 72 72 72 73 75 76 77 78 79 81 82 83 83 84 85 86 87 88 88 89 90 90 91 91 92 93 94 94 95
60 60 60 61 61 61 61 61 62 62 62 62 62 62 62 63 63 63 63 63 63 64 64 64 64 64 64 64 64 65 65 65 65 65 65 65 65 66 66 66 66 66 66 66 66 67 67 67 67 67 67 67 67 67 67 68 68 68 68 68 68 68 68 68 68 71 72 72 73 74 75 76 77 78 79 80 81 82 84 85 86 87 88 89 89 90 91 91 92 93 93 94 94 95 96 96
60 60 60 60 61 61 61 61 61 62 62 62 62 62 62 62 63 63 63 63 63 63 63 64 64 64 64 64 64 64 65 65 65 65 65 65 65 65 66 66 66 66 66 66 66 66 66 67 67 67 67 67 67 67 67 67 68 68 68 68 68 68 68 68 71 71 71 72 74 76 77 78 79 80 81 82 83 84 85 86 87 89 90 90 91 92 93 93 94 95 95 96 96 97 97 97
60 60 60 60 60 61 61 61 61 61 61 62 62 62 62 62 62 63 63 63 63 63 63 63 64 64 64 64 64 64 64 65 65 65 65 65 65 65 65 66 66 66 66 66 66 66 66 66 67 67 67 67 67 67 67 67 67 67 68 68 68 68 68 71 71 71 73 74 75 77 78 79 81 82 83 84 85 86 87 88 89 90 90 92 93 94 94 95 96 96 97 98 98 98 99 99
60 60 60 60 60 60 61 61 61 61 61 61 62 62 62 62 62 62 63 63 63 63 63 63 63 64 64 64 64 64 64 64 64 65 65 65 65 65 65 65 65 66 66 66 66 66 66 66 66 66 67 67 67 67 67 67 67 67 67 67 68 71 71 71 72 73 74 75 77 78 79 81 82 83 84 85 87 88 88 89 90 91 92 93 94 96 96 97 98 98 99 99 100 100 101 101
59 60 60 60 60 60 60 61 61 61 61 61 61 62 62 62 62 62 62 63 63 63 63 63 63 63 64 64 64 64 64 64 64 64 65 65 65 65 65 65 65 65 66 66 66 66 66 66 66 66 66 67 67 67 67 67 67 67 67 67 70 70 71 72 73 74 76 77 78 79 80 82 83 85 86 87 88 89 90 91 92 93 94 95 96 96 97 99 99 100 101 101 102 102 103 103
59 59 60 60 60 60 60 60 61 61 61 61 61 61 62 62 62 62 62 62 62 63 63 63 63 63 63 63 64 64 64 64 64 64 64 65 65 65 65 65 65 65 65 65 66 66 66 66 66 66 66 66 66 67 67 67 67 67 67 70 70 70 71 73 74 76 77 78 80 81 82 83 84 86 87 89 90 91 92 93 94 95 96 97 97 98 99 100 100 101 103 103 104 104 105 105
59 59 59 60 60 60 60 60 60 61 61 61 61 61 61 62 62 62 62 62 62 62 63 63 63 63 63 63 63 64 64 64 64 64 64 64 64 65 65 65 65 65 65 65 65 66 66 66 66 66 66 66 66 66 66 67 67 67 70 70 70 71 72 74 75 77 79 80 81 82 84 85 86 87 88 89 91 93 94 95 96 97 97 98 99 100 101 101 102 103 103 104 106 106 107 107
59 59 59 59 60 60 60 60 60 60 61 61 61 61 61 61 62 62 62 62 62 62 62 63 63 63 63 63 63 63 64 64 64 64 64 64 64 64 65 65 65 65 65 65 65 65 65 66 66 66 66 66 66 66 66 66 67 67 70 70 71 72 74 75 76 78 79 81 83 84 85 86 88 89 90 91 92 93 94 95 97 98 99 100 101 102 103 103 104 105 105 106 107 107 108 109
59 59 59 59 59 59 60 60 60 60 60 61 61 61 61 61 61 61 62 62 62 62 62 62 63 63 63 63 63 63 63 63 64 64 64 64 64 64 64 64 65 65 65 65 65 65 65 65 66 66 66 66 66 66 66 66 66 69 70 71 72 74 75 76 78 79 80 82 83 85 87 88 89 90 92 93 94 95 96 97 98 99 101 102 103 104 104 105 106 107 107 108 108 109 109 110
58 59 59 59 59 59 59 60 60 60 60 60 60 61 61 61 61 61 61 62 62 62 62 62 62 62 63 63 63 63 63 63 63 64 64 64 64 64 64 64 64 65 65 65 65 65 65 65 65 65 66 66 66 66 66 66 69 69 70 71 73 75 76 78 79 81 82 83 85 86 87 89 91 92 93 94 95 97 98 99 100 101 102 103 104 105 106 107 108 108 109 110 110 111 111 112
58 58 59 59 59 59 59 59 60 60 60 60 60 60 61 61 61 61 61 61 62 62 62 62 62 62 62 63 63 63 63 63 63 63 64 64 64 64 64 64 64 64 64 65 65 65 65 65 65 65 65 66 66 66 66 69 69 69 71 72 74 76 78 79 81 82 83 85 86 87 89 90 91 93 95 96 97 98 99 100 101 102 103 104 105 106 107 109 110 110 111 112 112 113 113 114
58 58 58 59 59 59 59 59 59 60 60 60 60 60 60 61 61 61 61 61 61 62 62 62 62 62 62 62 63 63 63 63 63 63 63 63 64 64 64 64 64 64 64 64 65 65 65 65 65 65 65 65 65 66 69 69 69 71 72 74 75 77 78 80 82 83 85 86 87 89 90 91 93 94 95 97 99 100 101 102 103 104 105 106 107 108 109 110 110 112 113 113 114 115 115 116
58 58 58 58 58 59 59 59 59 59 60 60 60 60 60 60 61 61 61 61 61 61 61 62 62 62 62 62 62 62 63 63 63 63 63 63 63 64 64 64 64 64 64 64 64 64 65 65 65 65 65 65 65 65 68 69 70 72 73 75 76 78 79 81 82 85 86 88 89 90 92 93 94 95 97 98 99 101 102 104 105 106 107 108 109 110 111 111 112 113 114 114 116 117 117 118
58 58 58 58 58 58 59 59 59 59 59 60 60 60 60 60 60 61 61 61 61 61 61 61 62 62 62 62 62 62 62 63 63 63 63 63 63 63 63 64 64 64 64 64 64 64 64 65 65 65 65 65 65 68 68 69 70 73 75 76 78 79 81 82 84 85 86 89 90 92 93 94 96 97 98 100 101 102 103 105 106 107 108 109 110 111 112 113 114 115 115 116 117 117 118 119
57 57 58 58 58 58 58 59 59 59 59 59 59 60 60 60 60 60 60 61 61 61 61 61 61 62 62 62 62 62 62 62 63 63 63 63 63 63 63 63 64 64 64 64 64 64 64 64 64 65 65 65 68 68 68 70 72 73 76 77 79 80 82 83 85 86 88 89 91 93 94 96 97 98 100 101 102 103 105 106 107 108 110 111 112 113 114 115 116 117 117 118 119 119 120 120
57 57 57 58 58 58 58 58 59 59 59 59 59 59 60 60 60 60 60 60 61 61 61 61 61 61 61 62 62 62 62 62 62 62 63 63 63 63 63 63 63 63 64 64 64 64 64 64 64 64 65 68 68 68 69 71 73 74 76 77 80 82 83 85 86 88 89 91 92 93 95 97 99 100 101 103 104 105 106 107 109 110 111 112 114 115 116 117 118 118 119 120 121 121 122 122
57 57 57 57 58 58 58 58 58 59 59 59 59 59 59 60 60 60 60 60 60 61 61 61 61 61 61 61 62 62 62 62 62 62 62 63 63 63 63 63 63 63 63 64 64 64 64 64 64 64 64 67 68 69 71 72 74 75 77 79 80 82 84 86 87 89 90 92 93 95 96 98 99 101 103 104 105 107 108 109 110 111 112 114 115 116 117 118 119 120 121 122 122 123 124 124
57 57 57 57 57 58 58 58 58 58 58 59 59 59 59 59 60 60 60 60 60 60 60 61 61 61 61 61 61 62 62 62 62 62 62 62 62 63 63 63 63 63 63 63 63 64 64 64 64 64 67 67 67 69 72 73 75 77 78 80 81 83 85 86 89 90 92 93 95 96 98 99 100 102 103 105 107 108 109 111 112 113 114 115 116 117 118 119 120 122 123 124 124 125 126 126
56 57 57 57 57 57 58 58 58 58 58 58 59 59 59 59 59 59 60 60 60 60 60 60 61 61 61 61 61 61 61 62 62 62 62 62 62 62 63 63 63 63 63 63 63 63 63 64 64 64 67 67 68 70 72 73 76 78 79 81 83 84 86 87 89 90 93 94 96 97 99 100 102 103 105 106 107 109 111 112 113 115 116 117 118 119 120 121 122 123 124 124 126 127 127 128
56 56 57 57 57 57 57 58 58 58 58 58 58 59 59 59 59 59 59 60 60 60 60 60 60 61 61 61 61 61 61 61 62 62 62 62 62 62 62 62 63 63 63 63 63 63 63 63 64 67 67 68 69 71 73 74 76 79 80 82 84 85 87 89 90 92 93 95 97 99 100 102 103 105 106 107 109 110 111 113 115 116 117 118 120 121 122 123 124 124 125 126 127 128 128 130
56 56 56 57 57 57 57 57 57 58 58 58 58 58 59 59 59 59 59 59 60 60 60 60 60 60 60 61 61 61 61 61 61 61 62 62 62 62 62 62 62 63 63 63 63 63 63 63 63 66 67 69 70 72 74 75 77 79 80 83 85 86 88 90 91 93 94 96 98 99 102 103 104 106 107 109 110 112 113 114 115 117 119 120 121 122 123 124 125 126 127 128 129 129 130 131
56 56 56 56 56 57 57 57 57 57 58 58 58 58 58 58 59 59 59 59 59 59 60 60 60 60 60 60 61 61 61 61 61 61 61 62 62 62 62 62 62 62 62 63 63 63 63 63 66 66 67 69 71 73 75 76 78 80 82 83 85 88 89 91 92 94 96 97 99 100 102 103 106 107 109 110 112 113 114 116 117 118 119 121 122 124 125 126 127 128 129 130 131 131 132 133
55 56 56 56 56 56 57 57 57 57 57 58 58 58 58 58 58 59 59 59 59 59 59 60 60 60 60 60 60 60 61 61 61 61 61 61 61 62 62 62 62 62 62 62 62 63 63 63 66 66 68 69 71 74 76 77 79 81 83 84 86 88 89 92 94 95 97 98 100 101 103 105 106 108 110 112 113 114 116 117 118 120 121 122 123 125 126 127 129 130 131 132 132 133 134 134
55 55 56 56 56 56 56 57 57 57 57 57 58 58 58 58 58 58 59 59 59 59 59 59 60 60 60 60 60 60 60 61 61 61 61 61 61 61 62 62 62 62 62 62 62 62 63 66 66 67 69 70 72 74 76 78 80 82 83 85 87 89 90 92 94 96 98 99 101 103 104 106 107 109 110 112 113 116 117 119 120 121 122 124 125 126 127 128 129 130 132 133 134 135 136 136
55 55 55 56 56 56 56 56 57 57 57 57 57 57 58 58 58 58 58 58 59 59 59 59 59 59 60 60 60 60 60 60 60 61 61 61 61 61 61 61 62 62 62 62 62 62 62 65 66 68 69 71 73 75 76 78 80 83 84 86 88 90 91 93 95 96 98 101 102 104 105 107 109 110 112 113 115 116 118 120 121 123 124 125 126 128 129 130 131 132 133 134 135 137 138 138
