testData/tiles/oneDegree/grid19.0-7.0-20.0-8.0.asc
ncols   200
nrows   200
xllcorner   19.0
yllcorner   7.0
cellsize   0.005
NODATA_value   -9999.0
[rows 46 to 91 of 200, columns 0 to 95 of 200]
143 143 143 142 142 142 142 141 141 141 141 140 140 140 139 85 85 85 84 84 84 83 83 82 82 82 81 81 80 80 80 79 79 78 78 77 77 76 76 75 75 74 74 73 72 72 71 71 70 69 68 68 67 66 66 65 64 63 62 61 60 59 58 57 56 55 54 53 51 50 49 47 45 44 108 108 108 108 108 108 85 85 85 85 85 85 85 85 85 85 85 85 85 87 89 90
143 143 142 142 142 142 142 141 141 141 141 140 140 140 139 85 85 84 84 84 83 83 83 82 82 82 81 81 80 80 80 79 79 78 78 77 77 76 76 75 75 74 74 73 72 72 71 70 70 69 68 68 67 66 65 65 64 63 62 61 60 59 58 57 56 55 54 53 51 50 49 47 45 44 108 108 108 108 108 85 85 85 85 85 85 85 85 85 85 85 85 85 86 87 89 90
143 143 142 142 142 142 142 141 141 141 141 140 140 140 139 85 85 84 84 84 83 83 83 82 82 82 81 81 80 80 80 79 79 78 78 77 77 76 76 75 75 74 74 73 72 72 71 70 70 69 68 68 67 66 65 65 64 63 62 61 60 59 58 57 56 55 54 53 51 50 48 47 45 44 108 108 108 108 108 85 85 85 85 85 85 85 85 85 85 85 85 85 86 87 89 90
143 143 142 142 142 142 142 141 141 141 140 140 140 140 139 85 85 84 84 84 83 83 83 82 82 82 81 81 80 80 80 79 79 78 78 77 77 76 76 75 75 74 73 73 72 72 71 70 70 69 68 68 67 66 65 65 64 63 62 61 60 59 58 57 56 55 54 52 51 50 48 47 45 44 108 108 108 108 108 85 85 85 85 85 85 85 85 85 85 85 85 85 86 87 89 90
143 143 142 142 142 142 141 141 141 141 140 140 140 140 139 85 85 84 84 84 83 83 83 82 82 82 81 81 80 80 79 79 79 78 78 77 77 76 76 75 75 74 73 73 72 72 71 70 70 69 68 68 67 66 65 65 64 63 62 61 60 59 58 57 56 55 54 52 51 50 48 47 45 44 108 108 108 108 108 85 85 85 85 85 85 85 85 85 85 85 85 85 86 88 89 91
143 143 142 142 142 142 141 141 141 141 140 140 140 140 139 85 85 84 84 84 83 83 83 82 82 82 81 81 80 80 79 79 79 78 78 77 77 76 76 75 75 74 73 73 72 72 71 70 70 69 68 68 67 66 65 64 64 63 62 61 60 59 58 57 56 55 54 52 51 50 48 47 45 44 108 108 108 108 108 85 85 85 85 85 85 85 85 85 85 85 85 85 86 88 89 91
143 143 142 142 142 142 141 141 141 141 140 140 140 140 139 85 85 84 84 84 83 83 83 82 82 81 81 81 80 80 79 79 79 78 78 77 77 76 76 75 74 74 73 73 72 72 71 70 70 69 68 68 67 66 65 64 64 63 62 61 60 59 58 57 56 55 54 52 51 50 48 47 45 44 108 108 108 108 108 85 85 85 85 85 85 85 85 85 85 85 85 85 86 88 89 91
143 142 142 142 142 142 141 141 141 141 140 140 140 140 139 85 85 84 84 84 83 83 83 82 82 81 81 81 80 80 79 79 78 78 78 77 77 76 76 75 74 74 73 73 72 72 71 70 70 69 68 67 67 66 65 64 64 63 62 61 60 59 58 57 56 55 53 52 51 50 48 46 45 44 108 108 108 108 108 85 85 85 85 85 85 85 85 85 85 85 85 85 86 88 89 91
143 142 142 142 142 142 141 141 141 141 140 140 140 139 139 85 85 84 84 84 83 83 83 82 82 81 81 81 80 80 79 79 78 78 78 77 77 76 75 75 74 74 73 73 72 71 71 70 70 69 68 67 67 66 65 64 63 63 62 61 60 59 58 57 56 55 53 52 51 49 48 46 45 44 108 108 108 108 108 85 85 85 85 85 85 85 85 85 85 85 85 85 86 88 90 91
143 142 142 142 142 142 141 141 141 141 140 140 140 139 139 85 85 84 84 84 83 83 83 82 82 81 81 81 80 80 79 79 78 78 77 77 76 76 75 75 74 74 73 73 72 71 71 70 69 69 68 67 67 66 65 64 63 63 62 61 60 59 58 57 56 55 53 52 51 49 48 46 45 44 108 108 108 108 108 85 85 85 85 85 85 85 85 85 85 85 85 85 87 88 90 91
143 142 142 142 142 142 141 141 141 141 140 140 140 139 85 85 84 84 84 84 83 83 82 82 82 81 81 81 80 80 79 79 78 78 77 77 76 76 75 75 74 74 73 73 72 71 71 70 69 69 68 67 67 66 65 64 63 63 62 61 60 59 58 57 56 54 53 52 51 49 48 46 44 108 108 108 108 108 108 85 85 85 85 85 85 85 85 85 85 85 85 85 87 88 90 91
143 142 142 142 142 141 141 141 141 140 140 140 140 139 85 85 84 84 84 83 83 83 82 82 82 81 81 80 80 80 79 79 78 78 77 77 76 76 75 75 74 74 73 73 72 71 71 70 69 69 68 67 67 66 65 64 63 62 62 61 60 59 58 57 56 54 53 52 51 49 48 46 44 108 108 108 108 108 108 85 85 85 85 85 85 85 85 85 85 85 85 85 87 88 90 91
143 142 142 142 142 141 141 141 141 140 140 140 140 139 85 85 84 84 84 83 83 83 82 82 82 81 81 80 80 80 79 79 78 78 77 77 76 76 75 75 74 74 73 73 72 71 71 70 69 69 68 67 66 66 65 64 63 62 62 61 60 59 58 57 55 54 53 52 51 49 48 46 44 108 108 108 108 108 108 85 85 85 85 85 85 85 85 85 85 85 85 85 87 88 90 91
142 142 142 142 142 141 141 141 141 140 140 140 140 139 85 85 84 84 84 83 83 83 82 82 82 81 81 80 80 80 79 79 78 78 77 77 76 76 75 75 74 74 73 72 72 71 71 70 69 69 68 67 66 66 65 64 63 62 61 61 60 59 58 57 55 54 53 52 50 49 48 46 44 108 108 108 108 108 108 85 85 85 85 85 85 85 85 85 85 85 85 85 87 89 90 92
142 142 142 142 142 141 141 141 141 140 140 140 140 139 85 85 84 84 84 83 83 83 82 82 82 81 81 80 80 80 79 79 78 78 77 77 76 76 75 75 74 74 73 72 72 71 71 70 69 69 68 67 66 66 65 64 63 62 61 60 60 59 58 56 55 54 53 52 50 49 47 46 44 108 108 108 108 108 108 85 85 85 85 85 85 85 85 85 85 85 85 85 87 89 90 92
142 142 142 142 142 141 141 141 141 140 140 140 140 139 85 85 84 84 84 83 83 83 82 82 82 81 81 80 80 79 79 79 78 78 77 77 76 76 75 75 74 74 73 72 72 71 71 70 69 68 68 67 66 66 65 64 63 62 61 60 59 58 57 56 55 54 53 52 50 49 47 46 44 108 108 108 108 108 108 85 85 85 85 85 85 85 85 85 85 85 85 86 87 89 90 92
142 142 142 142 142 141 141 141 141 140 140 140 139 139 85 85 84 84 84 83 83 83 82 82 81 81 81 80 80 79 79 79 78 78 77 77 76 76 75 75 74 73 73 72 72 71 70 70 69 68 68 67 66 65 65 64 63 62 61 60 59 58 57 56 55 54 53 52 50 49 47 46 44 108 108 108 108 108 108 85 85 85 85 85 85 85 85 85 85 85 85 86 87 89 90 92
142 142 142 142 141 141 141 141 141 140 140 140 139 139 85 85 84 84 84 83 83 83 82 82 81 81 81 80 80 79 79 79 78 78 77 77 76 76 75 75 74 73 73 72 72 71 70 70 69 68 68 67 66 65 65 64 63 62 61 60 59 58 57 56 55 54 53 51 50 49 47 46 44 108 108 108 108 108 108 85 85 85 85 85 85 85 85 85 85 85 85 86 87 89 90 92
142 142 142 142 141 141 141 141 140 140 140 140 139 139 85 85 84 84 84 83 83 83 82 82 81 81 81 80 80 79 79 78 78 78 77 77 76 76 75 75 74 73 73 72 72 71 70 70 69 68 68 67 66 65 65 64 63 62 61 60 59 58 57 56 55 54 53 51 50 49 47 45 44 108 108 108 108 108 108 85 85 85 85 85 85 85 85 85 85 85 85 86 87 89 91 92
142 142 142 142 141 141 141 141 140 140 140 140 139 85 85 84 84 84 84 83 83 82 82 82 81 81 81 80 80 79 79 78 78 78 77 77 76 76 75 74 74 73 73 72 72 71 70 70 69 68 68 67 66 65 65 64 63 62 61 60 59 58 57 56 55 54 53 51 50 49 47 45 44 108 108 108 108 108 108 85 85 85 85 85 85 85 85 85 85 85 85 86 88 89 91 92
142 142 142 142 141 141 141 141 140 140 140 140 139 85 85 84 84 84 83 83 83 82 82 82 81 81 81 80 80 79 79 78 78 77 77 77 76 75 75 74 74 73 73 72 72 71 70 70 69 68 68 67 66 65 64 64 63 62 61 60 59 58 57 56 55 54 53 51 50 48 47 45 44 108 108 108 108 108 108 85 85 85 85 85 85 85 85 85 85 85 85 86 88 89 91 92
142 142 142 142 141 141 141 141 140 140 140 140 139 85 85 84 84 84 83 83 83 82 82 82 81 81 80 80 80 79 79 78 78 77 77 76 76 75 75 74 74 73 73 72 71 71 70 70 69 68 67 67 66 65 64 64 63 62 61 60 59 58 57 56 55 54 52 51 50 48 47 45 44 108 108 108 108 108 85 85 85 85 85 85 85 85 85 85 85 85 85 86 88 89 91 92
142 142 142 142 141 141 141 141 140 140 140 140 139 85 85 84 84 84 83 83 83 82 82 82 81 81 80 80 80 79 79 78 78 77 77 76 76 75 75 74 74 73 73 72 71 71 70 69 69 68 67 67 66 65 64 64 63 62 61 60 59 58 57 56 55 54 52 51 50 48 47 45 44 108 108 108 108 108 85 85 85 85 85 85 85 85 85 85 85 85 85 86 88 89 91 92
142 142 142 141 141 141 141 141 140 140 140 139 139 85 85 84 84 84 83 83 83 82 82 82 81 81 80 80 80 79 79 78 78 77 77 76 76 75 75 74 74 73 73 72 71 71 70 69 69 68 67 67 66 65 64 63 63 62 61 60 59 58 57 56 55 54 52 51 50 48 47 45 44 108 108 108 108 108 85 85 85 85 85 85 85 85 85 85 85 85 85 86 88 89 91 92
142 142 142 141 141 141 141 141 140 140 140 139 139 85 85 84 84 84 83 83 83 82 82 82 81 81 80 80 80 79 79 78 78 77 77 76 76 75 75 74 74 73 73 72 71 71 70 69 69 68 67 67 66 65 64 63 63 62 61 60 59 58 57 56 55 53 52 51 50 48 46 45 44 108 108 108 108 108 85 85 85 85 85 85 85 85 85 85 85 85 85 86 88 90 91 92
142 142 142 141 141 141 141 140 140 140 140 139 139 85 85 84 84 84 83 83 83 82 82 81 81 81 80 80 79 79 79 78 78 77 77 76 76 75 75 74 74 73 72 72 71 71 70 69 69 68 67 67 66 65 64 63 63 62 61 60 59 58 57 56 55 53 52 51 49 48 46 45 44 108 108 108 108 108 85 85 85 85 85 85 85 85 85 85 85 85 85 87 88 90 91 93
142 142 142 141 141 141 141 140 140 140 140 139 139 85 84 84 84 84 83 83 83 82 82 81 81 81 80 80 79 79 79 78 78 77 77 76 76 75 75 74 74 73 72 72 71 71 70 69 69 68 67 66 66 65 64 63 62 62 61 60 59 58 57 56 54 53 52 51 49 48 46 45 44 108 108 108 108 108 85 85 85 85 85 85 85 85 85 85 85 85 85 87 88 90 91 93
142 142 142 141 141 141 141 140 140 140 140 139 85 85 84 84 84 84 83 83 82 82 82 81 81 81 80 80 79 79 79 78 78 77 77 76 76 75 75 74 74 73 72 72 71 71 70 69 69 68 67 66 66 65 64 63 62 62 61 60 59 58 57 56 54 53 52 51 49 48 46 44 44 108 108 108 108 108 85 85 85 85 85 85 85 85 85 85 85 85 85 87 88 90 91 93
142 142 142 141 141 141 141 140 140 140 140 139 85 85 84 84 84 83 83 83 82 82 82 81 81 81 80 80 79 79 78 78 78 77 77 76 76 75 75 74 73 73 72 72 71 70 70 69 68 68 67 66 66 65 64 63 62 61 61 60 59 58 57 55 54 53 52 51 49 48 46 44 44 108 108 108 108 108 85 85 85 85 85 85 85 85 85 85 85 85 85 87 88 90 91 93
142 142 141 141 141 141 141 140 140 140 140 139 85 85 84 84 84 83 83 83 82 82 82 81 81 81 80 80 79 79 78 78 78 77 77 76 76 75 75 74 73 73 72 72 71 70 70 69 68 68 67 66 66 65 64 63 62 61 60 60 59 58 56 55 54 53 52 50 49 48 46 44 44 108 108 108 108 108 85 85 85 85 85 85 85 85 85 85 85 85 85 87 88 90 91 93
142 142 141 141 141 141 141 140 140 140 139 139 85 85 84 84 84 83 83 83 82 82 82 81 81 80 80 80 79 79 78 78 77 77 77 76 76 75 74 74 73 73 72 72 71 70 70 69 68 68 67 66 65 65 64 63 62 61 60 59 58 57 56 55 54 53 52 50 49 47 46 44 108 108 108 108 108 108 85 85 85 85 85 85 85 85 85 85 85 85 85 87 88 90 92 93
142 142 141 141 141 141 140 140 140 140 139 139 85 85 84 84 84 83 83 83 82 82 82 81 81 80 80 80 79 79 78 78 77 77 76 76 75 75 74 74 73 73 72 72 71 70 70 69 68 68 67 66 65 65 64 63 62 61 60 59 58 57 56 55 54 53 52 50 49 47 46 44 108 108 108 108 108 108 85 85 85 85 85 85 85 85 85 85 85 85 85 87 89 90 92 93
142 142 141 141 141 141 140 140 140 140 139 139 85 85 84 84 84 83 83 83 82 82 82 81 81 80 80 80 79 79 78 78 77 77 76 76 75 75 74 74 73 73 72 72 71 70 70 69 68 68 67 66 65 65 64 63 62 61 60 59 58 57 56 55 54 53 51 50 49 47 46 44 108 108 108 108 108 108 85 85 85 85 85 85 85 85 85 85 85 85 85 87 89 90 92 93
142 142 141 141 141 141 140 140 140 140 139 139 85 84 84 84 84 83 83 83 82 82 82 81 81 80 80 80 79 79 78 78 77 77 76 76 75 75 74 74 73 73 72 71 71 70 70 69 68 67 67 66 65 64 64 63 62 61 60 59 58 57 56 55 54 53 51 50 49 47 46 44 108 108 108 108 108 108 85 85 85 85 85 85 85 85 85 85 85 85 86 87 89 90 92 93
142 141 141 141 141 141 140 140 140 140 139 85 85 84 84 84 84 83 83 83 82 82 81 81 81 80 80 79 79 79 78 78 77 77 76 76 75 75 74 74 73 73 72 71 71 70 69 69 68 67 67 66 65 64 64 63 62 61 60 59 58 57 56 55 54 53 51 50 49 47 45 44 108 108 108 108 108 108 85 85 85 85 85 85 85 85 85 85 85 85 86 87 89 90 92 93
142 141 141 141 141 141 140 140 140 140 139 85 85 84 84 84 83 83 83 82 82 82 81 81 81 80 80 79 79 79 78 78 77 77 76 76 75 75 74 74 73 73 72 71 71 70 69 69 68 67 67 66 65 64 64 63 62 61 60 59 58 57 56 55 54 52 51 50 48 47 45 44 108 108 108 108 108 108 85 85 85 85 85 85 85 85 85 85 85 85 86 87 89 90 92 93
142 141 141 141 141 140 140 140 140 139 139 85 85 84 84 84 83 83 83 82 82 82 81 81 81 80 80 79 79 79 78 78 77 77 76 76 75 75 74 74 73 72 72 71 71 70 69 69 68 67 67 66 65 64 63 63 62 61 60 59 58 57 56 55 54 52 51 50 48 47 45 44 108 108 108 108 108 108 85 85 85 85 85 85 85 85 85 85 85 85 86 87 89 90 92 93
142 141 141 141 141 140 140 140 140 139 139 85 85 84 84 84 83 83 83 82 82 82 81 81 81 80 80 79 79 78 78 78 77 77 76 76 75 75 74 74 73 72 72 71 71 70 69 69 68 67 67 66 65 64 63 63 62 61 60 59 58 57 56 55 54 52 51 50 48 47 45 44 108 108 108 108 108 85 85 85 85 85 85 85 85 85 85 85 85 85 86 87 89 90 92 93
142 141 141 141 141 140 140 140 140 139 139 85 85 84 84 84 83 83 83 82 82 82 81 81 81 80 80 79 79 78 78 78 77 77 76 76 75 75 74 73 73 72 72 71 71 70 69 69 68 67 66 66 65 64 63 62 62 61 60 59 58 57 56 55 53 52 51 50 48 47 45 44 108 108 108 108 108 85 85 85 85 85 85 85 85 85 85 85 85 85 86 87 89 91 92 93
141 141 141 141 141 140 140 140 140 139 139 85 85 84 84 84 83 83 83 82 82 82 81 81 80 80 80 79 79 78 78 77 77 77 76 76 75 75 74 73 73 72 72 71 70 70 69 69 68 67 66 66 65 64 63 62 62 61 60 59 58 57 56 55 53 52 51 49 48 46 45 44 108 108 108 108 108 85 85 85 85 85 85 85 85 85 85 85 85 85 86 88 89 91 92 94
141 141 141 141 141 140 140 140 140 139 85 85 84 84 84 84 83 83 83 82 82 82 81 81 80 80 80 79 79 78 78 77 77 76 76 76 75 74 74 73 73 72 72 71 70 70 69 68 68 67 66 66 65 64 63 62 61 61 60 59 58 57 56 54 53 52 51 49 48 46 45 44 108 108 108 108 108 85 85 85 85 85 85 85 85 85 85 85 85 85 86 88 89 91 92 94
141 141 141 141 140 140 140 140 140 139 85 85 84 84 84 84 83 83 83 82 82 81 81 81 80 80 80 79 79 78 78 77 77 76 76 75 75 74 74 73 73 72 72 71 70 70 69 68 68 67 66 66 65 64 63 62 61 61 60 59 58 57 55 54 53 52 51 49 48 46 45 44 108 108 108 108 108 85 85 85 85 85 85 85 85 85 85 85 85 85 86 88 89 91 92 94
141 141 141 141 140 140 140 140 139 139 85 85 84 84 84 83 83 83 82 82 82 81 81 81 80 80 79 79 79 78 78 77 77 76 76 75 75 74 74 73 73 72 72 71 70 70 69 68 68 67 66 65 65 64 63 62 61 60 59 59 58 56 55 54 53 52 51 49 48 46 44 44 108 108 108 108 108 85 85 85 85 85 85 85 85 85 85 85 85 85 86 88 89 91 92 94
141 141 141 141 140 140 140 140 139 139 85 85 84 84 84 83 83 83 82 82 82 81 81 81 80 80 79 79 79 78 78 77 77 76 76 75 75 74 74 73 73 72 71 71 70 70 69 68 68 67 66 65 65 64 63 62 61 60 59 58 57 56 55 54 53 52 50 49 48 46 44 44 108 108 108 108 108 85 85 85 85 85 85 85 85 85 85 85 85 85 86 88 89 91 92 94
141 141 141 141 140 140 140 140 139 139 85 85 84 84 84 83 83 83 82 82 82 81 81 81 80 80 79 79 79 78 78 77 77 76 76 75 75 74 74 73 73 72 71 71 70 70 69 68 68 67 66 65 65 64 63 62 61 60 59 58 57 56 55 54 53 52 50 49 47 46 44 44 108 108 108 108 108 85 85 85 85 85 85 85 85 85 85 85 85 85 86 88 89 91 92 94
141 141 141 141 140 140 140 140 139 139 85 85 84 84 84 83 83 83 82 82 82 81 81 81 80 80 79 79 79 78 78 77 77 76 76 75 75 74 74 73 73 72 71 71 70 69 69 68 67 67 66 65 64 64 63 62 61 60 59 58 57 56 55 54 53 52 50 49 47 46 44 44 108 108 108 108 108 85 85 85 85 85 85 85 85 85 85 85 85 85 86 88 89 91 92 94
