testData/tiles/oneDegree/grid8.0-7.0-9.0-8.0.asc
ncols   200
nrows   200
xllcorner   8.0
yllcorner   7.0
cellsize   0.005
NODATA_value   -9999.0
[rows 42 to 83 of 200, columns 0 to 93 of 200]
592 592 591 591 591 592 590 591 591 590 589 591 591 590 591 590 589 590 590 588 589 589 588 588 588 587 586 587 586 586 586 585 585 585 584 584 584 583 583 584 582 583 582 582 582 581 581 580 580 580 578 578 579 577 577 577 576 576 575 574 574 574 573 572 573 571 571 571 569 570 569 568 567 568 566 566 565 564 565 563 563 562 561 561 561 559 559 558 558 557 556 555 555 553
591 591 591 591 590 591 590 590 590 589 589 590 589 588 589 589 588 588 589 588 589 588 587 588 587 586 586 587 585 585 586 585 584 585 584 583 583 583 583 582 581 582 580 580 581 579 579 579 579 578 577 577 577 576 576 574 575 575 573 573 574 573 573 572 572 571 571 569 569 570 568 567 566 566 565 564 563 563 563 562 562 560 560 560 559 558 557 557 557 555 555 554 554 553
590 589 589 589 590 591 589 589 590 589 588 589 588 588 589 588 587 588 588 586 587 587 586 586 586 585 585 586 585 585 585 584 584 585 583 583 583 582 582 582 580 581 580 580 580 579 579 578 578 578 576 576 577 575 575 574 574 574 573 573 572 572 572 570 571 569 569 568 567 568 567 566 565 566 564 564 563 562 563 562 561 560 559 559 559 557 557 557 556 555 555 553 553 552
589 589 589 589 588 589 588 588 588 587 588 589 588 587 588 588 587 587 587 586 587 586 585 586 586 584 584 585 583 583 584 583 582 582 582 581 582 582 582 581 580 581 579 579 580 579 578 578 578 577 576 576 576 575 575 573 574 574 572 572 572 571 571 570 570 569 569 567 567 568 566 566 565 565 564 564 562 562 562 561 561 559 559 559 558 557 557 556 556 554 554 553 552 552
589 588 588 588 588 589 587 587 588 587 586 587 586 586 587 586 585 587 587 585 586 586 585 585 585 584 583 584 583 583 583 582 582 582 581 581 581 580 580 580 579 579 578 578 578 577 577 576 576 576 575 574 576 575 574 573 574 573 572 572 571 571 571 569 569 569 568 567 567 567 566 566 564 565 564 563 562 561 561 560 559 558 558 557 557 556 555 554 554 553 553 551 550 551
587 587 587 587 587 588 587 587 587 586 586 587 585 585 586 586 585 585 585 584 585 584 583 584 584 583 583 584 582 582 583 582 581 581 581 581 580 580 580 579 578 579 577 577 578 577 576 576 576 575 574 574 574 573 573 571 572 572 570 570 570 570 569 568 568 567 567 565 565 566 564 564 563 563 562 562 560 560 560 559 558 558 557 557 556 555 555 553 554 553 552 551 550 550
587 586 586 586 586 587 585 585 586 585 585 586 585 585 586 585 584 585 585 583 584 584 583 583 583 582 582 582 581 581 581 580 580 580 580 580 580 579 579 578 578 578 577 577 576 576 576 576 575 575 574 573 574 573 572 571 572 571 570 570 569 569 569 567 567 567 566 565 565 565 564 564 562 563 562 561 560 560 559 559 558 557 557 556 556 555 554 553 554 552 551 550 549 550
586 586 586 585 585 585 585 585 585 584 584 585 583 583 584 583 584 584 584 583 584 583 582 583 583 581 581 582 580 580 581 580 579 579 579 579 578 578 578 576 576 577 576 575 575 575 574 574 574 574 573 573 573 572 572 571 571 571 570 569 569 569 568 567 567 566 566 565 564 565 564 563 562 563 561 561 560 559 559 558 557 557 554 555 555 553 553 552 551 551 549 549 548 548
585 584 584 585 585 585 584 584 585 584 583 584 583 583 584 582 582 583 583 581 582 582 581 581 582 581 581 581 580 580 580 579 579 579 578 578 578 578 577 576 576 576 575 575 574 574 574 573 573 573 572 571 572 571 570 569 570 569 568 568 567 567 566 565 565 565 564 563 563 562 562 562 560 561 560 559 558 558 557 557 556 555 554 555 553 553 551 551 551 550 549 549 547 548
584 584 584 583 583 583 583 583 583 583 583 584 582 582 583 582 582 582 582 581 582 581 580 581 581 579 579 580 579 578 579 578 577 578 578 578 576 577 577 575 575 576 575 574 574 574 573 572 573 572 571 571 572 570 570 569 569 569 568 567 567 567 565 565 565 564 564 563 562 562 562 561 560 561 559 559 558 557 557 557 555 555 554 554 553 552 551 551 550 550 549 548 547 547
584 583 583 583 583 583 582 582 583 582 581 582 581 581 581 580 581 582 581 580 581 581 580 580 580 579 579 579 578 578 578 577 577 577 576 576 575 576 575 574 574 574 573 573 573 572 572 571 572 572 571 570 571 570 569 568 569 569 567 567 566 566 565 565 564 564 564 562 562 562 561 561 560 559 559 559 557 557 556 556 555 554 553 553 551 551 550 549 549 549 547 547 545 546
582 582 582 581 582 582 582 582 582 581 581 582 580 580 581 580 580 580 579 579 580 578 578 578 580 578 578 579 578 577 578 577 576 575 576 576 574 575 575 574 573 574 573 572 572 572 571 570 570 571 569 569 569 568 568 567 567 566 566 565 564 565 563 563 563 562 562 561 560 560 560 559 558 558 557 557 556 555 555 555 553 553 552 552 551 551 549 549 548 548 547 546 545 546
582 581 581 581 581 580 580 580 580 580 580 581 580 580 580 579 579 580 579 578 579 578 578 577 577 577 577 577 576 576 575 575 575 575 575 575 574 575 574 573 573 573 572 572 572 571 571 570 569 570 569 568 567 568 568 566 566 566 565 565 564 564 563 563 562 562 562 560 560 560 559 558 558 557 557 557 555 555 555 554 553 553 551 552 551 550 549 548 548 548 546 546 545 545
581 581 581 580 580 580 580 580 579 579 579 580 578 578 579 578 579 579 578 578 579 577 577 577 577 576 576 576 576 575 575 575 574 573 574 574 572 573 573 572 571 572 571 570 569 570 570 568 569 570 568 568 567 567 567 566 565 565 565 565 563 564 563 562 562 562 561 560 560 559 559 558 557 557 557 556 555 555 554 554 552 552 551 550 549 549 547 547 547 546 545 545 543 544
579 578 579 579 580 579 579 579 579 579 578 579 578 578 578 577 577 578 577 576 577 576 576 575 576 576 576 575 575 575 575 574 574 573 573 573 572 572 572 571 571 571 570 570 569 569 569 568 567 568 567 567 565 566 566 564 564 564 563 563 562 562 561 561 559 560 560 558 558 558 557 556 556 555 555 555 553 553 553 552 551 551 549 550 549 548 547 547 546 546 545 544 543 543
579 578 579 578 578 578 578 578 577 577 578 579 577 577 578 577 577 577 576 576 577 575 575 575 575 574 574 574 574 573 572 573 572 571 573 573 571 571 572 571 570 571 570 569 568 569 569 567 567 568 566 566 565 565 565 564 564 563 563 563 561 562 561 560 559 560 559 558 558 557 557 556 555 554 555 554 553 553 552 552 551 550 549 550 548 548 547 546 546 545 544 544 542 543
578 577 578 578 578 577 577 577 577 577 576 576 576 576 576 575 575 577 576 575 575 575 575 574 574 574 574 573 573 573 572 572 572 571 571 571 570 570 570 569 569 569 568 568 567 567 567 566 566 565 566 566 564 565 565 563 563 563 562 562 561 562 560 560 559 559 559 558 557 557 557 555 555 554 554 554 553 552 551 552 550 549 547 548 547 546 545 545 544 544 543 542 541 542
577 576 577 576 576 577 577 576 576 576 576 576 575 575 576 575 574 575 574 574 574 573 573 573 573 572 573 573 573 572 571 572 572 570 571 571 569 569 570 569 568 568 568 567 566 567 567 565 565 565 564 564 563 564 562 562 562 561 561 560 559 560 559 558 557 558 557 556 556 554 555 554 553 552 553 551 551 551 549 550 549 548 547 548 546 546 545 544 544 544 542 542 541 541
576 575 576 576 575 575 575 575 575 575 574 575 575 575 574 574 574 575 574 573 573 573 573 572 572 572 572 571 571 571 570 570 570 569 569 569 569 569 569 568 568 568 567 567 566 566 566 565 565 564 564 564 562 563 562 561 561 561 561 559 559 560 558 558 557 557 556 556 555 554 555 553 553 552 552 551 551 550 549 550 548 548 547 547 546 546 544 544 544 543 542 541 540 540
575 575 575 575 574 575 575 574 574 574 574 574 573 573 573 573 572 572 572 573 573 572 572 572 572 571 571 571 571 570 569 570 570 568 569 569 567 567 567 567 566 565 566 566 564 565 565 563 563 563 562 562 561 562 561 561 561 560 560 559 558 559 558 558 556 557 556 555 555 554 554 553 553 551 552 551 550 548 548 548 547 547 545 545 544 544 543 542 542 542 540 540 539 537
574 573 574 574 573 573 573 574 574 574 573 573 573 573 572 572 572 571 572 571 571 571 571 570 570 570 570 570 570 570 569 569 569 568 569 567 567 567 566 566 566 565 565 565 564 564 563 563 563 562 562 562 560 561 560 560 559 559 559 557 557 558 556 556 555 555 554 554 553 552 553 551 551 550 550 549 549 547 547 547 546 546 545 544 544 544 542 542 541 541 540 539 538 537
574 573 573 573 572 573 573 572 572 572 572 572 571 572 571 572 571 570 571 571 570 570 570 570 570 569 569 568 569 568 567 568 568 566 567 566 565 565 565 566 565 564 565 565 563 564 563 562 562 562 562 561 560 561 559 559 559 558 558 557 557 556 556 556 554 554 554 553 552 552 552 551 551 549 550 549 548 547 547 546 546 545 544 543 544 542 542 541 540 540 540 538 537 535
571 571 572 573 571 572 572 571 572 571 571 570 571 571 569 570 570 569 569 569 568 570 570 568 569 569 568 567 568 567 567 567 566 566 566 565 565 565 564 564 564 563 563 563 562 562 561 561 561 560 560 559 558 559 558 558 556 557 557 555 555 555 554 554 553 552 552 552 551 550 551 550 549 548 548 547 547 546 545 545 545 543 543 542 542 541 540 539 539 538 538 537 536 535
571 571 570 571 570 570 571 569 569 571 571 570 570 570 569 570 569 568 569 569 568 568 568 567 568 567 566 566 567 565 566 567 566 565 565 565 565 564 564 564 563 562 563 562 561 561 561 560 560 560 560 558 558 559 557 557 556 557 556 555 555 553 554 554 552 552 552 551 550 550 549 549 549 547 547 547 546 545 545 544 544 543 542 541 542 540 540 539 538 538 538 536 536 535
570 570 570 571 569 569 570 569 569 569 568 568 569 569 567 569 569 568 568 568 567 568 568 566 567 567 566 565 566 565 565 565 564 564 564 563 563 563 562 562 562 561 561 561 561 561 560 560 560 558 559 558 558 557 557 557 555 555 556 554 554 553 554 552 552 552 551 551 550 549 549 549 548 547 547 546 546 545 544 544 544 542 542 541 541 540 540 538 537 537 536 535 535 533
569 569 568 569 568 569 570 568 568 569 568 568 568 568 567 568 567 566 567 567 566 566 566 565 566 566 565 565 566 564 564 565 564 563 563 563 563 562 562 562 560 560 561 560 559 559 559 559 557 557 558 556 556 556 555 555 554 554 554 553 553 551 552 551 550 550 550 549 548 548 548 547 546 546 545 545 545 543 543 542 542 541 541 539 540 539 538 537 536 536 536 534 534 533
568 568 568 568 567 567 568 567 567 567 566 567 568 567 566 567 567 566 566 566 565 566 566 564 564 565 564 563 564 563 563 563 562 562 563 562 562 562 561 561 560 560 560 559 559 559 558 558 557 556 557 556 556 554 555 555 553 553 553 553 552 551 552 550 550 550 549 549 548 547 546 547 545 545 545 544 544 543 542 541 542 540 540 539 539 538 538 536 536 536 535 534 534 532
567 567 567 567 567 567 567 566 566 567 566 565 566 565 565 566 565 564 566 566 564 565 565 564 564 564 563 563 564 562 562 562 562 561 561 561 561 559 559 560 558 558 559 558 557 557 557 557 555 555 557 555 555 554 555 554 553 553 552 552 552 550 551 550 550 548 549 549 547 547 546 546 545 545 543 544 544 542 542 541 541 539 539 537 537 537 536 535 535 533 534 533 532 531
566 566 566 566 565 565 566 566 566 566 565 565 566 565 564 565 564 564 564 564 563 563 564 562 562 563 562 562 563 562 562 561 561 561 560 560 560 559 559 559 558 558 558 557 557 556 556 556 555 555 555 554 554 552 553 553 551 551 551 551 550 549 550 548 548 547 547 547 546 545 544 545 544 543 542 543 541 541 541 539 540 539 538 537 537 536 536 535 534 533 533 532 531 530
566 565 565 565 565 565 564 564 564 565 564 563 564 563 564 565 563 563 564 563 562 562 562 562 562 562 561 561 562 560 560 559 560 559 558 559 559 557 557 559 558 557 557 557 556 555 556 556 554 554 555 553 553 552 553 552 551 551 550 550 549 549 549 548 548 546 546 546 545 545 544 544 543 543 541 542 541 540 539 539 539 538 538 536 536 536 535 534 534 532 532 532 529 529
564 564 564 564 564 564 564 564 564 564 563 563 564 563 562 563 562 562 561 561 561 561 562 561 561 561 561 560 559 560 560 558 559 559 558 558 558 557 557 557 556 556 555 555 555 554 554 554 553 553 552 552 552 550 551 550 550 549 549 549 547 547 548 546 546 545 544 544 544 544 542 543 542 541 540 540 539 539 538 537 537 537 535 535 534 534 533 533 531 531 531 530 529 529
563 563 563 563 563 563 562 562 562 562 563 562 563 562 562 562 561 561 561 561 560 560 560 560 560 559 559 559 558 558 558 557 559 558 557 557 558 556 556 557 556 555 554 555 554 553 553 554 552 552 552 551 551 550 551 549 549 549 548 548 547 547 546 546 546 544 544 544 543 542 542 542 541 541 540 539 539 539 537 537 537 536 535 535 533 534 533 532 531 531 530 530 528 528
561 563 562 561 562 562 561 562 561 560 561 561 561 560 560 560 560 560 560 560 560 560 559 559 559 559 559 558 557 558 558 556 557 557 556 555 556 555 555 554 554 554 553 553 553 552 551 553 552 552 550 551 551 549 549 549 549 548 547 548 546 546 545 545 545 544 544 543 543 542 541 542 541 540 539 539 538 538 537 536 535 536 534 534 532 532 531 531 529 529 529 528 527 527
560 561 560 560 561 561 559 561 561 560 561 560 559 560 560 560 559 559 559 559 558 558 558 558 558 556 557 558 557 557 557 556 557 556 555 555 556 554 554 554 554 553 552 553 552 551 551 551 550 550 549 550 549 548 548 547 547 546 546 546 545 545 543 544 544 542 542 542 541 540 540 539 539 539 538 537 537 537 535 535 534 534 533 533 531 531 531 530 529 529 527 528 527 526
560 561 560 559 560 559 559 560 559 558 559 559 558 558 558 558 559 559 558 558 558 558 557 557 557 556 557 556 555 556 556 554 555 555 554 553 553 553 553 552 553 553 552 552 552 551 550 550 550 550 548 549 548 547 547 547 547 545 545 546 544 544 543 544 542 542 542 541 541 540 539 538 539 537 537 537 536 536 535 535 533 534 533 532 531 531 530 530 529 528 527 528 525 525
558 559 558 558 559 559 558 559 559 558 559 558 557 558 558 556 557 557 556 557 556 555 556 557 557 555 556 556 555 555 554 554 554 553 553 553 553 552 552 551 552 551 550 551 550 549 549 549 548 548 547 548 546 546 546 545 545 544 544 544 543 543 541 542 541 540 540 539 540 538 538 537 537 536 536 534 535 535 533 533 532 532 531 531 529 529 529 528 527 527 525 526 525 523
558 559 558 557 558 557 557 558 556 556 557 557 557 557 557 556 557 557 555 556 556 555 554 555 554 554 555 553 553 554 553 552 552 553 553 552 552 552 552 550 551 551 550 549 549 549 548 548 548 547 546 547 546 546 545 545 545 543 543 543 543 542 541 542 540 540 539 538 539 538 537 536 537 536 535 534 534 533 533 533 531 532 531 530 529 529 528 528 527 526 525 525 524 523
556 556 556 557 558 556 556 557 556 556 556 556 555 556 556 554 555 555 554 555 555 554 554 555 553 553 554 553 553 553 552 552 552 551 551 551 551 550 550 549 550 548 548 548 548 547 547 546 546 546 546 547 545 545 544 544 544 543 543 542 542 542 540 540 540 540 538 538 539 537 537 536 536 535 535 533 533 533 532 531 531 531 529 528 528 526 527 526 525 524 524 523 523 522
556 556 555 555 556 555 555 556 554 555 556 555 555 555 555 554 554 555 553 553 554 553 552 553 552 552 553 551 551 552 552 551 551 551 551 550 549 550 549 548 549 548 548 547 547 547 547 545 546 545 544 544 544 544 542 542 543 541 541 540 541 539 539 539 538 538 537 536 536 536 536 534 535 534 533 532 532 531 531 530 529 528 529 527 527 526 525 525 525 523 523 523 522 521
554 554 555 555 555 554 554 555 554 554 554 553 553 553 553 552 552 554 553 553 553 552 552 553 551 551 552 551 551 550 550 550 550 549 549 548 548 548 547 547 548 546 547 547 547 546 545 545 545 544 544 544 543 543 542 542 542 541 541 539 540 539 538 538 538 538 536 536 536 535 534 534 533 533 533 532 531 531 531 529 529 528 528 527 527 525 525 525 524 522 522 520 521 520
554 553 553 553 552 553 553 554 553 553 553 553 553 552 552 552 552 551 551 551 552 551 550 551 550 550 551 550 550 550 550 549 548 549 549 547 547 548 547 546 546 546 546 545 545 545 544 543 544 543 542 541 542 542 540 540 540 539 539 538 539 537 537 536 536 536 535 535 534 534 533 532 532 532 531 530 530 529 529 528 527 526 527 526 525 524 524 523 523 522 521 520 521 519
553 552 553 553 552 552 552 551 552 552 551 551 551 551 552 551 551 551 551 551 550 550 550 550 549 549 548 549 549 547 548 548 547 546 547 546 546 547 546 546 546 545 545 544 545 544 543 543 543 542 542 541 541 541 540 540 539 539 539 537 538 537 537 535 536 536 534 534 533 533 532 532 531 531 531 530 529 528 529 527 527 526 526 525 525 523 523 523 522 521 521 519 520 519
