testData/tiles/oneDegree/grid29.0-26.0-30.0-27.0.asc
ncols   200
nrows   200
xllcorner   29.0
yllcorner   26.0
cellsize   0.005
NODATA_value   -9999.0
[rows 0 to 41 of 200, columns 0 to 93 of 200]
267 262 317 311 306 299 289 266 266 267 267 267 267 267 267 268 268 268 268 268 268 269 269 269 269 269 269 270 270 270 271 272 273 273 275 276 277 277 278 278 279 281 281 282 282 283 283 283 284 285 286 286 286 287 287 287 288 288 288 289 290 290 290 290 290 291 291 291 291 291 292 292 292 292 292 292 292 292 292 292 292 292 292 293 293 293 292 292 292 292 292 291 291 291
266 261 316 310 305 298 288 265 265 266 266 266 266 266 267 267 267 267 267 267 268 268 268 268 268 268 269 269 269 270 270 271 272 274 274 275 276 276 277 278 279 280 280 281 281 282 282 283 284 285 285 285 286 286 286 287 287 288 288 289 289 289 289 290 290 290 290 290 291 291 291 291 291 292 292 292 292 292 291 291 291 292 292 292 292 292 292 292 291 291 291 291 290 290
265 260 315 309 304 297 287 264 264 265 265 265 265 265 266 266 266 266 266 266 267 267 267 267 267 267 268 268 268 269 270 271 272 273 274 274 275 276 276 278 279 279 280 280 281 281 282 283 283 284 284 285 285 285 286 286 287 287 288 288 288 288 289 289 289 289 290 290 290 291 291 291 291 291 291 291 291 291 292 292 292 292 291 291 291 291 291 291 291 290 290 290 290 289
264 318 314 308 303 296 286 263 263 264 264 264 264 264 265 265 265 265 265 266 266 266 266 266 266 267 267 267 267 268 269 270 272 272 273 274 274 275 276 277 278 278 279 279 280 280 282 282 283 283 284 284 284 285 285 286 286 287 287 287 287 288 288 288 289 289 290 290 290 290 290 290 290 290 290 290 291 291 291 291 291 291 291 291 291 290 290 290 290 290 289 289 290 290
263 317 313 307 302 295 285 262 262 263 263 263 263 263 264 264 264 264 264 265 265 265 265 265 265 266 266 266 267 268 268 270 271 272 272 273 274 274 276 277 277 278 278 279 279 281 281 282 282 282 283 283 284 284 285 285 286 286 286 287 287 287 287 288 288 289 289 289 289 289 289 289 289 289 290 290 290 290 290 290 290 290 290 290 290 290 289 289 289 290 290 290 289 289
262 316 312 306 301 294 284 261 261 262 262 262 262 262 263 263 263 263 263 264 264 264 264 264 264 265 265 265 266 267 268 270 270 271 272 272 273 274 275 276 276 277 278 278 279 280 280 281 281 282 282 282 283 284 284 285 285 285 286 286 286 286 287 288 288 288 288 288 288 288 288 289 289 290 290 290 290 290 290 290 289 289 289 289 289 289 289 290 289 289 289 289 289 288
261 315 311 305 299 293 283 260 260 261 261 261 261 261 262 262 262 262 262 263 263 263 263 263 263 264 264 265 265 266 267 269 270 270 271 272 272 274 275 275 276 276 277 277 278 279 280 280 281 281 281 282 283 283 284 284 284 285 285 285 285 286 287 287 287 287 287 287 288 288 288 288 289 289 289 289 289 289 289 289 289 289 289 288 288 289 289 289 289 288 288 288 288 288
318 314 310 304 298 292 282 259 259 259 260 260 260 260 261 261 261 261 261 261 262 262 262 262 262 263 263 264 265 266 266 268 269 270 270 271 272 273 274 274 275 276 276 277 278 279 279 279 280 280 281 281 282 283 283 283 284 284 284 284 285 286 286 286 286 286 287 287 287 287 287 288 288 288 288 288 288 288 288 288 288 288 288 288 289 288 288 288 288 288 288 287 287 287
317 312 309 303 297 290 281 258 258 258 259 259 259 259 259 260 260 260 260 260 261 261 261 261 261 262 262 263 264 265 266 268 268 269 270 270 271 273 273 274 274 275 275 276 277 278 278 279 279 280 280 280 282 282 282 283 283 283 283 284 285 285 285 285 286 286 286 286 286 286 287 287 287 287 287 287 287 287 287 287 287 287 287 288 288 288 288 287 287 287 287 287 286 286
316 311 308 302 296 289 280 257 257 257 257 258 258 258 258 258 259 259 259 259 260 260 260 260 260 260 262 263 263 264 265 267 268 268 269 270 270 271 273 273 274 274 275 275 277 277 278 278 278 279 279 280 281 281 282 282 282 282 283 283 284 284 284 285 285 285 285 285 285 285 286 287 287 287 287 287 287 287 287 287 286 286 287 287 287 287 287 287 286 286 286 286 286 285
315 310 305 301 295 287 278 256 256 256 256 256 257 257 257 257 258 258 258 258 258 259 259 259 259 259 261 262 263 264 264 265 267 268 268 269 270 270 272 272 273 273 274 274 275 276 277 277 278 278 278 279 280 280 281 281 281 282 282 282 283 284 284 284 284 284 284 284 285 285 286 286 286 286 286 286 286 286 286 286 286 287 287 286 286 286 286 286 286 286 285 285 285 285
315 310 305 300 294 286 276 254 255 255 255 255 255 256 256 256 256 257 257 257 257 257 258 258 258 258 259 261 262 263 264 264 265 267 268 268 269 269 270 272 272 273 273 274 274 276 276 277 277 277 278 278 279 280 280 280 281 281 281 281 282 283 283 283 283 283 284 284 284 284 285 285 285 285 285 285 285 285 285 285 285 286 286 286 286 285 285 285 285 285 285 284 284 284
315 310 305 300 294 286 276 254 254 254 254 254 254 254 255 255 255 255 256 256 256 256 256 257 257 258 259 260 261 262 263 264 264 266 267 268 268 269 269 271 271 272 273 273 273 274 275 276 276 277 277 277 278 279 279 280 280 280 280 281 281 282 282 282 283 283 283 283 283 283 284 284 284 284 284 284 284 284 284 284 284 284 285 285 285 285 285 284 284 284 284 284 283 283
315 310 305 300 294 286 276 254 254 254 254 254 254 254 254 254 254 254 254 255 255 255 255 255 256 257 258 259 260 262 262 263 264 264 266 267 267 268 269 269 271 271 272 272 273 273 274 275 275 276 276 277 277 277 279 279 279 279 280 280 280 280 281 282 282 282 282 282 282 282 282 284 284 284 284 284 284 284 284 284 283 283 284 284 284 284 284 284 283 283 283 283 283 282
314 310 305 300 294 286 276 254 254 254 254 254 254 254 254 254 254 254 254 254 254 254 254 254 255 256 257 258 259 260 262 262 263 264 264 266 267 267 268 268 269 271 271 272 272 272 273 273 275 275 276 276 276 277 277 278 278 279 279 279 279 280 281 281 281 281 281 281 282 282 282 282 283 283 283 283 283 283 283 283 283 283 283 283 283 283 283 283 283 283 282 282 282 282
314 310 305 300 294 286 276 254 254 254 254 254 254 254 254 254 254 254 254 254 254 254 254 254 255 256 257 258 258 259 260 262 262 263 264 264 265 267 267 268 268 269 270 271 271 272 272 273 273 274 275 275 275 276 276 276 278 278 278 278 279 279 279 279 280 280 281 281 281 281 281 281 281 282 282 282 282 282 282 282 282 282 282 282 283 282 282 282 282 282 282 281 281 281
314 310 305 300 294 286 276 254 254 254 254 254 254 254 254 254 254 254 254 254 254 254 254 254 255 256 257 258 259 259 260 261 262 262 263 264 264 265 266 267 268 268 269 269 271 271 271 272 272 273 274 274 275 275 275 276 276 277 277 278 278 278 278 278 279 280 280 280 280 280 280 280 280 280 281 281 281 281 281 281 281 281 281 281 281 282 282 281 281 281 281 281 280 280
314 310 305 300 294 286 276 254 254 254 254 254 254 254 254 254 254 254 254 254 254 254 254 255 256 256 257 258 259 260 261 261 262 263 263 264 265 265 266 266 267 267 268 268 269 270 271 271 272 272 272 273 274 274 275 275 275 275 276 277 277 277 277 278 278 278 279 279 279 279 279 280 280 280 280 280 281 281 281 281 280 280 280 280 280 280 280 281 280 280 280 280 280 279
314 310 305 300 294 286 276 254 254 254 254 254 254 254 254 254 254 254 254 254 254 254 254 255 256 257 258 258 259 260 261 262 262 263 264 264 265 265 266 267 267 268 268 269 269 270 270 270 271 271 272 272 272 274 274 274 274 275 275 275 276 277 277 277 277 277 277 277 279 279 279 279 279 279 279 279 279 279 280 280 280 280 280 279 279 279 279 279 279 280 279 279 279 279
314 310 305 300 293 286 276 254 254 254 254 254 254 254 254 254 254 254 254 254 254 254 254 255 256 257 258 259 260 260 261 262 263 263 264 265 265 266 266 267 267 268 268 269 269 270 270 271 271 271 272 272 272 273 273 273 274 274 274 274 275 275 276 276 276 276 277 277 277 277 278 278 278 278 278 278 278 278 278 278 279 279 279 279 279 278 278 278 278 278 278 277 278 278
314 310 305 300 293 286 276 254 254 254 254 254 254 254 254 254 254 254 254 254 254 254 255 256 256 257 258 259 260 261 261 262 263 263 264 265 265 266 267 267 268 268 269 269 270 270 270 271 271 272 272 272 273 273 273 274 274 274 274 275 275 275 275 275 276 276 276 276 276 276 276 276 276 277 277 277 277 277 277 277 277 277 277 278 278 278 278 277 277 277 277 277 276 276
314 310 305 300 293 286 276 254 254 254 254 254 254 254 254 254 254 254 254 254 254 254 255 256 257 258 259 259 260 261 262 262 263 264 264 265 266 266 267 267 268 268 269 269 270 270 271 271 272 272 272 273 273 273 274 274 274 274 275 275 275 275 275 276 276 276 276 276 276 276 276 276 277 277 277 277 277 277 277 276 276 276 276 276 276 276 277 277 276 276 276 276 276 275
314 310 305 300 293 286 275 254 254 254 254 254 254 254 254 254 254 254 254 254 254 254 255 256 257 258 259 260 260 261 262 263 263 264 265 265 266 267 267 268 268 269 269 270 270 271 271 271 272 272 273 273 273 274 274 274 274 275 275 275 275 275 276 276 276 276 276 276 276 277 277 277 277 277 277 277 277 277 277 277 277 277 276 276 276 276 276 276 276 275 275 275 275 275
314 310 305 300 293 286 275 254 254 254 254 254 254 254 254 254 254 254 254 254 254 255 256 257 257 258 259 260 261 262 262 263 264 264 265 266 266 267 267 268 268 269 269 270 270 271 271 272 272 272 273 273 273 274 274 274 275 275 275 275 276 276 276 276 276 276 276 277 277 277 277 277 277 277 277 277 277 277 277 277 277 277 277 277 276 276 276 276 276 276 276 275 275 275
314 310 305 299 293 286 275 254 254 254 254 254 254 254 254 254 254 254 254 254 254 255 256 257 258 259 259 260 261 262 263 263 264 265 265 266 266 267 268 268 269 269 270 270 271 271 271 272 272 273 273 273 274 274 274 275 275 275 275 276 276 276 276 276 276 277 277 277 277 277 277 277 277 277 277 277 277 277 277 277 277 277 277 277 277 277 276 276 276 276 276 276 275 275
314 310 305 299 293 285 275 254 254 254 254 254 254 254 254 254 254 254 254 254 254 255 256 257 258 259 260 261 261 262 263 264 264 265 266 266 267 267 268 268 269 269 270 270 271 271 272 272 273 273 273 274 274 274 275 275 275 275 276 276 276 276 276 277 277 277 277 277 277 277 277 277 277 277 277 277 277 277 277 277 277 277 277 277 277 277 277 277 276 276 276 276 276 275
314 310 305 299 293 285 275 254 254 254 254 254 254 254 254 254 254 254 254 254 255 256 256 257 258 259 260 261 262 262 263 264 264 265 266 266 267 268 268 269 269 270 270 271 271 272 272 272 273 273 273 274 274 274 275 275 275 276 276 276 276 276 277 277 277 277 277 277 277 277 278 278 278 278 278 278 278 278 278 278 278 277 277 277 277 277 277 277 277 276 276 276 276 276
270 310 305 299 293 285 275 254 254 254 254 254 254 254 254 254 254 254 254 254 255 256 257 258 259 259 260 261 262 263 263 264 265 265 266 267 267 268 268 269 269 270 270 271 271 272 272 273 273 273 274 274 274 275 275 275 276 276 276 276 276 277 277 277 277 277 277 278 278 278 278 278 278 278 278 278 278 278 278 278 278 278 278 278 277 277 277 277 277 277 276 276 276 276
270 266 261 255 249 241 275 254 254 254 254 254 254 254 254 254 254 254 254 254 255 256 257 258 259 260 261 261 262 263 264 264 265 266 266 267 268 268 269 269 270 270 271 271 272 272 272 273 273 274 274 274 275 275 275 276 276 276 276 276 277 277 277 277 277 278 278 278 278 278 278 278 278 278 278 278 278 278 278 278 278 278 278 278 278 278 277 277 277 277 277 276 276 276
270 265 261 255 249 241 230 210 210 210 210 210 254 254 254 254 254 254 254 254 255 256 257 258 259 260 261 262 262 263 264 265 265 266 267 267 268 268 269 269 270 270 271 271 272 272 273 273 273 274 274 275 275 275 275 276 276 276 276 277 277 277 277 277 278 278 278 278 278 278 278 278 278 278 278 278 278 278 278 278 278 278 278 278 278 278 278 277 277 277 277 277 276 276
270 265 261 255 249 241 230 210 210 210 210 210 210 210 210 210 210 210 254 255 256 257 258 259 259 260 261 262 263 263 264 265 266 266 267 267 268 269 269 270 270 271 271 272 272 273 273 273 274 274 274 275 275 275 276 276 276 276 277 277 277 277 278 278 278 278 278 278 278 278 278 279 279 279 279 279 279 279 279 279 278 278 278 278 278 278 278 278 278 277 277 277 277 276
270 265 260 255 249 241 230 210 210 210 210 210 210 210 210 210 210 210 210 211 212 213 214 215 260 261 261 262 263 264 264 265 266 266 267 268 268 269 269 270 270 271 271 272 272 273 273 274 274 274 275 275 275 276 276 276 276 277 277 277 277 278 278 278 278 278 278 278 279 279 279 279 279 279 279 279 279 279 279 279 279 279 279 278 278 278 278 278 278 278 277 277 277 277
270 265 260 255 249 241 230 210 210 210 210 210 210 210 210 210 210 210 210 211 212 213 214 215 216 217 218 218 219 220 221 265 266 267 267 268 269 269 270 270 271 271 272 272 273 273 273 274 274 275 275 275 276 276 276 276 277 277 277 277 278 278 278 278 278 278 279 279 279 279 279 279 279 279 279 279 279 279 279 279 279 279 279 279 279 278 278 278 278 278 278 277 277 277
270 265 260 255 248 241 230 210 210 210 210 210 210 210 210 210 210 210 211 212 213 214 215 215 216 217 218 219 220 220 221 222 222 223 224 224 225 225 270 270 271 271 272 272 273 273 274 274 274 275 275 275 276 276 276 277 277 277 277 278 278 278 278 278 278 279 279 279 279 279 279 279 279 279 279 279 279 279 279 279 279 279 279 279 279 279 278 278 278 278 278 278 277 277
270 265 260 255 248 240 230 210 210 210 210 210 210 210 210 210 210 210 211 212 213 214 215 216 217 217 218 219 220 221 221 222 223 223 224 224 225 226 226 227 227 228 228 229 229 229 274 274 275 275 275 276 276 276 277 277 277 277 278 278 278 278 278 279 279 279 279 279 279 279 279 279 279 279 279 279 279 279 279 279 279 279 279 279 279 279 279 279 278 278 278 278 278 277
269 265 260 255 248 240 229 210 210 210 210 210 210 210 210 210 210 210 211 212 213 214 215 216 217 218 219 219 220 221 221 222 223 223 224 225 225 226 226 227 227 228 228 229 229 230 230 230 231 231 232 232 232 233 233 277 277 278 278 278 278 278 279 279 279 279 279 279 279 279 280 280 280 280 280 280 280 280 280 280 280 279 279 279 279 279 279 279 279 278 278 278 278 278
269 265 260 255 248 240 229 210 210 210 210 210 210 210 210 210 210 211 212 213 214 215 215 216 217 218 219 220 220 221 222 222 223 224 224 225 226 226 227 227 228 228 229 229 230 230 230 231 231 231 232 232 232 233 233 233 234 234 234 234 234 235 235 235 235 279 279 280 280 280 280 280 280 280 280 280 280 280 280 280 280 280 280 280 279 279 279 279 279 279 278 278 278 278
269 265 260 254 248 240 229 210 210 210 210 210 210 210 210 210 210 211 212 213 214 215 216 217 217 218 219 220 221 221 222 223 223 224 225 225 226 226 227 227 228 228 229 229 230 230 231 231 231 232 232 232 233 233 233 234 234 234 234 234 235 235 235 235 235 235 236 236 236 236 236 236 236 236 236 236 236 280 280 280 280 280 280 280 280 279 279 279 279 279 279 278 278 278
269 265 260 254 248 240 229 210 210 210 210 210 210 210 210 210 210 211 212 213 214 215 216 217 218 219 219 220 221 222 222 223 224 224 225 225 226 227 227 228 228 229 229 230 230 230 231 231 232 232 232 233 233 233 233 234 234 234 234 235 235 235 235 235 236 236 236 236 236 236 236 236 236 236 236 236 236 236 236 236 236 236 236 236 236 236 236 235 235 235 235 235 234 278
269 265 260 254 248 240 229 210 210 210 210 210 210 210 210 210 210 211 212 213 214 215 216 217 218 219 220 220 221 222 222 223 224 224 225 226 226 227 227 228 228 229 229 230 230 231 231 231 232 232 232 233 233 233 234 234 234 234 235 235 235 235 235 236 236 236 236 236 236 236 236 236 236 237 237 237 237 237 236 236 236 236 236 236 236 236 236 236 235 235 235 235 235 234
269 265 260 254 248 240 228 210 210 210 210 210 210 210 210 210 211 212 213 214 215 216 217 217 218 219 220 221 221 222 223 223 224 225 225 226 226 227 228 228 229 229 230 230 230 231 231 232 232 232 233 233 233 234 234 234 234 235 235 235 235 236 236 236 236 236 236 236 236 237 237 237 237 237 237 237 237 237 237 237 237 237 236 236 236 236 236 236 236 236 235 235 235 235
269 265 260 254 248 240 228 210 210 210 210 210 210 210 210 210 211 212 213 214 215 216 217 218 218 219 220 221 222 222 223 224 224 225 226 226 227 227 228 228 229 229 230 230 231 231 231 232 232 233 233 233 234 234 234 234 235 235 235 235 236 236 236 236 236 236 236 237 237 237 237 237 237 237 237 237 237 237 237 237 237 237 237 237 236 236 236 236 236 236 236 235 235 235
