testData/tiles/oneDegree/grid44.0-4.0-45.0-5.0.asc
ncols   200
nrows   200
xllcorner   44.0
yllcorner   4.0
cellsize   0.005
NODATA_value   -9999.0
[rows 84 to 125 of 200, columns 94 to 187 of 200]
288 288 287 287 287 288 288 288 288 288 289 289 290 290 291 291 292 293 294 294 294 295 295 295 295 296 296 296 297 299 300 300 300 301 301 302 302 302 303 303 303 303 303 304 304 304 305 305 306 307 307 308 308 308 309 308 308 309 309 309 310 310 310 311 311 311 312 312 312 312 312 312 314 314 314 315 315 315 316 316 316 315 316 316 315 316 316 316 317 298 298 298 299 299
288 288 288 288 287 288 288 288 288 288 289 289 289 290 291 291 292 293 294 294 295 295 295 296 295 296 296 296 297 298 299 300 300 301 301 302 302 302 303 303 304 303 303 304 304 304 305 305 306 306 307 308 308 308 309 309 308 309 309 309 310 310 310 311 311 311 312 312 312 312 312 312 313 314 314 315 315 315 316 316 316 315 316 316 315 316 316 316 317 298 298 298 299 299
288 288 288 288 288 288 288 288 288 288 289 289 289 289 291 291 292 293 294 294 295 295 295 296 296 296 296 296 297 298 299 299 300 301 301 302 302 302 303 303 304 304 303 304 304 304 305 305 306 306 306 307 308 308 309 309 309 309 309 309 310 310 310 311 311 311 312 312 312 313 312 312 313 313 313 315 315 315 316 316 316 316 316 316 315 316 316 316 317 298 298 298 299 299
288 288 288 288 288 289 288 288 288 288 289 289 289 289 290 290 292 293 294 294 295 295 295 296 296 297 296 296 297 298 299 299 299 301 301 302 302 302 303 303 304 304 304 304 304 304 305 305 306 306 306 307 307 308 309 309 309 310 309 309 310 310 310 311 311 311 312 312 312 313 313 312 313 313 313 314 315 315 316 316 316 316 317 316 315 316 316 316 317 298 298 298 299 299
287 288 288 288 288 289 289 289 288 288 289 289 289 289 290 290 291 293 294 294 295 295 295 296 296 297 297 296 297 298 299 299 299 300 301 302 302 302 303 303 304 304 304 305 304 304 305 305 306 306 306 307 307 307 309 309 309 310 310 309 310 310 310 311 311 311 312 312 312 313 313 313 313 313 313 314 314 314 316 316 316 316 317 317 315 316 316 316 317 298 298 298 299 299
287 287 288 288 288 289 289 289 289 288 289 289 289 289 290 290 291 292 294 294 295 295 295 296 296 297 297 297 298 298 299 299 299 300 300 301 302 302 303 303 304 304 304 305 305 304 305 305 306 306 306 307 307 307 308 308 309 310 310 310 310 310 310 311 311 311 312 312 312 313 313 313 314 313 313 314 314 314 315 316 316 316 317 317 316 316 316 316 317 298 298 298 299 299
287 287 287 287 288 289 289 289 289 289 289 289 289 289 290 290 291 292 293 294 295 295 295 296 296 297 297 297 298 299 299 299 299 300 300 301 301 302 303 303 304 304 304 305 305 305 305 305 306 306 306 307 307 307 308 308 308 310 310 310 311 310 310 311 311 311 312 312 312 313 313 313 314 314 313 314 314 314 315 315 315 316 317 317 316 317 316 316 317 298 298 298 299 299
287 287 287 287 287 289 289 289 289 289 290 290 289 289 290 290 291 292 293 293 294 295 295 296 296 297 297 297 298 299 300 299 299 300 300 301 301 301 303 303 304 304 304 305 305 305 306 305 306 306 306 307 307 307 308 308 308 309 309 310 311 311 310 311 311 311 312 312 312 313 313 313 314 314 314 314 314 314 315 315 315 315 317 317 316 317 317 316 317 298 298 298 299 299
287 287 287 287 287 288 289 289 289 289 290 290 290 289 290 290 291 292 293 293 293 294 295 296 296 297 297 297 298 299 300 300 299 300 300 301 301 301 302 302 304 304 304 305 305 305 306 306 307 306 306 307 307 307 308 308 308 309 309 309 311 311 311 311 311 311 312 312 312 313 313 313 314 314 314 315 314 314 315 315 315 315 316 316 316 317 317 316 317 298 298 298 299 299
287 287 287 287 287 288 288 289 289 289 290 290 290 290 290 290 291 292 293 293 293 294 294 296 296 297 297 297 298 299 300 300 300 300 300 301 301 301 302 302 303 304 304 305 305 305 306 306 306 307 306 307 307 307 308 308 308 309 309 309 310 310 311 312 311 311 312 312 312 313 313 313 314 314 314 315 315 314 315 315 315 315 316 316 315 317 317 317 317 298 298 298 299 299
287 287 287 287 287 288 288 288 289 289 290 290 290 290 291 290 291 292 293 293 293 294 294 295 296 297 297 297 298 299 300 300 300 301 300 301 301 301 302 302 303 303 304 305 305 305 306 306 306 307 307 307 307 307 308 308 308 309 309 309 310 310 310 312 312 311 312 312 312 313 313 313 314 314 314 315 315 315 315 315 315 315 316 316 315 316 316 317 318 298 298 298 299 299
287 287 287 287 287 288 288 288 288 288 290 290 290 290 291 291 291 291 293 293 293 294 294 295 295 296 297 297 298 299 300 300 300 301 301 301 301 301 302 302 302 303 303 304 305 305 306 306 306 307 307 308 307 307 308 308 308 309 309 309 310 310 310 311 311 312 312 312 312 313 313 313 314 314 314 315 315 315 316 315 315 315 316 316 315 316 316 316 317 299 298 298 299 299
287 287 287 287 287 288 288 288 288 288 289 290 290 290 291 291 292 292 293 293 293 294 294 295 295 296 296 297 298 299 300 300 300 301 301 302 301 301 302 302 302 303 303 304 304 305 306 306 306 307 307 308 308 307 308 308 308 309 309 309 310 310 310 311 311 311 313 312 312 313 313 313 314 314 314 315 315 315 316 315 315 315 316 316 315 316 316 316 317 298 299 298 299 299
287 287 287 287 287 288 288 288 288 288 289 289 290 290 291 291 292 292 294 293 293 294 294 295 295 296 296 296 298 298 300 300 300 301 301 302 302 301 302 302 302 303 303 304 304 304 305 306 306 307 307 308 308 308 308 308 308 309 309 309 310 310 310 311 311 311 312 312 312 313 313 313 314 314 314 315 315 315 315 316 315 315 316 315 315 316 316 316 317 298 298 298 299 299
287 287 287 287 287 288 288 288 288 288 289 289 289 290 291 291 292 292 294 294 293 294 294 295 295 296 296 296 297 297 300 300 300 301 301 302 302 302 303 302 302 303 303 304 304 304 305 305 306 307 307 308 308 308 308 308 308 309 309 309 310 310 310 311 311 311 312 312 312 313 313 313 314 314 314 315 315 315 315 316 316 315 316 315 315 316 316 316 316 298 298 298 298 298
287 287 287 287 287 288 288 288 288 288 289 289 289 289 290 291 292 292 294 294 294 294 294 295 295 295 296 296 297 297 299 300 300 301 301 302 302 302 303 303 302 303 303 304 304 304 305 305 305 306 307 307 308 308 309 308 308 309 309 309 310 310 310 311 311 311 312 312 312 312 312 313 314 314 314 315 315 315 315 316 316 316 316 315 315 316 316 316 316 298 298 298 299 298
287 287 287 287 287 288 288 288 288 288 289 289 289 289 290 290 292 292 294 294 294 295 294 295 295 295 296 296 297 297 298 299 300 301 301 301 302 302 303 303 303 303 303 304 304 304 305 305 305 306 306 307 308 308 309 309 308 309 309 309 310 310 310 311 311 311 312 312 312 313 312 312 314 314 314 315 315 315 315 316 316 316 317 315 315 316 316 316 316 298 298 298 299 299
287 287 286 287 287 288 288 288 288 288 289 289 289 289 290 290 291 292 293 294 294 295 295 296 295 295 296 296 297 297 298 299 299 300 301 301 302 302 303 303 303 304 303 304 304 304 305 305 305 306 306 306 308 308 308 309 309 309 309 309 310 310 310 311 311 311 312 312 312 313 313 312 313 313 314 314 315 315 315 316 316 316 317 316 315 316 316 316 316 298 298 298 299 299
287 287 287 287 287 288 288 288 288 288 289 289 289 289 290 290 291 291 292 294 294 295 295 296 296 295 296 296 297 297 298 299 299 300 300 301 302 302 303 303 303 304 304 303 304 304 305 305 305 306 306 306 307 307 308 309 309 310 309 309 310 310 310 311 311 311 312 312 312 313 313 313 313 313 313 313 315 315 315 316 316 316 317 316 316 316 316 316 316 298 298 298 299 299
287 287 287 287 287 288 288 288 288 288 289 289 289 289 290 290 291 291 292 293 294 295 295 296 296 296 296 296 297 297 298 299 299 300 300 300 301 302 303 303 303 304 304 304 304 304 305 305 305 306 306 306 307 307 307 309 309 309 310 309 310 310 310 311 311 311 312 312 312 313 313 313 313 313 313 313 314 315 315 316 316 316 317 316 316 315 316 316 316 298 298 298 299 299
287 287 287 287 287 288 288 288 288 288 289 289 289 289 290 290 291 291 292 293 293 295 295 296 296 296 297 296 297 297 298 299 299 300 300 300 301 301 303 303 303 304 304 304 305 304 305 305 305 306 306 306 307 307 307 308 308 309 310 310 309 310 310 311 311 311 312 312 312 312 313 313 313 314 313 313 314 314 314 316 316 316 317 316 316 316 316 316 316 298 298 298 299 299
287 287 287 287 287 288 288 287 288 288 288 289 289 289 290 290 290 291 292 293 293 294 294 295 296 296 297 297 297 297 298 299 299 300 300 300 301 301 301 303 303 304 304 304 305 305 305 305 305 306 306 306 307 307 307 308 308 308 309 310 310 310 310 310 311 311 311 312 312 312 313 313 313 314 314 313 314 314 314 315 315 316 317 316 316 316 317 316 316 298 298 298 298 299
287 287 287 287 287 288 288 288 288 288 288 289 289 289 290 290 290 291 292 293 293 294 294 294 296 296 297 297 298 297 298 299 299 300 300 300 301 301 301 302 302 304 304 304 305 305 305 305 305 306 306 306 307 307 307 308 308 308 309 309 310 311 310 310 311 311 311 312 312 312 313 313 313 314 314 314 314 314 314 315 315 315 317 316 316 316 317 317 316 298 298 298 298 299
287 287 287 287 287 287 288 288 288 288 288 289 289 289 290 290 290 291 292 293 293 294 294 294 295 296 297 297 297 298 298 299 299 299 300 300 301 301 301 302 302 303 304 304 305 305 305 306 305 306 306 306 307 307 307 308 308 308 309 309 309 310 311 310 311 311 311 312 312 312 313 313 313 314 314 314 314 314 314 315 315 315 315 315 316 316 317 317 317 298 298 298 298 299
287 287 287 287 287 287 288 288 288 288 288 288 289 289 289 290 290 291 292 293 293 294 294 294 295 295 296 297 297 298 299 299 299 299 300 300 301 301 301 302 302 303 303 303 305 305 305 306 306 305 306 306 307 307 307 308 308 308 309 309 309 310 310 311 311 311 311 312 312 312 313 313 313 314 314 314 315 314 314 315 315 315 315 315 315 315 317 317 317 298 298 298 298 299
287 287 287 287 287 287 288 288 288 288 288 289 288 289 289 290 290 291 292 293 293 293 294 294 295 295 296 296 297 298 298 300 299 299 300 300 301 301 301 302 302 302 303 303 304 305 305 306 306 306 306 306 307 307 307 308 308 308 309 309 309 310 310 310 311 311 311 312 312 312 313 313 313 314 314 314 315 315 314 314 315 315 314 315 315 315 316 316 317 298 298 298 298 299
286 287 287 287 287 287 288 288 288 288 288 289 289 288 289 290 290 291 292 293 293 293 294 294 295 295 296 296 296 297 298 300 300 299 300 300 301 301 301 302 302 302 303 303 304 304 304 306 306 306 307 306 306 307 307 308 308 308 309 309 309 310 310 310 311 311 311 312 312 312 313 313 313 314 314 314 315 315 315 314 315 315 314 315 315 315 316 316 316 298 299 298 298 299
286 286 287 287 287 287 288 288 288 288 288 289 289 289 289 289 290 291 291 293 293 293 294 294 295 295 295 296 296 297 297 300 300 300 300 300 300 301 301 302 302 302 303 303 304 304 304 305 306 306 307 306 306 307 307 308 308 308 309 309 309 310 310 310 311 311 310 311 312 312 313 313 313 314 314 314 314 315 315 315 315 315 314 315 315 315 316 316 297 297 298 299 298 299
286 286 286 286 287 287 288 288 288 288 288 289 289 289 289 290 289 291 291 292 293 293 294 294 295 295 295 296 296 297 297 298 300 300 301 300 300 301 301 302 302 302 303 303 303 304 304 305 305 305 307 307 306 307 307 307 308 308 309 309 309 310 310 310 311 311 311 311 311 311 313 313 313 313 314 314 314 315 315 315 316 315 314 315 315 315 315 316 297 297 298 298 298 299
286 286 286 286 286 287 288 288 288 288 288 289 289 289 289 290 290 290 291 292 293 293 294 294 295 295 295 296 296 297 297 298 299 299 301 301 300 301 301 302 302 302 303 303 303 304 304 305 305 305 306 307 307 307 307 307 308 308 308 309 309 309 310 310 310 311 311 311 311 311 311 313 313 313 314 314 314 315 315 315 316 315 314 315 315 315 315 316 297 297 298 298 298 297
286 286 286 286 286 286 288 288 288 288 288 289 289 289 289 290 290 291 290 291 293 293 294 294 294 295 295 296 296 297 297 298 299 299 300 301 301 301 301 301 302 302 303 303 303 304 304 304 305 305 306 306 306 308 307 307 308 308 308 309 309 309 310 310 310 311 311 311 312 311 311 312 312 313 314 314 314 315 315 315 316 316 314 314 315 315 315 316 297 297 298 298 298 298
286 286 286 286 286 286 287 287 288 288 288 289 289 289 289 290 290 290 291 291 292 293 294 294 294 295 295 296 296 296 297 298 299 299 299 300 300 302 301 301 302 302 303 303 303 304 304 304 305 305 306 306 306 307 308 307 308 308 308 309 309 309 310 310 310 311 311 311 312 312 311 312 312 312 313 314 314 315 315 315 316 316 315 314 315 315 315 316 297 297 298 298 298 298
286 286 286 286 286 286 287 287 287 288 288 289 289 289 289 290 290 290 291 292 292 292 293 294 294 295 295 296 296 296 297 298 299 299 299 300 300 301 302 301 302 302 303 303 303 304 304 304 305 305 305 306 306 307 307 307 308 308 308 309 309 309 310 310 310 311 311 311 312 312 312 312 312 312 313 313 313 315 315 315 315 316 315 315 315 315 315 316 297 297 297 298 298 298
286 286 286 286 286 286 287 287 287 287 288 289 289 289 289 289 290 290 291 292 293 292 292 293 294 295 295 296 296 296 297 298 299 299 299 300 300 301 301 301 302 302 302 303 303 304 304 304 305 305 305 306 306 306 307 307 308 307 308 309 309 309 310 310 310 311 311 311 312 312 312 313 312 312 313 313 313 313 315 315 315 316 315 315 316 315 315 316 297 297 297 298 298 298
286 286 286 286 286 286 287 287 287 287 287 288 289 289 289 289 290 290 291 292 293 293 292 293 293 294 295 296 296 296 297 297 299 299 299 300 300 300 301 301 302 302 302 303 303 304 304 304 305 305 305 306 306 306 307 307 307 308 307 309 309 309 310 310 310 311 311 311 312 312 312 313 312 312 312 313 313 313 314 314 315 315 315 315 316 315 315 315 297 297 297 298 298 298
286 286 286 286 286 286 287 287 287 287 287 288 288 289 289 289 290 290 291 292 293 293 293 294 293 294 294 295 296 296 297 297 298 299 299 300 300 300 301 301 302 302 301 303 303 303 304 304 305 305 305 306 306 306 307 307 307 308 308 307 308 309 310 310 310 311 311 311 312 312 312 312 313 312 312 313 313 313 314 314 314 314 315 315 316 316 315 296 297 297 297 298 298 298
286 286 286 286 286 286 287 287 287 287 287 288 288 288 289 289 290 290 291 292 292 293 293 294 294 294 294 294 296 296 297 297 298 299 299 300 300 300 301 301 302 302 302 302 303 303 304 304 305 305 305 306 306 306 307 307 307 308 308 308 308 308 308 310 310 310 311 311 311 312 312 312 313 313 312 313 313 313 314 314 314 314 314 314 315 316 316 296 297 297 297 298 298 298
286 286 286 287 286 286 287 287 287 287 287 288 288 288 288 288 290 290 291 292 292 293 293 294 294 294 294 294 295 295 297 297 298 299 299 300 300 300 301 301 301 302 302 303 302 302 304 304 304 305 305 306 306 306 307 307 307 308 308 308 308 308 308 309 310 310 311 311 311 312 312 312 313 313 313 313 313 313 314 314 314 314 314 314 314 315 316 297 297 297 297 297 298 298
286 286 286 286 286 286 287 287 287 287 287 287 288 288 288 288 289 290 290 292 292 293 293 294 294 294 295 294 295 295 295 297 298 299 299 299 300 300 301 301 301 302 302 303 303 302 303 303 304 305 305 305 306 306 307 307 307 308 308 308 309 308 308 309 309 309 311 311 311 312 312 312 313 313 313 314 313 313 314 314 314 313 314 314 314 315 315 297 297 297 297 297 298 298
286 286 286 286 286 286 287 287 287 287 287 287 288 288 288 288 288 289 289 292 292 293 293 294 294 294 295 295 295 295 295 296 297 299 299 299 300 300 301 301 301 302 302 302 303 303 303 303 303 305 305 305 306 306 306 307 307 308 308 308 309 309 308 309 309 309 310 310 311 312 312 312 313 313 313 314 313 313 313 314 314 313 314 314 314 315 315 296 296 297 297 297 298 298
286 286 286 286 286 286 287 286 287 287 287 287 288 288 288 288 288 289 289 291 292 293 293 293 294 294 295 295 296 295 295 296 297 298 299 299 300 300 300 301 301 302 302 302 303 303 304 303 303 304 304 305 306 306 306 307 307 307 308 308 309 309 309 309 309 309 310 310 310 312 312 312 312 313 313 313 314 313 313 314 314 313 314 314 314 315 315 296 296 297 296 297 298 298
286 286 286 286 286 286 287 287 286 287 287 287 288 288 288 288 288 289 289 290 291 292 293 293 294 294 295 295 295 296 295 296 297 297 298 298 300 300 300 301 301 302 302 302 303 303 303 304 303 304 304 304 306 306 306 307 307 307 308 308 308 309 309 309 309 309 309 310 310 310 311 312 312 313 313 313 314 314 313 314 314 313 314 314 314 314 296 296 296 297 297 296 297 297
