testData/tiles/oneDegree/grid13.0-36.0-14.0-37.0.asc
ncols   200
nrows   200
xllcorner   13.0
yllcorner   36.0
cellsize   0.005
NODATA_value   -9999.0
[rows 84 to 125 of 200, columns 94 to 187 of 200]
563 564 565 566 567 569 570 570 572 572 573 575 576 576 578 499 500 501 502 503 505 505 506 507 507 508 509 510 511 512 513 513 514 515 516 516 517 519 519 519 520 521 522 522 524 524 525 525 526 526 529 530 531 532 532 534 533 534 534 535 536 536 537 538 538 538 539 540 542 542 543 544 543 544 544 545 546 546 547 547 548 548 548 550 551 552 552 552 552 553 553 554 554 554
562 563 564 566 567 568 570 569 570 572 573 574 575 576 577 578 499 500 502 503 503 505 506 505 507 508 508 510 511 511 512 513 513 514 516 516 517 517 519 519 519 521 521 522 522 524 525 524 526 526 529 529 531 531 532 531 533 533 534 534 536 536 537 537 538 538 539 539 541 542 542 543 543 544 544 544 545 546 547 547 546 548 549 550 550 550 552 552 551 552 553 553 554 554
561 563 564 565 567 567 567 569 570 571 573 573 574 576 577 576 499 500 501 502 503 504 505 505 506 508 508 509 511 511 512 511 513 514 514 516 517 517 518 518 519 520 521 522 522 523 524 524 524 528 528 529 530 531 532 531 532 533 534 534 535 536 536 536 536 538 538 540 540 542 542 542 542 543 544 544 545 545 546 547 546 548 549 549 550 550 550 552 551 552 552 553 554 554
561 562 564 564 565 567 567 569 570 570 572 573 574 576 575 576 578 500 500 501 503 504 503 505 506 506 508 509 509 511 512 511 512 513 514 515 516 517 518 517 519 519 520 521 522 523 523 524 526 527 528 529 529 530 531 531 531 532 533 534 534 535 536 536 536 537 539 540 540 540 542 541 542 542 544 544 544 545 545 546 546 547 548 549 549 550 550 551 551 551 552 552 553 554
561 561 562 564 565 567 567 568 569 570 571 573 574 574 575 576 577 578 500 501 503 503 503 504 505 506 507 508 509 510 510 511 512 512 514 514 515 517 517 517 518 519 520 520 522 522 523 522 526 526 527 529 529 530 530 531 531 532 532 534 534 535 535 535 536 536 538 539 540 540 541 541 541 542 542 544 544 545 545 544 547 547 548 548 549 550 550 549 550 551 551 552 552 552
559 561 562 564 565 566 566 567 568 570 571 571 573 574 574 576 576 577 579 501 501 503 503 503 504 506 506 507 509 509 509 511 511 512 514 514 515 515 516 517 517 519 519 520 520 522 523 524 525 526 527 527 529 529 530 529 531 531 532 532 534 534 535 534 536 537 538 538 540 540 540 540 541 542 542 543 543 544 545 545 546 547 547 548 548 549 550 549 550 550 551 552 552 552
559 561 562 563 564 564 565 567 568 569 570 571 572 574 574 574 576 577 578 500 501 502 502 503 504 505 506 507 507 509 509 509 511 512 512 514 515 515 515 516 517 518 519 520 520 521 521 524 524 525 527 527 528 529 529 529 530 531 532 532 533 534 535 534 535 537 537 538 538 540 540 540 540 541 542 542 543 543 544 545 545 546 547 547 548 548 549 549 549 550 550 551 552 552
559 559 561 562 563 564 565 566 567 568 569 571 572 571 573 574 575 577 577 578 501 501 501 503 504 504 506 507 507 508 509 509 510 511 512 513 514 515 515 515 517 517 518 519 520 521 522 524 524 525 525 527 527 528 528 529 529 530 531 532 532 533 533 534 535 536 537 538 538 538 540 539 540 540 542 542 542 543 544 545 545 545 546 547 548 548 548 548 549 549 550 550 552 552
558 559 560 562 563 563 565 565 566 568 569 570 571 571 572 574 574 575 577 578 578 500 501 502 503 504 505 506 507 508 507 509 510 510 512 512 513 515 514 515 515 517 518 518 520 520 522 522 524 525 525 526 527 528 527 529 529 530 530 532 532 533 532 535 535 535 536 537 538 538 538 539 540 540 540 541 542 544 544 543 545 545 546 546 547 548 548 548 548 549 550 550 550 551
557 559 560 561 563 562 563 565 566 567 569 569 570 571 572 572 574 575 576 577 578 499 501 501 502 504 504 505 507 506 507 508 509 510 511 512 513 513 514 515 515 516 517 518 518 522 522 522 523 524 525 525 526 527 527 527 529 529 530 530 532 532 532 533 535 535 536 536 538 538 537 538 539 540 540 541 541 543 543 543 544 545 545 546 546 548 547 547 548 548 549 550 550 550
557 558 559 560 560 562 563 564 566 566 567 569 570 570 571 572 573 575 575 576 578 578 499 501 502 502 504 505 505 506 507 507 509 510 510 511 513 512 513 514 515 516 516 518 520 520 521 522 522 523 525 525 526 526 527 527 528 529 530 530 531 532 533 533 534 535 535 536 536 538 537 538 538 539 540 540 542 542 543 543 543 544 545 546 546 546 546 547 547 548 548 549 550 550
556 557 558 560 560 561 563 563 564 566 567 568 569 569 571 572 573 574 575 576 577 577 499 500 501 502 503 504 505 505 506 507 508 509 510 511 511 512 512 513 515 515 516 516 520 520 520 522 522 523 523 525 525 525 525 527 527 528 528 530 530 532 532 533 533 534 535 536 536 537 536 537 538 538 539 540 542 542 541 543 543 544 544 545 546 546 545 546 547 548 548 548 550 550
555 557 558 559 560 560 561 563 564 565 567 567 568 569 570 572 572 573 575 576 575 577 578 499 500 502 503 503 505 505 505 507 507 508 510 510 511 511 512 513 513 515 516 518 519 519 520 520 522 523 523 524 525 525 525 526 527 528 528 529 530 531 531 532 533 534 534 534 536 536 536 536 538 538 538 540 541 542 541 542 543 543 544 544 544 546 545 546 546 547 548 548 548 549
555 556 557 558 558 560 561 562 564 564 566 567 567 569 569 570 572 573 574 575 575 576 577 578 500 501 502 503 503 504 505 506 507 508 508 510 511 510 511 513 513 514 515 518 518 518 520 520 521 522 523 523 524 524 525 525 526 527 528 528 530 530 531 531 532 533 534 534 535 535 536 536 536 538 538 540 540 541 541 541 542 543 543 544 544 545 545 545 546 546 547 548 548 549
554 555 556 557 558 559 561 562 563 564 565 567 567 567 569 570 571 572 573 574 575 575 576 578 500 500 501 503 502 503 505 505 506 508 508 509 509 510 511 511 513 513 516 518 518 518 518 520 520 521 523 523 524 523 525 525 526 526 528 528 530 529 531 531 532 532 533 534 534 534 535 536 536 537 539 539 540 539 541 541 541 542 543 544 544 543 544 545 546 546 546 548 548 549
553 555 556 556 558 558 559 561 562 564 565 564 566 567 568 570 570 571 573 574 573 575 576 577 578 500 501 501 502 503 503 505 506 506 508 509 508 510 510 511 512 513 516 516 517 518 518 519 520 521 521 523 523 523 523 525 525 526 526 529 529 529 529 531 531 532 532 534 534 534 534 535 536 536 538 539 540 539 539 541 541 542 542 542 544 543 544 544 545 546 546 546 548 548
553 554 555 555 556 558 559 561 562 563 564 564 565 567 568 568 570 571 572 572 573 574 576 576 577 500 500 501 501 502 503 504 505 506 507 508 508 509 510 511 511 514 516 516 516 517 518 518 519 520 521 522 521 523 523 524 525 526 526 528 528 529 529 530 531 532 532 532 534 533 534 534 536 537 538 538 539 539 539 540 540 541 542 542 543 543 543 544 544 545 546 546 547 547
552 553 553 555 556 557 559 560 561 562 563 564 565 565 567 568 569 571 571 571 573 574 574 576 577 577 500 500 500 501 503 503 504 506 506 507 508 508 509 510 511 514 514 516 515 516 518 518 519 519 521 521 521 521 523 523 524 525 527 527 527 528 529 529 530 531 532 532 532 533 534 534 535 537 537 538 538 539 539 539 540 540 542 542 542 542 543 543 544 544 545 547 547 547
551 553 553 554 556 556 557 559 560 562 562 563 564 565 566 568 569 569 571 571 572 573 574 575 576 577 578 499 500 501 502 503 504 504 506 506 506 508 509 509 513 513 514 515 515 516 516 518 518 519 519 521 521 521 522 523 524 524 526 527 527 527 529 529 530 530 531 532 531 532 533 534 535 536 537 537 537 537 538 539 539 540 540 542 542 541 542 543 544 544 544 546 547 546
551 552 552 553 554 556 557 559 560 561 561 562 563 565 566 566 568 569 569 570 571 572 574 574 575 577 578 498 500 501 501 502 504 504 505 505 506 507 508 509 512 512 514 513 514 515 516 517 517 519 519 520 520 521 521 522 523 525 525 526 526 527 527 529 529 530 530 532 531 532 532 534 535 535 536 536 537 537 537 538 539 540 540 540 541 541 542 542 542 544 545 545 546 546
550 550 551 553 554 555 557 558 559 560 560 562 563 564 565 566 567 569 568 569 571 572 572 574 575 576 576 577 499 500 501 502 502 504 505 504 506 506 507 509 511 512 512 513 514 514 516 516 517 517 519 518 519 521 521 522 522 525 525 526 525 527 527 528 528 530 530 530 530 531 532 533 534 535 536 536 535 537 537 538 538 539 540 540 540 541 541 542 542 542 545 545 545 545
549 550 551 552 554 554 555 557 558 559 560 561 562 563 564 566 567 567 568 569 570 571 572 573 575 575 575 577 498 499 501 501 502 503 503 504 505 506 507 509 511 512 512 512 513 514 514 516 517 517 518 518 519 519 521 521 523 523 525 524 525 525 527 527 528 528 530 529 530 530 532 533 533 534 535 536 535 536 537 537 538 538 540 540 539 540 540 541 542 543 544 545 544 545
549 549 550 551 552 554 555 556 558 558 559 560 561 563 564 564 566 567 567 569 569 570 572 572 573 575 575 575 577 499 499 501 502 502 502 504 504 505 506 509 510 511 511 511 512 514 514 515 516 517 517 517 518 519 520 520 523 523 524 524 525 525 526 527 528 528 528 529 529 530 531 533 533 534 534 534 535 535 536 537 538 538 538 539 539 539 540 540 542 543 543 544 544 544
547 548 549 551 552 553 555 556 557 557 558 560 561 562 563 564 565 566 566 567 569 570 570 572 573 574 574 575 576 498 499 500 501 502 502 502 504 505 507 509 509 510 511 511 512 512 514 514 515 517 516 517 517 519 519 520 521 523 523 523 524 525 525 526 527 528 528 528 529 530 531 531 533 533 534 533 535 535 535 536 536 538 538 537 538 539 540 540 541 543 543 543 543 543
546 548 549 550 552 552 553 555 556 557 558 559 560 561 562 564 565 564 566 567 568 569 570 571 573 572 573 575 575 576 499 499 500 501 501 502 503 504 507 508 509 510 509 511 511 512 513 514 515 515 516 516 517 517 519 521 521 522 522 523 523 524 525 526 526 527 528 527 528 530 531 531 532 533 534 533 533 534 535 536 536 536 538 537 538 538 539 540 541 541 542 542 543 543
546 546 548 549 550 552 553 554 555 556 557 558 559 561 562 563 564 564 565 567 567 568 570 571 571 572 573 573 575 576 497 499 500 499 500 502 502 505 507 507 508 509 509 510 510 512 512 513 514 515 515 515 517 517 518 520 521 521 521 522 523 523 524 525 526 526 526 527 528 529 530 531 531 532 532 533 533 534 534 535 536 536 537 537 537 538 538 540 541 541 542 541 542 543
544 546 547 549 550 551 553 554 553 555 556 558 559 560 561 562 562 564 565 565 567 568 569 570 571 571 572 573 574 575 576 498 499 499 500 500 502 505 505 507 508 507 509 509 510 510 512 513 513 515 514 515 515 517 518 519 521 521 521 521 523 523 524 524 525 526 525 526 528 529 529 530 531 532 531 531 533 533 534 534 536 536 536 536 537 537 538 539 540 541 541 541 541 542
544 545 547 548 550 550 551 553 553 554 556 557 558 559 560 562 562 562 564 565 566 567 568 569 570 570 571 573 573 574 576 498 498 498 499 500 501 504 505 506 507 507 507 509 510 510 511 512 513 512 514 515 515 516 518 519 519 520 520 521 521 523 523 524 524 526 525 526 527 529 529 529 530 531 531 531 532 533 533 534 534 536 535 535 536 536 538 539 539 540 541 540 541 541
543 544 545 547 548 550 551 551 553 554 554 556 557 559 560 561 561 562 563 565 565 566 568 569 568 570 571 571 573 574 575 576 497 498 498 500 502 503 505 505 506 507 507 508 508 510 510 511 513 512 513 513 515 515 517 518 519 518 519 520 521 521 522 523 524 524 525 525 527 527 529 529 530 530 530 531 531 532 533 534 534 534 534 535 536 536 537 539 539 539 539 540 541 541
542 544 545 546 548 549 551 550 551 553 554 555 557 558 559 559 560 562 563 563 565 566 567 568 568 569 570 571 572 574 574 575 497 497 498 499 502 503 503 505 505 505 507 507 508 509 510 511 511 512 512 513 514 516 517 517 519 518 519 519 521 521 522 522 524 523 524 525 527 527 527 528 529 530 529 530 531 531 532 532 534 534 534 534 535 536 537 537 539 539 539 539 539 541
542 543 545 545 546 548 548 550 551 552 554 555 555 557 558 558 560 560 562 563 564 565 566 566 568 568 569 571 572 572 574 575 574 496 498 498 501 502 503 504 504 505 506 507 508 508 509 510 510 511 512 513 513 515 516 517 517 518 518 519 519 521 521 522 522 523 523 525 525 527 527 528 528 529 529 529 530 531 532 532 532 534 533 534 534 536 537 537 538 538 538 539 539 539
541 542 543 545 546 547 548 549 551 551 552 554 555 556 558 557 558 560 561 563 563 564 566 566 566 568 569 570 571 572 573 572 574 496 496 500 501 501 503 503 503 505 505 506 506 508 509 509 510 510 511 512 513 515 515 517 517 517 517 519 519 520 521 522 522 522 524 525 525 525 527 527 528 527 529 529 530 530 531 532 532 532 533 533 534 535 536 537 537 538 537 538 539 539
540 542 543 544 546 547 546 548 549 551 552 553 555 556 555 557 558 559 561 561 562 564 565 565 566 567 568 569 570 571 572 572 573 574 496 499 500 501 502 502 503 503 505 506 506 507 508 509 508 510 511 511 513 514 515 515 516 516 517 517 519 519 520 520 522 521 523 524 525 525 526 527 528 527 527 529 529 530 530 531 532 531 532 532 534 535 535 536 537 536 537 537 539 539
540 540 542 543 544 545 546 547 549 550 552 552 553 555 555 556 558 558 559 561 562 562 563 564 565 566 567 568 570 570 571 572 572 573 496 498 499 501 501 501 502 503 504 504 506 506 507 509 508 509 510 511 512 513 514 515 515 516 517 517 518 519 520 520 520 521 523 523 523 525 525 526 526 527 527 528 528 529 530 530 531 531 531 532 533 535 535 535 536 536 537 537 537 538
538 540 541 543 544 544 546 547 548 549 550 552 553 554 555 555 556 558 559 560 561 562 562 564 564 565 567 568 568 570 570 570 572 573 575 498 499 499 501 501 501 503 503 504 505 506 507 506 508 508 509 510 512 513 513 515 514 515 515 517 517 518 519 520 519 521 522 523 523 524 525 526 525 525 527 527 528 528 530 530 530 530 531 532 533 533 535 535 536 535 535 537 537 537
538 539 541 542 544 543 544 546 547 548 550 551 553 552 553 555 556 557 558 559 560 562 562 562 564 565 565 567 568 569 569 570 571 572 575 497 498 499 500 500 501 501 502 504 504 505 506 506 507 508 509 510 511 512 513 512 514 514 515 516 517 518 518 518 519 520 521 522 523 523 524 525 525 525 526 527 527 528 528 530 529 530 530 530 533 533 534 534 535 535 535 535 537 537
537 538 539 541 541 543 544 545 547 548 549 550 551 552 553 554 556 556 557 559 560 559 561 562 563 564 565 566 568 568 568 570 570 571 575 496 497 499 498 499 501 501 502 502 504 505 505 506 506 507 507 510 511 511 513 512 513 513 515 515 516 517 518 517 518 520 521 521 522 523 524 524 523 525 525 526 526 528 528 528 528 529 530 531 531 533 533 534 533 534 535 535 535 536
536 538 539 540 541 542 544 545 545 547 548 549 550 551 552 553 554 556 557 558 559 559 560 562 562 563 565 566 566 567 568 568 570 573 573 575 497 497 498 499 499 500 501 502 503 504 504 504 506 507 507 509 510 511 511 512 512 513 513 515 515 516 517 517 518 519 520 521 521 522 523 523 523 524 525 525 526 526 528 528 528 528 529 531 531 532 533 533 533 533 533 535 535 536
536 537 538 538 539 541 542 543 545 546 548 549 549 550 551 552 554 555 556 557 558 559 560 560 562 563 563 565 566 566 567 568 569 572 573 574 496 497 497 497 499 500 500 502 502 503 504 504 505 505 508 508 509 510 510 511 512 513 513 514 515 516 516 516 518 519 519 520 521 521 522 522 523 523 524 525 526 526 526 527 527 528 528 530 531 531 532 532 532 533 533 534 535 535
534 536 537 538 539 540 542 543 544 546 546 548 548 549 551 552 552 554 555 556 557 557 559 560 561 562 563 564 566 565 566 568 568 571 573 573 574 495 496 497 498 499 500 500 502 503 502 504 504 505 506 508 509 509 510 510 511 511 513 513 514 515 515 515 517 518 519 519 520 521 522 521 522 523 523 524 524 526 526 526 526 527 529 529 530 531 531 531 531 533 533 533 534 534
534 535 537 537 538 540 540 542 543 544 546 546 548 549 549 551 552 553 555 556 555 557 558 559 560 561 563 564 563 565 566 566 568 571 571 572 574 494 495 497 497 498 499 500 501 501 502 502 503 505 506 507 508 509 508 510 510 511 512 513 514 514 514 515 517 517 519 519 519 520 520 521 521 522 523 524 524 524 526 525 526 526 529 529 529 530 531 531 531 531 532 533 533 534
532 534 534 536 537 538 540 541 543 544 545 546 546 548 549 550 552 553 553 554 555 556 557 558 559 561 561 562 563 564 564 566 569 569 571 572 571 494 495 495 497 498 498 500 500 500 502 502 503 503 506 506 507 508 508 509 509 511 511 512 513 514 513 515 516 517 517 518 519 520 519 520 521 521 522 523 524 524 525 525 525 526 527 528 529 529 530 529 531 531 531 532 533 533
