testData/tiles/oneDegree/grid15.0-2.0-16.0-3.0.asc
ncols   200
nrows   200
xllcorner   15.0
yllcorner   2.0
cellsize   0.005
NODATA_value   -9999.0
[rows 126 to 167 of 200, columns 94 to 187 of 200]
175 174 174 174 173 173 173 173 174 174 174 175 175 176 176 176 177 177 177 178 178 178 179 180 180 181 182 183 184 184 185 186 186 187 188 188 189 190 190 191 192 135 136 137 137 138 139 139 140 141 141 142 142 143 144 144 145 146 146 146 148 148 148 149 150 150 150 152 152 152 153 154 154 155 155 156 156 157 157 158 159 159 159 161 161 161 161 163 163 163 164 165 165 165
175 175 174 173 174 173 174 174 174 175 175 175 176 176 176 177 177 178 178 178 179 179 179 181 181 182 183 183 184 185 185 186 187 187 188 189 189 190 191 191 192 136 136 138 138 138 140 140 140 141 142 142 142 144 144 144 146 146 146 147 148 148 149 150 150 151 151 152 153 153 153 154 155 155 155 157 157 157 158 159 159 159 160 161 161 162 162 163 164 164 164 165 166 166
176 175 175 174 174 174 174 174 175 175 175 176 176 177 177 177 178 178 178 179 179 179 180 181 181 183 183 184 185 185 186 187 187 188 189 189 190 191 191 192 193 136 137 138 138 139 140 140 141 142 142 143 143 144 145 145 146 147 147 148 149 149 149 151 151 151 151 153 153 153 154 155 155 156 157 157 158 158 159 159 160 160 160 162 162 162 162 164 164 164 165 166 166 166
175 176 175 174 174 174 174 175 175 176 176 176 177 177 177 178 178 178 179 179 180 180 181 182 182 183 184 184 185 186 186 187 188 188 189 190 190 191 192 192 193 137 137 139 139 139 141 141 141 143 143 143 144 145 145 145 147 147 147 149 149 149 150 151 151 152 152 153 154 154 155 156 156 156 157 158 158 158 160 160 160 161 162 162 162 163 163 164 165 165 165 166 167 167
176 176 175 175 174 175 175 175 176 176 176 177 177 178 178 178 179 179 179 180 180 180 182 182 182 184 184 185 186 186 187 188 188 190 190 190 192 192 192 194 137 137 138 139 139 140 141 141 142 143 143 144 145 145 146 146 147 148 148 149 150 150 150 152 152 152 153 154 154 154 156 156 156 157 158 158 159 159 160 160 161 161 162 163 163 163 164 165 165 165 166 167 167 168
176 177 176 175 175 175 175 176 176 177 177 177 178 178 178 179 179 179 180 180 181 181 182 183 183 184 185 185 186 187 188 188 189 190 190 191 192 192 193 194 137 138 139 140 140 140 142 142 142 144 144 144 145 146 146 146 148 148 148 150 150 150 151 152 152 153 154 154 155 155 156 157 157 157 158 159 159 159 161 161 161 162 163 163 163 164 165 165 166 166 166 168 168 168
177 176 176 176 175 176 176 176 177 177 177 178 178 178 179 179 180 180 180 181 181 181 183 183 183 185 185 185 187 187 189 189 189 191 191 191 193 193 193 195 138 138 140 140 140 142 142 142 143 144 144 145 146 146 147 148 148 149 149 150 151 151 151 153 153 153 155 155 155 155 157 157 157 158 159 159 160 160 161 162 162 162 163 164 164 164 166 166 166 166 167 168 168 169
177 177 176 176 176 176 176 177 177 177 178 178 179 179 179 180 180 180 181 181 181 182 183 184 184 185 186 187 187 188 189 189 190 191 191 192 193 193 194 195 138 139 140 141 141 142 143 143 143 145 145 145 147 147 147 148 149 149 149 151 151 151 153 153 153 154 155 155 156 156 157 158 158 158 160 160 160 160 162 162 162 163 164 164 165 165 166 166 167 167 168 169 169 169
178 177 176 177 176 176 177 177 178 178 178 179 179 179 180 180 181 181 181 182 182 182 184 184 184 186 186 187 188 188 190 190 190 192 192 192 194 194 194 196 139 139 141 141 141 143 143 143 145 145 145 146 147 147 148 149 149 150 150 151 152 152 153 154 154 154 156 156 156 156 158 158 158 159 160 160 161 161 162 163 163 163 164 165 165 165 167 167 167 168 169 169 169 170
178 177 177 176 177 177 177 178 178 178 179 179 180 180 180 181 181 181 182 182 182 183 184 185 186 186 187 188 188 189 190 190 191 192 192 193 194 194 195 196 139 140 141 141 142 143 144 144 145 146 146 146 148 148 148 150 150 150 150 152 152 152 154 154 154 155 156 156 157 157 158 159 159 159 161 161 161 161 163 163 163 164 165 165 166 166 167 167 168 168 169 170 170 170
179 178 177 177 177 177 178 178 179 179 179 180 180 180 181 181 181 182 182 183 183 183 185 185 186 187 187 188 189 189 190 191 191 193 193 193 195 195 195 140 140 140 142 142 142 144 144 144 146 146 146 147 148 148 149 150 150 151 152 152 153 153 154 155 155 155 157 157 157 158 159 159 159 161 161 161 162 163 163 164 164 164 165 166 166 166 168 168 168 169 170 170 170 171
178 178 178 177 178 178 178 179 179 179 180 180 180 181 181 182 182 182 183 183 183 184 185 185 187 187 188 189 189 190 191 191 192 193 193 194 195 195 196 140 140 141 142 142 143 144 145 145 146 147 147 148 149 149 149 151 151 151 152 153 153 153 155 155 155 156 157 157 158 159 159 160 160 161 162 162 162 164 164 164 164 166 166 166 167 167 168 169 169 169 170 171 171 171
178 178 178 178 178 178 179 179 179 180 180 181 181 181 182 182 182 183 183 184 184 184 186 186 187 188 188 189 190 190 191 192 192 194 194 194 196 196 196 141 141 141 143 143 143 145 145 145 147 147 147 149 149 149 150 151 151 152 153 153 154 154 155 156 156 156 158 158 158 160 160 160 160 162 162 162 163 164 164 165 165 166 167 167 167 168 169 169 169 170 171 171 171 172
179 178 178 178 178 179 179 180 180 180 181 181 181 182 182 183 183 183 184 184 184 186 186 186 188 188 189 190 190 191 192 192 194 194 194 196 196 196 198 141 141 142 143 143 144 145 146 146 147 148 148 149 150 150 150 152 152 152 154 154 154 154 156 156 156 158 158 158 159 160 160 161 161 162 163 163 163 165 165 165 165 167 167 167 168 169 169 170 170 170 171 172 172 172
179 179 178 179 179 179 180 180 180 181 181 182 182 182 183 183 183 184 184 184 185 186 187 187 188 189 189 190 191 191 192 193 194 195 195 196 197 197 141 142 142 143 144 144 144 146 146 146 148 148 148 150 150 150 151 152 152 153 154 154 155 155 156 157 157 158 159 159 159 161 161 161 162 163 163 163 164 165 165 166 166 167 168 168 168 169 170 170 170 171 172 172 173 173
180 179 179 179 179 180 180 181 181 181 182 182 182 183 183 184 184 184 185 185 185 187 187 187 189 189 190 191 191 193 193 193 195 195 195 197 197 197 142 142 142 144 144 144 146 146 147 147 148 149 149 150 151 151 152 153 153 153 155 155 155 155 157 157 157 159 159 159 160 161 161 162 162 163 164 164 164 166 166 166 166 168 168 168 169 170 170 171 171 172 172 173 173 173
179 180 179 179 180 180 181 181 181 182 182 183 183 183 184 184 184 185 185 185 186 187 188 188 189 190 190 191 192 193 193 194 195 195 196 197 198 198 142 143 143 144 145 145 146 147 147 147 149 149 149 151 151 151 153 153 153 154 155 155 156 157 157 158 158 159 160 160 160 162 162 162 163 164 164 164 165 166 166 167 167 168 169 169 169 171 171 171 171 173 173 173 174 174
180 179 180 180 180 181 181 181 182 182 183 183 183 184 184 184 185 185 186 186 186 188 188 188 190 190 191 192 192 194 194 194 196 196 196 198 198 198 143 143 143 145 145 145 147 147 147 148 149 150 150 151 152 152 153 154 154 154 156 156 156 158 158 158 158 160 160 160 161 162 162 163 163 164 165 165 165 167 167 167 168 169 169 169 170 171 171 172 172 173 174 174 174 174
180 180 180 180 181 181 182 182 182 183 183 183 184 184 185 185 185 186 186 186 187 188 189 189 190 191 192 192 193 194 194 195 196 196 197 198 199 142 143 144 144 145 146 146 147 148 148 149 150 150 150 152 152 152 154 154 154 155 156 156 157 158 158 159 159 160 161 161 161 163 163 163 164 165 165 165 166 167 167 168 168 169 170 170 170 172 172 172 172 174 174 174 175 175
181 180 181 181 181 182 182 182 183 183 184 184 184 185 185 185 186 186 187 187 187 189 189 189 191 191 192 193 193 195 195 195 197 197 197 199 199 142 144 144 144 146 146 146 148 148 148 150 150 151 151 152 153 153 154 155 155 155 157 157 157 159 159 159 160 161 161 161 162 163 163 164 165 165 166 166 167 168 168 168 169 170 170 170 171 172 172 173 173 174 175 175 175 175
229 230 181 181 182 182 183 183 183 184 184 184 185 185 186 186 186 187 187 187 188 189 189 191 191 192 193 193 194 195 195 196 197 197 198 199 199 143 144 145 145 146 147 147 148 149 149 150 151 151 151 153 153 153 155 155 155 156 157 157 158 159 159 160 160 161 162 162 162 164 164 164 166 166 166 167 168 168 168 169 170 170 171 171 171 173 173 173 174 175 175 175 176 177
230 230 230 182 182 183 183 183 184 184 184 185 185 186 186 186 187 187 187 188 188 190 190 191 192 192 193 194 194 195 196 196 198 198 198 200 143 143 145 145 145 147 147 147 149 149 149 151 151 152 152 153 154 154 155 156 156 157 158 158 158 160 160 160 161 162 162 162 164 164 164 165 166 166 167 167 168 169 169 169 171 171 171 172 172 173 173 174 174 175 176 176 176 178
230 231 231 231 232 183 183 184 184 185 185 185 186 186 186 187 187 188 188 188 189 190 190 192 192 193 194 194 195 196 196 197 198 198 199 200 143 144 145 146 146 147 148 148 149 150 150 151 152 152 153 154 154 154 156 156 156 158 158 158 159 160 160 161 161 162 163 163 164 165 165 165 167 167 167 168 169 169 169 170 171 171 172 172 173 174 174 174 175 176 176 176 177 178
231 231 231 232 232 233 184 184 185 185 185 186 186 187 187 187 188 188 188 189 189 191 191 192 193 193 194 195 195 196 197 197 199 199 199 201 144 144 146 146 146 148 148 148 150 150 150 152 152 152 154 154 155 155 156 157 157 158 159 159 159 161 161 161 162 163 163 164 165 165 165 166 167 167 168 168 169 170 170 170 172 172 172 173 174 174 174 175 175 176 177 177 177 179
231 231 232 232 233 233 233 234 185 186 186 186 187 187 187 188 188 189 189 189 190 191 191 193 193 193 195 195 196 197 197 198 199 199 200 144 144 145 146 147 147 148 149 149 150 151 151 152 153 153 154 155 155 155 157 157 157 159 159 159 160 161 161 162 163 163 164 164 165 166 166 166 168 168 168 169 170 170 171 171 172 172 173 173 174 175 175 175 176 177 177 178 178 179
232 232 232 233 233 233 234 234 235 186 186 187 187 187 188 188 189 189 189 190 191 191 192 193 194 194 195 196 196 197 198 198 200 200 201 145 145 146 147 147 147 149 149 149 151 151 151 153 153 153 155 155 156 156 157 158 158 159 160 160 160 162 162 162 164 164 164 165 166 166 166 167 168 168 169 169 170 171 171 171 173 173 173 174 175 175 176 176 176 177 178 178 178 180
232 232 233 233 234 234 234 235 235 235 236 187 188 188 188 189 189 189 190 190 192 192 192 194 194 194 196 196 197 198 198 200 200 200 202 145 145 147 147 147 149 149 150 150 151 152 152 153 154 154 155 156 156 156 158 158 158 160 160 160 161 162 162 163 164 164 165 165 166 167 167 167 169 169 169 170 171 171 172 172 173 173 174 174 175 176 176 176 178 178 178 179 179 190
232 233 233 234 234 234 235 235 236 236 236 237 188 188 189 189 190 190 190 191 192 192 193 194 195 195 196 197 197 198 199 200 200 201 145 146 146 147 148 148 149 150 150 150 152 152 152 154 154 154 156 156 157 157 158 159 159 160 161 161 161 163 163 163 165 165 165 166 167 167 168 168 169 169 170 170 171 172 172 172 174 174 174 175 176 176 177 177 178 178 179 179 179 191
233 233 234 234 234 235 235 236 236 236 237 237 238 189 189 190 190 190 191 191 193 193 193 195 195 195 197 197 198 199 199 201 201 201 146 146 146 148 148 148 150 150 151 152 152 153 153 154 155 155 156 157 157 158 159 159 159 161 161 161 163 163 163 164 165 165 166 166 167 168 168 168 170 170 170 171 172 172 173 173 174 175 175 175 176 177 177 177 179 179 179 180 190 191
233 234 234 235 235 235 236 236 236 237 237 238 238 238 239 190 191 191 191 192 193 193 194 195 195 196 197 198 199 199 200 201 201 145 146 147 147 148 149 149 150 151 151 152 153 153 153 155 155 155 157 157 157 159 159 160 160 161 162 162 163 164 164 164 166 166 166 167 168 168 169 169 170 170 171 171 172 173 173 173 175 175 175 176 177 177 178 178 179 180 180 180 190 192
234 234 235 235 235 236 236 237 237 237 238 238 238 239 239 240 191 191 192 192 193 194 194 196 196 196 198 198 199 200 200 202 202 145 147 147 147 149 149 149 151 151 151 153 153 154 154 155 156 156 157 158 158 159 160 160 160 162 162 162 164 164 164 165 166 166 167 167 168 169 169 169 171 171 171 172 173 173 174 174 175 176 176 176 177 178 178 178 180 180 180 191 191 192
234 235 235 235 236 236 237 237 237 238 238 239 239 239 240 240 240 192 192 193 194 194 195 196 196 197 198 199 200 200 201 202 145 146 147 147 148 149 150 150 151 152 152 153 154 154 154 156 156 156 158 158 158 160 160 161 161 162 163 163 164 165 165 165 167 167 167 168 169 169 170 170 171 172 172 172 173 174 174 174 176 176 176 177 178 178 179 179 180 181 181 191 191 193
235 235 236 236 236 237 237 237 238 238 239 239 239 240 240 241 241 241 242 193 194 195 195 197 197 198 199 199 200 201 201 203 146 146 148 148 148 150 150 150 152 152 152 154 154 155 155 156 157 157 158 159 159 160 161 161 161 163 163 163 165 165 165 166 167 167 168 168 169 170 170 170 172 172 172 173 174 174 175 175 176 177 177 177 179 179 179 179 181 181 191 192 192 193
235 236 236 236 237 237 238 238 238 239 239 239 240 240 241 241 241 242 242 243 195 195 196 197 197 199 199 200 201 201 202 203 146 147 148 148 149 150 151 151 152 153 153 154 155 155 156 157 157 157 159 159 159 161 161 162 162 163 164 164 165 166 166 166 168 168 168 169 170 170 171 172 172 173 173 174 174 175 175 175 177 177 177 178 179 179 180 180 181 182 192 192 194 194
236 236 236 237 237 238 238 238 239 239 240 240 240 241 241 241 242 242 243 243 244 196 196 197 198 199 200 200 201 202 202 146 147 147 149 149 149 151 151 151 153 153 153 155 155 156 157 157 158 158 159 160 160 161 162 162 162 164 164 164 166 166 166 167 168 168 169 169 170 171 171 172 173 173 173 175 175 175 176 177 177 178 178 178 180 180 180 180 182 192 192 193 194 194
236 237 237 237 238 238 238 239 239 240 240 240 241 241 242 242 242 243 243 243 245 245 197 198 198 200 200 200 202 202 203 147 147 148 149 149 150 151 151 152 153 154 154 155 156 156 157 158 158 158 160 160 160 162 162 162 163 164 165 165 166 167 167 167 169 169 169 170 171 171 172 173 173 174 174 175 176 176 176 177 178 178 178 179 180 180 181 181 182 193 193 193 195 195
237 237 237 238 238 239 239 239 240 240 240 241 241 242 242 242 243 243 244 244 245 246 246 247 199 200 201 201 202 203 146 147 148 148 150 150 150 152 152 152 154 154 154 156 156 156 158 158 159 159 160 161 161 162 163 163 163 165 165 165 167 167 167 168 169 169 170 170 171 172 172 173 174 174 174 176 176 176 177 178 178 179 179 179 181 181 181 182 193 193 193 194 195 195
237 237 238 238 239 239 239 240 240 241 241 241 242 242 242 243 243 244 244 244 246 246 247 248 248 201 201 201 203 203 147 148 148 149 150 150 151 152 152 153 154 155 155 156 157 157 158 159 159 159 161 161 161 163 163 163 165 165 166 166 167 168 168 168 170 170 170 172 172 172 173 174 174 175 175 176 177 177 177 179 179 179 179 180 181 181 182 182 193 194 194 194 196 196
237 238 238 239 239 239 240 240 241 241 241 242 242 243 243 243 244 244 244 245 246 247 247 248 249 250 202 202 203 147 147 148 149 149 150 151 151 153 153 153 155 155 155 157 157 157 159 159 160 160 161 162 162 163 164 164 165 166 166 166 168 168 168 169 170 170 171 172 172 173 173 174 175 175 175 177 177 177 178 179 179 180 180 181 182 182 182 193 194 194 194 195 196 196
238 238 239 239 240 240 240 241 241 241 242 242 243 243 243 244 244 245 245 245 247 247 247 249 249 251 251 202 204 147 147 149 149 150 151 151 152 153 153 154 155 156 156 157 158 158 159 160 160 160 162 162 162 164 164 164 166 166 167 167 168 169 169 169 171 171 171 173 173 173 174 175 175 176 176 177 178 178 178 180 180 180 180 182 182 182 183 193 194 195 195 195 197 197
238 239 239 240 240 240 241 241 242 242 242 243 243 243 244 244 245 245 245 246 247 248 249 249 250 251 251 252 147 148 148 149 150 150 151 152 152 154 154 154 156 156 156 158 158 158 160 160 160 161 162 163 163 164 165 165 166 167 167 167 169 169 169 170 171 171 172 173 173 174 174 175 176 176 176 178 178 178 179 180 180 181 181 182 183 183 193 194 195 195 196 196 197 197
239 239 240 240 240 241 241 242 242 242 243 243 244 244 244 245 245 245 246 246 248 248 249 250 250 252 252 195 197 148 148 150 150 151 152 152 153 154 154 155 156 156 157 158 159 159 160 161 161 162 163 163 163 165 165 165 167 167 167 168 169 170 170 170 172 172 172 174 174 174 175 176 176 177 177 178 179 179 179 181 181 181 182 183 183 183 194 194 195 196 196 196 198 198
