testData/tiles/oneDegree/grid2.0-10.0-3.0-11.0.asc
ncols   200
nrows   200
xllcorner   2.0
yllcorner   10.0
cellsize   0.005
NODATA_value   -9999.0
[rows 126 to 167 of 200, columns 0 to 93 of 200]
479 478 478 479 478 478 478 476 477 477 476 476 476 475 475 475 474 538 537 537 537 536 536 534 535 534 534 532 532 531 532 530 530 529 529 527 527 527 526 525 524 523 523 522 521 521 519 518 517 517 516 515 514 513 512 511 509 508 508 507 506 505 504 502 501 500 498 497 496 494 493 492 490 490 488 487 486 484 483 482 480 478 477 475 474 473 470 469 467 466 464 462 460 459
479 479 479 479 479 478 478 477 477 478 476 476 476 475 476 476 474 538 537 538 536 536 536 535 535 534 534 533 533 531 531 531 531 529 528 528 527 527 526 525 525 523 522 522 521 520 520 519 517 517 516 514 514 514 513 511 510 509 507 507 506 504 504 503 501 500 499 497 496 495 493 492 491 489 488 487 485 484 483 481 481 478 477 476 474 473 471 469 468 466 464 462 459 458
480 480 479 478 479 479 479 478 477 477 477 477 477 475 475 475 475 539 537 537 537 537 537 535 535 534 535 533 533 532 532 530 530 530 529 528 527 527 526 525 525 524 523 522 521 520 520 519 518 516 516 515 514 512 513 512 510 509 508 507 506 505 503 502 501 500 499 498 496 495 494 492 491 490 488 487 486 484 483 482 479 478 477 475 474 471 470 469 467 465 464 462 460 458
480 480 480 479 479 479 478 478 478 478 478 477 476 476 476 475 475 539 538 538 537 537 536 536 535 534 534 534 533 532 531 531 530 530 529 529 528 526 526 525 526 524 523 523 521 520 520 520 518 517 517 515 514 513 512 511 511 510 508 507 507 505 504 503 501 500 499 497 497 496 494 493 492 490 489 487 486 485 483 481 480 478 477 476 474 472 470 469 467 465 464 462 460 459
480 481 480 479 479 479 479 479 478 477 477 478 477 477 476 475 475 539 538 538 537 537 537 536 535 535 534 533 533 533 532 531 530 530 529 529 528 527 527 525 524 524 523 523 522 521 519 519 518 517 517 516 515 513 512 512 510 509 508 507 506 506 504 503 502 500 499 498 496 495 494 492 491 491 489 488 487 485 483 481 480 479 477 476 474 472 471 470 467 466 464 462 461 459
480 480 480 480 480 480 478 479 479 478 478 477 477 477 477 476 475 538 539 539 538 537 536 537 536 535 534 534 533 532 532 532 531 530 529 528 529 527 527 526 525 524 523 523 522 521 520 520 518 517 516 516 515 514 512 512 511 509 508 507 505 505 505 503 502 501 499 498 497 495 494 493 491 490 489 487 486 484 482 481 480 479 478 476 474 473 471 470 468 466 464 461 460 458
481 481 480 480 480 479 479 479 480 478 478 478 477 478 476 476 476 539 539 538 538 538 537 536 535 536 535 534 533 533 532 532 531 530 530 528 528 528 528 526 525 525 523 522 522 522 520 520 519 517 516 516 514 514 513 512 511 510 509 507 506 505 503 503 502 501 500 499 497 496 495 493 492 491 489 488 485 484 483 481 480 479 477 475 473 472 471 468 467 466 463 462 460 458
481 480 480 480 481 480 479 479 478 479 479 477 477 477 477 477 476 539 539 538 539 537 537 537 536 535 535 535 534 533 532 531 532 530 530 529 529 527 526 527 526 525 524 523 522 521 520 519 519 518 517 515 515 514 512 511 511 510 509 508 506 505 504 502 501 501 499 498 498 496 495 494 492 491 490 487 486 485 483 482 480 479 477 475 474 473 471 469 467 466 464 462 504 501
482 481 481 480 481 480 480 480 479 478 479 478 478 478 476 477 476 540 540 538 538 538 538 536 536 535 535 534 534 533 533 531 531 530 531 529 529 528 527 526 525 525 524 523 522 522 520 519 519 518 517 516 515 514 513 511 510 510 510 508 507 506 504 503 502 500 499 498 497 496 494 493 491 490 489 488 486 485 484 482 481 479 477 476 474 473 471 512 511 508 507 506 503 502
483 481 481 481 480 481 481 480 479 479 479 479 478 477 477 477 477 476 540 539 539 537 538 537 537 535 535 534 535 533 533 532 532 530 530 530 529 528 527 527 526 524 525 524 522 522 521 519 518 518 517 516 515 515 513 512 511 509 509 508 506 506 505 503 502 501 499 498 497 495 494 493 491 490 488 487 486 484 483 482 480 478 477 519 518 516 514 513 510 508 506 505 503 501
481 482 482 482 480 480 481 480 480 479 478 478 479 478 477 477 476 477 540 539 539 538 538 537 537 536 536 534 534 533 534 532 532 531 530 529 529 529 528 526 526 525 523 523 523 522 521 520 519 518 517 516 514 515 514 512 511 510 508 508 507 505 504 503 502 501 500 498 497 496 494 493 492 490 489 488 486 485 483 525 523 521 520 519 517 515 513 512 511 508 507 505 503 502
482 481 482 481 481 481 481 480 480 480 479 479 478 478 478 477 477 476 539 540 539 538 538 537 537 536 536 535 535 533 533 533 532 531 530 530 529 528 528 527 526 525 524 524 522 521 522 520 519 518 517 516 515 514 513 513 512 510 509 508 507 506 505 503 502 501 499 498 497 496 495 493 492 491 489 531 530 528 527 524 523 522 520 519 517 515 514 512 510 509 507 505 504 502
482 482 482 482 481 481 480 480 481 481 479 479 478 478 479 477 477 477 540 539 539 539 538 537 536 536 536 535 534 534 533 532 532 532 531 530 529 528 528 526 527 526 524 524 523 521 520 520 520 518 518 517 515 514 513 512 511 510 509 508 507 506 505 504 502 501 500 498 497 496 494 493 534 534 533 531 530 529 526 525 524 522 521 519 517 516 514 513 510 509 508 505 504 502
483 483 482 481 482 482 481 480 480 480 480 480 478 478 478 478 478 476 540 540 539 539 538 538 537 537 535 536 535 534 533 533 532 531 531 530 530 528 528 527 525 526 525 524 523 522 521 520 519 518 517 517 516 514 513 513 511 510 509 507 506 506 505 504 503 501 500 499 540 539 538 536 535 534 532 531 529 527 526 524 523 522 520 518 516 515 514 511 510 508 506 505 503 501
483 483 482 482 482 482 481 481 481 480 480 480 479 479 478 477 478 477 541 539 539 539 539 539 537 537 536 536 534 535 534 533 532 532 531 530 530 529 529 527 526 526 524 524 524 522 521 521 520 518 517 517 516 515 514 512 512 511 509 508 507 505 504 503 503 545 544 542 541 539 538 537 535 534 533 530 529 528 526 525 523 522 520 518 517 515 513 512 510 509 507 505 504 501
484 484 482 482 482 481 482 482 480 480 480 480 480 479 478 478 478 477 541 540 540 539 538 539 538 538 536 536 535 534 534 533 533 531 531 530 530 529 528 528 526 525 525 524 522 523 522 520 520 519 517 516 516 514 513 513 511 511 510 508 507 506 547 546 545 543 542 542 541 540 539 537 535 533 532 531 529 528 527 525 524 521 520 519 517 516 513 512 511 508 507 506 503 502
483 483 483 483 483 481 481 482 481 481 480 479 480 480 479 478 477 477 478 540 540 539 539 538 537 537 537 536 535 534 534 533 533 532 532 530 529 529 527 528 527 526 525 524 523 522 521 521 520 519 518 516 515 515 514 512 511 511 510 552 550 549 548 546 545 544 542 541 540 538 537 536 534 533 532 531 530 528 527 526 523 522 520 519 518 515 514 513 511 509 507 506 504 502
484 483 484 483 482 482 482 482 481 481 481 480 480 478 479 479 478 477 476 540 541 540 539 538 538 537 537 536 536 534 534 533 533 532 532 531 530 529 528 527 526 526 526 524 523 523 522 520 519 520 518 517 516 515 514 513 511 553 552 551 550 550 548 547 546 544 543 541 540 539 537 536 535 533 532 531 529 528 526 524 523 521 520 518 517 515 513 512 510 508 507 504 503 502
483 483 483 484 483 483 482 481 481 482 481 480 480 479 479 479 478 478 477 541 539 540 540 539 538 537 537 537 536 535 535 533 533 532 531 531 530 530 528 527 527 526 525 525 524 522 522 521 519 518 518 516 516 515 557 556 555 553 552 551 550 549 548 546 546 545 543 542 541 539 538 536 535 534 532 531 530 528 526 524 523 522 520 519 516 515 514 512 510 509 507 505 503 501
484 484 484 482 483 483 483 482 481 481 481 481 481 479 479 478 479 479 477 541 540 540 539 539 539 538 537 536 536 535 534 534 533 532 531 531 531 529 529 528 527 526 525 524 524 523 522 521 520 519 518 560 559 557 557 557 555 554 553 551 550 549 548 547 545 544 543 541 541 540 538 537 536 534 533 531 530 528 526 525 523 522 521 518 517 516 514 512 510 509 507 505 504 501
484 484 484 483 483 484 482 482 482 481 481 481 480 480 480 478 478 478 478 542 540 540 539 539 538 538 537 537 535 535 535 534 533 533 532 530 530 529 529 528 527 527 525 524 524 522 521 522 520 562 561 560 559 558 556 555 555 554 553 552 550 549 548 547 546 544 543 542 540 539 538 536 535 534 533 531 529 528 527 525 524 522 520 519 517 516 514 512 511 509 507 506 503 502
484 485 484 483 483 483 483 483 483 481 481 481 481 480 480 479 479 478 478 541 541 541 539 539 538 539 537 537 536 535 534 534 534 533 532 531 530 529 529 528 527 527 526 524 524 523 521 563 563 562 561 560 559 558 557 555 554 554 552 551 551 549 548 547 545 544 544 542 541 539 538 537 535 533 532 530 529 527 526 525 523 521 520 518 517 515 513 512 510 508 506 505 502 501
485 484 484 484 484 483 482 483 483 482 482 480 480 481 480 480 479 478 478 477 541 540 540 540 538 538 538 538 536 536 535 533 533 532 533 531 531 530 528 528 527 525 526 525 567 566 565 564 563 562 561 560 560 559 557 556 555 553 553 552 550 549 547 546 546 544 543 542 540 539 538 536 535 533 532 531 529 528 526 525 523 521 520 519 517 515 513 512 510 508 507 504 503 501
485 484 484 485 484 483 483 483 482 482 482 481 481 480 479 480 479 479 478 477 541 541 540 539 539 538 537 536 537 535 535 534 534 532 532 532 530 530 529 529 527 526 569 567 567 567 565 564 563 562 561 560 558 558 558 556 555 554 552 552 551 549 548 547 545 544 542 541 540 539 538 537 535 534 532 531 530 528 527 524 523 522 520 519 517 515 514 512 510 508 507 505 503 501
486 484 484 484 484 484 483 483 482 482 483 481 481 480 480 480 479 479 478 478 541 540 541 540 539 538 538 537 536 536 536 534 534 533 532 531 530 531 529 528 571 569 568 568 566 565 566 564 563 563 562 560 559 557 557 556 554 554 553 551 551 550 548 547 546 544 543 541 540 539 537 536 535 533 532 531 530 529 526 525 524 522 521 518 517 516 514 512 510 509 506 505 504 501
485 485 485 485 483 484 484 483 483 482 481 482 482 481 480 480 479 480 478 478 541 541 540 539 540 539 538 537 537 535 535 535 534 533 532 532 530 530 572 572 571 570 569 568 567 566 565 564 564 562 562 561 559 558 557 556 555 554 552 551 550 549 549 547 546 545 543 542 541 539 538 536 535 534 532 531 528 527 526 524 523 522 519 518 516 515 514 511 510 508 506 504 502 501
486 486 485 484 484 484 485 483 483 483 482 481 481 481 481 480 479 479 478 479 541 541 540 540 538 539 538 538 536 536 535 534 533 534 532 575 574 573 572 571 570 570 569 568 567 566 565 564 563 562 560 561 560 558 557 556 555 554 553 551 550 549 547 546 546 545 544 542 541 540 538 537 535 534 532 530 529 527 526 525 523 522 520 518 517 515 513 511 510 508 506 505 502 501
485 486 486 485 484 484 483 484 484 482 482 482 481 482 481 480 480 479 478 478 478 542 540 540 539 539 537 538 537 536 535 535 534 576 576 575 574 573 573 571 570 570 569 568 568 567 565 564 564 562 561 560 559 559 557 556 555 554 553 552 550 549 548 546 545 544 542 542 540 540 538 536 535 533 532 531 529 528 527 525 523 521 520 519 517 515 513 512 509 508 507 504 503 501
486 486 485 485 485 484 484 483 484 483 483 483 481 481 480 481 480 479 479 478 477 541 541 541 539 539 538 537 537 537 536 577 577 576 575 574 575 574 572 572 571 569 569 568 566 567 566 564 564 563 561 560 560 558 557 556 554 554 554 552 551 549 548 547 545 544 543 541 540 538 537 536 534 533 531 530 530 528 527 525 523 522 520 519 516 515 514 512 510 508 507 505 503 501
486 485 485 485 486 484 484 484 483 482 483 482 482 482 480 480 480 480 479 478 478 541 540 540 540 539 538 537 537 578 579 578 578 576 576 575 573 573 573 572 571 570 569 568 567 566 565 564 563 563 562 560 559 559 557 556 555 553 552 552 551 550 548 547 546 544 543 542 540 539 537 536 535 533 532 531 529 528 525 524 523 521 520 517 516 514 513 511 509 508 505 504 503 500
487 486 485 485 484 485 485 484 483 483 483 483 482 481 481 481 479 480 479 479 478 541 541 540 540 539 539 537 580 579 579 577 578 577 575 575 574 573 572 571 572 570 569 569 567 566 566 564 563 562 562 561 560 558 558 556 555 554 552 551 550 549 548 547 546 545 543 542 541 539 538 536 535 534 532 531 529 527 526 524 523 521 519 518 516 515 512 511 510 507 506 504 502 501
486 486 486 486 485 484 485 484 484 484 482 482 483 482 481 481 480 480 478 479 478 542 541 540 540 539 582 581 581 579 579 578 576 576 576 576 574 573 573 571 571 570 569 569 568 566 565 565 563 562 562 560 559 559 557 557 556 554 553 551 550 549 547 547 546 544 543 541 540 540 538 537 535 534 532 530 529 528 526 525 523 521 519 518 517 515 513 511 510 508 506 505 502 501
486 487 487 485 485 485 485 484 484 484 483 483 481 481 482 481 480 480 479 479 478 478 541 541 582 582 581 580 580 580 579 578 577 577 575 574 575 573 573 572 570 570 569 567 567 567 565 565 564 562 561 561 559 558 557 555 556 555 553 552 551 549 548 546 545 544 542 542 540 539 537 535 534 533 531 530 528 528 527 525 523 521 520 518 517 515 513 512 509 508 507 504 503 500
486 486 486 486 486 485 484 484 485 484 483 483 482 482 481 481 481 480 479 478 478 478 584 584 583 583 581 581 580 580 579 579 577 576 576 575 574 573 573 572 571 571 569 568 567 566 565 565 564 563 562 560 560 558 557 556 554 553 553 551 551 550 548 547 545 544 543 541 540 538 537 536 534 533 532 530 529 527 526 523 522 521 519 518 515 514 513 510 509 507 505 503 502 500
487 487 486 486 486 485 485 485 484 483 484 483 482 482 481 481 481 480 480 479 521 520 584 584 583 583 582 581 580 579 579 578 578 577 576 575 574 573 572 572 571 570 570 568 567 567 565 564 563 562 562 561 559 559 558 556 555 553 552 552 550 549 548 546 546 544 543 542 540 539 538 536 535 533 532 531 529 527 525 524 522 521 520 517 516 514 513 511 509 508 505 504 501 500
488 486 486 486 486 485 485 485 484 484 483 483 483 483 481 481 480 480 480 522 522 521 584 583 583 582 582 581 581 579 579 578 577 577 576 575 574 574 573 571 571 570 569 569 568 566 566 564 563 562 561 560 559 558 558 557 555 554 553 551 550 549 548 547 545 544 542 541 540 539 538 537 535 534 532 531 528 527 526 524 523 521 519 518 516 515 512 511 510 507 506 504 502 500
487 487 487 486 485 485 486 485 484 484 483 483 483 482 482 482 480 523 522 523 521 521 585 584 583 582 582 581 581 580 579 578 577 577 575 576 575 573 573 572 571 570 569 568 568 567 565 565 564 562 562 561 559 558 556 556 556 554 553 552 550 549 547 547 546 544 543 541 540 539 537 536 535 532 531 529 528 526 526 525 523 521 519 518 517 514 513 511 509 507 506 504 502 500
487 487 487 486 486 486 485 485 485 485 483 483 483 482 482 524 524 524 522 522 521 522 520 584 583 582 581 581 581 580 579 579 577 577 576 575 574 574 573 572 571 570 569 568 567 566 565 565 564 563 561 561 560 558 557 555 554 554 552 551 551 549 548 546 545 544 542 541 540 538 537 535 534 533 531 530 528 527 525 523 522 520 519 517 515 514 512 511 508 507 504 503 502 499
487 487 488 486 486 486 485 485 484 484 484 484 482 482 525 525 524 523 523 523 521 521 521 585 583 583 582 581 580 580 579 579 578 577 576 575 575 573 572 573 571 571 570 568 567 567 565 564 563 562 562 560 560 559 557 556 555 553 553 551 550 549 547 546 545 544 543 541 540 539 537 536 534 533 531 530 529 527 525 523 522 521 519 517 515 514 512 510 509 507 505 503 501 499
488 487 486 487 487 486 485 485 485 484 484 484 526 526 524 524 524 524 523 522 522 521 520 584 584 583 582 582 581 579 579 578 578 577 577 575 574 574 572 572 571 570 570 569 567 567 566 564 563 563 561 560 558 559 558 556 555 554 552 551 550 549 548 546 545 544 542 541 539 538 538 536 535 533 532 530 528 527 525 524 522 521 519 517 516 514 512 510 509 507 505 504 501 500
488 487 487 487 486 486 486 486 484 484 527 527 526 526 525 525 523 523 524 523 522 521 521 583 583 582 583 581 581 580 579 578 578 576 576 576 574 574 573 571 571 570 568 568 568 566 566 565 563 562 562 560 559 558 556 556 555 554 553 551 550 548 548 547 545 544 543 541 540 538 537 535 534 533 530 529 527 526 525 524 523 520 519 517 516 514 512 511 508 507 505 503 501 498
488 487 487 487 486 486 486 485 485 528 526 526 526 526 525 525 524 524 522 522 522 522 521 520 584 582 582 581 581 580 580 579 577 577 576 575 575 574 573 572 572 570 569 569 567 566 565 565 564 562 561 561 559 558 557 555 555 553 552 551 550 549 547 546 545 543 543 542 540 539 536 535 533 532 531 529 528 526 525 524 521 520 518 517 514 513 512 510 508 506 504 502 501 499
