testData/tiles/oneDegree/grid37.0-44.0-38.0-45.0.asc
ncols   200
nrows   200
xllcorner   37.0
yllcorner   44.0
cellsize   0.005
NODATA_value   -9999.0
[rows 0 to 41 of 200, columns 94 to 187 of 200]
504 505 504 504 504 524 525 524 524 525 524 524 524 524 524 525 526 526 528 528 529 530 531 532 531 532 534 533 534 534 534 534 536 535 536 536 536 537 536 537 536 537 536 537 536 537 536 537 536 537 536 537 536 537 536 536 535 534 535 534 535 533 533 533 533 532 532 531 531 530 529 530 528 527 528 526 526 526 524 524 524 522 522 521 521 520 519 519 517 517 516 515 513 514
503 504 504 504 504 504 524 524 524 524 524 524 524 523 524 525 525 527 527 528 529 530 531 530 531 532 533 533 533 534 533 535 535 535 535 535 536 536 536 536 536 536 536 536 536 536 536 536 536 536 536 536 536 536 536 535 535 534 535 534 533 534 532 533 532 532 531 531 531 530 529 529 529 527 527 527 525 526 525 523 524 522 522 522 520 520 519 518 517 517 516 515 514 513
504 504 503 504 503 504 524 523 524 524 524 524 523 524 524 524 525 526 527 528 529 529 529 530 530 532 532 532 533 532 534 534 534 534 535 535 535 535 535 536 535 536 536 537 536 536 535 536 535 536 535 535 535 535 535 535 535 534 534 534 533 534 532 532 532 531 532 530 530 530 528 529 528 528 527 526 526 525 525 523 523 523 521 522 520 519 519 518 517 516 516 514 514 513
411 411 504 503 503 504 523 524 523 523 524 523 523 524 523 523 525 526 527 526 528 528 529 529 531 531 531 532 532 533 533 534 534 534 534 534 535 534 536 535 536 535 536 535 536 535 536 535 536 534 535 534 535 534 535 534 535 534 533 533 533 533 533 531 531 531 531 530 529 530 529 527 528 527 526 526 526 525 524 524 522 522 521 520 521 519 518 518 517 516 516 515 513 513
411 412 411 503 504 503 523 523 523 524 523 523 523 523 523 523 524 524 525 527 527 528 528 530 530 530 531 531 532 532 533 532 533 534 533 534 534 535 535 535 535 535 535 535 535 535 535 535 535 535 535 534 534 534 534 534 533 534 533 533 532 533 532 532 531 531 530 530 529 529 529 528 528 527 526 526 525 525 524 523 522 522 521 520 520 520 518 518 517 516 514 515 513 512
411 411 411 411 411 503 503 523 523 523 523 522 523 523 522 523 523 524 526 526 527 527 529 529 529 530 530 531 531 532 532 532 533 533 533 534 534 534 534 534 535 534 535 534 535 535 535 535 535 535 535 535 534 534 533 533 533 533 533 533 532 531 532 531 532 530 530 530 529 528 528 528 527 527 526 525 525 524 524 523 522 522 521 520 520 519 518 517 516 516 515 514 514 512
411 411 410 411 411 411 411 522 523 523 522 523 522 522 523 522 523 524 525 526 526 527 527 528 529 529 530 530 531 531 531 532 532 533 533 534 533 534 533 534 533 534 534 534 535 534 535 534 535 534 534 534 534 534 533 533 533 533 532 532 531 531 531 531 530 530 529 530 529 527 528 527 527 526 526 525 524 524 523 523 522 521 521 520 518 519 518 516 517 515 515 514 513 512
411 410 411 410 410 411 410 430 431 522 523 522 522 522 522 522 521 523 524 524 525 526 527 528 528 529 529 530 530 530 531 531 532 532 533 532 533 533 533 533 533 534 533 534 533 534 533 534 533 534 533 534 533 534 533 533 532 532 532 532 532 530 531 530 530 530 529 528 529 528 527 527 526 526 525 525 525 523 523 522 522 521 520 520 519 518 518 516 516 516 514 514 513 512
410 410 410 410 411 410 410 410 430 430 430 522 522 522 522 521 522 523 523 524 525 526 526 527 528 528 529 529 530 530 530 532 531 532 532 532 532 532 532 533 533 533 533 533 533 533 533 533 533 533 533 533 533 533 533 532 532 531 532 531 532 531 529 530 529 530 529 528 528 528 527 526 526 526 525 524 525 523 522 523 521 521 521 519 519 518 517 517 515 515 514 513 512 512
410 410 410 409 410 410 410 410 430 430 430 429 430 522 521 521 521 522 523 523 525 525 526 526 527 528 528 529 528 529 531 530 531 531 531 531 532 531 532 532 532 532 532 533 532 533 532 533 532 533 532 532 532 532 532 532 532 531 531 531 530 531 530 530 529 528 529 527 528 527 527 526 525 525 525 524 523 524 522 521 522 520 520 519 518 518 517 516 515 515 514 513 513 511
410 410 409 410 410 409 410 409 429 430 429 429 430 429 429 521 521 521 522 524 524 524 525 526 527 527 528 527 528 530 530 530 530 531 530 531 530 531 532 532 533 532 533 532 533 532 533 532 532 531 532 531 532 531 532 531 532 531 530 530 530 530 530 529 529 528 528 528 526 527 526 527 525 524 525 523 523 523 522 521 521 520 519 519 518 517 518 516 515 515 514 512 512 512
409 409 410 409 409 410 409 409 430 429 429 429 429 429 429 429 428 520 522 522 523 523 524 526 526 527 526 527 528 529 529 529 530 529 530 530 530 532 531 532 532 532 532 532 532 532 532 532 532 532 531 531 531 531 531 531 530 531 530 530 529 530 529 529 528 528 528 527 527 526 526 525 526 524 523 524 522 523 522 521 521 520 519 519 518 517 516 516 515 514 514 513 511 512
409 409 409 409 409 409 409 409 409 429 428 429 429 428 429 428 428 428 429 522 522 523 525 525 525 525 526 527 528 528 528 529 528 529 529 530 530 531 531 531 531 531 531 531 531 531 532 531 532 531 531 531 530 530 530 530 530 530 530 530 529 528 529 528 529 527 527 527 526 526 525 525 525 524 523 523 522 521 522 521 520 520 518 518 518 516 516 516 515 514 513 513 511 510
408 409 409 408 409 409 408 409 409 428 429 428 428 429 428 428 427 428 428 429 430 431 523 524 524 525 526 527 527 527 528 528 528 528 530 529 530 530 530 531 530 531 530 531 530 531 530 531 530 531 530 531 530 530 529 530 529 530 529 529 529 528 528 528 527 528 526 527 526 525 525 524 524 524 523 523 522 521 521 521 519 519 519 517 518 517 515 516 514 513 513 512 512 510
408 409 408 409 408 408 409 408 408 429 428 428 427 428 428 427 428 428 427 428 429 430 431 431 524 525 526 525 526 527 527 527 528 529 528 529 530 529 530 529 530 529 530 530 530 530 530 530 530 530 530 530 530 530 530 528 529 528 529 528 529 528 527 527 527 527 527 525 526 525 525 524 523 524 522 522 522 521 520 520 520 518 518 518 516 517 515 514 515 513 512 512 511 510
408 408 408 408 408 408 408 408 407 408 428 427 428 428 427 427 427 427 427 427 429 429 430 431 431 432 524 525 525 526 526 527 528 527 528 528 528 529 529 529 529 529 529 529 529 529 529 529 529 529 529 529 529 529 529 529 528 528 528 528 527 528 526 527 526 526 526 525 525 525 524 523 523 523 523 521 522 521 519 520 519 518 518 517 516 516 516 514 514 513 512 511 511 510
408 407 408 408 407 408 408 407 408 408 427 428 427 427 427 427 427 426 426 427 427 429 428 429 431 431 432 432 433 525 526 527 526 527 527 527 528 528 528 528 528 528 529 528 529 528 529 528 529 528 529 528 529 528 529 528 529 527 527 527 527 527 527 526 526 525 526 525 525 524 524 524 522 522 522 522 520 521 520 518 519 518 517 517 516 515 515 514 513 513 512 511 510 510
407 407 408 407 408 408 407 408 407 407 427 427 427 427 427 427 426 426 427 426 427 427 428 430 430 431 431 431 431 433 434 525 526 526 527 526 527 527 527 528 527 528 528 529 528 528 528 528 528 528 528 528 528 528 528 528 527 528 526 527 526 527 526 526 525 525 525 525 524 524 523 523 523 521 522 521 520 520 520 519 518 518 517 517 516 514 515 514 512 513 512 511 510 509
407 407 407 407 407 407 407 407 407 407 407 427 426 426 427 426 426 425 426 426 426 427 428 429 430 430 430 430 432 433 432 433 433 434 525 526 526 526 528 527 528 528 528 528 528 528 528 528 528 527 527 527 527 528 527 528 527 528 527 525 526 525 526 525 526 524 524 524 524 523 523 522 523 521 520 521 520 519 519 518 517 517 517 515 515 515 513 514 513 511 512 510 509 510
407 407 407 407 407 406 407 407 406 407 407 426 426 426 426 426 425 426 426 425 425 426 427 428 428 429 429 431 431 431 432 432 433 432 433 433 434 527 527 527 527 527 527 527 527 528 527 528 527 528 527 527 527 527 527 527 527 526 527 526 525 525 525 525 524 525 523 524 523 523 522 522 522 521 520 520 520 519 519 518 517 517 516 516 515 514 514 513 513 511 511 511 509 508
407 406 406 407 406 406 407 406 406 406 406 406 426 426 426 425 426 425 425 425 424 426 426 427 428 428 430 430 430 430 431 432 431 432 433 433 433 434 434 434 527 526 527 526 527 526 527 526 527 526 527 527 527 526 526 526 526 526 526 526 526 524 524 524 524 524 523 522 523 522 523 521 521 521 520 519 519 519 517 518 517 516 516 515 515 514 513 512 512 512 510 510 509 508
406 406 406 406 406 406 406 406 406 406 406 405 426 425 425 426 425 425 424 424 425 425 426 426 427 428 428 429 429 430 431 430 431 432 432 432 433 432 433 434 433 434 433 526 526 526 526 526 526 526 526 526 527 526 526 525 526 525 525 525 525 525 523 524 523 523 523 522 522 522 521 522 520 521 520 518 519 518 518 517 517 516 515 515 514 514 513 512 512 511 509 510 509 508
406 406 406 406 406 406 405 405 406 405 405 406 425 425 424 425 425 424 424 424 424 424 424 425 426 427 428 428 429 429 429 431 431 431 431 432 432 432 433 432 433 433 433 433 433 433 525 525 525 525 525 525 525 526 525 526 524 525 524 525 524 524 524 522 523 522 523 522 521 521 521 521 520 519 519 519 517 518 517 516 516 515 516 514 514 514 512 512 510 511 510 508 509 507
405 406 405 405 406 405 405 406 405 405 405 405 405 424 425 425 424 424 424 424 424 423 424 425 426 427 427 428 427 428 429 430 430 430 431 431 431 431 432 432 432 432 432 433 432 433 432 433 432 433 524 525 524 525 525 525 525 524 524 524 524 523 523 523 522 522 521 522 521 521 520 520 520 519 519 518 518 517 517 516 516 515 514 514 513 513 512 511 511 510 510 509 508 508
405 405 405 405 405 405 405 405 405 404 405 404 404 425 424 424 424 423 424 423 423 423 423 424 424 425 426 426 427 428 429 428 429 430 430 430 430 431 430 431 431 431 432 431 432 431 432 431 432 432 432 432 432 524 524 524 524 524 523 523 523 522 523 522 522 521 521 521 521 519 520 519 520 519 518 518 517 516 516 516 515 515 514 514 513 512 512 511 510 509 509 508 507 507
405 405 404 405 404 404 405 404 404 405 404 404 404 404 424 423 423 424 423 423 422 422 423 423 424 424 425 426 427 427 427 428 429 429 429 429 430 429 430 431 431 432 431 432 432 432 432 432 431 431 431 431 431 431 431 431 431 523 523 522 522 522 521 522 521 521 520 520 520 520 519 519 518 519 517 517 517 516 516 515 515 514 513 513 512 512 511 510 510 509 509 508 507 507
404 404 405 404 404 405 404 404 404 404 404 403 404 404 423 423 423 423 423 422 422 423 422 422 423 424 423 425 426 426 427 427 427 428 428 429 429 430 430 430 430 431 431 431 431 431 431 431 432 431 432 430 431 430 431 430 430 430 430 430 429 429 521 521 521 520 520 519 520 519 519 518 518 518 518 516 516 516 515 515 514 514 513 512 512 511 511 510 509 509 508 508 507 505
404 404 404 404 403 404 404 403 404 404 403 404 403 403 423 423 423 423 422 422 422 422 422 421 422 422 424 425 425 426 426 426 426 427 429 428 429 429 429 429 430 430 430 430 430 431 430 431 430 431 430 431 430 430 429 430 429 430 429 430 429 429 428 428 428 428 520 519 518 519 518 519 517 517 517 516 516 515 515 514 514 513 512 512 511 512 510 510 509 508 508 507 506 506
403 404 403 403 404 403 403 404 403 403 403 403 403 402 402 423 422 422 422 422 422 421 421 421 421 423 423 424 424 424 425 425 426 427 427 428 428 428 428 429 428 429 430 429 430 429 430 429 430 430 430 430 430 430 429 429 429 428 429 428 429 428 428 427 428 427 427 427 426 426 426 425 517 516 517 516 514 515 514 514 513 513 512 511 511 510 510 509 508 508 507 507 506 505
404 403 403 404 403 403 402 403 403 402 403 403 402 402 403 422 422 421 422 422 421 421 420 420 421 421 422 422 423 424 424 426 425 426 426 427 427 427 428 427 428 428 428 429 428 429 429 429 429 429 429 429 429 429 429 429 428 428 428 428 428 428 428 427 426 427 426 427 426 425 425 425 425 424 423 423 423 421 514 513 513 512 511 512 510 510 510 509 508 508 507 506 504 505
403 403 402 403 403 402 403 403 402 403 402 402 402 402 402 402 421 421 421 421 421 420 420 420 420 421 421 422 422 423 424 424 425 425 426 425 426 427 426 427 427 427 427 428 428 428 428 428 428 428 429 428 429 428 429 428 429 427 427 427 427 427 427 427 426 426 426 425 426 424 425 424 424 424 423 423 422 422 421 421 420 420 419 418 418 417 417 508 507 507 506 506 505 504
402 402 403 402 402 403 402 402 402 402 402 401 401 402 401 401 421 421 421 420 420 420 420 420 419 419 420 420 421 422 423 424 424 424 424 425 425 425 426 426 426 426 427 426 427 426 427 428 427 428 427 428 427 428 427 428 427 428 426 427 426 427 426 426 426 425 425 425 425 425 423 424 423 424 422 421 422 421 420 420 420 419 418 418 418 417 416 417 415 414 414 413 413 412
402 402 402 402 401 402 402 401 402 402 401 401 402 401 401 400 401 421 420 420 419 420 420 419 419 419 419 420 421 422 422 422 423 423 424 424 424 424 425 425 425 427 426 427 427 427 426 426 427 426 427 426 427 427 427 427 427 426 427 425 426 425 426 425 426 425 425 424 424 424 424 423 423 422 422 421 420 421 420 420 419 419 418 417 417 417 416 415 415 414 413 413 412 411
401 402 402 401 402 401 401 402 401 401 401 401 401 401 400 401 400 420 420 419 420 420 419 419 418 418 418 419 420 420 421 421 422 423 422 423 423 425 424 425 426 425 426 426 426 426 426 426 427 427 426 426 426 426 426 426 426 426 426 426 425 425 425 425 424 425 424 424 423 424 423 423 422 421 421 421 420 420 420 419 419 418 417 417 416 416 415 415 414 413 413 412 412 411
402 401 401 402 401 401 401 401 401 400 400 401 400 400 400 400 400 399 419 419 419 419 419 418 418 417 418 419 419 420 420 421 420 421 422 423 424 423 424 424 424 425 425 425 425 426 425 426 425 426 426 426 425 425 425 425 425 425 425 425 425 424 424 424 424 424 424 422 423 422 423 422 420 421 420 421 419 419 419 419 417 418 417 417 416 415 416 414 413 414 412 412 412 410
401 401 400 401 401 400 401 401 400 400 400 400 400 399 400 400 399 399 418 419 419 418 418 418 417 418 417 417 418 418 419 419 420 421 422 422 422 423 423 423 423 424 424 424 425 424 425 424 425 425 425 425 425 426 424 425 424 425 424 425 424 425 423 423 423 423 423 423 422 422 421 421 421 420 420 419 420 418 419 418 418 417 416 416 415 415 414 413 413 412 412 411 410 410
400 400 401 400 400 400 400 400 400 400 400 400 399 400 399 399 399 398 399 419 418 418 417 417 418 417 417 416 417 418 418 419 420 420 420 421 422 422 422 422 423 422 423 424 423 424 423 424 424 424 424 424 424 424 424 423 424 423 424 423 424 423 424 422 423 422 423 422 422 421 420 421 420 420 419 419 419 419 417 418 417 415 416 415 415 414 414 413 412 412 411 411 410 409
400 399 400 400 399 400 400 399 399 400 399 399 399 399 399 398 398 399 398 418 418 417 417 417 417 417 416 416 415 416 418 418 419 419 420 420 420 421 421 422 421 422 422 422 423 423 423 423 423 423 423 423 424 423 424 423 424 422 423 423 423 423 423 423 421 422 421 421 421 421 420 419 420 419 419 418 418 418 417 416 416 416 415 415 414 414 413 412 413 411 411 411 409 409
399 400 399 399 400 399 399 399 399 399 399 398 399 399 398 398 398 398 398 397 417 417 417 417 416 416 416 415 415 416 417 418 418 418 418 419 419 420 420 420 421 421 421 421 422 422 422 422 422 423 422 423 422 423 422 423 422 423 421 422 421 422 421 422 421 421 420 420 420 420 420 419 419 419 418 418 417 417 417 415 416 415 415 414 414 413 413 412 411 411 410 410 409 408
400 399 399 399 399 399 398 399 399 398 398 399 398 398 398 397 398 397 397 397 416 417 417 416 416 415 415 415 415 415 415 416 417 417 418 418 419 418 419 420 420 420 420 421 420 421 420 421 422 421 422 421 422 421 422 422 422 422 422 421 421 420 421 420 421 420 420 419 420 419 419 418 418 418 418 417 417 416 416 416 414 415 414 413 413 413 412 411 411 410 410 409 408 408
399 399 398 399 399 398 398 399 398 398 398 398 398 397 397 398 397 397 396 396 397 416 416 416 415 415 414 415 415 414 415 415 416 416 416 417 417 418 418 419 420 420 421 420 421 420 421 421 420 421 420 421 421 421 421 421 421 421 421 421 420 420 420 420 420 420 419 419 418 419 418 419 417 417 417 417 417 415 415 415 414 413 414 413 413 412 411 411 410 410 409 408 408 407
398 398 399 398 398 398 398 398 398 397 398 397 397 397 397 397 397 396 396 396 396 416 415 415 415 414 415 414 414 414 413 414 414 415 416 416 418 417 418 418 419 419 419 420 419 420 420 420 420 421 420 420 420 420 420 420 420 420 420 420 420 419 419 419 419 419 419 419 418 417 418 417 418 416 417 416 415 415 414 414 414 413 413 413 412 411 411 410 410 409 409 408 407 407
