testData/tiles/oneDegree/grid49.0-45.0-50.0-46.0.asc
ncols   200
nrows   200
xllcorner   49.0
yllcorner   45.0
cellsize   0.005
NODATA_value   -9999.0
[rows 126 to 167 of 200, columns 0 to 93 of 200]
292 293 294 295 296 297 297 299 299 300 300 302 302 303 303 305 305 306 307 308 309 309 311 311 312 312 313 314 314 314 316 316 316 317 317 318 319 319 319 321 321 321 321 322 323 323 323 324 324 325 325 326 326 326 326 327 328 328 328 328 329 329 330 330 330 330 331 331 331 332 332 332 332 333 333 333 333 333 333 333 334 335 335 335 335 335 335 335 336 336 336 336 336 336
292 293 294 295 296 296 298 298 299 300 301 301 302 303 304 304 306 306 306 307 308 309 309 309 312 312 313 313 314 315 315 315 317 317 317 318 318 319 320 320 320 321 322 322 322 322 324 324 324 324 325 326 326 326 326 327 327 328 328 328 329 329 329 330 330 330 330 331 331 332 332 332 332 332 332 332 333 334 334 334 334 334 334 335 335 335 335 335 335 335 335 336 336 336
292 293 294 294 296 296 297 298 299 299 300 301 302 302 304 304 305 305 307 307 308 308 309 310 310 311 312 312 314 314 315 316 316 316 318 318 318 319 319 320 320 321 321 322 322 323 323 323 324 325 325 325 325 326 327 327 327 327 327 329 329 329 329 329 329 331 331 331 331 331 331 331 332 332 333 333 333 333 334 334 334 334 334 334 334 334 335 335 335 335 335 335 335 335
292 292 294 295 295 297 297 298 298 300 300 301 302 303 303 304 305 306 306 306 308 308 309 310 310 311 311 313 313 313 314 314 315 317 317 317 319 319 319 319 320 321 321 321 322 323 323 323 324 324 324 325 326 326 326 326 327 328 328 328 328 328 329 330 330 330 330 330 331 331 331 332 332 332 333 333 333 333 333 333 333 334 334 334 334 334 334 334 335 336 336 336 336 336
292 293 293 294 295 296 297 298 299 299 301 301 302 302 303 304 304 306 306 307 307 309 309 309 310 311 311 312 312 314 314 314 315 315 316 316 317 317 318 320 320 320 320 322 322 322 323 323 324 324 324 325 325 326 326 326 327 327 328 328 328 328 329 329 330 330 330 330 330 331 332 332 332 332 332 332 332 333 333 333 333 334 334 334 335 335 335 335 335 335 335 335 335 336
291 292 294 294 295 296 297 297 299 299 300 300 302 302 303 304 305 305 306 307 307 308 308 310 310 310 311 312 312 313 313 314 315 315 315 317 317 317 318 318 319 319 320 320 320 323 323 323 323 323 325 325 325 325 325 327 327 327 327 327 328 329 329 329 329 329 330 331 331 331 331 331 331 332 332 332 332 333 333 333 334 334 334 334 334 334 334 335 335 335 335 335 335 335
292 292 293 294 295 296 296 298 298 299 300 301 301 302 303 304 304 305 306 306 307 308 308 309 309 311 311 311 312 313 313 314 314 315 316 316 316 318 318 318 318 319 320 320 321 321 321 322 322 323 323 323 324 325 325 326 326 327 327 328 328 328 328 329 329 330 330 330 330 331 331 331 331 331 332 332 333 333 333 333 333 333 333 334 333 333 333 333 333 333 333 334 334 334
291 292 293 294 294 296 296 297 298 299 299 300 301 302 302 304 304 305 305 307 307 307 308 309 310 310 310 312 312 312 313 314 314 315 315 316 317 317 317 318 319 319 319 320 321 321 321 321 322 323 323 323 324 324 325 325 325 326 326 326 327 327 327 327 328 329 329 329 329 329 329 329 331 331 331 331 331 331 332 332 332 332 332 332 332 332 333 333 333 333 333 333 333 333
291 292 293 294 295 295 296 297 298 298 300 300 301 302 303 303 304 305 305 306 306 308 308 308 310 310 311 311 312 313 313 313 314 315 315 316 316 317 317 318 318 319 320 320 320 320 322 322 322 322 322 324 324 324 324 324 326 326 326 326 326 326 328 328 328 328 328 328 329 330 330 330 330 330 331 331 331 331 331 331 331 332 333 333 333 333 333 333 333 334 334 334 334 334
291 291 293 293 294 295 296 297 298 299 299 299 301 301 302 303 304 304 305 306 306 307 308 309 309 309 311 311 311 312 313 314 314 314 315 316 316 316 317 318 318 318 319 320 320 321 321 321 322 322 323 323 323 324 324 325 325 325 325 326 327 327 327 327 328 328 328 329 329 329 329 330 330 330 330 330 330 331 332 332 332 332 332 332 333 333 333 333 333 333 333 333 334 334
291 292 292 294 294 295 295 297 297 298 299 300 300 302 302 303 303 304 305 305 307 307 308 308 309 310 310 310 312 312 312 313 314 314 315 315 316 317 317 317 317 319 319 319 320 320 321 321 321 322 323 323 323 324 324 324 325 325 325 326 326 327 327 327 327 327 328 329 329 329 329 329 329 330 330 331 331 331 331 331 332 332 332 332 332 332 332 332 333 333 333 333 333 333
290 291 292 293 294 295 296 296 298 298 299 300 301 301 301 303 303 304 305 306 306 306 308 308 309 309 310 311 311 311 313 313 313 314 315 315 316 316 317 317 318 318 318 320 320 320 320 320 322 322 322 322 323 324 324 324 324 325 326 326 326 326 326 326 328 328 328 328 328 328 329 329 330 330 330 330 331 331 331 331 331 331 331 332 332 332 332 332 332 332 332 333 333 333
291 291 292 293 294 294 295 296 297 297 299 299 300 301 302 302 303 304 304 305 306 307 307 307 309 309 310 310 311 312 312 312 314 314 314 315 316 316 316 317 318 318 319 319 319 320 320 321 321 321 322 323 323 323 323 324 325 325 325 325 326 326 327 327 327 327 328 328 328 328 329 329 330 330 330 330 330 330 330 331 331 331 331 332 332 332 333 333 333 333 333 333 333 333
290 290 292 293 293 295 295 296 297 298 298 300 300 301 301 302 303 303 305 305 306 306 307 308 308 308 310 310 311 311 312 313 313 313 314 315 315 315 317 317 317 317 319 319 319 319 320 321 321 321 322 322 323 323 323 324 324 325 325 325 325 326 326 327 327 327 327 327 328 329 329 329 329 329 329 330 330 330 330 331 331 331 332 332 332 332 332 332 332 332 333 333 333 333
289 291 291 292 293 294 294 296 296 297 298 299 299 301 301 302 302 304 304 304 306 306 307 307 308 309 309 309 311 311 311 312 313 313 314 314 315 316 316 316 317 318 318 318 318 320 320 320 320 322 322 322 322 322 324 324 324 324 324 325 326 326 326 326 326 327 328 328 328 328 328 329 329 329 329 329 330 330 331 331 331 331 331 331 331 332 332 332 332 332 332 332 332 333
289 290 292 292 293 294 295 295 297 297 298 299 300 300 301 302 302 303 304 305 305 305 307 307 308 308 309 310 310 311 312 312 312 314 314 314 315 315 316 316 317 317 318 318 319 319 319 320 321 321 321 321 323 323 323 323 323 324 325 325 325 325 326 326 327 327 327 327 328 328 328 328 328 329 330 330 330 330 330 330 330 331 331 331 331 331 331 331 332 332 332 332 332 332
289 290 291 291 293 293 294 295 296 296 298 298 299 300 301 301 302 303 304 304 305 306 306 306 308 308 309 310 310 311 311 312 313 313 313 315 315 315 315 316 317 317 317 318 319 319 319 320 320 321 321 322 322 322 323 323 324 324 324 325 325 325 325 326 326 327 327 327 327 327 327 329 329 329 329 329 329 330 330 330 330 330 330 330 331 331 332 332 332 332 332 332 333 333
289 290 291 292 292 294 294 295 296 297 297 298 299 300 300 301 302 302 304 304 305 305 306 307 307 308 309 309 310 311 311 312 312 313 313 314 314 315 316 316 316 316 318 318 318 318 320 320 320 320 321 322 322 322 322 323 324 324 324 324 324 326 326 326 326 326 326 327 327 328 328 328 328 329 329 329 329 329 329 329 331 331 331 331 331 331 331 332 332 332 332 332 332 332
288 290 290 291 292 293 294 295 296 296 297 298 298 300 300 301 301 303 303 303 305 305 306 306 307 308 308 309 310 310 310 312 312 312 313 314 314 315 315 316 316 317 317 317 318 319 319 319 319 321 321 321 321 322 323 323 323 323 323 324 325 325 325 325 326 326 326 327 327 327 328 328 328 328 328 328 329 330 330 330 330 330 330 331 331 331 331 331 331 331 331 332 332 332
289 289 290 291 292 292 294 294 295 296 297 297 299 299 300 301 301 302 303 304 304 304 306 306 307 308 308 309 309 310 311 311 311 313 313 313 314 315 315 315 316 316 317 317 318 318 319 319 320 320 320 321 321 322 322 322 323 323 324 324 324 325 325 325 325 326 326 327 327 327 327 327 327 328 329 329 329 329 329 330 330 330 330 330 330 330 331 331 331 331 331 331 331 331
288 289 290 290 292 293 293 295 295 296 297 297 298 299 300 300 301 302 303 303 304 305 305 305 307 307 308 309 309 310 310 311 312 312 312 313 314 314 314 316 316 316 316 317 318 318 318 319 320 320 320 320 321 322 322 322 322 323 324 324 324 324 324 326 326 326 326 326 326 327 327 327 328 328 328 329 329 329 329 329 329 329 330 330 330 330 330 330 330 331 331 331 331 331
288 289 289 291 291 292 293 294 294 296 296 297 298 299 299 301 301 301 303 303 304 304 305 306 306 306 308 308 309 310 310 311 311 312 312 313 313 314 315 315 315 316 317 317 317 317 319 319 319 319 321 321 321 321 321 322 323 323 323 323 323 324 325 325 325 325 326 326 326 327 327 327 328 328 328 328 328 328 329 329 329 329 330 330 330 331 331 331 331 331 331 331 331 332
287 288 290 290 292 292 293 294 295 295 297 297 297 298 299 300 300 302 302 302 304 304 305 305 306 307 307 308 309 309 309 311 311 311 312 313 313 314 314 315 315 316 316 316 317 318 318 318 319 320 320 320 320 321 322 322 322 322 323 323 324 324 324 325 325 325 325 326 326 327 327 327 327 327 327 328 328 328 329 329 329 330 330 330 330 330 330 330 330 331 331 331 331 331
288 288 289 290 291 291 293 293 294 295 296 296 298 298 299 300 300 301 301 303 303 303 305 305 306 306 307 308 308 309 310 310 310 312 312 312 312 314 314 314 315 316 316 316 317 317 318 318 319 319 320 320 320 321 321 322 322 322 322 323 324 324 324 324 324 324 326 326 326 326 326 327 327 327 327 328 328 328 329 329 329 329 329 329 329 330 330 330 330 330 330 330 331 331
287 288 289 290 290 292 292 293 294 295 295 297 297 297 299 299 300 301 302 302 303 304 304 304 306 306 307 307 308 309 309 310 311 311 311 312 313 313 313 315 315 315 315 317 317 317 317 318 319 319 319 319 320 321 321 321 321 322 323 323 323 323 323 324 325 325 325 325 326 326 326 326 326 327 328 328 328 328 328 328 328 329 329 329 329 329 329 329 330 330 330 330 330 330
286 288 288 289 290 291 291 293 293 295 295 296 296 298 298 299 300 300 301 302 303 303 304 305 305 305 307 307 307 309 309 309 310 311 311 312 312 313 314 314 314 315 316 316 316 316 318 318 318 318 319 320 320 320 320 321 322 322 322 322 323 323 324 324 324 325 325 325 325 325 325 327 327 327 327 327 327 328 328 328 328 328 328 328 329 329 330 330 330 330 330 331 331 331
286 287 288 289 290 291 292 292 294 294 295 296 296 297 298 299 299 301 301 301 302 303 304 304 305 306 306 306 308 308 308 310 310 310 311 312 312 312 313 314 314 315 315 316 316 317 317 317 318 318 319 319 320 320 320 321 321 322 322 322 322 323 323 324 324 324 324 324 325 326 326 326 326 326 327 327 327 327 327 327 328 329 329 329 329 329 329 330 330 330 330 330 330 330
286 287 288 288 290 290 291 292 293 293 295 295 296 297 298 298 299 300 300 302 302 302 303 304 305 305 306 307 307 307 309 309 309 311 311 311 311 313 313 313 314 315 315 315 316 316 317 317 317 318 319 319 319 319 320 321 321 321 321 321 323 323 323 323 323 324 324 325 325 325 325 326 326 326 326 326 326 328 328 328 328 328 328 329 329 329 329 329 329 329 329 330 330 330
286 287 287 289 289 290 291 292 292 294 294 295 296 296 297 298 299 299 301 301 301 303 303 303 305 305 305 306 307 308 308 308 309 310 310 311 312 312 312 313 314 314 314 314 316 316 316 316 318 318 318 318 319 320 320 320 320 321 322 322 322 322 323 323 323 324 324 324 325 325 325 325 325 325 327 327 327 327 327 327 328 328 328 328 328 328 328 329 329 329 329 329 329 329
285 286 287 288 288 290 290 292 292 293 294 295 295 297 297 298 299 299 300 300 302 302 302 304 304 304 306 306 306 307 308 308 309 309 310 311 311 312 312 313 313 313 314 315 315 315 316 317 317 317 318 318 319 319 319 320 320 321 321 321 322 322 322 323 323 324 324 324 324 324 324 325 326 326 326 326 326 327 327 327 327 327 327 328 328 328 328 328 328 328 329 329 329 329
285 286 287 287 289 289 291 291 292 293 294 294 295 296 296 298 298 299 300 300 301 302 303 303 303 305 305 305 307 307 307 308 309 309 310 310 311 311 312 312 313 313 314 314 315 315 316 316 317 317 318 318 318 319 319 319 320 321 321 321 321 321 323 323 323 323 323 323 324 324 325 325 325 326 326 326 326 326 326 326 327 327 327 327 328 328 329 329 329 329 329 329 329 329
285 285 286 287 288 289 290 290 292 292 293 294 295 295 297 297 297 299 299 300 301 301 302 303 303 304 304 306 306 306 308 308 308 308 310 310 310 311 312 312 312 313 314 314 314 315 316 316 316 317 318 318 318 318 319 320 320 320 320 320 322 322 322 322 322 323 323 323 324 324 325 325 325 325 325 325 326 326 326 326 327 327 327 328 328 328 328 328 328 328 329 329 329 329
284 285 286 287 288 289 289 291 291 292 293 293 294 295 296 296 298 298 298 300 300 301 302 302 303 304 304 305 305 306 307 307 308 309 309 309 311 311 311 311 313 313 313 313 315 315 315 315 317 317 317 317 317 319 319 319 319 320 320 321 321 321 322 322 322 322 323 323 324 324 324 324 324 325 325 325 326 326 326 327 327 327 327 327 327 327 328 328 328 328 328 328 328 329
283 285 285 287 287 288 289 290 290 292 292 293 294 295 296 296 297 298 299 299 299 301 301 302 303 303 304 305 305 306 306 307 308 308 309 309 310 310 311 312 312 312 313 314 314 314 315 316 316 316 317 317 318 318 318 319 319 319 320 320 321 321 321 321 321 323 323 323 323 323 324 324 324 324 325 325 326 326 326 326 326 326 326 327 327 327 327 327 327 328 328 328 328 328
284 284 286 286 287 288 289 289 291 291 293 293 293 295 295 296 297 298 298 299 300 300 301 302 302 303 304 304 305 306 306 307 307 308 308 309 310 310 311 311 312 312 313 313 314 314 315 315 316 316 316 317 317 318 318 318 318 319 320 320 320 320 321 322 322 322 322 322 323 323 323 323 324 325 325 325 325 325 325 326 326 326 326 326 326 326 327 327 327 327 327 327 327 328
283 284 285 285 287 287 288 289 290 291 292 292 294 294 295 296 296 297 298 299 299 300 301 301 302 303 303 303 305 305 305 307 307 307 308 309 309 309 311 311 311 312 313 313 313 313 315 315 315 315 316 317 317 317 317 319 319 319 319 319 320 320 321 321 321 322 322 322 322 323 324 324 324 324 324 324 325 325 325 325 325 325 326 327 327 327 327 327 327 328 328 328 328 328
282 284 284 286 286 287 288 289 290 291 291 292 293 293 295 295 296 297 297 298 299 300 300 301 302 302 303 304 304 304 306 306 306 308 308 308 308 310 310 310 310 312 312 312 312 314 314 314 314 316 316 316 316 317 318 318 318 318 319 319 320 320 320 321 321 321 321 321 323 323 323 323 323 324 324 324 324 324 324 326 326 326 326 326 326 326 327 327 327 327 327 327 327 328
282 283 284 285 285 287 287 289 289 290 291 292 292 294 294 294 296 296 297 298 298 299 300 300 301 302 303 303 304 305 305 305 306 307 307 308 309 309 309 310 311 311 311 312 313 313 313 314 315 315 315 316 316 317 317 317 318 318 318 319 320 320 320 320 320 321 322 322 322 322 322 323 323 323 323 323 325 325 325 325 325 325 325 326 326 326 326 326 326 327 327 327 327 327
282 282 284 284 286 286 287 288 289 290 290 291 292 293 293 295 295 295 297 297 298 299 299 300 301 301 302 303 303 304 305 305 306 306 307 308 308 309 309 310 310 311 311 312 312 313 313 314 314 315 315 315 316 316 317 317 317 317 319 319 319 319 319 320 321 321 321 321 322 322 322 322 322 322 324 324 324 324 324 325 325 325 325 325 325 325 326 326 326 326 326 326 326 327
281 282 283 284 285 285 287 287 289 289 290 291 292 292 293 294 294 296 296 297 298 298 300 300 300 301 302 302 303 304 304 305 306 306 306 307 308 308 309 310 310 310 311 312 312 312 313 314 314 314 314 315 316 316 316 316 318 318 318 318 318 319 319 320 320 320 321 321 321 321 321 323 323 323 323 323 323 324 324 324 324 324 324 325 325 325 325 325 325 326 326 326 326 326
281 282 283 284 284 286 286 288 288 288 290 290 291 292 293 294 294 295 296 297 297 298 299 299 301 301 301 302 303 303 304 305 305 305 307 307 307 308 309 309 309 310 311 311 311 312 313 313 313 313 315 315 315 315 316 317 317 317 317 318 318 319 319 320 320 320 320 320 321 322 322 322 322 322 323 323 323 323 323 323 324 324 324 325 325 325 326 326 326 326 326 326 326 327
280 281 282 283 284 285 285 287 287 289 289 290 291 291 292 293 294 295 296 296 297 298 298 299 300 300 301 302 302 302 304 304 304 306 306 306 307 308 308 308 310 310 310 310 312 312 312 312 313 314 314 314 315 315 316 316 317 317 317 317 318 319 319 319 319 319 320 320 321 321 321 322 322 322 322 322 322 323 323 324 324 324 324 325 325 325 325 325 325 325 326 326 326 327
