testData/tiles/oneDegree/grid17.0-25.0-18.0-26.0.asc
ncols   200
nrows   200
xllcorner   17.0
yllcorner   25.0
cellsize   0.005
NODATA_value   -9999.0
[rows 126 to 167 of 200, columns 0 to 93 of 200]
422 422 422 421 421 421 420 420 420 419 419 419 418 418 418 417 417 417 416 416 415 415 415 414 414 414 413 413 412 412 412 411 411 410 410 410 409 409 408 408 408 407 407 406 406 405 405 405 404 404 403 403 402 402 401 401 400 400 400 399 399 398 398 397 397 396 396 395 395 394 394 393 393 392 392 391 390 390 389 389 388 388 387 387 386 386 385 384 384 383 383 382 382 381
423 422 422 422 421 421 421 420 420 420 419 419 419 418 418 418 417 417 417 416 416 415 415 415 414 414 414 413 413 412 412 412 411 411 410 410 410 409 409 408 408 407 407 407 406 406 405 405 404 404 404 403 403 402 402 401 401 400 400 399 399 398 398 397 397 396 396 396 395 394 394 393 393 392 392 391 391 390 390 389 389 388 388 387 387 386 385 385 384 384 383 383 382 381
423 423 422 422 422 421 421 421 420 420 420 419 419 419 418 418 418 417 417 417 416 416 415 415 415 414 414 413 413 413 412 412 412 411 411 410 410 409 409 409 408 408 407 407 407 406 406 405 405 404 404 403 403 403 402 402 401 401 400 400 399 399 398 398 397 397 396 396 395 395 394 394 393 393 392 392 391 391 390 390 389 389 388 387 387 386 386 385 385 384 384 383 382 382
423 423 423 422 422 422 421 421 421 420 420 420 419 419 419 418 418 418 417 417 416 416 416 415 415 415 414 414 413 413 413 412 412 411 411 411 410 410 409 409 409 408 408 407 407 406 406 406 405 405 404 404 403 403 402 402 402 401 401 400 400 399 399 398 398 397 397 396 396 395 395 394 394 393 393 392 392 391 391 390 390 389 388 388 387 387 386 386 385 384 384 383 383 382
424 423 423 423 422 422 422 421 421 421 420 420 420 419 419 419 418 418 418 417 417 416 416 416 415 415 415 414 414 413 413 413 412 412 411 411 411 410 410 409 409 409 408 408 407 407 406 406 406 405 405 404 404 403 403 402 402 401 401 400 400 400 399 399 398 398 397 397 396 396 395 395 394 394 393 393 392 391 391 390 390 389 389 388 388 387 387 386 385 385 384 384 383 383
424 424 423 423 423 422 422 422 421 421 421 420 420 420 419 419 419 418 418 418 417 417 416 416 416 415 415 415 414 414 413 413 413 412 412 411 411 411 410 410 409 409 408 408 408 407 407 406 406 405 405 405 404 404 403 403 402 402 401 401 400 400 399 399 398 398 397 397 396 396 395 395 394 394 393 393 392 392 391 391 390 390 389 389 388 388 387 386 386 385 385 384 384 383
424 424 424 423 423 423 422 422 422 421 421 421 420 420 420 419 419 419 418 418 417 417 417 416 416 416 415 415 414 414 414 413 413 412 412 412 411 411 410 410 410 409 409 408 408 408 407 407 406 406 405 405 404 404 404 403 403 402 402 401 401 400 400 399 399 398 398 397 397 396 396 395 395 394 394 393 393 392 392 391 391 390 390 389 388 388 387 387 386 386 385 385 384 383
425 424 424 424 423 423 423 422 422 422 421 421 421 420 420 420 419 419 419 418 418 417 417 417 416 416 416 415 415 414 414 414 413 413 412 412 412 411 411 410 410 410 409 409 408 408 407 407 407 406 406 405 405 404 404 403 403 403 402 402 401 401 400 400 399 399 398 398 397 397 396 396 395 395 394 394 393 393 392 392 391 390 390 389 389 388 388 387 387 386 385 385 384 384
425 425 424 424 424 423 423 423 422 422 422 421 421 421 420 420 420 419 419 418 418 418 417 417 417 416 416 416 415 415 414 414 414 413 413 412 412 412 411 411 410 410 409 409 409 408 408 407 407 406 406 406 405 405 404 404 403 403 402 402 401 401 401 400 400 399 399 398 398 397 397 396 396 395 395 394 394 393 392 392 391 391 390 390 389 389 388 388 387 386 386 385 385 384
425 425 425 424 424 424 423 423 423 422 422 422 421 421 421 420 420 420 419 419 418 418 418 417 417 417 416 416 415 415 415 414 414 413 413 413 412 412 411 411 411 410 410 409 409 409 408 408 407 407 406 406 405 405 405 404 404 403 403 402 402 401 401 400 400 399 399 398 398 397 397 396 396 395 395 394 394 393 393 392 392 391 391 390 390 389 389 388 387 387 386 386 385 385
426 425 425 425 424 424 424 423 423 423 422 422 422 421 421 421 420 420 419 419 419 418 418 418 417 417 417 416 416 415 415 415 414 414 413 413 413 412 412 411 411 411 410 410 409 409 408 408 408 407 407 406 406 405 405 404 404 404 403 403 402 402 401 401 400 400 399 399 398 398 397 397 396 396 395 395 394 394 393 393 392 392 391 391 390 389 389 388 388 387 387 386 385 385
426 426 425 425 425 424 424 424 423 423 423 422 422 422 421 421 421 420 420 419 419 419 418 418 418 417 417 416 416 416 415 415 415 414 414 413 413 413 412 412 411 411 410 410 410 409 409 408 408 407 407 407 406 406 405 405 404 404 403 403 402 402 402 401 401 400 400 399 399 398 398 397 397 396 396 395 395 394 394 393 393 392 391 391 390 390 389 389 388 388 387 386 386 385
426 426 426 425 425 425 424 424 424 423 423 423 422 422 422 421 421 420 420 420 419 419 419 418 418 418 417 417 416 416 416 415 415 414 414 414 413 413 412 412 412 411 411 410 410 410 409 409 408 408 407 407 406 406 406 405 405 404 404 403 403 402 402 401 401 400 400 399 399 399 398 398 397 396 396 395 395 394 394 393 393 392 392 391 391 390 390 389 388 388 387 387 386 386
427 426 426 426 425 425 425 424 424 424 423 423 423 422 422 422 421 421 420 420 420 419 419 419 418 418 417 417 417 416 416 416 415 415 414 414 414 413 413 412 412 412 411 411 410 410 409 409 409 408 408 407 407 406 406 405 405 405 404 404 403 403 402 402 401 401 400 400 399 399 398 398 397 397 396 396 395 395 394 394 393 393 392 392 391 391 390 389 389 388 388 387 387 386
427 427 426 426 426 425 425 425 424 424 424 423 423 423 422 422 421 421 421 420 420 420 419 419 419 418 418 417 417 417 416 416 415 415 415 414 414 414 413 413 412 412 411 411 411 410 410 409 409 408 408 408 407 407 406 406 405 405 404 404 404 403 403 402 402 401 401 400 400 399 399 398 398 397 397 396 396 395 395 394 394 393 393 392 391 391 390 390 389 389 388 388 387 386
427 427 427 426 426 426 425 425 425 424 424 424 423 423 422 422 422 421 421 421 420 420 420 419 419 418 418 418 417 417 417 416 416 415 415 415 414 414 413 413 413 412 412 411 411 411 410 410 409 409 408 408 407 407 407 406 406 405 405 404 404 403 403 402 402 401 401 401 400 400 399 399 398 398 397 397 396 395 395 394 394 393 393 392 392 391 391 390 390 389 388 388 387 387
427 427 427 426 426 426 425 425 425 424 424 424 423 423 423 422 422 422 421 421 421 420 420 420 419 419 418 418 418 417 417 417 416 416 415 415 415 414 414 413 413 413 412 412 411 411 410 410 410 409 409 408 408 407 407 406 406 406 405 405 404 404 403 403 402 402 401 401 400 400 399 399 398 398 397 397 396 396 395 395 394 394 393 393 392 392 391 390 390 389 389 388 388 387
428 427 427 427 426 426 426 425 425 425 424 424 424 423 423 423 422 422 422 421 421 421 420 420 419 419 419 418 418 418 417 417 416 416 416 415 415 414 414 414 413 413 412 412 412 411 411 410 410 409 409 409 408 408 407 407 406 406 405 405 405 404 404 403 403 402 402 401 401 400 400 399 399 398 398 397 397 396 396 395 395 394 394 393 392 392 391 391 390 390 389 389 388 387
428 428 427 427 427 426 426 426 425 425 425 424 424 424 423 423 423 422 422 422 421 421 421 420 420 419 419 419 418 418 418 417 417 416 416 416 415 415 414 414 414 413 413 412 412 411 411 411 410 410 409 409 408 408 408 407 407 406 406 405 405 404 404 403 403 402 402 402 401 401 400 400 399 399 398 398 397 397 396 395 395 394 394 393 393 392 392 391 391 390 390 389 388 388
428 428 428 427 427 427 426 426 426 425 425 425 424 424 424 423 423 423 422 422 422 421 421 420 420 420 419 419 419 418 418 417 417 417 416 416 415 415 415 414 414 413 413 413 412 412 411 411 410 410 410 409 409 408 408 407 407 407 406 406 405 405 404 404 403 403 402 402 401 401 400 400 399 399 398 398 397 397 396 396 395 395 394 394 393 393 392 392 391 390 390 389 389 388
429 428 428 428 427 427 427 426 426 426 425 425 425 424 424 424 423 423 423 422 422 421 421 421 420 420 420 419 419 418 418 418 417 417 417 416 416 415 415 415 414 414 413 413 413 412 412 411 411 410 410 410 409 409 408 408 407 407 406 406 405 405 405 404 404 403 403 402 402 401 401 400 400 399 399 398 398 397 397 396 396 395 395 394 394 393 392 392 391 391 390 390 389 389
429 429 428 428 428 427 427 427 426 426 426 425 425 425 424 424 424 423 423 422 422 422 421 421 421 420 420 420 419 419 418 418 418 417 417 416 416 416 415 415 414 414 414 413 413 412 412 412 411 411 410 410 409 409 409 408 408 407 407 406 406 405 405 404 404 403 403 402 402 402 401 401 400 400 399 399 398 398 397 396 396 395 395 394 394 393 393 392 392 391 391 390 389 389
429 429 429 428 428 428 427 427 427 426 426 426 425 425 425 424 424 423 423 423 422 422 422 421 421 421 420 420 419 419 419 418 418 418 417 417 416 416 416 415 415 414 414 414 413 413 412 412 411 411 411 410 410 409 409 408 408 407 407 407 406 406 405 405 404 404 403 403 402 402 401 401 400 400 399 399 398 398 397 397 396 396 395 395 394 394 393 393 392 391 391 390 390 389
429 429 429 428 428 428 428 427 427 427 426 426 426 425 425 424 424 424 423 423 423 422 422 422 421 421 421 420 420 419 419 419 418 418 417 417 417 416 416 415 415 415 414 414 413 413 413 412 412 411 411 410 410 410 409 409 408 408 407 407 406 406 405 405 405 404 404 403 403 402 402 401 401 400 400 399 399 398 398 397 397 396 396 395 395 394 393 393 392 392 391 391 390 390
430 429 429 429 428 428 428 427 427 427 426 426 426 425 425 425 424 424 424 423 423 423 422 422 422 421 421 420 420 420 419 419 419 418 418 417 417 417 416 416 415 415 415 414 414 413 413 412 412 412 411 411 410 410 409 409 409 408 408 407 407 406 406 405 405 404 404 403 403 402 402 402 401 401 400 400 399 399 398 397 397 396 396 395 395 394 394 393 393 392 392 391 390 390
430 430 429 429 429 428 428 428 427 427 427 426 426 426 425 425 425 424 424 424 423 423 423 422 422 421 421 421 420 420 420 419 419 418 418 418 417 417 416 416 416 415 415 414 414 414 413 413 412 412 411 411 411 410 410 409 409 408 408 407 407 407 406 406 405 405 404 404 403 403 402 402 401 401 400 400 399 399 398 398 397 397 396 396 395 395 394 394 393 392 392 391 391 390
430 430 430 429 429 429 428 428 428 427 427 427 426 426 426 425 425 425 424 424 424 423 423 422 422 422 421 421 421 420 420 419 419 419 418 418 418 417 417 416 416 416 415 415 414 414 413 413 413 412 412 411 411 410 410 410 409 409 408 408 407 407 406 406 405 405 405 404 404 403 403 402 402 401 401 400 400 399 399 398 398 397 397 396 396 395 394 394 393 393 392 392 391 391
431 430 430 430 429 429 429 428 428 428 427 427 427 426 426 426 425 425 425 424 424 423 423 423 422 422 422 421 421 421 420 420 419 419 419 418 418 417 417 417 416 416 415 415 415 414 414 413 413 412 412 412 411 411 410 410 409 409 409 408 408 407 407 406 406 405 405 404 404 403 403 402 402 401 401 400 400 399 399 398 398 397 397 396 396 395 395 394 394 393 393 392 391 391
431 430 430 430 430 429 429 429 428 428 428 427 427 427 426 426 426 425 425 424 424 424 423 423 423 422 422 422 421 421 420 420 420 419 419 419 418 418 417 417 417 416 416 415 415 414 414 414 413 413 412 412 411 411 411 410 410 409 409 408 408 407 407 407 406 406 405 405 404 404 403 403 402 402 401 401 400 400 399 399 398 398 397 397 396 396 395 395 394 393 393 392 392 391
431 431 430 430 430 429 429 429 429 428 428 428 427 427 426 426 426 425 425 425 424 424 424 423 423 423 422 422 421 421 421 420 420 420 419 419 418 418 418 417 417 416 416 416 415 415 414 414 413 413 413 412 412 411 411 410 410 410 409 409 408 408 407 407 406 406 405 405 404 404 404 403 403 402 402 401 401 400 400 399 399 398 398 397 396 396 395 395 394 394 393 393 392 392
431 431 431 430 430 430 429 429 429 428 428 428 427 427 427 426 426 426 425 425 425 424 424 424 423 423 422 422 422 421 421 421 420 420 419 419 419 418 418 417 417 417 416 416 415 415 415 414 414 413 413 413 412 412 411 411 410 410 409 409 409 408 408 407 407 406 406 405 405 404 404 403 403 402 402 401 401 400 400 399 399 398 398 397 397 396 396 395 395 394 394 393 392 392
432 431 431 431 430 430 430 429 429 429 428 428 428 427 427 427 426 426 426 425 425 425 424 424 423 423 423 422 422 422 421 421 420 420 420 419 419 419 418 418 417 417 417 416 416 415 415 414 414 414 413 413 412 412 411 411 411 410 410 409 409 408 408 407 407 407 406 406 405 405 404 404 403 403 402 402 401 401 400 400 399 399 398 398 397 397 396 395 395 394 394 393 393 392
432 432 431 431 431 430 430 430 429 429 429 428 428 428 427 427 427 426 426 426 425 425 424 424 424 423 423 423 422 422 422 421 421 420 420 420 419 419 418 418 418 417 417 416 416 416 415 415 414 414 414 413 413 412 412 411 411 410 410 410 409 409 408 408 407 407 406 406 405 405 404 404 403 403 402 402 401 401 400 400 399 399 398 398 397 397 396 396 395 395 394 394 393 393
432 432 431 431 431 431 430 430 430 429 429 429 428 428 428 427 427 427 426 426 425 425 425 424 424 424 423 423 423 422 422 421 421 421 420 420 419 419 419 418 418 418 417 417 416 416 415 415 415 414 414 413 413 412 412 412 411 411 410 410 409 409 408 408 408 407 407 406 406 405 405 404 404 403 403 402 402 401 401 400 400 399 399 398 398 397 397 396 396 395 394 394 393 393
432 432 432 431 431 431 430 430 430 429 429 429 428 428 428 427 427 427 426 426 426 425 425 425 424 424 424 423 423 422 422 422 421 421 421 420 420 419 419 419 418 418 417 417 417 416 416 415 415 414 414 414 413 413 412 412 411 411 411 410 410 409 409 408 408 407 407 406 406 405 405 405 404 404 403 403 402 402 401 401 400 400 399 399 398 397 397 396 396 395 395 394 394 393
433 432 432 432 431 431 431 430 430 430 429 429 429 428 428 428 427 427 427 426 426 426 425 425 425 424 424 423 423 423 422 422 422 421 421 420 420 420 419 419 418 418 418 417 417 416 416 416 415 415 414 414 413 413 413 412 412 411 411 410 410 410 409 409 408 408 407 407 406 406 405 405 404 404 403 403 402 402 401 401 400 400 399 399 398 398 397 397 396 396 395 395 394 393
433 433 432 432 432 431 431 431 430 430 430 429 429 429 428 428 428 427 427 427 426 426 426 425 425 424 424 424 423 423 423 422 422 421 421 421 420 420 420 419 419 418 418 418 417 417 416 416 415 415 415 414 414 413 413 412 412 412 411 411 410 410 409 409 408 408 407 407 407 406 406 405 405 404 404 403 403 402 402 401 401 400 400 399 399 398 398 397 396 396 395 395 394 394
433 433 433 432 432 432 431 431 431 430 430 430 429 429 429 428 428 428 427 427 426 426 426 425 425 425 424 424 424 423 423 422 422 422 421 421 421 420 420 419 419 419 418 418 417 417 417 416 416 415 415 414 414 414 413 413 412 412 411 411 411 410 410 409 409 408 408 407 407 406 406 405 405 404 404 403 403 402 402 401 401 400 400 399 399 398 398 397 397 396 396 395 395 394
433 433 433 432 432 432 431 431 431 430 430 430 429 429 429 428 428 428 427 427 427 426 426 426 425 425 425 424 424 423 423 423 422 422 422 421 421 420 420 420 419 419 418 418 418 417 417 416 416 416 415 415 414 414 413 413 413 412 412 411 411 410 410 409 409 409 408 408 407 407 406 406 405 405 404 404 403 403 402 402 401 401 400 400 399 399 398 398 397 397 396 395 395 394
434 433 433 433 432 432 432 431 431 431 430 430 430 429 429 429 428 428 428 427 427 427 426 426 426 425 425 424 424 424 423 423 423 422 422 421 421 421 420 420 420 419 419 418 418 417 417 417 416 416 415 415 415 414 414 413 413 412 412 412 411 411 410 410 409 409 408 408 407 407 406 406 405 405 404 404 404 403 403 402 402 401 400 400 399 399 398 398 397 397 396 396 395 395
434 434 433 433 433 432 432 432 431 431 431 430 430 430 429 429 429 428 428 428 427 427 427 426 426 425 425 425 424 424 424 423 423 422 422 422 421 421 421 420 420 419 419 419 418 418 417 417 417 416 416 415 415 414 414 414 413 413 412 412 411 411 410 410 410 409 409 408 408 407 407 406 406 405 405 404 404 403 403 402 402 401 401 400 400 399 399 398 398 397 397 396 395 395
434 434 433 433 433 433 432 432 432 431 431 431 430 430 430 429 429 429 428 428 427 427 427 426 426 426 425 425 425 424 424 423 423 423 422 422 422 421 421 420 420 420 419 419 418 418 418 417 417 416 416 416 415 415 414 414 413 413 412 412 412 411 411 410 410 409 409 408 408 407 407 407 406 406 405 405 404 404 403 403 402 402 401 401 400 400 399 398 398 397 397 396 396 395
