testData/tiles/oneDegree/grid34.0-36.0-35.0-37.0.asc
ncols   200
nrows   200
xllcorner   34.0
yllcorner   36.0
cellsize   0.005
NODATA_value   -9999.0
[rows 84 to 125 of 200, columns 0 to 93 of 200]
446 446 446 446 445 446 445 446 445 446 445 445 445 445 445 445 445 445 445 444 445 444 444 444 444 443 444 443 444 443 443 443 443 442 443 291 291 291 291 291 290 291 290 290 290 290 289 290 289 289 288 289 288 288 288 288 287 287 288 288 288 288 289 291 291 291 292 292 292 292 293 293 293 293 294 294 294 294 295 295 295 295 295 296 296 296 296 296 297 297 297 297 297 299
446 445 446 445 445 446 445 446 445 446 445 445 445 445 444 445 444 445 444 444 444 444 443 444 444 443 444 443 444 443 443 443 443 442 443 291 291 290 291 290 290 290 290 289 290 289 289 289 289 289 288 289 288 288 288 288 287 287 288 288 288 288 289 291 291 291 292 292 292 292 293 293 293 293 294 294 294 294 295 295 295 295 295 296 296 296 296 296 297 297 297 297 297 299
446 445 446 445 445 445 445 445 445 445 445 444 445 445 444 445 444 445 444 444 444 444 443 444 443 444 443 443 443 443 442 443 442 442 292 291 291 291 291 290 290 290 290 289 290 289 289 289 289 288 288 288 288 287 288 287 287 287 288 288 288 288 289 291 291 291 292 292 292 292 293 293 293 293 294 294 294 294 295 295 295 295 295 296 296 296 296 296 297 297 297 297 299 299
445 445 445 445 445 445 445 445 445 445 445 444 445 444 444 444 444 444 444 443 444 444 443 444 443 444 443 443 443 443 442 443 442 442 291 291 290 291 290 290 289 290 289 289 289 289 289 289 289 288 288 288 288 287 288 287 287 287 288 288 288 288 289 291 291 291 292 292 292 292 293 293 293 293 294 294 294 294 295 295 295 295 295 296 296 296 296 296 297 297 297 297 299 299
445 445 445 445 445 445 444 445 444 445 444 444 445 444 444 444 444 444 444 443 444 443 443 443 443 443 443 442 443 442 442 443 442 442 291 291 290 291 290 290 289 290 289 289 289 289 288 289 288 288 287 288 287 287 287 287 287 287 288 288 288 288 289 291 291 291 292 292 292 292 293 293 293 293 294 294 294 294 295 295 295 295 295 296 296 296 296 297 297 297 297 297 299 299
445 444 445 445 445 445 444 445 444 445 444 444 444 444 444 444 443 444 443 443 444 443 443 443 443 443 443 442 443 442 442 442 442 290 291 290 290 290 290 289 289 289 289 289 289 289 288 289 288 288 287 288 287 287 287 287 287 287 288 288 288 288 289 291 291 291 292 292 292 292 293 293 293 293 294 294 294 294 295 295 295 295 295 296 296 296 296 297 297 297 297 297 299 299
445 444 445 444 445 444 444 444 444 444 444 444 444 444 444 444 443 444 443 443 443 443 442 443 442 443 442 442 442 442 442 442 442 290 291 290 290 290 290 289 289 289 289 288 289 288 288 288 288 287 287 287 287 286 287 287 287 287 288 288 288 288 289 291 291 291 292 292 292 292 293 293 293 293 294 294 294 294 295 295 295 295 295 296 296 296 296 297 297 297 297 297 299 299
444 444 444 444 445 444 444 444 444 444 444 443 444 443 444 443 443 443 443 443 443 443 442 443 442 443 442 442 442 442 441 442 441 290 290 290 289 290 289 289 289 289 289 288 289 288 288 288 288 287 287 287 287 286 287 287 287 287 288 288 288 288 289 291 291 291 292 292 292 292 293 293 293 293 294 294 294 294 295 295 295 295 295 296 296 296 296 297 297 297 297 297 299 299
444 444 444 444 444 444 443 444 443 444 444 443 444 443 444 443 443 443 443 442 443 442 442 442 442 442 442 441 442 442 441 442 290 290 290 290 289 290 289 289 288 289 288 288 288 288 287 288 287 287 287 287 287 286 287 287 287 287 288 288 288 288 289 291 291 291 292 292 292 292 293 293 293 293 294 294 294 294 295 295 295 295 295 296 296 296 296 297 297 297 297 297 299 299
444 443 444 444 444 444 443 444 443 444 443 443 443 443 443 443 442 443 443 442 443 442 442 442 442 442 442 441 442 441 441 441 290 289 290 289 289 290 289 289 288 289 288 288 288 288 287 288 287 287 286 287 286 286 287 287 287 287 288 288 288 288 289 291 291 291 292 292 292 292 293 293 293 293 294 294 294 294 295 295 295 295 295 296 296 296 296 297 297 297 297 297 299 299
444 443 444 443 444 443 443 443 443 443 443 443 443 443 443 443 442 443 442 442 442 442 441 442 441 442 441 441 442 441 441 290 290 289 290 289 289 289 289 288 288 288 288 287 288 287 287 287 287 287 286 287 286 286 287 287 287 287 288 288 288 288 289 291 291 291 292 292 292 292 293 293 293 293 294 294 294 294 295 295 295 295 295 296 296 296 296 297 297 297 297 297 299 299
443 443 443 443 444 443 443 443 443 443 443 442 443 442 443 442 442 442 442 442 442 442 441 442 441 442 441 441 441 441 440 290 289 289 289 289 289 289 289 288 288 288 288 287 288 287 287 287 287 286 286 286 286 286 287 287 287 287 288 288 288 288 289 291 291 291 292 292 292 292 293 293 293 293 294 294 294 294 295 295 295 295 295 296 296 296 296 297 297 297 297 297 299 299
443 443 443 443 443 443 442 443 442 443 443 442 443 442 443 442 442 442 442 441 442 441 441 441 441 441 441 441 441 441 440 290 289 289 289 289 288 289 288 288 287 288 287 287 287 287 287 287 287 286 286 286 286 286 287 287 287 287 288 288 288 288 291 291 291 291 292 292 292 292 293 293 293 293 294 294 294 294 295 295 295 295 295 296 296 296 296 297 297 297 297 297 299 299
443 442 443 442 443 443 442 443 442 443 442 442 442 442 442 442 441 442 442 441 442 441 441 441 441 441 441 440 441 440 289 289 289 288 289 289 288 289 288 288 287 288 287 287 287 287 286 287 286 286 285 286 286 286 287 287 287 287 288 288 288 288 289 291 291 291 292 292 292 292 293 293 293 293 294 294 294 294 295 295 295 295 295 296 296 296 296 297 297 297 297 297 299 299
443 442 443 442 443 442 442 442 442 442 442 442 442 442 442 442 441 442 441 441 441 441 440 441 440 441 441 440 441 440 289 289 289 288 289 288 288 288 288 287 287 287 287 286 287 287 286 287 286 286 285 286 286 286 287 287 287 287 288 288 288 288 289 291 291 291 292 292 292 292 293 293 293 293 294 294 294 294 295 295 295 295 295 296 296 296 296 297 297 297 297 297 299 299
442 442 442 442 443 442 442 442 442 442 442 441 442 441 442 441 441 441 441 441 441 441 440 441 440 441 440 440 440 289 288 289 288 288 289 288 288 288 288 287 287 287 287 286 287 286 286 286 286 285 285 286 286 286 287 287 287 287 288 288 288 288 289 291 291 291 292 292 292 292 293 293 293 293 294 294 294 294 295 295 295 295 295 296 296 296 296 297 297 297 297 297 299 299
442 442 442 442 442 442 441 442 441 442 441 441 442 441 442 441 441 441 441 440 441 440 440 440 440 441 440 440 440 289 288 289 288 288 288 288 287 288 287 287 286 287 286 286 287 286 286 286 286 285 285 286 286 286 287 287 287 287 288 288 288 288 289 291 291 291 292 292 292 292 293 293 293 293 294 294 294 294 295 295 295 295 295 296 296 296 296 297 297 297 297 297 299 299
442 441 442 441 442 442 441 442 441 442 441 441 441 441 441 441 440 441 441 440 441 440 440 440 440 440 440 439 440 288 288 288 288 288 288 288 287 288 287 287 286 287 286 286 286 286 285 286 285 285 285 286 286 286 287 287 287 287 288 288 288 288 289 291 291 291 292 292 292 292 293 293 293 293 294 294 294 294 295 295 295 295 295 296 296 296 296 297 297 297 297 297 299 299
442 441 442 441 442 441 441 441 441 441 441 441 441 441 440 441 440 441 440 440 440 440 439 440 439 440 440 439 289 288 288 288 288 287 288 287 287 287 287 286 286 286 286 286 286 286 285 286 285 285 285 286 286 286 287 287 287 287 288 288 288 288 289 291 291 291 292 292 292 292 293 293 293 293 294 294 294 294 295 295 295 295 295 296 296 296 296 297 297 297 297 297 299 299
441 441 441 441 440 441 441 441 441 441 441 440 441 440 440 440 440 440 440 440 440 440 439 440 439 440 439 439 288 288 287 288 287 287 288 287 287 287 287 286 286 286 286 285 286 285 285 285 285 285 285 286 286 286 287 287 287 287 288 288 288 288 289 291 291 291 292 292 292 292 293 293 293 293 294 294 294 294 295 295 295 295 295 296 296 296 296 296 297 297 297 297 299 299
441 441 441 441 440 441 440 441 440 441 440 440 441 440 440 440 440 440 440 439 440 439 439 439 439 440 439 288 288 288 287 288 287 287 287 287 286 287 286 286 285 286 286 285 286 285 285 285 285 285 285 286 286 286 287 287 287 287 288 288 288 288 289 291 291 291 292 292 292 292 293 293 293 293 294 294 294 294 295 295 295 295 295 296 296 296 296 296 297 297 297 297 299 299
441 440 441 440 440 440 440 441 440 441 440 440 440 440 439 440 439 440 439 439 440 439 439 439 439 438 439 287 288 287 287 287 287 287 287 287 286 286 286 286 285 286 285 285 285 285 284 285 285 285 285 286 286 286 287 287 287 287 288 288 288 288 289 291 291 291 292 292 292 292 293 293 293 293 294 294 294 294 295 295 295 295 295 296 296 296 296 296 297 297 297 297 298 299
440 440 441 440 440 440 440 440 440 440 440 439 440 440 439 440 439 440 439 439 439 439 438 439 438 438 439 287 288 287 287 287 287 286 287 286 286 285 286 285 285 286 285 285 285 285 284 285 285 285 285 286 286 286 287 287 287 287 288 288 288 288 289 291 291 291 292 292 292 292 293 293 293 293 294 294 294 294 295 295 295 295 295 296 296 296 296 296 297 297 297 297 298 299
440 440 440 440 439 440 439 440 440 439 440 439 440 439 439 439 439 439 439 439 439 439 438 439 438 438 287 287 287 287 286 287 286 286 287 286 286 285 286 285 285 285 285 284 285 284 284 285 285 285 285 286 286 286 287 287 287 287 288 288 288 288 289 291 291 291 292 292 292 292 293 293 293 293 294 294 294 294 295 295 295 295 295 296 296 296 296 296 297 297 297 297 297 299
440 439 440 440 439 440 439 440 439 439 439 439 439 439 439 439 439 439 439 438 439 438 438 438 438 437 287 287 286 287 286 287 286 286 285 286 285 285 285 285 285 285 285 284 285 284 284 285 285 285 285 286 286 286 286 287 287 287 288 288 288 288 289 291 291 291 292 292 292 292 293 293 293 293 294 294 294 294 295 295 295 295 295 296 296 296 296 296 297 297 297 297 297 299
440 439 440 439 439 439 439 439 439 439 439 439 439 439 438 439 438 439 438 438 439 438 438 438 438 286 287 286 286 286 286 285 286 286 285 286 285 285 285 285 284 285 284 284 284 284 284 284 285 285 285 286 286 286 286 287 287 287 288 288 288 288 289 291 291 291 292 292 292 292 293 293 293 293 294 294 294 294 294 295 295 295 295 296 296 296 296 296 297 297 297 297 297 299
439 439 439 439 439 439 439 439 439 438 439 438 439 438 438 439 438 439 438 438 438 438 437 438 437 286 287 286 286 286 286 285 286 285 285 285 285 284 285 284 284 285 284 284 284 284 284 284 285 285 285 286 286 286 286 287 287 287 288 288 288 288 289 291 291 291 292 292 292 292 293 293 293 293 294 294 294 294 294 295 295 295 295 296 296 296 296 296 297 297 297 297 297 299
439 439 439 439 438 439 438 439 438 438 439 438 439 438 438 438 438 438 438 437 438 438 437 438 286 286 286 286 285 286 285 285 285 285 285 285 285 284 285 284 284 284 284 283 284 284 284 284 285 285 285 286 286 286 286 287 287 287 288 288 288 288 289 291 291 291 292 292 292 292 293 293 293 293 294 294 294 294 294 295 295 295 295 296 296 296 296 296 297 297 297 297 297 299
439 438 439 438 438 439 438 439 438 438 438 438 438 438 437 438 438 437 438 437 438 437 437 437 286 285 286 286 285 286 285 285 285 285 284 285 284 284 284 284 284 284 284 283 284 284 284 284 285 285 285 286 286 286 286 287 287 287 288 288 288 288 289 291 291 291 292 292 292 292 293 293 293 293 294 294 294 294 294 295 295 295 295 296 296 296 296 296 297 297 297 297 297 299
439 438 439 438 438 438 438 438 438 437 438 438 438 438 437 438 437 437 437 437 437 437 437 437 286 285 286 285 285 285 285 284 285 284 284 285 284 284 284 284 283 284 283 283 284 284 284 284 285 285 285 286 286 286 286 287 287 287 288 288 288 288 289 291 291 291 292 292 292 292 293 293 293 293 294 294 294 294 294 295 295 295 295 296 296 296 296 296 297 297 297 297 297 299
438 438 437 438 437 438 438 438 438 437 438 437 438 437 437 437 437 437 437 437 437 437 436 286 285 285 285 285 285 285 285 284 285 284 284 284 284 283 284 283 283 284 283 283 284 284 284 284 285 285 285 286 286 286 286 287 287 287 287 288 288 288 289 291 291 291 292 292 292 292 293 293 293 293 293 294 294 294 294 295 295 295 295 296 296 296 296 296 297 297 297 297 297 299
438 438 437 438 437 438 437 438 437 437 437 437 438 437 437 437 437 436 437 436 437 436 436 286 285 285 285 285 284 285 284 284 284 284 284 284 284 283 284 283 283 283 283 283 283 284 284 284 285 285 285 286 286 286 286 287 287 287 287 288 288 288 289 291 291 291 292 292 292 292 293 293 293 293 293 294 294 294 294 295 295 295 295 295 296 296 296 296 297 297 297 297 297 299
438 437 437 437 437 437 437 438 437 437 437 437 437 437 436 437 436 436 437 436 437 436 285 285 285 284 285 284 284 285 284 284 284 284 283 284 283 283 283 283 282 283 283 283 283 284 284 284 285 285 285 286 286 286 286 287 287 287 287 288 288 288 288 291 291 291 292 292 292 292 293 293 293 293 293 294 294 294 294 295 295 295 295 295 296 296 296 296 297 297 297 297 297 299
437 437 436 437 437 437 437 436 437 436 437 436 436 437 436 437 436 436 436 436 435 436 284 285 285 284 285 284 284 284 284 283 284 283 283 284 283 283 283 283 282 283 283 283 283 284 284 284 285 285 285 285 286 286 286 287 287 287 287 288 288 288 288 291 291 291 291 292 292 292 292 293 293 293 293 294 294 294 294 295 295 295 295 295 296 296 296 296 297 297 297 297 297 299
437 437 436 437 436 437 436 436 437 436 437 436 436 436 436 436 436 435 436 436 435 285 284 285 284 284 284 284 283 284 284 283 284 283 283 283 283 282 283 282 282 283 283 283 283 284 284 284 285 285 285 285 286 286 286 287 287 287 287 288 288 288 288 291 291 291 291 292 292 292 292 293 293 293 293 294 294 294 294 295 295 295 295 295 296 296 296 296 296 297 297 297 297 298
436 436 436 436 436 437 436 436 436 436 436 436 435 436 436 436 436 435 436 435 435 284 284 284 284 284 284 284 283 284 283 283 283 283 282 283 283 282 283 282 282 282 283 283 283 284 284 284 285 285 285 285 286 286 286 287 287 287 287 288 288 288 288 289 291 291 291 292 292 292 292 293 293 293 293 294 294 294 294 295 295 295 295 295 296 296 296 296 296 297 297 297 297 298
436 436 436 436 436 436 436 435 436 436 436 436 435 436 435 436 435 435 435 435 284 284 284 283 284 283 284 283 283 283 283 283 283 283 282 283 282 282 282 282 282 282 283 283 283 284 284 284 285 285 285 285 286 286 286 287 287 287 287 288 288 288 288 289 291 291 291 292 292 292 292 293 293 293 293 294 294 294 294 295 295 295 295 295 296 296 296 296 296 297 297 297 297 297
435 436 435 436 435 436 436 435 436 435 436 435 435 435 435 436 435 435 435 435 283 284 283 283 283 283 284 283 283 283 283 282 283 282 282 282 282 282 282 282 282 282 283 283 283 284 284 284 285 285 285 285 286 286 286 287 287 287 287 288 288 288 288 289 291 291 291 292 292 292 292 293 293 293 293 294 294 294 294 294 295 295 295 295 296 296 296 296 296 297 297 297 297 297
435 435 435 436 435 436 435 435 435 435 436 435 435 435 435 434 435 434 435 434 283 284 283 283 283 283 282 283 282 283 282 282 283 282 282 282 282 281 281 282 282 282 283 283 283 284 284 284 285 285 285 285 286 286 286 286 287 287 287 288 288 288 288 289 291 291 291 292 292 292 292 293 293 293 293 294 294 294 294 294 295 295 295 295 296 296 296 296 296 297 297 297 297 297
435 435 435 435 435 434 435 435 435 435 435 435 434 435 434 434 435 434 435 283 283 283 283 282 283 282 282 283 282 282 282 282 282 282 281 281 281 281 281 282 282 282 283 283 283 284 284 284 284 285 285 285 286 286 286 286 287 287 287 288 288 288 288 289 291 291 291 292 292 292 292 293 293 293 293 294 294 294 294 294 295 295 295 295 296 296 296 296 296 297 297 297 297 297
434 435 434 435 435 434 435 434 435 434 434 434 434 435 434 434 434 434 434 283 282 283 283 282 283 282 282 282 282 281 282 281 281 282 281 281 281 281 281 282 282 282 283 283 283 284 284 284 284 285 285 285 286 286 286 286 287 287 287 288 288 288 288 289 291 291 291 292 292 292 292 293 293 293 293 293 294 294 294 294 295 295 295 295 295 296 296 296 296 297 297 297 297 297
434 435 434 435 434 434 434 434 435 434 434 434 434 434 434 433 434 434 283 283 282 283 282 282 282 282 281 282 282 281 282 281 281 281 281 280 281 281 281 282 282 282 283 283 283 284 284 284 284 285 285 285 286 286 286 286 287 287 287 287 288 288 288 289 291 291 291 292 292 292 292 293 293 293 293 293 294 294 294 294 295 295 295 295 295 296 296 296 296 297 297 297 297 297
