testData/tiles/oneDegree/grid13.0-18.0-14.0-19.0.asc
ncols   200
nrows   200
xllcorner   13.0
yllcorner   18.0
cellsize   0.005
NODATA_value   -9999.0
[rows 126 to 167 of 200, columns 94 to 187 of 200]
884 886 890 894 896 899 903 907 909 912 915 916 919 921 923 926 928 930 933 936 936 939 941 942 944 946 948 950 951 952 954 956 957 958 959 960 962 963 964 966 966 967 968 970 970 972 972 972 974 974 974 974 976 976 977 978 977 824 825 825 825 825 825 825 825 826 826 825 825 826 824 825 825 825 823 824 823 823 823 822 821 820 821 820 819 818 817 816 816 813 812 811 811 810
884 887 890 894 896 901 904 905 908 911 913 916 919 921 923 927 929 930 933 934 937 939 940 942 945 945 947 949 950 952 954 955 956 958 959 960 962 963 963 965 966 967 969 969 969 971 971 973 974 973 974 976 975 976 977 976 977 824 824 824 825 825 825 826 824 825 825 826 826 824 824 825 825 824 825 824 823 822 822 822 821 820 820 819 819 817 816 816 815 814 812 811 811 809
884 886 890 893 897 900 902 906 909 911 914 916 918 921 924 926 928 931 933 935 937 939 940 942 944 945 947 949 950 951 953 954 956 958 959 961 961 962 964 965 966 967 968 968 970 971 972 972 972 974 975 975 976 976 975 977 978 824 824 825 824 825 825 825 825 826 825 825 825 825 826 823 824 824 824 824 823 822 822 822 821 821 819 819 817 817 816 815 814 813 813 812 810 809
883 887 890 894 897 901 903 906 909 910 913 917 919 921 924 926 928 931 931 934 936 938 940 942 943 945 947 949 951 953 954 956 957 957 959 961 962 963 965 966 965 967 967 969 970 970 971 972 973 974 975 974 975 976 977 978 976 823 824 824 825 825 824 825 826 824 825 824 825 826 824 825 824 824 823 823 823 823 821 821 821 820 820 818 818 818 817 815 814 813 813 810 810 809
884 888 891 894 897 899 902 905 907 911 914 916 919 922 923 925 928 929 932 934 936 938 941 941 944 946 947 949 951 952 954 955 956 958 959 960 962 963 963 965 966 967 968 969 969 970 971 972 973 973 973 975 976 976 976 976 977 824 823 823 824 824 825 826 824 825 824 825 824 824 824 825 824 823 823 823 823 822 822 821 820 820 819 819 818 816 816 815 814 813 812 811 809 808
884 887 890 894 896 899 903 906 909 912 914 916 918 920 923 925 927 930 932 935 936 938 940 942 944 945 947 949 949 951 953 954 956 958 959 959 961 962 964 965 966 966 968 968 970 971 971 972 972 972 974 975 974 975 976 976 977 976 823 824 823 824 824 824 825 825 825 825 823 824 825 823 824 824 823 823 822 822 822 821 820 819 819 819 816 816 816 815 814 812 812 811 810 808
883 887 891 893 896 900 903 905 908 911 913 916 919 921 923 926 928 930 932 934 936 939 940 942 944 944 947 949 950 952 954 955 955 957 958 960 960 962 964 963 965 967 967 969 970 969 971 972 972 974 974 973 974 975 976 976 976 977 824 824 824 823 823 824 825 824 824 824 825 824 823 824 824 824 823 821 822 822 820 821 820 819 819 818 818 817 816 815 814 813 811 810 810 809
883 886 890 892 897 900 902 905 909 911 913 916 918 920 924 925 928 930 932 934 937 938 939 941 943 945 947 948 950 951 952 954 956 957 958 960 960 961 963 964 965 966 966 968 968 970 971 971 972 973 973 974 976 974 975 976 976 977 823 823 824 824 825 823 823 824 824 824 824 824 823 824 823 823 822 823 822 820 821 821 820 819 818 818 818 816 815 814 814 813 811 810 809 808
883 887 889 894 897 899 903 906 907 910 913 915 918 921 923 926 928 930 931 934 935 937 940 941 943 945 945 947 949 950 952 954 955 957 958 958 960 962 962 964 965 965 967 967 969 970 969 971 972 972 974 974 974 975 976 975 976 975 822 823 823 824 824 824 824 824 823 824 823 824 825 822 823 822 823 822 821 821 821 820 820 819 818 818 816 816 815 814 813 812 812 810 809 807
884 887 891 893 896 899 902 904 907 910 913 916 919 921 922 925 926 929 931 933 935 938 939 940 942 944 947 949 950 952 954 953 955 957 958 960 961 962 963 964 965 966 967 967 968 968 970 971 971 972 973 973 974 975 975 976 977 976 823 823 822 823 823 824 825 824 823 823 824 823 823 823 823 822 822 821 822 822 819 820 819 819 818 816 817 816 816 815 813 812 811 810 808 808
884 887 890 894 896 899 902 905 909 912 913 915 918 920 923 925 927 929 932 933 935 938 939 941 943 945 947 948 949 951 952 954 956 956 958 959 960 961 963 964 965 966 966 968 969 970 970 969 971 972 972 973 974 974 975 976 976 977 976 822 823 823 823 823 823 824 824 823 823 823 823 824 822 822 821 822 822 820 821 819 819 818 818 818 816 815 815 814 813 811 811 809 808 807
883 887 891 893 896 899 901 905 908 910 913 916 917 920 923 925 926 929 931 933 936 937 939 942 943 944 946 947 949 950 952 954 954 956 958 958 960 962 962 963 964 965 967 968 968 969 970 971 972 971 972 973 973 974 975 975 975 975 976 823 822 822 823 823 823 823 823 824 822 823 823 822 823 822 821 821 820 821 820 820 819 818 818 817 816 815 814 814 812 811 810 810 808 806
883 886 889 892 896 899 902 905 907 910 913 915 917 920 921 924 927 929 931 934 935 937 939 940 942 944 945 947 949 950 951 953 954 956 957 959 960 960 962 963 964 965 967 966 968 969 970 971 971 971 973 972 973 974 973 974 975 975 976 821 822 823 822 823 822 822 823 823 824 822 822 822 822 822 822 820 821 820 819 820 819 818 816 816 816 814 813 812 812 811 810 809 808 807
883 886 889 893 896 899 903 905 907 910 912 914 917 919 923 925 927 929 931 932 934 937 938 940 942 944 946 947 948 950 952 953 954 956 956 958 959 960 962 962 963 965 965 967 968 968 970 970 970 972 972 973 973 972 974 975 975 975 975 822 823 822 823 822 822 823 822 822 823 822 822 822 821 822 821 821 819 819 820 819 819 816 816 817 816 815 813 813 812 811 809 808 808 806
884 886 889 893 895 899 902 904 907 910 912 915 918 920 922 923 926 929 930 932 935 936 938 940 941 943 945 946 948 950 951 952 954 955 956 958 959 961 960 962 963 964 965 967 966 968 969 969 971 971 971 972 973 974 975 974 974 974 975 822 822 822 823 822 822 822 822 822 822 823 821 821 821 821 821 820 820 820 819 818 817 818 817 816 815 814 814 812 811 811 810 809 806 806
882 886 890 893 896 899 901 904 907 909 912 915 917 920 922 924 926 929 930 933 933 935 938 939 941 943 945 947 948 949 951 953 954 956 958 957 959 960 961 963 964 964 965 965 967 968 968 970 969 970 971 972 973 974 973 974 974 974 975 820 821 822 822 823 821 821 822 822 822 821 822 822 821 820 820 820 820 820 818 817 818 818 816 815 814 814 812 812 811 810 810 808 807 805
882 887 889 893 896 897 901 904 906 910 913 914 917 920 922 924 926 927 930 932 933 936 938 940 942 943 945 947 948 950 952 952 954 955 956 958 959 960 962 961 963 964 965 966 968 967 968 969 969 971 971 971 972 972 973 974 975 975 974 974 821 821 821 821 822 823 821 821 821 821 822 821 821 819 820 820 819 819 818 818 818 816 816 815 815 813 813 813 811 810 808 808 806 805
883 885 889 892 895 898 901 904 907 910 912 915 916 918 921 923 925 928 930 931 935 937 937 939 941 943 945 946 948 950 950 952 954 954 956 958 959 959 960 962 963 964 965 966 966 968 969 968 970 969 970 971 971 973 974 973 974 974 975 976 820 821 820 821 822 821 822 821 821 822 820 821 820 821 820 819 819 818 819 817 816 816 816 815 813 813 813 812 811 809 809 807 806 804
882 886 889 892 895 898 901 903 906 908 911 914 916 919 921 923 925 929 929 932 934 935 938 940 941 943 944 945 947 948 950 952 953 955 955 956 958 960 960 962 962 963 964 965 966 968 968 968 969 970 970 971 972 972 972 973 973 974 974 974 821 820 821 821 820 821 821 821 821 820 820 820 820 820 819 819 818 819 818 817 816 816 815 814 814 813 811 811 810 809 807 807 806 805
883 885 889 891 894 898 901 904 906 909 912 913 916 919 919 923 926 927 930 932 933 936 938 938 940 942 943 946 947 948 950 950 952 954 955 957 958 959 960 960 962 963 964 965 967 966 967 968 969 970 971 971 971 971 972 972 972 973 973 974 820 820 820 820 821 820 821 821 820 820 820 819 820 819 820 819 818 818 817 818 816 815 814 814 814 812 812 811 810 808 807 806 806 805
882 886 888 891 896 898 901 904 906 908 910 913 915 917 921 923 925 927 930 931 933 935 936 938 941 942 944 946 946 948 949 951 952 953 955 957 956 958 959 960 962 963 963 964 965 966 968 968 968 969 970 971 971 971 970 972 973 973 974 975 819 820 820 820 821 820 820 820 821 820 819 819 819 820 818 818 818 817 817 816 816 815 814 814 813 813 811 811 809 809 808 806 805 804
882 885 888 893 894 897 900 902 905 908 910 913 917 918 921 923 924 927 928 931 933 934 936 939 940 941 943 944 946 947 949 951 952 953 954 955 957 958 959 961 960 962 963 964 965 967 966 967 968 969 970 970 970 971 972 972 972 973 973 973 820 820 820 820 819 820 820 820 819 820 820 819 819 818 818 819 818 816 816 816 815 816 814 813 813 812 811 809 809 808 807 806 804 804
881 884 889 891 894 898 900 903 906 908 911 913 915 918 920 922 925 926 928 931 932 934 936 937 939 941 942 945 947 948 949 950 952 954 955 956 958 958 959 960 960 962 963 964 964 965 966 967 968 969 968 970 970 971 972 972 971 972 972 973 973 819 820 820 820 819 819 820 819 820 819 819 818 818 818 818 817 817 816 815 815 815 814 813 812 811 810 810 808 807 807 806 805 802
881 886 888 891 895 897 899 902 904 908 911 913 915 918 920 922 925 926 928 929 931 934 935 938 940 942 944 945 946 948 949 950 952 953 954 956 956 958 959 960 962 961 963 964 964 965 965 967 967 967 969 970 970 970 970 971 972 972 972 971 972 819 819 820 819 819 819 819 819 818 819 818 819 818 817 817 817 817 816 815 815 814 814 812 812 811 811 809 808 808 806 806 803 803
881 884 887 891 893 896 899 901 905 908 910 913 916 917 919 922 923 926 927 929 932 934 936 938 939 941 943 944 946 947 949 950 951 952 954 955 957 958 959 959 960 962 963 964 965 964 965 966 966 968 969 968 969 969 970 972 972 972 972 972 972 818 818 818 819 820 819 818 818 818 818 819 818 818 817 816 817 815 816 815 814 814 813 813 811 811 809 809 809 807 806 805 804 802
882 884 888 890 893 897 899 903 906 907 909 912 914 917 919 921 923 926 928 931 931 933 936 937 939 941 942 944 945 946 948 949 951 953 953 955 956 956 958 959 960 962 962 963 963 965 966 966 968 967 967 968 968 970 971 970 971 971 972 973 971 818 817 818 819 819 819 818 818 818 818 818 817 818 816 816 815 815 816 815 813 813 813 812 811 809 809 809 808 806 805 805 804 801
881 885 888 889 893 895 899 902 904 907 910 912 914 917 919 921 923 925 928 929 931 934 935 937 939 939 941 943 944 946 947 949 951 951 953 954 955 957 957 959 960 960 962 963 963 965 965 966 967 967 967 968 969 969 969 970 970 971 971 971 972 817 818 819 817 818 818 819 818 817 817 817 818 817 817 815 815 816 814 814 814 813 812 811 810 809 808 807 807 806 805 804 803 802
881 884 886 890 893 896 899 901 904 907 909 911 914 915 918 921 923 925 928 929 932 932 934 936 937 940 942 943 945 946 947 948 949 951 953 954 955 955 957 958 959 960 962 962 963 963 964 966 966 967 967 968 968 968 969 969 969 970 970 971 971 818 817 817 818 817 818 817 817 818 817 817 816 816 816 816 816 814 814 814 814 811 811 810 811 810 808 808 807 807 803 803 802 802
881 883 887 890 893 897 899 901 904 906 908 911 913 916 919 921 923 925 926 929 930 932 934 936 938 940 941 942 944 945 947 948 950 951 952 953 954 955 957 957 959 961 960 962 962 963 965 965 965 966 967 968 968 968 967 969 970 970 971 971 970 971 817 817 817 817 816 817 818 817 816 816 816 816 816 815 814 814 814 814 812 812 811 811 809 809 808 807 807 805 805 803 802 800
879 883 886 889 893 896 898 901 904 906 909 910 914 916 917 920 923 924 926 929 930 932 934 935 937 938 940 942 943 945 946 948 949 950 951 953 954 955 956 957 958 959 960 961 962 964 963 964 965 966 967 967 967 968 969 969 969 970 969 970 971 971 817 816 816 816 817 817 816 817 816 816 815 815 815 815 815 813 813 812 812 812 811 809 809 809 808 806 805 805 804 802 801 800
880 883 886 890 893 895 898 901 902 905 907 911 913 915 918 920 922 924 927 927 929 931 933 935 936 938 940 942 942 944 946 948 949 951 953 953 954 955 955 957 958 959 960 960 961 962 963 964 965 965 965 967 967 968 969 968 968 968 969 970 970 970 816 817 816 816 816 816 816 816 816 815 815 815 815 815 813 814 812 812 812 811 810 809 809 807 807 806 805 804 803 802 801 800
880 883 886 889 891 894 898 900 903 905 908 911 913 915 918 919 921 924 925 927 929 931 933 934 937 939 940 942 943 945 947 947 949 950 951 953 953 955 957 957 958 958 959 960 961 962 962 963 964 964 966 966 967 967 967 968 968 968 969 968 969 969 816 816 816 816 815 816 815 816 815 815 815 814 814 813 814 813 812 811 811 810 810 809 808 808 807 807 804 804 803 802 800 799
878 883 886 888 892 895 897 900 903 906 908 909 912 915 916 919 921 923 925 928 929 930 931 935 937 938 940 941 943 945 945 947 949 949 951 952 954 955 955 956 957 959 960 960 961 960 962 963 963 965 965 965 966 966 967 968 969 969 968 969 968 969 814 815 816 816 815 815 815 814 815 815 815 814 813 813 813 813 812 811 810 810 810 809 808 807 807 805 804 803 803 801 800 798
880 883 885 889 892 893 896 899 902 905 907 910 912 914 917 919 921 922 925 926 928 931 933 935 936 938 940 940 942 943 945 947 948 950 950 951 953 953 955 956 957 959 958 960 960 962 962 962 964 963 964 965 965 967 967 967 968 968 969 968 968 968 814 815 815 816 815 814 814 815 815 814 814 814 813 813 812 811 812 810 810 810 809 809 807 806 805 805 804 803 801 801 800 799
879 881 885 888 890 893 896 899 902 905 907 910 912 913 916 917 920 922 924 927 928 931 933 933 935 937 938 941 942 943 945 946 947 948 950 951 952 954 954 955 956 957 959 960 960 962 961 962 962 963 964 964 965 965 966 967 967 968 967 968 967 968 815 814 814 814 815 814 814 814 813 814 814 814 811 812 811 812 811 810 810 809 809 808 807 805 806 805 803 801 801 800 800 797
878 882 885 887 891 894 897 899 902 904 906 908 911 914 915 918 920 923 925 925 928 930 931 933 936 937 939 940 941 943 944 945 946 948 950 951 951 953 954 955 956 957 959 958 960 960 961 962 963 964 963 964 964 965 966 966 966 966 967 967 968 968 813 814 814 814 814 814 814 813 814 813 813 812 813 811 812 810 810 811 809 809 807 807 807 806 805 804 803 803 801 799 798 798
879 881 883 887 890 893 896 899 901 904 906 908 911 913 915 917 919 922 923 926 928 929 932 934 935 936 937 939 941 942 944 946 947 947 948 950 952 952 954 954 956 956 957 958 959 960 961 962 962 963 964 963 964 965 964 965 965 967 966 967 967 967 967 813 814 813 813 814 814 813 812 812 812 812 812 810 810 810 810 810 809 807 808 807 807 805 804 803 803 801 800 799 799 797
878 880 884 887 889 893 896 898 901 904 905 908 909 912 915 917 920 922 924 926 927 929 931 932 934 935 937 939 940 942 943 944 946 947 948 950 951 952 952 954 955 956 957 958 959 959 960 961 961 963 963 963 963 963 965 965 966 965 966 967 967 967 966 812 812 813 813 813 813 812 812 812 812 812 811 811 810 809 809 809 808 808 807 806 805 805 803 803 801 801 799 799 797 797
878 881 884 886 889 893 895 898 901 902 905 907 910 912 915 918 920 920 923 924 927 929 930 932 933 935 937 938 939 941 942 944 945 947 949 948 950 951 952 954 954 956 955 957 958 959 960 960 962 961 962 963 964 964 964 964 964 965 966 966 967 966 967 811 812 813 812 812 812 813 811 812 810 811 810 811 809 809 809 808 809 808 806 805 805 804 802 802 801 800 800 797 797 796
876 880 882 887 890 892 895 898 900 903 905 907 909 912 914 917 918 921 922 924 927 928 930 931 933 935 936 938 940 941 943 943 944 946 947 949 949 951 953 952 954 954 956 957 958 959 958 960 960 961 962 963 964 963 963 963 964 965 965 965 965 966 966 813 811 811 812 812 812 812 812 810 811 810 811 809 810 809 808 809 807 807 805 805 805 804 803 802 801 800 799 797 796 796
877 879 883 887 889 892 894 896 899 902 904 907 909 912 914 916 919 920 922 924 925 927 929 931 933 934 936 938 938 940 941 943 945 945 947 948 949 950 951 952 953 954 956 956 957 957 959 959 960 961 961 962 962 963 963 963 964 963 964 964 965 965 965 812 811 811 811 812 811 811 811 810 810 809 809 809 810 808 807 807 807 806 806 804 804 803 803 801 800 799 799 797 795 794
876 879 883 885 888 891 893 896 899 901 904 907 910 912 913 915 917 919 922 923 925 928 929 931 932 933 935 936 938 939 942 944 945 946 946 948 950 949 951 952 953 954 954 956 956 957 958 959 959 960 961 961 962 962 962 964 963 964 964 965 963 964 965 811 812 811 810 810 811 810 811 810 809 809 809 810 808 808 807 807 806 806 805 804 803 803 801 800 799 799 797 797 795 795
