testData/tiles/oneDegree/grid39.0-17.0-40.0-18.0.asc
ncols   200
nrows   200
xllcorner   39.0
yllcorner   17.0
cellsize   0.005
NODATA_value   -9999.0
[rows 126 to 167 of 200, columns 0 to 93 of 200]
267 266 266 265 264 264 263 262 261 261 260 258 257 256 255 254 254 254 254 254 254 253 253 253 253 253 253 253 229 229 228 228 228 228 228 228 228 228 228 227 227 227 227 227 227 227 226 226 226 226 225 225 225 224 224 224 224 224 224 224 223 223 223 223 223 223 222 222 222 222 222 222 221 221 220 220 220 220 219 219 219 219 219 218 218 218 218 218 218 217 217 217 216 215
267 267 266 265 265 264 263 261 261 260 259 258 257 256 255 255 255 255 253 253 253 253 253 253 253 253 253 228 228 228 228 228 228 228 228 228 227 227 227 227 227 227 227 227 226 226 226 226 226 226 226 225 225 225 225 224 224 224 223 223 223 223 223 223 222 222 222 222 222 222 221 221 221 221 221 221 220 219 219 219 219 218 218 218 218 218 218 217 217 217 217 217 216 216
267 266 264 264 263 262 261 261 260 259 258 257 256 255 254 254 254 254 254 254 254 254 254 254 253 253 229 229 228 228 228 228 228 227 227 227 227 227 227 227 227 226 226 226 226 226 226 226 225 225 225 225 225 225 225 224 224 224 224 224 223 223 222 222 222 222 222 222 221 221 221 221 221 221 220 220 220 220 220 219 219 218 218 218 218 217 217 217 217 217 216 216 216 216
265 264 264 263 262 261 261 260 259 258 256 255 254 254 254 254 254 254 254 254 254 253 253 253 253 229 229 229 229 229 228 228 228 228 228 228 227 227 226 226 226 226 226 226 226 226 225 225 225 225 225 225 225 224 224 224 224 224 224 224 223 223 223 223 222 222 221 221 221 221 221 221 220 220 220 220 220 219 219 219 219 219 219 218 217 217 217 217 216 216 216 216 216 215
264 264 263 262 262 261 259 258 257 256 255 254 254 254 254 254 254 253 253 253 253 253 253 253 229 229 229 228 228 228 228 228 228 228 228 227 227 227 227 227 227 227 226 225 225 225 225 225 225 225 225 224 224 224 224 224 224 223 223 223 223 223 223 223 222 222 222 222 221 221 220 220 220 220 220 219 219 219 219 219 219 218 218 218 218 218 217 216 216 216 216 215 215 215
264 263 261 261 260 259 258 257 256 255 255 254 254 254 253 253 253 253 253 253 253 253 253 229 228 228 228 228 228 228 228 228 227 227 227 227 227 227 227 227 227 226 226 226 226 226 226 226 224 224 224 224 224 224 224 223 223 223 223 223 223 222 222 222 222 222 222 221 221 221 221 221 220 219 219 219 219 219 219 218 218 218 218 218 217 217 217 217 217 216 215 215 215 215
263 262 262 261 260 259 258 257 256 256 254 254 253 253 253 253 253 253 253 253 252 252 228 228 228 228 228 228 228 227 227 227 227 227 227 227 227 227 226 226 226 226 226 226 226 225 225 225 225 225 225 225 224 223 223 223 223 223 223 222 222 222 222 222 222 221 221 221 221 221 221 220 220 220 220 219 219 218 218 218 218 218 217 217 217 217 217 216 216 216 216 216 215 214
262 262 261 260 259 258 256 256 255 254 254 254 254 254 254 254 254 253 253 253 253 229 229 229 228 228 227 227 227 227 227 227 227 227 227 226 226 226 226 226 226 226 226 225 225 225 225 225 225 225 224 224 224 224 224 224 224 223 222 222 222 222 222 221 221 221 221 221 221 220 220 220 220 220 220 219 219 219 219 218 217 217 217 217 217 216 216 216 216 216 215 215 215 215
262 260 259 258 257 256 256 255 254 254 254 254 254 253 253 253 253 253 253 253 229 229 229 228 228 228 228 228 228 228 228 228 227 226 226 226 226 226 226 226 225 225 225 225 225 225 225 224 224 224 224 224 224 224 223 223 223 223 223 223 223 222 221 221 221 221 221 220 220 220 220 220 220 219 219 219 219 219 218 218 218 218 217 216 216 216 216 216 215 215 215 215 215 215
260 259 258 257 256 256 255 254 254 253 253 253 253 253 253 253 253 253 253 228 228 228 228 228 228 228 228 228 228 227 227 227 227 227 227 227 227 226 226 225 225 225 225 225 225 224 224 224 224 224 224 224 223 223 223 223 223 223 222 222 222 222 222 222 221 221 220 220 220 220 219 219 219 219 219 219 218 218 218 218 218 217 217 217 217 216 215 215 215 215 215 215 215 215
259 258 257 256 256 254 253 253 253 253 253 253 253 253 253 253 252 252 228 228 228 228 228 228 228 227 227 227 227 227 227 227 227 227 226 226 226 226 226 226 226 226 225 225 225 224 224 224 224 223 223 223 223 223 223 223 222 222 222 222 222 222 221 221 221 221 221 221 220 220 219 219 219 219 218 218 218 218 218 217 217 217 217 217 216 216 216 216 215 215 215 215 215 215
258 257 256 256 255 253 253 253 253 253 253 253 252 252 252 252 252 228 228 228 228 228 227 227 227 227 227 227 227 227 227 226 226 226 226 226 226 226 226 225 225 225 225 225 225 225 224 224 224 224 223 223 223 222 222 222 222 222 222 222 221 221 221 221 221 221 220 220 220 220 220 220 219 218 218 218 218 217 217 217 217 217 216 216 216 216 216 216 216 216 216 215 215 215
257 256 256 255 254 254 254 254 253 253 253 253 253 253 253 253 229 229 228 228 227 227 227 227 227 227 227 227 226 226 226 226 226 226 226 226 225 225 225 225 225 225 225 225 224 224 224 224 224 224 224 223 223 223 223 222 222 221 221 221 221 221 221 220 220 220 220 220 220 219 219 219 219 219 219 218 218 217 217 217 216 216 216 216 216 216 216 216 216 216 216 216 216 216
256 255 255 253 253 253 253 253 253 253 253 253 253 253 253 228 228 228 228 228 228 228 228 228 227 227 227 227 227 226 226 226 226 225 225 225 225 225 225 225 225 224 224 224 224 224 224 224 223 223 223 223 223 223 223 222 222 222 222 222 221 220 220 220 220 220 220 219 219 219 219 219 219 218 218 218 218 218 217 217 216 216 216 216 216 216 216 216 216 216 216 216 216 216
254 254 253 253 253 253 253 253 253 253 253 252 252 252 228 228 228 228 228 228 228 227 227 227 227 227 227 227 227 227 226 226 226 226 226 226 226 225 224 224 224 224 224 224 224 223 223 223 223 223 223 223 222 222 222 222 222 222 222 221 221 221 221 221 220 219 219 219 219 219 219 218 218 218 218 218 217 217 217 217 217 217 217 216 216 216 216 216 216 216 216 216 216 216
254 253 253 253 253 253 252 252 252 252 252 252 252 228 228 228 228 227 227 227 227 227 227 227 227 227 226 226 226 226 226 226 226 226 226 225 225 225 225 225 225 225 224 223 223 223 223 223 223 223 222 222 222 222 222 222 221 221 221 221 221 221 220 220 220 220 220 220 218 218 218 218 218 218 217 217 217 217 217 217 217 217 217 217 217 217 216 216 216 216 216 216 216 216
253 253 252 252 252 252 252 252 252 252 252 252 228 227 227 227 227 227 227 227 227 227 227 226 226 226 226 226 226 226 226 226 225 225 225 225 225 225 225 225 224 224 224 224 224 224 224 223 222 222 222 222 222 222 221 221 221 221 221 221 220 220 220 220 220 220 219 219 219 219 219 218 217 217 217 217 217 217 217 217 217 217 217 217 217 217 217 217 217 216 216 216 216 216
253 253 253 253 253 253 253 253 253 252 252 228 228 228 228 228 227 227 227 226 226 226 226 226 226 226 226 226 225 225 225 225 225 225 225 225 225 224 224 224 224 224 224 224 223 223 223 223 223 223 223 222 222 221 221 221 221 220 220 220 220 220 220 220 219 219 219 219 219 218 218 218 218 218 218 217 217 217 217 217 217 217 217 217 217 217 217 217 217 217 217 217 216 216
253 253 253 253 253 252 252 252 252 252 228 228 228 228 228 228 227 227 227 227 227 227 227 227 227 226 225 225 225 225 225 225 225 224 224 224 224 224 224 224 224 223 223 223 223 223 223 223 222 222 222 222 222 222 222 221 221 220 220 220 220 219 219 219 219 219 219 218 218 218 218 218 218 218 218 218 218 218 217 217 217 217 217 217 217 217 217 217 217 217 217 217 217 217
252 252 252 252 252 252 252 252 252 228 228 228 227 227 227 227 227 227 227 227 227 226 226 226 226 226 226 226 226 226 225 225 225 225 224 224 224 224 223 223 223 223 223 223 223 222 222 222 222 222 222 222 221 221 221 221 221 221 221 220 220 220 219 219 219 218 218 218 218 218 218 218 218 218 218 218 218 218 218 218 218 217 217 217 217 217 217 217 217 217 217 217 217 217
252 252 252 252 252 252 252 251 227 227 227 227 227 227 227 227 227 227 226 226 226 226 226 226 226 226 226 225 225 225 225 225 225 225 225 224 224 224 224 224 223 223 223 222 222 222 222 222 222 222 221 221 221 221 221 221 220 220 220 220 220 220 219 219 219 219 218 218 218 218 218 218 218 218 218 218 218 218 218 218 218 218 218 218 217 217 217 217 217 217 217 217 217 217
252 252 252 251 251 251 251 227 227 227 227 227 227 227 226 226 226 226 226 226 226 226 226 225 225 225 225 225 225 225 225 225 224 224 224 224 224 224 224 224 223 223 223 223 223 223 222 221 221 221 221 221 221 220 220 220 220 220 220 220 219 219 219 219 219 219 219 219 219 218 218 218 218 218 218 218 218 218 218 218 218 218 218 218 218 218 218 217 217 217 217 217 217 217
252 252 252 252 252 252 228 228 228 228 226 226 226 226 226 226 226 226 226 226 225 225 225 225 225 225 225 225 224 224 224 224 224 224 224 224 224 223 223 223 223 223 223 223 222 222 222 222 222 222 222 220 220 220 220 220 220 219 219 219 219 219 219 219 219 219 219 219 219 219 219 219 219 218 218 218 218 218 218 218 218 218 218 218 218 218 218 218 218 218 217 217 217 217
252 252 252 252 252 227 227 227 227 227 227 227 227 227 227 227 226 226 226 226 226 226 225 225 225 224 224 224 224 224 224 224 224 223 223 223 223 223 223 223 223 222 222 222 222 222 222 222 221 221 221 221 221 221 221 219 219 219 219 219 219 219 219 219 219 219 219 219 219 219 219 219 219 219 219 219 218 218 218 218 218 218 218 218 218 218 218 218 218 218 218 218 218 217
251 251 251 251 227 227 227 227 227 227 227 227 226 226 226 226 226 226 226 226 226 225 225 225 225 225 225 225 225 225 224 223 223 223 223 223 223 223 222 222 222 222 222 222 222 221 221 221 221 221 221 221 220 220 220 220 220 220 220 219 219 219 219 219 219 219 219 219 219 219 219 219 219 219 219 219 219 219 219 218 218 218 218 218 218 218 218 218 218 218 218 218 218 218
251 251 251 227 227 227 227 226 226 226 226 226 226 226 226 226 226 226 225 225 225 225 225 225 225 225 225 224 224 224 224 224 224 224 224 223 223 222 222 222 222 222 221 221 221 221 221 221 221 220 220 220 220 220 220 220 220 220 220 220 220 220 220 219 219 219 219 219 219 219 219 219 219 219 219 219 219 219 219 219 219 219 218 218 218 218 218 218 218 218 218 218 218 218
251 251 227 226 226 226 226 226 226 226 226 226 226 226 225 225 225 225 225 225 225 225 225 224 224 224 224 224 224 224 224 223 223 223 223 223 223 223 223 222 222 222 222 221 221 221 220 220 220 220 220 220 220 220 220 220 220 220 220 220 220 220 220 220 220 220 220 219 219 219 219 219 219 219 219 219 219 219 219 219 219 219 219 219 219 218 218 218 218 218 218 218 218 218
251 226 226 226 226 226 226 226 226 225 225 225 225 225 225 225 225 225 225 224 224 224 224 224 224 224 224 224 223 223 223 223 223 223 223 223 222 222 222 222 222 222 222 221 221 221 221 221 220 220 220 220 220 220 220 220 220 220 220 220 220 220 220 220 220 220 220 220 220 220 220 219 219 219 219 219 219 219 219 219 219 219 219 219 219 219 219 219 218 218 218 218 218 218
227 227 227 227 227 226 226 226 226 226 226 226 226 226 226 225 225 225 224 224 224 224 224 224 223 223 223 223 223 223 223 223 223 222 222 222 222 222 222 222 221 221 221 221 221 221 221 221 221 221 221 221 221 220 220 220 220 220 220 220 220 220 220 220 220 220 220 220 220 220 220 220 220 220 219 219 219 219 219 219 219 219 219 219 219 219 219 219 219 219 219 218 218 218
226 226 226 226 226 226 226 226 226 226 226 225 225 225 225 225 225 225 225 225 225 224 224 224 224 224 224 224 223 222 222 222 222 222 222 222 222 221 221 221 221 221 221 221 221 221 221 221 221 221 221 221 221 221 221 221 221 220 220 220 220 220 220 220 220 220 220 220 220 220 220 220 220 220 220 220 220 219 219 219 219 219 219 219 219 219 219 219 219 219 219 219 219 219
226 226 226 226 226 226 226 225 225 225 225 225 225 225 225 225 225 224 224 224 224 224 224 224 224 224 223 223 223 223 223 223 223 223 222 221 221 221 221 221 221 221 221 221 221 221 221 221 221 221 221 221 221 221 221 221 221 221 221 221 221 220 220 220 220 220 220 220 220 220 220 220 220 220 220 220 220 220 220 220 219 219 219 219 219 219 219 219 219 219 219 219 219 219
226 226 225 225 225 225 225 225 225 225 225 225 225 224 224 224 224 224 224 224 224 224 223 223 223 223 223 223 223 223 222 222 222 222 222 222 222 222 222 222 222 221 221 221 221 221 221 221 221 221 221 221 221 221 221 221 221 221 221 221 221 221 221 221 221 220 220 220 220 220 220 220 220 220 220 220 220 220 220 220 220 220 220 219 219 219 219 219 219 219 219 219 219 219
225 225 225 225 225 225 225 225 224 224 224 224 224 224 224 224 224 224 223 223 223 223 223 223 223 223 223 222 222 222 222 222 222 222 222 222 222 222 222 222 222 222 222 222 222 222 221 221 221 221 221 221 221 221 221 221 221 221 221 221 221 221 221 221 221 221 221 221 221 220 220 220 220 220 220 220 220 220 220 220 220 220 220 220 220 220 219 219 219 219 219 219 219 219
226 226 226 225 225 225 225 225 225 225 225 225 225 225 223 223 223 223 223 223 223 223 223 222 222 222 222 222 222 222 222 222 222 222 222 222 222 222 222 222 222 222 222 222 222 222 222 222 222 222 222 221 221 221 221 221 221 221 221 221 221 221 221 221 221 221 221 221 221 221 221 221 220 220 220 220 220 220 220 220 220 220 220 220 220 220 220 220 220 219 219 219 219 219
225 225 225 225 225 225 225 225 225 225 224 224 224 224 224 224 224 224 224 223 223 223 223 223 222 222 222 222 222 222 222 222 222 222 222 222 222 222 222 222 222 222 222 222 222 222 222 222 222 222 222 222 222 222 222 221 221 221 221 221 221 221 221 221 221 221 221 221 221 221 221 221 221 221 221 220 220 220 220 220 220 220 220 220 220 220 220 220 220 220 220 220 219 219
225 225 225 225 225 224 224 224 224 224 224 224 224 224 224 223 223 223 223 223 223 223 223 223 223 223 223 223 223 223 223 223 222 222 222 222 222 222 222 222 222 222 222 222 222 222 222 222 222 222 222 222 222 222 222 222 222 222 222 221 221 221 221 221 221 221 221 221 221 221 221 221 221 221 221 221 221 221 220 220 220 220 220 220 220 220 220 220 220 220 220 220 220 220
224 224 224 224 224 224 224 224 224 224 224 223 223 223 223 223 223 223 223 223 223 223 223 223 223 223 223 223 223 223 223 223 223 223 223 223 223 223 222 222 222 222 222 222 222 222 222 222 222 222 222 222 222 222 222 222 222 222 222 222 222 222 222 221 221 221 221 221 221 221 221 221 221 221 221 221 221 221 221 221 221 220 220 220 220 220 220 220 220 220 220 220 220 220
224 224 224 224 224 224 223 223 223 223 223 223 223 223 223 223 223 223 223 223 223 223 223 223 223 223 223 223 223 223 223 223 223 223 223 223 223 223 223 223 223 223 223 223 222 222 222 222 222 222 222 222 222 222 222 222 222 222 222 222 222 222 222 222 222 222 222 221 221 221 221 221 221 221 221 221 221 221 221 221 221 221 221 221 220 220 220 220 220 220 220 220 220 220
225 224 224 224 224 224 224 224 223 223 223 223 223 223 223 223 223 223 223 223 223 223 223 223 223 223 223 223 223 223 223 223 223 223 223 223 223 223 223 223 223 223 223 223 223 223 223 223 222 222 222 222 222 222 222 222 222 222 222 222 222 222 222 222 222 222 222 222 222 222 221 221 221 221 221 221 221 221 221 221 221 221 221 221 221 221 221 220 220 220 220 220 220 220
224 224 224 224 224 224 224 224 224 224 224 224 224 224 224 224 224 224 224 224 224 223 223 223 223 223 223 223 223 223 223 223 223 223 223 223 223 223 223 223 223 223 223 223 223 223 223 223 223 223 223 223 223 222 222 222 222 222 222 222 222 222 222 222 222 222 222 222 222 222 222 222 222 221 221 221 221 221 221 221 221 221 221 221 221 221 221 221 221 221 220 220 220 220
224 224 224 224 224 224 224 224 224 224 224 224 224 224 224 224 224 224 224 224 224 224 224 224 224 224 224 224 224 223 223 223 223 223 223 223 223 223 223 223 223 223 223 223 223 223 223 223 223 223 223 223 223 223 223 223 223 222 222 222 222 222 222 222 222 222 222 222 222 222 222 222 222 222 222 222 221 221 221 221 221 221 221 221 221 221 221 221 221 221 221 221 220 220
224 224 224 224 224 224 224 224 224 224 224 224 224 224 224 224 224 224 224 224 224 224 224 224 224 224 224 224 224 224 224 224 224 224 224 223 223 223 223 223 223 223 223 223 223 223 223 223 223 223 223 223 223 223 223 223 223 223 223 223 223 222 222 222 222 222 222 222 222 222 222 222 222 222 222 222 222 222 222 221 221 221 221 221 221 221 221 221 221 221 221 221 221 221
