testData/tiles/oneDegree/grid7.0-46.0-8.0-47.0.asc
ncols   200
nrows   200
xllcorner   7.0
yllcorner   46.0
cellsize   0.005
NODATA_value   -9999.0
[rows 42 to 83 of 200, columns 94 to 187 of 200]
634 634 634 636 636 636 636 637 638 638 639 639 640 640 642 642 643 643 643 643 643 644 644 644 644 644 645 645 645 644 644 645 645 645 645 645 643 644 644 644 644 643 643 643 644 643 643 642 642 641 641 641 640 640 638 638 638 637 637 635 635 634 634 634 632 632 632 630 629 628 628 627 626 625 623 622 621 620 620 618 616 615 615 614 613 611 610 608 607 606 604 602 601 599
635 635 635 635 636 637 637 637 638 638 638 638 638 639 643 643 643 644 644 644 644 644 645 645 645 644 644 645 645 644 644 644 645 645 644 644 644 644 645 645 644 644 644 643 642 642 643 642 642 642 642 640 640 639 639 639 638 637 636 636 636 635 635 633 633 631 631 629 630 629 628 627 626 625 623 622 622 621 619 618 617 615 615 614 612 611 610 609 608 605 604 602 602 600
634 635 635 635 637 637 637 638 638 639 639 639 639 640 642 642 642 642 643 643 643 643 644 644 644 644 644 644 645 645 645 645 644 645 645 645 645 645 644 644 644 644 644 643 643 643 642 642 641 642 641 641 641 640 640 638 638 638 637 637 636 635 633 633 632 631 630 630 629 629 628 628 626 624 624 623 622 621 619 618 617 616 615 613 612 610 610 609 608 606 604 603 602 599
634 635 635 636 636 637 637 637 637 638 639 640 640 642 643 643 643 643 644 644 644 644 644 645 645 645 645 645 646 645 645 645 644 644 645 645 644 644 644 644 644 644 644 644 644 642 642 642 642 641 641 641 640 639 638 638 638 637 637 635 635 634 634 634 632 631 631 630 629 628 627 626 626 625 624 624 622 620 620 618 617 617 615 613 612 611 610 608 607 606 605 604 602 600
634 635 635 636 636 638 638 638 638 638 639 639 639 641 643 643 643 643 643 644 644 644 644 644 645 644 644 644 644 644 645 645 645 645 644 644 645 645 645 645 643 643 643 644 643 643 643 642 642 642 641 640 640 639 639 639 637 637 636 636 636 635 634 633 633 632 632 630 629 628 627 626 625 626 624 622 622 621 619 619 618 615 615 614 612 611 610 608 607 605 605 604 601 601
634 635 636 636 636 636 637 638 638 639 639 640 642 642 642 643 643 643 643 643 644 644 644 644 644 645 645 645 645 645 645 646 645 645 644 644 644 645 644 644 644 644 644 643 643 643 642 642 642 642 641 641 640 640 639 638 638 638 637 637 635 635 634 634 633 631 630 630 629 628 627 626 626 624 623 623 622 621 620 619 617 616 615 613 613 612 609 608 607 606 605 602 601 600
634 635 636 637 637 637 637 638 638 638 639 640 642 642 642 642 643 643 643 643 643 644 644 644 644 644 645 645 645 644 644 644 645 645 645 645 644 644 644 645 645 644 643 643 643 642 642 642 641 641 642 640 640 640 639 639 639 637 637 636 636 634 634 632 632 631 631 629 629 628 628 627 625 624 623 622 621 621 621 618 617 617 615 614 613 611 610 609 607 606 603 603 602 600
635 635 635 636 636 637 637 638 639 639 639 639 642 642 643 643 643 644 644 644 644 644 645 645 645 644 644 645 645 645 645 645 645 646 645 644 644 644 644 644 643 644 644 644 643 643 643 641 641 641 640 640 640 639 638 638 637 637 636 636 634 634 634 633 633 631 631 630 629 629 626 626 625 625 623 622 622 621 618 619 618 616 615 615 612 611 610 609 608 606 604 603 601 601
634 636 636 637 637 637 637 638 639 639 639 641 641 642 642 642 642 642 643 643 643 643 643 644 644 644 644 644 645 645 645 645 644 644 644 645 645 645 644 644 644 644 642 643 643 643 642 642 642 641 641 640 639 639 639 638 638 637 636 636 635 635 634 633 632 632 631 631 628 628 627 626 625 624 624 623 620 620 619 618 616 617 616 613 613 612 610 609 607 605 605 603 602 601
635 635 635 636 637 637 637 638 638 639 640 642 642 643 643 643 643 643 644 644 644 644 644 644 645 645 645 645 645 645 645 645 645 645 645 645 644 644 644 644 644 643 643 643 643 642 643 642 641 641 641 640 640 640 639 638 638 637 637 636 636 634 634 633 633 631 630 629 629 628 628 626 625 625 624 622 621 620 619 618 617 616 614 614 613 611 611 609 607 606 604 603 427 425
635 636 636 636 636 638 638 638 638 639 639 641 641 641 642 643 643 643 643 644 644 644 644 644 643 644 644 644 644 644 644 645 645 645 644 644 644 644 645 644 644 644 643 642 642 642 642 641 641 641 641 640 640 639 639 639 638 638 636 636 635 634 633 633 631 631 630 630 629 628 627 627 626 623 623 622 621 620 619 618 616 615 614 613 612 612 610 608 608 606 605 428 426 425
634 635 636 636 636 637 637 637 639 639 642 642 642 642 642 643 643 643 643 643 644 644 644 644 644 644 645 645 645 645 645 644 645 645 645 644 644 643 643 643 644 644 643 643 643 643 642 641 641 640 640 640 639 639 639 637 637 636 636 635 635 634 633 633 632 632 630 630 629 628 628 625 625 624 623 622 621 620 620 617 616 616 614 613 612 610 609 609 607 430 429 428 427 426
634 636 636 636 637 637 638 638 638 638 640 642 642 642 642 642 643 643 643 643 643 644 644 644 644 644 644 645 644 644 644 644 644 644 645 644 644 644 644 644 643 643 642 643 642 642 642 642 641 641 641 639 639 639 638 638 637 637 636 635 635 634 634 633 632 631 631 630 629 627 626 626 625 624 623 622 622 619 618 618 617 615 614 614 611 610 609 608 431 431 428 428 427 425
635 635 636 636 636 636 637 638 639 639 641 641 642 642 642 642 642 643 644 644 644 643 644 644 644 644 644 644 645 645 645 645 645 644 644 643 644 644 644 643 643 643 643 642 642 642 643 641 641 641 640 640 640 639 639 637 637 637 636 636 635 634 633 633 632 631 630 629 628 628 627 625 625 624 624 621 620 620 619 617 617 616 615 612 612 611 433 432 431 428 429 429 427 426
634 634 636 637 637 637 637 637 638 641 641 641 641 642 642 642 642 642 643 643 643 643 643 643 644 644 644 644 644 644 644 644 644 644 644 644 644 643 644 644 644 643 642 642 642 641 641 641 641 640 640 639 639 639 638 638 638 637 636 634 634 633 633 632 631 630 630 629 629 627 627 626 625 623 622 622 621 619 619 618 617 614 614 613 611 434 434 432 430 429 429 427 426 424
635 635 635 635 637 637 637 637 638 640 641 641 642 642 643 643 643 643 643 644 644 644 644 644 644 645 645 644 644 644 644 645 645 644 644 643 643 643 643 643 643 643 643 643 642 642 641 640 640 640 640 639 639 638 638 637 636 636 635 635 634 633 633 632 632 631 631 629 628 628 627 625 624 623 623 622 620 620 619 617 616 615 614 436 436 435 432 431 430 430 429 428 425 424
634 635 635 636 637 637 637 638 638 641 641 641 641 641 642 642 642 642 642 642 643 643 643 643 643 643 644 644 644 644 644 644 643 644 644 644 644 644 643 643 642 642 642 642 642 642 641 641 641 640 640 639 638 638 638 637 637 636 635 635 634 634 633 633 631 631 630 630 628 626 626 625 625 623 622 622 621 620 618 617 616 615 438 437 436 433 433 432 430 430 429 426 393 393
635 635 635 636 636 637 637 637 639 639 641 641 641 642 642 643 643 643 643 643 643 644 644 644 644 644 644 645 645 644 643 643 643 643 643 644 643 643 643 643 643 642 642 642 642 640 641 641 640 640 640 639 639 639 637 637 636 636 636 635 635 633 633 632 632 630 629 628 628 627 626 625 624 624 623 622 620 619 618 617 440 439 438 437 435 434 432 431 432 431 428 395 393 392
634 635 635 635 636 637 638 638 640 640 640 641 641 641 641 642 642 643 643 643 643 643 644 644 643 643 643 643 643 644 644 644 644 644 643 643 643 644 644 642 642 642 642 641 641 641 641 640 640 640 638 638 638 637 638 637 637 635 634 634 633 633 632 631 630 630 629 629 628 627 626 625 625 623 622 621 620 620 618 441 440 439 437 436 435 434 433 432 431 429 396 395 394 393
634 634 636 636 636 636 636 637 640 640 640 640 641 641 641 641 641 641 642 642 642 642 642 642 643 643 643 643 643 643 643 643 643 643 643 643 643 642 642 642 643 643 642 642 641 641 640 640 640 639 639 639 638 637 636 636 636 635 635 634 633 632 632 631 631 630 629 628 628 627 627 624 623 623 622 620 620 443 442 441 439 438 438 436 435 434 433 432 431 398 396 395 394 391
634 634 634 635 636 636 636 637 640 640 640 640 641 642 642 642 642 642 642 643 643 643 643 643 643 644 644 643 643 643 643 643 644 644 644 643 642 642 642 642 641 641 641 642 641 641 641 641 639 639 639 638 638 637 637 637 635 635 634 634 633 633 633 631 631 630 629 629 626 626 625 625 624 622 622 445 444 443 442 440 440 438 437 436 436 434 432 400 398 397 397 395 393 392
633 635 635 636 636 636 637 639 639 640 640 640 640 640 641 641 641 641 641 641 642 642 642 642 642 642 642 643 643 643 643 643 643 642 643 643 643 643 642 642 642 642 641 640 640 640 639 640 640 639 639 639 637 637 637 636 636 635 635 634 633 633 632 632 630 629 628 628 627 626 625 624 624 623 446 445 444 442 442 440 439 438 438 436 434 433 400 400 399 398 396 394 393 391
634 634 634 635 636 636 636 638 638 639 640 641 641 641 641 642 642 642 642 642 642 643 643 643 643 643 643 643 644 644 643 643 642 642 642 642 641 642 642 642 642 641 641 641 641 640 640 639 638 638 638 637 637 637 636 635 634 634 634 633 633 632 631 630 630 629 629 628 627 626 625 625 448 447 445 444 444 442 441 440 440 438 437 435 403 401 401 400 398 397 396 394 393 392
634 634 634 634 635 637 637 639 639 639 639 640 640 640 641 641 642 642 642 642 642 642 642 643 643 642 642 642 642 642 643 643 643 643 642 642 642 642 642 641 641 641 641 640 640 640 640 639 639 639 637 637 637 636 636 635 635 635 633 633 632 632 631 631 629 629 628 628 627 627 449 448 447 446 445 444 443 442 442 440 439 438 437 403 402 401 401 400 398 397 395 394 393 391
633 634 635 635 635 635 638 638 639 639 639 639 640 640 640 640 640 640 641 641 641 641 641 641 642 642 642 642 642 642 642 641 642 642 642 642 642 641 641 641 641 641 640 641 640 640 639 639 639 638 638 638 637 637 635 635 635 634 634 633 633 631 631 630 630 629 629 627 626 449 448 448 446 446 445 444 443 442 441 440 439 437 404 404 402 402 401 399 397 397 396 394 393 391
633 633 634 634 635 635 637 639 639 639 639 639 640 641 641 641 641 641 641 642 642 642 642 642 642 642 643 642 642 642 642 642 642 642 643 642 641 641 641 641 640 640 640 640 639 639 639 639 639 638 637 637 637 636 636 636 635 634 633 633 632 632 631 630 628 628 627 451 450 449 448 447 447 446 445 444 443 442 440 439 406 406 404 403 402 401 400 399 398 396 395 394 392 390
632 634 634 635 635 635 637 638 639 639 639 639 639 639 640 640 640 640 640 640 641 641 641 641 641 641 641 642 642 642 642 642 641 641 641 641 642 642 641 641 641 641 639 639 639 639 638 638 638 637 637 637 635 635 635 634 634 633 633 632 631 630 630 629 629 452 451 450 450 449 449 447 446 446 445 443 442 441 440 408 406 405 404 404 402 401 400 398 398 397 396 393 392 391
633 633 633 634 635 635 637 637 637 638 639 639 639 640 640 641 641 641 641 641 641 641 642 642 642 642 642 642 642 642 641 641 641 641 641 641 640 640 640 641 641 640 640 640 640 639 638 638 637 637 637 636 636 636 635 634 633 633 632 632 632 631 630 629 453 452 451 451 449 449 448 448 446 444 444 443 442 410 408 407 406 406 403 402 402 401 400 399 398 395 394 393 391 390
633 633 633 633 633 637 638 638 638 638 639 639 639 639 639 639 640 641 641 641 641 641 641 641 641 641 641 641 641 641 641 642 642 641 641 641 641 641 640 639 639 639 639 639 639 639 639 638 638 638 636 636 635 635 635 634 634 633 632 632 631 631 454 454 452 452 451 450 449 448 447 446 445 445 444 443 410 409 408 407 405 404 403 402 402 401 400 398 397 396 394 393 392 391
633 633 634 634 634 636 637 637 637 638 638 638 639 639 639 639 639 639 640 640 640 640 640 640 640 641 641 641 641 641 640 640 640 640 641 641 641 640 640 640 640 639 639 638 638 637 637 637 637 637 637 636 636 635 634 634 633 633 633 632 456 454 454 452 452 451 451 449 448 448 447 447 445 444 412 411 410 408 407 406 406 404 403 403 402 401 399 398 396 395 394 393 391 390
632 633 633 633 633 636 636 637 637 637 637 638 638 640 640 640 640 640 640 641 641 641 641 641 641 641 640 641 641 641 641 641 640 640 639 639 640 640 640 639 639 639 639 639 638 638 638 636 636 636 635 635 635 634 634 633 632 632 455 455 454 454 453 452 451 451 450 450 449 447 447 446 446 413 411 410 409 408 407 406 405 404 404 403 401 400 398 397 397 396 394 393 391 389
631 631 633 633 634 636 636 636 638 638 638 638 638 638 639 639 639 639 639 639 639 640 640 640 640 640 640 640 640 641 641 640 640 640 640 640 640 639 639 639 639 639 638 638 638 638 637 637 637 636 636 635 634 634 633 633 633 456 456 454 454 453 453 452 452 450 450 449 449 448 447 414 412 411 411 410 408 408 407 406 405 404 403 402 400 400 399 398 396 395 393 391 390 390
632 632 632 632 636 636 636 636 636 637 637 638 638 638 638 638 639 639 639 639 639 639 639 640 640 640 640 640 639 639 639 640 640 640 640 639 639 639 639 639 638 638 638 639 637 637 637 636 636 636 635 635 635 634 633 457 456 456 455 455 454 453 452 452 451 451 450 449 447 446 414 413 413 411 410 410 409 407 407 406 404 403 403 402 401 400 398 397 396 394 393 392 391 389
631 632 632 632 634 635 635 636 636 636 636 638 638 638 638 638 638 639 639 639 639 639 639 639 640 640 640 640 640 640 640 640 638 639 639 639 639 639 638 638 638 638 637 637 637 637 636 635 635 634 635 635 634 458 457 457 456 455 455 454 454 452 452 450 450 449 449 448 416 414 413 413 412 412 410 409 409 408 406 404 404 403 403 401 400 400 399 396 395 394 393 391 390 389
631 631 631 632 635 635 636 636 636 636 637 637 638 638 638 638 638 638 638 639 639 639 639 639 639 639 640 640 640 639 639 639 639 639 639 639 639 639 639 638 637 637 637 637 636 636 636 636 635 635 635 457 457 456 456 456 455 455 454 453 452 452 451 451 450 450 448 416 415 415 414 412 412 411 410 409 407 406 406 405 404 403 403 402 401 398 397 396 395 394 393 392 389 388
630 632 632 632 634 634 635 636 636 636 636 636 636 637 637 637 637 638 638 638 639 639 638 638 638 638 638 638 639 639 639 639 639 638 638 638 638 638 637 638 638 638 638 637 636 636 635 635 635 458 458 458 457 457 456 455 455 454 454 453 453 451 451 450 450 417 417 416 415 414 413 413 411 410 409 408 408 407 405 404 404 404 402 400 399 399 397 396 395 394 392 390 389 387
630 630 631 634 634 634 634 634 635 636 636 637 637 637 637 638 638 638 638 638 638 638 639 639 639 639 639 639 639 639 638 639 638 638 638 638 637 637 637 637 637 636 636 636 637 636 636 459 458 458 458 457 457 456 456 456 454 454 453 453 452 452 451 419 417 417 416 415 414 413 412 411 411 410 409 408 407 406 406 404 402 402 402 401 399 398 397 395 395 393 392 390 389 388
630 630 630 633 633 635 635 635 635 636 636 636 636 636 636 637 638 638 638 638 638 638 638 638 638 638 638 638 638 638 638 638 638 639 638 638 638 638 637 636 636 636 636 635 635 459 458 458 458 457 457 457 456 456 456 455 455 454 454 452 451 450 418 417 417 416 415 414 414 413 412 411 410 410 409 408 407 406 404 403 404 402 401 400 399 398 397 395 394 392 391 390 388 387
630 630 631 633 633 634 634 634 634 635 635 636 636 636 636 636 636 636 637 637 637 637 637 637 637 637 638 638 638 638 637 637 637 637 637 637 638 637 637 637 637 636 636 635 459 458 458 458 457 457 457 456 456 455 454 454 453 453 452 452 419 418 417 417 416 416 415 415 413 413 412 411 411 409 408 407 406 405 404 403 403 402 401 400 399 397 395 394 394 393 391 390 389 387
630 630 630 632 632 633 634 634 634 634 634 634 635 635 637 637 637 637 637 638 638 638 638 638 638 637 637 637 638 637 637 637 637 637 636 636 636 636 636 635 636 636 460 459 459 459 459 457 457 457 456 456 455 455 455 454 453 452 420 419 419 419 418 416 416 415 415 414 414 412 411 410 409 409 408 406 406 405 404 402 403 402 401 399 397 397 396 395 393 392 391 389 387 386
628 629 630 632 632 632 633 634 635 635 635 635 635 635 636 636 636 636 636 636 636 637 637 637 637 637 637 637 637 637 638 637 637 637 637 637 637 635 635 635 459 458 458 458 459 458 458 458 457 457 456 455 455 455 454 454 421 421 420 419 419 418 418 417 416 415 414 413 412 412 411 409 409 408 407 407 405 404 404 403 403 400 400 399 398 396 395 394 393 392 390 389 388 386
628 629 632 632 632 633 633 633 634 634 634 634 634 635 635 636 636 636 636 636 636 636 636 637 637 637 636 636 636 636 636 636 636 637 636 636 636 636 460 459 459 459 458 457 457 457 457 456 456 456 455 455 454 453 453 420 420 419 419 418 418 417 416 415 415 414 414 412 412 411 410 410 409 408 407 406 406 405 402 402 402 401 399 398 397 397 395 394 392 391 389 388 387 386
