testData/tiles/oneDegree/grid28.0-13.0-29.0-14.0.asc
ncols   200
nrows   200
xllcorner   28.0
yllcorner   13.0
cellsize   0.005
NODATA_value   -9999.0
[rows 42 to 83 of 200, columns 0 to 93 of 200]
619 598 598 597 597 596 596 597 596 595 594 594 594 593 592 592 590 590 589 589 588 586 585 584 589 589 587 586 584 584 582 580 579 578 577 575 575 573 571 569 567 566 564 561 559 557 554 551 548 546 544 540 537 533 529 525 520 514 513 513 513 512 464 465 465 465 466 466 467 467 467 467 466 467 467 467 467 466 467 467 466 466 466 466 467 466 466 466 466 467 466 486 486 485
616 615 594 594 594 593 592 592 593 592 592 591 590 589 589 588 587 586 585 585 584 583 581 581 580 584 583 582 581 580 578 576 575 574 573 571 569 568 566 564 562 560 559 557 554 551 550 547 543 541 539 535 531 527 522 517 511 510 510 510 511 463 463 464 465 465 465 465 465 466 465 465 465 465 465 466 466 466 465 465 465 465 465 465 464 465 465 465 465 464 464 485 485 484
612 612 590 591 590 590 590 589 588 587 588 587 586 585 585 585 584 582 582 581 579 578 578 577 576 580 579 577 577 575 574 572 571 570 569 567 565 563 560 559 558 555 553 551 548 545 542 540 538 534 531 527 523 519 514 508 509 509 509 461 461 463 463 463 463 463 464 463 463 463 463 464 464 464 464 463 464 464 464 464 464 464 463 463 463 463 463 463 463 463 463 463 482 483
608 608 609 587 586 585 586 585 585 584 583 583 582 582 581 580 579 579 578 577 576 574 574 572 572 576 575 574 572 571 569 567 566 564 563 562 560 558 556 554 553 550 548 545 543 540 537 534 531 528 524 520 515 511 507 507 507 507 460 461 461 461 461 461 461 461 461 462 462 462 462 462 462 462 462 462 462 462 463 463 462 462 462 463 462 462 461 461 461 462 462 461 481 481
605 604 604 583 582 583 582 581 581 581 580 579 578 578 577 576 575 575 573 573 572 570 570 568 567 565 570 570 568 566 565 563 562 560 558 555 553 552 551 548 547 545 542 539 536 534 531 528 524 520 516 512 506 505 506 506 506 458 458 459 459 459 459 459 460 460 460 460 460 461 460 460 460 460 461 461 461 461 460 460 461 461 461 461 460 461 460 460 460 459 459 460 480 480
600 601 600 599 578 579 578 577 576 577 576 575 574 573 572 572 571 570 569 568 566 567 565 564 562 561 566 564 562 561 560 559 557 555 553 550 548 547 545 543 540 537 535 532 529 526 523 520 515 511 506 503 503 503 503 455 457 457 457 457 457 458 458 458 458 459 459 458 458 458 458 459 459 459 459 459 459 459 459 459 459 460 459 459 459 459 459 459 458 458 458 458 457 478
596 596 596 595 575 574 574 573 573 572 570 570 570 569 568 567 566 566 565 563 563 561 560 558 558 557 561 559 558 556 554 553 551 548 547 545 542 541 538 537 534 531 528 525 523 519 515 511 507 501 501 501 502 502 454 455 455 456 456 456 456 456 457 456 456 456 456 457 457 457 457 457 458 457 457 457 457 458 458 458 457 457 457 458 458 458 457 457 456 457 457 456 456 476
593 592 591 591 591 569 568 567 568 567 566 566 565 564 563 562 562 560 559 558 558 556 555 553 552 551 550 554 552 550 549 547 545 543 540 538 536 534 531 529 527 524 520 518 514 511 506 501 499 500 500 500 452 453 454 454 454 454 453 454 454 454 454 455 455 455 455 455 455 456 456 455 455 455 456 456 456 456 455 456 456 456 456 456 455 456 456 456 456 455 454 455 455 475
587 587 587 587 586 565 564 564 563 562 561 561 560 559 557 558 557 555 554 553 552 551 550 548 547 545 544 548 546 545 543 541 539 537 534 532 530 527 524 521 517 515 511 508 504 499 497 497 497 497 449 450 451 451 451 452 452 452 452 452 453 453 453 453 453 454 454 453 453 453 454 454 454 454 454 455 454 454 454 454 454 455 454 454 454 454 454 455 454 454 454 453 452 453
583 582 582 582 581 559 559 559 558 557 556 556 555 554 552 552 551 550 549 548 546 545 543 541 542 540 538 542 540 538 536 534 531 529 527 525 522 519 516 513 509 505 502 498 495 495 495 496 496 448 448 449 450 450 450 450 450 451 451 451 451 451 452 451 451 451 451 452 452 452 452 452 453 452 452 452 452 453 453 453 452 452 452 453 453 453 452 452 452 453 453 452 451 451
578 577 577 577 576 575 554 553 553 551 551 550 549 548 548 546 545 544 543 542 541 539 537 536 534 532 530 529 534 532 529 527 524 521 520 517 513 510 506 503 499 496 493 493 494 494 494 446 446 447 448 448 448 449 449 449 449 449 449 449 449 449 449 450 450 450 450 450 451 451 450 450 450 451 451 451 451 451 450 451 451 451 451 451 450 451 451 451 451 450 450 451 451 450
572 572 572 571 570 570 548 547 546 546 546 544 543 543 541 541 539 538 537 535 533 533 531 530 528 526 524 521 526 523 522 519 516 514 511 508 504 500 496 491 491 491 491 491 443 444 444 444 444 445 446 446 446 446 446 447 447 447 447 447 448 448 448 448 448 449 450 449 449 449 450 450 450 450 450 451 450 449 449 449 449 450 449 449 449 449 449 449 449 449 449 449 448 449
566 565 566 565 564 564 563 542 540 540 539 538 537 536 535 533 532 532 530 529 527 525 524 522 521 518 516 515 518 515 513 510 506 504 501 498 493 489 489 489 490 490 442 442 442 442 442 443 444 444 444 445 445 445 445 445 446 446 446 446 446 447 447 447 447 447 448 448 448 448 448 449 449 448 448 448 448 449 449 449 447 447 447 448 448 448 447 447 447 448 447 447 447 447
560 560 559 558 558 558 557 534 535 534 532 531 530 530 528 527 525 524 522 522 520 518 516 514 512 509 508 506 503 506 503 500 497 493 489 487 487 487 487 488 441 441 441 441 441 441 441 442 443 443 443 443 443 444 444 444 444 443 444 444 444 445 445 446 446 446 446 446 447 447 446 446 446 447 447 447 447 447 446 447 447 447 446 446 446 446 446 446 446 445 445 446 446 445
553 554 553 552 552 551 550 528 527 526 526 524 524 522 520 519 519 517 515 513 511 509 508 506 503 500 498 495 492 495 491 488 486 486 486 486 486 438 439 439 439 439 439 439 439 439 440 440 440 441 441 441 441 441 442 442 442 442 442 444 444 444 444 444 445 445 444 444 444 445 445 445 445 445 445 445 445 445 445 445 446 446 445 445 444 444 445 444 444 444 444 444 443 444
548 546 545 545 545 543 542 543 520 519 517 517 516 514 512 511 510 507 506 504 503 500 498 495 492 491 488 484 480 483 483 484 484 484 484 437 437 438 438 438 438 438 438 438 438 439 439 439 439 439 439 440 440 440 440 440 441 442 442 442 442 443 442 442 442 442 443 443 443 443 443 444 443 443 443 443 443 444 444 443 443 443 444 444 444 443 442 442 443 443 442 442 442 442
540 539 538 538 537 536 535 534 512 511 509 508 507 505 504 503 501 498 496 493 493 490 487 484 480 478 475 475 476 476 483 483 435 435 435 435 435 436 436 436 436 436 436 437 437 438 438 438 438 438 438 438 439 439 438 438 439 440 440 440 440 440 441 441 441 441 441 442 442 441 441 441 441 442 442 442 442 441 442 442 442 442 442 441 442 442 442 441 440 440 441 441 441 440
532 530 530 530 528 527 527 526 524 501 500 499 497 495 493 492 490 488 485 483 480 477 473 473 474 474 474 474 474 426 433 433 434 434 434 434 435 435 435 435 435 435 435 435 436 436 436 436 436 436 436 436 436 436 438 438 438 438 438 439 439 439 439 439 440 439 439 439 439 440 440 440 440 440 440 440 440 440 440 440 441 440 440 440 440 440 440 440 440 439 439 438 438 439
523 522 521 521 519 518 517 515 514 491 490 488 486 484 483 480 477 474 472 471 471 471 471 471 472 424 425 425 425 426 432 432 432 432 432 433 433 434 434 434 434 434 434 435 435 435 435 435 435 435 435 435 435 436 436 437 437 437 437 437 437 437 437 437 437 438 438 438 438 438 438 438 438 438 438 438 439 439 439 438 438 438 439 439 438 438 438 438 439 438 437 437 437 437
513 512 512 510 508 507 507 505 502 480 479 476 473 470 468 468 468 468 469 469 469 470 422 423 423 423 423 423 424 425 425 431 431 431 431 432 432 432 432 432 432 432 433 433 433 433 433 433 433 433 433 433 434 434 434 434 434 435 435 435 435 435 436 436 436 436 436 437 436 436 436 436 437 437 437 437 436 436 437 437 437 437 436 436 437 437 437 436 436 436 437 436 435 435
502 502 501 499 497 496 493 492 489 487 464 464 465 466 466 466 466 467 420 420 420 420 421 421 422 422 422 422 423 423 423 429 429 429 431 431 431 431 431 431 431 432 432 432 432 432 432 432 432 432 432 433 433 433 433 433 433 433 434 434 434 434 434 434 434 434 434 434 434 435 435 435 435 434 435 435 435 435 435 435 435 435 435 435 435 434 435 435 435 435 434 434 434 434
490 489 486 484 482 482 482 482 483 484 463 463 463 416 417 417 417 418 418 418 419 419 420 420 420 420 420 422 422 422 422 422 428 429 429 429 429 429 429 429 431 431 431 431 431 431 431 431 431 431 432 432 432 432 432 432 432 431 431 431 432 432 432 432 432 433 433 433 433 433 433 433 433 433 433 433 434 433 433 433 433 433 434 433 433 433 433 433 433 433 433 433 433 431
478 478 479 479 480 480 481 481 434 434 434 414 415 415 415 415 416 417 417 417 417 418 419 419 419 419 419 420 420 420 420 421 427 428 428 428 428 428 428 428 429 429 429 429 429 429 429 429 429 430 430 430 430 430 430 430 430 430 430 430 430 431 431 431 431 431 430 432 432 432 432 432 433 433 433 432 431 431 432 432 432 431 431 431 432 432 431 431 431 431 432 431 431 431
477 477 429 430 431 431 431 432 433 433 433 412 413 414 414 414 415 415 416 416 416 417 417 417 417 417 419 419 419 419 419 419 426 426 426 426 426 427 427 428 428 428 428 428 428 428 428 428 429 429 429 429 429 429 429 429 429 429 429 429 428 428 428 430 430 430 430 430 431 431 431 430 430 430 431 431 431 431 431 430 430 430 430 430 429 429 430 430 430 429 429 429 430 430
427 428 428 429 429 430 430 431 431 431 432 412 412 412 412 414 414 414 414 414 415 416 416 416 416 417 417 417 417 418 418 419 419 425 425 425 425 425 426 426 426 426 426 426 426 426 426 427 427 427 427 427 427 427 427 427 427 427 427 427 427 428 428 428 428 429 429 429 428 428 429 429 429 429 429 429 429 429 429 429 429 429 428 428 428 428 428 427 428 428 428 428 427 427
426 426 426 428 428 428 429 430 430 430 430 431 411 411 411 412 412 413 413 413 414 414 414 414 415 416 416 416 416 416 416 417 417 423 424 424 424 425 425 425 425 425 425 425 425 425 426 426 426 426 426 426 426 426 426 426 426 426 426 427 427 427 427 426 426 426 427 427 427 427 427 427 428 427 427 427 427 427 428 428 427 427 427 427 427 426 426 426 426 426 426 426 426 426
425 425 426 426 427 427 428 428 428 429 430 430 409 409 411 411 411 411 411 412 413 413 413 413 414 414 414 414 415 415 416 416 416 422 422 422 422 423 423 423 423 424 424 424 424 425 425 425 425 425 425 425 425 425 425 425 424 425 425 425 425 425 425 425 425 425 425 425 426 425 425 425 425 425 426 426 426 425 425 425 426 426 426 425 425 425 425 425 424 424 424 424 425 424
423 423 425 425 425 426 427 427 427 427 428 429 408 408 409 409 410 410 410 411 411 411 411 412 413 413 413 413 413 414 414 414 415 415 421 421 422 422 422 422 422 422 422 422 423 423 423 423 423 423 423 423 423 423 423 423 424 424 424 424 424 424 424 424 424 423 423 423 423 423 424 424 424 424 423 424 424 424 424 424 424 424 424 424 424 424 423 422 423 423 423 422 422 422
422 423 423 423 424 425 425 425 426 427 427 427 427 408 408 408 408 408 409 410 410 410 410 411 411 411 412 412 412 413 413 413 413 413 419 420 420 420 421 421 421 421 421 422 422 422 422 422 422 422 422 422 422 422 423 423 423 423 423 422 422 422 422 422 422 422 422 422 422 422 422 422 422 422 422 422 422 423 422 422 422 422 422 422 422 422 422 422 422 420 421 421 421 420
420 421 422 422 423 423 424 424 424 425 426 426 426 406 406 406 407 408 408 408 408 408 409 410 410 410 410 410 411 411 411 412 412 412 412 419 419 419 419 419 419 419 420 420 420 420 420 420 420 420 420 420 420 421 421 421 421 421 421 421 421 421 421 421 421 421 420 420 420 420 420 420 420 421 421 420 420 420 420 421 421 420 420 420 420 420 421 420 420 420 419 418 419 419
420 420 420 421 422 422 422 422 424 424 424 424 425 405 405 405 405 406 407 407 407 407 408 408 408 409 409 410 410 410 410 410 410 410 411 417 418 418 418 418 418 419 419 419 419 419 419 419 419 419 419 419 420 420 420 420 420 420 420 420 420 419 419 419 419 419 419 419 419 419 419 419 418 418 418 419 419 419 419 418 418 419 419 419 418 418 418 418 419 418 418 417 417 417
418 419 419 420 420 421 421 421 422 422 423 423 424 424 403 404 405 405 405 405 405 407 407 407 407 407 407 408 408 409 409 409 409 410 410 416 416 416 416 416 416 417 417 417 417 417 417 417 417 417 417 418 418 418 418 418 418 418 418 418 418 418 418 418 418 418 418 418 417 417 417 417 417 417 417 417 416 417 417 417 417 417 416 417 417 417 417 416 416 416 417 417 415 415
417 417 417 419 419 419 419 421 421 421 421 422 423 423 402 402 403 403 404 404 404 405 405 405 405 406 407 407 407 407 407 407 408 408 408 409 415 415 415 415 416 416 416 416 416 416 416 416 416 417 417 417 417 417 417 417 417 417 417 417 417 417 416 416 416 416 416 416 416 416 416 416 415 415 415 415 415 415 415 415 415 415 415 415 415 414 415 415 415 415 414 414 415 415
415 416 417 417 417 418 419 419 419 419 420 421 421 421 400 402 402 402 402 402 403 404 404 404 404 404 405 405 406 406 406 406 407 407 407 407 413 413 413 414 414 414 414 414 415 415 415 415 416 416 416 416 416 415 415 415 415 415 415 415 415 415 415 415 415 415 415 416 416 415 415 415 415 415 415 415 413 413 413 413 413 414 413 413 413 413 413 412 413 413 413 413 412 412
414 414 415 416 416 416 417 418 418 418 419 419 420 420 399 400 400 401 401 401 402 402 402 402 403 404 404 404 404 404 404 405 405 406 406 406 406 412 413 413 413 413 413 413 413 413 413 414 414 414 414 414 414 414 414 414 414 414 414 414 414 414 414 415 414 414 414 414 414 414 414 414 414 413 413 413 413 413 413 413 411 411 411 412 412 411 411 411 411 411 411 411 411 411
412 413 414 414 414 416 416 416 416 417 418 418 418 418 420 399 399 399 399 400 401 401 401 401 402 402 402 402 403 403 404 404 404 404 404 404 404 411 411 411 411 412 412 412 412 412 413 413 413 413 413 413 413 413 413 413 412 412 412 412 412 413 413 413 413 413 413 413 413 412 412 412 412 412 412 412 412 411 411 411 411 411 410 409 409 410 410 410 409 409 409 409 409 409
411 412 412 413 413 414 414 415 415 416 416 416 417 417 418 397 397 398 398 399 399 399 399 399 401 401 401 401 401 401 402 402 402 403 403 403 403 404 410 410 410 410 410 410 410 411 411 411 411 411 411 411 411 411 411 411 411 411 411 412 412 412 412 412 411 411 411 411 411 411 411 411 411 410 410 410 410 410 410 410 409 409 409 409 408 407 407 407 408 408 407 407 407 407
409 411 411 411 412 413 413 413 413 415 415 415 415 416 417 396 396 396 397 397 398 398 398 399 399 399 399 400 400 401 401 401 401 401 401 401 402 402 408 408 409 409 409 409 410 410 410 410 410 410 410 410 410 410 410 410 410 410 410 410 410 410 410 410 410 410 410 410 410 410 409 409 409 409 409 409 409 408 408 408 408 408 408 407 407 407 406 406 405 405 406 406 405 405
409 409 409 410 411 411 411 412 413 413 413 414 414 415 415 415 394 396 396 396 396 396 396 398 398 398 398 398 399 399 399 399 400 400 400 401 401 401 407 407 407 407 407 407 408 408 408 408 408 408 408 408 408 408 408 408 409 409 409 409 409 409 409 409 409 408 408 408 408 408 408 408 408 408 407 407 407 407 407 407 406 406 406 406 406 406 405 404 404 404 403 403 404 404
407 408 408 409 409 410 410 410 411 412 412 412 413 413 414 414 393 394 394 394 395 395 396 396 396 396 396 397 398 398 398 398 398 398 399 399 399 399 399 406 406 406 406 407 407 407 407 407 407 407 407 407 407 407 408 408 408 408 407 407 407 407 407 407 407 407 407 407 407 407 406 406 406 406 406 406 406 405 405 405 405 405 405 404 404 404 404 404 403 402 402 402 401 401
406 406 406 408 408 408 408 410 410 410 410 411 412 412 412 412 392 393 393 393 393 394 394 395 395 395 395 396 396 396 396 396 397 397 398 398 398 398 398 404 404 404 405 405 405 405 405 405 405 405 405 405 405 406 406 406 406 406 406 406 406 406 406 406 406 405 405 405 405 405 405 405 405 405 404 404 404 404 404 404 403 403 403 403 403 403 402 402 402 402 400 400 400 400
404 405 406 406 406 407 407 408 408 409 409 410 410 410 411 411 391 391 391 391 392 393 393 393 393 393 393 395 395 395 395 395 395 396 396 396 396 396 396 397 403 404 404 404 404 404 404 404 404 404 404 405 405 405 405 405 405 405 404 404 404 404 404 404 404 404 404 404 404 404 403 403 403 403 403 403 403 402 402 402 402 402 402 401 401 401 401 401 400 400 400 400 398 398
