testData/tiles/oneDegree/grid3.0-31.0-4.0-32.0.asc
ncols   200
nrows   200
xllcorner   3.0
yllcorner   31.0
cellsize   0.005
NODATA_value   -9999.0
[rows 84 to 125 of 200, columns 0 to 93 of 200]
471 473 474 475 476 477 478 480 481 482 483 484 485 487 487 489 489 490 492 492 494 494 496 496 497 499 499 501 501 502 504 504 504 505 506 506 508 509 509 511 511 512 512 514 515 515 516 517 518 519 519 520 521 522 522 523 524 524 526 526 527 527 528 529 529 530 529 530 531 532 533 533 534 534 535 535 536 536 537 538 538 539 539 540 540 541 541 542 542 542 543 542 543 543
471 473 473 475 475 477 479 479 481 481 483 484 485 486 487 488 489 490 492 492 493 494 495 497 497 498 499 500 502 502 503 504 505 505 507 508 507 509 509 510 510 512 513 513 514 515 516 517 517 519 519 520 520 521 523 523 524 524 525 525 526 528 528 529 529 530 530 531 531 531 532 532 533 533 534 536 536 537 537 538 538 539 538 539 540 540 541 541 542 542 543 543 544 543
471 472 473 474 476 477 478 479 480 481 482 484 484 486 486 488 489 490 491 492 493 494 495 496 497 498 498 500 501 502 503 503 505 506 506 508 508 509 509 510 511 511 513 513 514 515 516 517 517 518 518 520 521 521 522 522 523 524 525 526 526 527 527 528 528 530 531 531 532 532 533 532 533 534 534 535 535 536 536 537 538 538 539 539 540 540 541 541 542 543 543 544 543 544
470 472 472 474 476 476 478 478 480 481 482 483 484 485 487 487 489 489 491 491 493 494 494 496 496 498 499 499 501 501 502 504 504 506 506 507 507 509 510 510 512 512 512 513 514 515 515 516 517 518 519 519 520 521 522 522 523 524 524 525 526 527 528 528 529 529 530 530 531 532 533 534 534 534 534 535 536 536 537 537 538 538 539 539 540 541 541 541 541 542 542 543 543 544
470 471 473 474 475 476 477 479 479 481 481 483 483 485 486 487 488 489 490 492 492 494 494 495 497 497 499 499 500 501 502 503 504 505 505 507 508 508 510 510 511 511 513 514 514 514 515 516 517 517 519 519 520 520 521 522 523 524 524 525 526 526 527 528 529 529 530 531 531 532 532 533 533 534 535 534 535 535 536 536 537 538 538 539 539 540 540 541 541 542 543 543 544 544
470 472 472 473 475 475 477 478 479 480 481 482 484 484 486 486 488 489 490 491 492 493 494 495 496 497 498 499 500 501 502 503 503 505 506 506 508 508 509 510 511 512 512 514 514 515 516 517 517 517 518 518 520 521 521 522 522 523 525 525 526 526 527 527 528 529 529 531 531 532 532 533 534 534 535 535 536 535 536 537 537 538 538 539 539 540 541 541 542 542 542 542 543 543
471 471 473 474 475 477 477 478 478 480 480 482 484 484 486 486 487 489 489 491 491 493 494 495 496 496 498 499 499 501 501 503 503 504 506 506 507 507 509 510 510 512 512 513 514 515 516 516 517 518 518 519 519 520 520 522 523 523 524 524 525 526 527 528 528 529 529 530 530 531 532 532 533 533 534 534 536 537 537 537 537 537 537 538 539 539 540 540 541 541 542 543 543 544
470 471 473 473 475 476 477 478 479 481 482 482 483 484 485 487 487 488 489 490 491 492 494 494 496 496 497 499 499 500 501 502 503 504 505 505 507 508 508 510 510 511 511 513 514 514 515 516 517 518 518 520 520 520 520 521 522 523 524 524 525 526 526 527 527 529 529 530 531 531 532 532 533 534 534 535 535 536 536 537 538 537 538 538 539 539 540 541 541 542 542 543 542 543
470 470 472 474 474 476 476 478 479 480 482 482 484 484 486 486 487 488 488 490 491 492 493 494 495 496 497 498 499 500 501 502 503 503 505 505 506 508 508 509 509 511 512 512 514 514 515 516 516 518 518 519 519 520 522 521 522 522 523 524 525 526 526 527 527 528 529 529 530 530 531 533 533 534 534 535 535 536 537 537 538 538 539 538 539 540 539 540 540 541 541 542 543 543
469 470 472 473 474 475 476 477 479 480 481 482 483 485 485 487 487 489 489 489 491 491 493 493 495 496 496 498 498 500 501 501 503 503 504 506 506 507 507 509 510 510 512 512 513 513 515 516 516 517 517 519 520 520 521 521 523 524 523 524 524 525 525 526 528 528 529 529 530 531 531 532 532 533 533 534 535 535 536 536 537 537 538 539 539 539 539 540 540 541 542 542 543 542
469 471 471 473 473 475 475 477 479 479 481 481 483 484 485 486 487 488 490 490 491 492 492 494 494 496 496 497 499 499 500 501 502 502 504 505 505 507 507 508 510 510 511 511 513 514 514 515 516 517 518 518 519 520 521 521 522 523 523 525 524 525 526 526 527 527 528 528 529 531 531 532 532 533 534 534 535 535 536 536 537 538 538 539 539 540 540 540 540 540 541 541 542 542
468 470 471 472 473 474 476 477 478 479 480 482 482 484 484 486 486 488 489 490 491 491 493 494 495 495 495 497 498 499 500 500 502 503 503 505 505 506 508 508 509 509 511 511 512 513 514 515 515 516 518 518 519 519 520 521 522 523 523 524 525 525 525 526 527 527 528 529 529 530 530 531 532 532 533 533 534 534 535 536 536 537 537 538 539 539 540 540 540 540 541 542 542 543
468 470 470 472 472 474 475 476 478 478 480 481 482 483 484 485 487 487 489 489 491 492 492 494 494 496 497 497 498 498 500 500 501 503 503 504 505 506 507 507 509 509 510 512 512 513 513 514 516 516 517 517 519 519 520 521 521 522 522 524 525 525 526 526 526 527 527 529 529 530 530 531 532 532 533 533 534 535 535 536 536 537 538 538 539 539 540 540 541 542 540 541 541 542
467 469 470 471 472 473 475 476 477 478 479 481 481 483 483 485 486 487 488 489 490 491 492 493 494 495 497 497 498 499 500 500 501 502 502 504 505 505 507 507 508 509 510 511 511 513 513 514 515 515 517 517 518 519 519 521 521 522 523 523 524 524 526 526 527 528 527 528 528 529 530 530 531 531 532 533 533 534 534 535 535 536 537 537 538 538 539 540 540 541 541 542 541 542
467 468 469 471 472 473 474 475 477 478 479 480 481 482 484 484 486 486 488 488 490 491 491 493 493 495 496 496 498 498 500 501 501 502 502 503 505 505 506 506 508 509 509 511 511 512 513 514 515 515 516 517 518 519 519 520 520 521 523 523 524 524 525 526 526 527 528 529 529 529 530 530 531 531 532 533 533 534 534 535 536 536 537 537 538 539 539 540 540 541 541 541 542 541
466 468 469 470 472 472 474 475 476 478 478 480 480 482 483 484 485 486 487 489 489 490 491 492 494 494 496 496 497 499 499 500 501 502 502 504 504 504 506 506 507 509 509 510 510 512 513 513 514 515 516 517 517 518 518 520 521 521 522 522 523 525 525 526 526 527 527 528 529 528 529 529 530 531 532 533 533 534 535 535 536 536 537 536 537 538 538 539 539 540 541 541 542 542
466 467 468 470 471 472 473 474 476 477 478 479 480 481 483 483 485 485 487 488 489 490 490 492 493 494 495 495 497 498 499 500 500 502 503 503 505 505 505 507 507 508 508 510 511 511 512 513 514 514 515 516 517 518 518 519 520 520 522 522 523 524 524 525 525 526 528 528 529 529 530 530 530 531 531 532 532 533 534 534 535 535 536 537 537 538 538 539 540 540 541 540 541 541
465 467 469 469 471 471 473 474 475 477 477 479 480 481 482 483 484 485 486 488 488 489 490 491 493 493 495 495 496 498 498 499 500 501 502 503 504 504 506 507 506 508 508 509 510 511 512 512 513 515 515 516 516 517 519 519 520 520 521 522 522 524 524 525 525 526 527 527 528 528 529 530 530 531 531 532 533 533 534 534 535 536 536 537 536 537 537 538 539 539 540 540 541 542
465 466 468 469 470 471 472 474 475 476 477 478 480 480 482 482 484 485 486 487 488 489 490 491 492 493 494 495 496 497 498 499 499 501 502 502 504 504 505 507 507 508 507 509 510 510 511 512 513 514 514 515 516 517 518 518 519 520 521 522 522 523 523 524 525 526 527 527 528 529 529 530 530 531 530 531 532 532 533 533 534 535 535 536 536 537 538 538 539 539 540 541 540 541
465 466 467 468 470 470 472 473 474 476 476 478 479 480 481 482 483 485 485 487 487 488 490 490 492 492 494 495 495 497 497 498 500 500 501 502 503 504 505 506 506 508 509 509 509 510 511 511 512 514 514 515 515 516 518 518 519 519 520 521 521 523 523 524 525 525 526 526 527 528 528 529 530 531 532 532 532 532 533 534 534 535 535 536 537 536 537 537 538 538 539 540 540 541
465 466 467 467 469 470 471 473 473 475 476 477 479 479 481 481 483 484 485 486 486 488 489 490 491 492 493 494 495 496 497 498 499 500 501 501 503 504 504 506 506 507 508 509 510 510 510 512 512 513 513 514 516 516 517 517 518 520 520 521 521 522 522 523 524 525 526 526 527 528 528 529 529 530 531 531 532 531 532 533 533 534 534 535 536 536 537 537 538 539 539 540 539 540
465 466 467 467 469 469 471 472 473 474 475 477 478 479 480 481 482 484 484 485 486 487 489 489 491 491 493 494 494 496 496 497 499 499 500 501 502 503 504 505 505 507 508 508 509 510 511 512 511 513 513 514 515 515 517 517 518 519 519 520 520 522 523 523 524 524 525 526 526 527 527 528 530 530 531 531 532 532 533 533 533 534 534 535 536 535 536 536 537 538 538 539 539 540
467 467 467 467 468 470 470 472 472 474 475 476 477 478 480 481 482 483 483 485 485 487 488 489 490 491 492 493 494 495 496 497 498 499 500 500 502 503 503 504 505 506 507 508 509 509 510 512 512 513 512 513 515 515 516 516 517 519 519 520 520 521 522 522 523 524 525 526 526 527 527 528 529 529 530 530 531 532 532 533 532 533 534 534 535 535 536 537 537 538 538 539 538 539
467 467 468 468 469 469 470 471 472 473 475 475 477 477 479 480 481 482 483 484 486 486 488 488 490 491 491 493 493 495 496 496 498 498 499 501 501 502 503 504 504 506 507 507 508 509 510 511 511 513 513 513 514 514 515 516 517 518 518 519 519 521 522 522 523 523 524 525 525 526 526 527 528 529 530 530 531 532 532 533 533 533 534 534 534 534 535 536 536 537 537 538 539 539
467 467 468 468 469 470 470 472 471 473 474 475 476 477 478 480 480 482 482 484 485 486 487 488 489 490 491 492 493 494 495 496 497 497 499 500 500 502 502 503 505 505 506 507 508 509 509 511 511 512 513 513 515 514 515 515 516 517 518 519 519 520 521 521 522 522 524 525 525 526 526 527 528 528 529 529 530 531 531 532 532 533 533 533 534 534 535 536 536 537 537 537 538 538
467 467 468 468 469 470 470 471 472 473 474 474 476 476 478 479 480 481 482 483 485 485 487 487 489 490 490 492 492 494 495 495 497 497 498 500 500 501 502 503 504 504 506 506 507 509 509 510 510 511 513 513 514 514 514 516 516 517 517 518 519 519 521 521 522 523 523 524 524 525 526 526 527 527 529 529 530 531 531 532 532 533 534 532 533 533 534 535 535 536 536 537 538 538
467 467 468 468 469 470 470 471 471 473 474 475 476 476 477 479 479 481 481 483 484 485 486 487 488 489 490 491 492 493 494 495 496 496 498 499 499 501 501 502 504 504 505 505 507 508 508 509 510 511 512 512 514 514 515 516 515 516 517 518 519 519 520 520 521 522 523 524 524 525 526 526 527 527 528 529 529 530 530 531 532 532 533 533 534 534 534 535 535 536 537 536 537 537
467 467 468 468 469 470 470 471 471 472 474 474 476 476 478 478 479 480 481 482 484 484 485 486 487 489 489 491 491 492 494 494 495 496 497 499 499 500 500 502 503 503 505 505 506 507 508 509 509 510 512 512 513 513 514 516 516 516 516 517 518 518 520 520 521 522 522 523 523 524 525 525 526 526 527 528 528 529 529 530 531 531 532 532 533 534 533 534 534 535 536 536 537 537
467 467 468 468 469 470 470 471 471 472 473 473 475 476 477 479 479 480 480 482 483 483 485 485 487 488 489 490 490 492 493 494 495 495 497 498 498 500 500 501 502 503 504 504 506 507 507 508 509 510 511 511 512 513 514 515 515 516 515 517 518 518 519 519 520 521 521 522 523 524 525 525 526 526 527 528 528 529 529 530 531 531 532 532 533 534 534 534 534 534 535 535 536 536
467 467 468 468 469 470 470 471 471 472 473 473 474 475 476 478 478 480 480 481 482 483 484 485 486 488 488 489 490 491 493 493 494 495 496 497 498 499 499 501 502 502 503 504 505 506 507 508 508 509 510 511 512 512 513 514 515 516 516 516 517 517 518 519 520 521 521 522 522 523 524 524 525 525 526 527 527 528 528 529 530 530 531 531 532 533 533 533 533 534 535 535 536 536
467 467 468 468 469 470 470 471 471 472 473 473 474 474 476 477 478 479 480 481 482 482 484 484 486 487 487 489 489 491 492 492 494 494 495 497 497 498 499 500 501 502 503 503 504 506 506 507 507 509 510 510 511 511 513 514 514 515 515 516 517 517 518 518 519 520 520 521 521 523 524 524 525 525 526 527 527 528 528 529 530 530 531 531 532 533 533 534 532 533 534 534 535 535
467 467 468 468 469 470 470 471 471 472 473 473 474 474 475 477 477 479 479 481 482 483 483 484 485 486 487 488 489 490 491 492 493 494 495 496 497 498 498 499 501 501 502 503 504 505 505 507 507 508 509 510 511 511 512 513 513 515 515 516 517 516 517 517 519 520 520 521 521 522 523 523 524 524 525 526 526 527 527 528 529 529 530 530 531 532 532 533 533 533 534 534 535 534
467 467 468 468 469 470 470 471 471 472 473 473 474 474 475 476 477 478 479 480 482 482 484 484 484 486 486 488 488 489 491 491 493 493 494 496 496 497 498 499 500 500 502 502 503 505 505 506 506 508 509 509 510 510 512 513 513 514 514 515 516 517 517 517 518 519 519 520 520 521 522 523 524 524 525 526 526 527 527 528 529 529 530 530 531 532 531 532 532 533 533 533 534 534
467 467 468 468 469 470 470 471 471 472 473 473 474 474 475 476 476 478 478 480 481 481 483 483 485 485 486 487 487 489 490 491 492 492 494 495 495 497 497 498 500 500 501 501 503 504 504 505 506 507 508 508 510 510 511 512 512 513 514 515 516 516 517 516 517 518 519 520 520 521 522 522 523 523 524 524 525 526 526 527 527 528 529 529 530 530 531 532 532 533 533 532 533 533
467 467 468 468 469 470 470 471 471 472 473 473 474 474 475 476 476 477 477 479 480 481 482 483 484 486 485 486 487 488 490 490 491 492 493 494 495 496 496 498 499 499 501 501 502 503 504 505 505 506 508 508 509 509 510 511 512 513 513 514 514 515 517 517 517 517 518 519 519 520 520 521 522 522 523 523 525 526 526 527 527 527 528 528 529 529 530 531 531 532 532 532 533 533
467 467 468 468 469 470 470 471 471 472 473 473 474 474 475 476 476 477 477 478 480 480 482 482 484 485 485 486 486 488 489 489 491 491 492 494 494 495 496 497 497 499 500 500 501 502 503 504 504 506 506 507 508 509 510 510 511 512 512 514 514 515 516 516 517 516 517 518 519 520 520 521 522 522 523 523 524 525 525 526 526 527 528 528 529 529 530 531 531 531 531 532 532 532
467 467 468 468 469 470 470 471 471 472 473 473 474 474 475 476 476 477 477 478 478 480 481 481 483 483 485 486 486 487 487 489 490 490 492 492 493 495 495 496 497 498 499 500 501 501 502 504 504 505 505 507 508 508 509 509 510 512 512 513 513 514 515 515 517 517 517 518 518 519 519 520 521 521 522 522 523 524 524 525 525 526 527 527 528 528 529 530 530 531 531 532 532 531
466 467 468 468 469 469 470 471 471 472 472 473 474 474 475 475 476 477 477 478 478 479 480 481 482 483 484 486 486 486 487 488 489 490 491 492 493 494 495 496 496 497 499 499 500 501 502 503 503 504 505 506 507 507 509 509 510 511 511 512 512 514 515 515 516 516 516 517 517 518 518 520 521 521 522 522 523 523 524 525 525 526 526 527 528 528 528 528 529 530 530 531 531 531
466 467 468 468 469 469 470 471 471 472 472 473 474 474 475 475 476 477 477 478 478 479 480 480 482 482 483 485 485 487 486 487 489 489 491 491 492 494 494 495 495 497 498 498 500 500 501 502 503 504 504 505 506 507 508 508 509 510 511 512 512 513 513 514 515 515 517 516 517 518 518 519 519 520 521 521 522 522 523 524 524 525 525 526 527 527 528 528 529 530 530 530 530 531
466 467 468 468 469 469 470 471 471 472 472 473 474 474 475 475 476 477 477 478 478 479 480 480 481 481 483 484 485 486 486 487 488 489 490 490 492 493 493 495 495 496 497 498 499 499 501 501 502 503 503 505 505 506 507 507 509 509 510 511 511 512 512 514 515 515 516 516 516 517 517 518 518 519 520 520 521 521 522 523 523 524 524 525 526 526 527 527 528 528 529 530 530 531
466 467 468 468 469 469 470 471 471 472 472 473 474 474 475 475 476 477 477 478 478 479 480 480 481 481 482 484 484 485 486 487 487 488 489 490 491 491 493 494 494 495 496 497 498 499 500 500 501 503 503 504 504 505 507 507 508 508 509 510 511 512 512 513 514 514 515 515 515 517 517 518 518 519 519 520 521 521 522 522 523 524 524 525 525 526 527 527 527 527 528 529 529 530
466 467 468 468 469 469 470 471 471 472 472 473 474 474 475 475 476 476 477 478 478 479 479 480 481 481 482 482 483 485 485 486 487 487 489 489 490 491 492 493 494 495 495 496 498 498 499 499 501 502 502 503 504 505 506 506 507 507 509 510 510 511 511 512 512 514 515 515 516 515 516 517 517 518 518 519 520 520 521 521 522 523 523 524 524 525 525 526 527 527 528 528 528 529
