testData/tiles/oneDegree/grid38.0-7.0-39.0-8.0.asc
ncols   200
nrows   200
xllcorner   38.0
yllcorner   7.0
cellsize   0.005
NODATA_value   -9999.0
[rows 42 to 83 of 200, columns 0 to 93 of 200]
479 479 478 477 476 475 473 473 471 469 467 465 464 462 460 458 456 454 451 447 443 437 436 435 434 434 433 431 431 430 429 428 428 427 426 425 424 422 421 421 420 419 418 417 416 415 415 413 413 412 411 410 408 408 407 406 405 405 403 402 400 399 399 397 397 395 395 393 393 391 391 390 390 390 390 390 388 388 387 387 387 386 386 386 387 387 388 387 387 388 387 388 388 388
479 479 478 477 475 474 473 472 471 468 467 466 464 461 460 457 456 453 449 447 442 437 435 435 434 434 432 431 431 430 429 428 428 426 426 425 424 423 422 421 419 419 418 417 416 415 414 413 413 411 411 410 409 408 406 406 405 404 403 402 400 400 398 397 396 395 394 393 392 391 391 390 389 390 389 390 388 389 387 386 387 385 386 386 387 387 388 387 387 388 388 388 387 388
479 479 477 476 475 474 473 472 470 468 467 465 463 461 459 457 456 452 449 446 441 436 435 435 434 433 432 431 431 429 429 428 427 426 426 425 423 423 422 421 420 419 417 417 416 414 414 413 412 411 411 409 409 408 406 406 404 404 403 402 401 400 398 396 396 395 394 393 392 391 390 390 389 389 389 389 388 388 387 387 386 385 386 386 387 387 387 387 388 388 388 389 388 388
480 478 476 476 474 474 473 471 469 469 467 464 463 461 460 458 454 452 449 446 440 436 435 435 433 433 432 432 430 429 429 427 427 426 426 424 424 423 421 421 420 419 417 417 416 414 414 412 412 411 410 409 409 407 406 406 404 404 402 402 400 400 399 396 396 394 394 392 392 390 390 389 389 389 389 388 387 388 387 387 386 385 386 386 387 387 387 387 388 388 388 388 388 389
479 477 476 476 474 474 471 471 469 468 466 464 463 461 460 456 455 451 449 444 440 436 435 434 433 433 432 431 430 429 429 427 427 426 425 424 424 422 421 421 420 419 418 418 415 415 414 412 412 410 410 409 408 407 407 405 404 403 402 402 400 400 398 397 396 394 393 392 391 390 389 389 388 389 388 388 387 387 387 387 386 386 386 386 387 387 387 387 388 388 388 388 388 389
478 477 476 475 474 473 471 471 469 467 465 464 463 461 458 456 455 452 448 443 436 436 434 434 433 433 431 431 430 429 428 427 427 425 425 424 424 422 421 421 419 419 418 417 416 415 413 412 412 410 410 408 408 407 406 405 404 403 402 401 400 399 398 397 396 395 393 392 391 390 389 388 389 388 387 387 387 387 386 387 386 386 387 386 387 386 387 387 388 388 388 388 388 389
478 477 477 475 473 472 471 470 469 467 465 464 462 459 458 456 454 450 448 443 438 435 434 434 433 432 431 431 430 428 428 427 426 425 425 424 423 422 421 420 419 419 417 417 416 415 414 412 411 410 410 408 408 406 406 405 403 403 401 401 400 399 398 397 396 394 394 391 391 389 389 388 389 388 386 387 386 386 386 386 386 387 387 387 387 386 387 387 388 388 388 388 388 389
478 477 476 474 473 472 471 470 467 467 465 464 461 459 458 455 453 450 447 442 437 436 434 434 432 432 431 431 429 429 428 427 426 425 425 423 423 422 421 420 419 418 417 417 415 415 414 412 411 410 409 408 408 406 406 404 403 403 401 401 399 399 397 397 395 394 393 392 391 389 388 388 388 387 386 386 386 386 386 386 386 387 387 387 387 387 387 387 388 387 388 388 388 389
478 476 475 474 472 472 469 469 467 466 465 463 461 459 457 454 452 449 447 441 437 436 435 434 432 432 431 430 429 429 428 426 426 425 424 423 423 421 421 420 419 418 417 417 415 415 413 413 412 410 409 408 407 406 405 404 403 402 401 400 399 398 397 396 395 394 393 391 391 389 388 387 388 386 386 386 385 386 385 386 386 387 387 387 387 387 388 387 388 387 388 388 388 389
477 475 475 474 472 471 469 469 467 466 463 463 461 458 456 454 452 449 446 441 437 436 435 434 433 433 430 430 429 429 427 426 426 424 424 423 423 421 421 420 418 418 417 416 415 415 413 413 411 410 410 407 407 406 405 404 403 402 400 400 399 398 397 396 395 393 393 391 391 389 388 388 386 386 385 385 385 386 385 386 386 387 387 386 387 387 388 388 387 387 388 388 399 377
476 475 475 473 472 470 469 468 467 465 463 462 460 457 456 453 451 448 444 437 437 436 434 434 433 432 431 430 429 428 427 426 425 424 424 423 422 421 421 419 418 418 416 416 415 414 413 413 411 410 409 408 408 405 405 403 403 402 400 400 398 398 396 396 394 394 392 391 390 389 388 387 387 385 385 385 385 385 385 386 386 387 386 386 387 387 388 388 388 387 399 399 376 376
476 475 474 472 472 470 469 468 465 465 463 462 459 458 455 453 451 447 443 437 437 435 434 434 432 432 431 431 429 428 427 426 425 424 424 422 422 421 420 419 418 417 416 416 414 414 413 412 411 409 409 408 407 406 405 403 403 401 400 399 398 397 396 395 394 393 392 390 390 388 388 386 386 386 385 385 385 385 385 386 386 387 386 386 387 387 388 387 388 399 400 399 376 376
476 475 473 472 471 470 468 467 465 464 463 461 459 457 455 452 450 446 442 437 436 435 435 434 432 432 431 430 429 429 427 425 425 424 423 422 422 420 420 419 417 417 416 415 414 414 412 412 411 409 409 407 407 406 405 403 402 401 399 399 398 397 396 395 394 393 392 390 389 388 387 386 386 385 386 386 384 385 385 386 386 386 386 386 387 387 388 398 399 399 400 377 375 376
477 473 473 472 471 470 467 467 465 464 461 460 458 457 455 451 449 445 442 436 436 435 435 433 432 432 430 430 429 429 427 426 425 423 423 422 421 420 420 418 417 417 415 415 414 413 412 412 410 409 409 407 407 405 405 403 403 401 399 399 397 397 395 395 393 393 391 390 389 387 387 385 386 385 386 385 385 385 385 386 386 386 386 387 387 398 398 398 399 399 377 376 376 376
475 474 474 471 471 469 467 466 465 463 461 460 458 457 453 451 449 445 441 436 436 435 434 433 432 431 430 430 429 428 427 427 425 424 423 422 421 420 420 418 417 417 415 415 413 413 412 411 410 409 408 407 406 405 405 403 403 401 399 398 397 396 395 394 393 392 391 389 389 387 386 385 385 385 386 385 385 386 385 386 385 386 386 398 398 397 398 398 399 399 377 376 376 377
475 474 474 472 470 468 467 466 463 463 461 460 458 455 453 450 448 443 437 436 436 434 434 433 431 431 430 430 428 428 427 426 425 424 424 421 421 420 419 418 417 416 415 415 413 413 411 411 410 408 408 406 406 405 404 403 402 401 399 399 396 396 394 394 392 392 390 389 388 387 386 384 385 385 385 385 385 386 386 385 385 397 397 398 398 397 398 398 399 376 376 376 376 377
475 474 473 471 471 469 466 465 463 462 460 459 456 455 453 450 446 442 437 436 435 434 434 433 431 431 430 429 428 428 427 426 425 424 423 422 422 419 419 418 416 416 415 414 413 413 411 411 409 408 408 406 406 404 404 402 402 401 399 399 397 396 394 394 392 391 390 388 388 386 386 384 385 384 385 385 385 386 386 397 397 397 397 398 397 397 398 398 399 375 376 376 376 377
475 473 472 471 470 469 466 466 463 462 460 458 456 455 452 448 446 441 437 435 435 434 434 432 431 431 429 429 428 428 426 426 425 423 423 422 421 420 419 417 416 416 414 414 413 412 411 410 409 408 407 406 405 404 404 402 402 400 399 398 397 396 394 393 392 391 390 388 387 386 385 384 385 384 385 385 385 386 396 397 397 398 397 397 397 397 398 398 375 375 376 376 376 377
474 472 472 470 470 468 466 465 464 462 459 458 456 454 451 448 445 441 436 435 435 434 433 432 431 430 429 429 428 427 426 426 424 423 423 421 421 420 419 418 416 415 414 414 412 412 411 410 409 407 407 405 405 404 403 402 401 400 398 398 396 396 394 394 391 391 389 387 387 385 385 384 384 384 385 385 396 396 396 397 397 398 398 397 397 397 398 375 375 375 376 376 376 376
473 472 472 470 469 467 466 465 463 461 460 457 455 453 450 447 444 436 436 435 435 433 433 432 430 430 429 429 427 427 426 424 424 423 422 421 421 419 419 418 416 415 414 413 412 412 410 410 408 407 407 405 405 403 403 401 401 399 398 397 396 395 394 393 392 390 389 387 386 385 385 384 384 384 396 396 396 396 396 397 397 398 397 398 397 397 398 374 375 375 376 376 375 376
473 472 471 469 469 467 465 465 462 461 459 458 455 452 450 447 442 436 436 435 434 433 433 431 430 430 429 428 427 427 425 424 424 422 422 421 420 419 419 417 416 416 413 413 412 411 410 409 408 407 406 405 404 403 402 401 401 399 398 397 396 395 394 393 391 391 388 387 386 385 385 384 384 395 396 396 395 396 396 397 397 397 397 397 398 398 374 374 375 375 376 375 375 376
473 471 470 469 468 467 465 463 462 461 459 457 454 453 449 445 441 436 436 434 434 433 431 431 430 430 428 428 427 426 425 424 424 422 422 421 420 419 419 417 416 415 414 414 411 411 410 409 408 406 406 404 404 403 402 401 400 399 397 397 395 395 393 393 391 390 389 386 386 385 385 395 395 395 396 395 395 396 396 397 396 397 397 397 398 374 375 374 375 375 376 375 375 376
472 470 470 468 468 466 464 463 461 461 458 456 454 452 449 445 441 436 435 434 434 433 431 431 430 429 428 428 426 426 425 424 423 422 422 420 420 419 418 417 415 415 414 413 412 411 409 409 407 406 406 404 404 402 402 400 400 398 397 396 395 394 393 392 391 390 388 387 387 396 396 395 395 395 394 395 395 396 396 397 396 397 397 397 398 374 375 375 375 375 375 375 375 376
471 470 470 468 466 465 464 463 461 459 457 456 454 450 448 444 442 435 435 434 434 432 431 431 429 429 428 428 426 426 425 423 423 422 421 420 420 418 418 417 415 415 413 413 412 411 410 408 407 406 405 404 403 402 401 400 399 398 396 396 394 394 392 392 390 388 388 387 398 397 396 395 395 395 394 395 395 396 396 396 396 397 397 397 374 374 375 375 376 374 375 375 375 376
471 470 469 467 465 465 463 463 460 459 457 456 452 450 448 444 437 436 436 434 433 432 431 430 429 429 428 427 426 426 424 423 423 421 421 420 419 418 418 416 415 414 413 413 411 411 410 409 407 405 405 403 403 401 401 400 398 398 396 395 394 393 392 391 390 388 399 398 398 397 397 395 395 394 394 395 395 396 395 396 396 397 397 373 374 374 375 375 375 375 375 375 376 376
471 469 468 467 465 465 463 461 459 459 456 454 452 449 447 442 437 436 436 434 434 432 430 430 429 429 427 427 426 425 424 423 422 421 421 419 419 418 417 416 415 414 413 412 411 411 409 408 407 405 404 403 403 401 401 399 398 397 396 395 393 393 391 391 389 399 399 398 398 397 397 396 396 394 394 395 395 395 395 396 396 397 373 373 374 374 375 374 375 375 377 376 375 376
470 468 468 466 465 464 462 461 459 458 455 454 451 449 445 441 437 436 435 434 434 432 430 430 429 428 427 427 425 424 424 422 422 421 420 419 419 417 416 416 414 414 412 412 411 410 409 407 407 406 405 403 402 401 400 399 397 397 395 395 393 392 391 401 400 399 399 398 398 397 397 396 396 395 394 395 394 395 395 396 396 396 373 373 374 374 374 374 376 376 377 376 376 377
469 468 466 466 464 463 461 461 459 457 455 452 451 447 444 441 437 435 435 434 432 432 431 431 428 428 427 426 425 424 423 422 422 420 420 419 418 417 416 415 414 414 412 412 410 410 408 407 407 405 405 403 402 400 400 398 397 396 395 394 393 403 401 401 400 399 399 398 398 397 397 396 396 395 395 394 394 395 395 396 395 372 373 373 374 373 375 375 376 376 375 377 377 378
469 468 466 465 463 463 461 460 457 456 454 452 449 446 444 437 436 435 435 433 432 432 431 430 429 428 426 426 425 423 423 422 421 420 420 418 418 417 415 415 414 413 412 411 410 410 408 407 406 405 404 403 402 400 399 398 396 396 394 394 403 403 401 400 400 399 399 398 398 397 397 396 395 395 395 395 394 395 395 396 372 372 373 373 374 374 375 375 376 377 376 377 377 378
469 467 465 464 463 462 461 459 457 456 454 451 449 446 443 436 436 435 434 433 432 432 430 430 429 428 426 426 424 423 423 421 421 420 419 418 418 416 415 415 413 413 411 411 410 408 408 406 406 404 404 402 402 401 399 397 396 395 405 404 403 402 401 400 400 399 399 398 398 397 397 396 395 395 394 395 395 395 395 395 372 372 373 374 374 374 375 375 377 376 376 377 377 378
467 466 465 464 463 461 459 459 457 455 452 450 448 445 441 436 436 434 433 433 432 431 430 430 428 428 427 425 424 423 422 421 421 419 419 418 416 416 415 414 413 412 411 411 409 408 407 406 406 404 404 402 402 400 399 398 396 406 404 404 402 402 401 400 400 399 399 398 398 397 397 396 395 395 394 395 395 396 395 372 372 373 374 373 374 374 376 376 376 376 376 378 378 378
466 466 464 464 461 461 459 458 456 453 452 450 447 443 441 436 435 434 433 433 431 431 430 429 428 428 426 425 425 423 422 421 420 419 419 417 416 416 414 414 413 412 411 410 409 407 407 406 405 404 403 402 401 400 398 409 407 406 404 403 402 402 401 400 400 399 399 398 398 397 397 396 395 395 394 395 395 395 372 373 373 373 373 373 375 375 376 375 375 377 377 378 377 378
466 465 464 463 461 460 459 457 455 453 452 448 446 442 437 435 435 434 433 432 431 431 429 429 428 427 426 425 425 423 423 421 420 419 418 417 416 415 414 414 412 412 410 409 409 407 407 405 405 403 403 401 400 399 409 408 407 406 403 403 402 401 401 400 400 399 399 398 398 397 396 396 395 395 394 395 394 372 373 373 374 372 374 374 375 375 375 376 376 377 377 377 377 379
465 465 463 462 461 460 457 456 455 452 450 447 445 441 436 435 434 434 432 432 431 430 429 429 427 426 426 425 424 423 423 421 420 418 417 417 415 415 414 413 412 411 410 409 408 407 406 405 404 403 402 401 410 410 408 408 406 406 404 404 402 401 401 400 400 399 399 398 398 397 396 396 395 395 394 394 395 373 373 373 373 374 374 374 375 375 376 376 376 377 376 378 378 379
465 464 462 462 460 459 457 455 454 451 450 447 445 440 436 435 434 433 432 432 430 430 429 428 427 426 426 424 424 423 422 421 421 419 417 416 415 415 413 413 411 411 410 408 408 406 406 404 404 402 402 411 410 409 408 407 406 405 404 404 403 401 401 400 400 399 399 398 398 397 396 396 395 395 395 395 372 373 373 373 374 374 375 374 375 375 375 376 376 377 377 378 378 378
465 464 462 462 459 457 457 455 453 451 449 446 443 440 435 435 433 433 432 431 430 430 428 427 427 426 425 424 424 422 422 421 419 419 417 416 415 414 413 413 411 410 409 408 407 406 405 404 404 402 412 411 409 409 407 407 405 405 404 403 403 402 401 400 400 399 399 398 397 397 396 396 395 396 395 372 372 373 373 373 374 374 376 375 375 375 375 377 376 377 377 378 377 379
465 464 462 460 459 457 456 453 452 450 449 445 442 436 435 434 433 433 431 431 430 429 428 427 427 425 425 424 423 422 422 420 419 418 417 417 414 414 413 412 411 409 409 407 407 406 405 404 414 413 411 411 409 408 407 406 405 405 404 403 403 402 402 400 400 399 399 398 397 397 396 397 396 396 372 372 373 372 373 373 375 375 375 375 376 375 376 376 376 377 377 377 378 379
464 464 461 460 458 457 455 453 452 450 447 444 440 436 434 434 433 432 431 431 429 428 428 427 426 425 425 423 423 422 420 420 418 418 417 416 415 415 412 411 410 409 408 407 407 405 405 414 413 412 411 410 409 408 406 406 405 404 404 403 403 402 402 401 400 399 398 398 397 397 397 397 396 396 373 372 372 372 373 374 375 374 375 375 376 377 375 376 376 377 377 378 378 378
464 462 461 460 459 455 454 452 451 448 446 443 439 435 434 434 432 432 431 430 429 428 428 426 426 425 424 423 423 421 420 420 418 418 416 416 415 414 413 410 410 409 408 407 406 416 415 414 412 412 410 410 408 407 406 406 405 404 404 403 403 402 402 401 401 400 398 398 398 398 397 397 397 374 373 372 372 373 374 374 374 374 376 376 376 376 376 377 377 377 377 378 378 378
463 461 461 459 458 456 455 452 450 447 445 441 435 435 434 433 432 432 430 429 429 428 427 426 426 424 424 423 421 421 420 419 418 417 416 416 414 413 412 411 410 408 408 406 417 415 414 413 412 411 410 409 408 407 406 405 405 404 404 403 403 402 402 401 400 400 399 399 398 398 397 398 374 374 373 373 373 373 374 373 374 375 376 375 375 376 377 378 377 377 377 378 378 378
462 461 459 458 457 455 454 452 448 447 443 440 435 435 433 433 432 430 430 429 429 427 427 426 425 424 424 422 421 421 419 419 417 417 416 415 414 412 412 411 410 408 407 417 416 415 413 413 411 411 409 409 407 407 406 405 405 404 404 403 403 402 402 401 400 401 400 400 398 399 398 375 374 373 374 373 373 373 373 374 375 375 374 375 375 377 377 377 377 378 377 378 378 378
462 460 459 457 457 454 453 451 449 446 442 440 435 434 433 433 431 430 430 429 428 427 427 425 425 424 422 422 421 420 419 418 417 417 415 414 413 412 412 410 410 419 419 416 415 414 413 412 411 410 409 408 407 406 406 405 405 404 404 403 403 402 401 402 401 401 400 400 400 399 398 375 375 374 374 373 373 373 374 374 375 374 374 376 376 377 376 377 377 379 379 377 378 378
