testData/tiles/oneDegree/grid12.0-12.0-13.0-13.0.asc
ncols   200
nrows   200
xllcorner   12.0
yllcorner   12.0
cellsize   0.005
NODATA_value   -9999.0
[rows 42 to 83 of 200, columns 94 to 187 of 200]
486 488 489 491 493 493 496 497 499 500 501 503 505 505 507 509 509 511 512 514 515 515 518 518 520 521 522 524 524 526 527 528 530 530 531 532 533 535 535 537 538 538 538 540 541 541 542 543 544 544 546 546 547 515 515 516 516 518 518 519 520 521 521 522 522 522 522 523 523 525 525 525 525 526 527 527 528 527 529 529 529 528 528 530 530 529 530 530 531 531 531 532 531 531
486 486 488 490 491 493 494 495 498 498 501 502 503 505 506 507 509 510 511 513 514 516 516 517 520 520 522 522 523 526 526 527 528 529 530 532 533 534 535 535 537 537 538 540 540 540 541 542 542 545 545 546 546 514 514 514 516 516 517 517 519 519 520 520 522 522 523 522 522 523 523 524 524 526 525 526 526 528 528 527 528 528 529 528 528 529 529 529 530 530 530 530 530 530
484 485 488 488 491 491 493 495 496 498 500 500 503 503 505 507 508 509 510 512 513 514 516 517 518 519 520 522 522 524 525 526 527 528 530 531 531 533 533 534 535 537 538 539 540 540 542 541 542 543 544 544 545 512 513 513 515 516 516 517 518 519 518 519 520 520 521 521 522 522 522 522 524 524 525 525 525 526 526 527 527 527 528 528 527 527 528 528 528 529 529 528 529 529
483 486 486 489 489 491 493 493 496 497 498 500 501 502 505 505 507 508 509 511 511 514 514 516 517 518 520 520 522 523 524 526 526 527 529 529 530 532 533 533 535 535 536 538 538 539 540 541 541 543 542 543 544 511 511 512 513 514 514 516 516 517 517 519 519 520 519 521 521 522 521 522 523 523 523 523 524 525 525 525 526 526 526 527 527 527 526 527 528 527 527 528 527 527
482 484 485 487 488 491 491 494 495 496 498 498 500 502 503 504 506 507 509 510 511 512 513 516 516 517 518 519 522 522 523 524 525 525 528 529 530 531 531 533 533 534 536 537 538 539 540 540 541 542 543 543 544 510 511 512 513 513 514 515 515 515 516 517 518 518 519 520 521 520 521 520 522 522 522 522 523 524 524 525 524 525 526 526 526 526 525 526 526 526 526 526 526 527
481 483 484 486 488 489 490 492 493 496 496 498 500 500 502 503 505 506 508 509 509 511 513 514 515 516 518 519 520 521 521 524 524 526 527 527 529 529 530 532 533 533 535 536 536 538 538 539 540 541 541 542 509 510 510 511 511 512 512 514 514 515 515 517 516 517 517 519 519 520 520 522 521 520 521 521 523 522 523 523 523 524 524 525 525 524 526 525 524 525 525 524 525 526
480 482 483 485 486 488 489 491 493 494 495 498 498 500 501 502 504 505 507 507 510 511 511 513 514 516 516 517 519 520 522 522 523 524 525 527 528 529 529 531 531 532 533 534 535 536 537 537 540 540 541 542 509 509 510 510 511 510 511 512 513 513 515 515 516 516 518 518 518 518 518 520 520 521 519 521 521 522 522 521 523 523 524 523 523 524 524 524 524 523 523 524 524 524
478 481 482 484 485 487 488 492 492 494 495 497 498 500 501 503 504 505 506 508 509 510 511 513 514 515 516 518 519 520 520 521 521 524 525 525 527 527 528 529 530 532 533 534 534 536 536 537 538 539 539 541 507 508 508 510 510 511 511 512 512 513 513 514 514 515 516 517 517 517 518 518 519 519 520 520 519 520 520 521 521 521 522 522 522 523 523 523 523 522 522 522 523 523
479 480 483 484 486 487 488 490 491 493 494 496 497 499 499 502 503 503 506 506 508 509 511 512 512 514 516 517 518 518 520 521 522 524 524 525 525 527 528 529 529 531 531 532 534 534 535 535 537 537 538 539 506 506 508 508 509 509 511 511 511 511 513 513 514 514 514 515 515 516 517 518 517 518 518 519 519 518 519 519 520 520 520 521 521 521 522 522 521 522 521 521 522 522
478 479 482 482 485 486 488 489 491 492 493 495 496 497 499 501 501 504 504 505 508 508 510 510 512 513 514 516 516 518 519 520 521 522 523 525 526 526 528 527 528 529 530 530 532 534 534 536 536 537 537 539 505 506 507 508 508 509 509 510 510 512 511 512 512 513 514 514 514 514 516 516 517 517 517 518 518 519 518 518 519 519 520 519 519 521 520 520 521 520 520 521 520 520
477 479 480 482 484 485 487 487 490 491 493 494 494 497 498 499 501 502 503 506 506 507 508 510 511 512 513 515 516 517 518 518 521 522 522 524 524 525 526 527 528 530 529 530 531 532 533 534 535 535 537 503 504 504 506 506 507 508 509 509 510 511 511 510 510 512 512 513 513 515 515 515 515 515 517 517 517 517 517 518 517 518 518 518 519 519 519 519 519 519 520 520 519 519
476 477 479 480 482 484 485 487 489 489 492 492 495 496 496 499 499 501 502 504 505 505 508 508 510 511 512 514 514 516 517 518 519 520 521 522 523 524 526 526 527 528 529 529 531 530 531 533 533 534 535 502 502 504 504 505 505 507 507 507 508 509 510 510 511 511 511 511 512 513 513 514 514 514 515 516 516 515 517 517 517 516 516 517 518 517 518 518 517 518 519 518 519 517
475 476 478 479 482 482 484 485 487 489 490 492 493 494 497 497 498 500 501 503 504 506 506 507 509 510 512 512 513 515 516 516 518 519 521 522 522 524 524 525 526 527 527 529 530 531 532 533 532 533 535 501 502 503 503 504 504 506 506 506 506 508 508 509 510 511 510 511 511 511 512 512 513 514 514 514 514 515 516 516 516 515 516 516 516 517 516 516 517 517 517 518 517 517
474 474 477 478 480 481 483 484 487 487 489 490 492 494 495 496 497 499 500 502 503 504 505 506 508 509 510 512 512 514 514 515 517 518 520 520 521 522 523 523 526 526 527 528 529 529 531 531 532 533 533 499 500 501 502 502 504 504 505 505 507 507 508 507 509 509 510 510 510 511 511 511 511 513 513 513 513 513 515 515 514 515 514 515 515 515 515 515 515 516 516 516 515 516
472 474 476 478 479 480 482 483 485 486 488 489 491 492 494 495 497 497 498 501 501 503 504 505 507 507 510 510 511 512 513 515 516 517 518 519 519 522 522 523 524 525 525 527 527 528 529 530 530 532 532 499 498 500 500 501 502 503 503 504 505 506 506 507 508 508 508 508 510 509 510 510 510 511 511 512 512 512 513 513 514 513 514 514 513 513 514 514 514 515 514 514 515 514
471 474 474 477 477 480 481 483 484 484 487 488 490 491 492 494 495 496 498 499 500 502 503 504 505 507 508 509 510 512 512 514 514 515 517 518 519 520 521 521 523 523 524 525 527 527 529 529 530 531 498 498 500 500 500 500 502 502 503 502 504 504 505 505 506 507 507 508 508 509 508 508 510 510 510 510 510 512 511 512 512 512 513 513 512 512 512 512 513 513 513 513 513 512
470 472 473 475 476 479 479 482 482 486 486 488 490 490 493 493 495 497 498 499 500 502 502 504 506 506 508 508 510 510 511 512 513 514 516 517 518 519 519 521 522 523 524 525 525 527 527 528 528 530 496 497 498 499 499 500 500 501 501 503 503 503 504 504 505 505 506 507 508 508 507 508 508 509 509 508 509 510 511 510 510 511 512 511 512 511 510 512 512 511 512 512 511 512
468 471 472 474 476 478 480 481 482 484 485 488 488 490 491 492 495 495 497 498 499 500 501 503 504 506 506 508 509 510 510 513 513 514 515 515 517 517 519 520 521 521 523 523 524 525 526 526 528 528 495 495 497 497 498 499 500 499 500 501 501 502 502 504 504 504 504 506 506 506 507 508 508 507 507 508 508 509 509 509 509 510 510 511 510 510 510 510 510 511 510 510 510 511
469 470 472 473 475 477 478 480 481 483 485 486 487 489 490 490 493 494 495 497 498 499 500 502 503 504 506 506 508 508 511 511 512 513 514 515 517 517 517 519 519 520 521 522 522 524 525 526 527 528 494 495 496 497 497 499 499 498 499 499 500 500 501 502 503 503 503 504 504 505 505 507 507 506 506 506 508 507 507 508 508 508 509 509 508 509 510 508 509 509 508 509 509 509
467 469 470 472 474 475 477 478 480 482 483 485 486 488 488 491 492 492 495 495 497 498 499 500 501 504 504 505 506 508 509 510 510 512 513 514 516 516 517 518 518 518 521 521 522 523 524 524 526 526 493 494 495 495 495 497 497 498 498 500 499 499 500 501 501 501 503 503 504 503 504 505 505 506 505 505 506 506 506 506 506 508 507 507 508 507 508 509 507 507 508 507 508 508
467 467 470 471 473 474 475 477 478 480 482 483 485 486 487 490 490 492 493 494 496 497 498 499 501 502 503 504 506 506 508 508 509 511 512 512 514 515 516 518 518 520 520 520 520 522 522 523 524 491 491 493 493 493 494 495 496 496 498 498 499 499 500 500 499 500 501 502 502 503 502 503 504 504 504 505 504 505 505 504 506 506 506 506 506 506 507 507 506 506 506 505 507 506
465 466 468 470 472 473 475 476 477 480 480 482 483 485 486 488 489 491 492 492 495 495 497 498 499 501 501 504 504 505 506 508 508 510 510 512 512 514 515 516 517 518 519 519 521 520 521 521 522 489 489 491 491 492 493 494 494 495 496 497 497 497 499 498 499 499 500 500 500 501 502 503 502 502 503 504 504 503 503 504 504 504 505 504 504 506 505 505 506 505 504 505 505 505
464 464 467 469 470 472 473 475 477 478 479 481 482 483 485 487 488 490 490 492 493 494 496 497 498 499 501 502 503 503 506 506 508 508 509 510 512 512 514 514 515 516 517 517 519 520 521 521 522 488 489 490 491 491 493 493 494 494 495 495 495 496 497 498 497 498 499 498 499 499 501 501 501 501 501 503 503 502 502 503 503 503 503 503 503 504 504 504 504 503 503 504 503 504
463 464 466 467 469 470 472 473 475 477 478 480 480 483 483 485 487 488 489 491 492 492 495 495 497 499 499 501 501 503 504 505 506 507 508 510 510 511 512 513 513 515 516 517 518 519 519 521 521 487 488 489 489 490 491 492 492 493 494 494 495 495 496 496 497 498 497 498 498 498 499 499 500 500 501 501 501 502 501 501 502 501 501 502 501 502 503 502 502 503 502 502 502 502
463 464 465 466 467 469 470 472 474 475 477 478 480 481 482 484 485 487 488 490 490 492 493 494 496 497 498 499 501 502 503 503 505 506 507 508 509 509 511 511 513 514 515 515 517 517 518 519 486 486 488 487 488 488 490 490 490 492 492 493 493 495 495 495 495 496 497 496 497 498 497 498 498 499 500 499 500 500 499 501 500 500 500 500 501 501 501 500 501 501 501 502 500 531
462 463 465 465 467 467 469 471 472 474 475 478 479 481 483 484 485 486 488 489 490 491 493 493 496 497 496 498 499 501 501 502 504 505 505 507 507 509 510 511 512 513 513 515 515 516 516 518 484 485 486 487 487 488 488 488 489 490 491 491 492 493 493 494 494 495 495 496 495 496 497 496 497 497 498 498 498 498 499 499 499 499 498 498 500 499 499 500 499 499 500 500 530 530
462 463 464 465 466 467 469 470 472 473 475 476 478 479 481 483 483 485 486 488 489 491 491 492 494 495 497 498 499 500 501 501 503 503 505 505 506 508 509 509 511 511 512 513 514 514 516 516 483 484 486 486 486 488 486 487 487 489 489 490 490 491 492 492 493 494 494 494 494 495 495 496 495 496 497 497 496 497 498 497 498 498 497 498 498 497 498 498 497 499 498 529 529 529
462 463 465 466 467 468 469 470 471 472 474 475 476 478 480 481 483 484 485 486 488 489 490 491 493 494 495 497 497 499 499 502 502 503 504 504 505 507 507 508 509 510 510 512 512 514 515 516 482 483 484 484 485 486 487 487 487 488 488 488 489 490 490 491 492 493 493 492 493 494 493 494 493 495 495 495 495 495 496 497 496 496 497 496 496 497 496 496 496 497 527 528 528 527
462 464 464 466 466 468 469 470 471 471 473 473 476 476 478 480 481 483 483 485 486 488 488 490 491 492 495 495 496 497 499 500 501 501 503 504 505 506 506 506 508 508 509 511 512 512 514 480 480 482 482 483 483 485 485 486 487 487 487 487 488 488 489 489 490 491 491 492 492 492 493 492 493 493 493 494 494 493 495 495 494 495 495 494 495 495 494 495 494 526 527 526 526 526
462 463 464 465 466 467 468 470 470 472 472 473 474 475 477 478 480 481 483 483 485 486 487 489 490 490 493 494 495 496 497 499 499 500 502 503 503 505 505 506 506 508 508 510 510 510 512 478 479 480 481 481 482 483 484 484 485 486 485 486 487 488 487 487 489 489 490 490 491 491 491 492 492 491 492 492 492 493 493 493 493 493 493 494 493 493 493 493 524 525 525 525 525 526
461 463 463 465 465 467 468 469 470 471 472 473 474 474 476 477 478 480 481 482 483 485 486 488 488 489 491 492 493 495 496 497 498 498 501 501 502 503 504 505 507 507 507 508 508 509 510 477 477 479 479 480 481 482 482 482 484 484 485 485 486 486 486 486 487 488 488 488 490 489 490 490 491 491 490 490 491 491 491 492 492 491 493 492 492 492 491 522 524 524 524 525 525 525
461 462 463 464 465 467 467 469 469 471 471 473 473 474 476 476 478 478 480 481 482 483 485 486 487 488 490 490 492 493 494 495 496 497 499 499 501 501 502 504 505 505 507 507 507 508 509 475 476 477 478 478 480 480 480 481 482 483 483 485 485 484 485 486 486 486 486 487 488 489 488 488 490 490 488 489 489 490 490 490 490 490 491 491 491 491 521 522 523 523 524 524 524 524
460 462 462 464 464 466 467 468 469 470 471 472 473 474 475 476 477 478 479 480 481 482 483 485 485 488 488 489 490 492 492 494 494 497 497 498 499 500 500 503 503 504 505 506 506 508 473 474 474 476 476 476 478 478 479 480 481 481 482 483 483 484 483 485 484 484 485 486 487 487 486 487 488 488 488 487 488 489 488 488 489 488 489 490 521 521 521 522 522 523 523 523 523 524
460 461 462 463 464 466 466 468 468 470 470 472 472 474 474 475 477 477 479 479 481 481 482 483 484 486 487 487 489 490 492 492 493 495 496 496 498 498 500 501 502 502 504 504 505 506 473 473 474 474 474 475 476 477 477 479 479 479 480 481 482 482 483 483 483 483 483 485 485 485 485 486 486 487 486 486 487 487 486 487 487 488 489 520 520 521 521 521 522 522 522 522 523 524
459 461 461 463 463 465 466 467 468 469 470 471 472 473 475 477 477 478 479 480 481 482 482 483 483 485 485 486 487 489 490 491 491 494 494 495 496 497 498 500 500 501 502 503 503 505 471 471 473 473 474 474 476 476 476 477 477 478 478 480 480 481 481 482 482 481 481 483 483 484 483 484 485 485 484 485 485 485 486 486 486 488 519 519 520 520 520 522 521 521 521 522 522 523
460 460 462 462 464 465 465 467 468 470 470 472 472 474 474 476 477 477 479 479 481 481 483 483 484 485 486 486 488 487 489 489 490 492 493 493 495 495 497 498 499 499 501 501 502 503 469 470 472 473 473 474 474 475 475 475 476 476 477 478 478 479 480 481 481 479 480 481 482 482 481 483 483 483 484 484 485 485 485 485 486 518 518 519 519 519 521 521 520 520 521 521 521 523
459 460 461 462 464 465 467 467 468 469 470 471 472 473 474 475 476 478 478 479 480 481 482 483 483 485 485 487 487 488 489 490 490 491 491 492 493 494 496 497 497 499 499 499 500 467 468 468 471 471 472 473 473 473 473 474 474 475 476 476 477 477 479 479 479 479 479 480 480 480 481 482 482 483 483 484 485 485 484 485 517 517 518 518 518 519 520 520 521 520 520 520 522 522
459 459 462 462 464 465 466 467 468 469 469 471 471 473 473 475 475 477 478 478 480 480 482 482 483 484 485 486 487 487 489 489 490 491 492 492 493 493 495 495 495 497 497 498 499 466 466 467 469 470 470 471 472 472 473 472 473 473 474 475 475 476 477 477 478 478 480 479 479 480 481 481 482 482 482 484 484 484 485 515 516 517 517 517 518 518 519 520 520 520 519 520 521 521
459 460 461 462 463 464 466 466 468 468 470 470 471 472 473 474 475 476 477 478 479 480 481 482 482 484 484 486 486 487 488 489 490 491 491 493 493 494 494 494 495 496 497 497 499 465 466 467 468 468 468 470 470 471 472 472 472 472 474 474 475 475 476 477 477 478 479 479 479 479 480 481 481 481 482 483 483 484 515 514 516 516 516 517 517 518 519 519 519 519 519 519 520 520
459 459 461 461 463 464 465 466 467 468 469 470 470 472 472 474 474 476 476 478 479 479 481 481 483 483 484 485 486 486 488 488 490 490 491 492 492 493 494 495 494 496 496 497 498 465 465 467 467 467 468 469 470 470 472 472 471 472 473 474 474 474 476 476 477 477 478 479 479 478 480 480 480 481 481 482 483 514 514 515 515 515 516 516 516 518 518 518 518 519 519 519 520 520
458 459 460 461 462 463 465 465 467 467 469 469 471 471 472 473 474 475 476 477 478 478 480 481 482 483 483 485 485 487 487 487 489 489 490 491 492 492 494 494 495 496 496 496 464 464 464 466 466 467 468 469 469 469 471 471 472 471 473 473 473 475 475 475 476 477 478 478 478 478 479 479 480 480 481 482 513 513 514 515 515 515 515 515 516 517 517 517 518 518 518 519 519 519
458 458 460 460 462 463 464 465 466 467 468 469 470 471 471 473 473 475 475 477 477 478 479 480 481 482 482 484 484 486 486 487 488 489 489 491 491 492 493 494 494 496 496 496 463 463 464 465 466 466 468 468 468 469 470 471 471 473 472 472 473 474 474 475 475 477 477 477 478 478 478 479 479 479 481 512 512 513 513 514 515 514 514 515 515 516 517 517 517 517 518 519 518 527
