testData/tiles/oneDegree/grid32.0-3.0-33.0-4.0.asc
ncols   200
nrows   200
xllcorner   32.0
yllcorner   3.0
cellsize   0.005
NODATA_value   -9999.0
[rows 42 to 83 of 200, columns 0 to 93 of 200]
317 316 315 314 314 313 312 311 310 310 309 308 307 307 306 305 304 304 303 302 301 300 300 299 298 297 297 296 295 295 295 295 295 295 295 295 295 295 295 295 295 295 295 295 295 295 295 295 295 295 295 295 295 295 295 295 295 295 295 295 295 295 295 295 295 295 295 295 295 295 295 295 295 295 295 295 296 296 297 297 298 298 299 299 300 300 300 301 301 301 301 302 302 302
316 315 315 314 313 312 312 311 310 309 309 308 307 306 306 305 304 303 302 302 301 300 299 299 298 297 296 295 295 295 295 295 295 295 295 295 295 295 295 295 295 295 295 295 295 295 295 295 295 295 295 295 295 295 295 295 295 295 295 295 295 295 295 295 295 295 295 295 295 295 295 295 295 295 295 296 296 297 298 298 299 299 300 300 300 301 301 301 302 302 302 303 303 303
316 315 314 313 313 312 311 310 310 309 308 307 307 306 305 304 304 303 302 301 301 300 299 298 297 297 296 295 295 295 295 295 295 295 295 295 295 295 295 295 295 295 295 295 295 295 295 295 295 295 295 295 295 295 295 295 295 295 295 295 295 295 295 295 295 295 295 295 295 295 295 295 295 295 296 297 297 298 298 299 299 300 300 301 301 302 302 302 303 303 303 304 304 304
315 315 314 313 312 312 311 310 309 309 308 307 306 306 305 304 303 302 302 301 300 299 299 298 297 296 296 295 295 295 295 295 295 295 295 295 295 295 295 295 295 295 295 295 295 295 295 295 295 295 295 295 295 295 295 295 295 295 295 295 295 295 295 295 295 295 295 295 295 295 295 295 296 296 297 297 298 299 299 300 300 301 301 302 302 302 303 303 304 304 304 304 305 305
315 314 313 313 312 311 310 310 309 308 307 307 306 305 304 304 303 302 301 301 300 299 298 298 297 296 295 295 295 295 295 295 295 295 295 295 295 295 295 295 295 295 295 295 295 295 295 295 295 295 295 295 295 295 295 295 295 295 295 295 295 295 295 295 295 295 295 295 295 295 295 296 296 297 297 298 299 299 300 300 301 301 302 302 303 303 304 304 304 305 305 305 306 306
314 314 313 312 311 311 310 309 309 308 307 306 306 305 304 303 303 302 301 300 299 299 298 297 296 296 295 295 295 295 295 295 295 295 295 295 295 295 295 295 295 295 295 295 295 295 295 295 295 295 295 295 295 295 295 295 295 295 295 295 295 295 295 295 295 295 295 295 295 295 296 296 297 298 298 299 299 300 301 301 302 302 303 303 304 304 305 305 305 306 306 306 306 307
314 313 313 312 311 310 310 309 308 307 307 306 305 304 304 303 302 301 301 300 299 298 298 297 296 295 295 295 295 295 295 295 295 295 295 295 295 295 295 295 295 295 295 295 295 295 295 295 295 295 295 295 295 295 295 295 295 295 295 295 295 295 295 295 295 295 295 295 295 295 296 297 298 298 299 299 300 301 301 302 302 303 304 304 304 305 305 306 306 307 307 307 307 308
314 313 312 311 311 310 309 308 308 307 306 305 305 304 303 302 302 301 300 299 299 298 297 296 296 295 295 295 295 295 295 295 295 295 295 295 295 295 295 295 295 295 295 295 295 295 295 295 295 295 295 295 295 295 295 295 295 295 295 295 295 295 295 295 295 295 295 295 295 296 297 297 298 299 300 300 301 301 302 303 303 304 304 305 305 306 306 307 307 307 308 308 308 309
313 312 312 311 310 309 309 308 307 307 306 305 304 304 303 302 301 301 300 299 298 298 297 296 295 295 295 295 295 295 295 295 295 295 295 295 295 295 295 295 295 295 295 295 295 295 295 295 295 295 295 295 295 295 295 295 295 295 295 295 295 295 295 295 295 295 295 295 296 297 297 298 299 299 300 301 301 302 303 303 304 305 305 306 306 307 307 307 308 308 309 309 309 309
313 312 311 310 310 309 308 308 307 306 305 305 304 303 302 302 301 300 299 299 298 297 296 296 295 295 295 295 295 295 295 295 295 295 295 295 295 295 295 295 295 295 295 295 295 295 295 295 295 295 295 295 295 295 295 295 295 295 295 295 295 295 295 295 295 295 295 296 296 297 298 299 299 300 301 301 302 303 303 304 305 305 306 306 307 307 308 308 309 309 309 310 310 310
312 311 311 310 309 309 308 307 306 306 305 304 303 303 302 301 301 300 299 298 298 297 296 295 295 295 295 295 295 295 295 295 295 295 295 295 295 295 295 295 295 295 295 295 295 295 295 295 295 295 295 295 295 295 295 295 295 295 295 295 295 295 295 295 295 295 295 296 297 298 299 299 300 301 301 302 303 303 304 305 305 306 307 307 308 308 309 309 310 310 310 311 311 311
312 311 310 310 309 308 307 307 306 305 305 304 303 302 302 301 300 299 299 298 297 296 296 295 295 295 295 295 295 295 295 295 295 295 295 295 295 295 295 295 295 295 295 295 295 295 295 295 295 295 295 295 295 295 295 295 295 295 295 295 295 295 295 295 295 295 296 297 298 298 299 300 301 301 302 303 303 304 305 305 306 307 307 308 308 309 309 310 310 311 311 312 312 312
311 311 310 309 308 308 307 306 306 305 304 303 303 302 301 300 300 299 298 297 297 296 295 295 295 295 295 295 295 295 295 295 295 295 295 295 295 295 295 295 295 295 295 295 295 295 295 295 295 295 295 295 295 295 295 295 295 295 295 295 295 295 295 295 295 296 296 297 298 299 300 300 301 302 303 303 304 305 305 306 307 307 308 309 309 310 310 311 311 312 312 312 313 313
311 310 309 309 308 307 307 306 305 304 304 303 302 301 301 300 299 299 298 297 296 296 295 295 295 295 295 295 295 295 295 295 295 295 295 295 295 295 295 295 295 295 295 295 295 295 295 295 295 295 295 295 295 295 295 295 295 295 295 295 295 295 295 295 295 296 297 298 299 299 300 301 302 302 303 304 305 305 306 307 307 308 309 309 310 310 311 312 312 312 313 313 314 314
310 310 309 308 307 307 306 305 305 304 303 302 302 301 300 300 299 298 297 297 296 295 295 295 295 295 295 295 295 295 295 295 295 295 295 295 295 295 295 295 295 295 295 295 295 295 295 295 295 295 295 295 295 295 295 295 295 295 295 295 295 295 295 295 296 297 297 298 299 300 301 301 302 303 304 305 305 306 307 307 308 309 309 310 311 311 312 312 313 313 314 314 314 315
566 565 564 564 563 562 562 561 560 303 303 302 301 301 300 299 298 298 297 296 295 295 295 295 295 295 295 295 295 295 295 295 295 295 295 295 295 295 295 295 295 295 295 295 295 295 295 295 295 295 295 295 295 295 295 295 295 295 295 295 295 295 295 295 296 297 298 299 300 300 301 302 303 304 304 305 306 307 307 308 309 309 310 311 311 312 313 313 314 314 315 315 315 316
565 565 564 563 563 562 561 560 560 559 558 558 557 556 555 555 554 553 552 552 551 551 295 295 295 295 295 295 295 295 295 295 295 295 295 295 295 295 295 295 295 295 295 295 295 295 295 295 295 295 295 295 295 295 295 295 295 295 295 295 295 295 295 296 297 297 298 299 300 301 302 302 303 304 305 306 306 307 308 309 309 310 311 311 312 313 313 314 314 315 315 316 316 317
565 564 563 563 562 561 561 560 559 559 558 557 556 556 555 554 554 553 552 551 551 551 551 551 551 551 551 551 551 551 551 551 551 551 295 295 295 295 295 295 295 295 295 295 295 295 295 295 295 295 295 295 295 295 295 295 295 295 295 295 295 295 295 296 297 298 299 300 300 301 302 303 304 304 305 306 307 308 308 309 310 311 311 312 313 313 314 315 315 316 316 317 317 317
564 564 563 562 562 561 560 559 559 558 557 557 556 555 554 554 553 552 552 551 551 551 551 551 551 551 551 551 551 551 551 551 551 551 551 551 551 551 551 551 551 551 551 551 295 295 295 295 295 295 295 295 295 295 295 295 295 295 295 295 295 295 296 296 297 298 299 300 301 302 302 303 304 305 306 307 307 308 309 310 310 311 312 313 313 314 315 315 316 316 317 317 318 318
564 563 562 562 561 560 560 559 558 558 557 556 555 555 554 553 553 552 551 551 551 551 551 551 551 551 551 551 551 551 551 551 551 551 551 551 551 551 551 551 551 551 551 551 551 551 551 551 551 551 551 551 295 295 295 295 295 295 295 295 295 295 296 297 298 299 299 300 301 302 303 304 305 305 306 307 308 309 309 310 311 312 313 313 314 315 315 316 317 317 318 318 319 319
563 563 562 561 561 560 559 558 558 557 556 556 555 554 554 553 552 551 551 551 551 551 551 551 551 551 551 551 551 551 551 551 551 551 551 551 551 551 551 551 551 551 551 551 551 551 551 551 551 551 551 551 551 551 551 551 551 551 551 551 295 295 296 297 298 299 300 301 301 302 303 304 305 306 307 307 308 309 310 311 312 312 313 314 315 315 316 317 317 318 319 319 320 320
570 569 568 568 567 566 566 565 564 564 556 555 555 554 553 552 552 551 551 551 551 551 551 551 551 551 551 551 551 551 551 551 551 551 551 551 551 551 551 551 551 551 551 551 551 551 551 551 551 551 551 551 551 551 551 551 551 551 551 551 551 552 552 553 554 555 556 301 302 303 304 304 305 306 307 308 309 310 310 311 312 313 314 314 315 316 317 317 318 319 319 320 320 321
569 569 568 567 567 566 565 564 564 563 562 562 561 560 560 559 558 558 551 551 551 551 551 551 551 551 551 551 551 551 551 551 551 551 551 551 551 551 551 551 551 551 551 551 551 551 551 551 551 551 551 551 551 551 551 551 551 551 551 551 551 552 553 554 555 555 556 557 558 559 560 561 562 307 307 308 309 310 311 312 312 313 314 315 316 316 317 318 319 319 320 321 321 322
569 568 567 567 566 565 565 564 563 563 562 561 561 560 559 558 558 558 558 558 558 558 558 551 551 551 551 551 551 551 551 551 551 551 551 551 551 551 551 551 551 551 551 551 551 551 551 551 551 551 551 551 551 551 551 551 551 551 551 551 551 552 553 554 555 556 557 557 558 559 560 561 562 563 564 565 565 566 311 312 313 314 315 315 316 317 318 319 319 320 321 321 322 322
568 568 567 566 566 565 564 563 563 562 561 561 560 559 559 558 558 558 558 558 558 558 558 558 558 558 558 558 551 551 551 551 551 551 551 551 551 551 551 551 551 551 551 551 551 551 551 551 551 551 551 551 551 551 551 551 551 551 551 551 551 552 553 554 555 556 557 558 559 560 560 561 562 563 564 565 566 567 568 568 569 570 315 316 317 317 318 319 320 321 321 322 323 323
568 567 566 566 565 564 564 563 562 562 561 560 560 559 558 558 558 558 558 558 558 558 558 558 558 558 558 558 558 558 558 558 551 551 551 551 551 551 551 551 551 551 551 551 551 551 551 551 551 551 551 551 551 551 551 551 551 551 551 551 552 552 553 554 555 556 557 558 559 560 561 562 562 563 564 565 566 567 568 569 570 570 571 572 573 574 319 320 320 321 322 323 323 324
567 566 566 565 564 564 563 562 562 561 560 560 559 558 558 558 558 558 558 558 558 558 558 558 558 558 558 558 558 558 558 558 558 558 558 558 551 551 551 551 551 551 551 551 551 551 551 551 551 551 551 551 551 551 551 551 551 551 551 551 552 553 554 554 555 556 557 558 559 560 561 562 563 564 565 565 566 567 568 569 570 571 572 573 573 574 575 576 321 322 322 323 324 325
568 567 566 566 565 563 563 562 561 561 560 559 559 558 558 558 558 558 558 558 558 558 558 558 558 558 558 558 558 558 558 558 558 558 558 558 558 558 558 558 551 551 551 551 551 551 551 551 551 551 551 551 551 551 551 551 551 551 551 551 552 553 554 555 556 556 557 558 559 560 561 562 563 564 565 566 567 567 568 569 570 571 572 573 574 575 576 576 577 578 579 324 324 325
567 566 566 565 564 564 563 562 562 561 560 560 559 559 558 558 558 558 558 558 558 558 558 558 558 558 558 558 558 558 558 558 558 558 558 558 558 558 558 558 558 558 558 551 551 551 551 551 551 551 551 551 551 551 551 551 551 551 551 551 552 553 554 555 556 557 557 558 559 560 561 562 563 564 565 566 567 568 569 569 570 571 572 573 574 575 576 577 578 578 579 580 325 326
567 567 566 566 565 564 564 563 561 561 560 559 559 559 559 559 559 559 559 559 559 558 558 558 558 558 558 558 558 558 558 558 558 558 558 558 558 558 558 558 558 558 558 558 558 558 551 551 551 551 551 551 551 551 551 551 551 551 551 551 552 553 554 555 556 557 558 559 559 560 561 562 563 564 565 566 567 568 569 570 571 571 572 573 574 575 576 577 578 579 580 581 581 326
567 566 566 565 564 564 563 562 562 561 560 560 560 560 560 560 559 559 559 559 559 559 559 559 559 559 558 558 558 558 558 558 558 558 558 558 558 558 558 558 558 558 558 558 558 558 558 558 558 551 551 551 551 551 551 551 551 551 551 551 552 553 554 555 556 557 558 559 560 560 561 562 563 564 565 566 567 568 569 570 571 572 573 573 574 575 576 577 578 579 580 581 582 351
567 567 566 565 565 564 563 563 561 560 560 560 560 560 560 560 560 560 560 560 560 560 559 559 559 559 559 559 559 559 558 558 558 558 558 558 558 558 558 558 558 558 558 558 558 558 558 558 558 558 558 551 551 551 551 551 551 551 551 551 552 553 554 555 556 557 558 559 560 560 561 562 563 564 565 566 567 568 569 570 571 572 573 574 574 575 576 577 578 579 580 605 606 351
567 566 565 565 564 564 563 562 562 561 561 561 561 561 561 561 560 560 560 560 560 560 560 560 560 560 560 559 559 559 559 559 559 559 558 558 558 558 558 558 558 558 558 558 558 558 558 558 558 558 558 558 558 558 551 551 551 551 551 551 552 553 554 555 556 557 558 559 560 561 561 562 563 564 565 566 567 568 569 570 571 572 573 574 575 575 576 577 578 603 604 605 350 351
567 567 566 565 565 564 562 562 561 561 561 561 561 561 561 561 561 561 561 561 561 561 560 560 560 560 560 560 560 560 560 559 559 559 559 559 559 558 558 558 558 558 558 558 558 558 558 558 558 558 558 558 558 558 558 558 551 551 551 551 552 553 554 555 556 557 558 559 560 560 561 562 563 564 565 566 567 568 569 570 571 572 573 574 574 575 576 601 602 603 604 349 350 351
567 566 565 565 564 563 563 562 562 562 562 562 562 562 562 561 561 561 561 561 561 561 561 561 561 561 561 560 560 560 560 560 560 560 560 559 559 559 559 559 559 558 558 558 558 558 558 558 558 558 558 558 558 558 558 558 558 558 558 551 552 553 554 555 556 557 558 559 560 560 561 562 563 564 565 566 567 568 569 570 571 572 573 573 574 599 600 601 346 347 348 349 350 351
566 565 565 564 564 563 562 562 562 562 562 562 562 562 562 562 562 562 562 562 562 561 561 561 561 561 561 561 561 561 561 560 560 560 560 560 560 560 559 559 559 559 559 559 558 558 558 558 558 558 558 558 558 558 558 558 558 558 558 558 559 553 554 555 556 557 558 559 559 560 561 562 563 564 565 566 567 568 569 570 571 571 572 597 598 599 344 345 346 347 348 349 349 350
566 566 565 565 564 563 563 563 563 563 563 563 562 562 562 562 562 562 562 562 562 562 562 562 562 562 561 561 561 561 561 561 561 561 561 560 560 560 560 560 560 559 559 559 559 559 559 558 558 558 558 558 558 558 558 558 558 558 558 558 559 560 561 555 556 557 557 558 559 560 561 562 563 564 565 566 567 568 569 569 570 595 340 341 342 343 344 345 346 346 347 348 349 350
567 565 565 564 563 563 563 563 563 563 563 563 563 563 563 563 563 563 562 562 562 562 562 562 562 562 562 562 562 562 561 561 561 561 561 561 561 561 560 560 560 560 560 560 559 559 559 559 559 558 558 558 558 558 558 558 558 558 558 558 559 560 561 562 563 556 557 558 559 560 561 562 563 564 565 566 567 567 312 337 338 339 340 341 342 343 344 344 345 346 347 348 348 349
567 566 565 564 564 563 563 563 563 563 563 563 563 563 563 563 563 563 563 563 563 563 563 563 562 562 562 562 562 562 562 562 562 562 561 561 561 561 561 561 561 560 560 560 560 560 560 559 559 559 559 559 558 558 558 558 558 558 558 558 559 560 561 561 562 563 564 558 559 560 561 562 563 308 309 309 310 335 336 337 338 339 340 341 341 342 343 344 345 346 346 347 348 349
567 565 564 564 564 564 564 564 564 564 564 564 564 564 563 563 563 563 563 563 563 563 563 563 563 563 563 563 562 562 562 562 562 562 562 562 562 561 561 561 561 561 561 561 560 560 560 560 560 560 559 559 559 559 558 558 558 558 558 558 559 559 560 561 562 563 564 309 310 304 305 306 306 307 308 333 334 335 336 337 338 338 339 340 341 342 343 344 344 345 346 347 347 348
566 564 564 564 564 564 564 564 564 564 564 564 564 564 564 564 564 564 564 564 563 563 563 563 563 563 563 563 563 563 563 563 562 562 562 562 562 562 562 562 561 561 561 561 561 561 561 560 560 560 560 560 559 559 559 559 559 558 558 558 302 303 304 305 306 307 308 309 310 311 311 305 306 331 332 333 334 335 336 336 337 338 339 340 341 341 342 343 344 345 345 346 347 347
566 566 565 565 565 565 564 564 564 564 564 564 564 564 564 564 564 564 564 564 564 564 564 564 564 563 563 563 563 563 563 563 563 563 563 563 562 562 562 562 562 562 562 561 561 561 561 561 561 561 560 560 304 304 304 303 303 303 303 302 302 303 304 305 306 307 308 308 309 310 311 336 337 331 332 333 333 334 335 336 337 338 339 339 340 341 342 343 343 344 345 345 346 346
