testData/tiles/oneDegree/grid40.0-49.0-41.0-50.0.asc
ncols   200
nrows   200
xllcorner   40.0
yllcorner   49.0
cellsize   0.005
NODATA_value   -9999.0
[rows 84 to 125 of 200, columns 94 to 187 of 200]
487 490 493 495 497 500 502 504 507 515 518 519 523 525 527 529 531 533 535 536 539 541 543 545 546 549 553 554 556 557 560 562 563 566 567 570 571 573 575 576 578 580 582 583 585 586 588 589 591 592 594 595 596 598 599 602 603 604 605 607 608 609 609 611 612 613 614 614 615 616 617 616 616 618 619 619 619 620 620 620 621 621 621 621 622 621 623 623 623 623 624 623 624 624
489 491 493 496 498 500 502 505 507 516 518 522 523 526 528 529 532 533 535 538 539 541 543 545 548 550 553 555 556 558 561 563 564 566 568 570 572 573 575 577 578 581 582 584 585 587 588 591 592 594 594 597 598 599 601 603 604 606 606 607 609 610 611 612 613 614 615 616 616 617 618 618 618 619 620 621 620 620 621 622 621 622 622 622 622 623 623 624 624 624 624 625 624 624
489 491 494 496 498 501 503 505 508 517 520 522 523 526 528 530 532 534 536 538 539 541 544 546 549 551 553 555 557 559 561 563 565 566 568 571 572 574 575 577 578 581 583 584 586 587 589 591 594 595 597 598 599 600 601 604 605 606 608 608 609 610 611 613 614 615 616 617 617 617 618 619 620 619 621 622 622 622 623 623 622 622 623 622 623 623 625 624 625 625 624 625 624 625
490 492 494 497 500 501 504 505 508 518 520 522 525 526 529 531 532 535 536 538 540 542 545 548 549 551 554 556 558 559 561 563 565 567 568 570 572 574 576 577 579 581 583 584 587 589 590 592 594 596 597 599 600 601 602 604 606 607 608 610 610 611 612 613 615 615 616 617 618 619 619 620 620 621 622 622 623 622 623 624 624 624 624 624 623 624 624 624 625 625 625 625 626 625
490 493 494 497 500 501 504 507 509 512 520 523 525 526 529 531 532 535 537 538 541 543 545 548 549 552 554 556 558 559 561 564 565 568 569 571 574 575 577 578 580 582 585 587 588 589 590 592 594 596 598 599 600 602 603 605 606 608 609 610 611 612 613 614 616 617 617 618 619 620 619 620 621 622 622 623 623 624 623 624 625 624 624 625 625 624 624 626 625 626 626 625 626 625
490 493 496 498 500 502 504 508 509 512 521 523 525 528 529 531 533 535 537 539 542 544 545 549 551 552 554 556 558 560 562 565 567 568 570 571 574 576 577 579 581 583 586 587 589 590 592 593 595 596 598 599 601 602 604 605 607 608 609 611 612 613 613 615 617 618 619 619 619 620 621 621 621 622 623 623 624 624 625 624 625 625 625 625 626 625 626 626 626 626 626 626 626 627
491 493 496 498 500 503 506 508 510 512 522 523 526 528 529 532 534 535 538 541 542 544 546 549 551 552 554 557 559 561 562 565 567 568 570 572 574 576 578 580 582 583 586 587 589 591 592 594 596 598 598 600 601 603 604 606 608 609 610 611 613 614 615 615 616 618 619 620 620 621 622 622 622 623 623 625 624 625 625 625 625 626 625 626 626 627 626 626 628 626 627 626 626 627
491 494 496 498 501 504 506 508 511 512 522 524 526 528 530 532 534 536 539 541 542 545 547 549 551 553 554 558 559 561 563 565 567 569 570 572 575 577 579 580 582 583 586 588 589 591 592 594 596 598 600 600 602 603 605 606 609 610 611 612 613 614 616 617 617 619 620 621 621 621 622 623 623 623 624 625 625 625 626 626 626 626 627 626 626 627 626 627 628 627 628 627 627 627
492 494 497 498 502 505 506 509 511 513 522 525 526 528 531 532 534 538 539 541 543 545 547 548 551 554 555 558 560 561 563 564 567 569 571 573 575 577 579 580 582 584 586 588 590 591 593 594 596 598 600 602 603 604 605 607 609 611 612 612 614 615 616 617 618 620 621 621 622 622 623 623 624 624 624 625 626 626 626 627 626 626 627 626 627 627 627 627 628 628 628 628 628 627
492 494 497 500 502 505 507 509 511 513 522 525 526 529 531 532 536 538 539 541 544 545 547 549 552 554 555 558 560 561 563 565 567 571 573 574 576 578 580 582 583 585 587 588 590 591 593 595 596 599 600 602 604 605 606 607 609 611 613 614 614 616 617 618 619 620 621 622 623 623 623 624 625 624 625 625 627 626 627 627 626 627 627 628 627 627 628 627 628 629 628 629 629 628
493 494 497 501 502 505 508 509 512 514 516 525 526 529 531 534 536 538 539 542 544 545 547 550 552 554 556 557 560 561 563 567 569 571 573 574 576 579 580 582 584 585 587 589 591 593 593 595 596 599 601 602 604 605 607 608 609 612 613 614 616 616 618 619 620 621 622 623 624 624 624 624 625 626 625 626 627 626 627 627 628 627 627 628 627 628 628 627 628 629 629 629 629 629
493 495 498 501 503 505 508 509 512 514 516 525 528 529 532 535 536 538 540 542 544 545 547 550 552 554 556 557 560 563 565 567 570 571 573 574 576 579 580 582 584 585 587 590 591 593 594 595 597 598 601 603 604 606 607 609 609 612 613 615 616 617 618 619 621 622 623 623 624 625 624 625 625 626 625 626 626 628 627 628 628 627 628 628 627 628 628 628 628 629 629 629 629 629
493 496 499 501 503 505 508 510 512 515 516 525 528 530 533 535 536 538 541 542 544 546 548 550 552 554 556 557 561 564 565 567 570 571 573 575 576 579 581 582 584 585 587 590 591 593 595 596 598 599 601 603 604 606 608 609 610 612 614 615 617 618 619 620 621 622 624 624 625 625 626 625 626 626 627 626 627 628 627 628 628 629 628 628 629 628 628 629 628 628 630 629 630 629
493 497 499 501 503 506 508 510 512 515 516 526 529 530 533 535 536 539 541 542 544 547 548 550 553 554 556 559 562 564 565 567 569 571 573 575 576 578 581 582 584 586 587 590 592 593 595 596 598 600 601 603 605 606 608 609 611 612 614 616 617 619 620 621 622 623 624 625 625 626 626 626 626 627 627 626 627 628 629 628 628 629 628 628 629 628 629 629 628 629 630 629 630 630
495 497 499 502 504 506 508 510 512 515 516 527 529 530 533 535 536 539 541 542 544 547 548 550 552 554 558 560 562 564 566 567 569 571 573 575 576 578 581 582 584 586 587 589 592 593 595 597 598 600 602 603 605 606 608 611 612 614 616 617 619 620 622 622 623 625 625 627 627 627 628 628 627 627 627 627 627 628 629 628 628 629 628 629 629 628 629 629 628 629 629 629 630 630
495 497 499 502 504 506 508 511 513 515 516 527 529 531 533 535 537 539 541 542 545 547 548 550 552 556 558 560 561 564 566 567 569 572 573 575 576 578 581 582 584 586 587 589 592 593 595 597 598 600 602 604 606 608 609 611 612 614 616 617 619 621 622 623 624 625 626 628 627 628 628 628 628 628 628 629 627 628 629 628 629 629 628 629 629 628 629 629 628 629 629 629 630 630
495 498 499 502 504 506 509 511 513 515 518 520 529 531 533 535 537 539 541 542 545 547 548 550 553 556 558 560 561 564 566 567 569 572 573 575 577 578 581 582 584 586 587 589 592 593 595 597 599 601 603 605 606 608 609 611 613 614 617 618 619 621 622 624 625 626 627 628 627 628 628 629 628 628 629 629 628 629 630 628 629 629 629 629 629 629 629 629 629 629 629 630 630 630
495 498 499 502 505 506 509 511 513 516 518 520 529 531 533 535 537 539 541 543 545 547 548 551 554 556 558 560 561 564 566 567 569 571 574 576 578 579 581 583 585 586 587 589 592 593 596 598 599 601 603 605 607 608 609 611 613 614 616 618 619 621 623 624 625 627 627 627 629 628 628 629 628 628 629 629 628 629 630 630 630 629 629 629 629 629 629 629 629 629 629 629 630 630
495 498 499 502 505 506 509 511 514 516 518 520 530 531 533 536 537 539 541 543 545 547 549 551 554 556 558 560 561 564 566 567 570 572 574 576 578 579 581 583 585 587 588 589 592 594 596 598 599 601 603 605 607 608 609 611 613 614 616 618 619 621 622 624 625 626 627 627 628 628 628 629 629 628 629 629 628 629 629 630 630 630 630 629 629 629 629 629 629 629 629 629 630 630
495 498 500 502 505 506 509 511 514 516 518 520 530 531 533 536 537 539 541 543 545 548 549 552 554 555 558 560 561 563 566 568 570 572 574 576 577 579 581 583 585 587 589 591 592 594 596 598 599 601 603 604 607 608 609 611 612 614 616 618 619 621 622 624 625 625 626 627 628 628 628 628 629 628 628 629 628 629 629 630 630 630 630 630 630 629 629 629 629 629 629 629 629 630
495 498 500 502 505 506 509 511 514 516 518 520 530 531 533 536 537 539 542 543 546 548 549 552 554 555 558 560 561 563 566 568 570 571 574 576 577 579 581 583 586 588 589 591 592 594 596 598 599 601 602 604 607 608 609 611 612 614 616 617 619 620 622 623 624 625 625 626 627 627 628 628 629 628 628 629 629 628 629 629 629 630 630 630 630 630 630 629 629 629 629 629 629 630
495 498 500 502 504 506 510 512 514 516 518 520 523 531 533 536 537 539 542 544 546 548 549 552 554 555 558 559 561 563 566 568 570 571 574 576 577 579 582 583 586 588 589 591 593 594 596 597 599 601 602 604 607 608 609 610 612 614 615 617 618 620 621 623 624 624 625 626 626 627 627 628 628 628 628 628 629 628 629 629 629 630 630 629 630 630 630 630 630 629 629 629 629 629
495 497 500 502 504 507 510 512 514 517 518 520 523 531 533 536 537 539 543 544 546 548 550 552 553 555 558 559 561 563 566 568 570 571 573 576 577 580 582 583 586 587 589 591 592 593 596 597 599 601 602 604 606 608 609 610 612 613 615 616 618 619 621 622 623 623 624 625 626 626 627 627 628 627 628 628 629 628 628 629 629 630 630 629 630 630 629 630 630 629 629 629 629 629
495 497 500 502 504 508 510 512 514 517 518 520 523 531 533 536 537 539 542 544 546 547 550 552 553 555 557 559 561 563 566 568 570 571 573 575 578 580 581 583 586 587 589 591 592 593 595 597 599 600 602 604 605 608 608 610 611 613 614 616 617 619 620 621 623 623 624 624 625 625 626 627 627 627 627 628 628 628 628 629 628 629 630 629 629 630 629 630 630 629 630 629 628 629
495 497 500 502 505 508 510 512 514 517 518 520 522 531 533 535 537 540 542 544 546 547 550 552 553 555 557 559 561 562 565 568 569 571 574 576 578 580 581 583 586 587 589 590 592 594 595 597 598 600 602 603 605 607 608 610 611 613 614 615 616 618 620 621 622 622 623 624 625 624 626 626 627 627 627 628 628 627 628 628 628 629 629 629 629 630 629 629 630 629 630 630 629 629
495 497 500 502 505 508 510 512 514 516 518 520 522 531 533 535 538 540 542 544 546 547 550 552 553 555 556 559 561 562 565 568 569 572 574 576 578 579 581 583 584 587 589 590 592 592 595 597 598 600 601 603 605 607 608 609 611 612 614 615 615 618 619 620 621 621 622 623 624 624 625 626 627 626 627 627 628 627 628 628 627 629 629 629 629 629 629 629 630 629 629 630 629 629
495 497 500 502 505 508 509 512 514 516 518 520 522 524 533 536 538 540 542 544 545 547 550 551 553 555 556 559 561 562 565 567 570 572 573 575 578 579 581 582 584 587 588 590 592 592 594 596 598 599 601 603 604 607 607 609 610 612 613 614 615 617 618 619 621 621 622 622 623 623 624 625 626 626 626 627 627 627 627 628 627 627 629 628 629 629 629 629 629 629 629 629 629 629
494 497 500 502 505 507 509 512 514 515 518 520 522 524 532 536 538 539 542 544 545 547 549 551 553 555 556 559 560 562 565 568 570 572 573 575 577 579 581 582 584 586 588 590 591 592 593 596 598 599 601 602 604 605 607 608 610 611 613 614 614 615 618 619 620 620 621 622 623 622 623 625 626 625 626 626 627 626 627 627 627 627 629 628 628 629 628 629 629 628 629 629 629 629
494 497 501 502 505 507 509 511 513 515 518 519 522 524 533 536 538 539 542 544 545 547 548 551 553 554 556 558 560 562 564 567 570 571 573 575 577 579 580 582 584 586 588 589 590 592 593 596 597 599 600 602 603 605 606 608 609 611 612 613 614 615 617 618 619 619 620 621 622 622 623 624 625 625 625 626 626 626 626 627 626 627 627 628 628 629 628 628 629 628 629 629 628 629
494 497 501 502 505 506 509 511 513 515 518 519 522 525 533 536 537 539 541 543 545 547 548 551 553 554 556 557 560 563 564 567 570 571 573 574 577 579 580 582 583 585 588 589 590 591 593 594 597 598 600 601 603 603 606 607 609 610 611 613 613 614 616 618 619 619 620 621 621 621 622 623 624 624 625 625 625 625 626 626 626 626 627 627 628 628 628 628 629 628 628 629 628 629
494 498 499 502 505 506 509 511 513 515 517 519 522 524 533 536 537 539 541 543 545 546 548 550 552 554 556 557 561 562 564 566 569 571 572 574 576 578 580 581 583 585 587 588 589 591 592 594 596 598 600 601 602 603 604 607 608 610 611 611 612 614 615 617 617 618 619 620 621 621 621 622 624 624 624 625 624 625 625 626 626 626 626 627 627 628 627 628 628 628 628 628 628 628
494 498 499 502 505 506 509 510 513 515 517 519 522 524 526 535 537 539 540 543 545 546 548 550 552 554 555 558 561 562 564 565 568 570 572 574 575 578 580 581 583 583 586 587 589 591 592 594 596 598 599 601 602 602 604 606 608 609 610 611 612 613 614 616 616 617 618 619 620 620 621 622 622 623 624 624 624 624 625 626 625 626 626 626 627 628 627 627 628 627 628 628 628 628
495 497 499 502 503 506 509 510 513 515 517 520 521 524 526 534 537 539 540 542 544 546 548 549 551 554 556 558 559 562 564 565 567 569 571 573 574 577 578 580 581 583 586 587 589 590 592 593 596 597 599 600 601 602 603 606 607 609 611 611 612 613 614 617 617 618 619 620 619 620 620 621 621 622 623 624 623 624 625 624 625 625 626 625 627 627 627 627 628 627 627 628 627 628
495 496 499 502 503 506 507 510 513 514 516 520 521 524 526 534 537 538 540 542 544 546 547 549 551 553 556 558 559 562 563 565 566 569 571 572 574 576 578 580 581 583 584 587 588 590 591 593 594 597 598 599 600 602 604 605 607 609 609 610 612 613 614 614 616 617 618 619 619 620 621 621 621 623 622 623 623 623 624 624 624 625 624 625 625 626 626 627 626 627 627 627 627 627
495 496 499 501 503 506 507 510 512 514 517 519 521 523 525 534 536 538 540 541 543 546 547 549 550 553 556 557 559 561 563 565 566 569 570 572 573 575 578 579 581 582 584 586 588 589 591 592 594 596 598 599 600 602 603 605 607 608 608 610 611 612 613 613 615 616 617 618 618 619 620 621 620 621 623 623 622 623 623 623 624 624 624 624 625 625 626 626 626 626 627 626 627 627
493 496 499 500 503 505 507 510 511 514 517 519 521 522 525 527 535 538 540 541 543 545 547 549 551 553 554 557 559 561 563 564 566 568 570 572 573 575 577 579 580 582 583 586 587 589 590 592 593 597 597 599 600 601 603 604 606 607 608 609 610 611 613 613 615 616 617 617 618 618 619 619 620 621 622 622 623 623 623 623 623 624 623 624 624 624 625 626 625 626 626 626 626 627
493 496 498 500 503 504 507 510 511 515 516 518 521 522 525 526 535 537 539 541 543 544 547 549 551 553 554 556 558 560 562 564 566 567 570 571 573 574 577 578 580 581 583 584 587 588 590 592 594 594 597 598 599 601 602 603 604 606 607 608 610 611 611 612 613 615 616 616 617 618 619 618 619 620 622 621 622 623 622 623 623 623 623 623 624 623 625 625 625 625 626 625 626 625
493 496 497 500 502 504 507 508 511 514 516 518 520 522 524 526 535 536 539 541 542 544 545 549 551 552 554 555 557 560 562 564 565 567 569 571 572 574 576 578 580 581 583 584 587 589 590 591 592 594 596 598 599 600 602 603 603 605 607 608 609 609 610 611 612 614 614 615 616 617 617 618 619 619 619 621 622 622 622 623 623 623 622 623 622 623 624 624 625 625 625 625 626 625
493 494 497 500 501 504 506 508 512 513 516 518 519 522 523 526 535 536 538 540 542 544 546 549 550 552 554 555 557 558 561 563 565 566 569 571 572 574 575 578 579 581 582 584 587 589 589 590 592 593 596 597 598 600 601 601 603 605 606 607 608 609 610 611 612 613 614 615 616 617 616 617 618 619 619 620 621 621 621 622 623 622 623 622 622 623 623 624 624 625 624 625 625 625
492 494 497 499 501 504 505 508 510 513 515 517 519 522 523 525 527 536 538 539 542 544 546 547 550 552 553 555 556 558 559 562 564 566 568 570 572 573 575 577 579 580 582 583 586 587 588 590 591 593 594 596 598 599 599 601 602 603 605 607 607 608 609 610 611 611 613 614 615 615 616 617 617 617 618 619 620 620 621 621 621 622 622 623 621 622 623 622 624 624 624 624 625 624
491 494 497 498 501 503 505 509 510 513 514 517 519 520 523 524 526 536 537 539 541 544 546 547 549 551 553 554 556 558 559 562 563 565 566 569 570 572 573 576 577 579 581 583 584 587 588 589 591 592 594 596 597 598 599 600 601 603 605 605 606 607 608 609 609 610 612 613 614 614 615 616 617 617 617 618 620 620 620 621 621 621 622 621 622 622 621 622 623 623 623 624 623 624
491 494 495 498 501 502 505 507 510 512 514 516 518 520 523 524 526 535 537 539 541 544 545 547 548 550 552 554 556 557 559 561 563 564 566 568 570 571 573 574 578 579 581 582 584 586 587 589 590 592 593 594 596 597 598 599 601 602 603 604 605 607 608 609 609 610 611 613 613 614 614 615 615 616 617 617 617 619 620 620 620 621 621 621 621 622 622 621 622 622 623 623 623 623
