testData/tiles/oneDegree/grid37.0-46.0-38.0-47.0.asc
ncols   200
nrows   200
xllcorner   37.0
yllcorner   46.0
cellsize   0.005
NODATA_value   -9999.0
[rows 84 to 125 of 200, columns 0 to 93 of 200]
678 675 673 671 668 666 663 661 658 655 652 649 646 643 640 636 633 630 626 622 618 614 609 605 600 595 589 583 576 569 568 568 523 523 614 613 613 612 612 611 611 610 609 609 608 608 607 606 606 605 604 604 603 602 602 601 600 600 599 598 597 597 596 595 595 595 595 595 595 595 595 595 595 595 595 595 595 595 595 595 595 595 595 595 595 595 595 595 595 595 595 595 595 595
677 675 672 670 667 665 662 660 657 654 651 648 645 642 639 636 632 629 624 621 616 613 608 603 598 593 587 581 573 569 568 568 523 615 614 614 613 613 612 611 611 610 610 609 608 608 607 607 606 605 605 604 603 603 602 601 601 600 599 598 598 597 596 595 595 595 595 595 595 595 595 595 595 595 595 595 595 595 595 595 595 595 595 595 595 595 595 595 595 595 595 595 595 595
676 674 671 669 666 664 662 658 656 653 650 648 644 641 637 634 630 627 623 619 615 611 607 602 597 591 585 578 572 569 569 568 615 615 614 614 613 613 612 612 611 610 610 609 609 608 607 607 606 605 605 604 603 603 602 601 601 600 599 599 598 597 596 596 595 595 595 595 595 595 595 595 595 595 595 595 595 595 595 595 595 595 595 595 595 595 595 595 595 595 595 595 595 595
675 673 670 668 666 663 661 657 655 653 649 646 643 640 636 633 629 626 622 618 614 609 605 600 595 589 583 576 570 569 569 524 616 615 615 614 613 613 612 612 611 611 610 609 609 608 608 607 606 606 605 604 604 603 602 602 601 600 599 599 598 597 596 596 595 595 595 595 595 595 595 595 595 595 595 595 595 595 595 595 595 595 595 595 595 595 595 595 595 595 595 595 595 595
674 672 670 667 665 662 660 657 654 651 648 645 641 639 636 632 629 624 621 616 613 608 603 598 593 587 581 573 570 569 569 616 616 615 615 614 614 613 612 612 611 611 610 610 609 608 608 607 606 606 605 605 604 603 602 602 601 600 600 599 598 597 597 596 595 595 595 595 595 595 595 595 595 595 595 595 595 595 595 595 595 595 595 595 595 595 595 595 595 595 595 595 595 595
673 671 669 666 664 661 658 656 653 650 647 644 641 637 634 630 627 623 619 615 611 606 601 596 591 585 578 571 570 570 617 616 616 615 615 614 614 613 613 612 611 611 610 610 609 609 608 607 607 606 605 605 604 603 603 602 601 601 600 599 598 598 597 596 595 595 595 595 595 595 595 595 595 595 595 595 595 595 595 595 595 595 595 595 595 595 595 595 595 595 595 595 595 595
673 670 668 665 663 661 657 655 651 649 646 643 640 636 633 629 626 621 618 614 609 605 599 595 588 583 575 571 570 662 617 617 616 616 615 614 614 613 613 612 612 611 610 610 609 609 608 607 607 606 606 605 604 604 603 602 601 601 600 599 599 598 597 596 596 595 595 595 595 595 595 595 595 595 595 595 595 595 595 595 595 595 595 595 595 595 595 595 595 595 595 595 595 595
672 669 667 665 662 659 656 654 651 648 645 641 639 635 632 628 624 621 616 612 607 603 597 592 586 580 572 571 570 662 617 617 616 616 615 615 614 614 613 612 612 611 611 610 609 609 608 608 607 606 606 605 604 604 603 602 602 601 600 600 599 598 597 597 596 595 595 595 595 595 595 595 595 595 595 595 595 595 595 595 595 595 595 595 595 595 595 595 595 595 595 595 595 595
671 668 666 664 661 658 655 653 650 646 644 640 637 634 630 627 623 619 614 611 605 601 595 590 584 577 571 571 662 618 617 617 616 616 615 615 614 614 613 613 612 611 611 610 610 609 608 608 607 607 606 605 605 604 603 603 602 601 600 600 599 598 597 597 596 595 595 595 595 595 595 595 595 595 595 595 595 595 595 595 595 595 595 595 595 595 595 595 595 595 595 595 595 595
670 668 665 663 659 657 655 651 649 645 642 640 636 633 629 625 621 617 613 609 603 599 594 588 582 574 572 663 663 618 618 617 617 616 615 615 614 614 613 613 612 612 611 610 610 609 609 608 607 607 606 605 605 604 603 603 602 601 601 600 599 598 598 597 596 595 595 595 595 595 595 595 595 595 595 595 595 595 595 595 595 595 595 595 595 595 595 595 595 595 595 595 595 595
669 667 664 661 659 656 653 650 647 644 641 638 634 631 627 624 619 616 612 607 602 597 592 585 579 572 664 663 619 618 618 617 617 616 616 615 615 614 613 613 612 612 611 611 610 609 609 608 607 607 606 606 605 604 604 603 602 601 601 600 599 599 598 597 596 595 595 595 595 595 595 595 595 595 595 595 595 595 595 595 595 595 595 595 595 595 595 595 595 595 595 595 595 595
668 666 663 660 658 655 652 649 646 643 640 637 633 630 626 622 619 614 610 605 600 595 589 583 576 572 664 663 619 618 618 617 617 616 616 615 615 614 614 613 612 612 611 611 610 609 609 608 608 607 606 606 605 604 604 603 602 602 601 600 599 599 598 597 596 596 595 595 595 595 595 595 595 595 595 595 595 595 595 595 595 595 595 595 595 595 595 595 595 595 595 595 595 595
667 665 662 659 657 653 651 648 645 642 638 635 631 628 625 620 617 612 608 603 598 592 587 580 573 665 664 620 619 619 618 617 617 616 616 615 615 614 614 613 613 612 611 611 610 610 609 608 608 607 606 606 605 605 604 603 602 602 601 600 600 599 598 597 597 596 595 595 595 595 595 595 595 595 595 595 595 595 595 595 595 595 595 595 595 595 595 595 595 595 595 595 595 595
665 663 661 658 655 652 650 647 643 641 637 634 631 627 623 619 615 610 606 601 596 591 584 578 665 665 664 620 619 619 618 618 617 617 616 615 615 614 614 613 613 612 612 611 610 610 609 609 608 607 607 606 605 605 604 603 603 602 601 601 600 599 598 598 597 596 595 595 595 595 595 595 595 595 595 595 595 595 595 595 595 595 595 595 595 595 595 595 595 595 595 595 595 595
665 662 660 657 654 652 648 646 642 639 636 632 629 625 622 617 613 609 604 599 594 588 581 574 665 665 664 620 619 619 618 618 617 617 616 616 615 615 614 613 613 612 612 611 611 610 609 609 608 607 607 606 605 605 604 603 603 602 601 601 600 599 598 598 597 596 595 595 595 595 595 595 595 595 595 595 595 595 595 595 595 595 595 595 595 595 595 595 595 595 595 595 595 595
664 661 659 656 653 650 647 644 642 638 635 631 628 623 620 616 611 607 602 597 591 586 578 666 665 665 620 620 619 619 618 618 617 617 616 616 615 615 614 614 613 612 612 611 611 610 609 609 608 608 607 606 606 605 604 604 603 602 602 601 600 599 599 598 597 596 596 595 595 595 595 595 595 595 595 595 595 595 595 595 595 595 595 595 595 595 595 595 595 595 595 595 595 595
663 660 657 655 652 649 645 643 640 636 633 629 626 623 618 614 609 605 600 595 589 583 667 666 665 665 621 620 620 619 619 618 617 617 616 616 615 615 614 614 613 613 612 611 611 610 610 609 608 608 607 606 606 605 604 604 603 602 602 601 600 600 599 598 597 597 596 595 595 595 595 595 595 595 595 595 595 595 595 595 595 595 595 595 595 595 595 595 595 595 595 595 595 595
662 659 656 654 650 648 645 641 639 635 632 627 624 621 616 612 607 603 597 592 586 580 667 666 666 621 621 620 620 619 619 618 618 617 617 616 615 615 614 614 613 613 612 611 611 610 610 609 608 608 607 607 606 605 605 604 603 603 602 601 600 600 599 598 597 597 596 595 595 595 595 595 595 595 595 595 595 595 595 595 595 595 595 595 595 595 595 595 595 595 595 595 595 595
660 658 655 652 649 646 644 640 637 633 630 627 622 619 614 610 605 601 596 590 584 668 667 666 666 621 621 620 620 619 619 618 618 617 617 616 616 615 614 614 613 613 612 612 611 610 610 609 609 608 607 607 606 605 605 604 603 603 602 601 601 600 599 598 598 597 596 595 595 595 595 595 595 595 595 595 595 595 595 595 595 595 595 595 595 595 595 595 595 595 595 595 595 595
659 657 653 651 648 645 642 638 635 632 628 625 621 617 612 608 604 598 593 587 673 667 667 666 622 621 621 620 620 619 619 618 618 617 617 616 616 615 615 614 613 613 612 612 611 611 610 609 609 608 607 607 606 606 605 604 604 603 602 601 601 600 599 598 598 597 596 595 595 595 595 595 595 595 595 595 595 595 595 595 595 595 595 595 595 595 595 595 595 595 595 595 595 595
658 655 652 649 647 643 641 637 634 631 627 623 619 615 611 606 602 596 591 584 669 667 667 666 622 621 621 620 620 619 619 618 618 617 617 616 616 615 615 614 614 613 612 612 611 611 610 609 609 608 608 607 606 606 605 604 604 603 602 602 601 600 599 599 598 597 596 596 595 595 595 595 595 595 595 595 595 595 595 595 595 595 595 595 595 595 595 595 595 595 595 595 595 595
656 654 651 648 645 642 639 636 632 629 625 621 617 613 609 604 599 593 588 673 668 667 667 623 622 622 621 621 620 620 619 619 618 618 617 616 616 615 615 614 614 613 613 612 611 611 610 610 609 608 608 607 606 606 605 604 604 603 602 602 601 600 600 599 598 597 596 596 595 595 595 595 595 595 595 595 595 595 595 595 595 595 595 595 595 595 595 595 595 595 595 595 595 595
655 652 650 646 644 640 637 634 630 627 623 619 616 611 607 601 597 591 585 669 668 668 667 623 622 622 621 621 620 620 619 619 618 618 617 617 616 616 615 614 614 613 613 612 612 611 610 610 609 608 608 607 607 606 605 605 604 603 603 602 601 600 600 599 598 597 597 596 595 595 595 595 595 595 595 595 595 595 595 595 595 595 595 595 595 595 595 595 595 595 595 595 595 595
653 651 648 645 642 640 636 633 629 625 622 617 614 609 605 599 594 588 674 669 668 668 623 623 622 622 621 621 620 620 619 619 618 618 617 617 616 616 615 615 614 613 613 612 612 611 610 610 609 609 608 607 607 606 605 605 604 603 603 602 601 601 600 599 598 598 597 596 595 595 595 595 595 595 595 595 595 595 595 595 595 595 595 595 595 595 595 595 595 595 595 595 595 595
653 649 647 643 641 638 634 631 627 623 620 615 612 606 602 596 591 678 670 669 668 668 623 623 622 622 621 621 620 620 619 619 618 618 617 617 616 616 615 615 614 613 613 612 612 611 611 610 609 609 608 607 607 606 605 605 604 603 603 602 601 601 600 599 598 598 597 596 595 595 595 595 595 595 595 595 595 595 595 595 595 595 595 595 595 595 595 595 595 595 595 595 595 595
651 648 645 643 639 636 632 629 626 622 618 613 609 604 600 595 588 674 669 669 668 624 623 623 622 622 621 621 621 620 620 619 618 618 617 617 616 616 615 615 614 614 613 612 612 611 611 610 609 609 608 608 607 606 606 605 604 604 603 602 601 601 600 599 599 598 597 596 595 595 595 595 595 595 595 595 595 595 595 595 595 595 595 595 595 595 595 595 595 595 595 595 595 595
650 646 644 641 637 634 630 627 624 620 616 611 607 603 597 592 677 671 669 669 668 624 623 623 623 622 622 621 621 620 620 619 619 618 618 617 616 616 615 615 614 614 613 613 612 611 611 610 610 609 608 608 607 606 606 605 604 604 603 602 602 601 600 599 599 598 597 596 596 595 595 595 595 595 595 595 595 595 595 595 595 595 595 595 595 595 595 595 595 595 595 595 595 595
648 645 642 639 636 633 630 625 622 617 614 609 605 600 594 589 674 670 669 669 625 624 624 623 623 622 622 621 621 620 620 619 619 618 618 617 617 616 615 615 614 614 613 613 612 611 611 610 610 609 608 608 607 606 606 605 604 604 603 602 602 601 600 600 599 598 597 596 596 595 595 595 595 595 595 595 595 595 595 595 595 595 595 595 595 595 595 595 595 595 595 595 595 595
647 644 640 638 634 631 628 623 620 615 612 607 602 597 591 678 670 670 670 669 625 624 624 623 623 622 622 621 621 620 620 619 619 618 618 617 617 616 616 615 614 614 613 613 612 612 611 610 610 609 609 608 607 607 606 605 605 604 603 603 602 601 600 600 599 598 597 597 596 595 595 595 595 595 595 595 595 595 595 595 595 595 595 595 595 595 595 595 595 595 595 595 595 595
645 642 639 636 632 629 626 621 618 613 609 605 599 595 680 674 670 670 670 625 625 624 624 623 623 622 622 621 621 620 620 619 619 618 618 617 617 616 616 615 615 614 613 613 612 612 611 610 610 609 609 608 607 607 606 605 605 604 603 603 602 601 600 600 599 598 597 597 596 595 595 595 595 595 595 595 595 595 595 595 595 595 595 595 595 595 595 595 595 595 595 595 595 595
643 641 637 634 631 627 624 619 616 612 607 602 597 592 677 671 671 670 670 625 625 624 624 623 623 622 622 621 621 620 620 619 619 618 618 617 617 616 616 615 615 614 614 613 612 612 611 611 610 609 609 608 607 607 606 605 605 604 603 603 602 601 601 600 599 598 598 597 596 595 595 595 595 595 595 595 595 595 595 595 595 595 595 595 595 595 595 595 595 595 595 595 595 595
642 639 635 632 629 625 622 617 613 609 604 600 594 680 674 671 671 670 626 625 625 624 624 623 623 623 622 622 621 621 620 620 619 619 618 617 617 616 616 615 615 614 614 613 612 612 611 611 610 609 609 608 608 607 606 606 605 604 604 603 602 601 601 600 599 598 598 597 596 595 595 595 595 595 595 595 595 595 595 595 595 595 595 595 595 595 595 595 595 595 595 595 595 595
640 637 633 630 627 623 619 615 611 607 602 597 591 677 672 671 671 626 626 625 625 624 624 624 623 623 622 622 621 621 620 620 619 619 618 618 617 616 616 615 615 614 614 613 613 612 611 611 610 610 609 608 608 607 606 606 605 604 604 603 602 602 601 600 599 599 598 597 596 595 595 595 595 595 595 595 595 595 595 595 595 595 595 595 595 595 595 595 595 595 595 595 595 595
638 635 632 628 625 621 617 614 609 604 599 594 680 673 672 671 671 626 626 625 625 625 624 624 623 623 622 622 621 621 620 620 619 619 618 618 617 617 616 615 615 614 614 613 613 612 611 611 610 610 609 608 608 607 606 606 605 604 604 603 602 602 601 600 599 599 598 597 596 596 595 595 595 595 595 595 595 595 595 595 595 595 595 595 595 595 595 595 595 595 595 595 595 595
636 633 630 626 623 619 615 611 606 602 596 591 677 672 672 671 627 626 626 626 625 625 624 624 623 623 622 622 621 621 620 620 619 619 618 618 617 617 616 616 615 614 614 613 613 612 612 611 610 610 609 608 608 607 607 606 605 605 604 603 602 602 601 600 600 599 598 597 596 596 595 595 595 595 595 595 595 595 595 595 595 595 595 595 595 595 595 595 595 595 595 595 595 595
634 631 628 624 621 616 613 609 603 599 593 679 673 672 672 671 627 626 626 626 625 625 624 624 623 623 622 622 621 621 620 620 619 619 618 618 617 617 616 616 615 614 614 613 613 612 612 611 610 610 609 609 608 607 607 606 605 605 604 603 603 602 601 600 600 599 598 597 597 596 595 595 595 595 595 595 595 595 595 595 595 595 595 595 595 595 595 595 595 595 595 595 595 595
632 629 626 622 619 615 610 606 601 596 590 675 673 672 672 627 627 627 626 626 625 625 624 624 623 623 622 622 621 621 620 620 619 619 618 618 617 617 616 616 615 615 614 613 613 612 612 611 610 610 609 609 608 607 607 606 605 605 604 603 603 602 601 600 600 599 598 597 597 596 595 595 595 595 595 595 595 595 595 595 595 595 595 595 595 595 595 595 595 595 595 595 595 595
631 627 624 620 616 612 607 603 598 592 679 673 673 672 672 627 627 627 626 626 625 625 624 624 623 623 622 622 621 621 620 620 619 619 618 618 617 617 616 616 615 615 614 614 613 612 612 611 611 610 609 609 608 607 607 606 605 605 604 603 603 602 601 601 600 599 598 598 597 596 595 595 595 595 595 595 595 595 595 595 595 595 595 595 595 595 595 595 595 595 595 595 595 595
629 625 622 617 614 610 605 600 594 589 675 673 673 672 628 628 627 627 626 626 625 625 624 624 623 623 623 622 622 621 621 620 620 619 619 618 617 617 616 616 615 615 614 614 613 612 612 611 611 610 609 609 608 607 607 606 606 605 604 603 603 602 601 601 600 599 598 598 597 596 595 595 595 595 595 595 595 595 595 595 595 595 595 595 595 595 595 595 595 595 595 595 595 595
627 623 620 616 611 607 602 597 592 677 674 673 673 628 628 628 627 627 626 626 625 625 624 624 624 623 623 622 622 621 621 620 620 619 619 618 618 617 616 616 615 615 614 614 613 612 612 611 611 610 609 609 608 608 607 606 606 605 604 604 603 602 601 601 600 599 598 598 597 596 595 595 595 595 595 595 595 595 595 595 595 595 595 595 595 595 595 595 595 595 595 595 595 595
625 621 617 614 609 604 599 594 588 674 674 673 673 629 628 628 627 627 626 626 625 625 625 624 624 623 623 622 622 621 621 620 620 619 619 618 618 617 617 616 615 615 614 614 613 613 612 611 611 610 610 609 608 608 607 606 606 605 604 604 603 602 601 601 600 599 599 598 597 596 595 595 595 595 595 595 595 595 595 595 595 595 595 595 595 595 595 595 595 595 595 595 595 595
623 618 615 611 606 601 596 590 676 674 674 673 629 629 628 628 627 627 626 626 626 625 625 624 624 623 623 622 622 621 621 620 620 619 619 618 618 617 617 616 615 615 614 614 613 613 612 611 611 610 610 609 608 608 607 606 606 605 604 604 603 602 602 601 600 599 599 598 597 596 595 595 595 595 595 595 595 595 595 595 595 595 595 595 595 595 595 595 595 595 595 595 595 595
