testData/tiles/oneDegree/grid12.0-38.0-13.0-39.0.asc
ncols   200
nrows   200
xllcorner   12.0
yllcorner   38.0
cellsize   0.005
NODATA_value   -9999.0
[rows 42 to 83 of 200, columns 0 to 93 of 200]
204 204 204 204 204 204 204 204 204 204 204 227 227 227 227 227 227 227 227 228 228 228 228 228 228 228 228 228 228 228 228 228 228 228 228 228 228 228 228 228 228 228 228 228 228 228 228 228 230 230 230 230 230 230 230 230 230 230 230 230 230 230 230 230 230 230 230 230 230 230 375 375 375 375 375 375 375 375 375 375 378 378 319 320 322 324 325 327 328 330 331 332 334 336
204 204 204 204 204 204 204 204 204 204 204 227 227 228 228 228 228 228 228 228 228 228 228 228 228 228 228 228 228 228 228 228 228 228 228 228 228 228 228 228 228 228 228 228 228 228 228 228 230 230 230 230 230 230 230 230 230 230 230 230 230 230 230 230 230 230 230 230 230 230 230 375 375 375 375 375 375 375 375 378 378 378 379 380 322 324 326 327 329 330 331 333 334 336
204 204 204 204 204 204 204 205 205 205 205 205 228 228 228 228 228 228 228 228 228 228 228 228 228 228 228 228 228 228 228 228 228 228 228 228 228 228 228 228 228 228 228 228 228 228 228 228 230 230 230 230 230 230 230 230 230 230 230 230 230 230 230 230 230 230 230 230 230 230 230 375 375 375 375 375 375 375 375 378 378 378 379 381 382 384 326 327 329 330 332 333 335 336
204 204 205 205 205 205 205 205 205 205 205 205 228 228 228 228 228 228 228 228 228 228 228 228 228 228 228 228 228 228 228 228 228 228 228 228 228 228 228 228 228 228 228 228 228 228 228 228 228 230 230 230 230 230 230 230 230 230 230 230 230 230 230 230 230 230 230 230 230 230 230 231 376 376 376 376 376 376 376 379 379 379 381 382 384 385 386 388 330 332 333 335 336 337
205 205 205 205 205 205 205 205 205 205 205 205 228 228 228 228 228 228 228 228 228 228 228 228 228 228 228 228 228 228 228 228 228 228 228 228 228 228 228 228 228 228 228 228 228 228 228 228 228 230 230 230 231 231 231 231 231 231 231 231 231 231 231 231 231 231 231 231 231 231 231 231 231 376 376 376 376 376 376 379 379 380 381 383 384 385 387 388 390 331 333 335 336 338
205 205 205 205 205 205 205 205 205 205 205 205 228 228 228 228 228 228 228 228 228 228 228 228 228 228 228 228 228 228 228 228 228 228 228 228 228 228 228 228 228 229 229 229 229 229 229 229 229 231 231 231 231 231 231 231 231 231 231 231 231 231 231 231 231 231 231 231 231 231 231 231 231 376 376 376 376 376 379 379 379 380 381 383 384 386 387 389 390 391 393 335 337 338
205 205 205 205 205 205 205 205 205 205 205 205 205 228 228 228 228 228 228 228 228 228 228 228 228 228 228 228 228 228 228 228 228 229 229 229 229 229 229 229 229 229 229 229 229 229 229 229 229 229 231 231 231 231 231 231 231 231 231 231 231 231 231 231 231 231 231 231 231 231 231 231 231 231 376 376 376 376 379 379 379 380 382 383 385 386 387 389 390 392 393 395 396 338
205 205 205 205 205 205 205 205 205 205 205 205 205 228 228 228 228 228 228 228 228 228 228 228 228 228 229 229 229 229 229 229 229 229 229 229 229 229 229 229 229 229 229 229 229 229 229 229 229 229 231 231 231 231 231 231 231 231 231 231 231 231 231 231 231 231 231 231 231 231 231 231 231 231 231 376 376 376 379 379 379 381 382 384 385 386 388 389 391 392 394 395 396 398
205 205 205 205 205 205 205 205 205 205 205 205 205 228 228 228 228 228 228 229 229 229 229 229 229 229 229 229 229 229 229 229 229 229 229 229 229 229 229 229 229 229 229 229 229 229 229 229 229 229 231 231 231 231 231 231 231 231 231 231 231 231 231 231 231 231 231 231 231 231 231 231 231 231 231 231 376 376 379 379 380 381 382 384 385 387 388 390 391 392 394 395 397 398
205 205 205 205 205 205 205 205 205 205 205 205 205 229 229 229 229 229 229 229 229 229 229 229 229 229 229 229 229 229 229 229 229 229 229 229 229 229 229 229 229 229 229 229 229 229 229 229 229 229 231 231 231 231 231 231 231 231 231 231 231 231 231 231 231 231 231 231 231 231 231 231 231 231 231 231 231 379 379 379 380 381 383 384 386 387 388 390 391 393 394 396 397 398
205 205 205 205 205 205 205 205 206 206 206 206 206 206 229 229 229 229 229 229 229 229 229 229 229 229 229 229 229 229 229 229 229 229 229 229 229 229 229 229 229 229 229 229 229 229 229 229 229 229 229 231 231 231 231 231 231 231 231 231 231 231 231 231 231 231 231 231 231 231 231 231 231 231 231 231 231 234 379 379 380 382 383 384 386 387 389 390 392 393 395 396 397 399
205 205 205 206 206 206 206 206 206 206 206 206 206 206 229 229 229 229 229 229 229 229 229 229 229 229 229 229 229 229 229 229 229 229 229 229 229 229 229 229 229 229 229 229 229 229 229 229 229 229 229 231 231 231 231 231 231 231 231 231 231 231 231 231 231 231 231 231 231 231 231 232 232 232 232 232 232 235 235 380 381 383 384 386 387 389 390 392 393 394 396 397 399 400
206 206 206 206 206 206 206 206 206 206 206 206 206 206 229 229 229 229 229 229 229 229 229 229 229 229 229 229 229 229 229 229 229 229 229 229 229 229 229 229 229 229 229 229 229 229 229 229 229 229 229 231 232 232 232 232 232 232 232 232 232 232 232 232 232 232 232 232 232 232 232 232 232 232 232 232 232 235 235 235 382 383 385 386 388 389 390 392 393 395 396 398 399 400
206 206 206 206 206 206 206 206 206 206 206 206 206 206 229 229 229 229 229 229 229 229 229 229 229 229 229 229 229 229 229 229 229 229 229 229 229 229 229 229 229 229 230 230 230 230 230 230 230 230 230 230 232 232 232 232 232 232 232 232 232 232 232 232 232 232 232 232 232 232 232 232 232 232 232 232 232 235 235 236 237 383 385 386 388 389 391 392 394 395 396 398 399 401
206 206 206 206 206 206 206 206 206 206 206 206 206 206 206 229 229 229 229 229 229 229 229 229 229 229 229 229 229 229 229 229 229 230 230 230 230 230 230 230 230 230 230 230 230 230 230 230 230 230 230 230 232 232 232 232 232 232 232 232 232 232 232 232 232 232 232 232 232 232 232 232 232 232 232 232 235 235 235 236 237 239 385 387 388 390 391 392 394 395 397 398 400 401
206 206 206 206 206 206 206 206 206 206 206 206 206 206 206 229 229 229 229 229 229 229 229 229 229 229 230 230 230 230 230 230 230 230 230 230 230 230 230 230 230 230 230 230 230 230 230 230 230 230 230 230 232 232 232 232 232 232 232 232 232 232 232 232 232 232 232 232 232 232 232 232 232 232 232 232 235 235 235 236 238 239 240 387 388 390 391 393 394 396 397 398 400 401
206 206 206 206 206 206 206 206 206 206 206 206 206 206 206 229 229 229 229 229 230 230 230 230 230 230 230 230 230 230 230 230 230 230 230 230 230 230 230 230 230 230 230 230 230 230 230 230 230 230 230 230 232 232 232 232 232 232 232 232 232 232 232 232 232 232 232 232 232 232 232 232 232 232 232 232 235 235 235 236 238 239 241 242 389 390 391 393 394 396 397 399 400 402
206 206 206 206 206 206 206 206 206 206 206 206 206 206 207 230 230 230 230 230 230 230 230 230 230 230 230 230 230 230 230 230 230 230 230 230 230 230 230 230 230 230 230 230 230 230 230 230 230 230 230 230 230 232 232 232 232 232 232 232 232 232 232 232 232 232 232 232 232 232 232 232 232 232 232 232 235 235 235 237 238 240 241 242 244 390 392 393 395 396 398 399 400 402
206 206 206 206 206 206 206 206 206 207 207 207 207 207 207 207 230 230 230 230 230 230 230 230 230 230 230 230 230 230 230 230 230 230 230 230 230 230 230 230 230 230 230 230 230 230 230 230 230 230 230 230 230 232 232 232 232 232 232 232 232 232 232 232 232 232 232 232 232 232 232 232 232 232 232 232 235 235 235 237 238 240 241 243 244 246 392 393 395 396 398 399 401 402
206 206 206 206 207 207 207 207 207 207 207 207 207 207 207 207 230 230 230 230 230 230 230 230 230 230 230 230 230 230 230 230 230 230 230 230 230 230 230 230 230 230 230 230 230 230 230 230 230 230 230 230 230 232 232 232 232 232 232 232 232 232 232 232 232 232 232 232 232 232 233 233 233 233 233 233 236 236 237 238 240 241 242 244 245 247 248 395 396 398 399 400 402 403
207 207 207 207 207 207 207 207 207 207 207 207 207 207 207 207 230 230 230 230 230 230 230 230 230 230 230 230 230 230 230 230 230 230 230 230 230 230 230 230 230 230 230 230 230 230 230 230 230 230 230 230 231 231 233 233 233 233 233 233 233 233 233 233 233 233 233 233 233 233 233 233 233 233 233 236 236 236 237 238 240 241 243 244 246 247 248 250 251 398 399 401 402 404
207 207 207 207 207 207 207 207 207 207 207 207 207 207 207 207 230 230 230 230 230 230 230 230 230 230 230 230 230 230 230 230 230 230 230 230 230 230 230 230 230 230 231 231 231 231 231 231 231 231 231 231 231 231 233 233 233 233 233 233 233 233 233 233 233 233 233 233 233 233 233 233 233 233 233 236 236 236 237 239 240 241 243 244 246 247 249 250 252 253 399 401 402 404
207 207 207 207 207 207 207 207 207 207 207 207 207 207 207 207 207 230 230 230 230 230 230 230 230 230 230 230 230 230 230 230 230 230 231 231 231 231 231 231 231 231 231 231 231 231 231 231 231 231 231 231 231 231 233 233 233 233 233 233 233 233 233 233 233 233 233 233 233 233 233 233 233 233 233 236 236 236 237 239 240 242 243 245 246 247 249 250 252 253 255 256 403 404
207 207 207 207 207 207 207 207 207 207 207 207 207 207 207 207 207 230 230 230 230 230 230 230 230 230 231 231 231 231 231 231 231 231 231 231 231 231 231 231 231 231 231 231 231 231 231 231 231 231 231 231 231 231 231 233 233 233 233 233 233 233 233 233 233 233 233 233 233 233 233 233 233 233 233 236 236 236 237 239 240 242 243 245 246 248 249 251 252 253 255 256 258 404
207 207 207 207 207 207 207 207 207 207 207 207 207 207 207 207 207 230 230 230 231 231 231 231 231 231 231 231 231 231 231 231 231 231 231 231 231 231 231 231 231 231 231 231 231 231 231 231 231 231 231 231 231 231 231 233 233 233 233 233 233 233 233 233 233 233 233 233 233 233 233 233 233 233 233 236 236 236 238 239 241 242 243 245 246 248 249 251 252 254 255 257 258 259
207 207 207 207 207 207 207 207 207 207 207 207 207 207 207 208 208 231 231 231 231 231 231 231 231 231 231 231 231 231 231 231 231 231 231 231 231 231 231 231 231 231 231 231 231 231 231 231 231 231 231 231 231 231 231 233 233 233 233 233 233 233 233 233 233 233 233 233 233 233 233 233 233 233 233 236 236 236 238 239 241 242 244 245 247 248 249 251 252 254 255 257 258 260
207 207 207 207 207 207 207 207 207 208 208 208 208 208 208 208 208 208 231 231 231 231 231 231 231 231 231 231 231 231 231 231 231 231 231 231 231 231 231 231 231 231 231 231 231 231 231 231 231 231 231 231 231 231 231 231 233 233 233 233 233 233 233 233 233 233 233 233 233 233 233 233 233 233 233 236 236 237 238 239 241 242 244 245 247 248 250 251 253 254 255 257 258 260
207 207 207 207 208 208 208 208 208 208 208 208 208 208 208 208 208 208 231 231 231 231 231 231 231 231 231 231 231 231 231 231 231 231 231 231 231 231 231 231 231 231 231 231 231 231 231 231 231 231 231 231 231 231 231 231 233 233 233 233 233 233 233 233 233 233 233 233 233 233 234 234 234 234 234 237 237 238 239 241 242 244 245 246 248 249 251 252 254 255 257 258 260 261
208 208 208 208 208 208 208 208 208 208 208 208 208 208 208 208 208 208 231 231 231 231 231 231 231 231 231 231 231 231 231 231 231 231 231 231 231 231 231 231 231 231 231 231 231 231 231 231 231 231 231 231 231 232 232 232 234 234 234 234 234 234 234 234 234 234 234 234 234 234 234 234 234 234 237 237 237 238 239 241 242 244 245 247 248 250 251 252 254 255 257 258 260 261
208 208 208 208 208 208 208 208 208 208 208 208 208 208 208 208 208 208 208 231 231 231 231 231 231 231 231 231 231 231 231 231 231 231 231 231 231 231 231 231 231 231 232 232 232 232 232 232 232 232 232 232 232 232 232 232 232 234 234 234 234 234 234 234 234 234 234 234 234 234 234 234 234 234 237 237 237 238 240 241 242 244 245 247 248 250 251 253 254 256 257 258 260 261
208 208 208 208 208 208 208 208 208 208 208 208 208 208 208 208 208 208 208 231 231 231 231 231 231 231 231 231 231 231 231 231 231 231 232 232 232 232 232 232 232 232 232 232 232 232 232 232 232 232 232 232 232 232 232 232 232 234 234 234 234 234 234 234 234 234 234 234 234 234 234 234 234 234 237 237 237 238 240 241 243 244 245 247 248 250 251 253 254 256 257 259 260 262
208 208 208 208 208 208 208 208 208 208 208 208 208 208 208 208 208 208 208 231 231 231 231 231 231 231 231 232 232 232 232 232 232 232 232 232 232 232 232 232 232 232 232 232 232 232 232 232 232 232 232 232 232 232 232 232 232 234 234 234 234 234 234 234 234 234 234 234 234 234 234 234 234 234 237 237 237 238 240 241 243 244 246 247 249 250 251 253 254 256 257 259 260 262
208 208 208 208 208 208 208 208 208 208 208 208 208 208 208 208 208 208 208 208 231 232 232 232 232 232 232 232 232 232 232 232 232 232 232 232 232 232 232 232 232 232 232 232 232 232 232 232 232 232 232 232 232 232 232 232 232 232 234 234 234 234 234 234 234 234 234 234 234 234 234 234 234 234 237 237 237 238 240 241 243 244 246 247 249 250 252 253 255 256 257 259 260 262
208 208 208 208 208 208 208 208 208 208 208 208 208 208 208 209 209 209 209 209 232 232 232 232 232 232 232 232 232 232 232 232 232 232 232 232 232 232 232 232 232 232 232 232 232 232 232 232 232 232 232 232 232 232 232 232 232 232 234 234 234 234 234 234 234 234 234 234 234 234 234 234 234 234 237 237 237 239 240 241 243 244 246 247 249 250 252 253 255 256 258 259 260 262
208 208 208 208 208 208 208 208 208 208 209 209 209 209 209 209 209 209 209 209 232 232 232 232 232 232 232 232 232 232 232 232 232 232 232 232 232 232 232 232 232 232 232 232 232 232 232 232 232 232 232 232 232 232 232 232 232 232 234 234 234 234 234 234 234 234 234 234 234 234 234 234 234 234 237 237 237 239 240 242 243 245 246 247 249 250 252 253 255 256 258 259 261 262
208 208 208 208 208 209 209 209 209 209 209 209 209 209 209 209 209 209 209 209 232 232 232 232 232 232 232 232 232 232 232 232 232 232 232 232 232 232 232 232 232 232 232 232 232 232 232 232 232 232 232 232 232 232 232 232 232 232 232 234 234 234 234 234 234 234 234 234 234 235 235 235 235 235 238 238 238 240 241 243 244 246 247 249 250 251 253 254 256 257 259 260 262 263
209 210 210 209 209 209 209 209 209 209 209 209 209 209 209 209 209 209 209 209 209 232 232 232 232 232 232 232 232 232 232 232 232 232 232 232 232 232 232 232 232 232 232 232 232 232 232 232 232 232 232 232 232 233 233 233 233 233 233 235 235 235 235 235 235 235 235 235 235 235 235 235 235 235 238 238 238 240 241 243 244 246 247 249 250 252 253 254 256 257 259 260 262 263
211 211 210 210 210 210 209 209 209 209 209 209 209 209 209 209 209 209 209 209 209 232 232 232 232 232 232 232 232 232 232 232 232 232 232 232 232 232 232 232 232 232 233 233 233 233 233 233 233 233 233 233 233 233 233 233 233 233 233 235 235 235 235 235 235 235 235 235 235 235 235 235 235 235 238 238 238 240 241 243 244 246 247 249 250 252 253 255 256 258 259 260 262 263
212 212 211 211 211 211 210 210 210 209 209 209 209 209 209 209 209 209 209 209 209 232 232 232 232 232 232 232 232 232 232 232 232 232 233 233 233 233 233 233 233 233 233 233 233 233 233 233 233 233 233 233 233 233 233 233 233 233 233 233 235 235 235 235 235 235 235 235 235 235 235 235 235 235 238 238 239 240 241 243 244 246 247 249 250 252 253 255 256 258 259 261 262 263
213 213 212 212 212 211 211 211 211 210 210 210 209 209 209 209 209 209 209 209 209 209 232 232 232 232 232 233 233 233 233 233 233 233 233 233 233 233 233 233 233 233 233 233 233 233 233 233 233 233 233 233 233 233 233 233 233 233 233 233 235 235 235 235 235 235 235 235 235 235 235 235 235 235 238 238 239 240 242 243 244 246 247 249 250 252 253 255 256 258 259 261 262 264
214 213 213 213 213 212 212 212 211 211 211 211 210 210 210 209 209 209 209 209 209 210 233 233 233 233 233 233 233 233 233 233 233 233 233 233 233 233 233 233 233 233 233 233 233 233 233 233 233 233 233 233 233 233 233 233 233 233 233 233 235 235 235 235 235 235 235 235 235 235 235 235 235 235 238 238 239 240 242 243 245 246 247 249 250 252 253 255 256 258 259 261 262 264
215 214 214 214 213 213 213 213 212 212 212 211 211 211 210 210 211 210 210 210 210 210 233 233 233 233 233 233 233 233 233 233 233 233 233 233 233 233 233 233 233 233 233 233 233 233 233 233 233 233 233 233 233 233 233 233 233 233 233 233 233 235 235 235 235 235 235 235 235 235 235 235 235 235 238 238 239 240 242 243 245 246 248 249 250 252 253 255 256 258 259 261 262 264
