testData/tiles/oneDegree/grid20.0-15.0-21.0-16.0.asc
ncols   200
nrows   200
xllcorner   20.0
yllcorner   15.0
cellsize   0.005
NODATA_value   -9999.0
[rows 0 to 38 of 200, columns 0 to 88 of 200]
685 686 688 689 690 690 691 691 691 693 694 693 694 694 694 693 693 694 694 693 693 693 691 691 690 689 688 687 686 684 682 680 678 675 674 673 675 676 676 677 677 678 679 613 551 551 552 552 554 555 555 556 556 557 558 813 813 814 814 815 815 816 816 818 818 819 820 821 821 822 822 823 823 824 824 825 825 825 826 827 828 828 829 829 830 830 830 831 831
684 686 687 687 689 690 690 691 691 692 692 693 693 693 693 693 693 693 692 692 692 692 690 691 690 688 687 686 685 683 681 679 677 675 673 674 674 676 676 677 677 678 679 613 614 614 615 616 617 618 618 556 556 557 557 812 812 814 815 816 816 817 817 818 818 819 819 820 820 821 822 823 823 824 824 825 825 825 826 826 827 828 829 829 831 831 831 832 832
685 686 686 686 687 689 689 691 691 691 691 692 691 692 692 692 692 692 692 691 691 691 689 690 689 687 686 685 683 682 680 679 677 674 673 674 674 675 675 677 678 679 680 613 614 614 615 616 616 617 617 620 620 621 875 876 813 814 814 815 815 816 817 818 818 819 819 820 820 822 822 823 823 824 824 826 826 827 827 827 828 828 829 829 830 830 830 831 831
683 684 685 687 687 688 689 689 689 689 692 692 691 691 691 690 690 690 692 691 690 690 688 688 687 685 686 685 682 681 678 677 675 671 672 675 675 676 676 677 678 678 612 612 614 614 615 617 617 618 618 619 619 874 874 876 876 877 877 878 878 880 817 818 818 819 820 821 821 822 822 823 823 824 824 825 825 826 826 826 828 828 829 829 830 830 830 831 831
682 684 685 686 685 687 688 688 689 689 690 690 689 690 690 690 690 690 690 689 688 689 687 688 687 685 684 683 680 680 678 675 674 672 673 674 674 675 676 677 678 678 613 613 614 614 615 616 617 618 618 619 873 874 874 876 876 877 877 879 879 880 880 881 881 882 882 820 820 821 821 823 823 824 824 825 826 827 827 827 828 828 829 829 830 831 832 819 819
681 683 684 685 684 686 687 687 688 688 689 689 689 689 689 689 689 689 689 688 688 688 686 685 686 684 683 681 679 679 677 674 673 672 673 674 674 675 676 677 678 678 613 613 614 614 615 616 616 617 618 619 874 875 875 876 876 877 877 878 878 879 879 881 881 882 883 884 884 885 885 823 823 824 824 825 826 827 827 827 828 828 829 829 830 817 818 818 818
680 681 682 684 684 685 686 686 686 686 688 689 688 688 688 688 687 688 688 688 687 687 685 684 683 682 681 681 679 677 675 672 671 671 672 674 675 676 676 677 678 611 612 612 613 615 616 617 617 618 618 873 873 874 874 875 876 877 877 879 880 880 881 881 882 882 882 884 884 885 885 886 886 887 887 888 825 826 826 827 827 828 829 816 817 817 818 818 818
679 681 682 683 682 683 685 686 686 686 687 687 686 686 687 688 687 687 687 685 685 684 685 684 683 681 680 679 676 675 674 672 672 672 673 674 674 675 675 677 678 612 613 613 614 615 615 616 616 618 618 873 873 874 875 876 876 877 878 878 880 880 881 881 882 882 883 883 883 884 884 885 886 888 888 889 889 890 890 891 815 815 816 816 817 817 819 819 819
678 679 681 682 681 683 684 684 684 685 686 686 686 686 686 686 685 686 686 684 685 684 683 682 681 680 679 677 676 674 672 670 671 671 673 674 674 676 676 677 678 611 612 613 614 615 615 616 616 618 872 873 873 875 875 876 876 877 878 878 879 879 880 880 883 883 884 884 884 885 885 886 886 887 887 888 888 890 877 878 878 878 879 879 880 817 818 818 818
677 678 679 680 680 682 683 683 684 684 684 685 685 685 685 685 684 685 684 683 683 683 681 680 679 678 677 676 674 673 671 670 671 671 673 674 674 676 677 677 611 611 612 612 614 615 615 617 617 872 872 873 873 874 874 875 876 877 879 879 880 880 881 881 882 882 883 883 883 885 885 886 886 887 887 875 875 876 876 877 877 877 879 880 881 881 882 882 882
676 678 678 679 679 680 680 682 683 683 683 683 683 683 684 685 684 683 683 682 681 681 680 680 679 677 676 674 672 670 670 670 672 673 673 674 674 675 676 676 611 612 613 613 614 615 615 616 616 871 871 873 874 875 875 876 877 877 878 878 879 880 881 881 882 882 883 883 884 884 885 886 873 874 875 876 876 877 877 878 878 878 879 879 880 880 881 881 882
674 675 676 677 678 680 680 681 681 681 681 682 682 682 682 682 681 681 682 681 681 680 678 677 676 674 674 674 671 669 670 670 671 672 672 674 674 676 677 610 611 611 612 612 614 615 615 616 871 872 872 873 873 874 874 876 877 877 878 878 879 879 881 881 882 882 884 884 885 872 872 873 873 874 874 875 875 876 876 878 878 878 879 879 880 880 881 881 881
673 674 676 677 677 677 678 679 680 680 681 681 681 680 681 681 681 681 680 679 678 678 677 676 676 674 672 671 668 668 670 670 671 673 673 674 674 675 676 610 611 611 612 613 614 615 615 616 871 872 872 873 873 874 874 875 877 877 878 879 880 880 881 881 882 869 870 870 871 871 871 873 873 874 874 875 875 877 877 878 878 878 879 879 880 881 882 882 882
672 673 675 675 676 676 677 678 679 678 679 679 680 679 680 680 678 679 679 677 677 677 675 674 673 672 670 669 667 668 670 670 671 673 673 674 674 675 609 610 611 611 613 613 614 615 615 870 870 871 871 873 874 875 875 876 877 877 878 878 879 879 867 868 869 869 870 871 872 872 872 873 873 874 874 875 876 877 877 878 878 878 879 879 880 880 881 881 881
670 671 672 673 674 676 676 677 677 677 677 678 678 678 678 678 677 677 676 676 676 675 674 673 671 669 668 667 668 669 670 670 671 672 672 673 674 676 610 610 611 611 612 612 613 614 870 871 871 872 872 873 873 874 875 875 876 877 865 865 867 867 868 868 869 869 870 870 872 872 872 873 873 874 874 875 875 876 876 877 877 878 879 879 880 880 881 881 881
668 670 672 673 673 673 674 674 676 676 676 677 677 676 676 676 676 676 676 674 673 673 671 671 670 668 667 667 667 668 669 669 672 673 673 674 674 608 609 609 610 611 613 613 614 615 869 870 870 871 872 873 873 874 862 863 864 864 865 865 866 867 868 868 869 869 870 870 871 871 871 872 872 875 875 876 876 877 877 878 878 878 879 879 880 880 881 863 863
668 668 669 670 672 672 672 674 674 674 674 675 675 674 675 675 674 673 673 672 672 672 670 669 668 665 665 667 667 669 670 670 671 672 672 674 674 608 609 610 611 611 612 612 613 869 869 870 870 871 859 860 860 861 862 863 864 864 865 865 866 866 867 867 868 869 871 871 872 872 872 873 873 874 874 875 875 876 876 878 859 859 860 860 861 861 862 862 862
665 667 668 669 670 670 671 672 673 672 672 673 673 673 672 673 672 672 672 671 670 669 668 667 665 664 666 667 667 668 670 670 671 672 672 674 607 608 609 610 611 611 612 612 613 856 856 857 857 859 859 860 860 861 861 862 863 863 864 866 867 867 868 868 869 869 870 870 871 871 871 873 873 855 855 856 856 857 857 858 858 858 860 860 862 862 863 863 863
663 664 666 668 668 668 669 670 670 670 672 672 672 671 671 670 670 670 670 669 668 667 665 665 664 664 666 667 667 668 669 669 671 672 673 607 607 608 609 609 610 598 599 600 855 856 856 857 857 858 858 859 859 862 862 863 864 864 865 865 866 866 867 867 869 850 851 851 852 852 853 854 854 855 855 856 857 858 858 859 859 859 860 860 861 861 862 862 862
663 664 665 665 665 666 668 669 669 669 669 669 668 669 670 670 668 668 667 666 665 666 664 663 664 664 665 666 666 669 670 670 671 672 672 606 593 594 597 597 598 598 599 599 854 855 855 857 857 859 859 860 860 861 861 862 863 845 846 846 847 847 848 849 850 850 851 851 852 853 853 854 854 855 855 856 856 857 857 858 858 858 860 860 861 861 862 862 862
660 661 662 664 664 665 666 666 666 666 667 668 667 667 667 667 665 666 666 664 664 663 661 662 663 664 666 667 667 668 669 656 657 659 593 594 594 595 596 596 597 597 599 599 855 856 856 857 838 839 839 841 841 842 842 843 844 845 846 846 847 847 849 849 850 850 851 851 852 852 852 853 853 854 855 856 856 858 858 859 859 859 860 860 861 861 862 862 863
658 659 661 662 661 662 664 664 665 665 665 665 664 665 665 666 664 664 663 661 661 661 661 663 664 651 652 653 654 655 656 657 658 591 592 593 593 595 577 577 578 579 580 834 835 836 837 838 838 839 839 840 841 842 842 843 845 845 846 846 847 847 848 848 849 849 850 851 852 853 853 854 854 855 855 856 856 857 857 859 859 859 860 860 861 861 862 862 862
656 657 659 660 660 660 662 662 662 663 663 663 662 663 663 662 662 661 661 646 647 648 648 649 651 651 652 634 635 636 637 637 639 572 573 574 574 576 576 577 579 579 580 834 835 836 836 838 838 839 840 841 841 842 842 843 843 844 845 845 847 848 849 849 850 850 851 851 851 852 852 853 854 855 855 856 856 857 857 858 858 858 859 859 860 861 862 862 862
654 655 656 657 658 659 660 660 659 660 660 661 661 629 629 628 627 626 626 627 628 629 629 630 631 632 633 635 635 636 637 637 571 571 573 575 575 576 576 577 578 578 833 834 836 844 837 838 838 839 839 840 840 841 842 843 844 845 846 846 847 847 848 848 849 850 851 851 851 852 852 853 853 854 855 856 856 858 858 859 859 859 860 860 861 861 862 862 862
632 633 636 637 636 637 638 625 626 627 627 627 626 625 625 627 625 625 626 626 627 628 629 631 632 632 633 641 641 642 643 578 579 579 580 581 581 582 582 584 586 586 841 841 842 842 843 844 844 846 846 848 848 849 849 850 850 851 851 853 854 854 855 855 849 849 850 851 851 852 853 854 854 855 855 856 856 857 857 858 858 858 859 860 861 861 862 862 862
631 619 620 620 620 622 623 624 623 623 623 623 623 624 624 623 623 624 625 633 635 636 636 637 638 638 640 641 642 643 577 577 578 578 579 581 582 583 583 584 585 839 840 841 842 842 844 845 845 846 846 847 847 849 849 850 850 851 851 853 853 854 854 855 856 857 857 858 858 859 859 860 853 854 854 855 856 857 857 857 858 858 859 860 861 861 862 862 862
615 617 617 618 619 619 620 620 621 621 622 622 621 620 628 629 630 632 633 633 634 635 636 637 638 639 640 641 641 575 577 577 578 579 580 581 581 582 582 584 585 839 840 841 842 842 843 844 845 846 846 847 847 848 849 850 850 851 852 853 853 854 854 855 855 856 856 857 857 859 859 861 861 862 862 863 863 857 857 857 858 858 860 860 861 861 862 862 862
612 613 615 616 616 617 617 618 618 625 625 626 626 627 628 629 630 631 633 633 634 635 636 637 638 638 640 641 574 575 576 577 578 578 580 581 581 582 582 584 585 839 840 841 842 842 843 844 844 845 846 847 848 849 849 850 850 851 851 852 852 853 853 855 856 857 857 858 858 859 859 860 860 861 862 863 863 864 864 864 865 865 859 859 860 860 860 861 862
610 611 612 612 613 620 622 622 622 623 624 625 625 627 628 629 630 631 632 632 634 635 636 637 638 638 639 641 574 575 576 577 578 578 579 580 581 582 583 584 839 839 840 840 841 842 843 845 845 846 846 847 847 848 848 849 849 851 852 853 853 854 854 855 855 856 856 857 858 859 859 860 860 861 861 862 862 863 864 864 866 866 867 867 868 868 861 862 862
607 615 616 615 618 619 620 621 621 622 624 626 626 627 628 628 629 631 632 633 634 635 635 636 638 639 573 574 574 575 575 576 578 579 580 581 581 582 582 583 837 838 841 841 842 842 843 843 844 845 845 847 847 849 849 850 850 851 851 852 852 853 854 855 855 856 856 857 857 859 859 860 860 862 862 863 863 863 864 864 865 865 866 866 867 867 867 869 869
612 614 616 616 617 618 619 619 622 623 624 624 625 626 628 629 630 631 631 632 633 634 636 637 638 571 572 572 573 575 576 577 578 578 579 579 580 582 583 838 838 839 840 840 841 841 843 843 844 846 846 847 847 848 848 849 850 851 851 852 852 853 854 855 855 856 856 858 858 859 859 860 860 861 861 862 862 862 863 864 865 865 866 866 867 867 867 868 868
613 614 615 615 617 618 620 620 621 622 623 624 626 627 628 628 629 630 631 633 634 634 635 636 569 571 572 573 574 575 575 576 577 578 579 580 581 582 582 837 837 838 840 840 841 842 843 843 844 844 845 847 847 848 848 849 850 851 851 852 852 854 854 855 855 856 856 857 857 858 858 859 860 861 861 863 863 863 864 864 865 865 866 866 867 868 868 869 869
612 614 614 615 617 618 619 619 621 622 624 624 625 626 628 628 629 631 631 632 633 634 635 569 570 571 572 572 573 575 575 576 578 578 579 579 580 582 582 837 837 839 840 840 841 841 843 843 844 844 845 846 847 848 848 849 850 851 851 852 852 853 853 854 854 855 857 858 858 859 859 860 860 861 861 861 862 862 864 864 865 865 866 866 866 867 867 868 868
612 613 614 615 617 618 619 619 621 622 623 624 625 626 627 628 629 630 631 632 633 634 568 569 569 571 572 572 573 575 575 576 576 578 579 579 580 581 836 837 837 839 839 840 841 841 842 842 844 844 846 847 847 848 848 849 849 850 850 851 853 854 854 855 855 856 856 857 857 858 858 859 860 861 861 861 862 862 863 863 864 864 865 865 866 868 868 869 869
612 614 614 615 616 617 619 619 621 622 623 623 625 626 627 628 629 630 630 632 566 567 568 569 569 570 572 572 573 575 575 576 576 577 579 579 580 581 836 837 837 838 838 839 841 841 843 843 844 844 845 845 846 847 847 850 850 851 851 852 852 853 853 854 854 855 856 857 857 858 858 859 860 860 861 861 862 862 864 864 865 865 866 866 866 867 867 868 868
612 613 613 614 616 618 618 619 620 621 622 624 625 626 626 627 628 630 564 565 566 566 567 568 569 571 572 572 573 574 574 576 576 578 579 579 580 580 835 836 837 839 839 840 841 841 842 842 843 843 845 846 847 847 848 849 849 850 850 851 852 853 853 854 855 856 856 857 857 858 858 859 860 860 861 861 862 862 863 863 864 864 864 865 866 867 867 868 868
611 611 614 615 616 617 617 618 621 622 622 623 624 625 626 628 629 562 563 564 565 566 568 569 569 570 571 571 572 574 575 576 576 577 578 578 580 836 837 838 838 839 839 840 840 841 843 844 845 845 846 846 847 847 848 848 849 850 850 852 852 853 853 854 854 856 856 857 857 858 858 858 859 859 860 860 861 862 863 864 865 865 865 866 866 867 867 868 868
612 612 613 614 615 617 618 619 620 621 621 623 625 626 626 560 561 561 563 565 565 566 567 567 568 571 572 573 574 574 575 576 576 578 580 580 581 835 836 837 837 839 839 841 841 842 843 843 844 844 846 846 847 847 849 849 850 850 851 852 853 854 854 855 855 856 855 855 856 857 858 859 860 860 861 861 862 862 863 863 864 864 864 865 866 867 867 868 868
611 611 613 614 616 616 617 618 620 621 622 623 557 557 558 560 562 562 563 565 565 566 568 569 570 571 571 572 573 574 575 578 578 579 579 580 581 836 837 837 839 840 840 841 841 842 843 844 845 845 847 847 848 848 849 850 851 851 852 852 852 852 853 854 855 856 857 857 858 858 859 859 859 859 860 860 861 862 863 863 863 864 864 865 865 866 866 866 867
