testData/tiles/oneDegree/grid44.0-16.0-45.0-17.0.asc
ncols   200
nrows   200
xllcorner   44.0
yllcorner   16.0
cellsize   0.005
NODATA_value   -9999.0
[rows 152 to 189 of 200, columns 84 to 167 of 200]
1096 1097 1098 1098 1098 1098 1098 1099 1099 1100 1098 1099 1100 1101 1101 1100 1100 1101 1101 1100 1100 1100 1102 1101 1102 1102 1101 1102 1100 1101 1102 1102 1102 1101 1102 1102 1102 1100 1101 1101 1101 1101 1101 1101 1100 1100 1100 1101 1100 1099 1100 1099 1099 1099 1100 1098 1099 1100 1098 1099 1099 1097 1098 1082 1080 1080 1081 1079 1079 1081 1079 1079 1080 1078 1078 1078 1078 1078 1077 1077 1076 1076 1075 1075
1095 1096 1097 1097 1098 1097 1098 1099 1100 1098 1098 1098 1100 1100 1099 1099 1099 1100 1101 1101 1100 1100 1100 1101 1101 1102 1101 1100 1102 1101 1102 1100 1100 1101 1101 1101 1102 1100 1100 1101 1101 1101 1100 1100 1101 1100 1100 1101 1098 1098 1099 1099 1098 1099 1100 1097 1098 1099 1099 1098 1098 1099 1080 1080 1081 1080 1080 1081 1079 1079 1080 1079 1078 1078 1078 1077 1077 1078 1077 1076 1075 1076 1074 1075
1094 1095 1096 1096 1097 1096 1097 1097 1098 1099 1098 1099 1098 1100 1098 1098 1099 1099 1100 1100 1100 1100 1101 1099 1101 1099 1100 1100 1100 1102 1101 1100 1101 1100 1101 1100 1101 1101 1099 1100 1101 1101 1098 1099 1100 1099 1099 1100 1100 1098 1098 1099 1097 1098 1099 1098 1098 1098 1097 1097 1098 1097 1080 1081 1079 1079 1080 1079 1080 1080 1078 1077 1078 1078 1077 1078 1077 1075 1076 1077 1075 1075 1075 1074
1095 1095 1095 1095 1096 1096 1096 1097 1096 1097 1097 1098 1098 1099 1098 1098 1098 1099 1098 1099 1099 1100 1100 1100 1100 1100 1099 1099 1100 1100 1101 1099 1099 1101 1101 1101 1099 1099 1100 1099 1100 1101 1098 1099 1099 1098 1098 1099 1099 1099 1098 1099 1098 1097 1098 1098 1097 1098 1098 1097 1097 1097 1080 1080 1080 1080 1078 1079 1079 1078 1079 1079 1076 1078 1078 1076 1077 1076 1075 1076 1075 1075 1074 1073
1094 1095 1094 1095 1096 1096 1096 1096 1096 1095 1097 1097 1098 1097 1097 1098 1099 1099 1098 1097 1099 1099 1099 1099 1099 1099 1100 1099 1100 1100 1099 1098 1099 1099 1100 1099 1098 1100 1098 1099 1099 1099 1099 1098 1099 1099 1098 1097 1098 1097 1098 1098 1097 1099 1097 1096 1098 1097 1096 1098 1097 1095 1080 1079 1078 1080 1080 1077 1079 1079 1077 1079 1077 1076 1077 1076 1076 1075 1076 1075 1074 1074 1074 1074
1093 1094 1094 1094 1094 1095 1096 1096 1096 1095 1095 1097 1097 1097 1096 1097 1098 1099 1098 1098 1098 1099 1098 1097 1099 1098 1099 1099 1099 1100 1099 1098 1098 1099 1098 1100 1098 1098 1099 1099 1099 1098 1097 1099 1098 1097 1099 1097 1096 1097 1097 1097 1097 1097 1097 1097 1096 1098 1096 1096 1098 1096 1079 1080 1078 1078 1080 1078 1078 1076 1077 1077 1076 1077 1077 1075 1076 1075 1075 1075 1075 1073 1073 1073
1092 1092 1093 1094 1093 1094 1094 1095 1095 1095 1096 1096 1097 1096 1096 1096 1097 1098 1098 1096 1097 1098 1098 1099 1096 1098 1097 1098 1098 1098 1098 1098 1099 1099 1098 1098 1098 1098 1097 1099 1098 1098 1097 1097 1097 1097 1097 1098 1096 1096 1097 1096 1095 1097 1097 1095 1097 1097 1094 1096 1096 1077 1079 1079 1077 1078 1078 1077 1078 1077 1077 1077 1076 1075 1076 1076 1075 1074 1075 1074 1074 1074 1072 1072
1092 1092 1091 1093 1093 1093 1094 1093 1095 1094 1095 1095 1096 1095 1096 1094 1096 1096 1096 1096 1096 1097 1097 1098 1098 1097 1097 1097 1097 1098 1096 1097 1098 1098 1098 1097 1097 1097 1097 1097 1098 1096 1096 1098 1098 1096 1097 1096 1095 1096 1096 1098 1095 1095 1097 1095 1095 1097 1096 1095 1096 1078 1077 1079 1078 1077 1078 1077 1076 1076 1077 1076 1076 1076 1074 1075 1076 1074 1073 1073 1073 1073 1072 1073
1091 1091 1092 1092 1093 1093 1093 1093 1093 1094 1094 1095 1094 1094 1095 1096 1095 1097 1094 1096 1096 1096 1096 1097 1097 1097 1096 1097 1098 1096 1096 1096 1097 1098 1096 1097 1097 1098 1096 1096 1097 1096 1096 1096 1097 1096 1095 1096 1095 1095 1096 1095 1095 1096 1095 1095 1095 1095 1095 1095 1095 1078 1077 1077 1077 1078 1076 1077 1077 1075 1076 1077 1075 1075 1073 1074 1074 1073 1074 1073 1072 1072 1072 1072
1090 1089 1091 1092 1091 1093 1092 1093 1093 1092 1093 1094 1094 1093 1094 1095 1096 1095 1095 1095 1097 1096 1094 1095 1095 1096 1095 1096 1097 1097 1095 1096 1096 1096 1096 1095 1097 1097 1095 1097 1095 1095 1095 1095 1096 1096 1095 1095 1095 1095 1094 1094 1095 1094 1095 1095 1094 1095 1094 1095 1095 1077 1077 1076 1076 1076 1075 1076 1076 1075 1075 1075 1074 1075 1074 1074 1074 1073 1073 1072 1073 1072 1071 1071
1089 1090 1089 1091 1090 1091 1092 1091 1092 1092 1093 1094 1093 1092 1093 1093 1095 1094 1093 1094 1095 1096 1095 1094 1095 1095 1095 1095 1096 1096 1095 1095 1096 1097 1094 1095 1095 1094 1096 1095 1096 1095 1095 1095 1095 1095 1095 1094 1094 1095 1094 1093 1094 1095 1093 1094 1095 1093 1093 1094 1092 1076 1077 1075 1076 1076 1075 1075 1076 1075 1075 1075 1074 1074 1073 1073 1074 1073 1072 1071 1072 1071 1072 1072
1088 1090 1089 1089 1090 1090 1091 1091 1090 1091 1092 1092 1093 1092 1093 1093 1093 1093 1092 1093 1094 1095 1095 1094 1094 1096 1094 1093 1094 1094 1095 1095 1095 1096 1095 1095 1094 1094 1094 1096 1094 1094 1095 1094 1095 1093 1093 1094 1093 1093 1095 1093 1094 1094 1092 1093 1094 1092 1093 1094 1075 1075 1076 1075 1075 1076 1075 1074 1075 1074 1074 1075 1074 1073 1072 1073 1072 1072 1073 1070 1072 1071 1071 1071
1087 1088 1090 1089 1089 1088 1089 1090 1090 1090 1091 1091 1091 1092 1091 1093 1093 1092 1092 1092 1092 1094 1092 1094 1093 1094 1094 1095 1093 1094 1093 1095 1094 1094 1094 1094 1094 1094 1094 1093 1093 1093 1093 1095 1093 1093 1094 1093 1093 1093 1093 1093 1093 1093 1094 1092 1092 1093 1092 1092 1076 1075 1074 1075 1074 1074 1075 1075 1074 1073 1074 1072 1073 1073 1072 1072 1071 1071 1073 1072 1072 1070 1070 1071
1085 1087 1088 1088 1088 1087 1089 1090 1089 1090 1089 1090 1090 1090 1092 1091 1092 1091 1092 1093 1092 1091 1092 1092 1093 1093 1093 1094 1094 1093 1093 1093 1093 1092 1092 1094 1094 1092 1094 1093 1093 1092 1093 1093 1093 1092 1092 1093 1092 1091 1093 1092 1091 1093 1092 1091 1093 1091 1092 1092 1074 1075 1075 1074 1074 1074 1073 1074 1074 1073 1072 1072 1072 1072 1072 1072 1072 1072 1072 1071 1071 1071 1069 1069
1084 1085 1087 1086 1088 1087 1087 1089 1088 1090 1090 1088 1090 1089 1090 1091 1090 1090 1091 1091 1092 1091 1091 1091 1092 1091 1092 1091 1093 1091 1092 1093 1094 1091 1091 1092 1093 1093 1092 1093 1093 1091 1092 1092 1091 1091 1091 1091 1092 1092 1092 1091 1091 1091 1091 1092 1091 1092 1091 1090 1074 1074 1073 1074 1074 1072 1073 1073 1072 1073 1073 1071 1072 1072 1071 1071 1072 1071 1070 1071 1070 1070 1072 1070
1084 1084 1085 1085 1085 1087 1086 1087 1088 1088 1089 1088 1088 1089 1089 1089 1089 1089 1090 1091 1091 1090 1090 1091 1092 1092 1091 1091 1091 1092 1091 1091 1093 1091 1091 1092 1092 1091 1091 1091 1091 1092 1091 1093 1091 1090 1091 1090 1091 1091 1091 1091 1092 1090 1090 1091 1091 1090 1091 1075 1072 1073 1074 1072 1073 1074 1072 1072 1072 1071 1071 1073 1072 1072 1072 1071 1070 1071 1071 1071 1070 1070 1070 1068
1084 1084 1085 1084 1084 1085 1086 1086 1086 1087 1087 1088 1087 1088 1089 1089 1089 1088 1088 1090 1090 1089 1089 1090 1090 1091 1090 1090 1090 1090 1091 1091 1090 1091 1091 1090 1092 1091 1090 1090 1090 1090 1091 1091 1090 1091 1090 1089 1090 1090 1091 1090 1090 1091 1090 1090 1091 1089 1090 1074 1072 1073 1073 1071 1072 1072 1071 1072 1072 1071 1072 1072 1072 1073 1072 1070 1070 1071 1069 1070 1071 1068 1069 1063
1082 1083 1084 1084 1084 1085 1085 1085 1085 1084 1086 1086 1087 1087 1087 1088 1088 1088 1088 1089 1089 1088 1089 1089 1090 1089 1090 1089 1089 1090 1089 1090 1089 1089 1090 1090 1090 1091 1090 1089 1089 1089 1090 1090 1089 1089 1090 1089 1089 1090 1088 1088 1090 1090 1088 1090 1090 1088 1089 1072 1072 1072 1072 1072 1071 1070 1071 1072 1071 1073 1073 1071 1072 1071 1071 1073 1070 1070 1070 1069 1070 1068 1070 1062
1081 1082 1082 1081 1082 1084 1084 1084 1085 1084 1084 1086 1085 1087 1086 1086 1086 1087 1088 1088 1088 1088 1088 1087 1089 1088 1088 1089 1089 1088 1090 1090 1090 1088 1088 1090 1088 1088 1089 1090 1088 1090 1089 1088 1088 1088 1089 1088 1088 1089 1089 1088 1088 1088 1088 1088 1090 1089 1087 1072 1071 1070 1071 1071 1070 1071 1071 1071 1072 1072 1071 1071 1071 1069 1071 1072 1070 1070 1069 1068 1070 1069 1069 1062
1079 1081 1081 1080 1081 1082 1083 1083 1084 1083 1084 1085 1085 1085 1084 1085 1085 1086 1087 1086 1087 1086 1087 1088 1088 1087 1087 1087 1088 1087 1088 1088 1089 1087 1089 1088 1089 1087 1087 1089 1087 1088 1089 1088 1086 1087 1088 1087 1088 1088 1087 1088 1087 1087 1088 1087 1087 1088 1088 1070 1070 1071 1069 1070 1071 1071 1071 1072 1070 1070 1072 1070 1071 1072 1070 1070 1071 1070 1069 1069 1069 1068 1067 1062
1079 1080 1079 1079 1080 1081 1081 1082 1082 1082 1083 1084 1083 1085 1084 1085 1084 1084 1086 1086 1084 1085 1086 1086 1087 1085 1087 1086 1087 1086 1087 1086 1087 1086 1087 1088 1088 1085 1087 1087 1087 1087 1087 1087 1087 1087 1087 1087 1086 1087 1087 1087 1088 1087 1086 1087 1086 1086 1071 1069 1070 1070 1068 1069 1070 1070 1071 1071 1070 1070 1070 1070 1071 1070 1069 1070 1069 1069 1069 1069 1067 1069 1062 1061
1077 1079 1077 1079 1080 1079 1080 1080 1081 1081 1082 1082 1082 1083 1083 1084 1084 1084 1084 1084 1084 1083 1085 1085 1085 1085 1085 1087 1086 1085 1086 1086 1085 1087 1086 1086 1087 1086 1086 1086 1086 1086 1086 1085 1085 1086 1086 1086 1086 1086 1085 1086 1087 1085 1087 1087 1084 1086 1069 1067 1069 1069 1069 1070 1070 1070 1070 1070 1071 1071 1070 1070 1069 1069 1070 1069 1070 1070 1068 1068 1067 1068 1062 1060
1076 1076 1076 1077 1079 1079 1079 1079 1078 1080 1081 1079 1081 1081 1081 1083 1082 1082 1084 1083 1084 1082 1083 1085 1084 1084 1084 1085 1084 1086 1084 1086 1084 1085 1085 1086 1084 1086 1085 1084 1086 1085 1084 1084 1085 1085 1085 1085 1085 1087 1084 1085 1086 1084 1085 1086 1085 1085 1068 1068 1067 1069 1069 1069 1071 1069 1068 1070 1070 1069 1069 1070 1068 1069 1070 1068 1069 1069 1068 1068 1067 1067 1060 1060
1075 1074 1074 1076 1076 1078 1078 1077 1078 1079 1081 1079 1079 1080 1080 1081 1081 1081 1082 1082 1082 1083 1083 1083 1082 1083 1082 1084 1083 1084 1084 1084 1083 1085 1084 1085 1083 1084 1085 1084 1084 1085 1085 1082 1084 1084 1083 1084 1085 1085 1084 1085 1084 1085 1084 1084 1085 1084 1068 1069 1067 1068 1067 1068 1069 1069 1070 1068 1068 1069 1068 1069 1071 1069 1068 1068 1068 1068 1067 1069 1066 1059 1059 1060
1073 1073 1073 1073 1075 1076 1077 1076 1076 1078 1079 1078 1080 1078 1079 1079 1079 1081 1080 1080 1081 1081 1082 1083 1081 1083 1082 1082 1082 1083 1082 1083 1082 1083 1084 1083 1081 1083 1083 1083 1083 1083 1084 1083 1083 1083 1083 1082 1084 1083 1084 1084 1084 1084 1083 1084 1083 1065 1068 1067 1067 1068 1067 1069 1069 1068 1069 1068 1068 1069 1068 1068 1069 1067 1068 1067 1067 1068 1068 1067 1066 1061 1058 1059
1073 1071 1073 1072 1073 1075 1073 1075 1075 1076 1077 1077 1077 1078 1078 1079 1079 1079 1079 1079 1079 1080 1081 1080 1080 1081 1082 1083 1080 1081 1081 1082 1081 1082 1082 1082 1081 1082 1082 1082 1081 1082 1082 1082 1082 1083 1082 1081 1082 1081 1083 1082 1081 1083 1082 1083 1083 1066 1066 1066 1067 1066 1068 1068 1066 1068 1068 1066 1068 1069 1066 1067 1067 1066 1068 1068 1067 1066 1066 1066 1066 1060 1059 1059
1070 1070 1071 1073 1072 1073 1072 1073 1075 1074 1075 1076 1075 1076 1077 1076 1078 1079 1078 1077 1078 1078 1080 1079 1078 1080 1080 1082 1080 1080 1080 1080 1079 1081 1081 1080 1081 1081 1081 1082 1080 1080 1080 1081 1080 1082 1081 1081 1082 1080 1081 1082 1081 1081 1082 1082 1082 1066 1064 1064 1067 1067 1067 1067 1067 1066 1067 1067 1067 1067 1068 1067 1066 1068 1067 1066 1067 1066 1065 1067 1060 1060 1058 1058
1068 1068 1069 1070 1071 1072 1071 1072 1073 1074 1073 1072 1074 1075 1076 1075 1076 1077 1077 1077 1077 1078 1078 1077 1077 1077 1079 1079 1079 1079 1079 1080 1080 1079 1079 1079 1079 1080 1080 1080 1080 1080 1078 1080 1080 1080 1080 1081 1080 1080 1081 1080 1080 1081 1082 1081 1081 1065 1064 1065 1065 1065 1066 1066 1065 1067 1067 1066 1066 1066 1066 1066 1066 1066 1065 1065 1066 1065 1066 1067 1058 1058 1058 1057
1066 1066 1068 1069 1069 1069 1069 1070 1072 1073 1072 1072 1072 1074 1074 1074 1075 1074 1075 1076 1075 1077 1077 1076 1077 1076 1077 1077 1077 1077 1078 1078 1078 1080 1078 1077 1078 1079 1079 1079 1078 1080 1078 1079 1079 1079 1078 1080 1080 1078 1079 1080 1080 1079 1081 1080 1062 1065 1064 1064 1065 1064 1065 1066 1066 1066 1066 1066 1065 1064 1066 1066 1065 1066 1066 1065 1066 1065 1065 1064 1058 1058 1057 1056
1064 1065 1065 1067 1068 1067 1068 1068 1069 1071 1071 1071 1071 1072 1073 1073 1071 1073 1074 1073 1075 1075 1075 1075 1076 1077 1076 1075 1076 1076 1076 1077 1077 1078 1077 1077 1077 1078 1076 1077 1077 1078 1076 1078 1078 1078 1077 1078 1078 1078 1078 1079 1080 1079 1080 1079 1063 1063 1063 1064 1064 1065 1066 1064 1064 1065 1064 1065 1066 1065 1064 1065 1064 1064 1064 1065 1065 1063 1064 1063 1058 1058 1058 1056
1066 1065 1066 1065 1066 1065 1065 1067 1068 1069 1068 1069 1070 1071 1070 1072 1072 1071 1072 1072 1073 1074 1073 1073 1074 1075 1075 1075 1075 1075 1075 1074 1076 1076 1076 1076 1076 1077 1077 1075 1075 1077 1076 1076 1077 1077 1076 1078 1077 1078 1078 1078 1078 1078 1079 1079 1063 1062 1061 1063 1064 1064 1064 1064 1063 1063 1065 1064 1064 1065 1064 1063 1064 1064 1064 1064 1064 1064 1063 1056 1058 1056 1056 1057
1066 1065 1065 1066 1065 1065 1064 1064 1066 1067 1066 1068 1067 1068 1069 1070 1070 1070 1070 1071 1071 1072 1072 1071 1072 1074 1074 1072 1073 1074 1076 1073 1074 1074 1074 1073 1075 1076 1075 1075 1075 1075 1075 1075 1075 1076 1076 1076 1077 1077 1076 1077 1077 1078 1078 1078 1062 1061 1060 1063 1063 1063 1063 1063 1064 1064 1063 1063 1063 1063 1063 1065 1064 1062 1063 1063 1063 1063 1064 1055 1056 1056 1055 1057
1065 1066 1065 1065 1065 1064 1065 1065 1064 1064 1064 1065 1067 1067 1066 1067 1068 1070 1068 1069 1071 1071 1069 1070 1071 1071 1073 1071 1071 1073 1072 1073 1074 1072 1072 1073 1073 1074 1073 1073 1074 1074 1074 1075 1074 1074 1074 1075 1075 1075 1077 1075 1076 1077 1077 1059 1061 1062 1060 1063 1062 1061 1062 1063 1062 1062 1063 1061 1061 1063 1062 1062 1063 1062 1061 1062 1061 1062 1062 1055 1056 1055 1055 1055
1065 1065 1066 1064 1064 1064 1064 1065 1065 1062 1063 1064 1064 1066 1065 1065 1066 1067 1068 1068 1068 1069 1069 1069 1069 1070 1070 1070 1070 1070 1071 1072 1070 1072 1071 1071 1072 1072 1071 1072 1072 1071 1073 1073 1073 1072 1074 1074 1074 1074 1075 1075 1076 1076 1076 1058 1060 1060 1059 1061 1060 1062 1061 1061 1062 1061 1061 1063 1063 1061 1062 1061 1061 1062 1062 1062 1061 1061 1055 1056 1055 1055 1054 1053
1065 1065 1065 1065 1063 1063 1064 1064 1064 1062 1062 1063 1063 1064 1063 1063 1064 1066 1065 1065 1066 1067 1067 1068 1068 1069 1068 1068 1068 1069 1069 1070 1070 1070 1070 1071 1071 1071 1069 1070 1072 1070 1071 1072 1074 1072 1074 1073 1072 1074 1075 1074 1075 1075 1075 1058 1058 1058 1059 1060 1060 1061 1061 1060 1060 1060 1061 1061 1061 1061 1061 1060 1061 1061 1060 1061 1061 1059 1054 1055 1054 1053 1054 1053
1065 1066 1066 1064 1063 1063 1063 1064 1063 1062 1062 1062 1063 1062 1061 1062 1063 1063 1064 1065 1063 1065 1065 1066 1067 1067 1067 1067 1068 1068 1067 1068 1069 1068 1068 1069 1070 1068 1069 1069 1069 1069 1069 1071 1072 1071 1072 1073 1074 1072 1073 1073 1073 1074 1057 1058 1057 1057 1058 1059 1059 1060 1059 1059 1061 1059 1059 1060 1060 1059 1061 1061 1059 1059 1060 1059 1060 1060 1053 1053 1052 1052 1054 1052
1065 1065 1065 1065 1064 1064 1063 1063 1063 1062 1061 1062 1062 1062 1061 1061 1061 1062 1062 1063 1062 1062 1063 1064 1065 1064 1064 1065 1067 1066 1066 1066 1066 1067 1066 1067 1068 1067 1067 1067 1069 1068 1068 1070 1069 1069 1070 1072 1071 1072 1071 1071 1073 1073 1055 1057 1056 1057 1059 1058 1057 1057 1059 1058 1059 1060 1058 1058 1059 1059 1059 1059 1059 1058 1059 1059 1059 1053 1051 1053 1053 1051 1053 1051
1064 1065 1064 1064 1064 1064 1064 1064 1062 1062 1062 1061 1062 1060 1060 1061 1060 1060 1060 1060 1062 1062 1060 1062 1063 1063 1063 1063 1064 1066 1064 1064 1066 1064 1064 1066 1066 1065 1066 1066 1067 1068 1068 1067 1068 1069 1069 1070 1070 1071 1071 1072 1071 1072 1054 1055 1057 1057 1057 1057 1056 1057 1058 1057 1058 1057 1058 1059 1057 1057 1058 1058 1057 1058 1059 1057 1057 1052 1050 1052 1052 1051 1051 1050
