testData/tiles/oneDegree/grid28.0-34.0-29.0-35.0.asc
ncols   200
nrows   200
xllcorner   28.0
yllcorner   34.0
cellsize   0.005
NODATA_value   -9999.0
[rows 42 to 83 of 200, columns 94 to 187 of 200]
418 417 417 418 418 417 417 417 417 417 417 416 416 417 417 416 416 416 415 416 416 416 415 415 415 415 416 416 416 416 416 415 416 417 417 417 417 417 416 417 417 416 416 417 417 417 417 418 417 417 417 416 417 417 416 416 416 415 416 416 415 415 415 414 414 415 414 414 414 414 414 414 414 414 414 414 415 415 415 415 415 415 415 415 415 415 415 414 414 414 414 414 414 414
416 417 417 417 416 416 417 416 416 416 415 416 416 416 415 415 416 415 415 415 415 414 415 416 416 416 416 416 416 416 417 417 417 417 417 417 417 417 417 418 417 418 418 417 417 417 418 417 417 417 417 417 417 416 417 417 417 417 417 416 416 416 415 416 416 415 415 415 415 415 415 415 416 416 416 416 416 415 415 415 415 415 415 415 415 415 415 415 415 415 415 415 414 414
416 416 416 415 416 416 415 415 415 415 415 415 415 414 415 415 414 414 415 415 415 416 416 416 416 416 416 417 417 418 417 417 417 417 417 418 418 418 418 417 418 418 418 417 418 418 418 418 418 418 418 418 417 417 418 417 417 417 416 416 416 417 416 416 416 415 415 415 415 416 416 416 416 416 416 416 416 416 416 416 416 416 416 416 416 415 415 415 415 415 415 415 415 415
415 414 415 415 415 414 415 415 414 414 414 414 414 414 415 414 414 416 416 415 416 416 416 416 417 417 417 417 418 417 417 418 418 418 418 418 418 418 417 418 418 419 418 419 419 418 418 418 418 418 418 417 417 418 417 417 417 417 416 417 417 417 417 417 416 416 416 417 417 417 416 416 416 416 416 416 416 416 416 416 416 417 417 417 417 417 417 417 417 417 416 416 416 416
414 414 414 414 414 414 414 413 413 414 414 414 414 414 414 415 416 416 415 416 416 417 417 417 417 417 417 418 418 418 418 418 418 418 418 418 418 419 419 419 419 418 419 419 418 418 419 418 418 418 418 419 419 419 418 418 418 418 418 418 417 417 417 416 416 417 417 417 417 417 417 417 417 417 417 417 418 418 418 418 418 417 417 417 417 417 417 417 417 417 417 417 417 417
413 413 414 413 413 413 412 413 414 414 414 414 414 415 415 416 416 415 417 417 416 417 417 417 417 418 419 418 418 418 418 418 418 419 419 419 419 419 419 419 418 419 419 418 419 420 419 419 419 419 419 419 419 418 418 418 418 418 418 417 417 417 416 417 417 417 417 417 417 417 417 417 417 418 418 418 418 418 418 418 418 418 418 418 418 418 418 417 417 417 417 417 417 417
413 413 412 412 412 413 413 414 414 414 415 415 415 415 416 416 416 417 417 416 417 417 417 418 418 418 418 418 418 418 419 419 419 419 419 419 419 419 419 419 420 420 419 419 420 419 419 419 419 419 419 419 418 418 419 419 419 419 418 418 418 418 418 418 418 418 418 418 418 418 418 419 419 419 419 419 419 418 418 418 418 418 418 418 418 418 418 418 418 418 418 418 417 417
412 411 412 413 413 413 414 414 414 415 415 415 415 416 417 416 417 417 416 418 418 417 418 418 418 418 419 419 419 419 419 419 419 419 419 420 420 420 419 420 420 419 419 420 420 419 420 420 420 420 420 419 419 420 419 419 419 418 418 418 419 418 418 418 418 418 418 418 419 419 419 419 419 419 419 419 419 419 419 419 419 419 419 419 419 418 418 418 418 418 418 418 418 418
411 413 413 413 413 413 415 414 415 415 415 416 416 417 416 417 417 417 418 418 417 418 418 419 419 419 419 419 419 419 419 420 420 420 420 420 420 419 420 420 419 420 421 421 420 420 420 420 420 420 419 419 420 419 419 419 418 418 418 419 418 419 419 419 419 419 419 420 420 420 419 419 419 419 419 419 419 419 419 419 419 420 420 420 420 420 420 420 420 420 419 419 419 419
412 413 412 413 414 415 414 415 415 415 416 416 417 416 417 418 417 418 418 417 418 419 419 419 419 419 419 419 420 420 420 420 420 420 420 420 419 421 421 420 420 421 421 420 420 420 420 420 420 419 420 421 420 420 420 420 419 420 420 419 419 419 419 419 419 420 420 420 420 420 420 420 420 420 420 420 420 420 421 421 421 420 420 420 420 420 420 420 420 420 420 420 420 420
413 413 414 414 415 414 415 416 415 416 416 416 417 417 418 417 417 418 418 418 419 419 418 419 419 419 420 420 420 420 420 420 419 421 421 420 421 421 421 420 420 421 420 420 421 421 421 421 420 420 421 421 420 420 420 419 420 420 419 419 419 419 419 419 420 420 420 420 420 420 420 420 420 420 420 421 421 421 421 421 421 421 421 421 421 421 421 420 420 420 420 420 420 420
413 414 414 413 415 415 416 415 416 417 417 417 417 418 417 418 419 418 418 419 419 418 420 420 419 420 420 420 420 421 421 420 421 421 420 420 421 421 420 421 422 421 421 421 421 421 421 420 420 421 421 420 420 420 420 421 421 420 420 420 420 420 420 421 421 421 421 421 421 421 421 421 421 422 422 422 422 421 421 421 421 421 421 421 421 421 421 421 421 421 421 421 420 420
670 414 414 415 415 416 415 416 417 416 417 417 417 418 418 418 418 418 419 420 419 420 420 419 420 420 421 420 421 421 420 421 421 420 420 422 422 421 421 422 421 421 421 420 421 421 422 421 421 422 421 421 421 420 421 421 420 420 420 420 420 420 421 421 421 421 421 421 421 421 421 422 422 422 422 422 422 422 422 422 422 422 422 422 422 421 421 421 421 421 421 421 421 421
672 671 414 415 415 416 416 417 416 416 418 418 418 418 418 418 419 419 420 419 419 420 419 420 421 421 420 421 421 420 420 422 421 421 422 422 421 421 421 421 421 422 421 422 422 422 421 421 422 421 421 421 420 420 421 420 420 420 420 420 420 421 421 422 422 422 422 422 421 421 422 422 422 422 422 422 422 422 422 422 422 422 422 422 422 422 422 422 422 422 421 421 421 421
671 671 672 416 416 416 416 416 417 418 418 417 418 418 419 419 419 420 419 419 421 420 420 421 421 420 420 422 421 421 422 421 421 421 422 421 422 422 422 422 422 421 422 422 422 421 421 422 421 421 422 421 421 422 421 421 421 421 421 421 422 422 422 422 422 422 422 422 422 423 423 423 423 423 423 423 423 423 423 423 423 422 422 422 422 422 422 422 422 422 422 422 422 422
671 673 673 672 416 416 417 417 417 418 417 419 419 418 419 419 419 420 420 420 420 420 420 421 421 421 422 421 421 421 421 421 422 423 422 422 422 422 422 422 421 421 422 423 422 422 422 422 422 422 421 421 422 422 421 421 421 421 421 422 422 422 422 422 422 422 422 422 423 423 423 423 423 423 423 423 423 423 423 423 423 423 423 423 423 423 423 423 422 422 422 422 422 422
672 673 672 674 674 416 417 417 418 418 418 419 418 418 419 420 420 420 420 420 420 421 422 421 421 421 421 421 421 422 422 422 422 422 422 422 421 422 423 423 422 423 423 422 422 422 422 422 422 421 421 421 422 421 422 422 422 422 423 423 423 423 423 423 423 423 423 424 424 424 424 424 424 424 424 424 424 423 423 423 423 423 423 423 423 423 424 424 424 424 424 423 423 422
671 673 673 674 673 674 418 418 418 418 419 418 419 420 420 419 420 420 420 421 421 421 421 421 421 421 422 422 421 422 422 422 421 422 423 422 422 423 423 422 422 423 422 422 422 421 423 423 422 422 422 423 422 422 422 422 422 422 423 423 423 423 423 423 423 423 424 424 424 424 424 424 424 424 424 424 424 424 424 424 424 424 424 425 425 424 424 424 424 424 424 424 424 424
673 673 674 673 674 675 674 418 418 418 419 419 419 420 419 419 421 420 420 421 421 420 422 422 421 422 422 421 422 422 423 422 423 423 422 422 423 423 422 422 422 423 423 423 422 423 423 423 422 422 422 422 422 422 422 422 422 422 423 423 423 423 423 423 423 423 424 424 424 424 424 424 424 424 424 424 424 424 424 424 424 425 425 425 425 425 425 425 425 425 424 424 424 424
673 673 674 674 674 674 674 676 419 418 419 419 420 420 420 421 420 420 421 421 421 422 422 421 421 422 421 422 423 423 422 422 423 422 422 422 424 423 423 423 423 423 423 422 422 423 423 422 422 422 422 423 423 423 423 423 423 424 424 424 424 424 424 424 424 424 425 425 425 425 425 425 425 425 425 425 425 425 425 425 426 425 425 425 425 425 425 425 425 425 425 425 425 425
674 673 674 674 674 675 675 676 675 419 419 419 420 420 420 420 420 421 421 421 421 422 421 421 423 422 422 422 423 422 422 422 423 423 423 423 423 423 423 422 423 423 422 423 423 424 423 423 423 422 423 423 423 423 423 423 423 424 424 424 424 424 424 424 424 425 425 425 425 425 425 425 425 425 425 425 425 425 425 426 426 426 426 426 426 426 426 426 425 425 425 425 425 425
673 674 674 674 675 675 676 675 676 420 419 419 420 420 420 421 421 420 421 421 421 422 422 422 422 422 422 422 422 423 423 423 423 423 423 423 423 423 423 423 424 423 423 423 423 423 423 423 422 422 423 423 423 423 423 424 424 425 425 425 425 425 425 425 425 426 426 426 426 426 426 426 426 426 426 426 425 425 425 426 426 426 426 426 426 426 426 426 426 426 426 426 426 425
673 675 674 674 675 675 676 676 676 676 419 420 421 420 421 421 420 421 422 422 422 422 422 421 422 423 423 423 423 423 422 423 423 423 423 424 424 423 423 423 423 423 423 423 423 423 424 423 423 423 424 424 424 424 424 424 424 425 425 425 425 425 425 425 425 426 426 426 426 426 426 426 426 426 426 426 426 426 426 427 427 427 427 427 427 426 426 426 426 426 426 426 426 426
674 674 674 676 675 675 676 676 675 677 677 421 420 420 421 421 421 422 422 421 422 422 422 422 423 423 422 423 423 422 423 424 424 423 423 424 423 423 423 423 423 424 424 423 424 424 423 423 423 423 424 424 424 424 424 424 425 425 425 425 425 425 425 425 425 426 426 426 426 426 426 426 426 426 426 426 426 426 426 427 427 427 427 427 427 427 427 427 427 427 426 426 426 426
673 675 675 675 675 675 676 676 677 677 677 677 420 421 421 421 421 422 421 422 423 422 422 423 423 422 422 424 423 423 423 424 423 423 423 423 424 424 423 424 424 424 423 423 424 423 423 423 423 423 425 425 425 425 425 425 426 426 426 426 426 426 426 426 426 427 427 427 427 427 427 427 427 427 427 427 427 427 427 428 428 427 427 427 427 427 427 427 427 427 427 427 427 427
675 675 674 675 676 677 676 676 677 676 677 678 678 420 421 421 422 422 422 422 422 422 422 424 423 423 423 423 423 423 423 423 424 424 423 424 424 423 423 424 424 423 423 424 424 424 424 424 424 424 425 425 425 425 425 425 425 426 426 426 426 426 426 426 426 427 427 427 427 427 427 427 427 427 427 427 427 427 427 427 428 428 428 428 428 428 428 428 427 427 427 427 427 427
675 674 675 676 676 676 676 676 677 677 677 678 677 677 422 422 421 422 422 421 423 423 423 423 423 423 422 423 424 424 423 424 424 423 423 424 423 423 424 425 424 424 424 423 424 424 424 424 424 424 425 425 425 425 425 426 426 427 427 427 427 427 427 427 427 428 428 428 428 428 428 428 428 428 428 428 427 427 427 427 427 428 428 428 428 428 428 428 428 428 428 428 428 427
675 675 675 676 675 677 677 676 677 677 677 678 678 678 678 421 421 423 422 422 423 423 422 423 423 423 423 424 424 423 423 424 423 423 424 424 424 424 424 424 424 424 423 423 424 424 425 425 425 425 426 426 426 426 426 426 426 427 427 427 427 427 427 427 427 427 428 428 428 428 428 428 428 428 428 428 428 428 428 428 428 428 429 429 429 428 428 428 428 428 428 428 428 428
675 675 675 676 676 677 676 676 678 678 677 678 678 677 678 422 422 422 422 422 422 422 423 424 423 423 423 424 423 423 424 424 424 424 423 424 424 424 423 424 424 424 424 424 424 425 425 425 425 425 426 426 426 426 426 426 426 427 427 427 427 427 427 427 427 427 428 428 428 428 428 428 428 428 428 428 428 428 428 428 428 428 428 428 428 429 429 429 429 429 428 428 427 427
675 675 676 676 676 676 677 677 678 677 677 678 678 679 679 679 421 422 422 422 423 423 423 423 423 423 423 424 424 424 423 424 424 423 423 424 425 424 424 424 424 424 424 424 424 425 425 425 425 425 426 427 427 427 427 427 427 427 428 428 428 428 428 428 428 428 428 429 429 429 429 429 429 429 429 429 429 429 429 429 429 428 428 428 428 428 428 428 428 428 428 428 428 428
675 675 676 676 676 677 677 676 677 678 678 678 678 679 679 678 679 423 422 422 423 423 422 424 424 423 423 424 424 423 423 424 424 424 424 425 424 424 424 423 424 424 424 425 425 426 426 426 426 426 426 427 427 427 427 427 427 427 428 428 428 428 428 428 428 428 428 428 429 429 429 429 429 429 429 429 429 429 429 429 429 429 429 429 429 429 429 429 428 428 428 428 428 428
675 676 677 676 676 677 676 677 678 678 677 678 678 679 679 679 679 679 422 422 424 423 423 424 423 423 423 424 424 424 424 424 424 424 424 424 424 424 424 424 425 425 425 425 425 426 426 426 426 426 426 427 427 427 427 427 428 428 428 429 429 429 429 429 429 429 429 429 430 430 430 430 430 430 430 429 429 429 429 429 429 429 429 429 429 429 429 429 429 429 429 429 429 428
676 675 676 676 677 677 677 677 678 677 678 679 678 678 679 679 678 680 680 423 423 423 423 422 424 424 424 424 424 424 423 424 424 424 424 424 425 424 424 424 425 425 425 425 425 425 427 427 427 427 427 427 428 428 428 428 428 428 428 429 429 429 429 429 429 429 429 429 429 430 430 430 430 430 430 430 430 430 430 430 430 430 430 430 430 429 429 429 429 429 429 429 429 429
675 675 677 677 676 677 677 677 678 678 678 678 678 678 680 679 679 680 680 679 423 424 423 423 424 424 423 423 424 423 424 424 425 424 424 424 424 424 424 424 425 426 426 426 426 426 427 427 427 427 427 427 428 428 428 428 428 428 428 428 429 429 429 429 429 429 429 429 429 429 429 430 430 430 430 430 430 430 430 430 430 430 430 430 430 430 430 430 430 430 430 429 429 429
676 676 677 676 676 678 677 677 678 678 677 679 679 679 679 679 679 679 680 680 424 423 423 423 424 423 481 424 424 424 424 424 424 424 424 423 425 425 425 425 425 426 426 426 426 426 426 427 427 427 428 428 428 429 429 429 429 429 429 429 429 430 430 430 430 430 430 430 430 430 430 430 431 431 431 431 431 431 431 431 431 430 430 430 430 430 430 430 430 430 430 430 430 430
676 676 676 677 677 677 677 677 678 735 735 736 736 735 736 737 736 737 737 737 736 480 480 481 481 481 481 480 481 481 481 481 482 482 481 481 481 482 482 482 482 482 483 484 427 427 427 428 428 428 428 428 428 428 429 429 429 429 429 429 429 429 430 430 430 430 430 430 430 430 430 430 430 430 431 431 431 431 431 431 431 431 431 431 431 431 431 431 430 430 430 430 430 430
675 676 734 734 733 734 735 735 735 735 735 736 736 736 737 736 736 737 737 737 737 738 480 480 481 481 480 480 482 482 481 481 481 481 481 481 481 482 483 483 483 483 484 484 484 484 484 484 485 485 485 428 428 428 428 429 430 430 430 430 430 430 430 431 431 431 431 431 431 431 431 431 431 431 431 430 431 431 431 431 431 431 431 431 431 431 431 431 431 431 431 431 431 430
733 733 733 733 734 735 735 734 735 735 735 736 736 736 736 736 737 737 737 737 737 737 737 480 481 481 481 481 480 481 481 481 480 482 482 482 482 482 483 483 483 483 483 484 484 484 484 485 485 486 486 486 486 486 486 487 487 430 430 430 430 430 430 430 431 431 431 431 431 431 431 431 431 431 431 431 431 431 431 432 432 432 432 432 431 431 431 431 431 431 431 431 431 431
733 734 733 734 734 733 734 735 736 735 735 736 736 735 736 737 737 736 737 737 736 738 738 738 480 481 481 480 480 482 482 481 481 482 482 482 482 482 483 483 484 484 484 485 485 485 485 485 485 486 486 486 486 486 486 486 487 487 487 487 487 487 430 430 430 430 431 431 431 431 431 431 431 431 431 431 431 431 431 431 431 431 431 431 432 432 432 432 432 432 432 431 431 430
733 733 733 734 733 734 735 735 734 735 735 736 736 736 736 736 736 736 738 737 737 737 738 737 737 480 481 481 481 481 481 481 481 481 482 483 483 483 483 484 484 484 484 484 485 485 485 485 485 485 486 487 487 487 487 487 487 488 488 488 488 488 488 488 488 488 431 432 432 432 432 432 432 432 432 432 432 432 432 432 431 431 431 431 431 431 431 431 431 431 431 431 431 431
733 733 734 734 734 734 735 734 735 736 736 735 736 736 735 737 737 737 736 737 737 737 738 738 738 480 481 481 481 480 481 482 482 482 482 483 483 483 483 484 484 484 484 485 485 486 486 486 486 486 486 487 487 487 487 487 487 487 487 488 488 488 488 488 488 488 488 488 488 432 432 432 432 432 432 432 432 432 432 432 432 432 432 432 432 432 432 432 431 431 431 431 431 431
733 734 733 734 734 734 735 735 735 735 735 735 737 736 736 736 737 736 736 738 737 737 737 738 737 737 480 482 481 481 481 482 482 482 482 483 483 483 484 484 485 485 485 485 485 485 486 486 486 486 486 486 487 487 487 487 488 488 488 488 489 489 489 489 489 489 489 489 489 489 489 490 490 433 433 432 432 432 432 432 432 432 432 432 432 432 432 432 432 432 432 432 432 431
