testData/tiles/oneDegree/grid47.0-11.0-48.0-12.0.asc
ncols   200
nrows   200
xllcorner   47.0
yllcorner   11.0
cellsize   0.005
NODATA_value   -9999.0
[rows 0 to 41 of 200, columns 0 to 93 of 200]
300 300 299 298 297 330 329 328 327 327 326 325 325 324 323 322 322 321 320 319 319 318 317 316 316 315 314 314 313 312 311 311 348 347 346 346 345 344 343 343 342 341 341 340 339 338 338 337 336 335 335 334 333 332 332 332 332 332 332 332 332 332 332 332 332 332 332 332 332 332 332 332 332 332 332 332 332 332 332 332 332 332 332 332 332 332 332 332 332 332 332 332 332 332
300 300 299 298 330 330 329 328 328 327 326 325 325 324 323 322 322 321 320 319 319 318 317 317 316 315 314 314 313 312 349 349 348 347 346 346 345 344 344 343 342 341 341 340 339 338 338 337 336 335 335 334 333 333 332 332 332 332 332 332 332 332 332 332 332 332 332 332 332 332 332 332 332 332 332 332 332 332 332 332 332 332 332 332 332 332 332 332 332 332 332 332 332 332
300 300 299 331 331 330 329 328 328 327 326 325 325 324 323 322 322 321 320 320 319 318 317 317 316 315 314 314 351 350 349 349 348 347 347 346 345 344 344 343 342 341 341 340 339 338 338 337 336 336 335 334 333 333 332 332 332 332 332 332 332 332 332 332 332 332 332 332 332 332 332 332 332 332 332 332 332 332 332 332 332 332 332 332 332 332 332 332 332 332 332 332 332 332
301 300 332 331 331 330 329 328 328 327 326 325 325 324 323 323 322 321 320 320 319 318 317 317 316 315 352 352 351 350 350 349 348 347 347 346 345 344 344 343 342 341 341 340 339 339 338 337 336 336 335 334 333 333 332 332 332 332 332 332 332 332 332 332 332 332 332 332 332 332 332 332 332 332 332 332 332 332 332 332 332 332 332 332 332 332 332 332 332 332 332 332 332 332
334 333 332 331 331 330 329 328 328 327 326 326 325 324 323 323 322 321 320 320 319 318 317 317 354 353 353 352 351 350 350 349 348 347 347 346 345 344 344 343 342 341 341 340 339 339 338 337 336 336 335 334 333 333 332 332 332 332 332 332 332 332 332 332 332 332 332 332 332 332 332 332 332 332 332 332 332 332 332 332 332 332 332 332 332 332 332 332 332 332 332 332 332 332
334 333 332 331 331 330 329 329 328 327 326 326 325 324 323 323 322 321 320 320 319 318 356 355 354 353 353 352 351 350 350 349 348 347 347 346 345 344 344 343 342 342 341 340 339 339 338 337 336 336 335 334 333 333 332 332 332 332 332 332 332 332 332 332 332 332 332 332 332 332 332 332 332 332 332 332 332 332 332 332 332 332 332 332 332 332 332 332 332 332 332 332 332 332
334 333 332 332 331 330 329 329 328 327 326 326 325 324 323 323 322 321 321 320 319 356 356 355 354 353 353 352 351 350 350 349 348 347 347 346 345 345 344 343 342 342 341 340 339 339 338 337 336 336 335 334 333 333 332 332 332 332 332 332 332 332 332 332 332 332 332 332 332 332 332 332 332 332 332 332 332 332 332 332 332 332 332 332 332 332 332 332 332 332 332 332 332 332
334 333 332 332 331 330 329 329 328 327 326 326 325 324 323 323 322 321 321 358 357 356 356 355 354 353 353 352 351 350 350 349 348 347 347 346 345 345 344 343 342 342 341 340 339 339 338 337 336 336 335 334 334 333 332 332 332 332 332 332 332 332 332 332 332 332 332 332 332 332 332 332 332 332 332 332 332 332 332 332 332 332 332 332 332 332 332 332 332 332 332 332 332 332
334 333 332 332 331 330 329 329 328 327 326 326 325 324 324 323 322 359 359 358 357 356 356 355 354 353 353 352 351 350 350 349 348 348 347 346 345 345 344 343 342 342 341 340 339 339 338 337 336 336 335 334 334 333 332 332 332 332 332 332 332 332 332 332 332 332 332 332 332 332 332 332 332 332 332 332 332 332 332 332 332 332 332 332 332 332 332 332 332 332 332 332 332 332
334 333 332 332 331 330 329 329 328 327 326 326 325 324 324 361 360 359 359 358 357 356 356 355 354 353 353 352 351 350 350 349 348 348 347 346 345 345 344 343 342 342 341 340 339 339 338 337 336 336 335 334 334 333 332 332 332 332 332 332 332 332 332 332 332 332 332 332 332 332 332 332 332 332 332 332 332 332 332 332 332 332 332 332 332 332 332 332 332 332 332 332 332 332
334 333 332 332 331 330 329 329 328 327 327 326 325 324 362 361 360 359 359 358 357 356 356 355 354 353 353 352 351 351 350 349 348 348 347 346 345 345 344 343 342 342 341 340 339 339 338 337 337 336 335 334 334 333 332 332 332 332 332 332 332 332 332 332 332 332 332 332 332 332 332 332 332 332 332 332 332 332 332 332 332 332 332 332 332 332 332 332 332 332 332 332 332 332
334 333 332 332 331 330 329 329 328 327 327 326 363 362 362 361 360 359 359 358 357 356 356 355 354 353 353 352 351 351 350 349 348 348 347 346 345 345 344 343 342 342 341 340 339 339 338 337 337 336 335 334 334 333 332 332 332 332 332 332 332 332 332 332 332 332 332 332 332 332 332 332 332 332 332 332 332 332 332 332 332 332 332 332 332 332 332 332 332 332 332 332 332 332
334 333 332 332 331 330 329 329 328 327 365 364 363 362 362 361 360 359 359 358 357 356 356 355 354 353 353 352 351 351 350 349 348 348 347 346 345 345 344 343 342 342 341 340 339 339 338 337 337 336 335 334 334 333 332 332 332 332 332 332 332 332 332 332 332 332 332 332 332 332 332 332 332 332 332 332 332 332 332 332 332 332 332 332 332 332 332 332 332 332 332 332 332 332
334 333 332 332 331 330 329 329 328 365 365 364 363 362 362 361 360 359 359 358 357 356 356 355 354 353 353 352 351 351 350 349 348 348 347 346 345 345 344 343 342 342 341 340 339 339 338 337 337 336 335 334 334 333 332 332 332 332 332 332 332 332 332 332 332 332 332 332 332 332 332 332 332 332 332 332 332 332 332 332 332 332 332 332 332 332 332 332 332 332 332 332 332 332
334 333 332 332 331 330 329 367 366 365 365 364 363 362 362 361 360 359 359 358 357 356 356 355 354 353 353 352 351 351 350 349 348 348 347 346 345 345 344 343 342 342 341 340 339 339 338 337 337 336 335 334 334 333 332 332 332 332 332 332 332 332 332 332 332 332 332 332 332 332 332 332 332 332 332 332 332 332 332 332 332 332 332 332 332 332 332 332 332 332 332 332 332 332
334 333 332 332 331 368 367 367 366 365 364 364 363 362 362 361 360 359 359 358 357 356 356 355 354 353 353 352 351 350 350 349 348 348 347 346 345 345 344 343 342 342 341 340 339 339 338 337 336 336 335 334 334 333 332 332 332 332 332 332 332 332 332 332 332 332 332 332 332 332 332 332 332 332 332 332 332 332 332 332 332 332 332 332 332 332 332 332 332 332 332 332 332 332
334 333 332 332 369 368 367 367 366 365 364 364 363 362 362 361 360 359 359 358 357 356 356 355 354 353 353 352 351 350 350 349 348 348 347 346 345 345 344 343 342 342 341 340 339 339 338 337 336 336 335 334 334 333 332 332 332 332 332 332 332 332 332 332 332 332 332 332 332 332 332 332 332 332 332 332 332 332 332 332 332 332 332 332 332 332 332 332 332 332 332 332 332 332
334 333 370 370 369 368 367 367 366 365 364 364 363 362 361 361 360 359 359 358 357 356 356 355 354 353 353 352 351 350 350 349 348 347 347 346 345 345 344 343 342 342 341 340 339 339 338 337 336 336 335 334 334 333 332 332 332 332 332 332 332 332 332 332 332 332 332 332 332 332 332 332 332 332 332 332 332 332 332 332 332 332 332 332 332 332 332 332 332 332 332 332 332 332
334 371 370 370 369 368 367 367 366 365 364 364 363 362 361 361 360 359 359 358 357 356 356 355 354 353 353 352 351 350 350 349 348 347 347 346 345 345 344 343 342 342 341 340 339 339 338 337 336 336 335 334 333 333 332 332 332 332 332 332 332 332 332 332 332 332 332 332 332 332 332 332 332 332 332 332 332 332 332 332 332 332 332 332 332 332 332 332 332 332 332 332 332 332
372 371 370 369 369 368 367 367 366 365 364 364 363 362 361 361 360 359 358 358 357 356 356 355 354 353 353 352 351 350 350 349 348 347 347 346 345 344 344 343 342 342 341 340 339 339 338 337 336 336 335 334 333 333 332 332 332 332 332 332 332 332 332 332 332 332 332 332 332 332 332 332 332 332 332 332 332 332 332 332 332 332 332 332 332 332 332 332 332 332 332 332 332 332
372 371 370 369 369 368 367 366 366 365 364 364 363 362 361 361 360 359 358 358 357 356 355 355 354 353 353 352 351 350 350 349 348 347 347 346 345 344 344 343 342 341 341 340 339 339 338 337 336 336 335 334 333 333 332 332 332 332 332 332 332 332 332 332 332 332 332 332 332 332 332 332 332 332 332 332 332 332 332 332 332 332 332 332 332 332 332 332 332 332 332 332 332 332
372 371 370 369 369 368 367 366 366 365 364 363 363 362 361 361 360 359 358 358 357 356 355 355 354 353 352 352 351 350 350 349 348 347 347 346 345 344 344 343 342 341 341 340 339 339 338 337 336 336 335 334 333 333 332 332 332 332 332 332 332 332 332 332 332 332 332 332 332 332 332 332 332 332 332 332 332 332 332 332 332 332 332 332 332 332 332 332 332 332 332 332 332 332
371 371 370 369 369 368 367 366 366 365 364 363 363 362 361 360 360 359 358 358 357 356 355 355 354 353 352 352 351 350 349 349 348 347 347 346 345 344 344 343 342 341 341 340 339 338 338 337 336 336 335 334 333 333 332 332 332 332 332 332 332 332 332 332 332 332 332 332 332 332 332 332 332 332 332 332 332 332 332 332 332 332 332 332 332 332 332 332 332 332 332 332 332 332
371 371 370 369 368 368 367 366 366 365 364 363 363 362 361 360 360 359 358 357 357 356 355 355 354 353 352 352 351 350 349 349 348 347 346 346 345 344 344 343 342 341 341 340 339 338 338 337 336 335 335 334 333 333 332 332 332 332 332 332 332 332 332 332 332 332 332 332 332 332 332 332 332 332 332 332 332 332 332 332 332 332 332 332 332 332 332 332 332 332 332 332 332 332
371 371 370 369 368 368 367 366 365 365 364 363 363 362 361 360 360 359 358 357 357 356 355 354 354 353 352 352 351 350 349 349 348 347 346 346 345 344 343 343 342 341 341 340 339 338 338 337 336 335 335 334 333 332 332 332 332 332 332 332 332 332 332 332 332 332 332 332 332 332 332 332 332 332 332 332 332 332 332 332 332 332 332 332 332 332 332 332 332 332 332 332 332 332
371 370 370 369 368 368 367 366 365 365 364 363 362 362 361 360 360 359 358 357 357 356 355 354 354 353 352 351 351 350 349 349 348 347 346 346 345 344 343 343 342 341 340 340 339 338 338 337 336 335 335 334 333 332 332 332 332 332 332 332 332 332 332 332 332 332 332 332 332 332 332 332 332 332 332 332 332 332 332 332 332 332 332 332 332 332 332 332 332 332 332 332 332 332
371 370 370 369 368 367 367 366 365 365 364 363 362 362 361 360 359 359 358 357 356 356 355 354 354 353 352 351 351 350 349 348 348 347 346 346 345 344 343 343 342 341 340 340 339 338 337 337 336 335 335 334 333 332 332 332 332 332 332 332 332 332 332 332 332 332 332 332 332 332 332 332 332 332 332 332 332 332 332 332 332 332 332 332 332 332 332 332 332 332 332 332 332 332
371 370 370 369 368 367 367 366 365 364 364 363 362 362 361 360 359 359 358 357 356 356 355 354 353 353 352 351 351 350 349 348 348 347 346 345 345 344 343 343 342 341 340 340 339 338 337 337 336 335 334 334 333 332 332 332 332 332 332 332 332 332 332 332 332 332 332 332 332 332 332 332 332 332 332 332 332 332 332 332 332 332 332 332 332 332 332 332 332 332 332 332 332 332
371 370 369 369 368 367 366 366 365 364 364 363 362 361 361 360 359 358 358 357 356 356 355 354 353 353 352 351 350 350 349 348 348 347 346 345 345 344 343 342 342 341 340 339 339 338 337 337 336 335 334 334 333 332 332 332 332 332 332 332 332 332 332 332 332 332 332 332 332 332 332 332 332 332 332 332 332 332 332 332 332 332 332 332 332 332 332 332 332 332 332 332 332 332
371 370 369 369 368 367 366 366 365 364 363 363 362 361 361 360 359 358 358 357 356 355 355 354 353 353 352 351 350 350 349 348 347 347 346 345 345 344 343 342 342 341 340 339 339 338 337 336 336 335 334 334 333 332 332 332 332 332 332 332 332 332 332 332 332 332 332 332 332 332 332 332 332 332 332 332 332 332 332 332 332 332 332 332 332 332 332 332 332 332 332 332 332 332
371 370 369 368 368 367 366 366 365 364 363 363 362 361 360 360 359 358 358 357 356 355 355 354 353 352 352 351 350 350 349 348 347 347 346 345 344 344 343 342 341 341 340 339 339 338 337 336 336 335 334 333 333 332 332 332 332 332 332 332 332 332 332 332 332 332 332 332 332 332 332 332 332 332 332 332 332 332 332 332 332 332 332 332 332 332 332 332 332 332 332 332 332 332
370 370 369 368 368 367 366 365 365 364 363 362 362 361 360 360 359 358 357 357 356 355 354 354 353 352 352 351 350 349 349 348 347 346 346 345 344 344 343 342 341 341 340 339 338 338 337 336 336 335 334 333 333 332 332 332 332 332 332 332 332 332 332 332 332 332 332 332 332 332 332 332 332 332 332 332 332 332 332 332 332 332 332 332 332 332 332 332 332 332 332 332 332 332
370 370 369 368 367 367 366 365 364 364 363 362 362 361 360 359 359 358 357 357 356 355 354 354 353 352 351 351 350 349 349 348 347 346 346 345 344 343 343 342 341 341 340 339 338 338 337 336 335 335 334 333 333 332 332 332 332 332 332 332 332 332 332 332 332 332 332 332 332 332 332 332 332 332 332 332 332 332 332 332 332 332 332 332 332 332 332 332 332 332 332 332 332 332
370 369 369 368 367 367 366 365 364 364 363 362 361 361 360 359 359 358 357 356 356 355 354 354 353 352 351 351 350 349 348 348 347 346 346 345 344 343 343 342 341 340 340 339 338 338 337 336 335 335 334 333 332 332 332 332 332 332 332 332 332 332 332 332 332 332 332 332 332 332 332 332 332 332 332 332 332 332 332 332 332 332 332 332 332 332 332 332 332 332 332 332 332 332
370 369 368 368 367 366 366 365 364 363 363 362 361 361 360 359 358 358 357 356 356 355 354 353 353 352 351 350 350 349 348 348 347 346 345 345 344 343 342 342 341 340 340 339 338 337 337 336 335 334 334 333 332 332 332 332 332 332 332 332 332 332 332 332 332 332 332 332 332 332 332 332 332 332 332 332 332 332 332 332 332 332 332 332 332 332 332 332 332 332 332 332 332 332
370 369 368 368 367 366 365 365 364 363 363 362 361 360 360 359 358 358 357 356 355 355 354 353 352 352 351 350 350 349 348 347 347 346 345 345 344 343 342 342 341 340 339 339 338 337 337 336 335 334 334 333 332 332 332 332 332 332 332 332 332 332 332 332 332 332 332 332 332 332 332 332 332 332 332 332 332 332 332 332 332 332 332 332 332 332 332 332 332 332 332 332 332 332
370 369 368 367 367 366 365 365 364 363 362 362 361 360 360 359 358 357 357 356 355 355 354 353 352 352 351 350 349 349 348 347 347 346 345 344 344 343 342 342 341 340 339 339 338 337 336 336 335 334 334 333 332 332 332 332 332 332 332 332 332 332 332 332 332 332 332 332 332 332 332 332 332 332 332 332 332 332 332 332 332 332 332 332 332 332 332 332 332 332 332 332 332 332
369 369 368 367 367 366 365 364 364 363 362 362 361 360 359 359 358 357 357 356 355 354 354 353 352 351 351 350 349 349 348 347 346 346 345 344 344 343 342 341 341 340 339 338 338 337 336 336 335 334 333 333 332 332 332 332 332 332 332 332 332 332 332 332 332 332 332 332 332 332 332 332 332 332 332 332 332 332 332 332 332 332 332 332 332 332 332 332 332 332 332 332 332 332
369 368 368 367 366 366 365 364 363 363 362 361 361 360 359 358 358 357 356 356 355 354 353 353 352 351 351 350 349 348 348 347 346 346 345 344 343 343 342 341 341 340 339 338 338 337 336 335 335 334 333 333 332 332 332 332 332 332 332 332 332 332 332 332 332 332 332 332 332 332 332 332 332 332 332 332 332 332 332 332 332 332 332 332 332 332 332 332 332 332 332 332 332 332
369 368 368 367 366 365 365 364 363 363 362 361 360 360 359 358 358 357 356 355 355 354 353 353 352 351 350 350 349 348 348 347 346 345 345 344 343 343 342 341 340 340 339 338 337 337 336 335 335 334 333 332 332 332 332 332 332 332 332 332 332 332 332 332 332 332 332 332 332 332 332 332 332 332 332 332 332 332 332 332 332 332 332 332 332 332 332 332 332 332 332 332 332 332
369 368 367 367 366 365 364 364 363 362 362 361 360 360 359 358 357 357 356 355 355 354 353 352 352 351 350 350 349 348 347 347 346 345 345 344 343 342 342 341 340 339 339 338 337 337 336 335 334 334 333 332 332 332 332 332 332 332 332 332 332 332 332 332 332 332 332 332 332 332 332 332 332 332 332 332 332 332 332 332 332 332 332 332 332 332 332 332 332 332 332 332 332 332
369 368 367 366 366 365 364 364 363 362 361 361 360 359 359 358 357 356 356 355 354 354 353 352 352 351 350 349 349 348 347 347 346 345 344 344 343 342 341 341 340 339 339 338 337 336 336 335 334 334 333 332 332 332 332 332 332 332 332 332 332 332 332 332 332 332 332 332 332 332 332 332 332 332 332 332 332 332 332 332 332 332 332 332 332 332 332 332 332 332 332 332 332 332
