testData/tiles/oneDegree/grid14.0-9.0-15.0-10.0.asc
ncols   200
nrows   200
xllcorner   14.0
yllcorner   9.0
cellsize   0.005
NODATA_value   -9999.0
[rows 126 to 167 of 200, columns 0 to 93 of 200]
497 498 498 498 497 499 498 498 498 499 498 497 498 497 689 689 689 688 689 689 688 688 687 687 688 687 687 686 686 685 684 685 684 683 683 683 681 681 681 680 680 679 678 678 677 674 674 673 671 671 671 669 668 667 665 663 662 660 658 657 654 651 651 652 652 632 692 693 693 693 693 694 694 694 693 693 694 694 694 694 695 695 695 695 695 694 695 695 695 695 695 696 695 695
496 497 497 497 497 498 498 498 497 498 498 498 497 498 498 688 689 688 688 688 688 688 687 687 686 687 687 686 686 685 685 684 684 684 683 681 681 680 679 679 679 678 678 677 676 675 674 673 673 671 670 669 669 667 666 665 663 661 660 658 655 653 651 651 651 651 692 692 692 692 692 692 692 692 693 693 693 693 693 694 694 694 694 693 694 694 694 694 694 695 694 694 694 694
495 495 496 496 495 496 496 497 496 496 496 497 496 496 496 497 496 686 687 686 687 686 687 686 685 685 685 686 685 684 684 683 682 683 682 682 681 680 680 679 678 679 678 677 677 675 674 674 673 671 670 670 668 667 666 665 664 663 661 659 656 655 652 650 650 651 690 690 690 691 691 691 691 692 692 692 692 692 693 693 692 692 692 693 693 693 693 692 693 693 693 693 693 693
496 495 495 496 496 495 496 496 496 496 496 496 496 496 495 496 496 496 686 687 686 686 686 686 686 685 684 685 684 685 684 683 683 682 682 682 681 680 680 679 679 678 677 678 677 675 674 674 673 671 671 670 668 668 666 665 663 662 661 659 658 656 653 650 649 649 709 689 690 690 690 690 691 691 691 691 691 691 691 691 691 692 692 692 691 691 692 692 692 692 692 692 692 692
495 495 495 495 496 495 495 496 496 495 496 495 496 496 495 495 496 496 495 495 686 686 686 685 685 685 685 684 684 684 683 683 683 682 682 682 681 681 680 679 679 678 677 677 677 675 675 674 673 673 671 670 670 668 667 665 664 662 660 659 657 655 653 651 648 648 648 709 689 689 688 689 689 689 689 690 690 690 690 690 691 690 690 690 690 691 691 691 691 691 692 691 691 691
495 494 495 494 495 495 495 494 496 495 495 495 496 495 496 495 495 496 495 495 494 686 685 686 685 684 685 684 684 684 683 683 682 682 682 681 682 681 680 680 679 678 678 677 676 675 675 674 674 673 671 669 669 667 666 665 664 662 661 660 658 656 654 652 649 647 647 707 707 687 688 688 688 688 689 689 689 688 688 689 689 689 689 689 690 690 690 690 690 690 690 690 690 690
493 494 494 493 494 494 495 494 494 495 495 494 495 495 495 495 495 494 495 495 494 494 493 686 685 685 684 683 684 683 683 683 682 682 681 681 681 681 680 680 679 678 678 677 674 674 673 672 673 672 670 670 669 667 667 666 664 662 662 660 658 657 655 653 651 649 646 706 706 707 687 687 687 688 687 687 687 687 688 688 688 688 689 689 689 689 689 689 689 689 689 689 688 689
493 494 494 494 493 495 494 495 494 495 495 495 494 494 495 494 495 494 494 494 495 494 493 493 494 685 684 683 683 683 683 683 682 682 681 680 679 678 679 679 678 678 677 675 675 674 673 673 672 671 671 670 669 669 667 666 664 664 662 660 660 658 656 654 652 650 647 645 706 706 685 685 686 686 686 686 687 687 687 687 687 688 688 688 688 687 688 688 688 687 687 688 688 688
491 492 492 493 492 492 493 493 493 493 493 494 493 493 493 493 493 492 493 492 493 493 493 492 491 492 492 683 682 681 681 681 682 681 680 680 679 678 678 677 678 677 676 676 675 674 674 673 672 672 670 669 668 669 667 666 665 664 662 661 660 658 656 655 653 651 647 646 704 704 704 685 685 685 685 686 686 686 686 686 687 687 686 686 686 687 686 686 686 686 687 687 687 687
491 491 491 492 492 492 491 493 492 492 492 493 492 493 492 493 493 493 492 492 493 492 492 492 492 491 491 492 682 682 681 680 680 681 681 680 679 679 678 677 677 676 676 676 675 674 674 673 672 672 670 669 669 668 666 666 666 664 663 662 660 658 657 655 653 651 649 647 704 703 704 704 684 684 685 685 685 685 685 685 685 685 685 684 685 685 685 685 685 686 686 686 686 685
395 395 394 396 491 492 491 492 492 492 491 493 492 492 492 492 492 493 492 492 492 492 492 491 492 491 491 491 490 491 681 681 680 679 680 680 679 679 678 678 677 676 676 676 675 675 674 673 673 672 670 670 669 668 666 666 664 662 662 660 660 658 657 655 654 652 650 648 645 703 703 703 703 684 684 683 683 683 684 684 683 683 683 684 684 684 684 684 685 685 685 685 684 685
394 394 394 394 395 395 394 395 395 492 491 491 492 492 491 492 491 492 492 492 491 491 492 491 491 490 491 490 490 490 490 490 680 679 679 679 679 679 678 678 677 676 676 675 674 675 674 673 673 671 669 669 668 667 666 665 664 663 662 660 659 658 657 655 653 652 650 648 645 703 701 701 701 682 682 682 681 682 682 682 682 683 683 683 683 683 684 684 684 684 683 683 684 684
393 394 393 394 393 395 394 394 395 395 396 395 394 396 491 491 491 491 491 491 491 491 490 491 491 490 490 490 490 490 489 489 489 489 679 678 678 678 677 677 677 677 676 674 674 673 672 673 671 670 670 669 668 667 666 665 664 663 662 661 660 659 657 655 654 653 651 648 647 705 702 700 701 700 680 680 681 681 681 681 682 682 682 682 682 683 683 683 682 682 683 682 682 682
391 393 392 393 393 394 395 394 394 395 395 394 395 394 395 395 394 394 394 491 490 491 490 490 490 490 490 489 489 489 490 489 487 487 487 486 677 676 677 676 675 675 674 673 673 672 671 671 670 670 670 669 668 668 666 665 665 663 662 661 660 659 657 656 655 653 651 650 648 644 702 700 699 699 699 680 680 680 680 680 681 681 681 681 682 682 681 681 680 681 681 681 681 681
391 391 391 392 392 392 393 392 393 392 394 393 393 393 394 393 394 393 392 394 393 393 393 393 392 489 489 488 488 487 487 488 487 487 486 486 486 485 676 676 675 675 674 674 673 672 672 671 670 670 669 669 668 668 666 665 665 664 662 662 660 659 657 657 654 652 651 650 647 645 704 701 698 698 699 699 679 679 679 680 680 680 680 681 680 679 679 679 680 680 680 680 680 680
390 391 390 391 392 391 393 392 392 392 392 393 393 392 393 393 393 393 393 392 393 393 392 392 392 392 392 391 392 391 487 486 487 487 486 486 485 484 484 484 675 675 674 674 673 672 672 671 670 670 669 668 668 666 666 666 665 663 662 661 659 658 657 656 654 653 652 650 648 646 705 702 699 697 698 698 678 678 679 679 679 678 678 678 678 678 678 679 679 679 679 679 679 680
390 390 389 391 391 391 391 392 392 391 392 392 392 392 392 391 393 392 392 392 392 392 392 392 391 392 391 392 391 391 391 390 390 389 390 390 485 485 484 483 483 483 673 674 673 672 672 671 670 670 669 668 667 666 664 664 663 662 662 661 659 658 658 656 655 654 652 650 648 647 645 703 700 698 697 697 697 678 676 676 676 676 677 677 677 677 678 678 678 678 678 679 678 678
389 390 389 389 391 390 391 390 391 391 391 391 392 391 392 391 391 392 392 391 392 391 391 392 391 391 390 391 391 390 390 390 390 389 389 389 389 389 388 387 387 386 482 481 481 672 671 671 669 668 667 667 666 665 665 664 663 661 661 660 658 658 657 656 655 654 652 651 650 648 646 704 701 699 696 694 695 695 675 675 675 676 676 676 676 677 677 677 677 677 678 677 676 676
388 389 388 389 389 390 390 390 390 390 391 390 390 391 391 391 391 390 392 391 391 391 391 391 390 391 390 390 390 391 390 389 389 389 389 388 388 388 388 387 386 385 385 384 383 383 383 573 669 668 667 667 666 665 665 664 662 662 661 660 658 658 657 655 655 653 652 650 649 647 645 702 701 698 696 693 694 694 674 674 675 675 675 675 675 676 676 676 676 674 675 675 675 675
386 388 387 387 387 388 389 388 388 389 389 390 390 389 391 390 390 390 391 390 391 390 390 390 389 389 389 389 388 388 389 388 388 387 387 387 386 386 386 386 385 385 385 384 383 383 382 381 382 381 572 571 570 569 665 664 662 662 661 660 659 658 657 655 655 653 651 650 648 647 645 644 702 699 697 695 693 693 693 674 674 674 674 674 675 675 674 673 673 674 674 674 674 674
386 386 386 387 386 387 388 388 388 387 389 388 388 388 389 389 389 388 389 389 389 389 389 388 388 389 388 388 388 388 387 388 388 387 387 386 386 386 385 386 385 384 384 383 384 383 382 382 381 380 381 380 570 570 568 567 567 566 565 564 563 658 656 655 654 652 651 650 649 647 646 644 702 700 698 696 693 692 692 693 673 673 673 673 673 672 672 672 673 673 673 673 673 674
385 385 385 386 386 386 387 387 387 387 387 388 388 387 388 388 388 388 388 388 389 388 388 388 388 387 388 388 387 388 387 387 387 386 387 386 386 385 384 385 384 385 384 383 383 382 381 381 380 379 379 378 377 378 377 567 567 565 564 563 562 561 560 559 558 556 556 554 649 647 646 644 702 700 699 697 694 691 692 692 691 671 671 671 671 671 671 672 672 672 672 672 673 673
384 385 384 386 385 386 385 386 387 386 387 387 387 387 387 387 388 387 388 387 387 388 388 387 388 387 386 388 387 387 386 387 386 385 386 385 386 385 384 384 383 384 384 383 383 382 381 381 380 379 379 377 376 376 375 374 375 374 564 563 562 561 561 559 558 556 556 554 553 551 551 549 547 606 700 697 694 692 690 689 689 669 670 670 670 670 671 671 671 671 671 671 672 670
384 383 384 384 385 385 385 385 385 386 386 386 387 386 387 386 386 387 387 387 387 386 388 387 387 386 386 386 386 387 386 386 385 385 385 385 385 384 384 384 383 383 382 380 382 381 380 380 379 379 378 377 377 376 375 374 374 373 371 371 370 561 560 559 558 557 556 555 553 552 551 549 546 605 602 600 598 596 593 592 592 593 669 669 669 669 670 670 670 670 669 669 687 669
381 382 382 384 383 385 384 384 384 385 385 385 385 386 386 386 386 385 387 386 386 386 386 386 387 386 385 386 385 386 385 386 384 383 383 383 384 383 382 382 382 382 381 380 380 379 380 379 379 379 378 377 377 376 375 374 373 372 372 389 388 387 386 385 575 574 573 572 569 568 567 565 563 623 621 618 616 615 612 609 609 610 590 590 590 591 591 590 590 685 686 686 686 686
381 380 382 381 382 383 382 383 382 384 383 384 383 383 385 384 384 384 385 385 385 384 385 384 384 385 384 384 383 384 384 384 384 383 383 382 382 383 383 382 381 381 381 380 380 379 397 396 396 396 395 394 394 393 392 392 391 390 390 389 388 387 386 384 383 382 381 571 570 569 567 565 565 563 621 619 618 615 613 610 609 609 609 589 588 589 589 588 588 588 589 589 589 589
379 380 381 381 381 380 382 382 382 382 383 383 382 383 383 384 384 383 384 384 384 384 383 383 383 384 383 384 383 383 383 384 383 382 383 400 400 399 399 400 399 399 398 397 397 397 397 396 395 395 395 394 394 393 392 392 391 390 389 388 386 386 385 384 383 382 381 379 379 378 376 565 565 563 621 619 618 616 613 611 608 607 607 607 588 587 587 587 587 588 588 588 588 588
379 379 380 380 380 380 380 381 381 382 381 382 382 382 382 383 382 383 382 383 383 383 383 383 382 383 383 401 400 401 400 400 401 400 400 399 400 399 399 398 398 399 398 397 397 396 396 395 394 395 394 393 392 392 391 391 390 389 388 387 386 386 385 384 383 382 381 379 379 378 376 374 374 372 430 620 618 615 613 611 609 606 605 605 586 586 586 586 586 587 587 587 587 586
378 379 378 378 380 379 380 380 381 381 381 381 381 382 381 382 382 382 382 400 399 401 400 400 400 400 399 401 400 400 400 400 399 398 400 399 399 398 399 398 397 397 397 396 397 395 395 394 393 393 392 391 391 390 389 389 389 388 388 387 386 386 385 383 383 382 381 379 379 377 376 375 374 371 369 429 427 425 423 611 609 606 604 604 605 585 585 585 586 586 585 585 585 585
377 378 377 378 378 379 379 379 380 380 380 379 399 399 399 399 398 400 399 399 399 399 400 400 399 400 399 399 399 400 399 398 399 398 398 397 398 397 396 396 396 396 395 394 395 394 394 394 393 393 392 391 391 390 389 389 388 387 387 386 386 386 384 383 383 382 380 379 379 376 375 374 373 371 370 428 426 424 422 421 418 415 412 413 604 604 584 583 584 584 584 583 583 584
375 375 376 376 376 377 395 395 396 396 396 396 396 397 397 397 397 397 398 398 397 398 397 398 398 398 397 398 397 398 398 397 397 396 397 396 397 396 396 396 395 395 394 394 394 393 394 393 392 392 392 391 391 390 389 389 388 387 387 386 384 384 383 382 381 380 378 378 377 375 374 373 372 370 369 428 426 424 422 421 419 416 413 412 411 411 391 392 392 391 391 582 583 583
391 392 393 393 393 394 394 395 394 394 396 395 396 395 396 396 396 396 396 397 397 397 396 397 397 398 397 396 396 396 397 396 397 396 396 395 396 395 395 395 395 395 394 393 393 393 393 392 392 392 391 390 390 389 388 388 387 386 386 384 383 383 382 381 381 379 378 378 377 375 374 373 372 370 369 368 426 424 423 421 419 416 413 411 410 410 410 390 390 390 390 390 391 391
391 391 391 392 393 392 394 394 393 394 394 395 395 394 395 395 396 395 395 395 396 396 396 395 396 396 396 396 396 395 396 396 396 395 396 395 394 394 394 395 394 394 394 393 393 392 392 391 391 391 391 390 390 388 387 387 386 385 385 384 383 383 382 381 380 379 378 378 376 375 374 373 372 370 370 368 426 424 423 421 419 416 414 412 409 408 408 389 389 389 389 389 390 389
390 391 390 392 392 391 392 392 393 393 393 394 394 394 393 394 395 395 395 394 395 395 395 395 395 394 396 395 395 395 395 394 395 395 395 394 394 394 393 393 393 393 393 392 392 392 390 390 389 389 388 387 387 388 387 387 386 385 385 384 383 382 381 380 380 379 378 377 376 375 374 373 372 369 369 367 425 424 423 421 419 417 414 412 409 407 407 408 388 388 387 388 388 388
390 389 389 390 390 391 391 391 392 392 392 393 393 393 393 393 394 394 394 394 394 394 395 394 395 394 394 395 395 394 395 394 393 393 394 394 392 392 392 392 391 390 392 391 391 390 389 390 389 389 388 387 387 386 385 385 385 384 384 383 382 382 381 380 380 379 377 377 376 374 372 372 371 369 369 367 365 424 423 420 418 416 415 412 410 407 406 406 406 386 386 387 387 386
386 387 388 387 388 389 389 389 389 390 390 390 390 391 391 392 391 392 392 392 392 392 392 393 392 392 392 392 392 393 392 392 392 392 391 392 392 392 391 390 391 390 390 389 391 390 389 389 388 387 387 387 387 386 385 385 384 383 383 382 381 382 381 380 379 377 376 376 375 373 372 372 370 369 368 366 364 423 422 420 418 416 415 413 409 406 404 405 405 385 385 385 385 385
385 386 386 387 387 388 388 389 388 389 389 389 390 389 391 390 390 391 391 392 391 391 391 392 391 392 391 391 391 392 391 392 391 391 391 391 390 390 391 390 390 389 390 389 388 388 388 389 388 387 387 386 386 385 384 384 384 383 383 381 380 379 378 377 377 376 375 375 373 372 371 371 369 368 367 366 364 363 422 420 417 416 414 412 410 407 404 404 404 403 383 384 384 384
385 384 386 386 386 386 388 387 387 388 388 389 388 389 390 389 390 389 390 390 390 391 390 391 391 391 391 391 390 391 390 391 391 391 390 389 390 389 390 389 390 389 389 388 388 388 387 387 387 386 387 386 385 384 383 383 382 381 381 380 379 379 378 377 377 376 375 373 373 372 371 370 369 368 366 366 363 362 421 419 418 416 415 412 410 408 405 402 402 402 382 383 383 382
383 384 384 384 385 385 385 386 387 386 387 387 388 388 387 389 388 389 389 388 390 389 390 389 389 390 390 389 390 389 389 389 390 389 390 389 389 388 389 388 389 388 388 388 387 387 385 385 385 384 384 384 383 383 383 382 382 381 380 380 379 378 378 377 376 375 374 373 373 372 370 370 368 367 365 365 363 362 421 419 418 416 415 413 410 407 404 403 401 401 400 381 381 381
382 382 382 383 384 384 384 385 385 386 386 385 387 386 387 387 388 388 387 388 387 389 389 388 389 388 388 389 389 388 389 388 388 389 389 388 388 387 386 386 386 387 386 386 386 385 385 384 384 383 383 383 382 382 382 381 381 380 379 379 378 377 377 376 375 375 374 373 372 370 369 369 368 366 365 365 363 362 360 419 418 415 413 412 410 407 404 402 399 399 399 400 380 380
379 380 381 380 382 382 383 382 384 384 383 384 384 385 385 385 385 385 386 386 386 386 386 387 386 386 386 386 387 387 387 387 386 386 386 387 386 386 386 386 385 385 385 385 385 384 384 384 384 383 382 382 381 381 381 380 380 380 379 379 378 377 377 375 374 374 373 371 371 370 369 368 367 366 365 364 363 361 359 418 417 415 413 411 409 407 404 403 400 398 398 399 378 378
378 379 379 380 380 381 381 381 381 382 383 382 383 384 384 384 384 384 385 385 385 384 385 386 386 386 385 386 385 386 386 386 385 386 385 385 386 386 385 385 385 384 384 383 384 384 384 383 382 383 382 382 381 380 380 379 378 378 376 377 376 375 375 373 373 373 372 371 370 370 369 366 366 365 364 363 362 360 359 357 416 414 412 411 409 407 405 403 401 397 396 396 397 377
