testData/tiles/oneDegree/grid46.0-6.0-47.0-7.0.asc
ncols   200
nrows   200
xllcorner   46.0
yllcorner   6.0
cellsize   0.005
NODATA_value   -9999.0
[rows 126 to 167 of 200, columns 0 to 93 of 200]
1059 1060 1060 1060 1059 1066 1066 1065 1066 1066 1065 1065 1065 1064 1064 1064 1064 1064 1063 1062 1062 1062 1061 1061 1061 1061 1061 1060 1060 1060 1059 1059 1058 1058 1058 1057 1057 1056 1056 1055 1055 1055 1055 1055 1053 1053 1052 1052 1051 1051 1050 1051 1050 1049 1048 1048 1047 1047 1046 1046 1045 1044 1044 1044 1043 1043 1042 1042 1040 1039 1039 1039 1039 1040 1039 1039 1038 1039 1038 1038 1037 1037 1036 1037 1029 1028 1029 1028 1028 1028 1028 1026 1027 1026
1059 1058 1059 1059 1058 1058 1058 1057 1057 1057 1057 1057 1057 1056 1056 1056 1055 1062 1062 1061 1061 1061 1060 1060 1060 1059 1060 1059 1059 1059 1058 1058 1056 1056 1057 1056 1056 1055 1055 1054 1054 1054 1053 1053 1052 1052 1051 1051 1050 1050 1049 1049 1047 1048 1047 1047 1046 1046 1045 1045 1043 1043 1042 1042 1042 1042 1041 1039 1039 1038 1038 1037 1030 1030 1028 1030 1029 1030 1029 1029 1028 1028 1027 1028 1027 1026 1026 1025 1026 1025 1025 1024 1024 1024
1058 1057 1057 1057 1057 1057 1057 1056 1056 1056 1056 1056 1056 1056 1055 1055 1053 1053 1053 1053 1053 1053 1052 1052 1052 1051 1051 1051 1051 1051 1050 1049 1048 1048 1048 1047 1048 1047 1047 1046 1046 1046 1044 1044 1043 1044 1043 1043 1042 1042 1041 1041 1039 1039 1038 1039 1038 1038 1037 1037 1035 1035 1034 1034 1033 1034 1033 1031 1031 1030 1030 1029 1028 1027 1026 1027 1026 1027 1027 1026 1025 1026 1025 1025 1025 1024 1023 1024 1023 1023 1022 1022 1022 1021
1057 1056 1056 1056 1056 1056 1056 1056 1055 1055 1055 1054 1055 1055 1053 1053 1053 1052 1052 1051 1052 1052 1051 1051 1051 1050 1050 1049 1050 1050 1048 1048 1047 1047 1047 1046 1046 1046 1046 1045 1045 1045 1043 1043 1042 1042 1042 1042 1041 1041 1040 1039 1038 1038 1037 1037 1037 1037 1036 1035 1034 1034 1033 1033 1032 1031 1030 1030 1030 1029 1029 1028 1027 1026 1025 1024 1025 1024 1024 1024 1023 1024 1023 1023 1021 1022 1021 1021 1021 1021 1019 1019 1020 1019
1056 1056 1055 1055 1055 1054 1055 1055 1054 1054 1054 1053 1053 1052 1052 1052 1052 1051 1051 1051 1050 1050 1050 1050 1050 1049 1049 1048 1048 1047 1047 1047 1046 1046 1046 1045 1045 1044 1044 1044 1044 1043 1042 1042 1041 1041 1040 1040 1040 1040 1038 1038 1037 1037 1036 1036 1035 1035 1034 1034 1033 1033 1032 1031 1031 1030 1029 1028 1028 1028 1027 1027 1025 1025 1024 1023 1023 1022 1021 1021 1021 1021 1021 1021 1019 1020 1019 1019 1018 1018 1017 1017 1016 1016
1054 1055 1054 1054 1054 1053 1053 1053 1053 1053 1053 1051 1051 1051 1050 1051 1051 1050 1050 1050 1049 1049 1048 1049 1049 1048 1048 1047 1046 1046 1045 1046 1045 1045 1045 1044 1044 1043 1043 1042 1042 1041 1041 1041 1040 1040 1039 1039 1038 1038 1037 1037 1036 1036 1035 1035 1034 1034 1032 1032 1032 1031 1031 1030 1030 1028 1028 1027 1026 1026 1025 1026 1024 1023 1023 1022 1021 1021 1019 1018 1019 1018 1018 1019 1018 1017 1017 1017 1016 1015 1015 1015 1014 1014
1053 1053 1053 1053 1053 1052 1052 1052 1051 1051 1051 1050 1050 1050 1049 1049 1049 1049 1049 1049 1048 1048 1047 1047 1047 1047 1047 1045 1045 1045 1044 1044 1043 1044 1044 1043 1043 1042 1042 1040 1040 1039 1040 1040 1039 1039 1038 1038 1037 1036 1035 1035 1035 1035 1034 1034 1033 1031 1031 1030 1030 1029 1030 1029 1029 1027 1026 1026 1025 1025 1024 1022 1022 1022 1021 1021 1020 1019 1018 1017 1017 1016 1016 1014 1015 1015 1015 1015 1013 1013 1012 1012 1012 1011
1052 1052 1051 1052 1052 1051 1051 1051 1049 1049 1049 1049 1049 1049 1048 1048 1048 1047 1048 1048 1047 1047 1046 1046 1046 1045 1045 1044 1044 1044 1043 1043 1042 1042 1042 1042 1042 1041 1040 1039 1039 1038 1038 1037 1038 1038 1037 1037 1035 1035 1034 1034 1033 1033 1033 1032 1032 1030 1030 1029 1029 1028 1028 1027 1026 1026 1025 1025 1024 1023 1023 1021 1021 1020 1019 1020 1019 1017 1017 1016 1015 1015 1014 1012 1012 1012 1012 1012 1010 1011 1010 1010 1009 1008
1051 1051 1050 1050 1050 1049 1049 1049 1048 1048 1048 1047 1048 1048 1047 1047 1047 1046 1046 1046 1046 1046 1045 1045 1045 1043 1043 1042 1043 1043 1042 1042 1041 1041 1040 1040 1041 1040 1039 1038 1038 1037 1037 1036 1036 1036 1036 1035 1034 1033 1033 1032 1032 1031 1031 1031 1030 1029 1029 1028 1028 1027 1026 1026 1024 1025 1024 1023 1023 1022 1021 1020 1019 1019 1018 1017 1016 1016 1015 1015 1014 1013 1012 1011 1010 1009 1010 1009 1008 1008 1007 1008 1007 1006
1050 1050 1049 1048 1048 1047 1048 1048 1047 1047 1047 1046 1046 1047 1046 1046 1046 1045 1045 1045 1044 1045 1044 1044 1043 1042 1042 1041 1041 1042 1041 1041 1040 1040 1039 1039 1039 1037 1038 1037 1037 1036 1036 1035 1035 1034 1034 1033 1033 1032 1032 1031 1031 1030 1030 1028 1028 1028 1028 1027 1026 1026 1025 1024 1023 1022 1022 1022 1022 1021 1019 1019 1018 1017 1017 1016 1014 1014 1013 1013 1013 1012 1010 1009 1009 1008 1007 1005 1006 1005 1005 1004 1004 1005
1047 1048 1047 1047 1047 1047 1046 1047 1047 1046 1046 1045 1045 1045 1044 1045 1045 1044 1044 1044 1043 1043 1042 1042 1042 1041 1041 1040 1040 1040 1039 1040 1039 1039 1038 1038 1036 1036 1036 1036 1036 1035 1035 1034 1034 1033 1032 1031 1031 1031 1031 1030 1030 1029 1029 1027 1026 1026 1025 1026 1025 1025 1023 1022 1022 1021 1021 1020 1019 1019 1018 1017 1017 1016 1015 1014 1013 1012 1012 1011 1010 1010 1009 1008 1007 1007 1006 1004 1003 1002 1003 1003 1002 1003
1046 1046 1047 1046 1046 1046 1045 1045 1045 1045 1045 1044 1044 1044 1043 1043 1044 1043 1043 1043 1042 1041 1040 1040 1041 1040 1040 1039 1039 1038 1038 1038 1038 1038 1037 1036 1035 1035 1034 1034 1034 1034 1034 1033 1033 1031 1031 1030 1030 1029 1030 1029 1028 1028 1026 1026 1025 1025 1024 1024 1024 1023 1022 1021 1021 1020 1019 1019 1018 1016 1016 1016 1016 1015 1014 1013 1012 1011 1010 1010 1009 1007 1006 1007 1006 1005 1003 1003 1002 1002 1002 1001 1001 1002
1045 1045 1045 1045 1045 1045 1044 1044 1043 1043 1044 1043 1043 1043 1042 1042 1042 1041 1042 1041 1040 1040 1039 1039 1038 1038 1039 1038 1038 1037 1037 1037 1036 1036 1035 1035 1034 1034 1033 1033 1032 1032 1031 1032 1031 1030 1029 1029 1028 1028 1027 1027 1027 1026 1025 1025 1024 1024 1023 1022 1022 1020 1021 1020 1019 1019 1018 1017 1016 1015 1015 1014 1013 1014 1012 1011 1010 1010 1009 1008 1007 1006 1005 1004 1004 1004 1002 1002 1002 1002 1002 1001 1001 1001
1044 1044 1043 1043 1043 1043 1043 1043 1042 1042 1042 1041 1042 1042 1041 1041 1041 1040 1040 1039 1039 1039 1038 1038 1037 1037 1037 1037 1037 1036 1036 1035 1035 1034 1033 1034 1033 1033 1032 1032 1031 1031 1030 1030 1029 1029 1028 1028 1027 1027 1026 1026 1025 1024 1024 1023 1023 1022 1022 1021 1021 1019 1018 1018 1018 1017 1017 1016 1015 1014 1013 1013 1012 1011 1010 1010 1009 1008 1008 1007 1005 1004 1004 1003 1002 1001 1001 1001 1002 1002 1002 1001 1001 1001
1043 1043 1042 1042 1042 1041 1042 1042 1041 1041 1041 1040 1040 1041 1040 1040 1040 1038 1038 1037 1037 1038 1037 1037 1036 1036 1035 1035 1035 1035 1035 1034 1033 1032 1032 1031 1031 1032 1031 1031 1030 1030 1029 1028 1027 1027 1027 1027 1026 1026 1025 1024 1023 1022 1022 1021 1022 1021 1020 1020 1018 1018 1017 1016 1016 1015 1016 1014 1013 1013 1012 1011 1011 1009 1008 1007 1007 1007 1006 1005 1004 1003 1002 1002 1002 1001 1001 1001 1001 1001 1001 1001 1001 1001
1042 1043 1042 1042 1042 1041 1041 1042 1041 1041 1041 1040 1040 1040 1039 1040 1038 1038 1038 1037 1037 1036 1037 1037 1036 1035 1034 1034 1034 1033 1034 1032 1032 1031 1031 1030 1030 1029 1029 1029 1029 1028 1027 1026 1026 1025 1025 1024 1025 1024 1024 1022 1022 1021 1021 1020 1019 1019 1019 1018 1017 1016 1016 1015 1015 1014 1012 1012 1012 1011 1011 1010 1009 1007 1007 1006 1005 1005 1004 1003 1002 1002 1002 1002 1001 1001 1001 1001 1001 1001 1000 1000 1001 1001
1041 1041 1041 1041 1041 1040 1040 1040 1039 1040 1040 1039 1039 1038 1037 1037 1037 1037 1037 1036 1036 1035 1035 1035 1035 1035 1034 1034 1033 1033 1032 1031 1032 1031 1031 1030 1030 1029 1028 1027 1028 1026 1026 1025 1025 1024 1024 1023 1023 1022 1023 1021 1020 1020 1019 1019 1018 1018 1017 1016 1016 1015 1014 1014 1013 1013 1011 1010 1010 1009 1009 1009 1007 1006 1005 1005 1004 1003 1001 1001 1001 1001 1002 1002 1001 1001 1001 1001 1001 1000 1000 1000 1000 1000
1040 1040 1039 1040 1040 1039 1039 1039 1038 1038 1039 1038 1037 1036 1036 1036 1035 1035 1035 1035 1035 1034 1034 1033 1033 1034 1033 1033 1032 1031 1030 1030 1029 1030 1030 1029 1029 1028 1028 1027 1026 1025 1026 1025 1025 1024 1022 1022 1021 1021 1019 1020 1019 1019 1018 1017 1017 1016 1015 1014 1013 1014 1013 1013 1012 1010 1010 1009 1008 1008 1007 1006 1005 1005 1004 1003 1002 1002 1001 1001 1001 1001 1001 1000 1001 1001 1001 1001 1001 1000 1000 1000 1000 1000
1039 1039 1038 1038 1038 1038 1038 1038 1037 1037 1035 1035 1036 1035 1035 1035 1034 1034 1033 1034 1034 1033 1033 1032 1032 1031 1031 1031 1030 1030 1029 1029 1028 1028 1027 1028 1027 1027 1026 1025 1024 1024 1023 1023 1023 1023 1022 1022 1021 1020 1019 1018 1017 1017 1017 1016 1016 1014 1013 1013 1012 1011 1011 1011 1010 1009 1008 1007 1007 1006 1005 1004 1003 1002 1002 1002 1002 1001 1001 1001 1001 1001 1001 1000 1000 1000 1001 1001 1000 1000 1000 1000 1000 999
1038 1038 1037 1037 1037 1036 1037 1036 1035 1035 1034 1034 1034 1034 1034 1033 1033 1033 1032 1032 1031 1032 1032 1031 1031 1030 1029 1028 1029 1028 1028 1028 1027 1027 1026 1026 1025 1026 1024 1024 1023 1023 1022 1022 1021 1021 1021 1020 1019 1018 1018 1017 1017 1016 1015 1016 1014 1014 1012 1011 1011 1010 1009 1009 1007 1007 1007 1006 1005 1005 1004 1002 1002 1001 1001 1001 1002 1001 1001 1001 1001 1001 1000 1000 1000 1000 1000 1000 1000 1000 1000 1000 1000 999
1127 1036 1036 1036 1035 1034 1034 1033 1034 1034 1033 1033 1032 1032 1032 1032 1032 1031 1031 1031 1030 1030 1030 1030 1030 1028 1028 1027 1027 1026 1027 1026 1026 1025 1025 1024 1024 1022 1023 1022 1022 1021 1021 1020 1020 1019 1019 1018 1018 1017 1016 1016 1015 1015 1014 1014 1012 1012 1012 1011 1010 1010 1009 1006 1006 1005 1004 1005 1004 1003 1002 1001 1001 1001 1001 1001 1000 1000 1001 1001 1001 1001 1000 1000 1000 1000 1000 999 999 999 999 1000 999 999
1126 1034 1034 1034 1033 1033 1033 1032 1032 1032 1032 1032 1031 1031 1031 1030 1031 1030 1030 1030 1029 1029 1028 1028 1027 1027 1026 1026 1026 1025 1025 1024 1025 1024 1024 1023 1022 1021 1021 1020 1021 1020 1020 1019 1019 1018 1016 1016 1015 1016 1015 1015 1014 1013 1013 1011 1011 1010 1009 1010 1009 1008 1008 1006 1005 1005 1004 1002 1001 1001 1001 1001 1001 1001 1001 1001 1000 1000 1000 1000 1001 1000 1000 1000 1000 1000 1000 999 999 999 999 999 998 999
1124 1032 1032 1032 1032 1032 1031 1031 1031 1030 1030 1031 1030 1030 1029 1029 1029 1028 1029 1028 1028 1027 1026 1026 1025 1026 1025 1025 1024 1024 1023 1023 1022 1023 1022 1021 1020 1020 1019 1019 1018 1018 1018 1018 1017 1017 1015 1015 1014 1013 1013 1013 1013 1012 1010 1010 1009 1009 1008 1007 1007 1007 1005 1005 1004 1003 1002 1002 1002 1001 1001 1001 1001 1001 1001 1000 1000 1000 1000 1000 1000 999 999 1000 1000 1000 999 999 999 999 999 998 998 998
1122 1122 1031 1030 1030 1031 1030 1030 1030 1029 1029 1028 1029 1029 1028 1028 1027 1027 1027 1027 1027 1025 1025 1024 1024 1024 1023 1024 1023 1023 1022 1022 1021 1021 1019 1020 1019 1019 1018 1018 1017 1017 1016 1015 1016 1014 1014 1013 1013 1012 1011 1011 1010 1010 1009 1008 1008 1007 1006 1006 1005 1003 1003 1003 1002 1002 1002 1002 1001 1001 1001 1001 1001 1002 1001 1000 1000 1000 1000 1000 999 999 999 999 999 1000 999 999 999 999 999 998 998 998
1121 1121 1030 1029 1029 1029 1028 1029 1028 1028 1028 1027 1027 1026 1027 1027 1026 1026 1025 1024 1024 1024 1024 1023 1023 1022 1022 1021 1021 1021 1021 1020 1020 1018 1018 1017 1017 1017 1017 1016 1016 1015 1015 1014 1013 1013 1012 1012 1011 1011 1010 1009 1009 1007 1007 1007 1006 1006 1005 1004 1003 1002 1001 1001 1001 1002 1002 1001 1001 1001 1001 1001 1001 1001 1000 1001 1001 1001 1000 1000 999 999 999 999 999 998 998 999 999 999 998 998 998 998
1120 1120 1028 1028 1028 1027 1027 1027 1027 1027 1026 1026 1026 1025 1025 1025 1025 1024 1023 1023 1022 1022 1022 1022 1022 1021 1021 1020 1020 1019 1020 1019 1018 1017 1017 1016 1016 1015 1016 1015 1014 1014 1013 1012 1011 1011 1010 1011 1010 1009 1009 1008 1006 1006 1005 1005 1004 1004 1004 1003 1001 1001 1001 1001 1001 1001 1001 1001 1001 1001 1001 1001 1001 1000 1000 1000 1000 1000 1001 1000 1000 1000 999 999 999 998 998 998 998 998 998 998 998 998
1119 1119 1118 1027 1027 1026 1026 1025 1025 1025 1025 1025 1024 1024 1024 1023 1022 1022 1022 1022 1021 1021 1020 1020 1020 1020 1019 1019 1018 1018 1017 1016 1016 1016 1015 1015 1014 1014 1013 1013 1013 1013 1011 1010 1010 1009 1009 1008 1008 1008 1007 1006 1005 1004 1004 1003 1002 1002 1002 1001 1001 1001 1001 1001 1001 1001 1000 1000 1000 1001 1001 1001 1000 1000 1000 1000 1000 1000 999 999 1000 1000 1000 1000 999 998 998 998 998 997 997 997 998 998
1118 1118 1117 1026 1025 1025 1025 1024 1024 1023 1023 1024 1023 1023 1021 1021 1021 1020 1021 1020 1020 1019 1019 1018 1018 1018 1018 1018 1017 1016 1015 1015 1014 1014 1014 1014 1013 1012 1012 1011 1011 1009 1010 1009 1008 1008 1007 1007 1006 1005 1004 1004 1004 1003 1002 1002 1001 1001 1000 1000 1001 1001 1001 1001 1001 1000 1000 1000 1000 1000 1000 1001 1000 1000 1000 1000 1000 1000 999 999 999 999 1000 999 999 999 999 999 998 997 997 997 997 997
1117 1116 1116 1025 1024 1024 1023 1023 1023 1022 1022 1020 1020 1021 1020 1020 1019 1019 1018 1018 1019 1018 1018 1017 1017 1016 1016 1016 1015 1014 1014 1013 1013 1012 1012 1012 1012 1011 1011 1010 1008 1008 1007 1007 1007 1006 1006 1005 1005 1003 1002 1002 1001 1001 1001 1001 1001 1000 1000 1000 1000 1000 1001 1001 1001 1000 1000 1000 1000 1000 1000 999 999 1000 1000 1000 1000 999 999 999 999 999 999 998 999 999 999 999 998 998 998 997 997 996
1115 1115 1115 1114 1023 1023 1022 1022 1021 1020 1020 1019 1019 1018 1019 1018 1018 1018 1017 1017 1016 1017 1016 1016 1015 1015 1014 1013 1012 1013 1012 1012 1011 1011 1010 1010 1009 1010 1009 1008 1007 1006 1006 1005 1005 1004 1004 1004 1002 1002 1001 1000 1000 1000 1000 1001 1001 1000 1000 1000 1000 1000 1000 1000 1000 1000 1000 1000 1000 1000 1000 999 999 999 999 1000 1000 999 999 999 999 999 998 998 998 998 998 999 998 998 998 998 998 997
1114 1114 1114 1113 1022 1021 1020 1020 1019 1019 1018 1018 1018 1017 1017 1016 1017 1016 1016 1015 1015 1014 1014 1015 1014 1013 1012 1012 1011 1011 1010 1011 1010 1009 1009 1008 1008 1007 1006 1006 1006 1005 1004 1004 1003 1003 1002 1001 1001 1000 1000 1000 1000 1000 1000 1000 999 1000 1000 1000 1000 1000 1000 999 999 999 1000 1000 1000 1000 999 999 999 999 999 999 998 999 999 999 999 999 998 998 998 998 998 997 997 998 998 998 997 997
1113 1113 1112 1111 1019 1019 1019 1018 1018 1017 1017 1017 1016 1016 1015 1015 1014 1015 1015 1014 1014 1013 1013 1012 1011 1011 1011 1010 1010 1009 1009 1008 1009 1008 1008 1007 1006 1005 1004 1004 1003 1003 1003 1002 1002 1001 999 999 999 1000 1000 1000 1000 1000 1000 999 999 999 999 1000 1000 1000 999 999 999 999 999 999 999 999 999 999 999 999 999 998 998 998 998 998 999 998 998 998 998 998 997 997 997 997 997 996 997 997
1111 1110 1110 1110 1109 1018 1017 1017 1017 1016 1016 1015 1015 1014 1014 1014 1013 1013 1012 1013 1012 1012 1010 1010 1009 1009 1009 1009 1008 1008 1007 1007 1006 1006 1006 1005 1004 1003 1003 1002 1002 1001 1001 1001 1000 1000 999 999 999 999 999 1000 1000 1000 999 999 999 999 999 999 999 1000 999 999 999 999 999 999 998 998 998 999 999 999 999 998 998 998 998 998 997 997 998 998 998 998 997 997 997 997 997 996 996 996
1109 1109 1109 1108 1108 1017 1016 1016 1015 1015 1014 1014 1014 1013 1013 1012 1012 1011 1011 1010 1010 1009 1009 1008 1008 1007 1007 1006 1007 1006 1006 1005 1005 1004 1003 1002 1002 1002 1001 1001 1000 999 999 999 1000 999 999 999 999 999 999 999 999 999 999 999 999 999 999 999 999 998 998 999 999 999 999 999 998 998 998 998 998 999 998 998 998 998 998 998 997 997 997 997 998 997 997 997 997 997 996 996 996 996
1108 1108 1107 1107 1107 1015 1015 1014 1014 1014 1013 1013 1012 1012 1011 1011 1010 1010 1009 1008 1008 1007 1008 1007 1007 1006 1006 1005 1004 1004 1004 1004 1003 1002 1001 1001 1000 999 1000 999 999 999 999 998 998 998 999 999 999 999 999 999 998 998 998 999 999 999 999 999 998 998 998 998 998 999 999 998 998 998 998 998 998 997 997 998 998 998 998 997 997 997 997 997 997 996 996 997 997 997 996 996 996 996
1107 1107 1106 1106 1105 1105 1013 1013 1013 1012 1012 1011 1011 1010 1010 1010 1009 1008 1007 1007 1006 1006 1005 1005 1005 1005 1004 1004 1003 1002 1002 1002 1001 1000 1000 999 998 998 998 999 999 999 998 998 998 998 998 998 999 999 999 998 998 998 998 998 998 999 999 998 998 998 998 998 998 998 997 998 998 998 998 998 998 997 997 997 997 998 998 997 997 997 997 997 996 996 996 996 996 996 996 996 996 996
1106 1105 1105 1104 1104 1104 1012 1012 1011 1011 1010 1010 1009 1009 1009 1007 1007 1006 1006 1005 1005 1004 1004 1003 1003 1002 1003 1002 1001 1001 999 999 998 999 998 998 998 998 998 998 998 998 998 998 998 998 998 998 998 998 998 998 998 998 998 998 998 998 997 998 998 998 998 998 998 997 997 997 997 998 998 998 997 997 997 997 997 997 996 996 997 997 997 996 996 996 996 996 996 995 995 996 996 995
1104 1104 1103 1103 1103 1102 1011 1010 1010 1009 1009 1009 1008 1007 1006 1006 1005 1005 1004 1004 1003 1003 1002 1002 1001 1001 1000 1001 1000 998 998 997 997 997 997 998 998 998 998 998 997 997 997 998 998 998 998 998 998 998 997 997 998 998 998 998 998 998 997 997 997 998 998 998 998 997 997 997 997 997 997 997 997 997 997 997 997 996 996 996 996 996 997 996 996 996 996 996 995 995 995 995 995 994
1103 1102 1102 1102 1101 1101 1100 1009 1008 1008 1007 1006 1006 1005 1005 1004 1004 1003 1003 1002 1002 1001 1001 1000 1000 999 999 997 996 997 997 997 997 997 997 997 997 998 998 997 997 997 997 997 997 998 998 998 998 997 997 997 997 997 998 998 998 997 997 997 997 997 997 998 997 997 997 997 997 997 996 996 996 997 997 997 997 996 996 996 996 996 995 995 996 996 996 995 995 995 995 995 994 994
1101 1101 1101 1100 1100 1099 1099 1007 1006 1006 1005 1005 1004 1004 1003 1003 1002 1002 1001 1001 1000 1000 999 999 998 998 996 996 996 996 996 997 997 997 997 997 997 997 997 997 997 997 997 997 997 997 997 998 997 997 997 997 997 997 997 997 997 997 997 997 997 997 997 996 996 997 997 997 997 997 996 996 996 996 996 996 996 996 996 996 996 995 995 995 995 995 995 995 995 995 995 995 994 994
1100 1100 1099 1099 1097 1097 1097 1005 1005 1004 1004 1003 1003 1002 1002 1001 1001 1000 1000 999 999 998 998 997 996 996 996 996 996 996 996 996 997 997 997 997 997 996 996 996 997 997 997 997 997 997 996 996 996 997 997 997 997 997 997 996 996 996 997 997 997 997 996 996 996 996 996 997 997 996 996 996 996 996 996 995 995 995 996 996 996 995 995 995 995 995 994 994 994 995 995 994 994 994
1098 1097 1097 1096 1096 1095 1095 1004 1003 1003 1002 1002 1001 1001 1000 1000 999 999 998 998 997 997 996 996 996 996 996 996 996 996 996 996 996 996 997 996 996 996 996 996 996 996 997 997 997 996 996 996 996 996 996 997 997 997 996 996 996 996 996 996 997 996 996 996 996 996 996 996 995 995 996 996 996 996 995 995 995 995 995 995 995 995 995 995 995 994 994 994 994 994 994 993 994 896
