testData/tiles/oneDegree/grid1.0-11.0-2.0-12.0.asc
ncols   200
nrows   200
xllcorner   1.0
yllcorner   11.0
cellsize   0.005
NODATA_value   -9999.0
[rows 84 to 125 of 200, columns 96 to 191 of 200]
259 260 260 261 262 263 265 266 273 274 274 275 276 277 277 278 279 280 280 282 283 283 284 284 285 287 287 288 289 290 291 292 292 294 294 296 296 298 298 299 301 301 303 303 303 305 305 306 307 321 321 322 323 323 324 325 325 326 326 327 328 328 329 329 330 330 331 331 332 333 333 334 334 334 335 335 336 336 337 337 337 338 338 338 338 338 339 338 339 339 340 339 339 340 340 341
260 261 262 263 264 265 266 267 268 274 275 277 278 278 279 280 281 281 282 283 283 284 285 285 286 287 288 290 291 292 293 294 294 296 296 298 298 300 300 300 302 302 304 304 304 306 306 307 321 321 322 322 324 324 325 325 326 327 327 328 328 328 330 330 331 331 332 332 332 333 333 334 334 335 336 336 337 337 337 337 337 338 338 339 339 339 340 340 341 340 340 341 341 342 342 342
261 262 263 264 266 267 268 268 269 276 277 278 278 279 280 281 281 283 284 284 285 286 286 287 288 289 290 290 292 292 294 294 295 296 297 298 300 301 302 302 303 304 305 306 306 307 321 322 322 323 324 324 325 326 327 327 327 328 329 330 330 330 331 331 333 333 334 334 334 335 335 336 336 336 337 337 338 338 339 339 339 340 340 341 341 341 342 341 342 342 342 342 342 342 342 343
263 264 265 266 267 268 268 269 270 277 279 279 280 281 282 282 283 284 285 285 286 287 287 288 288 291 291 292 294 294 296 296 297 298 299 300 301 302 302 303 304 305 306 306 307 321 321 323 323 323 325 326 327 327 329 329 329 330 330 332 332 332 333 333 334 334 335 336 336 337 337 338 338 338 339 339 339 339 339 340 340 341 341 342 341 341 342 342 343 343 343 344 343 344 344 345
264 265 266 268 268 269 270 271 272 279 279 280 281 282 282 283 285 286 286 287 288 288 289 289 290 292 292 293 294 295 296 297 297 300 300 302 302 303 304 304 306 306 308 308 321 323 323 324 325 325 326 326 328 328 329 329 330 331 331 332 332 333 334 334 335 335 335 336 336 337 337 339 339 339 340 340 341 341 341 342 341 342 342 343 343 343 344 344 345 345 344 345 345 346 345 344
266 267 267 268 269 270 271 272 274 280 281 282 283 284 284 285 286 286 287 288 288 289 291 291 292 292 294 295 296 297 298 299 299 301 301 302 303 303 305 305 307 307 308 322 322 324 325 326 326 327 328 328 329 330 331 331 331 333 333 334 334 334 335 336 337 337 337 338 338 339 339 340 340 340 341 341 342 342 342 343 343 344 343 343 344 344 345 345 345 345 345 346 346 347 346 346
266 267 269 270 271 272 273 274 274 281 282 283 284 284 286 287 287 288 289 289 290 291 291 292 293 293 295 295 297 297 300 300 301 302 303 304 305 305 306 307 308 309 323 323 324 325 325 327 327 327 329 329 330 330 331 332 332 333 333 335 335 335 336 336 337 337 338 339 339 340 340 340 341 341 342 342 343 343 343 344 344 345 345 345 346 345 346 346 346 347 347 348 347 348 348 348
268 269 270 271 272 273 274 275 276 283 284 285 285 286 287 287 288 289 289 290 292 292 293 294 294 295 296 297 298 299 301 301 301 303 303 305 305 306 307 308 309 323 324 325 325 327 327 328 329 329 330 331 332 332 332 333 334 335 335 336 336 337 338 338 339 339 339 340 340 341 342 342 343 343 344 344 345 345 345 346 346 346 346 346 347 347 347 347 347 348 347 348 348 348 349 348
270 271 272 273 274 274 275 276 277 284 284 285 287 288 288 289 290 291 291 292 293 293 294 294 295 296 297 298 300 301 301 303 303 305 305 307 307 307 309 322 324 324 324 326 326 327 328 329 329 330 331 331 332 333 333 334 334 336 336 336 337 337 338 339 340 340 340 341 341 342 342 342 343 343 344 344 344 345 345 346 346 347 347 347 348 348 349 349 348 349 349 350 350 350 350 350
271 272 273 273 274 276 277 278 279 285 286 287 288 288 289 290 291 291 293 294 294 295 295 296 297 297 299 299 301 301 302 303 304 305 306 307 308 309 324 324 325 326 326 327 328 329 329 330 331 331 333 333 334 334 335 336 336 337 337 338 339 339 340 340 340 341 342 343 343 344 344 344 345 345 346 346 346 347 347 348 348 348 349 349 350 349 349 350 350 351 350 351 350 350 351 351
272 273 274 275 276 277 278 279 279 286 287 289 289 290 291 292 292 293 294 294 295 296 296 297 297 298 300 301 303 303 304 305 306 307 308 308 309 323 324 325 326 326 327 328 328 330 330 330 332 332 333 334 334 335 336 337 338 339 339 339 340 341 342 342 342 343 343 344 344 344 345 346 347 346 347 347 347 348 348 349 348 348 349 349 350 350 350 351 351 352 351 351 352 352 353 352
273 274 275 276 278 279 279 280 281 288 289 289 290 291 292 292 293 295 295 296 297 297 298 298 299 300 301 302 303 304 304 306 306 308 309 310 324 324 326 326 327 328 328 330 330 331 332 332 333 334 335 335 335 337 337 338 338 339 340 340 341 341 342 343 343 344 344 345 345 345 346 346 347 347 347 348 348 349 349 349 350 350 351 351 351 352 352 353 352 352 353 353 354 353 352 353
275 276 277 278 279 279 280 281 282 290 290 291 292 293 293 294 295 295 296 297 297 298 299 300 301 301 303 303 305 305 306 307 308 309 310 323 325 325 327 327 327 329 329 330 331 331 332 334 335 335 337 337 337 338 339 340 340 340 341 342 343 343 343 344 344 345 345 347 347 347 348 348 349 349 349 350 350 351 351 351 351 351 352 352 351 352 352 353 353 353 354 354 354 354 354 355
276 277 278 279 280 281 282 283 284 290 291 292 293 293 294 296 296 297 298 298 299 300 300 301 301 302 304 304 305 306 307 308 310 311 325 325 326 327 328 329 329 330 331 332 332 333 334 334 336 336 336 338 338 339 339 340 341 341 342 342 343 344 344 345 345 346 346 346 347 347 348 348 349 350 350 351 351 351 352 351 352 352 352 353 353 354 354 354 355 355 355 355 355 356 356 355
277 278 279 280 281 282 283 283 285 292 293 294 294 295 296 296 297 298 298 299 300 301 302 303 303 304 305 306 306 308 308 310 310 324 325 326 327 327 329 329 330 331 331 334 334 334 336 336 337 338 338 339 339 341 341 341 342 342 344 344 344 345 345 346 347 348 348 348 349 349 350 350 350 351 351 352 352 352 353 353 354 354 354 355 354 355 355 354 355 355 356 356 356 356 356 356
278 280 281 282 283 284 284 285 286 293 294 294 295 297 297 298 299 299 300 301 301 302 303 303 304 304 306 306 307 309 310 311 325 325 327 327 329 329 330 331 331 333 333 333 335 335 336 337 338 338 339 340 340 341 342 342 343 343 344 344 345 346 346 347 347 347 348 348 350 350 350 351 351 352 352 352 353 353 354 354 354 355 355 355 355 355 356 356 357 357 357 357 357 358 358 358
280 281 282 283 283 284 286 287 288 288 295 296 297 297 298 299 299 300 301 302 303 304 304 305 305 306 307 308 309 310 311 325 326 326 327 328 329 330 330 333 333 334 335 335 336 337 338 338 339 340 340 341 342 342 343 343 345 345 346 346 346 347 348 349 349 349 350 350 351 351 351 352 352 353 353 353 354 354 355 355 355 356 356 357 357 357 358 358 357 357 357 358 358 358 359 358
282 283 283 284 285 286 287 288 288 289 296 297 298 299 300 300 301 302 302 303 304 304 305 306 306 307 307 310 310 312 325 326 327 328 329 330 330 331 332 333 334 335 335 336 337 337 339 339 339 341 341 342 342 343 344 344 345 345 347 348 348 349 349 349 350 351 352 352 352 352 352 353 353 353 354 354 355 355 355 356 356 357 357 357 358 358 358 358 358 359 359 359 360 359 360 360
282 283 284 285 286 288 288 289 290 291 298 298 299 300 300 301 302 302 304 305 305 306 307 307 308 308 309 310 311 325 326 326 328 328 330 330 332 333 333 335 335 336 337 337 339 339 339 341 341 342 342 344 344 344 345 346 347 347 347 348 349 350 350 350 351 351 352 352 352 354 354 355 355 355 356 356 357 357 357 358 358 358 358 358 359 359 359 360 360 361 361 359 360 360 360 361
284 285 286 287 288 288 289 290 291 291 299 300 301 301 302 303 303 304 305 305 306 307 307 308 309 310 310 312 326 326 328 328 329 330 331 332 332 334 334 335 336 336 338 338 339 340 340 341 341 344 344 344 346 346 347 347 347 349 349 350 350 350 351 352 353 353 353 354 354 355 355 355 356 356 357 357 357 358 357 358 358 358 359 359 359 360 360 361 360 360 361 361 362 362 361 362
285 286 287 287 289 290 291 292 292 293 300 301 301 302 303 303 305 306 306 307 308 308 309 309 310 311 311 326 326 327 328 329 330 332 332 333 334 335 336 336 337 338 339 340 340 341 342 343 343 344 345 345 346 346 348 348 348 349 349 351 351 351 352 352 353 353 353 355 355 355 356 356 357 357 357 358 358 359 359 359 360 360 361 361 360 361 361 361 362 362 363 363 362 363 362 362
286 287 288 289 290 291 292 292 293 295 302 302 303 304 304 305 306 306 307 308 308 309 311 311 312 312 326 327 328 328 330 330 332 332 333 334 335 336 336 337 338 338 340 340 341 343 343 344 345 345 346 347 348 348 348 349 350 351 351 351 352 352 354 354 354 355 355 356 356 356 357 357 358 358 359 360 360 359 360 360 361 361 361 361 361 362 362 362 363 362 362 363 363 363 364 363
287 288 290 291 292 292 293 294 295 295 302 303 304 304 306 307 307 308 309 309 310 311 311 312 312 326 326 327 328 329 331 332 332 334 334 336 336 337 338 338 340 340 340 342 342 343 344 344 345 346 347 347 347 349 349 350 350 350 352 352 353 353 353 354 354 356 356 356 357 357 358 358 358 359 359 360 360 360 361 361 361 362 362 363 363 363 363 363 363 364 364 365 365 364 365 365
289 290 291 291 292 293 294 296 296 297 298 305 305 306 307 307 308 309 309 310 312 312 313 313 327 327 328 329 330 331 332 333 333 334 335 336 337 337 339 339 341 342 342 343 344 345 345 346 347 347 348 349 349 350 350 352 352 352 353 353 355 355 355 356 356 357 357 357 358 359 359 360 360 361 361 361 362 362 363 363 363 364 363 363 364 364 365 364 364 365 365 364 365 365 365 366
289 291 292 293 294 295 295 296 297 298 299 305 306 308 308 309 310 310 311 312 312 313 313 327 328 328 329 329 332 332 333 334 335 336 337 337 338 339 340 341 341 342 343 344 344 345 346 346 348 348 348 349 350 351 351 351 352 353 354 354 354 355 355 357 357 357 358 358 359 359 359 360 360 360 361 361 362 362 362 363 363 364 364 364 365 365 365 366 365 365 366 366 367 367 366 367
291 292 293 294 295 295 297 298 299 299 300 307 308 308 309 310 310 311 312 313 314 314 328 329 329 330 330 331 332 333 333 335 335 337 337 338 339 340 342 342 343 344 344 346 346 346 348 348 349 349 350 351 351 352 353 353 354 354 355 356 356 357 357 357 358 358 359 360 360 361 361 362 362 362 363 363 363 364 364 365 365 365 366 366 365 366 366 367 367 367 367 367 366 367 367 367
293 294 295 295 296 297 298 299 299 300 301 309 309 310 311 311 312 313 313 314 314 328 329 329 330 330 332 332 333 334 335 336 337 337 339 339 341 341 341 343 343 344 345 345 346 347 348 348 349 350 350 352 353 353 354 354 356 356 356 357 357 358 359 359 360 360 360 361 361 362 362 362 363 363 364 364 363 364 364 364 365 365 365 366 366 367 367 367 368 367 367 368 368 368 369 368
293 294 295 296 297 299 299 300 301 302 302 309 310 311 311 312 313 314 315 315 329 330 330 331 331 332 332 333 334 335 335 337 337 338 340 341 342 343 343 344 345 346 346 347 348 348 350 350 350 352 352 352 353 354 355 355 355 356 357 358 358 358 359 359 360 361 361 362 362 362 363 363 364 364 364 365 365 365 366 366 367 367 367 368 368 368 368 368 368 369 369 369 370 368 369 369
295 296 297 298 298 299 300 301 302 302 304 305 312 312 313 314 314 315 315 316 330 330 331 332 333 334 334 335 335 337 337 338 339 339 341 341 342 343 344 345 345 346 347 347 349 349 350 352 352 353 353 354 355 355 356 357 357 358 358 358 359 360 361 361 361 362 362 363 363 363 364 365 365 366 366 367 367 367 368 368 367 367 367 367 368 368 369 369 369 370 369 369 370 370 370 371
296 297 297 299 300 301 302 302 303 304 305 305 312 313 314 315 316 316 317 331 331 332 332 333 334 334 335 335 336 337 338 339 341 341 342 343 343 345 345 347 347 347 349 349 349 351 351 352 352 353 354 354 355 356 356 357 357 359 359 359 360 360 360 361 362 363 363 363 364 364 364 365 365 366 366 366 367 367 367 368 368 369 369 369 370 370 370 370 370 370 371 371 371 372 371 371
297 298 299 300 301 302 302 303 305 306 306 307 314 314 315 316 316 317 331 331 332 333 334 335 335 336 336 337 337 338 339 340 341 342 342 343 344 345 346 346 347 349 350 350 351 352 352 354 354 354 356 356 356 357 357 359 359 359 360 360 362 362 362 363 363 363 364 364 365 366 366 367 367 367 368 368 369 369 369 370 370 370 370 370 370 371 370 370 371 371 371 371 371 371 372 372
298 299 301 302 302 303 304 305 305 306 307 308 314 315 317 317 318 332 332 333 334 334 335 335 336 336 337 337 338 339 341 341 342 343 344 345 345 346 347 348 349 349 350 351 351 353 353 353 355 355 356 356 357 358 358 358 359 360 361 361 361 362 362 364 364 364 365 365 365 366 366 366 367 367 368 368 368 369 369 369 370 370 370 371 371 371 372 372 372 372 372 373 373 373 372 373
300 301 301 302 303 304 305 306 307 308 309 309 310 317 317 318 332 332 333 334 335 336 336 337 337 338 338 339 339 340 341 342 342 344 344 346 346 346 349 349 351 351 351 353 353 353 355 355 356 356 357 358 358 359 360 360 361 361 361 363 363 364 364 364 365 365 365 367 367 368 368 368 369 369 369 370 370 370 371 371 372 372 372 373 372 372 373 373 373 373 373 373 373 373 373 374
300 302 303 304 305 305 306 307 308 308 309 310 312 318 319 333 333 334 334 335 336 336 337 337 338 338 339 341 341 342 342 343 344 345 346 346 348 348 349 350 350 352 352 353 354 354 355 355 356 357 357 358 359 359 361 361 363 363 363 364 364 364 366 366 367 367 367 368 368 368 369 369 369 369 369 370 370 370 371 371 371 372 372 372 373 373 373 374 374 373 374 374 374 375 375 374
302 303 304 304 305 306 308 309 309 310 311 311 312 319 333 333 334 334 336 337 337 338 338 339 340 340 341 341 342 342 343 344 344 345 346 348 349 350 350 351 352 353 353 354 355 355 357 357 357 359 359 359 360 360 362 362 362 363 363 364 365 365 366 366 366 367 368 368 369 369 370 370 370 371 371 371 372 372 372 373 373 373 374 374 374 374 374 374 375 375 375 376 374 374 375 376
304 304 305 306 307 308 308 309 310 311 311 313 314 314 334 335 335 336 337 337 338 338 339 340 341 342 342 343 343 344 344 346 346 346 348 348 350 350 351 352 352 353 354 354 356 356 356 359 359 360 360 361 362 362 362 363 364 365 365 365 366 366 367 368 368 369 369 369 370 370 370 371 371 371 372 372 372 373 373 374 373 373 374 374 374 375 375 375 376 375 375 375 376 377 377 377
304 305 306 307 308 309 310 311 311 312 313 314 314 328 335 335 337 338 338 339 339 340 341 341 342 342 343 343 344 344 345 345 348 348 349 350 350 352 352 353 354 354 356 356 356 357 358 359 359 360 361 361 362 363 363 364 364 364 366 366 366 367 367 368 368 369 370 370 370 371 371 371 372 372 373 373 373 374 374 374 375 375 375 376 376 376 376 376 376 377 377 377 378 378 378 377
306 307 307 308 309 310 311 311 312 314 315 315 329 330 336 337 338 338 339 339 340 341 341 343 343 344 344 345 345 346 346 347 348 349 349 350 351 352 353 353 354 355 356 357 358 359 359 360 361 361 362 363 363 364 364 365 366 366 367 367 367 369 369 369 370 370 370 371 371 372 372 372 373 374 374 375 375 375 375 375 375 376 376 376 376 376 376 377 377 377 377 378 378 379 379 379
306 307 308 310 311 311 312 313 314 314 315 329 329 330 331 338 339 340 340 341 342 342 343 343 344 344 345 345 346 346 348 348 350 350 351 352 352 353 354 355 356 356 357 358 358 360 360 360 361 362 362 363 363 365 365 365 366 366 367 368 368 368 369 369 370 371 371 372 372 372 373 373 373 374 374 374 375 375 375 376 376 376 377 377 377 378 377 377 378 379 379 380 380 379 380 380
308 309 310 310 311 312 313 313 315 316 317 330 331 332 332 339 340 340 341 342 342 344 344 345 345 346 346 347 347 348 348 349 349 351 351 353 353 353 355 356 356 358 358 359 360 360 361 362 362 363 363 365 365 365 366 367 367 368 368 369 369 370 371 371 371 372 372 372 373 373 373 375 375 376 376 376 377 377 377 378 377 377 378 378 378 378 379 379 379 380 379 379 380 380 381 381
309 309 311 312 313 314 314 315 316 317 330 331 332 333 334 341 341 342 342 343 344 344 345 345 346 346 347 347 349 349 350 350 351 352 353 353 354 355 356 357 357 358 359 359 360 361 362 362 362 364 364 364 365 366 367 367 367 369 370 370 371 371 371 372 373 374 374 374 375 375 374 375 375 375 376 376 376 377 377 377 378 378 378 379 379 379 381 380 380 380 381 381 381 382 382 382
310 311 312 313 313 314 315 317 317 331 332 332 333 334 335 335 342 342 343 345 345 346 346 347 347 348 348 349 349 350 350 351 351 352 353 354 356 356 357 358 358 359 360 361 362 362 362 364 364 364 366 366 367 367 367 369 369 369 370 370 372 372 372 373 373 373 374 374 374 375 375 376 377 377 377 378 378 378 379 379 378 379 379 379 380 381 381 382 382 382 382 381 382 382 383 383
