testData/tiles/oneDegree/grid4.0-33.0-5.0-34.0.asc
ncols   200
nrows   200
xllcorner   4.0
yllcorner   33.0
cellsize   0.005
NODATA_value   -9999.0
[rows 0 to 41 of 200, columns 0 to 93 of 200]
79 116 116 116 116 116 116 116 116 116 116 116 116 116 116 116 116 116 117 118 119 120 121 122 122 123 124 125 126 127 127 128 129 130 130 131 132 133 133 134 135 135 136 136 137 139 139 140 140 141 142 142 143 143 144 144 145 145 146 146 147 148 149 149 150 150 151 151 152 152 153 153 153 154 154 155 155 155 157 157 158 158 158 159 159 160 160 160 161 161 161 162 162 163
79 116 116 116 116 116 116 116 116 116 116 116 116 116 116 116 116 116 116 117 118 119 120 121 122 123 124 125 126 126 127 128 129 129 130 131 132 132 133 134 134 135 136 136 138 138 139 140 140 141 141 142 142 143 144 144 145 145 146 146 147 148 149 149 150 150 151 151 151 152 152 153 153 154 154 154 155 156 157 157 158 158 158 159 159 159 160 160 161 161 161 162 162 162
79 79 116 116 116 116 116 116 116 116 116 116 116 116 116 116 116 116 116 117 118 119 120 121 122 123 124 124 125 126 127 128 128 129 130 131 131 132 133 133 134 135 135 136 138 138 139 139 140 141 141 142 142 143 143 144 144 145 145 146 146 148 148 149 149 150 150 151 151 152 152 153 153 153 154 154 155 156 157 157 157 158 158 159 159 159 160 160 160 161 161 161 162 162
79 79 116 116 116 116 116 116 116 116 116 116 116 116 116 116 116 116 116 117 118 119 120 121 121 122 123 124 125 126 127 127 128 129 130 130 131 132 132 133 134 134 135 136 137 138 139 139 140 140 141 141 142 143 143 144 144 145 145 146 147 148 148 149 149 150 150 151 151 152 152 152 153 153 154 154 155 156 156 157 157 158 158 158 159 159 159 160 160 161 161 161 162 163
79 79 116 116 116 116 116 116 116 116 116 116 116 116 116 116 116 116 116 116 117 118 119 120 121 122 123 124 125 125 126 127 128 129 129 130 131 132 132 133 134 134 135 135 137 138 138 139 140 140 141 141 142 142 143 143 144 145 145 146 147 148 148 149 149 149 150 150 151 151 152 152 153 153 153 154 154 156 156 157 157 157 158 158 159 159 159 160 160 160 161 161 161 163
79 79 79 116 116 116 116 116 116 116 116 116 116 116 116 116 116 116 116 116 117 118 119 120 121 122 123 123 124 125 126 127 128 128 129 130 131 131 132 133 133 134 135 135 137 137 138 139 139 140 140 141 142 142 143 143 144 144 145 145 147 147 148 148 149 149 150 150 151 151 152 152 152 153 153 154 155 156 156 156 157 157 158 158 158 159 159 159 160 160 161 161 161 163
79 79 79 116 116 116 116 116 116 116 116 116 116 116 116 116 116 116 116 116 117 118 119 120 120 121 122 123 124 125 126 126 127 128 129 130 130 131 132 132 133 134 134 136 137 137 138 138 139 140 140 141 141 142 142 143 144 144 145 145 147 147 148 148 149 149 150 150 150 151 151 152 152 153 153 154 155 155 156 156 157 157 157 158 158 159 159 159 160 160 160 161 161 162
79 79 79 116 116 116 116 116 116 116 116 116 116 116 116 116 116 116 116 116 116 117 118 119 120 121 122 123 124 125 125 126 127 128 128 129 130 131 131 132 133 133 134 136 136 137 138 138 139 139 140 141 141 142 142 143 143 144 144 145 146 147 147 148 148 149 149 150 150 151 151 152 152 152 153 153 155 155 156 156 156 157 157 158 158 158 159 159 159 160 160 161 161 162
79 79 79 79 116 116 116 116 116 116 116 116 116 116 116 116 116 116 116 116 116 117 118 119 120 121 122 123 123 124 125 126 127 127 128 129 130 130 131 132 132 133 134 135 136 137 137 138 139 139 140 140 141 141 142 143 143 144 144 146 146 147 147 148 148 149 149 150 150 150 151 151 152 152 153 153 155 155 155 156 156 157 157 157 158 158 159 159 159 160 160 160 162 162
79 79 79 79 116 116 116 116 116 116 116 116 116 116 116 116 116 116 116 116 116 116 117 118 119 120 121 122 123 124 125 126 126 127 128 129 129 130 131 132 132 133 134 135 136 136 137 138 138 139 139 140 141 141 142 142 143 143 144 145 146 146 147 147 148 148 149 149 150 150 151 151 152 152 152 153 154 155 155 156 156 156 157 157 158 158 158 159 159 159 160 160 162 162
79 79 79 79 116 116 116 116 116 116 116 116 116 116 116 116 116 116 116 116 116 116 117 118 119 120 121 122 123 124 124 125 126 127 128 128 129 130 131 131 132 133 133 135 136 136 137 137 138 139 139 140 140 141 142 142 143 143 144 145 146 146 147 147 148 148 149 149 150 150 151 151 151 152 152 154 154 155 155 155 156 156 157 157 157 158 158 159 159 159 160 160 161 162
79 79 79 79 79 116 116 116 116 116 116 116 116 116 116 116 116 116 116 116 116 116 117 118 119 120 121 121 122 123 124 125 126 127 127 128 129 130 130 131 132 132 133 135 135 136 137 137 138 138 139 140 140 141 141 142 142 143 143 145 145 146 146 147 147 148 148 149 149 150 150 151 151 152 152 154 154 154 155 155 156 156 156 157 157 158 158 158 159 159 159 160 161 162
13 13 79 79 79 116 116 116 116 116 116 116 116 116 116 116 116 116 116 116 116 116 116 117 118 119 120 121 122 123 124 125 125 126 127 128 129 129 130 131 131 132 134 134 135 136 136 137 138 138 139 139 140 140 141 142 142 143 143 145 145 146 146 147 147 148 148 149 149 150 150 151 151 151 152 153 154 154 155 155 155 156 156 157 157 157 158 158 159 159 159 161 161 161
13 13 13 13 13 116 116 116 116 116 116 116 116 116 116 116 116 116 116 116 116 116 116 117 118 119 120 121 122 123 123 124 125 126 127 127 128 129 130 130 131 132 133 134 135 135 136 137 137 138 138 139 140 140 141 141 142 142 143 144 145 146 146 147 147 148 148 148 149 149 150 150 151 151 152 153 154 154 154 155 155 156 156 156 157 157 158 158 158 159 159 160 161 161
13 13 13 13 13 13 50 50 50 116 116 116 116 116 116 116 116 116 116 116 116 116 116 117 118 119 119 120 121 122 123 124 125 126 126 127 128 129 129 130 131 131 133 134 134 135 136 136 137 138 138 139 139 140 141 141 142 142 144 144 145 145 146 146 147 147 148 148 149 149 150 150 151 151 151 153 153 154 154 155 155 155 156 156 157 157 157 158 158 158 159 160 161 161
13 13 13 13 13 13 50 50 50 50 50 50 50 116 116 116 116 116 116 116 116 116 116 116 117 118 119 120 121 122 123 124 124 125 126 127 128 128 129 130 131 131 133 134 134 135 136 136 137 137 138 139 139 140 140 141 141 142 143 144 145 145 146 146 147 147 148 148 148 149 149 150 150 151 151 153 153 154 154 154 155 155 156 156 156 157 157 158 158 158 159 160 160 161
13 13 13 13 13 13 50 50 50 50 50 50 50 50 50 50 50 116 116 116 116 116 116 116 117 118 119 120 121 122 122 123 124 125 126 127 127 128 129 129 130 131 133 133 134 135 135 136 136 137 138 138 139 139 140 141 141 142 143 144 144 145 145 146 146 147 147 148 148 149 149 150 150 151 152 152 153 153 154 154 155 155 155 156 156 157 157 157 158 158 158 160 160 161
13 13 13 13 13 13 13 50 50 50 50 50 50 50 50 50 50 50 50 50 50 116 116 116 116 117 118 119 120 121 122 123 124 125 125 126 127 128 128 129 130 131 132 133 134 134 135 136 136 137 137 138 139 139 140 140 141 141 143 144 144 145 145 146 146 147 147 148 148 149 149 149 150 150 152 152 153 153 154 154 154 155 155 156 156 156 157 157 158 158 158 160 160 160
13 13 13 13 13 13 13 50 50 50 50 50 50 50 50 50 50 50 50 50 50 50 50 50 50 51 52 119 120 121 122 123 123 124 125 126 127 127 128 129 130 130 132 133 133 134 135 135 136 137 137 138 138 139 140 140 141 141 143 143 144 144 145 145 146 146 147 147 148 148 149 149 150 150 152 152 152 153 153 154 154 155 155 155 156 156 157 157 157 158 159 159 160 160
13 13 13 13 13 13 13 13 50 50 50 50 50 50 50 50 50 50 50 50 50 50 50 50 50 51 52 53 54 54 55 56 57 124 125 126 126 127 128 129 129 131 132 132 133 134 134 135 136 136 137 138 138 139 139 140 140 141 143 143 144 144 145 145 146 146 147 147 148 148 149 149 149 150 151 152 152 153 153 154 154 154 155 155 156 156 156 157 91 91 93 93 94 94
13 13 13 13 13 13 13 13 50 50 50 50 50 50 50 50 50 50 50 50 50 50 50 50 50 50 51 52 53 54 55 56 57 58 58 59 60 61 62 62 63 131 131 132 133 133 134 135 135 136 137 137 138 138 139 140 140 142 142 143 143 144 144 145 145 146 146 147 147 148 148 149 149 150 151 152 152 152 153 153 88 88 89 89 89 90 90 91 91 91 93 93 93 94
13 13 13 13 13 13 13 13 50 50 50 50 50 50 50 50 50 50 50 50 50 50 50 50 50 50 51 52 53 54 55 55 56 57 58 59 60 60 61 62 63 64 65 66 66 67 68 68 69 70 70 71 72 72 73 73 74 75 76 77 77 78 78 79 79 80 80 81 81 82 82 83 83 83 85 85 86 86 87 87 87 88 88 89 89 90 90 90 91 91 92 93 93 94
13 13 13 13 13 13 13 13 13 50 50 50 50 50 50 50 50 50 50 50 50 50 50 50 50 50 50 51 52 53 54 55 56 57 58 59 59 60 61 62 62 64 65 66 66 67 68 68 69 69 70 71 71 72 72 73 74 75 76 76 77 77 78 78 79 79 80 80 81 81 82 82 83 84 85 85 86 86 86 87 87 88 88 89 89 89 90 90 90 91 92 93 93 93
13 13 13 13 13 13 13 13 13 50 50 50 50 50 50 50 50 50 50 50 50 50 50 50 50 50 50 51 52 53 54 55 56 57 57 58 59 60 61 61 62 64 64 65 66 67 67 68 69 69 70 70 71 72 72 73 73 75 75 76 77 77 78 78 79 79 80 80 81 81 82 82 83 84 84 85 85 86 86 87 87 87 88 88 89 89 89 90 90 91 92 92 93 93
13 13 13 13 13 13 13 13 13 50 50 50 50 50 50 50 50 50 50 50 50 50 50 50 50 50 50 51 52 53 53 54 55 56 57 58 59 59 60 61 62 63 64 65 66 66 67 68 68 69 70 70 71 71 72 73 73 75 75 76 76 77 77 78 78 79 79 80 80 81 81 82 82 84 84 85 85 86 86 86 87 87 88 88 88 89 89 90 90 91 92 92 93 93
13 13 13 13 13 13 13 13 13 13 50 50 50 50 50 50 50 50 50 50 50 50 50 50 50 50 50 50 51 52 53 54 55 56 57 57 58 59 60 61 61 63 64 65 65 66 67 67 68 69 69 70 70 71 72 72 73 74 75 76 76 77 77 78 78 79 79 80 80 81 81 82 82 84 84 84 85 85 86 86 87 87 87 88 88 89 89 89 90 91 92 92 92 93
13 13 13 13 13 13 13 13 13 13 50 50 50 50 50 50 50 50 50 50 50 50 50 50 50 50 50 50 51 52 53 54 55 55 56 57 58 59 60 60 61 63 64 64 65 66 66 67 68 68 69 70 70 71 71 72 73 74 75 75 76 76 77 77 78 78 79 79 80 80 81 81 82 83 84 84 85 85 86 86 86 87 87 88 88 88 89 89 90 91 91 92 92 93
13 13 13 13 13 13 13 13 13 13 13 50 50 50 50 50 50 50 50 50 50 50 50 50 50 50 50 50 50 51 52 53 54 55 56 57 58 58 59 60 62 62 63 64 65 65 66 67 67 68 69 69 70 71 71 72 72 74 74 75 76 76 77 77 78 78 79 79 80 80 81 81 82 83 84 84 84 85 85 86 86 87 87 87 88 88 89 89 89 91 91 92 92 92
13 13 13 13 13 13 13 13 13 13 13 50 50 50 50 50 50 50 50 50 50 50 50 50 50 50 50 50 50 51 52 53 54 55 56 56 57 58 59 60 61 62 63 64 64 65 66 66 67 68 68 69 70 70 71 71 73 74 74 75 75 76 76 77 77 78 78 79 79 80 80 81 81 83 83 84 84 85 85 85 86 86 87 87 88 88 88 89 89 91 91 91 92 92
13 13 13 13 13 13 13 13 13 13 13 50 50 50 50 50 50 50 50 50 50 50 50 50 50 50 50 50 50 50 51 52 53 54 55 56 57 58 58 59 61 62 63 63 64 65 65 66 67 67 68 69 69 70 71 71 73 73 74 74 75 76 76 77 77 78 78 79 79 80 80 81 81 83 83 83 84 84 85 85 86 86 87 87 87 88 88 89 89 90 91 91 91 92
13 13 13 13 13 13 13 13 13 13 13 13 50 50 50 50 50 50 50 50 50 50 50 50 50 50 50 50 50 50 51 52 53 54 55 56 56 57 58 59 61 61 62 63 64 64 65 66 66 67 68 68 69 70 70 71 72 73 74 74 75 75 76 76 77 77 78 78 79 79 80 80 82 82 83 83 84 84 85 85 85 86 86 87 87 88 88 88 89 90 91 91 91 92
13 13 13 13 13 13 13 13 13 13 13 13 50 50 50 50 50 50 50 50 50 50 50 50 50 50 50 50 50 50 51 52 53 53 54 55 56 57 58 59 60 61 62 63 63 64 65 65 66 67 67 68 69 69 70 71 72 73 73 74 74 75 76 76 77 77 78 78 79 79 80 80 82 82 83 83 83 84 84 85 85 86 86 86 87 87 88 88 89 90 90 91 91 91
13 13 13 13 13 13 13 13 13 13 13 13 13 50 50 50 50 50 50 50 50 50 50 50 50 50 50 50 50 50 50 51 52 53 54 55 56 57 57 58 60 61 62 62 63 64 64 65 66 66 67 68 68 69 70 70 72 72 73 74 74 75 75 76 76 77 77 78 78 79 79 80 81 82 82 83 83 84 84 85 85 85 86 86 87 87 87 88 89 90 90 90 91 91
13 13 13 13 13 13 13 13 13 13 13 13 13 50 50 50 50 50 50 50 50 50 50 50 50 50 50 50 50 50 50 51 52 53 54 54 55 56 57 58 60 60 61 62 63 63 64 65 65 66 67 67 68 69 69 70 72 72 73 73 74 74 75 76 76 77 77 78 78 79 79 80 81 82 82 82 83 83 84 84 85 85 86 86 86 87 87 88 89 89 90 90 91 91
13 13 13 13 13 13 13 13 13 13 13 13 13 50 50 50 50 50 50 50 50 50 50 50 50 50 50 50 50 50 50 50 51 52 53 54 55 56 57 57 59 60 61 62 62 63 64 64 65 66 67 67 68 68 69 70 71 72 72 73 74 74 75 75 76 76 77 77 78 78 79 79 81 81 82 82 83 83 84 84 84 85 85 86 86 87 87 87 89 89 90 90 90 91
13 13 13 13 13 13 13 13 13 13 13 13 13 13 50 50 50 50 50 50 50 50 50 50 50 50 50 50 50 50 50 50 51 52 53 54 55 55 56 57 59 60 60 61 62 63 63 64 65 66 66 67 67 68 69 69 71 72 72 73 73 74 74 75 76 76 77 77 78 78 79 79 81 81 82 82 82 83 83 84 84 85 85 86 86 86 87 87 89 89 89 90 90 91
13 13 13 13 13 13 13 13 13 13 13 13 13 13 50 50 50 50 50 50 50 50 50 50 50 50 50 50 50 50 50 50 50 51 52 53 54 55 56 57 59 59 60 61 62 62 63 64 65 65 66 67 67 68 68 69 71 71 72 72 73 74 74 75 75 76 76 77 77 78 78 79 80 81 81 82 82 83 83 84 84 84 85 85 86 86 87 87 88 89 89 90 90 90
13 13 13 13 13 13 13 13 13 13 13 13 13 13 13 50 50 50 50 50 50 50 50 50 50 50 50 50 50 50 50 50 50 51 52 53 54 55 55 56 58 59 60 61 61 62 63 63 64 65 66 66 67 67 68 69 70 71 72 72 73 73 74 74 75 75 76 77 77 78 78 79 80 81 81 81 82 82 83 83 84 84 85 85 85 86 86 87 88 89 89 89 90 90
13 13 13 13 13 13 13 13 13 13 13 13 13 13 13 50 50 50 50 50 50 50 50 50 50 50 50 50 50 50 50 50 50 50 51 52 53 54 55 57 58 59 59 60 61 62 62 63 64 65 65 66 67 67 68 68 70 71 71 72 72 73 74 74 75 75 76 76 77 77 78 78 80 80 81 81 82 82 83 83 83 84 84 85 85 86 86 86 88 88 89 89 89 90
13 13 13 13 13 13 13 13 13 13 13 13 13 13 13 13 50 50 50 50 50 50 50 50 50 50 50 50 50 50 50 50 50 50 51 52 53 54 55 57 57 58 59 60 61 61 62 63 63 64 65 66 66 67 67 68 70 70 71 72 72 73 73 74 74 75 75 76 76 77 78 78 80 80 80 81 81 82 82 83 83 84 84 85 85 85 86 86 88 88 88 89 89 90
13 13 13 13 13 13 13 13 13 13 13 13 13 13 13 13 50 50 50 50 50 50 50 50 50 50 50 50 50 50 50 50 50 50 51 51 52 53 54 56 57 58 59 59 60 61 62 62 63 64 65 65 66 67 67 69 69 70 71 71 72 72 73 74 74 75 75 76 76 77 77 78 79 80 80 81 81 82 82 83 83 83 84 84 85 85 86 86 87 88 88 89 89 89
13 13 13 13 13 13 13 13 13 13 13 13 13 13 13 13 50 50 50 50 50 50 50 50 50 50 50 50 50 50 50 50 50 50 50 51 52 53 54 56 57 57 58 59 60 61 61 62 63 63 64 65 66 66 67 68 69 70 70 71 72 72 73 73 74 74 75 75 76 76 77 77 79 79 80 80 81 81 82 82 83 83 84 84 84 85 85 86 87 88 88 88 89 89
