testData/tiles/oneDegree/grid33.0-21.0-34.0-22.0.asc
ncols   200
nrows   200
xllcorner   33.0
yllcorner   21.0
cellsize   0.005
NODATA_value   -9999.0
[rows 126 to 167 of 200, columns 94 to 187 of 200]
328 329 331 334 336 337 339 340 341 343 344 346 347 348 349 350 351 352 354 355 376 376 377 378 379 379 380 381 382 383 384 323 324 324 325 325 325 327 327 327 327 328 328 328 328 328 328 328 329 329 329 329 329 329 329 329 328 328 328 328 327 328 328 328 328 327 327 326 326 325 325 324 324 323 322 321 321 320 320 319 318 317 316 315 314 313 312 311 309 308 307 305 304 303
327 330 332 334 335 337 338 339 342 343 344 345 346 347 348 350 351 352 353 374 375 375 376 377 379 379 380 381 382 383 383 323 323 324 325 325 325 326 326 326 326 327 327 328 328 328 328 328 328 328 328 328 328 328 328 329 328 328 328 328 328 328 328 327 327 327 326 326 325 324 325 324 324 323 322 321 321 320 319 318 317 316 315 314 313 312 311 310 309 307 306 305 303 303
327 330 332 333 335 336 338 340 341 342 343 344 345 348 349 349 350 351 372 373 374 376 376 377 378 379 380 381 381 383 383 323 323 323 324 324 324 325 325 326 326 327 327 327 327 327 327 327 327 327 328 328 328 328 328 328 327 328 328 328 327 327 327 327 327 327 326 326 325 325 324 323 323 322 321 321 320 319 318 317 316 315 316 315 313 312 311 310 309 308 306 305 304 302
329 330 332 333 335 336 338 339 340 341 342 345 346 347 348 349 350 370 371 373 374 375 375 377 378 378 379 381 381 382 382 322 322 322 323 323 324 325 325 325 325 326 326 326 326 326 327 327 327 327 327 327 327 327 328 328 327 327 328 328 327 327 327 326 326 326 325 325 324 324 323 322 322 321 321 321 320 319 318 317 317 316 315 314 313 312 310 309 308 307 306 304 303 301
330 332 333 335 336 337 339 340 341 342 344 345 346 347 348 349 370 370 371 372 374 375 375 376 377 378 379 380 380 381 381 321 321 322 323 323 323 324 324 324 324 325 325 326 326 326 326 326 326 326 326 327 327 327 327 328 327 327 327 327 326 326 326 325 325 325 324 324 323 324 323 322 322 321 320 320 319 318 317 316 316 315 314 313 312 311 310 308 307 306 306 304 303 302
331 333 334 336 337 339 340 341 342 344 345 346 347 348 349 370 371 372 373 374 375 376 376 377 378 378 379 380 380 381 381 321 321 321 322 322 322 323 323 323 323 325 325 325 325 325 325 325 326 326 326 326 327 327 327 327 326 326 326 326 325 325 325 324 324 325 324 324 323 323 322 321 321 320 319 319 318 317 316 316 315 314 313 313 312 311 310 309 307 306 305 304 302 301
333 334 336 337 338 340 341 342 344 345 346 347 348 349 370 371 372 374 374 375 376 377 377 378 379 379 380 381 381 382 382 322 322 322 323 323 323 324 324 324 324 325 325 325 325 326 326 326 326 326 326 326 326 326 326 326 325 325 325 325 324 324 325 324 324 324 323 323 322 322 321 320 320 319 318 318 317 316 315 316 315 314 313 312 311 310 309 308 307 305 304 303 301 301
334 335 337 338 340 341 342 343 345 346 347 348 349 350 371 373 374 375 375 376 377 378 378 379 380 380 381 382 382 383 383 323 323 323 324 324 324 325 325 325 325 326 326 327 327 327 327 327 327 327 327 327 327 327 327 327 326 326 326 326 325 325 325 324 324 324 323 323 322 322 321 320 320 319 318 318 317 316 315 315 314 313 312 311 310 309 308 307 307 305 304 303 302 300
335 337 338 339 341 342 343 345 346 347 348 349 350 372 373 374 375 376 376 377 378 379 379 380 381 381 382 383 383 384 384 384 324 324 325 325 325 326 326 326 327 327 328 328 328 328 328 328 328 328 328 328 328 328 328 327 327 327 327 327 326 326 326 325 325 324 324 324 323 323 322 321 321 320 319 319 318 317 316 316 315 314 313 313 312 311 310 309 308 307 305 304 303 301
336 338 339 341 342 343 344 346 347 348 349 351 372 373 374 375 376 377 378 378 379 380 380 381 382 382 383 383 384 385 385 385 325 325 326 326 326 327 328 328 328 328 329 329 329 329 329 329 329 329 329 329 329 329 329 328 328 328 328 328 327 327 327 326 326 325 325 325 324 323 323 322 322 321 320 320 319 318 319 318 317 316 315 314 313 312 311 310 309 308 306 305 304 303
337 339 340 342 343 344 346 347 348 350 351 372 373 374 375 376 377 378 378 379 380 381 381 382 383 383 384 384 385 385 386 386 326 326 327 327 328 328 329 329 329 329 329 330 330 330 330 330 330 330 330 330 330 330 329 329 329 329 329 328 328 328 328 327 327 326 326 325 325 324 324 323 323 322 321 322 321 320 319 319 318 317 316 315 314 313 312 311 310 309 308 306 305 304
339 340 341 343 344 345 347 349 350 351 372 373 374 375 376 377 378 379 379 380 381 382 382 383 384 384 385 385 386 386 387 387 327 327 328 329 329 329 330 330 330 330 330 331 331 331 331 331 331 331 331 331 331 331 330 330 330 330 330 329 329 329 328 328 328 327 327 326 326 325 325 325 325 324 323 323 322 321 320 320 319 318 317 316 315 314 313 312 311 310 309 307 306 305
340 341 343 344 345 346 349 350 351 352 373 374 375 376 377 378 379 380 380 381 382 383 383 384 385 385 386 386 387 387 388 389 329 329 329 330 330 330 331 331 331 331 331 331 332 332 332 332 332 332 332 332 332 331 331 331 331 331 331 330 330 330 329 329 329 328 328 328 328 327 327 326 326 325 324 324 323 322 321 321 320 319 318 317 316 315 314 313 312 311 310 308 307 306
341 342 344 345 347 349 350 351 352 373 374 375 376 377 378 379 380 381 381 382 383 384 384 385 386 386 387 387 388 389 390 390 330 330 330 331 331 331 331 332 332 332 332 332 332 333 333 333 333 333 333 333 332 332 332 332 332 332 331 331 331 331 330 330 331 330 330 329 329 328 328 327 327 326 325 325 324 323 322 322 321 320 319 318 317 316 315 314 313 312 311 310 308 307
342 343 346 347 348 350 351 352 373 374 375 376 377 378 379 380 381 382 382 383 384 385 385 386 386 387 388 389 390 390 391 391 330 331 331 331 332 332 332 333 333 333 333 333 333 333 333 333 333 333 333 333 333 333 333 333 333 333 332 332 332 332 332 332 331 331 331 330 330 329 329 328 327 327 326 326 325 324 323 323 322 321 320 319 318 317 316 315 314 313 312 311 309 308
343 345 347 348 349 351 352 373 374 375 376 377 378 379 380 381 382 383 383 384 385 385 386 387 387 389 390 390 391 391 391 392 331 332 332 332 333 333 333 333 334 334 334 334 334 334 334 334 334 334 334 334 334 334 334 334 334 333 334 334 334 333 333 333 332 332 331 331 331 330 330 329 328 328 327 326 326 325 324 324 323 322 321 320 319 318 317 316 315 314 313 312 310 309
345 347 348 349 350 352 373 374 375 376 377 378 379 380 381 382 383 383 384 385 386 386 387 389 389 390 390 391 391 392 392 393 332 333 333 333 334 334 334 334 334 335 335 335 335 335 335 335 335 335 335 335 335 335 335 336 335 335 335 335 335 334 334 334 333 333 332 332 331 331 330 330 329 329 328 327 327 326 325 324 324 323 322 321 320 319 318 317 316 315 314 313 311 310
346 348 349 350 351 353 374 375 376 377 378 379 380 381 382 383 384 384 385 386 387 387 389 390 390 391 391 392 392 393 393 394 333 333 334 334 334 335 335 335 335 335 336 336 336 336 336 336 336 336 336 336 336 337 337 336 336 336 336 336 335 335 335 334 334 334 333 333 332 332 331 331 330 330 329 328 328 327 326 325 325 324 323 322 321 320 319 318 317 316 315 314 312 311
347 349 350 351 352 374 375 376 377 378 379 380 381 382 383 384 385 385 386 387 389 389 390 390 391 392 392 393 393 394 394 395 334 334 335 335 335 336 336 336 336 336 336 337 337 337 337 337 337 337 338 338 338 338 337 337 337 337 337 337 336 336 336 335 335 335 334 334 333 333 332 332 331 330 330 329 329 328 327 326 326 325 324 323 322 321 320 319 318 317 316 315 313 312
348 350 351 352 373 375 376 377 378 379 380 381 382 383 384 385 385 386 388 389 389 390 391 391 392 393 393 394 394 395 395 395 335 335 335 336 336 336 337 337 337 337 337 337 338 338 338 338 339 339 339 339 339 338 338 338 338 338 338 337 337 337 336 336 336 335 335 335 334 334 333 333 332 331 331 330 329 329 328 327 326 326 325 324 323 322 321 320 319 318 317 316 314 313
349 351 352 373 374 376 377 378 379 380 381 382 383 384 385 386 387 388 389 390 390 391 392 392 393 393 394 394 395 395 396 396 336 336 336 337 337 337 337 338 338 338 338 338 338 339 340 340 340 340 340 339 339 339 339 339 339 339 338 338 338 338 337 337 337 336 336 335 335 334 334 333 333 332 332 331 330 330 329 328 327 327 326 325 324 323 322 321 320 319 318 317 315 314
350 352 353 374 375 377 378 379 380 381 382 383 384 385 387 387 388 389 390 390 391 392 392 393 394 394 395 395 396 396 397 397 336 337 337 337 338 338 338 338 339 339 339 340 340 340 340 340 340 340 340 340 340 340 340 340 340 339 339 339 339 338 338 338 337 337 337 336 336 335 335 334 334 333 332 332 331 330 330 329 328 327 327 326 325 324 323 322 321 321 320 319 317 316
351 353 374 375 376 378 379 380 381 382 383 384 385 387 387 388 389 390 391 391 392 393 393 394 395 395 396 396 397 397 397 398 337 338 338 338 339 339 339 339 339 341 341 341 341 341 341 341 341 341 341 341 341 341 341 341 340 340 340 340 340 339 339 339 338 338 337 337 337 336 336 335 335 334 333 333 332 331 331 330 329 328 327 327 326 326 325 324 323 322 321 320 318 317
352 374 375 376 377 378 380 381 382 383 384 386 387 387 388 389 390 391 391 392 393 394 394 395 395 396 396 397 397 398 398 399 399 338 339 339 339 340 340 341 341 341 342 342 342 342 342 342 342 342 342 342 342 342 342 341 341 341 341 341 340 340 340 339 339 339 338 338 337 337 336 336 335 335 334 334 333 332 331 331 330 330 329 328 328 327 326 325 324 323 322 320 319 318
373 375 376 377 378 379 380 382 383 384 386 387 387 388 389 390 391 392 392 393 394 394 395 396 396 397 397 398 398 399 399 400 400 339 340 340 340 341 342 342 342 342 342 343 343 343 343 343 343 343 343 343 343 343 342 342 342 342 342 341 341 341 341 340 340 340 339 339 338 338 337 337 336 336 335 334 334 334 333 333 332 331 330 329 328 328 327 326 325 324 322 321 320 319
374 376 377 378 379 380 381 382 385 386 386 387 388 389 390 391 392 392 393 394 395 395 396 396 397 398 398 399 399 399 400 400 401 340 340 342 342 342 342 343 343 343 343 343 343 343 344 344 344 344 344 343 343 343 343 343 343 343 342 342 342 342 341 341 341 340 340 339 339 339 338 338 337 336 337 336 336 335 334 333 333 332 331 330 329 328 327 327 326 324 323 322 321 320
375 376 378 379 380 381 382 384 385 386 387 388 389 390 391 392 393 393 394 395 395 396 397 397 398 398 399 399 400 400 401 401 401 342 342 342 343 343 343 343 344 344 344 344 344 344 344 344 344 344 344 344 344 344 344 344 344 343 343 343 343 342 342 342 341 341 341 340 340 339 340 339 339 338 338 337 336 336 335 334 334 333 332 331 330 329 328 327 326 325 324 323 322 321
278 279 281 282 283 285 286 287 288 289 290 291 390 391 392 393 393 394 395 396 396 397 397 398 399 399 400 400 401 401 402 403 403 343 343 343 344 344 344 344 344 345 345 345 345 345 345 345 345 345 345 345 345 345 345 345 344 344 344 344 344 343 343 343 342 342 342 342 342 341 341 340 340 339 338 338 337 337 336 335 334 334 333 332 331 330 329 328 327 326 325 324 323 322
279 280 282 283 285 286 287 288 289 290 291 292 293 294 295 295 296 297 298 298 299 300 300 301 301 302 302 303 303 305 305 404 404 343 344 344 344 345 345 345 345 345 346 346 346 346 346 346 346 346 346 346 346 346 346 345 345 345 345 345 344 344 344 343 344 344 343 343 342 342 341 341 340 340 339 339 338 337 337 336 335 334 334 333 332 331 330 329 328 327 326 325 324 323
280 281 283 285 286 287 288 289 290 291 292 293 294 295 295 296 297 298 298 299 300 300 301 302 302 303 303 305 305 306 306 306 307 246 247 247 247 247 248 248 248 248 248 248 248 249 249 249 249 249 249 249 248 248 248 248 248 346 346 345 345 345 346 345 345 344 344 344 343 343 342 342 341 341 340 339 339 338 337 337 336 335 334 334 333 332 331 330 329 328 327 326 325 324
281 283 284 286 287 288 289 290 291 292 293 294 295 295 296 297 298 299 299 300 301 301 302 302 303 304 305 306 306 306 307 307 308 247 247 248 248 248 248 249 249 249 249 249 249 249 249 249 249 249 249 249 249 249 249 249 249 249 248 249 249 249 248 248 248 247 247 246 246 246 245 245 244 243 243 242 242 241 240 240 239 238 237 236 236 235 234 233 232 231 230 229 228 227
283 284 285 286 288 289 290 291 292 293 294 295 295 296 297 298 299 299 300 301 301 302 303 303 305 305 306 306 307 307 308 308 308 248 248 248 249 249 249 249 249 250 250 250 250 250 250 250 250 250 250 250 250 250 250 250 249 250 250 250 250 249 249 249 248 248 248 247 247 246 246 245 245 244 244 243 242 242 241 240 240 239 238 237 236 236 235 234 233 232 231 230 229 227
284 285 286 287 288 289 291 292 293 293 294 295 296 297 298 299 299 300 301 302 302 303 304 305 306 306 307 307 308 308 308 309 309 248 249 249 249 250 250 250 250 250 251 251 251 251 251 251 251 251 251 251 251 251 252 251 251 251 251 251 250 250 250 249 249 249 248 248 248 247 247 246 246 245 244 244 243 243 242 241 240 240 239 238 237 236 235 234 234 233 232 230 229 228
285 286 287 288 289 290 291 292 293 294 295 296 297 298 299 299 300 301 302 302 303 305 305 306 306 307 307 308 308 309 309 309 310 249 250 250 250 250 251 251 251 251 251 251 251 252 252 252 252 252 252 252 252 252 252 252 252 252 252 251 251 251 251 250 250 249 249 249 248 248 247 247 246 246 245 245 244 243 243 242 241 240 240 239 238 237 236 235 234 233 232 231 230 229
285 287 288 289 290 291 292 293 294 295 296 297 298 299 299 300 301 302 302 304 305 305 306 307 307 308 308 309 309 309 310 310 311 250 250 251 251 251 251 251 252 252 252 252 252 252 252 252 252 252 253 253 253 253 253 253 253 252 252 252 252 252 251 251 251 250 250 249 249 249 248 248 247 247 246 245 245 244 243 243 242 241 240 240 239 238 237 236 235 234 233 232 231 230
286 287 289 290 291 292 293 294 295 296 297 298 299 299 300 301 302 302 304 305 305 306 307 307 308 308 309 309 310 310 311 311 311 251 251 251 252 252 252 252 252 253 253 253 253 253 253 253 254 254 254 254 254 254 254 254 253 253 253 253 253 252 252 252 251 251 251 250 250 249 249 248 248 247 247 246 245 245 244 243 243 242 241 240 240 239 238 237 236 235 234 233 232 231
287 288 289 291 292 293 294 295 296 297 298 299 299 300 301 302 303 304 305 306 306 307 307 308 309 309 310 310 310 311 311 312 312 251 252 252 252 252 253 253 253 253 253 254 254 254 255 255 255 255 255 255 255 255 254 254 254 254 254 253 253 253 253 252 252 252 251 251 250 250 250 249 249 248 247 247 246 246 245 244 243 243 242 241 240 240 239 238 237 236 235 234 233 232
288 289 290 291 293 294 295 296 297 297 298 299 300 301 302 304 304 305 306 306 307 308 308 309 309 310 310 311 311 312 312 312 313 252 252 253 253 253 253 254 254 254 254 254 255 255 255 255 255 255 255 255 255 255 255 255 255 255 254 254 254 254 253 253 253 252 252 252 251 251 250 250 249 249 248 248 247 246 246 245 244 244 243 242 241 240 239 238 238 237 236 235 235 233
289 290 291 292 293 294 295 296 297 298 299 300 301 303 304 304 305 306 306 307 308 308 309 309 310 311 311 311 312 312 313 313 313 253 253 253 254 254 254 254 255 255 256 256 256 256 256 256 256 256 256 256 256 256 256 256 256 255 255 255 255 254 254 254 253 253 253 252 252 251 251 251 250 249 249 248 248 247 246 246 245 244 244 243 242 241 240 240 239 238 237 236 235 234
290 291 292 293 294 295 296 297 298 299 300 301 303 303 304 305 306 306 307 308 308 309 310 310 311 311 312 312 313 313 313 314 314 253 254 254 254 255 255 255 256 256 257 257 257 257 257 257 257 257 257 257 257 257 257 256 256 256 256 256 255 255 255 254 254 254 253 253 253 252 252 251 251 250 250 249 248 248 247 246 246 245 244 243 244 243 242 241 240 239 238 237 236 235
290 292 293 294 295 296 297 298 299 300 302 303 303 304 305 306 306 307 308 309 309 310 310 311 311 312 312 313 313 314 314 315 315 254 255 255 255 255 257 257 257 257 257 257 257 257 258 258 258 258 258 257 257 257 257 257 257 257 257 256 256 256 256 255 255 255 254 254 253 253 252 252 251 251 250 250 249 249 248 247 247 247 246 245 244 244 243 242 241 240 239 238 237 237
291 292 294 295 296 297 298 299 300 302 302 303 304 305 306 306 307 308 309 309 310 310 311 312 312 313 313 314 314 314 315 315 316 255 255 255 257 257 257 257 258 258 258 258 258 258 258 258 258 258 258 258 258 258 258 258 258 257 257 257 257 256 256 256 256 255 255 254 254 254 253 253 252 252 251 250 250 250 250 249 248 247 247 246 245 244 243 243 242 241 240 239 239 238
