testData/tiles/oneDegree/grid37.0-5.0-38.0-6.0.asc
ncols   200
nrows   200
xllcorner   37.0
yllcorner   5.0
cellsize   0.005
NODATA_value   -9999.0
[rows 0 to 41 of 200, columns 0 to 93 of 200]
41 41 41 41 41 41 41 41 41 41 41 41 41 41 41 41 41 41 41 41 41 41 41 41 41 41 41 41 41 41 41 41 41 41 41 41 41 41 41 41 41 41 41 41 41 40 40 40 40 40 40 40 40 40 40 40 40 40 40 40 40 51 51 51 51 51 51 51 51 51 51 51 52 52 53 53 54 54 55 55 55 56 56 57 57 57 58 58 58 59 59 59 60 60
41 41 41 41 41 41 41 41 41 41 41 41 41 41 41 41 41 41 41 41 41 41 41 41 41 41 41 41 41 41 41 41 41 41 41 41 41 41 40 40 40 40 40 40 40 40 40 40 40 40 40 40 40 40 40 40 40 40 40 40 51 51 51 51 51 51 51 51 51 51 51 51 52 52 53 53 54 54 55 55 56 56 56 57 57 57 58 58 58 59 59 59 60 60
41 41 41 41 41 41 41 41 41 41 41 41 41 41 41 41 41 41 41 41 41 41 41 41 41 41 41 41 41 41 41 40 40 40 40 40 40 40 40 40 40 40 40 40 40 40 40 40 40 40 40 40 40 40 40 40 40 40 40 40 51 51 51 51 51 51 51 51 51 51 51 52 52 53 53 54 54 54 55 55 56 56 56 57 57 57 58 58 58 59 59 59 60 60
41 41 41 41 41 41 41 41 41 41 41 41 41 41 41 41 41 41 41 41 41 40 40 40 40 40 40 40 40 40 40 40 40 40 40 40 40 40 40 40 40 40 40 40 40 40 40 40 40 40 40 40 40 40 40 40 40 40 40 40 51 51 51 51 51 51 51 51 51 51 51 52 52 53 53 54 54 54 55 55 56 56 56 57 57 57 58 58 58 59 59 59 60 60
40 40 40 40 40 40 40 40 40 40 40 40 40 40 40 40 40 40 40 40 40 40 40 40 40 40 40 40 40 40 40 40 40 40 40 40 40 40 40 40 40 40 40 40 40 40 40 40 40 40 40 40 40 40 40 40 40 40 40 40 51 51 51 51 51 51 51 51 51 51 51 52 52 53 53 54 54 55 55 55 56 56 56 57 57 58 58 58 59 59 59 59 60 60
40 40 40 40 40 40 40 40 40 40 40 40 40 40 40 40 40 40 40 40 40 40 40 40 40 40 40 40 40 40 40 40 40 40 40 40 40 40 40 40 40 40 40 40 40 40 40 40 40 40 40 40 40 40 40 40 40 40 40 40 51 51 51 51 51 51 51 51 51 51 51 52 52 53 53 54 54 55 55 55 56 56 57 57 57 58 58 58 59 59 59 59 60 60
40 40 40 40 40 40 40 40 40 40 40 40 40 40 40 40 40 40 40 40 40 40 40 40 40 40 40 40 40 40 40 40 40 40 40 40 40 40 40 40 40 40 40 40 40 40 40 40 40 40 40 40 40 40 40 40 40 40 40 40 51 51 51 51 51 51 51 51 51 51 51 52 52 53 53 54 54 55 55 55 56 56 57 57 57 58 58 58 59 59 59 60 60 60
40 40 40 40 40 40 40 40 40 40 40 40 40 40 40 40 40 40 40 40 40 40 40 40 40 40 40 40 40 40 40 40 40 40 40 40 40 40 40 40 40 40 40 40 40 40 40 40 40 40 40 40 40 40 40 40 40 40 40 51 51 51 51 51 51 51 51 51 51 51 51 52 52 53 53 54 54 55 55 56 56 56 57 57 57 58 58 58 59 59 59 60 60 60
40 40 40 40 40 40 40 40 40 40 40 40 40 40 40 40 40 40 40 40 40 40 40 40 40 40 40 40 40 40 40 40 40 40 40 40 40 40 40 40 40 40 40 40 40 40 40 40 40 40 40 40 40 40 40 40 171 40 40 51 51 51 51 51 51 51 51 51 51 51 52 52 53 53 53 54 54 55 55 56 56 56 57 57 57 58 58 58 59 59 59 60 60 60
40 40 40 40 40 40 40 40 40 40 40 40 40 40 40 40 40 40 40 40 40 40 40 40 40 40 40 40 40 40 40 40 40 40 40 40 40 171 171 171 171 171 171 171 171 171 171 171 171 171 171 171 171 171 171 171 171 171 171 182 182 182 182 182 182 182 182 182 182 182 183 183 184 184 185 185 54 55 55 56 56 56 57 57 57 58 58 58 59 59 59 60 60 60
40 40 40 40 40 40 40 40 40 40 40 40 40 40 40 40 40 40 40 40 40 40 40 40 40 40 40 40 40 40 171 171 171 171 171 171 171 171 171 171 171 171 171 171 171 171 171 171 171 171 171 171 171 171 171 171 171 171 171 182 182 182 182 182 182 182 182 182 182 182 183 183 184 184 185 185 186 186 186 187 187 187 188 57 58 58 58 59 59 59 59 60 60 60
40 40 40 40 40 40 40 40 40 40 40 40 40 40 40 40 40 40 40 40 40 40 40 40 171 171 171 171 171 171 171 171 171 171 171 171 171 171 171 171 171 171 171 171 171 171 171 171 171 171 171 171 171 171 171 171 171 171 171 182 182 182 182 182 182 182 182 182 182 182 183 183 184 184 185 185 186 186 186 187 187 188 188 188 189 189 189 190 190 59 59 60 60 60
40 40 40 40 40 40 40 40 40 40 40 40 40 40 40 40 40 40 40 171 171 171 171 171 171 171 171 171 171 171 171 171 171 171 171 171 171 171 171 171 171 171 171 171 171 171 171 171 171 171 171 171 171 171 171 171 171 171 171 182 182 182 182 182 182 182 182 182 182 182 183 183 184 184 185 185 186 186 186 187 187 188 188 188 189 189 189 190 190 190 191 191 191 191
40 40 40 40 40 40 40 40 40 40 40 40 40 40 171 171 171 171 171 171 171 171 171 171 171 171 171 171 171 171 171 171 171 171 171 171 171 171 171 171 171 171 171 171 171 171 171 171 171 171 171 171 171 171 171 171 171 171 171 182 182 182 182 182 182 182 182 182 182 182 183 183 184 184 185 185 186 186 186 187 187 188 188 188 189 189 189 190 190 190 191 191 191 191
40 40 40 40 40 40 40 40 40 40 171 171 171 171 171 171 171 171 171 171 171 171 171 171 171 171 171 171 171 171 171 171 171 171 171 171 171 171 171 171 171 171 171 171 171 171 171 171 171 171 171 171 171 171 171 171 171 171 182 182 182 182 182 182 182 182 182 182 182 183 183 184 184 184 185 185 186 186 187 187 187 188 188 188 189 189 189 190 190 190 191 191 191 192
40 40 40 40 40 40 40 171 171 171 171 171 171 171 171 171 171 171 171 171 171 171 171 171 171 171 171 171 171 171 171 171 171 171 171 171 171 171 171 171 171 171 171 171 171 171 171 171 171 171 171 171 171 171 171 171 171 171 182 182 182 182 182 182 182 182 182 182 182 183 183 184 184 185 185 185 186 186 187 187 187 188 188 188 189 189 189 190 190 190 191 191 191 192
40 40 40 171 171 171 171 171 171 171 171 171 171 171 171 171 171 171 171 171 171 171 171 171 171 171 171 171 171 171 171 171 171 171 171 171 171 171 171 171 171 171 171 171 171 171 171 171 171 171 171 171 171 171 171 171 171 171 182 182 182 182 182 182 182 182 182 182 182 183 183 184 184 185 185 185 186 186 187 187 187 188 188 188 189 189 189 190 190 190 191 191 191 192
171 171 171 171 171 171 171 171 171 171 171 171 171 171 171 171 171 171 171 171 171 171 171 171 171 171 171 171 171 171 171 171 171 171 171 171 171 171 171 171 171 171 171 171 171 171 171 171 171 171 171 171 171 171 171 171 171 171 182 182 182 182 182 182 182 182 182 182 182 183 183 184 184 185 185 186 186 186 187 187 187 188 188 189 189 189 190 190 190 190 191 191 191 192
171 171 171 171 171 171 171 171 171 171 171 171 171 171 171 171 171 171 171 171 171 171 171 171 171 171 171 171 171 171 171 171 171 171 171 171 171 171 171 171 171 171 171 171 171 171 171 171 171 171 171 171 171 171 171 171 171 171 182 182 182 182 182 182 182 182 182 182 182 183 183 184 184 185 185 186 186 186 187 187 188 188 188 189 189 189 190 190 190 191 191 191 191 192
171 171 171 171 171 171 171 171 171 171 171 171 171 171 171 171 171 171 171 171 171 171 171 171 171 171 171 171 171 171 171 171 171 171 171 171 171 171 171 171 171 171 171 171 171 171 171 171 171 171 171 171 171 171 171 171 171 171 182 182 182 182 182 182 182 182 182 182 182 183 183 184 184 185 185 186 186 186 187 187 188 188 188 189 189 189 190 190 190 191 191 191 191 192
171 171 171 171 171 171 171 171 171 171 171 171 171 171 171 171 171 171 171 171 171 171 171 171 171 171 171 171 171 171 171 171 171 171 171 171 171 171 171 171 171 171 171 171 171 171 171 171 171 171 171 171 171 171 171 171 171 171 182 182 182 182 182 182 182 182 182 182 182 183 183 184 184 185 185 186 186 187 187 187 188 188 188 189 189 189 190 190 190 191 191 191 191 192
171 171 171 171 171 171 171 171 171 171 171 171 171 171 171 171 171 171 171 171 171 171 171 171 171 171 171 171 171 171 171 171 171 171 171 171 171 171 171 171 171 171 171 171 171 171 171 171 171 171 171 171 171 171 171 171 171 182 182 182 182 182 182 182 182 182 182 182 182 183 184 184 184 185 185 186 186 187 187 187 188 188 188 189 189 189 190 190 190 191 191 191 192 192
171 171 171 171 171 171 171 171 171 171 171 171 171 171 171 171 171 171 171 171 171 171 171 171 171 171 171 171 171 171 171 171 171 171 171 171 171 171 171 171 171 171 171 171 171 171 171 171 171 171 171 171 171 171 171 171 171 182 182 182 182 182 182 182 182 182 182 182 183 183 184 184 185 185 185 186 186 187 187 187 188 188 188 189 189 189 190 190 190 191 191 190 191 191
171 171 171 171 171 171 171 171 171 171 171 171 171 171 171 171 171 171 171 171 171 171 171 171 171 171 171 171 171 171 171 171 171 171 171 171 171 171 171 171 171 171 171 171 171 171 171 171 171 171 171 171 171 171 171 171 171 182 182 182 182 182 182 182 182 182 182 182 183 183 184 184 185 185 185 186 186 187 187 187 188 188 188 189 189 189 190 189 189 190 190 190 191 191
171 171 171 171 171 171 171 171 171 171 171 171 171 171 171 171 171 171 171 171 171 171 171 171 171 171 171 171 171 171 171 171 171 171 171 171 171 171 171 171 171 171 171 171 171 171 171 171 171 171 171 171 171 171 171 171 171 182 182 182 182 182 182 182 182 182 182 182 183 183 184 184 185 185 186 186 186 187 187 187 188 188 189 188 188 189 189 189 189 190 190 190 191 191
171 171 171 171 171 171 171 171 171 171 171 171 171 171 171 171 171 171 171 171 171 171 171 171 171 171 171 171 171 171 171 171 171 171 171 171 171 171 171 171 171 171 171 171 171 171 171 171 171 171 171 171 171 171 171 171 171 182 182 182 182 182 182 182 182 182 182 182 183 183 184 184 185 185 186 186 186 187 187 188 187 187 188 188 188 189 189 189 189 190 163 163 164 164
171 171 171 171 171 171 171 171 171 171 171 171 171 171 171 171 171 171 171 171 171 171 171 171 171 171 171 171 171 171 171 171 171 171 171 171 171 171 171 171 171 171 171 171 171 171 171 171 171 171 171 171 171 171 171 171 171 182 182 182 182 182 182 182 182 182 182 182 183 183 184 184 185 185 186 186 185 186 186 187 187 187 188 188 161 162 162 162 163 163 163 163 164 164
171 171 171 171 171 171 171 171 171 171 171 171 171 171 171 171 171 171 171 171 171 171 171 171 171 171 171 171 171 171 171 171 171 171 171 171 171 171 171 171 171 171 171 171 171 171 171 171 171 171 171 171 171 171 171 171 171 182 182 182 182 182 182 182 182 182 182 182 183 183 184 183 184 184 185 185 185 186 159 160 160 160 161 161 161 162 162 162 163 163 163 163 164 164
171 171 171 171 171 171 171 171 171 171 171 171 171 171 171 171 171 171 171 171 171 171 171 171 171 171 171 171 171 171 171 171 171 171 171 171 171 171 171 171 171 171 171 171 171 171 171 171 171 171 171 171 171 171 171 171 171 182 182 182 182 182 182 182 182 182 182 181 182 182 183 156 157 157 158 158 159 159 159 160 160 160 161 161 161 162 162 162 163 163 163 163 164 164
171 171 171 171 171 171 171 171 171 171 171 171 171 171 171 171 171 171 171 171 171 171 171 171 171 171 171 171 171 171 171 171 171 171 171 171 171 171 171 171 171 171 171 171 171 171 171 171 171 171 171 171 171 171 171 171 182 182 182 182 182 182 154 154 154 154 154 154 155 156 156 156 157 157 158 158 159 159 159 160 160 160 161 161 161 162 162 162 163 163 163 164 164 164
171 171 171 171 171 171 171 171 171 171 171 171 171 171 171 171 171 171 171 171 171 171 171 171 171 171 171 171 171 171 171 171 171 171 171 171 171 171 171 171 171 171 171 171 171 171 171 171 171 171 171 144 144 144 144 144 155 154 154 154 154 154 154 154 154 154 154 155 155 156 156 157 157 157 158 158 159 159 159 160 160 160 161 161 161 162 162 162 163 163 163 164 164 164
144 144 144 144 144 144 144 144 144 144 144 144 144 144 144 144 144 144 144 144 144 144 144 144 144 144 144 144 144 144 144 144 144 144 144 144 144 144 144 144 144 144 144 144 144 144 144 144 144 144 144 143 143 143 143 143 154 154 154 154 154 154 154 154 154 154 154 155 155 156 156 157 157 157 158 158 159 159 159 160 160 160 161 161 161 162 162 162 163 163 163 164 164 164
144 144 144 144 144 144 144 144 144 144 144 144 144 144 144 144 144 144 144 144 144 144 144 144 144 144 144 144 144 144 144 144 144 144 144 144 144 144 144 144 144 144 144 144 143 143 143 143 143 143 143 143 143 143 143 143 154 154 154 154 154 154 154 154 154 154 154 155 155 156 156 157 157 157 158 158 159 159 159 160 160 161 161 161 162 162 162 162 163 163 163 164 164 164
144 144 144 144 144 144 144 144 144 144 144 144 144 144 144 144 144 144 144 144 144 144 144 144 144 144 144 144 144 144 144 144 144 144 144 144 143 143 143 143 143 143 143 143 143 143 143 143 143 143 143 143 143 143 143 143 154 154 154 154 154 154 154 154 154 154 154 155 155 156 156 157 157 158 158 158 159 159 160 160 160 161 161 161 162 162 162 163 163 163 163 164 164 164
144 144 144 144 144 144 144 144 144 144 144 144 144 144 144 144 144 144 144 144 144 144 144 144 144 144 143 143 143 143 143 143 143 143 143 143 143 143 143 143 143 143 143 143 143 143 143 143 143 143 143 143 143 143 143 143 154 154 154 154 154 154 154 154 154 154 154 155 155 156 156 157 157 158 158 158 159 159 160 160 160 161 161 161 162 162 162 163 163 163 163 164 164 164
144 144 144 144 144 144 144 144 144 144 143 143 143 143 143 143 143 143 143 143 143 143 143 143 143 143 143 143 143 143 143 143 143 143 143 143 143 143 143 143 143 143 143 143 143 143 143 143 143 143 143 143 143 143 143 143 154 154 154 154 154 154 154 154 154 154 154 155 155 156 156 157 157 158 158 158 159 159 160 160 160 161 161 161 162 162 162 163 163 163 163 164 164 164
143 143 143 143 143 143 143 143 143 143 143 143 143 143 143 143 143 143 143 143 143 143 143 143 143 143 143 143 143 143 143 143 143 143 143 143 143 143 143 143 143 143 143 143 143 143 143 143 143 143 143 143 143 143 143 143 154 154 154 154 154 154 154 154 154 154 154 155 155 156 156 157 157 158 158 158 159 159 160 160 160 161 161 161 162 162 162 163 163 163 163 164 164 164
143 143 143 143 143 143 143 143 143 143 143 143 143 143 143 143 143 143 143 143 143 143 143 143 143 143 143 143 143 143 143 143 143 143 143 143 143 143 143 143 143 143 143 143 143 143 143 143 143 143 143 143 143 143 143 143 154 154 154 154 154 154 154 154 154 154 154 155 155 156 156 157 157 158 158 159 159 159 160 160 160 161 161 161 162 162 162 163 163 163 164 164 164 164
143 143 143 143 143 143 143 143 143 143 143 143 143 143 143 143 143 143 143 143 143 143 143 143 143 143 143 143 143 143 143 143 143 143 143 143 143 143 143 143 143 143 143 143 143 143 143 143 143 143 143 143 143 143 143 143 154 154 154 154 154 154 154 154 154 154 154 155 156 156 156 157 157 158 158 159 159 159 160 160 160 161 161 161 162 162 162 163 163 163 164 164 164 164
143 143 143 143 143 143 143 143 143 143 143 143 143 143 143 143 143 143 143 143 143 143 143 143 143 143 143 143 143 143 143 143 143 143 143 143 143 143 143 143 143 143 143 143 143 143 143 143 143 143 143 143 143 143 143 154 154 154 154 154 154 154 154 154 154 154 155 155 156 156 157 157 157 158 158 159 159 159 160 160 160 161 161 161 162 162 162 163 163 163 164 164 164 164
143 143 143 143 143 143 143 143 143 143 143 143 143 143 143 143 143 143 143 143 143 143 143 143 143 143 143 143 143 143 143 143 143 143 143 143 143 143 143 143 143 143 143 143 143 143 143 143 143 143 143 143 143 143 143 154 154 154 154 154 154 154 154 154 154 154 155 155 156 156 157 157 157 158 158 159 159 159 160 160 160 161 161 161 162 162 162 163 163 163 164 164 164 164
143 143 143 143 143 143 143 143 143 143 143 143 143 143 143 143 143 143 143 143 143 143 143 143 143 143 143 143 143 143 143 143 143 143 143 143 143 143 143 143 143 143 143 143 143 143 143 143 143 143 143 143 143 143 143 154 154 154 154 154 154 154 154 154 154 154 155 155 156 156 157 157 157 158 158 159 159 159 160 160 161 161 161 162 162 162 162 163 163 163 164 164 164 164
