testData/tiles/oneDegree/grid23.0-29.0-24.0-30.0.asc
ncols   200
nrows   200
xllcorner   23.0
yllcorner   29.0
cellsize   0.005
NODATA_value   -9999.0
[rows 0 to 41 of 200, columns 0 to 93 of 200]
615 615 614 612 656 656 655 654 654 653 651 651 650 649 648 647 645 645 644 642 640 640 638 637 636 634 632 629 629 627 624 623 620 616 613 610 607 601 587 588 588 588 588 588 589 589 589 589 589 589 589 590 590 590 590 591 590 590 590 590 590 591 591 591 591 591 591 591 590 591 592 591 591 591 592 591 591 591 590 591 592 591 591 591 591 591 591 590 590 590 590 591 591 590
615 614 614 658 657 656 655 654 654 654 652 651 651 649 647 647 646 645 644 643 640 639 639 638 636 634 632 630 628 627 625 623 619 617 614 610 606 600 588 588 588 589 588 588 588 589 590 589 589 590 590 589 589 590 591 590 590 591 591 591 590 590 591 591 591 591 591 591 591 591 591 591 592 592 591 591 592 592 591 591 591 590 592 592 591 591 591 591 591 591 590 590 590 590
615 615 659 658 658 656 655 655 654 653 652 652 651 649 648 647 645 646 645 642 640 640 638 636 637 635 632 630 629 627 624 623 620 617 614 611 607 600 587 589 589 589 588 589 589 589 588 590 590 590 590 590 590 590 590 590 591 591 591 590 591 591 591 590 591 592 592 591 591 592 591 591 591 591 592 592 592 591 591 592 591 591 591 591 591 592 592 591 591 591 591 591 591 590
616 660 659 658 657 656 656 655 654 654 652 652 651 649 648 648 646 645 644 643 641 640 639 637 636 634 633 631 629 628 625 622 619 618 615 611 606 601 588 588 588 589 589 589 589 590 589 589 589 591 590 590 590 591 590 590 590 591 592 591 591 591 591 591 591 591 590 592 592 592 591 591 592 591 591 591 591 592 592 592 591 591 592 591 591 591 590 592 592 591 591 591 590 591
661 661 659 657 657 656 656 656 655 654 652 651 650 649 649 648 646 646 643 642 641 641 639 637 636 634 632 631 630 628 624 623 620 617 614 611 607 601 588 589 588 588 588 590 590 589 589 590 590 590 589 591 591 591 590 591 591 591 590 590 592 592 591 591 592 592 591 591 591 592 592 592 592 591 592 592 591 591 591 593 592 592 592 591 591 592 591 591 591 590 592 592 591 591
662 661 658 658 657 656 656 656 655 654 652 651 651 649 649 649 647 645 643 643 641 641 640 637 636 634 633 631 629 628 625 623 620 618 615 610 606 601 589 589 588 589 589 589 590 590 590 590 590 590 590 590 590 591 591 591 591 591 591 591 591 591 592 592 592 591 591 592 592 591 591 592 593 592 592 592 591 592 592 591 591 592 592 592 592 592 591 591 592 591 591 590 590 592
661 660 659 658 658 657 656 656 656 653 653 652 651 649 649 649 646 646 644 643 641 641 639 637 637 635 633 631 630 626 625 624 621 618 614 611 606 600 589 589 589 589 589 590 589 589 590 591 591 590 590 591 591 590 590 592 592 591 591 591 592 591 591 591 592 592 592 592 592 592 592 592 591 592 593 592 592 592 592 591 592 592 591 591 592 592 592 592 591 591 591 591 591 591
661 659 658 659 658 657 657 656 654 653 653 652 652 650 649 649 646 646 644 644 642 641 639 637 637 635 634 632 629 627 625 623 621 618 615 611 606 601 589 588 589 590 590 589 589 590 590 590 590 591 591 591 590 591 591 591 591 591 592 592 592 591 592 592 591 591 592 593 592 592 592 592 592 592 592 591 592 593 592 592 592 592 592 592 592 591 592 592 592 592 592 591 591 591
660 660 659 658 659 658 657 656 655 653 653 653 652 650 650 648 646 646 645 644 642 641 639 637 636 635 634 631 630 627 625 623 621 618 614 612 607 601 588 589 589 590 590 590 590 590 590 591 590 590 591 592 591 591 591 591 591 591 592 592 592 592 592 592 591 592 592 592 592 592 593 592 592 592 592 592 592 592 592 592 593 592 592 592 591 592 592 591 591 592 591 592 592 591
661 660 660 659 658 658 657 656 655 654 653 652 653 651 649 649 647 646 644 644 643 641 640 638 636 635 634 632 630 627 626 623 620 618 614 612 607 601 589 589 589 590 589 590 590 591 591 590 590 591 591 590 591 591 592 592 591 591 592 592 592 592 592 592 592 592 592 592 592 592 593 592 593 593 592 592 592 592 592 592 593 592 592 593 592 592 592 591 591 592 591 591 592 591
661 661 660 659 659 657 656 657 656 654 654 653 652 649 650 649 647 647 645 644 641 642 640 638 637 636 633 631 629 628 626 623 621 618 614 611 607 600 589 590 590 590 589 590 590 591 590 591 591 591 591 590 591 592 592 591 592 592 592 591 591 592 592 592 592 593 593 592 592 592 592 592 593 593 592 593 593 592 592 592 592 592 592 592 592 592 593 592 592 591 591 591 591 591
661 661 660 660 659 657 657 656 655 655 654 653 652 650 649 649 648 647 645 644 642 641 640 639 637 634 634 632 629 627 627 623 621 618 615 611 606 600 590 590 590 590 590 590 590 591 590 591 591 591 591 591 591 591 592 592 592 592 593 592 592 592 591 592 592 593 592 592 593 593 592 592 592 592 592 593 593 592 593 593 592 592 592 592 592 593 592 592 592 592 592 592 591 591
661 661 660 660 659 658 657 657 655 654 654 653 651 650 650 648 647 648 645 644 642 641 640 638 637 635 633 631 630 628 625 622 621 618 615 610 607 600 589 590 591 590 590 590 591 590 590 590 592 592 591 591 592 592 591 591 592 593 592 592 592 593 592 592 592 592 592 593 593 592 592 593 593 592 592 592 592 593 593 592 592 593 593 592 592 592 591 592 593 592 592 592 592 592
662 661 659 659 659 658 658 657 655 655 653 653 652 651 650 648 648 646 645 645 643 641 640 639 636 634 634 632 630 627 626 623 620 617 616 611 606 600 590 590 589 589 591 591 591 590 591 591 591 590 592 592 592 591 592 592 592 592 591 593 593 592 592 592 593 592 592 592 593 593 593 593 592 593 593 593 592 592 592 593 593 593 592 592 593 592 592 592 591 591 592 592 592 592
662 661 660 659 659 659 658 658 656 654 653 653 651 651 651 649 648 646 645 644 643 642 641 638 636 635 633 632 631 628 626 623 621 618 614 611 607 600 590 589 590 590 590 590 591 591 591 591 592 591 591 591 593 592 592 592 592 592 592 592 592 593 593 593 593 592 593 593 592 592 592 594 593 593 593 592 593 593 593 592 592 592 593 593 593 592 592 593 592 592 592 591 591 592
662 661 660 660 659 658 658 658 656 655 654 653 651 651 651 649 648 646 645 644 643 642 640 639 637 635 633 632 629 628 626 624 621 618 615 611 606 600 591 590 590 590 591 590 590 591 592 592 591 591 592 592 591 591 592 593 592 592 592 593 592 592 592 592 593 593 593 593 592 593 593 592 592 592 594 593 593 593 592 593 593 592 592 592 592 593 593 592 592 592 591 592 592 591
661 662 661 660 660 659 658 656 656 655 654 654 652 651 651 649 648 646 646 644 643 641 640 639 637 636 634 631 629 628 625 624 622 618 615 611 607 600 589 590 591 591 591 590 591 591 591 591 591 592 592 592 591 592 592 592 592 593 593 593 592 592 593 593 592 592 593 593 593 593 593 592 593 593 592 592 593 594 593 593 593 592 593 593 592 592 592 592 593 593 592 592 592 591
662 661 660 661 660 659 659 656 655 655 655 654 652 652 650 648 648 647 646 644 644 641 639 639 637 636 634 632 630 628 625 624 621 618 614 611 607 598 590 590 590 591 591 591 591 591 591 591 591 592 592 592 592 592 592 592 592 592 593 592 593 593 593 592 592 593 593 592 593 593 593 593 593 593 592 593 593 592 593 593 593 593 593 593 592 592 593 592 592 592 592 593 592 592
662 661 661 660 660 660 658 656 656 655 654 654 653 651 650 649 648 646 646 645 643 641 640 639 637 636 634 632 630 629 626 623 620 618 615 611 606 599 590 590 590 591 591 591 591 592 591 591 591 592 592 592 592 593 593 592 592 592 593 592 593 593 593 593 593 593 592 593 593 593 593 593 593 593 593 593 593 592 593 593 592 593 593 593 593 593 592 592 592 592 592 592 591 592
663 662 661 661 660 659 658 657 656 655 655 653 651 652 650 649 648 647 646 643 644 642 640 639 638 635 633 632 631 628 626 623 621 618 614 611 606 599 590 591 591 590 590 591 592 592 591 592 592 592 591 591 592 593 592 592 593 593 592 592 592 593 593 593 593 594 593 593 593 592 593 593 594 593 593 593 593 593 593 593 592 593 593 593 593 593 592 593 593 592 592 592 592 592
663 662 662 660 659 659 657 657 657 656 655 652 652 651 650 650 649 647 645 644 643 641 641 640 637 635 634 632 630 629 626 623 621 618 615 610 605 598 591 591 590 591 591 591 591 591 592 592 592 591 592 592 592 592 592 593 593 593 592 593 593 593 592 593 593 593 593 593 594 593 593 593 592 593 593 594 593 593 593 593 593 593 592 592 593 592 593 593 592 592 593 592 592 592
663 663 661 660 660 659 657 657 657 656 655 653 652 651 650 649 649 647 646 644 644 642 640 638 638 636 634 632 631 627 625 623 621 618 615 611 606 598 590 592 591 591 591 591 591 591 591 591 593 592 592 592 593 592 592 592 592 593 593 593 593 593 593 593 593 592 593 594 594 593 593 594 593 593 593 592 593 594 594 593 593 593 593 593 593 592 592 592 592 593 593 592 592 592
663 661 661 661 660 659 658 657 656 655 655 653 653 652 650 650 647 647 646 645 643 642 640 638 637 636 635 633 630 627 626 623 620 618 615 611 605 597 591 590 590 591 592 592 591 591 592 592 591 591 593 593 593 592 592 593 593 592 592 594 594 593 593 593 593 593 593 593 592 594 594 594 593 593 594 593 593 593 592 592 594 593 593 593 592 593 593 592 592 592 591 592 593 592
662 662 661 660 661 659 658 658 656 655 653 654 653 652 651 649 647 647 645 645 643 643 640 638 636 636 635 633 630 628 626 623 621 617 613 610 606 598 590 590 591 591 591 591 592 592 592 592 591 592 592 592 592 593 593 593 592 593 593 593 592 593 594 594 593 593 593 593 593 593 593 593 594 594 593 593 593 594 593 593 593 592 592 594 593 593 593 592 592 593 592 592 592 591
663 662 661 661 659 659 659 657 656 656 654 653 653 652 651 649 648 647 645 645 644 642 640 639 637 635 634 631 630 628 625 624 620 617 614 610 606 597 591 591 591 591 590 591 591 592 592 592 592 592 592 592 592 592 593 593 593 593 593 592 593 593 593 592 593 594 594 593 593 593 594 593 593 593 593 594 594 593 593 593 592 593 593 593 592 593 594 593 593 592 592 592 592 592
663 663 662 661 660 659 657 657 657 656 654 654 653 651 651 650 648 647 646 645 642 641 641 639 637 636 633 631 629 628 626 624 620 618 614 610 604 595 591 591 591 592 591 591 591 592 591 592 592 593 593 592 592 592 593 592 593 593 594 593 593 593 593 593 593 593 593 593 594 594 593 593 593 593 593 593 594 593 594 594 593 593 593 592 593 593 592 592 593 592 593 593 592 592
663 663 662 661 660 658 658 657 657 655 655 654 653 651 650 649 649 648 646 644 643 641 640 638 638 635 633 632 630 628 625 623 621 617 614 611 604 594 590 591 592 591 591 592 592 592 591 591 592 593 592 592 593 593 592 592 593 593 593 593 593 594 593 593 593 593 593 593 594 593 593 594 594 593 593 593 593 593 593 593 593 593 594 593 593 593 592 592 593 592 592 592 592 592
663 662 661 661 659 659 658 657 657 655 655 654 653 651 650 650 648 648 645 645 643 641 641 639 637 635 634 632 630 628 625 622 620 618 615 610 604 594 591 591 590 590 592 592 592 591 592 592 592 592 592 593 593 593 592 593 593 593 592 593 594 594 593 593 594 593 593 593 593 593 594 594 593 593 594 594 593 593 593 592 593 593 593 593 593 593 593 593 592 592 592 592 592 592
664 663 661 660 660 659 658 658 657 655 655 654 653 651 651 649 648 648 645 645 643 642 641 639 637 635 633 632 631 627 625 622 620 617 613 609 604 593 591 591 591 591 591 591 592 592 592 592 593 592 592 592 592 593 593 593 593 593 593 593 593 592 594 594 594 593 593 594 593 593 593 593 593 594 594 593 593 594 594 593 593 593 592 593 594 593 593 593 592 593 593 592 592 591
663 662 661 660 659 660 659 658 656 656 654 653 652 652 651 649 649 646 645 644 643 642 640 639 637 635 633 632 630 627 626 623 620 617 613 609 603 591 592 591 591 591 592 592 591 591 592 593 592 592 592 593 593 592 592 593 594 593 593 593 594 593 593 593 592 594 594 594 593 593 594 593 593 593 593 594 594 594 593 593 593 593 593 593 592 592 592 593 593 593 592 592 592 592
663 662 661 660 660 659 658 659 657 655 654 654 652 651 652 650 648 646 646 644 643 642 640 639 637 636 634 632 629 627 626 623 620 617 613 608 603 591 590 591 591 592 592 591 591 592 592 592 592 593 593 593 592 592 593 593 592 593 594 594 593 593 593 594 593 593 593 593 594 594 594 593 593 594 593 593 593 593 593 594 594 593 593 593 593 593 593 592 592 592 593 593 592 592
662 662 661 661 660 659 659 658 655 656 655 654 652 652 651 648 649 647 646 644 644 641 639 637 638 636 634 632 629 627 624 623 621 617 613 609 603 591 590 591 591 592 591 592 592 592 592 591 592 592 593 592 593 593 593 592 592 593 593 593 593 594 594 593 593 593 594 593 593 594 593 594 594 594 593 593 593 593 593 593 592 593 594 593 593 593 592 592 593 592 592 592 591 592
662 662 661 661 660 660 658 656 656 655 655 655 653 652 649 649 648 646 647 645 643 641 640 638 637 635 634 631 629 627 625 623 619 615 613 609 603 590 591 591 591 591 591 592 592 592 592 592 592 592 593 592 593 593 593 593 593 593 593 592 593 594 594 593 594 594 593 593 593 594 593 593 594 593 593 594 594 593 593 593 593 593 593 593 593 593 593 593 593 592 592 592 592 592
663 662 661 661 661 659 658 657 656 655 655 653 653 652 650 649 648 647 646 644 642 642 640 638 637 634 632 631 630 628 625 621 619 616 612 608 602 591 591 591 592 591 591 591 593 593 592 592 592 593 592 592 592 593 593 593 593 593 593 593 593 593 592 593 594 594 593 594 594 593 593 593 593 593 594 594 593 593 594 593 593 593 592 592 593 592 593 593 592 592 593 592 592 592
663 662 662 661 659 659 658 657 656 656 655 653 652 652 650 649 648 647 645 644 642 642 640 639 637 634 632 631 629 628 625 622 619 616 613 607 601 590 591 592 591 591 591 592 592 591 592 593 593 592 592 593 593 593 592 592 594 594 593 593 593 593 593 593 593 592 594 594 594 593 593 594 593 593 593 593 593 594 594 593 593 593 593 593 593 592 592 593 592 593 593 592 592 592
663 663 662 660 660 659 657 658 657 656 655 653 652 651 650 650 648 647 645 644 642 642 640 639 636 635 633 631 629 626 624 622 619 617 613 607 600 591 591 592 591 592 592 592 591 592 592 592 593 592 593 593 593 592 593 593 593 592 593 594 594 593 593 593 594 593 593 593 593 594 594 594 593 593 594 593 593 593 592 592 594 593 593 593 592 593 593 592 592 592 591 592 593 592
663 663 661 661 660 658 658 657 656 657 654 653 652 651 650 649 649 647 645 644 643 641 640 637 637 635 633 631 630 626 624 622 619 616 611 607 600 591 591 590 591 592 592 592 592 592 592 592 592 592 592 593 592 593 593 593 592 593 593 593 593 593 594 594 593 593 593 594 593 593 593 593 594 594 593 593 593 593 593 593 593 592 593 594 593 593 593 592 592 593 592 592 592 591
663 662 661 661 660 659 658 657 657 655 654 653 653 651 650 650 647 646 645 645 643 641 640 638 636 634 634 632 628 626 624 622 619 614 611 607 600 591 591 591 591 591 592 592 592 592 593 592 592 592 592 593 592 593 593 594 593 593 593 593 593 593 593 593 593 594 594 593 593 593 594 593 593 594 593 593 594 593 593 593 592 593 593 592 592 593 592 593 593 592 592 592 591 592
663 662 661 661 660 659 658 658 656 654 654 653 653 651 651 648 647 647 645 643 643 641 639 638 636 635 633 630 628 627 624 621 618 615 611 606 600 591 591 591 591 592 591 591 591 593 593 592 592 593 593 592 592 592 593 593 593 593 593 593 593 593 593 593 593 594 594 593 594 594 593 593 593 592 593 593 594 593 593 594 593 593 593 592 592 593 592 592 593 592 592 593 592 592
663 662 662 660 659 658 658 657 656 655 654 653 653 652 650 648 648 646 645 643 642 641 639 638 637 635 632 630 628 626 624 622 618 615 610 606 598 590 591 592 592 592 591 592 592 592 591 592 593 593 592 592 593 593 593 592 592 594 594 593 593 593 593 593 593 593 592 594 594 593 593 593 594 593 593 593 592 593 593 593 593 593 592 593 593 592 592 592 591 592 592 592 592 592
663 663 661 660 660 658 657 657 657 655 654 654 652 650 649 649 648 646 646 643 642 640 639 638 636 633 632 630 628 625 624 621 618 614 611 606 596 590 591 591 592 591 592 592 592 591 592 592 592 593 592 593 593 593 592 593 593 593 592 593 594 594 593 593 593 593 593 593 593 592 594 594 593 593 593 594 593 593 593 592 592 594 593 593 593 592 592 593 592 592 592 591 591 591
664 662 661 661 659 658 658 657 655 655 655 654 651 651 650 648 647 647 645 643 641 641 639 637 635 634 632 630 629 626 623 620 618 615 611 604 596 591 591 591 591 591 592 592 592 592 592 592 592 592 592 592 593 592 593 593 593 592 593 593 593 592 593 594 594 593 593 593 593 593 593 593 593 594 594 593 593 593 592 593 593 592 592 592 592 593 593 592 592 592 591 592 592 591
