testData/tiles/oneDegree/grid41.0-3.0-42.0-4.0.asc
ncols   200
nrows   200
xllcorner   41.0
yllcorner   3.0
cellsize   0.005
NODATA_value   -9999.0
[rows 0 to 41 of 200, columns 94 to 187 of 200]
710 710 710 710 710 710 710 710 711 711 710 710 709 709 710 709 709 709 709 709 708 708 708 709 709 708 708 707 707 707 706 706 706 706 705 705 704 704 704 702 702 702 702 701 701 700 700 699 699 699 698 696 696 696 696 694 694 694 694 691 691 691 691 689 689 689 687 686 686 686 684 684 684 682 682 681 680 679 678 678 677 676 675 674 673 673 671 671 671 668 668 668 667 758
709 710 710 710 709 709 710 710 709 708 708 709 709 709 709 708 708 708 709 709 708 708 708 708 706 706 706 706 706 705 705 705 705 705 704 704 703 703 702 702 702 701 700 700 700 700 700 698 697 697 697 696 696 695 695 694 694 693 691 691 691 690 689 689 689 687 686 686 685 684 684 683 683 681 680 680 679 678 678 678 675 675 675 673 673 673 671 670 669 668 668 759 758 757
709 709 708 708 708 708 708 708 709 708 708 708 708 708 708 708 708 708 708 707 706 706 706 707 706 706 706 706 706 705 705 705 705 703 703 703 702 702 701 701 701 701 700 700 699 698 697 697 697 697 696 695 695 695 693 693 692 692 691 691 690 690 689 688 687 686 686 685 685 684 683 682 681 680 680 680 678 678 677 675 675 675 673 673 673 671 670 669 669 668 759 759 757 756
707 708 707 707 707 708 708 708 707 707 708 708 708 707 707 707 706 707 706 706 706 706 706 705 705 705 705 705 704 704 703 703 703 702 702 702 702 701 701 701 701 699 698 698 698 698 697 697 697 696 695 694 694 694 692 692 692 691 690 690 689 688 687 687 687 686 685 685 684 682 682 682 680 680 680 678 677 677 676 675 675 674 673 672 671 670 669 669 668 759 758 757 756 756
707 707 706 707 707 707 707 706 707 707 707 706 706 706 706 706 706 706 705 705 705 705 705 705 705 705 704 703 703 703 703 703 702 702 702 702 701 700 699 699 699 698 698 698 698 697 696 696 696 694 694 693 693 692 692 692 691 690 689 689 688 687 687 687 685 685 684 684 682 682 682 680 680 680 678 677 677 676 675 675 674 672 672 671 671 670 669 761 758 758 758 756 756 755
707 706 706 706 706 707 706 705 705 705 706 706 705 705 705 705 705 705 705 705 705 705 703 703 703 703 703 702 702 702 702 701 701 701 701 700 699 699 699 699 698 698 697 697 697 696 695 695 695 693 693 693 693 692 691 690 689 689 689 688 687 687 686 686 684 684 683 682 682 682 681 680 679 678 677 677 676 676 675 673 673 672 671 671 670 669 760 758 758 758 756 756 756 753
704 704 705 705 705 705 704 705 705 705 705 704 704 705 705 705 704 704 703 703 703 702 702 703 703 703 702 702 702 702 702 700 700 700 700 699 698 698 698 698 697 697 697 696 695 695 694 694 693 693 693 693 691 690 690 690 689 688 688 688 687 685 685 684 684 683 683 682 681 681 679 679 678 678 677 676 676 674 673 673 673 671 671 671 668 760 759 758 758 757 756 755 754 753
704 704 704 704 704 704 704 704 704 704 705 704 704 703 703 703 702 703 703 703 703 702 702 702 702 702 701 701 700 700 699 699 699 699 699 698 698 698 698 696 696 696 695 694 694 694 694 694 693 692 691 691 690 690 689 688 688 688 688 685 685 685 685 683 683 683 682 680 680 680 678 678 678 676 676 675 675 673 673 673 671 671 670 668 760 759 758 758 757 756 755 754 754 752
703 703 704 704 704 703 703 703 703 703 702 702 702 703 703 702 702 702 702 702 701 701 701 701 701 700 700 700 700 700 699 699 699 699 698 698 696 696 696 695 695 695 695 694 694 694 693 691 691 691 691 690 689 689 689 688 687 686 686 685 685 684 683 683 683 681 680 680 680 679 678 678 676 675 675 674 673 673 672 672 670 669 761 760 759 759 758 756 756 755 754 754 753 751
703 702 702 702 702 702 702 702 702 701 702 702 702 702 702 701 701 702 702 701 700 700 700 700 699 699 699 699 699 698 698 698 697 697 696 696 696 696 695 695 695 695 693 692 692 692 691 691 691 690 689 689 689 688 687 686 686 686 685 684 684 684 682 682 681 680 680 679 679 678 677 676 675 675 674 674 673 671 671 670 669 761 760 759 758 758 756 756 756 754 754 753 751 751
701 701 702 701 701 701 701 702 702 701 701 701 701 702 700 700 700 700 700 699 699 699 699 700 699 699 699 699 698 697 697 697 697 696 696 696 695 694 694 694 693 693 692 692 692 692 690 690 690 690 688 688 687 687 686 686 686 685 684 683 683 682 681 681 681 680 679 678 678 676 676 676 675 674 674 672 671 671 671 669 761 761 758 758 758 756 756 756 754 753 753 751 751 750
701 701 700 700 701 701 701 701 699 700 700 700 700 699 699 699 699 700 699 699 699 699 699 698 697 697 697 697 696 696 696 696 695 695 695 695 694 693 693 693 693 692 691 691 691 690 690 689 689 688 687 687 687 686 686 685 684 683 683 683 682 681 681 681 679 678 678 678 676 676 676 675 673 673 673 671 671 671 669 761 760 758 758 758 757 756 755 754 753 753 752 751 751 749
700 700 699 699 699 699 700 699 699 699 699 699 699 699 699 699 699 699 698 697 697 697 697 697 697 697 697 696 696 696 696 696 694 694 694 694 692 692 692 692 692 691 691 690 690 689 688 688 688 687 687 687 687 684 684 684 684 683 682 682 681 681 679 679 678 678 677 677 676 676 674 673 673 672 671 671 671 669 760 760 759 758 758 757 755 755 754 753 753 752 751 750 749 748
699 698 698 699 699 699 698 698 698 699 699 699 698 697 697 697 697 697 697 697 697 697 696 696 696 696 696 695 694 694 694 693 693 693 693 693 692 692 692 691 690 690 689 689 688 688 688 688 687 687 685 685 684 684 684 684 682 682 682 681 679 679 679 678 677 677 677 675 674 674 674 673 672 672 671 669 761 760 760 759 759 758 756 756 755 754 754 753 751 751 750 749 749 747
697 698 698 698 698 698 699 698 698 698 698 697 698 698 698 698 697 697 697 697 697 696 696 695 696 696 695 695 695 695 695 693 693 693 693 690 690 690 690 689 689 689 689 689 688 688 687 686 685 685 685 685 684 683 683 683 681 681 680 679 679 679 679 677 676 676 676 674 674 674 672 672 671 670 669 761 761 759 759 758 757 756 756 755 754 754 752 751 751 750 749 749 746 746
697 697 697 698 698 697 697 697 697 698 697 697 697 697 697 697 696 697 696 696 696 695 695 695 695 694 694 694 694 694 693 692 692 692 691 691 691 691 691 690 689 689 687 686 686 686 686 685 685 685 684 683 682 682 682 681 680 680 680 679 679 677 676 676 676 675 674 674 674 672 671 671 671 669 761 761 758 758 758 757 756 756 755 753 753 752 751 751 750 749 748 747 746 763
697 697 697 697 696 696 697 697 697 697 696 696 696 696 696 695 695 695 695 695 694 694 694 694 695 694 693 693 693 692 692 692 692 692 691 690 690 690 688 688 688 688 687 687 687 687 687 684 684 683 683 682 682 681 680 680 680 680 678 677 677 677 676 675 675 674 673 672 672 671 671 670 669 761 760 759 758 758 757 756 756 754 753 753 752 751 751 750 748 748 747 746 746 762
696 696 696 697 696 695 695 695 695 695 695 695 695 695 694 694 694 695 695 694 694 693 693 693 692 692 692 692 692 691 691 691 691 690 689 689 689 689 688 688 688 688 686 686 686 685 684 684 684 684 682 682 681 681 679 679 678 678 677 677 677 675 675 674 674 672 672 672 671 670 670 669 760 759 759 758 758 757 756 755 754 754 753 752 752 750 749 749 748 747 747 745 744 761
695 695 695 694 694 695 695 695 694 694 694 694 695 695 694 693 693 693 693 692 692 692 692 691 692 692 692 692 691 690 690 690 690 689 689 688 688 687 687 687 687 685 685 685 685 684 684 683 683 682 682 681 681 680 679 679 678 677 677 676 675 674 674 674 672 672 672 672 669 669 669 760 759 759 759 756 756 756 755 754 754 753 751 751 750 749 749 749 747 746 746 744 761 760
694 694 695 695 695 695 695 695 695 694 694 694 694 693 693 693 693 694 693 693 693 693 693 692 691 691 691 690 690 690 690 690 689 689 689 688 686 686 686 686 686 685 684 684 684 683 683 682 682 681 681 680 680 679 679 679 678 676 676 676 674 673 673 673 672 671 670 669 669 669 760 759 758 758 756 756 756 755 754 753 753 751 751 751 749 749 748 746 746 746 744 744 761 758
695 693 693 693 693 694 694 693 693 693 693 693 693 693 693 693 693 692 691 691 691 691 690 690 691 691 691 690 690 690 690 689 688 688 688 687 686 686 686 686 685 685 685 683 682 682 682 681 680 680 680 680 678 678 677 677 676 676 676 675 674 673 673 671 670 670 670 669 760 759 758 758 757 757 756 756 755 753 753 752 751 751 751 748 748 748 747 746 746 745 743 743 759 758
692 692 693 693 693 693 692 692 693 693 693 692 691 691 691 691 690 691 691 691 691 690 690 690 690 690 689 688 688 688 688 687 687 687 687 686 686 686 685 684 684 684 683 683 682 682 682 682 680 679 679 678 677 677 677 676 676 675 674 673 673 673 672 671 671 671 667 759 759 759 757 757 757 756 754 754 754 753 752 752 751 749 749 748 747 747 746 745 744 743 743 759 758 758
692 692 692 692 691 691 691 691 691 691 691 690 691 691 691 691 690 690 690 690 690 688 688 688 689 688 688 688 688 688 687 687 687 687 685 684 684 684 684 683 683 683 683 682 681 681 681 679 679 679 679 678 678 677 675 674 674 674 674 673 672 672 670 670 669 669 760 760 760 757 756 756 756 754 754 754 752 752 751 750 749 749 748 747 746 746 744 744 744 742 742 758 757 756
690 690 691 691 690 690 690 690 691 692 691 691 691 691 690 689 690 690 690 690 689 689 689 689 689 688 688 688 686 685 685 685 685 685 684 684 684 684 683 683 682 682 681 680 680 680 679 679 679 679 677 676 676 676 675 675 675 673 672 671 671 671 669 669 669 760 760 758 758 757 757 756 754 754 753 751 751 751 750 749 749 749 746 746 746 744 744 744 741 741 741 756 756 756
691 691 691 691 690 691 691 690 690 689 689 689 690 690 689 689 689 689 689 688 688 688 688 687 686 687 687 687 687 686 686 686 686 685 684 683 683 683 681 681 681 681 680 680 680 680 678 677 677 677 676 676 676 676 674 673 673 672 672 672 671 669 669 668 760 758 758 758 757 756 756 755 754 753 753 751 751 750 748 748 747 746 746 746 745 743 743 742 741 741 740 756 755 754
689 689 690 689 689 689 689 689 689 689 689 689 689 689 688 688 688 688 688 687 687 687 687 686 686 686 686 686 685 685 684 684 684 683 683 683 683 682 682 682 682 680 680 679 679 677 677 677 677 676 676 674 674 673 673 673 673 671 671 671 670 669 669 760 758 758 758 757 755 755 755 753 753 753 752 750 750 749 748 747 747 746 744 744 743 743 742 741 741 739 755 755 754 753
689 689 688 688 689 689 689 689 688 687 687 687 688 687 687 687 687 687 686 686 686 686 686 685 684 685 685 684 684 684 684 684 683 683 682 682 680 680 680 680 679 679 679 679 679 678 678 676 676 675 674 674 674 673 673 672 670 670 670 670 668 668 760 760 758 757 757 755 755 755 754 753 752 752 750 750 750 748 748 747 745 744 744 744 742 742 741 740 739 739 755 754 753 752
687 687 687 687 687 687 687 686 687 687 687 687 686 686 686 686 687 686 685 685 685 685 684 684 684 684 684 683 683 683 683 681 681 681 681 681 680 680 680 680 679 679 678 677 676 676 676 676 675 675 675 674 672 672 671 671 670 670 669 668 667 759 759 757 757 757 757 756 754 754 752 752 751 750 750 750 748 747 747 746 745 745 744 741 741 741 739 739 739 737 753 753 752 752
687 686 686 686 688 688 687 687 687 687 686 686 686 686 686 686 685 685 685 685 685 684 684 684 684 684 683 683 683 683 683 682 682 681 680 679 679 678 678 677 677 677 677 676 676 676 676 674 673 673 673 672 672 672 672 670 669 669 668 667 759 758 757 757 757 756 754 754 754 753 752 752 751 749 748 748 747 747 746 744 744 744 742 742 741 740 738 738 737 736 753 753 751 751
686 686 686 686 686 685 685 686 686 686 686 685 685 685 685 685 685 685 684 684 684 683 683 683 683 682 682 682 682 682 681 681 680 680 679 679 679 679 679 678 678 677 676 674 674 674 674 673 673 673 673 672 670 670 670 669 669 669 667 759 759 757 756 755 755 754 754 754 753 751 751 751 749 749 749 748 745 745 745 744 743 743 742 741 740 739 738 737 736 752 752 751 751 751
685 685 685 685 685 685 685 685 685 685 684 684 684 684 684 683 683 683 683 683 682 682 682 682 682 680 681 681 681 680 680 680 680 679 678 678 678 677 676 676 676 676 675 675 675 675 673 672 671 671 670 670 670 670 669 668 668 667 758 758 758 756 756 756 755 753 752 752 751 751 750 750 748 748 748 746 746 746 743 742 742 741 740 740 740 739 737 737 736 752 752 751 750 749
684 684 684 684 683 683 683 684 684 683 683 683 683 683 682 682 683 683 683 681 681 681 681 681 680 680 680 680 679 679 679 679 678 677 677 677 677 676 676 676 676 675 675 673 673 673 672 672 672 671 671 670 668 667 667 667 667 758 757 757 757 755 755 755 753 753 753 752 750 749 749 748 748 747 746 746 745 744 743 743 742 740 740 739 737 737 737 736 736 752 750 750 750 749
683 683 683 682 683 683 683 683 682 682 682 682 682 682 682 682 682 682 681 681 681 681 681 680 679 679 679 679 678 678 678 678 677 676 676 676 676 674 674 674 674 673 673 673 673 672 672 671 670 669 669 669 669 668 668 666 756 756 756 756 755 754 754 754 753 752 751 750 750 750 749 747 746 746 745 744 744 743 743 741 740 740 739 737 737 737 736 735 752 752 751 751 748 748
683 683 682 682 682 682 682 682 682 682 682 682 682 681 681 681 682 682 681 680 680 680 679 679 679 679 679 678 678 678 678 678 676 676 676 676 674 674 674 674 673 673 672 671 670 670 670 670 669 669 669 669 666 666 666 758 757 757 756 755 754 753 753 752 751 751 751 750 749 748 747 747 747 744 744 744 743 741 741 741 740 739 738 737 736 736 735 735 752 750 750 750 749 749
682 681 681 682 682 682 682 681 681 681 680 681 680 680 680 680 680 679 679 679 679 679 678 678 678 677 677 677 677 677 677 676 676 675 675 674 674 673 673 672 672 672 672 671 670 670 670 669 667 667 667 666 666 666 758 757 755 755 755 754 754 754 752 751 750 750 749 748 748 747 747 746 745 744 744 743 741 741 741 739 738 738 737 737 737 736 734 734 750 750 750 749 748 748
680 680 680 680 680 680 679 680 680 680 680 679 679 679 679 679 679 679 678 678 678 677 677 677 677 677 676 676 676 676 675 674 674 674 674 673 673 673 673 672 672 672 671 669 669 669 669 668 667 667 667 665 664 756 756 755 755 755 754 753 752 752 751 751 750 748 748 748 747 745 745 745 744 744 743 742 741 740 739 738 738 738 736 736 736 735 735 735 749 749 749 748 748 748
679 679 679 680 680 679 679 679 679 678 677 678 678 678 678 677 677 677 677 677 676 676 676 676 675 674 674 675 675 674 674 674 673 673 672 672 671 671 670 670 670 670 669 669 669 669 667 667 666 666 665 665 756 756 755 754 753 753 752 752 752 751 750 750 749 748 748 747 745 745 745 744 742 742 742 741 740 740 738 738 737 736 736 736 735 734 734 750 750 750 748 747 747 746
678 678 678 678 677 677 677 679 679 678 678 678 678 678 677 677 678 677 677 676 676 676 676 676 675 675 675 675 675 674 672 672 672 671 671 671 671 670 670 670 670 669 668 667 667 667 666 666 666 666 665 756 755 754 754 754 753 752 752 750 750 749 749 749 748 747 747 746 745 745 743 742 742 742 739 739 739 739 738 738 738 736 735 735 734 734 734 750 749 749 748 748 747 746
678 678 678 678 678 678 678 678 677 676 676 677 677 677 676 676 676 676 676 675 675 675 675 673 673 673 673 673 673 673 673 672 671 671 671 670 670 669 669 668 668 667 667 667 667 665 665 665 664 663 663 755 755 754 753 753 751 751 751 750 749 749 748 747 746 746 746 744 744 744 743 742 741 740 739 739 739 737 737 737 736 736 736 735 733 733 732 749 749 748 747 747 746 747
677 677 676 676 676 676 677 677 676 676 676 676 676 675 675 674 675 675 674 674 674 674 674 673 673 673 673 672 671 671 671 671 670 670 670 670 669 669 669 669 667 667 667 666 664 664 664 664 663 662 754 754 753 752 752 752 751 751 750 748 748 748 747 746 746 745 744 743 743 743 741 741 741 739 739 738 737 737 737 737 735 735 735 734 734 734 732 748 748 747 747 747 747 747
676 675 675 676 676 675 675 674 674 674 674 675 674 674 674 674 674 673 673 673 673 672 671 671 671 671 670 670 670 670 670 669 669 668 668 667 667 667 667 667 666 666 666 666 664 664 664 664 662 753 753 752 752 751 751 750 749 749 749 748 748 748 746 745 745 744 743 743 742 740 740 740 740 739 739 739 737 736 736 735 735 735 734 733 733 732 749 749 747 746 746 746 747 748
675 674 674 674 674 674 674 674 674 674 674 673 673 672 672 672 672 672 672 672 672 671 671 671 671 671 670 669 669 669 668 668 668 668 668 667 667 667 666 665 665 665 665 663 663 663 663 662 753 753 753 752 752 750 750 749 749 748 747 747 746 746 745 745 745 742 742 742 741 740 740 740 738 738 738 737 737 737 737 735 734 734 733 733 733 732 748 748 747 747 747 747 747 747
