testData/tiles/oneDegree/grid18.0-31.0-19.0-32.0.asc
ncols   200
nrows   200
xllcorner   18.0
yllcorner   31.0
cellsize   0.005
NODATA_value   -9999.0
[rows 84 to 125 of 200, columns 0 to 93 of 200]
642 643 643 643 643 643 643 643 644 644 644 644 644 644 645 645 645 645 645 645 645 645 646 646 646 646 646 646 646 646 647 647 647 647 647 572 572 572 572 493 493 493 493 493 493 493 493 493 493 493 494 494 494 494 494 494 547 547 547 547 547 547 547 547 548 548 548 548 548 548 548 548 548 548 548 548 548 548 548 548 548 548 548 548 548 548 548 548 548 548 548 548 548 548
643 643 643 643 643 643 644 644 644 644 644 644 644 645 645 645 645 645 645 645 646 646 646 646 646 646 646 646 647 647 647 647 647 453 453 453 453 573 573 493 493 493 493 493 493 493 493 494 494 494 494 494 494 494 494 547 547 547 547 547 547 548 548 548 548 548 548 548 548 548 548 548 548 548 548 548 548 548 548 548 548 548 548 549 549 549 549 549 549 549 549 549 549 549
643 643 643 643 643 644 644 644 644 644 644 645 645 645 645 645 645 645 646 646 646 646 646 646 646 646 647 647 647 647 647 453 453 453 453 454 454 454 573 493 493 493 493 493 493 494 494 494 494 494 494 494 494 494 494 547 547 547 548 548 548 548 548 548 548 548 548 548 548 548 548 548 548 548 548 548 549 549 549 549 549 549 549 549 549 549 549 549 549 549 549 549 549 549
643 643 643 644 644 644 644 644 644 644 645 645 645 645 645 645 645 646 646 646 646 646 646 646 647 647 647 647 647 453 453 453 453 454 454 454 454 454 454 374 493 493 493 494 494 494 494 494 494 494 494 494 494 494 547 548 548 548 548 548 548 548 548 548 548 548 548 548 548 548 548 549 549 549 549 549 549 549 549 549 549 549 549 549 549 549 549 549 549 549 549 549 549 549
643 643 644 644 644 644 644 644 645 645 645 645 645 645 645 646 646 646 646 646 646 646 646 647 647 647 647 453 453 453 453 454 454 454 454 454 454 454 454 374 375 494 494 494 494 494 494 494 494 494 494 494 495 548 548 548 548 548 548 548 548 548 548 548 548 548 548 549 549 549 549 549 549 549 549 549 549 549 549 549 549 549 549 549 549 549 549 549 549 549 549 549 549 549
643 644 644 644 644 644 644 645 645 645 645 645 645 645 646 646 646 646 646 646 646 647 647 647 647 453 453 453 453 454 454 454 454 454 454 454 454 454 455 375 375 375 375 494 494 494 494 494 494 495 495 495 495 548 548 548 548 548 548 548 548 548 548 549 549 549 549 549 549 549 549 549 549 549 549 549 549 549 549 549 549 549 549 549 549 549 549 549 549 549 550 550 550 550
644 644 644 644 644 644 645 645 645 645 645 645 646 646 646 646 646 646 646 647 647 647 647 453 453 453 453 454 454 454 454 454 454 454 454 454 455 455 455 375 375 375 375 375 494 494 494 495 495 495 495 495 548 548 548 548 548 548 548 548 549 549 549 549 549 549 549 549 549 549 549 549 549 549 549 549 549 549 549 549 549 550 550 550 550 550 550 550 550 550 550 550 550 550
644 644 644 644 645 645 645 645 645 645 645 646 646 646 646 646 646 646 647 647 647 453 453 453 453 454 454 454 454 454 454 454 454 454 455 455 455 455 455 375 375 375 375 375 376 376 495 495 495 495 495 548 548 548 548 548 548 549 549 549 549 549 549 549 549 549 549 549 549 549 549 549 549 549 549 550 550 550 550 550 550 550 550 550 550 550 550 550 550 550 550 550 550 550
644 644 644 645 645 645 645 645 645 646 646 646 646 646 646 646 647 647 647 453 453 453 453 453 454 454 454 454 454 454 454 454 455 455 455 455 455 455 455 375 375 375 376 376 376 376 376 495 495 495 495 548 548 548 549 549 549 549 549 549 549 549 549 549 549 549 549 549 549 549 550 550 550 550 550 550 550 550 550 550 550 550 550 550 550 550 550 550 550 550 550 550 550 550
644 644 645 645 645 645 645 645 646 646 646 646 646 646 646 647 647 453 453 453 453 453 454 454 454 454 454 454 454 454 455 455 455 455 455 455 455 455 455 375 376 376 376 376 376 376 376 376 376 495 548 549 549 549 549 549 549 549 549 549 549 549 549 549 549 549 550 550 550 550 550 550 550 550 550 550 550 550 550 550 550 550 550 550 550 550 550 550 550 550 550 550 550 550
645 645 645 645 645 645 645 646 646 646 646 646 646 647 453 453 453 453 453 453 454 454 454 454 454 454 454 454 454 455 455 455 455 455 455 455 455 455 456 376 376 376 376 376 376 376 376 376 376 377 549 549 549 549 549 549 549 549 549 549 549 549 549 550 550 550 550 550 550 550 550 550 550 550 550 550 550 550 550 550 550 550 550 550 550 550 550 550 551 551 551 551 551 551
645 645 645 645 645 646 646 646 646 646 646 646 453 453 453 453 453 453 453 454 454 454 454 454 454 454 454 455 455 455 455 455 455 455 455 455 456 456 456 376 376 376 376 376 376 376 377 377 377 430 430 430 549 549 549 549 549 549 549 550 550 550 550 550 550 550 550 550 550 550 550 550 550 550 550 550 550 550 550 550 551 551 551 551 551 551 551 551 551 551 551 551 551 551
538 645 645 645 646 646 646 646 646 646 453 453 453 453 453 453 453 454 454 454 454 454 454 454 454 455 455 455 455 455 455 455 455 455 456 456 456 456 456 376 376 376 376 376 377 377 377 377 430 430 430 430 430 430 549 549 550 550 550 550 550 550 550 550 550 550 550 550 550 550 550 550 550 550 551 551 551 551 551 551 551 551 551 551 551 551 551 551 551 551 551 551 551 551
538 645 645 646 646 646 646 452 452 453 453 453 453 453 453 453 454 454 454 454 454 454 454 455 455 455 455 455 455 455 455 455 456 456 456 456 456 456 456 376 376 376 377 377 377 377 377 377 430 430 430 430 430 430 431 550 550 550 550 550 550 550 550 550 550 550 550 550 550 550 551 551 551 551 551 551 551 551 551 551 551 551 551 551 551 551 551 551 551 551 551 551 551 551
538 539 646 646 646 452 452 452 453 453 453 453 453 453 454 454 454 454 454 454 454 454 455 455 455 455 455 455 455 455 456 456 456 456 456 456 456 456 456 376 377 377 377 377 377 377 377 430 430 430 430 431 431 431 431 431 431 550 550 550 550 550 550 550 550 550 551 551 551 551 551 551 551 551 551 551 551 551 551 551 551 551 551 551 551 551 551 551 551 551 551 551 551 551
539 539 452 452 452 452 453 453 453 453 453 453 453 454 454 454 454 454 454 454 455 455 455 455 455 455 455 455 456 456 456 456 456 456 456 456 456 456 457 377 377 377 377 377 377 377 377 430 431 431 431 431 431 431 431 431 431 431 431 550 550 550 550 551 551 551 551 551 551 551 551 551 551 551 551 551 551 551 551 551 551 551 551 551 551 551 551 551 552 552 552 552 552 552
345 345 345 452 452 453 453 453 453 453 453 453 454 454 454 454 454 454 454 455 455 455 455 455 455 455 455 456 456 456 456 456 456 456 456 456 457 457 457 377 377 377 377 377 377 377 431 431 431 431 431 431 431 431 431 431 431 431 431 432 432 551 551 551 551 551 551 551 551 551 551 551 551 551 551 551 551 551 551 551 552 552 552 552 552 552 552 552 552 552 552 552 552 552
345 345 345 452 453 453 453 453 453 453 454 454 454 454 454 454 454 455 455 455 455 455 455 455 455 456 456 456 456 456 456 456 456 456 457 457 457 457 457 377 377 377 377 377 378 431 431 431 431 431 431 431 431 431 431 431 432 432 432 432 432 432 432 551 551 551 551 551 551 551 551 551 551 551 551 552 552 552 552 552 552 552 552 552 552 552 552 552 552 552 552 552 552 552
345 345 346 346 453 453 453 453 453 454 454 454 454 454 454 454 455 455 455 455 455 455 455 456 456 456 456 456 456 456 456 456 457 457 457 457 457 457 457 377 377 377 378 378 378 431 431 431 431 431 431 431 431 431 432 432 432 432 432 432 432 432 432 432 432 551 551 551 551 551 552 552 552 552 552 552 552 552 552 552 552 552 552 552 552 552 552 552 552 552 552 552 552 552
345 346 346 346 453 453 453 453 454 454 454 454 454 454 455 455 455 455 455 455 455 455 456 456 456 456 456 456 456 456 457 457 457 457 457 457 457 457 457 377 378 378 378 378 431 431 431 431 431 431 431 432 432 432 432 432 432 432 432 432 432 432 432 432 432 432 433 552 552 552 552 552 552 552 552 552 552 552 552 552 552 552 552 552 552 552 552 552 552 552 552 552 552 552
346 346 346 346 346 453 454 454 454 454 454 454 454 455 455 455 455 455 455 455 456 456 456 456 456 456 456 456 457 457 457 457 457 457 457 457 457 457 458 378 378 378 378 378 431 431 431 431 431 432 432 432 433 432 432 432 432 432 432 432 432 432 432 433 433 433 433 433 433 552 552 552 552 552 552 552 552 552 552 552 552 552 552 552 552 552 552 552 552 552 553 553 553 553
346 346 346 346 346 454 454 454 454 454 454 454 455 455 455 455 455 455 455 456 456 456 456 456 456 456 456 457 457 457 457 457 457 457 457 457 458 458 458 378 378 378 378 431 431 431 432 432 432 432 432 432 432 432 432 432 432 432 432 432 433 433 433 433 433 433 433 433 433 433 433 552 552 552 552 552 552 552 552 552 552 552 553 553 553 553 553 553 553 553 553 553 553 553
346 346 346 346 347 347 454 454 454 454 455 455 455 455 455 455 455 456 456 456 456 456 456 456 456 457 457 457 457 457 457 457 457 457 458 458 458 458 458 378 378 378 378 431 432 432 432 432 432 432 432 432 432 432 432 432 432 433 433 433 433 433 433 433 433 433 433 433 433 433 433 433 433 552 552 552 553 553 553 553 553 553 553 553 553 553 553 553 553 553 553 553 553 553
346 346 346 347 347 347 454 454 454 455 455 455 455 455 455 455 456 456 456 456 456 456 456 456 457 457 457 457 457 457 457 457 458 458 458 458 458 458 458 378 378 378 432 432 432 432 432 432 432 432 432 432 432 432 433 433 433 433 433 433 433 433 433 433 433 433 433 433 433 433 433 434 434 434 434 553 553 553 553 553 553 553 553 553 553 553 553 553 553 553 553 553 553 553
346 347 347 347 347 347 347 454 455 455 455 455 455 455 455 456 456 456 456 456 456 456 457 457 457 457 457 457 457 457 457 458 458 458 458 458 458 458 458 378 379 379 432 432 432 432 432 432 432 432 432 432 433 433 433 433 433 433 433 433 433 433 433 433 433 433 433 434 434 434 434 434 434 434 434 434 434 553 553 553 553 553 553 553 553 553 553 553 553 553 553 553 553 553
347 347 347 347 347 347 348 455 455 455 455 455 455 456 456 456 456 456 456 456 456 457 457 457 457 457 457 457 457 458 458 458 458 458 458 458 458 458 459 379 379 432 432 432 432 432 432 432 432 433 433 433 433 433 433 433 433 433 433 433 433 433 433 433 434 434 434 434 434 434 434 434 434 434 434 434 434 434 434 553 553 553 553 553 553 553 553 553 553 553 553 553 553 553
347 347 347 347 347 348 348 348 455 455 455 455 456 456 456 456 456 456 456 457 457 457 457 457 457 457 457 458 458 458 458 458 458 458 458 458 459 459 459 379 432 432 432 432 432 432 432 433 433 433 433 433 433 433 433 433 433 433 433 433 433 434 434 434 434 434 434 434 434 434 434 434 434 434 434 434 434 434 434 434 434 434 553 553 554 554 554 554 554 554 554 554 554 554
347 347 347 347 348 348 348 348 348 455 455 456 456 456 456 456 456 456 457 457 457 457 457 457 457 457 458 458 458 458 458 458 458 458 458 459 459 459 459 379 432 432 432 432 432 433 433 433 433 433 433 433 433 433 433 433 433 433 434 434 434 434 434 434 434 434 434 434 434 434 434 434 434 434 434 434 434 434 435 435 435 435 435 435 554 554 554 554 554 554 554 554 554 554
347 347 347 348 348 348 348 348 348 456 456 456 456 456 456 456 457 457 457 457 457 457 457 457 458 458 458 458 458 458 458 458 458 459 459 459 459 459 459 432 432 432 432 433 433 433 433 433 433 433 433 433 433 433 433 434 434 434 434 434 434 434 434 434 434 434 434 434 434 434 434 434 434 435 435 435 435 435 435 435 435 435 435 435 435 435 435 554 554 554 554 554 554 554
347 347 348 348 348 348 348 348 349 349 456 456 456 456 456 457 457 457 457 457 457 457 457 458 458 458 458 458 458 458 458 459 459 459 459 459 459 459 459 432 432 433 433 433 433 433 433 433 433 433 433 433 433 434 434 434 434 434 434 434 434 434 434 434 434 434 434 434 434 435 435 435 435 435 435 435 435 435 435 435 435 435 435 435 435 435 435 435 435 554 554 554 554 554
348 348 348 348 348 348 348 349 349 349 456 456 456 456 457 457 457 457 457 457 457 458 458 458 458 458 458 458 458 459 459 459 459 459 459 459 459 459 512 433 433 433 433 433 433 433 433 433 433 433 434 434 434 434 434 434 434 434 434 434 434 434 434 434 434 434 435 435 435 435 435 435 435 435 435 435 435 435 435 435 435 435 435 435 435 435 435 435 435 435 435 435 554 554
348 348 348 348 348 348 349 349 349 349 349 456 457 457 457 457 457 457 457 457 458 458 458 458 458 458 458 458 459 459 459 459 459 459 459 459 459 460 513 433 433 433 433 433 433 433 433 433 434 434 434 434 434 434 434 434 434 434 434 434 434 434 435 435 435 435 435 435 435 435 435 435 435 435 435 435 435 435 435 435 435 435 435 435 435 435 435 435 435 436 436 436 436 436
348 348 348 348 349 349 349 349 349 349 349 457 457 457 457 457 457 457 458 458 458 458 458 458 458 458 459 459 459 459 459 459 459 459 459 460 460 513 513 433 433 433 433 433 433 433 434 434 434 434 434 434 434 434 434 434 434 434 434 435 435 435 435 435 435 435 435 435 435 435 435 435 435 435 435 435 435 435 435 435 435 436 436 436 436 436 436 436 436 436 436 436 436 436
348 348 348 349 349 349 349 349 349 349 350 350 457 457 457 457 457 458 458 458 458 458 458 458 458 459 459 459 459 459 459 459 459 459 460 460 460 513 513 433 433 433 433 433 434 434 434 434 434 434 434 434 434 434 434 434 434 435 435 435 435 435 435 435 435 435 435 435 435 435 435 435 435 435 435 435 436 436 436 436 436 436 436 436 436 436 436 436 436 436 436 436 436 436
348 348 349 349 349 349 349 349 349 350 350 350 350 457 457 457 458 458 458 458 458 458 458 459 459 459 459 459 459 459 459 459 460 460 460 460 513 513 513 433 433 433 434 434 434 434 434 434 434 434 434 434 434 434 435 435 435 435 435 435 435 435 435 435 435 435 435 435 435 435 435 435 436 436 436 436 436 436 436 436 436 436 436 436 436 436 436 436 436 436 436 436 436 436
348 349 349 349 349 349 349 350 350 350 350 350 350 457 458 458 458 458 458 458 458 458 459 459 459 459 459 459 459 459 460 460 460 460 460 460 513 513 513 433 434 434 434 434 434 434 434 434 434 434 434 434 435 435 435 435 435 435 435 435 435 435 435 435 435 435 435 435 436 436 436 436 436 436 436 436 436 436 436 436 436 436 436 436 436 436 436 436 436 436 436 436 436 436
349 349 349 349 349 349 350 350 350 350 350 350 350 351 458 458 458 458 458 458 458 459 459 459 459 459 459 459 459 460 460 460 460 460 460 513 513 513 514 434 434 434 434 434 434 434 434 434 434 434 435 435 435 435 435 435 435 435 435 435 435 435 435 435 435 436 436 436 436 436 436 436 436 436 436 436 436 436 436 436 436 436 436 436 436 436 436 436 436 436 436 436 436 436
349 349 349 349 349 350 350 350 350 350 350 350 351 351 458 458 458 458 458 459 459 459 459 459 459 459 459 460 460 460 460 460 460 460 460 513 513 514 514 434 434 434 434 434 434 434 434 434 435 435 435 435 435 435 435 435 435 435 435 435 435 435 436 436 436 436 436 436 436 436 436 436 436 436 436 436 436 436 436 436 436 436 436 436 436 436 436 437 437 437 437 437 437 437
349 349 349 349 350 350 350 350 350 350 350 351 351 351 351 458 458 458 459 459 459 459 459 459 459 459 460 460 460 460 460 460 460 460 513 514 514 514 514 434 434 434 434 434 434 435 435 435 435 435 435 435 435 435 435 435 435 435 435 436 436 436 436 436 436 436 436 436 436 436 436 436 436 436 436 436 436 436 436 436 437 437 437 437 437 437 437 437 437 437 437 437 437 437
349 349 349 350 350 350 350 350 350 351 351 351 351 351 351 351 458 459 459 459 459 459 459 459 460 460 460 460 460 460 460 460 460 461 514 514 514 514 514 434 434 434 434 434 435 435 435 435 435 435 435 435 435 435 435 435 436 436 436 436 436 436 436 436 436 436 436 436 436 436 436 436 436 436 436 437 437 437 437 437 437 437 437 437 437 437 437 437 437 437 437 437 437 437
349 349 350 350 350 350 350 350 351 351 351 351 351 351 351 352 459 459 459 459 459 459 459 460 460 460 460 460 460 460 460 460 461 514 514 514 514 514 434 434 434 434 435 435 435 435 435 435 435 435 435 435 435 435 436 436 436 436 436 436 436 436 436 436 436 436 436 436 436 436 436 437 437 437 437 437 437 437 437 437 437 437 437 437 437 437 437 437 437 437 437 437 437 437
349 350 350 350 350 350 350 351 351 351 351 351 351 351 352 352 352 459 459 459 459 459 460 460 460 460 460 460 460 460 461 461 514 514 514 514 514 514 434 434 435 435 435 435 435 435 435 435 435 435 435 435 436 436 436 436 436 436 436 436 436 436 436 436 436 436 436 437 437 437 437 437 437 437 437 437 437 437 437 437 437 437 437 437 437 437 437 437 437 437 437 437 437 437
