testData/tiles/oneDegree/grid39.0-23.0-40.0-24.0.asc
ncols   200
nrows   200
xllcorner   39.0
yllcorner   23.0
cellsize   0.005
NODATA_value   -9999.0
[rows 41 to 81 of 200, columns 0 to 91 of 200]
428 493 494 494 495 496 496 497 497 498 498 500 500 501 501 503 506 509 512 514 516 519 521 525 526 528 531 533 502 506 507 510 511 513 515 517 519 521 523 524 526 528 529 532 533 534 536 538 539 540 542 543 545 548 549 550 551 553 554 555 556 558 559 561 563 564 565 566 567 568 569 570 572 573 574 575 575 577 578 579 580 582 582 583 584 585 586 587 588 589 590 591
429 429 494 495 495 497 497 498 498 499 500 501 501 501 502 502 505 507 510 513 515 518 521 522 525 527 530 531 534 537 506 508 510 512 514 517 518 519 522 523 525 527 529 530 533 534 535 536 538 540 542 544 545 546 548 549 550 551 553 554 556 557 559 560 561 562 564 565 566 567 569 570 571 572 573 574 575 576 579 580 580 581 583 584 585 585 586 588 589 590 590 590
429 430 430 496 497 498 498 499 499 501 501 501 502 502 503 504 504 506 508 511 513 516 519 521 524 526 527 531 533 535 537 507 508 512 513 515 517 519 520 522 525 526 528 530 531 533 534 536 539 540 541 542 544 545 547 549 550 552 553 555 556 557 558 560 561 562 563 565 566 567 568 570 571 572 573 575 576 577 578 578 580 581 582 583 584 585 586 587 588 589 590 591
430 431 431 433 433 499 499 500 501 501 502 502 503 503 504 505 505 506 506 508 512 515 518 520 521 524 527 529 532 533 535 538 508 510 512 514 515 518 519 522 524 525 527 529 530 531 535 536 537 538 540 542 543 545 546 548 549 551 552 553 555 556 557 558 560 561 562 564 566 567 568 569 571 572 573 574 574 576 577 578 579 581 582 582 583 584 586 586 587 588 589 591
431 432 433 434 434 434 500 500 502 502 503 503 503 505 505 506 506 506 507 508 511 513 515 518 521 523 526 528 530 532 534 537 539 509 511 513 514 518 519 521 522 524 526 527 529 532 533 535 536 538 539 541 542 544 546 547 549 550 552 553 554 555 557 558 560 561 563 564 565 566 568 569 570 570 572 573 574 575 577 578 579 579 580 582 583 584 584 585 587 588 589 589
432 434 434 434 435 435 436 502 503 503 503 504 505 506 506 506 507 507 509 509 509 511 513 516 519 521 524 526 528 532 533 535 538 539 509 512 514 516 518 520 521 522 525 527 528 531 532 533 536 537 538 540 542 544 545 546 548 549 550 552 553 555 556 558 559 560 561 563 564 565 566 568 569 570 571 572 574 575 575 576 579 580 581 582 582 584 585 586 587 586 588 589
433 434 435 435 436 436 438 438 503 504 504 506 506 506 507 507 508 509 509 510 510 510 512 514 517 519 521 524 527 529 532 534 535 538 540 510 513 514 516 518 520 521 524 526 527 529 531 532 534 536 538 539 541 543 544 545 546 548 549 552 553 555 556 557 558 560 561 562 563 565 566 567 568 570 571 572 573 574 576 577 578 579 580 581 582 583 584 585 586 587 588 589
436 436 436 436 436 438 438 439 439 440 506 506 507 507 508 508 509 510 510 510 511 512 513 513 514 518 520 523 526 528 529 532 534 536 539 541 511 513 515 516 519 521 523 524 526 528 529 531 534 535 536 539 540 541 542 544 546 548 550 551 552 553 555 556 557 558 560 561 563 564 565 567 568 569 570 572 573 574 574 576 577 578 579 580 582 582 583 584 585 587 587 681
438 438 437 437 438 439 439 439 440 440 442 507 507 508 508 510 510 510 511 511 511 513 513 514 514 514 519 521 523 526 528 530 533 535 537 540 541 511 513 516 518 519 522 523 524 527 529 530 532 534 535 537 539 540 542 543 546 547 548 549 551 552 553 554 556 558 560 561 563 564 565 565 567 568 569 570 571 573 574 575 576 578 578 579 580 581 583 584 584 585 586 681
440 440 439 438 440 439 440 440 441 442 442 443 508 509 510 510 511 511 511 512 513 513 514 514 515 516 516 519 521 523 526 529 531 534 535 537 539 542 544 514 516 518 519 522 523 526 527 529 531 532 534 536 538 539 541 543 544 545 547 548 549 550 554 555 556 557 559 560 561 562 564 565 566 567 569 570 571 572 572 574 575 576 577 579 581 582 581 582 583 585 586 679
442 441 442 442 442 441 440 441 442 443 443 443 444 445 511 511 511 512 512 513 514 514 514 515 516 517 517 517 519 521 524 527 529 531 533 536 538 540 543 544 514 516 518 521 522 524 526 527 530 531 532 535 537 538 539 542 543 544 545 547 550 551 552 554 555 556 557 558 560 561 562 563 565 566 568 569 571 572 573 574 575 577 577 578 579 580 582 583 583 584 678 680
444 444 444 444 443 443 442 443 443 443 444 444 444 446 446 512 512 512 514 514 514 515 515 516 517 517 517 518 518 519 522 524 526 529 531 534 537 538 540 543 544 514 517 519 521 522 525 526 527 530 532 534 535 537 538 540 541 543 545 546 548 550 551 552 553 555 556 557 558 560 562 563 564 565 567 568 569 570 571 573 574 575 576 578 579 579 580 581 583 584 678 678
446 446 446 446 445 444 444 445 445 444 444 445 446 446 447 447 448 514 514 515 515 515 517 517 517 518 518 518 520 520 520 522 524 526 530 532 534 537 538 540 543 546 515 517 519 521 522 525 527 529 530 532 534 535 536 539 541 542 543 545 547 548 549 551 552 553 555 558 559 560 561 562 564 565 566 567 569 570 571 571 572 574 575 576 577 578 580 581 581 582 676 678
275 448 448 447 447 447 447 447 446 446 445 446 447 447 447 448 449 450 515 515 516 516 517 518 518 518 519 520 520 521 521 521 522 525 527 530 532 534 536 539 541 543 546 515 517 518 522 523 525 527 529 530 531 534 536 537 539 541 542 543 545 547 548 550 551 553 555 556 557 559 560 561 562 563 565 566 567 568 569 571 572 573 574 575 576 577 578 579 580 582 675 676
278 450 449 450 449 450 449 448 448 447 448 447 447 448 448 449 450 450 451 451 516 518 518 518 519 519 520 521 521 521 522 522 523 523 524 527 529 532 535 536 539 541 543 544 515 518 519 522 523 525 526 529 531 533 534 536 538 539 540 542 544 546 547 549 550 551 553 555 556 557 558 559 561 562 563 565 567 568 569 570 571 573 574 575 576 577 578 579 580 674 675 677
279 453 452 451 451 451 451 450 449 449 449 449 448 448 449 450 450 451 451 451 453 518 518 519 519 520 521 521 521 522 522 523 524 524 524 525 526 529 532 534 536 538 541 544 545 515 518 519 521 523 526 527 529 531 533 534 535 538 539 541 542 545 546 547 548 550 552 553 554 555 558 559 560 561 563 564 565 566 567 569 570 571 572 573 575 576 577 578 578 673 674 675
282 454 454 453 453 453 452 452 451 451 452 451 451 450 450 451 451 451 452 453 453 454 454 519 520 521 521 522 522 522 524 524 524 525 525 525 526 527 529 531 534 536 539 541 544 513 515 518 519 522 523 526 527 529 530 533 534 536 538 540 541 542 544 546 547 548 549 553 554 555 556 557 559 560 561 562 563 565 566 567 568 570 571 572 573 574 576 577 578 672 672 673
283 283 455 456 455 454 454 454 455 454 453 453 452 452 452 451 451 452 453 454 454 454 455 455 521 522 522 522 522 524 524 524 525 525 525 527 527 527 528 529 531 534 537 539 541 542 513 515 517 520 522 523 525 527 529 531 533 535 536 538 539 541 542 544 546 548 549 551 552 553 555 556 557 558 560 561 562 563 564 566 567 568 569 570 572 573 574 575 669 671 672 673
285 284 457 457 458 457 456 456 456 456 455 454 454 454 453 453 452 452 454 454 454 455 455 456 457 457 522 523 524 524 525 525 525 526 527 527 527 528 528 528 530 531 533 535 538 540 543 514 516 517 519 521 523 526 527 530 531 532 534 536 538 539 541 543 545 546 547 548 550 552 553 554 556 557 558 559 561 563 564 565 566 567 569 570 571 572 573 575 669 670 671 672
287 286 460 460 459 459 458 458 458 457 456 456 456 455 455 454 454 454 454 455 455 455 457 457 457 458 458 459 524 525 525 525 526 527 527 528 528 528 528 530 530 530 531 533 535 538 541 543 512 514 517 519 521 524 525 527 528 531 532 534 536 537 540 541 542 544 546 547 548 549 552 553 555 556 557 559 560 561 562 563 565 566 567 568 569 571 572 573 667 668 670 671
289 288 462 461 461 460 460 460 459 459 458 458 458 457 456 456 456 455 455 455 455 457 457 457 458 458 458 460 460 525 526 526 527 527 528 528 528 529 530 530 531 531 531 531 533 535 537 539 542 512 515 517 519 521 523 524 527 528 531 532 534 536 537 539 541 542 543 545 548 549 550 552 553 555 556 557 558 559 561 562 563 564 565 567 568 569 570 571 666 667 668 669
291 291 290 463 462 462 462 461 461 460 459 460 459 459 459 458 459 458 457 457 456 457 458 458 458 458 460 460 460 461 461 527 528 528 528 529 529 530 530 531 531 531 532 533 533 533 535 537 539 542 513 514 516 518 521 522 525 526 529 530 532 533 536 537 538 540 542 544 546 547 548 550 551 553 554 555 557 558 559 560 561 563 564 565 566 567 569 570 664 665 666 668
293 293 292 464 464 464 463 463 463 463 463 462 462 461 460 461 460 459 459 458 458 458 458 458 459 460 460 461 461 461 462 463 463 528 529 529 530 531 531 531 531 532 533 533 533 534 534 534 537 539 541 511 514 516 517 520 523 524 526 527 530 531 533 535 537 539 540 542 543 545 547 548 549 550 552 554 555 557 558 560 561 562 563 564 566 567 568 662 663 665 666 667
295 294 293 466 466 467 466 465 465 465 464 464 463 462 463 462 461 461 460 460 460 459 458 459 460 460 461 461 461 463 463 463 464 464 529 530 531 531 531 532 532 533 533 534 534 534 534 536 536 536 538 541 510 513 515 518 520 521 523 525 527 530 531 534 535 536 538 540 541 543 544 545 548 550 551 552 553 555 557 558 559 560 562 563 564 565 566 661 662 663 664 665
296 296 296 468 469 468 467 467 466 466 466 465 465 464 464 464 463 462 462 462 461 461 460 459 461 461 461 461 462 463 463 464 464 464 466 466 531 531 532 532 533 533 534 534 534 535 536 536 536 537 537 537 540 511 513 514 516 519 521 522 525 528 529 531 532 534 536 537 539 541 543 545 546 547 549 551 552 553 554 555 558 559 560 561 562 564 565 659 660 661 662 664
299 298 297 297 470 469 469 468 469 468 467 467 466 466 466 465 464 464 464 463 463 462 461 462 461 461 462 462 463 463 464 464 464 466 466 466 467 467 532 533 534 534 534 534 536 536 536 536 537 537 537 539 539 507 509 511 514 516 518 520 523 524 526 528 530 532 533 536 537 539 541 542 543 546 547 548 549 551 553 554 555 556 557 559 561 562 563 657 658 660 661 662
300 299 299 299 472 471 470 470 470 469 469 468 468 468 467 466 466 466 465 465 464 463 464 463 462 462 462 463 464 464 464 464 466 466 466 467 467 467 468 469 534 534 535 536 536 536 537 537 537 537 539 539 539 539 508 508 511 513 516 518 519 521 523 525 527 530 531 534 535 536 538 539 542 543 544 546 548 549 551 552 554 555 557 558 559 560 561 656 657 659 660 660
301 301 300 301 473 472 472 472 471 471 470 469 470 469 468 468 467 467 467 466 465 465 465 464 464 463 462 464 464 464 465 465 466 466 467 467 467 469 469 469 469 470 536 536 536 537 537 537 538 539 539 539 539 540 540 509 509 510 512 514 516 519 520 523 525 527 529 530 532 533 536 537 539 540 542 545 546 547 549 550 552 553 554 556 557 559 653 654 655 656 658 659
303 302 303 302 474 474 473 474 474 473 473 473 472 472 471 469 470 469 468 468 467 467 466 466 465 464 465 464 464 465 465 466 467 467 467 467 469 469 469 469 470 470 471 472 537 537 537 539 539 539 539 540 540 540 541 542 510 510 510 511 513 516 518 519 522 524 526 527 530 531 534 535 537 539 541 542 543 545 547 548 549 551 552 554 555 556 650 652 653 655 656 657
304 304 305 304 304 476 476 476 475 475 474 474 474 473 472 472 472 471 470 469 469 469 468 467 466 467 466 465 465 465 466 467 467 467 467 469 469 469 470 470 470 471 472 472 472 472 539 539 539 539 540 540 541 541 542 542 542 510 511 512 512 512 515 517 519 520 522 525 527 529 531 532 535 536 538 539 540 543 544 545 547 548 550 551 552 554 648 650 651 652 653 654
307 307 306 306 305 478 478 477 477 476 476 476 475 474 474 474 473 473 472 471 471 470 469 469 468 468 467 467 466 466 467 467 467 467 468 469 469 470 470 470 471 472 472 472 472 474 474 474 540 540 540 541 541 542 542 542 542 511 512 512 512 513 513 513 515 518 520 522 524 526 528 530 531 533 534 537 538 540 541 542 546 547 548 550 551 553 647 648 649 650 651 653
308 308 308 307 307 480 479 479 478 477 478 477 476 476 476 475 475 474 473 474 473 471 471 470 470 469 469 468 467 468 467 467 468 468 469 469 470 470 470 471 472 472 472 473 474 474 474 475 475 475 541 542 542 542 542 543 543 544 512 512 513 513 513 513 515 515 516 518 520 523 525 526 528 530 532 535 536 537 540 541 543 544 545 547 549 550 644 646 647 649 650 651
310 310 309 309 308 308 481 480 479 480 479 478 478 477 477 477 476 475 475 475 474 474 472 472 472 471 470 469 470 469 468 468 468 469 469 470 470 470 472 472 472 472 473 473 474 474 475 475 475 476 477 477 542 542 543 544 544 544 545 513 513 513 514 515 515 515 515 516 517 519 521 522 526 528 529 531 533 535 537 538 539 541 543 545 546 547 641 643 645 646 647 648
312 311 311 310 310 310 482 481 481 481 480 480 479 479 479 478 477 477 477 476 476 475 474 474 473 472 471 471 471 470 470 469 469 469 470 470 470 472 472 472 472 473 473 474 474 475 475 475 476 477 477 477 477 478 544 544 544 545 545 545 513 515 515 515 515 515 516 516 516 517 518 520 522 524 526 527 530 532 533 535 536 539 540 541 543 637 639 641 642 643 644 646
313 312 312 311 312 311 483 483 483 482 482 481 480 481 480 479 479 478 478 478 477 476 477 476 474 473 473 473 472 472 471 470 470 470 470 470 471 472 472 472 473 473 474 474 475 475 475 476 477 477 477 477 478 479 479 479 545 545 545 546 515 515 515 515 515 516 516 517 517 518 518 518 518 520 523 525 526 528 530 532 534 536 538 539 540 636 637 639 639 640 642 644
314 315 314 314 314 313 486 485 484 484 483 482 482 482 481 481 480 480 480 479 478 478 478 477 475 475 475 474 474 473 472 472 472 470 470 471 472 472 472 473 473 474 474 475 475 475 476 477 477 477 477 478 479 479 479 480 480 480 546 547 547 515 515 516 516 517 517 517 518 518 518 518 518 519 519 520 523 525 528 529 531 533 534 537 538 632 634 635 637 639 640 642
317 316 315 316 315 315 314 486 487 486 485 485 484 483 483 482 481 482 481 480 480 480 479 478 478 476 476 476 475 474 473 474 473 471 471 472 472 472 473 473 474 474 475 475 475 476 477 477 477 478 478 479 479 479 480 480 480 481 482 482 547 547 516 516 517 517 517 518 518 518 518 518 519 520 520 520 520 522 524 525 527 529 531 533 534 629 630 633 634 636 637 638
318 317 317 317 316 316 315 489 488 487 487 486 486 486 484 483 484 483 482 481 481 481 480 480 479 478 478 477 476 475 476 475 474 473 472 472 472 473 473 473 474 475 475 475 476 477 477 477 478 478 479 479 479 480 480 480 481 482 482 482 482 483 549 517 517 517 518 518 518 518 519 520 520 520 520 521 521 521 521 521 523 526 527 529 531 625 628 629 631 632 634 635
319 319 319 318 318 317 316 490 489 488 488 488 487 487 486 484 485 484 483 483 483 482 482 481 480 480 479 478 477 477 477 476 476 474 474 473 473 473 473 474 475 475 475 476 477 477 477 478 478 479 479 479 480 480 480 481 482 482 482 482 483 484 484 452 452 518 518 518 519 520 520 520 520 520 521 521 521 521 521 522 522 522 523 525 527 622 624 625 627 628 631 632
321 320 320 320 319 318 319 318 490 490 489 489 489 488 487 488 486 485 485 484 484 484 483 482 483 482 480 479 479 479 478 478 477 475 475 475 474 473 474 475 475 475 475 477 477 477 478 478 478 479 479 480 480 480 481 482 482 482 482 483 484 484 484 484 453 453 453 519 520 520 520 520 520 521 521 521 521 522 523 523 523 523 523 523 524 619 621 622 624 627 628 630
322 321 322 321 320 320 320 319 492 491 490 491 490 489 489 489 488 487 486 486 486 485 484 483 484 483 481 481 480 480 479 479 478 477 477 476 475 474 475 475 475 475 476 477 477 477 478 478 479 479 480 480 480 481 482 482 482 482 483 484 484 484 484 485 485 454 454 455 455 520 520 520 521 521 522 522 522 523 523 523 523 523 524 524 524 617 617 618 621 622 624 626
