testData/tiles/oneDegree/grid11.0-27.0-12.0-28.0.asc
ncols   200
nrows   200
xllcorner   11.0
yllcorner   27.0
cellsize   0.005
NODATA_value   -9999.0
[rows 42 to 83 of 200, columns 0 to 93 of 200]
434 434 434 433 319 319 319 318 318 318 318 317 317 317 317 316 316 316 316 315 315 315 314 314 314 314 313 313 313 312 312 312 312 311 311 311 310 310 310 309 309 309 308 308 308 307 307 307 306 306 306 305 305 305 304 304 303 303 303 302 302 302 301 301 301 301 301 301 301 301 301 301 301 301 301 301 301 300 300 300 300 300 300 300 300 300 300 300 300 300 300 300 300 300
434 433 433 433 433 318 318 318 318 317 317 317 317 316 316 316 316 315 315 315 315 314 314 314 313 313 313 313 312 312 312 311 311 311 310 310 310 309 309 309 309 308 308 308 307 307 307 306 306 306 305 305 304 304 304 303 303 303 302 302 302 301 301 301 301 301 301 301 301 301 301 301 301 301 300 300 300 300 300 300 300 300 300 300 300 300 300 300 300 300 300 300 300 300
433 433 433 432 432 318 318 317 317 317 317 316 316 316 316 315 315 315 315 314 314 314 314 313 313 313 312 312 312 311 311 311 311 310 310 310 309 309 309 308 308 308 307 307 307 306 306 306 305 305 305 304 304 304 303 303 303 302 302 302 301 301 301 301 301 301 301 301 301 301 301 300 300 300 300 300 300 300 300 300 300 300 300 300 300 300 300 300 300 300 300 300 300 299
431 432 432 432 432 431 317 317 317 316 316 316 316 315 315 315 315 314 314 314 314 313 313 313 312 312 312 312 311 311 311 310 310 310 309 309 309 309 308 308 308 307 307 307 306 306 306 305 305 305 304 304 304 303 303 303 302 302 301 301 301 301 301 301 301 301 301 301 300 300 300 300 300 300 300 300 300 300 300 300 300 300 300 300 300 300 300 300 300 300 299 299 299 299
431 431 431 430 430 431 317 316 316 316 316 315 315 315 315 314 314 314 314 313 313 313 313 312 312 312 311 311 311 311 310 310 310 309 309 309 308 308 308 307 307 307 306 306 306 305 305 305 304 304 304 303 303 303 302 302 302 301 301 301 301 301 301 301 300 300 300 300 300 300 300 300 300 300 300 300 300 300 300 300 300 300 300 300 300 300 300 300 299 299 299 299 299 299
430 430 430 430 430 429 429 315 315 314 315 315 315 314 314 314 314 313 313 313 313 312 312 312 311 311 311 311 310 310 310 309 309 309 309 308 308 308 307 307 307 306 306 306 305 305 305 304 304 304 303 303 303 302 302 302 301 301 301 300 300 300 300 300 300 300 300 300 300 300 300 300 300 300 300 300 300 300 300 300 300 300 300 300 300 300 299 299 299 299 299 299 299 299
430 430 429 429 429 429 429 314 314 314 314 313 313 313 313 313 313 313 313 312 312 312 312 311 311 311 310 310 310 310 309 309 309 308 308 308 307 307 307 307 306 306 306 305 305 305 304 304 304 303 303 303 302 302 301 300 300 300 300 300 300 300 300 300 300 300 300 300 300 300 300 300 300 300 300 300 300 300 300 300 300 300 300 300 299 299 299 299 299 299 299 299 299 299
429 429 429 429 428 428 428 428 314 313 313 313 313 312 312 312 312 311 311 311 311 310 310 311 310 310 310 310 309 309 309 308 308 308 308 307 307 307 306 306 306 305 305 305 304 304 303 302 302 302 301 301 301 300 300 300 300 300 300 300 300 300 300 300 300 300 300 300 300 300 300 300 300 300 300 300 300 300 300 300 300 299 299 299 299 299 299 299 299 299 299 299 299 299
429 429 428 428 428 428 428 427 313 313 313 312 312 312 312 311 311 311 311 310 310 310 310 309 309 309 308 308 308 308 307 307 307 306 306 306 305 305 305 305 304 304 304 303 303 303 302 302 302 301 301 301 300 300 300 300 300 300 300 300 300 300 300 300 300 300 300 300 300 300 300 300 300 300 300 300 300 300 299 299 299 299 299 299 299 299 299 299 299 299 299 299 299 299
428 428 428 428 427 427 427 427 427 312 312 312 312 311 311 311 311 310 310 310 310 309 309 309 308 308 308 308 307 307 307 307 306 306 306 305 305 305 304 304 304 303 303 303 303 302 302 302 301 301 301 300 300 300 300 300 300 300 300 300 300 300 300 300 300 300 300 300 300 300 300 300 300 300 300 299 299 299 299 299 299 299 299 299 299 299 299 299 299 299 299 299 299 299
428 428 427 427 427 427 426 426 426 312 312 311 311 311 311 310 310 310 310 309 309 309 309 308 308 308 307 307 307 307 306 306 306 305 305 305 305 304 304 304 303 303 303 302 302 302 301 301 301 300 300 300 300 300 300 300 300 300 300 300 300 300 300 300 300 300 300 300 300 300 300 300 299 299 299 299 299 299 299 299 299 299 299 299 299 299 299 299 299 299 299 299 299 298
427 427 427 427 426 426 426 426 426 425 311 311 311 310 310 310 310 309 309 309 309 308 308 308 307 307 307 307 306 306 306 306 305 305 305 304 304 304 303 303 303 303 302 302 302 301 301 301 300 300 300 300 300 300 300 300 300 300 300 300 300 300 300 300 300 300 300 300 300 299 299 299 299 299 299 299 299 299 299 299 299 299 299 299 299 299 299 299 299 299 299 298 298 298
426 426 425 425 426 426 425 425 425 425 311 310 310 310 310 309 309 309 309 308 308 308 308 307 307 307 306 306 306 306 305 305 305 304 304 304 304 303 303 303 302 302 302 301 301 301 300 300 300 300 300 300 300 300 300 300 300 300 300 300 300 300 300 300 300 299 299 299 299 299 299 299 299 299 299 299 299 299 299 299 299 299 299 299 299 299 299 299 299 298 298 298 298 298
425 425 425 425 424 424 424 424 424 424 310 310 310 309 309 309 309 308 308 308 308 307 307 307 306 306 306 306 305 305 305 305 304 304 304 303 303 303 302 302 302 302 301 301 301 300 300 300 300 300 300 300 300 300 300 300 300 300 300 300 300 299 299 299 299 299 299 299 299 299 299 299 299 299 299 299 299 299 299 299 299 299 299 299 299 299 298 298 298 298 298 298 298 298
425 424 424 424 424 424 423 423 423 423 422 308 308 308 309 308 308 308 308 307 307 307 307 306 306 306 305 305 305 305 304 304 304 303 303 303 303 302 302 302 301 301 301 300 300 300 300 300 300 300 300 300 300 300 300 299 299 299 299 299 299 299 299 299 299 299 299 299 299 299 299 299 299 299 299 299 299 299 299 299 299 299 299 299 298 298 298 298 298 298 298 298 298 298
424 424 424 424 423 423 423 423 422 422 422 308 308 307 307 307 307 306 306 306 306 306 306 306 305 305 305 305 304 304 304 304 303 303 303 302 302 302 302 301 301 301 300 300 300 300 300 300 299 299 299 299 299 299 299 299 299 299 299 299 299 299 299 299 299 299 299 299 299 299 299 299 299 299 299 299 299 299 299 299 299 298 298 298 298 298 298 298 298 298 298 298 298 298
424 423 423 423 423 423 422 422 422 422 421 421 307 307 307 306 306 306 306 305 305 305 305 304 304 304 303 303 303 303 302 302 302 302 301 301 301 300 300 300 299 299 299 299 299 299 299 299 299 299 299 299 299 299 299 299 299 299 299 299 299 299 299 299 299 299 299 299 299 299 299 299 299 299 299 299 299 299 298 298 298 298 298 298 298 298 298 298 298 298 298 298 298 298
423 423 423 422 422 422 422 422 421 421 421 421 306 306 306 306 306 305 305 305 305 304 304 304 303 303 303 303 302 302 302 302 301 301 301 300 300 300 300 299 299 299 299 299 299 299 299 299 299 299 299 299 299 299 299 299 299 299 299 299 299 299 299 299 299 299 299 299 299 299 299 299 299 299 299 298 298 298 298 298 298 298 298 298 298 298 298 298 298 298 298 298 298 298
423 422 422 422 422 422 421 421 421 421 420 420 306 306 305 305 305 305 305 304 304 304 304 303 303 303 302 302 302 302 301 301 301 301 300 300 300 299 299 299 299 299 299 299 299 299 299 299 299 299 299 299 299 299 299 299 299 299 299 299 299 299 299 299 299 299 299 299 299 299 299 299 298 298 298 298 298 298 298 298 298 298 298 298 298 298 298 298 298 298 298 298 298 297
422 422 422 421 421 421 421 421 420 420 420 420 419 305 305 305 304 304 304 304 304 303 303 303 302 302 302 302 301 301 301 301 300 300 300 299 299 299 299 299 299 299 299 299 299 299 299 299 299 299 299 299 299 299 299 299 299 299 299 299 299 299 299 299 299 299 299 299 299 298 298 298 298 298 298 298 298 298 298 298 298 298 298 298 298 298 298 298 298 298 298 297 297 297
420 420 420 420 421 420 420 420 420 420 419 419 419 305 304 304 304 304 303 303 303 303 303 302 302 302 301 301 301 301 300 300 300 300 299 299 299 299 299 299 299 299 299 299 299 299 299 299 299 299 299 299 299 299 299 299 299 299 299 299 299 299 299 299 299 298 298 298 298 298 298 298 298 298 298 298 298 298 298 298 298 298 298 298 298 298 298 298 297 297 297 297 297 297
420 420 420 419 419 419 419 419 418 419 419 419 418 304 304 304 303 303 303 303 302 302 302 302 301 301 301 301 300 300 300 300 299 299 299 299 299 299 299 299 299 299 299 299 299 299 299 299 299 299 299 299 299 299 299 299 299 299 299 299 298 298 298 298 298 298 298 298 298 298 298 298 298 298 298 298 298 298 298 298 298 298 298 298 298 298 297 297 297 297 297 297 297 297
419 419 419 419 419 418 418 418 418 418 417 417 417 417 302 303 303 303 302 302 302 302 301 301 301 301 300 300 300 300 299 299 299 299 299 299 299 299 299 299 299 299 299 299 299 299 299 299 299 299 299 299 299 299 298 298 298 298 298 298 298 298 298 298 298 298 298 298 298 298 298 298 298 298 298 298 298 298 298 298 298 298 298 297 297 297 297 297 297 297 297 297 297 297
419 419 418 418 418 418 418 417 417 417 417 417 416 416 302 302 301 301 301 301 300 300 300 301 300 300 300 300 299 299 299 299 299 299 299 299 299 299 299 299 299 299 299 299 299 299 298 298 298 298 298 298 298 298 298 298 298 298 298 298 298 298 298 298 298 298 298 298 298 298 298 298 298 298 298 298 298 298 298 298 297 297 297 297 297 297 297 297 297 297 297 297 297 297
418 418 418 418 418 417 417 417 417 416 416 416 416 416 301 301 301 301 300 300 300 300 299 299 299 299 298 298 298 298 298 298 298 298 298 298 298 298 298 298 298 298 298 298 298 298 298 298 298 298 298 298 298 298 298 298 298 298 298 298 298 298 298 298 298 298 298 298 298 298 298 298 298 298 298 298 298 297 297 297 297 297 297 297 297 297 297 297 297 297 297 297 297 297
418 418 417 417 417 417 417 416 416 416 416 416 415 415 415 301 300 300 300 300 299 299 299 299 298 298 298 298 298 298 298 298 298 298 298 298 298 298 298 298 298 298 298 298 298 298 298 298 298 298 298 298 298 298 298 298 298 298 298 298 298 298 298 298 298 298 298 298 298 298 298 298 298 298 297 297 297 297 297 297 297 297 297 297 297 297 297 297 297 297 297 297 297 297
417 417 417 417 416 416 416 416 416 415 415 415 415 415 414 300 300 300 299 299 299 299 298 298 298 298 298 298 298 298 298 298 298 298 298 298 298 298 298 298 298 298 298 298 298 298 298 298 298 298 298 298 298 298 298 298 298 298 298 298 298 298 298 298 298 298 298 298 298 298 298 297 297 297 297 297 297 297 297 297 297 297 297 297 297 297 297 297 297 297 297 297 296 296
416 416 416 416 416 416 416 415 415 415 415 414 414 414 414 300 299 299 299 299 298 298 298 298 298 298 298 298 298 298 298 298 298 298 298 298 298 298 298 298 298 298 298 298 298 298 298 298 298 298 298 298 298 298 298 298 298 298 298 298 298 298 298 298 298 298 298 297 297 297 297 297 297 297 297 297 297 297 297 297 297 297 297 297 297 297 297 297 297 296 296 296 296 296
415 415 415 415 414 414 415 415 415 414 414 414 414 414 413 299 299 299 298 298 298 298 298 298 298 298 298 298 298 298 298 298 298 298 298 298 298 298 298 298 298 298 298 298 298 298 298 298 298 298 298 298 298 298 298 298 298 298 298 298 298 298 298 297 297 297 297 297 297 297 297 297 297 297 297 297 297 297 297 297 297 297 297 297 297 297 297 296 296 296 296 296 296 296
415 414 414 414 414 414 413 413 413 413 413 412 413 413 413 413 298 298 298 298 298 298 298 298 298 298 298 298 298 298 298 298 298 298 298 298 298 298 298 298 298 298 298 298 298 298 298 298 298 298 298 298 298 298 298 298 298 297 297 297 297 297 297 297 297 297 297 297 297 297 297 297 297 297 297 297 297 297 297 297 297 297 297 297 296 296 296 296 296 296 296 296 296 296
414 414 414 414 413 413 413 413 413 412 412 412 412 411 411 411 297 297 297 298 298 298 298 298 298 298 298 298 298 298 298 298 298 298 298 298 298 298 298 298 298 298 298 298 298 298 298 298 298 298 297 297 297 297 297 297 297 297 297 297 297 297 297 297 297 297 297 297 297 297 297 297 297 297 297 297 297 297 297 297 297 297 296 296 296 296 296 296 296 296 296 296 296 296
414 413 413 413 413 413 412 412 412 412 412 411 411 411 411 411 297 297 297 297 297 297 297 297 297 297 297 297 297 297 297 297 297 297 297 297 297 297 297 297 297 297 297 297 297 297 297 297 297 297 297 297 297 297 297 297 297 297 297 297 297 297 297 297 297 297 297 297 297 297 297 297 297 297 297 297 297 297 297 296 296 296 296 296 296 296 296 296 296 296 296 296 296 296
413 413 413 412 412 412 412 412 411 411 411 411 411 411 411 411 297 297 297 297 297 297 297 297 297 297 297 297 297 297 297 297 297 297 297 297 297 297 297 297 297 297 297 297 297 297 297 297 297 297 297 297 297 297 297 297 297 297 297 297 297 297 297 297 297 297 297 297 297 297 297 297 297 297 297 296 296 296 296 296 296 296 296 296 296 296 296 296 296 296 296 296 296 296
347 412 412 412 412 412 411 411 411 411 411 411 411 411 411 411 411 297 297 297 297 297 297 297 297 297 297 297 297 297 297 297 297 297 297 297 297 297 297 297 297 297 297 297 297 297 297 297 297 297 297 297 297 297 297 297 297 297 297 297 297 297 297 297 297 297 297 297 297 297 297 297 296 296 296 296 296 296 296 296 296 296 296 296 296 296 296 296 296 296 296 296 295 295
345 412 412 411 411 411 411 411 411 411 411 411 411 411 411 411 411 297 297 297 297 297 297 297 297 297 297 297 297 297 297 297 297 297 297 297 297 297 297 297 297 297 297 297 297 297 297 297 297 297 297 297 297 297 297 297 297 297 297 297 297 297 297 297 297 297 297 297 296 296 296 296 296 296 296 296 296 296 296 296 296 296 296 296 296 296 296 296 296 296 295 295 295 295
344 344 410 410 410 411 411 411 411 411 411 411 411 411 411 411 411 297 297 297 297 297 297 297 297 297 297 297 297 297 297 297 297 297 297 297 297 297 297 297 297 297 297 297 297 297 297 297 297 297 297 297 297 297 297 297 297 297 297 297 297 297 297 297 296 296 296 296 296 296 296 296 296 296 296 296 296 296 296 296 296 296 296 296 296 296 296 295 295 295 295 295 295 295
344 344 410 410 410 410 410 410 410 410 410 411 411 411 411 411 411 297 297 297 297 297 297 297 297 297 297 297 297 297 297 297 297 297 297 297 297 297 297 297 297 297 297 297 297 297 297 297 297 297 297 297 297 297 297 297 297 297 296 296 296 296 296 296 296 296 296 296 296 296 296 296 296 296 296 296 296 296 296 296 296 296 296 296 296 295 295 295 295 295 295 295 295 295
344 344 344 410 410 410 410 410 410 410 410 410 410 410 410 410 410 296 297 297 297 297 297 297 297 297 297 297 297 297 297 297 297 297 297 297 297 297 297 297 297 297 297 297 297 297 297 297 297 297 297 296 296 296 296 296 296 296 296 296 296 296 296 296 296 296 296 296 296 296 296 296 296 296 296 296 296 296 296 296 296 296 295 295 295 295 295 295 295 295 295 295 295 295
344 344 344 410 410 410 410 410 410 410 410 410 410 410 410 410 410 410 296 296 296 296 296 296 296 296 296 296 296 296 296 297 297 297 297 297 297 297 296 296 296 296 296 296 296 296 296 296 296 296 296 296 296 296 296 296 296 296 296 296 296 296 296 296 296 296 296 296 296 296 296 296 296 296 296 296 296 296 296 295 295 295 295 295 295 295 295 295 295 295 295 295 295 295
344 344 344 344 410 410 410 410 410 410 410 410 410 410 410 410 410 410 296 296 296 296 296 296 296 296 296 296 296 296 296 296 296 296 296 296 296 296 296 296 296 296 296 296 296 296 296 296 296 296 296 296 296 296 296 296 296 296 296 296 296 296 296 296 296 296 296 296 296 296 296 296 296 296 296 295 295 295 295 295 295 295 295 295 295 295 295 295 295 295 295 295 295 295
344 344 344 344 344 410 410 410 410 410 410 410 410 410 410 410 410 410 296 296 296 296 296 296 296 296 296 296 296 296 296 296 296 296 296 296 296 296 296 296 296 296 296 296 296 296 296 296 296 296 296 296 296 296 296 296 296 296 296 296 296 296 296 296 296 296 296 296 296 296 296 296 295 295 295 295 295 295 295 295 295 295 295 295 295 295 295 295 295 295 295 295 294 294
486 487 487 487 344 410 410 410 410 410 410 410 410 410 410 410 410 410 296 296 296 296 296 296 296 296 296 296 296 296 296 296 296 296 296 296 296 296 296 296 296 296 296 296 296 296 296 296 296 296 296 296 296 296 296 296 296 296 296 296 296 296 296 296 296 296 296 296 295 295 295 295 295 295 295 295 295 295 295 295 295 295 295 295 295 295 295 295 295 295 294 294 294 294
