testData/tiles/oneDegree/grid2.0-7.0-3.0-8.0.asc
ncols   200
nrows   200
xllcorner   2.0
yllcorner   7.0
cellsize   0.005
NODATA_value   -9999.0
[rows 126 to 167 of 200, columns 94 to 187 of 200]
455 455 455 455 455 455 455 454 454 454 454 454 454 454 453 453 453 453 453 453 452 452 452 452 452 452 452 451 451 451 451 451 451 450 450 450 450 450 450 449 449 448 448 448 447 447 447 447 447 447 446 446 446 446 445 444 444 444 444 444 444 443 443 443 442 442 441 441 441 441 441 440 440 440 440 439 439 439 439 439 438 438 438 438 438 437 437 437 437 436 436 436 436 435
455 456 456 456 456 456 456 455 455 455 455 455 455 455 454 454 454 454 454 454 453 453 453 453 453 453 453 452 451 451 451 451 451 450 450 450 450 450 450 449 449 449 449 449 449 448 448 447 447 447 446 446 446 446 446 446 445 445 444 444 444 443 443 443 443 443 442 441 441 441 441 440 440 440 440 440 439 439 439 439 438 438 438 438 438 437 437 437 437 436 436 436 436 435
456 456 456 456 456 456 456 455 455 455 455 455 455 455 454 454 454 454 454 454 454 453 453 453 453 453 453 452 452 452 452 452 452 451 451 451 451 450 450 449 449 449 449 449 449 448 448 448 448 448 447 447 446 446 446 446 445 445 445 445 445 444 443 443 443 443 442 442 442 442 441 440 440 440 440 440 439 439 439 439 438 438 438 438 438 437 437 437 437 436 436 436 436 436
456 456 456 456 456 456 456 456 455 456 456 456 456 456 455 455 455 455 455 455 454 453 453 453 453 453 453 452 452 452 452 452 452 451 451 451 451 451 451 450 450 450 450 450 449 448 448 448 448 448 448 447 447 447 447 447 445 445 445 445 445 444 444 444 444 443 442 442 442 442 442 441 441 440 440 440 439 439 439 439 439 438 438 438 438 437 437 437 437 437 436 436 436 436
458 457 457 457 457 457 457 457 456 456 456 456 456 456 455 455 455 455 455 455 455 454 454 454 454 454 454 453 453 453 453 453 453 452 451 451 451 451 451 450 450 450 450 450 450 449 449 449 449 448 448 447 447 447 447 447 446 446 446 446 445 444 444 444 444 444 443 443 442 442 442 441 441 441 441 441 439 439 439 439 439 438 438 438 438 437 437 437 437 437 436 436 436 436
458 457 457 457 457 457 457 457 456 456 456 456 456 456 456 455 455 455 455 455 455 454 454 454 454 454 454 454 453 453 453 453 453 453 452 452 452 452 452 452 451 450 450 450 450 449 449 449 449 449 449 448 448 447 447 447 446 446 446 446 446 445 445 444 444 444 444 443 443 443 443 441 441 441 441 441 440 440 439 439 439 438 438 438 438 437 437 437 437 437 436 436 436 436
459 458 458 458 458 458 458 458 457 457 457 457 457 457 457 456 456 456 456 456 456 455 455 455 455 455 455 455 454 453 453 453 453 453 452 452 452 452 452 452 451 451 451 451 451 450 449 449 449 449 449 448 448 448 448 448 447 446 446 446 446 446 445 445 445 445 444 443 443 443 443 443 442 442 441 441 440 440 440 440 440 438 438 438 438 438 437 437 437 437 436 436 436 436
459 458 458 458 458 458 458 458 457 457 457 457 457 457 457 456 456 456 456 456 456 456 455 455 455 455 455 455 454 454 454 454 454 454 453 453 453 452 452 452 451 451 451 451 451 451 450 450 450 450 450 448 448 448 448 448 448 447 447 447 447 446 445 445 445 445 445 444 444 443 443 443 442 442 442 442 442 440 440 440 440 439 439 438 438 438 437 437 437 437 436 436 436 436
459 458 458 458 458 458 458 458 458 458 458 458 458 458 458 457 457 457 457 457 457 456 455 455 455 455 455 455 454 454 454 454 454 454 453 453 453 453 453 453 452 452 452 452 451 451 450 450 450 450 450 449 449 449 449 448 448 447 447 447 447 447 446 446 445 445 445 444 444 444 444 444 442 442 442 442 442 441 441 440 440 439 439 439 439 439 437 437 437 437 436 436 436 436
460 460 459 459 459 459 459 459 459 458 458 458 458 458 458 457 457 457 457 457 457 457 456 456 456 456 456 456 455 455 455 455 455 455 453 453 453 453 453 453 452 452 452 452 452 452 451 451 451 450 450 449 449 449 449 449 449 448 448 447 447 447 446 446 446 446 446 445 444 444 444 444 443 443 443 442 442 441 441 441 441 440 439 439 439 439 438 438 437 437 436 436 436 436
460 460 459 459 459 459 459 459 459 458 458 458 458 458 458 457 457 457 457 457 457 457 456 456 456 456 456 456 455 455 455 455 455 455 454 454 454 454 454 454 453 452 452 452 452 452 451 451 451 451 451 451 450 449 449 449 449 448 448 448 448 448 447 446 446 446 446 445 445 445 444 444 443 443 443 443 443 442 441 441 441 441 440 440 439 439 438 438 438 438 436 436 436 436
461 461 460 460 460 460 460 460 460 459 459 459 459 459 459 459 458 458 458 458 458 458 457 457 457 457 457 457 456 455 455 455 455 455 455 454 454 454 454 454 453 453 453 453 453 453 451 451 451 451 451 451 450 450 450 450 450 448 448 448 448 448 447 447 447 447 446 445 445 445 445 445 444 443 443 443 443 442 442 442 441 441 440 440 440 440 438 438 438 438 438 437 436 436
461 461 460 460 460 460 460 460 460 459 459 459 459 459 459 459 458 458 458 458 458 458 457 457 457 457 457 457 457 456 456 456 456 456 456 455 455 454 454 454 454 453 453 453 453 453 452 452 452 452 452 451 450 450 450 450 450 449 449 449 449 448 447 447 447 447 447 446 446 445 445 445 444 444 444 444 443 442 442 442 442 442 440 440 440 440 439 439 438 438 438 437 437 437
461 461 460 460 460 460 460 461 461 460 460 460 460 460 460 460 459 459 459 459 459 459 457 457 457 457 457 457 457 456 456 456 456 456 456 455 455 455 455 455 455 454 454 453 453 453 452 452 452 452 452 452 451 451 451 450 450 449 449 449 449 449 448 448 447 447 447 447 446 446 446 446 444 444 444 444 444 443 442 442 442 442 441 441 441 440 439 439 439 439 439 437 437 437
462 462 461 461 461 461 461 461 461 460 460 460 460 460 460 460 459 459 459 459 459 459 458 458 458 458 458 458 458 457 457 457 457 457 456 455 455 455 455 455 455 454 454 454 454 454 453 453 452 452 452 452 451 451 451 451 451 450 450 449 449 449 449 448 448 448 448 447 446 446 446 446 446 445 444 444 444 443 443 443 443 442 441 441 441 441 440 439 439 439 439 438 438 437
462 462 461 461 461 461 461 461 461 460 460 460 460 460 460 460 459 459 459 459 459 459 459 458 458 458 458 458 458 457 457 457 457 457 457 456 456 456 456 456 455 454 454 454 454 454 454 453 453 453 453 453 452 451 451 451 451 450 450 450 450 450 449 448 448 448 448 448 447 447 446 446 446 445 445 445 445 443 443 443 443 443 442 441 441 441 441 440 440 439 439 438 438 438
463 463 462 462 462 462 462 462 462 461 461 461 461 461 461 461 460 460 460 460 460 460 460 459 459 459 459 459 459 457 457 457 457 457 457 456 456 456 456 456 456 455 455 455 455 455 454 453 453 453 453 453 452 452 452 452 451 451 450 450 450 450 450 449 449 448 448 448 447 447 447 447 446 445 445 445 445 444 444 443 443 443 442 442 442 441 441 440 440 440 440 438 438 438
463 463 462 462 462 462 462 462 462 461 461 461 461 461 461 461 460 460 460 460 460 460 460 459 459 459 459 459 459 458 458 458 458 458 458 457 457 456 456 456 456 455 455 455 455 455 455 454 454 454 453 453 452 452 452 452 452 452 451 451 450 450 450 449 449 449 449 449 447 447 447 447 447 446 446 445 445 445 444 444 444 443 442 442 442 442 442 440 440 440 440 439 439 438
463 463 463 462 462 462 463 463 463 463 462 462 462 462 462 462 461 461 461 461 461 461 461 459 459 459 459 459 459 458 458 458 458 458 458 457 457 457 457 457 457 456 456 455 455 455 455 454 454 454 454 454 453 453 452 452 452 452 451 451 451 451 451 449 449 449 449 449 448 448 448 447 447 446 446 446 446 445 444 444 444 444 443 443 442 442 442 441 441 440 440 439 439 439
464 464 464 463 463 463 463 463 463 463 462 462 462 462 462 462 461 461 461 461 461 461 461 460 460 460 460 460 460 459 459 459 459 459 458 457 457 457 457 457 457 456 456 456 456 456 456 455 454 454 454 454 453 453 453 453 453 453 451 451 451 451 451 450 450 450 449 449 448 448 448 448 448 446 446 446 446 446 445 445 444 444 443 443 443 443 442 441 441 441 441 439 439 439
464 464 464 463 463 463 463 463 463 463 462 462 462 462 462 462 461 461 461 461 461 461 461 460 460 460 460 460 460 459 459 459 459 459 459 458 458 458 458 458 457 456 456 456 456 456 456 455 455 455 455 455 453 453 453 453 453 453 452 452 452 451 451 450 450 450 450 450 449 448 448 448 448 447 447 447 446 446 445 445 445 445 443 443 443 443 443 442 441 441 441 440 440 439
465 465 465 464 464 464 464 464 464 464 463 463 463 463 463 463 462 462 462 462 462 462 462 461 461 461 461 461 461 459 459 459 459 459 459 458 458 458 458 458 458 457 457 457 457 457 456 455 455 455 455 455 454 454 454 454 453 453 452 452 452 452 452 451 450 450 450 450 449 449 449 449 448 447 447 447 447 447 445 445 445 445 444 444 443 443 443 442 442 442 441 440 440 440
465 465 465 464 464 464 464 464 464 464 463 463 463 463 463 463 463 462 462 462 462 462 462 461 461 461 461 461 461 460 460 460 460 460 460 459 459 458 458 458 458 457 457 457 457 457 457 456 456 456 455 455 455 454 454 454 454 454 453 452 452 452 452 451 451 451 451 450 449 449 449 449 449 448 447 447 447 447 446 446 445 445 444 444 444 444 443 442 442 442 442 441 440 440
465 465 465 464 464 464 465 465 465 465 464 464 464 464 464 464 464 463 463 463 463 463 463 461 461 461 461 461 461 460 460 460 460 460 460 459 459 459 459 459 459 458 458 457 457 457 457 456 456 456 456 456 456 455 454 454 454 454 453 453 453 453 453 451 451 451 451 451 450 450 449 449 449 448 448 448 448 447 446 446 446 446 445 444 444 444 444 443 442 442 442 441 441 441
466 466 466 465 465 465 465 465 465 465 464 464 464 464 464 464 464 463 463 463 463 463 463 462 462 462 462 462 462 461 461 461 461 461 460 459 459 459 459 459 459 458 458 458 458 458 458 457 456 456 456 456 456 455 455 455 455 454 453 453 453 453 453 452 452 451 451 451 450 450 450 450 450 448 448 448 448 448 447 446 446 446 445 445 445 444 444 443 443 443 442 441 441 441
466 466 466 465 465 465 465 465 465 465 464 464 464 464 464 464 464 463 463 463 463 463 463 462 462 462 462 462 462 461 461 461 461 461 461 460 460 460 460 460 459 458 458 458 458 458 458 457 457 457 457 457 456 455 455 455 455 455 454 454 454 453 453 452 452 452 452 452 450 450 450 450 450 449 449 448 448 448 447 447 447 446 445 445 445 445 445 443 443 443 443 442 441 441
467 467 467 466 466 466 466 466 466 466 465 465 465 465 465 465 465 464 464 464 464 464 464 463 463 463 463 463 463 461 461 461 461 461 461 461 460 460 460 460 460 459 459 459 459 458 458 457 457 457 457 457 457 456 456 455 455 455 454 454 454 454 454 453 452 452 452 452 451 451 451 450 450 449 449 449 449 448 447 447 447 447 447 445 445 445 445 444 444 443 443 442 442 442
467 467 467 466 466 466 466 466 466 466 465 465 465 465 465 465 465 464 464 464 464 464 464 463 463 463 463 463 463 462 462 462 462 462 462 462 461 460 460 460 460 459 459 459 459 459 459 458 458 458 457 457 457 456 456 456 456 456 455 454 454 454 454 453 453 453 452 452 451 451 451 451 451 449 449 449 449 449 448 448 447 447 447 446 446 445 445 444 444 444 444 442 442 442
467 467 467 466 466 467 467 467 467 467 466 466 466 466 466 466 466 465 465 465 465 465 465 464 463 463 463 463 463 462 462 462 462 462 462 462 461 461 461 461 461 460 460 459 459 459 459 458 458 458 458 458 458 456 456 456 456 456 455 455 455 455 454 453 453 453 453 453 452 451 451 451 451 450 450 450 449 449 448 448 448 448 447 446 446 446 446 444 444 444 444 443 442 442
468 468 468 467 467 467 467 467 467 467 466 466 466 466 466 466 466 465 465 465 465 465 465 464 464 464 464 464 464 463 463 463 463 463 462 461 461 461 461 461 461 460 460 460 460 460 460 458 458 458 458 458 458 457 457 457 457 456 455 455 455 455 455 454 454 453 453 453 452 452 452 452 451 450 450 450 450 450 448 448 448 448 447 447 446 446 446 445 445 444 444 443 443 443
468 468 468 467 467 467 467 467 467 467 466 466 466 466 466 466 466 465 465 465 465 465 465 464 464 464 464 464 464 463 463 463 463 463 463 462 462 462 462 462 461 460 460 460 460 460 460 459 459 459 459 458 458 457 457 457 457 457 456 456 455 455 455 454 454 454 454 453 452 452 452 452 452 451 450 450 450 450 449 449 448 448 447 447 447 447 446 445 445 445 445 443 443 443
469 469 469 468 468 468 468 468 468 468 467 467 467 467 467 467 467 466 466 466 466 466 466 465 465 465 465 465 465 464 463 463 463 463 463 462 462 462 462 462 462 461 461 461 461 460 460 459 459 459 459 459 459 458 458 457 457 457 456 456 456 456 456 454 454 454 454 454 453 453 452 452 452 451 451 451 450 450 449 449 449 449 447 447 447 447 447 446 445 445 445 444 444 443
469 469 469 468 468 468 468 468 468 468 467 467 467 467 467 467 467 466 466 466 466 466 466 465 465 465 465 465 465 464 464 464 464 464 464 463 463 462 462 462 462 461 461 461 461 461 461 460 460 459 459 459 459 458 458 458 458 458 456 456 456 456 456 455 455 455 454 454 453 453 453 453 452 451 451 451 451 451 450 449 449 449 448 448 447 447 447 446 446 445 445 444 444 444
469 469 469 468 468 469 469 469 469 469 468 468 468 468 468 468 467 467 467 467 467 467 467 466 465 465 465 465 465 464 464 464 464 464 464 463 463 463 463 463 463 462 461 461 461 461 461 460 460 460 460 460 459 458 458 458 458 458 457 457 457 456 456 455 455 455 455 455 453 453 453 453 453 452 452 451 451 451 450 450 450 449 448 448 448 448 447 446 446 446 446 444 444 444
470 470 470 469 469 469 469 469 469 469 468 468 468 468 468 468 467 467 467 467 467 467 467 466 466 466 466 466 466 465 465 465 465 465 464 463 463 463 463 463 463 462 462 462 462 462 462 460 460 460 460 460 459 459 459 459 458 458 457 457 457 457 457 456 455 455 455 455 454 454 454 453 453 452 452 452 452 451 450 450 450 450 449 448 448 448 448 447 446 446 446 445 445 444
470 470 470 469 469 469 469 469 469 469 468 468 468 468 468 468 467 467 467 467 467 467 467 466 466 466 466 466 466 465 465 465 465 465 465 464 464 464 464 464 463 462 462 462 462 462 462 461 461 461 461 460 459 459 459 459 459 459 458 457 457 457 457 456 456 456 456 455 454 454 454 454 454 452 452 452 452 452 451 450 450 450 449 449 449 448 448 447 447 447 446 445 445 445
471 471 471 470 470 470 470 470 470 470 469 469 469 469 469 469 468 468 468 468 468 468 468 467 467 467 467 467 467 466 465 465 465 465 465 464 464 464 464 464 464 463 463 463 463 462 462 461 461 461 461 461 460 460 459 459 459 459 458 458 458 458 457 456 456 456 456 456 455 454 454 454 454 453 453 452 452 452 451 451 451 450 449 449 449 449 448 447 447 447 447 446 445 445
471 471 470 470 470 470 470 470 470 469 469 469 469 469 469 469 468 468 468 468 468 468 468 467 467 467 467 467 467 466 466 466 466 466 466 465 465 464 464 464 464 463 463 463 463 463 463 462 462 461 461 461 460 460 460 460 460 459 458 458 458 458 458 457 457 456 456 456 455 455 455 455 454 453 453 453 453 452 451 451 451 451 450 449 449 449 449 448 447 447 447 446 446 445
662 471 470 470 471 471 471 471 471 470 470 470 470 470 470 470 469 469 469 469 469 469 469 468 468 467 467 467 467 466 466 466 466 466 466 465 465 465 465 465 465 464 463 463 463 463 463 462 462 462 462 462 460 460 460 460 460 460 459 459 458 458 458 457 457 457 457 456 455 455 455 455 455 454 453 453 453 452 452 452 451 451 450 450 450 449 449 448 448 448 447 446 446 446
663 663 471 471 471 471 471 471 471 470 470 470 470 470 470 470 469 469 469 469 469 469 469 468 468 468 468 468 468 467 467 467 467 467 466 465 465 465 465 465 465 464 464 464 464 464 463 462 462 462 462 462 461 461 461 461 460 459 459 459 459 459 459 457 457 457 457 457 456 456 455 455 455 454 454 454 453 452 452 452 452 452 450 450 450 450 450 448 448 448 448 447 446 446
663 663 662 471 471 471 471 471 471 470 470 470 470 470 470 470 469 469 469 469 469 469 468 468 468 468 468 468 468 467 467 467 467 467 467 466 466 466 466 465 465 464 464 464 464 464 463 463 463 463 462 462 461 461 461 461 461 460 460 459 459 459 459 458 458 458 457 457 456 456 456 456 455 454 454 454 454 453 452 452 452 452 451 450 450 450 449 449 449 448 448 447 447 446
664 664 663 663 472 472 472 472 472 471 471 471 471 471 471 471 470 470 470 470 470 470 469 469 469 469 469 469 469 468 467 467 467 467 467 466 466 466 466 466 466 465 465 465 464 464 463 463 463 463 463 463 462 462 461 461 461 460 460 460 460 459 458 458 458 458 458 458 456 456 456 456 455 455 454 454 454 453 453 453 452 452 451 451 451 450 449 449 449 449 448 447 447 447
