testData/tiles/oneDegree/grid29.0-6.0-30.0-7.0.asc
ncols   200
nrows   200
xllcorner   29.0
yllcorner   6.0
cellsize   0.005
NODATA_value   -9999.0
[rows 126 to 167 of 200, columns 94 to 187 of 200]
276 276 276 277 277 277 278 278 278 278 279 279 279 279 280 280 280 281 281 247 247 248 248 248 248 249 249 249 249 250 250 250 250 250 251 155 155 155 156 156 156 156 156 157 157 157 157 157 158 158 158 158 158 159 159 159 159 159 160 160 160 160 160 161 161 161 161 161 161 162 162 162 162 162 162 163 163 163 163 163 163 163 164 164 164 164 164 164 164 165 165 165 165 165
276 277 277 277 278 278 278 279 279 279 279 280 280 280 280 281 281 281 281 248 248 248 249 249 249 249 249 250 250 250 250 251 251 251 251 252 156 156 156 156 157 157 157 157 158 158 158 158 158 159 159 159 159 159 160 160 160 160 160 160 161 161 161 161 161 162 162 162 162 162 162 163 163 163 163 163 163 163 164 164 164 164 164 164 164 165 165 165 165 165 165 165 166 166
277 277 278 278 278 279 279 279 280 280 280 280 281 281 281 281 282 282 248 248 249 249 249 249 250 250 250 250 251 251 251 251 252 252 252 252 157 157 157 157 157 158 158 158 158 158 159 159 159 159 159 160 160 160 160 160 161 161 161 161 161 161 162 162 162 162 162 163 163 163 163 163 163 164 164 164 164 164 164 164 165 165 165 165 165 165 165 166 166 166 166 166 166 166
278 278 279 279 279 279 280 280 280 280 281 281 281 282 282 282 282 249 249 249 249 250 250 250 250 251 251 251 251 252 252 252 252 253 253 253 253 157 158 158 158 158 158 159 159 159 159 160 160 160 160 160 160 161 161 161 161 161 162 162 162 162 162 162 163 163 163 163 163 164 164 164 164 164 164 164 165 165 165 165 165 165 165 166 166 166 166 166 166 166 167 167 167 167
279 279 279 279 280 280 280 281 281 281 281 282 282 282 283 283 249 249 250 250 250 250 251 251 251 251 252 252 252 252 252 253 253 253 253 254 254 158 158 158 159 159 159 159 160 160 160 160 160 161 161 161 161 161 162 162 162 162 162 162 163 163 163 163 163 163 164 164 164 164 164 164 165 165 165 165 165 165 166 166 166 166 166 166 166 167 167 167 167 167 167 167 167 168
279 280 280 280 280 281 281 281 282 282 282 282 283 283 283 249 250 250 250 250 251 251 251 251 252 252 252 252 253 253 253 253 254 254 254 254 255 255 159 159 159 160 160 160 160 160 161 161 161 161 161 162 162 162 162 162 163 163 163 163 163 163 164 164 164 164 164 164 165 165 165 165 165 165 166 166 166 166 166 166 166 167 167 167 167 167 167 167 168 168 168 168 168 168
280 280 281 281 281 281 282 282 282 283 283 283 283 284 250 250 250 251 251 251 251 252 252 252 252 253 253 253 253 254 254 254 254 254 255 255 255 255 160 160 160 160 160 161 161 161 161 161 162 162 162 162 162 163 163 163 163 163 164 164 164 164 164 164 165 165 165 165 165 165 166 166 166 166 166 166 166 167 167 167 167 167 167 168 168 168 168 168 168 168 168 169 169 169
281 281 281 282 282 282 282 283 283 283 283 284 284 250 251 251 251 251 252 252 252 252 253 253 253 253 254 254 254 254 254 255 255 255 255 256 256 256 256 160 161 161 161 161 161 162 162 162 162 162 163 163 163 163 163 164 164 164 164 164 165 165 165 165 165 165 166 166 166 166 166 166 167 167 167 167 167 167 167 168 168 168 168 168 168 168 169 169 169 169 169 169 169 169
281 282 282 282 283 283 283 283 284 284 284 284 251 251 251 251 252 252 252 252 253 253 253 253 254 254 254 254 255 255 255 255 256 256 256 256 256 257 257 161 161 162 162 162 162 162 163 163 163 163 163 163 164 164 164 164 164 165 165 165 165 165 165 166 166 166 166 166 166 167 167 167 167 167 167 168 168 168 168 168 168 168 169 169 169 169 169 169 169 170 170 170 170 170
282 282 283 283 283 283 284 284 284 285 285 251 251 252 252 252 252 253 253 253 253 254 254 254 254 255 255 255 255 256 256 256 256 256 257 257 257 257 258 258 162 162 162 163 163 163 163 163 164 164 164 164 164 164 165 165 165 165 165 166 166 166 166 166 166 167 167 167 167 167 167 168 168 168 168 168 168 168 169 169 169 169 169 169 169 170 170 170 170 170 170 170 171 171
283 283 283 284 284 284 284 285 285 285 251 252 252 252 253 253 253 253 254 254 254 254 255 255 255 255 255 256 256 256 256 257 257 257 257 257 258 258 258 258 163 163 163 163 163 164 164 164 164 164 165 165 165 165 165 165 166 166 166 166 166 167 167 167 167 167 167 168 168 168 168 168 168 168 169 169 169 169 169 169 170 170 170 170 170 170 170 170 171 171 171 171 171 171
283 284 284 284 284 285 285 285 286 252 252 252 253 253 253 253 254 254 254 254 255 255 255 255 256 256 256 256 257 257 257 257 257 258 258 258 258 259 259 259 259 163 164 164 164 164 164 165 165 165 165 165 166 166 166 166 166 166 167 167 167 167 167 167 168 168 168 168 168 168 169 169 169 169 169 169 170 170 170 170 170 170 170 171 171 171 171 171 171 171 171 172 172 172
284 284 285 285 285 285 286 286 252 252 253 253 253 254 254 254 254 255 255 255 255 256 256 256 256 256 257 257 257 257 258 258 258 258 259 259 259 259 259 260 260 164 164 164 165 165 165 165 165 166 166 166 166 166 167 167 167 167 167 167 168 168 168 168 168 168 169 169 169 169 169 169 170 170 170 170 170 170 170 171 171 171 171 171 171 171 172 172 172 172 172 172 172 172
285 285 285 286 286 286 286 287 253 253 253 254 254 254 254 255 255 255 255 256 256 256 256 257 257 257 257 258 258 258 258 258 259 259 259 259 260 260 260 260 260 165 165 165 165 165 166 166 166 166 166 167 167 167 167 167 167 168 168 168 168 168 168 169 169 169 169 169 169 170 170 170 170 170 170 171 171 171 171 171 171 171 172 172 172 172 172 172 172 172 173 173 173 173
285 286 286 286 286 287 253 253 253 254 254 254 255 255 255 255 256 256 256 256 257 257 257 257 257 258 258 258 258 259 259 259 259 260 260 260 260 260 261 261 261 261 165 166 166 166 166 166 167 167 167 167 167 168 168 168 168 168 168 169 169 169 169 169 169 170 170 170 170 170 170 171 171 171 171 171 171 171 172 172 172 172 172 172 172 173 173 173 173 173 173 173 173 174
286 286 286 287 287 253 254 254 254 254 255 255 255 255 256 256 256 256 257 257 257 257 258 258 258 258 259 259 259 259 259 260 260 260 260 261 261 261 261 261 262 262 166 166 166 167 167 167 167 167 168 168 168 168 168 168 169 169 169 169 169 169 170 170 170 170 170 170 171 171 171 171 171 171 172 172 172 172 172 172 172 173 173 173 173 173 173 173 173 174 174 174 174 174
287 287 287 287 254 254 254 254 255 255 255 256 256 256 256 257 257 257 257 257 258 258 258 258 259 259 259 259 260 260 260 260 260 261 261 261 261 262 262 262 262 262 263 167 167 167 167 168 168 168 168 168 168 169 169 169 169 169 170 170 170 170 170 170 171 171 171 171 171 171 172 172 172 172 172 172 172 173 173 173 173 173 173 173 174 174 174 174 174 174 174 174 175 175
287 287 288 254 254 255 255 255 255 256 256 256 256 257 257 257 257 258 258 258 258 259 259 259 259 260 260 260 260 260 261 261 261 261 261 262 262 262 262 263 263 263 263 167 168 168 168 168 168 169 169 169 169 169 169 170 170 170 170 170 170 171 171 171 171 171 171 172 172 172 172 172 172 173 173 173 173 173 173 173 174 174 174 174 174 174 174 174 175 175 175 175 175 175
288 288 254 255 255 255 255 256 256 256 256 257 257 257 257 258 258 258 258 259 259 259 259 260 260 260 260 261 261 261 261 261 262 262 262 262 262 263 263 263 263 264 264 168 168 168 169 169 169 169 169 169 170 170 170 170 170 171 171 171 171 171 171 172 172 172 172 172 172 172 173 173 173 173 173 173 174 174 174 174 174 174 174 174 175 175 175 175 175 175 175 176 176 176
288 255 255 255 255 256 256 256 257 257 257 257 258 258 258 258 259 259 259 259 260 260 260 260 260 261 261 261 261 262 262 262 262 262 263 263 263 263 263 264 264 264 264 264 169 169 169 169 169 170 170 170 170 170 171 171 171 171 171 171 172 172 172 172 172 172 173 173 173 173 173 173 173 174 174 174 174 174 174 175 175 175 175 175 175 175 175 176 176 176 176 176 176 176
255 255 256 256 256 256 257 257 257 257 258 258 258 258 259 259 259 259 260 260 260 260 261 261 261 261 261 262 262 262 262 263 263 263 263 263 264 264 264 264 264 265 265 265 169 169 170 170 170 170 170 171 171 171 171 171 171 172 172 172 172 172 172 173 173 173 173 173 173 174 174 174 174 174 174 174 175 175 175 175 175 175 175 176 176 176 176 176 176 176 176 177 177 177
256 256 256 256 257 257 257 257 258 258 258 258 259 259 259 259 260 260 260 260 261 261 261 261 262 262 262 262 262 263 263 263 263 264 264 264 264 264 265 265 265 265 265 266 266 170 170 170 171 171 171 171 171 171 172 172 172 172 172 173 173 173 173 173 173 174 174 174 174 174 174 174 175 175 175 175 175 175 175 176 176 176 176 176 176 176 177 177 177 177 177 177 177 177
256 256 257 257 257 257 258 258 258 259 259 259 259 260 260 260 260 261 261 261 261 261 262 262 262 262 263 263 263 263 263 264 264 264 264 265 265 265 265 265 266 266 266 266 266 171 171 171 171 171 171 172 172 172 172 172 173 173 173 173 173 173 174 174 174 174 174 174 175 175 175 175 175 175 175 176 176 176 176 176 176 176 177 177 177 177 177 177 177 177 178 178 178 178
298 298 298 258 258 258 258 259 259 259 259 260 260 260 260 261 261 261 261 262 262 262 262 262 263 263 263 263 264 264 264 264 264 265 265 265 265 266 266 266 266 266 267 267 267 267 171 171 172 172 172 172 172 173 173 173 173 173 173 174 174 174 174 174 174 175 175 175 175 175 175 175 176 176 176 176 176 176 177 177 177 177 177 177 177 177 178 178 178 178 178 178 178 178
298 299 299 299 299 300 300 300 259 260 260 260 260 261 261 261 261 262 262 262 262 263 263 263 263 263 264 264 264 264 265 265 265 265 265 266 266 266 266 266 267 267 267 267 267 268 172 172 172 172 173 173 173 173 173 173 174 174 174 174 174 174 175 175 175 175 175 175 176 176 176 176 176 176 176 177 177 177 177 177 177 177 178 178 178 178 178 178 178 178 179 179 179 179
299 299 299 300 300 300 300 301 301 301 301 302 302 261 261 262 262 262 262 263 263 263 263 264 264 264 264 264 265 265 265 265 266 266 266 266 266 267 267 267 267 267 268 268 268 268 172 173 173 173 173 173 173 174 174 174 174 174 174 175 175 175 175 175 175 176 176 176 176 176 176 177 177 177 177 177 177 177 178 178 178 178 178 178 178 178 179 179 179 179 179 179 179 179
299 300 300 300 301 301 301 301 302 302 302 302 303 303 303 303 304 263 263 263 263 264 264 264 264 265 265 265 265 265 266 266 266 266 267 267 267 267 267 268 268 268 268 268 269 269 269 173 173 173 174 174 174 174 174 174 175 175 175 175 175 176 176 176 176 176 176 176 177 177 177 177 177 177 177 178 178 178 178 178 178 178 179 179 179 179 179 179 179 179 180 180 180 180
300 300 301 301 301 301 302 302 302 302 303 303 303 303 304 304 304 304 305 305 305 305 264 265 265 265 265 266 266 266 266 266 267 267 267 267 267 268 268 268 268 268 269 269 269 269 269 174 174 174 174 174 174 175 175 175 175 175 176 176 176 176 176 176 177 177 177 177 177 177 177 178 178 178 178 178 178 178 179 179 179 179 179 179 179 179 180 180 180 180 180 180 180 180
301 301 301 301 302 302 302 302 303 303 303 303 304 304 304 304 305 305 305 305 306 306 306 306 306 307 266 266 266 267 267 267 267 267 268 268 268 268 268 269 269 269 269 269 270 270 270 174 174 174 175 175 175 175 175 176 176 176 176 176 176 177 177 177 177 177 177 177 178 178 178 178 178 178 179 179 179 179 179 179 179 179 180 180 180 180 180 180 180 180 181 181 181 181
301 301 302 302 302 302 303 303 303 303 304 304 304 304 305 305 305 305 306 306 306 306 307 307 307 307 307 308 308 267 267 267 268 268 268 268 268 269 269 269 269 269 270 270 270 270 270 271 175 175 175 175 176 176 176 176 176 176 177 177 177 177 177 177 178 178 178 178 178 178 178 179 179 179 179 179 179 179 180 180 180 180 180 180 180 180 181 181 181 181 181 181 181 181
302 302 302 302 303 303 303 303 304 304 304 304 305 305 305 305 306 306 306 306 307 307 307 307 307 308 308 308 308 309 309 309 309 268 269 269 269 269 269 270 270 270 270 270 271 271 271 271 175 175 176 176 176 176 176 177 177 177 177 177 177 178 178 178 178 178 178 178 179 179 179 179 179 179 180 180 180 180 180 180 180 180 181 181 181 181 181 181 181 181 182 182 182 182
302 302 303 303 303 303 304 304 304 304 305 305 305 305 306 306 306 306 307 307 307 307 308 308 308 308 308 309 309 309 309 309 310 310 310 310 311 270 270 270 270 271 271 271 271 271 271 272 272 176 176 176 177 177 177 177 177 177 178 178 178 178 178 178 179 179 179 179 179 179 179 180 180 180 180 180 180 180 181 181 181 181 181 181 181 181 182 182 182 182 182 182 182 182
303 303 303 303 304 304 304 304 305 305 305 305 306 306 306 306 307 307 307 307 308 308 308 308 308 309 309 309 309 310 310 310 310 310 311 311 311 311 311 312 271 271 271 271 272 272 272 272 272 176 177 177 177 177 177 178 178 178 178 178 178 179 179 179 179 179 179 179 180 180 180 180 180 180 180 181 181 181 181 181 181 181 182 182 182 182 182 182 182 182 183 183 183 183
303 303 304 304 304 305 305 305 305 306 306 306 306 306 307 307 307 307 308 308 308 308 309 309 309 309 309 310 310 310 310 310 311 311 311 311 312 312 312 312 312 312 313 313 272 272 272 273 273 177 177 177 178 178 178 178 178 178 179 179 179 179 179 179 179 180 180 180 180 180 180 181 181 181 181 181 181 181 182 182 182 182 182 182 182 182 183 183 183 183 183 183 183 183
304 304 304 305 305 305 305 306 306 306 306 307 307 307 307 307 308 308 308 308 309 309 309 309 310 310 310 310 310 311 311 311 311 311 312 312 312 312 312 313 313 313 313 313 314 314 314 273 273 273 178 178 178 178 178 179 179 179 179 179 179 179 180 180 180 180 180 180 181 181 181 181 181 181 181 182 182 182 182 182 182 182 183 183 183 183 183 183 183 183 183 184 184 184
304 305 305 305 305 306 306 306 306 307 307 307 307 307 308 308 308 308 309 309 309 309 310 310 310 310 310 311 311 311 311 311 312 312 312 312 312 313 313 313 313 313 314 314 314 314 314 315 315 315 178 178 178 179 179 179 179 179 179 180 180 180 180 180 180 181 181 181 181 181 181 181 182 182 182 182 182 182 182 183 183 183 183 183 183 183 183 184 184 184 184 184 184 184
305 305 305 306 306 306 306 307 307 307 307 308 308 308 308 308 309 309 309 309 310 310 310 310 310 311 311 311 311 312 312 312 312 312 313 313 313 313 313 314 314 314 314 314 315 315 315 315 315 315 220 220 220 179 179 179 180 180 180 180 180 180 181 181 181 181 181 181 182 182 182 182 182 182 182 183 183 183 183 183 183 183 183 184 184 184 184 184 184 184 184 185 185 185
305 306 306 306 306 307 307 307 307 308 308 308 308 308 309 309 309 309 310 310 310 310 311 311 311 311 311 312 312 312 312 312 313 313 313 313 313 314 314 314 314 314 315 315 315 315 315 316 316 316 316 220 220 221 221 221 180 180 180 181 181 181 181 181 181 182 182 182 182 182 182 182 183 183 183 183 183 183 183 184 184 184 184 184 184 184 184 185 185 185 185 185 185 185
306 306 306 307 307 307 307 308 308 308 308 308 309 309 309 309 310 310 310 310 311 311 311 311 311 312 312 312 312 313 313 313 313 313 314 314 314 314 314 315 315 315 315 315 315 316 316 316 316 316 317 221 221 221 221 221 222 222 222 181 181 181 182 182 182 182 182 182 182 183 183 183 183 183 183 183 184 184 184 184 184 184 184 184 185 185 185 185 185 185 185 185 186 186
306 307 307 307 307 308 308 308 308 308 309 309 309 309 310 310 310 310 311 311 311 311 311 312 312 312 312 313 313 313 313 313 314 314 314 314 314 315 315 315 315 315 316 316 316 316 316 316 317 317 317 221 221 222 222 222 222 222 222 223 223 223 182 182 182 182 183 183 183 183 183 183 183 184 184 184 184 184 184 184 185 185 185 185 185 185 185 185 186 186 186 186 186 186
307 307 307 307 308 308 308 308 309 309 309 309 310 310 310 310 311 311 311 311 312 312 312 312 312 313 313 313 313 313 314 314 314 314 314 315 315 315 315 315 316 316 316 316 316 317 317 317 317 317 317 318 222 222 222 222 222 223 223 223 223 223 223 224 224 183 183 183 183 183 184 184 184 184 184 184 184 185 185 185 185 185 185 185 186 186 186 186 186 186 186 186 186 187
307 307 308 308 308 308 309 309 309 309 310 310 310 310 311 311 311 311 312 312 312 312 312 313 313 313 313 314 314 314 314 314 315 315 315 315 315 316 316 316 316 316 316 317 317 317 317 317 318 318 318 318 222 222 223 223 223 223 223 223 224 224 224 224 224 224 224 184 184 184 184 184 184 184 185 185 185 185 185 185 185 186 186 186 186 186 186 186 186 187 187 187 187 187
