testData/tiles/oneDegree/grid24.0-30.0-25.0-31.0.asc
ncols   200
nrows   200
xllcorner   24.0
yllcorner   30.0
cellsize   0.005
NODATA_value   -9999.0
[rows 126 to 167 of 200, columns 0 to 93 of 200]
474 491 490 491 494 496 497 499 500 501 501 503 505 507 509 510 512 514 515 517 518 519 520 521 522 524 525 526 527 528 529 531 532 533 533 534 535 536 537 538 538 464 465 466 465 466 467 468 469 470 471 471 472 472 473 474 474 474 475 476 476 477 477 478 478 479 480 481 481 480 481 481 482 483 483 484 485 484 485 484 485 486 486 487 486 487 634 633 634 634 635 635 635 636
475 491 490 492 494 496 498 500 501 502 502 504 506 508 510 511 513 515 516 517 518 519 521 522 523 525 526 527 528 529 530 531 532 533 534 535 535 536 537 538 539 465 465 466 466 467 468 469 470 471 472 472 472 473 474 474 475 475 476 477 477 477 478 479 479 480 481 481 480 481 482 482 483 484 484 484 485 484 485 485 486 487 486 487 488 488 488 634 635 634 635 636 636 637
475 492 491 493 495 498 499 501 502 502 504 506 507 509 511 512 513 515 516 518 519 521 522 523 524 526 527 528 529 529 531 531 532 533 534 535 536 537 538 539 539 465 466 467 468 468 469 470 471 471 472 473 472 473 474 475 476 476 476 477 478 478 479 480 481 480 480 481 481 482 483 483 484 485 484 485 485 485 486 487 487 487 487 488 489 488 489 489 635 635 636 637 636 637
475 492 491 493 497 499 500 502 502 504 505 506 507 509 511 513 514 516 517 519 520 522 523 523 525 526 526 527 528 530 531 532 533 534 535 536 537 537 538 539 540 466 467 468 469 469 470 470 471 472 472 473 473 474 475 476 476 476 477 478 479 479 480 481 481 480 481 482 482 483 484 484 484 485 484 485 486 486 487 488 487 488 488 488 489 489 490 489 490 637 637 637 637 637
476 493 492 494 497 499 501 500 501 503 504 506 508 509 511 513 514 516 517 519 520 522 523 523 525 526 527 528 529 531 532 533 534 535 536 536 537 538 539 540 541 467 468 469 470 470 469 470 471 472 473 474 474 475 475 476 477 477 478 479 480 479 480 480 481 481 482 483 483 484 485 484 485 485 485 486 487 487 487 488 488 489 488 489 490 489 490 490 491 492 637 638 637 638
477 494 492 494 497 499 500 501 503 504 505 507 509 510 512 514 515 517 518 519 520 522 523 524 526 527 528 529 530 532 533 534 534 535 536 537 538 539 540 541 542 468 469 468 469 470 470 471 472 473 474 475 476 475 476 477 478 478 479 479 480 479 480 481 482 482 483 484 484 484 485 484 485 486 486 487 488 487 488 489 488 489 489 490 490 490 491 491 492 492 492 638 638 639
522 539 493 496 498 499 501 502 504 505 506 508 510 512 513 515 515 517 519 520 521 523 524 525 527 528 529 530 531 533 533 534 535 536 537 538 539 540 541 541 467 467 468 469 470 471 471 472 473 474 475 475 476 476 477 478 478 478 479 479 480 480 481 482 483 483 484 485 484 484 485 485 486 487 487 487 488 488 489 489 489 490 490 490 491 491 492 491 492 492 492 493 639 640
523 540 539 541 543 545 547 548 550 506 507 509 510 512 513 515 517 518 520 521 522 524 525 526 528 529 530 530 532 533 534 535 536 536 537 538 539 540 540 541 467 468 469 470 471 472 473 473 473 474 475 476 477 477 477 478 479 479 479 480 481 482 482 483 484 484 484 484 484 485 486 487 487 488 487 488 489 488 489 490 490 490 491 491 492 492 492 492 492 493 493 494 494 641
522 539 539 542 544 546 548 549 550 551 552 554 556 558 559 516 518 519 521 522 523 525 526 527 528 528 529 530 532 533 534 535 536 537 538 539 539 540 541 542 468 469 470 471 472 473 473 473 474 475 475 476 477 477 478 479 479 480 480 481 482 483 483 484 483 483 484 485 485 486 487 488 487 488 488 488 489 489 490 491 490 491 492 492 492 492 493 492 493 494 494 495 494 495
523 540 538 541 543 545 547 548 550 551 552 554 556 558 559 561 563 564 566 567 522 524 525 526 528 529 530 531 533 534 535 536 537 537 538 539 540 541 542 543 469 470 471 472 472 473 474 473 474 475 476 477 478 478 478 479 480 481 481 482 483 484 482 483 484 484 485 486 486 487 487 488 488 488 489 489 490 490 490 491 491 492 493 492 493 492 493 493 494 495 495 495 494 495
541 540 539 542 544 546 548 549 551 551 553 555 557 559 560 562 564 564 566 567 568 570 571 572 529 530 531 532 534 535 536 536 537 538 539 540 541 542 543 544 470 471 470 471 472 473 474 474 475 476 477 478 478 478 479 480 481 482 482 482 483 483 483 484 485 485 486 487 488 487 488 488 488 489 490 490 491 490 491 492 492 492 493 493 493 493 494 495 495 495 495 495 495 496
524 541 540 543 545 547 549 550 552 552 554 556 558 559 560 562 564 565 567 568 569 571 572 573 575 576 577 578 534 535 536 537 538 539 540 541 542 542 543 543 469 470 471 472 473 474 475 475 476 477 477 478 479 479 480 481 481 482 482 482 483 484 484 485 486 486 487 487 486 487 488 489 489 490 491 490 491 491 492 492 492 493 493 493 494 494 495 495 495 496 495 496 496 497
525 542 541 544 546 548 550 551 551 552 554 556 558 560 561 563 565 566 568 569 570 572 573 574 576 576 577 578 580 580 581 582 538 539 540 541 542 542 543 544 470 471 472 473 474 475 476 475 476 477 478 479 479 479 480 481 482 482 482 483 484 485 485 486 487 486 486 487 487 488 489 490 490 490 490 491 492 491 492 493 493 493 494 494 495 495 495 495 495 496 496 497 497 498
525 542 541 543 545 547 549 549 551 552 554 556 558 560 561 563 565 566 568 569 570 571 572 573 575 576 577 578 580 581 582 583 584 585 585 586 542 543 544 545 471 472 473 474 475 475 476 476 476 477 478 479 480 480 481 481 482 482 483 484 485 486 486 486 486 486 487 488 488 489 490 491 490 491 490 491 492 492 493 493 493 494 495 495 495 495 496 495 496 497 497 498 497 498
525 542 541 544 546 548 549 550 552 553 555 557 559 561 562 564 565 567 568 569 570 572 573 574 576 577 578 579 580 582 583 584 584 585 586 587 588 589 590 546 472 473 474 474 474 475 475 476 477 478 479 480 481 480 481 482 483 483 484 485 485 485 485 486 487 487 488 489 489 490 490 490 490 491 491 492 493 493 493 494 494 495 494 495 496 495 496 496 497 498 497 498 497 498
526 543 542 544 546 548 550 551 553 554 556 558 560 561 562 564 565 567 568 570 571 573 574 575 577 578 579 580 581 582 583 584 585 586 587 588 589 590 590 591 516 517 518 474 475 476 476 477 478 479 480 480 481 481 482 483 483 483 484 485 485 485 486 487 488 488 489 490 489 489 490 490 491 492 492 493 493 493 494 494 494 495 495 496 496 496 497 497 497 498 498 498 498 499
527 544 542 544 547 549 551 552 553 554 556 558 560 561 563 565 566 568 569 571 572 574 575 576 578 578 579 580 581 583 583 584 585 586 587 588 589 590 590 516 517 518 519 520 521 522 477 478 478 479 480 481 481 481 482 483 484 484 484 485 486 486 487 488 489 489 489 489 489 490 491 491 492 493 493 493 494 493 494 495 495 496 495 496 497 497 497 497 498 499 498 499 499 500
526 543 542 544 546 548 549 551 552 554 556 558 559 561 563 565 566 568 569 571 572 574 574 575 577 578 579 580 581 583 584 585 586 587 588 588 589 590 591 517 518 519 520 521 522 522 522 523 523 479 480 481 481 482 483 484 484 484 485 486 487 487 488 488 489 488 489 490 490 491 492 492 493 493 493 493 494 494 495 496 496 496 496 497 497 497 498 498 498 499 499 500 499 500
526 543 542 544 546 549 550 552 553 554 557 559 560 562 564 566 567 569 570 571 572 574 575 576 577 579 580 581 582 583 585 586 586 587 588 589 590 591 592 518 519 520 521 521 521 521 522 523 524 525 526 482 482 483 483 484 485 485 486 487 487 487 488 488 489 489 490 491 491 492 493 492 492 493 493 494 495 495 496 496 496 497 496 497 498 498 499 498 499 499 499 500 500 501
527 544 543 545 547 549 551 553 553 555 557 559 561 563 565 565 567 569 570 572 573 574 576 577 578 580 581 582 583 584 584 586 587 588 589 590 590 591 592 518 519 519 520 521 521 522 523 524 525 526 527 528 527 528 484 485 485 485 486 487 488 487 488 489 489 490 491 492 492 492 492 492 493 494 494 495 496 496 496 495 496 497 497 498 499 498 499 499 499 499 500 501 500 501
527 544 544 545 548 550 552 553 554 556 557 559 561 563 565 566 568 570 571 573 574 575 577 578 579 580 580 581 582 583 584 586 587 588 589 590 591 592 593 518 519 520 521 522 522 523 524 525 526 527 527 526 527 528 529 530 530 486 487 487 487 488 489 490 490 491 491 492 491 492 493 493 494 495 495 496 496 495 496 496 497 498 498 499 498 499 499 499 500 500 501 501 501 502
528 545 544 545 548 549 550 551 553 555 557 559 561 563 565 566 568 569 571 572 574 575 577 577 578 579 581 582 583 584 585 586 588 589 590 591 591 592 593 519 520 521 522 522 523 524 524 524 525 526 527 527 528 529 530 531 531 531 532 488 488 489 489 490 490 491 491 491 492 493 494 494 495 496 494 495 495 496 497 497 498 499 498 498 498 499 500 500 501 501 501 501 501 502
528 545 544 545 548 549 551 552 554 556 558 560 562 564 565 567 569 570 572 572 574 575 576 578 579 580 582 583 584 585 586 587 588 589 590 591 592 593 594 520 520 521 521 522 523 523 524 525 526 527 527 528 529 530 531 531 531 532 532 533 533 534 490 491 490 491 492 492 493 494 494 494 495 494 495 496 496 497 498 498 499 498 498 499 499 500 501 501 501 501 501 501 502 503
529 546 545 544 547 549 551 553 554 557 559 561 563 565 566 567 569 570 572 573 575 576 577 579 580 581 582 584 585 586 586 586 587 588 589 591 592 593 594 520 520 521 521 522 523 524 525 526 527 528 528 529 530 529 530 530 531 532 533 534 534 535 535 535 491 492 493 492 493 494 494 494 495 495 496 497 497 498 498 497 498 498 499 500 500 501 501 500 501 501 502 502 503 503
529 545 544 544 547 549 551 553 554 556 559 560 562 563 565 567 568 570 572 573 574 576 577 579 580 581 582 583 584 585 586 587 588 589 590 591 592 593 594 520 520 521 522 523 524 525 526 527 527 527 528 528 529 530 531 531 532 533 534 534 534 535 536 535 536 537 493 493 494 494 494 495 496 496 497 497 497 497 498 498 499 499 500 501 501 500 500 501 502 502 503 503 503 502
529 546 545 545 548 550 551 552 554 556 558 560 562 564 566 568 569 571 572 574 575 577 578 579 580 581 582 583 585 586 587 588 589 590 591 592 593 593 519 520 521 522 522 523 524 525 526 527 527 527 528 529 530 531 531 532 533 534 534 533 534 535 536 536 537 538 538 538 539 495 495 496 496 496 497 498 497 498 498 499 500 500 500 500 500 501 501 502 503 503 504 502 503 503
529 546 545 544 547 550 551 553 555 557 559 561 563 565 567 568 570 572 573 575 575 577 578 579 581 582 583 584 585 587 588 589 590 590 590 591 592 593 519 520 521 522 523 524 525 526 526 527 527 528 529 530 531 532 532 532 532 533 533 534 535 536 536 537 538 538 538 539 539 539 540 496 496 497 497 497 498 499 499 499 500 500 500 500 501 502 502 503 502 502 503 503 504 504
529 528 545 544 547 549 551 552 554 557 559 561 563 565 567 568 569 570 572 574 575 576 578 579 580 582 583 584 585 586 588 588 589 590 591 592 593 594 520 521 522 523 524 524 525 526 527 527 528 528 529 530 531 531 531 532 533 534 534 535 536 537 537 537 537 538 538 539 540 540 541 542 541 497 498 498 498 499 499 500 500 500 501 501 502 503 502 503 502 503 503 504 505 505
530 529 546 545 547 550 551 553 555 557 560 562 563 565 566 568 570 571 573 574 576 577 579 580 581 582 584 585 585 586 587 589 590 591 592 593 594 595 521 522 523 523 524 524 525 526 526 527 528 529 530 531 531 531 532 533 534 535 535 536 536 536 536 537 538 538 539 540 541 541 541 542 541 542 543 498 499 500 500 500 500 501 502 501 502 502 502 503 503 504 504 504 505 505
531 530 547 546 548 549 551 552 555 557 559 561 563 565 567 569 570 572 574 575 577 578 579 581 582 582 584 585 586 587 588 589 591 592 592 593 594 595 520 521 522 523 524 525 525 526 527 528 529 529 530 531 531 532 533 533 534 534 535 535 536 536 537 538 539 539 540 541 540 540 541 542 542 543 544 544 545 499 500 501 500 501 502 502 503 502 503 504 504 504 504 505 504 505
531 529 546 544 545 548 550 552 554 557 559 561 563 565 567 569 570 572 573 575 576 577 578 580 581 582 583 585 586 587 588 589 590 591 593 593 594 595 521 522 523 524 525 525 526 527 528 528 529 530 530 530 531 532 533 534 534 534 535 536 537 537 538 539 540 539 539 540 540 541 542 542 543 544 544 544 544 544 545 501 501 502 502 502 503 503 503 503 504 505 505 505 505 506
531 529 546 545 546 548 551 552 555 557 560 562 564 566 568 569 571 572 573 575 576 578 579 580 582 583 584 585 587 588 589 590 590 591 592 593 594 595 521 522 523 524 525 525 525 526 527 528 529 530 530 531 532 533 534 534 534 535 536 537 536 537 538 539 539 539 540 541 541 542 543 543 544 543 543 544 545 545 546 547 547 503 502 502 503 503 504 504 505 505 505 506 505 506
531 530 547 546 546 549 551 553 556 558 560 562 565 565 567 569 571 572 574 575 577 578 580 581 582 584 585 586 587 588 589 590 591 591 592 593 594 595 521 522 523 524 524 525 526 527 528 529 530 530 531 532 533 533 534 533 534 535 536 537 537 538 539 539 539 540 541 541 542 542 542 542 543 544 544 545 545 546 547 547 546 547 547 503 503 504 505 505 505 504 505 506 506 507
531 530 547 546 545 548 551 553 554 557 559 561 563 565 567 569 570 572 574 575 577 578 580 581 582 584 584 585 586 587 589 590 591 592 593 594 595 521 522 522 523 524 525 526 527 528 529 530 530 530 530 531 532 533 533 534 535 536 537 537 537 538 539 539 539 540 541 541 542 543 542 543 544 544 545 546 545 546 546 546 547 548 548 549 549 505 504 504 505 505 506 506 507 508
532 531 529 546 545 548 549 552 555 557 560 562 564 566 568 569 571 573 574 576 577 579 579 581 582 583 585 586 587 588 589 591 592 593 594 595 595 521 522 523 524 524 525 526 527 528 529 529 529 530 531 532 533 534 534 535 536 537 537 537 537 538 539 539 540 541 541 542 542 543 543 544 544 544 545 546 545 546 547 547 548 548 549 549 548 549 504 505 506 506 507 507 506 506
532 531 530 547 546 547 550 553 555 558 560 562 565 566 568 570 572 574 574 576 577 579 580 581 583 584 585 587 588 589 590 590 591 592 593 594 595 521 522 523 524 525 526 527 528 527 528 529 530 531 532 533 534 534 534 535 535 536 536 537 538 539 539 540 541 542 541 542 542 542 543 544 544 545 546 545 546 547 547 547 548 548 549 548 549 550 550 551 506 506 507 506 507 507
532 531 530 547 545 546 549 552 555 557 560 562 564 566 567 569 571 572 574 575 577 578 580 581 582 584 585 586 588 589 589 590 591 592 593 594 596 522 523 524 525 526 526 526 527 528 529 529 530 531 532 533 533 534 534 535 536 536 537 538 539 539 540 540 540 540 541 542 543 543 544 545 545 545 546 545 546 547 547 548 548 548 549 549 550 550 550 551 551 551 507 507 508 508
533 532 530 547 546 547 549 552 555 557 559 562 564 566 568 569 571 573 575 576 578 579 580 582 583 585 586 586 587 589 590 591 592 593 594 595 596 522 523 523 523 524 525 526 527 528 529 530 531 532 533 532 533 534 535 536 536 537 537 538 539 539 539 540 541 541 542 543 543 544 545 543 544 545 545 546 547 547 548 548 548 549 549 549 550 550 551 551 551 552 552 552 508 508
532 531 531 547 546 546 549 552 555 557 560 562 564 566 568 570 572 574 575 577 578 580 581 582 583 583 585 586 587 588 589 591 592 593 594 595 596 521 522 523 524 525 526 527 528 529 530 531 532 531 532 533 533 534 535 535 536 537 538 538 538 539 540 541 541 542 543 543 543 543 544 544 545 546 546 547 548 548 547 548 548 549 549 550 551 551 551 551 551 552 552 553 553 509
532 531 530 547 546 545 548 551 554 557 559 562 564 566 568 570 572 573 575 575 577 578 580 581 583 584 585 587 588 589 590 591 593 594 594 595 596 522 523 524 525 526 527 528 529 529 529 530 530 531 532 533 534 535 535 536 537 537 538 538 539 540 540 540 541 542 543 542 543 544 544 545 546 547 546 547 546 547 548 548 549 550 550 551 550 550 551 551 552 553 553 554 553 553
533 532 531 530 547 546 548 552 555 557 560 562 564 567 567 569 571 573 575 576 578 579 581 582 583 585 586 587 589 590 591 591 592 593 594 595 596 522 523 524 525 526 527 528 528 528 529 530 531 532 533 534 535 535 536 536 536 537 537 538 539 540 541 541 542 542 542 543 544 545 544 545 546 546 546 547 547 548 549 549 550 550 549 550 550 551 552 552 553 553 552 553 553 659
533 532 531 530 547 545 547 551 554 556 558 561 563 565 567 569 571 572 574 576 577 579 580 582 583 584 586 586 587 588 590 591 592 593 594 595 521 522 523 524 525 525 526 527 528 529 530 531 532 532 533 534 533 534 535 536 537 538 538 539 540 541 541 541 542 542 542 543 544 544 545 546 545 546 547 547 548 548 548 549 550 549 550 551 551 552 552 552 553 552 553 658 659 660
