testData/tiles/oneDegree/grid2.0-6.0-3.0-7.0.asc
ncols   200
nrows   200
xllcorner   2.0
yllcorner   6.0
cellsize   0.005
NODATA_value   -9999.0
[rows 126 to 167 of 200, columns 0 to 93 of 200]
536 537 536 536 537 537 537 538 538 539 539 538 539 539 540 540 540 541 541 541 541 541 542 542 542 543 543 544 544 543 544 544 544 545 545 546 546 545 546 546 546 547 547 547 547 547 548 548 548 549 549 548 549 549 549 550 550 550 550 550 550 551 551 551 552 551 551 552 552 552 688 687 687 688 688 688 689 688 688 688 689 689 689 815 816 816 816 816 817 816 816 816 816 817
535 535 536 536 537 537 537 538 538 538 538 538 539 539 539 540 540 541 540 540 541 541 541 542 542 543 543 542 543 543 543 544 544 545 545 544 545 545 545 546 546 547 546 546 547 547 547 548 548 548 548 548 548 549 549 550 550 549 550 550 550 551 551 550 551 551 551 552 552 687 686 687 687 687 688 688 687 688 688 688 688 689 688 815 815 816 816 815 815 815 816 816 816 816
535 535 536 536 536 537 537 537 537 537 538 538 539 539 539 540 539 539 540 540 541 541 541 542 542 541 542 542 543 543 543 544 544 543 544 544 545 545 545 546 546 545 546 546 546 547 547 548 547 547 548 548 548 549 549 548 549 549 549 550 550 549 550 550 550 551 551 686 686 686 686 687 687 687 686 687 687 687 688 688 687 687 688 815 815 815 815 815 815 815 815 816 816 816
535 535 536 536 536 536 536 537 537 537 538 538 538 539 538 539 539 539 540 540 540 541 541 541 541 541 542 542 542 543 543 543 543 543 544 544 544 545 545 544 545 545 546 546 546 547 546 546 547 547 547 548 548 547 548 548 548 549 549 549 549 549 549 550 550 550 685 685 685 686 686 686 686 686 686 686 687 687 686 686 687 687 687 814 814 814 814 814 815 815 815 815 815 816
535 535 535 535 535 536 536 536 537 537 538 538 537 538 538 538 539 539 540 540 540 540 540 540 541 541 542 542 542 542 542 542 543 543 543 544 544 544 544 544 545 545 545 546 545 545 546 546 546 547 547 547 547 547 548 548 548 549 548 548 549 549 549 550 550 684 684 685 685 685 686 685 685 686 686 686 686 686 686 686 686 687 687 813 813 814 814 814 814 814 815 815 815 815
535 534 534 535 535 535 536 536 537 537 536 537 537 538 538 538 539 539 539 539 539 540 540 540 541 541 541 541 541 541 542 542 543 543 543 543 543 543 544 544 544 545 544 545 545 545 546 546 546 546 546 546 547 547 547 548 547 547 548 548 548 549 549 548 684 684 684 684 685 684 684 685 685 685 686 685 685 685 686 686 686 685 686 686 813 813 813 814 814 814 814 814 815 815
533 534 534 535 535 535 536 536 535 536 536 537 537 537 538 538 538 538 538 539 539 539 540 540 540 540 540 541 541 541 542 542 542 542 542 542 543 543 544 544 543 544 544 544 545 545 545 546 545 545 546 546 546 547 547 546 547 547 547 548 548 547 548 683 683 684 684 683 684 684 684 684 685 685 684 685 685 685 685 685 685 685 685 685 813 813 813 813 814 814 814 814 814 814
533 534 534 534 535 535 535 535 535 536 536 536 537 537 537 537 537 538 538 538 539 539 540 539 539 540 540 540 541 541 542 541 541 542 542 542 543 543 543 543 543 543 544 544 544 545 544 545 545 545 546 546 546 546 546 546 547 547 547 546 547 547 682 683 683 683 683 683 683 684 684 684 683 684 684 684 684 685 684 684 684 685 685 685 812 813 813 813 813 813 814 814 814 814
533 534 534 533 534 534 534 535 535 536 536 536 536 536 536 537 537 538 538 538 539 538 538 539 539 540 540 540 541 540 540 541 541 541 542 542 542 542 542 543 543 543 544 544 543 544 544 544 545 545 545 545 545 545 546 546 546 547 546 546 547 682 682 682 682 682 682 683 683 683 683 683 683 683 684 684 683 683 684 684 684 684 685 685 812 812 812 813 813 813 813 813 813 814
533 532 533 533 534 534 534 535 535 535 535 535 536 536 536 537 537 537 538 537 538 538 538 539 539 539 540 539 539 540 540 540 541 541 542 541 541 542 542 542 543 543 542 543 543 543 544 544 544 544 544 544 545 545 545 546 545 545 546 546 681 682 681 681 682 682 682 682 682 682 682 683 683 683 682 683 683 683 683 684 684 684 684 684 812 812 812 812 812 813 813 813 813 813
532 532 533 533 533 534 534 535 534 534 535 535 535 536 536 537 537 536 537 537 537 538 538 538 539 538 539 539 539 540 540 540 541 540 540 541 541 541 542 542 541 542 542 542 543 543 544 543 543 544 544 544 545 545 544 544 545 545 545 681 681 680 681 681 681 682 682 681 681 682 682 682 682 682 682 682 683 683 683 683 683 684 684 684 684 812 812 812 812 812 812 813 813 813
532 532 533 533 533 534 533 533 534 534 534 535 535 536 535 535 536 536 536 537 537 538 538 537 538 538 538 539 539 539 540 539 539 540 540 541 541 541 541 541 541 542 542 542 543 542 542 543 543 543 544 544 543 544 544 544 545 545 680 679 680 680 680 681 681 680 681 681 681 681 682 681 681 681 682 682 682 682 683 683 683 683 684 684 684 811 811 812 812 812 812 812 812 813
532 532 532 532 532 532 533 533 534 534 534 535 534 534 535 535 536 536 536 537 537 536 537 537 537 538 538 539 539 538 539 539 539 540 540 540 540 540 540 541 541 541 542 541 541 542 542 542 543 543 542 543 543 543 544 544 544 679 679 679 680 680 680 679 680 680 680 681 681 680 680 681 681 681 681 682 682 682 682 683 683 683 683 683 684 811 811 811 811 812 812 812 812 812
531 531 531 532 532 532 533 533 533 534 533 534 534 534 535 535 535 536 536 535 536 536 537 537 537 538 538 537 538 538 538 539 539 539 539 539 539 540 540 540 541 541 541 541 541 542 542 542 541 542 542 542 543 543 543 543 678 678 679 679 679 679 679 679 679 680 680 680 680 680 680 680 681 681 681 681 682 682 682 682 682 683 683 683 683 810 811 811 811 811 811 811 812 812
530 531 531 531 532 532 533 533 532 533 533 533 534 534 534 535 534 535 535 535 536 536 536 537 536 536 537 537 537 538 538 539 538 538 539 539 539 540 540 540 540 540 540 541 541 541 542 541 541 542 542 542 543 542 542 677 678 678 678 679 678 678 679 679 679 679 679 679 679 679 680 680 680 681 681 681 681 681 682 682 682 682 683 683 683 810 810 810 811 811 811 811 811 811
530 531 531 531 532 531 531 532 532 532 533 533 534 534 533 534 534 534 535 535 535 536 535 536 536 536 537 537 537 538 537 537 538 538 538 539 539 539 539 539 539 540 540 540 541 540 540 541 541 541 542 541 541 542 677 677 677 678 677 677 678 678 678 679 678 678 678 679 679 679 679 680 680 680 680 681 681 681 681 682 682 682 682 682 683 683 810 810 810 810 811 811 811 811
530 530 531 530 530 531 531 532 532 532 533 533 532 533 533 533 534 534 535 535 534 535 535 535 536 536 536 537 536 536 537 537 537 538 538 538 538 538 538 539 539 539 540 539 539 540 540 540 541 540 540 541 541 676 677 677 676 677 677 677 677 678 677 677 678 678 678 678 679 679 679 679 680 680 680 680 681 681 681 681 681 682 682 682 682 682 810 810 810 810 810 810 810 811
530 529 530 530 530 531 531 531 532 532 531 532 532 533 533 533 534 534 533 534 534 534 535 535 535 536 535 536 536 536 537 537 537 537 537 537 538 538 538 539 539 538 539 539 539 540 540 540 540 540 540 540 676 676 675 676 676 676 677 677 676 676 677 677 677 678 678 678 678 679 679 679 679 680 680 680 680 680 681 681 681 681 681 682 682 682 809 809 810 810 810 810 810 810
529 529 529 530 530 530 531 530 531 531 531 532 532 532 533 533 532 533 533 534 534 534 535 535 534 535 535 535 536 536 536 536 536 536 537 537 537 538 538 537 538 538 538 539 539 539 539 539 539 540 540 675 674 675 675 675 676 676 676 676 676 676 676 677 677 677 677 678 678 678 678 679 679 679 679 680 680 680 680 681 681 681 681 681 681 682 809 809 809 809 809 810 810 810
528 529 529 530 530 529 530 530 530 531 531 531 532 531 532 532 532 533 533 533 534 534 533 534 534 534 535 535 535 535 535 535 536 536 536 537 537 536 537 537 537 538 538 538 538 538 538 539 539 539 674 674 674 675 675 675 675 675 675 675 676 676 676 676 677 677 677 677 678 678 678 678 679 679 679 679 680 680 680 680 680 681 681 681 681 681 681 809 809 809 809 809 809 809
528 529 528 528 529 529 529 530 530 531 531 530 531 531 531 532 532 532 533 532 532 533 533 534 534 534 535 534 534 535 535 535 536 536 536 536 536 536 537 537 537 538 537 537 537 538 538 538 538 673 673 674 674 674 675 674 674 674 675 675 675 676 676 676 676 677 677 677 677 678 678 678 678 679 679 679 679 679 680 680 680 680 680 681 681 681 681 808 808 809 809 809 809 809
527 528 528 528 529 529 529 530 530 529 530 530 530 531 531 532 532 531 532 532 532 533 533 533 534 533 533 534 534 534 535 535 534 535 535 535 536 536 536 537 536 536 537 537 537 538 537 537 672 673 673 673 674 673 673 674 674 674 674 675 675 675 675 676 676 676 677 677 677 677 678 678 678 678 678 679 679 679 679 679 680 680 680 680 680 681 681 808 808 808 808 808 809 809
527 527 528 528 528 529 528 528 529 529 530 530 530 531 531 530 531 531 531 532 532 532 533 532 532 533 533 533 534 534 533 534 534 534 535 535 535 535 535 535 536 536 536 537 536 536 537 672 672 673 673 672 672 673 673 673 674 674 674 674 675 675 675 675 676 676 676 676 677 677 677 677 678 678 678 678 679 679 679 679 679 680 680 680 680 680 680 808 808 808 808 808 808 808
527 527 528 528 527 528 528 528 529 529 529 530 529 529 530 530 530 531 531 532 532 531 532 532 532 533 533 533 533 533 533 534 534 534 535 534 534 535 535 535 535 536 535 535 536 536 536 672 672 671 672 672 672 672 673 673 673 674 674 674 674 675 675 675 675 676 676 676 676 677 677 677 677 678 678 678 678 678 679 679 679 679 679 679 680 680 680 680 807 807 808 808 808 808
527 526 526 527 527 527 528 528 528 529 528 529 529 529 530 530 530 531 530 530 531 531 531 532 532 532 532 532 532 533 533 533 534 533 533 534 534 534 535 535 534 535 535 535 535 536 671 670 671 671 671 672 672 672 672 673 673 673 674 674 674 674 675 675 675 675 676 676 676 676 677 677 677 677 677 678 678 678 678 678 679 679 679 679 679 679 680 680 807 807 807 807 807 808
525 526 526 526 527 527 528 528 527 528 528 528 529 529 529 530 529 529 530 530 530 531 531 531 531 531 531 532 532 532 533 532 532 533 533 533 534 534 533 534 534 534 535 535 535 669 670 670 670 671 671 671 672 672 672 672 673 673 673 673 674 674 674 675 675 675 675 676 676 676 676 676 677 677 677 677 677 678 678 678 678 678 679 679 679 679 679 679 807 807 807 807 807 807
525 526 526 526 527 526 526 527 527 527 528 528 528 529 528 528 529 529 530 530 530 530 530 530 531 531 531 532 532 531 532 532 532 532 533 533 532 533 533 533 534 534 534 534 669 669 670 670 670 670 671 671 671 672 672 672 672 673 673 673 673 674 674 674 674 675 675 675 675 676 676 676 676 677 677 677 677 677 678 678 678 678 678 678 679 679 679 679 806 806 806 807 807 807
525 525 526 525 525 526 526 527 527 527 528 527 527 528 528 528 529 529 529 529 529 529 530 530 530 531 531 530 531 531 531 532 532 532 532 532 532 533 533 533 533 533 533 668 669 669 669 670 670 670 670 671 671 671 672 672 672 672 673 673 673 673 674 674 674 674 675 675 675 675 676 676 676 676 676 677 677 677 677 677 678 678 678 678 678 678 678 679 679 806 806 806 806 806
524 524 525 525 525 526 526 526 527 526 526 527 527 527 528 528 528 528 528 528 529 529 529 530 529 529 530 530 530 531 531 531 531 531 531 532 532 532 533 532 532 532 533 668 668 669 669 669 670 670 670 670 671 671 671 672 672 672 672 673 673 673 673 674 674 674 674 675 675 675 675 675 676 676 676 676 676 677 677 677 677 677 677 678 678 678 678 678 678 805 806 806 806 806
524 524 524 525 525 525 525 525 525 526 526 526 527 527 527 527 527 528 528 528 529 529 528 529 529 529 530 530 530 529 530 530 530 531 531 531 531 531 531 532 532 532 668 668 668 668 669 669 669 670 670 670 670 671 671 671 671 672 672 672 673 673 673 673 673 674 674 674 674 675 675 675 675 675 676 676 676 676 676 677 677 677 677 677 677 678 678 678 678 805 805 805 805 806
523 524 524 525 524 524 525 525 525 526 526 526 526 526 526 527 527 527 528 528 527 528 528 528 529 529 529 529 529 529 530 530 530 531 530 530 530 531 531 531 532 667 667 668 668 668 668 669 669 669 670 670 670 670 671 671 671 671 672 672 672 672 673 673 673 673 674 674 674 674 675 675 675 675 675 676 676 676 676 676 676 677 677 677 677 677 677 677 678 805 805 805 805 805
523 523 523 523 524 524 524 525 525 525 525 525 525 526 526 526 527 526 526 527 527 527 528 528 528 528 528 528 529 529 529 530 529 529 530 530 530 530 531 531 666 667 667 667 668 668 668 668 669 669 669 670 670 670 670 671 671 671 671 672 672 672 672 673 673 673 673 674 674 674 674 674 675 675 675 675 675 676 676 676 676 676 676 677 677 677 677 677 677 677 804 805 805 805
522 522 523 523 523 524 524 523 524 524 525 525 525 526 526 525 526 526 526 527 527 527 527 527 527 527 528 528 528 529 528 528 529 529 529 530 530 530 531 531 666 666 667 667 667 668 668 668 668 669 669 669 669 670 670 670 671 671 671 671 672 672 672 672 673 673 673 673 673 674 674 674 674 674 675 675 675 675 675 676 676 676 676 676 676 676 677 677 677 677 804 804 804 804
522 522 523 523 522 523 523 523 524 524 524 525 525 524 525 525 525 526 526 526 526 526 526 527 527 527 528 527 527 527 528 528 528 529 529 529 530 530 530 666 666 666 666 667 667 667 668 668 668 668 669 669 669 669 670 670 670 670 671 671 671 671 672 672 672 672 673 673 673 673 673 674 674 674 674 674 675 675 675 675 675 675 676 676 676 676 676 676 676 677 804 804 804 804
522 522 521 522 522 522 523 523 523 524 523 523 524 524 524 525 525 525 525 525 525 526 526 526 527 526 526 527 527 527 528 528 528 528 529 529 529 530 665 665 666 666 666 666 667 667 667 668 668 668 668 669 669 669 669 670 670 670 670 671 671 671 671 672 672 672 672 672 673 673 673 673 674 674 674 674 674 674 675 675 675 675 675 675 676 676 676 676 676 676 803 803 803 804
520 521 521 521 522 522 522 523 522 523 523 523 524 524 524 523 524 524 524 525 525 525 526 525 525 526 526 526 527 527 527 528 528 528 529 529 529 664 665 665 665 666 666 666 666 667 667 667 668 668 668 668 669 669 669 669 670 670 670 670 671 671 671 671 672 672 672 672 672 673 673 673 673 673 674 674 674 674 674 674 675 675 675 675 675 675 675 676 676 676 676 803 803 803
520 521 521 521 522 521 521 522 522 522 523 523 523 523 523 523 524 524 524 525 524 524 525 525 525 525 526 526 526 527 527 527 528 528 528 529 529 664 664 665 665 665 666 666 666 666 667 667 667 667 668 668 668 669 669 669 669 670 670 670 670 670 671 671 671 671 672 672 672 672 672 673 673 673 673 673 674 674 674 674 674 674 675 675 675 675 675 675 675 675 676 803 803 803
520 520 520 520 520 521 521 521 522 522 521 522 522 522 523 523 523 524 523 523 524 524 524 525 525 525 526 526 526 526 527 527 527 528 528 528 664 664 664 664 665 665 665 666 666 666 666 667 667 667 667 668 668 668 668 669 669 669 669 670 670 670 670 671 671 671 671 671 672 672 672 672 672 673 673 673 673 673 674 674 674 674 674 674 674 675 675 675 675 675 675 802 802 802
519 519 519 520 520 520 521 521 520 521 521 521 522 522 522 522 522 522 523 523 523 524 524 524 525 525 525 526 526 526 526 527 527 527 528 663 663 664 664 664 664 665 665 665 666 666 666 666 667 667 667 667 668 668 668 668 669 669 669 669 670 670 670 670 670 671 671 671 671 672 672 672 672 672 672 673 673 673 673 673 673 674 674 674 674 674 674 674 675 675 675 675 802 802
519 519 519 520 520 519 520 520 520 521 521 521 522 521 521 522 522 522 523 523 523 523 524 524 524 525 525 525 526 526 526 527 527 527 527 663 663 663 664 664 664 664 665 665 665 666 666 666 666 667 667 667 667 668 668 668 668 669 669 669 669 669 670 670 670 670 671 671 671 671 671 672 672 672 672 672 672 673 673 673 673 673 673 674 674 674 674 674 674 674 674 674 802 802
518 519 518 518 519 519 519 520 520 520 520 520 520 521 521 521 522 522 522 523 523 523 524 524 524 524 525 525 525 526 526 526 527 527 662 662 663 663 663 664 664 664 664 665 665 665 665 666 666 666 667 667 667 667 668 668 668 668 668 669 669 669 669 670 670 670 670 670 671 671 671 671 671 672 672 672 672 672 672 673 673 673 673 673 673 673 674 674 674 674 674 674 801 801
517 517 518 518 518 519 519 519 519 519 519 520 520 520 521 521 521 522 522 522 523 523 523 524 524 524 524 525 525 525 526 526 526 662 662 662 662 663 663 663 664 664 664 664 665 665 665 665 666 666 666 666 667 667 667 667 668 668 668 668 669 669 669 669 669 670 670 670 670 670 671 671 671 671 671 672 672 672 672 672 672 672 673 673 673 673 673 673 673 673 674 674 801 801
