testData/tiles/oneDegree/grid28.0-23.0-29.0-24.0.asc
ncols   200
nrows   200
xllcorner   28.0
yllcorner   23.0
cellsize   0.005
NODATA_value   -9999.0
[rows 0 to 41 of 200, columns 0 to 93 of 200]
261 260 260 260 259 259 259 258 258 258 257 257 257 256 256 256 255 255 255 254 254 253 253 253 252 252 252 251 251 250 250 250 249 249 249 249 249 249 249 249 249 277 277 277 277 277 277 277 277 277 277 277 277 277 277 277 277 277 277 277 277 277 277 277 277 277 277 277 277 277 277 277 277 277 277 277 277 277 277 277 277 277 277 277 277 277 277 277 277 277 277 277 277 277
260 260 260 259 259 259 258 258 258 257 257 257 256 256 256 255 255 254 254 254 253 253 253 252 252 252 251 251 250 250 250 249 249 249 249 249 249 249 249 249 249 277 277 277 277 277 277 277 277 277 277 277 277 277 277 277 277 277 277 277 277 277 277 277 277 277 277 277 277 277 277 277 277 277 277 277 277 277 277 277 277 277 277 277 277 277 277 277 277 277 277 277 277 277
260 259 259 259 258 258 258 257 257 257 256 256 256 255 255 255 254 254 254 253 253 253 252 252 252 251 251 250 250 250 249 249 249 249 249 249 249 249 249 249 249 277 277 277 277 277 277 277 277 277 277 277 277 277 277 277 277 277 277 277 277 277 277 277 277 277 277 277 277 277 277 277 277 277 277 277 277 277 277 277 277 277 277 277 277 277 277 277 277 277 277 277 277 277
259 259 259 258 258 258 257 257 257 256 256 256 255 255 255 254 254 254 253 253 253 252 252 252 251 251 250 250 250 249 249 249 249 249 249 249 249 249 249 249 249 277 277 277 277 277 277 277 277 277 277 277 277 277 277 277 277 277 277 277 277 277 277 277 277 277 277 277 277 277 277 277 277 277 277 277 277 277 277 277 277 277 277 277 277 277 277 277 277 277 277 277 277 277
259 259 258 258 258 257 257 257 256 256 256 255 255 255 254 254 254 253 253 253 252 252 252 251 251 250 250 250 249 249 249 249 249 249 249 249 249 249 249 249 249 277 277 277 277 277 277 277 277 277 277 277 277 277 277 277 277 277 277 277 277 277 277 277 277 277 277 277 277 277 277 277 277 277 277 277 277 277 277 277 277 277 277 277 277 277 277 277 277 277 277 277 277 277
258 258 258 258 257 257 257 256 256 256 255 255 255 254 254 254 253 253 253 252 252 251 251 251 250 250 250 249 249 249 249 249 249 249 249 249 249 249 249 249 249 277 277 277 277 277 277 277 277 277 277 277 277 277 277 277 277 277 277 277 277 277 277 277 277 277 277 277 277 277 277 277 277 277 277 277 277 277 277 277 277 277 277 277 277 277 277 277 277 277 277 277 277 277
258 258 257 257 257 256 256 256 255 255 255 255 254 254 254 253 253 252 252 252 251 251 251 250 250 250 249 249 249 249 249 249 249 249 249 249 249 249 249 249 249 277 277 277 277 277 277 277 277 277 277 277 277 277 277 277 277 277 277 277 277 277 277 277 277 277 277 277 277 277 277 277 277 277 277 277 277 277 277 277 277 277 277 277 277 277 277 277 277 277 277 277 277 277
258 257 257 257 256 256 256 255 255 255 254 254 254 253 253 253 252 252 252 251 251 251 250 250 250 249 249 249 249 249 249 249 249 249 249 249 249 249 249 249 249 277 277 277 277 277 277 277 277 277 277 277 277 277 277 277 277 277 277 277 277 277 277 277 277 277 277 277 277 277 277 277 277 277 277 277 277 277 277 277 277 277 277 277 277 277 277 277 277 277 277 277 277 277
257 257 257 256 256 256 255 255 255 254 254 254 253 253 253 252 252 252 251 251 251 250 250 250 249 249 249 249 249 249 249 249 249 249 249 249 249 249 249 249 249 277 277 277 277 277 277 277 277 277 277 277 277 277 277 277 277 277 277 277 277 277 277 277 277 277 277 277 277 277 277 277 277 277 277 277 277 277 277 277 277 277 277 277 277 277 277 277 277 277 277 277 277 277
257 256 256 256 256 255 255 255 254 254 254 253 253 253 252 252 252 251 251 251 250 250 250 249 249 249 249 249 249 249 249 249 249 249 249 249 249 249 249 249 249 277 277 277 277 277 277 277 277 277 277 277 277 277 277 277 277 277 277 277 277 277 277 277 277 277 277 277 277 277 277 277 277 277 277 277 277 277 277 277 277 277 277 277 277 277 277 277 277 277 277 277 277 277
256 256 256 255 255 255 254 254 254 253 253 253 253 252 252 252 251 251 251 250 250 249 249 249 249 249 249 249 249 249 249 249 249 249 249 249 249 249 249 249 249 277 277 277 277 277 277 277 277 277 277 277 277 277 277 277 277 277 277 277 277 277 277 277 277 277 277 277 277 277 277 277 277 277 277 277 277 277 277 277 277 277 277 277 277 277 277 277 277 277 277 277 277 277
256 256 255 255 255 254 254 254 253 253 253 252 252 252 251 251 251 250 250 250 249 249 249 249 249 249 249 249 249 249 249 249 249 249 249 249 249 249 249 249 249 277 277 277 277 277 277 277 277 277 277 277 277 277 277 277 277 277 277 277 277 277 277 277 277 277 277 277 277 277 277 277 277 277 277 277 277 277 277 277 277 277 277 277 277 277 277 277 277 277 277 277 277 277
255 255 255 255 254 254 254 253 253 253 252 252 252 251 251 251 250 250 250 249 249 249 249 249 249 249 249 249 249 249 249 249 249 249 249 249 249 249 249 249 249 277 277 277 277 277 277 277 277 277 277 277 277 277 277 277 277 277 277 277 277 277 277 277 277 277 277 277 277 277 277 277 277 277 277 277 277 277 277 277 277 277 277 277 277 277 277 277 277 277 277 277 277 277
255 255 254 254 254 253 253 253 253 252 252 252 251 251 251 250 250 250 249 249 249 249 249 249 249 249 249 249 249 249 249 249 249 249 249 249 249 249 249 249 249 277 277 277 277 277 277 277 277 277 277 277 277 277 277 277 277 277 277 277 277 277 277 277 277 277 277 277 277 277 277 277 277 277 277 277 277 277 277 277 277 277 277 277 277 277 277 277 277 277 277 277 277 277
255 254 254 254 253 253 253 252 252 252 251 251 251 251 250 250 250 249 249 249 249 249 249 249 249 249 249 249 249 249 249 249 249 249 249 249 249 249 249 249 249 277 277 277 277 277 277 277 277 277 277 277 277 277 277 277 277 277 277 277 277 277 277 277 277 277 277 277 277 277 277 277 277 277 277 277 277 277 277 277 277 277 277 277 277 277 277 277 277 277 277 277 277 277
254 254 254 253 253 253 252 252 252 251 251 251 250 250 250 249 249 249 249 249 249 249 249 249 249 249 249 249 249 249 249 249 249 249 249 249 249 249 249 249 249 277 277 277 277 277 277 277 277 277 277 277 277 277 277 277 277 277 277 277 277 277 277 277 277 277 277 277 277 277 277 277 277 277 277 277 277 277 277 277 277 277 277 277 277 277 277 277 277 277 277 277 277 277
254 253 253 253 252 252 252 252 251 251 251 250 250 250 249 249 249 249 249 249 249 249 249 249 249 249 249 249 249 249 249 249 249 249 249 249 249 249 249 249 249 249 277 277 277 277 277 277 277 277 277 277 277 277 277 277 277 277 277 277 277 277 277 277 277 277 277 277 277 277 277 277 277 277 277 277 277 277 277 277 277 277 277 277 277 277 277 277 277 277 277 277 277 282
253 253 253 252 252 252 251 251 251 251 250 250 250 249 249 249 249 249 249 249 249 249 249 249 249 249 249 249 249 249 249 249 249 249 249 249 249 249 249 249 249 249 277 277 277 277 277 277 277 277 277 277 277 277 277 277 277 277 277 277 277 277 277 277 277 277 277 277 277 277 277 277 277 277 277 277 277 277 277 277 277 277 277 277 277 277 277 277 277 277 282 285 287 288
253 252 252 252 252 251 251 251 250 250 250 249 249 249 249 249 249 249 249 249 249 249 249 249 249 249 249 249 249 249 249 249 249 249 249 249 249 249 249 249 249 249 277 277 277 277 277 277 277 277 277 277 277 277 277 277 277 277 277 277 277 277 277 277 277 277 277 277 277 277 277 277 277 277 277 277 277 277 277 277 277 277 277 277 277 277 282 283 286 287 289 290 292 293
252 252 252 251 251 251 251 250 250 250 249 249 249 249 249 249 249 249 249 249 249 249 249 249 249 249 249 249 249 249 249 249 249 249 249 249 249 249 249 249 249 249 277 277 277 277 277 277 277 277 277 277 277 277 277 277 277 277 277 277 277 277 277 277 277 277 277 277 277 277 277 277 277 277 277 277 277 277 277 277 277 277 277 282 284 286 288 290 291 292 293 294 295 296
252 252 251 251 251 250 250 250 250 249 249 249 249 249 249 249 249 249 249 249 249 249 249 249 249 249 249 249 249 249 249 249 249 249 249 249 249 249 249 249 249 249 277 277 277 277 277 277 277 277 277 277 277 277 277 277 277 277 277 277 277 277 277 277 277 277 277 277 277 277 277 277 277 277 277 277 277 277 277 277 282 285 287 289 290 291 293 294 295 296 297 298 298 299
251 251 251 251 250 250 250 249 249 249 249 249 249 249 249 249 249 249 249 249 249 249 249 249 249 249 249 249 249 249 249 249 249 249 249 249 249 249 249 249 249 249 277 277 277 277 277 277 277 277 277 277 277 277 277 277 277 277 277 277 277 277 277 277 277 277 277 277 277 277 277 277 277 277 277 277 277 283 285 287 289 290 292 293 294 295 296 297 298 299 300 300 301 302
251 251 250 250 250 250 249 249 249 249 249 249 249 249 249 249 249 249 249 249 249 249 249 249 249 249 249 249 249 249 249 249 249 249 249 249 249 249 249 249 249 249 277 277 277 277 277 277 277 277 277 277 277 277 277 277 277 277 277 277 277 277 277 277 277 277 277 277 277 277 277 277 277 282 283 286 288 289 291 292 293 294 295 296 297 298 299 300 301 301 302 303 304 304
251 250 250 250 249 249 249 249 249 249 249 249 249 249 249 249 249 249 249 249 249 249 249 249 249 249 249 249 249 249 249 249 249 249 249 249 249 249 249 249 249 249 277 277 277 277 277 277 277 277 277 277 277 277 277 277 277 277 277 277 277 277 277 277 277 277 277 277 277 277 282 283 286 288 289 291 292 293 295 296 297 298 298 299 300 301 302 302 303 304 304 305 306 306
250 250 250 249 249 249 249 249 249 249 249 249 249 249 249 249 249 249 249 249 249 249 249 249 249 249 249 249 249 249 249 249 249 249 249 249 249 249 249 249 249 249 277 277 277 277 277 277 277 277 277 277 277 277 277 277 277 277 277 277 277 277 277 277 277 277 277 282 284 286 288 290 291 292 294 295 296 297 298 299 299 300 301 302 303 303 304 305 305 306 307 307 308 308
250 249 249 249 249 249 249 249 249 249 249 249 249 249 249 249 249 249 249 249 249 249 249 249 249 249 249 249 249 249 249 249 249 249 249 249 249 249 249 249 249 249 277 277 277 277 277 277 277 277 277 277 277 277 277 277 277 277 277 277 277 277 277 277 282 284 286 288 290 291 292 294 295 296 297 298 299 300 300 301 302 303 303 304 305 306 306 307 307 308 309 309 310 310
249 249 249 249 249 249 249 249 249 249 249 249 249 249 249 249 249 249 249 249 249 249 249 249 249 249 249 249 249 249 249 249 249 249 249 249 249 249 249 249 249 249 277 277 277 277 277 277 277 277 277 277 277 277 277 277 277 277 277 277 277 282 283 286 288 290 291 292 294 295 296 297 298 299 300 301 301 302 303 304 304 305 306 306 307 308 308 309 309 310 310 311 312 312
249 249 249 249 249 249 249 249 249 249 249 249 249 249 249 249 249 249 249 249 249 249 249 249 249 249 249 249 249 249 249 249 249 249 249 249 249 249 249 249 249 249 277 277 277 277 277 277 277 277 277 277 277 277 277 277 277 277 282 283 286 288 290 291 292 294 295 296 297 298 299 300 301 301 302 303 304 304 305 306 306 307 308 308 309 309 310 311 311 312 312 313 313 314
249 249 249 249 249 249 249 249 249 249 249 249 249 249 249 249 249 249 249 249 249 249 249 249 249 249 249 249 249 249 249 249 249 249 249 249 249 249 249 249 249 249 249 277 277 277 277 277 277 277 277 277 277 277 277 277 283 285 288 289 291 292 294 295 296 297 298 299 300 301 301 302 303 304 304 305 306 307 307 308 308 309 310 310 311 311 312 312 313 313 314 314 315 315
249 249 249 249 249 249 249 249 249 249 249 249 249 249 249 249 249 249 249 249 249 249 249 249 249 249 249 249 249 249 249 249 249 249 249 249 249 249 249 249 249 249 249 277 277 277 277 277 277 277 277 277 277 282 285 287 289 291 292 293 295 296 297 298 299 300 301 301 302 303 304 304 305 306 307 307 308 308 309 310 310 311 311 312 312 313 313 314 314 315 315 316 316 202
249 249 249 249 249 249 249 249 249 249 249 249 249 249 249 249 249 249 249 249 249 249 249 249 249 249 249 249 249 249 249 249 249 249 249 249 249 249 249 249 249 249 249 277 277 277 277 277 277 277 282 284 287 289 290 292 293 294 296 297 298 299 300 300 301 302 303 304 304 305 306 307 307 308 309 309 310 310 311 311 312 313 313 314 314 315 315 201 201 202 202 202 203 203
249 249 249 249 249 249 249 249 249 249 249 249 249 249 249 249 249 249 249 249 249 249 249 249 249 249 249 249 249 249 249 249 249 249 249 249 249 249 249 249 249 249 249 277 277 277 277 282 284 286 288 290 292 293 294 295 296 298 299 299 300 301 302 303 304 304 305 306 307 307 308 309 309 310 310 311 311 312 313 313 314 199 200 200 201 201 202 202 203 203 203 204 204 205
249 249 249 249 249 249 249 249 249 249 249 249 249 249 249 249 249 249 249 249 249 249 249 249 249 249 249 249 249 249 249 249 249 249 249 249 249 249 249 249 249 249 249 277 277 282 285 288 290 291 293 294 295 296 297 298 299 300 301 302 303 304 304 305 306 306 307 308 308 309 310 310 311 311 312 198 198 199 199 200 200 201 201 202 202 203 203 204 204 204 205 205 206 206
249 249 249 249 249 249 249 249 249 249 249 249 249 249 249 249 249 249 249 249 249 249 249 249 249 249 249 249 249 249 249 249 249 249 249 249 249 249 249 249 249 249 254 284 287 289 291 292 293 295 296 297 298 299 300 301 302 303 303 304 305 306 306 307 308 308 309 310 195 196 196 197 198 198 199 199 200 200 201 201 202 202 203 203 204 204 204 205 205 206 206 207 207 207
249 249 249 249 249 249 249 249 249 249 249 249 249 249 249 249 249 249 249 249 249 249 249 249 249 249 249 249 249 249 249 249 249 249 249 249 249 249 249 254 255 258 260 290 292 293 294 296 297 298 299 300 301 302 302 303 304 305 306 306 192 193 193 194 195 195 196 196 197 198 198 199 199 200 200 201 201 202 202 203 203 204 204 205 205 205 206 206 207 207 208 208 208 209
249 249 249 249 249 249 249 249 249 249 249 249 249 249 249 249 249 249 249 249 249 249 249 249 249 249 249 249 249 249 249 249 249 249 249 249 249 254 257 259 261 263 264 294 295 296 297 298 299 300 301 302 188 189 190 190 191 192 193 193 194 194 195 196 196 197 198 198 199 199 200 200 201 201 202 202 203 203 204 204 205 205 205 206 206 207 207 208 208 208 209 209 210 210
249 249 249 249 249 249 249 249 249 249 249 249 249 249 249 249 249 249 249 249 249 249 249 249 249 249 249 249 249 249 249 249 249 249 254 256 258 261 262 264 265 267 268 297 183 184 185 186 187 188 189 189 190 191 192 192 193 194 194 195 196 196 197 197 198 199 199 200 200 201 201 202 202 203 203 204 204 205 205 205 206 206 207 207 208 208 208 209 209 210 210 210 211 211
249 249 249 249 249 249 249 249 249 249 249 249 249 249 249 249 249 249 249 249 249 249 249 249 249 249 249 249 249 249 249 249 254 257 145 146 148 150 151 152 153 155 156 185 186 187 187 188 189 190 191 191 192 193 194 194 195 195 196 197 197 198 198 199 200 200 201 201 202 202 203 203 204 204 205 205 205 206 206 207 207 208 208 208 209 209 210 210 210 211 211 212 212 212
249 249 249 249 249 249 249 249 249 249 249 249 249 249 249 249 249 249 249 249 249 249 249 249 134 134 134 134 134 139 141 143 146 147 149 150 152 153 154 155 156 157 158 159 188 189 190 190 191 192 193 193 194 195 195 196 197 197 198 198 199 199 200 201 201 202 202 203 203 204 204 205 205 205 206 206 207 207 208 208 209 209 209 210 210 210 211 211 212 212 212 213 213 213
249 249 249 249 249 249 249 249 249 249 249 249 134 134 134 134 134 134 134 134 134 134 134 134 134 134 134 139 142 144 146 148 150 151 152 154 155 156 157 158 159 160 160 161 190 191 192 192 193 194 194 195 196 196 197 198 198 199 199 200 200 201 201 202 203 203 204 204 204 205 205 206 206 207 207 208 208 208 209 209 210 210 211 211 211 212 212 212 213 213 214 214 214 215
134 134 134 134 134 134 134 134 134 134 134 134 134 134 134 134 134 134 134 134 134 134 134 134 134 140 143 145 147 149 150 152 153 154 155 156 157 158 159 160 161 162 162 163 192 193 193 194 195 195 196 197 197 198 199 199 200 200 201 201 202 202 203 203 204 204 205 205 206 206 207 207 208 208 208 209 209 210 210 211 211 211 212 212 212 213 213 214 214 214 215 215 215 216
134 134 134 134 134 134 134 134 134 134 134 134 134 134 134 134 134 134 134 134 134 134 139 141 144 146 148 149 151 152 153 155 156 157 158 159 160 160 161 162 163 164 164 165 194 195 195 196 197 197 198 198 199 200 200 201 201 202 202 203 203 204 204 205 205 206 206 207 207 208 208 208 209 209 210 210 210 211 211 212 212 212 213 213 214 214 214 215 215 215 216 216 216 217
