testData/tiles/oneDegree/grid49.0-10.0-50.0-11.0.asc
ncols   200
nrows   200
xllcorner   49.0
yllcorner   10.0
cellsize   0.005
NODATA_value   -9999.0
[rows 126 to 167 of 200, columns 94 to 187 of 200]
143 143 142 142 141 141 140 139 139 138 138 138 137 137 136 136 136 136 136 135 134 135 134 134 133 134 134 133 134 133 133 133 133 132 131 131 131 131 131 130 130 131 130 130 129 128 129 128 128 127 127 127 127 127 126 126 126 124 125 124 124 124 123 123 122 122 123 122 121 120 120 120 119 119 119 119 119 119 119 119 119 119 119 119 119 119 119 118 131 131 131 131 132 133
143 143 142 142 141 141 140 139 139 138 138 138 137 137 136 136 136 135 135 134 134 134 133 133 133 133 133 132 133 132 132 132 132 131 130 130 131 130 130 129 129 130 129 129 128 127 128 127 127 126 126 127 126 126 125 125 125 124 124 123 123 123 122 122 121 122 122 121 120 119 119 119 118 118 118 118 119 119 118 118 118 118 118 118 118 118 118 117 117 117 130 130 130 130
143 143 142 142 141 141 140 139 139 138 138 138 137 137 136 136 136 135 135 134 133 133 132 133 132 132 132 132 132 131 131 132 131 130 129 130 130 129 129 128 129 129 128 128 127 127 127 126 126 125 126 126 125 125 124 124 125 123 123 122 122 122 121 121 121 121 121 120 119 118 118 118 117 117 118 118 118 118 117 117 117 117 117 117 117 117 117 116 116 116 116 116 116 129
143 143 142 142 141 141 140 139 139 138 138 138 137 137 136 136 136 135 135 134 133 133 132 132 131 131 132 131 131 130 131 131 130 129 128 129 129 128 128 128 128 128 127 127 127 126 126 125 125 125 125 125 124 124 123 124 124 122 122 121 121 120 120 121 120 120 119 119 118 117 117 116 117 117 117 117 117 117 116 116 116 116 116 116 116 116 116 115 115 115 115 115 115 115
143 143 142 142 141 141 140 139 139 138 138 138 137 137 136 136 136 135 135 134 133 133 132 132 131 131 131 130 130 129 130 130 129 128 128 128 128 127 128 127 127 127 126 127 126 125 124 124 124 124 124 123 123 123 122 123 122 121 121 120 120 119 120 120 119 119 118 118 117 116 116 116 116 116 116 116 116 116 115 115 115 115 115 115 115 115 115 114 114 114 115 115 115 115
143 143 142 142 141 141 140 139 139 138 138 138 137 137 136 136 136 135 135 134 133 132 132 132 131 131 130 130 130 129 129 128 128 128 127 127 126 126 127 126 126 125 126 126 125 124 123 123 124 123 123 122 122 122 122 122 121 120 120 119 119 119 119 119 118 118 117 117 116 116 116 115 115 115 115 115 115 115 114 114 114 114 114 114 114 115 115 114 114 114 114 114 114 114
143 142 142 142 141 141 139 139 139 138 138 137 137 137 136 136 135 135 135 134 133 132 132 132 131 131 130 130 130 129 129 128 128 127 126 126 125 126 126 125 125 124 125 125 124 123 122 123 123 122 122 121 121 122 121 121 120 119 119 118 119 118 118 118 117 117 116 116 116 115 115 114 114 114 114 114 114 114 113 113 113 114 114 114 114 114 114 113 113 113 113 113 113 113
143 142 142 142 141 141 139 139 139 138 138 137 137 137 136 136 135 135 135 134 133 132 132 132 131 131 130 130 130 129 129 128 128 127 126 126 125 125 125 124 124 124 124 124 123 122 122 122 122 121 121 120 121 121 120 120 119 118 119 118 118 117 117 117 116 116 115 116 115 114 114 113 113 113 113 113 113 113 112 113 113 113 113 113 113 113 113 112 112 112 112 112 112 112
143 142 142 142 141 141 139 139 139 138 138 137 137 137 136 136 135 135 135 134 133 132 132 132 131 131 130 130 130 129 129 128 128 127 126 126 125 125 125 124 124 123 123 123 122 122 121 121 121 120 120 120 120 120 119 119 118 118 118 117 117 116 116 116 115 116 115 115 114 113 113 112 112 112 112 112 112 113 112 112 112 112 112 112 112 112 112 111 111 111 111 111 111 111
143 142 142 142 141 141 139 139 139 138 138 137 137 137 136 136 135 135 135 134 133 132 132 132 131 131 130 130 130 129 129 128 128 127 126 126 125 125 125 124 124 123 123 123 122 121 120 120 120 119 120 119 119 119 118 118 118 117 117 116 116 115 115 115 115 115 114 114 113 112 112 111 111 111 111 112 112 112 111 111 111 111 111 111 111 111 111 110 110 110 110 110 110 110
143 142 142 142 141 141 139 139 139 138 138 137 137 137 136 136 135 135 135 134 133 132 132 132 131 131 130 130 130 129 129 128 128 127 126 126 125 125 125 124 124 123 123 123 122 121 120 120 120 119 119 118 118 118 117 117 117 116 116 115 115 114 114 115 114 114 113 113 112 111 111 110 110 111 111 111 111 111 110 110 110 110 110 110 110 110 110 109 109 109 109 109 109 109
143 142 142 141 141 141 139 139 138 138 138 137 137 136 136 136 135 135 134 134 133 132 132 131 131 131 130 130 129 129 129 128 128 126 126 126 125 125 124 124 124 123 123 122 122 121 120 120 119 119 119 118 118 117 117 117 116 115 114 114 114 113 114 113 113 113 112 112 110 110 110 109 110 110 110 110 110 110 109 109 109 109 109 109 109 109 109 108 108 108 108 108 108 108
143 142 142 141 141 141 139 139 138 138 138 137 137 136 136 136 135 135 134 134 133 132 132 131 131 131 130 130 129 129 129 128 128 126 126 126 125 125 124 124 124 123 123 122 122 121 120 120 119 119 119 118 118 117 117 117 116 115 114 114 114 113 113 112 112 112 111 111 109 109 110 109 109 109 109 109 109 109 108 108 108 108 108 108 108 108 108 107 108 108 108 108 108 108
143 142 142 141 141 141 139 139 138 138 138 137 137 136 136 136 135 135 134 134 133 132 132 131 131 131 130 130 129 129 129 128 128 126 126 126 125 125 124 124 124 123 123 122 122 121 120 120 119 119 119 118 118 117 117 117 116 115 114 114 114 113 113 112 112 112 111 111 109 109 109 108 108 108 108 108 108 108 107 107 107 107 107 108 108 108 108 107 107 107 107 107 107 107
143 142 142 141 141 141 139 139 138 138 138 137 137 136 136 136 135 135 134 134 133 132 132 131 131 131 130 130 129 129 129 128 128 126 126 126 125 125 124 124 124 123 123 122 122 121 120 120 119 119 119 118 118 117 117 117 116 115 114 114 114 113 113 112 112 112 111 111 109 109 109 108 108 108 108 108 108 108 107 107 107 107 107 107 107 107 107 106 106 106 106 106 106 106
143 142 142 141 141 141 139 139 138 138 138 137 137 136 136 136 135 135 134 134 133 132 132 131 131 131 130 130 129 129 129 128 128 126 126 126 125 125 124 124 124 123 123 122 122 121 120 120 119 119 119 118 118 117 117 117 116 115 114 114 114 113 113 112 112 112 111 111 109 109 109 108 108 108 108 108 108 108 107 107 107 107 107 107 107 107 107 106 106 106 106 106 106 106
142 142 142 141 141 140 139 139 138 138 137 137 137 136 136 135 135 135 134 134 132 132 132 131 131 130 130 130 129 129 128 128 128 126 126 125 125 125 124 124 123 123 123 122 122 120 120 120 119 119 118 118 118 117 117 116 116 115 114 114 113 113 113 112 112 111 111 110 109 109 108 108 108 108 108 108 108 108 107 107 107 107 107 107 107 107 107 106 106 106 106 106 106 106
142 142 142 141 141 139 139 139 138 138 137 137 137 136 136 135 135 135 134 134 132 132 132 131 131 130 130 130 129 129 128 128 128 126 126 125 125 125 124 124 123 123 123 122 122 120 120 120 119 119 118 118 118 117 117 116 116 115 114 114 113 113 113 112 112 111 111 110 109 109 108 108 108 108 108 108 108 108 107 107 107 107 107 107 107 107 107 106 106 106 106 106 106 106
142 142 142 141 141 139 139 139 138 138 137 137 137 136 136 135 135 135 134 134 132 132 132 131 131 130 130 130 129 129 128 128 128 126 126 125 125 125 124 124 123 123 123 122 122 120 120 120 119 119 118 118 118 117 117 116 116 115 114 114 113 113 113 112 112 111 111 110 109 109 108 108 108 108 108 108 108 108 107 107 107 107 107 107 107 107 107 106 106 106 106 106 106 106
142 142 142 141 141 139 139 139 138 138 137 137 137 136 136 135 135 135 134 134 132 132 132 131 131 130 130 130 129 129 128 128 128 126 126 125 125 125 124 124 123 123 123 122 122 120 120 120 119 119 118 118 118 117 117 116 116 115 114 114 113 113 113 112 112 111 111 110 109 109 108 108 108 108 108 108 108 107 107 107 107 107 107 107 107 107 107 106 106 106 106 106 106 106
142 142 141 141 141 139 139 138 138 138 137 137 136 136 136 135 135 134 134 134 132 132 131 131 131 130 130 129 129 129 128 128 128 126 126 125 125 125 124 124 123 123 123 122 122 120 120 120 119 119 118 118 118 117 117 116 115 115 114 114 113 113 113 112 112 111 111 110 109 109 108 108 108 108 108 108 108 107 107 107 107 107 107 107 107 107 107 106 106 106 106 106 106 106
142 142 141 141 141 139 139 138 138 138 137 137 136 136 136 135 135 134 134 133 132 132 131 131 131 130 130 129 129 129 128 128 127 126 126 125 125 124 124 124 123 123 122 122 122 120 120 119 119 119 118 118 117 117 117 116 115 114 114 114 113 113 112 112 112 111 111 109 109 109 108 108 108 108 108 108 108 107 107 107 107 107 107 107 107 107 107 106 106 106 106 106 106 106
142 142 141 141 141 139 139 138 138 138 137 137 136 136 136 135 135 134 134 133 132 132 131 131 131 130 130 129 129 129 128 128 127 126 126 125 125 124 124 124 123 123 122 122 122 120 120 119 119 119 118 118 117 117 117 116 115 114 114 114 113 113 112 112 112 111 111 109 109 109 108 108 108 108 108 108 108 107 107 107 107 107 107 107 107 107 107 106 106 106 106 106 106 106
142 142 141 141 140 139 139 138 138 138 137 137 136 136 136 135 135 134 134 133 132 132 131 131 131 130 130 129 129 129 128 128 126 126 126 125 125 124 124 124 123 123 122 122 122 120 120 119 119 119 118 118 117 117 117 116 115 114 114 114 113 113 112 112 112 111 111 109 109 109 108 108 108 108 108 108 108 107 107 107 107 107 107 107 107 107 107 106 106 106 106 106 106 106
142 142 141 141 140 139 139 138 138 137 137 137 136 136 135 135 135 134 134 132 132 132 131 131 130 130 130 129 129 128 128 128 126 126 125 125 125 124 124 124 123 123 122 122 122 120 120 119 119 119 118 118 117 117 117 116 115 114 114 114 113 113 112 112 112 111 111 109 109 109 108 108 108 108 108 108 108 107 107 107 107 107 107 107 107 107 107 106 106 106 106 106 106 106
142 142 141 141 140 139 139 138 138 137 137 137 136 136 135 135 135 134 134 132 132 132 131 131 130 130 130 129 129 128 128 128 126 126 125 125 125 124 124 123 123 123 122 122 121 120 120 119 119 118 118 118 117 117 116 116 115 114 114 113 113 113 112 112 111 111 111 109 109 108 108 108 108 108 108 108 108 107 107 107 107 107 107 107 107 107 107 106 106 106 106 106 106 106
142 141 141 141 140 139 139 138 138 137 137 137 136 136 135 135 135 134 134 132 132 132 131 131 130 130 130 129 129 128 128 128 126 126 125 125 125 124 124 123 123 123 122 122 120 120 120 119 119 118 118 118 117 117 116 116 115 114 114 113 113 113 112 112 111 111 111 109 109 108 108 108 108 108 108 108 108 107 107 107 107 107 107 107 107 107 107 106 106 106 106 106 106 106
142 141 141 141 140 139 138 138 138 137 137 136 136 136 135 135 134 134 134 132 132 131 131 131 130 130 130 129 129 128 128 128 126 126 125 125 125 124 124 123 123 123 122 122 120 120 120 119 119 118 118 118 117 117 116 116 115 114 114 113 113 113 112 112 111 111 111 109 109 108 108 108 108 108 108 108 108 107 107 107 107 107 107 107 107 107 107 106 106 106 106 106 106 106
142 141 141 141 139 139 138 138 138 137 137 136 136 136 135 135 134 134 134 132 132 131 131 131 130 130 129 129 129 128 128 127 126 126 125 125 124 124 124 123 123 122 122 122 120 120 119 119 119 118 118 118 117 117 116 116 115 114 114 113 113 113 112 112 111 111 111 109 109 108 108 108 108 108 108 108 108 107 107 107 107 107 107 107 107 107 106 106 106 106 106 106 106 106
142 141 141 141 139 139 138 138 138 137 137 136 136 136 135 135 134 134 134 132 132 131 131 131 130 130 129 129 129 128 128 127 126 126 125 125 124 124 124 123 123 122 122 122 120 120 119 119 119 118 118 117 117 117 116 116 114 114 114 113 113 112 112 112 111 111 109 109 109 108 108 108 108 108 108 108 108 107 107 107 107 107 107 107 107 107 106 106 106 106 106 106 106 106
142 141 141 140 139 139 138 138 137 137 137 136 136 135 135 135 134 134 132 132 132 131 131 131 130 130 129 129 129 128 128 127 126 126 125 125 124 124 124 123 123 122 122 122 120 120 119 119 119 118 118 117 117 117 116 116 114 114 114 113 113 112 112 112 111 111 109 109 109 108 108 108 108 108 108 108 108 107 107 107 107 107 107 107 107 107 106 106 106 106 106 106 106 106
142 141 141 140 139 139 138 138 137 137 137 136 136 135 135 135 134 134 132 132 132 131 131 130 130 130 129 129 128 128 128 127 126 125 125 125 124 124 123 123 123 122 122 122 120 120 119 119 119 118 118 117 117 117 116 115 114 114 114 113 113 112 112 112 111 111 109 109 109 108 108 108 108 108 108 108 107 107 107 107 107 107 107 107 107 107 106 106 106 106 106 106 106 106
141 141 141 140 139 138 138 138 137 137 137 136 136 135 135 135 134 134 132 132 132 131 131 130 130 130 129 129 128 128 128 126 126 125 125 125 124 124 123 123 123 122 122 121 120 120 119 119 118 118 118 117 117 116 116 115 114 114 113 113 113 112 112 112 111 111 109 109 109 108 108 108 108 108 108 108 107 107 107 107 107 107 107 107 107 107 106 106 106 106 106 106 106 106
110 141 141 140 139 138 138 138 137 137 136 136 136 135 135 134 134 134 132 132 131 131 131 130 130 130 129 129 128 128 128 126 126 125 125 125 124 124 123 123 123 122 122 121 120 120 119 119 118 118 118 117 117 116 116 115 114 114 113 113 113 112 112 111 111 111 109 109 108 108 108 108 108 108 108 108 107 107 107 107 107 107 107 107 107 107 106 106 106 106 106 106 106 106
110 110 110 140 139 138 138 138 137 137 136 136 136 135 135 134 134 134 132 132 131 131 131 130 130 129 129 129 128 128 127 126 126 125 125 124 124 124 123 123 123 122 122 121 120 120 119 119 118 118 118 117 117 116 116 115 114 114 113 113 113 112 112 111 111 111 109 109 108 108 108 108 108 108 108 108 107 107 107 107 107 107 107 107 107 107 106 106 106 106 106 106 106 106
110 110 109 108 108 107 138 137 137 137 136 136 136 135 135 134 134 134 132 132 131 131 131 130 130 129 129 129 128 128 127 126 126 125 125 124 124 124 123 123 122 122 122 120 120 119 119 119 118 118 117 117 117 116 116 114 114 114 113 113 113 112 112 111 111 111 109 109 108 108 108 108 108 108 108 108 107 107 107 107 107 107 107 107 107 107 106 106 106 106 106 106 106 106
110 110 109 108 108 107 107 106 106 137 136 136 135 135 135 134 134 133 132 132 131 131 130 130 130 129 129 129 128 128 127 126 126 125 125 124 124 124 123 123 122 122 122 120 120 119 119 119 118 118 117 117 117 116 116 114 114 114 113 113 112 112 112 111 111 110 109 109 108 108 108 108 108 108 108 108 107 107 107 107 107 107 107 107 107 107 106 106 106 106 106 106 106 106
110 110 109 108 108 107 107 106 106 106 105 105 135 135 135 134 134 132 132 132 131 131 130 130 130 129 129 128 128 128 127 126 125 125 125 124 124 123 123 123 122 122 122 120 120 119 119 119 118 118 117 117 117 116 116 114 114 114 113 113 112 112 112 111 111 109 109 109 108 108 108 108 108 108 108 108 107 107 107 107 107 107 107 107 107 106 106 106 106 106 106 106 106 106
110 110 109 108 107 107 107 106 106 105 105 105 104 104 103 134 134 132 132 132 131 131 130 130 130 129 129 128 128 128 127 126 125 125 125 124 124 123 123 123 122 122 121 120 120 119 119 118 118 118 117 117 116 116 115 114 114 113 113 113 112 112 112 111 111 109 109 109 108 108 108 108 108 108 108 108 107 107 107 107 107 107 107 107 107 106 106 106 106 106 106 106 106 106
110 110 109 108 107 107 107 106 106 105 105 105 104 104 103 103 103 101 132 131 131 131 130 130 129 129 129 128 128 127 126 126 125 125 125 124 124 123 123 123 122 122 121 120 120 119 119 118 118 118 117 117 116 116 115 114 114 113 113 113 112 112 111 111 111 109 109 108 108 108 108 108 108 108 108 107 107 107 107 107 107 107 107 107 107 106 106 106 106 106 106 106 106 106
110 109 108 108 107 107 106 106 106 105 105 105 104 104 103 103 103 101 101 100 100 100 130 130 129 129 129 128 128 127 126 126 125 125 124 124 124 123 123 122 122 122 121 120 119 119 119 118 118 118 117 117 116 116 115 114 114 113 113 113 112 112 111 111 111 109 109 108 108 108 108 108 108 108 108 107 107 107 107 107 107 107 107 107 107 106 106 106 106 106 106 106 106 106
110 109 108 108 107 107 106 106 106 105 105 104 104 104 103 103 102 101 101 100 100 99 99 99 98 129 129 128 128 127 126 126 125 125 124 124 124 123 123 122 122 122 120 120 119 119 119 118 118 117 117 117 116 116 114 114 114 113 113 112 112 112 111 111 111 109 109 108 108 108 108 108 108 108 108 107 107 107 107 107 107 107 107 107 107 106 106 106 106 106 106 106 106 106
