testData/tiles/oneDegree/grid2.0-42.0-3.0-43.0.asc
ncols   200
nrows   200
xllcorner   2.0
yllcorner   42.0
cellsize   0.005
NODATA_value   -9999.0
[rows 42 to 83 of 200, columns 0 to 93 of 200]
765 765 765 765 765 765 765 765 765 765 765 766 766 766 766 766 766 766 766 766 766 766 766 766 767 767 767 767 767 767 767 767 767 767 767 767 767 767 767 767 768 768 768 768 768 768 768 772 772 623 623 623 646 646 734 734 734 734 734 734 734 734 735 735 735 735 735 735 735 735 735 735 735 735 735 735 735 735 735 735 753 753 753 753 753 753 753 753 753 753 753 753 753 754
765 765 765 765 765 765 765 765 766 766 766 766 766 766 766 766 766 766 766 766 766 767 767 767 767 767 767 767 767 767 767 767 767 767 767 767 767 768 768 768 768 768 768 768 768 768 768 768 772 623 623 623 623 734 734 734 734 734 735 735 735 735 735 735 735 735 735 735 735 735 735 735 735 735 735 735 735 735 735 735 735 753 753 753 753 753 753 754 754 754 754 754 754 754
765 765 765 765 765 765 766 766 766 766 766 766 766 766 766 766 766 766 767 767 767 767 767 767 767 767 767 767 767 767 767 767 767 768 768 768 768 768 768 768 768 768 768 768 768 768 768 768 772 623 623 623 623 734 735 735 735 735 735 735 735 735 735 735 735 735 735 735 735 735 735 735 735 735 735 735 735 735 735 735 735 735 754 754 754 754 754 754 754 754 754 754 754 754
765 765 765 766 766 766 766 766 766 766 766 766 766 766 766 767 767 767 767 767 767 767 767 767 767 767 767 767 767 767 768 768 768 768 768 768 768 768 768 768 768 768 768 768 768 768 768 768 772 623 624 624 712 735 735 735 735 735 735 735 735 735 735 735 735 735 735 735 735 735 735 735 735 735 735 735 735 735 736 736 736 736 736 754 754 754 754 754 754 754 754 754 754 754
766 766 766 766 766 766 766 766 766 766 766 766 767 767 767 767 767 767 767 767 767 767 767 767 767 767 767 768 768 768 768 768 768 768 768 768 768 768 768 768 768 768 768 768 768 768 769 769 773 624 624 712 712 735 735 735 735 735 735 735 735 735 735 735 735 735 735 735 735 735 735 735 735 736 736 736 736 736 736 736 736 736 736 736 754 754 754 754 754 754 754 754 754 754
766 766 766 766 766 766 766 766 766 767 767 767 767 767 767 767 767 767 767 767 767 767 767 767 768 768 768 768 768 768 768 768 768 768 768 768 768 768 768 768 768 768 768 769 769 769 769 769 773 773 624 712 712 735 735 735 735 735 735 735 735 735 735 735 735 735 735 735 735 736 736 736 736 736 736 736 736 736 736 736 736 736 736 736 736 754 754 754 754 754 754 754 754 754
766 766 766 766 766 766 766 767 767 767 767 767 767 767 767 767 767 767 767 767 767 768 768 768 768 768 768 768 768 768 768 768 768 768 768 768 768 768 768 768 769 769 769 769 769 769 769 769 769 773 712 712 712 735 735 735 735 735 735 735 735 735 735 735 736 736 736 736 736 736 736 736 736 736 736 736 736 736 736 736 736 736 736 736 736 736 754 754 754 754 754 754 754 754
766 766 766 766 767 767 767 767 767 767 767 767 767 767 767 767 767 767 768 768 768 768 768 768 768 768 768 768 768 768 768 768 768 768 768 768 769 769 769 769 769 769 769 769 769 769 769 769 769 773 712 712 712 735 735 735 735 735 735 735 736 736 736 736 736 736 736 736 736 736 736 736 736 736 736 736 736 736 736 736 736 736 736 736 736 736 736 754 754 754 754 754 754 754
766 767 767 767 767 767 767 767 767 767 767 767 767 767 767 768 768 768 768 768 768 768 768 768 768 768 768 768 768 768 768 768 768 769 769 769 769 769 769 769 769 769 769 769 769 769 769 769 769 861 712 712 712 735 735 735 735 736 736 736 736 736 736 736 736 736 736 736 736 736 736 736 736 736 736 736 736 736 736 736 736 736 736 736 736 736 736 736 754 754 755 755 755 755
767 767 767 767 767 767 767 767 767 767 767 767 767 768 768 768 768 768 768 768 768 768 768 768 768 768 768 768 768 768 769 769 769 769 769 769 769 769 769 769 769 769 769 769 769 769 769 769 857 861 712 712 712 736 736 736 736 736 736 736 736 736 736 736 736 736 736 736 736 736 736 736 736 736 736 736 736 736 736 736 736 736 736 736 736 737 737 737 737 755 755 755 755 755
767 767 767 767 767 767 767 767 767 767 768 768 768 768 768 768 768 768 768 768 768 768 768 768 768 768 768 769 769 769 769 769 769 769 769 769 769 769 769 769 769 769 769 769 769 769 769 769 857 858 862 713 713 736 736 736 736 736 736 736 736 736 736 736 736 736 736 736 736 736 736 736 736 736 736 736 736 736 736 736 737 737 737 737 737 737 737 737 737 737 755 755 755 755
767 767 767 767 767 767 767 768 768 768 768 768 768 768 768 768 768 768 768 768 768 768 768 768 769 769 769 769 769 769 769 769 769 769 769 769 769 769 769 769 769 769 769 769 769 769 770 858 858 858 862 713 713 736 736 736 736 736 736 736 736 736 736 736 736 736 736 736 736 736 736 736 736 736 736 736 737 737 737 737 737 737 737 737 737 737 737 737 737 737 737 755 755 755
767 767 767 767 767 768 768 768 768 768 768 768 768 768 768 768 768 768 768 768 768 769 769 769 769 769 769 769 769 769 769 769 769 769 769 769 769 769 769 769 769 769 770 770 770 770 770 858 858 858 862 713 713 736 736 736 736 736 736 736 736 736 736 736 736 736 736 736 736 736 736 737 737 737 737 737 737 737 737 737 737 737 737 737 737 737 737 737 737 737 737 737 755 755
767 767 768 768 768 768 768 768 768 768 768 768 768 768 768 768 768 768 769 769 769 769 769 769 769 769 769 769 769 769 769 769 769 769 769 769 769 769 769 770 770 770 770 770 770 770 858 858 858 858 862 713 713 736 736 736 736 736 736 736 736 736 736 736 736 736 736 737 737 737 737 737 737 737 737 737 737 737 737 737 737 737 737 737 737 737 737 737 737 737 737 737 737 755
768 768 768 768 768 768 768 768 768 768 768 768 768 768 768 768 769 769 769 769 769 769 769 769 769 769 769 769 769 769 769 769 769 769 769 769 770 770 770 770 770 770 770 770 770 770 858 858 858 858 858 713 713 736 736 736 736 736 736 736 736 736 736 737 737 737 737 737 737 737 737 737 737 737 737 737 737 737 737 737 737 737 737 737 737 737 737 737 737 737 737 737 737 737
768 768 768 768 768 768 768 768 768 768 768 768 768 769 769 769 769 769 769 769 769 769 769 769 769 769 769 769 769 769 769 769 769 770 770 770 770 770 770 770 770 770 770 770 770 858 858 858 858 858 858 862 713 736 736 736 736 736 736 737 737 737 737 737 737 737 737 737 737 737 737 737 737 737 737 737 737 737 737 737 737 737 737 737 737 737 737 737 737 737 737 737 737 737
768 768 768 768 768 768 768 768 768 768 769 769 769 769 769 769 769 769 769 769 769 769 769 769 769 769 769 769 769 769 770 770 770 770 770 770 770 770 770 770 770 770 770 770 770 858 858 858 858 858 858 862 713 736 736 737 737 737 737 737 737 737 737 737 737 737 737 737 737 737 737 737 737 737 737 737 737 737 737 737 737 737 737 737 737 737 737 737 737 737 737 737 737 738
768 768 768 768 768 768 768 768 769 769 769 769 769 769 769 769 769 769 769 769 769 769 769 769 769 769 769 770 770 770 770 770 770 770 770 770 770 770 770 770 770 770 770 770 858 858 858 858 858 858 858 858 714 714 737 737 737 737 737 737 737 737 737 737 737 737 737 737 737 737 737 737 737 737 737 737 737 737 737 737 737 737 737 737 737 737 737 737 738 738 738 738 738 738
768 768 768 768 768 769 769 769 769 769 769 769 769 769 769 769 769 769 769 769 769 769 769 769 770 770 770 770 770 770 770 770 770 770 770 770 770 770 770 770 770 770 770 858 858 858 858 858 859 859 859 859 714 714 737 737 737 737 737 737 737 737 737 737 737 737 737 737 737 737 737 737 737 737 737 737 737 737 737 737 737 737 737 738 738 738 738 738 738 738 738 738 738 738
768 768 769 769 769 769 769 769 769 769 769 769 769 769 769 769 769 769 769 769 769 770 770 770 770 770 770 770 770 770 770 770 770 770 770 770 770 770 770 770 770 770 770 858 858 859 859 859 859 859 859 859 714 714 737 737 737 737 737 737 737 737 737 737 737 737 737 737 737 737 737 737 737 737 737 737 737 737 738 738 738 738 738 738 738 738 738 738 738 738 738 738 738 738
769 769 769 769 769 769 769 769 769 769 769 769 769 769 769 769 769 769 770 770 770 770 770 770 770 770 770 770 770 770 770 770 770 770 770 770 770 770 770 770 770 770 859 859 859 859 859 859 859 859 859 859 714 714 737 737 737 737 737 737 737 737 737 737 737 737 737 737 737 737 737 737 737 737 738 738 738 738 738 738 738 738 738 738 738 738 738 738 738 738 738 738 738 738
769 769 769 769 769 769 769 769 769 769 769 769 769 769 769 769 770 770 770 770 770 770 770 770 770 770 770 770 770 770 770 770 770 770 770 770 770 770 771 771 771 771 859 859 859 859 859 859 859 859 859 859 859 714 737 737 737 737 737 737 737 737 737 737 737 737 737 737 737 737 738 738 738 738 738 738 738 738 738 738 738 738 738 738 738 738 738 738 738 738 738 738 738 738
769 769 769 769 769 769 769 769 769 769 769 769 769 770 770 770 770 770 770 770 770 770 770 770 770 770 770 770 770 770 770 770 770 770 770 771 771 771 771 771 771 859 859 859 859 859 859 859 859 859 859 859 859 714 737 737 737 737 737 737 737 737 737 737 737 737 738 738 738 738 738 738 738 738 738 738 738 738 738 738 738 738 738 738 738 738 738 738 738 738 738 738 738 738
769 769 769 769 769 769 769 769 769 769 770 770 770 770 770 770 770 770 770 770 770 770 770 770 770 770 770 770 770 770 770 770 771 771 771 771 771 771 771 771 771 859 859 859 859 859 859 859 859 859 859 859 859 714 714 737 737 737 737 737 737 737 738 738 738 738 738 738 738 738 738 738 738 738 738 738 738 738 738 738 738 738 738 738 738 738 738 738 738 738 738 738 738 738
769 769 769 769 769 769 769 769 770 770 770 770 770 770 770 770 770 770 770 770 770 770 770 770 770 770 770 770 770 771 771 771 771 771 771 771 771 771 771 771 859 859 859 859 859 859 859 859 859 859 859 859 859 710 714 737 737 737 738 738 738 738 738 738 738 738 738 738 738 738 738 738 738 738 738 738 738 738 738 738 738 738 738 738 738 738 738 738 738 738 738 738 738 738
769 769 769 769 769 770 770 770 770 770 770 770 770 770 770 770 770 770 770 770 770 770 770 770 770 770 771 771 771 771 771 771 771 771 771 771 771 771 771 771 859 859 859 859 859 859 859 859 859 859 859 859 859 710 715 738 738 738 738 738 738 738 738 738 738 738 738 738 738 738 738 738 738 738 738 738 738 738 738 738 738 738 738 738 738 738 738 738 738 738 738 738 738 738
769 769 769 770 770 770 770 770 770 770 770 770 770 770 770 770 770 770 770 770 770 770 770 770 771 771 771 771 771 771 771 771 771 771 771 771 771 771 771 859 859 859 859 859 859 859 859 859 859 859 859 860 860 711 715 738 738 738 738 738 738 738 738 738 738 738 738 738 738 738 738 738 738 738 738 738 738 738 738 738 738 738 738 738 738 738 738 738 738 738 738 739 739 739
770 770 770 770 770 770 770 770 770 770 770 770 770 770 770 770 770 770 770 770 770 771 771 771 771 771 771 771 771 771 771 771 771 771 771 771 771 771 771 859 859 859 859 859 859 859 859 859 860 860 860 860 860 860 711 738 738 738 738 738 738 738 738 738 738 738 738 738 738 738 738 738 738 738 738 738 738 738 738 738 738 738 738 738 738 738 739 739 739 739 739 739 739 739
770 770 770 770 770 770 770 770 770 770 770 770 770 770 770 770 770 770 771 771 771 771 771 771 771 771 771 771 771 771 771 771 771 771 771 771 771 771 859 859 859 859 859 859 860 860 860 860 860 860 860 860 860 860 711 715 738 738 738 738 738 738 738 738 738 738 738 738 738 738 738 738 738 738 738 738 738 738 738 738 738 739 739 739 739 739 739 739 739 739 739 739 739 739
770 770 770 770 770 770 770 770 770 770 770 770 770 770 770 771 771 771 771 771 771 771 771 771 771 771 771 771 771 771 771 771 771 771 771 771 771 771 859 859 859 860 860 860 860 860 860 860 860 860 860 860 860 860 711 715 738 738 738 738 738 738 738 738 738 738 738 738 738 738 738 738 738 738 738 738 738 739 739 739 739 739 739 739 739 739 739 739 739 739 739 739 739 739
770 770 770 770 770 770 770 770 770 770 770 770 770 771 771 771 771 771 771 771 771 771 771 771 771 771 771 771 771 771 771 771 771 771 771 771 771 859 860 860 860 860 860 860 860 860 860 860 860 860 860 860 860 860 711 711 738 738 738 738 738 738 738 738 738 738 738 738 738 738 738 738 739 739 739 739 739 739 739 739 739 739 739 739 739 739 739 739 739 739 739 739 739 739
770 770 770 770 770 770 770 770 770 770 771 771 771 771 771 771 771 771 771 771 771 771 771 771 771 771 771 771 771 771 771 771 771 771 771 772 772 860 860 860 860 860 860 860 860 860 860 860 860 860 860 860 860 860 711 711 738 738 738 738 738 738 738 738 738 738 738 738 739 739 739 739 739 739 739 739 739 739 739 739 739 739 739 739 739 739 739 739 739 739 739 739 739 739
770 770 770 770 770 770 770 770 771 771 771 771 771 771 771 771 771 771 771 771 771 771 771 771 771 771 771 771 771 771 771 771 772 772 772 772 860 860 860 860 860 860 860 860 860 860 860 860 860 860 860 860 860 860 711 711 738 738 738 738 738 738 738 738 738 739 739 739 739 739 739 739 739 739 739 739 739 739 739 739 739 739 739 739 739 739 739 739 739 739 739 739 739 739
770 770 770 770 770 771 771 771 771 771 771 771 771 771 771 771 771 771 771 771 771 771 771 771 771 771 771 771 771 772 772 772 772 772 772 772 860 860 860 860 860 860 860 860 860 860 860 860 860 860 860 860 860 860 711 711 711 738 738 738 738 739 739 739 739 739 739 739 739 739 739 739 739 739 739 739 739 739 739 739 739 739 739 739 739 739 739 739 739 739 739 739 739 739
770 770 770 771 771 771 771 771 771 771 771 771 771 771 771 771 771 771 771 771 771 771 771 771 771 771 772 772 772 772 772 772 772 772 772 860 860 860 860 860 860 860 860 860 860 860 860 860 860 860 860 860 860 860 860 711 711 739 739 739 739 739 739 739 739 739 739 739 739 739 739 739 739 739 739 739 739 739 739 739 739 739 739 739 739 739 739 739 739 739 739 739 739 739
770 771 771 771 771 771 771 771 771 771 771 771 771 771 771 771 771 771 771 771 771 771 771 771 772 772 772 772 772 772 772 772 772 772 772 860 860 860 860 860 860 860 860 860 860 860 860 860 860 860 860 860 860 860 861 712 712 739 739 739 739 739 739 739 739 739 739 739 739 739 739 739 739 739 739 739 739 739 739 739 739 739 739 739 739 739 739 739 739 739 739 739 739 739
771 771 771 771 771 771 771 771 771 771 771 771 771 771 771 771 771 771 771 771 771 772 772 772 772 772 772 772 772 772 772 772 772 772 860 860 860 860 860 860 860 860 860 860 860 860 860 860 860 860 861 861 861 861 861 712 712 712 739 739 739 739 739 739 739 739 739 739 739 739 739 739 739 739 739 739 739 739 739 739 739 739 739 739 739 739 739 739 739 739 739 739 739 739
771 771 771 771 771 771 771 771 771 771 771 771 771 771 771 771 771 771 772 772 772 772 772 772 772 772 772 772 772 772 772 772 772 772 860 860 860 860 860 860 860 860 860 860 860 860 860 861 861 861 861 861 861 861 861 712 712 712 739 739 739 739 739 739 739 739 739 739 739 739 739 739 739 739 739 739 739 739 739 739 739 739 739 739 739 739 739 739 739 740 740 740 740 740
771 771 771 771 771 771 771 771 771 771 771 771 771 771 771 771 772 772 772 772 772 772 772 772 772 772 772 772 772 772 772 772 772 860 860 860 860 860 860 860 860 860 860 860 861 861 861 861 861 861 861 861 861 861 861 712 712 712 735 739 739 739 739 739 739 739 739 739 739 739 739 739 739 739 739 739 739 739 739 739 739 739 739 739 740 740 740 740 740 740 740 740 740 740
771 771 771 771 771 771 771 771 771 771 771 771 771 772 772 772 772 772 772 772 772 772 772 772 772 772 772 772 772 772 772 772 772 860 860 860 860 860 860 860 860 861 861 861 861 861 861 861 861 861 861 861 861 861 861 712 712 712 735 739 739 739 739 739 739 739 739 739 739 739 739 739 739 739 739 739 739 739 739 739 740 740 740 740 740 740 740 740 740 740 740 740 740 740
771 771 771 771 771 771 771 771 771 771 771 772 772 772 772 772 772 772 772 772 772 772 772 772 772 772 772 772 772 772 772 772 860 860 860 860 860 860 861 861 861 861 861 861 861 861 861 861 861 861 861 861 861 861 861 712 712 712 712 739 739 739 739 739 739 739 739 739 739 739 739 739 739 739 739 739 740 740 740 740 740 740 740 740 740 740 740 740 740 740 740 740 740 740
771 771 771 771 771 771 771 771 772 772 772 772 772 772 772 772 772 772 772 772 772 772 772 772 772 772 772 772 772 772 772 772 860 860 860 861 861 861 861 861 861 861 861 861 861 861 861 861 861 861 861 861 861 861 861 712 712 712 712 735 739 739 739 739 739 739 739 739 739 739 739 739 740 740 740 740 740 740 740 740 740 740 740 740 740 740 740 740 740 740 740 740 740 740
