testData/tiles/oneDegree/grid3.0-35.0-4.0-36.0.asc
ncols   200
nrows   200
xllcorner   3.0
yllcorner   35.0
cellsize   0.005
NODATA_value   -9999.0
[rows 84 to 125 of 200, columns 94 to 187 of 200]
244 244 245 245 246 246 246 247 247 248 248 248 249 249 250 250 250 251 251 251 252 252 253 253 253 254 254 254 255 255 255 256 256 256 257 257 257 185 185 185 186 186 186 186 187 187 187 188 188 188 188 189 189 189 189 190 190 190 190 191 191 191 191 192 192 192 192 193 193 193 193 194 194 194 194 194 195 195 195 195 195 196 196 196 196 196 209 210 210 210 210 210 210 211
244 244 245 245 245 246 246 247 247 247 248 248 249 249 249 250 250 251 251 251 252 252 252 253 253 254 254 254 255 255 255 256 256 256 184 184 184 184 185 185 185 186 186 186 187 187 187 187 188 188 188 189 189 189 189 190 190 190 190 191 191 191 191 192 192 192 192 193 193 193 193 193 194 194 194 194 194 195 195 195 195 195 196 196 196 209 209 210 210 210 210 210 210 211
244 244 244 245 245 246 246 247 247 247 248 248 249 249 249 250 250 251 251 251 252 252 252 253 253 253 254 254 254 255 255 255 183 183 183 184 184 184 185 185 185 186 186 186 187 187 187 187 188 188 188 188 189 189 189 190 190 190 190 191 191 191 191 192 192 192 192 192 193 193 193 193 194 194 194 194 194 195 195 195 195 195 196 196 209 209 209 209 210 210 210 210 210 210
243 244 244 245 245 246 246 246 247 247 248 248 249 249 249 250 250 250 251 251 252 252 252 253 253 253 254 254 254 182 182 182 183 183 183 184 184 184 185 185 185 186 186 186 186 187 187 187 188 188 188 188 189 189 189 189 190 190 190 190 191 191 191 191 192 192 192 192 193 193 193 193 193 194 194 194 194 194 195 195 195 195 195 209 209 209 209 209 210 210 210 210 210 210
243 244 244 245 245 246 246 246 247 247 248 248 248 249 249 250 250 250 251 251 251 252 252 253 253 253 181 181 181 182 182 182 183 183 183 184 184 184 185 185 185 185 186 186 186 187 187 187 187 188 188 188 189 189 189 189 190 190 190 190 191 191 191 191 192 192 192 192 192 193 193 193 193 194 194 194 194 194 195 195 195 208 208 209 209 209 209 209 209 210 210 210 210 210
243 244 244 245 245 245 246 246 247 247 248 248 248 249 249 249 250 250 251 251 251 252 252 179 180 180 181 181 181 182 182 182 183 183 183 184 184 184 184 185 185 185 186 186 186 187 187 187 187 188 188 188 188 189 189 189 190 190 190 190 191 191 191 191 191 192 192 192 192 193 193 193 193 194 194 194 194 194 195 195 208 208 208 208 209 209 209 209 209 210 210 210 210 210
243 244 244 244 245 245 246 246 247 247 247 248 248 249 249 249 250 250 251 251 178 179 179 179 180 180 180 181 181 181 182 182 182 183 183 183 184 184 184 185 185 185 186 186 186 186 187 187 187 188 188 188 188 189 189 189 189 190 190 190 190 191 191 191 191 192 192 192 192 193 193 193 193 193 194 194 194 194 194 208 208 208 208 208 209 209 209 209 209 209 210 210 210 210
243 243 244 244 245 245 246 246 246 247 247 248 248 248 249 249 250 177 177 178 178 179 179 179 180 180 180 181 181 181 182 182 182 183 183 183 184 184 184 185 185 185 185 186 186 186 187 187 187 187 188 188 188 189 189 189 189 190 190 190 190 191 191 191 191 192 192 192 192 192 193 193 193 193 194 194 194 194 207 208 208 208 208 208 208 209 209 209 209 209 210 210 210 210
243 243 244 244 245 245 246 246 246 247 247 248 248 175 176 176 177 177 177 178 178 178 179 179 180 180 180 181 181 181 182 182 182 183 183 183 184 184 184 184 185 185 185 186 186 186 187 187 187 187 188 188 188 188 189 189 189 190 190 190 190 191 191 191 191 191 192 192 192 192 193 193 193 193 193 194 194 207 207 207 208 208 208 208 208 209 209 209 209 209 209 210 210 210
243 243 244 244 245 245 245 246 246 247 174 174 175 175 176 176 176 177 177 178 178 178 179 179 179 180 180 180 181 181 181 182 182 182 183 183 183 184 184 184 185 185 185 186 186 186 186 187 187 187 188 188 188 188 189 189 189 189 190 190 190 190 191 191 191 191 192 192 192 192 192 193 193 193 193 194 207 207 207 207 208 208 208 208 208 208 209 209 209 209 209 210 210 210
243 243 244 244 244 245 172 173 173 174 174 174 175 175 176 176 176 177 177 177 178 178 179 179 179 180 180 180 181 181 181 182 182 182 183 183 183 184 184 184 185 185 185 185 186 186 186 187 187 187 187 188 188 188 189 189 189 189 190 190 190 190 191 191 191 191 191 192 192 192 192 193 193 193 193 206 207 207 207 207 207 208 208 208 208 208 209 209 209 209 209 209 210 210
243 243 171 171 171 172 172 173 173 173 174 174 175 175 175 176 176 177 177 177 178 178 178 179 179 180 180 180 181 181 181 182 182 182 183 183 183 184 184 184 184 185 185 185 186 186 186 187 187 187 187 188 188 188 188 189 189 189 189 190 190 190 190 191 191 191 191 192 192 192 192 193 193 193 206 206 207 207 207 207 207 208 208 208 208 208 208 209 209 209 209 209 210 210
170 170 170 171 171 172 172 173 173 173 174 174 175 175 175 176 176 177 177 177 178 178 178 179 179 179 180 180 180 181 181 182 182 182 182 183 183 183 184 184 184 185 185 185 186 186 186 186 187 187 187 188 188 188 188 189 189 189 189 190 190 190 190 191 191 191 191 192 192 192 192 192 193 206 206 206 206 207 207 207 207 207 208 208 208 208 208 209 209 209 209 209 209 210
169 170 170 171 171 172 172 172 173 173 174 174 174 175 175 176 176 176 177 177 178 178 178 179 179 179 180 180 180 181 181 181 182 182 182 183 183 183 184 184 184 185 185 185 185 186 186 186 187 187 187 187 188 188 188 189 189 189 189 190 190 190 190 191 191 191 191 191 192 192 192 192 206 206 206 206 206 207 207 207 207 207 208 208 208 208 208 208 209 209 209 209 209 210
169 170 170 171 171 171 172 172 173 173 174 174 174 175 175 176 176 176 177 177 177 178 178 179 179 179 180 180 180 181 181 181 182 182 182 183 183 183 184 184 184 184 185 185 185 186 186 186 187 187 187 187 188 188 188 188 189 189 189 189 190 190 190 190 191 191 191 191 192 192 192 205 205 206 206 206 206 206 207 207 207 207 207 208 208 208 208 208 209 209 209 209 209 209
169 170 170 170 171 171 172 172 173 173 173 174 174 175 175 175 176 176 177 177 177 178 178 178 179 179 179 180 180 181 181 181 182 182 182 182 183 183 183 184 184 184 185 185 185 186 186 186 186 187 187 187 188 188 188 188 189 189 189 189 190 190 190 190 191 191 191 191 191 192 205 205 205 206 206 206 206 206 207 207 207 207 207 208 208 208 208 208 208 209 209 209 209 209
169 169 170 170 171 171 172 172 172 173 173 174 174 175 175 175 176 176 176 177 177 178 178 178 179 179 179 180 180 180 181 181 181 182 182 182 183 183 183 184 184 184 185 185 185 185 186 186 186 187 187 187 187 188 188 188 188 189 189 189 189 190 190 190 190 191 191 191 191 205 205 205 205 205 206 206 206 206 206 207 207 207 207 207 208 208 208 208 208 209 209 209 209 209
169 169 170 170 171 171 172 172 172 173 173 174 174 174 175 175 176 176 176 177 177 177 178 178 179 179 179 180 180 180 181 181 181 182 182 182 183 183 183 184 184 184 184 185 185 185 186 186 186 186 187 187 187 188 188 188 188 189 189 189 189 190 190 190 190 191 191 191 204 204 205 205 205 205 206 206 206 206 206 207 207 207 207 207 208 208 208 208 208 208 209 209 209 209
169 169 170 170 171 171 171 172 172 173 173 173 174 174 175 175 175 176 176 177 177 177 178 178 178 179 179 179 180 180 181 181 181 182 182 182 182 183 183 183 184 184 184 185 185 185 186 186 186 186 187 187 187 187 188 188 188 189 189 189 189 190 190 190 190 190 191 204 204 204 205 205 205 205 205 206 206 206 206 206 207 207 207 207 207 208 208 208 208 208 209 209 209 209
169 169 170 170 170 171 171 172 172 173 173 173 174 174 175 175 175 176 176 176 177 177 178 178 178 179 179 179 180 180 180 181 181 181 182 182 182 183 183 183 184 184 184 185 185 185 185 186 186 186 187 187 187 187 188 188 188 188 189 189 189 189 190 190 190 190 204 204 204 204 205 205 205 205 205 206 206 206 206 206 207 207 207 207 207 208 208 208 208 208 208 209 209 209
169 169 169 170 170 171 171 172 172 172 173 173 174 174 174 175 175 176 176 176 177 177 177 178 178 179 179 179 180 180 180 181 181 181 182 182 182 183 183 183 184 184 184 184 185 185 185 186 186 186 186 187 187 187 188 188 188 188 189 189 189 189 190 190 190 203 203 204 204 204 204 205 205 205 205 205 206 206 206 206 206 207 207 207 207 207 208 208 208 208 208 208 209 209
168 169 169 170 170 171 171 171 172 172 173 173 174 174 174 175 175 176 176 176 177 177 177 178 178 178 179 179 180 180 180 181 181 181 182 182 182 182 183 183 183 184 184 184 185 185 185 185 186 186 186 187 187 187 187 188 188 188 188 189 189 189 189 190 203 203 203 204 204 204 204 205 205 205 205 205 206 206 206 206 206 207 207 207 207 207 208 208 208 208 208 208 209 209
168 169 169 170 170 171 171 171 172 172 173 173 173 174 174 175 175 175 176 176 177 177 177 178 178 178 179 179 179 180 180 180 181 181 181 182 182 182 183 183 183 184 184 184 184 185 185 185 186 186 186 186 187 187 187 188 188 188 188 189 189 189 189 203 203 203 203 204 204 204 204 204 205 205 205 205 205 206 206 206 206 206 207 207 207 207 207 208 208 208 208 208 208 209
168 169 169 170 170 170 171 171 172 172 172 173 173 174 174 174 175 175 176 176 176 177 177 177 178 178 179 179 179 180 180 180 181 181 181 182 182 182 183 183 183 183 184 184 184 185 185 185 186 186 186 186 187 187 187 187 188 188 188 188 189 189 202 202 203 203 203 203 204 204 204 204 205 205 205 205 205 206 206 206 206 206 207 207 207 207 207 207 208 208 208 208 208 209
168 168 169 169 170 170 171 171 172 172 172 173 173 174 174 174 175 175 176 176 176 177 177 177 178 178 178 179 179 179 180 180 181 181 181 181 182 182 182 183 183 183 184 184 184 185 185 185 185 186 186 186 187 187 187 187 188 188 188 188 189 202 202 202 203 203 203 203 204 204 204 204 204 205 205 205 205 205 206 206 206 206 206 207 207 207 207 207 208 208 208 208 208 208
168 168 169 169 170 170 171 171 171 172 172 173 173 173 174 174 175 175 175 176 176 177 177 177 178 178 178 179 179 179 180 180 180 181 181 181 182 182 182 183 183 183 184 184 184 184 185 185 185 186 186 186 186 187 187 187 187 188 188 188 202 202 202 202 202 203 203 203 203 204 204 204 204 205 205 205 205 205 206 206 206 206 206 207 207 207 207 207 207 208 208 208 208 208
168 168 169 169 170 170 170 171 171 172 172 173 173 173 174 174 175 175 175 176 176 176 177 177 177 178 178 179 179 179 180 180 180 181 181 181 182 182 182 183 183 183 183 184 184 184 185 185 185 185 186 186 186 187 187 187 187 188 188 201 201 202 202 202 202 203 203 203 203 204 204 204 204 204 205 205 205 205 205 206 206 206 206 206 207 207 207 207 207 208 208 208 208 208
168 168 169 169 169 170 170 171 171 172 172 172 173 173 174 174 174 175 175 176 176 176 177 177 177 178 178 178 179 179 179 180 180 180 181 181 181 182 182 182 183 183 183 184 184 184 185 185 185 185 186 186 186 186 187 187 187 188 201 201 201 202 202 202 202 202 203 203 203 203 204 204 204 204 204 205 205 205 205 206 206 206 206 206 206 207 207 207 207 207 208 208 208 208
168 168 168 169 169 170 170 171 171 171 172 172 173 173 173 174 174 175 175 175 176 176 177 177 177 178 178 178 179 179 179 180 180 180 181 181 181 182 182 182 183 183 183 184 184 184 184 185 185 185 186 186 186 186 187 187 187 200 201 201 201 201 202 202 202 202 203 203 203 203 204 204 204 204 204 205 205 205 205 205 206 206 206 206 206 207 207 207 207 207 207 208 208 208
167 168 168 169 169 170 170 170 171 171 172 172 173 173 173 174 174 175 175 175 176 176 176 177 177 177 178 178 179 179 179 180 180 180 181 181 181 182 182 182 182 183 183 183 184 184 184 185 185 185 185 186 186 186 186 187 200 200 201 201 201 201 202 202 202 202 202 203 203 203 203 204 204 204 204 204 205 205 205 205 205 206 206 206 206 206 207 207 207 207 207 208 208 208
167 168 168 169 169 169 170 170 171 171 172 172 172 173 173 174 174 174 175 175 176 176 176 177 177 177 178 178 178 179 179 179 180 180 180 181 181 181 182 182 182 183 183 183 184 184 184 184 185 185 185 186 186 186 186 200 200 200 200 201 201 201 201 202 202 202 202 203 203 203 203 204 204 204 204 204 205 205 205 205 205 206 206 206 206 206 207 207 207 207 207 207 208 208
167 168 168 168 169 169 170 170 171 171 171 172 172 173 173 173 174 174 175 175 175 176 176 177 177 177 178 178 178 179 179 179 180 180 180 181 181 181 182 182 182 183 183 183 183 184 184 184 185 185 185 185 186 186 199 200 200 200 200 201 201 201 201 202 202 202 202 202 203 203 203 203 204 204 204 204 204 205 205 205 205 205 206 206 206 206 206 207 207 207 207 207 207 208
167 167 168 168 169 169 170 170 170 171 171 172 172 173 173 173 174 174 174 175 175 176 176 176 177 177 177 178 178 179 179 179 180 180 180 181 181 181 181 182 182 182 183 183 183 184 184 184 184 185 185 185 186 199 199 199 200 200 200 200 201 201 201 201 202 202 202 202 203 203 203 203 203 204 204 204 204 205 205 205 205 205 206 206 206 206 206 206 207 207 207 207 207 208
167 167 168 168 169 169 169 170 170 171 171 172 172 172 173 173 174 174 174 175 175 175 176 176 177 177 177 178 178 178 179 179 179 180 180 180 181 181 181 182 182 182 183 183 183 183 184 184 184 185 185 185 198 199 199 199 200 200 200 200 201 201 201 201 202 202 202 202 202 203 203 203 203 204 204 204 204 204 205 205 205 205 205 206 206 206 206 206 207 207 207 207 207 207
167 167 168 168 168 169 169 170 170 171 171 171 172 172 173 173 173 174 174 175 175 175 176 176 176 177 177 178 178 178 179 179 179 180 180 180 181 181 181 182 182 182 182 183 183 183 184 184 184 185 185 198 198 199 199 199 199 200 200 200 200 201 201 201 201 202 202 202 202 203 203 203 203 203 204 204 204 204 205 205 205 205 205 205 206 206 206 206 206 207 207 207 207 207
167 167 167 168 168 169 169 170 170 170 171 171 172 172 173 173 173 174 174 174 175 175 176 176 176 177 177 177 178 178 178 179 179 179 180 180 180 181 181 181 182 182 182 183 183 183 184 184 184 184 198 198 198 198 199 199 199 200 200 200 200 201 201 201 201 202 202 202 202 202 203 203 203 203 204 204 204 204 204 205 205 205 205 205 206 206 206 206 206 206 207 207 207 207
166 167 167 168 168 169 169 169 170 170 171 171 172 172 172 173 173 174 174 174 175 175 175 176 176 177 177 177 178 178 178 179 179 179 180 180 180 181 181 181 182 182 182 182 183 183 183 184 184 184 198 198 198 198 199 199 199 199 200 200 200 200 201 201 201 201 202 202 202 202 203 203 203 203 203 204 204 204 204 204 205 205 205 205 205 206 206 206 206 206 207 207 207 207
166 167 167 168 168 168 169 169 170 170 171 171 171 172 172 173 173 173 174 174 175 175 175 176 176 176 177 177 177 178 178 179 179 179 180 180 180 181 181 181 181 182 182 182 183 183 183 184 184 197 197 198 198 198 198 199 199 199 200 200 200 200 201 201 201 201 202 202 202 202 202 203 203 203 203 204 204 204 204 204 205 205 205 205 205 206 206 206 206 206 206 207 207 207
166 167 167 167 168 168 169 169 170 170 170 171 171 172 172 173 173 173 174 174 174 175 175 176 176 176 177 177 177 178 178 178 179 179 179 180 180 180 181 181 181 182 182 182 183 183 183 183 197 197 197 198 198 198 198 199 199 199 199 200 200 200 200 201 201 201 201 202 202 202 202 203 203 203 203 203 204 204 204 204 204 205 205 205 205 205 206 206 206 206 206 206 207 207
166 166 167 167 168 168 169 169 169 170 170 171 171 172 172 172 173 173 174 174 174 175 175 175 176 176 177 177 177 178 178 178 179 179 179 180 180 180 181 181 181 181 182 182 182 183 183 196 197 197 197 197 198 198 198 199 199 199 199 200 200 200 200 201 201 201 201 201 202 202 202 202 203 203 203 203 203 204 204 204 204 204 205 205 205 205 205 206 206 206 206 206 206 244
166 166 167 167 168 168 168 169 169 170 170 171 171 171 172 172 173 173 173 174 174 175 175 175 176 176 176 177 177 177 178 178 178 179 179 179 180 180 180 181 181 181 182 182 182 183 196 196 196 197 197 197 198 198 198 198 199 199 199 199 200 200 200 200 201 201 201 201 202 202 202 202 202 203 203 203 203 204 204 204 204 204 205 205 205 205 205 205 206 206 206 206 206 244
166 166 167 167 167 168 168 169 169 170 170 170 171 171 172 172 172 173 173 174 174 174 175 175 176 176 176 177 177 177 178 178 178 179 179 179 180 180 180 181 181 181 182 182 182 195 196 196 196 197 197 197 197 198 198 198 199 199 199 199 200 200 200 200 201 201 201 201 201 202 202 202 202 203 203 203 203 203 204 204 204 204 204 205 205 205 205 205 206 206 206 206 206 243
