testData/tiles/oneDegree/grid17.0-39.0-18.0-40.0.asc
ncols   200
nrows   200
xllcorner   17.0
yllcorner   39.0
cellsize   0.005
NODATA_value   -9999.0
[rows 126 to 167 of 200, columns 0 to 93 of 200]
546 546 546 546 547 547 547 547 547 548 548 548 548 548 548 549 549 549 549 549 549 550 550 550 550 550 550 551 551 551 551 551 551 551 551 552 552 552 552 552 552 552 552 552 553 553 553 722 722 722 945 945 945 945 945 946 946 946 892 892 892 892 892 892 892 892 892 892 892 892 892 892 892 892 892 893 893 893 893 893 893 893 893 893 893 893 893 893 893 893 893 893 893 893
546 546 546 547 547 547 547 547 548 548 548 548 548 549 549 549 549 549 549 550 550 550 550 550 550 550 551 551 551 551 551 551 551 552 552 552 552 552 552 552 552 553 553 553 553 553 722 722 722 945 945 945 946 946 946 946 946 892 892 892 892 892 892 892 892 892 892 892 893 893 893 893 893 893 893 893 893 893 893 893 893 893 893 893 893 893 893 893 893 893 893 893 893 893
546 546 547 547 547 547 547 548 548 548 548 548 549 549 549 549 549 549 550 550 550 550 550 550 551 551 551 551 551 551 551 552 552 552 552 552 552 552 552 553 553 553 553 553 553 553 722 945 945 946 946 946 946 946 946 946 892 892 892 892 892 892 892 893 893 893 893 893 893 893 893 893 893 893 893 893 893 893 893 893 893 893 893 893 893 893 893 893 893 893 893 893 893 893
546 547 547 547 547 548 548 548 548 548 548 549 549 549 549 549 550 550 550 550 550 550 551 551 551 551 551 551 551 552 552 552 552 552 552 552 552 553 553 553 553 553 553 553 553 722 945 946 946 946 946 946 946 946 946 892 892 892 892 893 893 893 893 893 893 893 893 893 893 893 893 893 893 893 893 893 893 893 893 893 893 893 893 893 893 893 893 893 893 893 893 893 893 893
547 547 547 547 548 548 548 548 548 549 549 549 549 549 549 550 550 550 550 550 550 551 551 551 551 551 551 551 552 552 552 552 552 552 552 553 553 553 553 553 553 553 553 553 723 946 946 946 946 946 946 946 946 892 892 892 893 893 893 893 893 893 893 893 893 893 893 893 893 893 893 893 893 893 893 893 893 893 893 894 894 894 894 894 894 894 894 894 894 894 894 894 893 893
547 547 547 548 548 548 548 548 549 549 549 549 549 549 550 550 550 550 550 551 551 551 551 551 551 551 552 552 552 552 552 552 552 553 553 553 553 553 553 553 553 553 554 723 946 946 946 946 946 946 946 946 892 893 893 893 893 893 893 893 893 893 893 893 893 893 893 893 893 893 894 894 894 894 894 894 894 894 894 894 894 894 894 894 894 894 894 894 894 894 894 894 894 894
547 547 548 548 548 548 548 549 549 549 549 549 550 550 550 550 550 550 551 551 551 551 551 551 552 552 552 552 552 552 552 552 553 553 553 553 553 553 553 553 554 554 554 946 946 946 946 946 946 946 947 893 893 893 893 893 893 893 893 893 893 893 893 893 893 894 894 894 894 894 894 894 894 894 894 894 894 894 894 894 894 894 894 894 894 894 894 894 894 894 894 894 894 894
547 548 548 548 548 548 549 549 549 549 549 550 550 550 550 550 550 551 551 551 551 551 551 552 552 552 552 552 552 552 553 553 553 553 553 553 553 553 554 554 554 554 946 946 946 946 946 946 947 893 893 893 893 893 893 893 893 893 893 893 893 894 894 894 894 894 894 894 894 894 894 894 894 894 894 894 894 894 894 894 894 894 894 894 894 894 894 894 894 894 894 894 894 894
548 548 548 548 548 549 549 549 549 549 550 550 550 550 550 551 551 551 551 551 551 552 552 552 552 552 552 552 553 553 553 553 553 553 553 553 554 554 554 554 554 946 946 946 946 947 947 947 893 893 893 893 893 893 893 893 893 894 894 894 894 894 894 894 894 894 894 894 894 894 894 894 894 894 894 894 894 894 894 894 894 894 894 894 894 894 894 894 894 894 894 894 894 894
548 548 548 549 549 549 549 549 549 550 550 550 550 550 551 551 551 551 551 551 552 552 552 552 552 552 552 553 553 553 553 553 553 553 554 554 554 554 554 554 777 946 946 947 947 947 947 893 893 893 893 893 893 893 894 894 894 894 894 894 894 894 894 894 894 894 894 894 894 894 894 894 894 894 895 895 895 895 895 895 895 895 895 895 895 895 895 895 895 895 895 895 895 895
548 548 549 549 549 549 549 550 550 550 550 550 550 551 551 551 551 551 551 552 552 552 552 552 552 553 553 553 553 553 553 553 554 554 554 554 554 554 554 777 946 947 947 947 947 893 893 893 893 893 893 894 894 894 894 894 894 894 894 894 894 894 894 894 894 894 894 894 895 895 895 895 895 895 895 895 895 895 895 895 895 895 895 895 895 895 895 895 895 895 895 895 895 895
548 549 549 549 549 549 550 550 550 550 550 550 551 551 551 551 551 552 552 552 552 552 552 552 553 553 553 553 553 553 553 554 554 554 554 554 554 777 777 778 947 947 947 947 893 893 893 893 893 894 894 894 894 894 894 894 894 894 894 894 894 894 894 895 895 895 895 895 895 895 895 895 895 895 895 895 895 895 895 895 895 895 895 895 895 895 895 895 895 895 895 895 895 895
549 549 549 549 549 550 550 550 550 550 551 551 551 551 551 551 552 552 552 552 552 552 553 553 553 553 553 553 553 554 554 554 554 554 554 554 777 778 778 947 947 947 893 893 893 893 893 894 894 894 894 894 894 894 894 894 894 894 894 895 895 895 895 895 895 895 895 895 895 895 895 895 895 895 895 895 895 895 895 895 895 895 895 895 895 895 895 895 895 895 895 895 895 895
549 549 549 549 550 550 550 550 550 551 551 551 551 551 551 552 552 552 552 552 552 553 553 553 553 553 553 553 554 554 554 554 554 554 554 778 778 778 947 947 947 893 893 893 894 894 894 894 894 894 894 894 894 894 894 894 895 895 895 895 895 895 895 895 895 895 895 895 895 895 895 895 895 895 895 895 895 895 895 895 895 895 896 896 896 896 896 896 896 895 895 895 895 895
549 549 549 550 550 550 550 550 551 551 551 551 551 552 552 552 552 552 552 553 553 553 553 553 553 553 554 554 554 554 554 554 554 555 778 778 778 778 947 893 893 893 894 894 894 894 894 894 894 894 894 894 894 895 895 895 895 895 895 895 895 895 895 895 895 895 895 895 895 895 895 895 896 896 896 896 896 896 896 896 896 896 896 896 896 896 896 896 896 896 896 896 896 676
549 549 550 550 550 550 550 551 551 551 551 551 552 552 552 552 552 552 553 553 553 553 553 553 553 554 554 554 554 554 554 554 555 778 778 778 778 893 893 893 894 894 894 894 894 894 894 894 894 894 894 895 895 895 895 895 895 895 895 895 895 895 895 895 895 895 896 896 896 896 896 896 896 896 896 896 896 896 896 896 896 896 896 896 896 896 896 896 896 896 896 896 896 676
549 550 550 550 550 550 551 551 551 551 551 552 552 552 552 552 552 553 553 553 553 553 553 554 554 554 554 554 554 554 555 555 778 778 778 778 893 893 894 894 894 894 894 894 894 894 894 894 895 895 895 895 895 895 895 895 895 895 895 895 895 895 896 896 896 896 896 896 896 896 896 896 896 896 896 896 896 896 896 896 896 896 896 896 896 896 896 896 896 896 896 896 676 676
550 550 550 550 550 551 551 551 551 551 552 552 552 552 552 552 553 553 553 553 553 553 554 554 554 554 554 554 554 555 555 778 778 778 724 724 893 894 894 894 894 894 894 894 894 894 895 895 895 895 895 895 895 895 895 895 895 895 895 896 896 896 896 896 896 896 896 896 896 896 896 896 896 896 896 896 896 896 896 896 896 896 896 896 896 896 896 896 896 896 896 676 676 676
550 550 550 550 551 551 551 551 551 552 552 552 552 552 553 553 553 553 553 553 554 554 554 554 554 554 554 555 555 555 778 778 724 724 724 894 894 894 894 894 894 894 894 894 895 895 895 895 895 895 895 895 895 895 895 895 896 896 896 896 896 896 896 896 896 896 896 896 896 896 896 896 896 896 896 896 896 896 896 897 897 897 897 897 897 897 897 897 897 897 677 677 676 676
550 550 550 551 551 551 551 551 552 552 552 552 552 553 553 553 553 553 553 554 554 554 554 554 554 554 555 555 555 778 724 724 724 725 725 894 894 894 894 894 894 894 895 895 895 895 895 895 895 895 895 895 895 896 896 896 896 896 896 896 896 896 896 896 896 896 896 896 896 896 896 897 897 897 897 897 897 897 897 897 897 897 897 897 897 897 897 897 897 897 677 677 677 677
550 550 551 551 551 551 551 552 552 552 552 552 553 553 553 553 553 553 554 554 554 554 554 554 555 555 555 555 724 724 724 724 725 725 894 894 894 894 894 894 895 895 895 895 895 895 895 895 895 895 896 896 896 896 896 896 896 896 896 896 896 896 896 896 896 896 897 897 897 897 897 897 897 897 897 897 897 897 897 897 897 897 897 897 897 897 897 897 897 677 677 677 677 677
550 551 551 551 551 551 552 552 552 552 552 553 553 553 553 553 553 554 554 554 554 554 554 555 555 555 501 724 724 724 725 725 725 725 894 894 894 894 895 895 895 895 895 895 895 895 895 895 896 896 896 896 896 896 896 896 896 896 896 896 896 896 897 897 897 897 897 897 897 897 897 897 897 897 897 897 897 897 897 897 897 897 897 897 897 897 897 897 677 677 677 677 677 677
551 551 551 551 552 552 552 552 552 552 553 553 553 553 553 554 554 554 554 554 554 554 555 555 501 501 724 724 725 725 725 725 725 894 894 894 895 895 895 895 895 895 895 895 895 895 896 896 896 896 896 896 896 896 896 896 896 896 896 897 897 897 897 897 897 897 897 897 897 897 897 897 897 897 897 897 897 897 897 897 897 897 897 897 897 897 897 677 677 677 677 677 677 677
551 551 551 552 552 552 552 552 552 553 553 553 553 553 554 554 554 554 554 554 555 501 501 501 501 724 724 725 725 725 725 725 725 894 894 895 895 895 895 895 895 895 895 895 896 896 896 896 896 896 896 896 896 896 896 896 897 897 897 897 897 897 897 897 897 897 897 897 897 897 897 897 897 897 897 897 897 897 897 897 898 898 898 898 898 898 898 678 678 678 678 677 677 677
551 551 552 552 552 552 552 552 553 553 553 553 553 554 554 554 554 554 554 501 501 501 501 501 724 724 725 725 725 725 725 725 894 895 895 895 895 895 895 895 895 895 896 896 896 896 896 896 896 896 896 896 896 897 897 897 897 897 897 897 897 897 897 897 897 897 897 897 897 897 897 897 898 898 898 898 898 898 898 898 898 898 898 898 898 898 678 678 678 678 678 678 678 678
551 552 552 552 552 552 552 553 553 553 553 553 554 554 554 554 554 500 501 501 501 501 501 724 725 725 725 725 725 725 725 725 895 895 895 895 895 895 895 895 896 896 896 896 896 896 896 896 896 896 896 897 897 897 897 897 897 897 897 897 897 897 897 897 897 897 897 898 898 898 898 898 898 898 898 898 898 898 898 898 898 898 898 898 898 678 678 678 678 678 678 678 678 678
551 552 552 552 552 552 553 553 553 553 553 554 554 554 500 500 500 501 501 501 501 501 724 725 725 725 725 725 725 725 726 895 895 895 895 895 895 895 896 896 896 896 896 896 896 896 896 896 897 897 897 897 897 897 897 897 897 897 897 897 897 897 897 898 898 898 898 898 898 898 898 898 898 898 898 898 898 898 898 898 898 898 898 898 678 678 678 678 678 678 678 678 678 678
552 552 552 552 552 553 553 553 553 553 554 500 500 500 500 501 501 501 501 501 501 724 725 725 725 725 725 725 725 726 895 895 895 895 895 895 895 896 896 896 896 896 896 896 896 896 897 897 897 897 897 897 897 897 897 897 897 897 897 898 898 898 898 898 898 898 898 898 898 898 898 898 898 898 898 898 898 898 898 898 898 898 898 678 678 678 678 678 678 678 678 678 678 678
552 552 552 552 553 553 553 553 499 500 500 500 500 500 501 501 501 501 501 501 725 725 725 725 725 725 725 726 726 726 895 895 895 895 895 896 896 896 896 896 896 896 896 896 897 897 897 897 897 897 897 897 897 897 897 897 897 898 898 898 898 898 898 898 898 898 898 898 898 898 898 898 898 898 898 898 898 898 898 898 898 898 898 678 678 678 678 678 678 678 678 678 678 678
552 552 552 553 499 499 499 499 500 500 500 500 500 501 501 501 501 501 501 725 725 725 725 725 725 725 726 726 726 895 895 895 895 895 896 896 896 896 896 896 896 896 897 897 897 897 897 897 897 897 897 897 897 897 898 898 898 898 898 898 898 898 898 898 898 898 898 898 898 898 898 898 898 898 899 899 899 899 899 899 899 899 679 679 679 679 679 679 679 679 679 679 679 679
498 498 499 499 499 499 499 500 500 500 500 500 501 501 501 501 501 501 725 725 725 725 725 725 725 726 726 726 726 895 895 895 896 896 896 896 896 896 896 896 896 897 897 897 897 897 897 897 897 897 897 897 898 898 898 898 898 898 898 898 898 898 898 898 898 898 898 898 899 899 899 899 899 899 899 899 899 899 899 899 899 679 679 679 679 679 679 679 679 679 679 679 679 679
498 499 499 499 499 499 500 500 500 500 500 501 501 501 501 501 501 725 725 725 725 725 725 726 726 726 726 726 726 895 895 896 896 896 896 896 896 896 896 897 897 897 897 897 897 897 897 897 897 898 898 898 898 898 898 898 898 898 898 898 898 898 898 898 899 899 899 899 899 899 899 899 899 899 899 899 899 899 899 899 679 679 679 679 679 679 679 679 679 679 679 679 679 679
499 499 499 499 499 500 500 500 500 500 501 501 501 501 501 501 725 725 725 725 725 725 726 726 726 726 726 726 895 896 896 896 896 896 896 896 896 897 897 897 897 897 897 897 897 897 897 898 898 898 898 898 898 898 898 898 898 898 898 898 898 899 899 899 899 899 899 899 899 899 899 899 899 899 899 899 899 899 899 679 679 679 679 679 679 679 679 679 679 679 679 679 679 679
499 499 499 499 500 500 500 500 500 501 501 501 501 501 501 725 725 725 725 725 725 726 726 726 726 726 726 726 896 896 896 896 896 896 896 896 897 897 897 897 897 897 897 897 897 898 898 898 898 898 898 898 898 898 898 898 898 898 899 899 899 899 899 899 899 899 899 899 899 899 899 899 899 899 899 899 899 899 679 679 679 679 679 679 679 679 679 679 679 679 679 679 679 679
499 499 499 500 500 500 500 500 501 501 501 501 501 501 725 725 725 725 725 725 726 726 726 726 726 726 726 896 896 896 896 896 896 896 897 897 897 897 897 897 897 897 897 898 898 898 898 898 898 898 898 898 898 898 898 899 899 899 899 899 899 899 899 899 899 899 899 899 899 899 899 899 899 899 899 899 899 679 679 680 680 680 680 680 680 680 680 680 680 680 680 680 679 679
499 499 500 500 500 500 500 501 501 501 501 501 501 725 725 725 725 725 725 726 726 726 726 726 726 727 727 896 896 896 896 896 896 897 897 897 897 897 897 897 897 897 898 898 898 898 898 898 898 898 898 898 898 899 899 899 899 899 899 899 899 899 899 899 899 899 899 899 899 899 899 900 900 900 900 900 680 680 680 680 680 680 680 680 680 680 680 680 680 680 680 680 680 680
499 500 500 500 500 500 501 501 501 501 501 501 725 725 725 725 725 725 726 726 726 726 726 726 727 727 896 896 896 896 896 897 897 897 897 897 897 897 897 897 898 898 898 898 898 898 898 898 898 898 898 899 899 899 899 899 899 899 899 899 899 899 899 899 899 899 899 900 900 900 900 900 900 900 900 680 680 680 680 680 680 680 680 680 680 680 680 680 680 680 680 680 680 680
500 500 500 500 500 501 501 501 501 501 501 725 725 725 725 725 726 726 726 726 726 726 726 727 727 727 896 896 896 896 897 897 897 897 897 897 897 897 898 898 898 898 898 898 898 898 898 898 898 899 899 899 899 899 899 899 899 899 899 899 899 899 899 900 900 900 900 900 900 900 900 900 900 900 680 680 680 680 680 680 680 680 680 680 680 680 680 680 680 680 680 680 680 680
500 500 500 500 501 501 501 501 501 501 725 725 725 725 725 726 726 726 726 726 726 726 727 727 727 896 896 896 896 897 897 897 897 897 897 897 897 898 898 898 898 898 898 898 898 898 898 899 899 899 899 899 899 899 899 899 899 899 899 899 900 900 900 900 900 900 900 900 900 900 900 900 900 680 680 680 680 680 680 680 680 680 680 680 680 680 680 680 680 680 680 680 680 680
500 500 500 501 501 501 501 501 501 725 725 725 725 725 726 726 726 726 726 726 726 727 727 727 727 896 896 896 897 897 897 897 897 897 897 898 898 898 898 898 898 898 898 898 898 899 899 899 899 899 899 899 899 899 899 899 899 900 900 900 900 900 900 900 900 900 900 900 900 900 900 900 680 680 680 680 680 680 680 680 680 680 680 680 680 680 680 680 680 680 680 680 680 809
500 500 500 501 501 501 501 501 502 725 725 725 725 726 726 726 726 726 726 726 727 727 727 727 896 896 897 897 897 897 897 897 897 897 898 898 898 898 898 898 898 898 898 899 899 899 899 899 899 899 899 899 899 899 899 900 900 900 900 900 900 900 900 900 900 900 900 900 900 900 900 680 680 680 680 680 680 680 681 681 681 681 681 681 681 681 681 681 681 681 681 681 810 809
500 500 501 501 501 501 501 502 725 725 725 725 726 726 726 726 726 726 727 727 727 727 727 727 896 897 897 897 897 897 897 897 897 898 898 898 898 898 898 898 898 899 899 899 899 899 899 899 899 899 899 899 899 900 900 900 900 900 900 900 900 900 900 900 900 900 900 900 900 900 680 681 681 681 681 681 681 681 681 681 681 681 681 681 681 681 681 681 681 681 681 681 810 810
