testData/tiles/oneDegree/grid17.0-44.0-18.0-45.0.asc
ncols   200
nrows   200
xllcorner   17.0
yllcorner   44.0
cellsize   0.005
NODATA_value   -9999.0
[rows 126 to 167 of 200, columns 94 to 187 of 200]
339 340 341 341 342 342 343 344 344 345 346 346 347 348 349 350 349 350 351 351 352 353 354 354 355 356 356 357 357 358 359 359 360 360 360 361 361 348 348 349 349 350 350 351 351 352 352 353 353 354 353 354 354 354 355 355 356 356 357 357 357 358 358 358 359 358 358 359 359 359 360 360 360 361 361 361 361 362 441 441 441 442 442 442 442 442 443 443 443 443 443 443 443 443
339 340 341 341 342 343 343 344 344 345 346 347 347 348 349 350 350 351 351 352 352 353 354 354 355 356 356 357 358 358 359 359 360 361 361 361 361 348 348 349 349 350 350 351 351 352 352 353 353 354 354 354 354 355 355 355 356 356 357 357 357 358 358 358 359 359 358 359 359 359 360 360 360 361 361 361 361 362 442 441 441 442 442 442 442 443 443 443 443 443 443 444 443 443
339 340 341 341 342 343 344 344 344 345 346 347 347 348 349 350 351 351 352 352 352 353 354 354 355 356 356 357 358 358 359 360 360 361 361 362 362 362 349 349 350 350 351 351 352 352 353 353 353 354 354 355 354 355 355 356 356 356 357 357 357 358 358 359 359 359 360 359 359 360 360 360 360 361 361 361 362 362 442 442 442 442 442 442 442 443 443 443 443 443 444 444 444 443
340 340 341 342 342 343 344 345 344 345 346 347 348 348 349 350 351 351 352 353 353 353 354 355 355 356 357 357 358 358 359 360 360 361 361 362 363 363 349 349 350 350 351 351 352 352 353 353 354 354 355 355 355 356 355 356 356 356 357 357 358 358 358 359 359 359 360 360 359 360 360 360 361 361 361 361 362 362 442 442 443 442 442 442 443 443 443 443 443 444 444 444 444 444
340 341 342 342 342 343 344 345 344 345 346 347 348 348 349 350 351 351 352 353 354 354 354 355 355 356 357 357 358 359 359 360 360 361 361 362 363 363 350 349 350 350 351 351 352 352 353 353 354 354 355 355 355 356 356 356 356 357 357 357 358 358 358 359 359 359 360 360 360 360 360 360 361 361 361 361 362 442 442 442 443 443 442 442 443 443 443 443 443 444 444 444 444 444
341 341 342 343 342 343 344 345 345 345 346 347 348 349 349 350 351 352 352 353 354 354 355 355 355 356 357 357 358 359 359 360 360 361 362 362 363 363 350 350 350 350 351 351 352 352 353 353 354 354 355 355 356 356 356 357 356 357 357 357 358 358 358 359 359 360 360 360 361 361 360 360 361 361 361 362 362 442 442 443 443 443 443 442 443 443 443 443 444 444 444 444 444 444
341 342 343 343 343 343 344 345 345 345 346 347 348 349 349 350 351 352 352 353 354 355 355 356 356 356 357 357 358 359 359 360 361 361 362 362 363 363 350 350 351 350 351 351 352 352 353 353 354 354 355 355 356 356 357 357 357 357 357 357 358 358 359 359 359 360 360 360 361 361 361 361 361 361 361 362 362 442 442 443 443 443 443 444 443 443 443 443 444 444 444 444 444 444
341 342 343 344 343 344 344 345 345 346 346 347 348 349 350 350 351 352 352 353 354 355 355 356 357 356 357 358 358 359 359 360 361 361 362 362 363 363 350 351 351 352 351 352 352 353 353 354 354 354 355 355 356 356 357 357 357 358 357 358 358 358 359 359 359 360 360 360 361 361 361 362 361 361 361 362 362 442 443 443 443 443 443 444 444 443 443 443 444 444 444 444 444 445
341 342 343 344 343 344 345 345 345 346 347 347 348 349 350 350 351 352 353 353 354 355 355 356 357 357 357 358 358 359 360 360 361 361 362 362 363 364 350 351 351 352 352 352 352 353 353 354 354 355 355 355 356 356 357 357 357 358 357 358 358 358 359 359 359 360 360 360 361 361 361 362 362 361 362 362 362 442 443 443 443 443 444 444 444 444 443 444 444 444 444 444 444 445
341 342 343 344 344 344 345 346 347 346 347 347 348 349 350 350 351 352 353 353 354 355 355 356 357 357 358 358 358 359 360 360 361 361 362 363 363 364 350 351 351 352 352 353 352 353 353 354 354 355 355 356 356 356 357 357 358 358 358 358 358 358 359 359 360 360 360 361 361 361 361 362 362 361 362 362 442 442 443 443 443 443 444 444 444 444 444 444 444 444 444 444 445 445
341 342 343 344 344 345 345 346 347 347 347 348 348 349 350 351 351 352 353 354 354 355 356 356 357 358 358 359 358 359 360 360 361 361 362 363 363 364 350 351 351 352 352 353 353 353 353 354 354 355 355 356 356 356 357 357 358 358 358 359 358 359 359 359 360 360 360 361 361 361 362 362 362 362 362 362 442 443 443 443 443 443 444 444 444 444 445 444 444 444 444 444 445 445
341 342 343 344 344 345 346 346 347 347 348 348 348 349 350 351 351 352 353 354 354 355 356 356 357 358 358 359 360 359 360 360 361 362 362 363 363 364 350 351 351 352 352 353 353 354 353 354 354 355 355 356 356 357 357 357 358 358 359 359 359 359 359 359 360 360 360 361 361 361 362 362 362 363 363 362 442 443 443 443 443 444 444 444 444 444 445 445 444 444 444 445 445 445
341 342 343 344 344 345 346 346 347 347 348 348 348 349 350 351 352 352 353 354 354 355 356 356 357 358 358 359 360 360 360 360 361 362 362 363 363 364 364 351 352 352 353 353 354 354 353 354 354 355 355 356 356 357 357 357 358 358 359 359 359 360 359 359 360 360 360 361 361 361 362 362 362 363 363 363 442 443 443 443 443 444 444 444 444 445 445 445 445 444 444 445 445 445
341 342 343 344 345 345 346 347 347 347 348 349 349 349 350 351 352 352 353 354 354 355 356 357 357 358 358 359 360 360 361 361 361 362 362 363 363 364 365 351 352 352 353 353 354 354 355 354 354 355 355 356 356 357 357 358 358 358 359 359 359 360 359 360 360 360 361 361 361 361 362 362 362 363 363 363 442 443 443 443 443 444 444 444 444 445 445 445 445 444 445 445 445 445
341 342 343 344 345 345 346 347 347 347 348 349 350 349 350 351 352 352 353 354 355 355 356 357 357 358 359 359 360 360 361 361 361 362 362 363 364 364 365 351 352 352 353 353 354 354 355 355 355 355 355 356 356 357 357 358 358 358 359 359 360 360 360 360 360 360 361 361 361 362 362 362 362 363 363 443 444 443 443 443 444 444 444 444 444 445 445 445 445 445 445 445 445 445
342 343 343 344 345 345 346 347 348 347 348 349 350 351 350 351 352 353 353 354 355 355 356 357 357 358 359 359 360 361 361 362 361 362 362 363 364 364 365 351 352 352 353 353 354 354 355 355 355 355 356 356 356 357 357 358 358 358 359 359 360 360 360 360 360 360 361 361 361 362 362 362 363 363 363 443 444 443 443 443 444 444 444 444 445 445 445 445 445 445 445 445 445 445
342 343 343 344 345 345 346 347 348 347 348 349 350 351 350 351 352 353 353 354 355 355 356 357 357 358 359 359 360 361 361 362 362 362 363 363 364 364 365 351 352 352 353 353 354 354 355 355 356 355 356 356 356 357 357 358 358 359 359 359 360 360 360 361 360 360 361 361 361 362 362 362 363 363 363 443 444 444 443 443 444 444 444 444 445 445 445 445 445 446 446 445 445 445
342 343 344 344 345 345 346 347 348 348 348 349 350 351 351 351 352 353 353 354 355 355 356 357 358 358 359 359 360 361 361 362 362 362 363 363 364 364 365 351 352 352 353 353 354 354 355 355 356 356 356 356 357 357 357 358 358 359 359 359 360 360 360 361 360 361 361 361 361 362 362 362 363 363 363 444 444 444 443 444 444 444 444 444 445 445 445 445 445 446 446 445 445 445
342 343 344 345 345 345 346 347 348 348 348 349 350 351 352 352 352 353 353 354 355 356 356 357 358 358 359 360 360 361 361 362 363 363 363 363 364 364 365 351 352 352 353 353 354 354 355 355 356 356 356 356 357 357 357 358 358 359 359 359 360 360 361 361 361 361 361 361 362 362 362 362 363 363 363 444 444 444 444 444 444 444 444 445 445 445 445 445 446 446 446 446 445 445
342 343 344 345 346 345 346 347 348 348 349 349 350 351 352 352 352 353 354 354 355 356 356 357 358 358 359 360 360 361 361 362 363 363 363 363 364 364 365 352 352 353 353 354 354 355 355 355 356 356 356 356 357 357 358 358 358 359 359 360 360 360 361 361 361 361 361 361 362 362 362 363 363 363 443 444 444 444 444 444 444 444 444 445 445 445 445 445 446 446 446 446 445 445
342 343 344 345 346 345 346 347 348 349 349 349 350 351 352 352 353 353 354 354 355 356 356 357 358 358 359 360 360 361 362 362 363 363 364 363 364 365 365 352 352 353 353 354 354 355 355 356 356 356 357 356 357 357 358 358 358 359 359 360 360 360 361 361 361 362 361 361 362 362 362 363 363 363 443 444 444 444 444 445 444 444 444 445 445 445 445 445 446 446 446 446 445 445
343 343 344 345 346 346 346 347 348 349 349 349 350 351 352 353 353 353 354 354 355 356 356 357 358 358 359 360 360 361 362 362 363 363 364 363 364 365 365 352 352 353 353 354 354 355 355 356 356 357 357 356 357 357 358 358 358 359 359 360 360 360 361 361 361 362 361 361 362 362 362 363 363 363 444 444 444 444 445 445 444 444 444 445 445 445 445 446 446 446 446 446 446 446
343 343 344 345 346 346 346 347 348 349 349 350 350 351 352 353 353 353 354 354 355 356 357 357 358 359 359 360 360 361 362 362 363 363 364 364 364 365 365 352 352 353 353 354 354 355 355 356 356 357 357 357 357 357 358 358 359 359 359 360 360 360 361 361 362 362 361 361 362 362 362 363 363 363 444 444 444 444 445 445 444 444 445 445 445 445 445 446 446 446 446 446 446 446
343 343 344 345 346 346 347 347 348 349 349 350 350 351 352 353 353 354 354 355 355 356 357 357 358 359 359 360 360 361 362 362 363 363 364 365 364 365 365 352 352 353 353 354 354 355 355 356 356 357 357 358 357 357 358 358 359 359 359 360 360 361 361 361 362 362 362 362 362 362 362 363 363 363 444 444 444 444 445 445 444 444 445 445 445 445 445 446 446 446 446 446 447 446
343 343 344 345 346 346 347 347 348 349 349 350 350 351 352 353 353 354 354 355 355 356 357 357 358 359 359 360 361 361 362 362 363 364 364 365 364 365 365 352 352 353 353 354 354 355 355 356 356 357 357 358 357 357 358 358 359 359 359 360 360 361 361 361 362 362 362 362 362 362 363 363 363 363 444 444 444 444 445 445 445 444 445 445 445 445 446 446 446 446 446 446 447 446
343 343 344 345 346 347 347 347 348 349 349 350 351 351 352 353 354 354 354 355 355 356 357 357 358 359 359 360 361 361 362 362 363 364 364 365 364 365 365 366 352 353 353 354 354 355 355 356 356 357 357 358 357 358 358 358 359 359 360 360 360 361 361 361 362 362 362 362 362 362 363 363 363 443 444 444 444 445 445 445 445 444 445 445 445 445 446 446 446 446 446 446 447 447
343 343 344 345 346 347 347 348 348 349 349 350 351 351 352 353 354 354 354 355 355 356 357 357 358 359 359 360 361 361 362 362 363 364 364 365 364 365 365 366 352 353 354 354 354 355 355 356 356 357 357 358 357 358 358 358 359 359 360 360 360 361 361 361 362 362 362 362 362 362 363 363 363 444 444 444 444 445 445 445 445 445 445 445 445 445 446 446 446 446 446 447 447 447
344 343 344 345 346 347 347 348 348 349 349 350 351 351 352 353 354 354 355 355 355 356 357 358 358 359 359 360 361 361 362 363 363 364 364 365 364 365 365 366 353 353 354 354 355 355 356 356 356 357 357 358 357 358 358 358 359 359 360 360 360 361 361 361 362 362 362 362 362 362 363 363 363 444 444 444 444 445 445 445 445 445 445 445 445 445 446 446 446 446 446 447 447 447
344 343 344 345 346 347 347 348 349 349 349 350 351 351 352 353 354 354 355 355 356 356 357 358 358 359 360 360 361 361 362 363 363 364 364 365 364 365 366 366 353 353 354 354 355 355 356 356 356 357 357 358 358 358 358 358 359 359 360 360 360 361 361 361 362 362 363 362 362 362 363 363 363 444 444 444 444 445 445 445 445 445 445 445 445 446 446 446 446 446 446 447 447 447
344 344 344 345 346 347 347 348 349 349 349 350 351 352 352 353 354 354 355 355 356 356 357 358 358 359 360 360 361 361 362 363 363 364 364 365 365 365 366 366 353 353 354 354 355 355 356 356 357 357 357 358 358 358 358 359 359 359 360 360 360 361 361 362 362 362 363 362 362 363 363 363 363 444 444 444 444 445 445 445 445 445 445 445 445 446 446 446 446 446 446 447 447 447
344 344 345 345 346 347 347 348 349 349 349 350 351 352 352 353 354 355 355 355 356 356 357 358 358 359 360 360 361 362 362 363 363 364 364 365 365 365 366 366 353 353 354 354 355 355 356 356 357 357 357 358 358 358 358 359 359 359 360 360 361 361 361 362 362 362 363 362 362 363 363 363 363 444 444 444 445 445 445 445 446 445 445 445 445 446 446 446 446 446 447 447 447 447
344 344 345 345 346 347 347 348 349 349 349 350 351 352 352 353 354 355 355 355 356 356 357 358 358 359 360 360 361 362 362 363 363 364 364 365 365 365 366 366 353 353 354 354 355 355 356 356 357 357 358 358 357 358 358 359 359 359 360 360 361 361 361 362 362 362 363 362 362 363 363 363 363 444 444 444 445 445 445 445 446 445 445 445 445 446 446 446 446 446 447 447 447 447
344 344 345 345 346 347 347 348 349 350 349 350 351 352 352 353 354 355 354 355 356 356 357 358 358 359 360 360 361 362 362 363 363 364 365 365 365 365 366 366 353 353 354 354 355 355 356 356 357 357 358 358 357 358 358 359 359 359 360 360 361 361 361 362 362 362 363 362 362 363 363 363 444 444 444 444 445 445 445 445 446 445 445 445 445 446 446 446 446 446 447 447 447 447
344 344 345 346 346 347 347 348 349 350 349 350 351 352 352 353 354 355 354 355 356 356 357 358 358 359 360 360 361 362 362 363 363 364 365 365 365 365 366 366 353 353 354 354 355 355 356 356 357 357 358 358 357 358 358 359 359 360 360 360 361 361 361 362 362 362 363 362 362 363 363 363 444 444 444 444 445 445 445 445 446 445 445 445 446 446 446 446 446 446 447 447 447 447
344 344 345 346 346 347 347 348 349 350 349 350 351 352 353 353 354 355 354 355 356 357 357 358 359 359 360 360 361 362 362 363 363 364 365 365 365 365 366 366 353 353 354 354 355 355 356 356 357 357 358 358 358 358 358 359 359 360 360 360 361 361 361 362 362 362 363 362 362 363 363 363 444 444 444 444 445 445 445 445 446 445 445 445 446 446 446 446 446 447 447 447 447 446
344 344 345 346 347 347 347 348 349 350 349 350 351 352 353 353 354 355 354 355 356 357 357 358 359 359 360 361 361 362 362 363 364 364 365 365 365 365 366 366 353 353 354 354 355 355 356 356 357 357 358 358 358 358 358 359 359 360 360 360 361 361 361 362 362 362 363 362 362 363 363 363 444 444 444 444 445 445 445 445 445 445 445 445 446 446 446 446 446 447 447 447 447 446
344 344 345 346 347 347 347 348 349 350 351 350 351 352 353 353 354 354 355 355 356 357 357 358 359 359 360 361 361 362 362 363 364 364 365 364 365 365 366 366 353 353 354 354 355 355 356 356 357 357 358 358 358 358 358 359 359 360 360 360 361 361 361 362 362 363 362 362 362 363 363 363 444 444 444 445 445 445 445 446 445 445 445 445 446 446 446 446 446 447 447 447 447 446
344 345 345 346 347 347 347 348 349 350 351 350 351 352 353 353 354 354 355 355 356 357 357 358 359 359 360 361 361 362 362 363 364 364 365 364 365 365 366 366 353 354 354 355 355 355 356 356 357 357 358 357 358 358 358 359 359 360 360 360 361 361 362 362 362 363 362 362 363 363 363 363 444 444 444 445 445 445 445 446 445 445 445 445 446 446 446 446 446 447 447 447 447 446
344 345 345 346 347 347 347 348 349 350 351 350 351 352 353 353 354 354 355 355 356 357 357 358 359 359 360 361 361 362 362 363 364 364 365 364 365 365 366 367 353 354 354 355 355 356 356 356 357 357 358 357 358 358 359 359 359 360 360 360 361 361 362 362 362 363 362 362 363 363 363 363 444 444 444 445 445 445 445 446 445 445 445 445 446 446 446 446 446 447 447 447 446 446
344 345 345 346 347 348 347 348 349 350 351 350 351 352 353 353 353 354 355 355 356 357 357 358 359 359 360 361 361 362 362 363 364 364 364 364 365 365 366 367 353 354 354 355 355 356 356 356 357 357 357 357 358 358 359 359 359 360 360 360 361 361 362 362 362 362 362 362 363 363 363 363 444 444 444 445 445 445 445 445 445 445 445 446 446 446 446 446 447 447 447 447 446 446
344 345 345 346 347 348 347 348 349 350 351 350 351 352 353 354 353 354 355 355 356 357 357 358 359 359 360 361 361 362 363 363 364 364 364 364 365 366 366 367 353 354 354 355 355 356 356 357 357 357 357 357 358 358 359 359 359 360 360 361 361 361 362 362 362 362 362 362 363 363 363 444 444 444 444 445 445 445 445 445 445 445 445 446 446 446 446 446 447 447 447 447 446 446
344 345 345 346 347 348 347 348 349 350 351 350 351 352 353 353 353 354 355 355 356 357 357 358 359 359 360 361 361 362 363 363 364 363 364 364 365 366 366 367 353 354 354 355 355 356 356 357 357 357 357 357 358 358 359 359 359 360 360 361 361 361 362 362 361 362 362 362 363 363 363 444 444 444 444 445 445 445 444 445 445 445 445 446 446 446 446 446 447 447 447 446 446 446
