testData/tiles/oneDegree/grid12.0-17.0-13.0-18.0.asc
ncols   200
nrows   200
xllcorner   12.0
yllcorner   17.0
cellsize   0.005
NODATA_value   -9999.0
[rows 42 to 83 of 200, columns 0 to 93 of 200]
387 387 388 388 388 388 388 388 388 388 388 388 388 388 388 388 388 388 388 388 388 388 388 388 388 388 388 387 387 387 387 387 387 387 387 387 386 386 386 386 386 386 385 385 385 385 385 384 384 384 384 384 383 383 383 383 382 382 382 381 381 381 380 380 380 507 507 507 506 506 506 505 505 504 504 504 503 503 502 502 501 501 500 500 499 499 498 498 497 497 498 498 497 498
388 388 388 388 388 389 389 389 389 389 389 389 389 389 389 389 389 389 389 389 389 389 389 389 388 388 388 388 388 388 388 388 388 388 388 387 387 387 387 387 387 386 386 386 386 386 386 385 385 385 385 384 384 384 384 383 383 383 382 382 382 382 381 381 381 508 508 508 507 507 506 506 506 505 505 504 504 504 503 503 502 502 501 501 500 500 499 499 498 498 499 499 498 498
389 389 389 389 389 389 389 389 389 390 390 390 390 390 390 390 390 390 390 390 389 389 389 389 389 389 389 389 389 389 389 389 389 388 388 388 388 388 388 388 387 387 387 387 387 387 386 386 386 386 385 385 385 385 384 384 384 384 383 383 383 382 382 382 381 509 509 508 508 508 507 507 507 506 506 505 505 504 504 504 503 503 502 502 501 501 500 500 499 499 500 499 499 499
390 390 390 390 390 390 390 390 390 390 390 390 390 390 390 390 390 390 390 390 390 390 390 390 390 390 390 390 390 390 390 389 389 389 389 389 389 389 389 388 388 388 388 388 387 387 387 387 387 386 386 386 386 385 385 385 385 384 384 384 384 383 383 383 382 510 510 509 509 508 508 508 507 507 507 506 506 505 505 504 504 503 503 503 502 502 501 501 500 499 499 500 500 500
391 391 391 391 391 391 391 391 391 391 391 391 391 391 391 391 391 391 391 391 391 391 391 391 391 391 391 391 391 390 390 390 390 390 390 390 390 389 389 389 389 389 389 388 388 388 388 388 387 387 387 387 387 386 386 386 385 385 385 385 384 384 384 383 383 511 510 510 510 509 509 509 508 508 507 507 507 506 506 505 505 504 504 503 503 502 502 501 501 500 500 501 501 500
391 391 391 392 392 392 392 392 392 392 392 392 392 392 392 392 392 392 392 392 392 392 392 392 392 392 391 391 391 391 391 391 391 391 391 391 390 390 390 390 390 390 389 389 389 389 389 388 388 388 388 388 387 387 387 387 386 386 386 385 385 385 385 384 384 512 511 511 510 510 510 509 509 509 508 508 507 507 507 506 506 505 505 504 504 503 503 502 502 501 501 500 502 501
392 392 392 392 392 392 392 393 393 393 393 393 393 393 393 393 393 393 393 393 393 393 392 392 392 392 392 392 392 392 392 392 392 392 391 391 391 391 391 391 391 390 390 390 390 390 389 389 389 389 389 388 388 388 388 387 387 387 460 386 386 386 385 385 385 384 512 512 511 511 511 510 510 509 509 509 508 508 507 507 506 506 506 505 505 504 504 503 503 502 502 501 502 502
393 393 393 393 393 393 393 393 393 393 393 393 393 393 393 393 393 393 393 393 393 393 393 393 393 393 393 393 393 466 466 466 465 465 465 465 465 465 465 464 464 464 464 464 464 463 463 463 463 463 462 462 462 462 461 461 461 461 460 460 460 459 459 459 458 458 586 585 585 585 584 584 584 583 583 582 582 582 581 581 580 580 579 579 578 578 577 577 503 503 502 502 501 503
394 394 394 394 394 394 394 394 394 394 394 394 394 394 394 394 467 467 467 467 467 467 467 467 467 467 467 467 467 466 466 466 466 466 466 466 466 466 465 465 465 465 465 465 464 464 464 464 464 463 463 463 463 462 462 462 462 461 461 461 460 460 460 460 459 459 587 586 586 586 585 585 584 584 584 583 583 582 582 582 581 581 580 580 579 579 578 578 577 577 576 576 575 577
394 394 394 395 395 395 395 468 468 468 468 468 468 468 468 468 468 468 468 468 468 468 468 468 468 468 467 467 467 467 467 467 467 467 467 467 466 466 466 466 466 466 465 465 465 465 465 465 464 464 464 464 463 463 463 463 462 462 462 462 461 461 461 460 460 460 587 587 587 586 586 586 585 585 584 584 584 583 583 582 582 581 581 581 580 580 579 579 578 578 577 577 576 575
468 468 468 468 468 468 468 468 469 469 469 469 469 469 469 469 469 469 469 469 469 468 468 468 468 468 468 468 468 468 468 468 468 468 467 467 467 467 467 467 467 466 466 466 466 466 465 465 465 465 465 464 464 464 464 463 463 463 463 462 462 462 461 461 461 460 588 588 587 587 587 586 586 586 585 585 584 584 584 583 583 582 582 581 581 580 580 579 579 578 578 577 577 576
469 469 469 469 469 469 469 469 469 469 469 469 469 469 469 469 469 469 469 469 469 469 469 469 469 469 469 469 469 469 469 468 468 468 468 468 468 468 468 467 467 467 467 467 467 466 466 466 466 466 465 465 465 465 464 464 464 464 463 463 463 462 462 462 462 461 589 589 588 588 588 587 587 586 586 586 585 585 584 584 583 583 583 582 582 581 581 580 580 579 579 578 578 577
469 470 470 470 470 470 470 470 470 470 470 470 470 470 470 470 470 470 470 470 470 470 470 470 470 470 470 470 469 469 469 469 469 469 469 469 469 468 468 468 468 468 468 468 467 467 467 467 467 466 466 466 466 465 465 465 465 464 464 464 464 463 463 463 462 462 590 589 589 589 588 588 588 587 587 586 586 586 585 585 584 584 583 583 582 582 582 581 581 580 580 579 578 578
470 470 470 470 470 471 471 471 471 471 471 471 471 471 471 471 471 471 471 471 471 471 471 471 470 470 470 470 470 470 470 470 470 470 470 469 469 469 469 469 469 469 468 468 468 468 468 467 467 467 467 467 466 466 466 466 465 465 465 465 464 464 464 463 463 463 462 590 590 589 589 589 588 588 588 587 587 586 586 585 585 585 584 584 583 583 582 582 581 581 580 580 579 579
471 471 471 471 471 471 471 471 471 471 471 471 471 471 471 471 471 471 471 471 471 471 471 471 471 471 471 471 471 471 471 471 471 470 470 470 470 470 470 470 469 469 469 469 469 469 468 468 468 468 468 467 467 467 467 466 466 466 466 465 465 465 464 464 464 463 463 591 590 590 590 589 589 589 588 588 588 587 587 586 586 585 585 585 584 584 583 583 582 582 581 581 580 580
472 472 472 472 472 472 472 472 472 472 472 472 472 472 472 472 472 472 472 472 472 472 472 472 472 472 472 472 472 472 471 471 471 471 471 471 471 471 470 470 470 470 470 470 469 469 469 469 469 468 468 468 468 468 467 467 467 467 466 466 466 465 465 465 465 464 464 592 591 591 591 590 590 589 589 589 588 588 587 587 587 586 586 585 585 584 584 583 583 582 582 581 581 580
472 472 472 473 473 473 473 473 473 473 473 473 473 473 473 473 473 473 473 473 473 473 473 473 473 473 472 472 472 472 472 472 472 472 472 472 471 471 471 471 471 471 471 470 470 470 470 470 469 469 469 469 469 468 468 468 468 467 467 467 466 466 466 466 465 465 465 592 592 592 591 591 591 590 590 589 589 589 588 588 587 587 586 586 586 585 585 584 584 583 583 582 582 581
473 473 473 473 473 473 473 473 473 474 474 474 474 474 474 474 474 474 474 474 473 473 473 473 473 473 473 473 473 473 473 473 473 473 472 472 472 472 472 472 472 471 471 471 471 471 471 470 470 470 470 469 469 469 469 469 468 468 468 467 467 467 467 466 466 466 465 593 593 592 592 592 591 591 591 590 590 589 589 589 588 588 587 587 586 586 585 585 584 584 583 583 582 582
474 474 474 474 474 474 474 474 474 474 474 474 474 474 474 474 474 474 474 474 474 474 474 474 474 474 474 474 474 474 474 473 473 473 473 473 473 473 473 472 472 472 472 472 472 471 471 471 471 471 470 470 470 470 469 469 469 469 468 468 468 468 467 467 467 466 466 594 593 593 593 592 592 592 591 591 591 590 590 589 589 588 588 588 587 587 586 586 585 585 584 584 583 583
474 474 475 475 475 475 475 475 475 475 475 475 475 475 475 475 475 475 475 475 475 475 475 475 475 475 475 474 474 474 474 474 474 474 474 474 474 473 473 473 473 473 473 472 472 472 472 472 472 471 471 471 471 470 470 470 470 469 469 469 469 468 468 468 467 467 467 466 594 594 593 593 593 592 592 592 591 591 590 590 590 589 589 588 588 587 587 586 586 585 585 584 584 583
475 475 475 475 475 475 475 475 476 476 476 476 476 476 476 476 476 476 476 476 476 475 475 475 475 475 475 475 475 475 475 475 475 475 474 474 474 474 474 474 474 473 473 473 473 473 473 472 472 472 472 472 471 471 471 471 470 470 470 470 469 469 469 468 468 468 468 467 595 595 594 594 593 593 593 592 592 592 591 591 590 590 589 589 589 588 588 587 587 586 586 585 585 584
476 476 476 476 476 476 476 476 476 476 476 476 476 476 476 476 476 476 476 476 476 476 476 476 476 476 476 476 476 476 476 475 475 475 475 475 475 475 475 474 474 474 474 474 474 473 473 473 473 473 472 472 472 472 472 471 471 471 471 470 470 470 469 469 469 469 468 468 596 595 595 595 594 594 593 593 593 592 592 591 591 591 590 590 589 589 588 588 587 587 587 586 586 585
476 476 477 477 477 477 477 477 477 477 477 477 477 477 477 477 477 477 477 477 477 477 477 477 477 477 477 476 476 476 476 476 476 476 476 476 476 475 475 475 475 475 475 475 474 474 474 474 474 473 473 473 473 472 472 472 472 472 471 471 471 470 470 470 470 469 469 469 596 596 596 595 595 595 594 594 593 593 593 592 592 591 591 591 590 590 589 589 588 588 587 587 586 586
477 477 477 477 477 477 477 478 478 478 478 478 478 478 478 478 478 478 478 478 478 478 477 477 477 477 477 477 477 477 477 477 477 477 476 476 476 476 476 476 476 476 475 475 475 475 475 474 474 474 474 474 473 473 473 473 472 472 472 472 471 471 471 471 470 470 470 469 597 597 596 596 596 595 595 594 594 594 593 593 593 592 592 591 591 590 590 589 589 588 588 587 587 586
478 478 478 478 478 478 478 478 478 478 478 478 478 478 478 478 478 478 478 478 478 478 478 478 478 478 478 478 478 478 478 477 477 477 477 477 477 477 477 476 476 476 476 476 476 476 475 475 475 475 475 474 474 474 474 473 473 473 473 472 472 472 472 471 471 471 470 470 470 597 597 597 596 596 596 595 595 594 594 594 593 593 592 592 592 591 591 590 590 589 589 588 588 587
478 478 479 479 479 479 479 479 479 479 479 479 479 479 479 479 479 479 479 479 479 479 479 479 479 479 479 478 478 478 478 478 478 478 478 478 478 477 477 477 477 477 477 477 476 476 476 476 476 475 475 475 475 475 474 474 474 474 473 473 473 472 472 472 472 471 471 471 470 598 598 597 597 597 596 596 596 595 595 594 594 594 593 593 592 592 591 591 590 590 589 589 588 588
479 479 479 479 479 479 479 479 479 480 480 480 480 480 480 480 480 480 480 480 479 479 479 479 479 479 479 479 479 479 479 479 479 479 478 478 478 478 478 478 478 477 477 477 477 477 477 476 476 476 476 476 475 475 475 475 474 474 474 474 473 473 473 473 472 472 472 471 471 599 598 598 598 597 597 597 596 596 595 595 595 594 594 593 593 592 592 592 591 591 590 590 589 589
480 480 480 480 480 480 480 480 480 480 480 480 480 480 480 480 480 480 480 480 480 480 480 480 480 480 480 480 480 480 480 479 479 479 479 479 479 479 479 478 478 478 478 478 478 477 477 477 477 477 477 476 476 476 476 475 475 475 475 474 474 474 474 473 473 473 472 472 472 599 599 599 598 598 598 597 597 597 596 596 595 595 594 594 594 593 593 592 592 591 591 590 590 589
480 480 480 481 481 481 481 481 481 481 481 481 481 481 481 481 481 481 481 481 481 481 481 481 481 481 480 480 480 480 480 480 480 480 480 480 479 479 479 479 479 479 479 478 478 478 478 478 478 477 477 477 477 476 476 476 476 476 475 475 475 474 474 474 474 473 473 473 472 600 600 599 599 599 598 598 598 597 597 596 596 596 595 595 594 594 593 593 593 592 592 591 591 590
481 481 481 481 481 481 481 481 481 481 481 481 481 482 482 482 481 481 481 481 481 481 481 481 481 481 481 481 481 481 481 481 481 480 480 480 480 480 480 480 480 479 479 479 479 479 479 478 478 478 478 478 477 477 477 477 476 476 476 476 475 475 475 475 474 474 474 473 473 473 600 600 600 599 599 599 598 598 597 597 597 596 596 595 595 595 594 594 593 593 592 592 591 591
482 482 482 482 482 482 482 482 482 482 482 482 482 482 482 482 482 482 482 482 482 482 482 482 482 482 482 482 482 482 481 481 481 481 481 481 481 481 481 480 480 480 480 480 480 479 479 479 479 479 478 478 478 478 478 477 477 477 477 476 476 476 476 475 475 475 474 474 474 473 601 601 600 600 600 599 599 599 598 598 597 597 597 596 596 595 595 594 594 593 593 593 592 592
482 482 482 482 482 483 483 483 483 483 483 483 483 483 483 483 483 483 483 483 483 483 483 483 482 482 482 482 482 482 482 482 482 482 482 482 481 481 481 481 481 481 481 480 480 480 480 480 479 479 479 479 479 478 478 478 478 477 477 477 477 476 476 476 476 475 475 475 474 474 602 601 601 601 600 600 600 599 599 598 598 598 597 597 596 596 596 595 595 594 594 593 593 592
483 483 483 483 483 483 483 483 483 483 483 483 483 483 483 483 483 483 483 483 483 483 483 483 483 483 483 483 483 483 483 483 482 482 482 482 482 482 482 482 481 481 481 481 481 481 480 480 480 480 480 480 479 479 479 479 478 478 478 478 477 477 477 477 476 476 476 475 475 475 602 602 602 601 601 601 600 600 599 599 599 598 598 597 597 597 596 596 595 595 594 594 593 593
483 484 484 484 484 484 484 484 484 484 484 484 484 484 484 484 484 484 484 484 484 484 484 484 484 484 484 484 483 483 483 483 483 483 483 483 483 483 482 482 482 482 482 482 481 481 481 481 481 481 480 480 480 480 479 479 479 479 479 478 478 478 477 477 477 477 476 476 476 475 603 603 602 602 602 601 601 601 600 600 599 599 599 598 598 597 597 596 596 596 595 595 594 594
484 484 484 484 484 484 484 484 485 485 485 485 485 485 485 485 485 485 485 485 485 484 484 484 484 484 484 484 484 484 484 484 484 484 483 483 483 483 483 483 483 483 482 482 482 482 482 482 481 481 481 481 481 480 480 480 480 479 479 479 479 478 478 478 478 477 477 477 476 476 476 603 603 603 602 602 602 601 601 600 600 600 599 599 598 598 598 597 597 596 596 595 595 594
485 485 485 485 485 485 485 485 485 485 485 485 485 485 485 485 485 485 485 485 485 485 485 485 485 485 485 485 485 485 484 484 484 484 484 484 484 484 484 483 483 483 483 483 483 483 482 482 482 482 482 481 481 481 481 480 480 480 480 480 479 479 479 478 478 478 478 477 477 477 476 604 604 603 603 603 602 602 601 601 601 600 600 599 599 599 598 598 597 597 596 596 595 595
485 485 485 485 486 486 486 486 486 486 486 486 486 486 486 486 486 486 486 486 486 486 486 486 486 485 485 485 485 485 485 485 485 485 485 485 484 484 484 484 484 484 484 483 483 483 483 483 483 482 482 482 482 482 481 481 481 481 480 480 480 480 479 479 479 478 478 478 478 477 477 605 604 604 604 603 603 602 602 602 601 601 601 600 600 599 599 598 598 598 597 597 596 596
486 486 486 486 486 486 486 486 486 486 486 486 486 486 486 486 486 486 486 486 486 486 486 486 486 486 486 486 486 486 486 486 486 485 485 485 485 485 485 485 485 484 484 484 484 484 484 483 483 483 483 483 482 482 482 482 481 481 481 481 480 480 480 480 479 479 479 478 478 478 478 605 605 605 604 604 603 603 603 602 602 602 601 601 600 600 600 599 599 598 598 597 597 596
486 487 487 487 487 487 487 487 487 487 487 487 487 487 487 487 487 487 487 487 487 487 487 487 487 487 487 487 486 486 486 486 486 486 486 486 486 486 485 485 485 485 485 485 485 484 484 484 484 484 483 483 483 483 483 482 482 482 482 481 481 481 481 480 480 480 479 479 479 478 478 478 606 605 605 604 604 604 603 603 603 602 602 601 601 601 600 600 599 599 598 598 597 597
487 487 487 487 487 487 487 487 487 488 488 488 488 488 488 488 488 488 488 488 487 487 487 487 487 487 487 487 487 487 487 487 487 487 486 486 486 486 486 486 486 486 485 485 485 485 485 485 484 484 484 484 484 483 483 483 483 482 482 482 482 481 481 481 481 480 480 480 479 479 479 478 606 606 605 605 605 604 604 604 603 603 602 602 602 601 601 600 600 599 599 599 598 598
488 488 488 488 488 488 488 488 488 488 488 488 488 488 488 488 488 488 488 488 488 488 488 488 488 488 488 488 488 488 487 487 487 487 487 487 487 487 487 486 486 486 486 486 486 486 485 485 485 485 485 484 484 484 484 484 483 483 483 483 482 482 482 481 481 481 481 480 480 480 479 479 607 606 606 606 605 605 605 604 604 603 603 603 602 602 601 601 601 600 600 599 599 598
488 488 488 488 488 489 489 489 489 489 489 489 489 489 489 489 489 489 489 489 489 489 489 489 488 488 488 488 488 488 488 488 488 488 488 488 487 487 487 487 487 487 487 486 486 486 486 486 486 485 485 485 485 485 484 484 484 484 483 483 483 483 482 482 482 482 481 481 481 480 480 480 607 607 607 606 606 606 605 605 604 604 604 603 603 602 602 602 601 601 600 600 599 599
