testData/tiles/oneDegree/grid45.0-35.0-46.0-36.0.asc
ncols   200
nrows   200
xllcorner   45.0
yllcorner   35.0
cellsize   0.005
NODATA_value   -9999.0
[rows 126 to 167 of 200, columns 94 to 187 of 200]
1046 1046 1048 1048 1048 1049 1049 1050 1051 1051 1052 1052 1053 1053 1053 1054 1054 1055 1055 1055 1056 1056 1057 1057 1058 1059 1058 1058 1059 1059 1059 1060 1060 1060 1062 1063 1064 1066 1067 1067 1070 1072 1073 1075 1077 1076 1080 1080 1082 1083 1085 1085 1088 1089 1088 1090 1091 1092 1093 1096 1096 1097 1096 1098 1099 1099 1100 1101 1102 1101 1103 1103 1104 1105 1105 1105 1106 1106 1107 1106 1107 1107 1108 1107 1107 1107 1107 1107 1107 1107 1107 1107 1106 1105
1048 1048 1049 1049 1050 1050 1052 1052 1052 1053 1053 1054 1053 1054 1055 1055 1056 1056 1056 1057 1057 1058 1059 1059 1060 1059 1059 1060 1060 1060 1062 1063 1065 1067 1068 1068 1070 1071 1071 1073 1075 1076 1078 1079 1080 1081 1083 1083 1086 1086 1089 1089 1091 1091 1092 1093 1096 1096 1098 1098 1099 1098 1102 1102 1102 1103 1104 1105 1104 1107 1107 1106 1107 1108 1109 1109 1109 1111 1111 1111 1111 1112 1112 1111 1111 1111 1112 1112 1112 1111 1111 1112 1111 1110
1049 1050 1050 1051 1052 1052 1053 1053 1054 1054 1053 1055 1055 1056 1056 1056 1057 1057 1058 1059 1059 1060 1060 1059 1060 1060 1062 1063 1064 1067 1068 1069 1071 1072 1072 1074 1075 1075 1077 1079 1080 1082 1083 1084 1085 1087 1088 1091 1091 1093 1093 1095 1095 1096 1098 1099 1099 1100 1102 1103 1103 1104 1105 1105 1106 1107 1108 1109 1110 1109 1109 1110 1111 1112 1113 1112 1114 1114 1114 1114 1115 1115 1115 1116 1116 1117 1115 1115 1114 1116 1115 1114 1114 1115
1051 1051 1052 1053 1053 1054 1054 1055 1054 1055 1056 1056 1057 1057 1057 1058 1059 1060 1060 1060 1061 1061 1060 1062 1063 1065 1068 1069 1071 1072 1073 1075 1076 1076 1078 1079 1079 1081 1082 1084 1086 1088 1088 1090 1091 1092 1093 1095 1097 1097 1100 1099 1100 1102 1103 1103 1103 1106 1106 1106 1107 1108 1108 1110 1111 1112 1112 1113 1113 1113 1113 1114 1116 1116 1116 1117 1116 1117 1117 1118 1119 1119 1119 1120 1120 1119 1120 1119 1120 1118 1119 1119 1119 1119
1052 1053 1054 1054 1055 1054 1054 1056 1056 1057 1057 1057 1058 1058 1059 1060 1060 1061 1061 1062 1062 1064 1066 1067 1069 1071 1073 1074 1076 1077 1079 1079 1080 1081 1082 1083 1085 1087 1088 1090 1092 1091 1093 1095 1096 1097 1099 1100 1101 1102 1103 1103 1106 1106 1107 1107 1110 1110 1110 1111 1112 1113 1114 1115 1116 1116 1117 1117 1117 1118 1119 1120 1119 1120 1121 1121 1122 1121 1121 1122 1122 1121 1123 1122 1122 1123 1122 1124 1124 1124 1123 1122 1122 1122
1054 1054 1054 1055 1055 1055 1057 1057 1058 1058 1058 1059 1059 1061 1061 1061 1062 1063 1063 1066 1067 1069 1072 1073 1075 1076 1077 1079 1080 1081 1082 1083 1084 1086 1088 1088 1090 1091 1093 1094 1095 1096 1098 1099 1100 1103 1103 1105 1106 1107 1107 1109 1110 1111 1111 1114 1114 1114 1115 1116 1117 1118 1119 1120 1120 1119 1121 1121 1122 1123 1124 1124 1125 1125 1125 1126 1126 1128 1127 1127 1128 1127 1127 1128 1127 1128 1128 1128 1127 1127 1128 1128 1127 1125
1055 1055 1055 1056 1057 1058 1058 1058 1059 1059 1060 1061 1061 1062 1063 1065 1065 1067 1069 1071 1073 1075 1076 1078 1080 1081 1083 1084 1084 1086 1087 1089 1090 1091 1092 1094 1095 1096 1098 1099 1099 1102 1102 1104 1105 1107 1107 1110 1109 1111 1111 1113 1114 1115 1116 1118 1117 1119 1119 1121 1121 1123 1123 1124 1124 1125 1125 1126 1127 1128 1128 1129 1130 1130 1130 1130 1132 1132 1131 1132 1133 1132 1133 1133 1132 1133 1132 1132 1132 1133 1132 1132 1132 1133
1056 1056 1057 1058 1059 1059 1059 1060 1060 1061 1062 1062 1064 1066 1066 1069 1070 1073 1075 1076 1078 1080 1081 1083 1084 1086 1087 1087 1089 1091 1092 1094 1095 1095 1097 1098 1099 1100 1101 1103 1104 1106 1106 1109 1111 1111 1113 1113 1114 1115 1118 1118 1120 1121 1122 1122 1124 1124 1125 1125 1128 1128 1129 1129 1130 1129 1130 1131 1132 1132 1132 1134 1134 1134 1134 1136 1136 1136 1136 1137 1138 1137 1137 1139 1138 1138 1137 1137 1138 1137 1137 1137 1137 1137
1057 1058 1059 1059 1060 1060 1061 1061 1061 1063 1065 1067 1068 1069 1072 1073 1076 1078 1079 1082 1083 1084 1086 1087 1088 1089 1090 1093 1094 1095 1097 1098 1099 1100 1101 1102 1103 1104 1106 1108 1109 1110 1112 1113 1114 1116 1117 1118 1119 1121 1122 1123 1125 1126 1126 1127 1128 1129 1129 1131 1131 1133 1133 1134 1134 1135 1136 1136 1137 1137 1138 1138 1138 1138 1140 1140 1140 1141 1141 1142 1142 1141 1143 1143 1142 1143 1142 1143 1142 1142 1141 1142 1142 1142
1058 1060 1060 1061 1061 1061 1062 1062 1066 1067 1068 1071 1073 1075 1076 1078 1081 1082 1085 1086 1087 1089 1090 1091 1092 1093 1095 1097 1098 1100 1101 1102 1104 1104 1105 1106 1108 1108 1111 1112 1113 1114 1117 1119 1119 1121 1121 1123 1124 1125 1126 1128 1128 1130 1129 1131 1132 1133 1134 1135 1135 1136 1136 1137 1138 1140 1140 1141 1141 1142 1142 1143 1143 1144 1144 1144 1145 1145 1146 1146 1145 1147 1147 1147 1147 1147 1148 1148 1147 1146 1147 1147 1146 1146
1061 1061 1062 1062 1062 1064 1064 1068 1070 1071 1074 1075 1078 1079 1081 1084 1085 1087 1089 1090 1092 1093 1093 1095 1096 1098 1100 1101 1102 1104 1105 1106 1108 1107 1108 1110 1111 1112 1115 1116 1118 1121 1121 1122 1123 1125 1125 1127 1128 1129 1132 1132 1133 1132 1135 1135 1136 1137 1139 1139 1140 1140 1141 1141 1142 1143 1144 1144 1146 1146 1147 1147 1149 1149 1149 1148 1149 1150 1150 1150 1151 1151 1152 1151 1151 1152 1152 1152 1152 1153 1151 1152 1151 1151
1062 1062 1062 1063 1065 1067 1070 1073 1074 1077 1078 1080 1082 1084 1087 1088 1090 1092 1093 1094 1095 1096 1098 1099 1101 1103 1104 1105 1107 1108 1109 1111 1110 1111 1113 1115 1115 1118 1119 1121 1123 1124 1124 1126 1128 1128 1131 1131 1132 1133 1135 1134 1136 1137 1138 1139 1141 1141 1142 1143 1143 1145 1145 1146 1147 1148 1148 1150 1150 1150 1151 1152 1152 1152 1153 1154 1154 1154 1154 1155 1155 1155 1155 1156 1156 1156 1157 1156 1157 1157 1157 1155 1156 1156
1062 1064 1065 1068 1070 1073 1075 1077 1080 1081 1083 1085 1086 1089 1091 1092 1095 1096 1096 1098 1099 1100 1102 1104 1106 1107 1108 1110 1111 1112 1113 1113 1114 1116 1117 1118 1120 1123 1123 1126 1127 1127 1129 1130 1131 1133 1134 1135 1136 1137 1138 1139 1140 1142 1142 1143 1144 1146 1146 1147 1147 1148 1148 1150 1150 1151 1152 1153 1153 1154 1155 1156 1156 1157 1158 1159 1158 1159 1159 1159 1159 1159 1160 1160 1160 1161 1160 1161 1161 1161 1160 1162 1160 1160
1066 1068 1070 1073 1074 1078 1080 1081 1084 1085 1088 1089 1090 1094 1095 1097 1097 1099 1101 1102 1103 1105 1107 1108 1110 1111 1113 1114 1115 1115 1116 1117 1119 1119 1120 1123 1125 1126 1129 1129 1130 1131 1133 1133 1135 1137 1138 1139 1141 1141 1141 1144 1144 1145 1145 1148 1149 1149 1150 1150 1151 1152 1154 1154 1155 1155 1157 1157 1158 1159 1160 1160 1160 1161 1162 1162 1162 1164 1162 1163 1163 1165 1164 1164 1165 1164 1166 1165 1165 1165 1166 1165 1165 1164
1071 1072 1075 1077 1080 1082 1084 1086 1088 1089 1092 1093 1096 1097 1098 1100 1101 1103 1105 1106 1108 1109 1111 1113 1114 1115 1117 1116 1117 1119 1120 1122 1122 1123 1126 1126 1129 1130 1131 1132 1133 1136 1136 1138 1139 1141 1141 1144 1143 1144 1147 1147 1148 1148 1151 1151 1152 1152 1154 1154 1155 1156 1157 1157 1158 1159 1160 1161 1162 1163 1163 1163 1165 1165 1166 1165 1167 1167 1168 1166 1168 1168 1168 1168 1168 1170 1169 1169 1169 1170 1169 1170 1169 1168
1075 1078 1079 1081 1085 1086 1089 1090 1092 1094 1095 1097 1099 1100 1103 1104 1105 1107 1108 1110 1111 1112 1115 1116 1117 1118 1119 1120 1122 1123 1123 1125 1126 1127 1129 1130 1132 1133 1135 1136 1138 1139 1140 1142 1143 1144 1147 1146 1147 1148 1150 1150 1152 1153 1154 1154 1155 1157 1157 1158 1159 1160 1160 1161 1162 1163 1163 1164 1165 1166 1166 1168 1168 1169 1169 1171 1171 1171 1171 1171 1172 1171 1172 1172 1173 1173 1173 1173 1174 1174 1174 1173 1173 1313
1079 1082 1083 1086 1089 1090 1093 1093 1096 1097 1098 1101 1103 1105 1106 1108 1110 1111 1112 1114 1115 1117 1119 1119 1121 1122 1123 1124 1125 1126 1128 1128 1129 1131 1133 1133 1136 1137 1138 1141 1141 1143 1144 1146 1147 1148 1149 1149 1151 1152 1153 1154 1156 1157 1157 1158 1159 1160 1160 1162 1162 1163 1164 1166 1167 1167 1168 1169 1170 1170 1172 1171 1172 1172 1174 1174 1175 1175 1175 1175 1175 1176 1175 1177 1177 1177 1177 1177 1178 1178 1177 1178 1318 1317
1084 1086 1087 1090 1091 1094 1095 1098 1099 1101 1103 1104 1107 1109 1110 1112 1113 1114 1116 1117 1118 1119 1121 1123 1124 1125 1127 1128 1129 1130 1131 1132 1134 1135 1135 1138 1139 1141 1142 1144 1145 1147 1148 1149 1150 1151 1152 1152 1155 1156 1156 1159 1159 1160 1160 1162 1162 1163 1165 1165 1167 1167 1169 1169 1170 1170 1172 1172 1173 1173 1175 1175 1176 1175 1177 1177 1178 1178 1180 1178 1179 1179 1180 1180 1181 1180 1181 1182 1181 1182 1181 1322 1321 1321
1087 1089 1091 1093 1096 1098 1099 1102 1103 1105 1107 1108 1111 1112 1113 1116 1117 1119 1120 1120 1122 1123 1125 1127 1128 1128 1130 1131 1133 1134 1134 1136 1136 1137 1139 1141 1142 1144 1147 1147 1149 1150 1152 1151 1153 1155 1155 1158 1158 1159 1160 1162 1162 1162 1165 1165 1166 1167 1168 1169 1170 1171 1172 1173 1173 1175 1175 1176 1176 1178 1178 1179 1179 1181 1180 1181 1181 1183 1183 1182 1182 1184 1184 1184 1184 1185 1185 1185 1185 1185 1186 1326 1326 1324
1091 1093 1095 1096 1100 1101 1104 1105 1107 1109 1110 1112 1115 1116 1118 1119 1120 1121 1122 1124 1125 1126 1129 1130 1131 1133 1134 1134 1136 1137 1138 1138 1139 1141 1142 1144 1146 1148 1150 1150 1153 1153 1154 1156 1157 1158 1159 1161 1161 1162 1165 1165 1165 1167 1168 1168 1169 1170 1172 1173 1174 1175 1175 1176 1177 1178 1178 1179 1180 1181 1182 1182 1184 1184 1185 1184 1186 1186 1186 1186 1187 1187 1187 1187 1188 1189 1188 1189 1189 1189 1330 1329 1330 1329
1094 1097 1098 1101 1103 1106 1107 1109 1111 1112 1114 1116 1118 1120 1120 1121 1123 1125 1126 1128 1129 1130 1131 1133 1135 1136 1137 1139 1139 1139 1141 1141 1142 1145 1146 1147 1150 1150 1153 1154 1155 1156 1158 1159 1160 1161 1162 1164 1165 1166 1168 1167 1169 1170 1171 1172 1173 1174 1175 1177 1177 1178 1178 1180 1181 1181 1182 1183 1184 1184 1185 1186 1187 1187 1188 1188 1189 1188 1189 1190 1190 1190 1191 1191 1192 1192 1192 1192 1194 1333 1333 1333 1333 1332
1099 1101 1103 1105 1107 1109 1111 1113 1114 1116 1118 1119 1119 1122 1124 1126 1127 1128 1130 1131 1132 1134 1135 1137 1138 1139 1141 1141 1141 1143 1144 1145 1147 1148 1150 1151 1153 1153 1156 1156 1158 1159 1161 1162 1163 1165 1166 1167 1169 1168 1170 1171 1172 1174 1174 1176 1176 1177 1178 1180 1181 1181 1183 1183 1184 1184 1186 1186 1187 1187 1189 1190 1190 1191 1192 1191 1191 1192 1193 1194 1193 1194 1195 1195 1195 1196 1195 1197 1337 1336 1337 1337 1336 1336
1102 1104 1107 1108 1110 1113 1114 1116 1117 1119 1120 1121 1124 1126 1128 1129 1130 1132 1133 1134 1136 1137 1138 1140 1141 1141 1143 1144 1146 1146 1147 1149 1150 1151 1154 1154 1156 1156 1158 1159 1160 1162 1164 1165 1168 1168 1169 1171 1171 1171 1173 1175 1175 1176 1178 1179 1179 1180 1182 1183 1184 1185 1186 1186 1187 1189 1189 1190 1190 1192 1192 1193 1193 1194 1193 1194 1194 1196 1197 1196 1197 1198 1199 1198 1199 1199 1199 1340 1340 1340 1341 1340 1340 1339
1106 1108 1110 1111 1114 1115 1117 1119 1120 1122 1123 1126 1127 1128 1131 1132 1134 1135 1136 1138 1139 1140 1142 1142 1142 1145 1146 1147 1149 1149 1150 1152 1153 1154 1157 1157 1158 1160 1161 1162 1164 1165 1167 1168 1170 1171 1173 1173 1174 1175 1177 1178 1178 1180 1181 1182 1183 1184 1185 1185 1188 1188 1189 1190 1191 1192 1192 1193 1194 1195 1194 1195 1197 1196 1197 1197 1199 1199 1200 1199 1201 1201 1202 1201 1202 1203 1343 1343 1344 1344 1344 1343 1343 1343
1109 1111 1112 1115 1116 1118 1121 1122 1124 1125 1127 1129 1130 1132 1133 1135 1137 1138 1139 1141 1142 1143 1144 1145 1146 1147 1148 1151 1151 1152 1154 1155 1156 1158 1158 1160 1162 1163 1164 1166 1168 1168 1171 1171 1172 1172 1174 1175 1176 1179 1179 1181 1181 1183 1184 1185 1187 1187 1188 1188 1190 1191 1192 1194 1194 1195 1194 1196 1197 1197 1198 1198 1199 1199 1200 1201 1202 1203 1202 1204 1204 1205 1204 1205 1206 1346 1346 1347 1346 1347 1347 1346 1347 1347
1113 1114 1116 1118 1119 1122 1123 1126 1127 1129 1131 1132 1134 1135 1136 1138 1140 1141 1142 1143 1144 1146 1147 1149 1149 1150 1152 1153 1154 1156 1157 1157 1160 1161 1161 1164 1164 1166 1167 1169 1170 1171 1173 1174 1174 1177 1177 1178 1180 1181 1181 1182 1185 1185 1186 1187 1189 1189 1190 1192 1192 1193 1193 1195 1195 1196 1198 1198 1199 1199 1201 1201 1202 1203 1204 1205 1205 1205 1206 1207 1207 1207 1207 1209 1349 1349 1350 1350 1349 1350 1349 1350 1350 1351
1116 1117 1120 1121 1123 1125 1126 1129 1130 1133 1134 1135 1137 1138 1140 1141 1141 1144 1145 1146 1148 1149 1150 1151 1152 1153 1155 1156 1156 1158 1160 1159 1162 1163 1164 1167 1167 1169 1171 1172 1173 1175 1175 1176 1178 1179 1180 1181 1182 1184 1185 1186 1187 1188 1190 1190 1191 1192 1194 1195 1195 1196 1197 1198 1199 1200 1201 1201 1202 1204 1204 1205 1205 1207 1207 1207 1207 1209 1210 1210 1210 1210 1212 1352 1352 1351 1353 1352 1353 1353 1353 1354 1354 1354
1119 1121 1123 1125 1126 1128 1130 1131 1133 1136 1137 1139 1140 1140 1142 1143 1144 1146 1148 1150 1151 1152 1153 1154 1155 1157 1158 1158 1160 1160 1160 1163 1165 1166 1168 1169 1170 1172 1174 1174 1177 1176 1178 1180 1181 1182 1182 1185 1185 1186 1189 1189 1190 1190 1193 1194 1194 1196 1196 1197 1198 1200 1201 1201 1202 1203 1204 1205 1206 1207 1207 1208 1209 1209 1210 1210 1211 1212 1213 1212 1213 1214 1215 1354 1354 1356 1355 1356 1356 1356 1357 1357 1357 1357
1122 1124 1126 1128 1129 1132 1133 1134 1136 1138 1140 1141 1142 1144 1145 1146 1148 1149 1150 1152 1154 1155 1156 1157 1159 1160 1160 1161 1162 1162 1164 1166 1166 1169 1170 1172 1175 1175 1177 1177 1179 1179 1181 1183 1183 1185 1186 1187 1189 1190 1191 1192 1193 1195 1195 1196 1198 1199 1199 1200 1202 1202 1203 1203 1205 1206 1207 1208 1208 1209 1209 1210 1212 1212 1213 1213 1215 1214 1215 1216 1216 1217 1356 1357 1358 1358 1358 1359 1358 1360 1360 1360 1360 1361
1125 1126 1130 1131 1132 1135 1135 1137 1138 1139 1142 1144 1146 1147 1148 1150 1151 1152 1154 1154 1155 1157 1159 1160 1162 1161 1163 1164 1164 1166 1167 1168 1170 1172 1172 1174 1176 1177 1178 1180 1181 1183 1184 1186 1186 1188 1189 1190 1191 1193 1194 1194 1196 1198 1198 1199 1200 1201 1203 1204 1205 1205 1206 1207 1208 1209 1209 1211 1211 1212 1213 1214 1215 1215 1216 1216 1217 1217 1217 1219 1218 1359 1359 1361 1361 1361 1362 1361 1363 1363 1363 1363 1364 1363
1387 1128 1131 1133 1135 1136 1138 1140 1141 1143 1144 1145 1148 1149 1150 1152 1153 1155 1156 1157 1159 1160 1160 1161 1163 1164 1166 1166 1167 1169 1169 1171 1173 1174 1175 1177 1178 1178 1181 1181 1183 1185 1187 1188 1190 1191 1192 1193 1195 1195 1196 1198 1199 1200 1200 1203 1203 1204 1206 1206 1207 1207 1210 1211 1211 1212 1213 1214 1214 1215 1217 1216 1217 1216 1218 1219 1219 1220 1220 1221 1361 1362 1363 1363 1364 1364 1364 1365 1366 1365 1366 1366 1366 1366
1389 1391 1393 1136 1137 1139 1142 1143 1144 1146 1147 1149 1150 1151 1154 1155 1156 1158 1159 1161 1161 1162 1163 1164 1165 1167 1168 1169 1171 1171 1172 1175 1175 1177 1178 1179 1181 1182 1184 1184 1186 1188 1188 1190 1191 1192 1194 1195 1196 1198 1200 1201 1202 1203 1204 1205 1205 1206 1209 1209 1210 1211 1212 1213 1213 1215 1214 1215 1216 1217 1218 1218 1219 1220 1221 1221 1221 1223 1223 1364 1365 1365 1366 1366 1366 1366 1368 1368 1368 1368 1368 1369 1368 1369
1393 1394 1395 1398 1140 1142 1144 1145 1148 1149 1150 1152 1153 1155 1156 1157 1160 1160 1161 1162 1163 1164 1166 1167 1168 1169 1170 1172 1172 1174 1176 1177 1177 1179 1181 1182 1183 1185 1186 1188 1189 1190 1191 1193 1194 1195 1197 1198 1199 1199 1202 1203 1203 1205 1205 1207 1208 1209 1210 1210 1212 1213 1214 1215 1216 1217 1217 1218 1220 1220 1221 1220 1222 1223 1223 1224 1225 1226 1366 1366 1368 1368 1369 1368 1369 1371 1369 1370 1370 1371 1371 1371 1372 1372
1257 1259 1261 1262 1264 1404 1146 1148 1150 1151 1153 1154 1156 1158 1158 1159 1160 1161 1164 1165 1166 1168 1168 1169 1171 1172 1172 1174 1175 1176 1176 1178 1179 1182 1183 1184 1187 1187 1189 1191 1191 1193 1194 1196 1197 1197 1200 1200 1201 1203 1204 1205 1206 1208 1208 1209 1211 1211 1213 1213 1215 1216 1216 1218 1218 1219 1220 1221 1222 1222 1223 1224 1225 1226 1226 1227 1227 1368 1369 1369 1370 1370 1371 1371 1371 1372 1372 1372 1373 1374 1374 1374 1374 1375
1259 1261 1264 1265 1267 1268 1270 1013 1014 1017 1018 1018 1158 1159 1160 1162 1163 1165 1166 1167 1169 1170 1171 1173 1174 1174 1176 1177 1176 1178 1179 1180 1182 1183 1185 1186 1189 1189 1192 1193 1194 1196 1197 1198 1199 1201 1202 1203 1205 1205 1206 1208 1209 1210 1210 1212 1214 1214 1215 1216 1217 1218 1218 1220 1220 1221 1223 1223 1224 1224 1226 1227 1227 1228 1229 1230 1230 1370 1371 1371 1372 1372 1372 1374 1374 1375 1374 1376 1376 1376 1377 1376 1378 1377
1262 1264 1266 1268 1270 1271 1273 1273 1274 1018 1019 1022 1023 1024 1026 1027 1027 1029 1030 1169 1171 1172 1173 1175 1176 1178 1177 1178 1180 1180 1181 1184 1184 1186 1188 1189 1190 1191 1193 1195 1195 1199 1199 1201 1203 1203 1205 1206 1207 1208 1209 1211 1211 1212 1214 1215 1216 1216 1218 1218 1220 1221 1222 1223 1223 1224 1226 1226 1227 1227 1229 1230 1230 1230 1230 1231 1371 1372 1374 1373 1374 1374 1376 1376 1376 1377 1378 1378 1379 1379 1379 1380 1379 1380
1265 1267 1267 1269 1271 1274 1275 1276 1278 1279 1021 1023 1024 1027 1028 1029 1031 1032 1033 1035 1035 1036 1038 1039 1038 1040 1042 1181 1182 1183 1183 1186 1187 1188 1191 1191 1193 1194 1196 1197 1199 1200 1200 1203 1204 1205 1206 1207 1209 1210 1212 1213 1214 1215 1216 1217 1218 1220 1221 1221 1222 1224 1224 1225 1225 1226 1227 1227 1228 1229 1230 1231 1231 1233 1233 1374 1374 1375 1376 1376 1377 1377 1378 1379 1379 1379 1380 1381 1381 1380 1381 1381 1382 1382
1267 1268 1271 1272 1273 1275 1277 1279 1281 1282 1284 1285 1027 1029 1030 1031 1033 1034 1036 1037 1038 1039 1039 1040 1042 1043 1043 1045 1046 1047 1049 1050 1051 1054 1055 1056 1196 1197 1198 1201 1201 1202 1203 1205 1207 1207 1209 1210 1211 1213 1213 1215 1215 1217 1217 1218 1221 1221 1222 1222 1224 1225 1225 1226 1227 1228 1229 1229 1231 1231 1232 1233 1234 1235 1375 1376 1377 1377 1378 1378 1380 1380 1380 1381 1381 1383 1381 1382 1383 1383 1384 1383 1384 1385
1270 1271 1273 1274 1277 1278 1279 1281 1283 1285 1286 1287 1289 1031 1032 1034 1035 1036 1037 1038 1040 1041 1042 1043 1044 1045 1047 1047 1048 1050 1050 1052 1053 1055 1057 1059 1060 1061 1062 1065 1065 1067 1068 1069 1071 1210 1212 1212 1213 1214 1216 1217 1218 1219 1220 1221 1223 1223 1224 1225 1226 1228 1228 1230 1230 1231 1232 1233 1234 1234 1235 1237 1236 1377 1377 1379 1379 1380 1381 1381 1382 1381 1382 1382 1383 1384 1384 1384 1386 1385 1386 1386 1386 1387
1271 1274 1276 1277 1279 1280 1282 1283 1284 1286 1288 1289 1291 1292 1294 1035 1036 1038 1039 1040 1041 1043 1044 1046 1046 1047 1049 1050 1050 1052 1052 1054 1056 1057 1059 1060 1062 1062 1065 1067 1068 1070 1070 1072 1073 1074 1076 1076 1078 1079 1080 1082 1082 1084 1084 1086 1225 1225 1226 1228 1229 1230 1231 1232 1232 1233 1235 1235 1236 1236 1238 1238 1379 1380 1380 1381 1380 1381 1382 1383 1383 1383 1384 1386 1385 1386 1386 1387 1387 1388 1388 1388 1390 1389
1274 1276 1277 1280 1281 1282 1285 1286 1288 1289 1290 1292 1293 1294 1296 1297 1039 1040 1041 1043 1044 1045 1046 1047 1048 1050 1051 1052 1053 1054 1055 1057 1058 1059 1062 1062 1064 1065 1067 1068 1070 1071 1072 1073 1074 1076 1077 1078 1081 1081 1082 1084 1085 1086 1087 1088 1089 1089 1092 1092 1093 1094 1095 1096 1096 1098 1098 1098 1099 1238 1239 1239 1380 1382 1382 1382 1382 1383 1385 1385 1386 1385 1387 1387 1388 1388 1389 1390 1389 1390 1389 1390 1391 1390
1277 1278 1280 1282 1283 1286 1287 1288 1289 1290 1292 1293 1294 1296 1297 1299 1301 1302 1043 1045 1046 1048 1049 1049 1051 1052 1052 1054 1055 1056 1058 1059 1060 1063 1064 1065 1066 1068 1069 1069 1072 1073 1074 1076 1076 1078 1080 1080 1082 1082 1084 1086 1086 1088 1088 1089 1089 1092 1093 1093 1094 1095 1096 1097 1097 1099 1099 1100 1101 1102 1103 1243 1244 1245 1246 1247 1246 1248 1248 1249 1250 1251 1251 1251 1252 1251 1390 1391 1390 1391 1392 1392 1392 1392
