testData/tiles/oneDegree/grid9.0-38.0-10.0-39.0.asc
ncols   200
nrows   200
xllcorner   9.0
yllcorner   38.0
cellsize   0.005
NODATA_value   -9999.0
[rows 126 to 167 of 200, columns 94 to 187 of 200]
178 178 178 178 178 178 178 178 178 178 178 178 178 178 178 178 178 178 178 178 178 178 178 178 178 178 178 178 178 178 178 178 178 178 178 178 178 178 178 178 178 178 178 178 178 178 178 178 178 178 178 178 178 178 178 178 178 178 178 178 178 178 178 178 178 178 178 178 178 178 178 178 178 178 178 178 178 178 178 178 178 178 178 178 178 178 178 178 178 178 178 178 178 178
178 178 178 178 178 178 178 178 178 178 178 178 178 178 178 178 178 178 178 178 178 178 178 178 178 178 178 178 178 178 178 178 178 178 178 178 178 178 178 178 178 178 178 178 178 178 178 178 178 178 178 178 178 178 178 178 178 178 178 178 178 178 178 178 178 178 178 178 178 178 178 178 178 178 178 178 178 178 178 178 178 178 178 178 178 178 396 396 396 396 396 396 396 396
178 178 178 178 178 178 178 178 178 178 178 178 178 178 178 178 178 178 178 178 178 178 178 178 178 178 178 178 178 178 178 178 178 178 178 178 178 178 178 178 178 178 178 178 178 178 178 178 178 178 178 178 178 178 178 178 178 178 178 178 178 178 178 178 178 178 178 178 178 178 178 178 178 178 178 178 178 178 396 396 396 396 396 396 396 396 396 396 396 396 396 396 396 396
178 178 178 178 178 178 178 178 178 178 178 178 178 178 178 178 178 178 178 178 178 178 178 178 178 178 178 178 178 178 178 178 178 178 178 178 178 178 178 178 178 178 178 178 178 178 178 178 178 178 178 178 178 178 178 178 178 178 178 178 178 178 178 178 178 178 178 178 178 178 178 178 396 396 396 396 396 396 396 396 396 396 396 396 396 396 396 396 396 396 396 396 396 396
178 178 178 178 178 178 178 178 178 178 178 178 178 178 178 178 178 178 178 178 178 178 178 178 178 178 178 178 178 178 178 178 178 178 178 178 178 178 178 178 178 178 178 178 178 178 178 178 178 178 178 178 178 178 178 178 178 178 178 178 178 178 178 178 178 178 396 396 396 396 396 396 396 396 396 396 396 396 396 396 396 396 396 396 396 396 396 396 396 396 396 396 396 396
178 178 178 178 178 178 178 178 178 178 178 178 178 178 178 178 178 178 178 178 178 178 178 178 178 178 178 178 178 178 178 178 178 178 178 178 178 178 178 178 178 178 178 178 178 178 178 178 178 178 178 178 178 178 178 178 178 178 178 178 396 396 396 396 396 396 396 396 396 396 396 396 396 396 396 396 396 396 396 396 396 396 396 396 396 396 396 396 396 396 396 396 396 396
178 178 178 178 178 178 178 178 178 178 178 178 178 178 178 178 178 178 178 178 178 178 178 178 178 178 178 178 178 178 178 178 178 178 178 178 178 178 178 178 178 178 178 178 178 178 178 178 178 178 178 178 178 178 178 396 396 396 396 396 396 396 396 396 396 396 396 396 396 396 396 396 396 396 396 396 396 396 396 396 396 396 396 396 396 396 396 396 396 396 396 396 396 396
178 178 178 178 178 178 178 178 178 178 178 178 178 178 178 178 178 178 178 178 178 178 178 178 178 178 178 178 178 178 178 178 178 178 178 178 178 178 178 178 178 178 178 178 178 178 178 178 178 178 396 396 396 396 396 396 396 396 396 396 396 396 396 396 396 396 396 396 396 396 396 396 396 396 396 396 396 396 396 396 396 396 396 396 396 396 396 396 396 396 396 396 396 396
178 178 178 178 178 178 178 178 178 178 178 178 178 178 178 178 178 178 178 178 178 178 178 178 178 178 178 178 178 178 178 178 178 178 178 178 178 178 178 178 178 178 178 178 178 396 396 396 396 396 396 396 396 396 396 396 396 396 396 396 396 396 396 396 396 396 396 396 396 396 396 396 396 396 396 396 396 396 396 396 396 396 396 396 396 396 396 396 396 396 482 396 396 396
178 178 178 178 178 178 178 178 178 178 178 178 178 178 178 178 178 178 178 178 178 178 178 178 178 178 178 178 178 178 178 178 178 178 178 178 178 178 178 178 178 396 396 396 396 396 396 396 396 396 396 396 396 396 396 396 396 396 396 396 396 396 396 396 396 482 482 482 482 482 482 482 482 482 482 482 482 482 482 482 482 482 482 482 482 482 482 482 482 482 482 482 482 483
178 178 178 178 178 178 178 178 178 178 178 178 178 178 178 178 178 178 178 178 178 178 178 178 178 178 178 178 178 178 178 178 178 178 178 178 178 396 396 396 396 396 396 396 396 396 396 396 396 396 396 396 396 396 482 482 482 482 482 482 482 482 482 482 482 482 482 482 482 482 482 482 482 482 482 482 482 482 482 482 482 482 482 482 482 482 482 482 482 482 483 483 483 483
178 178 178 178 178 178 178 178 178 178 178 178 178 178 178 178 178 178 178 178 178 178 178 178 178 178 178 178 178 178 178 178 178 396 396 396 396 396 396 396 396 396 396 396 396 396 482 482 482 482 482 482 482 482 482 482 482 482 482 482 482 482 482 482 482 482 482 482 482 482 482 482 482 482 482 482 482 482 482 482 482 482 482 482 482 482 482 483 483 483 483 483 575 575
178 178 178 178 178 178 178 178 178 178 178 178 178 178 178 178 178 178 178 178 178 178 178 178 178 178 178 178 178 396 396 396 396 396 396 396 396 396 396 482 482 482 482 482 482 482 482 482 482 482 482 482 482 482 482 482 482 482 482 482 482 482 482 482 482 482 482 482 482 482 482 482 482 482 482 482 482 482 482 482 482 482 482 482 483 483 483 483 574 575 575 575 575 575
178 178 178 178 178 178 178 178 178 178 178 178 178 178 178 178 178 178 178 178 178 178 178 178 178 396 396 396 396 396 396 396 396 482 482 482 482 482 482 482 482 482 482 482 482 482 482 482 482 482 482 482 482 482 482 482 482 482 482 482 482 482 482 482 482 482 482 482 482 482 482 482 482 482 482 482 482 482 482 482 482 483 483 483 483 575 575 575 575 575 575 576 576 576
268 178 178 178 178 178 178 178 178 178 178 178 178 178 178 178 178 178 178 178 178 396 396 396 396 396 396 396 482 482 482 482 482 482 482 482 482 482 482 482 482 482 482 482 482 482 482 482 482 482 482 482 482 482 482 482 482 482 482 482 482 482 482 482 482 482 482 482 482 482 482 482 482 482 482 482 482 482 483 483 483 483 574 575 575 575 575 576 576 576 576 576 576 577
268 268 268 268 268 178 178 178 178 178 178 178 178 178 178 178 178 396 396 396 396 396 396 482 482 482 482 482 482 482 482 482 482 482 482 482 482 482 482 482 482 482 482 482 482 482 482 482 482 482 482 482 482 482 482 482 482 482 482 482 482 482 482 482 482 482 482 482 482 482 482 482 482 482 482 483 483 483 483 483 575 575 575 575 576 576 576 576 576 577 577 577 577 577
268 268 268 268 268 268 268 268 268 178 178 178 178 178 396 396 396 396 482 482 482 482 482 482 482 482 482 482 482 482 482 482 482 482 482 482 482 482 482 482 482 482 482 482 482 482 482 482 482 482 482 482 482 482 482 482 482 482 482 482 482 482 482 482 482 482 482 482 482 482 482 482 482 483 483 483 483 575 575 575 575 576 576 576 576 576 577 577 577 577 577 578 578 578
268 268 268 268 268 268 268 268 268 268 268 486 396 396 482 482 482 482 482 482 482 482 482 482 482 482 482 482 482 482 482 482 482 482 482 482 482 482 482 482 482 482 482 482 482 482 482 482 482 482 482 482 482 482 482 482 482 482 482 482 482 482 482 482 482 482 482 482 482 482 483 483 483 483 484 484 575 575 575 576 576 576 576 577 577 577 577 577 578 578 578 578 578 579
268 268 268 268 268 268 268 486 486 486 572 572 572 572 572 572 482 482 482 482 482 482 482 482 482 482 482 482 482 482 482 482 482 482 482 482 482 482 482 482 482 482 482 482 482 482 482 482 482 482 482 482 482 482 482 482 482 482 482 482 482 482 482 482 482 482 482 482 483 483 483 483 484 484 575 575 576 576 576 576 577 577 577 577 577 578 578 578 578 578 579 579 579 579
268 268 268 268 486 486 572 572 572 572 572 572 572 572 572 572 572 572 572 482 482 482 482 482 482 482 482 482 482 482 482 482 482 482 482 482 482 482 482 482 482 482 482 482 482 482 482 482 482 482 482 482 482 482 482 482 482 482 482 482 482 482 482 482 482 482 483 483 483 484 484 484 484 576 576 576 576 576 577 577 577 577 578 578 578 578 578 579 579 579 579 579 580 580
268 486 572 572 572 572 572 572 572 572 572 572 572 572 572 572 572 572 572 572 572 572 482 482 482 482 482 482 482 482 482 482 482 482 482 482 482 482 482 482 482 482 482 482 482 482 482 482 482 482 482 482 482 482 482 482 482 482 482 482 482 482 482 483 483 483 483 484 484 484 484 485 576 576 576 577 577 577 577 578 578 578 578 578 579 579 579 579 579 580 580 580 580 580
572 572 572 572 572 572 572 572 572 572 572 572 572 572 572 572 572 572 572 572 572 572 572 572 572 482 482 482 482 482 482 482 482 482 482 482 482 482 482 482 482 482 482 482 482 482 482 482 482 482 482 482 482 482 482 482 482 482 482 482 482 483 483 483 483 484 484 484 484 485 485 485 576 577 577 577 577 578 578 578 578 579 579 579 579 579 580 580 580 580 580 581 581 581
572 572 572 572 572 572 572 572 572 572 572 572 572 572 572 572 572 572 572 572 572 572 572 572 572 572 572 572 482 482 482 482 482 482 482 482 482 482 482 482 482 482 482 482 482 482 482 482 482 482 482 482 482 482 482 482 482 482 482 483 483 483 483 484 484 484 485 485 485 485 486 577 577 577 578 578 578 578 579 579 579 579 579 580 580 580 580 580 581 581 581 581 581 582
572 572 572 572 572 572 572 572 572 572 572 572 572 572 572 572 572 572 572 572 572 572 572 572 572 572 572 572 572 572 572 482 482 482 482 482 482 482 482 482 482 482 482 482 482 482 482 482 482 482 482 482 482 482 482 482 482 483 483 483 483 484 484 484 485 485 485 485 486 486 486 486 578 578 578 578 579 579 579 579 580 580 580 580 580 581 581 581 581 582 582 582 582 582
639 572 572 572 572 572 572 572 572 572 572 572 572 572 572 572 572 572 572 572 572 572 572 572 572 572 572 572 572 572 572 572 572 572 482 482 482 482 482 482 482 482 482 482 482 482 482 482 482 482 482 482 482 482 482 483 483 483 483 484 484 484 485 485 485 485 486 486 486 487 487 487 578 579 579 579 579 579 580 580 580 580 581 581 581 581 582 582 582 582 582 583 583 583
639 639 572 572 572 572 572 572 572 572 572 572 572 572 572 572 572 572 572 572 572 572 572 572 572 572 572 572 572 572 572 572 572 572 572 572 572 482 482 482 482 482 482 482 482 482 482 482 482 482 482 482 482 483 483 483 483 484 484 484 485 485 485 485 486 486 486 487 487 487 487 488 488 579 579 580 580 580 580 581 581 581 581 581 582 582 582 582 583 583 583 583 583 584
639 639 639 572 572 572 572 572 572 572 572 572 572 572 572 572 572 572 572 572 572 572 572 572 572 572 572 572 572 572 572 572 572 572 572 572 572 572 572 482 482 482 482 482 482 482 482 482 482 482 482 483 483 483 483 484 484 484 485 485 485 486 486 486 486 487 487 487 487 488 488 488 488 489 580 580 580 581 581 581 581 582 582 582 582 583 583 583 583 583 584 584 584 584
639 639 639 639 572 572 572 572 572 572 572 572 572 572 572 572 572 572 572 572 572 572 572 572 572 572 572 572 572 572 572 572 572 572 572 572 572 572 572 572 572 572 482 482 482 482 482 482 482 482 483 483 483 484 484 484 485 485 485 486 486 486 486 487 487 487 487 488 488 488 489 489 489 489 490 490 581 581 582 582 582 582 582 583 583 583 583 584 584 584 584 584 585 585
639 639 639 639 639 572 572 572 572 572 572 572 572 572 572 572 572 572 572 572 572 572 572 572 572 572 572 572 572 572 572 572 572 572 572 572 572 572 572 572 572 572 572 572 482 482 482 482 483 483 483 484 484 484 485 485 485 486 486 486 486 487 487 487 488 488 488 488 489 489 489 489 490 490 490 490 491 582 582 582 583 583 583 583 584 584 584 584 584 585 585 585 585 585
639 639 639 639 639 639 572 572 572 572 572 572 572 572 572 572 572 572 572 572 572 572 572 572 572 572 572 572 572 572 572 572 572 572 572 572 572 572 572 572 572 572 572 572 572 572 573 483 483 484 484 484 485 485 485 485 486 486 486 487 487 487 488 488 488 488 489 489 489 489 490 490 490 491 491 491 491 492 492 492 583 583 584 584 584 584 585 585 585 585 585 586 586 586
639 639 639 639 639 639 639 572 572 572 572 572 572 572 572 572 572 572 572 572 572 572 572 572 572 572 572 572 572 572 572 572 572 572 572 572 572 572 572 572 572 572 572 572 573 573 573 574 574 484 485 485 485 485 486 486 486 487 487 487 488 488 488 488 489 489 489 490 490 490 490 491 491 491 491 492 492 492 492 493 493 493 584 585 585 585 585 585 586 586 586 586 586 587
639 639 639 639 639 639 639 639 572 572 572 572 572 572 572 572 572 572 572 572 572 572 572 572 572 572 572 572 572 572 572 572 572 572 572 572 572 572 572 572 572 572 572 573 573 573 574 574 574 575 575 575 486 486 486 487 487 487 488 488 488 488 489 489 489 490 490 490 490 491 491 491 491 492 492 492 492 493 493 493 493 494 494 494 494 586 586 586 586 586 587 587 587 587
639 639 639 639 639 639 639 639 639 639 572 572 572 572 572 572 572 572 572 572 572 572 572 572 572 572 572 572 572 572 572 572 572 572 572 572 572 572 572 572 572 573 573 573 574 574 574 575 575 575 576 576 576 577 487 487 488 488 488 488 489 489 489 490 490 490 490 491 491 491 492 492 492 492 493 493 493 493 494 494 494 494 495 495 495 495 495 496 587 587 587 588 588 588
639 639 639 639 639 639 639 639 639 639 639 572 572 572 572 572 572 572 572 572 572 572 572 572 572 572 572 572 572 572 572 572 572 572 572 572 572 572 572 573 573 573 574 574 574 575 575 575 576 576 576 577 577 577 577 578 488 488 489 489 489 490 490 490 490 491 491 491 492 492 492 492 493 493 493 493 494 494 494 494 495 495 495 495 496 496 496 496 497 497 497 497 588 589
639 639 639 639 639 639 639 639 639 639 639 639 572 572 572 572 572 572 572 572 572 572 572 572 572 572 572 572 572 572 572 572 572 572 572 572 572 572 573 573 573 574 574 574 575 575 575 576 576 576 577 577 577 578 578 578 579 579 489 490 490 490 490 491 491 491 492 492 492 492 493 493 493 494 494 494 494 495 495 495 495 496 496 496 496 496 497 497 497 497 498 498 498 498
639 639 639 639 639 639 639 639 639 639 639 639 639 572 572 572 572 572 572 572 572 572 572 572 572 572 572 572 572 572 572 572 572 572 572 572 573 573 573 574 574 574 575 575 575 576 576 576 577 577 577 578 578 578 579 579 579 580 580 580 490 491 491 491 492 492 492 493 493 493 493 494 494 494 494 495 495 495 495 496 496 496 496 497 497 497 497 498 498 498 498 498 499 499
639 639 639 639 639 639 639 639 639 639 639 639 639 639 572 572 572 572 572 572 572 572 572 572 572 572 572 572 572 572 572 572 572 572 572 573 573 573 574 574 575 575 575 576 576 576 577 577 577 578 578 578 579 579 579 580 580 580 580 581 581 581 582 492 492 493 493 493 493 494 494 494 494 495 495 495 496 496 496 496 497 497 497 497 497 498 498 498 498 499 499 499 499 499
639 639 639 639 639 639 639 639 639 639 639 639 639 639 639 572 572 572 572 572 572 572 572 572 572 572 572 572 572 572 572 572 572 573 573 573 574 574 574 575 575 575 576 576 576 577 577 578 578 578 578 579 579 579 580 580 580 581 581 581 582 582 582 583 583 493 493 494 494 494 495 495 495 495 496 496 496 496 497 497 497 497 498 498 498 498 499 499 499 499 499 500 500 500
639 639 639 639 639 639 639 639 639 639 639 639 639 639 639 639 572 572 572 572 572 572 572 572 572 572 572 572 572 572 572 572 573 573 573 574 574 575 575 575 576 576 576 577 577 577 578 578 578 579 579 579 580 580 580 581 581 581 582 582 582 583 583 583 583 584 584 494 495 495 495 495 496 496 496 496 497 497 497 497 498 498 498 498 499 499 499 499 500 500 500 500 500 501
639 639 639 639 639 639 639 639 639 639 639 639 639 639 639 639 639 572 572 572 572 572 572 572 572 572 572 572 572 572 573 573 573 574 574 574 575 575 575 576 576 577 577 577 578 578 578 579 579 579 580 580 580 581 581 581 582 582 582 582 583 583 583 584 584 584 585 585 585 495 496 496 496 497 497 497 497 498 498 498 498 499 499 499 499 500 500 500 500 500 501 501 501 501
639 639 639 639 639 639 639 639 639 639 639 639 639 639 639 639 639 639 572 572 572 572 572 572 572 572 572 572 572 573 573 573 574 574 575 575 575 576 576 576 577 577 577 578 578 578 579 579 580 580 580 581 581 581 581 582 582 582 583 583 583 584 584 584 585 585 585 585 586 586 586 497 497 497 497 498 498 498 498 499 499 499 499 500 500 500 500 501 501 501 501 501 502 502
639 639 639 639 639 639 639 639 639 639 639 639 639 639 639 639 639 639 639 572 572 572 572 572 572 572 572 572 573 573 574 574 574 575 575 575 576 576 577 577 577 578 578 578 579 579 579 580 580 580 581 581 581 582 582 582 583 583 583 584 584 584 585 585 585 585 586 586 586 587 587 587 497 498 498 498 499 499 499 499 500 500 500 500 500 501 501 501 501 502 502 502 502 503
