testData/tiles/oneDegree/grid30.0-41.0-31.0-42.0.asc
ncols   200
nrows   200
xllcorner   30.0
yllcorner   41.0
cellsize   0.005
NODATA_value   -9999.0
[rows 84 to 125 of 200, columns 0 to 93 of 200]
140 140 140 140 140 140 140 140 139 138 138 138 138 138 137 137 137 137 137 136 136 136 135 135 134 134 134 134 134 133 133 133 133 132 132 131 131 130 130 130 130 130 129 129 129 129 128 128 127 127 126 126 126 126 125 125 125 125 124 124 123 123 122 122 122 122 121 121 121 121 120 120 119 119 118 118 118 118 117 117 117 117 116 115 115 115 114 114 114 114 113 113 113 113
140 141 141 141 141 140 140 140 140 139 138 138 138 138 138 137 137 137 137 137 136 136 136 136 135 134 134 134 134 133 133 133 133 133 132 132 132 131 130 130 130 130 129 129 129 129 128 128 128 128 127 126 126 126 126 125 125 125 125 124 124 124 123 122 122 122 122 121 121 121 121 120 120 119 119 118 118 118 118 117 117 117 117 116 116 115 115 114 114 114 113 113 113 113
142 141 141 141 141 141 140 140 140 140 140 138 138 138 138 138 137 137 137 137 137 136 136 136 136 135 134 134 134 134 133 133 133 133 132 132 132 132 132 130 130 130 130 129 129 129 129 128 128 128 128 126 126 126 126 125 125 125 125 124 124 124 124 122 122 122 122 121 121 121 121 120 120 120 120 118 118 118 118 117 117 117 117 116 116 116 115 114 114 114 114 113 113 113
142 142 141 141 141 141 141 140 140 140 140 140 139 138 138 138 138 137 137 137 137 137 136 136 136 136 135 134 134 134 134 133 133 133 133 132 132 132 132 131 130 130 130 129 129 129 129 129 128 128 128 128 127 126 126 126 125 125 125 125 124 124 124 124 122 122 122 122 121 121 121 121 120 120 120 120 118 118 118 118 117 117 117 116 116 116 116 114 114 114 114 113 113 113
142 142 142 141 141 141 141 141 140 140 140 140 140 139 139 138 138 138 137 137 137 137 136 136 136 136 136 135 135 134 134 133 133 133 133 133 132 132 132 132 131 131 130 130 129 129 129 129 128 128 128 128 127 127 126 126 125 125 125 125 124 124 124 124 123 123 122 122 121 121 121 121 120 120 120 120 119 118 118 118 117 117 117 117 116 116 116 116 114 114 114 113 113 113
143 143 142 142 141 141 141 141 141 140 140 140 140 140 139 139 139 138 138 137 137 137 137 136 136 136 136 136 135 135 134 134 133 133 133 133 132 132 132 132 131 131 131 130 129 129 129 129 129 128 128 128 128 127 128 127 127 126 126 126 126 125 125 125 125 124 124 123 123 122 122 122 121 121 121 121 120 120 120 119 118 118 118 117 116 116 116 116 115 115 114 114 113 113
143 143 143 143 142 141 141 141 141 141 140 140 140 140 140 139 139 139 138 137 137 137 137 137 136 136 136 136 135 135 135 135 134 133 133 133 133 132 132 132 132 131 131 131 132 130 130 130 130 129 129 129 129 128 128 128 128 126 126 126 126 125 125 125 125 124 124 124 124 122 122 122 122 121 121 121 121 120 120 120 119 118 118 118 117 117 117 117 116 116 116 115 114 113
144 143 143 143 143 143 141 141 141 141 141 140 140 140 140 140 139 139 139 139 137 137 137 137 137 136 136 136 136 135 135 135 135 133 133 133 134 133 133 133 133 132 132 132 132 131 130 130 130 130 129 129 129 129 128 128 128 128 126 126 126 125 125 125 125 124 124 124 124 123 122 122 122 121 121 121 121 120 120 120 120 118 118 118 118 117 117 117 117 116 116 116 114 114
144 144 143 143 143 143 143 142 141 141 141 141 140 140 140 140 139 139 139 139 139 138 137 137 137 136 136 136 136 135 136 136 136 136 135 134 134 134 133 133 133 133 132 132 132 132 131 131 130 130 129 129 129 129 128 128 128 128 127 127 126 126 125 125 125 125 124 124 124 124 123 122 122 122 121 121 121 120 120 120 120 119 118 118 118 117 117 117 117 116 116 116 116 114
144 144 144 143 143 143 143 143 142 142 141 141 141 140 140 140 140 139 139 139 139 138 138 138 137 138 137 137 137 137 136 136 136 136 135 135 135 134 133 133 133 133 132 132 132 132 131 131 131 130 129 129 129 129 128 128 128 128 127 127 127 126 125 125 125 125 124 124 124 124 123 123 122 122 121 121 121 121 120 120 120 120 119 119 118 117 117 117 117 116 116 116 116 115
144 144 144 144 143 143 143 143 143 142 142 141 141 140 140 140 140 140 139 139 139 140 139 139 139 138 137 137 137 137 137 136 136 136 136 135 135 135 134 133 133 133 133 132 132 132 132 131 131 131 130 129 129 129 129 128 128 128 128 127 127 127 126 125 125 125 125 124 124 124 123 123 123 123 121 121 121 121 120 120 120 120 119 119 119 118 117 117 117 117 116 116 116 115
144 144 144 144 144 143 143 143 143 142 142 142 142 141 140 140 140 141 140 140 140 140 140 139 139 139 139 137 137 137 137 136 136 136 136 135 135 135 135 134 133 133 133 132 132 132 132 131 131 131 131 130 129 129 129 128 128 128 128 127 127 127 127 126 125 125 125 124 124 124 124 123 123 123 123 121 121 121 120 120 120 120 119 119 119 119 117 117 117 117 116 116 116 116
146 144 144 144 144 144 143 143 143 143 142 142 142 143 143 141 141 141 141 140 140 140 140 139 139 139 139 139 137 137 137 137 136 136 136 136 135 135 135 135 134 133 133 133 132 132 132 132 131 131 131 131 130 129 129 129 128 128 128 127 127 127 127 126 126 125 125 124 124 124 124 123 123 123 123 122 121 121 121 120 120 120 120 119 119 119 118 117 117 117 116 116 116 116
146 146 145 144 144 144 143 143 143 144 144 143 143 143 143 142 142 141 141 141 140 140 140 140 139 139 139 139 138 138 137 137 136 136 136 136 135 135 135 135 134 134 134 133 132 132 132 132 131 131 131 131 130 130 130 129 128 128 128 128 127 127 127 127 126 126 125 125 124 124 124 123 123 123 123 122 122 121 121 120 120 120 120 119 119 119 119 118 117 117 116 116 116 116
146 146 145 145 144 144 145 144 144 144 144 144 143 143 143 143 142 142 141 141 140 140 140 140 139 139 139 139 139 138 138 138 137 136 136 136 136 135 135 135 135 134 134 134 133 132 132 132 132 131 131 131 130 130 130 130 128 128 128 128 127 127 127 127 126 126 126 126 124 124 124 124 123 123 123 123 122 122 122 120 120 120 120 119 119 119 119 118 118 118 117 116 116 116
146 146 146 146 146 146 145 145 144 144 144 144 143 143 143 143 143 142 142 142 141 140 140 140 140 139 139 139 139 138 138 138 138 136 136 136 136 135 135 135 135 134 134 134 134 133 132 132 132 131 131 131 131 130 130 130 130 128 128 128 128 127 127 127 126 126 126 126 125 124 124 124 123 123 123 123 122 122 122 122 120 120 120 119 119 119 119 118 118 118 118 116 116 116
147 147 147 147 146 146 146 146 145 144 144 144 144 143 143 143 143 142 142 142 142 141 140 140 140 140 139 139 139 139 138 138 138 138 137 136 136 136 135 135 135 134 134 134 134 133 133 132 132 131 131 131 131 130 130 130 130 129 129 128 128 127 127 127 127 126 126 126 125 125 124 124 123 123 123 123 122 122 122 122 121 120 120 120 119 119 119 118 118 118 118 117 116 116
147 147 147 147 147 146 146 146 146 145 144 144 144 144 143 143 143 143 142 142 142 142 141 140 140 140 139 139 139 139 138 138 138 138 137 137 136 136 135 135 135 135 134 134 134 134 133 133 132 132 131 131 131 131 130 130 130 129 129 129 128 127 127 127 127 126 126 126 126 125 125 124 124 123 123 123 122 122 122 122 121 121 120 120 119 119 119 119 118 118 118 117 117 116
148 147 147 147 147 147 146 146 146 146 145 145 144 144 143 143 143 143 142 142 142 142 141 141 141 140 139 139 139 139 138 138 138 138 137 137 137 137 135 135 135 135 134 134 134 134 133 133 133 133 131 131 131 131 130 130 130 130 129 129 129 127 127 127 127 126 126 126 126 125 125 125 125 123 123 123 123 122 122 122 121 121 121 121 119 119 119 119 118 118 118 118 117 117
148 148 147 147 147 147 146 146 146 146 146 145 145 144 144 143 143 143 143 142 142 142 142 141 141 141 141 139 139 139 139 138 138 138 138 137 137 137 137 135 135 135 135 134 134 134 133 133 133 133 132 131 131 131 130 131 131 131 130 130 130 130 129 128 128 128 127 127 127 126 126 126 126 125 124 124 124 123 123 123 123 122 121 121 120 119 119 119 118 118 118 118 117 117
149 148 148 147 147 147 147 146 146 146 146 145 145 145 145 143 143 143 143 142 142 142 142 141 141 141 141 140 139 139 139 138 138 138 138 137 137 137 137 136 136 135 135 134 134 135 135 134 134 134 134 133 133 132 131 131 131 131 130 130 130 130 129 129 128 128 127 127 127 127 126 126 126 125 125 124 124 123 123 123 123 122 122 122 122 121 120 120 119 119 119 119 117 117
149 149 149 147 147 147 147 146 146 146 146 146 145 145 145 145 144 143 143 143 142 142 142 142 141 141 141 141 140 140 139 139 138 138 138 138 137 137 138 137 137 137 136 135 135 135 135 134 134 134 134 133 133 133 132 131 131 131 131 130 130 130 129 129 129 128 127 127 127 127 126 126 126 126 125 125 124 123 123 123 123 122 122 122 122 121 121 120 120 119 119 119 118 118
149 149 149 149 148 147 147 147 146 146 146 146 145 145 145 145 144 144 143 143 142 142 142 142 141 141 141 141 140 140 140 139 139 139 139 139 138 138 138 138 137 137 137 136 135 135 135 134 134 134 134 133 133 133 133 131 131 131 131 130 130 130 130 129 129 129 128 127 127 127 126 126 126 126 125 125 125 125 123 123 123 122 122 122 122 121 121 121 120 119 119 119 118 118
149 149 149 149 148 148 147 147 147 146 146 146 146 145 145 145 145 144 144 144 143 142 142 142 142 141 141 142 142 141 141 141 140 139 139 139 138 138 138 138 137 137 137 137 136 135 135 135 134 134 134 134 133 133 133 132 132 131 131 130 130 130 130 129 129 129 129 128 127 127 126 126 126 126 125 125 125 125 124 123 123 123 122 122 122 121 121 121 121 119 119 119 119 118
150 149 149 149 149 148 148 148 147 146 146 146 146 145 145 145 145 144 144 144 144 142 142 143 143 142 142 142 142 141 141 141 141 140 139 139 139 138 138 138 137 137 137 137 136 136 135 135 134 134 134 134 133 133 133 133 132 132 131 130 130 130 130 129 129 129 129 128 128 127 127 126 126 126 125 125 125 125 124 124 123 123 122 122 122 121 121 121 121 120 119 119 119 118
150 149 149 149 149 149 148 148 148 148 146 146 146 146 145 145 145 145 144 145 145 145 144 143 143 142 142 142 142 141 141 141 141 140 140 140 139 138 138 138 138 137 137 137 136 136 136 136 134 134 134 134 133 133 133 133 132 132 132 131 130 130 130 129 129 129 129 128 128 128 127 126 126 126 125 125 125 125 124 124 124 123 122 122 122 122 121 121 121 120 120 120 119 118
150 150 149 149 149 149 148 148 148 148 147 146 146 146 145 146 146 146 145 145 145 145 144 144 144 143 142 142 142 142 141 141 141 140 140 140 140 138 138 138 138 137 137 137 137 136 136 136 136 134 134 134 133 133 133 133 132 132 132 132 130 130 130 129 129 129 129 128 128 128 128 126 126 126 126 125 125 125 124 124 124 124 122 122 122 122 121 121 121 120 120 120 120 118
150 150 149 149 149 149 149 148 148 148 148 147 148 147 146 146 146 146 145 145 145 145 144 144 144 144 142 142 142 142 141 141 141 141 140 140 140 139 138 138 138 137 137 137 137 136 136 136 136 135 134 134 134 133 133 133 132 132 132 132 131 131 130 130 129 129 129 128 128 128 128 127 127 126 126 125 125 125 125 124 124 124 123 122 122 122 121 121 121 121 120 120 120 119
151 150 150 149 149 149 149 148 149 149 149 148 148 148 148 146 146 146 146 145 145 145 145 144 144 144 143 143 142 142 141 141 141 141 140 140 140 140 139 139 138 137 137 137 137 136 136 136 136 135 135 135 134 133 133 133 132 132 132 132 131 131 131 130 129 129 129 129 128 128 128 127 127 127 126 125 125 125 125 124 124 124 123 123 123 122 121 121 121 121 120 120 120 119
254 151 151 149 149 150 150 149 149 149 149 148 148 148 148 147 146 146 146 145 145 145 145 144 144 144 144 143 143 142 141 141 141 141 140 140 140 140 139 139 139 138 137 137 137 136 136 136 136 135 135 135 135 133 133 133 133 132 132 132 131 131 131 131 129 129 129 129 128 128 128 127 127 127 127 125 125 125 125 124 124 124 124 123 123 123 121 121 121 121 120 120 120 120
254 254 152 152 151 150 150 150 149 149 149 149 148 148 148 148 147 147 146 145 145 145 145 144 144 144 144 143 143 143 143 141 141 141 140 140 140 140 139 139 139 139 138 137 137 137 136 136 136 135 135 135 135 134 133 133 133 132 132 132 132 131 131 131 130 129 129 129 128 128 128 128 127 127 127 126 125 125 125 124 124 124 124 123 123 123 122 121 121 121 120 120 120 120
255 255 152 152 151 151 150 150 149 149 149 149 148 148 148 148 147 147 147 147 145 145 145 144 144 144 144 143 143 143 143 142 141 141 141 140 140 140 139 139 139 139 138 138 137 137 136 136 136 136 135 135 135 134 134 134 133 132 132 132 132 131 131 131 130 130 130 129 128 128 128 128 127 127 127 126 126 125 125 124 124 124 124 123 123 123 123 122 121 121 120 120 120 120
256 255 255 152 152 151 151 151 150 149 149 149 148 148 148 148 147 147 147 147 146 145 145 145 144 144 144 143 143 143 143 142 142 142 141 140 140 140 140 139 139 139 138 138 138 137 136 136 136 136 135 135 135 134 134 134 134 132 132 132 132 131 131 131 131 130 130 130 128 128 128 128 127 127 127 127 126 126 126 124 124 124 124 123 123 123 123 122 122 121 120 120 120 120
256 255 255 255 152 151 151 151 151 150 149 149 149 148 148 148 147 147 147 147 146 146 146 145 144 144 144 144 143 143 143 142 142 142 142 140 140 140 140 139 139 139 139 138 138 138 137 136 136 136 135 135 135 135 134 134 135 134 133 133 133 132 132 132 132 131 131 131 130 129 129 129 128 128 128 128 127 127 127 126 125 124 124 123 123 123 123 122 122 122 120 120 120 120
356 255 255 255 255 151 151 151 151 150 150 149 149 148 148 148 148 147 147 147 146 146 146 146 144 144 144 144 143 143 143 143 142 142 142 141 140 140 140 139 139 139 139 138 138 138 138 138 137 137 136 136 136 136 135 135 135 134 134 133 133 132 132 132 132 131 131 131 131 130 129 129 128 128 128 128 127 127 127 127 126 125 125 124 124 124 124 123 123 123 123 120 120 120
356 256 255 255 255 255 151 151 151 150 150 150 150 148 148 148 148 147 147 147 147 146 146 146 145 145 144 144 143 143 143 143 142 142 142 141 141 141 140 140 140 140 140 139 139 139 139 138 138 137 136 136 136 136 135 135 135 135 134 134 134 132 132 132 132 131 131 131 131 130 130 129 128 128 128 128 127 127 127 127 126 126 125 124 124 124 124 123 123 123 123 122 121 121
357 356 255 255 255 255 254 151 151 151 150 150 150 149 149 148 148 147 147 147 147 146 146 146 146 145 145 144 143 143 143 143 142 143 143 143 142 142 142 140 140 140 140 139 139 139 139 138 138 138 137 136 136 136 135 135 135 135 134 134 134 133 132 132 132 131 131 131 131 130 130 130 129 128 128 128 127 127 127 127 126 126 126 124 124 124 124 123 123 123 123 122 122 121
357 357 256 255 255 255 254 254 151 151 150 150 150 150 149 149 148 147 147 147 147 146 146 146 146 145 145 145 144 144 144 144 143 143 143 143 142 142 142 141 141 140 140 139 139 139 139 138 138 138 138 137 136 136 135 135 135 135 134 134 134 134 133 132 132 131 131 131 131 130 130 130 130 129 128 128 127 127 127 127 126 126 126 126 124 124 124 123 123 123 123 122 122 122
357 357 357 256 256 255 254 254 254 151 150 150 150 150 149 149 149 148 147 147 147 146 146 146 147 146 146 146 146 145 144 144 143 143 143 143 142 142 142 142 141 141 140 139 139 139 139 138 138 138 138 137 137 136 135 135 135 135 134 134 134 134 133 133 132 131 131 131 131 130 130 130 130 129 129 128 127 127 127 127 126 126 126 126 125 124 124 123 123 123 123 122 122 122
357 357 357 356 256 256 255 254 254 254 150 150 150 150 149 149 149 149 148 147 147 147 147 147 147 146 146 146 146 145 145 144 143 143 143 143 142 142 142 142 141 141 141 139 139 139 139 138 138 138 138 137 137 137 136 135 135 135 134 134 134 134 133 133 133 131 131 131 131 130 130 130 130 129 129 129 127 127 127 127 126 126 126 126 125 125 124 123 123 123 123 122 122 122
357 357 357 356 256 256 256 255 254 254 253 150 150 150 149 149 149 150 149 149 149 147 147 147 147 146 146 146 146 145 145 145 144 143 143 143 142 142 142 142 141 141 141 140 140 139 139 138 138 138 138 137 137 137 136 136 135 135 134 134 134 134 133 133 133 132 132 131 131 130 130 130 130 129 129 129 128 127 127 127 126 126 126 126 125 125 125 123 123 123 123 122 122 122
357 357 357 356 356 256 256 255 255 254 254 150 150 150 150 150 150 150 149 149 149 149 147 147 147 146 146 146 146 145 145 145 145 144 143 143 142 142 142 142 141 141 141 141 140 140 139 138 138 138 138 137 137 137 137 136 136 135 134 134 134 134 133 133 133 132 132 132 131 130 130 130 130 129 129 129 128 128 127 127 126 126 126 126 125 125 125 124 123 123 123 122 122 122
