testData/tiles/oneDegree/grid1.0-32.0-2.0-33.0.asc
ncols   200
nrows   200
xllcorner   1.0
yllcorner   32.0
cellsize   0.005
NODATA_value   -9999.0
[rows 84 to 125 of 200, columns 94 to 187 of 200]
438 436 436 435 435 433 432 432 430 429 429 428 427 426 425 424 423 422 421 419 418 417 416 415 414 413 412 410 410 409 408 408 408 406 406 406 405 405 404 404 404 403 403 402 401 401 400 400 400 399 399 398 397 397 396 396 395 395 394 394 392 392 392 366 366 365 364 363 363 362 362 362 362 361 361 361 361 361 361 360 360 360 360 360 359 359 359 359 359 358 358 358 358 358
439 438 438 436 436 435 434 433 432 431 430 429 427 426 425 425 424 422 422 421 419 419 418 416 415 415 413 412 412 409 408 408 407 407 406 406 406 405 405 405 403 403 403 402 402 401 401 401 400 399 398 398 398 397 397 396 396 394 394 394 393 393 392 392 365 365 364 364 363 363 362 361 361 361 361 361 361 360 360 360 360 360 359 359 359 359 359 358 358 358 358 358 357 357
441 439 438 437 437 435 434 434 432 431 431 430 428 428 427 426 425 424 423 422 421 419 419 418 415 415 414 412 412 411 409 408 408 407 407 407 406 405 405 404 404 403 403 403 402 402 401 400 400 399 399 399 398 398 397 396 395 395 395 394 394 393 392 391 391 365 365 365 364 363 362 362 361 361 361 360 360 360 360 360 359 359 359 359 359 359 358 358 358 358 358 357 357 357
441 440 440 438 438 437 436 435 434 433 432 431 430 429 428 427 427 425 424 423 421 420 420 418 417 417 415 414 414 412 411 410 409 407 407 406 406 405 405 405 404 404 404 402 402 401 401 401 400 400 400 399 398 397 397 396 396 396 395 395 393 393 392 392 392 391 365 364 364 363 363 362 362 360 360 360 360 360 359 359 359 359 359 359 358 358 358 358 358 357 357 357 357 357
443 441 441 440 439 438 437 437 435 434 434 433 430 430 429 427 427 426 424 424 423 422 421 420 419 418 417 416 414 413 412 410 410 408 407 407 406 406 406 405 404 404 403 403 402 402 402 401 401 399 399 399 398 398 397 397 397 395 395 394 394 393 393 393 391 391 390 365 364 364 363 362 361 361 360 360 359 359 359 359 359 359 358 358 358 358 358 357 357 357 357 357 356 356
444 443 442 440 439 439 438 437 436 435 434 433 432 431 430 429 429 427 426 426 424 423 423 421 419 418 417 416 415 414 413 412 410 410 409 407 407 406 405 405 404 404 404 403 403 403 401 401 400 400 400 399 399 398 398 397 396 396 395 395 394 394 393 392 392 391 391 390 364 363 363 362 362 362 361 360 359 359 359 359 358 358 358 358 358 357 357 357 357 357 356 356 356 356
445 443 443 442 441 440 439 439 437 436 436 435 433 433 432 430 430 429 426 426 425 424 423 422 421 419 419 418 416 416 415 413 412 411 409 408 406 406 406 405 405 405 404 403 403 402 402 401 401 401 400 400 398 398 398 397 397 396 396 395 394 394 393 393 392 392 390 390 390 364 364 363 362 361 361 360 360 359 358 358 358 358 358 358 357 357 357 357 357 356 356 356 356 355
446 445 445 443 442 442 441 440 439 438 437 435 434 434 432 431 431 429 428 428 426 425 424 423 422 421 420 419 417 415 415 414 412 412 411 409 408 408 406 406 405 404 404 403 403 403 402 402 402 400 400 399 399 399 398 398 397 396 396 395 395 394 394 393 392 391 391 391 390 390 363 363 362 362 361 361 359 359 358 358 358 358 357 357 357 357 357 356 356 356 356 356 355 355
447 445 445 444 443 442 441 441 439 438 438 437 435 435 434 432 432 431 429 429 428 427 425 425 423 421 421 420 418 417 417 415 414 413 412 411 409 407 407 405 405 405 404 404 404 403 402 402 401 401 400 400 400 399 398 397 397 397 396 396 395 395 393 393 393 392 392 391 390 389 389 363 363 362 361 360 360 359 359 358 357 357 357 357 357 356 356 356 356 356 355 355 355 355
448 447 447 445 444 444 443 442 441 440 439 438 437 436 435 434 434 432 430 429 428 427 426 425 424 423 421 421 420 418 418 417 414 413 413 411 410 409 408 407 406 405 405 404 403 403 402 402 402 401 401 399 399 399 398 398 397 397 397 395 395 394 394 394 393 393 391 391 390 390 389 389 362 362 362 361 361 360 359 358 358 357 357 356 356 356 356 356 355 355 355 355 355 354
450 448 448 447 446 445 444 444 442 441 440 439 437 437 436 434 433 433 431 430 430 429 427 427 426 424 423 423 420 419 418 417 416 415 413 413 412 410 409 408 406 405 404 404 404 403 403 403 402 401 400 400 400 399 399 398 397 397 396 396 395 395 395 394 393 392 392 391 391 390 389 389 388 363 362 362 360 360 359 359 358 357 356 356 356 356 355 355 355 355 355 354 354 354
450 449 449 447 446 446 444 443 443 442 440 440 439 437 437 436 435 434 433 432 431 430 429 426 426 425 423 423 422 420 419 419 417 416 415 414 412 411 409 409 408 406 405 405 404 403 403 402 402 401 401 401 400 400 398 398 398 397 397 396 396 395 394 394 393 393 392 392 390 390 390 389 389 363 362 361 361 360 360 358 358 357 357 356 356 355 355 355 355 355 354 354 354 354
452 450 450 449 447 447 446 445 444 443 442 442 440 439 439 437 436 435 433 432 432 431 429 428 428 426 425 424 423 422 421 419 418 417 415 414 414 412 411 410 409 408 406 404 404 403 403 403 402 402 402 400 400 399 399 399 398 398 397 396 395 395 395 394 394 392 392 391 391 391 390 390 388 388 362 362 361 360 359 359 358 358 357 356 355 355 355 355 354 354 354 354 354 353
453 452 452 450 449 449 447 446 446 444 442 442 441 439 439 438 437 436 435 434 432 432 431 429 429 428 426 424 424 422 421 420 420 418 417 415 415 414 412 410 409 408 407 406 404 404 404 403 402 401 401 401 400 400 399 399 398 397 397 396 396 396 395 394 393 393 393 392 392 390 390 389 389 388 388 361 361 360 360 360 359 358 357 357 356 356 354 354 354 354 354 353 353 353
453 452 452 451 449 449 448 447 446 445 444 443 442 441 441 439 438 438 436 435 434 434 431 430 430 428 427 426 425 424 423 421 421 420 418 416 415 414 413 412 410 410 409 407 406 403 403 403 402 402 402 401 401 399 399 399 398 398 397 397 396 395 395 394 394 393 393 392 391 391 390 390 389 388 387 387 362 361 361 359 359 358 358 357 356 355 355 354 354 353 353 353 353 353
455 454 453 452 451 451 449 448 448 447 445 445 444 442 442 440 439 437 437 436 434 434 433 431 430 430 428 427 426 425 423 422 421 420 419 417 416 416 414 413 412 409 409 408 406 405 404 403 403 402 401 401 400 400 400 399 399 398 397 397 396 396 395 395 394 393 393 392 392 391 391 389 389 389 388 388 387 361 360 360 359 359 357 357 356 356 355 354 353 353 353 353 352 352
456 455 455 454 452 452 450 449 448 447 446 445 444 443 443 441 440 439 438 437 436 435 434 433 432 431 429 428 426 426 425 423 422 422 420 419 418 416 415 414 412 411 410 409 408 406 405 403 402 402 402 401 401 400 400 399 398 398 398 397 397 396 395 394 394 394 393 393 392 391 390 390 390 389 389 387 387 386 361 360 359 358 358 357 357 355 355 354 354 353 352 352 352 352
457 456 455 454 453 453 451 450 450 448 447 447 446 444 443 443 441 440 440 439 436 435 435 433 432 432 430 429 428 426 426 425 423 421 421 419 418 417 416 415 414 412 411 411 408 407 406 404 403 403 402 402 400 400 400 399 399 398 398 398 396 396 395 395 395 394 393 392 392 391 391 391 389 389 388 388 387 387 385 360 359 359 358 357 356 356 355 355 353 353 352 352 352 351
458 457 457 456 454 454 453 451 451 450 449 447 447 445 444 443 442 441 440 439 438 436 436 435 434 432 432 431 429 427 427 425 424 423 422 421 420 418 417 417 414 413 412 410 410 408 407 406 404 402 402 401 401 401 400 400 399 398 398 397 397 396 396 396 394 394 393 393 392 392 391 390 390 389 389 388 387 386 386 360 360 358 358 358 357 357 355 355 354 354 353 351 351 351
460 459 457 456 455 454 453 452 452 450 449 448 448 446 445 445 443 442 441 441 439 438 438 436 434 433 432 431 430 428 428 427 425 424 423 422 420 419 417 416 416 414 413 412 410 410 408 406 405 404 402 402 401 401 400 399 399 398 398 398 397 396 395 395 395 394 394 393 392 392 391 391 390 390 388 388 387 387 386 385 360 359 359 358 358 356 356 355 355 353 353 352 352 351
460 459 458 457 456 455 455 453 452 452 451 449 449 448 446 446 445 444 441 441 440 438 437 437 435 434 433 433 431 430 429 428 426 425 423 422 422 420 419 418 416 416 414 412 411 409 409 408 406 405 404 401 401 401 400 400 399 399 399 397 397 396 396 396 395 394 393 393 392 392 392 391 390 389 389 388 388 387 386 386 385 360 359 358 357 357 356 356 354 354 353 353 351 351
462 460 459 459 458 456 456 455 454 453 451 450 449 448 447 446 445 444 443 442 441 440 439 438 437 436 434 433 432 430 429 428 427 426 425 423 423 422 420 418 417 416 415 414 412 411 410 409 407 406 404 403 401 401 401 400 399 399 398 398 397 397 397 395 395 394 394 393 393 392 391 391 390 390 389 388 388 387 387 386 386 384 359 358 358 357 356 355 355 354 353 352 352 351
462 461 460 459 458 457 457 455 454 454 452 451 451 450 448 447 447 445 444 443 443 441 439 439 437 436 435 433 433 432 431 429 429 428 426 424 423 422 421 420 418 417 417 415 414 411 410 409 408 407 406 404 403 401 400 400 399 399 399 398 397 396 396 396 395 395 394 393 393 392 392 391 391 389 389 389 388 388 386 386 385 385 384 359 357 357 356 356 355 354 353 353 352 351
464 462 461 461 459 458 458 457 455 455 454 453 451 451 450 447 447 446 445 443 443 442 440 439 439 438 436 435 435 433 431 430 428 428 427 425 424 423 422 421 420 417 416 416 414 413 412 410 409 409 406 405 403 402 401 400 400 399 398 398 397 397 397 396 395 394 394 394 393 393 391 391 390 390 390 389 388 387 387 386 386 385 384 358 358 357 357 355 355 354 354 352 352 351
465 464 462 462 461 459 458 457 456 456 454 453 452 452 450 449 449 447 446 445 445 443 442 441 440 438 437 435 434 434 432 431 430 429 428 427 426 423 422 422 420 419 417 416 416 414 412 411 409 408 408 406 405 404 402 400 399 399 399 398 398 397 396 396 395 395 394 394 393 392 392 391 391 390 389 389 388 388 387 386 385 385 384 384 358 357 357 356 356 355 354 353 353 352
465 464 463 463 461 460 460 459 457 456 456 455 453 453 452 450 449 449 448 445 444 444 442 441 440 439 438 437 436 435 434 433 431 429 429 427 426 425 423 423 422 420 419 417 415 415 414 412 411 410 408 406 405 404 403 401 400 400 399 398 397 397 397 396 396 395 394 394 393 393 392 392 390 390 390 389 389 387 387 386 386 385 385 383 383 358 357 357 355 355 354 354 352 352
467 466 464 464 463 462 461 460 459 457 457 455 454 453 452 451 450 449 448 447 445 445 444 443 441 441 440 438 436 435 434 433 432 430 429 429 427 426 425 422 422 421 419 418 417 415 415 414 411 410 409 407 406 406 404 403 400 399 399 398 398 397 397 396 395 395 394 394 394 392 392 391 391 391 390 389 388 388 387 387 385 385 385 384 384 383 357 356 356 355 354 353 353 352
467 466 465 464 463 462 461 460 459 458 458 456 455 454 454 452 451 450 449 448 447 446 444 443 442 440 440 439 437 436 435 435 433 432 431 428 428 427 425 424 423 422 421 420 418 416 415 413 413 411 410 409 407 405 404 403 402 401 399 399 397 397 397 396 396 395 395 394 393 393 392 392 391 390 390 389 389 388 387 386 386 386 385 385 383 383 357 357 355 355 354 354 353 352
469 467 466 465 465 463 462 462 461 459 459 458 457 455 455 453 451 450 450 449 447 446 446 444 443 442 441 440 439 438 435 435 434 432 431 430 428 428 427 425 424 422 421 420 419 417 416 415 413 413 411 409 408 406 405 404 403 401 400 398 398 397 397 397 395 395 394 394 394 393 392 391 391 391 390 390 388 388 387 387 386 385 385 384 384 383 382 356 356 355 355 353 353 352
469 469 468 466 466 465 463 462 461 460 459 458 457 456 455 454 453 452 451 450 449 447 446 446 445 442 441 441 439 438 437 435 435 434 432 431 430 428 427 426 425 423 422 421 420 419 416 415 414 412 412 411 409 408 406 404 403 401 401 400 398 397 397 396 396 395 395 395 393 393 392 392 392 391 390 389 389 388 388 386 386 386 385 385 383 383 382 382 356 355 354 354 353 353
470 469 468 467 467 465 464 464 462 461 460 460 458 457 456 456 454 453 452 450 449 448 447 446 445 444 442 441 441 439 438 437 436 434 433 432 430 429 428 427 426 425 423 421 420 419 418 417 415 414 413 410 410 408 407 406 404 403 402 399 399 397 397 397 396 395 394 394 394 393 393 391 391 391 390 390 389 388 387 387 387 386 385 384 384 383 383 381 381 355 355 354 353 352
471 471 469 468 468 467 465 464 464 463 461 460 459 458 456 456 455 453 452 452 451 449 448 447 446 445 444 443 440 440 439 437 436 435 434 433 432 430 429 427 426 425 424 422 421 420 419 418 416 414 413 412 410 409 409 407 405 403 402 401 399 398 398 396 396 395 395 395 394 393 392 392 392 391 391 389 389 388 388 388 386 386 385 385 384 383 382 382 381 356 354 354 353 353
471 471 470 469 468 467 466 465 464 463 462 461 460 459 458 456 456 455 454 452 452 451 448 447 447 446 444 443 442 441 440 439 437 436 435 433 432 431 430 428 427 427 425 424 422 420 419 418 417 416 414 413 412 409 408 407 406 405 404 402 400 398 397 397 396 396 394 394 394 393 393 392 391 391 390 390 389 389 387 387 387 386 386 384 384 383 383 382 381 380 355 354 354 353
473 473 471 470 469 468 467 466 466 464 463 462 462 460 459 457 457 455 454 453 452 451 450 449 447 447 446 444 443 442 440 439 438 437 435 434 434 432 431 430 427 426 426 424 423 422 420 419 418 416 415 414 412 411 409 408 407 404 404 403 401 400 399 397 396 395 395 395 394 394 392 392 392 391 391 390 389 388 388 388 387 386 385 385 384 384 382 382 381 381 381 354 354 353
474 474 473 471 469 469 468 466 465 465 464 462 462 461 460 458 458 457 455 454 453 453 451 450 448 446 446 445 444 442 441 441 439 438 437 435 433 433 431 430 429 427 426 426 424 423 421 419 418 417 415 415 414 412 410 409 407 406 404 403 403 400 399 398 396 396 395 394 394 393 393 392 392 391 390 390 389 389 388 387 387 386 386 385 384 383 383 382 382 381 380 355 354 353
475 473 473 472 471 470 469 468 467 466 465 464 462 462 461 460 458 458 456 455 453 452 452 450 449 448 448 446 445 444 442 441 440 438 437 436 434 433 433 432 430 429 427 425 424 424 422 421 420 418 416 414 413 413 411 410 409 407 405 404 402 401 399 399 398 395 395 395 394 394 393 392 391 391 391 390 389 388 388 388 387 387 385 385 384 384 383 382 381 381 381 379 354 353
476 475 474 473 472 472 470 469 468 467 465 464 463 463 461 460 459 458 457 456 455 453 453 452 451 449 447 447 445 444 443 441 440 440 439 437 436 435 432 432 431 429 428 427 425 424 423 421 420 419 417 416 415 413 412 411 409 408 406 405 404 402 400 399 397 396 395 395 394 393 393 392 392 392 390 390 389 389 388 387 387 386 386 385 384 383 383 382 382 381 380 380 379 354
476 475 475 474 472 471 471 470 468 467 467 466 464 463 463 462 460 459 459 457 455 454 453 452 451 450 448 447 447 446 444 443 442 439 439 438 436 435 434 432 431 431 429 427 426 424 423 422 421 420 419 417 415 414 412 411 410 408 408 406 404 403 401 400 399 396 395 394 394 394 393 392 391 391 391 390 390 388 388 388 387 387 385 385 384 384 383 382 382 381 381 380 379 378
478 477 476 475 474 473 472 471 470 469 468 467 465 463 463 462 461 459 458 458 457 455 454 453 452 451 450 449 446 446 445 443 442 441 439 439 438 436 435 433 432 430 430 429 427 426 425 423 421 420 418 418 416 415 414 412 410 409 407 406 405 404 403 400 399 398 396 395 395 393 393 392 392 392 391 390 389 389 388 388 387 386 386 385 385 383 383 382 382 382 380 380 379 379
478 477 476 475 474 473 473 471 470 469 469 467 466 465 464 463 462 461 459 459 458 457 454 453 453 452 450 449 448 446 446 445 443 442 441 439 437 437 436 434 433 432 430 429 428 426 425 424 422 421 420 418 417 416 414 413 412 410 409 407 405 404 402 401 401 399 397 395 394 394 393 393 391 391 391 390 390 389 388 388 387 387 386 385 384 384 383 383 382 381 381 380 379 378
480 478 477 477 476 474 473 473 472 470 469 469 468 466 465 464 462 461 460 459 458 457 456 455 453 453 452 450 449 448 445 445 444 443 441 440 439 437 437 436 433 432 431 429 428 427 426 425 424 421 420 419 417 416 415 413 413 411 409 408 406 405 404 401 400 399 397 396 394 393 393 392 392 391 391 390 389 389 388 388 387 386 386 385 385 383 383 382 382 382 380 380 379 379
481 480 478 478 476 475 473 473 472 471 469 469 468 467 465 464 464 463 461 460 459 458 457 456 454 452 452 451 449 448 447 446 445 444 443 441 439 438 436 435 435 433 432 431 430 427 426 425 424 423 421 420 419 416 415 414 412 411 410 409 407 406 404 403 401 400 399 396 395 394 393 393 392 391 391 390 390 389 388 387 387 387 386 385 384 384 383 383 382 381 381 380 380 378
