testData/tiles/oneDegree/grid5.0-35.0-6.0-36.0.asc
ncols   200
nrows   200
xllcorner   5.0
yllcorner   35.0
cellsize   0.005
NODATA_value   -9999.0
[rows 0 to 41 of 200, columns 94 to 187 of 200]
508 508 508 508 507 507 508 507 507 507 506 506 505 504 503 501 501 500 500 499 498 496 496 495 494 492 492 491 491 491 491 491 491 567 567 567 567 566 566 566 566 566 566 566 566 564 564 564 564 497 497 497 496 495 495 494 494 494 493 492 491 491 490 489 489 487 486 486 485 484 482 482 481 480 479 478 476 475 474 473 471 469 468 467 465 463 461 459 458 456 454 452 450 449
510 510 509 508 508 507 508 508 507 507 506 506 505 504 503 503 502 502 500 499 499 497 496 495 495 493 492 492 492 491 491 568 568 568 568 568 568 568 568 567 566 566 566 566 566 566 566 564 564 498 498 497 497 497 495 495 494 494 493 493 491 491 490 490 489 488 487 486 485 485 484 483 481 480 479 478 477 475 474 473 472 471 468 467 466 464 462 460 458 456 454 452 450 448
510 510 510 509 509 509 509 508 508 507 507 506 506 504 504 503 502 502 501 501 500 497 496 496 495 493 492 492 493 493 569 569 568 568 568 568 568 568 568 568 567 567 567 566 566 566 566 566 564 498 498 498 497 497 496 495 495 494 494 493 493 492 491 490 489 489 488 486 486 485 484 483 483 481 480 479 478 477 475 474 472 471 470 467 466 465 463 461 459 457 455 453 451 448
511 510 510 510 510 509 510 509 509 509 507 507 506 505 504 503 503 502 502 501 500 498 498 496 495 493 493 493 569 569 569 569 569 569 568 568 568 568 568 568 568 568 567 567 567 566 566 566 566 499 498 498 498 497 497 496 496 495 494 494 493 493 492 490 490 489 489 488 487 485 485 484 483 482 480 479 478 477 476 474 473 472 470 469 467 465 464 462 460 457 455 453 451 449
511 511 510 510 510 510 510 510 509 509 508 508 507 505 504 504 503 502 502 501 500 499 498 497 496 495 569 569 569 569 569 569 570 570 570 570 569 569 569 568 568 568 568 568 567 567 566 566 566 500 499 498 498 497 497 497 496 496 494 494 493 493 492 492 490 490 489 488 487 487 485 484 483 482 482 480 479 478 476 475 473 472 471 469 468 466 464 462 461 459 456 454 452 450
511 511 511 511 510 510 511 510 510 509 509 508 508 506 506 505 503 503 502 501 501 499 498 498 573 571 570 570 569 570 570 570 570 570 570 570 570 569 569 569 569 569 568 568 568 568 567 567 566 500 500 499 499 498 497 497 497 496 496 495 494 493 493 492 492 491 489 489 488 487 486 485 484 483 482 481 480 478 477 476 475 473 471 470 468 467 465 463 461 459 458 455 452 450
513 512 512 512 511 510 511 510 510 510 509 509 508 507 506 505 505 504 503 502 501 499 499 574 573 571 570 571 571 571 570 570 570 570 570 570 570 570 570 569 569 569 569 569 568 568 568 567 567 500 500 500 499 499 498 497 497 497 496 496 495 494 493 492 492 491 491 489 488 487 487 486 485 483 482 481 480 479 477 476 475 474 473 470 469 468 466 463 462 460 458 456 453 451
513 513 513 512 512 512 512 512 510 510 509 509 508 507 506 506 505 504 504 503 502 577 575 574 573 572 571 571 571 571 571 571 570 571 571 571 571 571 570 570 570 569 569 569 569 569 568 568 568 501 500 500 500 499 499 499 497 497 496 496 495 495 493 493 492 492 491 490 489 488 487 486 485 485 483 482 481 480 479 477 475 474 473 472 469 468 466 465 462 461 459 457 455 451
338 513 513 513 512 512 513 512 512 511 511 509 509 507 507 506 505 505 504 579 579 577 576 576 574 572 571 571 571 572 572 572 572 572 571 571 571 571 571 571 571 571 570 569 569 569 569 569 568 502 501 500 500 500 499 499 499 497 497 496 496 495 495 494 493 492 491 491 490 488 487 487 486 485 484 482 481 480 479 478 476 475 473 472 471 468 467 465 464 461 459 457 455 453
339 514 513 513 513 512 513 512 512 512 511 511 510 509 507 506 506 581 580 580 579 577 577 576 575 573 571 572 572 572 572 572 572 572 572 572 571 571 571 571 571 571 571 571 570 569 569 569 569 502 502 502 500 500 500 499 499 499 498 497 496 496 495 494 494 492 492 491 490 490 489 487 486 485 484 483 482 481 479 478 477 475 474 473 471 470 467 466 464 463 460 458 456 454
339 339 514 513 513 513 513 513 512 512 511 511 510 509 508 508 583 581 581 580 579 578 577 576 575 574 573 573 572 572 572 572 572 572 572 572 572 572 571 571 571 571 571 571 571 571 569 569 569 503 502 502 502 500 500 500 499 499 498 498 496 496 495 495 494 494 492 491 491 490 489 488 487 486 485 484 483 481 480 479 478 477 474 473 472 470 469 466 465 463 461 458 456 454
340 340 340 515 513 513 513 513 513 512 512 511 511 509 585 584 583 583 582 580 580 578 577 576 575 574 573 573 573 573 573 573 573 573 573 573 573 573 573 573 572 571 571 571 571 571 571 570 569 503 503 502 502 502 501 500 500 499 499 498 498 496 496 495 495 494 493 492 491 490 489 489 488 486 485 484 483 482 480 479 478 477 476 473 472 471 469 468 465 464 462 460 457 455
341 341 340 515 515 514 514 514 513 513 512 512 511 585 585 584 584 583 582 582 581 579 577 577 575 574 573 573 574 574 574 574 573 573 573 573 573 573 573 573 573 572 572 571 571 571 571 571 570 503 503 503 502 502 502 501 500 499 499 499 498 498 497 495 495 494 494 493 492 491 490 489 488 487 486 485 484 483 482 480 478 477 476 475 473 471 470 468 467 464 462 461 459 456
341 341 341 340 515 515 514 515 514 514 513 588 586 586 585 585 584 583 583 582 581 580 579 578 575 574 574 574 574 574 574 574 574 574 573 573 573 573 573 573 573 573 573 572 572 571 571 571 571 505 504 503 503 502 502 502 501 501 499 499 498 498 497 497 495 495 494 493 493 492 490 489 489 488 487 485 484 483 482 481 480 478 477 475 474 472 470 469 467 466 463 461 459 490
341 341 341 341 340 515 515 514 515 590 590 589 588 587 585 585 584 584 583 582 581 580 579 578 577 576 574 574 574 574 574 575 575 575 575 575 574 574 574 574 573 573 573 573 573 572 572 571 571 505 505 504 503 503 502 502 501 501 501 499 499 498 498 497 497 495 494 494 493 492 491 490 489 488 487 486 485 483 482 481 480 479 477 476 474 473 471 469 468 466 464 462 460 491
342 342 341 341 341 515 515 514 591 590 590 588 588 587 587 586 586 584 583 583 581 580 579 579 577 576 575 575 574 575 575 575 575 575 575 575 575 575 574 574 574 574 573 573 573 573 572 572 571 505 505 505 504 504 503 502 502 501 501 500 499 498 498 497 497 496 496 494 493 493 492 491 489 488 488 487 486 485 483 482 481 480 478 476 475 474 472 470 468 467 465 463 493 491
343 343 343 342 341 341 591 591 590 590 589 589 588 588 587 586 586 585 585 583 581 580 580 579 577 576 575 576 576 576 575 575 575 575 575 575 575 575 575 575 574 574 574 574 573 573 573 573 572 505 505 505 505 504 504 502 502 502 501 501 500 500 498 498 497 497 496 495 494 493 492 491 491 489 488 487 486 485 484 482 481 480 479 478 475 474 473 471 469 467 465 497 495 492
343 343 343 343 342 418 417 591 591 590 590 589 589 588 587 587 586 586 585 584 582 582 580 579 577 577 576 576 576 576 576 576 575 575 576 576 576 575 575 575 575 575 574 574 574 574 573 573 573 506 505 505 505 505 504 504 503 502 502 501 501 500 500 498 497 497 496 496 495 493 492 492 491 490 489 487 486 486 485 484 481 480 479 478 477 474 473 472 470 468 466 497 495 493
344 344 343 419 419 418 418 417 592 591 591 589 589 588 588 587 586 586 585 584 583 582 581 580 578 577 576 576 576 576 577 577 577 577 576 576 576 576 576 576 576 575 575 574 574 574 574 573 573 507 507 505 505 505 504 504 504 503 502 501 501 500 500 499 498 497 497 496 495 495 493 492 491 490 490 489 487 486 485 484 483 481 480 478 477 476 473 472 471 469 499 498 496 494
344 344 420 419 419 418 418 418 592 592 591 591 590 589 588 587 587 586 585 585 583 582 582 581 579 578 576 576 577 577 577 577 577 577 577 577 576 576 576 576 576 576 576 575 575 574 574 574 574 507 507 507 505 505 505 504 504 504 503 502 501 501 500 500 499 498 497 496 496 495 494 492 492 491 490 489 488 486 485 484 483 482 480 479 478 476 475 472 471 469 501 498 496 497
420 420 420 420 419 419 418 418 418 592 592 591 590 590 589 589 587 586 586 585 583 583 582 581 579 578 578 578 577 577 577 577 577 577 577 577 577 577 576 576 576 576 576 576 576 575 574 574 574 508 507 507 507 506 505 505 504 504 503 503 503 501 501 500 499 499 498 497 496 495 494 494 493 491 490 489 489 488 486 485 484 482 481 479 478 477 475 474 471 503 501 500 498 501
422 422 421 420 420 419 419 418 418 417 592 591 591 590 590 589 588 588 587 584 584 583 582 581 580 579 578 578 578 578 577 577 578 578 578 578 578 578 578 577 576 576 576 576 576 576 576 575 574 508 508 507 507 507 506 505 505 504 504 503 503 502 501 500 500 499 499 498 496 496 495 494 493 492 491 490 489 488 487 485 484 483 482 481 478 477 476 474 473 503 502 500 502 503
422 422 422 421 421 420 419 419 418 418 417 592 591 590 590 589 589 588 587 586 585 583 582 582 580 579 578 578 578 579 579 579 578 578 578 578 578 578 578 578 578 577 576 576 576 576 576 576 575 508 508 508 507 507 507 506 506 504 504 504 503 503 502 501 500 499 499 498 498 496 495 494 494 493 492 490 489 488 487 486 484 483 482 481 480 477 476 475 506 505 502 502 505 508
422 422 422 421 421 421 420 420 419 419 417 592 591 591 590 590 589 588 588 586 585 584 584 581 580 579 578 579 579 579 579 579 579 579 578 578 578 578 578 578 578 578 578 577 576 576 576 576 576 509 509 508 508 507 507 507 506 506 504 504 503 503 502 502 500 500 499 498 498 497 495 495 494 493 492 491 490 489 488 487 486 484 482 481 480 479 477 475 507 505 504 505 508 510
423 422 422 422 421 421 421 420 420 419 419 418 593 591 590 590 589 589 588 586 585 585 584 582 581 580 579 579 579 579 579 579 579 579 579 579 578 578 578 578 578 578 578 578 577 577 576 576 576 510 509 509 508 508 507 507 506 506 506 504 504 503 503 502 502 501 499 499 498 497 497 495 494 493 493 492 491 489 488 487 486 485 483 482 480 479 478 509 507 506 506 509 511 513
356 423 422 422 422 421 421 420 420 420 419 418 418 592 592 590 589 589 588 586 586 585 584 582 582 581 580 580 579 579 580 580 580 580 580 580 580 579 579 579 579 578 578 578 578 578 577 576 576 510 510 509 509 509 507 507 507 506 506 505 504 504 503 502 502 501 501 499 498 498 497 496 496 494 493 492 491 490 488 487 486 485 484 482 481 480 478 510 508 506 509 512 514 515
357 423 423 422 422 422 421 421 420 420 419 419 418 418 592 591 591 590 587 587 586 585 585 583 582 581 580 580 581 581 580 580 580 580 580 580 580 580 580 579 579 579 579 578 578 578 578 578 577 510 510 510 509 509 509 507 507 507 506 506 505 505 503 503 502 502 501 500 499 498 497 497 496 495 493 492 492 491 490 488 487 486 485 483 481 480 512 510 509 509 512 514 517 518
358 424 424 424 423 422 422 421 421 420 420 419 418 418 417 592 591 590 589 588 586 586 585 583 582 581 581 581 581 581 581 580 580 580 580 580 580 580 580 580 580 579 579 579 579 578 578 578 578 511 510 510 510 509 509 509 507 507 506 506 506 505 505 503 503 502 501 501 500 498 498 497 496 495 495 493 492 491 490 489 487 486 485 484 483 513 512 511 509 513 514 517 519 520
358 425 424 424 424 423 423 422 421 420 420 419 419 418 418 592 591 591 589 588 588 587 585 583 582 582 581 581 581 581 581 581 581 581 581 581 581 581 580 580 580 580 579 579 579 579 578 578 578 512 511 510 510 510 509 509 509 508 507 506 506 505 505 504 503 502 502 501 500 500 498 497 497 496 495 494 492 491 490 489 488 486 485 484 483 515 512 511 512 515 518 519 522 523
357 425 425 424 424 424 423 423 422 422 421 420 419 418 418 417 592 590 589 589 588 587 585 585 584 582 581 581 581 581 582 582 582 582 582 581 581 581 581 581 581 580 580 580 579 579 579 579 578 512 512 512 510 510 510 509 509 508 508 507 506 506 505 505 504 503 502 501 501 500 499 498 497 496 495 494 494 492 491 490 489 488 486 485 516 515 514 512 515 519 521 523 524 525
358 358 425 425 424 424 423 423 422 422 421 421 420 420 418 418 417 590 590 589 588 587 586 585 584 582 582 582 582 582 582 582 582 582 582 582 582 581 581 581 581 581 581 581 580 579 579 579 579 512 512 512 512 510 510 510 509 509 508 508 506 506 505 505 504 504 502 502 501 500 500 499 497 496 496 495 494 493 491 490 489 488 487 485 517 516 514 516 518 521 524 525 527 528
358 359 425 425 425 424 424 423 423 422 422 421 421 420 419 419 417 415 590 589 588 588 586 585 584 582 583 583 583 582 582 582 582 582 582 582 582 582 581 581 581 581 581 581 581 580 580 579 579 513 512 512 512 511 510 510 509 509 509 508 508 506 506 505 505 504 504 503 501 501 500 499 498 497 496 495 494 493 492 490 489 488 487 519 517 516 515 518 522 524 525 528 529 530
359 359 427 425 425 424 424 424 423 423 422 421 421 420 420 419 417 417 416 589 589 588 586 585 585 583 583 583 583 583 582 582 583 583 583 583 583 583 583 582 581 581 581 581 581 581 581 580 579 513 513 512 512 512 511 511 510 509 509 508 508 508 507 506 505 504 504 503 503 501 500 500 499 498 497 495 495 494 493 492 490 489 488 520 518 516 518 522 524 527 528 530 531 533
360 359 427 426 426 426 424 424 423 423 422 422 421 421 420 419 418 417 416 591 590 587 586 586 585 583 583 583 583 584 584 584 583 583 583 583 583 583 583 583 583 583 581 581 581 581 581 581 580 514 513 513 512 512 512 511 511 510 509 509 508 508 507 507 505 505 504 503 503 502 501 500 499 498 498 497 495 494 493 492 491 489 521 520 519 518 520 524 527 529 531 531 533 534
360 359 359 427 426 426 426 425 425 423 423 422 421 421 420 419 418 417 417 416 590 588 588 586 585 583 583 584 584 584 584 584 584 584 583 583 583 583 583 583 583 583 583 582 581 581 581 581 581 514 514 513 513 512 512 512 511 511 509 509 509 508 508 507 507 505 504 504 503 502 502 500 499 499 498 497 496 494 493 492 491 490 521 520 519 521 525 526 529 531 533 535 535 537
360 360 359 427 427 426 426 425 425 424 424 423 422 421 420 419 418 418 417 416 415 589 588 587 585 584 584 584 584 584 584 584 584 584 584 584 583 583 583 583 583 583 583 583 583 582 581 581 581 515 514 514 513 513 512 512 511 511 511 510 509 508 508 507 507 506 505 504 503 503 502 501 500 499 498 497 496 496 494 493 492 524 523 521 520 523 527 530 532 533 535 536 538 538
360 360 360 426 427 427 426 426 425 425 424 424 423 422 420 419 418 418 417 416 416 414 588 587 586 585 585 584 584 584 584 585 585 585 585 585 585 584 584 584 583 583 583 583 583 583 582 581 581 515 515 514 514 514 512 512 512 511 511 511 510 509 508 508 507 507 506 504 504 503 502 502 501 499 498 498 497 496 495 493 492 524 523 522 523 527 529 532 534 536 537 539 540 539
361 360 360 427 426 427 426 426 425 425 424 424 423 422 421 420 420 418 417 417 415 414 413 588 586 585 585 585 585 585 585 585 585 585 585 585 585 585 585 584 584 584 583 583 583 583 583 582 581 515 515 515 514 514 514 512 512 512 511 511 510 510 508 508 507 507 506 506 504 503 503 502 501 501 499 498 497 496 495 494 525 524 523 522 527 529 532 535 536 538 539 540 541 543
362 362 361 360 427 426 427 426 426 425 425 424 423 422 421 421 420 419 419 417 415 414 414 413 586 585 585 586 586 586 586 585 585 585 585 585 585 585 585 585 585 584 584 584 583 583 583 583 583 515 515 515 515 514 514 514 512 512 512 511 511 510 510 508 508 507 507 506 505 504 503 502 502 501 500 498 497 497 496 495 527 525 524 526 530 532 534 537 539 540 542 542 544 544
362 362 362 361 428 427 426 425 426 425 424 423 423 422 422 421 420 420 419 418 416 415 414 412 411 586 586 586 586 586 586 586 586 585 585 585 585 585 585 585 585 585 584 584 584 584 583 583 583 517 515 515 515 515 514 514 514 513 512 511 511 510 510 509 508 507 507 506 506 505 503 503 502 501 500 500 498 497 496 528 527 526 524 529 532 535 538 538 540 543 543 544 545 546
363 362 362 361 428 428 427 427 426 425 424 424 423 422 422 421 421 420 419 417 417 416 415 412 412 586 586 586 586 586 586 587 587 587 586 586 586 586 586 586 585 585 585 584 584 584 584 583 517 517 517 516 515 515 515 514 514 513 513 512 511 511 510 510 509 508 507 506 506 505 505 503 502 501 501 500 499 497 496 528 527 526 527 531 534 537 540 541 542 544 546 547 547 548
363 363 362 362 428 428 427 427 426 426 425 425 423 423 422 421 421 420 419 418 417 416 415 414 413 411 586 586 586 587 587 587 587 587 587 587 586 586 586 586 586 586 585 585 585 584 584 584 517 517 517 517 516 515 515 514 514 514 513 513 511 511 510 510 509 509 507 507 506 506 505 504 502 502 501 500 499 498 530 529 528 527 531 534 537 539 541 544 545 545 547 549 549 550
