testData/tiles/oneDegree/grid25.0-35.0-26.0-36.0.asc
ncols   200
nrows   200
xllcorner   25.0
yllcorner   35.0
cellsize   0.005
NODATA_value   -9999.0
[rows 0 to 41 of 200, columns 0 to 93 of 200]
411 413 415 418 420 422 424 426 428 480 482 484 485 487 489 491 492 494 496 497 499 500 502 503 505 506 507 509 510 512 513 514 516 517 518 519 521 522 523 524 525 526 528 529 530 531 532 533 534 535 536 537 538 539 540 541 542 543 544 545 546 547 548 549 550 550 551 552 553 554 555 556 556 557 558 559 560 560 561 733 734 734 735 736 736 737 738 739 739 740 741 741 742 743
409 412 414 416 419 421 423 425 427 479 481 483 484 486 488 490 491 493 495 496 498 499 501 502 504 505 507 508 509 511 512 513 515 516 517 519 520 521 522 523 525 526 527 528 529 530 531 532 533 534 536 537 538 539 540 541 542 542 543 544 545 546 547 548 549 550 551 552 552 553 554 555 556 556 557 558 559 560 560 732 733 734 734 735 736 737 737 738 739 739 740 741 741 742
408 410 413 415 417 419 422 424 426 478 480 481 483 485 487 489 490 492 494 495 497 498 500 501 503 504 506 507 509 510 511 513 514 515 516 518 519 520 521 523 524 525 526 527 528 529 531 532 533 534 535 536 537 538 539 540 541 542 543 544 545 546 546 547 548 549 550 551 552 553 553 554 555 556 557 557 558 559 560 732 732 733 734 735 735 736 737 737 738 739 739 740 741 741
407 409 411 414 416 418 420 422 424 476 478 480 482 484 486 488 489 491 493 494 496 497 499 500 502 503 505 506 508 509 510 512 513 514 516 517 518 519 521 522 523 524 525 526 528 529 530 531 532 533 534 535 536 537 538 539 540 541 542 543 544 545 546 547 548 548 549 550 551 552 553 554 554 555 556 557 558 558 559 731 732 732 733 734 735 735 736 737 737 738 739 739 740 741
405 408 410 412 415 417 419 421 423 475 477 479 481 483 485 486 488 490 492 493 495 496 498 499 501 502 504 505 507 508 509 511 512 513 515 516 517 519 520 521 522 523 525 526 527 528 529 530 531 532 533 534 535 536 537 538 539 540 541 542 543 544 545 546 547 548 549 549 550 551 552 553 554 555 555 556 557 558 558 730 731 732 733 733 734 735 735 736 737 738 738 739 740 740
404 406 409 411 413 416 418 420 422 474 476 478 480 482 484 485 487 489 491 492 494 495 497 499 500 502 503 504 506 507 509 510 511 513 514 515 516 518 519 520 521 523 524 525 526 527 528 529 530 531 533 534 535 536 537 538 539 540 541 542 542 543 544 545 546 547 548 549 550 551 551 552 553 554 555 555 556 557 558 730 730 731 732 733 733 734 735 735 736 737 738 738 739 740
402 405 407 410 412 414 417 419 421 473 475 477 479 481 483 484 486 488 490 491 493 494 496 498 499 501 502 503 505 506 508 509 510 512 513 514 516 517 518 519 521 522 523 524 525 526 527 529 530 531 532 533 534 535 536 537 538 539 540 541 542 543 544 545 545 546 547 548 549 550 551 552 552 553 554 555 556 556 557 729 730 730 731 732 733 733 734 735 736 736 737 738 738 739
401 403 406 408 411 413 415 417 420 472 474 476 478 480 481 483 485 487 488 490 492 493 495 497 498 500 501 503 504 505 507 508 510 511 512 513 515 516 517 518 520 521 522 523 524 526 527 528 529 530 531 532 533 534 535 536 537 538 539 540 541 542 543 544 545 546 547 547 548 549 550 551 552 553 553 554 555 556 728 728 729 730 731 731 732 733 733 734 735 736 736 737 738 738
399 402 404 407 409 412 414 416 418 470 473 475 476 478 480 482 484 486 487 489 491 492 494 496 497 499 500 502 503 504 506 507 509 510 511 513 514 515 516 518 519 520 521 522 524 525 526 527 528 529 530 531 532 533 534 535 536 537 538 539 540 541 542 543 544 545 546 547 548 548 549 550 551 552 553 553 554 555 727 728 728 729 730 731 731 732 733 734 734 735 736 736 737 738
397 400 403 405 408 410 413 415 417 469 471 473 475 477 479 481 483 485 486 488 490 491 493 495 496 498 499 501 502 504 505 506 508 509 510 512 513 514 516 517 518 519 520 522 523 524 525 526 527 528 529 531 532 533 534 535 536 537 538 539 540 541 541 542 543 544 545 546 547 548 549 549 550 551 552 553 554 554 726 727 728 728 729 730 731 731 732 733 734 734 735 736 736 737
396 399 401 404 406 409 411 413 416 468 470 472 474 476 478 480 482 483 485 487 489 490 492 494 495 497 498 500 501 503 504 505 507 508 509 511 512 513 515 516 517 518 520 521 522 523 524 525 526 528 529 530 531 532 533 534 535 536 537 538 539 540 541 542 543 543 544 545 546 547 548 549 550 550 551 552 553 554 725 726 727 728 729 729 730 731 732 732 733 734 734 735 736 736
394 397 400 402 405 407 410 412 414 467 469 471 473 475 477 479 481 482 484 486 488 489 491 492 494 496 497 499 500 502 503 504 506 507 509 510 511 513 514 515 516 518 519 520 521 522 523 525 526 527 528 529 530 531 532 533 534 535 536 537 538 539 540 541 542 543 544 545 545 546 547 548 549 550 551 551 552 553 725 726 726 727 728 729 729 730 731 732 732 733 734 734 735 736
392 395 398 401 403 406 408 411 413 465 467 470 472 474 476 477 479 481 483 485 486 488 490 491 493 495 496 498 499 501 502 504 505 506 508 509 510 512 513 514 515 517 518 519 520 521 523 524 525 526 527 528 529 530 531 532 533 534 535 536 537 538 539 540 541 542 543 544 545 546 546 547 548 549 550 551 551 552 724 725 726 726 727 728 729 729 730 731 732 732 733 734 734 735
390 393 396 399 402 404 407 409 412 464 466 468 470 472 474 476 478 480 482 484 485 487 489 490 492 494 495 497 498 500 501 503 504 505 507 508 509 511 512 513 515 516 517 518 519 521 522 523 524 525 526 527 528 529 530 532 533 534 535 536 537 537 538 539 540 541 542 543 544 545 546 547 547 548 549 550 551 552 723 724 725 726 727 727 728 729 730 730 731 732 732 733 734 734
389 392 395 397 400 403 405 408 410 462 465 467 469 471 473 475 477 479 481 482 484 486 488 489 491 493 494 496 497 499 500 502 503 504 506 507 508 510 511 512 514 515 516 517 519 520 521 522 523 524 525 526 528 529 530 531 532 533 534 535 536 537 538 539 540 540 541 542 543 544 545 546 547 548 548 549 550 551 723 723 724 725 726 727 727 728 729 730 730 731 732 732 733 734
387 390 393 396 399 401 404 406 409 461 463 466 468 470 472 474 476 478 479 481 483 485 487 488 490 491 493 495 496 498 499 501 502 503 505 506 508 509 510 511 513 514 515 516 518 519 520 521 522 523 525 526 527 528 529 530 531 532 533 534 535 536 537 538 539 540 541 542 542 543 544 545 546 547 548 549 549 550 722 723 724 724 725 726 727 727 728 729 730 730 731 732 732 733
385 388 391 394 397 400 402 405 407 460 462 464 466 468 470 473 474 476 478 480 482 484 485 487 489 490 492 494 495 497 498 500 501 502 504 505 507 508 509 511 512 513 514 516 517 518 519 520 521 523 524 525 526 527 528 529 530 531 532 533 534 535 536 537 538 539 540 541 542 543 543 544 545 546 547 548 549 720 721 722 723 724 724 725 726 727 727 728 729 730 730 731 732 732
382 386 389 392 395 398 401 403 406 458 460 463 465 467 469 471 473 475 477 479 481 482 484 486 488 489 491 492 494 496 497 499 500 501 503 504 506 507 508 510 511 512 513 515 516 517 518 519 521 522 523 524 525 526 527 528 529 530 531 532 533 534 535 536 537 538 539 540 541 542 543 544 544 545 546 547 548 720 721 721 722 723 724 724 725 726 727 727 728 729 730 730 731 732
381 384 387 390 393 396 399 402 404 457 459 461 464 466 468 470 472 474 476 478 480 481 483 485 486 488 490 491 493 494 496 498 499 500 502 503 505 506 507 509 510 511 512 514 515 516 517 519 520 521 522 523 524 525 526 527 528 530 531 532 533 534 535 535 536 537 538 539 540 541 542 543 544 545 545 546 547 719 720 721 721 722 723 724 725 725 726 727 727 728 729 730 730 731
381 382 385 388 391 394 397 400 403 455 457 460 462 464 466 469 471 473 475 476 478 480 482 484 485 487 489 490 492 493 495 496 498 499 501 502 504 505 506 508 509 510 512 513 514 515 516 518 519 520 521 522 523 524 526 527 528 529 530 531 532 533 534 535 536 537 538 538 539 540 541 542 543 544 545 546 546 718 719 720 721 721 722 723 724 725 725 726 727 728 728 729 730 730
381 381 383 386 390 393 395 398 401 453 456 458 461 463 465 467 469 471 473 475 477 479 481 482 484 486 488 489 491 492 494 495 497 498 500 501 503 504 505 507 508 509 511 512 513 514 516 517 518 519 520 521 522 524 525 526 527 528 529 530 531 532 533 534 535 536 537 538 539 540 540 541 542 543 544 545 546 717 718 719 720 721 722 722 723 724 725 725 726 727 728 728 729 730
381 381 381 384 388 391 394 396 449 452 454 457 459 461 464 466 468 470 472 474 476 478 479 481 483 485 486 488 490 491 493 494 496 497 499 500 502 503 504 506 507 508 510 511 512 513 515 516 517 518 519 520 522 523 524 525 526 527 528 529 530 531 532 533 534 535 536 537 538 539 540 541 541 542 543 544 545 717 718 718 719 720 721 722 722 723 724 725 725 726 727 728 728 729
381 381 381 382 386 389 392 395 397 450 453 455 458 460 462 464 467 469 471 473 475 476 478 480 482 484 485 487 489 490 492 493 495 496 498 499 501 502 503 505 506 507 509 510 511 512 514 515 516 517 518 520 521 522 523 524 525 526 527 528 529 530 531 532 533 534 535 536 537 538 539 540 541 542 542 543 544 716 717 718 718 719 720 721 722 722 723 724 725 725 726 727 728 728
381 381 381 381 383 387 390 393 396 448 451 454 456 458 461 463 465 467 469 471 473 475 477 479 481 482 484 486 487 489 491 492 494 495 497 498 500 501 502 504 505 506 508 509 510 511 513 514 515 516 518 519 520 521 522 523 524 525 526 527 528 529 530 531 532 533 534 535 536 537 538 539 540 541 542 542 543 715 716 717 718 718 719 720 721 722 722 723 724 725 725 726 727 728
381 381 381 381 381 385 388 391 394 447 449 452 454 457 459 461 464 466 468 470 472 474 476 478 479 481 483 485 486 488 489 491 493 494 496 497 498 500 501 503 504 505 507 508 509 511 512 513 514 515 517 518 519 520 521 522 523 524 525 526 528 529 530 531 532 533 533 534 535 536 537 538 539 540 541 542 543 714 715 716 717 718 718 719 720 721 722 722 723 724 725 725 726 727
381 381 381 381 381 382 386 389 392 445 448 450 453 455 458 460 462 464 466 469 471 472 474 476 478 480 482 483 485 487 488 490 491 493 494 496 497 499 500 502 503 504 506 507 508 510 511 512 513 514 516 517 518 519 520 521 522 524 525 526 527 528 529 530 531 532 533 534 535 535 536 537 538 539 540 541 542 714 714 715 716 717 718 719 719 720 721 722 722 723 724 725 725 726
381 381 381 381 381 381 384 387 390 443 446 448 451 454 456 458 461 463 465 467 469 471 473 475 477 479 480 482 484 485 487 489 490 492 493 495 496 498 499 501 502 503 505 506 507 509 510 511 512 514 515 516 517 518 519 520 522 523 524 525 526 527 528 529 530 531 532 533 534 535 536 537 537 538 539 540 541 713 714 714 715 716 717 718 719 719 720 721 722 722 723 724 725 725
381 381 381 381 381 381 381 385 388 441 444 447 449 452 454 457 459 461 464 466 468 470 472 474 476 477 479 481 483 484 486 488 489 491 492 494 495 497 498 500 501 502 504 505 506 508 509 510 511 513 514 515 516 517 518 520 521 522 523 524 525 526 527 528 529 530 531 532 533 534 535 536 537 537 538 539 540 712 713 714 715 715 716 717 718 719 719 720 721 722 722 723 724 725
381 381 381 381 381 381 381 383 386 439 442 445 448 450 453 455 458 460 462 464 466 468 470 472 474 476 478 480 481 483 485 486 488 490 491 493 494 496 497 498 500 501 503 504 505 507 508 509 510 512 513 514 515 516 517 519 520 521 522 523 524 525 526 527 528 529 530 531 532 533 534 535 536 537 538 538 539 711 712 713 714 715 715 716 717 718 719 719 720 721 722 722 723 724
381 381 381 381 381 381 381 381 384 437 440 443 446 448 451 454 456 458 461 463 465 467 469 471 473 475 477 478 480 482 484 485 487 488 490 491 493 494 496 497 499 500 502 503 504 506 507 508 509 511 512 513 514 515 517 518 519 520 521 522 523 524 525 526 527 528 529 530 531 532 533 534 535 536 537 538 539 710 711 712 713 714 715 715 716 717 718 719 719 720 721 722 722 723
381 381 381 381 381 381 381 381 381 435 438 441 444 447 449 452 454 457 459 461 463 465 468 470 471 473 475 477 479 481 482 484 486 487 489 490 492 493 495 496 498 499 500 502 503 505 506 507 508 510 511 512 513 514 516 517 518 519 520 521 522 523 524 525 526 527 528 529 530 531 532 533 534 535 536 537 538 710 710 711 712 713 714 715 715 716 717 718 719 719 720 721 722 722
322 381 381 381 381 381 381 381 381 433 436 439 442 445 447 450 453 455 457 460 462 464 466 468 470 472 474 476 478 479 481 483 484 486 488 489 491 492 494 495 497 498 499 501 502 503 505 506 507 509 510 511 512 513 515 516 517 518 519 520 521 522 523 524 525 526 527 528 529 530 531 532 533 534 535 536 537 709 710 710 711 712 713 714 715 715 716 717 718 719 719 720 721 722
322 381 381 381 381 381 381 381 381 431 434 437 440 443 446 448 451 453 456 458 460 462 465 467 469 471 473 474 476 478 480 481 483 485 486 488 490 491 493 494 495 497 498 500 501 502 504 505 506 508 509 510 511 512 514 515 516 517 518 519 520 521 522 524 525 526 527 528 529 530 530 531 532 533 534 535 536 708 709 710 710 711 712 713 714 715 715 716 717 718 718 719 720 721
322 322 381 381 381 381 381 381 381 431 431 435 438 441 444 446 449 452 454 456 459 461 463 465 467 469 471 473 475 477 478 480 482 484 485 487 488 490 491 493 494 496 497 499 500 501 503 504 505 507 508 509 510 511 513 514 515 516 517 518 519 520 522 523 524 525 526 527 528 529 530 531 531 532 533 534 535 707 708 709 710 710 711 712 713 714 715 715 716 717 718 718 719 720
322 322 322 381 381 381 381 381 381 431 431 432 436 439 442 445 447 450 452 455 457 459 461 464 466 468 470 472 473 475 477 479 481 482 484 486 487 489 490 492 493 495 496 497 499 500 502 503 504 505 507 508 509 510 512 513 514 515 516 517 518 520 521 522 523 524 525 526 527 528 529 530 531 532 532 533 534 706 707 708 709 710 710 711 712 713 714 715 715 716 717 718 718 719
322 322 322 381 381 381 381 381 381 431 431 431 433 437 440 443 445 448 451 453 455 458 460 462 464 466 468 470 472 474 476 478 479 481 483 484 486 487 489 491 492 493 495 496 498 499 500 502 503 504 506 507 508 509 511 512 513 514 515 516 517 519 520 521 522 523 524 525 526 527 528 529 530 531 532 532 533 705 706 707 708 709 710 710 711 712 713 714 715 715 716 717 718 718
322 322 322 322 381 381 381 381 381 431 431 431 431 434 438 441 443 446 449 451 454 456 458 460 463 465 467 469 471 473 474 476 478 480 481 483 485 486 488 489 491 492 494 495 497 498 499 501 502 503 505 506 507 508 510 511 512 513 514 515 516 518 519 520 521 522 523 524 525 526 527 528 529 530 531 532 533 704 705 706 707 708 709 710 710 711 712 713 714 714 715 716 717 718
322 322 322 322 322 381 381 381 381 431 431 431 431 432 435 438 441 444 447 449 452 454 457 459 461 463 465 467 469 471 473 475 477 478 480 482 483 485 487 488 490 491 493 494 495 497 498 500 501 502 504 505 506 507 509 510 511 512 513 514 515 517 518 519 520 521 522 523 524 525 526 527 528 529 530 531 532 704 704 705 706 707 708 709 710 710 711 712 713 714 714 715 716 717
322 322 322 322 322 381 381 381 381 431 431 431 431 431 433 436 439 442 445 448 450 453 455 457 459 462 464 466 468 470 472 473 475 477 479 480 482 484 485 487 488 490 491 493 494 496 497 498 500 501 502 504 505 506 507 509 510 511 512 513 514 516 517 518 519 520 521 522 523 524 525 526 527 528 529 530 531 703 704 704 705 706 707 708 709 710 710 711 712 713 714 714 715 716
322 322 322 322 322 322 381 381 381 431 431 431 431 431 431 434 437 440 443 446 448 451 453 456 458 460 462 464 466 468 470 472 474 476 477 479 481 482 484 486 487 489 490 492 493 495 496 497 499 500 501 503 504 505 506 508 509 510 511 512 513 515 516 517 518 519 520 521 522 523 524 525 526 527 528 529 701 702 703 704 704 705 706 707 708 709 710 710 711 712 713 714 714 715
322 322 322 322 322 322 322 381 381 431 431 431 431 431 431 432 435 438 441 444 446 449 451 454 456 458 461 463 465 467 469 471 472 474 476 478 479 481 483 484 486 487 489 490 492 493 495 496 498 499 500 502 503 504 505 507 508 509 510 511 512 514 515 516 517 518 519 520 521 522 523 524 525 526 527 528 529 701 702 703 704 704 705 706 707 708 709 709 710 711 712 713 713 714
383 322 322 322 322 322 322 381 381 431 431 431 431 431 431 431 433 436 439 442 444 447 450 452 454 457 459 461 463 465 467 469 471 473 475 476 478 480 481 483 485 486 488 489 491 492 494 495 496 498 499 500 502 503 504 505 507 508 509 510 511 513 514 515 516 517 518 519 520 521 522 523 524 525 526 527 528 700 701 702 703 704 704 705 706 707 708 709 709 710 711 712 713 713
