testData/tiles/oneDegree/grid0.0-36.0-1.0-37.0.asc
ncols   200
nrows   200
xllcorner   0.0
yllcorner   36.0
cellsize   0.005
NODATA_value   -9999.0
[rows 126 to 167 of 200, columns 0 to 93 of 200]
203 204 204 205 205 205 206 206 207 207 211 212 212 212 213 213 214 214 215 216 216 216 217 217 217 218 218 219 219 219 219 220 220 220 221 221 221 222 222 222 223 223 223 223 224 226 226 226 227 227 227 227 228 228 228 228 228 229 229 230 230 230 230 231 231 231 231 231 231 231 231 232 232 232 232 232 231 231 231 231 231 231 231 231 231 231 231 231 231 231 231 231 231 231
204 204 205 205 205 206 206 207 207 207 212 212 212 213 213 214 214 214 216 216 216 217 217 217 218 218 219 219 219 220 220 220 221 221 221 221 222 222 222 223 223 223 224 224 227 227 228 228 228 228 229 229 229 228 228 229 229 229 229 229 231 231 231 231 231 231 232 232 232 232 232 232 232 232 232 232 232 232 233 233 232 232 232 232 232 232 232 231 231 231 231 231 231 231
204 204 205 205 206 206 206 207 207 208 208 212 213 213 214 214 214 215 215 216 217 217 218 218 218 219 219 219 220 220 220 221 221 221 222 222 222 222 223 223 223 224 224 227 228 228 228 228 229 229 229 229 230 230 230 230 230 231 231 231 231 231 231 232 232 232 232 232 232 232 232 233 233 233 233 233 233 233 233 233 233 233 233 233 232 232 232 232 232 232 232 232 232 232
204 205 205 206 206 206 207 207 208 208 208 213 213 213 214 214 215 215 215 217 217 217 218 218 219 219 219 220 220 220 221 221 221 222 222 222 223 223 223 224 224 224 227 228 228 228 228 229 229 229 229 230 230 230 230 231 231 231 231 231 233 233 233 233 233 232 233 233 233 233 233 233 233 233 233 233 233 233 234 234 234 234 234 234 234 234 234 232 232 232 232 232 232 232
205 205 205 206 206 207 207 207 208 209 210 210 214 215 215 216 216 216 217 218 218 219 219 220 220 220 220 220 220 221 221 221 222 222 222 223 223 223 224 224 224 225 228 228 228 229 229 229 229 230 230 230 230 231 231 231 231 231 232 232 232 233 233 234 234 234 234 234 234 234 233 234 234 234 234 234 234 234 234 234 234 234 234 234 234 234 234 234 234 234 234 233 233 233
206 206 207 207 208 208 208 209 209 210 210 210 211 215 216 216 216 217 217 217 219 219 220 220 220 221 221 221 222 222 222 223 223 223 224 224 224 225 225 225 226 228 228 229 229 229 229 230 230 230 230 231 231 231 231 232 232 232 232 232 233 234 234 234 234 234 234 235 235 235 235 235 235 235 234 234 234 235 235 235 235 235 235 235 235 235 235 235 234 234 234 234 234 234
206 207 207 207 208 208 209 209 209 210 210 211 211 215 216 216 217 217 217 218 219 220 220 220 221 221 221 222 222 222 223 223 223 224 224 224 225 225 225 226 229 229 230 230 230 230 231 231 231 231 231 231 231 232 232 232 232 232 233 233 233 233 234 235 235 235 235 235 235 235 235 236 236 236 236 236 236 236 235 235 235 235 235 235 235 235 235 235 235 235 235 235 235 235
206 207 207 208 208 209 209 209 210 210 211 211 211 212 216 217 217 217 218 218 219 220 220 221 221 221 222 222 222 223 223 223 224 224 225 225 225 225 226 229 229 230 230 230 231 231 231 231 232 232 232 233 233 233 233 233 233 233 233 233 233 234 235 235 235 235 235 236 236 236 236 236 236 236 236 236 236 237 237 237 237 237 236 236 236 236 236 236 235 235 235 235 235 235
207 207 208 208 208 209 209 210 210 210 211 211 212 212 216 217 217 218 218 218 219 220 221 221 221 222 222 222 223 223 224 224 224 225 225 225 226 226 229 230 230 230 230 231 231 231 232 232 232 232 233 233 233 233 234 234 234 234 235 235 235 235 234 235 236 236 236 236 236 236 236 237 237 237 237 237 237 237 237 237 237 237 237 237 237 236 236 236 236 236 236 236 236 236
207 207 208 208 209 209 210 210 210 211 211 212 212 212 213 217 218 218 218 219 219 220 221 221 222 222 222 223 223 224 224 224 225 225 225 226 226 229 230 230 230 231 231 231 231 232 232 232 233 233 233 233 234 234 234 234 235 235 235 235 235 236 236 236 237 237 237 237 237 237 237 237 237 237 237 237 237 238 238 238 238 238 238 238 238 238 238 238 237 236 236 236 236 236
207 208 208 209 210 210 211 211 212 212 212 213 213 214 214 219 219 219 220 220 220 221 221 223 223 223 224 224 225 225 225 225 225 225 226 226 226 230 230 230 231 231 231 232 232 232 232 233 233 233 234 234 234 234 235 235 235 235 235 236 236 236 236 236 237 238 238 238 238 238 238 238 238 238 238 238 238 238 238 238 238 238 238 238 238 238 238 238 238 238 238 238 237 237
209 209 209 210 210 211 211 212 212 212 213 213 214 214 214 215 219 220 220 220 221 221 222 223 223 224 224 224 225 225 226 226 226 227 227 227 231 231 231 232 232 232 232 232 232 233 233 233 233 234 234 234 235 235 235 235 235 236 236 236 236 237 237 237 237 238 238 239 239 239 239 239 239 239 239 238 238 239 239 239 239 239 239 239 239 239 239 239 238 238 238 238 238 238
209 209 210 210 211 211 211 212 212 213 213 213 214 214 215 215 220 220 220 221 221 222 222 222 224 224 224 225 225 226 226 226 227 227 227 231 231 231 232 232 232 233 233 233 234 234 234 235 235 235 234 235 235 235 235 236 236 236 236 237 237 237 237 237 238 238 239 239 239 239 239 240 240 240 240 240 240 240 240 239 239 239 239 239 239 239 239 239 239 239 239 239 239 239
209 210 210 210 211 211 212 212 213 213 213 214 214 215 215 215 216 220 221 221 221 222 222 223 223 224 225 225 226 226 226 227 227 227 231 231 231 232 232 232 233 233 233 234 234 234 235 235 235 236 236 236 236 237 237 237 236 237 237 237 237 237 238 238 238 238 238 240 240 240 240 240 240 240 240 240 240 241 241 241 241 241 240 240 240 240 240 240 239 239 239 239 239 239
209 210 210 211 211 212 212 212 213 213 214 214 214 215 215 216 216 221 221 221 222 222 223 223 223 224 225 226 226 226 227 227 227 228 231 231 232 232 233 233 233 234 234 234 234 235 235 235 236 236 236 237 237 237 237 238 238 238 238 239 239 239 238 238 239 239 239 239 240 240 240 241 241 241 241 241 241 241 241 241 241 241 241 241 241 241 240 240 240 240 240 240 240 240
210 210 210 211 211 212 212 213 213 214 214 214 215 215 216 216 216 217 221 222 222 222 223 223 224 224 224 226 226 227 227 227 228 231 231 232 232 233 233 233 234 234 234 235 235 235 235 236 236 236 237 237 237 238 238 238 238 239 239 239 239 239 240 240 240 240 239 239 240 241 241 241 241 241 241 241 241 242 242 242 242 242 242 242 242 242 242 242 241 240 240 240 240 240
210 210 211 211 212 212 212 214 214 215 215 216 216 216 217 217 218 218 223 223 223 224 224 225 225 225 226 226 227 227 227 228 231 231 232 232 233 233 233 234 234 234 235 235 235 236 236 236 237 237 237 237 238 238 238 238 239 239 239 239 240 240 240 240 240 241 241 241 241 241 241 242 242 242 242 242 242 242 242 242 242 242 242 242 242 242 242 242 242 242 242 242 241 241
211 212 212 212 213 213 214 214 215 215 215 216 216 217 217 218 218 218 219 223 224 224 224 225 225 226 226 226 227 228 229 232 232 233 233 234 234 234 235 235 235 235 235 235 236 236 236 237 237 237 238 238 238 238 239 239 239 239 240 240 240 240 241 241 241 241 241 241 242 242 242 242 243 243 243 242 242 243 243 243 243 243 243 243 243 243 243 243 242 242 242 242 242 242
211 212 212 213 213 214 214 214 215 215 216 216 217 217 217 218 218 219 219 220 224 224 225 225 226 226 226 227 227 228 229 232 233 233 234 234 234 235 235 235 236 236 236 237 237 237 238 238 237 238 238 238 239 239 239 239 240 240 240 240 241 241 241 241 241 242 242 242 242 242 242 243 243 244 244 244 244 244 243 243 243 243 243 243 243 243 243 243 243 243 243 243 243 243
212 212 212 213 213 214 214 215 215 216 216 216 217 217 218 218 219 219 219 220 224 225 225 226 226 226 227 227 228 228 231 233 233 233 234 234 235 235 235 236 236 236 237 237 237 238 238 238 239 239 239 240 240 240 240 240 240 240 241 241 241 241 241 242 242 242 242 242 243 243 243 243 243 243 244 244 244 245 245 245 245 244 244 244 244 244 244 244 243 243 243 243 243 243
212 212 213 213 214 214 214 215 215 216 216 217 217 218 218 218 219 219 220 220 221 225 225 226 226 227 227 227 228 231 232 232 232 234 234 235 235 235 236 236 236 237 237 237 238 238 238 239 239 239 240 240 240 241 241 241 241 242 242 242 241 242 242 242 242 243 243 243 243 243 243 243 244 244 244 244 245 245 245 245 245 245 245 245 245 244 244 244 244 244 244 244 244 243
211 212 213 213 214 214 215 215 216 216 217 217 217 218 218 219 219 220 220 220 221 225 226 226 227 227 227 228 231 232 232 232 233 233 235 235 235 236 236 236 237 237 237 238 238 239 239 239 240 240 240 240 241 241 241 242 242 242 242 243 243 243 243 244 243 243 243 243 244 244 244 244 244 244 244 244 245 246 246 246 246 246 246 246 246 246 246 246 245 244 244 244 244 244
211 212 213 214 214 215 215 215 216 216 217 217 218 218 219 219 219 220 220 221 221 222 226 226 227 227 228 228 231 232 232 233 233 233 234 235 236 236 236 237 237 237 238 238 239 239 239 240 240 240 241 241 241 241 242 242 242 243 243 243 243 244 244 244 244 244 245 245 245 244 244 244 245 245 245 245 245 245 245 246 246 246 246 246 246 246 246 246 246 246 245 245 245 244
211 213 213 215 215 216 216 217 217 218 218 218 219 219 220 220 221 221 222 222 222 223 223 228 228 229 229 232 233 233 234 234 234 235 234 235 235 236 237 237 237 238 238 239 239 239 240 240 240 241 241 241 242 242 242 242 243 243 243 244 244 244 244 245 245 245 245 245 246 246 246 246 245 245 245 245 246 246 246 246 247 247 247 247 247 247 247 247 247 246 246 246 246 245
213 213 214 214 215 216 216 217 217 218 218 219 219 220 220 220 221 221 222 222 223 223 224 228 228 229 232 233 233 233 234 234 235 235 235 236 236 237 238 238 239 239 240 239 239 240 240 240 241 241 241 242 242 242 243 243 243 243 244 244 244 244 245 245 245 245 246 246 246 246 246 246 247 247 247 247 246 246 246 246 246 246 247 247 247 247 247 247 247 247 247 247 247 246
213 213 214 214 215 215 217 217 218 218 218 219 219 220 220 221 221 222 222 222 223 223 224 224 229 232 232 233 233 234 234 235 235 235 236 236 237 237 237 238 239 240 240 240 241 241 241 242 242 242 242 242 242 243 243 243 244 244 244 244 245 245 245 245 246 246 246 246 246 247 247 247 247 247 247 247 248 248 248 247 247 247 247 247 248 248 248 248 248 247 247 247 247 247
213 214 214 215 215 215 216 216 218 218 219 219 220 220 221 221 221 222 222 223 223 224 224 224 229 232 233 233 234 234 234 235 235 236 236 236 237 237 238 238 238 240 240 241 241 241 242 242 242 243 243 243 244 244 244 245 244 244 245 245 245 245 246 246 246 246 247 247 247 247 247 247 248 248 248 248 248 248 248 248 248 248 247 247 247 247 248 248 248 248 248 248 248 247
213 214 214 215 215 216 216 217 217 218 219 219 220 220 221 221 222 222 223 223 223 224 224 225 228 233 233 233 234 234 235 235 236 236 236 237 237 238 238 238 239 239 240 241 241 242 242 242 243 243 243 244 244 244 245 245 245 246 246 246 246 246 246 246 247 247 247 247 247 248 248 248 248 248 248 248 249 249 249 249 249 249 249 249 249 248 248 249 249 248 248 248 248 248
214 214 214 215 215 216 216 217 217 218 218 220 220 221 221 221 222 222 223 223 224 224 225 228 228 229 233 234 234 235 235 235 236 236 237 237 238 238 238 239 239 240 240 240 241 242 242 243 243 243 244 244 245 245 245 245 246 246 246 247 247 247 248 248 248 247 247 248 248 248 248 248 249 249 249 249 249 249 249 249 249 249 249 249 249 249 249 249 248 249 249 249 249 248
214 214 215 215 216 216 217 217 217 218 218 219 220 221 221 222 222 223 223 223 224 224 225 228 229 229 234 234 234 235 235 236 236 237 237 237 238 238 239 239 239 240 240 241 241 241 243 243 243 244 244 245 245 245 246 246 246 247 247 247 247 248 248 248 248 249 249 249 249 249 249 249 249 249 249 249 250 250 250 250 250 250 250 250 250 250 250 250 250 249 249 249 249 249
214 214 215 216 217 217 218 218 219 219 220 220 220 221 222 223 223 224 224 225 225 226 229 229 230 230 231 235 236 236 237 237 236 237 237 238 238 239 239 239 240 240 241 241 241 242 242 242 244 244 245 245 245 246 246 246 247 247 247 248 248 248 248 249 249 249 249 250 250 250 250 250 250 250 250 250 250 250 250 250 250 250 250 250 250 250 250 250 250 250 250 250 250 249
215 216 216 216 217 217 218 218 219 219 220 220 221 221 222 222 224 224 224 225 225 229 229 230 230 231 231 232 236 236 237 237 238 238 239 239 239 240 240 241 241 241 241 241 242 242 242 243 243 244 245 245 246 246 246 247 247 247 248 248 248 249 249 249 249 250 250 250 250 250 251 251 251 251 251 250 250 251 251 251 251 251 251 251 251 251 251 251 250 250 250 250 250 250
215 216 216 217 217 218 218 219 219 220 220 220 221 221 222 222 223 224 225 225 226 229 230 230 230 231 231 232 236 237 237 238 238 238 239 239 240 240 241 241 241 242 242 243 243 243 244 244 244 244 244 245 246 246 247 247 247 248 248 248 249 249 249 250 250 250 250 251 251 251 251 251 251 252 252 252 252 252 251 251 251 251 251 251 251 251 251 251 251 251 251 251 250 250
215 216 216 217 217 218 218 219 219 220 220 221 221 222 222 223 223 223 224 225 229 229 230 230 231 231 232 232 232 237 237 238 238 239 239 240 240 240 241 241 242 242 242 243 243 244 244 244 245 245 246 246 246 247 247 247 248 248 248 249 249 249 250 250 250 250 251 251 251 251 252 252 252 252 252 252 252 253 253 253 253 252 252 252 252 252 252 252 251 251 251 251 251 251
216 216 217 217 218 218 218 219 219 220 220 221 221 222 222 223 223 224 224 228 228 229 230 230 231 231 232 232 233 233 238 238 238 239 239 240 240 241 241 241 242 242 243 243 244 244 244 245 245 246 246 246 247 247 247 248 249 249 249 249 249 250 250 250 251 251 251 251 252 252 252 252 252 253 253 253 253 253 253 253 253 253 253 253 252 252 252 252 252 252 252 252 251 251
216 216 217 217 218 218 219 219 220 220 221 221 221 222 222 223 223 224 224 228 228 229 229 231 231 232 232 232 233 233 238 238 239 239 240 240 240 241 241 242 242 243 243 243 244 244 245 245 245 246 246 247 247 247 248 248 249 249 250 251 251 251 250 251 251 251 252 252 252 252 253 253 253 253 253 253 253 254 254 254 254 254 254 254 254 254 254 253 252 252 252 252 252 252
216 216 217 217 218 218 219 219 220 220 221 221 222 222 223 223 224 224 227 228 228 229 229 230 230 232 232 233 233 234 234 238 239 239 240 240 241 241 242 242 242 243 243 244 244 245 245 245 246 246 247 247 247 248 248 249 249 249 250 250 250 252 252 252 252 253 252 252 253 253 253 253 253 254 254 254 254 254 254 254 254 254 254 254 254 254 254 254 254 253 253 253 252 252
216 217 217 218 218 218 219 219 220 220 221 221 222 222 223 223 224 224 228 228 229 229 230 230 230 231 231 233 233 234 234 235 239 240 240 241 241 241 242 242 243 243 244 244 244 245 245 246 246 247 247 247 248 248 248 249 249 250 250 250 251 251 251 253 253 253 253 254 254 254 253 254 254 254 254 254 254 255 255 255 255 255 255 255 255 255 255 255 254 254 254 254 253 253
215 217 217 219 219 220 220 221 221 222 222 223 223 223 224 224 225 228 229 229 230 230 231 231 232 232 233 233 234 235 235 236 240 241 240 241 241 242 242 243 243 243 244 244 245 245 246 246 246 247 247 248 248 248 249 249 250 250 250 251 251 251 252 252 252 254 254 254 254 255 255 255 255 255 255 255 255 255 255 255 255 255 255 255 255 255 255 255 255 255 255 255 254 254
216 217 217 218 218 220 220 221 221 222 222 223 223 224 224 225 228 229 229 230 230 230 231 231 232 232 233 233 234 234 235 235 237 241 242 242 242 243 243 244 244 245 244 245 245 245 246 246 247 247 248 248 248 249 249 250 250 250 251 251 251 252 252 252 253 253 253 254 255 255 255 256 256 256 256 256 255 256 256 256 256 256 256 256 256 256 256 256 255 255 255 255 255 255
216 217 217 218 218 219 219 221 221 222 222 223 223 224 224 225 228 229 229 230 230 231 231 232 232 233 233 233 234 234 235 235 236 236 242 242 243 243 244 244 244 245 245 246 246 247 247 248 247 247 248 248 249 249 249 250 250 251 251 251 252 252 252 253 253 253 254 254 254 255 256 256 256 256 257 257 257 257 257 256 256 256 256 256 256 256 256 256 256 256 256 255 255 255
217 217 218 218 219 219 220 220 221 222 222 223 223 224 224 228 228 229 229 230 230 231 231 232 232 233 233 234 234 235 235 236 236 236 237 241 243 243 244 244 245 245 246 246 246 247 247 248 248 249 249 250 250 249 250 250 251 251 251 252 252 252 253 253 253 254 254 254 255 255 255 255 256 257 257 257 257 258 258 258 258 257 257 257 257 257 257 257 256 256 256 256 256 255
