testData/tiles/oneDegree/grid24.0-14.0-25.0-15.0.asc
ncols   200
nrows   200
xllcorner   24.0
yllcorner   14.0
cellsize   0.005
NODATA_value   -9999.0
[rows 42 to 83 of 200, columns 0 to 94 of 200]
326 326 325 325 325 324 324 324 323 323 323 322 322 322 321 321 320 320 320 319 319 319 318 318 318 317 317 317 316 316 316 315 315 315 314 314 313 312 312 312 311 311 310 310 310 310 310 310 310 310 309 309 309 330 330 330 330 330 330 330 329 329 329 329 329 329 329 329 329 328 328 328 328 328 328 328 328 327 327 327 327 327 327 327 326 326 326 326 326 326 325 325 325 325 325
326 326 325 325 325 324 324 324 323 323 323 322 322 322 321 321 321 320 320 319 319 319 318 318 318 317 317 317 316 316 316 315 314 314 313 313 313 312 312 312 311 311 311 310 310 310 310 309 309 309 309 309 309 330 330 330 330 330 329 329 329 329 329 329 329 329 329 328 328 328 328 328 328 328 328 327 327 327 327 327 327 327 326 326 326 326 326 326 326 325 325 325 325 325 324
326 326 325 325 325 324 324 324 323 323 323 322 322 322 321 321 321 320 320 319 319 319 318 318 318 317 317 317 315 315 315 314 314 314 313 313 313 312 312 312 311 311 311 310 310 309 309 309 309 309 309 309 309 309 330 330 329 329 329 329 329 329 329 329 329 329 328 328 328 328 328 328 328 328 327 327 327 327 327 327 327 326 326 326 326 326 326 325 325 325 325 325 325 324 324
326 326 325 325 325 324 324 324 323 323 323 322 322 322 321 321 321 320 320 320 319 319 318 317 317 316 316 316 315 315 315 314 314 314 313 313 313 312 312 312 311 311 310 309 309 309 309 309 309 309 309 309 309 309 308 329 329 329 329 329 329 329 329 329 328 328 328 328 328 328 328 328 327 327 327 327 327 327 327 326 326 326 326 326 326 326 325 325 325 325 325 325 324 324 324
326 326 325 325 325 324 324 324 323 323 323 322 322 322 321 321 320 319 319 319 318 318 317 317 317 316 316 316 315 315 315 314 314 314 313 313 313 312 312 311 310 310 310 309 309 309 309 309 309 309 309 309 308 308 308 308 308 329 329 329 329 329 328 328 328 328 328 328 328 328 328 327 327 327 327 327 327 327 326 326 326 326 326 326 326 325 325 325 325 325 325 324 324 324 324
325 325 324 324 324 323 323 323 322 322 322 321 321 321 320 320 320 319 319 319 318 318 318 317 317 316 316 316 315 315 315 314 314 314 313 313 312 311 311 311 310 310 310 309 309 309 309 309 309 309 308 308 308 308 308 308 308 308 329 329 328 328 328 328 328 328 328 328 328 327 327 327 327 327 327 327 326 326 326 326 326 326 326 325 325 325 325 325 325 325 324 324 324 324 324
325 325 324 324 324 323 323 323 322 322 322 321 321 321 320 320 320 319 319 319 318 318 318 317 317 316 316 316 315 315 315 314 313 313 312 312 312 311 311 311 310 310 310 309 309 309 309 308 308 308 308 308 308 308 308 308 308 308 307 328 328 328 328 328 328 328 328 327 327 327 327 327 327 327 327 326 326 326 326 326 326 326 325 325 325 325 325 325 324 324 324 324 324 324 323
325 325 324 324 324 323 323 323 322 322 322 321 321 321 320 320 320 319 319 319 318 318 318 317 317 317 316 316 314 314 314 313 313 313 312 312 312 311 311 311 310 310 310 309 309 308 308 308 308 308 308 308 308 308 308 308 307 307 307 307 307 328 328 328 328 327 327 327 327 327 327 327 327 326 326 326 326 326 326 326 326 325 325 325 325 325 325 324 324 324 324 324 324 323 323
325 325 324 324 324 323 323 323 322 322 322 321 321 321 320 320 320 319 319 319 318 318 318 316 316 316 315 315 314 314 314 313 313 313 312 312 312 311 311 311 310 310 309 308 308 308 308 308 308 308 308 308 308 308 307 307 307 307 307 307 307 307 328 328 327 327 327 327 327 327 327 327 326 326 326 326 326 326 326 325 325 325 325 325 325 325 324 324 324 324 324 324 323 323 323
303 325 325 324 324 323 323 323 322 322 322 321 321 321 320 319 319 318 318 318 317 317 317 316 316 316 315 315 314 314 314 313 313 313 312 312 312 311 311 310 309 309 309 308 308 308 308 308 308 308 308 308 307 307 307 307 307 307 307 307 307 307 306 306 306 327 327 327 327 327 326 326 326 326 326 326 326 326 325 325 325 325 325 325 324 324 324 324 324 324 323 323 302 302 302
302 302 302 301 301 322 322 322 321 321 321 320 320 320 319 319 319 318 318 318 317 317 317 316 316 316 315 315 315 314 314 313 313 313 312 311 311 310 310 310 309 309 309 308 308 308 308 308 308 307 307 307 307 307 307 307 307 307 307 307 306 306 306 306 306 306 306 327 326 326 326 326 326 326 326 326 325 325 325 325 325 325 325 324 324 324 324 324 324 323 302 302 302 302 302
302 302 302 301 301 300 300 300 299 321 321 320 320 320 319 319 319 318 318 318 317 317 317 316 316 316 315 315 315 314 314 312 312 312 311 311 311 310 310 310 309 309 309 308 308 308 308 307 307 307 307 307 307 307 307 307 307 307 306 306 306 306 306 306 306 306 306 305 305 305 326 326 326 326 325 325 325 325 325 325 325 324 324 324 324 324 324 303 302 302 302 302 302 302 301
302 302 302 301 301 301 300 300 299 299 299 298 298 320 319 319 319 318 318 318 317 317 317 316 316 316 315 314 314 313 313 312 312 312 311 311 311 310 310 310 309 309 309 308 307 307 307 307 307 307 307 307 307 307 307 306 306 306 306 306 306 306 306 306 306 305 305 305 305 305 305 305 305 304 304 304 304 304 304 304 303 303 303 303 303 303 302 302 302 302 302 302 301 301 301
302 302 302 301 301 301 300 300 299 299 299 298 298 298 297 297 297 318 318 318 317 316 316 315 315 315 314 314 314 313 313 313 312 312 311 311 311 310 310 310 309 308 308 307 307 307 307 307 307 307 307 307 307 306 306 306 306 306 306 306 306 306 306 305 305 305 305 305 305 305 305 304 304 304 304 304 304 304 303 303 303 303 303 303 303 302 302 302 302 302 302 301 301 301 301
302 302 302 301 301 301 300 300 299 299 299 297 297 297 296 296 296 295 295 295 294 294 294 315 315 315 314 314 314 313 313 313 312 312 311 311 311 310 309 309 308 308 308 307 307 307 307 307 307 307 307 306 306 306 306 306 306 306 306 306 306 305 305 305 305 305 305 305 305 304 304 304 304 304 304 304 304 303 303 303 303 303 303 303 302 302 302 302 302 302 279 279 279 279 279
301 301 301 300 300 300 299 299 298 298 298 297 297 297 296 296 296 295 295 295 294 294 294 293 293 293 292 292 292 313 313 313 312 312 310 310 310 309 309 309 308 308 308 307 307 307 307 307 306 306 306 306 306 306 306 306 306 306 306 305 305 305 305 305 305 305 305 305 304 304 304 304 304 304 304 303 303 303 303 303 303 303 302 302 280 280 280 280 279 279 279 279 279 279 278
301 301 301 300 300 300 299 299 298 298 298 297 297 297 296 296 296 295 295 295 294 294 294 293 293 293 292 292 292 291 290 290 289 289 288 288 288 309 309 309 308 308 308 307 307 307 306 306 306 306 306 306 306 306 306 306 306 305 305 305 305 305 305 305 305 305 304 304 304 304 304 304 304 304 303 303 281 281 281 281 281 280 280 280 280 280 280 279 279 279 279 279 279 278 278
301 301 301 300 300 300 299 299 299 298 298 297 297 297 296 296 296 295 295 295 294 294 294 293 293 292 291 291 291 290 290 290 289 289 288 288 288 287 287 287 286 286 286 284 284 284 284 284 284 284 284 284 284 284 283 283 283 283 283 283 283 283 283 283 282 282 282 282 282 282 282 282 281 281 281 281 281 281 281 280 280 280 280 280 280 280 279 279 279 279 279 279 278 278 278
301 301 301 300 300 300 299 299 299 298 298 297 297 297 296 296 296 295 294 294 293 293 293 292 292 292 291 291 291 290 290 290 289 289 288 288 288 287 287 286 285 285 285 284 284 284 284 284 284 284 284 284 283 283 283 283 283 283 283 283 283 283 282 282 282 282 282 282 282 282 281 281 281 281 281 281 281 281 280 280 280 280 280 280 279 279 279 279 279 279 278 278 278 278 278
300 300 300 299 299 299 298 298 298 297 297 296 296 296 295 295 295 294 294 294 293 293 293 292 292 292 291 291 291 290 290 290 289 289 288 288 287 286 286 286 285 285 285 284 284 284 284 284 284 284 283 283 283 283 283 283 283 283 283 283 282 282 282 282 282 282 282 282 281 281 281 281 281 281 281 281 280 280 280 280 280 280 280 279 279 279 279 279 279 278 278 278 278 278 278
300 300 300 299 299 299 298 298 298 297 297 296 296 296 295 295 295 294 294 294 293 293 293 292 292 292 291 291 291 290 290 290 288 288 288 287 287 286 286 286 285 285 285 284 284 284 284 283 283 283 283 283 283 283 283 283 283 283 282 282 282 282 282 282 282 282 282 281 281 281 281 281 281 281 280 280 280 280 280 280 280 279 279 279 279 279 279 278 278 278 278 278 278 277 277
300 300 300 299 299 299 298 298 298 297 297 296 296 296 295 295 295 294 294 294 293 293 293 292 292 292 291 290 290 289 289 289 288 288 288 287 287 286 286 286 285 285 285 284 283 283 283 283 283 283 283 283 283 283 283 282 282 282 282 282 282 282 282 282 282 281 281 281 281 281 281 281 281 280 280 280 280 280 280 280 279 279 279 279 279 279 278 278 278 278 278 278 277 277 277
300 300 300 299 299 299 298 298 298 297 297 296 296 296 295 295 295 294 294 294 293 292 292 291 291 291 290 290 290 289 289 289 288 288 288 287 287 286 286 286 285 284 284 283 283 283 283 283 283 283 283 283 283 282 282 282 282 282 282 282 282 282 282 281 281 281 281 281 281 281 281 280 280 280 280 280 280 280 279 279 279 279 279 279 279 278 278 278 278 278 277 277 277 277 277
300 300 300 299 299 299 298 298 298 297 297 295 295 295 294 294 294 293 293 293 292 292 292 291 291 291 290 290 290 289 289 289 288 288 288 287 287 285 285 285 284 284 284 283 283 283 283 283 283 283 282 282 282 282 282 282 282 282 282 282 282 281 281 281 281 281 281 281 281 280 280 280 280 280 280 280 279 279 279 279 279 279 279 278 278 278 278 278 278 277 277 277 277 277 277
299 299 299 298 298 298 297 297 297 296 296 295 295 295 294 294 294 293 293 293 292 292 292 291 291 291 290 290 290 289 289 289 288 288 287 286 286 285 285 285 284 284 284 283 283 283 283 283 282 282 282 282 282 282 282 282 282 282 281 281 281 281 281 281 281 281 281 280 280 280 280 280 280 280 280 279 279 279 279 279 279 278 278 278 278 278 278 278 277 277 277 277 277 276 276
299 299 299 298 298 298 297 297 297 296 296 295 295 295 294 294 294 293 293 293 292 292 292 291 291 291 290 290 290 288 288 288 287 287 286 286 286 285 285 285 284 284 284 283 283 282 282 282 282 282 282 282 282 282 282 282 281 281 281 281 281 281 281 281 281 280 280 280 280 280 280 280 280 279 279 279 279 279 279 279 278 278 278 278 278 278 277 277 277 277 277 277 276 276 276
299 299 299 298 298 298 297 297 297 296 296 295 295 295 294 294 294 293 293 293 292 292 292 291 290 290 289 289 289 288 288 288 287 287 286 286 286 285 285 285 284 284 283 282 282 282 282 282 282 282 282 282 282 282 281 281 281 281 281 281 281 281 281 280 280 280 280 280 280 280 280 279 279 279 279 279 279 279 278 278 278 278 278 278 278 277 277 277 277 277 277 276 276 276 276
299 299 299 298 298 298 297 297 297 296 296 295 295 295 294 293 293 292 292 292 291 291 291 290 290 290 289 289 289 288 288 288 287 287 286 286 286 285 284 284 283 283 283 282 282 282 282 282 282 282 282 281 281 281 281 281 281 281 281 281 281 280 280 280 280 280 280 280 280 279 279 279 279 279 279 279 279 278 278 278 278 278 278 277 277 277 277 277 277 276 276 276 276 276 276
298 298 298 297 297 297 296 296 295 295 295 294 294 294 293 293 293 292 292 292 291 291 291 290 290 290 289 289 289 288 288 288 287 287 286 285 285 284 284 284 283 283 283 282 282 282 282 282 281 281 281 281 281 281 281 281 281 281 281 280 280 280 280 280 280 280 280 279 279 279 279 279 279 279 279 278 278 278 278 278 278 278 277 277 277 277 277 277 276 276 276 276 276 275 275
298 298 298 297 297 297 296 296 295 295 295 294 294 294 293 293 293 292 292 292 291 291 291 290 290 290 289 289 289 288 287 287 286 286 285 285 285 284 284 284 283 283 283 282 282 282 281 281 281 281 281 281 281 281 281 281 280 280 280 280 280 280 280 280 280 279 279 279 279 279 279 279 279 278 278 278 278 278 278 278 277 277 277 277 277 277 276 276 276 276 276 276 275 275 275
298 298 298 297 297 297 296 296 295 295 295 294 294 294 293 293 293 292 292 292 291 291 291 290 290 289 288 288 288 287 287 287 286 286 285 285 285 284 284 284 283 283 282 281 281 281 281 281 281 281 281 281 281 281 280 280 280 280 280 280 280 280 280 279 279 279 279 279 279 279 279 278 278 278 278 278 278 278 277 277 277 277 277 277 277 276 276 276 276 276 276 275 275 275 275
298 298 298 297 297 297 296 296 295 295 295 294 294 294 293 293 293 291 291 291 290 290 290 289 289 289 288 288 288 287 287 287 286 286 285 285 285 284 284 283 282 282 282 281 281 281 281 281 281 281 281 280 280 280 280 280 280 280 280 280 280 279 279 279 279 279 279 279 279 278 278 278 278 278 278 278 278 277 277 277 277 277 277 276 276 276 276 276 276 275 275 275 275 275 275
297 297 297 296 296 296 295 295 294 294 294 293 293 293 292 292 292 291 291 291 290 290 290 289 289 289 288 288 288 287 287 286 286 286 285 284 284 283 283 283 282 282 282 281 281 281 281 281 281 280 280 280 280 280 280 280 280 280 280 279 279 279 279 279 279 279 279 278 278 278 278 278 278 278 278 277 277 277 277 277 277 277 276 276 276 276 276 276 275 275 275 275 275 274 274
297 297 297 296 296 295 295 295 294 294 294 293 293 293 292 292 292 291 291 291 290 290 290 289 289 289 288 288 288 287 287 285 285 285 284 284 284 283 283 283 282 282 282 281 281 281 280 280 280 280 280 280 280 280 280 280 280 279 279 279 279 279 279 279 279 278 278 278 278 278 278 278 278 277 277 277 277 277 277 277 276 276 276 276 276 276 275 275 275 275 275 275 274 274 274
297 297 297 296 296 295 295 295 294 294 294 293 293 293 292 292 292 291 291 291 290 290 290 289 289 288 287 287 287 286 286 285 285 285 284 284 284 283 283 283 282 282 282 280 280 280 280 280 280 280 280 280 280 280 279 279 279 279 279 279 279 279 279 278 278 278 278 278 278 278 278 277 277 277 277 277 277 277 276 276 276 276 276 276 276 275 275 275 275 275 274 274 274 274 274
297 297 297 296 296 295 295 295 294 294 294 293 293 293 292 292 292 291 290 290 289 289 289 288 288 288 287 287 286 286 286 285 285 285 284 284 284 283 283 282 281 281 281 280 280 280 280 280 280 280 280 280 279 279 279 279 279 279 279 279 279 278 278 278 278 278 278 278 278 277 277 277 277 277 277 277 277 276 276 276 276 276 276 275 275 275 275 275 275 274 274 274 274 274 274
296 296 295 295 295 294 294 294 293 293 293 292 292 292 291 291 291 290 290 290 289 289 289 288 288 288 287 287 286 286 286 285 285 285 284 283 283 282 282 282 281 281 281 280 280 280 280 280 280 279 279 279 279 279 279 279 279 279 279 278 278 278 278 278 278 278 278 277 277 277 277 277 277 277 277 276 276 276 276 276 276 275 275 275 275 275 275 274 274 274 274 274 274 273 273
296 296 295 295 295 294 294 294 293 293 293 292 292 292 291 291 291 290 290 290 289 289 289 288 288 288 287 287 286 286 286 284 284 284 283 283 283 282 282 282 281 281 281 280 280 280 279 279 279 279 279 279 279 279 279 279 278 278 278 278 278 278 278 278 278 277 277 277 277 277 277 277 277 276 276 276 276 276 276 276 275 275 275 275 275 275 274 274 274 274 274 274 273 273 273
296 296 295 295 295 294 294 294 293 293 293 292 292 292 291 291 291 290 290 290 289 289 289 288 288 286 286 286 285 285 285 284 284 284 283 283 283 282 282 282 281 281 281 279 279 279 279 279 279 279 279 279 279 279 278 278 278 278 278 278 278 278 278 277 277 277 277 277 277 277 277 276 276 276 276 276 276 276 275 275 275 275 275 275 274 274 274 274 274 274 273 273 273 273 273
296 296 295 295 295 294 294 294 293 293 293 292 292 292 291 291 291 290 289 289 288 288 288 287 287 286 286 286 285 285 285 284 284 284 283 283 283 282 282 281 280 280 280 279 279 279 279 279 279 279 279 278 278 278 278 278 278 278 278 278 278 277 277 277 277 277 277 277 277 276 276 276 276 276 276 276 275 275 275 275 275 275 275 274 274 274 274 274 274 273 273 273 273 273 272
295 295 294 294 294 293 293 293 292 292 292 291 291 291 290 290 290 289 289 289 288 288 287 287 287 286 286 286 285 285 285 284 284 284 283 282 282 281 281 281 280 280 280 279 279 279 279 279 278 278 278 278 278 278 278 278 278 278 278 277 277 277 277 277 277 277 277 276 276 276 276 276 276 276 275 275 275 275 275 275 275 274 274 274 274 274 274 273 273 273 273 273 273 272 272
295 295 294 294 294 293 293 293 292 292 292 291 291 291 290 290 290 289 289 289 288 288 287 287 287 286 286 286 285 285 284 283 283 283 282 282 282 281 281 281 280 280 280 279 279 278 278 278 278 278 278 278 278 278 278 278 277 277 277 277 277 277 277 277 277 276 276 276 276 276 276 276 276 275 275 275 275 275 275 274 274 274 274 274 274 274 273 273 273 273 273 272 272 272 272
