testData/tiles/oneDegree/grid46.0-49.0-47.0-50.0.asc
ncols   200
nrows   200
xllcorner   46.0
yllcorner   49.0
cellsize   0.005
NODATA_value   -9999.0
[rows 0 to 47 of 200, columns 0 to 95 of 200]
102 102 102 102 102 101 101 100 100 99 98 98 97 96 95 95 94 93 92 91 91 90 89 88 87 86 86 85 84 83 82 81 80 80 80 80 80 80 80 80 80 80 80 80 80 80 80 80 80 80 80 80 80 80 80 80 80 80 80 80 80 80 80 80 80 80 80 80 80 62 62 62 62 62 62 62 62 62 62 62 62 62 62 62 62 62 62 62 62 62 62 62 62 62 62 62
103 103 103 103 103 102 102 101 100 100 99 98 97 97 96 95 94 93 93 92 91 90 89 88 87 87 86 85 84 83 82 81 81 80 80 80 80 80 80 80 80 80 80 80 80 80 80 80 80 80 80 80 80 80 80 80 80 80 80 80 80 80 80 80 80 80 80 80 80 62 62 62 62 62 62 62 62 62 62 62 62 62 62 62 62 62 62 62 62 62 62 62 62 62 62 62
104 104 104 104 103 103 102 102 101 100 99 99 98 97 96 95 95 94 93 92 91 90 89 89 88 87 86 85 84 83 83 82 81 80 80 80 80 80 80 80 80 80 80 80 80 80 80 80 80 80 80 80 80 80 80 80 80 80 80 80 80 80 80 80 80 80 80 80 80 80 62 62 62 62 62 62 62 62 62 62 62 62 62 62 62 62 62 62 62 62 62 62 62 62 62 62
105 105 105 105 104 104 103 102 101 101 100 99 98 97 96 96 95 94 93 92 91 90 90 89 88 87 86 85 84 84 83 82 81 80 80 80 80 80 80 80 80 80 80 80 80 80 80 80 80 80 80 80 80 80 80 80 80 80 80 80 80 80 80 80 80 80 80 80 80 80 80 62 62 62 62 62 62 62 62 62 62 62 62 62 62 62 62 62 62 62 62 62 62 62 62 62
106 106 106 105 105 104 103 103 102 101 100 99 98 98 97 96 95 94 93 92 92 91 90 89 88 87 86 85 84 84 83 82 81 80 80 80 80 80 80 80 80 80 80 80 80 80 80 80 80 80 80 80 80 80 80 80 80 80 80 80 80 80 80 80 80 80 80 80 80 80 80 62 62 62 62 62 62 62 62 62 62 62 62 62 62 62 62 62 62 62 62 62 62 62 62 62
107 107 107 106 105 105 104 103 102 101 100 99 99 98 97 96 95 94 93 92 92 91 90 89 88 87 86 85 85 84 83 82 81 80 80 80 80 80 80 80 80 80 80 80 80 80 80 80 80 80 80 80 80 80 80 80 80 80 80 80 80 80 80 80 80 80 80 80 80 80 80 80 62 62 62 62 62 62 62 62 62 62 62 62 62 62 62 62 62 62 62 62 62 62 62 62
107 108 107 107 106 105 104 103 102 101 100 100 99 98 97 96 95 94 93 93 92 91 90 89 88 87 86 86 85 84 83 82 81 80 80 80 80 80 80 80 80 80 80 80 80 80 80 80 80 80 80 80 80 80 80 80 80 80 80 80 80 80 80 80 80 80 80 80 80 80 80 80 80 62 62 62 62 62 62 62 62 62 62 62 62 62 62 62 62 62 62 62 62 62 62 62
108 109 108 107 106 105 104 103 102 101 101 100 99 98 97 96 95 94 93 93 92 91 90 89 88 87 86 86 85 84 83 82 81 80 80 80 80 80 80 80 80 80 80 80 80 80 80 80 80 80 80 80 80 80 80 80 80 80 80 80 80 80 80 80 80 80 80 80 80 80 80 80 80 62 62 62 62 62 62 62 62 62 62 62 62 62 62 62 62 62 62 62 62 62 62 62
107 108 107 107 106 105 104 103 102 101 100 100 99 98 97 96 95 94 93 93 92 91 90 89 88 87 86 86 85 84 83 82 81 80 80 80 80 80 80 80 80 80 80 80 80 80 80 80 80 80 80 80 80 80 80 80 80 80 80 80 80 80 80 80 80 80 80 80 80 80 80 80 80 80 62 62 62 62 62 62 62 62 62 62 62 62 62 62 62 62 62 62 62 62 62 62
107 107 107 106 105 105 104 103 102 101 100 99 99 98 97 96 95 94 93 92 92 91 90 89 88 87 86 85 85 84 83 82 81 80 80 80 80 80 80 80 80 80 80 80 80 80 80 80 80 80 80 80 80 80 80 80 80 80 80 80 80 80 80 80 80 80 80 80 80 80 80 80 80 80 80 62 62 62 62 62 62 62 62 62 62 62 62 62 62 62 62 62 62 62 62 62
106 106 106 105 105 104 103 103 102 101 100 99 98 98 97 96 95 94 93 92 92 91 90 89 88 87 86 85 84 84 83 82 81 80 80 80 80 80 80 80 80 80 80 80 80 80 80 80 80 80 80 80 80 80 80 80 80 80 80 80 80 80 80 80 80 80 80 80 80 80 80 80 80 80 80 62 62 62 62 62 62 62 62 62 62 62 62 62 62 62 62 62 62 62 62 62
105 105 105 105 104 104 103 102 101 101 100 99 98 97 96 96 95 94 93 92 91 90 90 89 88 87 86 85 84 84 83 82 81 80 80 80 80 80 80 80 80 80 80 80 80 80 80 80 80 80 80 80 80 80 80 80 80 80 80 80 80 80 80 80 80 80 80 80 80 80 80 80 80 80 80 80 62 62 62 62 62 62 62 62 62 62 62 62 62 62 62 62 62 62 62 62
104 104 104 104 103 103 102 102 101 100 99 99 98 97 96 95 95 94 93 92 91 90 89 89 88 87 86 85 84 83 83 82 81 80 80 80 80 80 80 80 80 80 80 80 80 80 80 80 80 80 80 80 80 80 80 80 80 80 80 80 80 80 80 80 80 80 80 80 80 80 80 80 80 80 80 80 80 62 62 62 62 62 62 62 62 62 62 62 62 62 62 62 62 62 62 62
103 103 103 103 103 102 102 101 100 100 99 98 97 97 96 95 94 93 93 92 91 90 89 88 87 87 86 85 84 83 82 81 81 80 80 80 80 80 80 80 80 80 80 80 80 80 80 80 80 80 80 80 80 80 80 80 80 80 80 80 80 80 80 80 80 80 80 80 80 80 80 80 80 80 80 80 80 62 62 62 62 62 62 62 62 62 62 62 62 62 62 62 62 62 62 62
102 102 102 102 102 101 101 100 100 99 98 98 97 96 95 95 94 93 92 91 91 90 89 88 87 86 86 85 84 83 82 81 80 80 80 80 80 80 80 80 80 80 80 80 80 80 80 80 80 80 80 80 80 80 80 80 80 80 80 80 80 80 80 80 80 80 80 80 80 80 80 80 80 80 80 80 80 80 62 62 62 62 62 62 62 62 62 62 62 62 62 62 62 62 62 62
101 101 101 101 101 101 100 100 99 99 98 97 96 96 95 94 93 93 92 91 90 89 89 88 87 86 85 84 84 83 82 81 80 80 80 80 80 80 80 80 80 80 80 80 80 80 80 80 80 80 80 80 80 80 80 80 80 80 80 80 80 80 80 80 80 80 80 80 80 80 80 80 80 80 80 80 80 80 80 62 62 62 62 62 62 62 62 62 62 62 62 62 62 62 62 62
100 101 100 100 100 100 99 99 98 98 97 97 96 95 95 94 93 92 92 91 90 89 88 87 87 86 85 84 83 83 82 81 80 80 80 80 80 80 80 80 80 80 80 80 80 80 80 80 80 80 80 80 80 80 80 80 80 80 80 80 80 80 80 80 80 80 80 80 80 80 80 80 80 80 80 80 80 80 80 62 62 62 62 62 62 62 62 62 62 62 62 62 62 62 62 62
100 100 100 99 99 99 99 98 98 97 97 96 95 95 94 93 93 92 91 90 90 89 88 87 86 86 85 84 83 82 81 81 80 80 80 80 80 80 80 80 80 80 80 80 80 80 80 80 80 80 80 80 80 80 80 80 80 80 80 80 80 80 80 80 80 80 80 80 80 80 80 80 80 80 80 80 80 80 80 80 62 62 62 62 62 62 62 62 62 62 62 62 62 62 62 62
99 99 99 99 98 98 98 97 97 96 96 95 95 94 93 93 92 91 91 90 89 88 88 87 86 85 84 84 83 82 81 80 80 80 80 80 80 80 80 80 80 80 80 80 80 80 80 80 80 80 80 80 80 80 80 80 80 80 80 80 80 80 80 80 80 80 80 80 80 80 80 80 80 80 80 80 80 80 80 80 80 62 62 62 62 62 62 62 62 62 62 62 62 62 62 62
98 98 98 98 98 97 97 97 96 96 95 95 94 94 93 92 92 91 90 89 89 88 87 86 86 85 84 83 82 82 81 80 80 80 80 80 80 80 80 80 80 80 80 80 80 80 80 80 80 80 80 80 80 80 80 80 80 80 80 80 80 80 80 80 80 80 80 80 80 80 80 80 80 80 80 80 80 80 80 80 80 62 62 62 62 62 62 62 62 62 62 62 62 62 62 62
97 97 97 97 97 96 96 96 95 95 95 94 93 93 92 92 91 90 90 89 88 87 87 86 85 84 84 83 82 81 80 80 80 80 80 80 80 80 80 80 80 80 80 80 80 80 80 80 80 80 80 80 80 80 80 80 80 80 80 80 80 80 80 80 80 80 80 80 80 80 80 80 80 80 80 80 80 80 80 80 80 80 62 62 62 62 62 62 62 62 62 62 62 62 62 62
96 96 96 96 96 96 95 95 95 94 94 93 93 92 92 91 90 90 89 88 88 87 86 85 85 84 83 82 82 81 80 80 80 80 80 80 80 80 80 80 80 80 80 80 80 80 80 80 80 80 80 80 80 80 80 80 80 80 80 80 80 80 80 80 80 80 80 80 80 80 80 80 80 80 80 80 80 80 80 80 80 80 62 62 62 62 62 62 62 62 62 62 62 62 62 62
95 95 95 95 95 95 95 94 94 93 93 93 92 92 91 90 90 89 88 88 87 86 86 85 84 83 83 82 81 80 80 80 80 80 80 80 80 80 80 80 80 80 80 80 80 80 80 80 80 80 80 80 80 80 80 80 80 80 80 80 80 80 80 80 80 80 80 80 80 80 80 80 80 80 80 80 80 80 80 80 80 80 80 62 62 62 62 62 62 62 62 62 62 62 62 62
94 94 94 94 94 94 94 93 93 93 92 92 91 91 90 90 89 89 88 87 87 86 85 84 84 83 82 82 81 80 80 80 80 80 80 80 80 80 80 80 80 80 80 80 80 80 80 80 80 80 80 80 80 80 80 80 80 80 80 80 80 80 80 80 80 80 80 80 80 80 80 80 80 80 80 80 80 80 80 80 80 80 80 80 62 62 62 62 62 62 62 62 62 62 62 62
93 93 93 93 93 93 93 93 92 92 92 91 91 90 90 89 88 88 87 87 86 85 85 84 83 83 82 81 80 80 80 80 80 80 80 80 80 80 80 80 80 80 80 80 80 80 80 80 80 80 80 80 80 80 80 80 80 80 80 80 80 80 80 80 80 80 80 80 80 80 80 80 80 80 80 80 80 80 80 80 80 80 80 80 62 62 62 62 62 62 62 62 62 62 62 62
93 93 93 92 92 92 92 92 91 91 91 90 90 89 89 88 88 87 87 86 85 85 84 83 83 82 81 81 80 80 80 80 80 80 80 80 80 80 80 80 80 80 80 80 80 80 80 80 80 80 80 80 80 80 80 80 80 80 80 80 80 80 80 80 80 80 80 80 80 80 80 80 80 80 80 80 80 80 80 80 80 80 80 80 80 62 62 62 62 62 62 62 62 62 62 62
92 92 92 92 92 91 91 91 91 90 90 90 89 89 88 88 87 87 86 85 85 84 83 83 82 81 81 80 80 80 80 80 80 80 80 80 80 80 80 80 80 80 80 80 80 80 80 80 80 80 80 80 80 80 80 80 80 80 80 80 80 80 80 80 80 80 80 80 80 80 80 80 80 80 80 80 80 80 80 80 80 80 80 80 80 62 62 62 62 62 62 62 62 62 62 62
91 91 91 91 91 90 90 90 90 89 89 89 88 88 87 87 86 86 85 85 84 84 83 82 82 81 80 80 80 80 80 80 80 80 80 80 80 80 80 80 80 80 80 80 80 80 80 80 80 80 80 80 80 80 80 80 80 80 80 80 80 80 80 80 80 80 80 80 80 80 80 80 80 80 80 80 80 80 80 80 80 80 80 80 80 80 62 62 62 62 62 62 62 62 62 62
90 90 90 90 90 90 89 89 89 89 88 88 88 87 87 86 86 85 85 84 83 83 82 82 81 80 80 80 80 80 80 80 80 80 80 80 80 80 80 80 80 80 80 80 80 80 80 80 80 80 80 80 80 80 80 80 80 80 80 80 80 80 80 80 80 80 80 80 80 80 80 80 80 80 80 80 80 80 80 80 80 80 80 80 80 80 80 62 62 62 62 62 62 62 62 62
89 89 89 89 89 89 89 88 88 88 87 87 87 86 86 85 85 84 84 83 83 82 82 81 80 80 80 80 80 80 80 80 80 80 80 80 80 80 80 80 80 80 80 80 80 80 80 80 80 80 80 80 80 80 80 80 80 80 80 80 80 80 80 80 80 80 80 80 80 80 80 80 80 80 80 80 80 80 80 80 80 80 80 80 80 80 80 62 62 62 62 62 62 62 62 62
88 88 88 88 88 88 88 87 87 87 87 86 86 86 85 85 84 84 83 83 82 82 81 80 80 80 80 80 80 80 80 80 80 80 80 80 80 80 80 80 80 80 80 80 80 80 80 80 80 80 80 80 80 80 80 80 80 80 80 80 80 80 80 80 80 80 80 80 80 80 80 80 80 80 80 80 80 80 80 80 80 80 80 80 80 80 80 80 62 62 62 62 62 62 62 62
87 87 87 87 87 87 87 87 86 86 86 86 85 85 84 84 83 83 83 82 81 81 80 80 80 80 80 80 80 80 80 80 80 80 80 80 80 80 80 80 80 80 80 80 80 80 80 80 80 80 80 80 80 80 80 80 80 80 80 80 80 80 80 80 80 80 80 80 80 80 80 80 80 80 80 80 80 80 80 80 80 80 80 80 80 80 80 80 62 62 62 62 62 62 62 62
131 131 131 131 131 131 131 131 131 130 130 130 129 129 129 128 128 127 127 126 81 80 80 80 80 80 80 80 80 80 80 80 80 80 80 80 80 80 80 80 80 80 80 80 80 80 80 80 80 80 80 80 80 80 80 80 80 80 80 80 80 80 80 80 80 80 80 80 80 80 80 80 80 80 80 80 80 80 80 80 80 80 80 80 80 80 80 80 80 62 62 62 62 62 62 62
131 131 131 130 130 130 130 130 130 129 129 129 129 128 128 127 127 127 126 126 125 125 125 125 125 125 125 125 125 125 125 125 125 125 125 125 125 125 125 125 125 125 125 125 80 80 80 80 80 80 80 80 80 80 80 80 80 80 80 80 80 80 80 80 80 80 80 80 80 80 80 80 80 80 80 80 80 80 80 80 80 80 80 80 80 80 80 80 80 62 62 62 62 62 62 62
130 130 130 130 129 129 129 129 129 129 128 128 128 127 127 127 126 126 125 125 125 125 125 125 125 125 125 125 125 125 125 125 125 125 125 125 125 125 125 125 125 125 125 125 125 125 125 125 125 125 125 125 125 125 125 125 125 125 125 125 125 125 125 125 125 80 80 80 80 80 80 80 80 80 80 80 80 80 80 80 80 80 80 80 80 80 80 80 80 80 62 62 62 62 62 62
129 129 129 129 129 129 128 128 128 128 128 127 127 127 126 126 125 125 125 125 125 125 125 125 125 125 125 125 125 125 125 125 125 125 125 125 125 125 125 125 125 125 125 125 125 125 125 125 125 125 125 125 125 125 125 125 125 125 125 125 125 125 125 125 125 125 125 125 125 125 125 125 125 125 125 125 125 125 125 125 125 125 80 80 80 80 80 80 80 80 62 62 62 62 62 62
128 128 128 128 128 128 128 127 127 127 127 126 126 126 125 125 125 125 125 125 125 125 125 125 125 125 125 125 125 125 125 125 125 125 125 125 125 125 125 125 125 125 125 125 125 125 125 125 125 125 125 125 125 125 125 125 125 125 125 125 125 125 125 125 125 125 125 125 125 125 125 125 125 125 125 125 125 125 125 125 125 125 125 125 125 125 125 125 125 125 125 107 107 107 107 107
127 127 127 127 127 127 127 126 126 126 126 126 125 125 125 125 125 125 125 125 125 125 125 125 125 125 125 125 125 125 125 125 125 125 125 125 125 125 125 125 125 125 125 125 125 125 125 125 125 125 125 125 125 125 125 125 125 125 125 125 125 125 125 125 125 125 125 125 125 125 125 125 125 125 125 125 125 125 125 125 125 125 125 125 125 125 125 125 125 125 125 125 107 107 107 107
126 126 126 126 126 126 126 126 125 125 125 125 125 125 125 125 125 125 125 125 125 125 125 125 125 125 125 125 125 125 125 125 125 125 125 125 125 125 125 125 125 125 125 125 125 125 125 125 125 125 125 125 125 125 125 125 125 125 125 125 125 125 125 125 125 125 125 125 125 125 125 125 125 125 125 125 125 125 125 125 125 125 125 125 125 125 125 125 125 125 125 125 107 107 107 107
125 125 125 125 125 125 125 125 125 125 125 125 125 125 125 125 125 125 125 125 125 125 125 125 125 125 125 125 125 125 125 125 125 125 125 125 125 125 125 125 125 125 125 125 125 125 125 125 125 125 125 125 125 125 125 125 125 125 125 125 125 125 125 125 125 125 125 125 125 125 125 125 125 125 125 125 125 125 125 125 125 125 125 125 125 125 125 125 125 125 125 125 125 107 107 107
125 125 125 125 125 125 125 125 125 125 125 125 125 125 125 125 125 125 125 125 125 125 125 125 125 125 125 125 125 125 125 125 125 125 125 125 125 125 125 125 125 125 125 125 125 125 125 125 125 125 125 125 125 125 125 125 125 125 125 125 125 125 125 125 125 125 125 125 125 125 125 125 125 125 125 125 125 125 125 125 125 125 125 125 125 125 125 125 125 125 125 125 125 107 107 107
125 125 125 125 125 125 125 125 125 125 125 125 125 125 125 125 125 125 125 125 125 125 125 125 125 125 125 125 125 125 125 125 125 125 125 125 125 125 125 125 125 125 125 125 125 125 125 125 125 125 125 125 125 125 125 125 125 125 125 125 125 125 125 125 125 125 125 125 125 125 125 125 125 125 125 125 125 125 125 125 125 125 125 125 125 125 125 125 125 125 125 125 125 125 107 107
125 125 125 125 125 125 125 125 125 125 125 125 125 125 125 125 125 125 125 125 125 125 125 125 125 125 125 125 125 125 125 125 125 125 125 125 125 125 125 125 125 125 125 125 125 125 125 125 125 125 125 125 125 125 125 125 125 125 125 125 125 125 125 125 125 125 125 125 125 125 125 125 125 125 125 125 125 125 125 125 125 125 125 125 125 125 125 125 125 125 125 125 125 125 107 107
127 127 127 127 127 126 126 126 126 126 126 126 126 126 126 126 126 125 125 125 125 125 125 125 125 125 125 125 125 125 125 125 125 125 125 125 125 125 125 125 125 125 125 125 125 125 125 125 125 125 125 125 125 125 125 125 125 125 125 125 125 125 125 125 125 125 125 125 125 125 125 125 125 125 125 125 125 125 125 125 125 125 125 125 125 125 125 125 125 125 125 125 125 125 125 107
128 128 128 128 128 128 128 128 128 128 128 127 127 127 127 127 127 127 127 127 127 127 126 126 126 126 126 126 126 126 126 126 125 125 125 125 125 125 125 125 125 125 125 125 125 125 125 125 125 125 125 125 125 125 125 125 125 125 125 125 125 125 125 125 125 125 125 125 125 125 125 125 125 125 125 125 125 125 125 125 125 125 125 125 125 125 125 125 125 125 125 125 125 125 125 107
130 130 129 129 129 129 129 129 129 129 129 129 129 129 128 128 128 128 128 128 128 128 128 128 128 128 127 127 127 127 127 127 127 127 127 127 126 126 126 126 126 126 126 126 126 125 125 125 125 125 125 125 125 125 125 125 125 125 125 125 125 125 125 125 125 125 125 125 125 125 125 125 125 125 125 125 125 125 125 125 125 125 125 125 125 125 125 125 125 125 125 125 125 125 125 125
131 131 131 131 130 130 130 130 130 130 130 130 130 130 130 130 130 129 129 129 129 129 129 129 129 129 129 129 128 128 128 128 128 128 128 128 128 128 127 127 127 127 127 127 127 127 127 127 126 126 126 126 126 126 126 126 125 125 125 125 125 125 125 125 125 125 125 125 125 125 125 125 125 125 125 125 125 125 125 125 125 125 125 125 125 125 125 125 125 125 125 125 125 125 125 125
132 132 132 132 132 131 131 131 131 131 131 131 131 131 131 131 131 131 130 130 130 130 130 130 130 130 130 130 130 129 129 129 129 129 129 129 129 129 129 129 128 128 128 128 128 128 128 128 128 127 127 127 127 127 127 127 127 127 126 126 126 126 126 126 126 126 125 125 125 125 125 125 125 125 125 125 125 125 125 125 125 125 125 125 125 125 125 125 125 125 125 125 125 125 125 125
