testData/tiles/oneDegree/grid11.0-30.0-12.0-31.0.asc
ncols   200
nrows   200
xllcorner   11.0
yllcorner   30.0
cellsize   0.005
NODATA_value   -9999.0
[rows 0 to 41 of 200, columns 94 to 187 of 200]
765 765 766 766 766 767 767 768 768 769 769 770 770 771 771 849 849 850 850 850 851 851 852 852 853 853 853 854 854 855 855 855 856 856 857 857 857 858 858 858 859 859 860 860 742 743 743 743 744 744 744 745 745 745 746 746 746 747 747 715 716 716 716 716 717 717 717 718 718 718 718 719 719 719 720 720 720 720 721 721 721 721 722 722 722 722 723 723 723 723 724 724 724 810
764 765 765 766 766 766 767 767 768 768 769 769 770 770 771 848 849 849 849 850 850 851 851 852 852 852 853 853 854 854 855 855 855 856 856 856 857 857 858 858 858 859 859 741 742 742 742 743 743 744 744 744 745 745 745 745 746 746 746 747 747 715 716 716 716 717 717 717 717 718 718 718 719 719 719 719 720 720 720 720 721 721 721 721 722 722 722 722 723 723 723 723 724 724
764 764 765 765 766 766 766 767 767 768 768 769 769 770 770 771 848 849 849 849 850 850 851 851 852 852 852 853 853 854 854 854 855 855 856 856 856 857 857 858 858 740 741 741 741 742 742 742 743 743 743 744 744 744 745 745 745 746 746 746 747 747 747 716 716 716 716 717 717 717 718 718 718 718 719 719 719 719 720 720 720 721 721 721 721 722 722 722 722 722 723 723 723 723
764 765 765 765 765 766 766 766 767 767 768 768 769 769 770 770 848 848 849 849 849 850 850 851 851 852 852 852 853 853 854 854 854 855 855 856 856 856 857 739 739 740 740 741 741 741 742 742 742 743 743 743 744 744 744 745 745 745 746 746 746 747 747 747 747 716 716 716 717 717 717 717 718 718 718 719 719 719 719 720 720 720 720 721 721 721 721 722 722 722 722 722 723 723
765 765 765 765 766 766 767 766 766 767 767 768 768 769 769 770 847 848 848 849 849 849 850 850 851 851 851 852 852 853 853 854 854 854 855 855 855 856 738 739 739 739 740 740 740 741 741 741 742 742 743 743 743 744 744 744 744 745 745 745 746 746 746 747 747 747 748 716 716 716 717 717 717 718 718 718 718 719 719 719 719 720 720 720 720 721 721 721 721 722 722 722 722 723
764 765 765 766 766 766 766 766 767 767 768 767 768 768 769 769 847 847 848 848 848 849 849 850 850 851 851 851 852 852 853 853 853 854 854 855 737 737 738 738 739 739 739 740 740 740 741 741 741 742 742 742 743 743 743 744 744 744 745 745 745 746 746 746 747 747 747 747 748 716 716 717 717 717 717 718 718 718 718 719 719 719 719 720 720 720 720 721 721 721 721 722 722 722
760 760 761 761 761 761 762 762 767 767 767 768 768 769 768 769 846 847 847 848 848 848 849 849 850 850 851 851 851 852 852 853 853 853 736 736 737 737 737 738 738 738 739 739 739 740 740 741 741 741 742 742 742 743 743 743 744 744 744 745 745 745 745 746 746 746 747 747 747 748 748 716 716 717 717 717 717 718 718 718 719 719 719 719 720 720 720 720 720 721 721 721 721 722
760 760 760 761 761 762 762 761 762 762 763 763 764 763 764 764 842 841 842 842 842 843 848 849 849 850 850 850 851 851 852 852 734 735 735 736 736 736 737 737 738 738 738 739 739 739 740 740 740 741 741 741 742 742 742 743 743 743 744 744 744 745 745 745 746 746 746 746 747 747 747 748 748 716 716 717 717 717 718 718 718 718 719 719 719 719 720 715 715 715 716 716 716 716
759 760 760 761 761 761 761 762 762 763 763 763 763 764 764 765 841 842 842 843 843 842 843 843 844 844 845 845 845 846 846 729 729 729 730 730 731 731 731 732 732 732 733 733 734 734 734 735 735 735 736 736 736 737 737 737 738 738 738 739 739 739 740 740 740 740 741 741 741 742 742 742 742 743 743 711 712 712 712 712 713 713 713 713 714 714 714 714 715 715 715 715 716 716
760 760 761 760 761 761 762 762 763 762 763 763 764 764 764 764 842 842 843 842 842 843 843 844 843 844 844 844 845 727 728 728 729 729 729 730 730 730 731 731 732 732 732 733 733 733 734 734 734 735 735 736 736 736 737 737 737 737 738 738 738 739 739 739 740 740 740 741 741 741 741 742 742 742 743 743 711 711 712 712 712 712 713 713 713 713 714 714 714 714 715 715 715 715
760 760 760 761 761 762 762 762 762 763 763 764 764 764 764 765 842 843 842 843 843 843 843 843 844 844 845 726 726 727 727 728 728 728 729 729 730 730 730 731 731 731 732 732 733 733 733 734 734 734 735 735 735 736 736 736 737 737 737 738 738 738 739 739 739 740 740 740 740 741 741 741 742 742 742 742 743 743 711 711 712 712 712 712 713 713 713 713 714 714 714 714 715 715
760 760 761 761 762 761 762 762 763 763 764 763 764 764 765 765 842 842 843 843 843 843 843 844 844 726 726 726 727 726 727 727 728 728 728 729 729 729 730 730 731 731 731 732 732 732 733 733 734 734 734 735 735 735 736 736 736 737 737 737 737 738 738 738 739 739 739 740 740 740 741 741 741 741 742 742 742 742 743 743 711 711 712 712 712 712 713 713 713 713 714 714 714 714
760 761 760 761 761 762 762 763 762 763 763 764 764 765 764 765 842 843 843 842 843 843 844 726 726 726 727 727 726 727 727 728 727 727 728 728 729 729 729 730 730 730 731 731 732 732 732 733 733 733 734 734 734 735 735 735 736 736 736 737 737 737 738 738 738 739 739 739 739 740 740 740 741 741 741 741 742 742 742 743 743 743 711 712 712 712 712 713 713 713 713 713 714 714
760 760 761 761 762 762 762 762 763 763 764 764 764 764 765 765 843 842 843 843 843 726 725 726 726 727 727 726 727 727 728 727 727 728 728 728 728 728 729 729 730 730 730 731 731 731 732 732 733 733 733 734 734 734 735 735 735 736 736 736 737 737 737 737 738 738 738 739 739 739 740 740 740 740 741 741 741 741 742 742 742 743 743 711 711 712 712 712 712 713 713 713 713 713
760 761 761 761 761 762 762 763 763 764 763 764 764 765 765 765 765 843 843 843 725 725 726 726 727 726 726 727 727 727 727 728 728 728 728 728 729 728 728 729 729 729 730 730 731 731 731 732 732 732 733 733 733 734 734 734 735 735 735 736 736 736 737 737 737 738 738 738 738 739 739 739 740 740 740 740 741 741 741 742 742 742 742 743 743 711 711 712 712 712 712 713 713 713
760 760 761 761 762 762 763 762 763 763 764 764 765 764 765 765 766 843 724 725 725 726 726 726 726 727 727 727 727 727 728 728 727 728 728 729 728 728 729 729 729 729 729 730 730 730 731 731 732 732 732 733 733 733 734 734 734 735 735 735 736 736 736 736 737 737 737 738 738 738 739 739 739 739 740 740 740 741 741 741 741 742 742 742 742 743 743 711 711 712 712 712 712 713
760 761 761 762 761 762 762 763 763 764 764 764 764 765 765 765 647 724 725 725 726 726 726 726 727 727 726 727 727 728 728 728 728 728 729 728 729 729 729 729 729 729 729 729 730 730 730 731 731 731 732 732 732 733 733 733 734 734 734 735 735 735 736 736 736 737 737 737 737 738 738 738 739 739 739 739 740 740 740 741 741 741 741 742 742 742 742 743 711 711 711 712 712 712
760 760 761 761 762 762 763 763 763 763 764 764 765 765 646 647 647 725 725 725 725 726 726 727 726 726 727 727 728 727 728 728 728 728 728 729 729 728 729 729 730 729 729 730 730 729 730 730 730 731 731 732 732 732 733 733 733 734 734 734 735 735 735 735 736 736 736 737 737 737 738 738 738 738 739 739 739 740 740 740 740 741 741 741 741 742 742 742 742 743 711 711 711 712
760 760 761 761 762 761 762 763 763 763 764 763 646 646 647 647 648 724 725 725 726 726 726 726 726 727 727 727 727 728 728 728 728 728 729 729 728 729 729 730 729 729 730 729 729 730 730 730 730 730 731 731 731 732 732 732 733 733 733 734 734 734 735 735 735 736 736 736 736 737 737 737 738 738 738 738 739 739 739 740 740 740 740 741 741 741 741 742 742 742 742 743 711 711
760 760 760 761 761 762 762 763 762 763 645 646 646 647 647 647 647 725 725 726 725 726 726 726 727 726 727 727 728 728 727 728 728 729 728 729 729 729 729 729 729 730 729 730 730 730 730 730 730 730 730 730 731 731 732 732 732 733 733 733 733 734 734 734 735 735 735 736 736 736 737 737 737 737 738 738 738 739 739 739 739 740 740 740 740 741 741 741 741 742 742 742 742 711
760 760 761 761 762 761 762 762 645 645 646 646 646 646 647 647 648 725 725 725 726 726 726 726 726 727 727 728 727 727 728 728 729 728 729 729 729 729 729 730 730 729 730 730 730 730 730 731 730 730 731 730 730 731 731 731 732 732 732 733 733 733 734 734 734 735 735 735 735 736 736 736 737 737 737 737 738 738 738 739 739 739 739 740 740 740 740 741 741 741 741 742 742 742
760 761 760 761 761 762 644 645 645 645 645 646 646 647 647 647 647 725 725 726 726 725 726 726 727 727 727 727 728 728 728 728 728 729 729 728 729 729 730 729 729 730 730 730 730 730 731 730 730 731 730 730 731 730 730 731 731 731 732 732 732 733 733 733 734 734 734 735 735 735 736 736 736 736 737 737 737 737 738 738 738 739 739 739 739 740 740 740 740 741 741 741 741 742
759 760 761 643 644 643 644 644 645 645 646 646 646 646 647 647 648 725 724 725 725 726 726 727 726 727 727 728 728 727 728 728 729 728 728 729 729 730 729 729 730 730 730 730 730 730 730 730 731 730 731 731 730 731 731 730 731 731 731 732 732 732 733 733 733 733 734 734 734 735 735 735 736 736 736 736 737 737 737 738 738 738 738 739 739 739 739 740 740 740 740 741 741 741
760 642 642 642 643 644 644 645 645 645 645 646 646 647 647 646 647 724 725 725 726 725 726 726 727 727 727 727 727 728 728 728 728 728 729 729 729 729 729 730 729 730 730 730 730 730 731 731 730 731 731 730 731 731 730 731 731 731 731 731 731 732 732 732 733 733 733 734 734 734 734 735 735 735 736 736 736 736 737 737 737 738 738 738 738 739 739 739 739 740 740 740 740 740
641 642 642 643 643 644 643 644 644 645 645 646 645 646 646 647 647 725 725 725 725 726 726 727 726 726 727 727 728 727 728 728 728 729 728 729 729 730 729 729 730 730 729 730 730 731 730 730 731 731 730 731 731 730 731 731 731 731 731 731 731 731 731 732 732 732 733 733 733 734 734 734 734 735 735 735 736 736 736 736 737 737 737 738 738 738 738 739 739 739 739 740 740 740
642 642 642 642 643 643 644 644 645 644 645 645 646 646 647 647 647 647 725 725 726 726 726 726 726 727 727 727 727 728 728 728 728 728 729 729 730 729 729 730 730 730 730 730 731 730 730 731 731 730 731 731 731 731 731 731 731 731 732 731 731 732 731 731 732 732 732 732 733 733 733 734 734 734 735 735 735 735 736 736 736 736 737 737 737 737 738 738 738 738 739 739 739 739
641 642 642 643 643 643 643 644 644 645 645 646 645 646 646 647 647 648 725 725 725 725 726 726 726 726 727 727 728 728 727 728 728 729 728 729 729 729 730 729 730 730 730 730 730 730 731 730 731 731 731 731 731 731 731 731 731 731 731 731 732 731 731 731 731 731 732 732 732 733 733 733 733 734 734 734 735 735 735 735 736 736 736 736 737 737 737 737 738 738 738 738 739 739
641 641 641 642 642 643 644 644 645 644 645 645 646 646 647 647 647 647 724 725 725 726 725 726 726 727 727 727 727 727 728 728 728 728 729 729 729 729 729 730 730 729 730 730 730 730 730 731 731 730 731 731 731 731 731 731 731 731 731 731 731 731 731 731 731 731 731 731 732 732 732 733 733 733 733 734 734 734 735 735 735 735 736 736 736 736 737 737 737 737 738 738 738 738
641 641 642 642 643 642 643 643 644 644 645 645 645 645 646 646 647 647 725 724 725 725 726 726 727 726 727 727 727 728 727 728 728 729 729 728 729 729 730 729 729 730 730 731 730 730 731 731 730 731 731 730 731 731 732 731 731 732 731 731 732 731 731 732 731 731 731 731 731 731 732 732 732 733 733 733 733 734 734 734 735 735 735 735 736 736 736 736 737 737 737 737 738 738
641 641 641 642 642 643 643 644 644 644 644 645 645 646 646 647 646 647 724 725 725 726 725 726 726 726 727 726 727 727 728 728 728 728 728 729 729 729 729 729 730 730 730 730 730 731 730 730 731 731 731 731 731 731 731 731 732 731 731 732 731 731 732 731 731 732 731 731 732 731 731 731 732 732 732 733 733 733 733 734 734 734 735 735 735 735 736 736 736 736 737 737 737 737
640 641 641 642 643 642 643 643 644 644 645 645 645 645 646 646 647 647 725 724 725 725 725 726 726 726 726 727 727 728 727 727 728 728 729 728 729 729 729 730 729 730 730 730 730 730 730 731 730 731 731 731 731 731 731 732 731 731 732 731 731 732 731 731 732 731 731 732 731 731 732 731 731 731 732 732 732 733 733 733 733 734 734 734 734 735 735 735 736 736 736 736 736 737
640 640 641 641 642 642 643 643 643 644 644 645 645 646 646 646 646 646 724 724 725 725 725 725 726 726 727 726 727 727 727 728 728 728 728 729 729 728 729 729 730 730 729 730 730 731 730 730 731 731 730 731 731 731 731 731 731 732 731 731 732 731 731 732 731 731 732 731 731 732 731 731 732 731 731 731 732 732 732 733 733 733 733 734 734 734 734 735 735 735 735 736 736 736
640 641 641 642 641 642 642 643 643 644 644 644 644 645 645 646 646 647 723 724 724 725 725 726 725 726 726 726 727 727 727 727 728 728 729 728 728 729 729 730 729 729 730 730 730 730 730 731 730 730 731 731 730 731 731 732 731 731 732 732 731 732 732 731 732 732 731 731 732 731 731 732 731 731 731 731 731 731 732 732 732 733 733 733 733 734 734 734 734 735 735 735 735 736
639 640 640 641 642 642 643 642 643 643 644 644 645 645 646 645 646 646 724 724 725 724 725 725 725 726 726 726 726 727 727 728 727 727 728 728 729 728 729 729 729 730 729 730 730 730 730 730 730 731 731 731 731 731 731 731 731 732 731 731 732 731 731 732 732 731 732 732 731 732 732 731 731 732 731 731 731 731 731 731 732 732 732 733 733 733 733 734 734 734 734 735 735 735
640 640 641 640 641 641 642 642 643 644 644 644 644 645 645 646 646 647 723 724 724 724 725 725 725 725 726 726 727 727 727 727 727 728 728 728 728 728 729 729 729 729 729 730 729 730 730 730 731 730 731 731 731 731 731 731 731 731 731 732 731 731 732 731 731 732 732 731 732 732 731 732 731 731 731 731 731 731 731 731 731 731 732 732 732 732 733 733 733 733 734 734 734 734
639 640 640 641 641 642 641 642 642 643 643 644 644 645 644 645 645 646 646 724 724 724 724 725 725 726 726 726 726 726 727 727 727 727 728 728 728 728 728 729 729 729 729 729 730 730 730 730 730 731 731 730 731 731 731 731 731 731 731 731 731 732 731 731 732 731 731 732 731 731 732 731 731 732 731 731 731 731 731 731 731 731 731 731 732 732 732 732 733 733 733 733 734 734
639 640 639 640 640 641 642 642 643 643 643 643 644 644 645 645 646 645 646 723 724 724 725 724 725 725 725 726 726 726 726 727 727 728 728 727 728 728 729 729 728 729 729 730 729 729 730 730 731 730 730 731 731 730 731 731 731 731 731 731 731 731 731 732 731 731 732 731 731 732 731 731 732 731 731 732 731 731 731 731 731 730 730 731 731 731 732 732 732 732 733 733 733 733
639 639 640 640 641 640 641 641 642 642 643 643 644 644 644 645 645 646 646 723 723 723 724 724 725 725 725 725 726 726 727 727 726 727 727 728 728 728 728 728 729 729 729 729 729 730 730 730 730 730 731 730 730 731 731 730 731 731 732 731 731 732 731 731 732 732 731 731 732 731 731 732 731 731 732 731 731 731 731 731 730 731 731 730 730 731 731 731 731 732 732 732 732 733
638 638 639 639 640 641 641 642 642 642 642 643 643 644 644 645 644 645 645 723 723 724 724 724 724 725 725 726 726 725 726 726 727 727 727 727 727 728 728 729 728 729 729 729 729 729 730 730 730 730 730 730 731 730 730 731 731 731 731 731 732 731 731 732 731 731 732 731 731 731 732 731 731 732 731 731 732 731 731 730 731 731 730 731 730 730 730 731 731 731 731 732 732 732
638 639 639 640 639 640 640 641 641 642 643 643 643 643 644 644 645 645 646 722 723 723 724 724 725 725 724 725 725 726 726 726 726 727 727 727 728 727 728 728 728 729 728 729 729 729 729 729 730 730 730 730 730 730 731 730 731 731 731 731 731 731 732 731 731 732 731 731 732 731 731 731 731 731 731 731 731 731 731 731 731 730 731 731 730 730 730 730 730 731 731 731 731 732
637 638 638 639 640 640 641 640 641 641 642 642 643 643 644 643 644 644 645 722 723 723 723 723 724 724 725 725 725 725 726 726 726 727 726 727 727 728 728 727 728 728 729 729 728 729 729 730 730 729 730 730 730 730 730 731 731 730 731 731 731 731 731 731 731 731 731 732 731 731 732 731 731 731 731 731 731 731 731 731 730 731 731 730 731 730 730 730 730 730 730 730 731 731
638 638 638 638 639 639 640 641 641 642 642 642 642 643 643 644 644 645 644 722 722 723 723 724 724 724 724 725 725 725 726 725 726 726 727 727 726 727 727 728 728 728 728 728 729 729 729 729 729 730 730 729 730 730 731 730 730 731 731 730 731 731 731 731 731 731 731 731 731 732 731 731 732 731 731 731 731 731 731 731 731 731 730 731 730 730 731 730 730 729 730 730 730 730
