testData/tiles/oneDegree/grid41.0-11.0-42.0-12.0.asc
ncols   200
nrows   200
xllcorner   41.0
yllcorner   11.0
cellsize   0.005
NODATA_value   -9999.0
[rows 84 to 125 of 200, columns 0 to 92 of 200]
1025 1024 1024 1022 1021 1019 1019 1018 1016 1016 1014 1013 1011 1010 917 915 914 913 911 909 908 908 906 905 902 901 899 899 897 896 895 893 939 937 936 934 933 931 930 928 927 925 924 921 920 918 917 915 913 911 910 907 906 904 902 900 898 896 894 892 890 888 885 883 880 879 876 874 871 869 866 863 861 858 856 853 850 847 844 841 838 834 831 828 826 811 810 810 809 808 808 807 806
1028 1026 1026 1024 1024 1023 1021 1021 1018 1018 1017 1016 1015 920 920 917 916 915 914 913 911 910 908 907 906 904 903 901 900 898 897 895 894 939 938 936 935 934 932 931 929 928 926 925 922 921 919 918 916 914 912 911 908 907 905 902 901 898 897 894 893 890 888 886 884 881 879 877 874 872 869 867 864 861 859 856 854 850 847 845 841 839 835 831 828 825 825 810 809 809 808 807 807
1030 1029 1028 1028 1026 1025 1023 1023 1022 1021 1020 1018 1017 923 921 921 919 918 917 915 914 912 912 910 909 906 905 904 903 902 899 898 896 895 940 939 937 936 934 933 931 930 928 927 925 923 921 920 918 916 914 913 911 909 907 905 903 902 899 898 895 893 891 888 887 884 882 879 878 875 872 870 867 865 862 860 857 853 851 848 845 842 838 836 832 828 825 824 824 809 808 808 807
1033 1032 1030 1030 1028 1028 1027 1026 1025 1022 1022 1021 927 926 924 924 922 920 919 918 917 915 914 912 911 910 908 907 905 904 902 901 899 897 895 894 940 938 937 935 934 932 931 929 928 925 924 922 921 919 917 915 914 911 910 908 905 904 901 900 897 896 893 892 889 887 885 882 880 877 876 873 871 868 865 863 859 857 854 851 848 845 843 839 835 833 829 825 824 823 809 808 807
1035 1034 1033 1032 1032 1030 1029 1027 1027 1026 1025 931 929 928 927 925 925 923 922 920 919 918 916 916 914 912 910 909 908 907 905 903 902 900 899 896 895 940 939 937 936 934 933 931 930 928 926 924 923 921 920 917 916 914 912 910 909 906 905 902 901 898 897 894 891 890 887 885 883 881 878 875 873 870 868 865 863 860 857 855 851 849 846 842 840 836 832 829 826 824 823 822 808
1039 1037 1036 1034 1034 1033 1032 1031 1029 1029 934 933 932 930 930 928 927 926 924 923 922 921 919 917 917 915 914 912 910 908 908 906 905 902 901 899 898 897 894 940 938 937 935 934 932 931 928 927 925 924 922 920 918 917 914 913 911 908 907 904 903 900 899 896 895 892 891 888 885 883 881 879 876 874 871 868 866 863 861 858 854 852 849 846 843 839 837 833 829 826 823 822 822
1040 1039 1038 1038 1036 1036 1034 1033 1032 938 937 935 935 933 931 931 929 929 927 926 924 923 922 920 919 918 916 914 913 912 910 909 907 906 904 903 900 899 897 896 940 939 937 936 934 933 930 929 927 926 924 922 920 919 917 915 913 911 909 908 905 904 901 899 897 894 893 890 888 886 884 881 878 876 874 872 869 866 863 860 858 855 852 849 846 843 840 836 833 829 826 823 822
1043 1042 1041 1039 1038 1037 1037 1035 942 940 940 938 936 936 934 934 932 930 930 928 927 925 925 922 921 920 919 918 915 914 912 911 909 908 906 905 903 902 900 898 897 895 941 938 937 934 933 931 930 928 927 924 923 921 920 917 916 914 911 910 907 906 903 902 899 898 895 893 891 888 886 884 882 879 877 874 871 869 866 864 861 858 855 852 849 846 843 840 836 833 830 826 822
1044 1044 1043 1042 1042 1040 1039 945 943 943 941 941 939 938 937 935 935 933 932 930 929 928 926 926 924 923 920 919 918 917 916 913 912 910 909 907 906 904 903 901 900 897 896 940 939 936 935 933 932 930 929 926 925 923 922 919 918 916 914 912 910 908 906 904 901 900 897 896 893 891 889 887 884 881 879 877 875 872 869 867 863 861 858 855 852 849 847 843 839 837 833 829 826
1047 1047 1046 1045 1043 1042 948 948 946 945 944 942 942 940 939 938 937 935 934 933 931 931 929 928 925 925 924 922 921 919 918 916 915 913 911 909 908 906 905 903 901 900 898 896 894 940 938 936 934 933 930 929 927 926 923 922 920 918 916 914 912 910 909 906 905 902 900 898 895 894 891 889 886 885 882 879 877 874 872 869 866 864 861 858 855 852 849 846 843 840 836 833 829
1051 1048 1048 1046 1046 952 951 950 948 947 946 945 944 943 942 940 939 938 936 936 934 932 932 930 929 927 926 924 923 921 920 919 917 916 914 913 910 909 907 906 904 902 900 899 897 895 940 939 937 934 932 931 929 928 925 924 922 920 918 917 914 913 911 908 907 904 903 900 898 896 894 891 889 887 884 882 879 877 874 871 869 866 864 861 858 855 852 849 846 843 839 836 833
1052 1051 1050 1050 1048 954 952 952 951 950 949 947 946 945 944 943 941 941 938 937 937 935 934 932 931 929 928 927 926 924 922 921 919 918 915 915 913 912 910 908 907 905 904 901 900 898 897 893 939 937 936 934 932 929 928 926 924 922 920 919 916 915 912 911 909 907 905 903 900 898 896 893 892 889 887 884 882 880 877 875 872 869 867 863 861 858 855 852 849 845 843 839 835
1055 1054 1052 1051 957 956 956 954 954 951 950 950 948 948 946 945 944 942 942 940 939 937 936 935 933 933 931 929 927 926 925 924 921 920 919 917 916 913 912 910 910 907 906 903 902 899 898 896 895 940 938 936 934 932 930 928 927 924 923 921 919 917 914 913 911 909 907 905 902 901 898 896 894 891 889 887 885 882 879 877 874 872 869 866 864 861 858 855 852 849 846 842 839
1056 1056 1054 961 960 959 957 956 955 954 953 952 951 949 949 947 946 945 944 941 941 940 938 938 936 934 932 932 931 929 927 925 924 923 922 919 918 916 915 912 911 909 908 905 904 903 901 900 897 896 894 939 936 934 933 931 928 926 925 922 921 919 917 915 913 911 909 907 904 903 900 899 896 894 891 889 887 884 882 879 876 874 871 869 866 863 861 857 855 852 848 846 842
1058 1058 964 962 962 960 959 959 957 957 954 954 953 952 951 949 948 947 945 945 943 942 940 939 938 937 936 933 932 930 930 928 926 924 923 922 920 919 917 916 914 912 910 909 907 906 903 902 899 898 895 894 892 938 935 933 931 930 926 925 923 920 919 917 915 913 911 909 907 905 903 901 898 896 894 892 889 886 884 881 880 877 874 872 868 866 863 860 858 854 852 848 845
1061 966 966 964 964 963 962 960 959 958 958 956 956 954 952 952 950 950 948 946 945 944 943 941 941 938 937 936 935 933 931 930 928 928 926 924 922 921 919 917 915 914 912 911 908 907 905 904 901 900 898 897 894 892 937 936 933 931 929 927 925 923 921 919 917 916 913 911 909 907 905 902 901 898 895 894 891 889 886 885 882 879 877 874 871 869 865 863 860 857 854 851 847
970 969 968 968 965 965 963 963 962 961 960 958 957 956 955 954 953 951 950 949 948 946 946 943 942 940 940 939 936 935 934 933 931 929 927 926 925 923 922 920 919 917 915 913 912 910 908 906 905 903 900 898 897 895 893 891 936 934 932 930 927 925 923 921 919 917 915 913 911 909 907 904 903 900 898 896 894 891 888 887 884 882 879 876 874 871 868 865 862 860 857 853 851
971 971 970 969 968 967 967 965 964 962 961 961 959 959 956 956 955 953 953 951 949 948 947 946 945 943 941 940 939 938 935 934 933 932 931 928 927 925 924 922 920 918 917 915 913 911 910 908 906 904 903 901 899 897 895 893 891 889 935 931 930 928 926 923 922 919 917 915 913 911 909 907 905 902 900 898 896 893 891 889 886 884 881 879 876 873 871 868 864 862 859 857 853
974 973 972 971 970 968 968 966 966 965 964 962 961 960 960 958 957 955 954 952 952 951 949 948 946 945 944 943 941 939 938 937 936 933 932 930 929 928 926 924 923 922 919 918 916 915 912 911 909 908 905 903 901 900 897 896 894 891 889 934 933 929 928 926 924 921 919 917 915 913 910 909 906 905 902 900 898 895 893 890 889 886 883 881 878 876 873 870 868 864 861 859 855
976 975 974 973 972 971 970 970 967 967 965 965 964 962 962 959 959 958 956 956 954 952 951 950 948 948 946 944 943 942 941 938 937 935 935 933 931 930 928 927 924 923 921 920 917 916 914 913 910 909 907 906 903 902 900 898 895 894 892 889 887 933 931 927 926 923 921 919 917 915 913 911 908 907 904 902 900 898 895 892 891 888 886 883 880 878 875 873 870 867 864 861 858
978 977 976 975 974 973 971 971 969 969 968 967 965 964 963 963 961 960 958 957 955 955 954 951 951 949 948 946 946 943 942 941 940 938 936 935 933 932 929 929 927 926 923 922 920 919 916 915 913 912 909 907 905 904 901 900 898 896 893 892 890 887 885 931 928 926 924 922 919 916 915 912 911 908 907 904 901 900 897 895 892 890 888 885 883 880 877 875 872 870 866 863 861
981 980 979 978 977 976 975 974 974 971 971 969 969 968 966 965 963 963 961 960 960 956 955 954 953 951 949 949 947 946 944 943 941 940 938 937 935 934 933 931 929 927 926 924 922 920 919 917 915 913 912 910 908 906 905 902 900 898 897 894 891 890 888 885 883 929 925 924 921 920 916 914 912 910 908 906 904 901 899 897 894 892 890 887 885 882 880 877 874 872 868 865 863
1071 1070 1069 1068 1067 1066 1065 1063 1063 1061 1061 1060 1059 1057 969 968 966 965 963 962 961 959 959 957 955 954 953 952 950 948 946 945 943 942 941 939 938 936 934 932 931 929 927 925 925 923 921 919 917 915 913 911 910 908 906 904 903 900 898 896 895 891 890 888 887 883 881 926 923 922 919 917 914 913 910 907 906 903 901 899 896 894 891 889 887 884 882 879 877 874 870 868 865
1073 1072 1071 1069 1069 1068 1067 1066 1065 1065 1062 1061 1060 1059 1058 1057 1056 1054 1053 1052 1051 1049 1048 1047 1045 1045 1042 1040 1039 1038 1037 1034 1033 1032 1030 1028 1026 1024 1023 1022 1020 1018 1017 1015 1013 925 923 922 919 918 916 915 912 910 908 907 904 902 901 897 896 894 893 889 888 886 883 881 927 924 921 919 917 914 912 910 907 905 903 900 899 896 893 891 888 886 884 881 879 875 873 870 867
1075 1075 1073 1073 1072 1071 1070 1068 1067 1067 1065 1065 1063 1062 1061 1059 1059 1057 1057 1055 1053 1053 1051 1050 1047 1046 1045 1043 1043 1040 1039 1037 1036 1034 1032 1030 1029 1029 1026 1024 1022 1021 1018 1017 1015 1014 1011 1010 1008 1007 1004 1003 1001 1000 997 996 993 992 989 988 986 983 981 979 977 974 973 970 968 966 1011 1008 919 917 914 912 909 907 905 902 900 898 896 893 890 888 885 883 880 877 875 872 869
1078 1078 1077 1076 1074 1073 1072 1072 1070 1070 1067 1067 1067 1066 1065 1064 1062 1061 1060 1059 1057 1056 1053 1052 1052 1050 1049 1047 1046 1044 1043 1041 1039 1037 1035 1034 1032 1030 1028 1027 1024 1023 1021 1019 1017 1015 1013 1012 1009 1008 1006 1005 1002 1001 999 998 995 994 991 989 987 986 983 981 979 978 974 972 970 968 966 963 1009 1005 1004 1001 998 996 993 992 989 986 984 982 980 977 974 972 969 967 964 961 959
1082 1081 1080 1079 1078 1078 1076 1076 1073 1073 1072 1071 1070 1069 1067 1067 1065 1064 1062 1060 1059 1058 1057 1056 1055 1052 1052 1050 1049 1047 1045 1044 1042 1041 1038 1038 1035 1034 1031 1030 1028 1026 1026 1023 1022 1019 1017 1014 1013 1011 1009 1007 1006 1003 1001 999 998 996 993 992 989 987 985 984 981 979 977 975 972 970 968 965 963 961 1005 1003 1001 998 995 993 990 989 986 983 981 979 977 974 971 969 966 964 961
1092 1091 1089 1089 1087 1085 1085 1084 1083 1081 1081 1076 1075 1075 1072 1072 1070 1068 1066 1065 1064 1062 1060 1058 1057 1055 1055 1052 1050 1050 1048 1047 1044 1043 1041 1040 1038 1036 1035 1033 1032 1029 1028 1026 1025 1021 1020 1018 1017 1013 1012 1010 1008 1005 1004 1001 999 997 996 993 992 989 988 985 983 981 978 977 974 973 969 968 966 962 961 958 1003 1000 998 995 992 990 988 986 983 980 978 975 973 971 968 965 962
1101 1099 1098 1097 1096 1095 1094 1092 1091 1089 1088 1087 1086 1084 1081 1081 1078 1078 1077 1074 1073 1071 1070 1068 1066 1065 1062 1061 1059 1058 1055 1054 1051 1050 1047 1045 1044 1041 1039 1037 1035 1033 1032 1027 1026 1024 1023 1020 1018 1016 1014 1012 1010 1008 1006 1004 1003 1000 998 995 994 991 989 987 986 983 981 979 976 974 972 969 967 966 962 960 958 954 1000 997 994 992 989 987 985 983 980 977 975 972 970 967 964
1108 1108 1106 1106 1105 1103 1103 1100 1100 1098 1098 1096 1094 1093 1090 1090 1089 1087 1085 1084 1083 1081 1079 1077 1074 1074 1072 1070 1067 1067 1066 1062 1060 1059 1057 1055 1054 1049 1049 1047 1045 1042 1039 1037 1035 1033 1030 1028 1025 1023 1021 1018 1015 1014 1011 1009 1005 1004 1002 997 996 994 993 989 987 985 983 980 979 976 974 972 969 967 964 963 959 958 955 952 997 994 992 989 986 984 981 980 977 974 972 969 966
1117 1116 1113 1113 1113 1110 1110 1108 1108 1105 1104 1103 1101 1100 1100 1097 1095 1094 1092 1091 1088 1087 1086 1084 1082 1081 1079 1077 1077 1074 1071 1069 1069 1066 1065 1061 1059 1059 1057 1054 1052 1050 1047 1045 1043 1041 1038 1036 1033 1032 1028 1025 1023 1022 1017 1016 1014 1011 1008 1007 1003 1001 998 997 994 990 989 986 983 980 977 974 973 969 966 964 962 959 957 955 951 949 994 990 989 986 983 981 978 976 973 970 968
1121 1121 1120 1118 1119 1117 1116 1114 1113 1112 1111 1109 1108 1105 1105 1102 1101 1101 1097 1097 1095 1094 1092 1090 1089 1087 1086 1083 1082 1079 1078 1076 1074 1073 1070 1069 1066 1065 1063 1061 1058 1056 1053 1052 1049 1047 1045 1044 1041 1038 1036 1034 1031 1028 1025 1024 1020 1017 1015 1013 1009 1007 1005 1002 1000 998 994 993 989 986 985 981 980 976 973 971 966 965 962 958 956 953 949 947 944 987 985 983 980 978 975 972 970
1127 1127 1125 1123 1123 1122 1120 1119 1119 1118 1116 1114 1114 1112 1110 1108 1107 1107 1104 1104 1102 1100 1099 1097 1095 1093 1091 1089 1089 1086 1084 1083 1080 1079 1077 1075 1072 1071 1068 1065 1063 1062 1059 1056 1056 1054 1052 1049 1047 1044 1043 1039 1037 1035 1033 1028 1027 1025 1022 1019 1017 1014 1009 1008 1004 1003 1000 998 995 992 990 987 984 982 979 976 974 969 966 965 960 958 956 952 949 946 943 987 983 981 977 975 971
1133 1132 1131 1129 1128 1128 1127 1124 1123 1122 1122 1119 1119 1116 1115 1114 1112 1112 1109 1108 1107 1105 1104 1101 1099 1098 1096 1095 1093 1092 1089 1087 1086 1083 1081 1080 1079 1075 1074 1072 1070 1067 1065 1063 1062 1059 1057 1053 1052 1049 1046 1044 1042 1039 1037 1035 1031 1029 1027 1023 1022 1019 1017 1013 1010 1008 1005 1002 999 997 994 992 988 987 984 980 979 975 974 969 965 963 959 957 953 951 948 943 942 986 982 980 976
1138 1136 1135 1135 1132 1131 1129 1129 1129 1126 1125 1123 1122 1121 1119 1119 1116 1115 1114 1111 1111 1107 1107 1105 1104 1103 1100 1099 1097 1095 1093 1091 1089 1088 1087 1083 1082 1080 1079 1075 1074 1071 1069 1067 1066 1063 1061 1058 1057 1053 1052 1049 1047 1044 1041 1038 1037 1033 1031 1028 1026 1023 1021 1017 1015 1012 1010 1007 1003 1002 998 995 993 990 987 985 982 978 977 973 971 968 964 961 957 955 952 948 946 941 939 983 979
1140 1138 1137 1138 1136 1135 1134 1132 1131 1129 1128 1128 1126 1124 1121 1121 1119 1118 1117 1115 1115 1112 1112 1111 1107 1107 1104 1102 1100 1098 1096 1095 1094 1091 1089 1086 1085 1083 1082 1078 1077 1074 1072 1071 1069 1066 1064 1063 1060 1057 1055 1054 1049 1048 1046 1045 1040 1037 1036 1031 1029 1027 1024 1021 1019 1015 1013 1011 1007 1004 1003 999 996 994 991 988 984 983 979 975 974 970 968 965 961 959 955 951 948 945 942 939 936
1143 1142 1141 1141 1139 1138 1136 1135 1134 1133 1131 1130 1128 1128 1125 1125 1123 1122 1120 1118 1118 1117 1113 1113 1111 1110 1106 1105 1103 1102 1101 1098 1097 1094 1093 1090 1089 1087 1085 1082 1080 1079 1077 1072 1071 1070 1068 1064 1062 1061 1058 1055 1053 1051 1048 1046 1044 1042 1037 1036 1033 1030 1028 1025 1021 1018 1016 1012 1010 1007 1005 1001 999 997 993 991 988 985 981 980 975 972 971 966 965 961 957 955 951 948 945 940 938
1146 1145 1143 1142 1142 1140 1139 1138 1136 1135 1133 1133 1131 1130 1128 1127 1126 1123 1123 1121 1120 1118 1115 1115 1111 1110 1110 1108 1106 1104 1103 1100 1098 1096 1095 1092 1091 1089 1087 1085 1083 1081 1077 1076 1075 1073 1069 1068 1066 1063 1060 1058 1054 1053 1050 1049 1045 1043 1040 1037 1034 1033 1030 1027 1024 1022 1018 1016 1013 1008 1007 1003 1000 998 995 992 988 987 983 981 978 976 971 968 966 962 960 956 953 951 946 943 938
1148 1146 1145 1144 1144 1140 1140 1139 1138 1137 1135 1134 1133 1130 1130 1128 1128 1124 1124 1122 1120 1119 1116 1116 1115 1112 1112 1109 1107 1105 1104 1101 1099 1099 1097 1094 1091 1090 1089 1086 1083 1082 1079 1077 1075 1074 1071 1069 1067 1064 1062 1060 1056 1055 1052 1050 1047 1045 1041 1038 1036 1034 1030 1029 1025 1022 1020 1018 1013 1012 1008 1004 1003 998 995 993 990 987 984 981 978 977 972 970 967 962 961 957 953 950 947 945 941
1147 1147 1147 1144 1144 1142 1142 1140 1139 1138 1137 1135 1135 1133 1132 1128 1128 1127 1125 1124 1121 1121 1119 1117 1117 1114 1112 1110 1109 1106 1105 1104 1102 1099 1097 1096 1093 1090 1089 1087 1084 1082 1080 1079 1076 1073 1073 1070 1068 1065 1063 1060 1058 1055 1054 1051 1048 1045 1043 1039 1037 1035 1030 1029 1025 1023 1020 1018 1014 1012 1009 1006 1003 1000 997 993 991 987 985 981 979 976 972 971 966 963 962 957 954 950 947 945 940
1148 1148 1146 1145 1144 1144 1141 1140 1139 1138 1137 1135 1134 1132 1131 1130 1128 1127 1124 1124 1122 1122 1119 1117 1117 1113 1112 1110 1109 1107 1106 1104 1100 1099 1098 1097 1093 1092 1089 1088 1086 1084 1081 1078 1077 1075 1072 1068 1068 1065 1063 1060 1058 1056 1053 1050 1048 1045 1042 1040 1038 1034 1033 1030 1026 1024 1020 1017 1014 1011 1008 1006 1002 1000 996 993 991 986 985 981 978 975 971 969 966 963 960 957 953 951 948 943 939
1149 1147 1147 1144 1143 1143 1141 1140 1138 1137 1136 1134 1133 1132 1131 1129 1127 1127 1124 1124 1122 1120 1118 1116 1115 1112 1111 1110 1109 1106 1103 1103 1100 1099 1096 1096 1093 1091 1089 1086 1086 1083 1080 1078 1077 1072 1071 1069 1067 1063 1063 1060 1058 1054 1051 1049 1046 1043 1042 1038 1036 1034 1031 1028 1026 1023 1020 1018 1013 1011 1009 1004 1001 999 995 993 989 986 983 979 978 973 972 967 963 962 958 956 954 950 948 945 941
