testData/tiles/oneDegree/grid10.0-5.0-11.0-6.0.asc
ncols   200
nrows   200
xllcorner   10.0
yllcorner   5.0
cellsize   0.005
NODATA_value   -9999.0
[rows 84 to 125 of 200, columns 94 to 187 of 200]
247 248 248 249 250 251 252 277 278 277 278 279 280 280 281 282 283 283 284 285 286 286 287 288 288 289 289 290 291 291 292 293 293 294 294 295 296 296 297 297 298 298 299 299 300 300 301 301 302 347 348 348 349 349 350 350 351 351 354 356 358 361 363 366 368 371 373 374 377 379 381 383 384 387 388 390 392 393 395 397 398 454 456 457 462 471 479 486 493 500 506 511 529 535
247 247 248 249 250 251 252 253 276 277 278 279 280 280 281 282 283 283 284 285 285 286 287 287 288 289 289 290 291 291 292 293 293 294 294 295 295 296 297 297 298 298 299 299 300 300 301 301 347 347 348 348 349 349 350 350 351 352 355 358 360 363 365 368 369 372 374 376 378 380 382 384 385 388 389 391 393 394 396 398 399 455 456 458 463 472 479 488 494 500 507 513 530 535
246 247 248 249 250 251 252 253 252 277 278 279 280 280 281 282 283 283 284 285 285 286 287 287 288 289 289 290 291 291 292 292 293 294 294 295 295 296 296 297 298 298 299 299 300 300 301 346 347 347 348 348 349 349 350 350 351 353 356 359 361 364 366 369 371 372 375 377 379 381 383 385 386 389 390 391 394 395 397 398 400 456 457 458 463 472 480 488 495 501 507 513 531 536
246 247 248 249 250 251 252 252 252 253 278 279 279 280 281 282 282 283 284 285 285 286 287 287 288 289 289 290 291 291 292 292 293 294 294 295 295 296 296 297 297 298 299 299 300 300 301 346 347 347 348 348 349 349 350 350 352 355 357 360 362 365 367 370 372 374 376 378 380 382 383 386 387 390 391 392 395 396 397 399 401 457 458 459 464 472 480 488 494 500 507 525 530 537
246 247 248 249 250 251 252 251 252 253 254 279 279 280 281 282 282 283 284 284 285 286 287 287 288 289 289 290 290 291 292 292 293 293 294 295 295 296 296 297 297 298 298 299 300 300 346 346 347 347 348 348 349 349 349 351 353 356 359 362 364 367 368 371 373 375 377 379 381 383 384 387 388 391 392 393 395 397 398 400 401 458 459 460 465 473 480 488 495 501 508 526 531 536
246 247 248 249 250 251 251 251 252 253 254 254 279 280 281 282 282 283 284 284 285 286 286 287 288 288 289 290 290 291 292 292 293 293 294 295 295 296 296 297 297 298 298 299 299 300 346 346 347 347 348 348 348 349 349 352 355 358 360 363 365 368 370 371 374 376 378 380 382 384 385 388 389 391 393 394 396 398 399 401 402 457 460 461 465 474 481 488 495 501 508 526 531 537
246 247 248 249 250 250 251 251 252 253 254 254 255 280 281 281 282 283 284 284 285 286 286 287 288 288 289 290 290 291 291 292 293 293 294 294 295 296 296 297 297 298 298 299 299 345 345 346 346 347 347 348 348 349 351 354 356 359 361 364 366 369 371 373 375 377 379 381 382 385 386 389 390 391 394 395 397 399 400 402 403 458 460 461 466 475 482 489 496 502 508 527 532 537
246 247 248 249 250 250 251 251 252 253 253 254 255 256 257 281 282 283 283 284 285 286 286 287 288 288 289 290 290 291 291 292 293 293 294 294 295 296 296 297 297 298 298 299 344 345 345 346 346 347 347 348 348 350 352 355 358 361 363 366 367 369 372 374 376 378 380 382 383 386 387 390 391 392 395 396 397 399 401 403 404 459 461 462 466 475 483 489 496 502 508 526 531 537
246 247 248 249 249 250 250 251 252 253 253 254 255 256 256 257 282 283 283 284 285 285 286 287 287 288 289 289 290 291 291 292 293 293 294 294 295 295 296 297 297 298 298 299 344 345 345 346 346 347 347 348 348 351 354 357 359 362 364 366 369 370 373 375 377 379 380 383 384 387 388 390 392 393 396 397 398 400 401 404 405 460 462 463 467 476 484 490 498 503 509 527 532 537
246 247 248 248 249 250 250 251 252 252 253 254 255 256 256 257 258 283 283 284 285 285 286 287 287 288 289 289 290 291 291 292 292 293 294 294 295 295 296 296 297 298 298 344 344 345 345 346 346 347 347 348 349 353 355 358 360 362 365 367 370 372 374 376 378 380 381 384 385 388 389 391 393 394 396 398 399 401 402 403 406 461 463 464 469 478 485 491 499 504 522 528 533 538
246 246 247 248 249 250 250 251 252 252 253 254 255 256 256 257 258 258 283 284 285 285 286 287 287 288 289 289 290 291 291 292 292 293 294 294 295 295 296 296 297 297 298 344 344 345 345 346 346 347 347 348 351 354 356 358 362 363 366 368 371 373 375 377 378 381 382 385 386 389 390 391 394 395 397 398 400 402 403 404 406 461 462 465 470 478 486 492 499 505 523 528 534 538
245 246 247 248 249 249 250 251 251 252 253 254 255 255 256 257 258 258 259 284 285 285 286 287 287 288 289 289 290 290 291 292 292 293 293 294 295 295 296 296 297 297 343 343 344 345 345 346 346 347 347 350 352 355 358 360 363 365 368 369 372 374 376 378 379 382 383 386 387 389 391 392 395 396 397 399 400 403 404 405 407 462 463 465 470 478 486 493 499 506 523 528 534 539
245 246 247 248 249 249 250 251 251 252 253 254 255 255 256 257 258 258 259 260 284 285 286 286 287 288 288 289 290 290 291 292 292 293 293 294 295 295 296 296 297 342 343 343 344 344 345 345 346 346 348 350 354 356 359 361 364 366 369 370 373 375 376 379 380 383 384 387 388 390 392 393 395 397 398 400 401 402 405 406 408 463 464 466 471 479 487 494 500 507 524 529 535 540
245 246 247 248 249 249 250 250 251 252 253 254 254 255 256 257 257 258 259 260 260 285 286 286 287 288 288 289 290 290 291 291 292 293 293 294 294 295 296 296 297 342 343 343 344 344 345 345 346 346 350 352 355 357 360 362 365 367 370 372 374 376 377 380 381 384 385 388 389 390 393 394 396 398 399 401 402 403 405 407 409 464 465 467 472 480 488 495 501 508 525 530 536 540
245 246 247 248 248 249 249 250 251 252 253 254 254 255 256 257 257 258 259 260 260 261 262 286 287 288 288 289 290 290 291 291 292 293 293 294 294 295 295 296 342 342 343 343 344 344 345 345 346 348 351 353 356 359 362 363 366 368 371 373 374 377 378 381 382 385 386 388 390 391 394 395 396 398 400 402 403 404 406 407 408 464 465 467 473 481 489 496 501 508 525 530 535 541
245 246 247 248 248 248 249 250 251 252 253 253 254 255 256 257 257 258 259 259 260 261 261 262 287 287 288 289 289 290 291 291 292 292 293 294 294 295 295 296 341 342 343 343 344 344 345 345 347 349 352 355 358 360 363 365 367 369 371 374 375 378 379 382 383 386 387 389 391 392 394 396 397 399 400 403 404 405 407 408 409 465 466 467 473 481 488 496 502 508 526 532 537 542
245 246 247 247 247 248 249 250 251 252 253 253 254 255 256 256 257 258 259 259 260 261 261 262 263 287 288 289 289 290 291 291 292 292 293 294 294 295 295 341 341 342 342 343 344 344 345 345 348 350 354 356 359 361 364 366 368 370 372 375 376 379 380 383 384 386 388 389 392 393 394 397 398 400 401 402 404 406 408 409 410 466 467 468 474 482 489 497 503 521 527 533 538 542
245 246 247 246 247 248 249 250 251 252 252 253 254 255 256 256 257 258 258 259 260 261 261 262 263 263 288 289 289 290 290 291 292 292 293 293 294 295 340 341 341 342 342 343 343 344 345 346 350 352 355 357 360 362 364 367 369 371 373 376 377 380 381 384 385 387 389 390 393 394 395 397 399 401 402 403 405 406 407 410 411 467 468 469 475 483 490 498 504 521 527 533 538 543
245 246 246 246 247 248 249 250 251 251 252 253 254 255 255 256 257 258 258 259 260 261 261 262 263 263 264 288 289 290 290 291 292 292 293 293 294 295 340 341 341 342 342 343 343 344 344 348 350 353 355 358 360 363 365 368 370 372 374 377 378 381 382 384 386 387 390 391 393 395 396 398 399 402 403 404 406 407 408 410 411 466 468 469 475 483 490 498 504 522 528 534 539 543
244 245 245 246 247 248 249 250 251 251 252 253 254 255 255 256 257 258 258 259 260 260 261 262 262 263 264 264 265 290 290 291 292 292 293 293 294 339 340 341 341 342 342 343 343 344 346 349 351 355 357 360 362 365 366 369 371 373 375 378 379 381 383 385 387 388 391 392 393 396 397 399 400 401 403 405 407 408 409 411 412 467 469 470 475 484 492 498 505 523 528 535 539 543
244 245 245 246 247 248 249 250 250 251 252 253 254 254 255 256 257 257 258 259 260 260 261 262 262 263 264 264 265 266 290 291 291 292 293 293 294 339 340 340 341 342 342 343 343 345 347 350 353 356 358 361 363 366 367 370 372 374 376 379 380 382 384 385 388 389 392 393 394 396 398 400 401 402 404 405 406 409 410 412 413 468 470 471 477 485 493 499 506 523 529 535 540 544
244 245 245 246 247 248 249 249 250 251 252 253 254 254 255 256 257 257 258 259 259 260 261 262 262 263 264 264 265 265 266 291 291 292 293 293 339 339 340 340 341 341 342 343 343 346 348 352 354 357 359 362 364 367 368 371 373 375 377 379 381 383 385 386 389 390 391 394 395 397 398 400 402 403 405 406 407 409 410 412 413 468 470 471 477 485 493 499 506 524 530 536 541 546
244 244 245 246 247 248 248 249 250 251 252 253 253 254 255 256 256 257 258 259 259 260 261 261 262 263 263 264 265 265 266 267 291 292 292 293 339 339 340 340 341 341 342 342 344 347 350 353 355 358 360 363 365 368 370 371 374 375 378 379 382 383 386 387 390 391 392 394 396 398 399 400 402 404 406 407 408 410 411 412 414 469 471 472 478 487 494 500 507 525 531 536 541 546
244 244 245 246 247 248 248 249 250 251 252 253 253 254 255 256 256 257 258 259 259 260 261 261 262 263 263 264 265 265 266 267 267 268 292 338 338 339 340 340 341 341 342 342 345 348 351 353 356 358 361 363 366 368 371 372 375 376 379 380 383 384 387 388 389 392 393 395 396 399 400 401 403 404 405 408 409 411 412 413 415 470 471 473 479 487 495 501 518 525 531 536 542 547
244 244 245 246 246 247 248 249 250 251 252 252 253 254 255 256 256 257 258 258 259 260 261 261 262 263 263 264 265 265 266 266 267 268 313 338 338 339 340 340 341 341 342 343 347 349 352 355 358 360 363 364 367 369 372 373 376 377 380 381 384 385 387 389 390 393 394 396 397 398 401 402 404 405 406 408 409 411 412 413 415 470 471 473 479 487 495 501 519 526 532 537 543 547
243 244 245 245 246 247 248 249 250 251 251 252 253 254 255 255 256 257 258 258 259 260 260 261 262 262 263 264 264 265 266 266 267 268 313 314 338 339 339 340 341 341 342 345 348 351 354 356 359 361 364 365 368 370 373 374 377 378 381 382 385 386 387 390 391 393 395 397 398 399 401 403 405 406 407 409 410 411 413 414 416 471 472 474 480 488 496 502 520 527 532 537 543 548
243 243 244 245 246 247 248 249 250 251 251 252 253 254 255 255 256 257 257 258 259 260 260 261 262 262 263 264 264 265 266 266 267 312 313 314 314 315 339 340 340 341 344 346 350 352 355 357 360 362 365 366 369 371 374 375 378 379 382 383 384 387 388 391 392 394 395 397 399 400 402 403 404 407 408 410 411 412 414 415 416 472 473 475 481 489 497 502 520 527 533 538 544 549
242 243 244 245 246 247 248 249 250 250 251 252 253 254 254 255 256 257 257 258 259 260 260 261 262 262 263 264 264 265 265 266 267 312 313 314 314 315 315 340 340 342 344 348 351 353 356 358 361 363 366 367 370 372 374 376 379 380 382 384 385 388 389 391 393 395 396 397 400 401 403 404 405 407 408 410 411 412 414 415 416 472 473 474 481 489 496 503 522 527 534 539 543 549
242 243 244 245 246 247 248 249 249 250 251 252 253 253 254 255 256 257 257 258 259 259 260 261 261 262 263 263 264 265 265 266 312 312 313 313 314 315 315 316 340 343 346 349 351 354 356 359 362 364 367 369 371 373 374 377 378 381 382 385 386 389 390 392 393 395 397 398 400 401 403 405 406 408 409 410 412 413 415 416 417 473 474 475 482 490 497 504 523 527 534 539 544 550
242 243 244 245 246 247 248 248 249 250 251 252 253 253 254 255 256 256 257 258 259 259 260 261 261 262 263 263 264 265 265 266 311 312 313 313 314 314 315 316 317 321 347 350 352 355 357 360 362 365 367 369 371 374 375 378 379 382 383 386 387 389 391 392 394 395 398 399 401 402 403 405 407 409 410 411 413 414 415 417 418 474 475 476 483 490 497 504 523 528 535 540 545 550
242 243 244 245 246 247 247 248 249 250 251 252 252 253 254 255 256 256 257 258 258 259 260 261 261 262 263 263 264 265 265 311 311 312 313 313 314 314 315 315 318 322 324 351 354 357 359 361 363 366 368 370 372 375 376 379 380 383 384 386 388 390 391 393 395 396 398 400 401 403 404 406 407 409 410 411 413 414 415 417 418 473 475 476 483 491 498 505 524 529 535 540 545 551
242 243 244 245 246 246 247 248 249 250 251 252 252 253 254 255 255 256 257 258 258 259 260 260 261 262 262 263 264 264 265 311 311 312 312 313 314 314 315 316 320 323 325 329 355 358 360 362 364 367 369 371 373 376 377 380 381 383 385 387 389 390 392 393 396 397 399 400 401 404 405 407 408 409 411 412 414 415 416 418 419 474 476 477 483 492 499 516 524 529 535 541 546 551
242 243 244 244 245 246 247 248 249 250 251 251 252 253 254 255 255 256 257 258 258 259 260 260 261 262 262 263 264 264 310 311 311 312 312 313 314 314 315 318 321 323 327 329 332 335 361 364 365 368 370 372 374 376 378 380 382 384 386 387 389 391 393 394 396 398 399 401 402 404 405 407 409 410 412 413 414 416 417 419 420 475 477 477 483 492 499 517 525 530 536 541 546 551
242 242 243 244 245 246 247 248 249 250 250 251 252 253 254 254 255 256 257 257 258 259 260 260 261 262 262 263 264 264 310 310 311 312 312 313 313 314 317 319 322 325 328 330 333 335 338 365 366 369 371 373 375 377 379 380 383 384 387 388 390 391 394 395 397 398 400 402 403 405 406 407 409 410 412 413 414 416 417 419 420 475 477 478 484 493 500 518 525 530 536 542 547 552
241 242 243 244 245 246 247 248 249 249 250 251 252 253 254 254 255 256 257 257 258 259 259 260 261 261 262 263 263 309 310 310 311 312 312 313 313 314 318 320 324 326 329 331 334 336 339 341 367 369 372 373 376 377 380 381 384 385 387 389 391 392 394 396 397 399 400 402 404 406 407 408 410 411 413 414 415 417 418 419 475 476 478 479 485 493 500 518 526 531 537 543 547 552
241 242 243 244 245 246 247 248 249 249 250 251 252 253 253 254 255 256 256 257 258 259 259 260 261 261 262 263 308 309 310 310 311 311 312 313 313 316 318 322 325 327 330 332 335 337 340 342 344 346 372 374 377 378 381 382 384 386 388 389 392 393 394 396 398 400 401 403 404 405 407 409 411 412 413 415 416 418 419 420 421 476 477 479 485 493 501 519 526 531 537 542 548 553
241 242 243 244 245 246 247 248 248 249 250 251 252 252 253 254 255 256 256 257 258 258 259 260 261 261 262 263 308 309 309 310 311 311 312 313 314 317 320 323 325 328 331 333 336 338 341 342 345 347 349 375 377 379 381 383 385 387 389 390 391 394 395 397 398 401 402 404 405 406 408 409 411 412 413 415 416 417 419 420 422 477 478 480 486 494 501 519 526 532 538 543 549 554
241 242 243 244 245 246 246 247 248 249 250 251 252 252 253 254 255 255 256 257 258 258 259 260 260 261 262 307 308 309 309 310 311 311 312 312 315 318 321 324 326 329 331 334 337 339 342 343 346 348 350 352 354 380 382 384 386 387 389 391 392 394 396 398 399 401 402 403 406 407 409 410 411 413 414 416 417 418 420 421 423 478 479 480 486 494 502 520 527 533 538 543 549 555
241 242 243 244 245 245 246 247 248 249 250 251 251 252 253 254 255 255 256 257 257 258 259 260 260 261 262 307 308 309 309 310 310 311 312 313 316 319 322 325 327 330 332 335 337 340 342 344 347 349 351 353 355 357 382 384 386 388 389 392 393 395 396 399 400 401 403 404 406 407 409 410 411 414 415 417 417 418 420 421 422 478 479 480 487 495 503 520 527 533 539 544 550 555
241 242 243 243 244 245 246 247 248 249 250 250 251 252 253 254 254 255 256 257 257 258 259 259 260 261 307 307 308 308 309 310 310 311 312 314 318 320 323 326 329 332 333 336 338 341 343 345 347 349 351 353 355 357 359 361 387 389 390 392 394 396 397 399 400 402 404 405 407 408 409 411 412 414 415 416 418 419 421 422 423 479 480 481 487 495 502 521 528 533 540 544 549 556
240 241 242 243 244 245 246 247 248 249 249 250 251 252 253 254 254 255 256 257 257 258 259 259 260 261 306 307 308 308 309 310 310 311 312 315 319 321 324 327 330 333 334 337 339 342 344 346 348 350 352 354 356 358 360 362 363 390 391 393 394 397 398 399 401 402 404 405 408 409 410 412 413 415 416 417 419 420 421 423 423 479 480 481 488 496 515 522 528 533 540 545 550 556
240 241 242 243 244 245 246 247 248 249 249 250 251 252 253 253 254 255 256 256 257 258 259 259 260 306 306 307 308 308 309 310 310 311 313 317 320 322 326 328 331 333 335 338 340 343 344 347 349 351 353 355 357 359 360 363 364 366 368 394 395 396 398 400 402 403 405 406 407 409 410 412 413 414 416 417 419 420 421 423 424 479 481 482 489 496 515 522 529 534 541 545 550 557
