testData/tiles/oneDegree/grid41.0-43.0-42.0-44.0.asc
ncols   200
nrows   200
xllcorner   41.0
yllcorner   43.0
cellsize   0.005
NODATA_value   -9999.0
[rows 0 to 41 of 200, columns 0 to 93 of 200]
290 290 290 290 290 290 290 291 291 291 291 291 291 291 291 291 291 291 292 292 292 292 292 292 292 292 292 292 293 293 470 470 470 470 470 470 472 481 489 496 500 504 507 508 509 508 550 547 543 539 534 526 517 515 515 515 515 515 515 338 338 338 338 339 339 339 339 339 339 339 339 339 339 339 339 340 340 340 340 340 340 340 340 340 340 340 340 340 340 341 341 341 341 341
290 290 290 290 290 290 290 290 291 291 291 291 291 291 291 291 291 291 291 292 292 292 292 292 292 292 292 292 292 293 470 470 470 470 470 470 472 481 488 494 500 504 506 508 508 508 506 547 543 538 532 525 517 515 515 515 515 515 515 338 338 338 338 338 339 339 339 339 339 339 339 339 339 339 339 339 339 340 340 340 340 340 340 340 340 340 340 340 340 340 340 341 341 341
290 290 290 290 290 290 290 290 290 291 291 291 291 291 291 291 291 291 291 291 292 292 292 292 292 292 292 292 292 292 470 470 470 470 470 470 472 481 488 494 499 504 506 508 508 508 506 547 543 538 532 525 516 515 515 515 515 515 515 338 338 338 338 338 338 339 339 339 339 339 339 339 339 339 339 339 339 339 339 340 340 340 340 340 340 340 340 340 340 340 340 340 340 341
290 290 290 290 290 290 290 290 290 290 291 291 291 291 291 291 291 291 291 291 291 292 292 292 292 292 292 292 292 292 469 470 470 470 470 470 471 480 488 494 499 502 505 507 508 507 506 546 543 538 532 524 515 514 515 515 515 515 515 338 338 338 338 338 338 338 338 339 339 339 339 339 339 339 339 339 339 339 339 339 340 340 340 340 340 340 340 340 340 340 340 340 340 340
289 290 290 290 290 290 290 290 290 290 290 291 291 291 291 291 291 291 291 291 291 291 292 292 292 292 292 292 292 292 469 469 469 470 470 470 471 480 487 494 498 502 505 506 508 507 506 546 542 538 531 524 515 514 514 514 515 515 515 338 338 338 338 338 338 338 338 338 339 339 339 339 339 339 339 339 339 339 339 339 339 339 340 340 340 340 340 340 340 340 340 340 340 340
289 289 290 290 290 290 290 290 290 290 290 290 291 291 291 291 291 291 291 291 291 291 291 292 292 292 292 292 292 292 469 469 469 469 470 470 471 480 487 493 498 502 504 506 506 507 505 546 542 537 531 524 515 514 514 514 514 515 515 338 338 338 338 338 338 338 338 338 338 338 339 339 339 339 339 339 339 339 339 339 339 339 339 340 340 340 340 340 340 340 340 340 340 340
289 289 289 290 290 290 290 290 290 290 290 290 290 291 291 291 291 291 291 291 291 291 291 291 292 292 292 292 292 292 469 469 469 469 469 470 471 480 487 493 498 501 504 506 506 506 505 545 542 537 531 524 515 514 514 514 514 514 515 338 338 338 338 338 338 338 338 338 338 338 338 339 339 339 339 339 339 339 339 339 339 339 339 339 339 340 340 340 340 340 340 340 340 340
289 289 289 289 290 290 290 290 290 290 290 290 290 290 291 291 291 291 291 291 291 291 291 291 291 292 292 292 292 292 469 469 469 469 469 469 470 479 487 493 498 501 504 505 506 505 504 544 542 537 531 523 514 514 514 514 514 514 514 337 338 338 338 338 338 338 338 338 338 338 338 338 338 339 339 339 339 339 339 339 339 339 339 339 339 339 339 340 340 340 340 340 340 340
289 289 289 289 289 290 290 290 290 290 290 290 290 290 290 291 291 291 291 291 291 291 291 291 291 291 292 292 292 292 469 469 469 469 469 469 469 479 486 492 497 501 504 505 506 505 504 544 540 536 530 523 514 514 514 514 514 514 514 337 337 338 338 338 338 338 338 338 338 338 338 338 338 338 339 339 339 339 339 339 339 339 339 339 339 339 339 339 339 340 340 340 340 340
289 289 289 289 289 289 290 290 290 290 290 290 290 290 290 290 291 291 291 291 291 291 291 291 291 291 291 292 292 292 469 469 469 469 469 469 469 478 486 492 497 501 503 505 505 505 503 544 540 535 530 523 514 514 514 514 514 514 514 337 337 337 337 338 338 338 338 338 338 338 338 338 338 338 338 338 339 339 339 339 339 339 339 339 339 339 339 339 339 339 339 340 340 340
289 289 289 289 289 289 289 290 290 290 290 290 290 290 290 290 290 290 291 291 291 291 291 291 291 291 291 291 292 292 469 469 469 469 469 469 469 477 485 491 497 500 503 505 505 505 503 543 540 535 529 521 514 514 514 514 514 514 514 337 337 337 337 337 338 338 338 338 338 338 338 338 338 338 338 338 338 338 339 339 339 339 339 339 339 339 339 339 339 339 339 339 339 340
289 289 289 289 289 289 289 289 290 290 290 290 290 290 290 290 290 290 290 291 291 291 291 291 291 291 291 291 291 291 469 469 469 469 469 469 469 477 485 491 495 500 503 504 505 504 503 543 539 535 529 521 513 514 514 514 514 514 514 337 337 337 337 337 337 337 338 338 338 338 338 338 338 338 338 338 338 338 338 339 339 339 339 339 339 339 339 339 339 339 339 339 339 339
289 289 289 289 289 289 289 289 289 290 290 290 290 290 290 290 290 290 290 290 291 291 291 291 291 291 291 291 291 291 468 469 469 469 469 469 469 477 484 490 495 499 503 504 505 504 503 543 539 534 528 521 513 513 514 514 514 514 514 337 337 337 337 337 337 337 337 338 338 338 338 338 338 338 338 338 338 338 338 338 338 339 339 339 339 339 339 339 339 339 339 339 339 339
289 289 289 289 289 289 289 289 289 289 290 290 290 290 290 290 290 290 290 290 290 291 291 291 291 291 291 291 291 291 468 468 469 469 469 469 469 476 484 490 495 499 501 504 504 504 502 543 539 534 528 520 513 513 513 513 514 514 514 337 337 337 337 337 337 337 337 337 337 338 338 338 338 338 338 338 338 338 338 338 338 338 338 339 339 339 339 339 339 339 339 339 339 339
288 289 289 289 289 289 289 289 289 289 289 290 290 290 290 290 290 290 290 290 290 290 291 291 291 291 291 291 291 291 468 468 468 469 469 469 469 476 484 490 495 498 501 503 503 504 502 542 539 534 528 520 513 513 513 513 513 514 514 337 337 337 337 337 337 337 337 337 337 337 338 338 338 338 338 338 338 338 338 338 338 338 338 338 338 339 339 339 339 339 339 339 339 339
288 288 289 289 289 289 289 289 289 289 289 289 290 290 290 290 290 290 290 290 290 290 290 291 291 291 291 291 291 291 468 468 468 468 469 469 469 476 483 489 494 498 501 502 503 502 502 542 538 533 527 520 513 513 513 513 513 513 513 337 337 337 337 337 337 337 337 337 337 337 337 337 338 338 338 338 338 338 338 338 338 338 338 338 338 338 339 339 339 339 339 339 339 339
288 288 288 289 289 289 289 289 289 289 289 289 289 290 290 290 290 290 290 290 290 290 290 290 291 291 291 291 291 291 468 468 468 468 468 468 469 475 483 489 494 498 500 502 502 502 500 542 538 533 527 519 513 513 513 513 513 513 513 336 337 337 337 337 337 337 337 337 337 337 337 337 337 338 338 338 338 338 338 338 338 338 338 338 338 338 338 338 339 339 339 339 339 339
288 288 288 288 289 289 289 289 289 289 289 289 289 289 290 290 290 290 290 290 290 290 290 290 290 291 291 291 291 291 468 468 468 468 468 468 468 475 483 489 494 498 500 502 502 502 500 541 537 533 527 519 513 513 513 513 513 513 513 336 336 337 337 337 337 337 337 337 337 337 337 337 337 337 337 338 338 338 338 338 338 338 338 338 338 338 338 338 338 338 339 339 339 339
288 288 288 288 288 289 289 289 289 289 289 289 289 289 289 290 290 290 290 290 290 290 290 290 290 290 290 291 291 291 468 468 468 468 468 468 468 474 482 489 493 497 500 501 502 501 500 540 536 532 526 519 513 513 513 513 513 513 513 336 336 336 336 337 337 337 337 337 337 337 337 337 337 337 337 337 337 338 338 338 338 338 338 338 338 338 338 338 338 338 338 338 339 339
288 288 288 288 288 288 289 289 289 289 289 289 289 289 289 289 289 290 290 290 290 290 290 290 290 290 290 290 291 291 468 468 468 468 468 468 468 474 481 488 493 497 500 501 502 501 500 540 536 531 525 518 513 513 513 513 513 513 513 336 336 336 336 336 336 337 337 337 337 337 337 337 337 337 337 337 337 337 337 338 338 338 338 338 338 338 338 338 338 338 338 338 338 338
288 288 288 288 288 288 288 289 289 289 289 289 289 289 289 289 289 289 290 290 290 290 290 290 290 290 290 290 290 291 468 468 468 468 468 468 468 473 481 487 492 497 499 501 501 501 499 497 536 531 525 517 512 513 513 513 513 513 513 336 336 336 336 336 336 336 337 337 337 337 337 337 337 337 337 337 337 337 337 337 338 338 338 338 338 338 338 338 338 338 338 338 338 338
288 288 288 288 288 288 288 288 289 289 289 289 289 289 289 289 289 289 289 290 290 290 290 290 290 290 290 290 290 290 468 468 468 468 468 468 468 473 480 487 492 495 499 501 501 501 499 496 536 531 524 517 512 512 513 513 513 513 513 336 336 336 336 336 336 336 336 336 337 337 337 337 337 337 337 337 337 337 337 337 337 337 338 338 338 338 338 338 338 338 338 338 338 338
288 288 288 288 288 288 288 288 288 289 289 289 289 289 289 289 289 289 289 289 290 290 290 290 290 290 290 290 290 290 467 468 468 468 468 468 468 473 480 486 491 495 498 500 501 500 499 496 535 530 524 517 512 512 512 512 513 513 513 336 336 336 336 336 336 336 336 336 336 337 337 337 337 337 337 337 337 337 337 337 337 337 337 337 338 338 338 338 338 338 338 338 338 338
288 288 288 288 288 288 288 288 288 288 289 289 289 289 289 289 289 289 289 289 289 290 290 290 290 290 290 290 290 290 467 467 467 468 468 468 468 472 480 486 491 495 497 499 500 500 498 496 535 530 524 516 512 512 512 512 512 513 513 336 336 336 336 336 336 336 336 336 336 336 336 337 337 337 337 337 337 337 337 337 337 337 337 337 337 337 338 338 338 338 338 338 338 338
287 288 288 288 288 288 288 288 288 288 288 289 289 289 289 289 289 289 289 289 289 289 290 290 290 290 290 290 290 290 467 467 467 467 468 468 468 472 480 486 491 495 497 499 499 499 498 496 535 530 524 516 512 512 512 512 512 512 512 336 336 336 336 336 336 336 336 336 336 336 336 336 336 337 337 337 337 337 337 337 337 337 337 337 337 337 337 337 338 338 338 338 338 338
287 287 288 288 288 288 288 288 288 288 288 288 289 289 289 289 289 289 289 289 289 289 289 289 290 290 290 290 290 290 467 467 467 467 467 468 468 472 479 485 490 494 497 498 499 498 497 495 534 529 523 516 512 512 512 512 512 512 512 335 336 336 336 336 336 336 336 336 336 336 336 336 336 336 337 337 337 337 337 337 337 337 337 337 337 337 337 337 337 337 338 309 309 309
287 287 287 288 288 288 288 288 288 288 288 288 288 289 289 289 289 289 289 289 289 289 289 289 289 290 290 290 290 290 467 467 467 467 467 467 468 471 479 485 490 494 497 498 499 498 497 494 533 529 523 515 512 512 512 512 512 512 512 335 335 335 336 336 336 336 336 336 336 336 336 336 336 336 336 336 337 337 337 337 337 337 337 337 337 337 308 308 308 308 308 308 309 309
287 287 287 287 288 288 288 288 288 288 288 288 288 288 288 289 289 289 289 289 289 289 289 289 289 289 290 290 290 290 467 467 467 467 467 467 467 470 479 485 490 494 496 498 498 498 496 494 533 528 523 515 512 512 512 512 512 512 512 335 335 335 335 335 336 336 336 336 336 336 336 336 336 336 336 336 336 336 337 337 308 308 308 308 308 308 308 308 308 308 308 308 308 308
287 287 287 287 287 288 288 288 288 288 288 288 288 288 288 288 289 289 289 289 289 289 289 289 289 289 289 290 290 290 467 467 467 467 467 467 467 470 477 485 490 493 496 498 498 498 496 493 490 528 521 514 512 512 512 512 512 512 512 335 335 335 335 335 335 336 336 336 336 336 336 336 336 336 307 307 307 307 307 307 308 308 308 308 308 308 308 308 308 308 308 308 308 308
287 287 287 287 287 287 288 288 288 288 288 288 288 288 288 288 288 289 289 289 289 289 289 289 289 289 289 289 290 290 467 467 467 467 467 467 467 469 477 483 489 493 496 497 498 497 496 493 489 527 521 513 511 512 512 512 512 512 512 335 335 335 335 335 335 335 335 307 307 307 307 307 307 307 307 307 307 307 307 307 307 307 308 308 308 308 308 308 308 308 308 308 308 308
287 287 287 287 287 287 287 288 288 288 288 288 288 288 288 288 288 288 289 289 289 289 289 289 289 289 289 289 289 289 467 467 467 467 467 467 467 469 477 483 488 492 495 497 497 497 495 493 489 527 521 513 511 511 511 512 512 512 512 306 306 306 306 306 306 306 306 306 306 307 307 307 307 307 307 307 307 307 307 307 307 307 307 307 308 308 308 308 308 308 308 308 308 308
287 287 287 287 287 287 287 287 288 288 288 288 288 288 288 288 288 288 288 289 289 289 289 289 289 289 289 289 289 289 466 467 467 467 467 467 467 469 476 483 488 491 494 497 497 497 495 492 489 527 491 484 482 482 482 482 483 483 483 306 306 306 306 306 306 306 306 306 306 306 307 307 307 307 307 307 307 307 307 307 307 307 307 307 307 307 308 308 308 308 308 308 308 308
287 287 287 287 287 287 287 287 287 288 288 288 288 288 288 288 288 288 288 288 288 289 289 289 289 289 289 289 289 289 289 466 467 467 467 467 467 468 447 453 458 462 465 466 467 467 466 463 459 497 491 483 482 482 482 482 482 482 306 306 306 306 306 306 306 306 306 306 306 306 306 306 307 307 307 307 307 307 307 307 307 307 307 307 307 307 307 307 308 308 308 308 308 308
258 258 258 258 258 258 258 258 258 258 259 259 259 259 259 259 259 259 259 259 259 259 260 260 260 260 260 260 260 260 260 437 437 437 438 438 438 439 447 453 458 462 464 466 467 466 465 463 459 497 491 483 482 482 482 482 482 482 305 306 306 306 306 306 306 306 306 306 306 306 306 306 306 306 307 307 307 307 307 307 307 307 307 307 307 307 307 307 307 307 308 308 308 308
257 258 258 258 258 258 258 258 258 258 258 258 259 259 259 259 259 259 259 259 259 259 259 260 260 260 260 260 260 260 260 437 437 437 437 438 438 439 446 453 458 461 464 466 466 466 464 461 459 454 490 483 482 482 482 482 482 482 305 305 305 306 306 306 306 306 306 306 306 306 306 306 306 306 306 306 307 307 307 307 307 307 307 307 307 307 307 307 307 307 307 307 308 308
257 257 258 258 258 258 258 258 258 258 258 258 258 259 259 259 259 259 259 259 259 259 259 259 260 260 260 260 260 260 260 437 437 437 437 437 438 438 446 452 457 461 464 465 466 465 464 461 457 453 490 482 482 482 482 482 482 482 305 305 305 305 305 306 306 306 306 306 306 306 306 306 306 306 306 306 306 306 307 307 307 307 307 307 307 307 307 307 307 307 307 307 307 307
257 257 257 258 258 258 258 258 258 258 258 258 258 258 259 259 259 259 259 259 259 259 259 259 259 259 260 260 260 260 260 437 437 437 437 437 437 437 446 452 457 461 464 465 466 465 464 461 457 452 489 482 482 482 482 482 482 482 305 305 305 305 305 305 306 306 306 306 306 306 306 306 306 306 306 306 306 306 306 307 307 307 307 307 307 307 307 307 307 307 307 307 307 307
257 257 257 257 258 258 258 258 258 258 258 258 258 258 258 259 259 259 259 259 259 259 259 259 259 259 259 260 260 260 260 437 437 437 437 437 437 437 444 452 457 461 463 465 465 465 463 461 457 452 488 481 482 482 482 482 482 482 305 305 305 305 305 305 305 305 306 306 306 306 306 306 306 306 306 306 306 306 306 306 306 307 307 307 307 307 307 307 307 307 307 307 307 307
257 257 257 257 257 258 258 258 258 258 258 258 258 258 258 258 259 259 259 259 259 259 259 259 259 259 259 259 260 260 260 437 437 437 437 437 437 437 444 450 455 460 463 465 465 465 463 460 456 451 488 481 481 481 482 482 482 482 305 305 305 305 305 305 305 305 305 305 306 306 306 306 306 306 306 306 306 306 306 306 306 306 306 307 307 307 307 307 307 307 307 307 307 307
257 257 257 257 257 257 258 258 258 258 258 258 258 258 258 258 258 258 259 259 259 259 259 259 259 259 259 259 259 259 260 437 437 437 437 437 437 437 444 450 455 459 463 464 465 464 463 460 456 451 445 481 481 481 481 482 482 482 305 305 305 305 305 305 305 305 305 305 305 305 306 306 306 306 306 306 306 306 306 306 306 306 306 306 306 307 307 307 307 307 307 307 307 307
257 257 257 257 257 257 257 258 258 258 258 258 258 258 258 258 258 258 258 259 259 259 259 259 259 259 259 259 259 259 259 437 437 437 437 437 437 437 443 450 455 459 461 464 464 464 462 460 456 451 444 481 481 481 481 481 481 482 305 305 305 305 305 305 305 305 305 305 305 305 305 306 306 306 306 306 306 306 306 306 306 306 306 306 306 306 306 306 307 307 307 307 307 307
257 257 257 257 257 257 257 257 257 258 258 258 258 258 258 258 258 258 258 258 259 259 259 259 259 259 259 259 259 259 259 436 437 437 437 437 437 437 443 449 454 458 461 463 463 464 462 459 455 450 444 481 481 481 481 481 481 481 304 305 305 305 305 305 305 305 305 305 305 305 305 305 305 306 306 306 306 306 306 306 306 306 306 306 306 306 306 306 306 306 307 307 307 307
