testData/tiles/oneDegree/grid14.0-25.0-15.0-26.0.asc
ncols   200
nrows   200
xllcorner   14.0
yllcorner   25.0
cellsize   0.005
NODATA_value   -9999.0
[rows 42 to 83 of 200, columns 0 to 93 of 200]
454 453 454 455 455 456 456 456 456 457 458 457 458 458 459 459 459 460 460 461 461 461 461 460 461 462 463 462 463 464 465 464 465 466 465 466 467 467 467 468 468 468 494 494 494 498 503 506 509 513 516 519 521 524 526 529 531 532 535 536 538 540 543 543 545 547 548 550 552 552 555 537 537 540 541 541 543 545 545 546 547 549 551 552 553 555 556 557 558 559 560 562 563 564
453 454 454 455 455 455 456 456 457 457 457 458 458 459 458 459 460 460 460 460 461 460 460 461 461 462 461 462 463 464 463 464 465 465 465 466 467 466 467 468 467 493 493 493 497 501 506 508 512 515 517 521 523 525 527 530 531 533 536 537 540 541 543 545 546 548 549 551 552 554 555 537 539 540 541 542 544 545 546 547 548 551 552 553 554 555 557 558 559 560 561 563 564 565
453 454 455 454 455 455 456 456 456 457 457 458 458 458 459 459 460 459 460 461 460 460 460 461 462 461 461 462 463 463 463 464 464 465 465 466 466 466 467 467 492 493 493 496 501 504 508 511 514 516 519 522 524 526 529 530 533 535 538 539 541 543 544 546 548 549 551 552 553 555 556 558 540 541 542 544 544 545 547 548 549 552 553 554 555 556 558 559 560 561 562 563 565 566
453 453 454 454 455 456 455 456 456 457 458 457 458 458 459 460 459 460 460 460 459 460 461 461 461 460 461 462 462 463 463 463 464 464 465 465 465 466 466 491 492 493 494 499 503 506 510 513 516 518 522 524 526 528 531 532 535 537 538 540 542 543 545 548 548 550 552 552 555 556 556 559 541 541 544 545 545 546 548 549 551 552 554 555 556 557 558 560 561 562 563 564 565 567
452 453 454 455 454 455 455 456 457 456 457 457 458 459 458 459 459 460 459 459 460 460 461 460 461 461 460 461 462 462 462 463 464 464 464 465 465 465 466 491 492 493 498 502 505 509 512 514 518 520 523 525 528 530 532 534 536 537 540 542 542 545 546 548 549 551 552 554 555 556 558 560 560 542 544 545 546 547 549 551 552 553 555 556 557 558 559 561 562 563 564 565 566 568
452 453 452 454 455 455 456 456 456 457 457 458 458 458 458 459 460 458 459 459 460 460 460 461 460 460 461 461 462 461 462 463 463 463 464 465 464 465 491 491 492 496 501 504 507 511 514 516 519 522 524 526 530 530 533 535 537 539 540 542 544 546 548 549 551 552 553 555 556 558 559 560 561 563 545 546 547 548 549 552 553 554 555 557 558 559 560 561 563 564 565 566 567 568
452 452 453 453 454 455 455 456 456 457 457 457 458 458 459 459 458 459 459 460 459 460 460 460 460 460 461 461 460 461 462 463 462 463 464 463 464 490 490 490 495 499 503 507 510 514 515 519 521 523 525 528 529 532 534 536 537 540 542 543 545 548 548 549 552 552 555 556 556 559 560 560 562 564 545 547 548 549 550 553 554 555 556 558 559 560 561 562 564 565 566 567 568 569
452 452 453 454 453 454 454 456 457 456 457 457 458 457 457 458 458 459 459 459 460 460 461 459 460 460 461 461 460 461 462 462 462 463 463 463 489 490 489 494 499 501 505 508 512 515 517 520 522 525 527 529 531 534 536 537 539 542 542 545 546 547 549 551 552 554 555 556 558 560 560 561 564 564 565 547 549 550 552 553 555 556 557 558 560 561 562 563 564 566 567 568 569 570
452 453 452 453 453 454 455 454 455 455 456 457 456 457 457 458 459 458 459 459 460 459 459 460 460 460 460 460 461 460 461 461 462 462 463 488 489 489 492 497 500 504 508 511 513 516 519 521 524 527 529 531 532 535 536 539 540 542 544 546 547 548 551 551 553 555 555 557 559 560 561 562 564 565 566 548 550 551 553 554 556 557 558 559 561 562 563 564 565 566 568 569 570 570
451 452 453 453 454 454 454 455 455 456 456 456 456 457 458 458 458 458 459 460 459 459 459 460 459 460 461 460 460 460 461 461 461 462 487 488 488 490 495 499 502 506 510 512 515 518 520 522 525 528 529 532 534 536 537 540 541 543 545 545 548 549 552 552 554 556 556 559 560 560 562 564 564 566 567 568 550 552 554 555 557 558 559 560 561 563 564 565 566 567 569 570 570 571
451 452 453 453 453 454 454 455 455 455 456 456 457 457 457 458 458 459 459 459 458 459 460 459 460 460 460 459 460 461 460 460 461 462 487 487 489 493 497 502 505 509 510 514 517 519 522 524 527 528 531 533 535 537 539 540 542 544 546 547 549 551 552 553 555 556 557 559 560 561 563 564 565 566 568 569 570 553 555 556 557 559 560 561 562 564 565 566 567 568 568 570 571 572
451 451 452 453 453 454 455 454 455 455 456 456 456 457 457 458 458 458 459 458 459 458 459 459 460 460 459 460 460 461 460 460 461 485 486 487 493 496 500 503 507 510 512 516 518 520 524 526 528 530 532 533 536 538 540 541 544 545 547 548 550 551 552 555 555 557 559 559 561 562 562 565 566 567 569 570 571 554 555 557 558 560 561 562 563 564 566 567 567 568 569 570 572 573
450 451 451 453 454 453 454 454 455 456 456 456 456 457 457 457 458 458 458 458 458 459 459 460 459 459 459 460 460 459 460 460 485 485 486 491 494 498 503 506 508 512 515 517 519 522 525 526 529 531 533 535 537 539 541 542 545 545 548 549 550 552 553 555 556 557 560 560 562 563 564 566 567 568 570 571 572 573 556 558 559 560 562 563 564 565 565 567 568 569 570 571 573 574
451 451 452 451 452 453 454 455 455 455 455 456 457 457 457 457 458 458 457 458 458 459 459 459 459 459 460 459 460 459 460 485 485 485 489 493 497 501 505 507 511 513 515 519 521 524 525 528 531 532 534 536 539 539 542 544 545 547 548 549 551 553 555 556 557 559 560 561 562 563 565 566 568 569 570 572 573 574 557 558 559 560 562 563 564 565 566 568 569 570 571 572 573 575
451 450 451 452 452 453 454 454 455 455 456 456 456 456 457 457 457 457 457 458 459 458 459 458 459 459 459 460 459 460 459 485 484 487 491 495 499 503 505 509 513 514 517 520 523 525 527 529 530 533 535 538 539 541 543 544 545 548 548 551 552 554 555 556 558 559 561 562 562 564 566 567 569 570 571 573 574 575 576 559 560 561 562 564 565 566 567 568 570 571 572 573 574 575
450 451 451 452 452 452 453 453 454 454 454 455 455 456 456 456 456 457 458 458 458 458 458 459 458 459 459 460 459 459 485 485 486 489 494 498 501 505 508 511 514 516 519 521 523 526 528 530 532 535 536 538 540 542 543 545 547 549 549 552 553 555 556 557 558 560 562 562 563 565 567 568 570 571 572 573 575 576 577 560 561 562 563 565 566 567 568 569 571 572 573 574 575 575
450 451 451 451 452 452 453 454 453 454 454 455 455 456 456 456 457 457 457 458 458 459 458 458 458 459 460 458 459 484 485 483 489 493 497 499 503 507 510 512 514 518 521 522 525 527 529 531 533 536 537 539 541 542 544 546 548 549 551 553 553 555 557 557 559 561 562 563 564 565 568 569 570 572 573 574 576 577 578 579 562 563 564 565 567 568 569 570 571 573 574 574 575 576
449 450 451 451 452 453 452 453 453 454 455 455 455 455 456 456 457 457 457 458 458 457 458 458 459 459 458 458 484 485 484 488 492 496 498 502 505 508 511 514 516 519 521 523 526 527 530 532 535 536 538 541 541 544 545 548 548 550 552 552 554 556 557 558 560 562 562 564 565 566 569 570 571 573 574 575 577 578 579 580 582 564 565 566 567 569 570 571 572 573 574 575 576 577
449 450 451 452 451 452 452 453 454 454 454 454 455 456 456 456 456 457 457 457 457 457 458 458 458 459 458 484 484 484 486 491 495 498 501 504 507 509 512 516 518 520 522 525 527 529 532 533 535 537 539 540 542 545 546 547 549 551 552 553 556 557 558 559 561 562 563 565 566 567 570 571 572 574 575 576 577 579 580 581 582 565 566 567 568 570 571 572 572 573 574 576 577 578
449 450 449 450 452 452 453 453 453 454 454 455 455 455 455 456 457 457 456 456 457 457 458 458 458 458 458 483 484 484 490 494 497 499 503 507 507 511 514 515 519 522 524 526 528 530 533 534 536 538 540 541 544 545 547 548 550 551 553 554 557 557 558 560 561 563 564 565 567 568 570 572 573 574 576 577 578 580 581 582 583 585 567 568 569 570 571 572 573 574 575 577 578 579
449 449 450 450 451 452 452 453 453 454 454 454 455 455 456 456 457 455 456 457 457 457 457 458 457 458 483 483 484 488 492 496 500 503 504 508 509 513 515 517 520 523 524 527 529 532 533 535 538 538 541 542 545 545 548 549 550 552 554 555 556 558 559 560 562 563 565 566 568 569 570 573 574 575 577 578 579 580 582 583 584 585 568 569 569 570 572 573 574 575 576 577 579 579
449 449 450 450 450 451 451 453 453 453 454 454 455 455 455 455 455 456 456 457 456 457 458 457 457 482 483 483 487 491 495 499 501 504 506 510 512 514 517 519 522 523 526 528 530 532 534 536 538 539 542 544 545 546 549 549 552 553 554 555 557 559 559 561 563 564 566 567 568 570 571 572 575 576 577 579 580 581 583 584 585 585 587 569 570 571 572 574 575 576 577 577 578 580
449 449 449 450 450 451 452 451 452 452 453 454 454 454 454 455 455 456 456 456 457 457 457 456 482 483 483 486 489 494 497 501 503 506 509 511 513 515 517 520 522 524 527 530 531 533 535 537 538 541 542 544 545 548 548 550 552 554 554 557 558 559 560 561 564 565 567 568 569 571 572 573 575 576 577 579 580 581 582 584 585 586 587 570 571 572 573 574 576 577 577 578 579 580
447 449 450 450 451 450 451 451 452 453 453 453 453 454 455 455 455 455 456 456 457 456 456 457 482 483 484 488 493 496 499 501 505 508 510 512 515 518 518 521 524 526 527 529 532 535 535 538 539 542 542 545 546 548 549 551 553 554 555 558 558 559 561 562 565 566 567 569 570 572 573 574 576 577 578 579 581 582 583 585 586 587 588 590 572 573 574 575 576 577 578 579 580 581
448 448 449 449 450 451 451 452 452 452 452 453 454 454 454 454 455 456 456 457 455 456 456 482 482 482 487 491 495 498 502 504 507 510 511 514 516 517 520 522 524 526 529 531 533 534 537 539 541 542 544 546 546 549 550 552 553 555 556 558 559 560 562 563 566 567 568 570 571 572 574 575 576 578 579 580 582 583 584 585 587 588 589 590 573 574 574 575 576 578 579 580 581 581
447 448 448 450 450 451 450 451 452 452 453 453 453 453 454 455 455 456 455 455 456 456 482 481 482 486 490 494 497 501 503 506 508 511 514 516 518 519 522 524 525 527 529 532 534 535 538 539 541 542 545 546 548 550 551 553 554 555 556 558 560 561 563 564 565 568 569 571 572 573 575 576 577 579 580 581 582 584 585 586 588 589 590 591 591 574 575 576 577 578 580 580 581 582
447 448 448 449 449 450 451 451 452 452 452 453 453 454 454 455 454 454 455 455 456 480 481 482 485 489 492 496 499 502 505 507 511 512 515 516 518 521 523 524 526 529 531 532 535 536 538 539 542 543 545 546 549 550 551 553 555 555 557 559 561 562 564 565 566 568 570 571 573 574 575 577 578 579 581 582 583 585 586 587 588 590 590 591 592 575 576 577 578 579 579 581 582 583
448 447 448 448 449 449 450 452 451 452 452 453 453 454 454 453 454 454 455 454 455 481 481 483 486 491 494 498 502 503 507 509 512 513 516 519 520 522 524 526 527 529 531 533 535 537 539 541 543 544 546 547 550 550 552 554 555 556 558 560 562 563 564 566 567 569 570 572 574 575 576 578 579 580 582 583 584 585 587 587 588 590 591 592 593 594 577 578 578 579 580 581 583 584
447 447 448 449 449 450 449 450 450 451 452 452 452 452 453 453 454 454 454 455 480 481 481 485 490 493 498 500 502 505 509 512 512 515 517 519 520 523 526 527 529 529 532 535 535 538 539 542 543 545 547 548 550 551 553 554 556 557 558 560 562 564 565 567 568 569 571 572 574 576 577 579 580 581 582 584 584 585 587 588 589 590 592 593 594 595 576 578 579 580 581 582 582 584
446 448 448 448 448 449 450 450 451 451 451 451 452 453 453 454 453 454 454 480 481 480 483 488 492 496 499 502 504 508 509 513 514 517 520 520 523 525 527 527 530 532 533 534 536 539 540 542 543 546 547 548 550 552 552 555 556 558 559 561 563 565 566 567 569 570 572 573 574 576 577 578 580 581 582 584 585 586 587 589 590 591 592 594 595 595 596 579 580 581 582 582 583 584
445 446 447 448 449 449 450 449 450 451 451 452 452 452 452 453 454 454 455 479 480 481 486 491 494 498 501 504 506 509 512 513 516 517 519 521 524 527 527 530 530 533 533 535 538 540 541 543 544 546 547 549 551 552 553 556 557 559 560 562 563 566 567 568 570 571 572 574 575 577 578 579 581 582 583 584 586 587 588 590 591 592 593 594 595 596 597 598 581 581 582 583 584 585
446 446 447 447 449 449 449 450 450 451 451 451 452 452 453 453 454 453 479 479 480 485 488 493 496 500 503 504 508 510 513 515 517 520 521 524 525 526 528 531 530 533 536 536 538 539 542 544 544 547 548 550 551 553 554 557 558 560 561 563 564 566 568 569 571 572 573 575 576 577 579 580 581 583 584 585 587 588 589 590 591 592 593 594 596 597 598 599 580 582 583 584 585 585
446 446 446 447 447 449 449 450 450 450 451 451 452 452 453 453 453 479 478 479 482 487 492 495 499 501 504 506 510 512 513 516 518 520 522 524 526 528 530 531 533 534 536 536 539 540 543 543 545 547 549 550 552 554 555 557 559 560 562 563 565 566 569 570 571 573 574 576 577 578 580 581 582 584 585 586 587 589 589 590 592 593 594 595 596 598 598 599 600 582 584 584 585 586
445 446 446 447 447 448 449 448 450 450 451 451 452 452 452 452 477 478 478 481 486 490 494 497 499 502 506 509 511 513 515 518 520 521 524 525 527 529 531 531 534 536 536 538 539 541 543 544 547 548 549 550 553 554 556 557 560 561 563 564 566 567 568 570 572 574 575 576 578 579 580 582 583 584 586 586 587 589 590 591 592 594 595 596 596 598 599 600 601 583 583 585 586 587
444 446 447 447 447 447 448 448 449 450 450 450 450 451 451 452 478 477 479 484 489 492 495 498 501 505 507 510 511 514 517 519 520 522 525 527 528 530 532 533 534 536 537 540 540 541 543 545 548 548 550 551 554 555 557 558 560 562 564 565 566 568 569 571 572 574 575 576 578 579 580 582 583 584 586 587 588 589 591 592 593 595 595 596 597 598 600 601 601 602 584 585 587 587
445 444 446 446 447 448 448 449 448 449 449 450 451 451 452 476 477 477 482 488 490 494 497 500 503 506 509 510 514 516 518 520 522 524 526 527 529 531 532 534 535 537 539 540 541 542 544 545 547 549 551 552 555 556 558 559 561 563 564 566 567 569 570 572 573 574 576 577 578 580 581 583 584 585 586 588 589 590 592 593 593 594 596 597 598 599 600 601 602 603 585 586 586 588
444 445 445 447 447 448 447 448 449 449 450 450 450 450 476 477 477 481 484 489 493 496 500 502 505 507 511 512 514 517 519 521 523 525 527 528 530 533 533 535 537 538 539 540 542 544 544 546 547 550 551 553 555 557 558 560 561 563 565 567 568 570 571 572 574 575 577 578 579 581 582 583 585 586 587 589 590 591 591 593 594 595 596 598 599 599 600 601 603 604 604 586 587 588
444 445 445 445 446 447 448 448 449 449 449 450 450 451 476 477 478 483 488 490 495 498 500 503 507 510 511 513 516 519 520 522 523 526 528 529 531 532 534 536 537 539 540 542 543 543 545 547 548 551 552 554 555 558 559 561 562 564 565 568 569 570 572 573 575 576 577 579 580 582 583 584 586 587 588 588 590 591 592 594 595 596 597 598 599 600 601 602 604 604 605 587 588 588
444 444 445 445 446 446 448 448 448 449 449 450 450 476 476 476 482 485 489 493 496 499 502 506 508 510 512 515 517 520 521 523 526 526 529 530 532 534 535 537 537 540 540 542 543 544 547 547 549 552 553 555 556 559 560 562 563 565 566 567 569 570 573 574 576 577 578 580 581 582 584 584 585 587 588 589 591 592 593 594 596 596 597 598 600 601 602 602 603 605 606 607 588 589
444 444 445 445 446 446 446 447 447 448 449 450 475 475 475 478 483 487 491 495 498 501 504 507 508 511 514 516 518 519 522 524 527 528 529 532 532 535 536 537 539 541 541 543 545 545 548 548 550 552 554 555 557 558 561 562 564 565 567 568 570 571 573 574 575 577 578 580 581 582 584 585 586 588 589 590 591 593 594 594 596 597 598 599 600 601 602 603 604 605 606 607 589 590
443 444 444 445 445 446 446 447 448 447 448 448 474 474 477 482 485 490 493 497 500 502 506 507 510 513 516 517 519 522 523 525 526 529 530 533 533 535 538 538 541 541 542 544 545 546 549 550 551 553 555 556 558 559 561 563 565 566 568 569 571 572 573 575 576 578 579 580 582 583 584 586 587 588 590 591 591 593 594 595 596 598 599 599 600 601 603 604 604 605 606 608 590 590
442 443 443 445 446 446 446 446 447 447 448 474 474 474 479 484 487 492 496 498 501 503 506 509 512 514 516 518 520 523 524 526 527 530 533 532 535 536 538 538 541 541 543 546 546 548 549 551 551 553 556 557 559 560 562 563 566 567 568 570 571 573 574 576 577 578 580 581 583 584 585 587 588 589 590 591 592 593 595 596 597 597 599 600 601 602 604 604 605 606 607 607 609 591
