testData/tiles/oneDegree/grid2.0-20.0-3.0-21.0.asc
ncols   200
nrows   200
xllcorner   2.0
yllcorner   20.0
cellsize   0.005
NODATA_value   -9999.0
[rows 84 to 125 of 200, columns 0 to 93 of 200]
240 241 241 241 242 242 242 243 243 244 244 244 244 245 245 245 245 245 245 245 246 246 246 246 246 247 247 247 247 247 247 247 247 247 247 247 247 247 247 247 247 247 247 247 247 247 247 247 247 247 246 246 245 245 245 244 244 244 244 243 243 243 242 242 242 242 241 241 240 240 240 239 239 239 238 238 236 236 235 235 234 234 234 233 233 232 232 231 231 230 230 229 228 228
241 241 242 242 242 243 243 243 244 244 245 245 245 245 246 246 246 247 247 247 247 248 248 248 247 247 247 248 248 248 248 248 248 248 248 248 248 248 248 248 248 248 248 248 248 248 248 248 247 247 247 247 247 247 246 246 245 245 244 244 244 243 243 243 243 242 242 241 241 241 240 240 240 239 239 238 238 237 237 236 235 235 234 234 233 233 232 232 231 231 230 230 229 228
241 242 242 243 243 243 244 244 245 245 245 246 246 246 247 247 247 247 248 248 248 248 248 249 249 249 249 249 249 250 250 249 249 249 249 249 249 249 249 249 249 249 249 249 249 249 248 248 248 248 248 248 247 247 247 247 247 246 246 246 246 244 244 244 243 243 243 242 242 241 241 241 240 240 239 239 239 238 238 237 237 236 236 234 234 233 233 232 232 231 231 230 230 229
242 242 243 243 244 244 244 245 245 246 246 246 247 247 247 248 248 248 248 249 249 249 249 249 250 250 250 250 250 250 250 251 251 251 251 251 251 250 250 250 250 250 250 250 249 249 249 249 249 249 249 248 248 248 248 248 247 247 247 247 246 246 246 245 245 244 243 243 242 242 242 241 241 240 240 240 239 239 238 238 237 237 236 236 235 235 233 233 232 232 231 231 230 230
243 243 244 244 244 245 245 246 246 246 247 247 247 248 248 248 249 249 249 249 250 250 250 250 250 251 251 251 251 251 251 251 251 251 252 252 252 252 252 252 252 251 251 250 250 250 250 250 250 250 249 249 249 249 249 248 248 248 248 247 247 247 246 246 246 245 245 245 244 243 242 242 242 241 241 240 240 239 239 238 238 237 237 236 236 235 235 234 234 233 232 231 231 230
244 245 245 246 246 246 247 247 247 247 247 248 248 248 249 249 249 250 250 250 250 251 251 251 251 251 251 252 252 252 252 252 252 252 252 252 252 252 252 252 252 252 252 252 252 252 252 252 250 250 250 250 250 250 249 249 249 249 248 248 248 247 247 247 246 246 246 245 245 244 244 244 243 242 241 241 240 240 239 239 239 238 238 237 237 236 235 235 234 234 233 233 232 231
245 245 246 246 247 247 248 248 248 249 249 249 250 250 250 251 251 250 251 251 251 251 251 252 252 252 252 252 253 253 253 253 253 253 253 253 253 253 253 253 253 253 253 253 253 253 253 252 252 252 252 252 251 250 250 250 250 249 249 249 248 248 248 247 247 247 246 246 246 245 245 244 244 243 243 243 242 241 240 240 239 239 238 238 237 237 236 235 235 234 234 233 233 232
246 246 246 247 247 248 248 249 249 249 250 250 250 251 251 251 252 252 252 253 253 253 253 253 254 253 253 253 253 253 254 254 254 254 254 254 254 254 254 254 254 254 254 254 254 253 253 253 253 253 253 252 252 252 252 252 251 250 250 249 249 249 248 248 248 247 247 247 246 246 245 245 244 244 244 243 243 242 242 241 240 239 239 238 238 237 237 236 236 235 234 234 233 233
246 247 247 248 248 248 249 249 250 250 250 251 251 251 252 252 252 253 253 253 254 254 254 254 254 255 255 255 255 255 255 254 254 255 255 255 255 255 255 255 255 255 254 254 254 254 254 254 254 254 253 253 253 253 253 252 252 252 251 251 251 249 249 249 248 248 248 247 247 246 246 246 245 245 244 244 243 243 242 242 241 241 240 240 238 238 237 237 236 235 235 234 234 233
247 247 248 248 249 249 249 250 250 251 251 251 252 252 252 253 253 253 254 254 254 254 255 255 255 255 256 256 256 256 256 256 256 256 256 256 256 255 255 255 255 255 255 255 255 255 255 255 255 254 254 254 254 253 253 253 253 252 252 252 251 251 251 250 250 249 248 248 247 247 247 246 246 245 245 244 244 243 243 242 242 241 241 240 240 239 239 237 237 236 235 235 234 234
247 248 248 249 249 250 250 251 251 251 252 252 252 253 253 254 254 254 254 255 255 255 255 256 256 256 256 256 257 257 257 257 257 257 257 257 257 257 257 257 257 257 256 256 256 256 256 255 255 255 255 255 254 254 254 254 253 253 253 253 252 252 251 251 251 250 250 250 249 248 247 247 246 246 245 245 244 244 243 243 242 242 241 241 240 240 239 239 238 238 236 235 235 234
249 250 250 250 251 250 251 251 252 252 252 253 253 254 254 254 255 255 255 255 256 256 256 256 257 257 257 257 257 257 258 258 258 258 258 258 258 258 258 258 258 258 258 258 258 257 257 256 256 256 256 255 255 255 255 254 254 254 254 253 253 253 252 252 251 251 251 250 250 249 249 248 248 247 246 246 245 245 244 244 243 243 242 241 241 240 240 239 239 238 238 237 236 235
250 250 251 251 252 252 252 253 253 254 254 254 255 255 255 255 255 256 256 256 256 257 257 257 257 258 258 258 258 258 258 258 259 259 259 259 259 259 259 259 259 259 259 258 258 258 258 258 258 258 257 256 256 256 255 255 255 255 254 254 254 253 253 252 252 252 251 251 250 250 250 249 249 248 248 247 246 245 245 244 244 243 243 242 241 241 240 240 239 239 238 237 237 236
250 251 251 252 252 253 253 254 254 254 255 255 256 256 256 257 257 257 258 258 258 258 258 258 258 258 259 259 259 259 259 259 259 259 259 260 260 260 260 260 259 259 259 259 259 259 259 259 259 258 258 258 258 257 257 257 256 255 255 255 254 254 254 253 253 252 252 252 251 251 250 250 249 249 248 248 247 247 246 245 244 244 243 243 242 241 241 240 240 239 239 238 237 237
251 251 252 252 253 253 254 254 255 255 255 256 256 257 257 257 258 258 258 259 259 259 259 260 260 260 260 260 260 260 260 260 260 260 260 260 260 260 260 260 260 260 260 260 260 260 260 259 259 259 259 259 258 258 258 258 257 257 257 256 255 255 254 254 253 253 253 252 252 251 251 250 250 249 249 248 248 247 247 246 246 245 244 243 243 242 241 241 240 240 239 238 238 237
251 252 252 253 253 254 254 255 255 256 256 256 257 257 258 258 258 259 259 259 260 260 260 260 261 261 261 261 261 262 262 262 262 262 261 261 261 261 261 261 261 261 261 261 261 261 260 260 260 260 260 259 259 259 259 258 258 258 257 257 257 256 256 254 254 254 253 253 252 252 251 251 250 250 249 249 248 248 247 247 246 246 245 245 244 242 242 241 241 240 240 239 238 238
252 253 253 254 254 255 255 255 256 256 257 257 258 258 258 259 259 259 260 260 260 261 261 261 261 262 262 262 262 262 262 263 263 263 263 263 263 263 263 262 262 262 262 262 261 261 261 261 261 261 260 260 260 260 259 259 259 258 258 258 257 257 257 256 256 255 255 253 253 253 252 252 251 251 250 250 249 248 248 247 247 246 246 245 245 244 243 243 241 241 240 239 239 238
253 253 254 254 255 255 256 256 257 257 257 258 258 259 259 259 260 260 260 261 261 261 262 262 262 262 263 263 263 263 263 263 263 264 264 264 264 264 264 264 264 264 263 262 262 262 262 262 262 261 261 261 261 260 260 260 259 259 259 258 258 258 257 257 256 256 256 255 255 254 253 252 252 251 251 250 250 249 248 248 247 247 246 246 245 244 244 243 243 242 241 240 239 239
254 255 255 256 256 257 256 257 257 258 258 258 259 259 260 260 260 261 261 261 262 262 262 263 263 263 263 263 264 264 264 264 264 264 264 264 264 264 264 264 264 264 264 264 264 264 264 263 262 262 262 262 261 261 261 260 260 260 259 259 259 258 258 257 257 257 256 256 255 255 254 254 253 252 251 251 250 250 249 248 248 247 247 246 246 245 244 244 243 243 242 241 241 240
255 255 256 256 257 257 258 258 259 259 260 260 261 261 260 261 261 261 262 262 262 263 263 263 264 264 264 264 264 265 265 265 265 265 265 265 265 265 265 265 265 265 265 265 265 265 264 264 264 264 264 263 262 262 261 261 261 260 260 260 259 259 259 258 258 257 257 256 256 255 255 254 254 253 253 252 252 250 250 249 248 248 247 247 246 245 245 244 244 243 242 242 241 241
255 256 256 257 257 258 258 259 259 260 260 261 261 262 262 262 263 263 264 264 264 263 264 264 264 265 265 265 265 265 266 266 266 266 266 266 266 266 266 266 266 266 266 266 266 265 265 265 265 265 264 264 264 263 263 263 262 261 261 260 260 260 259 259 258 258 257 257 256 256 255 255 254 254 253 253 252 252 251 251 249 248 248 247 247 246 245 245 244 244 243 242 242 241
256 256 257 257 258 259 259 260 260 260 261 261 262 262 263 263 263 264 264 265 265 265 266 266 266 266 267 266 266 266 266 266 267 267 267 267 267 267 267 267 267 267 267 266 266 266 266 266 266 265 265 265 265 264 264 264 263 263 262 261 261 260 260 259 259 258 258 258 257 257 256 255 255 254 254 253 253 252 252 251 250 250 248 248 247 246 246 245 245 244 243 243 242 241
256 257 258 258 259 259 260 260 261 261 262 262 262 263 263 264 264 265 265 265 266 266 266 267 267 267 267 267 268 268 268 268 267 267 267 268 268 268 268 268 267 267 267 267 267 267 267 266 266 266 266 266 265 265 265 264 264 264 263 263 262 262 261 260 260 259 259 258 258 257 257 256 256 255 254 254 253 253 252 252 251 250 250 249 249 247 246 246 245 244 244 243 242 242
257 258 258 259 259 260 260 261 261 262 262 263 263 264 264 264 265 265 266 266 266 267 267 267 268 268 268 268 268 269 269 269 269 269 269 269 269 268 268 268 268 268 268 268 268 268 267 267 267 267 267 266 266 266 265 265 265 264 264 263 263 263 262 262 261 261 259 259 258 258 257 257 256 256 255 254 254 253 253 252 251 251 250 250 249 248 248 247 245 245 244 244 243 242
257 258 259 259 260 260 261 261 262 262 263 263 264 264 265 265 265 266 266 267 267 267 268 268 268 269 269 269 269 269 270 270 270 270 270 270 270 270 270 270 270 269 269 269 269 268 268 268 268 268 267 267 267 266 266 266 265 265 264 264 264 263 263 262 262 261 261 260 260 258 258 257 257 256 255 255 254 254 253 253 252 251 251 250 249 249 248 248 247 246 245 244 243 243
258 259 259 260 260 261 261 262 262 263 263 264 264 265 265 266 266 267 267 267 268 268 268 269 269 269 269 270 270 270 270 270 271 271 271 271 271 271 271 271 271 271 271 270 270 269 269 269 268 268 268 268 267 267 267 266 266 266 265 265 264 264 263 263 262 262 261 261 260 260 259 259 257 257 256 255 255 254 254 253 252 252 251 251 250 249 249 248 247 247 246 245 245 243
260 260 261 261 262 262 263 263 263 263 264 264 265 265 266 266 267 267 268 268 268 269 269 269 270 270 270 270 271 271 271 271 271 271 272 272 272 272 272 272 272 271 271 271 271 271 271 270 270 269 269 268 268 268 267 267 267 266 266 265 265 264 264 263 263 262 262 261 261 260 260 259 259 258 258 256 255 255 254 254 253 252 252 251 250 250 249 248 248 247 246 246 245 244
260 261 261 262 262 263 263 264 265 265 266 266 267 267 268 267 267 268 268 269 269 269 270 270 270 271 271 271 271 272 272 272 272 272 272 272 272 272 272 272 272 272 272 272 272 272 271 271 271 271 270 270 269 268 268 268 267 267 266 266 266 265 265 264 264 263 263 262 261 261 260 260 259 259 258 257 257 255 255 254 253 253 252 251 251 250 249 249 248 248 247 246 245 245
261 261 262 262 263 263 264 265 265 266 266 267 267 268 268 269 269 270 270 270 271 270 270 271 271 271 272 272 272 272 273 273 273 273 273 273 273 273 273 273 273 273 273 273 273 272 272 272 272 271 271 271 270 270 270 269 268 268 267 267 266 266 265 265 264 264 263 263 262 261 261 260 260 259 259 258 257 257 256 255 254 253 253 252 251 251 250 249 249 248 247 247 246 245
261 262 262 263 263 264 265 265 266 266 267 267 268 268 269 269 270 270 271 271 271 272 272 273 273 273 272 273 273 273 273 274 274 274 274 274 274 274 274 274 274 274 274 274 273 273 273 273 272 272 272 272 271 271 270 270 270 269 269 267 267 266 266 265 265 264 264 263 263 262 261 261 260 260 259 258 258 257 257 256 255 255 253 252 252 251 250 250 249 248 248 247 246 246
261 262 263 263 264 264 265 266 266 267 267 268 268 269 269 270 270 271 271 272 272 272 273 273 274 274 274 274 275 275 275 274 274 275 275 275 275 275 275 275 275 275 274 274 274 274 274 273 273 273 273 272 272 271 271 271 270 270 269 269 268 268 266 266 265 265 264 264 263 262 262 261 261 260 259 259 258 258 257 256 256 255 254 254 253 251 251 250 249 249 248 247 247 246
262 263 263 264 264 265 266 266 267 267 268 268 269 269 270 270 271 271 272 272 273 273 274 274 274 275 275 275 275 276 276 276 276 276 276 275 276 276 276 275 275 275 275 275 275 275 274 274 274 274 273 273 273 272 272 271 271 270 270 269 269 268 268 267 267 265 265 264 264 263 262 262 261 261 260 259 259 258 257 257 256 255 255 254 253 253 252 250 250 249 248 248 247 246
262 263 264 264 265 265 266 267 267 268 268 269 269 270 271 271 272 272 273 273 273 274 274 275 275 275 276 276 276 276 277 277 277 277 277 277 277 277 277 276 276 276 276 276 276 275 275 275 275 274 274 274 273 273 272 272 272 271 271 270 270 269 268 268 267 267 266 266 264 263 263 262 262 261 260 260 259 258 258 257 256 256 255 254 254 253 252 252 251 249 249 248 247 247
263 263 264 265 265 266 267 267 268 268 269 269 270 271 271 272 272 273 273 274 274 274 275 275 276 276 276 277 277 277 277 278 278 278 278 278 278 278 278 278 278 278 278 277 276 276 276 276 275 275 275 274 274 273 273 273 272 272 271 271 270 270 269 268 268 267 267 266 266 265 263 263 262 261 261 260 260 259 258 258 257 256 256 255 254 253 253 252 251 251 250 249 248 247
264 264 265 265 266 266 267 268 268 269 269 270 271 271 272 272 273 273 274 274 275 275 276 276 276 277 277 277 278 278 278 278 278 279 279 279 279 279 279 279 279 279 278 278 278 278 277 276 276 276 275 275 275 274 274 273 273 272 272 271 271 270 270 269 268 268 267 267 266 265 265 264 264 262 261 261 260 259 259 258 257 257 256 255 255 254 253 252 252 251 250 250 249 248
265 265 266 267 267 268 269 269 269 269 270 271 271 272 272 273 273 274 274 275 275 276 276 277 277 277 278 278 278 279 279 279 279 279 279 280 280 280 280 280 279 279 279 279 279 279 278 278 278 276 276 276 275 275 274 274 273 273 272 272 271 271 270 270 269 268 268 267 267 266 265 265 264 263 263 261 260 260 259 258 258 257 256 256 255 254 253 253 252 251 251 250 249 249
265 266 266 267 268 268 269 270 270 271 271 272 273 273 273 273 274 274 275 275 276 276 277 277 278 278 278 279 279 279 280 280 280 280 280 280 280 280 280 280 280 280 280 280 280 279 279 279 278 278 278 277 276 275 275 274 274 273 273 272 272 271 271 270 269 269 268 268 267 266 266 265 264 264 263 262 262 260 259 259 258 257 257 256 255 255 254 253 252 252 251 250 250 249
265 266 267 267 268 269 269 270 271 271 272 273 273 274 274 275 275 276 277 276 277 277 277 278 278 279 279 279 280 280 280 281 281 281 281 281 281 281 281 281 281 281 281 281 280 280 280 279 279 279 278 278 277 277 277 275 275 274 273 273 272 272 271 271 270 269 269 268 267 267 266 265 265 264 263 263 262 261 261 260 258 258 257 256 256 255 254 253 253 252 251 251 250 249
266 267 267 268 269 269 270 271 271 272 272 273 274 274 275 275 276 277 277 278 278 279 279 280 279 279 280 280 280 281 281 281 281 282 282 282 282 282 282 282 282 282 281 281 281 281 280 280 280 279 279 279 278 278 277 277 276 276 274 273 273 272 272 271 270 270 269 269 268 267 267 266 265 265 264 263 262 262 261 260 260 259 257 257 256 255 254 254 253 252 252 251 489 488
266 267 268 268 269 270 270 271 272 272 273 274 274 275 275 276 277 277 278 278 279 279 280 280 281 281 281 282 281 281 282 282 282 282 283 283 283 283 283 283 283 282 282 282 282 281 281 281 280 280 280 279 279 278 278 277 277 276 276 275 273 273 272 272 271 270 270 269 268 268 267 266 266 265 264 264 263 262 261 261 260 259 259 258 256 255 255 254 253 253 491 490 489 489
267 267 268 269 269 270 271 271 272 273 273 274 275 275 276 276 277 278 278 279 279 280 280 281 281 282 282 283 283 283 284 284 283 283 283 283 284 284 284 283 283 283 283 283 283 282 282 282 281 281 280 280 279 279 278 278 277 277 276 275 275 274 274 272 271 271 270 269 269 268 267 267 266 265 265 264 263 262 262 261 260 260 259 258 257 257 255 254 493 492 491 490 490 489
267 268 268 269 270 270 271 272 272 273 274 274 275 276 276 277 278 278 279 279 280 280 281 281 282 282 283 283 284 284 284 285 285 285 285 284 284 284 284 284 284 284 284 284 283 283 283 282 282 281 281 280 280 279 279 278 278 277 277 276 275 275 274 273 273 271 270 270 269 268 268 267 266 266 265 264 263 263 262 261 261 260 259 258 258 257 495 495 493 492 491 491 490 489
