testData/tiles/oneDegree/grid38.0-8.0-39.0-9.0.asc
ncols   200
nrows   200
xllcorner   38.0
yllcorner   8.0
cellsize   0.005
NODATA_value   -9999.0
[rows 0 to 41 of 200, columns 94 to 187 of 200]
424 424 424 423 423 423 422 422 422 421 421 420 420 420 419 419 418 418 418 417 417 416 416 416 415 415 414 414 413 413 412 412 411 411 410 410 409 409 408 408 407 406 406 405 405 404 403 403 402 401 400 400 399 398 397 396 396 396 396 396 396 404 406 409 411 413 414 416 394 396 397 398 399 400 401 402 403 404 405 406 407 407 408 409 410 410 411 412 412 413 414 414 415 415
424 424 424 423 423 423 422 422 422 421 421 420 420 420 419 419 418 418 418 417 417 416 416 416 415 415 414 414 413 413 412 412 411 411 410 410 409 409 408 408 407 406 406 405 405 404 403 403 402 401 400 400 399 398 397 396 396 396 396 396 396 404 406 409 411 413 414 416 394 396 397 398 399 400 401 402 403 404 405 406 407 407 408 409 410 410 411 412 412 413 414 414 415 415
451 424 424 423 423 423 422 422 422 421 421 420 420 420 419 419 418 418 418 417 417 416 416 416 415 415 414 414 413 413 412 412 411 411 410 410 409 409 408 408 407 406 406 405 405 404 403 403 402 401 400 400 399 398 397 396 396 396 396 396 396 404 407 409 411 413 415 416 394 396 397 398 399 400 401 402 403 404 405 406 407 407 408 409 410 410 411 412 412 413 414 414 415 415
451 451 424 423 423 423 422 422 422 421 421 420 420 420 419 419 418 418 418 417 417 416 416 416 415 415 414 414 413 413 412 412 411 411 410 410 409 409 408 408 407 406 406 405 405 404 403 403 402 401 400 400 399 398 397 396 396 396 396 396 396 404 407 409 411 413 415 416 394 396 397 398 399 400 401 402 403 404 405 406 407 407 408 409 410 410 411 412 412 413 414 414 415 415
451 451 451 423 423 423 422 422 421 421 421 420 420 420 419 419 418 418 418 417 417 416 416 416 415 415 414 414 413 413 412 412 411 411 410 410 409 409 408 408 407 406 406 405 404 404 403 402 402 401 400 400 399 398 397 396 396 396 396 396 404 404 407 409 411 413 415 416 395 396 397 398 399 400 401 402 403 404 405 406 407 407 408 409 410 410 411 412 412 413 414 414 415 415
451 451 451 450 423 423 422 422 421 421 421 420 420 420 419 419 418 418 418 417 417 416 416 416 415 415 414 414 413 413 412 412 411 411 410 410 409 409 408 408 407 406 406 405 404 404 403 402 402 401 400 400 399 398 397 396 396 396 396 396 396 404 407 409 411 413 415 416 394 396 397 398 399 400 401 402 403 404 405 406 407 407 408 409 410 410 411 412 412 413 414 414 415 415
451 451 451 450 450 423 422 422 421 421 421 420 420 420 419 419 418 418 418 417 417 416 416 415 415 415 414 414 413 413 412 412 411 411 410 410 409 409 408 407 407 406 406 405 404 404 403 402 402 401 400 400 399 398 397 396 396 396 396 396 396 404 407 409 411 413 415 416 394 396 397 398 399 400 401 402 403 404 405 406 407 407 408 409 410 410 411 412 412 413 414 414 415 415
451 451 451 450 450 423 422 422 421 421 421 420 420 420 419 419 418 418 418 417 417 416 416 415 415 415 414 414 413 413 412 412 411 411 410 410 409 409 408 407 407 406 406 405 404 404 403 402 402 401 400 400 399 398 397 396 396 396 396 396 396 404 406 409 411 413 414 416 394 396 397 398 399 400 401 402 403 404 405 406 407 407 408 409 410 410 411 412 412 413 414 414 415 415
451 451 451 450 450 450 422 422 421 421 421 420 420 420 419 419 418 418 418 417 417 416 416 415 415 415 414 414 413 413 412 412 411 411 410 410 409 409 408 407 407 406 406 405 404 404 403 402 402 401 400 399 399 398 397 396 396 396 396 396 396 404 406 409 411 413 414 416 394 396 397 398 399 400 401 402 403 404 405 406 407 407 408 409 410 410 411 412 412 413 414 414 415 415
451 451 451 450 450 450 449 422 421 421 421 420 420 420 419 419 418 418 418 417 417 416 416 415 415 415 414 414 413 413 412 412 411 411 410 410 409 409 408 407 407 406 406 405 404 404 403 402 402 401 400 399 399 398 397 396 396 396 396 396 396 404 406 409 411 413 414 416 394 396 397 398 399 400 401 402 403 404 405 406 406 407 408 409 410 410 411 412 412 413 414 414 415 415
451 451 451 450 450 449 449 449 421 421 421 420 420 420 419 419 418 418 418 417 417 416 416 415 415 415 414 414 413 413 412 412 411 411 410 410 409 409 408 407 407 406 406 405 404 404 403 402 402 401 400 399 399 398 397 396 396 396 396 396 396 404 406 408 411 412 414 416 394 395 397 398 399 400 401 402 403 404 405 406 406 407 408 409 409 410 411 412 412 413 413 414 415 415
451 451 451 450 450 449 449 449 448 421 421 420 420 420 419 419 418 418 418 417 417 416 416 415 415 415 414 414 413 413 412 412 411 411 410 410 409 409 408 407 407 406 406 405 404 404 403 402 402 401 400 399 399 398 397 396 396 396 396 396 396 404 405 408 410 412 414 416 394 395 397 398 399 400 401 402 403 404 405 405 406 407 408 409 409 410 411 411 412 413 413 414 415 415
451 451 451 450 450 449 449 449 448 448 421 420 420 420 419 419 418 418 418 417 417 416 416 415 415 415 414 414 413 413 412 412 411 411 410 410 409 409 408 407 407 406 406 405 404 404 403 402 402 401 400 399 399 398 397 396 396 396 396 396 396 404 405 408 410 412 414 415 394 395 396 398 399 400 401 402 403 404 405 405 406 407 408 409 409 410 411 411 412 413 413 414 415 415
451 451 450 450 450 449 449 449 448 448 448 420 420 420 419 419 418 418 418 417 417 416 416 415 415 414 414 414 413 413 412 412 411 411 410 410 409 408 408 407 407 406 406 405 404 404 403 402 402 401 400 399 399 398 397 396 396 396 396 396 396 404 405 407 410 412 414 415 394 395 396 397 399 400 401 402 403 403 404 405 406 407 408 408 409 410 411 411 412 413 413 414 414 415
451 451 450 450 450 449 449 449 448 448 448 447 420 419 419 419 418 418 418 417 417 416 416 415 415 414 414 414 413 413 412 412 411 411 410 410 409 408 408 407 407 406 406 405 404 404 403 402 402 401 400 399 399 398 397 396 396 396 396 396 396 404 404 407 409 411 413 415 393 395 396 397 398 399 400 401 402 403 404 405 406 407 408 408 409 410 410 411 412 412 413 414 414 415
451 451 450 450 450 449 449 449 448 448 448 447 420 419 419 419 418 418 417 417 417 416 416 415 415 414 414 414 413 413 412 412 411 411 410 410 409 408 408 407 407 406 406 405 404 404 403 402 402 401 400 399 399 398 397 396 396 396 396 396 396 404 404 407 409 411 413 415 393 394 396 397 398 399 400 401 402 403 404 405 406 407 407 408 409 410 410 411 412 412 413 414 414 415
451 451 450 450 450 449 449 449 448 448 448 447 447 419 419 419 418 418 417 417 417 416 416 415 415 414 414 414 413 413 412 412 411 411 410 410 409 408 408 407 407 406 406 405 404 404 403 402 402 401 400 399 398 398 397 396 396 396 396 396 396 396 404 406 409 411 413 414 393 394 396 397 398 399 400 401 402 403 404 405 406 406 407 408 409 409 410 411 412 412 413 413 414 415
451 451 450 450 450 449 449 449 448 448 448 447 447 446 419 419 418 418 417 417 417 416 416 415 415 414 414 413 413 413 412 412 411 411 410 409 409 408 408 407 407 406 405 405 404 404 403 402 401 401 400 399 398 398 397 396 396 396 396 396 396 396 404 405 408 410 412 414 392 394 395 396 398 399 400 401 402 403 404 405 405 406 407 408 409 409 410 411 411 412 413 413 414 414
451 451 450 450 450 449 449 449 448 448 448 447 447 446 446 419 418 418 417 417 417 416 416 415 415 414 414 413 413 413 412 412 411 411 410 409 409 408 408 407 407 406 405 405 404 404 403 402 401 401 400 399 398 398 397 396 396 396 396 396 396 396 404 405 408 410 412 414 392 394 395 396 397 399 400 401 402 403 403 404 405 406 407 408 408 409 410 410 411 412 412 413 414 414
451 451 450 450 450 449 449 449 448 448 448 447 447 446 446 446 418 418 417 417 417 416 416 415 415 414 414 413 413 412 412 412 411 410 410 409 409 408 408 407 407 406 405 405 404 403 403 402 401 401 400 399 398 398 397 396 396 396 396 396 396 396 404 404 407 409 411 413 392 393 395 396 397 398 399 400 401 402 403 404 405 406 407 407 408 409 410 410 411 412 412 413 414 414
451 451 450 450 450 449 449 449 448 448 448 447 447 446 446 446 445 418 417 417 417 416 416 415 415 414 414 413 413 412 412 411 411 410 410 409 409 408 408 407 407 406 405 405 404 403 403 402 401 401 400 399 398 397 397 396 396 396 396 396 396 396 396 404 406 409 411 413 391 393 394 396 397 398 399 400 401 402 403 404 405 406 406 407 408 409 409 410 411 411 412 413 413 414
451 451 450 450 450 449 449 449 448 448 447 447 447 446 446 446 445 445 417 417 417 416 416 415 415 414 414 413 413 412 412 411 411 410 410 409 409 408 408 407 407 406 405 405 404 403 403 402 401 401 400 399 398 397 397 396 396 396 396 396 396 396 396 404 405 408 410 412 391 392 394 395 396 398 399 400 401 402 403 404 404 405 406 407 408 408 409 410 411 411 412 413 413 414
451 451 450 450 450 449 449 449 448 448 447 447 447 446 446 446 445 445 417 417 416 416 416 415 415 414 414 413 413 412 412 411 411 410 410 409 409 408 408 407 407 406 405 405 404 403 403 402 401 401 400 399 398 397 397 396 396 396 396 396 396 396 396 404 405 407 410 412 390 392 393 395 396 397 398 399 400 401 402 403 404 405 406 407 407 408 409 410 410 411 412 412 413 414
451 451 450 450 450 449 449 449 448 448 447 447 447 446 446 446 445 445 444 417 416 416 416 415 415 414 414 413 413 412 412 411 411 410 410 409 409 408 408 407 406 406 405 405 404 403 403 402 401 401 400 399 398 397 396 396 396 396 396 396 396 396 396 404 404 407 409 411 390 392 393 394 396 397 398 399 400 401 402 403 404 405 406 406 407 408 409 409 410 411 411 412 413 413
451 451 450 450 450 449 449 449 448 448 447 447 447 446 446 445 445 445 444 444 416 416 416 415 415 414 414 413 413 412 412 411 411 410 410 409 409 408 408 407 406 406 405 405 404 403 403 402 401 400 400 399 398 397 396 396 396 396 396 396 396 396 396 396 404 406 408 410 389 391 393 394 395 396 398 399 400 401 402 403 404 404 405 406 407 408 408 409 410 411 411 412 412 413
451 451 450 450 450 449 449 448 448 448 447 447 447 446 446 445 445 445 444 444 443 416 416 415 415 414 414 413 413 412 412 411 411 410 410 409 409 408 408 407 406 406 405 405 404 403 403 402 401 400 400 399 398 397 396 396 396 396 396 396 396 396 396 396 404 405 407 410 389 390 392 393 395 396 397 398 399 400 401 402 403 404 405 406 407 407 408 409 410 410 411 412 412 413
451 451 450 450 450 449 449 448 448 448 447 447 447 446 446 445 445 445 444 444 443 443 416 415 415 414 414 413 413 412 412 411 411 410 410 409 409 408 408 407 406 406 405 405 404 403 403 402 401 400 400 399 398 397 396 396 396 396 396 396 396 396 396 396 404 404 407 409 388 390 391 393 394 396 397 398 399 400 401 402 403 404 405 405 406 407 408 409 409 410 411 411 412 413
451 451 450 450 450 449 449 448 448 448 447 447 447 446 446 445 445 445 444 444 443 443 415 415 415 414 414 413 413 412 412 411 411 410 410 409 409 408 408 407 406 406 405 404 404 403 403 402 401 400 400 399 398 397 396 396 396 396 396 396 396 396 396 396 396 404 405 385 387 389 391 392 394 395 396 397 399 400 401 402 403 403 404 405 406 407 407 408 409 410 410 411 412 412
451 451 450 450 449 449 449 448 448 448 447 447 447 446 446 445 445 445 444 444 443 443 442 415 415 414 414 413 413 412 412 411 411 410 410 409 409 408 407 407 406 406 405 404 404 403 402 402 401 400 400 399 398 397 396 396 396 396 396 396 396 396 396 396 396 404 404 384 386 388 390 392 393 395 396 397 398 399 400 401 402 403 404 405 406 406 407 408 409 409 410 411 411 412
451 450 450 450 449 449 449 448 448 448 447 447 447 446 446 445 445 445 444 444 443 443 442 442 415 414 414 413 413 412 412 411 411 410 410 409 409 408 407 407 406 406 405 404 404 403 402 402 401 400 399 399 398 397 396 396 396 396 396 396 396 396 396 396 396 396 404 383 386 388 389 391 393 394 395 396 398 399 400 401 402 403 404 404 405 406 407 408 408 409 410 410 411 412
451 450 450 450 449 449 449 448 448 448 447 447 446 446 446 445 445 445 444 444 443 443 442 442 441 414 414 413 413 412 412 411 411 410 410 409 409 408 407 407 406 406 405 404 404 403 402 402 401 400 399 399 398 397 396 396 396 396 396 396 396 396 396 396 396 396 404 382 385 387 389 390 392 393 395 396 397 398 399 400 401 402 403 404 405 406 406 407 408 409 409 410 411 411
451 450 450 450 449 449 449 448 448 448 447 447 446 446 446 445 445 444 444 444 443 443 442 442 441 414 414 413 413 412 412 411 411 410 410 409 408 408 407 407 406 406 405 404 404 403 402 402 401 400 399 399 398 397 396 396 396 396 396 396 396 396 396 396 396 396 396 381 383 386 388 390 391 393 394 395 397 398 399 400 401 402 403 404 404 405 406 407 408 408 409 410 410 411
451 450 450 450 449 449 449 448 448 448 447 447 446 446 446 445 445 444 444 444 443 443 442 442 441 441 413 413 413 412 412 411 411 410 410 409 408 408 407 407 406 406 405 404 404 403 402 402 401 400 399 399 398 397 396 396 396 396 396 396 396 396 396 396 396 396 396 381 382 385 387 389 390 392 393 395 396 397 398 399 400 401 402 403 404 405 406 406 407 408 409 409 410 411
451 450 450 450 449 449 449 448 448 448 447 447 446 446 446 445 445 444 444 444 443 443 442 442 441 441 440 413 413 412 412 411 411 410 409 409 408 408 407 407 406 405 405 404 404 403 402 401 401 400 399 398 398 397 396 396 396 396 396 396 396 396 396 396 396 396 396 381 381 383 386 388 390 391 393 394 395 397 398 399 400 401 402 403 403 404 405 406 407 407 408 409 410 410
451 450 450 450 449 449 449 448 448 447 447 447 446 446 446 445 445 444 444 444 443 443 442 442 441 441 440 440 412 412 411 411 410 410 409 409 408 408 407 407 406 405 405 404 404 403 402 401 401 400 399 398 398 397 396 396 396 396 396 396 396 396 396 396 396 396 396 373 381 382 385 387 389 390 392 393 395 396 397 398 399 400 401 402 403 404 405 406 406 407 408 408 409 410
451 450 450 450 449 449 449 448 448 447 447 447 446 446 446 445 445 444 444 443 443 443 442 442 441 441 440 440 412 412 411 411 410 410 409 409 408 408 407 407 406 405 405 404 403 403 402 401 401 400 399 398 398 397 396 396 396 396 396 396 396 396 396 396 396 396 396 373 381 381 383 386 388 390 391 393 394 395 396 398 399 400 401 402 403 403 404 405 406 407 407 408 409 409
451 450 450 450 449 449 449 448 448 447 447 447 446 446 445 445 445 444 444 443 443 443 442 442 441 441 440 440 439 412 411 411 410 410 409 409 408 408 407 407 406 405 405 404 403 403 402 401 401 400 399 398 397 397 396 396 396 396 396 396 396 396 396 396 396 396 396 373 373 381 382 385 387 389 390 392 393 395 396 397 398 399 400 401 402 403 404 405 405 406 407 408 408 409
451 450 450 450 449 449 448 448 448 447 447 447 446 446 445 445 445 444 444 443 443 443 442 442 441 441 440 440 439 439 411 411 410 410 409 409 408 408 407 406 406 405 405 404 403 403 402 401 401 400 399 398 397 396 396 396 396 396 396 396 396 396 396 396 396 396 396 373 373 373 381 383 386 388 389 391 392 394 395 396 397 398 400 400 401 402 403 404 405 406 406 407 408 409
451 450 450 450 449 449 448 448 448 447 447 447 446 446 445 445 445 444 444 443 443 443 442 442 441 441 440 440 439 439 438 411 410 410 409 409 408 408 407 406 406 405 405 404 403 403 402 401 400 400 399 398 397 396 396 396 396 396 396 396 396 396 396 396 396 396 396 373 373 373 381 381 384 386 388 390 392 393 394 396 397 398 399 400 401 402 403 404 404 405 406 407 407 408
450 450 450 449 449 449 448 448 448 447 447 447 446 446 445 445 445 444 444 443 443 442 442 442 441 441 440 440 439 439 438 411 410 410 409 409 408 408 407 406 406 405 405 404 403 403 402 401 400 400 399 398 397 396 396 396 396 396 396 396 396 396 396 396 396 396 396 373 373 373 373 381 383 385 387 389 391 392 394 395 396 397 398 399 400 401 402 403 404 405 405 406 408 409
450 450 450 449 449 449 448 448 448 447 447 447 446 446 445 445 445 444 444 443 443 442 442 442 441 441 440 440 439 439 438 438 410 410 409 409 408 407 407 406 406 405 404 404 403 402 402 401 400 400 399 398 397 396 396 396 396 396 396 396 396 396 396 396 396 396 396 373 373 373 373 381 381 384 386 388 390 391 393 394 395 396 398 399 400 401 401 402 403 404 406 407 407 409
450 450 450 449 449 449 448 448 448 447 447 446 446 446 445 445 444 444 444 443 443 442 442 441 441 441 440 440 439 439 438 438 437 410 409 409 408 407 407 406 406 405 404 404 403 402 402 401 400 400 399 398 397 396 396 396 396 396 396 396 396 396 396 396 396 396 373 373 373 373 373 373 381 382 385 387 389 390 392 393 394 396 397 398 399 400 401 402 404 404 405 407 408 410
