testData/tiles/oneDegree/grid45.0-48.0-46.0-49.0.asc
ncols   200
nrows   200
xllcorner   45.0
yllcorner   48.0
cellsize   0.005
NODATA_value   -9999.0
[rows 84 to 125 of 200, columns 94 to 187 of 200]
374 374 375 375 375 376 376 375 376 376 376 377 410 410 411 411 411 412 412 412 413 413 413 412 413 413 413 413 414 414 414 414 415 415 415 415 416 415 415 415 416 416 416 416 416 417 417 417 417 416 417 417 417 417 417 417 418 418 418 418 417 417 418 418 418 418 418 418 418 419 418 418 418 418 418 418 418 418 419 419 418 418 418 418 418 418 418 418 418 418 419 419 419 419
374 374 375 375 375 376 376 376 377 377 410 410 410 410 411 411 411 412 412 412 413 413 413 413 414 414 414 413 414 414 414 415 415 415 415 415 416 416 416 416 416 416 416 416 416 417 417 417 417 417 418 418 417 417 417 417 418 418 418 418 418 418 418 418 418 418 418 418 418 419 419 419 418 418 418 418 418 418 419 419 419 419 418 418 418 418 419 419 419 419 419 419 420 420
374 374 375 375 375 376 376 376 377 410 410 411 411 411 412 411 411 412 412 412 413 413 413 413 414 414 414 415 415 415 414 415 415 415 415 416 416 416 416 416 417 417 417 416 416 417 417 417 417 417 418 418 418 418 417 418 418 418 418 418 418 418 419 419 419 418 418 418 418 419 419 419 419 419 419 418 418 418 419 419 419 419 419 419 419 419 419 419 419 420 421 421 420 420
375 375 375 375 375 376 376 376 410 410 411 411 411 411 412 412 412 413 413 412 413 413 413 413 414 414 414 415 415 415 415 416 416 416 415 416 416 416 416 416 417 417 417 417 418 418 417 417 417 417 418 418 418 418 418 419 419 418 418 418 418 419 419 419 419 419 419 418 418 419 419 419 419 419 419 419 419 419 419 419 419 419 420 420 420 420 419 419 420 421 421 421 421 421
375 375 376 376 376 377 377 410 410 410 411 411 411 412 412 412 412 413 413 413 414 414 414 413 414 414 414 415 415 415 415 416 416 416 416 417 417 416 416 416 417 417 417 417 418 418 418 418 418 418 418 418 418 418 418 419 419 419 419 418 418 419 419 419 419 419 419 419 420 419 419 419 419 419 419 419 419 420 420 419 420 420 420 420 420 421 421 421 420 421 421 421 422 422
375 375 376 376 377 410 410 411 411 411 412 411 411 412 412 412 412 413 413 413 414 414 414 415 415 415 415 415 415 415 415 416 416 416 416 417 417 417 417 417 417 417 417 417 418 418 418 418 418 419 419 418 418 418 418 419 419 419 419 419 419 420 419 419 419 419 419 419 420 420 420 420 419 419 419 419 419 420 421 421 421 420 420 420 421 421 421 421 422 422 422 422 422 422
375 375 376 376 410 410 410 411 411 411 412 412 412 413 413 412 412 413 413 413 414 414 414 415 415 415 415 416 416 416 415 416 416 416 416 417 417 417 417 418 418 418 418 417 418 418 418 418 418 419 419 419 419 419 418 419 419 419 419 419 419 420 420 420 419 419 419 419 420 420 420 420 420 420 419 419 420 421 421 421 421 421 422 421 421 421 421 421 423 423 423 422 422 422
376 376 376 409 410 410 410 411 411 411 412 412 412 413 413 413 414 414 414 413 414 414 414 415 415 415 415 416 416 416 416 417 417 416 416 417 417 417 417 418 418 418 418 418 419 418 418 418 418 419 419 419 419 419 419 420 419 419 419 419 419 420 420 420 420 420 419 419 420 420 420 420 420 420 421 421 421 421 421 421 422 422 422 422 422 421 422 422 423 423 423 423 424 423
376 376 410 410 411 411 410 411 411 411 412 412 412 413 413 413 414 414 414 414 415 415 415 415 415 415 415 416 416 416 416 417 417 417 417 418 417 417 417 418 418 418 418 418 419 419 419 419 418 419 419 419 419 419 419 420 420 420 420 419 419 420 420 420 420 420 420 420 421 420 420 420 421 421 421 421 422 422 422 422 422 422 422 422 423 423 423 423 423 423 424 424 424 424
376 410 410 410 411 411 411 412 412 412 413 412 412 413 413 413 414 414 414 414 415 415 415 416 416 416 415 416 416 416 416 417 417 417 417 418 418 418 418 418 418 418 418 418 419 419 419 419 419 420 420 419 419 419 420 420 420 420 420 420 420 420 420 420 420 420 420 420 421 421 421 421 421 421 421 421 423 423 423 423 422 422 423 423 423 423 423 424 425 424 424 424 424 424
409 410 410 410 411 411 411 412 412 412 413 413 413 414 414 413 414 414 414 414 415 415 415 416 416 416 416 417 417 417 416 417 417 417 417 418 418 418 418 419 419 419 418 418 419 419 419 419 419 420 420 420 420 419 420 420 420 420 420 420 420 421 421 421 420 420 420 420 421 422 422 422 422 421 422 422 423 423 423 423 424 424 423 423 423 423 424 425 425 425 425 424 425 425
410 411 410 410 411 411 411 412 412 412 413 413 413 414 414 414 415 415 415 414 415 415 415 416 416 416 416 417 417 417 417 418 418 417 417 418 418 418 418 419 419 419 419 419 420 419 419 419 419 420 420 420 420 420 421 421 420 420 420 420 421 421 421 421 421 421 420 421 422 422 422 422 423 423 423 422 423 423 424 424 424 424 424 424 424 424 424 425 425 425 426 426 425 425
410 411 411 411 412 412 411 412 412 412 413 413 413 414 414 414 415 415 415 415 416 416 415 416 416 416 416 417 417 417 417 418 418 418 418 419 418 418 418 419 419 419 419 419 420 420 420 420 419 420 420 420 420 420 421 421 421 421 420 420 421 421 421 421 421 421 422 423 422 422 422 423 423 423 423 423 425 424 424 424 424 424 425 425 425 425 424 425 426 426 426 426 426 426
410 411 411 411 412 412 412 413 413 413 414 413 413 414 414 414 415 415 415 415 416 416 416 417 417 417 416 417 417 417 417 418 418 418 418 419 419 419 419 419 419 419 419 419 420 420 420 420 420 421 420 420 420 420 421 421 421 421 421 421 422 421 421 421 422 422 422 423 423 424 423 423 423 423 423 424 425 425 425 424 425 425 425 425 425 425 425 427 426 426 426 426 426 427
410 411 411 411 412 412 412 413 413 413 414 414 414 415 415 414 415 415 415 415 416 416 416 417 417 417 417 418 418 417 417 418 418 418 418 419 419 419 419 420 420 420 419 419 420 420 420 420 420 421 421 421 421 420 421 421 421 421 421 421 422 422 423 422 422 422 422 424 424 424 424 424 423 424 424 424 425 425 425 426 426 425 425 425 425 426 426 427 427 427 426 427 427 427
411 412 411 411 412 412 412 413 413 413 414 414 414 415 415 415 416 416 416 415 416 416 416 417 417 417 417 418 418 418 418 419 418 418 418 419 419 419 419 420 420 420 420 420 420 420 420 420 420 421 421 421 421 421 422 421 421 421 421 421 422 423 423 423 423 422 423 424 424 424 424 425 425 425 424 424 425 426 426 426 426 426 426 426 426 426 426 427 427 428 428 428 427 427
411 412 412 412 413 413 412 413 413 413 414 414 414 415 415 415 416 416 416 416 417 417 416 417 417 417 417 418 418 418 418 419 419 419 419 419 419 419 419 420 420 420 420 420 421 421 421 420 420 421 421 421 421 421 422 422 422 422 421 422 423 423 423 423 424 424 424 424 424 424 425 425 425 425 425 426 426 426 426 426 426 427 427 427 427 426 426 427 428 428 428 428 428 427
411 412 412 412 413 413 413 414 414 414 414 414 414 415 415 415 416 416 416 416 417 417 417 418 418 418 417 418 418 418 418 419 419 419 419 420 420 420 419 420 420 420 420 420 421 421 421 421 421 422 421 421 421 421 422 422 422 422 423 423 423 423 423 424 424 424 424 425 426 425 425 425 425 426 426 426 427 427 426 427 427 427 427 427 427 427 428 428 428 428 428 428 428 429
411 412 412 412 413 413 413 414 414 414 415 415 415 416 415 415 416 416 416 416 417 417 417 418 418 418 418 419 419 418 418 419 419 419 419 420 420 420 420 421 421 420 420 420 421 421 421 421 421 422 422 422 421 421 422 422 423 423 423 423 424 425 424 424 424 424 425 426 426 426 426 426 426 426 426 426 427 427 428 428 427 427 427 427 428 428 428 429 429 428 428 429 429 429
412 412 412 412 413 413 413 414 414 414 415 415 415 416 416 416 417 417 416 416 417 417 417 418 418 418 418 419 419 419 419 420 419 419 419 420 420 420 420 421 421 421 421 421 421 421 421 421 421 422 422 422 422 422 423 423 423 423 423 423 425 425 425 425 424 425 425 425 426 426 427 427 427 427 426 426 428 428 428 428 428 428 428 428 428 428 428 429 429 430 430 429 429 429
412 413 413 413 414 414 413 414 414 414 415 415 415 416 416 416 417 417 417 417 418 418 417 418 418 418 418 419 419 419 419 420 420 420 420 420 420 420 420 421 421 421 421 421 422 422 421 421 421 422 422 422 422 422 424 424 424 423 424 424 424 425 425 426 426 426 426 425 426 427 427 427 427 427 428 428 428 428 428 428 429 429 429 429 428 428 428 430 430 430 430 430 429 429
412 413 413 413 414 414 414 415 415 415 415 415 415 416 416 416 417 417 417 417 418 418 418 419 419 418 418 419 419 419 419 420 420 420 420 421 421 421 420 421 421 421 421 421 422 422 422 422 422 422 422 422 423 423 424 424 424 425 425 424 424 425 426 426 426 426 426 427 428 427 427 427 427 428 428 428 429 429 428 429 429 429 429 429 429 430 429 430 430 430 430 430 431 431
412 412 413 413 414 414 414 415 415 415 416 416 416 417 416 416 417 417 417 417 418 418 418 419 419 419 419 420 419 419 419 420 420 420 420 421 421 421 421 422 422 421 421 421 422 422 422 422 422 423 423 423 423 423 423 425 425 425 425 425 426 426 426 426 426 426 427 427 428 428 428 428 428 428 428 428 429 430 430 430 429 429 429 429 430 430 430 431 430 430 431 431 431 431
413 412 413 413 414 414 414 415 415 415 416 416 416 417 417 417 418 418 417 417 418 418 418 419 419 419 419 420 420 420 420 420 420 420 420 421 421 421 421 422 422 422 422 421 422 422 422 422 422 424 424 424 424 424 424 425 425 425 425 426 426 427 427 427 427 427 427 427 428 428 429 429 429 428 428 429 430 430 430 430 430 430 430 430 430 430 430 430 431 432 431 431 431 431
413 413 414 414 415 415 414 415 415 415 416 416 416 417 417 417 417 418 418 418 419 418 418 419 419 419 419 420 420 420 420 421 421 421 420 421 421 421 421 422 422 422 422 422 423 423 422 422 423 424 424 424 424 425 425 426 425 426 426 426 426 427 427 428 428 428 427 427 429 429 429 429 429 429 430 429 429 430 430 430 431 431 431 430 430 430 430 431 432 432 432 432 431 431
413 413 414 414 415 415 415 416 416 416 416 416 416 417 417 417 417 418 418 418 419 419 419 420 420 419 419 420 420 420 420 421 421 421 421 422 422 421 421 421 422 422 422 422 423 423 423 424 423 424 424 425 425 425 425 426 427 427 427 426 426 428 428 428 428 428 428 429 429 429 429 429 430 430 430 430 430 430 430 431 431 431 431 431 431 431 431 431 432 432 432 432 433 432
413 413 414 414 414 415 415 416 416 416 417 417 417 418 417 417 417 418 418 418 419 419 419 419 420 420 420 421 420 420 420 421 421 421 421 422 422 422 422 422 422 422 422 422 423 424 424 424 424 425 426 425 425 425 425 427 427 427 427 427 428 428 428 428 428 429 429 429 430 430 429 430 430 430 430 430 430 432 432 431 431 431 431 431 432 432 432 431 431 432 432 433 433 433
414 413 414 414 414 415 415 415 416 416 417 417 417 417 418 418 418 419 418 418 419 419 419 419 420 420 420 421 421 421 421 421 421 421 421 422 422 422 422 422 423 423 423 422 424 424 424 424 424 425 426 426 426 426 426 427 427 427 428 428 428 429 429 428 429 429 429 429 429 431 431 431 430 430 430 431 431 432 432 432 432 431 432 432 432 432 432 432 432 433 433 433 433 433
414 414 415 415 415 416 415 415 416 416 416 417 417 417 418 418 418 419 419 419 420 419 419 419 420 420 420 421 421 421 421 422 422 422 421 422 422 422 422 422 423 423 423 424 424 424 424 425 425 425 426 426 427 427 427 428 427 428 428 428 428 428 430 430 430 429 429 429 430 431 431 431 431 431 431 431 431 431 432 432 433 433 433 432 432 432 432 433 433 434 434 433 433 433
414 414 415 415 415 416 416 416 417 417 416 417 417 417 418 418 418 419 419 419 420 420 420 420 420 420 420 420 421 421 421 422 422 422 422 422 423 422 422 422 423 423 424 424 424 425 426 426 425 425 426 427 427 427 427 427 429 429 428 428 428 429 430 430 430 430 431 430 430 431 431 431 432 432 432 432 431 431 432 433 433 433 433 433 432 432 433 433 433 433 434 434 433 434
414 414 415 415 415 416 416 416 417 417 417 418 418 418 418 418 418 419 419 419 420 420 420 420 421 421 421 421 421 421 421 421 422 422 422 422 423 423 423 423 424 424 424 424 424 426 426 426 426 427 427 427 427 427 428 428 429 429 429 429 429 429 430 430 430 431 431 431 431 431 431 432 432 432 432 432 432 433 433 433 433 433 433 433 434 434 433 433 433 433 434 435 435 435
415 414 415 415 415 416 416 416 417 417 417 418 418 418 419 419 419 419 419 419 419 420 420 420 421 421 421 421 422 422 422 421 422 422 422 422 423 423 423 424 425 425 424 424 425 426 426 426 427 427 428 428 428 428 428 428 429 429 430 430 430 430 430 430 431 431 431 431 431 432 433 432 432 432 432 432 433 433 433 434 433 433 434 434 434 434 434 434 433 433 434 435 435 435
415 415 416 416 416 417 416 416 417 417 417 418 418 418 419 419 419 420 420 420 420 420 420 420 421 421 421 421 422 422 422 422 423 422 422 422 423 423 424 424 424 425 426 426 426 426 426 427 427 427 428 428 429 429 429 428 429 430 430 430 430 430 431 432 431 431 431 431 432 432 433 433 433 432 433 433 433 433 433 434 434 435 434 434 434 434 434 434 435 435 434 435 435 435
415 415 415 416 416 417 417 417 418 418 417 418 418 418 419 419 419 419 420 420 420 421 421 421 421 421 421 421 422 422 422 422 423 423 423 423 423 424 424 424 424 426 426 426 426 427 428 427 427 427 427 429 429 429 429 429 431 430 430 430 430 431 431 432 432 432 431 432 432 432 433 433 433 434 434 433 433 433 433 435 435 435 435 434 434 434 435 435 435 435 435 434 435 435
415 415 415 416 416 417 417 417 418 418 418 419 419 418 419 419 419 419 420 420 420 421 421 421 421 422 422 421 422 422 422 422 423 423 423 423 425 425 425 424 425 426 426 426 426 427 428 428 428 429 428 429 429 429 430 430 430 431 431 430 431 431 431 432 432 433 433 433 432 432 432 434 434 434 434 434 434 433 434 434 435 435 435 435 435 435 435 435 435 435 435 435 436 436
416 415 415 416 416 416 417 417 418 418 418 419 419 419 419 420 420 419 420 420 420 421 421 421 421 422 422 422 422 423 422 422 423 423 423 424 424 425 425 426 426 427 426 427 427 427 428 428 429 429 429 430 429 430 430 430 430 431 432 432 432 432 431 432 433 433 433 433 433 433 433 434 434 434 434 434 435 435 435 434 435 435 435 436 436 436 436 435 435 435 435 436 436 437
416 416 416 417 417 416 417 417 417 418 418 418 419 419 419 420 420 420 421 421 420 421 421 421 421 422 422 422 422 423 423 423 423 423 424 424 424 425 426 426 426 427 428 428 427 427 428 429 429 429 429 430 431 431 430 430 430 432 432 432 432 432 432 433 433 433 433 433 433 434 434 435 434 434 434 435 435 435 435 435 435 435 436 436 436 436 436 436 436 436 436 436 436 436
416 416 416 417 417 417 418 418 418 418 418 418 419 419 419 420 420 420 421 421 421 421 422 422 421 422 422 422 422 423 423 423 423 425 425 425 424 426 426 426 426 427 428 428 428 428 430 429 429 429 429 430 431 431 431 431 431 431 432 432 432 433 433 433 434 434 433 434 434 434 434 434 435 436 435 435 435 435 435 435 436 437 437 436 436 436 436 437 437 437 436 436 436 436
415 416 416 417 417 417 418 418 418 419 419 419 420 419 419 420 420 420 421 421 421 421 422 422 422 423 423 422 422 423 423 424 424 425 425 425 426 427 426 426 427 427 428 428 428 429 429 430 430 430 430 430 431 431 431 432 432 432 433 432 433 433 433 433 434 434 435 435 434 434 434 434 436 436 436 436 435 435 435 436 436 436 437 437 436 436 437 437 437 437 437 437 436 436
416 416 416 417 417 417 418 418 418 419 419 419 420 420 420 421 421 420 420 421 421 421 422 422 422 422 423 423 423 424 424 424 424 425 425 426 426 426 427 428 428 427 428 429 429 429 429 430 431 431 431 430 431 432 432 432 432 432 433 434 434 433 433 433 433 435 435 435 435 435 434 435 435 436 436 436 436 437 436 436 436 436 437 437 438 438 437 437 437 437 437 437 438 438
416 417 417 417 418 417 418 418 418 419 419 419 420 420 420 421 421 421 421 422 421 421 422 422 422 422 423 423 423 424 425 425 424 425 426 426 426 426 428 428 428 428 430 430 429 429 429 431 431 431 431 431 432 433 432 432 432 432 434 434 434 434 434 434 434 435 435 435 435 436 436 436 435 436 436 436 437 437 437 437 436 436 436 438 438 438 438 438 437 437 437 438 438 438
416 417 417 417 418 418 418 419 419 419 419 419 419 420 420 420 421 421 421 422 422 422 423 422 422 422 423 423 424 424 425 425 426 426 427 426 426 427 428 428 428 429 429 430 430 430 430 430 431 431 431 432 432 433 433 433 433 433 433 434 434 434 435 435 435 434 435 435 436 436 436 436 436 435 436 437 437 437 437 437 437 437 437 437 438 438 438 438 438 438 438 438 438 438
