testData/tiles/oneDegree/grid46.0-16.0-47.0-17.0.asc
ncols   200
nrows   200
xllcorner   46.0
yllcorner   16.0
cellsize   0.005
NODATA_value   -9999.0
[rows 126 to 167 of 200, columns 0 to 93 of 200]
903 903 903 902 902 903 903 902 902 902 901 902 902 901 901 901 901 901 901 901 900 900 901 899 899 899 898 898 899 898 898 898 897 897 897 897 897 896 896 896 894 895 895 894 894 894 893 893 894 893 893 892 892 892 890 891 891 890 890 889 889 889 888 888 888 888 887 886 886 593 592 592 591 591 592 591 590 589 589 589 588 588 587 587 587 585 585 584 584 584 583 583 583 582
902 903 902 902 902 901 902 902 901 901 901 901 901 901 901 900 900 901 900 900 900 898 898 899 898 898 898 897 897 898 897 897 897 896 896 897 896 896 896 894 894 894 894 894 894 893 893 892 892 893 892 892 892 890 890 890 889 890 889 889 889 888 888 888 886 887 886 886 593 592 592 591 591 591 590 589 588 589 589 588 588 587 587 587 585 585 584 584 584 583 583 582 581 581
901 902 902 902 901 901 901 901 901 901 900 900 901 901 900 900 900 899 899 899 898 898 898 897 898 898 897 897 897 896 897 897 896 896 896 895 896 895 894 894 894 893 893 894 893 893 892 892 892 891 892 891 890 890 890 889 889 888 889 889 888 888 888 886 886 885 885 593 592 592 591 591 591 589 589 588 588 588 587 587 587 587 587 585 585 584 584 584 583 583 582 581 581 580
901 901 901 901 901 900 900 901 901 900 900 900 899 900 900 898 898 898 898 898 898 898 897 897 897 897 897 897 896 896 896 896 896 896 895 894 894 894 894 894 893 893 892 892 893 892 892 892 891 890 890 889 890 889 889 889 888 888 888 887 888 887 886 886 885 885 592 591 591 591 591 591 589 589 589 588 588 587 587 587 586 586 584 585 585 584 584 583 583 583 581 581 580 580
900 900 900 901 900 900 900 899 900 900 900 898 898 898 898 898 898 897 897 897 897 897 897 896 896 896 897 896 896 896 895 895 895 894 894 893 893 893 893 893 893 892 892 892 891 892 892 890 890 890 889 889 888 889 889 888 888 888 887 887 886 886 886 885 885 592 591 591 590 590 590 588 589 589 588 588 587 587 587 586 585 584 584 584 583 583 582 582 583 581 581 580 580 580
900 900 899 900 900 900 899 898 898 898 898 898 898 897 897 898 897 897 897 896 896 897 896 896 896 895 895 896 895 895 894 893 893 894 893 893 893 892 892 892 892 892 892 891 891 890 889 890 890 889 889 888 888 888 888 888 888 887 886 885 885 885 884 885 592 591 591 590 590 589 588 588 588 587 588 587 587 587 586 585 584 584 584 583 583 582 582 582 580 580 579 579 579 578
900 898 898 898 898 898 898 898 897 897 898 897 897 897 896 897 897 897 896 896 896 896 896 896 895 895 895 893 894 894 893 893 893 892 893 893 892 892 892 891 891 892 891 890 890 889 889 888 889 889 888 888 888 887 887 887 886 886 885 885 885 884 884 591 590 591 590 589 589 588 588 588 587 587 586 586 586 585 585 584 584 584 583 583 582 582 581 580 580 579 579 579 578 578
898 898 898 897 897 898 897 897 897 897 897 897 897 896 896 896 896 896 896 895 895 895 896 894 894 894 893 893 893 893 893 893 892 892 892 892 892 892 891 891 891 889 890 889 889 889 888 888 888 888 888 888 887 887 886 885 885 884 885 885 884 884 591 590 590 589 588 589 588 588 588 587 587 586 586 586 584 584 583 583 583 583 583 582 582 581 580 580 579 579 579 578 578 576
898 897 897 897 897 897 897 897 896 896 896 896 896 896 896 895 895 896 895 895 894 893 893 894 893 893 893 892 892 892 893 892 892 892 891 891 892 891 890 889 889 889 888 889 889 888 888 888 887 887 887 887 886 886 885 885 884 884 884 884 884 591 590 590 588 588 588 587 587 587 587 587 586 586 585 584 584 583 583 583 582 582 582 580 580 580 580 580 579 579 578 578 577 576
896 897 897 896 896 896 897 896 896 896 895 895 896 895 895 895 894 893 894 894 893 893 893 892 893 893 892 892 892 891 891 892 891 891 891 889 889 890 889 889 889 888 888 888 888 888 888 887 887 887 885 885 885 885 885 884 884 884 883 883 590 590 589 588 588 588 587 587 587 586 586 585 585 585 584 584 584 583 583 582 582 582 580 580 579 579 579 578 578 577 576 577 576 576
896 896 896 896 896 895 895 896 895 895 895 894 893 894 894 893 893 893 892 893 893 893 892 892 892 892 892 892 891 891 891 890 890 890 889 889 889 888 889 889 888 888 888 887 887 887 887 886 886 885 885 884 884 884 884 884 884 883 883 590 588 588 587 588 588 587 587 587 586 586 584 584 584 583 583 584 583 583 582 582 581 580 580 579 579 579 578 578 577 576 576 575 575 574
895 895 896 895 895 894 894 893 894 894 893 893 893 893 893 893 893 892 892 892 892 892 892 891 891 891 892 891 891 890 889 889 889 889 889 889 888 888 888 887 888 888 887 887 887 885 885 885 885 885 884 884 884 883 883 884 883 882 589 588 588 587 587 587 586 587 587 586 585 584 584 584 583 583 583 582 582 581 581 581 580 580 579 579 579 578 578 576 576 576 575 575 574 574
894 894 893 894 894 893 893 893 893 893 893 893 892 892 892 893 892 892 892 891 891 892 891 891 891 889 889 890 889 889 889 888 888 888 888 888 888 887 887 887 886 887 886 885 885 885 884 884 884 884 884 884 883 883 883 881 881 589 588 588 587 587 587 586 586 586 584 585 584 584 584 583 583 583 582 582 580 580 580 579 579 578 579 579 578 577 577 576 576 575 575 575 574 573
893 893 893 893 893 893 893 892 892 893 893 892 892 892 891 892 892 891 891 891 891 889 890 890 889 889 889 888 889 889 888 888 888 887 887 888 887 887 886 885 885 885 885 885 885 884 884 884 883 883 884 883 882 882 881 881 587 587 587 587 587 587 586 586 585 584 584 583 583 583 583 583 583 582 581 580 580 580 579 579 578 578 578 576 576 576 575 576 575 575 575 574 573 572
893 893 892 892 893 893 892 892 892 891 892 892 892 891 891 891 890 890 890 889 889 889 888 889 889 889 888 888 888 888 888 888 887 887 887 885 886 886 885 885 885 884 884 884 884 884 884 883 883 882 881 881 881 881 881 587 587 587 586 586 586 585 585 585 584 584 583 583 583 582 582 582 580 581 580 580 580 579 579 578 578 577 576 576 576 575 575 574 574 574 572 572 571 571
892 892 892 892 891 892 892 891 891 891 890 890 890 890 889 889 889 890 889 889 889 888 888 888 888 888 888 887 887 887 888 886 886 886 885 885 885 885 885 885 884 884 884 883 883 884 882 882 881 881 881 880 880 588 587 587 587 586 586 585 584 584 584 584 584 583 583 583 582 582 581 580 580 579 579 579 579 579 579 577 577 576 576 576 575 575 574 574 573 572 572 571 571 571
892 892 890 890 890 890 890 890 890 889 889 889 890 889 889 889 888 888 889 889 888 888 888 887 887 888 887 886 886 885 885 885 885 885 885 884 884 884 883 884 884 883 883 882 881 881 882 881 881 881 880 880 587 586 586 587 585 585 585 584 584 583 583 583 582 583 583 581 581 581 580 580 579 579 579 578 578 577 576 577 576 576 576 575 575 574 573 573 572 572 571 571 571 570
889 890 890 890 889 889 889 890 889 889 889 888 888 889 889 888 888 888 887 888 888 887 886 886 886 885 886 886 885 885 885 884 884 885 884 884 884 883 883 883 882 882 882 881 881 881 880 880 881 880 880 587 586 585 585 584 584 585 584 584 583 583 583 582 581 581 580 580 581 580 580 579 579 579 578 577 577 576 576 575 575 575 574 574 573 573 573 572 572 571 571 571 569 569
889 889 889 889 889 889 888 888 889 889 888 888 888 887 888 888 888 886 886 886 886 886 886 885 885 885 884 885 885 885 884 884 884 883 884 884 882 882 882 881 881 882 881 881 881 880 880 880 879 879 586 585 585 585 584 584 583 583 583 583 583 583 581 581 581 580 580 579 579 579 579 579 578 577 577 577 576 576 575 575 575 573 573 572 572 572 571 571 571 570 570 569 569 569
889 888 888 889 888 888 888 888 887 888 887 887 886 886 886 886 886 886 885 885 885 886 885 885 885 884 884 884 884 884 884 882 882 882 882 882 882 882 881 881 881 880 880 881 880 880 879 878 878 585 584 585 584 584 584 583 583 583 582 581 581 581 581 581 580 580 579 579 579 577 577 577 576 577 577 576 576 575 575 574 573 573 572 572 572 571 571 571 569 569 568 568 568 567
888 888 887 886 887 887 886 886 886 886 886 886 886 886 885 885 886 885 885 885 884 884 885 885 884 884 884 882 882 883 882 882 882 881 881 881 881 881 881 880 880 880 879 878 879 878 878 585 584 584 584 583 583 584 583 583 582 581 581 581 580 580 580 580 580 579 579 578 577 577 577 576 576 575 575 575 573 574 574 573 573 572 572 572 571 570 570 569 569 568 568 568 567 566
887 886 886 886 887 886 886 886 885 885 885 886 885 885 885 884 884 885 885 884 884 883 882 883 883 882 882 882 882 881 882 882 881 881 881 880 880 880 880 879 879 878 878 878 877 877 585 584 584 584 583 583 582 581 581 582 581 581 581 580 580 579 579 579 577 578 578 577 577 577 576 576 575 575 574 573 573 573 572 572 571 572 572 570 570 570 569 569 568 568 568 566 566 565
886 886 886 885 885 886 886 885 885 885 884 885 885 885 884 883 883 882 883 883 883 882 882 882 881 882 882 881 881 881 881 880 881 881 879 879 879 878 878 879 878 878 878 877 877 584 583 584 584 582 582 582 581 581 581 580 580 581 580 580 578 578 578 577 577 577 576 576 577 576 576 574 574 574 573 573 573 572 572 571 570 570 569 569 569 568 569 568 568 567 566 566 565 565
886 885 885 885 885 884 885 884 884 883 883 883 883 883 883 883 882 882 882 882 882 882 882 881 881 881 881 881 881 879 879 879 878 879 879 878 878 878 878 877 877 878 877 877 584 582 582 582 581 582 582 581 581 580 580 580 579 578 578 578 578 578 577 577 577 576 576 576 574 574 573 574 574 573 573 573 572 571 570 570 570 569 569 569 568 568 566 566 566 565 565 565 564 564
883 884 884 883 883 883 883 883 883 883 883 882 882 883 882 882 882 882 881 881 882 881 881 881 879 879 879 880 879 879 879 878 878 878 878 878 878 877 877 877 875 875 583 582 582 582 581 581 581 580 580 581 580 580 579 578 578 578 577 577 577 577 577 577 576 575 574 574 574 573 573 573 572 572 573 571 571 570 570 570 569 569 569 567 567 566 566 566 565 565 565 564 563 562
883 882 883 883 883 882 882 882 883 882 882 882 882 881 882 882 881 880 880 880 879 880 880 879 879 879 878 878 879 879 878 878 878 877 877 877 876 876 876 875 875 582 581 581 582 581 581 581 580 580 579 578 578 579 578 578 578 577 577 577 576 575 575 575 575 574 574 574 573 573 573 572 571 571 570 570 569 569 570 569 569 568 567 567 566 566 566 565 565 564 563 563 562 562
882 882 882 882 882 882 882 881 881 881 881 880 880 880 879 879 880 880 879 879 879 878 879 879 879 878 878 878 877 878 877 876 876 876 876 875 875 876 875 875 582 581 581 581 580 580 580 579 579 579 578 578 578 577 577 578 577 577 576 575 575 574 574 574 573 573 574 573 572 572 571 571 571 570 570 569 569 569 567 567 567 566 567 566 566 566 564 564 564 563 563 562 562 562
881 881 880 880 881 881 880 880 880 879 880 880 880 879 879 879 878 879 879 879 878 878 878 878 877 877 877 876 876 876 875 876 876 875 875 875 874 874 582 581 581 580 580 579 579 579 578 579 579 578 578 578 577 577 576 575 575 575 575 575 574 574 574 573 573 572 571 571 571 571 571 571 570 570 569 568 568 567 567 567 566 566 565 564 564 563 563 563 562 563 562 562 561 560
880 880 880 880 879 880 880 880 879 879 879 879 879 879 879 878 878 878 877 877 877 877 876 876 876 876 876 876 875 875 875 875 875 875 875 874 873 580 579 579 580 579 579 579 578 578 578 577 577 578 576 576 576 575 575 575 574 574 574 574 574 573 572 572 572 571 571 571 570 570 569 568 569 568 568 568 567 567 567 566 566 564 564 564 563 563 563 562 562 560 560 560 559 559
880 880 879 879 879 879 879 879 879 878 877 877 878 877 877 877 877 876 876 877 876 876 876 876 875 875 876 875 875 875 873 873 873 874 873 580 580 579 579 579 578 579 579 578 578 577 576 576 576 575 575 576 575 575 575 574 574 573 572 572 572 572 572 572 571 571 570 570 569 568 568 568 567 567 567 567 567 566 565 565 564 564 564 563 563 563 561 561 560 560 560 559 559 559
878 878 878 878 877 877 877 878 877 877 877 876 876 877 877 876 876 876 876 875 876 876 875 875 874 874 873 874 874 873 873 873 872 872 579 579 579 579 579 578 577 577 576 577 577 576 576 576 575 575 575 574 575 574 573 573 573 572 572 572 571 571 571 570 570 569 569 569 568 568 568 567 567 567 565 565 564 564 564 564 564 564 563 562 562 561 561 560 560 560 559 558 558 557
877 878 877 877 877 877 876 876 877 877 876 876 876 875 876 876 875 874 874 874 874 874 874 874 873 873 873 872 873 873 873 872 579 579 578 577 578 577 577 577 576 576 576 575 575 576 576 575 575 574 573 573 573 572 573 573 572 572 571 571 570 569 569 569 568 568 569 568 568 568 567 566 566 565 565 564 564 564 563 563 562 561 561 561 560 561 560 560 559 558 558 558 557 557
876 876 877 877 876 876 876 875 874 875 875 875 874 874 874 874 874 874 874 873 873 873 873 873 873 873 872 872 872 870 871 578 578 577 577 577 576 576 577 576 576 576 575 575 574 573 573 574 573 573 573 572 572 572 571 571 570 570 570 570 569 569 569 568 568 568 567 566 566 566 566 566 565 565 564 564 563 562 562 562 561 561 561 560 560 558 558 558 557 557 557 556 556 554
875 875 874 875 875 875 874 874 874 874 874 874 874 874 873 873 873 873 873 873 873 872 871 871 871 871 871 871 870 577 577 577 577 577 576 576 576 576 574 575 575 574 574 574 573 573 573 572 573 573 572 572 571 570 570 570 569 569 569 569 569 569 568 567 567 566 566 566 565 565 564 564 564 563 563 563 562 562 562 561 561 559 559 559 558 558 558 557 557 557 555 555 554 554
874 874 874 874 874 874 874 874 873 873 873 874 873 872 872 872 871 871 872 871 871 871 871 870 870 871 870 870 577 577 576 576 575 575 575 575 574 574 574 573 573 574 574 573 573 573 572 571 571 570 571 571 570 570 570 569 569 569 568 567 567 567 567 567 566 566 565 565 565 563 563 563 562 562 562 561 562 562 560 560 559 559 559 558 558 558 556 556 556 555 555 554 554 554
874 874 873 872 872 873 872 872 872 872 871 871 872 872 871 871 871 871 870 871 871 870 870 870 870 869 576 576 575 575 575 574 574 574 575 574 574 574 573 573 573 571 571 572 571 571 571 570 570 570 569 569 570 570 568 568 568 567 567 566 566 566 565 565 566 564 564 564 563 563 563 562 562 562 560 560 560 559 559 558 558 559 558 557 557 556 556 555 555 555 554 553 553 552
873 872 872 872 872 871 872 872 872 871 871 871 870 871 871 871 870 869 869 869 869 869 869 868 868 575 575 574 575 575 574 574 574 573 573 572 573 572 572 572 571 571 571 570 571 571 570 570 570 568 568 568 567 567 568 567 567 567 566 566 565 564 564 564 563 563 563 563 563 563 561 561 561 560 560 559 559 559 558 557 557 556 556 556 555 555 554 554 554 553 553 553 552 552
871 872 872 871 871 871 871 870 870 870 870 869 869 869 869 869 869 869 868 868 868 869 868 575 575 574 574 574 573 573 573 573 572 572 572 571 571 572 571 571 571 571 570 570 569 568 569 569 568 568 568 567 567 567 566 566 565 565 565 565 564 564 564 563 563 563 561 561 561 560 561 561 560 560 559 559 558 557 557 557 556 556 556 555 554 553 553 553 552 552 552 551 550 549
870 869 870 870 870 869 869 869 870 869 869 869 869 868 868 869 868 868 868 868 867 866 573 573 573 573 573 572 572 572 572 572 572 572 571 571 571 570 569 570 569 569 569 568 568 568 568 567 568 568 567 566 566 565 565 565 564 564 564 564 564 564 562 562 562 561 561 561 560 560 559 559 558 557 558 558 557 557 557 556 555 555 554 554 553 553 553 552 551 551 550 550 549 549
869 869 869 869 869 869 869 868 868 868 869 867 867 867 867 866 866 867 866 866 573 573 572 572 573 572 572 572 572 571 571 570 570 570 570 570 569 569 569 568 568 569 568 568 568 566 566 566 565 565 566 565 565 565 564 564 564 562 562 562 561 561 562 561 561 561 560 559 559 558 558 558 557 557 557 556 555 555 555 555 554 554 554 553 553 552 551 551 551 550 550 549 548 548
868 867 867 867 868 867 867 867 867 866 866 867 867 866 866 866 866 865 573 573 572 572 572 571 570 571 571 570 570 570 570 569 569 570 569 569 569 568 568 567 567 566 567 567 566 566 566 565 565 565 564 564 564 563 563 563 562 562 562 561 561 561 560 559 559 559 559 559 558 558 558 557 556 556 555 555 555 554 554 553 553 552 551 551 552 551 551 551 550 549 548 548 548 547
867 867 867 866 866 867 867 866 866 866 866 865 866 865 865 864 864 571 571 571 571 571 570 570 570 570 569 570 570 569 569 569 568 567 567 568 567 567 567 566 566 566 565 565 566 566 564 564 564 563 563 563 562 562 562 562 562 562 560 560 560 559 559 559 558 558 558 557 557 557 556 556 556 555 555 554 554 553 552 552 552 551 551 551 550 549 549 548 548 547 547 547 546 546
