testData/tiles/oneDegree/grid38.0-10.0-39.0-11.0.asc
ncols   200
nrows   200
xllcorner   38.0
yllcorner   10.0
cellsize   0.005
NODATA_value   -9999.0
[rows 84 to 125 of 200, columns 0 to 93 of 200]
398 398 397 397 398 397 398 397 397 397 396 397 395 396 395 395 393 393 392 393 391 391 389 389 388 387 386 385 384 382 380 379 377 377 375 374 371 369 366 362 354 355 355 354 355 355 356 356 356 356 356 357 357 335 334 335 335 335 336 335 336 336 336 337 336 337 337 337 338 337 338 338 338 338 338 339 339 339 339 339 339 340 340 339 340 340 341 340 340 341 341 340 341 341
397 398 397 397 397 398 399 397 398 397 396 396 396 395 396 395 394 394 392 392 392 391 390 390 389 388 386 386 384 382 381 380 377 376 375 373 372 369 366 361 354 354 355 355 354 355 355 356 356 357 356 357 357 357 335 334 335 335 335 336 335 336 336 336 337 336 337 337 337 338 337 338 338 338 338 338 339 339 339 339 339 339 340 339 339 340 340 341 340 340 341 341 340 341
399 398 397 397 398 398 398 398 397 398 397 397 396 396 395 395 395 394 394 394 392 391 390 390 390 388 388 385 385 382 382 380 379 377 374 373 371 369 366 363 353 354 354 355 355 354 355 355 356 356 357 356 357 357 357 335 334 335 335 335 336 335 336 336 337 337 336 337 337 337 338 337 338 338 338 338 338 339 339 339 339 339 339 340 339 339 340 340 340 340 340 341 341 340
398 399 398 398 399 398 398 397 398 397 397 397 397 396 396 395 395 395 393 394 393 392 391 390 389 389 387 387 385 384 381 381 378 378 375 373 371 368 366 362 354 353 354 354 355 355 356 355 355 356 356 357 356 357 357 357 335 334 335 335 335 336 335 336 336 337 337 336 337 337 337 338 337 338 338 338 338 338 338 339 339 339 339 339 340 339 339 340 340 340 340 340 340 341
398 398 399 398 398 399 399 398 397 398 396 397 397 396 397 396 395 394 394 393 393 392 392 391 389 388 388 386 386 384 382 380 380 377 376 373 372 368 365 362 353 354 353 354 354 355 355 356 355 355 356 356 357 356 357 357 334 335 334 335 335 335 336 335 336 336 336 337 336 337 337 337 337 337 338 338 338 338 338 338 339 339 339 339 339 340 339 339 340 340 339 340 340 340
398 398 398 398 399 398 399 398 398 398 397 396 397 397 397 396 396 395 394 394 392 392 392 391 390 388 387 387 385 385 382 382 379 378 375 374 371 370 365 362 353 353 354 354 354 354 355 355 356 355 355 356 356 357 356 357 357 334 335 334 335 335 335 336 335 336 336 336 337 336 337 337 337 337 337 338 338 338 338 338 338 339 338 339 339 339 340 339 339 340 340 339 340 340
399 399 400 399 398 399 398 399 398 398 398 398 399 396 397 396 396 395 396 394 393 391 392 391 390 389 388 386 386 384 384 381 381 377 376 373 372 369 367 362 357 353 353 354 354 354 354 355 355 356 355 355 356 356 357 356 357 357 334 335 334 335 335 335 336 335 336 336 336 337 336 337 337 337 337 337 338 338 338 338 338 338 339 338 338 339 339 340 339 339 340 340 339 340
398 399 399 400 399 399 399 398 398 398 399 398 398 398 397 396 396 395 395 395 393 394 391 391 390 389 388 387 386 385 383 382 380 379 376 375 371 370 366 363 357 353 353 353 354 354 354 354 355 355 356 355 355 356 356 357 356 357 357 334 335 334 335 335 335 336 335 336 336 336 337 336 337 337 337 337 337 338 338 338 338 338 338 339 338 338 339 339 339 339 339 340 340 339
399 398 399 400 399 399 399 400 398 398 399 398 398 397 398 396 397 395 395 394 394 393 393 391 390 389 388 387 386 385 384 381 381 378 378 375 372 369 367 362 357 353 353 353 353 354 354 354 354 355 355 356 355 355 356 356 357 356 357 357 334 335 334 335 335 335 336 335 336 336 336 337 336 337 337 337 337 337 337 338 337 338 338 338 339 338 338 339 339 338 339 339 340 339
399 400 400 399 399 399 399 399 399 399 399 398 398 397 397 397 396 396 396 394 393 394 392 392 391 390 388 387 386 385 384 383 380 379 377 376 373 371 366 363 356 353 353 353 353 354 354 354 354 354 355 355 356 356 355 356 356 357 356 357 357 334 335 334 335 335 335 336 335 336 336 336 336 336 337 337 337 337 337 337 338 337 338 338 338 339 338 338 339 339 338 339 339 339
399 399 400 401 399 399 399 399 398 399 400 398 399 398 397 397 397 395 396 395 394 393 393 391 391 390 389 388 386 385 385 383 382 378 378 375 374 370 368 362 357 352 353 353 353 353 354 354 354 355 354 355 355 356 356 355 356 356 357 356 357 357 334 335 334 335 335 335 336 335 336 336 336 336 336 337 337 337 337 337 337 338 337 338 338 338 338 338 338 339 339 338 339 339
399 399 400 400 401 399 400 399 399 399 399 399 398 399 398 397 396 396 395 395 395 394 392 392 391 390 390 388 388 385 385 384 382 381 378 376 373 371 367 365 357 353 352 353 353 354 353 354 354 354 355 354 355 355 356 356 355 356 356 357 356 357 357 334 335 334 335 335 335 336 335 336 336 336 336 336 336 337 337 337 337 337 338 337 337 338 338 338 338 338 339 338 338 339
399 399 399 400 400 400 399 400 400 399 399 398 399 398 398 398 397 396 396 394 395 394 393 393 391 391 390 390 387 387 384 384 382 381 379 376 374 370 369 364 359 352 353 352 353 353 354 353 354 354 354 355 354 355 355 356 356 355 356 356 357 356 357 334 334 335 334 335 335 335 336 335 336 336 336 336 336 336 337 336 337 337 337 338 337 337 338 338 337 338 338 339 338 338
399 400 400 400 400 399 400 399 400 400 400 400 398 399 397 398 397 397 396 395 394 394 394 392 392 392 390 389 388 386 386 384 382 380 379 377 375 372 368 365 358 354 353 353 352 353 353 354 353 354 354 354 355 354 355 355 356 356 355 356 356 357 356 356 334 334 335 334 335 335 335 335 335 335 336 336 336 336 336 337 336 337 337 337 337 337 337 338 338 337 338 338 338 338
400 399 400 401 401 399 399 400 400 399 400 400 399 399 398 397 397 397 396 395 396 394 393 393 392 392 391 389 388 387 385 385 382 381 378 377 375 373 370 364 360 353 354 353 353 352 353 353 354 353 353 354 354 355 354 355 355 356 356 355 356 356 357 356 356 334 334 335 334 334 335 335 335 335 335 336 336 336 336 336 337 336 336 337 337 337 337 337 338 337 337 338 338 337
399 400 399 400 401 401 400 400 400 399 399 400 399 399 398 399 396 397 396 396 395 395 394 392 393 391 391 390 389 386 386 384 383 381 379 376 375 373 370 367 359 354 353 354 353 353 352 353 353 354 353 353 354 354 355 354 355 355 356 356 355 356 356 357 356 356 334 334 335 334 334 335 335 335 335 335 336 335 336 336 336 337 336 336 337 337 336 337 337 338 337 337 338 338
400 399 400 400 400 401 400 400 400 400 400 399 399 399 398 398 398 396 396 395 396 395 394 395 392 392 390 390 389 388 385 385 383 382 379 378 374 373 370 367 361 353 354 353 354 353 352 352 353 353 354 353 353 354 354 355 354 355 355 355 355 355 356 356 357 356 356 334 334 334 334 334 335 335 335 335 335 336 335 335 336 336 336 336 336 337 337 336 337 337 337 337 337 338
401 400 400 401 401 400 400 400 400 399 400 401 398 399 398 398 397 398 397 396 395 395 394 394 394 391 391 389 389 388 386 384 384 381 380 378 376 372 370 367 362 355 353 354 353 354 353 352 352 353 353 354 353 353 354 354 355 354 355 355 355 355 355 356 356 357 356 333 334 334 334 334 334 335 335 334 335 335 336 335 335 336 336 336 336 336 337 336 336 337 337 336 337 337
401 400 400 400 401 402 399 400 400 400 399 400 400 399 398 398 397 397 397 397 396 395 394 394 393 393 391 390 388 388 386 385 384 382 379 379 376 374 369 367 361 354 355 353 354 353 353 353 352 352 353 353 354 353 353 354 354 355 354 355 355 355 355 355 356 356 356 356 333 334 334 333 334 334 335 334 334 335 335 336 335 335 336 336 335 336 336 337 336 336 337 337 336 337
400 400 400 400 400 401 401 400 400 400 400 400 399 400 398 399 397 397 396 397 396 395 395 394 393 392 392 390 389 387 387 385 384 382 381 378 377 373 372 366 362 354 354 354 353 353 353 353 353 352 352 353 353 353 353 353 354 354 355 354 354 355 355 355 355 356 356 356 356 333 334 334 333 334 334 335 334 334 335 335 334 335 335 336 335 335 336 336 336 336 336 337 337 336
401 401 400 400 400 401 401 401 400 401 399 400 399 399 400 398 399 397 397 396 396 395 395 395 393 392 391 391 389 389 386 385 384 382 381 378 376 374 371 368 362 355 354 354 354 353 353 353 353 353 352 352 353 353 353 353 353 354 354 354 354 354 355 355 355 355 356 356 355 356 333 334 334 333 334 334 335 334 334 335 335 334 335 335 336 335 335 336 336 335 336 336 336 336
401 401 400 401 400 400 401 400 401 400 400 400 400 399 399 399 398 398 397 397 395 395 395 394 394 392 391 390 390 388 388 384 384 382 381 379 376 374 372 368 364 354 354 354 354 354 353 353 353 353 353 352 352 353 353 353 353 353 354 354 354 354 354 355 355 355 355 355 356 355 356 333 333 333 333 334 334 334 334 334 335 335 334 335 335 335 335 335 336 336 335 336 336 336
400 401 400 400 401 401 401 400 400 401 399 400 400 400 399 398 399 397 397 397 397 394 395 394 393 393 392 390 389 389 387 386 383 383 381 379 377 375 371 369 363 356 355 354 354 354 354 353 353 353 353 353 352 352 352 353 353 353 353 354 354 353 354 354 355 355 355 355 355 356 355 333 333 333 333 333 334 334 333 334 334 334 334 334 335 335 334 335 335 335 335 335 336 336
400 400 401 401 400 401 401 401 401 400 400 399 400 399 400 399 398 398 397 397 396 396 394 394 393 392 392 391 389 388 388 386 385 382 381 379 377 375 372 368 364 355 355 355 354 354 354 354 353 353 353 353 353 352 352 352 353 353 353 353 354 354 353 354 354 355 354 355 355 355 356 355 333 333 333 333 333 333 334 333 334 334 334 334 334 335 335 334 335 335 335 335 335 335
401 401 402 400 401 400 401 400 401 401 400 400 399 399 400 399 399 398 398 396 396 396 396 394 393 392 391 391 390 388 387 387 384 384 381 379 377 375 372 369 364 355 355 355 355 354 354 354 354 353 353 353 353 352 351 352 352 353 352 353 353 354 354 353 354 354 355 354 354 355 355 355 355 332 333 333 333 333 333 334 333 334 334 334 334 334 334 335 334 335 335 335 335 335
401 401 401 401 401 401 400 400 401 401 400 400 401 399 399 399 399 398 398 397 395 396 395 395 393 392 391 390 390 389 388 386 384 383 382 379 377 375 372 369 364 355 354 355 355 355 354 354 354 354 353 353 353 353 352 351 352 352 353 352 353 353 353 354 353 354 354 355 354 354 355 355 355 355 332 333 332 333 333 333 333 333 333 334 333 334 334 334 334 334 334 335 334 334
400 401 401 400 401 401 402 400 400 401 401 400 400 400 399 398 399 398 398 397 397 395 395 394 394 392 391 390 389 388 388 387 384 383 381 380 377 375 373 368 365 355 355 354 355 355 355 354 354 354 354 353 353 352 352 352 351 352 352 353 352 353 353 353 353 353 354 354 354 354 354 355 355 354 332 332 333 332 332 333 333 333 333 333 334 333 333 334 334 334 334 334 335 334
401 400 401 401 400 401 401 402 400 400 401 400 400 399 400 399 398 398 398 397 396 397 394 394 393 393 391 391 389 388 387 387 384 383 380 379 378 375 372 370 364 356 355 355 354 355 354 354 354 354 354 354 352 353 352 352 351 351 352 352 353 352 352 353 353 353 353 354 354 353 354 354 355 354 354 332 332 333 332 332 333 333 332 333 333 334 333 333 334 334 333 334 334 334
401 401 401 401 400 400 401 401 401 400 401 400 400 399 399 399 399 397 397 397 396 396 396 393 393 392 393 391 390 388 387 386 385 383 381 379 378 375 373 369 365 355 356 355 355 354 355 354 354 353 354 353 354 352 352 352 352 351 351 352 352 353 352 352 353 353 353 353 353 354 353 354 354 354 354 354 332 332 331 332 332 333 332 332 333 333 332 333 333 334 333 333 334 334
400 401 401 401 401 401 400 401 400 401 400 400 401 399 399 398 399 398 398 396 397 396 395 395 393 393 392 392 390 389 387 386 385 383 381 380 377 375 373 370 365 359 355 356 355 355 354 355 354 354 353 354 353 353 352 352 352 352 351 351 352 352 351 352 352 353 353 353 353 353 354 353 354 354 354 354 354 332 332 331 332 332 332 332 332 333 333 332 333 333 333 333 333 334
401 400 401 401 400 401 401 401 400 400 401 399 400 400 399 399 398 398 398 397 396 396 395 394 394 393 392 391 391 388 388 386 385 383 382 380 378 375 373 370 366 359 355 355 356 355 355 354 355 354 354 353 353 353 353 352 352 352 351 351 351 351 352 351 352 352 353 352 352 353 353 353 353 353 354 353 354 331 331 331 331 332 332 331 332 332 333 332 332 333 333 332 333 333
401 402 400 401 400 400 401 401 401 400 400 400 399 400 399 400 398 397 398 397 397 396 395 394 394 394 392 391 390 390 387 387 384 383 382 380 378 376 372 370 366 360 355 355 355 355 355 355 354 355 354 353 353 353 353 352 352 352 352 351 351 351 351 352 351 352 352 352 352 352 353 353 353 353 353 354 353 354 331 331 331 331 331 332 331 332 332 332 332 332 332 333 332 333
402 401 402 401 401 400 400 401 400 401 401 399 400 400 399 399 399 398 397 397 397 396 395 394 393 393 393 391 390 389 387 386 386 382 382 380 378 376 373 369 366 359 356 355 355 355 355 354 355 354 354 354 353 353 353 353 352 352 351 352 350 350 351 351 352 351 352 352 352 352 352 353 353 352 353 353 354 353 353 331 331 331 331 331 332 331 332 332 331 332 332 332 332 332
402 402 401 401 401 401 401 400 401 400 401 400 400 400 399 399 398 399 398 396 397 396 395 394 394 392 392 392 390 389 387 386 385 384 381 380 378 376 373 370 366 360 355 356 355 355 355 355 354 353 354 353 354 353 353 352 353 351 352 351 351 350 350 351 351 351 351 351 352 351 352 352 353 352 352 353 353 353 353 353 331 330 330 331 331 331 331 331 332 331 331 332 332 332
402 402 402 401 401 400 401 402 400 400 400 401 400 400 399 399 398 398 398 397 396 396 395 395 394 393 391 391 390 389 389 386 385 383 383 379 378 376 373 371 367 359 356 355 356 355 355 355 354 354 353 354 353 353 352 353 352 353 351 351 351 351 350 350 351 351 351 351 351 352 351 352 352 352 352 352 353 353 352 353 330 331 330 330 331 331 330 331 331 332 331 331 332 331
403 403 402 402 401 400 400 401 402 399 400 400 400 399 399 400 398 398 397 397 397 395 395 395 394 393 393 390 390 389 388 386 385 383 382 381 377 376 374 371 367 361 355 356 355 354 354 354 355 354 354 353 354 353 353 352 353 352 351 351 351 351 349 350 350 351 351 350 351 351 352 351 351 352 352 352 352 352 352 352 353 330 329 330 330 331 330 330 331 331 330 331 331 332
404 403 403 403 402 401 400 400 401 400 400 400 399 400 398 399 399 398 397 397 397 395 395 395 394 393 392 392 389 389 388 386 385 384 381 380 378 375 373 371 366 361 354 355 355 355 354 354 354 355 354 354 353 354 353 353 352 352 352 351 351 350 351 349 350 350 350 350 350 351 351 351 351 351 352 351 352 352 352 352 352 353 330 329 330 330 330 330 330 331 331 330 331 331
404 404 403 403 403 403 400 400 400 400 400 400 400 399 399 398 398 399 397 397 396 396 394 395 394 393 392 391 391 388 388 386 385 384 382 379 378 376 373 370 367 360 356 354 355 355 355 354 354 354 354 353 354 353 354 353 352 352 352 352 350 351 350 351 349 349 350 350 350 350 351 351 350 351 351 352 351 351 352 352 352 352 329 329 329 330 330 329 330 330 330 330 330 331
405 404 404 403 403 403 402 401 400 399 400 400 399 400 398 399 397 398 398 398 396 395 396 394 394 392 392 391 390 390 387 387 385 384 382 380 378 376 374 370 366 361 355 356 354 355 355 355 354 354 354 354 353 353 353 353 352 352 352 351 351 350 351 350 349 349 349 350 349 350 350 350 350 350 351 351 350 351 351 352 351 351 352 329 329 329 329 330 329 330 330 330 330 330
405 405 405 404 403 403 402 402 401 399 399 400 399 399 399 398 398 397 397 397 397 395 395 395 393 393 391 391 389 389 389 386 385 384 382 379 379 375 374 371 367 361 355 355 355 354 355 354 355 354 354 354 354 353 352 353 352 352 351 352 351 351 350 350 350 348 349 349 350 349 349 350 350 350 350 351 351 350 351 351 352 351 351 352 329 328 329 329 329 329 329 330 329 329
407 405 405 405 405 404 402 402 401 401 400 399 399 399 398 399 398 398 396 397 396 396 395 394 394 392 392 390 389 388 388 387 384 384 382 381 378 377 373 371 367 361 355 355 355 355 354 355 354 354 354 353 354 353 353 352 353 352 352 351 352 351 350 350 350 350 348 349 349 349 349 349 350 350 350 350 350 350 350 351 351 350 351 351 352 328 328 329 329 328 329 329 330 329
407 406 405 405 405 405 403 402 402 401 400 399 398 399 399 398 398 398 397 396 396 395 395 393 393 393 391 391 389 388 387 387 385 383 381 381 378 376 373 370 368 362 355 355 354 355 354 354 354 354 353 353 353 354 352 353 352 353 351 352 351 351 350 350 350 349 349 348 348 349 348 349 349 350 349 349 350 350 350 350 350 351 350 351 351 328 328 328 329 328 328 329 329 328
