testData/tiles/oneDegree/grid7.0-3.0-8.0-4.0.asc
ncols   200
nrows   200
xllcorner   7.0
yllcorner   3.0
cellsize   0.005
NODATA_value   -9999.0
[rows 132 to 175 of 200, columns 96 to 191 of 200]
94 95 96 98 99 100 101 102 104 105 123 124 125 127 128 129 129 130 131 133 134 135 136 137 139 140 141 142 143 145 146 147 148 149 150 152 153 154 155 156 158 159 159 160 161 163 164 165 166 167 168 170 171 172 173 174 176 177 178 179 179 180 182 183 184 185 186 188 189 190 191 192 193 194 195 196 197 198 199 201 202 203 203 204 206 207 208 209 209 210 212 213 214 215 216 217
94 95 97 98 99 100 101 103 104 105 123 124 125 127 128 128 129 130 132 133 134 135 136 138 139 140 141 142 144 145 146 147 148 149 151 152 153 154 155 157 157 158 159 160 162 163 164 165 166 167 169 170 171 172 173 175 176 177 178 178 179 181 182 183 184 185 187 188 189 190 191 192 193 194 195 196 197 199 200 201 201 202 203 205 206 207 208 208 209 211 212 213 214 215 216 218
94 96 97 98 99 100 101 103 104 105 123 124 126 126 127 128 129 131 132 133 134 135 137 138 139 140 141 142 144 145 146 147 148 150 151 152 153 154 156 156 157 158 159 160 162 163 164 165 166 168 169 170 171 172 174 175 176 176 177 178 180 181 182 183 184 186 187 188 189 190 191 192 193 194 195 196 198 199 200 200 201 202 204 205 206 207 207 209 210 211 212 213 214 216 217 218
94 96 97 98 99 100 102 103 104 122 123 124 125 126 127 128 130 131 132 133 134 135 137 138 139 140 141 143 144 145 146 147 149 150 151 152 153 155 155 156 157 158 159 161 162 163 164 165 167 168 169 170 171 173 174 175 175 176 177 179 180 181 182 183 185 186 187 188 189 189 191 192 193 194 195 197 198 199 199 200 201 203 204 205 206 206 208 209 210 211 212 213 215 216 217 218
95 96 97 98 99 101 102 103 104 121 122 124 125 126 127 128 130 131 132 133 134 136 137 138 139 140 142 143 144 145 146 147 149 150 151 152 152 154 155 156 157 158 160 161 162 163 164 166 167 168 169 170 171 173 174 174 175 176 178 179 180 181 182 184 185 186 187 188 188 190 191 192 193 194 196 197 198 198 199 201 202 203 204 205 205 207 208 209 210 211 212 214 215 216 217 218
95 96 97 98 99 101 102 103 103 121 123 124 125 126 127 129 130 131 132 133 135 136 137 138 139 140 142 143 144 145 146 148 149 150 151 151 153 154 155 156 157 159 160 161 162 163 164 166 167 168 169 170 172 173 173 174 175 177 178 179 180 181 183 184 185 186 187 187 189 190 191 192 193 195 196 197 197 198 200 201 202 203 204 204 206 207 208 209 210 212 213 214 215 216 217 219
95 96 97 98 100 101 101 102 120 121 123 124 125 126 127 129 130 131 132 133 135 136 137 138 139 141 142 143 144 145 147 148 149 149 150 152 153 154 155 156 157 159 160 161 162 163 165 166 167 168 169 171 171 172 173 174 176 177 178 179 180 181 183 184 185 186 186 188 189 190 191 192 194 195 196 196 197 198 200 201 202 203 203 205 206 207 208 209 211 212 213 214 215 216 218 219
95 96 97 98 99 100 101 102 120 122 123 124 125 126 128 129 130 131 132 134 135 136 137 138 139 141 142 143 144 145 147 148 148 149 150 152 153 154 155 156 158 159 160 161 162 164 165 166 167 168 169 170 171 172 173 174 176 177 178 179 180 182 183 184 184 185 187 188 189 190 191 193 194 194 195 196 197 199 200 201 201 202 204 205 206 207 208 210 211 212 213 214 215 217 218 219
95 96 96 97 99 100 101 102 120 122 123 124 125 126 128 129 130 131 132 134 135 136 137 138 140 141 142 143 144 146 146 147 148 149 151 152 153 154 155 156 158 159 160 161 162 164 165 166 167 168 169 170 171 172 173 175 176 177 178 179 181 182 183 183 184 185 187 188 189 190 191 193 193 194 195 196 198 199 200 200 201 203 204 205 206 207 208 210 211 212 213 214 216 217 218 219
94 95 96 98 99 100 101 119 121 122 123 124 125 127 128 129 130 131 132 134 135 136 137 138 140 141 142 143 144 145 146 147 148 149 151 152 153 154 155 157 158 159 160 161 163 164 165 166 166 168 169 170 171 172 173 175 176 177 178 179 181 182 182 183 184 186 187 188 189 190 192 192 193 194 195 197 198 199 199 200 201 203 204 205 206 207 209 210 211 212 213 215 216 217 218 219
94 95 96 98 99 100 101 119 121 122 123 124 125 127 128 129 130 131 133 134 135 136 137 139 140 141 142 142 144 145 146 147 148 149 151 152 153 154 155 157 158 159 160 161 163 164 165 165 166 168 169 170 171 172 174 175 176 177 178 180 181 181 182 183 185 186 187 188 189 190 191 192 193 194 195 197 198 198 199 200 202 203 204 205 206 208 209 210 211 212 214 215 216 217 218 219
94 95 96 98 99 100 101 119 121 122 123 124 125 127 128 129 130 131 133 134 135 136 137 139 140 140 141 142 144 145 146 147 148 150 151 152 153 154 156 157 158 159 160 162 163 163 164 165 166 168 169 170 171 172 174 175 176 177 178 179 180 181 182 183 185 186 187 188 189 190 191 192 193 194 196 197 197 198 199 201 202 203 204 205 206 208 209 210 211 212 214 215 216 217 218 220
94 95 97 98 99 100 101 120 121 122 123 124 126 127 128 129 130 131 133 134 135 136 137 139 139 140 141 142 144 145 146 147 148 150 151 152 153 154 156 157 158 159 160 162 162 163 164 165 167 168 169 170 171 173 174 175 176 177 178 179 180 181 182 183 185 186 187 187 188 190 191 192 193 194 196 196 197 198 199 201 202 203 204 205 207 208 209 210 211 213 214 215 216 217 219 220
94 95 97 98 99 100 118 120 121 122 123 124 126 127 128 129 130 132 133 134 135 136 137 138 139 140 141 143 144 145 146 147 148 150 151 152 153 154 156 157 158 159 160 161 162 163 164 165 167 168 169 170 171 173 174 175 176 176 178 179 180 181 182 184 185 186 186 187 189 190 191 192 193 194 195 196 197 198 200 201 202 203 204 205 207 208 209 210 211 213 214 215 216 217 219 220
94 95 97 98 99 100 118 120 121 122 123 124 126 127 128 129 130 132 133 134 134 135 137 138 139 140 141 143 144 145 146 147 149 150 151 152 153 155 156 157 158 158 160 161 162 163 164 165 167 168 169 170 171 173 174 174 175 176 178 179 180 181 182 184 185 185 186 187 189 190 191 192 192 194 195 196 197 198 200 201 202 203 204 206 207 208 209 210 212 213 214 215 216 218 219 220
94 95 97 98 99 100 118 120 121 122 123 124 126 127 128 129 130 132 133 133 134 135 137 138 139 140 141 143 144 145 146 147 149 150 151 152 153 155 156 157 157 158 160 161 162 163 164 166 167 168 169 170 172 173 173 174 175 176 178 179 180 181 182 184 184 185 186 187 189 190 191 191 192 194 195 196 197 198 200 201 202 203 204 206 207 208 209 210 212 213 214 215 216 218 219 220
94 95 97 98 99 117 118 120 121 122 123 124 126 127 128 129 130 131 132 133 134 135 137 138 139 140 141 143 144 145 146 147 149 150 151 152 153 155 155 156 157 158 160 161 162 163 164 166 167 168 169 170 172 172 173 174 175 177 178 179 180 181 182 183 184 185 186 188 189 190 190 191 192 194 195 196 197 198 200 201 202 203 204 206 207 208 209 210 212 213 214 215 216 218 219 220
94 96 97 98 99 117 118 120 121 122 123 124 126 127 128 128 129 131 132 133 134 135 137 138 139 140 141 143 144 145 146 147 149 150 151 152 153 154 155 156 157 158 160 161 162 163 164 166 167 168 169 169 171 172 173 174 175 177 178 179 180 180 182 183 184 185 186 188 189 189 190 191 193 194 195 196 197 199 200 201 202 203 204 206 207 208 209 210 212 213 214 215 216 218 219 220
94 96 97 98 99 117 119 120 121 122 123 124 126 126 127 128 129 131 132 133 134 135 137 138 139 140 141 143 144 145 146 147 149 150 151 151 152 154 155 156 157 158 160 161 162 163 164 166 167 168 168 169 171 172 173 174 175 177 178 179 179 180 182 183 184 185 186 187 188 189 190 191 193 194 195 196 197 199 200 201 202 203 205 206 207 208 209 211 212 213 214 215 216 218 219 220
94 96 97 98 99 117 119 120 121 122 123 124 125 126 127 128 129 131 132 133 134 135 137 138 139 140 141 143 144 145 146 147 149 150 150 151 152 154 155 156 157 158 160 161 162 163 164 166 167 167 168 169 171 172 173 174 175 177 177 178 179 180 182 183 184 185 185 187 188 189 190 191 193 194 195 196 197 199 200 201 202 203 205 206 207 208 209 211 212 213 214 215 216 218 219 220
94 96 97 98 116 117 119 120 121 122 122 123 125 126 127 128 129 131 132 133 134 135 137 138 139 140 141 143 144 145 146 147 148 149 150 151 152 154 155 156 157 158 160 161 162 163 164 165 166 167 168 169 171 172 173 174 175 176 177 178 179 180 182 183 184 184 185 187 188 189 190 191 193 194 195 196 197 199 200 201 202 203 205 206 207 208 209 211 212 213 214 215 216 218 219 220
94 96 97 98 116 117 118 120 120 121 122 123 125 126 127 128 129 131 132 133 134 135 137 138 139 140 141 143 144 145 145 146 148 149 150 151 152 154 155 156 157 158 160 161 162 163 163 165 166 167 168 169 171 172 173 174 174 176 177 178 179 180 182 182 183 184 185 187 188 189 190 191 193 194 195 196 197 199 200 201 202 203 204 206 207 208 209 210 212 213 214 215 216 218 219 220
94 95 97 98 116 117 117 119 120 121 122 123 125 126 127 128 129 131 132 133 134 135 137 138 139 140 141 143 144 144 145 146 148 149 150 151 152 154 155 156 157 158 160 161 161 162 163 165 166 167 168 169 171 172 172 173 174 176 177 178 179 180 181 182 183 184 185 187 188 189 190 191 192 194 195 196 197 198 200 201 202 203 204 206 207 208 209 210 212 213 214 215 216 218 219 220
94 95 97 98 115 116 117 119 120 121 122 123 125 126 127 128 129 131 132 133 134 135 137 138 139 140 141 142 143 144 145 146 148 149 150 151 152 154 155 156 157 158 160 160 161 162 163 165 166 167 168 169 171 171 172 173 174 175 177 178 179 179 180 182 183 184 185 186 188 189 190 191 192 194 195 196 197 198 200 201 202 203 204 206 207 208 209 210 212 213 214 215 216 218 219 220
94 95 96 97 115 116 117 119 120 121 122 123 125 126 127 128 129 131 132 133 134 135 137 138 139 140 140 142 143 144 145 146 148 149 150 151 152 154 155 156 157 157 159 160 161 162 163 164 166 167 168 169 169 171 172 173 174 175 177 178 178 179 180 182 183 184 185 186 188 189 190 191 192 194 195 196 197 198 200 201 202 203 204 206 207 208 209 210 212 213 214 215 216 218 219 220
93 94 96 114 115 116 117 119 120 121 122 123 125 126 127 128 129 131 132 133 134 135 137 138 138 139 140 142 143 144 145 146 147 149 150 151 152 153 155 156 156 157 158 160 161 162 163 164 166 167 167 168 169 171 172 173 174 175 176 177 178 179 180 182 183 184 185 186 188 189 190 191 192 194 195 196 197 198 200 201 202 203 204 205 207 208 209 210 211 213 214 215 216 217 219 220
93 94 96 114 115 116 117 119 120 121 122 123 125 126 127 128 129 130 132 133 134 135 135 137 138 139 140 141 143 144 145 146 147 149 150 151 152 153 154 155 156 157 158 160 161 162 163 164 166 166 167 168 169 171 172 173 174 174 176 177 178 179 180 181 183 184 185 186 187 189 190 191 192 193 195 196 197 198 199 201 202 203 204 205 207 208 209 210 211 213 214 215 216 217 219 220
93 94 95 114 115 116 117 118 120 121 122 123 124 126 127 128 129 130 132 133 133 134 135 137 138 139 140 141 143 144 145 146 147 149 150 151 152 152 154 155 156 157 158 160 161 162 163 163 164 166 167 168 169 170 172 172 173 174 175 177 178 179 180 181 183 184 185 186 187 189 190 191 192 193 195 196 197 198 199 201 202 203 204 205 206 208 209 210 211 212 214 215 216 217 218 220
93 94 95 114 115 116 117 118 120 121 122 123 124 126 127 128 129 130 132 132 133 134 135 137 138 139 140 141 143 144 145 146 147 148 150 150 151 152 153 155 156 157 158 159 161 162 162 163 164 166 167 168 169 170 171 172 173 174 175 177 178 179 180 181 183 184 185 186 187 188 190 191 192 193 194 196 197 198 199 200 202 203 204 205 206 208 209 210 211 212 214 215 216 217 218 219
93 94 112 114 115 116 117 118 120 121 122 123 124 126 127 128 129 129 130 132 133 134 135 136 138 139 140 141 142 144 145 146 147 148 149 150 151 152 153 155 156 157 158 159 160 161 162 163 164 166 167 168 169 169 170 172 173 174 175 176 178 179 180 181 182 184 185 186 187 188 190 191 192 193 194 196 197 198 199 200 201 203 204 205 206 207 209 210 211 212 213 215 216 217 218 219
93 94 112 113 115 116 117 118 119 121 122 123 124 125 127 127 128 129 130 132 133 134 135 136 138 139 140 141 142 144 145 146 146 147 149 150 151 152 153 154 156 157 158 158 159 161 162 163 164 165 167 167 168 169 170 172 173 174 175 176 178 179 180 181 182 183 185 186 187 188 189 191 192 193 194 195 197 198 199 200 201 203 204 205 206 207 208 210 211 212 213 214 216 217 218 219
93 94 112 113 115 116 117 118 119 121 122 123 124 124 126 127 128 129 130 132 133 134 135 136 137 139 140 141 142 143 144 145 146 147 148 150 151 152 153 154 156 157 157 158 159 161 162 163 164 165 165 167 168 169 170 171 173 174 175 176 177 179 180 181 182 183 185 186 187 188 189 191 192 193 194 195 196 198 199 200 201 202 204 205 206 207 208 210 211 212 213 214 215 217 218 219
93 94 112 113 115 116 117 118 119 120 122 122 123 124 125 127 128 129 130 131 133 134 135 136 137 139 140 141 142 142 144 145 146 147 148 150 151 152 153 154 154 156 157 158 159 160 162 163 163 164 165 167 168 169 170 171 173 174 175 176 177 178 180 181 182 183 184 186 187 188 189 190 192 193 194 195 196 197 199 200 201 202 203 205 206 207 208 209 211 212 213 214 215 216 218 219
93 94 112 113 114 116 117 118 119 119 121 122 123 124 125 127 128 129 130 131 133 134 135 136 137 138 140 140 141 142 143 145 146 147 148 149 151 152 152 153 154 156 157 158 159 160 161 162 163 164 165 166 168 169 170 171 172 174 175 176 177 178 180 181 182 183 184 185 187 188 189 190 191 193 194 195 196 197 199 200 201 202 203 204 206 207 208 209 210 212 213 214 215 216 217 219
93 111 112 113 114 116 117 118 118 119 120 122 123 124 125 126 128 129 130 131 132 134 135 136 137 137 139 140 141 142 143 144 146 147 148 149 150 151 152 153 154 155 157 158 159 159 160 162 163 164 165 166 167 169 170 171 172 173 175 176 177 178 179 181 182 183 184 185 186 188 189 190 191 192 194 195 196 197 198 200 201 202 203 204 205 207 208 209 210 211 212 214 215 216 217 218
92 111 112 113 114 115 116 117 118 119 120 122 123 124 125 126 128 129 130 131 132 133 135 136 136 137 138 140 141 142 143 144 146 147 148 148 149 151 152 153 154 155 156 158 158 159 160 161 163 164 165 166 167 169 170 171 172 173 174 176 177 178 179 180 182 183 184 185 186 187 189 190 191 192 193 195 196 197 198 199 200 202 203 204 205 206 208 209 210 211 212 213 215 216 217 218
92 111 112 113 113 114 115 117 118 119 120 121 123 124 125 126 127 129 130 131 132 133 134 135 136 137 138 139 141 142 143 144 145 147 147 148 149 150 152 153 154 155 155 156 158 159 160 161 162 164 165 166 167 168 170 171 172 173 174 175 177 178 179 180 181 183 184 185 186 187 188 190 191 192 193 194 196 197 198 199 200 201 203 204 205 206 207 209 210 211 212 213 214 216 217 218
92 109 111 112 113 114 115 117 118 119 120 121 122 124 125 126 127 128 130 131 131 132 133 135 136 137 138 139 141 142 143 144 144 145 147 148 149 150 151 153 154 154 155 156 158 159 160 161 162 163 165 166 167 168 169 171 172 173 174 175 176 178 179 180 181 182 184 185 186 187 188 189 191 192 193 194 195 197 198 199 200 201 202 204 205 206 207 208 209 211 212 213 214 215 216 218
91 109 110 112 113 114 115 116 118 119 120 121 122 124 125 126 127 128 128 130 131 132 133 134 136 137 138 139 140 142 142 143 144 145 146 148 149 150 151 151 153 154 155 156 157 159 160 161 162 163 164 166 167 168 169 170 172 173 174 175 176 177 179 180 181 182 183 185 186 187 188 189 190 192 193 194 195 196 197 199 200 201 202 203 205 206 207 208 209 210 212 213 214 215 216 217
91 109 110 112 113 114 115 116 117 119 120 121 122 123 125 126 127 127 128 130 131 132 133 134 135 137 138 139 140 140 142 143 144 145 146 148 149 150 150 151 152 154 155 156 157 158 160 161 162 163 164 165 167 168 169 170 171 173 174 175 176 177 178 180 181 182 183 184 185 187 188 189 190 191 193 194 195 196 197 198 200 201 202 203 204 205 207 208 209 210 211 212 214 215 216 217
108 109 110 111 113 114 115 116 117 118 120 121 122 123 124 125 126 127 128 129 131 132 133 134 135 136 138 138 139 140 141 143 144 145 146 147 148 149 150 151 152 153 155 156 157 158 159 161 162 163 164 165 166 168 169 170 171 172 174 175 176 177 178 179 181 182 183 184 185 186 188 189 190 191 192 193 195 196 197 198 199 200 202 203 204 205 206 207 209 210 211 212 213 214 216 217
108 109 110 111 112 114 115 116 117 118 120 121 122 122 123 124 126 127 128 129 130 132 133 134 135 135 136 138 139 140 141 142 144 145 146 146 147 149 150 151 152 153 154 156 157 158 159 160 162 163 164 165 166 167 169 170 171 172 173 174 176 177 178 179 180 182 183 184 185 186 187 189 190 191 192 193 194 196 197 198 199 200 201 203 204 205 206 207 208 210 211 212 213 214 215 216
107 109 110 111 112 113 115 116 117 118 119 120 121 122 123 124 125 127 128 129 130 131 133 134 134 135 136 137 139 140 141 142 143 144 145 146 147 148 149 151 152 153 154 155 157 158 159 160 161 162 164 165 166 167 168 170 171 172 173 174 175 177 178 179 180 181 182 184 185 186 187 188 189 191 192 193 194 195 196 198 199 200 201 202 203 205 206 207 208 209 210 212 213 214 215 216
107 109 110 111 112 113 114 116 117 117 118 119 121 122 123 124 125 126 128 129 130 131 131 133 134 135 136 137 138 140 141 141 142 143 145 146 147 148 149 150 152 153 154 155 156 158 159 160 161 162 163 165 166 167 168 169 170 172 173 174 175 176 177 179 180 181 182 183 185 186 187 188 189 190 192 193 194 195 196 197 198 200 201 202 203 204 205 207 208 209 210 211 212 213 215 216
