testData/tiles/oneDegree/grid47.0-42.0-48.0-43.0.asc
ncols   200
nrows   200
xllcorner   47.0
yllcorner   42.0
cellsize   0.005
NODATA_value   -9999.0
[rows 0 to 41 of 200, columns 0 to 93 of 200]
821 819 817 814 813 810 807 806 803 800 797 795 792 789 787 784 780 778 774 771 768 765 764 760 759 756 753 752 747 745 742 739 735 731 727 723 718 713 708 704 697 692 685 685 684 685 684 684 684 589 589 589 588 589 588 588 588 462 462 462 461 461 461 461 460 459 459 458 458 458 458 456 455 455 455 454 453 452 452 450 449 450 449 448 447 446 445 444 443 443 441 440 439 438
821 820 817 815 813 811 809 805 803 801 798 796 794 790 787 783 781 779 774 772 769 766 765 761 760 757 755 752 748 747 742 739 735 731 728 724 719 714 709 704 699 694 686 685 684 685 684 684 684 589 589 589 588 589 588 589 588 462 462 462 461 461 461 460 460 459 459 458 458 458 457 456 455 456 455 454 453 452 452 451 450 450 449 447 447 446 445 444 443 442 441 440 439 438
822 819 818 815 813 811 809 806 804 802 798 796 794 790 788 785 781 779 775 772 769 767 765 762 760 757 755 753 749 747 743 740 735 733 730 724 721 715 711 705 700 694 687 684 684 685 684 685 684 589 589 589 589 589 588 589 588 462 462 461 461 461 461 460 460 460 459 458 458 458 457 456 455 456 455 454 453 452 451 452 450 450 449 447 447 446 445 444 443 442 441 440 439 437
822 820 818 817 813 812 810 806 804 803 799 797 794 791 788 785 782 779 776 773 769 768 765 764 761 758 756 753 749 748 743 741 737 734 730 725 722 716 712 706 702 695 688 684 684 684 684 684 684 683 589 588 589 588 588 588 463 462 463 461 461 461 461 460 461 460 458 458 458 458 457 457 455 455 455 454 453 452 452 452 450 449 449 448 446 446 445 443 443 442 440 440 439 437
823 820 819 817 814 812 810 807 805 802 799 797 794 791 789 786 782 779 777 773 770 768 765 765 762 760 757 753 751 748 745 741 739 735 730 726 721 717 714 707 703 696 690 684 684 684 684 684 684 684 589 588 589 588 588 588 463 463 463 462 461 461 461 460 460 460 459 458 458 458 457 456 456 455 455 454 452 452 452 452 450 449 449 448 446 446 445 443 443 442 440 440 439 437
824 821 819 817 814 813 810 808 805 802 801 798 795 793 788 786 783 780 777 773 771 770 766 765 761 760 757 754 753 748 746 742 739 735 731 727 722 718 713 708 703 697 691 684 685 684 684 684 684 684 589 588 589 588 589 588 463 463 463 462 462 461 460 460 460 460 459 459 458 457 457 456 456 455 455 454 453 453 452 451 451 449 448 448 446 446 445 443 443 443 442 440 440 438
824 821 820 817 815 813 810 809 806 803 801 797 795 793 789 787 785 780 778 773 772 770 768 766 762 761 759 755 753 749 746 743 740 736 732 728 723 719 714 709 703 698 691 684 684 684 684 684 684 684 589 588 589 588 589 463 463 463 462 462 462 461 460 461 460 460 459 458 458 457 457 457 457 455 454 454 453 453 452 451 451 449 448 448 446 445 446 445 443 443 442 440 439 439
824 822 820 818 816 813 811 809 805 803 802 798 796 794 790 787 784 781 778 774 772 770 768 766 762 761 758 755 754 750 747 743 741 736 733 728 725 720 715 710 704 698 692 685 684 684 684 684 683 684 588 589 588 588 588 463 462 463 462 462 462 461 460 461 460 459 459 459 458 457 457 457 456 455 454 454 454 452 452 451 450 449 448 448 448 446 446 445 443 442 442 440 439 439
824 822 820 818 817 813 811 810 806 804 802 798 796 793 790 788 785 781 779 775 773 770 769 767 765 762 759 757 754 750 748 744 741 736 733 728 726 720 716 711 705 699 693 686 684 684 684 684 683 684 588 589 588 588 588 463 462 463 462 462 462 462 460 460 460 459 460 459 458 457 456 457 456 455 454 453 454 452 452 451 450 449 448 448 448 446 445 445 443 442 442 440 439 438
825 824 820 819 817 813 812 810 806 804 802 799 797 794 791 788 785 782 778 776 773 771 769 766 766 763 760 757 754 751 748 745 742 738 734 731 726 722 717 712 706 700 694 687 684 684 685 685 685 685 588 589 588 588 463 463 463 463 462 463 462 461 460 460 460 459 460 459 457 457 457 457 456 455 454 454 454 453 451 451 450 449 449 448 448 446 445 445 443 442 441 440 439 438
825 824 821 819 817 814 812 809 808 805 802 800 797 794 792 788 786 782 779 777 773 771 770 767 766 762 760 758 755 751 749 746 742 739 735 731 727 722 718 712 707 701 695 688 685 684 685 685 685 685 589 590 588 589 463 462 463 462 462 462 462 461 462 460 460 459 459 459 458 457 457 457 456 455 454 454 454 453 451 451 450 449 449 448 447 446 445 444 443 442 441 440 439 438
826 823 821 819 817 815 813 810 808 805 803 801 797 795 793 788 786 783 779 777 774 773 771 768 767 763 761 758 755 753 750 747 742 739 735 732 728 723 718 713 708 702 696 691 685 684 685 684 685 684 684 589 589 588 463 462 463 462 462 462 462 461 462 460 459 459 459 459 458 458 457 456 456 455 455 454 453 453 451 450 450 450 449 448 447 446 445 444 443 442 441 440 439 438
826 824 821 820 817 816 813 810 809 805 803 801 797 795 793 789 787 783 780 778 774 773 771 768 767 763 762 758 756 753 750 748 743 740 736 733 727 724 718 714 709 703 698 692 685 684 685 684 685 684 685 589 589 464 463 462 463 462 462 462 462 461 461 460 459 460 459 459 458 457 457 456 456 455 454 454 453 453 451 450 451 450 448 448 447 445 445 444 443 442 441 440 438 438
827 824 823 820 818 816 813 811 809 805 803 802 798 796 792 789 787 784 780 777 775 774 771 770 767 764 763 760 757 754 751 747 744 741 737 734 728 725 719 715 709 705 698 693 686 685 685 684 685 684 685 589 589 464 464 463 463 462 462 462 461 461 461 461 459 460 459 458 458 458 457 456 456 456 454 454 453 452 451 450 451 450 448 448 447 446 445 444 443 441 441 440 438 438
826 825 823 820 818 817 813 811 810 806 804 801 798 796 793 790 788 784 781 778 776 775 772 770 767 764 762 760 757 755 751 748 744 741 737 734 729 725 720 716 710 706 699 693 686 685 684 684 684 684 684 589 463 464 463 464 462 462 462 462 461 462 461 461 459 459 459 458 458 458 457 456 455 456 454 454 453 452 452 451 450 450 448 447 447 446 444 444 443 441 441 440 438 437
827 825 824 820 819 817 813 812 809 807 804 801 800 797 793 790 787 785 781 778 777 774 772 771 768 766 763 761 758 755 752 749 745 742 738 734 730 726 720 716 711 707 700 694 687 685 684 685 684 684 684 589 464 464 463 464 462 462 462 462 461 462 461 460 460 459 459 458 459 458 456 456 455 456 455 453 453 452 452 451 450 450 448 447 447 446 444 443 443 441 440 440 438 437
827 826 823 821 819 817 815 812 809 808 805 802 800 796 794 792 788 785 781 779 777 775 773 770 768 768 764 762 757 756 752 749 745 743 740 735 731 726 722 717 712 707 701 695 688 685 684 685 684 684 684 589 464 464 463 464 463 462 462 461 461 461 461 460 461 459 459 458 458 458 456 456 456 455 455 453 453 452 452 451 450 449 449 447 446 446 444 443 443 441 440 439 438 437
827 826 824 822 820 817 815 813 810 808 804 802 800 796 794 792 788 786 781 779 779 775 773 772 769 767 764 762 759 757 752 750 746 743 740 735 732 727 723 718 714 707 702 695 689 684 684 684 684 684 684 463 464 463 463 463 463 461 462 461 461 461 461 460 461 459 458 458 458 458 456 455 456 455 455 453 452 453 452 450 450 449 449 447 446 445 444 444 443 442 441 440 439 438
828 826 824 823 820 817 816 812 810 809 805 803 801 797 795 792 789 786 783 780 778 776 774 772 770 768 765 763 759 757 754 750 748 744 740 736 733 727 725 719 715 708 703 696 690 684 684 684 684 684 684 558 464 463 463 463 463 463 462 461 462 461 460 460 460 459 458 459 458 457 457 455 456 455 454 453 452 453 452 450 450 449 448 447 446 445 445 444 443 442 441 440 438 438
828 826 824 823 819 818 816 813 811 809 805 803 800 797 795 792 789 786 783 780 779 776 774 773 770 768 765 762 761 757 754 751 748 745 741 737 732 728 724 719 715 709 704 697 692 684 684 684 684 684 559 558 464 463 464 463 463 463 462 461 461 461 460 461 460 459 458 458 458 457 457 456 455 455 454 453 452 452 452 450 449 449 448 446 446 446 444 444 443 442 441 440 439 437
830 826 825 823 820 818 817 813 811 808 807 804 801 798 795 793 789 786 784 781 779 778 775 773 770 769 766 763 762 757 755 751 749 745 741 737 733 729 725 720 715 710 704 698 692 685 684 684 684 684 559 558 464 463 463 463 462 463 462 461 461 461 460 461 460 459 458 458 458 457 457 456 455 455 454 453 453 452 452 450 449 449 448 446 447 446 444 444 443 442 440 440 439 437
830 827 825 823 820 819 816 814 812 809 807 803 801 799 795 793 790 787 784 780 780 778 775 774 770 769 765 763 762 758 756 751 749 745 742 738 734 730 726 721 716 711 705 699 692 686 683 684 683 684 558 559 463 463 463 463 462 463 462 461 461 461 460 460 460 459 458 458 458 457 456 456 455 455 454 453 453 452 451 451 449 448 448 447 446 446 445 443 443 442 440 439 439 437
829 827 826 823 821 819 816 815 811 809 808 804 802 800 796 794 790 787 785 781 780 778 776 774 771 770 767 764 762 758 756 753 750 745 743 738 734 730 726 722 717 711 706 700 693 686 684 684 683 559 558 559 463 463 463 463 462 463 462 460 461 460 460 460 460 459 459 458 457 457 457 456 455 454 454 454 452 452 451 451 449 448 448 447 446 446 445 443 442 442 440 439 439 437
830 827 826 824 822 819 817 815 812 810 808 804 802 799 796 794 791 788 784 781 781 778 776 774 772 770 767 765 762 759 756 753 751 746 743 738 735 731 727 721 717 711 707 700 694 687 684 684 683 559 558 559 463 462 463 462 463 462 462 461 461 460 460 460 459 459 458 458 457 457 457 455 455 454 454 454 452 452 451 450 449 448 448 447 446 445 445 443 442 442 440 439 438 437
830 828 825 824 822 819 817 816 812 810 807 804 803 800 797 794 791 788 785 782 781 779 777 774 774 770 768 766 763 760 756 754 750 747 744 740 737 732 728 722 718 712 707 700 695 687 684 683 559 558 558 558 463 462 463 462 463 462 462 462 461 460 460 460 459 459 458 458 457 456 457 456 455 454 453 454 452 451 451 450 449 449 448 447 446 445 444 443 442 441 440 439 438 436
831 829 826 824 823 819 818 815 812 811 808 805 803 800 797 794 792 789 785 783 780 779 777 775 774 770 768 765 763 760 757 754 751 748 743 740 736 733 728 724 719 713 708 701 696 688 684 683 559 558 558 558 463 463 463 462 463 462 461 462 460 460 460 460 459 459 459 457 457 456 457 456 454 454 454 454 452 451 451 450 448 449 448 447 446 445 444 443 442 441 439 439 438 436
831 829 826 825 822 820 818 815 813 811 808 806 802 800 797 794 792 788 786 784 781 779 777 775 775 771 769 766 764 760 757 756 751 749 744 741 737 734 728 724 719 714 708 702 697 689 684 683 559 558 558 558 557 463 462 462 462 462 461 462 460 460 460 460 459 459 459 457 457 457 456 456 454 454 454 453 452 451 450 450 449 448 448 447 445 445 444 442 442 441 439 438 438 436
831 829 827 825 823 820 818 816 814 810 809 807 803 801 798 795 793 788 786 784 781 780 777 776 774 771 769 766 764 760 758 755 752 748 745 742 737 734 729 725 719 715 709 704 697 690 683 558 558 558 557 558 557 463 462 462 462 462 461 462 460 459 460 459 459 459 459 457 456 457 456 456 454 453 454 453 452 451 450 450 449 448 448 447 445 445 444 442 441 441 439 438 437 436
831 829 827 825 823 822 818 816 815 811 809 806 803 801 798 795 792 789 787 784 782 780 779 776 775 772 769 767 765 762 758 756 752 749 745 741 738 734 729 726 720 716 709 705 698 691 684 558 558 558 558 558 557 463 462 462 462 461 461 461 461 459 460 459 459 459 458 457 456 457 456 455 454 454 454 453 451 451 450 450 449 448 447 447 445 444 444 442 441 440 439 438 437 435
831 830 827 825 823 822 818 817 814 811 809 807 804 802 799 796 793 790 787 785 782 781 779 776 775 772 769 767 764 762 759 757 753 749 746 743 739 734 730 725 721 716 710 704 698 692 560 558 558 557 558 557 557 462 462 461 462 461 462 461 461 460 460 459 458 459 458 457 456 456 456 455 454 454 453 453 451 450 450 450 448 448 447 446 445 444 443 442 441 440 438 438 437 435
832 830 827 825 824 821 819 817 814 812 810 807 804 801 799 796 793 791 786 785 783 781 780 776 775 772 770 769 765 763 759 757 753 750 746 743 739 735 731 726 721 716 711 705 699 693 561 557 558 557 558 557 557 462 462 462 462 461 462 461 460 460 459 459 458 459 458 456 457 456 456 455 453 454 453 453 452 450 450 450 448 448 447 446 445 444 443 441 441 440 438 438 437 435
832 831 828 826 824 822 819 816 815 812 809 807 805 802 800 795 793 791 787 786 782 782 780 777 776 772 770 768 765 763 760 758 753 751 746 744 739 736 731 727 722 717 712 706 700 569 562 557 558 557 558 557 557 462 462 462 461 461 461 461 460 460 459 459 458 458 458 456 457 456 455 455 453 454 453 452 452 450 450 450 448 447 447 446 444 444 443 441 440 440 439 438 438 435
832 831 829 826 824 822 819 817 815 812 810 808 804 802 800 796 794 791 787 786 784 782 780 777 776 773 771 769 766 763 760 758 754 751 746 744 739 736 731 727 722 718 711 707 700 569 562 558 557 557 557 557 557 462 461 462 461 461 461 461 460 459 459 458 459 458 458 456 456 456 455 455 454 453 453 452 451 450 450 449 448 447 446 446 444 443 443 441 441 441 439 438 437 436
833 830 829 827 824 822 820 817 816 812 810 808 804 802 799 796 794 791 788 785 784 783 780 778 776 774 771 769 766 763 761 758 754 751 747 745 740 737 732 728 722 718 712 707 576 570 563 558 557 557 557 557 557 462 461 462 461 461 461 460 460 459 459 458 459 458 457 456 456 456 455 454 454 453 453 452 451 450 450 449 449 447 446 446 444 443 442 442 441 440 439 438 437 435
833 831 829 826 824 823 819 818 816 813 810 808 806 803 800 797 794 791 788 786 785 782 781 778 776 775 772 770 766 764 761 758 755 751 747 745 742 736 733 728 723 719 713 708 576 571 563 558 557 557 557 557 557 556 461 461 461 460 461 460 460 459 459 458 458 458 457 456 456 455 455 454 454 453 452 452 451 450 450 449 448 447 446 445 444 443 443 442 441 440 439 438 437 435
832 831 830 826 825 823 821 818 815 814 811 808 806 803 800 798 794 792 789 786 785 783 781 777 777 775 772 770 766 764 761 759 755 752 749 745 742 737 734 728 725 719 713 583 577 571 564 557 557 556 557 556 557 556 461 461 461 460 461 460 459 459 458 458 458 458 457 456 456 455 455 454 453 453 452 451 451 450 449 449 448 446 446 445 443 444 443 441 441 440 439 437 437 435
833 831 829 827 825 823 821 818 816 814 811 808 807 803 801 799 794 792 788 787 785 783 781 778 777 774 773 771 767 765 761 759 756 752 749 746 743 738 734 729 725 719 714 584 578 572 565 558 557 557 557 556 557 556 461 461 460 461 460 460 460 459 458 458 458 457 457 457 456 455 454 454 453 452 452 451 451 450 449 449 448 446 446 445 443 443 443 441 440 440 439 437 436 436
833 832 829 827 825 823 821 818 816 814 811 809 807 803 801 798 795 793 788 787 785 783 782 779 778 775 773 770 767 765 762 760 756 753 749 746 742 738 734 729 725 720 590 584 578 572 565 559 556 557 556 556 556 556 461 461 460 461 460 460 460 458 458 457 458 457 457 457 455 455 454 455 453 452 452 451 451 450 449 448 448 446 445 445 444 443 443 441 440 439 439 437 436 435
834 832 830 828 825 823 822 818 816 815 811 809 806 803 801 798 795 792 790 788 785 784 781 780 777 775 774 771 768 765 763 759 757 753 750 747 743 739 735 730 725 721 590 585 578 573 566 560 556 557 556 556 556 556 461 461 460 461 460 459 460 458 458 458 458 457 456 457 455 455 454 454 454 452 451 451 451 449 449 448 447 446 445 444 444 443 442 441 440 439 438 437 436 435
834 832 830 829 825 824 821 819 817 814 811 810 807 804 801 799 796 792 790 787 786 784 782 780 778 776 773 771 768 765 764 760 757 753 750 746 743 738 735 731 726 596 591 586 580 574 567 561 556 557 556 556 556 555 461 460 460 460 460 459 460 458 457 458 457 457 456 457 455 454 454 454 452 452 451 451 451 449 449 448 447 446 445 445 443 443 442 440 440 439 438 436 436 435
834 832 830 828 826 824 821 819 817 814 812 809 807 804 801 799 795 793 791 787 786 784 782 781 778 776 773 772 769 766 763 760 758 753 751 747 744 739 736 730 727 596 592 585 581 574 567 560 556 556 556 555 556 555 461 460 460 460 460 459 459 458 457 458 457 456 456 456 455 454 453 454 452 452 451 450 451 449 448 448 447 445 445 445 443 442 442 440 439 439 438 436 435 435
834 832 831 828 826 824 822 819 817 815 812 809 807 804 802 800 795 793 790 788 786 784 783 780 778 776 774 772 769 766 764 761 757 754 750 747 744 739 736 731 602 596 592 586 581 575 568 561 556 556 556 556 556 555 460 460 459 460 459 459 459 458 457 457 457 456 456 456 454 454 453 454 452 451 451 451 450 449 448 447 447 445 445 445 443 442 441 440 439 438 438 436 435 434
