testData/tiles/oneDegree/grid0.0-38.0-1.0-39.0.asc
ncols   200
nrows   200
xllcorner   0.0
yllcorner   38.0
cellsize   0.005
NODATA_value   -9999.0
[rows 42 to 83 of 200, columns 94 to 187 of 200]
185 187 189 190 192 193 194 195 197 198 200 201 202 203 205 206 207 209 209 211 212 214 215 215 217 218 219 220 221 222 224 225 225 227 228 229 230 231 232 233 235 235 236 237 238 239 240 241 242 242 243 244 244 244 246 247 248 248 249 250 251 251 252 253 253 253 254 255 255 256 257 258 257 258 259 260 259 259 260 259 260 261 261 261 262 262 263 262 263 263 263 263 264 263
184 185 187 188 189 190 192 194 195 197 198 199 200 202 203 205 205 207 208 209 211 211 213 214 215 217 217 218 220 221 222 223 224 225 226 227 228 229 231 232 232 233 234 236 236 237 237 238 238 239 241 242 242 243 244 245 245 246 247 248 248 249 250 251 251 252 253 253 253 254 255 255 256 256 256 256 257 257 258 258 258 259 260 259 260 260 260 260 261 261 261 260 261 260
184 184 184 186 187 189 190 192 193 194 195 197 198 199 201 201 204 205 207 208 208 210 211 212 214 214 216 217 218 220 220 221 222 224 225 225 226 227 228 228 229 231 232 232 233 234 235 236 237 238 239 239 240 241 242 242 243 244 245 245 246 247 248 248 249 250 251 251 251 252 253 252 253 253 254 254 255 255 255 256 256 257 257 257 258 258 258 258 259 257 258 258 259 258
183 183 183 184 186 187 189 189 191 192 194 195 197 197 199 200 201 203 204 205 206 207 209 210 210 212 213 214 216 216 217 219 220 221 221 223 224 225 225 227 228 229 229 230 232 233 234 234 235 236 237 237 238 239 241 241 242 243 244 244 245 245 246 246 247 248 248 249 249 250 249 250 251 252 251 252 253 254 253 254 255 254 255 255 256 256 255 256 256 256 256 256 256 256
183 183 183 183 185 186 187 188 190 191 192 194 194 196 197 199 200 201 202 203 205 206 207 208 209 210 212 213 213 215 216 217 218 219 220 221 222 223 224 225 226 226 228 229 230 231 231 232 233 235 235 236 237 238 238 239 240 241 241 242 243 244 244 245 244 245 245 246 247 248 248 248 249 249 250 250 251 251 251 252 253 252 253 253 253 253 253 254 253 254 254 255 254 254
183 183 183 183 182 184 185 187 188 190 190 192 193 194 196 197 198 199 200 202 203 204 205 206 208 209 210 210 212 213 214 216 216 217 218 220 220 221 222 224 225 225 226 227 228 228 230 231 232 232 233 234 235 235 236 237 238 238 239 240 240 240 241 242 243 243 243 244 245 245 246 247 247 247 248 248 249 249 250 250 250 249 250 251 250 251 251 252 251 252 252 252 252 252
183 182 182 182 182 183 184 185 187 187 189 190 192 193 194 195 196 198 199 200 201 202 203 205 206 207 208 209 210 212 212 213 214 216 217 217 218 220 221 222 222 223 224 226 226 227 228 229 229 230 231 232 232 233 234 235 235 235 236 237 238 238 239 240 240 241 242 242 242 243 244 245 244 245 246 247 246 247 248 247 247 248 248 249 248 249 249 249 249 250 250 250 250 250
181 181 181 182 182 182 183 183 185 186 187 189 190 191 192 193 195 196 198 198 199 201 202 203 204 205 206 208 209 209 210 212 213 214 214 216 217 218 219 219 221 222 223 223 224 225 226 226 228 229 229 230 230 231 232 233 233 234 235 236 236 236 237 238 238 239 240 241 241 241 242 243 243 243 244 244 243 244 245 244 245 246 246 246 246 247 247 247 247 248 247 248 247 248
181 181 181 181 181 180 180 181 182 184 185 187 188 189 191 192 193 195 195 196 198 199 200 201 202 203 205 206 206 208 209 210 211 212 213 214 215 216 217 218 219 220 219 220 221 223 224 224 225 226 227 227 228 229 230 230 231 232 233 233 234 235 236 236 236 237 238 238 239 240 240 240 240 241 241 241 242 242 243 243 243 244 243 244 244 245 245 245 245 245 244 245 245 246
171 181 181 180 180 180 180 180 181 182 183 184 185 187 188 190 190 191 193 194 195 197 197 198 200 201 202 203 204 205 206 208 208 209 210 211 213 213 214 215 216 216 218 219 220 221 221 222 223 224 224 225 226 227 227 228 229 230 230 231 232 233 233 234 235 235 235 236 237 237 236 237 238 239 238 239 240 240 240 241 241 242 241 242 243 243 243 242 243 242 242 243 243 243
170 170 180 180 180 180 180 180 179 180 181 183 184 185 187 187 189 190 191 193 193 194 196 197 198 199 200 201 202 204 205 205 206 207 209 210 210 211 212 214 214 215 216 217 218 218 219 220 222 222 223 224 225 225 226 227 228 229 228 229 230 231 231 232 233 233 232 233 234 235 235 235 236 237 237 237 238 238 238 239 239 239 240 240 240 239 240 240 241 240 241 241 240 241
170 170 170 180 180 180 179 179 179 179 180 181 183 183 184 186 187 188 190 190 191 193 194 195 196 197 198 199 201 202 202 203 205 206 207 207 208 210 211 211 212 213 214 215 216 217 218 219 219 220 221 222 223 223 224 225 226 226 227 228 229 227 228 229 230 230 231 232 232 232 233 234 234 234 235 235 236 236 236 237 238 237 237 237 237 237 238 238 238 238 239 239 238 239
170 170 170 180 179 179 179 179 179 179 179 179 180 182 183 184 186 186 187 189 190 191 193 193 194 195 197 198 198 199 201 202 203 203 205 206 207 208 208 209 211 212 213 213 214 215 216 216 217 218 219 220 220 221 222 223 222 223 224 225 225 226 227 227 227 228 229 230 229 230 231 232 231 232 233 234 233 234 234 234 234 234 235 235 235 235 236 236 236 236 237 236 236 237
169 169 169 169 179 179 179 179 179 178 178 178 179 180 182 183 183 185 186 187 188 190 190 191 193 194 195 195 197 198 199 200 201 202 203 204 205 205 207 208 209 210 210 211 212 213 213 214 216 217 218 217 218 219 220 219 220 221 222 222 223 224 225 225 225 226 227 227 228 228 229 229 230 230 231 231 230 231 232 231 232 232 233 232 233 233 234 233 234 234 235 233 234 234
168 168 168 168 168 178 178 177 177 177 178 178 178 179 179 180 182 183 184 186 186 187 189 190 191 192 193 194 195 196 198 198 199 200 201 203 203 204 205 206 207 207 208 209 210 210 211 212 213 214 214 215 216 217 217 218 219 220 220 220 221 222 223 223 224 224 225 225 226 227 227 227 227 227 228 228 228 229 230 229 230 230 230 231 231 232 231 232 232 231 231 231 232 232
168 168 168 168 168 167 177 177 177 177 177 177 176 176 177 178 179 181 182 182 184 185 186 187 189 189 190 191 193 194 194 195 196 198 199 199 200 201 202 204 204 205 206 207 207 208 209 210 211 211 212 213 214 214 215 216 217 218 218 219 220 220 220 221 222 223 222 223 224 224 224 224 225 226 225 226 227 227 227 227 228 229 228 229 229 230 228 229 229 229 229 229 230 229
241 241 168 167 167 167 167 177 177 177 177 176 176 176 176 177 178 178 179 181 182 183 185 185 186 187 189 190 191 191 192 194 195 196 196 197 199 200 201 201 202 203 204 204 205 206 207 208 208 209 210 211 211 212 213 214 215 215 216 217 218 218 218 219 220 219 220 220 221 221 222 222 223 223 223 224 225 224 225 226 226 226 226 227 226 226 226 227 227 227 227 227 228 227
240 240 240 240 240 167 167 167 177 176 176 176 176 176 176 175 175 177 178 179 181 182 182 183 185 186 187 187 189 190 191 192 193 193 195 196 197 198 198 199 200 201 202 203 204 205 206 206 207 208 209 210 210 211 212 213 212 213 214 215 214 215 216 216 216 217 218 219 219 219 220 221 221 221 222 222 223 222 223 224 224 223 223 224 223 224 224 225 224 225 225 225 225 225
240 240 240 240 240 240 239 166 166 176 176 176 176 176 175 175 175 175 176 178 178 179 181 182 183 184 185 186 187 188 189 190 191 192 193 194 194 195 197 198 199 199 200 201 202 203 203 204 205 206 207 207 208 209 210 209 210 211 211 211 212 213 214 215 214 215 216 217 217 217 218 219 218 219 220 220 220 221 220 221 220 221 221 222 221 222 222 223 222 223 223 222 223 222
239 239 239 239 238 239 239 239 239 239 166 176 175 175 175 175 175 175 174 175 177 178 179 180 181 182 183 184 185 187 187 188 189 190 191 192 193 194 195 196 196 197 198 199 200 200 201 202 202 203 203 204 205 206 206 207 208 209 209 210 210 211 212 212 213 213 214 214 215 215 216 216 217 217 217 216 217 218 218 218 218 219 220 219 220 220 220 220 220 221 220 220 220 220
239 238 238 238 238 238 238 238 238 238 237 237 174 174 175 175 175 174 174 174 175 176 178 178 179 180 181 183 184 184 185 186 187 189 189 190 191 192 193 192 193 194 196 197 197 198 199 200 201 201 202 203 204 203 204 205 206 207 207 208 209 209 209 210 211 212 211 212 213 214 213 213 214 214 214 215 215 216 215 216 217 217 217 217 218 218 218 218 217 218 217 218 218 218
238 238 238 238 238 238 238 238 237 237 237 237 237 247 174 173 173 173 173 173 173 173 174 175 176 178 179 179 180 181 183 184 185 185 186 187 188 190 190 191 192 193 194 194 195 196 197 198 198 199 200 201 201 202 203 204 204 204 205 206 207 207 207 208 209 209 210 209 210 210 210 211 212 212 212 213 213 214 214 214 215 215 215 215 216 215 215 215 215 216 215 216 216 215
238 238 238 238 238 237 237 237 237 237 237 237 237 236 246 246 173 173 173 173 172 172 172 174 175 176 176 177 179 180 181 181 182 183 185 186 187 187 188 189 190 191 191 192 193 194 195 195 196 197 198 198 199 200 201 202 202 203 203 204 204 205 205 205 205 206 207 207 208 208 209 209 210 210 210 211 211 211 212 212 213 212 212 212 213 212 213 213 214 213 213 214 214 213
238 238 238 237 237 237 237 237 237 237 237 236 236 236 236 246 246 246 172 172 172 172 172 172 172 174 175 176 177 178 178 180 181 182 183 183 184 185 186 187 188 188 190 191 192 192 193 194 195 195 195 196 197 198 199 199 200 200 201 200 201 202 203 204 203 204 205 206 205 206 207 207 207 208 208 209 209 209 210 209 209 209 210 210 210 210 211 211 211 211 211 212 211 210
236 236 237 237 237 237 237 237 237 236 236 236 236 236 236 236 245 245 245 245 172 172 172 171 171 172 173 174 175 176 177 178 179 180 180 181 182 184 185 185 186 187 188 189 189 190 191 192 193 193 194 194 195 195 195 196 197 198 198 199 199 200 201 201 202 202 203 203 204 204 205 205 205 206 206 205 206 206 207 206 207 207 208 208 208 208 209 208 209 209 209 208 208 208
236 236 236 236 236 236 235 235 235 235 235 236 236 236 235 235 235 245 245 245 245 244 171 171 171 171 172 172 173 174 175 176 177 178 179 180 181 182 182 183 184 185 185 185 186 187 188 189 189 190 191 192 193 193 194 194 195 195 196 197 198 198 198 199 200 201 200 201 202 202 202 203 202 203 204 203 204 204 205 205 205 206 206 206 206 206 207 206 206 206 207 206 206 207
236 236 236 236 235 235 235 235 235 235 235 235 234 234 234 234 234 234 234 243 243 243 243 243 170 170 169 169 170 171 173 173 174 175 176 177 178 178 179 180 181 182 182 183 184 185 186 186 187 188 189 190 190 191 192 193 193 193 194 195 196 196 196 197 198 198 198 198 199 200 199 200 200 201 201 201 202 203 202 203 203 204 203 204 204 204 203 203 204 204 204 204 204 205
236 235 235 235 235 235 235 235 235 235 234 234 234 234 234 234 234 233 233 233 243 243 243 243 242 169 169 169 169 170 170 171 172 173 174 175 176 177 178 179 180 180 181 182 183 184 184 185 186 187 187 187 188 189 190 190 191 192 192 193 193 194 195 194 194 195 196 196 197 197 197 198 199 198 199 199 200 200 200 201 201 201 200 201 201 201 201 201 202 201 202 202 202 202
235 235 235 235 235 235 235 235 234 234 234 234 234 234 234 234 233 233 233 233 233 243 242 242 242 242 242 169 168 168 168 169 171 172 172 173 174 175 176 177 177 178 179 180 181 181 182 183 184 185 185 186 187 187 187 188 189 190 190 189 190 191 192 192 192 193 194 194 194 195 195 196 196 196 197 198 197 198 198 198 197 198 198 199 199 199 199 200 200 199 200 200 200 199
234 234 235 235 235 234 234 234 234 234 234 234 234 233 233 233 233 233 233 233 233 232 242 242 242 242 242 241 241 168 168 168 169 169 170 171 172 173 173 174 175 176 177 177 178 179 180 181 181 182 183 183 184 184 184 185 186 187 187 188 188 189 189 190 190 191 192 192 192 193 194 193 194 195 195 195 194 195 195 196 195 196 196 197 196 197 197 198 197 197 197 197 196 197
234 234 233 233 233 233 233 233 233 233 233 233 233 233 233 233 233 233 233 232 232 232 232 232 242 241 241 241 241 241 168 167 167 167 168 169 171 171 172 173 174 175 174 175 176 177 178 177 178 179 180 181 181 182 183 184 184 184 185 186 187 187 187 188 189 189 189 190 190 191 191 190 191 192 192 192 192 193 193 193 194 194 194 194 194 195 195 194 194 194 195 194 194 195
233 233 233 233 233 233 233 233 233 232 232 232 232 232 232 232 232 231 231 231 231 231 231 231 230 240 240 240 240 240 239 239 166 166 166 167 167 168 169 170 171 171 172 173 174 175 175 176 177 178 178 178 179 180 181 182 182 182 183 184 185 185 185 186 187 187 187 187 188 187 188 189 189 190 189 190 190 191 191 191 192 192 192 192 191 192 191 192 192 193 192 192 193 193
233 233 233 233 233 233 232 232 232 232 232 232 232 232 232 231 231 231 231 231 231 231 230 230 230 230 230 240 239 239 239 239 239 166 165 165 165 166 167 168 168 169 170 171 172 172 173 174 175 176 176 177 177 178 179 179 180 181 181 182 182 183 182 183 183 184 184 185 186 185 186 187 187 187 187 188 189 188 189 189 190 188 189 189 190 190 189 190 190 191 190 190 191 191
233 233 233 232 232 232 232 232 232 232 232 232 231 231 231 231 231 231 231 231 230 230 230 230 230 230 230 229 239 239 239 239 239 238 165 165 165 165 165 166 167 168 169 169 169 170 171 172 173 173 174 175 176 177 176 177 177 178 178 178 179 180 181 180 181 182 183 183 183 184 184 185 184 185 186 186 186 186 186 186 187 186 187 187 188 187 187 188 188 188 188 188 188 187
231 231 231 231 232 232 232 232 232 232 231 231 231 231 231 231 231 231 230 230 230 230 230 230 230 229 229 229 229 229 239 238 238 238 238 238 165 164 164 164 165 166 166 167 168 169 170 170 170 170 171 172 173 173 174 174 175 175 176 177 177 178 178 179 179 180 181 180 181 182 182 182 183 183 183 182 183 183 184 184 184 184 185 185 185 185 186 186 185 185 185 185 185 185
231 231 231 231 231 231 231 231 230 230 230 230 230 230 231 231 230 230 230 230 230 230 230 229 229 229 229 229 229 229 228 238 238 238 238 237 237 164 164 163 163 162 163 164 165 166 166 167 168 169 169 169 170 171 172 173 172 173 174 175 176 175 176 177 177 178 178 178 179 180 178 179 180 180 181 180 181 181 182 181 182 182 183 182 183 183 183 182 182 183 183 182 183 183
231 231 231 231 231 230 230 230 230 230 230 230 230 230 229 229 229 229 229 229 229 228 228 228 228 228 228 228 227 227 227 227 227 237 236 236 236 236 163 163 162 162 162 162 163 163 164 165 166 167 167 167 168 169 170 170 171 171 172 173 173 173 174 175 176 174 175 176 176 176 177 177 178 178 178 178 179 180 179 180 180 181 180 179 180 180 181 180 180 181 181 180 181 181
231 231 230 230 230 230 230 230 230 230 230 229 229 229 229 229 229 229 229 228 228 228 228 228 228 228 227 227 227 227 227 227 226 226 236 236 236 236 235 235 162 162 162 162 161 161 162 163 164 164 165 166 167 167 167 168 169 170 170 170 170 171 171 172 172 172 173 174 173 174 175 175 176 175 176 177 177 177 177 177 177 177 177 178 178 178 178 178 179 179 178 179 179 178
230 230 230 230 230 230 230 230 230 229 229 229 229 229 229 229 229 228 228 228 228 228 228 228 227 227 227 227 227 227 227 226 226 226 226 226 236 235 235 235 235 162 161 161 161 161 161 161 161 162 163 164 165 164 164 165 166 167 167 167 168 169 169 169 170 171 171 171 172 172 173 173 173 174 174 175 173 174 174 175 175 175 175 176 176 175 176 176 177 176 175 176 176 175
229 229 229 229 229 229 228 228 229 229 229 229 229 229 229 228 228 228 228 228 228 228 227 227 227 227 227 227 227 226 226 226 226 226 226 225 225 225 235 235 235 234 161 161 161 160 160 159 159 159 160 161 161 162 163 163 164 164 165 165 166 167 167 167 168 169 168 169 170 170 171 171 170 171 171 171 171 172 172 173 172 173 173 174 173 173 174 173 173 173 173 174 173 173
229 229 229 228 228 228 228 228 228 228 228 228 228 227 227 227 227 227 227 227 226 226 226 226 226 226 226 225 225 225 225 225 225 225 224 224 224 224 224 234 233 233 233 160 160 159 159 159 159 159 158 158 159 160 161 162 161 162 163 164 163 164 165 166 166 166 167 166 167 167 167 168 168 169 168 169 169 170 170 170 170 171 171 171 170 171 171 170 171 171 171 172 171 171
228 228 228 228 228 228 228 228 228 228 227 227 227 227 227 227 227 227 226 226 226 226 226 226 226 226 225 225 225 225 225 225 224 224 224 224 224 224 223 223 223 233 233 233 159 159 159 159 159 158 158 158 158 158 158 159 160 160 161 161 162 162 162 163 162 163 164 164 165 165 165 166 166 166 166 167 168 168 168 168 167 168 167 168 168 169 169 168 169 169 169 169 169 169
