testData/tiles/oneDegree/grid45.0-13.0-46.0-14.0.asc
ncols   200
nrows   200
xllcorner   45.0
yllcorner   13.0
cellsize   0.005
NODATA_value   -9999.0
[rows 0 to 41 of 200, columns 0 to 93 of 200]
610 610 609 609 607 607 607 606 605 605 604 604 603 602 602 602 527 527 526 526 525 524 524 523 522 522 522 520 520 519 518 518 517 516 516 515 514 513 513 512 512 512 511 511 511 510 510 509 509 509 509 557 557 557 557 557 557 557 557 557 557 557 557 557 557 557 557 557 557 557 557 557 557 557 557 557 557 557 557 557 557 557 557 557 526 526 526 526 526 526 526 526 478 478
610 610 609 608 608 607 607 606 605 605 605 603 603 602 602 528 527 527 527 525 525 525 523 523 522 522 521 520 520 519 518 518 516 516 516 514 514 514 512 512 512 511 511 511 510 510 509 509 509 509 509 509 557 557 557 557 557 557 557 557 557 557 557 557 557 557 557 557 557 557 557 557 557 557 557 557 557 557 557 557 557 557 557 557 526 526 526 526 526 526 645 597 597 597
610 610 609 608 608 607 606 606 605 605 604 603 603 603 528 528 527 527 526 525 525 524 523 523 523 521 521 520 519 519 518 517 517 516 515 514 514 513 512 512 511 511 511 510 510 509 509 509 509 509 509 509 557 557 557 557 557 557 557 557 557 557 557 557 557 557 557 557 557 557 557 557 557 557 557 557 557 557 557 557 557 557 557 526 526 526 645 645 645 645 645 597 597 597
610 609 609 608 608 607 606 606 606 604 604 603 603 529 528 528 528 526 526 526 524 524 523 523 522 521 521 520 519 519 517 517 517 515 515 515 513 513 512 511 511 511 510 510 509 509 509 509 509 509 509 509 557 557 557 557 557 557 557 557 557 557 557 557 557 557 557 557 557 557 557 557 557 557 557 557 557 557 557 557 557 676 645 645 645 645 645 645 645 645 645 597 597 597
610 609 609 608 607 607 606 606 605 604 604 604 529 529 528 528 527 526 526 525 524 524 524 522 522 521 520 520 519 518 518 517 516 515 515 514 513 513 512 511 511 510 510 509 509 509 509 509 509 509 509 509 557 557 557 557 557 557 557 557 557 557 557 557 557 557 557 557 557 557 557 557 557 557 557 557 557 676 676 676 676 645 645 645 645 645 645 645 645 645 645 597 597 597
610 609 609 608 607 607 607 605 605 604 604 530 529 529 529 527 527 527 525 525 524 524 523 522 522 521 520 520 518 518 518 516 516 516 514 514 513 512 512 511 510 510 510 509 509 509 509 509 509 509 509 509 557 557 557 557 557 557 557 557 557 557 557 557 557 557 557 557 557 557 557 557 557 676 676 676 676 676 676 676 645 645 645 645 645 645 645 645 645 645 645 597 597 597
610 609 608 608 607 607 606 605 605 605 530 530 529 528 528 527 527 526 525 525 525 523 523 522 521 521 520 519 518 518 517 516 516 515 514 514 512 512 512 510 510 510 509 509 509 509 509 509 509 509 509 509 509 557 557 557 557 557 557 557 557 557 557 557 557 557 557 557 557 676 676 676 676 676 676 676 676 676 676 645 645 645 645 645 645 645 645 645 645 645 597 597 597 597
609 609 608 608 607 606 606 605 604 531 530 530 529 528 528 527 526 526 525 525 524 523 523 521 521 521 519 519 519 517 517 516 515 515 514 513 513 512 511 510 510 509 509 509 509 509 509 509 509 509 509 509 509 557 557 557 557 557 557 557 557 557 557 557 557 557 676 676 676 676 676 676 676 676 676 676 676 676 676 645 645 645 645 645 645 645 645 645 645 645 597 597 597 433
609 609 608 607 607 606 606 605 531 531 530 529 529 528 528 527 526 526 524 524 524 523 522 522 521 520 519 519 518 517 517 516 515 515 513 513 513 511 511 510 509 509 509 509 509 509 509 509 509 509 509 509 509 557 557 557 557 557 557 557 557 557 676 676 676 676 676 676 676 676 676 676 676 676 676 676 676 676 645 645 645 645 645 645 645 645 645 645 645 645 597 597 597 433
609 609 608 607 607 606 605 532 531 531 530 529 529 528 527 527 526 525 525 524 524 522 522 522 520 520 520 518 518 517 516 516 515 514 513 513 512 511 511 510 509 509 509 509 509 509 509 509 509 509 509 509 509 557 557 557 557 557 557 676 676 676 676 676 676 676 676 676 676 676 676 676 676 676 676 676 676 645 645 645 645 645 645 645 645 645 645 645 645 645 597 597 433 433
609 608 608 607 607 606 532 532 531 530 530 529 529 528 527 527 525 525 525 524 523 523 522 521 520 520 519 518 518 516 516 516 514 514 514 512 512 511 510 510 509 509 509 509 509 509 509 509 509 509 509 509 509 557 557 676 676 676 676 676 676 676 676 676 676 676 676 676 676 676 676 676 676 676 676 676 645 645 645 645 645 645 645 645 645 645 645 645 645 645 597 433 433 433
609 608 608 607 606 533 532 532 531 530 530 529 528 528 527 526 526 525 525 523 523 523 521 521 520 519 519 518 517 517 516 515 514 514 513 512 512 510 510 510 509 509 509 509 509 509 509 509 509 509 509 509 628 676 676 676 676 676 676 676 676 676 676 676 676 676 676 676 676 676 676 676 676 676 676 645 645 645 645 645 645 645 645 645 645 645 645 645 645 645 597 433 433 433
609 608 608 607 533 533 532 531 531 530 529 528 528 528 526 526 526 525 524 523 523 522 521 521 520 519 519 517 517 517 515 515 514 513 513 512 511 511 510 510 509 509 509 509 509 509 509 509 509 628 628 628 628 628 676 676 676 676 676 676 676 676 676 676 676 676 676 676 676 676 676 676 676 676 645 645 645 645 645 645 645 645 645 645 645 645 645 645 645 597 433 433 433 433
609 607 534 534 533 532 531 531 531 529 529 529 528 527 526 526 525 524 524 524 522 522 521 520 520 519 518 517 517 516 515 515 514 513 513 511 511 511 510 510 509 509 509 509 509 509 628 628 628 628 628 628 628 628 676 676 676 676 676 676 676 676 676 676 676 676 676 676 676 676 676 676 676 645 645 645 645 645 645 645 645 645 645 645 645 645 645 645 645 433 433 433 433 433
608 534 534 534 532 532 532 531 530 529 529 529 527 527 527 525 525 524 524 523 522 522 520 520 520 518 518 518 516 516 515 514 514 513 512 511 511 511 510 510 510 509 509 628 628 628 628 628 628 628 628 628 628 628 676 676 676 676 676 676 676 676 676 676 676 676 676 676 676 676 676 676 676 645 645 645 645 645 645 645 645 645 645 645 645 645 645 645 645 433 433 433 433 433
535 535 534 533 532 532 532 530 530 529 529 528 527 527 526 525 525 524 523 523 522 521 521 520 519 518 518 517 516 516 514 514 513 512 512 511 511 511 510 510 629 628 628 628 628 628 628 628 628 628 628 628 628 628 676 676 676 676 676 676 676 676 676 676 676 676 676 676 676 676 676 676 645 645 645 645 645 645 645 645 645 645 645 645 645 645 645 645 481 433 433 433 433 433
535 535 533 533 532 532 531 530 530 529 528 528 527 526 526 525 524 523 523 523 521 521 521 519 519 518 517 517 516 515 514 513 513 512 512 512 511 630 629 629 629 628 628 628 628 628 628 628 628 628 628 628 628 628 676 676 676 676 676 676 676 676 676 676 676 676 676 676 676 676 676 645 645 645 645 645 645 645 645 645 645 645 645 645 645 645 645 645 481 433 433 433 433 433
535 534 533 533 532 531 531 530 529 529 528 528 526 526 526 524 524 524 523 522 521 521 520 519 519 517 517 517 515 515 514 513 513 512 631 631 630 630 629 629 629 628 628 628 628 628 628 628 628 628 628 628 628 628 628 676 676 676 676 676 676 676 676 676 676 676 676 676 676 676 645 645 645 645 645 645 645 645 645 645 645 645 645 645 645 645 645 481 433 433 433 433 433 433
534 534 533 532 532 531 531 529 529 529 528 527 527 526 525 524 524 523 522 522 521 520 520 519 518 517 516 516 515 514 514 632 632 631 631 631 630 630 629 629 629 628 628 628 628 628 628 628 628 628 628 628 628 628 628 676 676 676 676 676 676 676 676 676 676 676 676 676 676 645 645 645 645 645 645 645 645 645 645 645 645 645 645 645 645 645 481 481 433 433 433 433 433 433
534 534 532 532 532 531 530 530 529 528 527 527 527 525 525 524 523 523 522 521 520 520 519 518 518 517 516 516 514 633 633 632 632 631 631 631 630 630 629 629 629 628 628 628 628 628 628 628 628 628 628 628 628 628 628 676 676 676 676 676 676 676 676 676 676 676 676 676 645 645 645 645 645 645 645 645 645 645 645 645 645 645 645 645 645 645 481 481 433 433 433 433 433 433
534 533 532 532 532 530 530 530 528 528 527 527 526 525 525 523 523 523 521 521 521 519 519 518 517 517 635 634 633 633 633 632 632 631 631 631 630 630 630 629 629 628 628 628 628 628 628 628 628 628 628 628 628 628 628 676 676 676 676 676 676 676 676 676 676 676 676 645 645 645 645 645 645 645 645 645 645 645 645 645 645 645 645 645 645 481 481 481 433 433 433 433 433 433
533 533 533 531 531 530 530 529 528 528 527 526 526 525 524 523 523 522 521 521 520 519 519 517 636 636 634 634 633 633 633 632 632 631 631 631 630 630 630 629 629 628 628 628 628 628 628 628 628 628 628 628 628 628 628 676 676 676 676 676 676 676 676 676 676 676 645 645 645 645 645 645 645 645 645 645 645 645 645 645 645 645 645 645 481 481 481 481 433 433 433 433 433 433
533 533 532 531 531 530 529 529 528 527 526 526 526 524 524 524 522 522 521 520 520 638 637 636 636 635 634 634 633 633 633 632 632 632 631 631 630 630 630 629 629 628 628 628 628 628 628 628 628 628 628 628 628 628 628 628 676 676 676 676 676 676 676 676 676 645 645 645 645 645 645 645 645 645 645 645 645 645 645 645 645 645 645 645 481 481 481 433 433 433 433 433 433 433
533 532 532 531 531 529 529 529 527 527 526 525 525 524 524 523 522 522 520 639 639 637 637 636 635 635 634 634 633 633 633 632 632 632 631 631 630 630 630 629 629 628 628 628 628 628 628 628 628 628 628 628 628 628 628 628 676 676 676 676 676 676 676 676 645 645 645 645 645 645 645 645 645 645 645 645 645 645 645 645 645 645 645 481 481 481 481 433 433 433 433 433 433 433
532 532 532 530 530 529 529 528 527 527 525 525 525 524 523 523 641 640 639 639 638 637 637 635 635 635 634 634 633 633 633 632 632 632 631 631 630 630 630 629 629 628 628 628 628 628 628 628 628 628 628 628 628 628 628 628 676 676 676 676 676 676 676 645 645 645 645 645 645 645 645 645 645 645 645 645 645 645 645 645 645 645 481 481 481 481 481 433 433 433 433 433 433 433
532 532 531 530 530 529 528 528 527 526 526 525 524 523 642 642 640 640 639 638 638 636 636 635 635 635 634 634 633 633 633 632 632 632 631 631 630 630 630 629 629 628 628 628 628 628 628 628 628 628 628 628 628 628 628 628 676 676 676 676 676 676 645 645 645 645 645 645 645 645 645 645 645 645 645 645 645 645 645 645 645 645 481 481 481 481 481 433 433 433 433 433 433 433
532 531 531 530 529 528 528 528 526 526 526 643 643 642 641 641 640 639 638 638 637 636 636 635 635 635 634 634 633 633 633 632 632 632 631 631 630 630 630 629 629 628 628 628 628 628 628 628 628 628 628 628 628 628 628 628 628 676 676 676 676 645 645 645 645 645 645 645 645 645 645 645 645 645 645 645 645 645 645 645 645 481 481 481 481 481 433 433 433 433 433 433 433 433
531 531 531 529 529 528 528 527 526 645 644 643 643 641 641 641 639 639 638 637 637 636 636 635 635 635 634 634 633 633 633 632 632 632 631 631 630 630 630 629 629 628 628 628 628 628 628 628 628 628 628 628 628 628 628 628 628 676 676 676 645 645 645 645 645 645 645 645 645 645 645 645 645 645 645 645 645 645 645 645 481 481 481 481 481 481 433 433 433 433 433 433 433 433
531 531 530 529 529 527 527 646 645 644 643 643 642 641 641 640 639 639 637 637 637 636 636 635 635 635 634 634 633 633 633 632 632 632 631 631 630 630 630 629 629 628 628 628 628 628 628 628 628 628 628 628 628 628 628 628 628 676 676 676 645 645 645 645 645 645 645 645 645 645 645 645 645 645 645 645 645 645 645 645 481 481 481 481 481 481 433 433 433 433 433 433 433 433
530 530 530 529 528 646 646 645 644 644 643 642 642 641 640 640 639 638 637 637 637 636 636 635 635 635 634 634 633 633 633 632 632 632 631 631 630 630 630 629 629 628 628 628 628 628 628 628 628 628 628 628 628 628 628 628 628 676 676 645 645 645 645 645 645 645 645 645 645 645 645 645 645 645 645 645 645 645 645 481 481 481 481 481 481 481 433 433 433 433 433 433 433 433
530 530 649 647 647 646 645 645 644 643 642 642 641 640 640 639 638 638 637 637 637 636 636 635 635 635 634 634 633 633 633 632 632 632 631 631 630 630 630 629 629 628 628 628 628 628 628 628 628 628 628 628 628 628 628 628 628 628 645 645 645 645 645 645 645 645 645 645 645 645 645 645 645 645 645 645 645 645 481 481 481 481 481 481 481 433 433 433 433 433 433 433 433 433
649 648 648 647 647 645 645 645 643 643 642 641 641 640 639 638 638 638 637 637 637 636 636 635 635 635 634 634 633 633 633 632 632 631 631 631 630 630 630 629 629 628 628 628 628 628 628 628 628 628 628 628 628 628 628 628 597 597 645 645 645 645 645 645 645 645 645 645 645 645 645 645 645 645 645 645 645 645 481 481 481 481 481 481 481 433 433 433 433 433 433 433 433 433
648 648 647 647 646 645 645 644 643 643 641 641 641 639 639 638 638 638 637 637 637 636 636 635 635 635 634 634 633 633 633 632 632 631 631 631 630 630 630 629 629 628 628 628 628 628 628 628 628 628 628 628 628 628 628 597 597 597 645 645 645 645 645 645 645 645 645 645 645 645 645 645 645 645 645 645 645 481 481 481 481 481 481 481 481 433 433 433 433 433 433 433 433 433
648 648 646 646 646 645 644 644 643 642 641 641 640 639 639 638 638 638 637 637 636 636 636 635 635 635 634 634 633 633 633 632 632 631 631 631 630 630 629 629 629 628 628 628 628 628 628 628 628 628 628 628 628 628 597 597 597 597 645 645 645 645 645 645 645 645 645 645 645 645 645 645 645 645 645 645 481 481 481 481 481 481 481 481 481 433 433 433 433 433 433 433 433 433
648 647 646 646 645 644 644 642 642 642 640 640 640 639 639 638 638 638 637 637 636 636 636 635 635 634 634 634 633 633 633 632 632 631 631 631 630 630 629 629 629 628 628 628 628 628 628 628 628 628 628 628 628 597 597 597 597 597 597 645 645 645 645 645 645 645 645 645 645 645 645 645 645 645 645 645 481 481 481 481 481 481 481 481 433 433 433 433 433 433 433 433 433 433
647 647 646 645 645 644 643 642 642 641 640 640 639 639 639 638 638 638 637 637 636 636 636 635 635 634 634 634 633 633 633 632 632 631 631 631 630 630 629 629 629 628 628 628 628 628 628 628 628 628 628 628 597 597 597 597 597 597 597 645 645 645 645 645 645 645 645 645 645 645 645 645 645 645 645 481 481 481 481 481 481 481 481 481 433 433 433 433 433 433 433 433 433 433
647 647 645 645 644 643 643 642 641 641 640 640 639 639 639 638 638 637 637 637 636 636 636 635 635 634 634 634 633 633 632 632 632 631 631 631 630 630 629 629 629 628 628 628 628 628 628 628 628 628 628 597 597 597 597 597 597 597 597 645 645 645 645 645 645 645 645 645 645 645 645 645 645 645 481 481 481 481 481 481 481 481 481 481 433 433 433 433 433 433 433 433 433 433
646 646 645 644 643 643 643 641 641 640 640 640 639 639 639 638 638 637 637 637 636 636 636 635 635 634 634 634 633 633 632 632 632 631 631 630 630 630 629 629 629 628 628 628 628 628 628 628 628 628 597 597 597 597 597 597 597 597 597 597 645 645 645 645 645 645 645 645 645 645 645 645 645 645 481 481 481 481 481 481 481 481 481 433 433 433 433 433 433 433 433 433 433 433
646 645 644 644 643 642 642 641 641 640 640 640 639 639 639 638 638 637 637 637 636 636 635 635 635 634 634 634 633 633 632 632 632 631 631 630 630 630 629 629 629 628 628 628 628 628 628 628 628 597 597 597 597 597 597 597 597 597 597 597 645 645 645 645 645 645 645 645 645 645 645 645 645 481 481 481 481 481 481 481 481 481 481 433 433 433 433 433 433 433 433 433 433 433
646 644 644 644 642 642 641 641 641 640 640 640 639 639 638 638 638 637 637 637 636 636 635 635 635 634 634 633 633 633 632 632 632 631 631 630 630 630 629 629 628 628 628 628 628 628 628 628 597 597 597 597 597 597 597 597 597 597 597 597 645 645 645 645 645 645 645 645 645 645 645 645 481 481 481 481 481 481 481 481 481 481 481 433 433 433 433 433 433 433 433 433 433 433
645 644 644 643 642 642 641 641 641 640 640 639 639 639 638 638 638 637 637 636 636 636 635 635 635 634 634 633 633 633 632 632 631 631 631 630 630 630 629 629 628 628 628 628 628 628 628 597 597 597 597 597 597 597 597 597 597 597 597 597 597 645 645 645 645 645 645 645 645 645 645 481 481 481 481 481 481 481 481 481 481 481 433 433 433 433 433 433 433 433 433 433 433 433
645 643 643 642 642 642 641 641 641 640 640 639 639 639 638 638 638 637 637 636 636 636 635 635 634 634 634 633 633 633 632 632 631 631 631 630 630 629 629 629 628 628 628 628 628 628 597 597 597 597 597 597 597 597 597 597 597 597 597 597 597 645 645 645 645 645 645 645 645 645 645 481 481 481 481 481 481 481 481 481 481 481 433 433 433 433 433 433 433 433 433 433 433 433
