testData/tiles/oneDegree/grid49.0-0.0-50.0-1.0.asc
ncols   200
nrows   200
xllcorner   49.0
yllcorner   0.0
cellsize   0.005
NODATA_value   -9999.0
[rows 0 to 54 of 200, columns 0 to 95 of 200]
378 373 368 364 365 365 365 365 365 365 366 366 315 315 315 315 316 316 316 316 316 316 316 317 317 317 317 317 317 317 318 318 318 318 318 318 318 318 320 320 320 320 320 320 320 320 320 320 321 321 321 321 321 321 321 321 321 321 321 321 321 321 322 322 322 322 322 322 322 322 322 322 322 322 322 322 322 322 322 322 322 322 323 323 323 323 323 323 323 323 323 323 323 323 159 159
381 377 372 366 364 364 365 365 365 365 365 365 366 314 314 315 315 315 315 316 316 316 316 316 316 316 317 317 317 317 317 317 317 317 318 318 318 318 318 318 318 318 319 320 320 320 320 320 320 320 320 320 320 320 321 321 321 321 321 321 321 321 321 321 321 321 321 321 321 321 321 322 322 322 322 322 322 322 322 322 322 322 322 322 322 322 322 322 322 322 322 322 322 158 158 158
386 380 375 370 364 364 364 364 364 365 365 365 365 313 313 314 314 314 315 315 315 315 316 316 316 316 316 316 316 317 317 317 317 317 317 317 317 318 318 318 318 318 318 318 318 318 318 320 320 320 320 320 320 320 320 320 320 320 320 320 321 321 321 321 321 321 321 321 321 321 321 321 321 321 321 321 321 321 321 321 321 321 321 321 321 321 321 321 321 321 321 321 157 157 157 157
390 384 378 373 367 363 364 364 364 364 364 365 365 365 313 313 313 313 314 314 314 315 315 315 315 316 316 316 316 316 316 316 316 317 317 317 317 317 317 317 317 317 318 318 318 318 318 318 318 318 318 319 319 320 320 320 320 320 320 320 320 320 320 320 320 320 320 320 320 321 321 321 321 321 321 321 321 321 321 321 321 321 321 321 321 321 321 321 321 321 321 321 157 157 157 157
391 387 382 376 370 364 363 363 364 364 364 364 364 364 313 313 313 313 313 313 313 314 314 314 315 315 315 315 316 316 316 316 316 316 316 316 317 317 317 317 317 317 317 317 317 317 318 318 318 318 318 318 318 318 318 318 318 319 319 320 320 320 320 320 320 320 320 320 320 320 320 320 320 320 320 320 320 320 320 320 320 320 320 320 320 320 320 320 320 320 320 156 156 156 156 156
395 389 383 377 372 367 363 363 363 363 363 364 364 364 312 312 312 313 313 313 313 313 313 313 314 314 314 314 315 315 315 315 316 316 316 316 316 316 316 316 317 317 317 317 317 317 317 317 317 317 317 318 318 318 318 318 318 318 318 318 318 318 318 319 319 319 319 320 320 320 320 320 320 320 320 320 320 320 320 320 320 320 320 320 320 320 320 320 320 320 156 156 156 156 156 156
398 393 386 380 374 368 363 363 363 363 363 363 363 364 364 312 312 312 312 312 313 313 313 313 313 313 313 314 314 314 314 314 315 315 315 316 316 316 316 316 316 316 316 316 316 317 317 317 317 317 317 317 317 317 317 317 317 318 318 318 318 318 318 318 318 318 318 318 318 318 319 319 319 319 319 319 319 319 319 319 319 319 319 320 320 320 320 320 320 156 156 156 155 155 155 155
401 395 388 382 377 371 364 361 361 362 363 363 363 363 363 311 312 312 312 312 312 312 312 313 313 313 313 313 313 313 313 314 314 314 314 314 315 315 315 316 316 316 316 316 316 316 316 316 316 316 317 317 317 317 317 317 317 317 317 317 317 317 317 317 317 318 318 318 318 318 318 318 318 318 318 318 318 318 319 319 319 319 319 319 319 319 319 319 155 155 155 155 155 155 155 155
404 397 391 385 378 372 366 361 361 361 361 361 363 363 363 311 311 311 311 312 312 312 312 312 312 312 313 313 313 313 313 313 313 313 314 314 314 314 314 314 315 315 315 315 316 316 316 316 316 316 316 316 316 316 316 316 317 317 317 317 317 317 317 317 317 317 317 317 317 317 317 317 317 317 317 317 317 317 318 318 318 318 318 318 318 318 318 154 154 155 155 155 155 155 155 155
405 399 393 387 381 374 368 361 360 361 361 361 361 361 361 362 311 311 311 311 311 311 312 312 312 312 312 312 312 312 313 313 313 313 313 313 313 313 314 314 314 314 314 314 315 315 315 315 315 316 316 316 316 316 316 316 316 316 316 316 316 316 316 317 317 317 317 317 317 317 317 317 317 317 317 317 317 317 317 317 317 317 317 317 317 317 317 153 153 153 153 153 153 153 153 153
408 401 395 388 382 376 370 363 360 360 360 361 361 361 361 361 309 309 310 311 311 311 311 311 311 312 312 312 312 312 312 312 312 313 313 313 313 313 313 313 313 313 313 314 314 314 314 314 314 315 315 315 315 315 316 316 316 316 316 316 316 316 316 316 316 316 316 316 316 316 316 316 316 316 317 317 317 317 317 317 317 317 317 317 317 317 153 153 153 153 153 153 153 153 153 153
409 402 397 390 383 377 370 363 360 360 360 360 360 360 361 361 309 309 309 309 309 310 311 311 311 311 311 311 311 312 312 312 312 312 312 312 312 313 313 313 313 313 313 313 313 313 313 314 314 314 314 314 314 314 315 315 315 315 315 315 315 316 316 316 316 316 316 316 316 316 316 316 316 316 316 316 316 316 316 316 316 316 316 316 316 152 152 152 152 152 152 152 152 152 152 152
410 404 397 391 385 378 372 365 359 359 360 360 360 360 360 360 308 309 309 309 309 309 309 309 310 310 311 311 311 311 311 311 312 312 312 312 312 312 312 312 312 313 313 313 313 313 313 313 313 313 313 313 313 314 314 314 314 314 314 314 315 315 315 315 315 315 315 315 315 315 315 316 316 316 316 316 316 316 316 316 316 316 316 316 152 152 152 152 152 152 152 152 152 152 152 152
410 404 398 391 385 378 372 366 359 359 359 359 359 360 360 360 308 308 308 308 309 309 309 309 309 309 309 309 310 311 311 311 311 311 311 311 312 312 312 312 312 312 312 312 312 312 313 313 313 313 313 313 313 313 313 313 313 313 313 313 314 314 314 314 314 314 314 315 315 315 315 315 315 315 315 315 315 315 315 315 315 315 315 151 151 151 151 151 151 151 151 151 151 151 151 151
411 405 398 392 385 378 372 366 359 358 359 359 359 359 359 359 308 308 308 308 308 308 308 309 309 309 309 309 309 309 309 310 310 311 311 311 311 311 311 311 312 312 312 312 312 312 312 312 312 312 312 312 313 313 313 313 313 313 313 313 313 313 313 313 313 313 313 313 313 314 314 314 314 314 315 315 315 315 315 315 315 315 151 151 151 151 151 151 151 151 151 151 151 151 151 151
412 405 399 392 385 378 372 365 359 357 358 358 359 359 359 359 307 307 307 308 308 308 308 308 308 308 308 309 309 309 309 309 309 309 309 310 310 311 311 311 311 311 311 311 311 312 312 312 312 312 312 312 312 312 312 312 312 312 313 313 313 313 313 313 313 313 313 313 313 313 313 313 313 313 313 313 313 313 313 313 313 149 149 149 149 150 150 150 150 150 150 150 150 150 150 150
412 405 398 392 385 379 372 365 358 357 357 357 357 358 358 359 307 307 307 307 307 307 308 308 308 308 308 308 308 308 309 309 309 309 309 309 309 309 309 310 310 310 311 311 311 311 311 311 311 311 312 312 312 312 312 312 312 312 312 312 312 312 312 312 312 312 312 313 313 313 313 313 313 313 313 313 313 313 313 313 313 149 149 149 149 149 149 149 149 149 149 149 149 149 149 149
412 405 398 391 385 379 372 365 358 356 356 357 357 357 357 357 305 306 307 307 307 307 307 307 307 307 308 308 308 308 308 308 308 308 309 309 309 309 309 309 309 309 309 309 310 310 310 311 311 311 311 311 311 311 311 311 311 312 312 312 312 312 312 312 312 312 312 312 312 312 312 312 312 312 312 312 312 312 312 312 148 148 148 148 149 149 149 149 149 149 149 148 148 148 148 148
411 404 398 391 384 378 371 364 358 356 356 356 356 356 357 357 305 305 305 305 306 307 307 307 307 307 307 307 307 308 308 308 308 308 308 308 308 308 309 309 309 309 309 309 309 309 309 309 309 310 310 310 311 311 311 311 311 311 311 311 311 311 311 311 311 312 312 312 312 312 312 312 312 312 312 312 312 312 312 148 148 148 148 148 148 148 148 148 148 148 148 148 148 148 148 148
410 403 397 390 384 377 370 363 357 355 356 356 356 356 356 356 304 305 305 305 305 305 305 305 306 307 307 307 307 307 307 307 307 308 308 308 308 308 308 308 308 308 308 309 309 309 309 309 309 309 309 309 309 309 309 310 310 311 311 311 311 311 311 311 311 311 311 311 311 311 311 311 311 311 311 311 311 311 148 148 148 148 148 148 148 148 148 148 148 148 148 148 148 148 148 148
407 402 396 389 382 375 369 363 356 355 355 355 355 356 356 356 304 304 304 304 305 305 305 305 305 305 305 306 307 307 307 307 307 307 307 307 307 308 308 308 308 308 308 308 308 308 308 308 309 309 309 309 309 309 309 309 309 309 309 309 309 309 309 310 311 311 311 311 311 311 311 311 311 311 311 311 311 147 147 147 147 147 147 147 147 147 147 147 147 147 147 147 147 147 147 147
406 399 393 387 380 374 368 361 354 355 355 355 355 355 355 355 304 304 304 304 304 304 304 304 305 305 305 305 305 305 305 306 307 307 307 307 307 307 307 307 307 307 308 308 308 308 308 308 308 308 308 308 308 308 309 309 309 309 309 309 309 309 309 309 309 309 309 309 309 309 309 310 310 310 311 311 147 147 147 147 147 147 147 147 147 147 147 147 147 147 147 147 147 147 147 147
405 398 391 385 378 371 366 359 354 354 354 354 355 355 355 355 303 303 303 304 304 304 304 304 304 304 304 305 305 305 305 305 305 305 305 306 307 307 307 307 307 307 307 307 307 307 307 308 308 308 308 308 308 308 308 308 308 308 308 308 308 309 309 309 309 309 309 309 309 309 309 309 309 309 309 145 145 145 145 145 145 146 146 146 146 146 146 146 146 146 146 146 146 146 146 146
402 395 390 383 376 370 363 356 352 353 353 354 354 354 354 355 303 303 303 303 303 303 303 304 304 304 304 304 304 304 304 305 305 305 305 305 305 305 305 305 307 307 307 307 307 307 307 307 307 307 307 307 308 308 308 308 308 308 308 308 308 308 308 308 308 308 308 308 308 308 308 309 309 309 145 145 145 145 145 145 145 145 145 145 145 145 145 145 145 145 145 145 145 145 145 146
400 393 387 380 374 368 362 355 352 352 352 353 353 353 354 354 302 302 303 303 303 303 303 303 303 303 304 304 304 304 304 304 304 304 304 305 305 305 305 305 305 305 305 305 306 307 307 307 307 307 307 307 307 307 307 307 307 307 307 308 308 308 308 308 308 308 308 308 308 308 308 308 308 144 144 144 144 144 144 144 144 144 144 144 144 144 144 144 144 144 144 144 144 144 144 144
396 391 385 378 372 365 359 352 352 352 352 352 352 352 353 353 301 301 302 302 302 302 303 303 303 303 303 303 303 303 304 304 304 304 304 304 304 304 304 305 305 305 305 305 305 305 305 305 305 306 306 307 307 307 307 307 307 307 307 307 307 307 307 307 307 307 307 307 307 308 308 308 144 144 144 144 144 144 144 144 144 144 144 144 144 144 144 144 144 144 144 144 144 144 144 144
394 387 381 375 369 363 356 351 351 351 352 352 352 352 352 300 300 301 301 301 301 302 302 302 302 303 303 303 303 303 303 303 303 303 304 304 304 304 304 304 304 304 304 304 305 305 305 305 305 305 305 305 305 305 305 306 306 306 307 307 307 307 307 307 307 307 307 307 307 307 307 143 143 143 143 143 143 143 143 143 143 143 143 143 143 143 143 143 143 143 143 143 143 143 143 143
391 385 378 372 366 360 353 351 351 351 351 351 351 352 352 300 300 300 300 300 300 301 301 301 301 302 302 302 302 303 303 303 303 303 303 303 303 303 304 304 304 304 304 304 304 304 304 304 304 304 305 305 305 305 305 305 305 305 305 305 305 306 306 306 306 306 307 307 307 307 143 143 143 143 143 143 143 143 143 143 143 143 143 143 143 143 143 143 143 143 143 143 143 143 143 143
386 380 373 369 363 357 351 350 350 350 351 351 351 351 351 299 300 300 300 300 300 300 300 300 301 301 301 301 301 302 302 302 302 303 303 303 303 303 303 303 303 303 303 304 304 304 304 304 304 304 304 304 304 304 304 304 305 305 305 305 305 305 305 305 305 305 305 305 306 142 142 142 142 142 142 142 142 142 142 142 142 142 142 142 142 143 143 143 143 143 142 142 142 142 142 142
382 376 370 364 358 352 350 350 350 350 350 350 351 351 299 299 299 299 299 299 300 300 300 300 300 300 300 300 301 301 301 301 301 302 302 302 302 303 303 303 303 303 303 303 303 303 303 303 304 304 304 304 304 304 304 304 304 304 304 304 304 304 304 304 305 305 305 305 141 141 141 141 141 141 141 141 141 142 142 142 142 142 142 142 142 142 142 142 142 142 142 142 142 142 142 142
377 372 367 361 355 349 348 348 348 350 350 350 350 350 298 298 299 299 299 299 299 299 299 300 300 300 300 300 300 300 300 300 301 301 301 301 301 302 302 302 302 302 303 303 303 303 303 303 303 303 303 303 303 303 304 304 304 304 304 304 304 304 304 304 304 304 304 304 140 140 140 140 140 140 140 140 140 140 141 141 141 141 141 141 141 141 141 141 141 142 142 142 142 142 142 142
374 368 362 357 351 348 348 348 348 348 348 348 350 350 298 298 298 298 298 299 299 299 299 299 299 299 299 300 300 300 300 300 300 300 300 300 301 301 301 301 301 301 302 302 302 302 302 303 303 303 303 303 303 303 303 303 303 303 303 303 303 303 304 304 304 304 304 140 140 140 140 140 140 140 140 140 140 140 140 140 140 140 140 140 140 140 140 140 140 140 140 140 140 140 140 140
369 364 359 353 347 347 347 347 348 348 348 348 348 296 296 297 298 298 298 298 298 298 299 299 299 299 299 299 299 299 299 300 300 300 300 300 300 300 300 300 301 301 301 301 301 301 301 302 302 302 302 302 302 303 303 303 303 303 303 303 303 303 303 303 303 303 139 139 139 139 139 139 139 139 140 140 140 140 140 140 140 140 140 140 140 140 140 140 140 140 140 140 140 140 140 140
364 359 354 348 347 347 347 347 347 347 347 348 348 296 296 296 296 296 297 298 298 298 298 298 298 298 299 299 299 299 299 299 299 299 299 300 300 300 300 300 300 300 300 300 300 300 301 301 301 301 301 301 302 302 302 302 302 302 302 302 303 303 303 303 139 139 139 139 139 139 139 139 139 139 139 139 139 139 139 139 139 139 139 139 139 139 139 139 139 139 139 139 139 139 139 139
360 355 350 346 346 346 346 347 347 347 347 347 295 295 296 296 296 296 296 296 296 297 297 298 298 298 298 298 298 298 299 299 299 299 299 299 299 299 299 300 300 300 300 300 300 300 300 300 300 300 300 300 301 301 301 301 301 301 302 302 302 302 302 138 138 138 138 138 138 138 138 139 139 139 139 139 139 139 139 139 139 139 139 139 139 139 139 139 139 139 139 139 139 139 139 139
354 349 345 346 346 346 346 346 346 346 347 347 295 295 295 295 295 296 296 296 296 296 296 296 296 297 297 298 298 298 298 298 298 298 299 299 299 299 299 299 299 299 299 299 300 300 300 300 300 300 300 300 300 300 300 300 300 300 300 301 301 301 137 137 137 138 138 138 138 138 138 138 138 138 138 138 138 138 138 138 138 138 138 138 138 138 138 138 138 138 138 138 138 138 138 138
349 344 344 344 345 345 346 346 346 346 346 294 294 295 295 295 295 295 295 295 296 296 296 296 296 296 296 296 296 297 297 298 298 298 298 298 298 298 299 299 299 299 299 299 299 299 299 299 299 299 300 300 300 300 300 300 300 300 300 300 300 136 136 136 136 136 136 136 137 137 137 137 137 138 138 138 138 138 138 138 138 138 138 138 138 138 138 138 138 138 138 138 138 138 138 138
343 343 344 344 344 344 344 345 345 346 294 294 294 294 294 294 295 295 295 295 295 295 295 295 296 296 296 296 296 296 296 296 296 297 297 298 298 298 298 298 298 298 298 299 299 299 299 299 299 299 299 299 299 299 299 299 299 300 300 300 136 136 136 136 136 136 136 136 136 136 136 136 136 136 136 136 136 136 136 136 136 136 136 136 137 137 137 137 137 137 137 137 137 137 137 137
343 343 343 343 343 344 344 344 344 344 293 293 294 294 294 294 294 294 294 295 295 295 295 295 295 295 295 296 296 296 296 296 296 296 296 296 296 297 297 297 298 298 298 298 298 298 298 298 298 299 299 299 299 299 299 299 299 299 299 135 135 135 135 135 135 135 136 136 136 136 136 136 136 136 136 136 136 136 136 136 136 136 136 136 136 136 136 136 136 136 136 136 136 136 136 136
342 343 343 343 343 343 343 343 344 292 292 292 292 293 293 294 294 294 294 294 294 294 294 295 295 295 295 295 295 295 295 295 296 296 296 296 296 296 296 296 296 296 297 297 298 298 298 298 298 298 298 298 298 298 298 299 299 299 135 135 135 135 135 135 135 135 135 135 135 135 135 135 135 135 135 135 135 135 135 135 135 135 135 135 135 135 135 135 135 135 135 135 135 135 135 135
342 342 342 342 343 343 343 343 291 291 291 292 292 292 292 292 292 293 294 294 294 294 294 294 294 294 295 295 295 295 295 295 295 295 295 295 296 296 296 296 296 296 296 296 296 296 296 297 297 297 298 298 298 298 298 298 298 134 134 134 134 134 134 134 135 135 135 135 135 135 135 135 135 135 135 135 135 135 135 135 135 135 135 135 135 135 135 135 135 135 135 135 135 135 135 135
342 342 342 342 342 342 342 291 291 291 291 291 291 291 292 292 292 292 292 292 292 293 294 294 294 294 294 294 294 294 295 295 295 295 295 295 295 295 295 295 295 296 296 296 296 296 296 296 296 296 296 296 296 296 297 297 134 134 134 134 134 134 134 134 134 134 134 134 134 134 134 134 134 134 134 134 134 134 135 135 135 135 135 135 135 135 135 135 135 135 135 135 135 135 135 135
341 341 341 342 342 342 290 290 290 290 291 291 291 291 291 291 291 292 292 292 292 292 292 292 293 294 294 294 294 294 294 294 294 294 294 295 295 295 295 295 295 295 295 295 295 295 296 296 296 296 296 296 296 296 296 132 132 132 132 132 132 132 134 134 134 134 134 134 134 134 134 134 134 134 134 134 134 134 134 134 134 134 134 134 134 134 134 134 134 134 134 134 134 134 134 134
340 341 341 341 341 289 290 290 290 290 290 290 290 291 291 291 291 291 291 291 291 292 292 292 292 292 292 292 293 294 294 294 294 294 294 294 294 294 294 295 295 295 295 295 295 295 295 295 295 295 295 295 296 296 132 132 132 132 132 132 132 132 132 132 132 132 132 132 132 132 133 133 133 133 134 134 134 134 134 134 134 134 134 134 134 134 134 134 134 134 134 134 134 134 134 134
339 339 340 340 288 289 289 289 289 290 290 290 290 290 290 290 291 291 291 291 291 291 291 291 292 292 292 292 292 292 292 292 292 293 294 294 294 294 294 294 294 294 294 294 294 295 295 295 295 295 295 295 295 131 131 131 131 131 131 131 132 132 132 132 132 132 132 132 132 132 132 132 132 132 132 132 132 132 132 132 133 133 133 133 133 133 133 133 133 133 133 133 133 133 133 133
339 339 339 287 287 288 288 288 289 289 289 289 290 290 290 290 290 290 290 290 291 291 291 291 291 291 291 291 292 292 292 292 292 292 292 292 292 293 294 294 294 294 294 294 294 294 294 294 294 294 294 295 131 131 131 131 131 131 131 131 131 131 131 131 131 131 131 131 131 131 131 132 132 132 132 132 132 132 132 132 132 132 132 132 132 132 132 132 132 132 132 132 132 132 132 133
338 339 287 287 287 287 287 287 288 288 288 289 289 289 289 290 290 290 290 290 290 290 290 291 291 291 291 291 291 291 291 291 291 292 292 292 292 292 292 292 292 292 293 294 294 294 294 294 294 294 130 130 130 130 130 130 130 130 131 131 131 131 131 131 131 131 131 131 131 131 131 131 131 131 131 131 131 131 131 131 131 131 131 131 131 131 131 131 131 131 131 131 131 131 131 131
286 286 286 286 287 287 287 287 287 287 287 288 288 288 288 289 289 289 289 290 290 290 290 290 290 290 290 291 291 291 291 291 291 291 291 291 291 292 292 292 292 292 292 292 292 292 292 293 293 130 130 130 130 130 130 130 130 130 130 130 130 130 130 130 130 130 130 130 131 131 131 131 131 131 131 131 131 131 131 131 131 131 131 131 131 131 131 131 131 131 131 131 131 131 131 131
286 286 286 286 286 286 286 287 287 287 287 287 287 287 288 288 288 288 289 289 289 289 290 290 290 290 290 290 290 290 290 291 291 291 291 291 291 291 291 291 291 291 292 292 292 292 292 292 128 128 128 128 128 129 129 129 130 130 130 130 130 130 130 130 130 130 130 130 130 130 130 130 130 130 130 130 130 130 130 130 130 130 130 130 130 130 130 130 130 130 130 130 130 130 130 130
285 285 285 286 286 286 286 286 286 286 287 287 287 287 287 287 287 287 288 288 288 288 289 289 289 289 290 290 290 290 290 290 290 290 290 290 291 291 291 291 291 291 291 291 291 291 291 127 128 128 128 128 128 128 128 128 128 128 128 129 129 129 129 129 129 129 130 130 130 130 130 130 130 130 130 130 130 130 130 130 130 130 130 130 130 130 130 130 130 130 130 130 130 130 130 130
285 285 285 285 285 285 286 286 286 286 286 286 286 287 287 287 287 287 287 287 287 288 288 288 288 288 289 289 289 289 290 290 290 290 290 290 290 290 290 290 290 291 291 291 291 291 127 127 127 127 127 127 127 127 127 128 128 128 128 128 128 128 128 128 128 128 128 129 129 129 129 129 129 129 129 129 129 129 129 129 129 129 129 129 129 129 129 129 129 129 129 129 129 129 129 129
284 284 285 285 285 285 285 285 285 286 286 286 286 286 286 286 286 287 287 287 287 287 287 287 287 288 288 288 288 288 289 289 289 289 289 290 290 290 290 290 290 290 290 290 290 126 126 127 127 127 127 127 127 127 127 127 127 127 127 127 127 127 127 128 128 128 128 128 128 128 128 128 128 128 128 128 129 129 129 129 129 129 129 129 129 129 129 129 129 129 129 129 129 129 129 129
284 284 284 284 284 285 285 285 285 285 285 285 286 286 286 286 286 286 286 286 287 287 287 287 287 287 287 287 287 288 288 288 288 288 288 289 289 289 289 289 290 290 290 126 126 126 126 126 126 126 126 126 126 127 127 127 127 127 127 127 127 127 127 127 127 127 127 127 127 127 127 127 127 127 127 127 127 127 128 128 128 128 128 128 128 128 128 128 129 129 129 129 129 129 129 129
283 284 284 284 284 284 284 284 285 285 285 285 285 285 285 285 286 286 286 286 286 286 286 286 287 287 287 287 287 287 287 287 287 287 288 288 288 288 288 288 289 289 125 125 125 126 126 126 126 126 126 126 126 126 126 126 126 126 126 126 126 127 127 127 127 127 127 127 127 127 127 127 127 127 127 127 127 127 127 127 127 127 127 127 127 127 127 127 127 127 127 127 127 127 127 127
283 283 283 283 284 284 284 284 284 284 284 285 285 285 285 285 285 285 285 286 286 286 286 286 286 286 286 286 287 287 287 287 287 287 287 287 287 287 287 288 288 124 124 124 124 125 125 125 125 125 125 125 126 126 126 126 126 126 126 126 126 126 126 126 126 126 126 126 126 126 126 126 126 126 127 127 127 127 127 127 127 127 127 127 127 127 127 127 127 127 127 127 127 127 127 127
