testData/tiles/oneDegree/grid42.0-38.0-43.0-39.0.asc
ncols   200
nrows   200
xllcorner   42.0
yllcorner   38.0
cellsize   0.005
NODATA_value   -9999.0
[rows 42 to 83 of 200, columns 0 to 93 of 200]
528 529 530 530 530 530 531 531 532 533 533 533 533 534 534 535 536 536 537 536 537 537 538 539 539 539 539 540 540 541 541 542 542 542 543 543 544 544 544 544 545 546 546 547 546 547 547 548 549 548 549 549 550 550 550 550 551 551 552 553 552 553 553 554 553 554 554 555 556 555 556 556 557 557 557 557 558 558 558 559 559 560 559 560 560 561 561 561 561 562 562 562 562 563
527 528 528 529 530 530 531 531 531 531 532 533 533 534 534 535 535 536 537 537 538 538 538 538 539 539 540 541 541 541 541 542 542 543 543 542 543 543 544 544 545 544 545 546 546 547 547 547 547 548 548 549 549 549 550 550 551 550 551 551 552 552 552 553 553 554 554 554 554 555 555 556 555 556 557 557 557 557 558 558 558 558 559 559 560 559 560 561 561 561 561 562 562 562
527 528 528 529 528 529 530 531 532 532 533 533 534 535 535 536 536 537 538 538 538 539 540 540 541 541 541 541 542 543 543 543 542 543 543 544 544 544 544 544 545 545 545 545 545 545 546 547 547 548 547 548 548 549 549 549 550 550 551 551 551 551 552 552 553 552 553 554 554 554 554 555 555 556 555 556 556 557 556 557 558 558 559 558 559 559 560 559 560 560 561 560 561 561
527 527 528 529 529 531 531 532 533 533 534 534 535 535 537 537 537 538 538 539 539 540 540 540 541 541 542 542 543 543 543 543 544 545 545 545 544 545 545 546 545 545 546 546 546 546 547 545 546 546 547 548 547 548 548 549 549 550 549 550 550 551 551 551 552 552 553 552 553 553 554 554 554 555 555 556 555 556 556 557 557 557 557 558 558 558 559 559 560 559 560 560 561 560
527 528 529 530 531 531 531 533 533 534 534 536 537 536 537 537 538 538 540 541 540 541 541 542 542 543 543 543 544 544 545 544 545 544 545 545 546 547 546 546 546 547 546 547 546 546 547 547 547 547 547 546 547 547 548 548 548 549 549 550 549 550 550 551 551 551 552 552 553 553 553 553 554 554 554 554 555 555 555 556 556 557 557 557 557 558 558 558 558 559 559 559 559 560
529 528 530 530 531 533 533 534 534 535 535 536 536 537 539 539 540 539 540 540 541 541 542 542 542 543 543 544 544 545 545 545 546 546 547 546 546 546 547 548 547 548 547 548 547 548 548 547 547 547 548 548 548 547 547 547 548 548 548 548 549 550 550 550 550 551 551 551 551 552 552 553 553 553 554 554 554 554 555 555 556 555 556 556 557 556 557 558 558 558 558 559 559 559
529 530 531 531 533 532 533 534 535 536 536 538 538 538 538 539 540 541 542 542 542 542 543 543 544 545 545 545 545 546 546 547 546 546 547 547 548 548 548 547 548 548 548 549 549 548 548 549 548 549 548 548 548 548 549 547 548 547 548 548 548 548 549 549 550 550 550 551 551 552 551 552 552 553 552 553 553 554 554 554 555 555 556 555 556 556 557 556 557 557 558 557 558 558
530 531 531 532 533 534 535 535 536 537 537 538 538 539 540 541 541 541 541 542 543 543 544 544 544 544 545 545 546 547 546 547 547 548 548 548 547 548 549 549 549 549 549 549 549 549 550 548 549 549 549 550 549 549 548 549 548 549 547 548 548 548 549 548 549 549 550 549 550 550 551 552 551 552 552 553 552 553 553 554 554 554 554 555 555 555 555 556 556 556 557 557 558 557
530 532 532 533 534 535 535 536 537 537 538 539 540 539 540 541 541 543 543 544 543 544 544 545 546 546 547 546 547 547 548 548 548 548 548 549 549 550 549 549 549 550 550 550 551 549 550 550 550 550 550 549 550 550 550 549 549 549 549 549 548 548 548 548 549 548 549 549 550 550 550 550 551 551 551 551 552 552 552 552 553 554 554 554 554 555 555 555 555 556 556 556 556 557
532 533 533 534 534 536 536 537 537 539 539 539 540 541 542 542 543 543 543 544 544 545 545 547 546 547 547 547 548 548 548 548 549 549 550 550 549 550 550 551 550 551 550 551 550 551 552 550 551 550 551 551 551 550 550 550 550 550 549 550 549 550 549 548 548 548 548 548 548 549 549 550 550 550 551 551 551 551 552 552 553 552 553 553 554 553 554 554 555 554 555 555 556 556
532 533 534 534 536 537 536 538 538 539 539 541 542 541 542 542 544 544 545 545 546 546 546 547 547 548 548 548 548 549 550 550 551 549 550 550 551 551 551 550 551 552 551 552 552 551 551 552 551 552 550 551 552 551 552 550 551 550 551 550 550 549 549 549 549 549 548 548 548 549 548 549 549 550 549 550 550 551 550 551 551 552 553 552 553 553 554 553 554 554 555 554 555 555
534 534 535 535 536 537 538 539 539 541 540 541 541 543 543 544 545 544 545 545 546 547 548 548 548 549 549 550 549 550 549 550 550 551 552 552 551 551 552 552 552 552 552 552 552 553 553 552 552 552 552 553 552 552 551 552 551 552 551 551 551 550 551 549 550 549 549 548 548 547 548 548 548 549 549 550 549 550 550 551 550 551 551 552 551 552 552 553 553 553 553 554 553 554
533 535 536 536 538 538 538 539 540 540 541 543 543 543 543 544 545 546 546 547 547 547 548 548 549 549 550 549 550 551 551 552 552 551 551 552 552 553 552 552 553 553 553 553 554 552 553 553 553 553 552 553 553 553 553 552 552 552 552 552 550 551 550 551 551 549 550 549 549 548 548 547 548 548 548 548 549 549 549 549 550 550 550 550 551 552 551 552 552 553 552 553 553 554
535 536 536 537 537 539 540 540 541 542 542 542 543 544 545 546 546 546 546 547 548 549 549 550 550 550 551 551 552 551 551 551 552 553 553 554 552 553 553 554 553 554 553 554 554 554 555 553 554 553 554 553 553 553 553 553 553 552 552 552 552 552 551 551 550 551 550 549 549 549 548 548 547 547 548 548 548 548 549 549 549 549 550 550 550 550 551 551 551 551 552 552 552 552
535 537 537 538 539 540 539 541 542 542 543 544 545 544 545 545 547 548 548 549 548 549 549 550 550 551 551 551 552 552 553 553 554 552 553 553 554 554 554 554 554 555 554 555 554 554 554 555 554 555 554 554 554 554 554 553 553 553 553 553 552 552 552 551 551 551 550 551 550 549 549 549 548 547 547 547 547 548 547 548 548 549 548 549 549 550 549 550 550 551 550 551 552 552
537 537 537 539 539 541 541 542 542 543 543 544 545 546 547 547 548 547 548 548 550 551 551 551 551 552 552 553 553 553 552 553 554 554 555 555 554 554 555 555 555 554 555 556 555 556 555 555 555 555 555 555 554 554 554 554 554 553 554 553 554 553 552 552 552 552 552 550 550 550 550 548 549 548 548 547 546 547 547 548 547 548 548 549 548 549 549 550 549 550 550 551 550 551
537 538 539 539 541 540 541 543 543 544 544 546 546 546 546 548 549 549 550 550 550 550 551 551 552 552 552 553 553 554 554 555 555 555 554 555 555 556 555 555 556 556 556 556 556 555 556 556 556 556 555 556 555 556 554 555 554 555 554 554 553 553 553 553 552 552 552 552 552 550 550 550 550 548 548 548 548 546 546 546 547 547 547 547 548 548 548 548 549 549 549 549 550 549
538 538 539 540 541 542 543 543 544 544 545 546 546 548 548 549 548 549 549 551 552 552 553 552 553 553 554 554 555 554 554 555 555 556 556 556 555 556 556 557 556 556 556 557 557 557 556 556 557 556 557 556 556 555 556 555 556 555 555 555 554 554 553 554 553 553 552 552 551 551 551 550 549 549 549 548 547 547 546 546 546 546 547 546 547 547 548 547 548 548 549 548 549 549
538 540 540 541 543 542 543 544 545 545 547 547 547 547 548 550 550 551 551 551 551 552 552 553 553 554 554 554 555 555 556 556 556 556 556 556 557 558 557 557 557 558 557 557 557 557 557 558 557 557 557 557 557 557 556 556 556 556 556 554 555 554 555 554 553 553 553 553 552 552 551 551 551 550 549 549 548 548 547 547 546 545 545 546 546 546 546 547 547 547 547 548 548 548
540 540 540 542 542 544 544 545 545 546 547 547 549 549 550 550 550 550 552 553 553 554 553 554 554 555 555 556 556 556 557 556 557 557 558 557 558 557 558 558 557 557 558 559 558 559 557 558 558 558 558 557 557 557 557 557 556 556 556 556 556 555 555 554 555 554 553 553 553 552 551 551 551 550 549 549 549 548 548 546 546 545 546 544 545 545 546 545 546 546 547 546 547 547
540 540 542 543 543 544 544 546 546 547 548 549 548 549 550 551 552 552 553 552 553 553 554 555 555 555 555 556 556 557 557 557 557 558 557 558 559 558 559 558 559 559 559 558 559 558 559 558 558 559 558 559 558 558 557 558 557 557 556 556 556 556 555 555 554 554 554 554 552 553 553 552 551 550 551 550 549 548 548 547 547 546 546 545 544 544 545 545 545 545 546 546 546 546
541 541 542 543 544 545 546 547 546 548 548 549 550 551 551 551 551 552 554 554 555 555 555 555 556 556 557 557 557 558 558 558 558 559 558 559 559 559 559 560 558 559 560 560 560 559 559 559 560 559 559 558 559 558 559 557 557 557 557 558 556 556 556 556 555 555 554 554 554 553 552 552 552 552 550 550 549 549 548 548 547 547 545 545 544 544 543 544 544 545 544 545 545 546
541 542 544 543 545 545 546 547 548 548 550 550 550 551 551 553 553 554 553 554 554 555 556 556 557 556 557 557 558 558 559 558 559 559 559 560 560 560 560 560 560 561 559 560 560 560 560 559 559 560 560 560 560 559 559 558 559 557 558 557 557 557 556 555 556 555 555 554 554 553 553 552 552 551 551 550 550 549 549 549 547 547 546 546 544 545 544 544 543 543 544 544 544 544
541 543 543 545 545 546 548 547 548 549 550 550 552 552 552 552 553 554 555 556 556 556 556 557 557 558 558 558 559 559 560 559 560 559 560 560 561 560 561 560 560 560 561 561 560 561 560 561 560 561 560 560 560 560 559 559 558 559 558 557 557 557 558 557 556 555 556 555 555 554 554 553 553 551 552 551 551 549 549 548 548 546 547 546 546 544 544 543 543 542 543 543 544 543
543 544 544 545 546 547 547 549 549 550 551 551 552 552 554 554 555 554 555 555 556 557 557 558 558 558 558 559 559 560 559 560 560 561 561 561 561 561 562 561 562 561 561 561 562 561 562 560 561 560 561 561 560 560 560 560 560 559 559 559 558 558 557 557 557 557 555 555 555 555 553 553 552 553 552 551 550 550 549 548 548 548 547 546 545 545 544 543 542 542 542 542 542 543
543 544 545 546 547 548 548 549 549 551 551 552 553 553 553 554 555 556 557 557 557 557 558 558 559 559 559 559 560 561 561 562 560 561 561 562 562 562 561 562 561 562 563 562 562 562 562 562 562 561 561 561 561 561 560 560 560 560 560 558 559 558 558 557 557 556 556 557 555 555 554 555 553 553 552 552 550 551 550 550 548 548 547 547 545 545 544 544 542 542 541 541 541 541
545 544 546 546 548 548 549 550 551 551 552 553 553 554 555 556 555 556 556 557 557 558 560 559 560 560 561 560 561 560 561 561 562 562 563 562 562 563 563 563 562 563 562 563 563 563 562 562 562 562 562 561 561 561 562 561 561 560 560 560 559 558 559 558 558 557 557 556 556 555 555 554 554 553 552 552 552 551 550 549 549 548 547 546 546 545 544 543 543 542 541 540 541 541
544 546 546 548 548 548 550 550 551 552 553 553 554 554 555 556 556 558 558 558 558 559 559 560 560 560 560 561 562 562 563 562 562 562 563 563 564 562 563 563 563 563 563 563 563 564 563 564 562 563 562 563 562 562 561 562 561 561 560 560 559 560 558 558 558 558 557 556 556 556 555 554 553 553 553 552 551 551 550 550 548 548 547 547 546 546 545 544 543 543 542 541 539 540
545 546 547 548 549 550 550 552 552 552 554 554 555 555 557 556 557 557 558 558 559 560 560 561 561 562 562 563 561 562 562 563 563 564 563 563 564 564 565 563 564 564 564 564 565 563 564 563 564 563 563 562 563 562 563 561 561 562 561 560 560 560 559 560 558 558 557 558 556 556 555 555 555 554 553 553 552 551 550 550 550 549 548 548 547 546 545 545 544 543 542 541 541 539
546 547 548 549 549 550 551 552 552 554 553 554 555 556 557 557 558 558 559 559 560 560 561 561 561 561 562 563 563 564 563 564 563 564 564 565 564 564 564 565 564 564 564 564 564 565 565 564 564 564 564 564 563 563 563 562 563 561 561 561 561 559 560 559 559 559 558 557 557 556 556 555 555 554 553 552 552 552 551 550 550 549 548 547 547 546 545 544 544 543 542 541 541 540
547 547 549 549 550 551 551 553 553 554 555 556 556 556 557 558 558 559 559 560 561 561 562 562 563 563 563 563 564 563 564 564 564 564 565 564 565 566 565 565 565 566 565 565 564 565 565 565 565 564 564 564 564 563 562 563 562 563 561 561 561 561 560 559 559 559 559 557 558 557 557 556 555 554 554 554 552 552 551 551 549 549 548 548 546 546 545 545 543 543 542 542 540 540
547 548 549 550 551 551 553 553 554 554 555 555 557 558 558 559 559 560 560 561 561 562 561 562 562 563 563 564 565 564 565 565 566 565 565 565 566 565 566 566 565 565 566 565 566 565 565 565 565 566 564 565 564 564 564 563 563 563 562 563 561 561 560 561 560 559 558 559 558 557 556 556 555 555 554 554 553 552 551 551 550 549 548 548 547 546 545 545 544 542 542 541 541 539
548 549 550 551 550 552 553 554 555 555 557 557 557 557 559 559 560 560 560 560 562 563 563 564 564 564 564 565 565 565 565 565 565 566 566 566 566 566 567 566 567 567 566 566 566 566 567 565 566 565 566 565 564 564 564 564 564 562 563 562 562 562 561 560 560 560 559 558 558 557 556 556 556 555 555 553 553 552 552 550 550 549 549 547 547 546 546 544 544 543 542 541 541 540
548 549 550 551 552 553 554 554 554 556 556 557 558 559 559 559 561 561 562 562 563 562 563 563 564 564 565 564 565 566 566 567 567 566 566 567 567 567 567 567 566 567 567 567 566 566 566 566 566 565 565 565 565 565 565 564 564 564 564 562 563 562 562 560 561 560 560 559 558 558 558 557 556 555 555 554 553 552 551 551 550 550 549 549 547 547 545 545 543 543 542 542 540 540
549 550 550 551 552 553 554 556 556 557 557 558 558 559 560 561 561 561 561 563 564 564 565 564 565 565 566 566 567 566 566 566 567 567 568 566 567 567 568 568 568 568 567 568 567 568 566 567 566 567 566 566 565 566 565 565 564 564 563 564 562 562 561 562 561 560 559 560 559 558 557 557 556 555 554 554 554 553 552 552 551 550 549 549 548 547 546 545 545 542 542 541 541 539
550 550 552 552 554 553 555 555 556 557 558 558 559 560 560 561 562 563 563 563 563 564 564 565 565 565 565 566 566 567 568 567 568 567 568 568 569 567 568 568 568 568 568 567 568 567 568 567 567 566 567 566 566 565 565 565 565 563 564 563 563 563 562 561 561 560 560 559 559 558 558 556 556 556 556 554 554 553 553 551 551 550 550 548 548 547 547 545 545 544 542 541 540 540
549 551 551 553 553 555 556 557 557 557 559 559 560 560 562 561 562 562 563 564 565 565 565 566 566 567 567 568 567 568 567 568 568 568 568 568 568 569 569 568 568 569 568 569 568 568 568 568 568 567 567 567 567 566 566 565 565 565 565 563 564 563 563 561 562 561 561 560 559 558 558 558 557 556 556 555 554 553 552 552 550 550 549 549 547 547 546 546 544 544 543 541 540 540
551 552 553 553 554 555 556 557 557 559 558 559 560 561 562 562 564 563 564 564 565 565 566 566 566 566 567 567 568 568 568 569 569 569 569 569 569 569 569 570 569 569 569 569 569 569 568 568 568 568 568 567 566 567 566 567 565 565 564 565 563 563 562 563 562 561 560 560 559 559 558 558 557 556 555 555 554 553 552 552 551 550 549 549 548 546 546 545 545 543 543 542 541 539
551 552 553 554 555 557 556 558 558 559 560 561 561 561 562 563 563 564 565 565 565 566 567 567 568 568 568 568 569 569 570 569 569 569 570 569 570 569 570 569 570 570 569 569 569 569 569 569 568 568 568 567 567 567 567 567 566 566 565 565 564 565 563 563 562 561 560 560 560 559 558 557 557 556 556 554 554 553 553 551 551 550 549 548 548 547 546 545 545 544 542 542 540 540
554 553 555 554 556 556 558 558 558 559 560 560 562 563 563 563 564 565 565 566 566 567 566 567 567 568 568 569 568 569 569 570 570 569 570 570 571 570 571 570 570 570 571 570 570 569 570 569 570 568 568 568 568 568 567 566 567 566 566 564 565 564 564 562 562 562 562 560 560 559 559 558 557 556 556 555 554 554 553 552 550 550 549 549 547 547 546 545 544 544 543 542 540 539
553 555 555 556 556 558 558 558 560 560 562 561 562 563 564 564 565 564 566 566 567 567 568 569 568 569 569 570 570 571 570 570 570 571 571 571 570 571 571 571 571 570 570 571 570 571 569 570 569 569 569 568 568 568 567 567 566 566 565 566 564 564 563 564 562 562 561 561 560 559 558 558 558 557 556 556 555 554 553 553 552 551 550 548 548 546 546 545 544 543 543 542 542 540
553 555 556 557 558 559 559 560 560 561 561 562 563 563 564 565 566 566 567 566 567 567 569 569 570 570 570 569 570 570 571 570 571 571 571 571 572 570 571 572 571 572 571 571 571 571 571 570 569 570 569 570 568 568 568 568 567 567 566 566 565 564 564 564 563 563 561 560 560 560 559 558 558 557 556 555 555 554 553 552 552 551 550 549 548 547 545 545 544 544 543 543 542 541
