testData/tiles/oneDegree/grid8.0-33.0-9.0-34.0.asc
ncols   200
nrows   200
xllcorner   8.0
yllcorner   33.0
cellsize   0.005
NODATA_value   -9999.0
[rows 84 to 125 of 200, columns 94 to 187 of 200]
589 589 589 588 588 588 512 511 512 512 512 513 512 513 513 513 513 513 513 513 512 513 512 512 512 511 511 511 511 509 510 509 508 507 507 506 506 505 504 503 502 501 500 499 499 497 498 497 497 498 498 496 496 496 495 497 495 495 495 494 494 493 492 492 490 489 488 486 484 483 482 478 476 474 470 467 462 463 464 433 433 435 436 437 438 439 440 441 442 443 443 443 446 446
590 589 589 589 589 513 512 512 512 512 513 512 513 514 513 513 513 513 513 512 513 513 513 512 511 512 511 510 510 510 510 508 509 508 507 506 506 504 505 503 503 501 501 499 499 497 496 497 496 496 496 497 497 497 496 497 496 494 495 493 493 493 491 490 489 489 487 485 484 482 480 478 475 472 469 464 462 464 464 433 434 435 436 437 438 438 441 441 441 442 444 444 444 445
589 589 589 589 588 512 512 512 511 512 511 512 513 512 513 513 513 513 513 513 512 512 512 512 512 512 511 511 510 510 509 509 508 507 506 506 505 505 503 503 501 501 499 500 498 497 496 497 496 497 497 497 495 495 495 494 495 494 494 494 491 491 491 490 489 487 486 484 483 481 478 477 474 471 468 463 462 464 465 432 434 435 436 436 438 439 439 441 442 442 442 444 444 444
590 590 590 589 589 513 513 512 512 512 512 513 512 513 513 513 513 513 512 513 512 512 513 512 511 511 511 510 510 510 509 508 508 508 506 506 505 504 504 503 502 501 500 499 497 497 495 495 496 495 495 495 495 495 496 495 495 493 492 493 492 490 491 488 488 487 485 483 482 481 477 475 474 469 465 463 462 463 432 433 433 435 436 437 438 438 440 440 442 442 442 443 444 444
590 589 590 590 514 513 513 513 512 512 513 513 512 512 512 512 513 512 513 513 513 512 511 512 511 511 511 510 510 509 509 508 508 506 507 505 505 504 503 502 501 500 500 498 498 496 496 495 496 495 496 496 495 494 494 494 493 494 493 491 492 490 489 489 487 485 484 483 481 478 477 474 470 469 465 460 463 463 431 432 434 434 436 436 437 439 439 440 440 441 442 442 443 443
590 590 590 590 513 513 513 512 512 512 512 512 512 513 512 513 512 513 512 512 512 511 512 512 511 511 510 510 509 509 509 507 508 507 506 505 505 504 504 502 502 500 500 498 497 496 495 494 494 495 494 494 494 494 493 494 493 492 492 491 490 490 488 487 486 485 483 480 480 478 475 473 470 465 463 461 461 463 431 432 433 434 434 437 437 438 439 439 440 441 441 442 442 443
591 591 591 514 514 514 513 513 513 512 512 512 513 512 513 512 512 512 512 512 513 512 511 511 511 511 510 510 509 510 508 508 507 506 506 505 504 504 502 502 500 500 499 498 497 496 494 495 494 494 494 494 494 493 493 492 492 491 491 491 489 488 488 487 485 483 482 480 478 477 474 472 468 465 461 460 461 430 431 431 433 434 435 435 437 437 438 439 439 440 441 441 442 442
591 590 590 514 514 513 513 513 512 512 511 512 512 512 513 512 512 513 512 512 511 512 512 511 512 510 510 510 509 508 508 508 507 507 505 505 504 504 503 502 501 500 498 498 496 496 494 493 493 493 493 493 493 492 493 492 491 492 489 489 489 487 487 484 484 482 480 480 477 475 473 470 467 463 458 461 461 429 430 432 433 434 435 435 436 437 437 438 439 439 440 441 441 441
591 591 591 515 514 514 514 513 513 512 512 512 512 513 512 513 512 511 512 511 512 512 511 511 510 510 511 509 509 509 508 507 507 505 506 504 504 503 502 501 500 498 499 497 497 495 494 493 493 493 493 492 492 491 490 491 490 490 490 488 488 485 486 484 482 483 479 478 476 473 471 468 464 461 459 459 461 428 430 432 432 433 434 435 435 436 437 437 439 439 439 440 441 440
592 592 515 515 515 514 514 514 513 513 513 511 512 511 512 512 512 512 512 512 511 511 511 511 511 510 509 510 509 508 507 508 507 506 505 504 504 503 503 501 501 499 498 497 496 494 494 492 491 491 491 492 491 492 491 490 490 489 488 487 487 486 484 484 481 481 478 477 475 472 469 467 463 459 458 459 428 429 430 430 432 432 433 434 436 436 437 437 437 438 439 439 439 440
591 591 515 515 514 514 514 513 513 513 512 512 512 512 512 512 512 512 511 511 511 511 511 510 510 509 510 509 508 509 507 507 506 505 505 504 503 503 501 501 499 498 498 497 495 495 493 492 492 492 491 492 491 489 490 489 489 487 488 487 485 485 483 482 481 480 477 475 473 471 468 465 460 456 459 459 427 429 429 430 431 432 433 435 435 436 436 436 437 437 438 439 438 438
592 592 516 515 515 515 514 514 514 513 513 512 512 511 512 511 512 511 511 512 511 511 510 510 511 509 509 509 509 507 507 506 506 506 504 504 502 503 501 501 499 499 497 497 495 494 492 491 490 490 490 489 490 489 489 488 488 488 485 485 484 483 482 480 480 478 475 474 471 470 466 462 460 457 457 459 426 427 429 429 431 432 433 433 435 435 436 435 436 437 437 437 438 438
592 515 515 515 515 514 514 513 513 513 512 512 511 512 511 512 511 512 511 510 511 511 510 510 509 509 509 508 508 508 507 506 506 504 505 503 503 501 501 499 499 497 497 496 495 494 493 491 490 489 490 490 488 488 487 487 486 486 486 484 484 481 481 480 478 477 474 473 470 466 464 461 456 456 457 457 426 427 428 430 430 431 432 433 433 435 434 434 436 436 437 436 437 436
592 516 516 515 515 515 514 514 514 513 513 512 512 511 512 511 511 511 511 511 511 510 510 509 510 509 508 509 508 507 506 506 505 505 504 503 502 501 501 500 499 498 497 495 495 493 491 490 489 489 488 488 488 488 487 486 486 484 484 482 483 481 479 478 477 476 473 471 468 466 462 459 454 455 456 424 426 427 428 428 430 430 431 432 433 433 434 434 434 436 435 435 436 436
517 517 516 516 516 515 515 515 514 513 512 512 511 511 511 511 511 512 511 510 510 510 510 510 509 508 509 507 507 507 506 506 505 504 504 503 502 501 500 499 498 497 495 495 494 493 492 491 489 488 488 486 486 485 486 485 485 483 483 482 481 479 478 477 476 472 471 470 467 464 460 456 453 454 457 424 425 427 427 428 429 430 430 432 432 432 432 434 434 434 435 435 434 435
516 516 516 516 515 515 515 514 514 513 513 512 512 511 511 511 511 510 511 510 510 510 509 509 509 508 508 507 508 506 506 505 505 504 503 502 501 501 500 500 498 498 496 494 493 492 491 489 488 486 486 486 486 485 485 484 484 482 481 481 480 478 478 475 474 472 470 467 464 462 458 453 454 455 455 424 425 425 427 427 428 429 430 430 432 431 432 432 434 433 433 435 434 434
517 517 516 516 516 515 515 515 514 514 513 512 511 511 510 511 510 511 511 509 510 509 509 510 508 508 508 507 506 506 506 505 505 503 503 502 502 500 500 498 498 496 495 494 493 491 491 490 489 486 485 485 484 484 484 483 482 482 480 480 478 476 476 474 473 470 468 465 463 459 457 452 452 454 422 422 424 425 425 427 427 428 429 430 429 431 431 432 433 432 433 432 433 433
517 516 516 516 515 515 515 514 514 513 513 512 512 511 511 510 510 510 509 510 509 510 509 508 509 508 507 507 507 506 505 504 504 504 502 502 500 500 498 499 497 496 495 494 492 491 490 489 487 486 484 484 483 484 483 482 480 480 479 478 476 475 475 473 470 468 467 463 462 458 454 451 452 453 421 422 422 424 425 425 427 427 428 429 429 429 431 431 431 432 432 432 432 432
517 517 517 516 516 515 515 515 514 514 513 513 511 511 510 510 510 510 510 509 509 509 508 509 508 507 508 506 506 505 505 504 504 503 502 502 501 500 499 498 496 496 494 493 492 491 489 488 486 484 483 482 482 481 481 481 480 479 478 477 475 474 473 471 469 466 465 462 459 455 451 450 451 452 420 421 422 424 424 425 426 427 427 427 428 429 429 430 430 430 431 431 431 431
517 516 517 517 516 515 515 514 514 513 513 512 512 511 511 510 510 509 509 509 509 509 508 508 508 508 506 506 507 505 505 503 503 503 502 501 500 499 498 496 497 495 494 493 492 490 489 488 487 485 484 482 482 481 480 479 478 477 477 476 474 472 471 468 468 466 463 460 457 453 449 449 451 419 419 421 421 422 424 424 425 426 427 426 428 428 429 428 430 429 429 431 430 429
517 517 517 516 516 516 515 515 514 514 513 513 512 511 510 510 509 510 509 509 509 508 508 508 507 507 507 506 505 505 504 504 502 502 501 500 500 499 498 497 496 494 494 492 491 490 489 487 485 484 482 481 480 480 478 478 477 476 476 473 472 470 468 468 466 463 461 458 455 450 448 449 449 418 419 419 421 422 422 424 424 425 425 426 426 428 427 428 428 429 429 428 430 429
518 517 517 517 516 516 516 515 514 513 513 512 512 511 511 510 510 508 508 509 508 508 507 507 507 506 506 505 504 504 504 503 502 502 501 500 499 498 497 496 495 495 493 492 491 490 488 487 485 484 482 481 479 478 477 476 476 474 474 472 470 470 467 466 464 461 458 455 452 448 446 448 449 416 418 419 419 421 422 422 424 424 424 425 426 426 427 427 427 427 428 428 427 428
517 517 517 516 516 516 515 515 514 514 513 513 512 512 510 510 509 508 509 508 508 508 507 508 506 506 505 505 505 504 503 503 502 501 500 499 498 498 497 497 495 494 493 491 490 488 487 485 484 483 481 479 478 477 477 475 474 473 471 471 469 468 466 464 462 459 456 453 449 445 446 447 415 416 417 418 419 419 421 422 422 423 423 424 425 425 425 427 426 427 427 427 427 426
518 518 517 517 516 516 516 515 515 513 513 512 512 511 511 510 510 508 507 508 508 507 507 506 506 506 505 505 503 504 503 502 502 500 501 499 499 497 497 495 494 493 492 491 490 488 488 486 485 483 482 480 476 475 474 474 472 473 471 469 468 465 464 462 459 458 453 451 448 445 446 447 415 415 416 417 418 419 421 421 422 421 423 423 424 424 425 424 426 425 425 426 426 426
517 517 517 516 516 516 515 515 514 514 513 513 512 512 510 510 509 508 508 508 506 507 507 506 506 505 505 504 504 503 502 502 501 501 499 499 497 497 496 495 494 493 491 490 489 488 486 485 483 482 480 479 477 475 473 472 472 470 469 467 466 464 462 460 457 456 453 449 445 444 445 446 414 415 415 416 418 418 419 421 420 421 422 423 422 423 424 424 424 425 425 424 425 425
518 518 517 517 516 516 516 515 515 514 513 512 512 511 511 510 509 508 507 507 507 507 506 506 505 504 505 504 503 502 502 501 501 499 499 499 498 497 495 495 493 492 491 490 488 487 485 484 482 480 479 477 476 474 472 471 470 469 467 466 463 462 460 458 457 453 450 446 442 443 444 412 414 413 415 416 416 418 418 419 420 420 421 421 422 422 422 423 423 423 423 424 423 424
517 517 517 516 516 516 515 515 514 514 513 513 512 512 510 509 509 508 508 507 506 506 506 504 505 505 503 503 503 502 502 500 501 500 499 497 497 495 495 493 493 492 491 489 488 486 485 484 483 480 479 477 476 474 471 469 467 467 465 464 462 461 460 456 454 451 448 444 441 442 444 411 413 413 413 415 416 416 418 417 418 420 420 420 421 422 421 423 422 423 422 422 423 422
518 518 517 517 516 516 516 515 515 514 514 512 512 511 511 510 509 508 507 506 506 505 505 505 505 503 504 503 502 502 501 501 499 499 497 497 496 496 494 493 493 491 490 488 487 486 484 483 481 480 478 476 474 473 470 469 466 465 464 462 461 459 456 455 452 449 445 441 441 441 443 411 411 412 413 413 415 416 416 417 418 418 419 419 420 420 421 420 422 421 421 421 422 422
518 518 518 517 516 515 515 515 514 514 513 513 512 512 510 509 509 508 508 506 505 506 505 504 504 504 503 502 503 501 501 499 499 499 498 497 496 495 493 493 491 490 490 489 487 486 484 483 481 480 478 476 474 471 470 467 465 464 463 461 459 458 454 452 449 446 443 438 440 441 409 410 410 411 412 413 414 415 415 415 417 418 417 419 418 419 420 420 420 420 420 420 420 420
518 518 517 517 516 516 516 515 515 514 514 512 512 511 510 510 509 508 507 506 506 504 504 505 504 503 502 502 501 501 500 500 499 498 497 496 495 494 494 492 491 490 489 487 486 484 483 481 480 478 477 475 473 471 470 467 464 463 460 459 457 454 453 450 447 443 439 438 438 440 408 409 409 410 411 412 413 414 414 415 415 416 417 417 418 418 418 419 419 419 419 420 419 419
518 518 518 517 517 516 515 515 514 514 513 513 512 511 510 509 509 508 507 506 505 504 505 503 503 503 502 502 500 501 500 499 498 497 497 496 495 494 493 491 491 489 488 486 485 483 484 482 479 477 475 474 472 470 468 466 463 462 459 457 456 452 451 448 444 442 436 437 438 406 407 408 408 409 410 411 412 412 414 414 415 415 416 416 416 418 417 418 418 417 418 418 419 418
518 517 517 517 516 516 515 515 514 514 513 512 511 511 510 510 509 507 507 506 506 504 503 503 502 502 502 501 501 499 499 498 498 497 496 495 494 493 491 492 490 489 487 487 485 484 482 481 479 478 475 474 472 469 468 465 462 460 458 455 452 451 448 445 442 438 435 436 437 405 406 406 407 408 410 410 412 411 412 414 413 414 415 415 415 415 416 416 416 417 417 417 417 416
518 518 518 517 517 516 515 514 514 513 513 512 512 511 510 509 509 508 507 506 505 504 504 503 502 501 501 501 499 499 499 498 497 496 495 494 494 492 492 490 489 488 487 485 484 482 481 479 478 476 474 472 471 468 467 464 461 460 457 453 450 449 446 443 440 435 434 435 436 404 405 405 407 407 409 410 409 411 412 411 413 413 413 414 415 414 415 415 415 415 416 416 416 416
518 517 517 517 516 516 515 515 514 514 513 512 511 511 510 510 509 507 507 506 505 504 503 502 502 501 501 500 500 499 498 497 496 496 495 494 493 492 491 489 489 488 487 485 484 482 481 479 478 476 474 472 470 468 465 463 460 458 455 452 450 446 443 440 436 433 433 434 402 403 404 404 406 407 407 408 409 409 411 411 411 413 412 413 413 414 413 415 414 415 414 415 415 414
518 518 517 517 517 516 516 514 514 513 513 512 512 511 510 509 508 508 507 505 505 504 502 502 501 500 501 500 499 498 497 497 496 496 494 493 492 492 490 490 488 487 485 484 482 481 479 478 476 475 473 471 469 467 465 462 460 457 454 451 448 445 441 438 433 431 432 433 402 402 402 404 404 406 407 406 408 409 408 410 411 410 412 411 412 413 413 412 414 413 414 413 413 413
518 517 517 517 516 516 515 515 514 514 513 512 511 511 510 509 508 507 507 506 504 504 503 501 500 501 499 499 498 498 498 496 496 494 494 493 492 490 490 488 487 485 484 483 482 480 479 476 475 473 472 469 468 465 464 461 459 456 453 451 447 443 439 434 431 430 431 432 400 401 401 403 404 405 405 406 407 408 408 408 410 410 410 411 411 411 412 412 412 413 412 413 412 412
518 518 517 517 517 516 516 514 514 513 513 512 512 511 509 509 508 508 506 505 505 504 502 502 501 499 499 499 498 497 496 495 495 494 493 492 491 490 489 488 487 486 485 483 482 480 479 477 475 473 472 470 467 465 463 461 457 455 452 448 446 442 438 433 428 429 430 399 399 399 401 402 403 404 404 405 406 406 407 408 407 409 409 409 410 410 410 411 411 411 412 411 411 411
518 517 517 516 516 516 515 515 514 514 513 512 511 510 510 509 508 507 506 506 504 503 503 501 500 499 499 498 497 496 496 495 494 494 492 491 491 490 488 488 486 485 483 482 480 479 477 476 474 472 470 469 466 464 462 459 457 454 452 447 444 440 436 432 428 428 429 397 398 398 400 401 402 402 403 404 405 405 406 406 407 407 408 409 408 410 409 410 410 410 410 409 410 409
518 518 517 517 516 516 516 514 514 513 512 512 511 510 509 509 508 507 506 505 504 503 502 501 500 499 498 497 497 496 496 494 494 493 492 491 490 488 488 486 485 483 482 481 480 478 477 475 474 471 470 468 465 462 461 458 456 453 449 447 443 440 434 430 428 428 429 396 396 398 399 400 401 401 402 403 403 404 405 405 406 406 406 407 407 407 409 408 409 409 408 409 408 409
517 517 517 516 516 515 515 514 514 513 512 511 511 510 510 509 507 507 506 504 504 503 502 501 500 498 497 496 496 496 494 494 493 492 491 490 489 488 488 486 485 483 482 480 479 477 476 474 473 470 469 467 464 462 460 458 455 451 448 445 441 437 433 428 428 428 395 396 395 397 398 399 399 400 401 401 402 403 403 404 405 405 406 405 407 406 407 407 407 407 408 407 408 407
518 518 517 517 516 516 514 514 513 513 512 512 511 510 509 508 508 506 506 505 504 502 502 501 499 499 497 496 495 495 494 493 492 492 490 490 489 488 486 485 483 483 481 480 478 477 474 473 471 470 467 466 463 461 458 455 453 450 447 444 440 435 430 428 428 429 395 395 396 396 397 397 398 399 400 400 402 402 402 403 403 404 404 405 404 406 405 406 406 406 406 407 406 406
517 517 517 516 516 515 515 514 514 513 512 511 511 510 509 508 507 507 506 504 504 503 501 500 500 498 497 495 495 494 494 492 492 491 490 489 488 486 485 484 483 482 481 479 478 476 474 472 471 469 467 465 463 460 457 454 452 449 445 442 438 434 428 428 428 395 396 395 396 396 396 396 397 398 399 399 400 401 401 402 402 403 403 404 404 404 405 404 405 405 405 405 406 405
