testData/tiles/oneDegree/grid2.0-44.0-3.0-45.0.asc
ncols   200
nrows   200
xllcorner   2.0
yllcorner   44.0
cellsize   0.005
NODATA_value   -9999.0
[rows 84 to 125 of 200, columns 0 to 93 of 200]
471 471 471 471 471 472 472 472 472 472 472 473 473 473 473 473 474 474 474 474 474 474 475 475 475 475 475 475 475 476 476 476 476 476 476 476 478 478 478 478 478 478 478 479 479 479 479 479 479 479 479 479 480 480 480 480 480 480 480 480 481 481 481 481 481 481 481 481 481 481 482 482 482 482 482 482 482 482 482 482 483 483 483 483 483 483 483 483 483 483 483 484 484 484
471 471 471 471 471 472 472 472 472 472 472 473 473 473 473 473 474 474 474 475 475 475 476 476 476 476 476 476 476 477 477 477 477 477 477 477 478 478 478 478 478 478 478 478 479 479 479 479 479 479 479 479 480 480 480 480 480 480 480 480 481 481 481 481 481 481 481 481 481 481 482 482 482 482 482 482 482 482 482 482 483 483 483 483 483 483 483 483 483 483 483 484 484 484
471 471 471 471 471 473 473 473 473 473 473 474 474 474 474 474 475 475 475 475 475 475 476 476 476 476 476 476 476 477 477 477 477 477 477 477 478 478 478 478 478 478 478 478 479 479 479 479 479 479 479 479 480 480 480 480 480 480 480 480 481 481 481 481 481 481 481 481 481 481 482 482 482 482 482 482 482 482 482 482 483 483 483 483 483 483 483 483 483 483 483 484 484 484
472 472 472 472 472 473 473 473 473 473 473 474 474 474 474 474 475 475 475 475 475 475 476 476 476 476 476 476 476 477 477 477 477 477 477 477 478 478 479 479 479 479 479 479 480 480 480 480 480 480 480 480 481 481 481 481 481 481 481 481 482 482 482 482 482 482 482 482 482 482 483 483 483 483 483 483 483 483 483 483 484 484 484 484 484 484 484 484 484 484 484 485 485 485
472 472 472 472 472 473 473 473 473 473 473 474 474 474 474 474 475 475 475 475 476 476 477 477 477 477 477 477 477 478 478 478 478 478 478 478 479 479 479 479 479 479 479 479 480 480 480 480 480 480 480 480 481 481 481 481 481 481 481 481 482 482 482 482 482 482 482 482 482 482 483 483 483 483 483 483 483 483 483 483 484 484 484 484 484 484 484 484 484 484 484 485 485 485
472 472 472 472 472 473 473 474 474 474 474 475 475 475 475 475 476 476 476 476 476 476 476 760 477 477 477 477 477 478 478 478 478 478 478 478 479 479 479 479 479 479 479 479 480 480 480 480 480 480 480 480 481 481 481 481 481 481 481 481 482 482 482 482 482 482 482 482 482 482 483 483 483 483 483 483 483 483 483 483 484 484 484 484 484 484 484 484 484 484 484 485 485 485
473 473 473 756 756 757 757 757 757 757 757 758 758 758 758 758 759 759 759 759 759 759 759 760 760 760 760 760 760 761 761 761 761 761 761 761 762 762 762 762 762 762 762 763 481 481 481 481 481 481 481 481 482 482 482 482 482 482 482 482 483 483 483 483 483 483 483 483 483 483 484 484 484 484 484 484 484 484 484 484 485 485 485 485 485 485 485 485 485 485 485 486 486 486
756 756 756 756 756 757 757 757 757 757 757 758 758 758 758 758 759 759 759 759 759 759 759 760 761 761 761 761 761 762 762 762 762 762 762 762 763 763 763 763 763 763 763 763 764 764 764 764 764 764 764 764 482 482 482 482 482 482 482 482 483 483 483 483 483 483 483 483 483 483 484 484 484 484 484 484 484 484 484 484 485 485 485 485 485 485 485 485 485 485 485 486 486 486
756 756 756 756 756 757 757 757 757 757 758 759 759 759 759 759 760 760 760 760 760 760 760 761 761 761 761 761 761 762 762 762 762 762 762 762 763 763 763 763 763 763 763 763 764 764 764 764 764 764 764 764 765 765 765 765 765 765 765 482 483 483 483 483 483 483 483 483 483 483 484 484 484 484 484 484 484 484 484 484 485 485 485 485 485 485 485 485 485 485 485 486 486 486
757 757 757 757 757 758 758 758 758 758 758 759 759 759 759 759 760 760 760 760 760 760 760 761 761 761 761 761 761 762 762 762 762 762 762 762 763 763 763 763 763 763 763 763 764 764 764 764 764 764 764 764 765 765 765 766 766 766 766 766 767 767 767 767 484 484 484 484 484 484 485 485 485 485 485 485 485 485 485 485 486 486 486 486 486 486 486 486 486 486 486 487 487 487
757 757 757 757 757 758 758 758 758 758 758 759 759 759 759 759 759 760 760 760 760 760 760 761 761 761 761 761 761 762 762 762 763 763 763 763 764 764 764 764 764 764 764 764 765 765 765 765 765 765 765 765 766 766 766 766 766 766 766 766 767 767 767 767 767 767 767 767 767 484 485 485 485 485 485 485 485 485 485 485 486 486 486 486 486 486 486 486 486 486 486 487 487 487
757 757 757 757 757 758 758 758 758 758 758 759 759 759 759 759 759 761 761 761 761 761 761 762 762 762 762 762 762 763 763 763 763 763 763 763 764 764 764 764 764 764 764 764 765 765 765 765 765 765 765 765 766 766 766 766 766 766 766 766 766 767 767 767 767 767 767 767 767 767 768 768 768 485 485 485 485 485 485 485 486 486 486 486 486 486 486 486 486 486 486 487 487 487
757 757 757 757 757 759 759 759 759 759 759 760 760 760 760 760 760 761 761 761 761 761 761 762 762 762 762 762 762 763 763 763 763 763 763 763 764 764 764 764 764 764 764 764 765 765 765 765 765 765 765 765 766 766 766 766 766 766 766 766 766 767 767 767 767 767 767 767 767 767 768 768 768 768 768 768 768 485 485 485 486 486 486 486 486 486 486 486 486 486 486 487 487 487
757 758 758 758 758 758 759 759 759 759 759 760 760 760 760 760 760 761 761 761 761 761 761 762 762 762 762 762 762 763 763 763 763 763 763 763 764 764 764 764 764 764 764 764 765 766 766 766 766 766 766 766 767 767 767 767 767 767 767 767 767 768 768 768 768 768 768 768 768 768 769 769 769 769 769 769 769 769 769 769 487 487 487 487 487 487 487 487 487 487 487 488 488 488
757 758 758 758 758 758 759 759 759 759 759 760 760 760 760 760 760 761 761 761 761 761 761 762 762 762 762 763 763 764 764 764 764 764 764 764 765 765 765 765 765 765 765 765 766 766 766 766 766 766 766 766 767 767 767 767 767 767 767 767 767 768 768 768 768 768 768 768 768 768 769 769 769 769 769 769 769 769 769 769 770 770 770 770 487 487 487 487 487 487 487 488 488 488
757 758 758 758 758 758 759 759 759 759 759 760 760 761 761 761 761 762 762 762 762 762 762 763 763 763 763 763 763 764 764 764 764 764 764 764 765 765 765 765 765 765 765 765 766 766 766 766 766 766 766 766 767 767 767 767 767 767 767 767 767 768 768 768 768 768 768 768 768 768 769 769 769 769 769 769 769 769 769 769 770 770 770 770 770 770 770 487 487 487 487 488 488 488
757 758 759 759 759 759 760 760 760 760 760 761 761 761 761 761 761 762 762 762 762 762 762 763 763 763 763 763 763 764 764 764 764 764 764 764 765 765 765 765 765 765 765 765 766 766 766 766 766 766 766 766 767 767 767 767 767 767 767 767 767 768 768 768 768 768 768 768 768 768 769 769 769 769 769 769 769 769 769 769 770 770 770 770 770 770 770 770 770 770 487 488 488 488
758 759 759 759 759 759 760 760 760 760 760 761 761 761 761 761 761 762 762 762 762 762 762 763 763 763 763 763 763 764 764 764 764 764 764 764 765 765 765 765 765 765 765 766 767 767 767 767 767 767 767 767 768 768 768 768 768 768 768 768 768 769 769 769 769 769 769 769 769 769 770 770 770 770 770 770 770 770 770 770 771 771 771 771 771 771 771 771 771 771 771 771 772 489
758 759 759 759 759 759 760 760 760 760 760 761 761 761 761 761 761 762 762 762 762 762 762 763 763 763 764 764 764 765 765 765 765 765 765 765 765 766 766 766 766 766 766 766 767 767 767 767 767 767 767 767 768 768 768 768 768 768 768 768 768 769 769 769 769 769 769 769 769 769 770 770 770 770 770 770 770 770 770 770 771 771 771 771 771 771 771 771 771 771 771 771 772 772
669 759 759 759 759 759 760 760 760 760 760 761 761 762 762 762 762 763 763 763 763 763 763 764 764 764 764 764 764 764 765 765 765 765 765 765 765 766 766 766 766 766 766 766 767 767 767 767 767 767 767 767 768 768 768 768 768 768 768 768 768 769 769 769 769 769 769 769 769 769 770 770 770 770 770 770 770 770 770 770 771 771 771 771 771 771 771 771 771 771 771 771 772 772
669 759 759 760 760 760 761 761 761 761 761 762 762 762 762 762 762 763 763 763 763 763 763 764 764 764 764 764 764 764 765 765 765 765 765 765 765 766 766 766 766 766 766 766 767 767 767 767 767 767 767 767 768 768 768 768 768 768 768 768 768 769 769 769 769 769 769 769 769 769 770 770 770 770 770 770 770 770 770 770 770 771 771 771 771 771 771 771 771 771 771 771 772 772
670 671 760 760 760 760 761 761 761 761 761 762 762 762 762 762 762 763 763 763 763 763 763 764 764 764 764 764 764 764 765 765 765 765 765 765 765 766 766 766 766 766 766 766 767 767 767 768 768 768 768 768 769 769 769 769 769 769 769 769 769 770 770 770 770 770 770 770 770 770 771 771 771 771 771 771 771 771 771 771 771 772 772 772 772 772 772 772 772 772 772 772 773 773
670 671 760 760 760 760 761 761 761 761 761 762 762 762 762 762 762 763 763 763 763 763 763 764 764 764 764 764 764 765 766 766 766 766 766 766 766 767 767 767 767 767 767 767 768 768 768 768 768 768 768 768 769 769 769 769 769 769 769 769 769 770 770 770 770 770 770 770 770 770 771 771 771 771 771 771 771 771 771 771 771 772 772 772 772 772 772 772 772 772 772 772 773 773
670 671 671 760 760 760 761 761 761 761 761 762 762 762 762 762 763 764 764 764 764 764 764 765 765 765 765 765 765 765 766 766 766 766 766 766 766 767 767 767 767 767 767 767 768 768 768 768 768 768 768 768 769 769 769 769 769 769 769 769 769 770 770 770 770 770 770 770 770 770 770 771 771 771 771 771 771 771 771 771 771 772 772 772 772 772 772 772 772 772 772 772 773 773
670 671 671 760 760 760 762 762 762 762 762 763 763 763 763 763 763 764 764 764 764 764 764 765 765 765 765 765 765 765 766 766 766 766 766 766 766 767 767 767 767 767 767 767 768 768 768 768 768 768 768 768 769 769 769 769 769 769 769 769 769 770 770 770 770 770 770 770 770 770 770 771 771 771 771 771 771 771 771 771 771 772 772 772 772 772 772 772 772 772 772 772 773 773
671 672 672 761 761 761 762 762 762 762 762 763 763 763 763 763 763 764 764 764 764 764 764 765 765 765 765 765 765 765 766 766 766 766 766 766 766 767 767 767 767 767 767 767 768 768 768 768 768 768 768 768 768 769 769 769 769 769 769 769 769 771 771 771 771 771 771 771 771 771 771 772 772 772 772 772 772 772 772 772 772 773 773 773 773 773 773 773 773 773 773 773 774 774
671 672 672 672 761 761 762 762 762 762 762 763 763 763 763 763 763 764 764 764 764 764 764 765 765 765 765 765 765 765 766 766 766 766 766 766 766 768 768 768 768 768 768 768 769 769 769 769 769 769 769 769 769 770 770 770 770 770 770 770 770 771 771 771 771 771 771 771 771 771 771 772 772 772 772 772 772 772 772 772 772 773 773 773 773 773 773 773 773 773 773 773 774 774
671 672 672 672 761 761 762 762 762 762 762 762 763 763 763 763 763 764 764 764 764 764 764 766 766 766 766 766 766 766 767 767 767 767 767 767 767 768 768 768 768 768 768 768 768 769 769 769 769 769 769 769 769 770 770 770 770 770 770 770 770 771 771 771 771 771 771 771 771 771 771 772 772 772 772 772 772 772 772 772 772 773 773 773 773 773 773 773 773 773 773 773 774 774
671 672 672 672 672 761 762 762 762 762 762 762 764 764 764 764 764 765 765 765 765 765 765 766 766 766 766 766 766 766 767 767 767 767 767 767 767 768 768 768 768 768 768 768 768 769 769 769 769 769 769 769 769 770 770 770 770 770 770 770 770 771 771 771 771 771 771 771 771 771 771 772 772 772 772 772 772 772 772 772 772 773 773 773 773 773 773 773 773 773 773 773 774 774
671 672 672 673 673 762 763 763 763 763 763 763 764 764 764 764 764 765 765 765 765 765 765 765 766 766 766 766 766 766 767 767 767 767 767 767 767 768 768 768 768 768 768 768 768 769 769 769 769 769 769 769 769 770 770 770 770 770 770 770 770 770 771 771 771 771 771 771 771 771 771 772 772 772 772 772 772 772 772 772 772 773 773 773 773 773 773 773 773 773 773 773 774 774
672 673 673 673 673 673 763 763 763 763 763 763 764 764 764 764 764 765 765 765 765 765 765 765 766 766 766 766 766 766 767 767 767 767 767 767 767 768 768 768 768 768 768 768 768 769 769 769 769 769 769 769 769 770 770 770 771 771 771 771 771 771 772 772 772 772 772 772 772 772 772 773 773 773 773 773 773 773 773 773 773 774 774 774 774 774 774 774 774 774 774 774 774 775
672 673 673 673 673 673 763 763 763 763 763 763 764 764 764 764 764 764 765 765 765 765 765 765 766 766 766 766 766 766 767 767 767 767 767 767 768 769 769 769 769 769 769 769 769 770 770 770 770 770 770 770 770 771 771 771 771 771 771 771 771 771 772 772 772 772 772 772 772 772 772 773 773 773 773 773 773 773 773 773 773 774 774 774 774 774 774 774 774 774 774 774 774 775
672 673 673 673 673 673 674 763 763 763 763 763 764 764 764 764 764 764 765 765 765 765 765 766 767 767 767 767 767 767 768 768 768 768 768 768 768 769 769 769 769 769 769 769 769 770 770 770 770 770 770 770 770 771 771 771 771 771 771 771 771 771 772 772 772 772 772 772 772 772 772 773 773 773 773 773 773 773 773 773 773 774 774 774 774 774 774 774 774 774 774 774 774 775
672 673 673 673 673 673 673 763 763 763 763 763 764 765 765 765 765 765 766 766 766 766 766 766 767 767 767 767 767 767 768 768 768 768 768 768 768 769 769 769 769 769 769 769 769 770 770 770 770 770 770 770 770 771 771 771 771 771 771 771 771 771 772 772 772 772 772 772 772 772 772 773 773 773 773 773 773 773 773 773 773 773 774 774 774 774 774 774 774 774 774 774 774 775
672 672 673 673 674 674 674 675 764 764 764 764 765 765 765 765 765 765 766 766 766 766 766 766 767 767 767 767 767 767 768 768 768 768 768 768 768 768 769 769 769 769 769 769 769 770 770 770 770 770 770 770 770 771 771 771 771 771 771 771 771 771 772 772 772 772 772 772 772 772 772 773 773 773 773 773 773 773 773 773 773 773 774 774 774 774 774 774 774 774 774 774 774 775
673 673 674 674 674 674 674 675 764 764 764 764 765 765 765 765 765 765 766 766 766 766 766 766 767 767 767 767 767 767 767 768 768 768 768 768 768 768 769 769 769 769 769 769 769 770 770 770 770 770 770 770 770 771 771 771 771 771 771 771 771 771 772 772 772 772 772 772 772 773 773 774 774 774 774 774 774 774 774 774 774 774 775 775 775 775 774 774 774 774 774 774 774 775
673 673 674 674 674 674 674 675 764 764 764 764 765 765 765 765 765 765 766 766 766 766 766 766 767 767 767 767 767 767 767 768 768 768 768 768 768 768 769 769 769 769 770 770 770 771 771 771 771 771 771 771 771 772 772 772 772 772 772 772 772 772 773 773 773 773 773 773 773 773 773 773 774 774 774 774 774 774 774 774 774 774 775 775 775 775 775 775 775 775 775 775 775 776
673 673 674 674 674 674 674 675 675 764 764 764 765 765 765 765 765 765 766 766 766 766 766 766 767 767 767 767 768 768 768 769 769 769 769 769 769 769 770 770 770 770 770 770 770 771 771 771 771 771 771 771 771 772 772 772 772 772 772 772 772 772 773 773 773 773 773 773 773 773 773 773 774 774 774 774 774 774 774 774 774 774 775 775 775 775 775 775 775 775 775 775 775 776
673 673 674 674 674 674 674 675 675 764 764 764 765 765 765 765 765 765 767 767 767 767 767 767 768 768 768 768 768 768 768 769 769 769 769 769 769 769 770 770 770 770 770 770 770 771 771 771 771 771 771 771 771 771 772 772 772 772 772 772 772 772 773 773 773 773 773 773 773 773 773 773 774 774 774 774 774 774 774 774 774 774 775 775 775 775 775 775 775 775 775 775 775 776
673 673 674 674 674 674 674 675 675 676 765 765 766 766 766 766 766 766 767 767 767 767 767 767 768 768 768 768 768 768 768 769 769 769 769 769 769 769 770 770 770 770 770 770 770 770 771 771 771 771 771 771 771 771 772 772 772 772 772 772 772 772 773 773 773 773 773 773 773 773 773 773 774 774 774 774 774 774 774 774 774 774 775 775 775 775 775 775 775 775 775 775 775 776
673 674 675 675 675 675 675 676 676 676 765 765 766 766 766 766 766 766 767 767 767 767 767 767 768 768 768 768 768 768 768 769 769 769 769 769 769 769 770 770 770 770 770 770 770 770 771 771 771 771 771 771 771 771 772 772 772 772 772 772 772 772 772 773 773 773 773 773 773 773 773 773 774 774 774 774 774 774 774 774 774 774 775 775 775 775 775 775 775 775 775 775 775 775
674 674 675 675 675 675 675 676 676 676 676 765 765 766 766 766 766 766 767 767 767 767 767 767 768 768 768 768 768 768 768 769 769 769 769 769 769 769 770 770 770 770 770 770 770 770 771 771 771 771 771 771 771 771 772 772 772 772 772 772 772 772 772 774 774 774 774 774 774 774 774 774 775 775 775 775 775 775 775 775 775 775 776 776 776 776 776 776 776 776 776 776 775 775
