testData/tiles/oneDegree/grid36.0-47.0-37.0-48.0.asc
ncols   200
nrows   200
xllcorner   36.0
yllcorner   47.0
cellsize   0.005
NODATA_value   -9999.0
[rows 42 to 83 of 200, columns 0 to 93 of 200]
524 526 529 532 533 536 538 540 542 544 545 547 549 550 552 554 555 557 558 559 561 561 563 564 565 566 567 568 569 570 571 572 572 573 574 574 576 577 577 578 578 579 580 580 580 581 582 583 584 585 585 586 587 588 588 589 590 590 591 591 592 593 593 594 594 595 595 596 596 597 597 597 598 515 516 516 544 544 545 545 545 546 546 546 546 546 543 543 543 543 543 543 543 543
526 529 531 533 535 538 539 542 544 545 547 549 550 552 554 555 556 558 559 560 561 563 564 565 566 567 568 569 570 571 572 572 573 575 575 576 577 577 578 578 579 580 580 581 582 583 583 584 585 586 587 587 588 589 589 590 591 591 592 593 593 594 594 595 595 596 596 597 597 598 598 599 599 516 517 517 517 546 546 546 546 547 547 547 547 547 548 544 544 544 544 544 544 544
528 531 532 535 537 539 541 544 545 547 549 550 552 554 555 556 558 559 560 561 563 564 565 566 568 568 569 571 571 572 573 574 575 575 576 577 577 578 579 579 580 580 581 582 583 584 585 585 586 587 588 589 589 590 591 591 592 593 593 594 594 595 596 596 597 597 598 598 598 599 599 600 600 517 518 518 518 547 547 547 548 548 548 548 548 549 549 545 545 545 545 545 545 546
530 532 534 537 538 541 543 544 546 549 550 552 553 554 556 558 559 560 561 563 564 565 566 568 568 569 571 571 572 573 574 575 575 576 577 577 578 580 580 581 580 581 582 583 584 585 586 587 587 588 589 590 590 591 592 593 593 594 594 595 596 596 597 597 598 598 599 599 600 600 600 601 601 519 519 519 520 520 548 548 549 549 549 549 550 550 550 546 546 546 546 546 547 547
531 534 536 538 540 543 544 546 548 549 551 553 554 556 558 558 560 561 562 564 565 566 568 568 569 571 571 572 574 574 575 575 576 578 578 579 580 580 581 582 582 583 584 584 585 586 587 588 589 589 590 591 592 592 593 594 594 595 596 596 597 597 598 598 599 599 600 600 601 601 601 602 602 520 520 520 521 521 549 549 550 550 550 550 551 551 551 547 547 547 547 548 548 548
533 535 537 540 542 544 546 548 549 551 553 554 556 558 558 560 561 562 564 564 566 567 568 569 571 571 572 574 574 575 576 577 578 578 579 580 580 581 582 582 583 584 585 586 587 587 588 589 590 591 591 592 593 593 594 595 595 596 597 597 598 598 599 599 600 600 601 601 602 602 603 603 603 521 521 521 522 522 522 551 551 551 551 551 552 552 552 548 548 548 549 549 549 549
534 537 539 541 543 545 546 549 551 552 554 555 556 558 560 561 562 564 564 566 567 568 569 571 571 572 574 574 575 576 577 578 578 579 580 580 581 582 582 583 584 585 586 587 588 589 589 590 591 592 592 593 594 595 595 596 597 597 598 598 599 599 600 600 601 601 602 602 603 603 604 604 604 522 522 522 523 523 523 552 552 552 552 553 553 553 553 553 549 549 550 550 550 550
536 539 540 543 545 546 548 550 551 553 555 556 558 560 560 562 564 564 566 567 568 569 571 571 572 574 574 575 577 577 578 578 579 580 580 581 582 582 583 584 585 586 587 588 589 590 591 591 592 593 594 594 595 596 596 597 598 598 599 599 600 601 601 602 602 603 603 603 604 604 605 605 605 523 523 523 524 524 524 525 553 553 553 554 554 554 554 554 550 550 551 551 551 551
538 540 542 544 546 548 550 551 553 555 556 558 559 560 562 563 564 566 567 568 569 571 571 572 574 574 575 577 577 578 578 579 580 581 582 583 583 584 585 586 587 587 588 589 590 591 592 592 593 594 595 595 596 597 597 598 599 599 600 601 601 602 602 603 603 604 604 605 605 605 606 606 606 524 524 525 525 525 525 526 554 554 554 555 555 555 555 555 551 551 552 552 552 552
539 541 544 545 547 549 550 552 554 555 557 559 560 562 563 564 565 567 568 569 571 571 572 574 574 575 577 577 578 579 579 581 581 582 583 583 584 585 586 587 588 589 589 590 591 592 593 594 594 595 596 597 597 598 599 599 600 600 601 602 602 603 603 604 604 605 605 606 606 606 607 607 608 525 525 526 526 526 526 527 527 555 555 556 556 556 556 556 552 552 553 553 553 553
541 543 544 547 549 550 552 554 555 557 559 560 561 563 564 565 567 567 569 570 571 572 574 574 575 577 577 578 579 579 581 581 582 583 583 584 585 586 587 588 589 590 591 591 592 593 594 595 595 596 597 598 598 599 600 600 601 601 602 603 603 604 604 605 605 606 606 607 607 607 608 608 609 526 526 527 527 527 527 528 528 556 556 557 557 557 557 557 553 553 554 554 554 554
542 544 546 548 549 552 554 555 556 558 559 561 563 563 565 567 567 569 570 571 572 574 574 575 577 577 578 579 579 581 581 582 583 583 584 585 586 587 588 589 590 591 592 593 593 594 595 596 597 597 598 599 599 600 601 601 602 603 603 604 604 605 605 606 606 607 607 608 608 608 609 609 610 527 527 528 528 528 528 529 529 529 557 558 558 558 558 558 558 554 555 555 555 555
543 546 547 549 551 553 554 556 558 559 561 562 563 565 566 567 569 570 571 572 573 574 575 576 577 578 579 579 581 581 582 583 583 584 585 586 587 588 589 590 591 592 593 594 594 595 596 597 598 598 599 600 600 601 602 602 603 604 604 605 605 606 606 607 607 608 608 609 609 609 610 610 611 528 528 529 529 529 529 530 530 530 558 559 559 559 559 559 559 555 556 556 556 556
545 546 548 551 552 554 556 558 558 560 562 563 564 566 567 568 570 570 572 573 574 575 576 577 578 579 579 581 581 582 583 583 584 585 586 587 588 589 590 591 592 593 594 595 596 596 597 598 599 599 600 601 601 602 603 603 604 605 605 606 606 607 607 608 608 609 609 610 610 610 611 611 611 529 529 529 530 530 530 531 531 531 531 559 560 560 560 560 560 556 556 557 557 557
546 548 550 551 553 555 556 558 560 562 562 564 566 566 568 570 570 572 573 574 575 576 577 578 579 579 581 581 582 583 583 584 585 586 588 589 589 590 591 592 593 594 595 596 597 597 598 599 600 600 601 602 602 603 604 604 605 606 606 607 607 608 608 609 609 610 610 611 611 611 612 612 612 530 530 530 531 531 531 532 532 532 532 560 561 561 561 561 561 557 557 558 558 558
547 549 550 553 555 556 558 559 560 562 564 564 566 568 569 570 571 573 573 575 576 576 578 578 579 581 581 582 583 583 584 585 587 588 589 590 591 592 592 593 594 595 596 597 598 598 599 600 601 601 602 603 603 604 605 605 606 607 607 608 608 609 609 610 610 611 611 611 612 612 613 613 613 531 531 531 532 532 532 532 533 533 533 533 562 562 562 562 562 558 558 558 559 559
549 550 552 554 555 557 559 560 562 563 564 566 567 568 570 571 572 573 575 575 576 578 578 579 581 581 582 583 583 584 586 587 588 589 590 591 592 593 594 594 595 596 597 598 599 599 600 601 602 602 603 604 604 605 606 606 607 608 608 609 609 610 610 611 611 612 612 612 613 613 614 614 614 532 532 532 533 533 533 533 534 534 534 534 562 563 563 563 563 563 559 559 559 560
549 551 553 555 557 558 559 561 563 564 565 567 568 569 571 571 573 574 575 576 578 578 579 580 581 582 583 583 584 586 587 588 589 590 591 592 593 594 595 595 596 597 598 599 600 600 601 602 603 603 604 605 605 606 607 607 608 608 609 610 610 611 611 612 612 613 613 613 614 614 615 615 615 533 533 533 534 534 534 534 535 535 535 535 535 564 564 564 564 564 560 560 560 560
551 552 554 556 558 559 561 563 563 565 567 567 569 571 571 573 574 575 576 577 578 579 580 581 582 583 583 584 585 587 588 589 590 591 592 593 594 595 596 596 597 598 599 600 601 601 602 603 604 604 605 606 606 607 608 608 609 609 610 611 611 612 612 613 613 613 614 614 615 615 615 616 616 534 534 534 534 535 535 535 535 536 536 536 536 536 565 565 565 565 561 561 561 561
551 553 555 556 558 560 562 563 565 566 567 569 570 571 572 574 574 576 577 577 579 580 580 582 583 583 584 585 587 588 589 590 591 592 593 594 595 596 597 597 598 599 600 601 602 602 603 604 605 605 606 607 607 608 609 609 610 610 611 611 612 612 613 613 614 614 615 615 616 616 616 617 617 534 535 535 535 536 536 536 536 537 537 537 537 537 565 566 566 566 562 562 562 562
553 555 556 558 560 561 562 564 566 567 568 570 570 572 574 574 575 577 577 579 580 580 582 583 583 584 585 586 588 589 590 591 592 593 594 595 596 597 598 598 599 600 601 602 603 603 604 605 606 606 607 608 608 609 610 610 611 611 612 612 613 613 614 614 615 615 616 616 617 617 617 618 618 535 536 536 536 537 537 537 537 537 538 538 538 538 538 567 567 567 563 563 563 563
554 555 557 559 560 562 564 564 566 568 569 570 572 573 574 575 577 577 578 580 580 581 583 583 584 585 586 588 589 590 591 592 593 594 595 596 597 598 599 599 600 601 602 603 604 604 605 606 607 607 608 609 609 610 610 611 612 612 613 613 614 614 615 615 616 616 617 617 617 618 618 619 619 536 537 537 537 537 538 538 538 538 539 539 539 539 539 567 568 568 564 564 564 564
554 556 558 559 561 563 564 566 567 568 570 571 573 573 575 576 577 578 579 580 581 582 583 584 585 586 587 589 590 591 592 593 594 595 596 597 598 599 600 600 601 602 603 604 604 605 606 607 607 608 609 609 610 611 611 612 613 613 614 614 615 615 616 616 617 617 617 618 618 619 619 619 620 537 537 538 538 538 539 539 539 539 539 540 540 540 540 540 568 568 569 565 565 565
556 558 559 561 563 563 565 567 568 569 571 571 573 575 576 576 578 579 580 581 582 582 584 585 586 587 588 590 591 592 593 594 595 596 597 598 599 600 600 601 602 603 604 605 605 606 607 608 608 609 610 610 611 612 612 613 613 614 615 615 616 616 617 617 617 618 618 619 619 620 620 620 621 538 538 539 539 539 539 540 540 540 540 540 541 541 541 541 569 569 569 565 566 566
556 558 560 562 563 565 566 567 569 570 571 573 574 575 576 578 578 579 581 582 582 584 585 586 587 588 589 591 592 593 594 595 596 597 598 599 600 601 601 602 603 604 605 606 606 607 608 609 609 610 611 611 612 613 613 614 614 615 615 616 616 617 617 618 618 619 619 620 620 620 621 621 621 539 539 539 540 540 540 540 541 541 541 541 541 542 542 542 542 570 570 566 566 566
557 559 560 562 564 566 567 568 570 571 572 574 574 576 577 578 579 580 581 582 583 585 586 587 588 589 590 592 593 594 595 596 597 598 599 600 601 601 602 603 604 605 606 606 607 608 609 609 610 611 612 612 613 613 614 615 615 616 616 617 617 618 618 619 619 620 620 620 621 621 622 622 622 540 540 540 540 541 541 541 541 542 542 542 542 542 543 543 543 543 571 567 567 567
559 560 562 563 564 566 568 569 570 572 573 574 575 577 577 579 580 580 582 583 584 586 587 588 589 590 591 593 594 595 596 597 598 599 600 601 602 677 603 604 605 606 607 607 608 609 610 610 611 612 612 613 614 614 615 615 616 617 617 618 618 619 619 620 620 620 621 621 622 622 622 623 623 540 541 541 541 542 542 542 542 543 543 543 543 543 543 544 544 544 572 568 568 568
559 561 563 564 565 567 568 570 571 573 573 575 576 577 653 655 655 656 658 659 660 662 663 664 665 666 667 669 670 671 672 673 674 675 676 677 677 678 679 680 681 682 682 683 684 685 686 686 687 688 688 689 690 690 691 691 692 692 693 693 694 619 620 620 621 621 622 622 623 623 623 624 624 541 542 542 542 542 543 543 543 543 544 544 544 544 544 544 544 545 545 569 569 569
560 562 563 565 642 642 644 646 646 648 650 651 652 653 654 655 656 658 659 660 661 663 664 665 666 667 668 669 671 672 673 674 675 676 677 677 678 679 680 681 682 683 683 684 685 686 686 687 688 688 689 690 690 691 692 692 693 693 694 694 695 695 696 696 697 697 698 698 698 699 699 624 625 542 542 543 543 543 543 544 544 544 544 545 545 545 545 545 545 545 545 570 570 570
635 637 639 641 642 644 645 646 647 649 650 651 653 654 654 656 657 659 660 661 662 664 665 666 667 668 669 670 671 673 674 675 676 676 677 678 679 680 681 682 683 683 684 685 686 686 687 688 689 689 690 691 691 692 692 693 694 694 695 695 696 696 697 697 697 698 698 699 699 699 700 700 701 618 618 618 619 619 544 544 545 545 545 545 545 546 546 546 546 546 546 546 570 570
637 639 639 641 643 645 645 647 649 649 651 652 653 654 655 657 658 660 661 662 663 665 666 667 668 669 670 671 672 673 674 675 676 677 678 679 680 681 682 683 684 684 685 686 687 687 688 689 689 690 691 691 692 693 693 694 694 695 695 696 696 697 697 698 698 699 699 700 700 700 701 701 701 619 619 619 620 620 620 620 620 621 621 621 546 546 547 547 547 547 547 547 543 571
638 639 640 642 643 645 646 648 649 650 652 652 654 655 656 658 659 660 662 663 664 665 667 668 669 670 671 672 673 674 675 676 677 678 679 680 681 682 683 684 684 685 686 687 687 688 689 690 690 691 692 692 693 693 694 695 695 696 696 697 697 698 698 699 699 700 700 700 701 701 701 702 702 619 620 620 620 621 621 621 621 621 622 622 622 622 622 622 623 623 548 548 544 572
638 640 642 642 644 646 646 648 650 651 652 653 655 656 657 659 660 661 663 664 665 666 668 669 670 671 672 673 674 675 676 677 678 679 680 681 682 683 684 684 685 686 687 688 688 689 690 690 691 692 692 693 694 694 695 695 696 696 697 698 698 698 699 699 700 700 701 701 701 702 702 703 703 620 620 621 621 621 622 622 622 622 622 623 623 623 623 623 623 623 624 624 620 620
639 640 642 643 645 646 648 649 650 651 653 654 656 657 658 660 661 662 664 665 666 667 669 670 671 672 673 674 675 676 677 678 679 680 681 682 683 684 684 685 686 687 688 688 689 690 691 691 692 693 693 694 694 695 696 696 697 697 698 698 699 699 700 700 701 701 701 702 702 703 703 703 704 621 621 622 622 622 622 623 623 623 623 623 624 624 624 624 624 624 624 624 620 620
639 641 643 645 645 647 649 649 651 652 654 655 657 658 659 661 662 663 665 666 667 668 669 671 672 673 674 675 676 677 678 679 680 681 682 683 684 684 685 686 687 688 688 689 690 691 691 692 693 693 694 695 695 696 696 697 698 698 699 699 700 700 700 701 701 702 702 703 703 703 704 704 704 622 622 622 623 623 623 623 624 624 624 624 624 624 625 625 625 625 625 625 621 621
640 642 643 645 646 648 649 650 652 653 655 656 658 659 660 662 663 664 666 667 668 669 670 671 673 674 675 676 677 678 679 680 681 682 683 683 684 685 686 687 688 688 689 690 691 691 692 693 693 694 695 695 696 697 697 698 698 699 699 700 700 701 701 702 702 703 703 703 704 704 704 705 705 622 623 623 623 624 624 624 624 624 625 625 625 625 625 625 626 626 626 626 626 622
641 642 644 646 646 648 650 651 653 654 656 657 659 660 661 663 664 665 666 668 669 670 671 672 673 675 676 677 678 679 680 681 682 682 683 684 685 686 687 688 688 689 690 691 691 692 693 694 694 695 696 696 697 697 698 698 699 700 700 701 701 702 702 702 703 703 704 704 704 705 705 706 706 623 623 624 624 624 625 625 625 625 625 626 626 626 626 626 626 626 626 627 627 623
641 643 645 646 647 649 651 652 654 655 657 658 659 661 662 664 665 666 667 669 670 671 672 673 674 675 676 677 678 679 680 681 682 683 684 685 686 687 688 688 689 690 691 692 692 693 694 694 695 696 696 697 698 698 699 699 700 700 701 701 702 702 703 703 704 704 704 705 705 706 706 706 707 624 624 624 625 625 625 625 626 626 626 626 626 627 627 627 627 627 627 627 627 623
642 643 645 647 648 650 652 653 655 656 658 659 660 662 663 664 666 667 668 669 671 672 673 674 675 676 677 678 679 680 681 682 683 684 685 686 687 688 688 689 690 691 692 692 693 694 694 695 696 696 697 698 698 699 699 700 701 701 702 702 703 703 703 704 704 705 705 706 706 706 707 707 707 625 625 625 625 626 626 626 626 627 627 627 627 627 627 628 628 628 628 628 628 624
643 644 646 648 649 651 652 654 656 657 658 660 661 663 664 665 667 668 669 670 671 673 674 675 676 677 678 679 680 681 682 683 684 685 686 687 688 688 689 690 691 692 692 693 694 694 695 696 696 697 698 698 699 700 700 701 701 702 702 703 703 704 704 705 705 705 706 706 707 707 707 708 708 625 626 626 626 626 627 627 627 627 627 628 628 628 628 628 628 628 629 629 629 625
644 645 647 649 650 652 653 655 656 658 659 661 662 664 665 666 667 669 670 671 672 673 675 676 677 678 679 680 681 682 683 684 685 686 687 687 688 689 690 691 692 692 693 694 695 695 696 697 697 698 698 699 700 700 701 701 702 702 703 703 704 704 705 705 706 706 707 707 707 708 708 708 709 626 626 627 627 627 627 628 628 628 628 628 629 629 629 629 629 629 629 629 629 625
645 646 648 650 651 653 654 656 657 659 660 662 663 664 666 667 668 670 671 672 673 674 675 677 678 679 680 681 682 683 684 685 686 686 687 688 689 690 691 691 692 693 694 695 695 696 697 697 698 699 699 700 700 701 702 702 703 703 704 704 705 705 706 706 706 707 707 708 708 708 709 709 709 627 627 627 627 628 628 628 628 629 629 629 629 629 629 630 630 630 630 630 630 626
