testData/tiles/oneDegree/grid13.0-13.0-14.0-14.0.asc
ncols   200
nrows   200
xllcorner   13.0
yllcorner   13.0
cellsize   0.005
NODATA_value   -9999.0
[rows 0 to 41 of 200, columns 94 to 187 of 200]
782 782 780 779 778 866 865 863 863 861 807 807 806 805 805 803 802 801 800 800 799 799 801 803 803 805 806 807 809 810 811 812 812 812 814 814 816 816 817 817 817 818 817 818 818 817 818 817 819 817 818 819 818 818 817 817 816 815 815 814 814 812 813 811 810 808 807 806 806 806 807 806 807 807 808 808 809 809 810 810 811 813 808 807 808 808 810 810 731 731 734 734 734 733
784 781 781 780 780 866 865 865 862 861 861 806 806 806 804 803 803 801 801 800 799 798 800 800 802 804 806 807 808 808 809 809 810 811 812 813 813 815 816 815 816 816 816 817 817 818 817 817 817 817 817 816 817 815 815 816 815 815 814 814 812 812 811 810 808 807 807 806 804 804 806 807 807 808 808 809 810 810 811 811 812 812 813 809 810 808 809 730 730 731 731 732 733 733
783 783 782 781 780 780 866 864 864 863 860 809 808 805 805 804 802 801 802 800 799 798 799 800 802 803 804 806 806 808 808 809 810 811 812 812 813 814 814 814 815 816 816 816 817 816 817 817 816 816 816 815 815 815 814 814 813 813 812 811 811 811 810 808 807 807 806 804 803 804 804 805 808 809 809 810 809 810 810 811 811 812 812 813 808 810 809 730 730 732 731 731 732 732
784 783 783 781 781 780 866 866 864 862 863 809 807 807 805 803 803 803 801 800 800 798 797 799 800 802 804 804 806 806 807 808 809 810 811 811 812 812 813 812 813 815 815 816 815 815 816 816 816 815 815 814 814 814 814 813 812 812 811 810 809 809 807 806 805 806 805 803 803 804 805 805 806 806 809 809 810 810 810 810 811 811 812 812 814 814 809 729 730 730 731 731 732 732
785 784 782 783 782 780 779 866 865 863 863 810 808 807 805 804 804 802 802 801 799 798 797 798 800 801 802 803 803 805 806 808 809 810 810 811 811 812 813 812 813 813 814 813 814 814 813 815 814 815 813 814 814 812 813 812 813 811 811 810 810 808 807 807 805 804 802 801 802 803 803 804 805 806 806 807 809 810 811 812 811 812 812 813 812 814 734 729 728 730 730 731 731 731
785 784 784 784 782 781 780 866 865 865 864 810 809 808 806 806 804 803 802 800 799 799 798 797 799 799 801 802 803 805 806 807 808 808 809 809 810 811 812 812 812 813 812 812 813 813 813 812 812 812 813 814 813 813 812 812 811 811 809 809 808 807 807 806 805 803 802 802 803 802 803 803 804 804 806 806 807 807 810 810 811 810 812 812 813 813 735 735 730 729 729 730 731 731
786 786 785 784 783 781 780 779 868 865 864 812 809 808 807 806 805 804 801 801 800 799 798 797 797 799 800 801 803 803 804 806 806 807 807 808 809 810 810 810 811 812 812 812 811 812 811 813 813 812 812 812 811 811 810 811 810 809 809 809 807 806 805 805 803 802 801 802 802 803 803 804 804 805 805 806 806 807 807 808 810 811 810 811 811 732 732 734 734 729 729 729 729 730
787 786 786 784 784 782 781 780 867 866 865 811 810 809 808 807 805 804 803 801 799 799 799 797 796 797 798 799 801 803 804 804 806 806 807 809 809 810 809 810 810 810 811 810 811 812 811 812 811 811 810 811 809 810 809 809 808 807 807 806 806 805 805 803 802 801 801 801 802 802 804 804 805 805 805 805 806 806 807 807 808 808 811 811 811 731 732 733 734 734 729 728 729 729
788 787 786 786 784 782 782 781 779 867 865 812 811 810 809 808 806 805 803 802 802 800 798 797 796 796 797 799 800 802 802 803 803 804 807 807 808 807 808 809 809 810 809 810 810 811 811 810 810 810 809 809 809 808 808 808 807 807 806 805 804 803 802 801 800 799 800 801 801 803 803 804 804 805 805 806 805 807 807 808 808 809 809 810 732 732 732 733 733 734 734 729 728 729
788 788 788 785 784 784 781 782 781 867 866 813 811 810 810 808 806 806 804 803 802 800 799 798 796 795 796 798 799 799 801 801 802 805 804 805 805 806 807 807 808 808 809 810 809 810 809 810 808 809 809 808 809 807 807 806 806 805 805 803 803 802 801 800 799 798 799 799 801 801 802 802 803 804 806 806 807 806 807 807 808 808 809 809 730 730 732 732 733 734 735 735 735 728
789 789 787 787 785 783 784 783 780 780 867 812 813 812 809 808 808 805 805 804 802 801 800 797 796 795 795 797 798 799 800 801 803 803 804 804 805 806 806 807 807 808 808 808 809 808 808 808 808 807 808 808 808 808 806 807 805 805 804 803 802 802 800 800 798 799 799 800 801 801 802 802 803 804 805 805 806 806 806 806 806 807 807 809 729 730 730 730 732 733 734 735 735 736
791 789 788 787 785 785 784 782 782 780 778 814 813 811 811 809 807 806 806 804 803 801 799 798 797 796 795 795 796 798 798 800 801 802 803 803 804 804 805 806 807 808 806 807 807 808 806 807 807 808 808 807 807 806 806 805 804 804 803 802 801 800 800 799 798 799 800 801 801 802 801 803 803 804 804 805 805 806 806 807 806 806 807 727 728 728 729 729 729 729 732 733 734 734
780 780 789 786 786 786 785 783 782 781 779 815 814 813 811 809 809 808 806 805 803 802 801 798 798 796 794 793 795 795 799 799 800 801 802 803 802 803 804 805 806 805 806 805 806 805 806 807 806 807 806 806 805 805 804 804 802 803 801 801 801 799 799 797 798 798 800 800 801 801 803 803 803 803 804 804 805 805 806 807 808 807 807 728 728 729 729 730 730 730 729 730 733 734
782 780 779 778 787 786 785 784 782 781 780 728 814 813 811 810 809 808 806 806 804 802 801 800 798 797 795 794 793 795 796 798 799 799 800 800 802 804 804 804 803 804 804 805 805 805 806 806 805 805 806 804 805 803 804 802 802 802 800 800 799 798 797 797 797 799 799 800 800 802 802 803 803 804 803 804 805 806 806 807 807 808 727 727 728 728 729 729 730 729 730 730 731 731
782 781 780 778 778 777 785 784 783 782 781 728 815 813 812 811 809 809 808 805 804 803 802 801 799 797 796 793 792 793 795 796 797 798 798 799 801 801 802 802 803 802 803 804 805 805 804 805 804 804 804 803 803 802 803 801 802 800 799 799 798 797 796 796 797 798 799 799 800 801 802 802 803 803 805 804 805 805 806 806 807 807 728 727 727 728 728 729 729 730 729 730 730 731
782 781 780 779 778 778 776 775 784 782 782 729 727 814 812 811 811 810 807 806 805 803 803 800 799 798 795 794 794 793 794 795 796 796 798 800 799 800 800 801 801 802 803 803 803 803 803 803 803 802 803 803 802 802 801 801 801 800 799 799 797 797 796 797 797 798 798 799 800 801 801 802 802 804 804 805 804 805 805 806 806 727 727 728 727 727 728 728 729 729 730 729 730 730
783 783 780 779 780 778 776 776 774 773 783 729 728 814 813 813 811 809 809 807 805 805 802 801 800 798 797 795 794 793 792 793 794 795 797 798 799 799 800 799 800 802 802 803 801 802 802 802 801 802 802 802 802 801 801 800 800 798 798 797 796 795 796 796 798 798 799 799 800 800 801 801 803 803 804 804 805 805 805 805 806 727 728 728 729 728 728 729 729 730 729 730 729 730
784 782 781 782 779 778 778 775 774 775 773 719 729 727 813 813 812 810 809 807 805 805 804 802 800 799 797 796 794 792 791 791 792 795 795 796 796 798 799 799 800 800 801 800 801 800 801 801 800 802 800 801 800 800 799 799 798 797 796 796 794 795 795 796 797 798 798 800 800 801 800 801 802 803 803 804 804 805 805 806 726 727 727 728 728 729 728 728 729 729 730 730 730 730
784 782 782 781 781 779 777 777 776 774 773 721 718 717 806 813 812 811 808 808 807 805 804 802 800 799 798 797 795 793 792 791 792 793 795 794 795 796 796 798 798 799 798 799 799 799 800 799 800 800 800 799 800 798 798 797 797 795 796 794 793 794 795 796 797 797 798 799 800 800 801 801 802 802 803 803 804 805 806 806 726 726 727 727 728 728 727 728 728 729 729 730 730 730
784 784 782 782 781 779 778 777 776 776 774 720 719 718 717 804 802 811 810 808 807 806 803 803 802 799 799 797 795 794 791 790 791 792 792 793 795 795 795 796 797 797 798 798 798 799 798 799 799 799 798 798 798 797 796 796 795 794 794 793 792 794 795 796 797 797 799 799 799 800 801 802 802 802 802 803 804 805 805 806 725 726 726 727 727 728 728 727 728 728 729 729 730 729
785 783 784 783 780 780 779 777 777 776 774 721 720 718 718 717 803 802 800 809 809 806 805 803 801 801 798 797 796 793 792 790 790 791 791 792 792 794 795 795 795 796 797 797 797 798 798 797 798 797 797 796 796 795 796 794 794 794 794 793 793 795 794 796 796 797 798 799 799 800 801 801 802 802 802 803 804 804 805 725 726 725 726 726 727 727 728 728 727 728 728 729 729 730
785 785 784 782 782 781 778 778 778 775 775 722 720 719 719 717 803 802 801 800 798 797 805 803 802 800 800 798 796 795 792 792 790 789 790 790 791 792 793 794 795 795 795 796 795 796 796 796 796 795 795 795 795 795 796 794 794 792 793 792 793 794 795 796 797 797 798 798 799 799 801 801 802 802 803 803 803 804 804 725 725 726 725 727 727 728 728 728 728 728 729 729 729 729
787 785 784 783 782 781 780 779 778 777 776 721 721 721 718 717 717 802 801 800 798 797 796 794 803 802 800 798 796 794 794 792 790 788 789 790 789 791 792 792 793 793 793 794 795 794 795 795 795 795 794 796 794 794 793 793 792 791 791 792 792 794 794 796 796 797 798 799 798 800 800 801 801 802 803 803 803 803 724 724 725 726 727 726 727 727 728 728 728 728 728 729 729 730
788 786 786 784 783 781 780 780 778 777 775 723 721 720 719 718 716 803 801 800 800 797 796 794 793 792 790 798 796 794 794 792 790 788 787 788 790 790 790 791 791 792 792 793 793 793 793 794 793 793 794 794 793 792 792 791 791 789 791 791 792 793 794 795 796 796 798 798 799 799 800 800 801 802 803 803 803 803 723 724 725 726 726 726 726 727 727 727 728 727 728 728 729 729
788 788 786 785 784 782 780 780 779 778 776 723 722 721 720 718 716 714 803 801 799 798 796 794 794 791 790 789 787 787 794 792 790 788 787 787 788 789 789 788 790 790 792 791 792 793 791 792 791 793 792 792 791 791 790 790 788 789 789 791 791 793 793 795 795 796 797 798 798 800 799 800 800 802 802 803 803 722 723 724 725 725 726 726 726 726 727 727 727 728 727 728 728 729
788 788 787 786 784 783 781 781 779 778 777 723 723 722 719 718 717 716 803 801 800 798 797 796 794 793 791 789 788 786 785 782 781 790 787 786 786 787 788 788 787 789 790 790 790 790 790 790 792 791 790 790 790 790 789 788 787 788 789 790 791 792 793 794 795 795 797 797 798 799 800 799 800 801 802 802 802 723 723 724 724 725 725 726 725 726 726 726 727 727 727 727 728 728
789 789 787 786 785 783 783 782 780 778 777 724 723 721 721 720 717 716 715 801 801 799 797 796 795 793 791 789 787 787 784 783 781 779 779 776 785 785 786 786 788 788 788 789 788 789 789 790 790 789 789 789 788 788 787 788 787 789 789 791 791 793 793 795 794 795 796 797 797 799 799 800 800 801 801 802 722 723 724 723 724 724 725 725 726 725 726 726 726 727 726 727 727 728
789 789 789 786 785 785 784 782 781 779 777 724 724 723 721 719 718 717 716 715 800 799 797 796 795 793 791 789 788 786 785 783 781 779 778 777 774 775 775 785 787 786 787 787 788 787 789 788 788 787 788 787 787 786 787 786 787 788 789 790 791 792 793 794 795 794 796 796 797 798 799 799 801 800 801 801 722 723 723 723 723 724 724 725 725 726 726 726 727 727 728 727 728 728
790 790 788 787 786 784 784 784 781 780 779 725 724 723 721 720 718 718 716 714 801 798 798 798 795 794 792 790 790 787 786 784 782 779 778 776 775 774 774 774 775 775 774 785 785 786 786 786 786 786 786 786 785 786 785 785 786 788 788 790 790 792 792 794 794 795 796 796 796 798 798 799 800 801 800 721 722 722 723 723 723 723 724 724 726 725 726 726 726 727 727 727 727 728
791 790 788 788 786 785 785 783 782 781 779 727 725 722 722 720 718 718 716 714 713 800 799 797 796 793 792 791 789 788 785 784 782 781 780 776 775 773 772 773 773 773 774 773 774 774 775 784 785 785 785 785 784 785 784 785 786 787 788 790 790 791 792 793 794 794 796 796 796 797 798 798 800 800 800 720 722 722 722 723 722 723 723 725 725 726 725 725 726 726 727 726 727 727
791 790 790 788 786 786 785 783 783 781 780 727 726 725 721 720 719 718 717 715 713 800 799 797 795 794 792 790 790 787 786 783 782 782 779 778 774 773 771 772 772 772 772 771 773 774 774 774 774 772 773 783 783 783 783 784 786 786 788 788 790 790 792 792 793 794 795 796 795 797 797 798 799 800 720 720 721 722 722 722 722 722 724 724 725 725 724 725 725 726 726 726 726 727
792 791 789 788 788 785 785 785 783 781 780 728 726 724 723 721 719 719 718 715 714 712 799 797 796 795 793 791 790 788 785 784 782 781 780 777 776 772 771 771 771 770 771 771 771 772 771 772 771 771 772 772 771 771 772 784 784 787 788 789 790 791 791 792 793 793 795 795 796 796 797 797 799 799 720 719 721 721 721 722 721 723 723 724 724 725 724 724 725 725 726 725 726 726
793 791 789 789 787 786 786 784 783 783 780 728 727 724 724 722 721 719 717 716 714 713 713 798 797 795 793 792 790 789 787 785 782 781 779 778 775 774 771 770 770 769 770 769 771 770 770 770 770 770 771 770 769 770 772 773 775 776 778 778 780 790 792 791 793 793 794 795 795 797 796 797 798 719 719 719 720 721 721 721 722 722 723 723 724 724 723 724 724 725 725 726 725 725
793 791 791 789 787 787 786 785 784 782 781 728 727 726 724 722 722 720 718 716 715 713 712 799 796 795 793 792 791 788 787 785 783 782 779 777 776 774 772 770 768 767 768 769 768 769 767 768 767 768 768 768 768 770 771 773 774 776 776 778 779 780 781 782 782 783 783 794 795 796 796 796 798 718 719 718 720 720 720 721 721 722 722 723 723 724 723 723 724 724 725 725 725 725
795 793 791 790 789 786 786 786 784 782 781 729 727 725 724 723 722 721 719 717 715 713 712 710 797 794 793 793 790 789 786 785 783 782 780 777 776 774 773 770 768 767 766 767 768 767 767 766 766 766 767 766 768 769 771 772 774 774 776 777 778 779 780 781 782 782 783 784 784 786 785 786 707 708 708 719 719 720 720 720 721 721 722 722 723 723 722 723 723 724 724 726 725 725
795 793 793 791 789 788 788 785 784 784 781 729 727 726 725 723 723 720 719 718 715 714 713 711 710 796 794 793 792 788 787 784 783 783 780 779 775 774 773 770 768 766 764 766 765 765 764 765 764 765 765 765 766 768 770 772 773 774 775 777 777 779 779 781 781 782 782 783 784 784 785 785 707 707 708 708 709 709 709 710 710 711 711 712 712 712 712 712 713 714 715 715 714 715
794 794 793 791 790 789 787 786 785 783 782 729 728 727 725 723 722 721 720 718 717 714 713 712 709 796 794 793 791 790 787 785 783 782 781 778 776 773 773 771 768 766 763 764 763 764 763 763 762 762 763 764 766 767 770 770 772 773 775 776 777 778 779 780 781 781 782 783 783 784 784 705 705 707 707 708 708 708 709 709 710 710 711 711 712 712 711 712 713 714 714 714 714 714
796 795 792 792 791 789 788 788 785 783 781 730 729 726 725 724 723 722 720 718 716 715 714 712 710 707 794 793 791 790 788 786 783 782 780 779 776 774 772 771 767 766 763 762 762 762 761 761 761 761 762 764 765 766 768 770 771 773 773 775 776 777 778 779 780 780 781 782 783 783 784 704 705 706 707 707 708 708 708 709 709 710 710 711 711 711 711 711 713 713 714 714 713 714
796 794 794 792 790 790 790 787 786 784 783 730 728 727 726 724 724 721 720 718 716 715 714 712 710 708 705 793 792 789 788 786 784 782 780 778 777 773 773 770 768 765 764 763 761 761 760 761 759 761 761 762 764 765 768 769 771 771 773 774 775 776 778 778 780 779 781 781 782 783 703 704 704 706 706 707 707 707 708 708 709 709 710 710 710 711 710 712 712 713 713 713 713 713
795 795 794 792 792 790 789 788 787 785 784 730 729 728 726 724 723 722 720 718 718 715 715 713 711 710 708 793 791 790 787 786 784 783 780 778 776 775 773 771 768 766 764 761 760 759 759 758 758 760 762 762 764 765 766 768 769 771 772 773 774 776 776 778 778 779 780 781 782 782 702 703 704 705 706 705 706 707 707 708 708 709 709 710 710 710 710 711 712 712 712 713 712 713
797 796 793 793 792 790 789 789 787 786 783 732 730 727 726 724 722 723 721 720 717 716 715 713 712 709 708 707 792 789 788 785 784 783 781 779 776 775 772 771 769 766 764 761 760 757 756 757 757 760 760 762 762 764 765 766 769 770 771 772 774 775 776 776 777 778 779 780 780 702 701 703 703 704 705 705 705 706 707 707 708 708 709 709 709 710 709 711 711 712 712 712 712 712
797 795 795 793 791 790 791 788 787 785 785 732 730 729 725 725 724 723 721 719 718 715 715 714 711 710 707 706 705 790 788 786 783 783 781 778 777 774 772 770 769 766 764 761 760 757 755 755 756 757 760 761 762 763 765 766 766 769 770 772 773 774 774 776 776 778 778 780 780 700 701 702 703 703 705 704 704 706 706 707 706 708 708 708 709 709 709 710 711 711 711 711 711 712
