testData/tiles/oneDegree/grid39.0-43.0-40.0-44.0.asc
ncols   200
nrows   200
xllcorner   39.0
yllcorner   43.0
cellsize   0.005
NODATA_value   -9999.0
[rows 42 to 83 of 200, columns 0 to 93 of 200]
362 361 362 362 362 362 362 363 363 363 363 364 364 364 364 364 364 364 364 364 364 364 365 365 365 365 365 364 364 365 365 365 365 365 365 364 365 365 365 365 365 365 364 364 365 365 365 365 364 364 364 364 364 364 363 364 364 364 364 363 363 363 363 362 362 362 362 362 361 361 361 361 360 360 261 261 260 260 260 259 259 259 259 258 258 258 257 257 392 392 391 391 391 390
362 362 363 363 363 363 363 364 364 364 364 364 365 365 365 365 364 365 365 365 365 365 365 366 366 366 365 365 365 366 366 366 366 366 365 365 366 366 366 366 366 365 365 365 365 366 366 366 365 365 365 365 365 364 364 364 365 365 364 364 364 364 364 363 363 363 363 362 362 362 362 362 361 361 361 362 361 361 361 360 360 360 260 259 259 259 258 258 258 393 392 392 392 391
363 363 364 364 364 364 364 365 365 365 365 365 366 366 365 365 365 366 366 366 366 366 366 367 367 366 366 366 366 367 367 367 367 367 366 366 366 367 367 367 367 366 366 366 366 367 367 366 366 366 366 366 366 365 365 365 366 366 365 365 365 365 365 364 364 364 364 363 363 363 363 362 362 362 362 361 361 362 362 361 361 361 361 360 360 360 359 359 259 259 393 393 393 392
364 364 364 365 365 365 365 366 366 366 366 366 366 366 366 366 366 367 367 367 367 367 367 368 367 367 367 367 367 367 368 368 368 367 367 367 367 368 368 368 367 367 367 367 367 367 367 367 367 367 367 367 366 366 366 366 366 367 366 366 366 366 365 365 365 365 365 364 364 364 364 363 363 363 363 362 362 362 362 362 362 362 362 361 361 361 360 360 360 360 494 494 493 492
365 365 365 366 366 366 366 367 367 367 366 366 367 367 367 367 367 367 368 368 368 368 368 368 368 368 368 368 368 368 369 369 368 368 368 368 368 369 369 368 368 368 368 368 368 368 368 368 368 368 368 368 367 367 367 367 367 366 367 367 367 367 366 366 366 366 366 365 365 365 365 364 364 364 364 363 363 363 363 362 362 362 362 361 361 362 360 360 360 360 359 494 494 493
366 366 366 367 367 367 367 367 367 367 367 367 367 368 368 368 368 368 369 369 369 368 368 368 369 369 369 369 369 369 370 369 369 369 369 369 369 369 369 369 369 369 369 369 369 368 368 369 369 369 369 368 368 368 368 368 368 367 368 368 368 368 367 367 367 367 366 366 366 366 366 365 365 365 365 364 364 364 364 363 363 363 362 362 362 362 361 361 361 360 360 360 495 494
367 367 367 368 368 367 367 367 368 368 368 368 368 369 369 369 369 369 370 369 369 369 369 369 370 370 370 370 370 369 369 370 370 370 370 370 370 369 370 370 370 370 370 370 369 369 369 370 370 370 369 369 369 369 369 369 368 368 368 369 369 368 368 368 368 368 367 367 367 367 366 366 366 366 365 365 365 365 364 364 364 364 363 363 363 363 362 362 362 361 361 361 361 495
368 367 367 367 368 368 368 368 369 369 369 369 369 370 370 370 370 369 370 370 370 370 370 370 371 371 371 371 370 370 370 371 371 371 371 371 370 370 371 371 371 371 371 370 370 370 370 371 371 371 370 370 370 370 370 369 369 369 369 369 369 369 369 369 369 368 368 368 368 368 367 367 367 367 366 366 366 366 365 365 365 365 364 364 364 364 363 363 363 362 362 362 361 361
368 368 368 368 369 369 369 369 370 370 370 370 370 371 371 370 370 370 370 371 371 371 371 371 371 372 371 371 371 371 371 372 372 372 372 371 371 371 371 372 372 372 371 371 371 371 371 371 372 371 371 371 371 371 371 370 370 370 370 370 370 370 370 370 370 369 369 369 369 368 368 368 368 368 367 367 367 367 366 366 366 366 365 365 365 364 364 364 364 363 363 363 362 362
369 369 369 369 370 370 370 370 370 371 371 371 371 370 371 371 371 371 371 372 372 372 372 372 372 372 372 372 372 372 372 372 373 373 372 372 372 372 372 373 373 372 372 372 372 372 372 372 371 372 372 372 372 372 371 371 371 371 371 370 370 371 371 371 370 370 370 370 370 369 369 369 369 368 368 368 368 367 367 367 367 366 366 366 366 365 365 365 365 364 364 364 363 363
370 370 370 370 371 371 371 371 371 372 371 371 371 371 372 372 372 372 372 373 373 373 373 372 372 373 373 373 373 373 373 373 373 373 373 373 373 373 373 373 373 373 373 373 373 373 373 372 372 373 373 373 373 372 372 372 372 372 371 371 371 371 372 371 371 371 371 371 370 370 370 370 370 369 369 369 369 368 368 368 368 367 367 367 367 366 366 366 365 365 365 365 364 364
371 371 371 371 371 372 372 371 371 372 372 372 372 372 373 373 373 373 373 373 374 373 373 373 373 373 374 374 374 374 374 373 374 374 374 374 374 374 374 373 374 374 374 374 374 374 373 373 373 373 374 374 373 373 373 373 373 373 372 372 372 372 372 372 372 372 372 372 371 371 371 371 370 370 370 370 369 369 369 369 368 368 368 368 367 367 367 367 366 366 366 365 365 365
372 372 371 371 371 372 372 372 372 372 373 373 373 373 373 374 374 374 373 373 374 374 374 374 374 374 375 375 375 374 374 374 374 375 375 375 375 374 374 374 374 375 375 375 375 374 374 374 374 374 375 374 374 374 374 374 374 373 373 373 373 373 372 372 373 373 373 372 372 372 372 371 371 371 371 371 370 370 370 370 369 369 369 369 368 368 368 367 367 367 367 366 366 366
371 372 372 372 372 373 373 373 373 373 374 374 374 374 374 375 374 374 374 374 375 375 375 375 375 375 376 375 375 375 375 375 375 376 376 376 375 375 375 375 375 376 376 375 375 375 375 375 375 375 374 375 375 375 375 375 374 374 374 374 374 373 373 373 373 374 373 373 373 373 373 372 372 372 372 371 371 371 371 370 370 370 370 369 369 369 369 368 368 368 368 367 367 367
372 373 373 373 373 374 374 374 374 374 375 375 375 374 374 375 375 375 375 375 375 376 376 376 376 375 375 376 376 376 376 376 376 376 376 376 376 376 376 376 376 376 376 376 376 376 376 376 376 375 375 375 376 376 376 375 375 375 375 375 374 374 374 374 374 373 374 374 374 374 373 373 373 373 372 372 372 372 372 371 371 371 371 370 370 370 369 369 369 369 368 368 368 368
373 374 374 374 374 374 375 375 375 374 375 375 375 375 375 375 376 376 376 376 376 377 377 376 376 376 376 377 377 377 377 377 376 376 377 377 377 377 377 377 376 376 377 377 377 377 377 376 376 376 376 376 377 376 376 376 376 376 376 375 375 375 375 375 374 374 374 375 375 374 374 374 374 374 373 373 373 373 372 372 372 372 371 371 371 371 370 370 370 370 369 369 369 368
374 374 375 375 375 374 375 375 375 375 375 376 376 376 376 376 377 377 377 377 376 377 377 377 377 377 377 377 378 378 377 377 377 377 377 378 378 378 378 377 377 377 377 378 378 378 377 377 377 377 377 377 376 377 377 377 377 377 376 376 376 376 376 375 375 375 375 375 374 375 375 375 375 374 374 374 374 373 373 373 373 372 372 372 372 371 371 371 371 370 370 370 370 369
374 374 375 375 375 375 376 376 376 376 376 377 377 377 377 377 378 377 377 377 377 377 378 378 378 378 378 378 378 378 378 378 378 378 378 379 379 378 378 378 378 378 378 379 378 378 378 378 378 378 378 377 377 377 378 378 378 377 377 377 377 377 376 376 376 376 376 375 375 375 376 376 375 375 375 375 375 374 374 374 374 373 373 373 373 372 372 372 372 371 371 371 370 370
375 375 376 376 376 376 376 377 377 377 377 378 378 378 377 377 377 378 378 378 378 378 379 379 379 379 378 378 379 379 379 379 379 379 379 378 379 379 379 379 379 379 379 378 379 379 379 379 379 379 378 378 378 378 379 379 378 378 378 378 378 377 377 377 377 377 376 376 376 376 376 375 376 376 376 376 375 375 375 375 374 374 374 374 373 373 373 373 372 372 372 372 371 371
376 376 377 377 377 377 377 378 378 378 377 377 378 378 378 378 378 379 379 379 379 379 379 379 379 379 379 379 379 380 380 380 380 379 379 379 380 380 380 380 380 379 379 379 380 380 380 380 379 379 379 379 379 379 378 379 379 379 379 379 378 378 378 378 378 377 377 377 377 377 376 376 376 376 377 376 376 376 376 375 375 375 375 374 374 374 374 373 373 373 373 372 372 372
377 377 377 378 378 377 377 378 378 378 378 378 379 379 379 379 379 380 380 380 379 379 379 380 380 380 380 380 380 381 381 380 380 380 380 380 380 381 381 380 380 380 380 380 380 381 381 380 380 380 380 380 380 379 379 379 380 380 380 379 379 379 379 379 378 378 378 378 378 377 377 377 377 377 376 376 377 377 376 376 376 376 376 375 375 375 375 374 374 374 373 373 373 373
377 377 377 378 378 378 378 378 379 379 379 379 380 380 380 380 380 379 380 380 380 380 380 381 381 381 381 381 380 380 381 381 381 381 381 381 381 381 381 381 381 381 381 381 381 380 381 381 381 381 381 381 380 380 380 380 380 381 380 380 380 380 380 379 379 379 379 379 378 378 378 378 378 377 377 377 377 377 376 377 377 377 376 376 376 376 375 375 375 375 374 374 373 372
378 378 378 379 379 379 379 379 380 380 380 380 380 380 380 380 380 380 381 381 381 381 381 381 382 382 381 381 381 381 382 382 382 382 382 381 381 381 382 382 382 382 382 381 381 381 382 382 382 382 381 381 381 381 381 381 380 380 381 381 381 381 380 380 380 380 380 379 379 379 379 379 378 378 378 378 378 377 377 377 377 376 376 376 376 375 375 375 375 374 374 374 374 373
379 379 379 379 380 380 380 380 381 380 380 380 380 381 381 381 381 381 382 382 382 382 382 381 382 382 382 382 382 382 382 383 383 382 382 382 382 382 383 383 383 382 382 382 382 382 382 383 382 382 382 382 382 382 382 381 381 381 381 382 382 381 381 381 381 381 380 380 380 380 380 379 379 379 379 379 378 378 378 378 377 377 377 377 376 376 376 376 375 375 375 375 374 374
380 380 380 379 380 380 380 380 380 381 381 381 381 382 382 382 382 382 382 383 382 382 382 382 382 383 383 383 383 383 382 383 383 383 383 383 383 383 383 383 383 383 383 383 383 383 383 382 383 383 383 383 383 382 382 382 382 382 382 381 382 382 382 382 382 381 381 381 381 381 380 380 380 380 380 379 379 379 379 378 378 378 378 377 377 377 377 376 376 376 376 375 375 375
380 380 380 380 381 381 381 381 381 382 382 382 382 382 383 383 382 382 382 383 383 383 383 383 383 384 384 384 383 383 383 383 384 384 384 384 384 383 383 384 384 384 384 384 384 383 383 383 384 384 384 384 383 383 383 383 383 383 382 382 382 383 383 382 382 382 382 382 382 381 381 381 381 380 380 380 380 380 379 379 379 379 378 378 378 378 377 377 377 377 376 376 376 376
381 381 381 381 381 382 382 382 382 383 383 382 382 382 383 383 383 383 383 383 384 384 384 384 384 383 384 384 384 384 384 384 385 385 385 384 384 384 384 384 385 385 385 384 384 384 384 384 384 385 384 384 384 384 384 384 383 383 383 383 383 383 383 383 383 383 383 382 382 382 382 382 381 381 381 381 381 380 380 380 380 379 379 379 379 379 378 378 378 379 378 378 378 377
381 382 382 382 382 383 382 382 382 382 383 383 383 383 383 384 384 384 384 384 385 384 384 384 384 384 385 385 385 385 385 385 384 385 385 385 385 385 385 385 384 385 385 385 385 385 385 385 384 384 385 385 385 385 384 384 384 384 384 384 383 383 383 384 384 384 383 383 383 383 383 382 382 382 382 382 381 381 381 381 380 381 381 381 381 380 380 380 380 379 379 379 378 378
381 382 382 382 382 383 383 383 383 383 384 384 384 384 384 385 385 384 384 384 385 385 385 385 385 385 385 386 386 385 385 385 385 386 386 386 386 386 385 385 385 386 386 386 386 386 385 385 385 385 385 386 386 385 385 385 385 385 385 384 384 384 384 384 383 384 384 384 384 384 383 383 383 383 384 383 383 383 383 382 382 382 382 382 381 381 381 381 380 380 380 380 379 379
382 383 383 383 383 383 384 384 384 384 385 385 385 384 384 385 385 385 385 385 385 386 386 386 386 386 385 386 386 386 386 386 386 386 387 387 386 386 386 386 386 386 387 387 386 386 386 386 386 386 386 385 386 386 386 386 386 385 385 385 385 385 385 384 384 384 385 385 385 385 385 385 385 384 384 384 384 384 383 383 383 383 382 382 382 382 382 381 381 381 381 380 380 380
383 383 384 384 384 384 385 384 384 384 384 385 385 385 385 385 386 386 386 386 386 387 386 386 386 386 386 386 387 387 387 387 387 386 387 387 387 387 387 387 387 386 387 387 387 387 387 387 387 386 386 386 386 387 387 386 386 386 386 386 386 385 386 386 386 386 386 385 386 386 386 386 385 385 385 385 385 384 384 384 384 383 383 383 383 383 382 382 382 382 381 381 381 381
383 383 384 384 384 384 385 385 385 385 385 386 386 386 386 386 387 387 386 386 386 386 387 387 387 387 387 387 388 388 387 387 387 387 387 388 388 388 388 387 387 387 387 388 388 388 388 387 387 387 387 387 387 388 387 387 387 388 388 388 387 387 387 387 387 386 386 386 386 387 387 386 386 386 386 385 385 385 385 385 384 384 384 384 383 383 383 383 383 382 382 382 382 381
384 384 385 385 385 385 385 386 386 386 386 386 387 387 386 386 386 387 387 387 387 387 388 388 388 388 388 387 387 388 388 388 388 388 388 388 388 388 388 388 388 388 388 388 388 388 388 388 388 388 388 388 388 388 389 389 389 389 388 388 388 388 388 388 387 387 387 387 387 386 386 387 387 387 386 386 386 386 386 385 385 385 385 384 384 384 385 385 384 384 384 384 383 383
385 385 385 386 386 386 386 387 386 386 386 386 387 387 387 387 387 388 388 388 388 388 388 388 388 388 388 388 388 389 389 389 389 388 388 388 389 389 389 389 389 389 388 388 388 389 389 390 390 389 389 389 389 389 389 390 389 389 389 389 389 389 388 388 388 388 388 388 387 387 387 387 387 386 387 387 387 387 386 386 387 387 386 386 386 386 385 385 385 385 385 384 384 384
385 385 385 386 386 386 386 386 387 387 387 387 388 388 388 388 388 388 389 388 388 388 388 389 389 389 389 389 389 389 389 389 389 389 389 389 389 390 390 389 389 389 389 390 390 391 391 390 390 390 390 390 390 390 389 389 390 390 390 390 389 389 389 389 389 389 388 388 388 388 388 387 387 387 388 388 387 388 388 388 388 387 387 387 387 386 386 386 386 385 385 385 385 384
386 386 386 387 387 387 387 387 388 388 388 388 388 389 388 388 388 388 389 389 389 389 389 389 390 390 390 389 389 389 390 390 390 390 390 390 390 390 390 391 391 391 391 391 391 390 391 391 391 391 391 391 390 390 390 390 390 390 390 390 390 390 390 390 389 389 389 389 389 390 389 389 389 389 389 388 388 388 388 387 387 387 388 388 387 387 387 387 386 385 385 385 384 384
387 387 387 387 388 388 388 387 388 388 388 388 388 389 389 389 389 389 389 390 390 390 390 389 390 390 390 390 390 390 390 391 391 390 390 390 391 391 392 392 392 392 391 391 391 391 391 392 392 392 391 391 391 391 391 391 390 390 390 391 391 391 390 390 391 391 391 391 390 390 390 390 390 389 389 389 389 389 388 388 388 388 388 387 387 387 387 386 386 386 386 385 385 385
387 387 387 387 388 388 388 388 388 389 389 389 389 389 390 390 390 390 389 390 390 390 390 390 390 391 391 391 391 391 390 391 392 392 392 392 392 392 392 392 392 392 392 392 392 392 392 391 392 392 392 392 392 392 391 391 391 391 391 391 393 392 392 392 392 392 391 391 391 391 391 391 390 390 390 390 390 389 389 389 389 388 388 388 388 388 387 387 387 387 386 386 386 386
388 388 388 388 388 389 389 389 389 390 390 390 390 389 390 390 390 390 390 390 391 391 391 391 391 392 391 391 391 392 392 392 393 393 393 393 392 392 392 392 393 393 393 393 393 392 392 392 392 393 393 393 392 392 392 392 393 393 393 392 392 393 393 393 392 392 392 392 392 392 391 391 391 391 391 390 390 390 390 390 389 389 389 389 388 388 388 388 388 387 387 387 387 386
388 389 389 389 389 390 389 389 389 389 390 390 390 390 390 391 391 391 391 391 392 392 391 391 391 391 393 393 393 393 393 393 393 393 393 393 393 393 393 393 394 394 393 393 393 393 393 393 393 393 393 393 394 394 394 394 393 393 393 393 393 393 393 393 393 393 393 393 392 392 392 392 392 391 391 391 391 391 390 390 390 390 390 389 389 389 389 388 389 389 389 389 388 388
388 389 389 389 389 390 390 390 390 390 391 391 391 391 391 392 392 391 391 391 391 392 392 393 393 393 393 394 394 393 393 393 393 394 394 394 394 394 394 393 393 394 394 394 394 394 394 393 394 394 394 395 395 395 394 394 394 394 394 394 394 393 393 393 394 394 393 393 393 393 393 393 392 392 392 392 392 391 391 391 391 391 390 391 391 391 390 390 390 390 389 389 389 389
389 390 390 390 390 390 391 391 391 391 391 391 391 391 391 391 392 392 392 392 392 394 394 394 394 393 393 394 394 394 394 394 394 394 395 395 394 394 394 394 394 394 395 395 394 395 395 395 395 395 395 395 395 395 395 395 395 395 394 394 394 394 394 394 393 393 394 394 394 394 393 393 393 393 393 392 392 392 392 393 392 392 392 392 392 391 391 391 391 390 390 390 390 389
