testData/tiles/oneDegree/grid21.0-36.0-22.0-37.0.asc
ncols   200
nrows   200
xllcorner   21.0
yllcorner   36.0
cellsize   0.005
NODATA_value   -9999.0
[rows 84 to 125 of 200, columns 94 to 187 of 200]
441 440 440 440 440 440 440 439 439 439 439 439 439 438 438 438 438 438 438 438 437 437 438 438 438 439 438 439 439 439 440 440 440 440 440 441 441 441 441 441 441 442 442 442 442 442 442 443 443 443 442 443 443 443 443 444 506 506 506 506 507 507 507 506 506 506 506 507 507 506 506 506 506 506 506 505 505 505 505 505 505 504 504 504 504 504 504 503 503 503 503 503 503 502
441 440 440 440 440 440 440 439 439 439 439 439 439 438 438 438 438 438 438 437 437 437 437 437 438 438 438 438 438 439 439 440 439 439 440 440 440 441 440 440 441 441 441 442 441 441 442 442 442 442 442 442 442 442 443 443 505 505 505 506 506 506 505 505 505 506 506 506 506 505 505 505 505 505 505 505 505 505 505 505 505 504 504 504 504 504 503 502 502 502 502 502 502 501
441 440 440 440 440 440 440 439 439 439 439 439 439 438 438 438 438 438 438 437 437 437 437 437 437 437 437 438 438 438 439 439 438 439 439 439 440 440 440 440 440 440 441 441 440 441 441 441 442 442 441 441 442 442 442 442 441 505 505 505 505 505 504 505 505 505 505 505 505 504 504 505 505 505 505 504 504 504 504 504 504 503 503 503 503 503 503 502 502 502 501 501 501 500
441 440 440 440 440 440 440 439 439 439 439 439 439 438 438 438 438 438 438 437 437 437 437 437 437 436 437 437 437 438 438 437 438 438 439 439 439 440 439 439 440 440 440 440 440 440 440 441 441 441 440 441 441 441 441 442 441 504 504 504 504 505 504 504 504 504 504 504 504 504 504 504 504 504 504 503 503 503 503 503 503 502 502 502 502 502 502 501 501 501 501 501 501 499
440 440 440 440 440 440 440 439 439 439 439 439 439 438 438 438 438 438 438 437 437 437 437 437 437 436 436 436 437 437 437 437 437 438 438 438 439 439 438 439 439 439 440 440 439 439 440 440 440 440 440 440 440 440 441 441 440 440 503 504 504 504 503 503 503 504 504 504 503 503 503 503 503 503 502 502 502 502 503 503 503 502 502 501 501 501 501 500 500 500 500 500 500 499
440 440 440 440 440 440 439 439 439 439 439 439 439 438 438 438 438 438 438 437 437 437 437 437 437 436 436 436 436 437 437 436 437 437 437 438 438 437 438 438 438 439 439 439 438 439 439 439 440 440 439 439 440 440 440 440 439 440 503 503 503 503 502 503 503 503 503 503 502 502 502 502 503 503 502 502 502 502 502 502 501 501 501 501 501 501 501 500 500 499 499 499 499 498
440 440 440 440 440 440 439 439 439 439 439 439 438 438 438 438 438 438 438 437 437 437 437 437 437 436 436 436 436 436 436 436 436 436 437 437 437 437 437 437 438 438 438 438 438 438 438 439 439 439 438 439 439 439 439 440 439 439 502 502 502 503 502 502 502 502 502 502 502 502 502 502 502 502 501 501 501 501 501 501 500 500 500 500 500 500 499 499 499 499 499 499 499 497
440 440 440 440 440 440 439 439 439 439 439 439 438 438 438 438 438 438 438 437 437 437 437 437 437 436 436 436 436 436 436 435 435 436 436 436 437 436 436 437 437 437 438 437 437 437 438 438 438 438 438 438 438 438 439 439 438 438 438 502 502 502 501 501 501 501 502 502 501 501 501 501 501 501 500 500 500 500 500 500 499 499 499 499 499 499 498 498 498 498 498 498 497 497
440 440 440 440 440 440 439 439 439 439 439 439 438 438 438 438 438 438 437 437 437 437 437 437 437 436 436 436 436 436 436 435 435 435 435 436 436 435 436 436 436 437 437 436 437 437 437 437 438 437 437 437 438 438 438 437 437 438 438 501 501 501 500 501 501 501 501 501 500 500 500 500 500 501 500 500 500 500 500 500 499 499 499 499 499 499 498 498 497 497 497 497 496 496
440 440 440 440 440 440 439 439 439 439 439 439 438 438 438 438 438 438 437 437 437 437 437 437 436 436 436 436 436 436 436 435 435 435 435 435 436 435 435 435 436 436 436 436 436 436 436 437 437 436 436 437 437 437 437 437 437 437 437 437 500 500 500 500 500 500 500 500 499 500 500 500 500 500 499 499 499 499 499 499 498 498 498 498 498 498 497 497 497 497 497 497 495 495
440 440 440 440 440 440 439 439 439 439 439 439 438 438 438 438 438 438 437 437 437 437 437 437 436 436 436 436 436 436 435 435 435 435 435 435 435 434 435 435 435 435 436 435 435 436 436 436 436 436 436 436 436 436 437 436 436 436 436 437 500 499 499 499 499 499 500 499 499 499 499 499 499 499 498 498 498 498 498 498 497 497 497 497 497 497 496 496 496 496 496 496 495 495
440 440 440 440 440 439 439 439 439 439 439 439 438 438 438 438 438 438 437 437 437 437 437 437 436 436 436 436 436 436 435 435 435 435 435 435 434 434 434 434 435 435 435 434 435 435 435 435 436 435 435 435 436 436 436 435 435 436 436 436 499 498 498 498 499 499 499 498 498 498 498 498 498 497 497 498 498 498 498 498 497 497 497 497 497 497 495 495 495 495 495 495 494 494
440 440 440 440 440 439 439 439 439 439 439 438 438 438 438 438 438 438 437 437 437 437 437 437 436 436 436 436 436 436 435 435 435 435 435 435 434 434 434 434 434 434 433 434 434 434 434 435 435 434 434 435 435 435 435 434 435 435 435 435 435 498 498 498 498 498 498 497 497 497 498 498 498 497 497 497 497 497 497 496 496 496 496 496 496 496 495 495 495 495 495 494 493 493
440 440 440 440 440 439 439 439 439 439 439 438 438 438 438 438 438 437 437 437 437 437 437 437 436 436 436 436 436 436 435 435 435 435 435 435 434 434 434 434 434 434 433 433 433 434 434 434 433 434 434 434 434 434 435 434 434 434 434 435 435 497 497 497 497 497 497 497 497 497 497 497 497 496 496 496 496 496 496 495 495 495 495 495 495 494 494 494 494 494 494 494 493 493
440 440 440 440 440 439 439 439 439 439 439 438 438 438 438 438 438 437 437 437 437 437 437 436 436 436 436 436 436 436 435 435 435 435 435 435 434 434 434 434 434 434 433 433 433 433 433 433 433 433 433 433 434 434 433 433 433 434 434 434 434 433 496 496 497 497 497 496 496 496 496 496 496 495 495 495 495 495 496 495 495 495 495 494 494 493 493 493 493 493 493 492 492 492
440 440 440 440 439 439 439 439 439 439 439 438 438 438 438 438 438 437 437 437 437 437 437 436 436 436 436 436 436 435 435 435 435 435 435 435 434 434 434 434 434 434 433 433 433 433 433 433 432 432 432 433 433 433 432 432 433 433 433 433 432 432 496 496 496 496 496 495 495 495 495 496 496 495 495 495 495 495 495 494 494 494 494 494 494 493 493 493 493 493 492 491 491 491
440 440 440 440 439 439 439 439 439 439 438 438 438 438 438 438 438 437 437 437 437 437 437 436 436 436 436 436 436 435 435 435 435 435 435 434 434 434 434 434 434 434 433 433 433 433 433 433 432 432 432 432 432 432 432 432 432 432 432 432 432 432 432 495 495 495 494 494 495 495 495 495 495 494 494 494 494 494 494 493 493 493 493 493 493 492 492 492 492 492 492 491 491 490
440 440 440 440 439 439 439 439 439 439 438 438 438 438 438 438 437 437 437 437 437 437 437 436 436 436 436 436 436 435 435 435 435 435 435 434 434 434 434 434 434 433 433 433 433 433 433 433 432 432 432 432 432 432 431 431 431 431 432 432 431 431 431 494 494 495 494 494 494 494 494 494 493 493 493 493 493 493 493 492 492 492 492 492 492 491 491 491 491 491 491 490 490 490
440 440 440 440 439 439 439 439 439 439 438 438 438 438 438 438 437 437 437 437 437 437 436 436 436 436 436 436 436 435 435 435 435 435 435 434 434 434 434 434 434 433 433 433 433 433 433 432 432 432 432 432 432 432 431 431 431 431 431 431 430 430 431 494 494 494 493 493 493 493 493 493 492 493 493 493 493 493 492 492 492 492 492 492 492 491 491 491 490 490 490 489 489 489
440 440 440 439 439 439 439 439 439 439 438 438 438 438 438 438 437 437 437 437 437 437 436 436 436 436 436 436 435 435 435 435 435 435 435 434 434 434 434 434 434 433 433 433 433 433 433 432 432 432 432 432 432 431 431 431 431 431 431 431 430 430 430 430 493 493 492 492 493 493 493 493 492 492 492 492 492 492 491 491 491 491 491 491 490 490 490 490 490 490 490 489 489 488
440 440 440 439 439 439 439 439 439 438 438 438 438 438 438 438 437 437 437 437 437 437 436 436 436 436 436 436 435 435 435 435 435 435 435 434 434 434 434 434 434 433 433 433 433 433 433 432 432 432 432 432 432 431 431 431 431 431 431 430 430 430 430 430 493 493 492 492 492 492 492 492 491 491 491 491 491 491 490 490 490 490 490 490 489 489 489 489 489 489 488 488 488 488
440 440 440 439 439 439 439 439 439 438 438 438 438 438 438 437 437 437 437 437 437 437 436 436 436 436 436 436 435 435 435 435 435 435 434 434 434 434 434 434 434 433 433 433 433 433 433 432 432 432 432 432 432 431 431 431 431 431 431 430 430 430 430 430 430 492 492 492 492 492 492 492 491 491 491 491 491 491 490 490 490 490 490 490 489 489 489 489 489 489 488 488 488 488
440 440 440 439 439 439 439 439 439 438 438 438 438 438 438 437 437 437 437 437 437 436 436 436 436 436 436 436 435 435 435 435 435 435 434 434 434 434 434 434 433 433 433 433 433 433 433 432 432 432 432 432 432 431 431 431 431 431 431 430 430 430 430 430 430 492 492 492 492 492 492 491 491 491 491 491 491 491 490 490 490 490 490 490 489 489 489 489 489 489 488 488 488 488
440 440 439 439 439 439 439 439 439 438 438 438 438 438 438 437 437 437 437 437 437 436 436 436 436 436 436 436 435 435 435 435 435 435 434 434 434 434 434 434 433 433 433 433 433 433 432 432 432 432 432 432 432 431 431 431 431 431 431 430 430 430 430 430 430 429 492 492 492 492 492 491 491 491 491 491 491 491 490 490 490 490 490 490 489 489 489 489 489 489 488 488 488 488
440 440 439 439 439 439 439 439 438 438 438 438 438 438 438 437 437 437 437 437 437 436 436 436 436 436 436 435 435 435 435 435 435 435 434 434 434 434 434 434 433 433 433 433 433 433 432 432 432 432 432 432 431 431 431 431 431 431 431 430 430 430 430 430 430 429 492 492 492 492 492 491 491 491 491 491 491 490 490 490 490 490 490 490 489 489 489 489 489 489 488 488 488 488
440 440 439 439 439 439 439 439 438 438 438 438 438 438 437 437 437 437 437 437 437 436 436 436 436 436 436 435 435 435 435 435 435 434 434 434 434 434 434 434 433 433 433 433 433 433 432 432 432 432 432 432 431 431 431 431 431 431 430 430 430 430 430 430 430 429 492 492 492 492 492 491 491 491 491 491 491 490 490 490 490 490 490 489 489 489 489 489 489 489 488 488 488 488
440 439 439 439 439 439 439 439 438 438 438 438 438 438 437 437 437 437 437 437 436 436 436 436 436 436 436 435 435 435 435 435 435 434 434 434 434 434 434 433 433 433 433 433 433 433 432 432 432 432 432 432 431 431 431 431 431 431 430 430 430 430 430 430 429 429 429 492 492 492 492 491 491 491 491 491 491 490 490 490 490 490 490 489 489 489 489 489 489 488 488 488 488 488
440 439 439 439 439 439 439 438 438 438 438 438 438 438 437 437 437 437 437 437 436 436 436 436 436 436 435 435 435 435 435 435 435 434 434 434 434 434 434 433 433 433 433 433 433 432 432 432 432 432 432 432 431 431 431 431 431 431 430 430 430 430 430 430 429 429 429 492 492 492 491 491 491 491 491 491 491 490 490 490 490 490 490 489 489 489 489 489 489 488 488 488 488 488
440 439 439 439 439 439 439 438 438 438 438 438 438 437 437 437 437 437 437 437 436 436 436 436 436 436 435 435 435 435 435 435 435 434 434 434 434 434 434 433 433 433 433 433 433 432 432 432 432 432 432 431 431 431 431 431 431 431 430 430 430 430 430 430 429 429 429 429 492 492 491 491 491 491 491 491 490 490 490 490 490 490 490 489 489 489 489 489 489 488 488 488 488 488
439 439 439 439 439 439 439 438 438 438 438 438 438 437 437 437 437 437 437 437 436 436 436 436 436 436 435 435 435 435 435 435 434 434 434 434 434 434 434 433 433 433 433 433 433 432 432 432 432 432 432 431 431 431 431 431 431 430 430 430 430 430 430 430 429 429 429 429 492 492 491 491 491 491 491 491 490 490 490 490 490 490 489 489 489 489 489 489 489 488 488 488 488 488
439 439 439 439 439 439 438 438 438 438 438 438 438 437 437 437 437 437 437 436 436 436 436 436 436 436 435 435 435 435 435 435 434 434 434 434 434 434 433 433 433 433 433 433 433 432 432 432 432 432 432 431 431 431 431 431 431 430 430 430 430 430 430 429 429 429 429 429 429 492 491 491 491 491 491 491 490 490 490 490 490 490 489 489 489 489 489 489 488 488 488 488 488 488
439 439 439 439 439 439 438 438 438 438 438 438 438 437 437 437 437 437 437 436 436 436 436 436 436 435 435 435 435 435 435 435 434 434 434 434 434 434 433 433 433 433 433 433 432 432 432 432 432 432 432 431 431 431 431 431 431 430 430 430 430 430 430 429 429 429 429 429 429 491 491 491 491 491 491 491 490 490 490 490 490 490 489 489 489 489 489 489 488 488 488 488 488 488
439 439 439 439 439 439 438 438 438 438 438 438 437 437 437 437 437 437 437 436 436 436 436 436 436 435 435 435 435 435 435 434 434 434 434 434 434 434 433 433 433 433 433 433 432 432 432 432 432 432 431 431 431 431 431 431 431 430 430 430 430 430 430 429 429 429 429 429 429 428 491 491 491 491 491 491 490 490 490 490 490 490 489 489 489 489 489 489 488 488 488 488 488 488
439 439 439 439 439 438 438 438 438 438 438 438 437 437 437 437 437 437 436 436 436 436 436 436 436 435 435 435 435 435 435 434 434 434 434 434 434 433 433 433 433 433 433 433 432 432 432 432 432 432 431 431 431 431 431 431 430 430 430 430 430 430 430 429 429 429 429 429 429 428 491 491 491 491 491 490 490 490 490 490 490 490 489 489 489 489 489 489 488 488 488 488 488 488
439 439 439 439 439 438 438 438 438 438 438 438 437 437 437 437 437 437 436 436 436 436 436 436 435 435 435 435 435 435 435 434 434 434 434 434 434 433 433 433 433 433 433 432 432 432 432 432 432 432 431 431 431 431 431 431 430 430 430 430 430 430 429 429 429 429 429 429 429 428 428 491 491 491 491 490 490 490 490 490 490 489 489 489 489 489 489 489 488 488 488 488 488 488
439 439 439 439 439 438 438 438 438 438 438 437 437 437 437 437 437 437 436 436 436 436 436 436 435 435 435 435 435 435 434 434 434 434 434 434 434 433 433 433 433 433 433 432 432 432 432 432 432 432 431 431 431 431 431 431 430 430 430 430 430 430 429 429 429 429 429 429 428 428 428 491 491 491 491 490 490 490 490 490 490 489 489 489 489 489 489 488 488 488 488 488 488 488
439 439 439 439 438 438 438 438 438 438 438 437 437 437 437 437 437 436 436 436 436 436 436 436 435 435 435 435 435 435 434 434 434 434 434 434 434 433 433 433 433 433 433 432 432 432 432 432 432 431 431 431 431 431 431 431 430 430 430 430 430 430 429 429 429 429 429 429 428 428 428 428 491 491 491 490 490 490 490 490 490 489 489 489 489 489 489 488 488 488 488 488 488 487
439 439 439 439 438 438 438 438 438 438 437 437 437 437 437 437 437 436 436 436 436 436 436 435 435 435 435 435 435 435 434 434 434 434 434 434 433 433 433 433 433 433 433 432 432 432 432 432 432 431 431 431 431 431 431 430 430 430 430 430 430 430 429 429 429 429 429 429 428 428 428 428 491 491 490 490 490 490 490 490 490 489 489 489 489 489 489 488 488 488 488 488 488 487
439 439 439 439 438 438 438 438 438 438 437 437 437 437 437 437 437 436 436 436 436 436 436 435 435 435 435 435 435 434 434 434 434 434 434 434 433 433 433 433 433 433 432 432 432 432 432 432 432 431 431 431 431 431 431 430 430 430 430 430 430 429 429 429 429 429 429 429 428 428 428 428 428 491 490 490 490 490 490 490 489 489 489 489 489 489 489 488 488 488 488 488 488 487
439 439 439 438 438 438 438 438 438 438 437 437 437 437 437 437 436 436 436 436 436 436 436 435 435 435 435 435 435 434 434 434 434 434 434 434 433 433 433 433 433 433 432 432 432 432 432 432 431 431 431 431 431 431 431 430 430 430 430 430 430 429 429 429 429 429 429 428 428 428 428 428 428 491 490 490 490 490 490 490 489 489 489 489 489 489 488 488 488 488 488 488 488 487
439 439 439 438 438 438 438 438 438 437 437 437 437 437 437 437 436 436 436 436 436 436 435 435 435 435 435 435 435 434 434 434 434 434 434 433 433 433 433 433 433 433 432 432 432 432 432 432 431 431 431 431 431 431 430 430 430 430 430 430 430 429 429 429 429 429 429 428 428 428 428 428 428 427 490 490 490 490 490 490 489 489 489 489 489 489 488 488 488 488 488 488 487 487
439 439 438 438 438 438 438 438 438 437 437 437 437 437 437 437 436 436 436 436 436 436 435 435 435 435 435 435 434 434 434 434 434 434 434 433 433 433 433 433 433 432 432 432 432 432 432 432 431 431 431 431 431 431 430 430 430 430 430 430 429 429 429 429 429 429 429 428 428 428 428 428 428 427 490 490 490 490 490 489 489 489 489 489 489 489 488 488 488 488 488 488 487 487
