testData/tiles/oneDegree/grid15.0-46.0-16.0-47.0.asc
ncols   200
nrows   200
xllcorner   15.0
yllcorner   46.0
cellsize   0.005
NODATA_value   -9999.0
[rows 84 to 125 of 200, columns 94 to 187 of 200]
779 775 772 770 767 765 761 758 756 754 750 748 744 742 738 734 732 728 725 722 719 715 711 708 705 658 655 653 651 649 648 646 643 642 640 639 637 635 634 632 630 628 626 625 623 622 619 617 616 557 556 554 552 550 548 546 545 543 542 539 537 536 533 532 530 529 528 527 526 525 523 522 521 520 519 518 516 515 514 513 512 510 509 507 506 505 504 502 501 500 499 498 478 477
776 775 771 770 766 764 761 758 755 752 749 747 745 741 739 735 732 729 725 723 719 716 713 709 706 658 656 653 651 649 647 646 644 642 640 638 637 634 633 631 629 628 626 625 622 620 619 617 616 614 555 553 551 549 548 546 545 542 540 539 537 536 534 532 531 530 529 528 526 524 523 522 521 520 518 517 516 515 514 513 511 510 509 508 507 505 504 502 501 500 499 497 478 477
777 773 772 769 767 763 761 759 756 753 750 746 743 740 737 735 731 729 725 721 719 715 712 709 661 657 654 652 650 649 647 646 644 641 640 638 637 635 633 632 630 628 626 624 623 621 620 617 615 613 554 552 551 549 548 545 543 542 540 539 537 534 533 532 531 530 529 527 526 525 524 523 522 519 518 517 516 515 514 512 511 510 509 508 506 505 504 503 502 501 498 497 478 477
776 773 770 768 765 763 760 758 754 752 749 746 743 741 737 734 731 727 726 722 719 716 712 664 660 657 654 652 649 647 646 644 643 641 639 638 636 635 632 631 629 627 626 624 623 621 618 617 615 613 612 553 552 549 547 545 543 542 540 537 536 534 533 532 531 530 528 527 526 525 524 522 521 520 519 518 517 515 513 512 511 510 509 507 506 505 504 503 502 500 499 480 479 478
774 771 769 767 764 760 760 756 754 750 748 745 743 740 737 733 731 727 723 721 717 715 711 663 660 656 653 650 649 647 646 644 642 640 638 637 635 633 632 630 629 627 625 623 621 620 618 616 615 613 611 552 550 549 547 546 544 541 540 538 537 535 533 532 530 529 528 527 526 525 523 522 521 520 519 518 516 515 514 513 512 511 508 507 506 505 504 502 501 500 499 480 479 477
773 771 768 765 764 760 758 755 751 750 747 745 741 739 736 733 730 728 724 722 718 714 667 663 660 657 654 650 648 647 645 644 641 640 638 636 635 633 632 629 627 626 624 623 621 619 618 615 614 612 610 609 550 549 547 544 543 541 540 538 536 535 533 532 531 530 529 528 525 524 523 522 521 520 518 517 516 515 514 513 511 510 509 508 507 506 503 502 501 500 499 479 478 477
772 770 767 766 762 760 757 756 752 750 747 743 742 738 735 732 730 727 724 720 718 669 666 663 659 657 653 651 648 647 645 643 642 639 638 636 634 633 631 630 628 627 625 623 621 619 617 615 613 612 610 609 549 547 546 544 543 541 539 537 535 534 533 532 531 530 528 527 526 525 524 523 521 519 518 517 516 515 513 512 511 510 509 508 506 505 504 503 502 501 498 479 478 477
770 769 766 764 761 759 757 753 751 748 747 743 740 737 735 732 728 726 723 720 716 669 665 663 659 656 653 650 647 645 644 642 641 639 637 636 634 633 631 628 627 625 624 622 621 619 617 616 614 612 610 608 607 548 547 544 541 540 538 536 535 534 533 532 530 529 528 527 526 525 523 522 521 520 519 518 516 514 513 512 511 510 509 507 506 505 504 503 502 500 481 480 479 477
769 767 764 762 760 757 755 752 749 748 744 742 738 736 734 731 728 725 721 718 670 667 664 660 658 654 652 649 646 644 642 641 639 638 636 634 633 631 630 628 627 625 623 622 619 618 616 614 613 611 610 608 606 547 545 544 542 540 539 537 536 534 532 531 530 529 528 527 525 524 523 522 521 520 518 517 516 515 514 513 512 510 508 507 506 505 504 502 501 500 481 480 479 477
768 765 762 761 758 755 753 751 748 746 743 739 738 735 734 730 727 724 721 673 671 668 665 662 658 655 652 650 647 645 643 640 639 637 636 634 633 631 628 627 625 624 622 621 619 617 616 614 613 610 608 607 605 604 545 543 542 540 538 536 535 534 533 532 531 529 528 526 525 524 523 522 520 519 518 517 516 515 514 512 511 510 509 508 507 504 503 502 501 500 481 479 478 477
766 765 762 761 757 754 753 750 747 745 743 740 737 735 731 729 725 723 721 673 670 667 663 661 657 654 652 649 647 643 642 640 639 637 635 634 632 631 629 628 626 624 623 621 619 617 615 613 611 610 608 607 605 603 544 542 541 539 537 536 535 534 532 531 530 529 528 527 526 525 523 522 520 519 518 517 516 514 513 512 511 510 509 507 506 505 504 503 502 481 480 479 478 477
765 762 761 757 756 753 752 748 745 745 741 739 736 733 730 727 725 722 675 671 668 665 662 659 656 653 651 648 646 643 640 639 637 636 634 633 631 629 628 626 625 623 622 620 618 617 615 614 612 610 608 606 605 603 544 542 540 539 537 535 534 533 532 531 530 529 528 526 525 524 523 522 521 520 518 517 516 514 513 512 511 509 508 507 506 505 504 502 501 482 481 480 479 477
762 761 758 756 754 752 750 747 745 742 740 736 735 731 730 726 724 676 673 670 666 663 660 657 655 653 650 648 645 643 640 638 637 635 634 632 631 629 628 626 624 623 621 619 617 616 614 612 611 609 608 606 604 603 544 542 540 538 537 536 535 533 532 531 529 528 527 526 525 524 523 521 520 519 518 517 516 515 513 512 511 509 508 507 506 504 503 502 501 482 481 480 478 478
762 758 757 753 753 750 748 745 743 741 738 735 732 731 728 726 723 675 672 669 666 663 661 658 655 652 650 647 645 642 640 637 636 634 632 631 629 628 626 625 623 622 620 618 617 615 614 612 610 608 606 605 603 602 543 541 540 538 537 536 534 533 532 531 530 529 528 526 524 523 522 521 520 519 518 517 515 514 513 512 511 510 509 507 506 504 503 502 483 481 480 479 478 478
760 758 755 753 752 749 747 744 742 740 737 734 732 729 727 724 677 673 671 667 665 662 660 657 655 651 649 646 643 641 638 637 635 634 632 631 629 627 626 624 623 621 620 618 617 615 612 611 609 608 606 604 603 601 543 540 539 537 536 535 534 533 532 531 530 528 527 526 525 524 523 522 520 518 517 516 515 514 513 512 510 509 508 507 506 505 504 502 482 481 480 479 478 478
758 756 754 752 750 747 745 742 740 738 735 732 731 728 725 678 674 672 668 666 663 660 658 656 653 651 647 645 643 641 638 636 635 633 632 630 629 627 626 624 622 621 619 618 616 615 613 611 609 607 606 604 603 601 541 540 538 537 536 535 533 532 531 530 529 528 527 526 525 523 522 521 520 519 518 517 515 513 512 511 510 509 508 507 506 504 503 502 483 482 481 480 478 478
756 754 751 749 749 745 743 740 738 736 733 730 728 726 723 676 673 669 667 664 662 658 657 654 652 648 647 644 642 639 637 635 634 632 630 629 627 626 624 623 621 620 618 616 615 613 612 610 609 607 605 604 602 601 541 540 538 537 536 535 534 532 531 530 529 527 526 525 524 523 522 521 520 519 517 516 515 514 513 512 510 509 507 506 505 504 503 484 483 481 480 479 479 479
754 752 749 748 745 744 740 739 736 735 731 728 726 724 677 675 673 669 667 664 661 658 656 653 651 649 646 644 641 639 635 634 632 631 629 628 626 624 623 621 620 618 617 615 614 612 610 609 607 606 604 603 601 599 541 539 538 537 536 535 533 532 531 530 529 528 526 525 524 523 521 520 519 518 517 516 515 514 513 511 510 509 508 507 505 504 502 483 482 481 480 479 479 479
752 751 749 746 745 742 740 737 736 733 731 727 725 678 675 674 670 668 665 663 659 657 654 653 650 648 645 643 640 637 635 633 633 631 630 628 627 625 624 622 620 619 617 616 614 612 610 609 607 605 604 602 601 598 540 538 537 536 535 534 533 532 531 530 529 528 526 525 524 523 522 520 519 518 517 515 514 513 512 511 510 509 508 506 505 504 503 484 482 481 480 479 479 479
750 748 746 745 741 741 737 736 732 732 729 726 724 676 673 671 669 665 664 660 658 655 653 651 649 646 644 641 639 637 635 633 631 630 628 627 625 624 622 621 619 618 616 614 613 611 610 608 607 605 604 602 600 599 539 538 537 536 535 534 532 531 530 529 528 527 526 525 524 523 522 520 519 518 517 516 514 513 512 511 509 508 507 506 505 504 485 484 482 481 480 479 479 479
748 745 745 741 740 737 736 733 731 728 727 724 677 674 671 669 666 664 661 659 656 654 652 650 647 645 642 640 638 635 633 632 630 629 627 626 624 622 621 619 618 616 615 613 612 610 608 607 605 604 602 601 599 598 539 538 537 536 535 534 532 531 530 529 528 527 525 524 523 522 521 520 519 518 517 516 514 513 512 511 509 508 507 506 505 503 484 483 482 481 480 480 480 480
745 743 741 740 737 736 732 732 728 727 724 676 675 672 669 668 665 662 660 657 655 653 652 649 647 643 641 639 637 634 632 630 629 627 626 624 624 622 621 619 617 616 614 613 611 610 608 607 605 603 602 600 599 597 539 538 537 536 534 533 532 531 530 529 528 527 525 524 523 522 521 519 518 517 516 515 514 513 512 511 510 508 507 506 504 485 484 483 482 480 480 480 480 480
744 742 741 737 737 733 732 728 728 725 723 675 673 670 668 666 663 660 658 656 653 652 649 647 644 642 640 638 635 633 631 630 628 628 626 625 623 622 620 619 617 616 614 612 611 608 607 605 604 602 601 599 597 539 538 537 536 535 534 533 532 531 530 529 528 526 525 524 523 522 521 519 518 517 516 515 513 512 511 510 509 508 507 506 505 486 484 482 481 480 480 480 480 480
741 740 737 736 733 732 729 727 725 722 676 673 671 668 665 663 660 658 657 654 652 651 648 646 643 642 639 637 633 632 630 628 628 626 625 623 622 620 619 617 616 614 613 611 610 608 606 605 603 602 600 599 597 538 537 536 535 534 533 532 531 530 529 528 527 526 525 524 523 522 521 519 518 517 516 514 513 512 511 510 509 507 506 505 504 485 484 483 482 481 481 480 480 480
739 737 734 733 732 728 727 724 723 676 673 671 669 666 663 661 658 656 655 652 650 648 646 643 641 639 637 634 632 630 630 628 627 625 624 622 620 619 617 616 615 614 612 611 609 608 606 605 603 601 600 598 540 539 538 537 536 535 534 533 531 530 528 527 526 525 524 523 522 521 520 519 518 517 516 515 513 512 511 509 508 507 506 505 486 485 483 482 481 481 481 481 481 481
737 734 732 731 728 727 725 722 676 673 672 668 667 663 661 658 658 656 654 652 649 648 645 643 640 639 636 633 631 629 628 627 625 624 622 621 619 619 617 616 614 612 611 609 608 606 605 603 602 600 599 597 539 538 537 536 535 534 533 532 531 530 529 528 527 525 524 523 522 521 519 518 517 516 515 514 513 512 511 510 509 508 506 504 485 484 483 482 481 481 481 481 481 481
734 732 731 729 727 724 723 721 674 672 669 667 665 663 659 658 656 653 652 649 647 645 643 640 639 636 634 631 630 629 628 626 625 623 622 621 620 618 617 615 614 612 611 609 606 605 603 602 600 599 597 539 538 537 536 535 534 533 532 531 530 529 528 527 526 525 524 523 522 521 519 518 517 516 515 514 512 511 510 509 508 507 506 487 486 485 484 481 481 481 481 481 481 481
732 730 728 727 724 723 720 673 671 669 667 664 662 659 657 656 653 651 650 648 645 644 641 638 636 634 631 630 629 628 626 625 623 622 621 620 618 617 615 614 612 611 609 608 607 606 604 603 601 599 598 540 539 537 536 535 534 533 532 531 530 529 528 527 526 525 524 522 521 520 519 518 517 516 515 513 512 511 510 509 508 507 505 486 485 484 483 482 482 482 481 481 481 481
729 727 726 723 722 720 672 671 668 667 663 662 658 657 655 654 652 649 648 645 643 641 639 636 635 632 630 628 628 626 625 623 622 621 620 618 617 615 614 612 611 610 609 607 606 604 603 601 600 598 540 539 538 537 536 535 534 533 532 530 529 528 527 526 525 524 523 522 521 520 519 518 517 516 515 513 512 511 510 508 507 506 487 486 485 484 483 482 482 482 482 482 482 481
726 725 723 720 718 672 670 668 666 663 661 659 657 655 653 652 649 648 646 644 641 640 637 635 633 631 630 628 627 625 624 622 622 620 619 617 616 614 613 612 610 609 607 606 604 603 601 600 598 597 539 538 537 536 535 534 533 532 531 530 529 528 527 526 525 523 522 521 520 519 518 517 516 515 514 513 512 511 510 509 508 506 486 485 484 483 482 482 482 482 482 482 482 482
724 723 720 718 718 670 668 666 663 663 659 658 655 654 652 650 648 645 644 641 639 637 635 632 631 630 628 628 626 625 623 622 621 620 618 617 615 614 613 612 610 609 607 606 603 601 600 598 598 540 539 538 537 536 535 534 533 532 531 530 529 528 527 526 525 524 523 522 521 520 518 517 515 514 513 512 511 510 509 508 507 488 487 486 485 484 482 482 482 482 482 482 482 482
721 719 718 716 669 667 665 663 662 659 657 655 653 651 649 648 645 643 641 639 636 635 632 630 630 628 627 626 625 623 622 621 620 618 617 615 614 613 612 610 609 607 606 604 603 602 601 599 541 540 539 538 536 535 534 533 532 531 530 529 528 527 526 525 524 523 522 521 520 519 518 517 516 515 513 512 511 510 509 508 506 487 486 485 484 483 483 483 483 482 482 482 482 482
719 717 715 668 666 663 663 660 658 656 654 653 650 649 647 644 644 641 639 636 634 632 630 629 628 627 625 625 623 622 620 620 618 617 615 614 613 612 610 609 607 606 604 604 602 601 599 541 540 539 538 537 536 535 534 533 532 531 530 528 527 526 525 524 523 522 521 520 519 518 517 516 515 514 513 512 511 510 508 507 488 487 486 485 484 483 483 483 483 483 483 483 482 482
714 714 712 665 662 662 660 657 655 653 652 649 648 645 644 643 641 639 637 635 632 631 630 628 628 626 625 623 622 620 619 618 617 615 614 613 612 610 609 607 606 604 604 602 601 599 541 540 539 538 537 536 536 535 534 533 532 531 530 529 528 527 526 525 523 522 521 520 519 518 517 516 515 514 513 512 511 509 508 507 488 487 485 484 483 483 483 483 483 483 483 483 483 483
712 711 665 662 660 659 657 655 654 652 650 648 646 644 643 640 639 636 635 632 630 630 628 627 626 625 623 623 621 620 619 618 616 615 613 613 611 610 608 607 606 605 603 602 599 541 540 539 538 538 537 536 535 534 533 532 531 530 529 528 527 526 525 524 523 522 521 520 519 517 516 515 514 513 512 511 510 509 508 489 488 487 486 485 484 483 483 483 483 483 483 483 483 483
710 664 662 659 657 657 654 653 650 649 648 645 644 641 640 638 636 634 632 630 629 628 627 625 625 623 622 621 620 618 618 616 615 614 613 612 610 609 607 606 605 604 602 601 542 541 540 540 539 538 537 536 534 533 532 531 530 529 528 527 526 525 524 523 522 521 520 519 518 517 516 515 514 512 511 510 509 508 507 488 487 486 485 484 484 484 484 484 484 483 483 483 483 483
662 660 658 656 654 653 652 650 648 647 645 643 641 639 638 635 634 631 630 628 627 627 625 624 623 622 620 620 618 617 617 615 614 612 612 610 609 607 606 605 604 602 601 542 541 541 540 539 538 537 536 535 534 533 532 531 531 530 528 527 526 525 524 523 522 521 520 519 518 517 516 515 514 513 512 511 510 508 489 488 487 486 484 484 484 484 484 484 484 484 484 484 483 483
659 656 655 653 652 650 649 648 645 644 642 640 639 636 635 633 631 629 627 628 627 626 625 623 623 621 619 618 617 616 615 614 612 611 610 609 607 606 605 604 602 601 542 541 541 540 539 538 537 536 535 534 533 533 532 531 530 529 528 527 526 525 524 523 521 520 519 518 517 516 515 514 513 512 511 510 509 508 489 488 487 485 484 484 484 484 484 484 484 484 484 484 484 484
655 653 653 652 649 648 647 645 644 642 640 639 636 635 633 631 629 628 627 626 625 625 623 622 621 620 618 618 617 615 615 613 612 611 610 608 607 605 605 603 602 543 542 541 540 539 538 537 536 535 534 534 533 532 531 530 529 528 527 526 525 524 523 522 521 520 519 518 517 515 514 513 512 511 510 509 508 489 488 487 486 485 485 485 485 484 484 484 484 484 484 484 484 484
652 652 650 649 647 645 644 642 640 639 637 635 633 631 629 629 627 627 625 625 624 623 622 620 620 618 617 617 615 614 613 612 610 610 608 607 605 605 603 602 543 542 542 541 540 539 538 537 536 536 535 534 532 531 530 529 528 527 526 525 524 524 523 522 521 520 519 518 517 516 515 514 513 511 510 509 490 489 488 487 486 485 485 485 485 485 485 485 484 484 484 484 484 484
649 648 647 645 644 643 640 639 638 635 634 633 630 629 627 627 626 625 624 623 622 622 620 619 618 617 615 615 614 612 612 610 609 608 607 605 604 603 602 543 542 541 541 540 539 538 537 536 536 536 535 534 533 532 531 530 529 529 527 526 525 524 523 522 521 520 518 517 516 515 514 513 512 511 510 509 490 488 487 486 485 485 485 485 485 485 485 485 485 485 485 484 484 484
647 646 643 642 641 639 637 636 634 632 630 628 628 627 626 626 624 624 622 622 622 621 620 618 618 615 614 614 612 611 610 609 607 607 605 604 602 545 543 542 541 541 540 539 538 538 537 537 536 535 534 533 532 531 530 530 529 528 527 526 525 524 523 521 520 519 518 517 516 515 513 512 511 510 509 490 489 488 487 486 486 485 485 485 485 485 485 485 485 485 485 485 485 485
