testData/tiles/oneDegree/grid49.0-11.0-50.0-12.0.asc
ncols   200
nrows   200
xllcorner   49.0
yllcorner   11.0
cellsize   0.005
NODATA_value   -9999.0
[rows 126 to 167 of 200, columns 0 to 93 of 200]
174 174 174 175 176 177 177 178 178 179 179 180 181 182 182 182 183 184 184 185 186 186 187 186 187 187 188 189 190 190 190 191 191 192 193 194 194 195 195 195 196 197 197 197 198 198 198 199 200 201 201 202 203 202 203 204 205 205 206 206 205 206 207 207 208 209 210 210 210 211 211 212 213 213 213 213 213 214 215 216 216 217 218 217 218 219 219 219 220 220 220 221 221 222
174 175 176 175 176 177 178 177 178 179 180 180 181 182 183 182 183 184 185 185 186 187 186 187 188 188 188 189 190 191 190 191 192 192 193 194 195 194 195 196 196 197 198 199 198 198 199 199 200 201 202 202 202 203 203 204 205 205 206 207 206 206 207 208 208 209 210 209 210 211 212 212 213 214 214 213 214 214 215 216 216 217 217 218 218 219 220 220 221 220 220 221 222 222
175 175 176 177 178 178 178 178 179 179 180 181 181 182 182 183 183 184 185 186 186 187 187 188 188 189 190 189 190 190 191 191 192 193 193 194 195 195 195 196 197 197 198 199 199 199 199 200 200 201 202 203 202 203 204 204 205 206 206 206 207 208 207 208 209 209 209 210 210 211 212 213 213 214 214 214 215 215 215 216 217 216 217 218 218 219 220 221 220 221 221 221 222 223
175 176 176 177 178 179 178 179 179 180 180 181 182 183 182 183 184 184 185 186 187 186 187 188 189 189 190 191 191 190 191 192 192 193 194 194 194 195 196 196 197 198 198 199 199 200 200 200 201 201 202 202 203 203 204 205 205 206 206 206 207 208 209 209 209 210 209 210 211 211 212 213 213 213 214 215 215 216 216 216 216 217 217 218 219 219 220 221 220 221 222 221 222 223
175 176 177 177 178 179 179 179 180 181 181 181 182 182 183 183 184 185 185 186 187 187 187 188 189 190 190 191 191 191 192 192 193 193 194 194 194 195 196 197 197 198 199 198 199 200 201 201 202 202 201 202 203 203 204 205 206 206 206 207 207 208 209 209 210 209 210 210 211 212 212 213 213 213 214 215 215 216 217 216 216 217 218 218 219 220 220 220 221 221 222 223 223 223
176 176 177 178 178 178 179 180 180 181 182 183 181 182 183 184 184 185 186 186 186 187 188 188 189 190 191 190 191 192 192 193 194 194 194 194 195 195 196 197 198 198 198 199 199 200 201 202 202 203 203 202 203 204 204 205 206 206 206 207 208 208 209 210 209 210 211 211 211 212 213 212 213 214 214 215 216 216 216 217 217 217 218 219 219 220 220 220 221 222 222 223 224 223
176 177 177 178 178 179 179 180 181 181 182 183 183 183 183 184 185 185 186 186 187 187 188 189 189 190 191 191 191 192 193 193 194 195 195 194 195 196 196 197 198 198 198 199 200 200 201 202 203 202 203 204 203 204 205 205 205 206 207 207 208 209 209 209 210 210 211 212 211 212 212 213 213 214 215 215 216 217 216 217 218 218 218 219 219 219 220 220 221 222 223 223 223 224
176 177 178 178 178 179 180 180 181 182 183 182 183 184 184 185 185 186 186 186 187 188 188 189 190 190 190 191 192 192 193 194 194 194 195 196 195 196 197 197 198 198 199 199 200 201 201 202 202 202 203 204 205 205 205 205 205 206 207 207 208 209 209 209 210 211 211 212 213 211 212 213 213 214 215 216 215 216 217 217 218 219 219 219 219 219 220 221 221 222 222 222 223 224
176 177 178 178 178 179 180 181 181 182 182 183 183 184 185 185 186 187 186 186 187 188 189 189 190 190 190 191 192 193 193 194 194 194 195 196 197 197 197 198 197 198 199 200 200 201 202 201 202 203 203 204 205 206 205 205 206 206 207 208 208 208 209 210 210 211 212 212 212 213 213 213 214 214 215 215 215 216 217 218 218 219 219 219 220 220 220 221 222 221 222 223 223 224
177 177 177 178 179 179 180 181 182 182 182 183 184 184 185 186 186 186 187 188 187 188 189 190 189 190 191 191 192 193 194 194 194 195 195 196 197 198 198 198 198 198 199 200 201 201 201 202 202 203 204 204 205 205 206 206 207 207 207 208 208 208 209 210 210 211 212 212 212 213 214 214 214 215 214 215 216 216 217 218 218 218 219 220 220 221 221 221 221 222 222 223 224 224
177 178 178 178 179 180 180 181 182 182 182 183 184 185 185 186 186 187 187 188 189 189 189 190 190 190 191 192 192 193 194 194 194 195 196 196 197 198 198 198 199 199 199 200 201 200 201 202 203 203 204 205 204 205 206 206 207 208 209 207 208 209 209 210 211 211 211 212 212 213 214 215 215 215 215 215 216 217 217 218 218 218 219 220 220 221 222 221 221 222 223 223 224 224
178 177 178 179 179 180 181 182 181 182 183 183 184 185 186 185 186 187 188 188 189 190 190 190 190 191 191 192 193 193 193 194 195 195 196 197 197 197 198 199 199 200 201 200 200 201 201 202 203 204 204 204 205 205 206 207 207 208 208 209 208 209 210 210 211 211 211 212 213 213 214 215 214 215 216 216 216 217 218 217 218 219 219 220 221 221 221 222 222 222 223 223 223 224
178 178 179 179 180 180 181 181 182 182 183 184 184 185 186 186 186 187 188 189 189 190 190 190 191 192 192 192 193 193 193 194 195 196 196 197 197 197 198 199 200 200 201 201 201 201 202 202 203 204 204 204 205 206 206 207 208 207 208 209 209 209 210 211 210 211 212 212 213 214 214 214 215 215 216 217 216 217 217 218 218 219 220 220 220 221 221 222 223 223 223 223 223 224
178 179 179 180 181 181 180 181 182 183 183 184 185 185 185 186 187 187 188 189 190 189 190 191 191 192 193 194 192 193 194 194 195 196 197 196 197 198 198 199 200 200 200 201 202 202 202 203 203 203 204 204 205 206 207 207 207 208 208 209 210 210 211 210 210 211 212 213 213 214 214 214 215 216 216 217 217 217 217 218 218 219 220 219 220 221 222 222 223 223 223 223 224 224
178 179 180 180 181 182 182 182 182 183 184 184 185 185 186 186 187 188 188 189 189 190 190 191 192 192 193 193 194 193 194 195 195 196 196 197 197 198 199 199 200 200 200 201 202 203 203 204 203 203 204 205 205 206 207 207 207 208 209 209 210 211 210 211 211 211 212 213 212 213 214 215 215 216 217 216 217 218 218 218 219 219 219 220 220 221 222 222 222 223 223 224 225 224
179 179 180 181 182 181 182 183 183 184 184 185 184 185 186 187 187 188 189 188 189 190 191 191 192 193 192 193 194 195 195 195 196 195 196 197 198 198 199 200 199 200 201 201 202 203 204 203 204 205 204 205 206 206 206 207 207 208 209 210 210 210 211 211 212 213 212 212 213 213 214 215 215 216 216 217 217 218 219 219 218 219 219 220 221 221 222 222 222 223 224 224 225 225
179 180 180 181 181 182 182 183 184 184 185 185 185 185 186 187 188 188 188 189 189 190 191 192 192 192 193 193 194 195 196 196 196 196 196 197 198 198 199 199 200 200 201 202 202 203 203 204 204 205 206 205 206 206 206 207 208 208 209 209 210 210 211 212 212 213 213 212 213 214 214 215 216 215 216 217 217 218 219 218 219 220 220 220 221 221 221 222 223 223 224 224 224 225
179 180 181 180 181 182 183 183 184 185 184 185 186 187 186 187 188 188 188 189 190 190 191 192 192 192 193 194 194 195 196 196 196 197 198 197 198 199 198 199 200 201 201 202 203 202 203 204 204 205 206 206 206 206 207 207 208 209 208 209 210 210 211 212 213 212 213 214 214 214 215 214 215 216 216 217 218 218 218 219 219 220 221 220 220 221 221 222 223 223 223 224 224 225
179 180 180 181 181 182 183 184 184 184 185 186 186 187 188 187 187 188 189 189 190 191 191 191 192 193 193 194 195 195 195 196 197 197 198 199 198 198 199 199 200 201 202 201 202 203 203 204 205 205 205 206 206 207 207 208 208 208 209 209 210 211 211 211 212 212 213 214 214 215 214 215 215 216 217 217 217 218 218 219 220 220 220 221 220 221 222 222 222 223 223 224 225 225
180 180 180 181 182 182 183 184 184 184 185 186 187 187 188 188 188 188 189 190 190 191 191 191 192 193 194 194 195 195 195 196 197 197 198 199 199 199 199 200 200 201 201 202 202 203 204 204 205 205 205 206 207 207 208 209 208 208 209 210 210 211 211 211 212 213 213 214 214 214 215 215 215 216 217 216 217 218 219 219 220 220 220 221 222 222 222 222 222 223 224 224 225 225
179 180 181 181 182 183 183 183 184 185 185 186 187 188 187 188 189 189 190 190 191 190 191 192 192 193 194 195 194 195 196 196 197 198 197 198 199 200 200 200 201 200 201 202 202 203 204 205 204 205 206 206 207 208 207 208 209 208 209 210 211 210 211 212 212 213 214 213 214 215 215 216 217 215 216 217 217 218 219 218 219 220 220 221 222 221 222 222 223 223 224 224 224 225
179 180 181 182 182 183 183 183 184 185 186 186 187 187 188 188 189 190 190 191 191 191 191 192 193 193 193 194 195 195 196 197 197 197 198 198 199 200 201 201 201 201 201 202 203 203 203 204 205 205 206 207 207 207 208 208 209 210 209 209 210 210 211 212 213 213 213 214 214 215 216 216 216 217 216 217 218 218 218 219 219 220 221 221 221 222 222 223 223 223 223 224 224 225
180 180 181 182 183 182 183 184 185 185 186 187 186 187 188 189 189 190 190 190 191 192 193 192 193 193 193 194 195 195 196 197 197 197 198 199 199 200 201 201 201 202 203 202 203 203 203 204 205 205 206 207 207 207 208 209 209 210 210 210 210 211 211 212 212 212 213 214 214 215 215 216 216 217 218 217 217 218 218 219 220 220 220 221 221 222 223 223 223 223 223 224 225 225
181 181 181 182 182 183 183 184 185 186 185 186 187 187 188 189 190 189 190 191 191 192 193 194 193 193 194 194 195 196 196 196 197 198 198 199 200 199 200 201 201 202 203 204 202 203 204 204 205 206 205 206 207 207 208 209 210 209 210 211 211 211 212 211 212 213 213 214 215 214 215 216 216 217 218 217 218 218 218 219 220 220 220 221 222 222 222 223 223 224 225 224 224 225
181 182 182 181 182 183 184 184 185 185 186 186 187 188 188 189 189 190 190 191 192 192 193 193 194 194 194 195 195 195 196 196 197 198 199 199 199 200 200 201 202 202 202 203 204 204 204 205 205 205 206 206 207 208 208 208 209 209 210 211 212 211 212 212 212 213 214 213 214 215 215 216 217 216 217 218 218 219 219 218 219 220 220 221 222 221 222 223 223 224 224 224 224 225
182 181 182 183 183 183 184 185 184 185 186 187 187 188 189 188 189 190 191 191 192 192 192 193 194 194 195 196 195 195 196 197 197 198 199 199 199 200 201 201 202 202 202 203 204 204 205 204 205 205 206 207 207 208 208 208 209 210 210 211 211 211 212 213 212 213 213 214 214 215 216 216 216 217 217 218 219 219 219 219 219 220 221 220 221 222 222 223 224 223 224 225 225 225
181 182 182 183 184 185 185 184 185 185 186 187 188 188 188 189 189 190 191 192 191 192 193 193 194 195 195 195 196 197 196 197 198 197 198 199 199 200 201 202 201 202 203 203 204 205 204 205 206 205 206 207 207 207 208 209 209 210 210 210 211 212 212 213 213 212 213 214 214 215 215 215 216 217 217 218 218 219 219 220 220 220 220 221 221 222 223 222 223 224 224 225 225 225
181 182 183 183 184 185 185 185 186 186 186 187 187 188 188 189 190 190 191 191 192 192 193 194 194 194 195 195 196 197 198 197 197 198 198 199 200 200 200 201 202 202 203 204 204 204 205 205 206 207 206 206 207 207 208 209 210 209 210 211 211 212 213 212 213 214 214 214 215 214 215 216 216 217 217 217 218 219 219 220 220 220 220 221 221 221 222 222 223 224 224 224 225 225
181 182 183 184 183 184 185 186 186 187 188 186 187 188 189 189 190 191 190 191 192 192 193 194 194 194 195 196 196 197 198 198 198 198 199 199 200 200 200 201 202 202 203 203 204 204 205 206 206 206 207 207 207 208 208 208 209 209 210 211 211 211 212 213 213 214 215 214 214 215 215 216 217 216 217 218 218 219 219 219 220 221 221 221 221 221 222 223 223 223 224 224 225 226
182 182 183 183 184 184 185 186 187 187 187 188 188 188 189 190 189 190 191 191 192 193 193 193 194 195 195 196 197 196 197 198 198 199 199 199 199 200 201 201 202 203 202 203 204 204 205 206 206 206 207 208 208 208 208 208 209 210 210 211 211 211 212 213 213 213 214 214 215 215 215 215 216 217 217 218 219 218 219 220 220 221 221 221 221 222 222 222 223 223 224 225 224 225
182 183 182 183 184 185 185 186 186 187 187 188 189 189 190 189 190 190 191 192 192 192 193 193 194 195 196 196 196 197 197 198 199 199 199 200 200 200 201 202 201 202 203 203 204 205 204 205 206 206 207 208 208 208 208 209 209 210 210 210 211 212 212 213 213 213 214 215 215 216 216 215 216 217 217 217 218 218 219 220 219 220 221 221 222 222 221 222 223 223 224 224 224 225
182 182 183 184 184 185 186 185 186 187 188 188 189 190 189 190 191 190 191 192 192 192 193 194 194 195 195 196 196 197 198 198 199 199 199 200 201 201 201 201 202 202 203 204 204 204 205 205 206 207 207 207 208 208 209 210 210 209 210 211 211 212 212 212 213 214 214 215 215 215 216 217 216 216 217 217 218 219 219 219 220 220 221 222 221 222 222 222 223 223 223 224 225 225
182 182 183 184 185 185 185 186 186 187 188 189 188 189 190 190 191 192 191 191 192 193 193 194 195 194 195 196 196 197 198 198 198 199 200 200 201 201 201 201 202 202 203 203 204 204 205 206 206 206 207 207 208 209 209 209 210 209 210 211 211 211 212 212 213 214 214 214 215 216 216 217 217 216 217 218 218 218 219 219 220 221 220 221 222 222 223 223 222 223 224 224 224 225
182 183 183 184 185 185 185 186 187 187 188 188 189 189 190 191 191 191 192 192 192 193 194 194 194 195 195 196 197 197 197 198 199 199 200 201 200 201 202 202 203 203 202 203 204 204 205 206 206 206 207 208 208 208 209 209 210 211 210 210 211 211 212 213 213 213 214 214 215 216 215 216 217 217 217 217 217 218 219 219 219 220 220 221 222 221 222 223 223 223 223 223 224 225
182 183 184 183 184 185 186 186 187 188 187 188 189 189 190 191 191 191 192 193 193 194 193 194 194 195 196 196 196 197 197 198 199 199 199 200 201 201 202 203 202 203 203 203 204 205 204 205 206 206 207 208 208 208 209 210 210 210 211 211 211 212 212 212 213 213 214 215 214 215 216 216 217 218 217 218 218 218 219 219 219 220 221 221 221 222 222 223 224 223 223 224 224 224
183 183 183 184 184 185 186 187 186 187 188 188 189 190 189 190 191 192 192 193 194 193 194 194 194 195 196 196 196 197 198 198 199 199 199 200 201 201 202 202 203 203 204 205 204 204 205 205 206 207 206 207 208 208 209 210 209 210 211 211 212 211 212 212 213 214 214 214 215 215 216 217 216 217 218 218 219 218 218 219 220 220 220 221 221 222 223 222 223 224 224 223 224 224
183 183 183 184 185 185 186 186 186 187 188 189 189 189 190 190 191 192 193 192 193 194 194 195 196 194 195 196 197 197 198 198 198 199 200 200 201 201 201 202 203 203 204 204 205 204 205 206 206 206 207 207 208 209 208 209 210 210 211 212 211 212 212 212 213 213 213 214 215 215 215 216 216 217 218 217 218 219 218 219 219 219 220 221 221 221 222 222 223 224 223 224 224 224
183 184 185 184 185 185 185 186 187 187 188 189 189 189 190 191 191 192 192 193 193 194 195 195 195 196 196 196 197 197 197 198 199 199 200 201 200 201 202 202 203 203 203 204 205 205 205 205 206 206 207 208 208 208 209 209 210 211 210 211 212 212 213 213 212 213 214 214 215 215 215 216 217 217 217 218 218 219 220 218 219 220 220 220 221 221 222 223 222 223 224 224 224 224
183 184 185 186 185 185 186 186 187 188 187 188 189 190 190 191 191 191 192 193 193 194 194 195 195 196 197 197 196 197 197 198 199 200 199 200 201 201 202 203 202 203 204 204 205 205 205 206 206 206 207 207 207 208 209 210 209 210 211 211 212 213 212 213 214 213 214 214 214 215 216 216 216 217 217 218 219 218 219 220 219 220 220 220 221 222 221 222 223 223 224 223 224 225
184 184 185 185 185 186 187 187 187 187 188 188 189 190 191 190 191 192 192 193 194 193 194 195 196 196 197 197 197 198 198 198 199 199 199 200 201 202 201 202 203 203 204 205 204 205 206 206 207 206 206 207 208 208 209 209 209 210 211 211 211 212 212 213 214 213 213 214 214 215 215 215 216 217 217 217 218 218 219 220 219 219 220 220 220 221 221 222 223 222 223 224 224 224
184 184 184 185 186 186 187 187 188 187 188 189 189 189 190 191 191 192 193 192 193 194 194 195 196 195 196 197 198 198 199 198 198 199 200 200 201 201 201 202 203 203 203 204 205 205 206 207 206 207 207 207 208 208 208 209 210 210 210 211 211 212 213 212 213 214 214 214 214 214 215 216 216 216 217 217 218 219 218 219 220 220 221 220 220 221 222 221 222 223 223 223 224 224
183 184 185 185 186 187 186 187 188 189 189 189 189 189 190 191 191 192 192 193 193 194 195 195 195 196 196 197 198 198 198 199 200 199 200 200 200 201 202 202 203 203 203 204 205 205 205 206 206 207 208 208 207 208 209 209 210 210 210 211 212 212 212 213 213 214 215 214 215 215 215 216 216 216 217 218 217 218 219 219 220 220 220 221 221 220 221 221 222 223 222 223 224 224
