testData/tiles/oneDegree/grid39.0-30.0-40.0-31.0.asc
ncols   200
nrows   200
xllcorner   39.0
yllcorner   30.0
cellsize   0.005
NODATA_value   -9999.0
[rows 126 to 167 of 200, columns 94 to 187 of 200]
364 364 364 364 364 363 363 363 363 363 363 362 362 362 362 362 362 361 361 361 361 361 361 360 360 360 360 360 360 359 359 359 359 359 358 358 358 358 358 358 357 357 357 357 357 356 356 356 356 356 356 355 355 355 355 355 354 354 354 354 354 353 353 353 353 353 352 352 352 352 352 351 351 351 351 351 350 350 350 350 350 349 349 376 376 375 375 375 375 375 374 374 374 374
364 364 364 364 364 364 363 363 363 363 363 363 362 362 362 362 362 362 361 361 361 361 361 361 360 360 360 360 360 360 359 359 359 359 359 358 358 358 358 358 358 357 357 357 357 357 356 356 356 356 356 355 355 355 355 355 355 354 354 354 354 354 353 353 353 353 353 352 352 352 352 352 351 351 351 351 350 350 350 350 350 349 376 376 376 376 375 375 375 375 375 374 374 374
365 364 364 364 364 364 364 363 363 363 363 363 363 362 362 362 362 362 362 361 361 361 361 361 361 360 360 360 360 360 360 359 359 359 359 359 358 358 358 358 358 358 357 357 357 357 357 356 356 356 356 356 355 355 355 355 355 354 354 354 354 354 353 353 353 353 353 352 352 352 352 352 351 351 351 351 351 350 350 350 350 350 376 376 376 376 376 375 375 375 375 375 374 374
365 365 364 364 364 364 364 364 363 363 363 363 363 363 363 362 362 362 362 362 361 361 361 361 361 361 360 360 360 360 360 360 359 359 359 359 359 358 358 358 358 358 358 357 357 357 357 357 356 356 356 356 356 355 355 355 355 355 354 354 354 354 354 353 353 353 353 353 352 352 352 352 352 351 351 351 351 351 350 350 350 350 377 376 376 376 376 376 375 375 375 375 374 374
365 365 365 364 364 364 364 364 364 364 363 363 363 363 363 363 362 362 362 362 362 362 361 361 361 361 361 360 360 360 360 360 360 359 359 359 359 359 358 358 358 358 358 358 357 357 357 357 357 356 356 356 356 356 355 355 355 355 355 354 354 354 354 354 353 353 353 353 353 352 352 352 352 352 351 351 351 351 351 350 350 350 377 376 376 376 376 376 375 375 375 375 375 374
365 365 365 365 365 364 364 364 364 364 364 363 363 363 363 363 363 362 362 362 362 362 362 361 361 361 361 361 360 360 360 360 360 360 359 359 359 359 359 358 358 358 358 358 357 357 357 357 357 357 356 356 356 356 356 355 355 355 355 355 354 354 354 354 354 353 353 353 353 353 352 352 352 352 352 351 351 351 351 350 350 350 377 377 376 376 376 376 376 375 375 375 375 375
365 365 365 365 365 365 364 364 364 364 364 364 363 363 363 363 363 363 362 362 362 362 362 362 361 361 361 361 361 360 360 360 360 360 360 359 359 359 359 359 358 358 358 358 358 357 357 357 357 357 357 356 356 356 356 356 355 355 355 355 355 354 354 354 354 354 353 353 353 353 352 352 352 352 352 351 351 351 351 351 350 350 377 377 377 376 376 376 376 376 375 375 375 375
366 365 365 365 365 365 365 364 364 364 364 364 364 363 363 363 363 363 363 362 362 362 362 362 362 361 361 361 361 361 360 360 360 360 360 360 359 359 359 359 359 358 358 358 358 358 357 357 357 357 357 356 356 356 356 356 355 355 355 355 355 354 354 354 354 354 353 353 353 353 353 352 352 352 352 352 351 351 351 351 351 350 377 377 377 376 376 376 376 376 375 375 375 375
366 366 365 365 365 365 365 365 364 364 364 364 364 364 363 363 363 363 363 363 362 362 362 362 362 362 361 361 361 361 361 360 360 360 360 360 360 359 359 359 359 359 358 358 358 358 358 357 357 357 357 357 356 356 356 356 356 355 355 355 355 355 354 354 354 354 354 353 353 353 353 353 352 352 352 352 352 351 351 351 351 350 377 377 377 377 376 376 376 376 376 375 375 375
366 366 366 365 365 365 365 365 365 365 364 364 364 364 364 363 363 363 363 363 363 362 362 362 362 362 362 361 361 361 361 361 360 360 360 360 360 360 359 359 359 359 359 358 358 358 358 358 357 357 357 357 357 356 356 356 356 356 355 355 355 355 355 354 354 354 354 354 353 353 353 353 353 352 352 352 352 351 351 351 351 351 377 377 377 377 377 376 376 376 376 375 375 375
366 366 366 366 366 365 365 365 365 365 365 364 364 364 364 364 364 363 363 363 363 363 362 362 362 362 362 362 361 361 361 361 361 360 360 360 360 360 359 359 359 359 359 359 358 358 358 358 358 357 357 357 357 357 356 356 357 357 357 356 356 356 356 356 355 355 355 355 354 354 354 354 354 353 353 353 353 353 352 352 352 351 378 377 377 377 377 376 376 376 376 376 375 375
366 366 366 366 366 366 365 365 365 365 365 365 364 364 364 364 364 364 363 363 363 363 363 362 362 362 362 362 362 361 361 361 361 361 360 360 360 360 360 359 359 359 359 359 359 359 359 359 359 359 358 358 358 358 358 357 357 357 357 357 356 356 356 356 355 355 355 355 355 354 354 354 354 354 353 353 353 353 353 352 352 352 379 378 378 378 378 378 377 377 377 377 377 375
367 366 366 366 366 366 366 365 365 365 365 365 365 364 364 364 364 364 364 363 363 363 363 363 362 362 362 362 362 362 361 361 361 361 361 360 360 361 361 361 360 360 360 360 360 359 359 359 359 359 358 358 358 358 358 357 357 357 357 357 356 356 356 356 356 355 355 355 355 355 354 354 354 354 354 353 353 353 353 352 352 352 379 379 378 378 378 378 378 377 377 377 377 376
367 367 366 366 366 366 366 366 365 365 365 365 365 365 364 364 364 364 364 364 363 363 363 363 363 362 362 362 362 362 362 362 362 362 362 362 361 361 361 361 361 360 360 360 360 360 359 359 359 359 359 358 359 359 359 359 358 358 358 358 358 357 357 357 357 357 356 356 356 356 356 355 355 355 355 354 354 354 354 354 353 353 380 380 380 378 378 378 378 377 377 377 377 377
367 367 367 366 366 366 366 366 366 365 365 365 365 365 365 364 364 364 364 364 364 363 363 363 363 363 363 363 363 363 363 362 362 362 362 362 362 361 361 361 361 361 360 361 361 361 361 360 360 360 360 360 359 359 359 359 359 358 358 358 358 358 357 357 357 357 357 356 356 356 356 355 355 355 355 355 354 354 354 354 354 353 380 380 380 379 379 379 379 379 378 378 378 378
367 367 367 367 366 366 366 366 366 366 365 365 365 365 365 365 364 364 364 364 364 365 364 364 364 364 364 363 363 363 363 363 362 362 362 362 363 363 362 362 362 362 362 361 361 361 361 361 360 360 360 360 360 359 359 359 359 359 358 358 358 358 357 357 357 357 357 356 356 356 356 356 355 355 355 355 355 354 354 354 354 353 380 380 380 380 379 379 379 379 379 378 378 378
367 367 367 367 367 367 366 366 366 366 366 365 365 365 365 365 365 365 365 365 365 365 365 364 364 364 364 364 363 363 364 364 364 363 363 363 363 363 362 362 362 362 362 362 361 361 361 361 361 360 361 361 361 360 360 360 360 360 359 359 359 359 359 358 358 358 358 358 357 357 357 357 357 356 356 356 356 355 355 355 355 355 381 381 381 381 381 379 379 379 379 378 378 378
368 367 367 367 367 367 367 366 366 366 366 366 366 366 366 366 366 366 365 365 365 365 365 365 364 365 365 365 365 364 364 364 364 364 363 363 363 363 363 362 362 363 363 363 362 362 362 362 362 361 361 361 361 361 360 360 360 360 360 359 359 359 359 359 358 358 358 358 358 357 357 357 357 356 356 356 356 356 355 355 355 355 382 381 381 381 381 380 380 380 380 380 379 379
368 368 367 367 367 367 367 367 366 366 367 367 367 367 366 366 366 366 366 365 366 366 366 366 366 365 365 365 365 365 364 364 364 364 365 364 364 364 364 364 363 363 363 363 363 362 362 362 362 362 361 361 361 361 361 360 360 360 360 360 359 359 360 360 360 359 359 359 359 358 358 358 358 358 357 356 356 356 356 355 355 355 382 381 381 381 381 381 380 380 380 380 379 379
368 368 368 367 367 367 368 368 368 367 367 367 367 367 367 366 367 367 367 367 366 366 366 366 366 365 365 365 365 366 366 365 365 365 365 365 364 364 364 364 364 363 363 363 363 363 362 362 363 363 363 362 362 362 362 362 361 361 361 361 360 360 360 360 360 359 359 359 359 359 358 358 358 358 358 357 357 357 357 356 356 356 383 383 382 382 382 382 381 380 380 380 380 379
368 368 368 369 368 368 368 368 368 368 367 367 367 368 368 368 367 367 367 367 367 366 366 366 367 367 366 366 366 366 366 366 365 365 365 365 365 364 364 364 365 365 364 364 364 364 364 363 363 363 363 363 362 362 362 362 361 361 361 361 361 360 360 360 360 360 359 359 359 359 359 358 358 358 358 357 357 357 357 357 356 356 383 383 382 382 382 382 382 381 381 381 381 380
369 369 369 369 369 368 368 368 368 369 369 368 368 368 368 368 368 367 367 367 368 368 367 367 367 367 367 366 366 366 366 366 365 366 366 366 366 365 365 365 365 365 364 364 364 364 364 363 363 363 363 363 362 362 362 362 362 362 362 362 362 362 361 361 361 361 361 360 360 360 360 359 359 359 359 359 358 358 358 358 356 356 383 383 383 382 382 382 382 382 381 381 381 381
370 369 369 369 369 369 369 369 369 369 369 369 368 368 368 368 369 369 368 368 368 368 368 367 367 367 367 367 367 367 367 367 367 366 366 366 366 366 365 365 365 365 365 364 364 364 365 365 364 364 364 364 364 363 363 363 363 363 362 362 362 362 362 361 361 361 361 360 360 360 360 360 359 359 359 359 358 358 358 358 358 357 384 384 384 384 383 383 383 383 382 381 381 381
370 370 369 370 370 370 370 369 369 369 369 369 370 369 369 369 369 369 368 368 368 368 368 369 368 368 368 368 368 367 367 367 367 367 366 366 366 366 367 366 366 366 366 366 365 365 365 365 365 364 364 364 364 364 363 363 363 363 362 362 362 362 362 361 361 361 361 361 360 360 360 360 359 359 359 359 359 358 358 358 358 358 384 384 384 384 383 383 383 383 383 382 382 382
371 371 371 370 370 370 370 370 369 370 370 370 370 370 369 369 369 369 369 369 369 369 369 369 369 368 368 368 368 368 367 367 368 368 368 367 367 367 367 367 366 366 366 366 366 365 365 365 365 365 364 364 364 364 364 364 364 364 364 363 363 363 363 363 362 362 362 362 361 361 361 361 361 360 360 360 360 360 359 359 359 359 385 384 384 384 384 383 383 383 383 382 382 382
371 371 371 371 370 370 371 371 371 370 370 370 370 370 370 370 370 370 370 370 369 369 369 369 369 369 368 369 369 369 369 368 368 368 368 368 367 367 367 367 367 366 366 366 367 366 366 366 366 366 365 365 365 365 365 364 364 364 364 364 363 363 363 363 362 362 362 362 362 361 361 361 361 361 360 360 360 360 359 359 359 359 386 385 385 385 385 384 384 384 384 384 383 382
371 371 371 372 372 371 371 371 371 371 370 370 371 371 371 371 370 370 370 370 370 369 369 370 370 370 369 369 369 369 369 368 368 368 368 368 367 368 368 368 368 367 367 367 367 367 366 366 366 366 366 365 365 365 365 365 364 364 364 364 363 363 363 363 363 362 362 362 362 362 361 361 361 361 360 360 360 360 360 359 359 359 386 385 385 385 385 385 384 384 384 384 383 383
372 372 372 372 372 372 371 371 371 372 372 371 371 371 371 371 371 370 370 371 371 371 370 370 370 370 370 369 369 369 369 370 369 369 369 369 369 368 368 368 368 368 367 367 367 367 367 366 366 366 366 367 366 366 366 366 365 365 365 365 365 364 364 364 364 364 363 363 363 363 362 362 362 362 362 361 361 361 361 360 360 360 387 387 386 386 385 385 384 384 384 384 384 383
373 372 372 372 372 373 373 372 372 372 372 372 371 371 371 372 372 372 371 371 371 371 371 370 370 370 371 371 370 370 370 370 370 369 369 369 369 369 368 368 368 368 369 368 368 368 368 368 367 367 367 367 366 366 366 366 366 365 365 365 365 365 364 364 364 364 363 363 363 363 363 362 362 362 362 361 361 361 361 361 360 387 387 387 386 386 386 386 386 385 385 385 385 384
373 373 373 373 373 373 373 373 372 372 372 372 373 372 372 372 372 372 372 371 371 371 372 372 371 371 371 371 371 370 370 370 370 370 369 369 370 370 370 369 369 369 369 369 368 368 368 368 367 367 367 367 367 366 366 366 366 366 365 365 365 365 364 364 364 364 365 364 364 364 364 363 362 362 362 362 361 361 361 361 361 360 387 387 387 386 386 386 386 385 385 385 385 385
374 374 374 373 373 373 373 373 374 373 373 373 373 373 372 372 372 372 373 372 372 372 372 372 372 371 371 371 371 371 371 371 371 371 371 370 370 370 370 369 369 369 369 369 368 368 368 368 368 368 368 368 368 368 367 367 367 367 366 366 366 366 366 365 365 365 365 365 364 364 364 364 363 363 363 363 363 362 362 362 362 361 388 388 388 388 387 387 386 386 385 385 385 385
374 374 374 374 373 374 374 374 374 374 373 373 373 373 373 373 373 373 373 373 372 372 372 372 372 371 372 372 372 372 371 371 371 371 371 370 370 370 370 370 369 370 370 370 370 369 369 369 369 369 368 368 368 368 367 367 367 367 367 366 366 366 366 366 365 365 365 365 364 364 364 364 364 363 363 363 363 362 362 362 362 362 388 388 388 388 387 387 387 387 386 386 386 386
374 374 375 375 375 374 374 374 374 374 374 374 374 374 374 374 373 373 373 373 373 372 373 373 373 373 372 372 372 372 372 371 371 371 371 372 371 371 371 371 371 370 370 370 370 370 369 369 369 369 368 368 368 368 368 367 367 367 367 368 367 367 367 367 366 366 366 366 366 365 365 365 365 364 364 364 364 364 362 362 362 362 388 388 388 388 388 387 387 387 387 386 386 386
376 375 375 375 375 375 374 374 375 375 375 375 374 374 374 374 374 373 374 374 374 374 373 373 373 373 373 372 372 372 373 373 372 372 372 372 372 371 371 371 371 371 370 370 370 370 369 370 370 370 370 369 369 369 369 369 368 368 368 368 367 367 367 367 367 366 366 366 366 365 365 365 365 365 364 364 364 364 363 363 363 363 390 389 389 389 389 388 388 388 387 386 386 386
376 376 375 375 375 376 376 375 375 375 375 375 375 374 375 375 375 375 374 374 374 374 374 373 373 374 374 374 373 373 373 373 373 372 372 372 372 371 371 372 372 372 371 371 371 371 371 370 370 370 370 370 369 369 369 369 368 368 368 368 368 367 367 367 367 366 366 366 366 366 365 365 365 365 364 364 364 364 364 363 363 363 390 389 389 389 389 389 388 388 388 388 387 387
376 376 377 376 376 376 376 376 375 375 375 376 376 375 375 375 375 375 375 374 374 375 375 375 374 374 374 374 374 373 373 373 373 372 373 373 373 373 372 372 372 372 372 371 371 371 371 371 370 370 370 370 369 369 369 370 370 369 369 369 369 368 368 368 368 368 367 367 367 367 366 366 366 366 366 365 365 365 365 364 364 364 390 390 389 389 389 389 388 388 388 388 387 387
377 377 377 377 376 376 376 376 377 376 376 376 376 376 375 375 375 376 376 375 375 375 375 375 374 374 374 374 374 374 374 374 374 374 373 373 373 373 373 372 372 372 372 372 371 372 372 372 371 371 371 371 371 370 370 370 370 369 369 369 369 369 368 368 368 368 367 367 367 367 367 366 366 366 366 365 365 365 365 365 364 364 391 391 390 390 390 390 390 389 389 389 388 387
377 377 377 377 377 377 377 377 377 377 376 376 376 376 377 376 376 376 376 376 375 375 375 375 376 375 375 375 375 375 374 374 374 374 374 373 373 373 374 374 373 373 373 373 372 372 372 372 372 371 371 371 371 370 370 370 370 370 369 369 369 369 369 368 368 368 368 367 367 367 367 366 366 366 366 366 365 365 365 365 364 364 391 391 391 390 390 390 390 389 389 389 389 388
377 377 378 378 378 378 377 377 377 377 377 377 377 377 377 377 376 376 376 376 377 376 376 376 376 376 375 375 375 375 375 374 374 375 375 374 374 374 374 374 373 373 373 373 373 372 372 372 372 371 371 371 372 372 371 371 371 371 371 370 370 370 370 369 369 369 369 369 368 368 368 368 367 367 367 367 366 366 366 366 366 365 392 392 392 390 390 390 390 390 389 389 389 389
379 378 378 378 378 378 378 378 378 378 378 378 377 377 377 377 377 377 377 377 377 377 376 376 376 376 376 375 376 376 376 375 375 375 375 375 374 374 374 374 374 373 373 373 374 373 373 373 373 373 372 372 372 372 372 371 371 371 371 370 370 370 370 370 369 369 369 369 368 368 368 368 368 367 367 367 367 366 366 366 366 365 392 392 392 392 391 391 391 391 390 390 390 389
379 379 378 378 378 379 379 378 378 378 378 378 378 378 378 378 378 378 377 377 377 377 376 376 377 377 377 376 376 376 376 376 375 375 375 375 375 375 375 375 375 374 374 374 374 374 373 373 373 373 373 372 372 372 372 371 371 371 371 371 370 370 370 370 369 369 369 369 369 368 368 368 368 367 367 367 367 366 366 366 366 366 392 392 392 392 391 391 391 391 390 390 390 390
379 379 380 379 379 379 379 379 378 378 379 379 379 378 378 378 378 378 377 377 378 378 378 377 377 377 377 377 376 376 376 376 377 376 376 376 376 375 375 375 375 375 374 374 374 374 374 373 373 373 374 373 373 373 373 373 372 372 372 372 371 371 371 371 371 370 370 370 370 369 369 369 369 369 368 368 368 368 367 367 367 367 393 393 393 393 393 391 391 391 391 390 390 390
