testData/tiles/oneDegree/grid31.0-31.0-32.0-32.0.asc
ncols   200
nrows   200
xllcorner   31.0
yllcorner   31.0
cellsize   0.005
NODATA_value   -9999.0
[rows 42 to 83 of 200, columns 94 to 187 of 200]
534 534 533 533 533 531 531 531 530 530 530 530 529 529 529 528 528 527 526 526 526 525 525 525 525 524 523 523 522 522 522 293 293 293 291 291 291 291 290 290 289 288 288 288 287 287 286 285 285 285 284 283 283 283 282 282 281 280 280 280 278 278 278 277 276 276 276 275 274 274 273 273 272 271 461 460 459 459 459 458 457 457 456 455 455 454 453 453 453 452 452 452 452 451
534 534 533 533 532 531 531 531 530 530 530 530 529 529 529 528 528 527 526 526 526 525 525 525 525 524 523 523 522 522 522 293 293 292 291 291 291 290 290 290 289 288 288 288 287 286 286 285 285 285 283 283 283 283 282 281 281 280 280 280 278 278 278 277 276 276 276 275 274 464 463 463 462 461 461 460 459 459 459 458 457 457 456 455 455 454 453 453 453 452 452 452 452 451
534 534 533 532 532 531 531 531 530 530 530 530 529 529 529 528 527 527 526 526 526 525 525 525 524 523 523 523 522 522 294 293 293 292 291 291 291 290 290 289 289 288 288 288 287 286 286 285 285 285 283 283 283 283 282 281 281 280 280 279 278 278 278 277 276 276 466 465 464 464 463 462 462 461 461 460 459 459 458 458 457 457 456 455 455 454 453 453 453 452 452 452 452 451
534 533 532 532 532 531 531 531 530 530 530 529 529 529 529 527 527 527 526 526 526 525 525 525 523 523 523 523 522 522 294 293 292 292 291 291 291 290 290 289 289 288 288 288 286 286 286 285 285 285 283 283 283 283 281 281 281 280 280 279 278 278 468 466 466 466 466 464 464 464 463 462 462 461 461 460 459 459 458 458 457 456 456 455 455 454 453 453 453 452 452 452 452 451
533 533 532 532 532 531 531 531 530 530 530 529 529 529 528 527 527 527 526 526 526 525 525 525 523 523 523 523 522 522 294 292 292 292 291 291 291 290 289 289 289 288 288 288 286 286 286 285 285 284 283 283 283 283 281 281 281 280 280 279 468 468 468 466 466 466 466 464 464 464 463 462 462 461 460 460 459 459 458 458 457 456 456 455 454 454 453 453 453 452 452 452 452 451
533 533 532 532 532 531 531 531 530 530 530 529 529 528 528 527 527 527 526 526 526 525 525 524 523 523 523 523 522 294 294 292 292 292 291 291 291 289 289 289 289 288 288 287 286 286 286 285 285 284 283 283 283 283 281 281 281 470 469 469 468 468 467 466 466 466 465 464 464 464 462 462 462 461 460 460 459 458 458 458 457 456 456 455 454 454 453 453 453 452 452 452 452 451
533 533 532 532 532 531 531 531 530 530 530 529 528 528 528 527 527 527 526 526 526 525 524 524 523 523 523 523 522 294 293 292 292 292 291 291 291 289 289 289 289 288 288 287 286 286 286 285 284 284 283 283 283 282 281 471 471 470 469 469 468 468 467 466 466 466 465 464 464 464 462 462 462 461 460 460 459 458 458 458 456 456 456 455 454 454 453 453 453 452 452 452 452 451
533 533 532 532 532 531 531 531 530 530 530 528 528 528 528 527 527 527 526 526 526 524 524 524 523 523 523 523 522 293 293 292 292 292 291 291 290 289 289 289 289 288 287 287 286 286 286 285 284 284 283 283 283 472 471 471 471 469 469 469 468 468 467 466 466 466 465 464 464 463 462 462 462 460 460 460 459 458 458 458 456 456 456 454 454 454 453 453 453 452 452 452 451 451
533 533 532 532 532 531 531 531 530 529 529 528 528 528 528 527 527 527 526 526 525 524 524 524 523 523 523 523 293 293 293 292 292 292 291 290 290 289 289 289 289 287 287 287 286 286 286 284 284 284 283 473 472 472 471 471 471 469 469 469 468 467 467 466 466 465 464 464 464 463 462 462 462 460 460 460 458 458 458 457 456 456 456 454 454 454 453 453 453 452 452 452 451 451
533 533 532 532 532 531 531 531 529 529 529 528 528 528 528 527 527 527 526 525 525 524 524 524 523 523 523 521 293 293 293 292 292 292 291 290 290 289 289 289 288 287 287 287 286 286 285 284 284 474 473 472 472 471 471 471 470 469 469 469 467 467 467 466 466 465 464 464 464 463 462 462 461 460 460 460 458 458 458 456 456 456 455 454 454 454 453 453 453 452 452 452 451 451
533 532 532 532 532 531 530 530 529 529 529 528 528 528 527 527 527 527 525 525 525 524 524 524 523 523 522 521 293 293 293 292 292 292 290 290 290 289 289 289 287 287 287 287 286 286 285 474 474 474 473 472 472 471 471 470 470 469 469 469 467 467 467 466 465 465 464 464 463 463 462 462 461 460 460 459 458 458 458 456 456 456 455 454 454 454 453 453 453 452 452 452 451 451
533 532 532 532 531 530 530 530 529 529 529 528 528 528 527 527 526 526 525 525 525 524 524 524 523 522 522 293 293 293 293 292 292 291 290 290 290 289 289 288 287 287 287 287 286 475 475 474 474 474 472 472 472 471 471 470 470 469 469 468 467 467 467 465 465 465 464 463 463 463 462 461 461 460 460 459 458 458 457 456 456 455 455 454 454 454 453 453 453 452 452 452 451 451
533 531 531 531 531 530 530 530 529 529 529 528 528 528 527 526 526 526 525 525 525 524 524 524 522 522 522 293 293 293 293 292 291 291 290 290 290 289 288 288 287 287 287 287 475 475 475 474 474 473 472 472 472 471 470 470 470 469 469 468 467 467 467 465 465 465 464 463 463 463 462 461 461 460 459 459 458 458 457 456 456 455 455 454 454 454 453 453 453 452 452 452 451 451
532 531 531 531 531 530 530 530 529 529 529 528 528 527 526 526 526 526 525 525 525 524 524 523 522 522 522 293 293 293 293 291 291 291 290 290 290 288 288 288 287 287 477 476 475 475 475 474 474 473 472 472 472 470 470 470 470 469 468 468 467 467 466 465 465 465 463 463 463 463 461 461 461 460 459 459 458 457 457 456 455 455 454 454 454 454 453 453 453 452 452 452 451 451
532 531 531 531 530 530 530 530 529 529 529 527 527 527 526 526 526 525 525 525 525 524 523 523 522 522 294 293 293 293 291 291 291 291 290 290 289 288 288 288 287 477 476 475 475 475 475 474 473 473 472 472 472 470 470 470 469 468 468 468 467 467 466 465 465 465 463 463 463 461 461 461 461 459 459 459 458 457 457 456 455 455 454 454 454 454 453 453 453 452 452 452 451 451
532 531 531 531 530 530 530 530 529 528 528 527 527 527 526 526 526 525 525 525 524 523 523 523 522 522 294 293 292 292 291 291 291 291 290 289 289 288 288 478 477 476 476 475 475 475 475 473 473 473 472 472 471 470 470 470 468 468 468 468 467 466 466 465 465 464 463 463 463 461 461 461 460 459 459 459 457 457 457 455 455 455 454 454 454 454 453 453 453 452 452 452 451 451
532 531 531 531 530 530 530 529 528 528 528 527 527 527 526 526 526 525 524 524 524 523 523 523 522 522 294 292 292 292 291 291 291 291 289 289 289 288 478 478 476 476 476 475 475 475 474 473 473 473 472 471 471 470 470 470 468 468 468 468 466 466 466 465 464 464 463 463 462 461 461 461 460 459 459 458 457 457 457 455 455 455 454 454 454 454 453 453 453 452 452 452 451 451
532 531 531 531 529 529 529 528 528 528 528 527 527 527 526 526 526 524 524 524 524 523 523 523 522 294 293 292 292 292 291 291 291 290 289 289 289 478 478 477 476 476 476 475 475 474 474 473 473 473 471 471 471 470 470 469 468 468 468 467 466 466 466 464 464 464 463 462 462 461 461 460 460 459 459 458 457 457 456 455 455 455 454 454 454 454 453 453 453 452 452 452 451 451
532 530 530 530 529 529 529 528 528 528 528 527 527 527 526 525 525 524 524 524 523 523 523 523 521 293 293 292 292 292 291 291 290 289 289 479 479 478 477 477 476 476 476 475 474 474 473 473 473 472 471 471 471 470 469 469 468 468 467 466 466 466 466 464 464 464 463 462 462 461 460 460 459 459 458 458 457 456 456 455 455 455 454 454 454 453 453 453 453 452 452 452 451 451
531 530 530 530 529 529 529 528 528 528 528 527 527 526 525 525 525 524 524 524 523 523 522 522 521 293 293 292 292 292 290 290 290 289 479 479 479 477 477 477 476 476 476 474 474 474 473 473 472 472 471 471 471 469 469 469 468 468 467 466 466 466 465 464 464 464 462 462 462 461 460 460 459 458 458 458 457 456 456 455 455 455 454 454 454 453 453 453 453 452 452 452 451 451
531 530 530 530 529 529 529 528 528 528 527 526 526 526 525 525 525 524 524 524 523 522 522 522 293 293 293 292 292 291 290 290 290 479 479 479 478 477 477 477 476 476 475 474 474 474 473 472 472 472 471 471 470 469 469 469 468 467 467 466 466 465 465 464 464 463 462 462 462 460 460 460 458 458 458 458 456 456 456 455 455 455 454 454 454 453 453 453 453 452 452 452 451 451
531 530 530 530 529 529 529 528 527 527 526 526 526 526 525 525 525 524 524 523 522 522 522 521 293 293 293 291 291 291 290 290 480 479 478 478 477 477 477 477 475 475 475 474 474 474 472 472 472 471 471 470 470 469 469 469 467 467 467 466 465 465 464 464 463 463 462 462 461 460 460 460 458 458 458 456 456 456 456 455 455 455 454 454 454 453 453 453 452 452 452 452 451 451
531 530 530 530 528 528 528 527 527 527 526 526 526 526 525 525 525 523 523 523 522 522 522 521 293 293 292 291 291 291 290 480 480 478 478 478 477 477 477 476 475 475 475 474 474 473 472 472 472 471 470 470 470 469 469 468 467 467 467 465 465 465 464 463 463 463 462 461 461 460 460 459 458 458 457 456 456 456 456 455 455 455 454 454 454 453 453 453 452 452 452 452 451 451
530 529 529 529 528 528 528 527 527 527 526 526 526 525 524 524 524 523 523 523 522 522 522 293 292 292 292 291 291 291 480 479 479 478 478 478 477 477 476 476 475 475 475 474 473 473 472 472 472 470 470 470 470 469 468 468 467 467 466 465 465 465 463 463 463 463 461 461 461 460 459 459 458 458 457 456 456 456 456 455 455 455 454 454 454 453 453 453 452 452 452 452 451 451
529 529 529 529 528 528 528 527 527 527 526 526 525 524 524 524 524 523 523 523 522 522 521 292 292 292 291 291 291 481 479 479 479 478 478 478 476 476 476 475 475 475 474 473 473 473 472 472 471 470 470 470 468 468 468 468 467 466 466 465 465 464 463 463 463 461 461 461 461 459 459 459 458 457 457 456 456 456 456 455 455 455 454 454 454 453 453 453 452 452 452 452 451 451
529 529 529 528 528 528 528 527 527 526 525 525 525 524 524 524 524 523 523 523 521 521 293 292 292 292 291 481 480 480 479 479 479 478 478 477 476 476 476 475 475 474 474 473 473 473 471 471 471 470 470 469 468 468 468 468 466 466 466 465 464 464 463 463 462 461 461 461 460 459 459 459 457 457 457 456 456 456 455 455 455 455 454 454 454 453 453 453 452 452 452 451 451 451
529 529 529 528 528 528 527 526 526 526 525 525 525 524 524 524 523 522 522 522 521 521 293 292 292 292 480 480 480 479 479 479 479 477 477 477 476 476 476 474 474 474 474 473 473 472 471 471 471 470 469 469 468 468 468 467 466 466 466 464 464 464 463 462 462 461 461 460 460 459 459 458 457 457 457 456 456 456 455 455 455 455 454 454 454 453 453 453 452 452 452 451 451 451
529 529 528 527 527 527 527 526 526 526 525 525 525 524 524 523 522 522 522 522 521 521 293 292 291 481 480 480 480 479 479 479 478 477 477 477 476 476 475 474 474 474 473 473 472 472 471 471 471 469 469 469 468 468 467 466 466 466 465 464 464 464 462 462 462 461 460 460 459 459 458 458 457 457 457 456 456 456 455 455 455 454 454 454 454 453 453 453 452 452 452 451 451 451
528 528 528 527 527 527 526 526 526 526 525 525 524 523 523 523 522 522 522 521 521 293 292 291 291 481 480 480 480 479 478 478 478 477 477 477 475 475 475 474 474 474 472 472 472 472 471 470 470 469 469 469 467 467 467 466 466 465 465 464 464 463 462 462 462 460 460 460 459 458 458 458 457 457 457 456 456 456 455 455 455 454 454 454 454 453 453 453 452 452 452 451 451 451
528 528 528 527 527 527 526 526 526 525 524 524 524 523 523 523 522 522 522 521 520 292 292 291 481 481 480 480 479 478 478 478 477 477 477 476 475 475 475 474 474 473 472 472 472 471 470 470 470 469 469 468 467 467 467 466 465 465 464 464 463 463 462 462 461 460 460 460 458 458 458 458 457 457 457 456 456 456 455 455 455 454 454 454 454 453 453 453 452 452 452 451 451 451
528 528 528 527 527 526 525 525 525 524 524 524 524 523 523 523 522 521 521 520 292 292 291 481 481 481 479 479 479 478 478 478 477 476 476 476 475 475 475 473 473 473 472 472 472 470 470 470 470 469 468 468 467 467 466 465 465 465 464 463 463 463 462 461 461 460 460 459 458 458 458 457 457 457 457 456 456 456 455 455 455 454 454 454 453 453 453 453 452 452 452 451 451 451
527 527 527 526 526 526 525 525 525 524 524 524 524 523 522 522 521 521 521 520 292 292 481 480 480 480 479 479 479 478 478 477 476 476 476 475 475 474 474 473 473 473 472 471 471 470 470 470 468 468 468 468 467 466 466 465 465 464 463 463 463 463 461 461 461 460 459 459 458 458 458 457 457 457 457 456 456 456 455 455 455 454 454 454 453 453 453 453 452 452 452 451 451 451
527 527 527 526 526 526 525 525 525 524 524 523 522 522 522 522 521 521 521 520 292 481 480 480 480 480 479 479 479 477 477 477 476 476 476 474 474 474 474 473 473 472 471 471 471 470 470 469 468 468 468 468 466 466 466 465 464 464 463 463 462 461 461 461 460 459 459 459 458 458 458 457 457 457 456 456 456 456 455 455 455 454 454 454 453 453 453 453 452 452 452 451 451 451
527 527 526 526 526 526 525 524 524 523 523 523 522 522 522 522 521 521 520 291 481 481 480 480 480 479 479 478 478 477 477 477 476 476 475 474 474 474 473 473 472 472 471 471 471 469 469 469 468 468 467 467 466 466 466 464 464 464 463 462 462 461 461 460 460 459 459 459 458 458 458 457 457 457 456 456 456 456 455 455 455 454 454 454 453 453 453 452 452 452 452 451 451 451
527 527 525 525 525 525 524 524 524 523 523 523 522 522 522 520 520 520 520 481 481 481 480 480 479 478 478 478 478 477 477 477 475 475 475 474 474 474 472 472 472 472 471 470 470 469 469 469 468 467 467 466 466 465 465 464 464 464 462 462 462 461 460 460 459 459 459 459 458 458 458 457 457 457 456 456 456 456 455 455 455 454 454 454 453 453 453 452 452 452 452 451 451 451
526 526 525 525 525 524 524 524 524 523 523 523 521 521 521 520 520 520 710 481 481 481 479 479 479 478 478 478 477 476 476 476 475 475 475 474 473 473 472 472 472 471 470 470 470 469 469 468 467 467 467 466 465 465 465 464 463 463 462 462 462 460 460 460 459 459 459 459 458 458 458 457 457 457 456 456 456 455 455 455 455 454 454 454 453 453 453 452 452 452 451 451 451 451
526 526 525 525 525 524 524 524 523 522 522 522 521 521 521 520 520 520 481 480 480 480 479 479 479 478 478 477 476 476 476 476 475 475 474 473 473 473 472 472 471 470 470 470 470 468 468 468 467 467 466 465 465 465 464 463 463 463 462 461 461 460 460 460 459 459 459 459 458 458 458 457 457 457 456 456 456 455 455 455 455 454 454 454 453 453 453 452 452 452 451 451 451 451
526 526 525 524 524 523 523 523 522 522 522 522 521 521 521 520 519 709 480 480 480 480 479 479 478 477 477 477 476 476 476 475 474 474 474 473 473 473 471 471 471 470 470 470 468 468 468 468 467 466 466 465 465 464 463 463 463 463 461 461 461 460 460 460 459 459 459 458 458 458 458 457 457 457 456 456 456 455 455 455 454 454 454 454 453 453 453 452 452 452 451 451 451 451
525 525 524 524 524 523 523 523 522 522 522 522 520 520 520 519 709 481 480 480 480 479 478 478 478 477 477 477 476 475 475 474 474 474 474 473 472 472 471 471 471 470 469 469 468 468 468 467 466 466 466 465 464 464 463 463 462 461 461 461 461 460 460 460 459 459 459 458 458 458 458 457 457 457 456 456 456 455 455 455 454 454 454 454 453 453 453 452 452 452 451 451 451 450
525 525 524 524 524 523 523 523 521 521 521 520 520 520 520 709 709 481 480 479 479 478 478 478 478 477 477 476 475 475 475 474 474 474 472 472 472 472 471 471 470 469 469 469 468 467 467 466 466 466 465 464 464 464 463 462 462 461 461 461 461 460 460 460 459 459 459 458 458 458 457 457 457 457 456 456 456 455 455 455 454 454 454 453 453 453 453 452 452 452 451 451 451 450
525 524 524 523 523 522 522 522 521 521 521 520 520 520 520 708 480 480 479 479 479 478 478 478 476 476 476 476 475 475 475 473 473 473 472 472 472 472 470 470 470 469 469 468 467 467 467 466 465 465 465 464 464 463 462 462 462 461 461 461 460 460 460 460 459 459 459 458 458 458 457 457 457 457 456 456 456 455 455 455 454 454 454 453 453 453 453 452 452 452 451 451 451 450
524 523 523 523 523 522 522 522 521 521 521 519 519 519 708 708 480 480 479 479 479 477 477 477 476 476 476 476 475 474 474 473 473 473 472 471 471 470 470 470 470 468 468 468 467 467 466 465 465 465 464 463 463 463 462 462 462 461 461 461 460 460 460 460 459 459 459 458 458 458 457 457 457 456 456 456 456 455 455 455 454 454 454 453 453 453 452 452 452 452 451 451 451 450
