testData/tiles/oneDegree/grid45.0-0.0-46.0-1.0.asc
ncols   200
nrows   200
xllcorner   45.0
yllcorner   0.0
cellsize   0.005
NODATA_value   -9999.0
[rows 0 to 41 of 200, columns 94 to 187 of 200]
390 390 390 391 391 391 391 391 391 392 392 392 392 392 392 392 392 392 392 392 392 392 391 391 391 391 391 391 390 390 390 390 389 389 389 388 388 388 387 387 387 386 386 386 385 385 384 384 384 383 383 382 382 381 381 381 380 380 379 379 378 378 377 377 376 376 375 375 374 374 374 373 373 372 372 371 371 370 370 369 369 368 368 367 367 366 366 365 365 364 364 363 363 362
389 390 390 390 390 390 391 391 391 391 391 391 391 391 391 391 391 391 391 391 391 391 391 391 391 390 390 390 390 390 389 389 389 389 388 388 388 387 387 387 386 386 386 385 385 384 384 384 383 383 382 382 382 381 381 380 380 379 379 378 378 378 377 377 376 376 375 375 374 374 373 373 372 372 371 371 370 370 369 369 368 368 367 367 366 366 365 365 364 364 363 363 362 362
389 389 389 390 390 390 390 390 390 391 391 391 391 391 391 391 391 391 391 391 391 391 390 390 390 390 390 390 389 389 389 389 388 388 388 388 387 387 387 386 386 386 385 385 384 384 384 383 383 382 382 382 381 381 380 380 379 379 379 378 378 377 377 376 376 375 375 374 374 373 373 373 372 372 371 371 370 370 369 369 368 368 367 367 366 366 365 365 364 364 363 363 362 362
388 389 389 389 389 389 390 390 390 390 390 390 390 390 390 390 390 390 390 390 390 390 390 390 390 389 389 389 389 389 388 388 388 388 387 387 387 386 386 386 385 385 385 384 384 384 383 383 382 382 382 381 381 380 380 380 379 379 378 378 377 377 376 376 376 375 375 374 374 373 373 372 372 371 371 370 370 369 369 368 368 367 367 366 366 365 365 365 364 364 363 363 362 362
388 388 388 389 389 389 389 389 389 389 390 390 390 390 390 390 390 390 390 390 390 389 389 389 389 389 389 389 388 388 388 388 387 387 387 387 386 386 386 385 385 385 384 384 384 383 383 383 382 382 381 381 381 380 380 379 379 378 378 378 377 377 376 376 375 375 374 374 373 373 373 372 372 371 371 370 370 369 369 368 368 367 367 366 366 365 365 364 364 363 363 362 362 361
387 388 388 388 388 388 389 389 389 389 389 389 389 389 389 389 389 389 389 389 389 389 389 389 389 388 388 388 388 388 387 387 387 387 386 386 386 386 385 385 385 384 384 384 383 383 383 382 382 381 381 381 380 380 379 379 378 378 378 377 377 376 376 375 375 375 374 374 373 373 372 372 371 371 370 370 369 369 368 368 367 367 367 366 366 365 365 364 364 363 363 362 362 361
387 387 387 388 388 388 388 388 388 388 389 389 389 389 389 389 389 389 389 389 389 388 388 388 388 388 388 388 387 387 387 387 387 386 386 386 385 385 385 385 384 384 384 383 383 382 382 382 381 381 381 380 380 379 379 379 378 378 377 377 376 376 376 375 375 374 374 373 373 372 372 372 371 371 370 370 369 369 368 368 367 367 366 366 365 365 364 364 363 363 362 362 361 361
386 387 387 387 387 387 388 388 388 388 388 388 388 388 388 388 388 388 388 388 388 388 388 388 388 387 387 387 387 387 386 386 386 386 386 385 385 385 384 384 384 383 383 383 382 382 382 381 381 381 380 380 379 379 379 378 378 377 377 377 376 376 375 375 374 374 373 373 373 372 372 371 371 370 370 369 369 368 368 367 367 367 366 366 365 365 364 364 363 363 362 362 361 361
386 386 386 387 387 387 387 387 387 387 387 388 388 388 388 388 388 388 388 388 387 387 387 387 387 387 387 387 386 386 386 386 386 385 385 385 385 384 384 384 383 383 383 382 382 382 381 381 381 380 380 379 379 379 378 378 377 377 377 376 376 375 375 375 374 374 373 373 372 372 371 371 370 370 370 369 369 368 368 367 367 366 366 365 365 364 364 363 363 362 362 361 361 360
386 386 386 386 386 386 387 387 387 387 387 387 387 387 387 387 387 387 387 387 387 387 387 387 387 386 386 386 386 386 386 385 385 385 385 384 384 384 383 383 383 383 382 382 382 381 381 381 380 380 379 379 379 378 378 378 377 377 376 376 375 375 375 374 374 373 373 372 372 372 371 371 370 370 369 369 368 368 367 367 366 366 366 365 365 364 364 363 363 362 362 361 361 360
385 385 385 386 386 386 386 386 386 386 386 386 387 387 387 387 387 387 387 386 386 386 386 386 386 386 386 386 385 385 385 385 385 384 384 384 384 383 383 383 382 382 382 382 381 381 381 380 380 379 379 379 378 378 378 377 377 376 376 376 375 375 374 374 373 373 373 372 372 371 371 370 370 369 369 369 368 368 367 367 366 366 365 365 364 364 363 363 362 362 361 361 361 360
385 385 385 385 385 385 385 386 386 386 386 386 386 386 386 386 386 386 386 386 386 386 386 386 385 385 385 385 385 385 385 384 384 384 384 383 383 383 383 382 382 382 381 381 381 380 380 380 379 379 379 378 378 378 377 377 376 376 376 375 375 374 374 374 373 373 372 372 371 371 371 370 370 369 369 368 368 367 367 366 366 365 365 365 364 364 363 363 362 362 361 361 360 360
384 384 384 385 385 385 385 385 385 385 385 385 385 385 385 386 385 385 385 385 385 385 385 385 385 385 385 385 384 384 384 384 384 383 383 383 383 382 382 382 382 381 381 381 380 380 380 379 379 379 378 378 378 377 377 376 376 376 375 375 374 374 374 373 373 372 372 372 371 371 370 370 369 369 368 368 368 367 367 366 366 365 365 364 364 363 363 362 362 361 361 361 360 360
383 384 384 384 384 384 384 385 385 385 385 385 385 385 385 385 385 385 385 385 385 385 385 385 384 384 384 384 384 384 383 383 383 383 383 382 382 382 382 381 381 381 381 380 380 380 379 379 379 378 378 378 377 377 376 376 376 375 375 374 374 374 373 373 372 372 372 371 371 370 370 369 369 369 368 368 367 367 366 366 365 365 364 364 364 363 363 362 362 361 361 360 360 359
383 383 383 383 384 384 384 384 384 384 384 384 384 384 384 384 384 384 384 384 384 384 384 384 384 384 384 383 383 383 383 383 383 382 382 382 382 381 381 381 381 380 380 380 379 379 379 378 378 378 377 377 377 376 376 376 375 375 375 374 374 373 373 373 372 372 371 371 370 370 370 369 369 368 368 367 367 366 366 366 365 365 364 364 363 363 362 362 361 361 360 360 360 359
382 383 383 383 383 383 383 383 384 384 384 384 384 384 384 384 384 384 384 384 384 384 384 383 383 383 383 383 383 383 382 382 382 382 382 381 381 381 381 380 380 380 380 379 379 379 378 378 378 377 377 377 376 376 376 375 375 375 374 374 373 373 373 372 372 371 371 371 370 370 369 369 368 368 368 367 367 366 366 365 365 364 364 363 363 363 362 362 361 361 360 360 359 359
382 382 382 382 383 383 383 383 383 383 383 383 383 383 383 383 383 383 383 383 383 383 383 383 383 383 383 382 382 382 382 382 382 381 381 381 381 380 380 380 380 379 379 379 379 378 378 378 377 377 377 376 376 376 375 375 375 374 374 373 373 373 372 372 371 371 371 370 370 369 369 368 368 368 367 367 366 366 365 365 365 364 364 363 363 362 362 361 361 360 360 359 359 359
381 382 382 382 382 382 382 382 383 383 383 383 383 383 383 383 383 383 383 383 383 383 383 382 382 382 382 382 382 382 381 381 381 381 381 380 380 380 380 380 379 379 379 378 378 378 378 377 377 377 376 376 376 375 375 374 374 374 373 373 373 372 372 371 371 371 370 370 369 369 369 368 368 367 367 366 366 366 365 365 364 364 363 363 362 362 362 361 361 360 360 359 359 358
381 381 381 381 382 382 382 382 382 382 382 382 382 382 382 382 382 382 382 382 382 382 382 382 382 382 382 381 381 381 381 381 381 380 380 380 380 380 379 379 379 379 378 378 378 377 377 377 376 376 376 375 375 375 374 374 374 373 373 373 372 372 371 371 371 370 370 369 369 369 368 368 367 367 367 366 366 365 365 364 364 363 363 363 362 362 361 361 360 360 359 359 358 358
380 381 381 381 381 381 381 381 381 382 382 382 382 382 382 382 382 382 382 382 382 382 381 381 381 381 381 381 381 381 380 380 380 380 380 379 379 379 379 379 378 378 378 378 377 377 377 376 376 376 375 375 375 374 374 374 373 373 373 372 372 371 371 371 370 370 370 369 369 368 368 367 367 367 366 366 365 365 364 364 364 363 363 362 362 361 361 360 360 360 359 359 358 358
380 380 380 380 381 381 381 381 381 381 381 381 381 381 381 381 381 381 381 381 381 381 381 381 381 381 381 380 380 380 380 380 380 379 379 379 379 379 378 378 378 378 377 377 377 376 376 376 376 375 375 375 374 374 374 373 373 373 372 372 371 371 371 370 370 370 369 369 368 368 368 367 367 366 366 365 365 365 364 364 363 363 362 362 362 361 361 360 360 359 359 358 358 357
379 380 380 380 380 380 380 380 380 380 381 381 381 381 381 381 381 381 381 381 381 380 380 380 380 380 380 380 380 380 379 379 379 379 379 379 378 378 378 378 377 377 377 377 376 376 376 375 375 375 375 374 374 374 373 373 373 372 372 371 371 371 370 370 370 369 369 368 368 368 367 367 366 366 366 365 365 364 364 363 363 363 362 362 361 361 360 360 359 359 359 358 358 357
379 379 379 379 379 380 380 380 380 380 380 380 380 380 380 380 380 380 380 380 380 380 380 380 380 380 379 379 379 379 379 379 379 378 378 378 378 378 377 377 377 377 376 376 376 376 375 375 375 374 374 374 373 373 373 372 372 372 371 371 371 370 370 370 369 369 368 368 368 367 367 366 366 366 365 365 364 364 364 363 363 362 362 361 361 360 360 360 359 359 358 358 357 357
378 379 379 379 379 379 379 379 379 379 379 379 380 380 380 380 380 380 380 379 379 379 379 379 379 379 379 379 379 379 378 378 378 378 378 378 377 377 377 377 376 376 376 376 375 375 375 375 374 374 374 373 373 373 372 372 372 371 371 371 370 370 370 369 369 368 368 368 367 367 366 366 366 365 365 364 364 364 363 363 362 362 361 361 361 360 360 359 359 358 358 358 357 357
378 378 378 378 378 379 379 379 379 379 379 379 379 379 379 379 379 379 379 379 379 379 379 379 379 379 378 378 378 378 378 378 378 377 377 377 377 377 376 376 376 376 375 375 375 375 374 374 374 373 373 373 373 372 372 372 371 371 371 370 370 370 369 369 368 368 368 367 367 367 366 366 365 365 365 364 364 363 363 362 362 362 361 361 360 360 359 359 359 358 358 357 357 357
377 378 378 378 378 378 378 378 378 378 378 378 378 378 378 379 378 378 378 378 378 378 378 378 378 378 378 378 378 378 377 377 377 377 377 377 376 376 376 376 375 375 375 375 374 374 374 374 373 373 373 372 372 372 372 371 371 371 370 370 369 369 369 368 368 368 367 367 367 366 366 365 365 365 364 364 363 363 363 362 362 361 361 360 360 360 359 359 358 358 357 357 357 357
377 377 377 377 377 377 378 378 378 378 378 378 378 378 378 378 378 378 378 378 378 378 378 378 378 377 377 377 377 377 377 377 377 376 376 376 376 376 375 375 375 375 374 374 374 374 373 373 373 373 372 372 372 371 371 371 370 370 370 369 369 369 368 368 368 367 367 367 366 366 365 365 365 364 364 363 363 363 362 362 361 361 361 360 360 359 359 358 358 357 357 357 357 357
376 376 377 377 377 377 377 377 377 377 377 377 377 377 377 377 377 377 377 377 377 377 377 377 377 377 377 377 377 376 376 376 376 376 376 375 375 375 375 375 374 374 374 374 373 373 373 373 372 372 372 372 371 371 371 370 370 370 369 369 369 368 368 368 367 367 367 366 366 365 365 365 364 364 363 363 363 362 362 361 361 361 360 360 359 359 358 358 358 357 357 357 357 357
376 376 376 376 376 376 376 377 377 377 377 377 377 377 377 377 377 377 377 377 377 377 377 377 376 376 376 376 376 376 376 376 376 375 375 375 375 375 374 374 374 374 374 373 373 373 373 372 372 372 371 371 371 371 370 370 370 369 369 369 368 368 368 367 367 366 366 366 365 365 365 364 364 363 363 363 362 362 361 361 361 360 360 359 359 359 358 358 357 357 357 357 357 357
375 375 376 376 376 376 376 376 376 376 376 376 376 376 376 376 376 376 376 376 376 376 376 376 376 376 376 376 376 375 375 375 375 375 375 374 374 374 374 374 373 373 373 373 373 372 372 372 372 371 371 371 370 370 370 369 369 369 368 368 368 367 367 367 366 366 366 365 365 365 364 364 363 363 363 362 362 362 361 361 360 360 359 359 359 358 358 357 357 357 357 357 357 357
375 375 375 375 375 375 375 376 376 376 376 376 376 376 376 376 376 376 376 376 376 376 376 376 375 375 375 375 375 375 375 375 374 374 374 374 374 374 373 373 373 373 373 372 372 372 372 371 371 371 370 370 370 370 369 369 369 368 368 368 367 367 367 366 366 366 365 365 365 364 364 363 363 363 362 362 362 361 361 360 360 360 359 359 358 358 357 357 357 357 357 357 357 357
374 374 374 375 375 375 375 375 375 375 375 375 375 375 375 375 375 375 375 375 375 375 375 375 375 375 375 375 374 374 374 374 374 374 374 373 373 373 373 373 372 372 372 372 372 371 371 371 371 370 370 370 369 369 369 369 368 368 368 367 367 367 366 366 366 365 365 365 364 364 363 363 363 362 362 362 361 361 360 360 360 359 359 358 358 358 357 357 357 357 357 357 357 357
374 374 374 374 374 374 374 374 375 375 375 375 375 375 375 375 375 375 375 375 375 375 375 374 374 374 374 374 374 374 374 374 373 373 373 373 373 373 372 372 372 372 372 371 371 371 371 370 370 370 370 369 369 369 368 368 368 368 367 367 367 366 366 366 365 365 365 364 364 363 363 363 362 362 362 361 361 360 360 360 359 359 358 358 358 357 357 357 357 357 357 357 357 357
373 373 373 374 374 374 374 374 374 374 374 374 374 374 374 374 374 374 374 374 374 374 374 374 374 374 374 374 373 373 373 373 373 373 373 372 372 372 372 372 372 371 371 371 371 370 370 370 370 369 369 369 369 368 368 368 367 367 367 366 366 366 365 365 365 364 364 364 363 363 363 362 362 362 361 361 360 360 360 359 359 358 358 358 357 357 357 357 357 357 357 357 357 357
373 373 373 373 373 373 373 373 373 373 374 374 374 374 374 374 374 374 374 374 374 373 373 373 373 373 373 373 373 373 373 373 372 372 372 372 372 372 371 371 371 371 371 370 370 370 370 369 369 369 369 368 368 368 368 367 367 367 366 366 366 365 365 365 364 364 364 363 363 363 362 362 362 361 361 360 360 360 359 359 359 358 358 357 357 357 357 357 357 357 357 357 357 357
372 372 372 372 373 373 373 373 373 373 373 373 373 373 373 373 373 373 373 373 373 373 373 373 373 373 373 372 372 372 372 372 372 372 372 371 371 371 371 371 371 370 370 370 370 369 369 369 369 368 368 368 368 367 367 367 366 366 366 366 365 365 365 364 364 364 363 363 363 362 362 362 361 361 360 360 360 359 359 359 358 358 357 357 357 357 357 357 357 357 357 357 357 357
372 372 372 372 372 372 372 372 372 372 372 373 373 373 373 373 373 373 373 373 372 372 372 372 372 372 372 372 372 372 372 372 371 371 371 371 371 371 370 370 370 370 370 369 369 369 369 368 368 368 368 367 367 367 367 366 366 366 365 365 365 364 364 364 364 363 363 363 362 362 361 361 361 360 360 360 359 359 359 358 358 357 357 357 357 357 357 357 357 357 357 357 357 357
371 371 371 371 372 372 372 372 372 372 372 372 372 372 372 372 372 372 372 372 372 372 372 372 372 372 372 371 371 371 371 371 371 371 371 370 370 370 370 370 370 369 369 369 369 368 368 368 368 367 367 367 367 366 366 366 366 365 365 365 364 364 364 363 363 363 362 362 362 361 361 361 360 360 360 359 359 359 358 358 357 357 357 357 357 357 357 357 357 357 357 357 357 357
371 371 371 371 371 371 371 371 371 371 371 371 371 371 371 372 371 371 371 371 371 371 371 371 371 371 371 371 371 371 371 370 370 370 370 370 370 370 369 369 369 369 369 368 368 368 368 367 367 367 367 366 366 366 366 365 365 365 365 364 364 364 363 363 363 362 362 362 361 361 361 360 360 360 359 359 359 358 358 357 357 357 357 357 357 357 357 357 357 357 357 357 357 357
370 370 370 370 370 371 371 371 371 371 371 371 371 371 371 371 371 371 371 371 371 371 371 371 371 371 370 370 370 370 370 370 370 370 370 369 369 369 369 369 368 368 368 368 368 367 367 367 367 367 366 366 366 365 365 365 365 364 364 364 363 363 363 363 362 362 362 361 361 361 360 360 360 359 359 358 358 358 357 357 357 357 357 357 357 357 357 357 357 357 357 357 357 357
370 370 370 370 370 370 370 370 370 370 370 370 370 370 370 370 370 370 370 370 370 370 370 370 370 370 370 370 370 370 370 369 369 369 369 369 369 369 368 368 368 368 368 367 367 367 367 367 366 366 366 366 365 365 365 364 364 364 364 363 363 363 362 362 362 361 361 361 361 360 360 359 359 359 358 358 358 357 357 357 357 357 357 357 357 357 357 357 357 357 357 357 357 357
369 369 369 369 369 369 370 370 370 370 370 370 370 370 370 370 370 370 370 370 370 370 370 370 370 369 369 369 369 369 369 369 369 369 368 368 368 368 368 368 367 367 367 367 367 366 366 366 366 366 365 365 365 365 364 364 364 363 363 363 363 362 362 362 361 361 361 360 360 360 359 359 359 358 358 358 357 357 357 357 357 357 357 357 357 357 357 357 357 357 357 357 357 357
