testData/tiles/oneDegree/grid43.0-42.0-44.0-43.0.asc
ncols   200
nrows   200
xllcorner   43.0
yllcorner   42.0
cellsize   0.005
NODATA_value   -9999.0
[rows 42 to 83 of 200, columns 0 to 93 of 200]
386 386 386 387 388 388 387 388 387 387 386 387 386 386 386 387 386 386 385 386 385 384 385 384 385 385 384 384 383 383 383 382 381 380 381 380 379 379 379 379 378 378 377 376 375 375 374 373 372 371 371 371 370 369 368 368 368 369 369 369 369 369 369 368 369 369 369 369 370 370 370 370 371 371 370 370 370 374 374 374 375 375 375 375 375 375 376 378 379 380 381 381 381 381
385 386 388 387 387 387 387 387 387 386 387 386 387 386 387 386 386 386 385 386 385 385 384 385 385 384 384 383 383 383 382 381 381 381 380 379 380 379 379 379 378 377 376 376 376 375 374 373 373 372 372 370 370 369 368 368 368 369 369 369 369 369 369 370 370 370 370 370 370 370 370 371 371 371 371 371 370 374 374 375 375 375 375 375 376 376 377 378 379 380 380 381 381 471
387 386 387 387 386 386 386 386 386 386 387 386 386 386 387 386 386 385 386 385 385 385 384 385 384 384 383 383 383 382 381 381 381 381 381 380 379 378 379 378 377 376 376 376 375 374 374 374 373 373 372 371 370 369 368 368 369 369 369 369 369 369 369 371 371 371 371 370 370 370 371 371 371 371 371 371 371 371 375 375 375 376 376 376 376 377 377 378 379 379 380 380 381 472
386 386 386 386 385 386 386 385 386 386 387 387 386 387 386 386 385 386 385 385 385 384 385 384 383 383 382 383 382 381 381 381 381 381 380 379 379 379 378 377 377 376 375 375 375 375 374 373 373 372 371 370 370 369 369 370 370 369 369 369 370 370 371 371 371 371 371 371 371 371 371 371 371 371 371 371 371 372 377 376 376 376 376 376 376 377 378 378 378 379 380 380 381 471
385 385 385 385 386 385 386 385 387 387 386 386 386 386 385 385 384 386 385 385 384 385 384 383 383 382 383 382 381 382 381 381 381 380 379 379 379 378 377 377 376 375 376 376 375 374 374 373 372 371 371 370 369 369 370 370 370 371 371 370 370 371 371 371 371 371 371 371 372 372 372 371 371 371 371 372 373 373 373 377 376 376 376 376 376 377 378 378 379 379 379 380 470 471
385 385 384 384 386 386 386 386 386 386 385 385 385 385 385 385 386 385 384 384 383 384 383 383 383 383 383 383 383 382 382 382 381 380 380 379 379 379 378 377 377 378 377 375 375 374 372 372 372 371 370 369 369 369 370 371 371 371 371 371 372 372 371 371 371 371 371 371 372 372 372 372 373 372 372 373 373 373 373 377 377 377 376 376 377 377 377 378 379 379 379 379 471 473
384 384 384 386 386 385 385 386 385 385 385 385 385 385 385 384 385 384 384 384 385 384 384 383 382 384 383 383 382 381 382 381 380 380 379 379 379 378 378 378 377 377 376 376 375 373 373 373 371 370 370 369 369 371 371 371 371 371 371 371 372 372 372 372 371 371 371 372 372 373 373 373 373 373 373 373 373 373 373 373 377 377 377 377 377 377 377 378 618 619 620 619 711 711
383 385 385 385 385 385 384 385 384 384 384 384 385 384 384 385 385 384 384 384 384 383 383 383 384 383 382 382 381 382 381 380 380 379 379 379 379 378 378 377 377 377 376 374 373 373 373 372 371 371 371 371 371 371 371 371 371 371 371 372 372 372 372 372 372 372 373 373 373 373 373 373 373 373 374 374 373 373 373 612 616 616 617 617 616 617 617 617 618 619 619 711 710 711
384 384 385 384 384 384 384 384 384 383 385 384 385 385 385 385 384 384 383 384 383 384 383 382 383 382 382 381 381 381 380 380 379 378 380 379 378 378 377 377 377 376 374 374 373 373 372 372 372 371 371 371 372 372 372 371 371 371 372 372 372 372 372 372 373 374 374 373 373 373 373 612 612 613 613 613 613 612 612 612 612 617 618 618 618 617 617 617 618 618 620 710 711 711
383 383 384 383 383 383 384 383 384 384 385 385 384 384 384 384 383 383 383 384 383 383 382 383 382 382 381 380 381 380 380 379 379 380 379 378 378 377 376 377 375 374 374 373 372 373 373 372 371 371 371 372 372 372 372 372 372 373 372 372 372 373 373 373 612 613 613 613 613 612 612 612 613 613 613 613 613 613 612 613 614 618 618 618 618 618 617 617 617 619 620 710 711 711
382 383 383 383 382 383 384 384 384 385 384 384 383 384 383 383 383 383 384 383 383 382 383 382 381 382 381 382 381 381 381 380 380 380 379 379 378 377 377 376 375 375 373 373 374 373 372 371 371 371 372 372 372 372 372 372 372 612 612 613 612 612 612 612 613 613 613 613 613 613 613 613 613 613 613 613 614 614 614 615 614 614 618 618 618 618 618 617 618 619 709 710 710 711
381 382 382 382 383 384 384 383 384 384 383 383 383 383 383 382 383 383 383 382 383 382 383 382 382 381 381 381 381 381 380 380 380 379 379 378 376 376 376 375 375 375 374 375 374 373 373 371 371 371 372 611 611 611 611 611 613 613 613 613 613 613 612 613 613 613 613 613 613 613 613 614 613 613 614 614 614 614 614 615 615 614 618 618 618 618 618 619 619 618 709 709 710 711
382 381 381 383 384 383 383 383 383 383 382 382 383 382 383 382 382 383 383 383 382 383 382 381 381 380 382 381 381 380 379 380 379 379 377 376 376 376 375 376 375 374 374 374 373 612 611 611 611 612 611 611 611 611 612 613 613 613 613 613 613 613 614 614 613 613 613 613 613 613 614 615 615 615 614 614 614 614 615 615 615 615 614 618 618 618 618 619 619 619 708 710 711 711
381 382 382 383 383 382 382 383 382 382 382 381 383 382 383 383 383 383 382 382 381 382 381 381 381 381 381 381 380 379 379 378 378 377 376 376 376 376 376 614 613 613 613 612 612 611 611 611 612 612 612 612 613 612 612 613 613 613 613 613 613 613 614 614 614 614 613 613 614 615 615 615 615 615 615 614 614 615 615 615 615 615 615 618 618 618 619 619 620 710 709 710 710 711
382 382 381 382 382 381 381 382 382 381 382 383 383 383 382 382 382 382 381 381 381 381 381 381 380 381 380 380 379 378 378 377 377 615 615 615 615 615 614 613 613 613 612 612 611 611 611 611 612 613 613 613 613 613 614 614 613 613 613 613 613 614 614 614 614 614 615 614 615 615 615 615 615 615 615 615 615 615 615 615 615 615 615 615 618 620 620 620 620 710 710 709 710 711
381 381 381 381 381 381 381 381 382 382 382 383 382 382 381 382 382 381 381 380 382 381 381 380 380 379 379 378 617 617 617 617 616 617 616 616 616 615 614 613 612 613 612 611 611 611 611 613 613 613 613 613 613 614 614 614 614 614 613 613 614 614 614 615 615 615 615 615 616 615 615 615 615 615 615 615 616 615 615 615 615 615 616 616 621 620 620 620 620 710 710 710 710 711
380 380 381 380 380 380 380 382 382 381 382 382 381 381 381 381 381 380 381 381 381 380 380 618 619 618 618 617 617 617 617 617 616 616 615 616 615 614 614 613 613 613 612 612 612 612 613 613 613 613 613 613 613 614 614 614 614 614 614 614 614 615 615 615 615 615 615 616 616 616 615 615 615 615 615 616 616 616 616 616 616 616 616 617 617 621 620 620 710 710 710 710 710 711
379 380 380 379 379 382 382 381 381 381 381 381 380 380 381 380 379 379 380 620 619 619 618 618 618 618 617 617 616 617 617 616 616 615 616 615 614 614 613 612 613 612 612 613 613 613 614 614 614 613 613 613 614 614 614 614 614 614 615 616 616 616 615 615 615 615 616 616 616 616 616 615 615 615 616 616 617 617 617 617 616 616 616 617 617 621 621 620 710 710 710 710 711 712
377 378 378 379 379 380 380 379 379 380 379 379 379 378 618 619 619 619 619 619 618 618 617 618 617 617 616 617 617 617 616 616 615 615 615 614 614 613 612 613 612 613 613 613 613 614 614 614 614 614 614 614 614 614 614 614 615 615 616 616 616 616 616 616 615 615 616 616 616 616 616 616 616 616 617 617 617 617 617 617 617 616 617 617 617 617 621 621 710 710 710 711 711 711
376 377 379 379 379 379 379 378 378 379 617 617 617 619 619 619 618 618 618 618 617 617 618 617 617 617 617 616 616 616 615 615 614 615 614 614 613 612 612 613 613 613 613 613 613 614 614 614 614 614 614 615 615 615 615 615 615 615 616 616 616 616 616 616 616 616 616 616 616 616 616 617 617 618 617 617 617 617 617 617 617 618 617 617 617 617 617 711 711 710 711 712 712 712
378 378 378 378 378 378 617 617 617 617 618 618 618 619 618 618 617 618 618 617 617 616 617 617 617 616 616 616 616 615 616 615 616 615 614 614 613 613 613 613 613 613 613 613 614 614 614 614 614 614 615 616 616 616 616 616 616 616 616 616 616 616 616 616 617 617 617 616 617 617 617 617 618 618 618 617 617 617 617 617 618 618 618 617 617 617 617 711 712 713 712 712 712 712
377 616 616 616 617 616 616 616 616 617 618 617 618 618 617 617 617 617 617 616 616 616 617 617 617 616 616 616 616 615 615 614 615 614 614 614 613 614 614 614 614 614 614 615 614 614 614 614 614 615 616 616 616 616 616 616 617 617 616 616 616 616 616 616 617 617 618 618 617 617 617 618 618 618 618 618 617 617 617 617 618 618 618 618 617 618 618 708 712 713 713 712 712 712
616 615 615 616 616 615 615 617 618 617 617 617 617 617 616 616 617 616 616 615 617 618 617 617 616 616 616 616 615 615 614 615 614 614 614 613 613 614 614 614 614 614 614 615 615 615 615 615 615 616 616 616 616 616 616 616 617 617 617 617 616 616 616 618 618 618 618 618 618 617 617 618 618 618 618 618 618 617 617 618 618 618 618 619 619 618 708 708 713 713 713 712 712 712
615 614 614 615 615 615 616 617 617 616 616 617 616 616 616 615 616 616 617 617 617 617 616 616 615 615 615 615 614 614 613 615 614 614 613 613 614 614 614 614 614 614 615 615 615 616 616 616 616 617 616 616 616 616 616 617 617 617 617 617 617 618 618 618 618 618 618 618 618 618 619 618 618 618 618 618 618 618 618 618 619 619 619 619 619 618 708 709 709 713 713 713 712 712
614 614 614 614 615 616 616 616 616 615 615 616 615 615 616 616 617 617 616 616 616 616 616 615 615 615 615 614 614 614 615 614 614 613 613 613 614 614 614 614 614 614 615 616 616 616 616 616 617 617 617 617 617 616 616 617 617 617 617 618 618 618 619 618 618 618 618 618 618 619 619 619 618 618 618 618 618 619 620 619 619 619 619 619 619 619 709 709 709 713 713 713 713 712
613 613 614 615 615 615 615 615 615 615 615 615 616 615 615 617 616 616 615 615 616 615 615 614 614 614 614 614 614 613 614 613 613 613 613 614 614 614 614 614 614 616 616 616 616 616 616 616 617 617 617 617 617 617 618 617 617 618 618 618 618 619 619 619 619 618 618 618 618 619 619 619 619 618 618 619 619 620 620 620 619 619 619 619 619 709 710 709 709 709 713 713 713 713
612 614 614 614 614 615 615 614 614 614 615 615 615 615 616 616 615 615 615 615 615 614 614 613 614 616 615 615 614 615 614 614 614 614 614 615 615 615 615 616 616 617 616 616 616 616 616 617 617 617 617 617 617 617 619 619 619 618 618 618 618 619 619 619 619 619 618 618 619 619 619 619 620 620 619 619 620 620 620 620 620 619 619 619 619 710 710 710 709 709 709 713 713 714
613 614 614 613 613 614 614 613 613 615 615 615 615 615 615 615 614 614 614 614 614 614 614 614 615 615 614 614 613 614 614 614 614 614 615 615 615 616 616 616 617 617 617 617 617 617 617 617 617 617 617 617 618 619 619 619 619 619 618 618 619 619 619 619 619 619 619 618 619 619 620 620 620 620 620 619 620 620 620 620 620 620 619 619 620 710 710 710 710 709 710 714 714 714
612 613 613 612 612 613 613 613 613 614 615 614 614 615 614 614 614 613 615 614 614 614 614 615 614 614 613 613 614 614 614 614 614 614 615 616 616 616 616 616 617 617 617 617 617 617 618 618 618 617 618 618 618 619 619 619 619 619 619 619 619 619 619 619 619 619 619 621 620 620 620 620 620 620 620 621 620 620 620 620 620 620 620 619 710 710 710 711 711 710 710 710 714 715
612 612 612 612 612 612 613 613 613 614 614 613 613 614 613 613 614 613 614 614 614 614 613 614 614 613 613 613 614 614 614 614 614 616 616 616 616 616 616 617 617 617 617 617 617 618 618 618 619 619 619 618 619 619 619 619 619 619 619 620 620 619 619 619 619 620 621 621 621 620 620 620 620 620 621 621 621 620 620 620 620 620 620 620 710 711 711 711 711 711 710 710 714 715
611 611 611 611 612 612 612 613 613 613 613 613 612 613 614 613 613 614 613 614 613 613 614 613 613 613 613 614 614 614 614 614 615 616 616 616 616 616 616 617 617 617 617 617 617 618 619 619 619 619 619 620 620 619 619 619 619 619 620 620 620 620 620 620 620 620 621 621 621 621 621 620 620 620 621 621 621 621 620 620 620 620 622 622 711 711 711 711 711 711 711 710 711 715
610 610 610 612 612 612 612 612 613 612 612 612 613 613 613 612 612 614 613 613 613 612 613 613 613 613 613 615 615 615 616 616 616 617 617 617 617 617 618 618 617 617 617 617 619 619 619 619 619 619 619 620 620 620 620 619 619 619 620 620 621 621 621 621 620 621 621 621 621 621 621 620 620 621 621 621 621 621 620 621 621 621 622 622 712 711 711 711 711 711 711 711 711 711
609 609 610 611 612 611 611 612 612 611 611 612 613 612 612 613 613 613 612 612 612 613 613 614 614 614 614 615 616 616 616 616 617 617 617 617 617 617 618 618 618 618 619 619 619 619 619 619 619 619 620 620 620 620 620 620 619 620 621 621 621 621 621 621 621 621 621 621 621 621 621 621 620 621 621 621 621 622 622 621 621 622 622 712 712 712 711 711 711 711 711 712 711 711
608 609 610 611 611 611 610 611 611 612 611 612 612 611 612 612 612 612 612 612 613 614 614 614 614 614 616 616 616 616 616 616 617 617 617 617 617 618 618 618 619 619 619 620 620 620 620 619 619 619 620 620 620 620 620 620 621 622 621 621 621 621 621 621 622 622 621 621 621 621 621 621 622 621 622 622 622 622 622 622 621 622 622 712 712 712 711 711 711 711 712 712 711 711
609 609 610 610 610 610 609 610 611 611 610 611 612 611 611 611 612 612 613 613 613 614 614 614 614 615 616 616 616 616 616 617 617 617 617 617 617 618 618 619 619 619 619 620 620 620 620 620 620 620 620 620 620 620 621 621 622 622 622 621 621 621 621 621 622 622 622 621 621 621 621 621 623 623 622 622 622 622 622 622 623 622 622 712 712 712 712 711 711 712 712 712 712 712
609 608 609 609 609 609 609 610 610 610 609 611 611 611 611 612 613 613 613 613 614 614 614 615 615 616 616 616 616 616 616 617 617 617 617 617 617 619 619 619 619 619 619 620 620 620 620 620 620 621 621 620 621 621 621 621 622 622 622 622 621 621 621 622 622 622 622 622 621 621 622 623 623 623 623 622 622 622 622 623 623 622 712 712 712 712 712 712 711 712 712 713 713 713
565 565 565 565 565 566 567 566 566 610 611 611 611 611 612 613 613 613 613 613 614 615 615 615 615 616 616 616 616 617 618 618 618 618 618 619 620 620 619 619 619 619 620 620 620 620 620 620 620 621 622 622 622 621 621 622 622 622 622 622 622 622 621 622 622 622 622 623 623 622 623 623 623 623 623 623 622 622 622 623 623 623 712 712 712 712 712 712 713 713 713 713 713 713
564 565 564 564 565 566 566 566 567 567 568 568 569 569 569 570 570 570 570 571 615 615 615 615 616 617 617 617 617 617 618 618 618 619 619 619 620 620 620 620 620 620 621 620 620 620 620 620 622 622 622 622 622 622 622 622 622 622 622 622 622 622 623 622 622 623 623 623 623 623 623 623 623 623 623 623 622 622 623 623 623 623 713 712 712 713 713 713 714 713 713 713 713 713
565 564 564 565 565 566 567 567 567 568 568 569 569 569 570 570 570 570 571 572 572 573 573 573 574 574 574 574 574 574 575 575 576 576 576 620 620 620 620 620 620 621 621 621 621 621 621 621 622 622 622 622 622 622 623 623 622 622 622 622 622 622 623 624 623 623 623 623 623 624 624 623 623 623 623 623 623 622 623 623 623 623 713 713 713 713 713 714 714 713 713 713 713 713
565 566 567 565 565 567 567 567 567 568 569 569 569 569 570 570 570 571 571 573 573 573 573 573 574 574 574 574 574 575 576 576 576 576 576 577 577 577 577 577 577 578 578 578 579 579 579 580 579 579 579 579 579 579 580 580 580 579 579 579 579 581 581 581 581 580 580 580 580 581 581 580 580 580 580 580 580 581 580 580 581 671 671 671 670 670 671 671 671 671 670 670 670 670
566 566 567 568 569 567 567 567 567 569 569 569 569 570 570 571 571 572 573 573 573 573 573 574 574 574 574 574 575 576 576 576 576 576 577 577 577 577 577 577 578 578 578 579 579 579 579 580 580 580 579 579 579 579 580 580 580 580 579 580 580 581 581 581 581 580 580 580 581 581 581 581 580 580 580 580 580 581 581 581 581 671 671 671 670 670 671 671 671 671 670 670 670 670
567 568 568 568 569 569 567 567 569 569 569 569 569 570 571 571 572 572 573 573 573 573 573 574 574 574 574 575 576 576 576 577 577 577 578 578 577 577 577 577 578 579 579 579 579 579 580 580 580 580 580 579 579 580 580 580 580 581 581 580 581 581 581 581 581 581 580 580 581 581 581 581 581 580 580 581 582 582 582 581 581 671 671 671 671 671 671 671 671 671 671 670 670 670
