testData/tiles/oneDegree/grid28.0-29.0-29.0-30.0.asc
ncols   200
nrows   200
xllcorner   28.0
yllcorner   29.0
cellsize   0.005
NODATA_value   -9999.0
[rows 138 to 183 of 200, columns 96 to 191 of 200]
238 238 238 238 238 238 239 240 241 242 244 245 245 246 247 248 249 250 251 251 252 253 254 254 255 255 256 257 257 258 258 259 259 260 260 269 274 278 281 283 285 287 289 290 291 292 292 292 294 293 293 293 292 292 292 290 289 287 285 283 279 274 266 266 266 266 266 266 266 266 266 266 266 265 265 265 265 265 265 264 264 264 264 263 263 263 262 262 262 261 261 261 260 260 259 259
238 238 238 238 238 238 239 240 241 242 243 244 245 246 247 248 249 250 250 251 252 253 253 254 255 255 256 256 257 258 258 259 259 260 265 272 277 280 283 285 287 289 290 291 292 293 294 294 294 295 295 294 294 293 292 292 291 289 287 285 282 278 271 266 266 266 266 266 266 266 266 266 265 265 265 265 265 265 264 264 264 264 263 263 263 263 262 262 262 261 261 260 261 261 260 260
238 238 238 238 238 238 239 240 241 242 243 244 245 246 247 248 249 249 250 251 252 252 253 254 254 255 256 256 257 257 258 258 259 259 270 275 279 282 284 287 288 289 291 292 293 294 295 295 295 296 296 295 295 294 293 292 292 291 289 287 284 281 276 266 266 266 266 266 266 266 266 265 265 265 265 265 265 265 264 264 264 264 263 263 263 262 263 263 262 262 262 261 261 260 260 259
238 238 238 238 238 238 238 240 241 242 243 244 245 246 247 248 248 249 250 251 252 252 253 254 254 255 256 256 257 257 258 258 259 266 273 277 280 283 285 288 289 291 293 293 294 295 296 296 296 296 297 297 296 295 295 294 292 291 290 288 286 283 279 273 266 266 266 266 266 265 265 265 265 265 265 265 265 264 264 264 264 263 264 264 264 263 263 263 262 262 261 261 261 260 260 259
238 238 238 238 238 238 238 239 241 242 243 244 245 246 247 247 248 249 250 251 251 252 253 253 254 255 255 256 257 257 258 258 259 270 275 279 282 285 287 288 291 292 293 295 295 296 297 297 297 297 297 298 297 297 296 295 294 292 291 289 288 285 282 277 266 266 266 265 265 265 265 265 265 265 265 265 264 265 265 265 265 264 264 264 263 263 263 262 262 262 261 261 260 260 260 259
238 238 238 238 238 238 238 239 240 241 242 243 244 245 246 247 248 249 250 250 251 252 253 253 254 255 255 256 256 257 257 258 265 273 277 281 283 286 288 290 292 293 294 296 296 297 297 298 298 298 298 298 298 298 297 296 295 294 292 290 288 286 283 279 272 265 265 265 265 265 265 265 265 265 266 265 265 265 265 265 264 264 264 264 263 263 263 262 262 262 261 261 260 260 259 259
238 238 238 238 238 238 238 239 240 241 242 243 244 245 246 247 248 249 250 250 251 252 252 253 254 254 255 256 256 257 257 258 269 275 279 283 285 287 290 291 292 294 295 296 297 298 298 298 299 299 299 299 298 299 298 297 296 295 294 292 290 288 285 281 276 265 265 265 265 265 266 266 266 266 265 265 265 265 265 264 264 264 264 263 263 263 262 262 262 261 261 261 260 260 259 259
238 238 238 238 238 238 238 239 240 241 242 243 244 245 246 247 248 249 249 250 251 252 252 253 254 254 255 255 256 257 257 265 272 277 280 283 286 288 291 292 293 295 296 297 299 299 299 299 301 300 300 300 300 299 299 298 297 296 295 293 291 289 286 283 279 272 265 266 266 266 266 266 266 265 265 265 265 265 265 264 264 264 264 263 263 263 262 262 262 261 261 260 260 260 259 259
238 238 238 238 238 238 238 238 240 241 242 243 244 245 246 247 247 248 249 250 251 251 252 253 253 254 255 255 256 256 257 268 274 278 282 285 288 289 291 293 294 295 297 298 299 300 300 300 300 301 301 301 301 300 299 299 298 297 296 294 293 291 288 285 282 277 266 266 266 266 266 266 265 265 265 265 265 265 264 264 264 264 263 263 263 262 262 262 261 261 261 260 260 259 259 258
238 238 238 238 238 238 238 238 239 241 242 243 244 245 246 246 247 248 249 250 250 251 252 253 253 254 254 255 256 256 264 271 276 280 284 286 288 291 292 294 296 297 298 299 300 301 301 301 301 301 302 302 302 301 300 300 299 298 297 296 294 293 291 288 284 280 273 266 266 266 265 265 265 265 265 265 265 264 264 264 264 264 263 263 263 262 262 262 261 261 260 260 260 259 259 225
238 238 238 238 238 238 238 238 239 240 241 242 243 244 245 246 247 248 249 250 250 251 252 252 253 254 254 255 255 256 268 273 278 281 284 287 289 292 293 295 297 298 298 300 300 301 302 302 302 302 302 303 302 302 301 301 300 299 298 298 296 294 292 289 286 282 277 266 265 265 265 265 265 265 265 265 264 264 264 264 264 263 263 263 262 262 262 261 261 261 260 260 259 259 259 225
238 238 238 238 238 238 238 238 239 240 241 242 243 244 245 246 247 248 249 249 250 251 252 252 253 254 254 255 255 261 270 275 279 283 285 289 290 293 294 296 298 299 299 301 301 302 302 303 303 303 303 303 303 303 302 303 302 301 299 298 296 295 293 291 288 283 279 270 265 265 265 265 265 265 265 264 264 264 264 264 263 263 263 263 262 262 262 261 261 261 260 260 259 259 258 225
238 238 238 238 238 238 238 238 239 240 241 242 243 244 245 246 247 248 248 249 250 251 251 252 253 253 254 255 255 266 272 277 281 284 287 290 291 293 295 297 298 299 300 301 302 303 303 304 304 304 304 304 303 305 304 303 303 302 300 299 297 296 294 291 289 285 281 275 265 265 265 265 265 265 264 264 264 264 264 264 263 263 263 262 262 262 261 261 261 260 260 260 259 259 258 225
238 238 238 238 238 238 238 238 238 240 241 242 243 244 245 246 246 247 248 249 250 250 251 252 252 253 254 254 260 268 274 279 282 285 288 290 293 294 296 298 299 300 301 302 303 304 304 304 305 305 306 306 305 305 305 304 304 303 301 300 299 297 295 293 290 287 283 278 270 265 265 265 265 264 264 264 264 264 264 263 263 263 263 262 262 262 261 261 261 260 260 259 259 258 258 225
238 238 238 238 238 238 238 238 238 239 240 242 243 244 244 245 246 247 248 249 249 250 251 252 252 253 254 254 263 270 276 280 283 286 289 291 294 295 296 298 299 300 302 303 303 304 305 305 306 307 307 306 306 306 305 305 304 303 302 301 300 298 296 294 291 289 285 280 273 265 265 265 264 264 264 264 264 264 263 263 263 263 262 262 262 261 261 261 260 260 260 259 259 258 225 224
238 238 238 238 238 238 238 238 238 239 240 241 242 243 244 245 246 247 248 249 249 250 251 251 252 253 253 254 267 273 278 281 285 287 290 292 294 296 297 299 300 301 303 303 304 305 307 307 307 307 308 307 307 306 306 305 305 304 303 302 301 299 297 295 293 290 287 283 277 265 265 264 264 264 264 264 264 263 263 263 263 263 262 262 262 261 261 261 260 260 259 259 259 258 225 224
238 238 238 238 238 238 238 238 238 239 240 241 242 243 244 245 246 247 248 248 249 250 251 251 252 253 253 260 268 274 278 282 285 288 290 293 295 297 298 299 301 302 303 304 306 306 307 308 308 308 307 308 308 307 307 306 305 304 304 303 302 300 298 296 294 291 288 284 279 270 264 264 264 264 264 264 263 263 263 263 263 262 262 262 261 261 261 260 260 260 259 259 258 258 224 224
238 238 238 238 238 238 238 238 238 239 240 241 242 243 244 245 246 247 247 248 249 250 250 251 252 252 253 264 271 276 280 284 286 289 291 294 296 298 299 300 302 303 305 306 307 307 307 308 308 308 308 309 309 308 308 307 306 305 304 303 302 301 299 297 295 293 289 285 281 274 264 264 264 264 264 264 263 263 263 263 262 262 262 262 261 261 261 260 260 260 259 259 258 258 224 224
238 238 238 238 238 238 238 238 238 238 240 241 242 243 244 245 245 246 247 248 249 249 250 251 252 252 253 266 273 278 281 285 287 291 292 295 297 298 300 301 303 305 305 306 307 308 308 309 309 309 309 309 309 309 308 308 307 306 305 304 303 301 299 298 295 293 290 287 283 277 264 264 264 264 264 263 263 263 263 263 262 262 262 261 261 261 260 260 260 259 259 259 258 258 224 224
238 238 238 238 238 238 238 238 238 238 239 240 241 242 243 244 245 246 247 248 248 249 250 251 251 252 260 269 275 278 283 285 289 291 293 295 298 299 302 303 304 306 306 307 308 309 309 309 310 310 310 310 309 309 309 309 308 307 306 305 304 302 300 299 297 294 292 288 285 280 271 264 264 263 263 263 263 263 263 262 262 262 262 261 261 261 260 260 260 259 259 258 258 224 224 223
238 238 238 238 238 238 238 238 238 238 239 240 241 242 243 244 245 246 247 248 248 249 250 250 251 252 263 271 276 280 284 286 290 292 294 296 299 301 302 304 305 305 307 308 308 309 310 310 310 311 311 310 310 310 309 309 309 308 307 306 304 303 301 300 298 295 293 290 286 282 275 264 263 263 263 263 263 263 262 262 262 262 261 261 261 260 260 260 259 259 259 258 258 224 224 223
238 238 238 238 238 238 238 238 238 238 239 240 241 242 243 244 245 246 246 247 248 249 250 250 251 257 266 273 277 281 285 287 291 293 296 298 299 301 303 305 305 306 308 308 309 309 310 310 310 310 311 311 311 310 310 309 309 309 308 306 305 304 302 301 299 296 294 291 288 284 278 268 263 263 263 263 263 262 262 262 262 261 261 261 261 260 260 260 259 259 258 258 258 224 224 223
238 238 238 238 238 238 238 238 238 238 239 240 241 242 243 244 245 245 246 247 248 249 249 250 251 259 268 274 278 282 285 289 292 295 296 299 300 302 303 304 306 307 308 309 309 310 311 311 311 311 311 312 311 311 311 310 309 308 308 307 306 305 303 302 300 298 295 292 289 284 279 271 263 263 263 263 262 262 262 262 262 261 261 261 260 260 260 259 259 259 258 258 257 224 223 223
238 238 238 238 238 238 238 238 238 238 238 239 240 242 242 243 244 245 246 247 248 248 249 250 251 263 270 275 280 284 287 291 293 296 297 300 301 302 304 305 307 308 308 310 310 310 311 312 312 312 312 311 312 312 311 311 310 309 308 307 306 306 304 303 301 299 295 293 290 286 281 275 263 263 263 262 262 262 262 262 261 261 261 261 260 260 260 259 259 258 258 258 257 224 223 223
238 238 238 238 238 238 238 238 238 238 238 239 240 241 242 243 244 245 246 247 247 248 249 250 255 265 272 276 282 285 288 292 294 296 298 299 302 303 305 306 307 308 309 309 311 311 311 312 313 313 312 312 312 312 312 311 311 310 309 308 307 305 304 302 301 299 296 294 291 287 283 277 268 263 262 262 262 262 262 261 261 261 261 260 260 260 259 259 259 258 258 257 224 224 223 223
238 238 238 238 238 238 238 238 238 238 238 239 240 241 242 243 244 245 246 246 247 248 249 249 258 268 273 279 283 286 289 292 295 296 299 300 303 304 305 307 307 309 310 310 312 312 312 312 313 313 313 313 313 312 313 312 311 311 310 309 308 306 305 303 302 300 297 295 292 289 285 280 271 262 262 262 262 262 262 261 261 261 261 260 260 260 259 259 258 258 258 257 224 223 223 222
238 238 238 238 238 238 238 238 238 238 238 239 240 241 242 243 244 245 245 246 247 248 249 249 262 271 275 280 283 287 290 293 295 297 300 301 302 304 305 307 308 309 310 311 311 313 313 313 313 314 314 314 313 313 312 313 312 311 310 309 308 307 306 304 302 301 298 296 293 290 286 282 274 262 262 262 262 262 261 261 261 261 260 260 260 259 259 259 258 258 257 257 224 223 223 222
238 238 238 238 238 238 238 238 238 238 238 238 240 241 242 243 243 244 245 246 247 248 248 250 265 271 277 281 284 288 290 293 295 298 300 302 303 305 306 308 309 310 311 312 312 312 313 314 314 314 314 314 314 314 313 313 312 312 311 310 309 308 307 305 303 301 299 297 294 291 287 282 276 262 262 262 262 261 261 261 261 260 260 260 260 259 259 259 258 258 257 257 223 223 222 222
238 238 238 238 238 238 238 238 238 238 238 238 239 240 241 242 243 244 245 246 247 247 249 258 268 273 278 282 285 289 291 294 296 299 300 303 304 306 307 308 310 310 311 312 313 313 314 314 314 314 314 315 315 314 314 313 313 312 311 311 310 309 307 306 304 302 300 298 294 292 288 284 279 270 262 262 261 261 261 261 261 260 260 260 259 259 259 258 258 258 257 224 223 223 222 222
238 238 238 238 238 238 238 238 238 238 238 238 239 240 241 242 243 244 245 246 247 248 249 261 269 274 279 283 287 289 292 295 297 300 301 302 305 306 308 309 309 311 311 312 313 314 314 315 315 315 315 315 315 315 314 314 313 313 312 311 310 308 307 307 304 302 300 298 296 293 289 285 281 273 262 261 261 261 261 261 260 260 260 259 259 259 258 258 258 257 257 223 223 223 222 222
238 238 238 238 238 238 238 238 238 238 238 238 239 240 241 242 243 244 246 246 247 248 249 263 270 276 280 284 288 290 293 295 298 299 302 303 305 306 308 309 310 312 312 313 314 314 314 315 316 316 315 315 315 316 315 315 314 313 312 311 310 309 308 306 305 303 301 299 297 294 291 287 282 276 261 261 261 261 261 260 260 260 260 259 259 259 258 258 258 257 257 223 223 222 222 221
238 238 238 238 238 238 238 238 238 238 238 238 239 240 241 242 243 244 245 246 247 248 255 265 272 277 281 285 288 291 294 296 299 300 303 304 306 307 308 310 311 311 313 313 314 315 315 315 315 316 316 316 316 315 316 315 315 314 313 312 311 310 309 307 306 304 302 300 298 295 292 288 284 277 268 261 261 261 260 260 260 260 259 259 259 258 258 258 257 257 257 223 223 222 222 221
238 238 238 238 238 238 238 238 238 238 238 238 238 239 240 242 243 244 245 246 247 247 259 267 273 278 282 286 289 292 294 297 298 301 302 305 306 308 309 311 311 312 313 314 314 316 316 316 316 317 317 317 316 316 315 315 315 315 314 313 312 311 309 308 306 305 303 301 299 296 293 289 284 279 272 261 261 261 260 260 260 260 259 259 259 258 258 258 257 257 223 223 222 222 221 221
238 238 238 238 238 238 238 238 238 238 238 238 238 239 241 242 243 244 245 246 246 247 261 269 274 279 283 286 289 293 295 298 299 302 303 305 306 308 309 310 312 313 313 315 315 315 316 316 317 316 317 317 317 317 316 316 315 315 314 313 312 311 310 309 307 306 304 302 299 297 293 290 286 281 274 261 261 260 260 260 260 259 259 259 258 258 258 257 257 257 223 223 222 222 221 221
238 238 238 238 238 238 238 238 238 238 238 238 238 240 241 242 243 244 245 245 246 252 264 271 275 280 284 287 290 293 296 298 300 302 304 306 307 308 310 311 313 313 314 315 315 316 316 317 317 317 317 318 317 317 317 316 316 315 314 313 313 312 311 309 308 306 305 302 299 297 294 291 287 283 277 266 260 260 260 260 259 259 259 259 258 258 258 257 257 256 223 223 222 222 221 221
238 238 238 238 238 238 238 238 238 238 238 239 239 240 241 242 243 243 244 245 246 256 266 271 277 281 284 288 291 293 296 298 301 302 305 306 308 309 311 311 312 314 314 315 316 316 317 317 318 318 318 317 318 318 317 317 316 315 315 314 313 312 311 309 308 306 304 302 300 298 295 292 289 284 279 269 260 260 260 259 259 259 259 258 258 258 257 257 257 256 223 222 222 221 221 220
238 238 238 238 238 238 238 238 238 238 239 239 239 239 240 241 242 243 244 245 246 259 267 273 278 282 285 289 291 294 297 299 301 303 305 306 308 309 310 312 313 314 315 315 316 317 317 317 318 318 318 318 318 317 318 317 317 316 315 314 313 312 311 310 308 307 305 303 301 299 296 293 290 285 280 272 260 260 260 259 259 259 258 258 258 258 257 257 256 223 223 222 222 221 221 220
238 238 238 238 238 238 238 238 239 239 239 239 239 239 240 241 242 243 244 245 246 261 268 274 279 282 286 290 292 295 297 300 301 304 305 307 308 310 311 313 313 314 316 316 316 318 318 318 318 319 319 319 318 318 318 318 317 317 316 315 314 313 312 311 309 308 306 304 302 300 297 294 290 286 281 275 260 260 259 259 259 259 258 258 258 257 257 257 256 223 222 222 221 221 220 220
238 238 238 238 238 238 238 239 239 239 239 239 239 239 240 241 242 243 244 245 252 263 270 275 279 283 287 290 293 296 298 300 302 304 306 308 309 311 312 312 314 315 315 317 317 317 318 318 318 318 319 319 319 319 318 318 318 317 317 316 315 314 313 311 310 308 307 305 303 301 298 294 291 287 283 277 267 259 259 259 259 258 258 258 257 257 257 256 256 223 222 222 221 221 220 220
238 238 238 238 238 238 239 239 239 239 239 239 239 239 240 241 242 242 243 244 256 265 271 276 280 284 288 290 294 296 298 301 303 305 306 308 309 310 312 313 315 315 316 317 317 318 318 319 319 319 319 320 319 319 319 318 318 317 316 316 315 314 313 312 311 309 307 306 303 300 298 295 292 289 284 279 270 259 259 259 258 258 258 258 257 257 257 256 256 222 222 222 221 221 220 264
238 238 238 238 239 239 239 239 239 239 239 239 239 239 239 240 241 242 243 244 258 266 272 277 281 285 288 291 294 296 299 301 303 305 307 308 310 311 313 314 314 316 316 317 318 318 318 320 320 320 319 319 320 320 319 319 318 318 317 316 315 314 313 312 310 309 307 305 303 301 299 296 293 290 286 279 272 259 259 259 258 258 258 257 257 257 256 256 223 222 266 265 265 264 264 263
238 238 238 239 239 239 239 239 239 239 239 239 239 239 239 240 241 242 243 249 261 267 273 278 282 285 289 292 294 297 300 301 304 305 308 309 311 312 312 314 315 316 317 317 319 319 319 319 320 320 320 320 320 320 320 319 319 318 317 317 316 315 314 312 311 309 308 306 304 302 300 297 294 291 286 281 275 264 259 258 258 258 258 257 257 257 300 300 266 266 266 265 265 264 264 263
238 238 239 239 239 239 239 239 239 239 239 239 239 239 239 240 241 242 243 252 262 269 274 279 282 286 290 292 295 298 300 302 304 306 307 309 310 312 313 315 315 316 317 318 318 319 320 320 320 321 321 320 320 320 319 320 319 319 318 317 316 315 314 313 312 310 309 307 305 303 301 298 294 291 287 283 277 267 258 258 258 302 301 301 301 300 300 300 266 266 265 265 264 264 263 263
239 239 239 239 239 239 239 239 239 239 239 239 239 239 239 240 241 241 242 254 263 270 275 280 283 287 290 293 296 299 300 303 304 307 308 310 311 313 314 314 316 317 317 318 319 319 320 320 320 320 321 321 321 320 320 320 320 319 319 318 317 316 315 314 312 311 309 308 306 304 301 298 295 292 288 284 278 313 302 302 302 301 301 301 300 300 300 299 266 266 265 265 264 264 263 263
239 239 239 239 239 239 239 239 239 239 239 239 239 239 239 239 240 241 242 257 265 271 276 280 284 288 290 293 296 298 301 303 305 306 308 309 311 312 314 315 317 317 318 319 319 320 320 321 321 321 321 322 321 321 321 320 320 319 319 318 317 316 315 314 313 312 310 308 306 303 301 299 296 337 333 329 323 316 302 302 301 301 301 301 300 300 300 266 266 265 265 264 264 263 263 262
239 239 239 239 239 239 239 239 239 239 239 239 239 239 239 239 240 241 247 259 267 271 276 281 285 288 291 294 296 299 302 303 306 307 309 310 312 313 315 315 316 318 318 318 320 320 320 321 321 321 321 321 322 321 321 321 320 319 319 318 317 317 316 315 314 312 310 308 306 348 346 344 341 338 334 329 325 318 307 302 301 301 301 300 300 300 299 266 266 265 265 264 264 263 263 262
