testData/tiles/oneDegree/grid14.0-27.0-15.0-28.0.asc
ncols   200
nrows   200
xllcorner   14.0
yllcorner   27.0
cellsize   0.005
NODATA_value   -9999.0
[rows 126 to 167 of 200, columns 0 to 93 of 200]
316 317 319 320 322 323 325 326 327 328 329 330 332 333 334 335 336 338 339 339 340 341 342 343 344 345 346 347 347 348 349 350 351 352 352 352 353 354 355 355 356 356 357 357 304 305 306 305 306 307 307 308 307 308 309 309 310 309 310 310 311 311 311 311 312 312 312 312 313 313 312 313 313 312 313 313 314 313 313 313 313 313 313 313 313 313 312 313 312 312 312 311 312 311
316 318 320 321 322 324 325 327 327 328 330 331 332 333 335 336 337 338 338 339 340 341 343 344 345 346 347 347 347 348 349 350 351 352 352 353 353 354 355 356 356 356 357 358 359 359 359 306 306 307 308 308 308 308 309 310 309 310 310 311 311 311 311 312 312 312 312 313 313 312 313 313 314 313 313 314 313 313 314 313 313 313 313 313 313 312 313 313 312 312 312 312 312 311
317 319 320 322 323 324 325 326 327 329 330 331 333 334 335 336 337 338 339 340 341 342 343 344 345 346 346 347 348 349 350 351 352 351 352 353 354 355 356 356 356 357 358 358 359 359 359 360 361 361 308 308 308 309 309 310 310 310 311 311 311 311 312 312 312 312 312 313 312 313 313 314 313 313 314 313 313 314 314 313 314 314 313 313 313 313 313 312 313 313 312 312 311 311
318 319 321 322 324 324 325 327 328 329 331 332 333 334 336 337 337 338 339 340 341 342 343 344 345 345 346 347 348 349 350 351 351 352 353 354 354 355 356 356 357 357 358 359 359 359 360 360 361 362 361 362 363 309 310 309 310 310 311 311 311 312 312 313 312 312 313 313 313 313 314 313 313 314 314 313 314 314 313 314 314 313 314 314 313 313 314 313 313 312 312 313 312 312
318 320 321 322 323 324 326 327 329 330 331 332 334 335 335 336 337 339 340 341 342 343 344 344 345 346 347 348 349 350 351 351 351 352 353 354 355 356 355 356 357 358 358 359 359 360 360 361 362 361 362 362 363 364 363 364 310 311 311 311 311 312 312 312 312 313 313 313 313 314 314 313 314 314 313 314 314 313 314 314 313 314 314 313 313 314 313 313 313 313 313 312 312 311
319 319 321 322 324 325 326 328 329 330 332 333 334 334 336 337 338 339 340 341 342 343 343 344 345 346 347 348 349 350 350 351 352 353 354 354 355 355 356 357 357 358 359 359 359 360 361 361 361 362 362 363 363 363 364 364 365 365 365 311 312 312 312 312 313 313 313 313 314 314 313 314 314 313 314 314 315 314 314 314 314 314 314 314 314 313 313 314 313 313 312 312 312 312
318 320 321 323 324 326 327 328 330 331 332 332 334 335 336 337 338 339 341 342 343 343 344 345 346 347 348 349 350 350 351 351 352 353 354 355 355 355 356 357 358 359 358 359 360 360 361 361 361 362 363 363 364 363 364 365 365 365 365 366 366 367 312 313 313 314 313 314 314 313 314 314 315 314 314 315 314 314 315 314 314 314 314 314 314 313 314 313 313 313 312 313 312 312
319 320 322 323 325 326 327 329 330 331 332 333 334 335 337 338 339 340 341 342 342 343 344 345 346 347 348 349 349 350 351 352 353 354 354 354 355 356 357 357 358 358 359 359 360 361 361 361 362 362 363 364 363 364 364 365 365 365 366 366 367 366 367 367 314 313 313 314 314 314 314 315 314 314 315 314 314 315 315 314 315 315 314 314 314 314 314 313 313 313 313 313 312 312
319 321 322 324 325 327 328 329 330 331 332 333 335 336 337 338 339 340 341 342 343 344 345 346 347 348 349 349 350 351 351 352 353 354 354 355 356 356 357 358 358 358 359 360 361 361 361 362 362 363 363 363 364 364 365 365 365 366 366 367 366 367 367 368 367 367 368 314 314 314 315 314 314 315 315 314 315 315 314 315 315 314 314 315 314 314 313 314 314 313 313 312 313 312
320 321 323 324 326 327 327 329 330 331 333 334 335 336 337 339 340 340 341 342 343 344 345 346 347 347 348 349 350 351 352 353 354 353 354 355 356 357 358 357 358 359 360 360 361 361 361 362 363 363 363 363 364 365 365 365 365 366 366 366 366 367 367 367 367 368 368 368 368 315 315 314 315 315 314 315 315 314 315 315 314 315 315 314 314 315 314 314 313 313 313 313 313 312
320 322 323 325 326 327 328 329 331 332 333 334 336 337 338 339 339 340 341 343 344 345 346 347 347 348 349 350 350 351 352 353 353 354 355 356 356 357 357 358 358 359 360 361 360 361 362 362 363 363 363 364 364 365 365 365 366 366 367 366 367 367 368 367 368 368 369 368 368 369 368 315 315 315 315 315 315 315 315 315 315 315 314 314 315 314 314 314 314 314 313 313 312 313
321 322 324 324 326 327 328 330 331 332 334 335 336 337 337 339 340 341 342 343 344 345 346 346 347 348 349 350 351 352 353 353 353 354 355 356 357 357 357 358 359 360 360 360 361 361 362 363 362 363 364 364 365 364 365 366 366 367 366 367 367 368 367 368 368 369 368 368 369 368 369 369 369 369 315 315 315 315 315 315 315 315 315 315 314 314 315 314 314 313 313 314 313 313
321 322 323 325 326 328 329 330 332 333 334 335 337 337 338 339 340 341 342 343 345 346 346 347 348 349 349 350 351 351 352 353 354 355 356 356 356 357 358 359 359 360 360 360 361 362 363 363 363 363 364 365 364 365 365 366 367 366 367 367 368 367 368 368 369 368 368 369 369 369 369 369 369 369 370 369 315 316 315 315 315 315 315 315 314 315 314 314 314 314 314 313 313 312
321 322 324 325 327 328 329 331 332 333 335 335 336 337 338 339 341 342 343 344 344 345 346 347 348 349 350 351 351 352 353 353 354 355 356 356 357 357 358 359 360 359 360 361 362 362 363 363 363 364 364 365 365 365 366 366 366 366 367 368 367 368 368 368 368 368 369 369 369 369 369 369 369 370 370 369 370 370 315 315 316 315 315 315 315 315 314 315 314 314 313 313 313 313
321 323 324 326 327 329 330 331 332 334 334 335 336 338 339 340 341 342 343 343 344 345 346 347 348 349 350 350 351 352 353 354 355 356 355 356 357 358 359 359 359 360 361 361 362 363 362 363 364 364 365 364 365 366 366 366 366 367 367 368 367 368 368 369 368 369 369 369 369 369 370 369 370 370 369 370 370 369 370 370 315 315 316 315 315 314 315 315 314 314 313 314 313 313
322 323 325 326 328 329 330 332 332 333 334 336 337 338 339 340 342 343 343 344 345 346 347 348 349 350 350 351 352 353 353 354 355 355 356 357 357 358 359 359 360 360 361 362 362 362 363 363 364 365 364 365 365 366 367 366 367 367 368 367 368 368 369 368 369 369 370 369 369 370 369 370 370 369 370 370 369 370 370 369 370 370 369 315 316 315 315 314 314 314 314 313 313 313
322 324 325 327 328 330 330 331 332 334 335 336 337 339 340 341 341 342 343 344 345 346 347 348 349 349 350 351 352 353 354 355 355 355 356 357 358 359 358 359 360 361 361 362 362 362 363 364 364 364 365 365 366 366 366 367 367 368 367 368 368 369 368 369 369 369 369 369 370 369 370 370 370 370 370 370 370 370 370 370 370 369 369 370 369 315 314 315 315 314 314 313 314 314
323 324 326 327 328 329 330 332 333 334 335 337 338 339 340 340 341 343 344 345 346 347 348 349 349 350 351 352 352 353 354 354 355 356 357 357 358 358 359 360 360 361 362 361 362 363 363 364 364 364 365 366 366 366 366 367 367 367 368 368 369 368 368 369 369 369 369 370 370 370 370 370 370 370 370 370 370 370 370 370 370 370 370 369 369 370 369 315 314 314 314 314 314 314
323 325 325 327 328 329 331 332 333 335 336 337 338 338 340 341 342 343 344 345 346 347 347 348 349 350 351 352 353 354 354 355 355 356 357 358 358 358 359 360 361 361 361 362 363 363 364 364 364 365 365 366 366 366 367 367 368 367 368 368 369 368 369 369 369 369 370 370 369 370 370 370 370 370 370 370 370 370 370 370 370 370 370 369 370 369 369 368 369 315 314 314 314 314
323 324 326 327 329 330 331 333 334 335 336 338 338 339 340 341 342 343 344 346 347 347 348 349 350 351 351 352 353 353 354 355 356 357 357 357 358 359 360 360 361 361 362 362 363 364 363 364 365 365 366 365 366 367 367 368 367 368 368 369 368 369 369 370 369 370 370 369 370 370 371 370 370 371 370 370 371 370 370 370 370 370 369 370 370 369 369 369 369 368 314 314 315 315
323 325 326 328 329 330 332 333 334 336 336 337 338 339 340 342 343 344 345 346 346 347 348 349 350 351 352 352 353 354 354 355 356 357 357 358 358 359 360 361 360 361 362 363 363 363 364 364 365 366 365 366 366 367 367 367 368 368 369 368 369 369 370 369 370 370 370 370 370 371 370 370 371 370 370 371 370 370 371 370 370 370 370 370 369 370 369 369 368 368 369 369 315 315
324 325 327 328 330 331 332 333 335 335 336 337 339 340 341 342 343 344 344 345 346 347 348 349 350 351 351 352 353 354 355 356 357 356 357 358 359 360 360 360 361 362 362 363 363 363 364 365 365 365 366 366 367 367 367 367 368 368 368 369 369 369 369 369 370 370 370 370 371 370 370 371 370 370 371 370 370 371 370 370 371 370 370 369 370 370 369 369 369 369 369 369 369 369
324 326 327 329 330 331 333 333 334 335 337 338 339 340 341 342 344 344 345 346 347 348 349 350 351 351 352 353 354 354 355 356 356 357 358 358 359 360 360 361 361 362 363 363 363 364 364 365 366 365 366 367 367 367 367 368 368 368 368 369 369 369 369 370 370 370 370 371 370 370 371 371 370 371 371 370 371 370 370 371 370 370 371 370 370 369 370 369 369 369 369 369 370 370
325 326 328 329 330 331 332 333 335 336 337 338 339 341 342 342 343 344 345 346 347 348 349 350 350 351 352 353 354 355 356 356 356 357 358 359 360 359 360 361 362 362 363 363 363 364 365 365 365 366 366 367 366 367 368 368 369 368 369 369 370 369 370 370 370 370 370 371 370 371 371 370 371 371 371 371 371 370 371 370 370 371 370 370 369 370 370 369 369 369 370 370 370 370
325 327 328 329 330 331 333 334 335 336 338 339 340 341 341 342 343 345 346 347 348 349 349 350 351 352 353 353 354 355 355 356 357 358 358 359 359 360 361 361 362 363 362 363 364 364 365 365 365 366 367 366 367 367 368 369 368 369 369 370 369 370 370 370 370 370 371 370 371 371 370 371 371 371 371 371 371 371 371 370 371 370 370 371 370 370 369 369 370 370 370 370 370 371
326 326 328 329 330 332 333 334 336 337 338 339 339 341 342 343 344 345 346 347 348 348 349 350 351 352 353 354 354 355 355 356 357 358 359 359 359 360 361 362 362 362 363 364 364 365 365 365 366 366 367 367 367 368 368 368 368 369 369 369 369 370 370 370 370 371 370 371 371 370 371 371 372 371 371 371 371 371 370 371 371 370 371 370 370 369 370 370 370 370 370 371 371 371
325 327 328 329 331 332 333 335 336 337 337 339 340 341 342 343 344 345 346 347 347 348 349 350 351 352 353 353 354 355 356 357 358 358 358 359 360 361 361 362 362 362 363 364 365 364 365 366 366 367 366 367 368 368 368 368 369 369 369 369 370 370 370 370 371 370 371 371 371 371 371 371 371 371 372 371 371 371 371 371 370 371 370 370 370 370 370 370 370 371 371 371 371 371
326 327 329 330 331 333 334 335 336 337 338 339 340 341 342 344 345 346 346 347 348 349 350 351 352 353 353 354 355 355 356 357 358 358 359 359 360 361 361 361 362 363 364 364 364 365 365 366 367 366 367 367 368 367 368 369 369 369 369 370 370 370 370 371 371 370 371 371 371 371 371 371 371 372 371 371 372 371 371 370 371 371 370 371 370 370 370 370 371 371 371 371 371 372
326 328 329 330 332 333 334 335 336 337 338 339 341 342 343 344 345 345 346 347 348 349 350 351 352 352 353 354 355 356 357 356 357 358 359 360 361 360 361 362 363 363 364 364 364 365 366 366 366 366 367 368 367 368 368 369 368 369 370 370 370 370 370 371 370 371 371 371 371 371 371 371 372 371 371 372 371 371 372 371 371 370 371 370 370 370 371 371 371 371 371 372 372 372
327 328 329 331 332 332 334 335 336 338 339 340 341 342 343 343 345 346 347 348 349 350 351 351 352 353 353 354 355 356 356 357 358 359 359 360 360 361 361 362 363 364 363 364 365 365 366 366 366 367 367 367 368 368 369 369 369 369 370 369 370 370 371 370 371 371 371 371 371 372 371 372 372 371 372 371 371 372 371 371 370 371 371 370 370 371 371 371 371 372 372 372 372 372
327 329 330 330 332 333 334 335 337 338 339 340 341 343 343 344 345 346 347 348 349 350 350 351 352 353 354 355 356 356 356 357 358 359 360 359 360 361 362 363 363 363 364 364 365 366 365 366 367 367 367 367 368 369 369 369 369 370 370 370 370 371 370 371 371 371 371 371 372 371 371 372 371 372 372 371 372 371 371 371 371 371 370 371 371 371 371 371 372 372 372 372 372 373
328 328 329 331 332 333 335 336 337 338 340 341 341 342 343 344 345 346 347 348 348 349 350 351 352 353 354 355 355 356 357 358 358 359 359 360 361 361 362 363 363 363 364 365 365 365 366 366 367 368 367 368 368 369 368 369 370 370 370 370 371 370 370 371 371 371 371 372 371 371 372 371 372 372 371 372 372 371 372 371 371 370 371 371 371 371 372 372 372 372 372 373 373 373
327 328 330 331 332 334 335 336 338 339 339 340 341 342 344 345 346 347 348 348 349 350 351 352 353 354 354 355 355 356 357 358 359 359 359 360 361 362 363 362 363 364 364 365 365 365 366 367 367 367 368 368 369 368 369 369 370 369 370 370 371 370 371 371 371 371 372 371 371 372 371 372 372 371 372 372 371 372 371 371 371 371 371 371 371 372 372 372 372 372 373 373 373 373
328 329 330 332 333 334 335 337 337 338 339 341 342 343 344 345 346 347 347 348 349 350 351 352 353 353 354 355 356 357 358 358 358 359 360 361 361 362 362 363 363 364 365 364 365 366 366 367 367 367 368 368 368 369 369 370 369 370 370 371 370 371 371 371 371 371 372 371 372 372 371 372 371 372 372 371 372 372 371 371 371 371 371 372 372 372 372 372 373 373 373 373 373 374
328 329 331 332 333 335 336 336 337 339 340 341 342 343 344 345 346 347 348 349 350 351 352 353 353 353 354 355 356 357 358 358 359 359 360 361 362 361 362 363 364 364 364 365 365 366 367 366 367 368 368 368 368 369 369 369 370 370 371 370 371 371 371 371 371 372 371 372 372 371 372 372 372 372 371 372 372 371 372 371 371 371 372 372 372 372 373 373 373 373 373 374 374 374
328 330 331 332 334 334 335 337 338 339 340 341 343 344 344 345 346 347 348 349 350 351 351 352 353 354 355 356 357 356 357 358 359 360 361 360 361 362 363 363 364 364 364 365 366 366 366 367 367 368 368 368 369 369 369 369 370 370 370 370 371 371 371 371 372 371 372 372 371 372 372 372 372 372 372 372 371 372 372 371 371 372 372 372 372 373 373 373 373 373 374 374 374 374
329 330 331 332 333 334 336 337 338 339 341 342 343 343 344 345 346 347 348 349 350 350 351 352 353 354 355 356 356 357 358 358 359 360 360 361 361 362 363 364 363 364 365 365 366 366 366 367 368 367 368 368 369 369 369 370 370 370 370 371 371 371 371 372 371 371 372 371 372 372 371 372 372 372 372 371 372 372 371 371 372 372 372 372 373 373 373 373 374 374 374 374 374 374
328 330 331 332 334 335 336 337 339 340 341 341 342 343 345 346 347 348 349 350 350 351 352 353 354 355 356 355 356 357 358 359 360 359 360 361 362 363 363 363 364 364 365 366 365 366 367 367 367 368 368 369 368 369 369 370 370 370 371 371 371 371 371 371 371 372 371 372 372 371 372 372 372 372 372 372 372 371 371 372 372 372 373 373 373 373 374 374 374 374 374 374 375 375
329 330 331 333 334 335 337 338 339 339 340 342 343 344 345 346 347 348 348 349 350 351 352 353 354 354 355 356 357 358 358 359 359 360 361 361 362 363 363 363 364 365 365 365 366 366 367 367 367 368 369 369 369 369 370 369 370 370 371 370 371 371 372 371 372 372 372 372 372 372 372 371 372 372 372 372 371 371 372 372 372 373 373 373 373 374 374 374 374 374 375 375 375 375
329 330 332 333 334 336 337 337 338 340 341 342 343 344 345 346 347 348 349 350 351 352 353 353 353 354 355 356 357 358 359 359 359 360 361 362 362 362 363 364 364 365 365 366 366 367 366 367 368 368 369 368 369 370 370 370 370 371 370 371 371 372 371 372 372 371 372 372 372 372 372 372 372 372 372 372 372 372 372 372 373 373 373 373 374 374 374 374 375 375 375 375 375 375
330 331 332 334 335 335 336 338 339 340 341 342 343 345 346 346 347 348 349 350 351 352 353 353 354 355 356 356 357 357 358 359 360 361 361 361 362 363 363 364 365 364 365 366 367 366 367 367 368 369 368 369 369 370 369 370 371 370 371 371 372 371 371 372 371 372 372 372 372 372 372 372 371 372 372 372 372 372 372 373 373 373 374 374 374 374 374 375 375 375 375 375 376 376
330 331 333 333 334 336 337 338 339 340 342 343 344 344 345 346 347 348 349 350 351 351 352 353 354 355 356 357 357 358 358 359 360 361 361 361 362 363 364 363 364 365 366 366 366 366 367 368 368 368 369 369 370 369 370 370 370 370 371 371 371 371 372 371 372 372 372 372 372 372 372 372 372 372 371 372 372 372 373 373 373 374 374 374 374 375 375 375 375 375 376 376 376 376
