testData/tiles/oneDegree/grid0.0-43.0-1.0-44.0.asc
ncols   200
nrows   200
xllcorner   0.0
yllcorner   43.0
cellsize   0.005
NODATA_value   -9999.0
[rows 42 to 83 of 200, columns 94 to 187 of 200]
403 404 404 404 405 405 405 405 406 406 406 406 407 407 407 407 408 408 408 408 409 409 409 409 410 410 410 410 410 411 411 411 411 411 412 412 412 412 412 412 413 413 413 413 413 414 414 414 414 414 414 415 415 415 415 415 415 415 416 416 416 416 416 416 417 417 417 417 431 431 431 431 432 432 432 433 433 434 434 436 436 437 437 438 438 438 438 439 439 439 440 439 439 439
403 403 404 404 404 405 405 405 405 406 406 406 406 407 407 407 407 408 408 408 408 409 409 409 409 409 410 410 410 410 410 411 411 411 411 411 412 412 412 412 412 413 413 413 413 413 413 414 414 414 414 414 414 415 415 415 415 415 415 416 416 416 416 416 416 416 417 417 417 431 431 431 431 432 432 432 432 433 433 434 435 436 436 436 437 437 437 437 438 438 438 438 438 438
403 403 403 404 404 404 404 405 405 405 406 406 406 406 407 407 407 407 408 408 408 408 409 409 409 409 409 410 410 410 410 410 411 411 411 411 411 412 412 412 412 412 413 413 413 413 413 413 414 414 414 414 414 414 415 415 415 415 415 415 415 416 416 416 416 416 416 417 417 417 431 431 431 431 432 432 432 432 432 432 433 433 435 435 435 436 436 436 436 436 437 437 437 437
402 403 403 403 404 404 404 404 405 405 405 406 406 406 406 407 407 407 407 408 408 408 408 408 409 409 409 409 410 410 410 410 410 411 411 411 411 411 412 412 412 412 412 412 413 413 413 413 413 414 414 414 414 414 414 414 415 415 415 415 415 415 416 416 416 416 416 416 416 417 417 417 431 431 431 431 432 432 432 432 432 432 432 434 434 434 434 435 435 435 435 436 436 436
402 402 403 403 403 403 404 404 404 405 405 405 405 406 406 406 407 407 407 407 407 408 408 408 408 409 409 409 409 409 410 410 410 410 411 411 411 411 411 411 412 412 412 412 412 413 413 413 413 413 413 414 414 414 414 414 414 415 415 415 415 415 415 416 416 416 416 416 416 416 417 417 417 431 431 431 431 432 432 432 432 432 432 432 432 433 433 433 433 433 433 433 433 434
401 402 402 402 403 403 403 404 404 404 405 405 405 405 406 406 406 406 407 407 407 407 408 408 408 408 409 409 409 409 409 410 410 410 410 410 411 411 411 411 411 412 412 412 412 412 413 413 413 413 413 413 414 414 414 414 414 414 415 415 415 415 415 415 415 416 416 416 416 416 416 416 417 417 417 431 431 431 431 432 432 432 432 432 432 432 432 433 433 433 433 433 433 433
401 401 402 402 402 403 403 403 404 404 404 404 405 405 405 406 406 406 406 407 407 407 407 408 408 408 408 408 409 409 409 409 410 410 410 410 410 411 411 411 411 411 412 412 412 412 412 412 413 413 413 413 413 413 414 414 414 414 414 414 415 415 415 415 415 415 416 416 416 416 416 416 416 417 417 417 417 431 431 431 432 432 432 432 432 432 432 432 433 433 433 433 433 433
401 401 401 402 402 402 403 403 403 404 404 404 404 405 405 405 406 406 406 406 407 407 407 407 407 408 408 408 408 409 409 409 409 409 410 410 410 410 410 411 411 411 411 411 412 412 412 412 412 413 413 413 413 413 413 414 414 414 414 414 414 415 415 415 415 415 415 415 416 416 416 416 416 416 416 417 417 417 417 417 431 431 432 432 432 432 432 432 432 432 433 433 433 433
400 400 401 401 401 402 402 402 403 403 403 404 404 404 405 405 405 405 406 406 406 406 407 407 407 407 408 408 408 408 409 409 409 409 409 410 410 410 410 410 411 411 411 411 411 412 412 412 412 412 412 413 413 413 413 413 413 414 414 414 414 414 414 415 415 415 415 415 415 416 416 416 416 416 416 416 417 417 417 417 417 417 417 431 432 432 432 432 432 432 432 432 433 433
400 400 400 401 401 401 402 402 402 403 403 403 404 404 404 404 405 405 405 406 406 406 406 407 407 407 407 408 408 408 408 408 409 409 409 409 410 410 410 410 410 411 411 411 411 411 411 412 412 412 412 412 413 413 413 413 413 413 414 414 414 414 414 414 415 415 415 415 415 415 415 416 416 416 416 416 416 416 417 417 417 417 417 417 417 418 418 418 418 418 418 418 418 419
399 399 400 400 401 401 401 402 402 402 403 403 403 404 404 404 404 405 405 405 405 406 406 406 406 407 407 407 407 408 408 408 408 409 409 409 409 409 410 410 410 410 410 411 411 411 411 411 412 412 412 412 412 412 413 413 413 413 413 413 414 414 414 414 414 414 415 415 415 415 415 415 415 416 416 416 416 416 416 416 417 417 417 417 417 417 417 418 418 418 418 418 418 418
398 399 399 400 400 400 401 401 401 402 402 402 403 403 403 404 404 404 405 405 405 405 406 406 406 406 407 407 407 407 408 408 408 408 408 409 409 409 409 410 410 410 410 410 410 411 411 411 411 411 412 412 412 412 412 413 413 413 413 413 413 414 414 414 414 414 414 414 415 415 415 415 415 415 416 416 416 416 416 416 416 417 417 417 417 417 417 417 417 418 418 418 418 418
398 398 399 399 399 400 400 401 401 401 402 402 402 403 403 403 404 404 404 404 405 405 405 405 406 406 406 406 407 407 407 407 408 408 408 408 409 409 409 409 409 410 410 410 410 410 411 411 411 411 411 412 412 412 412 412 412 413 413 413 413 413 413 414 414 414 414 414 414 415 415 415 415 415 415 415 416 416 416 416 416 416 416 417 417 417 417 417 417 417 417 418 418 418
397 398 398 398 399 399 400 400 400 401 401 402 402 402 403 403 403 403 404 404 404 405 405 405 405 406 406 406 406 407 407 407 407 408 408 408 408 408 409 409 409 409 409 410 410 410 410 410 411 411 411 411 411 412 412 412 412 412 412 413 413 413 413 413 413 414 414 414 414 414 414 415 415 415 415 415 415 415 416 416 416 416 416 416 416 417 417 417 417 417 417 417 417 418
396 397 397 398 398 399 399 400 400 400 401 401 401 402 402 402 403 403 403 404 404 404 404 405 405 405 405 406 406 406 406 407 407 407 407 408 408 408 408 409 409 409 409 409 410 410 410 410 410 411 411 411 411 411 411 412 412 412 412 412 413 413 413 413 413 413 414 414 414 414 414 414 414 415 415 415 415 415 415 415 416 416 416 416 416 416 416 417 417 417 417 417 417 417
396 396 397 397 398 398 399 399 399 400 400 400 401 401 402 402 402 403 403 403 403 404 404 404 405 405 405 405 406 406 406 406 407 407 407 407 408 408 408 408 408 409 409 409 409 409 410 410 410 410 410 411 411 411 411 411 412 412 412 412 412 412 413 413 413 413 413 413 414 414 414 414 414 414 414 415 415 415 415 415 415 416 416 416 416 416 416 416 416 417 417 417 417 417
395 395 396 396 397 397 398 398 399 399 400 400 400 401 401 401 402 402 402 403 403 403 404 404 404 404 405 405 405 405 406 406 406 406 407 407 407 407 408 408 408 408 408 409 409 409 409 409 410 410 410 410 410 411 411 411 411 411 412 412 412 412 412 412 413 413 413 413 413 413 414 414 414 414 414 414 414 415 415 415 415 415 415 416 416 416 416 416 416 416 416 417 417 417
394 394 395 396 396 397 397 398 398 399 399 399 400 400 400 401 401 402 402 402 402 403 403 403 404 404 404 404 405 405 405 406 406 406 406 407 407 407 407 407 408 408 408 408 409 409 409 409 409 410 410 410 410 410 411 411 411 411 411 411 412 412 412 412 412 412 413 413 413 413 413 413 414 414 414 414 414 414 415 415 415 415 415 415 415 416 416 416 416 416 416 416 416 417
392 393 394 395 395 396 396 397 397 398 398 399 399 399 400 400 401 401 401 402 402 402 403 403 403 403 404 404 404 405 405 405 405 406 406 406 406 407 407 407 407 408 408 408 408 408 409 409 409 409 409 410 410 410 410 410 411 411 411 411 411 411 412 412 412 412 412 412 413 413 413 413 413 413 414 414 414 414 414 414 415 415 415 415 415 415 415 416 416 416 416 416 416 416
391 392 393 394 394 395 396 396 397 397 398 398 398 399 399 400 400 400 401 401 401 402 402 402 403 403 403 404 404 404 404 405 405 405 405 406 406 406 406 407 407 407 407 408 408 408 408 408 409 409 409 409 409 410 410 410 410 410 411 411 411 411 411 411 412 412 412 412 412 413 413 413 413 413 413 413 414 414 414 414 414 414 415 415 415 415 415 415 415 416 416 416 416 416
390 390 391 392 393 394 395 395 396 396 397 397 398 398 399 399 399 400 400 401 401 401 402 402 402 403 403 403 403 404 404 404 404 405 405 405 406 406 406 406 406 407 407 407 407 408 408 408 408 408 409 409 409 409 409 410 410 410 410 410 411 411 411 411 411 412 412 412 412 412 412 413 413 413 413 413 413 413 414 414 414 414 414 414 415 415 415 415 415 415 415 416 416 416
387 387 390 391 392 393 393 394 395 395 396 396 397 397 398 398 399 399 400 400 400 401 401 401 402 402 402 403 403 403 403 404 404 404 405 405 405 405 406 406 406 406 407 407 407 407 407 408 408 408 408 409 409 409 409 409 410 410 410 410 410 410 411 411 411 411 411 412 412 412 412 412 412 413 413 413 413 413 413 413 414 414 414 414 414 414 415 415 415 415 415 415 415 416
387 387 387 390 390 391 392 393 394 394 395 396 396 397 397 398 398 398 399 399 400 400 400 401 401 401 402 402 402 403 403 403 404 404 404 404 405 405 405 405 406 406 406 406 407 407 407 407 407 408 408 408 408 409 409 409 409 409 410 410 410 410 410 410 411 411 411 411 411 412 412 412 412 412 412 413 413 413 413 413 413 413 414 414 414 414 414 414 415 415 415 415 415 415
387 387 387 387 387 390 390 391 392 393 394 395 395 396 396 397 397 398 398 399 399 399 400 400 400 401 401 402 402 402 402 403 403 403 404 404 404 404 405 405 405 405 406 406 406 406 407 407 407 407 408 408 408 408 408 409 409 409 409 409 410 410 410 410 410 410 411 411 411 411 411 412 412 412 412 412 412 413 413 413 413 413 413 413 414 414 414 414 414 414 415 415 415 415
387 387 387 387 387 387 387 390 391 392 393 393 394 395 395 396 396 397 397 398 398 399 399 399 400 400 401 401 401 402 402 402 403 403 403 403 404 404 404 404 405 405 405 405 406 406 406 406 407 407 407 407 408 408 408 408 408 409 409 409 409 409 410 410 410 410 410 410 411 411 411 411 411 412 412 412 412 412 412 413 413 413 413 413 413 413 414 414 414 414 414 414 414 415
387 387 387 387 387 387 387 387 390 390 391 392 393 394 394 395 396 396 397 397 398 398 398 399 399 400 400 400 401 401 401 402 402 402 403 403 403 403 404 404 404 405 405 405 405 406 406 406 406 406 407 407 407 407 408 408 408 408 408 409 409 409 409 409 410 410 410 410 410 410 411 411 411 411 411 412 412 412 412 412 412 413 413 413 413 413 413 413 414 414 414 414 414 414
387 387 387 387 387 387 387 387 387 387 390 390 391 392 393 394 395 395 396 396 397 397 398 398 398 399 399 400 400 400 401 401 401 402 402 402 403 403 403 403 404 404 404 405 405 405 405 406 406 406 406 406 407 407 407 407 408 408 408 408 408 409 409 409 409 409 410 410 410 410 410 410 411 411 411 411 411 412 412 412 412 412 412 412 413 413 413 413 413 413 414 414 414 414
387 387 387 387 387 387 387 387 387 387 387 387 390 390 392 393 393 394 395 395 396 396 397 397 398 398 399 399 399 400 400 400 401 401 401 402 402 402 403 403 403 403 404 404 404 405 405 405 405 406 406 406 406 406 407 407 407 407 408 408 408 408 408 409 409 409 409 409 410 410 410 410 410 410 411 411 411 411 411 411 412 412 412 412 412 412 413 413 413 413 413 413 414 414
387 387 387 387 387 387 387 387 387 387 387 387 387 387 390 391 392 393 393 394 395 395 396 396 397 397 398 398 399 399 399 400 400 400 401 401 401 402 402 402 403 403 403 404 404 404 404 405 405 405 405 406 406 406 406 406 407 407 407 407 408 408 408 408 408 409 409 409 409 409 410 410 410 410 410 410 411 411 411 411 411 411 412 412 412 412 412 412 413 413 413 413 413 413
387 387 387 387 387 387 387 387 387 387 387 387 387 387 387 387 390 391 392 393 394 394 395 395 396 396 397 397 398 398 399 399 399 400 400 400 401 401 401 402 402 402 403 403 403 404 404 404 404 405 405 405 405 406 406 406 406 406 407 407 407 407 408 408 408 408 408 409 409 409 409 409 410 410 410 410 410 410 411 411 411 411 411 411 412 412 412 412 412 412 413 413 413 413
387 387 387 387 387 387 387 387 387 387 387 387 387 387 387 387 387 390 390 391 392 393 394 394 395 395 396 396 397 397 398 398 399 399 399 400 400 400 401 401 401 402 402 402 403 403 403 404 404 404 404 405 405 405 405 406 406 406 406 406 407 407 407 407 408 408 408 408 408 409 409 409 409 409 409 410 410 410 410 410 411 411 411 411 411 411 412 412 412 412 412 412 412 413
387 387 387 387 387 387 387 387 387 387 387 387 387 387 387 387 387 387 387 390 390 391 392 393 394 394 395 396 396 397 397 397 398 398 399 399 399 400 400 401 401 401 401 402 402 402 403 403 403 403 404 404 404 405 405 405 405 406 406 406 406 406 407 407 407 407 407 408 408 408 408 408 409 409 409 409 409 410 410 410 410 410 410 411 411 411 411 411 411 412 412 412 412 412
387 387 387 387 387 387 387 387 387 387 387 387 387 387 387 387 387 387 387 387 387 390 390 391 392 393 394 394 395 396 396 397 397 397 398 398 399 399 399 400 400 400 401 401 401 402 402 402 403 403 403 403 404 404 404 405 405 405 405 405 406 406 406 406 407 407 407 407 407 408 408 408 408 408 409 409 409 409 409 410 410 410 410 410 410 411 411 411 411 411 411 412 412 412
387 387 387 387 387 387 387 387 387 387 387 387 387 387 387 387 387 387 387 387 387 387 387 390 390 391 392 393 394 394 395 396 396 397 397 397 398 398 399 399 399 400 400 400 401 401 401 402 402 402 403 403 403 403 404 404 404 404 405 405 405 405 406 406 406 406 407 407 407 407 407 408 408 408 408 408 409 409 409 409 409 409 410 410 410 410 410 411 411 411 411 411 411 412
387 387 387 387 387 387 387 387 387 387 387 387 387 387 387 387 387 387 387 387 387 387 387 387 387 390 390 391 392 393 394 394 395 396 396 397 397 397 398 398 399 399 399 400 400 400 401 401 401 402 402 402 403 403 403 403 404 404 404 404 405 405 405 405 406 406 406 406 406 407 407 407 407 408 408 408 408 408 409 409 409 409 409 409 410 410 410 410 410 410 411 411 411 411
387 387 387 387 387 387 387 387 387 387 387 387 387 387 387 387 387 387 387 387 387 387 387 387 387 387 387 390 390 391 392 393 394 394 395 395 396 396 397 397 398 398 399 399 399 400 400 400 401 401 401 402 402 402 403 403 403 403 404 404 404 404 405 405 405 405 406 406 406 406 406 407 407 407 407 407 408 408 408 408 408 409 409 409 409 409 410 410 410 410 410 410 411 411
387 387 387 387 387 387 387 387 387 387 387 387 387 387 387 387 387 387 387 387 387 387 387 387 387 387 387 387 387 390 390 391 392 393 394 394 395 395 396 396 397 397 398 398 399 399 399 400 400 400 401 401 401 402 402 402 402 403 403 403 404 404 404 404 405 405 405 405 405 406 406 406 406 407 407 407 407 407 408 408 408 408 408 409 409 409 409 409 409 410 410 410 410 410
387 387 387 387 387 387 387 387 387 387 387 387 387 387 387 387 387 387 387 387 387 387 387 387 387 387 387 387 387 387 387 390 390 391 392 393 394 394 395 395 396 396 397 397 398 398 398 399 399 400 400 400 401 401 401 402 402 402 402 403 403 403 403 404 404 404 404 405 405 405 405 406 406 406 406 406 407 407 407 407 408 408 408 408 408 408 409 409 409 409 409 410 410 410
387 387 387 387 387 387 387 387 387 387 387 387 387 387 387 387 387 387 387 387 387 387 387 387 387 387 387 387 387 387 387 387 387 390 390 391 392 393 393 394 395 395 396 396 397 397 398 398 398 399 399 399 400 400 400 401 401 401 402 402 402 403 403 403 403 404 404 404 404 405 405 405 405 406 406 406 406 406 407 407 407 407 407 408 408 408 408 408 409 409 409 409 409 409
387 387 387 387 387 387 387 387 387 387 387 387 387 387 387 387 387 387 387 387 387 387 387 387 387 387 387 387 387 387 387 387 387 387 387 387 390 391 392 393 393 394 395 395 396 396 397 397 397 398 398 399 399 399 400 400 400 401 401 401 402 402 402 402 403 403 403 404 404 404 404 405 405 405 405 405 406 406 406 406 407 407 407 407 407 408 408 408 408 408 408 409 409 409
387 387 387 387 387 387 387 387 387 387 387 387 387 387 387 387 387 387 387 387 387 387 387 387 387 387 387 387 387 387 387 387 387 387 387 387 387 387 390 391 392 392 393 394 394 395 396 396 396 397 397 398 398 399 399 399 400 400 400 401 401 401 402 402 402 402 403 403 403 403 404 404 404 404 405 405 405 405 406 406 406 406 406 407 407 407 407 407 408 408 408 408 408 409
387 387 387 387 387 387 387 387 387 387 387 387 387 387 387 387 387 387 387 387 387 387 387 387 387 387 387 387 387 387 387 387 387 387 387 387 387 387 387 387 390 390 391 392 393 394 394 395 395 396 396 397 397 398 398 398 399 399 400 400 400 400 401 401 401 402 402 402 403 403 403 403 404 404 404 404 405 405 405 405 405 406 406 406 406 406 407 407 407 407 407 408 408 408
