testData/tiles/oneDegree/grid11.0-31.0-12.0-32.0.asc
ncols   200
nrows   200
xllcorner   11.0
yllcorner   31.0
cellsize   0.005
NODATA_value   -9999.0
[rows 117 to 155 of 200, columns 0 to 88 of 200]
1021 1018 1017 1015 1013 1009 1009 1010 1011 852 851 853 854 855 855 856 856 857 857 858 859 858 859 860 861 860 861 862 862 862 863 864 863 864 865 865 865 866 866 866 867 867 867 868 868 868 869 869 869 870 869 870 871 870 871 870 871 872 871 872 872 872 872 872 873 874 874 874 874 874 874 874 875 874 875 874 875 875 875 876 875 875 875 875 875 875 875 875 875
1019 1018 1017 1015 1013 1008 1009 1009 1010 850 851 851 852 854 855 854 855 856 857 857 857 858 859 859 859 860 860 861 861 861 862 863 863 863 864 864 864 865 865 865 866 866 866 867 867 867 868 868 868 869 869 869 869 870 870 870 870 870 871 871 871 871 871 872 871 872 872 872 873 873 874 873 874 874 874 874 874 874 874 874 874 874 874 874 875 874 875 874 875
1018 1018 1017 1015 1013 1007 1008 1009 1009 849 850 851 852 852 852 854 855 855 856 856 856 857 858 859 858 859 860 860 860 861 862 861 862 863 863 863 864 864 864 865 865 865 866 866 866 867 867 867 868 867 868 869 868 869 869 869 870 869 870 870 870 871 870 871 871 871 871 871 872 872 872 872 872 873 873 873 874 873 874 873 874 873 874 873 874 873 874 873 874
1019 1018 1016 1015 1013 1012 1006 1007 1008 1009 849 850 851 851 851 852 853 854 855 855 856 857 857 857 858 858 859 859 860 860 861 861 861 862 862 862 863 864 863 864 865 864 865 866 865 866 866 866 867 867 867 868 868 868 868 868 869 869 869 869 870 869 870 870 870 871 870 871 870 871 870 871 872 871 872 871 872 872 873 872 873 873 873 873 873 873 873 873 872
1018 1017 1017 1015 1013 1010 1006 1007 1007 1008 849 850 849 850 851 852 852 853 853 853 855 856 856 856 857 858 859 858 859 860 859 860 861 861 861 862 862 862 863 863 863 864 864 864 865 865 865 866 866 866 867 866 867 868 867 868 867 868 869 868 869 868 869 869 869 870 869 870 870 870 870 870 870 870 870 871 870 871 870 871 870 871 871 872 871 872 871 872 872
1018 1017 1016 1014 1012 1009 1005 1006 1007 1007 1008 848 849 849 850 851 852 851 852 853 854 854 854 856 856 857 857 858 858 859 859 859 860 860 860 861 862 861 862 863 862 863 864 863 864 864 864 865 865 865 866 866 866 866 867 867 867 867 867 868 868 868 868 868 869 868 869 869 869 870 869 870 869 870 869 870 869 870 870 870 870 870 870 870 870 870 870 871 871
1017 1016 1015 1013 1012 1009 1005 1005 1006 1007 1007 847 848 849 850 850 850 851 852 852 853 853 853 854 855 856 856 857 858 857 858 859 859 859 860 860 860 861 861 861 862 862 862 863 863 863 864 864 864 865 864 865 866 865 866 866 866 867 866 867 867 867 868 867 868 867 868 868 868 868 868 869 869 869 869 869 869 869 869 869 869 869 869 869 869 870 869 870 869
1016 1015 1015 1014 1011 1009 1004 1005 1004 1005 1006 847 847 848 849 849 849 850 851 852 851 852 853 853 853 854 855 855 856 857 857 858 858 858 859 859 859 860 861 860 861 862 861 862 863 862 863 863 863 864 864 864 865 865 865 865 865 866 866 866 866 866 866 867 867 867 867 867 868 867 868 867 868 867 868 868 868 869 868 869 868 869 868 869 868 868 868 868 868
1016 1016 1014 1013 1012 1010 1008 1003 1004 1005 1005 1006 847 848 847 848 849 849 850 850 851 851 852 853 853 853 854 855 854 855 856 856 857 858 858 858 859 859 859 860 860 860 861 861 861 862 862 862 863 863 863 864 863 864 864 864 865 864 865 866 865 866 865 866 866 866 867 866 867 866 867 867 867 867 867 867 867 867 867 867 867 867 868 867 868 867 868 867 868
1015 1015 1014 1012 1011 1008 1007 1002 1003 1004 1005 1005 846 846 847 847 848 849 849 849 850 851 851 851 852 853 853 853 854 854 855 855 855 857 857 857 858 859 858 859 860 859 860 861 860 861 861 861 862 862 862 863 863 863 863 863 864 864 864 864 864 865 865 865 865 865 865 866 865 866 866 866 866 866 867 866 867 866 867 866 867 866 867 866 867 866 867 866 867
1015 1014 1013 1012 1011 1008 1006 1002 1003 1003 1004 1004 845 845 846 847 847 847 848 849 849 850 850 850 851 852 852 852 853 854 853 854 855 855 855 856 857 857 858 858 858 859 859 859 860 860 860 861 861 861 862 861 862 862 862 863 862 863 864 863 864 863 864 865 864 865 864 865 864 865 865 865 865 865 866 865 866 865 866 865 866 866 866 866 866 866 866 866 865
1014 1013 1012 1011 1010 1008 1005 1001 1002 1003 1002 1003 1004 845 845 846 846 847 847 848 849 848 849 850 851 850 851 852 852 852 853 853 854 854 854 855 855 855 856 858 857 858 859 858 859 859 859 860 860 860 861 861 861 861 861 862 862 862 862 862 863 863 863 863 863 863 864 864 864 864 864 864 864 865 864 865 864 865 864 865 864 865 864 865 864 865 864 865 864
1013 1013 1012 1010 1009 1008 1006 1000 1000 1001 1002 1002 1003 844 845 844 845 846 847 847 847 848 848 849 850 850 850 851 852 851 852 853 852 853 854 854 854 855 855 855 856 856 857 858 858 858 859 859 859 860 859 860 860 860 861 861 861 862 861 862 861 862 863 862 863 862 863 862 863 864 863 864 863 864 863 864 863 864 863 864 864 864 864 864 864 864 864 864 864
1012 1011 1011 1011 1010 1007 1004 999 1000 1000 1001 1002 1003 843 843 844 844 845 846 846 846 847 848 848 848 849 850 850 850 851 851 852 852 852 853 853 853 854 854 854 855 855 855 856 856 857 858 858 858 859 859 859 860 859 860 860 860 861 860 861 861 861 861 861 862 862 862 862 862 862 862 862 862 862 863 863 863 863 863 863 863 863 863 863 863 863 863 862 863
835 1011 1010 1009 1008 1007 1004 1003 999 1000 1000 1001 1001 1002 842 843 844 845 844 845 846 846 847 847 848 848 849 849 849 850 851 850 851 852 851 852 853 853 853 854 854 854 855 855 855 856 856 856 857 857 858 858 858 859 859 859 859 859 860 860 860 860 860 861 860 861 861 861 862 861 862 861 862 861 862 861 862 861 862 861 862 862 862 862 862 862 862 862 862
833 1009 1009 1007 1006 1005 1003 1002 998 999 1000 999 1000 1001 842 842 843 843 844 844 845 846 845 846 847 848 847 848 849 849 849 850 850 851 851 851 852 852 852 853 853 853 854 854 854 855 855 855 856 855 856 857 857 858 858 858 859 858 859 859 859 859 859 860 859 860 860 860 860 860 861 860 861 861 861 861 861 861 861 861 861 861 861 861 861 861 861 861 861
833 1009 1008 1008 1007 1005 1003 1001 997 997 998 999 1000 1000 841 841 841 842 843 844 844 844 845 845 846 846 847 847 848 848 848 849 850 849 850 851 850 851 852 852 852 853 853 853 854 853 854 854 854 855 855 855 856 856 856 856 857 858 858 858 858 858 859 858 859 859 859 859 859 860 859 860 859 860 859 860 859 860 860 860 860 860 860 860 861 860 859 860 859
832 1009 1007 1007 1006 1005 1001 999 995 996 996 998 999 1000 839 840 841 841 842 843 843 843 844 845 844 845 846 847 846 847 848 848 848 849 849 850 850 850 851 851 851 852 852 852 853 852 853 854 853 854 854 854 855 854 855 856 855 856 855 856 858 857 858 857 858 858 858 858 858 859 858 859 858 859 859 859 859 859 859 859 859 859 859 859 859 859 859 859 859
831 1008 1008 1006 1004 1003 1002 999 994 995 996 996 996 997 999 839 840 841 840 841 842 843 843 843 844 844 845 845 845 846 847 847 847 848 849 848 849 850 849 850 851 850 851 851 851 852 852 852 853 853 853 853 854 854 854 854 855 855 855 855 855 855 855 856 857 857 857 857 857 857 858 857 858 858 858 858 858 858 858 858 858 858 858 858 858 858 858 858 858
830 1006 1006 1005 1004 1003 1001 999 993 994 995 995 995 996 997 838 838 839 840 840 841 842 842 842 843 844 843 844 845 845 845 846 846 847 847 847 848 848 848 849 850 849 850 851 850 851 852 851 852 852 852 853 852 853 854 853 854 853 854 855 854 855 854 855 854 855 856 855 857 856 857 856 857 856 857 857 857 857 857 857 857 857 857 857 857 857 857 857 857
830 1007 1005 1005 1004 1003 1001 999 998 993 993 994 995 995 996 837 837 837 838 840 840 840 841 842 842 842 843 843 844 845 844 845 846 845 846 847 847 847 848 848 848 849 849 849 850 850 850 851 851 851 851 851 852 852 852 852 853 853 853 853 853 853 854 854 854 854 854 854 854 854 855 855 856 856 856 856 856 856 856 856 856 856 856 856 856 856 856 856 856
829 1006 1005 1004 1003 1002 1000 997 996 992 993 993 994 995 994 995 836 837 837 838 838 838 840 841 841 841 842 843 843 843 844 844 844 845 845 846 846 846 847 847 847 848 848 848 849 849 849 850 849 850 851 850 851 850 851 852 851 852 851 852 853 852 853 852 853 853 853 854 853 854 853 854 853 854 853 854 853 855 855 855 855 855 855 855 855 855 855 855 854
828 1005 1004 1003 1001 1001 999 998 995 991 992 993 992 993 994 994 835 836 836 836 837 838 838 838 839 841 841 842 842 842 843 843 843 844 845 844 845 846 845 846 847 847 847 847 848 848 848 848 849 849 849 849 850 850 850 850 850 851 851 851 851 851 852 852 852 852 852 852 852 853 852 853 853 853 853 853 853 853 853 853 853 853 854 854 854 854 854 854 854
827 826 1003 1002 1002 1000 999 997 995 990 990 991 992 992 993 994 834 834 835 836 836 837 837 837 838 839 839 839 841 842 842 842 843 843 843 844 844 845 845 845 846 845 846 847 846 847 848 847 848 848 848 849 848 849 850 849 850 849 850 850 850 851 850 851 851 851 851 851 852 851 852 851 852 851 852 852 852 852 852 852 852 852 852 852 852 852 852 852 853
827 826 1002 1002 1001 1000 998 997 993 989 989 990 991 992 992 992 993 833 834 835 836 835 836 837 837 837 838 838 839 840 839 841 842 841 842 843 843 843 844 844 844 845 845 845 846 846 846 846 847 847 847 848 848 848 848 848 849 848 849 849 849 850 849 850 850 850 850 850 851 850 851 850 851 850 851 850 851 850 851 851 851 850 851 850 851 850 851 850 851
826 826 1002 1001 999 998 997 995 993 988 989 989 990 990 991 991 992 833 833 833 834 835 835 836 836 836 837 838 837 838 839 839 839 840 841 842 842 842 843 843 843 844 844 844 845 844 845 846 845 846 847 846 847 847 847 848 847 848 848 848 848 848 849 849 849 849 849 849 849 849 849 850 850 850 850 850 850 850 850 850 850 850 850 850 850 850 850 850 850
824 824 1000 1000 998 998 997 995 992 987 988 988 988 989 990 991 991 832 832 832 833 834 834 834 835 836 836 836 837 837 838 838 838 839 840 839 840 842 841 842 842 843 843 843 844 844 844 845 845 845 845 845 846 846 846 847 846 847 846 847 848 847 848 847 848 847 848 849 848 849 848 849 848 849 848 849 848 849 848 849 848 849 848 849 848 849 848 849 848
823 822 1000 999 999 997 996 995 993 990 986 987 988 988 989 990 989 990 831 832 832 833 833 833 834 835 834 835 836 836 836 837 837 838 838 838 839 840 839 840 841 841 842 843 842 843 843 843 844 844 844 845 844 845 845 845 846 845 846 846 846 846 846 847 847 847 847 847 847 847 847 847 847 848 847 848 847 848 847 848 847 848 847 848 847 848 847 848 847
822 822 998 997 997 996 994 993 991 990 985 986 987 988 987 988 989 989 830 831 831 831 832 833 833 833 834 834 835 835 835 836 837 836 837 838 838 838 839 839 839 840 840 840 841 842 842 842 843 843 843 844 843 844 844 844 845 844 845 844 845 846 845 846 845 846 845 846 846 846 846 846 847 846 847 846 847 846 847 846 847 846 847 846 846 846 846 846 846
820 820 997 996 995 995 994 992 991 989 985 985 985 986 987 987 988 989 829 829 830 830 831 832 832 832 833 834 833 834 835 835 835 836 836 837 837 837 838 837 838 839 838 839 840 839 840 840 841 842 842 842 843 843 843 843 843 843 844 844 844 844 844 845 844 845 844 845 845 845 845 845 846 845 846 845 846 845 846 845 846 845 846 845 846 845 846 845 845
820 819 819 996 994 994 993 992 989 986 983 984 984 985 986 986 987 987 828 828 829 830 829 830 831 831 832 832 832 833 834 833 834 835 835 835 836 836 836 837 837 837 838 838 838 838 839 839 839 840 839 840 842 841 842 842 842 843 842 843 843 843 843 843 844 843 844 844 844 844 844 844 844 844 844 844 844 844 844 844 845 844 845 844 845 844 844 844 844
820 819 818 995 995 992 991 990 989 985 981 982 983 984 985 985 985 986 987 827 828 828 829 829 830 831 830 831 832 832 832 833 833 834 834 834 835 835 835 836 835 836 837 837 837 838 838 838 838 838 839 839 839 839 840 840 841 841 841 842 841 842 842 842 843 842 843 842 843 842 843 843 843 843 843 843 843 843 843 843 843 843 843 843 843 843 843 843 843
818 818 817 993 993 992 990 989 988 986 980 981 981 981 982 983 985 985 986 826 826 827 828 828 828 829 830 830 831 831 831 832 833 832 833 833 833 834 834 835 835 835 836 836 836 837 836 837 838 837 838 837 838 839 838 839 839 839 839 839 841 841 841 841 841 841 841 841 842 841 842 842 842 842 842 842 842 842 842 842 842 842 842 842 842 842 842 841 842
817 817 817 992 992 991 991 989 987 984 979 979 980 981 981 982 983 983 983 825 826 826 827 827 827 828 829 828 829 830 830 830 831 831 832 832 832 833 834 833 834 834 834 835 835 835 836 836 836 836 837 837 837 837 837 838 837 838 839 838 839 838 839 838 839 840 840 841 840 841 840 841 841 841 841 841 841 841 841 841 841 841 841 841 841 840 841 840 841
816 816 816 993 991 990 989 988 986 984 983 978 979 980 981 980 981 982 982 983 824 823 825 826 827 827 827 828 828 829 829 829 830 831 830 831 831 832 832 832 833 833 833 834 834 834 835 834 835 836 835 836 836 836 836 836 837 837 837 837 837 837 838 838 838 838 838 839 838 840 839 840 839 840 839 840 839 840 839 840 839 840 840 840 840 839 839 839 839
815 814 814 991 990 989 988 987 985 983 982 978 977 978 979 979 980 981 982 981 822 823 823 824 824 825 826 827 827 827 828 828 829 829 829 830 831 830 831 832 831 832 832 832 833 833 833 833 834 834 834 835 834 835 836 835 836 835 836 836 836 837 836 837 837 837 837 837 837 837 837 837 837 838 838 839 838 839 838 839 838 839 838 839 838 839 838 838 838
815 814 813 990 990 988 987 987 985 982 980 976 977 977 978 979 979 979 980 980 821 822 823 822 823 824 824 825 826 826 827 828 827 828 829 828 829 829 830 830 830 831 831 831 832 831 832 833 832 833 833 833 834 834 834 834 834 834 835 835 835 835 835 836 835 836 835 836 836 836 836 836 836 836 836 836 836 836 836 836 837 837 837 837 837 837 837 836 837
814 814 812 811 988 987 986 985 984 982 979 975 976 976 977 977 978 978 979 980 820 820 821 821 822 823 822 823 824 824 824 825 826 827 827 827 828 829 828 829 829 829 830 830 830 831 831 831 831 832 832 832 833 832 833 833 833 834 833 834 834 834 834 834 834 835 834 835 834 835 835 835 835 835 836 835 835 835 835 835 835 835 835 835 835 835 836 835 836
811 811 812 810 987 986 986 984 983 981 978 974 974 975 975 976 977 977 978 978 979 819 820 821 820 821 822 822 823 823 823 824 825 824 825 826 827 827 827 828 828 828 829 828 829 830 829 830 830 830 831 831 831 831 832 832 832 832 832 833 832 833 832 833 833 833 834 833 834 834 834 834 834 834 834 834 834 834 833 834 833 834 833 834 833 834 833 834 833
