testData/tiles/oneDegree/grid48.0-8.0-49.0-9.0.asc
ncols   200
nrows   200
xllcorner   48.0
yllcorner   8.0
cellsize   0.005
NODATA_value   -9999.0
[rows 126 to 167 of 200, columns 0 to 93 of 200]
808 807 808 808 809 809 809 810 810 811 811 810 811 811 812 812 812 813 813 813 814 813 813 814 814 815 815 808 809 809 808 809 809 809 810 810 810 810 811 810 810 811 811 811 812 812 812 811 812 812 812 813 813 813 812 812 812 812 812 813 813 813 812 813 813 813 814 813 813 812 813 813 813 813 813 814 813 812 812 813 813 813 812 813 813 812 812 812 812 812 812 812 742 743
807 808 807 808 809 809 810 810 811 811 811 812 811 811 812 812 813 813 813 814 814 814 814 814 814 815 815 808 809 809 809 809 809 809 810 810 810 811 811 811 811 811 811 812 812 812 812 813 812 812 813 813 812 812 813 812 812 812 813 813 813 813 814 813 813 813 813 813 813 813 813 813 813 813 814 814 813 812 813 813 813 813 814 813 812 812 812 813 813 812 812 811 743 743
807 808 808 808 808 810 810 810 811 811 812 812 812 813 812 812 813 813 814 814 814 815 815 814 815 815 815 809 809 809 810 810 809 810 810 810 811 811 811 812 812 811 811 812 812 812 813 813 813 812 812 812 812 813 813 813 812 813 813 813 813 814 814 814 812 813 813 813 813 814 814 813 813 814 813 813 813 813 813 813 813 813 814 813 812 812 813 813 813 813 811 812 812 743
808 808 808 809 809 809 809 810 810 811 812 812 813 813 813 813 813 813 814 814 814 815 815 816 815 815 816 809 809 810 810 810 811 810 810 810 811 811 811 812 812 812 812 812 812 812 812 812 812 813 812 812 812 813 813 813 814 813 813 813 814 814 813 813 814 813 813 813 814 814 814 814 814 813 813 813 813 814 813 813 813 813 813 813 813 813 813 813 813 812 813 812 812 743
808 808 809 809 809 810 809 810 810 811 811 811 812 813 813 814 813 814 814 814 815 815 815 816 816 815 816 809 809 810 810 810 811 811 810 811 811 811 812 812 812 812 812 811 811 812 812 812 812 813 813 812 813 813 813 813 814 814 813 813 813 813 813 813 814 814 813 813 814 814 814 813 814 813 813 813 814 814 814 813 812 813 813 813 813 814 813 813 812 812 813 813 812 743
808 808 809 809 810 810 810 810 810 811 811 811 812 812 813 813 813 813 814 814 815 815 815 816 816 816 817 809 809 810 810 810 811 811 811 811 811 810 811 811 811 811 812 812 811 812 812 812 813 813 813 813 813 813 813 813 814 814 813 812 813 813 813 813 814 814 814 813 814 814 813 813 814 813 813 813 814 814 814 813 813 813 813 813 813 814 812 812 812 813 813 813 813 742
808 808 809 809 810 810 810 811 810 811 811 811 812 812 813 813 813 814 813 813 814 814 814 815 815 815 816 809 808 809 809 809 810 810 810 811 810 810 811 811 811 812 812 812 812 812 812 812 813 813 813 813 814 813 813 813 813 813 813 813 813 813 813 814 814 814 814 815 813 813 813 813 814 814 813 813 814 813 813 813 814 813 813 813 813 813 813 812 812 813 813 813 812 811
807 807 809 809 810 810 810 811 811 812 811 811 812 812 813 813 813 814 814 813 814 814 814 815 815 815 816 809 809 809 809 809 810 810 810 811 811 811 811 811 811 811 812 812 812 813 812 812 813 813 813 813 814 813 812 812 813 813 813 813 814 813 813 813 814 814 813 813 813 813 813 813 814 814 814 813 813 813 813 813 814 814 813 813 812 813 813 813 812 813 813 812 812 812
807 807 808 808 808 810 810 811 811 812 812 811 812 812 812 813 813 814 814 814 815 814 814 815 815 815 816 809 809 810 809 809 810 810 810 811 811 811 812 811 811 811 812 812 812 813 813 812 812 813 812 812 813 813 813 812 813 813 813 813 814 814 813 813 814 813 813 813 814 813 813 813 814 814 814 813 813 813 813 813 813 814 814 812 812 813 813 813 813 812 812 812 812 812
808 807 807 808 808 809 809 810 811 811 812 812 812 812 812 813 813 813 814 814 814 815 814 815 815 815 816 809 809 810 810 809 810 810 810 810 811 811 811 812 811 811 812 812 812 812 813 812 811 812 812 812 812 813 813 813 813 813 813 813 814 814 814 812 813 813 813 813 814 814 813 813 814 813 813 813 813 813 813 813 813 814 813 813 812 813 813 813 813 812 812 812 812 812
807 808 808 808 808 809 809 809 810 810 811 811 812 812 812 812 813 813 814 814 814 815 815 814 815 815 815 809 809 809 810 810 809 810 810 810 811 811 811 812 812 811 811 811 811 811 812 812 812 811 812 812 812 813 813 813 813 813 813 813 813 813 813 813 812 813 813 813 813 814 814 813 812 813 813 813 813 814 813 813 812 812 813 813 812 812 813 813 812 812 812 812 812 812
807 808 808 808 808 808 809 809 810 810 810 811 811 811 811 811 812 813 813 814 814 814 815 815 814 815 815 808 809 809 809 810 810 809 810 810 810 811 810 810 811 811 810 811 811 811 811 812 812 812 812 812 812 812 813 813 813 813 812 812 812 812 813 813 813 812 813 813 813 813 813 813 812 812 813 813 813 813 814 812 812 812 813 813 813 812 811 812 812 812 812 811 812 811
807 807 808 808 809 808 808 809 809 810 810 810 811 811 812 811 811 812 812 812 813 813 813 814 814 814 814 807 808 808 808 809 809 809 809 809 809 809 810 810 810 811 811 810 811 811 811 811 812 812 812 812 812 812 812 813 812 812 811 812 812 812 812 813 813 813 813 813 812 812 813 813 813 812 812 813 813 812 812 813 812 812 812 813 813 812 811 811 812 812 812 812 810 811
805 806 807 808 808 809 808 808 809 809 810 810 810 811 811 812 811 811 812 812 812 813 813 813 814 814 814 807 807 808 808 808 809 809 809 809 809 809 809 810 810 810 811 811 810 811 811 811 811 812 812 812 812 811 811 811 812 812 812 811 812 812 812 812 813 813 812 811 812 812 812 812 813 813 812 812 812 812 812 812 812 812 812 812 811 812 812 811 811 812 812 811 811 810
805 805 806 806 807 808 809 808 808 809 809 810 810 810 811 811 812 812 811 812 812 812 813 813 813 814 814 806 807 807 808 808 808 808 809 809 808 809 809 809 810 810 810 811 811 810 810 811 811 811 811 811 811 810 811 811 811 812 812 812 811 812 812 812 811 812 812 812 811 812 812 812 812 813 812 811 811 812 812 812 812 812 812 811 811 811 812 812 811 811 811 811 811 811
804 805 805 806 806 807 807 807 808 808 809 809 810 810 810 811 811 811 812 811 812 812 812 813 813 813 814 807 806 807 807 807 808 808 808 809 809 808 809 809 809 810 810 810 811 811 809 809 810 810 810 811 811 811 810 811 811 811 811 812 812 811 811 811 811 811 812 812 811 811 812 812 812 811 812 811 811 811 811 812 812 811 810 811 811 811 811 812 811 810 810 810 811 811
804 804 805 805 806 806 806 807 807 808 807 808 808 809 810 810 811 811 811 812 811 811 812 812 813 813 813 807 807 806 807 807 807 808 808 808 809 809 808 809 809 809 808 809 809 809 809 809 809 810 810 810 810 811 810 810 811 811 811 811 811 811 810 810 811 811 811 811 812 811 811 810 811 811 811 811 811 811 811 811 811 811 811 810 810 811 811 810 810 810 810 810 810 810
803 804 804 804 805 805 806 806 807 807 808 807 807 808 808 809 809 809 810 810 811 811 811 812 812 812 813 806 806 807 806 806 807 807 807 807 807 807 808 807 807 808 808 808 809 809 809 808 809 809 809 810 810 810 810 810 810 809 810 810 810 810 811 810 810 810 811 811 811 810 810 810 810 810 811 811 811 810 810 810 810 810 811 811 810 810 809 810 810 810 809 810 810 809
803 803 803 804 804 805 805 806 806 806 807 807 807 807 807 808 808 809 809 809 810 810 810 810 810 811 811 804 805 805 805 805 805 805 806 806 806 807 807 807 807 807 807 808 808 808 809 809 808 809 809 809 809 810 810 809 809 809 809 809 810 810 810 810 810 810 810 809 810 810 810 809 810 810 810 810 811 810 809 809 810 810 810 810 811 809 809 809 809 810 810 808 808 809
801 802 802 803 803 804 804 805 805 806 806 806 807 806 807 807 808 808 808 809 809 810 810 809 810 810 810 804 804 804 805 805 804 805 805 806 806 806 806 807 807 806 807 807 807 808 808 808 809 808 808 809 808 808 808 809 809 808 808 809 809 809 810 810 810 808 809 809 809 809 810 810 809 809 810 809 809 809 810 809 809 809 810 809 809 808 809 809 809 809 808 809 808 808
801 801 802 802 801 802 802 804 804 805 805 806 806 807 806 806 807 807 808 808 808 809 809 810 809 809 810 803 803 804 804 804 805 804 804 805 805 805 806 806 806 807 806 806 807 807 807 808 807 807 807 807 807 807 808 808 808 809 808 808 808 809 809 808 809 809 808 808 809 809 809 809 810 808 808 808 809 809 809 809 809 809 808 808 808 809 808 808 808 808 808 808 807 808
800 800 801 801 801 801 801 802 802 803 803 805 805 806 806 805 806 806 807 807 808 808 808 809 809 808 809 802 803 803 803 804 804 804 804 804 804 805 805 805 806 806 806 806 805 805 806 806 806 807 807 806 806 807 807 807 808 808 808 807 808 807 807 808 808 808 807 808 808 808 808 809 808 808 807 808 808 808 808 809 807 807 807 808 808 808 808 808 807 807 807 807 808 807
800 800 800 800 800 801 800 801 801 802 802 803 803 804 804 805 804 805 806 806 807 807 807 808 808 809 808 801 802 802 802 803 803 804 804 803 804 804 803 804 804 804 805 805 804 805 805 805 806 806 806 806 806 806 806 807 807 807 806 807 806 806 807 807 807 807 808 807 807 807 807 807 807 808 807 807 807 808 808 807 807 807 807 807 807 807 807 807 806 806 807 807 807 806
800 800 800 800 800 800 800 800 800 801 801 802 802 803 803 803 804 803 804 804 805 805 805 806 806 807 807 799 800 800 801 801 801 802 802 802 802 802 802 803 803 803 804 804 804 804 804 804 805 805 805 806 806 805 806 806 805 805 806 806 806 806 806 806 806 807 807 807 805 806 806 806 807 807 807 806 807 806 806 806 807 807 806 806 807 806 806 806 805 806 806 806 805 806
799 799 800 800 800 800 800 800 799 800 800 800 801 801 802 802 803 803 803 803 804 804 804 805 805 806 806 799 799 799 800 800 800 801 801 801 802 801 801 802 802 802 803 803 803 804 803 803 804 804 804 805 805 804 804 804 804 805 805 805 805 806 805 805 806 806 805 805 806 805 805 805 806 806 806 806 805 805 805 806 806 806 806 805 805 805 805 805 806 805 804 804 805 805
799 799 799 799 799 799 800 800 800 799 799 799 800 800 801 801 802 802 802 802 802 803 803 804 804 804 805 798 799 798 798 799 799 800 800 800 801 801 800 801 801 801 802 802 803 803 803 803 803 802 802 803 803 803 804 803 803 804 804 804 805 805 804 804 804 804 804 805 805 805 804 805 805 805 804 805 805 804 804 805 805 805 804 805 804 804 804 805 805 804 803 804 804 804
799 799 799 799 799 799 799 799 799 799 799 799 799 799 799 800 800 801 801 802 801 802 802 802 803 803 804 797 797 798 797 798 798 798 799 799 800 800 800 800 800 800 801 801 801 801 801 800 801 801 801 802 802 802 803 803 802 803 803 803 804 803 803 802 803 803 803 804 804 804 804 804 803 803 804 804 804 804 804 804 803 803 804 804 803 803 804 804 803 803 804 803 803 803
800 799 799 799 799 799 799 799 799 799 799 798 798 798 798 798 799 799 800 800 801 800 801 801 802 802 802 796 796 797 797 796 797 797 798 798 798 799 799 799 798 798 799 799 799 800 800 800 800 800 800 801 801 801 802 802 801 802 802 801 802 802 802 802 802 802 802 803 803 803 802 802 802 802 803 803 803 803 803 802 802 802 803 803 803 802 802 802 802 802 803 802 802 801
800 800 799 799 799 799 799 799 799 799 799 799 798 798 798 798 798 798 798 798 798 799 798 799 799 800 800 793 794 794 795 795 795 795 795 796 796 797 797 797 798 797 797 798 798 798 799 799 800 799 799 800 800 800 801 801 800 800 800 800 800 801 801 801 802 801 801 802 801 801 801 802 801 801 802 802 802 801 802 801 801 801 802 802 802 801 801 801 801 801 802 802 800 800
799 799 799 799 799 799 799 799 799 799 799 799 799 798 798 798 798 798 798 798 798 798 798 797 798 798 798 792 792 793 793 794 794 794 794 794 795 795 796 796 796 797 796 796 797 797 798 798 798 799 798 798 798 798 798 799 799 799 799 799 799 800 800 800 801 801 799 799 800 800 800 801 801 800 800 800 800 800 801 801 800 800 801 800 800 800 801 800 800 800 800 800 800 799
799 799 799 799 798 798 799 799 799 799 799 799 799 799 798 798 798 798 798 798 798 798 798 798 797 797 797 790 791 791 792 792 793 793 792 793 793 794 794 795 795 795 796 795 795 796 796 797 797 796 797 796 796 797 797 797 798 798 798 798 798 798 799 798 798 799 798 798 799 799 799 799 800 800 798 799 799 799 799 800 800 799 799 799 799 799 800 799 799 798 799 799 799 799
799 799 799 799 799 798 798 798 798 798 798 799 799 799 799 798 798 798 798 798 798 798 798 798 798 797 797 790 790 790 790 790 791 791 792 791 792 792 793 793 793 794 794 794 793 793 794 794 794 795 795 796 795 795 796 796 796 797 797 797 797 796 796 797 797 797 798 797 797 798 798 798 797 798 797 797 798 798 798 799 798 797 797 798 798 798 798 799 797 797 797 798 798 798
799 799 799 799 799 799 798 798 798 798 798 798 798 798 798 798 797 797 798 798 798 798 798 798 798 798 797 790 790 790 790 790 790 790 790 790 790 789 790 790 791 791 792 792 791 792 792 793 793 793 794 794 794 794 794 795 795 795 795 795 794 795 795 795 796 796 796 797 796 796 796 796 796 796 797 796 796 797 796 796 797 797 796 796 797 797 796 796 797 796 796 797 797 796
799 799 799 799 799 799 799 798 798 798 798 798 798 798 798 798 798 797 797 797 797 797 797 797 797 797 797 789 789 789 789 789 789 789 789 789 788 788 788 788 789 789 790 790 791 790 790 791 791 792 792 792 793 792 793 792 792 793 793 793 794 793 793 794 794 795 795 794 794 794 794 794 795 795 795 796 795 794 795 795 795 795 796 795 794 795 795 795 795 795 795 794 795 795
758 798 798 799 799 799 799 799 798 798 798 798 798 798 798 798 798 798 797 797 797 797 797 797 797 797 797 790 789 789 789 789 789 789 789 789 789 788 788 788 788 788 788 788 789 789 789 789 789 790 790 791 790 791 790 790 791 791 791 792 792 793 792 792 793 792 792 793 793 793 793 793 793 794 794 793 794 793 793 793 794 794 794 794 793 793 793 794 794 794 793 793 793 793
758 758 758 758 758 798 798 798 799 798 798 798 798 798 798 798 798 798 798 797 797 797 797 797 797 797 797 790 790 789 789 789 789 789 789 789 789 789 788 788 788 788 788 788 788 788 788 786 787 787 787 788 788 789 789 788 789 789 790 790 790 791 791 790 790 790 791 791 791 792 791 791 792 791 791 792 792 791 792 792 792 792 792 792 791 792 792 792 792 792 792 791 792 792
758 758 758 758 758 758 758 758 758 798 797 797 797 798 798 798 798 798 798 798 797 797 797 797 797 797 797 790 790 790 789 789 789 789 789 789 789 789 789 788 788 788 787 787 787 787 787 787 786 786 786 786 786 787 787 787 787 787 788 788 788 788 788 789 788 788 789 789 790 790 790 789 789 789 790 790 790 791 790 789 790 790 790 791 791 790 790 790 790 790 791 791 790 789
758 758 758 758 758 758 758 758 758 758 758 757 757 797 797 797 797 797 797 797 797 796 797 797 797 797 797 790 790 790 790 789 789 788 788 788 788 788 788 788 787 787 787 787 787 787 787 787 787 786 786 786 786 786 786 786 786 784 785 785 785 786 786 787 786 786 787 787 788 787 787 788 787 787 788 788 788 789 788 788 788 788 788 789 789 788 788 788 788 789 789 789 788 788
758 758 758 758 758 758 758 758 758 758 758 758 757 757 757 757 757 757 797 797 797 797 796 796 796 796 796 789 789 789 789 789 788 788 788 788 788 788 788 788 788 787 787 787 787 787 787 787 787 786 786 786 786 786 785 785 785 784 784 784 784 784 784 785 785 784 784 784 785 785 785 786 786 785 786 786 786 786 786 787 786 786 787 787 786 787 786 786 787 787 787 787 787 786
758 758 757 757 757 758 758 758 758 758 758 758 758 757 757 757 757 757 757 757 757 757 757 796 796 796 796 789 789 789 789 789 789 788 788 788 788 788 788 788 788 788 787 787 787 787 787 787 787 787 785 785 785 785 785 785 785 785 784 784 784 784 784 784 783 783 782 782 782 783 783 784 784 783 783 783 783 784 784 785 784 784 784 784 784 785 785 784 785 784 784 785 785 785
758 758 758 757 757 757 757 757 757 757 758 758 758 758 757 757 757 757 757 757 757 757 757 757 756 756 756 749 789 789 789 789 789 788 788 788 788 788 788 788 788 788 787 787 787 786 786 786 786 786 786 785 785 785 785 785 785 785 785 784 784 783 783 783 783 783 783 782 782 782 782 782 781 781 780 781 781 782 782 782 782 781 782 782 782 783 783 783 782 782 782 783 783 783
758 758 758 758 757 757 757 757 757 757 757 757 757 757 757 756 756 757 757 757 757 757 757 757 757 756 756 749 749 749 749 749 749 789 788 788 788 788 787 787 787 787 787 786 786 786 786 786 786 786 786 786 785 785 785 785 785 785 784 784 783 783 783 783 783 783 783 782 782 782 781 781 781 781 781 780 780 780 779 779 779 780 779 780 780 780 780 780 779 780 780 781 781 780
