testData/costs/testSurfaceCost.asc
ncols   1000
nrows   1000
xllcorner   0
yllcorner   0
cellsize   0.05
NODATA_value   -9999
[rows 450 to 494 of 1000, columns 288 to 383 of 1000]
111 111 110 123 123 123 124 126 127 129 129 131 132 133 135 136 133 135 136 148 148 150 151 151 152 153 154 155 155 156 146 146 146 147 148 148 148 149 136 136 136 136 137 137 137 137 137 137 137 137 137 137 156 158 173 174 175 175 176 176 176 177 147 147 146 146 146 146 144 145 145 143 143 144 142 142 166 166 166 189 174 172 171 169 168 150 150 150 150 150 150 149 150 149 141 141
84 84 84 97 97 99 101 104 106 109 110 111 113 115 116 118 119 134 136 148 149 150 151 152 152 153 154 155 156 156 146 146 146 147 147 148 149 149 136 136 137 137 137 137 137 138 138 138 142 144 143 144 145 146 178 179 180 181 180 181 180 151 151 150 150 149 149 148 148 148 147 147 160 160 159 159 184 184 183 183 192 191 190 189 173 172 171 155 154 150 150 149 149 149 149 141
84 84 97 97 97 99 102 104 107 108 111 112 114 115 116 118 119 120 137 138 149 150 151 152 153 153 154 154 156 146 146 146 147 147 147 148 148 148 150 137 137 137 137 138 138 142 144 145 147 146 147 149 149 150 165 166 183 183 183 183 184 154 152 153 153 153 153 151 151 166 164 164 164 163 162 161 187 185 185 184 184 195 194 178 176 178 176 175 174 172 156 154 150 150 150 141
84 84 97 97 98 100 103 105 107 109 111 112 114 116 117 118 120 120 121 138 150 150 151 153 153 154 154 155 155 146 146 147 147 147 148 148 148 149 149 137 137 137 137 142 145 147 148 150 149 151 152 153 153 154 169 169 169 169 169 186 186 157 156 156 155 155 154 168 167 167 167 166 165 166 165 165 189 189 188 187 186 198 182 181 180 181 179 179 178 178 175 175 158 155 149 141
84 97 97 97 99 101 103 105 107 109 111 113 114 116 117 118 120 121 122 122 150 151 151 152 154 154 155 155 156 146 147 147 147 148 148 148 149 149 149 137 141 144 146 148 150 151 153 152 153 154 155 155 156 157 171 171 171 172 172 171 157 157 158 158 158 170 170 170 171 169 169 169 167 168 167 167 191 191 190 190 189 181 184 185 184 183 184 183 182 181 179 179 177 176 147 147
84 97 97 97 99 102 103 106 108 110 111 113 115 116 118 118 119 121 122 123 123 136 152 152 153 155 155 156 146 146 146 146 148 148 148 149 149 149 154 157 147 149 150 153 154 155 154 155 156 156 157 158 158 172 172 173 173 174 174 174 157 157 157 157 157 173 173 172 171 172 171 170 170 170 169 169 193 194 192 181 181 181 181 187 186 187 186 185 185 184 184 183 182 180 159 167
84 97 97 98 100 102 104 106 108 109 112 113 115 116 117 119 120 121 122 123 124 160 152 153 153 154 154 146 146 146 146 147 147 147 149 149 153 157 160 162 151 152 154 156 157 156 156 157 158 159 159 159 159 174 174 175 175 175 175 157 157 157 160 158 158 158 158 158 158 174 173 172 172 172 171 170 195 195 181 181 181 181 181 181 189 189 188 189 188 187 186 186 185 184 163 170
84 97 97 99 101 103 105 106 109 110 112 113 114 116 117 118 120 157 158 159 160 161 172 174 175 190 155 146 146 146 146 147 147 148 148 155 159 162 164 165 154 156 157 158 157 158 159 160 160 161 161 162 162 177 177 177 178 177 176 157 157 161 160 160 159 160 159 159 159 158 158 158 157 157 172 172 183 182 181 181 181 181 181 181 181 191 191 191 190 189 189 188 187 167 166 174
97 97 97 99 101 103 105 107 108 110 112 114 115 117 118 119 156 157 158 159 160 161 162 162 164 164 165 146 146 146 147 147 147 153 157 159 162 164 166 168 156 157 158 159 158 160 160 161 162 162 163 163 164 178 179 179 178 179 163 163 162 162 162 162 162 161 160 160 160 159 159 159 157 158 156 156 166 166 166 166 166 182 182 182 181 182 181 193 192 193 191 191 190 169 169 175
97 97 97 100 102 104 105 107 108 111 112 113 115 116 118 155 156 158 158 159 160 161 162 163 163 165 165 166 146 146 146 151 156 159 161 164 165 167 169 170 158 159 160 159 161 161 162 163 163 164 164 165 165 180 179 179 180 180 164 165 164 163 163 163 162 162 163 162 161 161 161 159 156 156 156 156 168 168 167 167 167 167 167 167 167 167 167 167 177 177 176 175 165 165 165 165
97 97 98 100 102 104 106 107 109 110 112 113 115 116 153 155 156 157 159 159 160 161 162 163 163 164 165 166 166 146 146 156 159 162 165 166 168 169 171 172 160 159 161 162 162 163 164 164 165 165 166 166 166 180 181 181 181 166 166 165 165 165 165 164 164 164 164 162 162 162 156 156 156 156 156 156 156 169 169 168 168 168 168 168 168 167 168 167 167 178 178 177 165 165 165 165
97 97 99 101 103 105 106 108 109 110 112 114 115 153 154 154 156 157 158 159 160 161 161 163 164 164 165 165 171 175 146 146 147 164 166 168 170 172 173 174 160 162 163 163 164 165 165 166 166 166 167 168 168 183 183 182 166 166 166 166 166 167 166 166 165 165 164 164 156 156 156 156 156 156 156 156 156 170 171 170 170 169 169 170 169 169 169 169 168 168 168 165 165 165 165 166
97 97 99 101 103 105 107 108 109 111 112 113 115 152 154 155 155 157 158 159 160 161 162 162 164 164 165 169 175 179 146 148 150 152 153 155 172 173 174 173 162 162 163 164 164 165 166 167 168 168 169 169 169 184 184 184 168 168 167 167 168 167 167 167 167 156 156 156 156 156 156 156 156 156 156 156 156 171 172 171 172 170 171 171 170 171 171 170 170 170 169 165 165 165 165 168
97 97 99 102 104 105 107 108 110 111 112 113 115 152 153 155 156 156 158 159 160 161 162 162 163 164 171 175 179 181 148 150 152 154 155 156 158 159 159 159 157 164 164 165 166 166 168 168 169 169 170 170 171 185 184 169 169 169 169 169 156 156 156 156 156 156 156 156 156 156 156 156 156 156 156 156 156 173 172 172 172 172 171 172 172 172 171 171 171 171 165 165 165 165 165 170
97 97 100 102 104 106 107 109 110 111 112 113 114 152 153 154 156 157 157 159 160 160 162 163 163 171 174 179 181 183 151 152 155 156 158 160 161 160 161 162 157 157 157 157 157 157 157 157 157 157 157 157 157 170 156 156 156 156 156 156 156 156 156 156 156 156 156 156 156 156 156 156 156 156 156 156 156 175 173 174 173 174 172 173 173 173 172 174 172 173 165 165 165 165 165 165
97 98 100 102 104 106 107 109 110 111 112 113 151 151 153 154 155 157 158 158 160 163 161 162 170 175 179 182 184 187 153 154 156 157 159 159 159 161 162 164 157 157 157 157 157 157 157 157 157 157 157 157 157 156 156 156 156 156 156 156 156 156 156 156 156 156 156 156 156 156 156 156 156 156 156 156 156 156 174 175 174 175 173 175 174 174 174 175 173 165 165 165 165 165 165 165
97 98 100 103 104 106 108 109 110 111 113 114 115 152 152 154 155 156 158 158 159 161 161 170 174 179 181 184 186 188 153 156 159 160 160 161 162 162 163 164 157 157 157 157 157 157 157 157 157 157 157 157 158 156 156 156 156 156 156 157 156 156 156 156 156 156 156 156 156 156 156 156 156 156 156 156 156 156 175 176 175 176 174 175 175 174 175 175 174 165 165 165 165 165 165 165
97 98 101 103 105 106 108 109 110 112 113 114 115 152 153 153 155 156 157 158 159 160 170 174 177 180 182 187 188 191 156 158 158 159 161 162 163 164 166 166 157 157 157 157 157 157 157 157 157 158 158 158 144 156 156 157 157 157 156 156 157 157 156 156 156 156 156 156 156 156 156 156 156 156 156 156 156 156 176 176 176 176 176 176 177 175 177 176 165 165 165 165 165 184 183 183
97 99 101 103 105 106 108 109 111 112 113 114 115 152 153 154 154 156 157 158 159 169 172 176 180 183 186 188 190 192 157 158 159 160 162 162 163 166 167 167 157 157 157 158 157 158 158 159 157 158 158 144 144 157 157 158 158 157 157 157 158 157 157 156 156 156 156 156 156 156 156 156 156 156 156 156 156 156 178 177 178 177 176 177 177 177 177 177 185 187 185 186 184 185 183 184
97 99 101 103 105 107 108 109 111 112 113 114 115 152 153 154 154 155 157 159 167 172 175 179 182 185 188 189 192 192 157 160 161 162 164 165 165 167 168 168 157 157 157 158 158 159 158 159 159 159 144 144 144 158 157 157 158 158 158 158 157 157 158 157 156 156 156 156 156 156 156 156 156 156 156 156 156 156 156 178 179 177 176 178 177 207 206 187 186 188 186 187 185 186 184 184
97 99 101 103 105 107 108 109 111 112 113 114 115 116 153 154 154 155 157 166 170 174 178 181 184 186 189 190 192 158 158 160 161 163 165 166 166 168 169 169 157 158 159 159 159 160 160 160 160 144 144 144 144 158 158 158 158 159 158 158 158 158 157 157 157 157 156 156 156 156 156 156 156 156 156 156 156 156 156 179 178 178 207 208 206 208 188 188 187 189 187 187 186 186 185 185
97 99 101 103 105 107 108 109 111 112 113 114 115 116 117 154 155 156 163 169 173 177 180 182 187 186 189 190 158 159 160 162 163 164 166 167 167 169 171 171 158 160 160 161 161 161 161 160 144 144 144 144 144 158 159 159 158 158 159 159 159 158 158 158 156 156 156 156 156 156 156 156 156 156 156 156 156 156 156 179 208 208 208 208 207 208 189 188 189 188 188 188 187 187 186 186
97 99 101 103 105 107 108 109 111 112 113 114 115 116 117 118 156 161 167 172 175 178 180 183 185 186 190 156 158 159 160 162 164 165 167 167 168 170 171 171 159 160 160 160 161 161 144 144 144 144 144 146 147 158 158 159 159 159 159 159 159 159 159 158 157 157 157 157 156 156 156 156 156 156 156 156 156 183 183 182 209 208 208 208 208 190 189 189 190 189 188 188 187 187 186 186
78 99 101 103 105 107 108 109 111 112 113 114 115 116 117 119 124 165 171 172 175 179 181 183 186 189 156 156 159 160 162 164 165 166 168 169 170 172 172 172 160 161 162 162 162 144 144 144 144 144 144 145 146 160 159 159 160 159 159 159 159 159 159 159 158 158 158 158 157 157 157 156 156 156 156 184 184 183 184 183 210 208 209 209 190 190 189 190 190 190 189 189 188 188 187 186
78 80 101 103 105 107 108 109 111 112 113 114 115 116 117 117 125 131 135 138 141 144 147 148 152 153 156 157 160 161 162 165 166 167 168 169 170 172 172 160 160 160 161 162 144 144 144 144 144 144 144 147 146 161 159 159 159 159 160 159 159 159 159 158 158 158 158 158 157 157 157 156 156 156 185 185 185 184 185 183 210 209 209 191 190 191 190 190 190 191 189 189 188 188 187 187
76 78 99 101 103 105 106 107 109 110 111 112 113 114 116 123 128 133 137 141 143 145 148 150 153 154 157 158 161 162 163 165 167 168 170 171 172 172 173 161 161 162 144 144 144 144 144 144 144 144 144 147 146 160 160 160 160 159 159 159 160 160 160 159 159 159 159 159 158 158 158 157 186 186 186 186 186 184 184 184 184 210 208 191 190 192 190 190 190 190 190 190 189 189 187 188
76 78 80 101 103 104 106 107 109 110 111 112 113 115 120 127 131 135 138 142 144 148 149 151 154 156 158 159 160 163 165 167 168 168 170 171 171 173 174 162 162 144 144 144 144 144 144 144 144 144 144 147 148 161 161 160 160 160 160 160 160 160 160 160 160 160 160 160 159 159 188 187 187 187 186 186 185 185 186 186 186 210 191 191 191 191 191 191 190 191 190 189 189 188 188 187
76 77 80 82 103 104 106 107 108 110 111 112 113 115 124 129 133 137 141 142 145 149 150 152 155 157 158 161 162 164 165 167 167 170 172 172 172 173 161 144 144 144 144 144 144 144 144 144 144 144 144 148 148 161 161 161 160 160 160 161 161 161 160 160 160 160 160 159 159 188 188 187 187 187 186 187 186 187 185 185 185 185 191 191 191 191 191 190 190 190 190 190 189 188 188 187
76 77 79 82 83 104 106 107 108 109 111 112 114 121 126 131 135 139 142 144 147 150 151 154 156 158 160 162 163 165 166 167 169 170 171 172 173 144 144 144 144 144 144 144 144 144 144 144 144 144 144 148 148 162 161 161 162 161 161 161 161 161 161 161 161 161 161 189 189 189 189 188 188 187 187 187 187 187 187 187 185 185 191 191 191 191 191 191 191 190 190 189 190 189 189 187
76 77 79 81 83 85 105 107 108 109 110 111 118 123 129 133 136 140 143 146 148 151 153 155 156 159 161 162 164 166 167 168 170 170 171 144 144 144 144 144 144 144 144 144 144 144 144 144 144 144 149 149 148 163 163 162 162 161 162 162 162 161 161 161 161 161 189 189 189 189 188 188 188 187 187 187 188 188 188 185 185 185 185 192 191 191 192 191 191 190 190 189 190 188 188 187
76 76 79 81 83 85 86 107 108 109 110 112 120 125 131 134 138 141 143 147 149 152 154 156 158 160 161 164 165 166 168 170 142 142 143 144 145 144 144 144 144 144 144 144 144 144 144 144 144 144 144 150 150 150 163 162 163 163 162 162 161 161 162 162 162 191 190 190 190 190 189 189 189 188 188 187 187 188 185 185 185 185 185 190 192 191 191 191 192 190 189 189 189 189 187 187
73 73 78 81 83 84 86 87 108 109 110 116 123 128 132 135 140 141 145 148 150 152 155 157 159 160 163 164 166 142 142 142 142 143 143 144 146 144 144 144 144 144 144 144 144 144 144 144 144 144 144 150 150 150 164 164 163 163 163 162 162 162 162 162 191 190 190 190 190 189 189 189 188 188 188 187 187 185 185 185 185 185 185 185 191 191 190 190 190 191 189 189 189 188 188 215
73 73 73 73 73 73 86 87 88 109 110 119 125 130 133 138 140 142 146 148 151 153 155 158 160 142 142 142 142 142 142 142 143 144 145 146 144 144 144 144 144 144 144 144 144 144 144 144 144 144 144 150 151 151 164 164 164 164 162 162 162 162 162 192 192 191 191 191 191 190 190 190 189 189 188 187 185 185 185 185 185 185 185 185 190 191 190 191 190 190 190 189 189 217 215 215
73 73 73 73 73 73 73 73 73 73 84 92 96 101 105 108 111 114 117 118 122 124 126 128 142 142 142 142 142 142 142 142 143 144 145 146 144 144 144 144 144 144 144 144 144 144 144 144 144 144 144 152 151 151 165 164 163 163 162 163 163 163 192 192 191 191 191 191 190 190 190 189 189 189 188 185 185 185 185 185 185 185 185 185 185 190 191 190 190 189 189 189 217 216 216 214
73 73 73 73 73 73 73 73 73 73 73 73 97 101 105 109 111 115 130 132 134 137 139 141 143 145 146 149 150 152 153 143 144 145 147 144 144 144 144 144 144 144 144 144 144 144 144 144 144 144 144 151 151 151 164 164 163 164 164 163 163 192 192 191 191 191 192 191 191 191 191 189 189 185 185 185 185 185 185 185 185 185 185 185 185 189 191 190 189 189 189 216 216 215 215 214
73 73 73 73 73 73 73 73 73 73 73 75 79 102 106 110 124 128 129 133 135 136 139 141 143 145 147 149 150 153 154 155 157 146 146 144 144 144 144 144 144 144 144 144 144 144 144 144 144 144 144 152 151 151 151 165 164 164 164 163 192 192 192 192 192 192 192 191 191 191 190 190 185 185 185 185 185 185 185 185 185 185 185 185 185 185 189 190 190 189 189 216 215 215 214 214
73 73 73 73 73 73 73 73 73 73 73 76 81 84 118 122 124 128 130 133 135 138 140 141 144 145 148 149 152 152 154 156 156 158 147 144 144 144 144 144 144 144 144 144 144 144 144 144 144 144 144 152 151 152 151 165 165 164 165 193 192 192 192 192 192 192 191 191 191 190 190 185 185 185 185 185 185 185 185 185 185 185 185 185 185 185 185 189 188 189 217 216 215 215 214 213
73 73 73 73 73 73 73 73 73 73 73 77 93 96 99 103 125 128 131 133 135 138 139 142 144 145 148 149 152 153 155 156 157 184 147 148 148 144 144 144 144 144 144 144 144 144 144 144 144 144 144 144 152 152 151 165 166 165 193 192 192 192 192 192 192 192 192 192 192 185 185 185 185 185 185 185 185 185 185 185 185 185 185 185 185 185 185 189 188 188 187 216 214 213 213 212
73 73 73 73 73 75 77 79 84 91 98 114 118 121 124 128 130 153 154 157 160 162 164 167 168 170 172 174 175 177 179 181 182 173 173 172 173 173 162 161 162 161 163 162 163 163 162 163 162 162 162 162 175 175 174 189 189 217 217 216 216 217 217 216 216 216 216 216 185 185 185 185 185 185 185 185 185 185 185 185 185 185 185 185 185 185 185 185 188 187 187 214 215 213 213 211
73 73 73 73 73 75 76 78 86 92 110 113 119 122 125 127 130 133 136 158 159 162 165 167 169 171 173 175 177 178 180 181 173 173 173 174 173 174 175 163 163 163 163 163 164 163 163 163 162 163 162 162 175 176 175 175 218 217 218 217 217 217 216 216 216 216 197 196 196 196 195 195 195 194 194 193 193 193 192 191 185 185 185 185 185 185 185 185 185 186 188 186 214 212 211 211
73 73 73 73 73 76 78 79 90 107 114 117 122 125 128 132 134 139 141 143 146 168 169 196 175 176 179 179 182 183 185 174 174 176 177 177 178 179 178 179 168 168 168 167 167 167 168 168 168 168 166 166 166 180 179 207 221 221 221 218 218 218 217 217 198 197 197 197 197 196 195 195 194 194 194 193 193 192 192 191 190 189 188 188 188 186 186 185 185 186 186 186 186 212 211 210
73 73 75 75 76 79 81 87 106 113 117 121 125 129 133 136 139 166 169 172 175 176 179 200 202 204 206 208 209 211 187 177 177 178 180 180 181 182 182 182 182 171 172 171 171 171 171 169 170 171 170 171 170 183 182 212 224 224 223 222 222 222 203 203 202 201 201 201 199 199 198 197 197 196 195 193 192 192 191 191 190 190 188 187 188 187 185 184 184 183 209 209 208 206 206 209
73 73 77 78 78 80 82 102 110 114 120 125 128 132 159 163 165 170 172 175 176 179 182 183 185 186 207 210 212 214 202 203 205 181 182 183 183 184 185 186 184 184 172 173 174 173 173 173 173 173 172 172 171 171 214 214 212 226 226 206 206 206 205 205 204 204 204 202 202 202 200 200 200 198 198 196 196 193 193 191 191 189 189 187 187 187 186 184 183 182 182 207 207 206 206 205
73 73 73 79 80 81 83 104 112 117 121 125 153 159 162 165 168 170 172 175 179 181 183 185 186 189 191 192 194 201 203 204 205 207 207 183 184 185 185 185 186 187 174 175 174 175 176 174 174 174 174 174 173 203 215 215 196 209 209 208 207 207 207 206 206 205 205 204 204 203 202 202 201 200 199 198 198 197 196 194 192 192 190 189 187 185 185 184 183 182 182 181 205 205 205 205
73 73 73 81 81 81 95 105 113 118 122 152 155 160 162 166 168 171 174 176 179 181 183 185 187 190 191 193 181 183 184 186 187 207 208 209 185 185 186 186 186 186 187 176 175 176 175 174 174 174 175 174 173 185 183 196 196 210 209 208 208 208 208 207 206 206 206 205 204 204 203 202 202 201 200 200 198 198 196 196 193 192 191 190 188 187 185 184 182 181 180 180 204 205 205 267
